state_0,state_1,state_2,state_3,state_4,state_5,state_6,state_7,state_8,state_9,state_10,state_11,state_12,state_13,state_14,state_15,state_16,state_17,state_18,state_19,state_20,state_21,state_22,state_23,state_24,state_25,state_26,state_27,state_28,state_29,state_30,state_31,state_32,state_33,state_34,state_35,state_36,state_37,state_38,state_39,state_40,state_41,state_42,state_43,state_44,state_45,state_46,state_47,state_48,state_49,state_50,state_51,state_52,state_53,state_54,state_55,state_56,state_57,state_58,state_59,state_60,state_61,state_62,state_63,state_64,state_65,state_66,state_67,state_68,state_69,state_70,state_71,state_72,state_73,state_74,state_75,state_76,state_77,state_78,state_79,state_80,state_81,state_82,state_83,state_84,state_85,state_86,state_87,state_88,state_89,state_90,state_91,state_92,state_93,state_94,state_95,state_96,state_97,state_98,state_99,state_100,state_101,state_102,state_103,state_104,state_105,state_106,state_107,state_108,state_109,state_110,state_111,state_112,state_113,state_114,state_115,state_116,state_117,state_118,state_119,state_120,state_121,state_122,state_123,state_124,state_125,state_126,state_127,state_128,state_129,state_130,state_131,state_132,state_133,state_134,state_135,state_136,state_137,state_138,state_139,state_140,state_141,state_142,state_143,state_144,state_145,state_146,state_147,state_148,state_149,state_150,state_151,state_152,state_153,state_154,state_155,state_156,state_157,state_158,state_159,state_160,state_161,state_162,state_163,state_164,state_165,state_166,state_167,state_168,state_169,state_170,state_171,state_172,state_173,state_174,state_175,state_176,state_177,state_178,state_179,state_180,state_181,state_182,state_183,state_184,state_185,state_186,state_187,state_188,state_189,state_190,state_191,state_192,state_193,state_194,state_195,state_196,state_197,state_198,state_199,state_200,state_201,state_202,state_203,state_204,state_205,state_206,state_207,state_208,state_209,state_210,state_211,state_212,state_213,state_214,state_215,state_216,state_217,state_218,state_219,state_220,state_221,state_222,state_223,state_224,state_225,state_226,state_227,state_228,state_229,state_230,state_231,state_232,state_233,state_234,state_235,state_236,state_237,state_238,state_239,state_240,state_241,state_242,state_243,state_244,state_245,state_246,state_247,state_248,state_249,state_250,state_251,state_252,state_253,state_254,state_255,state_256,state_257,state_258,state_259,state_260,state_261,state_262,state_263,state_264,state_265,state_266,state_267,state_268,state_269,state_270,state_271,state_272,state_273,state_274,state_275,state_276,state_277,state_278,state_279,state_280,state_281,state_282,state_283,state_284,state_285,state_286,state_287
{'img': array([[[ 0.        ,  0.06301162,  0.10604334, ..., -0.62749437,
         -0.6121252 , -0.56507541],
        [-0.06301162,  0.        ,  0.04317628, ..., -0.67530958,
         -0.6607359 , -0.61593955],
        [-0.10604334, -0.04317628,  0.        , ..., -0.70652382,
         -0.69252866, -0.64937915],
        ...,
        [ 0.62749437,  0.67530958,  0.70652382, ...,  0.        ,
          0.01958439,  0.07772785],
        [ 0.6121252 ,  0.6607359 ,  0.69252866, ..., -0.01958439,
          0.        ,  0.0581878 ],
        [ 0.56507541,  0.61593955,  0.64937915, ..., -0.07772785,
         -0.0581878 ,  0.        ]],

       [[ 0.        , -0.15907841, -0.2088612 , ...,  0.03161934,
         -0.10251781,  0.12626062],
        [ 0.15907841,  0.        , -0.05063158, ...,  0.19021556,
          0.05702791,  0.28245813],
        [ 0.2088612 ,  0.05063158,  0.        , ...,  0.23967875,
          0.10750394,  0.33066569],
        ...,
        [-0.03161934, -0.19021556, -0.23967875, ...,  0.        ,
         -0.13391929,  0.0948312 ],
        [ 0.10251781, -0.05702791, -0.10750394, ...,  0.13391929,
          0.        ,  0.22729274],
        [-0.12626062, -0.28245813, -0.33066569, ..., -0.0948312 ,
         -0.22729274,  0.        ]],

       [[ 0.        ,  0.05191633,  0.09757139, ..., -0.68306582,
         -0.68306582, -0.66373348],
        [-0.05191633,  0.        ,  0.0457712 , ..., -0.72006211,
         -0.72006211, -0.70167021],
        [-0.09757139, -0.0457712 ,  0.        , ..., -0.75106852,
         -0.75106852, -0.73354689],
        ...,
        [ 0.68306582,  0.72006211,  0.75106852, ...,  0.        ,
          0.        ,  0.0261499 ],
        [ 0.68306582,  0.72006211,  0.75106852, ...,  0.        ,
          0.        ,  0.0261499 ],
        [ 0.66373348,  0.70167021,  0.73354689, ..., -0.0261499 ,
         -0.0261499 ,  0.        ]],

       ...,

       [[ 0.        , -0.03069395,  0.08059166, ...,  0.68515847,
          0.90055559,  0.73279789],
        [ 0.03069395,  0.        ,  0.1111478 , ...,  0.70719294,
          0.91347519,  0.75333821],
        [-0.08059166, -0.1111478 ,  0.        , ...,  0.6242273 ,
          0.86258977,  0.67557595],
        ...,
        [-0.68515847, -0.70719294, -0.6242273 , ...,  0.        ,
          0.35809292,  0.06755203],
        [-0.90055559, -0.91347519, -0.86258977, ..., -0.35809292,
          0.        , -0.29420257],
        [-0.73279789, -0.75333821, -0.67557595, ..., -0.06755203,
          0.29420257,  0.        ]],

       [[ 0.        ,  0.00690205,  0.02410855, ..., -0.85972905,
         -0.85764323, -0.84618312],
        [-0.00690205,  0.        ,  0.01720793, ..., -0.86323379,
         -0.86117214, -0.84984101],
        [-0.02410855, -0.01720793,  0.        , ..., -0.87179261,
         -0.86979165, -0.85878443],
        ...,
        [ 0.85972905,  0.86323379,  0.87179261, ...,  0.        ,
          0.0040699 ,  0.02595457],
        [ 0.85764323,  0.86117214,  0.86979165, ..., -0.0040699 ,
          0.        ,  0.02188583],
        [ 0.84618312,  0.84984101,  0.85878443, ..., -0.02595457,
         -0.02188583,  0.        ]],

       [[ 0.        , -0.00284279, -0.01065583, ..., -0.9992869 ,
         -0.99932704, -0.99955753],
        [ 0.00284279,  0.        , -0.00781316, ..., -0.99917552,
         -0.99921873, -0.99946893],
        [ 0.01065583,  0.00781316,  0.        , ..., -0.99882782,
         -0.99887944, -0.99918382],
        ...,
        [ 0.9992869 ,  0.99917552,  0.99882782, ...,  0.        ,
         -0.00107846, -0.00801803],
        [ 0.99932704,  0.99921873,  0.99887944, ...,  0.00107846,
          0.        , -0.00693959],
        [ 0.99955753,  0.99946893,  0.99918382, ...,  0.00801803,
          0.00693959,  0.        ]]]), 'num': array([ 9.99998737e-01,  1.81557638e-04,  4.13147595e-06,  4.40060378e-04,
        4.40969594e-04,  4.31877437e-04,  9.96167587e-04, -2.72764697e-06,
        4.37332731e-04,  4.14920565e-04,  4.63518142e-04,  1.32410047e-07,
        4.61357459e-04,  3.68483672e-04])}
{'img': array([[[ 0.00000000e+00,  4.31762765e-02, -7.33203894e-02, ...,
         -6.60735902e-01, -6.15939549e-01, -6.38537085e-01],
        [-4.31762765e-02,  0.00000000e+00, -1.16312081e-01, ...,
         -6.92528656e-01, -6.49379153e-01, -6.71169706e-01],
        [ 7.33203894e-02,  1.16312081e-01,  0.00000000e+00, ...,
         -6.03921853e-01, -5.56520389e-01, -5.80391707e-01],
        ...,
        [ 6.60735902e-01,  6.92528656e-01,  6.03921853e-01, ...,
          0.00000000e+00,  5.81878022e-02,  2.91987188e-02],
        [ 6.15939549e-01,  6.49379153e-01,  5.56520389e-01, ...,
         -5.81878022e-02,  0.00000000e+00, -2.90137464e-02],
        [ 6.38537085e-01,  6.71169706e-01,  5.80391707e-01, ...,
         -2.91987188e-02,  2.90137464e-02,  0.00000000e+00]],

       [[ 0.00000000e+00, -5.06315754e-02, -2.18132240e-02, ...,
          5.70279086e-02,  2.82458132e-01,  9.42913590e-02],
        [ 5.06315754e-02,  0.00000000e+00,  2.88342819e-02, ...,
          1.07503941e-01,  3.30665690e-01,  1.44576415e-01],
        [ 2.18132240e-02, -2.88342819e-02,  0.00000000e+00, ...,
          7.87920644e-02,  3.03315907e-01,  1.15984962e-01],
        ...,
        [-5.70279086e-02, -1.07503941e-01, -7.87920644e-02, ...,
          0.00000000e+00,  2.27292745e-01,  3.73640788e-02],
        [-2.82458132e-01, -3.30665690e-01, -3.03315907e-01, ...,
         -2.27292745e-01,  0.00000000e+00, -1.90747901e-01],
        [-9.42913590e-02, -1.44576415e-01, -1.15984962e-01, ...,
         -3.73640788e-02,  1.90747901e-01,  0.00000000e+00]],

       [[ 0.00000000e+00,  4.57711998e-02,  8.00850080e-02, ...,
         -7.20062110e-01, -7.01670206e-01, -6.81283435e-01],
        [-4.57711998e-02,  0.00000000e+00,  3.43768904e-02, ...,
         -7.51068524e-01, -7.33546885e-01, -7.14074837e-01],
        [-8.00850080e-02, -3.43768904e-02,  0.00000000e+00, ...,
         -7.73321055e-01, -7.56477185e-01, -7.37718984e-01],
        ...,
        [ 7.20062110e-01,  7.51068524e-01,  7.73321055e-01, ...,
          0.00000000e+00,  2.61498999e-02,  5.43505410e-02],
        [ 7.01670206e-01,  7.33546885e-01,  7.56477185e-01, ...,
         -2.61498999e-02,  0.00000000e+00,  2.82207067e-02],
        [ 6.81283435e-01,  7.14074837e-01,  7.37718984e-01, ...,
         -5.43505410e-02, -2.82207067e-02,  0.00000000e+00]],

       ...,

       [[ 0.00000000e+00,  1.11147804e-01, -2.27287800e-01, ...,
          9.13475188e-01,  7.53338211e-01,  4.21355645e-01],
        [-1.11147804e-01,  0.00000000e+00, -3.34118301e-01, ...,
          8.62589770e-01,  6.75575946e-01,  3.17945437e-01],
        [ 2.27287800e-01,  3.34118301e-01,  0.00000000e+00, ...,
          9.82049520e-01,  8.83093588e-01,  6.16454050e-01],
        ...,
        [-9.13475188e-01, -8.62589770e-01, -9.82049520e-01, ...,
          0.00000000e+00, -2.94202566e-01, -6.56979257e-01],
        [-7.53338211e-01, -6.75575946e-01, -8.83093588e-01, ...,
          2.94202566e-01,  0.00000000e+00, -4.06101524e-01],
        [-4.21355645e-01, -3.17945437e-01, -6.16454050e-01, ...,
          6.56979257e-01,  4.06101524e-01,  0.00000000e+00]],

       [[ 0.00000000e+00,  1.72079293e-02,  2.27178857e-02, ...,
         -8.61172142e-01, -8.49841010e-01, -8.20373606e-01],
        [-1.72079293e-02,  0.00000000e+00,  5.51103378e-03, ...,
         -8.69791652e-01, -8.58784429e-01, -8.30092110e-01],
        [-2.27178857e-02, -5.51103378e-03,  0.00000000e+00, ...,
         -8.72497694e-01, -8.61594894e-01, -8.33152601e-01],
        ...,
        [ 8.61172142e-01,  8.69791652e-01,  8.72497694e-01, ...,
          0.00000000e+00,  2.18858299e-02,  7.54353367e-02],
        [ 8.49841010e-01,  8.58784429e-01,  8.61594894e-01, ...,
         -2.18858299e-02,  0.00000000e+00,  5.35937976e-02],
        [ 8.20373606e-01,  8.30092110e-01,  8.33152601e-01, ...,
         -7.54353367e-02, -5.35937976e-02,  0.00000000e+00]],

       [[ 0.00000000e+00, -7.81316251e-03, -7.51354568e-03, ...,
         -9.99218727e-01, -9.99468928e-01, -9.99738682e-01],
        [ 7.81316251e-03,  0.00000000e+00,  2.99625625e-04, ...,
         -9.98879441e-01, -9.99183820e-01, -9.99529560e-01],
        [ 7.51354568e-03, -2.99625625e-04,  0.00000000e+00, ...,
         -9.98893576e-01, -9.99195878e-01, -9.99538704e-01],
        ...,
        [ 9.99218727e-01,  9.98879441e-01,  9.98893576e-01, ...,
          0.00000000e+00, -6.93959321e-03, -1.66691213e-02],
        [ 9.99468928e-01,  9.99183820e-01,  9.99195878e-01, ...,
          6.93959321e-03,  0.00000000e+00, -9.73009088e-03],
        [ 9.99738682e-01,  9.99529560e-01,  9.99538704e-01, ...,
          1.66691213e-02,  9.73009088e-03,  0.00000000e+00]]]), 'num': array([ 7.06973039e-01,  7.06973039e-01,  0.00000000e+00,  5.33628688e-03,
        5.47224323e-03,  5.32495718e-03,  1.21612505e-02, -1.47286050e-04,
        5.44278602e-03,  5.16690792e-03,  5.76001751e-03,  1.38114391e-06,
        5.74079813e-03,  4.59301771e-03])}
{'img': array([[[ 0.00000000e+00, -1.16312081e-01, -1.06043336e-01, ...,
         -6.49379153e-01, -6.71169706e-01, -7.60481825e-01],
        [ 1.16312081e-01,  0.00000000e+00,  1.03326668e-02, ...,
         -5.56520389e-01, -5.80391707e-01, -6.79791897e-01],
        [ 1.06043336e-01, -1.03326668e-02,  0.00000000e+00, ...,
         -5.65075411e-01, -5.88775001e-01, -6.87333637e-01],
        ...,
        [ 6.49379153e-01,  5.56520389e-01,  5.65075411e-01, ...,
          0.00000000e+00, -2.90137464e-02, -1.56639321e-01],
        [ 6.71169706e-01,  5.80391707e-01,  5.88775001e-01, ...,
          2.90137464e-02,  0.00000000e+00, -1.27917781e-01],
        [ 7.60481825e-01,  6.79791897e-01,  6.87333637e-01, ...,
          1.56639321e-01,  1.27917781e-01,  0.00000000e+00]],

       [[ 0.00000000e+00,  2.88342819e-02, -5.15204274e-02, ...,
          3.30665690e-01,  1.44576415e-01,  1.35358347e-01],
        [-2.88342819e-02,  0.00000000e+00, -8.02949938e-02, ...,
          3.03315907e-01,  1.15984962e-01,  1.06733154e-01],
        [ 5.15204274e-02,  8.02949938e-02,  0.00000000e+00, ...,
          3.78848844e-01,  1.95363544e-01,  1.86224853e-01],
        ...,
        [-3.30665690e-01, -3.03315907e-01, -3.78848844e-01, ...,
          0.00000000e+00, -1.90747901e-01, -1.99878314e-01],
        [-1.44576415e-01, -1.15984962e-01, -1.95363544e-01, ...,
          1.90747901e-01,  0.00000000e+00, -9.30961232e-03],
        [-1.35358347e-01, -1.06733154e-01, -1.86224853e-01, ...,
          1.99878314e-01,  9.30961232e-03,  0.00000000e+00]],

       [[ 0.00000000e+00,  3.43768904e-02,  7.31880451e-03, ...,
         -7.33546885e-01, -7.14074837e-01, -7.18977184e-01],
        [-3.43768904e-02,  0.00000000e+00, -2.70614910e-02, ...,
         -7.56477185e-01, -7.37718984e-01, -7.42445322e-01],
        [-7.31880451e-03,  2.70614910e-02,  0.00000000e+00, ...,
         -7.38501383e-01, -7.19179383e-01, -7.24044744e-01],
        ...,
        [ 7.33546885e-01,  7.56477185e-01,  7.38501383e-01, ...,
          0.00000000e+00,  2.82207067e-02,  2.11949601e-02],
        [ 7.14074837e-01,  7.37718984e-01,  7.19179383e-01, ...,
         -2.82207067e-02,  0.00000000e+00, -7.02784876e-03],
        [ 7.18977184e-01,  7.42445322e-01,  7.24044744e-01, ...,
         -2.11949601e-02,  7.02784876e-03,  0.00000000e+00]],

       ...,

       [[ 0.00000000e+00, -3.34118301e-01, -3.23018857e-01, ...,
          6.75575946e-01,  3.17945437e-01, -1.32815549e-01],
        [ 3.34118301e-01,  0.00000000e+00,  1.17517311e-02, ...,
          8.83093588e-01,  6.16454050e-01,  2.05975479e-01],
        [ 3.23018857e-01, -1.17517311e-02,  0.00000000e+00, ...,
          8.77518732e-01,  6.07158275e-01,  1.94461515e-01],
        ...,
        [-6.75575946e-01, -8.83093588e-01, -8.77518732e-01, ...,
          0.00000000e+00, -4.06101524e-01, -7.67514495e-01],
        [-3.17945437e-01, -6.16454050e-01, -6.07158275e-01, ...,
          4.06101524e-01,  0.00000000e+00, -4.41052305e-01],
        [ 1.32815549e-01, -2.05975479e-01, -1.94461515e-01, ...,
          7.67514495e-01,  4.41052305e-01,  0.00000000e+00]],

       [[ 0.00000000e+00,  5.51103378e-03,  8.29172240e-03, ...,
         -8.58784429e-01, -8.30092110e-01, -8.39642489e-01],
        [-5.51103378e-03,  0.00000000e+00,  2.78075215e-03, ...,
         -8.61594894e-01, -8.33152601e-01, -8.42622998e-01],
        [-8.29172240e-03, -2.78075215e-03,  0.00000000e+00, ...,
         -8.63003063e-01, -8.34687256e-01, -8.44117186e-01],
        ...,
        [ 8.58784429e-01,  8.61594894e-01,  8.63003063e-01, ...,
          0.00000000e+00,  5.35937976e-02,  3.62597266e-02],
        [ 8.30092110e-01,  8.33152601e-01,  8.34687256e-01, ...,
         -5.35937976e-02,  0.00000000e+00, -1.73509395e-02],
        [ 8.39642489e-01,  8.42622998e-01,  8.44117186e-01, ...,
         -3.62597266e-02,  1.73509395e-02,  0.00000000e+00]],

       [[ 0.00000000e+00,  2.99625625e-04,  4.23470071e-02, ...,
         -9.99183820e-01, -9.99529560e-01, -9.99449969e-01],
        [-2.99625625e-04,  0.00000000e+00,  4.20476483e-02, ...,
         -9.99195878e-01, -9.99538704e-01, -9.99459861e-01],
        [-4.23470071e-02, -4.20476483e-02,  0.00000000e+00, ...,
         -9.99998090e-01, -9.99931735e-01, -9.99957763e-01],
        ...,
        [ 9.99183820e-01,  9.99195878e-01,  9.99998090e-01, ...,
          0.00000000e+00, -9.73009088e-03, -7.23647363e-03],
        [ 9.99529560e-01,  9.99538704e-01,  9.99931735e-01, ...,
          9.73009088e-03,  0.00000000e+00,  2.49370504e-03],
        [ 9.99449969e-01,  9.99459861e-01,  9.99957763e-01, ...,
          7.23647363e-03, -2.49370504e-03,  0.00000000e+00]]]), 'num': array([9.54273527e-01, 2.97368556e-01, 2.67578399e-06, 7.29894411e-03,
       7.35840598e-03, 7.04623118e-03, 2.29860845e-02, 2.97309332e-04,
       7.17704729e-03, 6.80318080e-03, 7.54075570e-03, 1.91312092e-06,
       7.58952183e-03, 6.01683977e-03])}
