state_0,state_1,state_2,state_3,state_4,state_5,state_6,state_7,state_8,state_9,state_10,state_11,state_12,state_13,state_14,state_15,state_16,state_17,state_18,state_19,state_20,state_21,state_22,state_23,state_24,state_25,state_26,state_27,state_28,state_29,state_30,state_31,state_32,state_33,state_34,state_35,state_36,state_37,state_38,state_39,state_40,state_41,state_42,state_43,state_44,state_45,state_46,state_47,state_48,state_49,state_50,state_51,state_52,state_53,state_54,state_55,state_56,state_57,state_58,state_59,state_60,state_61,state_62,state_63,state_64,state_65,state_66,state_67,state_68,state_69,state_70,state_71,state_72,state_73,state_74,state_75,state_76,state_77,state_78,state_79,state_80,state_81,state_82,state_83,state_84,state_85,state_86,state_87,state_88,state_89,state_90,state_91,state_92,state_93,state_94,state_95,state_96,state_97,state_98,state_99,state_100,state_101,state_102,state_103,state_104,state_105,state_106,state_107,state_108,state_109,state_110,state_111,state_112,state_113,state_114,state_115,state_116,state_117,state_118,state_119,state_120,state_121,state_122,state_123,state_124,state_125,state_126,state_127,state_128,state_129,state_130,state_131,state_132,state_133,state_134,state_135,state_136,state_137,state_138,state_139,state_140,state_141,state_142,state_143,state_144,state_145,state_146,state_147,state_148,state_149,state_150,state_151,state_152,state_153,state_154,state_155,state_156,state_157,state_158,state_159,state_160,state_161,state_162,state_163,state_164,state_165,state_166,state_167,state_168,state_169,state_170,state_171,state_172,state_173,state_174,state_175,state_176,state_177,state_178,state_179,state_180,state_181,state_182,state_183,state_184,state_185,state_186,state_187,state_188,state_189,state_190,state_191,state_192,state_193,state_194,state_195,state_196,state_197,state_198,state_199,state_200,state_201,state_202,state_203,state_204,state_205,state_206,state_207,state_208,state_209,state_210,state_211,state_212,state_213,state_214,state_215,state_216,state_217,state_218,state_219,state_220,state_221,state_222,state_223,state_224,state_225,state_226,state_227,state_228,state_229,state_230,state_231,state_232,state_233,state_234,state_235,state_236,state_237,state_238,state_239,state_240,state_241,state_242,state_243,state_244,state_245,state_246,state_247,state_248,state_249,state_250,state_251,state_252,state_253,state_254,state_255,state_256,state_257,state_258,state_259,state_260,state_261,state_262,state_263,state_264,state_265,state_266,state_267,state_268,state_269,state_270,state_271,state_272,state_273,state_274,state_275,state_276,state_277,state_278,state_279,state_280,state_281,state_282,state_283,state_284,state_285,state_286,state_287
{'img': array([[[ 0.        , -0.02039095,  0.06987953, ...,  0.26998431,
          0.64523941,  0.83881769],
        [ 0.02039095,  0.        ,  0.0902061 , ...,  0.25029445,
          0.62952697,  0.8275422 ],
        [-0.06987953, -0.0902061 ,  0.        , ...,  0.33660885,
          0.69704868,  0.87481043],
        ...,
        [-0.26998431, -0.25029445, -0.33660885, ...,  0.        ,
         -0.41501554, -0.66068515],
        [-0.64523941, -0.62952697, -0.69704868, ...,  0.41501554,
          0.        , -0.28956395],
        [-0.83881769, -0.8275422 , -0.87481043, ...,  0.66068515,
          0.28956395,  0.        ]],

       [[ 0.        ,  0.00775528, -0.11771498, ...,  0.8230455 ,
          0.69978201,  0.03098973],
        [-0.00775528,  0.        , -0.1254128 , ...,  0.81861594,
          0.69422093,  0.02323724],
        [ 0.11771498,  0.1254128 ,  0.        , ...,  0.88418243,
          0.77900718,  0.14843271],
        ...,
        [-0.8230455 , -0.81861594, -0.88418243, ...,  0.        ,
         -0.19048886, -0.80504879],
        [-0.69978201, -0.69422093, -0.77900718, ...,  0.19048886,
          0.        , -0.6773082 ],
        [-0.03098973, -0.02323724, -0.14843271, ...,  0.80504879,
          0.6773082 ,  0.        ]],

       [[ 0.        , -0.09213905, -0.12287361, ...,  0.79694928,
          0.68977786,  0.52458267],
        [ 0.09213905,  0.        , -0.03091008, ...,  0.73790293,
          0.62013304,  0.44390772],
        [ 0.12287361,  0.03091008,  0.        , ...,  0.71668892,
          0.59558786,  0.41599793],
        ...,
        [-0.79694928, -0.73790293, -0.71668892, ...,  0.        ,
          0.16035035,  0.36161817],
        [-0.68977786, -0.62013304, -0.59558786, ..., -0.16035035,
          0.        ,  0.20744004],
        [-0.52458267, -0.44390772, -0.41599793, ..., -0.36161817,
         -0.20744004,  0.        ]],

       ...,

       [[ 0.        ,  0.01048295,  0.08190124, ...,  0.51956703,
          0.36468079,  0.13075744],
        [-0.01048295,  0.        ,  0.071449  , ...,  0.51058153,
          0.35489973,  0.1203573 ],
        [-0.08190124, -0.071449  ,  0.        , ...,  0.44784267,
          0.28719472,  0.04912009],
        ...,
        [-0.51956703, -0.51058153, -0.44784267, ...,  0.        ,
         -0.1721917 , -0.40338319],
        [-0.36468079, -0.35489973, -0.28719472, ...,  0.1721917 ,
          0.        , -0.23979727],
        [-0.13075744, -0.1203573 , -0.04912009, ...,  0.40338319,
          0.23979727,  0.        ]],

       [[ 0.        ,  0.17492296,  0.26873599, ...,  0.66956019,
          0.45461566,  0.05557139],
        [-0.17492296,  0.        ,  0.09610442, ...,  0.78916239,
          0.60340818,  0.22936725],
        [-0.26873599, -0.09610442,  0.        , ...,  0.84453541,
          0.67725195,  0.32184784],
        ...,
        [-0.66956019, -0.78916239, -0.84453541, ...,  0.        ,
          0.25869971,  0.62724945],
        [-0.45461566, -0.60340818, -0.67725195, ..., -0.25869971,
          0.        ,  0.4044164 ],
        [-0.05557139, -0.22936725, -0.32184784, ..., -0.62724945,
         -0.4044164 ,  0.        ]],

       [[ 0.        ,  0.17894549,  0.25774965, ...,  0.9753578 ,
          0.9648584 ,  0.93932516],
        [-0.17894549,  0.        ,  0.08069008, ...,  0.99909511,
          0.99630618,  0.98554682],
        [-0.25774965, -0.08069008,  0.        , ...,  0.9992692 ,
          0.99998648,  0.99600235],
        ...,
        [-0.9753578 , -0.99909511, -0.9992692 , ...,  0.        ,
          0.0434194 ,  0.12733272],
        [-0.9648584 , -0.99630618, -0.99998648, ..., -0.0434194 ,
          0.        ,  0.08414667],
        [-0.93932516, -0.98554682, -0.99600235, ..., -0.12733272,
         -0.08414667,  0.        ]]]), 'num': array([ 9.99962227e-01,  4.15602081e-05,  2.62102400e-04,  3.44978664e-05,
        3.74367410e-05,  3.39100915e-05,  8.68711436e-03, -2.03460549e-06,
        3.70750333e-05,  3.13510099e-05,  2.63579373e-05,  5.75443977e-07,
        3.97879618e-05,  2.29140580e-05])}
{'img': array([[[ 0.00000000e+00,  9.02060995e-02,  2.84850416e-01, ...,
          6.29526973e-01,  8.27542200e-01,  9.59815296e-01],
        [-9.02060995e-02,  0.00000000e+00,  1.97220075e-01, ...,
          6.97048678e-01,  8.74810431e-01,  9.81217007e-01],
        [-2.84850416e-01, -1.97220075e-01,  0.00000000e+00, ...,
          8.24769602e-01,  9.53174790e-01,  9.99990332e-01],
        ...,
        [-6.29526973e-01, -6.97048678e-01, -8.24769602e-01, ...,
          0.00000000e+00, -2.89563949e-01, -5.69090249e-01],
        [-8.27542200e-01, -8.74810431e-01, -9.53174790e-01, ...,
          2.89563949e-01,  0.00000000e+00, -3.06608450e-01],
        [-9.59815296e-01, -9.81217007e-01, -9.99990332e-01, ...,
          5.69090249e-01,  3.06608450e-01,  0.00000000e+00]],

       [[ 0.00000000e+00, -1.25412799e-01,  2.96418727e-01, ...,
          6.94220932e-01,  2.32372407e-02,  6.91341758e-04],
        [ 1.25412799e-01,  0.00000000e+00,  4.13854904e-01, ...,
          7.79007176e-01,  1.48432710e-01,  1.26098653e-01],
        [-2.96418727e-01, -4.13854904e-01,  0.00000000e+00, ...,
          4.49670383e-01, -2.74145774e-01, -2.95758385e-01],
        ...,
        [-6.94220932e-01, -7.79007176e-01, -4.49670383e-01, ...,
          0.00000000e+00, -6.77308196e-01, -6.93723165e-01],
        [-2.32372407e-02, -1.48432710e-01,  2.74145774e-01, ...,
          6.77308196e-01,  0.00000000e+00, -2.25460800e-02],
        [-6.91341758e-04, -1.26098653e-01,  2.95758385e-01, ...,
          6.93723165e-01,  2.25460800e-02,  0.00000000e+00]],

       [[ 0.00000000e+00, -3.06389413e-02, -1.16393282e-01, ...,
          7.09098052e-01,  6.55416401e-01,  4.40400257e-01],
        [ 3.06389413e-02,  0.00000000e+00, -8.59079423e-02, ...,
          6.87161322e-01,  6.31968091e-01,  4.12685808e-01],
        [ 1.16393282e-01,  8.59079423e-02,  0.00000000e+00, ...,
          6.22208403e-01,  5.63053580e-01,  3.32908878e-01],
        ...,
        [-7.09098052e-01, -6.87161322e-01, -6.22208403e-01, ...,
          0.00000000e+00,  7.34182898e-02,  3.26098751e-01],
        [-6.55416401e-01, -6.31968091e-01, -5.63053580e-01, ...,
         -7.34182898e-02,  0.00000000e+00,  2.55813756e-01],
        [-4.40400257e-01, -4.12685808e-01, -3.32908878e-01, ...,
         -3.26098751e-01, -2.55813756e-01,  0.00000000e+00]],

       ...,

       [[ 0.00000000e+00,  7.14490018e-02,  1.35693580e-01, ...,
          3.54899734e-01,  1.20357304e-01, -4.68952508e-02],
        [-7.14490018e-02,  0.00000000e+00,  6.45586226e-02, ...,
          2.87194716e-01,  4.91200885e-02, -1.18145793e-01],
        [-1.35693580e-01, -6.45586226e-02,  0.00000000e+00, ...,
          2.24756693e-01, -1.54630727e-02, -1.82005802e-01],
        ...,
        [-3.54899734e-01, -2.87194716e-01, -2.24756693e-01, ...,
          0.00000000e+00, -2.39797269e-01, -3.98351852e-01],
        [-1.20357304e-01, -4.91200885e-02,  1.54630727e-02, ...,
          2.39797269e-01,  0.00000000e+00, -1.66779241e-01],
        [ 4.68952508e-02,  1.18145793e-01,  1.82005802e-01, ...,
          3.98351852e-01,  1.66779241e-01,  0.00000000e+00]],

       [[ 0.00000000e+00,  9.52498853e-02,  1.94120790e-01, ...,
          6.60685799e-01,  4.74246176e-01,  2.27387869e-01],
        [-9.52498853e-02,  0.00000000e+00,  9.98001919e-02, ...,
          7.29182443e-01,  5.55947229e-01,  3.19108771e-01],
        [-1.94120790e-01, -9.98001919e-02,  0.00000000e+00, ...,
          7.93837201e-01,  6.36127336e-01,  4.12098068e-01],
        ...,
        [-6.60685799e-01, -7.29182443e-01, -7.93837201e-01, ...,
          0.00000000e+00,  2.25663829e-01,  4.72687093e-01],
        [-4.74246176e-01, -5.55947229e-01, -6.36127336e-01, ...,
         -2.25663829e-01,  0.00000000e+00,  2.61632428e-01],
        [-2.27387869e-01, -3.19108771e-01, -4.12098068e-01, ...,
         -4.72687093e-01, -2.61632428e-01,  0.00000000e+00]],

       [[ 0.00000000e+00,  1.87790200e-01,  2.68952684e-01, ...,
          9.66471965e-01,  9.41259959e-01,  8.91358129e-01],
        [-1.87790200e-01,  0.00000000e+00,  8.32970232e-02, ...,
          9.97496915e-01,  9.87927682e-01,  9.60625377e-01],
        [-2.68952684e-01, -8.32970232e-02,  0.00000000e+00, ...,
          9.99920311e-01,  9.97398423e-01,  9.80430795e-01],
        ...,
        [-9.66471965e-01, -9.97496915e-01, -9.99920311e-01, ...,
          0.00000000e+00,  8.46716309e-02,  2.09225575e-01],
        [-9.41259959e-01, -9.87927682e-01, -9.97398423e-01, ...,
         -8.46716309e-02,  0.00000000e+00,  1.25676599e-01],
        [-8.91358129e-01, -9.60625377e-01, -9.80430795e-01, ...,
         -2.09225575e-01, -1.25676599e-01,  0.00000000e+00]]]), 'num': array([9.99757040e-01, 2.07644256e-02, 2.54614475e-04, 3.92917264e-05,
       3.94961047e-05, 3.69413761e-05, 7.39079928e-03, 3.06567436e-07,
       4.12128823e-05, 3.58479522e-05, 3.00291320e-05, 6.46023333e-07,
       4.52875635e-05, 2.64083409e-05])}
{'img': array([[[ 0.        ,  0.19722008,  0.18703693, ...,  0.87481043,
          0.98121701,  0.97329913],
        [-0.19722008,  0.        , -0.01037633, ...,  0.95317479,
          0.99999033,  0.99945278],
        [-0.18703693,  0.01037633,  0.        , ...,  0.94998547,
          0.99998212,  0.99905574],
        ...,
        [-0.87481043, -0.95317479, -0.94998547, ...,  0.        ,
         -0.30660845, -0.2707254 ],
        [-0.98121701, -0.99999033, -0.99998212, ...,  0.30660845,
          0.        ,  0.03747255],
        [-0.97329913, -0.99945278, -0.99905574, ...,  0.2707254 ,
         -0.03747255,  0.        ]],

       [[ 0.        ,  0.4138549 ,  0.00850957, ...,  0.14843271,
          0.12609865,  0.06689252],
        [-0.4138549 ,  0.        , -0.40609329, ..., -0.27414577,
         -0.29575839, -0.35203282],
        [-0.00850957,  0.40609329,  0.        , ...,  0.14001203,
          0.11765244,  0.05839958],
        ...,
        [-0.14843271,  0.27414577, -0.14001203, ...,  0.        ,
         -0.02254608, -0.08194873],
        [-0.12609865,  0.29575839, -0.11765244, ...,  0.02254608,
          0.        , -0.05945766],
        [-0.06689252,  0.35203282, -0.05839958, ...,  0.08194873,
          0.05945766,  0.        ]],

       [[ 0.        , -0.08590794, -0.07886347, ...,  0.63196809,
          0.41268581,  0.7360017 ],
        [ 0.08590794,  0.        ,  0.00706845, ...,  0.56305358,
          0.33290888,  0.67512283],
        [ 0.07886347, -0.00706845,  0.        , ...,  0.56888103,
          0.33956582,  0.6803204 ],
        ...,
        [-0.63196809, -0.56305358, -0.56888103, ...,  0.        ,
          0.25581376, -0.14256764],
        [-0.41268581, -0.33290888, -0.33956582, ..., -0.25581376,
          0.        , -0.39102449],
        [-0.7360017 , -0.67512283, -0.6803204 , ...,  0.14256764,
          0.39102449,  0.        ]],

       ...,

       [[ 0.        ,  0.06455862,  0.13450167, ...,  0.04912009,
         -0.11814579, -0.13395729],
        [-0.06455862,  0.        ,  0.07024909, ..., -0.01546307,
         -0.1820058 , -0.19765461],
        [-0.13450167, -0.07024909,  0.        , ..., -0.08566556,
         -0.2506319 , -0.2660295 ],
        ...,
        [-0.04912009,  0.01546307,  0.08566556, ...,  0.        ,
         -0.16677924, -0.18247297],
        [ 0.11814579,  0.1820058 ,  0.2506319 , ...,  0.16677924,
          0.        , -0.01593814],
        [ 0.13395729,  0.19765461,  0.2660295 , ...,  0.18247297,
          0.01593814,  0.        ]],

       [[ 0.        ,  0.09889848,  0.1678073 , ...,  0.64099937,
          0.55363884,  0.31638975],
        [-0.09889848,  0.        ,  0.06948855, ...,  0.71376557,
          0.63328303,  0.40865666],
        [-0.1678073 , -0.06948855,  0.        , ...,  0.76070893,
          0.68553083,  0.47109021],
        ...,
        [-0.64099937, -0.71376557, -0.76070893, ...,  0.        ,
          0.1088559 ,  0.36522854],
        [-0.55363884, -0.63328303, -0.68553083, ..., -0.1088559 ,
          0.        ,  0.26172227],
        [-0.31638975, -0.40865666, -0.47109021, ..., -0.36522854,
         -0.26172227,  0.        ]],

       [[ 0.        ,  0.19515106,  0.29791098, ...,  0.94337143,
          0.89383652,  0.83353168],
        [-0.19515106,  0.        ,  0.10589314, ...,  0.98997251,
          0.96415527,  0.92532096],
        [-0.29791098, -0.10589314,  0.        , ...,  0.99936489,
          0.98683187,  0.96027143],
        ...,
        [-0.94337143, -0.98997251, -0.99936489, ...,  0.        ,
          0.12648129,  0.24467156],
        [-0.89383652, -0.96415527, -0.98683187, ..., -0.12648129,
          0.        ,  0.12006958],
        [-0.83353168, -0.92532096, -0.96027143, ..., -0.24467156,
         -0.12006958,  0.        ]]]), 'num': array([9.99623009e-01, 1.94722690e-02, 2.38769982e-04, 3.93382075e-05,
       3.95298675e-05, 3.59841581e-05, 1.93546856e-02, 2.49157952e-06,
       3.83224097e-05, 3.41178692e-05, 2.84255683e-05, 6.29152116e-07,
       4.30743321e-05, 2.51614064e-05])}
{'img': array([[[ 0.        , -0.01037633, -0.15339031, ...,  0.99999033,
          0.99945278,  0.91352563],
        [ 0.01037633,  0.        , -0.14312852, ...,  0.99998212,
          0.99905574,  0.90925556],
        [ 0.15339031,  0.14312852,  0.        , ...,  0.98883064,
          0.9825511 ,  0.84031839],
        ...,
        [-0.99999033, -0.99998212, -0.98883064, ...,  0.        ,
          0.03747255,  0.41079432],
        [-0.99945278, -0.99905574, -0.9825511 , ..., -0.03747255,
          0.        ,  0.37634103],
        [-0.91352563, -0.90925556, -0.84031839, ..., -0.41079432,
         -0.37634103,  0.        ]],

       [[ 0.        , -0.40609329, -0.30711423, ..., -0.29575839,
         -0.35203282, -0.10033944],
        [ 0.40609329,  0.        ,  0.10581718, ...,  0.11765244,
          0.05839958,  0.31235049],
        [ 0.30711423, -0.10581718,  0.        , ...,  0.01190963,
         -0.04756488,  0.210074  ],
        ...,
        [ 0.29575839, -0.11765244, -0.01190963, ...,  0.        ,
         -0.05945766,  0.19841523],
        [ 0.35203282, -0.05839958,  0.04756488, ...,  0.05945766,
          0.        ,  0.25633973],
        [ 0.10033944, -0.31235049, -0.210074  , ..., -0.19841523,
         -0.25633973,  0.        ]],

       [[ 0.        ,  0.00706845,  0.03078404, ...,  0.33290888,
          0.67512283,  0.74087413],
        [-0.00706845,  0.        ,  0.02371817, ...,  0.33956582,
          0.6803204 ,  0.74560311],
        [-0.03078404, -0.02371817,  0.        , ...,  0.36177919,
          0.69751241,  0.76119891],
        ...,
        [-0.33290888, -0.33956582, -0.36177919, ...,  0.        ,
         -0.39102449, -0.47501771],
        [-0.67512283, -0.6803204 , -0.69751241, ...,  0.39102449,
          0.        , -0.09310468],
        [-0.74087413, -0.74560311, -0.76119891, ...,  0.47501771,
          0.09310468,  0.        ]],

       ...,

       [[ 0.        ,  0.07024909, -0.09071288, ..., -0.1820058 ,
         -0.19765461, -0.10465732],
        [-0.07024909,  0.        , -0.16044823, ..., -0.2506319 ,
         -0.2660295 , -0.17426206],
        [ 0.09071288,  0.16044823,  0.        , ..., -0.09205766,
         -0.10791643, -0.01401111],
        ...,
        [ 0.1820058 ,  0.2506319 ,  0.09205766, ...,  0.        ,
         -0.01593814,  0.07809701],
        [ 0.19765461,  0.2660295 ,  0.10791643, ...,  0.01593814,
          0.        ,  0.09397655],
        [ 0.10465732,  0.17426206,  0.01401111, ..., -0.07809701,
         -0.09397655,  0.        ]],

       [[ 0.        ,  0.06825437,  0.10241899, ...,  0.76203448,
          0.70469909,  0.40205679],
        [-0.06825437,  0.        ,  0.0342847 , ...,  0.80445457,
          0.7514826 ,  0.46361388],
        [-0.10241899, -0.0342847 ,  0.        , ...,  0.82434724,
          0.77366023,  0.49371885],
        ...,
        [-0.76203448, -0.80445457, -0.82434724, ...,  0.        ,
          0.08434993,  0.43738357],
        [-0.70469909, -0.7514826 , -0.77366023, ..., -0.08434993,
          0.        ,  0.35997104],
        [-0.40205679, -0.46361388, -0.49371885, ..., -0.43738357,
         -0.35997104,  0.        ]],

       [[ 0.        ,  0.22840442,  0.36329243, ...,  0.89650248,
          0.8363947 ,  0.77283924],
        [-0.22840442,  0.        ,  0.14089056, ...,  0.97399664,
          0.9394805 ,  0.89735614],
        [-0.36329243, -0.14089056,  0.        , ...,  0.99620171,
          0.97837879,  0.95058117],
        ...,
        [-0.89650248, -0.97399664, -0.99620171, ...,  0.        ,
          0.12084256,  0.22652444],
        [-0.8363947 , -0.9394805 , -0.97837879, ..., -0.12084256,
          0.        ,  0.10716308],
        [-0.77283924, -0.89735614, -0.95058117, ..., -0.22652444,
         -0.10716308,  0.        ]]]), 'num': array([9.98655245e-01, 1.60938970e-02, 2.38485764e-04, 3.93024539e-05,
       4.34998034e-05, 3.81577223e-05, 4.92810322e-02, 1.43091458e-07,
       3.80146308e-05, 3.44969658e-05, 2.85499258e-05, 6.35962038e-07,
       4.33478855e-05, 2.56460461e-05])}
{'img': array([[[ 0.        , -0.14312852, -0.14312852, ...,  0.99905574,
          0.90925556,  0.89708733],
        [ 0.14312852,  0.        ,  0.        , ...,  0.9825511 ,
          0.84031839,  0.82460921],
        [ 0.14312852,  0.        ,  0.        , ...,  0.9825511 ,
          0.84031839,  0.82460921],
        ...,
        [-0.99905574, -0.9825511 , -0.9825511 , ...,  0.        ,
          0.37634103,  0.40246048],
        [-0.90925556, -0.84031839, -0.84031839, ..., -0.37634103,
          0.        ,  0.02835543],
        [-0.89708733, -0.82460921, -0.82460921, ..., -0.40246048,
         -0.02835543,  0.        ]],

       [[ 0.        ,  0.10581718, -0.04907283, ...,  0.05839958,
          0.31235049,  0.65544283],
        [-0.10581718,  0.        , -0.15448701, ..., -0.04756488,
          0.210074  ,  0.57184503],
        [ 0.04907283,  0.15448701,  0.        , ...,  0.1073183 ,
          0.35859174,  0.69171515],
        ...,
        [-0.05839958,  0.04756488, -0.1073183 , ...,  0.        ,
          0.25633973,  0.61021819],
        [-0.31235049, -0.210074  , -0.35859174, ..., -0.25633973,
          0.        ,  0.38674793],
        [-0.65544283, -0.57184503, -0.69171515, ..., -0.61021819,
         -0.38674793,  0.        ]],

       [[ 0.        ,  0.02371817,  0.04914708, ...,  0.6803204 ,
          0.74560311,  0.76780083],
        [-0.02371817,  0.        ,  0.02544375, ...,  0.69751241,
          0.76119891,  0.7827808 ],
        [-0.04914708, -0.02544375,  0.        , ...,  0.71551889,
          0.77745322,  0.79836096],
        ...,
        [-0.6803204 , -0.69751241, -0.71551889, ...,  0.        ,
         -0.09310468, -0.1268591 ],
        [-0.74560311, -0.76119891, -0.77745322, ...,  0.09310468,
          0.        , -0.0339556 ],
        [-0.76780083, -0.7827808 , -0.79836096, ...,  0.1268591 ,
          0.0339556 ,  0.        ]],

       ...,

       [[ 0.        , -0.16044823, -0.18701671, ..., -0.2660295 ,
         -0.17426206, -0.13450167],
        [ 0.16044823,  0.        , -0.02697637, ..., -0.10791643,
         -0.01401111,  0.02623119],
        [ 0.18701671,  0.02697637,  0.        , ..., -0.08105832,
          0.01296771,  0.05318874],
        ...,
        [ 0.2660295 ,  0.10791643,  0.08105832, ...,  0.        ,
          0.09397655,  0.13395729],
        [ 0.17426206,  0.01401111, -0.01296771, ..., -0.09397655,
          0.        ,  0.04023491],
        [ 0.13450167, -0.02623119, -0.05318874, ..., -0.13395729,
         -0.04023491,  0.        ]],

       [[ 0.        ,  0.03381766,  0.05596831, ...,  0.82076562,
          0.71474689,  0.45802611],
        [-0.03381766,  0.        ,  0.02217165, ...,  0.839615  ,
          0.73798957,  0.48782595],
        [-0.05596831, -0.02217165,  0.        , ...,  0.85145185,
          0.75276986,  0.50706057],
        ...,
        [-0.82076562, -0.839615  , -0.85145185, ...,  0.        ,
          0.16571975,  0.46795604],
        [-0.71474689, -0.73798957, -0.75276986, ..., -0.16571975,
          0.        ,  0.31503043],
        [-0.45802611, -0.48782595, -0.50706057, ..., -0.46795604,
         -0.31503043,  0.        ]],

       [[ 0.        ,  0.28827475,  0.43882539, ...,  0.8403299 ,
          0.77683211,  0.64671961],
        [-0.28827475,  0.        ,  0.16116054, ...,  0.96092262,
          0.92538268,  0.83914007],
        [-0.43882539, -0.16116054,  0.        , ...,  0.99297363,
          0.97437162,  0.9158287 ],
        ...,
        [-0.8403299 , -0.96092262, -0.99297363, ...,  0.        ,
          0.10806074,  0.29037227],
        [-0.77683211, -0.92538268, -0.97437162, ..., -0.10806074,
          0.        ,  0.18526712],
        [-0.64671961, -0.83914007, -0.9158287 , ..., -0.29037227,
         -0.18526712,  0.        ]]]), 'num': array([ 9.99959515e-01,  2.93998469e-03,  2.46177662e-04,  3.93518918e-05,
        4.03235434e-05,  3.89632311e-05,  8.50023210e-03, -6.80156154e-07,
        3.87397512e-05,  3.56183203e-05,  2.93276856e-05,  6.52470254e-07,
        4.44534219e-05,  2.67832187e-05])}
{'img': array([[[ 0.        ,  0.        , -0.02909116, ...,  0.84031839,
          0.82460921,  0.88817513],
        [ 0.        ,  0.        , -0.02909116, ...,  0.84031839,
          0.82460921,  0.88817513],
        [ 0.02909116,  0.02909116,  0.        , ...,  0.82419261,
          0.80780326,  0.87443168],
        ...,
        [-0.84031839, -0.84031839, -0.82419261, ...,  0.        ,
          0.02835543, -0.09534309],
        [-0.82460921, -0.82460921, -0.80780326, ..., -0.02835543,
          0.        , -0.12353101],
        [-0.88817513, -0.88817513, -0.87443168, ...,  0.09534309,
          0.12353101,  0.        ]],

       [[ 0.        , -0.15448701, -0.16778627, ...,  0.210074  ,
          0.57184503, -0.00855659],
        [ 0.15448701,  0.        , -0.01347505, ...,  0.35859174,
          0.69171515,  0.14602749],
        [ 0.16778627,  0.01347505,  0.        , ...,  0.37113807,
          0.70138363,  0.15934484],
        ...,
        [-0.210074  , -0.35859174, -0.37113807, ...,  0.        ,
          0.38674793, -0.21843196],
        [-0.57184503, -0.69171515, -0.70138363, ..., -0.38674793,
          0.        , -0.57884359],
        [ 0.00855659, -0.14602749, -0.15934484, ...,  0.21843196,
          0.57884359,  0.        ]],

       [[ 0.        ,  0.02544375,  0.0285149 , ...,  0.76119891,
          0.7827808 ,  0.7798292 ],
        [-0.02544375,  0.        ,  0.00307227, ...,  0.77745322,
          0.79836096,  0.79550433],
        [-0.0285149 , -0.00307227,  0.        , ...,  0.77938183,
          0.80020725,  0.79736221],
        ...,
        [-0.76119891, -0.77745322, -0.77938183, ...,  0.        ,
         -0.0339556 , -0.02922896],
        [-0.7827808 , -0.79836096, -0.80020725, ...,  0.0339556 ,
          0.        ,  0.00472899],
        [-0.7798292 , -0.79550433, -0.79736221, ...,  0.02922896,
         -0.00472899,  0.        ]],

       ...,

       [[ 0.        , -0.02697637, -0.1755759 , ..., -0.01401111,
          0.02623119,  0.04569614],
        [ 0.02697637,  0.        , -0.14895469, ...,  0.01296771,
          0.05318874,  0.0726277 ],
        [ 0.1755759 ,  0.14895469,  0.        , ...,  0.16176521,
          0.2013392 ,  0.22037879],
        ...,
        [ 0.01401111, -0.01296771, -0.16176521, ...,  0.        ,
          0.04023491,  0.05968813],
        [-0.02623119, -0.05318874, -0.2013392 , ..., -0.04023491,
          0.        ,  0.01947663],
        [-0.04569614, -0.0726277 , -0.22037879, ..., -0.05968813,
         -0.01947663,  0.        ]],

       [[ 0.        ,  0.02198389,  0.03195312, ...,  0.7909642 ,
          0.68694678,  0.48422349],
        [-0.02198389,  0.        ,  0.00997273, ...,  0.80422416,
          0.70275662,  0.50334115],
        [-0.03195312, -0.00997273,  0.        , ...,  0.81011122,
          0.70981658,  0.51193343],
        ...,
        [-0.7909642 , -0.80422416, -0.81011122, ...,  0.        ,
          0.15448287,  0.39577149],
        [-0.68694678, -0.70275662, -0.70981658, ..., -0.15448287,
          0.        ,  0.24915125],
        [-0.48422349, -0.50334115, -0.51193343, ..., -0.39577149,
         -0.24915125,  0.        ]],

       [[ 0.        ,  0.34187441,  0.49799525, ...,  0.78327336,
          0.65273972,  0.42576673],
        [-0.34187441,  0.        ,  0.17152231, ...,  0.94861334,
          0.87240729,  0.70945167],
        [-0.49799525, -0.17152231,  0.        , ...,  0.98883122,
          0.94331503,  0.81981881],
        ...,
        [-0.78327336, -0.94861334, -0.98883122, ...,  0.        ,
          0.18760043,  0.44404199],
        [-0.65273972, -0.87240729, -0.94331503, ..., -0.18760043,
          0.        ,  0.2680671 ],
        [-0.42576673, -0.70945167, -0.81981881, ..., -0.44404199,
         -0.2680671 ,  0.        ]]]), 'num': array([9.99836364e-01, 2.85868863e-03, 2.39370390e-04, 3.93502398e-05,
       4.06256977e-05, 3.83582169e-05, 1.78607195e-02, 1.08650122e-06,
       3.83298734e-05, 3.51105231e-05, 2.87851964e-05, 6.58333301e-07,
       4.36360048e-05, 2.65850413e-05])}
{'img': array([[[ 0.        , -0.02909116, -0.07750005, ...,  0.82460921,
          0.88817513,  0.76805649],
        [ 0.02909116,  0.        , -0.04846359, ...,  0.80780326,
          0.87443168,  0.74910196],
        [ 0.07750005,  0.04846359,  0.        , ...,  0.77828708,
          0.84989214,  0.7161168 ],
        ...,
        [-0.82460921, -0.80780326, -0.77828708, ...,  0.        ,
         -0.12353101,  0.09357328],
        [-0.88817513, -0.87443168, -0.84989214, ...,  0.12353101,
          0.        ,  0.21584557],
        [-0.76805649, -0.74910196, -0.7161168 , ..., -0.09357328,
         -0.21584557,  0.        ]],

       [[ 0.        , -0.01347505, -0.07954633, ...,  0.69171515,
          0.14602749,  0.33896162],
        [ 0.01347505,  0.        , -0.06610675, ...,  0.70138363,
          0.15934484,  0.35160818],
        [ 0.07954633,  0.06610675,  0.        , ...,  0.74696923,
          0.22425839,  0.41272471],
        ...,
        [-0.69171515, -0.70138363, -0.74696923, ...,  0.        ,
         -0.57884359, -0.40597769],
        [-0.14602749, -0.15934484, -0.22425839, ...,  0.57884359,
          0.        ,  0.19794544],
        [-0.33896162, -0.35160818, -0.41272471, ...,  0.40597769,
         -0.19794544,  0.        ]],

       [[ 0.        ,  0.00307227, -0.05620576, ...,  0.79836096,
          0.79550433,  0.65688827],
        [-0.00307227,  0.        , -0.05927291, ...,  0.80020725,
          0.79736221,  0.65920162],
        [ 0.05620576,  0.05927291,  0.        , ...,  0.76325297,
          0.76018904,  0.6134714 ],
        ...,
        [-0.79836096, -0.80020725, -0.76325297, ...,  0.        ,
          0.00472899,  0.20639008],
        [-0.79550433, -0.79736221, -0.76018904, ..., -0.00472899,
          0.        ,  0.2017606 ],
        [-0.65688827, -0.65920162, -0.6134714 , ..., -0.20639008,
         -0.2017606 ,  0.        ]],

       ...,

       [[ 0.        , -0.14895469, -0.1389487 , ...,  0.05318874,
          0.0726277 ,  0.17695799],
        [ 0.14895469,  0.        ,  0.01011117, ...,  0.2013392 ,
          0.22037879,  0.3215878 ],
        [ 0.1389487 , -0.01011117,  0.        , ...,  0.1914248 ,
          0.21050494,  0.31199729],
        ...,
        [-0.05318874, -0.2013392 , -0.1914248 , ...,  0.        ,
          0.01947663,  0.12435817],
        [-0.0726277 , -0.22037879, -0.21050494, ..., -0.01947663,
          0.        ,  0.10500915],
        [-0.17695799, -0.3215878 , -0.31199729, ..., -0.12435817,
         -0.10500915,  0.        ]],

       [[ 0.        ,  0.0098559 ,  0.00408314, ...,  0.7891542 ,
          0.72934561,  0.49824009],
        [-0.0098559 ,  0.        , -0.00577288, ...,  0.79516932,
          0.73605305,  0.50676134],
        [-0.00408314,  0.00577288,  0.        , ...,  0.79165546,
          0.73213299,  0.50177618],
        ...,
        [-0.7891542 , -0.79516932, -0.79165546, ...,  0.        ,
          0.09193573,  0.37821092],
        [-0.72934561, -0.73605305, -0.73213299, ..., -0.09193573,
          0.        ,  0.29150248],
        [-0.49824009, -0.50676134, -0.50177618, ..., -0.37821092,
         -0.29150248,  0.        ]],

       [[ 0.        ,  0.37682263,  0.55158241, ...,  0.68959472,
          0.48632661,  0.        ],
        [-0.37682263,  0.        ,  0.19660731, ...,  0.9116548 ,
          0.77973624,  0.37682263],
        [-0.55158241, -0.19660731,  0.        , ...,  0.97465852,
          0.88761503,  0.55158241],
        ...,
        [-0.68959472, -0.9116548 , -0.97465852, ...,  0.        ,
          0.25035653,  0.68959472],
        [-0.48632661, -0.77973624, -0.88761503, ..., -0.25035653,
          0.        ,  0.48632661],
        [-0.        , -0.37682263, -0.55158241, ..., -0.68959472,
         -0.48632661,  0.        ]]]), 'num': array([ 9.99947208e-01,  3.00656462e-03,  2.51752688e-04,  3.93487782e-05,
        4.09386278e-05,  3.84544878e-05,  9.82173325e-03, -2.03699483e-06,
        4.05411654e-05,  3.73564979e-05,  3.05226286e-05,  6.42564223e-07,
        4.59128455e-05,  2.88001502e-05])}
{'img': array([[[ 0.00000000e+00, -4.84635892e-02,  1.71859586e-01, ...,
          8.74431685e-01,  7.49101963e-01,  9.32399348e-01],
        [ 4.84635892e-02,  0.00000000e+00,  2.19400164e-01, ...,
          8.49892138e-01,  7.16116797e-01,  9.13787550e-01],
        [-1.71859586e-01, -2.19400164e-01,  0.00000000e+00, ...,
          9.44798863e-01,  8.51805609e-01,  9.80641768e-01],
        ...,
        [-8.74431685e-01, -8.49892138e-01, -9.44798863e-01, ...,
          0.00000000e+00,  2.15845574e-01, -1.36306686e-01],
        [-7.49101963e-01, -7.16116797e-01, -8.51805609e-01, ...,
         -2.15845574e-01,  0.00000000e+00, -3.46924618e-01],
        [-9.32399348e-01, -9.13787550e-01, -9.80641768e-01, ...,
          1.36306686e-01,  3.46924618e-01,  0.00000000e+00]],

       [[ 0.00000000e+00, -6.61067520e-02,  1.04467403e-01, ...,
          1.59344844e-01,  3.51608181e-01,  1.85813747e-01],
        [ 6.61067520e-02,  0.00000000e+00,  1.69983923e-01, ...,
          2.24258391e-01,  4.12724713e-01,  2.50362792e-01],
        [-1.04467403e-01, -1.69983923e-01,  0.00000000e+00, ...,
          5.53403365e-02,  2.51887418e-01,  8.21489303e-02],
        ...,
        [-1.59344844e-01, -2.24258391e-01, -5.53403365e-02, ...,
          0.00000000e+00,  1.97945440e-01,  2.68697513e-02],
        [-3.51608181e-01, -4.12724713e-01, -2.51887418e-01, ...,
         -1.97945440e-01,  0.00000000e+00, -1.71535890e-01],
        [-1.85813747e-01, -2.50362792e-01, -8.21489303e-02, ...,
         -2.68697513e-02,  1.71535890e-01,  0.00000000e+00]],

       [[ 0.00000000e+00, -5.92729111e-02, -5.92729111e-02, ...,
          7.97362212e-01,  6.59201621e-01,  5.78714775e-01],
        [ 5.92729111e-02,  0.00000000e+00,  0.00000000e+00, ...,
          7.60189039e-01,  6.13471395e-01,  5.29358449e-01],
        [ 5.92729111e-02,  0.00000000e+00,  0.00000000e+00, ...,
          7.60189039e-01,  6.13471395e-01,  5.29358449e-01],
        ...,
        [-7.97362212e-01, -7.60189039e-01, -7.60189039e-01, ...,
          0.00000000e+00,  2.01760600e-01,  3.01017851e-01],
        [-6.59201621e-01, -6.13471395e-01, -6.13471395e-01, ...,
         -2.01760600e-01,  0.00000000e+00,  1.02424738e-01],
        [-5.78714775e-01, -5.29358449e-01, -5.29358449e-01, ...,
         -3.01017851e-01, -1.02424738e-01,  0.00000000e+00]],

       ...,

       [[ 0.00000000e+00,  1.01111738e-02,  3.76936823e-03, ...,
          2.20378786e-01,  3.21587798e-01,  1.23643120e-01],
        [-1.01111738e-02,  0.00000000e+00, -6.34192640e-03, ...,
          2.10504936e-01,  3.11997293e-01,  1.13603211e-01],
        [-3.76936823e-03,  6.34192640e-03,  0.00000000e+00, ...,
          2.16700524e-01,  3.18016375e-01,  1.19901796e-01],
        ...,
        [-2.20378786e-01, -2.10504936e-01, -2.16700524e-01, ...,
          0.00000000e+00,  1.05009146e-01, -9.80844888e-02],
        [-3.21587798e-01, -3.11997293e-01, -3.18016375e-01, ...,
         -1.05009146e-01,  0.00000000e+00, -2.02045006e-01],
        [-1.23643120e-01, -1.13603211e-01, -1.19901796e-01, ...,
          9.80844888e-02,  2.02045006e-01,  0.00000000e+00]],

       [[ 0.00000000e+00, -5.76983728e-03, -3.41473491e-04, ...,
          7.40273403e-01,  5.59555529e-01,  5.06530817e-01],
        [ 5.76983728e-03,  0.00000000e+00,  5.42836914e-03, ...,
          7.36381985e-01,  5.54764214e-01,  5.01547505e-01],
        [ 3.41473491e-04, -5.42836914e-03,  0.00000000e+00, ...,
          7.40043786e-01,  5.59272485e-01,  5.06236361e-01],
        ...,
        [-7.40273403e-01, -7.36381985e-01, -7.40043786e-01, ...,
          0.00000000e+00,  2.37340804e-01,  2.97736228e-01],
        [-5.59555529e-01, -5.54764214e-01, -5.59272485e-01, ...,
         -2.37340804e-01,  0.00000000e+00,  6.26518812e-02],
        [-5.06530817e-01, -5.01547505e-01, -5.06236361e-01, ...,
         -2.97736228e-01, -6.26518812e-02,  0.00000000e+00]],

       [[ 0.00000000e+00,  4.08569179e-01,  5.66988221e-01, ...,
          7.09694096e-01,  5.66542411e-01,  0.00000000e+00],
        [-4.08569179e-01,  0.00000000e+00,  1.80956645e-01, ...,
          9.35598274e-01,  8.53773073e-01,  4.08569179e-01],
        [-5.66988221e-01, -1.80956645e-01,  0.00000000e+00, ...,
          9.84042259e-01,  9.33892425e-01,  5.66988221e-01],
        ...,
        [-7.09694096e-01, -9.35598274e-01, -9.84042259e-01, ...,
          0.00000000e+00,  1.85676284e-01,  7.09694096e-01],
        [-5.66542411e-01, -8.53773073e-01, -9.33892425e-01, ...,
         -1.85676284e-01,  0.00000000e+00,  5.66542411e-01],
        [-0.00000000e+00, -4.08569179e-01, -5.66988221e-01, ...,
         -7.09694096e-01, -5.66542411e-01,  0.00000000e+00]]]), 'num': array([ 9.99984317e-01,  3.04500766e-03,  2.54971690e-04,  3.93487255e-05,
        4.02544506e-05,  3.91977713e-05,  4.69218959e-03, -5.03180633e-07,
        4.06670588e-05,  3.82140532e-05,  3.11577834e-05,  4.81919480e-07,
        4.64344587e-05,  2.99936477e-05])}
{'img': array([[[ 0.        ,  0.21940016,  0.1299416 , ...,  0.7161168 ,
          0.91378755,  0.93962811],
        [-0.21940016,  0.        , -0.09076445, ...,  0.85180561,
          0.98064177,  0.99181218],
        [-0.1299416 ,  0.09076445,  0.        , ...,  0.800742  ,
          0.95882144,  0.97612728],
        ...,
        [-0.7161168 , -0.85180561, -0.800742  , ...,  0.        ,
         -0.34692462, -0.4107888 ],
        [-0.91378755, -0.98064177, -0.95882144, ...,  0.34692462,
          0.        , -0.06897418],
        [-0.93962811, -0.99181218, -0.97612728, ...,  0.4107888 ,
          0.06897418,  0.        ]],

       [[ 0.        ,  0.16998392,  0.09158897, ...,  0.41272471,
          0.25036279,  0.10805272],
        [-0.16998392,  0.        , -0.0790134 , ...,  0.25188742,
          0.08214893, -0.06250848],
        [-0.09158897,  0.0790134 ,  0.        , ...,  0.32756564,
          0.16063844,  0.01654583],
        ...,
        [-0.41272471, -0.25188742, -0.32756564, ...,  0.        ,
         -0.17153589, -0.31188783],
        [-0.25036279, -0.08214893, -0.16063844, ...,  0.17153589,
          0.        , -0.14428549],
        [-0.10805272,  0.06250848, -0.01654583, ...,  0.31188783,
          0.14428549,  0.        ]],

       [[ 0.        ,  0.        ,  0.0140008 , ...,  0.6134714 ,
          0.52935845,  0.65643046],
        [ 0.        ,  0.        ,  0.0140008 , ...,  0.6134714 ,
          0.52935845,  0.65643046],
        [-0.0140008 , -0.0140008 ,  0.        , ...,  0.62446794,
          0.54118482,  0.66692814],
        ...,
        [-0.6134714 , -0.6134714 , -0.62446794, ...,  0.        ,
          0.10242474, -0.05559969],
        [-0.52935845, -0.52935845, -0.54118482, ..., -0.10242474,
          0.        , -0.15757358],
        [-0.65643046, -0.65643046, -0.66692814, ...,  0.05559969,
          0.15757358,  0.        ]],

       ...,

       [[ 0.        , -0.00634193, -0.65917868, ...,  0.31199729,
          0.11360321, -0.48498645],
        [ 0.00634193,  0.        , -0.65439638, ...,  0.31801637,
          0.1199018 , -0.47943055],
        [ 0.65917868,  0.65439638,  0.        , ...,  0.86089215,
          0.74033935,  0.21176284],
        ...,
        [-0.31199729, -0.31801637, -0.86089215, ...,  0.        ,
         -0.20204501, -0.73362577],
        [-0.11360321, -0.1199018 , -0.74033935, ...,  0.20204501,
          0.        , -0.58119522],
        [ 0.48498645,  0.47943055, -0.21176284, ...,  0.73362577,
          0.58119522,  0.        ]],

       [[ 0.        ,  0.00542837, -0.02402087, ...,  0.55476421,
          0.50154751,  0.5965791 ],
        [-0.00542837,  0.        , -0.02944732, ...,  0.55927249,
          0.50623636,  0.60092687],
        [ 0.02402087,  0.02944732,  0.        , ...,  0.53461859,
          0.48062161,  0.57712891],
        ...,
        [-0.55476421, -0.55927249, -0.53461859, ...,  0.        ,
          0.06265188, -0.05112996],
        [-0.50154751, -0.50623636, -0.48062161, ..., -0.06265188,
          0.        , -0.11359944],
