state_0,state_1,state_2,state_3,state_4,state_5,state_6,state_7,state_8,state_9,state_10,state_11,state_12,state_13,state_14,state_15,state_16,state_17,state_18,state_19,state_20,state_21,state_22,state_23,state_24,state_25,state_26,state_27,state_28,state_29,state_30,state_31,state_32,state_33,state_34,state_35,state_36,state_37,state_38,state_39,state_40,state_41,state_42,state_43,state_44,state_45,state_46,state_47,state_48,state_49,state_50,state_51,state_52,state_53,state_54,state_55,state_56,state_57,state_58,state_59,state_60,state_61,state_62,state_63,state_64,state_65,state_66,state_67,state_68,state_69,state_70,state_71,state_72,state_73,state_74,state_75,state_76,state_77,state_78,state_79,state_80,state_81,state_82,state_83,state_84,state_85,state_86,state_87,state_88,state_89,state_90,state_91,state_92,state_93,state_94,state_95,state_96,state_97,state_98,state_99,state_100,state_101,state_102,state_103,state_104,state_105,state_106,state_107,state_108,state_109,state_110,state_111,state_112,state_113,state_114,state_115,state_116,state_117,state_118,state_119,state_120,state_121,state_122,state_123,state_124,state_125,state_126,state_127,state_128,state_129,state_130,state_131,state_132,state_133,state_134,state_135,state_136,state_137,state_138,state_139,state_140,state_141,state_142,state_143,state_144,state_145,state_146,state_147,state_148,state_149,state_150,state_151,state_152,state_153,state_154,state_155,state_156,state_157,state_158,state_159,state_160,state_161,state_162,state_163,state_164,state_165,state_166,state_167,state_168,state_169,state_170,state_171,state_172,state_173,state_174,state_175,state_176,state_177,state_178,state_179,state_180,state_181,state_182,state_183,state_184,state_185,state_186,state_187,state_188,state_189,state_190,state_191,state_192,state_193,state_194,state_195,state_196,state_197,state_198,state_199,state_200,state_201,state_202,state_203,state_204,state_205,state_206,state_207,state_208,state_209,state_210,state_211,state_212,state_213,state_214,state_215,state_216,state_217,state_218,state_219,state_220,state_221,state_222,state_223,state_224,state_225,state_226,state_227,state_228,state_229,state_230,state_231,state_232,state_233,state_234,state_235,state_236,state_237,state_238,state_239,state_240,state_241,state_242,state_243,state_244,state_245,state_246,state_247,state_248,state_249,state_250,state_251,state_252,state_253,state_254,state_255,state_256,state_257,state_258,state_259,state_260,state_261,state_262,state_263,state_264,state_265,state_266,state_267,state_268,state_269,state_270,state_271,state_272,state_273,state_274,state_275,state_276,state_277,state_278,state_279,state_280,state_281,state_282,state_283,state_284,state_285,state_286,state_287
{'img': array([[[ 0.        ,  0.        ,  0.09215403, ...,  0.76407112,
          0.86428706,  0.8721179 ],
        [ 0.        ,  0.        ,  0.09215403, ...,  0.76407112,
          0.86428706,  0.8721179 ],
        [-0.09215403, -0.09215403,  0.        , ...,  0.7013683 ,
          0.81425595,  0.82331625],
        ...,
        [-0.76407112, -0.76407112, -0.7013683 , ...,  0.        ,
          0.17325234,  0.1887744 ],
        [-0.86428706, -0.86428706, -0.81425595, ..., -0.17325234,
          0.        ,  0.0157823 ],
        [-0.8721179 , -0.8721179 , -0.82331625, ..., -0.1887744 ,
         -0.0157823 ,  0.        ]],

       [[ 0.        , -0.12084711, -0.15808792, ...,  0.4260788 ,
          0.76580736,  0.29622503],
        [ 0.12084711,  0.        , -0.03760185, ...,  0.53228482,
          0.83790802,  0.4094773 ],
        [ 0.15808792,  0.03760185,  0.        , ...,  0.56374081,
          0.85783897,  0.44349265],
        ...,
        [-0.4260788 , -0.53228482, -0.56374081, ...,  0.        ,
          0.41881673, -0.13896496],
        [-0.76580736, -0.83790802, -0.85783897, ..., -0.41881673,
          0.        , -0.54094309],
        [-0.29622503, -0.4094773 , -0.44349265, ...,  0.13896496,
          0.54094309,  0.        ]],

       [[ 0.        , -0.04181465, -0.04181465, ...,  0.98907854,
          0.99988962,  0.96067451],
        [ 0.04181465,  0.        ,  0.        , ...,  0.99437651,
          0.99963637,  0.94822332],
        [ 0.04181465,  0.        ,  0.        , ...,  0.99437651,
          0.99963637,  0.94822332],
        ...,
        [-0.98907854, -0.99437651, -0.99437651, ...,  0.        ,
          0.13267773,  0.41623757],
        [-0.99988962, -0.99963637, -0.99963637, ..., -0.13267773,
          0.        ,  0.2919197 ],
        [-0.96067451, -0.94822332, -0.94822332, ..., -0.41623757,
         -0.2919197 ,  0.        ]],

       ...,

       [[ 0.        ,  0.1755167 ,  0.5059904 , ...,  0.99646906,
          0.99029943,  0.99536987],
        [-0.1755167 ,  0.        ,  0.34674561, ...,  0.9662638 ,
          0.95053846,  0.96304774],
        [-0.5059904 , -0.34674561,  0.        , ...,  0.81701017,
          0.78386474,  0.80991024],
        ...,
        [-0.99646906, -0.9662638 , -0.81701017, ...,  0.        ,
         -0.05531282, -0.01220738],
        [-0.99029943, -0.95053846, -0.78386474, ...,  0.05531282,
          0.        ,  0.04312   ],
        [-0.99536987, -0.96304774, -0.80991024, ...,  0.01220738,
         -0.04312   ,  0.        ]],

       [[ 0.        ,  0.00327507, -0.01406851, ...,  0.98430263,
          0.92701648,  0.67901989],
        [-0.00327507,  0.        , -0.01734318, ...,  0.98487537,
          0.92823973,  0.68142055],
        [ 0.01406851,  0.01734318,  0.        , ...,  0.98172229,
          0.92164875,  0.66862472],
        ...,
        [-0.98430263, -0.98487537, -0.98172229, ...,  0.        ,
          0.20552567,  0.60275667],
        [-0.92701648, -0.92823973, -0.92164875, ..., -0.20552567,
          0.        ,  0.42589477],
        [-0.67901989, -0.68142055, -0.66862472, ..., -0.60275667,
         -0.42589477,  0.        ]],

       [[ 0.        , -0.33449973, -0.3733386 , ..., -0.51016628,
         -0.68641717, -0.81042889],
        [ 0.33449973,  0.        , -0.04151897, ..., -0.7684737 ,
         -0.89012757, -0.95970714],
        [ 0.3733386 ,  0.04151897,  0.        , ..., -0.79437827,
         -0.90828069, -0.97054652],
        ...,
        [ 0.51016628,  0.7684737 ,  0.79437827, ...,  0.        ,
          0.21937379,  0.39815597],
        [ 0.68641717,  0.89012757,  0.90828069, ..., -0.21937379,
          0.        ,  0.18722178],
        [ 0.81042889,  0.95970714,  0.97054652, ..., -0.39815597,
         -0.18722178,  0.        ]]]), 'num': array([ 9.99951979e-01,  8.94386706e-03,  4.60933990e-06,  8.90393602e-04,
        9.00747016e-04,  8.84181553e-04,  3.21045701e-03, -4.14136559e-06,
        8.83353280e-04,  8.06634483e-04,  7.47102352e-04,  2.69281619e-07,
        9.85637675e-04,  6.27631291e-04])}
{'img': array([[[ 0.        ,  0.09215403,  0.0693353 , ...,  0.86428706,
          0.8721179 ,  0.856364  ],
        [-0.09215403,  0.        , -0.02289198, ...,  0.81425595,
          0.82331625,  0.80513415],
        [-0.0693353 ,  0.02289198,  0.        , ...,  0.8273315 ,
          0.8360936 ,  0.81850023],
        ...,
        [-0.86428706, -0.81425595, -0.8273315 , ...,  0.        ,
          0.0157823 , -0.01554405],
        [-0.8721179 , -0.82331625, -0.8360936 , ..., -0.0157823 ,
          0.        , -0.03132251],
        [-0.856364  , -0.80513415, -0.81850023, ...,  0.01554405,
          0.03132251,  0.        ]],

       [[ 0.        , -0.03760185, -0.0869981 , ...,  0.83790802,
          0.4094773 ,  0.22904911],
        [ 0.03760185,  0.        , -0.04947729, ...,  0.85783897,
          0.44349265,  0.26548933],
        [ 0.0869981 ,  0.04947729,  0.        , ...,  0.88221563,
          0.4872949 ,  0.31286591],
        ...,
        [-0.83790802, -0.85783897, -0.88221563, ...,  0.        ,
         -0.54094309, -0.69061449],
        [-0.4094773 , -0.44349265, -0.4872949 , ...,  0.54094309,
          0.        , -0.18962514],
        [-0.22904911, -0.26548933, -0.31286591, ...,  0.69061449,
          0.18962514,  0.        ]],

       [[ 0.        ,  0.        , -0.03771748, ...,  0.99453383,
          0.99998193,  0.94155451],
        [ 0.        ,  0.        , -0.03771748, ...,  0.99453383,
          0.99998193,  0.94155451],
        [ 0.03771748,  0.03771748,  0.        , ...,  0.99776443,
          0.99904364,  0.928179  ],
        ...,
        [-0.99453383, -0.99453383, -0.99776443, ...,  0.        ,
          0.11039181,  0.43333157],
        [-0.99998193, -0.99998193, -0.99904364, ..., -0.11039181,
          0.        ,  0.3311942 ],
        [-0.94155451, -0.94155451, -0.928179  , ..., -0.43333157,
         -0.3311942 ,  0.        ]],

       ...,

       [[ 0.        ,  0.34674561,  0.42249692, ...,  0.95053846,
          0.96304774,  0.96761315],
        [-0.34674561,  0.        ,  0.08200702, ...,  0.78386474,
          0.80991024,  0.82005001],
        [-0.42249692, -0.08200702,  0.        , ...,  0.73030374,
          0.75908072,  0.77035593],
        ...,
        [-0.95053846, -0.78386474, -0.73030374, ...,  0.        ,
          0.04312   ,  0.06059556],
        [-0.96304774, -0.80991024, -0.75908072, ..., -0.04312   ,
          0.        ,  0.01749844],
        [-0.96761315, -0.82005001, -0.77035593, ..., -0.06059556,
         -0.01749844,  0.        ]],

       [[ 0.        , -0.0171727 , -0.08244694, ...,  0.95019634,
          0.84406766,  0.67647922],
        [ 0.0171727 ,  0.        , -0.06532055, ...,  0.94470432,
          0.83473456,  0.66373243],
        [ 0.08244694,  0.06532055,  0.        , ...,  0.92126661,
          0.79698292,  0.6134571 ],
        ...,
        [-0.95019634, -0.94470432, -0.92126661, ...,  0.        ,
          0.24647484,  0.48895719],
        [-0.84406766, -0.83473456, -0.79698292, ..., -0.24647484,
          0.        ,  0.25887055],
        [-0.67647922, -0.66373243, -0.6134571 , ..., -0.48895719,
         -0.25887055,  0.        ]],

       [[ 0.        , -0.17333265, -0.1299922 , ..., -0.69488796,
         -0.8191674 , -0.97028095],
        [ 0.17333265,  0.        ,  0.04383737, ..., -0.80901631,
         -0.90618366, -0.99753737],
        [ 0.1299922 , -0.04383737,  0.        , ..., -0.78247159,
         -0.88677439, -0.9935038 ],
        ...,
        [ 0.69488796,  0.80901631,  0.78247159, ...,  0.        ,
          0.19052191,  0.52959673],
        [ 0.8191674 ,  0.90618366,  0.88677439, ..., -0.19052191,
          0.        ,  0.35828595],
        [ 0.97028095,  0.99753737,  0.9935038 , ..., -0.52959673,
         -0.35828595,  0.        ]]]), 'num': array([ 7.06284458e-01,  7.06284458e-01,  0.00000000e+00,  5.41912802e-03,
        5.56038492e-03,  5.27787113e-03,  4.58825499e-02, -1.02732285e-04,
        5.48076740e-03,  5.09359510e-03,  4.64970602e-03,  1.59098671e-06,
        6.00901826e-03,  4.17817193e-03])}
{'img': array([[[ 0.        , -0.02289198, -0.13883441, ...,  0.82331625,
          0.80513415,  0.73022614],
        [ 0.02289198,  0.        , -0.11612773, ...,  0.8360936 ,
          0.81850023,  0.74567471],
        [ 0.13883441,  0.11612773,  0.        , ...,  0.89414297,
          0.8796786 ,  0.81800678],
        ...,
        [-0.82331625, -0.8360936 , -0.89414297, ...,  0.        ,
         -0.03132251, -0.14803034],
        [-0.80513415, -0.81850023, -0.8796786 , ...,  0.03132251,
          0.        , -0.11698028],
        [-0.73022614, -0.74567471, -0.81800678, ...,  0.14803034,
          0.11698028,  0.        ]],

       [[ 0.        , -0.04947729,  0.21916891, ...,  0.44349265,
          0.26548933,  0.57371915],
        [ 0.04947729,  0.        ,  0.26717483, ...,  0.4872949 ,
          0.31286591,  0.61354097],
        [-0.21916891, -0.26717483,  0.        , ...,  0.23627372,
          0.0477307 ,  0.38025952],
        ...,
        [-0.44349265, -0.4872949 , -0.23627372, ...,  0.        ,
         -0.18962514,  0.15096827],
        [-0.26548933, -0.31286591, -0.0477307 , ...,  0.18962514,
          0.        ,  0.33568096],
        [-0.57371915, -0.61354097, -0.38025952, ..., -0.15096827,
         -0.33568096,  0.        ]],

       [[ 0.        , -0.03766849, -0.07201846, ...,  0.9999957 ,
          0.96616385,  0.94113599],
        [ 0.03766849,  0.        , -0.03439668, ...,  0.99939644,
          0.95576235,  0.92773505],
        [ 0.07201846,  0.03439668,  0.        , ...,  0.99761017,
          0.94507935,  0.91434788],
        ...,
        [-0.9999957 , -0.99939644, -0.99761017, ...,  0.        ,
          0.2607608 ,  0.34078614],
        [-0.96616385, -0.95576235, -0.94507935, ..., -0.2607608 ,
          0.        ,  0.08384423],
        [-0.94113599, -0.92773505, -0.91434788, ..., -0.34078614,
         -0.08384423,  0.        ]],

       ...,

       [[ 0.        ,  0.08200702,  0.05423327, ...,  0.80991024,
          0.82005001,  0.707646  ],
        [-0.08200702,  0.        , -0.02783573, ...,  0.75908072,
          0.77035593,  0.647319  ],
        [-0.05423327,  0.02783573,  0.        , ...,  0.77690755,
          0.78780588,  0.6682851 ],
        ...,
        [-0.80991024, -0.75908072, -0.77690755, ...,  0.        ,
          0.01749844, -0.15718349],
        [-0.82005001, -0.77035593, -0.78780588, ..., -0.01749844,
          0.        , -0.17444035],
        [-0.707646  , -0.647319  , -0.6682851 , ...,  0.15718349,
          0.17444035,  0.        ]],

       [[ 0.        , -0.06532055, -0.10781802, ...,  0.83473456,
          0.66373243,  0.95286551],
        [ 0.06532055,  0.        , -0.04264798, ...,  0.79698292,
          0.6134571 ,  0.9310127 ],
        [ 0.10781802,  0.04264798,  0.        , ...,  0.77049833,
          0.57921864,  0.91459968],
        ...,
        [-0.83473456, -0.79698292, -0.77049833, ...,  0.        ,
          0.25887055, -0.27144516],
        [-0.66373243, -0.6134571 , -0.57921864, ..., -0.25887055,
          0.        , -0.51134311],
        [-0.95286551, -0.9310127 , -0.91459968, ...,  0.27144516,
          0.51134311,  0.        ]],

       [[ 0.        ,  0.11539244, -0.199798  , ..., -0.8809302 ,
         -0.99214397, -0.78141057],
        [-0.11539244,  0.        , -0.31152913, ..., -0.82043653,
         -0.97108069, -0.84819761],
        [ 0.199798  ,  0.31152913,  0.        , ..., -0.95772175,
         -0.99713447, -0.64097768],
        ...,
        [ 0.8809302 ,  0.82043653,  0.95772175, ...,  0.        ,
          0.35932286,  0.91951523],
        [ 0.99214397,  0.97108069,  0.99713447, ..., -0.35932286,
          0.        ,  0.71687043],
        [ 0.78141057,  0.84819761,  0.64097768, ..., -0.91951523,
         -0.71687043,  0.        ]]]), 'num': array([9.39643305e-01, 3.40163412e-01, 2.82773535e-06, 7.22264932e-03,
       7.35892572e-03, 7.08637292e-03, 3.11174559e-02, 3.40691006e-05,
       7.28738061e-03, 6.85810994e-03, 6.18808430e-03, 2.11047526e-06,
       7.85281100e-03, 5.86340889e-03])}
{'img': array([[[ 0.        , -0.11612773, -0.10438568, ...,  0.81850023,
          0.74567471,  0.7642126 ],
        [ 0.11612773,  0.        ,  0.01181388, ...,  0.8796786 ,
          0.81800678,  0.83394041],
        [ 0.10438568, -0.01181388,  0.        , ...,  0.8739989 ,
          0.81115425,  0.82736267],
        ...,
        [-0.81850023, -0.8796786 , -0.8739989 , ...,  0.        ,
         -0.11698028, -0.08885865],
        [-0.74567471, -0.81800678, -0.81115425, ...,  0.11698028,
          0.        ,  0.02826896],
        [-0.7642126 , -0.83394041, -0.82736267, ...,  0.08885865,
         -0.02826896,  0.        ]],

       [[ 0.        ,  0.26717483,  0.15394036, ...,  0.31286591,
          0.61354097,  0.3692307 ],
        [-0.26717483,  0.        , -0.11564581, ...,  0.0477307 ,
          0.38025952,  0.10751279],
        [-0.15394036,  0.11564581,  0.        , ...,  0.16292446,
          0.48466666,  0.22176693],
        ...,
        [-0.31286591, -0.0477307 , -0.16292446, ...,  0.        ,
          0.33568096,  0.05993621],
        [-0.61354097, -0.38025952, -0.48466666, ..., -0.33568096,
          0.        , -0.27861902],
        [-0.3692307 , -0.10751279, -0.22176693, ..., -0.05993621,
          0.27861902,  0.        ]],

       [[ 0.        , -0.03418083, -0.04568283, ...,  0.98323225,
          0.97980716,  0.92551598],
        [ 0.03418083,  0.        , -0.01151099, ...,  0.97642458,
          0.97240035,  0.9120306 ],
        [ 0.04568283,  0.01151099,  0.        , ...,  0.97387514,
          0.9696502 ,  0.90724926],
        ...,
        [-0.98323225, -0.97642458, -0.97387514, ...,  0.        ,
          0.01791677,  0.20358348],
        [-0.97980716, -0.97240035, -0.9696502 , ..., -0.01791677,
          0.        ,  0.18600925],
        [-0.92551598, -0.9120306 , -0.90724926, ..., -0.20358348,
         -0.18600925,  0.        ]],

       ...,

       [[ 0.        , -0.02783573, -0.35347708, ...,  0.77035593,
          0.647319  ,  0.647319  ],
        [ 0.02783573,  0.        , -0.32730137, ...,  0.78780588,
          0.6682851 ,  0.6682851 ],
        [ 0.35347708,  0.32730137,  0.        , ...,  0.94600618,
          0.87495717,  0.87495717],
        ...,
        [-0.77035593, -0.78780588, -0.94600618, ...,  0.        ,
         -0.17444035, -0.17444035],
        [-0.647319  , -0.6682851 , -0.87495717, ...,  0.17444035,
          0.        ,  0.        ],
        [-0.647319  , -0.6682851 , -0.87495717, ...,  0.17444035,
          0.        ,  0.        ]],

       [[ 0.        , -0.04264798, -0.21376726, ...,  0.6134571 ,
          0.9310127 ,  0.98557838],
        [ 0.04264798,  0.        , -0.17191062, ...,  0.57921864,
          0.91459968,  0.97746479],
        [ 0.21376726,  0.17191062,  0.        , ...,  0.4304588 ,
          0.83146976,  0.92662276],
        ...,
        [-0.6134571 , -0.57921864, -0.4304588 , ...,  0.        ,
         -0.51134311, -0.67452996],
        [-0.9310127 , -0.91459968, -0.83146976, ...,  0.51134311,
          0.        , -0.20217754],
        [-0.98557838, -0.97746479, -0.92662276, ...,  0.67452996,
          0.20217754,  0.        ]],

       [[ 0.        , -0.07825705, -0.00741993, ..., -0.96196048,
         -0.54178682,  0.55064088],
        [ 0.07825705,  0.        ,  0.07085772, ..., -0.93763141,
         -0.47434898,  0.61427665],
        [ 0.00741993, -0.07085772,  0.        , ..., -0.95990696,
         -0.53553534,  0.55681945],
        ...,
        [ 0.96196048,  0.93763141,  0.95990696, ...,  0.        ,
          0.6605331 ,  0.95341789],
        [ 0.54178682,  0.47434898,  0.53553534, ..., -0.6605331 ,
          0.        ,  0.91507479],
        [-0.55064088, -0.61427665, -0.55681945, ..., -0.95341789,
         -0.91507479,  0.        ]]]), 'num': array([9.38349405e-01, 3.39695002e-01, 2.82384152e-06, 7.21270364e-03,
       7.41683677e-03, 7.04259271e-03, 6.09510202e-02, 0.00000000e+00,
       7.25353027e-03, 6.91160729e-03, 6.20026006e-03, 1.28199545e-06,
       7.82661438e-03, 5.99660019e-03])}
{'img': array([[[ 0.        ,  0.01181388, -0.08403135, ...,  0.81800678,
          0.83394041,  0.83394041],
        [-0.01181388,  0.        , -0.09579759, ...,  0.81115425,
          0.82736267,  0.82736267],
        [ 0.08403135,  0.09579759,  0.        , ...,  0.86344913,
          0.87736394,  0.87736394],
        ...,
        [-0.81800678, -0.81115425, -0.86344913, ...,  0.        ,
          0.02826896,  0.02826896],
        [-0.83394041, -0.82736267, -0.87736394, ..., -0.02826896,
          0.        ,  0.        ],
        [-0.83394041, -0.82736267, -0.87736394, ..., -0.02826896,
          0.        ,  0.        ]],

       [[ 0.        , -0.11564581, -0.0247395 , ...,  0.38025952,
          0.10751279,  0.3815146 ],
        [ 0.11564581,  0.        ,  0.0910369 , ...,  0.48466666,
          0.22176693,  0.48585352],
        [ 0.0247395 , -0.0910369 ,  0.        , ...,  0.4030242 ,
          0.13207599,  0.40426611],
        ...,
        [-0.38025952, -0.48466666, -0.4030242 , ...,  0.        ,
         -0.27861902,  0.0013574 ],
        [-0.10751279, -0.22176693, -0.13207599, ...,  0.27861902,
          0.        ,  0.2799224 ],
        [-0.3815146 , -0.48585352, -0.40426611, ..., -0.0013574 ,
         -0.2799224 ,  0.        ]],

       [[ 0.        , -0.01151099, -0.05424091, ...,  0.97240035,
          0.9120306 ,  0.9798515 ],
        [ 0.01151099,  0.        , -0.04274327, ...,  0.9696502 ,
          0.90724926,  0.97748752],
        [ 0.05424091,  0.04274327,  0.        , ...,  0.95831345,
          0.88844258,  0.96757564],
        ...,
        [-0.97240035, -0.9696502 , -0.95831345, ...,  0.        ,
          0.18600925, -0.03440254],
        [-0.9120306 , -0.90724926, -0.88844258, ..., -0.18600925,
          0.        , -0.21970129],
        [-0.9798515 , -0.97748752, -0.96757564, ...,  0.03440254,
          0.21970129,  0.        ]],

       ...,

       [[ 0.        , -0.32730137, -0.26802874, ...,  0.6682851 ,
          0.6682851 , -0.48312201],
        [ 0.32730137,  0.        ,  0.06206   , ...,  0.87495717,
          0.87495717, -0.16994194],
        [ 0.26802874, -0.06206   ,  0.        , ...,  0.84322115,
          0.84322115, -0.23077164],
        ...,
        [-0.6682851 , -0.87495717, -0.84322115, ...,  0.        ,
          0.        , -0.94451605],
        [-0.6682851 , -0.87495717, -0.84322115, ...,  0.        ,
          0.        , -0.94451605],
        [ 0.48312201,  0.16994194,  0.23077164, ...,  0.94451605,
          0.94451605,  0.        ]],

       [[ 0.        , -0.17191062, -0.22234344, ...,  0.91459968,
          0.97746479,  0.98207983],
        [ 0.17191062,  0.        , -0.05142589, ...,  0.83146976,
          0.92662276,  0.93505997],
        [ 0.22234344,  0.05142589,  0.        , ...,  0.80179889,
          0.90606092,  0.91559277],
        ...,
        [-0.91459968, -0.83146976, -0.80179889, ...,  0.        ,
         -0.20217754, -0.22474393],
        [-0.97746479, -0.92662276, -0.90606092, ...,  0.20217754,
          0.        , -0.02309731],
        [-0.98207983, -0.93505997, -0.91559277, ...,  0.22474393,
          0.02309731,  0.        ]],

       [[ 0.        ,  0.04586884, -0.03020706, ..., -0.36868915,
          0.25212828,  0.81377381],
        [-0.04586884,  0.        , -0.07602317, ..., -0.4109386 ,
          0.20747592,  0.78625916],
        [ 0.03020706,  0.07602317,  0.        , ..., -0.34044185,
          0.28124441,  0.83095825],
        ...,
        [ 0.36868915,  0.4109386 ,  0.34044185, ...,  0.        ,
          0.59114475,  0.97072108],
        [-0.25212828, -0.20747592, -0.28124441, ..., -0.59114475,
          0.        ,  0.64095154],
        [-0.81377381, -0.78625916, -0.83095825, ..., -0.97072108,
         -0.64095154,  0.        ]]]), 'num': array([9.94037279e-01, 9.91943630e-02, 4.18150895e-06, 7.64823005e-03,
       7.77331793e-03, 7.43379370e-03, 4.01670747e-02, 7.14787855e-05,
       7.60534278e-03, 7.31406673e-03, 6.53911756e-03, 2.50175749e-06,
       8.23536007e-03, 6.39277340e-03])}
{'img': array([[[ 0.        , -0.09579759, -0.14485807, ...,  0.82736267,
          0.82736267,  0.85880996],
        [ 0.09579759,  0.        , -0.04940469, ...,  0.87736394,
          0.87736394,  0.90393671],
        [ 0.14485807,  0.04940469,  0.        , ...,  0.89999817,
          0.89999817,  0.92396158],
        ...,
        [-0.82736267, -0.87736394, -0.89999817, ...,  0.        ,
          0.        ,  0.05851295],
        [-0.82736267, -0.87736394, -0.89999817, ...,  0.        ,
          0.        ,  0.05851295],
        [-0.85880996, -0.90393671, -0.92396158, ..., -0.05851295,
         -0.05851295,  0.        ]],

       [[ 0.        ,  0.0910369 ,  0.06557365, ...,  0.22176693,
          0.48585352,  0.29877478],
        [-0.0910369 ,  0.        , -0.02553962, ...,  0.13207599,
          0.40426611,  0.21065545],
        [-0.06557365,  0.02553962,  0.        , ...,  0.15734878,
          0.42749383,  0.23555325],
        ...,
        [-0.22176693, -0.13207599, -0.15734878, ...,  0.        ,
          0.2799224 ,  0.07969777],
        [-0.48585352, -0.40426611, -0.42749383, ..., -0.2799224 ,
          0.        , -0.20252033],
        [-0.29877478, -0.21065545, -0.23555325, ..., -0.07969777,
          0.20252033,  0.        ]],

       [[ 0.        , -0.04274327, -0.13505327, ...,  0.90724926,
          0.97748752,  0.9878416 ],
        [ 0.04274327,  0.        , -0.09257817, ...,  0.88844258,
          0.96757564,  0.98029377],
        [ 0.13505327,  0.09257817,  0.        , ...,  0.84213484,
          0.94003678,  0.95779544],
        ...,
        [-0.90724926, -0.88844258, -0.84213484, ...,  0.        ,
         -0.21970129, -0.27443524],
        [-0.97748752, -0.96757564, -0.94003678, ...,  0.21970129,
          0.        , -0.05646402],
        [-0.9878416 , -0.98029377, -0.95779544, ...,  0.27443524,
          0.05646402,  0.        ]],

       ...,

       [[ 0.        ,  0.06206   , -0.57640375, ...,  0.87495717,
         -0.16994194,  0.99950121],
        [-0.06206   ,  0.        , -0.62600595, ...,  0.84322115,
         -0.23077164,  0.99953448],
        [ 0.57640375,  0.62600595,  0.        , ...,  0.9940793 ,
          0.42914881,  0.79855423],
        ...,
        [-0.87495717, -0.84322115, -0.9940793 , ...,  0.        ,
         -0.94451605,  0.51159054],
        [ 0.16994194,  0.23077164, -0.42914881, ...,  0.94451605,
          0.        ,  0.97959566],
        [-0.99950121, -0.99953448, -0.79855423, ..., -0.51159054,
         -0.97959566,  0.        ]],

       [[ 0.        , -0.05142589, -0.0414388 , ...,  0.92662276,
          0.93505997,  0.92794638],
        [ 0.05142589,  0.        ,  0.00999775, ...,  0.90606092,
          0.91559277,  0.9075514 ],
        [ 0.0414388 , -0.00999775,  0.        , ...,  0.91024616,
          0.91956717,  0.91170451],
        ...,
        [-0.92662276, -0.90606092, -0.91024616, ...,  0.        ,
         -0.02309731, -0.00353574],
        [-0.93505997, -0.91559277, -0.91956717, ...,  0.02309731,
          0.        ,  0.01956237],
        [-0.92794638, -0.9075514 , -0.91170451, ...,  0.00353574,
         -0.01956237,  0.        ]],

       [[ 0.        , -0.06531459, -0.16233971, ...,  0.17048974,
          0.48814225,  0.86164634],
        [ 0.06531459,  0.        , -0.09754488, ...,  0.23448405,
          0.54410416,  0.89295424],
        [ 0.16233971,  0.09754488,  0.        , ...,  0.32819115,
          0.62335127,  0.93260544],
        ...,
        [-0.17048974, -0.23448405, -0.32819115, ...,  0.        ,
          0.33219826,  0.76250626],
        [-0.48814225, -0.54410416, -0.62335127, ..., -0.33219826,
          0.        ,  0.5042773 ],
        [-0.86164634, -0.89295424, -0.93260544, ..., -0.76250626,
         -0.5042773 ,  0.        ]]]), 'num': array([9.94581527e-01, 9.92486731e-02, 4.18379838e-06, 7.65241755e-03,
       7.74181495e-03, 7.59877911e-03, 2.27052235e-02, 0.00000000e+00,
       7.60235501e-03, 7.37349766e-03, 6.56832507e-03, 2.70608350e-06,
       8.23367721e-03, 6.51331811e-03])}
{'img': array([[[ 0.        , -0.04940469, -0.0122527 , ...,  0.87736394,
          0.90393671,  0.90393671],
        [ 0.04940469,  0.        ,  0.03716324, ...,  0.89999817,
          0.92396158,  0.92396158],
        [ 0.0122527 , -0.03716324,  0.        , ...,  0.88317724,
          0.90910892,  0.90910892],
        ...,
        [-0.87736394, -0.89999817, -0.88317724, ...,  0.        ,
          0.05851295,  0.05851295],
        [-0.90393671, -0.92396158, -0.90910892, ..., -0.05851295,
          0.        ,  0.        ],
        [-0.90393671, -0.92396158, -0.90910892, ..., -0.05851295,
          0.        ,  0.        ]],

       [[ 0.        , -0.02553962,  0.02717431, ...,  0.40426611,
          0.21065545,  0.00161419],
        [ 0.02553962,  0.        ,  0.05269563, ...,  0.42749383,
          0.23555325,  0.02715325],
        [-0.02717431, -0.05269563,  0.        , ...,  0.37926207,
          0.18401313, -0.02556068],
        ...,
        [-0.40426611, -0.42749383, -0.37926207, ...,  0.        ,
         -0.20252033, -0.40278917],
        [-0.21065545, -0.23555325, -0.18401313, ...,  0.20252033,
          0.        , -0.2090772 ],
        [-0.00161419, -0.02715325,  0.02556068, ...,  0.40278917,
          0.2090772 ,  0.        ]],

       [[ 0.        , -0.09257817, -0.16845883, ...,  0.96757564,
          0.98029377,  0.98482102],
        [ 0.09257817,  0.        , -0.07648025, ...,  0.94003678,
          0.95779544,  0.96452256],
        [ 0.16845883,  0.07648025,  0.        , ...,  0.91119814,
          0.93300584,  0.94150674],
        ...,
        [-0.96757564, -0.94003678, -0.91119814, ...,  0.        ,
         -0.05646402, -0.08080256],
        [-0.98029377, -0.95779544, -0.93300584, ...,  0.05646402,
          0.        , -0.02439426],
        [-0.98482102, -0.96452256, -0.94150674, ...,  0.08080256,
          0.02439426,  0.        ]],

       ...,

       [[ 0.        , -0.60705686, -0.44658327, ..., -0.222005  ,
          0.98269401,  0.85739406],
        [ 0.60705686,  0.        ,  0.18827817, ...,  0.41548995,
          0.893355  ,  0.3689072 ],
        [ 0.44658327, -0.18827817,  0.        , ...,  0.23680181,
          0.9619811 ,  0.53730777],
        ...,
        [ 0.222005  , -0.41548995, -0.23680181, ...,  0.        ,
          0.99929478,  0.72174104],
        [-0.98269401, -0.893355  , -0.9619811 , ..., -0.99929478,
          0.        ,  0.66457426],
        [-0.85739406, -0.3689072 , -0.53730777, ..., -0.72174104,
         -0.66457426,  0.        ]],

       [[ 0.        ,  0.00999775, -0.01605212, ...,  0.91559277,
          0.9075514 ,  0.91124459],
        [-0.00999775,  0.        , -0.02604778, ...,  0.91956717,
          0.91170451,  0.91531678],
        [ 0.01605212,  0.02604778,  0.        , ...,  0.90902013,
          0.90069352,  0.90451587],
        ...,
        [-0.91559277, -0.91956717, -0.90902013, ...,  0.        ,
          0.01956237,  0.01068354],
        [-0.9075514 , -0.91170451, -0.90069352, ..., -0.01956237,
          0.        , -0.00887975],
        [-0.91124459, -0.91531678, -0.90451587, ..., -0.01068354,
          0.00887975,  0.        ]],

       [[ 0.        , -0.08598818, -0.13826239, ...,  0.44098153,
          0.61274075,  0.94182603],
        [ 0.08598818,  0.        , -0.05258797, ...,  0.51652399,
          0.67842633,  0.96723835],
        [ 0.13826239,  0.05258797,  0.        , ...,  0.56083892,
          0.71612232,  0.97925048],
        ...,
        [-0.44098153, -0.51652399, -0.56083892, ...,  0.        ,
          0.2014441 ,  0.69708986],
        [-0.61274075, -0.67842633, -0.71612232, ..., -0.2014441 ,
          0.        ,  0.53836738],
        [-0.94182603, -0.96723835, -0.97925048, ..., -0.69708986,
         -0.53836738,  0.        ]]]), 'num': array([ 9.96589569e-01,  6.95297575e-02,  4.38326152e-06,  7.66165133e-03,
        7.86089049e-03,  7.62542603e-03,  3.90021885e-02, -9.05632545e-05,
        7.70512169e-03,  7.52399519e-03,  6.68085129e-03,  2.54047571e-06,
        8.29521136e-03,  6.75277901e-03])}
{'img': array([[[ 0.        ,  0.03716324,  0.06157495, ...,  0.92396158,
          0.92396158,  0.89371228],
        [-0.03716324,  0.        ,  0.02443969, ...,  0.90910892,
          0.90910892,  0.87642197],
        [-0.06157495, -0.02443969,  0.        , ...,  0.89865682,
          0.89865682,  0.86439141],
        ...,
        [-0.92396158, -0.90910892, -0.89865682, ...,  0.        ,
          0.        , -0.07269485],
        [-0.92396158, -0.90910892, -0.89865682, ...,  0.        ,
          0.        , -0.07269485],
        [-0.89371228, -0.87642197, -0.86439141, ...,  0.07269485,
          0.07269485,  0.        ]],

       [[ 0.        ,  0.05269563,  0.06868312, ...,  0.23555325,
          0.02715325,  0.21904496],
        [-0.05269563,  0.        ,  0.01601651, ...,  0.18401313,
         -0.02556068,  0.16732472],
        [-0.06868312, -0.01601651,  0.        , ...,  0.16824652,
         -0.04156867,  0.15151255],
        ...,
        [-0.23555325, -0.18401313, -0.16824652, ...,  0.        ,
         -0.2090772 , -0.01695144],
        [-0.02715325,  0.02556068,  0.04156867, ...,  0.2090772 ,
          0.        ,  0.19247037],
        [-0.21904496, -0.16732472, -0.15151255, ...,  0.01695144,
         -0.19247037,  0.        ]],

       [[ 0.        , -0.07648025, -0.10287017, ...,  0.95779544,
          0.96452256,  0.96129915],
        [ 0.07648025,  0.        , -0.02649437, ...,  0.93300584,
          0.94150674,  0.93741277],
        [ 0.10287017,  0.02649437,  0.        , ...,  0.92314403,
          0.93224779,  0.92785783],
        ...,
        [-0.95779544, -0.93300584, -0.92314403, ...,  0.        ,
         -0.02439426, -0.01244705],
        [-0.96452256, -0.94150674, -0.93224779, ...,  0.02439426,
          0.        ,  0.01194903],
        [-0.96129915, -0.93741277, -0.92785783, ...,  0.01244705,
         -0.01194903,  0.        ]],

       ...,

       [[ 0.        ,  0.18827817,  0.        , ...,  0.893355  ,
          0.3689072 ,  0.88939063],
        [-0.18827817,  0.        , -0.18827817, ...,  0.9619811 ,
          0.53730777,  0.95955553],
        [ 0.        ,  0.18827817,  0.        , ...,  0.893355  ,
          0.3689072 ,  0.88939063],
        ...,
        [-0.893355  , -0.9619811 , -0.893355  , ...,  0.        ,
          0.66457426,  0.00874637],
        [-0.3689072 , -0.53730777, -0.3689072 , ..., -0.66457426,
          0.        , -0.65801336],
        [-0.88939063, -0.95955553, -0.88939063, ..., -0.00874637,
          0.65801336,  0.        ]],

       [[ 0.        , -0.02604778, -0.04395448, ...,  0.91170451,
          0.91531678,  0.93869926],
        [ 0.02604778,  0.        , -0.01791696, ...,  0.90069352,
          0.90451587,  0.92940112],
        [ 0.04395448,  0.01791696,  0.        , ...,  0.89276483,
          0.89673016,  0.9226393 ],
        ...,
        [-0.91170451, -0.90069352, -0.89276483, ...,  0.        ,
         -0.00887975, -0.07136296],
        [-0.91531678, -0.90451587, -0.89673016, ...,  0.00887975,
          0.        , -0.06250303],
        [-0.93869926, -0.92940112, -0.9226393 , ...,  0.07136296,
          0.06250303,  0.        ]],

       [[ 0.        , -0.04674793, -0.08229291, ...,  0.56329298,
          0.72662448,  0.99052824],
        [ 0.04674793,  0.        , -0.03561357, ...,  0.60130296,
          0.75794753,  0.99586423],
        [ 0.08229291,  0.03561357,  0.        , ...,  0.62937751,
          0.78069801,  0.99846812],
        ...,
        [-0.56329298, -0.60130296, -0.62937751, ...,  0.        ,
          0.21337684,  0.74108585],
        [-0.72662448, -0.75794753, -0.78069801, ..., -0.21337684,
          0.        ,  0.58075522],
        [-0.99052824, -0.99586423, -0.99846812, ..., -0.74108585,
         -0.58075522,  0.        ]]]), 'num': array([9.99584235e-01, 8.21413193e-03, 4.66527107e-06, 7.68503956e-03,
       7.77545179e-03, 7.64887467e-03, 1.75865892e-02, 3.61648920e-05,
       7.69588903e-03, 7.56298305e-03, 6.69834075e-03, 2.04706936e-06,
       8.22726380e-03, 6.89870230e-03])}
{'img': array([[[ 0.        ,  0.02443969, -0.04968998, ...,  0.90910892,
          0.87642197,  0.88982739],
        [-0.02443969,  0.        , -0.07408464, ...,  0.89865682,
          0.86439141,  0.87840984],
        [ 0.04968998,  0.07408464,  0.        , ...,  0.92868467,
          0.89926723,  0.91140158],
        ...,
        [-0.90910892, -0.89865682, -0.92868467, ...,  0.        ,
         -0.07269485, -0.04415879],
        [-0.87642197, -0.86439141, -0.89926723, ...,  0.07269485,
          0.        ,  0.02858198],
        [-0.88982739, -0.87840984, -0.91140158, ...,  0.04415879,
         -0.02858198,  0.        ]],

       [[ 0.        ,  0.01601651, -0.0146402 , ..., -0.02556068,
          0.16732472, -0.12094395],
        [-0.01601651,  0.        , -0.03065311, ..., -0.04156867,
          0.15151255, -0.13682737],
        [ 0.0146402 ,  0.03065311,  0.        , ..., -0.01092252,
          0.18174059, -0.10639826],
        ...,
        [ 0.02556068,  0.04156867,  0.01092252, ...,  0.        ,
          0.19247037, -0.09553139],
        [-0.16732472, -0.15151255, -0.18174059, ..., -0.19247037,
          0.        , -0.28533531],
        [ 0.12094395,  0.13682737,  0.10639826, ...,  0.09553139,
          0.28533531,  0.        ]],

       [[ 0.        , -0.02649437, -0.08584427, ...,  0.94150674,
          0.93741277,  0.93300584],
        [ 0.02649437,  0.        , -0.05941757, ...,  0.93224779,
          0.92785783,  0.92314403],
        [ 0.08584427,  0.05941757,  0.        , ...,  0.90910221,
          0.90405967,  0.89866969],
        ...,
        [-0.94150674, -0.93224779, -0.90910221, ...,  0.        ,
          0.01194903,  0.02439426],
        [-0.93741277, -0.92785783, -0.90405967, ..., -0.01194903,
          0.        ,  0.01244705],
        [-0.93300584, -0.92314403, -0.89866969, ..., -0.02439426,
         -0.01244705,  0.        ]],

       ...,

       [[ 0.        , -0.18827817, -0.41523555, ...,  0.53730777,
          0.95955553,  0.91468333],
        [ 0.18827817,  0.        , -0.23653009, ...,  0.3689072 ,
          0.88939063,  0.97442152],
        [ 0.41523555,  0.23653009,  0.        , ...,  0.13859242,
          0.75602417,  0.99992644],
        ...,
        [-0.53730777, -0.3689072 , -0.13859242, ...,  0.        ,
         -0.65801336, -0.9885957 ],
        [-0.95955553, -0.88939063, -0.75602417, ...,  0.65801336,
          0.        , -0.64532588],
        [-0.91468333, -0.97442152, -0.99992644, ...,  0.9885957 ,
          0.64532588,  0.        ]],

       [[ 0.        , -0.01791696,  0.02220151, ...,  0.90451587,
          0.92940112,  0.95278936],
        [ 0.01791696,  0.        ,  0.0401105 , ...,  0.89673016,
          0.9226393 ,  0.94719625],
        [-0.02220151, -0.0401105 ,  0.        , ...,  0.91376053,
          0.93736598,  0.95929561],
        ...,
        [-0.90451587, -0.89673016, -0.91376053, ...,  0.        ,
         -0.06250303, -0.13166745],
        [-0.92940112, -0.9226393 , -0.93736598, ...,  0.06250303,
          0.        , -0.06945113],
        [-0.95278936, -0.94719625, -0.95929561, ...,  0.13166745,
          0.06945113,  0.        ]],

       [[ 0.        , -0.03245223, -0.08327164, ...,  0.65977233,
          0.82892917,  0.99999376],
        [ 0.03245223,  0.        , -0.05088826, ...,  0.68381155,
          0.84664484,  0.99935237],
        [ 0.08327164,  0.05088826,  0.        , ...,  0.72005664,
          0.8726285 ,  0.99622641],
        ...,
        [-0.65977233, -0.68381155, -0.72005664, ...,  0.        ,
          0.25386571,  0.75379226],
        [-0.82892917, -0.84664484, -0.8726285 , ..., -0.25386571,
          0.        ,  0.56227923],
        [-0.99999376, -0.99935237, -0.99622641, ..., -0.75379226,
         -0.56227923,  0.        ]]]), 'num': array([ 9.99374793e-01,  8.34879032e-03,  4.74175121e-06,  7.68237211e-03,
        7.86616092e-03,  7.64561435e-03,  2.67117549e-02, -1.28652165e-04,
        7.79999695e-03,  7.73107615e-03,  6.83418677e-03,  1.77451261e-06,
        8.27033581e-03,  7.19181648e-03])}
{'img': array([[[ 0.00000000e+00, -7.40846395e-02,  1.18660558e-01, ...,
          8.64391405e-01,  8.78409839e-01,  8.27713580e-01],
        [ 7.40846395e-02,  0.00000000e+00,  1.91895697e-01, ...,
          8.99267226e-01,  9.11401581e-01,  8.67011643e-01],
        [-1.18660558e-01, -1.91895697e-01,  0.00000000e+00, ...,
          7.98619526e-01,  8.15494924e-01,  7.55279214e-01],
        ...,
        [-8.64391405e-01, -8.99267226e-01, -7.98619526e-01, ...,
          0.00000000e+00,  2.85819821e-02, -6.88633667e-02],
        [-8.78409839e-01, -9.11401581e-01, -8.15494924e-01, ...,
         -2.85819821e-02,  0.00000000e+00, -9.73493640e-02],
        [-8.27713580e-01, -8.67011643e-01, -7.55279214e-01, ...,
