state_0,state_1,state_2,state_3,state_4,state_5,state_6,state_7,state_8,state_9,state_10,state_11,state_12,state_13,state_14,state_15,state_16,state_17,state_18,state_19,state_20,state_21,state_22,state_23,state_24,state_25,state_26,state_27,state_28,state_29,state_30,state_31,state_32,state_33,state_34,state_35,state_36,state_37,state_38,state_39,state_40,state_41,state_42,state_43,state_44,state_45,state_46,state_47,state_48,state_49,state_50,state_51,state_52,state_53,state_54,state_55,state_56,state_57,state_58,state_59,state_60,state_61,state_62,state_63,state_64,state_65,state_66,state_67,state_68,state_69,state_70,state_71,state_72,state_73,state_74,state_75,state_76,state_77,state_78,state_79,state_80,state_81,state_82,state_83,state_84,state_85,state_86,state_87,state_88,state_89,state_90,state_91,state_92,state_93,state_94,state_95,state_96,state_97,state_98,state_99,state_100,state_101,state_102,state_103,state_104,state_105,state_106,state_107,state_108,state_109,state_110,state_111,state_112,state_113,state_114,state_115,state_116,state_117,state_118,state_119,state_120,state_121,state_122,state_123,state_124,state_125,state_126,state_127,state_128,state_129,state_130,state_131,state_132,state_133,state_134,state_135,state_136,state_137,state_138,state_139,state_140,state_141,state_142,state_143,state_144,state_145,state_146,state_147,state_148,state_149,state_150,state_151,state_152,state_153,state_154,state_155,state_156,state_157,state_158,state_159,state_160,state_161,state_162,state_163,state_164,state_165,state_166,state_167,state_168,state_169,state_170,state_171,state_172,state_173,state_174,state_175,state_176,state_177,state_178,state_179,state_180,state_181,state_182,state_183,state_184,state_185,state_186,state_187,state_188,state_189,state_190,state_191,state_192,state_193,state_194,state_195,state_196,state_197,state_198,state_199,state_200,state_201,state_202,state_203,state_204,state_205,state_206,state_207,state_208,state_209,state_210,state_211,state_212,state_213,state_214,state_215,state_216,state_217,state_218,state_219,state_220,state_221,state_222,state_223,state_224,state_225,state_226,state_227,state_228,state_229,state_230,state_231,state_232,state_233,state_234,state_235,state_236,state_237,state_238,state_239,state_240,state_241,state_242,state_243,state_244,state_245,state_246,state_247,state_248,state_249,state_250,state_251,state_252,state_253,state_254,state_255,state_256,state_257,state_258,state_259,state_260,state_261,state_262,state_263,state_264,state_265,state_266,state_267,state_268,state_269,state_270,state_271,state_272,state_273,state_274,state_275,state_276,state_277,state_278,state_279,state_280,state_281,state_282,state_283,state_284,state_285,state_286,state_287
{'img': array([[[ 0.        , -0.27251937, -0.22896392, ..., -0.47595325,
         -0.36427096,  0.54434328],
        [ 0.27251937,  0.        ,  0.04498216, ..., -0.2182658 ,
         -0.09668803,  0.75234634],
        [ 0.22896392, -0.04498216,  0.        , ..., -0.26194248,
         -0.14136157,  0.72195201],
        ...,
        [ 0.47595325,  0.2182658 ,  0.26194248, ...,  0.        ,
          0.12288635,  0.87799326],
        [ 0.36427096,  0.09668803,  0.14136157, ..., -0.12288635,
          0.        ,  0.81251636],
        [-0.54434328, -0.75234634, -0.72195201, ..., -0.87799326,
         -0.81251636,  0.        ]],

       [[ 0.        ,  0.4644177 ,  0.17833615, ...,  0.93338212,
          0.64258769,  0.45696563],
        [-0.4644177 ,  0.        , -0.29903551, ...,  0.65994627,
          0.21324363,  0.81778848],
        [-0.17833615,  0.29903551,  0.        , ...,  0.85441764,
          0.49564344,  0.60826751],
        ...,
        [-0.93338212, -0.65994627, -0.85441764, ...,  0.        ,
         -0.48455421,  0.9942265 ],
        [-0.64258769, -0.21324363, -0.49564344, ...,  0.48455421,
          0.        ,  0.92170431],
        [-0.45696563, -0.81778848, -0.60826751, ..., -0.9942265 ,
         -0.92170431,  0.        ]],

       [[ 0.        , -0.3661112 , -0.43519557, ..., -0.9394576 ,
         -0.89850183, -0.78518527],
        [ 0.3661112 ,  0.        , -0.07535735, ..., -0.74877854,
         -0.6754081 , -0.50395237],
        [ 0.43519557,  0.07535735,  0.        , ..., -0.69670108,
         -0.6179158 , -0.43743092],
        ...,
        [ 0.9394576 ,  0.74877854,  0.69670108, ...,  0.        ,
          0.10450819,  0.31271373],
        [ 0.89850183,  0.6754081 ,  0.6179158 , ..., -0.10450819,
          0.        ,  0.21173448],
        [ 0.78518527,  0.50395237,  0.43743092, ..., -0.31271373,
         -0.21173448,  0.        ]],

       ...,

       [[ 0.        , -0.10529072, -0.03074808, ...,  0.93571251,
          0.99445863,  0.89894247],
        [ 0.10529072,  0.        ,  0.07466377, ...,  0.96765406,
          0.97786184,  0.84782132],
        [ 0.03074808, -0.07466377,  0.        , ...,  0.94611687,
          0.99075591,  0.88504771],
        ...,
        [-0.93571251, -0.96765406, -0.94611687, ...,  0.        ,
          0.44917896,  0.72701861],
        [-0.99445863, -0.97786184, -0.99075591, ..., -0.44917896,
          0.        ,  0.34113457],
        [-0.89894247, -0.84782132, -0.88504771, ..., -0.72701861,
         -0.34113457,  0.        ]],

       [[ 0.        , -0.22308326, -0.35963964, ..., -0.74945012,
         -0.85659819, -0.98499163],
        [ 0.22308326,  0.        , -0.14241946, ..., -0.87825821,
         -0.9501188 , -0.99867389],
        [ 0.35963964,  0.14241946,  0.        , ..., -0.93740868,
         -0.98485262, -0.98116166],
        ...,
        [ 0.74945012,  0.87825821,  0.93740868, ...,  0.        ,
          0.18041579,  0.5227677 ],
        [ 0.85659819,  0.9501188 ,  0.98485262, ..., -0.18041579,
          0.        ,  0.36038933],
        [ 0.98499163,  0.99867389,  0.98116166, ..., -0.5227677 ,
         -0.36038933,  0.        ]],

       [[ 0.        , -0.30404741, -0.39627076, ..., -0.9613793 ,
         -0.97091384, -0.99335723],
        [ 0.30404741,  0.        , -0.09835391, ..., -0.8321826 ,
         -0.85214995, -0.91134149],
        [ 0.39627076,  0.09835391,  0.        , ..., -0.77361035,
         -0.79654993, -0.86643535],
        ...,
        [ 0.9613793 ,  0.8321826 ,  0.77361035, ...,  0.        ,
         -0.03703937, -0.16277146],
        [ 0.97091384,  0.85214995,  0.79654993, ...,  0.03703937,
          0.        , -0.12611436],
        [ 0.99335723,  0.91134149,  0.86643535, ...,  0.16277146,
          0.12611436,  0.        ]]]), 'num': array([ 9.96317891e-01,  8.51023889e-02,  1.93258855e-05,  1.95960323e-03,
        2.00947648e-03,  1.90972998e-03,  9.09014845e-03, -2.07805221e-06,
        1.82868594e-03,  1.64966174e-03,  1.57000308e-03,  3.54632848e-06,
        1.88827888e-03,  1.41104461e-03])}
{'img': array([[[ 0.        ,  0.04498216,  0.05155992, ..., -0.09668803,
          0.75234634,  0.68472013],
        [-0.04498216,  0.        ,  0.0065854 , ..., -0.14136157,
          0.72195201,  0.65124378],
        [-0.05155992, -0.0065854 ,  0.        , ..., -0.14787777,
          0.71737964,  0.6462322 ],
        ...,
        [ 0.09668803,  0.14136157,  0.14787777, ...,  0.        ,
          0.81251636,  0.75197886],
        [-0.75234634, -0.72195201, -0.71737964, ..., -0.81251636,
          0.        , -0.09724305],
        [-0.68472013, -0.65124378, -0.6462322 , ..., -0.75197886,
          0.09724305,  0.        ]],

       [[ 0.        , -0.29903551, -0.23573106, ...,  0.21324363,
          0.81778848,  0.83329641],
        [ 0.29903551,  0.        ,  0.06566372, ...,  0.49564344,
          0.60826751,  0.96048116],
        [ 0.23573106, -0.06566372,  0.        , ...,  0.43754309,
          0.65907416,  0.94013109],
        ...,
        [-0.21324363, -0.49564344, -0.43754309, ...,  0.        ,
          0.92170431,  0.69624308],
        [-0.81778848, -0.60826751, -0.65907416, ..., -0.92170431,
          0.        , -0.93167294],
        [-0.83329641, -0.96048116, -0.94013109, ..., -0.69624308,
          0.93167294,  0.        ]],

       [[ 0.        , -0.24832219, -0.38375758, ..., -0.87131774,
         -0.73552812, -0.49902198],
        [ 0.24832219,  0.        , -0.1424282 , ..., -0.72216941,
         -0.54425269, -0.268198  ],
        [ 0.38375758,  0.1424282 ,  0.        , ..., -0.61628709,
         -0.41921804, -0.12825358],
        ...,
        [ 0.87131774,  0.72216941,  0.61628709, ...,  0.        ,
          0.22937491,  0.51019496],
        [ 0.73552812,  0.54425269,  0.41921804, ..., -0.22937491,
          0.        ,  0.29931632],
        [ 0.49902198,  0.268198  ,  0.12825358, ..., -0.51019496,
         -0.29931632,  0.        ]],

       ...,

       [[ 0.        ,  0.07466377, -0.02036523, ...,  0.97786184,
          0.84782132,  0.86074178],
        [-0.07466377,  0.        , -0.09495667, ...,  0.99075591,
          0.88504771,  0.89634623],
        [ 0.02036523,  0.09495667,  0.        , ...,  0.97339758,
          0.83684618,  0.85019651],
        ...,
        [-0.97786184, -0.99075591, -0.97339758, ...,  0.        ,
          0.34113457,  0.31766099],
        [-0.84782132, -0.88504771, -0.83684618, ..., -0.34113457,
          0.        , -0.02485936],
        [-0.86074178, -0.89634623, -0.85019651, ..., -0.31766099,
          0.02485936,  0.        ]],

       [[ 0.        , -0.14241946, -0.23151037, ..., -0.9501188 ,
         -0.99867389, -0.95966832],
        [ 0.14241946,  0.        , -0.09060018, ..., -0.98485262,
         -0.98116166, -0.90984679],
        [ 0.23151037,  0.09060018,  0.        , ..., -0.99651175,
         -0.95962356, -0.86851088],
        ...,
        [ 0.9501188 ,  0.98485262,  0.99651175, ...,  0.        ,
          0.36038933,  0.56642059],
        [ 0.99867389,  0.98116166,  0.95962356, ..., -0.36038933,
          0.        ,  0.23135553],
        [ 0.95966832,  0.90984679,  0.86851088, ..., -0.56642059,
         -0.23135553,  0.        ]],

       [[ 0.        , -0.26357187, -0.36545382, ..., -0.96300607,
         -0.98985134, -0.99654565],
        [ 0.26357187,  0.        , -0.10719083, ..., -0.85792667,
         -0.91739462, -0.93941875],
        [ 0.36545382,  0.10719083,  0.        , ..., -0.79791203,
         -0.86944934, -0.89726428],
        ...,
        [ 0.96300607,  0.85792667,  0.79791203, ...,  0.        ,
         -0.1298952 , -0.18857424],
        [ 0.98985134,  0.91739462,  0.86944934, ...,  0.1298952 ,
          0.        , -0.05941185],
        [ 0.99654565,  0.93941875,  0.89726428, ...,  0.18857424,
          0.05941185,  0.        ]]]), 'num': array([ 7.07100839e-01,  7.07100839e-01,  0.00000000e+00,  8.54413514e-04,
        8.76510415e-04,  8.34158021e-04,  3.43198021e-03, -1.38105633e-05,
        8.29554500e-04,  7.37898395e-04,  6.96466705e-04,  1.47994678e-06,
        8.56128396e-04,  6.19668393e-04])}
{'img': array([[[ 0.        ,  0.0065854 ,  0.01988332, ...,  0.72195201,
          0.65124378,  0.40289844],
        [-0.0065854 ,  0.        ,  0.01329879, ...,  0.71737964,
          0.6462322 ,  0.39686246],
        [-0.01988332, -0.01329879,  0.        , ...,  0.70805116,
          0.6360262 ,  0.38462069],
        ...,
        [-0.72195201, -0.71737964, -0.70805116, ...,  0.        ,
         -0.09724305, -0.38197994],
        [-0.65124378, -0.6462322 , -0.6360262 , ...,  0.09724305,
          0.        , -0.29030043],
        [-0.40289844, -0.39686246, -0.38462069, ...,  0.38197994,
          0.29030043,  0.        ]],

       [[ 0.        ,  0.06566372, -0.60826751, ...,  0.60826751,
          0.96048116,  0.85441351],
        [-0.06566372,  0.        , -0.65907416, ...,  0.65907416,
          0.94013109,  0.81845107],
        [ 0.60826751,  0.65907416,  0.        , ...,  0.        ,
          0.93167294,  0.99422736],
        ...,
        [-0.60826751, -0.65907416, -0.        , ...,  0.        ,
         -0.93167294, -0.99422736],
        [-0.96048116, -0.94013109, -0.93167294, ...,  0.93167294,
          0.        , -0.26123819],
        [-0.85441351, -0.81845107, -0.99422736, ...,  0.99422736,
          0.26123819,  0.        ]],

       [[ 0.        , -0.16326028, -0.2391654 , ..., -0.57576913,
         -0.29619126,  0.19819129],
        [ 0.16326028,  0.        , -0.07743425, ..., -0.43456044,
         -0.1362827 ,  0.35555391],
        [ 0.2391654 ,  0.07743425,  0.        , ..., -0.36351507,
         -0.05916172,  0.42686071],
        ...,
        [ 0.57576913,  0.43456044,  0.36351507, ...,  0.        ,
          0.30776397,  0.72639145],
        [ 0.29619126,  0.1362827 ,  0.05916172, ..., -0.30776397,
          0.        ,  0.479614  ],
        [-0.19819129, -0.35555391, -0.42686071, ..., -0.72639145,
         -0.479614  ,  0.        ]],

       ...,

       [[ 0.        , -0.09495667, -0.01961571, ...,  0.88504771,
          0.89634623,  0.98133083],
        [ 0.09495667,  0.        ,  0.07541133, ...,  0.83684618,
          0.85019651,  0.95863383],
        [ 0.01961571, -0.07541133,  0.        , ...,  0.8757463 ,
          0.88747705,  0.97736938],
        ...,
        [-0.88504771, -0.83684618, -0.8757463 , ...,  0.        ,
         -0.02485936, -0.28659096],
        [-0.89634623, -0.85019651, -0.88747705, ...,  0.02485936,
          0.        , -0.26268581],
        [-0.98133083, -0.95863383, -0.97736938, ...,  0.28659096,
          0.26268581,  0.        ]],

       [[ 0.        , -0.09060018, -0.14121215, ..., -0.98116166,
         -0.90984679, -0.83446864],
        [ 0.09060018,  0.        , -0.05093909, ..., -0.95962356,
         -0.86851088, -0.78111104],
        [ 0.14121215,  0.05093909,  0.        , ..., -0.94404922,
         -0.84213436, -0.74829101],
        ...,
        [ 0.98116166,  0.95962356,  0.94404922, ...,  0.        ,
          0.23135553,  0.37946469],
        [ 0.90984679,  0.86851088,  0.84213436, ..., -0.23135553,
          0.        ,  0.15511796],
        [ 0.83446864,  0.78111104,  0.74829101, ..., -0.37946469,
         -0.15511796,  0.        ]],

       [[ 0.        , -0.26010187, -0.36291008, ..., -0.98668172,
         -0.9947289 , -0.9972475 ],
        [ 0.26010187,  0.        , -0.10804993, ..., -0.91041241,
         -0.93382069, -0.94363827],
        [ 0.36291008,  0.10804993,  0.        , ..., -0.86038192,
         -0.88969967, -0.90235149],
        ...,
        [ 0.98668172,  0.91041241,  0.86038192, ...,  0.        ,
         -0.06063115, -0.08905791],
        [ 0.9947289 ,  0.93382069,  0.88969967, ...,  0.06063115,
          0.        , -0.02850384],
        [ 0.9972475 ,  0.94363827,  0.90235149, ...,  0.08905791,
          0.02850384,  0.        ]]]), 'num': array([ 7.07103421e-01,  7.07103421e-01,  0.00000000e+00,  8.38764605e-04,
        8.55337341e-04,  8.30478237e-04,  2.11851131e-03, -1.56520289e-05,
        8.43736426e-04,  7.44207937e-04,  6.96960293e-04,  1.40699679e-06,
        8.69612365e-04,  6.18803508e-04])}
{'img': array([[[ 0.        ,  0.01329879,  0.13432368, ...,  0.6462322 ,
          0.39686246,  0.23108585],
        [-0.01329879,  0.        ,  0.12113353, ...,  0.6360262 ,
          0.38462069,  0.21812657],
        [-0.13432368, -0.12113353,  0.        , ...,  0.53786785,
          0.26997313,  0.09830365],
        ...,
        [-0.6462322 , -0.6360262 , -0.53786785, ...,  0.        ,
         -0.29030043, -0.45238982],
        [-0.39686246, -0.38462069, -0.26997313, ...,  0.29030043,
          0.        , -0.17401209],
        [-0.23108585, -0.21812657, -0.09830365, ...,  0.45238982,
          0.17401209,  0.        ]],

       [[ 0.        , -0.65907416, -0.05927399, ...,  0.94013109,
          0.81845107,  0.36737876],
        [ 0.65907416,  0.        ,  0.61333668, ...,  0.93167294,
          0.99422736,  0.88928351],
        [ 0.05927399, -0.61333668,  0.        , ...,  0.95867946,
          0.85106945,  0.42186186],
        ...,
        [-0.94013109, -0.93167294, -0.95867946, ...,  0.        ,
         -0.26123819, -0.74918159],
        [-0.81845107, -0.99422736, -0.85106945, ...,  0.26123819,
          0.        , -0.55013084],
        [-0.36737876, -0.88928351, -0.42186186, ...,  0.74918159,
          0.55013084,  0.        ]],

       [[ 0.        , -0.05307859, -0.07430366, ..., -0.09673187,
          0.13386846,  0.5243877 ],
        [ 0.05307859,  0.        , -0.02126705, ..., -0.04376583,
          0.18628058,  0.56884383],
        [ 0.07430366,  0.02126705,  0.        , ..., -0.02250926,
          0.20713325,  0.58620616],
        ...,
        [ 0.09673187,  0.04376583,  0.02250926, ...,  0.        ,
          0.22910187,  0.60429378],
        [-0.13386846, -0.18628058, -0.20713325, ..., -0.22910187,
          0.        ,  0.40568148],
        [-0.5243877 , -0.56884383, -0.58620616, ..., -0.60429378,
         -0.40568148,  0.        ]],

       ...,

       [[ 0.        ,  0.07541133,  0.37882911, ...,  0.85019651,
          0.95863383,  0.99092431],
        [-0.07541133,  0.        ,  0.30795973, ...,  0.88747705,
          0.97736938,  0.99823953],
        [-0.37882911, -0.30795973,  0.        , ...,  0.98626896,
          0.99501438,  0.96798999],
        ...,
        [-0.85019651, -0.88747705, -0.98626896, ...,  0.        ,
         -0.26268581, -0.40740314],
        [-0.95863383, -0.97736938, -0.99501438, ...,  0.26268581,
          0.        , -0.15319832],
        [-0.99092431, -0.99823953, -0.96798999, ...,  0.40740314,
          0.15319832,  0.        ]],

       [[ 0.        , -0.05093909, -0.17535967, ..., -0.86851088,
         -0.78111104, -0.70895823],
        [ 0.05093909,  0.        , -0.12498225, ..., -0.84213436,
         -0.74829101, -0.67211302],
        [ 0.17535967,  0.12498225,  0.        , ..., -0.76813226,
         -0.65951409, -0.57430004],
        ...,
        [ 0.86851088,  0.84213436,  0.76813226, ...,  0.        ,
          0.15511796,  0.2611083 ],
        [ 0.78111104,  0.74829101,  0.65951409, ..., -0.15511796,
          0.        ,  0.10821098],
        [ 0.70895823,  0.67211302,  0.57430004, ..., -0.2611083 ,
         -0.10821098,  0.        ]],

       [[ 0.        , -0.2598393 , -0.26843279, ..., -0.992549  ,
         -0.99567043, -0.99608441],
        [ 0.2598393 ,  0.        , -0.00890984, ..., -0.92679637,
         -0.93731799, -0.9388991 ],
        [ 0.26843279,  0.00890984,  0.        , ..., -0.92341337,
         -0.93417593, -0.93579513],
        ...,
        [ 0.992549  ,  0.92679637,  0.92341337, ...,  0.        ,
         -0.02905753, -0.03362055],
        [ 0.99567043,  0.93731799,  0.93417593, ...,  0.02905753,
          0.        , -0.00456525],
        [ 0.99608441,  0.9388991 ,  0.93579513, ...,  0.03362055,
          0.00456525,  0.        ]]]), 'num': array([7.07103702e-01, 7.07103702e-01, 0.00000000e+00, 8.60861928e-04,
       8.61782636e-04, 8.31399274e-04, 1.89253359e-03, 2.20969907e-05,
       8.58283946e-04, 7.51251648e-04, 6.97804551e-04, 1.59061373e-06,
       8.85907475e-04, 6.16595821e-04])}
{'img': array([[[ 0.        ,  0.12113353,  0.08383269, ...,  0.38462069,
          0.21812657,  0.47380884],
        [-0.12113353,  0.        , -0.03749175, ...,  0.26997313,
          0.09830365,  0.36364627],
        [-0.08383269,  0.03749175,  0.        , ...,  0.30588293,
          0.13554469,  0.39831556],
        ...,
        [-0.38462069, -0.26997313, -0.30588293, ...,  0.        ,
         -0.17401209,  0.09865331],
        [-0.21812657, -0.09830365, -0.13554469, ...,  0.17401209,
          0.        ,  0.27031144],
        [-0.47380884, -0.36364627, -0.39831556, ..., -0.09865331,
         -0.27031144,  0.        ]],

       [[ 0.        ,  0.61333668,  0.45619438, ...,  0.99422736,
          0.88928351,  0.83218249],
        [-0.61333668,  0.        , -0.18548397, ...,  0.85106945,
          0.42186186,  0.31717937],
        [-0.45619438,  0.18548397,  0.        , ...,  0.93369003,
          0.58271234,  0.48758206],
        ...,
        [-0.99422736, -0.85106945, -0.93369003, ...,  0.        ,
         -0.55013084, -0.64058895],
        [-0.88928351, -0.42186186, -0.58271234, ...,  0.55013084,
          0.        , -0.11250539],
        [-0.83218249, -0.31717937, -0.48758206, ...,  0.64058895,
          0.11250539,  0.        ]],

       [[ 0.        , -0.01747912,  0.01782771, ...,  0.14307915,
          0.31034164,  0.66655646],
        [ 0.01747912,  0.        ,  0.03530133, ...,  0.16035657,
          0.32691032,  0.67948452],
        [-0.01782771, -0.03530133,  0.        , ...,  0.12541212,
          0.29334484,  0.65316078],
        ...,
        [-0.14307915, -0.16035657, -0.12541212, ...,  0.        ,
          0.17113398,  0.55303943],
        [-0.31034164, -0.32691032, -0.29334484, ..., -0.17113398,
          0.        ,  0.40229972],
        [-0.66655646, -0.67948452, -0.65316078, ..., -0.55303943,
         -0.40229972,  0.        ]],

       ...,

       [[ 0.        ,  0.30795973,  0.32655474, ...,  0.97736938,
          0.99823953,  0.84414189],
        [-0.30795973,  0.        ,  0.01960713, ...,  0.99501438,
          0.96798999,  0.9682194 ],
        [-0.32655474, -0.01960713,  0.        , ...,  0.99286765,
          0.96288274,  0.97293706],
        ...,
        [-0.97736938, -0.99501438, -0.99286765, ...,  0.        ,
         -0.15319832,  0.34541747],
        [-0.99823953, -0.96798999, -0.96288274, ...,  0.15319832,
          0.        ,  0.4851088 ],
        [-0.84414189, -0.9682194 , -0.97293706, ..., -0.34541747,
         -0.4851088 ,  0.        ]],

       [[ 0.        , -0.12498225, -0.20646166, ..., -0.74829101,
         -0.67211302, -0.56707724],
        [ 0.12498225,  0.        , -0.08255332, ..., -0.65951409,
         -0.57430004, -0.45968732],
        [ 0.20646166,  0.08255332,  0.        , ..., -0.59520825,
         -0.5047579 , -0.38480423],
        ...,
        [ 0.74829101,  0.65951409,  0.59520825, ...,  0.        ,
          0.10821098,  0.24015845],
        [ 0.67211302,  0.57430004,  0.5047579 , ..., -0.10821098,
          0.        ,  0.13370418],
        [ 0.56707724,  0.45968732,  0.38480423, ..., -0.24015845,
         -0.13370418,  0.        ]],

       [[ 0.        , -0.06916234, -0.15466433, ..., -0.99370233,
         -0.99421306, -0.99541524],
        [ 0.06916234,  0.        , -0.08596386, ..., -0.98357304,
         -0.98440248, -0.98641641],
        [ 0.15466433,  0.08596386,  0.        , ..., -0.96441471,
         -0.96563476, -0.96864418],
        ...,
        [ 0.99370233,  0.98357304,  0.96441471, ...,  0.        ,
         -0.00465399, -0.01649297],
        [ 0.99421306,  0.98440248,  0.96563476, ...,  0.00465399,
          0.        , -0.01183944],
        [ 0.99541524,  0.98641641,  0.96864418, ...,  0.01649297,
          0.01183944,  0.        ]]]), 'num': array([7.07103055e-01, 7.07103055e-01, 0.00000000e+00, 8.63623263e-04,
       8.71909627e-04, 8.49812657e-04, 2.30557949e-03, 2.76212131e-06,
       8.57178313e-04, 7.59721466e-04, 6.98663240e-04, 1.56700738e-06,
       9.00149403e-04, 6.19293530e-04])}
{'img': array([[[ 0.        , -0.03749175, -0.17902642, ...,  0.09830365,
          0.36364627,  0.41346429],
        [ 0.03749175,  0.        , -0.14201451, ...,  0.13554469,
          0.39831556,  0.4473106 ],
        [ 0.17902642,  0.14201451,  0.        , ...,  0.27487478,
          0.52454105,  0.56979166],
        ...,
        [-0.09830365, -0.13554469, -0.27487478, ...,  0.        ,
          0.27031144,  0.32195419],
        [-0.36364627, -0.39831556, -0.52454105, ..., -0.27031144,
          0.        ,  0.05405   ],
        [-0.41346429, -0.4473106 , -0.56979166, ..., -0.32195419,
         -0.05405   ,  0.        ]],

       [[ 0.        , -0.18983862,  0.12723964, ...,  0.42597531,
          0.32071741,  0.50476381],
        [ 0.18983862,  0.        ,  0.31322144, ...,  0.58998268,
          0.49469565,  0.65946444],
        [-0.12723964, -0.31322144,  0.        , ...,  0.30739486,
          0.19759243,  0.39082052],
        ...,
        [-0.42597531, -0.58998268, -0.30739486, ...,  0.        ,
         -0.11330893,  0.088951  ],
        [-0.32071741, -0.49469565, -0.19759243, ...,  0.11330893,
          0.        ,  0.20123791],
        [-0.50476381, -0.65946444, -0.39082052, ..., -0.088951  ,
         -0.20123791,  0.        ]],

       [[ 0.        ,  0.03530133,  0.02553636, ...,  0.32691032,
          0.67948452,  0.59213922],
        [-0.03530133,  0.        , -0.00976938, ...,  0.29334484,
          0.65316078,  0.56332307],
        [-0.02553636,  0.00976938,  0.        , ...,  0.30267044,
          0.66052717,  0.57136801],
        ...,
        [-0.32691032, -0.29334484, -0.30267044, ...,  0.        ,
          0.40229972,  0.29616835],
        [-0.67948452, -0.65316078, -0.66052717, ..., -0.40229972,
          0.        , -0.11310634],
        [-0.59213922, -0.56332307, -0.57136801, ..., -0.29616835,
          0.11310634,  0.        ]],

       ...,

       [[ 0.        ,  0.01960713, -0.03701675, ...,  0.96798999,
          0.9682194 ,  0.98883503],
        [-0.01960713,  0.        , -0.05660333, ...,  0.96288274,
          0.97293706,  0.99156668],
        [ 0.03701675,  0.05660333,  0.        , ...,  0.97661737,
          0.95829785,  0.9826413 ],
        ...,
        [-0.96798999, -0.96288274, -0.97661737, ...,  0.        ,
          0.4851088 ,  0.39243092],
        [-0.9682194 , -0.97293706, -0.95829785, ..., -0.4851088 ,
          0.        , -0.10303139],
        [-0.98883503, -0.99156668, -0.9826413 , ..., -0.39243092,
          0.10303139,  0.        ]],

       [[ 0.        , -0.08255332, -0.13594179, ..., -0.57430004,
         -0.45968732, -0.34808183],
        [ 0.08255332,  0.        , -0.05369081, ..., -0.5047579 ,
         -0.38480423, -0.26950293],
        [ 0.13594179,  0.05369081,  0.        , ..., -0.45768066,
         -0.33469266, -0.21740997],
        ...,
        [ 0.57430004,  0.5047579 ,  0.45768066, ...,  0.        ,
          0.13370418,  0.25343028],
        [ 0.45968732,  0.38480423,  0.33469266, ..., -0.13370418,
          0.        ,  0.12181558],
        [ 0.34808183,  0.26950293,  0.21740997, ..., -0.25343028,
         -0.12181558,  0.        ]],

       [[ 0.        , -0.13858813, -0.26518302, ..., -0.99406872,
         -0.99528816, -0.99377871],
        [ 0.13858813,  0.        , -0.12899763, ..., -0.96940408,
         -0.97224607, -0.96875392],
        [ 0.26518302,  0.12899763,  0.        , ..., -0.92963952,
         -0.93394249, -0.9286654 ],
        ...,
        [ 0.99406872,  0.96940408,  0.92963952, ...,  0.        ,
         -0.01185525,  0.00263492],
        [ 0.99528816,  0.97224607,  0.93394249, ...,  0.01185525,
          0.        ,  0.01448994],
        [ 0.99377871,  0.96875392,  0.9286654 , ..., -0.00263492,
         -0.01448994,  0.        ]]]), 'num': array([7.07095890e-01, 7.07095890e-01, 0.00000000e+00, 9.10570098e-04,
       9.19777076e-04, 8.65455907e-04, 5.03113457e-03, 4.69555865e-05,
       8.65640047e-04, 7.70255757e-04, 7.00037207e-04, 1.62333555e-06,
       9.22265609e-04, 6.18245906e-04])}
{'img': array([[[ 0.        , -0.10744357, -0.13670813, ...,  0.23954812,
          0.25924362,  0.80509362],
        [ 0.10744357,  0.        , -0.02948193, ...,  0.34247672,
          0.3615132 ,  0.864163  ],
        [ 0.13670813,  0.02948193,  0.        , ...,  0.3700269 ,
          0.38884403,  0.87862302],
        ...,
        [-0.23954812, -0.34247672, -0.3700269 , ...,  0.        ,
          0.02033718,  0.63956549],
        [-0.25924362, -0.3615132 , -0.38884403, ..., -0.02033718,
          0.        ,  0.62379928],
        [-0.80509362, -0.864163  , -0.87862302, ..., -0.63956549,
         -0.62379928,  0.        ]],

       [[ 0.        ,  0.31322144,  0.36884768, ...,  0.49469565,
          0.65946444,  0.89673773],
        [-0.31322144,  0.        ,  0.05915116, ...,  0.19759243,
          0.39082052,  0.99023401],
        [-0.36884768, -0.05915116,  0.        , ...,  0.1392615 ,
          0.33568952,  0.99674672],
        ...,
        [-0.49469565, -0.19759243, -0.1392615 , ...,  0.        ,
          0.20123791,  0.99825821],
        [-0.65946444, -0.39082052, -0.33568952, ..., -0.20123791,
          0.        ,  0.96596396],
        [-0.89673773, -0.99023401, -0.99674672, ..., -0.99825821,
         -0.96596396,  0.        ]],

       [[ 0.        , -0.0090167 , -0.0282714 , ...,  0.45817468,
          0.43923935,  0.69353924],
        [ 0.0090167 ,  0.        , -0.01925715, ...,  0.46617066,
          0.44732183,  0.70000685],
        [ 0.0282714 ,  0.01925715,  0.        , ...,  0.48312092,
          0.46446195,  0.71362927],
        ...,
        [-0.45817468, -0.46617066, -0.48312092, ...,  0.        ,
         -0.02118718,  0.28638313],
        [-0.43923935, -0.44732183, -0.46446195, ...,  0.02118718,
          0.        ,  0.3066186 ],
        [-0.69353924, -0.70000685, -0.71362927, ..., -0.28638313,
         -0.3066186 ,  0.        ]],

       ...,

       [[ 0.        , -0.05641062, -0.02902472, ...,  0.98012979,
          0.99437036,  0.87939121],
        [ 0.05641062,  0.        ,  0.02740835, ...,  0.96737962,
          0.9868097 ,  0.85113383],
        [ 0.02902472, -0.02740835,  0.        , ...,  0.97395959,
          0.99087596,  0.86520205],
        ...,
        [-0.98012979, -0.96737962, -0.97395959, ...,  0.        ,
         -0.09338577,  0.29220604],
        [-0.99437036, -0.9868097 , -0.99087596, ...,  0.09338577,
          0.        ,  0.38023909],
        [-0.87939121, -0.85113383, -0.86520205, ..., -0.29220604,
         -0.38023909,  0.        ]],

       [[ 0.        , -0.05369081, -0.120611  , ..., -0.38480423,
         -0.26950293, -0.06694845],
        [ 0.05369081,  0.        , -0.06713817, ..., -0.33469266,
         -0.21740997, -0.01328153],
        [ 0.120611  ,  0.06713817,  0.        , ..., -0.27067136,
         -0.15138718,  0.05388068],
        ...,
        [ 0.38480423,  0.33469266,  0.27067136, ...,  0.        ,
          0.12181558,  0.32214759],
        [ 0.26950293,  0.21740997,  0.15138718, ..., -0.12181558,
          0.        ,  0.20442695],
        [ 0.06694845,  0.01328153, -0.05388068, ..., -0.32214759,
         -0.20442695,  0.        ]],

       [[ 0.        , -0.22774335, -0.30706241, ..., -0.99475569,
         -0.99316004, -0.99380117],
        [ 0.22774335,  0.        , -0.08225224, ..., -0.94532119,
         -0.94046945, -0.94236655],
        [ 0.30706241,  0.08225224,  0.        , ..., -0.9152922 ,
         -0.90932696, -0.91165324],
        ...,
        [ 0.99475569,  0.94532119,  0.9152922 , ...,  0.        ,
          0.01456862,  0.00894348],
        [ 0.99316004,  0.94046945,  0.90932696, ..., -0.01456862,
          0.        , -0.0056255 ],
        [ 0.99380117,  0.94236655,  0.91165324, ..., -0.00894348,
          0.0056255 ,  0.        ]]]), 'num': array([ 9.98221471e-01,  5.93781049e-02,  1.93177647e-05,  1.28432745e-03,
        1.32132454e-03,  1.27507818e-03,  4.08236429e-03, -2.24625171e-05,
        1.25393699e-03,  1.11942615e-03,  1.00636481e-03,  2.19517176e-06,
        1.34561067e-03,  8.93241630e-04])}
{'img': array([[[ 0.        , -0.02948193, -0.2231914 , ...,  0.3615132 ,
          0.864163  ,  0.61275467],
        [ 0.02948193,  0.        , -0.19435614, ...,  0.38884403,
          0.87862302,  0.63578709],
        [ 0.2231914 ,  0.19435614,  0.        , ...,  0.56049019,
          0.95467677,  0.77367989],
        ...,
        [-0.3615132 , -0.38884403, -0.56049019, ...,  0.        ,
          0.62379928,  0.28561804],
        [-0.864163  , -0.87862302, -0.95467677, ..., -0.62379928,
          0.        , -0.37457935],
        [-0.61275467, -0.63578709, -0.77367989, ..., -0.28561804,
          0.37457935,  0.        ]],

       [[ 0.        ,  0.05915116, -0.08231255, ...,  0.39082052,
          0.99023401,  0.59995184],
        [-0.05915116,  0.        , -0.14111886, ...,  0.33568952,
          0.99674672,  0.55157828],
        [ 0.08231255,  0.14111886,  0.        , ...,  0.46526027,
          0.9753981 ,  0.66376895],
        ...,
        [-0.39082052, -0.33568952, -0.46526027, ...,  0.        ,
          0.96596396,  0.23956528],
        [-0.99023401, -0.99674672, -0.9753981 , ..., -0.96596396,
          0.        , -0.87586538],
        [-0.59995184, -0.55157828, -0.66376895, ..., -0.23956528,
          0.87586538,  0.        ]],

       [[ 0.        , -0.01789957, -0.09318601, ...,  0.38620049,
          0.50367349,  0.73732576],
        [ 0.01789957,  0.        , -0.0753494 , ...,  0.40264944,
          0.51905612,  0.74929946],
        [ 0.09318601,  0.0753494 ,  0.        , ...,  0.47047618,
          0.58198471,  0.79706808],
        ...,
        [-0.38620049, -0.40264944, -0.47047618, ...,  0.        ,
          0.13095959,  0.41922739],
        [-0.50367349, -0.51905612, -0.58198471, ..., -0.13095959,
          0.        ,  0.29672112],
        [-0.73732576, -0.74929946, -0.79706808, ..., -0.41922739,
         -0.29672112,  0.        ]],

       ...,

       [[ 0.        ,  0.02740835, -0.16236299, ...,  0.9868097 ,
          0.85113383,  0.99887855],
        [-0.02740835,  0.        , -0.18934667, ...,  0.99087596,
          0.86520205,  0.99980097],
        [ 0.16236299,  0.18934667,  0.        , ...,  0.94743175,
          0.75460796,  0.97793727],
        ...,
        [-0.9868097 , -0.99087596, -0.94743175, ...,  0.        ,
          0.38023909, -0.11498146],
        [-0.85113383, -0.86520205, -0.75460796, ..., -0.38023909,
          0.        , -0.48406221],
        [-0.99887855, -0.99980097, -0.97793727, ...,  0.11498146,
          0.48406221,  0.        ]],

       [[ 0.        , -0.06713817, -0.11727507, ..., -0.21740997,
         -0.01328153,  0.14962971],
        [ 0.06713817,  0.        , -0.05033558, ..., -0.15138718,
          0.05388068,  0.21567443],
        [ 0.11727507,  0.05033558,  0.        , ..., -0.10143984,
          0.10407484,  0.26455198],
        ...,
        [ 0.21740997,  0.15138718,  0.10143984, ...,  0.        ,
          0.20442695,  0.36101302],
        [ 0.01328153, -0.05388068, -0.10407484, ..., -0.20442695,
          0.        ,  0.16274852],
        [-0.14962971, -0.21567443, -0.26455198, ..., -0.36101302,
         -0.16274852,  0.        ]],

       [[ 0.        , -0.21012352, -0.38454075, ..., -0.99129893,
         -0.99203448, -0.98889549],
        [ 0.21012352,  0.        , -0.18198912, ..., -0.94150948,
         -0.9434186 , -0.93559125],
        [ 0.38454075,  0.18198912,  0.        , ..., -0.86445892,
         -0.86731567, -0.85570976],
        ...,
        [ 0.99129893,  0.94150948,  0.86445892, ...,  0.        ,
         -0.00571083,  0.01715127],
        [ 0.99203448,  0.9434186 ,  0.86731567, ...,  0.00571083,
          0.        ,  0.02286098],
        [ 0.98889549,  0.93559125,  0.85570976, ..., -0.01715127,
         -0.02286098,  0.        ]]]), 'num': array([9.99958201e-01, 8.01168632e-03, 2.04104221e-05, 1.28657136e-03,
       1.30113132e-03, 1.25083326e-03, 2.80761108e-03, 0.00000000e+00,
       1.27227612e-03, 1.13514773e-03, 1.01030707e-03, 2.19173010e-06,
       1.36669107e-03, 9.03604388e-04])}
{'img': array([[[ 0.        , -0.19435614, -0.38269067, ...,  0.87862302,
          0.63578709,  0.63578709],
        [ 0.19435614,  0.        , -0.19583207, ...,  0.95467677,
          0.77367989,  0.77367989],
        [ 0.38269067,  0.19583207,  0.        , ...,  0.99448013,
          0.88277411,  0.88277411],
        ...,
        [-0.87862302, -0.95467677, -0.99448013, ...,  0.        ,
         -0.37457935, -0.37457935],
        [-0.63578709, -0.77367989, -0.88277411, ...,  0.37457935,
          0.        ,  0.        ],
        [-0.63578709, -0.77367989, -0.88277411, ...,  0.37457935,
          0.        ,  0.        ]],

       [[ 0.        , -0.14111886,  0.46289045, ...,  0.99674672,
          0.55157828,  0.17002067],
        [ 0.14111886,  0.        ,  0.5833481 , ...,  0.9753981 ,
          0.66376895,  0.30738346],
        [-0.46289045, -0.5833481 ,  0.        , ...,  0.92083959,
          0.1028199 , -0.30544204],
        ...,
        [-0.99674672, -0.9753981 , -0.92083959, ...,  0.        ,
         -0.87586538, -0.99593784],
        [-0.55157828, -0.66376895, -0.1028199 , ...,  0.87586538,
          0.        , -0.40172939],
        [-0.17002067, -0.30738346,  0.30544204, ...,  0.99593784,
          0.40172939,  0.        ]],

       [[ 0.        , -0.06965191, -0.2045147 , ...,  0.43650692,
          0.53335314,  0.79092688],
        [ 0.06965191,  0.        , -0.13583829, ...,  0.49811269,
          0.59097586,  0.83162675],
        [ 0.2045147 ,  0.13583829,  0.        , ...,  0.61128275,
          0.69507741,  0.89935418],
        ...,
        [-0.43650692, -0.49811269, -0.61128275, ...,  0.        ,
          0.11062029,  0.44449438],
        [-0.53335314, -0.59097586, -0.69507741, ..., -0.11062029,
          0.        ,  0.34267478],
        [-0.79092688, -0.83162675, -0.89935418, ..., -0.44449438,
         -0.34267478,  0.        ]],

       ...,

       [[ 0.        , -0.18934667, -0.290112  , ...,  0.86520205,
          0.99980097,  0.99998088],
        [ 0.18934667,  0.        , -0.10366058, ...,  0.75460796,
          0.97793727,  0.98072079],
        [ 0.290112  ,  0.10366058,  0.        , ...,  0.68252311,
          0.95101429,  0.95518062],
        ...,
        [-0.86520205, -0.75460796, -0.68252311, ...,  0.        ,
         -0.48406221, -0.49606418],
        [-0.99980097, -0.97793727, -0.95101429, ...,  0.48406221,
          0.        , -0.01376846],
        [-0.99998088, -0.98072079, -0.95518062, ...,  0.49606418,
          0.01376846,  0.        ]],

       [[ 0.        , -0.05033558, -0.04050001, ...,  0.05388068,
          0.21567443,  0.37278135],
        [ 0.05033558,  0.        ,  0.00984561, ...,  0.10407484,
          0.26455198,  0.41901615],
        [ 0.04050001, -0.00984561,  0.        , ...,  0.09427765,
          0.25504433,  0.41005623],
        ...,
        [-0.05388068, -0.10407484, -0.09427765, ...,  0.        ,
          0.16274852,  0.32224292],
        [-0.21567443, -0.26455198, -0.25504433, ..., -0.16274852,
          0.        ,  0.16387962],
        [-0.37278135, -0.41901615, -0.41005623, ..., -0.32224292,
         -0.16387962,  0.        ]],

       [[ 0.        , -0.32759805, -0.54841265, ..., -0.99033763,
         -0.98685981, -0.9807531 ],
        [ 0.32759805,  0.        , -0.24420963, ..., -0.89025763,
         -0.87946921, -0.86266819],
        [ 0.54841265,  0.24420963,  0.        , ..., -0.75207576,
         -0.73660806, -0.71303475],
        ...,
        [ 0.99033763,  0.89025763,  0.75207576, ...,  0.        ,
          0.02316261,  0.05735734],
        [ 0.98685981,  0.87946921,  0.73660806, ..., -0.02316261,
          0.        ,  0.03421747],
        [ 0.9807531 ,  0.86266819,  0.71303475, ..., -0.05735734,
         -0.03421747,  0.        ]]]), 'num': array([ 9.99974745e-01,  5.55190680e-03,  2.08912361e-05,  1.28644610e-03,
        1.34320108e-03,  1.28239218e-03,  2.75394058e-03, -2.70261787e-05,
        1.30347260e-03,  1.17178754e-03,  1.03334594e-03,  2.07629690e-06,
        1.40643217e-03,  9.37142910e-04])}
