state_0,state_1,state_2,state_3,state_4,state_5,state_6,state_7,state_8,state_9,state_10,state_11,state_12,state_13,state_14,state_15,state_16,state_17,state_18,state_19,state_20,state_21,state_22,state_23,state_24,state_25,state_26,state_27,state_28,state_29,state_30,state_31,state_32,state_33,state_34,state_35,state_36,state_37,state_38,state_39,state_40,state_41,state_42,state_43,state_44,state_45,state_46,state_47,state_48,state_49,state_50,state_51,state_52,state_53,state_54,state_55,state_56,state_57,state_58,state_59,state_60,state_61,state_62,state_63,state_64,state_65,state_66,state_67,state_68,state_69,state_70,state_71,state_72,state_73,state_74,state_75,state_76,state_77,state_78,state_79,state_80,state_81,state_82,state_83,state_84,state_85,state_86,state_87,state_88,state_89,state_90,state_91,state_92,state_93,state_94,state_95,state_96,state_97,state_98,state_99,state_100,state_101,state_102,state_103,state_104,state_105,state_106,state_107,state_108,state_109,state_110,state_111,state_112,state_113,state_114,state_115,state_116,state_117,state_118,state_119,state_120,state_121,state_122,state_123,state_124,state_125,state_126,state_127,state_128,state_129,state_130,state_131,state_132,state_133,state_134,state_135,state_136,state_137,state_138,state_139,state_140,state_141,state_142,state_143,state_144,state_145,state_146,state_147,state_148,state_149,state_150,state_151,state_152,state_153,state_154,state_155,state_156,state_157,state_158,state_159,state_160,state_161,state_162,state_163,state_164,state_165,state_166,state_167,state_168,state_169,state_170,state_171,state_172,state_173,state_174,state_175,state_176,state_177,state_178,state_179,state_180,state_181,state_182,state_183,state_184,state_185,state_186,state_187,state_188,state_189,state_190,state_191,state_192,state_193,state_194,state_195,state_196,state_197,state_198,state_199,state_200,state_201,state_202,state_203,state_204,state_205,state_206,state_207,state_208,state_209,state_210,state_211,state_212,state_213,state_214,state_215,state_216,state_217,state_218,state_219,state_220,state_221,state_222,state_223,state_224,state_225,state_226,state_227,state_228,state_229,state_230,state_231,state_232,state_233,state_234,state_235,state_236,state_237,state_238,state_239,state_240,state_241,state_242,state_243,state_244,state_245,state_246,state_247,state_248,state_249,state_250,state_251,state_252,state_253,state_254,state_255,state_256,state_257,state_258,state_259,state_260,state_261,state_262,state_263,state_264,state_265,state_266,state_267,state_268,state_269,state_270,state_271,state_272,state_273,state_274,state_275,state_276,state_277,state_278,state_279,state_280,state_281,state_282,state_283,state_284,state_285,state_286,state_287
{'img': array([[[ 0.        , -0.08407754, -0.13487263, ...,  0.99657177,
          0.9842247 ,  0.985579  ],
        [ 0.08407754,  0.        , -0.05108576, ...,  0.99999909,
          0.99561502,  0.99631654],
        [ 0.13487263,  0.05108576,  0.        , ...,  0.99862442,
          0.99909385,  0.99939631],
        ...,
        [-0.99657177, -0.99999909, -0.99862442, ...,  0.        ,
         -0.09488888, -0.08709624],
        [-0.9842247 , -0.99561502, -0.99909385, ...,  0.09488888,
          0.        ,  0.00782505],
        [-0.985579  , -0.99631654, -0.99939631, ...,  0.08709624,
         -0.00782505,  0.        ]],

       [[ 0.        ,  0.0986456 ,  0.17835897, ...,  0.4398862 ,
          0.31426212,  0.2916992 ],
        [-0.0986456 ,  0.        ,  0.08042518, ...,  0.34915168,
          0.2190815 ,  0.19592096],
        [-0.17835897, -0.08042518,  0.        , ...,  0.27265694,
          0.13990044,  0.11641978],
        ...,
        [-0.4398862 , -0.34915168, -0.27265694, ...,  0.        ,
         -0.13537571, -0.1587941 ],
        [-0.31426212, -0.2190815 , -0.13990044, ...,  0.13537571,
          0.        , -0.02367427],
        [-0.2916992 , -0.19592096, -0.11641978, ...,  0.1587941 ,
          0.02367427,  0.        ]],

       [[ 0.        ,  0.24471682,  0.32432432, ...,  0.97245083,
          0.96325708,  0.9441933 ],
        [-0.24471682,  0.        ,  0.08297423, ...,  0.99992854,
          0.99969517,  0.99609245],
        [-0.32432432, -0.08297423,  0.        , ...,  0.99548855,
          0.99829651,  0.99998562],
        ...,
        [-0.97245083, -0.99992854, -0.99548855, ...,  0.        ,
          0.03663886,  0.1002183 ],
        [-0.96325708, -0.99969517, -0.99829651, ..., -0.03663886,
          0.        ,  0.06369662],
        [-0.9441933 , -0.99609245, -0.99998562, ..., -0.1002183 ,
         -0.06369662,  0.        ]],

       ...,

       [[ 0.        ,  0.17991671,  0.20797464, ...,  0.92120891,
          0.97116317,  0.99830525],
        [-0.17991671,  0.        ,  0.02859819, ...,  0.97617637,
          0.99821057,  0.99248496],
        [-0.20797464, -0.02859819,  0.        , ...,  0.9819823 ,
          0.99951237,  0.98857956],
        ...,
        [-0.92120891, -0.97617637, -0.9819823 , ...,  0.        ,
         -0.15821803, -0.33479937],
        [-0.97116317, -0.99821057, -0.99951237, ...,  0.15821803,
          0.        , -0.18149512],
        [-0.99830525, -0.99248496, -0.98857956, ...,  0.33479937,
          0.18149512,  0.        ]],

       [[ 0.        , -0.2022565 , -0.41609089, ..., -0.17848074,
         -0.14313843, -0.11796397],
        [ 0.2022565 ,  0.        , -0.22357487, ...,  0.02421695,
          0.05999367,  0.08531836],
        [ 0.41609089,  0.22357487,  0.        , ...,  0.24711324,
          0.2816472 ,  0.30591834],
        ...,
        [ 0.17848074, -0.02421695, -0.24711324, ...,  0.        ,
          0.03580275,  0.06116469],
        [ 0.14313843, -0.05999367, -0.2816472 , ..., -0.03580275,
          0.        ,  0.02538976],
        [ 0.11796397, -0.08531836, -0.30591834, ..., -0.06116469,
         -0.02538976,  0.        ]],

       [[ 0.        ,  0.11515025,  0.29868009, ...,  0.42918447,
          0.40113483,  0.24488118],
        [-0.11515025,  0.        ,  0.18679927, ...,  0.53033522,
          0.50394633,  0.35489654],
        [-0.29868009, -0.18679927,  0.        , ...,  0.6793665 ,
          0.65642098,  0.52328937],
        ...,
        [-0.42918447, -0.53033522, -0.6793665 , ...,  0.        ,
          0.0308294 ,  0.19493632],
        [-0.40113483, -0.50394633, -0.65642098, ..., -0.0308294 ,
          0.        ,  0.16460569],
        [-0.24488118, -0.35489654, -0.52328937, ..., -0.19493632,
         -0.16460569,  0.        ]]]), 'num': array([9.99999937e-01, 3.38784151e-05, 2.12081881e-04, 1.91278562e-05,
       1.92495605e-05, 1.89047317e-05, 2.76686570e-04, 2.02840469e-08,
       1.91968220e-05, 1.86420533e-05, 1.82749120e-05, 2.30787378e-07,
       1.98044885e-05, 1.74796181e-05])}
{'img': array([[[ 0.        , -0.05108576,  0.4170644 , ...,  0.99561502,
          0.99631654,  0.99695822],
        [ 0.05108576,  0.        ,  0.46295049, ...,  0.99909385,
          0.99939631,  0.99963798],
        [-0.4170644 , -0.46295049,  0.        , ...,  0.8658771 ,
          0.86976512,  0.87360725],
        ...,
        [-0.99561502, -0.99909385, -0.8658771 , ...,  0.        ,
          0.00782505,  0.01566476],
        [-0.99631654, -0.99939631, -0.86976512, ..., -0.00782505,
          0.        ,  0.00784019],
        [-0.99695822, -0.99963798, -0.87360725, ..., -0.01566476,
         -0.00784019,  0.        ]],

       [[ 0.        ,  0.10229806,  0.15845336, ...,  0.24888444,
          0.225058  ,  0.05856759],
        [-0.10229806,  0.        ,  0.05661641, ...,  0.14849968,
          0.12420366, -0.04386212],
        [-0.15845336, -0.05661641,  0.        , ...,  0.09227281,
          0.06782642, -0.10035369],
        ...,
        [-0.24888444, -0.14849968, -0.09227281, ...,  0.        ,
         -0.02452327, -0.19173256],
        [-0.225058  , -0.12420366, -0.06782642, ...,  0.02452327,
          0.        , -0.16760661],
        [-0.05856759,  0.04386212,  0.10035369, ...,  0.19173256,
          0.16760661,  0.        ]],

       [[ 0.        ,  0.21783201,  0.43836035, ...,  0.96633427,
          0.94774144,  0.89927056],
        [-0.21783201,  0.        ,  0.23204642, ...,  0.99917496,
          0.99447964,  0.97295388],
        [-0.43836035, -0.23204642,  0.        , ...,  0.98132626,
          0.9916836 ,  0.99999942],
        ...,
        [-0.96633427, -0.99917496, -0.98132626, ...,  0.        ,
          0.06445447,  0.19129443],
        [-0.94774144, -0.99447964, -0.9916836 , ..., -0.06445447,
          0.        ,  0.12763249],
        [-0.89927056, -0.97295388, -0.99999942, ..., -0.19129443,
         -0.12763249,  0.        ]],

       ...,

       [[ 0.        ,  0.10561841,  0.79475802, ...,  0.97267979,
          0.99872672,  0.99958008],
        [-0.10561841,  0.        ,  0.72621012, ...,  0.99175874,
          0.99846874,  0.99704967],
        [-0.79475802, -0.72621012,  0.        , ...,  0.77484884,
          0.64624705,  0.62970131],
        ...,
        [-0.97267979, -0.99175874, -0.77484884, ...,  0.        ,
         -0.1827862 , -0.20386799],
        [-0.99872672, -0.99846874, -0.64624705, ...,  0.1827862 ,
          0.        , -0.02148597],
        [-0.99958008, -0.99704967, -0.62970131, ...,  0.20386799,
          0.02148597,  0.        ]],

       [[ 0.        , -0.22357487, -0.41317989, ...,  0.05999367,
          0.08531836,  0.09898995],
        [ 0.22357487,  0.        , -0.19912264, ...,  0.2816472 ,
          0.30591834,  0.31896096],
        [ 0.41317989,  0.19912264,  0.        , ...,  0.46706885,
          0.48936844,  0.50129566],
        ...,
        [-0.05999367, -0.2816472 , -0.46706885, ...,  0.        ,
          0.02538976,  0.03911263],
        [-0.08531836, -0.30591834, -0.48936844, ..., -0.02538976,
          0.        ,  0.01372969],
        [-0.09898995, -0.31896096, -0.50129566, ..., -0.03911263,
         -0.01372969,  0.        ]],

       [[ 0.        ,  0.27394146,  0.45293723, ...,  0.48758347,
          0.37852041,  0.        ],
        [-0.27394146,  0.        ,  0.19138031, ...,  0.70810345,
          0.61759892,  0.27394146],
        [-0.45293723, -0.19138031,  0.        , ...,  0.83015014,
          0.75670251,  0.45293723],
        ...,
        [-0.48758347, -0.70810345, -0.83015014, ...,  0.        ,
          0.12082659,  0.48758347],
        [-0.37852041, -0.61759892, -0.75670251, ..., -0.12082659,
          0.        ,  0.37852041],
        [-0.        , -0.27394146, -0.45293723, ..., -0.48758347,
         -0.37852041,  0.        ]]]), 'num': array([8.38528602e-01, 5.44836927e-01, 6.09318830e-05, 5.22955263e-05,
       5.41399744e-05, 5.15360477e-05, 4.74146829e-03, 1.13921790e-06,
       5.14600999e-05, 5.01038881e-05, 4.90360973e-05, 5.97737786e-07,
       5.31636942e-05, 4.70440819e-05])}
{'img': array([[[ 0.        ,  0.46295049,  0.13487263, ...,  0.99939631,
          0.99963798,  0.98988511],
        [-0.46295049,  0.        , -0.33917152, ...,  0.86976512,
          0.87360725,  0.94309786],
        [-0.13487263,  0.33917152,  0.        , ...,  0.985579  ,
          0.98687539,  0.99997503],
        ...,
        [-0.99939631, -0.86976512, -0.985579  , ...,  0.        ,
          0.00784019,  0.17617645],
        [-0.99963798, -0.87360725, -0.98687539, ..., -0.00784019,
          0.        ,  0.16845348],
        [-0.98988511, -0.94309786, -0.99997503, ..., -0.17617645,
         -0.16845348,  0.        ]],

       [[ 0.        ,  0.05661641,  0.11222736, ...,  0.12420366,
         -0.04386212,  0.46116321],
        [-0.05661641,  0.        ,  0.05578861, ...,  0.06782642,
         -0.10035369,  0.4101869 ],
        [-0.11222736, -0.05578861,  0.        , ...,  0.01206065,
         -0.15570438,  0.35866877],
        ...,
        [-0.12420366, -0.06782642, -0.01206065, ...,  0.        ,
         -0.16760661,  0.3473845 ],
        [ 0.04386212,  0.10035369,  0.15570438, ...,  0.16760661,
          0.        ,  0.49963892],
        [-0.46116321, -0.4101869 , -0.35866877, ..., -0.3473845 ,
         -0.49963892,  0.        ]],

       [[ 0.        ,  0.3874874 ,  0.43373254, ...,  0.95048714,
          0.90256408,  0.89320344],
        [-0.3874874 ,  0.        ,  0.05070489, ...,  0.99664742,
          0.99888611,  0.9976567 ],
        [-0.43373254, -0.05070489,  0.        , ...,  0.99121693,
          0.99999379,  0.99984255],
        ...,
        [-0.95048714, -0.99664742, -0.99121693, ...,  0.        ,
          0.1287532 ,  0.14981381],
        [-0.90256408, -0.99888611, -0.99999379, ..., -0.1287532 ,
          0.        ,  0.02126674],
        [-0.89320344, -0.9976567 , -0.99984255, ..., -0.14981381,
         -0.02126674,  0.        ]],

       ...,

       [[ 0.        ,  0.79129619,  0.46818476, ...,  0.99885768,
          0.99965531,  0.99912072],
        [-0.79129619,  0.        , -0.4129499 , ...,  0.64854611,
          0.63199683,  0.57771952],
        [-0.46818476,  0.4129499 ,  0.        , ...,  0.90499309,
          0.89561766,  0.86322452],
        ...,
        [-0.99885768, -0.64854611, -0.90499309, ...,  0.        ,
         -0.02154399, -0.08962039],
        [-0.99965531, -0.63199683, -0.89561766, ...,  0.02154399,
          0.        , -0.06814229],
        [-0.99912072, -0.57771952, -0.86322452, ...,  0.08962039,
          0.06814229,  0.        ]],

       [[ 0.        , -0.19912264, -0.38458912, ...,  0.30591834,
          0.31896096,  0.35616037],
        [ 0.19912264,  0.        , -0.19307987, ...,  0.48936844,
          0.50129566,  0.53509325],
        [ 0.38458912,  0.19307987,  0.        , ...,  0.64854056,
          0.6589302 ,  0.68813695],
        ...,
        [-0.30591834, -0.48936844, -0.64854056, ...,  0.        ,
          0.01372969,  0.05322755],
        [-0.31896096, -0.50129566, -0.6589302 , ..., -0.01372969,
          0.        ,  0.03951231],
        [-0.35616037, -0.53509325, -0.68813695, ..., -0.05322755,
         -0.03951231,  0.        ]],

       [[ 0.        ,  0.36521884,  0.44845092, ...,  0.51518726,
          0.36682071,  0.        ],
        [-0.36521884,  0.        ,  0.09103737, ...,  0.7926199 ,
          0.6812414 ,  0.36521884],
        [-0.44845092, -0.09103737,  0.        , ...,  0.84483547,
          0.74505724,  0.44845092],
        ...,
        [-0.51518726, -0.7926199 , -0.84483547, ...,  0.        ,
          0.16488057,  0.51518726],
        [-0.36682071, -0.6812414 , -0.74505724, ..., -0.16488057,
          0.        ,  0.36682071],
        [-0.        , -0.36521884, -0.44845092, ..., -0.51518726,
         -0.36682071,  0.        ]]]), 'num': array([ 9.98991524e-01,  4.48734264e-02,  2.00024759e-04,  6.22792492e-05,
        6.33890472e-05,  6.15611447e-05,  1.49655600e-03, -6.52822319e-07,
        6.19397816e-05,  6.05166290e-05,  5.91946638e-05,  6.37204560e-07,
        6.41143848e-05,  5.69188731e-05])}
{'img': array([[[ 0.        , -0.33917152, -0.68744574, ...,  0.87360725,
          0.94309786,  0.9127557 ],
        [ 0.33917152,  0.        , -0.4003786 , ...,  0.98687539,
          0.99997503,  0.99720525],
        [ 0.68744574,  0.4003786 ,  0.        , ...,  0.96897767,
          0.9134976 ,  0.94370142],
        ...,
        [-0.87360725, -0.98687539, -0.96897767, ...,  0.        ,
          0.16845348,  0.08730215],
        [-0.94309786, -0.99997503, -0.9134976 , ..., -0.16845348,
          0.        , -0.08175574],
        [-0.9127557 , -0.99720525, -0.94370142, ..., -0.08730215,
          0.08175574,  0.        ]],

       [[ 0.        ,  0.05578861, -0.03963713, ..., -0.10035369,
          0.4101869 ,  0.03179704],
        [-0.05578861,  0.        , -0.09532017, ..., -0.15570438,
          0.35866877, -0.02401288],
        [ 0.03963713,  0.09532017,  0.        , ..., -0.0608378 ,
          0.44601367,  0.07138914],
        ...,
        [ 0.10035369,  0.15570438,  0.0608378 , ...,  0.        ,
          0.49963892,  0.13193947],
        [-0.4101869 , -0.35866877, -0.44601367, ..., -0.49963892,
          0.        , -0.38098054],
        [-0.03179704,  0.02401288, -0.07138914, ..., -0.13193947,
          0.38098054,  0.        ]],

       [[ 0.        ,  0.20709998,  0.06008415, ...,  0.91324652,
          0.90411891,  0.90326287],
        [-0.20709998,  0.        , -0.1479443 , ...,  0.9778212 ,
          0.97300729,  0.97254397],
        [-0.06008415,  0.1479443 ,  0.        , ...,  0.9360753 ,
          0.92815826,  0.92741232],
        ...,
        [-0.91324652, -0.9778212 , -0.9360753 , ...,  0.        ,
          0.02186809,  0.0238668 ],
        [-0.90411891, -0.97300729, -0.92815826, ..., -0.02186809,
          0.        ,  0.00199923],
        [-0.90326287, -0.97254397, -0.92741232, ..., -0.0238668 ,
         -0.00199923,  0.        ]],

       ...,

       [[ 0.        , -0.63013378, -0.70792244, ...,  0.68395709,
          0.62941529,  0.40799312],
        [ 0.63013378,  0.        , -0.10463497, ...,  0.99078011,
          0.97839002,  0.89210388],
        [ 0.70792244,  0.10463497,  0.        , ...,  0.99951734,
          0.9946545 ,  0.9344841 ],
        ...,
        [-0.68395709, -0.99078011, -0.99951734, ...,  0.        ,
         -0.07230947, -0.32680251],
        [-0.62941529, -0.97839002, -0.9946545 , ...,  0.07230947,
          0.        , -0.25760787],
        [-0.40799312, -0.89210388, -0.9344841 , ...,  0.32680251,
          0.25760787,  0.        ]],

       [[ 0.        , -0.19307987, -0.44872661, ...,  0.50129566,
          0.53509325,  0.55435247],
        [ 0.19307987,  0.        , -0.26773343, ...,  0.6589302 ,
          0.68813695,  0.70461815],
        [ 0.44872661,  0.26773343,  0.        , ...,  0.83626483,
          0.85727739,  0.86887475],
        ...,
        [-0.50129566, -0.6589302 , -0.83626483, ...,  0.        ,
          0.03951231,  0.06244856],
        [-0.53509325, -0.68813695, -0.85727739, ..., -0.03951231,
          0.        ,  0.02296461],
        [-0.55435247, -0.70461815, -0.86887475, ..., -0.06244856,
         -0.02296461,  0.        ]],

       [[ 0.        ,  0.27051391,  0.43275735, ...,  0.49353948,
          0.34186117,  0.        ],
        [-0.27051391,  0.        ,  0.17275134, ...,  0.71041066,
          0.58333081,  0.27051391],
        [-0.43275735, -0.17275134,  0.        , ...,  0.82131018,
          0.71487533,  0.43275735],
        ...,
        [-0.49353948, -0.71041066, -0.82131018, ...,  0.        ,
          0.1664793 ,  0.49353948],
        [-0.34186117, -0.58333081, -0.71487533, ..., -0.1664793 ,
          0.        ,  0.34186117],
        [-0.        , -0.27051391, -0.43275735, ..., -0.49353948,
         -0.34186117,  0.        ]]]), 'num': array([ 9.99878030e-01,  1.55006396e-02,  2.13530887e-04,  6.23023665e-05,
        6.52755814e-05,  6.20996473e-05,  1.89154580e-03, -2.16233810e-06,
        6.38565470e-05,  6.28125431e-05,  6.13923825e-05,  6.04601113e-07,
        6.61153318e-05,  5.95097544e-05])}
{'img': array([[[ 0.        , -0.4003786 ,  0.43589431, ...,  0.99997503,
          0.99720525,  0.94785309],
        [ 0.4003786 ,  0.        ,  0.75977155, ...,  0.9134976 ,
          0.94370142,  0.99616869],
        [-0.43589431, -0.75977155,  0.        , ...,  0.90305569,
          0.86491661,  0.71414294],
        ...,
        [-0.99997503, -0.9134976 , -0.90305569, ...,  0.        ,
         -0.08175574, -0.32539774],
        [-0.99720525, -0.94370142, -0.86491661, ...,  0.08175574,
          0.        , -0.24700207],
        [-0.94785309, -0.99616869, -0.71414294, ...,  0.32539774,
          0.24700207,  0.        ]],

       [[ 0.        , -0.09532017,  0.11899378, ...,  0.35866877,
         -0.02401288,  0.02461163],
        [ 0.09532017,  0.        ,  0.21309488, ...,  0.44601367,
          0.07138914,  0.11979086],
        [-0.11899378, -0.21309488,  0.        , ...,  0.24504391,
         -0.14280174, -0.09452097],
        ...,
        [-0.35866877, -0.44601367, -0.24504391, ...,  0.        ,
         -0.38098054, -0.33558604],
        [ 0.02401288, -0.07138914,  0.14280174, ...,  0.38098054,
          0.        ,  0.04861014],
        [-0.02461163, -0.11979086,  0.09452097, ...,  0.33558604,
         -0.04861014,  0.        ]],

       [[ 0.        , -0.19846241,  0.17708001, ...,  0.97107074,
          0.9705911 ,  0.97897481],
        [ 0.19846241,  0.        ,  0.36888363, ...,  0.90436345,
          0.9035079 ,  0.91901894],
        [-0.17708001, -0.36888363,  0.        , ...,  0.99800967,
          0.99788152,  0.99962453],
        ...,
        [-0.97107074, -0.90436345, -0.99800967, ...,  0.        ,
          0.00200049, -0.03569121],
        [-0.9705911 , -0.9035079 , -0.99788152, ..., -0.00200049,
          0.        , -0.03769035],
        [-0.97897481, -0.91901894, -0.99962453, ...,  0.03569121,
          0.03769035,  0.        ]],

       ...,

       [[ 0.        , -0.10463497,  0.86964686, ...,  0.97839002,
          0.89210388,  0.79545247],
        [ 0.10463497,  0.        ,  0.9165287 , ...,  0.9946545 ,
          0.9344841 ,  0.85449646],
        [-0.86964686, -0.9165287 ,  0.        , ...,  0.30319098,
          0.04747593, -0.13432543],
        ...,
        [-0.97839002, -0.9946545 , -0.30319098, ...,  0.        ,
         -0.25760787, -0.42844595],
        [-0.89210388, -0.9344841 , -0.04747593, ...,  0.25760787,
          0.        , -0.18121963],
        [-0.79545247, -0.85449646,  0.13432543, ...,  0.42844595,
          0.18121963,  0.        ]],

       [[ 0.        , -0.26773343, -0.39670793, ...,  0.68813695,
          0.70461815,  0.6756162 ],
        [ 0.26773343,  0.        , -0.1364608 , ...,  0.85727739,
          0.86887475,  0.84833891],
        [ 0.39670793,  0.1364608 ,  0.        , ...,  0.91951547,
          0.9282993 ,  0.91265276],
        ...,
        [-0.68813695, -0.85727739, -0.91951547, ...,  0.        ,
          0.02296461, -0.01711722],
        [-0.70461815, -0.86887475, -0.9282993 , ..., -0.02296461,
          0.        , -0.04007395],
        [-0.6756162 , -0.84833891, -0.91265276, ...,  0.01711722,
          0.04007395,  0.        ]],

       [[ 0.        ,  0.23136949,  0.31101936, ...,  0.66114182,
          0.57070353,  0.1375424 ],
        [-0.23136949,  0.        ,  0.08268576, ...,  0.81678986,
          0.74520852,  0.36298084],
        [-0.31101936, -0.08268576,  0.        , ...,  0.86169723,
          0.79779415,  0.43878419],
        ...,
        [-0.66114182, -0.81678986, -0.86169723, ...,  0.        ,
          0.11472412,  0.55166556],
        [-0.57070353, -0.74520852, -0.79779415, ..., -0.11472412,
          0.        ,  0.4523357 ],
        [-0.1375424 , -0.36298084, -0.43878419, ..., -0.55166556,
         -0.4523357 ,  0.        ]]]), 'num': array([9.99948948e-01, 9.99241658e-03, 2.11529173e-04, 6.23162867e-05,
       6.33815224e-05, 6.14507828e-05, 1.47572424e-03, 9.32081212e-07,
       6.28355891e-05, 6.20799376e-05, 6.06496368e-05, 6.95762037e-07,
       6.49297152e-05, 5.92301600e-05])}
{'img': array([[[ 0.        ,  0.75977155,  0.73963902, ...,  0.94370142,
          0.99616869,  0.98101807],
        [-0.75977155,  0.        , -0.03042317, ...,  0.86491661,
          0.71414294,  0.78518038],
        [-0.73963902,  0.03042317,  0.        , ...,  0.87978611,
          0.73510858,  0.80365699],
        ...,
        [-0.94370142, -0.86491661, -0.87978611, ...,  0.        ,
         -0.24700207, -0.14152015],
        [-0.99616869, -0.71414294, -0.73510858, ...,  0.24700207,
          0.        ,  0.10738094],
        [-0.98101807, -0.78518038, -0.80365699, ...,  0.14152015,
         -0.10738094,  0.        ]],

       [[ 0.        ,  0.21309488,  0.09055545, ...,  0.07138914,
          0.11979086,  0.0633045 ],
        [-0.21309488,  0.        , -0.12374384, ..., -0.14280174,
         -0.09452097, -0.15081698],
        [-0.09055545,  0.12374384,  0.        , ..., -0.01922857,
          0.02939532, -0.02732941],
        ...,
        [-0.07138914,  0.14280174,  0.01922857, ...,  0.        ,
          0.04861014, -0.00810297],
        [-0.11979086,  0.09452097, -0.02939532, ..., -0.04861014,
          0.        , -0.05670194],
        [-0.0633045 ,  0.15081698,  0.02732941, ...,  0.00810297,
          0.05670194,  0.        ]],

       [[ 0.        ,  0.36888363,  0.50901188, ...,  0.9035079 ,
          0.91901894,  0.92359756],
        [-0.36888363,  0.        ,  0.15559403, ...,  0.99788152,
          0.99962453,  0.99987789],
        [-0.50901188, -0.15559403,  0.        , ...,  0.99585095,
          0.99171357,  0.99013193],
        ...,
        [-0.9035079 , -0.99788152, -0.99585095, ...,  0.        ,
         -0.03769035, -0.0494556 ],
        [-0.91901894, -0.99962453, -0.99171357, ...,  0.03769035,
          0.        , -0.01177623],
        [-0.92359756, -0.99987789, -0.99013193, ...,  0.0494556 ,
          0.01177623,  0.        ]],

       ...,

       [[ 0.        ,  0.9165287 ,  0.99996489, ...,  0.9344841 ,
          0.85449646,  0.97607982],
        [-0.9165287 ,  0.        ,  0.40763536, ...,  0.04747593,
         -0.13432543,  0.1911368 ],
        [-0.99996489, -0.40763536,  0.        , ..., -0.3638233 ,
         -0.52659964, -0.22558438],
        ...,
        [-0.9344841 , -0.04747593,  0.3638233 , ...,  0.        ,
         -0.18121963,  0.14432063],
        [-0.85449646,  0.13432543,  0.52659964, ...,  0.18121963,
          0.        ,  0.3212535 ],
        [-0.97607982, -0.1911368 ,  0.22558438, ..., -0.14432063,
         -0.3212535 ,  0.        ]],

       [[ 0.        , -0.1364608 , -0.29119808, ...,  0.86887475,
          0.84833891,  0.82966885],
        [ 0.1364608 ,  0.        , -0.1579271 , ...,  0.9282993 ,
          0.91265276,  0.89808773],
        [ 0.29119808,  0.1579271 ,  0.        , ...,  0.9753725 ,
          0.96575013,  0.95627634],
        ...,
        [-0.86887475, -0.9282993 , -0.9753725 , ...,  0.        ,
         -0.04007395, -0.07434179],
        [-0.84833891, -0.91265276, -0.96575013, ...,  0.04007395,
          0.        , -0.03431902],
        [-0.82966885, -0.89808773, -0.95627634, ...,  0.07434179,
          0.03431902,  0.        ]],

       [[ 0.        ,  0.08040471,  0.14343878, ...,  0.8504803 ,
          0.73332604,  0.35367815],
        [-0.08040471,  0.        ,  0.06340111, ...,  0.89002013,
          0.78561707,  0.42774097],
        [-0.14343878, -0.06340111,  0.        , ...,  0.91713543,
          0.8232636 ,  0.48418876],
        ...,
        [-0.8504803 , -0.89002013, -0.91713543, ...,  0.        ,
          0.19248756,  0.60947421],
        [-0.73332604, -0.78561707, -0.8232636 , ..., -0.19248756,
          0.        ,  0.44547142],
        [-0.35367815, -0.42774097, -0.48418876, ..., -0.60947421,
         -0.44547142,  0.        ]]]), 'num': array([9.99989381e-01, 1.98682266e-04, 2.04665442e-04, 6.23194344e-05,
       6.23832209e-05, 5.82370968e-05, 4.59650798e-03, 2.61524750e-06,
       6.06354701e-05, 5.96978082e-05, 5.83178931e-05, 7.61557744e-07,
       6.25942784e-05, 5.68013381e-05])}
{'img': array([[[ 0.        , -0.05529111, -0.49183282, ...,  0.8532121 ,
          0.90984768,  0.99826125],
        [ 0.05529111,  0.        , -0.44293905, ...,  0.88074478,
          0.93139849,  0.9999933 ],
        [ 0.49183282,  0.44293905,  0.        , ...,  0.99940529,
          0.99627726,  0.89816665],
        ...,
        [-0.8532121 , -0.88074478, -0.99940529, ...,  0.        ,
          0.12051002,  0.47036497],
        [-0.90984768, -0.93139849, -0.99627726, ..., -0.12051002,
          0.        ,  0.36059029],
        [-0.99826125, -0.9999933 , -0.89816665, ..., -0.47036497,
         -0.36059029,  0.        ]],

       [[ 0.        , -0.12374384, -0.02042601, ..., -0.09452097,
         -0.15081698,  0.17675407],
        [ 0.12374384,  0.        ,  0.103449  , ...,  0.02939532,
         -0.02732941,  0.29719107],
        [ 0.02042601, -0.103449  ,  0.        , ..., -0.07416669,
         -0.13059314,  0.1968216 ],
        ...,
        [ 0.09452097, -0.02939532,  0.07416669, ...,  0.        ,
         -0.05670194,  0.26899547],
        [ 0.15081698,  0.02732941,  0.13059314, ...,  0.05670194,
          0.        ,  0.32317468],
        [-0.17675407, -0.29719107, -0.1968216 , ..., -0.26899547,
         -0.32317468,  0.        ]],

       [[ 0.        ,  0.3706509 ,  0.34624445, ...,  0.92820418,
          0.93263364,  0.90540223],
        [-0.3706509 ,  0.        , -0.02614181, ...,  0.99999883,
          0.99994427,  0.9982741 ],
        [-0.34624445,  0.02614181,  0.        , ...,  0.99961709,
          0.99987852,  0.99639772],
        ...,
        [-0.92820418, -0.99999883, -0.99961709, ...,  0.        ,
         -0.01208711,  0.05719945],
        [-0.93263364, -0.99994427, -0.99987852, ...,  0.01208711,
          0.        ,  0.06926259],
        [-0.90540223, -0.9982741 , -0.99639772, ..., -0.05719945,
         -0.06926259,  0.        ]],

       ...,

       [[ 0.        ,  0.48859692,  0.53201738, ..., -0.18387183,
          0.2394332 ,  0.56032657],
        [-0.48859692,  0.        ,  0.05047894, ..., -0.64069639,
         -0.26547725,  0.08419929],
        [-0.53201738, -0.05047894,  0.        , ..., -0.67863703,
         -0.31380641,  0.03379227],
        ...,
        [ 0.18387183,  0.64069639,  0.67863703, ...,  0.        ,
          0.41387443,  0.70306898],
        [-0.2394332 ,  0.26547725,  0.31380641, ..., -0.41387443,
          0.        ,  0.34571251],
        [-0.56032657, -0.08419929, -0.03379227, ..., -0.70306898,
         -0.34571251,  0.        ]],

       [[ 0.        , -0.1579271 , -0.54670536, ...,  0.91265276,
          0.89808773,  0.9250093 ],
        [ 0.1579271 ,  0.        , -0.40760831, ...,  0.96575013,
          0.95627634,  0.97340468],
        [ 0.54670536,  0.40760831,  0.        , ...,  0.98764507,
          0.99244132,  0.98225114],
        ...,
        [-0.91265276, -0.96575013, -0.98764507, ...,  0.        ,
         -0.03431902,  0.03132705],
        [-0.89808773, -0.95627634, -0.99244132, ...,  0.03431902,
          0.        ,  0.06561077],
        [-0.9250093 , -0.97340468, -0.98225114, ..., -0.03132705,
         -0.06561077,  0.        ]],

       [[ 0.        ,  0.06323651,  0.12248378, ...,  0.79744485,
          0.54895068,  0.42674298],
        [-0.06323651,  0.        ,  0.05947827, ...,  0.83400521,
          0.60070853,  0.48307828],
        [-0.12248378, -0.05947827,  0.        , ...,  0.86534622,
          0.64719601,  0.53430085],
        ...,
        [-0.79744485, -0.83400521, -0.86534622, ...,  0.        ,
          0.3353157 ,  0.46369431],
        [-0.54895068, -0.60070853, -0.64719601, ..., -0.3353157 ,
          0.        ,  0.13976099],
        [-0.42674298, -0.48307828, -0.53430085, ..., -0.46369431,
         -0.13976099,  0.        ]]]), 'num': array([ 9.99995960e-01,  2.03472661e-04,  2.09600097e-04,  6.23195451e-05,
        6.43446036e-05,  6.12743535e-05,  2.82206939e-03, -1.50246283e-06,
        6.19667929e-05,  6.12743535e-05,  5.98644337e-05,  7.27371766e-07,
        6.41925374e-05,  5.83561697e-05])}
{'img': array([[[ 0.        , -0.44293905,  0.64019703, ...,  0.93139849,
          0.9999933 ,  0.97695777],
        [ 0.44293905,  0.        ,  0.91424029, ...,  0.99627726,
          0.89816665,  0.97043085],
        [-0.64019703, -0.91424029,  0.        , ...,  0.48247788,
          0.76586282,  0.6138705 ],
        ...,
        [-0.93139849, -0.99627726, -0.48247788, ...,  0.        ,
          0.36059029,  0.15682289],
        [-0.9999933 , -0.89816665, -0.76586282, ..., -0.36059029,
          0.        , -0.20985609],
        [-0.97695777, -0.97043085, -0.6138705 , ..., -0.15682289,
          0.20985609,  0.        ]],

       [[ 0.        ,  0.103449  ,  0.63009411, ..., -0.02732941,
          0.29719107,  0.14246303],
        [-0.103449  ,  0.        ,  0.54638341, ..., -0.13059314,
          0.1968216 ,  0.03930485],
        [-0.63009411, -0.54638341,  0.        , ..., -0.65108056,
         -0.37085076, -0.513042  ],
        ...,
        [ 0.02732941,  0.13059314,  0.65108056, ...,  0.        ,
          0.32317468,  0.16946048],
        [-0.29719107, -0.1968216 ,  0.37085076, ..., -0.32317468,
          0.        , -0.15813349],
        [-0.14246303, -0.03930485,  0.513042  , ..., -0.16946048,
          0.15813349,  0.        ]],

       [[ 0.        , -0.13874015,  0.44066366, ...,  0.97840863,
          0.96130622,  0.96689685],
        [ 0.13874015,  0.        ,  0.56094511, ...,  0.94027148,
          0.91378884,  0.92214383],
        [-0.44066366, -0.56094511,  0.        , ...,  0.9693666 ,
          0.98433287,  0.98039958],
        ...,
        [-0.97840863, -0.94027148, -0.9693666 , ...,  0.        ,
          0.0708514 ,  0.04982008],
        [-0.96130622, -0.91378884, -0.98433287, ..., -0.0708514 ,
          0.        , -0.02106854],
        [-0.96689685, -0.92214383, -0.98039958, ..., -0.04982008,
          0.02106854,  0.        ]],

       ...,

       [[ 0.        ,  0.05047894,  0.83912546, ..., -0.26547725,
          0.08419929, -0.10261298],
        [-0.05047894,  0.        ,  0.81059828, ..., -0.31380641,
          0.03379227, -0.15269464],
        [-0.83912546, -0.81059828,  0.        , ..., -0.95341837,
         -0.79034648, -0.89051111],
        ...,
        [ 0.26547725,  0.31380641,  0.95341837, ...,  0.        ,
          0.34571251,  0.16514496],
        [-0.08419929, -0.03379227,  0.79034648, ..., -0.34571251,
          0.        , -0.18600344],
        [ 0.10261298,  0.15269464,  0.89051111, ..., -0.16514496,
          0.18600344,  0.        ]],

       [[ 0.        , -0.40760831, -0.10518058, ...,  0.95627634,
          0.97340468,  0.97670736],
        [ 0.40760831,  0.        ,  0.30930099, ...,  0.99244132,
          0.98225114,  0.97934987],
        [ 0.10518058, -0.30930099,  0.        , ...,  0.98173361,
          0.99210141,  0.9938589 ],
        ...,
        [-0.95627634, -0.99244132, -0.98173361, ...,  0.        ,
          0.06561077,  0.08045868],
        [-0.97340468, -0.98225114, -0.99210141, ..., -0.06561077,
          0.        ,  0.01488725],
        [-0.97670736, -0.97934987, -0.9938589 , ..., -0.08045868,
         -0.01488725,  0.        ]],

       [[ 0.        ,  0.05895932, -0.00167386, ...,  0.71108248,
          0.6854658 ,  0.47940635],
        [-0.05895932,  0.        , -0.06063019, ...,  0.75130028,
          0.72720191,  0.53031466],
        [ 0.00167386,  0.06063019,  0.        , ...,  0.70990458,
          0.68424609,  0.47793671],
        ...,
        [-0.71108248, -0.75130028, -0.70990458, ...,  0.        ,
          0.0357857 ,  0.28696631],
        [-0.6854658 , -0.72720191, -0.68424609, ..., -0.0357857 ,
          0.        ,  0.25250193],
        [-0.47940635, -0.53031466, -0.47793671, ..., -0.28696631,
         -0.25250193,  0.        ]]]), 'num': array([ 9.99998937e-01,  2.06722964e-04,  2.12948280e-04,  6.23195272e-05,
        6.31159429e-05,  6.14567435e-05,  1.41645184e-03, -9.95519604e-07,
        6.27575558e-05,  6.22432040e-05,  6.09501347e-05,  7.06425210e-07,
        6.52057071e-05,  5.92807009e-05])}
{'img': array([[[ 0.        ,  0.91424029,  0.87094568, ...,  0.89816665,
          0.97043085,  0.99370043],
        [-0.91424029,  0.        , -0.0963556 , ...,  0.76586282,
          0.6138705 ,  0.50507797],
        [-0.87094568,  0.0963556 ,  0.        , ...,  0.82425628,
          0.68707791,  0.58588981],
        ...,
        [-0.89816665, -0.76586282, -0.82425628, ...,  0.        ,
         -0.20985609, -0.33622893],
        [-0.97043085, -0.6138705 , -0.68707791, ...,  0.20985609,
          0.        , -0.13110354],
        [-0.99370043, -0.50507797, -0.58588981, ...,  0.33622893,
          0.13110354,  0.        ]],

       [[ 0.        ,  0.54638341,  0.14260757, ...,  0.1968216 ,
          0.03930485, -0.13961412],
        [-0.54638341,  0.        , -0.42136014, ..., -0.37085076,
         -0.513042  , -0.65796386],
        [-0.14260757,  0.42136014,  0.        , ...,  0.05499188,
         -0.10359424, -0.27939803],
        ...,
        [-0.1968216 ,  0.37085076, -0.05499188, ...,  0.        ,
         -0.15813349, -0.3317771 ],
        [-0.03930485,  0.513042  ,  0.10359424, ...,  0.15813349,
          0.        , -0.17842613],
        [ 0.13961412,  0.65796386,  0.27939803, ...,  0.3317771 ,
          0.17842613,  0.        ]],

       [[ 0.        ,  0.56094511,  0.7566918 , ...,  0.91378884,
          0.92214383,  0.93378535],
        [-0.56094511,  0.        ,  0.25969951, ...,  0.98433287,
          0.98039958,  0.97376204],
        [-0.7566918 , -0.25969951,  0.        , ...,  0.90476965,
          0.8955957 ,  0.88125228],
        ...,
        [-0.91378884, -0.98433287, -0.90476965, ...,  0.        ,
         -0.02106854, -0.05230945],
        [-0.92214383, -0.98039958, -0.8955957 , ...,  0.02106854,
          0.        , -0.03125814],
        [-0.93378535, -0.97376204, -0.88125228, ...,  0.05230945,
          0.03125814,  0.        ]],

       ...,

       [[ 0.        ,  0.81059828,  0.56325587, ...,  0.03379227,
         -0.15269464, -0.26797114],
        [-0.81059828,  0.        , -0.33993908, ..., -0.79034648,
         -0.89051111, -0.93787682],
        [-0.56325587,  0.33993908,  0.        , ..., -0.53501222,
         -0.68281972, -0.76407575],
        ...,
        [-0.03379227,  0.79034648,  0.53501222, ...,  0.        ,
         -0.18600344, -0.30037448],
        [ 0.15269464,  0.89051111,  0.68281972, ...,  0.18600344,
          0.        , -0.11771862],
        [ 0.26797114,  0.93787682,  0.76407575, ...,  0.30037448,
          0.11771862,  0.        ]],

       [[ 0.        ,  0.30930099,  0.28465317, ...,  0.98225114,
          0.97934987,  0.97975595],
        [-0.30930099,  0.        , -0.02581042, ...,  0.99210141,
          0.9938589 ,  0.99363352],
        [-0.28465317,  0.02581042,  0.        , ...,  0.99500851,
          0.99638385,  0.99621032],
        ...,
        [-0.98225114, -0.99210141, -0.99500851, ...,  0.        ,
          0.01488725,  0.01286899],
        [-0.97934987, -0.9938589 , -0.99638385, ..., -0.01488725,
          0.        , -0.00201845],
        [-0.97975595, -0.99363352, -0.99621032, ..., -0.01286899,
          0.00201845,  0.        ]],

       [[ 0.        , -0.06063019, -0.05079729, ...,  0.72720191,
          0.53031466,  0.57313301],
        [ 0.06063019,  0.        ,  0.00984808, ...,  0.68424609,
          0.47793671,  0.52239446],
        [ 0.05079729, -0.00984808,  0.        , ...,  0.69139463,
          0.48656403,  0.53076662],
        ...,
        [-0.72720191, -0.68424609, -0.69139463, ...,  0.        ,
          0.25250193,  0.20250257],
        [-0.53031466, -0.47793671, -0.48656403, ..., -0.25250193,
          0.        , -0.05132978],
        [-0.57313301, -0.52239446, -0.53076662, ..., -0.20250257,
          0.05132978,  0.        ]]]), 'num': array([9.99998089e-01, 8.02754212e-05, 2.08316211e-04, 6.23195895e-05,
       6.30985844e-05, 6.11510972e-05, 1.93451691e-03, 1.36324102e-06,
       6.18781591e-05, 6.08849406e-05, 5.97792007e-05, 7.65237785e-07,
       6.37889249e-05, 5.79809564e-05])}
{'img': array([[[ 0.00000000e+00, -1.07939217e-01, -2.35559567e-01, ...,
          6.50389962e-01,  5.39516126e-01,  6.92050696e-01],
        [ 1.07939217e-01,  0.00000000e+00, -1.29281511e-01, ...,
          7.28580737e-01,  6.27246151e-01,  7.65923192e-01],
        [ 2.35559567e-01,  1.29281511e-01,  0.00000000e+00, ...,
          8.11019093e-01,  7.22669425e-01,  8.42614744e-01],
        ...,
        [-6.50389962e-01, -7.28580737e-01, -8.11019093e-01, ...,
          0.00000000e+00, -1.37795551e-01,  5.61987662e-02],
        [-5.39516126e-01, -6.27246151e-01, -7.22669425e-01, ...,
          1.37795551e-01,  0.00000000e+00,  1.93240448e-01],
        [-6.92050696e-01, -7.65923192e-01, -8.42614744e-01, ...,
