state_0,state_1,state_2,state_3,state_4,state_5,state_6,state_7,state_8,state_9,state_10,state_11,state_12,state_13,state_14,state_15,state_16,state_17,state_18,state_19,state_20,state_21,state_22,state_23,state_24,state_25,state_26,state_27,state_28,state_29,state_30,state_31,state_32,state_33,state_34,state_35,state_36,state_37,state_38,state_39,state_40,state_41,state_42,state_43,state_44,state_45,state_46,state_47,state_48,state_49,state_50,state_51,state_52,state_53,state_54,state_55,state_56,state_57,state_58,state_59,state_60,state_61,state_62,state_63,state_64,state_65,state_66,state_67,state_68,state_69,state_70,state_71,state_72,state_73,state_74,state_75,state_76,state_77,state_78,state_79,state_80,state_81,state_82,state_83,state_84,state_85,state_86,state_87,state_88,state_89,state_90,state_91,state_92,state_93,state_94,state_95,state_96,state_97,state_98,state_99,state_100,state_101,state_102,state_103,state_104,state_105,state_106,state_107,state_108,state_109,state_110,state_111,state_112,state_113,state_114,state_115,state_116,state_117,state_118,state_119,state_120,state_121,state_122,state_123,state_124,state_125,state_126,state_127,state_128,state_129,state_130,state_131,state_132,state_133,state_134,state_135,state_136,state_137,state_138,state_139,state_140,state_141,state_142,state_143,state_144,state_145,state_146,state_147,state_148,state_149,state_150,state_151,state_152,state_153,state_154,state_155,state_156,state_157,state_158,state_159,state_160,state_161,state_162,state_163,state_164,state_165,state_166,state_167,state_168,state_169,state_170,state_171,state_172,state_173,state_174,state_175,state_176,state_177,state_178,state_179,state_180,state_181,state_182,state_183,state_184,state_185,state_186,state_187,state_188,state_189,state_190,state_191,state_192,state_193,state_194,state_195,state_196,state_197,state_198,state_199,state_200,state_201,state_202,state_203,state_204,state_205,state_206,state_207,state_208,state_209,state_210,state_211,state_212,state_213,state_214,state_215,state_216,state_217,state_218,state_219,state_220,state_221,state_222,state_223,state_224,state_225,state_226,state_227,state_228,state_229,state_230,state_231,state_232,state_233,state_234,state_235,state_236,state_237,state_238,state_239,state_240,state_241,state_242,state_243,state_244,state_245,state_246,state_247,state_248,state_249,state_250,state_251,state_252,state_253,state_254,state_255,state_256,state_257,state_258,state_259,state_260,state_261,state_262,state_263,state_264,state_265,state_266,state_267,state_268,state_269,state_270,state_271,state_272,state_273,state_274,state_275,state_276,state_277,state_278,state_279,state_280,state_281,state_282,state_283,state_284,state_285,state_286,state_287
{'img': array([[[ 0.        , -0.24719613,  0.16134094, ..., -0.91762995,
         -0.86603937, -0.85196311],
        [ 0.24719613,  0.        ,  0.40029134, ..., -0.79090712,
         -0.71557016, -0.69609049],
        [-0.16134094, -0.40029134,  0.        , ..., -0.96973051,
         -0.93535972, -0.92527971],
        ...,
        [ 0.91762995,  0.79090712,  0.96973051, ...,  0.        ,
          0.11459765,  0.141872  ],
        [ 0.86603937,  0.71557016,  0.93535972, ..., -0.11459765,
          0.        ,  0.02749885],
        [ 0.85196311,  0.69609049,  0.92527971, ..., -0.141872  ,
         -0.02749885,  0.        ]],

       [[ 0.        ,  0.38344138,  0.24937736, ..., -0.45762216,
         -0.33045713, -0.29937708],
        [-0.38344138,  0.        , -0.14101083, ..., -0.76357957,
         -0.66709874, -0.64234905],
        [-0.24937736,  0.14101083,  0.        , ..., -0.6648973 ,
         -0.55538439, -0.52785831],
        ...,
        [ 0.45762216,  0.76357957,  0.6648973 , ...,  0.        ,
          0.13808852,  0.17044311],
        [ 0.33045713,  0.66709874,  0.55538439, ..., -0.13808852,
          0.        ,  0.0327423 ],
        [ 0.29937708,  0.64234905,  0.52785831, ..., -0.17044311,
         -0.0327423 ,  0.        ]],

       [[ 0.        , -0.49813608, -0.57913028, ..., -0.52534161,
         -0.66826623, -0.77090264],
        [ 0.49813608,  0.        , -0.09606524, ..., -0.87938283,
         -0.95002738, -0.98573807],
        [ 0.57913028,  0.09606524,  0.        , ..., -0.92105385,
         -0.9756219 , -0.99734559],
        ...,
        [ 0.52534161,  0.87938283,  0.92105385, ...,  0.        ,
          0.17780871,  0.32133652],
        [ 0.66826623,  0.95002738,  0.9756219 , ..., -0.17780871,
          0.        ,  0.14783741],
        [ 0.77090264,  0.98573807,  0.99734559, ..., -0.32133652,
         -0.14783741,  0.        ]],

       ...,

       [[ 0.        , -0.17981952, -0.02419385, ..., -0.37268426,
         -0.43364638, -0.70938095],
        [ 0.17981952,  0.        ,  0.15596741, ..., -0.19974436,
         -0.26454544, -0.57107643],
        [ 0.02419385, -0.15596741,  0.        , ..., -0.35012429,
         -0.41171878, -0.69212087],
        ...,
        [ 0.37268426,  0.19974436,  0.35012429, ...,  0.        ,
         -0.06658622, -0.39559859],
        [ 0.43364638,  0.26454544,  0.41171878, ...,  0.06658622,
          0.        , -0.33356628],
        [ 0.70938095,  0.57107643,  0.69212087, ...,  0.39559859,
          0.33356628,  0.        ]],

       [[ 0.        , -0.39705424, -0.60992871, ..., -0.6543649 ,
         -0.65564307, -0.6454985 ],
        [ 0.39705424,  0.        , -0.24514147, ..., -0.90081698,
         -0.90155016, -0.89569015],
        [ 0.60992871,  0.24514147,  0.        , ..., -0.97977082,
         -0.98010793, -0.97736943],
        ...,
        [ 0.6543649 ,  0.90081698,  0.97977082, ...,  0.        ,
          0.00169154, -0.01166638],
        [ 0.65564307,  0.90155016,  0.98010793, ..., -0.00169154,
          0.        , -0.01335779],
        [ 0.6454985 ,  0.89569015,  0.97736943, ...,  0.01166638,
          0.01335779,  0.        ]],

       [[ 0.        ,  0.71282841,  0.9561439 , ...,  0.8670421 ,
          0.86978554,  0.86599152],
        [-0.71282841,  0.        ,  0.46179496, ...,  0.252934  ,
          0.25828318,  0.25089714],
        [-0.9561439 , -0.46179496,  0.        , ..., -0.22242992,
         -0.21703216, -0.22448145],
        ...,
        [-0.8670421 , -0.252934  ,  0.22242992, ...,  0.        ,
          0.00553296, -0.00210474],
        [-0.86978554, -0.25828318,  0.21703216, ..., -0.00553296,
          0.        , -0.00763766],
        [-0.86599152, -0.25089714,  0.22448145, ...,  0.00210474,
          0.00763766,  0.        ]]]), 'num': array([ 7.07088086e-01,  7.07088086e-01,  0.00000000e+00,  0.00000000e+00,
        1.84443260e-04,  1.87778581e-04,  1.83109132e-04,  7.25258915e-03,
       -6.67064232e-07,  1.83642783e-04,  1.85710682e-04,  1.94916168e-04,
        2.54894462e-06,  2.01999347e-04,  1.69422017e-04])}
{'img': array([[[ 0.        ,  0.40029134,  0.34357707, ..., -0.71557016,
         -0.69609049, -0.71557016],
        [-0.40029134,  0.        , -0.06107352, ..., -0.93535972,
         -0.92527971, -0.93535972],
        [-0.34357707,  0.06107352,  0.        , ..., -0.91201208,
         -0.90038817, -0.91201208],
        ...,
        [ 0.71557016,  0.93535972,  0.91201208, ...,  0.        ,
          0.02749885,  0.        ],
        [ 0.69609049,  0.92527971,  0.90038817, ..., -0.02749885,
          0.        , -0.02749885],
        [ 0.71557016,  0.93535972,  0.91201208, ...,  0.        ,
          0.02749885,  0.        ]],

       [[ 0.        , -0.14101083,  0.23649332, ..., -0.66709874,
         -0.64234905, -0.74652066],
        [ 0.14101083,  0.        ,  0.37114108, ..., -0.55538439,
         -0.52785831, -0.64523818],
        [-0.23649332, -0.37114108,  0.        , ..., -0.82435549,
         -0.80537898, -0.88269792],
        ...,
        [ 0.66709874,  0.55538439,  0.82435549, ...,  0.        ,
          0.0327423 , -0.11227267],
        [ 0.64234905,  0.52785831,  0.80537898, ..., -0.0327423 ,
          0.        , -0.14474776],
        [ 0.74652066,  0.64523818,  0.88269792, ...,  0.11227267,
          0.14474776,  0.        ]],

       [[ 0.        , -0.1727806 , -0.3281387 , ..., -0.83486959,
         -0.90913604, -0.93673334],
        [ 0.1727806 ,  0.        , -0.15998995, ..., -0.91742013,
         -0.96742594, -0.98312596],
        [ 0.3281387 ,  0.15998995,  0.        , ..., -0.96926571,
         -0.99546631, -0.99972891],
        ...,
        [ 0.83486959,  0.91742013,  0.96926571, ...,  0.        ,
          0.15270933,  0.2233819 ],
        [ 0.90913604,  0.96742594,  0.99546631, ..., -0.15270933,
          0.        ,  0.07191136],
        [ 0.93673334,  0.98312596,  0.99972891, ..., -0.2233819 ,
         -0.07191136,  0.        ]],

       ...,

       [[ 0.        ,  0.15596741, -0.25537042, ..., -0.26454544,
         -0.57107643, -0.31607739],
        [-0.15596741,  0.        , -0.40304129, ..., -0.41171878,
         -0.69212087, -0.46018079],
        [ 0.25537042,  0.40304129,  0.        , ..., -0.00950159,
         -0.34250862, -0.06331885],
        ...,
        [ 0.26454544,  0.41171878,  0.00950159, ...,  0.        ,
         -0.33356628, -0.05383347],
        [ 0.57107643,  0.69212087,  0.34250862, ...,  0.33356628,
          0.        ,  0.28233233],
        [ 0.31607739,  0.46018079,  0.06331885, ...,  0.05383347,
         -0.28233233,  0.        ]],

       [[ 0.        , -0.49430491, -0.7272876 , ..., -0.66754186,
         -0.65729274, -0.63893604],
        [ 0.49430491,  0.        , -0.29296512, ..., -0.94833225,
         -0.94390274, -0.93566874],
        [ 0.7272876 ,  0.29296512,  0.        , ..., -0.99967407,
         -0.99923123, -0.99799594],
        ...,
        [ 0.66754186,  0.94833225,  0.99967407, ...,  0.        ,
         -0.0136812 , -0.03777911],
        [ 0.65729274,  0.94390274,  0.99923123, ...,  0.0136812 ,
          0.        , -0.02410414],
        [ 0.63893604,  0.93566874,  0.99799594, ...,  0.03777911,
          0.02410414,  0.        ]],

       [[ 0.        ,  0.85425206,  0.99999892, ...,  0.65504005,
          0.64594194,  0.6340386 ],
        [-0.85425206,  0.        ,  0.51860261, ..., -0.30493937,
         -0.31632576, -0.33098362],
        [-0.99999892, -0.51860261,  0.        , ..., -0.75463034,
         -0.76243608, -0.77236844],
        ...,
        [-0.65504005,  0.30493937,  0.75463034, ...,  0.        ,
         -0.0119788 , -0.02746753],
        [-0.64594194,  0.31632576,  0.76243608, ...,  0.0119788 ,
          0.        , -0.01549129],
        [-0.6340386 ,  0.33098362,  0.77236844, ...,  0.02746753,
          0.01549129,  0.        ]]]), 'num': array([7.07088451e-01, 7.07088451e-01, 0.00000000e+00, 0.00000000e+00,
       1.84443355e-04, 1.85443952e-04, 1.81108033e-04, 7.18108358e-03,
       0.00000000e+00, 1.84043117e-04, 1.85277186e-04, 1.94560502e-04,
       2.77451638e-06, 2.01212213e-04, 1.69342160e-04])}
{'img': array([[[ 0.        , -0.06107352, -0.16134094, ..., -0.92527971,
         -0.93535972, -0.93535972],
        [ 0.06107352,  0.        , -0.10076638, ..., -0.90038817,
         -0.91201208, -0.91201208],
        [ 0.16134094,  0.10076638,  0.        , ..., -0.85196311,
         -0.86603937, -0.86603937],
        ...,
        [ 0.92527971,  0.90038817,  0.85196311, ...,  0.        ,
         -0.02749885, -0.02749885],
        [ 0.93535972,  0.91201208,  0.86603937, ...,  0.02749885,
          0.        ,  0.        ],
        [ 0.93535972,  0.91201208,  0.86603937, ...,  0.02749885,
          0.        ,  0.        ]],

       [[ 0.        ,  0.37114108, -0.55755249, ..., -0.52785831,
         -0.64523818, -0.65006724],
        [-0.37114108,  0.        , -0.82582982, ..., -0.80537898,
         -0.88269792, -0.88565861],
        [ 0.55755249,  0.82582982,  0.        , ...,  0.03535023,
         -0.10967934, -0.11597677],
        ...,
        [ 0.52785831,  0.80537898, -0.03535023, ...,  0.        ,
         -0.14474776, -0.15101597],
        [ 0.64523818,  0.88269792,  0.10967934, ...,  0.14474776,
          0.        , -0.00633786],
        [ 0.65006724,  0.88565861,  0.11597677, ...,  0.15101597,
          0.00633786,  0.        ]],

       [[ 0.        , -0.15998995, -0.0411692 , ..., -0.96742594,
         -0.98312596, -0.9873226 ],
        [ 0.15998995,  0.        ,  0.11921542, ..., -0.99546631,
         -0.99972891, -0.99999918],
        [ 0.0411692 , -0.11921542,  0.        , ..., -0.9770279 ,
         -0.98982353, -0.99302018],
        ...,
        [ 0.96742594,  0.99546631,  0.9770279 , ...,  0.        ,
          0.07191136,  0.09638879],
        [ 0.98312596,  0.99972891,  0.98982353, ..., -0.07191136,
          0.        ,  0.02456271],
        [ 0.9873226 ,  0.99999918,  0.99302018, ..., -0.09638879,
         -0.02456271,  0.        ]],

       ...,

       [[ 0.        , -0.40304129, -0.07312528, ..., -0.69212087,
         -0.46018079, -0.31932523],
        [ 0.40304129,  0.        ,  0.33503933, ..., -0.34250862,
         -0.06331885,  0.08969951],
        [ 0.07312528, -0.33503933,  0.        , ..., -0.63748741,
         -0.39402631, -0.2491735 ],
        ...,
        [ 0.69212087,  0.34250862,  0.63748741, ...,  0.        ,
          0.28233233,  0.42540193],
        [ 0.46018079,  0.06331885,  0.39402631, ..., -0.28233233,
          0.        ,  0.15258312],
        [ 0.31932523, -0.08969951,  0.2491735 , ..., -0.42540193,
         -0.15258312,  0.        ]],

       [[ 0.        , -0.59428988, -0.92604408, ..., -0.67653757,
         -0.65787723, -0.61627112],
        [ 0.59428988,  0.        , -0.52047766, ..., -0.98174585,
         -0.97667304, -0.96366014],
        [ 0.92604408,  0.52047766,  0.        , ..., -0.93728206,
         -0.9457201 , -0.96188146],
        ...,
        [ 0.67653757,  0.98174585,  0.93728206, ...,  0.        ,
         -0.02505134, -0.07896933],
        [ 0.65787723,  0.97667304,  0.9457201 , ...,  0.02505134,
          0.        , -0.05397143],
        [ 0.61627112,  0.96366014,  0.96188146, ...,  0.07896933,
          0.05397143,  0.        ]],

       [[ 0.        ,  0.54555575,  0.99892825, ..., -0.35714496,
         -0.3746731 , -0.38238652],
        [-0.54555575,  0.        ,  0.81192493, ..., -0.80888988,
         -0.81981981, -0.82456326],
        [-0.99892825, -0.81192493,  0.        , ..., -0.94957858,
         -0.94350528, -0.94071116],
        ...,
        [ 0.35714496,  0.80888988,  0.94957858, ...,  0.        ,
         -0.01883359, -0.02716492],
        [ 0.3746731 ,  0.81981981,  0.94350528, ...,  0.01883359,
          0.        , -0.00833346],
        [ 0.38238652,  0.82456326,  0.94071116, ...,  0.02716492,
          0.00833346,  0.        ]]]), 'num': array([ 7.07082726e-01,  7.07082726e-01,  0.00000000e+00,  0.00000000e+00,
        1.83774803e-04,  1.85775980e-04,  1.79105389e-04,  8.23171035e-03,
       -6.67059176e-07,  1.84441862e-04,  1.84842098e-04,  1.94025279e-04,
        2.69164229e-06,  2.00441302e-04,  1.69242893e-04])}
{'img': array([[[ 0.        , -0.10076638, -0.28346631, ..., -0.91201208,
         -0.91201208, -0.92311424],
        [ 0.10076638,  0.        , -0.18539034, ..., -0.86603937,
         -0.86603937, -0.87966842],
        [ 0.28346631,  0.18539034,  0.        , ..., -0.75833586,
         -0.75833586, -0.77625   ],
        ...,
        [ 0.91201208,  0.86603937,  0.75833586, ...,  0.        ,
          0.        , -0.02793542],
        [ 0.91201208,  0.86603937,  0.75833586, ...,  0.        ,
          0.        , -0.02793542],
        [ 0.92311424,  0.87966842,  0.77625   , ...,  0.02793542,
          0.02793542,  0.        ]],

       [[ 0.        , -0.82582982, -0.64479194, ..., -0.88269792,
         -0.88565861, -0.84149899],
        [ 0.82582982,  0.        ,  0.26761904, ..., -0.10967934,
         -0.11597677, -0.02837589],
        [ 0.64479194, -0.26761904,  0.        , ..., -0.37168327,
         -0.37755962, -0.29485215],
        ...,
        [ 0.88269792,  0.10967934,  0.37168327, ...,  0.        ,
         -0.00633786,  0.08143048],
        [ 0.88565861,  0.11597677,  0.37755962, ...,  0.00633786,
          0.        ,  0.08774566],
        [ 0.84149899,  0.02837589,  0.29485215, ..., -0.08143048,
         -0.08774566,  0.        ]],

       [[ 0.        ,  0.11921542,  0.0193632 , ..., -0.99972891,
         -0.99999918, -0.99967576],
        [-0.11921542,  0.        , -0.09996796, ..., -0.98982353,
         -0.99302018, -0.9955821 ],
        [-0.0193632 ,  0.09996796,  0.        , ..., -0.99909064,
         -0.99983648, -0.99998139],
        ...,
        [ 0.99972891,  0.98982353,  0.99909064, ...,  0.        ,
          0.02456271,  0.04873205],
        [ 0.99999918,  0.99302018,  0.99983648, ..., -0.02456271,
          0.        ,  0.02418381],
        [ 0.99967576,  0.9955821 ,  0.99998139, ..., -0.04873205,
         -0.02418381,  0.        ]],

       ...,

       [[ 0.        ,  0.33503933,  0.46465973, ..., -0.06331885,
          0.08969951,  0.03467026],
        [-0.33503933,  0.        ,  0.14113057, ..., -0.39402631,
         -0.2491735 , -0.30217144],
        [-0.46465973, -0.14113057,  0.        , ..., -0.51979549,
         -0.38335867, -0.43368023],
        ...,
        [ 0.06331885,  0.39402631,  0.51979549, ...,  0.        ,
          0.15258312,  0.09788148],
        [-0.08969951,  0.2491735 ,  0.38335867, ..., -0.15258312,
          0.        , -0.05511507],
        [-0.03467026,  0.30217144,  0.43368023, ..., -0.09788148,
          0.05511507,  0.        ]],

       [[ 0.        , -0.84995476, -0.84910607, ..., -0.6873346 ,
         -0.64464395, -0.59765253],
        [ 0.84995476,  0.        ,  0.00160877, ..., -0.97948307,
         -0.98941024, -0.9963323 ],
        [ 0.84910607, -0.00160877,  0.        , ..., -0.97980601,
         -0.98964247, -0.99646868],
        ...,
        [ 0.6873346 ,  0.97948307,  0.97980601, ...,  0.        ,
         -0.05722429, -0.11697461],
        [ 0.64464395,  0.98941024,  0.98964247, ...,  0.05722429,
          0.        , -0.05995149],
        [ 0.59765253,  0.9963323 ,  0.99646868, ...,  0.11697461,
          0.05995149,  0.        ]],

       [[ 0.        ,  0.81192493,  0.79806728, ..., -0.81981981,
         -0.82456326, -0.83037912],
        [-0.81192493,  0.        , -0.02335903, ..., -0.94350528,
         -0.94071116, -0.93714727],
        [-0.79806728,  0.02335903,  0.        , ..., -0.95098802,
         -0.94837806, -0.94504232],
        ...,
        [ 0.81981981,  0.94350528,  0.95098802, ...,  0.        ,
         -0.00833346, -0.01869039],
        [ 0.82456326,  0.94071116,  0.94837806, ...,  0.00833346,
          0.        , -0.01035774],
        [ 0.83037912,  0.93714727,  0.94504232, ...,  0.01869039,
          0.01035774,  0.        ]]]), 'num': array([ 7.07081650e-01,  7.07081650e-01,  0.00000000e+00,  0.00000000e+00,
        1.78771587e-04,  1.85442169e-04,  1.76770412e-04,  8.41487199e-03,
       -5.00293620e-06,  1.83307582e-04,  1.84191434e-04,  1.93430190e-04,
        2.43529170e-06,  1.99663553e-04,  1.68719316e-04])}
{'img': array([[[ 0.        , -0.18539034,  0.        , ..., -0.86603937,
         -0.87966842, -0.96469443],
        [ 0.18539034,  0.        ,  0.18539034, ..., -0.75833586,
         -0.77625   , -0.89914485],
        [ 0.        , -0.18539034,  0.        , ..., -0.86603937,
         -0.87966842, -0.96469443],
        ...,
        [ 0.86603937,  0.75833586,  0.86603937, ...,  0.        ,
         -0.02793542, -0.25423362],
        [ 0.87966842,  0.77625   ,  0.87966842, ...,  0.02793542,
          0.        , -0.22711685],
        [ 0.96469443,  0.89914485,  0.96469443, ...,  0.25423362,
          0.22711685,  0.        ]],

       [[ 0.        ,  0.26761904,  0.45368076, ..., -0.11597677,
         -0.02837589, -0.01405377],
        [-0.26761904,  0.        ,  0.19864014, ..., -0.37755962,
         -0.29485215, -0.28113376],
        [-0.45368076, -0.19864014,  0.        , ..., -0.55397364,
         -0.47878566, -0.46616017],
        ...,
        [ 0.11597677,  0.37755962,  0.55397364, ...,  0.        ,
          0.08774566,  0.10200638],
        [ 0.02837589,  0.29485215,  0.47878566, ..., -0.08774566,
          0.        ,  0.01432498],
        [ 0.01405377,  0.28113376,  0.46616017, ..., -0.10200638,
         -0.01432498,  0.        ]],

       [[ 0.        , -0.09996796,  0.0411692 , ..., -0.99302018,
         -0.9955821 , -0.98665225],
        [ 0.09996796,  0.        ,  0.14084617, ..., -0.99983648,
         -0.99998139, -0.9979887 ],
        [-0.0411692 , -0.14084617,  0.        , ..., -0.9873226 ,
         -0.99087245, -0.9791117 ],
        ...,
        [ 0.99302018,  0.99983648,  0.9873226 , ...,  0.        ,
          0.02418381, -0.04533455],
        [ 0.9955821 ,  0.99998139,  0.99087245, ..., -0.02418381,
          0.        , -0.06948024],
        [ 0.98665225,  0.9979887 ,  0.9791117 , ...,  0.04533455,
          0.06948024,  0.        ]],

       ...,

       [[ 0.        ,  0.14113057,  0.33667491, ..., -0.2491735 ,
         -0.30217144, -0.46772797],
        [-0.14113057,  0.        ,  0.20041363, ..., -0.38335867,
         -0.43368023, -0.5877879 ],
        [-0.33667491, -0.20041363,  0.        , ..., -0.56068279,
         -0.60546753, -0.73800014],
        ...,
        [ 0.2491735 ,  0.38335867,  0.56068279, ...,  0.        ,
         -0.05511507, -0.2327377 ],
        [ 0.30217144,  0.43368023,  0.60546753, ...,  0.05511507,
          0.        , -0.17878235],
        [ 0.46772797,  0.5877879 ,  0.73800014, ...,  0.2327377 ,
          0.17878235,  0.        ]],

       [[ 0.        ,  0.00539944,  0.00291042, ..., -0.90299446,
         -0.87128478, -0.83177076],
        [-0.00539944,  0.        , -0.00248904, ..., -0.90066142,
         -0.86862215, -0.8287613 ],
        [-0.00291042,  0.00248904,  0.        , ..., -0.90174017,
         -0.86985272, -0.8301516 ],
        ...,
        [ 0.90299446,  0.90066142,  0.90174017, ...,  0.        ,
         -0.06882022, -0.14389751],
        [ 0.87128478,  0.86862215,  0.86985272, ...,  0.06882022,
          0.        , -0.07545236],
        [ 0.83177076,  0.8287613 ,  0.8301516 , ...,  0.14389751,
          0.07545236,  0.        ]],

       [[ 0.        , -0.02335903, -0.0251521 , ..., -0.94071116,
         -0.93714727, -0.91507313],
        [ 0.02335903,  0.        , -0.0017936 , ..., -0.94837806,
         -0.94504232, -0.92424386],
        [ 0.0251521 ,  0.0017936 ,  0.        , ..., -0.94894537,
         -0.94562721, -0.92492717],
        ...,
        [ 0.94071116,  0.94837806,  0.94894537, ...,  0.        ,
         -0.01035774, -0.06897675],
        [ 0.93714727,  0.94504232,  0.94562721, ...,  0.01035774,
          0.        , -0.05863999],
        [ 0.91507313,  0.92424386,  0.92492717, ...,  0.06897675,
          0.05863999,  0.        ]]]), 'num': array([ 7.07089914e-01,  7.07089914e-01,  0.00000000e+00,  0.00000000e+00,
        1.76772478e-04,  1.80107808e-04,  1.71769484e-04,  6.88785624e-03,
       -2.00119787e-06,  1.81642060e-04,  1.83243018e-04,  1.92843209e-04,
        3.03812218e-06,  1.98072901e-04,  1.68413135e-04])}
{'img': array([[[ 0.00000000e+00,  1.85390336e-01,  3.41505573e-01, ...,
         -7.76250005e-01, -8.99144848e-01, -9.40684499e-01],
        [-1.85390336e-01,  0.00000000e+00,  1.61340938e-01, ...,
         -8.79668419e-01, -9.64694433e-01, -9.87277408e-01],
        [-3.41505573e-01, -1.61340938e-01,  0.00000000e+00, ...,
         -9.44875379e-01, -9.94548347e-01, -9.99997205e-01],
        ...,
        [ 7.76250005e-01,  8.79668419e-01,  9.44875379e-01, ...,
          0.00000000e+00, -2.27116850e-01, -3.29663102e-01],
        [ 8.99144848e-01,  9.64694433e-01,  9.94548347e-01, ...,
          2.27116850e-01,  0.00000000e+00, -1.06627477e-01],
        [ 9.40684499e-01,  9.87277408e-01,  9.99997205e-01, ...,
          3.29663102e-01,  1.06627477e-01,  0.00000000e+00]],

       [[ 0.00000000e+00,  1.98640141e-01,  4.90240576e-01, ...,
         -2.94852150e-01, -2.81133764e-01, -4.02103486e-01],
        [-1.98640141e-01,  0.00000000e+00,  3.07339108e-01, ...,
         -4.78785656e-01, -4.66160174e-01, -5.75964333e-01],
        [-4.90240576e-01, -3.07339108e-01,  0.00000000e+00, ...,
         -7.25435244e-01, -7.15501062e-01, -7.99329676e-01],
        ...,
        [ 2.94852150e-01,  4.78785656e-01,  7.25435244e-01, ...,
          0.00000000e+00,  1.43249795e-02, -1.14262200e-01],
        [ 2.81133764e-01,  4.66160174e-01,  7.15501062e-01, ...,
         -1.43249795e-02,  0.00000000e+00, -1.28481635e-01],
        [ 4.02103486e-01,  5.75964333e-01,  7.99329676e-01, ...,
          1.14262200e-01,  1.28481635e-01,  0.00000000e+00]],

       [[ 0.00000000e+00,  1.40846175e-01,  1.40846175e-01, ...,
         -9.99981385e-01, -9.97988697e-01, -9.85157405e-01],
        [-1.40846175e-01,  0.00000000e+00,  0.00000000e+00, ...,
         -9.90872445e-01, -9.79111700e-01, -9.51160132e-01],
        [-1.40846175e-01,  0.00000000e+00,  0.00000000e+00, ...,
         -9.90872445e-01, -9.79111700e-01, -9.51160132e-01],
        ...,
        [ 9.99981385e-01,  9.90872445e-01,  9.90872445e-01, ...,
          0.00000000e+00, -6.94802391e-02, -1.77661201e-01],
        [ 9.97988697e-01,  9.79111700e-01,  9.79111700e-01, ...,
          6.94802391e-02,  0.00000000e+00, -1.08856925e-01],
        [ 9.85157405e-01,  9.51160132e-01,  9.51160132e-01, ...,
          1.77661201e-01,  1.08856925e-01,  0.00000000e+00]],

       ...,

       [[ 0.00000000e+00,  2.00413629e-01,  2.79047666e-01, ...,
         -4.33680229e-01, -5.87787902e-01, -2.21819879e-01],
        [-2.00413629e-01,  0.00000000e+00,  8.09335235e-02, ...,
         -6.05467529e-01, -7.38000140e-01, -4.12740314e-01],
        [-2.79047666e-01, -8.09335235e-02,  0.00000000e+00, ...,
         -6.67893858e-01, -7.90193118e-01, -4.85104519e-01],
        ...,
        [ 4.33680229e-01,  6.05467529e-01,  6.67893858e-01, ...,
          0.00000000e+00, -1.78782351e-01,  2.23001700e-01],
        [ 5.87787902e-01,  7.38000140e-01,  7.90193118e-01, ...,
          1.78782351e-01,  0.00000000e+00,  3.93689105e-01],
        [ 2.21819879e-01,  4.12740314e-01,  4.85104519e-01, ...,
         -2.23001700e-01, -3.93689105e-01,  0.00000000e+00]],

       [[ 0.00000000e+00, -2.48903779e-03,  8.10031275e-03, ...,
         -8.68622151e-01, -8.28761301e-01, -7.11008573e-01],
        [ 2.48903779e-03,  0.00000000e+00,  1.05892438e-02, ...,
         -8.69852716e-01, -8.30151605e-01, -7.12756621e-01],
        [-8.10031275e-03, -1.05892438e-02,  0.00000000e+00, ...,
         -8.64580150e-01, -8.24201157e-01, -7.05289241e-01],
        ...,
        [ 8.68622151e-01,  8.69852716e-01,  8.64580150e-01, ...,
          0.00000000e+00, -7.54523564e-02, -2.58513592e-01],
        [ 8.28761301e-01,  8.30151605e-01,  8.24201157e-01, ...,
          7.54523564e-02,  0.00000000e+00, -1.84889123e-01],
        [ 7.11008573e-01,  7.12756621e-01,  7.05289241e-01, ...,
          2.58513592e-01,  1.84889123e-01,  0.00000000e+00]],

       [[ 0.00000000e+00, -1.79360001e-03, -7.14749234e-04, ...,
         -9.45042318e-01, -9.24243856e-01, -9.09171749e-01],
        [ 1.79360001e-03,  0.00000000e+00,  1.07885147e-03, ...,
         -9.45627212e-01, -9.24927171e-01, -9.09917180e-01],
        [ 7.14749234e-04, -1.07885147e-03,  0.00000000e+00, ...,
         -9.45275763e-01, -9.24516513e-01, -9.09469154e-01],
        ...,
        [ 9.45042318e-01,  9.45627212e-01,  9.45275763e-01, ...,
          0.00000000e+00, -5.86399888e-02, -9.62838703e-02],
        [ 9.24243856e-01,  9.24927171e-01,  9.24516513e-01, ...,
          5.86399888e-02,  0.00000000e+00, -3.77506421e-02],
        [ 9.09171749e-01,  9.09917180e-01,  9.09469154e-01, ...,
          9.62838703e-02,  3.77506421e-02,  0.00000000e+00]]]), 'num': array([ 7.07091914e-01,  7.07091914e-01,  0.00000000e+00,  0.00000000e+00,
        1.70769368e-04,  1.76105911e-04,  1.70435834e-04,  6.46462118e-03,
       -6.00361059e-06,  1.78907596e-04,  1.81692604e-04,  1.92232276e-04,
        2.66827138e-06,  1.94832105e-04,  1.68553103e-04])}
{'img': array([[[ 0.        ,  0.16134094, -0.22272909, ..., -0.96469443,
         -0.98727741, -0.93044076],
        [-0.16134094,  0.        , -0.37709917, ..., -0.99454835,
         -0.99999721, -0.85912865],
        [ 0.22272909,  0.37709917,  0.        , ..., -0.88180114,
         -0.92706183, -0.98868581],
        ...,
        [ 0.96469443,  0.99454835,  0.88180114, ...,  0.        ,
         -0.10662748, -0.59855665],
        [ 0.98727741,  0.99999721,  0.92706183, ...,  0.10662748,
          0.        , -0.50972711],
        [ 0.93044076,  0.85912865,  0.98868581, ...,  0.59855665,
          0.50972711,  0.        ]],

       [[ 0.        ,  0.30733911,  0.07240574, ..., -0.46616017,
         -0.57596433, -0.60868454],
        [-0.30733911,  0.        , -0.23763111, ..., -0.71550106,
         -0.79932968, -0.82307088],
        [-0.07240574,  0.23763111,  0.        , ..., -0.52899401,
         -0.63364245, -0.66453451],
        ...,
        [ 0.46616017,  0.71550106,  0.52899401, ...,  0.        ,
         -0.12848164, -0.16864618],
        [ 0.57596433,  0.79932968,  0.63364245, ...,  0.12848164,
          0.        , -0.04060708],
        [ 0.60868454,  0.82307088,  0.66453451, ...,  0.16864618,
          0.04060708,  0.        ]],

       [[ 0.        ,  0.        , -0.17240452, ..., -0.9791117 ,
         -0.95116013, -0.86716766],
        [ 0.        ,  0.        , -0.17240452, ..., -0.9791117 ,
         -0.95116013, -0.86716766],
        [ 0.17240452,  0.17240452,  0.        , ..., -0.99950453,
         -0.9901386 , -0.94004315],
        ...,
        [ 0.9791117 ,  0.9791117 ,  0.99950453, ...,  0.        ,
         -0.10885693, -0.3112984 ],
        [ 0.95116013,  0.95116013,  0.9901386 , ...,  0.10885693,
          0.        , -0.20600042],
        [ 0.86716766,  0.86716766,  0.94004315, ...,  0.3112984 ,
          0.20600042,  0.        ]],

       ...,

       [[ 0.        ,  0.08093352, -0.33349884, ..., -0.73800014,
         -0.41274031, -0.61795861],
        [-0.08093352,  0.        , -0.40870491, ..., -0.79019312,
         -0.48510452, -0.67956219],
        [ 0.33349884,  0.40870491,  0.        , ..., -0.47070481,
         -0.08534415, -0.32038046],
        ...,
        [ 0.73800014,  0.79019312,  0.47070481, ...,  0.        ,
          0.3936891 ,  0.16322474],
        [ 0.41274031,  0.48510452,  0.08534415, ..., -0.3936891 ,
          0.        , -0.238366  ],
        [ 0.61795861,  0.67956219,  0.32038046, ..., -0.16322474,
          0.238366  ,  0.        ]],

       [[ 0.        ,  0.01034307, -0.06182213, ..., -0.88893503,
         -0.81301533, -0.31523668],
        [-0.01034307,  0.        , -0.07214211, ..., -0.88415001,
         -0.80694967, -0.30540411],
        [ 0.06182213,  0.07214211,  0.        , ..., -0.91555125,
         -0.84745564, -0.3733037 ],
        ...,
        [ 0.88893503,  0.88415001,  0.91555125, ...,  0.        ,
         -0.14518745, -0.69922207],
        [ 0.81301533,  0.80694967,  0.84745564, ...,  0.14518745,
          0.        , -0.58801806],
        [ 0.31523668,  0.30540411,  0.3733037 , ...,  0.69922207,
          0.58801806,  0.        ]],

       [[ 0.        ,  0.00107885, -0.05708527, ..., -0.92492717,
         -0.90991718, -0.91701194],
        [-0.00107885,  0.        , -0.05816233, ..., -0.92451651,
         -0.90946915, -0.9165811 ],
        [ 0.05708527,  0.05816233,  0.        , ..., -0.94511954,
         -0.93211178, -0.93828559],
        ...,
        [ 0.92492717,  0.92451651,  0.94511954, ...,  0.        ,
         -0.03775064, -0.0203193 ],
        [ 0.90991718,  0.90946915,  0.93211178, ...,  0.03775064,
          0.        ,  0.01743803],
        [ 0.91701194,  0.9165811 ,  0.93828559, ...,  0.0203193 ,
         -0.01743803,  0.        ]]]), 'num': array([7.07075363e-01, 7.07075363e-01, 0.00000000e+00, 0.00000000e+00,
       1.70765371e-04, 1.71098897e-04, 1.64761901e-04, 9.41337435e-03,
       0.00000000e+00, 1.76168494e-04, 1.80521009e-04, 1.91538489e-04,
       3.37191237e-06, 1.93177216e-04, 1.67864803e-04])}
{'img': array([[[ 0.        , -0.37709917, -0.2799374 , ..., -0.99999721,
         -0.85912865, -0.85912865],
        [ 0.37709917,  0.        ,  0.10275165, ..., -0.92706183,
         -0.98868581, -0.98868581],
        [ 0.2799374 , -0.10275165,  0.        , ..., -0.96067739,
         -0.96803986, -0.96803986],
        ...,
        [ 0.99999721,  0.92706183,  0.96067739, ...,  0.        ,
         -0.50972711, -0.50972711],
        [ 0.85912865,  0.98868581,  0.96803986, ...,  0.50972711,
          0.        ,  0.        ],
        [ 0.85912865,  0.98868581,  0.96803986, ...,  0.50972711,
          0.        ,  0.        ]],

       [[ 0.        , -0.23763111, -0.48706744, ..., -0.79932968,
         -0.82307088, -0.66179292],
        [ 0.23763111,  0.        , -0.26557707, ..., -0.63364245,
         -0.66453451, -0.46468729],
        [ 0.48706744,  0.26557707,  0.        , ..., -0.40543077,
         -0.44221635, -0.21283838],
        ...,
        [ 0.79932968,  0.63364245,  0.40543077, ...,  0.        ,
         -0.04060708,  0.20158027],
        [ 0.82307088,  0.66453451,  0.44221635, ...,  0.04060708,
          0.        ,  0.2411875 ],
        [ 0.66179292,  0.46468729,  0.21283838, ..., -0.20158027,
         -0.2411875 ,  0.        ]],

       [[ 0.        , -0.17240452, -0.22524554, ..., -0.95116013,
         -0.86716766, -0.68250191],
        [ 0.17240452,  0.        , -0.05389869, ..., -0.9901386 ,
         -0.94004315, -0.79828995],
        [ 0.22524554,  0.05389869,  0.        , ..., -0.99625008,
         -0.95705916, -0.82959131],
        ...,
        [ 0.95116013,  0.9901386 ,  0.99625008, ...,  0.        ,
         -0.20600042, -0.48450063],
        [ 0.86716766,  0.94004315,  0.95705916, ...,  0.20600042,
          0.        , -0.29390171],
        [ 0.68250191,  0.79828995,  0.82959131, ...,  0.48450063,
          0.29390171,  0.        ]],

       ...,

       [[ 0.        , -0.40870491, -0.24890985, ..., -0.48510452,
         -0.67956219, -0.29279819],
        [ 0.40870491,  0.        ,  0.16866991, ..., -0.08534415,
         -0.32038046,  0.123566  ],
        [ 0.24890985, -0.16866991,  0.        , ..., -0.25217591,
         -0.47556938, -0.04558166],
        ...,
        [ 0.48510452,  0.08534415,  0.25217591, ...,  0.        ,
         -0.238366  ,  0.20780527],
        [ 0.67956219,  0.32038046,  0.47556938, ...,  0.238366  ,
          0.        ,  0.43497789],
        [ 0.29279819, -0.123566  ,  0.04558166, ..., -0.20780527,
         -0.43497789,  0.        ]],

       [[ 0.        , -0.07040106, -0.53784214, ..., -0.87377676,
         -0.67226217, -0.29840306],
        [ 0.07040106,  0.        , -0.47715633, ..., -0.90584667,
         -0.72271296, -0.36485624],
        [ 0.53784214,  0.47715633,  0.        , ..., -0.9982009 ,
         -0.96491926, -0.76490541],
        ...,
        [ 0.87377676,  0.90584667,  0.9982009 , ...,  0.        ,
         -0.31992903, -0.6888459 ],
        [ 0.67226217,  0.72271296,  0.96491926, ...,  0.31992903,
          0.        , -0.42072215],
        [ 0.29840306,  0.36485624,  0.76490541, ...,  0.6888459 ,
          0.42072215,  0.        ]],

       [[ 0.        , -0.05816233,  0.18693041, ..., -0.90946915,
         -0.9165811 , -0.87566602],
        [ 0.05816233,  0.        ,  0.24375107, ..., -0.93211178,
         -0.93828559, -0.90227122],
        [-0.18693041, -0.24375107,  0.        , ..., -0.81571776,
         -0.82568076, -0.76995888],
        ...,
        [ 0.90946915,  0.93211178,  0.81571776, ...,  0.        ,
          0.01743803, -0.07512142],
        [ 0.9165811 ,  0.93828559,  0.82568076, ..., -0.01743803,
          0.        , -0.09249875],
        [ 0.87566602,  0.90227122,  0.76995888, ...,  0.07512142,
          0.09249875,  0.        ]]]), 'num': array([7.07099260e-01, 7.07099260e-01, 0.00000000e+00, 0.00000000e+00,
       1.75774203e-04, 1.75774203e-04, 1.69103455e-04, 4.58467150e-03,
       5.00306080e-06, 1.74573468e-04, 1.79776651e-04, 1.90877887e-04,
       3.57607095e-06, 1.91668557e-04, 1.67884746e-04])}
{'img': array([[[ 0.        ,  0.10275165,  0.11584125, ..., -0.98868581,
         -0.98868581, -0.94752345],
        [-0.10275165,  0.        ,  0.01316821, ..., -0.96803986,
         -0.96803986, -0.97535654],
        [-0.11584125, -0.01316821,  0.        , ..., -0.96465339,
         -0.96465339, -0.97817734],
        ...,
        [ 0.98868581,  0.96803986,  0.96465339, ...,  0.        ,
          0.        ,  0.45819895],
        [ 0.98868581,  0.96803986,  0.96465339, ...,  0.        ,
          0.        ,  0.45819895],
        [ 0.94752345,  0.97535654,  0.97817734, ..., -0.45819895,
         -0.45819895,  0.        ]],

       [[ 0.        , -0.26557707, -0.57676662, ..., -0.66453451,
         -0.46468729, -0.82251182],
        [ 0.26557707,  0.        , -0.33910243, ..., -0.44221635,
         -0.21283838, -0.64192869],
        [ 0.57676662,  0.33910243,  0.        , ..., -0.11187097,
          0.13110513, -0.34388241],
        ...,
        [ 0.66453451,  0.44221635,  0.11187097, ...,  0.        ,
          0.2411875 , -0.23667551],
        [ 0.46468729,  0.21283838, -0.13110513, ..., -0.2411875 ,
          0.        , -0.46402356],
        [ 0.82251182,  0.64192869,  0.34388241, ...,  0.23667551,
          0.46402356,  0.        ]],

       [[ 0.        , -0.0535476 , -0.01832493, ..., -0.95025846,
         -0.83260878, -0.54634006],
        [ 0.0535476 ,  0.        ,  0.03523997, ..., -0.96557319,
         -0.86107219, -0.59040574],
        [ 0.01832493, -0.03523997,  0.        , ..., -0.95580642,
         -0.84261845, -0.56159662],
        ...,
        [ 0.95025846,  0.96557319,  0.95580642, ...,  0.        ,
         -0.26698524, -0.62573733],
        [ 0.83260878,  0.86107219,  0.84261845, ...,  0.26698524,
          0.        , -0.39476593],
        [ 0.54634006,  0.59040574,  0.56159662, ...,  0.62573733,
          0.39476593,  0.        ]],

       ...,

       [[ 0.        ,  0.16866991, -0.20464005, ..., -0.32038046,
          0.123566  ,  0.24979161],
        [-0.16866991,  0.        , -0.36680849, ..., -0.47556938,
         -0.04558166,  0.08288974],
        [ 0.20464005,  0.36680849,  0.        , ..., -0.11974708,
          0.32402277,  0.44265823],
        ...,
        [ 0.32038046,  0.47556938,  0.11974708, ...,  0.        ,
          0.43497789,  0.54684912],
        [-0.123566  ,  0.04558166, -0.32402277, ..., -0.43497789,
          0.        ,  0.12822839],
        [-0.24979161, -0.08288974, -0.44265823, ..., -0.54684912,
         -0.12822839,  0.        ]],

       [[ 0.        , -0.46713514, -0.4999755 , ..., -0.81844573,
         -0.698126  , -0.35758448],
        [ 0.46713514,  0.        , -0.03751379, ..., -0.9920665 ,
         -0.95173023, -0.75241971],
        [ 0.4999755 ,  0.03751379,  0.        , ..., -0.99608421,
         -0.96257464, -0.77659982],
        ...,
        [ 0.81844573,  0.9920665 ,  0.99608421, ...,  0.        ,
         -0.18485471, -0.55886849],
        [ 0.698126  ,  0.95173023,  0.96257464, ...,  0.18485471,
          0.        , -0.39594494],
        [ 0.35758448,  0.75241971,  0.77659982, ...,  0.55886849,
          0.39594494,  0.        ]],

       [[ 0.        ,  0.24375107,  0.2286685 , ..., -0.93828559,
         -0.90227122, -0.90319499],
        [-0.24375107,  0.        , -0.01552137, ..., -0.82568076,
         -0.76995888, -0.77132727],
        [-0.2286685 ,  0.01552137,  0.        , ..., -0.83433749,
         -0.77977021, -0.78111276],
        ...,
        [ 0.93828559,  0.82568076,  0.83433749, ...,  0.        ,
         -0.09249875, -0.09036045],
        [ 0.90227122,  0.76995888,  0.77977021, ...,  0.09249875,
          0.        ,  0.00214729],
        [ 0.90319499,  0.77132727,  0.78111276, ...,  0.09036045,
