state_0,state_1,state_2,state_3,state_4,state_5,state_6,state_7,state_8,state_9,state_10,state_11,state_12,state_13,state_14,state_15,state_16,state_17,state_18,state_19,state_20,state_21,state_22,state_23,state_24,state_25,state_26,state_27,state_28,state_29,state_30,state_31,state_32,state_33,state_34,state_35,state_36,state_37,state_38,state_39,state_40,state_41,state_42,state_43,state_44,state_45,state_46,state_47,state_48,state_49,state_50,state_51,state_52,state_53,state_54,state_55,state_56,state_57,state_58,state_59,state_60,state_61,state_62,state_63,state_64,state_65,state_66,state_67,state_68,state_69,state_70,state_71,state_72,state_73,state_74,state_75,state_76,state_77,state_78,state_79,state_80,state_81,state_82,state_83,state_84,state_85,state_86,state_87,state_88,state_89,state_90,state_91,state_92,state_93,state_94,state_95,state_96,state_97,state_98,state_99,state_100,state_101,state_102,state_103,state_104,state_105,state_106,state_107,state_108,state_109,state_110,state_111,state_112,state_113,state_114,state_115,state_116,state_117,state_118,state_119,state_120,state_121,state_122,state_123,state_124,state_125,state_126,state_127,state_128,state_129,state_130,state_131,state_132,state_133,state_134,state_135,state_136,state_137,state_138,state_139,state_140,state_141,state_142,state_143,state_144,state_145,state_146,state_147,state_148,state_149,state_150,state_151,state_152,state_153,state_154,state_155,state_156,state_157,state_158,state_159,state_160,state_161,state_162,state_163,state_164,state_165,state_166,state_167,state_168,state_169,state_170,state_171,state_172,state_173,state_174,state_175,state_176,state_177,state_178,state_179,state_180,state_181,state_182,state_183,state_184,state_185,state_186,state_187,state_188,state_189,state_190,state_191,state_192,state_193,state_194,state_195,state_196,state_197,state_198,state_199,state_200,state_201,state_202,state_203,state_204,state_205,state_206,state_207,state_208,state_209,state_210,state_211,state_212,state_213,state_214,state_215,state_216,state_217,state_218,state_219,state_220,state_221,state_222,state_223,state_224,state_225,state_226,state_227,state_228,state_229,state_230,state_231,state_232,state_233,state_234,state_235,state_236,state_237,state_238,state_239,state_240,state_241,state_242,state_243,state_244,state_245,state_246,state_247,state_248,state_249,state_250,state_251,state_252,state_253,state_254,state_255,state_256,state_257,state_258,state_259,state_260,state_261,state_262,state_263,state_264,state_265,state_266,state_267,state_268,state_269,state_270,state_271,state_272,state_273,state_274,state_275,state_276,state_277,state_278,state_279,state_280,state_281,state_282,state_283,state_284,state_285,state_286,state_287
{'img': array([[[ 0.        ,  0.        ,  0.        , ..., -0.62251396,
         -0.49381812, -0.56354267],
        [ 0.        ,  0.        ,  0.        , ..., -0.62251396,
         -0.49381812, -0.56354267],
        [ 0.        ,  0.        ,  0.        , ..., -0.62251396,
         -0.49381812, -0.56354267],
        ...,
        [ 0.62251396,  0.62251396,  0.62251396, ...,  0.        ,
         -0.15485013, -0.07321727],
        [ 0.49381812,  0.49381812,  0.49381812, ...,  0.15485013,
          0.        ,  0.0821004 ],
        [ 0.56354267,  0.56354267,  0.56354267, ...,  0.07321727,
         -0.0821004 ,  0.        ]],

       [[ 0.        , -0.09498467, -0.04576188, ...,  0.85230652,
          0.48669097,  0.41822146],
        [ 0.09498467,  0.        ,  0.04933018, ...,  0.89813405,
          0.56746668,  0.50260943],
        [ 0.04576188, -0.04933018,  0.        , ...,  0.87534904,
          0.5261575 ,  0.4593509 ],
        ...,
        [-0.85230652, -0.89813405, -0.87534904, ...,  0.        ,
         -0.48999287, -0.5554408 ],
        [-0.48669097, -0.56746668, -0.5261575 , ...,  0.48999287,
          0.        , -0.07673588],
        [-0.41822146, -0.50260943, -0.4593509 , ...,  0.5554408 ,
          0.07673588,  0.        ]],

       [[ 0.        ,  0.24474118,  0.50222962, ..., -0.81124995,
         -0.50222962, -0.61729283],
        [-0.24474118,  0.        ,  0.27531994, ..., -0.64347852,
         -0.27531994, -0.40597391],
        [-0.50222962, -0.27531994,  0.        , ..., -0.40786224,
         -0.        , -0.13867343],
        ...,
        [ 0.81124995,  0.64347852,  0.40786224, ...,  0.        ,
         -0.40786224, -0.27730667],
        [ 0.50222962,  0.27531994,  0.        , ...,  0.40786224,
          0.        ,  0.13867343],
        [ 0.61729283,  0.40597391,  0.13867343, ...,  0.27730667,
         -0.13867343,  0.        ]],

       ...,

       [[ 0.        ,  0.28321996,  0.16747806, ..., -0.90200977,
         -0.90200977, -0.851018  ],
        [-0.28321996,  0.        , -0.11859903, ..., -0.98734744,
         -0.98734744, -0.96490219],
        [-0.16747806,  0.11859903,  0.        , ..., -0.9615725 ,
         -0.9615725 , -0.9269469 ],
        ...,
        [ 0.90200977,  0.98734744,  0.9615725 , ...,  0.        ,
          0.        ,  0.10628051],
        [ 0.90200977,  0.98734744,  0.9615725 , ...,  0.        ,
          0.        ,  0.10628051],
        [ 0.851018  ,  0.96490219,  0.9269469 , ..., -0.10628051,
         -0.10628051,  0.        ]],

       [[ 0.        ,  0.08447213,  0.15825919, ..., -0.98175007,
         -0.98949421, -0.99261215],
        [-0.08447213,  0.        ,  0.07428597, ..., -0.96217659,
         -0.97374526, -0.97881534],
        [-0.15825919, -0.07428597,  0.        , ..., -0.93928061,
         -0.95414429, -0.96090118],
        ...,
        [ 0.98175007,  0.96217659,  0.93928061, ...,  0.        ,
          0.04624373,  0.06965441],
        [ 0.98949421,  0.97374526,  0.95414429, ..., -0.04624373,
          0.        ,  0.02344848],
        [ 0.99261215,  0.97881534,  0.96090118, ..., -0.06965441,
         -0.02344848,  0.        ]],

       [[ 0.        ,  0.01172915,  0.04618997, ..., -0.98485308,
         -0.9949678 , -0.99911431],
        [-0.01172915,  0.        ,  0.03447016, ..., -0.98681906,
         -0.99607457, -0.99953912],
        [-0.04618997, -0.03447016,  0.        , ..., -0.99181084,
         -0.99853386, -0.99999153],
        ...,
        [ 0.98485308,  0.98681906,  0.99181084, ...,  0.        ,
         -0.07384086, -0.13179616],
        [ 0.9949678 ,  0.99607457,  0.99853386, ...,  0.07384086,
          0.        , -0.05823963],
        [ 0.99911431,  0.99953912,  0.99999153, ...,  0.13179616,
          0.05823963,  0.        ]]]), 'num': array([ 7.06997487e-01,  7.06997487e-01,  0.00000000e+00,  0.00000000e+00,
        2.84997791e-05,  2.88380554e-05,  2.84152100e-05,  1.75812008e-02,
       -1.69138155e-07,  2.85674344e-05,  2.92524439e-05,  2.96724703e-05,
        6.76552620e-07,  3.02935713e-05,  2.82113165e-05])}
{'img': array([[[ 0.        ,  0.        , -0.62251396, ..., -0.49381812,
         -0.56354267, -0.40786224],
        [ 0.        ,  0.        , -0.62251396, ..., -0.49381812,
         -0.56354267, -0.40786224],
        [ 0.62251396,  0.62251396,  0.        , ..., -0.92778284,
         -0.95528406, -0.88757885],
        ...,
        [ 0.49381812,  0.49381812,  0.92778284, ...,  0.        ,
          0.0821004 , -0.09621459],
        [ 0.56354267,  0.56354267,  0.95528406, ..., -0.0821004 ,
          0.        , -0.17760928],
        [ 0.40786224,  0.40786224,  0.88757885, ...,  0.09621459,
          0.17760928,  0.        ]],

       [[ 0.        ,  0.04933018,  0.19878075, ...,  0.56746668,
          0.50260943,  0.68504501],
        [-0.04933018,  0.        ,  0.15019298, ...,  0.5261575 ,
          0.4593509 ,  0.64827391],
        [-0.19878075, -0.15019298,  0.        , ...,  0.39246696,
          0.32073069,  0.52656232],
        ...,
        [-0.56746668, -0.5261575 , -0.39246696, ...,  0.        ,
         -0.07673588,  0.15066368],
        [-0.50260943, -0.4593509 , -0.32073069, ...,  0.07673588,
          0.        ,  0.22607938],
        [-0.68504501, -0.64827391, -0.52656232, ..., -0.15066368,
         -0.22607938,  0.        ]],

       [[ 0.        ,  0.27148981,  0.13735979, ..., -0.57467702,
         -0.5968138 , -0.27148981],
        [-0.27148981,  0.        , -0.13671568, ..., -0.33091099,
         -0.35656033, -0.        ],
        [-0.13735979,  0.13671568,  0.        , ..., -0.45681723,
         -0.48094202, -0.13671568],
        ...,
        [ 0.57467702,  0.33091099,  0.45681723, ...,  0.        ,
          0.02731145, -0.33091099],
        [ 0.5968138 ,  0.35656033,  0.48094202, ..., -0.02731145,
          0.        , -0.35656033],
        [ 0.27148981,  0.        ,  0.13671568, ...,  0.33091099,
          0.35656033,  0.        ]],

       ...,

       [[ 0.        , -0.11859903, -0.61110074, ..., -0.98734744,
         -0.96490219, -0.96490219],
        [ 0.11859903,  0.        , -0.51291033, ..., -0.9615725 ,
         -0.9269469 , -0.9269469 ],
        [ 0.61110074,  0.51291033,  0.        , ..., -0.6846343 ,
         -0.6032902 , -0.6032902 ],
        ...,
        [ 0.98734744,  0.9615725 ,  0.6846343 , ...,  0.        ,
          0.10628051,  0.10628051],
        [ 0.96490219,  0.9269469 ,  0.6032902 , ..., -0.10628051,
          0.        ,  0.        ],
        [ 0.96490219,  0.9269469 ,  0.6032902 , ..., -0.10628051,
          0.        ,  0.        ]],

       [[ 0.        ,  0.07428597,  0.04893843, ..., -0.97374526,
         -0.97881534, -0.98583645],
        [-0.07428597,  0.        , -0.02539375, ..., -0.95414429,
         -0.96090118, -0.97065409],
        [-0.04893843,  0.02539375,  0.        , ..., -0.96143815,
         -0.96762263, -0.97644777],
        ...,
        [ 0.97374526,  0.95414429,  0.96143815, ...,  0.        ,
          0.02344848,  0.06110985],
        [ 0.97881534,  0.96090118,  0.96762263, ..., -0.02344848,
          0.        ,  0.0376884 ],
        [ 0.98583645,  0.97065409,  0.97644777, ..., -0.06110985,
         -0.0376884 ,  0.        ]],

       [[ 0.        ,  0.03447016,  0.17707402, ..., -0.99607457,
         -0.99953912, -0.99790998],
        [-0.03447016,  0.        ,  0.14304334, ..., -0.99853386,
         -0.99999153, -0.99508951],
        [-0.17707402, -0.14304334,  0.        , ..., -0.9960084 ,
         -0.98911936, -0.97069813],
        ...,
        [ 0.99607457,  0.99853386,  0.9960084 , ...,  0.        ,
         -0.05823963, -0.15269888],
        [ 0.99953912,  0.99999153,  0.98911936, ...,  0.05823963,
          0.        , -0.09488305],
        [ 0.99790998,  0.99508951,  0.97069813, ...,  0.15269888,
          0.09488305,  0.        ]]]), 'num': array([7.07028259e-01, 7.07028259e-01, 0.00000000e+00, 0.00000000e+00,
       2.86701650e-05, 2.89238833e-05, 2.83318740e-05, 1.49021936e-02,
       1.69145516e-07, 2.86363359e-05, 2.92368025e-05, 2.96145608e-05,
       7.09319908e-07, 3.03040290e-05, 2.81695761e-05])}
{'img': array([[[ 0.        , -0.62251396, -0.56354267, ..., -0.56354267,
         -0.40786224, -0.56354267],
        [ 0.62251396,  0.        ,  0.07321727, ..., -0.95528406,
         -0.88757885, -0.95528406],
        [ 0.56354267, -0.07321727,  0.        , ..., -0.9310705 ,
         -0.85146864, -0.9310705 ],
        ...,
        [ 0.56354267,  0.95528406,  0.9310705 , ...,  0.        ,
         -0.17760928,  0.        ],
        [ 0.40786224,  0.88757885,  0.85146864, ...,  0.17760928,
          0.        ,  0.17760928],
        [ 0.56354267,  0.95528406,  0.9310705 , ...,  0.        ,
         -0.17760928,  0.        ]],

       [[ 0.        ,  0.15019298, -0.10530087, ...,  0.4593509 ,
          0.64827391,  0.52110533],
        [-0.15019298,  0.        , -0.25346438, ...,  0.32073069,
          0.52656232,  0.38700571],
        [ 0.10530087,  0.25346438,  0.        , ...,  0.55033111,
          0.72484661,  0.60808169],
        ...,
        [-0.4593509 , -0.32073069, -0.55033111, ...,  0.        ,
          0.22607938,  0.07082187],
        [-0.64827391, -0.52656232, -0.72484661, ..., -0.22607938,
          0.        , -0.15652348],
        [-0.52110533, -0.38700571, -0.60808169, ..., -0.07082187,
          0.15652348,  0.        ]],

       [[ 0.        , -0.13671568, -0.33091099, ..., -0.35656033,
         -0.        , -0.27148981],
        [ 0.13671568,  0.        , -0.19879046, ..., -0.48094202,
         -0.13671568, -0.40052143],
        [ 0.33091099,  0.19879046,  0.        , ..., -0.64563339,
         -0.33091099, -0.57467702],
        ...,
        [ 0.35656033,  0.48094202,  0.64563339, ...,  0.        ,
         -0.35656033, -0.08952298],
        [ 0.        ,  0.13671568,  0.33091099, ...,  0.35656033,
          0.        ,  0.27148981],
        [ 0.27148981,  0.40052143,  0.57467702, ...,  0.08952298,
         -0.27148981,  0.        ]],

       ...,

       [[ 0.        , -0.51291033, -0.72268787, ..., -0.9269469 ,
         -0.9269469 , -0.89090197],
        [ 0.51291033,  0.        , -0.2658752 , ..., -0.6032902 ,
         -0.6032902 , -0.5318262 ],
        [ 0.72268787,  0.2658752 ,  0.        , ..., -0.36953499,
         -0.36953499, -0.28752707],
        ...,
        [ 0.9269469 ,  0.6032902 ,  0.36953499, ...,  0.        ,
          0.        ,  0.08675548],
        [ 0.9269469 ,  0.6032902 ,  0.36953499, ...,  0.        ,
          0.        ,  0.08675548],
        [ 0.89090197,  0.5318262 ,  0.28752707, ..., -0.08675548,
         -0.08675548,  0.        ]],

       [[ 0.        , -0.02539375, -0.09799673, ..., -0.96090118,
         -0.97065409, -0.97367063],
        [ 0.02539375,  0.        , -0.07269361, ..., -0.96762263,
         -0.97644777, -0.97914539],
        [ 0.09799673,  0.07269361,  0.        , ..., -0.98341057,
         -0.98954833, -0.99132337],
        ...,
        [ 0.96090118,  0.96762263,  0.98341057, ...,  0.        ,
          0.0376884 ,  0.05055465],
        [ 0.97065409,  0.97644777,  0.98954833, ..., -0.0376884 ,
          0.        ,  0.01287853],
        [ 0.97367063,  0.97914539,  0.99132337, ..., -0.05055465,
         -0.01287853,  0.        ]],

       [[ 0.        ,  0.14304334,  0.41469784, ..., -0.99999153,
         -0.99508951, -0.98833357],
        [-0.14304334,  0.        ,  0.28026967, ..., -0.98911936,
         -0.97069813, -0.95638377],
        [-0.41469784, -0.28026967,  0.        , ..., -0.9082448 ,
         -0.8644444 , -0.83618271],
        ...,
        [ 0.99999153,  0.98911936,  0.9082448 , ...,  0.        ,
         -0.09488305, -0.14823611],
        [ 0.99508951,  0.97069813,  0.8644444 , ...,  0.09488305,
          0.        , -0.05373255],
        [ 0.98833357,  0.95638377,  0.83618271, ...,  0.14823611,
          0.05373255,  0.        ]]]), 'num': array([7.07056097e-01, 7.07056097e-01, 0.00000000e+00, 0.00000000e+00,
       2.92633265e-05, 2.92633265e-05, 2.85867178e-05, 1.19726587e-02,
       5.92032617e-07, 2.87389548e-05, 2.92252673e-05, 2.95663908e-05,
       7.82644398e-07, 3.02849689e-05, 2.81655657e-05])}
{'img': array([[[ 0.        ,  0.30491068, -0.38453384, ..., -0.68150748,
         -0.80596298, -0.98266428],
        [-0.30491068,  0.        , -0.64768907, ..., -0.42591771,
         -0.58708705, -0.87934216],
        [ 0.38453384,  0.64768907,  0.        , ..., -0.91051313,
         -0.97162414, -0.97839834],
        ...,
        [ 0.68150748,  0.42591771,  0.91051313, ...,  0.        ,
          0.18638347,  0.59277733],
        [ 0.80596298,  0.58708705,  0.97162414, ..., -0.18638347,
          0.        ,  0.43228315],
        [ 0.98266428,  0.87934216,  0.97839834, ..., -0.59277733,
         -0.43228315,  0.        ]],

       [[ 0.        , -0.25346438, -0.02373338, ...,  0.52656232,
          0.38700571,  0.21512223],
        [ 0.25346438,  0.        ,  0.23043463, ...,  0.72484661,
          0.60808169,  0.45562741],
        [ 0.02373338, -0.23043463,  0.        , ...,  0.54659062,
          0.40878071,  0.23823935],
        ...,
        [-0.52656232, -0.72484661, -0.54659062, ...,  0.        ,
         -0.15652348, -0.33135072],
        [-0.38700571, -0.60808169, -0.40878071, ...,  0.15652348,
          0.        , -0.17958547],
        [-0.21512223, -0.45562741, -0.23823935, ...,  0.33135072,
          0.17958547,  0.        ]],

       [[ 0.        , -0.30350392, -0.4966961 , ..., -0.        ,
         -0.27211708, -0.42400387],
        [ 0.30350392,  0.        , -0.20984854, ..., -0.30350392,
         -0.55133231, -0.67887516],
        [ 0.4966961 ,  0.20984854,  0.        , ..., -0.4966961 ,
         -0.71412993, -0.81784133],
        ...,
        [ 0.        ,  0.30350392,  0.4966961 , ...,  0.        ,
          0.27211708,  0.42400387],
        [ 0.27211708,  0.55133231,  0.71412993, ..., -0.27211708,
          0.        ,  0.16155807],
        [ 0.42400387,  0.67887516,  0.81784133, ..., -0.42400387,
         -0.16155807,  0.        ]],

       ...,

       [[ 0.        , -0.2658752 , -0.14786503, ..., -0.6032902 ,
         -0.5318262 , -0.36325091],
        [ 0.2658752 ,  0.        ,  0.12040959, ..., -0.36953499,
         -0.28752707, -0.10246296],
        [ 0.14786503, -0.12040959,  0.        , ..., -0.47873298,
         -0.4007601 , -0.22149332],
        ...,
        [ 0.6032902 ,  0.36953499,  0.47873298, ...,  0.        ,
          0.08675548,  0.27237976],
        [ 0.5318262 ,  0.28752707,  0.4007601 , ..., -0.08675548,
          0.        ,  0.18787755],
        [ 0.36325091,  0.10246296,  0.22149332, ..., -0.27237976,
         -0.18787755,  0.        ]],

       [[ 0.        , -0.07269361, -0.13353941, ..., -0.97644777,
         -0.97914539, -0.97284785],
        [ 0.07269361,  0.        , -0.06114357, ..., -0.98954833,
         -0.99132337, -0.98709862],
        [ 0.13353941,  0.06114357,  0.        , ..., -0.99651387,
         -0.99750565, -0.99504165],
        ...,
        [ 0.97644777,  0.98954833,  0.99651387, ...,  0.        ,
          0.01287853, -0.01609882],
        [ 0.97914539,  0.99132337,  0.99750565, ..., -0.01287853,
          0.        , -0.02897434],
        [ 0.97284785,  0.98709862,  0.99504165, ...,  0.01609882,
          0.02897434,  0.        ]],

       [[ 0.        ,  0.28026967,  0.67335422, ..., -0.97069813,
         -0.95638377, -0.9543962 ],
        [-0.28026967,  0.        ,  0.43915809, ..., -0.8644444 ,
         -0.83618271, -0.83247271],
        [-0.67335422, -0.43915809,  0.        , ..., -0.55584806,
         -0.51037806, -0.50457905],
        ...,
        [ 0.97069813,  0.8644444 ,  0.55584806, ...,  0.        ,
         -0.05373255, -0.0604516 ],
        [ 0.95638377,  0.83618271,  0.51037806, ...,  0.05373255,
          0.        , -0.00672999],
        [ 0.9543962 ,  0.83247271,  0.50457905, ...,  0.0604516 ,
          0.00672999,  0.        ]]]), 'num': array([7.06011189e-01, 7.06011189e-01, 0.00000000e+00, 0.00000000e+00,
       3.15847111e-05, 3.16691622e-05, 2.92200803e-05, 5.56452515e-02,
       2.36463078e-06, 2.93045314e-05, 2.92623059e-05, 2.95198817e-05,
       1.04216250e-06, 3.07186895e-05, 2.78059222e-05])}
{'img': array([[[ 0.        , -0.64768907, -0.98169182, ..., -0.58708705,
         -0.87934216, -0.51507875],
        [ 0.64768907,  0.        , -0.62458632, ..., -0.97162414,
         -0.97839834,  0.16272111],
        [ 0.98169182,  0.62458632,  0.        , ..., -0.906529  ,
         -0.63496604,  0.74333989],
        ...,
        [ 0.58708705,  0.97162414,  0.906529  , ...,  0.        ,
          0.43228315,  0.92018598],
        [ 0.87934216,  0.97839834,  0.63496604, ..., -0.43228315,
          0.        ,  0.99899745],
        [ 0.51507875, -0.16272111, -0.74333989, ..., -0.92018598,
         -0.99899745,  0.        ]],

       [[ 0.        ,  0.18159298,  0.40399124, ...,  0.48150518,
          0.35918948,  0.49129491],
        [-0.18159298,  0.        ,  0.23115988, ...,  0.31434363,
          0.1837432 ,  0.6412928 ],
        [-0.40399124, -0.23115988,  0.        , ...,  0.08638766,
         -0.04845756,  0.80129199],
        ...,
        [-0.48150518, -0.31434363, -0.08638766, ...,  0.        ,
         -0.13456258,  0.84997989],
        [-0.35918948, -0.1837432 ,  0.04845756, ...,  0.13456258,
          0.        ,  0.7713598 ],
        [-0.49129491, -0.6412928 , -0.80129199, ..., -0.84997989,
         -0.7713598 ,  0.        ]],

       [[ 0.        , -0.40786224, -0.70405552, ..., -0.27531994,
         -0.42883751, -0.83147942],
        [ 0.40786224,  0.        , -0.353192  , ..., -0.64347852,
         -0.76000255, -0.98576699],
        [ 0.70405552,  0.353192  ,  0.        , ..., -0.87236271,
         -0.94056762, -0.98161285],
        ...,
        [ 0.27531994,  0.64347852,  0.87236271, ...,  0.        ,
          0.1635451 ,  0.64638943],
        [ 0.42883751,  0.76000255,  0.94056762, ..., -0.1635451 ,
          0.        ,  0.51290018],
        [ 0.83147942,  0.98576699,  0.98161285, ..., -0.64638943,
         -0.51290018,  0.        ]],

       ...,

       [[ 0.        ,  0.12040959, -0.49757229, ..., -0.28752707,
         -0.10246296,  0.57335493],
        [-0.12040959,  0.        , -0.59839809, ..., -0.4007601 ,
         -0.22149332,  0.47053094],
        [ 0.49757229,  0.59839809,  0.        , ...,  0.22715361,
          0.4060748 ,  0.90500548],
        ...,
        [ 0.28752707,  0.4007601 , -0.22715361, ...,  0.        ,
          0.18787755,  0.78471656],
        [ 0.10246296,  0.22149332, -0.4060748 , ..., -0.18787755,
          0.        ,  0.65428589],
        [-0.57335493, -0.47053094, -0.90500548, ..., -0.78471656,
         -0.65428589,  0.        ]],

       [[ 0.        , -0.06114357,  0.03953409, ..., -0.99132337,
         -0.98709862, -0.94599844],
        [ 0.06114357,  0.        ,  0.10055589, ..., -0.99750565,
         -0.99504165, -0.92440747],
        [-0.03953409, -0.10055589,  0.        , ..., -0.98535179,
         -0.97999699, -0.95807469],
        ...,
        [ 0.99132337,  0.99750565,  0.98535179, ...,  0.        ,
         -0.02897434,  0.44570589],
        [ 0.98709862,  0.99504165,  0.97999699, ...,  0.02897434,
          0.        ,  0.471456  ],
        [ 0.94599844,  0.92440747,  0.95807469, ..., -0.44570589,
         -0.471456  ,  0.        ]],

       [[ 0.        ,  0.43148262, -0.07710324, ..., -0.89249854,
         -0.89004586, -0.43148262],
        [-0.43148262,  0.        , -0.49975462, ..., -0.61052154,
         -0.60622886, -0.        ],
        [ 0.07710324,  0.49975462,  0.        , ..., -0.92461911,
         -0.92254542, -0.49975462],
        ...,
        [ 0.89249854,  0.61052154,  0.92461911, ...,  0.        ,
         -0.00540877, -0.61052154],
        [ 0.89004586,  0.60622886,  0.92254542, ...,  0.00540877,
          0.        , -0.60622886],
        [ 0.43148262,  0.        ,  0.49975462, ...,  0.61052154,
          0.60622886,  0.        ]]]), 'num': array([ 7.06757807e-01,  7.06757807e-01,  0.00000000e+00,  0.00000000e+00,
        3.09417892e-05,  3.22944357e-05,  3.07727083e-05,  3.14133217e-02,
       -6.76323260e-07,  2.97920396e-05,  2.93482025e-05,  2.95356004e-05,
        1.00068238e-06,  3.09596012e-05,  2.77368038e-05])}
{'img': array([[[ 0.        , -0.73657392, -0.9715847 , ..., -0.99998295,
          0.44114489, -0.46459838],
        [ 0.73657392,  0.        , -0.83147942, ..., -0.67204483,
          0.95939933,  0.33801765],
        [ 0.9715847 ,  0.83147942,  0.        , ...,  0.24236097,
          0.76751946,  0.97032593],
        ...,
        [ 0.99998295,  0.67204483, -0.24236097, ...,  0.        ,
          0.89999635,  0.88279373],
        [-0.44114489, -0.95939933, -0.76751946, ..., -0.89999635,
          0.        , -0.80759055],
        [ 0.46459838, -0.33801765, -0.97032593, ..., -0.88279373,
          0.80759055,  0.        ]],

       [[ 0.        ,  0.23115988,  0.08713013, ...,  0.1837432 ,
          0.6412928 ,  0.82256251],
        [-0.23115988,  0.        , -0.14551049, ..., -0.04845756,
          0.80129199,  0.66882927],
        [-0.08713013,  0.14551049,  0.        , ...,  0.09739774,
          0.70570855,  0.76988555],
        ...,
        [-0.1837432 ,  0.04845756, -0.09739774, ...,  0.        ,
          0.7713598 ,  0.70406768],
        [-0.6412928 , -0.80129199, -0.70570855, ..., -0.7713598 ,
          0.        , -0.99583613],
        [-0.82256251, -0.66882927, -0.76988555, ..., -0.70406768,
          0.99583613,  0.        ]],

       [[ 0.        , -0.61583035, -0.91913642, ..., -0.43796936,
         -0.84462808, -0.96489764],
        [ 0.61583035,  0.        , -0.48156825, ..., -0.89869203,
         -0.9951515 , -0.9219556 ],
        [ 0.91913642,  0.48156825,  0.        , ..., -0.99882774,
         -0.8247952 , -0.62150055],
        ...,
        [ 0.43796936,  0.89869203,  0.99882774, ...,  0.        ,
          0.52484367,  0.75241097],
        [ 0.84462808,  0.9951515 ,  0.8247952 , ..., -0.52484367,
          0.        ,  0.29473984],
        [ 0.96489764,  0.9219556 ,  0.62150055, ..., -0.75241097,
         -0.29473984,  0.        ]],

       ...,

       [[ 0.        , -0.59839809, -0.98473543, ..., -0.22149332,
          0.47053094,  0.35071957],
        [ 0.59839809,  0.        , -0.89312486, ...,  0.4060748 ,
          0.90500548,  0.8413843 ],
        [ 0.98473543,  0.89312486,  0.        , ...,  0.99882911,
          0.78701469,  0.86114007],
        ...,
        [ 0.22149332, -0.4060748 , -0.99882911, ...,  0.        ,
          0.65428589,  0.54943254],
        [-0.47053094, -0.90500548, -0.78701469, ..., -0.65428589,
          0.        , -0.13117391],
        [-0.35071957, -0.8413843 , -0.86114007, ..., -0.54943254,
          0.13117391,  0.        ]],

       [[ 0.        ,  0.10055589,  0.58840452, ..., -0.99504165,
         -0.92440747, -0.85145423],
        [-0.10055589,  0.        ,  0.50411599, ..., -0.97999699,
         -0.95807469, -0.89987298],
        [-0.58840452, -0.50411599,  0.        , ..., -0.74603534,
         -0.97186634, -0.99703389],
        ...,
        [ 0.99504165,  0.97999699,  0.74603534, ...,  0.        ,
          0.471456  ,  0.60651351],
        [ 0.92440747,  0.95807469,  0.97186634, ..., -0.471456  ,
          0.        ,  0.16003593],
        [ 0.85145423,  0.89987298,  0.99703389, ..., -0.60651351,
         -0.16003593,  0.        ]],

       [[ 0.        , -0.49256402, -0.89480697, ..., -0.67242207,
         -0.34502823, -0.        ],
        [ 0.49256402,  0.        , -0.55882243, ..., -0.94977302,
         -0.76258666, -0.49256402],
        [ 0.89480697,  0.55882243,  0.        , ..., -0.96251242,
         -0.99389791, -0.89480697],
        ...,
        [ 0.67242207,  0.94977302,  0.96251242, ...,  0.        ,
         -0.37575135, -0.67242207],
        [ 0.34502823,  0.76258666,  0.99389791, ...,  0.37575135,
          0.        , -0.34502823],
        [ 0.        ,  0.49256402,  0.89480697, ...,  0.67242207,
          0.34502823,  0.        ]]]), 'num': array([7.04362403e-01, 7.04362403e-01, 0.00000000e+00, 0.00000000e+00,
       3.12581880e-05, 3.28590116e-05, 2.98258721e-05, 8.80182043e-02,
       4.21269380e-07, 3.02639922e-05, 2.93329869e-05, 2.94340915e-05,
       9.82961886e-07, 3.11597811e-05, 2.75061927e-05])}
{'img': array([[[ 0.        , -0.83147942, -0.10527098, ...,  0.95939933,
          0.33801765,  0.66148339],
        [ 0.83147942,  0.        ,  0.76837549, ...,  0.76751946,
          0.97032593,  0.99106692],
        [ 0.10527098, -0.76837549,  0.        , ...,  0.98376031,
          0.43521419,  0.73675691],
        ...,
        [-0.95939933, -0.76751946, -0.98376031, ...,  0.        ,
         -0.80759055, -0.53293871],
        [-0.33801765, -0.97032593, -0.43521419, ...,  0.80759055,
          0.        ,  0.36904866],
        [-0.66148339, -0.99106692, -0.73675691, ...,  0.53293871,
         -0.36904866,  0.        ]],

       [[ 0.        , -0.1105515 , -0.04909055, ...,  0.88819141,
          0.49744289,  0.66087238],
        [ 0.1105515 ,  0.        ,  0.06162857, ...,  0.93354265,
          0.59029683,  0.57385278],
        [ 0.04909055, -0.06162857,  0.        , ...,  0.90967636,
          0.53942904,  0.62323322],
        ...,
        [-0.88819141, -0.93354265, -0.90967636, ...,  0.        ,
         -0.54194125,  0.97023957],
        [-0.49744289, -0.59029683, -0.53942904, ...,  0.54194125,
          0.        ,  0.94663467],
        [-0.66087238, -0.57385278, -0.62323322, ..., -0.97023957,
         -0.94663467,  0.        ]],

       [[ 0.        , -0.82895046, -0.93451178, ..., -0.8771448 ,
         -0.98454332, -0.97790719],
        [ 0.82895046,  0.        , -0.22764287, ..., -0.88868997,
         -0.69586018, -0.37368161],
        [ 0.93451178,  0.22764287,  0.        , ..., -0.76098092,
         -0.51410223, -0.15271874],
        ...,
        [ 0.8771448 ,  0.88868997,  0.76098092, ...,  0.        ,
          0.31917906,  0.6529744 ],
        [ 0.98454332,  0.69586018,  0.51410223, ..., -0.31917906,
          0.        ,  0.37708037],
        [ 0.97790719,  0.37368161,  0.15271874, ..., -0.6529744 ,
         -0.37708037,  0.        ]],

       ...,

       [[ 0.        , -0.89312486,  0.01810498, ...,  0.90500548,
          0.8413843 ,  0.81791719],
        [ 0.89312486,  0.        ,  0.90112225, ...,  0.78701469,
          0.86114007,  0.88175323],
        [-0.01810498, -0.90112225,  0.        , ...,  0.89715529,
          0.83146178,  0.80736668],
        ...,
        [-0.90500548, -0.78701469, -0.89715529, ...,  0.        ,
         -0.13117391, -0.1727403 ],
        [-0.8413843 , -0.86114007, -0.83146178, ...,  0.13117391,
          0.        , -0.0420457 ],
        [-0.81791719, -0.88175323, -0.80736668, ...,  0.1727403 ,
          0.0420457 ,  0.        ]],

       [[ 0.        ,  0.50411599,  0.58980025, ..., -0.95807469,
         -0.89987298, -0.78530523],
        [-0.50411599,  0.        ,  0.10227425, ..., -0.97186634,
         -0.99703389, -0.99032048],
        [-0.58980025, -0.10227425,  0.        , ..., -0.94268114,
         -0.98393427, -0.99932311],
        ...,
        [ 0.95807469,  0.97186634,  0.94268114, ...,  0.        ,
          0.16003593,  0.36814794],
        [ 0.89987298,  0.99703389,  0.98393427, ..., -0.16003593,
          0.        ,  0.21460679],
        [ 0.78530523,  0.99032048,  0.99932311, ..., -0.36814794,
         -0.21460679,  0.        ]],

       [[ 0.        , -0.82400787, -0.8793875 , ..., -0.52704824,
         -0.40877809, -0.        ],
        [ 0.82400787,  0.        , -0.10592624, ..., -0.99888515,
         -0.98362226, -0.82400787],
        [ 0.8793875 ,  0.10592624,  0.        , ..., -0.99826582,
         -0.99718077, -0.8793875 ],
        ...,
        [ 0.52704824,  0.99888515,  0.99826582, ...,  0.        ,
         -0.13360796, -0.52704824],
        [ 0.40877809,  0.98362226,  0.99718077, ...,  0.13360796,
          0.        , -0.40877809],
        [ 0.        ,  0.82400787,  0.8793875 , ...,  0.52704824,
          0.40877809,  0.        ]]]), 'num': array([7.06957646e-01, 7.06957646e-01, 0.00000000e+00, 0.00000000e+00,
       3.20498741e-05, 3.20498741e-05, 3.12887953e-05, 2.05369505e-02,
       6.76514494e-07, 3.10520153e-05, 2.95679116e-05, 2.95693210e-05,
       1.15151403e-06, 3.17260584e-05, 2.74097647e-05])}
{'img': array([[[ 0.        ,  0.71436445,  0.61249294, ...,  0.92141362,
          0.99146099,  0.73152168],
        [-0.71436445,  0.        , -0.13608146, ...,  0.36719109,
          0.60064275,  0.99896641],
        [-0.61249294,  0.13608146,  0.        , ...,  0.49035091,
          0.70385487,  0.9958592 ],
        ...,
        [-0.92141362, -0.36719109, -0.49035091, ...,  0.        ,
          0.26510945,  0.91249363],
        [-0.99146099, -0.60064275, -0.70385487, ..., -0.26510945,
          0.        ,  0.77138922],
        [-0.73152168, -0.99896641, -0.9958592 , ..., -0.91249363,
         -0.77138922,  0.        ]],

       [[ 0.        ,  0.06162857, -0.17718756, ...,  0.59029683,
          0.57385278,  0.33985851],
        [-0.06162857,  0.        , -0.23750418, ...,  0.53942904,
          0.62323322,  0.28125227],
        [ 0.17718756,  0.23750418,  0.        , ...,  0.72397999,
          0.41966352,  0.50112171],
        ...,
        [-0.59029683, -0.53942904, -0.72397999, ...,  0.        ,
          0.94663467, -0.28083123],
        [-0.57385278, -0.62323322, -0.41966352, ..., -0.94663467,
          0.        , -0.81802511],
        [-0.33985851, -0.28125227, -0.50112171, ...,  0.28083123,
          0.81802511,  0.        ]],

       [[ 0.        , -0.37625997, -0.66753528, ..., -0.88079251,
         -0.56256052,  0.47948327],
        [ 0.37625997,  0.        , -0.33832591, ..., -0.63790669,
         -0.21014504,  0.77443535],
        [ 0.66753528,  0.33832591,  0.        , ..., -0.33973929,
          0.13301859,  0.94280904],
        ...,
        [ 0.88079251,  0.63790669,  0.33973929, ...,  0.        ,
          0.46182681,  0.99997686],
        [ 0.56256052,  0.21014504, -0.13301859, ..., -0.46182681,
          0.        ,  0.89009128],
        [-0.47948327, -0.77443535, -0.94280904, ..., -0.99997686,
         -0.89009128,  0.        ]],

       ...,

       [[ 0.        ,  0.90112225,  0.93041505, ...,  0.86114007,
          0.88175323,  0.45184955],
        [-0.90112225,  0.        ,  0.07312733, ...,  0.83146178,
          0.80736668,  0.99979209],
        [-0.93041505, -0.07312733,  0.        , ...,  0.78860741,
          0.76205626,  0.99562413],
        ...,
        [-0.86114007, -0.83146178, -0.78860741, ...,  0.        ,
         -0.0420457 ,  0.53851228],
        [-0.88175323, -0.80736668, -0.76205626, ...,  0.0420457 ,
          0.        ,  0.57346451],
        [-0.45184955, -0.99979209, -0.99562413, ..., -0.53851228,
         -0.57346451,  0.        ]],

       [[ 0.        ,  0.10227425,  0.36550348, ..., -0.99703389,
         -0.99032048, -0.90425988],
        [-0.10227425,  0.        ,  0.26838897, ..., -0.98393427,
         -0.99932311, -0.94318748],
        [-0.36550348, -0.26838897,  0.        , ..., -0.89991857,
         -0.97253195, -0.99775771],
        ...,
        [ 0.99703389,  0.98393427,  0.89991857, ...,  0.        ,
          0.21460679,  0.49531128],
        [ 0.99032048,  0.99932311,  0.97253195, ..., -0.21460679,
          0.        ,  0.29733854],
        [ 0.90425988,  0.94318748,  0.99775771, ..., -0.49531128,
         -0.29733854,  0.        ]],

       [[ 0.        , -0.4498628 , -0.66902348, ..., -0.66386296,
         -0.52502445, -0.        ],
        [ 0.4498628 ,  0.        , -0.26314672, ..., -0.92932627,
         -0.85177056, -0.4498628 ],
        [ 0.66902348,  0.26314672,  0.        , ..., -0.9937424 ,
         -0.95961712, -0.66902348],
        ...,
        [ 0.66386296,  0.92932627,  0.9937424 , ...,  0.        ,
         -0.17236347, -0.66386296],
        [ 0.52502445,  0.85177056,  0.95961712, ...,  0.17236347,
          0.        , -0.52502445],
        [ 0.        ,  0.4498628 ,  0.66902348, ...,  0.66386296,
          0.52502445,  0.        ]]]), 'num': array([ 7.23735479e-01,  6.89848777e-01,  1.82677640e-05, -1.17342391e-11,
        3.21505713e-05,  3.31038227e-05,  3.17172752e-05,  1.77655218e-02,
       -6.93273774e-07,  3.22545624e-05,  3.03957220e-05,  3.03437265e-05,
        1.07457435e-06,  3.27492021e-05,  2.80422420e-05])}
{'img': array([[[ 0.        , -0.13608146,  0.13693334, ...,  0.60064275,
          0.99896641,  0.60064275],
        [ 0.13608146,  0.        ,  0.27045914, ...,  0.70385487,
          0.9958592 ,  0.70385487],
        [-0.13693334, -0.27045914,  0.        , ...,  0.48550425,
          0.98333217,  0.48550425],
        ...,
        [-0.60064275, -0.70385487, -0.48550425, ...,  0.        ,
          0.77138922,  0.        ],
        [-0.99896641, -0.9958592 , -0.98333217, ..., -0.77138922,
          0.        , -0.77138922],
        [-0.60064275, -0.70385487, -0.48550425, ...,  0.        ,
          0.77138922,  0.        ]],

       [[ 0.        , -0.23750418, -0.3241242 , ...,  0.62323322,
          0.28125227,  0.18978584],
        [ 0.23750418,  0.        , -0.09016747, ...,  0.41966352,
          0.50112171,  0.41754306],
        [ 0.3241242 ,  0.09016747,  0.        , ...,  0.33611088,
          0.57710929,  0.49777356],
        ...,
        [-0.62323322, -0.41966352, -0.33611088, ...,  0.        ,
         -0.81802511, -0.76032563],
        [-0.28125227, -0.50112171, -0.57710929, ...,  0.81802511,
          0.        , -0.09401573],
        [-0.18978584, -0.41754306, -0.49777356, ...,  0.76032563,
          0.09401573,  0.        ]],

       [[ 0.        , -0.26331408, -0.38464152, ..., -0.15908853,
          0.37283308,  0.91853105],
        [ 0.26331408,  0.        , -0.1280113 , ...,  0.10648627,
          0.60400458,  0.99021716],
        [ 0.38464152,  0.1280113 ,  0.        , ...,  0.23289363,
          0.70105781,  0.99993239],
        ...,
        [ 0.15908853, -0.10648627, -0.23289363, ...,  0.        ,
          0.51570279,  0.9697284 ],
        [-0.37283308, -0.60400458, -0.70105781, ..., -0.51570279,
          0.        ,  0.7049044 ],
        [-0.91853105, -0.99021716, -0.99993239, ..., -0.9697284 ,
         -0.7049044 ,  0.        ]],

       ...,

       [[ 0.        ,  0.08680876,  0.32256782, ...,  0.86332961,
          0.99330052,  0.94692505],
        [-0.08680876,  0.        ,  0.23918162, ...,  0.81626332,
          0.99958241,  0.91544534],
        [-0.32256782, -0.23918162,  0.        , ...,  0.65440072,
          0.97748088,  0.7926176 ],
        ...,
        [-0.86332961, -0.81626332, -0.65440072, ...,  0.        ,
          0.60102589,  0.20033557],
        [-0.99330052, -0.99958241, -0.97748088, ..., -0.60102589,
          0.        , -0.42872739],
        [-0.94692505, -0.91544534, -0.7926176 , ..., -0.20033557,
          0.42872739,  0.        ]],

       [[ 0.        ,  0.26838897,  0.02011071, ..., -0.99932311,
         -0.94318748, -0.8803818 ],
        [-0.26838897,  0.        , -0.24896184, ..., -0.97253195,
         -0.99775771, -0.97536881],
        [-0.02011071,  0.24896184,  0.        , ..., -0.99986083,
         -0.94967873, -0.88974157],
        ...,
        [ 0.99932311,  0.97253195,  0.99986083, ...,  0.        ,
          0.29733854,  0.44155749],
        [ 0.94318748,  0.99775771,  0.94967873, ..., -0.29733854,
          0.        ,  0.15480485],
        [ 0.8803818 ,  0.97536881,  0.88974157, ..., -0.44155749,
         -0.15480485,  0.        ]],

       [[ 0.        , -0.53557058, -0.63897733, ..., -0.58645519,
         -0.26403883, -0.        ],
        [ 0.53557058,  0.        , -0.12763568, ..., -0.92905817,
         -0.73954255, -0.53557058],
        [ 0.63897733,  0.12763568,  0.        , ..., -0.96867625,
         -0.81940675, -0.63897733],
        ...,
        [ 0.58645519,  0.92905817,  0.96867625, ...,  0.        ,
         -0.35177649, -0.58645519],
        [ 0.26403883,  0.73954255,  0.81940675, ...,  0.35177649,
          0.        , -0.26403883],
        [ 0.        ,  0.53557058,  0.63897733, ...,  0.58645519,
          0.26403883,  0.        ]]]), 'num': array([ 7.10122369e-01,  7.04017370e-01,  3.28225745e-06, -1.83344882e-09,
        3.16321185e-05,  3.18872162e-05,  3.09518579e-05,  9.26040472e-03,
        8.50325765e-08,  3.16151119e-05,  2.99144604e-05,  2.97939976e-05,
        1.16457659e-06,  3.23545250e-05,  2.74743959e-05])}
{'img': array([[[ 0.        ,  0.27045914,  0.18106531, ...,  0.9958592 ,
          0.70385487,  0.74549688],
        [-0.27045914,  0.        , -0.09167147, ...,  0.98333217,
          0.48550425,  0.53744981],
        [-0.18106531,  0.09167147,  0.        , ...,  0.9958592 ,
          0.56360229,  0.61249294],
        ...,
        [-0.9958592 , -0.98333217, -0.9958592 , ...,  0.        ,
         -0.77138922, -0.73152168],
        [-0.70385487, -0.48550425, -0.56360229, ...,  0.77138922,
          0.        ,  0.0604334 ],
        [-0.74549688, -0.53744981, -0.61249294, ...,  0.73152168,
