state_0,state_1,state_2,state_3,state_4,state_5,state_6,state_7,state_8,state_9,state_10,state_11,state_12,state_13,state_14,state_15,state_16,state_17,state_18,state_19,state_20,state_21,state_22,state_23,state_24,state_25,state_26,state_27,state_28,state_29,state_30,state_31,state_32,state_33,state_34,state_35,state_36,state_37,state_38,state_39,state_40,state_41,state_42,state_43,state_44,state_45,state_46,state_47,state_48,state_49,state_50,state_51,state_52,state_53,state_54,state_55,state_56,state_57,state_58,state_59,state_60,state_61,state_62,state_63,state_64,state_65,state_66,state_67,state_68,state_69,state_70,state_71,state_72,state_73,state_74,state_75,state_76,state_77,state_78,state_79,state_80,state_81,state_82,state_83,state_84,state_85,state_86,state_87,state_88,state_89,state_90,state_91,state_92,state_93,state_94,state_95,state_96,state_97,state_98,state_99,state_100,state_101,state_102,state_103,state_104,state_105,state_106,state_107,state_108,state_109,state_110,state_111,state_112,state_113,state_114,state_115,state_116,state_117,state_118,state_119,state_120,state_121,state_122,state_123,state_124,state_125,state_126,state_127,state_128,state_129,state_130,state_131,state_132,state_133,state_134,state_135,state_136,state_137,state_138,state_139,state_140,state_141,state_142,state_143,state_144,state_145,state_146,state_147,state_148,state_149,state_150,state_151,state_152,state_153,state_154,state_155,state_156,state_157,state_158,state_159,state_160,state_161,state_162,state_163,state_164,state_165,state_166,state_167,state_168,state_169,state_170,state_171,state_172,state_173,state_174,state_175,state_176,state_177,state_178,state_179,state_180,state_181,state_182,state_183,state_184,state_185,state_186,state_187,state_188,state_189,state_190,state_191,state_192,state_193,state_194,state_195,state_196,state_197,state_198,state_199,state_200,state_201,state_202,state_203,state_204,state_205,state_206,state_207,state_208,state_209,state_210,state_211,state_212,state_213,state_214,state_215,state_216,state_217,state_218,state_219,state_220,state_221,state_222,state_223,state_224,state_225,state_226,state_227,state_228,state_229,state_230,state_231,state_232,state_233,state_234,state_235,state_236,state_237,state_238,state_239,state_240,state_241,state_242,state_243,state_244,state_245,state_246,state_247,state_248,state_249,state_250,state_251,state_252,state_253,state_254,state_255,state_256,state_257,state_258,state_259,state_260,state_261,state_262,state_263,state_264,state_265,state_266,state_267,state_268,state_269,state_270,state_271,state_272,state_273,state_274,state_275,state_276,state_277,state_278,state_279,state_280,state_281,state_282,state_283,state_284,state_285,state_286,state_287
{'img': array([[[ 0.        , -0.10286738, -0.14141731, ...,  0.94457904,
          0.96133388,  0.92161565],
        [ 0.10286738,  0.        , -0.03883353, ...,  0.97333785,
          0.98456226,  0.95664978],
        [ 0.14141731,  0.03883353,  0.        , ...,  0.98151114,
          0.99061682,  0.96723808],
        ...,
        [-0.94457904, -0.97333785, -0.98151114, ...,  0.        ,
          0.05546723, -0.06404302],
        [-0.96133388, -0.98456226, -0.99061682, ..., -0.05546723,
          0.        , -0.11929779],
        [-0.92161565, -0.95664978, -0.96723808, ...,  0.06404302,
          0.11929779,  0.        ]],

       [[ 0.        , -0.70175546, -0.74013736, ..., -0.76775118,
         -0.75410944, -0.85105306],
        [ 0.70175546,  0.        , -0.05538764, ..., -0.09731122,
         -0.07636404, -0.2378279 ],
        [ 0.74013736,  0.05538764,  0.        , ..., -0.04203707,
         -0.0210209 , -0.18366439],
        ...,
        [ 0.76775118,  0.09731122,  0.04203707, ...,  0.        ,
          0.02102546, -0.14218007],
        [ 0.75410944,  0.07636404,  0.0210209 , ..., -0.02102546,
          0.        , -0.16296049],
        [ 0.85105306,  0.2378279 ,  0.18366439, ...,  0.14218007,
          0.16296049,  0.        ]],

       [[ 0.        , -0.03689124, -0.12812273, ...,  0.9750953 ,
          0.99982468,  0.98110932],
        [ 0.03689124,  0.        , -0.09144832, ...,  0.96624957,
          0.99845332,  0.98757823],
        [ 0.12812273,  0.09144832,  0.        , ...,  0.93864301,
          0.98918542,  0.9978092 ],
        ...,
        [-0.9750953 , -0.96624957, -0.93864301, ...,  0.        ,
         -0.20348925, -0.40623279],
        [-0.99982468, -0.99845332, -0.98918542, ...,  0.20348925,
          0.        , -0.21179095],
        [-0.98110932, -0.98757823, -0.9978092 , ...,  0.40623279,
          0.21179095,  0.        ]],

       ...,

       [[ 0.        , -0.16233892, -0.38345114, ...,  0.61133553,
          0.74504295,  0.65365573],
        [ 0.16233892,  0.        , -0.22843476, ...,  0.7316966 ,
          0.84344273,  0.76784182],
        [ 0.38345114,  0.22843476,  0.        , ...,  0.86805806,
          0.94386097,  0.89388382],
        ...,
        [-0.61133553, -0.7316966 , -0.86805806, ...,  0.        ,
          0.18183488,  0.05463066],
        [-0.74504295, -0.84344273, -0.94386097, ..., -0.18183488,
          0.        , -0.12784342],
        [-0.65365573, -0.76784182, -0.89388382, ..., -0.05463066,
          0.12784342,  0.        ]],

       [[ 0.        , -0.14934276, -0.22022255, ...,  0.96264411,
          0.99499095,  0.98491439],
        [ 0.14934276,  0.        , -0.07207652, ...,  0.99228604,
          0.99876166,  0.94802643],
        [ 0.22022255,  0.07207652,  0.        , ...,  0.99864049,
          0.99257813,  0.92262658],
        ...,
        [-0.96264411, -0.99228604, -0.99864049, ...,  0.        ,
          0.17318285,  0.43326331],
        [-0.99499095, -0.99876166, -0.99257813, ..., -0.17318285,
          0.        ,  0.27063252],
        [-0.98491439, -0.94802643, -0.92262658, ..., -0.43326331,
         -0.27063252,  0.        ]],

       [[ 0.        ,  0.79100108,  0.91916768, ...,  0.9971182 ,
          0.99100714,  0.97466373],
        [-0.79100108,  0.        ,  0.25081155, ...,  0.67005983,
          0.71215585,  0.77324102],
        [-0.91916768, -0.25081155,  0.        , ...,  0.46246279,
          0.51331738,  0.58948241],
        ...,
        [-0.9971182 , -0.67005983, -0.46246279, ...,  0.        ,
          0.05824201,  0.14908915],
        [-0.99100714, -0.71215585, -0.51331738, ..., -0.05824201,
          0.        ,  0.09124499],
        [-0.97466373, -0.77324102, -0.58948241, ..., -0.14908915,
         -0.09124499,  0.        ]]]), 'num': array([7.07057577e-01, 7.07057577e-01, 0.00000000e+00, 0.00000000e+00,
       8.53978632e-04, 8.63161198e-04, 8.08984059e-04, 1.15814286e-02,
       5.23406258e-05, 8.24227119e-04, 7.55862915e-04, 6.63241433e-04,
       6.89607044e-07, 9.43991507e-04, 5.67734324e-04])}
{'img': array([[[ 0.        , -0.03883353, -0.1001024 , ...,  0.98456226,
          0.95664978,  0.99916691],
        [ 0.03883353,  0.        , -0.06138842, ...,  0.99061682,
          0.96723808,  0.99682843],
        [ 0.1001024 ,  0.06138842,  0.        , ...,  0.99713834,
          0.98099856,  0.99006302],
        ...,
        [-0.98456226, -0.99061682, -0.99713834, ...,  0.        ,
         -0.11929779,  0.21506919],
        [-0.95664978, -0.96723808, -0.98099856, ...,  0.11929779,
          0.        ,  0.33003936],
        [-0.99916691, -0.99682843, -0.99006302, ..., -0.21506919,
         -0.33003936,  0.        ]],

       [[ 0.        , -0.05538764, -0.18485874, ..., -0.07636404,
         -0.2378279 ,  0.02208543],
        [ 0.05538764,  0.        , -0.13014192, ..., -0.0210209 ,
         -0.18366439,  0.07742566],
        [ 0.18485874,  0.13014192,  0.        , ...,  0.10927104,
         -0.05417432,  0.20651843],
        ...,
        [ 0.07636404,  0.0210209 , -0.10927104, ...,  0.        ,
         -0.16296049,  0.09836635],
        [ 0.2378279 ,  0.18366439,  0.05417432, ...,  0.16296049,
          0.        ,  0.25922163],
        [-0.02208543, -0.07742566, -0.20651843, ..., -0.09836635,
         -0.25922163,  0.        ]],

       [[ 0.        , -0.09144832, -0.15895779, ...,  0.99845332,
          0.98757823,  0.99120166],
        [ 0.09144832,  0.        , -0.06800614, ...,  0.98918542,
          0.9978092 ,  0.99915248],
        [ 0.15895779,  0.06800614,  0.        , ...,  0.97692087,
          0.99999828,  0.99963862],
        ...,
        [-0.99845332, -0.98918542, -0.97692087, ...,  0.        ,
         -0.21179095, -0.18726301],
        [-0.98757823, -0.9978092 , -0.99999828, ...,  0.21179095,
          0.        ,  0.02502938],
        [-0.99120166, -0.99915248, -0.99963862, ...,  0.18726301,
         -0.02502938,  0.        ]],

       ...,

       [[ 0.        , -0.22843476, -0.17738033, ...,  0.84344273,
          0.76784182,  0.8994678 ],
        [ 0.22843476,  0.        ,  0.05212207, ...,  0.94386097,
          0.89388382,  0.9755082 ],
        [ 0.17738033, -0.05212207,  0.        , ...,  0.92535984,
          0.86930252,  0.96271728],
        ...,
        [-0.84344273, -0.94386097, -0.92535984, ...,  0.        ,
         -0.12784342,  0.11463772],
        [-0.76784182, -0.89388382, -0.86930252, ...,  0.12784342,
          0.        ,  0.24069764],
        [-0.8994678 , -0.9755082 , -0.96271728, ..., -0.11463772,
         -0.24069764,  0.        ]],

       [[ 0.        , -0.07013655, -0.07219509, ...,  0.99265592,
          0.9993993 ,  0.93928589],
        [ 0.07013655,  0.        , -0.00206377, ...,  0.99869596,
          0.99936884,  0.91290646],
        [ 0.07219509,  0.00206377,  0.        , ...,  0.9987992 ,
          0.9992934 ,  0.91206215],
        ...,
        [-0.99265592, -0.99869596, -0.9987992 , ...,  0.        ,
          0.08649775,  0.45424286],
        [-0.9993993 , -0.99936884, -0.9992934 , ..., -0.08649775,
          0.        ,  0.37548144],
        [-0.93928589, -0.91290646, -0.91206215, ..., -0.45424286,
         -0.37548144,  0.        ]],

       [[ 0.        ,  0.25081155,  0.25917741, ...,  0.71215585,
          0.77324102,  0.82652214],
        [-0.25081155,  0.        ,  0.00865179, ...,  0.51331738,
          0.58948241,  0.65892025],
        [-0.25917741, -0.00865179,  0.        , ...,  0.50587321,
          0.5824716 ,  0.6523876 ],
        ...,
        [-0.71215585, -0.51331738, -0.50587321, ...,  0.        ,
          0.09124499,  0.1793607 ],
        [-0.77324102, -0.58948241, -0.5824716 , ..., -0.09124499,
          0.        ,  0.08884718],
        [-0.82652214, -0.65892025, -0.6523876 , ..., -0.1793607 ,
         -0.08884718,  0.        ]]]), 'num': array([7.07051406e-01, 7.07051406e-01, 0.00000000e+00, 0.00000000e+00,
       8.93455867e-04, 9.00801856e-04, 8.22750727e-04, 1.23022537e-02,
       3.94846889e-05, 8.36708105e-04, 7.66599826e-04, 6.68714528e-04,
       6.88226390e-07, 9.60307427e-04, 5.72892225e-04])}
{'img': array([[[ 0.        , -0.06138842, -0.20752427, ...,  0.96723808,
          0.99682843,  0.89064556],
        [ 0.06138842,  0.        , -0.14708089, ...,  0.98099856,
          0.99006302,  0.86105256],
        [ 0.20752427,  0.14708089,  0.        , ...,  0.99886558,
          0.95861241,  0.77689517],
        ...,
        [-0.96723808, -0.98099856, -0.99886558, ...,  0.        ,
          0.33003936,  0.66591055],
        [-0.99682843, -0.99006302, -0.95861241, ..., -0.33003936,
          0.        ,  0.38237791],
        [-0.89064556, -0.86105256, -0.77689517, ..., -0.66591055,
         -0.38237791,  0.        ]],

       [[ 0.        , -0.13014192,  0.17375297, ..., -0.18366439,
          0.07742566,  0.11346143],
        [ 0.13014192,  0.        ,  0.30043764, ..., -0.05417432,
          0.20651843,  0.241798  ],
        [-0.17375297, -0.30043764,  0.        , ..., -0.35166798,
         -0.09698343, -0.06089535],
        ...,
        [ 0.18366439,  0.05417432,  0.35166798, ...,  0.        ,
          0.25922163,  0.29400969],
        [-0.07742566, -0.20651843,  0.09698343, ..., -0.25922163,
          0.        ,  0.03619515],
        [-0.11346143, -0.241798  ,  0.06089535, ..., -0.29400969,
         -0.03619515,  0.        ]],

       [[ 0.        , -0.06800614, -0.18155663, ...,  0.9978092 ,
          0.99915248,  0.99642018],
        [ 0.06800614,  0.        , -0.1142604 , ...,  0.99999828,
          0.99963862,  0.98836421],
        [ 0.18155663,  0.1142604 ,  0.        , ...,  0.99323741,
          0.9900203 ,  0.96451157],
        ...,
        [-0.9978092 , -0.99999828, -0.99323741, ...,  0.        ,
          0.02502938,  0.15027417],
        [-0.99915248, -0.99963862, -0.9900203 , ..., -0.02502938,
          0.        ,  0.12548193],
        [-0.99642018, -0.98836421, -0.96451157, ..., -0.15027417,
         -0.12548193,  0.        ]],

       ...,

       [[ 0.        ,  0.05212207, -0.0970311 , ...,  0.89388382,
          0.9755082 ,  0.973907  ],
        [-0.05212207,  0.        , -0.14877534, ...,  0.86930252,
          0.96271728,  0.96075421],
        [ 0.0970311 ,  0.14877534,  0.        , ...,  0.93316481,
          0.99224838,  0.99133244],
        ...,
        [-0.89388382, -0.86930252, -0.93316481, ...,  0.        ,
          0.24069764,  0.23373656],
        [-0.9755082 , -0.96271728, -0.99224838, ..., -0.24069764,
          0.        , -0.00716556],
        [-0.973907  , -0.96075421, -0.99133244, ..., -0.23373656,
          0.00716556,  0.        ]],

       [[ 0.        , -0.00199125,  0.01580992, ...,  0.99066606,
          0.99999408,  0.89919125],
        [ 0.00199125,  0.        ,  0.01780089, ...,  0.99093553,
          0.99998525,  0.89831819],
        [-0.01580992, -0.01780089,  0.        , ...,  0.98838717,
          0.99992349,  0.90599659],
        ...,
        [-0.99066606, -0.99093553, -0.98838717, ...,  0.        ,
          0.13971885,  0.55604159],
        [-0.99999408, -0.99998525, -0.99992349, ..., -0.13971885,
          0.        ,  0.43445955],
        [-0.89919125, -0.89831819, -0.90599659, ..., -0.55604159,
         -0.43445955,  0.        ]],

       [[ 0.        ,  0.00865179, -0.07608087, ...,  0.58948241,
          0.65892025,  0.7117044 ],
        [-0.00865179,  0.        , -0.08470474, ...,  0.5824716 ,
          0.6523876 ,  0.70560007],
        [ 0.07608087,  0.08470474,  0.        , ...,  0.64923058,
          0.71423948,  0.76308686],
        ...,
        [-0.58948241, -0.5824716 , -0.64923058, ...,  0.        ,
          0.08884718,  0.16080239],
        [-0.65892025, -0.6523876 , -0.71423948, ..., -0.08884718,
          0.        ,  0.07247548],
        [-0.7117044 , -0.70560007, -0.76308686, ..., -0.16080239,
         -0.07247548,  0.        ]]]), 'num': array([ 7.07082850e-01,  7.07082850e-01,  0.00000000e+00,  0.00000000e+00,
        8.60437182e-04,  8.98087048e-04,  8.53090867e-04,  7.89679310e-03,
       -3.30584190e-05,  8.46295525e-04,  7.76275957e-04,  6.73764249e-04,
        6.43146519e-07,  9.68505563e-04,  5.84046352e-04])}
{'img': array([[[ 0.        , -0.14708089, -0.37622752, ...,  0.99006302,
          0.86105256,  0.98185307],
        [ 0.14708089,  0.        , -0.23586139, ...,  0.95861241,
          0.77689517,  0.943282  ],
        [ 0.37622752,  0.23586139,  0.        , ...,  0.86441368,
          0.606471  ,  0.83836468],
        ...,
        [-0.99006302, -0.95861241, -0.86441368, ...,  0.        ,
          0.38237791,  0.0496863 ],
        [-0.86105256, -0.77689517, -0.606471  , ..., -0.38237791,
          0.        , -0.33599518],
        [-0.98185307, -0.943282  , -0.83836468, ..., -0.0496863 ,
          0.33599518,  0.        ]],

       [[ 0.        ,  0.30043764,  0.16713151, ...,  0.20651843,
          0.241798  , -0.00521845],
        [-0.30043764,  0.        , -0.13680159, ..., -0.09698343,
         -0.06089535, -0.30541091],
        [-0.16713151,  0.13680159,  0.        , ...,  0.04008507,
          0.07622486, -0.17227428],
        ...,
        [-0.20651843,  0.09698343, -0.04008507, ...,  0.        ,
          0.03619515, -0.21162157],
        [-0.241798  ,  0.06089535, -0.07622486, ..., -0.03619515,
          0.        , -0.2468583 ],
        [ 0.00521845,  0.30541091,  0.17227428, ...,  0.21162157,
          0.2468583 ,  0.        ]],

       [[ 0.        , -0.1142604 , -0.22877256, ...,  0.99963862,
          0.98836421,  0.96351498],
        [ 0.1142604 ,  0.        , -0.11604409, ...,  0.9900203 ,
          0.96451157,  0.92662246],
        [ 0.22877256,  0.11604409,  0.        , ...,  0.9669783 ,
          0.92735505,  0.87673048],
        ...,
        [-0.99963862, -0.9900203 , -0.9669783 , ...,  0.        ,
          0.12548193,  0.24165672],
        [-0.98836421, -0.96451157, -0.92735505, ..., -0.12548193,
          0.        ,  0.11798377],
        [-0.96351498, -0.92662246, -0.87673048, ..., -0.24165672,
         -0.11798377,  0.        ]],

       ...,

       [[ 0.        , -0.14877534, -0.05599724, ...,  0.96271728,
          0.96075421,  0.88111033],
        [ 0.14877534,  0.        ,  0.09316785, ...,  0.99224838,
          0.99133244,  0.94166193],
        [ 0.05599724, -0.09316785,  0.        , ...,  0.9763545 ,
          0.97478041,  0.9062095 ],
        ...,
        [-0.96271728, -0.99224838, -0.9763545 , ...,  0.        ,
         -0.00716556, -0.21693058],
        [-0.96075421, -0.99133244, -0.97478041, ...,  0.00716556,
          0.        , -0.20993008],
        [-0.88111033, -0.94166193, -0.9062095 , ...,  0.21693058,
          0.20993008,  0.        ]],

       [[ 0.        ,  0.01750021,  0.04727216, ...,  0.99712703,
          0.98760635,  0.89155303],
        [-0.01750021,  0.        ,  0.02978428, ...,  0.99564874,
          0.99020179,  0.89934263],
        [-0.04727216, -0.02978428,  0.        , ...,  0.99243155,
          0.99392168,  0.91196665],
        ...,
        [-0.99712703, -0.99564874, -0.99243155, ...,  0.        ,
          0.231309  ,  0.51914799],
        [-0.98760635, -0.99020179, -0.99392168, ..., -0.231309  ,
          0.        ,  0.30737269],
        [-0.89155303, -0.89934263, -0.91196665, ..., -0.51914799,
         -0.30737269,  0.        ]],

       [[ 0.        , -0.08470474, -0.2312331 , ...,  0.6523876 ,
          0.70560007,  0.81405404],
        [ 0.08470474,  0.        , -0.14799297, ...,  0.71423948,
          0.76308686,  0.860324  ],
        [ 0.2312331 ,  0.14799297,  0.        , ...,  0.80995506,
          0.85033132,  0.92628953],
        ...,
        [-0.6523876 , -0.71423948, -0.80995506, ...,  0.        ,
          0.07247548,  0.23806011],
        [-0.70560007, -0.76308686, -0.85033132, ..., -0.07247548,
          0.        ,  0.16704222],
        [-0.81405404, -0.860324  , -0.92628953, ..., -0.23806011,
         -0.16704222,  0.        ]]]), 'num': array([7.07091614e-01, 7.07091614e-01, 0.00000000e+00, 0.00000000e+00,
       8.70549156e-04, 8.75140660e-04, 8.48509937e-04, 6.12639786e-03,
       1.01013088e-05, 8.56040003e-04, 7.86708293e-04, 6.79098745e-04,
       6.46211672e-07, 9.75620512e-04, 5.97796075e-04])}
{'img': array([[[ 0.        , -0.23586139, -0.44489163, ...,  0.77689517,
          0.943282  ,  0.91164149],
        [ 0.23586139,  0.        , -0.22110598, ...,  0.606471  ,
          0.83836468,  0.78898526],
        [ 0.44489163,  0.22110598,  0.        , ...,  0.41565811,
          0.69708794,  0.63360751],
        ...,
        [-0.77689517, -0.606471  , -0.41565811, ...,  0.        ,
         -0.33599518, -0.25470347],
        [-0.943282  , -0.83836468, -0.69708794, ...,  0.33599518,
          0.        ,  0.08501784],
        [-0.91164149, -0.78898526, -0.63360751, ...,  0.25470347,
         -0.08501784,  0.        ]],

       [[ 0.        , -0.13680159, -0.15575348, ..., -0.06089535,
         -0.30541091, -0.42954121],
        [ 0.13680159,  0.        , -0.01915711, ...,  0.07622486,
         -0.17227428, -0.30196457],
        [ 0.15575348,  0.01915711,  0.        , ...,  0.09531224,
         -0.15337198, -0.28364632],
        ...,
        [ 0.06089535, -0.07622486, -0.09531224, ...,  0.        ,
         -0.2468583 , -0.37375267],
        [ 0.30541091,  0.17227428,  0.15337198, ...,  0.2468583 ,
          0.        , -0.13321754],
        [ 0.42954121,  0.30196457,  0.28364632, ...,  0.37375267,
          0.13321754,  0.        ]],

       [[ 0.        , -0.11604409, -0.23712511, ...,  0.96451157,
          0.92662246,  0.8498027 ],
        [ 0.11604409,  0.        , -0.1227887 , ...,  0.92735505,
          0.87673048,  0.78289454],
        [ 0.23712511,  0.1227887 ,  0.        , ...,  0.8743922 ,
          0.81103697,  0.70057672],
        ...,
        [-0.96451157, -0.92735505, -0.8743922 , ...,  0.        ,
          0.11798377,  0.28401253],
        [-0.92662246, -0.87673048, -0.81103697, ..., -0.11798377,
          0.        ,  0.16890359],
        [-0.8498027 , -0.78289454, -0.70057672, ..., -0.28401253,
         -0.16890359,  0.        ]],

       ...,

       [[ 0.        ,  0.09316785, -0.8192971 , ...,  0.99133244,
          0.94166193,  0.94602826],
        [-0.09316785,  0.        , -0.86915308, ...,  0.97478041,
          0.9062095 ,  0.91171921],
        [ 0.8192971 ,  0.86915308,  0.        , ...,  0.67603656,
          0.81566281,  0.80794467],
        ...,
        [-0.99133244, -0.97478041, -0.67603656, ...,  0.        ,
         -0.20993008, -0.19698845],
        [-0.94166193, -0.9062095 , -0.81566281, ...,  0.20993008,
          0.        ,  0.01321783],
        [-0.94602826, -0.91171921, -0.80794467, ...,  0.19698845,
         -0.01321783,  0.        ]],

       [[ 0.        ,  0.02935295,  0.05700317, ...,  0.99915475,
          0.98435527,  0.89360043],
        [-0.02935295,  0.        ,  0.02767339, ...,  0.99993084,
          0.98910296,  0.90639085],
        [-0.05700317, -0.02767339,  0.        , ...,  0.99987335,
          0.99279838,  0.91773407],
        ...,
        [-0.99915475, -0.99993084, -0.99987335, ...,  0.        ,
          0.13558234,  0.41175075],
        [-0.98435527, -0.98910296, -0.99279838, ..., -0.13558234,
          0.        ,  0.28439297],
        [-0.89360043, -0.90639085, -0.91773407, ..., -0.41175075,
         -0.28439297,  0.        ]],

       [[ 0.        , -0.14799297, -0.3584132 , ...,  0.76308686,
          0.860324  ,  0.95868507],
        [ 0.14799297,  0.        , -0.21630573, ...,  0.85033132,
          0.92628953,  0.99022793],
        [ 0.3584132 ,  0.21630573,  0.        , ...,  0.94403069,
          0.98586697,  0.99695061],
        ...,
        [-0.76308686, -0.85033132, -0.94403069, ...,  0.        ,
          0.16704222,  0.4025193 ],
        [-0.860324  , -0.92628953, -0.98586697, ..., -0.16704222,
          0.        ,  0.24395143],
        [-0.95868507, -0.99022793, -0.99695061, ..., -0.4025193 ,
         -0.24395143,  0.        ]]]), 'num': array([ 7.07065874e-01,  7.07065874e-01,  0.00000000e+00,  0.00000000e+00,
        8.20012760e-04,  8.59498257e-04,  7.98892611e-04,  1.05108923e-02,
       -5.05047053e-05,  8.59681911e-04,  7.95724589e-04,  6.83849014e-04,
        4.71598852e-07,  9.72430799e-04,  6.19018378e-04])}
{'img': array([[[ 0.        , -0.22110598, -0.08367036, ...,  0.83836468,
          0.78898526,  0.95569654],
        [ 0.22110598,  0.        ,  0.13873117, ...,  0.69708794,
          0.63360751,  0.86695947],
        [ 0.08367036, -0.13873117,  0.        , ...,  0.78981541,
          0.73481059,  0.92771669],
        ...,
        [-0.83836468, -0.69708794, -0.78981541, ...,  0.        ,
          0.08501784, -0.27418375],
        [-0.78898526, -0.63360751, -0.73481059, ..., -0.08501784,
          0.        , -0.35495078],
        [-0.95569654, -0.86695947, -0.92771669, ...,  0.27418375,
          0.35495078,  0.        ]],

       [[ 0.        , -0.01915711, -0.16642023, ..., -0.17227428,
         -0.30196457, -0.01631162],
        [ 0.01915711,  0.        , -0.14749973, ..., -0.15337198,
         -0.28364632,  0.00284593],
        [ 0.16642023,  0.14749973,  0.        , ..., -0.00593981,
         -0.13910206,  0.15031393],
        ...,
        [ 0.17227428,  0.15337198,  0.00593981, ...,  0.        ,
         -0.13321754,  0.15618361],
        [ 0.30196457,  0.28364632,  0.13910206, ...,  0.13321754,
          0.        ,  0.28637421],
        [ 0.01631162, -0.00284593, -0.15031393, ..., -0.15618361,
         -0.28637421,  0.        ]],

       [[ 0.        , -0.1227887 , -0.24771341, ...,  0.87673048,
          0.78289454,  0.7103789 ],
        [ 0.1227887 ,  0.        , -0.12687713, ...,  0.81103697,
          0.70057672,  0.61858227],
        [ 0.24771341,  0.12687713,  0.        , ...,  0.73026005,
          0.60437835,  0.51389325],
        ...,
        [-0.87673048, -0.81103697, -0.73026005, ...,  0.        ,
          0.16890359,  0.27538053],
        [-0.78289454, -0.70057672, -0.60437835, ..., -0.16890359,
          0.        ,  0.10905103],
        [-0.7103789 , -0.61858227, -0.51389325, ..., -0.27538053,
         -0.10905103,  0.        ]],

       ...,

       [[ 0.        , -0.86915308, -0.0338355 , ...,  0.9062095 ,
          0.91171921,  0.47391518],
        [ 0.86915308,  0.        ,  0.8519223 , ...,  0.81566281,
          0.80794467,  0.99972206],
        [ 0.0338355 , -0.8519223 ,  0.        , ...,  0.91999725,
          0.92509727,  0.50343837],
        ...,
        [-0.9062095 , -0.81566281, -0.91999725, ...,  0.        ,
          0.01321783, -0.59759628],
        [-0.91171921, -0.80794467, -0.92509727, ..., -0.01321783,
          0.        , -0.60814209],
        [-0.47391518, -0.99972206, -0.50343837, ...,  0.59759628,
          0.60814209,  0.        ]],

       [[ 0.        ,  0.02767339,  0.02061951, ...,  0.98910296,
          0.90639085,  0.97029818],
        [-0.02767339,  0.        , -0.00705589, ...,  0.99279838,
          0.91773407,  0.9766211 ],
        [-0.02061951,  0.00705589,  0.        , ...,  0.99192839,
          0.91490865,  0.97507999],
        ...,
        [-0.98910296, -0.99279838, -0.99192839, ...,  0.        ,
          0.28439297,  0.09642338],
        [-0.90639085, -0.91773407, -0.91490865, ..., -0.28439297,
          0.        , -0.19062596],
        [-0.97029818, -0.9766211 , -0.97507999, ..., -0.09642338,
          0.19062596,  0.        ]],

       [[ 0.        , -0.21237517, -0.43707571, ...,  0.90972232,
          0.97917674,  0.8620094 ],
        [ 0.21237517,  0.        , -0.23608976, ...,  0.97715174,
          0.99995417,  0.73469408],
        [ 0.43707571,  0.23608976,  0.        , ...,  0.99970808,
          0.96942635,  0.55376225],
        ...,
        [-0.90972232, -0.97715174, -0.99970808, ...,  0.        ,
          0.22188858,  0.81905234],
        [-0.97917674, -0.99995417, -0.96942635, ..., -0.22188858,
          0.        ,  0.67133337],
        [-0.8620094 , -0.73469408, -0.55376225, ..., -0.81905234,
         -0.67133337,  0.        ]]]), 'num': array([7.07081209e-01, 7.07081209e-01, 0.00000000e+00, 0.00000000e+00,
       8.30131706e-04, 8.58598611e-04, 8.08092811e-04, 8.18800959e-03,
       1.01011601e-05, 8.54925462e-04, 8.05383863e-04, 6.89143998e-04,
       4.84595064e-07, 9.66845275e-04, 6.43922452e-04])}
{'img': array([[[ 0.        ,  0.13873117,  0.17482404, ...,  0.63360751,
          0.86695947,  0.83375041],
        [-0.13873117,  0.        ,  0.03653884, ...,  0.73481059,
          0.92771669,  0.90228735],
        [-0.17482404, -0.03653884,  0.        , ...,  0.75910319,
          0.9407366 ,  0.91743801],
        ...,
        [-0.63360751, -0.73481059, -0.75910319, ...,  0.        ,
         -0.35495078, -0.29519387],
        [-0.86695947, -0.92771669, -0.9407366 , ...,  0.35495078,
          0.        ,  0.06316092],
        [-0.83375041, -0.90228735, -0.91743801, ...,  0.29519387,
         -0.06316092,  0.        ]],

       [[ 0.        , -0.14749973,  0.29372148, ..., -0.28364632,
          0.00284593, -0.13429059],
        [ 0.14749973,  0.        ,  0.43150245, ..., -0.13910206,
          0.15031393,  0.01334195],
        [-0.29372148, -0.43150245,  0.        , ..., -0.55279301,
         -0.29099989, -0.41942812],
        ...,
        [ 0.28364632,  0.13910206,  0.55279301, ...,  0.        ,
          0.28637421,  0.15230192],
        [-0.00284593, -0.15031393,  0.29099989, ..., -0.28637421,
          0.        , -0.13711019],
        [ 0.13429059, -0.01334195,  0.41942812, ..., -0.15230192,
          0.13711019,  0.        ]],

       [[ 0.        , -0.12687713, -0.26418407, ...,  0.70057672,
          0.61858227,  0.71778553],
        [ 0.12687713,  0.        , -0.13967958, ...,  0.60437835,
          0.51389325,  0.6236447 ],
        [ 0.26418407,  0.13967958,  0.        , ...,  0.48717112,
          0.38903073,  0.50834232],
        ...,
        [-0.70057672, -0.60437835, -0.48717112, ...,  0.        ,
          0.10905103, -0.02440878],
        [-0.61858227, -0.51389325, -0.38903073, ..., -0.10905103,
          0.        , -0.13328175],
        [-0.71778553, -0.6236447 , -0.50834232, ...,  0.02440878,
          0.13328175,  0.        ]],

       ...,

       [[ 0.        ,  0.8519223 ,  0.3626234 , ...,  0.80794467,
          0.99972206,  0.99975783],
        [-0.8519223 ,  0.        , -0.60404251, ...,  0.92509727,
          0.50343837,  0.54228915],
        [-0.3626234 ,  0.60404251,  0.        , ...,  0.9666314 ,
          0.9231278 ,  0.93969012],
        ...,
        [-0.80794467, -0.92509727, -0.9666314 , ...,  0.        ,
         -0.60814209, -0.57133569],
        [-0.99972206, -0.50343837, -0.9231278 , ...,  0.60814209,
          0.        ,  0.04556986],
        [-0.99975783, -0.54228915, -0.93969012, ...,  0.57133569,
         -0.04556986,  0.        ]],

       [[ 0.        , -0.00705589, -0.09611594, ...,  0.91773407,
          0.9766211 ,  0.99613668],
        [ 0.00705589,  0.        , -0.08909032, ...,  0.91490865,
          0.97507999,  0.99549226],
        [ 0.09611594,  0.08909032,  0.        , ...,  0.87530828,
          0.95143763,  0.98308416],
        ...,
        [-0.91773407, -0.91490865, -0.87530828, ...,  0.        ,
         -0.19062596, -0.31506886],
        [-0.9766211 , -0.97507999, -0.95143763, ...,  0.19062596,
          0.        , -0.1283742 ],
        [-0.99613668, -0.99549226, -0.98308416, ...,  0.31506886,
          0.1283742 ,  0.        ]],

       [[ 0.        , -0.21833761, -0.35092646, ...,  0.974001  ,
          0.99806626,  0.69320186],
        [ 0.21833761,  0.        , -0.13800776, ...,  0.99996458,
          0.96041456,  0.51911177],
        [ 0.35092646,  0.13800776,  0.        , ...,  0.99155766,
          0.91277903,  0.39618836],
        ...,
        [-0.974001  , -0.99996458, -0.99155766, ...,  0.        ,
          0.28664858,  0.85904541],
        [-0.99806626, -0.96041456, -0.91277903, ..., -0.28664858,
          0.        ,  0.67626103],
        [-0.69320186, -0.51911177, -0.39618836, ..., -0.85904541,
         -0.67626103,  0.        ]]]), 'num': array([ 7.07089628e-01,  7.07089628e-01,  0.00000000e+00,  0.00000000e+00,
        8.06265836e-04,  8.52180747e-04,  8.04429239e-04,  6.57874353e-03,
       -2.38757537e-05,  8.37487975e-04,  8.14576434e-04,  6.94187538e-04,
        4.16071046e-07,  9.52601850e-04,  6.76551019e-04])}
{'img': array([[[ 0.        ,  0.03653884, -0.2327356 , ...,  0.92771669,
          0.90228735,  0.95514684],
        [-0.03653884,  0.        , -0.26811567, ...,  0.9407366 ,
          0.91743801,  0.96532937],
        [ 0.2327356 ,  0.26811567,  0.        , ...,  0.81536491,
          0.77717007,  0.85999795],
        ...,
        [-0.92771669, -0.9407366 , -0.81536491, ...,  0.        ,
          0.06316092, -0.08181489],
        [-0.90228735, -0.91743801, -0.77717007, ..., -0.06316092,
          0.        , -0.14460071],
        [-0.95514684, -0.96532937, -0.85999795, ...,  0.08181489,
          0.14460071,  0.        ]],

       [[ 0.        ,  0.43150245,  0.05980854, ...,  0.15031393,
          0.01334195, -0.1018701 ],
        [-0.43150245,  0.        , -0.37677602, ..., -0.29099989,
         -0.41942812, -0.52115587],
        [-0.05980854,  0.37677602,  0.        , ...,  0.09091583,
         -0.04648516, -0.16118515],
        ...,
        [-0.15031393,  0.29099989, -0.09091583, ...,  0.        ,
         -0.13711019, -0.25024465],
        [-0.01334195,  0.41942812,  0.04648516, ...,  0.13711019,
          0.        , -0.11513358],
        [ 0.1018701 ,  0.52115587,  0.16118515, ...,  0.25024465,
          0.11513358,  0.        ]],

       [[ 0.        , -0.13967958, -0.39201595, ...,  0.51389325,
          0.6236447 ,  0.80086432],
        [ 0.13967958,  0.        , -0.25967352, ...,  0.38903073,
          0.50834232,  0.70936671],
        [ 0.39201595,  0.25967352,  0.        , ...,  0.13646792,
          0.26728521,  0.50200475],
        ...,
        [-0.51389325, -0.38903073, -0.13646792, ...,  0.        ,
         -0.13328175, -0.37928193],
        [-0.6236447 , -0.50834232, -0.26728521, ...,  0.13328175,
          0.        , -0.25257495],
        [-0.80086432, -0.70936671, -0.50200475, ...,  0.37928193,
          0.25257495,  0.        ]],

       ...,

       [[ 0.        , -0.81649767, -0.54121921, ...,  0.52762769,
          0.5671391 ,  0.34377864],
        [ 0.81649767,  0.        ,  0.37410559, ...,  0.99822013,
          0.9999225 ,  0.96521288],
        [ 0.54121921, -0.37410559,  0.        , ...,  0.90342497,
          0.92265686,  0.7973094 ],
        ...,
        [-0.52762769, -0.99822013, -0.90342497, ...,  0.        ,
          0.04720512, -0.20343755],
        [-0.5671391 , -0.9999225 , -0.92265686, ..., -0.04720512,
          0.        , -0.24942872],
        [-0.34377864, -0.96521288, -0.7973094 , ...,  0.20343755,
          0.24942872,  0.        ]],

       [[ 0.        , -0.08909032, -0.15496614, ...,  0.97507999,
          0.99549226,  0.99420202],
        [ 0.08909032,  0.        , -0.06633583, ...,  0.95143763,
          0.98308416,  0.99982836],
        [ 0.15496614,  0.06633583,  0.        , ...,  0.92892102,
          0.96876908,  0.99885509],
        ...,
        [-0.97507999, -0.95143763, -0.92892102, ...,  0.        ,
         -0.1283742 , -0.32541598],
        [-0.99549226, -0.98308416, -0.96876908, ...,  0.1283742 ,
          0.        , -0.20133651],
        [-0.99420202, -0.99982836, -0.99885509, ...,  0.32541598,
          0.20133651,  0.        ]],

       [[ 0.        , -0.12695739, -0.48215045, ...,  0.99999926,
          0.96098303,  0.48215045],
        [ 0.12695739,  0.        , -0.36702306, ...,  0.9920615 ,
          0.91808957,  0.36702306],
        [ 0.48215045,  0.36702306,  0.        , ...,  0.87667287,
          0.70853976,  0.        ],
        ...,
        [-0.99999926, -0.9920615 , -0.87667287, ...,  0.        ,
          0.27777327,  0.87667287],
        [-0.96098303, -0.91808957, -0.70853976, ..., -0.27777327,
          0.        ,  0.70853976],
        [-0.48215045, -0.36702306, -0.        , ..., -0.87667287,
         -0.70853976,  0.        ]]]), 'num': array([ 7.19771049e-01,  6.94114849e-01,  3.09110842e-07, -4.99978575e-12,
        7.77460602e-04,  8.61763559e-04,  7.66220207e-04,  1.13554959e-02,
       -4.49615770e-05,  8.34224593e-04,  8.35863817e-04,  7.12406820e-04,
        3.22926090e-07,  9.60881835e-04,  7.10845798e-04])}
{'img': array([[[ 0.        , -0.26811567,  0.33658294, ...,  0.91743801,
          0.96532937,  0.99972539],
        [ 0.26811567,  0.        ,  0.57673168, ...,  0.77717007,
          0.85999795,  0.95683921],
        [-0.33658294, -0.57673168,  0.        , ...,  0.99782821,
          0.99686598,  0.94928265],
        ...,
        [-0.91743801, -0.77717007, -0.99782821, ...,  0.        ,
         -0.14460071, -0.37627044],
        [-0.96532937, -0.85999795, -0.99686598, ...,  0.14460071,
          0.        , -0.23834188],
        [-0.99972539, -0.95683921, -0.94928265, ...,  0.37627044,
          0.23834188,  0.        ]],

       [[ 0.        , -0.37677602,  0.34280424, ..., -0.41942812,
         -0.52115587, -0.25913782],
        [ 0.37677602,  0.        ,  0.67148705, ..., -0.04648516,
         -0.16118515,  0.12386497],
        [-0.34280424, -0.67148705,  0.        , ..., -0.70520741,
         -0.78214763, -0.57453002],
        ...,
        [ 0.41942812,  0.04648516,  0.70520741, ...,  0.        ,
         -0.11513358,  0.16985825],
        [ 0.52115587,  0.16118515,  0.78214763, ...,  0.11513358,
          0.        ,  0.28218921],
        [ 0.25913782, -0.12386497,  0.57453002, ..., -0.16985825,
         -0.28218921,  0.        ]],

       [[ 0.        , -0.25967352, -0.01651992, ...,  0.50834232,
          0.70936671,  0.83044197],
        [ 0.25967352,  0.        ,  0.24368485, ...,  0.26728521,
          0.50200475,  0.65728942],
        [ 0.01651992, -0.24368485,  0.        , ...,  0.49404674,
          0.69762601,  0.82112531],
        ...,
        [-0.50834232, -0.26728521, -0.49404674, ...,  0.        ,
         -0.25257495, -0.43193921],
        [-0.70936671, -0.50200475, -0.69762601, ...,  0.25257495,
          0.        , -0.19013655],
        [-0.83044197, -0.65728942, -0.82112531, ...,  0.43193921,
          0.19013655,  0.        ]],

       ...,

       [[ 0.        ,  0.37410559,  0.86700654, ...,  0.9999225 ,
          0.96521288,  0.78224052],
        [-0.37410559,  0.        ,  0.61763422, ...,  0.92265686,
          0.7973094 ,  0.49237999],
        [-0.86700654, -0.61763422,  0.        , ...,  0.48746445,
          0.25427035, -0.15033681],
        ...,
        [-0.9999225 , -0.92265686, -0.48746445, ...,  0.        ,
         -0.24942872, -0.61318985],
        [-0.96521288, -0.7973094 , -0.25427035, ...,  0.24942872,
          0.        , -0.39677624],
        [-0.78224052, -0.49237999,  0.15033681, ...,  0.61318985,
          0.39677624,  0.        ]],

       [[ 0.        , -0.06633583, -0.20611269, ...,  0.98308416,
          0.99982836,  0.99142199],
        [ 0.06633583,  0.        , -0.14074721, ...,  0.96876908,
          0.99885509,  0.99790832],
        [ 0.20611269,  0.14074721,  0.        , ...,  0.92422519,
          0.98217895,  0.99707332],
        ...,
        [-0.98308416, -0.96876908, -0.92422519, ...,  0.        ,
         -0.20133651, -0.31007217],
        [-0.99982836, -0.99885509, -0.98217895, ...,  0.20133651,
          0.        , -0.11230931],
        [-0.99142199, -0.99790832, -0.99707332, ...,  0.31007217,
          0.11230931,  0.        ]],

       [[ 0.        , -0.3518008 , -0.12903103, ...,  0.97186803,
          0.81203515,  0.3518008 ],
        [ 0.3518008 ,  0.        ,  0.22807724, ...,  0.826883  ,
          0.55481177,  0.        ],
        [ 0.12903103, -0.22807724,  0.        , ...,  0.93335359,
          0.72994338,  0.22807724],
        ...,
        [-0.97186803, -0.826883  , -0.93335359, ...,  0.        ,
          0.37593503,  0.826883  ],
        [-0.81203515, -0.55481177, -0.72994338, ..., -0.37593503,
          0.        ,  0.55481177],
        [-0.3518008 , -0.        , -0.22807724, ..., -0.826883  ,
         -0.55481177,  0.        ]]]), 'num': array([ 7.11466940e-01,  7.02355537e-01,  1.20521206e-07, -1.94490645e-09,
        7.00877169e-04,  7.78752409e-04,  6.73064582e-04,  2.25105059e-02,
       -6.86043789e-05,  7.90062861e-04,  8.28815064e-04,  7.08185698e-04,
        2.48225920e-07,  9.45291926e-04,  7.12338203e-04])}
{'img': array([[[ 0.        ,  0.57673168,  0.64756087, ...,  0.85999795,
          0.95683921,  0.99884469],
        [-0.57673168,  0.        ,  0.0895368 , ...,  0.99686598,
          0.94928265,  0.78827504],
        [-0.64756087, -0.0895368 ,  0.        , ...,  0.98577893,
          0.91731736,  0.73001489],
        ...,
        [-0.85999795, -0.99686598, -0.98577893, ...,  0.        ,
         -0.23834188, -0.55103507],
        [-0.95683921, -0.94928265, -0.91731736, ...,  0.23834188,
          0.        , -0.33626293],
        [-0.99884469, -0.78827504, -0.73001489, ...,  0.55103507,
