state_0,state_1,state_2,state_3,state_4,state_5,state_6,state_7,state_8,state_9,state_10,state_11,state_12,state_13,state_14,state_15,state_16,state_17,state_18,state_19,state_20,state_21,state_22,state_23,state_24,state_25,state_26,state_27,state_28,state_29,state_30,state_31,state_32,state_33,state_34,state_35,state_36,state_37,state_38,state_39,state_40,state_41,state_42,state_43,state_44,state_45,state_46,state_47,state_48,state_49,state_50,state_51,state_52,state_53,state_54,state_55,state_56,state_57,state_58,state_59,state_60,state_61,state_62,state_63,state_64,state_65,state_66,state_67,state_68,state_69,state_70,state_71,state_72,state_73,state_74,state_75,state_76,state_77,state_78,state_79,state_80,state_81,state_82,state_83,state_84,state_85,state_86,state_87,state_88,state_89,state_90,state_91,state_92,state_93,state_94,state_95,state_96,state_97,state_98,state_99,state_100,state_101,state_102,state_103,state_104,state_105,state_106,state_107,state_108,state_109,state_110,state_111,state_112,state_113,state_114,state_115,state_116,state_117,state_118,state_119,state_120,state_121,state_122,state_123,state_124,state_125,state_126,state_127,state_128,state_129,state_130,state_131,state_132,state_133,state_134,state_135,state_136,state_137,state_138,state_139,state_140,state_141,state_142,state_143,state_144,state_145,state_146,state_147,state_148,state_149,state_150,state_151,state_152,state_153,state_154,state_155,state_156,state_157,state_158,state_159,state_160,state_161,state_162,state_163,state_164,state_165,state_166,state_167,state_168,state_169,state_170,state_171,state_172,state_173,state_174,state_175,state_176,state_177,state_178,state_179,state_180,state_181,state_182,state_183,state_184,state_185,state_186,state_187,state_188,state_189,state_190,state_191,state_192,state_193,state_194,state_195,state_196,state_197,state_198,state_199,state_200,state_201,state_202,state_203,state_204,state_205,state_206,state_207,state_208,state_209,state_210,state_211,state_212,state_213,state_214,state_215,state_216,state_217,state_218,state_219,state_220,state_221,state_222,state_223,state_224,state_225,state_226,state_227,state_228,state_229,state_230,state_231,state_232,state_233,state_234,state_235,state_236,state_237,state_238,state_239,state_240,state_241,state_242,state_243,state_244,state_245,state_246,state_247,state_248,state_249,state_250,state_251,state_252,state_253,state_254,state_255,state_256,state_257,state_258,state_259,state_260,state_261,state_262,state_263,state_264,state_265,state_266,state_267,state_268,state_269,state_270,state_271,state_272,state_273,state_274,state_275,state_276,state_277,state_278,state_279,state_280,state_281,state_282,state_283,state_284,state_285,state_286,state_287
{'img': array([[[ 0.00000000e+00,  2.74828688e-01,  2.11786348e-01, ...,
          9.96396070e-01,  9.95947697e-01,  9.99790211e-01],
        [-2.74828688e-01,  0.00000000e+00, -6.49633360e-02, ...,
          9.81339737e-01,  9.32880414e-01,  9.66920684e-01],
        [-2.11786348e-01,  6.49633360e-02,  0.00000000e+00, ...,
          9.91758078e-01,  9.54308746e-01,  9.81448878e-01],
        ...,
        [-9.96396070e-01, -9.81339737e-01, -9.91758078e-01, ...,
          0.00000000e+00, -1.74089079e-01, -6.43960927e-02],
        [-9.95947697e-01, -9.32880414e-01, -9.54308746e-01, ...,
          1.74089079e-01,  0.00000000e+00,  1.10314985e-01],
        [-9.99790211e-01, -9.66920684e-01, -9.81448878e-01, ...,
          6.43960927e-02, -1.10314985e-01,  0.00000000e+00]],

       [[ 0.00000000e+00,  1.75312357e-01,  2.69918599e-02, ...,
          4.50320554e-02,  2.85575685e-02, -1.15873662e-01],
        [-1.75312357e-01,  0.00000000e+00, -1.48674649e-01, ...,
         -1.30799872e-01, -1.47125562e-01, -2.88210557e-01],
        [-2.69918599e-02,  1.48674649e-01,  0.00000000e+00, ...,
          1.80511703e-02,  1.56631242e-03, -1.42641485e-01],
        ...,
        [-4.50320554e-02,  1.30799872e-01, -1.80511703e-02, ...,
          0.00000000e+00, -1.64850910e-02, -1.60484831e-01],
        [-2.85575685e-02,  1.47125562e-01, -1.56631242e-03, ...,
          1.64850910e-02,  0.00000000e+00, -1.44191606e-01],
        [ 1.15873662e-01,  2.88210557e-01,  1.42641485e-01, ...,
          1.60484831e-01,  1.44191606e-01,  0.00000000e+00]],

       [[ 0.00000000e+00,  7.62259829e-02,  2.06141253e-01, ...,
          9.68080663e-01,  9.60257842e-01,  9.27188360e-01],
        [-7.62259829e-02,  0.00000000e+00,  1.30952679e-01, ...,
          9.84369290e-01,  9.78739810e-01,  9.53044673e-01],
        [-2.06141253e-01, -1.30952679e-01,  0.00000000e+00, ...,
          9.98955469e-01,  9.97170662e-01,  9.84494009e-01],
        ...,
        [-9.68080663e-01, -9.84369290e-01, -9.98955469e-01, ...,
          0.00000000e+00,  2.95273878e-02,  1.30249185e-01],
        [-9.60257842e-01, -9.78739810e-01, -9.97170662e-01, ...,
         -2.95273878e-02,  0.00000000e+00,  1.00916541e-01],
        [-9.27188360e-01, -9.53044673e-01, -9.84494009e-01, ...,
         -1.30249185e-01, -1.00916541e-01,  0.00000000e+00]],

       ...,

       [[ 0.00000000e+00,  7.80400989e-01,  3.79384743e-01, ...,
         -9.99273389e-01, -7.80400989e-01, -9.84991088e-01],
        [-7.80400989e-01,  0.00000000e+00, -4.84835980e-01, ...,
         -6.54569411e-01, -0.00000000e+00, -7.50595885e-01],
        [-3.79384743e-01,  4.84835980e-01,  0.00000000e+00, ...,
         -9.39026668e-01, -4.84835980e-01, -9.76835956e-01],
        ...,
        [ 9.99273389e-01,  6.54569411e-01,  9.39026668e-01, ...,
          0.00000000e+00, -6.54569411e-01,  1.34937628e-01],
        [ 7.80400989e-01,  0.00000000e+00,  4.84835980e-01, ...,
          6.54569411e-01,  0.00000000e+00,  7.50595885e-01],
        [ 9.84991088e-01,  7.50595885e-01,  9.76835956e-01, ...,
         -1.34937628e-01, -7.50595885e-01,  0.00000000e+00]],

       [[ 0.00000000e+00,  4.06920579e-01,  5.30317038e-01, ...,
          6.58219629e-01,  6.57616783e-01,  6.52527172e-01],
        [-4.06920579e-01,  0.00000000e+00,  1.39438254e-01, ...,
          9.07600007e-01,  9.07263639e-01,  9.04410087e-01],
        [-5.30317038e-01, -1.39438254e-01,  0.00000000e+00, ...,
          9.57274644e-01,  9.57042849e-01,  9.55068015e-01],
        ...,
        [-6.58219629e-01, -9.07600007e-01, -9.57274644e-01, ...,
          0.00000000e+00,  8.00497463e-04,  7.53661959e-03],
        [-6.57616783e-01, -9.07263639e-01, -9.57042849e-01, ...,
         -8.00497463e-04,  0.00000000e+00,  6.73614245e-03],
        [-6.52527172e-01, -9.04410087e-01, -9.55068015e-01, ...,
         -7.53661959e-03, -6.73614245e-03,  0.00000000e+00]],

       [[ 0.00000000e+00,  2.91205785e-01,  4.20504580e-01, ...,
          1.65283812e-01,  1.49281140e-01,  0.00000000e+00],
        [-2.91205785e-01,  0.00000000e+00,  1.38071877e-01, ...,
          4.45321038e-01,  4.30754124e-01,  2.91205785e-01],
        [-4.20504580e-01, -1.38071877e-01,  0.00000000e+00, ...,
          5.64681398e-01,  5.51234086e-01,  4.20504580e-01],
        ...,
        [-1.65283812e-01, -4.45321038e-01, -5.64681398e-01, ...,
          0.00000000e+00,  1.62038394e-02,  1.65283812e-01],
        [-1.49281140e-01, -4.30754124e-01, -5.51234086e-01, ...,
         -1.62038394e-02,  0.00000000e+00,  1.49281140e-01],
        [-0.00000000e+00, -2.91205785e-01, -4.20504580e-01, ...,
         -1.65283812e-01, -1.49281140e-01,  0.00000000e+00]]]), 'num': array([7.07106533e-01, 7.07106533e-01, 0.00000000e+00, 0.00000000e+00,
       6.63153346e-05, 6.67008888e-05, 6.50044500e-05, 8.17984230e-04,
       6.16886833e-07, 6.59143581e-05, 6.57986918e-05, 6.12992735e-05,
       3.44867639e-07, 6.93090910e-05, 6.22882927e-05])}
{'img': array([[[ 0.        , -0.06496334, -0.27482869, ...,  0.93288041,
          0.96692068,  0.98824294],
        [ 0.06496334,  0.        , -0.21178635, ...,  0.95430875,
          0.98144888,  0.99608779],
        [ 0.27482869,  0.21178635,  0.        , ...,  0.9959477 ,
          0.99979021,  0.99220792],
        ...,
        [-0.93288041, -0.95430875, -0.9959477 , ...,  0.        ,
          0.11031498,  0.21332179],
        [-0.96692068, -0.98144888, -0.99979021, ..., -0.11031498,
          0.        ,  0.10424406],
        [-0.98824294, -0.99608779, -0.99220792, ..., -0.21332179,
         -0.10424406,  0.        ]],

       [[ 0.        , -0.14867465,  0.21747942, ..., -0.14712556,
         -0.28821056, -0.20022146],
        [ 0.14867465,  0.        ,  0.3601785 , ...,  0.00156631,
         -0.14264149, -0.05233214],
        [-0.21747942, -0.3601785 ,  0.        , ..., -0.35871687,
         -0.48956334, -0.40850475],
        ...,
        [ 0.14712556, -0.00156631,  0.35871687, ...,  0.        ,
         -0.14419161, -0.05389624],
        [ 0.28821056,  0.14264149,  0.48956334, ...,  0.14419161,
          0.        ,  0.09064901],
        [ 0.20022146,  0.05233214,  0.40850475, ...,  0.05389624,
         -0.09064901,  0.        ]],

       [[ 0.        ,  0.13095268,  0.16820009, ...,  0.97873981,
          0.95304467,  0.90899355],
        [-0.13095268,  0.        ,  0.03766467, ...,  0.99717066,
          0.98449401,  0.95574827],
        [-0.16820009, -0.03766467,  0.        , ...,  0.99929439,
          0.99040252,  0.96615051],
        ...,
        [-0.97873981, -0.99717066, -0.99929439, ...,  0.        ,
          0.10091654,  0.22150888],
        [-0.95304467, -0.98449401, -0.99040252, ..., -0.10091654,
          0.        ,  0.12196844],
        [-0.90899355, -0.95574827, -0.96615051, ..., -0.22150888,
         -0.12196844,  0.        ]],

       ...,

       [[ 0.        , -0.48483598, -0.68962131, ..., -0.        ,
         -0.75059588, -0.8082977 ],
        [ 0.48483598,  0.        , -0.25204255, ..., -0.48483598,
         -0.97683596, -0.99240011],
        [ 0.68962131,  0.25204255,  0.        , ..., -0.68962131,
         -0.9992344 , -0.99137619],
        ...,
        [ 0.        ,  0.48483598,  0.68962131, ...,  0.        ,
          0.75059588,  0.8082977 ],
        [ 0.75059588,  0.97683596,  0.9992344 , ..., -0.75059588,
          0.        ,  0.09216068],
        [ 0.8082977 ,  0.99240011,  0.99137619, ..., -0.8082977 ,
         -0.09216068,  0.        ]],

       [[ 0.        ,  0.36408377,  0.47741585, ...,  0.67018069,
          0.66503717,  0.67677283],
        [-0.36408377,  0.        ,  0.12473678, ...,  0.89440589,
          0.89129464,  0.89835887],
        [-0.47741585, -0.12473678,  0.        , ...,  0.94320976,
          0.94089224,  0.94613473],
        ...,
        [-0.67018069, -0.89440589, -0.94320976, ...,  0.        ,
          0.00690856, -0.00891783],
        [-0.66503717, -0.89129464, -0.94089224, ..., -0.00690856,
          0.        , -0.0158259 ],
        [-0.67677283, -0.89835887, -0.94613473, ...,  0.00891783,
          0.0158259 ,  0.        ]],

       [[ 0.        ,  0.30931008,  0.37106476, ...,  0.36142339,
          0.33128188,  0.        ],
        [-0.30931008,  0.        ,  0.0656407 , ...,  0.63210092,
          0.60688013,  0.30931008],
        [-0.37106476, -0.0656407 ,  0.        , ...,  0.68160174,
          0.65774208,  0.37106476],
        ...,
        [-0.36142339, -0.63210092, -0.68160174, ...,  0.        ,
          0.03212665,  0.36142339],
        [-0.33128188, -0.60688013, -0.65774208, ..., -0.03212665,
          0.        ,  0.33128188],
        [-0.        , -0.30931008, -0.37106476, ..., -0.36142339,
         -0.33128188,  0.        ]]]), 'num': array([7.07105919e-01, 7.07105919e-01, 0.00000000e+00, 0.00000000e+00,
       6.78574928e-05, 6.78574928e-05, 6.55441692e-05, 1.55000394e-03,
       1.54221575e-06, 6.61918998e-05, 6.60222561e-05, 6.14765752e-05,
       4.31029529e-07, 6.94581799e-05, 6.25863323e-05])}
{'img': array([[[ 0.        , -0.21178635, -0.65197349, ...,  0.98144888,
          0.99608779,  0.97572628],
        [ 0.21178635,  0.        , -0.47659887, ...,  0.99979021,
          0.99220792,  0.90721303],
        [ 0.65197349,  0.47659887,  0.        , ...,  0.8691745 ,
          0.81288976,  0.59705836],
        ...,
        [-0.98144888, -0.99979021, -0.8691745 , ...,  0.        ,
          0.10424406,  0.40200124],
        [-0.99608779, -0.99220792, -0.81288976, ..., -0.10424406,
          0.        ,  0.30436109],
        [-0.97572628, -0.90721303, -0.59705836, ..., -0.40200124,
         -0.30436109,  0.        ]],

       [[ 0.        ,  0.3601785 ,  0.09985938, ..., -0.14264149,
         -0.05233214,  0.21489944],
        [-0.3601785 ,  0.        , -0.26522101, ..., -0.48956334,
         -0.40850475, -0.15128723],
        [-0.09985938,  0.26522101,  0.        , ..., -0.24076677,
         -0.15179311,  0.11629899],
        ...,
        [ 0.14264149,  0.48956334,  0.24076677, ...,  0.        ,
          0.09064901,  0.35201081],
        [ 0.05233214,  0.40850475,  0.15179311, ..., -0.09064901,
          0.        ,  0.26571444],
        [-0.21489944,  0.15128723, -0.11629899, ..., -0.35201081,
         -0.26571444,  0.        ]],

       [[ 0.        ,  0.03766467, -0.24813911, ...,  0.98449401,
          0.95574827,  0.93487201],
        [-0.03766467,  0.        , -0.28444973, ...,  0.99040252,
          0.96615051,  0.94757905],
        [ 0.24813911,  0.28444973,  0.        , ...,  0.91017526,
          0.85285769,  0.81754768],
        ...,
        [-0.98449401, -0.99040252, -0.91017526, ...,  0.        ,
          0.12196844,  0.18548701],
        [-0.95574827, -0.96615051, -0.85285769, ..., -0.12196844,
          0.        ,  0.06425027],
        [-0.93487201, -0.94757905, -0.81754768, ..., -0.18548701,
         -0.06425027,  0.        ]],

       ...,

       [[ 0.        , -0.26777732, -0.60667765, ..., -0.96772226,
         -0.98693021, -0.90103593],
        [ 0.26777732,  0.        , -0.37165326, ..., -0.99986684,
         -0.99404018, -0.75198391],
        [ 0.60667765,  0.37165326,  0.        , ..., -0.92218317,
         -0.88232317, -0.45313358],
        ...,
        [ 0.96772226,  0.99986684,  0.92218317, ...,  0.        ,
          0.09277854,  0.64682244],
        [ 0.98693021,  0.99404018,  0.88232317, ..., -0.09277854,
          0.        ,  0.57327586],
        [ 0.90103593,  0.75198391,  0.45313358, ..., -0.64682244,
         -0.57327586,  0.        ]],

       [[ 0.        ,  0.32579945,  0.38428432, ...,  0.67500538,
          0.68683103,  0.66023018],
        [-0.32579945,  0.        ,  0.06253447, ...,  0.87855536,
          0.8861534 ,  0.86890332],
        [-0.38428432, -0.06253447,  0.        , ...,  0.90670485,
          0.913397  ,  0.89815613],
        ...,
        [-0.67500538, -0.87855536, -0.90670485, ...,  0.        ,
         -0.01614726,  0.0198455 ],
        [-0.68683103, -0.8861534 , -0.913397  , ...,  0.01614726,
          0.        ,  0.03598699],
        [-0.66023018, -0.86890332, -0.89815613, ..., -0.0198455 ,
         -0.03598699,  0.        ]],

       [[ 0.        ,  0.21081125,  0.37193578, ...,  0.4263134 ,
          0.27534941,  0.        ],
        [-0.21081125,  0.        ,  0.16788986, ...,  0.60742747,
          0.4718236 ,  0.21081125],
        [-0.37193578, -0.16788986,  0.        , ...,  0.73217303,
          0.61315373,  0.37193578],
        ...,
        [-0.4263134 , -0.60742747, -0.73217303, ...,  0.        ,
          0.16075959,  0.4263134 ],
        [-0.27534941, -0.4718236 , -0.61315373, ..., -0.16075959,
          0.        ,  0.27534941],
        [-0.        , -0.21081125, -0.37193578, ..., -0.4263134 ,
         -0.27534941,  0.        ]]]), 'num': array([ 7.07106351e-01,  7.07106351e-01,  0.00000000e+00,  0.00000000e+00,
        6.73177584e-05,  6.84744209e-05,  6.67779825e-05,  1.08754807e-03,
       -5.39775840e-07,  6.64386948e-05,  6.60801295e-05,  6.16501120e-05,
        3.74903504e-07,  6.95620828e-05,  6.25981761e-05])}
{'img': array([[[ 0.        , -0.47659887,  0.24399397, ...,  0.99220792,
          0.90721303,  0.95090429],
        [ 0.47659887,  0.        ,  0.6766947 , ...,  0.81288976,
          0.59705836,  0.68845957],
        [-0.24399397, -0.6766947 ,  0.        , ...,  0.99262014,
          0.98243542,  0.99767737],
        ...,
        [-0.99220792, -0.81288976, -0.99262014, ...,  0.        ,
          0.30436109,  0.18859744],
        [-0.90721303, -0.59705836, -0.98243542, ..., -0.30436109,
          0.        , -0.11924941],
        [-0.95090429, -0.68845957, -0.99767737, ..., -0.18859744,
          0.11924941,  0.        ]],

       [[ 0.        , -0.26522101, -0.3951382 , ..., -0.40850475,
         -0.15128723, -0.30109435],
        [ 0.26522101,  0.        , -0.1373496 , ..., -0.15179311,
          0.11629899, -0.03739819],
        [ 0.3951382 ,  0.1373496 ,  0.        , ..., -0.01459648,
          0.25161436,  0.10020976],
        ...,
        [ 0.40850475,  0.15179311,  0.01459648, ...,  0.        ,
          0.26571444,  0.11472209],
        [ 0.15128723, -0.11629899, -0.25161436, ..., -0.26571444,
          0.        , -0.15336205],
        [ 0.30109435,  0.03739819, -0.10020976, ..., -0.11472209,
          0.15336205,  0.        ]],

       [[ 0.        , -0.28444973, -0.14143256, ...,  0.96615051,
          0.94757905,  0.92642758],
        [ 0.28444973,  0.        ,  0.1460003 , ...,  0.85285769,
          0.81754768,  0.7810701 ],
        [ 0.14143256, -0.1460003 ,  0.        , ...,  0.91995203,
          0.89286315,  0.86386949],
        ...,
        [-0.96615051, -0.85285769, -0.91995203, ...,  0.        ,
          0.06425027,  0.1247307 ],
        [-0.94757905, -0.81754768, -0.89286315, ..., -0.06425027,
          0.        ,  0.06072447],
        [-0.92642758, -0.7810701 , -0.86386949, ..., -0.1247307 ,
         -0.06072447,  0.        ]],

       ...,

       [[ 0.        , -0.37165326, -0.25844003, ..., -0.99404018,
         -0.75198391, -0.9435241 ],
        [ 0.37165326,  0.        ,  0.1190988 , ..., -0.88232317,
         -0.45313358, -0.75281082],
        [ 0.25844003, -0.1190988 ,  0.        , ..., -0.9320963 ,
         -0.55607811, -0.82584785],
        ...,
        [ 0.99404018,  0.88232317,  0.9320963 , ...,  0.        ,
          0.57327586,  0.22647177],
        [ 0.75198391,  0.45313358,  0.55607811, ..., -0.57327586,
          0.        , -0.37281839],
        [ 0.9435241 ,  0.75281082,  0.82584785, ..., -0.22647177,
          0.37281839,  0.        ]],

       [[ 0.        ,  0.21253891,  0.38445804, ...,  0.69484914,
          0.66808861,  0.64823635],
        [-0.21253891,  0.        ,  0.17947048, ...,  0.83182217,
          0.81097084,  0.79526129],
        [-0.38445804, -0.17947048,  0.        , ...,  0.91792987,
          0.90280917,  0.89115592],
        ...,
        [-0.69484914, -0.83182217, -0.91792987, ...,  0.        ,
          0.03656493,  0.06290261],
        [-0.66808861, -0.81097084, -0.90280917, ..., -0.03656493,
          0.        ,  0.02636803],
        [-0.64823635, -0.79526129, -0.89115592, ..., -0.06290261,
         -0.02636803,  0.        ]],

       [[ 0.        ,  0.31160928,  0.4388034 , ...,  0.28208965,
          0.05560428,  0.        ],
        [-0.31160928,  0.        ,  0.13694869, ...,  0.56699872,
          0.36396294,  0.31160928],
        [-0.4388034 , -0.13694869,  0.        , ...,  0.67446373,
          0.48808958,  0.4388034 ],
        ...,
        [-0.28208965, -0.56699872, -0.67446373, ...,  0.        ,
          0.22830715,  0.28208965],
        [-0.05560428, -0.36396294, -0.48808958, ..., -0.22830715,
          0.        ,  0.05560428],
        [-0.        , -0.31160928, -0.4388034 , ..., -0.28208965,
         -0.05560428,  0.        ]]]), 'num': array([ 7.07106531e-01,  7.07106531e-01,  0.00000000e+00,  0.00000000e+00,
        6.71635538e-05,  6.75491081e-05,  6.59297802e-05,  8.19888866e-04,
       -1.54221708e-07,  6.68705326e-05,  6.60030355e-05,  6.18351938e-05,
        4.29478174e-07,  6.93130498e-05,  6.26930212e-05])}
{'img': array([[[ 0.        ,  0.6766947 ,  0.40999468, ...,  0.59705836,
          0.68845957,  0.71089644],
        [-0.6766947 ,  0.        , -0.31534083, ...,  0.98243542,
          0.99767737,  0.99932442],
        [-0.40999468,  0.31534083,  0.        , ...,  0.87346655,
          0.92529443,  0.93674796],
        ...,
        [-0.59705836, -0.98243542, -0.87346655, ...,  0.        ,
         -0.11924941, -0.15037038],
        [-0.68845957, -0.99767737, -0.92529443, ...,  0.11924941,
          0.        , -0.03140388],
        [-0.71089644, -0.99932442, -0.93674796, ...,  0.15037038,
          0.03140388,  0.        ]],

       [[ 0.        , -0.1373496 , -0.17923843, ...,  0.11629899,
         -0.03739819, -0.15087569],
        [ 0.1373496 ,  0.        , -0.04241441, ...,  0.25161436,
          0.10020976, -0.01366846],
        [ 0.17923843,  0.04241441,  0.        , ...,  0.29243777,
          0.14232049,  0.02875429],
        ...,
        [-0.11629899, -0.25161436, -0.29243777, ...,  0.        ,
         -0.15336205, -0.26481957],
        [ 0.03739819, -0.10020976, -0.14232049, ...,  0.15336205,
          0.        , -0.11380005],
        [ 0.15087569,  0.01366846, -0.02875429, ...,  0.26481957,
          0.11380005,  0.        ]],

       [[ 0.        ,  0.1460003 , -0.16158135, ...,  0.81754768,
          0.7810701 ,  0.70226749],
        [-0.1460003 ,  0.        , -0.3039317 , ...,  0.89286315,
          0.86386949,  0.79868191],
        [ 0.16158135,  0.3039317 ,  0.        , ...,  0.71375622,
          0.66990796,  0.57800738],
        ...,
        [-0.81754768, -0.89286315, -0.71375622, ...,  0.        ,
          0.06072447,  0.17761456],
        [-0.7810701 , -0.86386949, -0.66990796, ..., -0.06072447,
          0.        ,  0.11752783],
        [-0.70226749, -0.79868191, -0.57800738, ..., -0.17761456,
         -0.11752783,  0.        ]],

       ...,

       [[ 0.        ,  0.1190988 , -0.04172656, ..., -0.45313358,
         -0.75281082, -0.46227469],
        [-0.1190988 ,  0.        , -0.16042465, ..., -0.55607811,
         -0.82584785, -0.5645937 ],
        [ 0.04172656,  0.16042465,  0.        , ..., -0.41554209,
         -0.7246892 , -0.4248716 ],
        ...,
        [ 0.45313358,  0.55607811,  0.41554209, ...,  0.        ,
         -0.37281839, -0.01028116],
        [ 0.75281082,  0.82584785,  0.7246892 , ...,  0.37281839,
          0.        ,  0.36325876],
        [ 0.46227469,  0.5645937 ,  0.4248716 , ...,  0.01028116,
         -0.36325876,  0.        ]],

       [[ 0.        ,  0.32601169,  0.38046794, ...,  0.67136772,
          0.65146062,  0.69750548],
        [-0.32601169,  0.        ,  0.05818766, ...,  0.87630326,
          0.8632079 ,  0.89301106],
        [-0.38046794, -0.05818766,  0.        , ...,  0.90285099,
          0.89112129,  0.91768446],
        ...,
        [-0.67136772, -0.87630326, -0.90285099, ...,  0.        ,
          0.02654154, -0.03585003],
        [-0.65146062, -0.8632079 , -0.89112129, ..., -0.02654154,
          0.        , -0.06236187],
        [-0.69750548, -0.89301106, -0.91768446, ...,  0.03585003,
          0.06236187,  0.        ]],

       [[ 0.        ,  0.32008168,  0.45087598, ...,  0.16816057,
          0.15864193,  0.        ],
        [-0.32008168,  0.        ,  0.14145475, ...,  0.47483723,
          0.46632399,  0.32008168],
        [-0.45087598, -0.14145475,  0.        , ...,  0.59455321,
          0.58676783,  0.45087598],
        ...,
        [-0.16816057, -0.47483723, -0.59455321, ...,  0.        ,
          0.00964821,  0.16816057],
        [-0.15864193, -0.46632399, -0.58676783, ..., -0.00964821,
          0.        ,  0.15864193],
        [-0.        , -0.32008168, -0.45087598, ..., -0.16816057,
         -0.15864193,  0.        ]]]), 'num': array([ 7.20042803e-01,  6.93914199e-01,  2.81255164e-06, -3.79332184e-12,
        7.27816289e-05,  7.28599729e-05,  6.82376736e-05,  4.62694516e-03,
        4.54395530e-06,  6.91464646e-05,  6.71800288e-05,  6.31022206e-05,
        5.95741266e-07,  7.11335714e-05,  6.32264862e-05])}
{'img': array([[[ 0.        , -0.53649667,  0.16126073, ...,  0.99545155,
          0.99314113,  0.53649667],
        [ 0.53649667,  0.        ,  0.66556324, ...,  0.89117559,
          0.90084236,  0.        ],
        [-0.16126073, -0.66556324,  0.        , ...,  0.96705974,
          0.96128785,  0.66556324],
        ...,
        [-0.99545155, -0.89117559, -0.96705974, ...,  0.        ,
         -0.0217742 ,  0.89117559],
        [-0.99314113, -0.90084236, -0.96128785, ...,  0.0217742 ,
          0.        ,  0.90084236],
        [-0.53649667, -0.        , -0.66556324, ..., -0.89117559,
         -0.90084236,  0.        ]],

       [[ 0.        , -0.04241441,  0.15347294, ...,  0.10020976,
         -0.01366846,  0.79244316],
        [ 0.04241441,  0.        ,  0.19524675, ...,  0.14232049,
          0.02875429,  0.81760053],
        [-0.15347294, -0.19524675,  0.        , ..., -0.05367785,
         -0.16696513,  0.6894448 ],
        ...,
        [-0.10020976, -0.14232049,  0.05367785, ...,  0.        ,
         -0.11380005,  0.72733175],
        [ 0.01366846, -0.02875429,  0.16696513, ...,  0.11380005,
          0.        ,  0.80070615],
        [-0.79244316, -0.81760053, -0.6894448 , ..., -0.72733175,
         -0.80070615,  0.        ]],

       [[ 0.        , -0.30257682, -0.05670895, ...,  0.87473352,
          0.81444016,  0.30257682],
        [ 0.30257682,  0.        ,  0.24803919, ...,  0.68710038,
          0.60069382,  0.        ],
        [ 0.05670895, -0.24803919,  0.        , ...,  0.84584446,
          0.7802243 ,  0.24803919],
        ...,
        [-0.87473352, -0.68710038, -0.84584446, ...,  0.        ,
          0.11288084,  0.68710038],
        [-0.81444016, -0.60069382, -0.7802243 , ..., -0.11288084,
          0.        ,  0.60069382],
        [-0.30257682, -0.        , -0.24803919, ..., -0.68710038,
         -0.60069382,  0.        ]],

       ...,

       [[ 0.        , -0.15810967,  0.007339  , ..., -0.82074486,
         -0.5591305 ,  0.84616943],
        [ 0.15810967,  0.        ,  0.1653521 , ..., -0.72009392,
         -0.421012  ,  0.91978479],
        [-0.007339  , -0.1653521 ,  0.        , ..., -0.82491549,
         -0.56520006,  0.84223559],
        ...,
        [ 0.82074486,  0.72009392,  0.82491549, ...,  0.        ,
          0.36103446,  0.92079869],
        [ 0.5591305 ,  0.421012  ,  0.56520006, ..., -0.36103446,
          0.        ,  0.99951032],
        [-0.84616943, -0.91978479, -0.84223559, ..., -0.92079869,
         -0.99951032,  0.        ]],

       [[ 0.        ,  0.20457623,  0.34042434, ...,  0.65927123,
          0.70559054,  0.5571333 ],
        [-0.20457623,  0.        ,  0.14086729, ...,  0.79915   ,
          0.83563451,  0.71523511],
        [-0.34042434, -0.14086729,  0.        , ...,  0.87586105,
          0.90467839,  0.80655302],
        ...,
        [-0.65927123, -0.79915   , -0.87586105, ...,  0.        ,
         -0.06336458,  0.12856261],
        [-0.70559054, -0.83563451, -0.90467839, ...,  0.06336458,
          0.        ,  0.19114299],
        [-0.5571333 , -0.71523511, -0.80655302, ..., -0.12856261,
         -0.19114299,  0.        ]],

       [[ 0.        ,  0.33075657,  0.51217226, ...,  0.16075671,
          0.        ,  0.35022115],
        [-0.33075657,  0.        ,  0.1992641 , ...,  0.47816347,
          0.33075657,  0.64031812],
        [-0.51217226, -0.1992641 ,  0.        , ...,  0.64358215,
          0.51217226,  0.78053378],
        ...,
        [-0.16075671, -0.47816347, -0.64358215, ...,  0.        ,
          0.16075671, -0.19509068],
        [-0.        , -0.33075657, -0.51217226, ..., -0.16075671,
          0.        , -0.35022115],
        [-0.35022115, -0.64031812, -0.78053378, ...,  0.19509068,
          0.35022115,  0.        ]]]), 'num': array([ 7.09782100e-01,  7.04327060e-01,  7.03876123e-07,  1.71811837e-09,
        5.99454940e-05,  7.18572437e-05,  5.99454940e-05,  1.15208433e-02,
       -1.19117498e-05,  6.69533156e-05,  6.59284410e-05,  6.23458920e-05,
        3.18495983e-07,  7.06446452e-05,  6.12122369e-05])}
{'img': array([[[ 0.        ,  0.66556324,  0.83436026, ...,  0.90084236,
          0.        ,  0.86461265],
        [-0.66556324,  0.        ,  0.25584622, ...,  0.96128785,
          0.66556324,  0.31089132],
        [-0.83436026, -0.25584622,  0.        , ...,  0.85879634,
          0.83436026,  0.0573762 ],
        ...,
        [-0.90084236, -0.96128785, -0.85879634, ...,  0.        ,
          0.90084236, -0.82798677],
        [-0.        , -0.66556324, -0.83436026, ..., -0.90084236,
          0.        , -0.86461265],
        [-0.86461265, -0.31089132, -0.0573762 , ...,  0.82798677,
          0.86461265,  0.        ]],

       [[ 0.        ,  0.19524675,  0.55215036, ...,  0.02875429,
          0.81760053,  0.54438223],
        [-0.19524675,  0.        ,  0.37873785, ..., -0.16696513,
          0.6894448 ,  0.69768538],
        [-0.55215036, -0.37873785,  0.        , ..., -0.52794832,
          0.36374962,  0.91704003],
        ...,
        [-0.02875429,  0.16696513,  0.52794832, ...,  0.        ,
          0.80070615,  0.5682773 ],
        [-0.81760053, -0.6894448 , -0.36374962, ..., -0.80070615,
          0.        ,  0.99928141],
        [-0.54438223, -0.69768538, -0.91704003, ..., -0.5682773 ,
         -0.99928141,  0.        ]],

       [[ 0.        ,  0.24803919,  0.51569733, ...,  0.60069382,
          0.        ,  0.62746368],
        [-0.24803919,  0.        ,  0.28706905, ...,  0.7802243 ,
          0.24803919,  0.80099012],
        [-0.51569733, -0.28706905,  0.        , ...,  0.92694622,
          0.51569733,  0.93913816],
        ...,
        [-0.60069382, -0.7802243 , -0.92694622, ...,  0.        ,
          0.60069382, -0.0339164 ],
        [-0.        , -0.24803919, -0.51569733, ..., -0.60069382,
          0.        , -0.62746368],
        [-0.62746368, -0.80099012, -0.93913816, ...,  0.0339164 ,
          0.62746368,  0.        ]],

       ...,

       [[ 0.        ,  0.1653521 ,  0.15702084, ..., -0.421012  ,
          0.91978479, -0.95739895],
        [-0.1653521 ,  0.        , -0.00844157, ..., -0.56520006,
          0.84223559, -0.99196845],
        [-0.15702084,  0.00844157,  0.        , ..., -0.55821602,
          0.84675651, -0.99086537],
        ...,
        [ 0.421012  ,  0.56520006,  0.55821602, ...,  0.        ,
          0.99951032, -0.74683857],
        [-0.91978479, -0.84223559, -0.84675651, ..., -0.99951032,
          0.        , -0.6413104 ],
        [ 0.95739895,  0.99196845,  0.99086537, ...,  0.74683857,
          0.6413104 ,  0.        ]],

       [[ 0.        ,  0.27651723,  0.47265178, ...,  0.70870435,
          0.55982526,  0.43339935],
        [-0.27651723,  0.        ,  0.21054199, ...,  0.87615568,
          0.76712223,  0.66569853],
        [-0.47265178, -0.21054199,  0.        , ...,  0.95800368,
          0.88498993,  0.80788758],
        ...,
        [-0.70870435, -0.87615568, -0.95800368, ...,  0.        ,
          0.19228015,  0.3329201 ],
        [-0.55982526, -0.76712223, -0.88498993, ..., -0.19228015,
          0.        ,  0.14539631],
        [-0.43339935, -0.66569853, -0.80788758, ..., -0.3329201 ,
         -0.14539631,  0.        ]],

       [[ 0.        ,  0.40860765,  0.53630123, ...,  0.        ,
          0.35508737,  0.64470864],
        [-0.40860765,  0.        ,  0.14461182, ...,  0.40860765,
          0.70607181,  0.9007834 ],
        [-0.53630123, -0.14461182,  0.        , ...,  0.53630123,
          0.80105536,  0.95411516],
        ...,
        [-0.        , -0.40860765, -0.53630123, ...,  0.        ,
         -0.35508737, -0.64470864],
        [-0.35508737, -0.70607181, -0.80105536, ...,  0.35508737,
          0.        , -0.33125612],
        [-0.64470864, -0.9007834 , -0.95411516, ...,  0.64470864,
          0.33125612,  0.        ]]]), 'num': array([ 7.07192331e-01,  7.07013380e-01,  2.31203303e-08,  5.24682740e-10,
        5.96504521e-05,  6.11147396e-05,  5.91109777e-05,  3.32505800e-03,
       -7.70677675e-08,  6.50760229e-05,  6.52763991e-05,  6.21834127e-05,
        3.13727195e-07,  7.05412051e-05,  6.00115931e-05])}
{'img': array([[[ 0.        ,  0.26338803,  0.11430566, ...,  0.6457525 ,
          0.31946364,  0.30849559],
        [-0.26338803,  0.        , -0.15139216, ...,  0.82406005,
          0.05859726,  0.04706112],
        [-0.11430566,  0.15139216,  0.        , ...,  0.72879771,
          0.20905389,  0.19774311],
        ...,
        [-0.6457525 , -0.82406005, -0.72879771, ...,  0.        ,
         -0.85583956, -0.84980724],
        [-0.31946364, -0.05859726, -0.20905389, ...,  0.85583956,
          0.        , -0.01155208],
        [-0.30849559, -0.04706112, -0.19774311, ...,  0.84980724,
          0.01155208,  0.        ]],

       [[ 0.        ,  0.37873785,  0.0140331 , ...,  0.6894448 ,
          0.69768538,  0.50011916],
        [-0.37873785,  0.        , -0.36571286, ...,  0.36374962,
          0.91704003,  0.13489174],
        [-0.0140331 ,  0.36571286,  0.        , ...,  0.6792122 ,
          0.70767005,  0.48791786],
        ...,
        [-0.6894448 , -0.36374962, -0.6792122 , ...,  0.        ,
          0.99928141, -0.23477385],
        [-0.69768538, -0.91704003, -0.70767005, ..., -0.99928141,
          0.        , -0.96245277],
        [-0.50011916, -0.13489174, -0.48791786, ...,  0.23477385,
          0.96245277,  0.        ]],

       [[ 0.        ,  0.36316092,  0.53885803, ...,  0.12549018,
          0.72310417,  0.92338948],
        [-0.36316092,  0.        ,  0.19614275, ...,  0.4772126 ,
          0.92458468,  0.99975093],
        [-0.53885803, -0.19614275,  0.        , ...,  0.64031078,
          0.98135074,  0.98470856],
        ...,
        [-0.12549018, -0.4772126 , -0.64031078, ...,  0.        ,
         -0.63070697, -0.86791875],
        [-0.72310417, -0.92458468, -0.98135074, ...,  0.63070697,
          0.        , -0.36024719],
        [-0.92338948, -0.99975093, -0.98470856, ...,  0.86791875,
          0.36024719,  0.        ]],

       ...,

       [[ 0.        , -0.00844157, -0.23169694, ...,  0.84223559,
         -0.99196845, -0.99604864],
        [ 0.00844157,  0.        , -0.22347683, ...,  0.84675651,
         -0.99086537, -0.99526346],
        [ 0.23169694,  0.22347683,  0.        , ...,  0.94422674,
         -0.93566871, -0.94836733],
        ...,
        [-0.84223559, -0.84675651, -0.94422674, ...,  0.        ,
         -0.6413104 , -0.61177783],
        [ 0.99196845,  0.99086537,  0.93566871, ...,  0.6413104 ,
          0.        , -0.0378897 ],
        [ 0.99604864,  0.99526346,  0.94836733, ...,  0.61177783,
          0.0378897 ,  0.        ]],

       [[ 0.        ,  0.39506203,  0.42327081, ...,  0.56483637,
          0.43746063,  0.37569912],
        [-0.39506203,  0.        ,  0.03091214, ...,  0.84489579,
          0.75712978,  0.71125812],
        [-0.42327081, -0.03091214,  0.        , ...,  0.86102788,
          0.77696175,  0.73264732],
        ...,
        [-0.56483637, -0.84489579, -0.86102788, ...,  0.        ,
          0.14692829,  0.21342941],
        [-0.43746063, -0.75712978, -0.77696175, ..., -0.14692829,
          0.        ,  0.06757025],
        [-0.37569912, -0.71125812, -0.73264732, ..., -0.21342941,
         -0.06757025,  0.        ]],

       [[ 0.        ,  0.37212649,  0.58639812, ...,  0.36282033,
          0.65724422,  0.7929622 ],
        [-0.37212649,  0.        ,  0.24285318, ...,  0.68353277,
          0.8905057 ,  0.96273908],
        [-0.58639812, -0.24285318,  0.        , ...,  0.84033324,
          0.9743381 ,  0.99959288],
        ...,
        [-0.36282033, -0.68353277, -0.84033324, ...,  0.        ,
         -0.33900943, -0.51787321],
        [-0.65724422, -0.8905057 , -0.9743381 , ...,  0.33900943,
          0.        , -0.19719817],
        [-0.7929622 , -0.96273908, -0.99959288, ...,  0.51787321,
          0.19719817,  0.        ]]]), 'num': array([7.07162450e-01, 7.07036836e-01, 1.54127665e-08, 5.24302987e-10,
       6.28070236e-05, 6.39629811e-05, 5.98785979e-05, 4.48878330e-03,
       3.15961714e-06, 6.41787598e-05, 6.51112322e-05, 6.22637236e-05,
       3.66873033e-07, 7.04692250e-05, 5.97532393e-05])}
{'img': array([[[ 0.        , -0.15139216,  0.01190697, ...,  0.05859726,
          0.04706112,  0.46070487],
        [ 0.15139216,  0.        ,  0.16315116, ...,  0.20905389,
          0.19774311,  0.58976331],
        [-0.01190697, -0.16315116,  0.        , ...,  0.0467066 ,
          0.03516401,  0.45010414],
        ...,
        [-0.05859726, -0.20905389, -0.0467066 , ...,  0.        ,
         -0.01155208,  0.40790504],
        [-0.04706112, -0.19774311, -0.03516401, ...,  0.01155208,
          0.        ,  0.41842515],
        [-0.46070487, -0.58976331, -0.45010414, ..., -0.40790504,
         -0.41842515,  0.        ]],

       [[ 0.        , -0.36571286, -0.35826117, ...,  0.91704003,
          0.13489174,  0.35291689],
        [ 0.36571286,  0.        ,  0.00799376, ...,  0.70767005,
          0.48791786,  0.67065049],
        [ 0.35826117, -0.00799376,  0.        , ...,  0.71329538,
          0.4809246 ,  0.6646995 ],
        ...,
        [-0.91704003, -0.70767005, -0.71329538, ...,  0.        ,
         -0.96245277, -0.99877434],
        [-0.13489174, -0.48791786, -0.4809246 , ...,  0.96245277,
          0.        ,  0.22347926],
        [-0.35291689, -0.67065049, -0.6646995 , ...,  0.99877434,
         -0.22347926,  0.        ]],

       [[ 0.        ,  0.19614275,  0.31147852, ...,  0.92458468,
          0.99975093,  0.98929663],
        [-0.19614275,  0.        ,  0.11904289, ...,  0.98135074,
          0.98470856,  0.94145906],
        [-0.31147852, -0.11904289,  0.        , ...,  0.99725557,
          0.95696797,  0.89463184],
        ...,
        [-0.92458468, -0.98135074, -0.99725557, ...,  0.        ,
         -0.36024719, -0.51181277],
        [-0.99975093, -0.98470856, -0.95696797, ...,  0.36024719,
          0.        , -0.16796078],
        [-0.98929663, -0.94145906, -0.89463184, ...,  0.51181277,
          0.16796078,  0.        ]],

       ...,

       [[ 0.        , -0.22347683, -0.44249212, ..., -0.99086537,
         -0.99526346, -0.85108425],
        [ 0.22347683,  0.        , -0.23089331, ..., -0.93566871,
         -0.94836733, -0.71222784],
        [ 0.44249212,  0.23089331,  0.        , ..., -0.82890851,
         -0.8495082 , -0.53090761],
        ...,
        [ 0.99086537,  0.93566871,  0.82890851, ...,  0.        ,
         -0.0378897 ,  0.40546038],
        [ 0.99526346,  0.94836733,  0.8495082 , ...,  0.0378897 ,
          0.        ,  0.43980468],
        [ 0.85108425,  0.71222784,  0.53090761, ..., -0.40546038,
         -0.43980468,  0.        ]],

       [[ 0.        ,  0.03896193,  0.15312433, ...,  0.69854066,
          0.64815156,  0.6719488 ],
        [-0.03896193,  0.        ,  0.11450561, ...,  0.72589025,
          0.67732936,  0.70029369],
        [-0.15312433, -0.11450561,  0.        , ...,  0.79987395,
          0.75711378,  0.77742797],
        ...,
        [-0.69854066, -0.72589025, -0.79987395, ...,  0.        ,
          0.0681486 ,  0.0365109 ],
        [-0.64815156, -0.67732936, -0.75711378, ..., -0.0681486 ,
          0.        , -0.03167715],
        [-0.6719488 , -0.70029369, -0.77742797, ..., -0.0365109 ,
          0.03167715,  0.        ]],

       [[ 0.        ,  0.47968648,  0.62230188, ...,  0.66761907,
          0.80393472,  0.83143687],
        [-0.47968648,  0.        ,  0.17054483, ...,  0.94292369,
          0.99068242,  0.99605897],
        [-0.62230188, -0.17054483,  0.        , ...,  0.98590273,
          0.99939574,  0.99659284],
        ...,
        [-0.66761907, -0.94292369, -0.98590273, ...,  0.        ,
         -0.20148706, -0.24806528],
        [-0.80393472, -0.99068242, -0.99939574, ...,  0.20148706,
          0.        , -0.04778851],
        [-0.83143687, -0.99605897, -0.99659284, ...,  0.24806528,
