state_0,state_1,state_2,state_3,state_4,state_5,state_6,state_7,state_8,state_9,state_10,state_11,state_12,state_13,state_14,state_15,state_16,state_17,state_18,state_19,state_20,state_21,state_22,state_23,state_24,state_25,state_26,state_27,state_28,state_29,state_30,state_31,state_32,state_33,state_34,state_35,state_36,state_37,state_38,state_39,state_40,state_41,state_42,state_43,state_44,state_45,state_46,state_47,state_48,state_49,state_50,state_51,state_52,state_53,state_54,state_55,state_56,state_57,state_58,state_59,state_60,state_61,state_62,state_63,state_64,state_65,state_66,state_67,state_68,state_69,state_70,state_71,state_72,state_73,state_74,state_75,state_76,state_77,state_78,state_79,state_80,state_81,state_82,state_83,state_84,state_85,state_86,state_87,state_88,state_89,state_90,state_91,state_92,state_93,state_94,state_95,state_96,state_97,state_98,state_99,state_100,state_101,state_102,state_103,state_104,state_105,state_106,state_107,state_108,state_109,state_110,state_111,state_112,state_113,state_114,state_115,state_116,state_117,state_118,state_119,state_120,state_121,state_122,state_123,state_124,state_125,state_126,state_127,state_128,state_129,state_130,state_131,state_132,state_133,state_134,state_135,state_136,state_137,state_138,state_139,state_140,state_141,state_142,state_143,state_144,state_145,state_146,state_147,state_148,state_149,state_150,state_151,state_152,state_153,state_154,state_155,state_156,state_157,state_158,state_159,state_160,state_161,state_162,state_163,state_164,state_165,state_166,state_167,state_168,state_169,state_170,state_171,state_172,state_173,state_174,state_175,state_176,state_177,state_178,state_179,state_180,state_181,state_182,state_183,state_184,state_185,state_186,state_187,state_188,state_189,state_190,state_191,state_192,state_193,state_194,state_195,state_196,state_197,state_198,state_199,state_200,state_201,state_202,state_203,state_204,state_205,state_206,state_207,state_208,state_209,state_210,state_211,state_212,state_213,state_214,state_215,state_216,state_217,state_218,state_219,state_220,state_221,state_222,state_223,state_224,state_225,state_226,state_227,state_228,state_229,state_230,state_231,state_232,state_233,state_234,state_235,state_236,state_237,state_238,state_239,state_240,state_241,state_242,state_243,state_244,state_245,state_246,state_247,state_248,state_249,state_250,state_251,state_252,state_253,state_254,state_255,state_256,state_257,state_258,state_259,state_260,state_261,state_262,state_263,state_264,state_265,state_266,state_267,state_268,state_269,state_270,state_271,state_272,state_273,state_274,state_275,state_276,state_277,state_278,state_279,state_280,state_281,state_282,state_283,state_284,state_285,state_286,state_287
{'img': array([[[ 0.        , -0.20698536, -0.1294988 , ...,  0.15292216,
          0.21210167, -0.04523578],
        [ 0.20698536,  0.        ,  0.07854808, ...,  0.35416132,
          0.40978435,  0.16251732],
        [ 0.1294988 , -0.07854808,  0.        , ...,  0.27961015,
          0.33686808,  0.08451136],
        ...,
        [-0.15292216, -0.35416132, -0.27961015, ...,  0.        ,
          0.06016417, -0.19746934],
        [-0.21210167, -0.40978435, -0.33686808, ..., -0.06016417,
          0.        , -0.25609111],
        [ 0.04523578, -0.16251732, -0.08451136, ...,  0.19746934,
          0.25609111,  0.        ]],

       [[ 0.        ,  0.40584664,  0.18467679, ..., -0.14346439,
         -0.04772282, -0.35315594],
        [-0.40584664,  0.        , -0.23008206, ..., -0.53276636,
         -0.44900008, -0.70245946],
        [-0.18467679,  0.23008206,  0.        , ..., -0.3237631 ,
         -0.23136833, -0.51985847],
        ...,
        [ 0.14346439,  0.53276636,  0.3237631 , ...,  0.        ,
          0.09607177, -0.21528253],
        [ 0.04772282,  0.44900008,  0.23136833, ..., -0.09607177,
          0.        , -0.30810579],
        [ 0.35315594,  0.70245946,  0.51985847, ...,  0.21528253,
          0.30810579,  0.        ]],

       [[ 0.        ,  0.01239904, -0.01222181, ...,  0.11910652,
          0.2109523 ,  0.14833763],
        [-0.01239904,  0.        , -0.02461898, ...,  0.10678658,
          0.19881607,  0.13606436],
        [ 0.01222181,  0.02461898,  0.        , ...,  0.13123243,
          0.22288332,  0.16041315],
        ...,
        [-0.11910652, -0.10678658, -0.13123243, ...,  0.        ,
          0.09302445,  0.02949287],
        [-0.2109523 , -0.19881607, -0.22288332, ..., -0.09302445,
          0.        , -0.063619  ],
        [-0.14833763, -0.13606436, -0.16041315, ..., -0.02949287,
          0.063619  ,  0.        ]],

       ...,

       [[ 0.        , -0.37227253,  0.14886401, ..., -0.86740902,
         -0.82130585, -0.835212  ],
        [ 0.37227253,  0.        ,  0.50628872, ..., -0.61982141,
         -0.54989618, -0.57045673],
        [-0.14886401, -0.50628872,  0.        , ..., -0.93181818,
         -0.89707975, -0.9077703 ],
        ...,
        [ 0.86740902,  0.61982141,  0.93181818, ...,  0.        ,
          0.08616819,  0.0614146 ],
        [ 0.82130585,  0.54989618,  0.89707975, ..., -0.08616819,
          0.        , -0.02481936],
        [ 0.835212  ,  0.57045673,  0.9077703 , ..., -0.0614146 ,
          0.02481936,  0.        ]],

       [[ 0.        ,  0.16961901,  0.37305683, ..., -0.15639446,
         -0.09412933, -0.06686917],
        [-0.16961901,  0.        ,  0.21027717, ..., -0.32166005,
         -0.26163127, -0.23513958],
        [-0.37305683, -0.21027717,  0.        , ..., -0.51357035,
         -0.45873444, -0.43426363],
        ...,
        [ 0.15639446,  0.32166005,  0.51357035, ...,  0.        ,
          0.06272903,  0.08999808],
        [ 0.09412933,  0.26163127,  0.45873444, ..., -0.06272903,
          0.        ,  0.02734637],
        [ 0.06686917,  0.23513958,  0.43426363, ..., -0.08999808,
         -0.02734637,  0.        ]],

       [[ 0.        ,  0.49088769,  0.67301673, ...,  0.21477031,
          0.22533988,  0.        ],
        [-0.49088769,  0.        ,  0.22327365, ...,  0.66654543,
          0.67458342,  0.49088769],
        [-0.67301673, -0.22327365,  0.        , ...,  0.81616158,
          0.82237441,  0.67301673],
        ...,
        [-0.21477031, -0.66654543, -0.81616158, ...,  0.        ,
         -0.01083502,  0.21477031],
        [-0.22533988, -0.67458342, -0.82237441, ...,  0.01083502,
          0.        ,  0.22533988],
        [-0.        , -0.49088769, -0.67301673, ..., -0.21477031,
         -0.22533988,  0.        ]]]), 'num': array([7.07105887e-01, 7.07105887e-01, 0.00000000e+00, 0.00000000e+00,
       2.31359296e-04, 2.34503986e-04, 2.29113089e-04, 1.45153475e-03,
       8.98482703e-07, 2.31628841e-04, 2.28686310e-04, 2.22696425e-04,
       4.94816561e-07, 2.37221777e-04, 2.20150843e-04])}
{'img': array([[[ 0.        ,  0.07854808, -0.14440205, ...,  0.40978435,
          0.16251732,  0.25346283],
        [-0.07854808,  0.        , -0.22168072, ...,  0.33686808,
          0.08451136,  0.17669661],
        [ 0.14440205,  0.22168072,  0.        , ...,  0.53721046,
          0.30329632,  0.39049293],
        ...,
        [-0.40978435, -0.33686808, -0.53721046, ...,  0.        ,
         -0.25609111, -0.16519856],
        [-0.16251732, -0.08451136, -0.30329632, ...,  0.25609111,
          0.        ,  0.09288288],
        [-0.25346283, -0.17669661, -0.39049293, ...,  0.16519856,
         -0.09288288,  0.        ]],

       [[ 0.        , -0.23008206, -0.35327568, ..., -0.44900008,
         -0.70245946, -0.55159229],
        [ 0.23008206,  0.        , -0.12855153, ..., -0.23136833,
         -0.51985847, -0.3448791 ],
        [ 0.35327568,  0.12855153,  0.        , ..., -0.10438519,
         -0.40572966, -0.22135306],
        ...,
        [ 0.44900008,  0.23136833,  0.10438519, ...,  0.        ,
         -0.30810579, -0.11834802],
        [ 0.70245946,  0.51985847,  0.40572966, ...,  0.30810579,
          0.        ,  0.19334984],
        [ 0.55159229,  0.3448791 ,  0.22135306, ...,  0.11834802,
         -0.19334984,  0.        ]],

       [[ 0.        , -0.02461898, -0.11671632, ...,  0.19881607,
          0.13606436,  0.30819587],
        [ 0.02461898,  0.        , -0.09223022, ...,  0.22288332,
          0.16041315,  0.33152306],
        [ 0.11671632,  0.09223022,  0.        , ...,  0.31184351,
          0.25076526,  0.41712434],
        ...,
        [-0.19881607, -0.22288332, -0.31184351, ...,  0.        ,
         -0.063619  ,  0.11290501],
        [-0.13606436, -0.16041315, -0.25076526, ...,  0.063619  ,
          0.        ,  0.17588849],
        [-0.30819587, -0.33152306, -0.41712434, ..., -0.11290501,
         -0.17588849,  0.        ]],

       ...,

       [[ 0.        ,  0.50628872, -0.27968284, ..., -0.54989618,
         -0.57045673, -0.75511515],
        [-0.50628872,  0.        , -0.7272724 , ..., -0.89707975,
         -0.9077703 , -0.98310308],
        [ 0.27968284,  0.7272724 ,  0.        , ..., -0.29435083,
         -0.31797995, -0.54162247],
        ...,
        [ 0.54989618,  0.89707975,  0.29435083, ...,  0.        ,
         -0.02481936, -0.27018947],
        [ 0.57045673,  0.9077703 ,  0.31797995, ...,  0.02481936,
          0.        , -0.24620998],
        [ 0.75511515,  0.98310308,  0.54162247, ...,  0.27018947,
          0.24620998,  0.        ]],

       [[ 0.        ,  0.21027717,  0.33487004, ..., -0.26163127,
         -0.23513958, -0.19616301],
        [-0.21027717,  0.        ,  0.12924627, ..., -0.45873444,
         -0.43426363, -0.39796892],
        [-0.33487004, -0.12924627,  0.        , ..., -0.56973162,
         -0.54704446, -0.51320135],
        ...,
        [ 0.26163127,  0.45873444,  0.56973162, ...,  0.        ,
          0.02734637,  0.06721787],
        [ 0.23513958,  0.43426363,  0.54704446, ..., -0.02734637,
          0.        ,  0.03990821],
        [ 0.19616301,  0.39796892,  0.51320135, ..., -0.06721787,
         -0.03990821,  0.        ]],

       [[ 0.        ,  0.50938945,  0.70711277, ...,  0.29386043,
          0.18303742,  0.        ],
        [-0.50938945,  0.        ,  0.24830639, ...,  0.73977657,
          0.6582941 ,  0.50938945],
        [-0.70711277, -0.24830639,  0.        , ...,  0.88368151,
          0.82459267,  0.70711277],
        ...,
        [-0.29386043, -0.73977657, -0.88368151, ...,  0.        ,
          0.11393992,  0.29386043],
        [-0.18303742, -0.6582941 , -0.82459267, ..., -0.11393992,
          0.        ,  0.18303742],
        [-0.        , -0.50938945, -0.70711277, ..., -0.29386043,
         -0.18303742,  0.        ]]]), 'num': array([7.07104192e-01, 7.07104192e-01, 0.00000000e+00, 0.00000000e+00,
       2.37648105e-04, 2.37648105e-04, 2.27764819e-04, 2.62615083e-03,
       6.28936384e-06, 2.32886158e-04, 2.29449470e-04, 2.22845638e-04,
       5.91404918e-07, 2.38316135e-04, 2.20582805e-04])}
{'img': array([[[ 0.        , -0.18098294, -0.29216633, ...,  0.06479992,
          0.13229648,  0.86203467],
        [ 0.18098294,  0.        , -0.11425536, ...,  0.2443324 ,
          0.3095039 ,  0.93953031],
        [ 0.29216633,  0.11425536,  0.        , ...,  0.35352482,
          0.4161223 ,  0.97250627],
        ...,
        [-0.06479992, -0.2443324 , -0.35352482, ...,  0.        ,
          0.06778809,  0.82737912],
        [-0.13229648, -0.3095039 , -0.4161223 , ..., -0.06778809,
          0.        ,  0.78740317],
        [-0.86203467, -0.93953031, -0.97250627, ..., -0.82737912,
         -0.78740317,  0.        ]],

       [[ 0.        , -0.12855153, -0.17509263, ..., -0.51985847,
         -0.3448791 ,  0.11667751],
        [ 0.12855153,  0.        , -0.0470742 , ..., -0.40572966,
         -0.22135306,  0.24338292],
        [ 0.17509263,  0.0470742 ,  0.        , ..., -0.36225437,
         -0.17520121,  0.28877179],
        ...,
        [ 0.51985847,  0.40572966,  0.36225437, ...,  0.        ,
          0.19334984,  0.6159798 ],
        [ 0.3448791 ,  0.22135306,  0.17520121, ..., -0.19334984,
          0.        ,  0.45204254],
        [-0.11667751, -0.24338292, -0.28877179, ..., -0.6159798 ,
         -0.45204254,  0.        ]],

       [[ 0.        , -0.08625752, -0.16591412, ...,  0.14622376,
          0.29299485,  0.69640699],
        [ 0.08625752,  0.        , -0.08023373, ...,  0.23100914,
          0.37437485,  0.75571385],
        [ 0.16591412,  0.08023373,  0.        , ...,  0.30832793,
          0.44756682,  0.80582272],
        ...,
        [-0.14622376, -0.23100914, -0.30832793, ...,  0.        ,
          0.15003903,  0.58398464],
        [-0.29299485, -0.37437485, -0.44756682, ..., -0.15003903,
          0.        ,  0.45557759],
        [-0.69640699, -0.75571385, -0.80582272, ..., -0.58398464,
         -0.45557759,  0.        ]],

       ...,

       [[ 0.        , -0.7272724 , -0.82775444, ..., -0.9077703 ,
         -0.98310308, -0.86611611],
        [ 0.7272724 ,  0.        , -0.16006272, ..., -0.31797995,
         -0.54162247, -0.23093595],
        [ 0.82775444,  0.16006272,  0.        , ..., -0.16212513,
         -0.40008703, -0.0722224 ],
        ...,
        [ 0.9077703 ,  0.31797995,  0.16212513, ...,  0.        ,
         -0.24620998,  0.09043483],
        [ 0.98310308,  0.54162247,  0.40008703, ...,  0.24620998,
          0.        ,  0.33285204],
        [ 0.86611611,  0.23093595,  0.0722224 , ..., -0.09043483,
         -0.33285204,  0.        ]],

       [[ 0.        ,  0.12924627,  0.36477689, ..., -0.43426363,
         -0.39796892, -0.23490485],
        [-0.12924627,  0.        ,  0.24137678, ..., -0.54704446,
         -0.51320135, -0.35856435],
        [-0.36477689, -0.24137678,  0.        , ..., -0.73292653,
         -0.70519277, -0.57328856],
        ...,
        [ 0.43426363,  0.54704446,  0.73292653, ...,  0.        ,
          0.03990821,  0.21051326],
        [ 0.39796892,  0.51320135,  0.70519277, ..., -0.03990821,
          0.        ,  0.17133165],
        [ 0.23490485,  0.35856435,  0.57328856, ..., -0.21051326,
         -0.17133165,  0.        ]],

       [[ 0.        ,  0.5455147 ,  0.69636305, ...,  0.32609615,
          0.26891996,  0.        ],
        [-0.5455147 ,  0.        ,  0.19211247, ...,  0.78899661,
          0.75080147,  0.5455147 ],
        [-0.69636305, -0.19211247,  0.        , ...,  0.89233333,
          0.86371188,  0.69636305],
        ...,
        [-0.32609615, -0.78899661, -0.89233333, ...,  0.        ,
          0.05986371,  0.32609615],
        [-0.26891996, -0.75080147, -0.86371188, ..., -0.05986371,
          0.        ,  0.26891996],
        [-0.        , -0.5455147 , -0.69636305, ..., -0.32609615,
         -0.26891996,  0.        ]]]), 'num': array([ 7.07105740e-01,  7.07105740e-01,  0.00000000e+00,  0.00000000e+00,
        2.33605454e-04,  2.38097867e-04,  2.30011524e-04,  1.58689083e-03,
       -4.04317132e-06,  2.33156213e-04,  2.30033986e-04,  2.22913512e-04,
        5.08779256e-07,  2.38363627e-04,  2.21704346e-04])}
{'img': array([[[ 0.        , -0.11425536, -0.14210385, ...,  0.3095039 ,
          0.93953031,  0.48268234],
        [ 0.11425536,  0.        , -0.0280774 , ...,  0.4161223 ,
          0.97250627,  0.57958579],
        [ 0.14210385,  0.0280774 ,  0.        , ...,  0.44148927,
          0.97866143,  0.60223788],
        ...,
        [-0.3095039 , -0.4161223 , -0.44148927, ...,  0.        ,
          0.78740317,  0.18791963],
        [-0.93953031, -0.97250627, -0.97866143, ..., -0.78740317,
          0.        , -0.65753425],
        [-0.48268234, -0.57958579, -0.60223788, ..., -0.18791963,
          0.65753425,  0.        ]],

       [[ 0.        , -0.0470742 ,  0.12214791, ..., -0.22135306,
          0.24338292, -0.1597582 ],
        [ 0.0470742 ,  0.        ,  0.16873419, ..., -0.17520121,
          0.28877179, -0.11311151],
        [-0.12214791, -0.16873419,  0.        , ..., -0.33881342,
          0.12308549, -0.27914098],
        ...,
        [ 0.22135306,  0.17520121,  0.33881342, ...,  0.        ,
          0.45204254,  0.06271485],
        [-0.24338292, -0.28877179, -0.12308549, ..., -0.45204254,
          0.        , -0.39521127],
        [ 0.1597582 ,  0.11311151,  0.27914098, ..., -0.06271485,
          0.39521127,  0.        ]],

       [[ 0.        , -0.07783596, -0.20366096, ...,  0.3548334 ,
          0.61772689,  0.77197004],
        [ 0.07783596,  0.        , -0.12683846, ...,  0.42652804,
          0.67706244,  0.81910514],
        [ 0.20366096,  0.12683846,  0.        , ...,  0.53780527,
          0.76493774,  0.8852496 ],
        ...,
        [-0.3548334 , -0.42652804, -0.53780527, ...,  0.        ,
          0.29849272,  0.49618459],
        [-0.61772689, -0.67706244, -0.76493774, ..., -0.29849272,
          0.        ,  0.21440801],
        [-0.77197004, -0.81910514, -0.8852496 , ..., -0.49618459,
         -0.21440801,  0.        ]],

       ...,

       [[ 0.        , -0.52444509, -0.76484145, ..., -0.91515868,
         -0.62726625, -0.88925812],
        [ 0.52444509,  0.        , -0.3133626 , ..., -0.56780607,
         -0.12564185, -0.51726955],
        [ 0.76484145,  0.3133626 ,  0.        , ..., -0.28125939,
          0.1915657 , -0.22303374],
        ...,
        [ 0.91515868,  0.56780607,  0.28125939, ...,  0.        ,
          0.45988294,  0.06014441],
        [ 0.62726625,  0.12564185, -0.1915657 , ..., -0.45988294,
          0.        , -0.4056434 ],
        [ 0.88925812,  0.51726955,  0.22303374, ..., -0.06014441,
          0.4056434 ,  0.        ]],

       [[ 0.        ,  0.24137678, -0.0294323 , ..., -0.51320135,
         -0.35856435, -0.35079866],
        [-0.24137678,  0.        , -0.26983424, ..., -0.70519277,
         -0.57328856, -0.56646357],
        [ 0.0294323 ,  0.26983424,  0.        , ..., -0.48771822,
         -0.33093381, -0.32308479],
        ...,
        [ 0.51320135,  0.70519277,  0.48771822, ...,  0.        ,
          0.17133165,  0.17950852],
        [ 0.35856435,  0.57328856,  0.33093381, ..., -0.17133165,
          0.        ,  0.00830559],
        [ 0.35079866,  0.56646357,  0.32308479, ..., -0.17950852,
         -0.00830559,  0.        ]],

       [[ 0.        ,  0.48330384,  0.75041836, ...,  0.50497909,
          0.43333213,  0.        ],
        [-0.48330384,  0.        ,  0.33750974, ...,  0.8592401 ,
          0.81493177,  0.48330384],
        [-0.75041836, -0.33750974,  0.        , ...,  0.98148235,
          0.96271934,  0.75041836],
        ...,
        [-0.50497909, -0.8592401 , -0.98148235, ...,  0.        ,
          0.08108183,  0.50497909],
        [-0.43333213, -0.81493177, -0.96271934, ..., -0.08108183,
          0.        ,  0.43333213],
        [-0.        , -0.48330384, -0.75041836, ..., -0.50497909,
         -0.43333213,  0.        ]]]), 'num': array([7.07103942e-01, 7.07103942e-01, 0.00000000e+00, 0.00000000e+00,
       2.40343462e-04, 2.42140422e-04, 2.33155620e-04, 2.75590841e-03,
       6.73860173e-06, 2.34683036e-04, 2.30864495e-04, 2.23137565e-04,
       5.39088139e-07, 2.39803809e-04, 2.21925181e-04])}
{'img': array([[[ 0.        , -0.02551971,  0.        , ...,  0.76606519,
          0.50499054,  0.99025859],
        [ 0.02551971,  0.        ,  0.02551971, ...,  0.78221882,
          0.52685276,  0.99348946],
        [ 0.        , -0.02551971,  0.        , ...,  0.76606519,
          0.50499054,  0.99025859],
        ...,
        [-0.76606519, -0.78221882, -0.76606519, ...,  0.        ,
         -0.33662075,  0.52983417],
        [-0.50499054, -0.52685276, -0.50499054, ...,  0.33662075,
          0.        ,  0.78440169],
        [-0.99025859, -0.99348946, -0.99025859, ..., -0.52983417,
         -0.78440169,  0.        ]],

       [[ 0.        ,  0.16873419,  0.626088  , ...,  0.28877179,
         -0.11311151,  0.33211969],
        [-0.16873419,  0.        ,  0.48553999, ...,  0.12308549,
         -0.27914098,  0.16820124],
        [-0.626088  , -0.48553999,  0.        , ..., -0.37424487,
         -0.71026892, -0.33157839],
        ...,
        [-0.28877179, -0.12308549,  0.37424487, ...,  0.        ,
         -0.39521127,  0.0455904 ],
        [ 0.11311151,  0.27914098,  0.71026892, ...,  0.39521127,
          0.        ,  0.43667923],
        [-0.33211969, -0.16820124,  0.33157839, ..., -0.0455904 ,
         -0.43667923,  0.        ]],

       [[ 0.        , -0.11236996, -0.17373444, ...,  0.50394556,
          0.54110072,  0.87924836],
        [ 0.11236996,  0.        , -0.06197298, ...,  0.59781171,
          0.63217202,  0.92720855],
        [ 0.17373444,  0.06197298,  0.        , ...,  0.64634241,
          0.67897528,  0.948638  ],
        ...,
        [-0.50394556, -0.59781171, -0.64634241, ...,  0.        ,
          0.04357091,  0.51937661],
        [-0.54110072, -0.63217202, -0.67897528, ..., -0.04357091,
          0.        ,  0.48165006],
        [-0.87924836, -0.92720855, -0.948638  , ..., -0.51937661,
         -0.48165006,  0.        ]],

       ...,

       [[ 0.        , -0.36714975, -0.67992677, ..., -0.15597531,
         -0.58036961, -0.45387712],
        [ 0.36714975,  0.        , -0.36321836, ...,  0.21757391,
         -0.24084809, -0.09502514],
        [ 0.67992677,  0.36321836,  0.        , ...,  0.55723153,
          0.12812709,  0.27303944],
        ...,
        [ 0.15597531, -0.21757391, -0.55723153, ...,  0.        ,
         -0.44624745, -0.30933807],
        [ 0.58036961,  0.24084809, -0.12812709, ...,  0.44624745,
          0.        ,  0.14753035],
        [ 0.45387712,  0.09502514, -0.27303944, ...,  0.30933807,
         -0.14753035,  0.        ]],

       [[ 0.        , -0.26983424, -0.43644044, ..., -0.57328856,
         -0.56646357, -0.24596771],
        [ 0.26983424,  0.        , -0.17747265, ..., -0.33093381,
         -0.32308479,  0.02470042],
        [ 0.43644044,  0.17747265,  0.        , ..., -0.1582077 ,
         -0.15000125,  0.20172683],
        ...,
        [ 0.57328856,  0.33093381,  0.1582077 , ...,  0.        ,
          0.00830559,  0.35414149],
        [ 0.56646357,  0.32308479,  0.15000125, ..., -0.00830559,
          0.        ,  0.34636195],
        [ 0.24596771, -0.02470042, -0.20172683, ..., -0.35414149,
         -0.34636195,  0.        ]],

       [[ 0.        ,  0.63364882,  0.85222422, ...,  0.48381047,
          0.20186523,  0.        ],
        [-0.63364882,  0.        ,  0.32778809, ...,  0.92883806,
          0.77677123,  0.63364882],
        [-0.85222422, -0.32778809,  0.        , ...,  0.99896183,
          0.94029093,  0.85222422],
        ...,
        [-0.48381047, -0.92883806, -0.99896183, ...,  0.        ,
          0.29718345,  0.48381047],
        [-0.20186523, -0.77677123, -0.94029093, ..., -0.29718345,
          0.        ,  0.20186523],
        [-0.        , -0.63364882, -0.85222422, ..., -0.48381047,
         -0.20186523,  0.        ]]]), 'num': array([ 7.07105447e-01,  7.07105447e-01,  0.00000000e+00,  0.00000000e+00,
        2.38996250e-04,  2.40343973e-04,  2.34953080e-04,  1.82680288e-03,
       -1.34772321e-06,  2.36390652e-04,  2.31696083e-04,  2.23370148e-04,
        5.17603843e-07,  2.40411244e-04,  2.22980922e-04])}
{'img': array([[[ 0.        ,  0.02551971, -0.47066922, ...,  0.52685276,
          0.99348946,  0.87448481],
        [-0.02551971,  0.        , -0.49303221, ...,  0.50499054,
          0.99025859,  0.8618216 ],
        [ 0.47066922,  0.49303221,  0.        , ...,  0.86489572,
          0.93018598,  0.99986594],
        ...,
        [-0.52685276, -0.50499054, -0.86489572, ...,  0.        ,
          0.78440169,  0.48772264],
        [-0.99348946, -0.99025859, -0.93018598, ..., -0.78440169,
          0.        , -0.3822701 ],
        [-0.87448481, -0.8618216 , -0.99986594, ..., -0.48772264,
          0.3822701 ,  0.        ]],

       [[ 0.        ,  0.48553999,  0.97219855, ..., -0.27914098,
          0.16820124, -0.17849428],
        [-0.48553999,  0.        ,  0.73621693, ..., -0.71026892,
         -0.33157839, -0.63378496],
        [-0.97219855, -0.73621693,  0.        , ..., -0.99891689,
         -0.91896165, -0.99838183],
        ...,
        [ 0.27914098,  0.71026892,  0.99891689, ...,  0.        ,
          0.43667923,  0.10325908],
        [-0.16820124,  0.33157839,  0.91896165, ..., -0.43667923,
          0.        , -0.3414513 ],
        [ 0.17849428,  0.63378496,  0.99838183, ..., -0.10325908,
          0.3414513 ,  0.        ]],

       [[ 0.        , -0.05631588, -0.2595319 , ...,  0.53630913,
          0.69395703,  0.95831485],
        [ 0.05631588,  0.        , -0.20473383, ...,  0.58298983,
          0.73340407,  0.97288425],
        [ 0.2595319 ,  0.20473383,  0.        , ...,  0.73698278,
          0.85704549,  0.99962972],
        ...,
        [-0.53630913, -0.58298983, -0.73698278, ...,  0.        ,
          0.19956336,  0.65560728],
        [-0.69395703, -0.73340407, -0.85704549, ..., -0.19956336,
          0.        ,  0.49172899],
        [-0.95831485, -0.97288425, -0.99962972, ..., -0.65560728,
         -0.49172899,  0.        ]],

       ...,

       [[ 0.        , -0.36321836, -0.82222465, ..., -0.24084809,
         -0.09502514, -0.20026966],
        [ 0.36321836,  0.        , -0.55933955, ...,  0.12812709,
          0.27303944,  0.1692678 ],
        [ 0.82222465,  0.55933955,  0.        , ...,  0.66093883,
          0.76441917,  0.69158095],
        ...,
        [ 0.24084809, -0.12812709, -0.66093883, ...,  0.        ,
          0.14753035,  0.04159442],
        [ 0.09502514, -0.27303944, -0.76441917, ..., -0.14753035,
          0.        , -0.1062634 ],
        [ 0.20026966, -0.1692678 , -0.69158095, ..., -0.04159442,
          0.1062634 ,  0.        ]],

       [[ 0.        , -0.14572631, -0.35068307, ..., -0.27838691,
          0.01791705,  0.35862866],
        [ 0.14572631,  0.        , -0.21046767, ..., -0.13544951,
          0.1634287 ,  0.49083291],
        [ 0.35068307,  0.21046767,  0.        , ...,  0.0761125 ,
          0.36740599,  0.6632094 ],
        ...,
        [ 0.27838691,  0.13544951, -0.0761125 , ...,  0.        ,
          0.29555099,  0.60432041],
        [-0.01791705, -0.1634287 , -0.36740599, ..., -0.29555099,
          0.        ,  0.34184588],
        [-0.35862866, -0.49083291, -0.6632094 , ..., -0.60432041,
         -0.34184588,  0.        ]],

       [[ 0.        ,  0.68088007,  0.86979789, ...,  0.48744109,
          0.4457586 ,  0.        ],
        [-0.68088007,  0.        ,  0.30108377, ...,  0.95151382,
          0.93596332,  0.68088007],
        [-0.86979789, -0.30108377,  0.        , ...,  0.99997656,
          0.99854331,  0.86979789],
        ...,
        [-0.48744109, -0.95151382, -0.99997656, ...,  0.        ,
          0.04711772,  0.48744109],
        [-0.4457586 , -0.93596332, -0.99854331, ..., -0.04711772,
          0.        ,  0.4457586 ],
        [-0.        , -0.68088007, -0.86979789, ..., -0.48744109,
         -0.4457586 ,  0.        ]]]), 'num': array([ 7.07106085e-01,  7.07106085e-01,  0.00000000e+00,  0.00000000e+00,
        2.38547224e-04,  2.41691915e-04,  2.35851776e-04,  1.23645630e-03,
       -4.49241477e-07,  2.37828438e-04,  2.32594775e-04,  2.23602458e-04,
        5.12038673e-07,  2.40170190e-04,  2.25019359e-04])}
{'img': array([[[ 0.        , -0.49303221, -0.44545753, ...,  0.99025859,
          0.8618216 ,  0.82892313],
        [ 0.49303221,  0.        ,  0.05386028, ...,  0.93018598,
          0.99986594,  0.99695604],
        [ 0.44545753, -0.05386028,  0.        , ...,  0.94860729,
          0.99753272,  0.99130968],
        ...,
        [-0.99025859, -0.93018598, -0.94860729, ...,  0.        ,
         -0.3822701 , -0.43849388],
        [-0.8618216 , -0.99986594, -0.99753272, ...,  0.3822701 ,
          0.        , -0.06163134],
        [-0.82892313, -0.99695604, -0.99130968, ...,  0.43849388,
          0.06163134,  0.        ]],

       [[ 0.        ,  0.73621693,  0.32312125, ..., -0.33157839,
         -0.63378496, -0.8201665 ],
        [-0.73621693,  0.        , -0.47805358, ..., -0.91896165,
         -0.99838183, -0.97625213],
        [-0.32312125,  0.47805358,  0.        , ..., -0.61863325,
         -0.84972449, -0.96103649],
        ...,
        [ 0.33157839,  0.91896165,  0.61863325, ...,  0.        ,
         -0.3414513 , -0.58406351],
        [ 0.63378496,  0.99838183,  0.84972449, ...,  0.3414513 ,
          0.        , -0.27180224],
        [ 0.8201665 ,  0.97625213,  0.96103649, ...,  0.58406351,
          0.27180224,  0.        ]],

       [[ 0.        , -0.19312687, -0.33073038, ...,  0.65705188,
          0.80984387,  0.98583094],
        [ 0.19312687,  0.        , -0.14224527, ...,  0.79026988,
          0.90789459,  0.99966696],
        [ 0.33073038,  0.14224527,  0.        , ...,  0.86939603,
          0.95829162,  0.98583094],
        ...,
        [-0.65705188, -0.79026988, -0.86939603, ...,  0.        ,
          0.22504055,  0.63294893],
        [-0.80984387, -0.90789459, -0.95829162, ..., -0.22504055,
          0.        ,  0.44248847],
        [-0.98583094, -0.99966696, -0.98583094, ..., -0.63294893,
         -0.44248847,  0.        ]],

       ...,

       [[ 0.        , -0.55933955, -0.3829668 , ...,  0.27303944,
          0.1692678 ,  0.14322904],
        [ 0.55933955,  0.        ,  0.1992407 , ...,  0.76441917,
          0.69158095,  0.6723006 ],
        [ 0.3829668 , -0.1992407 ,  0.        , ...,  0.62063864,
          0.53380381,  0.51132781],
        ...,
        [-0.27303944, -0.76441917, -0.62063864, ...,  0.        ,
         -0.1062634 , -0.13243753],
        [-0.1692678 , -0.69158095, -0.53380381, ...,  0.1062634 ,
          0.        , -0.02636031],
        [-0.14322904, -0.6723006 , -0.51132781, ...,  0.13243753,
          0.02636031,  0.        ]],

       [[ 0.        , -0.21046767, -0.48692252, ...,  0.1634287 ,
          0.49083291,  0.28954495],
        [ 0.21046767,  0.        , -0.29218389, ...,  0.36740599,
          0.6632094 ,  0.48451154],
        [ 0.48692252,  0.29218389,  0.        , ...,  0.62312193,
          0.85294869,  0.71896655],
        ...,
        [-0.1634287 , -0.36740599, -0.62312193, ...,  0.        ,
          0.34184588,  0.12922393],
        [-0.49083291, -0.6632094 , -0.85294869, ..., -0.34184588,
          0.        , -0.21754068],
        [-0.28954495, -0.48451154, -0.71896655, ..., -0.12922393,
          0.21754068,  0.        ]],

       [[ 0.        ,  0.32477022,  0.66413241, ...,  0.98063266,
          0.93931386,  0.55747466],
        [-0.32477022,  0.        ,  0.38532867, ...,  0.99108367,
          0.99981177,  0.79687788],
        [-0.66413241, -0.38532867,  0.        , ...,  0.86321001,
          0.9300817 ,  0.96813511],
        ...,
        [-0.98063266, -0.99108367, -0.86321001, ...,  0.        ,
          0.15244455,  0.70493052],
        [-0.93931386, -0.99981177, -0.9300817 , ..., -0.15244455,
          0.        ,  0.58856599],
        [-0.55747466, -0.79687788, -0.96813511, ..., -0.70493052,
         -0.58856599,  0.        ]]]), 'num': array([7.07098543e-01, 7.07098543e-01, 0.00000000e+00, 0.00000000e+00,
       2.40341627e-04, 2.45283230e-04, 2.37196970e-04, 4.78082173e-03,
       1.79694674e-06, 2.38364985e-04, 2.33198763e-04, 2.23854640e-04,
       5.12033212e-07, 2.41204257e-04, 2.25193270e-04])}
{'img': array([[[ 0.        ,  0.05386028,  0.02707191, ...,  0.99986594,
          0.99695604,  0.93018598],
        [-0.05386028,  0.        , -0.02680792, ...,  0.99753272,
          0.99130968,  0.94860729],
        [-0.02707191,  0.02680792,  0.        , ...,  0.99905621,
          0.99447996,  0.93978285],
        ...,
        [-0.99986594, -0.99753272, -0.99905621, ...,  0.        ,
         -0.06163134,  0.3822701 ],
        [-0.99695604, -0.99130968, -0.99447996, ...,  0.06163134,
          0.        ,  0.43849388],
        [-0.93018598, -0.94860729, -0.93978285, ..., -0.3822701 ,
         -0.43849388,  0.        ]],

       [[ 0.        , -0.47805358, -0.93194117, ..., -0.99838183,
         -0.97625213, -0.45296852],
        [ 0.47805358,  0.        , -0.64520575, ..., -0.84972449,
         -0.96103649,  0.0283413 ],
        [ 0.93194117,  0.64520575,  0.        , ..., -0.30902715,
         -0.55589164,  0.66659958],
        ...,
        [ 0.99838183,  0.84972449,  0.30902715, ...,  0.        ,
         -0.27180224,  0.86432545],
        [ 0.97625213,  0.96103649,  0.55589164, ...,  0.27180224,
          0.        ,  0.96848459],
        [ 0.45296852, -0.0283413 , -0.66659958, ..., -0.86432545,
         -0.96848459,  0.        ]],

       [[ 0.        , -0.13981294, -0.26128932, ...,  0.88246548,
          0.97317388,  0.9990181 ],
        [ 0.13981294,  0.        , -0.123767  , ...,  0.93956266,
          0.99578219,  0.98301144],
        [ 0.26128932,  0.123767  ,  0.        , ...,  0.97471363,
          0.99948139,  0.95273664],
        ...,
        [-0.88246548, -0.93956266, -0.97471363, ...,  0.        ,
          0.2547292 ,  0.50901188],
        [-0.97317388, -0.99578219, -0.99948139, ..., -0.2547292 ,
          0.        ,  0.27296024],
        [-0.9990181 , -0.98301144, -0.95273664, ..., -0.50901188,
         -0.27296024,  0.        ]],

       ...,

       [[ 0.        ,  0.1992407 ,  0.14844971, ...,  0.69158095,
          0.6723006 ,  0.6723006 ],
        [-0.1992407 ,  0.        , -0.05155972, ...,  0.53380381,
          0.51132781,  0.51132781],
        [-0.14844971,  0.05155972,  0.        , ...,  0.57669313,
          0.55495739,  0.55495739],
        ...,
        [-0.69158095, -0.53380381, -0.57669313, ...,  0.        ,
         -0.02636031, -0.02636031],
        [-0.6723006 , -0.51132781, -0.55495739, ...,  0.02636031,
          0.        ,  0.        ],
        [-0.6723006 , -0.51132781, -0.55495739, ...,  0.02636031,
          0.        ,  0.        ]],

       [[ 0.        , -0.26462634, -0.33190782, ...,  0.41504923,
          0.36305837,  0.73131839],
        [ 0.26462634,  0.        , -0.07045049, ...,  0.64100991,
          0.59668564,  0.88573239],
        [ 0.33190782,  0.07045049,  0.        , ...,  0.69349023,
          0.6517378 ,  0.91623444],
        ...,
        [-0.41504923, -0.64100991, -0.69349023, ...,  0.        ,
         -0.0564188 ,  0.3822741 ],
        [-0.36305837, -0.59668564, -0.6517378 , ...,  0.0564188 ,
          0.        ,  0.43379894],
        [-0.73131839, -0.88573239, -0.91623444, ..., -0.3822741 ,
         -0.43379894,  0.        ]],

       [[ 0.        ,  0.38322473,  0.486397  , ...,  0.99999911,
          0.89100913,  0.79440143],
        [-0.38322473,  0.        ,  0.11442511, ...,  0.92314256,
          0.99696358,  0.96652101],
        [-0.486397  , -0.11442511,  0.        , ...,  0.87308761,
          0.9993256 ,  0.98953283],
        ...,
        [-0.99999911, -0.92314256, -0.87308761, ...,  0.        ,
          0.45517481,  0.60845339],
        [-0.89100913, -0.99696358, -0.9993256 , ..., -0.45517481,
          0.        ,  0.18054616],
        [-0.79440143, -0.96652101, -0.98953283, ..., -0.60845339,
         -0.18054616,  0.        ]]]), 'num': array([ 7.07105135e-01,  7.07105135e-01,  0.00000000e+00,  0.00000000e+00,
        2.38996145e-04,  2.44387035e-04,  2.38097663e-04,  2.05220419e-03,
       -1.34772262e-06,  2.39445386e-04,  2.33829875e-04,  2.24238582e-04,
        5.53715495e-07,  2.41577163e-04,  2.26082586e-04])}
{'img': array([[[ 0.        , -0.02680792, -0.25085961, ...,  0.99130968,
          0.94860729,  0.99753272],
        [ 0.02680792,  0.        , -0.22481875, ...,  0.99447996,
          0.93978285,  0.99905621],
        [ 0.25085961,  0.22481875,  0.        , ...,  0.99261136,
          0.83888818,  0.98324622],
        ...,
        [-0.99130968, -0.99447996, -0.99261136, ...,  0.        ,
          0.43849388,  0.06163134],
        [-0.94860729, -0.93978285, -0.83888818, ..., -0.43849388,
          0.        , -0.3822701 ],
        [-0.99753272, -0.99905621, -0.98324622, ..., -0.06163134,
          0.3822701 ,  0.        ]],

       [[ 0.        , -0.64520575, -0.50802146, ..., -0.96103649,
          0.0283413 , -0.79857264],
        [ 0.64520575,  0.        ,  0.16761148, ..., -0.55589164,
          0.66659958, -0.22176823],
        [ 0.50802146, -0.16761148,  0.        , ..., -0.68735535,
          0.532229  , -0.38206876],
        ...,
        [ 0.96103649,  0.55589164,  0.68735535, ...,  0.        ,
          0.96848459,  0.35770371],
        [-0.0283413 , -0.66659958, -0.532229  , ..., -0.96848459,
          0.        , -0.81531044],
        [ 0.79857264,  0.22176823,  0.38206876, ..., -0.35770371,
          0.81531044,  0.        ]],

       [[ 0.        , -0.12016865, -0.29026581, ...,  0.96694119,
          0.98561029,  0.97696172],
        [ 0.12016865,  0.        , -0.17316748, ...,  0.99057719,
          0.99878059,  0.94423641],
        [ 0.29026581,  0.17316748,  0.        , ...,  0.99932819,
          0.99224056,  0.87295269],
        ...,
        [-0.96694119, -0.99057719, -0.99932819, ...,  0.        ,
          0.08788454,  0.45548413],
        [-0.98561029, -0.99878059, -0.99224056, ..., -0.08788454,
          0.        ,  0.37548303],
        [-0.97696172, -0.94423641, -0.87295269, ..., -0.45548413,
         -0.37548303,  0.        ]],

       ...,

       [[ 0.        , -0.05155972, -0.69868101, ...,  0.51132781,
          0.51132781,  0.67982576],
        [ 0.05155972,  0.        , -0.66086416, ...,  0.55495739,
          0.55495739,  0.71673407],
        [ 0.69868101,  0.66086416,  0.        , ...,  0.96625746,
          0.96625746,  0.99876426],
        ...,
        [-0.51132781, -0.55495739, -0.96625746, ...,  0.        ,
          0.        ,  0.20923821],
        [-0.51132781, -0.55495739, -0.96625746, ...,  0.        ,
          0.        ,  0.20923821],
        [-0.67982576, -0.71673407, -0.99876426, ..., -0.20923821,
         -0.20923821,  0.        ]],

       [[ 0.        , -0.06835218, -0.08282475, ...,  0.56205939,
          0.75266251,  0.89861678],
        [ 0.06835218,  0.        , -0.01451371, ...,  0.61727876,
          0.79590575,  0.9265036 ],
        [ 0.08282475,  0.01451371,  0.        , ...,  0.62863232,
          0.80460882,  0.93186731],
        ...,
        [-0.56205939, -0.61727876, -0.62863232, ...,  0.        ,
          0.25246125,  0.49664833],
        [-0.75266251, -0.79590575, -0.80460882, ..., -0.25246125,
          0.        ,  0.2614362 ],
        [-0.89861678, -0.9265036 , -0.93186731, ..., -0.49664833,
         -0.2614362 ,  0.        ]],

       [[ 0.        ,  0.11069037,  0.1317417 , ...,  0.98881463,
          0.99384018,  0.95819825],
        [-0.11069037,  0.        ,  0.02120654, ...,  0.96622886,
          0.97546595,  0.98397914],
        [-0.1317417 , -0.02120654,  0.        , ...,  0.96054696,
          0.97057796,  0.98753864],
        ...,
        [-0.98881463, -0.96622886, -0.96054696, ...,  0.        ,
          0.03864773,  0.42581986],
        [-0.99384018, -0.97546595, -0.97057796, ..., -0.03864773,
          0.        ,  0.39053295],
        [-0.95819825, -0.98397914, -0.98753864, ..., -0.42581986,
         -0.39053295,  0.        ]]]), 'num': array([ 7.07104272e-01,  7.07104272e-01,  0.00000000e+00,  0.00000000e+00,
        2.36300411e-04,  2.42140535e-04,  2.33155729e-04,  2.57989734e-03,
       -2.69544195e-06,  2.38636461e-04,  2.34211444e-04,  2.24560264e-04,
        4.95713462e-07,  2.41649187e-04,  2.26773701e-04])}
{'img': array([[[ 0.        , -0.22481875, -0.47458162, ...,  0.93978285,
          0.99905621,  0.94283012],
        [ 0.22481875,  0.        , -0.26454456, ...,  0.83888818,
          0.98324622,  0.99362041],
        [ 0.47458162,  0.26454456,  0.        , ...,  0.66500889,
          0.89999474,  0.98805549],
        ...,
        [-0.93978285, -0.83888818, -0.66500889, ...,  0.        ,
         -0.3822701 , -0.63543799],
        [-0.99905621, -0.98324622, -0.89999474, ...,  0.3822701 ,
          0.        , -0.2920063 ],
        [-0.94283012, -0.99362041, -0.98805549, ...,  0.63543799,
