state_0,state_1,state_2,state_3,state_4,state_5,state_6,state_7,state_8,state_9,state_10,state_11,state_12,state_13,state_14,state_15,state_16,state_17,state_18,state_19,state_20,state_21,state_22,state_23,state_24,state_25,state_26,state_27,state_28,state_29,state_30,state_31,state_32,state_33,state_34,state_35,state_36,state_37,state_38,state_39,state_40,state_41,state_42,state_43,state_44,state_45,state_46,state_47,state_48,state_49,state_50,state_51,state_52,state_53,state_54,state_55,state_56,state_57,state_58,state_59,state_60,state_61,state_62,state_63,state_64,state_65,state_66,state_67,state_68,state_69,state_70,state_71,state_72,state_73,state_74,state_75,state_76,state_77,state_78,state_79,state_80,state_81,state_82,state_83,state_84,state_85,state_86,state_87,state_88,state_89,state_90,state_91,state_92,state_93,state_94,state_95,state_96,state_97,state_98,state_99,state_100,state_101,state_102,state_103,state_104,state_105,state_106,state_107,state_108,state_109,state_110,state_111,state_112,state_113,state_114,state_115,state_116,state_117,state_118,state_119,state_120,state_121,state_122,state_123,state_124,state_125,state_126,state_127,state_128,state_129,state_130,state_131,state_132,state_133,state_134,state_135,state_136,state_137,state_138,state_139,state_140,state_141,state_142,state_143,state_144,state_145,state_146,state_147,state_148,state_149,state_150,state_151,state_152,state_153,state_154,state_155,state_156,state_157,state_158,state_159,state_160,state_161,state_162,state_163,state_164,state_165,state_166,state_167,state_168,state_169,state_170,state_171,state_172,state_173,state_174,state_175,state_176,state_177,state_178,state_179,state_180,state_181,state_182,state_183,state_184,state_185,state_186,state_187,state_188,state_189,state_190,state_191,state_192,state_193,state_194,state_195,state_196,state_197,state_198,state_199,state_200,state_201,state_202,state_203,state_204,state_205,state_206,state_207,state_208,state_209,state_210,state_211,state_212,state_213,state_214,state_215,state_216,state_217,state_218,state_219,state_220,state_221,state_222,state_223,state_224,state_225,state_226,state_227,state_228,state_229,state_230,state_231,state_232,state_233,state_234,state_235,state_236,state_237,state_238,state_239,state_240,state_241,state_242,state_243,state_244,state_245,state_246,state_247,state_248,state_249,state_250,state_251,state_252,state_253,state_254,state_255,state_256,state_257,state_258,state_259,state_260,state_261,state_262,state_263,state_264,state_265,state_266,state_267,state_268,state_269,state_270,state_271,state_272,state_273,state_274,state_275,state_276,state_277,state_278,state_279,state_280,state_281,state_282,state_283,state_284,state_285,state_286,state_287
{'img': array([[[ 0.        ,  0.05496119,  0.03641463, ..., -0.07033224,
         -0.08743324,  0.27767558],
        [-0.05496119,  0.        , -0.01856515, ..., -0.12505102,
         -0.1420518 ,  0.22445604],
        [-0.03641463,  0.01856515,  0.        , ..., -0.10661005,
         -0.12365043,  0.2425088 ],
        ...,
        [ 0.07033224,  0.12505102,  0.10661005, ...,  0.        ,
         -0.01715383,  0.34455437],
        [ 0.08743324,  0.1420518 ,  0.12365043, ...,  0.01715383,
          0.        ,  0.36060711],
        [-0.27767558, -0.22445604, -0.2425088 , ..., -0.34455437,
         -0.36060711,  0.        ]],

       [[ 0.        , -0.77235292,  0.13601802, ..., -0.17642705,
         -0.45666974,  0.16873948],
        [ 0.77235292,  0.        ,  0.85157273, ...,  0.64817223,
          0.39703947,  0.86846015],
        [-0.13601802, -0.85157273,  0.        , ..., -0.3086718 ,
         -0.57343219,  0.03310366],
        ...,
        [ 0.17642705, -0.64817223,  0.3086718 , ...,  0.        ,
         -0.29255039,  0.33998979],
        [ 0.45666974, -0.39703947,  0.57343219, ...,  0.29255039,
          0.        ,  0.60023818],
        [-0.16873948, -0.86846015, -0.03310366, ..., -0.33998979,
         -0.60023818,  0.        ]],

       [[ 0.        , -0.07269548, -0.07891183, ..., -0.23874   ,
         -0.30518554, -0.24858769],
        [ 0.07269548,  0.        , -0.00623425, ..., -0.16751495,
         -0.23515069, -0.17751644],
        [ 0.07891183,  0.00623425,  0.        , ..., -0.16136554,
         -0.22908668, -0.17137775],
        ...,
        [ 0.23874   ,  0.16751495,  0.16136554, ...,  0.        ,
         -0.06901024, -0.0101536 ],
        [ 0.30518554,  0.23515069,  0.22908668, ...,  0.06901024,
          0.        ,  0.0588773 ],
        [ 0.24858769,  0.17751644,  0.17137775, ...,  0.0101536 ,
         -0.0588773 ,  0.        ]],

       ...,

       [[ 0.        ,  0.06891473,  0.11775315, ..., -0.2102362 ,
         -0.39332671,  0.06052915],
        [-0.06891473,  0.        ,  0.04903791, ..., -0.27711091,
         -0.45575172, -0.00840313],
        [-0.11775315, -0.04903791,  0.        , ..., -0.323895  ,
         -0.4988524 , -0.05742919],
        ...,
        [ 0.2102362 ,  0.27711091,  0.323895  , ...,  0.        ,
         -0.1912452 ,  0.26902708],
        [ 0.39332671,  0.45575172,  0.4988524 , ...,  0.1912452 ,
          0.        ,  0.44825595],
        [-0.06052915,  0.00840313,  0.05742919, ..., -0.26902708,
         -0.44825595,  0.        ]],

       [[ 0.        , -0.02842583, -0.0409437 , ..., -0.11144025,
         -0.18439812, -0.19050486],
        [ 0.02842583,  0.        , -0.01252516, ..., -0.08314645,
         -0.15638524, -0.16252263],
        [ 0.0409437 ,  0.01252516,  0.        , ..., -0.07065814,
         -0.14400192, -0.15015124],
        ...,
        [ 0.11144025,  0.08314645,  0.07065814, ...,  0.        ,
         -0.0737203 , -0.07991887],
        [ 0.18439812,  0.15638524,  0.14400192, ...,  0.0737203 ,
          0.        , -0.00621691],
        [ 0.19050486,  0.16252263,  0.15015124, ...,  0.07991887,
          0.00621691,  0.        ]],

       [[ 0.        , -0.01822195, -0.04115973, ..., -0.15783554,
          0.07945266,  0.38404068],
        [ 0.01822195,  0.        , -0.02294639, ..., -0.13981579,
          0.09760382,  0.40080154],
        [ 0.04115973,  0.02294639,  0.        , ..., -0.11705797,
          0.12041495,  0.42171869],
        ...,
        [ 0.15783554,  0.13981579,  0.11705797, ...,  0.        ,
          0.23579332,  0.524959  ],
        [-0.07945266, -0.09760382, -0.12041495, ..., -0.23579332,
          0.        ,  0.30946666],
        [-0.38404068, -0.40080154, -0.42171869, ..., -0.524959  ,
         -0.30946666,  0.        ]]]), 'num': array([ 7.07106127e-01,  7.07106127e-01,  0.00000000e+00,  0.00000000e+00,
        4.51979394e-04,  4.59796648e-04,  4.47715437e-04,  4.95144847e-04,
       -2.84263770e-06,  4.45725591e-04,  4.50664674e-04,  4.23967568e-04,
        3.55329712e-07,  4.62404759e-04,  4.38924589e-04])}
{'img': array([[[ 0.        , -0.01856515,  0.29442026, ..., -0.1420518 ,
          0.22445604,  0.13790102],
        [ 0.01856515,  0.        ,  0.31211179, ..., -0.12365043,
          0.2425088 ,  0.15626504],
        [-0.29442026, -0.31211179,  0.        , ..., -0.42719012,
         -0.07240064, -0.15981867],
        ...,
        [ 0.1420518 ,  0.12365043,  0.42719012, ...,  0.        ,
          0.36060711,  0.27719724],
        [-0.22445604, -0.2425088 ,  0.07240064, ..., -0.36060711,
          0.        , -0.08792922],
        [-0.13790102, -0.15626504,  0.15981867, ..., -0.27719724,
          0.08792922,  0.        ]],

       [[ 0.        ,  0.85157273,  0.93223334, ...,  0.39703947,
          0.86846015,  0.64179258],
        [-0.85157273,  0.        ,  0.18056257, ..., -0.57343219,
          0.03310366, -0.31660155],
        [-0.93223334, -0.18056257,  0.        , ..., -0.7119334 ,
         -0.14790406, -0.48267191],
        ...,
        [-0.39703947,  0.57343219,  0.7119334 , ...,  0.        ,
          0.60023818,  0.28455727],
        [-0.86846015, -0.03310366,  0.14790406, ..., -0.60023818,
          0.        , -0.34782878],
        [-0.64179258,  0.31660155,  0.48267191, ..., -0.28455727,
          0.34782878,  0.        ]],

       [[ 0.        , -0.00623425, -0.00623425, ..., -0.23515069,
         -0.17751644, -0.12093568],
        [ 0.00623425,  0.        ,  0.        , ..., -0.22908668,
         -0.17137775, -0.11474483],
        [ 0.00623425,  0.        ,  0.        , ..., -0.22908668,
         -0.17137775, -0.11474483],
        ...,
        [ 0.23515069,  0.22908668,  0.22908668, ...,  0.        ,
          0.0588773 ,  0.11588025],
        [ 0.17751644,  0.17137775,  0.17137775, ..., -0.0588773 ,
          0.        ,  0.05719857],
        [ 0.12093568,  0.11474483,  0.11474483, ..., -0.11588025,
         -0.05719857,  0.        ]],

       ...,

       [[ 0.        ,  0.04903791, -0.29035586, ..., -0.45575172,
         -0.00840313, -0.02333457],
        [-0.04903791,  0.        , -0.33693183, ..., -0.4988524 ,
         -0.05742919, -0.07233105],
        [ 0.29035586,  0.33693183,  0.        , ..., -0.17766959,
          0.2823045 ,  0.26794751],
        ...,
        [ 0.45575172,  0.4988524 ,  0.17766959, ...,  0.        ,
          0.44825595,  0.43485736],
        [ 0.00840313,  0.05742919, -0.2823045 , ..., -0.44825595,
          0.        , -0.01493291],
        [ 0.02333457,  0.07233105, -0.26794751, ..., -0.43485736,
          0.01493291,  0.        ]],

       [[ 0.        , -0.01252516,  0.00516308, ..., -0.15638524,
         -0.16252263, -0.1918428 ],
        [ 0.01252516,  0.        ,  0.01768767, ..., -0.14400192,
         -0.15015124, -0.17953524],
        [-0.00516308, -0.01768767,  0.        , ..., -0.16148271,
         -0.1676149 , -0.19690743],
        ...,
        [ 0.15638524,  0.14400192,  0.16148271, ...,  0.        ,
         -0.00621691, -0.03600191],
        [ 0.16252263,  0.15015124,  0.1676149 , ...,  0.00621691,
          0.        , -0.02978834],
        [ 0.1918428 ,  0.17953524,  0.19690743, ...,  0.03600191,
          0.02978834,  0.        ]],

       [[ 0.        , -0.0174984 , -0.01015334, ...,  0.06936183,
          0.18705192,  0.51523447],
        [ 0.0174984 ,  0.        ,  0.00734571, ...,  0.08680747,
          0.20421284,  0.53015257],
        [ 0.01015334, -0.00734571,  0.        , ...,  0.07948715,
          0.19701642,  0.52390982],
        ...,
        [-0.06936183, -0.08680747, -0.07948715, ...,  0.        ,
          0.11846382,  0.45454705],
        [-0.18705192, -0.20421284, -0.19701642, ..., -0.11846382,
          0.        ,  0.34582788],
        [-0.51523447, -0.53015257, -0.52390982, ..., -0.45454705,
         -0.34582788,  0.        ]]]), 'num': array([ 7.07106101e-01,  7.07106101e-01,  0.00000000e+00,  0.00000000e+00,
        4.39898168e-04,  4.55532674e-04,  4.39898168e-04,  5.83856442e-04,
       -1.20812098e-05,  4.46009838e-04,  4.50238262e-04,  4.23849110e-04,
        2.77495575e-07,  4.62859021e-04,  4.37617503e-04])}
{'img': array([[[ 0.        ,  0.31211179,  0.81536491, ...,  0.2425088 ,
          0.15626504, -0.15716122],
        [-0.31211179,  0.        ,  0.59393737, ..., -0.07240064,
         -0.15981867, -0.45754346],
        [-0.81536491, -0.59393737,  0.        , ..., -0.65062579,
         -0.71487906, -0.89622042],
        ...,
        [-0.2425088 ,  0.07240064,  0.65062579, ...,  0.        ,
         -0.08792922, -0.39196496],
        [-0.15626504,  0.15981867,  0.71487906, ...,  0.08792922,
          0.        , -0.30955364],
        [ 0.15716122,  0.45754346,  0.89622042, ...,  0.39196496,
          0.30955364,  0.        ]],

       [[ 0.        ,  0.18334582,  0.37151023, ...,  0.03368642,
         -0.32458371, -0.17667752],
        [-0.18334582,  0.        ,  0.19498902, ..., -0.15012637,
         -0.49250044, -0.35414413],
        [-0.37151023, -0.19498902,  0.        , ..., -0.34002393,
         -0.65274843, -0.52969844],
        ...,
        [-0.03368642,  0.15012637,  0.34002393, ...,  0.        ,
         -0.35626203, -0.20973374],
        [ 0.32458371,  0.49250044,  0.65274843, ...,  0.35626203,
          0.        ,  0.15236595],
        [ 0.17667752,  0.35414413,  0.52969844, ...,  0.20973374,
         -0.15236595,  0.        ]],

       [[ 0.        ,  0.        ,  0.18623923, ..., -0.17137775,
         -0.11474483, -0.10401044],
        [ 0.        ,  0.        ,  0.18623923, ..., -0.17137775,
         -0.11474483, -0.10401044],
        [-0.18623923, -0.18623923,  0.        , ..., -0.35186329,
         -0.29774642, -0.28741982],
        ...,
        [ 0.17137775,  0.17137775,  0.35186329, ...,  0.        ,
          0.05719857,  0.06797658],
        [ 0.11474483,  0.11474483,  0.29774642, ..., -0.05719857,
          0.        ,  0.01079903],
        [ 0.10401044,  0.10401044,  0.28741982, ..., -0.06797658,
         -0.01079903,  0.        ]],

       ...,

       [[ 0.        , -0.33693183,  0.22861643, ..., -0.05742919,
         -0.07233105, -0.37530291],
        [ 0.33693183,  0.        ,  0.54325774, ...,  0.2823045 ,
          0.26794751, -0.04105572],
        [-0.22861643, -0.54325774,  0.        , ..., -0.28414739,
         -0.29843309, -0.57726868],
        ...,
        [ 0.05742919, -0.2823045 ,  0.28414739, ...,  0.        ,
         -0.01493291, -0.32145226],
        [ 0.07233105, -0.26794751,  0.29843309, ...,  0.01493291,
          0.        , -0.30727606],
        [ 0.37530291,  0.04105572,  0.57726868, ...,  0.32145226,
          0.30727606,  0.        ]],

       [[ 0.        ,  0.01768767,  0.07827457, ..., -0.15015124,
         -0.17953524, -0.1674531 ],
        [-0.01768767,  0.        ,  0.06062892, ..., -0.1676149 ,
         -0.19690743, -0.18486482],
        [-0.07827457, -0.06062892,  0.        , ..., -0.22707773,
         -0.25598712, -0.24410866],
        ...,
        [ 0.15015124,  0.1676149 ,  0.22707773, ...,  0.        ,
         -0.02978834, -0.01752358],
        [ 0.17953524,  0.19690743,  0.25598712, ...,  0.02978834,
          0.        ,  0.01226796],
        [ 0.1674531 ,  0.18486482,  0.24410866, ...,  0.01752358,
         -0.01226796,  0.        ]],

       [[ 0.        ,  0.00734571,  0.01222807, ...,  0.20421284,
          0.53015257,  0.31590953],
        [-0.00734571,  0.        ,  0.00488259, ...,  0.19701642,
          0.52390982,  0.30893148],
        [-0.01222807, -0.00488259,  0.        , ...,  0.19222718,
          0.51974472,  0.30428404],
        ...,
        [-0.20421284, -0.19701642, -0.19222718, ...,  0.        ,
          0.34582788,  0.11549726],
        [-0.53015257, -0.52390982, -0.51974472, ..., -0.34582788,
          0.        , -0.23514269],
        [-0.31590953, -0.30893148, -0.30428404, ..., -0.11549726,
          0.23514269,  0.        ]]]), 'num': array([7.07104813e-01, 7.07104813e-01, 0.00000000e+00, 0.00000000e+00,
       4.64059742e-04, 4.75430271e-04, 4.39186708e-04, 1.98464067e-03,
       2.41623755e-05, 4.50415106e-04, 4.51019165e-04, 4.24144445e-04,
       4.09995060e-07, 4.64961654e-04, 4.37076676e-04])}
{'img': array([[[ 0.        ,  0.59393737,  0.        , ..., -0.15981867,
         -0.45754346,  0.32822855],
        [-0.59393737,  0.        , -0.59393737, ..., -0.71487906,
         -0.89622042, -0.29696869],
        [ 0.        ,  0.59393737,  0.        , ..., -0.15981867,
         -0.45754346,  0.32822855],
        ...,
        [ 0.15981867,  0.71487906,  0.15981867, ...,  0.        ,
         -0.30955364,  0.47497408],
        [ 0.45754346,  0.89622042,  0.45754346, ...,  0.30955364,
          0.        ,  0.72405143],
        [-0.32822855,  0.29696869, -0.32822855, ..., -0.47497408,
         -0.72405143,  0.        ]],

       [[ 0.        ,  0.19498902,  0.65950332, ..., -0.49250044,
         -0.35414413,  0.99247196],
        [-0.19498902,  0.        ,  0.50027086, ..., -0.65274843,
         -0.52969844,  0.99730259],
        [-0.65950332, -0.50027086,  0.        , ..., -0.94418717,
         -0.8829722 ,  0.82681353],
        ...,
        [ 0.49250044,  0.65274843,  0.94418717, ...,  0.        ,
          0.15236595,  0.80344292],
        [ 0.35414413,  0.52969844,  0.8829722 , ..., -0.15236595,
          0.        ,  0.88477795],
        [-0.99247196, -0.99730259, -0.82681353, ..., -0.80344292,
         -0.88477795,  0.        ]],

       [[ 0.        ,  0.18623923,  0.36487695, ..., -0.11474483,
         -0.10401044,  0.0859453 ],
        [-0.18623923,  0.        ,  0.18509411, ..., -0.29774642,
         -0.28741982, -0.10110847],
        [-0.36487695, -0.18509411,  0.        , ..., -0.46930077,
         -0.45973745, -0.28350698],
        ...,
        [ 0.11474483,  0.29774642,  0.46930077, ...,  0.        ,
          0.01079903,  0.1996979 ],
        [ 0.10401044,  0.28741982,  0.45973745, ..., -0.01079903,
          0.        ,  0.18910474],
        [-0.0859453 ,  0.10110847,  0.28350698, ..., -0.1996979 ,
         -0.18910474,  0.        ]],

       ...,

       [[ 0.        ,  0.54325774,  0.41098365, ...,  0.26794751,
         -0.04105572,  0.46643896],
        [-0.54325774,  0.        , -0.15020907, ..., -0.29843309,
         -0.57726868, -0.08893418],
        [-0.41098365,  0.15020907,  0.        , ..., -0.15168302,
         -0.44806528,  0.06168871],
        ...,
        [-0.26794751,  0.29843309,  0.15168302, ...,  0.        ,
         -0.30727606,  0.21236905],
        [ 0.04105572,  0.57726868,  0.44806528, ...,  0.30727606,
          0.        ,  0.50236167],
        [-0.46643896,  0.08893418, -0.06168871, ..., -0.21236905,
         -0.50236167,  0.        ]],

       [[ 0.        ,  0.06062892,  0.0752378 , ..., -0.19690743,
         -0.18486482, -0.12801253],
        [-0.06062892,  0.        ,  0.01464232, ..., -0.25598712,
         -0.24410866, -0.18790713],
        [-0.0752378 , -0.01464232,  0.        , ..., -0.27011412,
         -0.25828185, -0.20226848],
        ...,
        [ 0.19690743,  0.25598712,  0.27011412, ...,  0.        ,
          0.01226796,  0.06978107],
        [ 0.18486482,  0.24410866,  0.25828185, ..., -0.01226796,
          0.        ,  0.05753776],
        [ 0.12801253,  0.18790713,  0.20226848, ..., -0.06978107,
         -0.05753776,  0.        ]],

       [[ 0.        ,  0.00488259,  0.01771799, ...,  0.52390982,
          0.30893148,  0.26575521],
        [-0.00488259,  0.        ,  0.01283596, ...,  0.51974472,
          0.30428404,  0.26104503],
        [-0.01771799, -0.01283596,  0.        , ...,  0.50873587,
          0.29203168,  0.24863264],
        ...,
        [-0.52390982, -0.51974472, -0.50873587, ...,  0.        ,
         -0.23514269, -0.278707  ],
        [-0.30893148, -0.30428404, -0.29203168, ...,  0.23514269,
          0.        , -0.04506686],
        [-0.26575521, -0.26104503, -0.24863264, ...,  0.278707  ,
          0.04506686,  0.        ]]]), 'num': array([ 7.07106024e-01,  7.07106024e-01,  0.00000000e+00,  0.00000000e+00,
        4.60507240e-04,  4.66903174e-04,  4.48426031e-04,  7.15676576e-04,
       -3.55329660e-06,  4.54253438e-04,  4.51375268e-04,  4.24204393e-04,
        3.58266269e-07,  4.65892735e-04,  4.36857800e-04])}
{'img': array([[[ 0.        , -0.59393737, -0.69985421, ..., -0.89622042,
         -0.29696869, -0.47553048],
        [ 0.59393737,  0.        , -0.13879963, ..., -0.45754346,
          0.32822855,  0.13991663],
        [ 0.69985421,  0.13879963,  0.        , ..., -0.3296958 ,
          0.45616135,  0.2759966 ],
        ...,
        [ 0.89622042,  0.45754346,  0.3296958 , ...,  0.        ,
          0.72405143,  0.57745482],
        [ 0.29696869, -0.32822855, -0.45616135, ..., -0.72405143,
          0.        , -0.19283484],
        [ 0.47553048, -0.13991663, -0.2759966 , ..., -0.57745482,
          0.19283484,  0.        ]],

       [[ 0.        ,  0.50027086, -0.50117522, ..., -0.52969844,
          0.99730259, -0.35596943],
        [-0.50027086,  0.        , -0.86685937, ..., -0.8829722 ,
          0.82681353, -0.7757248 ],
        [ 0.50117522,  0.86685937,  0.        , ..., -0.0332825 ,
          0.89979784,  0.16031038],
        ...,
        [ 0.52969844,  0.8829722 ,  0.0332825 , ...,  0.        ,
          0.88477795,  0.19307361],
        [-0.99730259, -0.82681353, -0.89979784, ..., -0.88477795,
          0.        , -0.95810499],
        [ 0.35596943,  0.7757248 , -0.16031038, ..., -0.19307361,
          0.95810499,  0.        ]],

       [[ 0.        ,  0.18509411,  0.41303691, ..., -0.28741982,
         -0.10110847,  0.14405146],
        [-0.18509411,  0.        ,  0.23733211, ..., -0.45973745,
         -0.28350698, -0.04160125],
        [-0.41303691, -0.23733211,  0.        , ..., -0.65736603,
         -0.5030012 , -0.2775393 ],
        ...,
        [ 0.28741982,  0.45973745,  0.65736603, ...,  0.        ,
          0.18910474,  0.42239526],
        [ 0.10110847,  0.28350698,  0.5030012 , ..., -0.18910474,
          0.        ,  0.24336719],
        [-0.14405146,  0.04160125,  0.2775393 , ..., -0.42239526,
         -0.24336719,  0.        ]],

       ...,

       [[ 0.        , -0.15020907, -0.4968099 , ..., -0.57726868,
         -0.08893418, -0.28745794],
        [ 0.15020907,  0.        , -0.36081287, ..., -0.44806528,
          0.06168871, -0.14032728],
        [ 0.4968099 ,  0.36081287,  0.        , ..., -0.09531581,
          0.41765892,  0.2263681 ],
        ...,
        [ 0.57726868,  0.44806528,  0.09531581, ...,  0.        ,
          0.50236167,  0.31817905],
        [ 0.08893418, -0.06168871, -0.41765892, ..., -0.50236167,
          0.        , -0.20113833],
        [ 0.28745794,  0.14032728, -0.2263681 , ..., -0.31817905,
          0.20113833,  0.        ]],

       [[ 0.        ,  0.01464232,  0.0175377 , ..., -0.24410866,
         -0.18790713, -0.16239741],
        [-0.01464232,  0.        ,  0.00289576, ..., -0.25828185,
         -0.20226848, -0.17682794],
        [-0.0175377 , -0.00289576,  0.        , ..., -0.26107827,
         -0.20510353, -0.17967733],
        ...,
        [ 0.24410866,  0.25828185,  0.26107827, ...,  0.        ,
          0.05753776,  0.08338368],
        [ 0.18790713,  0.20226848,  0.20510353, ..., -0.05753776,
          0.        ,  0.02590815],
        [ 0.16239741,  0.17682794,  0.17967733, ..., -0.08338368,
         -0.02590815,  0.        ]],

       [[ 0.        ,  0.01283596,  0.01791845, ...,  0.30428404,
          0.26104503,  0.24514099],
        [-0.01283596,  0.        ,  0.00508308, ...,  0.29203168,
          0.24863264,  0.23267649],
        [-0.01791845, -0.00508308,  0.        , ...,  0.28716641,
          0.24370596,  0.22772992],
        ...,
        [-0.30428404, -0.29203168, -0.28716641, ...,  0.        ,
         -0.04506686, -0.06148283],
        [-0.26104503, -0.24863264, -0.24370596, ...,  0.04506686,
          0.        , -0.01643876],
        [-0.24514099, -0.23267649, -0.22772992, ...,  0.06148283,
          0.01643876,  0.        ]]]), 'num': array([7.07105750e-01, 7.07105750e-01, 0.00000000e+00, 0.00000000e+00,
       4.74720242e-04, 4.80405514e-04, 4.62639038e-04, 1.11491744e-03,
       1.42131809e-05, 4.58232952e-04, 4.52156817e-04, 4.24346360e-04,
       4.11167019e-07, 4.69633107e-04, 4.34680528e-04])}
{'img': array([[[ 0.00000000e+00, -1.04771565e-01, -2.76553074e-01, ...,
          2.00116338e-01,  9.52282382e-02,  7.55479390e-01],
        [ 1.04771565e-01,  0.00000000e+00, -1.74345681e-01, ...,
          3.01667221e-01,  1.98999558e-01,  8.19964907e-01],
        [ 2.76553074e-01,  1.74345681e-01,  0.00000000e+00, ...,
          4.63270527e-01,  3.66810476e-01,  9.07204615e-01],
        ...,
        [-2.00116338e-01, -3.01667221e-01, -4.63270527e-01, ...,
          0.00000000e+00, -1.05904927e-01,  6.09086956e-01],
        [-9.52282382e-02, -1.98999558e-01, -3.66810476e-01, ...,
          1.05904927e-01,  0.00000000e+00,  6.89655172e-01],
        [-7.55479390e-01, -8.19964907e-01, -9.07204615e-01, ...,
         -6.09086956e-01, -6.89655172e-01,  0.00000000e+00]],

       [[ 0.00000000e+00, -8.66859373e-01, -6.09461473e-01, ...,
          8.26813533e-01, -7.75724804e-01, -3.81963518e-01],
        [ 8.66859373e-01,  0.00000000e+00,  3.83411026e-01, ...,
          8.99797840e-01,  1.60310380e-01,  6.10702888e-01],
        [ 6.09461473e-01, -3.83411026e-01,  0.00000000e+00, ...,
          9.98318261e-01, -2.30393128e-01,  2.60423852e-01],
        ...,
        [-8.26813533e-01, -8.99797840e-01, -9.98318261e-01, ...,
          0.00000000e+00, -9.58104994e-01, -9.78967739e-01],
        [ 7.75724804e-01, -1.60310380e-01,  2.30393128e-01, ...,
          9.58104994e-01,  0.00000000e+00,  4.75861108e-01],
        [ 3.81963518e-01, -6.10702888e-01, -2.60423852e-01, ...,
          9.78967739e-01, -4.75861108e-01,  0.00000000e+00]],

       [[ 0.00000000e+00,  7.43005869e-02,  5.43964268e-02, ...,
         -2.06860538e-01, -2.48452817e-02,  4.07186833e-01],
        [-7.43005869e-02,  0.00000000e+00, -1.99445096e-02, ...,
         -2.78982251e-01, -9.90542576e-02,  3.38199263e-01],
        [-5.43964268e-02,  1.99445096e-02,  0.00000000e+00, ...,
         -2.59774120e-01, -7.91881313e-02,  3.56901261e-01],
        ...,
        [ 2.06860538e-01,  2.78982251e-01,  2.59774120e-01, ...,
          0.00000000e+00,  1.82488792e-01,  5.87314575e-01],
        [ 2.48452817e-02,  9.90542576e-02,  7.91881313e-02, ...,
         -1.82488792e-01,  0.00000000e+00,  4.29753449e-01],
        [-4.07186833e-01, -3.38199263e-01, -3.56901261e-01, ...,
         -5.87314575e-01, -4.29753449e-01,  0.00000000e+00]],

       ...,

       [[ 0.00000000e+00, -3.60812868e-01, -2.22478187e-01, ...,
          6.16887056e-02, -1.40327281e-01,  6.63072448e-02],
        [ 3.60812868e-01,  0.00000000e+00,  1.44278393e-01, ...,
          4.17658923e-01,  2.26368100e-01,  4.21859482e-01],
        [ 2.22478187e-01, -1.44278393e-01,  0.00000000e+00, ...,
          2.82197106e-01,  8.34664520e-02,  2.86634000e-01],
        ...,
        [-6.16887056e-02, -4.17658923e-01, -2.82197106e-01, ...,
          0.00000000e+00, -2.01138326e-01,  4.62801418e-03],
        [ 1.40327281e-01, -2.26368100e-01, -8.34664520e-02, ...,
          2.01138326e-01,  0.00000000e+00,  2.05669602e-01],
        [-6.63072448e-02, -4.21859482e-01, -2.86634000e-01, ...,
         -4.62801418e-03, -2.05669602e-01,  0.00000000e+00]],

       [[ 0.00000000e+00,  2.89575581e-03,  2.25153360e-03, ...,
         -2.02268476e-01, -1.76827945e-01, -7.00160475e-02],
        [-2.89575581e-03,  0.00000000e+00, -6.44224304e-04, ...,
         -2.05103529e-01, -1.79677327e-01, -7.29044032e-02],
        [-2.25153360e-03,  6.44224304e-04,  0.00000000e+00, ...,
         -2.04472958e-01, -1.79043550e-01, -7.22618781e-02],
        ...,
        [ 2.02268476e-01,  2.05103529e-01,  2.04472958e-01, ...,
          0.00000000e+00,  2.59081542e-02,  1.33203259e-01],
        [ 1.76827945e-01,  1.79677327e-01,  1.79043550e-01, ...,
         -2.59081542e-02,  0.00000000e+00,  1.07481266e-01],
        [ 7.00160475e-02,  7.29044032e-02,  7.22618781e-02, ...,
         -1.33203259e-01, -1.07481266e-01,  0.00000000e+00]],

       [[ 0.00000000e+00,  5.08307951e-03,  8.99973000e-03, ...,
          2.48632637e-01,  2.32676494e-01,  1.03520484e-01],
        [-5.08307951e-03,  0.00000000e+00,  3.91674008e-03, ...,
          2.43705965e-01,  2.27729918e-01,  9.84633773e-02],
        [-8.99973000e-03, -3.91674008e-03,  0.00000000e+00, ...,
          2.39905448e-01,  2.23914346e-01,  9.45649147e-02],
        ...,
        [-2.48632637e-01, -2.43705965e-01, -2.39905448e-01, ...,
          0.00000000e+00, -1.64387580e-02, -1.47027094e-01],
        [-2.32676494e-01, -2.27729918e-01, -2.23914346e-01, ...,
          1.64387580e-02,  0.00000000e+00, -1.30747117e-01],
        [-1.03520484e-01, -9.84633773e-02, -9.45649147e-02, ...,
          1.47027094e-01,  1.30747117e-01,  0.00000000e+00]]]), 'num': array([ 7.07106138e-01,  7.07106138e-01,  0.00000000e+00,  0.00000000e+00,
        4.69035227e-04,  4.76141822e-04,  4.63349952e-04,  3.84338836e-04,
       -5.68527548e-06,  4.61644369e-04,  4.52903258e-04,  4.24547947e-04,
        4.11167245e-07,  4.71861223e-04,  4.33945294e-04])}
{'img': array([[[ 0.00000000e+00, -1.74345681e-01, -3.96855704e-01, ...,
          1.98999558e-01,  8.19964907e-01,  4.68103008e-01],
        [ 1.74345681e-01,  0.00000000e+00, -2.30749075e-01, ...,
          3.66810476e-01,  9.07204615e-01,  6.14998509e-01],
        [ 3.96855704e-01,  2.30749075e-01,  0.00000000e+00, ...,
          5.71576339e-01,  9.79795897e-01,  7.80353893e-01],
        ...,
        [-1.98999558e-01, -3.66810476e-01, -5.71576339e-01, ...,
          0.00000000e+00,  6.89655172e-01,  2.82890033e-01],
        [-8.19964907e-01, -9.07204615e-01, -9.79795897e-01, ...,
         -6.89655172e-01,  0.00000000e+00, -4.56632975e-01],
        [-4.68103008e-01, -6.14998509e-01, -7.80353893e-01, ...,
         -2.82890033e-01,  4.56632975e-01,  0.00000000e+00]],

       [[ 0.00000000e+00,  3.83411026e-01,  3.53950498e-01, ...,
          1.60310380e-01,  6.10702888e-01, -4.22797333e-01],
        [-3.83411026e-01,  0.00000000e+00, -3.16897624e-02, ...,
         -2.30393128e-01,  2.60423852e-01, -7.37942613e-01],
        [-3.53950498e-01,  3.16897624e-02,  0.00000000e+00, ...,
         -1.99440181e-01,  2.90889343e-01, -7.16185721e-01],
        ...,
        [-1.60310380e-01,  2.30393128e-01,  1.99440181e-01, ...,
          0.00000000e+00,  4.75861108e-01, -5.62606306e-01],
        [-6.10702888e-01, -2.60423852e-01, -2.90889343e-01, ...,
         -4.75861108e-01,  0.00000000e+00, -8.88229997e-01],
        [ 4.22797333e-01,  7.37942613e-01,  7.16185721e-01, ...,
          5.62606306e-01,  8.88229997e-01,  0.00000000e+00]],

       [[ 0.00000000e+00, -1.30531860e-02, -1.97314988e-01, ...,
         -6.85647339e-02,  1.25797035e-01,  5.04244843e-01],
        [ 1.30531860e-02,  0.00000000e+00, -1.84501615e-01, ...,
         -5.55364248e-02,  1.38735809e-01,  5.15474102e-01],
        [ 1.97314988e-01,  1.84501615e-01,  0.00000000e+00, ...,
          1.29633879e-01,  3.19071401e-01,  6.64724937e-01],
        ...,
        [ 6.85647339e-02,  5.55364248e-02, -1.29633879e-01, ...,
          0.00000000e+00,  1.93521049e-01,  5.62268000e-01],
        [-1.25797035e-01, -1.38735809e-01, -3.19071401e-01, ...,
         -1.93521049e-01,  0.00000000e+00,  3.91605742e-01],
        [-5.04244843e-01, -5.15474102e-01, -6.64724937e-01, ...,
         -5.62268000e-01, -3.91605742e-01,  0.00000000e+00]],

       ...,

       [[ 0.00000000e+00,  1.44278393e-01,  0.00000000e+00, ...,
          2.26368100e-01,  4.21859482e-01,  4.21859482e-01],
        [-1.44278393e-01,  0.00000000e+00, -1.44278393e-01, ...,
          8.34664520e-02,  2.86634000e-01,  2.86634000e-01],
        [ 0.00000000e+00,  1.44278393e-01,  0.00000000e+00, ...,
          2.26368100e-01,  4.21859482e-01,  4.21859482e-01],
        ...,
        [-2.26368100e-01, -8.34664520e-02, -2.26368100e-01, ...,
          0.00000000e+00,  2.05669602e-01,  2.05669602e-01],
        [-4.21859482e-01, -2.86634000e-01, -4.21859482e-01, ...,
         -2.05669602e-01,  0.00000000e+00,  0.00000000e+00],
        [-4.21859482e-01, -2.86634000e-01, -4.21859482e-01, ...,
         -2.05669602e-01,  0.00000000e+00,  0.00000000e+00]],

       [[ 0.00000000e+00, -6.44224304e-04,  1.47750031e-02, ...,
         -1.79677327e-01, -7.29044032e-02, -5.45791188e-03],
        [ 6.44224304e-04,  0.00000000e+00,  1.54191540e-02, ...,
         -1.79043550e-01, -7.22618781e-02, -4.81369604e-03],
        [-1.47750031e-02, -1.54191540e-02,  0.00000000e+00, ...,
         -1.94192263e-01, -8.76321311e-02, -2.02320992e-02],
        ...,
        [ 1.79677327e-01,  1.79043550e-01,  1.94192263e-01, ...,
          0.00000000e+00,  1.07481266e-01,  1.74305563e-01],
        [ 7.29044032e-02,  7.22618781e-02,  8.76321311e-02, ...,
         -1.07481266e-01,  0.00000000e+00,  6.74599293e-02],
        [ 5.45791188e-03,  4.81369604e-03,  2.02320992e-02, ...,
         -1.74305563e-01, -6.74599293e-02,  0.00000000e+00]],

       [[ 0.00000000e+00,  3.91674008e-03, -3.42052965e-02, ...,
          2.27729918e-01,  9.84633773e-02,  6.21738575e-02],
        [-3.91674008e-03,  0.00000000e+00, -3.81194822e-02, ...,
          2.23914346e-01,  9.45649147e-02,  5.82642181e-02],
        [ 3.42052965e-02,  3.81194822e-02,  0.00000000e+00, ...,
          2.60903186e-01,  1.32444841e-01,  9.62765957e-02],
        ...,
        [-2.27729918e-01, -2.23914346e-01, -2.60903186e-01, ...,
          0.00000000e+00, -1.30747117e-01, -1.66749139e-01],
        [-9.84633773e-02, -9.45649147e-02, -1.32444841e-01, ...,
          1.30747117e-01,  0.00000000e+00, -3.64011491e-02],
        [-6.21738575e-02, -5.82642181e-02, -9.62765957e-02, ...,
          1.66749139e-01,  3.64011491e-02,  0.00000000e+00]]]), 'num': array([ 7.07106138e-01,  7.07106138e-01,  0.00000000e+00,  0.00000000e+00,
        4.66903249e-04,  4.73299184e-04,  4.66903249e-04,  3.77751023e-04,
       -2.13197831e-06,  4.67045381e-04,  4.53649450e-04,  4.24784833e-04,
        4.20170907e-07,  4.73554386e-04,  4.33744515e-04])}
{'img': array([[[ 0.        , -0.23074908, -0.74344698, ...,  0.90720462,
          0.61499851,  0.54678164],
        [ 0.23074908,  0.        , -0.56906   , ...,  0.9797959 ,
          0.78035389,  0.72522629],
        [ 0.74344698,  0.56906   ,  0.        , ...,  0.91949425,
          0.99753681,  0.98815451],
        ...,
        [-0.90720462, -0.9797959 , -0.91949425, ...,  0.        ,
         -0.45663298, -0.52955459],
        [-0.61499851, -0.78035389, -0.99753681, ...,  0.45663298,
          0.        , -0.08377025],
        [-0.54678164, -0.72522629, -0.98815451, ...,  0.52955459,
          0.08377025,  0.        ]],

       [[ 0.        , -0.03168976,  0.78987165, ...,  0.26042385,
         -0.73794261, -0.75079902],
        [ 0.03168976,  0.        ,  0.80890939, ...,  0.29088934,
         -0.71618572, -0.72948988],
        [-0.78987165, -0.80890939,  0.        , ..., -0.60290595,
         -0.9856152 , -0.98217865],
        ...,
        [-0.26042385, -0.29088934,  0.60290595, ...,  0.        ,
         -0.88823   , -0.8969102 ],
        [ 0.73794261,  0.71618572,  0.9856152 , ...,  0.88823   ,
          0.        , -0.01925307],
        [ 0.75079902,  0.72948988,  0.98217865, ...,  0.8969102 ,
          0.01925307,  0.        ]],

       [[ 0.        , -0.14359611, -0.45245539, ...,  0.09437782,
          0.23318603,  0.66540912],
        [ 0.14359611,  0.        , -0.31970917, ...,  0.23635489,
          0.37040685,  0.76570453],
        [ 0.45245539,  0.31970917,  0.        , ...,  0.53460076,
          0.64793445,  0.93115162],
        ...,
        [-0.09437782, -0.23635489, -0.53460076, ...,  0.        ,
          0.14036917,  0.59198798],
        [-0.23318603, -0.37040685, -0.64793445, ..., -0.14036917,
          0.        ,  0.47299677],
        [-0.66540912, -0.76570453, -0.93115162, ..., -0.59198798,
         -0.47299677,  0.        ]],

       ...,

       [[ 0.        , -0.14427839, -0.52563615, ...,  0.286634  ,
          0.286634  ,  0.32064021],
        [ 0.14427839,  0.        , -0.39739749, ...,  0.42185948,
          0.42185948,  0.45394604],
        [ 0.52563615,  0.39739749,  0.        , ...,  0.7474228 ,
          0.7474228 ,  0.77065479],
        ...,
        [-0.286634  , -0.42185948, -0.7474228 , ...,  0.        ,
          0.        ,  0.03568617],
        [-0.286634  , -0.42185948, -0.7474228 , ...,  0.        ,
          0.        ,  0.03568617],
        [-0.32064021, -0.45394604, -0.77065479, ..., -0.03568617,
         -0.03568617,  0.        ]],

       [[ 0.        ,  0.01541915,  0.05920498, ..., -0.07226188,
         -0.0048137 ,  0.04866674],
        [-0.01541915,  0.        ,  0.04380583, ..., -0.08763213,
         -0.0202321 ,  0.03326007],
        [-0.05920498, -0.04380583,  0.        , ..., -0.13118532,
         -0.06400954, -0.01055345],
        ...,
        [ 0.07226188,  0.08763213,  0.13118532, ...,  0.        ,
          0.06745993,  0.12071576],
        [ 0.0048137 ,  0.0202321 ,  0.06400954, ..., -0.06745993,
          0.        ,  0.05347417],
        [-0.04866674, -0.03326007,  0.01055345, ..., -0.12071576,
         -0.05347417,  0.        ]],

       [[ 0.        , -0.03811948, -0.33564579, ...,  0.09456491,
          0.05826422,  0.04878925],
        [ 0.03811948,  0.        , -0.29949373, ...,  0.13244484,
          0.0962766 ,  0.08682787],
        [ 0.33564579,  0.29949373,  0.        , ...,  0.4232207 ,
          0.3899598 ,  0.38120497],
        ...,
        [-0.09456491, -0.13244484, -0.4232207 , ...,  0.        ,
         -0.03640115, -0.04588169],
        [-0.05826422, -0.0962766 , -0.3899598 , ...,  0.03640115,
          0.        , -0.00948847],
        [-0.04878925, -0.08682787, -0.38120497, ...,  0.04588169,
          0.00948847,  0.        ]]]), 'num': array([7.07106045e-01, 7.07106045e-01, 0.00000000e+00, 0.00000000e+00,
       4.76141759e-04, 4.78984396e-04, 4.64060550e-04, 6.24228952e-04,
       9.23857144e-06, 4.69461561e-04, 4.54644314e-04, 4.25305927e-04,
       4.39931973e-07, 4.76827246e-04, 4.32461381e-04])}
{'img': array([[[ 0.        , -0.56276255, -0.79778607, ...,  0.7567523 ,
          0.70482589,  0.98298731],
        [ 0.56276255,  0.        , -0.3201524 , ...,  0.99342438,
          0.98183488,  0.91592015],
        [ 0.79778607,  0.3201524 ,  0.        , ...,  0.97779083,
          0.99090191,  0.73921511],
        ...,
        [-0.7567523 , -0.99342438, -0.97779083, ...,  0.        ,
         -0.07607931,  0.50358518],
        [-0.70482589, -0.98183488, -0.99090191, ...,  0.07607931,
          0.        ,  0.56785406],
        [-0.98298731, -0.91592015, -0.73921511, ..., -0.50358518,
         -0.56785406,  0.        ]],

       [[ 0.        ,  0.80890939,  0.93951365, ..., -0.71618572,
         -0.72948988, -0.32631729],
        [-0.80890939,  0.        ,  0.82943212, ..., -0.9856152 ,
         -0.98217865, -0.95648274],
        [-0.93951365, -0.82943212,  0.        , ..., -0.41039392,
         -0.39276081, -0.77631754],
        ...,
        [ 0.71618572,  0.9856152 ,  0.41039392, ...,  0.        ,
         -0.01925307,  0.44924191],
        [ 0.72948988,  0.98217865,  0.39276081, ...,  0.01925307,
          0.        ,  0.46635953],
        [ 0.32631729,  0.95648274,  0.77631754, ..., -0.44924191,
         -0.46635953,  0.        ]],

       [[ 0.        , -0.30385366, -0.57095612, ...,  0.33255484,
          0.56725207,  0.79954232],
        [ 0.30385366,  0.        , -0.29450262, ...,  0.60339073,
          0.79066859,  0.94423641],
        [ 0.57095612,  0.29450262,  0.        , ...,  0.8114806 ,
          0.93591055,  0.99933053],
        ...,
        [-0.33255484, -0.60339073, -0.8114806 , ...,  0.        ,
          0.26109268,  0.55429982],
        [-0.56725207, -0.79066859, -0.93591055, ..., -0.26109268,
          0.        ,  0.31776133],
        [-0.79954232, -0.94423641, -0.99933053, ..., -0.55429982,
         -0.31776133,  0.        ]],

       ...,

       [[ 0.        , -0.39739749, -0.55976202, ...,  0.42185948,
          0.45394604,  0.52310196],
        [ 0.39739749,  0.        , -0.18435891, ...,  0.7474228 ,
          0.77065479,  0.81871273],
        [ 0.55976202,  0.18435891,  0.        , ...,  0.85708982,
          0.87492823,  0.91053866],
        ...,
        [-0.42185948, -0.7474228 , -0.85708982, ...,  0.        ,
          0.03568617,  0.11473804],
        [-0.45394604, -0.77065479, -0.87492823, ..., -0.03568617,
          0.        ,  0.07921447],
        [-0.52310196, -0.81871273, -0.91053866, ..., -0.11473804,
         -0.07921447,  0.        ]],

       [[ 0.        ,  0.04380583,  0.33910237, ..., -0.0202321 ,
          0.03326007,  0.14327768],
        [-0.04380583,  0.        ,  0.29756654, ..., -0.06400954,
         -0.01055345,  0.09978627],
        [-0.33910237, -0.29756654,  0.        , ..., -0.3580663 ,
         -0.30762536, -0.20081529],
        ...,
        [ 0.0202321 ,  0.06400954,  0.3580663 , ...,  0.        ,
