state_0,state_1,state_2,state_3,state_4,state_5,state_6,state_7,state_8,state_9,state_10,state_11,state_12,state_13,state_14,state_15,state_16,state_17,state_18,state_19,state_20,state_21,state_22,state_23,state_24,state_25,state_26,state_27,state_28,state_29,state_30,state_31,state_32,state_33,state_34,state_35,state_36,state_37,state_38,state_39,state_40,state_41,state_42,state_43,state_44,state_45,state_46,state_47,state_48,state_49,state_50,state_51,state_52,state_53,state_54,state_55,state_56,state_57,state_58,state_59,state_60,state_61,state_62,state_63,state_64,state_65,state_66,state_67,state_68,state_69,state_70,state_71,state_72,state_73,state_74,state_75,state_76,state_77,state_78,state_79,state_80,state_81,state_82,state_83,state_84,state_85,state_86,state_87,state_88,state_89,state_90,state_91,state_92,state_93,state_94,state_95,state_96,state_97,state_98,state_99,state_100,state_101,state_102,state_103,state_104,state_105,state_106,state_107,state_108,state_109,state_110,state_111,state_112,state_113,state_114,state_115,state_116,state_117,state_118,state_119,state_120,state_121,state_122,state_123,state_124,state_125,state_126,state_127,state_128,state_129,state_130,state_131,state_132,state_133,state_134,state_135,state_136,state_137,state_138,state_139,state_140,state_141,state_142,state_143,state_144,state_145,state_146,state_147,state_148,state_149,state_150,state_151,state_152,state_153,state_154,state_155,state_156,state_157,state_158,state_159,state_160,state_161,state_162,state_163,state_164,state_165,state_166,state_167,state_168,state_169,state_170,state_171,state_172,state_173,state_174,state_175,state_176,state_177,state_178,state_179,state_180,state_181,state_182,state_183,state_184,state_185,state_186,state_187,state_188,state_189,state_190,state_191,state_192,state_193,state_194,state_195,state_196,state_197,state_198,state_199,state_200,state_201,state_202,state_203,state_204,state_205,state_206,state_207,state_208,state_209,state_210,state_211,state_212,state_213,state_214,state_215,state_216,state_217,state_218,state_219,state_220,state_221,state_222,state_223,state_224,state_225,state_226,state_227,state_228,state_229,state_230,state_231,state_232,state_233,state_234,state_235,state_236,state_237,state_238,state_239,state_240,state_241,state_242,state_243,state_244,state_245,state_246,state_247,state_248,state_249,state_250,state_251,state_252,state_253,state_254,state_255,state_256,state_257,state_258,state_259,state_260,state_261,state_262,state_263,state_264,state_265,state_266,state_267,state_268,state_269,state_270,state_271,state_272,state_273,state_274,state_275,state_276,state_277,state_278,state_279,state_280,state_281,state_282,state_283,state_284,state_285,state_286,state_287
{'img': array([[[ 0.        , -0.4132568 , -0.51904222, ..., -0.        ,
         -0.6300725 , -0.88006117],
        [ 0.4132568 ,  0.        , -0.11941671, ..., -0.4132568 ,
         -0.89466209, -0.99763575],
        [ 0.51904222,  0.11941671,  0.        , ..., -0.51904222,
         -0.94160872, -0.99870362],
        ...,
        [ 0.        ,  0.4132568 ,  0.51904222, ...,  0.        ,
          0.6300725 ,  0.88006117],
        [ 0.6300725 ,  0.89466209,  0.94160872, ..., -0.6300725 ,
          0.        ,  0.38420302],
        [ 0.88006117,  0.99763575,  0.99870362, ..., -0.88006117,
         -0.38420302,  0.        ]],

       [[ 0.        ,  0.18868557,  0.15391035, ...,  0.93564777,
          0.59142645,  0.45484014],
        [-0.18868557,  0.        , -0.0352916 , ...,  0.98543503,
          0.42865469,  0.27863181],
        [-0.15391035,  0.0352916 ,  0.        , ...,  0.97881974,
          0.4602725 ,  0.31235221],
        ...,
        [-0.93564777, -0.98543503, -0.97881974, ...,  0.        ,
         -0.96320316, -0.99379183],
        [-0.59142645, -0.42865469, -0.4602725 , ...,  0.96320316,
          0.        , -0.15994407],
        [-0.45484014, -0.27863181, -0.31235221, ...,  0.99379183,
          0.15994407,  0.        ]],

       [[ 0.        , -0.16084814, -0.43910142, ..., -0.65247239,
         -0.3874874 , -0.        ],
        [ 0.16084814,  0.        , -0.28887195, ..., -0.76586938,
         -0.53072387, -0.16084814],
        [ 0.43910142,  0.28887195,  0.        , ..., -0.91896221,
         -0.75292983, -0.43910142],
        ...,
        [ 0.65247239,  0.76586938,  0.91896221, ...,  0.        ,
         -0.30785519, -0.65247239],
        [ 0.3874874 ,  0.53072387,  0.75292983, ...,  0.30785519,
          0.        , -0.3874874 ],
        [ 0.        ,  0.16084814,  0.43910142, ...,  0.65247239,
          0.3874874 ,  0.        ]],

       ...,

       [[ 0.        ,  0.0093706 , -0.22227717, ..., -0.98103491,
         -0.55327886, -0.51326797],
        [-0.0093706 ,  0.        , -0.23140359, ..., -0.98280815,
         -0.56106024, -0.52128755],
        [ 0.22227717,  0.23140359,  0.        , ..., -0.91340862,
         -0.35428175, -0.30966322],
        ...,
        [ 0.98103491,  0.98280815,  0.91340862, ...,  0.        ,
          0.70995558,  0.7424647 ],
        [ 0.55327886,  0.56106024,  0.35428175, ..., -0.70995558,
          0.        ,  0.04728941],
        [ 0.51326797,  0.52128755,  0.30966322, ..., -0.7424647 ,
         -0.04728941,  0.        ]],

       [[ 0.        , -0.3825357 , -0.57380057, ..., -0.90792066,
         -0.9277619 , -0.92297011],
        [ 0.3825357 ,  0.        , -0.21686287, ..., -0.99920167,
         -0.99994887, -0.9999968 ],
        [ 0.57380057,  0.21686287,  0.        , ..., -0.98408649,
         -0.97395911, -0.97674752],
        ...,
        [ 0.90792066,  0.99920167,  0.98408649, ...,  0.        ,
          0.05005286,  0.03742269],
        [ 0.9277619 ,  0.99994887,  0.97395911, ..., -0.05005286,
          0.        , -0.01264201],
        [ 0.92297011,  0.9999968 ,  0.97674752, ..., -0.03742269,
          0.01264201,  0.        ]],

       [[ 0.        , -0.1661047 , -0.20655172, ..., -0.67298274,
         -0.38841661, -0.        ],
        [ 0.1661047 ,  0.        , -0.04115956, ..., -0.78649445,
         -0.53608358, -0.1661047 ],
        [ 0.20655172,  0.04115956,  0.        , ..., -0.811248  ,
         -0.57037475, -0.20655172],
        ...,
        [ 0.67298274,  0.78649445,  0.811248  , ...,  0.        ,
         -0.33284722, -0.67298274],
        [ 0.38841661,  0.53608358,  0.57037475, ...,  0.33284722,
          0.        , -0.38841661],
        [ 0.        ,  0.1661047 ,  0.20655172, ...,  0.67298274,
          0.38841661,  0.        ]]]), 'num': array([7.07098076e-01, 7.07098076e-01, 0.00000000e+00, 0.00000000e+00,
       1.42121449e-03, 1.42823284e-03, 1.37734985e-03, 2.81767178e-03,
       1.75458580e-05, 1.37734985e-03, 1.47358888e-03, 1.50987956e-03,
       5.71447667e-07, 1.60700791e-03, 1.34016985e-03])}
{'img': array([[[ 0.        , -0.3369558 , -0.53007107, ..., -0.642743  ,
         -0.89288115, -0.94280904],
        [ 0.3369558 ,  0.        , -0.21335001, ..., -0.86329142,
         -0.99239452, -0.99999261],
        [ 0.53007107,  0.21335001,  0.        , ..., -0.95109384,
         -0.99580842, -0.97614832],
        ...,
        [ 0.642743  ,  0.86329142,  0.95109384, ...,  0.        ,
          0.39459778,  0.50802125],
        [ 0.89288115,  0.99239452,  0.99580842, ..., -0.39459778,
          0.        ,  0.12691269],
        [ 0.94280904,  0.99999261,  0.97614832, ..., -0.50802125,
         -0.12691269,  0.        ]],

       [[ 0.        , -0.0352916 ,  0.54135728, ...,  0.42865469,
          0.27863181,  0.04668637],
        [ 0.0352916 ,  0.        ,  0.57069296, ...,  0.4602725 ,
          0.31235221,  0.0819104 ],
        [-0.54135728, -0.57069296,  0.        , ..., -0.12868948,
         -0.28564687, -0.50151343],
        ...,
        [-0.42865469, -0.4602725 ,  0.12868948, ...,  0.        ,
         -0.15994407, -0.38600762],
        [-0.27863181, -0.31235221,  0.28564687, ...,  0.15994407,
          0.        , -0.23349049],
        [-0.04668637, -0.0819104 ,  0.50151343, ...,  0.38600762,
          0.23349049,  0.        ]],

       [[ 0.        , -0.41164806, -0.58330175, ..., -0.41164806,
         -0.14405452, -0.        ],
        [ 0.41164806,  0.        , -0.19722449, ..., -0.75030508,
         -0.53863754, -0.41164806],
        [ 0.58330175,  0.19722449,  0.        , ..., -0.86595133,
         -0.69422686, -0.58330175],
        ...,
        [ 0.41164806,  0.75030508,  0.86595133, ...,  0.        ,
         -0.27607141, -0.41164806],
        [ 0.14405452,  0.53863754,  0.69422686, ...,  0.27607141,
          0.        , -0.14405452],
        [ 0.        ,  0.41164806,  0.58330175, ...,  0.41164806,
          0.14405452,  0.        ]],

       ...,

       [[ 0.        , -0.23140359,  0.27821775, ..., -0.56106024,
         -0.52128755, -0.52128755],
        [ 0.23140359,  0.        ,  0.49293364, ..., -0.35428175,
         -0.30966322, -0.30966322],
        [-0.27821775, -0.49293364,  0.        , ..., -0.76921016,
         -0.73813185, -0.73813185],
        ...,
        [ 0.56106024,  0.35428175,  0.76921016, ...,  0.        ,
          0.04728941,  0.04728941],
        [ 0.52128755,  0.30966322,  0.73813185, ..., -0.04728941,
          0.        ,  0.        ],
        [ 0.52128755,  0.30966322,  0.73813185, ..., -0.04728941,
          0.        ,  0.        ]],

       [[ 0.        , -0.45418868, -0.56514511, ..., -0.93734883,
         -0.93273845, -0.90814807],
        [ 0.45418868,  0.        , -0.12878909, ..., -0.99332507,
         -0.99474125, -0.99921982],
        [ 0.56514511,  0.12878909,  0.        , ..., -0.97019702,
         -0.97326648, -0.98581196],
        ...,
        [ 0.93734883,  0.99332507,  0.97019702, ...,  0.        ,
         -0.01300575, -0.0760285 ],
        [ 0.93273845,  0.99474125,  0.97326648, ...,  0.01300575,
          0.        , -0.06305396],
        [ 0.90814807,  0.99921982,  0.98581196, ...,  0.0760285 ,
          0.06305396,  0.        ]],

       [[ 0.        , -0.12258527, -0.27969442, ..., -0.48382448,
         -0.3050183 , -0.        ],
        [ 0.12258527,  0.        , -0.15989218, ..., -0.58745781,
         -0.4194615 , -0.12258527],
        [ 0.27969442,  0.15989218,  0.        , ..., -0.70929338,
         -0.55921074, -0.27969442],
        ...,
        [ 0.48382448,  0.58745781,  0.70929338, ...,  0.        ,
         -0.19382719, -0.48382448],
        [ 0.3050183 ,  0.4194615 ,  0.55921074, ...,  0.19382719,
          0.        , -0.3050183 ],
        [ 0.        ,  0.12258527,  0.27969442, ...,  0.48382448,
          0.3050183 ,  0.        ]]]), 'num': array([7.07097037e-01, 7.07097037e-01, 0.00000000e+00, 0.00000000e+00,
       1.44753115e-03, 1.45981324e-03, 1.40015741e-03, 3.26485827e-03,
       2.63187483e-05, 1.38998082e-03, 1.46937572e-03, 1.50698228e-03,
       5.92764601e-07, 1.60048183e-03, 1.33826960e-03])}
{'img': array([[[ 0.        , -0.42834672, -0.86251934, ..., -0.90104051,
         -0.94966971, -0.99117898],
        [ 0.42834672,  0.        , -0.56263119, ..., -0.99998217,
         -0.99231618, -0.9524125 ],
        [ 0.86251934,  0.56263119,  0.        , ..., -0.83005298,
         -0.75074254, -0.61587024],
        ...,
        [ 0.90104051,  0.99998217,  0.83005298, ...,  0.        ,
          0.12965128,  0.31049395],
        [ 0.94966971,  0.99231618,  0.75074254, ..., -0.12965128,
          0.        ,  0.18462996],
        [ 0.99117898,  0.9524125 ,  0.61587024, ..., -0.31049395,
         -0.18462996,  0.        ]],

       [[ 0.        ,  0.57069296,  0.69157282, ...,  0.31235221,
          0.0819104 ,  0.22344624],
        [-0.57069296,  0.        ,  0.98010975, ..., -0.28564687,
         -0.50151343, -0.3727778 ],
        [-0.69157282, -0.98010975,  0.        , ..., -0.88258503,
         -0.74841336, -0.835484  ],
        ...,
        [-0.31235221,  0.28564687,  0.88258503, ...,  0.        ,
         -0.23349049, -0.09218836],
        [-0.0819104 ,  0.50151343,  0.74841336, ...,  0.23349049,
          0.        ,  0.142856  ],
        [-0.22344624,  0.3727778 ,  0.835484  , ...,  0.09218836,
         -0.142856  ,  0.        ]],

       [[ 0.        , -0.44341484, -0.66871394, ..., -0.1473397 ,
         -0.        , -0.43220886],
        [ 0.44341484,  0.        , -0.26969164, ..., -0.57063839,
         -0.44341484, -0.7872557 ],
        [ 0.66871394,  0.26969164,  0.        , ..., -0.77096554,
         -0.66871394, -0.92438437],
        ...,
        [ 0.1473397 ,  0.57063839,  0.77096554, ...,  0.        ,
         -0.1473397 ,  0.29462466],
        [ 0.        ,  0.44341484,  0.66871394, ...,  0.1473397 ,
          0.        ,  0.43220886],
        [ 0.43220886,  0.7872557 ,  0.92438437, ..., -0.29462466,
         -0.43220886,  0.        ]],

       ...,

       [[ 0.        ,  0.49293364,  0.13754045, ..., -0.30966322,
         -0.30966322, -0.25376997],
        [-0.49293364,  0.        , -0.36857948, ..., -0.73813185,
         -0.73813185, -0.69759411],
        [-0.13754045,  0.36857948,  0.        , ..., -0.43750006,
         -0.43750006, -0.38439619],
        ...,
        [ 0.30966322,  0.73813185,  0.43750006, ...,  0.        ,
          0.        ,  0.05823004],
        [ 0.30966322,  0.73813185,  0.43750006, ...,  0.        ,
          0.        ,  0.05823004],
        [ 0.25376997,  0.69759411,  0.38439619, ..., -0.05823004,
         -0.05823004,  0.        ]],

       [[ 0.        , -0.36684232, -0.36314587, ..., -0.946173  ,
         -0.92287131, -0.88011401],
        [ 0.36684232,  0.        ,  0.00397037, ..., -0.99894146,
         -0.99980571, -0.99291816],
        [ 0.36314587, -0.00397037,  0.        , ..., -0.99911622,
         -0.99971956, -0.99243865],
        ...,
        [ 0.946173  ,  0.99894146,  0.99911622, ...,  0.        ,
         -0.06568151, -0.16434851],
        [ 0.92287131,  0.99980571,  0.99971956, ...,  0.06568151,
          0.        , -0.09920523],
        [ 0.88011401,  0.99291816,  0.99243865, ...,  0.16434851,
          0.09920523,  0.        ]],

       [[ 0.        , -0.25185463, -0.54496708, ..., -0.34998818,
         -0.17700269, -0.        ],
        [ 0.25185463,  0.        , -0.31623072, ..., -0.5746322 ,
         -0.41917496, -0.25185463],
        [ 0.54496708,  0.31623072,  0.        , ..., -0.80395035,
         -0.68477148, -0.54496708],
        ...,
        [ 0.34998818,  0.5746322 ,  0.80395035, ...,  0.        ,
         -0.17865399, -0.34998818],
        [ 0.17700269,  0.41917496,  0.68477148, ...,  0.17865399,
          0.        , -0.17700269],
        [ 0.        ,  0.25185463,  0.54496708, ...,  0.34998818,
          0.17700269,  0.        ]]]), 'num': array([ 7.09281292e-01,  7.04909538e-01,  5.27989629e-08, -1.52850596e-12,
        1.45725138e-03,  1.46429124e-03,  1.43613179e-03,  2.33501654e-03,
        5.27989629e-06,  1.42064410e-03,  1.46983513e-03,  1.50893569e-03,
        6.86386518e-07,  1.59811850e-03,  1.34155176e-03])}
{'img': array([[[ 0.        , -0.8129894 , -0.66500889, ..., -0.96044173,
         -0.99606661, -0.99871733],
        [ 0.8129894 ,  0.        ,  0.21994894, ..., -0.78564667,
         -0.65202519, -0.62269563],
        [ 0.66500889, -0.21994894,  0.        , ..., -0.90248428,
         -0.80282269, -0.77954884],
        ...,
        [ 0.96044173,  0.78564667,  0.90248428, ...,  0.        ,
          0.19228321,  0.22949385],
        [ 0.99606661,  0.65202519,  0.80282269, ..., -0.19228321,
          0.        ,  0.03806019],
        [ 0.99871733,  0.62269563,  0.77954884, ..., -0.22949385,
         -0.03806019,  0.        ]],

       [[ 0.        ,  0.98010975,  0.02480714, ..., -0.50151343,
         -0.3727778 , -0.64987487],
        [-0.98010975,  0.        , -0.98473126, ..., -0.74841336,
         -0.835484  , -0.6159521 ],
        [-0.02480714,  0.98473126,  0.        , ..., -0.52282098,
         -0.39568214, -0.66852932],
        ...,
        [ 0.50151343,  0.74841336,  0.52282098, ...,  0.        ,
          0.142856  , -0.18106827],
        [ 0.3727778 ,  0.835484  ,  0.39568214, ..., -0.142856  ,
          0.        , -0.31970581],
        [ 0.64987487,  0.6159521 ,  0.66852932, ...,  0.18106827,
          0.31970581,  0.        ]],

       [[ 0.        , -0.5443643 , -0.69307726, ..., -0.        ,
         -0.44324021, -0.73267792],
        [ 0.5443643 ,  0.        , -0.18897486, ..., -0.5443643 ,
         -0.85978129, -0.98508711],
        [ 0.69307726,  0.18897486,  0.        , ..., -0.69307726,
         -0.94079205, -0.99985206],
        ...,
        [ 0.        ,  0.5443643 ,  0.69307726, ...,  0.        ,
          0.44324021,  0.73267792],
        [ 0.44324021,  0.85978129,  0.94079205, ..., -0.44324021,
          0.        ,  0.35511615],
        [ 0.73267792,  0.98508711,  0.99985206, ..., -0.73267792,
         -0.35511615,  0.        ]],

       ...,

       [[ 0.        , -0.36857948, -0.33093939, ..., -0.73813185,
         -0.69759411, -0.51953305],
        [ 0.36857948,  0.        ,  0.04017075, ..., -0.43750006,
         -0.38439619, -0.1680231 ],
        [ 0.33093939, -0.04017075,  0.        , ..., -0.4732692 ,
         -0.42117028, -0.20748713],
        ...,
        [ 0.73813185,  0.43750006,  0.4732692 , ...,  0.        ,
          0.05823004,  0.28019068],
        [ 0.69759411,  0.38439619,  0.42117028, ..., -0.05823004,
          0.        ,  0.22381766],
        [ 0.51953305,  0.1680231 ,  0.20748713, ..., -0.28019068,
         -0.22381766,  0.        ]],

       [[ 0.        ,  0.05475863, -0.26296289, ..., -0.95014201,
         -0.91352281, -0.85830782],
        [-0.05475863,  0.        , -0.3153998 , ..., -0.93164174,
         -0.88987705, -0.82892146],
        [ 0.26296289,  0.3153998 ,  0.        , ..., -0.9986991 ,
         -0.98834226, -0.96303599],
        ...,
        [ 0.95014201,  0.93164174,  0.9986991 , ...,  0.        ,
         -0.1016535 , -0.21991587],
        [ 0.91352281,  0.88987705,  0.98834226, ...,  0.1016535 ,
          0.        , -0.11961177],
        [ 0.85830782,  0.82892146,  0.96303599, ...,  0.21991587,
          0.11961177,  0.        ]],

       [[ 0.        , -0.49476229, -0.59774239, ..., -0.21280523,
         -0.1173767 , -0.        ],
        [ 0.49476229,  0.        , -0.12280998, ..., -0.66836336,
         -0.59334591, -0.49476229],
        [ 0.59774239,  0.12280998,  0.        , ..., -0.75465434,
         -0.68771   , -0.59774239],
        ...,
        [ 0.21280523,  0.66836336,  0.75465434, ...,  0.        ,
         -0.09664606, -0.21280523],
        [ 0.1173767 ,  0.59334591,  0.68771   , ...,  0.09664606,
          0.        , -0.1173767 ],
        [ 0.        ,  0.49476229,  0.59774239, ...,  0.21280523,
          0.1173767 ,  0.        ]]]), 'num': array([ 7.08542942e-01,  7.05648973e-01,  3.51636570e-08,  3.18479772e-11,
        1.44698449e-03,  1.48390633e-03,  1.44346812e-03,  3.04088273e-03,
       -8.79091426e-06,  1.43678703e-03,  1.46500586e-03,  1.50482870e-03,
        7.33359692e-07,  1.59172133e-03,  1.33829039e-03])}
{'img': array([[[ 0.        ,  0.25071034,  0.03494157, ..., -0.68407506,
         -0.65473898, -0.70307221],
        [-0.25071034,  0.        , -0.21673164, ..., -0.84509821,
         -0.82332871, -0.85890235],
        [-0.03494157,  0.21673164,  0.        , ..., -0.70914412,
         -0.68074993, -0.72749048],
        ...,
        [ 0.68407506,  0.84509821,  0.70914412, ...,  0.        ,
          0.03948736, -0.02637064],
        [ 0.65473898,  0.82332871,  0.68074993, ..., -0.03948736,
          0.        , -0.06582371],
        [ 0.70307221,  0.85890235,  0.72749048, ...,  0.02637064,
          0.06582371,  0.        ]],

       [[ 0.        , -0.98473126, -0.93655741, ..., -0.835484  ,
         -0.6159521 , -0.79389602],
        [ 0.98473126,  0.        , -0.18212506, ..., -0.39568214,
         -0.66852932, -0.46056678],
        [ 0.93655741,  0.18212506,  0.        , ..., -0.22180312,
         -0.5219046 , -0.2912052 ],
        ...,
        [ 0.835484  ,  0.39568214,  0.22180312, ...,  0.        ,
         -0.31970581, -0.07176141],
        [ 0.6159521 ,  0.66852932,  0.5219046 , ...,  0.31970581,
          0.        ,  0.25088641],
        [ 0.79389602,  0.46056678,  0.2912052 , ...,  0.07176141,
         -0.25088641,  0.        ]],

       [[ 0.        , -0.49008528, -0.67919344, ..., -0.46114664,
         -0.75771797, -0.86827246],
        [ 0.49008528,  0.        , -0.23233294, ..., -0.83683416,
         -0.98030434, -0.9999762 ],
        [ 0.67919344,  0.23233294,  0.        , ..., -0.94112747,
         -0.99936368, -0.97421612],
        ...,
        [ 0.46114664,  0.83683416,  0.94112747, ...,  0.        ,
          0.37140523,  0.54166979],
        [ 0.75771797,  0.98030434,  0.99936368, ..., -0.37140523,
          0.        ,  0.1907246 ],
        [ 0.86827246,  0.9999762 ,  0.97421612, ..., -0.54166979,
         -0.1907246 ,  0.        ]],

       ...,

       [[ 0.        ,  0.04017075, -0.48500617, ..., -0.38439619,
         -0.1680231 , -0.06139899],
        [-0.04017075,  0.        , -0.51974444, ..., -0.42117028,
         -0.20748713, -0.1014444 ],
        [ 0.48500617,  0.51974444,  0.        , ...,  0.1115837 ,
          0.33117286,  0.43039703],
        ...,
        [ 0.38439619,  0.42117028, -0.1115837 , ...,  0.        ,
          0.22381766,  0.32698935],
        [ 0.1680231 ,  0.20748713, -0.33117286, ..., -0.22381766,
          0.        ,  0.10718001],
        [ 0.06139899,  0.1014444 , -0.43039703, ..., -0.32698935,
         -0.10718001,  0.        ]],

       [[ 0.        , -0.3153998 , -0.32346423, ..., -0.88987705,
         -0.82892146, -0.77884487],
        [ 0.3153998 ,  0.        , -0.00851022, ..., -0.98834226,
         -0.96303599, -0.93691575],
        [ 0.32346423,  0.00851022,  0.        , ..., -0.98960214,
         -0.96529354, -0.93985661],
        ...,
        [ 0.88987705,  0.98834226,  0.98960214, ...,  0.        ,
         -0.11961177, -0.20283631],
        [ 0.82892146,  0.96303599,  0.96529354, ...,  0.11961177,
          0.        , -0.08425473],
        [ 0.77884487,  0.93691575,  0.93985661, ...,  0.20283631,
          0.08425473,  0.        ]],

       [[ 0.        , -0.37120101, -0.56715592, ..., -0.21913768,
         -0.18345501, -0.        ],
        [ 0.37120101,  0.        , -0.22090903, ..., -0.56565943,
         -0.53524865, -0.37120101],
        [ 0.56715592,  0.22090903,  0.        , ..., -0.73385468,
         -0.70862567, -0.56715592],
        ...,
        [ 0.21913768,  0.56565943,  0.73385468, ...,  0.        ,
         -0.03642256, -0.21913768],
        [ 0.18345501,  0.53524865,  0.70862567, ...,  0.03642256,
          0.        , -0.18345501],
        [ 0.        ,  0.37120101,  0.56715592, ...,  0.21913768,
          0.18345501,  0.        ]]]), 'num': array([ 7.49098577e-01,  6.62415490e-01,  1.03936556e-06, -4.14954079e-11,
        1.54791227e-03,  1.55904833e-03,  1.52564015e-03,  6.15079832e-03,
        2.04161091e-05,  1.52935217e-03,  1.54484986e-03,  1.58719782e-03,
        8.60337932e-07,  1.67766692e-03,  1.41203280e-03])}
{'img': array([[[ 0.        , -0.21673164, -0.12537473, ..., -0.82332871,
         -0.85890235, -0.77597281],
        [ 0.21673164,  0.        ,  0.09262678, ..., -0.68074993,
         -0.72749048, -0.62082186],
        [ 0.12537473, -0.09262678,  0.        , ..., -0.74567391,
         -0.78791581, -0.6907678 ],
        ...,
        [ 0.82332871,  0.68074993,  0.74567391, ...,  0.        ,
         -0.06582371,  0.07891317],
        [ 0.85890235,  0.72749048,  0.78791581, ...,  0.06582371,
          0.        ,  0.14436046],
        [ 0.77597281,  0.62082186,  0.6907678 , ..., -0.07891317,
         -0.14436046,  0.        ]],

       [[ 0.        , -0.19609543, -0.46155973, ..., -0.70318195,
         -0.49000323,  0.29625507],
        [ 0.19609543,  0.        , -0.27864041, ..., -0.55010374,
         -0.30954929,  0.47779571],
        [ 0.46155973,  0.27864041,  0.        , ..., -0.29562558,
         -0.03233521,  0.70365036],
        ...,
        [ 0.70318195,  0.55010374,  0.29562558, ...,  0.        ,
          0.26458104,  0.88225561],
        [ 0.49000323,  0.30954929,  0.03233521, ..., -0.26458104,
          0.        ,  0.72625808],
        [-0.29625507, -0.47779571, -0.70365036, ..., -0.88225561,
         -0.72625808,  0.        ]],

       [[ 0.        , -0.52216773, -0.67356232, ..., -0.77759737,
         -0.8871202 , -0.93755907],
        [ 0.52216773,  0.        , -0.18849272, ..., -0.99148784,
         -0.99757458, -0.98121407],
        [ 0.67356232,  0.18849272,  0.        , ..., -0.99825664,
         -0.96657246, -0.92726099],
        ...,
        [ 0.77759737,  0.99148784,  0.99825664, ...,  0.        ,
          0.19889686,  0.31903338],
        [ 0.8871202 ,  0.99757458,  0.96657246, ..., -0.19889686,
          0.        ,  0.12415602],
        [ 0.93755907,  0.98121407,  0.92726099, ..., -0.31903338,
         -0.12415602,  0.        ]],

       ...,

       [[ 0.        , -0.51974444, -0.56224326, ..., -0.20748713,
         -0.1014444 ,  0.07376069],
        [ 0.51974444,  0.        , -0.05052262, ...,  0.33117286,
          0.43039703,  0.58134401],
        [ 0.56224326,  0.05052262,  0.        , ...,  0.37842156,
          0.4754511 ,  0.62170971],
        ...,
        [ 0.20748713, -0.33117286, -0.37842156, ...,  0.        ,
          0.10718001,  0.27907742],
        [ 0.1014444 , -0.43039703, -0.4754511 , ..., -0.10718001,
          0.        ,  0.17454823],
        [-0.07376069, -0.58134401, -0.62170971, ..., -0.27907742,
         -0.17454823,  0.        ]],

       [[ 0.        , -0.07464302, -0.17371927, ..., -0.83659278,
         -0.78660713, -0.75683176],
        [ 0.07464302,  0.        , -0.09972656, ..., -0.87515029,
         -0.83050137, -0.80350785],
        [ 0.17371927,  0.09972656,  0.        , ..., -0.91904037,
         -0.88191057, -0.8588689 ],
        ...,
        [ 0.83659278,  0.87515029,  0.91904037, ...,  0.        ,
         -0.08563415, -0.13219362],
        [ 0.78660713,  0.83050137,  0.88191057, ...,  0.08563415,
          0.        , -0.04682542],
        [ 0.75683176,  0.80350785,  0.8588689 , ...,  0.13219362,
          0.04682542,  0.        ]],

       [[ 0.        , -0.45299505, -0.58391217, ..., -0.21708517,
         -0.11209177, -0.        ],
        [ 0.45299505,  0.        , -0.15281629, ..., -0.63572659,
         -0.55007149, -0.45299505],
        [ 0.58391217,  0.15281629,  0.        , ..., -0.74622082,
         -0.67123026, -0.58391217],
        ...,
        [ 0.21708517,  0.63572659,  0.74622082, ...,  0.        ,
         -0.10629839, -0.21708517],
        [ 0.11209177,  0.55007149,  0.67123026, ...,  0.10629839,
          0.        , -0.11209177],
        [ 0.        ,  0.45299505,  0.58391217, ...,  0.21708517,
          0.11209177,  0.        ]]]), 'num': array([ 7.32130326e-01,  6.81148675e-01,  6.17211270e-07,  2.59853062e-09,
        1.49946032e-03,  1.51035228e-03,  1.49219901e-03,  1.84747671e-03,
       -1.45226181e-05,  1.50163871e-03,  1.50644933e-03,  1.55044076e-03,
        7.92477892e-07,  1.63120485e-03,  1.38169381e-03])}
{'img': array([[[ 0.        ,  0.09262678,  0.01789201, ..., -0.72749048,
         -0.62082186, -0.69979579],
        [-0.09262678,  0.        , -0.07479686, ..., -0.78791581,
         -0.6907678 , -0.76295459],
        [-0.01789201,  0.07479686,  0.        , ..., -0.73965005,
         -0.63474896, -0.71246481],
        ...,
        [ 0.72749048,  0.78791581,  0.73965005, ...,  0.        ,
          0.14436046,  0.03953536],
        [ 0.62082186,  0.6907678 ,  0.63474896, ..., -0.14436046,
          0.        , -0.10512636],
        [ 0.69979579,  0.76295459,  0.71246481, ..., -0.03953536,
          0.10512636,  0.        ]],

       [[ 0.        , -0.27864041, -0.14852898, ..., -0.30954929,
          0.47779571, -0.76564554],
        [ 0.27864041,  0.        ,  0.13290318, ..., -0.03233521,
          0.70365036, -0.55608355],
        [ 0.14852898, -0.13290318,  0.        , ..., -0.16488205,
          0.60297442, -0.66160988],
        ...,
        [ 0.30954929,  0.03233521,  0.16488205, ...,  0.        ,
          0.72625808, -0.52891811],
        [-0.47779571, -0.70365036, -0.60297442, ..., -0.72625808,
          0.        , -0.97994555],
        [ 0.76564554,  0.55608355,  0.66160988, ...,  0.52891811,
          0.97994555,  0.        ]],

       [[ 0.        , -0.48002224, -0.63930523, ..., -0.90809115,
         -0.95517899, -0.97119965],
        [ 0.48002224,  0.        , -0.19171998, ..., -0.99764884,
         -0.98003725, -0.96636456],
        [ 0.63930523,  0.19171998,  0.        , ..., -0.96600297,
         -0.92374063, -0.89913239],
        ...,
        [ 0.90809115,  0.99764884,  0.96600297, ...,  0.        ,
          0.13118155,  0.19034348],
        [ 0.95517899,  0.98003725,  0.92374063, ..., -0.13118155,
          0.        ,  0.05991537],
        [ 0.97119965,  0.96636456,  0.89913239, ..., -0.19034348,
         -0.05991537,  0.        ]],

       ...,

       [[ 0.        , -0.05052262, -0.07363197, ...,  0.43039703,
          0.58134401,  0.49633678],
        [ 0.05052262,  0.        , -0.02315246, ...,  0.4754511 ,
          0.62170971,  0.53956312],
        [ 0.07363197,  0.02315246,  0.        , ...,  0.49569185,
          0.63967717,  0.55891159],
        ...,
        [-0.43039703, -0.4754511 , -0.49569185, ...,  0.        ,
          0.17454823,  0.07437267],
        [-0.58134401, -0.62170971, -0.63967717, ..., -0.17454823,
          0.        , -0.10083388],
        [-0.49633678, -0.53956312, -0.55891159, ..., -0.07437267,
          0.10083388,  0.        ]],

       [[ 0.        , -0.15719518, -0.43426492, ..., -0.78702627,
         -0.75724934, -0.61304639],
        [ 0.15719518,  0.        , -0.28726686, ..., -0.87421838,
         -0.85050312, -0.72961629],
        [ 0.43426492,  0.28726686,  0.        , ..., -0.97684811,
         -0.96574866, -0.89531277],
        ...,
        [ 0.78702627,  0.87421838,  0.97684811, ...,  0.        ,
         -0.04686537, -0.24358742],
        [ 0.75724934,  0.85050312,  0.96574866, ...,  0.04686537,
          0.        , -0.19786603],
        [ 0.61304639,  0.72961629,  0.89531277, ...,  0.24358742,
          0.19786603,  0.        ]],

       [[ 0.        , -0.40178765, -0.52907194, ..., -0.115251  ,
         -0.        , -0.10735389],
        [ 0.40178765,  0.        , -0.14354081, ..., -0.50464942,
         -0.40178765, -0.49777315],
        [ 0.52907194,  0.14354081,  0.        , ..., -0.62334576,
         -0.52907194, -0.6171124 ],
        ...,
        [ 0.115251  ,  0.50464942,  0.62334576, ...,  0.        ,
         -0.115251  , -0.00794642],
        [ 0.        ,  0.40178765,  0.52907194, ...,  0.115251  ,
          0.        ,  0.10735389],
        [ 0.10735389,  0.49777315,  0.6171124 , ...,  0.00794642,
         -0.10735389,  0.        ]]]), 'num': array([7.17427429e-01, 6.96613346e-01, 2.48972287e-07, 1.22566559e-09,
       1.48672023e-03, 1.51161746e-03, 1.46893650e-03, 3.17471677e-03,
       1.77837348e-05, 1.47498297e-03, 1.47133730e-03, 1.51757501e-03,
       8.36881639e-07, 1.58485981e-03, 1.35781479e-03])}
{'img': array([[[ 0.00000000e+00, -7.47968613e-02, -7.47968613e-02, ...,
         -6.90767804e-01, -7.62954589e-01, -6.71440860e-01],
        [ 7.47968613e-02,  0.00000000e+00,  0.00000000e+00, ...,
         -6.34748955e-01, -7.12464808e-01, -6.14131191e-01],
        [ 7.47968613e-02,  0.00000000e+00,  0.00000000e+00, ...,
         -6.34748955e-01, -7.12464808e-01, -6.14131191e-01],
        ...,
        [ 6.90767804e-01,  6.34748955e-01,  6.34748955e-01, ...,
          0.00000000e+00, -1.05126364e-01,  2.63958987e-02],
        [ 7.62954589e-01,  7.12464808e-01,  7.12464808e-01, ...,
          1.05126364e-01,  0.00000000e+00,  1.31339370e-01],
        [ 6.71440860e-01,  6.14131191e-01,  6.14131191e-01, ...,
         -2.63958987e-02, -1.31339370e-01,  0.00000000e+00]],

       [[ 0.00000000e+00,  1.32903179e-01, -2.85111765e-01, ...,
          7.03650363e-01, -5.56083547e-01,  4.07768467e-04],
        [-1.32903179e-01,  0.00000000e+00, -4.09969483e-01, ...,
          6.02974424e-01, -6.61609884e-01, -1.32499017e-01],
        [ 2.85111765e-01,  4.09969483e-01,  0.00000000e+00, ...,
          8.77029981e-01, -2.96038983e-01,  2.85502585e-01],
        ...,
        [-7.03650363e-01, -6.02974424e-01, -8.77029981e-01, ...,
          0.00000000e+00, -9.79945546e-01, -7.03360566e-01],
        [ 5.56083547e-01,  6.61609884e-01,  2.96038983e-01, ...,
          9.79945546e-01,  0.00000000e+00,  5.56422408e-01],
        [-4.07768467e-04,  1.32499017e-01, -2.85502585e-01, ...,
          7.03360566e-01, -5.56422408e-01,  0.00000000e+00]],

       [[ 0.00000000e+00, -4.66321371e-01, -4.43743489e-01, ...,
         -9.68245837e-01, -9.82080571e-01, -9.89261873e-01],
        [ 4.66321371e-01,  0.00000000e+00,  2.53533732e-02, ...,
         -9.73105506e-01, -9.56647225e-01, -9.43270934e-01],
        [ 4.43743489e-01, -2.53533732e-02,  0.00000000e+00, ...,
         -9.78633103e-01, -9.63723862e-01, -9.51385650e-01],
        ...,
        [ 9.68245837e-01,  9.73105506e-01,  9.78633103e-01, ...,
          0.00000000e+00,  6.30430429e-02,  1.05802615e-01],
        [ 9.82080571e-01,  9.56647225e-01,  9.63723862e-01, ...,
         -6.30430429e-02,  0.00000000e+00,  4.29029618e-02],
        [ 9.89261873e-01,  9.43270934e-01,  9.51385650e-01, ...,
         -1.05802615e-01, -4.29029618e-02,  0.00000000e+00]],

       ...,

       [[ 0.00000000e+00, -2.31524581e-02, -7.93392320e-02, ...,
          6.21709711e-01,  5.39563123e-01,  6.41895112e-01],
        [ 2.31524581e-02,  0.00000000e+00, -5.62384908e-02, ...,
          6.39677170e-01,  5.58911591e-01,  6.59476179e-01],
        [ 7.93392320e-02,  5.62384908e-02,  0.00000000e+00, ...,
          6.81892155e-01,  6.04661526e-01,  7.00708374e-01],
        ...,
        [-6.21709711e-01, -6.39677170e-01, -6.81892155e-01, ...,
          0.00000000e+00, -1.00833875e-01,  2.60405863e-02],
        [-5.39563123e-01, -5.58911591e-01, -6.04661526e-01, ...,
          1.00833875e-01,  0.00000000e+00,  1.26707546e-01],
        [-6.41895112e-01, -6.59476179e-01, -7.00708374e-01, ...,
         -2.60405863e-02, -1.26707546e-01,  0.00000000e+00]],

       [[ 0.00000000e+00, -4.08686539e-01, -3.41572981e-01, ...,
         -7.59115321e-01, -6.14735106e-01, -2.01611065e-01],
        [ 4.08686539e-01,  0.00000000e+00,  7.23611346e-02, ...,
         -9.58862456e-01, -8.83398068e-01, -5.84299772e-01],
        [ 3.41572981e-01, -7.23611346e-02,  0.00000000e+00, ...,
         -9.35807561e-01, -8.47172119e-01, -5.24044224e-01],
        ...,
        [ 7.59115321e-01,  9.58862456e-01,  9.35807561e-01, ...,
          0.00000000e+00, -1.98574180e-01, -6.12287423e-01],
        [ 6.14735106e-01,  8.83398068e-01,  8.47172119e-01, ...,
          1.98574180e-01,  0.00000000e+00, -4.43094498e-01],
        [ 2.01611065e-01,  5.84299772e-01,  5.24044224e-01, ...,
          6.12287423e-01,  4.43094498e-01,  0.00000000e+00]],

       [[ 0.00000000e+00, -3.67837388e-01, -4.86894347e-01, ...,
         -0.00000000e+00, -1.09682568e-01, -3.08513930e-01],
        [ 3.67837388e-01,  0.00000000e+00, -1.31466683e-01, ...,
         -3.67837388e-01, -4.67610840e-01, -6.36778274e-01],
        [ 4.86894347e-01,  1.31466683e-01,  0.00000000e+00, ...,
         -4.86894347e-01, -5.79760183e-01, -7.32618402e-01],
        ...,
        [ 0.00000000e+00,  3.67837388e-01,  4.86894347e-01, ...,
          0.00000000e+00,  1.09682568e-01,  3.08513930e-01],
        [ 1.09682568e-01,  4.67610840e-01,  5.79760183e-01, ...,
         -1.09682568e-01,  0.00000000e+00,  2.02320329e-01],
        [ 3.08513930e-01,  6.36778274e-01,  7.32618402e-01, ...,
         -3.08513930e-01, -2.02320329e-01,  0.00000000e+00]]]), 'num': array([7.15258522e-01, 6.98839541e-01, 1.94999771e-07, 1.81952865e-09,
       1.49263461e-03, 1.50504369e-03, 1.46781646e-03, 3.31722974e-03,
       1.06363511e-05, 1.47526190e-03, 1.46178919e-03, 1.51148459e-03,
       9.13222068e-07, 1.56076633e-03, 1.36281205e-03])}
{'img': array([[[ 0.        ,  0.        ,  0.72928455, ..., -0.71246481,
         -0.61413119, -0.54938052],
        [ 0.        ,  0.        ,  0.72928455, ..., -0.71246481,
         -0.61413119, -0.54938052],
        [-0.72928455, -0.72928455,  0.        , ..., -0.99922061,
         -0.99574928, -0.98526189],
        ...,
        [ 0.71246481,  0.71246481,  0.99922061, ...,  0.        ,
          0.13133937,  0.20981123],
        [ 0.61413119,  0.61413119,  0.99574928, ..., -0.13133937,
          0.        ,  0.07957773],
        [ 0.54938052,  0.54938052,  0.98526189, ..., -0.20981123,
         -0.07957773,  0.        ]],

       [[ 0.        , -0.40996948,  0.68153618, ..., -0.66160988,
         -0.13249902, -0.08342375],
        [ 0.40996948,  0.        ,  0.92163791, ..., -0.29603898,
          0.28550259,  0.33244966],
        [-0.68153618, -0.92163791,  0.        , ..., -0.9952045 ,
         -0.77248788, -0.74020865],
        ...,
        [ 0.66160988,  0.29603898,  0.9952045 , ...,  0.        ,
          0.55642241,  0.59674847],
        [ 0.13249902, -0.28550259,  0.77248788, ..., -0.55642241,
          0.        ,  0.04934894],
        [ 0.08342375, -0.33244966,  0.74020865, ..., -0.59674847,
         -0.04934894,  0.        ]],

       [[ 0.        ,  0.03440392,  0.36003485, ..., -0.980095  ,
         -0.97044631, -0.95556766],
        [-0.03440392,  0.        ,  0.32772496, ..., -0.98634497,
         -0.97817407, -0.96514328],
        [-0.36003485, -0.32772496,  0.        , ..., -0.98584609,
         -0.99224965, -0.99761434],
        ...,
        [ 0.980095  ,  0.98634497,  0.98584609, ...,  0.        ,
          0.04385191,  0.09919646],
        [ 0.97044631,  0.97817407,  0.99224965, ..., -0.04385191,
          0.        ,  0.05546542],
        [ 0.95556766,  0.96514328,  0.99761434, ..., -0.09919646,
         -0.05546542,  0.        ]],

       ...,

       [[ 0.        , -0.05623849,  0.51556407, ...,  0.55891159,
          0.65947618,  0.77285964],
        [ 0.05623849,  0.        ,  0.56293613, ...,  0.60466153,
          0.70070837,  0.80732414],
        [-0.51556407, -0.56293613,  0.        , ...,  0.05138419,
          0.1775102 ,  0.33506048],
        ...,
        [-0.55891159, -0.60466153, -0.05138419, ...,  0.        ,
          0.12670755,  0.28620384],
        [-0.65947618, -0.70070837, -0.1775102 , ..., -0.12670755,
          0.        ,  0.16248986],
        [-0.77285964, -0.80732414, -0.33506048, ..., -0.28620384,
         -0.16248986,  0.        ]],

       [[ 0.        ,  0.08507881,  0.08241536, ..., -0.95933649,
         -0.86928649, -0.32668663],
        [-0.08507881,  0.        , -0.00267284, ..., -0.93184339,
         -0.82407946, -0.24509137],
        [-0.08241536,  0.00267284,  0.        , ..., -0.93280993,
         -0.82559061, -0.24768181],
        ...,
        [ 0.95933649,  0.93184339,  0.93280993, ...,  0.        ,
         -0.2288392 , -0.81448813],
        [ 0.86928649,  0.82407946,  0.82559061, ...,  0.2288392 ,
          0.        , -0.66010708],
        [ 0.32668663,  0.24509137,  0.24768181, ...,  0.81448813,
          0.66010708,  0.        ]],

       [[ 0.        , -0.336955  , -0.30241225, ..., -0.11165096,
         -0.3139252 , -0.52347634],
        [ 0.336955  ,  0.        ,  0.03645042, ..., -0.43996987,
         -0.61548824, -0.77996304],
        [ 0.30241225, -0.03645042,  0.        , ..., -0.40694456,
         -0.58635097, -0.75663313],
        ...,
        [ 0.11165096,  0.43996987,  0.40694456, ...,  0.        ,
          0.20595563,  0.42507219],
        [ 0.3139252 ,  0.61548824,  0.58635097, ..., -0.20595563,
          0.        ,  0.22953652],
        [ 0.52347634,  0.77996304,  0.75663313, ..., -0.42507219,
