state_0,state_1,state_2,state_3,state_4,state_5,state_6,state_7,state_8,state_9,state_10,state_11,state_12,state_13,state_14,state_15,state_16,state_17,state_18,state_19,state_20,state_21,state_22,state_23,state_24,state_25,state_26,state_27,state_28,state_29,state_30,state_31,state_32,state_33,state_34,state_35,state_36,state_37,state_38,state_39,state_40,state_41,state_42,state_43,state_44,state_45,state_46,state_47,state_48,state_49,state_50,state_51,state_52,state_53,state_54,state_55,state_56,state_57,state_58,state_59,state_60,state_61,state_62,state_63,state_64,state_65,state_66,state_67,state_68,state_69,state_70,state_71,state_72,state_73,state_74,state_75,state_76,state_77,state_78,state_79,state_80,state_81,state_82,state_83,state_84,state_85,state_86,state_87,state_88,state_89,state_90,state_91,state_92,state_93,state_94,state_95,state_96,state_97,state_98,state_99,state_100,state_101,state_102,state_103,state_104,state_105,state_106,state_107,state_108,state_109,state_110,state_111,state_112,state_113,state_114,state_115,state_116,state_117,state_118,state_119,state_120,state_121,state_122,state_123,state_124,state_125,state_126,state_127,state_128,state_129,state_130,state_131,state_132,state_133,state_134,state_135,state_136,state_137,state_138,state_139,state_140,state_141,state_142,state_143,state_144,state_145,state_146,state_147,state_148,state_149,state_150,state_151,state_152,state_153,state_154,state_155,state_156,state_157,state_158,state_159,state_160,state_161,state_162,state_163,state_164,state_165,state_166,state_167,state_168,state_169,state_170,state_171,state_172,state_173,state_174,state_175,state_176,state_177,state_178,state_179,state_180,state_181,state_182,state_183,state_184,state_185,state_186,state_187,state_188,state_189,state_190,state_191,state_192,state_193,state_194,state_195,state_196,state_197,state_198,state_199,state_200,state_201,state_202,state_203,state_204,state_205,state_206,state_207,state_208,state_209,state_210,state_211,state_212,state_213,state_214,state_215,state_216,state_217,state_218,state_219,state_220,state_221,state_222,state_223,state_224,state_225,state_226,state_227,state_228,state_229,state_230,state_231,state_232,state_233,state_234,state_235,state_236,state_237,state_238,state_239,state_240,state_241,state_242,state_243,state_244,state_245,state_246,state_247,state_248,state_249,state_250,state_251,state_252,state_253,state_254,state_255,state_256,state_257,state_258,state_259,state_260,state_261,state_262,state_263,state_264,state_265,state_266,state_267,state_268,state_269,state_270,state_271,state_272,state_273,state_274,state_275,state_276,state_277,state_278,state_279,state_280,state_281,state_282,state_283,state_284,state_285,state_286,state_287
{'img': array([[[ 0.        , -0.0760231 , -0.11785054, ..., -0.66156314,
         -0.52306453, -0.16698377],
        [ 0.0760231 ,  0.        , -0.04201617, ..., -0.60263969,
         -0.45675686, -0.09154482],
        [ 0.11785054,  0.04201617,  0.        , ..., -0.56857806,
         -0.41897628, -0.04962425],
        ...,
        [ 0.66156314,  0.60263969,  0.56857806, ...,  0.        ,
          0.1716051 ,  0.52705518],
        [ 0.52306453,  0.45675686,  0.41897628, ..., -0.1716051 ,
          0.        ,  0.37340141],
        [ 0.16698377,  0.09154482,  0.04962425, ..., -0.52705518,
         -0.37340141,  0.        ]],

       [[ 0.        , -0.26895591, -0.48459916, ..., -0.73326756,
         -0.34490378,  0.51889916],
        [ 0.26895591,  0.        , -0.23147739, ..., -0.52337455,
         -0.07974269,  0.72969207],
        [ 0.48459916,  0.23147739,  0.        , ..., -0.31191733,
          0.15316334,  0.8681525 ],
        ...,
        [ 0.73326756,  0.52337455,  0.31191733, ...,  0.        ,
          0.45375888,  0.97964352],
        [ 0.34490378,  0.07974269, -0.15316334, ..., -0.45375888,
          0.        ,  0.78189448],
        [-0.51889916, -0.72969207, -0.8681525 , ..., -0.97964352,
         -0.78189448,  0.        ]],

       [[ 0.        ,  0.01620074,  0.05014243, ..., -0.9562675 ,
         -0.8138724 , -0.60800049],
        [-0.01620074,  0.        ,  0.03395549, ..., -0.96088061,
         -0.82317893, -0.62078306],
        [-0.05014243, -0.03395549,  0.        , ..., -0.96973093,
         -0.84198356, -0.64704559],
        ...,
        [ 0.9562675 ,  0.96088061,  0.96973093, ...,  0.        ,
          0.31758074,  0.58137961],
        [ 0.8138724 ,  0.82317893,  0.84198356, ..., -0.31758074,
          0.        ,  0.29288831],
        [ 0.60800049,  0.62078306,  0.64704559, ..., -0.58137961,
         -0.29288831,  0.        ]],

       ...,

       [[ 0.        , -0.14296396, -0.11085057, ..., -0.94425029,
         -0.86487601, -0.65168381],
        [ 0.14296396,  0.        ,  0.03237098, ..., -0.88748304,
         -0.78422607, -0.5365528 ],
        [ 0.11085057, -0.03237098,  0.        , ..., -0.90193578,
         -0.80390047, -0.5635884 ],
        ...,
        [ 0.94425029,  0.88748304,  0.90193578, ...,  0.        ,
          0.18925817,  0.50165223],
        [ 0.86487601,  0.78422607,  0.80390047, ..., -0.18925817,
          0.        ,  0.3288646 ],
        [ 0.65168381,  0.5365528 ,  0.5635884 , ..., -0.50165223,
         -0.3288646 ,  0.        ]],

       [[ 0.        ,  0.12908786,  0.23414946, ..., -0.27119831,
         -0.41387475, -0.76518404],
        [-0.12908786,  0.        ,  0.10669106, ..., -0.39317934,
         -0.52792498, -0.84189013],
        [-0.23414946, -0.10669106,  0.        , ..., -0.48903352,
         -0.61552346, -0.89466053],
        ...,
        [ 0.27119831,  0.39317934,  0.48903352, ...,  0.        ,
         -0.15148317, -0.56190699],
        [ 0.41387475,  0.52792498,  0.61552346, ...,  0.15148317,
          0.        , -0.43011555],
        [ 0.76518404,  0.84189013,  0.89466053, ...,  0.56190699,
          0.43011555,  0.        ]],

       [[ 0.        ,  0.32003387,  0.39016732, ...,  0.99285486,
          0.9930915 ,  0.99706938],
        [-0.32003387,  0.        ,  0.07497764, ...,  0.90244768,
          0.90330734,  0.9201462 ],
        [-0.39016732, -0.07497764,  0.        , ...,  0.86760715,
          0.86859977,  0.88819681],
        ...,
        [-0.99285486, -0.90244768, -0.86760715, ...,  0.        ,
          0.00199969,  0.04302255],
        [-0.9930915 , -0.90330734, -0.86859977, ..., -0.00199969,
          0.        ,  0.04102463],
        [-0.99706938, -0.9201462 , -0.88819681, ..., -0.04302255,
         -0.04102463,  0.        ]]]), 'num': array([7.07103188e-01, 7.07103188e-01, 0.00000000e+00, 0.00000000e+00,
       1.06019741e-03, 1.08398095e-03, 1.04830563e-03, 1.18141117e-03,
       1.82950372e-06, 1.02305848e-03, 1.02488798e-03, 1.08073358e-03,
       5.06186800e-07, 1.07429610e-03, 9.75479865e-04])}
{'img': array([[[ 0.        , -0.04201617,  0.23756048, ..., -0.45675686,
         -0.09154482, -0.07733653],
        [ 0.04201617,  0.        ,  0.27816406, ..., -0.41897628,
         -0.04962425, -0.03537791],
        [-0.23756048, -0.27816406,  0.        , ..., -0.65501297,
         -0.3254871 , -0.3119716 ],
        ...,
        [ 0.45675686,  0.41897628,  0.65501297, ...,  0.        ,
          0.37340141,  0.38659096],
        [ 0.09154482,  0.04962425,  0.3254871 , ..., -0.37340141,
          0.        ,  0.01425886],
        [ 0.07733653,  0.03537791,  0.3119716 , ..., -0.38659096,
         -0.01425886,  0.        ]],

       [[ 0.        , -0.23147739,  0.90483729, ..., -0.07974269,
          0.72969207,  0.10872327],
        [ 0.23147739,  0.        ,  0.97881541, ...,  0.15316334,
          0.8681525 ,  0.33587558],
        [-0.90483729, -0.97881541,  0.        , ..., -0.93590687,
         -0.30803403, -0.85318371],
        ...,
        [ 0.07974269, -0.15316334,  0.93590687, ...,  0.        ,
          0.78189448,  0.18764702],
        [-0.72969207, -0.8681525 ,  0.30803403, ..., -0.78189448,
          0.        , -0.65102414],
        [-0.10872327, -0.33587558,  0.85318371, ..., -0.18764702,
          0.65102414,  0.        ]],

       [[ 0.        ,  0.03395549,  0.07813742, ..., -0.82317893,
         -0.62078306, -0.45545987],
        [-0.03395549,  0.        ,  0.04424069, ..., -0.84198356,
         -0.64704559, -0.48542631],
        [-0.07813742, -0.04424069,  0.        , ..., -0.86502716,
         -0.68014344, -0.52362968],
        ...,
        [ 0.82317893,  0.84198356,  0.86502716, ...,  0.        ,
          0.29288831,  0.4742383 ],
        [ 0.62078306,  0.64704559,  0.68014344, ..., -0.29288831,
          0.        ,  0.19558352],
        [ 0.45545987,  0.48542631,  0.52362968, ..., -0.4742383 ,
         -0.19558352,  0.        ]],

       ...,

       [[ 0.        ,  0.03237098,  0.63794008, ..., -0.78422607,
         -0.5365528 , -0.56257862],
        [-0.03237098,  0.        ,  0.61267731, ..., -0.80390047,
         -0.5635884 , -0.5890463 ],
        [-0.63794008, -0.61267731,  0.        , ..., -0.99974752,
         -0.95152822, -0.96064692],
        ...,
        [ 0.78422607,  0.80390047,  0.99974752, ...,  0.        ,
          0.3288646 ,  0.29928795],
        [ 0.5365528 ,  0.5635884 ,  0.95152822, ..., -0.3288646 ,
          0.        , -0.0311497 ],
        [ 0.56257862,  0.5890463 ,  0.96064692, ..., -0.29928795,
          0.0311497 ,  0.        ]],

       [[ 0.        ,  0.10509566,  0.24994718, ..., -0.51178269,
         -0.74406513, -0.84936623],
        [-0.10509566,  0.        ,  0.14680313, ..., -0.59923775,
         -0.81015975, -0.90013244],
        [-0.24994718, -0.14680313,  0.        , ..., -0.71027179,
         -0.88743959, -0.95433   ],
        ...,
        [ 0.51178269,  0.59923775,  0.71027179, ...,  0.        ,
         -0.29731183, -0.45958229],
        [ 0.74406513,  0.81015975,  0.88743959, ...,  0.29731183,
          0.        , -0.17474707],
        [ 0.84936623,  0.90013244,  0.95433   , ...,  0.45958229,
          0.17474707,  0.        ]],

       [[ 0.        ,  0.23241044,  0.39509135, ...,  0.98905925,
          0.99441125,  0.99502223],
        [-0.23241044,  0.        ,  0.17077093, ...,  0.92769172,
          0.94264515,  0.94461588],
        [-0.39509135, -0.17077093,  0.        , ...,  0.85030779,
          0.87179567,  0.87469691],
        ...,
        [-0.98905925, -0.92769172, -0.85030779, ...,  0.        ,
          0.0422736 ,  0.04822155],
        [-0.99441125, -0.94264515, -0.87179567, ..., -0.0422736 ,
          0.        ,  0.00595403],
        [-0.99502223, -0.94461588, -0.87469691, ..., -0.04822155,
         -0.00595403,  0.        ]]]), 'num': array([ 7.07103351e-01,  7.07103351e-01,  0.00000000e+00,  0.00000000e+00,
        1.03001083e-03,  1.04922063e-03,  1.02177806e-03,  1.05143433e-03,
       -3.01868184e-05,  1.03184034e-03,  1.02516265e-03,  1.08006302e-03,
        4.59015376e-07,  1.07462054e-03,  9.75704750e-04])}
{'img': array([[[ 0.        ,  0.27816406,  0.25192592, ..., -0.04962425,
         -0.03537791, -0.27815985],
        [-0.27816406,  0.        , -0.027209  , ..., -0.3254871 ,
         -0.3119716 , -0.53436813],
        [-0.25192592,  0.027209  ,  0.        , ..., -0.29963923,
         -0.28600507, -0.51117184],
        ...,
        [ 0.04962425,  0.3254871 ,  0.29963923, ...,  0.        ,
          0.01425886, -0.23015133],
        [ 0.03537791,  0.3119716 ,  0.28600507, ..., -0.01425886,
          0.        , -0.24400401],
        [ 0.27815985,  0.53436813,  0.51117184, ...,  0.23015133,
          0.24400401,  0.        ]],

       [[ 0.        ,  0.97881541, -0.01975248, ...,  0.8681525 ,
          0.33587558,  0.22633766],
        [-0.97881541,  0.        , -0.98266866, ..., -0.30803403,
         -0.85318371, -0.90707263],
        [ 0.01975248,  0.98266866,  0.        , ...,  0.87778623,
          0.35441504,  0.24553339],
        ...,
        [-0.8681525 ,  0.30803403, -0.87778623, ...,  0.        ,
         -0.65102414, -0.73329216],
        [-0.33587558,  0.85318371, -0.35441504, ...,  0.65102414,
          0.        , -0.11397036],
        [-0.22633766,  0.90707263, -0.24553339, ...,  0.73329216,
          0.11397036,  0.        ]],

       [[ 0.        ,  0.04424069,  0.12955993, ..., -0.64704559,
         -0.48542631, -0.38808973],
        [-0.04424069,  0.        ,  0.08556527, ..., -0.68014344,
         -0.52362968, -0.42848293],
        [-0.12955993, -0.08556527,  0.        , ..., -0.74037517,
         -0.59460629, -0.50422398],
        ...,
        [ 0.64704559,  0.68014344,  0.74037517, ...,  0.        ,
          0.19558352,  0.30043166],
        [ 0.48542631,  0.52362968,  0.59460629, ..., -0.19558352,
          0.        ,  0.10808122],
        [ 0.38808973,  0.42848293,  0.50422398, ..., -0.30043166,
         -0.10808122,  0.        ]],

       ...,

       [[ 0.        ,  0.61267731,  0.61267731, ..., -0.5635884 ,
         -0.5890463 , -0.70447432],
        [-0.61267731,  0.        ,  0.        , ..., -0.95152822,
         -0.96064692, -0.99160457],
        [-0.61267731,  0.        ,  0.        , ..., -0.95152822,
         -0.96064692, -0.99160457],
        ...,
        [ 0.5635884 ,  0.95152822,  0.95152822, ...,  0.        ,
         -0.0311497 , -0.18193976],
        [ 0.5890463 ,  0.96064692,  0.96064692, ...,  0.0311497 ,
          0.        , -0.15122167],
        [ 0.70447432,  0.99160457,  0.99160457, ...,  0.18193976,
          0.15122167,  0.        ]],

       [[ 0.        ,  0.14680313,  0.27783057, ..., -0.81015975,
         -0.90013244, -0.85863019],
        [-0.14680313,  0.        ,  0.13379698, ..., -0.88743959,
         -0.95433   , -0.92457819],
        [-0.27783057, -0.13379698,  0.        , ..., -0.94113066,
         -0.98572184, -0.96724071],
        ...,
        [ 0.81015975,  0.88743959,  0.94113066, ...,  0.        ,
         -0.17474707, -0.0880526 ],
        [ 0.90013244,  0.95433   ,  0.98572184, ...,  0.17474707,
          0.        ,  0.08737055],
        [ 0.85863019,  0.92457819,  0.96724071, ...,  0.0880526 ,
         -0.08737055,  0.        ]],

       [[ 0.        ,  0.32627531,  0.32907932, ...,  0.99266195,
          0.99337502,  0.99360792],
        [-0.32627531,  0.        ,  0.00296787, ...,  0.89888428,
          0.90151755,  0.90240051],
        [-0.32907932, -0.00296787,  0.        , ...,  0.89757984,
          0.90022926,  0.90111769],
        ...,
        [-0.99266195, -0.89888428, -0.89757984, ...,  0.        ,
          0.006047  ,  0.00809168],
        [-0.99337502, -0.90151755, -0.90022926, ..., -0.006047  ,
          0.        ,  0.00204473],
        [-0.99360792, -0.90240051, -0.90111769, ..., -0.00809168,
         -0.00204473,  0.        ]]]), 'num': array([7.07103590e-01, 7.07103590e-01, 0.00000000e+00, 0.00000000e+00,
       1.03092593e-03, 1.03549969e-03, 1.01994890e-03, 6.72891851e-04,
       9.14752380e-07, 1.03860985e-03, 1.02452267e-03, 1.07949928e-03,
       4.84887540e-07, 1.07332966e-03, 9.75715676e-04])}
{'img': array([[[ 0.00000000e+00, -2.72089953e-02, -1.29107785e-01, ...,
         -3.11971602e-01, -5.34368133e-01, -5.27649932e-01],
        [ 2.72089953e-02,  0.00000000e+00, -1.02078714e-01, ...,
         -2.86005066e-01, -5.11171838e-01, -5.04341573e-01],
        [ 1.29107785e-01,  1.02078714e-01,  0.00000000e+00, ...,
         -1.86696376e-01, -4.20767179e-01, -4.13561654e-01],
        ...,
        [ 3.11971602e-01,  2.86005066e-01,  1.86696376e-01, ...,
          0.00000000e+00, -2.44004007e-01, -2.36307682e-01],
        [ 5.34368133e-01,  5.11171838e-01,  4.20767179e-01, ...,
          2.44004007e-01,  0.00000000e+00,  7.92829464e-03],
        [ 5.27649932e-01,  5.04341573e-01,  4.13561654e-01, ...,
          2.36307682e-01, -7.92829464e-03,  0.00000000e+00]],

       [[ 0.00000000e+00, -9.82668657e-01, -9.98301703e-01, ...,
         -8.53183706e-01, -9.07072631e-01, -9.98350058e-01],
        [ 9.82668657e-01,  0.00000000e+00, -2.42301838e-01, ...,
          3.54415044e-01,  2.45533388e-01, -1.28639145e-01],
        [ 9.98301703e-01,  2.42301838e-01,  0.00000000e+00, ...,
          5.70427394e-01,  4.73101245e-01,  1.15482848e-01],
        ...,
        [ 8.53183706e-01, -3.54415044e-01, -5.70427394e-01, ...,
          0.00000000e+00, -1.13970360e-01, -4.71759325e-01],
        [ 9.07072631e-01, -2.45533388e-01, -4.73101245e-01, ...,
          1.13970360e-01,  0.00000000e+00, -3.68194628e-01],
        [ 9.98350058e-01,  1.28639145e-01, -1.15482848e-01, ...,
          4.71759325e-01,  3.68194628e-01,  0.00000000e+00]],

       [[ 0.00000000e+00,  8.55652698e-02,  9.42130408e-02, ...,
         -5.23629679e-01, -4.28482927e-01, -3.57036387e-01],
        [-8.55652698e-02,  0.00000000e+00,  8.68284030e-03, ...,
         -5.94606290e-01, -5.04223984e-01, -4.35652684e-01],
        [-9.42130408e-02, -8.68284030e-03,  0.00000000e+00, ...,
         -6.01565027e-01, -5.11703242e-01, -4.43451815e-01],
        ...,
        [ 5.23629679e-01,  5.94606290e-01,  6.01565027e-01, ...,
          0.00000000e+00,  1.08081223e-01,  1.84941780e-01],
        [ 4.28482927e-01,  5.04223984e-01,  5.11703242e-01, ...,
         -1.08081223e-01,  0.00000000e+00,  7.76416372e-02],
        [ 3.57036387e-01,  4.35652684e-01,  4.43451815e-01, ...,
         -1.84941780e-01, -7.76416372e-02,  0.00000000e+00]],

       ...,

       [[ 0.00000000e+00,  0.00000000e+00, -5.50558419e-01, ...,
         -9.60646923e-01, -9.91604566e-01, -9.77543141e-01],
        [ 0.00000000e+00,  0.00000000e+00, -5.50558419e-01, ...,
         -9.60646923e-01, -9.91604566e-01, -9.77543141e-01],
        [ 5.50558419e-01,  5.50558419e-01,  0.00000000e+00, ...,
         -6.49014904e-01, -7.56596921e-01, -7.00027580e-01],
        ...,
        [ 9.60646923e-01,  9.60646923e-01,  6.49014904e-01, ...,
          0.00000000e+00, -1.51221667e-01, -6.90921642e-02],
        [ 9.91604566e-01,  9.91604566e-01,  7.56596921e-01, ...,
          1.51221667e-01,  0.00000000e+00,  8.25626938e-02],
        [ 9.77543141e-01,  9.77543141e-01,  7.00027580e-01, ...,
          6.90921642e-02, -8.25626938e-02,  0.00000000e+00]],

       [[ 0.00000000e+00,  1.32815352e-01,  2.21790570e-01, ...,
         -9.01991206e-01, -8.91595931e-01, -9.56604679e-01],
        [-1.32815352e-01,  0.00000000e+00,  9.03181866e-02, ...,
         -9.51343897e-01, -9.43840126e-01, -9.86830844e-01],
        [-2.21790570e-01, -9.03181866e-02,  0.00000000e+00, ...,
         -9.75285562e-01, -9.69823970e-01, -9.97407103e-01],
        ...,
        [ 9.01991206e-01,  9.51343897e-01,  9.75285562e-01, ...,
          0.00000000e+00,  2.34998898e-02, -1.50188061e-01],
        [ 8.91595931e-01,  9.43840126e-01,  9.69823970e-01, ...,
         -2.34998898e-02,  0.00000000e+00, -1.73379926e-01],
        [ 9.56604679e-01,  9.86830844e-01,  9.97407103e-01, ...,
          1.50188061e-01,  1.73379926e-01,  0.00000000e+00]],

       [[ 0.00000000e+00,  4.47071184e-02,  2.50485702e-01, ...,
          9.89242786e-01,  9.89549379e-01,  9.89563728e-01],
        [-4.47071184e-02,  0.00000000e+00,  2.06953382e-01, ...,
          9.81713788e-01,  9.82113449e-01,  9.82132188e-01],
        [-2.50485702e-01, -2.06953382e-01,  0.00000000e+00, ...,
          9.21064227e-01,  9.21884204e-01,  9.21922770e-01],
        ...,
        [-9.89242786e-01, -9.81713788e-01, -9.21064227e-01, ...,
          0.00000000e+00,  2.11095586e-03,  2.21050164e-03],
        [-9.89549379e-01, -9.82113449e-01, -9.21884204e-01, ...,
         -2.11095586e-03,  0.00000000e+00,  9.95460167e-05],
        [-9.89563728e-01, -9.82132188e-01, -9.21922770e-01, ...,
         -2.21050164e-03, -9.95460167e-05,  0.00000000e+00]]]), 'num': array([ 7.24340795e-01,  6.89433656e-01,  2.99375119e-07, -6.19663895e-12,
        1.09084809e-03,  1.10394575e-03,  1.06839496e-03,  1.55513212e-03,
        3.64863426e-05,  1.07307269e-03,  1.04912268e-03,  1.10343120e-03,
        4.75140137e-07,  1.10202339e-03,  9.96221974e-04])}
{'img': array([[[ 0.00000000e+00, -1.02078714e-01,  4.21145751e-01, ...,
         -5.11171838e-01, -5.04341573e-01, -2.38296722e-01],
        [ 1.02078714e-01,  0.00000000e+00,  5.11530499e-01, ...,
         -4.20767179e-01, -4.13561654e-01, -1.37913867e-01],
        [-4.21145751e-01, -5.11530499e-01,  0.00000000e+00, ...,
         -8.25594999e-01, -8.21095407e-01, -6.25147005e-01],
        ...,
        [ 5.11171838e-01,  4.20767179e-01,  8.25594999e-01, ...,
          0.00000000e+00,  7.92829464e-03,  2.91635285e-01],
        [ 5.04341573e-01,  4.13561654e-01,  8.21095407e-01, ...,
         -7.92829464e-03,  0.00000000e+00,  2.84042471e-01],
        [ 2.38296722e-01,  1.37913867e-01,  6.25147005e-01, ...,
         -2.91635285e-01, -2.84042471e-01,  0.00000000e+00]],

       [[ 0.00000000e+00, -2.42301838e-01,  8.05573701e-01, ...,
          2.45533388e-01, -1.28639145e-01,  6.03213410e-01],
        [ 2.42301838e-01,  0.00000000e+00,  6.38005575e-01, ...,
          4.73101245e-01,  1.15482848e-01,  7.78493262e-01],
        [-8.05573701e-01, -6.38005575e-01,  0.00000000e+00, ...,
         -9.26391034e-01, -7.22662442e-01, -9.99910613e-01],
        ...,
        [-2.45533388e-01, -4.73101245e-01,  9.26391034e-01, ...,
          0.00000000e+00, -3.68194628e-01,  3.88915445e-01],
        [ 1.28639145e-01, -1.15482848e-01,  7.22662442e-01, ...,
          3.68194628e-01,  0.00000000e+00,  7.00801580e-01],
        [-6.03213410e-01, -7.78493262e-01,  9.99910613e-01, ...,
         -3.88915445e-01, -7.00801580e-01,  0.00000000e+00]],

       [[ 0.00000000e+00,  8.68284030e-03,  1.68591602e-01, ...,
         -5.04223984e-01, -4.35652684e-01, -3.29724641e-01],
        [-8.68284030e-03,  0.00000000e+00,  1.60026693e-01, ...,
         -5.11703242e-01, -4.43451815e-01, -3.37909483e-01],
        [-1.68591602e-01, -1.60026693e-01,  0.00000000e+00, ...,
         -6.42597657e-01, -5.81168552e-01, -4.84168439e-01],
        ...,
        [ 5.04223984e-01,  5.11703242e-01,  6.42597657e-01, ...,
          0.00000000e+00,  7.76416372e-02,  1.91285072e-01],
        [ 4.35652684e-01,  4.43451815e-01,  5.81168552e-01, ...,
         -7.76416372e-02,  0.00000000e+00,  1.14499698e-01],
        [ 3.29724641e-01,  3.37909483e-01,  4.84168439e-01, ...,
         -1.91285072e-01, -1.14499698e-01,  0.00000000e+00]],

       ...,

       [[ 0.00000000e+00, -5.50558419e-01, -3.65244952e-01, ...,
         -9.91604566e-01, -9.77543141e-01, -9.89163618e-01],
        [ 5.50558419e-01,  0.00000000e+00,  2.07615878e-01, ...,
         -7.56596921e-01, -7.00027580e-01, -7.44918931e-01],
        [ 3.65244952e-01, -2.07615878e-01,  0.00000000e+00, ...,
         -8.75867195e-01, -8.33036061e-01, -8.67199439e-01],
        ...,
        [ 9.91604566e-01,  7.56596921e-01,  8.75867195e-01, ...,
          0.00000000e+00,  8.25626938e-02,  1.76786588e-02],
        [ 9.77543141e-01,  7.00027580e-01,  8.33036061e-01, ...,
         -8.25626938e-02,  0.00000000e+00, -6.49314894e-02],
        [ 9.89163618e-01,  7.44918931e-01,  8.67199439e-01, ...,
         -1.76786588e-02,  6.49314894e-02,  0.00000000e+00]],

       [[ 0.00000000e+00,  9.03181866e-02,  2.95696354e-01, ...,
         -9.43840126e-01, -9.86830844e-01, -8.88100428e-01],
        [-9.03181866e-02,  0.00000000e+00,  2.08208495e-01, ...,
         -9.69823970e-01, -9.97407103e-01, -9.25985432e-01],
        [-2.95696354e-01, -2.08208495e-01,  0.00000000e+00, ...,
         -9.99332283e-01, -9.90532276e-01, -9.84303008e-01],
        ...,
        [ 9.43840126e-01,  9.69823970e-01,  9.99332283e-01, ...,
          0.00000000e+00, -1.73379926e-01,  1.40405002e-01],
        [ 9.86830844e-01,  9.97407103e-01,  9.90532276e-01, ...,
          1.73379926e-01,  0.00000000e+00,  3.09941022e-01],
        [ 8.88100428e-01,  9.25985432e-01,  9.84303008e-01, ...,
         -1.40405002e-01, -3.09941022e-01,  0.00000000e+00]],

       [[ 0.00000000e+00,  2.46649648e-01,  3.56636405e-01, ...,
          9.89465815e-01,  9.89480230e-01,  9.87133808e-01],
        [-2.46649648e-01,  0.00000000e+00,  1.15187250e-01, ...,
          9.23189330e-01,  9.23227608e-01,  9.17197649e-01],
        [-3.56636405e-01, -1.15187250e-01,  0.00000000e+00, ...,
          8.72772693e-01,  8.72821308e-01,  8.65198248e-01],
        ...,
        [-9.89465815e-01, -9.23189330e-01, -8.72772693e-01, ...,
          0.00000000e+00,  9.96042156e-05, -1.53078661e-02],
        [-9.89480230e-01, -9.23227608e-01, -8.72821308e-01, ...,
         -9.96042156e-05,  0.00000000e+00, -1.54074585e-02],
        [-9.87133808e-01, -9.17197649e-01, -8.65198248e-01, ...,
          1.53078661e-02,  1.54074585e-02,  0.00000000e+00]]]), 'num': array([7.15236258e-01, 6.98875421e-01, 1.38533759e-07, 1.44607977e-09,
       1.09072246e-03, 1.09441670e-03, 1.06116859e-03, 1.08248432e-03,
       1.38533759e-05, 1.06375456e-03, 1.03803346e-03, 1.08898309e-03,
       5.34106058e-07, 1.09546505e-03, 9.80601859e-04])}
{'img': array([[[ 0.        ,  0.5115305 ,  0.68226857, ..., -0.41356165,
         -0.13791387, -0.03428125],
        [-0.5115305 ,  0.        ,  0.21226881, ..., -0.82109541,
         -0.625147  , -0.54068652],
        [-0.68226857, -0.21226881,  0.        , ..., -0.92354484,
         -0.77657802, -0.70693063],
        ...,
        [ 0.41356165,  0.82109541,  0.92354484, ...,  0.        ,
          0.28404247,  0.38210631],
        [ 0.13791387,  0.625147  ,  0.77657802, ..., -0.28404247,
          0.        ,  0.10387914],
        [ 0.03428125,  0.54068652,  0.70693063, ..., -0.38210631,
         -0.10387914,  0.        ]],

       [[ 0.        ,  0.63800558,  0.99994881, ...,  0.11548285,
          0.77849326,  0.48934352],
        [-0.63800558,  0.        , -0.76353704, ..., -0.72266244,
         -0.99991061, -0.93320904],
        [-0.99994881,  0.76353704,  0.        , ..., -0.99442707,
         -0.63549756, -0.87699762],
        ...,
        [-0.11548285,  0.72266244,  0.99442707, ...,  0.        ,
          0.70080158,  0.38535798],
        [-0.77849326,  0.99991061,  0.63549756, ..., -0.70080158,
          0.        , -0.37177915],
        [-0.48934352,  0.93320904,  0.87699762, ..., -0.38535798,
          0.37177915,  0.        ]],

       [[ 0.        ,  0.16002669,  0.37232933, ..., -0.44345181,
         -0.33790948, -0.29468768],
        [-0.16002669,  0.        ,  0.21901013, ..., -0.58116855,
         -0.48416844, -0.44381043],
        [-0.37232933, -0.21901013,  0.        , ..., -0.74528604,
         -0.66404242, -0.62929537],
        ...,
        [ 0.44345181,  0.58116855,  0.74528604, ...,  0.        ,
          0.1144997 ,  0.15963169],
        [ 0.33790948,  0.48416844,  0.66404242, ..., -0.1144997 ,
          0.        ,  0.04555041],
        [ 0.29468768,  0.44381043,  0.62929537, ..., -0.15963169,
         -0.04555041,  0.        ]],

       ...,

       [[ 0.        ,  0.25582764,  0.49559379, ..., -0.72916767,
         -0.77300316, -0.61979307],
        [-0.25582764,  0.        ,  0.25690139, ..., -0.87997456,
         -0.90957709, -0.7999325 ],
        [-0.49559379, -0.25690139,  0.        , ..., -0.97247403,
         -0.98580109, -0.92724882],
        ...,
        [ 0.72916767,  0.87997456,  0.97247403, ...,  0.        ,
         -0.06640763,  0.14807933],
        [ 0.77300316,  0.90957709,  0.98580109, ...,  0.06640763,
          0.        ,  0.21342797],
        [ 0.61979307,  0.7999325 ,  0.92724882, ..., -0.14807933,
         -0.21342797,  0.        ]],

       [[ 0.        ,  0.20820849,  0.43805446, ..., -0.9974071 ,
         -0.92598543, -0.82427664],
        [-0.20820849,  0.        ,  0.24128556, ..., -0.99053228,
         -0.98430301, -0.92409718],
        [-0.43805446, -0.24128556,  0.        , ..., -0.92814248,
         -0.99780466, -0.98900305],
        ...,
        [ 0.9974071 ,  0.99053228,  0.92814248, ...,  0.        ,
          0.30994102,  0.5053995 ],
        [ 0.92598543,  0.98430301,  0.99780466, ..., -0.30994102,
          0.        ,  0.21306789],
        [ 0.82427664,  0.92409718,  0.98900305, ..., -0.5053995 ,
         -0.21306789,  0.        ]],

       [[ 0.        ,  0.26374818,  0.3697219 , ...,  0.98668745,
          0.98401327,  0.97880429],
        [-0.26374818,  0.        ,  0.11157099, ...,  0.90885756,
          0.90219863,  0.89013131],
        [-0.3697219 , -0.11157099,  0.        , ...,  0.85664607,
          0.84844284,  0.83373038],
        ...,
        [-0.98668745, -0.90885756, -0.85664607, ...,  0.        ,
         -0.01569612, -0.04289047],
        [-0.98401327, -0.90219863, -0.84844284, ...,  0.01569612,
          0.        , -0.02720351],
        [-0.97880429, -0.89013131, -0.83373038, ...,  0.04289047,
          0.02720351,  0.        ]]]), 'num': array([ 7.14129226e-01,  7.00006962e-01,  1.19883396e-07,  1.70772699e-09,
        1.08632801e-03,  1.10108289e-03,  1.08263929e-03,  7.56814659e-04,
       -2.76653992e-06,  1.06567118e-03,  1.03897407e-03,  1.08723482e-03,
        5.23798224e-07,  1.10029806e-03,  9.77650068e-04])}
{'img': array([[[ 0.        ,  0.21226881,  0.90983693, ..., -0.625147  ,
         -0.54068652, -0.55794286],
        [-0.21226881,  0.        ,  0.8010186 , ..., -0.77657802,
         -0.70693063, -0.72138558],
        [-0.90983693, -0.8010186 ,  0.        , ..., -0.96954886,
         -0.98974332, -0.9865822 ],
        ...,
        [ 0.625147  ,  0.77657802,  0.96954886, ...,  0.        ,
          0.10387914,  0.08331828],
        [ 0.54068652,  0.70693063,  0.98974332, ..., -0.10387914,
          0.        , -0.02065043],
        [ 0.55794286,  0.72138558,  0.9865822 , ..., -0.08331828,
          0.02065043,  0.        ]],

       [[ 0.        , -0.76353704, -0.98855976, ..., -0.99991061,
         -0.93320904, -0.77941131],
        [ 0.76353704,  0.        , -0.52321227, ..., -0.63549756,
         -0.87699762, -0.98168135],
        [ 0.98855976,  0.52321227,  0.        , ..., -0.13759885,
         -0.49597873, -0.7369035 ],
        ...,
        [ 0.99991061,  0.63549756,  0.13759885, ...,  0.        ,
         -0.37177915, -0.63687756],
        [ 0.93320904,  0.87699762,  0.49597873, ...,  0.37177915,
          0.        , -0.30459825],
        [ 0.77941131,  0.98168135,  0.7369035 , ...,  0.63687756,
          0.30459825,  0.        ]],

       [[ 0.        ,  0.21901013,  0.47282929, ..., -0.48416844,
         -0.44381043, -0.41177724],
        [-0.21901013,  0.        ,  0.26836856, ..., -0.66404242,
         -0.62929537, -0.6013609 ],
        [-0.47282929, -0.26836856,  0.        , ..., -0.8403407 ,
         -0.81477747, -0.7937212 ],
        ...,
        [ 0.48416844,  0.66404242,  0.8403407 , ...,  0.        ,
          0.04555041,  0.08092049],
        [ 0.44381043,  0.62929537,  0.81477747, ..., -0.04555041,
          0.        ,  0.03543547],
        [ 0.41177724,  0.6013609 ,  0.7937212 , ..., -0.08092049,
         -0.03543547,  0.        ]],

       ...,

       [[ 0.        ,  0.25690139, -0.06915699, ..., -0.90957709,
         -0.7999325 , -0.81895489],
        [-0.25690139,  0.        , -0.32312223, ..., -0.98580109,
         -0.92724882, -0.93889371],
        [ 0.06915699,  0.32312223,  0.        , ..., -0.8786622 ,
         -0.75651688, -0.77730786],
        ...,
        [ 0.90957709,  0.98580109,  0.8786622 , ...,  0.        ,
          0.21342797,  0.18166339],
        [ 0.7999325 ,  0.92724882,  0.75651688, ..., -0.21342797,
          0.        , -0.03239905],
        [ 0.81895489,  0.93889371,  0.77730786, ..., -0.18166339,
          0.03239905,  0.        ]],

       [[ 0.        ,  0.24128556,  0.59895858, ..., -0.98430301,
         -0.92409718, -0.86476082],
        [-0.24128556,  0.        ,  0.3880452 , ..., -0.99780466,
         -0.98900305, -0.96038047],
        [-0.59895858, -0.3880452 ,  0.        , ..., -0.89391845,
         -0.9688951 , -0.99327056],
        ...,
        [ 0.98430301,  0.99780466,  0.89391845, ...,  0.        ,
          0.21306789,  0.34168232],
        [ 0.92409718,  0.98900305,  0.9688951 , ..., -0.21306789,
          0.        ,  0.13359189],
        [ 0.86476082,  0.96038047,  0.99327056, ..., -0.34168232,
         -0.13359189,  0.        ]],

       [[ 0.        ,  0.26622112,  0.32194575, ...,  0.97993276,
          0.97400831,  0.97059706],
        [-0.26622112,  0.        ,  0.05828036, ...,  0.89150353,
          0.87855592,  0.87148804],
        [-0.32194575, -0.05828036,  0.        , ...,  0.86358639,
          0.8492256 ,  0.84142506],
        ...,
        [-0.97993276, -0.89150353, -0.86358639, ...,  0.        ,
         -0.02781938, -0.04241221],
        [-0.97400831, -0.87855592, -0.8492256 , ...,  0.02781938,
          0.        , -0.01460144],
        [-0.97059706, -0.87148804, -0.84142506, ...,  0.04241221,
          0.01460144,  0.        ]]]), 'num': array([ 7.12483938e-01,  7.01681850e-01,  9.20109773e-08,  1.65056742e-09,
        1.08020887e-03,  1.08940997e-03,  1.07468821e-03,  3.78376742e-04,
       -3.68043909e-06,  1.07211191e-03,  1.03857391e-03,  1.08342926e-03,
        6.04886980e-07,  1.10263331e-03,  9.74514505e-04])}
{'img': array([[[ 0.        ,  0.8010186 ,  0.45583351, ..., -0.70693063,
         -0.72138558, -0.74025443],
        [-0.8010186 ,  0.        , -0.44007875, ..., -0.98974332,
         -0.9865822 , -0.98169182],
        [-0.45583351,  0.44007875,  0.        , ..., -0.95161749,
         -0.95776014, -0.9653437 ],
        ...,
        [ 0.70693063,  0.98974332,  0.95161749, ...,  0.        ,
         -0.02065043, -0.04828085],
        [ 0.72138558,  0.9865822 ,  0.95776014, ...,  0.02065043,
          0.        , -0.0276442 ],
        [ 0.74025443,  0.98169182,  0.9653437 , ...,  0.04828085,
          0.0276442 ,  0.        ]],

       [[ 0.        , -0.91715291, -0.94363335, ..., -0.97517483,
         -0.83770516, -0.38131253],
        [ 0.91715291,  0.        , -0.6796422 , ..., -0.59173275,
         -0.83473331, -0.99982509],
        [ 0.94363335,  0.6796422 ,  0.        , ...,  0.11382094,
         -0.23806545, -0.74612664],
        ...,
        [ 0.97517483,  0.59173275, -0.11382094, ...,  0.        ,
         -0.34706681, -0.81706021],
        [ 0.83770516,  0.83473331,  0.23806545, ...,  0.34706681,
          0.        , -0.5661699 ],
        [ 0.38131253,  0.99982509,  0.74612664, ...,  0.81706021,
          0.5661699 ,  0.        ]],

       [[ 0.        ,  0.26836856,  0.54104246, ..., -0.62929537,
         -0.6013609 , -0.52922024],
        [-0.26836856,  0.        ,  0.29549834, ..., -0.81477747,
         -0.7937212 , -0.73751305],
        [-0.54104246, -0.29549834,  0.        , ..., -0.94971436,
         -0.93802244, -0.90413786],
        ...,
        [ 0.62929537,  0.81477747,  0.94971436, ...,  0.        ,
          0.03543547,  0.12265526],
        [ 0.6013609 ,  0.7937212 ,  0.93802244, ..., -0.03543547,
          0.        ,  0.08741032],
        [ 0.52922024,  0.73751305,  0.90413786, ..., -0.12265526,
         -0.08741032,  0.        ]],

       ...,

       [[ 0.        , -0.32312223, -0.53379637, ..., -0.92724882,
         -0.93889371, -0.79519745],
        [ 0.32312223,  0.        , -0.23192568, ..., -0.75651688,
         -0.77730786, -0.55661551],
        [ 0.53379637,  0.23192568,  0.        , ..., -0.58421591,
         -0.61020422, -0.3487616 ],
        ...,
        [ 0.92724882,  0.75651688,  0.58421591, ...,  0.        ,
         -0.03239905,  0.26447954],
        [ 0.93889371,  0.77730786,  0.61020422, ...,  0.03239905,
          0.        ,  0.29558605],
        [ 0.79519745,  0.55661551,  0.3487616 , ..., -0.26447954,
         -0.29558605,  0.        ]],

       [[ 0.        ,  0.3880452 ,  0.66927166, ..., -0.98900305,
         -0.96038047, -0.93278801],
        [-0.3880452 ,  0.        ,  0.32850327, ..., -0.9688951 ,
         -0.99327056, -0.99955644],
        [-0.66927166, -0.32850327,  0.        , ..., -0.83382887,
         -0.90010058, -0.93430065],
        ...,
        [ 0.98900305,  0.9688951 ,  0.83382887, ...,  0.        ,
          0.13359189,  0.21850713],
        [ 0.96038047,  0.99327056,  0.90010058, ..., -0.13359189,
          0.        ,  0.08618484],
        [ 0.93278801,  0.99955644,  0.93430065, ..., -0.21850713,
         -0.08618484,  0.        ]],

       [[ 0.        ,  0.18609941,  0.52932246, ...,  0.96849059,
          0.96465698,  0.96210763],
        [-0.18609941,  0.        ,  0.36218509, ...,  0.90522386,
          0.89876647,  0.89455677],
        [-0.52932246, -0.36218509,  0.        , ...,  0.68985964,
          0.67895383,  0.67194172],
        ...,
        [-0.96849059, -0.90522386, -0.68985964, ...,  0.        ,
         -0.01495785, -0.02446523],
        [-0.96465698, -0.89876647, -0.67895383, ...,  0.01495785,
          0.        , -0.00950912],
        [-0.96210763, -0.89455677, -0.67194172, ...,  0.02446523,
          0.00950912,  0.        ]]]), 'num': array([ 7.11931776e-01,  7.02241892e-01,  8.27487938e-08,  1.59948887e-09,
        1.07665375e-03,  1.09780066e-03,  1.06286229e-03,  6.24882114e-04,
       -2.75829313e-06,  1.07941204e-03,  1.03992248e-03,  1.08080651e-03,
        6.83556063e-07,  1.10609718e-03,  9.73747777e-04])}
{'img': array([[[ 0.00000000e+00, -4.40078748e-01, -6.31335033e-01, ...,
         -9.86582201e-01, -9.81691816e-01, -9.77511018e-01],
        [ 4.40078748e-01,  0.00000000e+00, -2.25627531e-01, ...,
         -9.57760140e-01, -9.65343705e-01, -9.70570718e-01],
        [ 6.31335033e-01,  2.25627531e-01,  0.00000000e+00, ...,
         -8.68179672e-01, -8.81566312e-01, -8.91208449e-01],
        ...,
        [ 9.86582201e-01,  9.57760140e-01,  8.68179672e-01, ...,
          0.00000000e+00, -2.76442045e-02, -4.84611144e-02],
        [ 9.81691816e-01,  9.65343705e-01,  8.81566312e-01, ...,
          2.76442045e-02,  0.00000000e+00, -2.08308693e-02],
        [ 9.77511018e-01,  9.70570718e-01,  8.91208449e-01, ...,
          4.84611144e-02,  2.08308693e-02,  0.00000000e+00]],

       [[ 0.00000000e+00, -7.62466286e-01, -8.65070412e-01, ...,
         -9.04255752e-01, -9.79041228e-01, -9.65717333e-01],
        [ 7.62466286e-01,  0.00000000e+00, -1.77233171e-01, ...,
         -2.59512304e-01, -7.88752564e-01, -4.26912979e-01],
        [ 8.65070412e-01,  1.77233171e-01,  0.00000000e+00, ...,
         -8.42428084e-02, -6.67318587e-01, -2.59883808e-01],
        ...,
        [ 9.04255752e-01,  2.59512304e-01,  8.42428084e-02, ...,
          0.00000000e+00, -6.02204723e-01, -1.77611771e-01],
        [ 9.79041228e-01,  7.88752564e-01,  6.67318587e-01, ...,
          6.02204723e-01,  0.00000000e+00,  4.50835167e-01],
        [ 9.65717333e-01,  4.26912979e-01,  2.59883808e-01, ...,
          1.77611771e-01, -4.50835167e-01,  0.00000000e+00]],

       [[ 0.00000000e+00,  2.95498339e-01,  7.10429319e-01, ...,
         -7.93721204e-01, -7.37513051e-01, -6.82438850e-01],
        [-2.95498339e-01,  0.00000000e+00,  4.70741418e-01, ...,
         -9.38022435e-01, -9.04137862e-01, -8.67955702e-01],
        [-7.10429319e-01, -4.70741418e-01,  0.00000000e+00, ...,
         -9.90737194e-01, -9.98814775e-01, -9.99562123e-01],
        ...,
        [ 7.93721204e-01,  9.38022435e-01,  9.90737194e-01, ...,
          0.00000000e+00,  8.74103211e-02,  1.65049635e-01],
        [ 7.37513051e-01,  9.04137862e-01,  9.98814775e-01, ...,
         -8.74103211e-02,  0.00000000e+00,  7.82063782e-02],
        [ 6.82438850e-01,  8.67955702e-01,  9.99562123e-01, ...,
         -1.65049635e-01, -7.82063782e-02,  0.00000000e+00]],

       ...,

       [[ 0.00000000e+00, -4.43085730e-01, -6.14102586e-01, ...,
         -9.24470180e-01, -7.59401274e-01, -4.14894037e-01],
        [ 4.43085730e-01,  0.00000000e+00, -2.00835351e-01, ...,
         -6.59839964e-01, -3.92505912e-01,  3.12064035e-02],
        [ 6.14102586e-01,  2.00835351e-01,  0.00000000e+00, ...,
         -4.95486811e-01, -1.99790398e-01,  2.31308109e-01],
        ...,
        [ 9.24470180e-01,  6.59839964e-01,  4.95486811e-01, ...,
          0.00000000e+00,  3.11956103e-01,  6.82967280e-01],
        [ 7.59401274e-01,  3.92505912e-01,  1.99790398e-01, ...,
