state_0,state_1,state_2,state_3,state_4,state_5,state_6,state_7,state_8,state_9,state_10,state_11,state_12,state_13,state_14,state_15,state_16,state_17,state_18,state_19,state_20,state_21,state_22,state_23,state_24,state_25,state_26,state_27,state_28,state_29,state_30,state_31,state_32,state_33,state_34,state_35,state_36,state_37,state_38,state_39,state_40,state_41,state_42,state_43,state_44,state_45,state_46,state_47,state_48,state_49,state_50,state_51,state_52,state_53,state_54,state_55,state_56,state_57,state_58,state_59,state_60,state_61,state_62,state_63,state_64,state_65,state_66,state_67,state_68,state_69,state_70,state_71,state_72,state_73,state_74,state_75,state_76,state_77,state_78,state_79,state_80,state_81,state_82,state_83,state_84,state_85,state_86,state_87,state_88,state_89,state_90,state_91,state_92,state_93,state_94,state_95,state_96,state_97,state_98,state_99,state_100,state_101,state_102,state_103,state_104,state_105,state_106,state_107,state_108,state_109,state_110,state_111,state_112,state_113,state_114,state_115,state_116,state_117,state_118,state_119,state_120,state_121,state_122,state_123,state_124,state_125,state_126,state_127,state_128,state_129,state_130,state_131,state_132,state_133,state_134,state_135,state_136,state_137,state_138,state_139,state_140,state_141,state_142,state_143,state_144,state_145,state_146,state_147,state_148,state_149,state_150,state_151,state_152,state_153,state_154,state_155,state_156,state_157,state_158,state_159,state_160,state_161,state_162,state_163,state_164,state_165,state_166,state_167,state_168,state_169,state_170,state_171,state_172,state_173,state_174,state_175,state_176,state_177,state_178,state_179,state_180,state_181,state_182,state_183,state_184,state_185,state_186,state_187,state_188,state_189,state_190,state_191,state_192,state_193,state_194,state_195,state_196,state_197,state_198,state_199,state_200,state_201,state_202,state_203,state_204,state_205,state_206,state_207,state_208,state_209,state_210,state_211,state_212,state_213,state_214,state_215,state_216,state_217,state_218,state_219,state_220,state_221,state_222,state_223,state_224,state_225,state_226,state_227,state_228,state_229,state_230,state_231,state_232,state_233,state_234,state_235,state_236,state_237,state_238,state_239,state_240,state_241,state_242,state_243,state_244,state_245,state_246,state_247,state_248,state_249,state_250,state_251,state_252,state_253,state_254,state_255,state_256,state_257,state_258,state_259,state_260,state_261,state_262,state_263,state_264,state_265,state_266,state_267,state_268,state_269,state_270,state_271,state_272,state_273,state_274,state_275,state_276,state_277,state_278,state_279,state_280,state_281,state_282,state_283,state_284,state_285,state_286,state_287
{'img': array([[[ 0.        ,  0.74920546, -0.27733926, ..., -0.97832095,
         -0.91951537, -0.94086739],
        [-0.74920546,  0.        , -0.9035079 , ..., -0.49282249,
         -0.9035079 , -0.87698405],
        [ 0.27733926,  0.9035079 ,  0.        , ..., -0.99737885,
         -0.77443535, -0.81000346],
        ...,
        [ 0.97832095,  0.49282249,  0.99737885, ...,  0.        ,
          0.57495957,  0.52627921],
        [ 0.91951537,  0.9035079 ,  0.77443535, ..., -0.57495957,
          0.        , -0.05830284],
        [ 0.94086739,  0.87698405,  0.81000346, ..., -0.52627921,
          0.05830284,  0.        ]],

       [[ 0.        ,  0.13674906,  0.37305573, ..., -0.53035659,
         -0.30649341, -0.96224928],
        [-0.13674906,  0.        ,  0.24267414, ..., -0.64130666,
         -0.43378184, -0.99042859],
        [-0.37305573, -0.24267414,  0.        , ..., -0.80833678,
         -0.63946892, -0.99431793],
        ...,
        [ 0.53035659,  0.64130666,  0.80833678, ...,  0.        ,
          0.24499465, -0.6714236 ],
        [ 0.30649341,  0.43378184,  0.63946892, ..., -0.24499465,
          0.        , -0.83252069],
        [ 0.96224928,  0.99042859,  0.99431793, ...,  0.6714236 ,
          0.83252069,  0.        ]],

       [[ 0.        ,  0.43646456, -0.16366435, ..., -0.70826121,
         -0.87138916, -0.93508212],
        [-0.43646456,  0.        , -0.57783164, ..., -0.32911544,
         -0.56988131, -0.68661681],
        [ 0.16366435,  0.57783164,  0.        , ..., -0.81425   ,
         -0.93993191, -0.98048129],
        ...,
        [ 0.70826121,  0.32911544,  0.81425   , ...,  0.        ,
          0.26768999,  0.40909184],
        [ 0.87138916,  0.56988131,  0.93993191, ..., -0.26768999,
          0.        ,  0.14989676],
        [ 0.93508212,  0.68661681,  0.98048129, ..., -0.40909184,
         -0.14989676,  0.        ]],

       ...,

       [[ 0.        ,  0.07092121, -0.50486402, ..., -0.75324596,
         -0.11336771, -0.26396309],
        [-0.07092121,  0.        , -0.56481185, ..., -0.79799688,
         -0.18354623, -0.33170424],
        [ 0.50486402,  0.56481185,  0.        , ..., -0.31813235,
          0.40375033,  0.25910526],
        ...,
        [ 0.75324596,  0.79799688,  0.31813235, ...,  0.        ,
          0.67382351,  0.55291162],
        [ 0.11336771,  0.18354623, -0.40375033, ..., -0.67382351,
          0.        , -0.15291447],
        [ 0.26396309,  0.33170424, -0.25910526, ..., -0.55291162,
          0.15291447,  0.        ]],

       [[ 0.        ,  0.10680025,  0.08652449, ..., -0.33388576,
         -0.52017442, -0.56162079],
        [-0.10680025,  0.        , -0.0203701 , ..., -0.23130474,
         -0.42598546, -0.47004263],
        [-0.08652449,  0.0203701 ,  0.        , ..., -0.25107444,
         -0.44432651, -0.48792464],
        ...,
        [ 0.33388576,  0.23130474,  0.25107444, ...,  0.        ,
          0.20516496,  0.25313604],
        [ 0.52017442,  0.42598546,  0.44432651, ..., -0.20516496,
          0.        ,  0.04926829],
        [ 0.56162079,  0.47004263,  0.48792464, ..., -0.25313604,
         -0.04926829,  0.        ]],

       [[ 0.        ,  0.19217946, -0.16427205, ..., -0.29390995,
         -0.23784264, -0.19217946],
        [-0.19217946,  0.        , -0.35077871, ..., -0.10473991,
         -0.04674458, -0.        ],
        [ 0.16427205,  0.35077871,  0.        , ..., -0.44693387,
         -0.39416962, -0.35077871],
        ...,
        [ 0.29390995,  0.10473991,  0.44693387, ...,  0.        ,
         -0.05813795, -0.10473991],
        [ 0.23784264,  0.04674458,  0.39416962, ...,  0.05813795,
          0.        , -0.04674458],
        [ 0.19217946,  0.        ,  0.35077871, ...,  0.10473991,
          0.04674458,  0.        ]]]), 'num': array([ 7.07044567e-01,  7.07044567e-01,  0.00000000e+00,  0.00000000e+00,
        1.03722104e-03,  1.04722639e-03,  1.03555348e-03,  1.29335460e-02,
       -1.16729056e-05,  1.03922211e-03,  1.03647064e-03,  1.06465237e-03,
        1.59659803e-06,  1.06585895e-03,  1.00708232e-03])}
{'img': array([[[ 0.        , -0.9035079 , -0.97532381, ..., -0.9035079 ,
         -0.87698405, -0.74920546],
        [ 0.9035079 ,  0.        , -0.61747169, ..., -0.77443535,
         -0.81000346, -0.91951537],
        [ 0.97532381,  0.61747169,  0.        , ..., -0.21852015,
         -0.27504224, -0.4805847 ],
        ...,
        [ 0.9035079 ,  0.77443535,  0.21852015, ...,  0.        ,
         -0.05830284, -0.27733926],
        [ 0.87698405,  0.81000346,  0.27504224, ...,  0.05830284,
          0.        , -0.22085175],
        [ 0.74920546,  0.91951537,  0.4805847 , ...,  0.27733926,
          0.22085175,  0.        ]],

       [[ 0.        ,  0.24260088,  0.97702428, ..., -0.4336121 ,
         -0.99015678, -0.97702428],
        [-0.24260088,  0.        ,  0.89613178, ..., -0.63926602,
         -0.99453209, -0.89613178],
        [-0.97702428, -0.89613178,  0.        , ..., -0.97281112,
         -0.34777713, -0.        ],
        ...,
        [ 0.4336121 ,  0.63926602,  0.97281112, ...,  0.        ,
         -0.83154039, -0.97281112],
        [ 0.99015678,  0.99453209,  0.34777713, ...,  0.83154039,
          0.        , -0.34777713],
        [ 0.97702428,  0.89613178,  0.        , ...,  0.97281112,
          0.34777713,  0.        ]],

       [[ 0.        , -0.57783164, -0.82477599, ..., -0.56988131,
         -0.68661681, -0.70389261],
        [ 0.57783164,  0.        , -0.34640541, ..., -0.93993191,
         -0.98048129, -0.98492368],
        [ 0.82477599,  0.34640541,  0.        , ..., -0.99998558,
         -0.9878823 , -0.98386651],
        ...,
        [ 0.56988131,  0.93993191,  0.99998558, ...,  0.        ,
          0.14989676,  0.17361723],
        [ 0.68661681,  0.98048129,  0.9878823 , ..., -0.14989676,
          0.        ,  0.02403533],
        [ 0.70389261,  0.98492368,  0.98386651, ..., -0.17361723,
         -0.02403533,  0.        ]],

       ...,

       [[ 0.        , -0.56481185, -0.81981269, ..., -0.18354623,
         -0.33170424, -0.4318083 ],
        [ 0.56481185,  0.        , -0.35309638, ...,  0.40375033,
          0.25910526,  0.15310402],
        [ 0.81981269,  0.35309638,  0.        , ...,  0.70078055,
          0.58345332,  0.49217553],
        ...,
        [ 0.18354623, -0.40375033, -0.70078055, ...,  0.        ,
         -0.15291447, -0.25892   ],
        [ 0.33170424, -0.25910526, -0.58345332, ...,  0.15291447,
          0.        , -0.10817505],
        [ 0.4318083 , -0.15310402, -0.49217553, ...,  0.25892   ,
          0.10817505,  0.        ]],

       [[ 0.        , -0.02031854,  0.23073578, ..., -0.46444241,
         -0.50119064, -0.23073578],
        [ 0.02031854,  0.        ,  0.25045843, ..., -0.4823407 ,
         -0.51866956, -0.25045843],
        [-0.23073578, -0.25045843,  0.        , ..., -0.24756973,
         -0.28800255, -0.        ],
        ...,
        [ 0.46444241,  0.4823407 ,  0.24756973, ...,  0.        ,
          0.04195694, -0.24756973],
        [ 0.50119064,  0.51866956,  0.28800255, ..., -0.04195694,
          0.        , -0.28800255],
        [ 0.23073578,  0.25045843,  0.        , ...,  0.24756973,
          0.28800255,  0.        ]],

       [[ 0.        , -0.35077871, -0.72463313, ..., -0.04674458,
         -0.        , -0.10219995],
        [ 0.35077871,  0.        , -0.43685495, ..., -0.39416962,
         -0.35077871, -0.44464798],
        [ 0.72463313,  0.43685495,  0.        , ..., -0.75605434,
         -0.72463313, -0.79126841],
        ...,
        [ 0.04674458,  0.39416962,  0.75605434, ...,  0.        ,
         -0.04674458,  0.05558841],
        [ 0.        ,  0.35077871,  0.72463313, ...,  0.04674458,
          0.        ,  0.10219995],
        [ 0.10219995,  0.44464798,  0.79126841, ..., -0.05558841,
         -0.10219995,  0.        ]]]), 'num': array([ 7.06978079e-01,  7.06978079e-01,  0.00000000e+00,  0.00000000e+00,
        1.02044949e-03,  1.03545610e-03,  1.01878209e-03,  1.88527043e-02,
       -1.66740113e-05,  1.03645654e-03,  1.03470577e-03,  1.06249579e-03,
        1.63115328e-06,  1.06372957e-03,  1.00568197e-03])}
{'img': array([[[ 0.        , -0.83333333, -0.57261103, ..., -0.96993113,
         -0.9998594 , -0.8607353 ],
        [ 0.83333333,  0.        ,  0.36666667, ..., -0.33333333,
         -0.56666667, -0.9       ],
        [ 0.57261103, -0.36666667,  0.        , ..., -0.65581411,
         -0.82931363, -0.99714344],
        ...,
        [ 0.96993113,  0.33333333,  0.65581411, ...,  0.        ,
         -0.25960941, -0.70323151],
        [ 0.9998594 ,  0.56666667,  0.82931363, ...,  0.25960941,
          0.        , -0.49454815],
        [ 0.8607353 ,  0.9       ,  0.99714344, ...,  0.70323151,
          0.49454815,  0.        ]],

       [[ 0.        ,  0.89613178, -0.48894167, ..., -0.99453209,
         -0.89613178, -0.97306035],
        [-0.89613178,  0.        , -0.99869699, ..., -0.34777713,
         -0.        , -0.63843624],
        [ 0.48894167,  0.99869699,  0.        , ..., -0.91860761,
         -0.99869699, -0.7360908 ],
        ...,
        [ 0.99453209,  0.34777713,  0.91860761, ...,  0.        ,
         -0.34777713,  0.33090802],
        [ 0.89613178,  0.        ,  0.99869699, ...,  0.34777713,
          0.        ,  0.63843624],
        [ 0.97306035,  0.63843624,  0.7360908 , ..., -0.33090802,
         -0.63843624,  0.        ]],

       [[ 0.        , -0.68987723, -0.85326815, ..., -0.71474367,
         -0.73230053, -0.68338161],
        [ 0.68987723,  0.        , -0.2579514 , ..., -0.99991263,
         -0.99992537, -0.99837068],
        [ 0.85326815,  0.2579514 ,  0.        , ..., -0.96948332,
         -0.96293442, -0.97930274],
        ...,
        [ 0.71474367,  0.99991263,  0.96948332, ...,  0.        ,
          0.02543382, -0.04385886],
        [ 0.73230053,  0.99992537,  0.96293442, ..., -0.02543382,
          0.        , -0.06925401],
        [ 0.68338161,  0.99837068,  0.97930274, ...,  0.04385886,
          0.06925401,  0.        ]],

       ...,

       [[ 0.        , -0.35309638, -0.20656287, ...,  0.25910526,
          0.15310402,  0.20438327],
        [ 0.35309638,  0.        ,  0.15222374, ...,  0.58345332,
          0.49217553,  0.53686117],
        [ 0.20656287, -0.15222374,  0.        , ...,  0.45302578,
          0.35392959,  0.40217793],
        ...,
        [-0.25910526, -0.58345332, -0.45302578, ...,  0.        ,
         -0.10817505, -0.05623239],
        [-0.15310402, -0.49217553, -0.35392959, ...,  0.10817505,
          0.        ,  0.05210147],
        [-0.20438327, -0.53686117, -0.40217793, ...,  0.05623239,
         -0.05210147,  0.        ]],

       [[ 0.        ,  0.24794497, -0.09709678, ..., -0.61199932,
         -0.51107212, -0.24794497],
        [-0.24794497,  0.        , -0.34083826, ..., -0.39679977,
         -0.28199536, -0.        ],
        [ 0.09709678,  0.34083826,  0.        , ..., -0.68589738,
         -0.59211563, -0.34083826],
        ...,
        [ 0.61199932,  0.39679977,  0.68589738, ...,  0.        ,
         -0.12185095, -0.39679977],
        [ 0.51107212,  0.28199536,  0.59211563, ...,  0.12185095,
          0.        , -0.28199536],
        [ 0.24794497,  0.        ,  0.34083826, ...,  0.39679977,
          0.28199536,  0.        ]],

       [[ 0.        , -0.66418166, -0.75873352, ..., -0.21583143,
         -0.23872817, -0.        ],
        [ 0.66418166,  0.        , -0.13455865, ..., -0.80987669,
         -0.82344411, -0.66418166],
        [ 0.75873352,  0.13455865,  0.        , ..., -0.88144349,
         -0.89230363, -0.75873352],
        ...,
        [ 0.21583143,  0.80987669,  0.88144349, ...,  0.        ,
          0.02351053, -0.21583143],
        [ 0.23872817,  0.82344411,  0.89230363, ..., -0.02351053,
          0.        , -0.23872817],
        [ 0.        ,  0.66418166,  0.75873352, ...,  0.21583143,
          0.23872817,  0.        ]]]), 'num': array([7.07014919e-01, 7.07014919e-01, 0.00000000e+00, 0.00000000e+00,
       1.02717262e-03, 1.03384257e-03, 1.02050267e-03, 1.58505074e-02,
       6.66995207e-06, 1.03717755e-03, 1.03284208e-03, 1.06121717e-03,
       1.77623724e-06, 1.05833666e-03, 1.00734750e-03])}
{'img': array([[[ 0.        ,  0.36666667,  0.43333333, ..., -0.56666667,
         -0.9       , -0.76666667],
        [-0.36666667,  0.        ,  0.07270033, ..., -0.82931363,
         -0.99714344, -0.94868679],
        [-0.43333333, -0.07270033,  0.        , ..., -0.86774287,
         -0.99999597, -0.9691655 ],
        ...,
        [ 0.56666667,  0.82931363,  0.86774287, ...,  0.        ,
         -0.49454815, -0.26786711],
        [ 0.9       ,  0.99714344,  0.99999597, ...,  0.49454815,
          0.        ,  0.24365856],
        [ 0.76666667,  0.94868679,  0.9691655 , ...,  0.26786711,
         -0.24365856,  0.        ]],

       [[ 0.        , -0.99869699, -0.9807821 , ..., -0.        ,
         -0.63843624, -0.46272126],
        [ 0.99869699,  0.        , -0.14480031, ..., -0.99869699,
         -0.7360908 , -0.86173486],
        [ 0.9807821 ,  0.14480031,  0.        , ..., -0.9807821 ,
         -0.63032023, -0.77918723],
        ...,
        [ 0.        ,  0.99869699,  0.9807821 , ...,  0.        ,
          0.63843624,  0.46272126],
        [ 0.63843624,  0.7360908 ,  0.63032023, ..., -0.63843624,
          0.        , -0.20983131],
        [ 0.46272126,  0.86173486,  0.77918723, ..., -0.46272126,
          0.20983131,  0.        ]],

       [[ 0.        , -0.6438823 , -0.78801319, ..., -0.77668173,
         -0.72681551, -0.74000818],
        [ 0.6438823 ,  0.        , -0.20651672, ..., -0.99983537,
         -0.99834384, -0.99927229],
        [ 0.78801319,  0.20651672,  0.        , ..., -0.97453478,
         -0.9887033 , -0.98560821],
        ...,
        [ 0.77668173,  0.99983537,  0.97453478, ...,  0.        ,
         -0.07563426, -0.05626832],
        [ 0.72681551,  0.99834384,  0.9887033 , ...,  0.07563426,
          0.        ,  0.01940729],
        [ 0.74000818,  0.99927229,  0.98560821, ...,  0.05626832,
         -0.01940729,  0.        ]],

       ...,

       [[ 0.        ,  0.15222374,  0.28928771, ...,  0.49217553,
          0.53686117,  0.7226322 ],
        [-0.15222374,  0.        ,  0.14020138, ...,  0.35392959,
          0.40217793,  0.60898866],
        [-0.28928771, -0.14020138,  0.        , ...,  0.2193074 ,
          0.26984264,  0.4917689 ],
        ...,
        [-0.49217553, -0.35392959, -0.2193074 , ...,  0.        ,
          0.05210147,  0.28884059],
        [-0.53686117, -0.40217793, -0.26984264, ..., -0.05210147,
          0.        ,  0.23856752],
        [-0.7226322 , -0.60898866, -0.4917689 , ..., -0.28884059,
         -0.23856752,  0.        ]],

       [[ 0.        , -0.33218094, -0.28047369, ..., -0.51335188,
         -0.44270855, -0.        ],
        [ 0.33218094,  0.        ,  0.05430058, ..., -0.76927199,
         -0.71542486, -0.33218094],
        [ 0.28047369, -0.05430058,  0.        , ..., -0.73344323,
         -0.67643009, -0.28047369],
        ...,
        [ 0.51335188,  0.76927199,  0.73344323, ...,  0.        ,
         -0.08038213, -0.51335188],
        [ 0.44270855,  0.71542486,  0.67643009, ...,  0.08038213,
          0.        , -0.44270855],
        [ 0.        ,  0.33218094,  0.28047369, ...,  0.51335188,
          0.44270855,  0.        ]],

       [[ 0.        , -0.45608037, -0.62179496, ..., -0.25511773,
         -0.        , -0.28300095],
        [ 0.45608037,  0.        , -0.19616628, ..., -0.66802778,
         -0.45608037, -0.6892891 ],
        [ 0.62179496,  0.19616628,  0.        , ..., -0.80102288,
         -0.62179496, -0.81801646],
        ...,
        [ 0.25511773,  0.66802778,  0.80102288, ...,  0.        ,
         -0.25511773,  0.02894803],
        [ 0.        ,  0.45608037,  0.62179496, ...,  0.25511773,
          0.        ,  0.28300095],
        [ 0.28300095,  0.6892891 ,  0.81801646, ..., -0.02894803,
         -0.28300095,  0.        ]]]), 'num': array([7.07033094e-01, 7.07033094e-01, 0.00000000e+00, 0.00000000e+00,
       1.03553668e-03, 1.04387433e-03, 1.02553149e-03, 1.41352257e-02,
       8.33765442e-06, 1.03386915e-03, 1.03170136e-03, 1.06074419e-03,
       1.74164337e-06, 1.05429871e-03, 1.00910401e-03])}
{'img': array([[[ 0.        ,  0.07270033,  0.22508573, ..., -0.99714344,
         -0.94868679, -0.85154476],
        [-0.07270033,  0.        ,  0.15365535, ..., -0.99999597,
         -0.9691655 , -0.8874069 ],
        [-0.22508573, -0.15365535,  0.        , ..., -0.9885567 ,
         -0.9955185 , -0.94770162],
        ...,
        [ 0.99714344,  0.99999597,  0.9885567 , ...,  0.        ,
          0.24365856,  0.45846606],
        [ 0.94868679,  0.9691655 ,  0.9955185 , ..., -0.24365856,
          0.        ,  0.22810613],
        [ 0.85154476,  0.8874069 ,  0.94770162, ..., -0.45846606,
         -0.22810613,  0.        ]],

       [[ 0.        , -0.1615802 , -0.79809029, ..., -0.7846265 ,
         -0.90340318, -0.96688924],
        [ 0.1615802 ,  0.        , -0.69024486, ..., -0.67414151,
         -0.82224778, -0.91294924],
        [ 0.79809029,  0.69024486,  0.        , ...,  0.02202385,
         -0.20211981, -0.37891764],
        ...,
        [ 0.7846265 ,  0.67414151, -0.02202385, ...,  0.        ,
         -0.22364008, -0.39920727],
        [ 0.90340318,  0.82224778,  0.20211981, ...,  0.22364008,
          0.        , -0.18404927],
        [ 0.96688924,  0.91294924,  0.37891764, ...,  0.39920727,
          0.18404927,  0.        ]],

       [[ 0.        , -0.55680213, -0.80834455, ..., -0.76404641,
         -0.7773792 , -0.70452676],
        [ 0.55680213,  0.        , -0.34365269, ..., -0.99387863,
         -0.99597277, -0.98036165],
        [ 0.80834455,  0.34365269,  0.        , ..., -0.97131413,
         -0.96612546, -0.9884256 ],
        ...,
        [ 0.76404641,  0.99387863,  0.97131413, ...,  0.        ,
          0.02092513, -0.08769309],
        [ 0.7773792 ,  0.99597277,  0.96612546, ..., -0.02092513,
          0.        , -0.1085184 ],
        [ 0.70452676,  0.98036165,  0.9884256 , ...,  0.08769309,
          0.1085184 ,  0.        ]],

       ...,

       [[ 0.        ,  0.14020138,  0.22588561, ...,  0.40217793,
          0.60898866,  0.55867106],
        [-0.14020138,  0.        ,  0.08707683, ...,  0.26984264,
          0.4917689 ,  0.43687154],
        [-0.22588561, -0.08707683,  0.        , ...,  0.184971  ,
          0.41408093,  0.35688444],
        ...,
        [-0.40217793, -0.26984264, -0.184971  , ...,  0.        ,
          0.23856752,  0.17793565],
        [-0.60898866, -0.4917689 , -0.41408093, ..., -0.23856752,
          0.        , -0.06196257],
        [-0.55867106, -0.43687154, -0.35688444, ..., -0.17793565,
          0.06196257,  0.        ]],

       [[ 0.        ,  0.09385455,  0.219325  , ..., -0.73405056,
         -0.57443965, -0.219325  ],
        [-0.09385455,  0.        ,  0.12678751, ..., -0.66707426,
         -0.49507967, -0.12678751],
        [-0.219325  , -0.12678751,  0.        , ..., -0.56723532,
         -0.3809253 , -0.        ],
        ...,
        [ 0.73405056,  0.66707426,  0.56723532, ...,  0.        ,
         -0.21075584, -0.56723532],
        [ 0.57443965,  0.49507967,  0.3809253 , ...,  0.21075584,
          0.        , -0.3809253 ],
        [ 0.219325  ,  0.12678751,  0.        , ...,  0.56723532,
          0.3809253 ,  0.        ]],

       [[ 0.        , -0.46172265, -0.55008588, ..., -0.        ,
         -0.29094776, -0.41388709],
        [ 0.46172265,  0.        , -0.10235125, ..., -0.46172265,
         -0.69982578, -0.78744708],
        [ 0.55008588,  0.10235125,  0.        , ..., -0.55008588,
         -0.76926141, -0.84639916],
        ...,
        [ 0.        ,  0.46172265,  0.55008588, ...,  0.        ,
          0.29094776,  0.41388709],
        [ 0.29094776,  0.69982578,  0.76926141, ..., -0.29094776,
          0.        ,  0.13112394],
        [ 0.41388709,  0.78744708,  0.84639916, ..., -0.41388709,
         -0.13112394,  0.        ]]]), 'num': array([ 7.07029954e-01,  7.07029954e-01,  0.00000000e+00,  0.00000000e+00,
        1.03219703e-03,  1.04053465e-03,  1.02886199e-03,  1.44466230e-02,
       -3.33504695e-06,  1.03052951e-03,  1.03111314e-03,  1.05987792e-03,
        1.58996425e-06,  1.05301491e-03,  1.00921138e-03])}
{'img': array([[[ 0.        ,  0.15365535,  0.11409908, ..., -0.9691655 ,
         -0.8874069 , -0.92381008],
        [-0.15365535,  0.        , -0.03990779, ..., -0.9955185 ,
         -0.94770162, -0.97166649],
        [-0.11409908,  0.03990779,  0.        , ..., -0.99095148,
         -0.93420977, -0.96145998],
        ...,
        [ 0.9691655 ,  0.9955185 ,  0.99095148, ...,  0.        ,
          0.22810613,  0.14340937],
        [ 0.8874069 ,  0.94770162,  0.93420977, ..., -0.22810613,
          0.        , -0.08611974],
        [ 0.92381008,  0.97166649,  0.96145998, ..., -0.14340937,
          0.08611974,  0.        ]],

       [[ 0.        , -0.69024486, -0.51233442, ..., -0.82224778,
         -0.91294924, -0.89580724],
        [ 0.69024486,  0.        ,  0.22205982, ..., -0.20211981,
         -0.37891764, -0.34141015],
        [ 0.51233442, -0.22205982,  0.        , ..., -0.41455017,
         -0.57495813, -0.5416034 ],
        ...,
        [ 0.82224778,  0.20211981,  0.41455017, ...,  0.        ,
         -0.18404927, -0.1443884 ],
        [ 0.91294924,  0.37891764,  0.57495813, ...,  0.18404927,
          0.        ,  0.04019882],
        [ 0.89580724,  0.34141015,  0.5416034 , ...,  0.1443884 ,
         -0.04019882,  0.        ]],

       [[ 0.        , -0.52102481, -0.60848778, ..., -0.91528336,
         -0.8636264 , -0.79238876],
        [ 0.52102481,  0.        , -0.10590345, ..., -0.99110667,
         -0.99980647, -0.99417041],
        [ 0.60848778,  0.10590345,  0.        , ..., -0.97144055,
         -0.99210055, -0.99999814],
        ...,
        [ 0.91528336,  0.99110667,  0.97144055, ...,  0.        ,
         -0.11354611, -0.23915531],
        [ 0.8636264 ,  0.99980647,  0.99210055, ...,  0.11354611,
          0.        , -0.12735748],
        [ 0.79238876,  0.99417041,  0.99999814, ...,  0.23915531,
          0.12735748,  0.        ]],

       ...,

       [[ 0.        ,  0.08707683,  0.10190189, ...,  0.4917689 ,
          0.43687154,  0.20978936],
        [-0.08707683,  0.        ,  0.01489128, ...,  0.41408093,
          0.35688444,  0.12385342],
        [-0.10190189, -0.01489128,  0.        , ...,  0.40048037,
          0.3429342 ,  0.10906306],
        ...,
        [-0.4917689 , -0.41408093, -0.40048037, ...,  0.        ,
         -0.06196257, -0.29815637],
        [-0.43687154, -0.35688444, -0.3429342 , ...,  0.06196257,
          0.        , -0.23843912],
        [-0.20978936, -0.12385342, -0.10906306, ...,  0.29815637,
          0.23843912,  0.        ]],

       [[ 0.        ,  0.12604517, -0.01767211, ..., -0.54189886,
         -0.33664184, -0.12604517],
        [-0.12604517,  0.        , -0.14355666, ..., -0.43164308,
         -0.21526869, -0.        ],
        [ 0.01767211,  0.14355666,  0.        , ..., -0.55666665,
         -0.35322991, -0.14355666],
        ...,
        [ 0.54189886,  0.43164308,  0.55666665, ...,  0.        ,
         -0.22734121, -0.43164308],
        [ 0.33664184,  0.21526869,  0.35322991, ...,  0.22734121,
          0.        , -0.21526869],
        [ 0.12604517,  0.        ,  0.14355666, ...,  0.43164308,
          0.21526869,  0.        ]],

       [[ 0.        , -0.32714102, -0.50774868, ..., -0.29933234,
         -0.4254975 , -0.43219459],
        [ 0.32714102,  0.        , -0.19797637, ..., -0.59500299,
         -0.69813414, -0.70342267],
        [ 0.50774868,  0.19797637,  0.        , ..., -0.74234423,
         -0.82606037, -0.8302157 ],
        ...,
        [ 0.29933234,  0.59500299,  0.74234423, ...,  0.        ,
          0.13510431,  0.14244597],
        [ 0.4254975 ,  0.69813414,  0.82606037, ..., -0.13510431,
          0.        ,  0.00741335],
        [ 0.43219459,  0.70342267,  0.8302157 , ..., -0.14244597,
         -0.00741335,  0.        ]]]), 'num': array([ 7.07030618e-01,  7.07030618e-01,  0.00000000e+00,  0.00000000e+00,
        1.02886295e-03,  1.03553305e-03,  1.02719543e-03,  1.43826369e-02,
       -3.33505009e-06,  1.02886295e-03,  1.03011360e-03,  1.05890619e-03,
        1.82316071e-06,  1.05045125e-03,  1.00977594e-03])}
{'img': array([[[ 0.        , -0.03990779, -0.29338141, ..., -0.94770162,
         -0.97166649, -0.98948715],
        [ 0.03990779,  0.        , -0.25499602, ..., -0.93420977,
         -0.96145998, -0.9829274 ],
        [ 0.29338141,  0.25499602,  0.        , ..., -0.81236352,
         -0.85956627, -0.90351619],
        ...,
        [ 0.94770162,  0.93420977,  0.81236352, ...,  0.        ,
         -0.08611974, -0.17874511],
        [ 0.97166649,  0.96145998,  0.85956627, ...,  0.08611974,
          0.        , -0.09334822],
        [ 0.98948715,  0.9829274 ,  0.90351619, ...,  0.17874511,
          0.09334822,  0.        ]],

       [[ 0.        ,  0.22205982,  0.36927649, ..., -0.37891764,
         -0.34141015, -0.34883269],
        [-0.22205982,  0.        ,  0.15369224, ..., -0.57495813,
         -0.5416034 , -0.54823453],
        [-0.36927649, -0.15369224,  0.        , ..., -0.69387527,
         -0.66436743, -0.67025744],
        ...,
        [ 0.37891764,  0.57495813,  0.69387527, ...,  0.        ,
          0.04019882,  0.03229556],
        [ 0.34141015,  0.5416034 ,  0.66436743, ..., -0.04019882,
          0.        , -0.00790839],
        [ 0.34883269,  0.54823453,  0.67025744, ..., -0.03229556,
          0.00790839,  0.        ]],

       [[ 0.        , -0.10590345,  0.        , ..., -0.99980647,
         -0.99417041, -0.98386136],
        [ 0.10590345,  0.        ,  0.10590345, ..., -0.99210055,
         -0.99999814, -0.9972781 ],
        [ 0.        , -0.10590345,  0.        , ..., -0.99980647,
         -0.99417041, -0.98386136],
        ...,
        [ 0.99980647,  0.99210055,  0.99980647, ...,  0.        ,
         -0.12735748, -0.19825318],
        [ 0.99417041,  0.99999814,  0.99417041, ...,  0.12735748,
          0.        , -0.07180924],
        [ 0.98386136,  0.9972781 ,  0.98386136, ...,  0.19825318,
          0.07180924,  0.        ]],

       ...,

       [[ 0.        ,  0.01489128, -0.11837391, ...,  0.35688444,
          0.12385342,  0.49481946],
        [-0.01489128,  0.        , -0.13314736, ...,  0.3429342 ,
          0.10906306,  0.48182413],
        [ 0.11837391,  0.13314736,  0.        , ...,  0.46495403,
          0.24044511,  0.59420686],
        ...,
        [-0.35688444, -0.3429342 , -0.46495403, ...,  0.        ,
         -0.23843912,  0.1521038 ],
        [-0.12385342, -0.10906306, -0.24044511, ...,  0.23843912,
          0.        ,  0.3833815 ],
        [-0.49481946, -0.48182413, -0.59420686, ..., -0.1521038 ,
         -0.3833815 ,  0.        ]],

       [[ 0.        , -0.14190724, -0.14774047, ..., -0.36459785,
         -0.29957795, -0.        ],
        [ 0.14190724,  0.        , -0.00589536, ..., -0.49304718,
         -0.43193592, -0.14190724],
        [ 0.14774047,  0.00589536,  0.        , ..., -0.49816758,
         -0.43724546, -0.14774047],
        ...,
        [ 0.36459785,  0.49304718,  0.49816758, ...,  0.        ,
         -0.06889601, -0.36459785],
        [ 0.29957795,  0.43193592,  0.43724546, ...,  0.06889601,
          0.        , -0.29957795],
        [ 0.        ,  0.14190724,  0.14774047, ...,  0.36459785,
          0.29957795,  0.        ]],

       [[ 0.        , -0.22899689, -0.44789659, ..., -0.6451894 ,
         -0.6508684 , -0.67773504],
        [ 0.22899689,  0.        , -0.23125194, ..., -0.8030037 ,
         -0.80742525, -0.82810853],
        [ 0.44789659,  0.23125194,  0.        , ..., -0.91905755,
         -0.92197078, -0.93529413],
        ...,
        [ 0.6451894 ,  0.8030037 ,  0.91905755, ...,  0.        ,
          0.0074565 ,  0.04339317],
        [ 0.6508684 ,  0.80742525,  0.92197078, ..., -0.0074565 ,
          0.        ,  0.03594248],
        [ 0.67773504,  0.82810853,  0.93529413, ..., -0.04339317,
         -0.03594248,  0.        ]]]), 'num': array([7.07041101e-01, 7.07041101e-01, 0.00000000e+00, 0.00000000e+00,
       1.03054576e-03, 1.03888350e-03, 1.02721066e-03, 1.33118163e-02,
       1.66754977e-06, 1.03087927e-03, 1.02946185e-03, 1.05786578e-03,
       1.76019142e-06, 1.04880183e-03, 1.01012187e-03])}
{'img': array([[[ 0.        , -0.25499602, -0.2208631 , ..., -0.96145998,
         -0.9829274 , -0.9730098 ],
        [ 0.25499602,  0.        ,  0.03513702, ..., -0.85956627,
         -0.90351619, -0.88200029],
        [ 0.2208631 , -0.03513702,  0.        , ..., -0.87699136,
         -0.91801639, -0.89801394],
        ...,
        [ 0.96145998,  0.85956627,  0.87699136, ...,  0.        ,
         -0.09334822, -0.04565397],
        [ 0.9829274 ,  0.90351619,  0.91801639, ...,  0.09334822,
          0.        ,  0.04779626],
        [ 0.9730098 ,  0.88200029,  0.89801394, ...,  0.04565397,
         -0.04779626,  0.        ]],

       [[ 0.        ,  0.15369224, -0.10964403, ..., -0.5416034 ,
         -0.54823453, -0.68610118],
        [-0.15369224,  0.        , -0.26110694, ..., -0.66436743,
         -0.67025744, -0.78976149],
        [ 0.10964403,  0.26110694,  0.        , ..., -0.44616752,
         -0.45323118, -0.60219791],
        ...,
        [ 0.5416034 ,  0.66436743,  0.44616752, ...,  0.        ,
         -0.00790839, -0.18274027],
        [ 0.54823453,  0.67025744,  0.45323118, ...,  0.00790839,
          0.        , -0.17495933],
        [ 0.68610118,  0.78976149,  0.60219791, ...,  0.18274027,
          0.17495933,  0.        ]],

       [[ 0.        ,  0.10590345,  0.09363945, ..., -0.99999814,
         -0.9972781 , -0.99993167],
        [-0.10590345,  0.        , -0.01232527, ..., -0.99417041,
         -0.98386136, -0.99554648],
        [-0.09363945,  0.01232527,  0.        , ..., -0.99542381,
         -0.98599202, -0.99663279],
        ...,
        [ 0.99999814,  0.99417041,  0.99542381, ...,  0.        ,
         -0.07180924,  0.01361756],
        [ 0.9972781 ,  0.98386136,  0.98599202, ...,  0.07180924,
          0.        ,  0.08538499],
        [ 0.99993167,  0.99554648,  0.99663279, ..., -0.01361756,
         -0.08538499,  0.        ]],

       ...,

       [[ 0.        , -0.13314736, -0.16838014, ...,  0.10906306,
          0.48182413,  0.37347533],
        [ 0.13314736,  0.        , -0.03563462, ...,  0.24044511,
          0.59420686,  0.49366283],
        [ 0.16838014,  0.03563462,  0.        , ...,  0.2748816 ,
          0.62249083,  0.52433907],
        ...,
        [-0.10906306, -0.24044511, -0.2748816 , ...,  0.        ,
          0.3833815 ,  0.27007621],
        [-0.48182413, -0.59420686, -0.62249083, ..., -0.3833815 ,
          0.        , -0.11969493],
        [-0.37347533, -0.49366283, -0.52433907, ..., -0.27007621,
          0.11969493,  0.        ]],

       [[ 0.        , -0.04111233, -0.16415737, ..., -0.37998185,
         -0.24120489, -0.        ],
        [ 0.04111233,  0.        , -0.12346398, ..., -0.41768924,
         -0.28089941, -0.04111233],
        [ 0.16415737,  0.12346398,  0.        , ..., -0.52667165,
         -0.39724324, -0.16415737],
        ...,
        [ 0.37998185,  0.41768924,  0.52667165, ...,  0.        ,
         -0.14564953, -0.37998185],
        [ 0.24120489,  0.28089941,  0.39724324, ...,  0.14564953,
          0.        , -0.24120489],
        [ 0.        ,  0.04111233,  0.16415737, ...,  0.37998185,
          0.24120489,  0.        ]],

       [[ 0.        , -0.23125194, -0.3757467 , ..., -0.80742525,
         -0.82810853, -0.83915764],
        [ 0.23125194,  0.        , -0.15125532, ..., -0.92197078,
         -0.93529413, -0.94218657],
        [ 0.3757467 ,  0.15125532,  0.        , ..., -0.96993831,
         -0.97805823, -0.98203041],
        ...,
        [ 0.80742525,  0.92197078,  0.96993831, ...,  0.        ,
          0.03594248,  0.0559286 ],
        [ 0.82810853,  0.93529413,  0.97805823, ..., -0.03594248,
          0.        ,  0.02000624],
        [ 0.83915764,  0.94218657,  0.98203041, ..., -0.0559286 ,
         -0.02000624,  0.        ]]]), 'num': array([7.07051112e-01, 7.07051112e-01, 0.00000000e+00, 0.00000000e+00,
       1.03556307e-03, 1.03889821e-03, 1.02389005e-03, 1.22017011e-02,
       5.00272014e-06, 1.03256144e-03, 1.03006008e-03, 1.05693580e-03,
       1.95344310e-06, 1.04939530e-03, 1.01072485e-03])}
{'img': array([[[ 0.        ,  0.03513702,  0.29338141, ..., -0.90351619,
         -0.88200029, -0.81236352],
        [-0.03513702,  0.        ,  0.25960941, ..., -0.91801639,
         -0.89801394, -0.83235209],
        [-0.29338141, -0.25960941,  0.        , ..., -0.98948715,
         -0.98144394, -0.94770162],
        ...,
        [ 0.90351619,  0.91801639,  0.98948715, ...,  0.        ,
          0.04779626,  0.17874511],
        [ 0.88200029,  0.89801394,  0.98144394, ..., -0.04779626,
          0.        ,  0.13151429],
        [ 0.81236352,  0.83235209,  0.94770162, ..., -0.17874511,
         -0.13151429,  0.        ]],

       [[ 0.        , -0.25189194,  0.45985983, ..., -0.629907  ,
         -0.72282514, -0.89940727],
        [ 0.25189194,  0.        ,  0.66870972, ..., -0.41395883,
         -0.52545277, -0.76030133],
        [-0.45985983, -0.66870972,  0.        , ..., -0.91651167,
         -0.95963998, -0.9996761 ],
        ...,
        [ 0.629907  ,  0.41395883,  0.91651167, ...,  0.        ,
         -0.12611175, -0.4232035 ],
        [ 0.72282514,  0.52545277,  0.95963998, ...,  0.12611175,
          0.        , -0.30556304],
        [ 0.89940727,  0.76030133,  0.9996761 , ...,  0.4232035 ,
          0.30556304,  0.        ]],

       [[ 0.        , -0.01232527,  0.03793978, ..., -0.98386136,
         -0.99554648, -0.99956947],
        [ 0.01232527,  0.        ,  0.05025329, ..., -0.98599202,
         -0.99663279, -0.99985518],
        [-0.03793978, -0.05025329,  0.        , ..., -0.97636436,
         -0.99125306, -0.99773663],
        ...,
        [ 0.98386136,  0.98599202,  0.97636436, ...,  0.        ,
          0.08538499,  0.14998826],
        [ 0.99554648,  0.99663279,  0.99125306, ..., -0.08538499,
          0.        ,  0.06502141],
        [ 0.99956947,  0.99985518,  0.99773663, ..., -0.14998826,
         -0.06502141,  0.        ]],

       ...,

       [[ 0.        , -0.03563462,  0.15638638, ...,  0.59420686,
          0.49366283,  0.82883252],
        [ 0.03563462,  0.        ,  0.19148323, ...,  0.62249083,
          0.52433907,  0.84824357],
        [-0.15638638, -0.19148323,  0.        , ...,  0.46111223,
          0.35158684,  0.73113685],
        ...,
        [-0.59420686, -0.62249083, -0.46111223, ...,  0.        ,
         -0.11969493,  0.33418332],
        [-0.49366283, -0.52433907, -0.35158684, ...,  0.11969493,
          0.        ,  0.44459423],
        [-0.82883252, -0.84824357, -0.73113685, ..., -0.33418332,
         -0.44459423,  0.        ]],

       [[ 0.        , -0.15902689, -0.32096094, ..., -0.24125512,
         -0.        , -0.14291467],
        [ 0.15902689,  0.        , -0.16626331, ..., -0.39251448,
         -0.15902689, -0.29849045],
        [ 0.32096094,  0.16626331,  0.        , ..., -0.53997121,
         -0.32096094, -0.45301968],
        ...,
        [ 0.24125512,  0.39251448,  0.53997121, ...,  0.        ,
         -0.24125512, -0.10008542],
        [ 0.        ,  0.15902689,  0.32096094, ...,  0.24125512,
          0.        ,  0.14291467],
        [ 0.14291467,  0.29849045,  0.45301968, ...,  0.10008542,
         -0.14291467,  0.        ]],

       [[ 0.        , -0.15125532, -0.20774386, ..., -0.93529413,
         -0.94218657, -0.95300556],
        [ 0.15125532,  0.        , -0.0573983 , ..., -0.97805823,
         -0.98203041, -0.9878642 ],
        [ 0.20774386,  0.0573983 ,  0.        , ..., -0.98840365,
         -0.99124376, -0.99515067],
        ...,
        [ 0.93529413,  0.97805823,  0.98840365, ...,  0.        ,
          0.02000624,  0.05389134],
        [ 0.94218657,  0.98203041,  0.99124376, ..., -0.02000624,
          0.        ,  0.03390339],
        [ 0.95300556,  0.9878642 ,  0.99515067, ..., -0.05389134,
         -0.03390339,  0.        ]]]), 'num': array([7.06922514e-01, 7.06922514e-01, 0.00000000e+00, 0.00000000e+00,
       1.03870926e-03, 1.05038015e-03, 1.03537472e-03, 2.26382932e-02,
       3.33454016e-06, 1.03304054e-03, 1.03095645e-03, 1.05604887e-03,
       1.93306676e-06, 1.04970935e-03, 1.01220356e-03])}
{'img': array([[[ 0.        ,  0.25960941,  0.94280904, ..., -0.89801394,
         -0.83235209, -0.78479988],
        [-0.25960941,  0.        ,  0.82394714, ..., -0.98144394,
         -0.94770162, -0.91878474],
        [-0.94280904, -0.82394714,  0.        , ..., -0.71414284,
         -0.8       , -0.84590517],
        ...,
        [ 0.89801394,  0.98144394,  0.71414284, ...,  0.        ,
          0.13151429,  0.21125744],
        [ 0.83235209,  0.94770162,  0.8       , ..., -0.13151429,
          0.        ,  0.08087643],
        [ 0.78479988,  0.91878474,  0.84590517, ..., -0.21125744,
