state_0,state_1,state_2,state_3,state_4,state_5,state_6,state_7,state_8,state_9,state_10,state_11,state_12,state_13,state_14,state_15,state_16,state_17,state_18,state_19,state_20,state_21,state_22,state_23,state_24,state_25,state_26,state_27,state_28,state_29,state_30,state_31,state_32,state_33,state_34,state_35,state_36,state_37,state_38,state_39,state_40,state_41,state_42,state_43,state_44,state_45,state_46,state_47,state_48,state_49,state_50,state_51,state_52,state_53,state_54,state_55,state_56,state_57,state_58,state_59,state_60,state_61,state_62,state_63,state_64,state_65,state_66,state_67,state_68,state_69,state_70,state_71,state_72,state_73,state_74,state_75,state_76,state_77,state_78,state_79,state_80,state_81,state_82,state_83,state_84,state_85,state_86,state_87,state_88,state_89,state_90,state_91,state_92,state_93,state_94,state_95,state_96,state_97,state_98,state_99,state_100,state_101,state_102,state_103,state_104,state_105,state_106,state_107,state_108,state_109,state_110,state_111,state_112,state_113,state_114,state_115,state_116,state_117,state_118,state_119,state_120,state_121,state_122,state_123,state_124,state_125,state_126,state_127,state_128,state_129,state_130,state_131,state_132,state_133,state_134,state_135,state_136,state_137,state_138,state_139,state_140,state_141,state_142,state_143,state_144,state_145,state_146,state_147,state_148,state_149,state_150,state_151,state_152,state_153,state_154,state_155,state_156,state_157,state_158,state_159,state_160,state_161,state_162,state_163,state_164,state_165,state_166,state_167,state_168,state_169,state_170,state_171,state_172,state_173,state_174,state_175,state_176,state_177,state_178,state_179,state_180,state_181,state_182,state_183,state_184,state_185,state_186,state_187,state_188,state_189,state_190,state_191,state_192,state_193,state_194,state_195,state_196,state_197,state_198,state_199,state_200,state_201,state_202,state_203,state_204,state_205,state_206,state_207,state_208,state_209,state_210,state_211,state_212,state_213,state_214,state_215,state_216,state_217,state_218,state_219,state_220,state_221,state_222,state_223,state_224,state_225,state_226,state_227,state_228,state_229,state_230,state_231,state_232,state_233,state_234,state_235,state_236,state_237,state_238,state_239,state_240,state_241,state_242,state_243,state_244,state_245,state_246,state_247,state_248,state_249,state_250,state_251,state_252,state_253,state_254,state_255,state_256,state_257,state_258,state_259,state_260,state_261,state_262,state_263,state_264,state_265,state_266,state_267,state_268,state_269,state_270,state_271,state_272,state_273,state_274,state_275,state_276,state_277,state_278,state_279,state_280,state_281,state_282,state_283,state_284,state_285,state_286,state_287
{'img': array([[[ 0.        , -0.05625756, -0.43344393, ..., -0.05625756,
          0.21130242,  0.54061544],
        [ 0.05625756,  0.        , -0.38205927, ...,  0.        ,
          0.26595509,  0.58708705],
        [ 0.43344393,  0.38205927,  0.        , ...,  0.38205927,
          0.61407872,  0.85183542],
        ...,
        [ 0.05625756,  0.        , -0.38205927, ...,  0.        ,
          0.26595509,  0.58708705],
        [-0.21130242, -0.26595509, -0.61407872, ..., -0.26595509,
          0.        ,  0.35064638],
        [-0.54061544, -0.58708705, -0.85183542, ..., -0.58708705,
         -0.35064638,  0.        ]],

       [[ 0.        , -0.23823668,  0.03666041, ..., -0.03313638,
         -0.05040265, -0.13495704],
        [ 0.23823668,  0.        ,  0.27368138, ...,  0.20592356,
          0.18898246,  0.10498592],
        [-0.03666041, -0.27368138,  0.        , ..., -0.06975438,
         -0.08698258, -0.17119134],
        ...,
        [ 0.03313638, -0.20592356,  0.06975438, ...,  0.        ,
         -0.01728071, -0.1020497 ],
        [ 0.05040265, -0.18898246,  0.08698258, ...,  0.01728071,
          0.        , -0.08484397],
        [ 0.13495704, -0.10498592,  0.17119134, ...,  0.1020497 ,
          0.08484397,  0.        ]],

       [[ 0.        , -0.06383472, -0.19820283, ..., -0.13465579,
          0.07321321,  0.44979908],
        [ 0.06383472,  0.        , -0.13523029, ..., -0.07112782,
          0.1367273 ,  0.5058944 ],
        [ 0.19820283,  0.13523029,  0.        , ...,  0.06441332,
          0.26943165,  0.61789638],
        ...,
        [ 0.13465579,  0.07112782, -0.06441332, ...,  0.        ,
          0.20684083,  0.5659676 ],
        [-0.07321321, -0.1367273 , -0.26943165, ..., -0.20684083,
          0.        ,  0.38320307],
        [-0.44979908, -0.5058944 , -0.61789638, ..., -0.5659676 ,
         -0.38320307,  0.        ]],

       ...,

       [[ 0.        ,  0.13947142, -0.47270235, ...,  0.58912058,
          0.56685425,  0.99218741],
        [-0.13947142,  0.        , -0.59098751, ...,  0.47066337,
          0.44641479,  0.99988981],
        [ 0.47270235,  0.59098751,  0.        , ...,  0.90111094,
          0.88894528,  0.81536491],
        ...,
        [-0.58912058, -0.47066337, -0.90111094, ...,  0.        ,
         -0.02728438,  0.87522874],
        [-0.56685425, -0.44641479, -0.88894528, ...,  0.02728438,
          0.        ,  0.8881006 ],
        [-0.99218741, -0.99988981, -0.81536491, ..., -0.87522874,
         -0.8881006 ,  0.        ]],

       [[ 0.        , -0.32650909, -0.59045473, ..., -0.94847946,
         -0.9169333 , -0.87300091],
        [ 0.32650909,  0.        , -0.29457837, ..., -0.79304646,
         -0.73638957, -0.66591073],
        [ 0.59045473,  0.29457837,  0.        , ..., -0.57841116,
         -0.50441471, -0.41659776],
        ...,
        [ 0.94847946,  0.79304646,  0.57841116, ...,  0.        ,
          0.08796181,  0.18599064],
        [ 0.9169333 ,  0.73638957,  0.50441471, ..., -0.08796181,
          0.        ,  0.09884269],
        [ 0.87300091,  0.66591073,  0.41659776, ..., -0.18599064,
         -0.09884269,  0.        ]],

       [[ 0.        ,  0.26901209,  0.62492057, ..., -0.50333995,
         -0.52648492, -0.5198309 ],
        [-0.26901209,  0.        ,  0.39186939, ..., -0.71723548,
         -0.7357869 , -0.73047701],
        [-0.62492057, -0.39186939,  0.        , ..., -0.93293829,
         -0.9423184 , -0.93967631],
        ...,
        [ 0.50333995,  0.71723548,  0.93293829, ...,  0.        ,
         -0.02699774, -0.01919209],
        [ 0.52648492,  0.7357869 ,  0.9423184 , ...,  0.02699774,
          0.        ,  0.00780767],
        [ 0.5198309 ,  0.73047701,  0.93967631, ...,  0.01919209,
         -0.00780767,  0.        ]]]), 'num': array([ 7.06682607e-01,  7.06682607e-01,  0.00000000e+00,  0.00000000e+00,
        7.87894116e-04,  8.07840803e-04,  7.85044590e-04,  3.45608828e-02,
       -2.27962131e-05,  8.03281560e-04,  7.76139819e-04,  7.63293203e-04,
        2.16063009e-06,  8.30152256e-04,  7.22127382e-04])}
{'img': array([[[ 0.        , -0.38205927, -0.56753068, ...,  0.26595509,
          0.58708705, -0.41585439],
        [ 0.38205927,  0.        , -0.20990722, ...,  0.61407872,
          0.85183542, -0.03685015],
        [ 0.56753068,  0.20990722,  0.        , ...,  0.76606602,
          0.94280904,  0.17373547],
        ...,
        [-0.26595509, -0.61407872, -0.76606602, ...,  0.        ,
          0.35064638, -0.64274542],
        [-0.58708705, -0.85183542, -0.94280904, ..., -0.35064638,
          0.        , -0.87055931],
        [ 0.41585439,  0.03685015, -0.17373547, ...,  0.64274542,
          0.87055931,  0.        ]],

       [[ 0.        ,  0.27368138,  0.30370232, ...,  0.18898246,
          0.10498592,  0.49278708],
        [-0.27368138,  0.        ,  0.03135251, ..., -0.08698258,
         -0.17119134,  0.23582883],
        [-0.30370232, -0.03135251,  0.        , ..., -0.1181735 ,
         -0.20199685,  0.2052447 ],
        ...,
        [-0.18898246,  0.08698258,  0.1181735 , ...,  0.        ,
         -0.08484397,  0.31946421],
        [-0.10498592,  0.17119134,  0.20199685, ...,  0.08484397,
          0.        ,  0.3987103 ],
        [-0.49278708, -0.23582883, -0.2052447 , ..., -0.31946421,
         -0.3987103 ,  0.        ]],

       [[ 0.        , -0.13523029, -0.29914971, ...,  0.1367273 ,
          0.5058944 ,  0.08105713],
        [ 0.13523029,  0.        , -0.1673642 , ...,  0.26943165,
          0.61789638,  0.21509786],
        [ 0.29914971,  0.1673642 ,  0.        , ...,  0.42680635,
          0.74077274,  0.37551056],
        ...,
        [-0.1367273 , -0.26943165, -0.42680635, ...,  0.        ,
          0.38320307, -0.05598149],
        [-0.5058944 , -0.61789638, -0.74077274, ..., -0.38320307,
          0.        , -0.43431022],
        [-0.08105713, -0.21509786, -0.37551056, ...,  0.05598149,
          0.43431022,  0.        ]],

       ...,

       [[ 0.        , -0.59098751, -0.67023873, ...,  0.44641479,
          0.99988981,  0.58899365],
        [ 0.59098751,  0.        , -0.10206989, ...,  0.88894528,
          0.81536491,  0.95272908],
        [ 0.67023873,  0.10206989,  0.        , ...,  0.9310519 ,
          0.75201335,  0.97876419],
        ...,
        [-0.44641479, -0.88894528, -0.9310519 , ...,  0.        ,
          0.8881006 ,  0.16628231],
        [-0.99988981, -0.81536491, -0.75201335, ..., -0.8881006 ,
          0.        , -0.79930512],
        [-0.58899365, -0.95272908, -0.97876419, ..., -0.16628231,
          0.79930512,  0.        ]],

       [[ 0.        , -0.51367464, -0.78538273, ..., -0.89875142,
         -0.84822558, -0.84822558],
        [ 0.51367464,  0.        , -0.35587668, ..., -0.54589027,
         -0.45570475, -0.45570475],
        [ 0.78538273,  0.35587668,  0.        , ..., -0.21197878,
         -0.10909423, -0.10909423],
        ...,
        [ 0.89875142,  0.54589027,  0.21197878, ...,  0.        ,
          0.10409858,  0.10409858],
        [ 0.84822558,  0.45570475,  0.10909423, ..., -0.10409858,
          0.        ,  0.        ],
        [ 0.84822558,  0.45570475,  0.10909423, ..., -0.10409858,
          0.        ,  0.        ]],

       [[ 0.        ,  0.39186939,  0.9234486 , ..., -0.7357869 ,
         -0.73047701, -0.73047701],
        [-0.39186939,  0.        ,  0.699223  , ..., -0.9423184 ,
         -0.93967631, -0.93967631],
        [-0.9234486 , -0.699223  ,  0.        , ..., -0.90770926,
         -0.91095769, -0.91095769],
        ...,
        [ 0.7357869 ,  0.9423184 ,  0.90770926, ...,  0.        ,
          0.00780767,  0.00780767],
        [ 0.73047701,  0.93967631,  0.91095769, ..., -0.00780767,
          0.        ,  0.        ],
        [ 0.73047701,  0.93967631,  0.91095769, ..., -0.00780767,
          0.        ,  0.        ]]]), 'num': array([7.06986222e-01, 7.06986222e-01, 0.00000000e+00, 0.00000000e+00,
       7.99635626e-04, 8.05337128e-04, 7.88232622e-04, 1.83305563e-02,
       1.14030036e-05, 8.01916226e-04, 7.77542306e-04, 7.63573627e-04,
       2.08591529e-06, 8.32514512e-04, 7.22570101e-04])}
{'img': array([[[ 0.        , -0.20990722, -0.07289948, ...,  0.85183542,
         -0.03685015,  0.28668607],
        [ 0.20990722,  0.        ,  0.13807334, ...,  0.94280904,
          0.17373547,  0.48139535],
        [ 0.07289948, -0.13807334,  0.        , ...,  0.88775438,
          0.03609787,  0.35576277],
        ...,
        [-0.85183542, -0.94280904, -0.88775438, ...,  0.        ,
         -0.87055931, -0.66591038],
        [ 0.03685015, -0.17373547, -0.03609787, ...,  0.87055931,
          0.        ,  0.3217947 ],
        [-0.28668607, -0.48139535, -0.35576277, ...,  0.66591038,
         -0.3217947 ,  0.        ]],

       [[ 0.        ,  0.03135251, -0.42856303, ..., -0.17119134,
          0.23582883, -0.33529505],
        [-0.03135251,  0.        , -0.45667971, ..., -0.20199685,
          0.2052447 , -0.36466783],
        [ 0.42856303,  0.45667971,  0.        , ...,  0.26756309,
          0.6295494 ,  0.10081181],
        ...,
        [ 0.17119134,  0.20199685, -0.26756309, ...,  0.        ,
          0.3987103 , -0.16906375],
        [-0.23582883, -0.2052447 , -0.6295494 , ..., -0.3987103 ,
          0.        , -0.54801537],
        [ 0.33529505,  0.36466783, -0.10081181, ...,  0.16906375,
          0.54801537,  0.        ]],

       [[ 0.        , -0.1673642 , -0.24527566, ...,  0.61789638,
          0.21509786,  0.12045214],
        [ 0.1673642 ,  0.        , -0.07956429, ...,  0.74077274,
          0.37551056,  0.28489882],
        [ 0.24527566,  0.07956429,  0.        , ...,  0.79187206,
          0.44806172,  0.36026258],
        ...,
        [-0.61789638, -0.74077274, -0.79187206, ...,  0.        ,
         -0.43431022, -0.51869092],
        [-0.21509786, -0.37551056, -0.44806172, ...,  0.43431022,
          0.        , -0.09589911],
        [-0.12045214, -0.28489882, -0.36026258, ...,  0.51869092,
          0.09589911,  0.        ]],

       ...,

       [[ 0.        , -0.10206989, -0.67180295, ...,  0.81536491,
          0.95272908,  0.92316508],
        [ 0.10206989,  0.        , -0.59268806, ...,  0.75201335,
          0.97876419,  0.95757965],
        [ 0.67180295,  0.59268806,  0.        , ...,  0.21502662,
          0.90982288,  0.94205955],
        ...,
        [-0.81536491, -0.75201335, -0.21502662, ...,  0.        ,
         -0.79930512, -0.84789332],
        [-0.95272908, -0.97876419, -0.90982288, ...,  0.79930512,
          0.        , -0.08575552],
        [-0.92316508, -0.95757965, -0.94205955, ...,  0.84789332,
          0.08575552,  0.        ]],

       [[ 0.        , -0.66955841, -0.6979148 , ..., -0.76286936,
         -0.76286936, -0.72374415],
        [ 0.66955841,  0.        , -0.0388579 , ..., -0.13372362,
         -0.13372362, -0.07552667],
        [ 0.6979148 ,  0.0388579 ,  0.        , ..., -0.09511372,
         -0.09511372, -0.03672271],
        ...,
        [ 0.76286936,  0.13372362,  0.09511372, ...,  0.        ,
          0.        ,  0.05849334],
        [ 0.76286936,  0.13372362,  0.09511372, ...,  0.        ,
          0.        ,  0.05849334],
        [ 0.72374415,  0.07552667,  0.03672271, ..., -0.05849334,
         -0.05849334,  0.        ]],

       [[ 0.        ,  0.699223  ,  0.90989165, ..., -0.93967631,
         -0.93967631, -0.93771238],
        [-0.699223  ,  0.        ,  0.36041499, ..., -0.91095769,
         -0.91095769, -0.91329284],
        [-0.90989165, -0.36041499,  0.        , ..., -0.70106299,
         -0.70106299, -0.70511401],
        ...,
        [ 0.93967631,  0.91095769,  0.70106299, ...,  0.        ,
          0.        ,  0.00569681],
        [ 0.93967631,  0.91095769,  0.70106299, ...,  0.        ,
          0.        ,  0.00569681],
        [ 0.93771238,  0.91329284,  0.70511401, ..., -0.00569681,
         -0.00569681,  0.        ]]]), 'num': array([ 7.06996457e-01,  7.06996457e-01,  0.00000000e+00,  0.00000000e+00,
        7.95371014e-04,  7.99647202e-04,  7.82542449e-04,  1.75238194e-02,
       -4.27618825e-06,  8.00502440e-04,  7.79192768e-04,  7.63679708e-04,
        1.81789645e-06,  8.34237977e-04,  7.24147559e-04])}
{'img': array([[[ 0.        ,  0.13807334, -0.16359551, ...,  0.17373547,
          0.48139535,  0.36048925],
        [-0.13807334,  0.        , -0.29824174, ...,  0.03609787,
          0.35576277,  0.22824674],
        [ 0.16359551,  0.29824174,  0.        , ...,  0.33250243,
          0.6183018 ,  0.50822846],
        ...,
        [-0.17373547, -0.03609787, -0.33250243, ...,  0.        ,
          0.3217947 ,  0.19295298],
        [-0.48139535, -0.35576277, -0.6183018 , ..., -0.3217947 ,
          0.        , -0.13305783],
        [-0.36048925, -0.22824674, -0.50822846, ..., -0.19295298,
          0.13305783,  0.        ]],

       [[ 0.        , -0.45667971,  0.09194948, ...,  0.2052447 ,
         -0.36466783, -0.39802931],
        [ 0.45667971,  0.        ,  0.53654619, ...,  0.6295494 ,
          0.10081181,  0.06484621],
        [-0.09194948, -0.53654619,  0.        , ...,  0.11438328,
         -0.4487406 , -0.48069507],
        ...,
        [-0.2052447 , -0.6295494 , -0.11438328, ...,  0.        ,
         -0.54801537, -0.57784143],
        [ 0.36466783, -0.10081181,  0.4487406 , ...,  0.54801537,
          0.        , -0.03608378],
        [ 0.39802931, -0.06484621,  0.48069507, ...,  0.57784143,
          0.03608378,  0.        ]],

       [[ 0.        , -0.07956429, -0.26613731, ...,  0.37551056,
          0.28489882,  0.2175029 ],
        [ 0.07956429,  0.        , -0.18859877, ...,  0.44806172,
          0.36026258,  0.29447286],
        [ 0.26613731,  0.18859877,  0.        , ...,  0.6086287 ,
          0.52973192,  0.46942458],
        ...,
        [-0.37551056, -0.44806172, -0.6086287 , ...,  0.        ,
         -0.09589911, -0.16493508],
        [-0.28489882, -0.36026258, -0.52973192, ...,  0.09589911,
          0.        , -0.0695892 ],
        [-0.2175029 , -0.29447286, -0.46942458, ...,  0.16493508,
          0.0695892 ,  0.        ]],

       ...,

       [[ 0.        , -0.59268806, -0.75201335, ...,  0.97876419,
          0.95757965,  0.84302677],
        [ 0.59268806,  0.        , -0.21502662, ...,  0.90982288,
          0.94205955,  0.9977909 ],
        [ 0.75201335,  0.21502662,  0.        , ...,  0.79930512,
          0.84789332,  0.96016593],
        ...,
        [-0.97876419, -0.90982288, -0.79930512, ...,  0.        ,
         -0.08575552, -0.35363789],
        [-0.95757965, -0.94205955, -0.84789332, ...,  0.08575552,
          0.        , -0.27212096],
        [-0.84302677, -0.9977909 , -0.96016593, ...,  0.35363789,
          0.27212096,  0.        ]],

       [[ 0.        , -0.07158893,  0.05568736, ..., -0.22113975,
         -0.13269663, -0.04329299],
        [ 0.07158893,  0.        ,  0.12702233, ..., -0.15075581,
         -0.0614003 ,  0.02833991],
        [-0.05568736, -0.12702233,  0.        , ..., -0.27510526,
         -0.18768562, -0.09886096],
        ...,
        [ 0.22113975,  0.15075581,  0.27510526, ...,  0.        ,
          0.0897728 ,  0.17871127],
        [ 0.13269663,  0.0614003 ,  0.18768562, ..., -0.0897728 ,
          0.        ,  0.08966208],
        [ 0.04329299, -0.02833991,  0.09886096, ..., -0.17871127,
         -0.08966208,  0.        ]],

       [[ 0.        ,  0.36041499, -0.13014141, ..., -0.91095769,
         -0.91329284, -0.93785836],
        [-0.36041499,  0.        , -0.47874469, ..., -0.70106299,
         -0.70511401, -0.74975624],
        [ 0.13014141,  0.47874469,  0.        , ..., -0.9568937 ,
         -0.95853275, -0.97504374],
        ...,
        [ 0.91095769,  0.70106299,  0.9568937 , ...,  0.        ,
          0.00569681,  0.07074741],
        [ 0.91329284,  0.70511401,  0.95853275, ..., -0.00569681,
          0.        ,  0.06506372],
        [ 0.93785836,  0.74975624,  0.97504374, ..., -0.07074741,
         -0.06506372,  0.        ]]]), 'num': array([7.06824082e-01, 7.06824082e-01, 0.00000000e+00, 0.00000000e+00,
       8.00877286e-04, 8.15127772e-04, 7.95177092e-04, 2.81857218e-02,
       5.70019421e-06, 7.98882218e-04, 7.81924141e-04, 7.63826024e-04,
       1.77051487e-06, 8.35054568e-04, 7.28793713e-04])}
{'img': array([[[ 0.        , -0.29824174, -0.32877408, ...,  0.35576277,
          0.22824674,  0.40114798],
        [ 0.29824174,  0.        , -0.03214963, ...,  0.6183018 ,
          0.50822846,  0.65608528],
        [ 0.32877408,  0.03214963,  0.        , ...,  0.64324988,
          0.53565372,  0.68000902],
        ...,
        [-0.35576277, -0.6183018 , -0.64324988, ...,  0.        ,
         -0.13305783,  0.04901998],
        [-0.22824674, -0.50822846, -0.53565372, ...,  0.13305783,
          0.        ,  0.18148197],
        [-0.40114798, -0.65608528, -0.68000902, ..., -0.04901998,
         -0.18148197,  0.        ]],

       [[ 0.        ,  0.53654619,  0.51222072, ...,  0.10081181,
          0.06484621,  0.45579762],
        [-0.53654619,  0.        , -0.02856657, ..., -0.4487406 ,
         -0.48069507, -0.0929365 ],
        [-0.51222072,  0.02856657,  0.        , ..., -0.4230286 ,
         -0.45544922, -0.06445563],
        ...,
        [-0.10081181,  0.4487406 ,  0.4230286 , ...,  0.        ,
         -0.03608378,  0.36374464],
        [-0.06484621,  0.48069507,  0.45544922, ...,  0.03608378,
          0.        ,  0.39711976],
        [-0.45579762,  0.0929365 ,  0.06445563, ..., -0.36374464,
         -0.39711976,  0.        ]],

       [[ 0.        , -0.18859877, -0.35472628, ...,  0.36026258,
          0.29447286,  0.23337315],
        [ 0.18859877,  0.        , -0.17202622, ...,  0.52973192,
          0.46942458,  0.41257612],
        [ 0.35472628,  0.17202622,  0.        , ...,  0.66774151,
          0.61432101,  0.56312825],
        ...,
        [-0.36026258, -0.52973192, -0.66774151, ...,  0.        ,
         -0.0695892 , -0.13261238],
        [-0.29447286, -0.46942458, -0.61432101, ...,  0.0695892 ,
          0.        , -0.06331631],
        [-0.23337315, -0.41257612, -0.56312825, ...,  0.13261238,
          0.06331631,  0.        ]],

       ...,

       [[ 0.        , -0.21502662,  0.20825719, ...,  0.94205955,
          0.9977909 ,  0.99977893],
        [ 0.21502662,  0.        ,  0.41369764, ...,  0.84789332,
          0.96016593,  0.97187119],
        [-0.20825719, -0.41369764,  0.        , ...,  0.99126302,
          0.98974855,  0.98223665],
        ...,
        [-0.94205955, -0.84789332, -0.99126302, ...,  0.        ,
         -0.27212096, -0.315564  ],
        [-0.9977909 , -0.96016593, -0.98974855, ...,  0.27212096,
          0.        , -0.04543883],
        [-0.99977893, -0.97187119, -0.98223665, ...,  0.315564  ,
          0.04543883,  0.        ]],

       [[ 0.        ,  0.12702233,  0.26110149, ..., -0.0614003 ,
          0.02833991,  0.09127843],
        [-0.12702233,  0.        ,  0.13637044, ..., -0.18768562,
         -0.09886096, -0.035953  ],
        [-0.26110149, -0.13637044,  0.        , ..., -0.31987926,
         -0.23363978, -0.17189939],
        ...,
        [ 0.0614003 ,  0.18768562,  0.31987926, ...,  0.        ,
          0.08966208,  0.15225019],
        [-0.02833991,  0.09886096,  0.23363978, ..., -0.08966208,
          0.        ,  0.06302017],
        [-0.09127843,  0.035953  ,  0.17189939, ..., -0.15225019,
         -0.06302017,  0.        ]],

       [[ 0.        , -0.47874469, -0.68368388, ..., -0.70511401,
         -0.74975624, -0.85667361],
        [ 0.47874469,  0.        , -0.25086563, ..., -0.95853275,
         -0.97504374, -0.99908484],
        [ 0.68368388,  0.25086563,  0.        , ..., -0.999373  ,
         -0.99955911, -0.97786616],
        ...,
        [ 0.70511401,  0.95853275,  0.999373  , ...,  0.        ,
          0.06506372,  0.24372279],
        [ 0.74975624,  0.97504374,  0.99955911, ..., -0.06506372,
          0.        ,  0.18010465],
        [ 0.85667361,  0.99908484,  0.97786616, ..., -0.24372279,
         -0.18010465,  0.        ]]]), 'num': array([7.06905755e-01, 7.06905755e-01, 0.00000000e+00, 0.00000000e+00,
       8.03820254e-04, 8.18072386e-04, 7.93843761e-04, 2.37379238e-02,
       2.85042643e-06, 7.97549316e-04, 7.84579875e-04, 7.64199326e-04,
       1.78683448e-06, 8.36716193e-04, 7.32443558e-04])}
{'img': array([[[ 0.        , -0.03214963,  0.09756997, ...,  0.50822846,
          0.65608528,  0.73395383],
        [ 0.03214963,  0.        ,  0.12951576, ...,  0.53565372,
          0.68000902,  0.75541043],
        [-0.09756997, -0.12951576,  0.        , ...,  0.4217741 ,
          0.57932011,  0.66418243],
        ...,
        [-0.50822846, -0.53565372, -0.4217741 , ...,  0.        ,
          0.18148197,  0.28690894],
        [-0.65608528, -0.68000902, -0.57932011, ..., -0.18148197,
          0.        ,  0.10829253],
        [-0.73395383, -0.75541043, -0.66418243, ..., -0.28690894,
         -0.10829253,  0.        ]],

       [[ 0.        , -0.02856657, -0.6102668 , ..., -0.48069507,
         -0.0929365 , -0.24701675],
        [ 0.02856657,  0.        , -0.58738742, ..., -0.45544922,
         -0.06445563, -0.21923461],
        [ 0.6102668 ,  0.58738742,  0.        , ...,  0.15433083,
          0.53400167,  0.39566969],
        ...,
        [ 0.48069507,  0.45544922, -0.15433083, ...,  0.        ,
          0.39711976,  0.24919293],
        [ 0.0929365 ,  0.06445563, -0.53400167, ..., -0.39711976,
          0.        , -0.15589116],
        [ 0.24701675,  0.21923461, -0.39566969, ..., -0.24919293,
          0.15589116,  0.        ]],

       [[ 0.        , -0.17202622, -0.23394633, ...,  0.46942458,
          0.41257612,  0.35840496],
        [ 0.17202622,  0.        , -0.06320634, ...,  0.61432101,
          0.56312825,  0.51365986],
        [ 0.23394633,  0.06320634,  0.        , ...,  0.66296601,
          0.61423406,  0.56686344],
        ...,
        [-0.46942458, -0.61432101, -0.66296601, ...,  0.        ,
         -0.06331631, -0.12177718],
        [-0.41257612, -0.56312825, -0.61423406, ...,  0.06331631,
          0.        , -0.05868777],
        [-0.35840496, -0.51365986, -0.56686344, ...,  0.12177718,
          0.05868777,  0.        ]],

       ...,

       [[ 0.        ,  0.41369764,  0.67115829, ...,  0.96016593,
          0.97187119,  0.96809353],
        [-0.41369764,  0.        ,  0.30435224, ...,  0.98974855,
          0.98223665,  0.98503437],
        [-0.67115829, -0.30435224,  0.        , ...,  0.89932658,
          0.87852831,  0.88584634],
        ...,
        [-0.96016593, -0.98974855, -0.89932658, ...,  0.        ,
         -0.04543883, -0.02990765],
        [-0.97187119, -0.98223665, -0.87852831, ...,  0.04543883,
          0.        ,  0.01554175],
        [-0.96809353, -0.98503437, -0.88584634, ...,  0.02990765,
         -0.01554175,  0.        ]],

       [[ 0.        ,  0.13637044,  0.32498231, ..., -0.09886096,
         -0.035953  ,  0.08929512],
        [-0.13637044,  0.        ,  0.19297803, ..., -0.23363978,
         -0.17189939, -0.04736475],
        [-0.32498231, -0.19297803,  0.        , ..., -0.4168851 ,
         -0.35877368, -0.23923589],
        ...,
        [ 0.09886096,  0.23363978,  0.4168851 , ...,  0.        ,
          0.06302017,  0.18732371],
        [ 0.035953  ,  0.17189939,  0.35877368, ..., -0.06302017,
          0.        ,  0.12504676],
        [-0.08929512,  0.04736475,  0.23923589, ..., -0.18732371,
         -0.12504676,  0.        ]],

       [[ 0.        , -0.53917405, -0.64772493, ..., -0.76860026,
         -0.87484935, -0.92920559],
        [ 0.53917405,  0.        , -0.13472744, ..., -0.99223627,
         -0.99796646, -0.98183061],
        [ 0.64772493,  0.13472744,  0.        , ..., -0.99994542,
         -0.98028   , -0.94731315],
        ...,
        [ 0.76860026,  0.99223627,  0.99994542, ...,  0.        ,
          0.1873606 ,  0.3103937 ],
        [ 0.87484935,  0.99796646,  0.98028   , ..., -0.1873606 ,
          0.        ,  0.12679049],
        [ 0.92920559,  0.98183061,  0.94731315, ..., -0.3103937 ,
         -0.12679049,  0.        ]]]), 'num': array([7.07011748e-01, 7.07011748e-01, 0.00000000e+00, 0.00000000e+00,
       8.03940778e-04, 8.09642486e-04, 7.96813643e-04, 1.62401739e-02,
       0.00000000e+00, 8.00804839e-04, 7.88759981e-04, 7.64812809e-04,
       1.84209016e-06, 8.33010477e-04, 7.44509486e-04])}
{'img': array([[[ 0.        ,  0.12951576,  0.03214963, ...,  0.68000902,
          0.75541043,  0.75541043],
        [-0.12951576,  0.        , -0.09756997, ...,  0.57932011,
          0.66418243,  0.66418243],
        [-0.03214963,  0.09756997,  0.        , ...,  0.65608528,
          0.73395383,  0.73395383],
        ...,
        [-0.68000902, -0.57932011, -0.65608528, ...,  0.        ,
          0.10829253,  0.10829253],
        [-0.75541043, -0.66418243, -0.73395383, ..., -0.10829253,
          0.        ,  0.        ],
        [-0.75541043, -0.66418243, -0.73395383, ..., -0.10829253,
          0.        ,  0.        ]],

       [[ 0.        , -0.58738742, -0.59655376, ..., -0.06445563,
         -0.21923461, -0.50849877],
        [ 0.58738742,  0.        , -0.01137312, ...,  0.53400167,
          0.39566969,  0.09424636],
        [ 0.59655376,  0.01137312,  0.        , ...,  0.54358291,
          0.40608909,  0.10556276],
        ...,
        [ 0.06445563, -0.53400167, -0.54358291, ...,  0.        ,
         -0.15589116, -0.45194104],
        [ 0.21923461, -0.39566969, -0.40608909, ...,  0.15589116,
          0.        , -0.30735334],
        [ 0.50849877, -0.09424636, -0.10556276, ...,  0.45194104,
          0.30735334,  0.        ]],

       [[ 0.        , -0.06320634, -0.10211083, ...,  0.56312825,
          0.51365986,  0.62480618],
        [ 0.06320634,  0.        , -0.03903069, ...,  0.61423406,
          0.56686344,  0.67290711],
        [ 0.10211083,  0.03903069,  0.        , ...,  0.64456607,
          0.59858544,  0.70126642],
        ...,
        [-0.56312825, -0.61423406, -0.64456607, ...,  0.        ,
         -0.05868777,  0.07664157],
        [-0.51365986, -0.56686344, -0.59858544, ...,  0.05868777,
          0.        ,  0.13502462],
        [-0.62480618, -0.67290711, -0.70126642, ..., -0.07664157,
         -0.13502462,  0.        ]],

       ...,

       [[ 0.        ,  0.56808474,  0.56808474, ...,  0.97986449,
          0.97651558,  0.96305805],
        [-0.56808474,  0.        ,  0.        , ...,  0.91982504,
          0.92603513,  0.94554969],
        [-0.56808474,  0.        ,  0.        , ...,  0.91982504,
          0.92603513,  0.94554969],
        ...,
        [-0.97986449, -0.91982504, -0.91982504, ...,  0.        ,
          0.01613396,  0.0715838 ],
        [-0.97651558, -0.92603513, -0.92603513, ..., -0.01613396,
          0.        ,  0.05548191],
        [-0.96305805, -0.94554969, -0.94554969, ..., -0.0715838 ,
         -0.05548191,  0.        ]],

       [[ 0.        ,  0.19297803, -0.02827548, ..., -0.17189939,
         -0.04736475, -0.29804794],
        [-0.19297803,  0.        , -0.22064486, ..., -0.35877368,
         -0.23923589, -0.47665292],
        [ 0.02827548,  0.22064486,  0.        , ..., -0.14397608,
         -0.01910207, -0.27093839],
        ...,
        [ 0.17189939,  0.35877368,  0.14397608, ...,  0.        ,
          0.12504676, -0.12952463],
        [ 0.04736475,  0.23923589,  0.01910207, ..., -0.12504676,
          0.        , -0.25250137],
        [ 0.29804794,  0.47665292,  0.27093839, ...,  0.12952463,
          0.25250137,  0.        ]],

       [[ 0.        , -0.40840784, -0.61404623, ..., -0.89788628,
         -0.94890599, -0.99474217],
        [ 0.40840784,  0.        , -0.23815704, ..., -0.99938255,
         -0.9950377 , -0.86617474],
        [ 0.61404623,  0.23815704,  0.        , ..., -0.97899478,
         -0.94271084, -0.7222351 ],
        ...,
        [ 0.89788628,  0.99938255,  0.97899478, ...,  0.        ,
          0.13439849,  0.52986631],
        [ 0.94890599,  0.9950377 ,  0.94271084, ..., -0.13439849,
          0.        ,  0.41107819],
        [ 0.99474217,  0.86617474,  0.7222351 , ..., -0.52986631,
         -0.41107819,  0.        ]]]), 'num': array([7.06815578e-01, 7.06815578e-01, 0.00000000e+00, 0.00000000e+00,
       8.07992808e-04, 8.19393059e-04, 7.98017588e-04, 2.86076765e-02,
       4.27509422e-06, 8.02292682e-04, 7.92887475e-04, 7.65194365e-04,
       1.73902138e-06, 8.25237885e-04, 7.60537065e-04])}
{'img': array([[[ 0.        , -0.09756997, -0.16118099, ...,  0.66418243,
          0.66418243,  0.80714914],
        [ 0.09756997,  0.        , -0.06411771, ...,  0.73395383,
          0.73395383,  0.86089816],
        [ 0.16118099,  0.06411771,  0.        , ...,  0.77599231,
          0.77599231,  0.89174836],
        ...,
        [-0.66418243, -0.73395383, -0.77599231, ...,  0.        ,
          0.        ,  0.21130242],
        [-0.66418243, -0.73395383, -0.77599231, ...,  0.        ,
          0.        ,  0.21130242],
        [-0.80714914, -0.86089816, -0.89174836, ..., -0.21130242,
         -0.21130242,  0.        ]],

       [[ 0.        , -0.01137312, -0.04992087, ...,  0.39566969,
          0.09424636,  0.54598035],
        [ 0.01137312,  0.        , -0.0385587 , ...,  0.40608909,
          0.10556276,  0.55547342],
        [ 0.04992087,  0.0385587 ,  0.        , ...,  0.44102333,
          0.14382752,  0.58712321],
        ...,
        [-0.39566969, -0.40608909, -0.44102333, ...,  0.        ,
         -0.30735334,  0.1699332 ],
        [-0.09424636, -0.10556276, -0.14382752, ...,  0.30735334,
          0.        ,  0.46459073],
        [-0.54598035, -0.55547342, -0.58712321, ..., -0.1699332 ,
         -0.46459073,  0.        ]],

       [[ 0.        , -0.03903069, -0.12366599, ...,  0.56686344,
          0.67290711,  0.73428233],
        [ 0.03903069,  0.        , -0.08484067, ...,  0.59858544,
          0.70126642,  0.76021857],
        [ 0.12366599,  0.08484067,  0.        , ...,  0.66438964,
          0.75922088,  0.81259584],
        ...,
        [-0.56686344, -0.59858544, -0.66438964, ...,  0.        ,
          0.13502462,  0.22009847],
        [-0.67290711, -0.70126642, -0.75922088, ..., -0.13502462,
          0.        ,  0.08636936],
        [-0.73428233, -0.76021857, -0.81259584, ..., -0.22009847,
         -0.08636936,  0.        ]],

       ...,

       [[ 0.        ,  0.        , -0.24912426, ...,  0.97235952,
          0.98422849,  0.95959539],
        [ 0.        ,  0.        , -0.24912426, ...,  0.97235952,
          0.98422849,  0.95959539],
        [ 0.24912426,  0.24912426,  0.        , ...,  0.99987021,
          0.99726782,  0.99944028],
        ...,
        [-0.97235952, -0.97235952, -0.99987021, ...,  0.        ,
          0.05779396, -0.04955128],
        [-0.98422849, -0.98422849, -0.99726782, ..., -0.05779396,
          0.        , -0.10719142],
        [-0.95959539, -0.95959539, -0.99944028, ...,  0.04955128,
          0.10719142,  0.        ]],

       [[ 0.        , -0.22064486, -0.33463516, ..., -0.23923589,
         -0.47665292, -0.71590244],
        [ 0.22064486,  0.        , -0.11846362, ..., -0.01910207,
         -0.27093839, -0.54420414],
        [ 0.33463516,  0.11846362,  0.        , ...,  0.09947445,
         -0.15499786, -0.44098668],
        ...,
        [ 0.23923589,  0.01910207, -0.09947445, ...,  0.        ,
         -0.25250137, -0.52807911],
        [ 0.47665292,  0.27093839,  0.15499786, ...,  0.25250137,
          0.        , -0.29654458],
        [ 0.71590244,  0.54420414,  0.44098668, ...,  0.52807911,
          0.29654458,  0.        ]],

       [[ 0.        , -0.49156824, -0.66817757, ..., -0.95871856,
         -0.98827759, -0.66568883],
        [ 0.49156824,  0.        , -0.21614745, ..., -0.97467028,
         -0.78558418, -0.21288513],
        [ 0.66817757,  0.21614745,  0.        , ..., -0.90328913,
         -0.63327127,  0.00334007],
        ...,
        [ 0.95871856,  0.97467028,  0.90328913, ...,  0.        ,
          0.42738861,  0.90471709],
        [ 0.98827759,  0.78558418,  0.63327127, ..., -0.42738861,
          0.        ,  0.63585272],
        [ 0.66568883,  0.21288513, -0.00334007, ..., -0.90471709,
         -0.63585272,  0.        ]]]), 'num': array([7.06980559e-01, 7.06980559e-01, 0.00000000e+00, 0.00000000e+00,
       8.09606769e-04, 8.11032133e-04, 7.92502401e-04, 1.87589594e-02,
       1.42536403e-06, 8.05330677e-04, 7.96279615e-04, 7.65895606e-04,
       1.75794897e-06, 8.20922754e-04, 7.71636477e-04])}
{'img': array([[[ 0.        , -0.06411771, -0.15895199, ...,  0.73395383,
          0.86089816,  0.90973521],
        [ 0.06411771,  0.        , -0.09532238, ...,  0.77599231,
          0.89174836,  0.93448425],
        [ 0.15895199,  0.09532238,  0.        , ...,  0.83258266,
          0.93082414,  0.96416423],
        ...,
        [-0.73395383, -0.77599231, -0.83258266, ...,  0.        ,
          0.21130242,  0.31316208],
        [-0.86089816, -0.89174836, -0.93082414, ..., -0.21130242,
          0.        ,  0.10541726],
        [-0.90973521, -0.93448425, -0.96416423, ..., -0.31316208,
         -0.10541726,  0.        ]],

       [[ 0.        , -0.0385587 , -0.00329902, ...,  0.10556276,
          0.55547342,  0.219258  ],
        [ 0.0385587 ,  0.        ,  0.03526193, ...,  0.14382752,
          0.58712321,  0.2567154 ],
        [ 0.00329902, -0.03526193,  0.        , ...,  0.10884277,
          0.55821364,  0.22247555],
        ...,
        [-0.10556276, -0.14382752, -0.10884277, ...,  0.        ,
          0.46459073,  0.11503884],
        [-0.55547342, -0.58712321, -0.55821364, ..., -0.46459073,
          0.        , -0.35963649],
        [-0.219258  , -0.2567154 , -0.22247555, ..., -0.11503884,
          0.35963649,  0.        ]],

       [[ 0.        , -0.08484067, -0.12294915, ...,  0.70126642,
          0.76021857,  0.86761981],
        [ 0.08484067,  0.        , -0.03830889, ...,  0.75922088,
          0.81259584,  0.9066768 ],
        [ 0.12294915,  0.03830889,  0.        , ...,  0.78359626,
          0.83432683,  0.92217094],
        ...,
        [-0.70126642, -0.75922088, -0.78359626, ...,  0.        ,
          0.08636936,  0.26983612],
        [-0.76021857, -0.81259584, -0.83432683, ..., -0.08636936,
          0.        ,  0.18566219],
        [-0.86761981, -0.9066768 , -0.92217094, ..., -0.26983612,
         -0.18566219,  0.        ]],

       ...,

       [[ 0.        , -0.24912426, -0.40027055, ...,  0.98422849,
          0.95959539,  0.96483295],
        [ 0.24912426,  0.        , -0.15935391, ...,  0.99726782,
          0.99944028,  0.99989899],
        [ 0.40027055,  0.15935391,  0.        , ...,  0.97275267,
          0.99199989,  0.98938667],
        ...,
        [-0.98422849, -0.99726782, -0.97275267, ...,  0.        ,
         -0.10719142, -0.08803726],
        [-0.95959539, -0.99944028, -0.99199989, ...,  0.10719142,
          0.        ,  0.01924519],
        [-0.96483295, -0.99989899, -0.98938667, ...,  0.08803726,
         -0.01924519,  0.        ]],

       [[ 0.        , -0.25635862, -0.57008028, ..., -0.43061373,
         -0.69460828, -0.79244709],
        [ 0.25635862,  0.        , -0.34040777, ..., -0.1848504 ,
         -0.48697432, -0.60960133],
        [ 0.57008028,  0.34040777,  0.        , ...,  0.16073066,
         -0.16057351, -0.30335066],
        ...,
        [ 0.43061373,  0.1848504 , -0.16073066, ...,  0.        ,
         -0.31713079, -0.45256346],
        [ 0.69460828,  0.48697432,  0.16057351, ...,  0.31713079,
          0.        , -0.14640722],
        [ 0.79244709,  0.60960133,  0.30335066, ...,  0.45256346,
          0.14640722,  0.        ]],

       [[ 0.        , -0.16220634, -0.21083026, ..., -0.69213371,
         -0.15957601,  0.66818931],
        [ 0.16220634,  0.        , -0.04947783, ..., -0.56589212,
          0.00266505,  0.78002049],
        [ 0.21083026,  0.04947783,  0.        , ..., -0.52440559,
          0.05213944,  0.81002609],
        ...,
        [ 0.69213371,  0.56589212,  0.52440559, ...,  0.        ,
          0.56808739,  0.99721999],
        [ 0.15957601, -0.00266505, -0.05213944, ..., -0.56808739,
          0.        ,  0.77835005],
        [-0.66818931, -0.78002049, -0.81002609, ..., -0.99721999,
         -0.77835005,  0.        ]]]), 'num': array([ 7.44044307e-01,  6.67964646e-01,  2.70265224e-06, -4.38333384e-11,
        8.45329563e-04,  8.57341351e-04,  8.43828090e-04,  1.46848910e-02,
       -7.50736735e-06,  8.48632805e-04,  8.40599922e-04,  8.07292235e-04,
        1.60157170e-06,  8.62855689e-04,  8.18344154e-04])}
{'img': array([[[ 0.        , -0.09532238, -0.12687184, ...,  0.89174836,
          0.93448425,  0.73927934],
        [ 0.09532238,  0.        , -0.03174203, ...,  0.93082414,
          0.96416423,  0.80010298],
        [ 0.12687184,  0.03174203,  0.        , ...,  0.94195577,
          0.97209974,  0.81874066],
        ...,
        [-0.89174836, -0.93082414, -0.94195577, ...,  0.        ,
          0.10541726, -0.26595509],
        [-0.93448425, -0.96416423, -0.97209974, ..., -0.10541726,
          0.        , -0.36609391],
        [-0.73927934, -0.80010298, -0.81874066, ...,  0.26595509,
          0.36609391,  0.        ]],

