state_0,state_1,state_2,state_3,state_4,state_5,state_6,state_7,state_8,state_9,state_10,state_11,state_12,state_13,state_14,state_15,state_16,state_17,state_18,state_19,state_20,state_21,state_22,state_23,state_24,state_25,state_26,state_27,state_28,state_29,state_30,state_31,state_32,state_33,state_34,state_35,state_36,state_37,state_38,state_39,state_40,state_41,state_42,state_43,state_44,state_45,state_46,state_47,state_48,state_49,state_50,state_51,state_52,state_53,state_54,state_55,state_56,state_57,state_58,state_59,state_60,state_61,state_62,state_63,state_64,state_65,state_66,state_67,state_68,state_69,state_70,state_71,state_72,state_73,state_74,state_75,state_76,state_77,state_78,state_79,state_80,state_81,state_82,state_83,state_84,state_85,state_86,state_87,state_88,state_89,state_90,state_91,state_92,state_93,state_94,state_95,state_96,state_97,state_98,state_99,state_100,state_101,state_102,state_103,state_104,state_105,state_106,state_107,state_108,state_109,state_110,state_111,state_112,state_113,state_114,state_115,state_116,state_117,state_118,state_119,state_120,state_121,state_122,state_123,state_124,state_125,state_126,state_127,state_128,state_129,state_130,state_131,state_132,state_133,state_134,state_135,state_136,state_137,state_138,state_139,state_140,state_141,state_142,state_143,state_144,state_145,state_146,state_147,state_148,state_149,state_150,state_151,state_152,state_153,state_154,state_155,state_156,state_157,state_158,state_159,state_160,state_161,state_162,state_163,state_164,state_165,state_166,state_167,state_168,state_169,state_170,state_171,state_172,state_173,state_174,state_175,state_176,state_177,state_178,state_179,state_180,state_181,state_182,state_183,state_184,state_185,state_186,state_187,state_188,state_189,state_190,state_191,state_192,state_193,state_194,state_195,state_196,state_197,state_198,state_199,state_200,state_201,state_202,state_203,state_204,state_205,state_206,state_207,state_208,state_209,state_210,state_211,state_212,state_213,state_214,state_215,state_216,state_217,state_218,state_219,state_220,state_221,state_222,state_223,state_224,state_225,state_226,state_227,state_228,state_229,state_230,state_231,state_232,state_233,state_234,state_235,state_236,state_237,state_238,state_239,state_240,state_241,state_242,state_243,state_244,state_245,state_246,state_247,state_248,state_249,state_250,state_251,state_252,state_253,state_254,state_255,state_256,state_257,state_258,state_259,state_260,state_261,state_262,state_263,state_264,state_265,state_266,state_267,state_268,state_269,state_270,state_271,state_272,state_273,state_274,state_275,state_276,state_277,state_278,state_279,state_280,state_281,state_282,state_283,state_284,state_285,state_286,state_287
{'img': array([[[ 0.        ,  0.57732597,  0.18272031, ..., -0.89656363,
         -0.9124447 , -0.98202774],
        [-0.57732597,  0.        , -0.418413  , ..., -0.98776285,
         -0.98126546, -0.91080174],
        [-0.18272031,  0.418413  ,  0.        , ..., -0.96239948,
         -0.97185279, -0.99998126],
        ...,
        [ 0.89656363,  0.98776285,  0.96239948, ...,  0.        ,
         -0.03726153, -0.26574036],
        [ 0.9124447 ,  0.98126546,  0.97185279, ...,  0.03726153,
          0.        , -0.22963403],
        [ 0.98202774,  0.91080174,  0.99998126, ...,  0.26574036,
          0.22963403,  0.        ]],

       [[ 0.        , -0.78486112,  0.40769169, ..., -0.85096158,
         -0.94953322, -0.7106377 ],
        [ 0.78486112,  0.        ,  0.96930711, ..., -0.11508582,
         -0.34221425,  0.11183336],
        [-0.40769169, -0.96930711,  0.        , ..., -0.9911608 ,
         -0.99491666, -0.93573205],
        ...,
        [ 0.85096158,  0.11508582,  0.9911608 , ...,  0.        ,
         -0.23180326,  0.22545417],
        [ 0.94953322,  0.34221425,  0.99491666, ...,  0.23180326,
          0.        ,  0.44514861],
        [ 0.7106377 , -0.11183336,  0.93573205, ..., -0.22545417,
         -0.44514861,  0.        ]],

       [[ 0.        , -0.13703622, -0.34479164, ..., -0.94555178,
         -0.92985566, -0.90318796],
        [ 0.13703622,  0.        , -0.21290583, ..., -0.98123289,
         -0.97150242, -0.95348947],
        [ 0.34479164,  0.21290583,  0.        , ..., -0.99978975,
         -0.99969351, -0.99580398],
        ...,
        [ 0.94555178,  0.98123289,  0.99978975, ...,  0.        ,
         -0.04524999, -0.11191152],
        [ 0.92985566,  0.97150242,  0.99969351, ...,  0.04524999,
          0.        , -0.06683115],
        [ 0.90318796,  0.95348947,  0.99580398, ...,  0.11191152,
          0.06683115,  0.        ]],

       ...,

       [[ 0.        , -0.23198161, -0.04681488, ...,  0.43333666,
          0.10439368, -0.41481786],
        [ 0.23198161,  0.        ,  0.18618948, ...,  0.63058459,
          0.33225992, -0.19242059],
        [ 0.04681488, -0.18618948,  0.        , ...,  0.47505261,
          0.15083831, -0.37176598],
        ...,
        [-0.43333666, -0.63058459, -0.47505261, ...,  0.        ,
         -0.33688599, -0.76814214],
        [-0.10439368, -0.33225992, -0.15083831, ...,  0.33688599,
          0.        , -0.50753959],
        [ 0.41481786,  0.19242059,  0.37176598, ...,  0.76814214,
          0.50753959,  0.        ]],

       [[ 0.        ,  0.07250244,  0.13327455, ..., -0.97127905,
         -0.97854894, -0.97693238],
        [-0.07250244,  0.        ,  0.06106815, ..., -0.95147141,
         -0.96103708, -0.95887851],
        [-0.13327455, -0.06106815,  0.        , ..., -0.93090264,
         -0.94236297, -0.93975668],
        ...,
        [ 0.97127905,  0.95147141,  0.93090264, ...,  0.        ,
          0.03274159,  0.02503893],
        [ 0.97854894,  0.96103708,  0.94236297, ..., -0.03274159,
          0.        , -0.00770582],
        [ 0.97693238,  0.95887851,  0.93975668, ..., -0.02503893,
          0.00770582,  0.        ]],

       [[ 0.        ,  0.11814149,  0.19911911, ..., -0.63008629,
         -0.62176959, -0.61472381],
        [-0.11814149,  0.        ,  0.08194889, ..., -0.71741349,
         -0.70994364, -0.70360197],
        [-0.19911911, -0.08194889,  0.        , ..., -0.77208999,
         -0.76526897, -0.75946784],
        ...,
        [ 0.63008629,  0.71741349,  0.77208999, ...,  0.        ,
          0.01066401,  0.01962731],
        [ 0.62176959,  0.70994364,  0.76526897, ..., -0.01066401,
          0.        ,  0.00896424],
        [ 0.61472381,  0.70360197,  0.75946784, ..., -0.01962731,
         -0.00896424,  0.        ]]]), 'num': array([7.07105939e-01, 7.07105939e-01, 0.00000000e+00, 0.00000000e+00,
       4.80259814e-04, 4.82303473e-04, 4.69019691e-04, 7.14790096e-04,
       4.08731757e-06, 4.84142766e-04, 4.85011321e-04, 4.96166292e-04,
       9.22942677e-07, 5.05795190e-04, 4.64227452e-04])}
{'img': array([[[ 0.        , -0.418413  , -0.74260941, ..., -0.98126546,
         -0.91080174, -0.94062427],
        [ 0.418413  ,  0.        , -0.39425855, ..., -0.97185279,
         -0.99998126, -0.99635856],
        [ 0.74260941,  0.39425855,  0.        , ..., -0.80024933,
         -0.91656835, -0.88203779],
        ...,
        [ 0.98126546,  0.97185279,  0.80024933, ...,  0.        ,
         -0.22963403, -0.15186892],
        [ 0.91080174,  0.99998126,  0.91656835, ...,  0.22963403,
          0.        ,  0.07915989],
        [ 0.94062427,  0.99635856,  0.88203779, ...,  0.15186892,
         -0.07915989,  0.        ]],

       [[ 0.        ,  0.96930711,  0.221024  , ..., -0.34221425,
          0.11183336, -0.23191145],
        [-0.96930711,  0.        , -0.89099514, ..., -0.99491666,
         -0.93573205, -0.99989693],
        [-0.221024  ,  0.89099514,  0.        , ..., -0.54142973,
         -0.11056998, -0.4411741 ],
        ...,
        [ 0.34221425,  0.99491666,  0.54142973, ...,  0.        ,
          0.44514861,  0.11497534],
        [-0.11183336,  0.93573205,  0.11056998, ..., -0.44514861,
          0.        , -0.3392411 ],
        [ 0.23191145,  0.99989693,  0.4411741 , ..., -0.11497534,
          0.3392411 ,  0.        ]],

       [[ 0.        , -0.31866532, -0.41471225, ..., -0.93103539,
         -0.90446857, -0.89993748],
        [ 0.31866532,  0.        , -0.10312185, ..., -0.99878818,
         -0.99323977, -0.99196543],
        [ 0.41471225,  0.10312185,  0.        , ..., -0.99853857,
         -0.99991501, -0.99972286],
        ...,
        [ 0.93103539,  0.99878818,  0.99853857, ...,  0.        ,
         -0.06705737, -0.07753587],
        [ 0.90446857,  0.99323977,  0.99991501, ...,  0.06705737,
          0.        , -0.01050585],
        [ 0.89993748,  0.99196543,  0.99972286, ...,  0.07753587,
          0.01050585,  0.        ]],

       ...,

       [[ 0.        ,  0.18618948,  0.1079954 , ...,  0.33225992,
         -0.19242059, -0.2405212 ],
        [-0.18618948,  0.        , -0.07899356, ...,  0.15083831,
         -0.37176598, -0.4170391 ],
        [-0.1079954 ,  0.07899356,  0.        , ...,  0.22845671,
         -0.29727244, -0.34393956],
        ...,
        [-0.33225992, -0.15083831, -0.22845671, ...,  0.        ,
         -0.50753959, -0.54936273],
        [ 0.19242059,  0.37176598,  0.29727244, ...,  0.50753959,
          0.        , -0.0492546 ],
        [ 0.2405212 ,  0.4170391 ,  0.34393956, ...,  0.54936273,
          0.0492546 ,  0.        ]],

       [[ 0.        ,  0.06106815,  0.03248066, ..., -0.96103708,
         -0.95887851, -0.95887851],
        [-0.06106815,  0.        , -0.02861589, ..., -0.94236297,
         -0.93975668, -0.93975668],
        [-0.03248066,  0.02861589,  0.        , ..., -0.95155172,
         -0.94915401, -0.94915401],
        ...,
        [ 0.96103708,  0.94236297,  0.95155172, ...,  0.        ,
         -0.00770582, -0.00770582],
        [ 0.95887851,  0.93975668,  0.94915401, ...,  0.00770582,
          0.        ,  0.        ],
        [ 0.95887851,  0.93975668,  0.94915401, ...,  0.00770582,
          0.        ,  0.        ]],

       [[ 0.        ,  0.08194889,  0.25186512, ..., -0.70994364,
         -0.70360197, -0.70360197],
        [-0.08194889,  0.        ,  0.17171093, ..., -0.76526897,
         -0.75946784, -0.75946784],
        [-0.25186512, -0.17171093,  0.        , ..., -0.86443487,
         -0.85989342, -0.85989342],
        ...,
        [ 0.70994364,  0.76526897,  0.86443487, ...,  0.        ,
          0.00896424,  0.00896424],
        [ 0.70360197,  0.75946784,  0.85989342, ..., -0.00896424,
          0.        ,  0.        ],
        [ 0.70360197,  0.75946784,  0.85989342, ..., -0.00896424,
          0.        ,  0.        ]]]), 'num': array([7.07106058e-01, 7.07106058e-01, 0.00000000e+00, 0.00000000e+00,
       4.80259895e-04, 4.82303554e-04, 4.75150747e-04, 4.14290578e-04,
       0.00000000e+00, 4.83121018e-04, 4.85113585e-04, 4.94923149e-04,
       8.85585622e-07, 5.05782598e-04, 4.64444572e-04])}
{'img': array([[[ 0.        , -0.66143783, -0.80287022, ..., -0.92307692,
         -0.95148591, -0.95148591],
        [ 0.66143783,  0.        , -0.20783396, ..., -0.94670686,
         -0.91713377, -0.91713377],
        [ 0.80287022,  0.20783396,  0.        , ..., -0.8590921 ,
         -0.81426898, -0.81426898],
        ...,
        [ 0.92307692,  0.94670686,  0.8590921 , ...,  0.        ,
          0.08193245,  0.08193245],
        [ 0.95148591,  0.91713377,  0.81426898, ..., -0.08193245,
          0.        ,  0.        ],
        [ 0.95148591,  0.91713377,  0.81426898, ..., -0.08193245,
          0.        ,  0.        ]],

       [[ 0.        , -0.89099514, -0.93233417, ..., -0.93573205,
         -0.99989693, -0.9859049 ],
        [ 0.89099514,  0.        , -0.10110978, ..., -0.11056998,
         -0.4411741 , -0.59668295],
        [ 0.93233417,  0.10110978,  0.        , ..., -0.00951353,
         -0.34817512, -0.51248683],
        ...,
        [ 0.93573205,  0.11056998,  0.00951353, ...,  0.        ,
         -0.3392411 , -0.50429442],
        [ 0.99989693,  0.4411741 ,  0.34817512, ...,  0.3392411 ,
          0.        , -0.18144402],
        [ 0.9859049 ,  0.59668295,  0.51248683, ...,  0.50429442,
          0.18144402,  0.        ]],

       [[ 0.        , -0.27630306, -0.21924828, ..., -0.91154866,
         -0.90709564, -0.89540358],
        [ 0.27630306,  0.        ,  0.05886729, ..., -0.98967625,
         -0.98808566, -0.98357146],
        [ 0.21924828, -0.05886729,  0.        , ..., -0.97952305,
         -0.97731218, -0.9712391 ],
        ...,
        [ 0.91154866,  0.98967625,  0.97952305, ...,  0.        ,
         -0.01070257, -0.03768905],
        [ 0.90709564,  0.98808566,  0.97731218, ...,  0.01070257,
          0.        , -0.02699193],
        [ 0.89540358,  0.98357146,  0.9712391 , ...,  0.03768905,
          0.02699193,  0.        ]],

       ...,

       [[ 0.        , -0.07899356, -0.17388409, ..., -0.37176598,
         -0.4170391 , -0.46379448],
        [ 0.07899356,  0.        , -0.09555055, ..., -0.29727244,
         -0.34393956, -0.3923614 ],
        [ 0.17388409,  0.09555055,  0.        , ..., -0.20468133,
         -0.25264471, -0.30267773],
        ...,
        [ 0.37176598,  0.29727244,  0.20468133, ...,  0.        ,
         -0.0492546 , -0.1011893 ],
        [ 0.4170391 ,  0.34393956,  0.25264471, ...,  0.0492546 ,
          0.        , -0.0520647 ],
        [ 0.46379448,  0.3923614 ,  0.30267773, ...,  0.1011893 ,
          0.0520647 ,  0.        ]],

       [[ 0.        , -0.02861589, -0.07383875, ..., -0.93975668,
         -0.93975668, -0.93937908],
        [ 0.02861589,  0.        , -0.04527073, ..., -0.94915401,
         -0.94915401, -0.94880621],
        [ 0.07383875,  0.04527073,  0.        , ..., -0.96243267,
         -0.96243267, -0.96213261],
        ...,
        [ 0.93975668,  0.94915401,  0.96243267, ...,  0.        ,
          0.        , -0.00110294],
        [ 0.93975668,  0.94915401,  0.96243267, ...,  0.        ,
          0.        , -0.00110294],
        [ 0.93937908,  0.94880621,  0.96213261, ...,  0.00110294,
          0.00110294,  0.        ]],

       [[ 0.        ,  0.17171093,  0.34426982, ..., -0.75946784,
         -0.75946784, -0.75515931],
        [-0.17171093,  0.        ,  0.17794214, ..., -0.85989342,
         -0.85989342, -0.85650683],
        [-0.34426982, -0.17794214,  0.        , ..., -0.9370051 ,
         -0.9370051 , -0.93468008],
        ...,
        [ 0.75946784,  0.85989342,  0.9370051 , ...,  0.        ,
          0.        ,  0.00659755],
        [ 0.75946784,  0.85989342,  0.9370051 , ...,  0.        ,
          0.        ,  0.00659755],
        [ 0.75515931,  0.85650683,  0.93468008, ..., -0.00659755,
         -0.00659755,  0.        ]]]), 'num': array([7.07106096e-01, 7.07106096e-01, 0.00000000e+00, 0.00000000e+00,
       4.82303580e-04, 4.84347239e-04, 4.77194432e-04, 2.42418859e-04,
       2.04365924e-06, 4.81486116e-04, 4.86033258e-04, 4.93799163e-04,
       7.07420505e-07, 5.04349678e-04, 4.67716837e-04])}
{'img': array([[[ 0.        , -0.56633401, -0.65197349, ..., -0.97796024,
         -0.97796024, -0.98632113],
        [ 0.56633401,  0.        , -0.1079227 , ..., -0.92425675,
         -0.92425675, -0.90625379],
        [ 0.65197349,  0.1079227 ,  0.        , ..., -0.87765663,
         -0.87765663, -0.85533802],
        ...,
        [ 0.97796024,  0.92425675,  0.87765663, ...,  0.        ,
          0.        ,  0.04473294],
        [ 0.97796024,  0.92425675,  0.87765663, ...,  0.        ,
          0.        ,  0.04473294],
        [ 0.98632113,  0.90625379,  0.85533802, ..., -0.04473294,
         -0.04473294,  0.        ]],

       [[ 0.        , -0.09964677, -0.38227384, ..., -0.43035951,
         -0.57322937, -0.75733597],
        [ 0.09964677,  0.        , -0.2882927 , ..., -0.33827064,
         -0.48872627, -0.68849474],
        [ 0.38227384,  0.2882927 ,  0.        , ..., -0.05261094,
         -0.21645883, -0.45018108],
        ...,
        [ 0.43035951,  0.33827064,  0.05261094, ...,  0.        ,
         -0.16479543, -0.40257935],
        [ 0.57322937,  0.48872627,  0.21645883, ...,  0.16479543,
          0.        , -0.24622391],
        [ 0.75733597,  0.68849474,  0.45018108, ...,  0.40257935,
          0.24622391,  0.        ]],

       [[ 0.        ,  0.17128412, -0.26091685, ..., -0.96779338,
         -0.96058116, -0.94731405],
        [-0.17128412,  0.        , -0.422412  , ..., -0.91037095,
         -0.89876844, -0.87845096],
        [ 0.26091685,  0.422412  ,  0.        , ..., -0.99995499,
         -0.99984266, -0.9980736 ],
        ...,
        [ 0.96779338,  0.91037095,  0.99995499, ...,  0.        ,
         -0.02722397, -0.07150789],
        [ 0.96058116,  0.89876844,  0.99984266, ...,  0.02722397,
          0.        , -0.04432711],
        [ 0.94731405,  0.87845096,  0.9980736 , ...,  0.07150789,
          0.04432711,  0.        ]],

       ...,

       [[ 0.        , -0.09555055, -0.16439395, ..., -0.34393956,
         -0.3923614 , -0.6047053 ],
        [ 0.09555055,  0.        , -0.06939122, ..., -0.25264471,
         -0.30267773, -0.52583735],
        [ 0.16439395,  0.06939122,  0.        , ..., -0.18489562,
         -0.23581185, -0.46554669],
        ...,
        [ 0.34393956,  0.25264471,  0.18489562, ...,  0.        ,
         -0.0520647 , -0.29388288],
        [ 0.3923614 ,  0.30267773,  0.23581185, ...,  0.0520647 ,
          0.        , -0.2437187 ],
        [ 0.6047053 ,  0.52583735,  0.46554669, ...,  0.29388288,
          0.2437187 ,  0.        ]],

       [[ 0.        , -0.04527073, -0.12119445, ..., -0.94915401,
         -0.94880621, -0.87829274],
        [ 0.04527073,  0.        , -0.07613316, ..., -0.96243267,
         -0.96213261, -0.89903727],
        [ 0.12119445,  0.07613316,  0.        , ..., -0.98031107,
         -0.98009269, -0.92976454],
        ...,
        [ 0.94915401,  0.96243267,  0.98031107, ...,  0.        ,
         -0.00110294, -0.17731543],
        [ 0.94880621,  0.96213261,  0.98009269, ...,  0.00110294,
          0.        , -0.17622986],
        [ 0.87829274,  0.89903727,  0.92976454, ...,  0.17731543,
          0.17622986,  0.        ]],

       [[ 0.        ,  0.17794214,  0.48564609, ..., -0.85989342,
         -0.85650683, -0.80182976],
        [-0.17794214,  0.        ,  0.32234654, ..., -0.9370051 ,
         -0.93468008, -0.89536309],
        [-0.48564609, -0.32234654,  0.        , ..., -0.99959009,
         -0.99937945, -0.99112297],
        ...,
        [ 0.85989342,  0.9370051 ,  0.99959009, ...,  0.        ,
          0.00659755,  0.10451856],
        [ 0.85650683,  0.93468008,  0.99937945, ..., -0.00659755,
          0.        ,  0.09795487],
        [ 0.80182976,  0.89536309,  0.99112297, ..., -0.10451856,
         -0.09795487,  0.        ]]]), 'num': array([ 7.07106098e-01,  7.07106098e-01,  0.00000000e+00,  0.00000000e+00,
        4.80259922e-04,  4.83325411e-04,  4.71063456e-04,  2.44748631e-04,
       -2.04365924e-06,  4.79851191e-04,  4.86952906e-04,  4.92862488e-04,
        7.35717328e-07,  5.01851659e-04,  4.72054154e-04])}
{'img': array([[[ 0.        , -0.15819683, -0.34827531, ..., -0.97756323,
         -0.9665934 , -0.97756323],
        [ 0.15819683,  0.        , -0.1955972 , ..., -0.93193043,
         -0.9138735 , -0.93193043],
        [ 0.34827531,  0.1955972 ,  0.        , ..., -0.84299876,
         -0.81680913, -0.84299876],
        ...,
        [ 0.97756323,  0.93193043,  0.84299876, ...,  0.        ,
          0.04695844,  0.        ],
        [ 0.9665934 ,  0.9138735 ,  0.81680913, ..., -0.04695844,
          0.        , -0.04695844],
        [ 0.97756323,  0.93193043,  0.84299876, ...,  0.        ,
          0.04695844,  0.        ]],

       [[ 0.        , -0.2882927 , -0.20385024, ..., -0.48872627,
         -0.68849474, -0.6672571 ],
        [ 0.2882927 ,  0.        ,  0.08704392, ..., -0.21645883,
         -0.45018108, -0.42419859],
        [ 0.20385024, -0.08704392,  0.        , ..., -0.30061751,
         -0.52619716, -0.50141282],
        ...,
        [ 0.48872627,  0.21645883,  0.30061751, ...,  0.        ,
         -0.24622391, -0.21812314],
        [ 0.68849474,  0.45018108,  0.52619716, ...,  0.24622391,
          0.        ,  0.02888737],
        [ 0.6672571 ,  0.42419859,  0.50141282, ...,  0.21812314,
         -0.02888737,  0.        ]],

       [[ 0.        , -0.422412  , -0.67379727, ..., -0.89876844,
         -0.87845096, -0.85583956],
        [ 0.422412  ,  0.        , -0.29860541, ..., -0.99984266,
         -0.9980736 , -0.99422532],
        [ 0.67379727,  0.29860541,  0.        , ..., -0.95952327,
         -0.97106394, -0.9809096 ],
        ...,
        [ 0.89876844,  0.99984266,  0.95952327, ...,  0.        ,
         -0.04432711, -0.08965993],
        [ 0.87845096,  0.9980736 ,  0.97106394, ...,  0.04432711,
          0.        , -0.04542322],
        [ 0.85583956,  0.99422532,  0.9809096 , ...,  0.08965993,
          0.04542322,  0.        ]],

       ...,

       [[ 0.        , -0.06939122, -0.16916789, ..., -0.30267773,
         -0.52583735, -0.49209089],
        [ 0.06939122,  0.        , -0.10036902, ..., -0.23581185,
         -0.46554669, -0.43049662],
        [ 0.16916789,  0.10036902,  0.        , ..., -0.13708258,
         -0.37436689, -0.33773044],
        ...,
        [ 0.30267773,  0.23581185,  0.13708258, ...,  0.        ,
         -0.2437187 , -0.20551413],
        [ 0.52583735,  0.46554669,  0.37436689, ...,  0.2437187 ,
          0.        ,  0.03919926],
        [ 0.49209089,  0.43049662,  0.33773044, ...,  0.20551413,
         -0.03919926,  0.        ]],

       [[ 0.        , -0.07474998, -0.09835693, ..., -0.98985715,
         -0.972795  , -0.83256034],
        [ 0.07474998,  0.        , -0.02369423, ..., -0.99770728,
         -0.98739057, -0.87163768],
        [ 0.09835693,  0.02369423,  0.        , ..., -0.99903073,
         -0.99086423, -0.88300671],
        ...,
        [ 0.98985715,  0.99770728,  0.99903073, ...,  0.        ,
         -0.09111654, -0.43003717],
        [ 0.972795  ,  0.98739057,  0.99086423, ...,  0.09111654,
          0.        , -0.34598728],
        [ 0.83256034,  0.87163768,  0.88300671, ...,  0.43003717,
          0.34598728,  0.        ]],

       [[ 0.        ,  0.32234654,  0.60507606, ..., -0.93468008,
         -0.89536309, -0.8315115 ],
        [-0.32234654,  0.        ,  0.31613625, ..., -0.99937945,
         -0.99112297, -0.96619279],
        [-0.60507606, -0.31613625,  0.        , ..., -0.95926056,
         -0.98232183, -0.99814689],
        ...,
        [ 0.93468008,  0.99937945,  0.95926056, ...,  0.        ,
          0.09795487,  0.22362781],
        [ 0.89536309,  0.99112297,  0.98232183, ..., -0.09795487,
          0.        ,  0.12707823],
        [ 0.8315115 ,  0.96619279,  0.99814689, ..., -0.22362781,
         -0.12707823,  0.        ]]]), 'num': array([ 7.07106020e-01,  7.07106020e-01,  0.00000000e+00,  0.00000000e+00,
        4.77194381e-04,  4.82303528e-04,  4.77194381e-04,  5.29082883e-04,
       -3.06548853e-06,  4.80055503e-04,  4.87208310e-04,  4.92010908e-04,
        7.07420429e-07,  5.01227870e-04,  4.73188749e-04])}
{'img': array([[[ 0.        , -0.1955972 , -0.37727679, ..., -0.9138735 ,
         -0.93193043, -0.95536386],
        [ 0.1955972 ,  0.        , -0.18884676, ..., -0.81680913,
         -0.84299876, -0.87912474],
        [ 0.37727679,  0.18884676,  0.        , ..., -0.69316472,
         -0.72624672, -0.77330346],
        ...,
        [ 0.9138735 ,  0.81680913,  0.69316472, ...,  0.        ,
         -0.04695844, -0.11788961],
        [ 0.93193043,  0.84299876,  0.72624672, ...,  0.04695844,
          0.        , -0.07112858],
        [ 0.95536386,  0.87912474,  0.77330346, ...,  0.11788961,
          0.07112858,  0.        ]],

       [[ 0.        ,  0.08704392,  0.01849392, ..., -0.45018108,
         -0.42419859, -0.14460497],
        [-0.08704392,  0.        , -0.0686053 , ..., -0.52619716,
         -0.50141282, -0.23018515],
        [-0.01849392,  0.0686053 ,  0.        , ..., -0.46661799,
         -0.44087357, -0.16287978],
        ...,
        [ 0.45018108,  0.52619716,  0.46661799, ...,  0.        ,
          0.02888737,  0.31632627],
        [ 0.42419859,  0.50141282,  0.44087357, ..., -0.02888737,
          0.        ,  0.28879024],
        [ 0.14460497,  0.23018515,  0.16287978, ..., -0.31632627,
         -0.28879024,  0.        ]],

       [[ 0.        , -0.56616868, -0.76552105, ..., -0.8919184 ,
         -0.86972307, -0.87263549],
        [ 0.56616868,  0.        , -0.26673182, ..., -0.99121832,
         -0.99633043, -0.99580517],
        [ 0.76552105,  0.26673182,  0.        , ..., -0.92003583,
         -0.93740456, -0.93532226],
        ...,
        [ 0.8919184 ,  0.99121832,  0.92003583, ...,  0.        ,
         -0.04691183, -0.04098544],
        [ 0.86972307,  0.99633043,  0.93740456, ...,  0.04691183,
          0.        ,  0.00593209],
        [ 0.87263549,  0.99580517,  0.93532226, ...,  0.04098544,
         -0.00593209,  0.        ]],

       ...,

       [[ 0.        , -0.10036902, -0.1822457 , ..., -0.46554669,
         -0.43049662, -0.46554669],
        [ 0.10036902,  0.        , -0.08263726, ..., -0.37436689,
         -0.33773044, -0.37436689],
        [ 0.1822457 ,  0.08263726,  0.        , ..., -0.2964585 ,
         -0.25879356, -0.2964585 ],
        ...,
        [ 0.46554669,  0.37436689,  0.2964585 , ...,  0.        ,
          0.03919926,  0.        ],
        [ 0.43049662,  0.33773044,  0.25879356, ..., -0.03919926,
          0.        , -0.03919926],
        [ 0.46554669,  0.37436689,  0.2964585 , ...,  0.        ,
          0.03919926,  0.        ]],

       [[ 0.        , -0.02357175, -0.03963325, ..., -0.99246755,
         -0.94222866, -0.86943242],
        [ 0.02357175,  0.        , -0.01606901, ..., -0.99507952,
         -0.94986269, -0.88083651],
        [ 0.03963325,  0.01606901,  0.        , ..., -0.99654315,
         -0.95476431, -0.88833018],
        ...,
        [ 0.99246755,  0.99507952,  0.99654315, ...,  0.        ,
         -0.21701691, -0.38381825],
        [ 0.94222866,  0.94986269,  0.95476431, ...,  0.21701691,
          0.        , -0.17427574],
        [ 0.86943242,  0.88083651,  0.88833018, ...,  0.38381825,
          0.17427574,  0.        ]],

       [[ 0.        ,  0.31613625, -0.06909907, ..., -0.99112297,
         -0.96619279, -0.95713495],
        [-0.31613625,  0.        , -0.38093586, ..., -0.98232183,
         -0.99814689, -0.99961358],
        [ 0.06909907,  0.38093586,  0.        , ..., -0.97956738,
         -0.94606823, -0.93483319],
        ...,
        [ 0.99112297,  0.98232183,  0.97956738, ...,  0.        ,
          0.12707823,  0.15982166],
        [ 0.96619279,  0.99814689,  0.94606823, ..., -0.12707823,
          0.        ,  0.03308118],
        [ 0.95713495,  0.99961358,  0.93483319, ..., -0.15982166,
         -0.03308118,  0.        ]]]), 'num': array([ 7.07105975e-01,  7.07105975e-01,  0.00000000e+00,  0.00000000e+00,
        4.75150691e-04,  4.80259838e-04,  4.75150691e-04,  6.44937872e-04,
       -2.04365889e-06,  4.79033643e-04,  4.86952821e-04,  4.91176383e-04,
        6.55513228e-07,  5.01639820e-04,  4.72265822e-04])}
{'img': array([[[ 0.        , -0.18884676, -0.50741651, ..., -0.84299876,
         -0.87912474, -0.90103105],
        [ 0.18884676,  0.        , -0.33555692, ..., -0.72624672,
         -0.77330346, -0.80290527],
        [ 0.50741651,  0.33555692,  0.        , ..., -0.45346561,
         -0.51571209, -0.55632506],
        ...,
        [ 0.84299876,  0.72624672,  0.45346561, ...,  0.        ,
         -0.07112858, -0.11902399],
        [ 0.87912474,  0.77330346,  0.51571209, ...,  0.07112858,
          0.        , -0.04809957],
        [ 0.90103105,  0.80290527,  0.55632506, ...,  0.11902399,
          0.04809957,  0.        ]],

       [[ 0.        , -0.0686053 ,  0.06286716, ..., -0.50141282,
         -0.23018515, -0.17121198],
        [ 0.0686053 ,  0.        ,  0.13118863, ..., -0.44087357,
         -0.16287978, -0.1032163 ],
        [-0.06286716, -0.13118863,  0.        , ..., -0.55481416,
         -0.2909088 , -0.23281218],
        ...,
        [ 0.50141282,  0.44087357,  0.55481416, ...,  0.        ,
          0.28879024,  0.34587506],
        [ 0.23018515,  0.16287978,  0.2909088 , ..., -0.28879024,
          0.        ,  0.06017188],
        [ 0.17121198,  0.1032163 ,  0.23281218, ..., -0.34587506,
         -0.06017188,  0.        ]],

       [[ 0.        , -0.597727  , -0.7974391 , ..., -0.89565018,
         -0.89844138, -0.88403427],
        [ 0.597727  ,  0.        , -0.27863857, ..., -0.98388708,
         -0.98273823, -0.98812083],
        [ 0.7974391 ,  0.27863857,  0.        , ..., -0.8951032 ,
         -0.89226933, -0.90616643],
        ...,
        [ 0.89565018,  0.98388708,  0.8951032 , ...,  0.        ,
          0.00631592, -0.02546431],
        [ 0.89844138,  0.98273823,  0.89226933, ..., -0.00631592,
          0.        , -0.03177767],
        [ 0.88403427,  0.98812083,  0.90616643, ...,  0.02546431,
          0.03177767,  0.        ]],

       ...,

       [[ 0.        , -0.08263726, -0.23716926, ..., -0.33773044,
         -0.37436689, -0.4405187 ],
        [ 0.08263726,  0.        , -0.15607858, ..., -0.25879356,
         -0.2964585 , -0.36482493],
        [ 0.23716926,  0.15607858,  0.        , ..., -0.10486056,
         -0.14376312, -0.21503283],
        ...,
        [ 0.33773044,  0.25879356,  0.10486056, ...,  0.        ,
         -0.03919926, -0.11143981],
        [ 0.37436689,  0.2964585 ,  0.14376312, ...,  0.03919926,
          0.        , -0.07239906],
        [ 0.4405187 ,  0.36482493,  0.21503283, ...,  0.11143981,
          0.07239906,  0.        ]],

       [[ 0.        , -0.01606901,  0.04214473, ..., -0.94986269,
         -0.88083651, -0.93907471],
        [ 0.01606901,  0.        ,  0.05819402, ..., -0.95476431,
         -0.88833018, -0.94447659],
        [-0.04214473, -0.05819402,  0.        , ..., -0.93584147,
         -0.86010172, -0.92375466],
        ...,
        [ 0.94986269,  0.95476431,  0.93584147, ...,  0.        ,
         -0.17427574, -0.03286226],
        [ 0.88083651,  0.88833018,  0.86010172, ...,  0.17427574,
          0.        ,  0.14182224],
        [ 0.93907471,  0.94447659,  0.92375466, ...,  0.03286226,
         -0.14182224,  0.        ]],

       [[ 0.        , -0.38093586, -0.61726867, ..., -0.99814689,
         -0.99961358, -0.99850382],
        [ 0.38093586,  0.        , -0.2710253 , ..., -0.94606823,
         -0.93483319, -0.94404845],
        [ 0.61726867,  0.2710253 ,  0.        , ..., -0.82285563,
         -0.80360686, -0.81932884],
        ...,
        [ 0.99814689,  0.94606823,  0.82285563, ...,  0.        ,
          0.03308118,  0.00617876],
        [ 0.99961358,  0.93483319,  0.80360686, ..., -0.03308118,
          0.        , -0.02690517],
        [ 0.99850382,  0.94404845,  0.81932884, ..., -0.00617876,
          0.02690517,  0.        ]]]), 'num': array([7.07106050e-01, 7.07106050e-01, 0.00000000e+00, 0.00000000e+00,
       4.81281719e-04, 4.84347208e-04, 4.72085253e-04, 4.44148433e-04,
       6.13097731e-06, 4.79238060e-04, 4.86697416e-04, 4.90529277e-04,
       7.29878252e-07, 5.01590910e-04, 4.71803921e-04])}
{'img': array([[[ 0.        , -0.33555692, -0.5079344 , ..., -0.77330346,
         -0.80290527, -0.70987415],
        [ 0.33555692,  0.        , -0.18943702, ..., -0.51571209,
         -0.55632506, -0.43237329],
        [ 0.5079344 ,  0.18943702,  0.        , ..., -0.34407159,
         -0.38883612, -0.25372989],
        ...,
        [ 0.77330346,  0.51571209,  0.34407159, ...,  0.        ,
         -0.04809957,  0.09457387],
        [ 0.80290527,  0.55632506,  0.38883612, ...,  0.04809957,
          0.        ,  0.14234839],
        [ 0.70987415,  0.43237329,  0.25372989, ..., -0.09457387,
         -0.14234839,  0.        ]],

       [[ 0.        ,  0.13118863,  0.08991756, ..., -0.16287978,
         -0.1032163 , -0.2141432 ],
        [-0.13118863,  0.        , -0.04151677, ..., -0.2909088 ,
         -0.23281218, -0.3404378 ],
        [-0.08991756,  0.04151677,  0.        , ..., -0.25093678,
         -0.1922355 , -0.30110743],
        ...,
        [ 0.16287978,  0.2909088 ,  0.25093678, ...,  0.        ,
          0.06017188, -0.05218218],
        [ 0.1032163 ,  0.23281218,  0.1922355 , ..., -0.06017188,
          0.        , -0.11217753],
        [ 0.2141432 ,  0.3404378 ,  0.30110743, ...,  0.05218218,
          0.11217753,  0.        ]],

       [[ 0.        , -0.62593627, -0.8286626 , ..., -0.92606726,
         -0.91262174, -0.91541307],
        [ 0.62593627,  0.        , -0.29588575, ..., -0.95841834,
         -0.96761606, -0.96585624],
        [ 0.8286626 ,  0.29588575,  0.        , ..., -0.83106756,
         -0.84960002, -0.84595075],
        ...,
        [ 0.92606726,  0.95841834,  0.83106756, ...,  0.        ,
         -0.03419539, -0.02731774],
        [ 0.91262174,  0.96761606,  0.84960002, ...,  0.03419539,
          0.        ,  0.00688087],
        [ 0.91541307,  0.96585624,  0.84595075, ...,  0.02731774,
         -0.00688087,  0.        ]],

       ...,

       [[ 0.        , -0.15607858, -0.25879356, ..., -0.2964585 ,
         -0.36482493, -0.26658825],
        [ 0.15607858,  0.        , -0.10486056, ..., -0.14376312,
         -0.21503283, -0.11289094],
        [ 0.25879356,  0.10486056,  0.        , ..., -0.03919926,
         -0.11143981, -0.00807834],
        ...,
        [ 0.2964585 ,  0.14376312,  0.03919926, ...,  0.        ,
         -0.07239906,  0.03112585],
        [ 0.36482493,  0.21503283,  0.11143981, ...,  0.07239906,
          0.        ,  0.10340814],
        [ 0.26658825,  0.11289094,  0.00807834, ..., -0.03112585,
         -0.10340814,  0.        ]],

       [[ 0.        ,  0.05819402,  0.13949397, ..., -0.88833018,
         -0.94447659, -0.94156978],
        [-0.05819402,  0.        ,  0.08163251, ..., -0.86010172,
         -0.92375466, -0.9203733 ],
        [-0.13949397, -0.08163251,  0.        , ..., -0.81558854,
         -0.88940761, -0.8853799 ],
        ...,
        [ 0.88833018,  0.86010172,  0.81558854, ...,  0.        ,
          0.14182224,  0.13316825],
        [ 0.94447659,  0.92375466,  0.88940761, ..., -0.14182224,
          0.        , -0.00873689],
        [ 0.94156978,  0.9203733 ,  0.8853799 , ..., -0.13316825,
          0.00873689,  0.        ]],

       [[ 0.        , -0.515731  , -0.72209415, ..., -0.99994706,
         -0.99984426, -0.99949957],
        [ 0.515731  ,  0.        , -0.26187455, ..., -0.85139843,
         -0.86571883, -0.8726356 ],
        [ 0.72209415,  0.26187455,  0.        , ..., -0.68432795,
         -0.70443067, -0.71429012],
        ...,
        [ 0.99994706,  0.85139843,  0.68432795, ...,  0.        ,
         -0.02793542, -0.04191533],
        [ 0.99984426,  0.86571883,  0.70443067, ...,  0.02793542,
          0.        , -0.01398811],
        [ 0.99949957,  0.8726356 ,  0.71429012, ...,  0.04191533,
          0.01398811,  0.        ]]]), 'num': array([7.07105966e-01, 7.07105966e-01, 0.00000000e+00, 0.00000000e+00,
       4.83325320e-04, 4.83325320e-04, 4.74128856e-04, 6.58916490e-04,
       2.04365886e-06, 4.79442369e-04, 4.86441900e-04, 4.90018303e-04,
       7.75180947e-07, 5.01382640e-04, 4.71501161e-04])}
{'img': array([[[ 0.        , -0.18943702, -0.16636267, ..., -0.55632506,
         -0.43237329, -0.38968489],
        [ 0.18943702,  0.        ,  0.02344683, ..., -0.38883612,
         -0.25372989, -0.20816712],
        [ 0.16636267, -0.02344683,  0.        , ..., -0.41033095,
         -0.27633967, -0.23104308],
        ...,
        [ 0.55632506,  0.38883612,  0.41033095, ...,  0.        ,
          0.14234839,  0.18853218],
        [ 0.43237329,  0.25372989,  0.27633967, ..., -0.14234839,
          0.        ,  0.04681663],
        [ 0.38968489,  0.20816712,  0.23104308, ..., -0.18853218,
         -0.04681663,  0.        ]],

       [[ 0.        , -0.04151677, -0.26576169, ..., -0.23281218,
         -0.3404378 , -0.22632925],
        [ 0.04151677,  0.        , -0.22550878, ..., -0.1922355 ,
         -0.30110743, -0.18569467],
        [ 0.26576169,  0.22550878,  0.        , ...,  0.03401905,
         -0.07830828,  0.04067523],
        ...,
        [ 0.23281218,  0.1922355 , -0.03401905, ...,  0.        ,
         -0.11217753,  0.0066608 ],
        [ 0.3404378 ,  0.30110743,  0.07830828, ...,  0.11217753,
          0.        ,  0.1187938 ],
        [ 0.22632925,  0.18569467, -0.04067523, ..., -0.0066608 ,
         -0.1187938 ,  0.        ]],

       [[ 0.        , -0.65842062, -0.8457566 , ..., -0.94197286,
         -0.94446156, -0.94689098],
        [ 0.65842062,  0.        , -0.28524608, ..., -0.93000063,
         -0.9272206 , -0.92439595],
        [ 0.8457566 ,  0.28524608,  0.        , ..., -0.78651865,
         -0.78186947, -0.77718865],
        ...,
        [ 0.94197286,  0.93000063,  0.78651865, ...,  0.        ,
          0.00749248,  0.01496506],
        [ 0.94446156,  0.9272206 ,  0.78186947, ..., -0.00749248,
          0.        ,  0.007473  ],
        [ 0.94689098,  0.92439595,  0.77718865, ..., -0.01496506,
         -0.007473  ,  0.        ]],

       ...,

       [[ 0.        , -0.10486056, -0.380702  , ..., -0.21503283,
         -0.11289094, -0.05054732],
        [ 0.10486056,  0.        , -0.28163884, ..., -0.11143981,
         -0.00807834,  0.05445786],
        [ 0.380702  ,  0.28163884,  0.        , ...,  0.17295579,
          0.27387832,  0.33347434],
        ...,
        [ 0.21503283,  0.11143981, -0.17295579, ...,  0.        ,
          0.10340814,  0.16539308],
        [ 0.11289094,  0.00807834, -0.27387832, ..., -0.10340814,
          0.        ,  0.06252244],
        [ 0.05054732, -0.05445786, -0.33347434, ..., -0.16539308,
         -0.06252244,  0.        ]],

       [[ 0.        ,  0.08163251,  0.14349218, ..., -0.92375466,
         -0.9203733 , -0.90125345],
        [-0.08163251,  0.        ,  0.06222554, ..., -0.88940761,
         -0.8853799 , -0.86287477],
        [-0.14349218, -0.06222554,  0.        , ..., -0.85923981,
         -0.85473746, -0.82975272],
        ...,
        [ 0.92375466,  0.88940761,  0.85923981, ...,  0.        ,
         -0.00873689, -0.05508944],
        [ 0.9203733 ,  0.8853799 ,  0.85473746, ...,  0.00873689,
          0.        , -0.04636372],
        [ 0.90125345,  0.86287477,  0.82975272, ...,  0.05508944,
          0.04636372,  0.        ]],

       [[ 0.        , -0.56902852, -0.73654139, ..., -0.99830839,
         -0.99907172, -0.99944848],
        [ 0.56902852,  0.        , -0.22078448, ..., -0.78784291,
         -0.79704194, -0.80296832],
        [ 0.73654139,  0.22078448,  0.        , ..., -0.63242509,
         -0.64403599, -0.65156082],
        ...,
        [ 0.99830839,  0.78784291,  0.63242509, ...,  0.        ,
         -0.01508199, -0.02495765],
        [ 0.99907172,  0.79704194,  0.64403599, ...,  0.01508199,
          0.        , -0.00987751],
        [ 0.99944848,  0.80296832,  0.65156082, ...,  0.02495765,
          0.00987751,  0.        ]]]), 'num': array([ 7.12209703e-01,  7.01965289e-01,  4.32253762e-07, -4.16429443e-12,
        4.87829246e-04,  4.88858421e-04,  4.81654192e-04,  4.08129885e-04,
        1.02917562e-06,  4.83712543e-04,  4.89218633e-04,  4.93266723e-04,
        9.28276053e-07,  5.03183222e-04,  4.75254043e-04])}
{'img': array([[[ 0.        ,  0.02344683,  0.09417894, ..., -0.25372989,
         -0.20816712, -0.18528991],
        [-0.02344683,  0.        ,  0.07081043, ..., -0.27633967,
         -0.23104308, -0.20827979],
        [-0.09417894, -0.07081043,  0.        , ..., -0.34369908,
         -0.29935766, -0.27701448],
        ...,
        [ 0.25372989,  0.27633967,  0.34369908, ...,  0.        ,
          0.04681663,  0.07010996],
        [ 0.20816712,  0.23104308,  0.29935766, ..., -0.04681663,
          0.        ,  0.02333166],
        [ 0.18528991,  0.20827979,  0.27701448, ..., -0.07010996,
