state_0,state_1,state_2,state_3,state_4,state_5,state_6,state_7,state_8,state_9,state_10,state_11,state_12,state_13,state_14,state_15,state_16,state_17,state_18,state_19,state_20,state_21,state_22,state_23,state_24,state_25,state_26,state_27,state_28,state_29,state_30,state_31,state_32,state_33,state_34,state_35,state_36,state_37,state_38,state_39,state_40,state_41,state_42,state_43,state_44,state_45,state_46,state_47,state_48,state_49,state_50,state_51,state_52,state_53,state_54,state_55,state_56,state_57,state_58,state_59,state_60,state_61,state_62,state_63,state_64,state_65,state_66,state_67,state_68,state_69,state_70,state_71,state_72,state_73,state_74,state_75,state_76,state_77,state_78,state_79,state_80,state_81,state_82,state_83,state_84,state_85,state_86,state_87,state_88,state_89,state_90,state_91,state_92,state_93,state_94,state_95,state_96,state_97,state_98,state_99,state_100,state_101,state_102,state_103,state_104,state_105,state_106,state_107,state_108,state_109,state_110,state_111,state_112,state_113,state_114,state_115,state_116,state_117,state_118,state_119,state_120,state_121,state_122,state_123,state_124,state_125,state_126,state_127,state_128,state_129,state_130,state_131,state_132,state_133,state_134,state_135,state_136,state_137,state_138,state_139,state_140,state_141,state_142,state_143,state_144,state_145,state_146,state_147,state_148,state_149,state_150,state_151,state_152,state_153,state_154,state_155,state_156,state_157,state_158,state_159,state_160,state_161,state_162,state_163,state_164,state_165,state_166,state_167,state_168,state_169,state_170,state_171,state_172,state_173,state_174,state_175,state_176,state_177,state_178,state_179,state_180,state_181,state_182,state_183,state_184,state_185,state_186,state_187,state_188,state_189,state_190,state_191,state_192,state_193,state_194,state_195,state_196,state_197,state_198,state_199,state_200,state_201,state_202,state_203,state_204,state_205,state_206,state_207,state_208,state_209,state_210,state_211,state_212,state_213,state_214,state_215,state_216,state_217,state_218,state_219,state_220,state_221,state_222,state_223,state_224,state_225,state_226,state_227,state_228,state_229,state_230,state_231,state_232,state_233,state_234,state_235,state_236,state_237,state_238,state_239,state_240,state_241,state_242,state_243,state_244,state_245,state_246,state_247,state_248,state_249,state_250,state_251,state_252,state_253,state_254,state_255,state_256,state_257,state_258,state_259,state_260,state_261,state_262,state_263,state_264,state_265,state_266,state_267,state_268,state_269,state_270,state_271,state_272,state_273,state_274,state_275,state_276,state_277,state_278,state_279,state_280,state_281,state_282,state_283,state_284,state_285,state_286,state_287
{'img': array([[[ 0.        ,  0.63473818,  0.74704566, ...,  0.        ,
          0.48412292,  0.52309769],
        [-0.63473818,  0.        ,  0.15530592, ...,  0.63473818,
          0.92949089,  0.9451819 ],
        [-0.74704566, -0.15530592,  0.        , ...,  0.74704566,
          0.97549667,  0.98442772],
        ...,
        [-0.        , -0.63473818, -0.74704566, ...,  0.        ,
         -0.48412292, -0.52309769],
        [-0.48412292, -0.92949089, -0.97549667, ...,  0.48412292,
          0.        , -0.04510572],
        [-0.52309769, -0.9451819 , -0.98442772, ...,  0.52309769,
          0.04510572,  0.        ]],

       [[ 0.        ,  0.46014538,  0.69815937, ...,  0.6531041 ,
          0.75584333,  0.42790869],
        [-0.46014538,  0.        ,  0.29041873, ...,  0.23140084,
          0.36978931, -0.03597352],
        [-0.69815937, -0.29041873,  0.        , ..., -0.06110895,
          0.08401867, -0.32465381],
        ...,
        [-0.6531041 , -0.23140084,  0.06110895, ...,  0.        ,
          0.14475453, -0.26624822],
        [-0.75584333, -0.36978931, -0.08401867, ..., -0.14475453,
          0.        , -0.40297352],
        [-0.42790869,  0.03597352,  0.32465381, ...,  0.26624822,
          0.40297352,  0.        ]],

       [[ 0.        ,  0.35098946,  0.51411506, ...,  0.        ,
          0.        ,  0.        ],
        [-0.35098946,  0.        ,  0.18035565, ...,  0.35098946,
          0.35098946,  0.35098946],
        [-0.51411506, -0.18035565,  0.        , ...,  0.51411506,
          0.51411506,  0.51411506],
        ...,
        [-0.        , -0.35098946, -0.51411506, ...,  0.        ,
          0.        ,  0.        ],
        [-0.        , -0.35098946, -0.51411506, ...,  0.        ,
          0.        ,  0.        ],
        [-0.        , -0.35098946, -0.51411506, ...,  0.        ,
          0.        ,  0.        ]],

       ...,

       [[ 0.        ,  0.70425591,  0.91502261, ...,  0.94467012,
          0.98007104,  0.99476342],
        [-0.70425591,  0.        ,  0.36551821, ...,  0.90167633,
          0.83569625,  0.77820658],
        [-0.91502261, -0.36551821,  0.        , ...,  0.68122979,
          0.57712992,  0.49480944],
        ...,
        [-0.94467012, -0.90167633, -0.68122979, ...,  0.        ,
         -0.1338286 , -0.22975473],
        [-0.98007104, -0.83569625, -0.57712992, ...,  0.1338286 ,
          0.        , -0.09743948],
        [-0.99476342, -0.77820658, -0.49480944, ...,  0.22975473,
          0.09743948,  0.        ]],

       [[ 0.        , -0.10322545, -0.10322545, ...,  0.56079402,
          0.4958665 ,  0.27596422],
        [ 0.10322545,  0.        ,  0.        , ...,  0.47233219,
          0.40357671,  0.17527302],
        [ 0.10322545,  0.        ,  0.        , ...,  0.47233219,
          0.40357671,  0.17527302],
        ...,
        [-0.56079402, -0.47233219, -0.47233219, ...,  0.        ,
          0.07643752,  0.31053117],
        [-0.4958665 , -0.40357671, -0.40357671, ..., -0.07643752,
          0.        ,  0.23696397],
        [-0.27596422, -0.17527302, -0.17527302, ..., -0.31053117,
         -0.23696397,  0.        ]],

       [[ 0.        ,  0.03775358,  0.03775358, ...,  0.64553729,
          0.47259395,  0.25191391],
        [-0.03775358,  0.        ,  0.        , ...,  0.67391056,
          0.50552852,  0.28827033],
        [-0.03775358,  0.        ,  0.        , ...,  0.67391056,
          0.50552852,  0.28827033],
        ...,
        [-0.64553729, -0.67391056, -0.67391056, ...,  0.        ,
          0.2079657 ,  0.43232458],
        [-0.47259395, -0.50552852, -0.50552852, ..., -0.2079657 ,
          0.        ,  0.23534587],
        [-0.25191391, -0.28827033, -0.28827033, ..., -0.43232458,
         -0.23534587,  0.        ]]]), 'num': array([7.05079438e-01, 7.05079438e-01, 0.00000000e+00, 0.00000000e+00,
       4.90073733e-03, 4.94426075e-03, 4.83980454e-03, 7.44590871e-02,
       1.74093688e-05, 4.92859232e-03, 4.72925505e-03, 4.27798970e-03,
       5.68322371e-06, 5.07539516e-03, 4.38311494e-03])}
{'img': array([[[ 0.        ,  0.47828418,  0.48987111, ...,  0.5120186 ,
          0.5527708 ,  0.5120186 ],
        [-0.47828418,  0.        ,  0.01324163, ...,  0.86049121,
          0.8840163 ,  0.86049121],
        [-0.48987111, -0.01324163,  0.        , ...,  0.86716191,
          0.89012867,  0.86716191],
        ...,
        [-0.5120186 , -0.86049121, -0.86716191, ...,  0.        ,
         -0.04813377,  0.        ],
        [-0.5527708 , -0.8840163 , -0.89012867, ...,  0.04813377,
          0.        ,  0.04813377],
        [-0.5120186 , -0.86049121, -0.86716191, ...,  0.        ,
         -0.04813377,  0.        ]],

       [[ 0.        ,  0.29041873, -0.30618806, ...,  0.36978931,
         -0.03597352, -0.08396907],
        [-0.29041873,  0.        , -0.56946148, ...,  0.08401867,
         -0.32465381, -0.36974305],
        [ 0.30618806,  0.56946148,  0.        , ...,  0.63651283,
          0.27174413,  0.2251706 ],
        ...,
        [-0.36978931, -0.08401867, -0.63651283, ...,  0.        ,
         -0.40297352, -0.44650032],
        [ 0.03597352,  0.32465381, -0.27174413, ...,  0.40297352,
          0.        , -0.04806824],
        [ 0.08396907,  0.36974305, -0.2251706 , ...,  0.44650032,
          0.04806824,  0.        ]],

       [[ 0.        ,  0.39482239,  0.51592987, ...,  0.        ,
          0.        ,  0.22776705],
        [-0.39482239,  0.        ,  0.13579739, ...,  0.39482239,
          0.39482239,  0.59370742],
        [-0.51592987, -0.13579739,  0.        , ...,  0.51592987,
          0.51592987,  0.69748127],
        ...,
        [-0.        , -0.39482239, -0.51592987, ...,  0.        ,
          0.        , -0.22776705],
        [-0.        , -0.39482239, -0.51592987, ...,  0.        ,
          0.        , -0.22776705],
        [-0.22776705, -0.59370742, -0.69748127, ...,  0.22776705,
          0.22776705,  0.        ]],

       ...,

       [[ 0.        ,  0.38920646,  0.31016497, ...,  0.85953997,
          0.80430712,  0.76366818],
        [-0.38920646,  0.        , -0.08430323, ...,  0.59285455,
          0.50961609,  0.45217819],
        [-0.31016497,  0.08430323,  0.        , ...,  0.65863427,
          0.58033659,  0.52576088],
        ...,
        [-0.85953997, -0.59285455, -0.65863427, ...,  0.        ,
         -0.09969447, -0.16463993],
        [-0.80430712, -0.50961609, -0.58033659, ...,  0.09969447,
          0.        , -0.06548569],
        [-0.76366818, -0.45217819, -0.52576088, ...,  0.16463993,
          0.06548569,  0.        ]],

       [[ 0.        ,  0.        , -0.04607881, ...,  0.49626509,
          0.41072959,  0.17393298],
        [ 0.        ,  0.        , -0.04607881, ...,  0.49626509,
          0.41072959,  0.17393298],
        [ 0.04607881,  0.04607881,  0.        , ...,  0.45573367,
          0.36828063,  0.12837177],
        ...,
        [-0.49626509, -0.49626509, -0.45573367, ...,  0.        ,
          0.09588974,  0.3376972 ],
        [-0.41072959, -0.41072959, -0.36828063, ..., -0.09588974,
          0.        ,  0.2458844 ],
        [-0.17393298, -0.17393298, -0.12837177, ..., -0.3376972 ,
         -0.2458844 ,  0.        ]],

       [[ 0.        ,  0.        ,  0.01508747, ...,  0.52775297,
          0.3962081 ,  0.28780053],
        [ 0.        ,  0.        ,  0.01508747, ...,  0.52775297,
          0.3962081 ,  0.28780053],
        [-0.01508747, -0.01508747,  0.        , ...,  0.54050816,
          0.41001573,  0.3022169 ],
        ...,
        [-0.52775297, -0.52775297, -0.54050816, ...,  0.        ,
          0.14802372,  0.26096677],
        [-0.3962081 , -0.3962081 , -0.41001573, ..., -0.14802372,
          0.        ,  0.11519754],
        [-0.28780053, -0.28780053, -0.3022169 , ..., -0.26096677,
         -0.11519754,  0.        ]]]), 'num': array([6.96486824e-01, 6.96486824e-01, 0.00000000e+00, 0.00000000e+00,
       4.96999240e-03, 5.07317563e-03, 4.83241475e-03, 1.72134483e-01,
       1.28979041e-04, 4.88228665e-03, 4.68924802e-03, 4.24878459e-03,
       5.68617279e-06, 5.05378314e-03, 4.32471289e-03])}
{'img': array([[[ 0.        ,  0.01701407, -0.01777703, ...,  0.86773257,
          0.84595044,  0.36885442],
        [-0.01701407,  0.        , -0.03478584, ...,  0.87606349,
          0.85490094,  0.38461538],
        [ 0.01777703,  0.03478584,  0.        , ...,  0.85875971,
          0.83633695,  0.35227261],
        ...,
        [-0.86773257, -0.87606349, -0.85875971, ...,  0.        ,
          0.04226448,  0.62321408],
        [-0.84595044, -0.85490094, -0.83633695, ..., -0.04226448,
          0.        ,  0.58960422],
        [-0.36885442, -0.38461538, -0.35227261, ..., -0.62321408,
         -0.58960422,  0.        ]],

       [[ 0.        , -0.56946148, -0.65760573, ..., -0.32465381,
         -0.36974305,  0.4228245 ],
        [ 0.56946148,  0.        , -0.11155297, ...,  0.27174413,
          0.2251706 ,  0.86362195],
        [ 0.65760573,  0.11155297,  0.        , ...,  0.37740321,
          0.33245341,  0.91446995],
        ...,
        [ 0.32465381, -0.27174413, -0.37740321, ...,  0.        ,
         -0.04806824,  0.69412637],
        [ 0.36974305, -0.2251706 , -0.33245341, ...,  0.04806824,
          0.        ,  0.72792607],
        [-0.4228245 , -0.86362195, -0.91446995, ..., -0.69412637,
         -0.72792607,  0.        ]],

       [[ 0.        ,  0.35400682,  0.52385781, ...,  0.        ,
          0.23247346,  0.12201692],
        [-0.35400682,  0.        ,  0.18838922, ...,  0.35400682,
          0.56172715,  0.46547715],
        [-0.52385781, -0.18838922,  0.        , ...,  0.52385781,
          0.70752776,  0.62387827],
        ...,
        [-0.        , -0.35400682, -0.52385781, ...,  0.        ,
         -0.23247346, -0.12201692],
        [-0.23247346, -0.56172715, -0.70752776, ...,  0.23247346,
          0.        ,  0.11206243],
        [-0.12201692, -0.46547715, -0.62387827, ...,  0.12201692,
         -0.11206243,  0.        ]],

       ...,

       [[ 0.        , -0.08430323,  0.27019298, ...,  0.50961609,
          0.45217819,  0.4874222 ],
        [ 0.08430323,  0.        ,  0.3503988 , ...,  0.58033659,
          0.52576088,  0.55929779],
        [-0.27019298, -0.3503988 ,  0.        , ...,  0.25818697,
          0.19436738,  0.23336967],
        ...,
        [-0.50961609, -0.58033659, -0.25818697, ...,  0.        ,
         -0.06548569, -0.02560067],
        [-0.45217819, -0.52576088, -0.19436738, ...,  0.06548569,
          0.        ,  0.03991851],
        [-0.4874222 , -0.55929779, -0.23336967, ...,  0.02560067,
         -0.03991851,  0.        ]],

       [[ 0.        , -0.04537056, -0.17129281, ...,  0.56530504,
          0.49894169,  0.17129281],
        [ 0.04537056,  0.        , -0.12641643, ...,  0.52729755,
          0.45910815,  0.12641643],
        [ 0.17129281,  0.12641643,  0.        , ...,  0.41565358,
          0.34311897,  0.        ],
        ...,
        [-0.56530504, -0.52729755, -0.41565358, ...,  0.        ,
          0.07834546,  0.41565358],
        [-0.49894169, -0.45910815, -0.34311897, ..., -0.07834546,
          0.        ,  0.34311897],
        [-0.17129281, -0.12641643, -0.        , ..., -0.41565358,
         -0.34311897,  0.        ]],

       [[ 0.        ,  0.01508747,  0.03194939, ...,  0.3962081 ,
          0.28780053,  0.41694846],
        [-0.01508747,  0.        ,  0.01686598, ...,  0.41001573,
          0.3022169 ,  0.43061446],
        [-0.03194939, -0.01686598,  0.        , ...,  0.42534051,
          0.31825123,  0.44577537],
        ...,
        [-0.3962081 , -0.41001573, -0.42534051, ...,  0.        ,
          0.11519754, -0.02270022],
        [-0.28780053, -0.3022169 , -0.31825123, ..., -0.11519754,
          0.        , -0.13771695],
        [-0.41694846, -0.43061446, -0.44577537, ...,  0.02270022,
          0.13771695,  0.        ]]]), 'num': array([ 7.05466881e-01,  7.05466881e-01,  0.00000000e+00,  0.00000000e+00,
        4.95568710e-03,  5.05149124e-03,  4.93826816e-03,  6.66866520e-02,
       -7.83852090e-05,  4.93652627e-03,  4.76190144e-03,  4.32410554e-03,
        5.62343581e-06,  5.14129349e-03,  4.38250939e-03])}
{'img': array([[[ 0.        , -0.03478584, -0.11628065, ...,  0.85490094,
          0.38461538,  0.77068718],
        [ 0.03478584,  0.        , -0.08166041, ...,  0.83633695,
          0.35227261,  0.74805474],
        [ 0.11628065,  0.08166041,  0.        , ...,  0.78877624,
          0.27467032,  0.69136353],
        ...,
        [-0.85490094, -0.83633695, -0.78877624, ...,  0.        ,
          0.58960422,  0.14492878],
        [-0.38461538, -0.35227261, -0.27467032, ..., -0.58960422,
          0.        , -0.46632137],
        [-0.77068718, -0.74805474, -0.69136353, ..., -0.14492878,
          0.46632137,  0.        ]],

       [[ 0.        , -0.11155297, -0.42611493, ...,  0.2251706 ,
          0.86362195,  0.13281705],
        [ 0.11155297,  0.        , -0.32253681, ...,  0.33245341,
          0.91446995,  0.24255275],
        [ 0.42611493,  0.32253681,  0.        , ...,  0.61887689,
          0.99611361,  0.54249527],
        ...,
        [-0.2251706 , -0.33245341, -0.61887689, ...,  0.        ,
          0.72792607, -0.09376949],
        [-0.86362195, -0.91446995, -0.99611361, ..., -0.72792607,
          0.        , -0.78901236],
        [-0.13281705, -0.24255275, -0.54249527, ...,  0.09376949,
          0.78901236,  0.        ]],

       [[ 0.        ,  0.40622988,  0.53591358, ...,  0.23627605,
          0.12403381,  0.20189108],
        [-0.40622988,  0.        ,  0.14673338, ...,  0.61063006,
          0.51643146,  0.58234699],
        [-0.53591358, -0.14673338,  0.        , ...,  0.72022116,
          0.63649363,  0.6953292 ],
        ...,
        [-0.23627605, -0.61063006, -0.72022116, ...,  0.        ,
          0.11392961,  0.03523592],
        [-0.12403381, -0.51643146, -0.63649363, ..., -0.11392961,
          0.        , -0.07885238],
        [-0.20189108, -0.58234699, -0.6953292 , ..., -0.03523592,
          0.07885238,  0.        ]],

       ...,

       [[ 0.        ,  0.3503988 ,  0.0548639 , ...,  0.52576088,
          0.55929779,  0.49625827],
        [-0.3503988 ,  0.        , -0.29848548, ...,  0.19436738,
          0.23336967,  0.16058833],
        [-0.0548639 ,  0.29848548,  0.        , ...,  0.47829999,
          0.51297505,  0.44787936],
        ...,
        [-0.52576088, -0.19436738, -0.47829999, ...,  0.        ,
          0.03991851, -0.03431906],
        [-0.55929779, -0.23336967, -0.51297505, ..., -0.03991851,
          0.        , -0.0741867 ],
        [-0.49625827, -0.16058833, -0.44787936, ...,  0.03431906,
          0.0741867 ,  0.        ]],

       [[ 0.        , -0.12538145, -0.03246361, ...,  0.53043617,
          0.37307532,  0.12538145],
        [ 0.12538145,  0.        ,  0.09310793, ...,  0.41996132,
          0.25380219,  0.        ],
        [ 0.03246361, -0.09310793,  0.        , ...,  0.50263638,
          0.3427589 ,  0.09310793],
        ...,
        [-0.53043617, -0.41996132, -0.50263638, ...,  0.        ,
          0.17587402,  0.41996132],
        [-0.37307532, -0.25380219, -0.3427589 , ..., -0.17587402,
          0.        ,  0.25380219],
        [-0.12538145, -0.        , -0.09310793, ..., -0.41996132,
         -0.25380219,  0.        ]],

       [[ 0.        ,  0.01686598,  0.00953531, ...,  0.3022169 ,
          0.43061446,  0.40201056],
        [-0.01686598,  0.        , -0.00733126, ...,  0.31825123,
          0.44577537,  0.41739647],
        [-0.00953531,  0.00733126,  0.        , ...,  0.3112926 ,
          0.43920085,  0.41072315],
        ...,
        [-0.3022169 , -0.31825123, -0.3112926 , ...,  0.        ,
         -0.13771695, -0.10649184],
        [-0.43061446, -0.44577537, -0.43920085, ...,  0.13771695,
          0.        ,  0.03145669],
        [-0.40201056, -0.41739647, -0.41072315, ...,  0.10649184,
         -0.03145669,  0.        ]]]), 'num': array([ 7.01989815e-01,  7.01989815e-01,  0.00000000e+00,  0.00000000e+00,
        4.83592984e-03,  4.91392871e-03,  4.78393059e-03,  1.19328822e-01,
       -9.53319502e-05,  4.90352886e-03,  4.75446435e-03,  4.32157064e-03,
        5.38376028e-06,  5.11975263e-03,  4.38917608e-03])}
{'img': array([[[ 0.        , -0.08166041, -0.35227261, ...,  0.35227261,
          0.74805474,  0.88772115],
        [ 0.08166041,  0.        , -0.27467032, ...,  0.27467032,
          0.69136353,  0.84716141],
        [ 0.35227261,  0.27467032,  0.        , ...,  0.        ,
          0.46632137,  0.66863614],
        ...,
        [-0.35227261, -0.27467032, -0.        , ...,  0.        ,
         -0.46632137, -0.66863614],
        [-0.74805474, -0.69136353, -0.46632137, ...,  0.46632137,
          0.        , -0.24473403],
        [-0.88772115, -0.84716141, -0.66863614, ...,  0.66863614,
          0.24473403,  0.        ]],

       [[ 0.        , -0.32253681, -0.12131285, ...,  0.91446995,
          0.24255275,  0.68533656],
        [ 0.32253681,  0.        ,  0.20532514, ...,  0.99611361,
          0.54249527,  0.88358991],
        [ 0.12131285, -0.20532514,  0.        , ...,  0.95680568,
          0.35845156,  0.76861812],
        ...,
        [-0.91446995, -0.99611361, -0.95680568, ...,  0.        ,
         -0.78901236, -0.38861718],
        [-0.24255275, -0.54249527, -0.35845156, ...,  0.78901236,
          0.        ,  0.48823786],
        [-0.68533656, -0.88358991, -0.76861812, ...,  0.38861718,
         -0.48823786,  0.        ]],

       [[ 0.        ,  0.37414419,  0.39978114, ...,  0.12678626,
          0.20634092,  0.2621385 ],
        [-0.37414419,  0.        ,  0.02780072, ...,  0.48870271,
          0.55744715,  0.60415999],
        [-0.39978114, -0.02780072,  0.        , ...,  0.51276856,
          0.58031219,  0.62607983],
        ...,
        [-0.12678626, -0.48870271, -0.51276856, ...,  0.        ,
         -0.08061792, -0.13767048],
        [-0.20634092, -0.55744715, -0.58031219, ...,  0.08061792,
          0.        , -0.05737209],
        [-0.2621385 , -0.60415999, -0.62607983, ...,  0.13767048,
          0.05737209,  0.        ]],

       ...,

       [[ 0.        , -0.29848548,  0.20810868, ...,  0.23336967,
          0.16058833,  0.04461939],
        [ 0.29848548,  0.        ,  0.49057223, ...,  0.51297505,
          0.44787936,  0.34077359],
        [-0.20810868, -0.49057223,  0.        , ...,  0.02589781,
         -0.04833537, -0.16425893],
        ...,
        [-0.23336967, -0.51297505, -0.02589781, ...,  0.        ,
         -0.0741867 , -0.18974988],
        [-0.16058833, -0.44787936,  0.04833537, ...,  0.0741867 ,
          0.        , -0.1163881 ],
        [-0.04461939, -0.34077359,  0.16425893, ...,  0.18974988,
          0.1163881 ,  0.        ]],

       [[ 0.        ,  0.09297828,  0.18790841, ...,  0.27386048,
          0.10547493,  0.        ],
        [-0.09297828,  0.        ,  0.09577239, ...,  0.36209783,
          0.19747768,  0.09297828],
        [-0.18790841, -0.09577239,  0.        , ...,  0.44970665,
          0.29045631,  0.18790841],
        ...,
        [-0.27386048, -0.36209783, -0.44970665, ...,  0.        ,
          0.17089031,  0.27386048],
        [-0.10547493, -0.19747768, -0.29045631, ..., -0.17089031,
          0.        ,  0.10547493],
        [-0.        , -0.09297828, -0.18790841, ..., -0.27386048,
         -0.10547493,  0.        ]],

       [[ 0.        , -0.00724279, -0.01300546, ...,  0.61039874,
          0.60120648,  0.31460493],
        [ 0.00724279,  0.        , -0.00576294, ...,  0.60464576,
          0.59540304,  0.30772166],
        [ 0.01300546,  0.00576294,  0.        , ...,  0.60004556,
          0.59076305,  0.30223324],
        ...,
        [-0.61039874, -0.60464576, -0.60004556, ...,  0.        ,
          0.01155357,  0.33020757],
        [-0.60120648, -0.59540304, -0.59076305, ..., -0.01155357,
          0.        ,  0.31928002],
        [-0.31460493, -0.30772166, -0.30223324, ..., -0.33020757,
         -0.31928002,  0.        ]]]), 'num': array([ 7.04797370e-01,  7.04797370e-01,  0.00000000e+00,  0.00000000e+00,
        4.83786837e-03,  4.87267317e-03,  4.78566115e-03,  7.96180875e-02,
       -1.74024042e-05,  4.91443894e-03,  4.79131693e-03,  4.35756201e-03,
        5.16633875e-06,  5.13332067e-03,  4.44931320e-03])}
{'img': array([[[ 0.        , -0.27467032,  0.16314183, ...,  0.69136353,
          0.84716141,  0.86652228],
        [ 0.27467032,  0.        ,  0.42785761, ...,  0.46632137,
          0.66863614,  0.696096  ],
        [-0.16314183, -0.42785761,  0.        , ...,  0.7999722 ,
          0.92249473,  0.93634351],
        ...,
        [-0.69136353, -0.46632137, -0.7999722 , ...,  0.        ,
         -0.24473403, -0.2809824 ],
        [-0.84716141, -0.66863614, -0.92249473, ...,  0.24473403,
          0.        , -0.03756338],
        [-0.86652228, -0.696096  , -0.93634351, ...,  0.2809824 ,
          0.03756338,  0.        ]],

       [[ 0.        ,  0.20532514,  0.38139123, ...,  0.54249527,
          0.88358991,  0.6623286 ],
        [-0.20532514,  0.        ,  0.18345986, ...,  0.35845156,
          0.76861812,  0.49438455],
        [-0.38139123, -0.18345986,  0.        , ...,  0.18109899,
          0.6382118 ,  0.3265222 ],
        ...,
        [-0.54249527, -0.35845156, -0.18109899, ...,  0.        ,
          0.48823786,  0.14995024],
        [-0.88358991, -0.76861812, -0.6382118 , ..., -0.48823786,
          0.        , -0.35185446],
        [-0.6623286 , -0.49438455, -0.3265222 , ..., -0.14995024,
          0.35185446,  0.        ]],

       [[ 0.        ,  0.14901714,  0.18225165, ...,  0.21014967,
          0.26694238,  0.31299202],
        [-0.14901714,  0.        ,  0.03369535, ...,  0.35349275,
          0.40757155,  0.45102723],
        [-0.18225165, -0.03369535,  0.        , ...,  0.3848119 ,
          0.4381098 ,  0.48084455],
        ...,
        [-0.21014967, -0.35349275, -0.3848119 , ...,  0.        ,
         -0.05845748, -0.1064118 ],
        [-0.26694238, -0.40757155, -0.4381098 , ...,  0.05845748,
          0.        , -0.04810425],
        [-0.31299202, -0.45102723, -0.48084455, ...,  0.1064118 ,
          0.04810425,  0.        ]],

       ...,

       [[ 0.        ,  0.49057223,  0.58281692, ...,  0.44787936,
          0.34077359,  0.21272504],
        [-0.49057223,  0.        ,  0.10922626, ..., -0.04833537,
         -0.16425893, -0.29397534],
        [-0.58281692, -0.10922626,  0.        , ..., -0.15714478,
         -0.27101883, -0.39661635],
        ...,
        [-0.44787936,  0.04833537,  0.15714478, ...,  0.        ,
         -0.1163881 , -0.24743216],
        [-0.34077359,  0.16425893,  0.27101883, ...,  0.1163881 ,
          0.        , -0.13298153],
        [-0.21272504,  0.29397534,  0.39661635, ...,  0.24743216,
          0.13298153,  0.        ]],

       [[ 0.        ,  0.16382658,  0.25633496, ...,  0.10558902,
          0.        ,  0.1419337 ],
        [-0.16382658,  0.        ,  0.09451885, ...,  0.26707319,
          0.16382658,  0.30218408],
        [-0.25633496, -0.09451885,  0.        , ...,  0.3569631 ,
          0.25633496,  0.39093129],
        ...,
        [-0.10558902, -0.26707319, -0.3569631 , ...,  0.        ,
          0.10558902, -0.03662022],
        [-0.        , -0.16382658, -0.25633496, ..., -0.10558902,
          0.        , -0.1419337 ],
        [-0.1419337 , -0.30218408, -0.39093129, ...,  0.03662022,
          0.1419337 ,  0.        ]],

       [[ 0.        , -0.00565042, -0.03925579, ...,  0.72707915,
          0.64271081,  0.30199411],
        [ 0.00565042,  0.        , -0.0336091 , ...,  0.72318822,
          0.63837172,  0.29660269],
        [ 0.03925579,  0.0336091 ,  0.        , ...,  0.6995675 ,
          0.6121412 ,  0.26433841],
        ...,
        [-0.72707915, -0.72318822, -0.6995675 , ...,  0.        ,
          0.11576633,  0.4857965 ],
        [-0.64271081, -0.63837172, -0.6121412 , ..., -0.11576633,
          0.        ,  0.38134214],
        [-0.30199411, -0.29660269, -0.26433841, ..., -0.4857965 ,
         -0.38134214,  0.        ]]]), 'num': array([7.05974801e-01, 7.05974801e-01, 0.00000000e+00, 0.00000000e+00,
       4.85466622e-03, 4.89824491e-03, 4.80237179e-03, 5.49127246e-02,
       8.71573828e-06, 4.91219010e-03, 4.81588119e-03, 4.38401636e-03,
       5.68738854e-06, 5.13471404e-03, 4.49704833e-03])}
{'img': array([[[ 0.        ,  0.42785761,  0.5120186 , ...,  0.66863614,
          0.696096  ,  0.68262459],
        [-0.42785761,  0.        ,  0.09526733, ...,  0.92249473,
          0.93634351,  0.92965278],
        [-0.5120186 , -0.09526733,  0.        , ...,  0.95507309,
          0.96553171,  0.96052446],
        ...,
        [-0.66863614, -0.92249473, -0.95507309, ...,  0.        ,
         -0.03756338, -0.01897392],
        [-0.696096  , -0.93634351, -0.96553171, ...,  0.03756338,
          0.        ,  0.01859609],
        [-0.68262459, -0.92965278, -0.96052446, ...,  0.01897392,
         -0.01859609,  0.        ]],

       [[ 0.        ,  0.32667877,  0.96485518, ...,  0.87502845,
          0.64039149,  0.33202845],
        [-0.32667877,  0.        ,  0.82607345, ...,  0.66888451,
          0.35435149,  0.00566577],
        [-0.96485518, -0.82607345,  0.        , ..., -0.23711699,
         -0.57277225, -0.82286717],
        ...,
        [-0.87502845, -0.66888451,  0.23711699, ...,  0.        ,
         -0.36206917, -0.66466203],
        [-0.64039149, -0.35435149,  0.57277225, ...,  0.36206917,
          0.        , -0.34904767],
        [-0.33202845, -0.00566577,  0.82286717, ...,  0.66466203,
          0.34904767,  0.        ]],

       [[ 0.        ,  0.10581376,  0.19726165, ...,  0.26767676,
          0.31384666,  0.36083007],
        [-0.10581376,  0.        ,  0.0924196 , ...,  0.3681265 ,
          0.41255209,  0.45748961],
        [-0.19726165, -0.0924196 ,  0.        , ...,  0.45248047,
          0.49497459,  0.53771252],
        ...,
        [-0.26767676, -0.3681265 , -0.45248047, ...,  0.        ,
         -0.04824197, -0.09801914],
        [-0.31384666, -0.41255209, -0.49497459, ...,  0.04824197,
          0.        , -0.04989535],
        [-0.36083007, -0.45748961, -0.53771252, ...,  0.09801914,
          0.04989535,  0.        ]],

       ...,

       [[ 0.        ,  0.10922626,  0.12757165, ..., -0.16425893,
         -0.29397534, -0.01569194],
        [-0.10922626,  0.        ,  0.01847456, ..., -0.27101883,
         -0.39661635, -0.12481087],
        [-0.12757165, -0.01847456,  0.        , ..., -0.28875571,
         -0.41350801, -0.14311966],
        ...,
        [ 0.16425893,  0.27101883,  0.28875571, ...,  0.        ,
         -0.13298153,  0.14875991],
        [ 0.29397534,  0.39661635,  0.41350801, ...,  0.13298153,
          0.        ,  0.27894059],
        [ 0.01569194,  0.12481087,  0.14311966, ..., -0.14875991,
         -0.27894059,  0.        ]],

       [[ 0.        ,  0.19917714,  0.32736189, ...,  0.        ,
          0.14241309,  0.20276436],
        [-0.19917714,  0.        ,  0.13260042, ...,  0.19917714,
          0.33670662,  0.39374141],
        [-0.32736189, -0.13260042,  0.        , ...,  0.32736189,
          0.45859119,  0.51215363],
        ...,
        [-0.        , -0.19917714, -0.32736189, ...,  0.        ,
         -0.14241309, -0.20276436],
        [-0.14241309, -0.33670662, -0.45859119, ...,  0.14241309,
          0.        , -0.06124282],
        [-0.20276436, -0.39374141, -0.51215363, ...,  0.20276436,
          0.06124282,  0.        ]],

       [[ 0.        , -0.03301333, -0.08583518, ...,  0.74136131,
          0.62047099,  0.29156164],
        [ 0.03301333,  0.        , -0.0528969 , ...,  0.71880175,
          0.59424276,  0.25982375],
        [ 0.08583518,  0.0528969 ,  0.        , ...,  0.68102069,
          0.55086658,  0.20837978],
        ...,
        [-0.74136131, -0.71880175, -0.68102069, ...,  0.        ,
          0.16499546,  0.51348187],
        [-0.62047099, -0.59424276, -0.55086658, ..., -0.16499546,
          0.        ,  0.36486158],
        [-0.29156164, -0.25982375, -0.20837978, ..., -0.51348187,
         -0.36486158,  0.        ]]]), 'num': array([ 7.01787177e-01,  7.01787177e-01,  0.00000000e+00,  0.00000000e+00,
        4.70457330e-03,  4.82586985e-03,  4.68724522e-03,  1.21698647e-01,
       -1.21296549e-04,  4.82240423e-03,  4.79467930e-03,  4.37548421e-03,
        4.82111860e-06,  5.09637702e-03,  4.49298158e-03])}
{'img': array([[[ 0.        ,  0.30340418,  0.11585623, ...,  0.71049356,
          0.6968965 ,  0.84885888],
        [-0.30340418,  0.        , -0.19096606, ...,  0.89050893,
          0.88163906,  0.9692307 ],
        [-0.11585623,  0.19096606,  0.        , ...,  0.78723755,
          0.7752924 ,  0.90438652],
        ...,
        [-0.71049356, -0.89050893, -0.78723755, ...,  0.        ,
          0.01913724, -0.22176437],
        [-0.6968965 , -0.88163906, -0.7752924 , ..., -0.01913724,
          0.        , -0.24038448],
        [-0.84885888, -0.9692307 , -0.90438652, ...,  0.22176437,
          0.24038448,  0.        ]],

       [[ 0.        ,  0.86350456, -0.03702023, ...,  0.40142446,
          0.00764324,  0.72953176],
        [-0.86350456,  0.        , -0.88158346, ..., -0.5884222 ,
         -0.85962454, -0.2226585 ],
        [ 0.03702023,  0.88158346,  0.        , ...,  0.43505583,
          0.04465714,  0.75435155],
        ...,
        [-0.40142446,  0.5884222 , -0.43505583, ...,  0.        ,
         -0.39441236,  0.39361936],
        [-0.00764324,  0.85962454, -0.04465714, ...,  0.39441236,
          0.        ,  0.72428288],
        [-0.72953176,  0.2226585 , -0.75435155, ..., -0.39361936,
         -0.72428288,  0.        ]],

       [[ 0.        ,  0.16718581,  0.21102508, ...,  0.31427661,
          0.36131984,  0.55188568],
        [-0.16718581,  0.        ,  0.04463409, ...,  0.46856804,
          0.51212547,  0.68353767],
        [-0.21102508, -0.04463409,  0.        , ...,  0.50753205,
          0.54995178,  0.71543556],
        ...,
        [-0.31427661, -0.46856804, -0.50753205, ...,  0.        ,
         -0.0499676 , -0.26184096],
        [-0.36131984, -0.51212547, -0.54995178, ...,  0.0499676 ,
          0.        , -0.2132896 ],
        [-0.55188568, -0.68353767, -0.71543556, ...,  0.26184096,
          0.2132896 ,  0.        ]],

       ...,

       [[ 0.        ,  0.01847456,  0.03827586, ..., -0.39661635,
         -0.12481087, -0.56295235],
        [-0.01847456,  0.        ,  0.01980831, ..., -0.41350801,
         -0.14311966, -0.5781253 ],
        [-0.03827586, -0.01980831,  0.        , ..., -0.43146236,
         -0.16269597, -0.59417442],
        ...,
        [ 0.39661635,  0.41350801,  0.43146236, ...,  0.        ,
          0.27894059, -0.18898232],
        [ 0.12481087,  0.14311966,  0.16269597, ..., -0.27894059,
          0.        , -0.45539552],
        [ 0.56295235,  0.5781253 ,  0.59417442, ...,  0.18898232,
          0.45539552,  0.        ]],

       [[ 0.        ,  0.26378795,  0.33039164, ...,  0.14312815,
          0.20377691,  0.25392752],
        [-0.26378795,  0.        ,  0.06971475, ...,  0.39913069,
          0.45481225,  0.50007542],
        [-0.33039164, -0.06971475,  0.        , ...,  0.46208062,
          0.51579275,  0.55923043],
        ...,
        [-0.14312815, -0.39913069, -0.46208062, ...,  0.        ,
         -0.06155391, -0.11287624],
        [-0.20377691, -0.45481225, -0.51579275, ...,  0.06155391,
          0.        , -0.05150169],
        [-0.25392752, -0.50007542, -0.55923043, ...,  0.11287624,
          0.05150169,  0.        ]],

       [[ 0.        , -0.05238322, -0.08696673, ...,  0.66270469,
          0.51195206,  0.25737593],
        [ 0.05238322,  0.        , -0.03466258, ...,  0.62256604,
          0.46625126,  0.20640406],
        [ 0.08696673,  0.03466258,  0.        , ...,  0.59506613,
          0.43530675,  0.17236385],
        ...,
        [-0.66270469, -0.62256604, -0.59506613, ...,  0.        ,
          0.18588153,  0.44763517],
        [-0.51195206, -0.46625126, -0.43530675, ..., -0.18588153,
          0.        ,  0.27361556],
        [-0.25737593, -0.20640406, -0.17236385, ..., -0.44763517,
         -0.27361556,  0.        ]]]), 'num': array([7.05065699e-01, 7.05065699e-01, 0.00000000e+00, 0.00000000e+00,
       4.73525605e-03, 4.78748314e-03, 4.71784702e-03, 7.47310450e-02,
       8.70451480e-06, 4.80141036e-03, 4.81968984e-03, 4.41253616e-03,
       3.44354432e-06, 5.11900873e-03, 4.52037095e-03])}
{'img': array([[[ 0.        , -0.28184667,  0.13612489, ...,  0.87144924,
          0.96393602,  0.95956003],
        [ 0.28184667,  0.        ,  0.40982946, ...,  0.69787845,
          0.84984852,  0.84131797],
        [-0.13612489, -0.40982946,  0.        , ...,  0.93010482,
          0.99119087,  0.98894786],
        ...,
        [-0.87144924, -0.69787845, -0.93010482, ...,  0.        ,
         -0.24087449, -0.22533398],
        [-0.96393602, -0.84984852, -0.99119087, ...,  0.24087449,
          0.        ,  0.01598027],
        [-0.95956003, -0.84131797, -0.98894786, ...,  0.22533398,
         -0.01598027,  0.        ]],

       [[ 0.        , -0.88158346, -0.72707224, ..., -0.85962454,
         -0.2226585 , -0.63567861],
        [ 0.88158346,  0.        ,  0.26206221, ...,  0.04465714,
          0.75435155,  0.38048351],
        [ 0.72707224, -0.26206221,  0.        , ..., -0.21870435,
          0.55595154,  0.12483407],
        ...,
        [ 0.85962454, -0.04465714,  0.21870435, ...,  0.        ,
          0.72428288,  0.33880555],
        [ 0.2226585 , -0.75435155, -0.55595154, ..., -0.72428288,
          0.        , -0.44783877],
        [ 0.63567861, -0.38048351, -0.12483407, ..., -0.33880555,
          0.44783877,  0.        ]],

       [[ 0.        ,  0.13014179,  0.28376315, ...,  0.36255302,
          0.55366013,  0.64772877],
        [-0.13014179,  0.        ,  0.15655763, ...,  0.480757  ,
          0.65732609,  0.74137135],
        [-0.28376315, -0.15655763,  0.        , ...,  0.61210686,
          0.7672033 ,  0.83729441],
        ...,
        [-0.36255302, -0.480757  , -0.61210686, ...,  0.        ,
         -0.21407744, -0.3274407 ],
        [-0.55366013, -0.65732609, -0.7672033 , ...,  0.21407744,
          0.        , -0.11757383],
        [-0.64772877, -0.74137135, -0.83729441, ...,  0.3274407 ,
          0.11757383,  0.        ]],

       ...,

       [[ 0.        ,  0.01823467,  0.47755837, ..., -0.13106159,
         -0.52270938, -0.97210776],
        [-0.01823467,  0.        ,  0.46145799, ..., -0.14911718,
         -0.53816773, -0.96766947],
        [-0.47755837, -0.46145799,  0.        , ..., -0.58858978,
         -0.86637621, -0.74208992],
        ...,
        [ 0.13106159,  0.14911718,  0.58858978, ...,  0.        ,
         -0.40646917, -0.99446106],
        [ 0.52270938,  0.53816773,  0.86637621, ...,  0.40646917,
          0.        , -0.95132596],
        [ 0.97210776,  0.96766947,  0.74208992, ...,  0.99446106,
          0.95132596,  0.        ]],

       [[ 0.        ,  0.2043908 ,  0.35320597, ...,  0.20558599,
          0.25616783,  0.26281118],
        [-0.2043908 ,  0.        ,  0.15453266, ...,  0.40127076,
          0.44833072,  0.45446897],
        [-0.35320597, -0.15453266,  0.        , ...,  0.53799622,
          0.58107699,  0.58666165],
        ...,
        [-0.20558599, -0.40127076, -0.53799622, ...,  0.        ,
         -0.05196979, -0.0588382 ],
        [-0.25616783, -0.44833072, -0.58107699, ...,  0.05196979,
          0.        , -0.00687894],
        [-0.26281118, -0.45446897, -0.58666165, ...,  0.0588382 ,
          0.00687894,  0.        ]],

       [[ 0.        , -0.03456897, -0.04173984, ...,  0.49735866,
          0.34638866,  0.20585748],
        [ 0.03456897,  0.        , -0.00717605, ...,  0.46707126,
          0.31375278,  0.17190587],
        [ 0.04173984,  0.00717605,  0.        , ...,  0.46071403,
          0.30693101,  0.16483222],
        ...,
        [-0.49735866, -0.46707126, -0.46071403, ...,  0.        ,
          0.16605998,  0.3081156 ],
        [-0.34638866, -0.31375278, -0.30693101, ..., -0.16605998,
          0.        ,  0.14585663],
        [-0.20585748, -0.17190587, -0.16483222, ..., -0.3081156 ,
         -0.14585663,  0.        ]]]), 'num': array([7.06227967e-01, 7.06227967e-01, 0.00000000e+00, 0.00000000e+00,
       4.76921849e-03, 4.76921849e-03, 4.68202985e-03, 4.79979555e-02,
       2.61565914e-05, 4.79014376e-03, 4.83417403e-03, 4.43637587e-03,
       3.69604008e-06, 5.12268675e-03, 4.54566130e-03])}
{'img': array([[[ 0.        ,  0.40982946,  0.51346906, ...,  0.84984852,
          0.84131797,  0.81384567],
        [-0.40982946,  0.        ,  0.11668906, ...,  0.99119087,
          0.98894786,  0.98050338],
        [-0.51346906, -0.11668906,  0.        , ...,  0.99987398,
          0.99949261,  0.99673473],
        ...,
        [-0.84984852, -0.99119087, -0.99987398, ...,  0.        ,
          0.01598027,  0.06491223],
        [-0.84131797, -0.98894786, -0.99949261, ..., -0.01598027,
          0.        ,  0.04895738],
        [-0.81384567, -0.98050338, -0.99673473, ..., -0.06491223,
