state_0,state_1,state_2,state_3,state_4,state_5,state_6,state_7,state_8,state_9,state_10,state_11,state_12,state_13,state_14,state_15,state_16,state_17,state_18,state_19,state_20,state_21,state_22,state_23,state_24,state_25,state_26,state_27,state_28,state_29,state_30,state_31,state_32,state_33,state_34,state_35,state_36,state_37,state_38,state_39,state_40,state_41,state_42,state_43,state_44,state_45,state_46,state_47,state_48,state_49,state_50,state_51,state_52,state_53,state_54,state_55,state_56,state_57,state_58,state_59,state_60,state_61,state_62,state_63,state_64,state_65,state_66,state_67,state_68,state_69,state_70,state_71,state_72,state_73,state_74,state_75,state_76,state_77,state_78,state_79,state_80,state_81,state_82,state_83,state_84,state_85,state_86,state_87,state_88,state_89,state_90,state_91,state_92,state_93,state_94,state_95,state_96,state_97,state_98,state_99,state_100,state_101,state_102,state_103,state_104,state_105,state_106,state_107,state_108,state_109,state_110,state_111,state_112,state_113,state_114,state_115,state_116,state_117,state_118,state_119,state_120,state_121,state_122,state_123,state_124,state_125,state_126,state_127,state_128,state_129,state_130,state_131,state_132,state_133,state_134,state_135,state_136,state_137,state_138,state_139,state_140,state_141,state_142,state_143,state_144,state_145,state_146,state_147,state_148,state_149,state_150,state_151,state_152,state_153,state_154,state_155,state_156,state_157,state_158,state_159,state_160,state_161,state_162,state_163,state_164,state_165,state_166,state_167,state_168,state_169,state_170,state_171,state_172,state_173,state_174,state_175,state_176,state_177,state_178,state_179,state_180,state_181,state_182,state_183,state_184,state_185,state_186,state_187,state_188,state_189,state_190,state_191,state_192,state_193,state_194,state_195,state_196,state_197,state_198,state_199,state_200,state_201,state_202,state_203,state_204,state_205,state_206,state_207,state_208,state_209,state_210,state_211,state_212,state_213,state_214,state_215,state_216,state_217,state_218,state_219,state_220,state_221,state_222,state_223,state_224,state_225,state_226,state_227,state_228,state_229,state_230,state_231,state_232,state_233,state_234,state_235,state_236,state_237,state_238,state_239,state_240,state_241,state_242,state_243,state_244,state_245,state_246,state_247,state_248,state_249,state_250,state_251,state_252,state_253,state_254,state_255,state_256,state_257,state_258,state_259,state_260,state_261,state_262,state_263,state_264,state_265,state_266,state_267,state_268,state_269,state_270,state_271,state_272,state_273,state_274,state_275,state_276,state_277,state_278,state_279,state_280,state_281,state_282,state_283,state_284,state_285,state_286,state_287
{'img': array([[[ 0.        ,  0.43796936, -0.36542985, ..., -0.95497   ,
         -0.93508275, -0.93508275],
        [-0.43796936,  0.        , -0.73619665, ..., -0.98845494,
         -0.9958592 , -0.9958592 ],
        [ 0.36542985,  0.73619665,  0.        , ..., -0.7804993 ,
         -0.74089228, -0.74089228],
        ...,
        [ 0.95497   ,  0.98845494,  0.7804993 , ...,  0.        ,
          0.06102822,  0.06102822],
        [ 0.93508275,  0.9958592 ,  0.74089228, ..., -0.06102822,
          0.        ,  0.        ],
        [ 0.93508275,  0.9958592 ,  0.74089228, ..., -0.06102822,
          0.        ,  0.        ]],

       [[ 0.        ,  0.13837438,  0.50539925, ...,  0.23395741,
          0.06483984,  0.11847185],
        [-0.13837438,  0.        ,  0.38113605, ...,  0.09717269,
         -0.07386712, -0.02006772],
        [-0.50539925, -0.38113605,  0.        , ..., -0.28949434,
         -0.44838637, -0.39961228],
        ...,
        [-0.23395741, -0.09717269,  0.28949434, ...,  0.        ,
         -0.17042477, -0.11712587],
        [-0.06483984,  0.07386712,  0.44838637, ...,  0.17042477,
          0.        ,  0.05383935],
        [-0.11847185,  0.02006772,  0.39961228, ...,  0.11712587,
         -0.05383935,  0.        ]],

       [[ 0.        ,  0.09502262, -0.30622817, ..., -0.99307047,
         -0.99826241, -0.99998966],
        [-0.09502262,  0.        , -0.39530008, ..., -0.99974403,
         -0.9993446 , -0.99503281],
        [ 0.30622817,  0.39530008,  0.        , ..., -0.90937348,
         -0.93225952, -0.95334055],
        ...,
        [ 0.99307047,  0.99974403,  0.90937348, ...,  0.        ,
         -0.05879944, -0.12203409],
        [ 0.99826241,  0.9993446 ,  0.93225952, ...,  0.05879944,
          0.        , -0.06346298],
        [ 0.99998966,  0.99503281,  0.95334055, ...,  0.12203409,
          0.06346298,  0.        ]],

       ...,

       [[ 0.        , -0.33096871, -0.42750817, ...,  0.75099023,
          0.21777587, -0.07636853],
        [ 0.33096871,  0.        , -0.10421503, ...,  0.92720877,
          0.52852746,  0.25793764],
        [ 0.42750817,  0.10421503,  0.        , ...,  0.96119313,
          0.61411935,  0.35722167],
        ...,
        [-0.75099023, -0.92720877, -0.96119313, ...,  0.        ,
         -0.58916526, -0.79922424],
        [-0.21777587, -0.52852746, -0.61411935, ...,  0.58916526,
          0.        , -0.29167548],
        [ 0.07636853, -0.25793764, -0.35722167, ...,  0.79922424,
          0.29167548,  0.        ]],

       [[ 0.        , -0.0688925 ,  0.03723803, ..., -0.97226548,
         -0.96588108, -0.95827192],
        [ 0.0688925 ,  0.        ,  0.10599428, ..., -0.98606804,
         -0.98142842, -0.97568864],
        [-0.03723803, -0.10599428,  0.        , ..., -0.96288191,
         -0.95556704, -0.94696249],
        ...,
        [ 0.97226548,  0.98606804,  0.96288191, ...,  0.        ,
         -0.02590292, -0.0538095 ],
        [ 0.96588108,  0.98142842,  0.95556704, ...,  0.02590292,
          0.        , -0.02792605],
        [ 0.95827192,  0.97568864,  0.94696249, ...,  0.0538095 ,
          0.02792605,  0.        ]],

       [[ 0.        ,  0.28817747, -0.05363976, ..., -0.88169659,
         -0.93834418, -0.97226227],
        [-0.28817747,  0.        , -0.33912679, ..., -0.70832542,
         -0.79891317, -0.86361323],
        [ 0.05363976,  0.33912679,  0.        , ..., -0.9057354 ,
         -0.9555367 , -0.98340853],
        ...,
        [ 0.88169659,  0.70832542,  0.9057354 , ...,  0.        ,
          0.1379219 ,  0.25250677],
        [ 0.93834418,  0.79891317,  0.9555367 , ..., -0.1379219 ,
          0.        ,  0.11664103],
        [ 0.97226227,  0.86361323,  0.98340853, ..., -0.25250677,
         -0.11664103,  0.        ]]]), 'num': array([7.07045185e-01, 7.07045185e-01, 0.00000000e+00, 0.00000000e+00,
       4.13604018e-05, 4.16216254e-05, 4.07508801e-05, 1.31984438e-02,
       3.48298121e-07, 4.10991782e-05, 4.11078857e-05, 4.12355950e-05,
       7.86479627e-07, 4.41834291e-05, 3.80323423e-05])}
{'img': array([[[ 0.        , -0.73619665, -0.88012206, ..., -0.9958592 ,
         -0.9958592 , -0.99994898],
        [ 0.73619665,  0.        , -0.24613066, ..., -0.74089228,
         -0.74089228, -0.68416948],
        [ 0.88012206,  0.24613066,  0.        , ..., -0.55279273,
         -0.55279273, -0.48361338],
        ...,
        [ 0.9958592 ,  0.74089228,  0.55279273, ...,  0.        ,
          0.        ,  0.08084527],
        [ 0.9958592 ,  0.74089228,  0.55279273, ...,  0.        ,
          0.        ,  0.08084527],
        [ 0.99994898,  0.68416948,  0.48361338, ..., -0.08084527,
         -0.08084527,  0.        ]],

       [[ 0.        ,  0.38113605,  0.10539081, ..., -0.07386712,
         -0.02006772, -0.09183261],
        [-0.38113605,  0.        , -0.28157765, ..., -0.44838637,
         -0.39961228, -0.46442653],
        [-0.10539081,  0.28157765,  0.        , ..., -0.17855864,
         -0.12532554, -0.19626666],
        ...,
        [ 0.07386712,  0.44838637,  0.17855864, ...,  0.        ,
          0.05383935, -0.01802674],
        [ 0.02006772,  0.39961228,  0.12532554, ..., -0.05383935,
          0.        , -0.0718312 ],
        [ 0.09183261,  0.46442653,  0.19626666, ...,  0.01802674,
          0.0718312 ,  0.        ]],

       [[ 0.        , -0.39530008, -0.55390604, ..., -0.9993446 ,
         -0.99503281, -0.99074359],
        [ 0.39530008,  0.        , -0.1796729 , ..., -0.93225952,
         -0.95334055, -0.96371019],
        [ 0.55390604,  0.1796729 ,  0.        , ..., -0.85208441,
         -0.88358357, -0.90006336],
        ...,
        [ 0.9993446 ,  0.93225952,  0.85208441, ...,  0.        ,
         -0.06346298, -0.09979362],
        [ 0.99503281,  0.95334055,  0.88358357, ...,  0.06346298,
          0.        , -0.03644627],
        [ 0.99074359,  0.96371019,  0.90006336, ...,  0.09979362,
          0.03644627,  0.        ]],

       ...,

       [[ 0.        , -0.10421503, -0.06264925, ...,  0.52852746,
          0.25793764,  0.4867178 ],
        [ 0.10421503,  0.        ,  0.0417022 , ...,  0.61411935,
          0.35722167,  0.57510552],
        [ 0.06264925, -0.0417022 ,  0.        , ...,  0.58067319,
          0.31796024,  0.54048952],
        ...,
        [-0.52852746, -0.61411935, -0.58067319, ...,  0.        ,
         -0.29167548, -0.04851744],
        [-0.25793764, -0.35722167, -0.31796024, ...,  0.29167548,
          0.        ,  0.24492422],
        [-0.4867178 , -0.57510552, -0.54048952, ...,  0.04851744,
         -0.24492422,  0.        ]],

       [[ 0.        ,  0.10599428,  0.26636944, ..., -0.98142842,
         -0.97568864, -0.96964789],
        [-0.10599428,  0.        ,  0.16270411, ..., -0.95556704,
         -0.94696249, -0.93826943],
        [-0.26636944, -0.16270411,  0.        , ..., -0.8948731 ,
         -0.88206012, -0.86948668],
        ...,
        [ 0.98142842,  0.95556704,  0.8948731 , ...,  0.        ,
         -0.02792605, -0.05395841],
        [ 0.97568864,  0.94696249,  0.88206012, ...,  0.02792605,
          0.        , -0.02605199],
        [ 0.96964789,  0.93826943,  0.86948668, ...,  0.05395841,
          0.02605199,  0.        ]],

       [[ 0.        , -0.33912679, -0.56317906, ..., -0.79891317,
         -0.86361323, -0.91362001],
        [ 0.33912679,  0.        , -0.24957315, ..., -0.9555367 ,
         -0.98340853, -0.997358  ],
        [ 0.56317906,  0.24957315,  0.        , ..., -0.99889183,
         -0.99756324, -0.98392732],
        ...,
        [ 0.79891317,  0.9555367 ,  0.99889183, ...,  0.        ,
          0.11664103,  0.22467999],
        [ 0.86361323,  0.98340853,  0.99756324, ..., -0.11664103,
          0.        ,  0.10948753],
        [ 0.91362001,  0.997358  ,  0.98392732, ..., -0.22467999,
         -0.10948753,  0.        ]]]), 'num': array([7.07055427e-01, 7.07055427e-01, 0.00000000e+00, 0.00000000e+00,
       4.17093041e-05, 4.21446831e-05, 4.14480768e-05, 1.20512547e-02,
       3.48303166e-07, 4.11694342e-05, 4.12956941e-05, 4.11694342e-05,
       8.01650144e-07, 4.40187450e-05, 3.85726432e-05])}
{'img': array([[[ 0.        , -0.24613066,  0.32399863, ..., -0.74089228,
         -0.68416948, -0.6230195 ],
        [ 0.24613066,  0.        ,  0.54688512, ..., -0.55279273,
         -0.48361338, -0.41132839],
        [-0.32399863, -0.54688512,  0.        , ..., -0.91853195,
         -0.88356338, -0.84284608],
        ...,
        [ 0.74089228,  0.55279273,  0.91853195, ...,  0.        ,
          0.08084527,  0.16109584],
        [ 0.68416948,  0.48361338,  0.88356338, ..., -0.08084527,
          0.        ,  0.08077919],
        [ 0.6230195 ,  0.41132839,  0.84284608, ..., -0.16109584,
         -0.08077919,  0.        ]],

       [[ 0.        , -0.28157765, -0.26149678, ..., -0.39961228,
         -0.46442653, -0.49989561],
        [ 0.28157765,  0.        ,  0.02086376, ..., -0.12532554,
         -0.19626666, -0.23579869],
        [ 0.26149678, -0.02086376,  0.        , ..., -0.14599753,
         -0.21668191, -0.25602281],
        ...,
        [ 0.39961228,  0.12532554,  0.14599753, ...,  0.        ,
         -0.0718312 , -0.11214797],
        [ 0.46442653,  0.19626666,  0.21668191, ...,  0.0718312 ,
          0.        , -0.04048022],
        [ 0.49989561,  0.23579869,  0.25602281, ...,  0.11214797,
          0.04048022,  0.        ]],

       [[ 0.        , -0.41377901, -0.43393663, ..., -0.99811811,
         -0.9950818 , -0.9967797 ],
        [ 0.41377901,  0.        , -0.02225462, ..., -0.93403737,
         -0.94688748, -0.94062606],
        [ 0.43393663,  0.02225462,  0.        , ..., -0.92585724,
         -0.93949667, -0.9328389 ],
        ...,
        [ 0.99811811,  0.93403737,  0.92585724, ...,  0.        ,
         -0.03785102, -0.01891449],
        [ 0.9950818 ,  0.94688748,  0.93949667, ...,  0.03785102,
          0.        ,  0.01894332],
        [ 0.9967797 ,  0.94062606,  0.9328389 , ...,  0.01891449,
         -0.01894332,  0.        ]],

       ...,

       [[ 0.        ,  0.0417022 ,  0.38144098, ...,  0.35722167,
          0.57510552,  0.59781717],
        [-0.0417022 ,  0.        ,  0.34255992, ...,  0.31796024,
          0.54048952,  0.56386728],
        [-0.38144098, -0.34255992,  0.        , ..., -0.02606008,
          0.21957469,  0.24684265],
        ...,
        [-0.35722167, -0.31796024,  0.02606008, ...,  0.        ,
          0.24492422,  0.27201248],
        [-0.57510552, -0.54048952, -0.21957469, ..., -0.24492422,
          0.        ,  0.02803855],
        [-0.59781717, -0.56386728, -0.24684265, ..., -0.27201248,
         -0.02803855,  0.        ]],

       [[ 0.        ,  0.16270411, -0.13152775, ..., -0.94696249,
         -0.93826943, -0.9192709 ],
        [-0.16270411,  0.        , -0.29106574, ..., -0.88206012,
         -0.86948668, -0.84297704],
        [ 0.13152775,  0.29106574,  0.        , ..., -0.98100141,
         -0.97561435, -0.96305739],
        ...,
        [ 0.94696249,  0.88206012,  0.98100141, ...,  0.        ,
         -0.02605199, -0.07734626],
        [ 0.93826943,  0.86948668,  0.97561435, ...,  0.02605199,
          0.        , -0.05134607],
        [ 0.9192709 ,  0.84297704,  0.96305739, ...,  0.07734626,
          0.05134607,  0.        ]],

       [[ 0.        , -0.47106051, -0.51847901, ..., -0.87227559,
         -0.92147018, -0.96760056],
        [ 0.47106051,  0.        , -0.0545515 , ..., -0.99979056,
         -0.99581271, -0.97245749],
        [ 0.51847901,  0.0545515 ,  0.        , ..., -0.99941826,
         -0.98934297, -0.95829457],
        ...,
        [ 0.87227559,  0.99979056,  0.99941826, ...,  0.        ,
          0.1117777 ,  0.25293348],
        [ 0.92147018,  0.99581271,  0.98934297, ..., -0.1117777 ,
          0.        ,  0.14320531],
        [ 0.96760056,  0.97245749,  0.95829457, ..., -0.25293348,
         -0.14320531,  0.        ]]]), 'num': array([ 7.07042339e-01,  7.07042339e-01,  0.00000000e+00,  0.00000000e+00,
        4.14473095e-05,  4.18826804e-05,  4.11860870e-05,  1.34999112e-02,
       -2.61222539e-07,  4.13079908e-05,  4.15126152e-05,  4.11207814e-05,
        9.01839718e-07,  4.34360481e-05,  3.95891822e-05])}
{'img': array([[[ 0.        ,  0.54688512,  0.3861419 , ..., -0.48361338,
         -0.41132839, -0.46583313],
        [-0.54688512,  0.        , -0.18118742, ..., -0.88356338,
         -0.84284608, -0.87392272],
        [-0.3861419 ,  0.18118742,  0.        , ..., -0.78408698,
         -0.73138892, -0.77138922],
        ...,
        [ 0.48361338,  0.88356338,  0.78408698, ...,  0.        ,
          0.08077919,  0.02020099],
        [ 0.41132839,  0.84284608,  0.73138892, ..., -0.08077919,
          0.        , -0.06062773],
        [ 0.46583313,  0.87392272,  0.77138922, ..., -0.02020099,
          0.06062773,  0.        ]],

       [[ 0.        ,  0.02086376, -0.2292176 , ..., -0.19626666,
         -0.23579869, -0.18619816],
        [-0.02086376,  0.        , -0.24947597, ..., -0.21668191,
         -0.25602281, -0.20665653],
        [ 0.2292176 ,  0.24947597,  0.        , ...,  0.03371834,
         -0.0067665 ,  0.04396841],
        ...,
        [ 0.19626666,  0.21668191, -0.03371834, ...,  0.        ,
         -0.04048022,  0.01025768],
        [ 0.23579869,  0.25602281,  0.0067665 , ...,  0.04048022,
          0.        ,  0.05072736],
        [ 0.18619816,  0.20665653, -0.04396841, ..., -0.01025768,
         -0.05072736,  0.        ]],

       [[ 0.        , -0.14019822, -0.27830129, ..., -0.99838614,
         -0.99931389, -0.99999695],
        [ 0.14019822,  0.        , -0.14089311, ..., -0.99648741,
         -0.99463665, -0.98977427],
        [ 0.27830129,  0.14089311,  0.        , ..., -0.97474849,
         -0.97014228, -0.95980374],
        ...,
        [ 0.99838614,  0.99648741,  0.97474849, ...,  0.        ,
          0.01977389,  0.0592551 ],
        [ 0.99931389,  0.99463665,  0.97014228, ..., -0.01977389,
          0.        ,  0.03950437],
        [ 0.99999695,  0.98977427,  0.95980374, ..., -0.0592551 ,
         -0.03950437,  0.        ]],

       ...,

       [[ 0.        ,  0.34255992,  0.43903093, ...,  0.54048952,
          0.56386728,  0.70837275],
        [-0.34255992,  0.        ,  0.10468731, ...,  0.21957469,
          0.24684265,  0.42372135],
        [-0.43903093, -0.10468731,  0.        , ...,  0.11623568,
          0.14403847,  0.32656809],
        ...,
        [-0.54048952, -0.21957469, -0.11623568, ...,  0.        ,
          0.02803855,  0.2144916 ],
        [-0.56386728, -0.24684265, -0.14403847, ..., -0.02803855,
          0.        ,  0.18702129],
        [-0.70837275, -0.42372135, -0.32656809, ..., -0.2144916 ,
         -0.18702129,  0.        ]],

       [[ 0.        , -0.29106574, -0.36264736, ..., -0.86948668,
         -0.84297704, -0.72113685],
        [ 0.29106574,  0.        , -0.07569398, ..., -0.97561435,
         -0.96305739, -0.89156203],
        [ 0.36264736,  0.07569398,  0.        , ..., -0.98942961,
         -0.98067858, -0.92328592],
        ...,
        [ 0.86948668,  0.97561435,  0.98942961, ...,  0.        ,
         -0.05134607, -0.24616383],
        [ 0.84297704,  0.96305739,  0.98067858, ...,  0.05134607,
          0.        , -0.19607307],
        [ 0.72113685,  0.89156203,  0.92328592, ...,  0.24616383,
          0.19607307,  0.        ]],

       [[ 0.        , -0.23786815, -0.37101599, ..., -0.93669732,
         -0.97862351, -0.99777687],
        [ 0.23786815,  0.        , -0.13947623, ..., -0.99309891,
         -0.99945448, -0.95328584],
        [ 0.37101599,  0.13947623,  0.        , ..., -0.99974953,
         -0.98507884, -0.90183633],
        ...,
        [ 0.93669732,  0.99309891,  0.99974953, ...,  0.        ,
          0.15001427,  0.41178627],
        [ 0.97862351,  0.99945448,  0.98507884, ..., -0.15001427,
          0.        ,  0.27042136],
        [ 0.99777687,  0.95328584,  0.90183633, ..., -0.41178627,
         -0.27042136,  0.        ]]]), 'num': array([ 7.06984616e-01,  7.06984616e-01,  0.00000000e+00,  0.00000000e+00,
        4.00508526e-05,  4.11827245e-05,  4.00508526e-05,  1.85874440e-02,
       -1.39307313e-06,  4.11130709e-05,  4.16137065e-05,  4.10608306e-05,
        7.11252128e-07,  4.28639302e-05,  4.03634828e-05])}
{'img': array([[[ 0.        , -0.18118742, -0.48677147, ..., -0.84284608,
         -0.87392272, -0.9840237 ],
        [ 0.18118742,  0.        , -0.32044218, ..., -0.73138892,
         -0.77138922, -0.93547856],
        [ 0.48677147,  0.32044218,  0.        , ..., -0.47429243,
         -0.52679463, -0.77291002],
        ...,
        [ 0.84284608,  0.73138892,  0.47429243, ...,  0.        ,
         -0.06062773, -0.37949878],
        [ 0.87392272,  0.77138922,  0.52679463, ...,  0.06062773,
          0.        , -0.32270837],
        [ 0.9840237 ,  0.93547856,  0.77291002, ...,  0.37949878,
          0.32270837,  0.        ]],

       [[ 0.        , -0.24947597, -0.21362325, ..., -0.25602281,
         -0.20665653, -0.05241059],
        [ 0.24947597,  0.        ,  0.0368484 , ..., -0.0067665 ,
          0.04396841,  0.19837968],
        [ 0.21362325, -0.0368484 ,  0.        , ..., -0.04360946,
          0.00712578,  0.1621289 ],
        ...,
        [ 0.25602281,  0.0067665 ,  0.04360946, ...,  0.        ,
          0.05072736,  0.20500715],
        [ 0.20665653, -0.04396841, -0.00712578, ..., -0.05072736,
          0.        ,  0.15509328],
        [ 0.05241059, -0.19837968, -0.1621289 , ..., -0.20500715,
         -0.15509328,  0.        ]],

       [[ 0.        , -0.2422121 , -0.51684432, ..., -0.99947957,
         -0.99997229, -0.99888799],
        [ 0.2422121 ,  0.        , -0.29410163, ..., -0.97753169,
         -0.96839337, -0.98056386],
        [ 0.51684432,  0.29410163,  0.        , ..., -0.87230628,
         -0.85220821, -0.87949479],
        ...,
        [ 0.99947957,  0.97753169,  0.87230628, ...,  0.        ,
          0.03969747, -0.01489967],
        [ 0.99997229,  0.96839337,  0.85220821, ..., -0.03969747,
          0.        , -0.05458099],
        [ 0.99888799,  0.98056386,  0.87949479, ...,  0.01489967,
          0.05458099,  0.        ]],

       ...,

       [[ 0.        ,  0.10468731, -0.03776236, ...,  0.24684265,
          0.42372135,  0.08244126],
        [-0.10468731,  0.        , -0.1421675 , ...,  0.14403847,
          0.32656809, -0.02234269],
        [ 0.03776236,  0.1421675 ,  0.        , ...,  0.28326041,
          0.45762399,  0.12001627],
        ...,
        [-0.24684265, -0.14403847, -0.28326041, ...,  0.        ,
          0.18702129, -0.16611222],
        [-0.42372135, -0.32656809, -0.45762399, ..., -0.18702129,
          0.        , -0.34760429],
        [-0.08244126,  0.02234269, -0.12001627, ...,  0.16611222,
          0.34760429,  0.        ]],

       [[ 0.        , -0.22362551, -0.32179071, ..., -0.84941496,
         -0.72760633, -0.54156856],
        [ 0.22362551,  0.        , -0.10191036, ..., -0.94591654,
         -0.86258577, -0.71584567],
        [ 0.32179071,  0.10191036,  0.        , ..., -0.97405245,
         -0.90965235, -0.78327846],
        ...,
        [ 0.84941496,  0.94591654,  0.97405245, ...,  0.        ,
         -0.19871792, -0.42826674],
        [ 0.72760633,  0.86258577,  0.90965235, ...,  0.19871792,
          0.        , -0.24015378],
        [ 0.54156856,  0.71584567,  0.78327846, ...,  0.42826674,
          0.24015378,  0.        ]],

       [[ 0.        , -0.19311001, -0.37789638, ..., -0.99743032,
         -0.97909469, -0.91340186],
        [ 0.19311001,  0.        , -0.19199278, ..., -0.99249084,
         -0.92138575, -0.81760182],
        [ 0.37789638,  0.19199278,  0.        , ..., -0.9505425 ,
         -0.82962674, -0.69184506],
        ...,
        [ 0.99743032,  0.99249084,  0.9505425 , ...,  0.        ,
          0.27302789,  0.47145213],
        [ 0.97909469,  0.92138575,  0.82962674, ..., -0.27302789,
          0.        ,  0.21275881],
        [ 0.91340186,  0.81760182,  0.69184506, ..., -0.47145213,
         -0.21275881,  0.        ]]]), 'num': array([ 8.05398974e-01,  5.92537187e-01,  9.39787141e-05, -7.55555287e-11,
        4.51169537e-05,  4.63121048e-05,  4.51169537e-05,  1.52364235e-02,
       -6.97171470e-07,  4.66706501e-05,  4.74873367e-05,  4.68598823e-05,
        5.56565459e-07,  4.92818330e-05,  4.56928403e-05])}
{'img': array([[[ 0.        , -0.32044218, -0.11967201, ..., -0.77138922,
         -0.93547856, -0.97848469],
        [ 0.32044218,  0.        ,  0.20477785, ..., -0.52679463,
         -0.77291002, -0.86077385],
        [ 0.11967201, -0.20477785,  0.        , ..., -0.6896907 ,
         -0.88646563, -0.94676213],
        ...,
        [ 0.77138922,  0.52679463,  0.6896907 , ...,  0.        ,
         -0.32270837, -0.46351947],
        [ 0.93547856,  0.77291002,  0.88646563, ...,  0.32270837,
          0.        , -0.15277286],
        [ 0.97848469,  0.86077385,  0.94676213, ...,  0.46351947,
          0.15277286,  0.        ]],

       [[ 0.        ,  0.0368484 , -0.26378144, ...,  0.04396841,
          0.19837968,  0.03789849],
        [-0.0368484 ,  0.        , -0.29914562, ...,  0.00712578,
          0.1621289 ,  0.00105082],
        [ 0.26378144,  0.29914562,  0.        , ...,  0.3059375 ,
          0.44989241,  0.30014815],
        ...,
        [-0.04396841, -0.00712578, -0.3059375 , ...,  0.        ,
          0.15509328, -0.00607498],
        [-0.19837968, -0.1621289 , -0.44989241, ..., -0.15509328,
          0.        , -0.1610919 ],
        [-0.03789849, -0.00105082, -0.30014815, ...,  0.00607498,
          0.1610919 ,  0.        ]],

       [[ 0.        , -0.31920509, -0.3096758 , ..., -0.97749549,
         -0.98759466, -0.99772094],
        [ 0.31920509,  0.        ,  0.01003835, ..., -0.85902012,
         -0.8858062 , -0.92398737],
        [ 0.3096758 , -0.01003835,  0.        , ..., -0.86411589,
         -0.89041991, -0.92777971],
        ...,
        [ 0.97749549,  0.85902012,  0.86411589, ...,  0.        ,
         -0.05484834, -0.14451874],
        [ 0.98759466,  0.8858062 ,  0.89041991, ...,  0.05484834,
          0.        , -0.09002865],
        [ 0.99772094,  0.92398737,  0.92777971, ...,  0.14451874,
          0.09002865,  0.        ]],

       ...,

       [[ 0.        , -0.1421675 , -0.11343116, ...,  0.32656809,
         -0.02234269, -0.44427835],
        [ 0.1421675 ,  0.        ,  0.02897094, ...,  0.45762399,
          0.12001627, -0.31239937],
        [ 0.11343116, -0.02897094,  0.        , ...,  0.43167252,
          0.09120436, -0.33978921],
        ...,
        [-0.32656809, -0.45762399, -0.43167252, ...,  0.        ,
         -0.34760429, -0.7124889 ],
        [ 0.02234269, -0.12001627, -0.09120436, ...,  0.34760429,
          0.        , -0.42415089],
        [ 0.44427835,  0.31239937,  0.33978921, ...,  0.7124889 ,
          0.42415089,  0.        ]],

       [[ 0.        , -0.23589592, -0.61384493, ..., -0.73138215,
         -0.54472762, -0.62771722],
        [ 0.23589592,  0.        , -0.41029868, ..., -0.87161475,
         -0.72717988, -0.79363315],
        [ 0.61384493,  0.41029868,  0.        , ..., -0.99599505,
         -0.94480085, -0.97337903],
        ...,
        [ 0.73138215,  0.87161475,  0.99599505, ...,  0.        ,
         -0.24185988, -0.14125522],
        [ 0.54472762,  0.72717988,  0.94480085, ...,  0.24185988,
          0.        ,  0.10237328],
        [ 0.62771722,  0.79363315,  0.97337903, ...,  0.14125522,
         -0.10237328,  0.        ]],

       [[ 0.        , -0.19199278, -0.11569034, ..., -0.92138575,
         -0.81760182, -0.87898322],
        [ 0.19199278,  0.        ,  0.07716554, ..., -0.82962674,
         -0.69184506, -0.77107863],
        [ 0.11569034, -0.07716554,  0.        , ..., -0.87023598,
         -0.74549924, -0.81791388],
        ...,
        [ 0.92138575,  0.82962674,  0.87023598, ...,  0.        ,
          0.21275881,  0.09774906],
        [ 0.81760182,  0.69184506,  0.74549924, ..., -0.21275881,
          0.        , -0.11622886],
        [ 0.87898322,  0.77107863,  0.81791388, ..., -0.09774906,
          0.11622886,  0.        ]]]), 'num': array([ 7.07095822e-01,  7.07095822e-01,  0.00000000e+00, -7.93831956e-09,
        3.97148677e-05,  3.99773008e-05,  3.91900016e-05,  5.56639737e-03,
        8.74776822e-08,  4.06246356e-05,  4.15650207e-05,  4.10707718e-05,
        4.88845871e-07,  4.33078036e-05,  3.98222378e-05])}
{'img': array([[[ 0.        ,  0.20477785,  0.84462808, ..., -0.77291002,
         -0.86077385, -0.84907694],
        [-0.20477785,  0.        ,  0.71710058, ..., -0.88646563,
         -0.94676213, -0.93926153],
        [-0.84462808, -0.71710058,  0.        , ..., -0.94970984,
         -0.89072354, -0.90074735],
        ...,
        [ 0.77291002,  0.88646563,  0.94970984, ...,  0.        ,
         -0.15277286, -0.13044803],
        [ 0.86077385,  0.94676213,  0.89072354, ...,  0.15277286,
          0.        ,  0.02255069],
        [ 0.84907694,  0.93926153,  0.90074735, ...,  0.13044803,
         -0.02255069,  0.        ]],

       [[ 0.        , -0.29914562,  0.22917337, ...,  0.1621289 ,
          0.00105082, -0.35757637],
        [ 0.29914562,  0.        ,  0.50986299, ...,  0.44989241,
          0.30014815, -0.06183477],
        [-0.22917337, -0.50986299,  0.        , ..., -0.06832737,
         -0.22815039, -0.56208102],
        ...,
        [-0.1621289 , -0.44989241,  0.06832737, ...,  0.        ,
         -0.1610919 , -0.50425506],
        [-0.00105082, -0.30014815,  0.22815039, ...,  0.1610919 ,
          0.        , -0.35855752],
        [ 0.35757637,  0.06183477,  0.56208102, ...,  0.50425506,
          0.35855752,  0.        ]],

       [[ 0.        ,  0.01003835,  0.50119105, ..., -0.8858062 ,
         -0.92398737, -0.95943842],
        [-0.01003835,  0.        ,  0.49247924, ..., -0.89041991,
         -0.92777971, -0.96222007],
        [-0.50119105, -0.49247924,  0.        , ..., -0.99910097,
         -0.99122712, -0.97153215],
        ...,
        [ 0.8858062 ,  0.89041991,  0.99910097, ...,  0.        ,
         -0.09002865, -0.19550759],
        [ 0.92398737,  0.92777971,  0.99122712, ...,  0.09002865,
          0.        , -0.10642237],
        [ 0.95943842,  0.96222007,  0.97153215, ...,  0.19550759,
          0.10642237,  0.        ]],

       ...,

       [[ 0.        ,  0.02897094,  0.53232165, ...,  0.12001627,
         -0.31239937, -0.31239937],
        [-0.02897094,  0.        ,  0.50757309, ...,  0.09120436,
         -0.33978921, -0.33978921],
        [-0.53232165, -0.50757309,  0.        , ..., -0.42687515,
         -0.77013865, -0.77013865],
        ...,
        [-0.12001627, -0.09120436,  0.42687515, ...,  0.        ,
         -0.42415089, -0.42415089],
        [ 0.31239937,  0.33978921,  0.77013865, ...,  0.42415089,
          0.        ,  0.        ],
        [ 0.31239937,  0.33978921,  0.77013865, ...,  0.42415089,
          0.        ,  0.        ]],

       [[ 0.        , -0.57940703, -0.78104082, ..., -0.54826733,
         -0.63162957, -0.63916448],
        [ 0.57940703,  0.        , -0.27475013, ..., -0.93141881,
         -0.9639994 , -0.96654816],
        [ 0.78104082,  0.27475013,  0.        , ..., -0.99556886,
         -0.99995779, -0.99982053],
        ...,
        [ 0.54826733,  0.93141881,  0.99556886, ...,  0.        ,
          0.10317839,  0.11287927],
        [ 0.63162957,  0.9639994 ,  0.99995779, ..., -0.10317839,
          0.        ,  0.00975786],
        [ 0.63916448,  0.96654816,  0.99982053, ..., -0.11287927,
         -0.00975786,  0.        ]],

       [[ 0.        ,  0.07716554,  0.37444686, ..., -0.69184506,
         -0.77107863, -0.82206978],
        [-0.07716554,  0.        ,  0.30177875, ..., -0.74549924,
         -0.81791388, -0.86355564],
        [-0.37444686, -0.30177875,  0.        , ..., -0.91188006,
         -0.95340668, -0.97546795],
        ...,
        [ 0.69184506,  0.74549924,  0.91188006, ...,  0.        ,
         -0.11622886, -0.19964477],
        [ 0.77107863,  0.81791388,  0.95340668, ...,  0.11622886,
          0.        , -0.08440269],
        [ 0.82206978,  0.86355564,  0.97546795, ...,  0.19964477,
          0.08440269,  0.        ]]]), 'num': array([ 8.24380645e-01,  5.65750834e-01,  1.13683433e-04, -9.33928868e-09,
        4.63743609e-05,  4.66801259e-05,  4.48455358e-05,  1.79587210e-02,
        1.01921672e-07,  4.68432006e-05,  4.82955844e-05,  4.77723865e-05,
        4.52985210e-07,  5.04922506e-05,  4.60989182e-05])}
{'img': array([[[ 0.        ,  0.71710058, -0.05487894, ..., -0.94676213,
         -0.93926153, -0.93137161],
        [-0.71710058,  0.        , -0.75426888, ..., -0.89072354,
         -0.90074735, -0.91021255],
        [ 0.05487894,  0.75426888,  0.        , ..., -0.92766798,
         -0.91901151, -0.90998828],
        ...,
        [ 0.94676213,  0.89072354,  0.92766798, ...,  0.        ,
          0.02255069,  0.04484747],
        [ 0.93926153,  0.90074735,  0.91901151, ..., -0.02255069,
          0.        ,  0.02230807],
        [ 0.93137161,  0.91021255,  0.90998828, ..., -0.04484747,
         -0.02230807,  0.        ]],

       [[ 0.        ,  0.50986299,  0.35350488, ...,  0.30014815,
         -0.06183477,  0.36228438],
        [-0.50986299,  0.        , -0.17283794, ..., -0.22815039,
         -0.56208102, -0.1635696 ],
        [-0.35350488,  0.17283794,  0.        , ..., -0.0564373 ,
         -0.41067068,  0.0094022 ],
        ...,
        [-0.30014815,  0.22815039,  0.0564373 , ...,  0.        ,
         -0.35855752,  0.06582201],
        [ 0.06183477,  0.56208102,  0.41067068, ...,  0.35855752,
          0.        ,  0.4192253 ],
        [-0.36228438,  0.1635696 , -0.0094022 , ..., -0.06582201,
         -0.4192253 ,  0.        ]],

       [[ 0.        ,  0.49247924,  0.18114834, ..., -0.92777971,
         -0.96222007, -0.98872606],
        [-0.49247924,  0.        , -0.32667377, ..., -0.99122712,
         -0.97153215, -0.93425392],
        [-0.18114834,  0.32667377,  0.        , ..., -0.98002192,
         -0.99562268, -0.99949273],
        ...,
        [ 0.92777971,  0.99122712,  0.98002192, ...,  0.        ,
         -0.10642237, -0.23000005],
        [ 0.96222007,  0.97153215,  0.99562268, ...,  0.10642237,
          0.        , -0.12512463],
        [ 0.98872606,  0.93425392,  0.99949273, ...,  0.23000005,
          0.12512463,  0.        ]],

       ...,

       [[ 0.        ,  0.50757309,  0.36666811, ..., -0.33978921,
         -0.33978921, -0.54449628],
        [-0.50757309,  0.        , -0.15629711, ..., -0.77013865,
         -0.77013865, -0.89487639],
        [-0.36666811,  0.15629711,  0.        , ..., -0.66097546,
         -0.66097546, -0.81412084],
        ...,
        [ 0.33978921,  0.77013865,  0.66097546, ...,  0.        ,
          0.        , -0.22709693],
        [ 0.33978921,  0.77013865,  0.66097546, ...,  0.        ,
          0.        , -0.22709693],
        [ 0.54449628,  0.89487639,  0.81412084, ...,  0.22709693,
          0.22709693,  0.        ]],

       [[ 0.        , -0.61307751, -0.74919027, ..., -0.65874163,
         -0.6664641 , -0.67622781],
        [ 0.61307751,  0.        , -0.18580251, ..., -0.98168154,
         -0.98359385, -0.98588501],
        [ 0.74919027,  0.18580251,  0.        , ..., -0.99998842,
         -0.99998488, -0.99982567],
        ...,
        [ 0.65874163,  0.98168154,  0.99998842, ...,  0.        ,
          0.01031073,  0.02348293],
        [ 0.6664641 ,  0.98359385,  0.99998488, ..., -0.01031073,
          0.        ,  0.01317379],
        [ 0.67622781,  0.98588501,  0.99982567, ..., -0.02348293,
         -0.01317379,  0.        ]],

       [[ 0.        ,  0.30177875,  0.42341895, ..., -0.81791388,
         -0.86355564, -0.89632512],
        [-0.30177875,  0.        ,  0.13028668, ..., -0.95340668,
         -0.97546795, -0.98834456],
        [-0.42341895, -0.13028668,  0.        , ..., -0.98458613,
         -0.99583492, -0.99975427],
        ...,
        [ 0.81791388,  0.95340668,  0.98458613, ...,  0.        ,
         -0.08440269, -0.15303138],
        [ 0.86355564,  0.97546795,  0.99583492, ...,  0.08440269,
          0.        , -0.06907678],
        [ 0.89632512,  0.98834456,  0.99975427, ...,  0.15303138,
          0.06907678,  0.        ]]]), 'num': array([ 8.21543117e-01,  5.70076426e-01,  1.09333344e-04, -7.91868835e-09,
        4.65679057e-05,  4.68716095e-05,  4.59604983e-05,  8.93006407e-03,
        5.06172888e-07,  4.62034613e-05,  4.78485231e-05,  4.73659717e-05,
        6.20469992e-07,  5.00583838e-05,  4.56386625e-05])}
{'img': array([[[ 0.        , -0.75426888, -0.93542116, ..., -0.90074735,
         -0.91021255, -0.94970984],
        [ 0.75426888,  0.        , -0.3475047 , ..., -0.91901151,
         -0.90998828, -0.85973207],
        [ 0.93542116,  0.3475047 ,  0.        , ..., -0.72474007,
         -0.70918896, -0.62866566],
        ...,
        [ 0.90074735,  0.91901151,  0.72474007, ...,  0.        ,
          0.02230807,  0.13044803],
        [ 0.91021255,  0.90998828,  0.70918896, ..., -0.02230807,
          0.        ,  0.10829812],
        [ 0.94970984,  0.85973207,  0.62866566, ..., -0.13044803,
         -0.10829812,  0.        ]],

       [[ 0.        , -0.17283794, -0.18370915, ..., -0.56208102,
         -0.1635696 , -0.44573853],
        [ 0.17283794,  0.        , -0.01104803, ..., -0.41067068,
          0.0094022 , -0.28431212],
        [ 0.18370915,  0.01104803,  0.        , ..., -0.4005722 ,
          0.02044916, -0.27370267],
        ...,
        [ 0.56208102,  0.41067068,  0.4005722 , ...,  0.        ,
          0.4192253 ,  0.13449186],
        [ 0.1635696 , -0.0094022 , -0.02044916, ..., -0.4192253 ,
          0.        , -0.29331374],
        [ 0.44573853,  0.28431212,  0.27370267, ..., -0.13449186,
          0.29331374,  0.        ]],

       [[ 0.        , -0.32667377, -0.54196819, ..., -0.97153215,
         -0.93425392, -0.89974841],
        [ 0.32667377,  0.        , -0.23769796, ..., -0.99562268,
         -0.99949273, -0.99294902],
        [ 0.54196819,  0.23769796,  0.        , ..., -0.94487111,
         -0.97841652, -0.99266745],
        ...,
        [ 0.97153215,  0.99562268,  0.94487111, ...,  0.        ,
         -0.12512463, -0.210828  ],
        [ 0.93425392,  0.99949273,  0.97841652, ...,  0.12512463,
          0.        , -0.08685889],
        [ 0.89974841,  0.99294902,  0.99266745, ...,  0.210828  ,
          0.08685889,  0.        ]],

       ...,

       [[ 0.        , -0.15629711, -0.48436449, ..., -0.77013865,
         -0.89487639, -0.70426094],
        [ 0.15629711,  0.        , -0.34167262, ..., -0.66097546,
         -0.81412084, -0.58464388],
        [ 0.48436449,  0.34167262,  0.        , ..., -0.36480362,
         -0.56671851, -0.27226385],
        ...,
        [ 0.77013865,  0.66097546,  0.36480362, ...,  0.        ,
         -0.22709693,  0.09752165],
        [ 0.89487639,  0.81412084,  0.56671851, ...,  0.22709693,
          0.        ,  0.32098807],
        [ 0.70426094,  0.58464388,  0.27226385, ..., -0.09752165,
         -0.32098807,  0.        ]],

       [[ 0.        , -0.51472374, -0.68904988, ..., -0.69842059,
         -0.70840567, -0.67972641],
        [ 0.51472374,  0.        , -0.21773366, ..., -0.96717652,
         -0.97065077, -0.96029981],
        [ 0.68904988,  0.21773366,  0.        , ..., -0.99929955,
         -0.99972665, -0.99800168],
        ...,
        [ 0.69842059,  0.96717652,  0.99929955, ...,  0.        ,
          0.01404803, -0.02579584],
        [ 0.70840567,  0.97065077,  0.99972665, ..., -0.01404803,
          0.        , -0.03983666],
        [ 0.67972641,  0.96029981,  0.99800168, ...,  0.02579584,
          0.03983666,  0.        ]],

       [[ 0.        ,  0.13028668, -0.13303553, ..., -0.97546795,
         -0.98834456, -0.9930405 ],
        [-0.13028668,  0.        , -0.26103019, ..., -0.99583492,
         -0.99975427, -0.99992048],
        [ 0.13303553,  0.26103019,  0.        , ..., -0.93751063,
         -0.95930697, -0.9685456 ],
        ...,
        [ 0.97546795,  0.99583492,  0.93751063, ...,  0.        ,
         -0.06907678, -0.10372533],
        [ 0.98834456,  0.99975427,  0.95930697, ...,  0.06907678,
          0.        , -0.03477338],
        [ 0.9930405 ,  0.99992048,  0.9685456 , ...,  0.10372533,
          0.03477338,  0.        ]]]), 'num': array([ 7.29757280e-01,  6.83681037e-01,  2.01206303e-05, -1.77128463e-09,
        4.12130977e-05,  4.18429923e-05,  4.12130977e-05,  5.87680777e-03,
       -1.79969859e-07,  4.10331279e-05,  4.24593890e-05,  4.20019656e-05,
        5.14199598e-07,  4.45044636e-05,  4.04143145e-05])}
{'img': array([[[ 0.        , -0.77321305, -0.96333745, ..., -0.95620955,
         -0.98531755, -0.97560976],
        [ 0.77321305,  0.        , -0.40344951, ..., -0.83268305,
         -0.75684751, -0.78840905],
        [ 0.96333745,  0.40344951,  0.        , ..., -0.53849645,
         -0.42882574, -0.47321328],
        ...,
        [ 0.95620955,  0.83268305,  0.53849645, ...,  0.        ,
          0.12513034,  0.07564466],
        [ 0.98531755,  0.75684751,  0.42882574, ..., -0.12513034,
          0.        , -0.0497217 ],
