state_0,state_1,state_2,state_3,state_4,state_5,state_6,state_7,state_8,state_9,state_10,state_11,state_12,state_13,state_14,state_15,state_16,state_17,state_18,state_19,state_20,state_21,state_22,state_23,state_24,state_25,state_26,state_27,state_28,state_29,state_30,state_31,state_32,state_33,state_34,state_35,state_36,state_37,state_38,state_39,state_40,state_41,state_42,state_43,state_44,state_45,state_46,state_47,state_48,state_49,state_50,state_51,state_52,state_53,state_54,state_55,state_56,state_57,state_58,state_59,state_60,state_61,state_62,state_63,state_64,state_65,state_66,state_67,state_68,state_69,state_70,state_71,state_72,state_73,state_74,state_75,state_76,state_77,state_78,state_79,state_80,state_81,state_82,state_83,state_84,state_85,state_86,state_87,state_88,state_89,state_90,state_91,state_92,state_93,state_94,state_95,state_96,state_97,state_98,state_99,state_100,state_101,state_102,state_103,state_104,state_105,state_106,state_107,state_108,state_109,state_110,state_111,state_112,state_113,state_114,state_115,state_116,state_117,state_118,state_119,state_120,state_121,state_122,state_123,state_124,state_125,state_126,state_127,state_128,state_129,state_130,state_131,state_132,state_133,state_134,state_135,state_136,state_137,state_138,state_139,state_140,state_141,state_142,state_143,state_144,state_145,state_146,state_147,state_148,state_149,state_150,state_151,state_152,state_153,state_154,state_155,state_156,state_157,state_158,state_159,state_160,state_161,state_162,state_163,state_164,state_165,state_166,state_167,state_168,state_169,state_170,state_171,state_172,state_173,state_174,state_175,state_176,state_177,state_178,state_179,state_180,state_181,state_182,state_183,state_184,state_185,state_186,state_187,state_188,state_189,state_190,state_191,state_192,state_193,state_194,state_195,state_196,state_197,state_198,state_199,state_200,state_201,state_202,state_203,state_204,state_205,state_206,state_207,state_208,state_209,state_210,state_211,state_212,state_213,state_214,state_215,state_216,state_217,state_218,state_219,state_220,state_221,state_222,state_223,state_224,state_225,state_226,state_227,state_228,state_229,state_230,state_231,state_232,state_233,state_234,state_235,state_236,state_237,state_238,state_239,state_240,state_241,state_242,state_243,state_244,state_245,state_246,state_247,state_248,state_249,state_250,state_251,state_252,state_253,state_254,state_255,state_256,state_257,state_258,state_259,state_260,state_261,state_262,state_263,state_264,state_265,state_266,state_267,state_268,state_269,state_270,state_271,state_272,state_273,state_274,state_275,state_276,state_277,state_278,state_279,state_280,state_281,state_282,state_283,state_284,state_285,state_286,state_287
{'img': array([[[ 0.        , -0.46959324,  0.13600742, ...,  0.98591429,
          0.99585927,  0.99390112],
        [ 0.46959324,  0.        ,  0.58530832, ...,  0.94898696,
          0.92191703,  0.92928266],
        [-0.13600742, -0.58530832,  0.        , ...,  0.95400556,
          0.97424136,  0.96966739],
        ...,
        [-0.98591429, -0.94898696, -0.95400556, ...,  0.        ,
          0.07693102,  0.05750966],
        [-0.99585927, -0.92191703, -0.97424136, ..., -0.07693102,
          0.        , -0.01946447],
        [-0.99390112, -0.92928266, -0.96966739, ..., -0.05750966,
          0.01946447,  0.        ]],

       [[ 0.        ,  0.11637956,  0.58052136, ..., -0.05299642,
          0.00543639, -0.29479557],
        [-0.11637956,  0.        ,  0.48181513, ..., -0.16885231,
         -0.11097839, -0.40400007],
        [-0.58052136, -0.48181513,  0.        , ..., -0.62285763,
         -0.57608622, -0.79475901],
        ...,
        [ 0.05299642,  0.16885231,  0.62285763, ...,  0.        ,
          0.05842439, -0.24374001],
        [-0.00543639,  0.11097839,  0.57608622, ..., -0.05842439,
          0.        , -0.29998601],
        [ 0.29479557,  0.40400007,  0.79475901, ...,  0.24374001,
          0.29998601,  0.        ]],

       [[ 0.        , -0.2176453 , -0.25941274, ...,  0.97979906,
          0.98832788,  0.99105958],
        [ 0.2176453 ,  0.        , -0.04299954, ...,  0.99983694,
          0.99779208,  0.99634008],
        [ 0.25941274,  0.04299954,  0.        , ...,  0.99813569,
          0.99401339,  0.99174305],
        ...,
        [-0.97979906, -0.99983694, -0.99813569, ...,  0.        ,
          0.04838599,  0.06747173],
        [-0.98832788, -0.99779208, -0.99401339, ..., -0.04838599,
          0.        ,  0.01911698],
        [-0.99105958, -0.99634008, -0.99174305, ..., -0.06747173,
         -0.01911698,  0.        ]],

       ...,

       [[ 0.        , -0.8288732 , -0.23975308, ...,  0.68155135,
          0.70771483,  0.72651864],
        [ 0.8288732 ,  0.        ,  0.67057157, ...,  0.9878295 ,
          0.98151895,  0.97599859],
        [ 0.23975308, -0.67057157,  0.        , ...,  0.83711733,
          0.85645867,  0.87007447],
        ...,
        [-0.68155135, -0.9878295 , -0.83711733, ...,  0.        ,
          0.03636988,  0.06331895],
        [-0.70771483, -0.98151895, -0.85645867, ..., -0.03636988,
          0.        ,  0.02698016],
        [-0.72651864, -0.97599859, -0.87007447, ..., -0.06331895,
         -0.02698016,  0.        ]],

       [[ 0.        ,  0.2033736 ,  0.19768635, ...,  0.99189135,
          0.99384466,  0.99513976],
        [-0.2033736 ,  0.        , -0.00580515, ...,  0.94531553,
          0.95054425,  0.95431581],
        [-0.19768635,  0.00580515,  0.        , ...,  0.94719299,
          0.95233125,  0.95603431],
        ...,
        [-0.99189135, -0.94531553, -0.94719299, ...,  0.        ,
          0.01642215,  0.02879693],
        [-0.99384466, -0.95054425, -0.95233125, ..., -0.01642215,
          0.        ,  0.01237771],
        [-0.99513976, -0.95431581, -0.95603431, ..., -0.02879693,
         -0.01237771,  0.        ]],

       [[ 0.        , -0.09428643, -0.08408642, ...,  0.84687242,
          0.87844439,  0.89537366],
        [ 0.09428643,  0.        ,  0.01024069, ...,  0.79295854,
          0.82947675,  0.84939765],
        [ 0.08408642, -0.01024069,  0.        , ...,  0.79915636,
          0.8351531 ,  0.85475767],
        ...,
        [-0.84687242, -0.79295854, -0.79915636, ...,  0.        ,
         -0.06247989, -0.0990307 ],
        [-0.87844439, -0.82947675, -0.8351531 , ...,  0.06247989,
          0.        , -0.03666446],
        [-0.89537366, -0.84939765, -0.85475767, ...,  0.0990307 ,
          0.03666446,  0.        ]]]), 'num': array([ 7.07105757e-01,  7.07105757e-01,  0.00000000e+00,  0.00000000e+00,
        2.40437815e-04,  2.41530714e-04,  2.33333971e-04,  1.56671466e-03,
       -3.82514706e-06,  2.40547105e-04,  2.31639977e-04,  2.30319391e-04,
        6.94446342e-07,  2.45541293e-04,  2.17738661e-04])}
{'img': array([[[ 0.        ,  0.58530832,  0.57262157, ...,  0.92191703,
          0.92928266,  0.95193301],
        [-0.58530832,  0.        , -0.0155596 , ...,  0.97424136,
          0.96966739,  0.9511212 ],
        [-0.57262157,  0.0155596 ,  0.        , ...,  0.97763223,
          0.97335321,  0.95581114],
        ...,
        [-0.92191703, -0.97424136, -0.97763223, ...,  0.        ,
         -0.01946447, -0.08637784],
        [-0.92928266, -0.96966739, -0.97335321, ...,  0.01946447,
          0.        , -0.06696975],
        [-0.95193301, -0.9511212 , -0.95581114, ...,  0.08637784,
          0.06696975,  0.        ]],

       [[ 0.        ,  0.48181513, -0.12059527, ..., -0.11097839,
         -0.40400007, -0.33558263],
        [-0.48181513,  0.        , -0.58397309, ..., -0.57608622,
         -0.79475901, -0.747937  ],
        [ 0.12059527,  0.58397309,  0.        , ...,  0.00968189,
         -0.29073597, -0.21953142],
        ...,
        [ 0.11097839,  0.57608622, -0.00968189, ...,  0.        ,
         -0.29998601, -0.22896684],
        [ 0.40400007,  0.79475901,  0.29073597, ...,  0.29998601,
          0.        ,  0.0735952 ],
        [ 0.33558263,  0.747937  ,  0.21953142, ...,  0.22896684,
         -0.0735952 ,  0.        ]],

       [[ 0.        , -0.04299954, -0.21048661, ...,  0.99779208,
          0.99634008,  0.99451213],
        [ 0.04299954,  0.        , -0.16825572, ...,  0.99401339,
          0.99174305,  0.98909363],
        [ 0.21048661,  0.16825572,  0.        , ...,  0.96145879,
          0.95602689,  0.95021043],
        ...,
        [-0.99779208, -0.99401339, -0.96145879, ...,  0.        ,
          0.01911698,  0.03833969],
        [-0.99634008, -0.99174305, -0.95602689, ..., -0.01911698,
          0.        ,  0.01922976],
        [-0.99451213, -0.98909363, -0.95021043, ..., -0.03833969,
         -0.01922976,  0.        ]],

       ...,

       [[ 0.        ,  0.67057157,  0.41967153, ...,  0.98151895,
          0.97599859,  0.9999977 ],
        [-0.67057157,  0.        , -0.2973306 , ...,  0.85645867,
          0.87007447,  0.74040481],
        [-0.41967153,  0.2973306 ,  0.        , ...,  0.97121167,
          0.97728528,  0.90677379],
        ...,
        [-0.98151895, -0.85645867, -0.97121167, ...,  0.        ,
          0.02698016, -0.1934698 ],
        [-0.97599859, -0.87007447, -0.97728528, ..., -0.02698016,
          0.        , -0.21986978],
        [-0.9999977 , -0.74040481, -0.90677379, ...,  0.1934698 ,
          0.21986978,  0.        ]],

       [[ 0.        , -0.04847734, -0.02255774, ...,  0.98547421,
          0.98752262,  0.9903676 ],
        [ 0.04847734,  0.        ,  0.02593379, ...,  0.99254824,
          0.99399565,  0.99591553],
        [ 0.02255774, -0.02593379,  0.        , ...,  0.98905432,
          0.99082366,  0.993239  ],
        ...,
        [-0.98547421, -0.99254824, -0.98905432, ...,  0.        ,
          0.0125164 ,  0.03173754],
        [-0.98752262, -0.99399565, -0.99082366, ..., -0.0125164 ,
          0.        ,  0.01922496],
        [-0.9903676 , -0.99591553, -0.993239  , ..., -0.03173754,
         -0.01922496,  0.        ]],

       [[ 0.        ,  0.01024069,  0.00696884, ...,  0.82947675,
          0.84939765,  0.85919554],
        [-0.01024069,  0.        , -0.00327196, ...,  0.8351531 ,
          0.85475767,  0.86439011],
        [-0.00696884,  0.00327196,  0.        , ...,  0.833349  ,
          0.85305485,  0.86274027],
        ...,
        [-0.82947675, -0.8351531 , -0.833349  , ...,  0.        ,
         -0.03666446, -0.05549655],
        [-0.84939765, -0.85475767, -0.85305485, ...,  0.03666446,
          0.        , -0.01885128],
        [-0.85919554, -0.86439011, -0.86274027, ...,  0.05549655,
          0.01885128,  0.        ]]]), 'num': array([ 7.07106324e-01,  7.07106324e-01,  0.00000000e+00,  0.00000000e+00,
        2.33334158e-04,  2.40438008e-04,  2.32787708e-04,  9.23227307e-04,
       -7.10385024e-06,  2.40875168e-04,  2.31886065e-04,  2.31521765e-04,
        6.11622957e-07,  2.45724420e-04,  2.18047711e-04])}
{'img': array([[[ 0.        , -0.14037076,  0.49318982, ...,  0.98539288,
          0.9950953 ,  0.99949733],
        [ 0.14037076,  0.        ,  0.61041832, ...,  0.95173187,
          0.97135727,  0.99405152],
        [-0.49318982, -0.61041832,  0.        , ...,  0.94120314,
          0.9144418 ,  0.85384874],
        ...,
        [-0.98539288, -0.95173187, -0.94120314, ...,  0.        ,
         -0.07198525, -0.20145096],
        [-0.9950953 , -0.97135727, -0.9144418 , ...,  0.07198525,
          0.        , -0.13041888],
        [-0.99949733, -0.99405152, -0.85384874, ...,  0.20145096,
          0.13041888,  0.        ]],

       [[ 0.        , -0.58397309,  0.99081177, ..., -0.79475901,
         -0.747937  , -0.88633273],
        [ 0.58397309,  0.        ,  0.72533302, ..., -0.29073597,
         -0.21953142, -0.4490929 ],
        [-0.99081177, -0.72533302,  0.        , ..., -0.49385894,
         -0.55651382, -0.33891951],
        ...,
        [ 0.79475901,  0.29073597,  0.49385894, ...,  0.        ,
          0.0735952 , -0.16992532],
        [ 0.747937  ,  0.21953142,  0.55651382, ..., -0.0735952 ,
          0.        , -0.24198942],
        [ 0.88633273,  0.4490929 ,  0.33891951, ...,  0.16992532,
          0.24198942,  0.        ]],

       [[ 0.        , -0.16825572,  0.06152752, ...,  0.99174305,
          0.98909363,  0.98812505],
        [ 0.16825572,  0.        ,  0.22858729, ...,  0.95602689,
          0.95021043,  0.94818494],
        [-0.06152752, -0.22858729,  0.        , ...,  0.99775443,
          0.99628195,  0.99570675],
        ...,
        [-0.99174305, -0.95602689, -0.99775443, ...,  0.        ,
          0.01922976,  0.0256651 ],
        [-0.98909363, -0.95021043, -0.99628195, ..., -0.01922976,
          0.        ,  0.00643693],
        [-0.98812505, -0.94818494, -0.99570675, ..., -0.0256651 ,
         -0.00643693,  0.        ]],

       ...,

       [[ 0.        , -0.2973306 ,  0.07787594, ...,  0.87007447,
          0.74040481,  0.55082124],
        [ 0.2973306 ,  0.        ,  0.37078159, ...,  0.97728528,
          0.90677379,  0.77406915],
        [-0.07787594, -0.37078159,  0.        , ...,  0.82904547,
          0.68581105,  0.48415136],
        ...,
        [-0.87007447, -0.97728528, -0.82904547, ...,  0.        ,
         -0.21986978, -0.45467341],
        [-0.74040481, -0.90677379, -0.68581105, ...,  0.21986978,
          0.        , -0.24771837],
        [-0.55082124, -0.77406915, -0.48415136, ...,  0.45467341,
          0.24771837,  0.        ]],

       [[ 0.        ,  0.02593379,  0.08648406, ...,  0.99399565,
          0.99591553,  0.99623829],
        [-0.02593379,  0.        ,  0.06061835, ...,  0.99082366,
          0.993239  ,  0.99365589],
        [-0.08648406, -0.06061835,  0.        , ...,  0.98080832,
          0.98437543,  0.98501125],
        ...,
        [-0.99399565, -0.99082366, -0.98080832, ...,  0.        ,
          0.01922496,  0.02287226],
        [-0.99591553, -0.993239  , -0.98437543, ..., -0.01922496,
          0.        ,  0.00364811],
        [-0.99623829, -0.99365589, -0.98501125, ..., -0.02287226,
         -0.00364811,  0.        ]],

       [[ 0.        , -0.00327196,  0.04744228, ...,  0.85475767,
          0.86439011,  0.84896449],
        [ 0.00327196,  0.        ,  0.0507103 , ...,  0.85305485,
          0.86274027,  0.84723088],
        [-0.04744228, -0.0507103 ,  0.        , ...,  0.87841903,
          0.8872718 ,  0.87307941],
        ...,
        [-0.85475767, -0.85305485, -0.87841903, ...,  0.        ,
         -0.01885128,  0.01106085],
        [-0.86439011, -0.86274027, -0.8872718 , ...,  0.01885128,
          0.        ,  0.02990902],
        [-0.84896449, -0.84723088, -0.87307941, ..., -0.01106085,
         -0.02990902,  0.        ]]]), 'num': array([ 7.07106294e-01,  7.07106294e-01,  0.00000000e+00,  0.00000000e+00,
        2.30601898e-04,  2.36612848e-04,  2.29508998e-04,  9.71314867e-04,
       -2.73224998e-06,  2.38798648e-04,  2.32022668e-04,  2.32487150e-04,
        6.06062722e-07,  2.45753250e-04,  2.18292086e-04])}
{'img': array([[[ 0.00000000e+00,  6.10418322e-01,  9.18233430e-01, ...,
          9.71357271e-01,  9.94051517e-01,  9.98233908e-01],
        [-6.10418322e-01,  0.00000000e+00,  4.85563777e-01, ...,
          9.14441796e-01,  8.53848741e-01,  8.26942797e-01],
        [-9.18233430e-01, -4.85563777e-01,  0.00000000e+00, ...,
          6.02890031e-01,  4.93689390e-01,  4.49888682e-01],
        ...,
        [-9.71357271e-01, -9.14441796e-01, -6.02890031e-01, ...,
          0.00000000e+00, -1.30418875e-01, -1.79499705e-01],
        [-9.94051517e-01, -8.53848741e-01, -4.93689390e-01, ...,
          1.30418875e-01,  0.00000000e+00, -4.96659790e-02],
        [-9.98233908e-01, -8.26942797e-01, -4.49888682e-01, ...,
          1.79499705e-01,  4.96659790e-02,  0.00000000e+00]],

       [[ 0.00000000e+00,  7.25333025e-01,  9.95615959e-01, ...,
         -2.19531420e-01, -4.49092896e-01, -4.27986738e-01],
        [-7.25333025e-01,  0.00000000e+00, -7.53224460e-01, ...,
         -5.56513816e-01, -3.38919513e-01, -3.60919842e-01],
        [-9.95615959e-01,  7.53224460e-01,  0.00000000e+00, ...,
         -9.91862285e-01, -9.31574059e-01, -9.39854675e-01],
        ...,
        [ 2.19531420e-01,  5.56513816e-01,  9.91862285e-01, ...,
          0.00000000e+00, -2.41989421e-01, -2.19136978e-01],
        [ 4.49092896e-01,  3.38919513e-01,  9.31574059e-01, ...,
          2.41989421e-01,  0.00000000e+00,  2.34836678e-02],
        [ 4.27986738e-01,  3.60919842e-01,  9.39854675e-01, ...,
          2.19136978e-01, -2.34836678e-02,  0.00000000e+00]],

       [[ 0.00000000e+00,  2.28587287e-01,  5.50203581e-01, ...,
          9.50210427e-01,  9.48184937e-01,  9.60284592e-01],
        [-2.28587287e-01,  0.00000000e+00,  3.44758705e-01, ...,
          9.96281953e-01,  9.95706755e-01,  9.98640516e-01],
        [-5.50203581e-01, -3.44758705e-01,  0.00000000e+00, ...,
          9.64903102e-01,  9.66573488e-01,  9.55386097e-01],
        ...,
        [-9.50210427e-01, -9.96281953e-01, -9.64903102e-01, ...,
          0.00000000e+00,  6.43692716e-03, -3.41032875e-02],
        [-9.48184937e-01, -9.95706755e-01, -9.66573488e-01, ...,
         -6.43692716e-03,  0.00000000e+00, -4.05357639e-02],
        [-9.60284592e-01, -9.98640516e-01, -9.55386097e-01, ...,
          3.41032875e-02,  4.05357639e-02,  0.00000000e+00]],

       ...,

       [[ 0.00000000e+00,  3.70781593e-01,  8.21805460e-01, ...,
          9.06773795e-01,  7.74069153e-01,  7.63415960e-01],
        [-3.70781593e-01,  0.00000000e+00,  5.51967687e-01, ...,
          6.85811048e-01,  4.84151358e-01,  4.69509251e-01],
        [-8.21805460e-01, -5.51967687e-01,  0.00000000e+00, ...,
          1.70163327e-01, -7.92459264e-02, -9.58399126e-02],
        ...,
        [-9.06773795e-01, -6.85811048e-01, -1.70163327e-01, ...,
          0.00000000e+00, -2.47718374e-01, -2.63822196e-01],
        [-7.74069153e-01, -4.84151358e-01,  7.92459264e-02, ...,
          2.47718374e-01,  0.00000000e+00, -1.66573668e-02],
        [-7.63415960e-01, -4.69509251e-01,  9.58399126e-02, ...,
          2.63822196e-01,  1.66573668e-02,  0.00000000e+00]],

       [[ 0.00000000e+00,  8.25249536e-02,  3.92263871e-01, ...,
          9.95898884e-01,  9.96222372e-01,  9.96272154e-01],
        [-8.25249536e-02,  0.00000000e+00,  3.15015054e-01, ...,
          9.85035570e-01,  9.85657884e-01,  9.85754784e-01],
        [-3.92263871e-01, -3.15015054e-01,  0.00000000e+00, ...,
          8.80590919e-01,  8.82314132e-01,  8.82584695e-01],
        ...,
        [-9.95898884e-01, -9.85035570e-01, -8.80590919e-01, ...,
          0.00000000e+00,  3.64878193e-03,  4.22394563e-03],
        [-9.96222372e-01, -9.85657884e-01, -8.82314132e-01, ...,
         -3.64878193e-03,  0.00000000e+00,  5.75168136e-04],
        [-9.96272154e-01, -9.85754784e-01, -8.82584695e-01, ...,
         -4.22394563e-03, -5.75168136e-04,  0.00000000e+00]],

       [[ 0.00000000e+00,  5.07103027e-02,  3.71839956e-02, ...,
          8.62740265e-01,  8.47230882e-01,  8.33187715e-01],
        [-5.07103027e-02,  0.00000000e+00, -1.35390785e-02, ...,
          8.87271798e-01,  8.73079411e-01,  8.60158044e-01],
        [-3.71839956e-02,  1.35390785e-02,  0.00000000e+00, ...,
          8.80945614e-01,  8.66398029e-01,  8.53173900e-01],
        ...,
        [-8.62740265e-01, -8.87271798e-01, -8.80945614e-01, ...,
          0.00000000e+00,  2.99090184e-02,  5.57878130e-02],
        [-8.47230882e-01, -8.73079411e-01, -8.66398029e-01, ...,
         -2.99090184e-02,  0.00000000e+00,  2.59004154e-02],
        [-8.33187715e-01, -8.60158044e-01, -8.53173900e-01, ...,
         -5.57878130e-02, -2.59004154e-02,  0.00000000e+00]]]), 'num': array([ 7.07106098e-01,  7.07106098e-01,  0.00000000e+00,  0.00000000e+00,
        2.29508934e-04,  2.31148284e-04,  2.21312187e-04,  1.22685640e-03,
       -1.09289969e-06,  2.35629173e-04,  2.32350474e-04,  2.33443373e-04,
        5.56958495e-07,  2.45499833e-04,  2.19201114e-04])}
{'img': array([[[ 0.00000000e+00,  8.29833518e-01,  9.96560123e-01, ...,
          9.99984738e-01,  9.98763009e-01,  9.97417379e-01],
        [-8.29833518e-01,  0.00000000e+00,  4.87320826e-01, ...,
          5.62587249e-01,  5.16058355e-01,  4.96968616e-01],
        [-9.96560123e-01, -4.87320826e-01,  0.00000000e+00, ...,
          8.83775204e-02,  3.32177018e-02,  1.10827574e-02],
        ...,
        [-9.99984738e-01, -5.62587249e-01, -8.83775204e-02, ...,
          0.00000000e+00, -5.52410257e-02, -7.73327015e-02],
        [-9.98763009e-01, -5.16058355e-01, -3.32177018e-02, ...,
          5.52410257e-02,  0.00000000e+00, -2.21390205e-02],
        [-9.97417379e-01, -4.96968616e-01, -1.10827574e-02, ...,
          7.73327015e-02,  2.21390205e-02,  0.00000000e+00]],

       [[ 0.00000000e+00, -7.53224460e-01, -8.77207915e-01, ...,
         -3.38919513e-01, -3.60919842e-01, -4.58057002e-01],
        [ 7.53224460e-01,  0.00000000e+00, -2.15364296e-01, ...,
         -9.31574059e-01, -9.39854675e-01, -9.70851621e-01],
        [ 8.77207915e-01,  2.15364296e-01,  0.00000000e+00, ...,
         -9.88009572e-01, -9.91362804e-01, -9.99688198e-01],
        ...,
        [ 3.38919513e-01,  9.31574059e-01,  9.88009572e-01, ...,
          0.00000000e+00,  2.34836678e-02,  1.29673779e-01],
        [ 3.60919842e-01,  9.39854675e-01,  9.91362804e-01, ...,
         -2.34836678e-02,  0.00000000e+00,  1.06352629e-01],
        [ 4.58057002e-01,  9.70851621e-01,  9.99688198e-01, ...,
         -1.29673779e-01, -1.06352629e-01,  0.00000000e+00]],

       [[ 0.00000000e+00,  5.10884905e-01,  7.97200096e-01, ...,
          9.51203087e-01,  9.63042398e-01,  9.77809863e-01],
        [-5.10884905e-01,  0.00000000e+00,  3.76883396e-01, ...,
          9.75342371e-01,  9.65485323e-01,  9.47600879e-01],
        [-7.97200096e-01, -3.76883396e-01,  0.00000000e+00, ...,
          8.20244205e-01,  7.96129028e-01,  7.57327543e-01],
        ...,
        [-9.51203087e-01, -9.75342371e-01, -8.20244205e-01, ...,
          0.00000000e+00, -4.09552852e-02, -1.02446772e-01],
        [-9.63042398e-01, -9.65485323e-01, -7.96129028e-01, ...,
          4.09552852e-02,  0.00000000e+00, -6.16210190e-02],
        [-9.77809863e-01, -9.47600879e-01, -7.57327543e-01, ...,
          1.02446772e-01,  6.16210190e-02,  0.00000000e+00]],

       ...,

       [[ 0.00000000e+00,  5.51967687e-01,  8.21865419e-01, ...,
          4.84151358e-01,  4.69509251e-01,  3.34181716e-01],
        [-5.51967687e-01,  0.00000000e+00,  3.70879332e-01, ...,
         -7.92459264e-02, -9.58399126e-02, -2.41571723e-01],
        [-8.21865419e-01, -3.70879332e-01,  0.00000000e+00, ...,
         -4.43307143e-01, -4.58176797e-01, -5.84238071e-01],
        ...,
        [-4.84151358e-01,  7.92459264e-02,  4.43307143e-01, ...,
          0.00000000e+00, -1.66573668e-02, -1.63913106e-01],
        [-4.69509251e-01,  9.58399126e-02,  4.58176797e-01, ...,
          1.66573668e-02,  0.00000000e+00, -1.47458292e-01],
        [-3.34181716e-01,  2.41571723e-01,  5.84238071e-01, ...,
          1.63913106e-01,  1.47458292e-01,  0.00000000e+00]],

       [[ 0.00000000e+00,  3.84481637e-01,  6.98243955e-01, ...,
          9.96058777e-01,  9.96109722e-01,  9.95650800e-01],
        [-3.84481637e-01,  0.00000000e+00,  3.69336804e-01, ...,
          8.85392532e-01,  8.85660249e-01,  8.83298001e-01],
        [-6.98243955e-01, -3.69336804e-01,  0.00000000e+00, ...,
          6.51107345e-01,  6.51544598e-01,  6.47695445e-01],
        ...,
        [-9.96058777e-01, -8.85392532e-01, -6.51107345e-01, ...,
          0.00000000e+00,  5.76245051e-04, -4.48670675e-03],
        [-9.96109722e-01, -8.85660249e-01, -6.51544598e-01, ...,
         -5.76245051e-04,  0.00000000e+00, -5.06294526e-03],
        [-9.95650800e-01, -8.83298001e-01, -6.47695445e-01, ...,
          4.48670675e-03,  5.06294526e-03,  0.00000000e+00]],

       [[ 0.00000000e+00, -1.35390785e-02, -2.62057673e-01, ...,
          8.73079411e-01,  8.60158044e-01,  7.85265190e-01],
        [ 1.35390785e-02,  0.00000000e+00, -2.48967736e-01, ...,
          8.66398029e-01,  8.53173900e-01,  7.76810364e-01],
        [ 2.62057673e-01,  2.48967736e-01,  0.00000000e+00, ...,
          7.14793653e-01,  6.96440782e-01,  5.95566392e-01],
        ...,
        [-8.73079411e-01, -8.66398029e-01, -7.14793653e-01, ...,
          0.00000000e+00,  2.59004154e-02,  1.57697419e-01],
        [-8.60158044e-01, -8.53173900e-01, -6.96440782e-01, ...,
         -2.59004154e-02,  0.00000000e+00,  1.32068180e-01],
        [-7.85265190e-01, -7.76810364e-01, -5.95566392e-01, ...,
         -1.57697419e-01, -1.32068180e-01,  0.00000000e+00]]]), 'num': array([7.07100007e-01, 7.07100007e-01, 0.00000000e+00, 0.00000000e+00,
       2.42621641e-04, 2.48632537e-04, 2.31692738e-04, 4.32564878e-03,
       1.31146833e-05, 2.35299276e-04, 2.33195462e-04, 2.34424964e-04,
       7.01271259e-07, 2.46695533e-04, 2.19695392e-04])}
{'img': array([[[ 0.        ,  0.63852687,  0.41275341, ...,  0.66874086,
          0.64874818,  0.85126007],
        [-0.63852687,  0.        , -0.26394278, ...,  0.03992074,
          0.01335533,  0.32006618],
        [-0.41275341,  0.26394278,  0.        , ...,  0.30223747,
          0.27680097,  0.55877422],
        ...,
        [-0.66874086, -0.03992074, -0.30223747, ...,  0.        ,
         -0.0265725 ,  0.28199031],
        [-0.64874818, -0.01335533, -0.27680097, ...,  0.0265725 ,
          0.        ,  0.30738485],
        [-0.85126007, -0.32006618, -0.55877422, ..., -0.28199031,
         -0.30738485,  0.        ]],

       [[ 0.        , -0.61864375, -0.74989393, ..., -0.39499837,
         -0.50005866, -0.97388488],
        [ 0.61864375,  0.        , -0.17990161, ..., -0.87867578,
         -0.92862215, -0.90561206],
        [ 0.74989393,  0.17990161,  0.        , ..., -0.95022828,
         -0.98021964, -0.81453911],
        ...,
        [ 0.39499837,  0.87867578,  0.95022828, ...,  0.        ,
          0.11732956,  0.80500897],
        [ 0.50005866,  0.92862215,  0.98021964, ..., -0.11732956,
          0.        ,  0.72984156],
        [ 0.97388488,  0.90561206,  0.81453911, ..., -0.80500897,
         -0.72984156,  0.        ]],

       [[ 0.        ,  0.68901164,  0.84275918, ...,  0.97678841,
          0.98871124,  0.9896975 ],
        [-0.68901164,  0.        ,  0.23990133, ...,  0.8555184 ,
          0.81980578,  0.81593226],
        [-0.84275918, -0.23990133,  0.        , ...,  0.70632064,
          0.65848773,  0.65340646],
        ...,
        [-0.97678841, -0.8555184 , -0.70632064, ...,  0.        ,
         -0.06543267, -0.07214863],
        [-0.98871124, -0.81980578, -0.65848773, ...,  0.06543267,
          0.        , -0.00673187],
        [-0.9896975 , -0.81593226, -0.65340646, ...,  0.07214863,
          0.00673187,  0.        ]],

       ...,

       [[ 0.        ,  0.37087933,  0.1257289 , ..., -0.09583991,
         -0.24157172,  0.19092519],
        [-0.37087933,  0.        , -0.25117422, ..., -0.4581768 ,
         -0.58423807, -0.18674824],
        [-0.1257289 ,  0.25117422,  0.        , ..., -0.22022953,
         -0.36165995,  0.06599406],
        ...,
        [ 0.09583991,  0.4581768 ,  0.22022953, ...,  0.        ,
         -0.14745829,  0.28412321],
        [ 0.24157172,  0.58423807,  0.36165995, ...,  0.14745829,
          0.        ,  0.42239847],
        [-0.19092519,  0.18674824, -0.06599406, ..., -0.28412321,
         -0.42239847,  0.        ]],

       [[ 0.        ,  0.62020145,  0.73147252, ...,  0.99130108,
          0.99059076,  0.99370081],
        [-0.62020145,  0.        ,  0.15090086, ...,  0.69599177,
          0.69218244,  0.70999798],
        [-0.73147252, -0.15090086,  0.        , ...,  0.57966757,
          0.57534764,  0.59560277],
        ...,
        [-0.99130108, -0.69599177, -0.57966757, ...,  0.        ,
         -0.00529153,  0.01969389],
        [-0.99059076, -0.69218244, -0.57534764, ...,  0.00529153,
          0.        ,  0.02498411],
        [-0.99370081, -0.70999798, -0.59560277, ..., -0.01969389,
         -0.02498411,  0.        ]],

       [[ 0.        , -0.2486343 , -0.37787411, ...,  0.86165692,
          0.79572497,  0.68011196],
        [ 0.2486343 ,  0.        , -0.13580809, ...,  0.70841894,
          0.62014978,  0.47647884],
        [ 0.37787411,  0.13580809,  0.        , ...,  0.60600327,
          0.507865  ,  0.35266378],
        ...,
        [-0.86165692, -0.70841894, -0.60600327, ...,  0.        ,
          0.11804606,  0.28653693],
        [-0.79572497, -0.62014978, -0.507865  , ..., -0.11804606,
          0.        ,  0.17143721],
        [-0.68011196, -0.47647884, -0.35266378, ..., -0.28653693,
         -0.17143721,  0.        ]]]), 'num': array([7.07105746e-01, 7.07105746e-01, 0.00000000e+00, 0.00000000e+00,
       2.43716509e-04, 2.46995207e-04, 2.36612665e-04, 1.57300974e-03,
       1.09289914e-06, 2.35956925e-04, 2.34180964e-04, 2.35064391e-04,
       6.53696685e-07, 2.47736769e-04, 2.20625159e-04])}
{'img': array([[[ 0.        , -0.26394278, -0.55445341, ...,  0.01335533,
          0.32006618,  0.34446773],
        [ 0.26394278,  0.        , -0.3151345 , ...,  0.27680097,
          0.55877422,  0.58004133],
        [ 0.55445341,  0.3151345 ,  0.        , ...,  0.56551847,
          0.79165029,  0.80719097],
        ...,
        [-0.01335533, -0.27680097, -0.56551847, ...,  0.        ,
          0.30738485,  0.33189904],
        [-0.32006618, -0.55877422, -0.79165029, ..., -0.30738485,
          0.        ,  0.02586953],
        [-0.34446773, -0.58004133, -0.80719097, ..., -0.33189904,
         -0.02586953,  0.        ]],

       [[ 0.        , -0.50862272, -0.94091257, ..., -0.52693283,
         -0.99094522, -0.63808432],
        [ 0.50862272,  0.        , -0.63787099, ..., -0.88596561,
         -0.92148457, -0.94100635],
        [ 0.94091257,  0.63787099,  0.        , ..., -0.97813369,
         -0.46191646, -0.94055814],
        ...,
        [ 0.52693283,  0.88596561,  0.97813369, ...,  0.        ,
          0.77146164,  0.13659166],
        [ 0.99094522,  0.92148457,  0.46191646, ..., -0.77146164,
          0.        , -0.6773211 ],
        [ 0.63808432,  0.94100635,  0.94055814, ..., -0.13659166,
          0.6773211 ,  0.        ]],

       [[ 0.        ,  0.6210338 ,  0.7893841 , ...,  0.99989978,
          0.9999793 ,  0.99976063],
        [-0.6210338 ,  0.        ,  0.23745405, ...,  0.79249722,
          0.78776391,  0.79718378],
        [-0.7893841 , -0.23745405,  0.        , ...,  0.62501341,
          0.61896659,  0.63102361],
        ...,
        [-0.99989978, -0.79249722, -0.62501341, ...,  0.        ,
         -0.00772236,  0.0077232 ],
        [-0.9999793 , -0.78776391, -0.61896659, ...,  0.00772236,
          0.        ,  0.0154451 ],
        [-0.99976063, -0.79718378, -0.63102361, ..., -0.0077232 ,
         -0.0154451 ,  0.        ]],

       ...,

       [[ 0.        , -0.25117422, -0.42342717, ..., -0.58423807,
         -0.18674824, -0.32689206],
        [ 0.25117422,  0.        , -0.1823066 , ..., -0.36165995,
          0.06599406, -0.07903739],
        [ 0.42342717,  0.1823066 ,  0.        , ..., -0.18563287,
          0.24679729,  0.10402342],
        ...,
        [ 0.58423807,  0.36165995,  0.18563287, ...,  0.        ,
          0.42239847,  0.28684119],
        [ 0.18674824, -0.06599406, -0.24679729, ..., -0.42239847,
          0.        , -0.1446527 ],
        [ 0.32689206,  0.07903739, -0.10402342, ..., -0.28684119,
          0.1446527 ,  0.        ]],

       [[ 0.        ,  0.46551903,  0.55669027, ...,  0.96167621,
          0.96916794,  0.9749798 ],
        [-0.46551903,  0.        ,  0.10597594, ...,  0.72348028,
          0.74304592,  0.75941221],
        [-0.55669027, -0.10597594,  0.        , ...,  0.64624618,
          0.66793822,  0.68618674],
        ...,
        [-0.96167621, -0.72348028, -0.64624618, ...,  0.        ,
          0.02877581,  0.0535531 ],
        [-0.96916794, -0.74304592, -0.66793822, ..., -0.02877581,
          0.        ,  0.02479641],
        [-0.9749798 , -0.75941221, -0.68618674, ..., -0.0535531 ,
         -0.02479641,  0.        ]],

       [[ 0.        , -0.13483958, -0.15756435, ...,  0.70592227,
          0.66494692,  0.473422  ],
        [ 0.13483958,  0.        , -0.02297013, ...,  0.60396997,
          0.55816385,  0.35032692],
        [ 0.15756435,  0.02297013,  0.        , ...,  0.58550326,
          0.53895755,  0.32872004],
        ...,
        [-0.70592227, -0.60396997, -0.58550326, ...,  0.        ,
          0.05627192,  0.28648184],
        [-0.66494692, -0.55816385, -0.53895755, ..., -0.05627192,
          0.        ,  0.23211458],
        [-0.473422  , -0.35032692, -0.32872004, ..., -0.28648184,
         -0.23211458,  0.        ]]]), 'num': array([7.07106141e-01, 7.07106141e-01, 0.00000000e+00, 0.00000000e+00,
       2.43716645e-04, 2.45355995e-04, 2.38798596e-04, 1.16471420e-03,
       0.00000000e+00, 2.38033566e-04, 2.35055415e-04, 2.35310425e-04,
       6.53697049e-07, 2.48702556e-04, 2.21408273e-04])}
{'img': array([[[ 0.        , -0.3151345 , -0.49892566, ...,  0.55877422,
          0.58004133,  0.58004133],
        [ 0.3151345 ,  0.        , -0.20039424, ...,  0.79165029,
          0.80719097,  0.80719097],
        [ 0.49892566,  0.20039424,  0.        , ...,  0.8980277 ,
          0.90910817,  0.90910817],
        ...,
        [-0.55877422, -0.79165029, -0.8980277 , ...,  0.        ,
          0.02586953,  0.02586953],
        [-0.58004133, -0.80719097, -0.90910817, ..., -0.02586953,
          0.        ,  0.        ],
        [-0.58004133, -0.80719097, -0.90910817, ..., -0.02586953,
          0.        ,  0.        ]],

       [[ 0.        , -0.8986615 , -0.98602972, ..., -0.99757505,
         -0.658268  , -0.5200785 ],
        [ 0.8986615 ,  0.        , -0.5822044 , ..., -0.50012506,
         -0.96524221, -0.99569207],
        [ 0.98602972,  0.5822044 ,  0.        , ...,  0.09753885,
         -0.63261971, -0.75555699],
        ...,
        [ 0.99757505,  0.50012506, -0.09753885, ...,  0.        ,
         -0.70514339, -0.81585032],
        [ 0.658268  ,  0.96524221,  0.63261971, ...,  0.70514339,
          0.        , -0.17073225],
        [ 0.5200785 ,  0.99569207,  0.75555699, ...,  0.81585032,
          0.17073225,  0.        ]],

       [[ 0.        ,  0.58708705,  0.70858277, ...,  0.99348108,
          0.99531541,  0.99912403],
        [-0.58708705,  0.        ,  0.15934974, ...,  0.73732036,
          0.7489713 ,  0.78424683],
        [-0.70858277, -0.15934974,  0.        , ...,  0.62025138,
          0.63381557,  0.6753575 ],
        ...,
        [-0.99348108, -0.73732036, -0.62025138, ...,  0.        ,
          0.01741224,  0.07232301],
        [-0.99531541, -0.7489713 , -0.63381557, ..., -0.01741224,
          0.        ,  0.0549454 ],
        [-0.99912403, -0.78424683, -0.6753575 , ..., -0.07232301,
         -0.0549454 ,  0.        ]],

       ...,

       [[ 0.        , -0.1823066 , -0.1408918 , ...,  0.06599406,
         -0.07903739, -0.07903739],
        [ 0.1823066 ,  0.        ,  0.04195739, ...,  0.24679729,
          0.10402342,  0.10402342],
        [ 0.1408918 , -0.04195739,  0.        , ...,  0.20592043,
          0.06220205,  0.06220205],
        ...,
        [-0.06599406, -0.24679729, -0.20592043, ...,  0.        ,
         -0.1446527 , -0.1446527 ],
        [ 0.07903739, -0.10402342, -0.06220205, ...,  0.1446527 ,
          0.        ,  0.        ],
        [ 0.07903739, -0.10402342, -0.06220205, ...,  0.1446527 ,
          0.        ,  0.        ]],

       [[ 0.        ,  0.33457364,  0.39913235, ...,  0.94659844,
          0.95492815,  0.96199409],
        [-0.33457364,  0.        ,  0.06936185, ...,  0.78417407,
          0.80058142,  0.81519188],
        [-0.39913235, -0.06936185,  0.        , ...,  0.73924357,
          0.75708998,  0.77305479],
        ...,
        [-0.94659844, -0.78417407, -0.73924357, ...,  0.        ,
          0.02689761,  0.05167337],
        [-0.95492815, -0.80058142, -0.75708998, ..., -0.02689761,
          0.        ,  0.024793  ],
        [-0.96199409, -0.81519188, -0.77305479, ..., -0.05167337,
         -0.024793  ,  0.        ]],

       [[ 0.        , -0.02283497, -0.03241134, ...,  0.62311252,
          0.53939393,  0.34839086],
        [ 0.02283497,  0.        , -0.00957991, ...,  0.60509008,
          0.52002501,  0.32689567],
        [ 0.03241134,  0.00957991,  0.        , ...,  0.5974352 ,
          0.51181845,  0.31782707],
        ...,
        [-0.62311252, -0.60509008, -0.5974352 , ...,  0.        ,
          0.10281675,  0.31158641],
        [-0.53939393, -0.52002501, -0.51181845, ..., -0.10281675,
          0.        ,  0.21223679],
        [-0.34839086, -0.32689567, -0.31782707, ..., -0.31158641,
         -0.21223679,  0.        ]]]), 'num': array([ 7.07106116e-01,  7.07106116e-01,  0.00000000e+00,  0.00000000e+00,
        2.37705688e-04,  2.45902436e-04,  2.37705688e-04,  1.19564322e-03,
       -6.01094843e-06,  2.39454328e-04,  2.35629179e-04,  2.35629179e-04,
        5.88484462e-07,  2.48696530e-04,  2.22561827e-04])}
{'img': array([[[ 0.00000000e+00, -2.00394243e-01,  3.97153183e-01, ...,
          8.07190973e-01,  8.07190973e-01,  7.15480047e-01],
        [ 2.00394243e-01,  0.00000000e+00,  5.73009350e-01, ...,
          9.09108173e-01,  9.09108173e-01,  8.40968843e-01],
        [-3.97153183e-01, -5.73009350e-01,  0.00000000e+00, ...,
          5.06365697e-01,  5.06365697e-01,  3.79169099e-01],
        ...,
        [-8.07190973e-01, -9.09108173e-01, -5.06365697e-01, ...,
          0.00000000e+00,  0.00000000e+00, -1.41589396e-01],
        [-8.07190973e-01, -9.09108173e-01, -5.06365697e-01, ...,
          0.00000000e+00,  0.00000000e+00, -1.41589396e-01],
        [-7.15480047e-01, -8.40968843e-01, -3.79169099e-01, ...,
          1.41589396e-01,  1.41589396e-01,  0.00000000e+00]],

       [[ 0.00000000e+00, -6.04104315e-01, -2.71232753e-01, ...,
         -9.75715128e-01, -9.98943627e-01, -9.98150599e-01],
        [ 6.04104315e-01,  0.00000000e+00,  3.65311929e-01, ...,
         -6.45227474e-01, -7.68303328e-01, -7.58708161e-01],
        [ 2.71232753e-01, -3.65311929e-01,  0.00000000e+00, ...,
         -8.79727533e-01, -9.49033197e-01, -9.44245570e-01],
        ...,
        [ 9.75715128e-01,  6.45227474e-01,  8.79727533e-01, ...,
          0.00000000e+00, -1.73975428e-01, -1.59324869e-01],
        [ 9.98943627e-01,  7.68303328e-01,  9.49033197e-01, ...,
          1.73975428e-01,  0.00000000e+00,  1.48579388e-02],
        [ 9.98150599e-01,  7.58708161e-01,  9.44245570e-01, ...,
          1.59324869e-01, -1.48579388e-02,  0.00000000e+00]],

       [[ 0.00000000e+00,  1.92616128e-01,  3.19571591e-01, ...,
          8.05253226e-01,  8.37906323e-01,  8.58581564e-01],
        [-1.92616128e-01,  0.00000000e+00,  1.31071603e-01, ...,
          6.75966118e-01,  7.17083252e-01,  7.43754067e-01],
        [-3.19571591e-01, -1.31071603e-01,  0.00000000e+00, ...,
          5.73543543e-01,  6.19541634e-01,  6.49722377e-01],
        ...,
        [-8.05253226e-01, -6.75966118e-01, -5.73543543e-01, ...,
          0.00000000e+00,  5.73021475e-02,  9.62448754e-02],
        [-8.37906323e-01, -7.17083252e-01, -6.19541634e-01, ...,
         -5.73021475e-02,  0.00000000e+00,  3.90506008e-02],
        [-8.58581564e-01, -7.43754067e-01, -6.49722377e-01, ...,
         -9.62448754e-02, -3.90506008e-02,  0.00000000e+00]],

       ...,

       [[ 0.00000000e+00,  4.19573921e-02,  2.93424722e-01, ...,
          1.04023418e-01,  1.04023418e-01, -9.13286012e-02],
        [-4.19573921e-02,  0.00000000e+00,  2.53055814e-01, ...,
          6.22020480e-02,  6.22020480e-02, -1.33030221e-01],
        [-2.93424722e-01, -2.53055814e-01,  0.00000000e+00, ...,
         -1.92388315e-01, -1.92388315e-01, -3.79506960e-01],
        ...,
        [-1.04023418e-01, -6.22020480e-02,  1.92388315e-01, ...,
          0.00000000e+00,  0.00000000e+00, -1.94421814e-01],
        [-1.04023418e-01, -6.22020480e-02,  1.92388315e-01, ...,
