state_0,state_1,state_2,state_3,state_4,state_5,state_6,state_7,state_8,state_9,state_10,state_11,state_12,state_13,state_14,state_15,state_16,state_17,state_18,state_19,state_20,state_21,state_22,state_23,state_24,state_25,state_26,state_27,state_28,state_29,state_30,state_31,state_32,state_33,state_34,state_35,state_36,state_37,state_38,state_39,state_40,state_41,state_42,state_43,state_44,state_45,state_46,state_47,state_48,state_49,state_50,state_51,state_52,state_53,state_54,state_55,state_56,state_57,state_58,state_59,state_60,state_61,state_62,state_63,state_64,state_65,state_66,state_67,state_68,state_69,state_70,state_71,state_72,state_73,state_74,state_75,state_76,state_77,state_78,state_79,state_80,state_81,state_82,state_83,state_84,state_85,state_86,state_87,state_88,state_89,state_90,state_91,state_92,state_93,state_94,state_95,state_96,state_97,state_98,state_99,state_100,state_101,state_102,state_103,state_104,state_105,state_106,state_107,state_108,state_109,state_110,state_111,state_112,state_113,state_114,state_115,state_116,state_117,state_118,state_119,state_120,state_121,state_122,state_123,state_124,state_125,state_126,state_127,state_128,state_129,state_130,state_131,state_132,state_133,state_134,state_135,state_136,state_137,state_138,state_139,state_140,state_141,state_142,state_143,state_144,state_145,state_146,state_147,state_148,state_149,state_150,state_151,state_152,state_153,state_154,state_155,state_156,state_157,state_158,state_159,state_160,state_161,state_162,state_163,state_164,state_165,state_166,state_167,state_168,state_169,state_170,state_171,state_172,state_173,state_174,state_175,state_176,state_177,state_178,state_179,state_180,state_181,state_182,state_183,state_184,state_185,state_186,state_187,state_188,state_189,state_190,state_191,state_192,state_193,state_194,state_195,state_196,state_197,state_198,state_199,state_200,state_201,state_202,state_203,state_204,state_205,state_206,state_207,state_208,state_209,state_210,state_211,state_212,state_213,state_214,state_215,state_216,state_217,state_218,state_219,state_220,state_221,state_222,state_223,state_224,state_225,state_226,state_227,state_228,state_229,state_230,state_231,state_232,state_233,state_234,state_235,state_236,state_237,state_238,state_239,state_240,state_241,state_242,state_243,state_244,state_245,state_246,state_247,state_248,state_249,state_250,state_251,state_252,state_253,state_254,state_255,state_256,state_257,state_258,state_259,state_260,state_261,state_262,state_263,state_264,state_265,state_266,state_267,state_268,state_269,state_270,state_271,state_272,state_273,state_274,state_275,state_276,state_277,state_278,state_279,state_280,state_281,state_282,state_283,state_284,state_285,state_286,state_287
{'img': array([[[ 0.        , -0.11419862,  0.42380995, ..., -0.59370119,
         -0.48501159, -0.52690924],
        [ 0.11419862,  0.        ,  0.52447289, ..., -0.49792318,
         -0.38197104, -0.4264023 ],
        [-0.42380995, -0.52447289,  0.        , ..., -0.87877929,
         -0.80992487, -0.83745386],
        ...,
        [ 0.59370119,  0.49792318,  0.87877929, ...,  0.        ,
          0.12891444,  0.08060317],
        [ 0.48501159,  0.38197104,  0.80992487, ..., -0.12891444,
          0.        , -0.0485644 ],
        [ 0.52690924,  0.4264023 ,  0.83745386, ..., -0.08060317,
          0.0485644 ,  0.        ]],

       [[ 0.        , -0.26903914, -0.04000539, ..., -0.87468907,
         -0.94767876, -0.99925643],
        [ 0.26903914,  0.        ,  0.2302934 , ..., -0.71203953,
         -0.82685295, -0.97278625],
        [ 0.04000539, -0.2302934 ,  0.        , ..., -0.85459886,
         -0.93414936, -0.99999895],
        ...,
        [ 0.87468907,  0.71203953,  0.85459886, ...,  0.        ,
         -0.18010205, -0.51804886],
        [ 0.94767876,  0.82685295,  0.93414936, ...,  0.18010205,
          0.        , -0.35552722],
        [ 0.99925643,  0.97278625,  0.99999895, ...,  0.51804886,
          0.35552722,  0.        ]],

       [[ 0.        , -0.5865874 , -0.67519139, ..., -0.5865874 ,
         -0.78776994, -0.93100007],
        [ 0.5865874 ,  0.        , -0.11413616, ..., -0.95013777,
         -0.99932379, -0.96811941],
        [ 0.67519139,  0.11413616,  0.        , ..., -0.97951986,
         -0.99699001, -0.93320299],
        ...,
        [ 0.5865874 ,  0.95013777,  0.97951986, ...,  0.        ,
          0.27668379,  0.5398883 ],
        [ 0.78776994,  0.99932379,  0.99699001, ..., -0.27668379,
          0.        ,  0.28591672],
        [ 0.93100007,  0.96811941,  0.93320299, ..., -0.5398883 ,
         -0.28591672,  0.        ]],

       ...,

       [[ 0.        , -0.70929731, -0.44426334, ..., -0.99992723,
         -0.99545598, -0.99998811],
        [ 0.70929731,  0.        ,  0.32229138, ..., -0.71341488,
         -0.63416499, -0.70835939],
        [ 0.44426334, -0.32229138,  0.        , ..., -0.9011905 ,
         -0.84952124, -0.8980517 ],
        ...,
        [ 0.99992723,  0.71341488,  0.9011905 , ...,  0.        ,
          0.10722481,  0.00718818],
        [ 0.99545598,  0.63416499,  0.84952124, ..., -0.10722481,
          0.        , -0.1000753 ],
        [ 0.99998811,  0.70835939,  0.8980517 , ..., -0.00718818,
          0.1000753 ,  0.        ]],

       [[ 0.        , -0.21935789, -0.02643413, ..., -0.98150843,
         -0.97659521, -0.96510319],
        [ 0.21935789,  0.        ,  0.19349092, ..., -0.99959251,
         -0.99999042, -0.99904081],
        [ 0.02643413, -0.19349092,  0.        , ..., -0.98622544,
         -0.98193954, -0.97168824],
        ...,
        [ 0.98150843,  0.99959251,  0.98622544, ...,  0.        ,
         -0.02416948, -0.07228846],
        [ 0.97659521,  0.99999042,  0.98193954, ...,  0.02416948,
          0.        , -0.0481611 ],
        [ 0.96510319,  0.99904081,  0.97168824, ...,  0.07228846,
          0.0481611 ,  0.        ]],

       [[ 0.        ,  0.64946517,  0.79042299, ...,  0.8578482 ,
          0.85879001,  0.86146205],
        [-0.64946517,  0.        ,  0.20319348, ...,  0.31853814,
          0.32027746,  0.32523561],
        [-0.79042299, -0.20319348,  0.        , ...,  0.11928385,
          0.12110601,  0.12630428],
        ...,
        [-0.8578482 , -0.31853814, -0.11928385, ...,  0.        ,
          0.00183546,  0.00707392],
        [-0.85879001, -0.32027746, -0.12110601, ..., -0.00183546,
          0.        ,  0.00523849],
        [-0.86146205, -0.32523561, -0.12630428, ..., -0.00707392,
         -0.00523849,  0.        ]]]), 'num': array([7.07103808e-01, 7.07103808e-01, 0.00000000e+00, 0.00000000e+00,
       2.18624953e-04, 2.21150324e-04, 2.16460350e-04, 2.83498120e-03,
       4.68997424e-06, 2.14007132e-04, 2.10994726e-04, 2.17662907e-04,
       3.57487547e-07, 2.28993035e-04, 1.92996417e-04])}
{'img': array([[[ 0.00000000e+00,  5.24472888e-01,  3.95179021e-01, ...,
         -3.81971036e-01, -4.26402299e-01, -2.25368820e-01],
        [-5.24472888e-01,  0.00000000e+00, -1.45316811e-01, ...,
         -8.09924871e-01, -8.37453856e-01, -7.02865179e-01],
        [-3.95179021e-01,  1.45316811e-01,  0.00000000e+00, ...,
         -7.16094463e-01, -7.49147624e-01, -5.92037185e-01],
        ...,
        [ 3.81971036e-01,  8.09924871e-01,  7.16094463e-01, ...,
          0.00000000e+00, -4.85643983e-02,  1.63864195e-01],
        [ 4.26402299e-01,  8.37453856e-01,  7.49147624e-01, ...,
          4.85643983e-02,  0.00000000e+00,  2.11578793e-01],
        [ 2.25368820e-01,  7.02865179e-01,  5.92037185e-01, ...,
         -1.63864195e-01, -2.11578793e-01,  0.00000000e+00]],

       [[ 0.00000000e+00,  2.30293399e-01, -4.38236901e-01, ...,
         -8.26852951e-01, -9.72786249e-01, -7.15476855e-01],
        [-2.30293399e-01,  0.00000000e+00, -6.33459049e-01, ...,
         -9.34149362e-01, -9.99998948e-01, -8.57137085e-01],
        [ 4.38236901e-01,  6.33459049e-01,  0.00000000e+00, ...,
         -4.96752243e-01, -7.72856767e-01, -3.36944908e-01],
        ...,
        [ 8.26852951e-01,  9.34149362e-01,  4.96752243e-01, ...,
          0.00000000e+00, -3.55527222e-01,  1.75272416e-01],
        [ 9.72786249e-01,  9.99998948e-01,  7.72856767e-01, ...,
          3.55527222e-01,  0.00000000e+00,  5.13844806e-01],
        [ 7.15476855e-01,  8.57137085e-01,  3.36944908e-01, ...,
         -1.75272416e-01, -5.13844806e-01,  0.00000000e+00]],

       [[ 0.00000000e+00, -1.76391405e-01, -3.55220493e-01, ...,
         -9.64381222e-01, -9.99362082e-01, -9.57239764e-01],
        [ 1.76391405e-01,  0.00000000e+00, -1.84763067e-01, ...,
         -9.95918224e-01, -9.77392697e-01, -8.91201061e-01],
        [ 3.55220493e-01,  1.84763067e-01,  0.00000000e+00, ...,
         -9.95448331e-01, -9.21500182e-01, -7.92047239e-01],
        ...,
        [ 9.64381222e-01,  9.95918224e-01,  9.95448331e-01, ...,
          0.00000000e+00,  2.98788632e-01,  5.32196891e-01],
        [ 9.99362082e-01,  9.77392697e-01,  9.21500182e-01, ...,
         -2.98788632e-01,  0.00000000e+00,  2.54925156e-01],
        [ 9.57239764e-01,  8.91201061e-01,  7.92047239e-01, ...,
         -5.32196891e-01, -2.54925156e-01,  0.00000000e+00]],

       ...,

       [[ 0.00000000e+00,  3.49072824e-01, -2.33257663e-01, ...,
         -6.48067329e-01, -7.22018710e-01, -5.46765545e-01],
        [-3.49072824e-01,  0.00000000e+00, -5.58028367e-01, ...,
         -8.73148987e-01, -9.18114803e-01, -8.04645290e-01],
        [ 2.33257663e-01,  5.58028367e-01,  0.00000000e+00, ...,
         -4.52545287e-01, -5.40716995e-01, -3.36379679e-01],
        ...,
        [ 6.48067329e-01,  8.73148987e-01,  4.52545287e-01, ...,
          0.00000000e+00, -1.01496578e-01,  1.26210174e-01],
        [ 7.22018710e-01,  9.18114803e-01,  5.40716995e-01, ...,
          1.01496578e-01,  0.00000000e+00,  2.26243374e-01],
        [ 5.46765545e-01,  8.04645290e-01,  3.36379679e-01, ...,
         -1.26210174e-01, -2.26243374e-01,  0.00000000e+00]],

       [[ 0.00000000e+00,  1.93490925e-01,  3.73048987e-01, ...,
         -9.99990422e-01, -9.99040806e-01, -9.99987649e-01],
        [-1.93490925e-01,  0.00000000e+00,  1.86475998e-01, ...,
         -9.81939544e-01, -9.71688245e-01, -9.82051598e-01],
        [-3.73048987e-01, -1.86475998e-01,  0.00000000e+00, ...,
         -9.29435531e-01, -9.10586294e-01, -9.29654242e-01],
        ...,
        [ 9.99990422e-01,  9.81939544e-01,  9.29435531e-01, ...,
          0.00000000e+00, -4.81611030e-02,  5.93179437e-04],
        [ 9.99040806e-01,  9.71688245e-01,  9.10586294e-01, ...,
          4.81611030e-02,  0.00000000e+00,  4.87535856e-02],
        [ 9.99987649e-01,  9.82051598e-01,  9.29654242e-01, ...,
         -5.93179437e-04, -4.87535856e-02,  0.00000000e+00]],

       [[ 0.00000000e+00,  5.54702430e-01,  7.58372858e-01, ...,
          6.95865410e-01,  7.01109998e-01,  6.99983668e-01],
        [-5.54702430e-01,  0.00000000e+00,  2.69436540e-01, ...,
          1.80622110e-01,  1.87825430e-01,  1.86274924e-01],
        [-7.58372858e-01, -2.69436540e-01,  0.00000000e+00, ...,
         -9.10626316e-02, -8.37619257e-02, -8.53346386e-02],
        ...,
        [-6.95865410e-01, -1.80622110e-01,  9.10626316e-02, ...,
          0.00000000e+00,  7.32870988e-03,  5.75037920e-03],
        [-7.01109998e-01, -1.87825430e-01,  8.37619257e-02, ...,
         -7.32870988e-03,  0.00000000e+00, -1.57836393e-03],
        [-6.99983668e-01, -1.86274924e-01,  8.53346386e-02, ...,
         -5.75037920e-03,  1.57836393e-03,  0.00000000e+00]]]), 'num': array([7.07105625e-01, 7.07105625e-01, 0.00000000e+00, 0.00000000e+00,
       2.18625515e-04, 2.20068587e-04, 2.15378601e-04, 1.70271034e-03,
       0.00000000e+00, 2.15667216e-04, 2.11392113e-04, 2.17585300e-04,
       3.43750809e-07, 2.29693374e-04, 1.93090851e-04])}
{'img': array([[[ 0.        , -0.14531681,  0.07000172, ..., -0.83745386,
         -0.70286518, -0.70286518],
        [ 0.14531681,  0.        ,  0.214219  , ..., -0.74914762,
         -0.59203719, -0.59203719],
        [-0.07000172, -0.214219  ,  0.        , ..., -0.87365598,
         -0.7509348 , -0.7509348 ],
        ...,
        [ 0.83745386,  0.74914762,  0.87365598, ...,  0.        ,
          0.21157879,  0.21157879],
        [ 0.70286518,  0.59203719,  0.7509348 , ..., -0.21157879,
          0.        ,  0.        ],
        [ 0.70286518,  0.59203719,  0.7509348 , ..., -0.21157879,
          0.        ,  0.        ]],

       [[ 0.        , -0.63345905, -0.6878385 , ..., -0.99999895,
         -0.85713708, -0.98459372],
        [ 0.63345905,  0.        , -0.07242811, ..., -0.77285677,
         -0.33694491, -0.65109004],
        [ 0.6878385 ,  0.07242811,  0.        , ..., -0.7248655 ,
         -0.26786714, -0.59440706],
        ...,
        [ 0.99999895,  0.77285677,  0.7248655 , ...,  0.        ,
          0.51384481,  0.17342963],
        [ 0.85713708,  0.33694491,  0.26786714, ..., -0.51384481,
          0.        , -0.35727578],
        [ 0.98459372,  0.65109004,  0.59440706, ..., -0.17342963,
          0.35727578,  0.        ]],

       [[ 0.        , -0.18476307, -0.16648315, ..., -0.9773927 ,
         -0.89120106, -0.84492912],
        [ 0.18476307,  0.        ,  0.01856774, ..., -0.92150018,
         -0.79204724, -0.7315563 ],
        [ 0.16648315, -0.01856774,  0.        , ..., -0.92855262,
         -0.80324555, -0.74408932],
        ...,
        [ 0.9773927 ,  0.92150018,  0.92855262, ...,  0.        ,
          0.25492516,  0.34414103],
        [ 0.89120106,  0.79204724,  0.80324555, ..., -0.25492516,
          0.        ,  0.09341707],
        [ 0.84492912,  0.7315563 ,  0.74408932, ..., -0.34414103,
         -0.09341707,  0.        ]],

       ...,

       [[ 0.        , -0.55802837, -0.15669029, ..., -0.9181148 ,
         -0.80464529, -0.86130816],
        [ 0.55802837,  0.        ,  0.42111045, ..., -0.540717  ,
         -0.33637968, -0.43120766],
        [ 0.15669029, -0.42111045,  0.        , ..., -0.84467542,
         -0.70167037, -0.77105743],
        ...,
        [ 0.9181148 ,  0.540717  ,  0.84467542, ...,  0.        ,
          0.22624337,  0.12512952],
        [ 0.80464529,  0.33637968,  0.70167037, ..., -0.22624337,
          0.        , -0.10258019],
        [ 0.86130816,  0.43120766,  0.77105743, ..., -0.12512952,
          0.10258019,  0.        ]],

       [[ 0.        ,  0.186476  , -0.08920518, ..., -0.97168824,
         -0.9820516 , -0.99066536],
        [-0.186476  ,  0.        , -0.27337305, ..., -0.91058629,
         -0.92965424, -0.94786889],
        [ 0.08920518,  0.27337305,  0.        , ..., -0.9888906 ,
         -0.99496163, -0.99887597],
        ...,
        [ 0.97168824,  0.91058629,  0.9888906 , ...,  0.        ,
          0.04875359,  0.10160426],
        [ 0.9820516 ,  0.92965424,  0.99496163, ..., -0.04875359,
          0.        ,  0.05298215],
        [ 0.99066536,  0.94786889,  0.99887597, ..., -0.10160426,
         -0.05298215,  0.        ]],

       [[ 0.        ,  0.59564205,  0.86069967, ...,  0.49288313,
          0.49074613,  0.5019237 ],
        [-0.59564205,  0.        ,  0.38810787, ..., -0.12235711,
         -0.12479264, -0.11200769],
        [-0.86069967, -0.38810787,  0.        , ..., -0.4979577 ,
         -0.50008461, -0.48889349],
        ...,
        [-0.49288313,  0.12235711,  0.4979577 , ...,  0.        ,
         -0.00245434,  0.01042108],
        [-0.49074613,  0.12479264,  0.50008461, ...,  0.00245434,
          0.        ,  0.01287526],
        [-0.5019237 ,  0.11200769,  0.48889349, ..., -0.01042108,
         -0.01287526,  0.        ]]]), 'num': array([7.07092327e-01, 7.07092327e-01, 0.00000000e+00, 0.00000000e+00,
       2.24754347e-04, 2.27279677e-04, 2.17539119e-04, 6.36414120e-03,
       6.13294365e-06, 2.18188489e-04, 2.12019470e-04, 2.17460954e-04,
       3.95998550e-07, 2.31227566e-04, 1.92811373e-04])}
{'img': array([[[ 0.        ,  0.214219  ,  0.61269096, ..., -0.59203719,
         -0.59203719, -0.32489537],
        [-0.214219  ,  0.        ,  0.42916564, ..., -0.7509348 ,
         -0.7509348 , -0.51995075],
        [-0.61269096, -0.42916564,  0.        , ..., -0.96167453,
         -0.96167453, -0.83622461],
        ...,
        [ 0.59203719,  0.7509348 ,  0.96167453, ...,  0.        ,
          0.        ,  0.29808251],
        [ 0.59203719,  0.7509348 ,  0.96167453, ...,  0.        ,
          0.        ,  0.29808251],
        [ 0.32489537,  0.51995075,  0.83622461, ..., -0.29808251,
         -0.29808251,  0.        ]],

       [[ 0.        , -0.07242811, -0.27761805, ..., -0.33694491,
         -0.65109004,  0.4087031 ],
        [ 0.07242811,  0.        , -0.20730785, ..., -0.26786714,
         -0.59440706,  0.47373247],
        [ 0.27761805,  0.20730785,  0.        , ..., -0.06231596,
         -0.41478445,  0.64601055],
        ...,
        [ 0.33694491,  0.26786714,  0.06231596, ...,  0.        ,
         -0.35727578,  0.69232256],
        [ 0.65109004,  0.59440706,  0.41478445, ...,  0.35727578,
          0.        ,  0.90443451],
        [-0.4087031 , -0.47373247, -0.64601055, ..., -0.69232256,
         -0.90443451,  0.        ]],

       [[ 0.        ,  0.01856774,  0.20049155, ..., -0.79204724,
         -0.7315563 , -0.62688332],
        [-0.01856774,  0.        ,  0.18226626, ..., -0.80324555,
         -0.74408932, -0.64124162],
        [-0.20049155, -0.18226626,  0.        , ..., -0.89835709,
         -0.8533937 , -0.77036033],
        ...,
        [ 0.79204724,  0.80324555,  0.89835709, ...,  0.        ,
          0.09341707,  0.23440735],
        [ 0.7315563 ,  0.74408932,  0.8533937 , ..., -0.09341707,
          0.        ,  0.14256798],
        [ 0.62688332,  0.64124162,  0.77036033, ..., -0.23440735,
         -0.14256798,  0.        ]],

       ...,

       [[ 0.        ,  0.42111045,  0.83655249, ..., -0.33637968,
         -0.43120766, -0.0357625 ],
        [-0.42111045,  0.        ,  0.52804009, ..., -0.70167037,
         -0.77105743, -0.453278  ],
        [-0.83655249, -0.52804009,  0.        , ..., -0.97210159,
         -0.99103473, -0.85561116],
        ...,
        [ 0.33637968,  0.70167037,  0.97210159, ...,  0.        ,
         -0.10258019,  0.30248601],
        [ 0.43120766,  0.77105743,  0.99103473, ...,  0.10258019,
          0.        ,  0.39866501],
        [ 0.0357625 ,  0.453278  ,  0.85561116, ..., -0.30248601,
         -0.39866501,  0.        ]],

       [[ 0.        , -0.27337305, -0.37613894, ..., -0.92965424,
         -0.94786889, -0.97786734],
        [ 0.27337305,  0.        , -0.10851367, ..., -0.99496163,
         -0.99887597, -0.99781522],
        [ 0.37613894,  0.10851367,  0.        , ..., -0.99996553,
         -0.99812116, -0.98475396],
        ...,
        [ 0.92965424,  0.99496163,  0.99996553, ...,  0.        ,
          0.05298215,  0.16577105],
        [ 0.94786889,  0.99887597,  0.99812116, ..., -0.05298215,
          0.        ,  0.11328912],
        [ 0.97786734,  0.99781522,  0.98475396, ..., -0.16577105,
         -0.11328912,  0.        ]],

       [[ 0.        ,  0.48655778,  0.75075004, ..., -0.25125605,
         -0.21462452, -0.40434832],
        [-0.48655778,  0.        ,  0.33447813, ..., -0.69045878,
         -0.66272571, -0.79826647],
        [-0.75075004, -0.33447813,  0.        , ..., -0.8926428 ,
         -0.87503308, -0.95374679],
        ...,
        [ 0.25125605,  0.69045878,  0.8926428 , ...,  0.        ,
          0.03766144, -0.16157702],
        [ 0.21462452,  0.66272571,  0.87503308, ..., -0.03766144,
          0.        , -0.19862897],
        [ 0.40434832,  0.79826647,  0.95374679, ...,  0.16157702,
          0.19862897,  0.        ]]]), 'num': array([7.07103971e-01, 7.07103971e-01, 0.00000000e+00, 0.00000000e+00,
       2.26201117e-04, 2.27283419e-04, 2.22232677e-04, 2.75036026e-03,
       1.44306933e-06, 2.20428840e-04, 2.12365690e-04, 2.17398394e-04,
       4.21182914e-07, 2.32314884e-04, 1.92416496e-04])}
{'img': array([[[ 0.        ,  0.42916564, -0.03620266, ..., -0.7509348 ,
         -0.51995075, -0.45065408],
        [-0.42916564,  0.        , -0.46158348, ..., -0.96167453,
         -0.83622461, -0.79015798],
        [ 0.03620266,  0.46158348,  0.        , ..., -0.72653516,
         -0.48868572, -0.41804059],
        ...,
        [ 0.7509348 ,  0.96167453,  0.72653516, ...,  0.        ,
          0.29808251,  0.3727572 ],
        [ 0.51995075,  0.83622461,  0.48868572, ..., -0.29808251,
          0.        ,  0.07921232],
        [ 0.45065408,  0.79015798,  0.41804059, ..., -0.3727572 ,
         -0.07921232,  0.        ]],

       [[ 0.        , -0.20730785, -0.32354205, ..., -0.59440706,
          0.47373247, -0.28960328],
        [ 0.20730785,  0.        , -0.1203558 , ..., -0.41478445,
          0.64601055, -0.08488783],
        [ 0.32354205,  0.1203558 ,  0.        , ..., -0.3022552 ,
          0.73318559,  0.03565061],
        ...,
        [ 0.59440706,  0.41478445,  0.3022552 , ...,  0.        ,
          0.90443451,  0.33604618],
        [-0.47373247, -0.64601055, -0.73318559, ..., -0.90443451,
          0.        , -0.70847608],
        [ 0.28960328,  0.08488783, -0.03565061, ..., -0.33604618,
          0.70847608,  0.        ]],

       [[ 0.        ,  0.18226626,  0.43632117, ..., -0.74408932,
         -0.64124162, -0.53670902],
        [-0.18226626,  0.        ,  0.26501091, ..., -0.8533937 ,
         -0.77036033, -0.68150904],
        [-0.43632117, -0.26501091,  0.        , ..., -0.96102238,
         -0.9117897 , -0.85107952],
        ...,
        [ 0.74408932,  0.8533937 ,  0.96102238, ...,  0.        ,
          0.14256798,  0.26927367],
        [ 0.64124162,  0.77036033,  0.9117897 , ..., -0.14256798,
          0.        ,  0.129221  ],
        [ 0.53670902,  0.68150904,  0.85107952, ..., -0.26927367,
         -0.129221  ,  0.        ]],

       ...,

       [[ 0.        ,  0.52804009,  0.08507688, ..., -0.77105743,
         -0.453278  , -0.23322626],
        [-0.52804009,  0.        , -0.45387668, ..., -0.99103473,
         -0.85561116, -0.71153834],
        [-0.08507688,  0.45387668,  0.        , ..., -0.82243591,
         -0.5274695 , -0.31511134],
        ...,
        [ 0.77105743,  0.99103473,  0.82243591, ...,  0.        ,
          0.39866501,  0.60128314],
        [ 0.453278  ,  0.85561116,  0.5274695 , ..., -0.39866501,
          0.        ,  0.23288702],
        [ 0.23322626,  0.71153834,  0.31511134, ..., -0.60128314,
         -0.23288702,  0.        ]],

       [[ 0.        , -0.26601484, -0.50018809, ..., -0.95221393,
         -0.98102676, -0.99332991],
        [ 0.26601484,  0.        , -0.25181907, ..., -0.99915406,
         -0.99725225, -0.98821253],
        [ 0.50018809,  0.25181907,  0.        , ..., -0.97731141,
         -0.94646019, -0.91781619],
        ...,
        [ 0.95221393,  0.99915406,  0.97731141, ...,  0.        ,
          0.11502887,  0.19359775],
        [ 0.98102676,  0.99725225,  0.94646019, ..., -0.11502887,
          0.        ,  0.07946004],
        [ 0.99332991,  0.98821253,  0.91781619, ..., -0.19359775,
         -0.07946004,  0.        ]],

       [[ 0.        ,  0.32609409,  0.61593131, ..., -0.59840824,
         -0.65478839, -0.81490386],
        [-0.32609409,  0.        ,  0.32536597, ..., -0.8269614 ,
         -0.86546181, -0.95936191],
        [-0.61593131, -0.32536597,  0.        , ..., -0.96490476,
         -0.98137063, -0.99897256],
        ...,
        [ 0.59840824,  0.8269614 ,  0.96490476, ...,  0.        ,
         -0.07232652, -0.30605882],
        [ 0.65478839,  0.86546181,  0.98137063, ...,  0.07232652,
          0.        , -0.2364015 ],
        [ 0.81490386,  0.95936191,  0.99897256, ...,  0.30605882,
          0.2364015 ,  0.        ]]]), 'num': array([ 7.07104327e-01,  7.07104327e-01,  0.00000000e+00,  0.00000000e+00,
        2.24036626e-04,  2.30169674e-04,  2.22954324e-04,  2.56026603e-03,
       -2.16460508e-06,  2.22449249e-04,  2.12600296e-04,  2.17254197e-04,
        4.44582189e-07,  2.32977881e-04,  1.92222711e-04])}
{'img': array([[[ 0.        , -0.46158348, -0.54457881, ..., -0.83622461,
         -0.79015798, -0.85651084],
        [ 0.46158348,  0.        , -0.09595957, ..., -0.48868572,
         -0.41804059, -0.52157137],
        [ 0.54457881,  0.09595957,  0.        , ..., -0.40270968,
         -0.32893904, -0.437291  ],
        ...,
        [ 0.83622461,  0.48868572,  0.40270968, ...,  0.        ,
          0.07921232, -0.0380997 ],
        [ 0.79015798,  0.41804059,  0.32893904, ..., -0.07921232,
          0.        , -0.11713478],
        [ 0.85651084,  0.52157137,  0.437291  , ...,  0.0380997 ,
          0.11713478,  0.        ]],

       [[ 0.        , -0.1203558 , -0.2292878 , ...,  0.64601055,
         -0.08488783, -0.13720693],
        [ 0.1203558 ,  0.        , -0.11047171, ...,  0.73318559,
          0.03565061, -0.01699203],
        [ 0.2292878 ,  0.11047171,  0.        , ...,  0.80382188,
          0.14583388,  0.09356773],
        ...,
        [-0.64601055, -0.73318559, -0.80382188, ...,  0.        ,
         -0.70847608, -0.7446348 ],
        [ 0.08488783, -0.03565061, -0.14583388, ...,  0.70847608,
          0.        , -0.05262668],
        [ 0.13720693,  0.01699203, -0.09356773, ...,  0.7446348 ,
          0.05262668,  0.        ]],

       [[ 0.        ,  0.26501091,  0.23559849, ..., -0.77036033,
         -0.68150904, -0.5877134 ],
        [-0.26501091,  0.        , -0.03037621, ..., -0.9117897 ,
         -0.85107952, -0.78111211],
        [-0.23559849,  0.03037621,  0.        , ..., -0.89889472,
         -0.83473815, -0.76178503],
        ...,
        [ 0.77036033,  0.9117897 ,  0.89889472, ...,  0.        ,
          0.129221  ,  0.24854358],
        [ 0.68150904,  0.85107952,  0.83473815, ..., -0.129221  ,
          0.        ,  0.12129361],
        [ 0.5877134 ,  0.78111211,  0.76178503, ..., -0.24854358,
         -0.12129361,  0.        ]],

       ...,

       [[ 0.        , -0.45387668, -0.957288  , ..., -0.85561116,
         -0.71153834, -0.48483908],
        [ 0.45387668,  0.        , -0.72177321, ..., -0.5274695 ,
         -0.31511134, -0.03506082],
        [ 0.957288  ,  0.72177321,  0.        , ...,  0.24812247,
          0.46690437,  0.69706282],
        ...,
        [ 0.85561116,  0.5274695 , -0.24812247, ...,  0.        ,
          0.23288702,  0.49735844],
        [ 0.71153834,  0.31511134, -0.46690437, ..., -0.23288702,
          0.        ,  0.28164297],
        [ 0.48483908,  0.03506082, -0.69706282, ..., -0.49735844,
         -0.28164297,  0.        ]],

       [[ 0.        , -0.43558216, -0.51257536, ..., -0.98383395,
         -0.99507984, -0.99874275],
        [ 0.43558216,  0.        , -0.08738494, ..., -0.96360254,
         -0.93887597, -0.92085257],
        [ 0.51257536,  0.08738494,  0.        , ..., -0.93655498,
         -0.90520166, -0.88325762],
        ...,
        [ 0.98383395,  0.96360254,  0.93655498, ...,  0.        ,
          0.08072736,  0.12953934],
        [ 0.99507984,  0.93887597,  0.90520166, ..., -0.08072736,
          0.        ,  0.04906937],
        [ 0.99874275,  0.92085257,  0.88325762, ..., -0.12953934,
         -0.04906937,  0.        ]],

       [[ 0.        ,  0.32290859,  0.50500482, ..., -0.84336444,
         -0.90359768, -0.96190374],
        [-0.32290859,  0.        ,  0.19924405, ..., -0.97169789,
         -0.99352036, -0.99865416],
        [-0.50500482, -0.19924405,  0.        , ..., -0.99928208,
         -0.99624512, -0.96829744],
        ...,
        [ 0.84336444,  0.97169789,  0.99928208, ...,  0.        ,
         -0.12425876, -0.28630528],
        [ 0.90359768,  0.99352036,  0.99624512, ...,  0.12425876,
          0.        , -0.16502927],
        [ 0.96190374,  0.99865416,  0.96829744, ...,  0.28630528,
          0.16502927,  0.        ]]]), 'num': array([ 7.07105454e-01,  7.07105454e-01,  0.00000000e+00,  0.00000000e+00,
        2.22954679e-04,  2.27283896e-04,  2.21150839e-04,  1.83552310e-03,
       -1.08230427e-06,  2.23315447e-04,  2.12690827e-04,  2.17056121e-04,
        4.97330021e-07,  2.33234313e-04,  1.92147341e-04])}
{'img': array([[[ 0.        , -0.09595957, -0.06572959, ..., -0.41804059,
         -0.52157137, -0.56817191],
        [ 0.09595957,  0.        ,  0.03032579, ..., -0.32893904,
         -0.437291  , -0.48658385],
        [ 0.06572959, -0.03032579,  0.        , ..., -0.35742594,
         -0.46436247, -0.51285369],
        ...,
        [ 0.41804059,  0.32893904,  0.35742594, ...,  0.        ,
         -0.11713478, -0.17213374],
        [ 0.52157137,  0.437291  ,  0.46436247, ...,  0.11713478,
          0.        , -0.05556239],
        [ 0.56817191,  0.48658385,  0.51285369, ...,  0.17213374,
          0.05556239,  0.        ]],

       [[ 0.        , -0.11047171, -0.27807696, ...,  0.03565061,
         -0.01699203, -0.25059963],
        [ 0.11047171,  0.        , -0.17026036, ...,  0.14583388,
          0.09356773, -0.14211914],
        [ 0.27807696,  0.17026036,  0.        , ...,  0.3121447 ,
          0.26171498,  0.02848807],
        ...,
        [-0.03565061, -0.14583388, -0.3121447 , ...,  0.        ,
         -0.05262668, -0.28495336],
        [ 0.01699203, -0.09356773, -0.26171498, ...,  0.05262668,
          0.        , -0.23411363],
        [ 0.25059963,  0.14211914, -0.02848807, ...,  0.28495336,
          0.23411363,  0.        ]],

       [[ 0.        , -0.03037621,  0.0344057 , ..., -0.85107952,
         -0.78111211, -0.74622798],
        [ 0.03037621,  0.        ,  0.06474805, ..., -0.83473815,
         -0.76178503, -0.72566247],
        [-0.0344057 , -0.06474805,  0.        , ..., -0.86863989,
         -0.80213225, -0.76868972],
        ...,
        [ 0.85107952,  0.83473815,  0.86863989, ...,  0.        ,
          0.12129361,  0.17475837],
        [ 0.78111211,  0.76178503,  0.80213225, ..., -0.12129361,
          0.        ,  0.054041  ],
        [ 0.74622798,  0.72566247,  0.76868972, ..., -0.17475837,
         -0.054041  ,  0.        ]],

       ...,

       [[ 0.        , -0.561793  , -0.51494138, ..., -0.20553052,
         -0.01947606,  0.74068146],
        [ 0.561793  ,  0.        ,  0.05558364, ...,  0.37976827,
          0.54557433,  0.99019356],
        [ 0.51494138, -0.05558364,  0.        , ...,  0.32776176,
          0.49814833,  0.9808976 ],
        ...,
        [ 0.20553052, -0.37976827, -0.32776176, ...,  0.        ,
          0.18643128,  0.86295543],
        [ 0.01947606, -0.54557433, -0.49814833, ..., -0.18643128,
          0.        ,  0.75362609],
        [-0.74068146, -0.99019356, -0.9808976 , ..., -0.86295543,
         -0.75362609,  0.        ]],

       [[ 0.        , -0.29234759, -0.46062784, ..., -0.99866092,
         -0.99999998, -0.99980619],
        [ 0.29234759,  0.        , -0.18101821, ..., -0.97015575,
         -0.95637473, -0.95037137],
        [ 0.46062784,  0.18101821,  0.        , ..., -0.91023476,
         -0.88769202, -0.878353  ],
        ...,
        [ 0.99866092,  0.97015575,  0.91023476, ...,  0.        ,
          0.05151971,  0.07138416],
        [ 0.99999998,  0.95637473,  0.88769202, ..., -0.05151971,
          0.        ,  0.01990108],
        [ 0.99980619,  0.95037137,  0.878353  , ..., -0.07138416,
         -0.01990108,  0.        ]],

       [[ 0.        ,  0.19878765,  0.42065593, ..., -0.99009172,
         -0.99880244, -0.99851953],
        [-0.19878765,  0.        ,  0.23191654, ..., -0.99824624,
         -0.98859468, -0.96777874],
        [-0.42065593, -0.23191654,  0.        , ..., -0.95730069,
         -0.92671454, -0.88299583],
        ...,
        [ 0.99009172,  0.99824624,  0.95730069, ...,  0.        ,
         -0.09181344, -0.19406972],
        [ 0.99880244,  0.98859468,  0.92671454, ...,  0.09181344,
          0.        , -0.10318215],
        [ 0.99851953,  0.96777874,  0.88299583, ...,  0.19406972,
          0.10318215,  0.        ]]]), 'num': array([7.07105104e-01, 7.07105104e-01, 0.00000000e+00, 0.00000000e+00,
       2.25840712e-04, 2.25840712e-04, 2.18625354e-04, 2.08787934e-03,
       2.88614328e-06, 2.24758408e-04, 2.13015413e-04, 2.16947783e-04,
       4.82472747e-07, 2.34165737e-04, 1.91865088e-04])}
{'img': array([[[ 0.        ,  0.03032579,  0.54457881, ..., -0.437291  ,
         -0.48658385, -0.3479978 ],
        [-0.03032579,  0.        ,  0.5188938 , ..., -0.46436247,
         -0.51285369, -0.37626803],
        [-0.54457881, -0.5188938 ,  0.        , ..., -0.85651084,
         -0.88386508, -0.80240922],
        ...,
        [ 0.437291  ,  0.46436247,  0.85651084, ...,  0.        ,
         -0.05556239,  0.09699687],
        [ 0.48658385,  0.51285369,  0.88386508, ...,  0.05556239,
          0.        ,  0.15214743],
        [ 0.3479978 ,  0.37626803,  0.80240922, ..., -0.09699687,
         -0.15214743,  0.        ]],

       [[ 0.        , -0.17026036,  0.34076058, ...,  0.09356773,
         -0.14211914, -0.05173585],
        [ 0.17026036,  0.        ,  0.49585547, ...,  0.26171498,
          0.02848807,  0.11905189],
        [-0.34076058, -0.49585547,  0.        , ..., -0.25129792,
         -0.47091503, -0.38894369],
        ...,
        [-0.09356773, -0.26171498,  0.25129792, ...,  0.        ,
         -0.23411363, -0.14495131],
        [ 0.14211914, -0.02848807,  0.47091503, ...,  0.23411363,
          0.        ,  0.09071811],
        [ 0.05173585, -0.11905189,  0.38894369, ...,  0.14495131,
         -0.09071811,  0.        ]],

       [[ 0.        ,  0.06474805,  0.28222041, ..., -0.76178503,
         -0.72566247, -0.65810802],
        [-0.06474805,  0.        ,  0.2195122 , ..., -0.80213225,
         -0.76868972, -0.7054774 ],
        [-0.28222041, -0.2195122 ,  0.        , ..., -0.91364897,
         -0.89034599, -0.84384604],
        ...,
        [ 0.76178503,  0.80213225,  0.91364897, ...,  0.        ,
          0.054041  ,  0.14722382],
        [ 0.72566247,  0.76868972,  0.89034599, ..., -0.054041  ,
          0.        ,  0.09355656],
        [ 0.65810802,  0.7054774 ,  0.84384604, ..., -0.14722382,
         -0.09355656,  0.        ]],

       ...,

       [[ 0.        ,  0.05558364,  0.41319013, ...,  0.54557433,
          0.99019356,  0.8347321 ],
        [-0.05558364,  0.        ,  0.36193441, ...,  0.49814833,
          0.9808976 ,  0.80283415],
        [-0.41319013, -0.36193441,  0.        , ...,  0.15054528,
          0.84399102,  0.53261869],
        ...,
        [-0.54557433, -0.49814833, -0.15054528, ...,  0.        ,
          0.75362609,  0.39913369],
        [-0.99019356, -0.9808976 , -0.84399102, ..., -0.75362609,
          0.        , -0.42864237],
        [-0.8347321 , -0.80283415, -0.53261869, ..., -0.39913369,
          0.42864237,  0.        ]],

       [[ 0.        , -0.36819995, -0.23744838, ..., -0.99975548,
         -0.99909824, -0.99319364],
        [ 0.36819995,  0.        ,  0.13690265, ..., -0.92137737,
         -0.91327507, -0.88053239],
        [ 0.23744838, -0.13690265,  0.        , ..., -0.96591199,
         -0.96044253, -0.93713168],
        ...,
        [ 0.99975548,  0.92137737,  0.96591199, ...,  0.        ,
          0.02035511,  0.09448416],
        [ 0.99909824,  0.91327507,  0.96044253, ..., -0.02035511,
          0.        ,  0.07420054],
        [ 0.99319364,  0.88053239,  0.93713168, ..., -0.09448416,
         -0.07420054,  0.        ]],

       [[ 0.        ,  0.23026779,  0.29348617, ..., -0.99927286,
         -0.99799593, -0.96583073],
        [-0.23026779,  0.        ,  0.06547184, ..., -0.96364002,
         -0.95660615, -0.8801969 ],
        [-0.29348617, -0.06547184,  0.        , ..., -0.94407812,
         -0.93547623, -0.84723485],
        ...,
        [ 0.99927286,  0.96364002,  0.94407812, ...,  0.        ,
         -0.02518046, -0.22215992],
        [ 0.99799593,  0.95660615,  0.93547623, ...,  0.02518046,
          0.        , -0.19753827],
        [ 0.96583073,  0.8801969 ,  0.84723485, ...,  0.22215992,
          0.19753827,  0.        ]]]), 'num': array([ 7.55811239e-01,  6.54785710e-01,  3.25888805e-06, -1.47751598e-11,
        2.39396989e-04,  2.43258231e-04,  2.38624741e-04,  2.14552987e-03,
       -2.31674506e-06,  2.40323687e-04,  2.28064245e-04,  2.32060630e-04,
        5.83126307e-07,  2.50845276e-04,  2.05283213e-04])}
{'img': array([[[ 0.        ,  0.5188938 , -0.2114262 , ..., -0.51285369,
         -0.37626803, -0.48086514],
        [-0.5188938 ,  0.        , -0.68789897, ..., -0.88386508,
         -0.80240922, -0.8660254 ],
        [ 0.2114262 ,  0.68789897,  0.        , ..., -0.31975578,
         -0.17187344, -0.28461734],
        ...,
        [ 0.51285369,  0.88386508,  0.31975578, ...,  0.        ,
          0.15214743,  0.03685614],
        [ 0.37626803,  0.80240922,  0.17187344, ..., -0.15214743,
          0.        , -0.115617  ],
        [ 0.48086514,  0.8660254 ,  0.28461734, ..., -0.03685614,
          0.115617  ,  0.        ]],

       [[ 0.        ,  0.49585547,  0.63028778, ...,  0.02848807,
          0.11905189,  0.09057451],
        [-0.49585547,  0.        ,  0.16238197, ..., -0.47091503,
         -0.38894369, -0.41516198],
        [-0.63028778, -0.16238197,  0.        , ..., -0.60791493,
         -0.53337788, -0.55737853],
        ...,
        [-0.02848807,  0.47091503,  0.60791493, ...,  0.        ,
          0.09071811,  0.06216677],
        [-0.11905189,  0.38894369,  0.53337788, ..., -0.09071811,
          0.        , -0.0286322 ],
        [-0.09057451,  0.41516198,  0.55737853, ..., -0.06216677,
          0.0286322 ,  0.        ]],

       [[ 0.        ,  0.2195122 , -0.1520365 , ..., -0.76868972,
         -0.7054774 , -0.71560024],
        [-0.2195122 ,  0.        , -0.36528863, ..., -0.89034599,
         -0.84384604, -0.85147805],
        [ 0.1520365 ,  0.36528863,  0.        , ..., -0.66250774,
         -0.58952294, -0.60108228],
        ...,
        [ 0.76868972,  0.89034599,  0.66250774, ...,  0.        ,
          0.09355656,  0.07922395],
        [ 0.7054774 ,  0.84384604,  0.58952294, ..., -0.09355656,
          0.        , -0.01438603],
        [ 0.71560024,  0.85147805,  0.60108228, ..., -0.07922395,
          0.01438603,  0.        ]],

       ...,

       [[ 0.        ,  0.29789709, -0.59090057, ...,  0.70847618,
          0.62211302,  0.99939308],
        [-0.29789709,  0.        , -0.8043993 , ...,  0.46607361,
          0.36063603,  0.94364136],
        [ 0.59090057,  0.8043993 ,  0.        , ...,  0.98857824,
          0.96451847,  0.82683881],
        ...,
        [-0.70847618, -0.46607361, -0.98857824, ...,  0.        ,
         -0.11563868,  0.6806266 ],
        [-0.62211302, -0.36063603, -0.96451847, ...,  0.11563868,
          0.        ,  0.76078093],
        [-0.99939308, -0.94364136, -0.82683881, ..., -0.6806266 ,
         -0.76078093,  0.        ]],

       [[ 0.        ,  0.28762805, -0.03281701, ..., -0.93959101,
         -0.91111555, -0.90404466],
        [-0.28762805,  0.        , -0.31890337, ..., -0.9983408 ,
         -0.99116   , -0.98878488],
        [ 0.03281701,  0.31890337,  0.        , ..., -0.92785169,
         -0.89709924, -0.88953048],
        ...,
        [ 0.93959101,  0.9983408 ,  0.92785169, ...,  0.        ,
          0.07537926,  0.09216315],
        [ 0.91111555,  0.99116   ,  0.89709924, ..., -0.07537926,
          0.        ,  0.0168425 ],
        [ 0.90404466,  0.98878488,  0.88953048, ..., -0.09216315,
         -0.0168425 ,  0.        ]],

       [[ 0.        ,  0.06537703,  0.23336369, ..., -0.96209987,
         -0.92011711, -0.8795785 ],
        [-0.06537703,  0.        ,  0.1692925 , ..., -0.94221345,
         -0.89254416, -0.84659338],
        [-0.23336369, -0.1692925 ,  0.        , ..., -0.87189818,
         -0.8033169 , -0.74426925],
        ...,
        [ 0.96209987,  0.94221345,  0.87189818, ...,  0.        ,
         -0.12588653, -0.21786396],
        [ 0.92011711,  0.89254416,  0.8033169 , ...,  0.12588653,
          0.        , -0.09326814],
        [ 0.8795785 ,  0.84659338,  0.74426925, ...,  0.21786396,
