state_0,state_1,state_2,state_3,state_4,state_5,state_6,state_7,state_8,state_9,state_10,state_11,state_12,state_13,state_14,state_15,state_16,state_17,state_18,state_19,state_20,state_21,state_22,state_23,state_24,state_25,state_26,state_27,state_28,state_29,state_30,state_31,state_32,state_33,state_34,state_35,state_36,state_37,state_38,state_39,state_40,state_41,state_42,state_43,state_44,state_45,state_46,state_47,state_48,state_49,state_50,state_51,state_52,state_53,state_54,state_55,state_56,state_57,state_58,state_59,state_60,state_61,state_62,state_63,state_64,state_65,state_66,state_67,state_68,state_69,state_70,state_71,state_72,state_73,state_74,state_75,state_76,state_77,state_78,state_79,state_80,state_81,state_82,state_83,state_84,state_85,state_86,state_87,state_88,state_89,state_90,state_91,state_92,state_93,state_94,state_95,state_96,state_97,state_98,state_99,state_100,state_101,state_102,state_103,state_104,state_105,state_106,state_107,state_108,state_109,state_110,state_111,state_112,state_113,state_114,state_115,state_116,state_117,state_118,state_119,state_120,state_121,state_122,state_123,state_124,state_125,state_126,state_127,state_128,state_129,state_130,state_131,state_132,state_133,state_134,state_135,state_136,state_137,state_138,state_139,state_140,state_141,state_142,state_143,state_144,state_145,state_146,state_147,state_148,state_149,state_150,state_151,state_152,state_153,state_154,state_155,state_156,state_157,state_158,state_159,state_160,state_161,state_162,state_163,state_164,state_165,state_166,state_167,state_168,state_169,state_170,state_171,state_172,state_173,state_174,state_175,state_176,state_177,state_178,state_179,state_180,state_181,state_182,state_183,state_184,state_185,state_186,state_187,state_188,state_189,state_190,state_191,state_192,state_193,state_194,state_195,state_196,state_197,state_198,state_199,state_200,state_201,state_202,state_203,state_204,state_205,state_206,state_207,state_208,state_209,state_210,state_211,state_212,state_213,state_214,state_215,state_216,state_217,state_218,state_219,state_220,state_221,state_222,state_223,state_224,state_225,state_226,state_227,state_228,state_229,state_230,state_231,state_232,state_233,state_234,state_235,state_236,state_237,state_238,state_239,state_240,state_241,state_242,state_243,state_244,state_245,state_246,state_247,state_248,state_249,state_250,state_251,state_252,state_253,state_254,state_255,state_256,state_257,state_258,state_259,state_260,state_261,state_262,state_263,state_264,state_265,state_266,state_267,state_268,state_269,state_270,state_271,state_272,state_273,state_274,state_275,state_276,state_277,state_278,state_279,state_280,state_281,state_282,state_283,state_284,state_285,state_286,state_287
{'img': array([[[ 0.        ,  0.03698729, -0.03649125, ..., -0.37699031,
         -0.56120589, -0.75513307],
        [-0.03698729,  0.        , -0.07342893, ..., -0.41099061,
         -0.59143537, -0.77886418],
        [ 0.03649125,  0.07342893,  0.        , ..., -0.3429404 ,
         -0.53062917, -0.73070751],
        ...,
        [ 0.37699031,  0.41099061,  0.3429404 , ...,  0.        ,
         -0.20777263, -0.45227313],
        [ 0.56120589,  0.59143537,  0.53062917, ...,  0.20777263,
          0.        , -0.25709509],
        [ 0.75513307,  0.77886418,  0.73070751, ...,  0.45227313,
          0.25709509,  0.        ]],

       [[ 0.        , -0.84572245, -0.8933193 , ..., -0.99988982,
         -0.98798413, -0.99491141],
        [ 0.84572245,  0.        , -0.09660901, ..., -0.5210104 ,
         -0.39650014, -0.44569808],
        [ 0.8933193 ,  0.09660901,  0.        , ..., -0.43611267,
         -0.30595505, -0.3571305 ],
        ...,
        [ 0.99988982,  0.5210104 ,  0.43611267, ...,  0.        ,
          0.13987278,  0.0859741 ],
        [ 0.98798413,  0.39650014,  0.30595505, ..., -0.13987278,
          0.        , -0.05422596],
        [ 0.99491141,  0.44569808,  0.3571305 , ..., -0.0859741 ,
          0.05422596,  0.        ]],

       [[ 0.        ,  0.14582222,  0.1025212 , ..., -0.28723244,
         -0.44999755, -0.63407249],
        [-0.14582222,  0.        , -0.04362852, ..., -0.42383956,
         -0.57541102, -0.74005524],
        [-0.1025212 ,  0.04362852,  0.        , ..., -0.38392002,
         -0.53918092, -0.71000839],
        ...,
        [ 0.28723244,  0.42383956,  0.38392002, ...,  0.        ,
         -0.17452793, -0.38524399],
        [ 0.44999755,  0.57541102,  0.53918092, ...,  0.17452793,
          0.        , -0.2182744 ],
        [ 0.63407249,  0.74005524,  0.71000839, ...,  0.38524399,
          0.2182744 ,  0.        ]],

       ...,

       [[ 0.        ,  0.24306584,  0.17063748, ..., -0.48117636,
         -0.89170957, -0.92545433],
        [-0.24306584,  0.        , -0.07398098, ..., -0.67982308,
         -0.97498057, -0.98978749],
        [-0.17063748,  0.07398098,  0.        , ..., -0.62370425,
         -0.95586355, -0.97652908],
        ...,
        [ 0.48117636,  0.67982308,  0.62370425, ...,  0.        ,
         -0.56390956, -0.62897723],
        [ 0.89170957,  0.97498057,  0.95586355, ...,  0.56390956,
          0.        , -0.08103572],
        [ 0.92545433,  0.98978749,  0.97652908, ...,  0.62897723,
          0.08103572,  0.        ]],

       [[ 0.        ,  0.0609157 ,  0.14388625, ...,  0.67297484,
          0.6337146 ,  0.70954785],
        [-0.0609157 ,  0.        ,  0.08333721, ...,  0.62666783,
          0.58541537,  0.66530547],
        [-0.14388625, -0.08333721,  0.        , ...,  0.55954434,
          0.51581467,  0.60077397],
        ...,
        [-0.67297484, -0.62666783, -0.55954434, ...,  0.        ,
         -0.05185434,  0.05061137],
        [-0.6337146 , -0.58541537, -0.51581467, ...,  0.05185434,
          0.        ,  0.10233116],
        [-0.70954785, -0.66530547, -0.60077397, ..., -0.05061137,
         -0.10233116,  0.        ]],

       [[ 0.        , -0.26249926,  0.04675966, ...,  0.65392904,
          0.26249926,  0.77821215],
        [ 0.26249926,  0.        ,  0.30733203, ...,  0.43240182,
          0.        ,  0.58607203],
        [-0.04675966, -0.30733203,  0.        , ...,  0.68859004,
          0.30733203,  0.80672605],
        ...,
        [-0.65392904, -0.43240182, -0.68859004, ...,  0.        ,
          0.43240182, -0.17809259],
        [-0.26249926, -0.        , -0.30733203, ..., -0.43240182,
          0.        , -0.58607203],
        [-0.77821215, -0.58607203, -0.80672605, ...,  0.17809259,
          0.58607203,  0.        ]]]), 'num': array([ 7.07098195e-01,  7.07098195e-01,  0.00000000e+00,  0.00000000e+00,
        1.09556572e-03,  1.10866013e-03,  1.06064729e-03,  3.72410287e-03,
       -4.36480367e-06,  1.12699231e-03,  1.19355556e-03,  1.13543093e-03,
        2.36946485e-07,  1.31204933e-03,  1.07506180e-03])}
{'img': array([[[ 0.        , -0.07342893, -0.14475354, ..., -0.59143537,
         -0.77886418, -0.80321648],
        [ 0.07342893,  0.        , -0.07170722, ..., -0.53062917,
         -0.73070751, -0.75730748],
        [ 0.14475354,  0.07170722,  0.        , ..., -0.46848386,
         -0.67987262, -0.70852895],
        ...,
        [ 0.59143537,  0.53062917,  0.46848386, ...,  0.        ,
         -0.25709509, -0.29536503],
        [ 0.77886418,  0.73070751,  0.67987262, ...,  0.25709509,
          0.        , -0.039812  ],
        [ 0.80321648,  0.75730748,  0.70852895, ...,  0.29536503,
          0.039812  ,  0.        ]],

       [[ 0.        , -0.09660901, -0.46030666, ..., -0.39650014,
         -0.44569808, -0.03084084],
        [ 0.09660901,  0.        , -0.37238792, ..., -0.30595505,
         -0.3571305 ,  0.06586648],
        [ 0.46030666,  0.37238792,  0.        , ...,  0.07058051,
          0.01638594,  0.43270843],
        ...,
        [ 0.39650014,  0.30595505, -0.07058051, ...,  0.        ,
         -0.05422596,  0.36799857],
        [ 0.44569808,  0.3571305 , -0.01638594, ...,  0.05422596,
          0.        ,  0.41787786],
        [ 0.03084084, -0.06586648, -0.43270843, ..., -0.36799857,
         -0.41787786,  0.        ]],

       [[ 0.        , -0.04362852, -0.16522548, ..., -0.57541102,
         -0.74005524, -0.85387325],
        [ 0.04362852,  0.        , -0.12203927, ..., -0.53918092,
         -0.71000839, -0.83035239],
        [ 0.16522548,  0.12203927,  0.        , ..., -0.43237043,
         -0.61876204, -0.75614073],
        ...,
        [ 0.57541102,  0.53918092,  0.43237043, ...,  0.        ,
         -0.2182744 , -0.39886201],
        [ 0.74005524,  0.71000839,  0.61876204, ...,  0.2182744 ,
          0.        , -0.18908441],
        [ 0.85387325,  0.83035239,  0.75614073, ...,  0.39886201,
          0.18908441,  0.        ]],

       ...,

       [[ 0.        , -0.07398098, -0.15582937, ..., -0.97498057,
         -0.98978749, -0.98473232],
        [ 0.07398098,  0.        , -0.08232512, ..., -0.95586355,
         -0.97652908, -0.99491208],
        [ 0.15582937,  0.08232512,  0.        , ..., -0.92843087,
         -0.95548264, -0.99982888],
        ...,
        [ 0.97498057,  0.95586355,  0.92843087, ...,  0.        ,
         -0.08103572, -0.38861642],
        [ 0.98978749,  0.97652908,  0.95548264, ...,  0.08103572,
          0.        , -0.31267205],
        [ 0.98473232,  0.99491208,  0.99982888, ...,  0.38861642,
          0.31267205,  0.        ]],

       [[ 0.        ,  0.08333721,  0.14509868, ...,  0.58541537,
          0.66530547,  0.75336747],
        [-0.08333721,  0.        ,  0.06213867, ...,  0.51581467,
          0.60077397,  0.69594428],
        [-0.14509868, -0.06213867,  0.        , ...,  0.46158366,
          0.54993816,  0.64997787],
        ...,
        [-0.58541537, -0.51581467, -0.46158366, ...,  0.        ,
          0.10233116,  0.22581126],
        [-0.66530547, -0.60077397, -0.54993816, ..., -0.10233116,
          0.        ,  0.12493778],
        [-0.75336747, -0.69594428, -0.64997787, ..., -0.22581126,
         -0.12493778,  0.        ]],

       [[ 0.        ,  0.30733203,  0.55178476, ...,  0.        ,
          0.58607203,  0.75645848],
        [-0.30733203,  0.        ,  0.26876889, ...,  0.30733203,
          0.80672605,  0.92085563],
        [-0.55178476, -0.26876889,  0.        , ...,  0.55178476,
          0.93586474,  0.99176646],
        ...,
        [-0.        , -0.30733203, -0.55178476, ...,  0.        ,
         -0.58607203, -0.75645848],
        [-0.58607203, -0.80672605, -0.93586474, ...,  0.58607203,
          0.        , -0.2296117 ],
        [-0.75645848, -0.92085563, -0.99176646, ...,  0.75645848,
          0.2296117 ,  0.        ]]]), 'num': array([7.07101424e-01, 7.07101424e-01, 0.00000000e+00, 0.00000000e+00,
       1.10866520e-03, 1.11739484e-03, 1.07374661e-03, 2.16479538e-03,
       1.30944708e-05, 1.11826781e-03, 1.19290629e-03, 1.13376293e-03,
       2.66739220e-07, 1.31311261e-03, 1.07269997e-03])}
{'img': array([[[ 0.00000000e+00, -7.17072158e-02,  3.64912467e-02, ...,
         -7.30707511e-01, -7.57307477e-01, -6.75890592e-01],
        [ 7.17072158e-02,  0.00000000e+00,  1.08056765e-01, ...,
         -6.79872622e-01, -7.08528953e-01, -6.21302304e-01],
        [-3.64912467e-02, -1.08056765e-01,  0.00000000e+00, ...,
         -7.55133073e-01, -7.80634008e-01, -7.02334551e-01],
        ...,
        [ 7.30707511e-01,  6.79872622e-01,  7.55133073e-01, ...,
          0.00000000e+00, -3.98119987e-02,  7.71086843e-02],
        [ 7.57307477e-01,  7.08528953e-01,  7.80634008e-01, ...,
          3.98119987e-02,  0.00000000e+00,  1.16741018e-01],
        [ 6.75890592e-01,  6.21302304e-01,  7.02334551e-01, ...,
         -7.71086843e-02, -1.16741018e-01,  0.00000000e+00]],

       [[ 0.00000000e+00, -3.72387916e-01,  5.13669923e-06, ...,
         -3.57130504e-01,  6.58664834e-02, -4.23779548e-01],
        [ 3.72387916e-01,  0.00000000e+00,  3.72392683e-01, ...,
          1.63859383e-02,  4.32708435e-01, -5.60040492e-02],
        [-5.13669923e-06, -3.72392683e-01,  0.00000000e+00, ...,
         -3.57135302e-01,  6.58613579e-02, -4.23784201e-01],
        ...,
        [ 3.57130504e-01, -1.63859383e-02,  3.57135302e-01, ...,
          0.00000000e+00,  4.17877861e-01, -7.23567514e-02],
        [-6.58664834e-02, -4.32708435e-01, -6.58613579e-02, ...,
         -4.17877861e-01,  0.00000000e+00, -4.82518867e-01],
        [ 4.23779548e-01,  5.60040492e-02,  4.23784201e-01, ...,
          7.23567514e-02,  4.82518867e-01,  0.00000000e+00]],

       [[ 0.00000000e+00, -1.22039275e-01, -2.59626968e-01, ...,
         -7.10008390e-01, -8.30352393e-01, -8.74913255e-01],
        [ 1.22039275e-01,  0.00000000e+00, -1.39831903e-01, ...,
         -6.18762041e-01, -7.56140735e-01, -8.09272377e-01],
        [ 2.59626968e-01,  1.39831903e-01,  0.00000000e+00, ...,
         -5.02833929e-01, -6.57204585e-01, -7.19179527e-01],
        ...,
        [ 7.10008390e-01,  6.18762041e-01,  5.02833929e-01, ...,
          0.00000000e+00, -1.89084412e-01, -2.72265353e-01],
        [ 8.30352393e-01,  7.56140735e-01,  6.57204585e-01, ...,
          1.89084412e-01,  0.00000000e+00, -8.54126934e-02],
        [ 8.74913255e-01,  8.09272377e-01,  7.19179527e-01, ...,
          2.72265353e-01,  8.54126934e-02,  0.00000000e+00]],

       ...,

       [[ 0.00000000e+00, -8.23251225e-02, -3.56838860e-02, ...,
         -9.76529083e-01, -9.94912082e-01, -9.96226523e-01],
        [ 8.23251225e-02,  0.00000000e+00,  4.67099339e-02, ...,
         -9.55482636e-01, -9.99828884e-01, -9.85699760e-01],
        [ 3.56838860e-02, -4.67099339e-02,  0.00000000e+00, ...,
         -9.68221364e-01, -9.97873493e-01, -9.92495005e-01],
        ...,
        [ 9.76529083e-01,  9.55482636e-01,  9.68221364e-01, ...,
          0.00000000e+00, -3.12672054e-01, -1.29818682e-01],
        [ 9.94912082e-01,  9.99828884e-01,  9.97873493e-01, ...,
          3.12672054e-01,  0.00000000e+00,  1.86716423e-01],
        [ 9.96226523e-01,  9.85699760e-01,  9.92495005e-01, ...,
          1.29818682e-01, -1.86716423e-01,  0.00000000e+00]],

       [[ 0.00000000e+00,  6.21386665e-02,  1.44372290e-01, ...,
          6.00773971e-01,  6.95944281e-01,  7.42916763e-01],
        [-6.21386665e-02,  0.00000000e+00,  8.26056271e-02, ...,
          5.49938164e-01,  6.49977872e-01,  6.99886478e-01],
        [-1.44372290e-01, -8.26056271e-02,  0.00000000e+00, ...,
          4.79065985e-01,  5.84980047e-01,  6.38493079e-01],
        ...,
        [-6.00773971e-01, -5.49938164e-01, -4.79065985e-01, ...,
          0.00000000e+00,  1.24937780e-01,  1.91753359e-01],
        [-6.95944281e-01, -6.49977872e-01, -5.84980047e-01, ...,
         -1.24937780e-01,  0.00000000e+00,  6.76315630e-02],
        [-7.42916763e-01, -6.99886478e-01, -6.38493079e-01, ...,
         -1.91753359e-01, -6.76315630e-02,  0.00000000e+00]],

       [[ 0.00000000e+00,  4.07929627e-01,  5.35882821e-01, ...,
          6.56507612e-01,  8.13955307e-01,  8.53856432e-01],
        [-4.07929627e-01,  0.00000000e+00,  1.44856311e-01, ...,
          9.07109460e-01,  9.80129618e-01,  9.91913217e-01],
        [-5.35882821e-01, -1.44856311e-01,  0.00000000e+00, ...,
          9.58511173e-01,  9.98525320e-01,  9.99836081e-01],
        ...,
        [-6.56507612e-01, -9.07109460e-01, -9.58511173e-01, ...,
          0.00000000e+00, -2.32598953e-01, -3.02362618e-01],
        [-8.13955307e-01, -9.80129618e-01, -9.98525320e-01, ...,
          2.32598953e-01,  0.00000000e+00, -7.23579504e-02],
        [-8.53856432e-01, -9.91913217e-01, -9.99836081e-01, ...,
          3.02362618e-01,  7.23579504e-02,  0.00000000e+00]]]), 'num': array([7.07101300e-01, 7.07101300e-01, 0.00000000e+00, 0.00000000e+00,
       1.13921876e-03, 1.14794841e-03, 1.10866500e-03, 2.19725182e-03,
       3.05537599e-05, 1.11477575e-03, 1.19399729e-03, 1.13274427e-03,
       2.40381548e-07, 1.31181436e-03, 1.07618022e-03])}
{'img': array([[[ 0.        ,  0.10805676, -0.13969487, ..., -0.70852895,
         -0.6213023 , -0.40508022],
        [-0.10805676,  0.        , -0.24587415, ..., -0.78063401,
         -0.70233455, -0.50150263],
        [ 0.13969487,  0.24587415,  0.        , ..., -0.60300142,
         -0.50574934, -0.27338786],
        ...,
        [ 0.70852895,  0.78063401,  0.60300142, ...,  0.        ,
          0.11674102,  0.36193694],
        [ 0.6213023 ,  0.70233455,  0.50574934, ..., -0.11674102,
          0.        ,  0.25063588],
        [ 0.40508022,  0.50150263,  0.27338786, ..., -0.36193694,
         -0.25063588,  0.        ]],

       [[ 0.        ,  0.37239268,  0.44439118, ...,  0.43270843,
         -0.05600405, -0.04358802],
        [-0.37239268,  0.        ,  0.07882687, ...,  0.06586136,
         -0.4237842 , -0.41249172],
        [-0.44439118, -0.07882687,  0.        , ..., -0.0129993 ,
         -0.493864  , -0.48301641],
        ...,
        [-0.43270843, -0.06586136,  0.0129993 , ...,  0.        ,
         -0.48251887, -0.47159326],
        [ 0.05600405,  0.4237842 ,  0.493864  , ...,  0.48251887,
          0.        ,  0.01243121],
        [ 0.04358802,  0.41249172,  0.48301641, ...,  0.47159326,
         -0.01243121,  0.        ]],

       [[ 0.        , -0.1398319 , -0.20109386, ..., -0.75614073,
         -0.80927238, -0.82930223],
        [ 0.1398319 ,  0.        , -0.06214275, ..., -0.65720458,
         -0.71917953, -0.74301644],
        [ 0.20109386,  0.06214275,  0.        , ..., -0.60909664,
         -0.67461126, -0.69998992],
        ...,
        [ 0.75614073,  0.65720458,  0.60909664, ...,  0.        ,
         -0.08541269, -0.12017119],
        [ 0.80927238,  0.71917953,  0.67461126, ...,  0.08541269,
          0.        , -0.03493832],
        [ 0.82930223,  0.74301644,  0.69998992, ...,  0.12017119,
          0.03493832,  0.        ]],

       ...,

       [[ 0.        ,  0.04670993, -0.33041787, ..., -0.99982888,
         -0.98569976, -0.99998484],
        [-0.04670993,  0.        , -0.37414368, ..., -0.99787349,
         -0.99249501, -0.99915054],
        [ 0.33041787,  0.37414368,  0.        , ..., -0.94978555,
         -0.87465861, -0.94200111],
        ...,
        [ 0.99982888,  0.99787349,  0.94978555, ...,  0.        ,
          0.18671642,  0.02400364],
        [ 0.98569976,  0.99249501,  0.87465861, ..., -0.18671642,
          0.        , -0.16308112],
        [ 0.99998484,  0.99915054,  0.94200111, ..., -0.02400364,
          0.16308112,  0.        ]],

       [[ 0.        ,  0.08260563,  0.11450216, ...,  0.64997787,
          0.69988648,  0.64059981],
        [-0.08260563,  0.        ,  0.0320485 , ...,  0.58498005,
          0.63849308,  0.57497966],
        [-0.11450216, -0.0320485 ,  0.        , ...,  0.55868669,
          0.61349968,  0.54846325],
        ...,
        [-0.64997787, -0.58498005, -0.55868669, ...,  0.        ,
          0.06763156, -0.01227586],
        [-0.69988648, -0.63849308, -0.61349968, ..., -0.06763156,
          0.        , -0.07987422],
        [-0.64059981, -0.57497966, -0.54846325, ...,  0.01227586,
          0.07987422,  0.        ]],

       [[ 0.        ,  0.14485631,  0.30818538, ...,  0.98012962,
          0.99191322,  0.97243967],
        [-0.14485631,  0.        ,  0.16712924, ...,  0.99852532,
          0.99983608,  0.99595698],
        [-0.30818538, -0.16712924,  0.        , ...,  0.99355417,
          0.98274741,  0.99696231],
        ...,
        [-0.98012962, -0.99852532, -0.99355417, ...,  0.        ,
         -0.07235795,  0.03563051],
        [-0.99191322, -0.99983608, -0.98274741, ...,  0.07235795,
          0.        ,  0.10784912],
        [-0.97243967, -0.99595698, -0.99696231, ..., -0.03563051,
         -0.10784912,  0.        ]]]), 'num': array([7.07101583e-01, 7.07101583e-01, 0.00000000e+00, 0.00000000e+00,
       1.16104334e-03, 1.17413781e-03, 1.14358404e-03, 1.95445496e-03,
       2.18241229e-05, 1.12088695e-03, 1.19465249e-03, 1.13223550e-03,
       3.03639971e-07, 1.31158092e-03, 1.07772406e-03])}
{'img': array([[[ 0.        , -0.24587415, -0.14315972, ..., -0.70233455,
         -0.50150263, -0.34482759],
        [ 0.24587415,  0.        ,  0.10457657, ..., -0.50574934,
         -0.27338786, -0.10344828],
        [ 0.14315972, -0.10457657,  0.        , ..., -0.5931924 ,
         -0.37248144, -0.20689655],
        ...,
        [ 0.70233455,  0.50574934,  0.5931924 , ...,  0.        ,
          0.25063588,  0.4137931 ],
        [ 0.50150263,  0.27338786,  0.37248144, ..., -0.25063588,
          0.        ,  0.17241379],
        [ 0.34482759,  0.10344828,  0.20689655, ..., -0.4137931 ,
         -0.17241379,  0.        ]],

       [[ 0.        ,  0.07882687, -0.13837543, ..., -0.4237842 ,
         -0.41249172, -0.4987552 ],
        [-0.07882687,  0.        , -0.21601339, ..., -0.493864  ,
         -0.48301641, -0.56552587],
        [ 0.13837543,  0.21601339,  0.        , ..., -0.29437196,
         -0.28246882, -0.37402118],
        ...,
        [ 0.4237842 ,  0.493864  ,  0.29437196, ...,  0.        ,
          0.01243121, -0.08444216],
        [ 0.41249172,  0.48301641,  0.28246882, ..., -0.01243121,
          0.        , -0.09682245],
        [ 0.4987552 ,  0.56552587,  0.37402118, ...,  0.08444216,
          0.09682245,  0.        ]],

       [[ 0.        , -0.06214275, -0.10545025, ..., -0.71917953,
         -0.74301644, -0.70093688],
        [ 0.06214275,  0.        , -0.04345016, ..., -0.67461126,
         -0.69998992, -0.6552605 ],
        [ 0.10545025,  0.04345016,  0.        , ..., -0.6419004 ,
         -0.66829879, -0.62181928],
        ...,
        [ 0.71917953,  0.67461126,  0.6419004 , ...,  0.        ,
         -0.03493832,  0.02590763],
        [ 0.74301644,  0.69998992,  0.66829879, ...,  0.03493832,
          0.        ,  0.06081841],
        [ 0.70093688,  0.6552605 ,  0.62181928, ..., -0.02590763,
         -0.06081841,  0.        ]],

       ...,

       [[ 0.        , -0.37414368, -0.42236084, ..., -0.99249501,
         -0.99915054, -0.95055678],
        [ 0.37414368,  0.        , -0.05255087, ..., -0.87465861,
         -0.94200111, -0.76532793],
        [ 0.42236084,  0.05255087,  0.        , ..., -0.84797657,
         -0.92306292, -0.73044657],
        ...,
        [ 0.99249501,  0.87465861,  0.84797657, ...,  0.        ,
         -0.16308112,  0.19198112],
        [ 0.99915054,  0.94200111,  0.92306292, ...,  0.16308112,
          0.        ,  0.34945859],
        [ 0.95055678,  0.76532793,  0.73044657, ..., -0.19198112,
         -0.34945859,  0.        ]],

       [[ 0.        ,  0.0320485 ,  0.06128365, ...,  0.63849308,
          0.57497966,  0.56573039],
        [-0.0320485 ,  0.        ,  0.02926391, ...,  0.61349968,
          0.54846325,  0.5390129 ],
        [-0.06128365, -0.02926391,  0.        , ...,  0.59012737,
          0.52375862,  0.51413313],
        ...,
        [-0.63849308, -0.61349968, -0.59012737, ...,  0.        ,
         -0.07987422, -0.09109348],
        [-0.57497966, -0.54846325, -0.52375862, ...,  0.07987422,
          0.        , -0.0112603 ],
        [-0.56573039, -0.5390129 , -0.51413313, ...,  0.09109348,
          0.0112603 ,  0.        ]],

       [[ 0.        ,  0.16712924,  0.40687951, ...,  0.99983608,
          0.99595698,  0.99002595],
        [-0.16712924,  0.        ,  0.24848722, ...,  0.98274741,
          0.99696231,  0.99964725],
        [-0.40687951, -0.24848722,  0.        , ...,  0.90596532,
          0.9463392 ,  0.96169399],
        ...,
        [-0.99983608, -0.98274741, -0.90596532, ...,  0.        ,
          0.10784912,  0.15878699],
        [-0.99595698, -0.99696231, -0.9463392 , ..., -0.10784912,
          0.        ,  0.05138001],
        [-0.99002595, -0.99964725, -0.96169399, ..., -0.15878699,
         -0.05138001,  0.        ]]]), 'num': array([ 7.07101538e-01,  7.07101538e-01,  0.00000000e+00,  0.00000000e+00,
        1.13485432e-03,  1.15667844e-03,  1.12175985e-03,  2.02834259e-03,
       -2.61889459e-05,  1.12787060e-03,  1.19028759e-03,  1.13107147e-03,
        2.08469221e-07,  1.30928330e-03,  1.07129188e-03])}
{'img': array([[[ 0.        ,  0.10457657, -0.10344828, ..., -0.27338786,
         -0.10344828, -0.30699646],
        [-0.10457657,  0.        , -0.20689655, ..., -0.37248144,
         -0.20689655, -0.40483979],
        [ 0.10344828,  0.20689655,  0.        , ..., -0.17241379,
          0.        , -0.20689655],
        ...,
        [ 0.27338786,  0.37248144,  0.17241379, ...,  0.        ,
          0.17241379, -0.03511495],
        [ 0.10344828,  0.20689655,  0.        , ..., -0.17241379,
          0.        , -0.20689655],
        [ 0.30699646,  0.40483979,  0.20689655, ...,  0.03511495,
          0.20689655,  0.        ]],

       [[ 0.        , -0.21601339, -0.36730752, ..., -0.48301641,
         -0.56552587, -0.54006498],
        [ 0.21601339,  0.        , -0.15772157, ..., -0.28246882,
         -0.37402118, -0.34551235],
        [ 0.36730752,  0.15772157,  0.        , ..., -0.12763474,
         -0.22306563, -0.19317962],
        ...,
        [ 0.48301641,  0.28246882,  0.12763474, ...,  0.        ,
         -0.09682245, -0.06636912],
        [ 0.56552587,  0.37402118,  0.22306563, ...,  0.09682245,
          0.        ,  0.03055167],
        [ 0.54006498,  0.34551235,  0.19317962, ...,  0.06636912,
         -0.03055167,  0.        ]],

       [[ 0.        , -0.04345016, -0.11982157, ..., -0.69998992,
         -0.6552605 , -0.60238951],
        [ 0.04345016,  0.        , -0.07657129, ..., -0.66829879,
         -0.62181928, -0.56713859],
        [ 0.11982157,  0.07657129,  0.        , ..., -0.60937589,
         -0.56002606, -0.50240771],
        ...,
        [ 0.69998992,  0.66829879,  0.60937589, ...,  0.        ,
          0.06081841,  0.12853543],
        [ 0.6552605 ,  0.62181928,  0.56002606, ..., -0.06081841,
          0.        ,  0.06798358],
        [ 0.60238951,  0.56713859,  0.50240771, ..., -0.12853543,
         -0.06798358,  0.        ]],

       ...,

       [[ 0.        , -0.05255087, -0.07585205, ..., -0.94200111,
         -0.76532793, -0.99760798],
        [ 0.05255087,  0.        , -0.02334777, ..., -0.92306292,
         -0.73044657, -0.99259693],
        [ 0.07585205,  0.02334777,  0.        , ..., -0.9138306 ,
         -0.71430163, -0.98949065],
        ...,
        [ 0.94200111,  0.92306292,  0.9138306 , ...,  0.        ,
          0.34945859, -0.26969078],
        [ 0.76532793,  0.73044657,  0.71430163, ..., -0.34945859,
          0.        , -0.58919736],
        [ 0.99760798,  0.99259693,  0.98949065, ...,  0.26969078,
          0.58919736,  0.        ]],

       [[ 0.        ,  0.02926391, -0.02601394, ...,  0.54846325,
          0.5390129 ,  0.46173479],
        [-0.02926391,  0.        , -0.0552568 , ...,  0.52375862,
          0.51413313,  0.43557943],
        [ 0.02601394,  0.0552568 ,  0.        , ...,  0.57002984,
          0.56074196,  0.48465337],
        ...,
        [-0.54846325, -0.52375862, -0.57002984, ...,  0.        ,
         -0.0112603 , -0.10040586],
        [-0.5390129 , -0.51413313, -0.56074196, ...,  0.0112603 ,
          0.        , -0.08919609],
        [-0.46173479, -0.43557943, -0.48465337, ...,  0.10040586,
          0.08919609,  0.        ]],

       [[ 0.        ,  0.24848722,  0.58827636, ...,  0.99696231,
          0.99964725,  0.9742714 ],
        [-0.24848722,  0.        ,  0.36888351, ...,  0.9463392 ,
          0.96169399,  0.88770999],
        [-0.58827636, -0.36888351,  0.        , ...,  0.76038528,
          0.79275083,  0.65526971],
        ...,
        [-0.99696231, -0.9463392 , -0.76038528, ...,  0.        ,
          0.05138001, -0.14881172],
        [-0.99964725, -0.96169399, -0.79275083, ..., -0.05138001,
          0.        , -0.19942309],
        [-0.9742714 , -0.88770999, -0.65526971, ...,  0.14881172,
          0.19942309,  0.        ]]]), 'num': array([ 8.90067251e-01,  4.55805340e-01,  3.40597577e-06, -7.76332918e-11,
        1.41453391e-03,  1.44781706e-03,  1.40343953e-03,  2.17365602e-03,
       -2.77359591e-05,  1.43783212e-03,  1.50661730e-03,  1.43616796e-03,
        2.61044320e-07,  1.66325648e-03,  1.34997811e-03])}
{'img': array([[[ 0.        , -0.20689655, -0.40483979, ..., -0.20689655,
         -0.40483979, -0.56253821],
        [ 0.20689655,  0.        , -0.20689655, ...,  0.        ,
         -0.20689655, -0.37931034],
        [ 0.40483979,  0.20689655,  0.        , ...,  0.20689655,
          0.        , -0.17966807],
        ...,
        [ 0.20689655,  0.        , -0.20689655, ...,  0.        ,
         -0.20689655, -0.37931034],
        [ 0.40483979,  0.20689655,  0.        , ...,  0.20689655,
          0.        , -0.17966807],
        [ 0.56253821,  0.37931034,  0.17966807, ...,  0.37931034,
          0.17966807,  0.        ]],

       [[ 0.        , -0.15772157, -0.30649139, ..., -0.37402118,
         -0.34551235, -0.47328679],
        [ 0.15772157,  0.        , -0.15252425, ..., -0.22306563,
         -0.19317962, -0.3284247 ],
        [ 0.30649139,  0.15252425,  0.        , ..., -0.07177453,
         -0.04126815, -0.18051828],
        ...,
        [ 0.37402118,  0.22306563,  0.07177453, ...,  0.        ,
          0.03055167, -0.10945731],
        [ 0.34551235,  0.19317962,  0.04126815, ..., -0.03055167,
          0.        , -0.13977431],
        [ 0.47328679,  0.3284247 ,  0.18051828, ...,  0.10945731,
          0.13977431,  0.        ]],

       [[ 0.        , -0.07657129, -0.18369524, ..., -0.62181928,
         -0.56713859, -0.53920481],
        [ 0.07657129,  0.        , -0.10788764, ..., -0.56002606,
         -0.50240771, -0.47313536],
        [ 0.18369524,  0.10788764,  0.        , ..., -0.46737503,
         -0.40619222, -0.37532581],
        ...,
        [ 0.62181928,  0.56002606,  0.46737503, ...,  0.        ,
          0.06798358,  0.1013964 ],
        [ 0.56713859,  0.50240771,  0.40619222, ..., -0.06798358,
          0.        ,  0.03352861],
        [ 0.53920481,  0.47313536,  0.37532581, ..., -0.1013964 ,
         -0.03352861,  0.        ]],

       ...,

       [[ 0.        , -0.02334777, -0.2818073 , ..., -0.73044657,
         -0.99259693, -0.99642126],
        [ 0.02334777,  0.        , -0.25932897, ..., -0.71430163,
         -0.98949065, -0.99417614],
        [ 0.2818073 ,  0.25932897,  0.        , ..., -0.50837643,
         -0.91814108, -0.93221723],
        ...,
        [ 0.73044657,  0.71430163,  0.50837643, ...,  0.        ,
         -0.58919736, -0.61878381],
        [ 0.99259693,  0.98949065,  0.91814108, ...,  0.58919736,
          0.        , -0.03711995],
        [ 0.99642126,  0.99417614,  0.93221723, ...,  0.61878381,
          0.03711995,  0.        ]],

       [[ 0.        , -0.0552568 , -0.13643913, ...,  0.51413313,
          0.43557943,  0.41965061],
        [ 0.0552568 ,  0.        , -0.0814906 , ...,  0.56074196,
          0.48465337,  0.46916527],
        [ 0.13643913,  0.0814906 ,  0.        , ...,  0.62635045,
          0.55432181,  0.53957008],
        ...,
        [-0.51413313, -0.56074196, -0.62635045, ...,  0.        ,
         -0.08919609, -0.10673261],
        [-0.43557943, -0.48465337, -0.55432181, ...,  0.08919609,
          0.        , -0.0176206 ],
        [-0.41965061, -0.46916527, -0.53957008, ...,  0.10673261,
          0.0176206 ,  0.        ]],

       [[ 0.        ,  0.36888351,  0.66574377, ...,  0.96169399,
          0.88770999,  0.74985147],
        [-0.36888351,  0.        ,  0.34353896, ...,  0.79275083,
          0.65526971,  0.45291305],
        [-0.66574377, -0.34353896,  0.        , ...,  0.53510002,
          0.35588136,  0.11906428],
        ...,
        [-0.96169399, -0.79275083, -0.53510002, ...,  0.        ,
         -0.19942309, -0.43070946],
        [-0.88770999, -0.65526971, -0.35588136, ...,  0.19942309,
          0.        , -0.24208054],
        [-0.74985147, -0.45291305, -0.11906428, ...,  0.43070946,
          0.24208054,  0.        ]]]), 'num': array([ 9.27776203e-01,  3.73100242e-01,  4.31654444e-06, -1.10048648e-08,
        1.47913589e-03,  1.49640207e-03,  1.42158197e-03,  3.05169332e-03,
        1.15107852e-05,  1.49525099e-03,  1.55568262e-03,  1.48863229e-03,
        3.39662513e-07,  1.71920465e-03,  1.39216058e-03])}
{'img': array([[[ 0.        , -0.20689655, -0.13793103, ..., -0.20689655,
         -0.37931034, -0.31034483],
        [ 0.20689655,  0.        ,  0.0699724 , ...,  0.        ,
         -0.17966807, -0.106949  ],
        [ 0.13793103, -0.0699724 ,  0.        , ..., -0.0699724 ,
         -0.24806145, -0.17625794],
        ...,
        [ 0.20689655,  0.        ,  0.0699724 , ...,  0.        ,
         -0.17966807, -0.106949  ],
        [ 0.37931034,  0.17966807,  0.24806145, ...,  0.17966807,
          0.        ,  0.07342893],
        [ 0.31034483,  0.106949  ,  0.17625794, ...,  0.106949  ,
         -0.07342893,  0.        ]],

       [[ 0.        , -0.15252425, -0.05249712, ..., -0.19317962,
         -0.3284247 , -0.08416083],
        [ 0.15252425,  0.        ,  0.10043105, ..., -0.04126815,
         -0.18051828,  0.068807  ],
        [ 0.05249712, -0.10043105,  0.        , ..., -0.14140499,
         -0.27838671, -0.03173391],
        ...,
        [ 0.19317962,  0.04126815,  0.14140499, ...,  0.        ,
         -0.13977431,  0.10991873],
        [ 0.3284247 ,  0.18051828,  0.27838671, ...,  0.13977431,
          0.        ,  0.24776706],
        [ 0.08416083, -0.068807  ,  0.03173391, ..., -0.10991873,
         -0.24776706,  0.        ]],

       [[ 0.        , -0.10788764, -0.22069696, ..., -0.50240771,
         -0.47313536, -0.4509851 ],
        [ 0.10788764,  0.        , -0.11418137, ..., -0.40619222,
         -0.37532581, -0.35205962],
        [ 0.22069696,  0.11418137,  0.        , ..., -0.29919816,
         -0.26703724, -0.24288592],
        ...,
        [ 0.50240771,  0.40619222,  0.29919816, ...,  0.        ,
          0.03352861,  0.05847907],
        [ 0.47313536,  0.37532581,  0.26703724, ..., -0.03352861,
          0.        ,  0.02497496],
        [ 0.4509851 ,  0.35205962,  0.24288592, ..., -0.05847907,
         -0.02497496,  0.        ]],

       ...,

       [[ 0.        , -0.25932897, -0.38624438, ..., -0.98949065,
         -0.99417614, -0.86355329],
        [ 0.25932897,  0.        , -0.13382645, ..., -0.91814108,
         -0.93221723, -0.7032417 ],
        [ 0.38624438,  0.13382645,  0.        , ..., -0.85685298,
         -0.87540004, -0.60177186],
        ...,
        [ 0.98949065,  0.91814108,  0.85685298, ...,  0.        ,
         -0.03711995,  0.37409109],
        [ 0.99417614,  0.93221723,  0.87540004, ...,  0.03711995,
          0.        ,  0.40825801],
        [ 0.86355329,  0.7032417 ,  0.60177186, ..., -0.37409109,
         -0.40825801,  0.        ]],

       [[ 0.        , -0.0814906 , -0.1703352 , ...,  0.48465337,
          0.46916527,  0.35110041],
        [ 0.0814906 ,  0.        , -0.08946897, ...,  0.55432181,
          0.53957008,  0.42623542],
        [ 0.1703352 ,  0.08946897,  0.        , ...,  0.626564  ,
          0.61273376,  0.50546078],
        ...,
        [-0.48465337, -0.55432181, -0.626564  , ...,  0.        ,
         -0.0176206 , -0.14668953],
        [-0.46916527, -0.53957008, -0.61273376, ...,  0.0176206 ,
          0.        , -0.12923676],
        [-0.35110041, -0.42623542, -0.50546078, ...,  0.14668953,
          0.12923676,  0.        ]],

       [[ 0.        ,  0.34353896,  0.70306554, ...,  0.65526971,
          0.45291305,  0.30460478],
        [-0.34353896,  0.        ,  0.41597671, ...,  0.35588136,
          0.11906428, -0.04114753],
        [-0.70306554, -0.41597671,  0.        , ..., -0.06511348,
         -0.30474357, -0.45304296],
        ...,
        [-0.65526971, -0.35588136,  0.06511348, ...,  0.        ,
         -0.24208054, -0.3940336 ],
        [-0.45291305, -0.11906428,  0.30474357, ...,  0.24208054,
          0.        , -0.15981827],
        [-0.30460478,  0.04114753,  0.45304296, ...,  0.3940336 ,
          0.15981827,  0.        ]]]), 'num': array([ 8.36874659e-01,  5.47377677e-01,  2.27056457e-06, -5.56162306e-09,
        1.32796781e-03,  1.34879868e-03,  1.31755238e-03,  1.89995219e-03,
       -1.04154338e-05,  1.34671559e-03,  1.40061546e-03,  1.34602123e-03,
        3.07340670e-07,  1.54968630e-03,  1.25154462e-03])}
{'img': array([[[ 0.        ,  0.0699724 , -0.21648718, ..., -0.17966807,
         -0.106949  , -0.17966807],
        [-0.0699724 ,  0.        , -0.28426959, ..., -0.24806145,
         -0.17625794, -0.24806145],
        [ 0.21648718,  0.28426959,  0.        , ...,  0.03755702,
          0.11083276,  0.03755702],
        ...,
        [ 0.17966807,  0.24806145, -0.03755702, ...,  0.        ,
          0.07342893,  0.        ],
        [ 0.106949  ,  0.17625794, -0.11083276, ..., -0.07342893,
          0.        , -0.07342893],
        [ 0.17966807,  0.24806145, -0.03755702, ...,  0.        ,
          0.07342893,  0.        ]],

       [[ 0.        ,  0.10043105,  0.20172286, ..., -0.18051828,
          0.068807  , -0.23870282],
        [-0.10043105,  0.        ,  0.10233651, ..., -0.27838671,
         -0.03173391, -0.3350238 ],
        [-0.20172286, -0.10233651,  0.        , ..., -0.37521619,
         -0.13385227, -0.42968731],
        ...,
        [ 0.18051828,  0.27838671,  0.37521619, ...,  0.        ,
          0.24776706, -0.05948135],
        [-0.068807  ,  0.03173391,  0.13385227, ..., -0.24776706,
          0.        , -0.30495506],
        [ 0.23870282,  0.3350238 ,  0.42968731, ...,  0.05948135,
          0.30495506,  0.        ]],

       [[ 0.        , -0.11418137, -0.23428516, ..., -0.37532581,
         -0.35205962, -0.39849245],
        [ 0.11418137,  0.        , -0.12174945, ..., -0.26703724,
         -0.24288592, -0.29116236],
        [ 0.23428516,  0.12174945,  0.        , ..., -0.14772245,
         -0.12297541, -0.17252187],
        ...,
        [ 0.37532581,  0.26703724,  0.14772245, ...,  0.        ,
          0.02497496, -0.02512166],
        [ 0.35205962,  0.24288592,  0.12297541, ..., -0.02497496,
          0.        , -0.0500809 ],
        [ 0.39849245,  0.29116236,  0.17252187, ...,  0.02512166,
          0.0500809 ,  0.        ]],

       ...,

       [[ 0.        , -0.13382645, -0.15333934, ..., -0.93221723,
         -0.7032417 , -0.7032417 ],
        [ 0.13382645,  0.        , -0.01971625, ..., -0.87540004,
         -0.60177186, -0.60177186],
        [ 0.15333934,  0.01971625,  0.        , ..., -0.86569906,
         -0.58590814, -0.58590814],
        ...,
        [ 0.93221723,  0.87540004,  0.86569906, ...,  0.        ,
          0.40825801,  0.40825801],
        [ 0.7032417 ,  0.60177186,  0.58590814, ..., -0.40825801,
          0.        ,  0.        ],
        [ 0.7032417 ,  0.60177186,  0.58590814, ..., -0.40825801,
          0.        ,  0.        ]],

       [[ 0.        , -0.08946897, -0.17623946, ...,  0.53957008,
          0.42623542,  0.33164282],
        [ 0.08946897,  0.        , -0.08746413, ...,  0.61273376,
          0.50546078,  0.41471827],
        [ 0.17623946,  0.08746413,  0.        , ...,  0.67950753,
          0.57899207,  0.49271691],
        ...,
        [-0.53957008, -0.61273376, -0.67950753, ...,  0.        ,
         -0.12923676, -0.22980954],
        [-0.42623542, -0.50546078, -0.57899207, ...,  0.12923676,
          0.        , -0.10210448],
        [-0.33164282, -0.41471827, -0.49271691, ...,  0.22980954,
          0.10210448,  0.        ]],

       [[ 0.        ,  0.41597671,  0.80376168, ...,  0.11906428,
         -0.04114753, -0.20481446],
        [-0.41597671,  0.        ,  0.48343507, ..., -0.30474357,
         -0.45304296, -0.59341154],
        [-0.80376168, -0.48343507,  0.        , ..., -0.7272067 ,
         -0.82756174, -0.90857724],
        ...,
        [-0.11906428,  0.30474357,  0.7272067 , ...,  0.        ,
         -0.15981827, -0.31989773],
        [ 0.04114753,  0.45304296,  0.82756174, ...,  0.15981827,
          0.        , -0.16436576],
        [ 0.20481446,  0.59341154,  0.90857724, ...,  0.31989773,
