state_0,state_1,state_2,state_3,state_4,state_5,state_6,state_7,state_8,state_9,state_10,state_11,state_12,state_13,state_14,state_15,state_16,state_17,state_18,state_19,state_20,state_21,state_22,state_23,state_24,state_25,state_26,state_27,state_28,state_29,state_30,state_31,state_32,state_33,state_34,state_35,state_36,state_37,state_38,state_39,state_40,state_41,state_42,state_43,state_44,state_45,state_46,state_47,state_48,state_49,state_50,state_51,state_52,state_53,state_54,state_55,state_56,state_57,state_58,state_59,state_60,state_61,state_62,state_63,state_64,state_65,state_66,state_67,state_68,state_69,state_70,state_71,state_72,state_73,state_74,state_75,state_76,state_77,state_78,state_79,state_80,state_81,state_82,state_83,state_84,state_85,state_86,state_87,state_88,state_89,state_90,state_91,state_92,state_93,state_94,state_95,state_96,state_97,state_98,state_99,state_100,state_101,state_102,state_103,state_104,state_105,state_106,state_107,state_108,state_109,state_110,state_111,state_112,state_113,state_114,state_115,state_116,state_117,state_118,state_119,state_120,state_121,state_122,state_123,state_124,state_125,state_126,state_127,state_128,state_129,state_130,state_131,state_132,state_133,state_134,state_135,state_136,state_137,state_138,state_139,state_140,state_141,state_142,state_143,state_144,state_145,state_146,state_147,state_148,state_149,state_150,state_151,state_152,state_153,state_154,state_155,state_156,state_157,state_158,state_159,state_160,state_161,state_162,state_163,state_164,state_165,state_166,state_167,state_168,state_169,state_170,state_171,state_172,state_173,state_174,state_175,state_176,state_177,state_178,state_179,state_180,state_181,state_182,state_183,state_184,state_185,state_186,state_187,state_188,state_189,state_190,state_191,state_192,state_193,state_194,state_195,state_196,state_197,state_198,state_199,state_200,state_201,state_202,state_203,state_204,state_205,state_206,state_207,state_208,state_209,state_210,state_211,state_212,state_213,state_214,state_215,state_216,state_217,state_218,state_219,state_220,state_221,state_222,state_223,state_224,state_225,state_226,state_227,state_228,state_229,state_230,state_231,state_232,state_233,state_234,state_235,state_236,state_237,state_238,state_239,state_240,state_241,state_242,state_243,state_244,state_245,state_246,state_247,state_248,state_249,state_250,state_251,state_252,state_253,state_254,state_255,state_256,state_257,state_258,state_259,state_260,state_261,state_262,state_263,state_264,state_265,state_266,state_267,state_268,state_269,state_270,state_271,state_272,state_273,state_274,state_275,state_276,state_277,state_278,state_279,state_280,state_281,state_282,state_283,state_284,state_285,state_286,state_287
{'img': array([[[ 0.        , -0.09035097, -0.2470614 , ..., -0.99994604,
         -0.989355  , -0.61537397],
        [ 0.09035097,  0.        , -0.15850084, ..., -0.99679486,
         -0.97216046, -0.68407491],
        [ 0.2470614 ,  0.15850084,  0.        , ..., -0.97151415,
         -0.92273192, -0.79103979],
        ...,
        [ 0.99994604,  0.99679486,  0.97151415, ...,  0.        ,
          0.15579226, -0.78179989],
        [ 0.989355  ,  0.97216046,  0.92273192, ..., -0.15579226,
          0.        , -0.86939505],
        [ 0.61537397,  0.68407491,  0.79103979, ...,  0.78179989,
          0.86939505,  0.        ]],

       [[ 0.        , -0.11961639,  0.21526546, ...,  0.00955983,
          0.06206429,  0.13227127],
        [ 0.11961639,  0.        ,  0.09690784, ...,  0.12910212,
          0.18100447,  0.24988697],
        [-0.21526546, -0.09690784,  0.        , ..., -0.22459133,
         -0.27545969, -0.34254429],
        ...,
        [-0.00955983, -0.12910212,  0.22459133, ...,  0.        ,
          0.05252006,  0.12278939],
        [-0.06206429, -0.18100447,  0.27545969, ..., -0.05252006,
          0.        ,  0.0704973 ],
        [-0.13227127, -0.24988697,  0.34254429, ..., -0.12278939,
         -0.0704973 ,  0.        ]],

       [[ 0.        , -0.32129202, -0.43532774, ..., -0.84163751,
         -0.76794572, -0.24250861],
        [ 0.32129202,  0.        , -0.12299651, ..., -0.97052549,
         -0.9330217 , -0.54135206],
        [ 0.43532774,  0.12299651,  0.        , ..., -0.99279837,
         -0.97019398, -0.64065661],
        ...,
        [ 0.84163751,  0.97052549,  0.99279837, ...,  0.        ,
         -0.12435777, -0.68554895],
        [ 0.76794572,  0.9330217 ,  0.97019398, ...,  0.12435777,
          0.        , -0.58969159],
        [ 0.24250861,  0.54135206,  0.64065661, ...,  0.68554895,
          0.58969159,  0.        ]],

       ...,

       [[ 0.        , -0.2389175 , -0.33938258, ...,  0.74654118,
          0.81866493,  0.13752534],
        [ 0.2389175 ,  0.        , -0.10481664, ...,  0.88388244,
          0.93215979,  0.37018996],
        [ 0.33938258,  0.10481664,  0.        , ...,  0.92803733,
          0.96497361,  0.46552085],
        ...,
        [-0.74654118, -0.88388244, -0.92803733, ...,  0.        ,
          0.11597256, -0.64794673],
        [-0.81866493, -0.93215979, -0.96497361, ..., -0.11597256,
          0.        , -0.73190929],
        [-0.13752534, -0.37018996, -0.46552085, ...,  0.64794673,
          0.73190929,  0.        ]],

       [[ 0.        ,  0.05882055,  0.27315192, ..., -0.67162595,
         -0.28770773, -0.27315192],
        [-0.05882055,  0.        ,  0.21609532, ..., -0.62688351,
         -0.23087607, -0.21609532],
        [-0.27315192, -0.21609532,  0.        , ..., -0.443709  ,
         -0.01516389, -0.        ],
        ...,
        [ 0.67162595,  0.62688351,  0.443709  , ...,  0.        ,
         -0.43006855, -0.443709  ],
        [ 0.28770773,  0.23087607,  0.01516389, ...,  0.43006855,
          0.        , -0.01516389],
        [ 0.27315192,  0.21609532,  0.        , ...,  0.443709  ,
          0.01516389,  0.        ]],

       [[ 0.        , -0.49656707, -0.69491984, ..., -0.5912869 ,
         -0.58913076, -0.        ],
        [ 0.49656707,  0.        , -0.24611425, ..., -0.91369817,
         -0.91260945, -0.49656707],
        [ 0.69491984,  0.24611425,  0.        , ..., -0.98561279,
         -0.98515783, -0.69491984],
        ...,
        [ 0.5912869 ,  0.91369817,  0.98561279, ...,  0.        ,
         -0.00267097, -0.5912869 ],
        [ 0.58913076,  0.91260945,  0.98515783, ...,  0.00267097,
          0.        , -0.58913076],
        [ 0.        ,  0.49656707,  0.69491984, ...,  0.5912869 ,
          0.58913076,  0.        ]]]), 'num': array([7.07106198e-01, 7.07106198e-01, 0.00000000e+00, 0.00000000e+00,
       1.47349076e-04, 1.49042744e-04, 1.43961741e-04, 1.20826242e-03,
       3.38733508e-06, 1.50228311e-04, 1.57267617e-04, 1.68001235e-04,
       9.05236099e-07, 1.67840562e-04, 1.46694671e-04])}
{'img': array([[[ 0.        , -0.15850084,  0.03505116, ..., -0.97216046,
         -0.68407491, -0.98127313],
        [ 0.15850084,  0.        ,  0.19301152, ..., -0.92273192,
         -0.79103979, -0.99939937],
        [-0.03505116, -0.19301152,  0.        , ..., -0.97977614,
         -0.65808782, -0.97391855],
        ...,
        [ 0.97216046,  0.92273192,  0.97977614, ...,  0.        ,
         -0.86939505, -0.4171871 ],
        [ 0.68407491,  0.79103979,  0.65808782, ...,  0.86939505,
          0.        ,  0.58398464],
        [ 0.98127313,  0.99939937,  0.97391855, ...,  0.4171871 ,
         -0.58398464,  0.        ]],

       [[ 0.        ,  0.09690784,  0.30398623, ...,  0.18100447,
          0.24988697,  0.17312849],
        [-0.09690784,  0.        , -0.3948773 , ..., -0.27545969,
         -0.34254429, -0.2677581 ],
        [-0.30398623,  0.3948773 ,  0.        , ..., -0.12652638,
         -0.05628085, -0.13446038],
        ...,
        [-0.18100447,  0.27545969,  0.12652638, ...,  0.        ,
          0.0704973 , -0.00800236],
        [-0.24988697,  0.34254429,  0.05628085, ..., -0.0704973 ,
          0.        , -0.0784775 ],
        [-0.17312849,  0.2677581 ,  0.13446038, ...,  0.00800236,
          0.0784775 ,  0.        ]],

       [[ 0.        , -0.11822953, -0.16599803, ..., -0.98019684,
         -0.88413099, -0.5237828 ],
        [ 0.11822953,  0.        , -0.04824454, ..., -0.9967345 ,
         -0.93317142, -0.62082319],
        [ 0.16599803,  0.04824454,  0.        , ..., -0.99946954,
         -0.9494254 , -0.65792161],
        ...,
        [ 0.98019684,  0.9967345 ,  0.99946954, ...,  0.        ,
         -0.28290568, -0.73126006],
        [ 0.88413099,  0.93317142,  0.9494254 , ...,  0.28290568,
          0.        , -0.50841681],
        [ 0.5237828 ,  0.62082319,  0.65792161, ...,  0.73126006,
          0.50841681,  0.        ]],

       ...,

       [[ 0.        , -0.10481664,  0.52417451, ...,  0.93215979,
          0.37018996,  0.4159078 ],
        [ 0.10481664,  0.        ,  0.61055011, ...,  0.96497361,
          0.46552085,  0.50893777],
        [-0.52417451, -0.61055011,  0.        , ...,  0.60406155,
         -0.1716773 , -0.12249624],
        ...,
        [-0.93215979, -0.96497361, -0.60406155, ...,  0.        ,
         -0.73190929, -0.69713422],
        [-0.37018996, -0.46552085,  0.1716773 , ...,  0.73190929,
          0.        ,  0.04970682],
        [-0.4159078 , -0.50893777,  0.12249624, ...,  0.69713422,
         -0.04970682,  0.        ]],

       [[ 0.        ,  0.21609532, -0.02834259, ..., -0.23087607,
         -0.21609532, -0.33485433],
        [-0.21609532,  0.        , -0.24368143, ..., -0.01516389,
         -0.        , -0.12332236],
        [ 0.02834259,  0.24368143,  0.        , ..., -0.25836019,
         -0.24368143, -0.36142618],
        ...,
        [ 0.23087607,  0.01516389,  0.25836019, ...,  0.        ,
         -0.01516389,  0.10826005],
        [ 0.21609532,  0.        ,  0.24368143, ...,  0.01516389,
          0.        ,  0.12332236],
        [ 0.33485433,  0.12332236,  0.36142618, ..., -0.10826005,
         -0.12332236,  0.        ]],

       [[ 0.        , -0.32838852, -0.45666067, ..., -0.89006674,
         -0.70724437, -0.28415902],
        [ 0.32838852,  0.        , -0.13918764, ..., -0.99039549,
         -0.90018309, -0.58325176],
        [ 0.45666067,  0.13918764,  0.        , ..., -0.99999956,
         -0.95203857, -0.69063533],
        ...,
        [ 0.89006674,  0.99039549,  0.99999956, ...,  0.        ,
         -0.30686638, -0.7238474 ],
        [ 0.70724437,  0.90018309,  0.95203857, ...,  0.30686638,
          0.        , -0.47719809],
        [ 0.28415902,  0.58325176,  0.69063533, ...,  0.7238474 ,
          0.47719809,  0.        ]]]), 'num': array([7.07106502e-01, 7.07106502e-01, 0.00000000e+00, 0.00000000e+00,
       1.53276978e-04, 1.54123813e-04, 1.47349139e-04, 7.71042480e-04,
       5.92783894e-06, 1.49677933e-04, 1.57183001e-04, 1.67637874e-04,
       1.53261392e-06, 1.67854854e-04, 1.46511148e-04])}
{'img': array([[[ 0.        ,  0.19301152,  0.21070416, ..., -0.79103979,
         -0.99939937, -0.91745216],
        [-0.19301152,  0.        ,  0.01806379, ..., -0.65808782,
         -0.97391855, -0.97698972],
        [-0.21070416, -0.01806379,  0.        , ..., -0.64437948,
         -0.96966101, -0.98068307],
        ...,
        [ 0.79103979,  0.65808782,  0.64437948, ...,  0.        ,
          0.58398464,  0.87597696],
        [ 0.99939937,  0.97391855,  0.96966101, ..., -0.58398464,
          0.        ,  0.42940047],
        [ 0.91745216,  0.97698972,  0.98068307, ..., -0.87597696,
         -0.42940047,  0.        ]],

       [[ 0.        , -0.3948773 , -0.29084976, ..., -0.34254429,
         -0.2677581 , -0.20498732],
        [ 0.3948773 ,  0.        , -0.11059273, ..., -0.05628085,
         -0.13446038, -0.19816314],
        [ 0.29084976,  0.11059273,  0.        , ...,  0.05448183,
         -0.02404714, -0.088548  ],
        ...,
        [ 0.34254429,  0.05628085, -0.05448183, ...,  0.        ,
         -0.0784775 , -0.1426843 ],
        [ 0.2677581 ,  0.13446038,  0.02404714, ...,  0.0784775 ,
          0.        , -0.06456971],
        [ 0.20498732,  0.19816314,  0.088548  , ...,  0.1426843 ,
          0.06456971,  0.        ]],

       [[ 0.        , -0.04770685,  0.0455797 , ..., -0.95342121,
         -0.81010146, -0.61541956],
        [ 0.04770685,  0.        ,  0.09318507, ..., -0.96672603,
         -0.83714909, -0.65232135],
        [-0.0455797 , -0.09318507,  0.        , ..., -0.93868157,
         -0.78253662, -0.57885405],
        ...,
        [ 0.95342121,  0.96672603,  0.93868157, ...,  0.        ,
         -0.3146203 , -0.56584983],
        [ 0.81010146,  0.83714909,  0.78253662, ...,  0.3146203 ,
          0.        , -0.27770757],
        [ 0.61541956,  0.65232135,  0.57885405, ...,  0.56584983,
          0.27770757,  0.        ]],

       ...,

       [[ 0.        ,  0.61055011,  0.73585591, ...,  0.46552085,
          0.50893777,  0.97914985],
        [-0.61055011,  0.        ,  0.16935464, ..., -0.1716773 ,
         -0.12249624,  0.65143804],
        [-0.73585591, -0.16935464,  0.        , ..., -0.33603772,
         -0.28880603,  0.51353846],
        ...,
        [-0.46552085,  0.1716773 ,  0.33603772, ...,  0.        ,
          0.04970682,  0.77201818],
        [-0.50893777,  0.12249624,  0.28880603, ..., -0.04970682,
          0.        ,  0.73947017],
        [-0.97914985, -0.65143804, -0.51353846, ..., -0.77201818,
         -0.73947017,  0.        ]],

       [[ 0.        , -0.24368143, -0.3723415 , ..., -0.        ,
         -0.12332236, -0.12997303],
        [ 0.24368143,  0.        , -0.13495768, ..., -0.24368143,
         -0.36142618, -0.36766944],
        [ 0.3723415 ,  0.13495768,  0.        , ..., -0.3723415 ,
         -0.48395426, -0.48981055],
        ...,
        [ 0.        ,  0.24368143,  0.3723415 , ...,  0.        ,
          0.12332236,  0.12997303],
        [ 0.12332236,  0.36142618,  0.48395426, ..., -0.12332236,
          0.        ,  0.00670462],
        [ 0.12997303,  0.36766944,  0.48981055, ..., -0.12997303,
         -0.00670462,  0.        ]],

       [[ 0.        , -0.13864328, -0.2365101 , ..., -0.91057585,
         -0.70856887, -0.58142935],
        [ 0.13864328,  0.        , -0.09951614, ..., -0.95908895,
         -0.79955826, -0.68861387],
        [ 0.2365101 ,  0.09951614,  0.        , ..., -0.98250149,
         -0.85535746, -0.75735751],
        ...,
        [ 0.91057585,  0.95908895,  0.98250149, ...,  0.        ,
         -0.34965898, -0.50051251],
        [ 0.70856887,  0.79955826,  0.85535746, ...,  0.34965898,
          0.        , -0.16620866],
        [ 0.58142935,  0.68861387,  0.75735751, ...,  0.50051251,
          0.16620866,  0.        ]]]), 'num': array([7.07106535e-01, 7.07106535e-01, 0.00000000e+00, 0.00000000e+00,
       1.56452614e-04, 1.57087739e-04, 1.52006734e-04, 7.06937168e-04,
       3.17562815e-06, 1.50821166e-04, 1.57310033e-04, 1.67362660e-04,
       1.81114823e-06, 1.67883153e-04, 1.46736913e-04])}
{'img': array([[[ 0.        ,  0.01806379, -0.03505116, ..., -0.97391855,
         -0.97698972, -0.91814964],
        [-0.01806379,  0.        , -0.05309813, ..., -0.96966101,
         -0.98068307, -0.92515732],
        [ 0.03505116,  0.05309813,  0.        , ..., -0.98127313,
         -0.96891345, -0.903697  ],
        ...,
        [ 0.97391855,  0.96966101,  0.98127313, ...,  0.        ,
          0.42940047,  0.59422567],
        [ 0.97698972,  0.98068307,  0.96891345, ..., -0.42940047,
          0.        ,  0.19128754],
        [ 0.91814964,  0.92515732,  0.903697  , ..., -0.59422567,
         -0.19128754,  0.        ]],

       [[ 0.        , -0.77930228, -0.9713588 , ..., -0.86138676,
         -0.98416304, -0.99278888],
        [ 0.77930228,  0.        , -0.42352436, ..., -0.14394013,
         -0.47858049, -0.52870978],
        [ 0.9713588 ,  0.42352436,  0.        , ...,  0.28872077,
         -0.06166587, -0.11946151],
        ...,
        [ 0.86138676,  0.14394013, -0.28872077, ...,  0.        ,
         -0.34721102, -0.40102724],
        [ 0.98416304,  0.47858049,  0.06166587, ...,  0.34721102,
          0.        , -0.05800988],
        [ 0.99278888,  0.52870978,  0.11946151, ...,  0.40102724,
          0.05800988,  0.        ]],

       [[ 0.        ,  0.09318507,  0.06759489, ..., -0.83714909,
         -0.65232135, -0.89907875],
        [-0.09318507,  0.        , -0.02567117, ..., -0.78253662,
         -0.57885405, -0.85437148],
        [-0.06759489,  0.02567117,  0.        , ..., -0.79826171,
         -0.59959636, -0.86743026],
        ...,
        [ 0.83714909,  0.78253662,  0.79826171, ...,  0.        ,
         -0.27770757,  0.12528045],
        [ 0.65232135,  0.57885405,  0.59959636, ...,  0.27770757,
          0.        ,  0.39587224],
        [ 0.89907875,  0.85437148,  0.86743026, ..., -0.12528045,
         -0.39587224,  0.        ]],

       ...,

       [[ 0.        ,  0.22694356,  0.14695903, ..., -0.21906883,
          0.74631932,  0.91518201],
        [-0.22694356,  0.        , -0.08135498, ..., -0.43478384,
          0.57579536,  0.79983549],
        [-0.14695903,  0.08135498,  0.        , ..., -0.36007962,
          0.64040203,  0.84601501],
        ...,
        [ 0.21906883,  0.43478384,  0.36007962, ...,  0.        ,
          0.87400038,  0.98124538],
        [-0.74631932, -0.57579536, -0.64040203, ..., -0.87400038,
          0.        ,  0.3083371 ],
        [-0.91518201, -0.79983549, -0.84601501, ..., -0.98124538,
         -0.3083371 ,  0.        ]],

       [[ 0.        , -0.28809637, -0.4399831 , ..., -0.12425874,
         -0.13095947, -0.14334695],
        [ 0.28809637,  0.        , -0.16261616, ..., -0.40485392,
         -0.41102218, -0.4223903 ],
        [ 0.4399831 ,  0.16261616,  0.        , ..., -0.54815827,
         -0.55379625, -0.56416561],
        ...,
        [ 0.12425874,  0.40485392,  0.54815827, ...,  0.        ,
          0.00675593,  0.01926053],
        [ 0.13095947,  0.41102218,  0.55379625, ..., -0.00675593,
          0.        ,  0.01250542],
        [ 0.14334695,  0.4223903 ,  0.56416561, ..., -0.01926053,
         -0.01250542,  0.        ]],

       [[ 0.        , -0.09951614, -0.17780475, ..., -0.79955826,
         -0.68861387, -0.81037827],
        [ 0.09951614,  0.        , -0.07899169, ..., -0.85535746,
         -0.75735751, -0.86466271],
        [ 0.17780475,  0.07899169,  0.        , ..., -0.89360542,
         -0.80657259, -0.90164258],
        ...,
        [ 0.79955826,  0.85535746,  0.89360542, ...,  0.        ,
         -0.16620866,  0.01823708],
        [ 0.68861387,  0.75735751,  0.80657259, ...,  0.16620866,
          0.        ,  0.18416444],
        [ 0.81037827,  0.86466271,  0.90164258, ..., -0.01823708,
         -0.18416444,  0.        ]]]), 'num': array([7.07106223e-01, 7.07106223e-01, 0.00000000e+00, 0.00000000e+00,
       1.61321839e-04, 1.61745256e-04, 1.56240836e-04, 1.17379633e-03,
       4.86929435e-06, 1.52472426e-04, 1.57447574e-04, 1.67126179e-04,
       2.09548160e-06, 1.68153493e-04, 1.46741656e-04])}
{'img': array([[[ 0.        , -0.05309813, -0.08680732, ..., -0.98068307,
         -0.92515732, -0.78697225],
        [ 0.05309813,  0.        , -0.03378717, ..., -0.96891345,
         -0.903697  , -0.75310114],
        [ 0.08680732,  0.03378717,  0.        , ..., -0.9600013 ,
         -0.8887143 , -0.73044242],
        ...,
        [ 0.98068307,  0.96891345,  0.9600013 , ...,  0.        ,
          0.19128754,  0.45113559],
        [ 0.92515732,  0.903697  ,  0.8887143 , ..., -0.19128754,
          0.        ,  0.27208933],
        [ 0.78697225,  0.75310114,  0.73044242, ..., -0.45113559,
         -0.27208933,  0.        ]],

       [[ 0.        , -0.42352436, -0.02858674, ..., -0.47858049,
         -0.52870978, -0.16993488],
        [ 0.42352436,  0.        ,  0.39745497, ..., -0.06166587,
         -0.11946151,  0.26342291],
        [ 0.02858674, -0.39745497,  0.        , ..., -0.4532845 ,
         -0.5042292 , -0.14169447],
        ...,
        [ 0.47858049,  0.06166587,  0.4532845 , ...,  0.        ,
         -0.05800988,  0.32240944],
        [ 0.52870978,  0.11946151,  0.5042292 , ...,  0.05800988,
          0.        ,  0.37677868],
        [ 0.16993488, -0.26342291,  0.14169447, ..., -0.32240944,
         -0.37677868,  0.        ]],

       [[ 0.        , -0.02567117, -0.03569202, ..., -0.57885405,
         -0.85437148, -0.95218795],
        [ 0.02567117,  0.        , -0.01002544, ..., -0.59959636,
         -0.86743026, -0.95971702],
        [ 0.03569202,  0.01002544,  0.        , ..., -0.60758961,
         -0.87237492, -0.96248562],
        ...,
        [ 0.57885405,  0.59959636,  0.60758961, ...,  0.        ,
          0.39587224,  0.59959636],
        [ 0.85437148,  0.86743026,  0.87237492, ..., -0.39587224,
          0.        ,  0.23379512],
        [ 0.95218795,  0.95971702,  0.96248562, ..., -0.59959636,
         -0.23379512,  0.        ]],

       ...,

       [[ 0.        , -0.08135498, -0.03986918, ...,  0.57579536,
          0.79983549,  0.94923387],
        [ 0.08135498,  0.        ,  0.04155327, ...,  0.64040203,
          0.84601501,  0.97167927],
        [ 0.03986918, -0.04155327,  0.        , ...,  0.60793435,
          0.8231298 ,  0.96102084],
        ...,
        [-0.57579536, -0.64040203, -0.60793435, ...,  0.        ,
          0.3083371 ,  0.59495911],
        [-0.79983549, -0.84601501, -0.8231298 , ..., -0.3083371 ,
          0.        ,  0.31814322],
        [-0.94923387, -0.97167927, -0.96102084, ..., -0.59495911,
         -0.31814322,  0.        ]],

       [[ 0.        , -0.34360603, -0.5296471 , ..., -0.13236387,
         -0.14488282, -0.23206953],
        [ 0.34360603,  0.        , -0.20594609, ..., -0.46488745,
         -0.47604206, -0.55216503],
        [ 0.5296471 ,  0.20594609,  0.        , ..., -0.63726026,
         -0.64695093, -0.71203289],
        ...,
        [ 0.13236387,  0.46488745,  0.63726026, ...,  0.        ,
          0.01264076,  0.10127737],
        [ 0.14488282,  0.47604206,  0.64695093, ..., -0.01264076,
          0.        ,  0.08869351],
        [ 0.23206953,  0.55216503,  0.71203289, ..., -0.10127737,
         -0.08869351,  0.        ]],

       [[ 0.        , -0.07899169, -0.12698526, ..., -0.75735751,
         -0.86466271, -0.86564929],
        [ 0.07899169,  0.        , -0.04823624, ..., -0.80657259,
         -0.90164258, -0.90249164],
        [ 0.12698526,  0.04823624,  0.        , ..., -0.83414784,
         -0.92145433, -0.9222168 ],
        ...,
        [ 0.75735751,  0.80657259,  0.83414784, ...,  0.        ,
          0.18416444,  0.18609768],
        [ 0.86466271,  0.90164258,  0.92145433, ..., -0.18416444,
          0.        ,  0.00196725],
        [ 0.86564929,  0.90249164,  0.9222168 , ..., -0.18609768,
         -0.00196725,  0.        ]]]), 'num': array([6.95039626e-01, 6.95039626e-01, 0.00000000e+00, 0.00000000e+00,
       1.96234242e-04, 2.06014740e-04, 1.60025591e-04, 1.83955430e-01,
       3.76653211e-05, 1.60816354e-04, 1.56706464e-04, 1.64666125e-04,
       3.06899754e-06, 1.77641957e-04, 1.35770972e-04])}
{'img': array([[[ 0.00000000e+00, -1.53019959e-02,  4.60737326e-02, ...,
         -6.45825423e-01, -4.83002719e-01,  9.93028949e-01],
        [ 1.53019959e-02,  0.00000000e+00,  6.13540840e-02, ...,
         -6.34066962e-01, -4.69547452e-01,  9.94716340e-01],
        [-4.60737326e-02, -6.13540840e-02,  0.00000000e+00, ...,
         -6.80316192e-01, -5.22832819e-01,  9.86543649e-01],
        ...,
        [ 6.45825423e-01,  6.34066962e-01,  6.80316192e-01, ...,
          0.00000000e+00,  1.96731528e-01,  8.34286732e-01],
        [ 4.83002719e-01,  4.69547452e-01,  5.22832819e-01, ...,
         -1.96731528e-01,  0.00000000e+00,  9.26446747e-01],
        [-9.93028949e-01, -9.94716340e-01, -9.86543649e-01, ...,
         -8.34286732e-01, -9.26446747e-01,  0.00000000e+00]],

       [[ 0.00000000e+00,  3.97443419e-02, -1.82580640e-02, ...,
         -1.26677054e-02,  2.65962508e-02,  1.20263259e-01],
        [-3.97443419e-02,  0.00000000e+00, -5.79813548e-02, ...,
         -5.23988493e-02, -1.31550460e-02,  1.59624116e-01],
        [ 1.82580640e-02,  5.79813548e-02,  0.00000000e+00, ...,
          5.59100523e-03,  4.48434228e-02,  1.02117665e-01],
        ...,
        [ 1.26677054e-02,  5.23988493e-02, -5.59100523e-03, ...,
          0.00000000e+00,  3.92573410e-02,  1.07677846e-01],
        [-2.65962508e-02,  1.31550460e-02, -4.48434228e-02, ...,
         -3.92573410e-02,  0.00000000e+00,  1.46623933e-01],
        [-1.20263259e-01, -1.59624116e-01, -1.02117665e-01, ...,
         -1.07677846e-01, -1.46623933e-01,  0.00000000e+00]],

       [[ 0.00000000e+00, -1.00254398e-02,  7.43410025e-02, ...,
         -8.67430263e-01, -9.59717016e-01, -8.03015644e-01],
        [ 1.00254398e-02,  0.00000000e+00,  8.43349647e-02, ...,
         -8.72374915e-01, -9.62485616e-01, -7.97000547e-01],
        [-7.43410025e-02, -8.43349647e-02,  0.00000000e+00, ...,
         -8.28040961e-01, -9.36173890e-01, -8.45097714e-01],
        ...,
        [ 8.67430263e-01,  8.72374915e-01,  8.28040961e-01, ...,
          0.00000000e+00,  2.33795122e-01,  9.16499443e-01],
        [ 9.59717016e-01,  9.62485616e-01,  9.36173890e-01, ...,
         -2.33795122e-01,  0.00000000e+00,  7.97573014e-01],
        [ 8.03015644e-01,  7.97000547e-01,  8.45097714e-01, ...,
         -9.16499443e-01, -7.97573014e-01,  0.00000000e+00]],

       ...,

       [[ 0.00000000e+00,  3.68649903e-02,  4.54625092e-01, ...,
          7.62620723e-01,  9.01031341e-01,  5.07287286e-01],
        [-3.68649903e-02,  0.00000000e+00,  4.21481047e-01, ...,
          7.38256368e-01,  8.84428533e-01,  5.38711861e-01],
        [-4.54625092e-01, -4.21481047e-01,  0.00000000e+00, ...,
          3.85180855e-01,  6.05337759e-01,  8.43617561e-01],
        ...,
        [-7.62620723e-01, -7.38256368e-01, -3.85180855e-01, ...,
          0.00000000e+00,  2.52038657e-01,  9.85345711e-01],
        [-9.01031341e-01, -8.84428533e-01, -6.05337759e-01, ...,
         -2.52038657e-01,  0.00000000e+00,  9.96525976e-01],
        [-5.07287286e-01, -5.38711861e-01, -8.43617561e-01, ...,
         -9.85345711e-01, -9.96525976e-01,  0.00000000e+00]],

       [[ 0.00000000e+00, -4.22741770e-01, -6.15925821e-01, ...,
         -1.47127576e-01, -2.35633524e-01, -9.85677595e-01],
        [ 4.22741770e-01,  0.00000000e+00, -2.25145167e-01, ...,
         -5.51475686e-01, -6.24381126e-01, -9.64561961e-01],
        [ 6.15925821e-01,  2.25145167e-01,  0.00000000e+00, ...,
         -7.25130739e-01, -7.84215641e-01, -8.80391052e-01],
        ...,
        [ 1.47127576e-01,  5.51475686e-01,  7.25130739e-01, ...,
          0.00000000e+00,  9.00844925e-02,  9.50139288e-01],
        [ 2.35633524e-01,  6.24381126e-01,  7.84215641e-01, ...,
         -9.00844925e-02,  0.00000000e+00,  9.18185472e-01],
        [ 9.85677595e-01,  9.64561961e-01,  8.80391052e-01, ...,
         -9.50139288e-01, -9.18185472e-01,  0.00000000e+00]],

       [[ 0.00000000e+00, -4.07107664e-02, -3.97798637e-02, ...,
         -9.60944016e-01, -9.60855349e-01, -7.24112417e-01],
        [ 4.07107664e-02,  0.00000000e+00,  9.31657395e-04, ...,
         -9.48880955e-01, -9.48779835e-01, -7.51589590e-01],
        [ 3.97798637e-02, -9.31657395e-04,  0.00000000e+00, ...,
         -9.49174606e-01, -9.49073769e-01, -7.50974713e-01],
        ...,
        [ 9.60944016e-01,  9.48880955e-01,  9.49174606e-01, ...,
          0.00000000e+00,  3.20217164e-04, -8.63138678e-01],
        [ 9.60855349e-01,  9.48779835e-01,  9.49073769e-01, ...,
         -3.20217164e-04,  0.00000000e+00, -8.63300333e-01],
        [ 7.24112417e-01,  7.51589590e-01,  7.50974713e-01, ...,
          8.63138678e-01,  8.63300333e-01,  0.00000000e+00]]]), 'num': array([ 6.96733733e-01,  6.96733733e-01,  0.00000000e+00,  0.00000000e+00,
        1.88994240e-04,  2.28211588e-04,  1.86491005e-04,  1.70657418e-01,
       -7.71830782e-06,  1.69969654e-04,  1.58569505e-04,  1.65342146e-04,
        2.79820858e-06,  1.83753078e-04,  1.33385932e-04])}
{'img': array([[[ 0.00000000e+00,  6.13540840e-02,  8.44633176e-02, ...,
         -4.69547452e-01,  9.94716340e-01,  6.43444182e-01],
        [-6.13540840e-02,  0.00000000e+00,  2.31693535e-02, ...,
         -5.22832819e-01,  9.86543649e-01,  5.95265850e-01],
        [-8.44633176e-02, -2.31693535e-02,  0.00000000e+00, ...,
         -5.42442840e-01,  9.82490671e-01,  5.76488810e-01],
        ...,
        [ 4.69547452e-01,  5.22832819e-01,  5.42442840e-01, ...,
          0.00000000e+00,  9.26446747e-01,  9.27536829e-01],
        [-9.94716340e-01, -9.86543649e-01, -9.82490671e-01, ...,
         -9.26446747e-01,  0.00000000e+00, -6.95391421e-01],
        [-6.43444182e-01, -5.95265850e-01, -5.76488810e-01, ...,
         -9.27536829e-01,  6.95391421e-01,  0.00000000e+00]],

       [[ 0.00000000e+00, -5.79813548e-02, -7.06276916e-02, ...,
         -1.31550460e-02,  1.59624116e-01,  6.54589189e-01],
        [ 5.79813548e-02,  0.00000000e+00, -1.26723116e-02, ...,
          4.48434228e-02,  1.02117665e-01,  6.09654930e-01],
        [ 7.06276916e-02,  1.26723116e-02,  0.00000000e+00, ...,
          5.74993856e-02,  8.95034002e-02,  5.99561054e-01],
        ...,
        [ 1.31550460e-02, -4.48434228e-02, -5.74993856e-02, ...,
          0.00000000e+00,  1.46623933e-01,  6.44587532e-01],
        [-1.59624116e-01, -1.02117665e-01, -8.95034002e-02, ...,
         -1.46623933e-01,  0.00000000e+00, -5.25522557e-01],
        [-6.54589189e-01, -6.09654930e-01, -5.99561054e-01, ...,
         -6.44587532e-01,  5.25522557e-01,  0.00000000e+00]],

       [[ 0.00000000e+00,  8.43349647e-02,  1.24748522e-01, ...,
         -9.62485616e-01, -7.97000547e-01, -2.32949918e-01],
        [-8.43349647e-02,  0.00000000e+00,  4.06279278e-02, ...,
         -9.36173890e-01, -8.45097714e-01, -3.14134827e-01],
        [-1.24748522e-01, -4.06279278e-02,  0.00000000e+00, ...,
         -9.21118702e-01, -8.66120127e-01, -3.52446737e-01],
        ...,
        [ 9.62485616e-01,  9.36173890e-01,  9.21118702e-01, ...,
          0.00000000e+00,  7.97573014e-01,  9.99213350e-01],
        [ 7.97000547e-01,  8.45097714e-01,  8.66120127e-01, ...,
         -7.97573014e-01,  0.00000000e+00,  6.34377291e-01],
        [ 2.32949918e-01,  3.14134827e-01,  3.52446737e-01, ...,
         -9.99213350e-01, -6.34377291e-01,  0.00000000e+00]],

       ...,

       [[ 0.00000000e+00,  4.21481047e-01,  4.41527021e-01, ...,
          8.84428533e-01,  5.38711861e-01,  9.62171762e-01],
        [-4.21481047e-01,  0.00000000e+00,  2.22201257e-02, ...,
          6.05337759e-01,  8.43617561e-01,  9.87362960e-01],
        [-4.41527021e-01, -2.22201257e-02,  0.00000000e+00, ...,
          5.87501778e-01,  8.55340249e-01,  9.83597843e-01],
        ...,
        [-8.84428533e-01, -6.05337759e-01, -5.87501778e-01, ...,
          0.00000000e+00,  9.96525976e-01,  6.89979011e-01],
        [-5.38711861e-01, -8.43617561e-01, -8.55340249e-01, ...,
         -9.96525976e-01,  0.00000000e+00, -6.63851577e-01],
        [-9.62171762e-01, -9.87362960e-01, -9.83597843e-01, ...,
         -6.89979011e-01,  6.63851577e-01,  0.00000000e+00]],

       [[ 0.00000000e+00, -4.82803405e-01, -6.48024672e-01, ...,
         -2.41273471e-01, -9.91805855e-01, -9.66010625e-01],
        [ 4.82803405e-01,  0.00000000e+00, -1.99781434e-01, ...,
         -6.79830144e-01, -9.30233100e-01, -7.21157471e-01],
        [ 6.48024672e-01,  1.99781434e-01,  0.00000000e+00, ...,
         -8.12638730e-01, -8.38166424e-01, -5.68216469e-01],
        ...,
        [ 2.41273471e-01,  6.79830144e-01,  8.12638730e-01, ...,
          0.00000000e+00,  9.31681391e-01,  9.99841697e-01],
        [ 9.91805855e-01,  9.30233100e-01,  8.38166424e-01, ...,
         -9.31681391e-01,  0.00000000e+00,  3.79796112e-01],
        [ 9.66010625e-01,  7.21157471e-01,  5.68216469e-01, ...,
         -9.99841697e-01, -3.79796112e-01,  0.00000000e+00]],

       [[ 0.00000000e+00,  8.90129270e-04,  9.30862279e-03, ...,
         -9.16517121e-01, -9.79007885e-01, -7.28895529e-01],
        [-8.90129270e-04,  0.00000000e+00,  8.41852840e-03, ...,
         -9.16872805e-01, -9.78826068e-01, -7.28285836e-01],
        [-9.30862279e-03, -8.41852840e-03,  0.00000000e+00, ...,
         -9.20200818e-01, -9.77068162e-01, -7.22491034e-01],
        ...,
        [ 9.16517121e-01,  9.16872805e-01,  9.20200818e-01, ...,
          0.00000000e+00, -5.78405408e-01, -9.19025380e-01],
        [ 9.79007885e-01,  9.78826068e-01,  9.77068162e-01, ...,
          5.78405408e-01,  0.00000000e+00, -5.21687993e-01],
        [ 7.28895529e-01,  7.28285836e-01,  7.22491034e-01, ...,
          9.19025380e-01,  5.21687993e-01,  0.00000000e+00]]]), 'num': array([ 7.06692151e-01,  7.06692151e-01,  0.00000000e+00,  0.00000000e+00,
        1.90849198e-04,  2.06929618e-04,  1.88944937e-04,  3.42366957e-02,
       -8.46337905e-07,  1.79931439e-04,  1.62137184e-04,  1.67976916e-04,
        2.91586567e-06,  1.90819518e-04,  1.33454850e-04])}
{'img': array([[[ 0.        ,  0.02316935,  0.03091235, ...,  0.98654365,
          0.59526585,  0.56033279],
        [-0.02316935,  0.        ,  0.00774578, ...,  0.98249067,
          0.57648881,  0.54099195],
        [-0.03091235, -0.00774578,  0.        , ...,  0.98101807,
          0.5701424 ,  0.53446131],
        ...,
        [-0.98654365, -0.98249067, -0.98101807, ...,  0.        ,
         -0.69539142, -0.72550876],
        [-0.59526585, -0.57648881, -0.5701424 , ...,  0.69539142,
          0.        , -0.04279585],
        [-0.56033279, -0.54099195, -0.53446131, ...,  0.72550876,
          0.04279585,  0.        ]],

       [[ 0.        , -0.01267231,  0.01786585, ...,  0.10211766,
          0.60965493,  0.70331901],
        [ 0.01267231,  0.        ,  0.0305347 , ...,  0.0895034 ,
          0.59956105,  0.71227095],
        [-0.01786585, -0.0305347 ,  0.        , ...,  0.11987382,
          0.62371929,  0.69050638],
        ...,
        [-0.10211766, -0.0895034 , -0.11987382, ...,  0.        ,
         -0.52552256, -0.77223512],
        [-0.60965493, -0.59956105, -0.62371929, ...,  0.52552256,
          0.        , -0.99088579],
        [-0.70331901, -0.71227095, -0.69050638, ...,  0.77223512,
          0.99088579,  0.        ]],

       [[ 0.        ,  0.0276686 ,  0.05612914, ..., -0.75524104,
         -0.24353769,  0.71537106],
        [-0.0276686 ,  0.        ,  0.02848267, ..., -0.7730872 ,
         -0.27027999,  0.69576389],
        [-0.05612914, -0.02848267,  0.        , ..., -0.7908401 ,
         -0.29759293,  0.67502334],
        ...,
        [ 0.75524104,  0.7730872 ,  0.7908401 , ...,  0.        ,
          0.57287573,  0.99660865],
        [ 0.24353769,  0.27027999,  0.29759293, ..., -0.57287573,
          0.        ,  0.86400295],
        [-0.71537106, -0.69576389, -0.67502334, ..., -0.99660865,
         -0.86400295,  0.        ]],

       ...,

       [[ 0.        ,  0.02222013,  0.11147266, ...,  0.84361756,
          0.98736296,  0.99887789],
        [-0.02222013,  0.        ,  0.08936349, ...,  0.85534025,
          0.98359784,  0.99757893],
        [-0.11147266, -0.08936349,  0.        , ...,  0.89821435,
          0.96354357,  0.98737307],
        ...,
        [-0.84361756, -0.85534025, -0.89821435, ...,  0.        ,
         -0.66385158, -0.57629557],
        [-0.98736296, -0.98359784, -0.96354357, ...,  0.66385158,
          0.        ,  0.11153605],
        [-0.99887789, -0.99757893, -0.98737307, ...,  0.57629557,
         -0.11153605,  0.        ]],

       [[ 0.        , -0.47805377, -0.68855247, ..., -0.99754938,
         -0.93974327, -0.75180151],
        [ 0.47805377,  0.        , -0.25809853, ..., -0.90962563,
         -0.66196776, -0.34510662],
        [ 0.68855247,  0.25809853,  0.        , ..., -0.77158463,
         -0.44608618, -0.09117207],
        ...,
        [ 0.99754938,  0.90962563,  0.77158463, ...,  0.        ,
          0.40679323,  0.71037412],
        [ 0.93974327,  0.66196776,  0.44608618, ..., -0.40679323,
          0.        ,  0.3626302 ],
        [ 0.75180151,  0.34510662,  0.09117207, ..., -0.71037412,
         -0.3626302 ,  0.        ]],

       [[ 0.        ,  0.00818443,  0.04563479, ..., -0.99695218,
         -0.94284197, -0.71417259],
        [-0.00818443,  0.        ,  0.03745735, ..., -0.99628028,
         -0.94008301, -0.70841982],
        [-0.04563479, -0.03745735,  0.        , ..., -0.99235335,
         -0.92665236, -0.68148559],
        ...,
        [ 0.99695218,  0.99628028,  0.99235335, ...,  0.        ,
         -0.2586687 , -0.64212008],
        [ 0.94284197,  0.94008301,  0.92665236, ...,  0.2586687 ,
          0.        , -0.42196975],
        [ 0.71417259,  0.70841982,  0.68148559, ...,  0.64212008,
          0.42196975,  0.        ]]]), 'num': array([ 7.07070850e-01,  7.07070850e-01,  0.00000000e+00,  0.00000000e+00,
        1.81636763e-04,  1.92009958e-04,  1.79943180e-04,  1.00688159e-02,
       -9.31470580e-06,  1.85066268e-04,  1.63166125e-04,  1.68155138e-04,
        2.64741792e-06,  1.93087916e-04,  1.33244334e-04])}
{'img': array([[[ 0.        ,  0.00774578,  0.06228893, ...,  0.57648881,
          0.54099195,  0.17314608],
        [-0.00774578,  0.        ,  0.05455632, ...,  0.5701424 ,
          0.53446131,  0.1655121 ],
        [-0.06228893, -0.05455632,  0.        , ...,  0.52447276,
          0.48755471,  0.11146173],
        ...,
        [-0.57648881, -0.5701424 , -0.52447276, ...,  0.        ,
         -0.04279585, -0.42630308],
        [-0.54099195, -0.53446131, -0.48755471, ...,  0.04279585,
          0.        , -0.38720023],
        [-0.17314608, -0.1655121 , -0.11146173, ...,  0.42630308,
          0.38720023,  0.        ]],

       [[ 0.        ,  0.0305347 , -0.03543635, ...,  0.59956105,
          0.71227095,  0.36615757],
        [-0.0305347 ,  0.        , -0.06593535, ...,  0.62371929,
          0.69050638,  0.33757267],
        [ 0.03543635,  0.06593535,  0.        , ...,  0.57082375,
          0.73669654,  0.39890299],
        ...,
        [-0.59956105, -0.62371929, -0.57082375, ...,  0.        ,
         -0.99088579, -0.85096978],
        [-0.71227095, -0.69050638, -0.73669654, ...,  0.99088579,
          0.        , -0.40579809],
        [-0.36615757, -0.33757267, -0.39890299, ...,  0.85096978,
          0.40579809,  0.        ]],

       [[ 0.        ,  0.01911325,  0.06638059, ..., -0.19846592,
          0.29895717,  0.88069476],
        [-0.01911325,  0.        ,  0.04729737, ..., -0.21716272,
          0.28066342,  0.87148024],
        [-0.06638059, -0.04729737,  0.        , ..., -0.26308831,
          0.23495301,  0.84730885],
        ...,
        [ 0.19846592,  0.21716272,  0.26308831, ...,  0.        ,
          0.48239964,  0.95718597],
        [-0.29895717, -0.28066342, -0.23495301, ..., -0.48239964,
          0.        ,  0.69880624],
        [-0.88069476, -0.87148024, -0.84730885, ..., -0.95718597,
         -0.69880624,  0.        ]],

       ...,

       [[ 0.        ,  0.08936349,  0.31496672, ...,  0.98359784,
          0.99757893,  0.91625073],
        [-0.08936349,  0.        ,  0.22889143, ...,  0.96354357,
          0.98737307,  0.8767854 ],
        [-0.31496672, -0.22889143,  0.        , ...,  0.87672314,
          0.92490105,  0.74343872],
        ...,
        [-0.98359784, -0.96354357, -0.87672314, ...,  0.        ,
          0.11153605, -0.22876541],
        [-0.99757893, -0.98737307, -0.92490105, ..., -0.11153605,
          0.        , -0.3359163 ],
        [-0.91625073, -0.8767854 , -0.74343872, ...,  0.22876541,
          0.3359163 ,  0.        ]],

       [[ 0.        , -0.54730076, -0.70702315, ..., -0.90339864,
         -0.64179418, -0.36316926],
        [ 0.54730076,  0.        , -0.20468728, ..., -0.52140334,
         -0.11742832,  0.20598338],
        [ 0.70702315,  0.20468728,  0.        , ..., -0.33570211,
          0.08832906,  0.40192004],
        ...,
        [ 0.90339864,  0.52140334,  0.33570211, ...,  0.        ,
          0.41759314,  0.68598986],
