state_0,state_1,state_2,state_3,state_4,state_5,state_6,state_7,state_8,state_9,state_10,state_11,state_12,state_13,state_14,state_15,state_16,state_17,state_18,state_19,state_20,state_21,state_22,state_23,state_24,state_25,state_26,state_27,state_28,state_29,state_30,state_31,state_32,state_33,state_34,state_35,state_36,state_37,state_38,state_39,state_40,state_41,state_42,state_43,state_44,state_45,state_46,state_47,state_48,state_49,state_50,state_51,state_52,state_53,state_54,state_55,state_56,state_57,state_58,state_59,state_60,state_61,state_62,state_63,state_64,state_65,state_66,state_67,state_68,state_69,state_70,state_71,state_72,state_73,state_74,state_75,state_76,state_77,state_78,state_79,state_80,state_81,state_82,state_83,state_84,state_85,state_86,state_87,state_88,state_89,state_90,state_91,state_92,state_93,state_94,state_95,state_96,state_97,state_98,state_99,state_100,state_101,state_102,state_103,state_104,state_105,state_106,state_107,state_108,state_109,state_110,state_111,state_112,state_113,state_114,state_115,state_116,state_117,state_118,state_119,state_120,state_121,state_122,state_123,state_124,state_125,state_126,state_127,state_128,state_129,state_130,state_131,state_132,state_133,state_134,state_135,state_136,state_137,state_138,state_139,state_140,state_141,state_142,state_143,state_144,state_145,state_146,state_147,state_148,state_149,state_150,state_151,state_152,state_153,state_154,state_155,state_156,state_157,state_158,state_159,state_160,state_161,state_162,state_163,state_164,state_165,state_166,state_167,state_168,state_169,state_170,state_171,state_172,state_173,state_174,state_175,state_176,state_177,state_178,state_179,state_180,state_181,state_182,state_183,state_184,state_185,state_186,state_187,state_188,state_189,state_190,state_191,state_192,state_193,state_194,state_195,state_196,state_197,state_198,state_199,state_200,state_201,state_202,state_203,state_204,state_205,state_206,state_207,state_208,state_209,state_210,state_211,state_212,state_213,state_214,state_215,state_216,state_217,state_218,state_219,state_220,state_221,state_222,state_223,state_224,state_225,state_226,state_227,state_228,state_229,state_230,state_231,state_232,state_233,state_234,state_235,state_236,state_237,state_238,state_239,state_240,state_241,state_242,state_243,state_244,state_245,state_246,state_247,state_248,state_249,state_250,state_251,state_252,state_253,state_254,state_255,state_256,state_257,state_258,state_259,state_260,state_261,state_262,state_263,state_264,state_265,state_266,state_267,state_268,state_269,state_270,state_271,state_272,state_273,state_274,state_275,state_276,state_277,state_278,state_279,state_280,state_281,state_282,state_283,state_284,state_285,state_286,state_287
{'img': array([[[ 0.        , -0.02457398, -0.28681331, ..., -0.90548966,
         -0.95194107, -0.95194107],
        [ 0.02457398,  0.        , -0.26318516, ..., -0.8947878 ,
         -0.94412704, -0.94412704],
        [ 0.28681331,  0.26318516,  0.        , ..., -0.74573238,
         -0.82410114, -0.82410114],
        ...,
        [ 0.90548966,  0.8947878 ,  0.74573238, ...,  0.        ,
         -0.12663913, -0.12663913],
        [ 0.95194107,  0.94412704,  0.82410114, ...,  0.12663913,
          0.        ,  0.        ],
        [ 0.95194107,  0.94412704,  0.82410114, ...,  0.12663913,
          0.        ,  0.        ]],

       [[ 0.        , -0.3146023 ,  0.01307703, ...,  0.08253793,
          0.20192764,  0.12918526],
        [ 0.3146023 ,  0.        ,  0.32698843, ...,  0.3918758 ,
          0.49979611,  0.43459177],
        [-0.01307703, -0.32698843,  0.        , ...,  0.06949845,
          0.18910272,  0.11620676],
        ...,
        [-0.08253793, -0.3918758 , -0.06949845, ...,  0.        ,
          0.12040097,  0.04689817],
        [-0.20192764, -0.49979611, -0.18910272, ..., -0.12040097,
          0.        , -0.07371148],
        [-0.12918526, -0.43459177, -0.11620676, ..., -0.04689817,
          0.07371148,  0.        ]],

       [[ 0.        , -0.37295377, -0.58708705, ..., -0.99684562,
         -0.98708893, -0.97332346],
        [ 0.37295377,  0.        , -0.24281372, ..., -0.95452264,
         -0.97560758, -0.98866758],
        [ 0.58708705,  0.24281372,  0.        , ..., -0.85356447,
         -0.89310758, -0.92262814],
        ...,
        [ 0.99684562,  0.95452264,  0.85356447, ...,  0.        ,
         -0.08132752, -0.1514656 ],
        [ 0.98708893,  0.97560758,  0.89310758, ...,  0.08132752,
          0.        , -0.07057466],
        [ 0.97332346,  0.98866758,  0.92262814, ...,  0.1514656 ,
          0.07057466,  0.        ]],

       ...,

       [[ 0.        ,  0.        , -0.09823692, ...,  0.92446987,
          0.87079851,  0.79162483],
        [ 0.        ,  0.        , -0.09823692, ...,  0.92446987,
          0.87079851,  0.79162483],
        [ 0.09823692,  0.09823692,  0.        , ...,  0.95745159,
          0.91488371,  0.84781927],
        ...,
        [-0.92446987, -0.92446987, -0.95745159, ...,  0.        ,
         -0.12251006, -0.263047  ],
        [-0.87079851, -0.87079851, -0.91488371, ...,  0.12251006,
          0.        , -0.14286991],
        [-0.79162483, -0.79162483, -0.84781927, ...,  0.263047  ,
          0.14286991,  0.        ]],

       [[ 0.        , -0.17331089, -0.11053991, ..., -0.54441479,
         -0.45904233, -0.33703751],
        [ 0.17331089,  0.        ,  0.06338166, ..., -0.68155223,
         -0.60606761, -0.49510786],
        [ 0.11053991, -0.06338166,  0.        , ..., -0.63380111,
         -0.55443443, -0.43904439],
        ...,
        [ 0.54441479,  0.68155223,  0.63380111, ...,  0.        ,
         -0.09861381, -0.22984924],
        [ 0.45904233,  0.60606761,  0.55443443, ...,  0.09861381,
          0.        , -0.13275535],
        [ 0.33703751,  0.49510786,  0.43904439, ...,  0.22984924,
          0.13275535,  0.        ]],

       [[ 0.        , -0.33351727, -0.52132076, ..., -0.84912482,
         -0.88968929, -0.92221073],
        [ 0.33351727,  0.        , -0.20686145, ..., -0.97666855,
         -0.99102204, -0.99837565],
        [ 0.52132076,  0.20686145,  0.        , ..., -0.99996742,
         -0.99724356, -0.98856681],
        ...,
        [ 0.84912482,  0.97666855,  0.99996742, ...,  0.        ,
          0.08224503,  0.15875843],
        [ 0.88968929,  0.99102204,  0.99724356, ..., -0.08224503,
          0.        ,  0.07701862],
        [ 0.92221073,  0.99837565,  0.98856681, ..., -0.15875843,
         -0.07701862,  0.        ]]]), 'num': array([ 7.07106577e-01,  7.07106577e-01,  0.00000000e+00,  0.00000000e+00,
        2.43558932e-04,  2.47923787e-04,  2.41812990e-04,  2.53929828e-04,
       -1.74594216e-06,  2.50368106e-04,  2.55998770e-04,  2.72687067e-04,
        6.37407457e-07,  2.81829717e-04,  2.30167823e-04])}
{'img': array([[[ 0.        , -0.26318516, -0.20952131, ..., -0.94412704,
         -0.94412704, -0.95321441],
        [ 0.26318516,  0.        ,  0.05520881, ..., -0.82410114,
         -0.82410114, -0.8400496 ],
        [ 0.20952131, -0.05520881,  0.        , ..., -0.85411688,
         -0.85411688, -0.86871969],
        ...,
        [ 0.94412704,  0.82410114,  0.85411688, ...,  0.        ,
          0.        , -0.02875715],
        [ 0.94412704,  0.82410114,  0.85411688, ...,  0.        ,
          0.        , -0.02875715],
        [ 0.95321441,  0.8400496 ,  0.86871969, ...,  0.02875715,
          0.02875715,  0.        ]],

       [[ 0.        ,  0.32698843,  0.14981605, ...,  0.49979611,
          0.43459177,  0.04542888],
        [-0.32698843,  0.        , -0.18171758, ...,  0.18910272,
          0.11620676, -0.28371925],
        [-0.14981605,  0.18171758,  0.        , ...,  0.36439322,
          0.29475846, -0.10474521],
        ...,
        [-0.49979611, -0.18910272, -0.36439322, ...,  0.        ,
         -0.07371148, -0.45993219],
        [-0.43459177, -0.11620676, -0.29475846, ...,  0.07371148,
          0.        , -0.39322859],
        [-0.04542888,  0.28371925,  0.10474521, ...,  0.45993219,
          0.39322859,  0.        ]],

       [[ 0.        , -0.480042  , -0.61256636, ..., -0.99167806,
         -0.97967348, -0.95957967],
        [ 0.480042  ,  0.        , -0.1579367 , ..., -0.93174693,
         -0.95571001, -0.9768886 ],
        [ 0.61256636,  0.1579367 ,  0.        , ..., -0.86270467,
         -0.89723277, -0.93086908],
        ...,
        [ 0.99167806,  0.93174693,  0.86270467, ...,  0.        ,
         -0.0728038 , -0.15555632],
        [ 0.97967348,  0.95571001,  0.89723277, ...,  0.0728038 ,
          0.        , -0.08322595],
        [ 0.95957967,  0.9768886 ,  0.93086908, ...,  0.15555632,
          0.08322595,  0.        ]],

       ...,

       [[ 0.        , -0.09823692,  0.07988561, ...,  0.87079851,
          0.79162483,  0.56995917],
        [ 0.09823692,  0.        ,  0.17742216, ...,  0.91488371,
          0.84781927,  0.64792094],
        [-0.07988561, -0.17742216,  0.        , ...,  0.8287405 ,
          0.74028412,  0.50249776],
        ...,
        [-0.87079851, -0.91488371, -0.8287405 , ...,  0.        ,
         -0.14286991, -0.43529687],
        [-0.79162483, -0.84781927, -0.74028412, ...,  0.14286991,
          0.        , -0.30220744],
        [-0.56995917, -0.64792094, -0.50249776, ...,  0.43529687,
          0.30220744,  0.        ]],

       [[ 0.        ,  0.13410001, -0.23810792, ..., -0.57464373,
         -0.46072057, -0.28796508],
        [-0.13410001,  0.        , -0.3662004 , ..., -0.45970549,
         -0.33753943, -0.15694447],
        [ 0.23810792,  0.3662004 ,  0.        , ..., -0.75298463,
         -0.6588012 , -0.50770472],
        ...,
        [ 0.57464373,  0.45970549,  0.75298463, ...,  0.        ,
         -0.13296689, -0.31463066],
        [ 0.46072057,  0.33753943,  0.6588012 , ...,  0.13296689,
          0.        , -0.18562283],
        [ 0.28796508,  0.15694447,  0.50770472, ...,  0.31463066,
          0.18562283,  0.        ]],

       [[ 0.        , -0.41900801, -0.50855235, ..., -0.89772779,
         -0.92958321, -0.95055156],
        [ 0.41900801,  0.        , -0.10097775, ..., -0.99971538,
         -0.99849684, -0.99321419],
        [ 0.50855235,  0.10097775,  0.        , ..., -0.99701455,
         -0.9878587 , -0.9763939 ],
        ...,
        [ 0.89772779,  0.99971538,  0.99701455, ...,  0.        ,
          0.0786149 ,  0.13996161],
        [ 0.92958321,  0.99849684,  0.9878587 , ..., -0.0786149 ,
          0.        ,  0.06168736],
        [ 0.95055156,  0.99321419,  0.9763939 , ..., -0.13996161,
         -0.06168736,  0.        ]]]), 'num': array([7.07106548e-01, 7.07106548e-01, 0.00000000e+00, 0.00000000e+00,
       2.48796748e-04, 2.51415661e-04, 2.42685951e-04, 3.77280627e-04,
       5.23782628e-06, 2.47225400e-04, 2.56566191e-04, 2.71595842e-04,
       5.81980698e-07, 2.81213674e-04, 2.31918707e-04])}
{'img': array([[[ 0.        ,  0.05520881,  0.17464984, ..., -0.82410114,
         -0.8400496 , -0.79057714],
        [-0.05520881,  0.        ,  0.12002319, ..., -0.85411688,
         -0.86871969, -0.82317918],
        [-0.17464984, -0.12002319,  0.        , ..., -0.91036433,
         -0.92188776, -0.88537546],
        ...,
        [ 0.82410114,  0.85411688,  0.91036433, ...,  0.        ,
         -0.02875715,  0.05683197],
        [ 0.8400496 ,  0.86871969,  0.92188776, ...,  0.02875715,
          0.        ,  0.08551914],
        [ 0.79057714,  0.82317918,  0.88537546, ..., -0.05683197,
         -0.08551914,  0.        ]],

       [[ 0.        , -0.18171758,  0.58782578, ...,  0.11620676,
         -0.28371925, -0.12440231],
        [ 0.18171758,  0.        ,  0.43103167, ...,  0.29475846,
         -0.10474521,  0.05797487],
        [-0.58782578, -0.43103167,  0.        , ..., -0.67785311,
         -0.33414515, -0.48261955],
        ...,
        [-0.11620676, -0.29475846,  0.67785311, ...,  0.        ,
         -0.39322859, -0.23886354],
        [ 0.28371925,  0.10474521,  0.33414515, ...,  0.39322859,
          0.        ,  0.16222498],
        [ 0.12440231, -0.05797487,  0.48261955, ...,  0.23886354,
         -0.16222498,  0.        ]],

       [[ 0.        , -0.15941792, -0.24178987, ..., -0.95707445,
         -0.97789753, -0.98817912],
        [ 0.15941792,  0.        , -0.08400989, ..., -0.89862856,
         -0.93205953, -0.95110213],
        [ 0.24178987,  0.08400989,  0.        , ..., -0.85859583,
         -0.8983274 , -0.92179122],
        ...,
        [ 0.95707445,  0.89862856,  0.85859583, ...,  0.        ,
         -0.08332632, -0.13969298],
        [ 0.97789753,  0.93205953,  0.8983274 , ...,  0.08332632,
          0.        , -0.05669787],
        [ 0.98817912,  0.95110213,  0.92179122, ...,  0.13969298,
          0.05669787,  0.        ]],

       ...,

       [[ 0.        ,  0.17742216,  0.29974883, ...,  0.84781927,
          0.64792094,  0.58632451],
        [-0.17742216,  0.        ,  0.1257293 , ...,  0.74028412,
          0.50249776,  0.43329689],
        [-0.29974883, -0.1257293 ,  0.        , ...,  0.64988258,
          0.38980738,  0.31654481],
        ...,
        [-0.84781927, -0.74028412, -0.64988258, ...,  0.        ,
         -0.30220744, -0.37587902],
        [-0.64792094, -0.50249776, -0.38980738, ...,  0.30220744,
          0.        , -0.07825755],
        [-0.58632451, -0.43329689, -0.31654481, ...,  0.37587902,
          0.07825755,  0.        ]],

       [[ 0.        , -0.36598908, -0.47510616, ..., -0.34394994,
         -0.17124419, -0.        ],
        [ 0.36598908,  0.        , -0.12009868, ..., -0.66374575,
         -0.51994603, -0.36598908],
        [ 0.47510616,  0.12009868,  0.        , ..., -0.74877033,
         -0.61877083, -0.47510616],
        ...,
        [ 0.34394994,  0.66374575,  0.74877033, ...,  0.        ,
         -0.17807309, -0.34394994],
        [ 0.17124419,  0.51994603,  0.61877083, ...,  0.17807309,
          0.        , -0.17124419],
        [ 0.        ,  0.36598908,  0.47510616, ...,  0.34394994,
          0.17124419,  0.        ]],

       [[ 0.        , -0.30985393, -0.40486368, ..., -0.94108791,
         -0.96077846, -0.9685044 ],
        [ 0.30985393,  0.        , -0.10161466, ..., -0.99955232,
         -0.99942073, -0.99799118],
        [ 0.40486368,  0.10161466,  0.        , ..., -0.99741871,
         -0.99078938, -0.98638781],
        ...,
        [ 0.94108791,  0.99955232,  0.99741871, ...,  0.        ,
          0.06391904,  0.09318386],
        [ 0.96077846,  0.99942073,  0.99078938, ..., -0.06391904,
          0.        ,  0.02935239],
        [ 0.9685044 ,  0.99799118,  0.98638781, ..., -0.09318386,
         -0.02935239,  0.        ]]]), 'num': array([7.07106560e-01, 7.07106560e-01, 0.00000000e+00, 0.00000000e+00,
       2.48796753e-04, 2.50542695e-04, 2.44431897e-04, 3.26630853e-04,
       0.00000000e+00, 2.46352434e-04, 2.57220923e-04, 2.70693777e-04,
       3.76575752e-07, 2.80259918e-04, 2.34181929e-04])}
{'img': array([[[ 0.        ,  0.12002319,  0.73064401, ..., -0.86871969,
         -0.82317918, -0.82317918],
        [-0.12002319,  0.        ,  0.64341538, ..., -0.92188776,
         -0.88537546, -0.88537546],
        [-0.73064401, -0.64341538,  0.        , ..., -0.95501679,
         -0.97687896, -0.97687896],
        ...,
        [ 0.86871969,  0.92188776,  0.95501679, ...,  0.        ,
          0.08551914,  0.08551914],
        [ 0.82317918,  0.88537546,  0.97687896, ..., -0.08551914,
          0.        ,  0.        ],
        [ 0.82317918,  0.88537546,  0.97687896, ..., -0.08551914,
          0.        ,  0.        ]],

       [[ 0.        ,  0.43103167, -0.07478193, ..., -0.10474521,
          0.05797487, -0.00204108],
        [-0.43103167,  0.        , -0.36234626, ..., -0.33414515,
         -0.48261955, -0.42918903],
        [ 0.07478193,  0.36234626,  0.        , ..., -0.03008136,
          0.13246868,  0.0727464 ],
        ...,
        [ 0.10474521,  0.33414515,  0.03008136, ...,  0.        ,
          0.16222498,  0.10271513],
        [-0.05797487,  0.48261955, -0.13246868, ..., -0.16222498,
          0.        , -0.0600124 ],
        [ 0.00204108,  0.42918903, -0.0727464 , ..., -0.10271513,
          0.0600124 ,  0.        ]],

       [[ 0.        , -0.08400989, -0.02899037, ..., -0.93205953,
         -0.95110213, -0.95590863],
        [ 0.08400989,  0.        ,  0.0550867 , ..., -0.8983274 ,
         -0.92179122, -0.92785871],
        [ 0.02899037, -0.0550867 ,  0.        , ..., -0.92116441,
         -0.94174793, -0.94699341],
        ...,
        [ 0.93205953,  0.8983274 ,  0.92116441, ...,  0.        ,
         -0.05669787, -0.07261807],
        [ 0.95110213,  0.92179122,  0.94174793, ...,  0.05669787,
          0.        , -0.01595307],
        [ 0.95590863,  0.92785871,  0.94699341, ...,  0.07261807,
          0.01595307,  0.        ]],

       ...,

       [[ 0.        ,  0.1257293 ,  0.52659488, ...,  0.50249776,
          0.43329689,  0.13322138],
        [-0.1257293 ,  0.        ,  0.41553159, ...,  0.38980738,
          0.31654481,  0.00755562],
        [-0.52659488, -0.41553159,  0.        , ..., -0.02810105,
         -0.10624151, -0.4086473 ],
        ...,
        [-0.50249776, -0.38980738,  0.02810105, ...,  0.        ,
         -0.07825755, -0.38283831],
        [-0.43329689, -0.31654481,  0.10624151, ...,  0.07825755,
          0.        , -0.30936869],
        [-0.13322138, -0.00755562,  0.4086473 , ...,  0.38283831,
          0.30936869,  0.        ]],

       [[ 0.        , -0.31796508, -0.50110603, ..., -0.27493491,
         -0.21512772, -0.        ],
        [ 0.31796508,  0.        , -0.19993735, ..., -0.56637806,
         -0.51448334, -0.31796508],
        [ 0.50110603,  0.19993735,  0.        , ..., -0.71971962,
         -0.67554159, -0.50110603],
        ...,
        [ 0.27493491,  0.56637806,  0.71971962, ...,  0.        ,
         -0.06166025, -0.27493491],
        [ 0.21512772,  0.51448334,  0.67554159, ...,  0.06166025,
          0.        , -0.21512772],
        [ 0.        ,  0.31796508,  0.50110603, ...,  0.27493491,
          0.21512772,  0.        ]],

       [[ 0.        , -0.27066224, -0.2399831 , ..., -0.96585461,
         -0.97317892, -0.98129334],
        [ 0.27066224,  0.        ,  0.03172711, ..., -0.99992792,
         -0.99912013, -0.99677345],
        [ 0.2399831 , -0.03172711,  0.        , ..., -0.99980545,
         -0.99994778, -0.99881826],
        ...,
        [ 0.96585461,  0.99992792,  0.99980545, ...,  0.        ,
          0.02994132,  0.06829314],
        [ 0.97317892,  0.99912013,  0.99994778, ..., -0.02994132,
          0.        ,  0.0383911 ],
        [ 0.98129334,  0.99677345,  0.99881826, ..., -0.06829314,
         -0.0383911 ,  0.        ]]]), 'num': array([7.07106553e-01, 7.07106553e-01, 0.00000000e+00, 0.00000000e+00,
       2.50542692e-04, 2.53161606e-04, 2.47050808e-04, 3.49537610e-04,
       1.74594211e-06, 2.47399997e-04, 2.57788352e-04, 2.69777155e-04,
       5.04383275e-07, 2.79546882e-04, 2.36029822e-04])}
{'img': array([[[ 0.        ,  0.64341538,  0.44709949, ..., -0.88537546,
         -0.88537546, -0.87193715],
        [-0.64341538,  0.        , -0.23326255, ..., -0.97687896,
         -0.97687896, -0.98251056],
        [-0.44709949,  0.23326255,  0.        , ..., -0.9998005 ,
         -0.9998005 , -0.99884191],
        ...,
        [ 0.88537546,  0.97687896,  0.9998005 , ...,  0.        ,
          0.        ,  0.02815238],
        [ 0.88537546,  0.97687896,  0.9998005 , ...,  0.        ,
          0.        ,  0.02815238],
        [ 0.87193715,  0.98251056,  0.99884191, ..., -0.02815238,
         -0.02815238,  0.        ]],

       [[ 0.        , -0.36234626, -0.16774158, ..., -0.48261955,
         -0.42918903, -0.45433718],
        [ 0.36234626,  0.        , -0.20086972, ...,  0.13246868,
          0.0727464 ,  0.10067319],
        [ 0.16774158,  0.20086972,  0.        , ...,  0.32886819,
          0.27160119,  0.29847048],
        ...,
        [ 0.48261955, -0.13246868, -0.32886819, ...,  0.        ,
         -0.0600124 , -0.0320097 ],
        [ 0.42918903, -0.0727464 , -0.27160119, ...,  0.0600124 ,
          0.        ,  0.02802964],
        [ 0.45433718, -0.10067319, -0.29847048, ...,  0.0320097 ,
         -0.02802964,  0.        ]],

       [[ 0.        ,  0.0550867 ,  0.10891756, ..., -0.92179122,
         -0.92785871, -0.9205538 ],
        [-0.0550867 ,  0.        ,  0.0539932 , ..., -0.94174793,
         -0.94699341, -0.94067374],
        [-0.10891756, -0.0539932 ,  0.        , ..., -0.95853317,
         -0.96295751, -0.95762215],
        ...,
        [ 0.92179122,  0.94174793,  0.95853317, ...,  0.        ,
         -0.01595307,  0.00317979],
        [ 0.92785871,  0.94699341,  0.96295751, ...,  0.01595307,
          0.        ,  0.01913237],
        [ 0.9205538 ,  0.94067374,  0.95762215, ..., -0.00317979,
         -0.01913237,  0.        ]],

       ...,

       [[ 0.        ,  0.41553159,  0.42642858, ...,  0.31654481,
          0.00755562,  0.20734069],
        [-0.41553159,  0.        ,  0.01201323, ..., -0.10624151,
         -0.4086473 , -0.2179089 ],
        [-0.42642858, -0.01201323,  0.        , ..., -0.11817908,
         -0.41958219, -0.22961772],
        ...,
        [-0.31654481,  0.10624151,  0.11817908, ...,  0.        ,
         -0.30936869, -0.11298719],
        [-0.00755562,  0.4086473 ,  0.41958219, ...,  0.30936869,
          0.        ,  0.19994335],
        [-0.20734069,  0.2179089 ,  0.22961772, ...,  0.11298719,
         -0.19994335,  0.        ]],

       [[ 0.        , -0.4015522 , -0.48481079, ..., -0.28554418,
         -0.187894  , -0.        ],
        [ 0.4015522 ,  0.        , -0.09280203, ..., -0.64634547,
         -0.56648039, -0.4015522 ],
        [ 0.48481079,  0.09280203,  0.        , ..., -0.71436833,
         -0.64051164, -0.48481079],
        ...,
        [ 0.28554418,  0.64634547,  0.71436833, ...,  0.        ,
         -0.10038731, -0.28554418],
        [ 0.187894  ,  0.56648039,  0.64051164, ...,  0.10038731,
          0.        , -0.187894  ],
        [ 0.        ,  0.4015522 ,  0.48481079, ...,  0.28554418,
          0.187894  ,  0.        ]],

       [[ 0.        ,  0.1279768 ,  0.01854092, ..., -0.99576324,
         -0.99858458, -0.99976499],
        [-0.1279768 ,  0.        , -0.10956634, ..., -0.97580724,
         -0.98356671, -0.98876974],
        [-0.01854092,  0.10956634,  0.        , ..., -0.99388716,
         -0.99742679, -0.9991912 ],
        ...,
        [ 0.99576324,  0.97580724,  0.99388716, ...,  0.        ,
          0.03886255,  0.07034586],
        [ 0.99858458,  0.98356671,  0.99742679, ..., -0.03886255,
          0.        ,  0.03152644],
        [ 0.99976499,  0.98876974,  0.9991912 , ..., -0.07034586,
         -0.03152644,  0.        ]]]), 'num': array([ 7.07106456e-01,  7.07106456e-01,  0.00000000e+00,  0.00000000e+00,
        2.43558891e-04,  2.48796716e-04,  2.41812949e-04,  6.36430730e-04,
       -6.98376747e-06,  2.47050774e-04,  2.58093857e-04,  2.68656805e-04,
        4.02909662e-07,  2.78849831e-04,  2.37337883e-04])}
{'img': array([[[ 0.        , -0.23326255, -0.23326255, ..., -0.97687896,
         -0.98251056, -0.95501679],
        [ 0.23326255,  0.        ,  0.        , ..., -0.9998005 ,
         -0.99884191, -0.99784591],
        [ 0.23326255,  0.        ,  0.        , ..., -0.9998005 ,
         -0.99884191, -0.99784591],
        ...,
        [ 0.97687896,  0.9998005 ,  0.9998005 , ...,  0.        ,
          0.02815238, -0.08551914],
        [ 0.98251056,  0.99884191,  0.99884191, ..., -0.02815238,
          0.        , -0.11353449],
        [ 0.95501679,  0.99784591,  0.99784591, ...,  0.08551914,
          0.11353449,  0.        ]],

       [[ 0.        , -0.2467759 , -0.44058635, ...,  0.0901879 ,
          0.12485861,  0.45136849],
        [ 0.2467759 ,  0.        , -0.20542689, ...,  0.33316885,
          0.36584182,  0.65761625],
        [ 0.44058635,  0.20542689,  0.        , ...,  0.51975345,
          0.54922541,  0.7983499 ],
        ...,
        [-0.0901879 , -0.33316885, -0.51975345, ...,  0.        ,
          0.03486765,  0.369051  ],
        [-0.12485861, -0.36584182, -0.54922541, ..., -0.03486765,
          0.        ,  0.33642029],
        [-0.45136849, -0.65761625, -0.7983499 , ..., -0.369051  ,
         -0.33642029,  0.        ]],

       [[ 0.        ,  0.0539932 ,  0.18797053, ..., -0.94699341,
         -0.94067374, -0.94281379],
        [-0.0539932 ,  0.        ,  0.13466558, ..., -0.96295751,
         -0.95762215, -0.95943552],
        [-0.18797053, -0.13466558,  0.        , ..., -0.99049903,
         -0.98768665, -0.98866214],
        ...,
        [ 0.94699341,  0.96295751,  0.99049903, ...,  0.        ,
          0.01913237,  0.01277001],
        [ 0.94067374,  0.95762215,  0.98768665, ..., -0.01913237,
          0.        , -0.00636314],
        [ 0.94281379,  0.95943552,  0.98866214, ..., -0.01277001,
          0.00636314,  0.        ]],

       ...,

       [[ 0.        ,  0.01201323,  0.03691889, ..., -0.4086473 ,
         -0.2179089 , -0.36854603],
        [-0.01201323,  0.        ,  0.02491119, ..., -0.41958219,
         -0.22961772, -0.37968705],
        [-0.03691889, -0.02491119,  0.        , ..., -0.4420643 ,
         -0.25379205, -0.40261494],
        ...,
        [ 0.4086473 ,  0.41958219,  0.4420643 , ...,  0.        ,
          0.19994335,  0.04351325],
        [ 0.2179089 ,  0.22961772,  0.25379205, ..., -0.19994335,
          0.        , -0.15711936],
        [ 0.36854603,  0.37968705,  0.40261494, ..., -0.04351325,
          0.15711936,  0.        ]],

       [[ 0.        , -0.2888985 , -0.40579079, ..., -0.2674828 ,
         -0.18894169, -0.        ],
        [ 0.2888985 ,  0.        , -0.12444436, ..., -0.53444906,
         -0.46458011, -0.2888985 ],
        [ 0.40579079,  0.12444436,  0.        , ..., -0.63547503,
         -0.57116809, -0.40579079],
        ...,
        [ 0.2674828 ,  0.53444906,  0.63547503, ...,  0.        ,
         -0.08060784, -0.2674828 ],
        [ 0.18894169,  0.46458011,  0.57116809, ...,  0.08060784,
          0.        , -0.18894169],
        [ 0.        ,  0.2888985 ,  0.40579079, ...,  0.2674828 ,
          0.18894169,  0.        ]],

       [[ 0.        , -0.10956634, -0.14163619, ..., -0.98356671,
         -0.98876974, -0.99184715],
        [ 0.10956634,  0.        , -0.03232168, ..., -0.99742679,
         -0.9991912 , -0.99983811],
        [ 0.14163619,  0.03232168,  0.        , ..., -0.99922287,
         -0.99996884, -0.99989728],
        ...,
        [ 0.98356671,  0.99742679,  0.99922287, ...,  0.        ,
          0.03152644,  0.05373409],
        [ 0.98876974,  0.9991912 ,  0.99996884, ..., -0.03152644,
          0.        ,  0.02222649],
        [ 0.99184715,  0.99983811,  0.99989728, ..., -0.05373409,
         -0.02222649,  0.        ]]]), 'num': array([7.07106566e-01, 7.07106566e-01, 0.00000000e+00, 0.00000000e+00,
       2.48796755e-04, 2.48796755e-04, 2.42685957e-04, 3.02676529e-04,
       5.23782642e-06, 2.48098378e-04, 2.58224842e-04, 2.67376489e-04,
       5.41844112e-07, 2.78709737e-04, 2.37739948e-04])}
{'img': array([[[ 0.        ,  0.        ,  0.23326255, ..., -0.99884191,
         -0.99784591, -0.9998005 ],
        [ 0.        ,  0.        ,  0.23326255, ..., -0.99884191,
         -0.99784591, -0.9998005 ],
        [-0.23326255, -0.23326255,  0.        , ..., -0.98251056,
         -0.95501679, -0.97687896],
        ...,
        [ 0.99884191,  0.99884191,  0.98251056, ...,  0.        ,
         -0.11353449, -0.02815238],
        [ 0.99784591,  0.99784591,  0.95501679, ...,  0.11353449,
          0.        ,  0.08551914],
        [ 0.9998005 ,  0.9998005 ,  0.97687896, ...,  0.02815238,
         -0.08551914,  0.        ]],

       [[ 0.        , -0.20542689,  0.49173324, ...,  0.36584182,
          0.65761625,  0.29639079],
        [ 0.20542689,  0.        ,  0.66012041, ...,  0.54922541,
          0.7983499 ,  0.4862659 ],
        [-0.49173324, -0.66012041,  0.        , ..., -0.13908958,
          0.2021679 , -0.21155701],
        ...,
        [-0.36584182, -0.54922541,  0.13908958, ...,  0.        ,
          0.33642029, -0.07355926],
        [-0.65761625, -0.7983499 , -0.2021679 , ..., -0.33642029,
          0.        , -0.40478051],
        [-0.29639079, -0.4862659 ,  0.21155701, ...,  0.07355926,
          0.40478051,  0.        ]],

       [[ 0.        ,  0.13466558,  0.30431298, ..., -0.95762215,
         -0.95943552, -0.95389183],
        [-0.13466558,  0.        ,  0.17326235, ..., -0.98768665,
         -0.98866214, -0.98562288],
        [-0.30431298, -0.17326235,  0.        , ..., -0.99985464,
         -0.99972591, -0.99999047],
        ...,
        [ 0.95762215,  0.98768665,  0.99985464, ...,  0.        ,
         -0.00636314,  0.01268381],
        [ 0.95943552,  0.98866214,  0.99972591, ...,  0.00636314,
          0.        ,  0.01904619],
        [ 0.95389183,  0.98562288,  0.99999047, ..., -0.01268381,
         -0.01904619,  0.        ]],

       ...,

       [[ 0.        ,  0.02491119,  0.08963302, ..., -0.22961772,
         -0.37968705, -0.1754932 ],
        [-0.02491119,  0.        ,  0.06479428, ..., -0.25379205,
         -0.40261494, -0.19996333],
        [-0.08963302, -0.06479428,  0.        , ..., -0.31593158,
         -0.46107961, -0.26302879],
        ...,
        [ 0.22961772,  0.25379205,  0.31593158, ...,  0.        ,
         -0.15711936,  0.05525002],
        [ 0.37968705,  0.40261494,  0.46107961, ...,  0.15711936,
          0.        ,  0.21144316],
        [ 0.1754932 ,  0.19996333,  0.26302879, ..., -0.05525002,
         -0.21144316,  0.        ]],

       [[ 0.        , -0.29420342, -0.39237817, ..., -0.20890217,
         -0.08586681, -0.        ],
        [ 0.29420342,  0.        , -0.10440314, ..., -0.48736902,
         -0.3751834 , -0.29420342],
        [ 0.39237817,  0.10440314,  0.        , ..., -0.57587   ,
         -0.4699096 , -0.39237817],
        ...,
        [ 0.20890217,  0.48736902,  0.57587   , ...,  0.        ,
         -0.12415833, -0.20890217],
        [ 0.08586681,  0.3751834 ,  0.4699096 , ...,  0.12415833,
          0.        , -0.08586681],
        [ 0.        ,  0.29420342,  0.39237817, ...,  0.20890217,
          0.08586681,  0.        ]],

       [[ 0.        , -0.09016287, -0.11033707, ..., -0.98915448,
         -0.99218209, -0.99301211],
        [ 0.09016287,  0.        , -0.02027532, ..., -0.99836871,
         -0.99939317, -0.99960795],
        [ 0.11033707,  0.02027532,  0.        , ..., -0.99932112,
         -0.99989397, -0.99997015],
        ...,
        [ 0.98915448,  0.99836871,  0.99932112, ...,  0.        ,
          0.02228549,  0.02911993],
        [ 0.99218209,  0.99939317,  0.99989397, ..., -0.02228549,
          0.        ,  0.00683667],
        [ 0.99301211,  0.99960795,  0.99997015, ..., -0.02911993,
         -0.00683667,  0.        ]]]), 'num': array([7.07106564e-01, 7.07106564e-01, 0.00000000e+00, 0.00000000e+00,
       2.48796754e-04, 2.49669725e-04, 2.43558928e-04, 3.11772887e-04,
       0.00000000e+00, 2.48098377e-04, 2.57744708e-04, 2.66125230e-04,
       5.51350148e-07, 2.78636822e-04, 2.36852593e-04])}
{'img': array([[[ 0.        ,  0.23326255,  0.23326255, ..., -0.99784591,
         -0.9998005 , -0.9998005 ],
        [-0.23326255,  0.        ,  0.        , ..., -0.95501679,
         -0.97687896, -0.97687896],
        [-0.23326255,  0.        ,  0.        , ..., -0.95501679,
         -0.97687896, -0.97687896],
        ...,
        [ 0.99784591,  0.95501679,  0.95501679, ...,  0.        ,
          0.08551914,  0.08551914],
        [ 0.9998005 ,  0.97687896,  0.97687896, ..., -0.08551914,
          0.        ,  0.        ],
        [ 0.9998005 ,  0.97687896,  0.97687896, ..., -0.08551914,
          0.        ,  0.        ]],

       [[ 0.        ,  0.66012041,  0.28705773, ...,  0.7983499 ,
          0.4862659 ,  0.49933662],
        [-0.66012041,  0.        , -0.41671188, ...,  0.2021679 ,
         -0.21155701, -0.19685205],
        [-0.28705773,  0.41671188,  0.        , ...,  0.59188557,
          0.21496639,  0.22961205],
        ...,
        [-0.7983499 , -0.2021679 , -0.59188557, ...,  0.        ,
         -0.40478051, -0.39099935],
        [-0.4862659 ,  0.21155701, -0.21496639, ...,  0.40478051,
          0.        ,  0.01502109],
        [-0.49933662,  0.19685205, -0.22961205, ...,  0.39099935,
         -0.01502109,  0.        ]],

       [[ 0.        ,  0.17326235,  0.47486256, ..., -0.98866214,
         -0.98562288, -0.98562288],
        [-0.17326235,  0.        ,  0.31519934, ..., -0.99972591,
         -0.99999047, -0.99999047],
        [-0.47486256, -0.31519934,  0.        , ..., -0.94138598,
         -0.9476401 , -0.9476401 ],
        ...,
        [ 0.98866214,  0.99972591,  0.94138598, ...,  0.        ,
          0.01904619,  0.01904619],
        [ 0.98562288,  0.99999047,  0.9476401 , ..., -0.01904619,
          0.        ,  0.        ],
        [ 0.98562288,  0.99999047,  0.9476401 , ..., -0.01904619,
          0.        ,  0.        ]],

       ...,

       [[ 0.        ,  0.06479428,  0.06479428, ..., -0.40261494,
         -0.19996333, -0.1863897 ],
        [-0.06479428,  0.        ,  0.        , ..., -0.46107961,
         -0.26302879, -0.24965685],
        [-0.06479428,  0.        ,  0.        , ..., -0.46107961,
         -0.26302879, -0.24965685],
        ...,
        [ 0.40261494,  0.46107961,  0.46107961, ...,  0.        ,
          0.21144316,  0.22494404],
        [ 0.19996333,  0.26302879,  0.26302879, ..., -0.21144316,
          0.        ,  0.01383389],
        [ 0.1863897 ,  0.24965685,  0.24965685, ..., -0.22494404,
         -0.01383389,  0.        ]],

       [[ 0.        , -0.26848464, -0.36490637, ..., -0.10695817,
         -0.06263076, -0.        ],
        [ 0.26848464,  0.        , -0.10153738, ..., -0.36997558,
         -0.32828875, -0.26848464],
        [ 0.36490637,  0.10153738,  0.        , ..., -0.46239588,
         -0.42250198, -0.36490637],
        ...,
        [ 0.10695817,  0.36997558,  0.46239588, ...,  0.        ,
         -0.04447671, -0.10695817],
        [ 0.06263076,  0.32828875,  0.42250198, ...,  0.04447671,
          0.        , -0.06263076],
        [ 0.        ,  0.26848464,  0.36490637, ...,  0.10695817,
          0.06263076,  0.        ]],

       [[ 0.        , -0.06379471, -0.08860036, ..., -0.9924051 ,
         -0.99322435, -0.99135307],
        [ 0.06379471,  0.        , -0.02487606, ..., -0.99823117,
         -0.99861495, -0.99770497],
        [ 0.08860036,  0.02487606,  0.        , ..., -0.99940119,
         -0.99961474, -0.99908061],
        ...,
        [ 0.9924051 ,  0.99823117,  0.99940119, ...,  0.        ,
          0.00684912, -0.00827596],
        [ 0.99322435,  0.99861495,  0.99961474, ..., -0.00684912,
          0.        , -0.01512465],
        [ 0.99135307,  0.99770497,  0.99908061, ...,  0.00827596,
          0.01512465,  0.        ]]]), 'num': array([7.07106472e-01, 7.07106472e-01, 0.00000000e+00, 0.00000000e+00,
       2.54907518e-04, 2.56653460e-04, 2.49669692e-04, 5.91944144e-04,
       6.11079667e-06, 2.49320504e-04, 2.57177243e-04, 2.64975783e-04,
       6.29683966e-07, 2.77727506e-04, 2.36626980e-04])}
{'img': array([[[ 0.        ,  0.        , -0.48256154, ..., -0.97687896,
         -0.97687896, -0.99310345],
        [ 0.        ,  0.        , -0.48256154, ..., -0.97687896,
         -0.97687896, -0.99310345],
        [ 0.48256154,  0.48256154,  0.        , ..., -0.95877956,
         -0.95877956, -0.92639782],
        ...,
        [ 0.97687896,  0.97687896,  0.95877956, ...,  0.        ,
          0.        ,  0.09778803],
        [ 0.97687896,  0.97687896,  0.95877956, ...,  0.        ,
          0.        ,  0.09778803],
        [ 0.99310345,  0.99310345,  0.92639782, ..., -0.09778803,
         -0.09778803,  0.        ]],

       [[ 0.        , -0.51013581,  0.08637844, ..., -0.23370589,
         -0.21681667,  0.16587094],
        [ 0.51013581,  0.        ,  0.58252269, ...,  0.29499979,
          0.31151818,  0.64573371],
        [-0.08637844, -0.58252269,  0.        , ..., -0.31681878,
         -0.30033   ,  0.0800691 ],
        ...,
        [ 0.23370589, -0.29499979,  0.31681878, ...,  0.        ,
          0.01733413,  0.391746  ],
        [ 0.21681667, -0.31151818,  0.30033   , ..., -0.01733413,
          0.        ,  0.37573847],
        [-0.16587094, -0.64573371, -0.0800691 , ..., -0.391746  ,
         -0.37573847,  0.        ]],

       [[ 0.        ,  0.31519934,  0.08770727, ..., -0.99999047,
         -0.99999047, -0.99984332],
        [-0.31519934,  0.        , -0.23074822, ..., -0.9476401 ,
         -0.9476401 , -0.95445628],
        [-0.08770727,  0.23074822,  0.        , ..., -0.99575381,
         -0.99575381, -0.99754276],
        ...,
        [ 0.99999047,  0.9476401 ,  0.99575381, ...,  0.        ,
          0.        ,  0.02206718],
        [ 0.99999047,  0.9476401 ,  0.99575381, ...,  0.        ,
          0.        ,  0.02206718],
        [ 0.99984332,  0.95445628,  0.99754276, ..., -0.02206718,
         -0.02206718,  0.        ]],

       ...,

       [[ 0.        ,  0.        , -0.10915078, ..., -0.26302879,
         -0.24965685, -0.14022602],
        [ 0.        ,  0.        , -0.10915078, ..., -0.26302879,
         -0.24965685, -0.14022602],
        [ 0.10915078,  0.10915078,  0.        , ..., -0.15614989,
         -0.14247075, -0.03131588],
        ...,
        [ 0.26302879,  0.26302879,  0.15614989, ...,  0.        ,
          0.01383389,  0.12514156],
        [ 0.24965685,  0.24965685,  0.14247075, ..., -0.01383389,
          0.        ,  0.11140445],
        [ 0.14022602,  0.14022602,  0.03131588, ..., -0.12514156,
         -0.11140445,  0.        ]],

       [[ 0.        , -0.25263429, -0.39681537, ..., -0.22914927,
         -0.22059006, -0.        ],
        [ 0.25263429,  0.        , -0.15205079, ..., -0.4676281 ,
         -0.45984557, -0.25263429],
        [ 0.39681537,  0.15205079,  0.        , ..., -0.59659238,
         -0.58951974, -0.39681537],
        ...,
        [ 0.22914927,  0.4676281 ,  0.59659238, ...,  0.        ,
         -0.0087841 , -0.22914927],
        [ 0.22059006,  0.45984557,  0.58951974, ...,  0.0087841 ,
          0.        , -0.22059006],
        [ 0.        ,  0.25263429,  0.39681537, ...,  0.22914927,
          0.22059006,  0.        ]],

       [[ 0.        , -0.06157792, -0.14634755, ..., -0.99332936,
         -0.99146991, -0.99096033],
        [ 0.06157792,  0.        , -0.08515489, ..., -0.99854495,
         -0.99761418, -0.99734076],
        [ 0.14634755,  0.08515489,  0.        , ..., -0.99951   ,
         -0.99986931, -0.99992418],
        ...,
        [ 0.99332936,  0.99854495,  0.99951   , ...,  0.        ,
         -0.01513837, -0.01899108],
        [ 0.99146991,  0.99761418,  0.99986931, ...,  0.01513837,
          0.        , -0.00385326],
        [ 0.99096033,  0.99734076,  0.99992418, ...,  0.01899108,
          0.00385326,  0.        ]]]), 'num': array([ 7.57327309e-01,  6.53034757e-01,  7.14332549e-06, -3.65223351e-11,
        2.73017152e-04,  2.80497074e-04,  2.70212181e-04,  5.91269133e-04,
        0.00000000e+00,  2.67968205e-04,  2.74419638e-04,  2.82538470e-04,
        7.21746857e-07,  2.94805856e-04,  2.54033419e-04])}
{'img': array([[[ 0.        , -0.48256154, -0.45663298, ..., -0.97687896,
         -0.99310345, -0.99310345],
        [ 0.48256154,  0.        ,  0.02936586, ..., -0.95877956,
         -0.92639782, -0.92639782],
        [ 0.45663298, -0.02936586,  0.        , ..., -0.9667104 ,
         -0.9370559 , -0.9370559 ],
        ...,
        [ 0.97687896,  0.95877956,  0.9667104 , ...,  0.        ,
          0.09778803,  0.09778803],
        [ 0.99310345,  0.92639782,  0.9370559 , ..., -0.09778803,
          0.        ,  0.        ],
        [ 0.99310345,  0.92639782,  0.9370559 , ..., -0.09778803,
          0.        ,  0.        ]],

