state_0,state_1,state_2,state_3,state_4,state_5,state_6,state_7,state_8,state_9,state_10,state_11,state_12,state_13,state_14,state_15,state_16,state_17,state_18,state_19,state_20,state_21,state_22,state_23,state_24,state_25,state_26,state_27,state_28,state_29,state_30,state_31,state_32,state_33,state_34,state_35,state_36,state_37,state_38,state_39,state_40,state_41,state_42,state_43,state_44,state_45,state_46,state_47,state_48,state_49,state_50,state_51,state_52,state_53,state_54,state_55,state_56,state_57,state_58,state_59,state_60,state_61,state_62,state_63,state_64,state_65,state_66,state_67,state_68,state_69,state_70,state_71,state_72,state_73,state_74,state_75,state_76,state_77,state_78,state_79,state_80,state_81,state_82,state_83,state_84,state_85,state_86,state_87,state_88,state_89,state_90,state_91,state_92,state_93,state_94,state_95,state_96,state_97,state_98,state_99,state_100,state_101,state_102,state_103,state_104,state_105,state_106,state_107,state_108,state_109,state_110,state_111,state_112,state_113,state_114,state_115,state_116,state_117,state_118,state_119,state_120,state_121,state_122,state_123,state_124,state_125,state_126,state_127,state_128,state_129,state_130,state_131,state_132,state_133,state_134,state_135,state_136,state_137,state_138,state_139,state_140,state_141,state_142,state_143,state_144,state_145,state_146,state_147,state_148,state_149,state_150,state_151,state_152,state_153,state_154,state_155,state_156,state_157,state_158,state_159,state_160,state_161,state_162,state_163,state_164,state_165,state_166,state_167,state_168,state_169,state_170,state_171,state_172,state_173,state_174,state_175,state_176,state_177,state_178,state_179,state_180,state_181,state_182,state_183,state_184,state_185,state_186,state_187,state_188,state_189,state_190,state_191,state_192,state_193,state_194,state_195,state_196,state_197,state_198,state_199,state_200,state_201,state_202,state_203,state_204,state_205,state_206,state_207,state_208,state_209,state_210,state_211,state_212,state_213,state_214,state_215,state_216,state_217,state_218,state_219,state_220,state_221,state_222,state_223,state_224,state_225,state_226,state_227,state_228,state_229,state_230,state_231,state_232,state_233,state_234,state_235,state_236,state_237,state_238,state_239,state_240,state_241,state_242,state_243,state_244,state_245,state_246,state_247,state_248,state_249,state_250,state_251,state_252,state_253,state_254,state_255,state_256,state_257,state_258,state_259,state_260,state_261,state_262,state_263,state_264,state_265,state_266,state_267,state_268,state_269,state_270,state_271,state_272,state_273,state_274,state_275,state_276,state_277,state_278,state_279,state_280,state_281,state_282,state_283,state_284,state_285,state_286,state_287
{'img': array([[[ 0.        ,  0.15770607,  0.07653187, ..., -0.7184647 ,
         -0.95691336, -0.99454896],
        [-0.15770607,  0.        , -0.08166938, ..., -0.81916848,
         -0.99073232, -0.99854739],
        [-0.07653187,  0.08166938,  0.        , ..., -0.76959031,
         -0.9763297 , -0.99961211],
        ...,
        [ 0.7184647 ,  0.81916848,  0.76959031, ...,  0.        ,
         -0.45697076, -0.61685709],
        [ 0.95691336,  0.99073232,  0.9763297 , ...,  0.45697076,
          0.        , -0.18901276],
        [ 0.99454896,  0.99854739,  0.99961211, ...,  0.61685709,
          0.18901276,  0.        ]],

       [[ 0.        , -0.47610261, -0.43335697, ..., -0.13670931,
         -0.28362668, -0.5532078 ],
        [ 0.47610261,  0.        ,  0.04798465, ...,  0.35141182,
          0.20713296, -0.08987117],
        [ 0.43335697, -0.04798465,  0.        , ...,  0.30608278,
          0.15995036, -0.13755812],
        ...,
        [ 0.13670931, -0.35141182, -0.30608278, ...,  0.        ,
         -0.14986845, -0.43412907],
        [ 0.28362668, -0.20713296, -0.15995036, ...,  0.14986845,
          0.        , -0.29421689],
        [ 0.5532078 ,  0.08987117,  0.13755812, ...,  0.43412907,
          0.29421689,  0.        ]],

       [[ 0.        ,  0.09488418,  0.07065113, ..., -0.95863604,
         -0.92674294, -0.90002611],
        [-0.09488418,  0.        , -0.02431469, ..., -0.98131831,
         -0.95820938, -0.93731942],
        [-0.07065113,  0.02431469,  0.        , ..., -0.97635026,
         -0.95097044, -0.92856933],
        ...,
        [ 0.95863604,  0.98131831,  0.97635026, ...,  0.        ,
          0.09637254,  0.16162936],
        [ 0.92674294,  0.95820938,  0.95097044, ..., -0.09637254,
          0.        ,  0.06577165],
        [ 0.90002611,  0.93731942,  0.92856933, ..., -0.16162936,
         -0.06577165,  0.        ]],

       ...,

       [[ 0.        ,  0.29318772,  0.23178565, ...,  0.84887418,
          0.59818248,  0.38353403],
        [-0.29318772,  0.        , -0.0636035 , ...,  0.65659277,
          0.3369464 ,  0.09591288],
        [-0.23178565,  0.0636035 ,  0.        , ...,  0.70323597,
          0.39614838,  0.15902895],
        ...,
        [-0.84887418, -0.65659277, -0.70323597, ...,  0.        ,
         -0.36405751, -0.58122386],
        [-0.59818248, -0.3369464 , -0.39614838, ...,  0.36405751,
          0.        , -0.24508872],
        [-0.38353403, -0.09591288, -0.15902895, ...,  0.58122386,
          0.24508872,  0.        ]],

       [[ 0.        , -0.37659285, -0.49943279, ..., -0.34796448,
         -0.28369979, -0.        ],
        [ 0.37659285,  0.        , -0.13640178, ..., -0.67540564,
         -0.62393333, -0.37659285],
        [ 0.49943279,  0.13640178,  0.        , ..., -0.76968204,
         -0.72469673, -0.49943279],
        ...,
        [ 0.34796448,  0.67540564,  0.76968204, ...,  0.        ,
         -0.06769697, -0.34796448],
        [ 0.28369979,  0.62393333,  0.72469673, ...,  0.06769697,
          0.        , -0.28369979],
        [ 0.        ,  0.37659285,  0.49943279, ...,  0.34796448,
          0.28369979,  0.        ]],

       [[ 0.        , -0.0335038 , -0.08080431, ..., -0.85499779,
         -0.84974921, -0.8374342 ],
        [ 0.0335038 ,  0.        , -0.0473647 , ..., -0.87189392,
         -0.86693493, -0.85527516],
        [ 0.08080431,  0.0473647 ,  0.        , ..., -0.89410961,
         -0.88956951, -0.87885841],
        ...,
        [ 0.85499779,  0.87189392,  0.89410961, ...,  0.        ,
         -0.01003701, -0.03296906],
        [ 0.84974921,  0.86693493,  0.88956951, ...,  0.01003701,
          0.        , -0.02293584],
        [ 0.8374342 ,  0.85527516,  0.87885841, ...,  0.03296906,
          0.02293584,  0.        ]]]), 'num': array([7.07097206e-01, 7.07097206e-01, 0.00000000e+00, 0.00000000e+00,
       7.62843459e-05, 7.73112505e-05, 7.23967782e-05, 5.19983442e-03,
       3.88756763e-06, 7.43332270e-05, 7.32109669e-05, 7.61877679e-05,
       8.49319640e-07, 7.56665713e-05, 7.07553626e-05])}
{'img': array([[[ 0.        , -0.08166938, -0.29623612, ..., -0.99073232,
         -0.99854739, -0.65522595],
        [ 0.08166938,  0.        , -0.21724291, ..., -0.9763297 ,
         -0.99961211, -0.59134141],
        [ 0.29623612,  0.21724291,  0.        , ..., -0.90602563,
         -0.9696887 , -0.40202943],
        ...,
        [ 0.99073232,  0.9763297 ,  0.90602563, ...,  0.        ,
         -0.18901276,  0.65943327],
        [ 0.99854739,  0.99961211,  0.9696887 , ...,  0.18901276,
          0.        ,  0.78963957],
        [ 0.65522595,  0.59134141,  0.40202943, ..., -0.65943327,
         -0.78963957,  0.        ]],

       [[ 0.        ,  0.04124824,  0.22933654, ...,  0.17781698,
         -0.07744288,  0.41380605],
        [-0.04124824,  0.        ,  0.1889925 , ...,  0.13707476,
         -0.11850133,  0.45100482],
        [-0.22933654, -0.1889925 ,  0.        , ..., -0.05260408,
         -0.30402661,  0.61155693],
        ...,
        [-0.17781698, -0.13707476,  0.05260408, ...,  0.        ,
         -0.25349168,  0.56908983],
        [ 0.07744288,  0.11850133,  0.30402661, ...,  0.25349168,
          0.        ,  0.34206201],
        [-0.41380605, -0.45100482, -0.61155693, ..., -0.56908983,
         -0.34206201,  0.        ]],

       [[ 0.        , -0.02431469, -0.01625613, ..., -0.95820938,
         -0.93731942, -0.87306138],
        [ 0.02431469,  0.        ,  0.00806016, ..., -0.95097044,
         -0.92856933, -0.86094716],
        [ 0.01625613, -0.00806016,  0.        , ..., -0.95343241,
         -0.93153077, -0.86501935],
        ...,
        [ 0.95820938,  0.95097044,  0.95343241, ...,  0.        ,
          0.06577165,  0.21747804],
        [ 0.93731942,  0.92856933,  0.93153077, ..., -0.06577165,
          0.        ,  0.15280972],
        [ 0.87306138,  0.86094716,  0.86501935, ..., -0.21747804,
         -0.15280972,  0.        ]],

       ...,

       [[ 0.        , -0.0636035 , -0.14859931, ...,  0.3369464 ,
          0.09591288,  0.59015258],
        [ 0.0636035 ,  0.        , -0.08540109, ...,  0.39614838,
          0.15902895,  0.64030425],
        [ 0.14859931,  0.08540109,  0.        , ...,  0.47311524,
          0.24276224,  0.7035634 ],
        ...,
        [-0.3369464 , -0.39614838, -0.47311524, ...,  0.        ,
         -0.24508872,  0.28362868],
        [-0.09591288, -0.15902895, -0.24276224, ...,  0.24508872,
          0.        ,  0.51000215],
        [-0.59015258, -0.64030425, -0.7035634 , ..., -0.28362868,
         -0.51000215,  0.        ]],

       [[ 0.        , -0.34750073, -0.43360331, ..., -0.28895421,
         -0.        , -0.4823097 ],
        [ 0.34750073,  0.        , -0.09344678, ..., -0.60362386,
         -0.34750073, -0.75666293],
        [ 0.43360331,  0.09344678,  0.        , ..., -0.67548482,
         -0.43360331, -0.81444797],
        ...,
        [ 0.28895421,  0.60362386,  0.67548482, ...,  0.        ,
         -0.28895421,  0.20861167],
        [ 0.        ,  0.34750073,  0.43360331, ...,  0.28895421,
          0.        ,  0.4823097 ],
        [ 0.4823097 ,  0.75666293,  0.81444797, ..., -0.20861167,
         -0.4823097 ,  0.        ]],

       [[ 0.        , -0.0466412 , -0.13997558, ..., -0.92897078,
         -0.92373706, -0.70227986],
        [ 0.0466412 ,  0.        , -0.09364122, ..., -0.94522417,
         -0.94059661, -0.73471949],
        [ 0.13997558,  0.09364122,  0.        , ..., -0.97163741,
         -0.96825728, -0.79501463],
        ...,
        [ 0.92897078,  0.94522417,  0.97163741, ...,  0.        ,
         -0.01389699, -0.40138416],
        [ 0.92373706,  0.94059661,  0.96825728, ...,  0.01389699,
          0.        , -0.38861702],
        [ 0.70227986,  0.73471949,  0.79501463, ...,  0.40138416,
          0.38861702,  0.        ]]]), 'num': array([ 7.07106206e-01,  7.07106206e-01,  0.00000000e+00,  0.00000000e+00,
        7.46715890e-05,  7.59919118e-05,  7.43781839e-05,  1.25763680e-03,
       -1.61372786e-06,  7.43048327e-05,  7.32705798e-05,  7.61104963e-05,
        7.98875177e-07,  7.58055639e-05,  7.07355957e-05])}
{'img': array([[[ 0.        , -0.21724291,  0.26639406, ..., -0.99961211,
         -0.59134141, -0.82630843],
        [ 0.21724291,  0.        ,  0.46942458, ..., -0.9696887 ,
         -0.40202943, -0.6842191 ],
        [-0.26639406, -0.46942458,  0.        , ..., -0.97090945,
         -0.78479866, -0.94648702],
        ...,
        [ 0.99961211,  0.9696887 ,  0.97090945, ...,  0.        ,
          0.78963957,  0.53998659],
        [ 0.59134141,  0.40202943,  0.78479866, ..., -0.78963957,
          0.        , -0.33329869],
        [ 0.82630843,  0.6842191 ,  0.94648702, ..., -0.53998659,
          0.33329869,  0.        ]],

       [[ 0.        ,  0.1889925 ,  0.09591535, ..., -0.11850133,
          0.45100482,  0.46671323],
        [-0.1889925 ,  0.        , -0.09393434, ..., -0.30402661,
          0.61155693,  0.29115576],
        [-0.09591535,  0.09393434,  0.        , ..., -0.2131945 ,
          0.53453198,  0.37973308],
        ...,
        [ 0.11850133,  0.30402661,  0.2131945 , ...,  0.        ,
          0.34206201,  0.56822833],
        [-0.45100482, -0.61155693, -0.53453198, ..., -0.34206201,
          0.        , -0.81542419],
        [-0.46671323, -0.29115576, -0.37973308, ..., -0.56822833,
          0.81542419,  0.        ]],

       [[ 0.        ,  0.00806016,  0.10849357, ..., -0.92856933,
         -0.86094716, -0.86467566],
        [-0.00806016,  0.        ,  0.10047746, ..., -0.93153077,
         -0.86501935, -0.86869643],
        [-0.10849357, -0.10047746,  0.        , ..., -0.96335649,
         -0.91105519, -0.91407124],
        ...,
        [ 0.92856933,  0.93153077,  0.96335649, ...,  0.        ,
          0.15280972,  0.14551662],
        [ 0.86094716,  0.86501935,  0.91105519, ..., -0.15280972,
          0.        , -0.00737557],
        [ 0.86467566,  0.86869643,  0.91407124, ..., -0.14551662,
          0.00737557,  0.        ]],

       ...,

       [[ 0.        , -0.08540109,  0.24365734, ...,  0.15902895,
          0.64030425,  0.52557872],
        [ 0.08540109,  0.        ,  0.3255944 , ...,  0.24276224,
          0.7035634 ,  0.59631314],
        [-0.24365734, -0.3255944 ,  0.        , ..., -0.0863205 ,
          0.43384795,  0.30244824],
        ...,
        [-0.15902895, -0.24276224,  0.0863205 , ...,  0.        ,
          0.51000215,  0.38359708],
        [-0.64030425, -0.7035634 , -0.43384795, ..., -0.51000215,
          0.        , -0.14102737],
        [-0.52557872, -0.59631314, -0.30244824, ..., -0.38359708,
          0.14102737,  0.        ]],

       [[ 0.        , -0.27217495, -0.47863235, ..., -0.        ,
         -0.48948331, -0.53838361],
        [ 0.27217495,  0.        , -0.22158912, ..., -0.27217495,
         -0.70834423, -0.74742023],
        [ 0.47863235,  0.22158912,  0.        , ..., -0.47863235,
         -0.84714736, -0.87605253],
        ...,
        [ 0.        ,  0.27217495,  0.47863235, ...,  0.        ,
          0.48948331,  0.53838361],
        [ 0.48948331,  0.70834423,  0.84714736, ..., -0.48948331,
          0.        ,  0.0569898 ],
        [ 0.53838361,  0.74742023,  0.87605253, ..., -0.53838361,
         -0.0569898 ,  0.        ]],

       [[ 0.        , -0.09348093, -0.07304365, ..., -0.94476143,
         -0.80177935, -0.73388116],
        [ 0.09348093,  0.        ,  0.02050742, ..., -0.97126359,
         -0.8541345 , -0.79416707],
        [ 0.07304365, -0.02050742,  0.        , ..., -0.96617843,
         -0.84328995, -0.78153771],
        ...,
        [ 0.94476143,  0.97126359,  0.96617843, ...,  0.        ,
         -0.30181825, -0.40121954],
        [ 0.80177935,  0.8541345 ,  0.84328995, ...,  0.30181825,
          0.        , -0.10604879],
        [ 0.73388116,  0.79416707,  0.78153771, ...,  0.40121954,
          0.10604879,  0.        ]]]), 'num': array([ 7.08166316e-01,  7.06044321e-01,  4.26103547e-07, -6.09677417e-13,
        7.31722643e-05,  7.47885191e-05,  7.22906707e-05,  1.35731612e-03,
       -1.61625483e-06,  7.40097781e-05,  7.33338898e-05,  7.61292760e-05,
        7.62384355e-07,  7.58462165e-05,  7.08215630e-05])}
{'img': array([[[ 0.        ,  0.46942458,  0.56809398, ..., -0.40202943,
         -0.6842191 , -0.90602563],
        [-0.46942458,  0.        ,  0.11529202, ..., -0.78479866,
         -0.94648702, -0.99866698],
        [-0.56809398, -0.11529202,  0.        , ..., -0.85101767,
         -0.97738507, -0.98605653],
        ...,
        [ 0.40202943,  0.78479866,  0.85101767, ...,  0.        ,
         -0.33329869, -0.65943327],
        [ 0.6842191 ,  0.94648702,  0.97738507, ...,  0.33329869,
          0.        , -0.37116608],
        [ 0.90602563,  0.99866698,  0.98605653, ...,  0.65943327,
          0.37116608,  0.        ]],

       [[ 0.        , -0.09393434, -0.30200277, ...,  0.61155693,
          0.29115576,  0.33591714],
        [ 0.09393434,  0.        , -0.21111917, ...,  0.53453198,
          0.37973308,  0.4229078 ],
        [ 0.30200277,  0.21111917,  0.        , ...,  0.34405681,
          0.56647954,  0.60468603],
        ...,
        [-0.61155693, -0.53453198, -0.34405681, ...,  0.        ,
         -0.81542419, -0.84179808],
        [-0.29115576, -0.37973308, -0.56647954, ...,  0.81542419,
          0.        ,  0.04712661],
        [-0.33591714, -0.4229078 , -0.60468603, ...,  0.84179808,
         -0.04712661,  0.        ]],

       [[ 0.        ,  0.10047746,  0.1904239 , ..., -0.86501935,
         -0.86869643, -0.9163758 ],
        [-0.10047746,  0.        ,  0.0908213 , ..., -0.91105519,
         -0.91407124, -0.95196138],
        [-0.1904239 , -0.0908213 ,  0.        , ..., -0.9447342 ,
         -0.94712649, -0.97583825],
        ...,
        [ 0.86501935,  0.91105519,  0.9447342 , ...,  0.        ,
         -0.00737557, -0.11349723],
        [ 0.86869643,  0.91407124,  0.94712649, ...,  0.00737557,
          0.        , -0.10616623],
        [ 0.9163758 ,  0.95196138,  0.97583825, ...,  0.11349723,
          0.10616623,  0.        ]],

       ...,

       [[ 0.        ,  0.3255944 ,  0.22198358, ...,  0.7035634 ,
          0.59631314,  0.512784  ],
        [-0.3255944 ,  0.        , -0.10758335, ...,  0.43384795,
          0.30244824,  0.20531363],
        [-0.22198358,  0.10758335,  0.        , ...,  0.52826103,
          0.40323763,  0.30941342],
        ...,
        [-0.7035634 , -0.43384795, -0.52826103, ...,  0.        ,
         -0.14102737, -0.23962063],
        [-0.59631314, -0.30244824, -0.40323763, ...,  0.14102737,
          0.        , -0.10030702],
        [-0.512784  , -0.20531363, -0.30941342, ...,  0.23962063,
          0.10030702,  0.        ]],

       [[ 0.        , -0.40538272, -0.58252324, ..., -0.49384441,
         -0.54309147, -0.5160775 ],
        [ 0.40538272,  0.        , -0.20301114, ..., -0.80394707,
         -0.83685461, -0.81899801],
        [ 0.58252324,  0.20301114,  0.        , ..., -0.90793692,
         -0.93056173, -0.9184306 ],
        ...,
        [ 0.49384441,  0.80394707,  0.90793692, ...,  0.        ,
          0.05757725,  0.02575691],
        [ 0.54309147,  0.83685461,  0.93056173, ..., -0.05757725,
          0.        , -0.03184397],
        [ 0.5160775 ,  0.81899801,  0.9184306 , ..., -0.02575691,
          0.03184397,  0.        ]],

       [[ 0.        ,  0.02046469,  0.07215843, ..., -0.87878813,
         -0.85836853, -0.79315472],
        [-0.02046469,  0.        ,  0.05173198, ..., -0.8688381 ,
         -0.8476897 , -0.78052521],
        [-0.07215843, -0.05173198,  0.        , ..., -0.84206241,
         -0.81911122, -0.74714117],
        ...,
        [ 0.87878813,  0.8688381 ,  0.84206241, ...,  0.        ,
         -0.04122395, -0.15669666],
        [ 0.85836853,  0.8476897 ,  0.81911122, ...,  0.04122395,
          0.        , -0.11584875],
        [ 0.79315472,  0.78052521,  0.74714117, ...,  0.15669666,
          0.11584875,  0.        ]]]), 'num': array([ 7.07910248e-01,  7.06301038e-01,  3.23134457e-07, -9.95244375e-11,
        7.31458906e-05,  7.44678043e-05,  7.13833390e-05,  1.37174983e-03,
        0.00000000e+00,  7.39831026e-05,  7.32927699e-05,  7.60161569e-05,
        7.48519502e-07,  7.58043630e-05,  7.07811769e-05])}
{'img': array([[[ 0.        ,  0.11529202,  0.11529202, ..., -0.94648702,
         -0.99866698, -0.99866698],
        [-0.11529202,  0.        ,  0.        , ..., -0.97738507,
         -0.98605653, -0.98605653],
        [-0.11529202,  0.        ,  0.        , ..., -0.97738507,
         -0.98605653, -0.98605653],
        ...,
        [ 0.94648702,  0.97738507,  0.97738507, ...,  0.        ,
         -0.37116608, -0.37116608],
        [ 0.99866698,  0.98605653,  0.98605653, ...,  0.37116608,
          0.        ,  0.        ],
        [ 0.99866698,  0.98605653,  0.98605653, ...,  0.37116608,
          0.        ,  0.        ]],

       [[ 0.        , -0.21111917, -0.28114325, ...,  0.37973308,
          0.4229078 ,  0.42930857],
        [ 0.21111917,  0.        , -0.07220253, ...,  0.56647954,
          0.60468603,  0.61030603],
        [ 0.28114325,  0.07220253,  0.        , ...,  0.62450138,
          0.66061451,  0.6659095 ],
        ...,
        [-0.37973308, -0.56647954, -0.62450138, ...,  0.        ,
          0.04712661,  0.05419276],
        [-0.4229078 , -0.60468603, -0.66061451, ..., -0.04712661,
          0.        ,  0.00707519],
        [-0.42930857, -0.61030603, -0.6659095 , ..., -0.05419276,
         -0.00707519,  0.        ]],

       [[ 0.        ,  0.0908213 ,  0.14920393, ..., -0.91407124,
         -0.95196138, -0.95196138],
        [-0.0908213 ,  0.        ,  0.05878261, ..., -0.94712649,
         -0.97583825, -0.97583825],
        [-0.14920393, -0.05878261,  0.        , ..., -0.96434974,
         -0.98699449, -0.98699449],
        ...,
        [ 0.91407124,  0.94712649,  0.96434974, ...,  0.        ,
         -0.10616623, -0.10616623],
        [ 0.95196138,  0.97583825,  0.98699449, ...,  0.10616623,
          0.        ,  0.        ],
        [ 0.95196138,  0.97583825,  0.98699449, ...,  0.10616623,
          0.        ,  0.        ]],

       ...,

       [[ 0.        , -0.10758335, -0.08999996, ...,  0.30244824,
          0.20531363,  0.17051394],
        [ 0.10758335,  0.        ,  0.01766915, ...,  0.40323763,
          0.30941342,  0.27553211],
        [ 0.08999996, -0.01766915,  0.        , ...,  0.38700572,
          0.29256304,  0.25850389],
        ...,
        [-0.30244824, -0.40323763, -0.38700572, ...,  0.        ,
         -0.10030702, -0.13549091],
        [-0.20531363, -0.30941342, -0.29256304, ...,  0.10030702,
          0.        , -0.03542551],
        [-0.17051394, -0.27553211, -0.25850389, ...,  0.13549091,
          0.03542551,  0.        ]],

       [[ 0.        , -0.44782343, -0.60009239, ..., -0.55405117,
         -0.52660913, -0.5212786 ],
        [ 0.44782343,  0.        , -0.17832811, ..., -0.86819457,
         -0.85155089, -0.84825317],
        [ 0.60009239,  0.17832811,  0.        , ..., -0.94276902,
         -0.93139387, -0.92909754],
        ...,
        [ 0.55405117,  0.86819457,  0.94276902, ...,  0.        ,
         -0.03261013, -0.03886444],
        [ 0.52660913,  0.85155089,  0.93139387, ...,  0.03261013,
          0.        , -0.00625828],
        [ 0.5212786 ,  0.84825317,  0.92909754, ...,  0.03886444,
          0.00625828,  0.        ]],

       [[ 0.        ,  0.05166869,  0.10277659, ..., -0.86305171,
         -0.83289657, -0.77991996],
        [-0.05166869,  0.        ,  0.05124423, ..., -0.83580025,
         -0.80318912, -0.74653984],
        [-0.10277659, -0.05124423,  0.        , ..., -0.80656733,
         -0.77160643, -0.71146413],
        ...,
        [ 0.86305171,  0.83580025,  0.80656733, ...,  0.        ,
         -0.05692854, -0.14621646],
        [ 0.83289657,  0.80318912,  0.77160643, ...,  0.05692854,
          0.        , -0.08966263],
        [ 0.77991996,  0.74653984,  0.71146413, ...,  0.14621646,
          0.08966263,  0.        ]]]), 'num': array([ 7.07444005e-01,  7.06768967e-01,  1.32101389e-07, -1.02684620e-10,
        7.50042329e-05,  7.52977915e-05,  7.26557637e-05,  7.50893649e-04,
        1.90813117e-06,  7.44464714e-05,  7.33456265e-05,  7.58812393e-05,
        8.31539499e-07,  7.59648870e-05,  7.07263661e-05])}
{'img': array([[[ 0.        ,  0.        ,  0.06800063, ..., -0.98605653,
         -0.98605653, -0.96210074],
        [ 0.        ,  0.        ,  0.06800063, ..., -0.98605653,
         -0.98605653, -0.96210074],
        [-0.06800063, -0.06800063,  0.        , ..., -0.97245805,
         -0.97245805, -0.97841713],
        ...,
        [ 0.98605653,  0.98605653,  0.97245805, ...,  0.        ,
          0.        ,  0.42899583],
        [ 0.98605653,  0.98605653,  0.97245805, ...,  0.        ,
          0.        ,  0.42899583],
        [ 0.96210074,  0.96210074,  0.97841713, ..., -0.42899583,
         -0.42899583,  0.        ]],

       [[ 0.        , -0.07220253, -0.04505327, ...,  0.60468603,
          0.61030603,  0.3162195 ],
        [ 0.07220253,  0.        ,  0.02719353, ...,  0.66061451,
          0.6659095 ,  0.38389169],
        [ 0.04505327, -0.02719353,  0.        , ...,  0.63995533,
          0.64537598,  0.35863981],
        ...,
        [-0.60468603, -0.66061451, -0.63995533, ...,  0.        ,
          0.00707519, -0.32179978],
        [-0.61030603, -0.6659095 , -0.64537598, ..., -0.00707519,
          0.        , -0.32849057],
        [-0.3162195 , -0.38389169, -0.35863981, ...,  0.32179978,
          0.32849057,  0.        ]],

       [[ 0.        ,  0.05878261,  0.15484335, ..., -0.97583825,
         -0.97583825, -0.93856715],
        [-0.05878261,  0.        ,  0.09650196, ..., -0.98699449,
         -0.98699449, -0.95722987],
        [-0.15484335, -0.09650196,  0.        , ..., -0.99790107,
         -0.99790107, -0.98068305],
        ...,
        [ 0.97583825,  0.98699449,  0.99790107, ...,  0.        ,
          0.        ,  0.13168704],
        [ 0.97583825,  0.98699449,  0.99790107, ...,  0.        ,
          0.        ,  0.13168704],
        [ 0.93856715,  0.95722987,  0.98068305, ..., -0.13168704,
         -0.13168704,  0.        ]],

       ...,

       [[ 0.        ,  0.01766915, -0.05305002, ...,  0.30941342,
          0.27553211,  0.48318528],
        [-0.01766915,  0.        , -0.07068601, ...,  0.29256304,
          0.25850389,  0.46764019],
        [ 0.05305002,  0.07068601,  0.        , ...,  0.35942446,
          0.32614068,  0.52895114],
        ...,
        [-0.30941342, -0.29256304, -0.35942446, ...,  0.        ,
         -0.03542551,  0.18857716],
        [-0.27553211, -0.25850389, -0.32614068, ...,  0.03542551,
          0.        ,  0.22324872],
        [-0.48318528, -0.46764019, -0.52895114, ..., -0.18857716,
         -0.22324872,  0.        ]],

       [[ 0.        , -0.4347658 , -0.48778374, ..., -0.53990054,
         -0.53446417, -0.60718258],
        [ 0.4347658 ,  0.        , -0.05973539, ..., -0.85215886,
         -0.84876846, -0.89224289],
        [ 0.48778374,  0.05973539,  0.        , ..., -0.88189563,
         -0.87883874, -0.91762343],
        ...,
        [ 0.53990054,  0.85215886,  0.88189563, ...,  0.        ,
         -0.00644525,  0.08209844],
        [ 0.53446417,  0.84876846,  0.87883874, ...,  0.00644525,
          0.        ,  0.08852022],
        [ 0.60718258,  0.89224289,  0.91762343, ..., -0.08209844,
         -0.08852022,  0.        ]],

       [[ 0.        ,  0.05121691,  0.05610057, ..., -0.81364603,
         -0.78481889, -0.74627173],
        [-0.05121691,  0.        ,  0.0048907 , ..., -0.78280267,
         -0.75204845, -0.71120019],
        [-0.05610057, -0.0048907 ,  0.        , ..., -0.77974998,
         -0.74881596, -0.70775358],
        ...,
        [ 0.81364603,  0.78280267,  0.77974998, ...,  0.        ,
         -0.04797417, -0.10774353],
        [ 0.78481889,  0.75204845,  0.74881596, ...,  0.04797417,
          0.        , -0.05992458],
        [ 0.74627173,  0.71120019,  0.70775358, ...,  0.10774353,
          0.05992458,  0.        ]]]), 'num': array([ 7.07363357e-01,  7.06849679e-01,  1.02735487e-07, -6.75362508e-11,
        7.33824907e-05,  7.58774954e-05,  7.33824907e-05,  7.53931709e-04,
       -1.61441479e-06,  7.38521386e-05,  7.33237847e-05,  7.57588603e-05,
        7.87519412e-07,  7.59383442e-05,  7.07092251e-05])}
{'img': array([[[ 0.        ,  0.06800063,  0.        , ..., -0.98605653,
         -0.96210074, -0.99580244],
        [-0.06800063,  0.        , -0.06800063, ..., -0.97245805,
         -0.97841713, -0.98727343],
        [ 0.        ,  0.06800063,  0.        , ..., -0.98605653,
         -0.96210074, -0.99580244],
        ...,
        [ 0.98605653,  0.97245805,  0.98605653, ...,  0.        ,
          0.42899583,  0.07545975],
        [ 0.96210074,  0.97841713,  0.96210074, ..., -0.42899583,
          0.        , -0.35960942],
        [ 0.99580244,  0.98727343,  0.99580244, ..., -0.07545975,
          0.35960942,  0.        ]],

       [[ 0.        ,  0.02719353,  0.1819405 , ...,  0.6659095 ,
          0.38389169,  0.38573382],
        [-0.02719353,  0.        ,  0.15513355, ...,  0.64537598,
          0.35863981,  0.36050215],
        [-0.1819405 , -0.15513355,  0.        , ...,  0.51906163,
          0.20948449,  0.21143561],
        ...,
        [-0.6659095 , -0.64537598, -0.51906163, ...,  0.        ,
         -0.32849057, -0.32660485],
        [-0.38389169, -0.35863981, -0.20948449, ...,  0.32849057,
          0.        ,  0.00199582],
        [-0.38573382, -0.36050215, -0.21143561, ...,  0.32660485,
         -0.00199582,  0.        ]],

       [[ 0.        ,  0.09650196,  0.27822133, ..., -0.98699449,
         -0.95722987, -0.98997057],
        [-0.09650196,  0.        ,  0.18423104, ..., -0.99790107,
         -0.98068305, -0.99898337],
        [-0.27822133, -0.18423104,  0.        , ..., -0.99275019,
         -0.99993291, -0.99018893],
        ...,
        [ 0.98699449,  0.99790107,  0.99275019, ...,  0.        ,
          0.13168704, -0.01970536],
        [ 0.95722987,  0.98068305,  0.99993291, ..., -0.13168704,
          0.        , -0.15119522],
        [ 0.98997057,  0.99898337,  0.99018893, ...,  0.01970536,
          0.15119522,  0.        ]],

       ...,

       [[ 0.        , -0.07068601,  0.08476568, ...,  0.25850389,
          0.46764019,  0.35772352],
        [ 0.07068601,  0.        ,  0.15498525, ...,  0.32614068,
          0.52895114,  0.42283725],
        [-0.08476568, -0.15498525,  0.        , ...,  0.17568901,
          0.39103112,  0.27727952],
        ...,
        [-0.25850389, -0.32614068, -0.17568901, ...,  0.        ,
          0.22324872,  0.10416652],
        [-0.46764019, -0.52895114, -0.39103112, ..., -0.22324872,
          0.        , -0.1204967 ],
        [-0.35772352, -0.42283725, -0.27727952, ..., -0.10416652,
          0.1204967 ,  0.        ]],

       [[ 0.        , -0.23916995, -0.36302008, ..., -0.54706535,
         -0.62099859, -0.61488749],
        [ 0.23916995,  0.        , -0.12963032, ..., -0.73139502,
         -0.79043999, -0.78565503],
        [ 0.36302008,  0.12963032,  0.        , ..., -0.81362571,
         -0.86317426, -0.8592237 ],
        ...,
        [ 0.54706535,  0.73139502,  0.81362571, ...,  0.        ,
          0.09103544,  0.08329226],
        [ 0.62099859,  0.79043999,  0.86317426, ..., -0.09103544,
          0.        , -0.0077727 ],
        [ 0.61488749,  0.78565503,  0.8592237 , ..., -0.08329226,
          0.0077727 ,  0.        ]],

       [[ 0.        ,  0.00488673,  0.01409383, ..., -0.77467423,
         -0.76113565, -0.71079347],
        [-0.00488673,  0.        ,  0.00920742, ..., -0.7715748 ,
         -0.75795707, -0.70734766],
        [-0.01409383, -0.00920742,  0.        , ..., -0.7656849 ,
         -0.7519189 , -0.70080927],
        ...,
        [ 0.77467423,  0.7715748 ,  0.7656849 , ...,  0.        ,
         -0.02113592, -0.0954287 ],
        [ 0.76113565,  0.75795707,  0.7519189 , ...,  0.02113592,
          0.        , -0.07436793],
        [ 0.71079347,  0.70734766,  0.70080927, ...,  0.0954287 ,
          0.07436793,  0.        ]]]), 'num': array([ 7.07364043e-01,  7.06849338e-01,  1.02735437e-07, -9.09820649e-11,
        7.35292202e-05,  7.45565746e-05,  7.32356904e-05,  2.82830659e-04,
        1.46764911e-07,  7.36172791e-05,  7.32943963e-05,  7.56463040e-05,
        8.09320906e-07,  7.58857843e-05,  7.07030084e-05])}
{'img': array([[[ 0.        , -0.06800063,  0.41810882, ..., -0.97841713,
         -0.98727343, -0.99239933],
        [ 0.06800063,  0.        ,  0.47891258, ..., -0.96210074,
         -0.99580244, -0.9984703 ],
        [-0.41810882, -0.47891258,  0.        , ..., -0.97518897,
         -0.83034349, -0.85004036],
        ...,
        [ 0.97841713,  0.96210074,  0.97518897, ...,  0.        ,
         -0.35960942, -0.32547228],
        [ 0.98727343,  0.99580244,  0.83034349, ...,  0.35960942,
          0.        ,  0.03633012],
        [ 0.99239933,  0.9984703 ,  0.85004036, ...,  0.32547228,
         -0.03633012,  0.        ]],

       [[ 0.        ,  0.15513355, -0.30140473, ...,  0.35863981,
          0.36050215, -0.05778091],
        [-0.15513355,  0.        , -0.44567505, ...,  0.20948449,
          0.21143561, -0.21195576],
        [ 0.30140473,  0.44567505,  0.        , ...,  0.62331582,
          0.62487525,  0.24580728],
        ...,
        [-0.35863981, -0.20948449, -0.62331582, ...,  0.        ,
          0.00199582, -0.41197773],
        [-0.36050215, -0.21143561, -0.62487525, ..., -0.00199582,
          0.        , -0.41379548],
        [ 0.05778091,  0.21195576, -0.24580728, ...,  0.41197773,
          0.41379548,  0.        ]],

       [[ 0.        ,  0.18423104,  0.28845338, ..., -0.98068305,
         -0.99898337, -0.9998045 ],
        [-0.18423104,  0.        ,  0.10711581, ..., -0.99993291,
         -0.99018893, -0.97904808],
        [-0.28845338, -0.10711581,  0.        , ..., -0.99542059,
         -0.96952409, -0.95160327],
        ...,
        [ 0.98068305,  0.99993291,  0.99542059, ...,  0.        ,
         -0.15119522, -0.21495604],
        [ 0.99898337,  0.99018893,  0.96952409, ...,  0.15119522,
          0.        , -0.06482404],
        [ 0.9998045 ,  0.97904808,  0.95160327, ...,  0.21495604,
          0.06482404,  0.        ]],

       ...,

       [[ 0.        ,  0.15498525,  0.85240029, ...,  0.52895114,
          0.42283725,  0.4756612 ],
        [-0.15498525,  0.        ,  0.76106034, ...,  0.39103112,
          0.27727952,  0.33358423],
        [-0.85240029, -0.76106034,  0.        , ..., -0.44680829,
         -0.55135265, -0.50107725],
        ...,
        [-0.52895114, -0.39103112,  0.44680829, ...,  0.        ,
         -0.1204967 , -0.06160957],
        [-0.42283725, -0.27727952,  0.55135265, ...,  0.1204967 ,
          0.        ,  0.05910713],
        [-0.4756612 , -0.33358423,  0.50107725, ...,  0.06160957,
         -0.05910713,  0.        ]],

       [[ 0.        , -0.13072391, -0.18308635, ..., -0.78862184,
         -0.78381774, -0.77011628],
        [ 0.13072391,  0.        , -0.05300099, ..., -0.86223385,
         -0.85827002, -0.84689701],
        [ 0.18308635,  0.05300099,  0.        , ..., -0.8878675 ,
         -0.88426371, -0.87389031],
        ...,
        [ 0.78862184,  0.86223385,  0.8878675 , ...,  0.        ,
         -0.00777433, -0.0295367 ],
        [ 0.78381774,  0.85827002,  0.88426371, ...,  0.00777433,
          0.        , -0.02176487],
        [ 0.77011628,  0.84689701,  0.87389031, ...,  0.0295367 ,
          0.02176487,  0.        ]],

       [[ 0.        ,  0.00920292,  0.01799877, ..., -0.77051423,
         -0.74679263, -0.7071027 ],
        [-0.00920292,  0.        ,  0.00879658, ..., -0.76461545,
         -0.74064054, -0.70056527],
        [-0.01799877, -0.00879658,  0.        , ..., -0.75891659,
         -0.73470145, -0.69426103],
        ...,
        [ 0.77051423,  0.76461545,  0.75891659, ...,  0.        ,
         -0.0364132 , -0.09411561],
        [ 0.74679263,  0.74064054,  0.73470145, ...,  0.0364132 ,
          0.        , -0.05780162],
        [ 0.7071027 ,  0.70056527,  0.69426103, ...,  0.09411561,
          0.05780162,  0.        ]]]), 'num': array([ 7.07256730e-01,  7.06955030e-01,  5.86964540e-08, -8.95668919e-11,
        7.54249434e-05,  7.67456136e-05,  7.30037146e-05,  1.56836925e-03,
        1.90763475e-06,  7.40749249e-05,  7.33852416e-05,  7.55508962e-05,
        8.82653443e-07,  7.61397568e-05,  7.06307264e-05])}
{'img': array([[[ 0.        ,  0.47891258,  0.06800063, ..., -0.99580244,
         -0.9984703 , -0.93258834],
        [-0.47891258,  0.        , -0.41810882, ..., -0.83034349,
         -0.85004036, -0.99154399],
        [-0.06800063,  0.41810882,  0.        , ..., -0.98727343,
         -0.99239933, -0.95497393],
        ...,
        [ 0.99580244,  0.83034349,  0.98727343, ...,  0.        ,
          0.03633012,  0.44478528],
        [ 0.9984703 ,  0.85004036,  0.99239933, ..., -0.03633012,
          0.        ,  0.41195305],
        [ 0.93258834,  0.99154399,  0.95497393, ..., -0.44478528,
         -0.41195305,  0.        ]],

       [[ 0.        , -0.44567505,  0.0200942 , ...,  0.21143561,
         -0.21195576,  0.59475875],
        [ 0.44567505,  0.        ,  0.46357328, ...,  0.62487525,
          0.24580728,  0.89070501],
        [-0.0200942 , -0.46357328,  0.        , ...,  0.19175301,
         -0.23155061,  0.57848485],
        ...,
        [-0.21143561, -0.62487525, -0.19175301, ...,  0.        ,
         -0.41379548,  0.41133842],
        [ 0.21195576, -0.24580728,  0.23155061, ...,  0.41379548,
          0.        ,  0.75163753],
        [-0.59475875, -0.89070501, -0.57848485, ..., -0.41133842,
         -0.75163753,  0.        ]],

       [[ 0.        ,  0.10711581,  0.12831088, ..., -0.99018893,
         -0.97904808, -0.99696348],
        [-0.10711581,  0.        ,  0.02134225, ..., -0.96952409,
         -0.95160327, -0.98288634],
        [-0.12831088, -0.02134225,  0.        , ..., -0.96407449,
         -0.94482742, -0.97873095],
        ...,
        [ 0.99018893,  0.96952409,  0.96407449, ...,  0.        ,
         -0.06482404,  0.06220427],
        [ 0.97904808,  0.95160327,  0.94482742, ...,  0.06482404,
          0.        ,  0.12677194],
        [ 0.99696348,  0.98288634,  0.97873095, ..., -0.06220427,
         -0.12677194,  0.        ]],

       ...,

       [[ 0.        ,  0.76106034,  0.71894629, ...,  0.27727952,
          0.33358423,  0.52548847],
        [-0.76106034,  0.        , -0.06262003, ..., -0.55135265,
         -0.50107725, -0.30663626],
        [-0.71894629,  0.06262003,  0.        , ..., -0.49802843,
         -0.44590232, -0.24643105],
        ...,
        [-0.27727952,  0.55135265,  0.49802843, ...,  0.        ,
          0.05910713,  0.26897408],
        [-0.33358423,  0.50107725,  0.44590232, ..., -0.05910713,
          0.        ,  0.21157494],
        [-0.52548847,  0.30663626,  0.24643105, ..., -0.26897408,
         -0.21157494,  0.        ]],

       [[ 0.        , -0.05300099, -0.09111382, ..., -0.85827002,
         -0.84689701, -0.89787577],
        [ 0.05300099,  0.        , -0.03820523, ..., -0.88426371,
         -0.87389031, -0.91994739],
        [ 0.09111382,  0.03820523,  0.        , ..., -0.9014595 ,
         -0.89182474, -0.9342538 ],
        ...,
        [ 0.85827002,  0.88426371,  0.9014595 , ...,  0.        ,
         -0.02176487,  0.08293594],
        [ 0.84689701,  0.87389031,  0.89182474, ...,  0.02176487,
          0.        ,  0.10460618],
        [ 0.89787577,  0.91994739,  0.9342538 , ..., -0.08293594,
         -0.10460618,  0.        ]],

       [[ 0.        ,  0.00875473,  0.01119701, ..., -0.82076175,
         -0.81558952, -0.69817707],
        [-0.00875473,  0.        ,  0.0024424 , ..., -0.81572898,
         -0.81049251, -0.69188259],
        [-0.01119701, -0.0024424 ,  0.        , ..., -0.81431378,
         -0.80905946, -0.69011709],
        ...,
        [ 0.82076175,  0.81572898,  0.81431378, ...,  0.        ,
         -0.00899578, -0.18875589],
        [ 0.81558952,  0.81049251,  0.80905946, ...,  0.00899578,
          0.        , -0.17991418],
        [ 0.69817707,  0.69188259,  0.69011709, ...,  0.18875589,
          0.17991418,  0.        ]]]), 'num': array([ 7.07219499e-01,  7.06993676e-01,  4.40200569e-08, -7.39451716e-11,
        7.52742972e-05,  7.61546984e-05,  7.48340967e-05,  6.92127354e-04,
       -1.46733523e-07,  7.45112829e-05,  7.35208316e-05,  7.54638280e-05,
        8.85938251e-07,  7.63607603e-05,  7.06809030e-05])}
{'img': array([[[ 0.        , -0.41810882, -0.34410466, ..., -0.85004036,
         -0.99154399, -0.98706747],
        [ 0.41810882,  0.        ,  0.07999184, ..., -0.99239933,
         -0.95497393, -0.96367416],
        [ 0.34410466, -0.07999184,  0.        , ..., -0.97937547,
         -0.97564649, -0.98195036],
        ...,
        [ 0.85004036,  0.99239933,  0.97937547, ...,  0.        ,
          0.41195305,  0.38363976],
        [ 0.99154399,  0.95497393,  0.97564649, ..., -0.41195305,
          0.        , -0.03085707],
