state_0,state_1,state_2,state_3,state_4,state_5,state_6,state_7,state_8,state_9,state_10,state_11,state_12,state_13,state_14,state_15,state_16,state_17,state_18,state_19,state_20,state_21,state_22,state_23,state_24,state_25,state_26,state_27,state_28,state_29,state_30,state_31,state_32,state_33,state_34,state_35,state_36,state_37,state_38,state_39,state_40,state_41,state_42,state_43,state_44,state_45,state_46,state_47,state_48,state_49,state_50,state_51,state_52,state_53,state_54,state_55,state_56,state_57,state_58,state_59,state_60,state_61,state_62,state_63,state_64,state_65,state_66,state_67,state_68,state_69,state_70,state_71,state_72,state_73,state_74,state_75,state_76,state_77,state_78,state_79,state_80,state_81,state_82,state_83,state_84,state_85,state_86,state_87,state_88,state_89,state_90,state_91,state_92,state_93,state_94,state_95,state_96,state_97,state_98,state_99,state_100,state_101,state_102,state_103,state_104,state_105,state_106,state_107,state_108,state_109,state_110,state_111,state_112,state_113,state_114,state_115,state_116,state_117,state_118,state_119,state_120,state_121,state_122,state_123,state_124,state_125,state_126,state_127,state_128,state_129,state_130,state_131,state_132,state_133,state_134,state_135,state_136,state_137,state_138,state_139,state_140,state_141,state_142,state_143,state_144,state_145,state_146,state_147,state_148,state_149,state_150,state_151,state_152,state_153,state_154,state_155,state_156,state_157,state_158,state_159,state_160,state_161,state_162,state_163,state_164,state_165,state_166,state_167,state_168,state_169,state_170,state_171,state_172,state_173,state_174,state_175,state_176,state_177,state_178,state_179,state_180,state_181,state_182,state_183,state_184,state_185,state_186,state_187,state_188,state_189,state_190,state_191,state_192,state_193,state_194,state_195,state_196,state_197,state_198,state_199,state_200,state_201,state_202,state_203,state_204,state_205,state_206,state_207,state_208,state_209,state_210,state_211,state_212,state_213,state_214,state_215,state_216,state_217,state_218,state_219,state_220,state_221,state_222,state_223,state_224,state_225,state_226,state_227,state_228,state_229,state_230,state_231,state_232,state_233,state_234,state_235,state_236,state_237,state_238,state_239,state_240,state_241,state_242,state_243,state_244,state_245,state_246,state_247,state_248,state_249,state_250,state_251,state_252,state_253,state_254,state_255,state_256,state_257,state_258,state_259,state_260,state_261,state_262,state_263,state_264,state_265,state_266,state_267,state_268,state_269,state_270,state_271,state_272,state_273,state_274,state_275,state_276,state_277,state_278,state_279,state_280,state_281,state_282,state_283,state_284,state_285,state_286,state_287
{'img': array([[[ 0.        , -0.11560962, -0.03776491, ...,  0.11560962,
          0.67484076,  0.73104741],
        [ 0.11560962,  0.        ,  0.07801547, ...,  0.        ,
          0.5850001 ,  0.64726201],
        [ 0.03776491, -0.07801547,  0.        , ...,  0.07801547,
          0.64649024,  0.70475791],
        ...,
        [-0.11560962, -0.        , -0.07801547, ...,  0.        ,
         -0.5850001 , -0.64726201],
        [-0.67484076, -0.5850001 , -0.64649024, ...,  0.5850001 ,
          0.        , -0.07902437],
        [-0.73104741, -0.64726201, -0.70475791, ...,  0.64726201,
          0.07902437,  0.        ]],

       [[ 0.        , -0.14549432, -0.07208863, ...,  0.94619344,
          0.69077926,  0.54649762],
        [ 0.14549432,  0.        ,  0.07379423, ...,  0.88904289,
          0.78863069,  0.66252815],
        [ 0.07208863, -0.07379423,  0.        , ...,  0.92040367,
          0.74110683,  0.60544715],
        ...,
        [-0.94619344, -0.88904289, -0.92040367, ...,  0.        ,
         -0.90769727, -0.96924726],
        [-0.69077926, -0.78863069, -0.74110683, ...,  0.90769727,
          0.        , -0.18334677],
        [-0.54649762, -0.66252815, -0.60544715, ...,  0.96924726,
          0.18334677,  0.        ]],

       [[ 0.        , -0.07314317, -0.14945335, ...,  0.36061801,
          0.28136246,  0.14945335],
        [ 0.07314317,  0.        , -0.07673135, ...,  0.29143045,
          0.21042051,  0.07673135],
        [ 0.14945335,  0.07673135,  0.        , ...,  0.21717066,
          0.13478674,  0.        ],
        ...,
        [-0.36061801, -0.29143045, -0.21717066, ...,  0.        ,
          0.08361902,  0.21717066],
        [-0.28136246, -0.21042051, -0.13478674, ..., -0.08361902,
          0.        ,  0.13478674],
        [-0.14945335, -0.07673135, -0.        , ..., -0.21717066,
         -0.13478674,  0.        ]],

       ...,

       [[ 0.        ,  0.04399395, -0.66905185, ...,  0.40312572,
          0.16519092,  0.43121306],
        [-0.04399395,  0.        , -0.70110106, ...,  0.36247459,
          0.12164144,  0.39110201],
        [ 0.66905185,  0.70110106,  0.        , ...,  0.91188857,
          0.78263264,  0.92413645],
        ...,
        [-0.40312572, -0.36247459, -0.91188857, ...,  0.        ,
         -0.24641384,  0.03090207],
        [-0.16519092, -0.12164144, -0.78263264, ...,  0.24641384,
          0.        ,  0.27624535],
        [-0.43121306, -0.39110201, -0.92413645, ..., -0.03090207,
         -0.27624535,  0.        ]],

       [[ 0.        , -0.01394547, -0.04446905, ...,  0.51318973,
          0.35930505,  0.04446905],
        [ 0.01394547,  0.        , -0.03053305, ...,  0.50117078,
          0.34625592,  0.03053305],
        [ 0.04446905,  0.03053305,  0.        , ...,  0.47451538,
          0.3174502 ,  0.        ],
        ...,
        [-0.51318973, -0.50117078, -0.47451538, ...,  0.        ,
          0.1705364 ,  0.47451538],
        [-0.35930505, -0.34625592, -0.3174502 , ..., -0.1705364 ,
          0.        ,  0.3174502 ],
        [-0.04446905, -0.03053305, -0.        , ..., -0.47451538,
         -0.3174502 ,  0.        ]],

       [[ 0.        ,  0.04467089,  0.08282243, ...,  0.98567088,
          0.97863162,  0.96566589],
        [-0.04467089,  0.        ,  0.03822233, ...,  0.99222203,
          0.98684   ,  0.97630685],
        [-0.08282243, -0.03822233,  0.        , ...,  0.99625491,
          0.99229942,  0.98386438],
        ...,
        [-0.98567088, -0.99222203, -0.99625491, ...,  0.        ,
          0.03759952,  0.09317623],
        [-0.97863162, -0.98684   , -0.99229942, ..., -0.03759952,
          0.        ,  0.05567439],
        [-0.96566589, -0.97630685, -0.98386438, ..., -0.09317623,
         -0.05567439,  0.        ]]]), 'num': array([ 7.06638833e-01,  7.06638833e-01,  0.00000000e+00,  0.00000000e+00,
        5.62723830e-04,  6.17702595e-04,  5.33617425e-04,  3.63431628e-02,
       -3.96170513e-05,  5.99915348e-04,  4.97638674e-04,  3.58927789e-04,
        1.12632228e-06,  6.96050366e-04,  2.99226983e-04])}
{'img': array([[[ 0.        ,  0.07801547,  0.38139228, ...,  0.5850001 ,
          0.64726201,  0.79014273],
        [-0.07801547,  0.        ,  0.30811132, ...,  0.64649024,
          0.70475791,  0.83555196],
        [-0.38139228, -0.30811132,  0.        , ...,  0.85010367,
          0.88906058,  0.9641825 ],
        ...,
        [-0.5850001 , -0.64649024, -0.85010367, ...,  0.        ,
         -0.07902437, -0.28227205],
        [-0.64726201, -0.70475791, -0.88906058, ...,  0.07902437,
          0.        , -0.2055785 ],
        [-0.79014273, -0.83555196, -0.9641825 , ...,  0.28227205,
          0.2055785 ,  0.        ]],

       [[ 0.        ,  0.07379423,  0.69364644, ...,  0.78863069,
          0.66252815,  0.82659905],
        [-0.07379423,  0.        ,  0.63860007, ...,  0.74110683,
          0.60544715,  0.78281457],
        [-0.69364644, -0.63860007,  0.        , ...,  0.1415626 ,
         -0.04233747,  0.20503406],
        ...,
        [-0.78863069, -0.74110683, -0.1415626 , ...,  0.        ,
         -0.18334677,  0.06441414],
        [-0.66252815, -0.60544715,  0.04233747, ...,  0.18334677,
          0.        ,  0.24628822],
        [-0.82659905, -0.78281457, -0.20503406, ..., -0.06441414,
         -0.24628822,  0.        ]],

       [[ 0.        , -0.07643725,  0.11818263, ...,  0.29339851,
          0.2491528 ,  0.07643725],
        [ 0.07643725,  0.        ,  0.19373844, ...,  0.21946688,
          0.17439714,  0.        ],
        [-0.11818263, -0.19373844,  0.        , ...,  0.40432378,
          0.36186235,  0.19373844],
        ...,
        [-0.29339851, -0.21946688, -0.40432378, ...,  0.        ,
          0.04595831,  0.21946688],
        [-0.2491528 , -0.17439714, -0.36186235, ..., -0.04595831,
          0.        ,  0.17439714],
        [-0.07643725, -0.        , -0.19373844, ..., -0.21946688,
         -0.17439714,  0.        ]],

       ...,

       [[ 0.        , -0.70110106, -0.40158013, ...,  0.12164144,
          0.39110201,  0.15034599],
        [ 0.70110106,  0.        ,  0.35573361, ...,  0.78263264,
          0.92413645,  0.80033796],
        [ 0.40158013, -0.35573361,  0.        , ...,  0.51000018,
          0.72777377,  0.534706  ],
        ...,
        [-0.12164144, -0.78263264, -0.51000018, ...,  0.        ,
          0.27624535,  0.02897074],
        [-0.39110201, -0.92413645, -0.72777377, ..., -0.27624535,
          0.        , -0.248286  ],
        [-0.15034599, -0.80033796, -0.534706  , ..., -0.02897074,
          0.248286  ,  0.        ]],

       [[ 0.        , -0.0303541 ,  0.09855262, ...,  0.40666756,
          0.2445199 ,  0.0303541 ],
        [ 0.0303541 ,  0.        ,  0.12871354, ...,  0.37874939,
          0.21497455,  0.        ],
        [-0.09855262, -0.12871354,  0.        , ...,  0.49472317,
          0.33889052,  0.12871354],
        ...,
        [-0.40666756, -0.37874939, -0.49472317, ...,  0.        ,
          0.17093531,  0.37874939],
        [-0.2445199 , -0.21497455, -0.33889052, ..., -0.17093531,
          0.        ,  0.21497455],
        [-0.0303541 , -0.        , -0.12871354, ..., -0.37874939,
         -0.21497455,  0.        ]],

       [[ 0.        ,  0.03822233,  0.06304353, ...,  0.98684   ,
          0.97630685,  0.94986559],
        [-0.03822233,  0.        ,  0.02485116, ...,  0.99229942,
          0.98386438,  0.96112203],
        [-0.06304353, -0.02485116,  0.        , ...,  0.99507108,
          0.98800679,  0.9676872 ],
        ...,
        [-0.98684   , -0.99229942, -0.99507108, ...,  0.        ,
          0.05567439,  0.15495088],
        [-0.97630685, -0.98386438, -0.98800679, ..., -0.05567439,
          0.        ,  0.09970859],
        [-0.94986559, -0.96112203, -0.9676872 , ..., -0.15495088,
         -0.09970859,  0.        ]]]), 'num': array([ 7.06680966e-01,  7.06680966e-01,  0.00000000e+00,  0.00000000e+00,
        5.46586193e-04,  5.54671788e-04,  5.09392458e-04,  3.46673748e-02,
       -1.61711891e-05,  5.98495710e-04,  5.05268805e-04,  3.65811165e-04,
        1.06776273e-06,  6.98902100e-04,  3.11635510e-04])}
{'img': array([[[ 0.        ,  0.37419405,  0.36653838, ...,  0.64768907,
          0.79060065,  0.83431894],
        [-0.37419405,  0.        , -0.00824171, ...,  0.88573496,
          0.96229488,  0.97999249],
        [-0.36653838,  0.00824171,  0.        , ...,  0.88187915,
          0.96002038,  0.97831882],
        ...,
        [-0.64768907, -0.88573496, -0.88187915, ...,  0.        ,
         -0.20576158, -0.27861222],
        [-0.79060065, -0.96229488, -0.96002038, ...,  0.20576158,
          0.        , -0.07503633],
        [-0.83431894, -0.97999249, -0.97831882, ...,  0.27861222,
          0.07503633,  0.        ]],

       [[ 0.        ,  0.69119943,  0.25115978, ...,  0.65981891,
          0.82514249,  0.81083816],
        [-0.69119943,  0.        , -0.48753933, ..., -0.04255688,
          0.20582522,  0.18142502],
        [-0.25115978,  0.48753933,  0.        , ...,  0.44994119,
          0.65680672,  0.63785088],
        ...,
        [-0.65981891,  0.04255688, -0.44994119, ...,  0.        ,
          0.24728444,  0.22311129],
        [-0.82514249, -0.20582522, -0.65680672, ..., -0.24728444,
          0.        , -0.02486902],
        [-0.81083816, -0.18142502, -0.63785088, ..., -0.22311129,
          0.02486902,  0.        ]],

       [[ 0.        ,  0.19373844,  0.2537834 , ...,  0.17439714,
          0.        ,  0.11179897],
        [-0.19373844,  0.        ,  0.06157937, ...,  0.36186235,
          0.19373844,  0.3022046 ],
        [-0.2537834 , -0.06157937,  0.        , ...,  0.41858183,
          0.2537834 ,  0.36033118],
        ...,
        [-0.17439714, -0.36186235, -0.41858183, ...,  0.        ,
          0.17439714,  0.06321812],
        [-0.        , -0.19373844, -0.2537834 , ..., -0.17439714,
          0.        , -0.11179897],
        [-0.11179897, -0.3022046 , -0.36033118, ..., -0.06321812,
          0.11179897,  0.        ]],

       ...,

       [[ 0.        ,  0.35573361,  0.48720555, ...,  0.92413645,
          0.80033796,  0.71397176],
        [-0.35573361,  0.        ,  0.14467851, ...,  0.72777377,
          0.534706  ,  0.4181934 ],
        [-0.48720555, -0.14467851,  0.        , ...,  0.62089363,
          0.40682134,  0.28237359],
        ...,
        [-0.92413645, -0.72777377, -0.62089363, ...,  0.        ,
         -0.248286  , -0.37427487],
        [-0.80033796, -0.534706  , -0.40682134, ...,  0.248286  ,
          0.        , -0.13231509],
        [-0.71397176, -0.4181934 , -0.28237359, ...,  0.37427487,
          0.13231509,  0.        ]],

       [[ 0.        ,  0.12837928,  0.16678434, ...,  0.25732916,
          0.14396779,  0.        ],
        [-0.12837928,  0.        ,  0.03882311, ...,  0.37925575,
          0.26981835,  0.12837928],
        [-0.16678434, -0.03882311,  0.        , ...,  0.41489253,
          0.30699814,  0.16678434],
        ...,
        [-0.25732916, -0.37925575, -0.41489253, ...,  0.        ,
          0.11552889,  0.25732916],
        [-0.14396779, -0.26981835, -0.30699814, ..., -0.11552889,
          0.        ,  0.14396779],
        [-0.        , -0.12837928, -0.16678434, ..., -0.25732916,
         -0.14396779,  0.        ]],

       [[ 0.        ,  0.02485116,  0.06025305, ...,  0.98386438,
          0.96112203,  0.91224343],
        [-0.02485116,  0.        ,  0.03542843, ...,  0.98800679,
          0.9676872 ,  0.92214194],
        [-0.06025305, -0.03542843,  0.        , ...,  0.99285706,
          0.97601311,  0.93526858],
        ...,
        [-0.98386438, -0.98800679, -0.99285706, ...,  0.        ,
          0.09970859,  0.23982381],
        [-0.96112203, -0.9676872 , -0.97601311, ..., -0.09970859,
          0.        ,  0.14182996],
        [-0.91224343, -0.92214194, -0.93526858, ..., -0.23982381,
         -0.14182996,  0.        ]]]), 'num': array([7.06695664e-01, 7.06695664e-01, 0.00000000e+00, 0.00000000e+00,
       5.73280579e-04, 5.73280579e-04, 5.25574578e-04, 3.40617284e-02,
       2.66830171e-05, 5.80072619e-04, 5.15507804e-04, 3.73112131e-04,
       1.03823912e-06, 7.00633615e-04, 3.30381992e-04])}
{'img': array([[[ 0.        , -0.07946766,  0.11204166, ...,  0.84624673,
          0.88463777,  0.81720279],
        [ 0.07946766,  0.        ,  0.19065462, ...,  0.80123076,
          0.84478596,  0.76881714],
        [-0.11204166, -0.19065462,  0.        , ...,  0.90061316,
          0.93131032,  0.87663252],
        ...,
        [-0.84624673, -0.80123076, -0.90061316, ...,  0.        ,
         -0.07674023,  0.05233604],
        [-0.88463777, -0.84478596, -0.93131032, ...,  0.07674023,
          0.        ,  0.12881677],
        [-0.81720279, -0.76881714, -0.87663252, ..., -0.05233604,
         -0.12881677,  0.        ]],

       [[ 0.        , -0.66061687, -0.49346855, ...,  0.21587105,
          0.19054487,  0.18123564],
        [ 0.66061687,  0.        ,  0.20412223, ...,  0.80710018,
          0.79155982,  0.78573466],
        [ 0.49346855, -0.20412223,  0.        , ...,  0.66959028,
          0.65015646,  0.64292874],
        ...,
        [-0.21587105, -0.80710018, -0.66959028, ...,  0.        ,
         -0.02586379, -0.03533372],
        [-0.19054487, -0.79155982, -0.65015646, ...,  0.02586379,
          0.        , -0.00947425],
        [-0.18123564, -0.78573466, -0.64292874, ...,  0.03533372,
          0.00947425,  0.        ]],

       [[ 0.        ,  0.16629559,  0.25550659, ...,  0.        ,
          0.11233063,  0.40683399],
        [-0.16629559,  0.        ,  0.09117312, ...,  0.16629559,
          0.27600961,  0.55308058],
        [-0.25550659, -0.09117312,  0.        , ...,  0.25550659,
          0.36249153,  0.62673589],
        ...,
        [-0.        , -0.16629559, -0.25550659, ...,  0.        ,
         -0.11233063, -0.40683399],
        [-0.11233063, -0.27600961, -0.36249153, ...,  0.11233063,
          0.        , -0.30164483],
        [-0.40683399, -0.55308058, -0.62673589, ...,  0.40683399,
          0.30164483,  0.        ]],

       ...,

       [[ 0.        ,  0.14467851,  0.34027723, ...,  0.534706  ,
          0.4181934 ,  0.35764306],
        [-0.14467851,  0.        ,  0.20065223, ...,  0.40682134,
          0.28237359,  0.21877096],
        [-0.34027723, -0.20065223,  0.        , ...,  0.21525026,
          0.08414423,  0.01853004],
        ...,
        [-0.534706  , -0.40682134, -0.21525026, ...,  0.        ,
         -0.13231509, -0.19711763],
        [-0.4181934 , -0.28237359, -0.08414423, ...,  0.13231509,
          0.        , -0.06566546],
        [-0.35764306, -0.21877096, -0.01853004, ...,  0.19711763,
          0.06566546,  0.        ]],

       [[ 0.        ,  0.1069651 ,  0.15174062, ...,  0.18252312,
          0.11269924,  0.        ],
        [-0.1069651 ,  0.        ,  0.04514356, ...,  0.2866442 ,
          0.21833631,  0.1069651 ],
        [-0.15174062, -0.04514356,  0.        , ...,  0.32960118,
          0.26216813,  0.15174062],
        ...,
        [-0.18252312, -0.2866442 , -0.32960118, ...,  0.        ,
          0.07055422,  0.18252312],
        [-0.11269924, -0.21833631, -0.26216813, ..., -0.07055422,
          0.        ,  0.11269924],
        [-0.        , -0.1069651 , -0.15174062, ..., -0.18252312,
         -0.11269924,  0.        ]],

       [[ 0.        ,  0.03542843,  0.08015369, ...,  0.9676872 ,
          0.92214194,  0.78050583],
        [-0.03542843,  0.        ,  0.04478893, ...,  0.97601311,
          0.93526858,  0.80216387],
        [-0.08015369, -0.04478893,  0.        , ...,  0.98478473,
          0.95018255,  0.82810253],
        ...,
        [-0.9676872 , -0.97601311, -0.98478473, ...,  0.        ,
          0.14182996,  0.40814077],
        [-0.92214194, -0.93526858, -0.95018255, ..., -0.14182996,
          0.        ,  0.27453563],
        [-0.78050583, -0.80216387, -0.82810253, ..., -0.40814077,
         -0.27453563,  0.        ]]]), 'num': array([ 7.06931806e-01,  7.06931806e-01,  0.00000000e+00,  0.00000000e+00,
        5.01484805e-04,  5.69427908e-04,  4.99867112e-04,  2.21964454e-02,
       -7.19873349e-05,  5.57456980e-04,  5.19926505e-04,  3.79011970e-04,
        8.81934996e-07,  6.99641631e-04,  3.40211378e-04])}
{'img': array([[[ 0.        ,  0.19065462,  0.60486052, ...,  0.84478596,
          0.76881714,  0.9337211 ],
        [-0.19065462,  0.        ,  0.4419414 , ...,  0.93131032,
          0.87663252,  0.98484862],
        [-0.60486052, -0.4419414 ,  0.        , ...,  0.99639312,
          0.99902262,  0.96009229],
        ...,
        [-0.84478596, -0.93131032, -0.99639312, ...,  0.        ,
          0.12881677, -0.19720379],
        [-0.76881714, -0.87663252, -0.99902262, ..., -0.12881677,
          0.        , -0.3218479 ],
        [-0.9337211 , -0.98484862, -0.96009229, ...,  0.19720379,
          0.3218479 ,  0.        ]],

       [[ 0.        ,  0.20412223,  0.99620935, ...,  0.79155982,
          0.78573466,  0.64418946],
        [-0.20412223,  0.        ,  0.95747837, ...,  0.65015646,
          0.64292874,  0.47450017],
        [-0.99620935, -0.95747837,  0.        , ..., -0.53991897,
         -0.54786938, -0.70592981],
        ...,
        [-0.79155982, -0.65015646,  0.53991897, ...,  0.        ,
         -0.00947425, -0.21177834],
        [-0.78573466, -0.64292874,  0.54786938, ...,  0.00947425,
          0.        , -0.20250948],
        [-0.64418946, -0.47450017,  0.70592981, ...,  0.21177834,
          0.20250948,  0.        ]],

       [[ 0.        ,  0.19603812,  0.39626517, ...,  0.11272245,
          0.40819293,  0.58220168],
        [-0.19603812,  0.        ,  0.20858647, ...,  0.30532389,
          0.57923482,  0.7302925 ],
        [-0.39626517, -0.20858647,  0.        , ...,  0.49723413,
          0.73652543,  0.85672157],
        ...,
        [-0.11272245, -0.30532389, -0.49723413, ...,  0.        ,
         -0.30268747, -0.48684267],
        [-0.40819293, -0.57923482, -0.73652543, ...,  0.30268747,
          0.        , -0.19961043],
        [-0.58220168, -0.7302925 , -0.85672157, ...,  0.48684267,
          0.19961043,  0.        ]],

       ...,

       [[ 0.        ,  0.20065223,  0.71862665, ...,  0.28237359,
          0.21877096, -0.12790117],
        [-0.20065223,  0.        ,  0.56447882, ...,  0.08414423,
          0.01853004, -0.32430424],
        [-0.71862665, -0.56447882,  0.        , ..., -0.49302029,
         -0.54908633, -0.80166648],
        ...,
        [-0.28237359, -0.08414423,  0.49302029, ...,  0.        ,
         -0.06566546, -0.4027506 ],
        [-0.21877096, -0.01853004,  0.54908633, ...,  0.06566546,
          0.        , -0.3417771 ],
        [ 0.12790117,  0.32430424,  0.80166648, ...,  0.4027506 ,
          0.3417771 ,  0.        ]],

       [[ 0.        ,  0.1080932 ,  0.34680014, ...,  0.11286072,
          0.        ,  0.09540033],
        [-0.1080932 ,  0.        ,  0.24338332, ...,  0.21960201,
          0.1080932 ,  0.20244154],
        [-0.34680014, -0.24338332,  0.        , ...,  0.45044084,
          0.34680014,  0.43469807],
        ...,
        [-0.11286072, -0.21960201, -0.45044084, ...,  0.        ,
          0.11286072,  0.01755516],
        [-0.        , -0.1080932 , -0.34680014, ..., -0.11286072,
          0.        , -0.09540033],
        [-0.09540033, -0.20244154, -0.43469807, ..., -0.01755516,
          0.09540033,  0.        ]],

       [[ 0.        ,  0.04478893, -0.05795452, ...,  0.93526858,
          0.80216387,  0.62942277],
        [-0.04478893,  0.        , -0.10261001, ...,  0.95018255,
          0.82810253,  0.66359495],
        [ 0.05795452,  0.10261001,  0.        , ...,  0.91318425,
          0.76621074,  0.58333054],
        ...,
        [-0.93526858, -0.95018255, -0.91318425, ...,  0.        ,
          0.27453563,  0.5039855 ],
        [-0.80216387, -0.82810253, -0.76621074, ..., -0.27453563,
          0.        ,  0.24750108],
        [-0.62942277, -0.66359495, -0.58333054, ..., -0.5039855 ,
         -0.24750108,  0.        ]]]), 'num': array([7.06955716e-01, 7.06955716e-01, 0.00000000e+00, 0.00000000e+00,
       5.24959107e-04, 5.41945458e-04, 5.12826000e-04, 2.06171582e-02,
       2.34573407e-05, 5.41945458e-04, 5.25565763e-04, 3.85204585e-04,
       8.76382254e-07, 6.98396849e-04, 3.52734676e-04])}
{'img': array([[[ 0.00000000e+00,  5.82321173e-01,  5.19529356e-01, ...,
          7.71580657e-01,  9.35977912e-01,  8.95718417e-01],
        [-5.82321173e-01,  0.00000000e+00, -7.52098656e-02, ...,
          9.97696148e-01,  9.65922756e-01,  9.87094862e-01],
        [-5.19529356e-01,  7.52098656e-02,  0.00000000e+00, ...,
          9.89768090e-01,  9.82653607e-01,  9.96342993e-01],
        ...,
        [-7.71580657e-01, -9.97696148e-01, -9.89768090e-01, ...,
          0.00000000e+00, -3.23763330e-01, -2.26733147e-01],
        [-9.35977912e-01, -9.65922756e-01, -9.82653607e-01, ...,
          3.23763330e-01,  0.00000000e+00,  1.00810666e-01],
        [-8.95718417e-01, -9.87094862e-01, -9.96342993e-01, ...,
          2.26733147e-01, -1.00810666e-01,  0.00000000e+00]],

       [[ 0.00000000e+00,  9.95131816e-01,  7.71697711e-01, ...,
          7.71866963e-01,  6.21211570e-01,  5.95557139e-01],
        [-9.95131816e-01,  0.00000000e+00, -5.56840357e-01, ...,
         -5.56619253e-01, -7.18605790e-01, -7.40708405e-01],
        [-7.71697711e-01,  5.56840357e-01,  0.00000000e+00, ...,
          2.66166964e-04, -2.09651393e-01, -2.41146677e-01],
        ...,
        [-7.71866963e-01,  5.56619253e-01, -2.66166964e-04, ...,
          0.00000000e+00, -2.09911637e-01, -2.41404980e-01],
        [-6.21211570e-01,  7.18605790e-01,  2.09651393e-01, ...,
          2.09911637e-01,  0.00000000e+00, -3.23231773e-02],
        [-5.95557139e-01,  7.40708405e-01,  2.41146677e-01, ...,
          2.41404980e-01,  3.23231773e-02,  0.00000000e+00]],

       [[ 0.00000000e+00,  3.49522642e-01,  4.67737786e-01, ...,
          4.10096063e-01,  5.84751032e-01,  6.69776303e-01],
        [-3.49522642e-01,  0.00000000e+00,  1.29304965e-01, ...,
          7.03009896e-01,  8.31406813e-01,  8.87074674e-01],
        [-4.67737786e-01, -1.29304965e-01,  0.00000000e+00, ...,
          7.89067153e-01,  8.96277188e-01,  9.39318098e-01],
        ...,
        [-4.10096063e-01, -7.03009896e-01, -7.89067153e-01, ...,
          0.00000000e+00, -2.00642515e-01, -3.06342209e-01],
        [-5.84751032e-01, -8.31406813e-01, -8.96277188e-01, ...,
          2.00642515e-01,  0.00000000e+00, -1.09116681e-01],
        [-6.69776303e-01, -8.87074674e-01, -9.39318098e-01, ...,
          3.06342209e-01,  1.09116681e-01,  0.00000000e+00]],

       ...,

       [[ 0.00000000e+00,  5.64478821e-01,  3.69373877e-01, ...,
          1.85300379e-02, -3.24304239e-01, -3.36363227e-01],
        [-5.64478821e-01,  0.00000000e+00, -2.19660609e-01, ...,
         -5.49086328e-01, -8.01666480e-01, -8.09238157e-01],
        [-3.69373877e-01,  2.19660609e-01,  0.00000000e+00, ...,
         -3.52090847e-01, -6.50779991e-01, -6.60427234e-01],
        ...,
        [-1.85300379e-02,  5.49086328e-01,  3.52090847e-01, ...,
          0.00000000e+00, -3.41777099e-01, -3.53755810e-01],
        [ 3.24304239e-01,  8.01666480e-01,  6.50779991e-01, ...,
          3.41777099e-01,  0.00000000e+00, -1.27759608e-02],
        [ 3.36363227e-01,  8.09238157e-01,  6.60427234e-01, ...,
          3.53755810e-01,  1.27759608e-02,  0.00000000e+00]],

       [[ 0.00000000e+00,  3.30993158e-01,  3.94911329e-01, ...,
          0.00000000e+00,  9.55400570e-02,  1.36112775e-01],
        [-3.30993158e-01,  0.00000000e+00,  6.85616394e-02, ...,
          3.30993158e-01,  4.19633824e-01,  4.56353248e-01],
        [-3.94911329e-01, -6.85616394e-02,  0.00000000e+00, ...,
          3.94911329e-01,  4.80879329e-01,  5.16285452e-01],
        ...,
        [-0.00000000e+00, -3.30993158e-01, -3.94911329e-01, ...,
          0.00000000e+00, -9.55400570e-02, -1.36112775e-01],
        [-9.55400570e-02, -4.19633824e-01, -4.80879329e-01, ...,
          9.55400570e-02,  0.00000000e+00, -4.08392399e-02],
        [-1.36112775e-01, -4.56353248e-01, -5.16285452e-01, ...,
          1.36112775e-01,  4.08392399e-02,  0.00000000e+00]],

       [[ 0.00000000e+00, -1.00441133e-01, -6.19867848e-02, ...,
          8.98025101e-01,  8.20236129e-01,  4.90948368e-01],
        [ 1.00441133e-01,  0.00000000e+00,  3.85746639e-02, ...,
          8.49295295e-01,  7.58633350e-01,  4.00962466e-01],
        [ 6.19867848e-02, -3.85746639e-02,  0.00000000e+00, ...,
          8.69027444e-01,  7.83200795e-01,  4.36002075e-01],
        ...,
        [-8.98025101e-01, -8.49295295e-01, -8.69027444e-01, ...,
          0.00000000e+00,  1.52834736e-01,  5.66359397e-01],
        [-8.20236129e-01, -7.58633350e-01, -7.83200795e-01, ...,
         -1.52834736e-01,  0.00000000e+00,  4.33745643e-01],
        [-4.90948368e-01, -4.00962466e-01, -4.36002075e-01, ...,
         -5.66359397e-01, -4.33745643e-01,  0.00000000e+00]]]), 'num': array([7.06878362e-01, 7.06878362e-01, 0.00000000e+00, 0.00000000e+00,
       5.25710452e-04, 5.47547655e-04, 4.99020537e-04, 2.53731481e-02,
       8.08785311e-07, 5.34445333e-04, 5.34364455e-04, 3.91276854e-04,
       7.04474682e-07, 6.86975278e-04, 3.81753632e-04])}
{'img': array([[[ 0.        , -0.29580105, -0.1142414 , ...,  0.99998397,
          0.99369538,  0.99326671],
        [ 0.29580105,  0.        ,  0.18473539, ...,  0.95355947,
          0.91606374,  0.91454904],
        [ 0.1142414 , -0.18473539,  0.        , ...,  0.99279027,
          0.97438165,  0.97352894],
        ...,
        [-0.99998397, -0.95355947, -0.99279027, ...,  0.        ,
          0.10648572,  0.11022443],
        [-0.99369538, -0.91606374, -0.97438165, ..., -0.10648572,
          0.        ,  0.00376085],
        [-0.99326671, -0.91454904, -0.97352894, ..., -0.11022443,
         -0.00376085,  0.        ]],

       [[ 0.        , -0.56860339, -0.81830709, ..., -0.73587993,
         -0.75891106, -0.69018863],
        [ 0.56860339,  0.        , -0.34632649, ..., -0.22033531,
         -0.25401791, -0.15629912],
        [ 0.81830709,  0.34632649,  0.        , ...,  0.13111559,
          0.09666904,  0.19544366],
        ...,
        [ 0.73587993,  0.22033531, -0.13111559, ...,  0.        ,
         -0.03466702,  0.06516939],
        [ 0.75891106,  0.25401791, -0.09666904, ...,  0.03466702,
          0.        ,  0.09972354],
        [ 0.69018863,  0.15629912, -0.19544366, ..., -0.06516939,
         -0.09972354,  0.        ]],

       [[ 0.        ,  0.32645846,  0.42688736, ...,  0.59318613,
          0.67895486,  0.71393289],
        [-0.32645846,  0.        ,  0.1082809 , ...,  0.82350678,
          0.88143525,  0.90340844],
        [-0.42688736, -0.1082809 ,  0.        , ...,  0.88009329,
          0.92739431,  0.9445255 ],
        ...,
        [-0.59318613, -0.82350678, -0.88009329, ...,  0.        ,
         -0.11109762, -0.15940532],
        [-0.67895486, -0.88143525, -0.92739431, ...,  0.11109762,
          0.        , -0.04874147],
        [-0.71393289, -0.90340844, -0.9445255 , ...,  0.15940532,
          0.04874147,  0.        ]],

       ...,

       [[ 0.        , -0.21966061, -0.24869296, ..., -0.80166648,
         -0.80923816, -0.9811405 ],
        [ 0.21966061,  0.        , -0.02985958, ..., -0.65077999,
         -0.66042723, -0.91471798],
        [ 0.24869296,  0.02985958,  0.        , ..., -0.62781844,
         -0.63771149, -0.90224406],
        ...,
        [ 0.80166648,  0.65077999,  0.62781844, ...,  0.        ,
         -0.01277596, -0.43153905],
        [ 0.80923816,  0.66042723,  0.63771149, ...,  0.01277596,
          0.        , -0.41997871],
        [ 0.9811405 ,  0.91471798,  0.90224406, ...,  0.43153905,
          0.41997871,  0.        ]],

       [[ 0.        ,  0.22497921,  0.33795841, ...,  0.0969123 ,
          0.138063  ,  0.32163002],
        [-0.22497921,  0.        ,  0.11755269, ...,  0.31834803,
          0.35734824,  0.52640961],
        [-0.33795841, -0.11755269,  0.        , ...,  0.4275777 ,
          0.46466145,  0.62270678],
        ...,
        [-0.0969123 , -0.31834803, -0.4275777 , ...,  0.        ,
         -0.04142891, -0.22835317],
        [-0.138063  , -0.35734824, -0.46466145, ...,  0.04142891,
          0.        , -0.18782283],
        [-0.32163002, -0.52640961, -0.62270678, ...,  0.22835317,
          0.18782283,  0.        ]],

       [[ 0.        ,  0.03644304, -0.01393334, ...,  0.92411348,
          0.86449493,  0.38059031],
        [-0.03644304,  0.        , -0.05036359, ...,  0.93742517,
          0.88223846,  0.41403797],
        [ 0.01393334,  0.05036359,  0.        , ...,  0.91869959,
          0.85740753,  0.3676686 ],
        ...,
        [-0.92411348, -0.93742517, -0.91869959, ...,  0.        ,
          0.13415863,  0.70913771],
        [-0.86449493, -0.88223846, -0.85740753, ..., -0.13415863,
          0.        ,  0.60813579],
        [-0.38059031, -0.41403797, -0.3676686 , ..., -0.70913771,
         -0.60813579,  0.        ]]]), 'num': array([7.05796171e-01, 7.05796171e-01, 0.00000000e+00, 0.00000000e+00,
       5.84664105e-04, 5.93547123e-04, 5.37018826e-04, 6.08372235e-02,
       5.97584859e-05, 5.41379580e-04, 5.44771278e-04, 3.96990158e-04,
       8.12859917e-07, 6.76016342e-04, 4.13526214e-04])}
{'img': array([[[ 0.        ,  0.18473539,  0.32729403, ...,  0.91606374,
          0.91454904,  0.75196042],
        [-0.18473539,  0.        ,  0.1471001 , ...,  0.97438165,
          0.97352894,  0.86079699],
        [-0.32729403, -0.1471001 ,  0.        , ...,  0.99686489,
          0.99656027,  0.92629928],
        ...,
        [-0.91606374, -0.97438165, -0.99686489, ...,  0.        ,
          0.00376085,  0.30231607],
        [-0.91454904, -0.97352894, -0.99656027, ..., -0.00376085,
          0.        ,  0.29872906],
        [-0.75196042, -0.86079699, -0.92629928, ..., -0.30231607,
         -0.29872906,  0.        ]],

       [[ 0.        , -0.34632649,  0.60825894, ..., -0.25401791,
         -0.15629912,  0.38368836],
        [ 0.34632649,  0.        ,  0.84550898, ...,  0.09666904,
          0.19544366,  0.67976301],
        [-0.60825894, -0.84550898,  0.        , ..., -0.78993159,
         -0.72484395, -0.25715612],
        ...,
        [ 0.25401791, -0.09666904,  0.78993159, ...,  0.        ,
          0.09972354,  0.60567924],
        [ 0.15629912, -0.19544366,  0.72484395, ..., -0.09972354,
          0.        ,  0.52330913],
        [-0.38368836, -0.67976301,  0.25715612, ..., -0.60567924,
         -0.52330913,  0.        ]],

       [[ 0.        ,  0.28696493,  0.42162145, ...,  0.68696238,
          0.7221175 ,  0.68535262],
        [-0.28696493,  0.        ,  0.14367676, ...,  0.86660489,
          0.89025988,  0.86549856],
        [-0.42162145, -0.14367676,  0.        , ...,  0.92930756,
          0.94646114,  0.92848806],
        ...,
        [-0.68696238, -0.86660489, -0.92930756, ...,  0.        ,
         -0.04953747,  0.00221286],
        [-0.7221175 , -0.89025988, -0.94646114, ...,  0.04953747,
          0.        ,  0.05174749],
        [-0.68535262, -0.86549856, -0.92848806, ..., -0.00221286,
         -0.05174749,  0.        ]],

       ...,

       [[ 0.        , -0.02985958,  0.05342429, ..., -0.66042723,
         -0.91471798, -0.76270079],
        [ 0.02985958,  0.        ,  0.0832174 , ..., -0.63771149,
         -0.90224406, -0.74304898],
        [-0.05342429, -0.0832174 ,  0.        , ..., -0.69959984,
         -0.93500004, -0.79616382],
        ...,
        [ 0.66042723,  0.63771149,  0.69959984, ...,  0.        ,
         -0.41997871, -0.14557213],
        [ 0.91471798,  0.90224406,  0.93500004, ...,  0.41997871,
          0.        ,  0.2833933 ],
        [ 0.76270079,  0.74304898,  0.79616382, ...,  0.14557213,
         -0.2833933 ,  0.        ]],

       [[ 0.        ,  0.25716933,  0.36821927, ...,  0.13895212,
          0.32365405,  0.4198679 ],
        [-0.25716933,  0.        ,  0.11673437, ...,  0.3889532 ,
          0.5560957 ,  0.63914929],
        [-0.36821927, -0.11673437,  0.        , ...,  0.49383641,
          0.64931383,  0.72455792],
        ...,
        [-0.13895212, -0.3889532 , -0.49383641, ...,  0.        ,
         -0.18904123, -0.28968391],
        [-0.32365405, -0.5560957 , -0.64931383, ...,  0.18904123,
          0.        , -0.10352508],
        [-0.4198679 , -0.63914929, -0.72455792, ...,  0.28968391,
          0.10352508,  0.        ]],

       [[ 0.        , -0.04759686, -0.11860311, ...,  0.96874444,
          0.87125635,  0.39306009],
        [ 0.04759686,  0.        , -0.07120778, ...,  0.95583957,
          0.84690701,  0.34884868],
        [ 0.11860311,  0.07120778,  0.        , ...,  0.93248599,
          0.80689304,  0.28122869],
        ...,
        [-0.96874444, -0.95583957, -0.93248599, ...,  0.        ,
          0.25936249,  0.79327005],
        [-0.87125635, -0.84690701, -0.80689304, ..., -0.25936249,
          0.        ,  0.60820636],
        [-0.39306009, -0.34884868, -0.28122869, ..., -0.79327005,
         -0.60820636,  0.        ]]]), 'num': array([ 7.06998758e-01,  7.06998758e-01,  0.00000000e+00,  0.00000000e+00,
        5.49258760e-04,  5.79997837e-04,  5.34698145e-04,  1.74123925e-02,
       -3.64015379e-05,  5.37448484e-04,  5.53950514e-04,  4.03558235e-04,
        7.30969973e-07,  6.62579696e-04,  4.45321333e-04])}
{'img': array([[[ 0.        ,  0.27373358,  0.27373358, ...,  0.91681791,
          0.75454353,  0.8660254 ],
        [-0.27373358,  0.        ,  0.        , ...,  0.9911039 ,
          0.90536182,  0.96981484],
        [-0.27373358,  0.        ,  0.        , ...,  0.9911039 ,
          0.90536182,  0.96981484],
        ...,
        [-0.91681791, -0.9911039 , -0.9911039 , ...,  0.        ,
          0.30036833,  0.1126002 ],
        [-0.75454353, -0.90536182, -0.90536182, ..., -0.30036833,
          0.        , -0.19105741],
        [-0.8660254 , -0.96981484, -0.96981484, ..., -0.1126002 ,
          0.19105741,  0.        ]],

       [[ 0.        ,  0.84550898,  0.31667933, ...,  0.19544366,
          0.67976301,  0.02028385],
        [-0.84550898,  0.        , -0.6328984 , ..., -0.72484395,
         -0.25715612, -0.83450424],
        [-0.31667933,  0.6328984 ,  0.        , ..., -0.12518745,
          0.41251472, -0.29737428],
        ...,
        [-0.19544366,  0.72484395,  0.12518745, ...,  0.        ,
          0.52330913, -0.17551078],
        [-0.67976301,  0.25715612, -0.41251472, ..., -0.52330913,
          0.        , -0.66474634],
        [-0.02028385,  0.83450424,  0.29737428, ...,  0.17551078,
          0.66474634,  0.        ]],

       [[ 0.        ,  0.31906843,  0.43596995, ...,  0.72840268,
          0.6915036 ,  0.71501591],
        [-0.31906843,  0.        ,  0.12603331, ...,  0.9089398 ,
          0.88584629,  0.90070658],
        [-0.43596995, -0.12603331,  0.        , ...,  0.95423866,
          0.93725935,  0.94827675],
        ...,
        [-0.72840268, -0.9089398 , -0.95423866, ...,  0.        ,
          0.05239524,  0.01933963],
        [-0.6915036 , -0.88584629, -0.93725935, ..., -0.05239524,
          0.        , -0.03307237],
        [-0.71501591, -0.90070658, -0.94827675, ..., -0.01933963,
          0.03307237,  0.        ]],

       ...,

       [[ 0.        ,  0.0832174 ,  0.18311246, ..., -0.90224406,
         -0.74304898, -0.86773779],
        [-0.0832174 ,  0.        ,  0.10066697, ..., -0.93500004,
         -0.79616382, -0.90608887],
        [-0.18311246, -0.10066697,  0.        , ..., -0.96595171,
         -0.85303113, -0.94407702],
        ...,
        [ 0.90224406,  0.93500004,  0.96595171, ...,  0.        ,
          0.2833933 ,  0.07424451],
        [ 0.74304898,  0.79616382,  0.85303113, ..., -0.2833933 ,
          0.        , -0.21141039],
        [ 0.86773779,  0.90608887,  0.94407702, ..., -0.07424451,
          0.21141039,  0.        ]],

       [[ 0.        ,  0.2704069 ,  0.36544979, ...,  0.32633306,
          0.423268  ,  0.52950588],
        [-0.2704069 ,  0.        ,  0.10013223, ...,  0.56977932,
          0.6524895 ,  0.7391676 ],
        [-0.36544979, -0.10013223,  0.        , ...,  0.64920413,
          0.72509016,  0.80289386],
        ...,
        [-0.32633306, -0.56977932, -0.64920413, ...,  0.        ,
         -0.1044369 , -0.22368762],
        [-0.423268  , -0.6524895 , -0.72509016, ...,  0.1044369 ,
          0.        , -0.12067382],
        [-0.52950588, -0.7391676 , -0.80289386, ...,  0.22368762,
          0.12067382,  0.        ]],

       [[ 0.        , -0.06785285, -0.10622747, ...,  0.94114491,
          0.81292904,  0.33326497],
        [ 0.06785285,  0.        , -0.03851373, ...,  0.9160414 ,
          0.77154054,  0.26852299],
        [ 0.10622747,  0.03851373,  0.        , ...,  0.89991453,
          0.74646645,  0.23122452],
        ...,
        [-0.94114491, -0.9160414 , -0.89991453, ...,  0.        ,
          0.273315  ,  0.774698  ],
        [-0.81292904, -0.77154054, -0.74646645, ..., -0.273315  ,
          0.        ,  0.57237539],
        [-0.33326497, -0.26852299, -0.23122452, ..., -0.774698  ,
