state_0,state_1,state_2,state_3,state_4,state_5,state_6,state_7,state_8,state_9,state_10,state_11,state_12,state_13,state_14,state_15,state_16,state_17,state_18,state_19,state_20,state_21,state_22,state_23,state_24,state_25,state_26,state_27,state_28,state_29,state_30,state_31,state_32,state_33,state_34,state_35,state_36,state_37,state_38,state_39,state_40,state_41,state_42,state_43,state_44,state_45,state_46,state_47,state_48,state_49,state_50,state_51,state_52,state_53,state_54,state_55,state_56,state_57,state_58,state_59,state_60,state_61,state_62,state_63,state_64,state_65,state_66,state_67,state_68,state_69,state_70,state_71,state_72,state_73,state_74,state_75,state_76,state_77,state_78,state_79,state_80,state_81,state_82,state_83,state_84,state_85,state_86,state_87,state_88,state_89,state_90,state_91,state_92,state_93,state_94,state_95,state_96,state_97,state_98,state_99,state_100,state_101,state_102,state_103,state_104,state_105,state_106,state_107,state_108,state_109,state_110,state_111,state_112,state_113,state_114,state_115,state_116,state_117,state_118,state_119,state_120,state_121,state_122,state_123,state_124,state_125,state_126,state_127,state_128,state_129,state_130,state_131,state_132,state_133,state_134,state_135,state_136,state_137,state_138,state_139,state_140,state_141,state_142,state_143,state_144,state_145,state_146,state_147,state_148,state_149,state_150,state_151,state_152,state_153,state_154,state_155,state_156,state_157,state_158,state_159,state_160,state_161,state_162,state_163,state_164,state_165,state_166,state_167,state_168,state_169,state_170,state_171,state_172,state_173,state_174,state_175,state_176,state_177,state_178,state_179,state_180,state_181,state_182,state_183,state_184,state_185,state_186,state_187,state_188,state_189,state_190,state_191,state_192,state_193,state_194,state_195,state_196,state_197,state_198,state_199,state_200,state_201,state_202,state_203,state_204,state_205,state_206,state_207,state_208,state_209,state_210,state_211,state_212,state_213,state_214,state_215,state_216,state_217,state_218,state_219,state_220,state_221,state_222,state_223,state_224,state_225,state_226,state_227,state_228,state_229,state_230,state_231,state_232,state_233,state_234,state_235,state_236,state_237,state_238,state_239,state_240,state_241,state_242,state_243,state_244,state_245,state_246,state_247,state_248,state_249,state_250,state_251,state_252,state_253,state_254,state_255,state_256,state_257,state_258,state_259,state_260,state_261,state_262,state_263,state_264,state_265,state_266,state_267,state_268,state_269,state_270,state_271,state_272,state_273,state_274,state_275,state_276,state_277,state_278,state_279,state_280,state_281,state_282,state_283,state_284,state_285,state_286,state_287
{'img': array([[[ 0.        ,  0.        , -0.0698472 , ..., -0.0698472 ,
         -0.0698472 , -0.61103106],
        [ 0.        ,  0.        , -0.0698472 , ..., -0.0698472 ,
         -0.0698472 , -0.61103106],
        [ 0.0698472 ,  0.0698472 ,  0.        , ...,  0.        ,
          0.        , -0.55424723],
        ...,
        [ 0.0698472 ,  0.0698472 ,  0.        , ...,  0.        ,
          0.        , -0.55424723],
        [ 0.0698472 ,  0.0698472 ,  0.        , ...,  0.        ,
          0.        , -0.55424723],
        [ 0.61103106,  0.61103106,  0.55424723, ...,  0.55424723,
          0.55424723,  0.        ]],

       [[ 0.        , -0.06733918, -0.20106042, ...,  0.27384719,
          0.23500023,  0.52987454],
        [ 0.06733918,  0.        , -0.13464   , ...,  0.33799062,
          0.29992018,  0.47156306],
        [ 0.20106042,  0.13464   ,  0.        , ...,  0.46162944,
          0.42563104,  0.34853937],
        ...,
        [-0.27384719, -0.33799062, -0.46162944, ...,  0.        ,
         -0.04016126,  0.74186238],
        [-0.23500023, -0.29992018, -0.42563104, ...,  0.04016126,
          0.        ,  0.71433364],
        [-0.52987454, -0.47156306, -0.34853937, ..., -0.74186238,
         -0.71433364,  0.        ]],

       [[ 0.        , -0.10638884, -0.1683074 , ...,  0.44398892,
          0.17701162, -0.10638884],
        [ 0.10638884,  0.        , -0.06248104, ...,  0.53679694,
          0.28071583,  0.        ],
        [ 0.1683074 ,  0.06248104,  0.        , ...,  0.58846408,
          0.34013608,  0.06248104],
        ...,
        [-0.44398892, -0.53679694, -0.58846408, ...,  0.        ,
         -0.27836966, -0.53679694],
        [-0.17701162, -0.28071583, -0.34013608, ...,  0.27836966,
          0.        , -0.28071583],
        [ 0.10638884,  0.        , -0.06248104, ...,  0.53679694,
          0.28071583,  0.        ]],

       ...,

       [[ 0.        ,  0.03807863,  0.03807863, ...,  0.34464467,
          0.1429293 , -0.39719645],
        [-0.03807863,  0.        ,  0.        , ...,  0.30864904,
          0.10513797, -0.43185442],
        [-0.03807863,  0.        ,  0.        , ...,  0.30864904,
          0.10513797, -0.43185442],
        ...,
        [-0.34464467, -0.30864904, -0.30864904, ...,  0.        ,
         -0.20693369, -0.6891535 ],
        [-0.1429293 , -0.10513797, -0.10513797, ...,  0.20693369,
          0.        , -0.52428942],
        [ 0.39719645,  0.43185442,  0.43185442, ...,  0.6891535 ,
          0.52428942,  0.        ]],

       [[ 0.        , -0.00753223, -0.03019911, ...,  0.99989131,
          0.99286153,  0.9973989 ],
        [ 0.00753223,  0.        , -0.02266946, ...,  0.999974  ,
          0.99373176,  0.99791353],
        [ 0.03019911,  0.02266946,  0.        , ...,  0.9998805 ,
          0.99601062,  0.99912072],
        ...,
        [-0.99989131, -0.999974  , -0.9998805 , ...,  0.        ,
         -0.10462145, -0.05736633],
        [-0.99286153, -0.99373176, -0.99601062, ...,  0.10462145,
          0.        ,  0.04739766],
        [-0.9973989 , -0.99791353, -0.99912072, ...,  0.05736633,
         -0.04739766,  0.        ]],

       [[ 0.        ,  0.03745945,  0.13704831, ..., -0.99653322,
         -0.98486627, -0.98959005],
        [-0.03745945,  0.        ,  0.09984613, ..., -0.99895027,
         -0.99066736, -0.99428648],
        [-0.13704831, -0.09984613,  0.        , ..., -0.99853214,
         -0.99932609, -0.99997595],
        ...,
        [ 0.99653322,  0.99895027,  0.99853214, ...,  0.        ,
          0.09077844,  0.06108643],
        [ 0.98486627,  0.99066736,  0.99932609, ..., -0.09077844,
          0.        , -0.0297747 ],
        [ 0.98959005,  0.99428648,  0.99997595, ..., -0.06108643,
          0.0297747 ,  0.        ]]]), 'num': array([ 6.79555437e-01,  6.79555437e-01,  0.00000000e+00,  0.00000000e+00,
        1.32307384e-03,  1.36940717e-03,  1.31792570e-03,  2.76393524e-01,
       -3.60370308e-05,  1.37867383e-03,  1.43015531e-03,  1.41900099e-03,
        2.00903307e-06,  1.53442785e-03,  1.32588276e-03])}
{'img': array([[[ 0.        , -0.05944439,  0.        , ..., -0.05944439,
         -0.4890103 , -0.99305547],
        [ 0.05944439,  0.        ,  0.05944439, ...,  0.        ,
         -0.43629351, -0.98430591],
        [ 0.        , -0.05944439,  0.        , ..., -0.05944439,
         -0.4890103 , -0.99305547],
        ...,
        [ 0.05944439,  0.        ,  0.05944439, ...,  0.        ,
         -0.43629351, -0.98430591],
        [ 0.4890103 ,  0.43629351,  0.4890103 , ...,  0.43629351,
          0.        , -0.80868983],
        [ 0.99305547,  0.98430591,  0.99305547, ...,  0.98430591,
          0.80868983,  0.        ]],

       [[ 0.        , -0.13464   ,  0.04737197, ...,  0.29992018,
          0.47156306,  0.39693938],
        [ 0.13464   ,  0.        ,  0.18142948, ...,  0.42563104,
          0.34853937,  0.51690371],
        [-0.04737197, -0.18142948,  0.        , ...,  0.2543923 ,
          0.51280778,  0.35301362],
        ...,
        [-0.29992018, -0.42563104, -0.2543923 , ...,  0.        ,
          0.71433364,  0.10338581],
        [-0.47156306, -0.34853937, -0.51280778, ..., -0.71433364,
          0.        , -0.7828557 ],
        [-0.39693938, -0.51690371, -0.35301362, ..., -0.10338581,
          0.7828557 ,  0.        ]],

       [[ 0.        , -0.06248104, -0.06248104, ...,  0.28071583,
          0.        , -0.32709404],
        [ 0.06248104,  0.        ,  0.        , ...,  0.34013608,
          0.06248104, -0.26741088],
        [ 0.06248104,  0.        ,  0.        , ...,  0.34013608,
          0.06248104, -0.26741088],
        ...,
        [-0.28071583, -0.34013608, -0.34013608, ...,  0.        ,
         -0.28071583, -0.57921605],
        [ 0.        , -0.06248104, -0.06248104, ...,  0.28071583,
          0.        , -0.32709404],
        [ 0.32709404,  0.26741088,  0.26741088, ...,  0.57921605,
          0.32709404,  0.        ]],

       ...,

       [[ 0.        ,  0.        , -0.05948873, ...,  0.10513797,
         -0.43185442, -0.80139878],
        [ 0.        ,  0.        , -0.05948873, ...,  0.10513797,
         -0.43185442, -0.80139878],
        [ 0.05948873,  0.05948873,  0.        , ...,  0.16411079,
         -0.37743413, -0.76439746],
        ...,
        [-0.10513797, -0.10513797, -0.16411079, ...,  0.        ,
         -0.52428942, -0.85984336],
        [ 0.43185442,  0.43185442,  0.37743413, ...,  0.52428942,
          0.        , -0.46451102],
        [ 0.80139878,  0.80139878,  0.76439746, ...,  0.85984336,
          0.46451102,  0.        ]],

       [[ 0.        , -0.02225588, -0.06667717, ...,  0.9714471 ,
          0.97713844,  0.99367077],
        [ 0.02225588,  0.        , -0.0444543 , ...,  0.97648683,
          0.9816281 ,  0.99092461],
        [ 0.06667717,  0.0444543 ,  0.        , ...,  0.98510482,
          0.98913975,  0.9839695 ],
        ...,
        [-0.9714471 , -0.97648683, -0.98510482, ...,  0.        ,
          0.02529865,  0.34487885],
        [-0.97713844, -0.9816281 , -0.98913975, ..., -0.02529865,
          0.        ,  0.32102197],
        [-0.99367077, -0.99092461, -0.9839695 , ..., -0.34487885,
         -0.32102197,  0.        ]],

       [[ 0.        ,  0.09984613, -0.02140883, ..., -0.99066736,
         -0.99428648, -0.99851092],
        [-0.09984613,  0.        , -0.1211251 , ..., -0.99932609,
         -0.99997595, -0.98807443],
        [ 0.02140883,  0.1211251 ,  0.        , ..., -0.98752224,
         -0.99177332, -0.99944997],
        ...,
        [ 0.99066736,  0.99932609,  0.98752224, ...,  0.        ,
         -0.0297747 , -0.19014189],
        [ 0.99428648,  0.99997595,  0.99177332, ...,  0.0297747 ,
          0.        , -0.16082608],
        [ 0.99851092,  0.98807443,  0.99944997, ...,  0.19014189,
          0.16082608,  0.        ]]]), 'num': array([ 6.81881562e-01,  6.81881562e-01,  0.00000000e+00,  0.00000000e+00,
        1.32243697e-03,  1.35343159e-03,  1.31210543e-03,  2.64687929e-01,
       -5.16576941e-06,  1.36272997e-03,  1.43324272e-03,  1.42248070e-03,
        1.32455626e-06,  1.54415529e-03,  1.32233015e-03])}
{'img': array([[[ 0.        ,  0.05749625,  0.33791951, ..., -0.41731422,
         -0.88558695, -0.98974332],
        [-0.05749625,  0.        ,  0.28324646, ..., -0.46887429,
         -0.91082744, -0.99631976],
        [-0.33791951, -0.28324646,  0.        , ..., -0.69985421,
         -0.99044701, -0.9797959 ],
        ...,
        [ 0.41731422,  0.46887429,  0.69985421, ...,  0.        ,
         -0.61095654, -0.83982505],
        [ 0.88558695,  0.91082744,  0.99044701, ...,  0.61095654,
          0.        , -0.33319725],
        [ 0.98974332,  0.99631976,  0.9797959 , ...,  0.83982505,
          0.33319725,  0.        ]],

       [[ 0.        ,  0.18142948,  0.24277156, ...,  0.34853937,
          0.51690371,  0.49277406],
        [-0.18142948,  0.        ,  0.06274078, ...,  0.51280778,
          0.35301362,  0.32672377],
        [-0.24277156, -0.06274078,  0.        , ...,  0.56566065,
          0.29361673,  0.26678253],
        ...,
        [-0.34853937, -0.51280778, -0.56566065, ...,  0.        ,
         -0.7828557 , -0.76515831],
        [-0.51690371, -0.35301362, -0.29361673, ...,  0.7828557 ,
          0.        , -0.02795149],
        [-0.49277406, -0.32672377, -0.26678253, ...,  0.76515831,
          0.02795149,  0.        ]],

       [[ 0.        ,  0.        ,  0.13850969, ...,  0.06248104,
         -0.26741088, -0.67176633],
        [ 0.        ,  0.        ,  0.13850969, ...,  0.06248104,
         -0.26741088, -0.67176633],
        [-0.13850969, -0.13850969,  0.        , ..., -0.07636028,
         -0.39829886, -0.7678941 ],
        ...,
        [-0.06248104, -0.06248104,  0.07636028, ...,  0.        ,
         -0.32709404, -0.71673745],
        [ 0.26741088,  0.26741088,  0.39829886, ...,  0.32709404,
          0.        , -0.44921422],
        [ 0.67176633,  0.67176633,  0.7678941 , ...,  0.71673745,
          0.44921422,  0.        ]],

       ...,

       [[ 0.        , -0.05322063,  0.21306757, ..., -0.37389048,
         -0.64594664, -0.96584442],
        [ 0.05322063,  0.        ,  0.26476416, ..., -0.3239999 ,
         -0.60440348, -0.95068493],
        [-0.21306757, -0.26476416,  0.        , ..., -0.5629194 ,
         -0.79376613, -0.99887682],
        ...,
        [ 0.37389048,  0.3239999 ,  0.5629194 , ...,  0.        ,
         -0.3136765 , -0.79891099],
        [ 0.64594664,  0.60440348,  0.79376613, ...,  0.3136765 ,
          0.        , -0.56992937],
        [ 0.96584442,  0.95068493,  0.99887682, ...,  0.79891099,
          0.56992937,  0.        ]],

       [[ 0.        , -0.04296225, -0.04893603, ...,  0.94102313,
          0.97371649,  0.98571622],
        [ 0.04296225,  0.        , -0.00598007, ...,  0.95469022,
          0.98260268,  0.97757062],
        [ 0.04893603,  0.00598007,  0.        , ...,  0.95645283,
          0.98369573,  0.97629369],
        ...,
        [-0.94102313, -0.95469022, -0.95645283, ...,  0.        ,
          0.11511873,  0.49199164],
        [-0.97371649, -0.98260268, -0.98369573, ..., -0.11511873,
          0.        ,  0.3884984 ],
        [-0.98571622, -0.97757062, -0.97629369, ..., -0.49199164,
         -0.3884984 ,  0.        ]],

       [[ 0.        , -0.1211251 , -0.12850193, ..., -0.99997595,
         -0.98807443, -0.88134096],
        [ 0.1211251 ,  0.        , -0.00743492, ..., -0.99177332,
         -0.99944997, -0.93208115],
        [ 0.12850193,  0.00743492,  0.        , ..., -0.99079419,
         -0.9996689 , -0.93474869],
        ...,
        [ 0.99997595,  0.99177332,  0.99079419, ...,  0.        ,
         -0.16082608, -0.47858195],
        [ 0.98807443,  0.99944997,  0.9996689 , ...,  0.16082608,
          0.        , -0.33113994],
        [ 0.88134096,  0.93208115,  0.93474869, ...,  0.47858195,
          0.33113994,  0.        ]]]), 'num': array([6.89191554e-01, 6.89191554e-01, 0.00000000e+00, 0.00000000e+00,
       1.37316196e-03, 1.37316196e-03, 1.32617163e-03, 2.23638587e-01,
       3.65480370e-05, 1.36898504e-03, 1.44782438e-03, 1.43703401e-03,
       2.18559690e-06, 1.56178902e-03, 1.33385974e-03])}
{'img': array([[[ 0.        ,  0.28324646,  0.22716654, ..., -0.91082744,
         -0.99631976, -0.52922043],
        [-0.28324646,  0.        , -0.05797782, ..., -0.99044701,
         -0.9797959 , -0.74787754],
        [-0.22716654,  0.05797782,  0.        , ..., -0.98078616,
         -0.98974332, -0.70813171],
        ...,
        [ 0.91082744,  0.99044701,  0.98078616, ...,  0.        ,
         -0.33319725,  0.55436736],
        [ 0.99631976,  0.9797959 ,  0.98974332, ...,  0.33319725,
          0.        ,  0.8       ],
        [ 0.52922043,  0.74787754,  0.70813171, ..., -0.55436736,
         -0.8       ,  0.        ]],

       [[ 0.        ,  0.06274078, -0.12565785, ...,  0.35301362,
          0.32672377,  0.22920818],
        [-0.06274078,  0.        , -0.18765375, ...,  0.29361673,
          0.26678253,  0.16768616],
        [ 0.12565785,  0.18765375,  0.        , ...,  0.46778328,
          0.44289577,  0.34970391],
        ...,
        [-0.35301362, -0.29361673, -0.46778328, ...,  0.        ,
         -0.02795149, -0.12916415],
        [-0.32672377, -0.26678253, -0.44289577, ...,  0.02795149,
          0.        , -0.10139634],
        [-0.22920818, -0.16768616, -0.34970391, ...,  0.12916415,
          0.10139634,  0.        ]],

       [[ 0.        ,  0.13707828,  0.19581009, ..., -0.26367602,
         -0.65705203, -0.93385025],
        [-0.13707828,  0.        ,  0.05953698, ..., -0.39341423,
         -0.75418541, -0.97406291],
        [-0.19581009, -0.05953698,  0.        , ..., -0.44745235,
         -0.79194321, -0.98580689],
        ...,
        [ 0.26367602,  0.39341423,  0.44745235, ...,  0.        ,
         -0.4350289 , -0.80649503],
        [ 0.65705203,  0.75418541,  0.79194321, ...,  0.4350289 ,
          0.        , -0.46897455],
        [ 0.93385025,  0.97406291,  0.98580689, ...,  0.80649503,
          0.46897455,  0.        ]],

       ...,

       [[ 0.        ,  0.26476416,  0.14798348, ..., -0.60440348,
         -0.95068493, -0.55268033],
        [-0.26476416,  0.        , -0.11914664, ..., -0.79376613,
         -0.99887682, -0.75360962],
        [-0.14798348,  0.11914664,  0.        , ..., -0.71564414,
         -0.98611603, -0.66992367],
        ...,
        [ 0.60440348,  0.79376613,  0.71564414, ...,  0.        ,
         -0.56992937,  0.06339737],
        [ 0.95068493,  0.99887682,  0.98611603, ...,  0.56992937,
          0.        ,  0.6208761 ],
        [ 0.55268033,  0.75360962,  0.66992367, ..., -0.06339737,
         -0.6208761 ,  0.        ]],

       [[ 0.        , -0.00593439, -0.1031412 , ...,  0.97523991,
          0.99964526,  0.9759619 ],
        [ 0.00593439,  0.        , -0.09723665, ...,  0.97653513,
          0.9994696 ,  0.97465136],
        [ 0.1031412 ,  0.09723665,  0.        , ...,  0.99284832,
          0.99156684,  0.9482781 ],
        ...,
        [-0.97523991, -0.97653513, -0.99284832, ...,  0.        ,
          0.24704538,  0.42837848],
        [-0.99964526, -0.9994696 , -0.99156684, ..., -0.24704538,
          0.        ,  0.19187037],
        [-0.9759619 , -0.97465136, -0.9482781 , ..., -0.42837848,
         -0.19187037,  0.        ]],

       [[ 0.        , -0.00743492,  0.04480098, ..., -0.99944997,
         -0.93208115, -0.85976104],
        [ 0.00743492,  0.        ,  0.0522272 , ..., -0.9996689 ,
         -0.93474869, -0.86353427],
        [-0.04480098, -0.0522272 ,  0.        , ..., -0.99696073,
         -0.91491615, -0.83601808],
        ...,
        [ 0.99944997,  0.9996689 ,  0.99696073, ...,  0.        ,
         -0.33113994, -0.48190361],
        [ 0.93208115,  0.93474869,  0.91491615, ...,  0.33113994,
          0.        , -0.16456257],
        [ 0.85976104,  0.86353427,  0.83601808, ...,  0.48190361,
          0.16456257,  0.        ]]]), 'num': array([6.89867448e-01, 6.89867448e-01, 0.00000000e+00, 0.00000000e+00,
       1.39018743e-03, 1.40063997e-03, 1.36405609e-03, 2.19430634e-01,
       1.56788056e-05, 1.36510134e-03, 1.44819901e-03, 1.43792069e-03,
       2.72674881e-06, 1.56402426e-03, 1.33237377e-03])}
{'img': array([[[ 0.        , -0.05797782, -0.11528145, ..., -0.9797959 ,
         -0.74787754, -0.60061411],
        [ 0.05797782,  0.        , -0.05749625, ..., -0.98974332,
         -0.70813171, -0.55324827],
        [ 0.11528145,  0.05749625,  0.        , ..., -0.99631976,
         -0.66636328, -0.50443772],
        ...,
        [ 0.9797959 ,  0.98974332,  0.99631976, ...,  0.        ,
          0.8       ,  0.9035079 ],
        [ 0.74787754,  0.70813171,  0.66636328, ..., -0.8       ,
          0.        ,  0.1992476 ],
        [ 0.60061411,  0.55324827,  0.50443772, ..., -0.9035079 ,
         -0.1992476 ,  0.        ]],

       [[ 0.        , -0.18765375, -0.28964025, ...,  0.26678253,
          0.16768616,  0.15701441],
        [ 0.18765375,  0.        , -0.10488478, ...,  0.44289577,
          0.34970391,  0.33955124],
        [ 0.28964025,  0.10488478,  0.        , ...,  0.5344898 ,
          0.44603746,  0.43633172],
        ...,
        [-0.26678253, -0.44289577, -0.5344898 , ...,  0.        ,
         -0.10139634, -0.11214974],
        [-0.16768616, -0.34970391, -0.44603746, ...,  0.10139634,
          0.        , -0.01081508],
        [-0.15701441, -0.33955124, -0.43633172, ...,  0.11214974,
          0.01081508,  0.        ]],

       [[ 0.        ,  0.05700398,  0.09936521, ..., -0.69748421,
         -0.84636749, -0.98309456],
        [-0.05700398,  0.        ,  0.04248177, ..., -0.73719913,
         -0.87535154, -0.99193334],
        [-0.09936521, -0.04248177,  0.        , ..., -0.76523751,
         -0.89510069, -0.99642288],
        ...,
        [ 0.69748421,  0.73719913,  0.76523751, ...,  0.        ,
         -0.23502744, -0.57677733],
        [ 0.84636749,  0.87535154,  0.89510069, ...,  0.23502744,
          0.        , -0.36862683],
        [ 0.98309456,  0.99193334,  0.99642288, ...,  0.57677733,
          0.36862683,  0.        ]],

       ...,

       [[ 0.        , -0.11914664, -0.11914664, ..., -0.99887682,
         -0.75360962, -0.60962809],
        [ 0.11914664,  0.        ,  0.        , ..., -0.98611603,
         -0.66992367, -0.51083945],
        [ 0.11914664,  0.        ,  0.        , ..., -0.98611603,
         -0.66992367, -0.51083945],
        ...,
        [ 0.99887682,  0.98611603,  0.98611603, ...,  0.        ,
          0.6208761 ,  0.76291158],
        [ 0.75360962,  0.66992367,  0.66992367, ..., -0.6208761 ,
          0.        ,  0.19665487],
        [ 0.60962809,  0.51083945,  0.51083945, ..., -0.76291158,
         -0.19665487,  0.        ]],

       [[ 0.        , -0.09677849, -0.12174251, ...,  0.99985311,
          0.99717239,  0.97356859],
        [ 0.09677849,  0.        , -0.02511242, ...,  0.99681845,
          0.98521889,  0.9468949 ],
        [ 0.12174251,  0.02511242,  0.        , ...,  0.99450249,
          0.98060642,  0.93852155],
        ...,
        [-0.99985311, -0.99681845, -0.99450249, ...,  0.        ,
          0.09222772,  0.24504741],
        [-0.99717239, -0.98521889, -0.98060642, ..., -0.09222772,
          0.        ,  0.15458721],
        [-0.97356859, -0.9468949 , -0.93852155, ..., -0.24504741,
         -0.15458721,  0.        ]],

       [[ 0.        ,  0.05202473,  0.0227706 , ..., -0.94284308,
         -0.88087133, -0.64268791],
        [-0.05202473,  0.        , -0.02927148, ..., -0.92422971,
         -0.85505225, -0.60195997],
        [-0.0227706 ,  0.02927148,  0.        , ..., -0.93501061,
         -0.86986434, -0.62507608],
        ...,
        [ 0.94284308,  0.92422971,  0.93501061, ...,  0.        ,
         -0.15276126, -0.50817115],
        [ 0.88087133,  0.85505225,  0.86986434, ...,  0.15276126,
          0.        , -0.37064023],
        [ 0.64268791,  0.60195997,  0.62507608, ...,  0.50817115,
          0.37064023,  0.        ]]]), 'num': array([6.94487661e-01, 6.94487661e-01, 0.00000000e+00, 0.00000000e+00,
       1.39949786e-03, 1.39949786e-03, 1.36793024e-03, 1.88036217e-01,
       0.00000000e+00, 1.37634827e-03, 1.45553039e-03, 1.44658623e-03,
       2.39148643e-06, 1.57482440e-03, 1.33623638e-03])}
{'img': array([[[ 0.        , -0.05749625, -0.11452044, ..., -0.70813171,
         -0.55324827, -0.55324827],
        [ 0.05749625,  0.        , -0.05721301, ..., -0.66636328,
         -0.50443772, -0.50443772],
        [ 0.11452044,  0.05721301,  0.        , ..., -0.62261219,
         -0.45421098, -0.45421098],
        ...,
        [ 0.70813171,  0.66636328,  0.62261219, ...,  0.        ,
          0.1992476 ,  0.1992476 ],
        [ 0.55324827,  0.50443772,  0.45421098, ..., -0.1992476 ,
          0.        ,  0.        ],
        [ 0.55324827,  0.50443772,  0.45421098, ..., -0.1992476 ,
          0.        ,  0.        ]],

       [[ 0.        , -0.10488478,  0.13283342, ...,  0.34970391,
          0.33955124,  0.25941795],
        [ 0.10488478,  0.        ,  0.23605609, ...,  0.44603746,
          0.43633172,  0.35928116],
        [-0.13283342, -0.23605609,  0.        , ...,  0.22215861,
          0.21160081,  0.1288332 ],
        ...,
        [-0.34970391, -0.44603746, -0.22215861, ...,  0.        ,
         -0.01081508, -0.09469348],
        [-0.33955124, -0.43633172, -0.21160081, ...,  0.01081508,
          0.        , -0.08392146],
        [-0.25941795, -0.35928116, -0.1288332 , ...,  0.09469348,
          0.08392146,  0.        ]],

       [[ 0.        ,  0.04248177,  0.08473468, ..., -0.87535154,
         -0.99193334, -0.93411677],
        [-0.04248177,  0.        ,  0.0423292 , ..., -0.89510069,
         -0.99642288, -0.94843811],
        [-0.08473468, -0.0423292 ,  0.        , ..., -0.9131715 ,
         -0.99910692, -0.9610048 ],
        ...,
        [ 0.87535154,  0.89510069,  0.9131715 , ...,  0.        ,
         -0.36862683, -0.1391612 ],
        [ 0.99193334,  0.99642288,  0.99910692, ...,  0.36862683,
          0.        ,  0.23567888],
        [ 0.93411677,  0.94843811,  0.9610048 , ...,  0.1391612 ,
         -0.23567888,  0.        ]],

       ...,

       [[ 0.        ,  0.        , -0.03415851, ..., -0.66992367,
         -0.51083945, -0.61339237],
        [ 0.        ,  0.        , -0.03415851, ..., -0.66992367,
         -0.51083945, -0.61339237],
        [ 0.03415851,  0.03415851,  0.        , ..., -0.64417242,
         -0.48117608, -0.58605676],
        ...,
        [ 0.66992367,  0.66992367,  0.64417242, ...,  0.        ,
          0.19665487,  0.07369031],
        [ 0.51083945,  0.51083945,  0.48117608, ..., -0.19665487,
          0.        , -0.12386886],
        [ 0.61339237,  0.61339237,  0.58605676, ..., -0.07369031,
          0.12386886,  0.        ]],

       [[ 0.        , -0.02506057, -0.04266542, ...,  0.98993562,
          0.97494547,  0.94625827],
        [ 0.02506057,  0.        , -0.01761427, ...,  0.98607819,
          0.9690647 ,  0.93785619],
        [ 0.04266542,  0.01761427,  0.        , ...,  0.98299626,
          0.96456703,  0.93159811],
        ...,
        [-0.98993562, -0.98607819, -0.98299626, ...,  0.        ,
          0.0822325 ,  0.18624405],
        [-0.97494547, -0.9690647 , -0.96456703, ..., -0.0822325 ,
          0.        ,  0.10481955],
        [-0.94625827, -0.93785619, -0.93159811, ..., -0.18624405,
         -0.10481955,  0.        ]],

       [[ 0.        , -0.02827689, -0.0712982 , ..., -0.94824125,
         -0.9006882 , -0.58552059],
        [ 0.02827689,  0.        , -0.04306476, ..., -0.95684143,
         -0.9126134 , -0.60820934],
        [ 0.0712982 ,  0.04306476,  0.        , ..., -0.96846882,
         -0.92937264, -0.6418289 ],
        ...,
        [ 0.94824125,  0.95684143,  0.96846882, ...,  0.        ,
         -0.12596436, -0.58276637],
        [ 0.9006882 ,  0.9126134 ,  0.92937264, ...,  0.12596436,
          0.        , -0.47576085],
        [ 0.58552059,  0.60820934,  0.6418289 , ...,  0.58276637,
          0.47576085,  0.        ]]]), 'num': array([ 6.96887281e-01,  6.96887281e-01,  0.00000000e+00,  0.00000000e+00,
        1.37265677e-03,  1.38321566e-03,  1.35681842e-03,  1.69352268e-01,
       -3.16766946e-05,  1.38427155e-03,  1.45528014e-03,  1.45017668e-03,
        2.11177964e-06,  1.58058340e-03,  1.32997689e-03])}
{'img': array([[[ 0.        , -0.05721301,  0.1733645 , ..., -0.50443772,
         -0.50443772, -0.82313089],
        [ 0.05721301,  0.        ,  0.22942721, ..., -0.45421098,
         -0.45421098, -0.78929409],
        [-0.1733645 , -0.22942721,  0.        , ..., -0.64649063,
         -0.64649063, -0.90911215],
        ...,
        [ 0.50443772,  0.45421098,  0.64649063, ...,  0.        ,
          0.        , -0.42428498],
        [ 0.50443772,  0.45421098,  0.64649063, ...,  0.        ,
          0.        , -0.42428498],
        [ 0.82313089,  0.78929409,  0.90911215, ...,  0.42428498,
          0.42428498,  0.        ]],

       [[ 0.        ,  0.23605609,  0.57700666, ...,  0.43633172,
          0.35928116,  0.30876278],
        [-0.23605609,  0.        ,  0.36790381, ...,  0.21160081,
          0.1288332 ,  0.0755148 ],
        [-0.57700666, -0.36790381,  0.        , ..., -0.16281312,
         -0.24504047, -0.29663485],
        ...,
        [-0.43633172, -0.21160081,  0.16281312, ...,  0.        ,
         -0.08392146, -0.13719176],
        [-0.35928116, -0.1288332 ,  0.24504047, ...,  0.08392146,
          0.        , -0.05357986],
        [-0.30876278, -0.0755148 ,  0.29663485, ...,  0.13719176,
          0.05357986,  0.        ]],

       [[ 0.        ,  0.0423292 ,  0.12653395, ..., -0.99642288,
         -0.94843811, -0.89510069],
        [-0.0423292 ,  0.        ,  0.08443157, ..., -0.99910692,
         -0.9610048 , -0.9131715 ],
        [-0.12653395, -0.08443157,  0.        , ..., -0.99910692,
         -0.98092133, -0.94432306],
        ...,
        [ 0.99642288,  0.99910692,  0.99910692, ...,  0.        ,
          0.23567888,  0.36862683],
        [ 0.94843811,  0.9610048 ,  0.98092133, ..., -0.23567888,
          0.        ,  0.1391612 ],
        [ 0.89510069,  0.9131715 ,  0.94432306, ..., -0.36862683,
         -0.1391612 ,  0.        ]],

       ...,

       [[ 0.        , -0.03415851, -0.08001381, ..., -0.51083945,
         -0.61339237, -0.69978806],
        [ 0.03415851,  0.        , -0.04591813, ..., -0.48117608,
         -0.58605676, -0.67497854],
        [ 0.08001381,  0.04591813,  0.        , ..., -0.44041561,
         -0.54823251, -0.64038646],
        ...,
        [ 0.51083945,  0.48117608,  0.44041561, ...,  0.        ,
         -0.12386886, -0.23667267],
        [ 0.61339237,  0.58605676,  0.54823251, ...,  0.12386886,
          0.        , -0.11450028],
        [ 0.69978806,  0.67497854,  0.64038646, ...,  0.23667267,
          0.11450028,  0.        ]],

       [[ 0.        , -0.01757956, -0.00941629, ...,  0.97825855,
          0.96820548,  0.93720893],
        [ 0.01757956,  0.        ,  0.00816395, ...,  0.97446157,
          0.96365823,  0.9309329 ],
        [ 0.00941629, -0.00816395,  0.        , ...,  0.97626234,
          0.96580702,  0.93388327],
        ...,
        [-0.97825855, -0.97446157, -0.97626234, ...,  0.        ,
          0.04392227,  0.14681885],
        [-0.96820548, -0.96365823, -0.96580702, ..., -0.04392227,
          0.        ,  0.10323086],
        [-0.93720893, -0.9309329 , -0.93388327, ..., -0.14681885,
         -0.10323086,  0.        ]],

       [[ 0.        , -0.0402495 , -0.03764419, ..., -0.99359016,
         -0.96450877, -0.57616371],
        [ 0.0402495 ,  0.        ,  0.00260728, ..., -0.99733492,
         -0.97435511, -0.60859412],
        [ 0.03764419, -0.00260728,  0.        , ..., -0.9971413 ,
         -0.97376512, -0.60652322],
        ...,
        [ 0.99359016,  0.99733492,  0.9971413 , ...,  0.        ,
         -0.15332789, -0.7469644 ],
        [ 0.96450877,  0.97435511,  0.97376512, ...,  0.15332789,
          0.        , -0.63618963],
        [ 0.57616371,  0.60859412,  0.60652322, ...,  0.7469644 ,
          0.63618963,  0.        ]]]), 'num': array([6.98085483e-01, 6.98085483e-01, 0.00000000e+00, 0.00000000e+00,
       1.37501686e-03, 1.39088244e-03, 1.35386276e-03, 1.59176817e-01,
       0.00000000e+00, 1.39088244e-03, 1.45196492e-03, 1.45134792e-03,
       2.11541056e-06, 1.58144096e-03, 1.32248888e-03])}
{'img': array([[[ 0.        ,  0.22942721,  0.22942721, ..., -0.45421098,
         -0.78929409, -0.78929409],
        [-0.22942721,  0.        ,  0.        , ..., -0.64649063,
         -0.90911215, -0.90911215],
        [-0.22942721,  0.        ,  0.        , ..., -0.64649063,
         -0.90911215, -0.90911215],
        ...,
        [ 0.45421098,  0.64649063,  0.64649063, ...,  0.        ,
         -0.42428498, -0.42428498],
        [ 0.78929409,  0.90911215,  0.90911215, ...,  0.42428498,
          0.        ,  0.        ],
        [ 0.78929409,  0.90911215,  0.90911215, ...,  0.42428498,
          0.        ,  0.        ]],

       [[ 0.        ,  0.36790381,  0.0043009 , ...,  0.1288332 ,
          0.0755148 ,  0.04486729],
        [-0.36790381,  0.        , -0.36390116, ..., -0.24504047,
         -0.29663485, -0.32581284],
        [-0.0043009 ,  0.36390116,  0.        , ...,  0.12456695,
          0.07122548,  0.04057031],
        ...,
        [-0.1288332 ,  0.24504047, -0.12456695, ...,  0.        ,
         -0.05357986, -0.08421008],
        [-0.0755148 ,  0.29663485, -0.07122548, ...,  0.05357986,
          0.        , -0.03069957],
        [-0.04486729,  0.32581284, -0.04057031, ...,  0.08421008,
          0.03069957,  0.        ]],

       [[ 0.        ,  0.08443157,  0.09847413, ..., -0.9610048 ,
         -0.9131715 , -0.85186979],
        [-0.08443157,  0.        ,  0.0141013 , ..., -0.98092133,
         -0.94432306, -0.89304934],
        [-0.09847413, -0.0141013 ,  0.        , ..., -0.98356516,
         -0.94886877, -0.89930555],
        ...,
        [ 0.9610048 ,  0.98092133,  0.98356516, ...,  0.        ,
          0.1391612 ,  0.26776077],
        [ 0.9131715 ,  0.94432306,  0.94886877, ..., -0.1391612 ,
          0.        ,  0.1310756 ],
        [ 0.85186979,  0.89304934,  0.89930555, ..., -0.26776077,
         -0.1310756 ,  0.        ]],

       ...,

       [[ 0.        , -0.04591813,  0.02422006, ..., -0.58605676,
         -0.67497854, -0.67497854],
        [ 0.04591813,  0.        ,  0.07009917, ..., -0.54823251,
         -0.64038646, -0.64038646],
        [-0.02422006, -0.07009917,  0.        , ..., -0.60550963,
         -0.692651  , -0.692651  ],
        ...,
        [ 0.58605676,  0.54823251,  0.60550963, ...,  0.        ,
         -0.11450028, -0.11450028],
        [ 0.67497854,  0.64038646,  0.692651  , ...,  0.11450028,
          0.        ,  0.        ],
        [ 0.67497854,  0.64038646,  0.692651  , ...,  0.11450028,
          0.        ,  0.        ]],

       [[ 0.        ,  0.00816395, -0.00240129, ...,  0.96365823,
          0.9309329 ,  0.99241515],
        [-0.00816395,  0.        , -0.01056514, ...,  0.96580702,
          0.93388327,  0.99338569],
        [ 0.00240129,  0.01056514,  0.        , ...,  0.96301397,
          0.93005329,  0.9921171 ],
        ...,
        [-0.96365823, -0.96580702, -0.96301397, ...,  0.        ,
          0.10323086, -0.146648  ],
        [-0.9309329 , -0.93388327, -0.93005329, ..., -0.10323086,
          0.        , -0.24797933],
        [-0.99241515, -0.99338569, -0.9921171 , ...,  0.146648  ,
          0.24797933,  0.        ]],

       [[ 0.        ,  0.00247001,  0.00435637, ..., -0.99954899,
         -0.94633789, -0.58271109],
        [-0.00247001,  0.        ,  0.00188637, ..., -0.99947177,
         -0.94553674, -0.58070199],
        [-0.00435637, -0.00188637,  0.        , ..., -0.99940869,
         -0.94492102, -0.57916523],
        ...,
        [ 0.99954899,  0.99947177,  0.99940869, ...,  0.        ,
         -0.29461445, -0.79481394],
        [ 0.94633789,  0.94553674,  0.94492102, ...,  0.29461445,
          0.        , -0.58074936],
        [ 0.58271109,  0.58070199,  0.57916523, ...,  0.79481394,
          0.58074936,  0.        ]]]), 'num': array([ 6.99635480e-01,  6.99635480e-01,  0.00000000e+00,  0.00000000e+00,
        1.36216908e-03,  1.38337015e-03,  1.35156854e-03,  1.44929066e-01,
       -1.59008064e-05,  1.38761037e-03,  1.44776842e-03,  1.45306869e-03,
        2.00010143e-06,  1.58094235e-03,  1.31459449e-03])}
{'img': array([[[ 0.        ,  0.        ,  0.37410976, ..., -0.90911215,
         -0.90911215, -0.99683136],
        [ 0.        ,  0.        ,  0.37410976, ..., -0.90911215,
         -0.90911215, -0.99683136],
        [-0.37410976, -0.37410976,  0.        , ..., -0.99893241,
         -0.99893241, -0.95420406],
        ...,
        [ 0.90911215,  0.90911215,  0.99893241, ...,  0.        ,
          0.        , -0.34291714],
        [ 0.90911215,  0.90911215,  0.99893241, ...,  0.        ,
          0.        , -0.34291714],
        [ 0.99683136,  0.99683136,  0.95420406, ...,  0.34291714,
          0.34291714,  0.        ]],

       [[ 0.        , -0.36390116, -0.31047857, ..., -0.29663485,
         -0.32581284, -0.36824834],
        [ 0.36390116,  0.        ,  0.05672589, ...,  0.07122548,
          0.04057031, -0.00467144],
        [ 0.31047857, -0.05672589,  0.        , ...,  0.01452897,
         -0.0161742 , -0.06138919],
        ...,
        [ 0.29663485, -0.07122548, -0.01452897, ...,  0.        ,
         -0.03069957, -0.07588428],
        [ 0.32581284, -0.04057031,  0.0161742 , ...,  0.03069957,
          0.        , -0.04523746],
        [ 0.36824834,  0.00467144,  0.06138919, ...,  0.07588428,
          0.04523746,  0.        ]],

       [[ 0.        ,  0.0141013 ,  0.1272175 , ..., -0.94432306,
         -0.89304934, -0.96904383],
        [-0.0141013 ,  0.        ,  0.11321812, ..., -0.94886877,
         -0.89930555, -0.97242893],
        [-0.1272175 , -0.11321812,  0.        , ..., -0.97850735,
         -0.9430358 , -0.99257877],
        ...,
        [ 0.94432306,  0.94886877,  0.97850735, ...,  0.        ,
          0.1310756 , -0.08569176],
        [ 0.89304934,  0.89930555,  0.9430358 , ..., -0.1310756 ,
          0.        , -0.21554591],
        [ 0.96904383,  0.97242893,  0.99257877, ...,  0.08569176,
          0.21554591,  0.        ]],

       ...,

       [[ 0.        ,  0.07009917,  0.41591147, ..., -0.64038646,
         -0.64038646, -0.68036258],
        [-0.07009917,  0.        ,  0.3511398 , ..., -0.692651  ,
         -0.692651  , -0.73006288],
        [-0.41591147, -0.3511398 ,  0.        , ..., -0.90181271,
         -0.90181271, -0.9235366 ],
        ...,
        [ 0.64038646,  0.692651  ,  0.90181271, ...,  0.        ,
          0.        , -0.05323075],
        [ 0.64038646,  0.692651  ,  0.90181271, ...,  0.        ,
          0.        , -0.05323075],
        [ 0.68036258,  0.73006288,  0.9235366 , ...,  0.05323075,
          0.05323075,  0.        ]],

       [[ 0.        , -0.01056514,  0.08278967, ...,  0.93388327,
          0.99338569,  0.99666255],
        [ 0.01056514,  0.        ,  0.09331392, ...,  0.93005329,
          0.9921171 ,  0.99746938],
        [-0.08278967, -0.09331392,  0.        , ...,  0.96028106,
          0.99948179,  0.98648278],
        ...,
        [-0.93388327, -0.93005329, -0.96028106, ...,  0.        ,
         -0.24797933, -0.43261923],
        [-0.99338569, -0.9921171 , -0.99948179, ...,  0.24797933,
          0.        , -0.19553412],
        [-0.99666255, -0.99746938, -0.98648278, ...,  0.43261923,
          0.19553412,  0.        ]],

       [[ 0.        ,  0.00178783, -0.06037912, ..., -0.99374079,
         -0.93546292, -0.55561488],
        [-0.00178783,  0.        , -0.0621636 , ..., -0.99353948,
         -0.93482956, -0.55412752],
        [ 0.06037912,  0.0621636 ,  0.        , ..., -0.99867271,
         -0.95509567, -0.60480278],
        ...,
        [ 0.99374079,  0.99353948,  0.99867271, ...,  0.        ,
         -0.24671165, -0.7641676 ],
        [ 0.93546292,  0.93482956,  0.95509567, ...,  0.24671165,
          0.        , -0.58141297],
        [ 0.55561488,  0.55412752,  0.60480278, ...,  0.7641676 ,
          0.58141297,  0.        ]]]), 'num': array([ 6.83464544e-01,  6.83464544e-01,  0.00000000e+00,  0.00000000e+00,
        1.27890714e-03,  1.33068476e-03,  1.25819609e-03,  2.56393646e-01,
       -5.17776170e-05,  1.33586252e-03,  1.40369120e-03,  1.41680819e-03,
        1.84920061e-06,  1.54138072e-03,  1.26600167e-03])}
{'img': array([[[ 0.        ,  0.32289588,  0.32289588, ..., -0.7465857 ,
         -0.84059942, -0.91249363],
        [-0.32289588,  0.        ,  0.        , ..., -0.92141362,
         -0.97047119, -0.73152168],
        [-0.32289588,  0.        ,  0.        , ..., -0.92141362,
         -0.97047119, -0.73152168],
        ...,
        [ 0.7465857 ,  0.92141362,  0.92141362, ...,  0.        ,
         -0.15484818, -0.91249363],
        [ 0.84059942,  0.97047119,  0.97047119, ...,  0.15484818,
          0.        , -0.83814041],
        [ 0.91249363,  0.73152168,  0.73152168, ...,  0.91249363,
