state_0,state_1,state_2,state_3,state_4,state_5,state_6,state_7,state_8,state_9,state_10,state_11,state_12,state_13,state_14,state_15,state_16,state_17,state_18,state_19,state_20,state_21,state_22,state_23,state_24,state_25,state_26,state_27,state_28,state_29,state_30,state_31,state_32,state_33,state_34,state_35,state_36,state_37,state_38,state_39,state_40,state_41,state_42,state_43,state_44,state_45,state_46,state_47,state_48,state_49,state_50,state_51,state_52,state_53,state_54,state_55,state_56,state_57,state_58,state_59,state_60,state_61,state_62,state_63,state_64,state_65,state_66,state_67,state_68,state_69,state_70,state_71,state_72,state_73,state_74,state_75,state_76,state_77,state_78,state_79,state_80,state_81,state_82,state_83,state_84,state_85,state_86,state_87,state_88,state_89,state_90,state_91,state_92,state_93,state_94,state_95,state_96,state_97,state_98,state_99,state_100,state_101,state_102,state_103,state_104,state_105,state_106,state_107,state_108,state_109,state_110,state_111,state_112,state_113,state_114,state_115,state_116,state_117,state_118,state_119,state_120,state_121,state_122,state_123,state_124,state_125,state_126,state_127,state_128,state_129,state_130,state_131,state_132,state_133,state_134,state_135,state_136,state_137,state_138,state_139,state_140,state_141,state_142,state_143,state_144,state_145,state_146,state_147,state_148,state_149,state_150,state_151,state_152,state_153,state_154,state_155,state_156,state_157,state_158,state_159,state_160,state_161,state_162,state_163,state_164,state_165,state_166,state_167,state_168,state_169,state_170,state_171,state_172,state_173,state_174,state_175,state_176,state_177,state_178,state_179,state_180,state_181,state_182,state_183,state_184,state_185,state_186,state_187,state_188,state_189,state_190,state_191,state_192,state_193,state_194,state_195,state_196,state_197,state_198,state_199,state_200,state_201,state_202,state_203,state_204,state_205,state_206,state_207,state_208,state_209,state_210,state_211,state_212,state_213,state_214,state_215,state_216,state_217,state_218,state_219,state_220,state_221,state_222,state_223,state_224,state_225,state_226,state_227,state_228,state_229,state_230,state_231,state_232,state_233,state_234,state_235,state_236,state_237,state_238,state_239,state_240,state_241,state_242,state_243,state_244,state_245,state_246,state_247,state_248,state_249,state_250,state_251,state_252,state_253,state_254,state_255,state_256,state_257,state_258,state_259,state_260,state_261,state_262,state_263,state_264,state_265,state_266,state_267,state_268,state_269,state_270,state_271,state_272,state_273,state_274,state_275,state_276,state_277,state_278,state_279,state_280,state_281,state_282,state_283,state_284,state_285,state_286,state_287
{'img': array([[[ 0.00000000e+00, -8.53328035e-02, -4.33446168e-01, ...,
         -6.41957576e-01, -5.12818608e-01, -7.98188080e-01],
        [ 8.53328035e-02,  0.00000000e+00, -3.54965005e-01, ...,
         -5.74187952e-01, -4.37690150e-01, -7.43871501e-01],
        [ 4.33446168e-01,  3.54965005e-01,  0.00000000e+00, ...,
         -2.46178399e-01, -9.00293673e-02, -4.58199123e-01],
        ...,
        [ 6.41957576e-01,  5.74187952e-01,  2.46178399e-01, ...,
          0.00000000e+00,  1.57920024e-01, -2.25282267e-01],
        [ 5.12818608e-01,  4.37690150e-01,  9.00293673e-02, ...,
         -1.57920024e-01,  0.00000000e+00, -3.76315863e-01],
        [ 7.98188080e-01,  7.43871501e-01,  4.58199123e-01, ...,
          2.25282267e-01,  3.76315863e-01,  0.00000000e+00]],

       [[ 0.00000000e+00, -9.91228617e-01, -8.78673427e-01, ...,
         -8.78846842e-01, -9.81069756e-01, -4.99741763e-01],
        [ 9.91228617e-01,  0.00000000e+00,  5.89359667e-01, ...,
          5.89066085e-01, -6.22994987e-02,  9.24621943e-01],
        [ 8.78673427e-01, -5.89359667e-01,  0.00000000e+00, ...,
         -3.63352909e-04, -6.38544779e-01,  5.22496106e-01],
        ...,
        [ 8.78846842e-01, -5.89066085e-01,  3.63352909e-04, ...,
          0.00000000e+00, -6.38265106e-01,  5.22805881e-01],
        [ 9.81069756e-01,  6.22994987e-02,  6.38544779e-01, ...,
          6.38265106e-01,  0.00000000e+00,  9.46554881e-01],
        [ 4.99741763e-01, -9.24621943e-01, -5.22496106e-01, ...,
         -5.22805881e-01, -9.46554881e-01,  0.00000000e+00]],

       [[ 0.00000000e+00,  1.52575208e-01,  2.78005903e-01, ...,
         -5.52083101e-01, -3.18361879e-01, -3.02815448e-01],
        [-1.52575208e-01,  0.00000000e+00,  1.28190375e-01, ...,
         -6.72834780e-01, -4.59271062e-01, -4.44681725e-01],
        [-2.78005903e-01, -1.28190375e-01,  0.00000000e+00, ...,
         -7.62117924e-01, -5.69352901e-01, -5.55831578e-01],
        ...,
        [ 5.52083101e-01,  6.72834780e-01,  7.62117924e-01, ...,
          0.00000000e+00,  2.57911145e-01,  2.73678148e-01],
        [ 3.18361879e-01,  4.59271062e-01,  5.69352901e-01, ...,
         -2.57911145e-01,  0.00000000e+00,  1.63548036e-02],
        [ 3.02815448e-01,  4.44681725e-01,  5.55831578e-01, ...,
         -2.73678148e-01, -1.63548036e-02,  0.00000000e+00]],

       ...,

       [[ 0.00000000e+00, -1.14866597e-01,  2.01181049e-02, ...,
          2.21966231e-01,  1.50217571e-01, -4.82853556e-04],
        [ 1.14866597e-01,  0.00000000e+00,  1.34828291e-01, ...,
          3.32498196e-01,  2.62786471e-01,  1.14386926e-01],
        [-2.01181049e-02, -1.34828291e-01,  0.00000000e+00, ...,
          2.02305062e-01,  1.30297344e-01, -2.06008584e-02],
        ...,
        [-2.21966231e-01, -3.32498196e-01, -2.02305062e-01, ...,
          0.00000000e+00, -7.29772760e-02, -2.22437014e-01],
        [-1.50217571e-01, -2.62786471e-01, -1.30297344e-01, ...,
          7.29772760e-02,  0.00000000e+00, -1.50694928e-01],
        [ 4.82853556e-04, -1.14386926e-01,  2.06008584e-02, ...,
          2.22437014e-01,  1.50694928e-01,  0.00000000e+00]],

       [[ 0.00000000e+00, -8.63008825e-02, -1.98117568e-01, ...,
         -8.97865865e-01, -9.34486715e-01, -7.89424330e-01],
        [ 8.63008825e-02,  0.00000000e+00, -1.12788166e-01, ...,
         -9.32511647e-01, -9.61723198e-01, -8.39454696e-01],
        [ 1.98117568e-01,  1.12788166e-01,  0.00000000e+00, ...,
         -9.67293650e-01, -9.86493025e-01, -8.95390620e-01],
        ...,
        [ 8.97865865e-01,  9.32511647e-01,  9.67293650e-01, ...,
          0.00000000e+00,  9.17871748e-02, -2.03593917e-01],
        [ 9.34486715e-01,  9.61723198e-01,  9.86493025e-01, ...,
         -9.17871748e-02,  0.00000000e+00, -2.92599207e-01],
        [ 7.89424330e-01,  8.39454696e-01,  8.95390620e-01, ...,
          2.03593917e-01,  2.92599207e-01,  0.00000000e+00]],

       [[ 0.00000000e+00, -4.38013069e-04, -5.76888907e-02, ...,
         -5.08336989e-01, -4.84342606e-01, -5.30683382e-01],
        [ 4.38013069e-04,  0.00000000e+00, -5.72516016e-02, ...,
         -5.07959742e-01, -4.83959352e-01, -5.30312084e-01],
        [ 5.76888907e-02,  5.72516016e-02,  0.00000000e+00, ...,
         -4.57811146e-01, -4.33065222e-01, -4.80904205e-01],
        ...,
        [ 5.08336989e-01,  5.07959742e-01,  4.57811146e-01, ...,
          0.00000000e+00,  2.76374350e-02, -2.61511093e-02],
        [ 4.84342606e-01,  4.83959352e-01,  4.33065222e-01, ...,
         -2.76374350e-02,  0.00000000e+00, -5.37691029e-02],
        [ 5.30683382e-01,  5.30312084e-01,  4.80904205e-01, ...,
          2.61511093e-02,  5.37691029e-02,  0.00000000e+00]]]), 'num': array([ 7.07106038e-01,  7.07106038e-01,  0.00000000e+00,  0.00000000e+00,
        2.47143858e-04,  2.53028235e-04,  2.44201669e-04,  1.25395105e-03,
       -5.88437757e-06,  2.56460789e-04,  2.58593876e-04,  2.79859363e-04,
        4.06428481e-07,  2.84649325e-04,  2.32538426e-04])}
{'img': array([[[ 0.        , -0.35496501, -0.42852696, ..., -0.43769015,
         -0.7438715 , -0.84815549],
        [ 0.35496501,  0.        , -0.07989993, ..., -0.09002937,
         -0.45819912, -0.60488148],
        [ 0.42852696,  0.07989993,  0.        , ..., -0.01016607,
         -0.38571519, -0.53932205],
        ...,
        [ 0.43769015,  0.09002937,  0.01016607, ...,  0.        ,
         -0.37631586, -0.53073334],
        [ 0.7438715 ,  0.45819912,  0.38571519, ...,  0.37631586,
          0.        , -0.17277757],
        [ 0.84815549,  0.60488148,  0.53932205, ...,  0.53073334,
          0.17277757,  0.        ]],

       [[ 0.        ,  0.58935967,  0.13044044, ..., -0.0622995 ,
          0.92462194,  0.11032233],
        [-0.58935967,  0.        , -0.47894524, ..., -0.63854478,
          0.52249611, -0.49663595],
        [-0.13044044,  0.47894524,  0.        , ..., -0.19195428,
          0.86703915, -0.02026447],
        ...,
        [ 0.0622995 ,  0.63854478,  0.19195428, ...,  0.        ,
          0.94655488,  0.17202724],
        [-0.92462194, -0.52249611, -0.86703915, ..., -0.94655488,
          0.        , -0.87695768],
        [-0.11032233,  0.49663595,  0.02026447, ..., -0.17202724,
          0.87695768,  0.        ]],

       [[ 0.        ,  0.12819037,  0.22069889, ..., -0.45927106,
         -0.44468173, -0.41595078],
        [-0.12819037,  0.        ,  0.09384857, ..., -0.5693529 ,
         -0.55583158, -0.52909368],
        [-0.22069889, -0.09384857,  0.        , ..., -0.64399233,
         -0.63139425, -0.60639499],
        ...,
        [ 0.45927106,  0.5693529 ,  0.64399233, ...,  0.        ,
          0.0163548 ,  0.04816771],
        [ 0.44468173,  0.55583158,  0.63139425, ..., -0.0163548 ,
          0.        ,  0.03182545],
        [ 0.41595078,  0.52909368,  0.60639499, ..., -0.04816771,
         -0.03182545,  0.        ]],

       ...,

       [[ 0.        ,  0.13482829,  0.1734596 , ...,  0.26278647,
          0.11438693,  0.11438693],
        [-0.13482829,  0.        ,  0.03909131, ...,  0.13029734,
         -0.02060086, -0.02060086],
        [-0.1734596 , -0.03909131,  0.        , ...,  0.0914397 ,
         -0.05966812, -0.05966812],
        ...,
        [-0.26278647, -0.13029734, -0.0914397 , ...,  0.        ,
         -0.15069493, -0.15069493],
        [-0.11438693,  0.02060086,  0.05966812, ...,  0.15069493,
          0.        ,  0.        ],
        [-0.11438693,  0.02060086,  0.05966812, ...,  0.15069493,
          0.        ,  0.        ]],

       [[ 0.        , -0.10986318, -0.18826188, ..., -0.99489029,
         -0.98032392, -0.82768296],
        [ 0.10986318,  0.        , -0.07922357, ..., -0.99995994,
         -0.99607625, -0.88432754],
        [ 0.18826188,  0.07922357,  0.        , ..., -0.9961078 ,
         -0.99995668, -0.91853486],
        ...,
        [ 0.99489029,  0.99995994,  0.9961078 , ...,  0.        ,
         -0.09741153, -0.47476395],
        [ 0.98032392,  0.99607625,  0.99995668, ...,  0.09741153,
          0.        , -0.3867729 ],
        [ 0.82768296,  0.88432754,  0.91853486, ...,  0.47476395,
          0.3867729 ,  0.        ]],

       [[ 0.        , -0.0572516 , -0.14326594, ..., -0.48395935,
         -0.53031208, -0.57253665],
        [ 0.0572516 ,  0.        , -0.08636995, ..., -0.43306522,
         -0.48090421, -0.52465817],
        [ 0.14326594,  0.08636995,  0.        , ..., -0.35359627,
         -0.40338028, -0.44916974],
        ...,
        [ 0.48395935,  0.43306522,  0.35359627, ...,  0.        ,
         -0.0537691 , -0.1042332 ],
        [ 0.53031208,  0.48090421,  0.40338028, ...,  0.0537691 ,
          0.        , -0.0506062 ],
        [ 0.57253665,  0.52465817,  0.44916974, ...,  0.1042332 ,
          0.0506062 ,  0.        ]]]), 'num': array([7.07103284e-01, 7.07103284e-01, 0.00000000e+00, 0.00000000e+00,
       2.61853782e-04, 2.64305596e-04, 2.49104347e-04, 3.05717723e-03,
       1.47108866e-05, 2.58813532e-04, 2.57538589e-04, 2.79343392e-04,
       4.58207944e-07, 2.81160850e-04, 2.33916327e-04])}
{'img': array([[[ 0.        , -0.07989993, -0.21427389, ..., -0.45819912,
         -0.60488148, -0.25689549],
        [ 0.07989993,  0.        , -0.13554469, ..., -0.38571519,
         -0.53932205, -0.17885575],
        [ 0.21427389,  0.13554469,  0.        , ..., -0.25709955,
         -0.42020264, -0.04384605],
        ...,
        [ 0.45819912,  0.38571519,  0.25709955, ...,  0.        ,
         -0.17277757,  0.21448014],
        [ 0.60488148,  0.53932205,  0.42020264, ...,  0.17277757,
          0.        ,  0.3800113 ],
        [ 0.25689549,  0.17885575,  0.04384605, ..., -0.21448014,
         -0.3800113 ,  0.        ]],

       [[ 0.        , -0.47894524, -0.06097654, ...,  0.52249611,
         -0.49663595,  0.18419469],
        [ 0.47894524,  0.        ,  0.42452609, ...,  0.86703915,
         -0.02026447,  0.63244473],
        [ 0.06097654, -0.42452609,  0.        , ...,  0.57351498,
         -0.44278668,  0.24378515],
        ...,
        [-0.52249611, -0.86703915, -0.57351498, ...,  0.        ,
         -0.87695768, -0.35650402],
        [ 0.49663595,  0.02026447,  0.44278668, ...,  0.87695768,
          0.        ,  0.64801182],
        [-0.18419469, -0.63244473, -0.24378515, ...,  0.35650402,
         -0.64801182,  0.        ]],

       [[ 0.        ,  0.09384857,  0.033005  , ..., -0.55583158,
         -0.52909368, -0.46637888],
        [-0.09384857,  0.        , -0.06093811, ..., -0.63139425,
         -0.60639499, -0.54733755],
        [-0.033005  ,  0.06093811,  0.        , ..., -0.58296564,
         -0.55681226, -0.49532052],
        ...,
        [ 0.55583158,  0.63139425,  0.58296564, ...,  0.        ,
          0.03182545,  0.10398192],
        [ 0.52909368,  0.60639499,  0.55681226, ..., -0.03182545,
          0.        ,  0.07227632],
        [ 0.46637888,  0.54733755,  0.49532052, ..., -0.10398192,
         -0.07227632,  0.        ]],

       ...,

       [[ 0.        ,  0.03909131,  0.09930654, ..., -0.02060086,
         -0.02060086,  0.14553754],
        [-0.03909131,  0.        ,  0.06033256, ..., -0.05966812,
         -0.05966812,  0.10675121],
        [-0.09930654, -0.06033256,  0.        , ..., -0.11978449,
         -0.11978449,  0.04656894],
        ...,
        [ 0.02060086,  0.05966812,  0.11978449, ...,  0.        ,
          0.        ,  0.16588817],
        [ 0.02060086,  0.05966812,  0.11978449, ...,  0.        ,
          0.        ,  0.16588817],
        [-0.14553754, -0.10675121, -0.04656894, ..., -0.16588817,
         -0.16588817,  0.        ]],

       [[ 0.        , -0.07673031, -0.22636381, ..., -0.99762217,
         -0.9964183 , -0.87117533],
        [ 0.07673031,  0.        , -0.15095786, ..., -0.9893928 ,
         -0.99996914, -0.90627944],
        [ 0.22636381,  0.15095786,  0.        , ..., -0.95612568,
         -0.98969566, -0.95970038],
        ...,
        [ 0.99762217,  0.9893928 ,  0.95612568, ...,  0.        ,
         -0.15303335, -0.54984619],
        [ 0.9964183 ,  0.99996914,  0.98969566, ...,  0.15303335,
          0.        , -0.41554603],
        [ 0.87117533,  0.90627944,  0.95970038, ...,  0.54984619,
          0.41554603,  0.        ]],

       [[ 0.        , -0.08636995, -0.12873898, ..., -0.48090421,
         -0.52465817, -0.41415739],
        [ 0.08636995,  0.        , -0.04260667, ..., -0.40338028,
         -0.44916974, -0.33399535],
        [ 0.12873898,  0.04260667,  0.        , ..., -0.36402749,
         -0.41069508, -0.29353209],
        ...,
        [ 0.48090421,  0.40338028,  0.36402749, ...,  0.        ,
         -0.0506062 ,  0.07459947],
        [ 0.52465817,  0.44916974,  0.41069508, ...,  0.0506062 ,
          0.        ,  0.12496908],
        [ 0.41415739,  0.33399535,  0.29353209, ..., -0.07459947,
         -0.12496908,  0.        ]]]), 'num': array([ 7.07103751e-01,  7.07103751e-01,  0.00000000e+00,  0.00000000e+00,
        2.49104511e-04,  2.59402139e-04,  2.45181606e-04,  2.83545662e-03,
       -1.27494435e-05,  2.56165742e-04,  2.56263814e-04,  2.78926767e-04,
        4.25105750e-07,  2.78791508e-04,  2.33736121e-04])}
{'img': array([[[ 0.00000000e+00, -1.35544693e-01, -3.97916940e-01, ...,
         -5.39322050e-01, -1.78855747e-01, -4.86171225e-01],
        [ 1.35544693e-01,  0.00000000e+00, -2.69893049e-01, ...,
         -4.20202642e-01, -4.38460530e-02, -3.63236895e-01],
        [ 3.97916940e-01,  2.69893049e-01,  0.00000000e+00, ...,
         -1.59699921e-01,  2.27414553e-01, -9.82987906e-02],
        ...,
        [ 5.39322050e-01,  4.20202642e-01,  1.59699921e-01, ...,
          0.00000000e+00,  3.80011296e-01,  6.18893008e-02],
        [ 1.78855747e-01,  4.38460530e-02, -2.27414553e-01, ...,
         -3.80011296e-01,  0.00000000e+00, -3.22036342e-01],
        [ 4.86171225e-01,  3.63236895e-01,  9.82987906e-02, ...,
         -6.18893008e-02,  3.22036342e-01,  0.00000000e+00]],

       [[ 0.00000000e+00,  4.24526087e-01,  6.06650201e-01, ...,
         -2.02644652e-02,  6.32444728e-01,  5.70632974e-01],
        [-4.24526087e-01,  0.00000000e+00,  2.11785589e-01, ...,
         -4.42786678e-01,  2.43785152e-01,  1.68037019e-01],
        [-6.06650201e-01, -2.11785589e-01,  0.00000000e+00, ...,
         -6.22635248e-01,  3.28593058e-02, -4.45488495e-02],
        ...,
        [ 2.02644652e-02,  4.42786678e-01,  6.22635248e-01, ...,
          0.00000000e+00,  6.48011824e-01,  5.87157081e-01],
        [-6.32444728e-01, -2.43785152e-01, -3.28593058e-02, ...,
         -6.48011824e-01,  0.00000000e+00, -7.73514759e-02],
        [-5.70632974e-01, -1.68037019e-01,  4.45488495e-02, ...,
         -5.87157081e-01,  7.73514759e-02,  0.00000000e+00]],

       [[ 0.00000000e+00, -6.09381125e-02, -2.63658372e-01, ...,
         -6.06394987e-01, -5.47337554e-01, -6.13868372e-01],
        [ 6.09381125e-02,  0.00000000e+00, -2.04386490e-01, ...,
         -5.56812262e-01, -4.95320519e-01, -5.64622468e-01],
        [ 2.63658372e-01,  2.04386490e-01,  0.00000000e+00, ...,
         -3.75286845e-01, -3.07311788e-01, -3.84013194e-01],
        ...,
        [ 6.06394987e-01,  5.56812262e-01,  3.75286845e-01, ...,
          0.00000000e+00,  7.22763175e-02, -9.43247613e-03],
        [ 5.47337554e-01,  4.95320519e-01,  3.07311788e-01, ...,
         -7.22763175e-02,  0.00000000e+00, -8.16809090e-02],
        [ 6.13868372e-01,  5.64622468e-01,  3.84013194e-01, ...,
          9.43247613e-03,  8.16809090e-02,  0.00000000e+00]],

       ...,

       [[ 0.00000000e+00,  6.03325572e-02, -5.50260156e-02, ...,
         -5.96681213e-02,  1.06751209e-01,  7.43772578e-04],
        [-6.03325572e-02,  0.00000000e+00, -1.15166925e-01, ...,
         -1.19784487e-01,  4.65689414e-02, -5.95901228e-02],
        [ 5.50260156e-02,  1.15166925e-01,  0.00000000e+00, ...,
         -4.64974518e-03,  1.61301057e-01,  5.57686461e-02],
        ...,
        [ 5.96681213e-02,  1.19784487e-01,  4.64974518e-03, ...,
          0.00000000e+00,  1.65888171e-01,  6.04105521e-02],
        [-1.06751209e-01, -4.65689414e-02, -1.61301057e-01, ...,
         -1.65888171e-01,  0.00000000e+00, -1.06011657e-01],
        [-7.43772578e-04,  5.95901228e-02, -5.57686461e-02, ...,
         -6.04105521e-02,  1.06011657e-01,  0.00000000e+00]],

       [[ 0.00000000e+00, -1.47663363e-01, -2.66161932e-01, ...,
         -9.95559383e-01, -9.94125212e-01, -8.98053455e-01],
        [ 1.47663363e-01,  0.00000000e+00, -1.20907280e-01, ...,
         -9.70745360e-01, -9.99209806e-01, -9.53163802e-01],
        [ 2.66161932e-01,  1.20907280e-01,  0.00000000e+00, ...,
         -9.34592577e-01, -9.87073796e-01, -9.82740166e-01],
        ...,
        [ 9.95559383e-01,  9.70745360e-01,  9.34592577e-01, ...,
          0.00000000e+00, -2.01338095e-01, -5.22471788e-01],
        [ 9.94125212e-01,  9.99209806e-01,  9.87073796e-01, ...,
          2.01338095e-01,  0.00000000e+00, -3.40100260e-01],
        [ 8.98053455e-01,  9.53163802e-01,  9.82740166e-01, ...,
          5.22471788e-01,  3.40100260e-01,  0.00000000e+00]],

       [[ 0.00000000e+00, -4.26066722e-02, -1.74508194e-01, ...,
         -4.49169737e-01, -3.33995353e-01, -3.47962924e-01],
        [ 4.26066722e-02,  0.00000000e+00, -1.32396823e-01, ...,
         -4.10695077e-01, -2.93532087e-01, -3.07702838e-01],
        [ 1.74508194e-01,  1.32396823e-01,  0.00000000e+00, ...,
         -2.86363827e-01, -1.64383423e-01, -1.79020805e-01],
        ...,
        [ 4.49169737e-01,  4.10695077e-01,  2.86363827e-01, ...,
          0.00000000e+00,  1.24969079e-01,  1.10214118e-01],
        [ 3.33995353e-01,  2.93532087e-01,  1.64383423e-01, ...,
         -1.24969079e-01,  0.00000000e+00, -1.48576416e-02],
        [ 3.47962924e-01,  3.07702838e-01,  1.79020805e-01, ...,
         -1.10214118e-01,  1.48576416e-02,  0.00000000e+00]]]), 'num': array([ 7.07085169e-01,  7.07085169e-01,  0.00000000e+00,  0.00000000e+00,
        2.11831341e-04,  2.22128697e-04,  2.01043633e-04,  7.78839113e-03,
       -3.72666247e-05,  2.44586742e-04,  2.53584671e-04,  2.77946909e-04,
        3.66556965e-07,  2.82865237e-04,  2.24304104e-04])}
{'img': array([[[ 0.        , -0.18104408, -0.21325413, ..., -0.03100513,
         -0.23756569, -0.98040958],
        [ 0.18104408,  0.        , -0.03285062, ...,  0.15046427,
         -0.05777886, -0.92854809],
        [ 0.21325413,  0.03285062,  0.        , ...,  0.18285969,
         -0.02495193, -0.91585238],
        ...,
        [ 0.03100513, -0.15046427, -0.18285969, ...,  0.        ,
         -0.20733398, -0.97383115],
        [ 0.23756569,  0.05777886,  0.02495193, ...,  0.20733398,
          0.        , -0.90554865],
        [ 0.98040958,  0.92854809,  0.91585238, ...,  0.97383115,
          0.90554865,  0.        ]],

       [[ 0.        ,  0.17629013, -0.03744022, ...,  0.20265107,
          0.14014371,  0.88092541],
        [-0.17629013,  0.        , -0.21302036, ...,  0.02684491,
         -0.03660154,  0.95055879],
        [ 0.03744022,  0.21302036,  0.        , ...,  0.23917235,
          0.17711617,  0.862589  ],
        ...,
        [-0.20265107, -0.02684491, -0.23917235, ...,  0.        ,
         -0.06341527,  0.95855276],
        [-0.14014371,  0.03660154, -0.17711617, ...,  0.06341527,
          0.        ,  0.93855544],
        [-0.88092541, -0.95055879, -0.862589  , ..., -0.95855276,
         -0.93855544,  0.        ]],

       [[ 0.        , -0.20438649, -0.40830276, ..., -0.49532052,
         -0.56462247, -0.93030435],
        [ 0.20438649,  0.        , -0.21311009, ..., -0.30731179,
         -0.38401319, -0.83569926],
        [ 0.40830276,  0.21311009,  0.        , ..., -0.09745483,
         -0.17842129, -0.69946438],
        ...,
        [ 0.49532052,  0.30731179,  0.09745483, ...,  0.        ,
         -0.08168091, -0.6264871 ],
        [ 0.56462247,  0.38401319,  0.17842129, ...,  0.08168091,
          0.        , -0.56072901],
        [ 0.93030435,  0.83569926,  0.69946438, ...,  0.6264871 ,
          0.56072901,  0.        ]],

       ...,

       [[ 0.        , -0.11516693, -0.30527751, ...,  0.04656894,
         -0.05959012, -0.24898003],
        [ 0.11516693,  0.        , -0.19357698, ...,  0.16130106,
          0.05576865, -0.1357832 ],
        [ 0.30527751,  0.19357698,  0.        , ...,  0.3492922 ,
          0.24798951,  0.05856931],
        ...,
        [-0.04656894, -0.16130106, -0.3492922 , ...,  0.        ,
         -0.10601166, -0.29381233],
        [ 0.05959012, -0.05576865, -0.24798951, ...,  0.10601166,
          0.        , -0.19082403],
        [ 0.24898003,  0.1357832 , -0.05856931, ...,  0.29381233,
          0.19082403,  0.        ]],

       [[ 0.        , -0.12090728, -0.30022886, ..., -0.99920981,
         -0.9531638 , -0.98879361],
        [ 0.12090728,  0.        , -0.18269683, ..., -0.9870738 ,
         -0.98274017, -0.96348951],
        [ 0.30022886,  0.18269683,  0.        , ..., -0.94118049,
         -0.99999728, -0.89835694],
        ...,
        [ 0.99920981,  0.9870738 ,  0.94118049, ...,  0.        ,
         -0.34010026,  0.10987014],
        [ 0.9531638 ,  0.98274017,  0.99999728, ...,  0.34010026,
          0.        ,  0.44136197],
        [ 0.98879361,  0.96348951,  0.89835694, ..., -0.10987014,
         -0.44136197,  0.        ]],

       [[ 0.        , -0.09613712, -0.11371912, ..., -0.20244843,
         -0.21111514, -0.88322687],
        [ 0.09613712,  0.        , -0.01767891, ..., -0.1073643 ,
         -0.11616696, -0.83405274],
        [ 0.11371912,  0.01767891,  0.        , ..., -0.0897708 ,
         -0.09858959, -0.8241692 ],
        ...,
        [ 0.20244843,  0.1073643 ,  0.0897708 , ...,  0.        ,
         -0.00885808, -0.77000046],
        [ 0.21111514,  0.11616696,  0.09858959, ...,  0.00885808,
          0.        , -0.76431841],
        [ 0.88322687,  0.83405274,  0.8241692 , ...,  0.77000046,
          0.76431841,  0.        ]]]), 'num': array([ 7.07102525e-01,  7.07102525e-01,  0.00000000e+00,  0.00000000e+00,
        2.05461829e-04,  2.15759439e-04,  2.01538931e-04,  3.40386995e-03,
       -6.37471070e-06,  2.35079716e-04,  2.50011250e-04,  2.76981180e-04,
        3.59493950e-07,  2.84059881e-04,  2.15962619e-04])}
{'img': array([[[ 0.        , -0.0304948 ,  0.04518794, ..., -0.05356639,
         -0.73262401, -0.95175492],
        [ 0.0304948 ,  0.        ,  0.07563058, ..., -0.02309046,
         -0.7115275 , -0.94195467],
        [-0.04518794, -0.07563058,  0.        , ..., -0.09863474,
         -0.76263207, -0.96464904],
        ...,
        [ 0.05356639,  0.02309046,  0.09863474, ...,  0.        ,
         -0.69511309, -0.93395114],
        [ 0.73262401,  0.7115275 ,  0.76263207, ...,  0.69511309,
          0.        , -0.42298393],
        [ 0.95175492,  0.94195467,  0.96464904, ...,  0.93395114,
          0.42298393,  0.        ]],

       [[ 0.        , -0.21302036, -0.52406755, ..., -0.03660154,
          0.95055879,  0.12351105],
        [ 0.21302036,  0.        , -0.33061455, ...,  0.17711617,
          0.862589  ,  0.3320655 ],
        [ 0.52406755,  0.33061455,  0.        , ...,  0.49254372,
          0.64682239,  0.62524635],
        ...,
        [ 0.03660154, -0.17711617, -0.49254372, ...,  0.        ,
          0.93855544,  0.15974958],
        [-0.95055879, -0.862589  , -0.64682239, ..., -0.93855544,
          0.        , -0.98163624],
        [-0.12351105, -0.3320655 , -0.62524635, ..., -0.15974958,
          0.98163624,  0.        ]],

       [[ 0.        , -0.17993642, -0.26304273, ..., -0.31688242,
         -0.6034078 , -0.95566361],
        [ 0.17993642,  0.        , -0.08514959, ..., -0.14104698,
         -0.45007193, -0.8870813 ],
        [ 0.26304273,  0.08514959,  0.        , ..., -0.05623638,
         -0.37239942, -0.8445534 ],
        ...,
        [ 0.31688242,  0.14104698,  0.05623638, ...,  0.        ,
         -0.31961865, -0.81310392],
        [ 0.6034078 ,  0.45007193,  0.37239942, ...,  0.31961865,
          0.        , -0.58439763],
        [ 0.95566361,  0.8870813 ,  0.8445534 , ...,  0.81310392,
          0.58439763,  0.        ]],

       ...,

       [[ 0.        , -0.19357698, -0.1195903 , ...,  0.05576865,
         -0.1357832 , -0.15937818],
        [ 0.19357698,  0.        ,  0.07485949, ...,  0.24798951,
          0.05856931,  0.03473905],
        [ 0.1195903 , -0.07485949,  0.        , ...,  0.17477259,
         -0.01632601, -0.04017273],
        ...,
        [-0.05576865, -0.24798951, -0.17477259, ...,  0.        ,
         -0.19082403, -0.21418594],
        [ 0.1357832 , -0.05856931,  0.01632601, ...,  0.19082403,
          0.        , -0.02385455],
        [ 0.15937818, -0.03473905,  0.04017273, ...,  0.21418594,
          0.02385455,  0.        ]],

       [[ 0.        , -0.18269683, -0.47791226, ..., -0.98274017,
         -0.96348951, -0.9445155 ],
        [ 0.18269683,  0.        , -0.30938638, ..., -0.99999728,
         -0.89835694, -0.86860879],
        [ 0.47791226,  0.30938638,  0.        , ..., -0.951656  ,
         -0.71837735, -0.67269124],
        ...,
        [ 0.98274017,  0.99999728,  0.951656  , ...,  0.        ,
          0.44136197,  0.49752468],
        [ 0.96348951,  0.89835694,  0.71837735, ..., -0.44136197,
          0.        ,  0.06358404],
        [ 0.9445155 ,  0.86860879,  0.67269124, ..., -0.49752468,
         -0.06358404,  0.        ]],

       [[ 0.        , -0.01350688,  0.13581765, ..., -0.0869977 ,
         -0.45104354, -0.9401224 ],
        [ 0.01350688,  0.        ,  0.14918698, ..., -0.0735341 ,
         -0.43894748, -0.935433  ],
        [-0.13581765, -0.14918698,  0.        , ..., -0.22149427,
         -0.56808162, -0.97770277],
        ...,
        [ 0.0869977 ,  0.0735341 ,  0.22149427, ...,  0.        ,
         -0.37168779, -0.9069059 ],
        [ 0.45104354,  0.43894748,  0.56808162, ...,  0.37168779,
          0.        , -0.68532874],
        [ 0.9401224 ,  0.935433  ,  0.97770277, ...,  0.9069059 ,
          0.68532874,  0.        ]]]), 'num': array([ 7.58182193e-01,  6.52039315e-01,  5.22871319e-06, -2.15656308e-11,
        2.14430056e-04,  2.21824196e-04,  2.13373750e-04,  1.99765364e-03,
       -6.86598701e-06,  2.42844679e-04,  2.65370398e-04,  2.97367658e-04,
        3.69543478e-07,  3.07521462e-04,  2.23219334e-04])}
{'img': array([[[ 0.        ,  0.0710248 ,  0.04278693, ..., -0.63122415,
         -0.76085525, -0.96119723],
        [-0.0710248 ,  0.        , -0.02828088, ..., -0.6847169 ,
         -0.80502328, -0.97836282],
        [-0.04278693,  0.02828088,  0.        , ..., -0.66383165,
         -0.78792384, -0.97212028],
        ...,
        [ 0.63122415,  0.6847169 ,  0.66383165, ...,  0.        ,
         -0.18050468, -0.57137421],
        [ 0.76085525,  0.80502328,  0.78792384, ...,  0.18050468,
          0.        , -0.41385057],
        [ 0.96119723,  0.97836282,  0.97212028, ...,  0.57137421,
          0.41385057,  0.        ]],

       [[ 0.        , -0.33061455, -0.44705521, ...,  0.862589  ,
          0.3320655 , -0.12713817],
        [ 0.33061455,  0.        , -0.12617864, ...,  0.64682239,
          0.62524635,  0.20794295],
        [ 0.44705521,  0.12617864,  0.        , ...,  0.54542372,
          0.71872237,  0.32970146],
        ...,
        [-0.862589  , -0.64682239, -0.54542372, ...,  0.        ,
         -0.98163624, -0.79126922],
        [-0.3320655 , -0.62524635, -0.71872237, ...,  0.98163624,
          0.        , -0.44929469],
        [ 0.12713817, -0.20794295, -0.32970146, ...,  0.79126922,
          0.44929469,  0.        ]],

       [[ 0.        , -0.07249206, -0.13903128, ..., -0.36319978,
         -0.58998175, -0.94238992],
        [ 0.07249206,  0.        , -0.06687747, ..., -0.29470253,
         -0.52989821, -0.9156607 ],
        [ 0.13903128,  0.06687747,  0.        , ..., -0.23013537,
         -0.47199568, -0.88672918],
        ...,
        [ 0.36319978,  0.29470253,  0.23013537, ...,  0.        ,
         -0.25643913, -0.75653904],
        [ 0.58998175,  0.52989821,  0.47199568, ...,  0.25643913,
          0.        , -0.56354267],
        [ 0.94238992,  0.9156607 ,  0.88672918, ...,  0.75653904,
          0.56354267,  0.        ]],

       ...,

       [[ 0.        ,  0.07485949,  0.18471629, ...,  0.05856931,
          0.03473905, -0.0213474 ],
        [-0.07485949,  0.        ,  0.1106267 , ..., -0.01632601,
         -0.04017273, -0.09612993],
        [-0.18471629, -0.1106267 ,  0.        , ..., -0.12683775,
         -0.15046355, -0.20565425],
        ...,
        [-0.05856931,  0.01632601,  0.12683775, ...,  0.        ,
         -0.02385455, -0.07986672],
        [-0.03473905,  0.04017273,  0.15046355, ...,  0.02385455,
          0.        , -0.05606564],
        [ 0.0213474 ,  0.09612993,  0.20565425, ...,  0.07986672,
          0.05606564,  0.        ]],

       [[ 0.        , -0.30938638, -0.39345105, ..., -0.89835694,
         -0.86860879, -0.83207371],
        [ 0.30938638,  0.        , -0.08971393, ..., -0.71837735,
         -0.67269124, -0.61964338],
        [ 0.39345105,  0.08971393,  0.        , ..., -0.65307073,
         -0.60359723, -0.54672973],
        ...,
        [ 0.89835694,  0.71837735,  0.65307073, ...,  0.        ,
          0.06358404,  0.13278535],
        [ 0.86860879,  0.67269124,  0.60359723, ..., -0.06358404,
          0.        ,  0.06949567],
        [ 0.83207371,  0.61964338,  0.54672973, ..., -0.13278535,
         -0.06949567,  0.        ]],

       [[ 0.        ,  0.126383  ,  0.09321687, ..., -0.34557545,
         -0.61621452, -0.98267563],
        [-0.126383  ,  0.        , -0.03336329, ..., -0.46140113,
         -0.71080993, -0.9982191 ],
        [-0.09321687,  0.03336329,  0.        , ..., -0.43154463,
         -0.68694701, -0.99567313],
        ...,
        [ 0.34557545,  0.46140113,  0.43154463, ...,  0.        ,
         -0.30608239, -0.85808713],
        [ 0.61621452,  0.71080993,  0.68694701, ...,  0.30608239,
          0.        , -0.65972869],
        [ 0.98267563,  0.9982191 ,  0.99567313, ...,  0.85808713,
          0.65972869,  0.        ]]]), 'num': array([ 7.29840347e-01,  6.83615416e-01,  2.29974779e-06, -4.68835454e-09,
        2.04535091e-04,  2.10640616e-04,  2.00973535e-04,  1.60600750e-03,
       -2.03517503e-06,  2.20511215e-04,  2.52081868e-04,  2.85543537e-04,
        3.58216167e-07,  2.97243125e-04,  2.06920610e-04])}
{'img': array([[[ 0.        , -0.02779331,  0.10291361, ..., -0.77924524,
         -0.91084724, -0.98169182],
        [ 0.02779331,  0.        ,  0.13051959, ..., -0.76152561,
         -0.89902386, -0.97601862],
        [-0.10291361, -0.13051959,  0.        , ..., -0.8396056 ,
         -0.94848785, -0.99608192],
        ...,
        [ 0.77924524,  0.76152561,  0.8396056 , ...,  0.        ,
         -0.24921688, -0.46681737],
        [ 0.91084724,  0.89902386,  0.94848785, ...,  0.24921688,
          0.        , -0.23169233],
        [ 0.98169182,  0.97601862,  0.99608192, ...,  0.46681737,
          0.23169233,  0.        ]],

       [[ 0.        , -0.12617864,  0.14827115, ...,  0.62524635,
          0.20794295,  0.09906739],
        [ 0.12617864,  0.        ,  0.27187006, ...,  0.71872237,
          0.32970146,  0.22383353],
        [-0.14827115, -0.27187006,  0.        , ...,  0.50262047,
          0.06061441, -0.04956939],
        ...,
        [-0.62524635, -0.71872237, -0.50262047, ...,  0.        ,
         -0.44929469, -0.54485568],
        [-0.20794295, -0.32970146, -0.06061441, ...,  0.44929469,
          0.        , -0.11001814],
        [-0.09906739, -0.22383353,  0.04956939, ...,  0.54485568,
          0.11001814,  0.        ]],

       [[ 0.        , -0.05627502, -0.05961181, ..., -0.41661607,
         -0.6079719 , -0.96695048],
        [ 0.05627502,  0.        , -0.00334239, ..., -0.36479722,
         -0.56232841, -0.95107004],
        [ 0.05961181,  0.00334239,  0.        , ..., -0.36168312,
         -0.5595614 , -0.95003201],
        ...,
        [ 0.41661607,  0.36479722,  0.36168312, ...,  0.        ,
         -0.22192075, -0.77281558],
        [ 0.6079719 ,  0.56232841,  0.5595614 , ...,  0.22192075,
          0.        , -0.61270749],
        [ 0.96695048,  0.95107004,  0.95003201, ...,  0.77281558,
          0.61270749,  0.        ]],

       ...,

       [[ 0.        ,  0.1106267 ,  0.30155886, ..., -0.04017273,
         -0.09612993, -0.08877692],
        [-0.1106267 ,  0.        ,  0.19423115, ..., -0.15046355,
         -0.20565425, -0.1984219 ],
        [-0.30155886, -0.19423115,  0.        , ..., -0.33961802,
         -0.39181712, -0.3850123 ],
        ...,
        [ 0.04017273,  0.15046355,  0.33961802, ...,  0.        ,
         -0.05606564, -0.04869114],
        [ 0.09612993,  0.20565425,  0.39181712, ...,  0.05606564,
          0.        ,  0.00738459],
        [ 0.08877692,  0.1984219 ,  0.3850123 , ...,  0.04869114,
         -0.00738459,  0.        ]],

       [[ 0.        , -0.08971393, -0.15751475, ..., -0.67269124,
         -0.61964338, -0.5861567 ],
        [ 0.08971393,  0.        , -0.06828559, ..., -0.60359723,
         -0.54672973, -0.51110705],
        [ 0.15751475,  0.06828559,  0.        , ..., -0.54774495,
         -0.48827741, -0.4512214 ],
        ...,
        [ 0.67269124,  0.60359723,  0.54774495, ...,  0.        ,
          0.06949567,  0.11130189],
        [ 0.61964338,  0.54672973,  0.48827741, ..., -0.06949567,
          0.        ,  0.04196893],
        [ 0.5861567 ,  0.51110705,  0.4512214 , ..., -0.11130189,
         -0.04196893,  0.        ]],

       [[ 0.        , -0.02994412, -0.03723688, ..., -0.61329379,
         -0.82649962, -0.9989105 ],
        [ 0.02994412,  0.        , -0.00729683, ..., -0.58936726,
         -0.80927233, -0.99985997],
        [ 0.03723688,  0.00729683,  0.        , ..., -0.58345671,
         -0.80496439, -0.99995546],
        ...,
        [ 0.61329379,  0.58936726,  0.58345671, ...,  0.        ,
         -0.30756882, -0.8176149 ],
        [ 0.82649962,  0.80927233,  0.80496439, ...,  0.30756882,
          0.        , -0.60089419],
        [ 0.9989105 ,  0.99985997,  0.99995546, ...,  0.8176149 ,
          0.60089419,  0.        ]]]), 'num': array([ 7.15764167e-01,  6.98340927e-01,  8.37655789e-07, -5.28443461e-09,
        2.07419529e-04,  2.07918133e-04,  2.01436273e-04,  1.08464458e-03,
        6.98046491e-06,  2.06920924e-04,  2.43693016e-04,  2.78952674e-04,
        3.93309247e-07,  2.89299262e-04,  1.98086770e-04])}
{'img': array([[[ 0.        ,  0.13051959,  0.0760231 , ..., -0.89902386,
         -0.97601862, -0.79034768],
        [-0.13051959,  0.        , -0.0547691 , ..., -0.94848785,
         -0.99608192, -0.86355078],
        [-0.0760231 ,  0.0547691 ,  0.        , ..., -0.92971262,
         -0.98974332, -0.83463666],
        ...,
        [ 0.89902386,  0.94848785,  0.92971262, ...,  0.        ,
         -0.23169233,  0.20470172],
        [ 0.97601862,  0.99608192,  0.98974332, ...,  0.23169233,
          0.        ,  0.42591771],
        [ 0.79034768,  0.86355078,  0.83463666, ..., -0.20470172,
         -0.42591771,  0.        ]],

       [[ 0.        ,  0.27187006, -0.21816578, ...,  0.32970146,
          0.22383353,  0.02287097],
        [-0.27187006,  0.        , -0.47526951, ...,  0.06061441,
         -0.04956939, -0.24978943],
        [ 0.21816578,  0.47526951,  0.        , ...,  0.52772661,
          0.43107211,  0.24042876],
        ...,
        [-0.32970146, -0.06061441, -0.52772661, ...,  0.        ,
         -0.11001814, -0.30802308],
        [-0.22383353,  0.04956939, -0.43107211, ...,  0.11001814,
          0.        , -0.20148431],
        [-0.02287097,  0.24978943, -0.24042876, ...,  0.30802308,
          0.20148431,  0.        ]],

       [[ 0.        , -0.00303606,  0.01666131, ..., -0.48852604,
         -0.73191308, -0.97553658],
        [ 0.00303606,  0.        ,  0.01969687, ..., -0.48587468,
         -0.72984095, -0.97486465],
        [-0.01666131, -0.01969687,  0.        , ..., -0.50299604,
         -0.74316447, -0.97906394],
        ...,
        [ 0.48852604,  0.48587468,  0.50299604, ...,  0.        ,
         -0.3057496 , -0.7438076 ],
        [ 0.73191308,  0.72984095,  0.74316447, ...,  0.3057496 ,
          0.        , -0.50382699],
        [ 0.97553658,  0.97486465,  0.97906394, ...,  0.7438076 ,
          0.50382699,  0.        ]],

       ...,

       [[ 0.        ,  0.19423115,  0.24258191, ..., -0.20565425,
         -0.1984219 , -0.05980278],
        [-0.19423115,  0.        ,  0.04953249, ..., -0.39181712,
         -0.3850123 , -0.2525474 ],
        [-0.24258191, -0.04953249,  0.        , ..., -0.4369082 ,
         -0.4302538 , -0.30016427],
        ...,
        [ 0.20565425,  0.39181712,  0.4369082 , ...,  0.        ,
          0.00738459,  0.14676169],
        [ 0.1984219 ,  0.3850123 ,  0.4302538 , ..., -0.00738459,
          0.        ,  0.13945305],
        [ 0.05980278,  0.2525474 ,  0.30016427, ..., -0.14676169,
         -0.13945305,  0.        ]],

       [[ 0.        , -0.06828559, -0.09139293, ..., -0.54672973,
         -0.51110705, -0.58537266],
        [ 0.06828559,  0.        , -0.0231798 , ..., -0.48827741,
         -0.4512214 , -0.52864277],
        [ 0.09139293,  0.0231798 ,  0.        , ..., -0.46791748,
         -0.43041423, -0.50882469],
        ...,
