state_0,state_1,state_2,state_3,state_4,state_5,state_6,state_7,state_8,state_9,state_10,state_11,state_12,state_13,state_14,state_15,state_16,state_17,state_18,state_19,state_20,state_21,state_22,state_23,state_24,state_25,state_26,state_27,state_28,state_29,state_30,state_31,state_32,state_33,state_34,state_35,state_36,state_37,state_38,state_39,state_40,state_41,state_42,state_43,state_44,state_45,state_46,state_47,state_48,state_49,state_50,state_51,state_52,state_53,state_54,state_55,state_56,state_57,state_58,state_59,state_60,state_61,state_62,state_63,state_64,state_65,state_66,state_67,state_68,state_69,state_70,state_71,state_72,state_73,state_74,state_75,state_76,state_77,state_78,state_79,state_80,state_81,state_82,state_83,state_84,state_85,state_86,state_87,state_88,state_89,state_90,state_91,state_92,state_93,state_94,state_95,state_96,state_97,state_98,state_99,state_100,state_101,state_102,state_103,state_104,state_105,state_106,state_107,state_108,state_109,state_110,state_111,state_112,state_113,state_114,state_115,state_116,state_117,state_118,state_119,state_120,state_121,state_122,state_123,state_124,state_125,state_126,state_127,state_128,state_129,state_130,state_131,state_132,state_133,state_134,state_135,state_136,state_137,state_138,state_139,state_140,state_141,state_142,state_143,state_144,state_145,state_146,state_147,state_148,state_149,state_150,state_151,state_152,state_153,state_154,state_155,state_156,state_157,state_158,state_159,state_160,state_161,state_162,state_163,state_164,state_165,state_166,state_167,state_168,state_169,state_170,state_171,state_172,state_173,state_174,state_175,state_176,state_177,state_178,state_179,state_180,state_181,state_182,state_183,state_184,state_185,state_186,state_187,state_188,state_189,state_190,state_191,state_192,state_193,state_194,state_195,state_196,state_197,state_198,state_199,state_200,state_201,state_202,state_203,state_204,state_205,state_206,state_207,state_208,state_209,state_210,state_211,state_212,state_213,state_214,state_215,state_216,state_217,state_218,state_219,state_220,state_221,state_222,state_223,state_224,state_225,state_226,state_227,state_228,state_229,state_230,state_231,state_232,state_233,state_234,state_235,state_236,state_237,state_238,state_239,state_240,state_241,state_242,state_243,state_244,state_245,state_246,state_247,state_248,state_249,state_250,state_251,state_252,state_253,state_254,state_255,state_256,state_257,state_258,state_259,state_260,state_261,state_262,state_263,state_264,state_265,state_266,state_267,state_268,state_269,state_270,state_271,state_272,state_273,state_274,state_275,state_276,state_277,state_278,state_279,state_280,state_281,state_282,state_283,state_284,state_285,state_286,state_287
{'img': array([[[ 0.        , -0.20560521, -0.19275863, ...,  0.65845703,
          0.79637418,  0.76094316],
        [ 0.20560521,  0.        ,  0.01310899, ...,  0.79913136,
          0.90371056,  0.8780861 ],
        [ 0.19275863, -0.01310899,  0.        , ...,  0.79118214,
          0.89802038,  0.87173796],
        ...,
        [-0.65845703, -0.79913136, -0.79118214, ...,  0.        ,
          0.2011282 ,  0.14548063],
        [-0.79637418, -0.90371056, -0.89802038, ..., -0.2011282 ,
          0.        , -0.05648069],
        [-0.76094316, -0.8780861 , -0.87173796, ..., -0.14548063,
          0.05648069,  0.        ]],

       [[ 0.        ,  0.35457143,  0.50910033, ...,  0.41920835,
          0.54076712,  0.33141666],
        [-0.35457143,  0.        ,  0.17084136, ...,  0.07006005,
          0.20737721, -0.02464849],
        [-0.50910033, -0.17084136,  0.        , ..., -0.10139149,
          0.03720102, -0.19507557],
        ...,
        [-0.41920835, -0.07006005,  0.10139149, ...,  0.        ,
          0.13833062, -0.09462669],
        [-0.54076712, -0.20737721, -0.03720102, ..., -0.13833062,
          0.        , -0.23142686],
        [-0.33141666,  0.02464849,  0.19507557, ...,  0.09462669,
          0.23142686,  0.        ]],

       [[ 0.        , -0.08605309, -0.1319166 , ...,  0.85414777,
          0.81719595,  0.79109431],
        [ 0.08605309,  0.        , -0.04612621, ...,  0.89572958,
          0.86376216,  0.84079796],
        [ 0.1319166 ,  0.04612621,  0.        , ...,  0.91528386,
          0.88608577,  0.86487342],
        ...,
        [-0.85414777, -0.89572958, -0.91528386, ...,  0.        ,
         -0.06732985, -0.11108417],
        [-0.81719595, -0.86376216, -0.88608577, ...,  0.06732985,
          0.        , -0.04391895],
        [-0.79109431, -0.84079796, -0.86487342, ...,  0.11108417,
          0.04391895,  0.        ]],

       ...,

       [[ 0.        , -0.46820348, -0.00727803, ...,  0.8670496 ,
          0.77439171,  0.56869955],
        [ 0.46820348,  0.        ,  0.46176006, ...,  0.99941215,
          0.9805039 ,  0.88763327],
        [ 0.00727803, -0.46176006,  0.        , ...,  0.87065271,
          0.77897606,  0.574671  ],
        ...,
        [-0.8670496 , -0.99941215, -0.87065271, ...,  0.        ,
         -0.16276903, -0.42984906],
        [-0.77439171, -0.9805039 , -0.77897606, ...,  0.16276903,
          0.        , -0.2771524 ],
        [-0.56869955, -0.88763327, -0.574671  , ...,  0.42984906,
          0.2771524 ,  0.        ]],

       [[ 0.        , -0.08874416, -0.11104989, ...,  0.99223488,
          0.97019221,  0.88993461],
        [ 0.08874416,  0.        , -0.02241647, ...,  0.99935781,
          0.98787024,  0.92689849],
        [ 0.11104989,  0.02241647,  0.        , ...,  0.99990993,
          0.99110287,  0.93507875],
        ...,
        [-0.99223488, -0.99935781, -0.99990993, ...,  0.        ,
         -0.11978411, -0.34185805],
        [-0.97019221, -0.98787024, -0.99110287, ...,  0.11978411,
          0.        , -0.22682935],
        [-0.88993461, -0.92689849, -0.93507875, ...,  0.34185805,
          0.22682935,  0.        ]],

       [[ 0.        , -0.09425283, -0.22622702, ..., -0.2565265 ,
          0.06740649,  0.86014859],
        [ 0.09425283,  0.        , -0.13341063, ..., -0.16428565,
          0.16114488,  0.90439251],
        [ 0.22622702,  0.13341063,  0.        , ..., -0.03121912,
          0.29137144,  0.95323452],
        ...,
        [ 0.2565265 ,  0.16428565,  0.03121912, ...,  0.        ,
          0.32109393,  0.96220529],
        [-0.06740649, -0.16114488, -0.29137144, ..., -0.32109393,
          0.        ,  0.82381202],
        [-0.86014859, -0.90439251, -0.95323452, ..., -0.96220529,
         -0.82381202,  0.        ]]]), 'num': array([7.07094477e-01, 7.07094477e-01, 0.00000000e+00, 0.00000000e+00,
       1.44031716e-03, 1.47950946e-03, 1.41582197e-03, 4.30836094e-03,
       0.00000000e+00, 1.43215209e-03, 1.44439969e-03, 1.26419674e-03,
       6.27126530e-07, 1.62353604e-03, 1.26526334e-03])}
{'img': array([[[ 0.        ,  0.01310899,  0.28664804, ...,  0.90371056,
          0.8780861 ,  0.8780861 ],
        [-0.01310899,  0.        ,  0.27406453, ...,  0.89802038,
          0.87173796,  0.87173796],
        [-0.28664804, -0.27406453,  0.        , ...,  0.7430606 ,
          0.7040762 ,  0.7040762 ],
        ...,
        [-0.90371056, -0.89802038, -0.7430606 , ...,  0.        ,
         -0.05648069, -0.05648069],
        [-0.8780861 , -0.87173796, -0.7040762 , ...,  0.05648069,
          0.        ,  0.        ],
        [-0.8780861 , -0.87173796, -0.7040762 , ...,  0.05648069,
          0.        ,  0.        ]],

       [[ 0.        ,  0.17133833,  0.16087983, ...,  0.20793898,
         -0.02476256,  0.13976782],
        [-0.17133833,  0.        , -0.01060569, ...,  0.03727085,
         -0.19568217, -0.03195556],
        [-0.16087983,  0.01060569,  0.        , ...,  0.04786708,
         -0.1852705 , -0.02135348],
        ...,
        [-0.20793898, -0.03727085, -0.04786708, ...,  0.        ,
         -0.23209651, -0.06918517],
        [ 0.02476256,  0.19568217,  0.1852705 , ...,  0.23209651,
          0.        ,  0.16424446],
        [-0.13976782,  0.03195556,  0.02135348, ...,  0.06918517,
         -0.16424446,  0.        ]],

       [[ 0.        , -0.04612621, -0.03066722, ...,  0.86376216,
          0.84079796,  0.84527728],
        [ 0.04612621,  0.        ,  0.01546994, ...,  0.88608577,
          0.86487342,  0.86902411],
        [ 0.03066722, -0.01546994,  0.        , ...,  0.87880909,
          0.85700416,  0.86126605],
        ...,
        [-0.86376216, -0.88608577, -0.87880909, ...,  0.        ,
         -0.04391895, -0.03559724],
        [-0.84079796, -0.86487342, -0.85700416, ...,  0.04391895,
          0.        ,  0.00832822],
        [-0.84527728, -0.86902411, -0.86126605, ...,  0.03559724,
         -0.00832822,  0.        ]],

       ...,

       [[ 0.        ,  0.46176006,  0.96427398, ...,  0.9805039 ,
          0.88763327,  0.92650474],
        [-0.46176006,  0.        ,  0.73299227, ...,  0.77897606,
          0.574671  ,  0.64806171],
        [-0.96427398, -0.73299227,  0.        , ...,  0.07026283,
         -0.20895707, -0.11740245],
        ...,
        [-0.9805039 , -0.77897606, -0.07026283, ...,  0.        ,
         -0.2771524 , -0.18688921],
        [-0.88763327, -0.574671  ,  0.20895707, ...,  0.2771524 ,
          0.        ,  0.09270124],
        [-0.92650474, -0.64806171,  0.11740245, ...,  0.18688921,
         -0.09270124,  0.        ]],

       [[ 0.        , -0.02241647, -0.08029144, ...,  0.98787024,
          0.92689849,  0.86444164],
        [ 0.02241647,  0.        , -0.05792716, ...,  0.99110287,
          0.93507875,  0.87549393],
        [ 0.08029144,  0.05792716,  0.        , ...,  0.99714862,
          0.95404028,  0.9020159 ],
        ...,
        [-0.98787024, -0.99110287, -0.99714862, ...,  0.        ,
         -0.22682935, -0.36240322],
        [-0.92689849, -0.93507875, -0.95404028, ...,  0.22682935,
          0.        , -0.1415472 ],
        [-0.86444164, -0.87549393, -0.9020159 , ...,  0.36240322,
          0.1415472 ,  0.        ]],

       [[ 0.        , -0.10730738, -0.11687324, ...,  0.12397068,
          0.53422346,  0.97653249],
        [ 0.10730738,  0.        , -0.00962642, ...,  0.22973445,
          0.62185037,  0.99400469],
        [ 0.11687324,  0.00962642,  0.        , ...,  0.23909275,
          0.62936035,  0.99501116],
        ...,
        [-0.12397068, -0.22973445, -0.23909275, ...,  0.        ,
          0.42530462,  0.94229983],
        [-0.53422346, -0.62185037, -0.62936035, ..., -0.42530462,
          0.        ,  0.71044943],
        [-0.97653249, -0.99400469, -0.99501116, ..., -0.94229983,
         -0.71044943,  0.        ]]]), 'num': array([ 7.07085826e-01,  7.07085826e-01,  0.00000000e+00,  0.00000000e+00,
        1.36844786e-03,  1.41090567e-03,  1.33252202e-03,  6.60524306e-03,
       -7.18516774e-05,  1.42135682e-03,  1.45181213e-03,  1.26777386e-03,
        5.44330890e-07,  1.60326540e-03,  1.30035886e-03])}
{'img': array([[[ 0.        ,  0.27406453,  0.06424888, ...,  0.87173796,
          0.87173796,  0.70048734],
        [-0.27406453,  0.        , -0.21170942, ...,  0.7040762 ,
          0.7040762 ,  0.47807638],
        [-0.06424888,  0.21170942,  0.        , ...,  0.83845669,
          0.83845669,  0.65318791],
        ...,
        [-0.87173796, -0.7040762 , -0.83845669, ...,  0.        ,
          0.        , -0.27890927],
        [-0.87173796, -0.7040762 , -0.83845669, ...,  0.        ,
          0.        , -0.27890927],
        [-0.70048734, -0.47807638, -0.65318791, ...,  0.27890927,
          0.27890927,  0.        ]],

       [[ 0.        , -0.01060569, -0.22110517, ..., -0.19568217,
         -0.03195556,  0.12742113],
        [ 0.01060569,  0.        , -0.21074953, ..., -0.1852705 ,
         -0.02135348,  0.13793321],
        [ 0.22110517,  0.21074953,  0.        , ...,  0.0259916 ,
          0.18982759,  0.34357033],
        ...,
        [ 0.19568217,  0.1852705 , -0.0259916 , ...,  0.        ,
          0.16424446,  0.31904485],
        [ 0.03195556,  0.02135348, -0.18982759, ..., -0.16424446,
          0.        ,  0.15905113],
        [-0.12742113, -0.13793321, -0.34357033, ..., -0.31904485,
         -0.15905113,  0.        ]],

       [[ 0.        ,  0.01546994, -0.00141113, ...,  0.86487342,
          0.86902411,  0.8410439 ],
        [-0.01546994,  0.        , -0.01688089, ...,  0.85700416,
          0.86126605,  0.83257453],
        [ 0.00141113,  0.01688089,  0.        , ...,  0.86558093,
          0.86972143,  0.84180644],
        ...,
        [-0.86487342, -0.85700416, -0.86558093, ...,  0.        ,
          0.00832822, -0.04567222],
        [-0.86902411, -0.86126605, -0.86972143, ..., -0.00832822,
          0.        , -0.05399017],
        [-0.8410439 , -0.83257453, -0.84180644, ...,  0.04567222,
          0.05399017,  0.        ]],

       ...,

       [[ 0.        ,  0.94019002,  0.88045236, ...,  0.83647196,
          0.88859333,  0.75744917],
        [-0.94019002,  0.        , -0.14585016, ..., -0.23028874,
         -0.12856156, -0.35581916],
        [-0.88045236,  0.14585016,  0.        , ..., -0.08589614,
          0.01745301, -0.21570931],
        ...,
        [-0.83647196,  0.23028874,  0.08589614, ...,  0.        ,
          0.10327157, -0.13103813],
        [-0.88859333,  0.12856156, -0.01745301, ..., -0.10327157,
          0.        , -0.23271858],
        [-0.75744917,  0.35581916,  0.21570931, ...,  0.13103813,
          0.23271858,  0.        ]],

       [[ 0.        , -0.05792716, -0.12310169, ...,  0.93507875,
          0.87549393,  0.80604849],
        [ 0.05792716,  0.        , -0.06540841, ...,  0.95404028,
          0.9020159 ,  0.83897914],
        [ 0.12310169,  0.06540841,  0.        , ...,  0.97159877,
          0.9283213 ,  0.87277541],
        ...,
        [-0.93507875, -0.95404028, -0.97159877, ...,  0.        ,
         -0.1415472 , -0.26773006],
        [-0.87549393, -0.9020159 , -0.9283213 , ...,  0.1415472 ,
          0.        , -0.12865455],
        [-0.80604849, -0.83897914, -0.87277541, ...,  0.26773006,
          0.12865455,  0.        ]],

       [[ 0.        , -0.00857094, -0.04850324, ...,  0.53107586,
          0.79462649,  0.99997608],
        [ 0.00857094,  0.        , -0.03994061, ...,  0.53831872,
          0.79980071,  0.99988007],
        [ 0.04850324,  0.03994061,  0.        , ...,  0.57154878,
          0.82313749,  0.99846367],
        ...,
        [-0.53107586, -0.53831872, -0.57154878, ...,  0.        ,
          0.35089089,  0.85097714],
        [-0.79462649, -0.79980071, -0.82313749, ..., -0.35089089,
          0.        ,  0.61258006],
        [-0.99997608, -0.99988007, -0.99846367, ..., -0.85097714,
         -0.61258006,  0.        ]]]), 'num': array([7.07082964e-01, 7.07082964e-01, 0.00000000e+00, 0.00000000e+00,
       1.43376176e-03, 1.46642148e-03, 1.34394753e-03, 7.15892924e-03,
       6.53194424e-05, 1.42722982e-03, 1.46282891e-03, 1.27239552e-03,
       7.52454361e-07, 1.56837895e-03, 1.35727888e-03])}
{'img': array([[[ 0.        , -0.21170942, -0.25526115, ...,  0.7040762 ,
          0.47807638,  0.68430297],
        [ 0.21170942,  0.        , -0.04477912, ...,  0.83845669,
          0.65318791,  0.82316968],
        [ 0.25526115,  0.04477912,  0.        , ...,  0.86201885,
          0.68643927,  0.84776936],
        ...,
        [-0.7040762 , -0.83845669, -0.86201885, ...,  0.        ,
         -0.27890927, -0.02747057],
        [-0.47807638, -0.65318791, -0.68643927, ...,  0.27890927,
          0.        ,  0.25242355],
        [-0.68430297, -0.82316968, -0.84776936, ...,  0.02747057,
         -0.25242355,  0.        ]],

       [[ 0.        , -0.21074953, -0.35031286, ..., -0.02135348,
          0.13793321,  0.17119941],
        [ 0.21074953,  0.        , -0.14504996, ...,  0.18982759,
          0.34357033,  0.37499239],
        [ 0.35031286,  0.14504996,  0.        , ...,  0.33023262,
          0.47615717,  0.50549195],
        ...,
        [ 0.02135348, -0.18982759, -0.33023262, ...,  0.        ,
          0.15905113,  0.1921986 ],
        [-0.13793321, -0.34357033, -0.47615717, ..., -0.15905113,
          0.        ,  0.03366619],
        [-0.17119941, -0.37499239, -0.50549195, ..., -0.1921986 ,
         -0.03366619,  0.        ]],

       [[ 0.        , -0.01688089, -0.05670533, ...,  0.86126605,
          0.83257453,  0.84838693],
        [ 0.01688089,  0.        , -0.03984352, ...,  0.86972143,
          0.84180644,  0.85720239],
        [ 0.05670533,  0.03984352,  0.        , ...,  0.8886953 ,
          0.8626447 ,  0.87704032],
        ...,
        [-0.86126605, -0.86972143, -0.8886953 , ...,  0.        ,
         -0.05399017, -0.02482266],
        [-0.83257453, -0.84180644, -0.8626447 , ...,  0.05399017,
          0.        ,  0.02918708],
        [-0.84838693, -0.85720239, -0.87704032, ...,  0.02482266,
         -0.02918708,  0.        ]],

       ...,

       [[ 0.        , -0.15456268, -0.19585452, ..., -0.13613526,
         -0.38139818,  0.1895508 ],
        [ 0.15456268,  0.        , -0.04193168, ...,  0.01862442,
         -0.23393549,  0.33903356],
        [ 0.19585452,  0.04193168,  0.        , ...,  0.06053244,
         -0.19296158,  0.37818362],
        ...,
        [ 0.13613526, -0.01862442, -0.06053244, ...,  0.        ,
         -0.25200255,  0.32145338],
        [ 0.38139818,  0.23393549,  0.19296158, ...,  0.25200255,
          0.        ,  0.54970659],
        [-0.1895508 , -0.33903356, -0.37818362, ..., -0.32145338,
         -0.54970659,  0.        ]],

       [[ 0.        , -0.06540841, -0.13614569, ...,  0.9020159 ,
          0.83897914,  0.71726013],
        [ 0.06540841,  0.        , -0.07105476, ...,  0.9283213 ,
          0.87277541,  0.76130112],
        [ 0.13614569,  0.07105476,  0.        , ...,  0.95239155,
          0.90525279,  0.80544867],
        ...,
        [-0.9020159 , -0.9283213 , -0.95239155, ...,  0.        ,
         -0.12865455, -0.31888642],
        [-0.83897914, -0.87277541, -0.90525279, ...,  0.12865455,
          0.        , -0.19429844],
        [-0.71726013, -0.76130112, -0.80544867, ...,  0.31888642,
          0.19429844,  0.        ]],

       [[ 0.        , -0.03465852, -0.06809828, ...,  0.65802745,
          0.81224101,  0.98736415],
        [ 0.03465852,  0.        , -0.0334793 , ...,  0.68372977,
          0.8319701 ,  0.9812787 ],
        [ 0.06809828,  0.0334793 ,  0.        , ...,  0.70777751,
          0.85007871,  0.97428072],
        ...,
        [-0.65802745, -0.68372977, -0.70777751, ...,  0.        ,
          0.22777068,  0.84775537],
        [-0.81224101, -0.8319701 , -0.85007871, ..., -0.22777068,
          0.        ,  0.70466524],
        [-0.98736415, -0.9812787 , -0.97428072, ..., -0.84775537,
         -0.70466524,  0.        ]]]), 'num': array([7.07094581e-01, 7.07094581e-01, 0.00000000e+00, 0.00000000e+00,
       1.44031737e-03, 1.48767474e-03, 1.43868436e-03, 4.24777680e-03,
       6.53205156e-06, 1.42464045e-03, 1.46350615e-03, 1.27592740e-03,
       7.97262185e-07, 1.56832777e-03, 1.35868453e-03])}
{'img': array([[[ 0.00000000e+00, -4.47791234e-02, -6.42488770e-02, ...,
          6.53187908e-01,  8.23169684e-01,  8.38456693e-01],
        [ 4.47791234e-02,  0.00000000e+00, -1.94978242e-02, ...,
          6.86439270e-01,  8.47769355e-01,  8.62018847e-01],
        [ 6.42488770e-02,  1.94978242e-02,  0.00000000e+00, ...,
          7.00487344e-01,  8.57949159e-01,  8.71737960e-01],
        ...,
        [-6.53187908e-01, -6.86439270e-01, -7.00487344e-01, ...,
          0.00000000e+00,  2.52423549e-01,  2.78909270e-01],
        [-8.23169684e-01, -8.47769355e-01, -8.57949159e-01, ...,
         -2.52423549e-01,  0.00000000e+00,  2.74705670e-02],
        [-8.38456693e-01, -8.62018847e-01, -8.71737960e-01, ...,
         -2.78909270e-01, -2.74705670e-02,  0.00000000e+00]],

       [[ 0.00000000e+00, -1.45049957e-01, -3.05222827e-01, ...,
          3.43570330e-01,  3.74992394e-01,  1.85083853e-01],
        [ 1.45049957e-01,  0.00000000e+00, -1.63866579e-01, ...,
          4.76157169e-01,  5.05491954e-01,  3.25670358e-01],
        [ 3.05222827e-01,  1.63866579e-01,  0.00000000e+00, ...,
          6.13818466e-01,  6.40048189e-01,  4.76201239e-01],
        ...,
        [-3.43570330e-01, -4.76157169e-01, -6.13818466e-01, ...,
          0.00000000e+00,  3.36661855e-02, -1.63817139e-01],
        [-3.74992394e-01, -5.05491954e-01, -6.40048189e-01, ...,
         -3.36661855e-02,  0.00000000e+00, -1.96935657e-01],
        [-1.85083853e-01, -3.25670358e-01, -4.76201239e-01, ...,
          1.63817139e-01,  1.96935657e-01,  0.00000000e+00]],

       [[ 0.00000000e+00, -3.98435218e-02, -3.69759561e-02, ...,
          8.41806440e-01,  8.57202391e-01,  8.50408594e-01],
        [ 3.98435218e-02,  0.00000000e+00,  2.86968030e-03, ...,
          8.62644705e-01,  8.77040318e-01,  8.70695898e-01],
        [ 3.69759561e-02, -2.86968030e-03,  0.00000000e+00, ...,
          8.61189639e-01,  8.75658064e-01,  8.69280941e-01],
        ...,
        [-8.41806440e-01, -8.62644705e-01, -8.61189639e-01, ...,
          0.00000000e+00,  2.91870823e-02,  1.61395535e-02],
        [-8.57202391e-01, -8.77040318e-01, -8.75658064e-01, ...,
         -2.91870823e-02,  0.00000000e+00, -1.30506032e-02],
        [-8.50408594e-01, -8.70695898e-01, -8.69280941e-01, ...,
         -1.61395535e-02,  1.30506032e-02,  0.00000000e+00]],

       ...,

       [[ 0.00000000e+00, -4.19316781e-02, -4.58005139e-01, ...,
         -2.33935494e-01,  3.39033559e-01,  4.40172013e-01],
        [ 4.19316781e-02,  0.00000000e+00, -4.20327169e-01, ...,
         -1.92961580e-01,  3.78183617e-01,  4.77435892e-01],
        [ 4.58005139e-01,  4.20327169e-01,  0.00000000e+00, ...,
          2.37339617e-01,  7.32263183e-01,  8.02539694e-01],
        ...,
        [ 2.33935494e-01,  1.92961580e-01, -2.37339617e-01, ...,
          0.00000000e+00,  5.49706592e-01,  6.38012003e-01],
        [-3.39033559e-01, -3.78183617e-01, -7.32263183e-01, ...,
         -5.49706592e-01,  0.00000000e+00,  1.09679709e-01],
        [-4.40172013e-01, -4.77435892e-01, -8.02539694e-01, ...,
         -6.38012003e-01, -1.09679709e-01,  0.00000000e+00]],

       [[ 0.00000000e+00, -7.10547637e-02, -1.70322836e-01, ...,
          8.72775408e-01,  7.61301117e-01,  7.61037719e-01],
        [ 7.10547637e-02,  0.00000000e+00, -9.98757968e-02, ...,
          9.05252788e-01,  8.05448667e-01,  8.05207900e-01],
        [ 1.70322836e-01,  9.98757968e-02,  0.00000000e+00, ...,
          9.43161012e-01,  8.60614296e-01,  8.60407399e-01],
        ...,
        [-8.72775408e-01, -9.05252788e-01, -9.43161012e-01, ...,
          0.00000000e+00, -1.94298437e-01, -1.94696812e-01],
        [-7.61301117e-01, -8.05448667e-01, -8.60614296e-01, ...,
          1.94298437e-01,  0.00000000e+00, -4.06131634e-04],
        [-7.61037719e-01, -8.05207900e-01, -8.60407399e-01, ...,
          1.94696812e-01,  4.06131634e-04,  0.00000000e+00]],

       [[ 0.00000000e+00, -3.33820296e-02, -4.73715264e-02, ...,
          8.28849441e-01,  9.96957690e-01,  9.80717130e-01],
        [ 3.33820296e-02,  0.00000000e+00, -1.40005717e-02, ...,
          8.47063795e-01,  9.93800100e-01,  9.73646604e-01],
        [ 4.73715264e-02,  1.40005717e-02,  0.00000000e+00, ...,
          8.54421953e-01,  9.92146088e-01,  9.70358175e-01],
        ...,
        [-8.28849441e-01, -8.47063795e-01, -8.54421953e-01, ...,
          0.00000000e+00,  6.22373995e-01,  7.10667721e-01],
        [-9.96957690e-01, -9.93800100e-01, -9.92146088e-01, ...,
         -6.22373995e-01,  0.00000000e+00,  1.18396426e-01],
        [-9.80717130e-01, -9.73646604e-01, -9.70358175e-01, ...,
         -7.10667721e-01, -1.18396426e-01,  0.00000000e+00]]]), 'num': array([ 7.07089950e-01,  7.07089950e-01,  0.00000000e+00,  0.00000000e+00,
        1.42234491e-03,  1.44683994e-03,  1.36192383e-03,  5.61889927e-03,
       -1.79630241e-05,  1.42103851e-03,  1.45867921e-03,  1.28008320e-03,
        8.36697237e-07,  1.56175192e-03,  1.35560650e-03])}
{'img': array([[[ 0.00000000e+00, -1.94978242e-02, -1.90127125e-01, ...,
          8.47769355e-01,  8.62018847e-01,  8.21913374e-01],
        [ 1.94978242e-02,  0.00000000e+00, -1.70948808e-01, ...,
          8.57949159e-01,  8.71737960e-01,  8.32863332e-01],
        [ 1.90127125e-01,  1.70948808e-01,  0.00000000e+00, ...,
          9.33142389e-01,  9.42666094e-01,  9.15220034e-01],
        ...,
        [-8.47769355e-01, -8.57949159e-01, -9.33142389e-01, ...,
          0.00000000e+00,  2.74705670e-02, -4.69858717e-02],
        [-8.62018847e-01, -8.71737960e-01, -9.42666094e-01, ...,
         -2.74705670e-02,  0.00000000e+00, -7.44083671e-02],
        [-8.21913374e-01, -8.32863332e-01, -9.15220034e-01, ...,
          4.69858717e-02,  7.44083671e-02,  0.00000000e+00]],

       [[ 0.00000000e+00, -1.63866579e-01,  9.14821384e-02, ...,
          5.05491954e-01,  3.25670358e-01,  4.18993512e-01],
        [ 1.63866579e-01,  0.00000000e+00,  2.53424970e-01, ...,
          6.40048189e-01,  4.76201239e-01,  5.62118860e-01],
        [-9.14821384e-02, -2.53424970e-01,  0.00000000e+00, ...,
          4.24438630e-01,  2.37809889e-01,  3.34171757e-01],
        ...,
        [-5.05491954e-01, -6.40048189e-01, -4.24438630e-01, ...,
          0.00000000e+00, -1.96935657e-01, -9.74605249e-02],
        [-3.25670358e-01, -4.76201239e-01, -2.37809889e-01, ...,
          1.96935657e-01,  0.00000000e+00,  1.00446225e-01],
        [-4.18993512e-01, -5.62118860e-01, -3.34171757e-01, ...,
          9.74605249e-02, -1.00446225e-01,  0.00000000e+00]],

       [[ 0.00000000e+00,  2.86968030e-03, -3.32722854e-02, ...,
          8.77040318e-01,  8.70695898e-01,  8.61832374e-01],
        [-2.86968030e-03,  0.00000000e+00, -3.61402398e-02, ...,
          8.75658064e-01,  8.69280941e-01,  8.60373343e-01],
        [ 3.32722854e-02,  3.61402398e-02,  0.00000000e+00, ...,
          8.92539286e-01,  8.86577849e-01,  8.78230676e-01],
        ...,
        [-8.77040318e-01, -8.75658064e-01, -8.92539286e-01, ...,
          0.00000000e+00, -1.30506032e-02, -3.07901662e-02],
        [-8.70695898e-01, -8.69280941e-01, -8.86577849e-01, ...,
          1.30506032e-02,  0.00000000e+00, -1.77431285e-02],
        [-8.61832374e-01, -8.60373343e-01, -8.78230676e-01, ...,
          3.07901662e-02,  1.77431285e-02,  0.00000000e+00]],

       ...,

       [[ 0.00000000e+00, -4.20327169e-01, -4.73875202e-01, ...,
          3.78183617e-01,  4.77435892e-01,  5.59268084e-01],
        [ 4.20327169e-01,  0.00000000e+00, -5.98446361e-02, ...,
          7.32263183e-01,  8.02539694e-01,  8.55910245e-01],
        [ 4.73875202e-01,  5.98446361e-02,  0.00000000e+00, ...,
          7.71706250e-01,  8.36804539e-01,  8.85323323e-01],
        ...,
        [-3.78183617e-01, -7.32263183e-01, -7.71706250e-01, ...,
          0.00000000e+00,  1.09679709e-01,  2.04222334e-01],
        [-4.77435892e-01, -8.02539694e-01, -8.36804539e-01, ...,
         -1.09679709e-01,  0.00000000e+00,  9.56220988e-02],
        [-5.59268084e-01, -8.55910245e-01, -8.85323323e-01, ...,
         -2.04222334e-01, -9.56220988e-02,  0.00000000e+00]],

       [[ 0.00000000e+00, -9.98757968e-02, -1.98919860e-01, ...,
          8.05448667e-01,  8.05207900e-01,  7.84371098e-01],
        [ 9.98757968e-02,  0.00000000e+00, -1.00045388e-01, ...,
          8.60614296e-01,  8.60407399e-01,  8.42401316e-01],
        [ 1.98919860e-01,  1.00045388e-01,  0.00000000e+00, ...,
          9.07245334e-01,  9.07074439e-01,  8.92084405e-01],
        ...,
        [-8.05448667e-01, -8.60614296e-01, -9.07245334e-01, ...,
          0.00000000e+00, -4.06131634e-04, -3.47435227e-02],
        [-8.05207900e-01, -8.60407399e-01, -9.07074439e-01, ...,
          4.06131634e-04,  0.00000000e+00, -3.43376334e-02],
        [-7.84371098e-01, -8.42401316e-01, -8.92084405e-01, ...,
          3.47435227e-02,  3.43376334e-02,  0.00000000e+00]],

       [[ 0.00000000e+00, -1.40005717e-02, -5.27154149e-02, ...,
          9.93800100e-01,  9.73646604e-01,  9.98585593e-01],
        [ 1.40005717e-02,  0.00000000e+00, -3.87291432e-02, ...,
          9.92146088e-01,  9.70358175e-01,  9.97743339e-01],
        [ 5.27154149e-02,  3.87291432e-02,  0.00000000e+00, ...,
          9.86557309e-01,  9.60270437e-01,  9.94394373e-01],
        ...,
        [-9.93800100e-01, -9.92146088e-01, -9.86557309e-01, ...,
          0.00000000e+00,  1.18396426e-01, -5.81862455e-02],
        [-9.73646604e-01, -9.70358175e-01, -9.60270437e-01, ...,
         -1.18396426e-01,  0.00000000e+00, -1.75972819e-01],
        [-9.98585593e-01, -9.97743339e-01, -9.94394373e-01, ...,
          5.81862455e-02,  1.75972819e-01,  0.00000000e+00]]]), 'num': array([ 7.07098383e-01,  7.07098383e-01,  0.00000000e+00,  0.00000000e+00,
        1.41582979e-03,  1.43705907e-03,  1.37827029e-03,  2.79174853e-03,
       -6.53208668e-06,  1.41615639e-03,  1.45110306e-03,  1.28434433e-03,
        8.19375786e-07,  1.54267117e-03,  1.35953494e-03])}
{'img': array([[[ 0.        , -0.17094881, -0.11446006, ...,  0.87173796,
          0.83286333,  0.81801388],
        [ 0.17094881,  0.        ,  0.05705011, ...,  0.94266609,
          0.91522003,  0.90430213],
        [ 0.11446006, -0.05705011,  0.        , ...,  0.92209104,
          0.89074084,  0.87847502],
        ...,
        [-0.87173796, -0.94266609, -0.92209104, ...,  0.        ,
         -0.07440837, -0.10061816],
        [-0.83286333, -0.91522003, -0.89074084, ...,  0.07440837,
          0.        , -0.02630847],
        [-0.81801388, -0.90430213, -0.87847502, ...,  0.10061816,
          0.02630847,  0.        ]],

       [[ 0.        ,  0.25342497,  0.10385564, ...,  0.47620124,
          0.56211886,  0.35503588],
        [-0.25342497,  0.        , -0.15158927, ...,  0.23780989,
          0.33417176,  0.10653074],
        [-0.10385564,  0.15158927,  0.        , ...,  0.38230209,
          0.47318466,  0.25602625],
        ...,
        [-0.47620124, -0.23780989, -0.38230209, ...,  0.        ,
          0.10044622, -0.13298206],
        [-0.56211886, -0.33417176, -0.47318466, ..., -0.10044622,
          0.        , -0.2318636 ],
        [-0.35503588, -0.10653074, -0.25602625, ...,  0.13298206,
          0.2318636 ,  0.        ]],

       [[ 0.        , -0.03614024, -0.12845752, ...,  0.86928094,
          0.86037334,  0.8479771 ],
        [ 0.03614024,  0.        , -0.09253279, ...,  0.88657785,
          0.87823068,  0.86657865],
        [ 0.12845752,  0.09253279,  0.        , ...,  0.92557787,
          0.91871537,  0.90903833],
        ...,
        [-0.86928094, -0.88657785, -0.92557787, ...,  0.        ,
         -0.01774313, -0.04157682],
        [-0.86037334, -0.87823068, -0.91871537, ...,  0.01774313,
          0.        , -0.02384249],
        [-0.8479771 , -0.86657865, -0.90903833, ...,  0.04157682,
          0.02384249,  0.        ]],

       ...,

       [[ 0.        , -0.05984464,  0.32330128, ...,  0.80253969,
          0.85591025,  0.83342491],
        [ 0.05984464,  0.        ,  0.37935257, ...,  0.83680454,
          0.88532332,  0.86500326],
        [-0.32330128, -0.37935257,  0.        , ...,  0.56655904,
          0.64275753,  0.60999986],
        ...,
        [-0.80253969, -0.83680454, -0.56655904, ...,  0.        ,
          0.0956221 ,  0.05371054],
        [-0.85591025, -0.88532332, -0.64275753, ..., -0.0956221 ,
          0.        , -0.04201965],
        [-0.83342491, -0.86500326, -0.60999986, ..., -0.05371054,
          0.04201965,  0.        ]],

       [[ 0.        , -0.10004539, -0.18395285, ...,  0.8604074 ,
          0.84240132,  0.78631517],
        [ 0.10004539,  0.        , -0.08469181, ...,  0.90707444,
          0.89208441,  0.84418073],
        [ 0.18395285,  0.08469181,  0.        , ...,  0.93946823,
          0.92714891,  0.88654753],
        ...,
        [-0.8604074 , -0.90707444, -0.93946823, ...,  0.        ,
         -0.03433763, -0.13087013],
        [-0.84240132, -0.89208441, -0.92714891, ...,  0.03433763,
          0.        , -0.09675065],
        [-0.78631517, -0.84418073, -0.88654753, ...,  0.13087013,
          0.09675065,  0.        ]],

       [[ 0.        , -0.03866348, -0.07068721, ...,  0.98828279,
          0.9989337 ,  0.9699528 ],
        [ 0.03866348,  0.        , -0.03206759, ...,  0.98164248,
          0.99640177,  0.95982099],
        [ 0.07068721,  0.03206759,  0.        , ...,  0.97502136,
          0.99317141,  0.95032877],
        ...,
        [-0.98828279, -0.98164248, -0.97502136, ...,  0.        ,
         -0.1068443 ,  0.09239471],
        [-0.9989337 , -0.99640177, -0.99317141, ...,  0.1068443 ,
          0.        ,  0.1982531 ],
        [-0.9699528 , -0.95982099, -0.95032877, ..., -0.09239471,
         -0.1982531 ,  0.        ]]]), 'num': array([ 7.07085146e-01,  7.07085146e-01,  0.00000000e+00,  0.00000000e+00,
        1.33088775e-03,  1.42233525e-03,  1.32762176e-03,  6.76329392e-03,
       -8.49155372e-05,  1.40861812e-03,  1.44062475e-03,  1.28723245e-03,
        4.50900528e-07,  1.53684438e-03,  1.34440512e-03])}
{'img': array([[[ 0.        ,  0.05705011,  0.04301298, ...,  0.91522003,
          0.90430213,  0.72488728],
        [-0.05705011,  0.        , -0.01405438, ...,  0.89074084,
          0.87847502,  0.68440671],
        [-0.04301298,  0.01405438,  0.        , ...,  0.89704074,
          0.88510327,  0.69458617],
        ...,
        [-0.91522003, -0.89074084, -0.89704074, ...,  0.        ,
         -0.02630847, -0.33836878],
        [-0.90430213, -0.87847502, -0.88510327, ...,  0.02630847,
          0.        , -0.31349503],
        [-0.72488728, -0.68440671, -0.69458617, ...,  0.33836878,
          0.31349503,  0.        ]],

       [[ 0.        , -0.23211303, -0.13991018, ...,  0.34648933,
          0.11338385,  0.41557741],
        [ 0.23211303,  0.        ,  0.09374095, ...,  0.55476084,
          0.3409034 ,  0.61534772],
        [ 0.13991018, -0.09374095,  0.        , ...,  0.47432462,
          0.25127656,  0.53874626],
        ...,
        [-0.34648933, -0.55476084, -0.47432462, ...,  0.        ,
         -0.23789475,  0.07468193],
        [-0.11338385, -0.3409034 , -0.25127656, ...,  0.23789475,
          0.        ,  0.30976829],
        [-0.41557741, -0.61534772, -0.53874626, ..., -0.07468193,
         -0.30976829,  0.        ]],

       [[ 0.        , -0.09253279, -0.13737935, ...,  0.87823068,
          0.86657865,  0.84813933],
        [ 0.09253279,  0.        , -0.04513451, ...,  0.91871537,
          0.90903833,  0.8935219 ],
        [ 0.13737935,  0.04513451,  0.        , ...,  0.93560366,
          0.92692006,  0.9128776 ],
        ...,
        [-0.87823068, -0.91871537, -0.93560366, ...,  0.        ,
         -0.02384249, -0.05965128],
        [-0.86657865, -0.90903833, -0.92692006, ...,  0.02384249,
          0.        , -0.03583429],
        [-0.84813933, -0.8935219 , -0.9128776 , ...,  0.05965128,
          0.03583429,  0.        ]],

       ...,

       [[ 0.        ,  0.37935257,  0.31912253, ...,  0.88532332,
          0.86500326, -0.12105123],
        [-0.37935257,  0.        , -0.06424872, ...,  0.64275753,
          0.60999986, -0.48856583],
        [-0.31912253,  0.06424872,  0.        , ...,  0.69064854,
          0.65965033, -0.43149766],
        ...,
        [-0.88532332, -0.64275753, -0.69064854, ...,  0.        ,
         -0.04201965, -0.93509879],
        [-0.86500326, -0.60999986, -0.65965033, ...,  0.04201965,
          0.        , -0.91938167],
        [ 0.12105123,  0.48856583,  0.43149766, ...,  0.93509879,
          0.91938167,  0.        ]],

       [[ 0.        , -0.08469181, -0.14016669, ...,  0.89208441,
          0.84418073,  0.82845756],
        [ 0.08469181,  0.        , -0.05580737, ...,  0.92714891,
          0.88654753,  0.87291288],
        [ 0.14016669,  0.05580737,  0.        , ...,  0.94661463,
          0.91098448,  0.89877957],
        ...,
        [-0.89208441, -0.92714891, -0.94661463, ...,  0.        ,
         -0.09675065, -0.1252594 ],
        [-0.84418073, -0.88654753, -0.91098448, ...,  0.09675065,
          0.        , -0.02868312],
        [-0.82845756, -0.87291288, -0.89877957, ...,  0.1252594 ,
          0.02868312,  0.        ]],

       [[ 0.        , -0.03206759, -0.07571106, ...,  0.99640177,
          0.95982099,  0.9939992 ],
        [ 0.03206759,  0.        , -0.04369657, ...,  0.99317141,
          0.95032877,  0.99699578],
        [ 0.07571106,  0.04369657,  0.        , ...,  0.98712496,
          0.9358206 ,  0.99942805],
        ...,
        [-0.99640177, -0.99317141, -0.98712496, ...,  0.        ,
          0.1982531 , -0.19324075],
        [-0.95982099, -0.95032877, -0.9358206 , ..., -0.1982531 ,
          0.        , -0.38392138],
        [-0.9939992 , -0.99699578, -0.99942805, ...,  0.19324075,
          0.38392138,  0.        ]]]), 'num': array([7.07097046e-01, 7.07097046e-01, 0.00000000e+00, 0.00000000e+00,
       1.33744222e-03, 1.36193750e-03, 1.32764411e-03, 3.51745670e-03,
       6.53207432e-06, 1.38937221e-03, 1.43085088e-03, 1.29095562e-03,
       4.80662073e-07, 1.52720507e-03, 1.33449670e-03])}
{'img': array([[[ 0.        , -0.01405438, -0.26122561, ...,  0.87847502,
          0.68440671,  0.70137547],
        [ 0.01405438,  0.        , -0.24763342, ...,  0.88510327,
          0.69458617,  0.71132405],
        [ 0.26122561,  0.24763342,  0.        , ...,  0.97278295,
          0.85110229,  0.86322168],
        ...,
        [-0.87847502, -0.88510327, -0.97278295, ...,  0.        ,
         -0.31349503, -0.291061  ],
        [-0.68440671, -0.69458617, -0.85110229, ...,  0.31349503,
          0.        ,  0.02353353],
        [-0.70137547, -0.71132405, -0.86322168, ...,  0.291061  ,
         -0.02353353,  0.        ]],

       [[ 0.        ,  0.09374095,  0.44491166, ...,  0.3409034 ,
          0.61534772,  0.40940391],
        [-0.09374095,  0.        ,  0.35900055, ...,  0.25127656,
          0.53874626,  0.32207629],
        [-0.44491166, -0.35900055,  0.        , ..., -0.11295634,
          0.20038551, -0.03926492],
        ...,
        [-0.3409034 , -0.25127656,  0.11295634, ...,  0.        ,
          0.30976829,  0.07385561],
        [-0.61534772, -0.53874626, -0.20038551, ..., -0.30976829,
          0.        , -0.23869949],
        [-0.40940391, -0.32207629,  0.03926492, ..., -0.07385561,
          0.23869949,  0.        ]],

       [[ 0.        , -0.04513451, -0.13281746, ...,  0.90903833,
          0.8935219 ,  0.85029589],
        [ 0.04513451,  0.        , -0.08794747, ...,  0.92692006,
          0.9128776 ,  0.87318389],
        [ 0.13281746,  0.08794747,  0.        , ...,  0.95633141,
          0.9452434 ,  0.9126652 ],
        ...,
        [-0.90903833, -0.92692006, -0.95633141, ...,  0.        ,
         -0.03583429, -0.12410242],
        [-0.8935219 , -0.9128776 , -0.9452434 , ...,  0.03583429,
          0.        , -0.08846545],
        [-0.85029589, -0.87318389, -0.9126652 , ...,  0.12410242,
          0.08846545,  0.        ]],

       ...,

       [[ 0.        , -0.06424872, -0.57022994, ...,  0.60999986,
         -0.48856583, -0.33643719],
        [ 0.06424872,  0.        , -0.51627243, ...,  0.65965033,
         -0.43149766, -0.27523868],
        [ 0.57022994,  0.51627243,  0.        , ...,  0.95295688,
          0.09619148,  0.26061075],
        ...,
        [-0.60999986, -0.65965033, -0.95295688, ...,  0.        ,
         -0.91938167, -0.84103381],
        [ 0.48856583,  0.43149766, -0.09619148, ...,  0.91938167,
          0.        ,  0.16653478],
        [ 0.33643719,  0.27523868, -0.26061075, ...,  0.84103381,
         -0.16653478,  0.        ]],

       [[ 0.        , -0.05580737, -0.05914637, ...,  0.88654753,
          0.87291288,  0.84891324],
        [ 0.05580737,  0.        , -0.00334452, ...,  0.91098448,
          0.89877957,  0.87708625],
        [ 0.05914637,  0.00334452,  0.        , ...,  0.9123588 ,
          0.90024079,  0.87868783],
        ...,
        [-0.88654753, -0.91098448, -0.9123588 , ...,  0.        ,
         -0.02868312, -0.07582983],
