state_0,state_1,state_2,state_3,state_4,state_5,state_6,state_7,state_8,state_9,state_10,state_11,state_12,state_13,state_14,state_15,state_16,state_17,state_18,state_19,state_20,state_21,state_22,state_23,state_24,state_25,state_26,state_27,state_28,state_29,state_30,state_31,state_32,state_33,state_34,state_35,state_36,state_37,state_38,state_39,state_40,state_41,state_42,state_43,state_44,state_45,state_46,state_47,state_48,state_49,state_50,state_51,state_52,state_53,state_54,state_55,state_56,state_57,state_58,state_59,state_60,state_61,state_62,state_63,state_64,state_65,state_66,state_67,state_68,state_69,state_70,state_71,state_72,state_73,state_74,state_75,state_76,state_77,state_78,state_79,state_80,state_81,state_82,state_83,state_84,state_85,state_86,state_87,state_88,state_89,state_90,state_91,state_92,state_93,state_94,state_95,state_96,state_97,state_98,state_99,state_100,state_101,state_102,state_103,state_104,state_105,state_106,state_107,state_108,state_109,state_110,state_111,state_112,state_113,state_114,state_115,state_116,state_117,state_118,state_119,state_120,state_121,state_122,state_123,state_124,state_125,state_126,state_127,state_128,state_129,state_130,state_131,state_132,state_133,state_134,state_135,state_136,state_137,state_138,state_139,state_140,state_141,state_142,state_143,state_144,state_145,state_146,state_147,state_148,state_149,state_150,state_151,state_152,state_153,state_154,state_155,state_156,state_157,state_158,state_159,state_160,state_161,state_162,state_163,state_164,state_165,state_166,state_167,state_168,state_169,state_170,state_171,state_172,state_173,state_174,state_175,state_176,state_177,state_178,state_179,state_180,state_181,state_182,state_183,state_184,state_185,state_186,state_187,state_188,state_189,state_190,state_191,state_192,state_193,state_194,state_195,state_196,state_197,state_198,state_199,state_200,state_201,state_202,state_203,state_204,state_205,state_206,state_207,state_208,state_209,state_210,state_211,state_212,state_213,state_214,state_215,state_216,state_217,state_218,state_219,state_220,state_221,state_222,state_223,state_224,state_225,state_226,state_227,state_228,state_229,state_230,state_231,state_232,state_233,state_234,state_235,state_236,state_237,state_238,state_239,state_240,state_241,state_242,state_243,state_244,state_245,state_246,state_247,state_248,state_249,state_250,state_251,state_252,state_253,state_254,state_255,state_256,state_257,state_258,state_259,state_260,state_261,state_262,state_263,state_264,state_265,state_266,state_267,state_268,state_269,state_270,state_271,state_272,state_273,state_274,state_275,state_276,state_277,state_278,state_279,state_280,state_281,state_282,state_283,state_284,state_285,state_286,state_287
{'img': array([[[ 0.        ,  0.22996924, -0.16394595, ...,  0.99792227,
          0.94716229,  0.94716229],
        [-0.22996924,  0.        , -0.38640946, ...,  0.95635907,
          0.99554007,  0.99554007],
        [ 0.16394595,  0.38640946,  0.        , ...,  0.99498265,
          0.88176011,  0.88176011],
        ...,
        [-0.99792227, -0.95635907, -0.99498265, ...,  0.        ,
          0.38111339,  0.38111339],
        [-0.94716229, -0.99554007, -0.88176011, ..., -0.38111339,
          0.        ,  0.        ],
        [-0.94716229, -0.99554007, -0.88176011, ..., -0.38111339,
          0.        ,  0.        ]],

       [[ 0.        ,  0.00957648,  0.06769545, ...,  0.77722192,
          0.2892049 ,  0.13823274],
        [-0.00957648,  0.        ,  0.05813783, ...,  0.7711605 ,
          0.28002438,  0.12874185],
        [-0.06769545, -0.05813783,  0.        , ...,  0.73284322,
          0.22373884,  0.07087008],
        ...,
        [-0.77722192, -0.7711605 , -0.73284322, ...,  0.        ,
         -0.56203366, -0.6827807 ],
        [-0.2892049 , -0.28002438, -0.22373884, ...,  0.56203366,
          0.        , -0.15410279],
        [-0.13823274, -0.12874185, -0.07087008, ...,  0.6827807 ,
          0.15410279,  0.        ]],

       [[ 0.        ,  0.07302442,  0.05887127, ...,  0.99900473,
          0.95921853,  0.66429022],
        [-0.07302442,  0.        , -0.01418367, ...,  0.99959475,
          0.97729905,  0.71710058],
        [-0.05887127,  0.01418367,  0.        , ...,  0.99989795,
          0.97419572,  0.70714285],
        ...,
        [-0.99900473, -0.99959475, -0.99989795, ...,  0.        ,
          0.2395989 ,  0.71710058],
        [-0.95921853, -0.97729905, -0.97419572, ..., -0.2395989 ,
          0.        ,  0.52921967],
        [-0.66429022, -0.71710058, -0.70714285, ..., -0.71710058,
         -0.52921967,  0.        ]],

       ...,

       [[ 0.        , -0.12265624, -0.20749284, ...,  0.99588126,
          0.76187705,  0.93348586],
        [ 0.12265624,  0.        , -0.08593929, ...,  0.99948246,
          0.83557139,  0.97042358],
        [ 0.20749284,  0.08593929,  0.        , ...,  0.9930202 ,
          0.87969358,  0.98757985],
        ...,
        [-0.99588126, -0.99948246, -0.9930202 , ...,  0.        ,
         -0.57597671, -0.27250075],
        [-0.76187705, -0.83557139, -0.87969358, ...,  0.57597671,
          0.        ,  0.33141908],
        [-0.93348586, -0.97042358, -0.98757985, ...,  0.27250075,
         -0.33141908,  0.        ]],

       [[ 0.        , -0.51224573, -0.60655968, ..., -0.9959324 ,
         -0.99988649, -0.99363444],
        [ 0.51224573,  0.        , -0.11368226, ..., -0.90150069,
         -0.85102362, -0.79566615],
        [ 0.60655968,  0.11368226,  0.        , ..., -0.84645725,
         -0.7858089 , -0.72164659],
        ...,
        [ 0.9959324 ,  0.90150069,  0.84645725, ...,  0.        ,
          0.1050987 ,  0.20172435],
        [ 0.99988649,  0.85102362,  0.7858089 , ..., -0.1050987 ,
          0.        ,  0.09766904],
        [ 0.99363444,  0.79566615,  0.72164659, ..., -0.20172435,
         -0.09766904,  0.        ]],

       [[ 0.        , -0.04896925, -0.25668786, ...,  0.99956911,
          0.99852662,  0.99982804],
        [ 0.04896925,  0.        , -0.20905141, ...,  0.99693253,
          0.99467141,  0.99772042],
        [ 0.25668786,  0.20905141,  0.        , ...,  0.9585434 ,
          0.95114143,  0.96156799],
        ...,
        [-0.99956911, -0.99693253, -0.9585434 , ...,  0.        ,
          0.0249311 , -0.01081119],
        [-0.99852662, -0.99467141, -0.95114143, ..., -0.0249311 ,
          0.        , -0.03573747],
        [-0.99982804, -0.99772042, -0.96156799, ...,  0.01081119,
          0.03573747,  0.        ]]]), 'num': array([ 7.07105731e-01,  7.07105731e-01,  0.00000000e+00,  0.00000000e+00,
        4.96686725e-04,  4.96686725e-04,  4.92608837e-04,  1.02410441e-03,
       -1.63115509e-06,  4.95218685e-04,  4.86736679e-04,  4.77411909e-04,
        4.78472160e-07,  5.01557767e-04,  4.71915590e-04])}
{'img': array([[[ 0.        , -0.38640946,  0.1131066 , ...,  0.99554007,
          0.99554007,  0.95635907],
        [ 0.38640946,  0.        ,  0.48825113, ...,  0.88176011,
          0.88176011,  0.99498265],
        [-0.1131066 , -0.48825113,  0.        , ...,  0.99982198,
          0.99982198,  0.9171729 ],
        ...,
        [-0.99554007, -0.88176011, -0.99982198, ...,  0.        ,
          0.        , -0.38111339],
        [-0.99554007, -0.88176011, -0.99982198, ...,  0.        ,
          0.        , -0.38111339],
        [-0.95635907, -0.99498265, -0.9171729 , ...,  0.38111339,
          0.38111339,  0.        ]],

       [[ 0.        ,  0.05813783,  0.14887607, ...,  0.28002438,
          0.12874185,  0.00446951],
        [-0.05813783,  0.        ,  0.09113432, ...,  0.22373884,
          0.07087008, -0.0536753 ],
        [-0.14887607, -0.09113432,  0.        , ...,  0.13398379,
         -0.02033   , -0.14445488],
        ...,
        [-0.28002438, -0.22373884, -0.13398379, ...,  0.        ,
         -0.15410279, -0.27573089],
        [-0.12874185, -0.07087008,  0.02033   , ...,  0.15410279,
          0.        , -0.12430825],
        [-0.00446951,  0.0536753 ,  0.14445488, ...,  0.27573089,
          0.12430825,  0.        ]],

       [[ 0.        , -0.01337475,  0.37463884, ...,  0.99974917,
          0.98332898,  0.68766578],
        [ 0.01337475,  0.        ,  0.38700601, ...,  0.99995929,
          0.98080902,  0.67789383],
        [-0.37463884, -0.38700601,  0.        , ...,  0.9185477 ,
          0.97983655,  0.90958171],
        ...,
        [-0.99974917, -0.99995929, -0.9185477 , ...,  0.        ,
          0.20381285,  0.74124653],
        [-0.98332898, -0.98080902, -0.97983655, ..., -0.20381285,
          0.        ,  0.58888179],
        [-0.68766578, -0.67789383, -0.90958171, ..., -0.74124653,
         -0.58888179,  0.        ]],

       ...,

       [[ 0.        , -0.08593929,  0.45290801, ...,  0.83557139,
          0.97042358,  0.97042358],
        [ 0.08593929,  0.        ,  0.52785222, ...,  0.87969358,
          0.98757985,  0.98757985],
        [-0.45290801, -0.52785222,  0.        , ...,  0.49614027,
          0.75585232,  0.75585232],
        ...,
        [-0.83557139, -0.87969358, -0.49614027, ...,  0.        ,
          0.33141908,  0.33141908],
        [-0.97042358, -0.98757985, -0.75585232, ..., -0.33141908,
          0.        ,  0.        ],
        [-0.97042358, -0.98757985, -0.75585232, ..., -0.33141908,
          0.        ,  0.        ]],

       [[ 0.        , -0.36411511, -0.45182752, ..., -0.99574502,
         -0.98037376, -0.96316231],
        [ 0.36411511,  0.        , -0.09598232, ..., -0.8938374 ,
         -0.84129045, -0.79912693],
        [ 0.45182752,  0.09598232,  0.        , ..., -0.84667295,
         -0.78551979, -0.73773643],
        ...,
        [ 0.99574502,  0.8938374 ,  0.84667295, ...,  0.        ,
          0.10596636,  0.17901986],
        [ 0.98037376,  0.84129045,  0.78551979, ..., -0.10596636,
          0.        ,  0.0737574 ],
        [ 0.96316231,  0.79912693,  0.73773643, ..., -0.17901986,
         -0.0737574 ,  0.        ]],

       [[ 0.        , -0.20905141, -0.28028983, ...,  0.99467141,
          0.99772042,  0.99206886],
        [ 0.20905141,  0.        , -0.07342506, ...,  0.95114143,
          0.96156799,  0.94387192],
        [ 0.28028983,  0.07342506,  0.        , ...,  0.92590366,
          0.93881238,  0.91707101],
        ...,
        [-0.99467141, -0.95114143, -0.92590366, ...,  0.        ,
         -0.03573747,  0.02274742],
        [-0.99772042, -0.96156799, -0.93881238, ...,  0.03573747,
          0.        ,  0.05846111],
        [-0.99206886, -0.94387192, -0.91707101, ..., -0.02274742,
         -0.05846111,  0.        ]]]), 'num': array([ 7.07105229e-01,  7.07105229e-01,  0.00000000e+00,  0.00000000e+00,
        4.93424064e-04,  4.97501949e-04,  4.88530603e-04,  1.57202460e-03,
       -3.26230786e-06,  4.96686372e-04,  4.87429574e-04,  4.77724208e-04,
        4.34974382e-07,  5.02139607e-04,  4.72719540e-04])}
{'img': array([[[ 0.        ,  0.48825113,  0.4210309 , ...,  0.88176011,
          0.99498265,  0.98102795],
        [-0.48825113,  0.        , -0.07543137, ...,  0.99982198,
          0.9171729 ,  0.76149073],
        [-0.4210309 ,  0.07543137,  0.        , ...,  0.99839672,
          0.94461848,  0.80821403],
        ...,
        [-0.88176011, -0.99982198, -0.99839672, ...,  0.        ,
         -0.38111339, -0.63369267],
        [-0.99498265, -0.9171729 , -0.94461848, ...,  0.38111339,
          0.        , -0.29104323],
        [-0.98102795, -0.76149073, -0.80821403, ...,  0.63369267,
          0.29104323,  0.        ]],

       [[ 0.        ,  0.09113432, -0.11206281, ...,  0.07087008,
         -0.0536753 ,  0.24833977],
        [-0.09113432,  0.        , -0.20215675, ..., -0.02033   ,
         -0.14445488,  0.15902698],
        [ 0.11206281,  0.20215675,  0.        , ...,  0.18220471,
          0.05856406,  0.35532772],
        ...,
        [-0.07087008,  0.02033   , -0.18220471, ...,  0.        ,
         -0.12430825,  0.1790654 ],
        [ 0.0536753 ,  0.14445488, -0.05856406, ...,  0.12430825,
          0.        ,  0.29997558],
        [-0.24833977, -0.15902698, -0.35532772, ..., -0.1790654 ,
         -0.29997558,  0.        ]],

       [[ 0.        ,  0.3778004 ,  0.52079239, ...,  0.99509887,
          0.90413979,  0.66637805],
        [-0.3778004 ,  0.        ,  0.15967301, ...,  0.95870797,
          0.99854155,  0.8986841 ],
        [-0.52079239, -0.15967301,  0.        , ...,  0.90099792,
          0.99435075,  0.95718597],
        ...,
        [-0.99509887, -0.95870797, -0.90099792, ...,  0.        ,
          0.33573693,  0.67606487],
        [-0.90413979, -0.99854155, -0.99435075, ..., -0.33573693,
          0.        ,  0.38943812],
        [-0.66637805, -0.8986841 , -0.95718597, ..., -0.67606487,
         -0.38943812,  0.        ]],

       ...,

       [[ 0.        ,  0.52785222,  0.58218802, ...,  0.98757985,
          0.98757985,  0.92098705],
        [-0.52785222,  0.        ,  0.06530093, ...,  0.75585232,
          0.75585232,  0.57658004],
        [-0.58218802, -0.06530093,  0.        , ...,  0.71148378,
          0.71148378,  0.52199588],
        ...,
        [-0.98757985, -0.75585232, -0.71148378, ...,  0.        ,
          0.        , -0.24005084],
        [-0.98757985, -0.75585232, -0.71148378, ...,  0.        ,
          0.        , -0.24005084],
        [-0.92098705, -0.57658004, -0.52199588, ...,  0.24005084,
          0.24005084,  0.        ]],

       [[ 0.        , -0.28219744, -0.48651247, ..., -0.97084748,
         -0.94941573, -0.93783116],
        [ 0.28219744,  0.        , -0.22019036, ..., -0.86374651,
         -0.82221182, -0.80176587],
        [ 0.48651247,  0.22019036,  0.        , ..., -0.73158774,
         -0.6767039 , -0.65049388],
        ...,
        [ 0.97084748,  0.86374651,  0.73158774, ...,  0.        ,
          0.07729427,  0.11217685],
        [ 0.94941573,  0.82221182,  0.6767039 , ..., -0.07729427,
          0.        ,  0.03503485],
        [ 0.93783116,  0.80176587,  0.65049388, ..., -0.11217685,
         -0.03503485,  0.        ]],

       [[ 0.        , -0.07342506, -0.14501943, ...,  0.96156799,
          0.94387192,  0.86245719],
        [ 0.07342506,  0.        , -0.07197912, ...,  0.93881238,
          0.91707101,  0.82296657],
        [ 0.14501943,  0.07197912,  0.        , ...,  0.91158554,
          0.88599247,  0.7799413 ],
        ...,
        [-0.96156799, -0.93881238, -0.91158554, ...,  0.        ,
          0.05846111,  0.24987621],
        [-0.94387192, -0.91707101, -0.88599247, ..., -0.05846111,
          0.        ,  0.19284225],
        [-0.86245719, -0.82296657, -0.7799413 , ..., -0.24987621,
         -0.19284225,  0.        ]]]), 'num': array([ 7.07104928e-01,  7.07104928e-01,  0.00000000e+00,  0.00000000e+00,
        4.86899241e-04,  4.95055008e-04,  4.81190205e-04,  1.82738097e-03,
       -6.52461295e-06,  4.94728777e-04,  4.87796376e-04,  4.78063828e-04,
        4.53098121e-07,  5.02062207e-04,  4.73530544e-04])}
{'img': array([[[ 0.        , -0.07543137, -0.3385686 , ...,  0.9171729 ,
          0.76149073,  0.45497716],
        [ 0.07543137,  0.        , -0.2666275 , ...,  0.94461848,
          0.80821403,  0.5208528 ],
        [ 0.3385686 ,  0.2666275 ,  0.        , ...,  0.99792227,
          0.93597037,  0.72960338],
        ...,
        [-0.9171729 , -0.94461848, -0.99792227, ...,  0.        ,
         -0.29104323, -0.63544171],
        [-0.76149073, -0.80821403, -0.93597037, ...,  0.29104323,
          0.        , -0.38320468],
        [-0.45497716, -0.5208528 , -0.72960338, ...,  0.63544171,
          0.38320468,  0.        ]],

       [[ 0.        , -0.20215675, -0.04203029, ..., -0.14445488,
          0.15902698,  0.27650355],
        [ 0.20215675,  0.        ,  0.16081561, ...,  0.05856406,
          0.35532772,  0.46506988],
        [ 0.04203029, -0.16081561,  0.        , ..., -0.10273778,
          0.20038187,  0.31665087],
        ...,
        [ 0.14445488, -0.05856406,  0.10273778, ...,  0.        ,
          0.29997558,  0.41242642],
        [-0.15902698, -0.35532772, -0.20038187, ..., -0.29997558,
          0.        ,  0.12015786],
        [-0.27650355, -0.46506988, -0.31665087, ..., -0.41242642,
         -0.12015786,  0.        ]],

       [[ 0.        ,  0.15967301,  0.15967301, ...,  0.99854155,
          0.8986841 ,  0.99996023],
        [-0.15967301,  0.        ,  0.        , ...,  0.99435075,
          0.95718597,  0.98570669],
        [-0.15967301,  0.        ,  0.        , ...,  0.99435075,
          0.95718597,  0.98570669],
        ...,
        [-0.99854155, -0.99435075, -0.99435075, ...,  0.        ,
          0.38943812, -0.06289172],
        [-0.8986841 , -0.95718597, -0.95718597, ..., -0.38943812,
          0.        , -0.44659376],
        [-0.99996023, -0.98570669, -0.98570669, ...,  0.06289172,
          0.44659376,  0.        ]],

       ...,

       [[ 0.        ,  0.06530093,  0.        , ...,  0.75585232,
          0.57658004,  0.65458658],
        [-0.06530093,  0.        , -0.06530093, ...,  0.71148378,
          0.52199588,  0.60382279],
        [ 0.        ,  0.06530093,  0.        , ...,  0.75585232,
          0.57658004,  0.65458658],
        ...,
        [-0.75585232, -0.71148378, -0.75585232, ...,  0.        ,
         -0.24005084, -0.14282914],
        [-0.57658004, -0.52199588, -0.57658004, ...,  0.24005084,
          0.        ,  0.09893683],
        [-0.65458658, -0.60382279, -0.65458658, ...,  0.14282914,
         -0.09893683,  0.        ]],

       [[ 0.        , -0.40898761, -0.54542981, ..., -0.93996198,
         -0.92701065, -0.92880863],
        [ 0.40898761,  0.        , -0.15493085, ..., -0.71817389,
         -0.69254957, -0.69602063],
        [ 0.54542981,  0.15493085,  0.        , ..., -0.60169141,
         -0.57242473, -0.57637267],
        ...,
        [ 0.93996198,  0.71817389,  0.60169141, ...,  0.        ,
          0.03614922,  0.03132903],
        [ 0.92701065,  0.69254957,  0.57242473, ..., -0.03614922,
          0.        , -0.00482292],
        [ 0.92880863,  0.69602063,  0.57637267, ..., -0.03132903,
          0.00482292,  0.        ]],

       [[ 0.        , -0.07129117, -0.24320907, ...,  0.9401958 ,
          0.87650436,  0.6440406 ],
        [ 0.07129117,  0.        , -0.17343966, ...,  0.91351928,
          0.839955  ,  0.58786474],
        [ 0.24320907,  0.17343966,  0.        , ...,  0.82911998,
          0.73310698,  0.43864974],
        ...,
        [-0.9401958 , -0.91351928, -0.82911998, ...,  0.        ,
          0.15403693,  0.49985918],
        [-0.87650436, -0.839955  , -0.73310698, ..., -0.15403693,
          0.        ,  0.36048099],
        [-0.6440406 , -0.58786474, -0.43864974, ..., -0.49985918,
         -0.36048099,  0.        ]]]), 'num': array([ 7.07105682e-01,  7.07105682e-01,  0.00000000e+00,  0.00000000e+00,
        4.77928408e-04,  4.83637450e-04,  4.77112830e-04,  1.11146900e-03,
       -8.97135236e-06,  4.90651416e-04,  4.88204684e-04,  4.78077930e-04,
        3.60125124e-07,  5.00748679e-04,  4.75660689e-04])}
{'img': array([[[ 0.00000000e+00, -2.66627498e-01, -2.28275619e-01, ...,
          8.08214029e-01,  5.20852799e-01,  1.13026044e-01],
        [ 2.66627498e-01,  0.00000000e+00,  3.95756490e-02, ...,
          9.35970365e-01,  7.29603381e-01,  3.73853418e-01],
        [ 2.28275619e-01, -3.95756490e-02,  0.00000000e+00, ...,
          9.21303358e-01,  7.01967173e-01,  3.36854601e-01],
        ...,
        [-8.08214029e-01, -9.35970365e-01, -9.21303358e-01, ...,
          0.00000000e+00, -3.83204676e-01, -7.36475237e-01],
        [-5.20852799e-01, -7.29603381e-01, -7.01967173e-01, ...,
          3.83204676e-01,  0.00000000e+00, -4.21030900e-01],
        [-1.13026044e-01, -3.73853418e-01, -3.36854601e-01, ...,
          7.36475237e-01,  4.21030900e-01,  0.00000000e+00]],

       [[ 0.00000000e+00,  1.60815613e-01, -4.91306077e-04, ...,
          3.55327722e-01,  4.65069875e-01,  1.13612382e-01],
        [-1.60815613e-01,  0.00000000e+00, -1.61300505e-01, ...,
          2.00381869e-01,  3.16650867e-01, -4.76406994e-02],
        [ 4.91306077e-04,  1.61300505e-01,  0.00000000e+00, ...,
          3.55786923e-01,  4.65504760e-01,  1.14100493e-01],
        ...,
        [-3.55327722e-01, -2.00381869e-01, -3.55786923e-01, ...,
          0.00000000e+00,  1.20157862e-01, -2.46828788e-01],
        [-4.65069875e-01, -3.16650867e-01, -4.65504760e-01, ...,
         -1.20157862e-01,  0.00000000e+00, -3.61480533e-01],
        [-1.13612382e-01,  4.76406994e-02, -1.14100493e-01, ...,
          2.46828788e-01,  3.61480533e-01,  0.00000000e+00]],

       [[ 0.00000000e+00,  0.00000000e+00, -4.61435841e-02, ...,
          9.57185973e-01,  9.85706694e-01,  8.59982944e-01],
        [ 0.00000000e+00,  0.00000000e+00, -4.61435841e-02, ...,
          9.57185973e-01,  9.85706694e-01,  8.59982944e-01],
        [ 4.61435841e-02,  4.61435841e-02,  0.00000000e+00, ...,
          9.42809042e-01,  9.92430570e-01,  8.82615027e-01],
        ...,
        [-9.57185973e-01, -9.57185973e-01, -9.42809042e-01, ...,
          0.00000000e+00, -4.46593757e-01, -7.37416234e-01],
        [-9.85706694e-01, -9.85706694e-01, -9.92430570e-01, ...,
          4.46593757e-01,  0.00000000e+00, -3.58146813e-01],
        [-8.59982944e-01, -8.59982944e-01, -8.82615027e-01, ...,
          7.37416234e-01,  3.58146813e-01,  0.00000000e+00]],

       ...,

       [[ 0.00000000e+00, -6.53009261e-02,  5.70344352e-02, ...,
          5.21995882e-01,  6.03822790e-01,  1.44192812e-01],
        [ 6.53009261e-02,  0.00000000e+00,  1.22107332e-01, ...,
          5.76580037e-01,  6.54586583e-01,  2.08503555e-01],
        [-5.70344352e-02, -1.22107332e-01,  0.00000000e+00, ...,
          4.72498775e-01,  5.57376686e-01,  8.75196934e-02],
        ...,
        [-5.21995882e-01, -5.76580037e-01, -4.72498775e-01, ...,
          0.00000000e+00,  9.89368259e-02, -3.93551851e-01],
        [-6.03822790e-01, -6.54586583e-01, -5.57376686e-01, ...,
         -9.89368259e-02,  0.00000000e+00, -4.82573837e-01],
        [-1.44192812e-01, -2.08503555e-01, -8.75196934e-02, ...,
          3.93551851e-01,  4.82573837e-01,  0.00000000e+00]],

       [[ 0.00000000e+00, -3.86677435e-01, -6.56128528e-01, ...,
         -8.99016341e-01, -9.01280918e-01, -9.35411293e-01],
        [ 3.86677435e-01,  0.00000000e+00, -3.13285789e-01, ...,
         -6.59754502e-01, -6.63652547e-01, -7.25936111e-01],
        [ 6.56128528e-01,  3.13285789e-01,  0.00000000e+00, ...,
         -3.91113349e-01, -3.95892937e-01, -4.73925580e-01],
        ...,
        [ 8.99016341e-01,  6.59754502e-01,  3.91113349e-01, ...,
          0.00000000e+00, -5.19901446e-03, -9.17731736e-02],
        [ 9.01280918e-01,  6.63652547e-01,  3.95892937e-01, ...,
          5.19901446e-03,  0.00000000e+00, -8.65948590e-02],
        [ 9.35411293e-01,  7.25936111e-01,  4.73925580e-01, ...,
          9.17731736e-02,  8.65948590e-02,  0.00000000e+00]],

       [[ 0.00000000e+00, -1.65809410e-01, -2.13368411e-01, ...,
          9.59160294e-01,  9.24264518e-01,  5.65932007e-01],
        [ 1.65809410e-01,  0.00000000e+00, -4.84238060e-02, ...,
          8.98982058e-01,  8.48172494e-01,  4.21396387e-01],
        [ 2.13368411e-01,  4.84238060e-02,  0.00000000e+00, ...,
          8.76718521e-01,  8.21526420e-01,  3.76987624e-01],
        ...,
        [-9.59160294e-01, -8.98982058e-01, -8.76718521e-01, ...,
          0.00000000e+00,  1.04721681e-01,  6.30700263e-01],
        [-9.24264518e-01, -8.48172494e-01, -8.21526420e-01, ...,
         -1.04721681e-01,  0.00000000e+00,  5.45965598e-01],
        [-5.65932007e-01, -4.21396387e-01, -3.76987624e-01, ...,
         -6.30700263e-01, -5.45965598e-01,  0.00000000e+00]]]), 'num': array([ 7.07105491e-01,  7.07105491e-01,  0.00000000e+00,  0.00000000e+00,
        4.76297125e-04,  4.78743856e-04,  4.71403661e-04,  1.33883533e-03,
       -1.63115454e-06,  4.86247167e-04,  4.87185081e-04,  4.78091395e-04,
        3.69728362e-07,  5.00114232e-04,  4.74255930e-04])}
{'img': array([[[ 0.        ,  0.03957565, -0.47977083, ...,  0.72960338,
          0.37385342,  0.30282663],
        [-0.03957565,  0.        , -0.5141184 , ...,  0.70196717,
          0.3368546 ,  0.26487199],
        [ 0.47977083,  0.5141184 ,  0.        , ...,  0.96825065,
          0.77299828,  0.72294173],
        ...,
        [-0.72960338, -0.70196717, -0.96825065, ...,  0.        ,
         -0.4210309 , -0.48825113],
        [-0.37385342, -0.3368546 , -0.77299828, ...,  0.4210309 ,
          0.        , -0.07543137],
        [-0.30282663, -0.26487199, -0.72294173, ...,  0.48825113,
          0.07543137,  0.        ]],

       [[ 0.        , -0.1613005 , -0.01072058, ...,  0.31665087,
         -0.0476407 ,  0.08224363],
        [ 0.1613005 ,  0.        ,  0.15071104, ...,  0.46550476,
          0.11410049,  0.24192074],
        [ 0.01072058, -0.15071104,  0.        , ...,  0.32680159,
         -0.03692956,  0.09292317],
        ...,
        [-0.31665087, -0.46550476, -0.32680159, ...,  0.        ,
         -0.36148053, -0.23756658],
        [ 0.0476407 , -0.11410049,  0.03692956, ...,  0.36148053,
          0.        ,  0.12962955],
        [-0.08224363, -0.24192074, -0.09292317, ...,  0.23756658,
         -0.12962955,  0.        ]],

       [[ 0.        , -0.04614358, -0.11186982, ...,  0.98570669,
          0.85998294,  0.67996381],
        [ 0.04614358,  0.        , -0.06589672, ...,  0.99243057,
          0.88261503,  0.71307411],
        [ 0.11186982,  0.06589672,  0.        , ...,  0.99836605,
          0.91167444,  0.75772365],
        ...,
        [-0.98570669, -0.99243057, -0.99836605, ...,  0.        ,
         -0.35814681, -0.60821132],
        [-0.85998294, -0.88261503, -0.91167444, ...,  0.35814681,
          0.        , -0.28357776],
        [-0.67996381, -0.71307411, -0.75772365, ...,  0.60821132,
          0.28357776,  0.        ]],

       ...,

       [[ 0.        ,  0.12210733, -0.11949566, ...,  0.65458658,
          0.20850356,  0.259894  ],
        [-0.12210733,  0.        , -0.23983386, ...,  0.55737669,
          0.08751969,  0.14003781],
        [ 0.11949566,  0.23983386,  0.        , ...,  0.74023346,
          0.32387891,  0.37342124],
        ...,
        [-0.65458658, -0.55737669, -0.74023346, ...,  0.        ,
         -0.48257384, -0.43561663],
        [-0.20850356, -0.08751969, -0.32387891, ...,  0.48257384,
          0.        ,  0.05284317],
        [-0.259894  , -0.14003781, -0.37342124, ...,  0.43561663,
         -0.05284317,  0.        ]],

       [[ 0.        , -0.56417775, -0.84887372, ..., -0.87102825,
         -0.91283209, -0.92969931],
        [ 0.56417775,  0.        , -0.40265351, ..., -0.44202472,
         -0.52330929, -0.55981174],
        [ 0.84887372,  0.40265351,  0.        , ..., -0.04342706,
         -0.13589415, -0.17877838],
        ...,
        [ 0.87102825,  0.44202472,  0.04342706, ...,  0.        ,
         -0.09274174, -0.13588229],
        [ 0.91283209,  0.52330929,  0.13589415, ...,  0.09274174,
          0.        , -0.0434151 ],
        [ 0.92969931,  0.55981174,  0.17877838, ...,  0.13588229,
          0.0434151 ,  0.        ]],

       [[ 0.        , -0.04842381, -0.05278718, ...,  0.84817249,
          0.42139639,  0.78441976],
        [ 0.04842381,  0.        , -0.00436896, ...,  0.82152642,
          0.37698762,  0.75346563],
        [ 0.05278718,  0.00436896,  0.        , ...,  0.81902753,
          0.37293742,  0.7505859 ],
        ...,
        [-0.84817249, -0.82152642, -0.81902753, ...,  0.        ,
          0.5459656 ,  0.11053935],
        [-0.42139639, -0.37698762, -0.37293742, ..., -0.5459656 ,
          0.        , -0.45000908],
        [-0.78441976, -0.75346563, -0.7505859 , ..., -0.11053935,
          0.45000908,  0.        ]]]), 'num': array([ 7.07105176e-01,  7.07105176e-01,  0.00000000e+00,  0.00000000e+00,
        4.73850181e-04,  4.76296912e-04,  4.66509989e-04,  1.64309385e-03,
       -2.44673071e-06,  4.81679720e-04,  4.86491623e-04,  4.78159146e-04,
        3.10148964e-07,  5.00660145e-04,  4.72323102e-04])}
{'img': array([[[ 0.        , -0.5141184 , -0.95911434, ...,  0.3368546 ,
          0.26487199,  0.15386405],
        [ 0.5141184 ,  0.        , -0.6771456 , ...,  0.77299828,
          0.72294173,  0.63996845],
        [ 0.95911434,  0.6771456 ,  0.        , ...,  0.99839672,
          0.99982198,  0.99123966],
        ...,
        [-0.3368546 , -0.77299828, -0.99839672, ...,  0.        ,
         -0.07543137, -0.18797162],
        [-0.26487199, -0.72294173, -0.99982198, ...,  0.07543137,
          0.        , -0.11334933],
        [-0.15386405, -0.63996845, -0.99123966, ...,  0.18797162,
          0.11334933,  0.        ]],

       [[ 0.        ,  0.15071104,  0.10286268, ...,  0.11410049,
          0.24192074,  0.38774025],
        [-0.15071104,  0.        , -0.04822383, ..., -0.03692956,
          0.09292317,  0.24439071],
        [-0.10286268,  0.04822383,  0.        , ...,  0.01130435,
          0.14083024,  0.29086791],
        ...,
        [-0.11410049,  0.03692956, -0.01130435, ...,  0.        ,
          0.12962955,  0.28003374],
        [-0.24192074, -0.09292317, -0.14083024, ..., -0.12962955,
          0.        ,  0.15322786],
        [-0.38774025, -0.24439071, -0.29086791, ..., -0.28003374,
         -0.15322786,  0.        ]],

       [[ 0.        , -0.06589672, -0.33702115, ...,  0.88261503,
          0.71307411,  0.50901301],
        [ 0.06589672,  0.        , -0.27424705, ...,  0.91167444,
          0.75772365,  0.56462783],
        [ 0.33702115,  0.27424705,  0.        , ...,  0.98941193,
          0.9076389 ,  0.76932819],
        ...,
        [-0.88261503, -0.91167444, -0.98941193, ...,  0.        ,
         -0.28357776, -0.52043345],
        [-0.71307411, -0.75772365, -0.9076389 , ...,  0.28357776,
          0.        , -0.25692158],
        [-0.50901301, -0.56462783, -0.76932819, ...,  0.52043345,
          0.25692158,  0.        ]],

       ...,

       [[ 0.        , -0.23983386, -0.22468039, ...,  0.08751969,
          0.14003781, -0.2031055 ],
        [ 0.23983386,  0.        ,  0.01557906, ...,  0.32387891,
          0.37342124,  0.03765732],
        [ 0.22468039, -0.01557906,  0.        , ...,  0.30910028,
          0.35892382,  0.02208475],
        ...,
        [-0.08751969, -0.32387891, -0.30910028, ...,  0.        ,
          0.05284317, -0.28802165],
        [-0.14003781, -0.37342124, -0.35892382, ..., -0.05284317,
          0.        , -0.33822311],
        [ 0.2031055 , -0.03765732, -0.02208475, ...,  0.28802165,
          0.33822311,  0.        ]],

       [[ 0.        , -0.73820737, -0.91320964, ..., -0.83984349,
         -0.86660689, -0.84375101],
        [ 0.73820737,  0.        , -0.31521517, ..., -0.16581637,
         -0.21623116, -0.1729508 ],
        [ 0.91320964,  0.31521517,  0.        , ...,  0.15348844,
          0.10255012,  0.14633122],
        ...,
        [ 0.83984349,  0.16581637, -0.15348844, ...,  0.        ,
         -0.05134428, -0.00723898],
        [ 0.86660689,  0.21623116, -0.10255012, ...,  0.05134428,
          0.        ,  0.0441135 ],
        [ 0.84375101,  0.1729508 , -0.14633122, ...,  0.00723898,
         -0.0441135 ,  0.        ]],

       [[ 0.        , -0.00436896, -0.37698762, ...,  0.37698762,
          0.75346563,  0.89815194],
        [ 0.00436896,  0.        , -0.37293742, ...,  0.37293742,
          0.7505859 ,  0.8962224 ],
        [ 0.37698762,  0.37293742,  0.        , ...,  0.        ,
          0.45000908,  0.66612887],
        ...,
        [-0.37698762, -0.37293742, -0.        , ...,  0.        ,
         -0.45000908, -0.66612887],
        [-0.75346563, -0.7505859 , -0.45000908, ...,  0.45000908,
          0.        , -0.25923579],
        [-0.89815194, -0.8962224 , -0.66612887, ...,  0.66612887,
          0.25923579,  0.        ]]]), 'num': array([ 9.43054091e-01,  3.32628908e-01,  1.05427493e-05, -1.00298272e-10,
        6.31256653e-04,  6.33437160e-04,  6.24715133e-04,  1.92845092e-03,
       -2.18050657e-06,  6.38234274e-04,  6.49409370e-04,  6.39233673e-04,
        4.39355802e-07,  6.70098632e-04,  6.28720108e-04])}
{'img': array([[[ 0.        , -0.6771456 ,  0.32943404, ...,  0.72294173,
          0.63996845,  0.5792863 ],
        [ 0.6771456 ,  0.        ,  0.88176011, ...,  0.99982198,
          0.99123966,  0.97822501],
        [-0.32943404, -0.88176011,  0.        , ...,  0.45497716,
          0.351107  ,  0.27842008],
        ...,
        [-0.72294173, -0.99982198, -0.45497716, ...,  0.        ,
         -0.11334933, -0.18905315],
        [-0.63996845, -0.99123966, -0.351107  , ...,  0.11334933,
          0.        , -0.07652946],
        [-0.5792863 , -0.97822501, -0.27842008, ...,  0.18905315,
          0.07652946,  0.        ]],

       [[ 0.        , -0.04822383,  0.11030849, ...,  0.09292317,
          0.24439071,  0.14703428],
        [ 0.04822383,  0.        ,  0.15810969, ...,  0.14083024,
          0.29086791,  0.19456291],
        [-0.11030849, -0.15810969,  0.        , ..., -0.01747512,
          0.1359357 ,  0.0370274 ],
        ...,
        [-0.09292317, -0.14083024,  0.01747512, ...,  0.        ,
          0.15322786,  0.05448488],
        [-0.24439071, -0.29086791, -0.1359357 , ..., -0.15322786,
          0.        , -0.09915879],
        [-0.14703428, -0.19456291, -0.0370274 , ..., -0.05448488,
          0.09915879,  0.        ]],

       [[ 0.        , -0.27424705, -0.39835354, ...,  0.75772365,
          0.56462783,  0.36225538],
        [ 0.27424705,  0.        , -0.13153222, ...,  0.9076389 ,
          0.76932819,  0.60398613],
        [ 0.39835354,  0.13153222,  0.        , ...,  0.95496413,
          0.84667404,  0.70356913],
        ...,
        [-0.75772365, -0.9076389 , -0.95496413, ...,  0.        ,
         -0.25692158, -0.4698592 ],
        [-0.56462783, -0.76932819, -0.84667404, ...,  0.25692158,
          0.        , -0.22729177],
        [-0.36225538, -0.60398613, -0.70356913, ...,  0.4698592 ,
          0.22729177,  0.        ]],

       ...,

       [[ 0.        ,  0.01557906,  0.29463952, ...,  0.37342124,
          0.03765732,  0.14977448],
        [-0.01557906,  0.        ,  0.27971628, ...,  0.35892382,
          0.02208475,  0.13435298],
        [-0.29463952, -0.27971628,  0.        , ...,  0.08351864,
         -0.25844488, -0.14819028],
        ...,
        [-0.37342124, -0.35892382, -0.08351864, ...,  0.        ,
         -0.33822311, -0.23026904],
        [-0.03765732, -0.02208475,  0.25844488, ...,  0.33822311,
          0.        ,  0.11243569],
        [-0.14977448, -0.13435298,  0.14819028, ...,  0.23026904,
         -0.11243569,  0.        ]],

       [[ 0.        , -0.73227148, -0.9312312 , ..., -0.61272518,
         -0.54968175, -0.46341124],
        [ 0.73227148,  0.        , -0.36731948, ...,  0.16143754,
          0.23738034,  0.3333085 ],
        [ 0.9312312 ,  0.36731948,  0.        , ...,  0.51265355,
          0.57760654,  0.65632387],
        ...,
        [ 0.61272518, -0.16143754, -0.51265355, ...,  0.        ,
          0.07744347,  0.17673028],
        [ 0.54968175, -0.23738034, -0.57760654, ..., -0.07744347,
          0.        ,  0.09997506],
        [ 0.46341124, -0.3333085 , -0.65632387, ..., -0.17673028,
         -0.09997506,  0.        ]],

       [[ 0.        , -0.37293742, -0.04567356, ...,  0.7505859 ,
          0.8962224 ,  0.96814049],
        [ 0.37293742,  0.        ,  0.33016971, ...,  0.45000908,
          0.66612887,  0.80490907],
        [ 0.04567356, -0.33016971,  0.        , ...,  0.71962275,
          0.8750261 ,  0.95569315],
        ...,
        [-0.7505859 , -0.45000908, -0.71962275, ...,  0.        ,
         -0.25923579, -0.45176853],
        [-0.8962224 , -0.66612887, -0.8750261 , ...,  0.25923579,
          0.        , -0.20505103],
        [-0.96814049, -0.80490907, -0.95569315, ...,  0.45176853,
          0.20505103,  0.        ]]]), 'num': array([ 7.94469622e-01,  6.07300147e-01,  3.27219361e-06, -2.75949307e-09,
        5.27237957e-04,  5.32768425e-04,  5.24472723e-04,  1.49531874e-03,
       -6.45221276e-06,  5.34980612e-04,  5.47746776e-04,  5.40541805e-04,
        3.02858966e-07,  5.67523517e-04,  5.27970036e-04])}
{'img': array([[[ 0.        ,  0.88176011,  0.71598739, ...,  0.99123966,
          0.97822501,  0.88176011],
        [-0.88176011,  0.        , -0.27783847, ...,  0.351107  ,
          0.27842008,  0.        ],
        [-0.71598739,  0.27783847,  0.        , ...,  0.59743313,
          0.53431064,  0.27783847],
        ...,
        [-0.99123966, -0.351107  , -0.59743313, ...,  0.        ,
         -0.07652946, -0.351107  ],
        [-0.97822501, -0.27842008, -0.53431064, ...,  0.07652946,
          0.        , -0.27842008],
        [-0.88176011,  0.        , -0.27783847, ...,  0.351107  ,
          0.27842008,  0.        ]],

       [[ 0.        ,  0.15810969,  0.62945662, ...,  0.29086791,
          0.19456291,  0.13241137],
        [-0.15810969,  0.        ,  0.49868217, ...,  0.1359357 ,
          0.0370274 , -0.02597167],
        [-0.62945662, -0.49868217,  0.        , ..., -0.37622622,
         -0.46624541, -0.52102581],
        ...,
        [-0.29086791, -0.1359357 ,  0.37622622, ...,  0.        ,
         -0.09915879, -0.16162044],
        [-0.19456291, -0.0370274 ,  0.46624541, ...,  0.09915879,
          0.        , -0.06296877],
        [-0.13241137,  0.02597167,  0.52102581, ...,  0.16162044,
          0.06296877,  0.        ]],

       [[ 0.        , -0.13153222, -0.26721798, ...,  0.76932819,
          0.60398613,  0.41357337],
        [ 0.13153222,  0.        , -0.13814717, ...,  0.84667404,
          0.70356913,  0.52973645],
        [ 0.26721798,  0.13814717,  0.        , ...,  0.91206564,
          0.79499419,  0.6418284 ],
        ...,
        [-0.76932819, -0.84667404, -0.91206564, ...,  0.        ,
         -0.22729177, -0.43623794],
        [-0.60398613, -0.70356913, -0.79499419, ...,  0.22729177,
          0.        , -0.22029589],
        [-0.41357337, -0.52973645, -0.6418284 , ...,  0.43623794,
          0.22029589,  0.        ]],

       ...,

       [[ 0.        ,  0.27971628,  0.3783082 , ...,  0.02208475,
          0.13435298, -0.27026474],
        [-0.27971628,  0.        ,  0.10427947, ..., -0.25844488,
         -0.14819028, -0.52878343],
        [-0.3783082 , -0.10427947,  0.        , ..., -0.35777253,
         -0.25051046, -0.61440843],
        ...,
        [-0.02208475,  0.25844488,  0.35777253, ...,  0.        ,
          0.11243569, -0.2914617 ],
        [-0.13435298,  0.14819028,  0.25051046, ..., -0.11243569,
          0.        , -0.39716756],
        [ 0.27026474,  0.52878343,  0.61440843, ...,  0.2914617 ,
          0.39716756,  0.        ]],

       [[ 0.        , -0.38440095, -0.61673156, ...,  0.26166635,
          0.37519793,  0.69771415],
        [ 0.38440095,  0.        , -0.2667555 , ...,  0.61256934,
          0.70268849,  0.91948187],
        [ 0.61673156,  0.2667555 ,  0.        , ...,  0.80122047,
          0.86702195,  0.99103398],
        ...,
        [-0.26166635, -0.61256934, -0.80122047, ...,  0.        ,
          0.11957519,  0.48595311],
        [-0.37519793, -0.70268849, -0.86702195, ..., -0.11957519,
          0.        ,  0.37795956],
        [-0.69771415, -0.91948187, -0.99103398, ..., -0.48595311,
         -0.37795956,  0.        ]],

       [[ 0.        ,  0.33016971,  0.32583228, ...,  0.66612887,
          0.80490907,  0.93583242],
        [-0.33016971,  0.        , -0.00459144, ...,  0.8750261 ,
          0.95569315,  0.99971918],
        [-0.32583228,  0.00459144,  0.        , ...,  0.87279427,
          0.95433152,  0.99959984],
        ...,
        [-0.66612887, -0.8750261 , -0.87279427, ...,  0.        ,
         -0.20505103, -0.46320414],
        [-0.80490907, -0.95569315, -0.95433152, ...,  0.20505103,
          0.        , -0.27163484],
        [-0.93583242, -0.99971918, -0.99959984, ...,  0.46320414,
