state_0,state_1,state_2,state_3,state_4,state_5,state_6,state_7,state_8,state_9,state_10,state_11,state_12,state_13,state_14,state_15,state_16,state_17,state_18,state_19,state_20,state_21,state_22,state_23,state_24,state_25,state_26,state_27,state_28,state_29,state_30,state_31,state_32,state_33,state_34,state_35,state_36,state_37,state_38,state_39,state_40,state_41,state_42,state_43,state_44,state_45,state_46,state_47,state_48,state_49,state_50,state_51,state_52,state_53,state_54,state_55,state_56,state_57,state_58,state_59,state_60,state_61,state_62,state_63,state_64,state_65,state_66,state_67,state_68,state_69,state_70,state_71,state_72,state_73,state_74,state_75,state_76,state_77,state_78,state_79,state_80,state_81,state_82,state_83,state_84,state_85,state_86,state_87,state_88,state_89,state_90,state_91,state_92,state_93,state_94,state_95,state_96,state_97,state_98,state_99,state_100,state_101,state_102,state_103,state_104,state_105,state_106,state_107,state_108,state_109,state_110,state_111,state_112,state_113,state_114,state_115,state_116,state_117,state_118,state_119,state_120,state_121,state_122,state_123,state_124,state_125,state_126,state_127,state_128,state_129,state_130,state_131,state_132,state_133,state_134,state_135,state_136,state_137,state_138,state_139,state_140,state_141,state_142,state_143,state_144,state_145,state_146,state_147,state_148,state_149,state_150,state_151,state_152,state_153,state_154,state_155,state_156,state_157,state_158,state_159,state_160,state_161,state_162,state_163,state_164,state_165,state_166,state_167,state_168,state_169,state_170,state_171,state_172,state_173,state_174,state_175,state_176,state_177,state_178,state_179,state_180,state_181,state_182,state_183,state_184,state_185,state_186,state_187,state_188,state_189,state_190,state_191,state_192,state_193,state_194,state_195,state_196,state_197,state_198,state_199,state_200,state_201,state_202,state_203,state_204,state_205,state_206,state_207,state_208,state_209,state_210,state_211,state_212,state_213,state_214,state_215,state_216,state_217,state_218,state_219,state_220,state_221,state_222,state_223,state_224,state_225,state_226,state_227,state_228,state_229,state_230,state_231,state_232,state_233,state_234,state_235,state_236,state_237,state_238,state_239,state_240,state_241,state_242,state_243,state_244,state_245,state_246,state_247,state_248,state_249,state_250,state_251,state_252,state_253,state_254,state_255,state_256,state_257,state_258,state_259,state_260,state_261,state_262,state_263,state_264,state_265,state_266,state_267,state_268,state_269,state_270,state_271,state_272,state_273,state_274,state_275,state_276,state_277,state_278,state_279,state_280,state_281,state_282,state_283,state_284,state_285,state_286,state_287
{'img': array([[[ 0.        ,  0.49949433,  0.70105889, ...,  0.88946422,
          0.77078626,  0.99946592],
        [-0.49949433,  0.        ,  0.25114825, ...,  0.54228679,
          0.34952061,  0.88217712],
        [-0.70105889, -0.25114825,  0.        , ...,  0.31389265,
          0.10301   ,  0.73563197],
        ...,
        [-0.88946422, -0.54228679, -0.31389265, ...,  0.        ,
         -0.21441913,  0.48582695],
        [-0.77078626, -0.34952061, -0.10301   , ...,  0.21441913,
          0.        ,  0.66194158],
        [-0.99946592, -0.88217712, -0.73563197, ..., -0.48582695,
         -0.66194158,  0.        ]],

       [[ 0.        , -0.18127301, -0.53223279, ..., -0.60196473,
         -0.55882808,  0.52976696],
        [ 0.18127301,  0.        , -0.36994981, ..., -0.44724126,
         -0.39924315,  0.67473569],
        [ 0.53223279,  0.36994981,  0.        , ..., -0.08462222,
         -0.03173088,  0.89990932],
        ...,
        [ 0.60196473,  0.44724126,  0.08462222, ...,  0.        ,
          0.05296254,  0.93358325],
        [ 0.55882808,  0.39924315,  0.03173088, ..., -0.05296254,
          0.        ,  0.91329328],
        [-0.52976696, -0.67473569, -0.89990932, ..., -0.93358325,
         -0.91329328,  0.        ]],

       [[ 0.        ,  0.0410844 ,  0.10490318, ...,  0.77014555,
          0.75330674,  0.83461219],
        [-0.0410844 ,  0.        ,  0.0639569 , ...,  0.74328887,
          0.72565076,  0.81127666],
        [-0.10490318, -0.0639569 ,  0.        , ...,  0.69898182,
          0.68015872,  0.77222251],
        ...,
        [-0.77014555, -0.74328887, -0.69898182, ...,  0.        ,
         -0.02599069,  0.10814715],
        [-0.75330674, -0.72565076, -0.68015872, ...,  0.02599069,
          0.        ,  0.13394887],
        [-0.83461219, -0.81127666, -0.77222251, ..., -0.10814715,
         -0.13394887,  0.        ]],

       ...,

       [[ 0.        ,  0.90051325,  0.95431113, ...,  0.99459192,
          0.77129203,  0.98412771],
        [-0.90051325,  0.        ,  0.14587509, ...,  0.3389496 ,
         -0.23778015,  0.26812023],
        [-0.95431113, -0.14587509,  0.        , ...,  0.19808392,
         -0.37692787,  0.12471821],
        ...,
        [-0.99459192, -0.3389496 , -0.19808392, ...,  0.        ,
         -0.55293283, -0.07429039],
        [-0.77129203,  0.23778015,  0.37692787, ...,  0.55293283,
          0.        ,  0.48950421],
        [-0.98412771, -0.26812023, -0.12471821, ...,  0.07429039,
         -0.48950421,  0.        ]],

       [[ 0.        , -0.19790994, -0.4025935 , ...,  0.83347569,
          0.62808155,  0.56739143],
        [ 0.19790994,  0.        , -0.21346771, ...,  0.92634606,
          0.76966135,  0.71913713],
        [ 0.4025935 ,  0.21346771,  0.        , ...,  0.98540154,
          0.88820971,  0.85089303],
        ...,
        [-0.83347569, -0.92634606, -0.98540154, ...,  0.        ,
         -0.30151673, -0.37280845],
        [-0.62808155, -0.76966135, -0.88820971, ...,  0.30151673,
          0.        , -0.07567839],
        [-0.56739143, -0.71913713, -0.85089303, ...,  0.37280845,
          0.07567839,  0.        ]],

       [[ 0.        , -0.00731425,  0.01933867, ...,  0.32102727,
          0.70456904,  0.99514637],
        [ 0.00731425,  0.        ,  0.02665103, ...,  0.32794579,
          0.70974065,  0.99583951],
        [-0.01933867, -0.02665103,  0.        , ...,  0.30265216,
          0.69071387,  0.99305723],
        ...,
        [-0.32102727, -0.32794579, -0.30265216, ...,  0.        ,
          0.43946384,  0.91088228],
        [-0.70456904, -0.70974065, -0.69071387, ..., -0.43946384,
          0.        ,  0.63685745],
        [-0.99514637, -0.99583951, -0.99305723, ..., -0.91088228,
         -0.63685745,  0.        ]]]), 'num': array([7.07068049e-01, 7.07068049e-01, 0.00000000e+00, 0.00000000e+00,
       1.71561603e-04, 1.74381200e-04, 1.67006870e-04, 1.04557579e-02,
       0.00000000e+00, 1.66703222e-04, 1.66757445e-04, 1.61783387e-04,
       1.14678550e-06, 1.74512692e-04, 1.59002197e-04])}
{'img': array([[[ 0.00000000e+00,  2.51148246e-01,  4.10359200e-01, ...,
          3.49520606e-01,  8.82177116e-01,  8.82177116e-01],
        [-2.51148246e-01,  0.00000000e+00,  1.68178522e-01, ...,
          1.03010000e-01,  7.35631966e-01,  7.35631966e-01],
        [-4.10359200e-01, -1.68178522e-01,  0.00000000e+00, ...,
         -6.57410835e-02,  6.11233024e-01,  6.11233024e-01],
        ...,
        [-3.49520606e-01, -1.03010000e-01,  6.57410835e-02, ...,
          0.00000000e+00,  6.61941578e-01,  6.61941578e-01],
        [-8.82177116e-01, -7.35631966e-01, -6.11233024e-01, ...,
         -6.61941578e-01,  0.00000000e+00,  0.00000000e+00],
        [-8.82177116e-01, -7.35631966e-01, -6.11233024e-01, ...,
         -6.61941578e-01,  0.00000000e+00,  0.00000000e+00]],

       [[ 0.00000000e+00, -3.69949808e-01, -9.69702872e-02, ...,
         -3.99243152e-01,  6.74735693e-01,  3.76004679e-01],
        [ 3.69949808e-01,  0.00000000e+00,  2.78115923e-01, ...,
         -3.17308834e-02,  8.99909321e-01,  6.92129866e-01],
        [ 9.69702872e-02, -2.78115923e-01,  0.00000000e+00, ...,
         -3.08454898e-01,  7.43125687e-01,  4.64087064e-01],
        ...,
        [ 3.99243152e-01,  3.17308834e-02,  3.08454898e-01, ...,
          0.00000000e+00,  9.13293282e-01,  7.14683838e-01],
        [-6.74735693e-01, -8.99909321e-01, -7.43125687e-01, ...,
         -9.13293282e-01,  0.00000000e+00, -3.47708275e-01],
        [-3.76004679e-01, -6.92129866e-01, -4.64087064e-01, ...,
         -7.14683838e-01,  3.47708275e-01,  0.00000000e+00]],

       [[ 0.00000000e+00,  6.39568966e-02,  1.72033353e-01, ...,
          7.25650761e-01,  8.11276664e-01,  8.89219289e-01],
        [-6.39568966e-02,  0.00000000e+00,  1.08677771e-01, ...,
          6.80158722e-01,  7.72222511e-01,  8.58139678e-01],
        [-1.72033353e-01, -1.08677771e-01,  0.00000000e+00, ...,
          5.96462305e-01,  6.98600002e-01,  7.97260004e-01],
        ...,
        [-7.25650761e-01, -6.80158722e-01, -5.96462305e-01, ...,
          0.00000000e+00,  1.33948873e-01,  2.79867486e-01],
        [-8.11276664e-01, -7.72222511e-01, -6.98600002e-01, ...,
         -1.33948873e-01,  0.00000000e+00,  1.48749294e-01],
        [-8.89219289e-01, -8.58139678e-01, -7.97260004e-01, ...,
         -2.79867486e-01, -1.48749294e-01,  0.00000000e+00]],

       ...,

       [[ 0.00000000e+00,  1.45875091e-01,  3.93670777e-01, ...,
         -2.37780149e-01,  2.68120225e-01,  3.74548747e-01],
        [-1.45875091e-01,  0.00000000e+00,  2.55363791e-01, ...,
         -3.76927866e-01,  1.24718206e-01,  2.35285767e-01],
        [-3.93670777e-01, -2.55363791e-01,  0.00000000e+00, ...,
         -6.00959664e-01, -1.32786784e-01, -2.07098908e-02],
        ...,
        [ 2.37780149e-01,  3.76927866e-01,  6.00959664e-01, ...,
          0.00000000e+00,  4.89504207e-01,  5.84277786e-01],
        [-2.68120225e-01, -1.24718206e-01,  1.32786784e-01, ...,
         -4.89504207e-01,  0.00000000e+00,  1.12231808e-01],
        [-3.74548747e-01, -2.35285767e-01,  2.07098908e-02, ...,
         -5.84277786e-01, -1.12231808e-01,  0.00000000e+00]],

       [[ 0.00000000e+00, -2.13467710e-01, -3.83360714e-01, ...,
          7.69661351e-01,  7.19137133e-01,  7.70176974e-01],
        [ 2.13467710e-01,  0.00000000e+00, -1.77365796e-01, ...,
          8.88209711e-01,  8.50893026e-01,  8.88580650e-01],
        [ 3.83360714e-01,  1.77365796e-01,  0.00000000e+00, ...,
          9.55615774e-01,  9.30579283e-01,  9.55853514e-01],
        ...,
        [-7.69661351e-01, -8.88209711e-01, -9.55615774e-01, ...,
          0.00000000e+00, -7.56783882e-02,  8.08005930e-04],
        [-7.19137133e-01, -8.50893026e-01, -9.30579283e-01, ...,
          7.56783882e-02,  0.00000000e+00,  7.64840522e-02],
        [-7.70176974e-01, -8.88580650e-01, -9.55853514e-01, ...,
         -8.08005930e-04, -7.64840522e-02,  0.00000000e+00]],

       [[ 0.00000000e+00,  2.62200826e-02,  4.84915148e-02, ...,
          6.92837075e-01,  9.49953170e-01,  9.97171110e-01],
        [-2.62200826e-02,  0.00000000e+00,  2.22856060e-02, ...,
          6.73691725e-01,  9.41435618e-01,  9.94857444e-01],
        [-4.84915148e-02, -2.22856060e-02,  0.00000000e+00, ...,
          6.57055070e-01,  9.33687262e-01,  9.92353168e-01],
        ...,
        [-6.92837075e-01, -6.73691725e-01, -6.57055070e-01, ...,
          0.00000000e+00,  4.68568688e-01,  6.66977164e-01],
        [-9.49953170e-01, -9.41435618e-01, -9.33687262e-01, ...,
         -4.68568688e-01,  0.00000000e+00,  2.40105385e-01],
        [-9.97171110e-01, -9.94857444e-01, -9.92353168e-01, ...,
         -6.66977164e-01, -2.40105385e-01,  0.00000000e+00]]]), 'num': array([ 7.07102256e-01,  7.07102256e-01,  0.00000000e+00,  0.00000000e+00,
        1.68099463e-04,  1.71786806e-04,  1.67882560e-04,  3.54605274e-03,
       -3.47044052e-06,  1.67578897e-04,  1.67090866e-04,  1.62000887e-04,
        1.09043896e-06,  1.74488832e-04,  1.59692900e-04])}
{'img': array([[[ 0.        ,  0.16817852,  0.32731418, ...,  0.73563197,
          0.73563197,  0.50499054],
        [-0.16817852,  0.        ,  0.1637376 , ...,  0.61123302,
          0.61123302,  0.35263867],
        [-0.32731418, -0.1637376 ,  0.        , ...,  0.47339355,
          0.47339355,  0.19466041],
        ...,
        [-0.73563197, -0.61123302, -0.47339355, ...,  0.        ,
          0.        , -0.29287104],
        [-0.73563197, -0.61123302, -0.47339355, ...,  0.        ,
          0.        , -0.29287104],
        [-0.50499054, -0.35263867, -0.19466041, ...,  0.29287104,
          0.29287104,  0.        ]],

       [[ 0.        ,  0.27811592,  0.14792801, ...,  0.89990932,
          0.69212987, -0.16124077],
        [-0.27811592,  0.        , -0.13296424, ...,  0.74312569,
          0.46408706, -0.42935622],
        [-0.14792801,  0.13296424,  0.        , ...,  0.82550062,
          0.5777447 , -0.30545921],
        ...,
        [-0.89990932, -0.74312569, -0.82550062, ...,  0.        ,
         -0.34770828, -0.9584475 ],
        [-0.69212987, -0.46408706, -0.5777447 , ...,  0.34770828,
          0.        , -0.79945265],
        [ 0.16124077,  0.42935622,  0.30545921, ...,  0.9584475 ,
          0.79945265,  0.        ]],

       [[ 0.        ,  0.10867777,  0.30817562, ...,  0.77222251,
          0.85813968,  0.90342882],
        [-0.10867777,  0.        ,  0.20296193, ...,  0.6986    ,
          0.79726   ,  0.85148354],
        [-0.30817562, -0.20296193,  0.        , ...,  0.53883799,
          0.65815119,  0.72733185],
        ...,
        [-0.77222251, -0.6986    , -0.53883799, ...,  0.        ,
          0.14874929,  0.24291425],
        [-0.85813968, -0.79726   , -0.65815119, ..., -0.14874929,
          0.        ,  0.0959179 ],
        [-0.90342882, -0.85148354, -0.72733185, ..., -0.24291425,
         -0.0959179 ,  0.        ]],

       ...,

       [[ 0.        ,  0.25536379,  0.317224  , ...,  0.12471821,
          0.23528577,  0.13534941],
        [-0.25536379,  0.        ,  0.06453204, ..., -0.13278678,
         -0.02070989, -0.12215201],
        [-0.317224  , -0.06453204,  0.        , ..., -0.19647059,
         -0.08518492, -0.18594618],
        ...,
        [-0.12471821,  0.13278678,  0.19647059, ...,  0.        ,
          0.11223181,  0.01072209],
        [-0.23528577,  0.02070989,  0.08518492, ..., -0.11223181,
          0.        , -0.101571  ],
        [-0.13534941,  0.12215201,  0.18594618, ..., -0.01072209,
          0.101571  ,  0.        ]],

       [[ 0.        , -0.1773658 , -0.05345793, ...,  0.85089303,
          0.88858065,  0.88661301],
        [ 0.1773658 ,  0.        ,  0.12450182, ...,  0.93057928,
          0.95585351,  0.95458957],
        [ 0.05345793, -0.12450182,  0.        , ...,  0.87775987,
          0.91183232,  0.91007018],
        ...,
        [-0.85089303, -0.93057928, -0.87775987, ...,  0.        ,
          0.07648405,  0.07222412],
        [-0.88858065, -0.95585351, -0.91183232, ..., -0.07648405,
          0.        , -0.00427174],
        [-0.88661301, -0.95458957, -0.91007018, ..., -0.07222412,
          0.00427174,  0.        ]],

       [[ 0.        ,  0.02151916,  0.00696723, ...,  0.87940223,
          0.91226825,  0.99775641],
        [-0.02151916,  0.        , -0.01455302, ...,  0.86895376,
          0.9032429 ,  0.99608469],
        [-0.00696723,  0.01455302,  0.        , ...,  0.87606393,
          0.90939237,  0.99726575],
        ...,
        [-0.87940223, -0.86895376, -0.87606393, ...,  0.        ,
          0.07411501,  0.41613648],
        [-0.91226825, -0.9032429 , -0.90939237, ..., -0.07411501,
          0.        ,  0.34759904],
        [-0.99775641, -0.99608469, -0.99726575, ..., -0.41613648,
         -0.34759904,  0.        ]]]), 'num': array([ 7.07101413e-01,  7.07101413e-01,  0.00000000e+00,  0.00000000e+00,
        1.67882360e-04,  1.71135894e-04,  1.67665458e-04,  3.86767121e-03,
       -2.16902274e-07,  1.68142643e-04,  1.67448555e-04,  1.62134450e-04,
        8.64773772e-07,  1.74248364e-04,  1.60648747e-04])}
{'img': array([[[ 0.        ,  0.1637376 ,  0.20614123, ...,  0.61123302,
          0.35263867,  0.33758771],
        [-0.1637376 ,  0.        ,  0.04313825, ...,  0.47339355,
          0.19466041,  0.17890637],
        [-0.20614123, -0.04313825,  0.        , ...,  0.43495449,
          0.15216615,  0.13629756],
        ...,
        [-0.61123302, -0.47339355, -0.43495449, ...,  0.        ,
         -0.29287104, -0.308166  ],
        [-0.35263867, -0.19466041, -0.15216615, ...,  0.29287104,
          0.        , -0.01603576],
        [-0.33758771, -0.17890637, -0.13629756, ...,  0.308166  ,
          0.01603576,  0.        ]],

       [[ 0.        , -0.13296424, -0.06453003, ...,  0.46408706,
         -0.42935622, -0.35833494],
        [ 0.13296424,  0.        ,  0.06873005, ...,  0.5777447 ,
         -0.30545921, -0.23101873],
        [ 0.06453003, -0.06873005,  0.        , ...,  0.52027983,
         -0.370182  , -0.29734329],
        ...,
        [-0.46408706, -0.5777447 , -0.52027983, ...,  0.        ,
         -0.79945265, -0.75067784],
        [ 0.42935622,  0.30545921,  0.370182  , ...,  0.79945265,
          0.        ,  0.0772191 ],
        [ 0.35833494,  0.23101873,  0.29734329, ...,  0.75067784,
         -0.0772191 ,  0.        ]],

       [[ 0.        ,  0.20296193,  0.47041875, ...,  0.79726   ,
          0.85148354,  0.88555743],
        [-0.20296193,  0.        ,  0.28152535, ...,  0.65815119,
          0.72733185,  0.77284411],
        [-0.47041875, -0.28152535,  0.        , ...,  0.41957504,
          0.50470714,  0.56293066],
        ...,
        [-0.79726   , -0.65815119, -0.41957504, ...,  0.        ,
          0.0959179 ,  0.16420328],
        [-0.85148354, -0.72733185, -0.50470714, ..., -0.0959179 ,
          0.        ,  0.06883022],
        [-0.88555743, -0.77284411, -0.56293066, ..., -0.16420328,
         -0.06883022,  0.        ]],

       ...,

       [[ 0.        ,  0.06453204, -0.02907338, ..., -0.02070989,
         -0.12215201, -0.52358322],
        [-0.06453204,  0.        , -0.09351754, ..., -0.08518492,
         -0.18594618, -0.57747153],
        [ 0.02907338,  0.09351754,  0.        , ...,  0.008366  ,
         -0.09324471, -0.49859211],
        ...,
        [ 0.02070989,  0.08518492, -0.008366  , ...,  0.        ,
         -0.101571  , -0.50582662],
        [ 0.12215201,  0.18594618,  0.09324471, ...,  0.101571  ,
          0.        , -0.41559192],
        [ 0.52358322,  0.57747153,  0.49859211, ...,  0.50582662,
          0.41559192,  0.        ]],

       [[ 0.        ,  0.12450182,  0.24222601, ...,  0.95585351,
          0.95458957,  0.94464562],
        [-0.12450182,  0.        ,  0.1195472 , ...,  0.91183232,
          0.91007018,  0.89644759],
        [-0.24222601, -0.1195472 ,  0.        , ...,  0.85621149,
          0.85399679,  0.83704141],
        ...,
        [-0.95585351, -0.91183232, -0.85621149, ...,  0.        ,
         -0.00427174, -0.03603024],
        [-0.95458957, -0.91007018, -0.85399679, ...,  0.00427174,
          0.        , -0.03176094],
        [-0.94464562, -0.89644759, -0.83704141, ...,  0.03603024,
          0.03176094,  0.        ]],

       [[ 0.        , -0.01390748, -0.03151388, ...,  0.83369952,
          0.89835238,  0.99907977],
        [ 0.01390748,  0.        , -0.01761025, ...,  0.84129886,
          0.90437472,  0.99957965],
        [ 0.03151388,  0.01761025,  0.        , ...,  0.85068798,
          0.91174946,  0.99993519],
        ...,
        [-0.83369952, -0.84129886, -0.85068798, ...,  0.        ,
          0.12986287,  0.51595226],
        [-0.89835238, -0.90437472, -0.91174946, ..., -0.12986287,
          0.        ,  0.40034038],
        [-0.99907977, -0.99957965, -0.99993519, ..., -0.51595226,
         -0.40034038,  0.        ]]]), 'num': array([ 7.07105099e-01,  7.07105099e-01,  0.00000000e+00,  0.00000000e+00,
        1.64412781e-04,  1.70919883e-04,  1.64195877e-04,  2.12999143e-03,
       -3.47045447e-06,  1.68707468e-04,  1.67481964e-04,  1.62164215e-04,
        9.00075352e-07,  1.74216841e-04,  1.60747087e-04])}
{'img': array([[[ 0.        ,  0.04313825,  0.        , ...,  0.19466041,
          0.17890637, -0.0560767 ],
        [-0.04313825,  0.        , -0.04313825, ...,  0.15216615,
          0.13629756, -0.09909488],
        [ 0.        ,  0.04313825,  0.        , ...,  0.19466041,
          0.17890637, -0.0560767 ],
        ...,
        [-0.19466041, -0.15216615, -0.19466041, ...,  0.        ,
         -0.01603576, -0.2493581 ],
        [-0.17890637, -0.13629756, -0.17890637, ...,  0.01603576,
          0.        , -0.23379682],
        [ 0.0560767 ,  0.09909488,  0.0560767 , ...,  0.2493581 ,
          0.23379682,  0.        ]],

       [[ 0.        ,  0.06088498, -0.16245265, ..., -0.24858558,
         -0.19265357, -0.69574927],
        [-0.06088498,  0.        , -0.22222747, ..., -0.30709819,
         -0.25204056, -0.73819126],
        [ 0.16245265,  0.22222747,  0.        , ..., -0.0879302 ,
         -0.03068503, -0.56981992],
        ...,
        [ 0.24858558,  0.30709819,  0.0879302 , ...,  0.        ,
          0.05732262, -0.49535443],
        [ 0.19265357,  0.25204056,  0.03068503, ..., -0.05732262,
          0.        , -0.54433557],
        [ 0.69574927,  0.73819126,  0.56981992, ...,  0.49535443,
          0.54433557,  0.        ]],

       [[ 0.        ,  0.28152535,  0.43117811, ...,  0.72733185,
          0.77284411,  0.81894204],
        [-0.28152535,  0.        ,  0.15972761, ...,  0.50470714,
          0.56293066,  0.62425824],
        [-0.43117811, -0.15972761,  0.        , ...,  0.36033593,
          0.42368773,  0.49146137],
        ...,
        [-0.72733185, -0.50470714, -0.36033593, ...,  0.        ,
          0.06883022,  0.14462995],
        [-0.77284411, -0.56293066, -0.42368773, ..., -0.06883022,
          0.        ,  0.07618042],
        [-0.81894204, -0.62425824, -0.49146137, ..., -0.14462995,
         -0.07618042,  0.        ]],

       ...,

       [[ 0.        , -0.09351754,  0.07283801, ..., -0.18594618,
         -0.57747153, -0.51761605],
        [ 0.09351754,  0.        ,  0.16578794, ..., -0.09324471,
         -0.49859211, -0.43533284],
        [-0.07283801, -0.16578794,  0.        , ..., -0.25701998,
         -0.63540338, -0.5785623 ],
        ...,
        [ 0.18594618,  0.09324471,  0.25701998, ...,  0.        ,
         -0.41559192, -0.34949082],
        [ 0.57747153,  0.49859211,  0.63540338, ...,  0.41559192,
          0.        ,  0.07150482],
        [ 0.51761605,  0.43533284,  0.5785623 , ...,  0.34949082,
         -0.07150482,  0.        ]],

       [[ 0.        ,  0.1195472 ,  0.2361322 , ...,  0.91007018,
          0.89644759,  0.89453905],
        [-0.1195472 ,  0.        ,  0.11827226, ...,  0.85399679,
          0.83704141,  0.8346875 ],
        [-0.2361322 , -0.11827226,  0.        , ...,  0.78646827,
          0.76645496,  0.76369364],
        ...,
        [-0.91007018, -0.85399679, -0.78646827, ...,  0.        ,
         -0.03176094, -0.03604663],
        [-0.89644759, -0.83704141, -0.76645496, ...,  0.03176094,
          0.        , -0.00428815],
        [-0.89453905, -0.8346875 , -0.76369364, ...,  0.03604663,
          0.00428815,  0.        ]],

       [[ 0.        , -0.01753411, -0.0330503 , ...,  0.89764941,
          0.988004  ,  0.99969683],
        [ 0.01753411,  0.        , -0.01552069, ...,  0.90523887,
          0.99055987,  0.99997487],
        [ 0.0330503 ,  0.01552069,  0.        , ...,  0.91172462,
          0.99256814,  0.99996445],
        ...,
        [-0.89764941, -0.90523887, -0.91172462, ...,  0.        ,
          0.29680105,  0.41847463],
        [-0.988004  , -0.99055987, -0.99256814, ..., -0.29680105,
          0.        ,  0.13005471],
        [-0.99969683, -0.99997487, -0.99996445, ..., -0.41847463,
         -0.13005471,  0.        ]]]), 'num': array([ 7.07101363e-01,  7.07101363e-01,  0.00000000e+00,  0.00000000e+00,
        1.61809085e-04,  1.66580935e-04,  1.60073867e-04,  3.88688847e-03,
       -2.60282710e-06,  1.66754456e-04,  1.67101500e-04,  1.62105518e-04,
        8.53615340e-07,  1.74206365e-04,  1.59996635e-04])}
{'img': array([[[ 0.        , -0.04313825,  0.07434895, ...,  0.13629756,
         -0.09909488, -0.25742443],
        [ 0.04313825,  0.        ,  0.1172986 , ...,  0.17890637,
         -0.0560767 , -0.21550037],
        [-0.07434895, -0.1172986 ,  0.        , ...,  0.06226521,
         -0.17280362, -0.32855523],
        ...,
        [-0.13629756, -0.17890637, -0.06226521, ...,  0.        ,
         -0.23379682, -0.38672625],
        [ 0.09909488,  0.0560767 ,  0.17280362, ...,  0.23379682,
          0.        , -0.16040216],
        [ 0.25742443,  0.21550037,  0.32855523, ...,  0.38672625,
          0.16040216,  0.        ]],

       [[ 0.        , -0.22222747, -0.13596582, ..., -0.25204056,
         -0.73819126, -0.24887914],
        [ 0.22222747,  0.        ,  0.08759778, ..., -0.03068503,
         -0.56981992, -0.0274209 ],
        [ 0.13596582, -0.08759778,  0.        , ..., -0.1181236 ,
         -0.63961468, -0.11488033],
        ...,
        [ 0.25204056,  0.03068503,  0.1181236 , ...,  0.        ,
         -0.54433557,  0.0032655 ],
        [ 0.73819126,  0.56981992,  0.63961468, ...,  0.54433557,
          0.        ,  0.54707199],
        [ 0.24887914,  0.0274209 ,  0.11488033, ..., -0.0032655 ,
         -0.54707199,  0.        ]],

       [[ 0.        ,  0.15972761,  0.28374372, ...,  0.56293066,
          0.62425824,  0.42372513],
        [-0.15972761,  0.        ,  0.12693794, ...,  0.42368773,
          0.49146137,  0.27360517],
        [-0.28374372, -0.12693794,  0.        , ...,  0.30527894,
          0.3769356 ,  0.14929763],
        ...,
        [-0.56293066, -0.42368773, -0.30527894, ...,  0.        ,
          0.07618042, -0.15968685],
        [-0.62425824, -0.49146137, -0.3769356 , ..., -0.07618042,
          0.        , -0.23442566],
        [-0.42372513, -0.27360517, -0.14929763, ...,  0.15968685,
          0.23442566,  0.        ]],

       ...,

       [[ 0.        ,  0.16578794,  0.35999657, ..., -0.49859211,
         -0.43533284, -0.51857693],
        [-0.16578794,  0.        ,  0.20034227, ..., -0.63540338,
         -0.5785623 , -0.65315439],
        [-0.35999657, -0.20034227,  0.        , ..., -0.77722157,
         -0.73023931, -0.79161645],
        ...,
        [ 0.49859211,  0.63540338,  0.77722157, ...,  0.        ,
          0.07150482, -0.02320983],
        [ 0.43533284,  0.5785623 ,  0.73023931, ..., -0.07150482,
          0.        , -0.09463598],
        [ 0.51857693,  0.65315439,  0.79161645, ...,  0.02320983,
          0.09463598,  0.        ]],

       [[ 0.        ,  0.11827226,  0.29071246, ...,  0.83704141,
          0.8346875 ,  0.83399102],
        [-0.11827226,  0.        ,  0.17550787, ...,  0.76645496,
          0.76369364,  0.76287737],
        [-0.29071246, -0.17550787,  0.        , ...,  0.6418297 ,
          0.63853544,  0.63756259],
        ...,
        [-0.83704141, -0.76645496, -0.6418297 , ...,  0.        ,
         -0.00428815, -0.00555159],
        [-0.8346875 , -0.76369364, -0.63853544, ...,  0.00428815,
          0.        , -0.00126346],
        [-0.83399102, -0.76287737, -0.63756259, ...,  0.00555159,
          0.00126346,  0.        ]],

       [[ 0.        , -0.01552069, -0.04184438, ...,  0.99055987,
          0.99997487,  0.93216045],
        [ 0.01552069,  0.        , -0.02633225, ...,  0.99256814,
          0.99996445,  0.93766737],
        [ 0.04184438,  0.02633225,  0.        , ...,  0.99542834,
          0.99939569,  0.94649358],
        ...,
        [-0.99055987, -0.99256814, -0.99542834, ...,  0.        ,
          0.13005471, -0.23084639],
        [-0.99997487, -0.99996445, -0.99939569, ..., -0.13005471,
          0.        , -0.35542773],
        [-0.93216045, -0.93766737, -0.94649358, ...,  0.23084639,
          0.35542773,  0.        ]]]), 'num': array([7.07105160e-01, 7.07105160e-01, 0.00000000e+00, 0.00000000e+00,
       1.62894471e-04, 1.65280409e-04, 1.61809954e-04, 2.09014646e-03,
       1.08451712e-06, 1.65020124e-04, 1.66668590e-04, 1.62055778e-04,
       9.80522324e-07, 1.73688223e-04, 1.59648958e-04])}
{'img': array([[[ 0.        ,  0.1172986 ,  0.17890637, ..., -0.0560767 ,
         -0.21550037, -0.15058833],
        [-0.1172986 ,  0.        ,  0.06226521, ..., -0.17280362,
         -0.32855523, -0.26550977],
        [-0.17890637, -0.06226521,  0.        , ..., -0.23379682,
         -0.38672625, -0.32502498],
        ...,
        [ 0.0560767 ,  0.17280362,  0.23379682, ...,  0.        ,
         -0.16040216, -0.09491414],
        [ 0.21550037,  0.32855523,  0.38672625, ...,  0.16040216,
          0.        ,  0.06599285],
        [ 0.15058833,  0.26550977,  0.32502498, ...,  0.09491414,
         -0.06599285,  0.        ]],

       [[ 0.        ,  0.08681378,  0.21855549, ..., -0.50229255,
         -0.02712845, -0.57463428],
        [-0.08681378,  0.        ,  0.13301533, ..., -0.57546386,
         -0.11380786, -0.64351407],
        [-0.21855549, -0.13301533,  0.        , ..., -0.67913383,
         -0.24494766, -0.73961029],
        ...,
        [ 0.50229255,  0.57546386,  0.67913383, ...,  0.        ,
          0.47864978, -0.08580356],
        [ 0.02712845,  0.11380786,  0.24494766, ..., -0.47864978,
          0.        , -0.55222058],
        [ 0.57463428,  0.64351407,  0.73961029, ...,  0.08580356,
          0.55222058,  0.        ]],

       [[ 0.        ,  0.12693794,  0.22591014, ...,  0.49146137,
          0.27360517,  0.10708097],
        [-0.12693794,  0.        ,  0.10042631, ...,  0.3769356 ,
          0.14929763, -0.01999333],
        [-0.22591014, -0.10042631,  0.        , ...,  0.28201119,
          0.0492421 , -0.12029849],
        ...,
        [-0.49146137, -0.3769356 , -0.28201119, ...,  0.        ,
         -0.23442566, -0.39537887],
        [-0.27360517, -0.14929763, -0.0492421 , ...,  0.23442566,
          0.        , -0.16903704],
        [-0.10708097,  0.01999333,  0.12029849, ...,  0.39537887,
          0.16903704,  0.        ]],

       ...,

       [[ 0.        ,  0.20034227,  0.23601079, ..., -0.5785623 ,
         -0.65315439, -0.44553426],
        [-0.20034227,  0.        ,  0.03654322, ..., -0.73023931,
         -0.79161645, -0.61586089],
        [-0.23601079, -0.03654322,  0.        , ..., -0.75471758,
         -0.81341628, -0.64424029],
        ...,
        [ 0.5785623 ,  0.73023931,  0.75471758, ...,  0.        ,
         -0.09463598,  0.15457175],
        [ 0.65315439,  0.79161645,  0.81341628, ...,  0.09463598,
          0.        ,  0.24737662],
        [ 0.44553426,  0.61586089,  0.64424029, ..., -0.15457175,
         -0.24737662,  0.        ]],

       [[ 0.        ,  0.17550787,  0.31506287, ...,  0.76369364,
          0.76287737,  0.71667241],
        [-0.17550787,  0.        ,  0.14360307, ...,  0.63853544,
          0.63756259,  0.5831473 ],
        [-0.31506287, -0.14360307,  0.        , ...,  0.52140143,
          0.52032289,  0.46044488],
        ...,
        [-0.76369364, -0.63853544, -0.52140143, ...,  0.        ,
         -0.00126346, -0.06993902],
        [-0.76287737, -0.63756259, -0.52032289, ...,  0.00126346,
          0.        , -0.0686786 ],
        [-0.71667241, -0.5831473 , -0.46044488, ...,  0.06993902,
          0.0686786 ,  0.        ]],

       [[ 0.        , -0.02633225, -0.05537537, ...,  0.99996445,
          0.93766737,  0.9079102 ],
        [ 0.02633225,  0.        , -0.02906432, ...,  0.99939569,
          0.94649358,  0.91863293],
        [ 0.05537537,  0.02906432,  0.        , ...,  0.99796321,
          0.95547344,  0.92972851],
        ...,
        [-0.99996445, -0.99939569, -0.99796321, ...,  0.        ,
         -0.35542773, -0.42680497],
        [-0.93766737, -0.94649358, -0.95547344, ...,  0.35542773,
          0.        , -0.07750738],
        [-0.9079102 , -0.91863293, -0.92972851, ...,  0.42680497,
          0.07750738,  0.        ]]]), 'num': array([7.07065770e-01, 7.07065770e-01, 0.00000000e+00, 0.00000000e+00,
       1.64403636e-04, 1.64837419e-04, 1.61150266e-04, 1.07600011e-02,
       1.51823938e-06, 1.64273501e-04, 1.66409881e-04, 1.62032291e-04,
       9.96527780e-07, 1.73377294e-04, 1.59442468e-04])}
{'img': array([[[ 0.        ,  0.06226521,  0.24989049, ..., -0.32855523,
         -0.26550977, -0.17280362],
        [-0.06226521,  0.        ,  0.18911582, ..., -0.38672625,
         -0.32502498, -0.23379682],
        [-0.24989049, -0.18911582,  0.        , ..., -0.55414928,
         -0.4980077 , -0.41345248],
        ...,
        [ 0.32855523,  0.38672625,  0.55414928, ...,  0.        ,
          0.06599285,  0.16040216],
        [ 0.26550977,  0.32502498,  0.4980077 , ..., -0.06599285,
          0.        ,  0.09491414],
        [ 0.17280362,  0.23379682,  0.41345248, ..., -0.16040216,
         -0.09491414,  0.        ]],

       [[ 0.        ,  0.13301533,  0.14055306, ..., -0.11380786,
         -0.64351407,  0.6232684 ],
        [-0.13301533,  0.        ,  0.0076092 , ..., -0.24494766,
         -0.73961029,  0.51371098],
        [-0.14055306, -0.0076092 ,  0.        , ..., -0.25231796,
         -0.74471013,  0.50716769],
        ...,
        [ 0.11380786,  0.24494766,  0.25231796, ...,  0.        ,
         -0.55222058,  0.70821755],
        [ 0.64351407,  0.73961029,  0.74471013, ...,  0.55222058,
          0.        ,  0.98030415],
        [-0.6232684 , -0.51371098, -0.50716769, ..., -0.70821755,
         -0.98030415,  0.        ]],

       [[ 0.        ,  0.10042631,  0.20508494, ...,  0.14929763,
         -0.01999333, -0.0858839 ],
        [-0.10042631,  0.        ,  0.10575646, ...,  0.0492421 ,
         -0.12029849, -0.18550496],
        [-0.20508494, -0.10575646,  0.        , ..., -0.05666222,
         -0.2246123 , -0.28838555],
        ...,
        [-0.14929763, -0.0492421 ,  0.05666222, ...,  0.        ,
         -0.16903704, -0.23366734],
        [ 0.01999333,  0.12029849,  0.2246123 , ...,  0.16903704,
          0.        , -0.06594727],
        [ 0.0858839 ,  0.18550496,  0.28838555, ...,  0.23366734,
          0.06594727,  0.        ]],

       ...,

       [[ 0.        ,  0.03654322,  0.39767889, ..., -0.79161645,
         -0.61586089, -0.59192685],
        [-0.03654322,  0.        ,  0.36388397, ..., -0.81341628,
         -0.64424029, -0.62098501],
        [-0.39767889, -0.36388397,  0.        , ..., -0.9693167 ,
         -0.87838082, -0.86363336],
        ...,
        [ 0.79161645,  0.81341628,  0.9693167 , ...,  0.        ,
          0.24737662,  0.27635813],
        [ 0.61586089,  0.64424029,  0.87838082, ..., -0.24737662,
          0.        ,  0.03002628],
        [ 0.59192685,  0.62098501,  0.86363336, ..., -0.27635813,
         -0.03002628,  0.        ]],

       [[ 0.        ,  0.14360307,  0.35815944, ...,  0.63756259,
          0.5831473 ,  0.55014518],
        [-0.14360307,  0.        ,  0.22037075, ...,  0.52032289,
          0.46044488,  0.42452465],
        [-0.35815944, -0.22037075,  0.        , ...,  0.31934144,
          0.25350486,  0.21456093],
        ...,
        [-0.63756259, -0.52032289, -0.31934144, ...,  0.        ,
         -0.0686786 , -0.10857772],
        [-0.5831473 , -0.46044488, -0.25350486, ...,  0.0686786 ,
          0.        , -0.04004877],
        [-0.55014518, -0.42452465, -0.21456093, ...,  0.10857772,
          0.04004877,  0.        ]],

       [[ 0.        , -0.02906432, -0.06978413, ...,  0.94649358,
          0.91863293,  0.90263695],
        [ 0.02906432,  0.        , -0.04076118, ...,  0.95547344,
          0.92972851,  0.91476499],
        [ 0.06978413,  0.04076118,  0.        , ...,  0.96670706,
          0.94396596,  0.93047171],
        ...,
        [-0.94649358, -0.95547344, -0.96670706, ...,  0.        ,
         -0.07750738, -0.11607206],
        [-0.91863293, -0.92972851, -0.94396596, ...,  0.07750738,
          0.        , -0.0387394 ],
        [-0.90263695, -0.91476499, -0.93047171, ...,  0.11607206,
          0.0387394 ,  0.        ]]]), 'num': array([ 7.07096555e-01,  7.07096555e-01,  0.00000000e+00,  0.00000000e+00,
        1.61157282e-04,  1.64627695e-04,  1.58554473e-04,  5.35829527e-03,
       -3.25351175e-06,  1.62935869e-04,  1.66080930e-04,  1.61941740e-04,
        1.01718988e-06,  1.73374862e-04,  1.58786998e-04])}
{'img': array([[[ 0.        ,  0.18911582, -0.06226521, ..., -0.32502498,
         -0.23379682, -0.42244642],
        [-0.18911582,  0.        , -0.24989049, ..., -0.4980077 ,
         -0.41345248, -0.58623557],
        [ 0.06226521,  0.24989049,  0.        , ..., -0.26550977,
         -0.17280362, -0.36519029],
        ...,
        [ 0.32502498,  0.4980077 ,  0.26550977, ...,  0.        ,
          0.09491414, -0.10491116],
        [ 0.23379682,  0.41345248,  0.17280362, ..., -0.09491414,
          0.        , -0.1988279 ],
        [ 0.42244642,  0.58623557,  0.36519029, ...,  0.10491116,
          0.1988279 ,  0.        ]],

       [[ 0.        ,  0.0076092 ,  0.58050168, ..., -0.73961029,
          0.51371098, -0.03359933],
        [-0.0076092 ,  0.        ,  0.57428902, ..., -0.74471013,
          0.50716769, -0.04120325],
        [-0.58050168, -0.57428902,  0.        , ..., -0.99293254,
         -0.07975533, -0.60753247],
        ...,
        [ 0.73961029,  0.74471013,  0.99293254, ...,  0.        ,
          0.98030415,  0.71657915],
        [-0.51371098, -0.50716769,  0.07975533, ..., -0.98030415,
          0.        , -0.54224792],
        [ 0.03359933,  0.04120325,  0.60753247, ..., -0.71657915,
          0.54224792,  0.        ]],

       [[ 0.        ,  0.10575646,  0.13029193, ..., -0.12029849,
         -0.18550496, -0.29613658],
        [-0.10575646,  0.        ,  0.0247063 , ..., -0.2246123 ,
         -0.28838555, -0.39548868],
        [-0.13029193, -0.0247063 ,  0.        , ..., -0.24861874,
         -0.31195415, -0.41805998],
        ...,
        [ 0.12029849,  0.2246123 ,  0.24861874, ...,  0.        ,
         -0.06594727, -0.17908339],
        [ 0.18550496,  0.28838555,  0.31195415, ...,  0.06594727,
          0.        , -0.11381238],
        [ 0.29613658,  0.39548868,  0.41805998, ...,  0.17908339,
          0.11381238,  0.        ]],

       ...,

       [[ 0.        ,  0.36388397,  0.24621796, ..., -0.64424029,
         -0.62098501, -0.59058403],
        [-0.36388397,  0.        , -0.1233433 , ..., -0.87838082,
         -0.86363336, -0.8437418 ],
        [-0.24621796,  0.1233433 ,  0.        , ..., -0.81272022,
         -0.79485883, -0.77109462],
        ...,
        [ 0.64424029,  0.87838082,  0.81272022, ...,  0.        ,
          0.03002628,  0.06819421],
        [ 0.62098501,  0.86363336,  0.79485883, ..., -0.03002628,
          0.        ,  0.03820707],
        [ 0.59058403,  0.8437418 ,  0.77109462, ..., -0.06819421,
         -0.03820707,  0.        ]],

       [[ 0.        ,  0.22037075,  0.31300435, ...,  0.46044488,
          0.42452465,  0.42331985],
        [-0.22037075,  0.        ,  0.09601202, ...,  0.25350486,
          0.21456093,  0.21326148],
        [-0.31300435, -0.09601202,  0.        , ...,  0.159458  ,
          0.11979373,  0.11847297],
        ...,
        [-0.46044488, -0.25350486, -0.159458  , ...,  0.        ,
         -0.04004877, -0.04137791],
        [-0.42452465, -0.21456093, -0.11979373, ...,  0.04004877,
          0.        , -0.00133024],
        [-0.42331985, -0.21326148, -0.11847297, ...,  0.04137791,
          0.00133024,  0.        ]],

       [[ 0.        , -0.04076118, -0.04850136, ...,  0.92972851,
          0.91476499,  0.8633747 ],
        [ 0.04076118,  0.        , -0.00774784, ...,  0.94396596,
          0.93047171,  0.88322376],
        [ 0.04850136,  0.00774784,  0.        , ...,  0.94649475,
          0.93328231,  0.88683062],
        ...,
        [-0.92972851, -0.94396596, -0.94649475, ...,  0.        ,
         -0.0387394 , -0.15117287],
        [-0.91476499, -0.93047171, -0.93328231, ...,  0.0387394 ,
          0.        , -0.11276521],
        [-0.8633747 , -0.88322376, -0.88683062, ...,  0.15117287,
