state_0,state_1,state_2,state_3,state_4,state_5,state_6,state_7,state_8,state_9,state_10,state_11,state_12,state_13,state_14,state_15,state_16,state_17,state_18,state_19,state_20,state_21,state_22,state_23,state_24,state_25,state_26,state_27,state_28,state_29,state_30,state_31,state_32,state_33,state_34,state_35,state_36,state_37,state_38,state_39,state_40,state_41,state_42,state_43,state_44,state_45,state_46,state_47,state_48,state_49,state_50,state_51,state_52,state_53,state_54,state_55,state_56,state_57,state_58,state_59,state_60,state_61,state_62,state_63,state_64,state_65,state_66,state_67,state_68,state_69,state_70,state_71,state_72,state_73,state_74,state_75,state_76,state_77,state_78,state_79,state_80,state_81,state_82,state_83,state_84,state_85,state_86,state_87,state_88,state_89,state_90,state_91,state_92,state_93,state_94,state_95,state_96,state_97,state_98,state_99,state_100,state_101,state_102,state_103,state_104,state_105,state_106,state_107,state_108,state_109,state_110,state_111,state_112,state_113,state_114,state_115,state_116,state_117,state_118,state_119,state_120,state_121,state_122,state_123,state_124,state_125,state_126,state_127,state_128,state_129,state_130,state_131,state_132,state_133,state_134,state_135,state_136,state_137,state_138,state_139,state_140,state_141,state_142,state_143,state_144,state_145,state_146,state_147,state_148,state_149,state_150,state_151,state_152,state_153,state_154,state_155,state_156,state_157,state_158,state_159,state_160,state_161,state_162,state_163,state_164,state_165,state_166,state_167,state_168,state_169,state_170,state_171,state_172,state_173,state_174,state_175,state_176,state_177,state_178,state_179,state_180,state_181,state_182,state_183,state_184,state_185,state_186,state_187,state_188,state_189,state_190,state_191,state_192,state_193,state_194,state_195,state_196,state_197,state_198,state_199,state_200,state_201,state_202,state_203,state_204,state_205,state_206,state_207,state_208,state_209,state_210,state_211,state_212,state_213,state_214,state_215,state_216,state_217,state_218,state_219,state_220,state_221,state_222,state_223,state_224,state_225,state_226,state_227,state_228,state_229,state_230,state_231,state_232,state_233,state_234,state_235,state_236,state_237,state_238,state_239,state_240,state_241,state_242,state_243,state_244,state_245,state_246,state_247,state_248,state_249,state_250,state_251,state_252,state_253,state_254,state_255,state_256,state_257,state_258,state_259,state_260,state_261,state_262,state_263,state_264,state_265,state_266,state_267,state_268,state_269,state_270,state_271,state_272,state_273,state_274,state_275,state_276,state_277,state_278,state_279,state_280,state_281,state_282,state_283,state_284,state_285,state_286,state_287
{'img': array([[[ 0.        ,  0.67425082,  0.79715777, ...,  0.07319362,
          0.38002349, -0.44659376],
        [-0.67425082,  0.        ,  0.18160982, ..., -0.61838865,
         -0.34301812, -0.93308762],
        [-0.79715777, -0.18160982,  0.        , ..., -0.75082741,
         -0.50790529, -0.98288681],
        ...,
        [-0.07319362,  0.61838865,  0.75082741, ...,  0.        ,
          0.31130177, -0.5108849 ],
        [-0.38002349,  0.34301812,  0.50790529, ..., -0.31130177,
          0.        , -0.7531099 ],
        [ 0.44659376,  0.93308762,  0.98288681, ...,  0.5108849 ,
          0.7531099 ,  0.        ]],

       [[ 0.        ,  0.31220943,  0.52357103, ..., -0.18892562,
         -0.04764423, -0.13828829],
        [-0.31220943,  0.        ,  0.23140262, ..., -0.48606882,
         -0.35711752, -0.44058543],
        [-0.52357103, -0.23140262,  0.        , ..., -0.67510348,
         -0.56356847, -0.6363597 ],
        ...,
        [ 0.18892562,  0.48606882,  0.67510348, ...,  0.        ,
          0.14192485,  0.05131252],
        [ 0.04764423,  0.35711752,  0.56356847, ..., -0.14192485,
          0.        , -0.09094478],
        [ 0.13828829,  0.44058543,  0.6363597 , ..., -0.05131252,
          0.09094478,  0.        ]],

       [[ 0.        ,  0.24329554,  0.47275423, ..., -0.21791993,
         -0.13305431, -0.45638607],
        [-0.24329554,  0.        ,  0.24415836, ..., -0.44882025,
         -0.37018866, -0.65915263],
        [-0.47275423, -0.24415836,  0.        , ..., -0.65342217,
         -0.58579755, -0.82281295],
        ...,
        [ 0.21791993,  0.44882025,  0.65342217, ...,  0.        ,
          0.08612578, -0.25151638],
        [ 0.13305431,  0.37018866,  0.58579755, ..., -0.08612578,
          0.        , -0.33393891],
        [ 0.45638607,  0.65915263,  0.82281295, ...,  0.25151638,
          0.33393891,  0.        ]],

       ...,

       [[ 0.        ,  0.29834767,  0.45610679, ..., -0.9730859 ,
         -0.61003691, -0.80606247],
        [-0.29834767,  0.        ,  0.16982737, ..., -0.99752094,
         -0.8186568 , -0.94592342],
        [-0.45610679, -0.16982737,  0.        , ..., -0.97107999,
         -0.90429383, -0.98727308],
        ...,
        [ 0.9730859 ,  0.99752094,  0.97107999, ...,  0.        ,
          0.63046846,  0.3901507 ],
        [ 0.61003691,  0.8186568 ,  0.90429383, ..., -0.63046846,
          0.        , -0.27766371],
        [ 0.80606247,  0.94592342,  0.98727308, ..., -0.3901507 ,
          0.27766371,  0.        ]],

       [[ 0.        ,  0.45311105,  0.67450897, ...,  0.92577111,
          0.92096214,  0.93051318],
        [-0.45311105,  0.        ,  0.26677699, ...,  0.65396819,
          0.6444398 ,  0.66355404],
        [-0.67450897, -0.26677699,  0.        , ...,  0.42844459,
          0.41709183,  0.43992227],
        ...,
        [-0.92577111, -0.65396819, -0.42844459, ...,  0.        ,
         -0.01252717,  0.01274111],
        [-0.92096214, -0.6444398 , -0.41709183, ...,  0.01252717,
          0.        ,  0.02526626],
        [-0.93051318, -0.66355404, -0.43992227, ..., -0.01274111,
         -0.02526626,  0.        ]],

       [[ 0.        , -0.08842616, -0.22702376, ...,  0.03549414,
          0.13499045,  0.01574748],
        [ 0.08842616,  0.        , -0.14001716, ...,  0.12372554,
          0.22207844,  0.104101  ],
        [ 0.22702376,  0.14001716,  0.        , ...,  0.26144806,
          0.35641152,  0.24233191],
        ...,
        [-0.03549414, -0.12372554, -0.26144806, ...,  0.        ,
          0.09973613, -0.01975217],
        [-0.13499045, -0.22207844, -0.35641152, ..., -0.09973613,
          0.        , -0.11937036],
        [-0.01574748, -0.104101  , -0.24233191, ...,  0.01975217,
          0.11937036,  0.        ]]]), 'num': array([7.07102844e-01, 7.07102844e-01, 0.00000000e+00, 0.00000000e+00,
       1.13859770e-04, 1.14857446e-04, 1.13111513e-04, 3.32032799e-03,
       1.24709496e-07, 1.15306400e-04, 1.19496639e-04, 1.24503726e-04,
       3.30861929e-07, 1.27254973e-04, 1.11738305e-04])}
{'img': array([[[ 0.        ,  0.18160982,  0.22512959, ..., -0.34301812,
         -0.93308762, -0.87737053],
        [-0.18160982,  0.        ,  0.04443815, ..., -0.50790529,
         -0.98288681, -0.94991928],
        [-0.22512959, -0.04443815,  0.        , ..., -0.54568315,
         -0.99010183, -0.96286761],
        ...,
        [ 0.34301812,  0.50790529,  0.54568315, ...,  0.        ,
         -0.7531099 , -0.65955469],
        [ 0.93308762,  0.98288681,  0.99010183, ...,  0.7531099 ,
          0.        ,  0.13216245],
        [ 0.87737053,  0.94991928,  0.96286761, ...,  0.65955469,
         -0.13216245,  0.        ]],

       [[ 0.        ,  0.23140262, -0.07823683, ..., -0.35711752,
         -0.44058543, -0.55647754],
        [-0.23140262,  0.        , -0.30680666, ..., -0.56356847,
         -0.6363597 , -0.73363746],
        [ 0.07823683,  0.30680666,  0.        , ..., -0.28294503,
         -0.36900091, -0.48976776],
        ...,
        [ 0.35711752,  0.56356847,  0.28294503, ...,  0.        ,
         -0.09094478, -0.2230675 ],
        [ 0.44058543,  0.6363597 ,  0.36900091, ...,  0.09094478,
          0.        , -0.13348985],
        [ 0.55647754,  0.73363746,  0.48976776, ...,  0.2230675 ,
          0.13348985,  0.        ]],

       [[ 0.        ,  0.23179588,  0.34326884, ..., -0.32691163,
         -0.47677402, -0.69355273],
        [-0.23179588,  0.        ,  0.11620842, ..., -0.53706784,
         -0.6675434 , -0.84165055],
        [-0.34326884, -0.11620842,  0.        , ..., -0.63145546,
         -0.7495461 , -0.89870341],
        ...,
        [ 0.32691163,  0.53706784,  0.63145546, ...,  0.        ,
         -0.16321385, -0.41993637],
        [ 0.47677402,  0.6675434 ,  0.7495461 , ...,  0.16321385,
          0.        , -0.26618001],
        [ 0.69355273,  0.84165055,  0.89870341, ...,  0.41993637,
          0.26618001,  0.        ]],

       ...,

       [[ 0.        ,  0.16767685,  0.11935996, ..., -0.80593886,
         -0.93311967, -0.93811454],
        [-0.16767685,  0.        , -0.04880807, ..., -0.89379288,
         -0.98019946, -0.86676202],
        [-0.11935996,  0.04880807,  0.        , ..., -0.8708382 ,
         -0.96936662, -0.89007065],
        ...,
        [ 0.80593886,  0.89379288,  0.8708382 , ...,  0.        ,
         -0.26261751, -0.83447955],
        [ 0.93311967,  0.98019946,  0.96936662, ...,  0.26261751,
          0.        , -0.66047687],
        [ 0.93811454,  0.86676202,  0.89007065, ...,  0.83447955,
          0.66047687,  0.        ]],

       [[ 0.        ,  0.54563718,  0.71614212, ...,  0.88298522,
          0.89569714,  0.88937829],
        [-0.54563718,  0.        ,  0.21931259, ...,  0.48383809,
          0.50798793,  0.4958681 ],
        [-0.71614212, -0.21931259,  0.        , ...,  0.28012581,
          0.30671276,  0.29334543],
        ...,
        [-0.88298522, -0.48383809, -0.28012581, ...,  0.        ,
          0.02780865,  0.01379875],
        [-0.89569714, -0.50798793, -0.30671276, ..., -0.02780865,
          0.        , -0.01401259],
        [-0.88937829, -0.4958681 , -0.29334543, ..., -0.01379875,
          0.01401259,  0.        ]],

       [[ 0.        , -0.14001716, -0.19065217, ...,  0.22207844,
          0.104101  , -0.08613628],
        [ 0.14001716,  0.        , -0.05132516, ...,  0.35641152,
          0.24233191,  0.054209  ],
        [ 0.19065217,  0.05132516,  0.        , ...,  0.40389636,
          0.29180785,  0.10538725],
        ...,
        [-0.22207844, -0.35641152, -0.40389636, ...,  0.        ,
         -0.11937036, -0.30523841],
        [-0.104101  , -0.24233191, -0.29180785, ...,  0.11937036,
          0.        , -0.18938237],
        [ 0.08613628, -0.054209  , -0.10538725, ...,  0.30523841,
          0.18938237,  0.        ]]]), 'num': array([7.07101201e-01, 7.07101201e-01, 0.00000000e+00, 0.00000000e+00,
       1.15480725e-04, 1.15730144e-04, 1.13734796e-04, 3.95876905e-03,
       1.62121968e-06, 1.15480725e-04, 1.19003760e-04, 1.24380806e-04,
       4.17840125e-07, 1.26462528e-04, 1.11544992e-04])}
{'img': array([[[ 0.00000000e+00,  4.44381530e-02, -1.08196134e-01, ...,
         -9.82886810e-01, -9.49919282e-01, -7.73734944e-01],
        [-4.44381530e-02,  0.00000000e+00, -1.52266533e-01, ...,
         -9.90101829e-01, -9.62867609e-01, -8.01122591e-01],
        [ 1.08196134e-01,  1.52266533e-01,  0.00000000e+00, ...,
         -9.57185973e-01, -9.10532053e-01, -7.00649511e-01],
        ...,
        [ 9.82886810e-01,  9.90101829e-01,  9.57185973e-01, ...,
          0.00000000e+00,  1.32162449e-01,  4.80137971e-01],
        [ 9.49919282e-01,  9.62867609e-01,  9.10532053e-01, ...,
         -1.32162449e-01,  0.00000000e+00,  3.59994262e-01],
        [ 7.73734944e-01,  8.01122591e-01,  7.00649511e-01, ...,
         -4.80137971e-01, -3.59994262e-01,  0.00000000e+00]],

       [[ 0.00000000e+00, -3.06806661e-01, -4.29942192e-01, ...,
         -6.36359702e-01, -7.33637463e-01, -6.87848951e-01],
        [ 3.06806661e-01,  0.00000000e+00, -1.32204516e-01, ...,
         -3.69000912e-01, -4.89767764e-01, -4.31978477e-01],
        [ 4.29942192e-01,  1.32204516e-01,  0.00000000e+00, ...,
         -2.42887276e-01, -3.70205912e-01, -3.08953642e-01],
        ...,
        [ 6.36359702e-01,  3.69000912e-01,  2.42887276e-01, ...,
          0.00000000e+00, -1.33489852e-01, -6.86973514e-02],
        [ 7.33637463e-01,  4.89767764e-01,  3.70205912e-01, ...,
          1.33489852e-01,  0.00000000e+00,  6.50919657e-02],
        [ 6.87848951e-01,  4.31978477e-01,  3.08953642e-01, ...,
          6.86973514e-02, -6.50919657e-02,  0.00000000e+00]],

       [[ 0.00000000e+00,  1.16208420e-01,  2.24702990e-01, ...,
         -6.67543397e-01, -8.41650550e-01, -7.32799177e-01],
        [-1.16208420e-01,  0.00000000e+00,  1.09943936e-01, ...,
         -7.49546097e-01, -8.98703408e-01, -8.06907788e-01],
        [-2.24702990e-01, -1.09943936e-01,  0.00000000e+00, ...,
         -8.17779817e-01, -9.41471955e-01, -8.66957545e-01],
        ...,
        [ 6.67543397e-01,  7.49546097e-01,  8.17779817e-01, ...,
          0.00000000e+00, -2.66180015e-01, -9.13943853e-02],
        [ 8.41650550e-01,  8.98703408e-01,  9.41471955e-01, ...,
          2.66180015e-01,  0.00000000e+00,  1.76968811e-01],
        [ 7.32799177e-01,  8.06907788e-01,  8.66957545e-01, ...,
          9.13943853e-02, -1.76968811e-01,  0.00000000e+00]],

       ...,

       [[ 0.00000000e+00, -4.88080712e-02, -1.78041077e-01, ...,
         -9.80199460e-01, -8.66762016e-01, -9.64261800e-01],
        [ 4.88080712e-02,  0.00000000e+00, -1.29800616e-01, ...,
         -9.69366618e-01, -8.90070646e-01, -9.50180808e-01],
        [ 1.78041077e-01,  1.29800616e-01,  0.00000000e+00, ...,
         -9.29284479e-01, -9.41706805e-01, -9.01683632e-01],
        ...,
        [ 9.80199460e-01,  9.69366618e-01,  9.29284479e-01, ...,
          0.00000000e+00, -6.60476873e-01,  6.87690464e-02],
        [ 8.66762016e-01,  8.90070646e-01,  9.41706805e-01, ...,
          6.60476873e-01,  0.00000000e+00,  7.10548255e-01],
        [ 9.64261800e-01,  9.50180808e-01,  9.01683632e-01, ...,
         -6.87690464e-02, -7.10548255e-01,  0.00000000e+00]],

       [[ 0.00000000e+00,  5.30652722e-01,  6.28793197e-01, ...,
          8.20269011e-01,  8.10609172e-01,  7.40478491e-01],
        [-5.30652722e-01,  0.00000000e+00,  1.20337405e-01, ...,
          3.91729626e-01,  3.76320069e-01,  2.70980563e-01],
        [-6.28793197e-01, -1.20337405e-01,  0.00000000e+00, ...,
          2.78162861e-01,  2.62094001e-01,  1.53176402e-01],
        ...,
        [-8.20269011e-01, -3.91729626e-01, -2.78162861e-01, ...,
          0.00000000e+00, -1.66887611e-02, -1.27749092e-01],
        [-8.10609172e-01, -3.76320069e-01, -2.62094001e-01, ...,
          1.66887611e-02,  0.00000000e+00, -1.11179279e-01],
        [-7.40478491e-01, -2.70980563e-01, -1.53176402e-01, ...,
          1.27749092e-01,  1.11179279e-01,  0.00000000e+00]],

       [[ 0.00000000e+00, -5.13251594e-02,  5.08210624e-02, ...,
          2.42331910e-01,  5.42090041e-02,  6.32242506e-04],
        [ 5.13251594e-02,  0.00000000e+00,  1.02012916e-01, ...,
          2.91807847e-01,  1.05387248e-01,  5.19565583e-02],
        [-5.08210624e-02, -1.02012916e-01,  0.00000000e+00, ...,
          1.92712503e-01,  3.39261823e-03, -5.01896267e-02],
        ...,
        [-2.42331910e-01, -2.91807847e-01, -1.92712503e-01, ...,
          0.00000000e+00, -1.89382370e-01, -2.41718464e-01],
        [-5.42090041e-02, -1.05387248e-01, -3.39261823e-03, ...,
          1.89382370e-01,  0.00000000e+00, -5.35776804e-02],
        [-6.32242506e-04, -5.19565583e-02,  5.01896267e-02, ...,
          2.41718464e-01,  5.35776804e-02,  0.00000000e+00]]]), 'num': array([ 9.75847539e-01,  2.18314449e-01,  8.07604573e-05, -1.87308052e-10,
        1.59850831e-04,  1.62236665e-04,  1.57635415e-04,  7.75661674e-03,
        2.04499997e-06,  1.58146665e-04,  1.62177019e-04,  1.69777602e-04,
        7.45572907e-07,  1.72036635e-04,  1.52317402e-04])}
{'img': array([[[ 0.        , -0.15226653, -0.04443815, ..., -0.96286761,
         -0.80112259, -0.67506699],
        [ 0.15226653,  0.        ,  0.10819613, ..., -0.91053205,
         -0.70064951, -0.55485973],
        [ 0.04443815, -0.10819613,  0.        , ..., -0.94991928,
         -0.77373494, -0.64161558],
        ...,
        [ 0.96286761,  0.91053205,  0.94991928, ...,  0.        ,
          0.35999426,  0.52811123],
        [ 0.80112259,  0.70064951,  0.77373494, ..., -0.35999426,
          0.        ,  0.18700556],
        [ 0.67506699,  0.55485973,  0.64161558, ..., -0.52811123,
         -0.18700556,  0.        ]],

       [[ 0.        , -0.13220452,  0.08982273, ..., -0.48976776,
         -0.43197848, -0.33244238],
        [ 0.13220452,  0.        ,  0.22070443, ..., -0.37020591,
         -0.30895364, -0.20483915],
        [-0.08982273, -0.22070443,  0.        , ..., -0.56610022,
         -0.511242  , -0.4158125 ],
        ...,
        [ 0.48976776,  0.37020591,  0.56610022, ...,  0.        ,
          0.06509197,  0.17207066],
        [ 0.43197848,  0.30895364,  0.511242  , ..., -0.06509197,
          0.        ,  0.10758465],
        [ 0.33244238,  0.20483915,  0.4158125 , ..., -0.17207066,
         -0.10758465,  0.        ]],

       [[ 0.        ,  0.10994394,  0.29448667, ..., -0.89870341,
         -0.80690779, -0.74399612],
        [-0.10994394,  0.        ,  0.18763289, ..., -0.94147196,
         -0.86695755, -0.81294863],
        [-0.29448667, -0.18763289,  0.        , ..., -0.9880001 ,
         -0.94507256, -0.90777531],
        ...,
        [ 0.89870341,  0.94147196,  0.9880001 , ...,  0.        ,
          0.17696881,  0.27421453],
        [ 0.80690779,  0.86695755,  0.94507256, ..., -0.17696881,
          0.        ,  0.09970112],
        [ 0.74399612,  0.81294863,  0.90777531, ..., -0.27421453,
         -0.09970112,  0.        ]],

       ...,

       [[ 0.        , -0.12980062,  0.04517942, ..., -0.89007065,
         -0.95018081, -0.67794674],
        [ 0.12980062,  0.        ,  0.17446528, ..., -0.94170681,
         -0.90168363, -0.57679352],
        [-0.04517942, -0.17446528,  0.        , ..., -0.86856799,
         -0.96329296, -0.71046637],
        ...,
        [ 0.89007065,  0.94170681,  0.86856799, ...,  0.        ,
          0.71054825,  0.96332419],
        [ 0.95018081,  0.90168363,  0.96329296, ..., -0.71054825,
          0.        ,  0.48717289],
        [ 0.67794674,  0.57679352,  0.71046637, ..., -0.96332419,
         -0.48717289,  0.        ]],

       [[ 0.        ,  0.38189083,  0.58487425, ...,  0.69770494,
          0.58641237,  0.48025592],
        [-0.38189083,  0.        ,  0.23078433, ...,  0.37124314,
          0.23263027,  0.10888881],
        [-0.58487425, -0.23078433,  0.        , ...,  0.14692992,
          0.00189758, -0.12346273],
        ...,
        [-0.69770494, -0.37124314, -0.14692992, ...,  0.        ,
         -0.14505266, -0.26792856],
        [-0.58641237, -0.23263027, -0.00189758, ...,  0.14505266,
          0.        , -0.12534557],
        [-0.48025592, -0.10888881,  0.12346273, ...,  0.26792856,
          0.12534557,  0.        ]],

       [[ 0.        ,  0.10201292,  0.08258981, ...,  0.10538725,
          0.05195656,  0.02856322],
        [-0.10201292,  0.        , -0.01950546, ...,  0.00339262,
         -0.05018963, -0.07355709],
        [-0.08258981,  0.01950546,  0.        , ...,  0.02289732,
         -0.0306992 , -0.05409048],
        ...,
        [-0.10538725, -0.00339262, -0.02289732, ...,  0.        ,
         -0.05357768, -0.07694009],
        [-0.05195656,  0.05018963,  0.0306992 , ...,  0.05357768,
          0.        , -0.02341072],
        [-0.02856322,  0.07355709,  0.05409048, ...,  0.07694009,
          0.02341072,  0.        ]]]), 'num': array([7.33241306e-01, 6.79927925e-01, 5.51327623e-06, 1.11922822e-08,
       1.23696940e-04, 1.24464449e-04, 1.20115229e-04, 7.42179082e-03,
       3.70962902e-06, 1.19117467e-04, 1.21528726e-04, 1.27346874e-04,
       7.32936954e-07, 1.28459711e-04, 1.14597741e-04])}
{'img': array([[[ 0.00000000e+00,  1.08196134e-01, -2.76081463e-02, ...,
         -7.00649511e-01, -5.54859735e-01, -2.47695631e-01],
        [-1.08196134e-01,  0.00000000e+00, -1.35600967e-01, ...,
         -7.73734944e-01, -6.41615584e-01, -3.51066066e-01],
        [ 2.76081463e-02,  1.35600967e-01,  0.00000000e+00, ...,
         -6.80683871e-01, -5.31679806e-01, -2.20853397e-01],
        ...,
        [ 7.00649511e-01,  7.73734944e-01,  6.80683871e-01, ...,
          0.00000000e+00,  1.87005559e-01,  5.02083576e-01],
        [ 5.54859735e-01,  6.41615584e-01,  5.31679806e-01, ...,
         -1.87005559e-01,  0.00000000e+00,  3.31500267e-01],
        [ 2.47695631e-01,  3.51066066e-01,  2.20853397e-01, ...,
         -5.02083576e-01, -3.31500267e-01,  0.00000000e+00]],

       [[ 0.00000000e+00,  2.20704426e-01, -1.24855859e-01, ...,
         -3.08953642e-01, -2.04839154e-01, -1.35437258e-01],
        [-2.20704426e-01,  0.00000000e+00, -3.40754395e-01, ...,
         -5.11241998e-01, -4.15812504e-01, -3.50768314e-01],
        [ 1.24855859e-01,  3.40754395e-01,  0.00000000e+00, ...,
         -1.87788498e-01, -8.10278946e-02, -1.06720190e-02],
        ...,
        [ 3.08953642e-01,  5.11241998e-01,  1.87788498e-01, ...,
          0.00000000e+00,  1.07584652e-01,  1.77295646e-01],
        [ 2.04839154e-01,  4.15812504e-01,  8.10278946e-02, ...,
         -1.07584652e-01,  0.00000000e+00,  7.03863526e-02],
        [ 1.35437258e-01,  3.50768314e-01,  1.06720190e-02, ...,
         -1.77295646e-01, -7.03863526e-02,  0.00000000e+00]],

       [[ 0.00000000e+00,  1.87632890e-01,  1.98818936e-01, ...,
         -8.66957545e-01, -8.12948629e-01, -7.43821980e-01],
        [-1.87632890e-01,  0.00000000e+00,  1.14007267e-02, ...,
         -9.45072563e-01, -9.07775308e-01, -8.56020782e-01],
        [-1.98818936e-01, -1.14007267e-02,  0.00000000e+00, ...,
         -9.48737591e-01, -9.12498423e-01, -8.61858656e-01],
        ...,
        [ 8.66957545e-01,  9.45072563e-01,  9.48737591e-01, ...,
          0.00000000e+00,  9.97011150e-02,  2.08747679e-01],
        [ 8.12948629e-01,  9.07775308e-01,  9.12498423e-01, ...,
         -9.97011150e-02,  0.00000000e+00,  1.10202927e-01],
        [ 7.43821980e-01,  8.56020782e-01,  8.61858656e-01, ...,
         -2.08747679e-01, -1.10202927e-01,  0.00000000e+00]],

       ...,

       [[ 0.00000000e+00,  1.74465279e-01,  4.87914910e-02, ...,
         -9.01683632e-01, -5.76793523e-01, -3.07788371e-02],
        [-1.74465279e-01,  0.00000000e+00, -1.26214296e-01, ...,
         -9.63292959e-01, -7.10466367e-01, -2.04689413e-01],
        [-4.87914910e-02,  1.26214296e-01,  0.00000000e+00, ...,
         -9.21706978e-01, -6.15963834e-01, -7.95105536e-02],
        ...,
        [ 9.01683632e-01,  9.63292959e-01,  9.21706978e-01, ...,
          0.00000000e+00,  4.87172889e-01,  8.87947774e-01],
        [ 5.76793523e-01,  7.10466367e-01,  6.15963834e-01, ...,
         -4.87172889e-01,  0.00000000e+00,  5.51377326e-01],
        [ 3.07788371e-02,  2.04689413e-01,  7.95105536e-02, ...,
         -8.87947774e-01, -5.51377326e-01,  0.00000000e+00]],

       [[ 0.00000000e+00,  2.93716682e-01,  3.72501289e-01, ...,
          2.95794378e-01,  1.49851431e-01, -2.48438590e-01],
        [-2.93716682e-01,  0.00000000e+00,  8.34928112e-02, ...,
          2.17429329e-03, -1.47158326e-01, -5.21988563e-01],
        [-3.72501289e-01, -8.34928112e-02,  0.00000000e+00, ...,
         -8.13259123e-02, -2.29228326e-01, -5.91381378e-01],
        ...,
        [-2.95794378e-01, -2.17429329e-03,  8.13259123e-02, ...,
          0.00000000e+00, -1.49308600e-01, -5.23841898e-01],
        [-1.49851431e-01,  1.47158326e-01,  2.29228326e-01, ...,
          1.49308600e-01,  0.00000000e+00, -3.90786588e-01],
        [ 2.48438590e-01,  5.21988563e-01,  5.91381378e-01, ...,
          5.23841898e-01,  3.90786588e-01,  0.00000000e+00]],

       [[ 0.00000000e+00, -1.95054592e-02,  1.09695877e-01, ...,
         -5.01896267e-02, -7.35570884e-02, -7.08205051e-04],
        [ 1.95054592e-02,  0.00000000e+00,  1.29062755e-01, ...,
         -3.06992016e-02, -5.40904751e-02,  1.87973840e-02],
        [-1.09695877e-01, -1.29062755e-01,  0.00000000e+00, ...,
         -1.59444370e-01, -1.82511898e-01, -1.10399781e-01],
        ...,
        [ 5.01896267e-02,  3.06992016e-02,  1.59444370e-01, ...,
          0.00000000e+00, -2.34107215e-02,  4.94823016e-02],
        [ 7.35570884e-02,  5.40904751e-02,  1.82511898e-01, ...,
          2.34107215e-02,  0.00000000e+00,  7.28507834e-02],
        [ 7.08205051e-04, -1.87973840e-02,  1.10399781e-01, ...,
         -4.94823016e-02, -7.28507834e-02,  0.00000000e+00]]]), 'num': array([ 7.20465703e-01,  6.93450003e-01,  2.90804097e-06,  1.37193716e-08,
        1.16951085e-04,  1.21734875e-04,  1.16699307e-04,  7.49332920e-03,
       -4.78379034e-06,  1.17656065e-04,  1.19160441e-04,  1.25192633e-04,
        5.76992256e-07,  1.25450104e-04,  1.12870778e-04])}
{'img': array([[[ 0.        , -0.13560097, -0.37996739, ..., -0.64161558,
         -0.35106607, -0.73953827],
        [ 0.13560097,  0.        , -0.25102695, ..., -0.53167981,
         -0.2208534 , -0.64143257],
        [ 0.37996739,  0.25102695,  0.        , ..., -0.30204934,
          0.03104666, -0.42831126],
        ...,
        [ 0.64161558,  0.53167981,  0.30204934, ...,  0.        ,
          0.33150027, -0.1353646 ],
        [ 0.35106607,  0.2208534 , -0.03104666, ..., -0.33150027,
          0.        , -0.45615951],
        [ 0.73953827,  0.64143257,  0.42831126, ...,  0.1353646 ,
          0.45615951,  0.        ]],

       [[ 0.        , -0.3407544 , -0.17712461, ..., -0.4158125 ,
         -0.35076831, -0.3436793 ],
        [ 0.3407544 ,  0.        ,  0.16884241, ..., -0.08102789,
         -0.01067202, -0.00311285],
        [ 0.17712461, -0.16884241,  0.        , ..., -0.24815181,
         -0.1793516 , -0.17190975],
        ...,
        [ 0.4158125 ,  0.08102789,  0.24815181, ...,  0.        ,
          0.07038635,  0.07792489],
        [ 0.35076831,  0.01067202,  0.1793516 , ..., -0.07038635,
          0.        ,  0.00755929],
        [ 0.3436793 ,  0.00311285,  0.17190975, ..., -0.07792489,
         -0.00755929,  0.        ]],

       [[ 0.        ,  0.01140073, -0.08269381, ..., -0.90777531,
         -0.85602078, -0.80536894],
        [-0.01140073,  0.        , -0.09405012, ..., -0.91249842,
         -0.86185866, -0.81207465],
        [ 0.08269381,  0.09405012,  0.        , ..., -0.8699797 ,
         -0.81034106, -0.75359182],
        ...,
        [ 0.90777531,  0.91249842,  0.8699797 , ...,  0.        ,
          0.11020293,  0.20028802],
        [ 0.85602078,  0.86185866,  0.81034106, ..., -0.11020293,
          0.        ,  0.0910982 ],
        [ 0.80536894,  0.81207465,  0.75359182, ..., -0.20028802,
         -0.0910982 ,  0.        ]],

       ...,

       [[ 0.        , -0.1262143 , -0.34512807, ..., -0.71046637,
         -0.20468941, -0.64367672],
        [ 0.1262143 ,  0.        , -0.22390894, ..., -0.61596383,
         -0.07951055, -0.54193775],
        [ 0.34512807,  0.22390894,  0.        , ..., -0.42393481,
          0.14570827, -0.34000074],
        ...,
        [ 0.71046637,  0.61596383,  0.42393481, ...,  0.        ,
          0.55137733,  0.09074278],
        [ 0.20468941,  0.07951055, -0.14570827, ..., -0.55137733,
          0.        , -0.47339983],
        [ 0.64367672,  0.54193775,  0.34000074, ..., -0.09074278,
          0.47339983,  0.        ]],

       [[ 0.        ,  0.06428346,  0.07679298, ..., -0.10265398,
         -0.24516068, -0.66028833],
        [-0.06428346,  0.        ,  0.01254052, ..., -0.16638552,
         -0.30697529, -0.7072003 ],
        [-0.07679298, -0.01254052,  0.        , ..., -0.17873815,
         -0.31888618, -0.716011  ],
        ...,
        [ 0.10265398,  0.16638552,  0.17873815, ...,  0.        ,
         -0.14434429, -0.57970571],
        [ 0.24516068,  0.30697529,  0.31888618, ...,  0.14434429,
          0.        , -0.45601929],
        [ 0.66028833,  0.7072003 ,  0.716011  , ...,  0.57970571,
          0.45601929,  0.        ]],

       [[ 0.        ,  0.12906275,  0.15211271, ..., -0.05409048,
          0.01879738,  0.04283341],
        [-0.12906275,  0.        ,  0.02327964, ..., -0.1825119 ,
         -0.11039978, -0.08646914],
        [-0.15211271, -0.02327964,  0.        , ..., -0.20535106,
         -0.13350719, -0.10963815],
        ...,
        [ 0.05409048,  0.1825119 ,  0.20535106, ...,  0.        ,
          0.07285078,  0.09681153],
        [-0.01879738,  0.11039978,  0.13350719, ..., -0.07285078,
          0.        ,  0.02404571],
        [-0.04283341,  0.08646914,  0.10963815, ..., -0.09681153,
         -0.02404571,  0.        ]]]), 'num': array([7.19453233e-01, 6.94529429e-01, 2.65146845e-06, 1.17424391e-08,
       1.18122291e-04, 1.19378911e-04, 1.16488685e-04, 3.97548111e-03,
       1.38228213e-06, 1.18122291e-04, 1.18650072e-04, 1.24830548e-04,
       5.88326693e-07, 1.24484146e-04, 1.12815997e-04])}
{'img': array([[[ 0.        , -0.25102695,  0.22276225, ..., -0.2208534 ,
         -0.64143257, -0.50848946],
        [ 0.25102695,  0.        ,  0.46034877, ...,  0.03104666,
         -0.42831126, -0.27605634],
        [-0.22276225, -0.46034877,  0.        , ..., -0.43256555,
         -0.79621378, -0.68752603],
        ...,
        [ 0.2208534 , -0.03104666,  0.43256555, ...,  0.        ,
         -0.45615951, -0.30576349],
        [ 0.64143257,  0.42831126,  0.79621378, ...,  0.45615951,
          0.        ,  0.16221456],
        [ 0.50848946,  0.27605634,  0.68752603, ...,  0.30576349,
         -0.16221456,  0.        ]],

       [[ 0.        ,  0.16884241,  0.98464283, ..., -0.01067202,
         -0.00311285, -0.18887987],
        [-0.16884241,  0.        ,  0.94102971, ..., -0.1793516 ,
         -0.17190975, -0.35197141],
        [-0.98464283, -0.94102971,  0.        , ..., -0.98644989,
         -0.9851815 , -0.99989428],
        ...,
        [ 0.01067202,  0.1793516 ,  0.98644989, ...,  0.        ,
          0.00755929, -0.17838919],
        [ 0.00311285,  0.17190975,  0.9851815 , ..., -0.00755929,
          0.        , -0.18582213],
        [ 0.18887987,  0.35197141,  0.99989428, ...,  0.17838919,
          0.18582213,  0.        ]],

       [[ 0.        , -0.09405012, -0.08251084, ..., -0.86185866,
         -0.81207465, -0.73724081],
        [ 0.09405012,  0.        ,  0.01158432, ..., -0.81034106,
         -0.75359182, -0.67042988],
        [ 0.08251084, -0.01158432,  0.        , ..., -0.81707461,
         -0.76115612, -0.67898014],
        ...,
        [ 0.86185866,  0.81034106,  0.81707461, ...,  0.        ,
          0.0910982 ,  0.20840701],
        [ 0.81207465,  0.75359182,  0.76115612, ..., -0.0910982 ,
          0.        ,  0.11844256],
        [ 0.73724081,  0.67042988,  0.67898014, ..., -0.20840701,
         -0.11844256,  0.        ]],

       ...,

       [[ 0.        , -0.22390894,  0.25051905, ..., -0.07951055,
         -0.54193775, -0.50583747],
        [ 0.22390894,  0.        ,  0.46092725, ...,  0.14570827,
         -0.34000074, -0.29984398],
        [-0.25051905, -0.46092725,  0.        , ..., -0.32670101,
         -0.73519714, -0.70581211],
        ...,
        [ 0.07951055, -0.14570827,  0.32670101, ...,  0.        ,
         -0.47339983, -0.4356479 ],
        [ 0.54193775,  0.34000074,  0.73519714, ...,  0.47339983,
          0.        ,  0.04237588],
        [ 0.50583747,  0.29984398,  0.70581211, ...,  0.4356479 ,
         -0.04237588,  0.        ]],

       [[ 0.        ,  0.01107584,  0.1433361 , ..., -0.25566878,
         -0.4569134 , -0.76977729],
        [-0.01107584,  0.        ,  0.13236583, ..., -0.26636083,
         -0.46673746, -0.77679993],
        [-0.1433361 , -0.13236583,  0.        , ..., -0.391601  ,
         -0.57969441, -0.85332186],
        ...,
        [ 0.25566878,  0.26636083,  0.391601  , ...,  0.        ,
         -0.21430739, -0.58099672],
        [ 0.4569134 ,  0.46673746,  0.57969441, ...,  0.21430739,
          0.        , -0.39307195],
        [ 0.76977729,  0.77679993,  0.85332186, ...,  0.58099672,
          0.39307195,  0.        ]],

       [[ 0.        ,  0.02327964, -0.01989384, ..., -0.11039978,
         -0.08646914, -0.04825384],
        [-0.02327964,  0.        , -0.04316348, ..., -0.13350719,
         -0.10963815, -0.07149328],
        [ 0.01989384,  0.04316348,  0.        , ..., -0.0906057 ,
         -0.06663269, -0.02837363],
        ...,
        [ 0.11039978,  0.13350719,  0.0906057 , ...,  0.        ,
          0.02404571,  0.0623123 ],
        [ 0.08646914,  0.10963815,  0.06663269, ..., -0.02404571,
          0.        ,  0.0382953 ],
        [ 0.04825384,  0.07149328,  0.02837363, ..., -0.0623123 ,
         -0.0382953 ,  0.        ]]]), 'num': array([ 7.16852163e-01,  6.97208408e-01,  2.11678390e-06,  1.22026717e-08,
        1.16235234e-04,  1.17863530e-04,  1.15233207e-04,  4.82710650e-03,
       -1.50304182e-06,  1.17788378e-04,  1.17782115e-04,  1.24295296e-04,
        5.40741919e-07,  1.22484228e-04,  1.13080002e-04])}
{'img': array([[[ 0.        ,  0.46034877,  0.92118327, ..., -0.42831126,
         -0.27605634, -0.44354739],
        [-0.46034877,  0.        ,  0.63863447, ..., -0.79621378,
         -0.68752603, -0.80634195],
        [-0.92118327, -0.63863447,  0.        , ..., -0.99907834,
         -0.99280896, -0.99820851],
        ...,
        [ 0.42831126,  0.79621378,  0.99907834, ...,  0.        ,
          0.16221456, -0.01692894],
        [ 0.27605634,  0.68752603,  0.99280896, ..., -0.16221456,
          0.        , -0.17889604],
        [ 0.44354739,  0.80634195,  0.99820851, ...,  0.01692894,
          0.17889604,  0.        ]],

       [[ 0.        ,  0.94102971,  0.72844113, ..., -0.17190975,
         -0.35197141, -0.29460312],
        [-0.94102971,  0.        , -0.39825828, ..., -0.9851815 ,
         -0.99989428, -0.99893781],
        [-0.72844113,  0.39825828,  0.        , ..., -0.83537343,
         -0.9229673 , -0.89794777],
        ...,
        [ 0.17190975,  0.9851815 ,  0.83537343, ...,  0.        ,
         -0.18582213, -0.12593694],
        [ 0.35197141,  0.99989428,  0.9229673 , ...,  0.18582213,
          0.        ,  0.06059912],
        [ 0.29460312,  0.99893781,  0.89794777, ...,  0.12593694,
         -0.06059912,  0.        ]],

       [[ 0.        ,  0.01158432,  0.2301437 , ..., -0.75359182,
         -0.67042988, -0.66450117],
        [-0.01158432,  0.        ,  0.2188549 , ..., -0.76115612,
         -0.67898014, -0.6731134 ],
        [-0.2301437 , -0.2188549 ,  0.        , ..., -0.88464617,
         -0.82319368, -0.81864718],
        ...,
        [ 0.75359182,  0.76115612,  0.88464617, ...,  0.        ,
          0.11844256,  0.12634458],
        [ 0.67042988,  0.67898014,  0.82319368, ..., -0.11844256,
          0.        ,  0.00796182],
        [ 0.66450117,  0.6731134 ,  0.81864718, ..., -0.12634458,
         -0.00796182,  0.        ]],

       ...,

       [[ 0.        ,  0.46092725,  0.98623447, ..., -0.34000074,
         -0.29984398, -0.44697653],
        [-0.46092725,  0.        ,  0.79900624, ..., -0.73519714,
         -0.70581211, -0.80898441],
        [-0.98623447, -0.79900624,  0.        , ..., -0.98369981,
         -0.99043616, -0.95614063],
        ...,
        [ 0.34000074,  0.73519714,  0.98369981, ...,  0.        ,
          0.04237588, -0.11620179],
        [ 0.29984398,  0.70581211,  0.99043616, ..., -0.04237588,
          0.        , -0.15818621],
        [ 0.44697653,  0.80898441,  0.95614063, ...,  0.11620179,
          0.15818621,  0.        ]],

       [[ 0.        ,  0.11144981,  0.45124756, ..., -0.34244166,
         -0.45662875, -0.86650071],
        [-0.11144981,  0.        ,  0.34897864, ..., -0.44501972,
         -0.55293612, -0.91673552],
        [-0.45124756, -0.34897864,  0.        , ..., -0.72955926,
         -0.80895066, -0.99851608],
        ...,
        [ 0.34244166,  0.44501972,  0.72955926, ...,  0.        ,
         -0.12436482, -0.64317269],
        [ 0.45662875,  0.55293612,  0.80895066, ...,  0.12436482,
          0.        , -0.54295069],
        [ 0.86650071,  0.91673552,  0.99851608, ...,  0.64317269,
          0.54295069,  0.        ]],

       [[ 0.        , -0.04316348, -0.77536852, ..., -0.10963815,
         -0.07149328,  0.07817377],
        [ 0.04316348,  0.        , -0.74738777, ..., -0.06663269,
         -0.02837363,  0.1211323 ],
        [ 0.77536852,  0.74738777,  0.        , ...,  0.70145678,
          0.72823576,  0.82236314],
        ...,
        [ 0.10963815,  0.06663269, -0.70145678, ...,  0.        ,
          0.0382953 ,  0.18700513],
        [ 0.07149328,  0.02837363, -0.72823576, ..., -0.0382953 ,
          0.        ,  0.14924822],
        [-0.07817377, -0.1211323 , -0.82236314, ..., -0.18700513,
         -0.14924822,  0.        ]]]), 'num': array([7.08302340e-01, 7.05890418e-01, 2.59905400e-07, 1.15657139e-08,
       1.14853434e-04, 1.16462372e-04, 1.13615789e-04, 5.13852778e-03,
       0.00000000e+00, 1.16140584e-04, 1.15998255e-04, 1.22743419e-04,
       5.83121090e-07, 1.19728374e-04, 1.12268137e-04])}
{'img': array([[[ 0.        ,  0.63863447,  0.        , ..., -0.68752603,
         -0.80634195, -0.80634195],
        [-0.63863447,  0.        , -0.63863447, ..., -0.99280896,
         -0.99820851, -0.99820851],
        [ 0.        ,  0.63863447,  0.        , ..., -0.68752603,
         -0.80634195, -0.80634195],
        ...,
        [ 0.68752603,  0.99280896,  0.68752603, ...,  0.        ,
         -0.17889604, -0.17889604],
        [ 0.80634195,  0.99820851,  0.80634195, ...,  0.17889604,
          0.        ,  0.        ],
        [ 0.80634195,  0.99820851,  0.80634195, ...,  0.17889604,
          0.        ,  0.        ]],

       [[ 0.        , -0.39825828, -0.72244279, ..., -0.99989428,
         -0.99893781, -0.99770051],
        [ 0.39825828,  0.        , -0.38730949, ..., -0.9229673 ,
         -0.89794777, -0.88817141],
        [ 0.72244279,  0.38730949,  0.        , ..., -0.70186243,
         -0.65740703, -0.64087594],
        ...,
        [ 0.99989428,  0.9229673 ,  0.70186243, ...,  0.        ,
          0.06059912,  0.08227686],
        [ 0.99893781,  0.89794777,  0.65740703, ..., -0.06059912,
          0.        ,  0.02173199],
        [ 0.99770051,  0.88817141,  0.64087594, ..., -0.08227686,
         -0.02173199,  0.        ]],

       [[ 0.        ,  0.2188549 ,  0.24079951, ..., -0.67898014,
         -0.6731134 , -0.70271231],
        [-0.2188549 ,  0.        ,  0.02254684, ..., -0.82319368,
         -0.81864718, -0.84138634],
        [-0.24079951, -0.02254684,  0.        , ..., -0.83578563,
         -0.83138765, -0.85335753],
        ...,
        [ 0.67898014,  0.82319368,  0.83578563, ...,  0.        ,
          0.00796182, -0.03282412],
        [ 0.6731134 ,  0.81864718,  0.83138765, ..., -0.00796182,
          0.        , -0.04078061],
        [ 0.70271231,  0.84138634,  0.85335753, ...,  0.03282412,
          0.04078061,  0.        ]],

       ...,

       [[ 0.        ,  0.79900624, -0.19522002, ..., -0.70581211,
         -0.80898441, -0.69673059],
        [-0.79900624,  0.        , -0.90102318, ..., -0.99043616,
         -0.95614063, -0.9921134 ],
        [ 0.19522002,  0.90102318,  0.        , ..., -0.55393823,
         -0.67866292, -0.54328739],
        ...,
        [ 0.70581211,  0.99043616,  0.55393823, ...,  0.        ,
         -0.15818621,  0.01273892],
        [ 0.80898441,  0.95614063,  0.67866292, ...,  0.15818621,
          0.        ,  0.17075191],
        [ 0.69673059,  0.9921134 ,  0.54328739, ..., -0.01273892,
         -0.17075191,  0.        ]],

       [[ 0.        ,  0.32309027,  0.37939317, ..., -0.47417271,
         -0.68128977, -0.94982968],
        [-0.32309027,  0.        ,  0.06011101, ..., -0.73320092,
         -0.88125749, -0.99994073],
        [-0.37939317, -0.06011101,  0.        , ..., -0.77275128,
         -0.90807457, -0.99747808],
        ...,
        [ 0.47417271,  0.73320092,  0.77275128, ...,  0.        ,
         -0.25272823, -0.68795444],
