state_0,state_1,state_2,state_3,state_4,state_5,state_6,state_7,state_8,state_9,state_10,state_11,state_12,state_13,state_14,state_15,state_16,state_17,state_18,state_19,state_20,state_21,state_22,state_23,state_24,state_25,state_26,state_27,state_28,state_29,state_30,state_31,state_32,state_33,state_34,state_35,state_36,state_37,state_38,state_39,state_40,state_41,state_42,state_43,state_44,state_45,state_46,state_47,state_48,state_49,state_50,state_51,state_52,state_53,state_54,state_55,state_56,state_57,state_58,state_59,state_60,state_61,state_62,state_63,state_64,state_65,state_66,state_67,state_68,state_69,state_70,state_71,state_72,state_73,state_74,state_75,state_76,state_77,state_78,state_79,state_80,state_81,state_82,state_83,state_84,state_85,state_86,state_87,state_88,state_89,state_90,state_91,state_92,state_93,state_94,state_95,state_96,state_97,state_98,state_99,state_100,state_101,state_102,state_103,state_104,state_105,state_106,state_107,state_108,state_109,state_110,state_111,state_112,state_113,state_114,state_115,state_116,state_117,state_118,state_119,state_120,state_121,state_122,state_123,state_124,state_125,state_126,state_127,state_128,state_129,state_130,state_131,state_132,state_133,state_134,state_135,state_136,state_137,state_138,state_139,state_140,state_141,state_142,state_143,state_144,state_145,state_146,state_147,state_148,state_149,state_150,state_151,state_152,state_153,state_154,state_155,state_156,state_157,state_158,state_159,state_160,state_161,state_162,state_163,state_164,state_165,state_166,state_167,state_168,state_169,state_170,state_171,state_172,state_173,state_174,state_175,state_176,state_177,state_178,state_179,state_180,state_181,state_182,state_183,state_184,state_185,state_186,state_187,state_188,state_189,state_190,state_191,state_192,state_193,state_194,state_195,state_196,state_197,state_198,state_199,state_200,state_201,state_202,state_203,state_204,state_205,state_206,state_207,state_208,state_209,state_210,state_211,state_212,state_213,state_214,state_215,state_216,state_217,state_218,state_219,state_220,state_221,state_222,state_223,state_224,state_225,state_226,state_227,state_228,state_229,state_230,state_231,state_232,state_233,state_234,state_235,state_236,state_237,state_238,state_239,state_240,state_241,state_242,state_243,state_244,state_245,state_246,state_247,state_248,state_249,state_250,state_251,state_252,state_253,state_254,state_255,state_256,state_257,state_258,state_259,state_260,state_261,state_262,state_263,state_264,state_265,state_266,state_267,state_268,state_269,state_270,state_271,state_272,state_273,state_274,state_275,state_276,state_277,state_278,state_279,state_280,state_281,state_282,state_283,state_284,state_285,state_286,state_287
{'img': array([[[ 0.        , -0.14088496, -0.26834708, ..., -0.06450144,
         -0.25475855,  0.05065938],
        [ 0.14088496,  0.        , -0.12995296, ...,  0.07673348,
         -0.11598117,  0.19085816],
        [ 0.26834708,  0.12995296,  0.        , ...,  0.2056526 ,
          0.01407829,  0.31680382],
        ...,
        [ 0.06450144, -0.07673348, -0.2056526 , ...,  0.        ,
         -0.19185485,  0.11497251],
        [ 0.25475855,  0.11598117, -0.01407829, ...,  0.19185485,
          0.        ,  0.30341929],
        [-0.05065938, -0.19085816, -0.31680382, ..., -0.11497251,
         -0.30341929,  0.        ]],

       [[ 0.        , -0.19737283, -0.24128616, ...,  0.24708653,
         -0.30762662,  0.07248213],
        [ 0.19737283,  0.        , -0.04499844, ...,  0.43347894,
         -0.11377347,  0.26790998],
        [ 0.24128616,  0.04499844,  0.        , ...,  0.47359081,
         -0.06895198,  0.31099208],
        ...,
        [-0.24708653, -0.43347894, -0.47359081, ...,  0.        ,
         -0.53319277, -0.17620192],
        [ 0.30762662,  0.11377347,  0.06895198, ...,  0.53319277,
          0.        ,  0.37578473],
        [-0.07248213, -0.26790998, -0.31099208, ...,  0.17620192,
         -0.37578473,  0.        ]],

       [[ 0.        ,  0.06960573,  0.05059553, ...,  0.45271822,
          0.36240378,  0.30940625],
        [-0.06960573,  0.        , -0.01904376, ...,  0.38955599,
          0.29665079,  0.24246564],
        [-0.05059553,  0.01904376,  0.        , ...,  0.4070247 ,
          0.31478352,  0.26089716],
        ...,
        [-0.45271822, -0.38955599, -0.4070247 , ...,  0.        ,
         -0.09880432, -0.15462011],
        [-0.36240378, -0.29665079, -0.31478352, ...,  0.09880432,
          0.        , -0.05624743],
        [-0.30940625, -0.24246564, -0.26089716, ...,  0.15462011,
          0.05624743,  0.        ]],

       ...,

       [[ 0.        , -0.40370183, -0.49563242, ...,  0.9276001 ,
          0.49845476,  0.66510786],
        [ 0.40370183,  0.        , -0.10282132, ...,  0.99946541,
          0.80600704,  0.90996419],
        [ 0.49563242,  0.10282132,  0.        , ...,  0.99080646,
          0.86259563,  0.94777989],
        ...,
        [-0.9276001 , -0.99946541, -0.99080646, ...,  0.        ,
         -0.61794101, -0.44421539],
        [-0.49845476, -0.80600704, -0.86259563, ...,  0.61794101,
          0.        ,  0.20437271],
        [-0.66510786, -0.90996419, -0.94777989, ...,  0.44421539,
         -0.20437271,  0.        ]],

       [[ 0.        , -0.0452808 , -0.07947796, ...,  0.84958192,
          0.86566349,  0.9864123 ],
        [ 0.0452808 ,  0.        , -0.03425888, ...,  0.87259417,
          0.88744434,  0.99283966],
        [ 0.07947796,  0.03425888,  0.        , ...,  0.88881556,
          0.90271383,  0.99634924],
        ...,
        [-0.84958192, -0.87259417, -0.88881556, ...,  0.        ,
          0.03127691,  0.38071306],
        [-0.86566349, -0.88744434, -0.90271383, ..., -0.03127691,
          0.        ,  0.35160526],
        [-0.9864123 , -0.99283966, -0.99634924, ..., -0.38071306,
         -0.35160526,  0.        ]],

       [[ 0.        ,  0.16869638,  0.12601318, ..., -0.97402446,
         -0.99224241, -0.99385844],
        [-0.16869638,  0.        , -0.04314447, ..., -0.92186471,
         -0.95704964, -0.96094675],
        [-0.12601318,  0.04314447,  0.        , ..., -0.93772531,
         -0.9686671 , -0.97199147],
        ...,
        [ 0.97402446,  0.92186471,  0.93772531, ...,  0.        ,
          0.1035973 ,  0.11726758],
        [ 0.99224241,  0.95704964,  0.9686671 , ..., -0.1035973 ,
          0.        ,  0.01375409],
        [ 0.99385844,  0.96094675,  0.97199147, ..., -0.11726758,
         -0.01375409,  0.        ]]]), 'num': array([ 7.07003841e-01,  7.07003841e-01,  0.00000000e+00,  0.00000000e+00,
        5.94705691e-03,  5.97869020e-03,  5.86797371e-03,  4.23784745e-03,
       -4.74499222e-05,  5.96129189e-03,  5.77030595e-03,  5.60805358e-03,
        1.06803089e-06,  6.38490559e-03,  5.15570632e-03])}
{'img': array([[[ 0.        , -0.12995296,  0.76765208, ..., -0.11598117,
          0.19085816,  0.09252544],
        [ 0.12995296,  0.        ,  0.84442505, ...,  0.01407829,
          0.31680382,  0.22113634],
        [-0.76765208, -0.84442505,  0.        , ..., -0.8368    ,
         -0.63122615, -0.70506261],
        ...,
        [ 0.11598117, -0.01407829,  0.8368    , ...,  0.        ,
          0.30341929,  0.20738467],
        [-0.19085816, -0.31680382,  0.63122615, ..., -0.30341929,
          0.        , -0.09921483],
        [-0.09252544, -0.22113634,  0.70506261, ..., -0.20738467,
          0.09921483,  0.        ]],

       [[ 0.        , -0.04499844,  0.61357737, ..., -0.11377347,
          0.26790998,  0.03491832],
        [ 0.04499844,  0.        ,  0.57742353, ..., -0.06895198,
          0.31099208,  0.07985395],
        [-0.61357737, -0.57742353,  0.        , ..., -0.51975377,
         -0.8026984 , -0.64077591],
        ...,
        [ 0.11377347,  0.06895198,  0.51975377, ...,  0.        ,
          0.37578473,  0.14839568],
        [-0.26790998, -0.31099208,  0.8026984 , ..., -0.37578473,
          0.        , -0.23410476],
        [-0.03491832, -0.07985395,  0.64077591, ..., -0.14839568,
          0.23410476,  0.        ]],

       [[ 0.        , -0.01904376,  0.15136808, ...,  0.29665079,
          0.24246564,  0.11779554],
        [ 0.01904376,  0.        ,  0.17016496, ...,  0.31478352,
          0.26089716,  0.13668535],
        [-0.15136808, -0.17016496,  0.        , ...,  0.14867822,
          0.09282056, -0.033876  ],
        ...,
        [-0.29665079, -0.31478352, -0.14867822, ...,  0.        ,
         -0.05624743, -0.18209237],
        [-0.24246564, -0.26089716, -0.09282056, ...,  0.05624743,
          0.        , -0.12649704],
        [-0.11779554, -0.13668535,  0.033876  , ...,  0.18209237,
          0.12649704,  0.        ]],

       ...,

       [[ 0.        , -0.10282132,  0.73662796, ...,  0.80600704,
          0.90996419,  0.70295211],
        [ 0.10282132,  0.        ,  0.80226159, ...,  0.86259563,
          0.94777989,  0.7723567 ],
        [-0.73662796, -0.80226159,  0.        , ...,  0.10908663,
          0.30993722, -0.04851196],
        ...,
        [-0.80600704, -0.86259563, -0.10908663, ...,  0.        ,
          0.20437271, -0.15718065],
        [-0.90996419, -0.94777989, -0.30993722, ..., -0.20437271,
          0.        , -0.35569539],
        [-0.70295211, -0.7723567 ,  0.04851196, ...,  0.15718065,
          0.35569539,  0.        ]],

       [[ 0.        , -0.03340717,  0.14224414, ...,  0.84584302,
          0.92244873,  0.99556354],
        [ 0.03340717,  0.        ,  0.17523222, ...,  0.86319134,
          0.934833  ,  0.99815117],
        [-0.14224414, -0.17523222,  0.        , ...,  0.76136459,
          0.85814565,  0.97205626],
        ...,
        [-0.84584302, -0.86319134, -0.76136459, ...,  0.        ,
          0.16546701,  0.45147854],
        [-0.92244873, -0.934833  , -0.85814565, ..., -0.16546701,
          0.        ,  0.29761182],
        [-0.99556354, -0.99815117, -0.97205626, ..., -0.45147854,
         -0.29761182,  0.        ]],

       [[ 0.        , -0.04314447, -0.43557129, ..., -0.95704964,
         -0.96094675, -0.96687924],
        [ 0.04314447,  0.        , -0.39632903, ..., -0.9686671 ,
         -0.97199147, -0.97699087],
        [ 0.43557129,  0.39632903,  0.        , ..., -0.9877749 ,
         -0.98553739, -0.98151317],
        ...,
        [ 0.95704964,  0.9686671 ,  0.9877749 , ...,  0.        ,
          0.01375409,  0.03604972],
        [ 0.96094675,  0.97199147,  0.98553739, ..., -0.01375409,
          0.        ,  0.02230116],
        [ 0.96687924,  0.97699087,  0.98151317, ..., -0.03604972,
         -0.02230116,  0.        ]]]), 'num': array([ 7.77530797e-01,  6.28555096e-01,  4.01011307e-07, -4.78982478e-11,
        6.47720438e-03,  6.60796894e-03,  6.45105147e-03,  5.76785025e-03,
       -7.84587341e-05,  6.52427962e-03,  6.38174625e-03,  6.18153119e-03,
        1.00509228e-06,  7.04635903e-03,  5.71713347e-03])}
{'img': array([[[ 0.        ,  0.84442505,  0.9193039 , ...,  0.31680382,
          0.22113634,  0.0857936 ],
        [-0.84442505,  0.        ,  0.16012482, ..., -0.63122615,
         -0.70506261, -0.79535422],
        [-0.9193039 , -0.16012482,  0.        , ..., -0.74727392,
         -0.80951676, -0.88215043],
        ...,
        [-0.31680382,  0.63122615,  0.74727392, ...,  0.        ,
         -0.09921483, -0.23426128],
        [-0.22113634,  0.70506261,  0.80951676, ...,  0.09921483,
          0.        , -0.13665139],
        [-0.0857936 ,  0.79535422,  0.88215043, ...,  0.23426128,
          0.13665139,  0.        ]],

       [[ 0.        ,  0.57742353,  0.99965119, ...,  0.31099208,
          0.07985395,  0.29470586],
        [-0.57742353,  0.        , -0.83140995, ..., -0.8026984 ,
         -0.64077591, -0.79239006],
        [-0.99965119,  0.83140995,  0.        , ..., -0.94186757,
         -0.9943499 , -0.9474714 ],
        ...,
        [-0.31099208,  0.8026984 ,  0.94186757, ...,  0.        ,
         -0.23410476, -0.01708817],
        [-0.07985395,  0.64077591,  0.9943499 , ...,  0.23410476,
          0.        ,  0.21745726],
        [-0.29470586,  0.79239006,  0.9474714 , ...,  0.01708817,
         -0.21745726,  0.        ]],

       [[ 0.        ,  0.17016496,  0.36648322, ...,  0.26089716,
          0.13668535,  0.        ],
        [-0.17016496,  0.        ,  0.2028126 , ...,  0.09282056,
         -0.033876  , -0.17016496],
        [-0.36648322, -0.2028126 ,  0.        , ..., -0.11104551,
         -0.23586818, -0.36648322],
        ...,
        [-0.26089716, -0.09282056,  0.11104551, ...,  0.        ,
         -0.12649704, -0.26089716],
        [-0.13668535,  0.033876  ,  0.23586818, ...,  0.12649704,
          0.        , -0.13668535],
        [ 0.        ,  0.17016496,  0.36648322, ...,  0.26089716,
          0.13668535,  0.        ]],

       ...,

       [[ 0.        ,  0.80226159,  0.82755267, ...,  0.94777989,
          0.7723567 ,  0.40538124],
        [-0.80226159,  0.        ,  0.04364621, ...,  0.30993722,
         -0.04851196, -0.4913841 ],
        [-0.82755267, -0.04364621,  0.        , ...,  0.26814493,
         -0.09206055, -0.52892919],
        ...,
        [-0.94777989, -0.30993722, -0.26814493, ...,  0.        ,
         -0.35569539, -0.73712453],
        [-0.7723567 ,  0.04851196,  0.09206055, ...,  0.35569539,
          0.        , -0.44855439],
        [-0.40538124,  0.4913841 ,  0.52892919, ...,  0.73712453,
          0.44855439,  0.        ]],

       [[ 0.        ,  0.17336105,  0.2936472 , ...,  0.91757898,
          0.97052711,  0.99869882],
        [-0.17336105,  0.        ,  0.12348267, ...,  0.83476502,
          0.9140531 ,  0.97473602],
        [-0.2936472 , -0.12348267,  0.        , ...,  0.76038599,
          0.85697371,  0.93969502],
        ...,
        [-0.91757898, -0.83476502, -0.76038599, ...,  0.        ,
          0.16470733,  0.35024276],
        [-0.97052711, -0.9140531 , -0.85697371, ..., -0.16470733,
          0.        ,  0.19118472],
        [-0.99869882, -0.97473602, -0.93969502, ..., -0.35024276,
         -0.19118472,  0.        ]],

       [[ 0.        , -0.43373742, -0.54978884, ..., -0.96104371,
         -0.96697075, -0.98316695],
        [ 0.43373742,  0.        , -0.1330789 , ..., -0.98582164,
         -0.98183285, -0.96512001],
        [ 0.54978884,  0.1330789 ,  0.        , ..., -0.95472302,
         -0.94784845, -0.9216946 ],
        ...,
        [ 0.96104371,  0.98582164,  0.95472302, ...,  0.        ,
          0.02230936,  0.09615204],
        [ 0.96697075,  0.98183285,  0.94784845, ..., -0.02230936,
          0.        ,  0.07392212],
        [ 0.98316695,  0.96512001,  0.9216946 , ..., -0.09615204,
         -0.07392212,  0.        ]]]), 'num': array([ 7.21704025e-01,  6.91985138e-01,  8.09778935e-08, -4.19226359e-09,
        5.94377738e-03,  6.07334201e-03,  5.93567959e-03,  4.02790520e-03,
       -7.28801041e-05,  6.03285306e-03,  5.94782628e-03,  5.74160257e-03,
        7.78633591e-07,  6.53991812e-03,  5.35573444e-03])}
{'img': array([[[ 0.        ,  0.16012482, -0.39228314, ..., -0.70506261,
         -0.79535422, -0.86604547],
        [-0.16012482,  0.        , -0.53451136, ..., -0.80951676,
         -0.88215043, -0.93492753],
        [ 0.39228314,  0.53451136,  0.        , ..., -0.37036233,
         -0.49382179, -0.60049924],
        ...,
        [ 0.70506261,  0.80951676,  0.37036233, ...,  0.        ,
         -0.13665139, -0.26164506],
        [ 0.79535422,  0.88215043,  0.49382179, ...,  0.13665139,
          0.        , -0.12729959],
        [ 0.86604547,  0.93492753,  0.60049924, ...,  0.26164506,
          0.12729959,  0.        ]],

       [[ 0.        , -0.83140995, -0.98362094, ..., -0.64077591,
         -0.79239006, -0.57810031],
        [ 0.83140995,  0.        , -0.69641948, ..., -0.9943499 ,
         -0.9474714 , -0.99962894],
        [ 0.98362094,  0.69641948,  0.        , ..., -0.63965382,
         -0.45719543, -0.69839871],
        ...,
        [ 0.64077591,  0.9943499 ,  0.63965382, ...,  0.        ,
          0.21745726, -0.07902739],
        [ 0.79239006,  0.9474714 ,  0.45719543, ..., -0.21745726,
          0.        , -0.2939134 ],
        [ 0.57810031,  0.99962894,  0.69839871, ...,  0.07902739,
          0.2939134 ,  0.        ]],

       [[ 0.        ,  0.2028126 ,  0.37469222, ..., -0.033876  ,
         -0.17016496, -0.24572285],
        [-0.2028126 ,  0.        ,  0.17886766, ..., -0.23586818,
         -0.36648322, -0.43721053],
        [-0.37469222, -0.17886766,  0.        , ..., -0.40588528,
         -0.52699588, -0.59102596],
        ...,
        [ 0.033876  ,  0.23586818,  0.40588528, ...,  0.        ,
         -0.13668535, -0.21274444],
        [ 0.17016496,  0.36648322,  0.52699588, ...,  0.13668535,
          0.        , -0.0771914 ],
        [ 0.24572285,  0.43721053,  0.59102596, ...,  0.21274444,
          0.0771914 ,  0.        ]],

       ...,

       [[ 0.        ,  0.04364621, -0.26148358, ..., -0.04851196,
         -0.4913841 , -0.78730244],
        [-0.04364621,  0.        , -0.30336206, ..., -0.09206055,
         -0.52892919, -0.81346299],
        [ 0.26148358,  0.30336206,  0.        , ...,  0.21435158,
         -0.24655054, -0.5986884 ],
        ...,
        [ 0.04851196,  0.09206055, -0.21435158, ...,  0.        ,
         -0.44855439, -0.75646459],
        [ 0.4913841 ,  0.52892919,  0.24655054, ...,  0.44855439,
          0.        , -0.38272431],
        [ 0.78730244,  0.81346299,  0.5986884 , ...,  0.75646459,
          0.38272431,  0.        ]],

       [[ 0.        ,  0.12348267,  0.20612767, ...,  0.9140531 ,
          0.97473602,  0.92522636],
        [-0.12348267,  0.        ,  0.08371923, ...,  0.85697371,
          0.93969502,  0.87129411],
        [-0.20612767, -0.08371923,  0.        , ...,  0.81081965,
          0.907763  ,  0.82714918],
        ...,
        [-0.9140531 , -0.85697371, -0.81081965, ...,  0.        ,
          0.19118472,  0.02846077],
        [-0.97473602, -0.93969502, -0.907763  , ..., -0.19118472,
          0.        , -0.16317148],
        [-0.92522636, -0.87129411, -0.82714918, ..., -0.02846077,
          0.16317148,  0.        ]],

       [[ 0.        , -0.36542085, -0.406277  , ..., -0.9763713 ,
         -0.99012823, -0.99951647],
        [ 0.36542085,  0.        , -0.04427658, ..., -0.98781516,
         -0.97287239, -0.94175469],
        [ 0.406277  ,  0.04427658,  0.        , ..., -0.97995559,
         -0.96167526, -0.92594088],
        ...,
        [ 0.9763713 ,  0.98781516,  0.97995559, ...,  0.        ,
          0.07711381,  0.18563602],
        [ 0.99012823,  0.97287239,  0.96167526, ..., -0.07711381,
          0.        ,  0.10930979],
        [ 0.99951647,  0.94175469,  0.92594088, ..., -0.18563602,
         -0.10930979,  0.        ]]]), 'num': array([ 7.18664824e-01,  6.95145513e-01,  6.45248585e-08, -5.00930150e-09,
        5.87982773e-03,  5.91209016e-03,  5.78304045e-03,  3.90341519e-03,
       -4.03280366e-05,  5.99435936e-03,  5.95201492e-03,  5.71152539e-03,
        6.88265158e-07,  6.47438926e-03,  5.42964058e-03])}
{'img': array([[[ 0.        , -0.53451136, -0.86036558, ..., -0.88215043,
         -0.93492753, -0.95692884],
        [ 0.53451136,  0.        , -0.45471931, ..., -0.49382179,
         -0.60049924, -0.65357849],
        [ 0.86036558,  0.45471931,  0.        , ..., -0.04440772,
         -0.17122044, -0.23794147],
        ...,
        [ 0.88215043,  0.49382179,  0.04440772, ...,  0.        ,
         -0.12729959, -0.19457442],
        [ 0.93492753,  0.60049924,  0.17122044, ...,  0.12729959,
          0.        , -0.06812482],
        [ 0.95692884,  0.65357849,  0.23794147, ...,  0.19457442,
          0.06812482,  0.        ]],

       [[ 0.        , -0.8086089 , -0.75489334, ..., -0.9942351 ,
         -0.97718791, -0.9699009 ],
        [ 0.8086089 ,  0.        ,  0.08618531, ..., -0.4982541 ,
         -0.74665466, -0.76753408],
        [ 0.75489334, -0.08618531,  0.        , ..., -0.57112551,
         -0.80120795, -0.81992367],
        ...,
        [ 0.9942351 ,  0.4982541 ,  0.57112551, ...,  0.        ,
         -0.31592824, -0.34609095],
        [ 0.97718791,  0.74665466,  0.80120795, ...,  0.31592824,
          0.        , -0.03196106],
        [ 0.9699009 ,  0.76753408,  0.81992367, ...,  0.34609095,
          0.03196106,  0.        ]],

       [[ 0.        ,  0.17886766,  0.17886766, ..., -0.36648322,
         -0.43721053, -0.47183961],
        [-0.17886766,  0.        ,  0.        , ..., -0.52699588,
         -0.59102596, -0.62193514],
        [-0.17886766,  0.        ,  0.        , ..., -0.52699588,
         -0.59102596, -0.62193514],
        ...,
        [ 0.36648322,  0.52699588,  0.52699588, ...,  0.        ,
         -0.0771914 , -0.11588867],
        [ 0.43721053,  0.59102596,  0.59102596, ...,  0.0771914 ,
          0.        , -0.03887159],
        [ 0.47183961,  0.62193514,  0.62193514, ...,  0.11588867,
          0.03887159,  0.        ]],

       ...,

       [[ 0.        , -0.30336206, -0.60757994, ..., -0.52892919,
         -0.81346299, -0.92307336],
        [ 0.30336206,  0.        , -0.33800006, ..., -0.24655054,
         -0.5986884 , -0.76289355],
        [ 0.60757994,  0.33800006,  0.        , ...,  0.0955259 ,
         -0.29272128, -0.49946909],
        ...,
        [ 0.52892919,  0.24655054, -0.0955259 , ...,  0.        ,
         -0.38272431, -0.57994211],
        [ 0.81346299,  0.5986884 ,  0.29272128, ...,  0.38272431,
          0.        , -0.22399752],
        [ 0.92307336,  0.76289355,  0.49946909, ...,  0.57994211,
          0.22399752,  0.        ]],

       [[ 0.        ,  0.08371923,  0.09002452, ...,  0.93969502,
          0.87129411,  0.67804254],
        [-0.08371923,  0.        ,  0.00632919, ...,  0.907763  ,
          0.82714918,  0.61412666],
        [-0.09002452, -0.00632919,  0.        , ...,  0.90508983,
          0.82357571,  0.60911932],
        ...,
        [-0.93969502, -0.907763  , -0.90508983, ...,  0.        ,
         -0.16317148, -0.45879739],
        [-0.87129411, -0.82714918, -0.82357571, ...,  0.16317148,
          0.        , -0.30766392],
        [-0.67804254, -0.61412666, -0.60911932, ...,  0.45879739,
          0.30766392,  0.        ]],

       [[ 0.        , -0.18733889, -0.08041851, ..., -0.99400138,
         -0.99999349, -0.97002817],
        [ 0.18733889,  0.        ,  0.1077374 , ..., -0.99689172,
         -0.98161271, -0.90733221],
        [ 0.08041851, -0.1077374 ,  0.        , ..., -0.99957717,
         -0.99646441, -0.94734534],
        ...,
        [ 0.99400138,  0.99689172,  0.99957717, ...,  0.        ,
          0.11295486,  0.34762445],
        [ 0.99999349,  0.98161271,  0.99646441, ..., -0.11295486,
          0.        ,  0.2394894 ],
        [ 0.97002817,  0.90733221,  0.94734534, ..., -0.34762445,
         -0.2394894 ,  0.        ]]]), 'num': array([ 7.15441724e-01,  6.98445508e-01,  4.82162136e-08, -5.37195496e-09,
        5.66540509e-03,  5.88237806e-03,  5.63326095e-03,  6.71373808e-03,
       -1.92864854e-04,  5.88719968e-03,  5.94787175e-03,  5.68000389e-03,
        5.94573732e-07,  6.40303425e-03,  5.49270924e-03])}
{'img': array([[[ 0.        , -0.66597839, -0.82723062, ..., -0.80031302,
         -0.84389967, -0.97536111],
        [ 0.66597839,  0.        , -0.24290178, ..., -0.19770139,
         -0.27222662, -0.58066671],
        [ 0.82723062,  0.24290178,  0.        , ...,  0.04632704,
         -0.03034553, -0.36551987],
        ...,
        [ 0.80031302,  0.19770139, -0.04632704, ...,  0.        ,
         -0.07661866, -0.40824879],
        [ 0.84389967,  0.27222662,  0.03034553, ...,  0.07661866,
          0.        , -0.33710581],
        [ 0.97536111,  0.58066671,  0.36551987, ...,  0.40824879,
          0.33710581,  0.        ]],

       [[ 0.        ,  0.08618531, -0.30773077, ..., -0.74665466,
         -0.76753408, -0.24304345],
        [-0.08618531,  0.        , -0.38858878, ..., -0.80120795,
         -0.81992367, -0.3257402 ],
        [ 0.30773077,  0.38858878,  0.        , ..., -0.50571595,
         -0.53303039,  0.06725419],
        ...,
        [ 0.74665466,  0.80120795,  0.50571595, ...,  0.        ,
         -0.03196106,  0.56259114],
        [ 0.76753408,  0.81992367,  0.53303039, ...,  0.03196106,
          0.        ,  0.58872705],
        [ 0.24304345,  0.3257402 , -0.06725419, ..., -0.56259114,
         -0.58872705,  0.        ]],

       [[ 0.        ,  0.        , -0.07524213, ..., -0.59102596,
         -0.62193514, -0.7712919 ],
        [ 0.        ,  0.        , -0.07524213, ..., -0.59102596,
         -0.62193514, -0.7712919 ],
        [ 0.07524213,  0.07524213,  0.        , ..., -0.52865632,
         -0.56125238, -0.72121528],
        ...,
        [ 0.59102596,  0.59102596,  0.52865632, ...,  0.        ,
         -0.03887159, -0.24598743],
        [ 0.62193514,  0.62193514,  0.56125238, ...,  0.03887159,
          0.        , -0.20812433],
        [ 0.7712919 ,  0.7712919 ,  0.72121528, ...,  0.24598743,
          0.20812433,  0.        ]],

       ...,

       [[ 0.        , -0.33800006, -0.41068552, ..., -0.5986884 ,
         -0.76289355, -0.9029131 ],
        [ 0.33800006,  0.        , -0.07833437, ..., -0.29272128,
         -0.49946909, -0.70449288],
        [ 0.41068552,  0.07833437,  0.        , ..., -0.21691864,
         -0.43007074, -0.64673331],
        ...,
        [ 0.5986884 ,  0.29272128,  0.21691864, ...,  0.        ,
         -0.22399752, -0.46588702],
        [ 0.76289355,  0.49946909,  0.43007074, ...,  0.22399752,
          0.        , -0.25584579],
        [ 0.9029131 ,  0.70449288,  0.64673331, ...,  0.46588702,
          0.25584579,  0.        ]],

       [[ 0.        ,  0.00632919,  0.0013124 , ...,  0.82714918,
          0.61412666,  0.43134639],
        [-0.00632919,  0.        , -0.00501682, ...,  0.82357571,
          0.60911932,  0.42562764],
        [-0.0013124 ,  0.00501682,  0.        , ...,  0.82641092,
          0.61309038,  0.43016199],
        ...,
        [-0.82714918, -0.82357571, -0.82641092, ...,  0.        ,
         -0.30766392, -0.50383364],
        [-0.61412666, -0.60911932, -0.61309038, ...,  0.30766392,
          0.        , -0.21363492],
        [-0.43134639, -0.42562764, -0.43016199, ...,  0.50383364,
          0.21363492,  0.        ]],

       [[ 0.        ,  0.16961331, -0.05743082, ..., -0.98460881,
         -0.91391647, -0.8005619 ],
        [-0.16961331,  0.        , -0.22593205, ..., -0.99998628,
         -0.96952089, -0.8906031 ],
        [ 0.05743082,  0.22593205,  0.        , ..., -0.97294637,
         -0.88909674, -0.76482514],
        ...,
        [ 0.98460881,  0.99998628,  0.97294637, ...,  0.        ,
          0.23992736,  0.45011055],
        [ 0.91391647,  0.96952089,  0.88909674, ..., -0.23992736,
          0.        ,  0.22271459],
        [ 0.8005619 ,  0.8906031 ,  0.76482514, ..., -0.45011055,
         -0.22271459,  0.        ]]]), 'num': array([ 7.07007320e-01,  7.07007320e-01,  0.00000000e+00, -6.64970186e-09,
        5.51941741e-03,  5.60677510e-03,  5.49559259e-03,  4.53634167e-03,
       -7.94160779e-05,  5.72748754e-03,  5.89108466e-03,  5.60306902e-03,
        5.02055665e-07,  6.27879782e-03,  5.50337149e-03])}
{'img': array([[[ 0.        , -0.24290178, -0.21293468, ..., -0.27222662,
         -0.58066671, -0.68787814],
        [ 0.24290178,  0.        ,  0.0307737 , ..., -0.03034553,
         -0.36551987, -0.49097233],
        [ 0.21293468, -0.0307737 ,  0.        , ..., -0.06109069,
         -0.39399102, -0.51754908],
        ...,
        [ 0.27222662,  0.03034553,  0.06109069, ...,  0.        ,
         -0.33710581, -0.46430995],
        [ 0.58066671,  0.36551987,  0.39399102, ...,  0.33710581,
          0.        , -0.13856695],
        [ 0.68787814,  0.49097233,  0.51754908, ...,  0.46430995,
          0.13856695,  0.        ]],

       [[ 0.        , -0.38858878, -0.62871688, ..., -0.81992367,
         -0.3257402 , -0.69809935],
        [ 0.38858878,  0.        , -0.27712687, ..., -0.53303039,
          0.06725419, -0.36500669],
        [ 0.62871688,  0.27712687,  0.        , ..., -0.27767741,
          0.34111949, -0.09270413],
        ...,
        [ 0.81992367,  0.53303039,  0.27767741, ...,  0.        ,
          0.58872705,  0.18742317],
        [ 0.3257402 , -0.06725419, -0.34111949, ..., -0.58872705,
          0.        , -0.42679425],
        [ 0.69809935,  0.36500669,  0.09270413, ..., -0.18742317,
          0.42679425,  0.        ]],

       [[ 0.        , -0.07524213, -0.42080406, ..., -0.62193514,
         -0.7712919 , -0.88398095],
        [ 0.07524213,  0.        , -0.35135519, ..., -0.56125238,
         -0.72121528, -0.8462977 ],
        [ 0.42080406,  0.35135519,  0.        , ..., -0.23467092,
         -0.43184461, -0.60516915],
        ...,
        [ 0.62193514,  0.56125238,  0.23467092, ...,  0.        ,
         -0.20812433, -0.40144893],
        [ 0.7712919 ,  0.72121528,  0.43184461, ...,  0.20812433,
          0.        , -0.20204095],
        [ 0.88398095,  0.8462977 ,  0.60516915, ...,  0.40144893,
          0.20204095,  0.        ]],

       ...,

       [[ 0.        , -0.07833437, -0.13414804, ..., -0.49946909,
         -0.70449288, -0.88217183],
        [ 0.07833437,  0.        , -0.05610949, ..., -0.43007074,
         -0.64673331, -0.84257122],
        [ 0.13414804,  0.05610949,  0.        , ..., -0.37873784,
         -0.60291884, -0.81102413],
        ...,
        [ 0.49946909,  0.43007074,  0.37873784, ...,  0.        ,
         -0.25584579, -0.52903962],
        [ 0.70449288,  0.64673331,  0.60291884, ...,  0.25584579,
          0.        , -0.29432192],
        [ 0.88217183,  0.84257122,  0.81102413, ...,  0.52903962,
          0.29432192,  0.        ]],

       [[ 0.        , -0.00501682, -0.00765548, ...,  0.60911932,
          0.42562764,  0.26085924],
        [ 0.00501682,  0.        , -0.00263871, ...,  0.61309038,
          0.43016199,  0.26569908],
        [ 0.00765548,  0.00263871,  0.        , ...,  0.61517286,
          0.4325426 ,  0.26824202],
        ...,
        [-0.60911932, -0.61309038, -0.61517286, ...,  0.        ,
         -0.21363492, -0.3811478 ],
        [-0.42562764, -0.43016199, -0.4325426 , ...,  0.21363492,
          0.        , -0.17483996],
        [-0.26085924, -0.26569908, -0.26824202, ...,  0.3811478 ,
          0.17483996,  0.        ]],

       [[ 0.        , -0.22593205, -0.28579284, ..., -0.96952089,
         -0.8906031 , -0.76234739],
        [ 0.22593205,  0.        , -0.06189436, ..., -0.88909674,
         -0.76482514, -0.59641942],
        [ 0.28579284,  0.06189436,  0.        , ..., -0.85906184,
         -0.72348405, -0.54559498],
        ...,
        [ 0.96952089,  0.88909674,  0.85906184, ...,  0.        ,
          0.22271459,  0.44066122],
        [ 0.8906031 ,  0.76482514,  0.72348405, ..., -0.22271459,
          0.        ,  0.22966845],
        [ 0.76234739,  0.59641942,  0.54559498, ..., -0.44066122,
         -0.22966845,  0.        ]]]), 'num': array([ 7.07011724e-01,  7.07011724e-01,  0.00000000e+00, -6.64974328e-09,
        5.44003522e-03,  5.57504340e-03,  5.43209356e-03,  3.34162701e-03,
       -7.94165726e-05,  5.63539999e-03,  5.89151844e-03,  5.59502990e-03,
        3.97082863e-07,  6.27736449e-03,  5.50567238e-03])}
{'img': array([[[ 0.00000000e+00,  3.07737011e-02,  1.58583210e-01, ...,
         -3.65519869e-01, -4.90972332e-01, -6.08261539e-01],
        [-3.07737011e-02,  0.00000000e+00,  1.28123823e-01, ...,
         -3.93991020e-01, -5.17549081e-01, -6.32399667e-01],
        [-1.58583210e-01, -1.28123823e-01,  0.00000000e+00, ...,
         -5.08504253e-01, -6.22913134e-01, -7.26437673e-01],
        ...,
        [ 3.65519869e-01,  3.93991020e-01,  5.08504253e-01, ...,
          0.00000000e+00, -1.38566951e-01, -2.76045469e-01],
        [ 4.90972332e-01,  5.17549081e-01,  6.22913134e-01, ...,
          1.38566951e-01,  0.00000000e+00, -1.40199603e-01],
        [ 6.08261539e-01,  6.32399667e-01,  7.26437673e-01, ...,
          2.76045469e-01,  1.40199603e-01,  0.00000000e+00]],

       [[ 0.00000000e+00, -2.77126867e-01, -4.10334158e-01, ...,
          6.72541907e-02, -3.65006694e-01, -6.72673330e-01],
        [ 2.77126867e-01,  0.00000000e+00, -1.41540983e-01, ...,
          3.41119485e-01, -9.27041294e-02, -4.41269821e-01],
        [ 4.10334158e-01,  1.41540983e-01,  0.00000000e+00, ...,
          4.70736576e-01,  4.91606438e-02, -3.09812026e-01],
        ...,
        [-6.72541907e-02, -3.41119485e-01, -4.70736576e-01, ...,
          0.00000000e+00, -4.26794253e-01, -7.20914351e-01],
        [ 3.65006694e-01,  9.27041294e-02, -4.91606438e-02, ...,
          4.26794253e-01,  0.00000000e+00, -3.56179261e-01],
        [ 6.72673330e-01,  4.41269821e-01,  3.09812026e-01, ...,
          7.20914351e-01,  3.56179261e-01,  0.00000000e+00]],

       [[ 0.00000000e+00, -3.51355189e-01, -5.36062455e-01, ...,
         -7.21215285e-01, -8.46297703e-01, -9.33970999e-01],
        [ 3.51355189e-01,  0.00000000e+00, -2.05277878e-01, ...,
         -4.31844613e-01, -6.05169149e-01, -7.48866741e-01],
        [ 5.36062455e-01,  2.05277878e-01,  0.00000000e+00, ...,
         -2.37497958e-01, -4.28860219e-01, -5.96876793e-01],
        ...,
        [ 7.21215285e-01,  4.31844613e-01,  2.37497958e-01, ...,
          0.00000000e+00, -2.02040951e-01, -3.89246550e-01],
        [ 8.46297703e-01,  6.05169149e-01,  4.28860219e-01, ...,
          2.02040951e-01,  0.00000000e+00, -1.95112437e-01],
        [ 9.33970999e-01,  7.48866741e-01,  5.96876793e-01, ...,
          3.89246550e-01,  1.95112437e-01,  0.00000000e+00]],

       ...,

       [[ 0.00000000e+00, -5.48941814e-02, -1.36711488e-01, ...,
         -6.29280777e-01, -8.18433327e-01, -9.91712807e-01],
        [ 5.48941814e-02,  0.00000000e+00, -8.21265768e-02, ...,
         -5.85669381e-01, -7.85656996e-01, -9.97269985e-01],
        [ 1.36711488e-01,  8.21265768e-02,  0.00000000e+00, ...,
         -5.17123235e-01, -7.32194354e-01, -9.99965469e-01],
        ...,
        [ 6.29280777e-01,  5.85669381e-01,  5.17123235e-01, ...,
          0.00000000e+00, -2.74482727e-01, -8.51583975e-01],
        [ 8.18433327e-01,  7.85656996e-01,  7.32194354e-01, ...,
          2.74482727e-01,  0.00000000e+00, -6.74987519e-01],
        [ 9.91712807e-01,  9.97269985e-01,  9.99965469e-01, ...,
          8.51583975e-01,  6.74987519e-01,  0.00000000e+00]],

       [[ 0.00000000e+00, -2.63870997e-03, -7.66564374e-04, ...,
          4.30161995e-01,  2.65699081e-01,  2.61018507e-01],
        [ 2.63870997e-03,  0.00000000e+00,  1.87214749e-03, ...,
          4.32542597e-01,  2.68242020e-01,  2.63564834e-01],
        [ 7.66564374e-04, -1.87214749e-03,  0.00000000e+00, ...,
          4.30853886e-01,  2.66438014e-01,  2.61758420e-01],
        ...,
        [-4.30161995e-01, -4.32542597e-01, -4.30853886e-01, ...,
          0.00000000e+00, -1.74839957e-01, -1.79615007e-01],
        [-2.65699081e-01, -2.68242020e-01, -2.66438014e-01, ...,
          1.74839957e-01,  0.00000000e+00, -4.85184123e-03],
        [-2.61018507e-01, -2.63564834e-01, -2.61758420e-01, ...,
          1.79615007e-01,  4.85184123e-03,  0.00000000e+00]],

       [[ 0.00000000e+00, -1.78495436e-01, -5.18000218e-02, ...,
         -8.80613199e-01, -7.43494264e-01, -7.38168297e-01],
        [ 1.78495436e-01,  0.00000000e+00,  1.27287650e-01, ...,
         -7.81893669e-01, -6.12186846e-01, -6.05897875e-01],
        [ 5.18000218e-02, -1.27287650e-01,  0.00000000e+00, ...,
         -8.54886249e-01, -7.07855240e-01, -7.02232134e-01],
        ...,
        [ 8.80613199e-01,  7.81893669e-01,  8.54886249e-01, ...,
          0.00000000e+00,  2.36609084e-01,  2.44305700e-01],
        [ 7.43494264e-01,  6.12186846e-01,  7.07855240e-01, ...,
         -2.36609084e-01,  0.00000000e+00,  7.92920461e-03],
        [ 7.38168297e-01,  6.05897875e-01,  7.02232134e-01, ...,
         -2.44305700e-01, -7.92920461e-03,  0.00000000e+00]]]), 'num': array([ 7.07013647e-01,  7.07013647e-01,  0.00000000e+00, -6.64976137e-09,
        5.47975841e-03,  5.50358345e-03,  5.40034163e-03,  2.75750973e-03,
        3.97083943e-05,  5.56552855e-03,  5.88081320e-03,  5.58961831e-03,
        4.88718699e-07,  6.29859382e-03,  5.46303258e-03])}
{'img': array([[[ 0.        ,  0.12812382, -0.1349974 , ..., -0.51754908,
         -0.63239967, -0.57608623],
        [-0.12812382,  0.        , -0.26083574, ..., -0.62291313,
         -0.72643767, -0.67606523],
        [ 0.1349974 ,  0.26083574,  0.        , ..., -0.39730041,
         -0.52203596, -0.46046734],
        ...,
        [ 0.51754908,  0.62291313,  0.39730041, ...,  0.        ,
         -0.1401996 , -0.06989133],
        [ 0.63239967,  0.72643767,  0.52203596, ...,  0.1401996 ,
          0.        ,  0.07065573],
        [ 0.57608623,  0.67606523,  0.46046734, ...,  0.06989133,
         -0.07065573,  0.        ]],

       [[ 0.        , -0.14050179, -0.01250318, ..., -0.09205927,
         -0.43628444, -0.79108281],
        [ 0.14050179,  0.        ,  0.12811165, ...,  0.04875907,
         -0.30553194, -0.69728938],
        [ 0.01250318, -0.12811165,  0.        , ..., -0.07960199,
         -0.42499986, -0.78337266],
        ...,
        [ 0.09205927, -0.04875907,  0.07960199, ...,  0.        ,
         -0.35159603, -0.73141001],
        [ 0.43628444,  0.30553194,  0.42499986, ...,  0.35159603,
          0.        , -0.44494412],
        [ 0.79108281,  0.69728938,  0.78337266, ...,  0.73141001,
          0.44494412,  0.        ]],

       [[ 0.        , -0.20527788, -0.39065322, ..., -0.60516915,
         -0.74886674, -0.83789274],
        [ 0.20527788,  0.        , -0.19336769, ..., -0.42886022,
         -0.59687679, -0.70800092],
        [ 0.39065322,  0.19336769,  0.        , ..., -0.24608333,
         -0.4304663 , -0.55807988],
        ...,
        [ 0.60516915,  0.42886022,  0.24608333, ...,  0.        ,
         -0.19511244, -0.33672138],
        [ 0.74886674,  0.59687679,  0.4304663 , ...,  0.19511244,
          0.        , -0.14653117],
        [ 0.83789274,  0.70800092,  0.55807988, ...,  0.33672138,
          0.14653117,  0.        ]],

       ...,

       [[ 0.        , -0.08212658, -0.16375391, ..., -0.785657  ,
         -0.99726999, -0.81605489],
        [ 0.08212658,  0.        , -0.08218276, ..., -0.73219435,
         -0.99996547, -0.76583113],
        [ 0.16375391,  0.08218276,  0.        , ..., -0.67374321,
         -0.9958999 , -0.71039358],
        ...,
        [ 0.785657  ,  0.73219435,  0.67374321, ...,  0.        ,
         -0.67498752, -0.05077279],
        [ 0.99726999,  0.99996547,  0.9958999 , ...,  0.67498752,
          0.        ,  0.63665529],
        [ 0.81605489,  0.76583113,  0.71039358, ...,  0.05077279,
         -0.63665529,  0.        ]],

       [[ 0.        ,  0.00187215,  0.0089116 , ...,  0.26824202,
          0.26356483,  0.33226681],
        [-0.00187215,  0.        ,  0.00703951, ...,  0.26643801,
          0.26175842,  0.33050045],
        [-0.0089116 , -0.00703951,  0.        , ...,  0.25964636,
          0.25495786,  0.32384833],
        ...,
        [-0.26824202, -0.26643801, -0.25964636, ...,  0.        ,
         -0.00485184,  0.06708779],
        [-0.26356483, -0.26175842, -0.25495786, ...,  0.00485184,
          0.        ,  0.07192791],
        [-0.33226681, -0.33050045, -0.32384833, ..., -0.06708779,
         -0.07192791,  0.        ]],

       [[ 0.        ,  0.17098647, -0.04325113, ..., -0.61701268,
         -0.61074049, -0.71623083],
        [-0.17098647,  0.        , -0.21344066, ..., -0.74248452,
         -0.7371387 , -0.82500837],
        [ 0.04325113,  0.21344066,  0.        , ..., -0.58239868,
         -0.5759214 , -0.68537722],
        ...,
        [ 0.61701268,  0.74248452,  0.58239868, ...,  0.        ,
          0.00794547, -0.13304955],
        [ 0.61074049,  0.7371387 ,  0.5759214 , ..., -0.00794547,
          0.        , -0.14092017],
        [ 0.71623083,  0.82500837,  0.68537722, ...,  0.13304955,
