state_0,state_1,state_2,state_3,state_4,state_5,state_6,state_7,state_8,state_9,state_10,state_11,state_12,state_13,state_14,state_15,state_16,state_17,state_18,state_19,state_20,state_21,state_22,state_23,state_24,state_25,state_26,state_27,state_28,state_29,state_30,state_31,state_32,state_33,state_34,state_35,state_36,state_37,state_38,state_39,state_40,state_41,state_42,state_43,state_44,state_45,state_46,state_47,state_48,state_49,state_50,state_51,state_52,state_53,state_54,state_55,state_56,state_57,state_58,state_59,state_60,state_61,state_62,state_63,state_64,state_65,state_66,state_67,state_68,state_69,state_70,state_71,state_72,state_73,state_74,state_75,state_76,state_77,state_78,state_79,state_80,state_81,state_82,state_83,state_84,state_85,state_86,state_87,state_88,state_89,state_90,state_91,state_92,state_93,state_94,state_95,state_96,state_97,state_98,state_99,state_100,state_101,state_102,state_103,state_104,state_105,state_106,state_107,state_108,state_109,state_110,state_111,state_112,state_113,state_114,state_115,state_116,state_117,state_118,state_119,state_120,state_121,state_122,state_123,state_124,state_125,state_126,state_127,state_128,state_129,state_130,state_131,state_132,state_133,state_134,state_135,state_136,state_137,state_138,state_139,state_140,state_141,state_142,state_143,state_144,state_145,state_146,state_147,state_148,state_149,state_150,state_151,state_152,state_153,state_154,state_155,state_156,state_157,state_158,state_159,state_160,state_161,state_162,state_163,state_164,state_165,state_166,state_167,state_168,state_169,state_170,state_171,state_172,state_173,state_174,state_175,state_176,state_177,state_178,state_179,state_180,state_181,state_182,state_183,state_184,state_185,state_186,state_187,state_188,state_189,state_190,state_191,state_192,state_193,state_194,state_195,state_196,state_197,state_198,state_199,state_200,state_201,state_202,state_203,state_204,state_205,state_206,state_207,state_208,state_209,state_210,state_211,state_212,state_213,state_214,state_215,state_216,state_217,state_218,state_219,state_220,state_221,state_222,state_223,state_224,state_225,state_226,state_227,state_228,state_229,state_230,state_231,state_232,state_233,state_234,state_235,state_236,state_237,state_238,state_239,state_240,state_241,state_242,state_243,state_244,state_245,state_246,state_247,state_248,state_249,state_250,state_251,state_252,state_253,state_254,state_255,state_256,state_257,state_258,state_259,state_260,state_261,state_262,state_263,state_264,state_265,state_266,state_267,state_268,state_269,state_270,state_271,state_272,state_273,state_274,state_275,state_276,state_277,state_278,state_279,state_280,state_281,state_282,state_283,state_284,state_285,state_286,state_287
{'img': array([[[ 0.        , -0.18432202, -0.20353303, ...,  0.35      ,
          0.4717749 ,  0.51580523],
        [ 0.18432202,  0.        , -0.01958187, ...,  0.51666667,
          0.6262117 ,  0.66487713],
        [ 0.20353303,  0.01958187,  0.        , ...,  0.53333333,
          0.64135869,  0.67937638],
        ...,
        [-0.35      , -0.51666667, -0.53333333, ...,  0.        ,
          0.13333333,  0.18333333],
        [-0.4717749 , -0.6262117 , -0.64135869, ..., -0.13333333,
          0.        ,  0.05062295],
        [-0.51580523, -0.66487713, -0.67937638, ..., -0.18333333,
         -0.05062295,  0.        ]],

       [[ 0.        ,  0.10099368,  0.07264792, ...,  0.05484904,
         -0.20235225, -0.16422712],
        [-0.10099368,  0.        , -0.02845034, ..., -0.04627305,
         -0.30022204, -0.26300988],
        [-0.07264792,  0.02845034,  0.        , ..., -0.01783445,
         -0.2729626 , -0.23545472],
        ...,
        [-0.05484904,  0.04627305,  0.01783445, ...,  0.        ,
         -0.25576201, -0.21808423],
        [ 0.20235225,  0.30022204,  0.2729626 , ...,  0.25576201,
          0.        ,  0.0387751 ],
        [ 0.16422712,  0.26300988,  0.23545472, ...,  0.21808423,
         -0.0387751 ,  0.        ]],

       [[ 0.        , -0.01398825, -0.05649668, ...,  0.56669456,
          0.50894857,  0.5126146 ],
        [ 0.01398825,  0.        , -0.04252524, ...,  0.57816442,
          0.52093982,  0.52457502],
        [ 0.05649668,  0.04252524,  0.        , ...,  0.61233862,
          0.55676784,  0.56030496],
        ...,
        [-0.56669456, -0.57816442, -0.61233862, ...,  0.        ,
         -0.06847198, -0.06421711],
        [-0.50894857, -0.52093982, -0.55676784, ...,  0.06847198,
          0.        ,  0.00426425],
        [-0.5126146 , -0.52457502, -0.56030496, ...,  0.06421711,
         -0.00426425,  0.        ]],

       ...,

       [[ 0.        , -0.11693012, -0.05976754, ..., -0.22860412,
         -0.37962325, -0.08866031],
        [ 0.11693012,  0.        ,  0.05736354, ..., -0.11320218,
         -0.26884223,  0.02841753],
        [ 0.05976754, -0.05736354,  0.        , ..., -0.17001058,
         -0.3236512 , -0.02896964],
        ...,
        [ 0.22860412,  0.11320218,  0.17001058, ...,  0.        ,
         -0.15807955,  0.14139132],
        [ 0.37962325,  0.26884223,  0.3236512 , ...,  0.15807955,
          0.        ,  0.29610497],
        [ 0.08866031, -0.02841753,  0.02896964, ..., -0.14139132,
         -0.29610497,  0.        ]],

       [[ 0.        ,  0.02502359,  0.02664966, ...,  0.94128899,
          0.93779632,  0.93692079],
        [-0.02502359,  0.        ,  0.00162661, ...,  0.93254622,
          0.92881482,  0.92788062],
        [-0.02664966, -0.00162661,  0.        , ...,  0.9319577 ,
          0.92821086,  0.92727286],
        ...,
        [-0.94128899, -0.93254622, -0.9319577 , ...,  0.        ,
         -0.01020046, -0.01271354],
        [-0.93779632, -0.92881482, -0.92821086, ...,  0.01020046,
          0.        , -0.00251324],
        [-0.93692079, -0.92788062, -0.92727286, ...,  0.01271354,
          0.00251324,  0.        ]],

       [[ 0.        , -0.07988289, -0.15720529, ...,  0.70563424,
          0.76028046,  0.73652501],
        [ 0.07988289,  0.        , -0.07781328, ...,  0.75998233,
          0.80974232,  0.78820487],
        [ 0.15720529,  0.07781328,  0.        , ...,  0.80825228,
          0.85294686,  0.8337023 ],
        ...,
        [-0.70563424, -0.75998233, -0.80825228, ...,  0.        ,
          0.08034024,  0.04458586],
        [-0.76028046, -0.80974232, -0.85294686, ..., -0.08034024,
          0.        , -0.03581861],
        [-0.73652501, -0.78820487, -0.8337023 , ..., -0.04458586,
          0.03581861,  0.        ]]]), 'num': array([7.07011949e-01, 7.07011949e-01, 0.00000000e+00, 0.00000000e+00,
       4.60434228e-03, 4.60434228e-03, 4.50501002e-03, 1.01512892e-02,
       1.05175331e-04, 4.49215526e-03, 4.55584476e-03, 4.46634835e-03,
       3.12857503e-06, 4.72736063e-03, 4.38432889e-03])}
{'img': array([[[ 0.00000000e+00, -1.95818683e-02, -3.00397099e-01, ...,
          6.26211697e-01,  6.64877133e-01,  8.66132347e-01],
        [ 1.95818683e-02,  0.00000000e+00, -2.81662036e-01, ...,
          6.41358689e-01,  6.79376378e-01,  8.75753578e-01],
        [ 3.00397099e-01,  2.81662036e-01,  0.00000000e+00, ...,
          8.31495148e-01,  8.58551707e-01,  9.76272249e-01],
        ...,
        [-6.26211697e-01, -6.41358689e-01, -8.31495148e-01, ...,
          0.00000000e+00,  5.06229549e-02,  3.62292918e-01],
        [-6.64877133e-01, -6.79376378e-01, -8.58551707e-01, ...,
         -5.06229549e-02,  0.00000000e+00,  3.14644550e-01],
        [-8.66132347e-01, -8.75753578e-01, -9.76272249e-01, ...,
         -3.62292918e-01, -3.14644550e-01,  0.00000000e+00]],

       [[ 0.00000000e+00, -2.84503448e-02,  8.35802800e-02, ...,
         -3.00222042e-01, -2.63009884e-01, -7.75572450e-02],
        [ 2.84503448e-02,  0.00000000e+00,  1.11897246e-01, ...,
         -2.72962602e-01, -2.35454722e-01, -4.91612008e-02],
        [-8.35802800e-02, -1.11897246e-01,  0.00000000e+00, ...,
         -3.78896246e-01, -3.42727306e-01, -1.60614404e-01],
        ...,
        [ 3.00222042e-01,  2.72962602e-01,  3.78896246e-01, ...,
          0.00000000e+00,  3.87751005e-02,  2.25338265e-01],
        [ 2.63009884e-01,  2.35454722e-01,  3.42727306e-01, ...,
         -3.87751005e-02,  0.00000000e+00,  1.87390974e-01],
        [ 7.75572450e-02,  4.91612008e-02,  1.60614404e-01, ...,
         -2.25338265e-01, -1.87390974e-01,  0.00000000e+00]],

       [[ 0.00000000e+00, -4.25252428e-02, -1.91059941e-01, ...,
          5.20939822e-01,  5.24575019e-01,  5.95631093e-01],
        [ 4.25252428e-02,  0.00000000e+00, -1.49145249e-01, ...,
          5.56767843e-01,  5.60304955e-01,  6.29251027e-01],
        [ 1.91059941e-01,  1.49145249e-01,  0.00000000e+00, ...,
          6.74430768e-01,  6.77573092e-01,  7.38129046e-01],
        ...,
        [-5.20939822e-01, -5.56767843e-01, -6.74430768e-01, ...,
          0.00000000e+00,  4.26424705e-03,  8.99776324e-02],
        [-5.24575019e-01, -5.60304955e-01, -6.77573092e-01, ...,
         -4.26424705e-03,  0.00000000e+00,  8.57298639e-02],
        [-5.95631093e-01, -6.29251027e-01, -7.38129046e-01, ...,
         -8.99776324e-02, -8.57298639e-02,  0.00000000e+00]],

       ...,

       [[ 0.00000000e+00,  5.73635396e-02,  1.41440868e-02, ...,
         -2.68842227e-01,  2.84175277e-02,  5.22552901e-01],
        [-5.73635396e-02,  0.00000000e+00, -4.32370048e-02, ...,
         -3.23651197e-01, -2.89696387e-02,  4.72783895e-01],
        [-1.41440868e-02,  4.32370048e-02,  0.00000000e+00, ...,
         -2.82438696e-01,  1.42763104e-02,  5.10441283e-01],
        ...,
        [ 2.68842227e-01,  3.23651197e-01,  2.82438696e-01, ...,
          0.00000000e+00,  2.96104967e-01,  7.32531441e-01],
        [-2.84175277e-02,  2.89696387e-02, -1.42763104e-02, ...,
         -2.96104967e-01,  0.00000000e+00,  4.98112884e-01],
        [-5.22552901e-01, -4.72783895e-01, -5.10441283e-01, ...,
         -7.32531441e-01, -4.98112884e-01,  0.00000000e+00]],

       [[ 0.00000000e+00,  1.62661051e-03,  6.58756878e-02, ...,
          9.28814818e-01,  9.27880617e-01,  9.29181263e-01],
        [-1.62661051e-03,  0.00000000e+00,  6.42525234e-02, ...,
          9.28210858e-01,  9.27272863e-01,  9.28578799e-01],
        [-6.58756878e-02, -6.42525234e-02,  0.00000000e+00, ...,
          9.02387425e-01,  9.01301554e-01,  9.02813670e-01],
        ...,
        [-9.28814818e-01, -9.28210858e-01, -9.02387425e-01, ...,
          0.00000000e+00, -2.51324271e-03,  9.90165851e-04],
        [-9.27880617e-01, -9.27272863e-01, -9.01301554e-01, ...,
          2.51324271e-03,  0.00000000e+00,  3.50340421e-03],
        [-9.29181263e-01, -9.28578799e-01, -9.02813670e-01, ...,
         -9.90165851e-04, -3.50340421e-03,  0.00000000e+00]],

       [[ 0.00000000e+00, -7.78132842e-02, -2.40159074e-01, ...,
          8.09742324e-01,  7.88204872e-01,  9.35453610e-01],
        [ 7.78132842e-02,  0.00000000e+00, -1.63894935e-01, ...,
          8.52946861e-01,  8.33702297e-01,  9.60120333e-01],
        [ 2.40159074e-01,  1.63894935e-01,  0.00000000e+00, ...,
          9.26965930e-01,  9.12933912e-01,  9.92960304e-01],
        ...,
        [-8.09742324e-01, -8.52946861e-01, -9.26965930e-01, ...,
          0.00000000e+00, -3.58186118e-02,  2.62707717e-01],
        [-7.88204872e-01, -8.33702297e-01, -9.12933912e-01, ...,
          3.58186118e-02,  0.00000000e+00,  2.97099639e-01],
        [-9.35453610e-01, -9.60120333e-01, -9.92960304e-01, ...,
         -2.62707717e-01, -2.97099639e-01,  0.00000000e+00]]]), 'num': array([ 7.07006637e-01,  7.07006637e-01,  0.00000000e+00,  0.00000000e+00,
        4.53419133e-03,  4.60430769e-03,  4.49913315e-03,  1.08822929e-02,
       -7.01163607e-05,  4.51081921e-03,  4.56106927e-03,  4.47098922e-03,
        2.70018813e-06,  4.72288639e-03,  4.39925214e-03])}
{'img': array([[[ 0.        , -0.28166204,  0.076942  , ...,  0.67937638,
          0.87575358,  0.75115126],
        [ 0.28166204,  0.        ,  0.35465397, ...,  0.85855171,
          0.97627225,  0.9066735 ],
        [-0.076942  , -0.35465397,  0.        , ...,  0.62090314,
          0.83601307,  0.69813279],
        ...,
        [-0.67937638, -0.85855171, -0.62090314, ...,  0.        ,
          0.31464455,  0.10271046],
        [-0.87575358, -0.97627225, -0.83601307, ..., -0.31464455,
          0.        , -0.21548674],
        [-0.75115126, -0.9066735 , -0.69813279, ..., -0.10271046,
          0.21548674,  0.        ]],

       [[ 0.        ,  0.11189725,  0.20957914, ..., -0.23545472,
         -0.0491612 ,  0.00282936],
        [-0.11189725,  0.        ,  0.09885074, ..., -0.34272731,
         -0.1606144 , -0.1090852 ],
        [-0.20957914, -0.09885074,  0.        , ..., -0.43391256,
         -0.25739515, -0.20681178],
        ...,
        [ 0.23545472,  0.34272731,  0.43391256, ...,  0.        ,
          0.18739097,  0.2382036 ],
        [ 0.0491612 ,  0.1606144 ,  0.25739515, ..., -0.18739097,
          0.        ,  0.05198695],
        [-0.00282936,  0.1090852 ,  0.20681178, ..., -0.2382036 ,
         -0.05198695,  0.        ]],

       [[ 0.        , -0.14914525, -0.25625619, ...,  0.56030496,
          0.62925103,  0.68187433],
        [ 0.14914525,  0.        , -0.10922492, ...,  0.67757309,
          0.73812905,  0.78334294],
        [ 0.25625619,  0.10922492,  0.        , ...,  0.75384927,
          0.8074025 ,  0.84654934],
        ...,
        [-0.56030496, -0.67757309, -0.75384927, ...,  0.        ,
          0.08572986,  0.15494133],
        [-0.62925103, -0.73812905, -0.8074025 , ..., -0.08572986,
          0.        ,  0.06967634],
        [-0.68187433, -0.78334294, -0.84654934, ..., -0.15494133,
         -0.06967634,  0.        ]],

       ...,

       [[ 0.        , -0.043237  ,  0.14355536, ..., -0.02896964,
          0.47278389,  0.20080042],
        [ 0.043237  ,  0.        ,  0.18621029, ...,  0.01427631,
          0.51044128,  0.242969  ],
        [-0.14355536, -0.18621029,  0.        , ..., -0.17216469,
          0.34138905,  0.05808914],
        ...,
        [ 0.02896964, -0.01427631,  0.17216469, ...,  0.        ,
          0.49811288,  0.22909573],
        [-0.47278389, -0.51044128, -0.34138905, ..., -0.49811288,
          0.        , -0.28621332],
        [-0.20080042, -0.242969  , -0.05808914, ..., -0.22909573,
          0.28621332,  0.        ]],

       [[ 0.        ,  0.06425252, -0.0592929 , ...,  0.92727286,
          0.9285788 ,  0.92094857],
        [-0.06425252,  0.        , -0.12330986, ...,  0.90130155,
          0.90281367,  0.89400739],
        [ 0.0592929 ,  0.12330986,  0.        , ...,  0.94783989,
          0.94895077,  0.94243378],
        ...,
        [-0.92727286, -0.90130155, -0.94783989, ...,  0.        ,
          0.0035034 , -0.01655309],
        [-0.9285788 , -0.90281367, -0.94895077, ..., -0.0035034 ,
          0.        , -0.02005592],
        [-0.92094857, -0.89400739, -0.94243378, ...,  0.01655309,
          0.02005592,  0.        ]],

       [[ 0.        , -0.15872073, -0.15623288, ...,  0.78601706,
          0.89178983,  0.99744012],
        [ 0.15872073,  0.        ,  0.00251928, ...,  0.87417505,
          0.95229825,  0.99614568],
        [ 0.15623288, -0.00251928,  0.        , ...,  0.87294888,
          0.95152642,  0.9963635 ],
        ...,
        [-0.78601706, -0.87417505, -0.87294888, ...,  0.        ,
          0.19567542,  0.5604168 ],
        [-0.89178983, -0.95229825, -0.95152642, ..., -0.19567542,
          0.        ,  0.38752274],
        [-0.99744012, -0.99614568, -0.9963635 , ..., -0.5604168 ,
         -0.38752274,  0.        ]]]), 'num': array([7.07013486e-01, 7.07013486e-01, 0.00000000e+00, 0.00000000e+00,
       4.57513685e-03, 4.59266611e-03, 4.53423525e-03, 9.90186994e-03,
       4.09016066e-05, 4.53890972e-03, 4.56578792e-03, 4.47648607e-03,
       2.87920212e-06, 4.72350364e-03, 4.40807219e-03])}
{'img': array([[[ 0.        ,  0.35465397,  0.38930223, ...,  0.97627225,
          0.9066735 ,  0.95196149],
        [-0.35465397,  0.        ,  0.03732132, ...,  0.83601307,
          0.69813279,  0.78148038],
        [-0.38930223, -0.03732132,  0.        , ...,  0.81495207,
          0.67092553,  0.75765005],
        ...,
        [-0.97627225, -0.83601307, -0.81495207, ...,  0.        ,
         -0.21548674, -0.09280776],
        [-0.9066735 , -0.69813279, -0.67092553, ...,  0.21548674,
          0.        ,  0.12392931],
        [-0.95196149, -0.78148038, -0.75765005, ...,  0.09280776,
         -0.12392931,  0.        ]],

       [[ 0.        ,  0.09885074,  0.11229861, ..., -0.1606144 ,
         -0.1090852 , -0.17932027],
        [-0.09885074,  0.        ,  0.01352314, ..., -0.25739515,
         -0.20681178, -0.27569046],
        [-0.11229861, -0.01352314,  0.        , ..., -0.2704391 ,
         -0.22002364, -0.28866432],
        ...,
        [ 0.1606144 ,  0.25739515,  0.2704391 , ...,  0.        ,
          0.05198695, -0.01898123],
        [ 0.1090852 ,  0.20681178,  0.22002364, ..., -0.05198695,
          0.        , -0.07093315],
        [ 0.17932027,  0.27569046,  0.28866432, ...,  0.01898123,
          0.07093315,  0.        ]],

       [[ 0.        , -0.10922492, -0.13805977, ...,  0.73812905,
          0.78334294,  0.84541935],
        [ 0.10922492,  0.        , -0.0290548 , ...,  0.8074025 ,
          0.84654934,  0.89869862],
        [ 0.13805977,  0.0290548 ,  0.        , ...,  0.82420399,
          0.86165811,  0.91106168],
        ...,
        [-0.73812905, -0.8074025 , -0.82420399, ...,  0.        ,
          0.06967634,  0.17613322],
        [-0.78334294, -0.84654934, -0.86165811, ..., -0.06967634,
          0.        ,  0.10711811],
        [-0.84541935, -0.89869862, -0.91106168, ..., -0.17613322,
         -0.10711811,  0.        ]],

       ...,

       [[ 0.        ,  0.18621029,  0.15243439, ...,  0.51044128,
          0.242969  ,  0.35917121],
        [-0.18621029,  0.        , -0.03426586, ...,  0.34138905,
          0.05808914,  0.17910449],
        [-0.15243439,  0.03426586,  0.        , ...,  0.3733958 ,
          0.09226302,  0.21271109],
        ...,
        [-0.51044128, -0.34138905, -0.3733958 , ...,  0.        ,
         -0.28621332, -0.16752454],
        [-0.242969  , -0.05808914, -0.09226302, ...,  0.28621332,
          0.        ,  0.12165222],
        [-0.35917121, -0.17910449, -0.21271109, ...,  0.16752454,
         -0.12165222,  0.        ]],

       [[ 0.        , -0.12330986, -0.27274778, ...,  0.90281367,
          0.89400739,  0.8951578 ],
        [ 0.12330986,  0.        , -0.1520316 , ...,  0.94895077,
          0.94243378,  0.94329144],
        [ 0.27274778,  0.1520316 ,  0.        , ...,  0.98587427,
          0.98231686,  0.98279556],
        ...,
        [-0.90281367, -0.94895077, -0.98587427, ...,  0.        ,
         -0.02005592, -0.01748219],
        [-0.89400739, -0.94243378, -0.98231686, ...,  0.02005592,
          0.        ,  0.00257418],
        [-0.8951578 , -0.94329144, -0.98279556, ...,  0.01748219,
         -0.00257418,  0.        ]],

       [[ 0.        ,  0.00246774,  0.0208122 , ...,  0.92524394,
          0.98158864,  0.99413316],
        [-0.00246774,  0.        ,  0.01834493, ...,  0.92430493,
          0.9811143 ,  0.99439705],
        [-0.0208122 , -0.01834493,  0.        , ...,  0.91714795,
          0.97740075,  0.99616894],
        ...,
        [-0.92524394, -0.92430493, -0.91714795, ...,  0.        ,
          0.19565972,  0.47722428],
        [-0.98158864, -0.9811143 , -0.97740075, ..., -0.19565972,
          0.        ,  0.29605827],
        [-0.99413316, -0.99439705, -0.99616894, ..., -0.47722428,
         -0.29605827,  0.        ]]]), 'num': array([7.07030836e-01, 7.07030836e-01, 0.00000000e+00, 0.00000000e+00,
       4.59862205e-03, 4.62783820e-03, 4.55187621e-03, 6.93281716e-03,
       2.33729202e-05, 4.56239402e-03, 4.56356267e-03, 4.48370519e-03,
       2.40603590e-06, 4.71785050e-03, 4.40927484e-03])}
{'img': array([[[ 0.        ,  0.03732132,  0.12759821, ...,  0.69813279,
          0.78148038,  0.82547106],
        [-0.03732132,  0.        ,  0.09049307, ...,  0.67092553,
          0.75765005,  0.80383016],
        [-0.12759821, -0.09049307,  0.        , ...,  0.60106994,
          0.69548018,  0.74670151],
        ...,
        [-0.69813279, -0.67092553, -0.60106994, ...,  0.        ,
          0.12392931,  0.19695393],
        [-0.78148038, -0.75765005, -0.69548018, ..., -0.12392931,
          0.        ,  0.07393375],
        [-0.82547106, -0.80383016, -0.74670151, ..., -0.19695393,
         -0.07393375,  0.        ]],

       [[ 0.        ,  0.01352314, -0.67174341, ..., -0.20681178,
         -0.27569046, -0.63699181],
        [-0.01352314,  0.        , -0.6816997 , ..., -0.22002364,
         -0.28866432, -0.64735815],
        [ 0.67174341,  0.6816997 ,  0.        , ...,  0.50401798,
          0.44148392,  0.04595394],
        ...,
        [ 0.20681178,  0.22002364, -0.50401798, ...,  0.        ,
         -0.07093315, -0.46379541],
        [ 0.27569046,  0.28866432, -0.44148392, ...,  0.07093315,
          0.        , -0.39978446],
        [ 0.63699181,  0.64735815, -0.04595394, ...,  0.46379541,
          0.39978446,  0.        ]],

       [[ 0.        , -0.0290548 ,  0.02830462, ...,  0.84654934,
          0.89869862,  0.93554821],
        [ 0.0290548 ,  0.        ,  0.05733582, ...,  0.86165811,
          0.91106168,  0.94541537],
        [-0.02830462, -0.05733582,  0.        , ...,  0.83114333,
          0.88592509,  0.92517622],
        ...,
        [-0.84654934, -0.86165811, -0.83114333, ...,  0.        ,
          0.10711811,  0.19900152],
        [-0.89869862, -0.91106168, -0.88592509, ..., -0.10711811,
          0.        ,  0.09288087],
        [-0.93554821, -0.94541537, -0.92517622, ..., -0.19900152,
         -0.09288087,  0.        ]],

       ...,

       [[ 0.        , -0.03426586,  0.35262676, ...,  0.05808914,
          0.17910449, -0.14974524],
        [ 0.03426586,  0.        ,  0.38448444, ...,  0.09226302,
          0.21271109, -0.11577781],
        [-0.35262676, -0.38448444,  0.        , ..., -0.29767359,
         -0.17932526, -0.48877697],
        ...,
        [-0.05808914, -0.09226302,  0.29767359, ...,  0.        ,
          0.12165222, -0.20692654],
        [-0.17910449, -0.21271109,  0.17932526, ..., -0.12165222,
          0.        , -0.32440888],
        [ 0.14974524,  0.11577781,  0.48877697, ...,  0.20692654,
          0.32440888,  0.        ]],

       [[ 0.        , -0.1520316 , -0.26856453, ...,  0.94243378,
          0.94329144,  0.93438557],
        [ 0.1520316 ,  0.        , -0.11899642, ...,  0.98231686,
          0.98279556,  0.97768722],
        [ 0.26856453,  0.11899642,  0.        , ...,  0.99761642,
          0.99779074,  0.99573754],
        ...,
        [-0.94243378, -0.98231686, -0.99761642, ...,  0.        ,
          0.00257418, -0.02330281],
        [-0.94329144, -0.98279556, -0.99779074, ..., -0.00257418,
          0.        , -0.02587622],
        [-0.93438557, -0.97768722, -0.99573754, ...,  0.02330281,
          0.02587622,  0.        ]],

       [[ 0.        ,  0.01829836,  0.03277217, ...,  0.97802265,
          0.99999614,  0.99412893],
        [-0.01829836,  0.        ,  0.01447815, ...,  0.97404371,
          0.99987956,  0.9959424 ],
        [-0.03277217, -0.01447815,  0.        , ...,  0.97066434,
          0.99955007,  0.99714094],
        ...,
        [-0.97802265, -0.97404371, -0.97066434, ...,  0.        ,
          0.21121594,  0.31309861],
        [-0.99999614, -0.99987956, -0.99955007, ..., -0.21121594,
          0.        ,  0.10543879],
        [-0.99412893, -0.9959424 , -0.99714094, ..., -0.31309861,
         -0.10543879,  0.        ]]]), 'num': array([7.07038448e-01, 7.07038448e-01, 0.00000000e+00, 0.00000000e+00,
       4.60451485e-03, 4.61035815e-03, 4.53439534e-03, 5.17160643e-03,
       5.84329296e-06, 4.58347900e-03, 4.55718418e-03, 4.48930459e-03,
       3.24627387e-06, 4.69220851e-03, 4.42215985e-03])}
{'img': array([[[ 0.        ,  0.09049307,  0.0547581 , ...,  0.75765005,
          0.80383016,  0.81495207],
        [-0.09049307,  0.        , -0.03582386, ...,  0.69548018,
          0.74670151,  0.75916509],
        [-0.0547581 ,  0.03582386,  0.        , ...,  0.72077483,
          0.77005079,  0.78199549],
        ...,
        [-0.75765005, -0.69548018, -0.72077483, ...,  0.        ,
          0.07393375,  0.09280776],
        [-0.80383016, -0.74670151, -0.77005079, ..., -0.07393375,
          0.        ,  0.0189391 ],
        [-0.81495207, -0.75916509, -0.78199549, ..., -0.09280776,
         -0.0189391 ,  0.        ]],

       [[ 0.        , -0.46147897, -0.44705091, ..., -0.2493487 ,
         -0.45876595, -0.73153275],
        [ 0.46147897,  0.        ,  0.01619514, ...,  0.2256926 ,
          0.00305569, -0.33434086],
        [ 0.44705091, -0.01619514,  0.        , ...,  0.20988572,
         -0.01313977, -0.34956015],
        ...,
        [ 0.2493487 , -0.2256926 , -0.20988572, ...,  0.        ,
         -0.22271469, -0.53841887],
        [ 0.45876595, -0.00305569,  0.01313977, ...,  0.22271469,
          0.        , -0.33721914],
        [ 0.73153275,  0.33434086,  0.34956015, ...,  0.53841887,
          0.33721914,  0.        ]],

       [[ 0.        ,  0.05733582,  0.10646601, ...,  0.91106168,
          0.94541537,  0.97030847],
        [-0.05733582,  0.        ,  0.04928092, ...,  0.88592509,
          0.92517622,  0.9548444 ],
        [-0.10646601, -0.04928092,  0.        , ...,  0.86199077,
          0.90534812,  0.93904255],
        ...,
        [-0.91106168, -0.88592509, -0.86199077, ...,  0.        ,
          0.09288087,  0.17966996],
        [-0.94541537, -0.92517622, -0.90534812, ..., -0.09288087,
          0.        ,  0.08752387],
        [-0.97030847, -0.9548444 , -0.93904255, ..., -0.17966996,
         -0.08752387,  0.        ]],

       ...,

       [[ 0.        ,  0.38448444,  0.00249393, ...,  0.21271109,
         -0.11577781,  0.44628161],
        [-0.38448444,  0.        , -0.38218102, ..., -0.17932526,
         -0.48877697,  0.06790433],
        [-0.00249393,  0.38218102,  0.        , ...,  0.21027358,
         -0.1182546 ,  0.44404843],
        ...,
        [-0.21271109,  0.17932526, -0.21027358, ...,  0.        ,
         -0.32440888,  0.24571494],
        [ 0.11577781,  0.48877697,  0.1182546 , ...,  0.32440888,
          0.        ,  0.54688913],
        [-0.44628161, -0.06790433, -0.44404843, ..., -0.24571494,
         -0.54688913,  0.        ]],

       [[ 0.        , -0.11899642, -0.27262849, ...,  0.98279556,
          0.97768722,  0.9478026 ],
        [ 0.11899642,  0.        , -0.15620262, ...,  0.99779074,
          0.99573754,  0.97901109],
        [ 0.27262849,  0.15620262,  0.        , ...,  0.99592025,
          0.99792178,  0.99882895],
        ...,
        [-0.98279556, -0.99779074, -0.99592025, ...,  0.        ,
         -0.02587622, -0.13831587],
        [-0.97768722, -0.99573754, -0.99792178, ...,  0.02587622,
          0.        , -0.11264206],
        [-0.9478026 , -0.97901109, -0.99882895, ...,  0.13831587,
          0.11264206,  0.        ]],

       [[ 0.        ,  0.01405991,  0.02474422, ...,  0.9679713 ,
          0.9716542 ,  0.99291818],
        [-0.01405991,  0.        ,  0.01068617, ...,  0.96434573,
          0.96823431,  0.99449036],
        [-0.02474422, -0.01068617,  0.        , ...,  0.96146261,
          0.965507  ,  0.99555378],
        ...,
        [-0.9679713 , -0.96434573, -0.96146261, ...,  0.        ,
          0.0151095 ,  0.36427807],
        [-0.9716542 , -0.96823431, -0.965507  , ..., -0.0151095 ,
          0.        ,  0.35016516],
        [-0.99291818, -0.99449036, -0.99555378, ..., -0.36427807,
         -0.35016516,  0.        ]]]), 'num': array([7.07026829e-01, 7.07026829e-01, 0.00000000e+00, 0.00000000e+00,
       4.66871435e-03, 4.67455754e-03, 4.56353680e-03, 7.61076400e-03,
       6.42751662e-05, 4.59625871e-03, 4.55886224e-03, 4.49565833e-03,
       3.30267653e-06, 4.69864050e-03, 4.41908399e-03])}
{'img': array([[[ 0.        , -0.03582386,  0.0353505 , ...,  0.74670151,
          0.75916509,  0.8853744 ],
        [ 0.03582386,  0.        ,  0.07112928, ...,  0.77005079,
          0.78199549,  0.90145984],
        [-0.0353505 , -0.07112928,  0.        , ...,  0.72272108,
          0.73568102,  0.86838732],
        ...,
        [-0.74670151, -0.77005079, -0.72272108, ...,  0.        ,
          0.0189391 ,  0.24178939],
        [-0.75916509, -0.78199549, -0.73568102, ..., -0.0189391 ,
          0.        ,  0.22336887],
        [-0.8853744 , -0.90145984, -0.86838732, ..., -0.24178939,
         -0.22336887,  0.        ]],

       [[ 0.        ,  0.01619514,  0.15643962, ...,  0.00305569,
         -0.33434086,  0.06461705],
        [-0.01619514,  0.        ,  0.14042337, ..., -0.01313977,
         -0.34956015,  0.04844728],
        [-0.15643962, -0.14042337,  0.        , ..., -0.15342082,
         -0.47766116, -0.09229123],
        ...,
        [-0.00305569,  0.01313977,  0.15342082, ...,  0.        ,
         -0.33721914,  0.06156744],
        [ 0.33434086,  0.34956015,  0.47766116, ...,  0.33721914,
          0.        ,  0.39454061],
        [-0.06461705, -0.04844728,  0.09229123, ..., -0.06156744,
         -0.39454061,  0.        ]],

       [[ 0.        ,  0.04928092,  0.18142592, ...,  0.92517622,
          0.9548444 ,  0.96996661],
        [-0.04928092,  0.        ,  0.13274239, ...,  0.90534812,
          0.93904255,  0.95680106],
        [-0.18142592, -0.13274239,  0.        , ...,  0.84096456,
          0.88509561,  0.90973994],
        ...,
        [-0.92517622, -0.90534812, -0.84096456, ...,  0.        ,
          0.08752387,  0.1431009 ],
        [-0.9548444 , -0.93904255, -0.88509561, ..., -0.08752387,
          0.        ,  0.05592866],
        [-0.96996661, -0.95680106, -0.90973994, ..., -0.1431009 ,
         -0.05592866,  0.        ]],

       ...,

       [[ 0.        , -0.38218102, -0.29991037, ..., -0.48877697,
          0.06790433,  0.10649305],
        [ 0.38218102,  0.        ,  0.08744481, ..., -0.1182546 ,
          0.44404843,  0.47841662],
        [ 0.29991037, -0.08744481,  0.        , ..., -0.20463285,
          0.36399665,  0.39979581],
        ...,
        [ 0.48877697,  0.1182546 ,  0.20463285, ...,  0.        ,
          0.54688913,  0.57890299],
        [-0.06790433, -0.44404843, -0.36399665, ..., -0.54688913,
          0.        ,  0.03872906],
        [-0.10649305, -0.47841662, -0.39979581, ..., -0.57890299,
         -0.03872906,  0.        ]],

       [[ 0.        , -0.15620262, -0.28760109, ...,  0.99573754,
          0.97901109,  0.98438383],
        [ 0.15620262,  0.        , -0.1344677 , ...,  0.99792178,
          0.99882895,  0.99979775],
        [ 0.28760109,  0.1344677 ,  0.        , ...,  0.98019396,
          0.99626326,  0.99342188],
        ...,
        [-0.99573754, -0.99792178, -0.98019396, ...,  0.        ,
         -0.11264206, -0.08449332],
        [-0.97901109, -0.99882895, -0.99626326, ...,  0.11264206,
          0.        ,  0.02828369],
        [-0.98438383, -0.99979775, -0.99342188, ...,  0.08449332,
         -0.02828369,  0.        ]],

       [[ 0.        ,  0.01068617,  0.01686926, ...,  0.96823431,
          0.99449036,  0.9977359 ],
        [-0.01068617,  0.        ,  0.00618365, ...,  0.965507  ,
          0.99555378,  0.99696025],
        [-0.01686926, -0.00618365,  0.        , ...,  0.96387846,
          0.99611722,  0.99645941],
        ...,
        [-0.96823431, -0.965507  , -0.96387846, ...,  0.        ,
          0.35016516,  0.18436114],
        [-0.99449036, -0.99555378, -0.99611722, ..., -0.35016516,
          0.        , -0.17147396],
        [-0.9977359 , -0.99696025, -0.99645941, ..., -0.18436114,
          0.17147396,  0.        ]]]), 'num': array([7.07016979e-01, 7.07016979e-01, 0.00000000e+00, 0.00000000e+00,
       4.70370800e-03, 4.70370800e-03, 4.62774750e-03, 9.16551102e-03,
       3.50586932e-05, 4.63008474e-03, 4.56639478e-03, 4.50212051e-03,
       3.56737580e-06, 4.71968054e-03, 4.41310903e-03])}
{'img': array([[[ 0.        ,  0.07112928, -0.14899366, ...,  0.78199549,
          0.90145984,  0.95421843],
        [-0.07112928,  0.        , -0.21895162, ...,  0.73568102,
          0.86838732,  0.93052597],
        [ 0.14899366,  0.21895162,  0.        , ...,  0.86613235,
          0.95589169,  0.98813318],
        ...,
        [-0.78199549, -0.73568102, -0.86613235, ...,  0.        ,
          0.22336887,  0.36084599],
        [-0.90145984, -0.86838732, -0.95589169, ..., -0.22336887,
          0.        ,  0.14340937],
        [-0.95421843, -0.93052597, -0.98813318, ..., -0.36084599,
         -0.14340937,  0.        ]],

       [[ 0.        ,  0.14042337,  0.2856184 , ..., -0.34956015,
          0.04844728,  0.16346992],
        [-0.14042337,  0.        ,  0.14821455, ..., -0.47766116,
         -0.09229123,  0.02331575],
        [-0.2856184 , -0.14821455,  0.        , ..., -0.60259853,
         -0.23885387, -0.12511603],
        ...,
        [ 0.34956015,  0.47766116,  0.60259853, ...,  0.        ,
          0.39454061,  0.49801522],
        [-0.04844728,  0.09229123,  0.23885387, ..., -0.39454061,
          0.        ,  0.11548238],
        [-0.16346992, -0.02331575,  0.12511603, ..., -0.49801522,
         -0.11548238,  0.        ]],

       [[ 0.        ,  0.13274239,  0.11807469, ...,  0.93904255,
          0.95680106,  0.99090793],
        [-0.13274239,  0.        , -0.01478403, ...,  0.88509561,
          0.90973994,  0.96427958],
        [-0.11807469,  0.01478403,  0.        , ...,  0.8918795 ,
          0.91577853,  0.96809028],
        ...,
        [-0.93904255, -0.88509561, -0.8918795 , ...,  0.        ,
          0.05592866,  0.21433469],
        [-0.95680106, -0.90973994, -0.91577853, ..., -0.05592866,
          0.        ,  0.15937032],
        [-0.99090793, -0.96427958, -0.96809028, ..., -0.21433469,
         -0.15937032,  0.        ]],

       ...,

       [[ 0.        ,  0.08744481,  0.14194279, ...,  0.44404843,
          0.47841662,  0.63341328],
        [-0.08744481,  0.        ,  0.05483964, ...,  0.36399665,
          0.39979581,  0.56332092],
        [-0.14194279, -0.05483964,  0.        , ...,  0.31237124,
          0.34892795,  0.51716262],
        ...,
        [-0.44404843, -0.36399665, -0.31237124, ...,  0.        ,
          0.03872906,  0.22392932],
        [-0.47841662, -0.39979581, -0.34892795, ..., -0.03872906,
          0.        ,  0.18601577],
        [-0.63341328, -0.56332092, -0.51716262, ..., -0.22392932,
         -0.18601577,  0.        ]],

       [[ 0.        , -0.1344677 , -0.15715994, ...,  0.99882895,
          0.99979775,  0.99733082],
        [ 0.1344677 ,  0.        , -0.02293592, ...,  0.99626326,
          0.99342188,  0.97845485],
        [ 0.15715994,  0.02293592,  0.        , ...,  0.99402024,
          0.99053411,  0.97346209],
        ...,
        [-0.99882895, -0.99626326, -0.99402024, ...,  0.        ,
          0.02828369,  0.12118179],
        [-0.99979775, -0.99342188, -0.99053411, ..., -0.02828369,
          0.        ,  0.09305806],
        [-0.99733082, -0.97845485, -0.97346209, ..., -0.12118179,
         -0.09305806,  0.        ]],

       [[ 0.        ,  0.00618365, -0.01987677, ...,  0.99555378,
          0.99696025,  0.97939967],
        [-0.00618365,  0.        , -0.02605881, ...,  0.99611722,
          0.99645941,  0.97813227],
        [ 0.01987677,  0.02605881,  0.        , ...,  0.99348481,
          0.99831192,  0.98321992],
        ...,
        [-0.99555378, -0.99611722, -0.99348481, ...,  0.        ,
         -0.17147396, -0.29328793],
        [-0.99696025, -0.99645941, -0.99831192, ...,  0.17147396,
          0.        , -0.12501069],
        [-0.97939967, -0.97813227, -0.98321992, ...,  0.29328793,
          0.12501069,  0.        ]]]), 'num': array([7.07005148e-01, 7.07005148e-01, 0.00000000e+00, 0.00000000e+00,
       4.73868740e-03, 4.79127456e-03, 4.70362929e-03, 1.07246254e-02,
       3.50581065e-05, 4.66272816e-03, 4.57362214e-03, 4.50934895e-03,
       3.73953136e-06, 4.74416921e-03, 4.40307508e-03])}
{'img': array([[[ 0.        , -0.21895162, -0.41696647, ...,  0.86838732,
          0.93052597,  0.98004639],
        [ 0.21895162,  0.        , -0.20783916, ...,  0.95589169,
          0.98813318,  0.99978704],
        [ 0.41696647,  0.20783916,  0.        , ...,  0.99606429,
          0.99847933,  0.97366556],
        ...,
        [-0.86838732, -0.95589169, -0.99606429, ...,  0.        ,
          0.14340937,  0.31338343],
        [-0.93052597, -0.98813318, -0.99847933, ..., -0.14340937,
          0.        ,  0.17395876],
        [-0.98004639, -0.99978704, -0.97366556, ..., -0.31338343,
         -0.17395876,  0.        ]],

       [[ 0.        ,  0.14821455, -0.10066827, ..., -0.09229123,
          0.02331575,  0.11925619],
        [-0.14821455,  0.        , -0.24701804, ..., -0.23885387,
         -0.12511603, -0.02921779],
        [ 0.10066827,  0.24701804,  0.        , ...,  0.00841623,
          0.12383821,  0.21860022],
        ...,
        [ 0.09229123,  0.23885387, -0.00841623, ...,  0.        ,
          0.11548238,  0.2103798 ],
        [-0.02331575,  0.12511603, -0.12383821, ..., -0.11548238,
          0.        ,  0.09607441],
        [-0.11925619,  0.02921779, -0.21860022, ..., -0.2103798 ,
         -0.09607441,  0.        ]],

       [[ 0.        , -0.01478403, -0.09072955, ...,  0.90973994,
          0.96427958,  0.99641291],
        [ 0.01478403,  0.        , -0.07599658, ...,  0.91577853,
          0.96809028,  0.9975551 ],
        [ 0.09072955,  0.07599658,  0.        , ...,  0.94365674,
          0.98433551,  0.99998122],
        ...,
        [-0.90973994, -0.91577853, -0.94365674, ...,  0.        ,
          0.15937032,  0.33670296],
        [-0.96427958, -0.96809028, -0.98433551, ..., -0.15937032,
          0.        ,  0.18233469],
        [-0.99641291, -0.9975551 , -0.99998122, ..., -0.33670296,
         -0.18233469,  0.        ]],

       ...,

       [[ 0.        ,  0.05483964, -0.08594132, ...,  0.39979581,
          0.56332092,  0.66535219],
        [-0.05483964,  0.        , -0.14044873, ...,  0.34892795,
          0.51716262,  0.62341154],
        [ 0.08594132,  0.14044873,  0.        , ...,  0.47709082,
          0.63224474,  0.72704826],
        ...,
        [-0.39979581, -0.34892795, -0.47709082, ...,  0.        ,
          0.18601577,  0.31140522],
        [-0.56332092, -0.51716262, -0.63224474, ..., -0.18601577,
          0.        ,  0.12920364],
        [-0.66535219, -0.62341154, -0.72704826, ..., -0.31140522,
         -0.12920364,  0.        ]],

       [[ 0.        , -0.02293592, -0.07628357, ...,  0.99342188,
          0.97845485,  0.94911413],
        [ 0.02293592,  0.        , -0.05339442, ...,  0.99053411,
          0.97346209,  0.94164119],
        [ 0.07628357,  0.05339442,  0.        , ...,  0.98179183,
          0.95985422,  0.92232441],
        ...,
        [-0.99342188, -0.99053411, -0.98179183, ...,  0.        ,
          0.09305806,  0.2041758 ],
        [-0.97845485, -0.97346209, -0.95985422, ..., -0.09305806,
          0.        ,  0.1121921 ],
        [-0.94911413, -0.94164119, -0.92232441, ..., -0.2041758 ,
         -0.1121921 ,  0.        ]],

       [[ 0.        , -0.02605881, -0.10020018, ...,  0.99645941,
          0.97813227,  0.94047327],
        [ 0.02605881,  0.        , -0.07423848, ...,  0.99831192,
          0.98321992,  0.94901045],
        [ 0.10020018,  0.07423848,  0.        , ...,  0.99986888,
          0.99404964,  0.96979495],
        ...,
        [-0.99645941, -0.99831192, -0.99986888, ...,  0.        ,
         -0.12501069, -0.2595938 ],
        [-0.97813227, -0.98321992, -0.99404964, ...,  0.12501069,
          0.        , -0.13683233],
        [-0.94047327, -0.94901045, -0.96979495, ...,  0.2595938 ,
          0.13683233,  0.        ]]]), 'num': array([7.06991725e-01, 7.06991725e-01, 0.00000000e+00, 0.00000000e+00,
