state_0,state_1,state_2,state_3,state_4,state_5,state_6,state_7,state_8,state_9,state_10,state_11,state_12,state_13,state_14,state_15,state_16,state_17,state_18,state_19,state_20,state_21,state_22,state_23,state_24,state_25,state_26,state_27,state_28,state_29,state_30,state_31,state_32,state_33,state_34,state_35,state_36,state_37,state_38,state_39,state_40,state_41,state_42,state_43,state_44,state_45,state_46,state_47,state_48,state_49,state_50,state_51,state_52,state_53,state_54,state_55,state_56,state_57,state_58,state_59,state_60,state_61,state_62,state_63,state_64,state_65,state_66,state_67,state_68,state_69,state_70,state_71,state_72,state_73,state_74,state_75,state_76,state_77,state_78,state_79,state_80,state_81,state_82,state_83,state_84,state_85,state_86,state_87,state_88,state_89,state_90,state_91,state_92,state_93,state_94,state_95,state_96,state_97,state_98,state_99,state_100,state_101,state_102,state_103,state_104,state_105,state_106,state_107,state_108,state_109,state_110,state_111,state_112,state_113,state_114,state_115,state_116,state_117,state_118,state_119,state_120,state_121,state_122,state_123,state_124,state_125,state_126,state_127,state_128,state_129,state_130,state_131,state_132,state_133,state_134,state_135,state_136,state_137,state_138,state_139,state_140,state_141,state_142,state_143,state_144,state_145,state_146,state_147,state_148,state_149,state_150,state_151,state_152,state_153,state_154,state_155,state_156,state_157,state_158,state_159,state_160,state_161,state_162,state_163,state_164,state_165,state_166,state_167,state_168,state_169,state_170,state_171,state_172,state_173,state_174,state_175,state_176,state_177,state_178,state_179,state_180,state_181,state_182,state_183,state_184,state_185,state_186,state_187,state_188,state_189,state_190,state_191,state_192,state_193,state_194,state_195,state_196,state_197,state_198,state_199,state_200,state_201,state_202,state_203,state_204,state_205,state_206,state_207,state_208,state_209,state_210,state_211,state_212,state_213,state_214,state_215,state_216,state_217,state_218,state_219,state_220,state_221,state_222,state_223,state_224,state_225,state_226,state_227,state_228,state_229,state_230,state_231,state_232,state_233,state_234,state_235,state_236,state_237,state_238,state_239,state_240,state_241,state_242,state_243,state_244,state_245,state_246,state_247,state_248,state_249,state_250,state_251,state_252,state_253,state_254,state_255,state_256,state_257,state_258,state_259,state_260,state_261,state_262,state_263,state_264,state_265,state_266,state_267,state_268,state_269,state_270,state_271,state_272,state_273,state_274,state_275,state_276,state_277,state_278,state_279,state_280,state_281,state_282,state_283,state_284,state_285,state_286,state_287
{'img': array([[[ 0.        , -0.295159  , -0.63690307, ...,  0.02726335,
          0.25384736,  0.64016152],
        [ 0.295159  ,  0.        , -0.38097683, ...,  0.321098  ,
          0.52802885,  0.83839419],
        [ 0.63690307,  0.38097683,  0.        , ...,  0.65768484,
          0.81174293,  0.98282325],
        ...,
        [-0.02726335, -0.321098  , -0.65768484, ...,  0.        ,
          0.22738268,  0.61897876],
        [-0.25384736, -0.52802885, -0.81174293, ..., -0.22738268,
          0.        ,  0.42417679],
        [-0.64016152, -0.83839419, -0.98282325, ..., -0.61897876,
         -0.42417679,  0.        ]],

       [[ 0.        ,  0.09462452,  0.49506803, ...,  0.10190754,
          0.35436262,  0.24776419],
        [-0.09462452,  0.        ,  0.41063177, ...,  0.00731839,
          0.26428845,  0.15497831],
        [-0.49506803, -0.41063177,  0.        , ..., -0.40394785,
         -0.15505267, -0.26436104],
        ...,
        [-0.10190754, -0.00731839,  0.40394785, ...,  0.        ,
          0.2572232 ,  0.1477442 ],
        [-0.35436262, -0.26428845,  0.15505267, ..., -0.2572232 ,
          0.        , -0.11162743],
        [-0.24776419, -0.15497831,  0.26436104, ..., -0.1477442 ,
          0.11162743,  0.        ]],

       [[ 0.        , -0.53057592, -0.80939039, ..., -0.77683755,
         -0.75415015, -0.68345744],
        [ 0.53057592,  0.        , -0.37447774, ..., -0.32437235,
         -0.2908156 , -0.19200879],
        [ 0.80939039,  0.37447774,  0.        , ...,  0.05345984,
          0.08863781,  0.18947246],
        ...,
        [ 0.77683755,  0.32437235, -0.05345984, ...,  0.        ,
          0.03526164,  0.13671004],
        [ 0.75415015,  0.2908156 , -0.08863781, ..., -0.03526164,
          0.        ,  0.10169445],
        [ 0.68345744,  0.19200879, -0.18947246, ..., -0.13671004,
         -0.10169445,  0.        ]],

       ...,

       [[ 0.        , -0.06308253, -0.15206585, ...,  0.90768538,
          0.94126468,  0.94929705],
        [ 0.06308253,  0.        , -0.08941409, ...,  0.93235022,
          0.96069103,  0.96723827],
        [ 0.15206585,  0.08941409,  0.        , ...,  0.96094397,
          0.98166614,  0.98606361],
        ...,
        [-0.90768538, -0.93235022, -0.96094397, ...,  0.        ,
          0.08850517,  0.1130152 ],
        [-0.94126468, -0.96069103, -0.98166614, ..., -0.08850517,
          0.        ,  0.02463355],
        [-0.94929705, -0.96723827, -0.98606361, ..., -0.1130152 ,
         -0.02463355,  0.        ]],

       [[ 0.        , -0.26478377, -0.24276955, ..., -0.90329709,
         -0.90800745, -0.91441957],
        [ 0.26478377,  0.        ,  0.02275792, ..., -0.9846528 ,
         -0.9865309 , -0.98895784],
        [ 0.24276955, -0.02275792,  0.        , ..., -0.98042596,
         -0.98255277, -0.98532905],
        ...,
        [ 0.90329709,  0.9846528 ,  0.98042596, ...,  0.        ,
          0.01110939,  0.02667481],
        [ 0.90800745,  0.9865309 ,  0.98255277, ..., -0.01110939,
          0.        ,  0.01556773],
        [ 0.91441957,  0.98895784,  0.98532905, ..., -0.02667481,
         -0.01556773,  0.        ]],

       [[ 0.        , -0.49096529, -0.74079681, ..., -0.26438308,
         -0.27428136, -0.30105417],
        [ 0.49096529,  0.        , -0.31557102, ...,  0.24317061,
          0.23318832,  0.20591585],
        [ 0.74079681,  0.31557102,  0.        , ...,  0.53684376,
          0.52814409,  0.50420219],
        ...,
        [ 0.26438308, -0.24317061, -0.53684376, ...,  0.        ,
         -0.01027795, -0.03822441],
        [ 0.27428136, -0.23318832, -0.52814409, ...,  0.01027795,
          0.        , -0.02795195],
        [ 0.30105417, -0.20591585, -0.50420219, ...,  0.03822441,
          0.02795195,  0.        ]]]), 'num': array([7.07105383e-01, 7.07105383e-01, 0.00000000e+00, 0.00000000e+00,
       3.77215667e-05, 3.81391486e-05, 3.68864029e-05, 1.98590825e-03,
       2.78387946e-07, 3.65662567e-05, 3.57102138e-05, 3.23741982e-05,
       8.87772584e-07, 3.78105674e-05, 3.36098602e-05])}
{'img': array([[[ 0.        , -0.37125197, -0.5225894 , ...,  0.49384951,
          0.69222392,  0.85478192],
        [ 0.37125197,  0.        , -0.16871739, ...,  0.78137633,
          0.91067833,  0.98636758],
        [ 0.5225894 ,  0.16871739,  0.        , ...,  0.87546468,
          0.96732315,  0.9999911 ],
        ...,
        [-0.49384951, -0.78137633, -0.87546468, ...,  0.        ,
          0.24551881,  0.48697175],
        [-0.69222392, -0.91067833, -0.96732315, ..., -0.24551881,
          0.        ,  0.25762595],
        [-0.85478192, -0.98636758, -0.9999911 , ..., -0.48697175,
         -0.25762595,  0.        ]],

       [[ 0.        ,  0.41063177,  0.59486246, ...,  0.26428845,
          0.15497831,  0.19518231],
        [-0.41063177,  0.        ,  0.21231924, ..., -0.15505267,
         -0.26436104, -0.22476659],
        [-0.59486246, -0.21231924,  0.        , ..., -0.36126902,
         -0.46309942, -0.42652855],
        ...,
        [-0.26428845,  0.15505267,  0.36126902, ...,  0.        ,
         -0.11162743, -0.07096304],
        [-0.15497831,  0.26436104,  0.46309942, ...,  0.11162743,
          0.        ,  0.04082648],
        [-0.19518231,  0.22476659,  0.42652855, ...,  0.07096304,
         -0.04082648,  0.        ]],

       [[ 0.        , -0.69587509, -0.90279906, ..., -0.60880564,
         -0.48834374, -0.32498186],
        [ 0.69587509,  0.        , -0.34908686, ...,  0.11482963,
          0.25654601,  0.42471327],
        [ 0.90279906,  0.34908686,  0.        , ...,  0.45438346,
          0.57781043,  0.7140328 ],
        ...,
        [ 0.60880564, -0.11482963, -0.45438346, ...,  0.        ,
          0.1438625 ,  0.3179454 ],
        [ 0.48834374, -0.25654601, -0.57781043, ..., -0.1438625 ,
          0.        ,  0.17824071],
        [ 0.32498186, -0.42471327, -0.7140328 , ..., -0.3179454 ,
         -0.17824071,  0.        ]],

       ...,

       [[ 0.        , -0.08941409, -0.00341382, ...,  0.96069103,
          0.96723827,  0.94787768],
        [ 0.08941409,  0.        ,  0.08601341, ...,  0.98166614,
          0.98606361,  0.9725714 ],
        [ 0.00341382, -0.08601341,  0.        , ...,  0.96163318,
          0.9680993 ,  0.94895992],
        ...,
        [-0.96069103, -0.98166614, -0.96163318, ...,  0.        ,
          0.02463355, -0.04295965],
        [-0.96723827, -0.98606361, -0.9680993 , ..., -0.02463355,
          0.        , -0.06755742],
        [-0.94787768, -0.9725714 , -0.94895992, ...,  0.04295965,
          0.06755742,  0.        ]],

       [[ 0.        ,  0.108136  , -0.09354692, ..., -0.95102861,
         -0.95577469, -0.96481572],
        [-0.108136  ,  0.        , -0.20066018, ..., -0.91202673,
         -0.91836735, -0.93072628],
        [ 0.09354692,  0.20066018,  0.        , ..., -0.97577385,
         -0.97909564, -0.9851809 ],
        ...,
        [ 0.95102861,  0.91202673,  0.97577385, ...,  0.        ,
          0.01573532,  0.0481762 ],
        [ 0.95577469,  0.91836735,  0.97909564, ..., -0.01573532,
          0.        ,  0.03245319],
        [ 0.96481572,  0.93072628,  0.9851809 , ..., -0.0481762 ,
         -0.03245319,  0.        ]],

       [[ 0.        , -0.34602823, -0.56951405, ...,  0.35615501,
          0.28666291,  0.20925535],
        [ 0.34602823,  0.        , -0.24990297, ...,  0.65749129,
          0.60046   ,  0.53469593],
        [ 0.56951405,  0.24990297,  0.        , ...,  0.8249221 ,
          0.78124405,  0.72890964],
        ...,
        [-0.35615501, -0.65749129, -0.8249221 , ...,  0.        ,
         -0.07334219, -0.15273628],
        [-0.28666291, -0.60046   , -0.78124405, ...,  0.07334219,
          0.        , -0.07984328],
        [-0.20925535, -0.53469593, -0.72890964, ...,  0.15273628,
          0.07984328,  0.        ]]]), 'num': array([ 7.07106428e-01,  7.07106428e-01,  0.00000000e+00,  0.00000000e+00,
        3.70256515e-05,  3.80696079e-05,  3.67472632e-05,  9.94194422e-04,
       -6.95970894e-07,  3.69142962e-05,  3.57868234e-05,  3.24287638e-05,
        7.92336094e-07,  3.79604821e-05,  3.36131646e-05])}
{'img': array([[[ 0.        , -0.16871739, -0.37295807, ...,  0.91067833,
          0.98636758,  0.83696747],
        [ 0.16871739,  0.        , -0.2110674 , ...,  0.96732315,
          0.9999911 ,  0.91730013],
        [ 0.37295807,  0.2110674 ,  0.        , ...,  0.99904626,
          0.97657223,  0.98068105],
        ...,
        [-0.91067833, -0.96732315, -0.99904626, ...,  0.        ,
          0.25762595, -0.15260631],
        [-0.98636758, -0.9999911 , -0.97657223, ..., -0.25762595,
          0.        , -0.40206343],
        [-0.83696747, -0.91730013, -0.98068105, ...,  0.15260631,
          0.40206343,  0.        ]],

       [[ 0.        ,  0.21231924, -0.11976258, ..., -0.26436104,
         -0.22476659, -0.46727688],
        [-0.21231924,  0.        , -0.32782312, ..., -0.46309942,
         -0.42652855, -0.64433692],
        [ 0.11976258,  0.32782312,  0.        , ..., -0.14695644,
         -0.10645068, -0.35803027],
        ...,
        [ 0.26436104,  0.46309942,  0.14695644, ...,  0.        ,
          0.04082648, -0.21692843],
        [ 0.22476659,  0.42652855,  0.10645068, ..., -0.04082648,
          0.        , -0.25660187],
        [ 0.46727688,  0.64433692,  0.35803027, ...,  0.21692843,
          0.25660187,  0.        ]],

       [[ 0.        , -0.34995595, -0.58263696, ...,  0.25793562,
          0.42808788,  0.69401743],
        [ 0.34995595,  0.        , -0.261374  , ...,  0.57973954,
          0.71728642,  0.90208569],
        [ 0.58263696,  0.261374  ,  0.        , ...,  0.77255443,
          0.87447159,  0.9835248 ],
        ...,
        [-0.25793562, -0.57973954, -0.77255443, ...,  0.        ,
          0.1804963 ,  0.48483047],
        [-0.42808788, -0.71728642, -0.87447159, ..., -0.1804963 ,
          0.        ,  0.31900392],
        [-0.69401743, -0.90208569, -0.9835248 , ..., -0.48483047,
         -0.31900392,  0.        ]],

       ...,

       [[ 0.        ,  0.08601341, -0.24117382, ...,  0.98606361,
          0.9725714 ,  0.90465734],
        [-0.08601341,  0.        , -0.32375449, ...,  0.9680993 ,
          0.94895992,  0.86465093],
        [ 0.24117382,  0.32375449,  0.        , ...,  0.9970807 ,
          0.9999611 ,  0.98072736],
        ...,
        [-0.98606361, -0.9680993 , -0.9970807 , ...,  0.        ,
         -0.06755742, -0.26969423],
        [-0.9725714 , -0.94895992, -0.9999611 , ...,  0.06755742,
          0.        , -0.20402394],
        [-0.90465734, -0.86465093, -0.98072736, ...,  0.26969423,
          0.20402394,  0.        ]],

       [[ 0.        , -0.20066018, -0.36525331, ..., -0.91836735,
         -0.93072628, -0.93764507],
        [ 0.20066018,  0.        , -0.1710282 , ..., -0.97909564,
         -0.9851809 , -0.98832253],
        [ 0.36525331,  0.1710282 ,  0.        , ..., -0.99945698,
         -0.99999988, -0.99982138],
        ...,
        [ 0.91836735,  0.97909564,  0.99945698, ...,  0.        ,
          0.03245319,  0.05183415],
        [ 0.93072628,  0.9851809 ,  0.99999988, ..., -0.03245319,
          0.        ,  0.01939729],
        [ 0.93764507,  0.98832253,  0.99982138, ..., -0.05183415,
         -0.01939729,  0.        ]],

       [[ 0.        , -0.24990297, -0.45564956, ...,  0.60046   ,
          0.53469593,  0.53626957],
        [ 0.24990297,  0.        , -0.21873876, ...,  0.78124405,
          0.72890964,  0.73018401],
        [ 0.45564956,  0.21873876,  0.        , ...,  0.89886738,
          0.8610087 ,  0.86195485],
        ...,
        [-0.60046   , -0.78124405, -0.89886738, ...,  0.        ,
         -0.07984328, -0.07798579],
        [-0.53469593, -0.72890964, -0.8610087 , ...,  0.07984328,
          0.        ,  0.00186329],
        [-0.53626957, -0.73018401, -0.86195485, ...,  0.07798579,
         -0.00186329,  0.        ]]]), 'num': array([ 9.99999356e-01,  1.73579111e-06,  3.76646945e-04, -2.80031439e-10,
        5.23696067e-05,  5.36517251e-05,  5.14819862e-05,  1.06076562e-03,
       -9.86244947e-08,  5.26654802e-05,  5.08310646e-05,  4.60987326e-05,
        1.02768381e-06,  5.39743249e-05,  4.76878043e-05])}
{'img': array([[[ 0.        , -0.2110674 , -0.2110674 , ...,  0.9999911 ,
          0.91730013,  0.90894027],
        [ 0.2110674 ,  0.        ,  0.        , ...,  0.97657223,
          0.98068105,  0.97646278],
        [ 0.2110674 ,  0.        ,  0.        , ...,  0.97657223,
          0.98068105,  0.97646278],
        ...,
        [-0.9999911 , -0.97657223, -0.97657223, ...,  0.        ,
         -0.40206343, -0.42075784],
        [-0.91730013, -0.98068105, -0.98068105, ...,  0.40206343,
          0.        , -0.02050975],
        [-0.90894027, -0.97646278, -0.97646278, ...,  0.42075784,
          0.02050975,  0.        ]],

       [[ 0.        , -0.32782312, -0.53607079, ..., -0.42652855,
         -0.64433692, -0.71465111],
        [ 0.32782312,  0.        , -0.22970761, ..., -0.10645068,
         -0.35803027, -0.44585279],
        [ 0.53607079,  0.22970761,  0.        , ...,  0.12479825,
         -0.13397614, -0.22831781],
        ...,
        [ 0.42652855,  0.10645068, -0.12479825, ...,  0.        ,
         -0.25660187, -0.34803477],
        [ 0.64433692,  0.35803027,  0.13397614, ...,  0.25660187,
          0.        , -0.09582204],
        [ 0.71465111,  0.44585279,  0.22831781, ...,  0.34803477,
          0.09582204,  0.        ]],

       [[ 0.        , -0.25463219, -0.47062949, ...,  0.66725321,
          0.7714314 ,  0.91425989],
        [ 0.25463219,  0.        , -0.23044673, ...,  0.83491713,
          0.90802911,  0.98728271],
        [ 0.47062949,  0.23044673,  0.        , ...,  0.93927756,
          0.98012522,  0.99734506],
        ...,
        [-0.66725321, -0.83491713, -0.93927756, ...,  0.        ,
          0.15000443,  0.41064597],
        [-0.7714314 , -0.90802911, -0.98012522, ..., -0.15000443,
          0.        ,  0.26922637],
        [-0.91425989, -0.98728271, -0.99734506, ..., -0.41064597,
         -0.26922637,  0.        ]],

       ...,

       [[ 0.        , -0.32375449, -0.49178218, ...,  0.94895992,
          0.86465093,  0.78653909],
        [ 0.32375449,  0.        , -0.1833964 , ...,  0.9999611 ,
          0.98072736,  0.94410849],
        [ 0.49178218,  0.1833964 ,  0.        , ...,  0.9813832 ,
          0.99992551,  0.98854936],
        ...,
        [-0.94895992, -0.9999611 , -0.9813832 , ...,  0.        ,
         -0.20402394, -0.33794935],
        [-0.86465093, -0.98072736, -0.99992551, ...,  0.20402394,
          0.        , -0.13882084],
        [-0.78653909, -0.94410849, -0.98854936, ...,  0.33794935,
          0.13882084,  0.        ]],

       [[ 0.        , -0.30996989, -0.46459433, ..., -0.93326064,
         -0.9401027 , -0.94562633],
        [ 0.30996989,  0.        , -0.1672257 , ..., -0.99863533,
         -0.99946529, -0.99987007],
        [ 0.46459433,  0.1672257 ,  0.        , ..., -0.9933066 ,
         -0.99085935, -0.98848611],
        ...,
        [ 0.93326064,  0.99863533,  0.9933066 , ...,  0.        ,
          0.01954433,  0.03612117],
        [ 0.9401027 ,  0.99946529,  0.99085935, ..., -0.01954433,
          0.        ,  0.01658269],
        [ 0.94562633,  0.99987007,  0.98848611, ..., -0.03612117,
         -0.01658269,  0.        ]],

       [[ 0.        , -0.21873876, -0.38394182, ...,  0.72890964,
          0.73018401,  0.74614417],
        [ 0.21873876,  0.        , -0.17267005, ...,  0.8610087 ,
          0.86195485,  0.873708  ],
        [ 0.38394182,  0.17267005,  0.        , ...,  0.93589441,
          0.93654918,  0.94458014],
        ...,
        [-0.72890964, -0.8610087 , -0.93589441, ...,  0.        ,
          0.00186329,  0.02552103],
        [-0.73018401, -0.86195485, -0.93654918, ..., -0.00186329,
          0.        ,  0.0236583 ],
        [-0.74614417, -0.873708  , -0.94458014, ..., -0.02552103,
         -0.0236583 ,  0.        ]]]), 'num': array([ 7.52125397e-01,  6.59017709e-01,  3.64413651e-05, -5.15142901e-09,
        3.81432560e-05,  4.00093644e-05,  3.79193230e-05,  1.74175095e-03,
       -1.49288673e-06,  3.96212138e-05,  3.85761931e-05,  3.49994853e-05,
        7.52512011e-07,  4.06898803e-05,  3.64625059e-05])}
{'img': array([[[ 0.        ,  0.        , -0.2306123 , ...,  0.98068105,
          0.97646278,  0.86621452],
        [ 0.        ,  0.        , -0.2306123 , ...,  0.98068105,
          0.97646278,  0.86621452],
        [ 0.2306123 ,  0.2306123 ,  0.        , ...,  0.9993584 ,
          0.99988276,  0.95809691],
        ...,
        [-0.98068105, -0.98068105, -0.9993584 , ...,  0.        ,
         -0.02050975, -0.32057582],
        [-0.97646278, -0.97646278, -0.99988276, ...,  0.02050975,
          0.        , -0.30108108],
        [-0.86621452, -0.86621452, -0.95809691, ...,  0.32057582,
          0.30108108,  0.        ]],

       [[ 0.        , -0.22970761, -0.19379958, ..., -0.35803027,
         -0.44585279, -0.18735143],
        [ 0.22970761,  0.        ,  0.03673529, ..., -0.13397614,
         -0.22831781,  0.04329857],
        [ 0.19379958, -0.03673529,  0.        , ..., -0.17028982,
         -0.2639287 ,  0.0065685 ],
        ...,
        [ 0.35803027,  0.13397614,  0.17028982, ...,  0.        ,
         -0.09582204,  0.17675871],
        [ 0.44585279,  0.22831781,  0.2639287 , ...,  0.09582204,
          0.        ,  0.2702586 ],
        [ 0.18735143, -0.04329857, -0.0065685 , ..., -0.17675871,
         -0.2702586 ,  0.        ]],

       [[ 0.        , -0.23044673, -0.45216068, ...,  0.90802911,
          0.98728271,  0.91448513],
        [ 0.23044673,  0.        , -0.2344469 , ...,  0.98012522,
          0.99734506,  0.98311495],
        [ 0.45216068,  0.2344469 ,  0.        , ...,  0.99931761,
          0.95247544,  0.9986157 ],
        ...,
        [-0.90802911, -0.98012522, -0.99931761, ...,  0.        ,
          0.26922637,  0.01567801],
        [-0.98728271, -0.99734506, -0.95247544, ..., -0.26922637,
          0.        , -0.25409415],
        [-0.91448513, -0.98311495, -0.9986157 , ..., -0.01567801,
          0.25409415,  0.        ]],

       ...,

       [[ 0.        , -0.1833964 , -0.14219921, ...,  0.98072736,
          0.94410849,  0.92699148],
        [ 0.1833964 ,  0.        ,  0.04174535, ...,  0.99992551,
          0.98854936,  0.98005758],
        [ 0.14219921, -0.04174535,  0.        , ...,  0.99854433,
          0.98138834,  0.97090787],
        ...,
        [-0.98072736, -0.99992551, -0.99854433, ...,  0.        ,
         -0.13882084, -0.18673678],
        [-0.94410849, -0.98854936, -0.98138834, ...,  0.13882084,
          0.        , -0.04854972],
        [-0.92699148, -0.98005758, -0.97090787, ...,  0.18673678,
          0.04854972,  0.        ]],

       [[ 0.        , -0.35953791, -0.4827418 , ..., -0.9459715 ,
         -0.95131554, -0.94502503],
        [ 0.35953791,  0.        , -0.1355912 , ..., -0.99929493,
         -0.99851782, -0.99939984],
        [ 0.4827418 ,  0.1355912 ,  0.        , ..., -0.9849755 ,
         -0.98191672, -0.9854733 ],
        ...,
        [ 0.9459715 ,  0.99929493,  0.9849755 , ...,  0.        ,
          0.01689776, -0.00290665],
        [ 0.95131554,  0.99851782,  0.98191672, ..., -0.01689776,
          0.        , -0.01980393],
        [ 0.94502503,  0.99939984,  0.9854733 , ...,  0.00290665,
          0.01980393,  0.        ]],

       [[ 0.        , -0.17010054, -0.35364748, ...,  0.82349981,
          0.83276934,  0.95853377],
        [ 0.17010054,  0.        , -0.18938524, ...,  0.90799956,
          0.91480424,  0.99303986],
        [ 0.35364748,  0.18938524,  0.        , ...,  0.97091431,
          0.97474113,  0.99737424],
        ...,
        [-0.82349981, -0.90799956, -0.97091431, ...,  0.        ,
          0.01653778,  0.30911196],
        [-0.83276934, -0.91480424, -0.97474113, ..., -0.01653778,
          0.        ,  0.29334184],
        [-0.95853377, -0.99303986, -0.99737424, ..., -0.30911196,
         -0.29334184,  0.        ]]]), 'num': array([ 7.07106340e-01,  7.07106340e-01,  0.00000000e+00, -1.18725371e-08,
        3.50953538e-05,  3.50953538e-05,  3.31300139e-05,  1.11319654e-03,
       -7.72097783e-07,  3.67237782e-05,  3.63201816e-05,  3.30305771e-05,
        5.75333668e-07,  3.81491715e-05,  3.44911917e-05])}
{'img': array([[[ 0.        , -0.2306123 , -0.97657223, ...,  0.97646278,
          0.86621452,  0.79478618],
        [ 0.2306123 ,  0.        , -0.90062399, ...,  0.99988276,
          0.95809691,  0.91331948],
        [ 0.97657223,  0.90062399,  0.        , ...,  0.42075784,
          0.67436668,  0.76370142],
        ...,
        [-0.97646278, -0.99988276, -0.42075784, ...,  0.        ,
         -0.30108108, -0.42118083],
        [-0.86621452, -0.95809691, -0.67436668, ...,  0.30108108,
          0.        , -0.12856391],
        [-0.79478618, -0.91331948, -0.76370142, ...,  0.42118083,
          0.12856391,  0.        ]],

       [[ 0.        ,  0.03673529,  0.29197686, ..., -0.22831781,
          0.04329857, -0.09822189],
        [-0.03673529,  0.        ,  0.25664521, ..., -0.2639287 ,
          0.0065685 , -0.13471325],
        [-0.29197686, -0.25664521,  0.        , ..., -0.50263372,
         -0.25029118, -0.38450692],
        ...,
        [ 0.22831781,  0.2639287 ,  0.50263372, ...,  0.        ,
          0.2702586 ,  0.13158627],
        [-0.04329857, -0.0065685 ,  0.25029118, ..., -0.2702586 ,
          0.        , -0.14121897],
        [ 0.09822189,  0.13471325,  0.38450692, ..., -0.13158627,
          0.14121897,  0.        ]],

       [[ 0.        , -0.2344469 , -0.52721407, ...,  0.99734506,
          0.98311495,  0.92018231],
        [ 0.2344469 ,  0.        , -0.3133029 , ...,  0.95247544,
          0.9986157 ,  0.98631949],
        [ 0.52721407,  0.3133029 ,  0.        , ...,  0.80908451,
          0.93185913,  0.98830792],
        ...,
        [-0.99734506, -0.95247544, -0.80908451, ...,  0.        ,
         -0.25409415, -0.45745889],
        [-0.98311495, -0.9986157 , -0.93185913, ...,  0.25409415,
          0.        , -0.21649652],
        [-0.92018231, -0.98631949, -0.98830792, ...,  0.45745889,
          0.21649652,  0.        ]],

       ...,

       [[ 0.        ,  0.04174535, -0.1994711 , ...,  0.98854936,
          0.98005758,  0.89001953],
        [-0.04174535,  0.        , -0.24020364, ...,  0.98138834,
          0.97090787,  0.87021104],
        [ 0.1994711 ,  0.24020364,  0.        , ...,  0.99878295,
          0.9999997 ,  0.96307678],
        ...,
        [-0.98854936, -0.98138834, -0.99878295, ...,  0.        ,
         -0.04854972, -0.31639974],
        [-0.98005758, -0.97090787, -0.9999997 , ...,  0.04854972,
          0.        , -0.26997111],
        [-0.89001953, -0.87021104, -0.96307678, ...,  0.31639974,
          0.26997111,  0.        ]],

       [[ 0.        , -0.33938427, -0.33068446, ..., -0.95873862,
         -0.95276198, -0.94801262],
        [ 0.33938427,  0.        ,  0.00923336, ..., -0.99831862,
         -0.99929058, -0.99974919],
        [ 0.33068446, -0.00923336,  0.        , ..., -0.99881127,
         -0.99959572, -0.99991336],
        ...,
        [ 0.95873862,  0.99831862,  0.99881127, ...,  0.        ,
         -0.02032637, -0.03559241],
        [ 0.95276198,  0.99929058,  0.99959572, ...,  0.02032637,
          0.        , -0.01527157],
        [ 0.94801262,  0.99974919,  0.99991336, ...,  0.03559241,
          0.01527157,  0.        ]],

       [[ 0.        , -0.18695232, -0.47794473, ...,  0.88828949,
          0.94602726,  0.99462692],
        [ 0.18695232,  0.        , -0.30530105, ...,  0.95849226,
          0.98993667,  0.99644476],
        [ 0.47794473,  0.30530105,  0.        , ...,  0.99977689,
          0.9858765 ,  0.92314916],
        ...,
        [-0.88828949, -0.95849226, -0.99977689, ...,  0.        ,
          0.14661205,  0.36485665],
        [-0.94602726, -0.98993667, -0.9858765 , ..., -0.14661205,
          0.        ,  0.22440887],
        [-0.99462692, -0.99644476, -0.92314916, ..., -0.36485665,
         -0.22440887,  0.        ]]]), 'num': array([ 7.15668287e-01,  6.98439604e-01,  7.47448279e-06, -1.20460244e-08,
        3.28165387e-05,  3.55927752e-05,  3.28165387e-05,  1.00582335e-03,
       -2.77623646e-06,  3.60910740e-05,  3.67139476e-05,  3.35734784e-05,
        4.29799549e-07,  3.91839426e-05,  3.42439526e-05])}
{'img': array([[[ 0.        , -0.90062399, -0.21771457, ...,  0.95809691,
          0.91331948,  0.69727152],
        [ 0.90062399,  0.        ,  0.78440169, ...,  0.67436668,
          0.76370142,  0.94860729],
        [ 0.21771457, -0.78440169,  0.        , ...,  0.99747763,
          0.98007413,  0.83660506],
        ...,
        [-0.95809691, -0.67436668, -0.99747763, ...,  0.        ,
         -0.12856391, -0.48704124],
        [-0.91331948, -0.76370142, -0.98007413, ...,  0.12856391,
          0.        , -0.37071438],
        [-0.69727152, -0.94860729, -0.83660506, ...,  0.48704124,
          0.37071438,  0.        ]],

       [[ 0.        ,  0.25664521,  0.12467127, ...,  0.0065685 ,
         -0.13471325, -0.17396367],
        [-0.25664521,  0.        , -0.1341474 , ..., -0.25029118,
         -0.38450692, -0.42086878],
        [-0.12467127,  0.1341474 ,  0.        , ..., -0.11815133,
         -0.25719708, -0.29537672],
        ...,
        [-0.0065685 ,  0.25029118,  0.11815133, ...,  0.        ,
         -0.14121897, -0.18042827],
        [ 0.13471325,  0.38450692,  0.25719708, ...,  0.14121897,
          0.        , -0.03971878],
        [ 0.17396367,  0.42086878,  0.29537672, ...,  0.18042827,
          0.03971878,  0.        ]],

       [[ 0.        , -0.3133029 , -0.49664713, ...,  0.9986157 ,
          0.98631949,  0.89913142],
        [ 0.3133029 ,  0.        , -0.19971051, ...,  0.93185913,
          0.98830792,  0.9909891 ],
        [ 0.49664713,  0.19971051,  0.        , ...,  0.84062774,
          0.9379483 ,  0.9977753 ],
        ...,
        [-0.9986157 , -0.93185913, -0.84062774, ...,  0.        ,
         -0.21649652, -0.48436655],
        [-0.98631949, -0.98830792, -0.9379483 , ...,  0.21649652,
          0.        , -0.28347376],
        [-0.89913142, -0.9909891 , -0.9977753 , ...,  0.48436655,
          0.28347376,  0.        ]],

       ...,

       [[ 0.        , -0.24020364,  0.40848628, ...,  0.97090787,
          0.87021104,  0.65280615],
        [ 0.24020364,  0.        ,  0.61577618, ...,  0.9999997 ,
          0.96307678,  0.81565389],
        [-0.40848628, -0.61577618,  0.        , ...,  0.78839679,
          0.59304504,  0.28641968],
        ...,
        [-0.97090787, -0.9999997 , -0.78839679, ...,  0.        ,
         -0.26997111, -0.57917037],
        [-0.87021104, -0.96307678, -0.59304504, ...,  0.26997111,
          0.        , -0.33758265],
        [-0.65280615, -0.81565389, -0.28641968, ...,  0.57917037,
          0.33758265,  0.        ]],

       [[ 0.        ,  0.07972492, -0.3505785 , ..., -0.97850774,
         -0.97516954, -0.98778291],
        [-0.07972492,  0.        , -0.42412762, ..., -0.95895297,
         -0.95440963, -0.97221467],
        [ 0.3505785 ,  0.42412762,  0.        , ..., -0.98869796,
         -0.99091778, -0.97972446],
        ...,
        [ 0.97850774,  0.95895297,  0.98869796, ...,  0.        ,
         -0.01561016,  0.05120388],
        [ 0.97516954,  0.95440963,  0.99091778, ...,  0.01561016,
          0.        ,  0.06678732],
        [ 0.98778291,  0.97221467,  0.97972446, ..., -0.05120388,
         -0.06678732,  0.        ]],

       [[ 0.        , -0.30530105, -0.46701875, ...,  0.98993667,
          0.99644476,  0.94116639],
        [ 0.30530105,  0.        , -0.17475969, ...,  0.9858765 ,
          0.92314916,  0.99940575],
        [ 0.46701875,  0.17475969,  0.        , ...,  0.94143727,
          0.84175796,  0.99004991],
        ...,
        [-0.98993667, -0.9858765 , -0.94143727, ...,  0.        ,
          0.22440887, -0.20135721],
        [-0.99644476, -0.92314916, -0.84175796, ..., -0.22440887,
          0.        , -0.41603411],
        [-0.94116639, -0.99940575, -0.99004991, ...,  0.20135721,
          0.41603411,  0.        ]]]), 'num': array([ 8.28678936e-01,  5.59724000e-01,  1.11138403e-04, -1.70708525e-08,
        3.92806974e-05,  3.95241728e-05,  3.79010035e-05,  4.89596561e-04,
        1.86664471e-06,  4.03682209e-05,  4.17641465e-05,  3.84285336e-05,
        5.99465941e-07,  4.47844629e-05,  3.87438301e-05])}
{'img': array([[[ 0.        ,  0.78440169,  0.45538355, ...,  0.76370142,
          0.94860729,  0.85984894],
        [-0.78440169,  0.        , -0.4158961 , ...,  0.98007413,
          0.83660506,  0.93379915],
        [-0.45538355,  0.4158961 ,  0.        , ...,  0.97390162,
          0.98864939,  0.99801492],
        ...,
        [-0.76370142, -0.98007413, -0.97390162, ...,  0.        ,
         -0.37071438, -0.16518572],
        [-0.94860729, -0.83660506, -0.98864939, ...,  0.37071438,
          0.        ,  0.21220596],
        [-0.85984894, -0.93379915, -0.99801492, ...,  0.16518572,
         -0.21220596,  0.        ]],

       [[ 0.        , -0.13370551, -0.27547955, ..., -0.38258622,
         -0.41858109, -0.72629028],
        [ 0.13370551,  0.        , -0.14447401, ..., -0.25561785,
         -0.29339409, -0.62786141],
        [ 0.27547955,  0.14447401,  0.        , ..., -0.11326177,
         -0.15220004, -0.50882651],
        ...,
        [ 0.38258622,  0.25561785,  0.11326177, ...,  0.        ,
         -0.03927842, -0.40804874],
        [ 0.41858109,  0.29339409,  0.15220004, ...,  0.03927842,
          0.        , -0.37187422],
        [ 0.72629028,  0.62786141,  0.50882651, ...,  0.40804874,
          0.37187422,  0.        ]],

       [[ 0.        , -0.19971051, -0.47512695, ...,  0.98830792,
          0.9909891 ,  0.96431468],
        [ 0.19971051,  0.        , -0.28982676, ...,  0.9379483 ,
          0.9977753 ,  0.99776361],
        [ 0.47512695,  0.28982676,  0.        , ...,  0.79718603,
          0.93562813,  0.97431115],
        ...,
        [-0.98830792, -0.9379483 , -0.79718603, ...,  0.        ,
         -0.28347376, -0.40869337],
        [-0.9909891 , -0.9977753 , -0.93562813, ...,  0.28347376,
          0.        , -0.13321027],
        [-0.96431468, -0.99776361, -0.97431115, ...,  0.40869337,
          0.13321027,  0.        ]],

       ...,

       [[ 0.        ,  0.61577618,  0.46731508, ...,  0.96307678,
          0.81565389,  0.92278088],
        [-0.61577618,  0.        , -0.17619465, ...,  0.59304504,
          0.28641968,  0.48980453],
        [-0.46731508,  0.17619465,  0.        , ...,  0.72563358,
          0.45075159,  0.63575389],
        ...,
        [-0.96307678, -0.59304504, -0.72563358, ...,  0.        ,
         -0.33758265, -0.12266025],
        [-0.81565389, -0.28641968, -0.45075159, ...,  0.33758265,
          0.        ,  0.21957388],
        [-0.92278088, -0.48980453, -0.63575389, ...,  0.12266025,
         -0.21957388,  0.        ]],

       [[ 0.        , -0.42412762, -0.47036363, ..., -0.95440963,
         -0.97221467, -0.97518204],
        [ 0.42412762,  0.        , -0.0516814 , ..., -0.99091778,
         -0.97972446, -0.97703102],
        [ 0.47036363,  0.0516814 ,  0.        , ..., -0.98264399,
         -0.96806083, -0.96471218],
        ...,
        [ 0.95440963,  0.99091778,  0.98264399, ...,  0.        ,
          0.06678732,  0.07978122],
        [ 0.97221467,  0.97972446,  0.96806083, ..., -0.06678732,
          0.        ,  0.01302866],
        [ 0.97518204,  0.97703102,  0.96471218, ..., -0.07978122,
         -0.01302866,  0.        ]],

       [[ 0.        , -0.17475969, -0.43851114, ...,  0.92314916,
          0.99940575,  0.99436702],
        [ 0.17475969,  0.        , -0.2747019 , ...,  0.84175796,
          0.99004991,  0.99758789],
        [ 0.43851114,  0.2747019 ,  0.        , ...,  0.66107584,
          0.91330699,  0.94014177],
        ...,
        [-0.92314916, -0.84175796, -0.66107584, ...,  0.        ,
         -0.41603411, -0.48012251],
        [-0.99940575, -0.99004991, -0.91330699, ...,  0.41603411,
          0.        , -0.0716532 ],
        [-0.99436702, -0.99758789, -0.94014177, ...,  0.48012251,
          0.0716532 ,  0.        ]]]), 'num': array([ 8.61654786e-01,  5.07494265e-01,  1.49120226e-04,  8.45383909e-09,
        4.03970044e-05,  4.16726993e-05,  3.92914022e-05,  7.51588393e-04,
       -7.65416926e-07,  4.13495232e-05,  4.35989985e-05,  4.05103995e-05,
        6.58096563e-07,  4.70882929e-05,  4.01097042e-05])}
{'img': array([[[ 0.        , -0.69985421,  0.        , ...,  0.88008941,
          0.96321015,  0.93528694],
        [ 0.69985421,  0.        ,  0.69985421, ...,  0.96093167,
          0.87609261,  0.91573372],
        [ 0.        , -0.69985421,  0.        , ...,  0.88008941,
          0.96321015,  0.93528694],
        ...,
        [-0.88008941, -0.96093167, -0.88008941, ...,  0.        ,
          0.22081642,  0.13262661],
        [-0.96321015, -0.87609261, -0.96321015, ..., -0.22081642,
          0.        , -0.08951297],
        [-0.93528694, -0.91573372, -0.93528694, ..., -0.13262661,
          0.08951297,  0.        ]],

       [[ 0.        , -0.14447401, -0.04842185, ..., -0.29339409,
         -0.62786141, -0.43985402],
        [ 0.14447401,  0.        ,  0.09639071, ..., -0.15220004,
         -0.50882651, -0.30549166],
        [ 0.04842185, -0.09639071,  0.        , ..., -0.24675906,
         -0.58943698, -0.39585189],
        ...,
        [ 0.29339409,  0.15220004,  0.24675906, ...,  0.        ,
         -0.37187422, -0.15700852],
        [ 0.62786141,  0.50882651,  0.58943698, ...,  0.37187422,
          0.        ,  0.2215136 ],
        [ 0.43985402,  0.30549166,  0.39585189, ...,  0.15700852,
         -0.2215136 ,  0.        ]],

       [[ 0.        , -0.28982676, -0.67541713, ...,  0.9977753 ,
          0.99776361,  0.9787251 ],
        [ 0.28982676,  0.        , -0.43269897, ...,  0.93562813,
          0.97431115,  0.99618285],
        [ 0.67541713,  0.43269897,  0.        , ...,  0.69076752,
          0.78093253,  0.86032638],
        ...,
        [-0.9977753 , -0.93562813, -0.69076752, ...,  0.        ,
         -0.13321027, -0.26996783],
        [-0.99776361, -0.97431115, -0.78093253, ...,  0.13321027,
          0.        , -0.13929774],
        [-0.9787251 , -0.99618285, -0.86032638, ...,  0.26996783,
          0.13929774,  0.        ]],

       ...,

       [[ 0.        , -0.44017108,  0.00675591, ...,  0.36455844,
          0.58517259,  0.63251879],
        [ 0.44017108,  0.        ,  0.44622725, ...,  0.73722083,
          0.88237321,  0.90887974],
        [-0.00675591, -0.44622725,  0.        , ...,  0.35825915,
          0.57968081,  0.6272716 ],
        ...,
        [-0.36455844, -0.73722083, -0.35825915, ...,  0.        ,
          0.24927767,  0.30662224],
        [-0.58517259, -0.88237321, -0.57968081, ..., -0.24927767,
          0.        ,  0.05967252],
        [-0.63251879, -0.90887974, -0.6272716 , ..., -0.30662224,
         -0.05967252,  0.        ]],

       [[ 0.        , -0.21900163, -0.52031086, ..., -0.98057383,
         -0.98314354, -0.98634554],
        [ 0.21900163,  0.        , -0.3206577 , ..., -0.99972715,
         -0.99931848, -0.99846867],
        [ 0.52031086,  0.3206577 ,  0.        , ..., -0.9394466 ,
         -0.93471315, -0.92800584],
        ...,
        [ 0.98057383,  0.99972715,  0.9394466 , ...,  0.        ,
          0.01356037,  0.03198225],
        [ 0.98314354,  0.99931848,  0.93471315, ..., -0.01356037,
          0.        ,  0.01842588],
        [ 0.98634554,  0.99846867,  0.92800584, ..., -0.03198225,
         -0.01842588,  0.        ]],

       [[ 0.        , -0.2747019 , -0.44825372, ...,  0.99004991,
          0.99758789,  0.99962596],
        [ 0.2747019 ,  0.        , -0.18545137, ...,  0.91330699,
          0.94014177,  0.96868251],
        [ 0.44825372,  0.18545137,  0.        , ...,  0.82193514,
          0.86063476,  0.90583114],
        ...,
        [-0.99004991, -0.91330699, -0.82193514, ...,  0.        ,
         -0.0716532 , -0.16774056],
        [-0.99758789, -0.94014177, -0.86063476, ...,  0.0716532 ,
          0.        , -0.09667144],
        [-0.99962596, -0.96868251, -0.90583114, ...,  0.16774056,
          0.09667144,  0.        ]]]), 'num': array([ 7.07106659e-01,  7.07106659e-01,  0.00000000e+00, -4.84534064e-09,
        3.40816170e-05,  3.41514564e-05,  3.26848294e-05,  5.79373522e-04,
        9.07911929e-07,  3.36346450e-05,  3.56704629e-05,  3.34274548e-05,
        6.48508521e-07,  3.85960161e-05,  3.27449097e-05])}
{'img': array([[[ 0.        ,  0.69985421,  0.89481927, ...,  0.87609261,
          0.91573372,  0.85546711],
        [-0.69985421,  0.        ,  0.32672171, ...,  0.96321015,
          0.93528694,  0.97347244],
        [-0.89481927, -0.32672171,  0.        , ...,  0.82254349,
          0.7683353 ,  0.84529351],
        ...,
        [-0.87609261, -0.96321015, -0.82254349, ...,  0.        ,
         -0.08951297,  0.04123346],
        [-0.91573372, -0.93528694, -0.7683353 , ...,  0.08951297,
          0.        ,  0.13050478],
