state_0,state_1,state_2,state_3,state_4,state_5,state_6,state_7,state_8,state_9,state_10,state_11,state_12,state_13,state_14,state_15,state_16,state_17,state_18,state_19,state_20,state_21,state_22,state_23,state_24,state_25,state_26,state_27,state_28,state_29,state_30,state_31,state_32,state_33,state_34,state_35,state_36,state_37,state_38,state_39,state_40,state_41,state_42,state_43,state_44,state_45,state_46,state_47,state_48,state_49,state_50,state_51,state_52,state_53,state_54,state_55,state_56,state_57,state_58,state_59,state_60,state_61,state_62,state_63,state_64,state_65,state_66,state_67,state_68,state_69,state_70,state_71,state_72,state_73,state_74,state_75,state_76,state_77,state_78,state_79,state_80,state_81,state_82,state_83,state_84,state_85,state_86,state_87,state_88,state_89,state_90,state_91,state_92,state_93,state_94,state_95,state_96,state_97,state_98,state_99,state_100,state_101,state_102,state_103,state_104,state_105,state_106,state_107,state_108,state_109,state_110,state_111,state_112,state_113,state_114,state_115,state_116,state_117,state_118,state_119,state_120,state_121,state_122,state_123,state_124,state_125,state_126,state_127,state_128,state_129,state_130,state_131,state_132,state_133,state_134,state_135,state_136,state_137,state_138,state_139,state_140,state_141,state_142,state_143,state_144,state_145,state_146,state_147,state_148,state_149,state_150,state_151,state_152,state_153,state_154,state_155,state_156,state_157,state_158,state_159,state_160,state_161,state_162,state_163,state_164,state_165,state_166,state_167,state_168,state_169,state_170,state_171,state_172,state_173,state_174,state_175,state_176,state_177,state_178,state_179,state_180,state_181,state_182,state_183,state_184,state_185,state_186,state_187,state_188,state_189,state_190,state_191,state_192,state_193,state_194,state_195,state_196,state_197,state_198,state_199,state_200,state_201,state_202,state_203,state_204,state_205,state_206,state_207,state_208,state_209,state_210,state_211,state_212,state_213,state_214,state_215,state_216,state_217,state_218,state_219,state_220,state_221,state_222,state_223,state_224,state_225,state_226,state_227,state_228,state_229,state_230,state_231,state_232,state_233,state_234,state_235,state_236,state_237,state_238,state_239,state_240,state_241,state_242,state_243,state_244,state_245,state_246,state_247,state_248,state_249,state_250,state_251,state_252,state_253,state_254,state_255,state_256,state_257,state_258,state_259,state_260,state_261,state_262,state_263,state_264,state_265,state_266,state_267,state_268,state_269,state_270,state_271,state_272,state_273,state_274,state_275,state_276,state_277,state_278,state_279,state_280,state_281,state_282,state_283,state_284,state_285,state_286,state_287
{'img': array([[[ 0.00000000e+00,  6.13026129e-02,  1.34794813e-01, ...,
         -2.00538214e-01, -3.54035143e-01, -1.65056937e-01],
        [-6.13026129e-02,  0.00000000e+00,  7.37981573e-02, ...,
         -2.60218351e-01, -4.10701456e-01, -2.25208291e-01],
        [-1.34794813e-01, -7.37981573e-02,  0.00000000e+00, ...,
         -3.30764583e-01, -4.76868491e-01, -2.96496522e-01],
        ...,
        [ 2.00538214e-01,  2.60218351e-01,  3.30764583e-01, ...,
          0.00000000e+00, -1.59293452e-01,  3.60836895e-02],
        [ 3.54035143e-01,  4.10701456e-01,  4.76868491e-01, ...,
          1.59293452e-01,  0.00000000e+00,  1.94812663e-01],
        [ 1.65056937e-01,  2.25208291e-01,  2.96496522e-01, ...,
         -3.60836895e-02, -1.94812663e-01,  0.00000000e+00]],

       [[ 0.00000000e+00,  3.34012870e-02, -4.19565341e-01, ...,
         -6.62024901e-01, -7.87893160e-01, -3.57807895e-01],
        [-3.34012870e-02,  0.00000000e+00, -4.49650420e-01, ...,
         -6.86689164e-01, -8.08022445e-01, -3.88798208e-01],
        [ 4.19565341e-01,  4.49650420e-01,  0.00000000e+00, ...,
         -2.86480040e-01, -4.56817073e-01,  6.69968888e-02],
        ...,
        [ 6.62024901e-01,  6.86689164e-01,  2.86480040e-01, ...,
          0.00000000e+00, -1.82828766e-01,  3.50025168e-01],
        [ 7.87893160e-01,  8.08022445e-01,  4.56817073e-01, ...,
          1.82828766e-01,  0.00000000e+00,  5.15388486e-01],
        [ 3.57807895e-01,  3.88798208e-01, -6.69968888e-02, ...,
         -3.50025168e-01, -5.15388486e-01,  0.00000000e+00]],

       [[ 0.00000000e+00,  5.72482517e-02,  1.49577975e-01, ...,
         -4.60453659e-01, -4.38404915e-01, -3.52196939e-01],
        [-5.72482517e-02,  0.00000000e+00,  9.27284577e-02, ...,
         -5.10516845e-01, -4.89139365e-01, -4.05199450e-01],
        [-1.49577975e-01, -9.27284577e-02,  0.00000000e+00, ...,
         -5.88051461e-01, -5.67910160e-01, -4.88228603e-01],
        ...,
        [ 4.60453659e-01,  5.10516845e-01,  5.88051461e-01, ...,
          0.00000000e+00,  2.46805069e-02,  1.18311014e-01],
        [ 4.38404915e-01,  4.89139365e-01,  5.67910160e-01, ...,
         -2.46805069e-02,  0.00000000e+00,  9.37678097e-02],
        [ 3.52196939e-01,  4.05199450e-01,  4.88228603e-01, ...,
         -1.18311014e-01, -9.37678097e-02,  0.00000000e+00]],

       ...,

       [[ 0.00000000e+00,  3.45496301e-02, -2.17765752e-01, ...,
         -5.50185106e-01, -9.62198056e-01, -8.95880265e-01],
        [-3.45496301e-02,  0.00000000e+00, -2.51356218e-01, ...,
         -5.78707054e-01, -9.71033223e-01, -9.10695657e-01],
        [ 2.17765752e-01,  2.51356218e-01,  0.00000000e+00, ...,
         -3.55137543e-01, -8.79797672e-01, -7.77627734e-01],
        ...,
        [ 5.50185106e-01,  5.78707054e-01,  3.55137543e-01, ...,
          0.00000000e+00, -6.53633188e-01, -5.03653492e-01],
        [ 9.62198056e-01,  9.71033223e-01,  8.79797672e-01, ...,
          6.53633188e-01,  0.00000000e+00,  1.83506717e-01],
        [ 8.95880265e-01,  9.10695657e-01,  7.77627734e-01, ...,
          5.03653492e-01, -1.83506717e-01,  0.00000000e+00]],

       [[ 0.00000000e+00,  9.92942093e-02,  2.32024703e-01, ...,
         -3.99952797e-01, -4.88360121e-01, -3.75912436e-01],
        [-9.92942093e-02,  0.00000000e+00,  1.34293605e-01, ...,
         -4.88982969e-01, -5.72595019e-01, -4.66066215e-01],
        [-2.32024703e-01, -1.34293605e-01,  0.00000000e+00, ...,
         -6.01696975e-01, -6.77507266e-01, -5.80660640e-01],
        ...,
        [ 3.99952797e-01,  4.88982969e-01,  6.01696975e-01, ...,
          0.00000000e+00, -9.85838190e-02,  2.60811533e-02],
        [ 4.88360121e-01,  5.72595019e-01,  6.77507266e-01, ...,
          9.85838190e-02,  0.00000000e+00,  1.24504389e-01],
        [ 3.75912436e-01,  4.66066215e-01,  5.80660640e-01, ...,
         -2.60811533e-02, -1.24504389e-01,  0.00000000e+00]],

       [[ 0.00000000e+00,  5.19698000e-01,  6.11096027e-01, ...,
          9.04540070e-01,  9.10511201e-01,  9.04219502e-01],
        [-5.19698000e-01,  0.00000000e+00,  1.10719600e-01, ...,
          9.94387161e-01,  9.92782298e-01,  9.94466361e-01],
        [-6.11096027e-01, -1.10719600e-01,  0.00000000e+00, ...,
          9.76558941e-01,  9.73399709e-01,  9.76720366e-01],
        ...,
        [-9.04540070e-01, -9.94387161e-01, -9.76558941e-01, ...,
          0.00000000e+00, -1.42184080e-02,  7.51222577e-04],
        [-9.10511201e-01, -9.92782298e-01, -9.73399709e-01, ...,
          1.42184080e-02,  0.00000000e+00,  1.49695507e-02],
        [-9.04219502e-01, -9.94466361e-01, -9.76720366e-01, ...,
         -7.51222577e-04, -1.49695507e-02,  0.00000000e+00]]]), 'num': array([ 7.06870384e-01,  7.06870384e-01,  0.00000000e+00,  0.00000000e+00,
        8.48742257e-03,  8.53720218e-03,  8.37541846e-03,  9.05008144e-03,
       -1.24449011e-04,  8.54964708e-03,  8.55835851e-03,  8.86512532e-03,
        8.49895687e-07,  8.79185882e-03,  8.32485820e-03])}
{'img': array([[[ 0.        ,  0.07379816,  0.26611134, ..., -0.41070146,
         -0.22520829, -0.41070146],
        [-0.07379816,  0.        ,  0.19424854, ..., -0.47686849,
         -0.29649652, -0.47686849],
        [-0.26611134, -0.19424854,  0.        , ..., -0.63852481,
         -0.47636291, -0.63852481],
        ...,
        [ 0.41070146,  0.47686849,  0.63852481, ...,  0.        ,
          0.19481266,  0.        ],
        [ 0.22520829,  0.29649652,  0.47636291, ..., -0.19481266,
          0.        , -0.19481266],
        [ 0.41070146,  0.47686849,  0.63852481, ...,  0.        ,
          0.19481266,  0.        ]],

       [[ 0.        , -0.44965042,  0.11374521, ..., -0.80802244,
         -0.38879821, -0.30292707],
        [ 0.44965042,  0.        ,  0.54832991, ..., -0.45681707,
          0.06699689,  0.15794717],
        [-0.11374521, -0.54832991,  0.        , ..., -0.86979152,
         -0.49107096, -0.40936181],
        ...,
        [ 0.80802244,  0.45681707,  0.86979152, ...,  0.        ,
          0.51538849,  0.59158649],
        [ 0.38879821, -0.06699689,  0.49107096, ..., -0.51538849,
          0.        ,  0.09143637],
        [ 0.30292707, -0.15794717,  0.40936181, ..., -0.59158649,
         -0.09143637,  0.        ]],

       [[ 0.        ,  0.09272846,  0.15483912, ..., -0.48913936,
         -0.40519945, -0.36992501],
        [-0.09272846,  0.        ,  0.06256187, ..., -0.56791016,
         -0.4882286 , -0.45448161],
        [-0.15483912, -0.06256187,  0.        , ..., -0.61829175,
         -0.54187093, -0.50931869],
        ...,
        [ 0.48913936,  0.56791016,  0.61829175, ...,  0.        ,
          0.09376781,  0.13178993],
        [ 0.40519945,  0.4882286 ,  0.54187093, ..., -0.09376781,
          0.        ,  0.03825934],
        [ 0.36992501,  0.45448161,  0.50931869, ..., -0.13178993,
         -0.03825934,  0.        ]],

       ...,

       [[ 0.        , -0.25135622,  0.24518637, ..., -0.97103322,
         -0.91069566, -0.99286936],
        [ 0.25135622,  0.        ,  0.48099839, ..., -0.87979767,
         -0.77762773, -0.93102938],
        [-0.24518637, -0.48099839,  0.        , ..., -0.99997931,
         -0.98417864, -0.99179104],
        ...,
        [ 0.97103322,  0.87979767,  0.99997931, ...,  0.        ,
          0.18350672, -0.12148619],
        [ 0.91069566,  0.77762773,  0.98417864, ..., -0.18350672,
          0.        , -0.30157067],
        [ 0.99286936,  0.93102938,  0.99179104, ...,  0.12148619,
          0.30157067,  0.        ]],

       [[ 0.        ,  0.1342936 ,  0.31109675, ..., -0.57259502,
         -0.46606622, -0.4710978 ],
        [-0.1342936 ,  0.        ,  0.18064899, ..., -0.67750727,
         -0.58066064, -0.58528824],
        [-0.31109675, -0.18064899,  0.        , ..., -0.7992309 ,
         -0.71818199, -0.72213363],
        ...,
        [ 0.57259502,  0.67750727,  0.7992309 , ...,  0.        ,
          0.12450439,  0.11885113],
        [ 0.46606622,  0.58066064,  0.71818199, ..., -0.12450439,
          0.        , -0.00569556],
        [ 0.4710978 ,  0.58528824,  0.72213363, ..., -0.11885113,
          0.00569556,  0.        ]],

       [[ 0.        ,  0.18868019,  0.1306291 , ...,  0.99230382,
          0.99025095,  0.98924527],
        [-0.18868019,  0.        , -0.05878063, ...,  0.99784434,
          0.99874682,  0.99907456],
        [-0.1306291 ,  0.05878063,  0.        , ...,  0.99997648,
          0.99996176,  0.99987535],
        ...,
        [-0.99230382, -0.99784434, -0.99997648, ...,  0.        ,
          0.01560301,  0.02264522],
        [-0.99025095, -0.99874682, -0.99996176, ..., -0.01560301,
          0.        ,  0.00704345],
        [-0.98924527, -0.99907456, -0.99987535, ..., -0.02264522,
         -0.00704345,  0.        ]]]), 'num': array([ 7.06879052e-01,  7.06879052e-01,  0.00000000e+00,  0.00000000e+00,
        8.32574095e-03,  8.38796622e-03,  8.28840579e-03,  8.06932306e-03,
       -1.61785699e-04,  8.49997170e-03,  8.55721895e-03,  8.85755958e-03,
        8.60398777e-07,  8.79535888e-03,  8.31907902e-03])}
{'img': array([[[ 0.        ,  0.19424854,  0.55898717, ..., -0.29649652,
         -0.47686849, -0.78720834],
        [-0.19424854,  0.        ,  0.38727349, ..., -0.47636291,
         -0.63852481, -0.89200445],
        [-0.55898717, -0.38727349,  0.        , ..., -0.77969961,
         -0.88674361, -0.9974547 ],
        ...,
        [ 0.29649652,  0.47636291,  0.77969961, ...,  0.        ,
         -0.19481266, -0.56896508],
        [ 0.47686849,  0.63852481,  0.88674361, ...,  0.19481266,
          0.        , -0.39785751],
        [ 0.78720834,  0.89200445,  0.9974547 , ...,  0.56896508,
          0.39785751,  0.        ]],

       [[ 0.        ,  0.54832991,  0.98666145, ...,  0.06699689,
          0.15794717, -0.00938068],
        [-0.54832991,  0.        ,  0.91436786, ..., -0.49107096,
         -0.40936181, -0.55615049],
        [-0.98666145, -0.91436786,  0.        , ..., -0.99535074,
         -0.99998799, -0.98509099],
        ...,
        [-0.06699689,  0.49107096,  0.99535074, ...,  0.        ,
          0.09143637, -0.07635354],
        [-0.15794717,  0.40936181,  0.99998799, ..., -0.09143637,
          0.        , -0.16720314],
        [ 0.00938068,  0.55615049,  0.98509099, ...,  0.07635354,
          0.16720314,  0.        ]],

       [[ 0.        ,  0.06256187,  0.21438378, ..., -0.4882286 ,
         -0.45448161, -0.57453239],
        [-0.06256187,  0.        ,  0.15285655, ..., -0.54187093,
         -0.50931869, -0.62461268],
        [-0.21438378, -0.15285655,  0.        , ..., -0.66397316,
         -0.63487836, -0.73664346],
        ...,
        [ 0.4882286 ,  0.54187093,  0.66397316, ...,  0.        ,
          0.03825934, -0.10179723],
        [ 0.45448161,  0.50931869,  0.63487836, ..., -0.03825934,
          0.        , -0.13978329],
        [ 0.57453239,  0.62461268,  0.73664346, ...,  0.10179723,
          0.13978329,  0.        ]],

       ...,

       [[ 0.        ,  0.48099839,  0.86195522, ..., -0.77762773,
         -0.93102938, -0.92439162],
        [-0.48099839,  0.        ,  0.51183597, ..., -0.98417864,
         -0.99179104, -0.99390832],
        [-0.86195522, -0.51183597,  0.        , ..., -0.93617792,
         -0.78658297, -0.79744048],
        ...,
        [ 0.77762773,  0.98417864,  0.93617792, ...,  0.        ,
         -0.30157067, -0.28456605],
        [ 0.93102938,  0.99179104,  0.78658297, ...,  0.30157067,
          0.        ,  0.01778493],
        [ 0.92439162,  0.99390832,  0.79744048, ...,  0.28456605,
         -0.01778493,  0.        ]],

       [[ 0.        ,  0.18064899,  0.43465048, ..., -0.58066064,
         -0.58528824, -0.55756836],
        [-0.18064899,  0.        ,  0.26480712, ..., -0.71818199,
         -0.72213363, -0.69835737],
        [-0.43465048, -0.26480712,  0.        , ..., -0.87681134,
         -0.87953574, -0.86296248],
        ...,
        [ 0.58066064,  0.71818199,  0.87681134, ...,  0.        ,
         -0.00569556,  0.02808253],
        [ 0.58528824,  0.72213363,  0.87953574, ...,  0.00569556,
          0.        ,  0.03377539],
        [ 0.55756836,  0.69835737,  0.86296248, ..., -0.02808253,
         -0.03377539,  0.        ]],

       [[ 0.        , -0.05878063, -0.43829599, ...,  0.99874682,
          0.99907456,  0.99838712],
        [ 0.05878063,  0.        , -0.38470431, ...,  0.99996176,
          0.99987535,  0.99999798],
        [ 0.43829599,  0.38470431,  0.        , ...,  0.91964007,
          0.91685086,  0.92226431],
        ...,
        [-0.99874682, -0.99996176, -0.91964007, ...,  0.        ,
          0.00704345, -0.00673458],
        [-0.99907456, -0.99987535, -0.91685086, ..., -0.00704345,
          0.        , -0.01377771],
        [-0.99838712, -0.99999798, -0.92226431, ...,  0.00673458,
          0.01377771,  0.        ]]]), 'num': array([ 7.06870720e-01,  7.06870720e-01,  0.00000000e+00,  0.00000000e+00,
        8.21363865e-03,  8.27586319e-03,  8.17630393e-03,  9.81694092e-03,
       -1.12004163e-04,  8.42520207e-03,  8.54342869e-03,  8.84687701e-03,
        7.35380871e-07,  8.82375695e-03,  8.26310042e-03])}
{'img': array([[[ 0.        ,  0.37058799,  0.24997488, ..., -0.58518641,
         -0.78762287, -0.98322628],
        [-0.37058799,  0.        , -0.12664667, ..., -0.84402895,
         -0.95988266, -0.98080949],
        [-0.24997488,  0.12664667,  0.        , ..., -0.76931243,
         -0.9166416 , -0.99760403],
        ...,
        [ 0.58518641,  0.84402895,  0.76931243, ...,  0.        ,
         -0.27811537, -0.69056489],
        [ 0.78762287,  0.95988266,  0.9166416 , ...,  0.27811537,
          0.        , -0.46216788],
        [ 0.98322628,  0.98080949,  0.99760403, ...,  0.69056489,
          0.46216788,  0.        ]],

       [[ 0.        ,  0.91436786,  0.25309093, ..., -0.40936181,
         -0.55615049, -0.29552999],
        [-0.91436786,  0.        , -0.78212574, ..., -0.99998799,
         -0.98509099, -0.99318171],
        [-0.25309093,  0.78212574,  0.        , ..., -0.62694712,
         -0.74838283, -0.5276945 ],
        ...,
        [ 0.40936181,  0.99998799,  0.62694712, ...,  0.        ,
         -0.16720314,  0.12144371],
        [ 0.55615049,  0.98509099,  0.74838283, ...,  0.16720314,
          0.        ,  0.28569964],
        [ 0.29552999,  0.99318171,  0.5276945 , ..., -0.12144371,
         -0.28569964,  0.        ]],

       [[ 0.        ,  0.15085702,  0.28798023, ..., -0.49669337,
         -0.60569996, -0.88642346],
        [-0.15085702,  0.        ,  0.1402183 , ..., -0.62194176,
         -0.71880398, -0.94610684],
        [-0.28798023, -0.1402183 ,  0.        , ..., -0.72559719,
         -0.8091842 , -0.98217024],
        ...,
        [ 0.49669337,  0.62194176,  0.72559719, ...,  0.        ,
         -0.13048729, -0.539443  ],
        [ 0.60569996,  0.71880398,  0.8091842 , ...,  0.13048729,
          0.        , -0.42495757],
        [ 0.88642346,  0.94610684,  0.98217024, ...,  0.539443  ,
          0.42495757,  0.        ]],

       ...,

       [[ 0.        ,  0.51183597, -0.10275402, ..., -0.99179104,
         -0.99390832, -0.94159863],
        [-0.51183597,  0.        , -0.59740097, ..., -0.78658297,
         -0.79744048, -0.63655728],
        [ 0.10275402,  0.59740097,  0.        , ..., -0.99968036,
         -0.99997189, -0.97121567],
        ...,
        [ 0.99179104,  0.78658297,  0.99968036, ...,  0.        ,
          0.01778493, -0.21357162],
        [ 0.99390832,  0.79744048,  0.99997189, ..., -0.01778493,
          0.        , -0.23091242],
        [ 0.94159863,  0.63655728,  0.97121567, ...,  0.21357162,
          0.23091242,  0.        ]],

       [[ 0.        ,  0.26480712,  0.40373803, ..., -0.72213363,
         -0.69835737, -0.5711884 ],
        [-0.26480712,  0.        ,  0.14705983, ..., -0.87953574,
         -0.86296248, -0.76815648],
        [-0.40373803, -0.14705983,  0.        , ..., -0.93994897,
         -0.92788464, -0.85396162],
        ...,
        [ 0.72213363,  0.87953574,  0.93994897, ...,  0.        ,
          0.03377539,  0.19761937],
        [ 0.69835737,  0.86296248,  0.92788464, ..., -0.03377539,
          0.        ,  0.16439732],
        [ 0.5711884 ,  0.76815648,  0.85396162, ..., -0.19761937,
         -0.16439732,  0.        ]],

       [[ 0.        , -0.38470431, -0.05568246, ...,  0.99987535,
          0.99999798,  0.99213964],
        [ 0.38470431,  0.        ,  0.33271031, ...,  0.91685086,
          0.92226431,  0.96392467],
        [ 0.05568246, -0.33271031,  0.        , ...,  0.99744492,
          0.99833452,  0.99756823],
        ...,
        [-0.99987535, -0.91685086, -0.99744492, ...,  0.        ,
         -0.01377771, -0.14078458],
        [-0.99999798, -0.92226431, -0.99833452, ...,  0.01377771,
          0.        , -0.12713073],
        [-0.99213964, -0.96392467, -0.99756823, ...,  0.14078458,
          0.12713073,  0.        ]]]), 'num': array([7.06896206e-01, 7.06896206e-01, 0.00000000e+00, 0.00000000e+00,
       8.22638014e-03, 8.33838834e-03, 8.20148943e-03, 4.92191418e-03,
       1.24453557e-05, 8.37323534e-03, 8.53378043e-03, 8.83392092e-03,
       8.09697843e-07, 8.84287657e-03, 8.22468429e-03])}
{'img': array([[[ 0.        , -0.12664667, -0.11412382, ..., -0.95988266,
         -0.98080949, -0.99929889],
        [ 0.12664667,  0.        ,  0.01261434, ..., -0.9166416 ,
         -0.99760403, -0.99599403],
        [ 0.11412382, -0.01261434,  0.        , ..., -0.92161075,
         -0.99665196, -0.99704276],
        ...,
        [ 0.95988266,  0.9166416 ,  0.92161075, ...,  0.        ,
         -0.46216788, -0.31614302],
        [ 0.98080949,  0.99760403,  0.99665196, ...,  0.46216788,
          0.        ,  0.15811076],
        [ 0.99929889,  0.99599403,  0.99704276, ...,  0.31614302,
         -0.15811076,  0.        ]],

       [[ 0.        , -0.77300145, -0.53191521, ..., -0.99159839,
         -0.98927387, -0.44038799],
        [ 0.77300145,  0.        ,  0.31712652, ..., -0.7290656 ,
         -0.51468522, -0.97339056],
        [ 0.53191521, -0.31712652,  0.        , ..., -0.90848889,
         -0.76001653, -0.850477  ],
        ...,
        [ 0.99159839,  0.7290656 ,  0.90848889, ...,  0.        ,
          0.27281257, -0.83329827],
        [ 0.98927387,  0.51468522,  0.76001653, ..., -0.27281257,
          0.        , -0.95250618],
        [ 0.44038799,  0.97339056,  0.850477  , ...,  0.83329827,
          0.95250618,  0.        ]],

       [[ 0.        ,  0.1343747 ,  0.2548278 , ..., -0.65906159,
         -0.79878221, -0.95960652],
        [-0.1343747 ,  0.        ,  0.12257815, ..., -0.75414602,
         -0.87238027, -0.98870918],
        [-0.2548278 , -0.12257815,  0.        , ..., -0.8289568 ,
         -0.92572114, -0.99962117],
        ...,
        [ 0.65906159,  0.75414602,  0.8289568 , ...,  0.        ,
         -0.20425045, -0.53628542],
        [ 0.79878221,  0.87238027,  0.92572114, ...,  0.20425045,
          0.        , -0.35258493],
        [ 0.95960652,  0.98870918,  0.99962117, ...,  0.53628542,
          0.35258493,  0.        ]],

       ...,

       [[ 0.        , -0.59740097, -0.3717715 , ..., -0.79744048,
         -0.63655728, -0.74101108],
        [ 0.59740097,  0.        ,  0.25644239, ..., -0.99997189,
         -0.97121567, -0.99539887],
        [ 0.3717715 , -0.25644239,  0.        , ..., -0.96460939,
         -0.87765269, -0.93754046],
        ...,
        [ 0.79744048,  0.99997189,  0.96460939, ...,  0.        ,
         -0.23091242, -0.08835122],
        [ 0.63655728,  0.97121567,  0.87765269, ...,  0.23091242,
          0.        ,  0.14404592],
        [ 0.74101108,  0.99539887,  0.93754046, ...,  0.08835122,
         -0.14404592,  0.        ]],

       [[ 0.        ,  0.14705983,  0.25617414, ..., -0.86296248,
         -0.76815648, -0.71932262],
        [-0.14705983,  0.        ,  0.11123637, ..., -0.92788464,
         -0.85396162, -0.81366082],
        [-0.25617414, -0.11123637,  0.        , ..., -0.96360258,
         -0.9065422 , -0.87327736],
        ...,
        [ 0.86296248,  0.92788464,  0.96360258, ...,  0.        ,
          0.16439732,  0.23602876],
        [ 0.76815648,  0.85396162,  0.9065422 , ..., -0.16439732,
          0.        ,  0.07306495],
        [ 0.71932262,  0.81366082,  0.87327736, ..., -0.23602876,
         -0.07306495,  0.        ]],

       [[ 0.        ,  0.33271031,  0.56386489, ...,  0.92226431,
          0.96392467,  0.98315465],
        [-0.33271031,  0.        ,  0.25696651, ...,  0.99833452,
          0.99756823,  0.98795477],
        [-0.56386489, -0.25696651,  0.        , ...,  0.97963525,
          0.94616047,  0.9150158 ],
        ...,
        [-0.92226431, -0.99833452, -0.97963525, ...,  0.        ,
         -0.12713073, -0.21148069],
        [-0.96392467, -0.99756823, -0.94616047, ...,  0.12713073,
          0.        , -0.08550942],
        [-0.98315465, -0.98795477, -0.9150158 , ...,  0.21148069,
          0.08550942,  0.        ]]]), 'num': array([7.06830365e-01, 7.06830365e-01, 0.00000000e+00, 0.00000000e+00,
       8.61138403e-03, 8.61138403e-03, 8.31272331e-03, 1.40660736e-02,
       3.85770094e-04, 8.37245546e-03, 8.52800791e-03, 8.82003173e-03,
       1.28886322e-06, 8.82853977e-03, 8.22747606e-03])}
{'img': array([[[ 0.        ,  0.01261434, -0.21276225, ..., -0.99760403,
         -0.99599403, -0.65152874],
        [-0.01261434,  0.        , -0.22507085, ..., -0.99665196,
         -0.99704276, -0.66104644],
        [ 0.21276225,  0.22507085,  0.        , ..., -0.98948229,
         -0.9541646 , -0.4752048 ],
        ...,
        [ 0.99760403,  0.99665196,  0.98948229, ...,  0.        ,
          0.15811076,  0.80188063],
        [ 0.99599403,  0.99704276,  0.9541646 , ..., -0.15811076,
          0.        ,  0.69732539],
        [ 0.65152874,  0.66104644,  0.4752048 , ..., -0.80188063,
         -0.69732539,  0.        ]],

       [[ 0.        ,  0.31712652, -0.16280112, ..., -0.51468522,
         -0.97339056,  0.07267302],
        [-0.31712652,  0.        , -0.46729356, ..., -0.76001653,
         -0.850477  , -0.24736611],
        [ 0.16280112,  0.46729356,  0.        , ..., -0.36823646,
         -0.99771073,  0.23407413],
        ...,
        [ 0.51468522,  0.76001653,  0.36823646, ...,  0.        ,
         -0.95250618,  0.57563264],
        [ 0.97339056,  0.850477  ,  0.99771073, ...,  0.95250618,
          0.        ,  0.95416355],
        [-0.07267302,  0.24736611, -0.23407413, ..., -0.57563264,
         -0.95416355,  0.        ]],

       [[ 0.        ,  0.12257815,  0.17399085, ..., -0.87238027,
         -0.98870918, -0.98870918],
        [-0.12257815,  0.        ,  0.05197026, ..., -0.92572114,
         -0.99962117, -0.99962117],
        [-0.17399085, -0.05197026,  0.        , ..., -0.94412566,
         -0.99970069, -0.99970069],
        ...,
        [ 0.87238027,  0.92572114,  0.94412566, ...,  0.        ,
         -0.35258493, -0.35258493],
        [ 0.98870918,  0.99962117,  0.99970069, ...,  0.35258493,
          0.        ,  0.        ],
        [ 0.98870918,  0.99962117,  0.99970069, ...,  0.35258493,
          0.        ,  0.        ]],

       ...,

       [[ 0.        ,  0.49495112, -0.30084294, ..., -0.93946208,
         -0.9796502 , -0.86489002],
        [-0.49495112,  0.        , -0.73343056, ..., -0.64672173,
         -0.75189559, -0.9999673 ],
        [ 0.30084294,  0.73343056,  0.        , ..., -0.99902498,
         -0.99464955, -0.67381131],
        ...,
        [ 0.93946208,  0.64672173,  0.99902498, ...,  0.        ,
          0.14711822,  0.76793077],
        [ 0.9796502 ,  0.75189559,  0.99464955, ..., -0.14711822,
          0.        ,  0.66534081],
        [ 0.86489002,  0.9999673 ,  0.67381131, ..., -0.76793077,
         -0.66534081,  0.        ]],

       [[ 0.        ,  0.11123637,  0.13830683, ..., -0.85396162,
         -0.81366082, -0.8422601 ],
        [-0.11123637,  0.        ,  0.02728117, ..., -0.9065422 ,
         -0.87327736, -0.89699735],
        [-0.13830683, -0.02728117,  0.        , ..., -0.91772059,
         -0.88624435, -0.90872275],
        ...,
        [ 0.85396162,  0.9065422 ,  0.91772059, ...,  0.        ,
          0.07306495,  0.022088  ],
        [ 0.81366082,  0.87327736,  0.88624435, ..., -0.07306495,
          0.        , -0.05101816],
        [ 0.8422601 ,  0.89699735,  0.90872275, ..., -0.022088  ,
          0.05101816,  0.        ]],

       [[ 0.        ,  0.47607866,  0.73979152, ...,  0.9696092 ,
          0.98730851,  0.98600699],
        [-0.47607866,  0.        ,  0.33025172, ...,  0.96915385,
          0.94384976,  0.9464614 ],
        [-0.73979152, -0.33025172,  0.        , ...,  0.83338475,
          0.78178618,  0.78674733],
        ...,
        [-0.9696092 , -0.96915385, -0.83338475, ...,  0.        ,
         -0.08756627, -0.07959776],
        [-0.98730851, -0.94384976, -0.78178618, ...,  0.08756627,
          0.        ,  0.00799643],
        [-0.98600699, -0.9464614 , -0.78674733, ...,  0.07959776,
         -0.00799643,  0.        ]]]), 'num': array([7.06741116e-01, 7.06741116e-01, 0.00000000e+00, 0.00000000e+00,
       8.79693607e-03, 8.92136232e-03, 8.64762457e-03, 2.08573239e-02,
       1.86639379e-04, 8.43361141e-03, 8.52879750e-03, 8.81103771e-03,
       1.41348223e-06, 8.83544952e-03, 8.22214547e-03])}
{'img': array([[[ 0.        , -0.22507085, -0.12555949, ..., -0.99704276,
         -0.66104644, -0.48205321],
        [ 0.22507085,  0.        ,  0.10095172, ..., -0.9541646 ,
         -0.4752048 , -0.27249087],
        [ 0.12555949, -0.10095172,  0.        , ..., -0.97950315,
         -0.56160205, -0.36823035],
        ...,
        [ 0.99704276,  0.9541646 ,  0.97950315, ...,  0.        ,
          0.69732539,  0.83650575],
        [ 0.66104644,  0.4752048 ,  0.56160205, ..., -0.69732539,
          0.        ,  0.21746431],
        [ 0.48205321,  0.27249087,  0.36823035, ..., -0.83650575,
         -0.21746431,  0.        ]],

       [[ 0.        , -0.40070087, -0.76062317, ..., -0.93759642,
         -0.20563866,  0.93759642],
        [ 0.40070087,  0.        , -0.43675728, ..., -0.99836809,
          0.20372911,  0.99836809],
        [ 0.76062317,  0.43675728,  0.        , ..., -0.87316964,
          0.61086781,  0.87316964],
        ...,
        [ 0.93759642,  0.99836809,  0.87316964, ...,  0.        ,
          0.98906388,  0.        ],
        [ 0.20563866, -0.20372911, -0.61086781, ..., -0.98906388,
          0.        ,  0.98906388],
        [-0.93759642, -0.99836809, -0.87316964, ..., -0.        ,
         -0.98906388,  0.        ]],

       [[ 0.        ,  0.05197026,  0.0855584 , ..., -0.99962117,
         -0.99962117, -0.91264292],
        [-0.05197026,  0.        ,  0.03366309, ..., -0.99970069,
         -0.99970069, -0.93265285],
        [-0.0855584 , -0.03366309,  0.        , ..., -0.99831054,
         -0.99831054, -0.94426906],
        ...,
        [ 0.99962117,  0.99970069,  0.99831054, ...,  0.        ,
          0.        ,  0.38348429],
        [ 0.99962117,  0.99970069,  0.99831054, ...,  0.        ,
          0.        ,  0.38348429],
        [ 0.91264292,  0.93265285,  0.94426906, ..., -0.38348429,
         -0.38348429,  0.        ]],

       ...,

       [[ 0.        , -0.73343056, -0.59703142, ..., -0.75189559,
         -0.9999673 , -0.9833219 ],
        [ 0.73343056,  0.        ,  0.18253039, ..., -0.99464955,
         -0.67381131, -0.53503546],
        [ 0.59703142, -0.18253039,  0.        , ..., -0.99679626,
         -0.79736376, -0.68025405],
        ...,
        [ 0.75189559,  0.99464955,  0.99679626, ...,  0.        ,
          0.66534081,  0.78503667],
        [ 0.9999673 ,  0.67381131,  0.79736376, ..., -0.66534081,
          0.        ,  0.17391619],
        [ 0.9833219 ,  0.53503546,  0.68025405, ..., -0.78503667,
         -0.17391619,  0.        ]],

       [[ 0.        ,  0.02728117,  0.10206993, ..., -0.87327736,
         -0.89699735, -0.88280816],
        [-0.02728117,  0.        ,  0.07489325, ..., -0.88624435,
         -0.90872275, -0.89529446],
        [-0.10206993, -0.07489325,  0.        , ..., -0.91844729,
         -0.93743112, -0.92614314],
        ...,
        [ 0.87327736,  0.88624435,  0.91844729, ...,  0.        ,
         -0.05101816, -0.019917  ],
        [ 0.89699735,  0.90872275,  0.93743112, ...,  0.05101816,
          0.        ,  0.03111698],
        [ 0.88280816,  0.89529446,  0.92614314, ...,  0.019917  ,
         -0.03111698,  0.        ]],

       [[ 0.        ,  0.62555692,  0.69993886, ...,  0.99448942,
          0.99356845,  0.99467061],
        [-0.62555692,  0.        ,  0.09930278, ...,  0.84146078,
          0.84599452,  0.84051789],
        [-0.69993886, -0.09930278,  0.        , ...,  0.78364656,
          0.78886558,  0.7825628 ],
        ...,
        [-0.99448942, -0.84146078, -0.78364656, ...,  0.        ,
          0.00844642, -0.00174269],
        [-0.99356845, -0.84599452, -0.78886558, ..., -0.00844642,
          0.        , -0.01018904],
        [-0.99467061, -0.84051789, -0.7825628 , ...,  0.00174269,
          0.01018904,  0.        ]]]), 'num': array([7.06832130e-01, 7.06832130e-01, 0.00000000e+00, 0.00000000e+00,
       8.81051317e-03, 8.95984390e-03, 8.73584780e-03, 1.31791091e-02,
       1.24442276e-05, 8.53176247e-03, 8.52989584e-03, 8.80429106e-03,
       1.48096593e-06, 8.83658735e-03, 8.22320432e-03])}
{'img': array([[[ 0.        ,  0.10095172,  0.31057851, ..., -0.4752048 ,
         -0.27249087, -0.25924446],
        [-0.10095172,  0.        ,  0.21303244, ..., -0.56160205,
         -0.36823035, -0.35542042],
        [-0.31057851, -0.21303244,  0.        , ..., -0.72497518,
         -0.55784129, -0.5463846 ],
        ...,
        [ 0.4752048 ,  0.56160205,  0.72497518, ...,  0.        ,
          0.21746431,  0.2308556 ],
        [ 0.27249087,  0.36823035,  0.55784129, ..., -0.21746431,
          0.        ,  0.01374066],
        [ 0.25924446,  0.35542042,  0.5463846 , ..., -0.2308556 ,
         -0.01374066,  0.        ]],

       [[ 0.        , -0.43675728, -0.06093959, ...,  0.20372911,
          0.99836809,  0.09319539],
        [ 0.43675728,  0.        ,  0.38112555, ...,  0.61086781,
          0.87316964,  0.51869309],
        [ 0.06093959, -0.38112555,  0.        , ...,  0.263012  ,
          0.99303252,  0.15369656],
        ...,
        [-0.20372911, -0.61086781, -0.263012  , ...,  0.        ,
          0.98906388, -0.11160162],
        [-0.99836809, -0.87316964, -0.99303252, ..., -0.98906388,
          0.        , -0.9993451 ],
        [-0.09319539, -0.51869309, -0.15369656, ...,  0.11160162,
          0.9993451 ,  0.        ]],

       [[ 0.        ,  0.03366309,  0.02754046, ..., -0.99970069,
         -0.93265285, -0.81857881],
        [-0.03366309,  0.        , -0.00612547, ..., -0.99831054,
         -0.94426906, -0.83745075],
        [-0.02754046,  0.00612547,  0.        , ..., -0.99864772,
         -0.942235  , -0.8340874 ],
        ...,
        [ 0.99970069,  0.99831054,  0.99864772, ...,  0.        ,
          0.38348429,  0.5942487 ],
        [ 0.93265285,  0.94426906,  0.942235  , ..., -0.38348429,
          0.        ,  0.24038758],
        [ 0.81857881,  0.83745075,  0.8340874 , ..., -0.5942487 ,
         -0.24038758,  0.        ]],

       ...,

       [[ 0.        ,  0.1908163 ,  0.13545629, ..., -0.68431951,
         -0.54528647, -0.46092088],
        [-0.1908163 ,  0.        , -0.05609022, ..., -0.81088553,
         -0.69521896, -0.62179006],
        [-0.13545629,  0.05609022,  0.        , ..., -0.77678469,
         -0.65380694, -0.57688222],
        ...,
        [ 0.68431951,  0.81088553,  0.77678469, ...,  0.        ,
          0.17601744,  0.27119801],
        [ 0.54528647,  0.69521896,  0.65380694, ..., -0.17601744,
          0.        ,  0.09754288],
        [ 0.46092088,  0.62179006,  0.57688222, ..., -0.27119801,
         -0.09754288,  0.        ]],

       [[ 0.        ,  0.07489325,  0.17331981, ..., -0.90872275,
         -0.89529446, -0.89529446],
        [-0.07489325,  0.        ,  0.09907326, ..., -0.93743112,
         -0.92614314, -0.92614314],
        [-0.17331981, -0.09907326,  0.        , ..., -0.9673135 ,
         -0.95895433, -0.95895433],
        ...,
        [ 0.90872275,  0.93743112,  0.9673135 , ...,  0.        ,
          0.03111698,  0.03111698],
        [ 0.89529446,  0.92614314,  0.95895433, ..., -0.03111698,
          0.        ,  0.        ],
        [ 0.89529446,  0.92614314,  0.95895433, ..., -0.03111698,
          0.        ,  0.        ]],

       [[ 0.        ,  0.37782417,  0.59493376, ...,  0.99999303,
          0.99997076,  0.99997076],
        [-0.37782417,  0.        ,  0.24715018, ...,  0.92728119,
          0.92296085,  0.92296085],
        [-0.59493376, -0.24715018,  0.        , ...,  0.8059898 ,
          0.79920143,  0.79920143],
        ...,
        [-0.99999303, -0.92728119, -0.8059898 , ...,  0.        ,
         -0.01138003, -0.01138003],
        [-0.99997076, -0.92296085, -0.79920143, ...,  0.01138003,
          0.        ,  0.        ],
        [-0.99997076, -0.92296085, -0.79920143, ...,  0.01138003,
          0.        ,  0.        ]]]), 'num': array([7.06763390e-01, 7.06763390e-01, 0.00000000e+00, 0.00000000e+00,
       9.07095971e-03, 9.19538988e-03, 8.90920048e-03, 1.87577492e-02,
       2.61303366e-04, 8.70264639e-03, 8.55084158e-03, 8.80364222e-03,
       1.70176562e-06, 8.93634224e-03, 8.16534091e-03])}
{'img': array([[[ 0.00000000e+00,  2.13032438e-01,  6.80709523e-01, ...,
         -3.68230348e-01, -3.55420420e-01, -8.83079323e-02],
        [-2.13032438e-01,  0.00000000e+00,  5.09026277e-01, ...,
         -5.57841293e-01, -5.46384603e-01, -2.98481002e-01],
        [-6.80709523e-01, -5.09026277e-01,  0.00000000e+00, ...,
         -9.02627599e-01, -8.96628098e-01, -7.42740423e-01],
        ...,
        [ 3.68230348e-01,  5.57841293e-01,  9.02627599e-01, ...,
          0.00000000e+00,  1.37406568e-02,  2.84688814e-01],
        [ 3.55420420e-01,  5.46384603e-01,  8.96628098e-01, ...,
         -1.37406568e-02,  0.00000000e+00,  2.71489869e-01],
        [ 8.83079323e-02,  2.98481002e-01,  7.42740423e-01, ...,
         -2.84688814e-01, -2.71489869e-01,  0.00000000e+00]],

       [[ 0.00000000e+00,  3.81125546e-01,  9.24606676e-01, ...,
          8.73169637e-01,  5.18693094e-01,  9.72773290e-01],
        [-3.81125546e-01,  0.00000000e+00,  7.09640841e-01, ...,
          9.93032524e-01,  1.53696556e-01,  8.11022378e-01],
        [-9.24606676e-01, -7.09640841e-01,  0.00000000e+00, ...,
          7.83279077e-01, -5.92919956e-01,  1.56266224e-01],
        ...,
        [-8.73169637e-01, -9.93032524e-01, -7.83279077e-01, ...,
          0.00000000e+00, -9.99345099e-01, -6.76510412e-01],
        [-5.18693094e-01, -1.53696556e-01,  5.92919956e-01, ...,
          9.99345099e-01,  0.00000000e+00,  7.11471076e-01],
        [-9.72773290e-01, -8.11022378e-01, -1.56266224e-01, ...,
          6.76510412e-01, -7.11471076e-01,  0.00000000e+00]],

       [[ 0.00000000e+00, -6.12546662e-03,  1.35319633e-01, ...,
         -9.44269063e-01, -8.37450754e-01, -6.39043673e-01],
        [ 6.12546662e-03,  0.00000000e+00,  1.41386219e-01, ...,
         -9.42235000e-01, -8.34087397e-01, -6.34320156e-01],
        [-1.35319633e-01, -1.41386219e-01,  0.00000000e+00, ...,
         -9.80127463e-01, -9.03701790e-01, -7.37249611e-01],
        ...,
        [ 9.44269063e-01,  9.42235000e-01,  9.80127463e-01, ...,
          0.00000000e+00,  2.40387583e-01,  5.15946897e-01],
        [ 8.37450754e-01,  8.34087397e-01,  9.03701790e-01, ...,
         -2.40387583e-01,  0.00000000e+00,  2.94896831e-01],
        [ 6.39043673e-01,  6.34320156e-01,  7.37249611e-01, ...,
         -5.15946897e-01, -2.94896831e-01,  0.00000000e+00]],

       ...,

       [[ 0.00000000e+00, -5.60902220e-02,  1.64148785e-01, ...,
         -6.95218964e-01, -6.21790060e-01, -3.15050993e-01],
        [ 5.60902220e-02,  0.00000000e+00,  2.19219758e-01, ...,
         -6.53806943e-01, -5.76882216e-01, -2.61321196e-01],
        [-1.64148785e-01, -2.19219758e-01,  0.00000000e+00, ...,
         -8.03778551e-01, -7.41914542e-01, -4.66566979e-01],
        ...,
        [ 6.95218964e-01,  6.53806943e-01,  8.03778551e-01, ...,
          0.00000000e+00,  9.75428801e-02,  4.33356731e-01],
        [ 6.21790060e-01,  5.76882216e-01,  7.41914542e-01, ...,
         -9.75428801e-02,  0.00000000e+00,  3.43382357e-01],
        [ 3.15050993e-01,  2.61321196e-01,  4.66566979e-01, ...,
         -4.33356731e-01, -3.43382357e-01,  0.00000000e+00]],

       [[ 0.00000000e+00,  9.90732636e-02,  3.21938156e-01, ...,
         -9.26143140e-01, -9.26143140e-01, -7.86521073e-01],
        [-9.90732636e-02,  0.00000000e+00,  2.26555594e-01, ...,
         -9.58954330e-01, -9.58954330e-01, -8.43835526e-01],
        [-3.21938156e-01, -2.26555594e-01,  0.00000000e+00, ...,
         -9.98262057e-01, -9.98262057e-01, -9.43464477e-01],
        ...,
        [ 9.26143140e-01,  9.58954330e-01,  9.98262057e-01, ...,
          0.00000000e+00,  0.00000000e+00,  2.75298242e-01],
        [ 9.26143140e-01,  9.58954330e-01,  9.98262057e-01, ...,
          0.00000000e+00,  0.00000000e+00,  2.75298242e-01],
        [ 7.86521073e-01,  8.43835526e-01,  9.43464477e-01, ...,
