state_0,state_1,state_2,state_3,state_4,state_5,state_6,state_7,state_8,state_9,state_10,state_11,state_12,state_13,state_14,state_15,state_16,state_17,state_18,state_19,state_20,state_21,state_22,state_23,state_24,state_25,state_26,state_27,state_28,state_29,state_30,state_31,state_32,state_33,state_34,state_35,state_36,state_37,state_38,state_39,state_40,state_41,state_42,state_43,state_44,state_45,state_46,state_47,state_48,state_49,state_50,state_51,state_52,state_53,state_54,state_55,state_56,state_57,state_58,state_59,state_60,state_61,state_62,state_63,state_64,state_65,state_66,state_67,state_68,state_69,state_70,state_71,state_72,state_73,state_74,state_75,state_76,state_77,state_78,state_79,state_80,state_81,state_82,state_83,state_84,state_85,state_86,state_87,state_88,state_89,state_90,state_91,state_92,state_93,state_94,state_95,state_96,state_97,state_98,state_99,state_100,state_101,state_102,state_103,state_104,state_105,state_106,state_107,state_108,state_109,state_110,state_111,state_112,state_113,state_114,state_115,state_116,state_117,state_118,state_119,state_120,state_121,state_122,state_123,state_124,state_125,state_126,state_127,state_128,state_129,state_130,state_131,state_132,state_133,state_134,state_135,state_136,state_137,state_138,state_139,state_140,state_141,state_142,state_143,state_144,state_145,state_146,state_147,state_148,state_149,state_150,state_151,state_152,state_153,state_154,state_155,state_156,state_157,state_158,state_159,state_160,state_161,state_162,state_163,state_164,state_165,state_166,state_167,state_168,state_169,state_170,state_171,state_172,state_173,state_174,state_175,state_176,state_177,state_178,state_179,state_180,state_181,state_182,state_183,state_184,state_185,state_186,state_187,state_188,state_189,state_190,state_191,state_192,state_193,state_194,state_195,state_196,state_197,state_198,state_199,state_200,state_201,state_202,state_203,state_204,state_205,state_206,state_207,state_208,state_209,state_210,state_211,state_212,state_213,state_214,state_215,state_216,state_217,state_218,state_219,state_220,state_221,state_222,state_223,state_224,state_225,state_226,state_227,state_228,state_229,state_230,state_231,state_232,state_233,state_234,state_235,state_236,state_237,state_238,state_239,state_240,state_241,state_242,state_243,state_244,state_245,state_246,state_247,state_248,state_249,state_250,state_251,state_252,state_253,state_254,state_255,state_256,state_257,state_258,state_259,state_260,state_261,state_262,state_263,state_264,state_265,state_266,state_267,state_268,state_269,state_270,state_271,state_272,state_273,state_274,state_275,state_276,state_277,state_278,state_279,state_280,state_281,state_282,state_283,state_284,state_285,state_286,state_287
{'img': array([[[ 0.        , -0.15251538,  0.        , ...,  0.98023797,
          0.98833015,  0.99975679],
        [ 0.15251538,  0.        ,  0.15251538, ...,  0.99894115,
          0.99999998,  0.99142423],
        [ 0.        , -0.15251538,  0.        , ...,  0.98023797,
          0.98833015,  0.99975679],
        ...,
        [-0.98023797, -0.99894115, -0.98023797, ...,  0.        ,
          0.04619668,  0.17615618],
        [-0.98833015, -0.99999998, -0.98833015, ..., -0.04619668,
          0.        ,  0.13049384],
        [-0.99975679, -0.99142423, -0.99975679, ..., -0.17615618,
         -0.13049384,  0.        ]],

       [[ 0.        , -0.6204065 , -0.74864418, ..., -0.69495438,
         -0.66751679,  0.15050275],
        [ 0.6204065 ,  0.        , -0.17583482, ..., -0.09893345,
         -0.06156892,  0.73137618],
        [ 0.74864418,  0.17583482,  0.        , ...,  0.07758015,
          0.11489157,  0.83989593],
        ...,
        [ 0.69495438,  0.09893345, -0.07758015, ...,  0.        ,
          0.03747888,  0.79525815],
        [ 0.66751679,  0.06156892, -0.11489157, ..., -0.03747888,
          0.        ,  0.77197705],
        [-0.15050275, -0.73137618, -0.83989593, ..., -0.79525815,
         -0.77197705,  0.        ]],

       [[ 0.        , -0.06946557, -0.1184305 , ...,  0.8890137 ,
          0.91084604,  0.92056083],
        [ 0.06946557,  0.        , -0.04916771, ...,  0.85505922,
          0.8799741 ,  0.89120388],
        [ 0.1184305 ,  0.04916771,  0.        , ...,  0.8285301 ,
          0.85555407,  0.86782338],
        ...,
        [-0.8890137 , -0.85505922, -0.8285301 , ...,  0.        ,
         -0.05012162, -0.07425888],
        [-0.91084604, -0.8799741 , -0.85555407, ...,  0.05012162,
          0.        , -0.02418231],
        [-0.92056083, -0.89120388, -0.86782338, ...,  0.07425888,
          0.02418231,  0.        ]],

       ...,

       [[ 0.        ,  0.0790635 ,  0.14818441, ..., -0.44913318,
         -0.3043029 , -0.17807735],
        [-0.0790635 ,  0.        ,  0.06952991, ..., -0.51836766,
         -0.37866425, -0.25531968],
        [-0.14818441, -0.06952991,  0.        , ..., -0.57657219,
         -0.44210013, -0.32192723],
        ...,
        [ 0.44913318,  0.51836766,  0.57657219, ...,  0.        ,
          0.15594925,  0.28284861],
        [ 0.3043029 ,  0.37866425,  0.44210013, ..., -0.15594925,
          0.        ,  0.12980699],
        [ 0.17807735,  0.25531968,  0.32192723, ..., -0.28284861,
         -0.12980699,  0.        ]],

       [[ 0.        ,  0.07318233,  0.18513965, ...,  0.87660352,
          0.93024129,  0.94309839],
        [-0.07318233,  0.        ,  0.11272605, ...,  0.90946929,
          0.95460106,  0.96490368],
        [-0.18513965, -0.11272605,  0.        , ...,  0.95054066,
          0.98209619,  0.9883558 ],
        ...,
        [-0.87660352, -0.90946929, -0.95054066, ...,  0.        ,
         -0.12597622, -0.16234875],
        [-0.93024129, -0.95460106, -0.98209619, ...,  0.12597622,
          0.        , -0.0367504 ],
        [-0.94309839, -0.96490368, -0.9883558 , ...,  0.16234875,
          0.0367504 ,  0.        ]],

       [[ 0.        ,  0.38351482,  0.49387934, ...,  0.44558206,
          0.35060274,  0.315082  ],
        [-0.38351482,  0.        ,  0.12263691, ...,  0.75484873,
          0.68296474,  0.65496945],
        [-0.49387934, -0.12263691,  0.        , ...,  0.82958825,
          0.76738974,  0.74269672],
        ...,
        [-0.44558206, -0.75484873, -0.82958825, ...,  0.        ,
          0.10342443,  0.14081173],
        [-0.35060274, -0.68296474, -0.76738974, ..., -0.10342443,
          0.        ,  0.03766265],
        [-0.315082  , -0.65496945, -0.74269672, ..., -0.14081173,
         -0.03766265,  0.        ]]]), 'num': array([6.88555776e-01, 6.88555776e-01, 0.00000000e+00, 0.00000000e+00,
       8.15508247e-02, 8.26266931e-02, 7.98294353e-02, 1.37881142e-02,
       2.15173680e-04, 8.09053037e-02, 7.99961949e-02, 7.73513517e-02,
       1.32901391e-05, 8.26616357e-02, 7.73307540e-02])}
{'img': array([[[ 0.        ,  0.15251538,  0.0910975 , ...,  0.99999998,
          0.99142423,  0.98625256],
        [-0.15251538,  0.        , -0.06184945, ...,  0.98833015,
          0.99975679,  0.99991688],
        [-0.0910975 ,  0.06184945,  0.        , ...,  0.99585932,
          0.99920674,  0.9972051 ],
        ...,
        [-0.99999998, -0.98833015, -0.99585932, ...,  0.        ,
          0.13049384,  0.16505694],
        [-0.99142423, -0.99975679, -0.99920674, ..., -0.13049384,
          0.        ,  0.03494157],
        [-0.98625256, -0.99991688, -0.9972051 , ..., -0.16505694,
         -0.03494157,  0.        ]],

       [[ 0.        , -0.17583482, -0.26824268, ..., -0.06156892,
          0.73137618,  0.63539572],
        [ 0.17583482,  0.        , -0.09467266, ...,  0.11489157,
          0.83989593,  0.76127336],
        [ 0.26824268,  0.09467266,  0.        , ...,  0.20842127,
          0.88750684,  0.81924276],
        ...,
        [ 0.06156892, -0.11489157, -0.20842127, ...,  0.        ,
          0.77197705,  0.68173297],
        [-0.73137618, -0.83989593, -0.88750684, ..., -0.77197705,
          0.        , -0.13143542],
        [-0.63539572, -0.76127336, -0.81924276, ..., -0.68173297,
          0.13143542,  0.        ]],

       [[ 0.        , -0.04916771,  0.14921241, ...,  0.8799741 ,
          0.89120388,  0.87204758],
        [ 0.04916771,  0.        ,  0.19764923, ...,  0.85555407,
          0.86782338,  0.84692915],
        [-0.14921241, -0.19764923,  0.        , ...,  0.94100206,
          0.94891019,  0.93531285],
        ...,
        [-0.8799741 , -0.85555407, -0.94100206, ...,  0.        ,
         -0.02418231,  0.0164364 ],
        [-0.89120388, -0.86782338, -0.94891019, ...,  0.02418231,
          0.        ,  0.04061063],
        [-0.87204758, -0.84692915, -0.93531285, ..., -0.0164364 ,
         -0.04061063,  0.        ]],

       ...,

       [[ 0.        ,  0.06952991, -0.00195565, ..., -0.37866425,
         -0.25531968, -0.21168124],
        [-0.06952991,  0.        , -0.07148069, ..., -0.44210013,
         -0.32192723, -0.27912322],
        [ 0.00195565,  0.07148069,  0.        , ..., -0.37685351,
         -0.25342836, -0.20976951],
        ...,
        [ 0.37866425,  0.44210013,  0.37685351, ...,  0.        ,
          0.12980699,  0.17416504],
        [ 0.25531968,  0.32192723,  0.25342836, ..., -0.12980699,
          0.        ,  0.0448684 ],
        [ 0.21168124,  0.27912322,  0.20976951, ..., -0.17416504,
         -0.0448684 ,  0.        ]],

       [[ 0.        ,  0.11272605,  0.17557555, ...,  0.95460106,
          0.96490368,  0.9614773 ],
        [-0.11272605,  0.        ,  0.0634815 , ...,  0.98209619,
          0.9883558 ,  0.98633557],
        [-0.17557555, -0.0634815 ,  0.        , ...,  0.99207397,
          0.99602168,  0.99480464],
        ...,
        [-0.95460106, -0.98209619, -0.99207397, ...,  0.        ,
         -0.0367504 , -0.02400696],
        [-0.96490368, -0.9883558 , -0.99602168, ...,  0.0367504 ,
          0.        ,  0.01274907],
        [-0.9614773 , -0.98633557, -0.99480464, ...,  0.02400696,
         -0.01274907,  0.        ]],

       [[ 0.        ,  0.33037739,  0.45955384, ...,  0.3572705 ,
          0.32111669,  0.33008332],
        [-0.33037739,  0.        ,  0.14032475, ...,  0.64578217,
          0.61596612,  0.62340912],
        [-0.45955384, -0.14032475,  0.        , ...,  0.74653349,
          0.72041546,  0.72696015],
        ...,
        [-0.3572705 , -0.64578217, -0.74653349, ...,  0.        ,
          0.03842603,  0.02894799],
        [-0.32111669, -0.61596612, -0.72041546, ..., -0.03842603,
          0.        , -0.00948332],
        [-0.33008332, -0.62340912, -0.72696015, ..., -0.02894799,
          0.00948332,  0.        ]]]), 'num': array([ 6.88731761e-01,  6.88731761e-01,  0.00000000e+00,  0.00000000e+00,
        7.97422242e-02,  8.22173540e-02,  7.97422242e-02,  8.56932971e-03,
       -1.82944374e-03,  8.06677075e-02,  8.00166408e-02,  7.75468917e-02,
        1.17907883e-05,  8.26827629e-02,  7.73505186e-02])}
{'img': array([[[ 0.        , -0.06184945,  0.09440069, ...,  0.99975679,
          0.99991688,  0.96666872],
        [ 0.06184945,  0.        ,  0.15579321, ...,  0.99920674,
          0.9972051 ,  0.98065336],
        [-0.09440069, -0.15579321,  0.        , ...,  0.9932103 ,
          0.99666865,  0.9381824 ],
        ...,
        [-0.99975679, -0.99920674, -0.9932103 , ...,  0.        ,
          0.03494157, -0.23464976],
        [-0.99991688, -0.9972051 , -0.99666865, ..., -0.03494157,
          0.        , -0.26847247],
        [-0.96666872, -0.98065336, -0.9381824 , ...,  0.23464976,
          0.26847247,  0.        ]],

       [[ 0.        , -0.09467266,  0.43450791, ...,  0.83989593,
          0.76127336,  0.31906532],
        [ 0.09467266,  0.        ,  0.51782493, ...,  0.88750684,
          0.81924276,  0.4073566 ],
        [-0.43450791, -0.51782493,  0.        , ...,  0.52063933,
          0.40390614, -0.12442543],
        ...,
        [-0.83989593, -0.88750684, -0.52063933, ...,  0.        ,
         -0.13143542, -0.62282496],
        [-0.76127336, -0.81924276, -0.40390614, ...,  0.13143542,
          0.        , -0.51459181],
        [-0.31906532, -0.4073566 ,  0.12442543, ...,  0.62282496,
          0.51459181,  0.        ]],

       [[ 0.        ,  0.19764923,  0.38641198, ...,  0.86782338,
          0.84692915,  0.87174291],
        [-0.19764923,  0.        ,  0.19649207, ...,  0.94891019,
          0.93531285,  0.9513868 ],
        [-0.38641198, -0.19649207,  0.        , ...,  0.99241392,
          0.98660249,  0.9933592 ],
        ...,
        [-0.86782338, -0.94891019, -0.99241392, ...,  0.        ,
          0.04061063, -0.0079435 ],
        [-0.84692915, -0.93531285, -0.98660249, ..., -0.04061063,
          0.        , -0.0485463 ],
        [-0.87174291, -0.9513868 , -0.9933592 , ...,  0.0079435 ,
          0.0485463 ,  0.        ]],

       ...,

       [[ 0.        , -0.07148069, -0.06402893, ..., -0.32192723,
         -0.27912322, -0.48784857],
        [ 0.07148069,  0.        ,  0.00746887, ..., -0.25342836,
         -0.20976951, -0.42420313],
        [ 0.06402893, -0.00746887,  0.        , ..., -0.26064633,
         -0.21706635, -0.43095485],
        ...,
        [ 0.32192723,  0.25342836,  0.26064633, ...,  0.        ,
          0.0448684 , -0.18085828],
        [ 0.27912322,  0.20976951,  0.21706635, ..., -0.0448684 ,
          0.        , -0.22480461],
        [ 0.48784857,  0.42420313,  0.43095485, ...,  0.18085828,
          0.22480461,  0.        ]],

       [[ 0.        ,  0.0634815 ,  0.17685914, ...,  0.9883558 ,
          0.98633557,  0.98633557],
        [-0.0634815 ,  0.        ,  0.11402163, ...,  0.99602168,
          0.99480464,  0.99480464],
        [-0.17685914, -0.11402163,  0.        , ...,  0.9996865 ,
          0.99992447,  0.99992447],
        ...,
        [-0.9883558 , -0.99602168, -0.9996865 , ...,  0.        ,
          0.01274907,  0.01274907],
        [-0.98633557, -0.99480464, -0.99992447, ..., -0.01274907,
          0.        ,  0.        ],
        [-0.98633557, -0.99480464, -0.99992447, ..., -0.01274907,
          0.        ,  0.        ]],

       [[ 0.        ,  0.33366408,  0.34845378, ...,  0.32559366,
          0.33467741,  0.33467741],
        [-0.33366408,  0.        ,  0.0157326 , ...,  0.6224172 ,
          0.62992032,  0.62992032],
        [-0.34845378, -0.0157326 ,  0.        , ...,  0.63465385,
          0.64206124,  0.64206124],
        ...,
        [-0.32559366, -0.6224172 , -0.63465385, ...,  0.        ,
         -0.0096232 , -0.0096232 ],
        [-0.33467741, -0.62992032, -0.64206124, ...,  0.0096232 ,
          0.        ,  0.        ],
        [-0.33467741, -0.62992032, -0.64206124, ...,  0.0096232 ,
          0.        ,  0.        ]]]), 'num': array([ 6.88875255e-01,  6.88875255e-01,  0.00000000e+00,  0.00000000e+00,
        7.92206543e-02,  8.10504792e-02,  7.91130175e-02,  8.91146251e-03,
       -5.38183793e-04,  8.04907680e-02,  7.99687298e-02,  7.77173276e-02,
        1.13018596e-05,  8.26484095e-02,  7.72890500e-02])}
{'img': array([[[ 0.        ,  0.15579321, -0.22630567, ...,  0.9972051 ,
          0.98065336,  0.96394636],
        [-0.15579321,  0.        , -0.37529377, ...,  0.99666865,
          0.9381824 ,  0.91072022],
        [ 0.22630567,  0.37529377,  0.        , ...,  0.95442605,
          0.99951149,  0.99915723],
        ...,
        [-0.9972051 , -0.99666865, -0.95442605, ...,  0.        ,
         -0.26847247, -0.33737194],
        [-0.98065336, -0.9381824 , -0.99951149, ...,  0.26847247,
          0.        , -0.07225381],
        [-0.96394636, -0.91072022, -0.99915723, ...,  0.33737194,
          0.07225381,  0.        ]],

       [[ 0.        ,  0.51782493,  0.76467764, ...,  0.81924276,
          0.4073566 ,  0.44316612],
        [-0.51782493,  0.        ,  0.32047837, ...,  0.40390614,
         -0.12442543, -0.08507605],
        [-0.76467764, -0.32047837,  0.        , ...,  0.0894287 ,
         -0.43585063, -0.39990524],
        ...,
        [-0.81924276, -0.40390614, -0.0894287 , ...,  0.        ,
         -0.51459181, -0.48026937],
        [-0.4073566 ,  0.12442543,  0.43585063, ...,  0.51459181,
          0.        ,  0.03955941],
        [-0.44316612,  0.08507605,  0.39990524, ...,  0.48026937,
         -0.03955941,  0.        ]],

       [[ 0.        ,  0.19649207,  0.13299859, ...,  0.93531285,
          0.9513868 ,  0.96160269],
        [-0.19649207,  0.        , -0.06434064, ...,  0.98660249,
          0.9933592 ,  0.99678299],
        [-0.13299859,  0.06434064,  0.        , ...,  0.97406155,
          0.98389828,  0.98956088],
        ...,
        [-0.93531285, -0.98660249, -0.97406155, ...,  0.        ,
         -0.0485463 , -0.08354372],
        [-0.9513868 , -0.9933592 , -0.98389828, ...,  0.0485463 ,
          0.        , -0.03506863],
        [-0.96160269, -0.99678299, -0.98956088, ...,  0.08354372,
          0.03506863,  0.        ]],

       ...,

       [[ 0.        ,  0.00746887, -0.15058138, ..., -0.20976951,
         -0.42420313, -0.48989669],
        [-0.00746887,  0.        , -0.15796088, ..., -0.21706635,
         -0.43095485, -0.49639424],
        [ 0.15058138,  0.15796088,  0.        , ..., -0.06014656,
         -0.28300466, -0.35303679],
        ...,
        [ 0.20976951,  0.21706635,  0.06014656, ...,  0.        ,
         -0.22480461, -0.29612395],
        [ 0.42420313,  0.43095485,  0.28300466, ...,  0.22480461,
          0.        , -0.0738223 ],
        [ 0.48989669,  0.49639424,  0.35303679, ...,  0.29612395,
          0.0738223 ,  0.        ]],

       [[ 0.        ,  0.11402163,  0.14605733, ...,  0.99480464,
          0.99480464,  0.99560999],
        [-0.11402163,  0.        ,  0.03230591, ...,  0.99992447,
          0.99992447,  0.99978918],
        [-0.14605733, -0.03230591,  0.        , ...,  0.99900547,
          0.99900547,  0.998604  ],
        ...,
        [-0.99480464, -0.99992447, -0.99900547, ...,  0.        ,
          0.        , -0.00824284],
        [-0.99480464, -0.99992447, -0.99900547, ...,  0.        ,
          0.        , -0.00824284],
        [-0.99560999, -0.99978918, -0.998604  , ...,  0.00824284,
          0.00824284,  0.        ]],

       [[ 0.        ,  0.10496773,  0.2371926 , ...,  0.33942916,
          0.33942916,  0.36527156],
        [-0.10496773,  0.        ,  0.13391003, ...,  0.43629   ,
          0.43629   ,  0.46096823],
        [-0.2371926 , -0.13391003,  0.        , ...,  0.55285361,
          0.55285361,  0.57565051],
        ...,
        [-0.33942916, -0.43629   , -0.55285361, ...,  0.        ,
          0.        , -0.02761103],
        [-0.33942916, -0.43629   , -0.55285361, ...,  0.        ,
          0.        , -0.02761103],
        [-0.36527156, -0.46096823, -0.57565051, ...,  0.02761103,
          0.02761103,  0.        ]]]), 'num': array([6.88788376e-01, 6.88788376e-01, 0.00000000e+00, 0.00000000e+00,
       8.05021414e-02, 8.14707501e-02, 7.88877936e-02, 6.65046701e-03,
       1.29147820e-03, 8.04806168e-02, 7.99909313e-02, 7.78886918e-02,
       1.28122838e-05, 8.26801114e-02, 7.73017511e-02])}
{'img': array([[[ 0.        , -0.37529377, -0.72928455, ...,  0.9381824 ,
          0.91072022,  0.96953677],
        [ 0.37529377,  0.        , -0.41919822, ...,  0.99951149,
          0.99915723,  0.99059601],
        [ 0.72928455,  0.41919822,  0.        , ...,  0.89434976,
          0.92433625,  0.84200246],
        ...,
        [-0.9381824 , -0.99951149, -0.89434976, ...,  0.        ,
         -0.07225381,  0.10579285],
        [-0.91072022, -0.99915723, -0.92433625, ...,  0.07225381,
          0.        ,  0.17736467],
        [-0.96953677, -0.99059601, -0.84200246, ..., -0.10579285,
         -0.17736467,  0.        ]],

       [[ 0.        ,  0.32047837, -0.40833416, ..., -0.12442543,
         -0.08507605, -0.36710061],
        [-0.32047837,  0.        , -0.67933999, ..., -0.43585063,
         -0.39990524, -0.64584116],
        [ 0.40833416,  0.67933999,  0.        , ...,  0.29158139,
          0.32919354,  0.0447234 ],
        ...,
        [ 0.12442543,  0.43585063, -0.29158139, ...,  0.        ,
          0.03955941, -0.24850965],
        [ 0.08507605,  0.39990524, -0.32919354, ..., -0.03955941,
          0.        , -0.28663353],
        [ 0.36710061,  0.64584116, -0.0447234 , ...,  0.24850965,
          0.28663353,  0.        ]],

       [[ 0.        , -0.06434064, -0.13597128, ...,  0.9933592 ,
          0.99678299,  0.99678299],
        [ 0.06434064,  0.        , -0.07194646, ...,  0.98389828,
          0.98956088,  0.98956088],
        [ 0.13597128,  0.07194646,  0.        , ...,  0.96848956,
          0.97662783,  0.97662783],
        ...,
        [-0.9933592 , -0.98389828, -0.96848956, ...,  0.        ,
         -0.03506863, -0.03506863],
        [-0.99678299, -0.98956088, -0.97662783, ...,  0.03506863,
          0.        ,  0.        ],
        [-0.99678299, -0.98956088, -0.97662783, ...,  0.03506863,
          0.        ,  0.        ]],

       ...,

       [[ 0.        , -0.15796088, -0.26553224, ..., -0.43095485,
         -0.49639424, -0.28799154],
        [ 0.15796088,  0.        , -0.10990818, ..., -0.28300466,
         -0.35303679, -0.13310737],
        [ 0.26553224,  0.10990818,  0.        , ..., -0.17587517,
         -0.24806687, -0.02337079],
        ...,
        [ 0.43095485,  0.28300466,  0.17587517, ...,  0.        ,
         -0.0738223 ,  0.15282063],
        [ 0.49639424,  0.35303679,  0.24806687, ...,  0.0738223 ,
          0.        ,  0.22535883],
        [ 0.28799154,  0.13310737,  0.02337079, ..., -0.15282063,
         -0.22535883,  0.        ]],

       [[ 0.        ,  0.03230591,  0.04036082, ...,  0.99992447,
          0.99978918,  0.99990472],
        [-0.03230591,  0.        ,  0.00806017, ...,  0.99900547,
          0.998604  ,  0.99893684],
        [-0.04036082, -0.00806017,  0.        , ...,  0.99861363,
          0.99814581,  0.99853282],
        ...,
        [-0.99992447, -0.99900547, -0.99861363, ...,  0.        ,
         -0.00824284, -0.00151344],
        [-0.99978918, -0.998604  , -0.99814581, ...,  0.00824284,
          0.        ,  0.00672944],
        [-0.99990472, -0.99893684, -0.99853282, ...,  0.00151344,
         -0.00672944,  0.        ]],

       [[ 0.        ,  0.21359054,  0.33132188, ...,  0.33988452,
          0.36575895,  0.35849075],
        [-0.21359054,  0.        ,  0.12214958, ...,  0.53291599,
          0.5561092 ,  0.54961184],
        [-0.33132188, -0.12214958,  0.        , ...,  0.63228444,
          0.65346453,  0.6475424 ],
        ...,
        [-0.33988452, -0.53291599, -0.63228444, ...,  0.        ,
         -0.0276505 , -0.01985528],
        [-0.36575895, -0.5561092 , -0.65346453, ...,  0.0276505 ,
          0.        ,  0.00779736],
        [-0.35849075, -0.54961184, -0.6475424 , ...,  0.01985528,
         -0.00779736,  0.        ]]]), 'num': array([ 6.89001073e-01,  6.89001073e-01,  0.00000000e+00,  0.00000000e+00,
        7.82662156e-02,  8.13882517e-02,  7.79432464e-02,  7.34302893e-03,
       -2.26078477e-03,  7.98810619e-02,  7.99671870e-02,  7.80419314e-02,
        1.12926312e-05,  8.27451398e-02,  7.71892342e-02])}
{'img': array([[[ 0.        , -0.41919822,  0.30491284, ...,  0.99915723,
          0.99059601,  0.98620929],
        [ 0.41919822,  0.        ,  0.67606487, ...,  0.92433625,
          0.84200246,  0.96475278],
        [-0.30491284, -0.67606487,  0.        , ...,  0.93906199,
          0.98514207,  0.88878228],
        ...,
        [-0.99915723, -0.92433625, -0.93906199, ...,  0.        ,
          0.17736467, -0.12488297],
        [-0.99059601, -0.84200246, -0.98514207, ..., -0.17736467,
          0.        , -0.29887914],
        [-0.98620929, -0.96475278, -0.88878228, ...,  0.12488297,
          0.29887914,  0.        ]],

       [[ 0.        , -0.67933999, -0.58906292, ..., -0.39990524,
         -0.64584116, -0.56865474],
        [ 0.67933999,  0.        ,  0.11669761, ...,  0.32919354,
          0.0447234 ,  0.14151667],
        [ 0.58906292, -0.11669761,  0.        , ...,  0.21675115,
         -0.07216302,  0.0250266 ],
        ...,
        [ 0.39990524, -0.32919354, -0.21675115, ...,  0.        ,
         -0.28663353, -0.19225162],
        [ 0.64584116, -0.0447234 ,  0.07216302, ...,  0.28663353,
          0.        ,  0.09710178],
        [ 0.56865474, -0.14151667, -0.0250266 , ...,  0.19225162,
         -0.09710178,  0.        ]],

       [[ 0.        , -0.07194646, -0.06558835, ...,  0.98956088,
          0.98956088,  0.99928506],
        [ 0.07194646,  0.        ,  0.00637317, ...,  0.97662783,
          0.97662783,  0.99397532],
        [ 0.06558835, -0.00637317,  0.        , ...,  0.97797783,
          0.97797783,  0.99465366],
        ...,
        [-0.98956088, -0.97662783, -0.97797783, ...,  0.        ,
          0.        , -0.10660004],
        [-0.98956088, -0.97662783, -0.97797783, ...,  0.        ,
          0.        , -0.10660004],
        [-0.99928506, -0.99397532, -0.99465366, ...,  0.10660004,
          0.10660004,  0.        ]],

       ...,

       [[ 0.        , -0.10990818, -0.10990818, ..., -0.35303679,
         -0.13310737, -0.35462951],
        [ 0.10990818,  0.        ,  0.        , ..., -0.24806687,
         -0.02337079, -0.24971616],
        [ 0.10990818,  0.        ,  0.        , ..., -0.24806687,
         -0.02337079, -0.24971616],
        ...,
        [ 0.35303679,  0.24806687,  0.24806687, ...,  0.        ,
          0.22535883, -0.00170288],
        [ 0.13310737,  0.02337079,  0.02337079, ..., -0.22535883,
          0.        , -0.22701757],
        [ 0.35462951,  0.24971616,  0.24971616, ...,  0.00170288,
          0.22701757,  0.        ]],

       [[ 0.        ,  0.00806017,  0.03427038, ...,  0.998604  ,
          0.99893684,  0.99920883],
        [-0.00806017,  0.        ,  0.02621383, ...,  0.99814581,
          0.99853282,  0.99885582],
        [-0.03427038, -0.02621383,  0.        , ...,  0.99620722,
          0.99677021,  0.99725894],
        ...,
        [-0.998604  , -0.99814581, -0.99620722, ...,  0.        ,
          0.00672944,  0.01306407],
        [-0.99893684, -0.99853282, -0.99677021, ..., -0.00672944,
          0.        ,  0.00633491],
        [-0.99920883, -0.99885582, -0.99725894, ..., -0.01306407,
         -0.00633491,  0.        ]],

       [[ 0.        ,  0.25777651,  0.43758159, ...,  0.36781045,
          0.36050467,  0.40252902],
        [-0.25777651,  0.        ,  0.19100618, ...,  0.59508672,
          0.58876421,  0.62489587],
        [-0.43758159, -0.19100618,  0.        , ...,  0.73763479,
          0.7323156 ,  0.76251088],
        ...,
        [-0.36781045, -0.59508672, -0.73763479, ...,  0.        ,
          0.00784434, -0.03761571],
        [-0.36050467, -0.58876421, -0.7323156 , ..., -0.00784434,
          0.        , -0.04545335],
        [-0.40252902, -0.62489587, -0.76251088, ...,  0.03761571,
          0.04545335,  0.        ]]]), 'num': array([ 6.89190523e-01,  6.89190523e-01,  0.00000000e+00,  0.00000000e+00,
        7.77493059e-02,  7.96876542e-02,  7.76416198e-02,  7.22917784e-03,
       -5.38430096e-04,  7.91276869e-02,  7.99191791e-02,  7.82141505e-02,
        9.44323553e-06,  8.28456049e-02,  7.69927534e-02])}
{'img': array([[[ 0.00000000e+00,  6.76064873e-01,  6.76064873e-01, ...,
          8.42002461e-01,  9.64752778e-01,  9.80329387e-01],
        [-6.76064873e-01,  0.00000000e+00,  0.00000000e+00, ...,
          9.85142073e-01,  8.88782276e-01,  8.55781826e-01],
        [-6.76064873e-01,  0.00000000e+00,  0.00000000e+00, ...,
          9.85142073e-01,  8.88782276e-01,  8.55781826e-01],
        ...,
        [-8.42002461e-01, -9.85142073e-01, -9.85142073e-01, ...,
          0.00000000e+00, -2.98879140e-01, -3.62677210e-01],
        [-9.64752778e-01, -8.88782276e-01, -8.88782276e-01, ...,
          2.98879140e-01,  0.00000000e+00, -6.75696851e-02],
        [-9.80329387e-01, -8.55781826e-01, -8.55781826e-01, ...,
          3.62677210e-01,  6.75696851e-02,  0.00000000e+00]],

       [[ 0.00000000e+00,  1.16697614e-01, -4.75472619e-02, ...,
          4.47233959e-02,  1.41516670e-01,  1.26017923e-01],
        [-1.16697614e-01,  0.00000000e+00, -1.63788022e-01, ...,
         -7.21630241e-02,  2.50266020e-02,  9.38960815e-03],
        [ 4.75472619e-02,  1.63788022e-01,  0.00000000e+00, ...,
          9.21724998e-02,  1.88425353e-01,  1.73043609e-01],
        ...,
        [-4.47233959e-02,  7.21630241e-02, -9.21724998e-02, ...,
          0.00000000e+00,  9.71017754e-02,  8.15249709e-02],
        [-1.41516670e-01, -2.50266020e-02, -1.88425353e-01, ...,
         -9.71017754e-02,  0.00000000e+00, -1.56388315e-02],
        [-1.26017923e-01, -9.38960815e-03, -1.73043609e-01, ...,
         -8.15249709e-02,  1.56388315e-02,  0.00000000e+00]],

       [[ 0.00000000e+00,  6.37316619e-03,  3.11265839e-02, ...,
          9.76627833e-01,  9.93975323e-01,  9.99914527e-01],
        [-6.37316619e-03,  0.00000000e+00,  2.47558737e-02, ...,
          9.77977831e-01,  9.94653662e-01,  9.99810895e-01],
        [-3.11265839e-02, -2.47558737e-02,  0.00000000e+00, ...,
          9.82844875e-01,  9.96905294e-01,  9.99023059e-01],
        ...,
        [-9.76627833e-01, -9.77977831e-01, -9.82844875e-01, ...,
          0.00000000e+00, -1.06600041e-01, -2.27687780e-01],
        [-9.93975323e-01, -9.94653662e-01, -9.96905294e-01, ...,
          1.06600041e-01,  0.00000000e+00, -1.22590305e-01],
        [-9.99914527e-01, -9.99810895e-01, -9.99023059e-01, ...,
          2.27687780e-01,  1.22590305e-01,  0.00000000e+00]],

       ...,

       [[ 0.00000000e+00,  0.00000000e+00, -2.36824624e-01, ...,
         -2.33707920e-02, -2.49716163e-01, -5.14108152e-01],
        [ 0.00000000e+00,  0.00000000e+00, -2.36824624e-01, ...,
         -2.33707920e-02, -2.49716163e-01, -5.14108152e-01],
        [ 2.36824624e-01,  2.36824624e-01,  0.00000000e+00, ...,
          2.14053990e-01, -1.32905400e-02, -2.96352529e-01],
        ...,
        [ 2.33707920e-02,  2.33707920e-02, -2.14053990e-01, ...,
          0.00000000e+00, -2.27017574e-01, -4.93922011e-01],
        [ 2.49716163e-01,  2.49716163e-01,  1.32905400e-02, ...,
          2.27017574e-01,  0.00000000e+00, -2.83632844e-01],
        [ 5.14108152e-01,  5.14108152e-01,  2.96352529e-01, ...,
          4.93922011e-01,  2.83632844e-01,  0.00000000e+00]],

       [[ 0.00000000e+00,  2.62138330e-02,  2.70147674e-02, ...,
          9.98532821e-01,  9.98855819e-01,  9.99376988e-01],
        [-2.62138330e-02,  0.00000000e+00,  8.01218175e-04, ...,
          9.96770208e-01,  9.97258942e-01,  9.98108380e-01],
        [-2.70147674e-02, -8.01218175e-04,  0.00000000e+00, ...,
          9.96705545e-01,  9.97199340e-01,  9.98058802e-01],
        ...,
        [-9.98532821e-01, -9.96770208e-01, -9.96705545e-01, ...,
          0.00000000e+00,  6.33490744e-03,  1.88743160e-02],
        [-9.98855819e-01, -9.97258942e-01, -9.97199340e-01, ...,
         -6.33490744e-03,  0.00000000e+00,  1.25401583e-02],
        [-9.99376988e-01, -9.98108380e-01, -9.98058802e-01, ...,
         -1.88743160e-02, -1.25401583e-02,  0.00000000e+00]],

       [[ 0.00000000e+00,  3.62915408e-01,  5.31075536e-01, ...,
          3.63480949e-01,  4.05819535e-01,  4.64085901e-01],
        [-3.62915408e-01,  0.00000000e+00,  1.87360806e-01, ...,
          6.76792164e-01,  7.09839316e-01,  7.53912405e-01],
        [-5.31075536e-01, -1.87360806e-01,  0.00000000e+00, ...,
          8.02737142e-01,  8.29239028e-01,  8.63652850e-01],
        ...,
        [-3.63480949e-01, -6.76792164e-01, -8.02737142e-01, ...,
          0.00000000e+00, -4.58575533e-02, -1.10375320e-01],
        [-4.05819535e-01, -7.09839316e-01, -8.29239028e-01, ...,
          4.58575533e-02,  0.00000000e+00, -6.46818413e-02],
        [-4.64085901e-01, -7.53912405e-01, -8.63652850e-01, ...,
          1.10375320e-01,  6.46818413e-02,  0.00000000e+00]]]), 'num': array([6.89266432e-01, 6.89266432e-01, 0.00000000e+00, 0.00000000e+00,
       7.77578694e-02, 7.89425460e-02, 7.76501715e-02, 4.50780247e-03,
       0.00000000e+00, 7.87271503e-02, 7.98633629e-02, 7.83861070e-02,
       6.56444221e-06, 8.29190044e-02, 7.68077214e-02])}
{'img': array([[[ 0.00000000e+00,  0.00000000e+00, -5.17564334e-01, ...,
          8.99855255e-01,  8.67960687e-01,  8.67960687e-01],
        [ 0.00000000e+00,  0.00000000e+00, -5.17564334e-01, ...,
          8.99855255e-01,  8.67960687e-01,  8.67960687e-01],
        [ 5.17564334e-01,  5.17564334e-01,  0.00000000e+00, ...,
          9.95711693e-01,  9.99705091e-01,  9.99705091e-01],
        ...,
        [-8.99855255e-01, -8.99855255e-01, -9.95711693e-01, ...,
          0.00000000e+00, -6.83031490e-02, -6.83031490e-02],
        [-8.67960687e-01, -8.67960687e-01, -9.99705091e-01, ...,
          6.83031490e-02,  0.00000000e+00,  0.00000000e+00],
        [-8.67960687e-01, -8.67960687e-01, -9.99705091e-01, ...,
          6.83031490e-02,  0.00000000e+00,  0.00000000e+00]],

       [[ 0.00000000e+00, -1.63788022e-01,  3.25855880e-01, ...,
          2.50266020e-02,  9.38960815e-03, -5.02589481e-01],
        [ 1.63788022e-01,  0.00000000e+00,  4.76303761e-01, ...,
          1.88425353e-01,  1.73043609e-01, -3.54203418e-01],
        [-3.25855880e-01, -4.76303761e-01,  0.00000000e+00, ...,
         -3.02093181e-01, -3.16964397e-01, -7.56868492e-01],
        ...,
        [-2.50266020e-02, -1.88425353e-01,  3.02093181e-01, ...,
          0.00000000e+00, -1.56388315e-02, -5.24068191e-01],
        [-9.38960815e-03, -1.73043609e-01,  3.16964397e-01, ...,
          1.56388315e-02,  0.00000000e+00, -5.10684878e-01],
        [ 5.02589481e-01,  3.54203418e-01,  7.56868492e-01, ...,
          5.24068191e-01,  5.10684878e-01,  0.00000000e+00]],

       [[ 0.00000000e+00,  2.47558737e-02, -1.21847770e-01, ...,
          9.94653662e-01,  9.99810895e-01,  9.96702365e-01],
        [-2.47558737e-02,  0.00000000e+00, -1.46381839e-01, ...,
          9.96905294e-01,  9.99023059e-01,  9.94388104e-01],
        [ 1.21847770e-01,  1.46381839e-01,  0.00000000e+00, ...,
          9.74659434e-01,  9.94730642e-01,  9.99162987e-01],
        ...,
        [-9.94653662e-01, -9.96905294e-01, -9.74659434e-01, ...,
          0.00000000e+00, -1.22590305e-01, -1.83637025e-01],
        [-9.99810895e-01, -9.99023059e-01, -9.94730642e-01, ...,
          1.22590305e-01,  0.00000000e+00, -6.17463680e-02],
        [-9.96702365e-01, -9.94388104e-01, -9.99162987e-01, ...,
          1.83637025e-01,  6.17463680e-02,  0.00000000e+00]],

       ...,

       [[ 0.00000000e+00, -2.36824624e-01, -4.35359950e-01, ...,
         -2.49716163e-01, -5.14108152e-01, -8.90771734e-01],
        [ 2.36824624e-01,  0.00000000e+00, -2.09772111e-01, ...,
         -1.32905400e-02, -2.96352529e-01, -7.57806241e-01],
        [ 4.35359950e-01,  2.09772111e-01,  0.00000000e+00, ...,
          1.96758754e-01, -8.94099174e-02, -6.04073250e-01],
        ...,
        [ 2.49716163e-01,  1.32905400e-02, -1.96758754e-01, ...,
          0.00000000e+00, -2.83632844e-01, -7.49067503e-01],
        [ 5.14108152e-01,  2.96352529e-01,  8.94099174e-02, ...,
          2.83632844e-01,  0.00000000e+00, -5.30400546e-01],
        [ 8.90771734e-01,  7.57806241e-01,  6.04073250e-01, ...,
          7.49067503e-01,  5.30400546e-01,  0.00000000e+00]],

       [[ 0.00000000e+00,  8.01218175e-04, -4.98521902e-02, ...,
          9.97258942e-01,  9.98108380e-01,  9.98696484e-01],
        [-8.01218175e-04,  0.00000000e+00, -5.06523961e-02, ...,
          9.97199340e-01,  9.98058802e-01,  9.98655268e-01],
        [ 4.98521902e-02,  5.06523961e-02,  0.00000000e+00, ...,
          9.99707548e-01,  9.99932199e-01,  9.99999290e-01],
        ...,
        [-9.97258942e-01, -9.97199340e-01, -9.99707548e-01, ...,
          0.00000000e+00,  1.25401583e-02,  2.29915584e-02],
        [-9.98108380e-01, -9.98058802e-01, -9.99932199e-01, ...,
         -1.25401583e-02,  0.00000000e+00,  1.04529071e-02],
        [-9.98696484e-01, -9.98655268e-01, -9.99999290e-01, ...,
         -2.29915584e-02, -1.04529071e-02,  0.00000000e+00]],

       [[ 0.00000000e+00,  4.09031422e-01,  5.68002229e-01, ...,
          4.12590832e-01,  4.71699244e-01,  5.17231512e-01],
        [-4.09031422e-01,  0.00000000e+00,  1.81669654e-01, ...,
          7.49090966e-01,  7.91102479e-01,  8.22051966e-01],
        [-5.68002229e-01, -1.81669654e-01,  0.00000000e+00, ...,
          8.56975983e-01,  8.89062585e-01,  9.11817674e-01],
        ...,
        [-4.12590832e-01, -7.49090966e-01, -8.56975983e-01, ...,
          0.00000000e+00, -6.58727207e-02, -1.18040683e-01],
        [-4.71699244e-01, -7.91102479e-01, -8.89062585e-01, ...,
          6.58727207e-02,  0.00000000e+00, -5.23721142e-02],
        [-5.17231512e-01, -8.22051966e-01, -9.11817674e-01, ...,
          1.18040683e-01,  5.23721142e-02,  0.00000000e+00]]]), 'num': array([6.89294866e-01, 6.89294866e-01, 0.00000000e+00, 0.00000000e+00,
       7.78687793e-02, 7.87303979e-02, 7.74379701e-02, 5.40773363e-03,
       1.07702323e-04, 7.84503719e-02, 7.98289616e-02, 7.85185834e-02,
       6.90131388e-06, 8.29627846e-02, 7.66951386e-02])}
{'img': array([[[ 0.        , -0.51756433, -0.33374652, ...,  0.86796069,
          0.86796069,  0.8746295 ],
        [ 0.51756433,  0.        ,  0.20232037, ...,  0.99970509,
          0.99970509,  0.99928277],
        [ 0.33374652, -0.20232037,  0.        , ...,  0.9839438 ,
          0.9839438 ,  0.98627837],
        ...,
        [-0.86796069, -0.99970509, -0.9839438 , ...,  0.        ,
          0.        ,  0.01358943],
        [-0.86796069, -0.99970509, -0.9839438 , ...,  0.        ,
          0.        ,  0.01358943],
        [-0.8746295 , -0.99928277, -0.98627837, ..., -0.01358943,
         -0.01358943,  0.        ]],

       [[ 0.        ,  0.47630376,  0.04521155, ...,  0.17304361,
         -0.35420342, -0.12137716],
        [-0.47630376,  0.        , -0.43606306, ..., -0.3169644 ,
         -0.75686849, -0.5795068 ],
        [-0.04521155,  0.43606306,  0.        , ...,  0.12833717,
         -0.39612163, -0.16613032],
        ...,
        [-0.17304361,  0.3169644 , -0.12833717, ...,  0.        ,
         -0.51068488, -0.29131029],
        [ 0.35420342,  0.75686849,  0.39612163, ...,  0.51068488,
          0.        ,  0.23807652],
        [ 0.12137716,  0.5795068 ,  0.16613032, ...,  0.29131029,
         -0.23807652,  0.        ]],

       [[ 0.        , -0.14638184, -0.14638184, ...,  0.99902306,
          0.9943881 ,  0.98916654],
        [ 0.14638184,  0.        ,  0.        , ...,  0.99473064,
          0.99916299,  0.99999991],
        [ 0.14638184,  0.        ,  0.        , ...,  0.99473064,
          0.99916299,  0.99999991],
        ...,
        [-0.99902306, -0.99473064, -0.99473064, ...,  0.        ,
         -0.06174637, -0.10294104],
        [-0.9943881 , -0.99916299, -0.99916299, ...,  0.06174637,
          0.        , -0.04132628],
        [-0.98916654, -0.99999991, -0.99999991, ...,  0.10294104,
          0.04132628,  0.        ]],

       ...,

       [[ 0.        , -0.20977211, -0.22128216, ..., -0.29635253,
         -0.75780624, -0.70159377],
        [ 0.20977211,  0.        , -0.01178688, ..., -0.08940992,
         -0.60407325, -0.53650471],
        [ 0.22128216,  0.01178688,  0.        , ..., -0.07766404,
         -0.59463799, -0.52652052],
        ...,
        [ 0.29635253,  0.08940992,  0.07766404, ...,  0.        ,
         -0.53040055, -0.45890317],
        [ 0.75780624,  0.60407325,  0.59463799, ...,  0.53040055,
          0.        ,  0.08221975],
        [ 0.70159377,  0.53650471,  0.52652052, ...,  0.45890317,
         -0.08221975,  0.        ]],

       [[ 0.        , -0.0506524 , -0.09218523, ...,  0.9980588 ,
          0.99865527,  0.99897581],
        [ 0.0506524 ,  0.        , -0.04163018, ...,  0.9999322 ,
          0.99999929,  0.99998536],
        [ 0.09218523,  0.04163018,  0.        , ...,  0.99955011,
          0.99918199,  0.9988932 ],
        ...,
        [-0.9980588 , -0.9999322 , -0.99955011, ...,  0.        ,
          0.01045291,  0.01705519],
