state_0,state_1,state_2,state_3,state_4,state_5,state_6,state_7,state_8,state_9,state_10,state_11,state_12,state_13,state_14,state_15,state_16,state_17,state_18,state_19,state_20,state_21,state_22,state_23,state_24,state_25,state_26,state_27,state_28,state_29,state_30,state_31,state_32,state_33,state_34,state_35,state_36,state_37,state_38,state_39,state_40,state_41,state_42,state_43,state_44,state_45,state_46,state_47,state_48,state_49,state_50,state_51,state_52,state_53,state_54,state_55,state_56,state_57,state_58,state_59,state_60,state_61,state_62,state_63,state_64,state_65,state_66,state_67,state_68,state_69,state_70,state_71,state_72,state_73,state_74,state_75,state_76,state_77,state_78,state_79,state_80,state_81,state_82,state_83,state_84,state_85,state_86,state_87,state_88,state_89,state_90,state_91,state_92,state_93,state_94,state_95,state_96,state_97,state_98,state_99,state_100,state_101,state_102,state_103,state_104,state_105,state_106,state_107,state_108,state_109,state_110,state_111,state_112,state_113,state_114,state_115,state_116,state_117,state_118,state_119,state_120,state_121,state_122,state_123,state_124,state_125,state_126,state_127,state_128,state_129,state_130,state_131,state_132,state_133,state_134,state_135,state_136,state_137,state_138,state_139,state_140,state_141,state_142,state_143,state_144,state_145,state_146,state_147,state_148,state_149,state_150,state_151,state_152,state_153,state_154,state_155,state_156,state_157,state_158,state_159,state_160,state_161,state_162,state_163,state_164,state_165,state_166,state_167,state_168,state_169,state_170,state_171,state_172,state_173,state_174,state_175,state_176,state_177,state_178,state_179,state_180,state_181,state_182,state_183,state_184,state_185,state_186,state_187,state_188,state_189,state_190,state_191,state_192,state_193,state_194,state_195,state_196,state_197,state_198,state_199,state_200,state_201,state_202,state_203,state_204,state_205,state_206,state_207,state_208,state_209,state_210,state_211,state_212,state_213,state_214,state_215,state_216,state_217,state_218,state_219,state_220,state_221,state_222,state_223,state_224,state_225,state_226,state_227,state_228,state_229,state_230,state_231,state_232,state_233,state_234,state_235,state_236,state_237,state_238,state_239,state_240,state_241,state_242,state_243,state_244,state_245,state_246,state_247,state_248,state_249,state_250,state_251,state_252,state_253,state_254,state_255,state_256,state_257,state_258,state_259,state_260,state_261,state_262,state_263,state_264,state_265,state_266,state_267,state_268,state_269,state_270,state_271,state_272,state_273,state_274,state_275,state_276,state_277,state_278,state_279,state_280,state_281,state_282,state_283,state_284,state_285,state_286,state_287
{'img': array([[[ 0.        , -0.63961505, -0.57338679, ..., -0.70312637,
         -0.63961505, -0.79263505],
        [ 0.63961505,  0.        ,  0.08326711, ..., -0.08568217,
          0.        , -0.21932392],
        [ 0.57338679, -0.08326711,  0.        , ..., -0.16834552,
         -0.08326711, -0.299802  ],
        ...,
        [ 0.70312637,  0.08568217,  0.16834552, ...,  0.        ,
          0.08568217, -0.13492137],
        [ 0.63961505,  0.        ,  0.08326711, ..., -0.08568217,
          0.        , -0.21932392],
        [ 0.79263505,  0.21932392,  0.299802  , ...,  0.13492137,
          0.21932392,  0.        ]],

       [[ 0.        ,  0.90898584,  0.43561717, ..., -0.27892791,
          0.34056445,  0.11976039],
        [-0.90898584,  0.        , -0.63663028, ..., -0.98917473,
         -0.71269128, -0.85252435],
        [-0.43561717,  0.63663028,  0.        , ..., -0.66940036,
         -0.10302352, -0.32468179],
        ...,
        [ 0.27892791,  0.98917473,  0.66940036, ...,  0.        ,
          0.58930207,  0.39192776],
        [-0.34056445,  0.71269128,  0.10302352, ..., -0.58930207,
          0.        , -0.22551209],
        [-0.11976039,  0.85252435,  0.32468179, ..., -0.39192776,
          0.22551209,  0.        ]],

       [[ 0.        , -0.10510913, -0.17672664, ..., -0.89601449,
         -0.81879767, -0.78868208],
        [ 0.10510913,  0.        , -0.07229299, ..., -0.84438013,
         -0.75392081, -0.7196921 ],
        [ 0.17672664,  0.07229299,  0.        , ..., -0.80344018,
         -0.70445415, -0.66761644],
        ...,
        [ 0.89601449,  0.84438013,  0.80344018, ...,  0.        ,
          0.15081949,  0.20067642],
        [ 0.81879767,  0.75392081,  0.70445415, ..., -0.15081949,
          0.        ,  0.05062949],
        [ 0.78868208,  0.7196921 ,  0.66761644, ..., -0.20067642,
         -0.05062949,  0.        ]],

       ...,

       [[ 0.        , -0.53179913, -0.4166597 , ..., -0.68525076,
         -0.61016384, -0.70050627],
        [ 0.53179913,  0.        ,  0.13058185, ..., -0.19300553,
         -0.09539848, -0.21372166],
        [ 0.4166597 , -0.13058185,  0.        , ..., -0.31947953,
         -0.22456791, -0.33945638],
        ...,
        [ 0.68525076,  0.19300553,  0.31947953, ...,  0.        ,
          0.0985205 , -0.02115714],
        [ 0.61016384,  0.09539848,  0.22456791, ..., -0.0985205 ,
          0.        , -0.11955265],
        [ 0.70050627,  0.21372166,  0.33945638, ...,  0.02115714,
          0.11955265,  0.        ]],

       [[ 0.        , -0.0360021 , -0.18427699, ..., -0.70214284,
         -0.72026464, -0.79301543],
        [ 0.0360021 ,  0.        , -0.14877198, ..., -0.67605285,
         -0.69482307, -0.77056879],
        [ 0.18427699,  0.14877198,  0.        , ..., -0.55890632,
         -0.58009681, -0.6671727 ],
        ...,
        [ 0.70214284,  0.67605285,  0.55890632, ...,  0.        ,
         -0.02577838, -0.13690911],
        [ 0.72026464,  0.69482307,  0.58009681, ...,  0.02577838,
          0.        , -0.11132798],
        [ 0.79301543,  0.77056879,  0.6671727 , ...,  0.13690911,
          0.11132798,  0.        ]],

       [[ 0.        , -0.07567498, -0.08177063, ..., -0.39016241,
         -0.41389103, -0.45365912],
        [ 0.07567498,  0.        , -0.00611461, ..., -0.31936619,
         -0.34381528, -0.3849186 ],
        [ 0.08177063,  0.00611461,  0.        , ..., -0.31356583,
         -0.33806701, -0.37926793],
        ...,
        [ 0.39016241,  0.31936619,  0.31356583, ...,  0.        ,
         -0.02591338, -0.07000175],
        [ 0.41389103,  0.34381528,  0.33806701, ...,  0.02591338,
          0.        , -0.04412843],
        [ 0.45365912,  0.3849186 ,  0.37926793, ...,  0.07000175,
          0.04412843,  0.        ]]]), 'num': array([6.69059317e-01, 6.69059317e-01, 0.00000000e+00, 0.00000000e+00,
       1.13936866e-01, 1.14723995e-01, 1.13740084e-01, 8.58717955e-03,
       3.93564304e-04, 1.14015579e-01, 1.14261557e-01, 1.15658710e-01,
       1.91159805e-05, 1.17559698e-01, 1.10963415e-01])}
{'img': array([[[ 0.        ,  0.08326711, -0.26543619, ...,  0.        ,
         -0.21932392, -0.12950443],
        [-0.08326711,  0.        , -0.34479459, ..., -0.08326711,
         -0.299802  , -0.21162061],
        [ 0.26543619,  0.34479459,  0.        , ...,  0.26543619,
          0.04751695,  0.13834201],
        ...,
        [ 0.        ,  0.08326711, -0.26543619, ...,  0.        ,
         -0.21932392, -0.12950443],
        [ 0.21932392,  0.299802  , -0.04751695, ...,  0.21932392,
          0.        ,  0.09112569],
        [ 0.12950443,  0.21162061, -0.13834201, ...,  0.12950443,
         -0.09112569,  0.        ]],

       [[ 0.        , -0.63663028, -0.48174051, ..., -0.71269128,
         -0.85252435, -0.99142159],
        [ 0.63663028,  0.        ,  0.18638455, ..., -0.10302352,
         -0.32468179, -0.68134437],
        [ 0.48174051, -0.18638455,  0.        , ..., -0.286611  ,
         -0.4952792 , -0.80583167],
        ...,
        [ 0.71269128,  0.10302352,  0.286611  , ...,  0.        ,
         -0.22551209, -0.60230947],
        [ 0.85252435,  0.32468179,  0.4952792 , ...,  0.22551209,
          0.        , -0.40677632],
        [ 0.99142159,  0.68134437,  0.80583167, ...,  0.60230947,
          0.40677632,  0.        ]],

       [[ 0.        , -0.07229299, -0.30276749, ..., -0.75392081,
         -0.7196921 , -0.69363304],
        [ 0.07229299,  0.        , -0.23307541, ..., -0.70445415,
         -0.66761644, -0.6397434 ],
        [ 0.30276749,  0.23307541,  0.        , ..., -0.51962739,
         -0.47570349, -0.44298492],
        ...,
        [ 0.75392081,  0.70445415,  0.51962739, ...,  0.        ,
          0.05062949,  0.08737785],
        [ 0.7196921 ,  0.66761644,  0.47570349, ..., -0.05062949,
          0.        ,  0.03682994],
        [ 0.69363304,  0.6397434 ,  0.44298492, ..., -0.08737785,
         -0.03682994,  0.        ]],

       ...,

       [[ 0.        ,  0.13058185, -0.06364908, ..., -0.09539848,
         -0.21372166, -0.12265956],
        [-0.13058185,  0.        , -0.19342116, ..., -0.22456791,
         -0.33945638, -0.25120509],
        [ 0.06364908,  0.19342116,  0.        , ..., -0.03184626,
         -0.15110987, -0.0592424 ],
        ...,
        [ 0.09539848,  0.22456791,  0.03184626, ...,  0.        ,
         -0.11955265, -0.02742202],
        [ 0.21372166,  0.33945638,  0.15110987, ...,  0.11955265,
          0.        ,  0.09228235],
        [ 0.12265956,  0.25120509,  0.0592424 , ...,  0.02742202,
         -0.09228235,  0.        ]],

       [[ 0.        , -0.14877198, -0.2099584 , ..., -0.69482307,
         -0.77056879, -0.90636173],
        [ 0.14877198,  0.        , -0.06216598, ..., -0.58009681,
         -0.6671727 , -0.83341877],
        [ 0.2099584 ,  0.06216598,  0.        , ..., -0.52833765,
         -0.61957464, -0.79745126],
        ...,
        [ 0.69482307,  0.58009681,  0.52833765, ...,  0.        ,
         -0.11132798, -0.35827336],
        [ 0.77056879,  0.6671727 ,  0.61957464, ...,  0.11132798,
          0.        , -0.25210856],
        [ 0.90636173,  0.83341877,  0.79745126, ...,  0.35827336,
          0.25210856,  0.        ]],

       [[ 0.        , -0.00611461, -0.14838123, ..., -0.34381528,
         -0.3849186 , -0.24434263],
        [ 0.00611461,  0.        , -0.14233153, ..., -0.33806701,
         -0.37926793, -0.2384088 ],
        [ 0.14838123,  0.14233153,  0.        , ..., -0.20067382,
         -0.24370911, -0.09775418],
        ...,
        [ 0.34381528,  0.33806701,  0.20067382, ...,  0.        ,
         -0.04412843,  0.10394704],
        [ 0.3849186 ,  0.37926793,  0.24370911, ...,  0.04412843,
          0.        ,  0.14773516],
        [ 0.24434263,  0.2384088 ,  0.09775418, ..., -0.10394704,
         -0.14773516,  0.        ]]]), 'num': array([6.69008680e-01, 6.69008680e-01, 0.00000000e+00, 0.00000000e+00,
       1.14715312e-01, 1.14715312e-01, 1.13731476e-01, 9.59673275e-03,
       7.87069035e-04, 1.14164364e-01, 1.14134848e-01, 1.15653236e-01,
       1.53411761e-05, 1.17179277e-01, 1.11090420e-01])}
{'img': array([[[ 0.        , -0.34479459, -0.299802  , ..., -0.299802  ,
         -0.21162061, -0.04141641],
        [ 0.34479459,  0.        ,  0.04751695, ...,  0.04751695,
          0.13834201,  0.30562207],
        [ 0.299802  , -0.04751695,  0.        , ...,  0.        ,
          0.09112569,  0.26003345],
        ...,
        [ 0.299802  , -0.04751695,  0.        , ...,  0.        ,
          0.09112569,  0.26003345],
        [ 0.21162061, -0.13834201, -0.09112569, ..., -0.09112569,
          0.        ,  0.17096062],
        [ 0.04141641, -0.30562207, -0.26003345, ..., -0.26003345,
         -0.17096062,  0.        ]],

       [[ 0.        ,  0.18638455, -0.05827767, ..., -0.32468179,
         -0.68134437, -0.56037993],
        [-0.18638455,  0.        , -0.24332423, ..., -0.4952792 ,
         -0.80583167, -0.70493065],
        [ 0.05827767,  0.24332423,  0.        , ..., -0.26900959,
         -0.63752926, -0.51115987],
        ...,
        [ 0.32468179,  0.4952792 ,  0.26900959, ...,  0.        ,
         -0.40677632, -0.26110735],
        [ 0.68134437,  0.80583167,  0.63752926, ...,  0.40677632,
          0.        ,  0.15413633],
        [ 0.56037993,  0.70493065,  0.51115987, ...,  0.26110735,
         -0.15413633,  0.        ]],

       [[ 0.        , -0.23307541, -0.43981055, ..., -0.66761644,
         -0.6397434 , -0.60228133],
        [ 0.23307541,  0.        , -0.21837475, ..., -0.47570349,
         -0.44298492, -0.39963335],
        [ 0.43981055,  0.21837475,  0.        , ..., -0.27213871,
         -0.23651417, -0.18980951],
        ...,
        [ 0.66761644,  0.47570349,  0.27213871, ...,  0.        ,
          0.03682994,  0.08454576],
        [ 0.6397434 ,  0.44298492,  0.23651417, ..., -0.03682994,
          0.        ,  0.04779032],
        [ 0.60228133,  0.39963335,  0.18980951, ..., -0.08454576,
         -0.04779032,  0.        ]],

       ...,

       [[ 0.        , -0.19342116, -0.06873775, ..., -0.33945638,
         -0.25120509, -0.63141001],
        [ 0.19342116,  0.        ,  0.12552398, ..., -0.15110987,
         -0.0592424 , -0.46949808],
        [ 0.06873775, -0.12552398,  0.        , ..., -0.27399726,
         -0.18407733, -0.57661395],
        ...,
        [ 0.33945638,  0.15110987,  0.27399726, ...,  0.        ,
          0.09228235, -0.33068686],
        [ 0.25120509,  0.0592424 ,  0.18407733, ..., -0.09228235,
          0.        , -0.41636637],
        [ 0.63141001,  0.46949808,  0.57661395, ...,  0.33068686,
          0.41636637,  0.        ]],

       [[ 0.        , -0.06216598, -0.06388464, ..., -0.6671727 ,
         -0.83341877, -0.92272786],
        [ 0.06216598,  0.        , -0.00172208, ..., -0.61957464,
         -0.79745126, -0.89698113],
        [ 0.06388464,  0.00172208,  0.        , ..., -0.61822199,
         -0.796411  , -0.89621852],
        ...,
        [ 0.6671727 ,  0.61957464,  0.61822199, ...,  0.        ,
         -0.25210856, -0.43017972],
        [ 0.83341877,  0.79745126,  0.796411  , ...,  0.25210856,
          0.        , -0.18869516],
        [ 0.92272786,  0.89698113,  0.89621852, ...,  0.43017972,
          0.18869516,  0.        ]],

       [[ 0.        , -0.14233153, -0.2569555 , ..., -0.37926793,
         -0.2384088 , -0.14911041],
        [ 0.14233153,  0.        , -0.11678695, ..., -0.24370911,
         -0.09775418, -0.00685198],
        [ 0.2569555 ,  0.11678695,  0.        , ..., -0.12877578,
          0.01914236,  0.10997912],
        ...,
        [ 0.37926793,  0.24370911,  0.12877578, ...,  0.        ,
          0.14773516,  0.23705801],
        [ 0.2384088 ,  0.09775418, -0.01914236, ..., -0.14773516,
          0.        ,  0.09093272],
        [ 0.14911041,  0.00685198, -0.10997912, ..., -0.23705801,
         -0.09093272,  0.        ]]]), 'num': array([ 6.69135983e-01,  6.69135983e-01,  0.00000000e+00,  0.00000000e+00,
        1.13556312e-01,  1.14737141e-01,  1.13162703e-01,  1.31682025e-02,
       -1.18082821e-03,  1.14068005e-01,  1.14117206e-01,  1.15652282e-01,
        1.39277173e-05,  1.17171866e-01,  1.11062546e-01])}
{'img': array([[[ 0.00000000e+00,  4.75169500e-02,  3.44794592e-01, ...,
          1.38342006e-01,  3.05622070e-01,  4.75169500e-02],
        [-4.75169500e-02,  0.00000000e+00,  2.99801999e-01, ...,
          9.11256874e-02,  2.60033447e-01,  0.00000000e+00],
        [-3.44794592e-01, -2.99801999e-01,  0.00000000e+00, ...,
         -2.11620605e-01, -4.14164086e-02, -2.99801999e-01],
        ...,
        [-1.38342006e-01, -9.11256874e-02,  2.11620605e-01, ...,
          0.00000000e+00,  1.70960624e-01, -9.11256874e-02],
        [-3.05622070e-01, -2.60033447e-01,  4.14164086e-02, ...,
         -1.70960624e-01,  0.00000000e+00, -2.60033447e-01],
        [-4.75169500e-02,  0.00000000e+00,  2.99801999e-01, ...,
          9.11256874e-02,  2.60033447e-01,  0.00000000e+00]],

       [[ 0.00000000e+00, -2.43324232e-01,  6.58316732e-02, ...,
         -8.05831675e-01, -7.04930646e-01, -4.34467342e-01],
        [ 2.43324232e-01,  0.00000000e+00,  3.06649502e-01, ...,
         -6.37529263e-01, -5.11159865e-01, -2.02250314e-01],
        [-6.58316732e-02, -3.06649502e-01,  0.00000000e+00, ...,
         -8.43065493e-01, -7.50094312e-01, -4.92818641e-01],
        ...,
        [ 8.05831675e-01,  6.37529263e-01,  8.43065493e-01, ...,
          0.00000000e+00,  1.54136334e-01,  4.68535065e-01],
        [ 7.04930646e-01,  5.11159865e-01,  7.50094312e-01, ...,
         -1.54136334e-01,  0.00000000e+00,  3.26764920e-01],
        [ 4.34467342e-01,  2.02250314e-01,  4.92818641e-01, ...,
         -4.68535065e-01, -3.26764920e-01,  0.00000000e+00]],

       [[ 0.00000000e+00, -2.18374750e-01, -3.78067126e-01, ...,
         -4.42984924e-01, -3.99633354e-01, -4.32118657e-01],
        [ 2.18374750e-01,  0.00000000e+00, -1.66775891e-01, ...,
         -2.36514167e-01, -1.89809508e-01, -2.24755457e-01],
        [ 3.78067126e-01,  1.66775891e-01,  0.00000000e+00, ...,
         -7.11576136e-02, -2.34071321e-02, -5.90987556e-02],
        ...,
        [ 4.42984924e-01,  2.36514167e-01,  7.11576136e-02, ...,
          0.00000000e+00,  4.77903205e-02,  1.20842949e-02],
        [ 3.99633354e-01,  1.89809508e-01,  2.34071321e-02, ...,
         -4.77903205e-02,  0.00000000e+00, -3.57163437e-02],
        [ 4.32118657e-01,  2.24755457e-01,  5.90987556e-02, ...,
         -1.20842949e-02,  3.57163437e-02,  0.00000000e+00]],

       ...,

       [[ 0.00000000e+00,  1.25523977e-01,  1.82058878e-01, ...,
         -5.92423962e-02, -4.69498078e-01, -6.31283985e-01],
        [-1.25523977e-01,  0.00000000e+00,  5.71927252e-02, ...,
         -1.84077333e-01, -5.76613947e-01, -7.23641240e-01],
        [-1.82058878e-01, -5.71927252e-02,  0.00000000e+00, ...,
         -2.39991430e-01, -6.22397534e-01, -7.61929817e-01],
        ...,
        [ 5.92423962e-02,  1.84077333e-01,  2.39991430e-01, ...,
          0.00000000e+00, -4.16366369e-01, -5.84229671e-01],
        [ 4.69498078e-01,  5.76613947e-01,  6.22397534e-01, ...,
          4.16366369e-01,  0.00000000e+00, -1.93261714e-01],
        [ 6.31283985e-01,  7.23641240e-01,  7.61929817e-01, ...,
          5.84229671e-01,  1.93261714e-01,  0.00000000e+00]],

       [[ 0.00000000e+00, -1.72207977e-03, -3.67946434e-04, ...,
         -7.97451259e-01, -8.96981133e-01, -9.04355189e-01],
        [ 1.72207977e-03,  0.00000000e+00,  1.35413377e-03, ...,
         -7.96411002e-01, -8.96218525e-01, -9.03618897e-01],
        [ 3.67946434e-04, -1.35413377e-03,  0.00000000e+00, ...,
         -7.97229192e-01, -8.96818414e-01, -9.04198095e-01],
        ...,
        [ 7.97451259e-01,  7.96411002e-01,  7.97229192e-01, ...,
          0.00000000e+00, -1.88695156e-01, -2.05336143e-01],
        [ 8.96981133e-01,  8.96218525e-01,  8.96818414e-01, ...,
          1.88695156e-01,  0.00000000e+00, -1.69730784e-02],
        [ 9.04355189e-01,  9.03618897e-01,  9.04198095e-01, ...,
          2.05336143e-01,  1.69730784e-02,  0.00000000e+00]],

       [[ 0.00000000e+00, -1.16786948e-01, -5.02912347e-02, ...,
         -9.77541770e-02, -6.85197732e-03, -3.84553629e-02],
        [ 1.16786948e-01,  0.00000000e+00,  6.66920737e-02, ...,
          1.91423631e-02,  1.09979117e-01,  7.85083502e-02],
        [ 5.02912347e-02, -6.66920737e-02,  0.00000000e+00, ...,
         -4.75801089e-02,  4.34467474e-02,  1.18473340e-02],
        ...,
        [ 9.77541770e-02, -1.91423631e-02,  4.75801089e-02, ...,
          0.00000000e+00,  9.09327218e-02,  5.94106857e-02],
        [ 6.85197732e-03, -1.09979117e-01, -4.34467474e-02, ...,
         -9.09327218e-02,  0.00000000e+00, -3.16075511e-02],
        [ 3.84553629e-02, -7.85083502e-02, -1.18473340e-02, ...,
         -5.94106857e-02,  3.16075511e-02,  0.00000000e+00]]]), 'num': array([ 6.69309816e-01,  6.69309816e-01,  0.00000000e+00,  0.00000000e+00,
        1.12995245e-01,  1.14176380e-01,  1.12995245e-01,  1.04369023e-02,
       -5.90567485e-04,  1.13782669e-01,  1.14048424e-01,  1.15675766e-01,
        1.48448657e-05,  1.17119060e-01,  1.10977789e-01])}
{'img': array([[[ 0.00000000e+00,  2.99801999e-01,  2.60033447e-01, ...,
          2.60033447e-01,  0.00000000e+00, -1.47111454e-01],
        [-2.99801999e-01,  0.00000000e+00, -4.14164086e-02, ...,
         -4.14164086e-02, -2.99801999e-01, -4.36884670e-01],
        [-2.60033447e-01,  4.14164086e-02,  0.00000000e+00, ...,
          0.00000000e+00, -2.60033447e-01, -3.99255026e-01],
        ...,
        [-2.60033447e-01,  4.14164086e-02,  0.00000000e+00, ...,
          0.00000000e+00, -2.60033447e-01, -3.99255026e-01],
        [ 0.00000000e+00,  2.99801999e-01,  2.60033447e-01, ...,
          2.60033447e-01,  0.00000000e+00, -1.47111454e-01],
        [ 1.47111454e-01,  4.36884670e-01,  3.99255026e-01, ...,
          3.99255026e-01,  1.47111454e-01,  0.00000000e+00]],

       [[ 0.00000000e+00,  3.06649502e-01,  4.65704105e-01, ...,
         -5.11159865e-01, -2.02250314e-01, -4.27070225e-01],
        [-3.06649502e-01,  0.00000000e+00,  1.71901085e-01, ...,
         -7.50094312e-01, -4.92818641e-01, -6.83773192e-01],
        [-4.65704105e-01, -1.71901085e-01,  0.00000000e+00, ...,
         -8.52612064e-01, -6.35059293e-01, -7.99029986e-01],
        ...,
        [ 5.11159865e-01,  7.50094312e-01,  8.52612064e-01, ...,
          0.00000000e+00,  3.26764920e-01,  9.51394541e-02],
        [ 2.02250314e-01,  4.92818641e-01,  6.35059293e-01, ...,
         -3.26764920e-01,  0.00000000e+00, -2.35365864e-01],
        [ 4.27070225e-01,  6.83773192e-01,  7.99029986e-01, ...,
         -9.51394541e-02,  2.35365864e-01,  0.00000000e+00]],

       [[ 0.00000000e+00, -1.66775891e-01, -1.55335062e-01, ...,
         -1.89809508e-01, -2.24755457e-01, -3.20508322e-01],
        [ 1.66775891e-01,  0.00000000e+00,  1.15919710e-02, ...,
         -2.34071321e-02, -5.90987556e-02, -1.58041803e-01],
        [ 1.55335062e-01, -1.15919710e-02,  0.00000000e+00, ...,
         -3.49943544e-02, -7.06664947e-02, -1.69477472e-01],
        ...,
        [ 1.89809508e-01,  2.34071321e-02,  3.49943544e-02, ...,
          0.00000000e+00, -3.57163437e-02, -1.34885541e-01],
        [ 2.24755457e-01,  5.90987556e-02,  7.06664947e-02, ...,
          3.57163437e-02,  0.00000000e+00, -9.94095405e-02],
        [ 3.20508322e-01,  1.58041803e-01,  1.69477472e-01, ...,
          1.34885541e-01,  9.94095405e-02,  0.00000000e+00]],

       ...,

       [[ 0.00000000e+00,  5.71927252e-02, -3.69386609e-01, ...,
         -5.76613947e-01, -7.23641240e-01, -6.28861547e-01],
        [-5.71927252e-02,  0.00000000e+00, -4.21929797e-01, ...,
         -6.22397534e-01, -7.61929817e-01, -6.72300533e-01],
        [ 3.69386609e-01,  4.21929797e-01,  0.00000000e+00, ...,
         -2.34038350e-01, -4.17520409e-01, -2.97181345e-01],
        ...,
        [ 5.76613947e-01,  6.22397534e-01,  2.34038350e-01, ...,
          0.00000000e+00, -1.93261714e-01, -6.54630919e-02],
        [ 7.23641240e-01,  7.61929817e-01,  4.17520409e-01, ...,
          1.93261714e-01,  0.00000000e+00,  1.28618234e-01],
        [ 6.28861547e-01,  6.72300533e-01,  2.97181345e-01, ...,
          6.54630919e-02, -1.28618234e-01,  0.00000000e+00]],

       [[ 0.00000000e+00,  1.35413377e-03, -1.66821979e-02, ...,
         -8.96218525e-01, -9.03618897e-01, -9.23738685e-01],
        [-1.35413377e-03,  0.00000000e+00, -1.80361279e-02, ...,
         -8.96818414e-01, -9.04198095e-01, -9.24256503e-01],
        [ 1.66821979e-02,  1.80361279e-02,  0.00000000e+00, ...,
         -8.88693372e-01, -8.96347544e-01, -9.17220470e-01],
        ...,
        [ 8.96218525e-01,  8.96818414e-01,  8.88693372e-01, ...,
          0.00000000e+00, -1.69730784e-02, -6.65097774e-02],
        [ 9.03618897e-01,  9.04198095e-01,  8.96347544e-01, ...,
          1.69730784e-02,  0.00000000e+00, -4.95647003e-02],
        [ 9.23738685e-01,  9.24256503e-01,  9.17220470e-01, ...,
          6.65097774e-02,  4.95647003e-02,  0.00000000e+00]],

       [[ 0.00000000e+00,  6.66920737e-02,  2.03306045e-01, ...,
          1.09979117e-01,  7.85083502e-02, -7.23482556e-04],
        [-6.66920737e-02,  0.00000000e+00,  1.37554180e-01, ...,
          4.34467474e-02,  1.18473340e-02, -6.74139280e-02],
        [-2.03306045e-01, -1.37554180e-01,  0.00000000e+00, ...,
         -9.43905404e-02, -1.25809810e-01, -2.04014365e-01],
        ...,
        [-1.09979117e-01, -4.34467474e-02,  9.43905404e-02, ...,
          0.00000000e+00, -3.16075511e-02, -1.10698182e-01],
        [-7.85083502e-02, -1.18473340e-02,  1.25809810e-01, ...,
          3.16075511e-02,  0.00000000e+00, -7.92295792e-02],
        [ 7.23482556e-04,  6.74139280e-02,  2.04014365e-01, ...,
          1.10698182e-01,  7.92295792e-02,  0.00000000e+00]]]), 'num': array([ 6.69615153e-01,  6.69615153e-01,  0.00000000e+00,  0.00000000e+00,
        1.12259011e-01,  1.13046793e-01,  1.11077337e-01,  1.54338415e-02,
       -7.87782533e-04,  1.13558852e-01,  1.13972438e-01,  1.15705559e-01,
        1.70933946e-05,  1.17126275e-01,  1.10818601e-01])}
{'img': array([[[ 0.        , -0.04141641, -0.299802  , ..., -0.299802  ,
         -0.43688467, -0.63261831],
        [ 0.04141641,  0.        , -0.26003345, ..., -0.26003345,
         -0.39925503, -0.6       ],
        [ 0.299802  ,  0.26003345,  0.        , ...,  0.        ,
         -0.14711145, -0.37133301],
        ...,
        [ 0.299802  ,  0.26003345,  0.        , ...,  0.        ,
         -0.14711145, -0.37133301],
        [ 0.43688467,  0.39925503,  0.14711145, ...,  0.14711145,
          0.        , -0.23069993],
        [ 0.63261831,  0.6       ,  0.37133301, ...,  0.37133301,
          0.23069993,  0.        ]],

       [[ 0.        ,  0.17190109,  0.23356698, ..., -0.49281864,
         -0.68377319, -0.35083273],
        [-0.17190109,  0.        ,  0.06294373, ..., -0.63505929,
         -0.79902999, -0.50658504],
        [-0.23356698, -0.06294373,  0.        , ..., -0.68242175,
         -0.83529308, -0.55984998],
        ...,
        [ 0.49281864,  0.63505929,  0.68242175, ...,  0.        ,
         -0.23536586,  0.15622337],
        [ 0.68377319,  0.79902999,  0.83529308, ...,  0.23536586,
          0.        ,  0.38431054],
        [ 0.35083273,  0.50658504,  0.55984998, ..., -0.15622337,
         -0.38431054,  0.        ]],

       [[ 0.        ,  0.01159197, -0.07115761, ..., -0.05909876,
         -0.1580418 , -0.2499174 ],
        [-0.01159197,  0.        , -0.08271542, ..., -0.07066649,
         -0.16947747, -0.26112473],
        [ 0.07115761,  0.08271542,  0.        , ...,  0.01208429,
         -0.08737785, -0.1803843 ],
        ...,
        [ 0.05909876,  0.07066649, -0.01208429, ...,  0.        ,
         -0.09940954, -0.1922572 ],
        [ 0.1580418 ,  0.16947747,  0.08737785, ...,  0.09940954,
          0.        , -0.09374986],
        [ 0.2499174 ,  0.26112473,  0.1803843 , ...,  0.1922572 ,
          0.09374986,  0.        ]],

       ...,

       [[ 0.        , -0.4219298 , -0.95140646, ..., -0.76192982,
         -0.67230053, -0.44792244],
        [ 0.4219298 ,  0.        , -0.73264403, ..., -0.41752041,
         -0.29718135, -0.02886346],
        [ 0.95140646,  0.73264403,  0.        , ...,  0.38156045,
          0.49727875,  0.71269397],
        ...,
        [ 0.76192982,  0.41752041, -0.38156045, ...,  0.        ,
          0.12861823,  0.39111916],
        [ 0.67230053,  0.29718135, -0.49727875, ..., -0.12861823,
          0.        ,  0.26949809],
        [ 0.44792244,  0.02886346, -0.71269397, ..., -0.39111916,
         -0.26949809,  0.        ]],

       [[ 0.        , -0.01803613, -0.01300179, ..., -0.9041981 ,
         -0.9242565 , -0.9349441 ],
        [ 0.01803613,  0.        ,  0.00503493, ..., -0.89634754,
         -0.91722047, -0.92839289],
        [ 0.01300179, -0.00503493,  0.        , ..., -0.89856843,
         -0.91921466, -0.9302521 ],
        ...,
        [ 0.9041981 ,  0.89634754,  0.89856843, ...,  0.        ,
         -0.0495647 , -0.07852208],
        [ 0.9242565 ,  0.91722047,  0.91921466, ...,  0.0495647 ,
          0.        , -0.02901391],
        [ 0.9349441 ,  0.92839289,  0.9302521 , ...,  0.07852208,
          0.02901391,  0.        ]],

       [[ 0.        ,  0.13755418,  0.10742024, ...,  0.01184733,
         -0.06741393, -0.24995423],
        [-0.13755418,  0.        , -0.03035912, ..., -0.12580981,
         -0.20401436, -0.38076611],
        [-0.10742024,  0.03035912,  0.        , ..., -0.09563392,
         -0.17419972, -0.35251839],
        ...,
        [-0.01184733,  0.12580981,  0.09563392, ...,  0.        ,
         -0.07922958, -0.26140796],
        [ 0.06741393,  0.20401436,  0.17419972, ...,  0.07922958,
          0.        , -0.18411156],
        [ 0.24995423,  0.38076611,  0.35251839, ...,  0.26140796,
          0.18411156,  0.        ]]]), 'num': array([6.69644810e-01, 6.69644810e-01, 0.00000000e+00, 0.00000000e+00,
       1.12263983e-01, 1.13051800e-01, 1.12263983e-01, 7.56541072e-03,
       0.00000000e+00, 1.13209364e-01, 1.13859313e-01, 1.15664728e-01,
       2.20973180e-05, 1.17083354e-01, 1.10635272e-01])}
{'img': array([[[ 0.        , -0.26003345, -0.26003345, ..., -0.39925503,
         -0.6       , -0.6       ],
        [ 0.26003345,  0.        ,  0.        , ..., -0.14711145,
         -0.37133301, -0.37133301],
        [ 0.26003345,  0.        ,  0.        , ..., -0.14711145,
         -0.37133301, -0.37133301],
        ...,
        [ 0.39925503,  0.14711145,  0.14711145, ...,  0.        ,
         -0.23069993, -0.23069993],
        [ 0.6       ,  0.37133301,  0.37133301, ...,  0.23069993,
          0.        ,  0.        ],
        [ 0.6       ,  0.37133301,  0.37133301, ...,  0.23069993,
          0.        ,  0.        ]],

       [[ 0.        ,  0.06232638, -0.7079094 , ..., -0.78515841,
         -0.49971717, -0.99277941],
        [-0.06232638,  0.        , -0.75055443, ..., -0.82223034,
         -0.55273204, -0.99832559],
        [ 0.7079094 ,  0.75055443,  0.        , ..., -0.1161552 ,
          0.26023122, -0.61628651],
        ...,
        [ 0.78515841,  0.82223034,  0.1161552 , ...,  0.        ,
          0.37062296, -0.52064013],
        [ 0.49971717,  0.55273204, -0.26023122, ..., -0.37062296,
          0.        , -0.79999099],
        [ 0.99277941,  0.99832559,  0.61628651, ...,  0.52064013,
          0.79999099,  0.        ]],

       [[ 0.        , -0.08271542, -0.07066649, ..., -0.16947747,
         -0.26112473, -0.38842849],
        [ 0.08271542,  0.        ,  0.01208429, ..., -0.08737785,
         -0.1803843 , -0.31087691],
        [ 0.07066649, -0.01208429,  0.        , ..., -0.09940954,
         -0.1922572 , -0.32233973],
        ...,
        [ 0.16947747,  0.08737785,  0.09940954, ...,  0.        ,
         -0.09374986, -0.2266396 ],
        [ 0.26112473,  0.1803843 ,  0.1922572 , ...,  0.09374986,
          0.        , -0.13433106],
        [ 0.38842849,  0.31087691,  0.32233973, ...,  0.2266396 ,
          0.13433106,  0.        ]],

       ...,

       [[ 0.        , -0.73264403, -0.56045626, ..., -0.29718135,
         -0.02886346,  0.48227215],
        [ 0.73264403,  0.        ,  0.22531082, ...,  0.49727875,
          0.71269397,  0.97005211],
        [ 0.56045626, -0.22531082,  0.        , ...,  0.2890146 ,
          0.5363185 ,  0.8903818 ],
        ...,
        [ 0.29718135, -0.49727875, -0.2890146 , ...,  0.        ,
          0.26949809,  0.72082084],
        [ 0.02886346, -0.71269397, -0.5363185 , ..., -0.26949809,
          0.        ,  0.50735623],
        [-0.48227215, -0.97005211, -0.8903818 , ..., -0.72082084,
         -0.50735623,  0.        ]],

       [[ 0.        ,  0.00503493, -0.0026689 , ..., -0.91722047,
         -0.92839289, -0.93966014],
        [-0.00503493,  0.        , -0.00770378, ..., -0.91921466,
         -0.9302521 , -0.94137072],
        [ 0.0026689 ,  0.00770378,  0.        , ..., -0.91615397,
         -0.92739782, -0.93874374],
        ...,
        [ 0.91722047,  0.91921466,  0.91615397, ...,  0.        ,
         -0.02901391, -0.06055207],
        [ 0.92839289,  0.9302521 ,  0.92739782, ...,  0.02901391,
          0.        , -0.03156591],
        [ 0.93966014,  0.94137072,  0.93874374, ...,  0.06055207,
          0.03156591,  0.        ]],

       [[ 0.        , -0.02986058,  0.0039787 , ..., -0.19972928,
         -0.36946907, -0.68917839],
        [ 0.02986058,  0.        ,  0.03383727, ..., -0.17038129,
         -0.34155658, -0.66723434],
        [-0.0039787 , -0.03383727,  0.        , ..., -0.20362624,
         -0.37316333, -0.69205587],
        ...,
        [ 0.19972928,  0.17038129,  0.20362624, ...,  0.        ,
         -0.17642764, -0.53057004],
        [ 0.36946907,  0.34155658,  0.37316333, ...,  0.17642764,
          0.        , -0.37269999],
        [ 0.68917839,  0.66723434,  0.69205587, ...,  0.53057004,
          0.37269999,  0.        ]]]), 'num': array([ 6.69882411e-01,  6.69882411e-01,  0.00000000e+00,  0.00000000e+00,
        1.11909768e-01,  1.12303816e-01,  1.11318695e-01,  8.04449966e-03,
       -3.94048477e-04,  1.12658460e-01,  1.13771647e-01,  1.15656512e-01,
        2.01829708e-05,  1.17097740e-01,  1.10445553e-01])}
{'img': array([[[ 0.        ,  0.        ,  0.13492137, ..., -0.37133301,
         -0.37133301, -0.50467999],
        [ 0.        ,  0.        ,  0.13492137, ..., -0.37133301,
         -0.37133301, -0.50467999],
        [-0.13492137, -0.13492137,  0.        , ..., -0.49321211,
         -0.49321211, -0.61654385],
        ...,
        [ 0.37133301,  0.37133301,  0.49321211, ...,  0.        ,
          0.        , -0.14802105],
        [ 0.37133301,  0.37133301,  0.49321211, ...,  0.        ,
          0.        , -0.14802105],
        [ 0.50467999,  0.50467999,  0.61654385, ...,  0.14802105,
          0.14802105,  0.        ]],

       [[ 0.        , -0.75055443, -0.96969002, ..., -0.55273204,
         -0.99832559, -0.96150855],
        [ 0.75055443,  0.        , -0.45739025, ...,  0.26023122,
         -0.61628651, -0.42913954],
        [ 0.96969002,  0.45739025,  0.        , ...,  0.67304627,
         -0.18783779,  0.03151312],
        ...,
        [ 0.55273204, -0.26023122, -0.67304627, ...,  0.        ,
         -0.79999099, -0.64940488],
        [ 0.99832559,  0.61628651,  0.18783779, ...,  0.79999099,
          0.        ,  0.21869668],
        [ 0.96150855,  0.42913954, -0.03151312, ...,  0.64940488,
         -0.21869668,  0.        ]],

       [[ 0.        ,  0.01208429,  0.04779032, ..., -0.1803843 ,
         -0.31087691, -0.58033323],
        [-0.01208429,  0.        ,  0.03571634, ..., -0.1922572 ,
         -0.32233973, -0.59013205],
        [-0.04779032, -0.03571634,  0.        , ..., -0.22718457,
         -0.35594402, -0.61858957],
        ...,
        [ 0.1803843 ,  0.1922572 ,  0.22718457, ...,  0.        ,
         -0.13433106, -0.42391236],
        [ 0.31087691,  0.32233973,  0.35594402, ...,  0.13433106,
          0.        , -0.29840616],
        [ 0.58033323,  0.59013205,  0.61858957, ...,  0.42391236,
          0.29840616,  0.        ]],

       ...,

       [[ 0.        ,  0.22531082,  0.15207095, ...,  0.71269397,
          0.97005211,  0.90224541],
        [-0.22531082,  0.        , -0.07452962, ...,  0.5363185 ,
          0.8903818 ,  0.78188672],
        [-0.15207095,  0.07452962,  0.        , ...,  0.59773105,
          0.92183243,  0.82617543],
        ...,
        [-0.71269397, -0.5363185 , -0.59773105, ...,  0.        ,
          0.50735623,  0.32557269],
        [-0.97005211, -0.8903818 , -0.92183243, ..., -0.50735623,
          0.        , -0.1991561 ],
        [-0.90224541, -0.78188672, -0.82617543, ..., -0.32557269,
          0.1991561 ,  0.        ]],

       [[ 0.        , -0.00770378, -0.01848641, ..., -0.9302521 ,
         -0.94137072, -0.94745708],
        [ 0.00770378,  0.        , -0.0107834 , ..., -0.92739782,
         -0.93874374, -0.94496466],
        [ 0.01848641,  0.0107834 ,  0.        , ..., -0.92331008,
         -0.93497302, -0.94138169],
        ...,
        [ 0.9302521 ,  0.92739782,  0.92331008, ...,  0.        ,
         -0.03156591, -0.05007017],
        [ 0.94137072,  0.93874374,  0.93497302, ...,  0.03156591,
          0.        , -0.01851891],
        [ 0.94745708,  0.94496466,  0.94138169, ...,  0.05007017,
          0.01851891,  0.        ]],

       [[ 0.        ,  0.02935524,  0.08019483, ..., -0.27058402,
         -0.40937074, -0.74089304],
        [-0.02935524,  0.        ,  0.05089958, ..., -0.29872759,
         -0.4359771 , -0.7602894 ],
        [-0.08019483, -0.05089958,  0.        , ..., -0.34691579,
         -0.48121945, -0.79236747],
        ...,
        [ 0.27058402,  0.29872759,  0.34691579, ...,  0.        ,
         -0.14722749, -0.53152458],
        [ 0.40937074,  0.4359771 ,  0.48121945, ...,  0.14722749,
          0.        , -0.40102438],
        [ 0.74089304,  0.7602894 ,  0.79236747, ...,  0.53152458,
          0.40102438,  0.        ]]]), 'num': array([ 6.70163191e-01,  6.70163191e-01,  0.00000000e+00,  0.00000000e+00,
        1.10379820e-01,  1.12547995e-01,  1.10379820e-01,  1.24835634e-02,
       -1.57685457e-03,  1.12035517e-01,  1.13464541e-01,  1.15649142e-01,
        1.48925153e-05,  1.16667815e-01,  1.10261267e-01])}
{'img': array([[[ 0.        ,  0.11527922, -0.12107244, ..., -0.29362068,
         -0.38614186, -0.92423746],
        [-0.11527922,  0.        , -0.23469646, ..., -0.4018611 ,
         -0.4899056 , -0.96209139],
        [ 0.12107244,  0.23469646,  0.        , ..., -0.1757249 ,
         -0.27161928, -0.8712108 ],
        ...,
        [ 0.29362068,  0.4018611 ,  0.1757249 , ...,  0.        ,
         -0.09827422, -0.77138922],
        [ 0.38614186,  0.4899056 ,  0.27161928, ...,  0.09827422,
          0.        , -0.70511707],
        [ 0.92423746,  0.96209139,  0.8712108 , ...,  0.77138922,
          0.70511707,  0.        ]],

       [[ 0.        , -0.45739025,  0.15831674, ..., -0.61628651,
         -0.42913954,  0.05792616],
        [ 0.45739025,  0.        ,  0.59240753, ..., -0.18783779,
          0.03151312,  0.50813401],
        [-0.15831674, -0.59240753,  0.        , ..., -0.73319206,
         -0.56672512, -0.10085529],
        ...,
        [ 0.61628651,  0.18783779,  0.73319206, ...,  0.        ,
          0.21869668,  0.66086981],
        [ 0.42913954, -0.03151312,  0.56672512, ..., -0.21869668,
          0.        ,  0.48074008],
        [-0.05792616, -0.50813401,  0.10085529, ..., -0.66086981,
         -0.48074008,  0.        ]],

       [[ 0.        ,  0.03246241, -0.07793605, ..., -0.28279413,
         -0.49183841, -0.88982052],
        [-0.03246241,  0.        , -0.11025865, ..., -0.3137824 ,
         -0.51984377, -0.90416449],
        [ 0.07793605,  0.11025865,  0.        , ..., -0.20717923,
         -0.42248454, -0.85155096],
        ...,
        [ 0.28279413,  0.3137824 ,  0.20717923, ...,  0.        ,
         -0.22553684, -0.72445663],
        [ 0.49183841,  0.51984377,  0.42248454, ...,  0.22553684,
          0.        , -0.5503236 ],
        [ 0.88982052,  0.90416449,  0.85155096, ...,  0.72445663,
          0.5503236 ,  0.        ]],

       ...,

       [[ 0.        , -0.07452962,  0.16925644, ...,  0.8903818 ,
          0.78188672,  0.29267315],
        [ 0.07452962,  0.        ,  0.24224001, ...,  0.92183243,
          0.82617543,  0.36312532],
        [-0.16925644, -0.24224001,  0.        , ...,  0.80048742,
          0.66508775,  0.12660534],
        ...,
        [-0.8903818 , -0.92183243, -0.80048742, ...,  0.        ,
         -0.1991561 , -0.71816517],
        [-0.78188672, -0.82617543, -0.66508775, ...,  0.1991561 ,
          0.        , -0.56519144],
        [-0.29267315, -0.36312532, -0.12660534, ...,  0.71816517,
          0.56519144,  0.        ]],

       [[ 0.        , -0.01067218, -0.03047622, ..., -0.92747397,
         -0.93375058, -0.97404928],
        [ 0.01067218,  0.        , -0.01980726, ..., -0.92343095,
         -0.92987757, -0.97640931],
        [ 0.03047622,  0.01980726,  0.        , ..., -0.91564847,
         -0.92240866, -0.98049469],
        ...,
        [ 0.92747397,  0.92343095,  0.91564847, ...,  0.        ,
