state_0,state_1,state_2,state_3,state_4,state_5,state_6,state_7,state_8,state_9,state_10,state_11,state_12,state_13,state_14,state_15,state_16,state_17,state_18,state_19,state_20,state_21,state_22,state_23,state_24,state_25,state_26,state_27,state_28,state_29,state_30,state_31,state_32,state_33,state_34,state_35,state_36,state_37,state_38,state_39,state_40,state_41,state_42,state_43,state_44,state_45,state_46,state_47,state_48,state_49,state_50,state_51,state_52,state_53,state_54,state_55,state_56,state_57,state_58,state_59,state_60,state_61,state_62,state_63,state_64,state_65,state_66,state_67,state_68,state_69,state_70,state_71,state_72,state_73,state_74,state_75,state_76,state_77,state_78,state_79,state_80,state_81,state_82,state_83,state_84,state_85,state_86,state_87,state_88,state_89,state_90,state_91,state_92,state_93,state_94,state_95,state_96,state_97,state_98,state_99,state_100,state_101,state_102,state_103,state_104,state_105,state_106,state_107,state_108,state_109,state_110,state_111,state_112,state_113,state_114,state_115,state_116,state_117,state_118,state_119,state_120,state_121,state_122,state_123,state_124,state_125,state_126,state_127,state_128,state_129,state_130,state_131,state_132,state_133,state_134,state_135,state_136,state_137,state_138,state_139,state_140,state_141,state_142,state_143,state_144,state_145,state_146,state_147,state_148,state_149,state_150,state_151,state_152,state_153,state_154,state_155,state_156,state_157,state_158,state_159,state_160,state_161,state_162,state_163,state_164,state_165,state_166,state_167,state_168,state_169,state_170,state_171,state_172,state_173,state_174,state_175,state_176,state_177,state_178,state_179,state_180,state_181,state_182,state_183,state_184,state_185,state_186,state_187,state_188,state_189,state_190,state_191,state_192,state_193,state_194,state_195,state_196,state_197,state_198,state_199,state_200,state_201,state_202,state_203,state_204,state_205,state_206,state_207,state_208,state_209,state_210,state_211,state_212,state_213,state_214,state_215,state_216,state_217,state_218,state_219,state_220,state_221,state_222,state_223,state_224,state_225,state_226,state_227,state_228,state_229,state_230,state_231,state_232,state_233,state_234,state_235,state_236,state_237,state_238,state_239,state_240,state_241,state_242,state_243,state_244,state_245,state_246,state_247,state_248,state_249,state_250,state_251,state_252,state_253,state_254,state_255,state_256,state_257,state_258,state_259,state_260,state_261,state_262,state_263,state_264,state_265,state_266,state_267,state_268,state_269,state_270,state_271,state_272,state_273,state_274,state_275,state_276,state_277,state_278,state_279,state_280,state_281,state_282,state_283,state_284,state_285,state_286,state_287
{'img': array([[[ 0.00000000e+00, -2.31212997e-01, -6.90872578e-01, ...,
         -9.94834320e-01, -9.23469015e-01, -6.19736287e-01],
        [ 2.31212997e-01,  0.00000000e+00, -5.04990538e-01, ...,
         -9.91348331e-01, -9.87156105e-01, -7.84401690e-01],
        [ 6.90872578e-01,  5.04990538e-01,  0.00000000e+00, ...,
         -7.89373698e-01, -9.32715597e-01, -9.90258593e-01],
        ...,
        [ 9.94834320e-01,  9.91348331e-01,  7.89373698e-01, ...,
          0.00000000e+00, -2.87947940e-01, -7.17845412e-01],
        [ 9.23469015e-01,  9.87156105e-01,  9.32715597e-01, ...,
          2.87947940e-01,  0.00000000e+00, -4.86971748e-01],
        [ 6.19736287e-01,  7.84401690e-01,  9.90258593e-01, ...,
          7.17845412e-01,  4.86971748e-01,  0.00000000e+00]],

       [[ 0.00000000e+00, -7.90639802e-01,  9.03753756e-01, ...,
         -9.55124472e-01, -6.85049475e-01, -8.10490842e-01],
        [ 7.90639802e-01,  0.00000000e+00,  8.91787290e-01, ...,
         -3.50613848e-01,  1.56535207e-01, -3.31302947e-02],
        [-9.03753756e-01, -8.91787290e-01,  0.00000000e+00, ...,
         -6.76539786e-01, -9.51618794e-01, -8.76307771e-01],
        ...,
        [ 9.55124472e-01,  3.50613848e-01,  6.76539786e-01, ...,
          0.00000000e+00,  4.92889984e-01,  3.19394188e-01],
        [ 6.85049475e-01, -1.56535207e-01,  9.51618794e-01, ...,
         -4.92889984e-01,  0.00000000e+00, -1.89171152e-01],
        [ 8.10490842e-01,  3.31302947e-02,  8.76307771e-01, ...,
         -3.19394188e-01,  1.89171152e-01,  0.00000000e+00]],

       [[ 0.00000000e+00,  9.11248760e-02, -2.05245652e-01, ...,
         -8.38687360e-01, -7.33640844e-01, -4.83361450e-01],
        [-9.11248760e-02,  0.00000000e+00, -2.93576594e-01, ...,
         -7.85570170e-01, -6.68665748e-01, -4.01577793e-01],
        [ 2.05245652e-01,  2.93576594e-01,  0.00000000e+00, ...,
         -9.32611603e-01, -8.57494091e-01, -6.52747249e-01],
        ...,
        [ 8.38687360e-01,  7.85570170e-01,  9.32611603e-01, ...,
          0.00000000e+00, -1.70368979e-01, -4.70959408e-01],
        [ 7.33640844e-01,  6.68665748e-01,  8.57494091e-01, ...,
          1.70368979e-01,  0.00000000e+00, -3.13782314e-01],
        [ 4.83361450e-01,  4.01577793e-01,  6.52747249e-01, ...,
          4.70959408e-01,  3.13782314e-01,  0.00000000e+00]],

       ...,

       [[ 0.00000000e+00, -1.46984377e-01, -3.77580228e-01, ...,
         -5.58503223e-01, -7.05151616e-01, -7.64157700e-01],
        [ 1.46984377e-01,  0.00000000e+00, -2.37375125e-01, ...,
         -4.30513329e-01, -5.93272597e-01, -6.61048787e-01],
        [ 3.77580228e-01,  2.37375125e-01,  0.00000000e+00, ...,
         -2.03957382e-01, -3.85228353e-01, -4.64041986e-01],
        ...,
        [ 5.58503223e-01,  4.30513329e-01,  2.03957382e-01, ...,
          0.00000000e+00, -1.88914551e-01, -2.73619574e-01],
        [ 7.05151616e-01,  5.93272597e-01,  3.85228353e-01, ...,
          1.88914551e-01,  0.00000000e+00, -8.69874583e-02],
        [ 7.64157700e-01,  6.61048787e-01,  4.64041986e-01, ...,
          2.73619574e-01,  8.69874583e-02,  0.00000000e+00]],

       [[ 0.00000000e+00,  6.80308315e-02,  6.78710198e-02, ...,
         -9.99260033e-01, -9.31451371e-01, -9.48944765e-01],
        [-6.80308315e-02,  0.00000000e+00, -1.60181849e-04, ...,
         -9.94328312e-01, -9.04539308e-01, -9.25286467e-01],
        [-6.78710198e-02,  1.60181849e-04,  0.00000000e+00, ...,
         -9.94345335e-01, -9.04607596e-01, -9.25347207e-01],
        ...,
        [ 9.99260033e-01,  9.94328312e-01,  9.94345335e-01, ...,
          0.00000000e+00, -3.27770373e-01, -2.78709812e-01],
        [ 9.31451371e-01,  9.04539308e-01,  9.04607596e-01, ...,
          3.27770373e-01,  0.00000000e+00,  5.14694290e-02],
        [ 9.48944765e-01,  9.25286467e-01,  9.25347207e-01, ...,
          2.78709812e-01, -5.14694290e-02,  0.00000000e+00]],

       [[ 0.00000000e+00, -4.72266086e-03, -2.90509721e-02, ...,
         -9.78924514e-01, -9.16475338e-01, -5.05256651e-01],
        [ 4.72266086e-03,  0.00000000e+00, -2.43299806e-02, ...,
         -9.79878071e-01, -9.18354613e-01, -5.09326527e-01],
        [ 2.90509721e-02,  2.43299806e-02,  0.00000000e+00, ...,
         -9.84444201e-01, -9.27711560e-01, -5.30113490e-01],
        ...,
        [ 9.78924514e-01,  9.79878071e-01,  9.84444201e-01, ...,
          0.00000000e+00, -2.04494259e-01, -7.41596901e-01],
        [ 9.16475338e-01,  9.18354613e-01,  9.27711560e-01, ...,
          2.04494259e-01,  0.00000000e+00, -5.88741193e-01],
        [ 5.05256651e-01,  5.09326527e-01,  5.30113490e-01, ...,
          7.41596901e-01,  5.88741193e-01,  0.00000000e+00]]]), 'num': array([7.05567498e-01, 7.05567498e-01, 0.00000000e+00, 0.00000000e+00,
       2.13470167e-02, 2.16350034e-02, 2.12750200e-02, 1.94188015e-02,
       3.59983417e-05, 2.18365941e-02, 2.26717556e-02, 2.39346975e-02,
       2.19837201e-06, 2.40488698e-02, 2.12946414e-02])}
{'img': array([[[ 0.00000000e+00, -5.04990538e-01, -3.77276048e-01, ...,
         -9.87156105e-01, -7.84401690e-01, -8.72849136e-01],
        [ 5.04990538e-01,  0.00000000e+00,  1.42035822e-01, ...,
         -9.32715597e-01, -9.90258593e-01, -9.99808213e-01],
        [ 3.77276048e-01, -1.42035822e-01,  0.00000000e+00, ...,
         -9.74479217e-01, -9.60441735e-01, -9.92453321e-01],
        ...,
        [ 9.87156105e-01,  9.32715597e-01,  9.74479217e-01, ...,
          0.00000000e+00, -4.86971748e-01, -3.42277262e-01],
        [ 7.84401690e-01,  9.90258593e-01,  9.60441735e-01, ...,
          4.86971748e-01,  0.00000000e+00,  1.58607140e-01],
        [ 8.72849136e-01,  9.99808213e-01,  9.92453321e-01, ...,
          3.42277262e-01, -1.58607140e-01,  0.00000000e+00]],

       [[ 0.00000000e+00,  8.91787290e-01,  5.64570291e-02, ...,
          1.56535207e-01, -3.31302947e-02, -6.10572412e-01],
        [-8.91787290e-01,  0.00000000e+00, -9.15909175e-01, ...,
         -9.51618794e-01, -8.76307771e-01, -4.30003774e-01],
        [-5.64570291e-02,  9.15909175e-01,  0.00000000e+00, ...,
          1.00524490e-01, -8.95034894e-02, -6.54310300e-01],
        ...,
        [-1.56535207e-01,  9.51618794e-01, -1.00524490e-01, ...,
          0.00000000e+00, -1.89171152e-01, -7.27015197e-01],
        [ 3.31302947e-02,  8.76307771e-01,  8.95034894e-02, ...,
          1.89171152e-01,  0.00000000e+00, -5.83999350e-01],
        [ 6.10572412e-01,  4.30003774e-01,  6.54310300e-01, ...,
          7.27015197e-01,  5.83999350e-01,  0.00000000e+00]],

       [[ 0.00000000e+00, -2.85344497e-01, -4.60853875e-01, ...,
         -8.20766388e-01, -7.61107560e-01, -3.91318793e-01],
        [ 2.85344497e-01,  0.00000000e+00, -1.88457482e-01, ...,
         -9.49650075e-01, -9.14546298e-01, -6.37639474e-01],
        [ 4.60853875e-01,  1.88457482e-01,  0.00000000e+00, ...,
         -9.91679716e-01, -9.74386378e-01, -7.71389216e-01],
        ...,
        [ 8.20766388e-01,  9.49650075e-01,  9.91679716e-01, ...,
          0.00000000e+00, -9.75768268e-02, -5.31768191e-01],
        [ 7.61107560e-01,  9.14546298e-01,  9.74386378e-01, ...,
          9.75768268e-02,  0.00000000e+00, -4.46593757e-01],
        [ 3.91318793e-01,  6.37639474e-01,  7.71389216e-01, ...,
          5.31768191e-01,  4.46593757e-01,  0.00000000e+00]],

       ...,

       [[ 0.00000000e+00, -2.37375125e-01, -2.30947735e-01, ...,
         -5.93272597e-01, -6.61048787e-01, -6.93890155e-01],
        [ 2.37375125e-01,  0.00000000e+00,  6.61116213e-03, ...,
         -3.85228353e-01, -4.64041986e-01, -5.03128144e-01],
        [ 2.30947735e-01, -6.61116213e-03,  0.00000000e+00, ...,
         -3.91320855e-01, -4.69888100e-01, -5.08830593e-01],
        ...,
        [ 5.93272597e-01,  3.85228353e-01,  3.91320855e-01, ...,
          0.00000000e+00, -8.69874583e-02, -1.31378462e-01],
        [ 6.61048787e-01,  4.64041986e-01,  4.69888100e-01, ...,
          8.69874583e-02,  0.00000000e+00, -4.46469843e-02],
        [ 6.93890155e-01,  5.03128144e-01,  5.08830593e-01, ...,
          1.31378462e-01,  4.46469843e-02,  0.00000000e+00]],

       [[ 0.00000000e+00, -1.58484338e-04,  3.63051546e-03, ...,
         -9.79363725e-01, -9.80419518e-01, -9.00398064e-01],
        [ 1.58484338e-04,  0.00000000e+00,  3.78899871e-03, ...,
         -9.79395743e-01, -9.80450714e-01, -9.00467004e-01],
        [-3.63051546e-03, -3.78899871e-03,  0.00000000e+00, ...,
         -9.78623523e-01, -9.79698134e-01, -8.98812612e-01],
        ...,
        [ 9.79363725e-01,  9.79395743e-01,  9.78623523e-01, ...,
          0.00000000e+00,  5.29181246e-03, -2.44113338e-01],
        [ 9.80419518e-01,  9.80450714e-01,  9.79698134e-01, ...,
         -5.29181246e-03,  0.00000000e+00, -2.49241637e-01],
        [ 9.00398064e-01,  9.00467004e-01,  8.98812612e-01, ...,
          2.44113338e-01,  2.49241637e-01,  0.00000000e+00]],

       [[ 0.00000000e+00, -2.32504084e-02,  8.44195633e-02, ...,
         -9.74045594e-01, -8.46969773e-01, -4.06482723e-01],
        [ 2.32504084e-02,  0.00000000e+00,  1.07564154e-01, ...,
         -9.79045057e-01, -8.59101685e-01, -4.27615772e-01],
        [-8.44195633e-02, -1.07564154e-01,  0.00000000e+00, ...,
         -9.51460013e-01, -7.99065437e-01, -3.27901052e-01],
        ...,
        [ 9.74045594e-01,  9.79045057e-01,  9.51460013e-01, ...,
          0.00000000e+00, -3.26129407e-01, -7.97936870e-01],
        [ 8.46969773e-01,  8.59101685e-01,  7.99065437e-01, ...,
          3.26129407e-01,  0.00000000e+00, -5.57738204e-01],
        [ 4.06482723e-01,  4.27615772e-01,  3.27901052e-01, ...,
          7.97936870e-01,  5.57738204e-01,  0.00000000e+00]]]), 'num': array([7.05485107e-01, 7.05485107e-01, 0.00000000e+00, 0.00000000e+00,
       2.14525063e-02, 2.19924184e-02, 2.14165122e-02, 2.47101198e-02,
       1.07982414e-04, 2.15892840e-02, 2.25755234e-02, 2.38575146e-02,
       2.08091111e-06, 2.40146769e-02, 2.11363699e-02])}
{'img': array([[[ 0.00000000e+00,  1.42035822e-01,  7.71152097e-02, ...,
         -9.90258593e-01, -9.99808213e-01, -9.83863962e-01],
        [-1.42035822e-01,  0.00000000e+00, -6.52794880e-02, ...,
         -9.60441735e-01, -9.92453321e-01, -9.99301862e-01],
        [-7.71152097e-02,  6.52794880e-02,  0.00000000e+00, ...,
         -9.76572229e-01, -9.98341206e-01, -9.94731511e-01],
        ...,
        [ 9.90258593e-01,  9.60441735e-01,  9.76572229e-01, ...,
          0.00000000e+00,  1.58607140e-01,  3.14168953e-01],
        [ 9.99808213e-01,  9.92453321e-01,  9.98341206e-01, ...,
         -1.58607140e-01,  0.00000000e+00,  1.59615732e-01],
        [ 9.83863962e-01,  9.99301862e-01,  9.94731511e-01, ...,
         -3.14168953e-01, -1.59615732e-01,  0.00000000e+00]],

       [[ 0.00000000e+00, -9.15909175e-01, -8.56442236e-01, ...,
         -8.76307771e-01, -4.30003774e-01, -7.37265522e-01],
        [ 9.15909175e-01,  0.00000000e+00, -1.29068014e-01, ...,
         -8.95034894e-02, -6.54310300e-01, -3.22863330e-01],
        [ 8.56442236e-01,  1.29068014e-01,  0.00000000e+00, ...,
          3.97951410e-02, -5.51232871e-01, -1.98006965e-01],
        ...,
        [ 8.76307771e-01,  8.95034894e-02, -3.97951410e-02, ...,
          0.00000000e+00, -5.83999350e-01, -2.36857337e-01],
        [ 4.30003774e-01,  6.54310300e-01,  5.51232871e-01, ...,
          5.83999350e-01,  0.00000000e+00,  3.75111402e-01],
        [ 7.37265522e-01,  3.22863330e-01,  1.98006965e-01, ...,
          2.36857337e-01, -3.75111402e-01,  0.00000000e+00]],

       [[ 0.00000000e+00, -1.82799731e-01, -2.94110995e-01, ...,
         -9.68892606e-01, -9.04526143e-01, -6.23092368e-01],
        [ 1.82799731e-01,  0.00000000e+00, -1.14440544e-01, ...,
         -9.97806492e-01, -9.67234159e-01, -7.55569859e-01],
        [ 2.94110995e-01,  1.14440544e-01,  0.00000000e+00, ...,
         -9.98826763e-01, -9.89934374e-01, -8.25572188e-01],
        ...,
        [ 9.68892606e-01,  9.97806492e-01,  9.98826763e-01, ...,
          0.00000000e+00, -1.89299880e-01, -6.03613800e-01],
        [ 9.04526143e-01,  9.67234159e-01,  9.89934374e-01, ...,
          1.89299880e-01,  0.00000000e+00, -4.41775640e-01],
        [ 6.23092368e-01,  7.55569859e-01,  8.25572188e-01, ...,
          6.03613800e-01,  4.41775640e-01,  0.00000000e+00]],

       ...,

       [[ 0.00000000e+00,  6.61116213e-03,  4.07508238e-02, ...,
         -4.64041986e-01, -5.03128144e-01, -5.43800210e-01],
        [-6.61116213e-03,  0.00000000e+00,  3.41442627e-02, ...,
         -4.69888100e-01, -5.08830593e-01, -5.49336510e-01],
        [-4.07508238e-02, -3.41442627e-02,  0.00000000e+00, ...,
         -4.99754143e-01, -5.37927560e-01, -5.77547188e-01],
        ...,
        [ 4.64041986e-01,  4.69888100e-01,  4.99754143e-01, ...,
          0.00000000e+00, -4.46469843e-02, -9.22745457e-02],
        [ 5.03128144e-01,  5.08830593e-01,  5.37927560e-01, ...,
          4.46469843e-02,  0.00000000e+00, -4.77260293e-02],
        [ 5.43800210e-01,  5.49336510e-01,  5.77547188e-01, ...,
          9.22745457e-02,  4.77260293e-02,  0.00000000e+00]],

       [[ 0.00000000e+00,  3.76603349e-03,  3.32054200e-03, ...,
         -9.89929217e-01, -9.64171768e-01, -8.98072938e-01],
        [-3.76603349e-03,  0.00000000e+00, -4.45494279e-04, ...,
         -9.89389065e-01, -9.63165882e-01, -8.96410092e-01],
        [-3.32054200e-03,  4.45494279e-04,  0.00000000e+00, ...,
         -9.89453693e-01, -9.63285583e-01, -8.96607457e-01],
        ...,
        [ 9.89929217e-01,  9.89389065e-01,  9.89453693e-01, ...,
          0.00000000e+00, -1.26115902e-01, -3.08282869e-01],
        [ 9.64171768e-01,  9.63165882e-01,  9.63285583e-01, ...,
          1.26115902e-01,  0.00000000e+00, -1.85847995e-01],
        [ 8.98072938e-01,  8.96410092e-01,  8.96607457e-01, ...,
          3.08282869e-01,  1.85847995e-01,  0.00000000e+00]],

       [[ 0.00000000e+00,  1.03785479e-01,  2.09349422e-01, ...,
         -9.36036684e-01, -8.13220299e-01, -4.13770124e-01],
        [-1.03785479e-01,  0.00000000e+00,  1.06733187e-01, ...,
         -8.94459447e-01, -7.48430091e-01, -3.17051274e-01],
        [-2.09349422e-01, -1.06733187e-01,  0.00000000e+00, ...,
         -8.41624378e-01, -6.73367921e-01, -2.14013530e-01],
        ...,
        [ 9.36036684e-01,  8.94459447e-01,  8.41624378e-01, ...,
          0.00000000e+00, -2.58557925e-01, -7.06543666e-01],
        [ 8.13220299e-01,  7.48430091e-01,  6.73367921e-01, ...,
          2.58557925e-01,  0.00000000e+00, -4.99544639e-01],
        [ 4.13770124e-01,  3.17051274e-01,  2.14013530e-01, ...,
          7.06543666e-01,  4.99544639e-01,  0.00000000e+00]]]), 'num': array([7.05582648e-01, 7.05582648e-01, 0.00000000e+00, 0.00000000e+00,
       2.16354679e-02, 2.18874617e-02, 2.14914715e-02, 1.85839670e-02,
       1.79995574e-04, 2.14842717e-02, 2.25012466e-02, 2.38122144e-02,
       2.08119882e-06, 2.39683994e-02, 2.10340939e-02])}
{'img': array([[[ 0.00000000e+00, -6.52794880e-02, -1.42035822e-01, ...,
         -9.92453321e-01, -9.99301862e-01, -9.80111435e-01],
        [ 6.52794880e-02,  0.00000000e+00, -7.71152097e-02, ...,
         -9.98341206e-01, -9.94731511e-01, -9.65066297e-01],
        [ 1.42035822e-01,  7.71152097e-02,  0.00000000e+00, ...,
         -9.99808213e-01, -9.83863962e-01, -9.41987879e-01],
        ...,
        [ 9.92453321e-01,  9.98341206e-01,  9.99808213e-01, ...,
          0.00000000e+00,  1.59615732e-01,  3.17134518e-01],
        [ 9.99301862e-01,  9.94731511e-01,  9.83863962e-01, ...,
         -1.59615732e-01,  0.00000000e+00,  1.61692149e-01],
        [ 9.80111435e-01,  9.65066297e-01,  9.41987879e-01, ...,
         -3.17134518e-01, -1.61692149e-01,  0.00000000e+00]],

       [[ 0.00000000e+00, -1.44174971e-01, -2.42687714e-01, ...,
         -7.06973001e-01, -3.57068390e-01, -7.74293810e-01],
        [ 1.44174971e-01,  0.00000000e+00, -1.00287380e-01, ...,
         -5.97620312e-01, -2.18667110e-01, -6.74966441e-01],
        [ 2.42687714e-01,  1.00287380e-01,  0.00000000e+00, ...,
         -5.14199077e-01, -1.19704326e-01, -5.97566720e-01],
        ...,
        [ 7.06973001e-01,  5.97620312e-01,  5.14199077e-01, ...,
          0.00000000e+00,  4.07834860e-01, -1.00220877e-01],
        [ 3.57068390e-01,  2.18667110e-01,  1.19704326e-01, ...,
         -4.07834860e-01,  0.00000000e+00, -4.97288742e-01],
        [ 7.74293810e-01,  6.74966441e-01,  5.97566720e-01, ...,
          1.00220877e-01,  4.97288742e-01,  0.00000000e+00]],

       [[ 0.00000000e+00, -1.12867557e-01, -2.83660423e-01, ...,
         -9.83976049e-01, -9.10868406e-01, -7.48865603e-01],
        [ 1.12867557e-01,  0.00000000e+00, -1.73616345e-01, ...,
         -9.97812846e-01, -9.51628088e-01, -8.18880184e-01],
        [ 2.83660423e-01,  1.73616345e-01,  0.00000000e+00, ...,
         -9.94135880e-01, -9.90520083e-01, -9.06093768e-01],
        ...,
        [ 9.83976049e-01,  9.97812846e-01,  9.94135880e-01, ...,
          0.00000000e+00, -2.43675422e-01, -5.18579220e-01],
        [ 9.10868406e-01,  9.51628088e-01,  9.90520083e-01, ...,
          2.43675422e-01,  0.00000000e+00, -2.94597908e-01],
        [ 7.48865603e-01,  8.18880184e-01,  9.06093768e-01, ...,
          5.18579220e-01,  2.94597908e-01,  0.00000000e+00]],

       ...,

       [[ 0.00000000e+00,  3.41442627e-02,  8.52218597e-02, ...,
         -5.08830593e-01, -5.49336510e-01, -5.49336510e-01],
        [-3.41442627e-02,  0.00000000e+00,  5.11521222e-02, ...,
         -5.37927560e-01, -5.77547188e-01, -5.77547188e-01],
        [-8.52218597e-02, -5.11521222e-02,  0.00000000e+00, ...,
         -5.80344126e-01, -6.18549514e-01, -6.18549514e-01],
        ...,
        [ 5.08830593e-01,  5.37927560e-01,  5.80344126e-01, ...,
          0.00000000e+00, -4.77260293e-02, -4.77260293e-02],
        [ 5.49336510e-01,  5.77547188e-01,  6.18549514e-01, ...,
          4.77260293e-02,  0.00000000e+00,  0.00000000e+00],
        [ 5.49336510e-01,  5.77547188e-01,  6.18549514e-01, ...,
          4.77260293e-02,  0.00000000e+00,  0.00000000e+00]],

       [[ 0.00000000e+00, -4.41304910e-04, -3.74879621e-03, ...,
         -9.85796367e-01, -9.72729734e-01, -8.92632587e-01],
        [ 4.41304910e-04,  0.00000000e+00, -3.30749403e-03, ...,
         -9.85870386e-01, -9.72831996e-01, -8.92831434e-01],
        [ 3.74879621e-03,  3.30749403e-03,  0.00000000e+00, ...,
         -9.86419032e-01, -9.73592401e-01, -8.94316216e-01],
        ...,
        [ 9.85796367e-01,  9.85870386e-01,  9.86419032e-01, ...,
          0.00000000e+00, -6.52820034e-02, -2.94468979e-01],
        [ 9.72729734e-01,  9.72831996e-01,  9.73592401e-01, ...,
          6.52820034e-02,  0.00000000e+00, -2.31453367e-01],
        [ 8.92632587e-01,  8.92831434e-01,  8.94316216e-01, ...,
          2.94468979e-01,  2.31453367e-01,  0.00000000e+00]],

       [[ 0.00000000e+00,  1.04369682e-01,  3.10306176e-01, ...,
         -8.31894821e-01, -6.70003617e-01, -3.10306176e-01],
        [-1.04369682e-01,  0.00000000e+00,  2.09393813e-01, ...,
         -7.69433271e-01, -5.88864789e-01, -2.09393813e-01],
        [-3.10306176e-01, -2.09393813e-01,  0.00000000e+00, ...,
         -6.18630481e-01, -4.06571787e-01, -0.00000000e+00],
        ...,
        [ 8.31894821e-01,  7.69433271e-01,  6.18630481e-01, ...,
          0.00000000e+00, -2.45756295e-01, -6.18630481e-01],
        [ 6.70003617e-01,  5.88864789e-01,  4.06571787e-01, ...,
          2.45756295e-01,  0.00000000e+00, -4.06571787e-01],
        [ 3.10306176e-01,  2.09393813e-01,  0.00000000e+00, ...,
          6.18630481e-01,  4.06571787e-01,  0.00000000e+00]]]), 'num': array([ 7.05538555e-01,  7.05538555e-01,  0.00000000e+00,  0.00000000e+00,
        2.14181347e-02,  2.19580877e-02,  2.13101441e-02,  2.23196402e-02,
       -2.15981190e-04,  2.14325334e-02,  2.24296466e-02,  2.37519314e-02,
        1.94870247e-06,  2.39612529e-02,  2.08980403e-02])}
{'img': array([[[ 0.00000000e+00, -7.71152097e-02, -1.65467161e-01, ...,
         -9.94731511e-01, -9.65066297e-01, -9.98225486e-01],
        [ 7.71152097e-02,  0.00000000e+00, -8.89222313e-02, ...,
         -9.83863962e-01, -9.41987879e-01, -9.90660958e-01],
        [ 1.65467161e-01,  8.89222313e-02,  0.00000000e+00, ...,
         -9.64056654e-01, -9.08409792e-01, -9.74612128e-01],
        ...,
        [ 9.94731511e-01,  9.83863962e-01,  9.64056654e-01, ...,
          0.00000000e+00,  1.61692149e-01, -4.30990218e-02],
        [ 9.65066297e-01,  9.41987879e-01,  9.08409792e-01, ...,
         -1.61692149e-01,  0.00000000e+00, -2.04073798e-01],
        [ 9.98225486e-01,  9.90660958e-01,  9.74612128e-01, ...,
          4.30990218e-02,  2.04073798e-01,  0.00000000e+00]],

       [[ 0.00000000e+00, -1.00287380e-01, -1.08409550e-03, ...,
         -2.18667110e-01, -6.74966441e-01, -3.75668312e-01],
        [ 1.00287380e-01,  0.00000000e+00,  9.92086912e-02, ...,
         -1.19704326e-01, -5.97566720e-01, -2.80832635e-01],
        [ 1.08409550e-03, -9.92086912e-02,  0.00000000e+00, ...,
         -2.17609122e-01, -6.74166146e-01, -3.74663401e-01],
        ...,
        [ 2.18667110e-01,  1.19704326e-01,  2.17609122e-01, ...,
          0.00000000e+00, -4.97288742e-01, -1.63926297e-01],
        [ 6.74966441e-01,  5.97566720e-01,  6.74166146e-01, ...,
          4.97288742e-01,  0.00000000e+00,  3.48341700e-01],
        [ 3.75668312e-01,  2.80832635e-01,  3.74663401e-01, ...,
          1.63926297e-01, -3.48341700e-01,  0.00000000e+00]],

       [[ 0.00000000e+00, -1.72440885e-01, -3.09724636e-01, ...,
         -9.67466702e-01, -9.15575341e-01, -8.15802291e-01],
        [ 1.72440885e-01,  0.00000000e+00, -1.41123591e-01, ...,
         -9.96601188e-01, -9.71206398e-01, -9.03309356e-01],
        [ 3.09724636e-01,  1.41123591e-01,  0.00000000e+00, ...,
         -9.98252614e-01, -9.95107786e-01, -9.54809598e-01],
        ...,
        [ 9.67466702e-01,  9.96601188e-01,  9.98252614e-01, ...,
          0.00000000e+00, -1.57424255e-01, -3.53119225e-01],
        [ 9.15575341e-01,  9.71206398e-01,  9.95107786e-01, ...,
          1.57424255e-01,  0.00000000e+00, -2.01433482e-01],
        [ 8.15802291e-01,  9.03309356e-01,  9.54809598e-01, ...,
          3.53119225e-01,  2.01433482e-01,  0.00000000e+00]],

       ...,

       [[ 0.00000000e+00,  5.11521222e-02,  6.65449982e-02, ...,
         -5.77547188e-01, -5.77547188e-01, -6.21835467e-01],
        [-5.11521222e-02,  0.00000000e+00,  1.54191426e-02, ...,
         -6.18549514e-01, -6.18549514e-01, -6.61081083e-01],
        [-6.65449982e-02, -1.54191426e-02,  0.00000000e+00, ...,
         -6.30591507e-01, -6.30591507e-01, -6.72571699e-01],
        ...,
        [ 5.77547188e-01,  6.18549514e-01,  6.30591507e-01, ...,
          0.00000000e+00,  0.00000000e+00, -5.53350504e-02],
        [ 5.77547188e-01,  6.18549514e-01,  6.30591507e-01, ...,
          0.00000000e+00,  0.00000000e+00, -5.53350504e-02],
        [ 6.21835467e-01,  6.61081083e-01,  6.72571699e-01, ...,
          5.53350504e-02,  5.53350504e-02,  0.00000000e+00]],

       [[ 0.00000000e+00, -3.30396975e-03, -1.77584512e-04, ...,
         -9.75510330e-01, -9.25081253e-01, -8.92402859e-01],
        [ 3.30396975e-03,  0.00000000e+00,  3.12638616e-03, ...,
         -9.76231726e-01, -9.26330950e-01, -8.93888870e-01],
        [ 1.77584512e-04, -3.12638616e-03,  0.00000000e+00, ...,
         -9.75549375e-01, -9.25148680e-01, -8.92482978e-01],
        ...,
        [ 9.75510330e-01,  9.76231726e-01,  9.75549375e-01, ...,
          0.00000000e+00, -1.66993843e-01, -2.43901606e-01],
        [ 9.25081253e-01,  9.26330950e-01,  9.25148680e-01, ...,
          1.66993843e-01,  0.00000000e+00, -7.85260988e-02],
        [ 8.92402859e-01,  8.93888870e-01,  8.92482978e-01, ...,
          2.43901606e-01,  7.85260988e-02,  0.00000000e+00]],

       [[ 0.00000000e+00,  2.03891359e-01, -8.95186695e-02, ...,
         -7.35443903e-01, -6.18904843e-01, -2.03891359e-01],
        [-2.03891359e-01,  0.00000000e+00, -2.90710962e-01, ...,
         -5.81840964e-01, -4.45754107e-01, -0.00000000e+00],
        [ 8.95186695e-02,  2.90710962e-01,  0.00000000e+00, ...,
         -7.93147765e-01, -6.86733898e-01, -2.90710962e-01],
        ...,
        [ 7.35443903e-01,  5.81840964e-01,  7.93147765e-01, ...,
          0.00000000e+00, -1.58305142e-01, -5.81840964e-01],
        [ 6.18904843e-01,  4.45754107e-01,  6.86733898e-01, ...,
          1.58305142e-01,  0.00000000e+00, -4.45754107e-01],
        [ 2.03891359e-01,  0.00000000e+00,  2.90710962e-01, ...,
          5.81840964e-01,  4.45754107e-01,  0.00000000e+00]]]), 'num': array([ 7.04715812e-01,  7.04715812e-01,  0.00000000e+00,  0.00000000e+00,
        2.04942864e-02,  2.15369781e-02,  2.03145119e-02,  5.42943264e-02,
       -8.98872209e-04,  2.12493390e-02,  2.22794466e-02,  2.36535226e-02,
        1.83599430e-06,  2.39948038e-02,  2.05640894e-02])}
{'img': array([[[ 0.        , -0.07941492, -0.07941492, ..., -0.82025964,
         -0.86938509, -0.9696633 ],
        [ 0.07941492,  0.        ,  0.        , ..., -0.77224432,
         -0.82739756, -0.9860133 ],
        [ 0.07941492,  0.        ,  0.        , ..., -0.77224432,
         -0.82739756, -0.9860133 ],
        ...,
        [ 0.82025964,  0.77224432,  0.77224432, ...,  0.        ,
         -0.09196164, -0.75514695],
        [ 0.86938509,  0.82739756,  0.82739756, ...,  0.09196164,
          0.        , -0.69166109],
        [ 0.9696633 ,  0.9860133 ,  0.9860133 , ...,  0.75514695,
          0.69166109,  0.        ]],

       [[ 0.        ,  0.09920869, -0.55831974, ..., -0.59756672,
         -0.28083264,  0.99950146],
        [-0.09920869,  0.        , -0.63787145, ..., -0.67416615,
         -0.3746634 ,  0.99770285],
        [ 0.55831974,  0.63787145,  0.        , ..., -0.04808532,
          0.30286513,  0.81158458],
        ...,
        [ 0.59756672,  0.67416615,  0.04808532, ...,  0.        ,
          0.3483417 ,  0.78255264],
        [ 0.28083264,  0.3746634 , -0.30286513, ..., -0.3483417 ,
          0.        ,  0.95041163],
        [-0.99950146, -0.99770285, -0.81158458, ..., -0.78255264,
         -0.95041163,  0.        ]],

       [[ 0.        , -0.13792238, -0.15857328, ..., -0.99850285,
         -0.9941706 , -0.89462962],
        [ 0.13792238,  0.        , -0.02088053, ..., -0.99650451,
         -0.99953993, -0.94770457],
        [ 0.15857328,  0.02088053,  0.        , ..., -0.99454291,
         -0.99868869, -0.95416195],
        ...,
        [ 0.99850285,  0.99650451,  0.99454291, ...,  0.        ,
         -0.05327621, -0.39720365],
        [ 0.9941706 ,  0.99953993,  0.99868869, ...,  0.05327621,
          0.        , -0.34774634],
        [ 0.89462962,  0.94770457,  0.95416195, ...,  0.39720365,
          0.34774634,  0.        ]],

       ...,

       [[ 0.        ,  0.01541914,  0.00874291, ..., -0.61854951,
         -0.66108108, -0.69606625],
        [-0.01541914,  0.        , -0.00667669, ..., -0.63059151,
         -0.6725717 , -0.7070541 ],
        [-0.00874291,  0.00667669,  0.        , ..., -0.62539557,
         -0.66761575, -0.70231686],
        ...,
        [ 0.61854951,  0.63059151,  0.62539557, ...,  0.        ,
         -0.05533505, -0.10282648],
        [ 0.66108108,  0.6725717 ,  0.66761575, ...,  0.05533505,
          0.        , -0.0476272 ],
        [ 0.69606625,  0.7070541 ,  0.70231686, ...,  0.10282648,
          0.0476272 ,  0.        ]],

       [[ 0.        ,  0.00312639,  0.00430942, ..., -0.92633095,
         -0.89388887, -0.97912751],
        [-0.00312639,  0.        ,  0.00118304, ..., -0.92514868,
         -0.89248298, -0.9784873 ],
        [-0.00430942, -0.00118304,  0.        , ..., -0.92469894,
         -0.89194871, -0.97824254],
        ...,
        [ 0.92633095,  0.92514868,  0.92469894, ...,  0.        ,
         -0.0785261 ,  0.18057391],
        [ 0.89388887,  0.89248298,  0.89194871, ...,  0.0785261 ,
          0.        ,  0.25725155],
        [ 0.97912751,  0.9784873 ,  0.97824254, ..., -0.18057391,
         -0.25725155,  0.        ]],

       [[ 0.        , -0.27494992, -0.38570116, ..., -0.72264873,
         -0.61977752, -0.        ],
        [ 0.27494992,  0.        , -0.11716035, ..., -0.88484643,
         -0.81166492, -0.27494992],
        [ 0.38570116,  0.11716035,  0.        , ..., -0.9333355 ,
         -0.87451109, -0.38570116],
        ...,
        [ 0.72264873,  0.88484643,  0.9333355 , ...,  0.        ,
         -0.1387187 , -0.72264873],
        [ 0.61977752,  0.81166492,  0.87451109, ...,  0.1387187 ,
          0.        , -0.61977752],
        [ 0.        ,  0.27494992,  0.38570116, ...,  0.72264873,
          0.61977752,  0.        ]]]), 'num': array([ 7.05189866e-01,  7.05189866e-01,  0.00000000e+00,  0.00000000e+00,
        2.04720936e-02,  2.05080726e-02,  1.98964284e-02,  4.11839517e-02,
       -3.59790748e-05,  2.10909336e-02,  2.21667080e-02,  2.36016734e-02,
        1.78619520e-06,  2.40209258e-02,  2.03124901e-02])}
{'img': array([[[ 0.        ,  0.        ,  0.18236213, ..., -0.82231607,
         -0.99972803, -0.98522401],
        [ 0.        ,  0.        ,  0.18236213, ..., -0.82231607,
         -0.99972803, -0.98522401],
        [-0.18236213, -0.18236213,  0.        , ..., -0.91229671,
         -0.97871113, -0.93746992],
        ...,
        [ 0.82231607,  0.82231607,  0.91229671, ...,  0.        ,
         -0.58805358, -0.70146167],
        [ 0.99972803,  0.99972803,  0.97871113, ...,  0.58805358,
          0.        , -0.1482476 ],
        [ 0.98522401,  0.98522401,  0.93746992, ...,  0.70146167,
          0.1482476 ,  0.        ]],

       [[ 0.        , -0.63787145,  0.17589396, ..., -0.3746634 ,
          0.99770285,  0.61274844],
        [ 0.63787145,  0.        ,  0.76338995, ...,  0.30286513,
          0.81158458,  0.97599962],
        [-0.17589396, -0.76338995,  0.        , ..., -0.53190407,
          0.97023233,  0.46419002],
        ...,
        [ 0.3746634 , -0.30286513,  0.53190407, ...,  0.        ,
          0.95041163,  0.86420465],
        [-0.99770285, -0.81158458, -0.97023233, ..., -0.95041163,
          0.        , -0.74695367],
        [-0.61274844, -0.97599962, -0.46419002, ..., -0.86420465,
          0.74695367,  0.        ]],

       [[ 0.        , -0.02035796, -0.0261471 , ..., -0.98734586,
         -0.9998667 , -0.9398586 ],
        [ 0.02035796,  0.        , -0.00579069, ..., -0.98391284,
         -0.99932708, -0.94661736],
        [ 0.0261471 ,  0.00579069,  0.        , ..., -0.98286184,
         -0.99909793, -0.94846817],
        ...,
        [ 0.98734586,  0.98391284,  0.98286184, ...,  0.        ,
         -0.14243954, -0.48628596],
        [ 0.9998667 ,  0.99932708,  0.99909793, ...,  0.14243954,
          0.        , -0.35686392],
        [ 0.9398586 ,  0.94661736,  0.94846817, ...,  0.48628596,
          0.35686392,  0.        ]],

       ...,

       [[ 0.        , -0.00667669, -0.11486753, ..., -0.6725717 ,
         -0.7070541 , -0.72278492],
        [ 0.00667669,  0.        , -0.10823247, ..., -0.66761575,
         -0.70231686, -0.71815473],
        [ 0.11486753,  0.10823247,  0.        , ..., -0.58311418,
         -0.62114433, -0.63861882],
        ...,
        [ 0.6725717 ,  0.66761575,  0.58311418, ...,  0.        ,
         -0.0476272 , -0.07008777],
        [ 0.7070541 ,  0.70231686,  0.62114433, ...,  0.0476272 ,
          0.        , -0.02249816],
        [ 0.72278492,  0.71815473,  0.63861882, ...,  0.07008777,
          0.02249816,  0.        ]],

       [[ 0.        ,  0.00118304,  0.00418443, ..., -0.89248298,
         -0.9784873 , -0.98249908],
        [-0.00118304,  0.        ,  0.00300139, ..., -0.89194871,
         -0.97824254, -0.98227803],
        [-0.00418443, -0.00300139,  0.        , ..., -0.89058765,
         -0.97761545, -0.98171106],
        ...,
        [ 0.89248298,  0.89194871,  0.89058765, ...,  0.        ,
          0.25725155,  0.27694623],
        [ 0.9784873 ,  0.97824254,  0.97761545, ..., -0.25725155,
          0.        ,  0.0204362 ],
        [ 0.98249908,  0.98227803,  0.98171106, ..., -0.27694623,
         -0.0204362 ,  0.        ]],

       [[ 0.        , -0.26660818, -0.19092155, ..., -0.77858734,
         -0.56053754, -0.        ],
        [ 0.26660818,  0.        ,  0.07769286, ..., -0.91771267,
         -0.76103486, -0.26660818],
        [ 0.19092155, -0.07769286,  0.        , ..., -0.88407565,
         -0.7083343 , -0.19092155],
        ...,
        [ 0.77858734,  0.91771267,  0.88407565, ...,  0.        ,
         -0.29301313, -0.77858734],
        [ 0.56053754,  0.76103486,  0.7083343 , ...,  0.29301313,
          0.        , -0.56053754],
        [ 0.        ,  0.26660818,  0.19092155, ...,  0.77858734,
          0.56053754,  0.        ]]]), 'num': array([7.05621610e-01, 7.05621610e-01, 0.00000000e+00, 0.00000000e+00,
       2.05206284e-02, 2.08086373e-02, 2.04486262e-02, 2.15900052e-02,
       3.60011025e-05, 2.09166406e-02, 2.20470752e-02, 2.35531213e-02,
       2.14221437e-06, 2.39759281e-02, 2.01182223e-02])}
{'img': array([[[ 0.        ,  0.18236213,  0.0112264 , ..., -0.99972803,
         -0.98522401, -0.99972803],
        [-0.18236213,  0.        , -0.17131249, ..., -0.97871113,
         -0.93746992, -0.97871113],
        [-0.0112264 ,  0.17131249,  0.        , ..., -0.99940321,
         -0.98323917, -0.99940321],
        ...,
        [ 0.99972803,  0.97871113,  0.99940321, ...,  0.        ,
         -0.1482476 ,  0.        ],
        [ 0.98522401,  0.93746992,  0.98323917, ...,  0.1482476 ,
          0.        ,  0.1482476 ],
        [ 0.99972803,  0.97871113,  0.99940321, ...,  0.        ,
         -0.1482476 ,  0.        ]],

       [[ 0.        ,  0.76338995,  0.76918855, ...,  0.81158458,
          0.97599962,  0.24854423],
        [-0.76338995,  0.        ,  0.00902516, ...,  0.97023233,
          0.46419002, -0.57889105],
        [-0.76918855, -0.00902516,  0.        , ...,  0.96800714,
          0.45617721, -0.58622664],
        ...,
        [-0.81158458, -0.97023233, -0.96800714, ...,  0.        ,
         -0.74695367, -0.93132572],
        [-0.97599962, -0.46419002, -0.45617721, ...,  0.74695367,
          0.        , -0.89124726],
        [-0.24854423,  0.57889105,  0.58622664, ...,  0.93132572,
          0.89124726,  0.        ]],

       [[ 0.        , -0.00564025, -0.03923907, ..., -0.98599424,
         -0.99979338, -0.9383468 ],
        [ 0.00564025,  0.        , -0.03360254, ..., -0.98503787,
         -0.99966282, -0.94028168],
        [ 0.03923907,  0.03360254,  0.        , ..., -0.9786906 ,
         -0.99822576, -0.9511889 ],
        ...,
        [ 0.98599424,  0.98503787,  0.9786906 , ...,  0.        ,
         -0.14670224, -0.49735055],
        [ 0.99979338,  0.99966282,  0.99822576, ...,  0.14670224,
          0.        , -0.36469808],
        [ 0.9383468 ,  0.94028168,  0.9511889 , ...,  0.49735055,
          0.36469808,  0.        ]],

       ...,

       [[ 0.        , -0.10823247, -0.33427426, ..., -0.70231686,
         -0.71815473, -0.60574205],
        [ 0.10823247,  0.        , -0.23030411, ..., -0.62114433,
         -0.63861882, -0.51606732],
        [ 0.33427426,  0.23030411,  0.        , ..., -0.42395871,
         -0.44422756, -0.30492823],
        ...,
        [ 0.70231686,  0.62114433,  0.42395871, ...,  0.        ,
         -0.02249816,  0.12759996],
        [ 0.71815473,  0.63861882,  0.44422756, ...,  0.02249816,
          0.        ,  0.14988191],
        [ 0.60574205,  0.51606732,  0.30492823, ..., -0.12759996,
         -0.14988191,  0.        ]],

       [[ 0.        ,  0.00300139,  0.00123312, ..., -0.97824254,
         -0.98227803, -0.93755686],
        [-0.00300139,  0.        , -0.00176828, ..., -0.97761545,
         -0.98171106, -0.93650865],
        [-0.00123312,  0.00176828,  0.        , ..., -0.97798597,
         -0.98204616, -0.93712723],
        ...,
        [ 0.97824254,  0.97761545,  0.97798597, ...,  0.        ,
          0.0204362 , -0.14575433],
        [ 0.98227803,  0.98171106,  0.98204616, ..., -0.0204362 ,
          0.        , -0.16594185],
        [ 0.93755686,  0.93650865,  0.93712723, ...,  0.14575433,
          0.16594185,  0.        ]],

       [[ 0.        ,  0.08121812, -0.0602455 , ..., -0.8545717 ,
         -0.68479808, -0.24521645],
        [-0.08121812,  0.        , -0.14111707, ..., -0.80956921,
         -0.62334944, -0.16566794],
        [ 0.0602455 ,  0.14111707,  0.        , ..., -0.88430695,
         -0.72745709, -0.30317714],
        ...,
        [ 0.8545717 ,  0.80956921,  0.88430695, ...,  0.        ,
         -0.26711594, -0.70113112],
        [ 0.68479808,  0.62334944,  0.72745709, ...,  0.26711594,
          0.        , -0.48519279],
        [ 0.24521645,  0.16566794,  0.30317714, ...,  0.70113112,
          0.48519279,  0.        ]]]), 'num': array([ 7.05238343e-01,  7.05238343e-01,  0.00000000e+00,  0.00000000e+00,
        1.97178884e-02,  2.03655562e-02,  1.97178884e-02,  4.08892874e-02,
       -7.91594059e-04,  2.05238750e-02,  2.18515942e-02,  2.34641672e-02,
        1.69627298e-06,  2.39227191e-02,  1.97804693e-02])}
{'img': array([[[ 0.        , -0.15759058, -0.09587606, ..., -0.97418351,
         -0.97043394, -0.90943707],
        [ 0.15759058,  0.        ,  0.06218656, ..., -0.92643337,
         -0.92027077, -0.96360595],
        [ 0.09587606, -0.06218656,  0.        , ..., -0.94805097,
         -0.94282212, -0.9451168 ],
        ...,
