state_0,state_1,state_2,state_3,state_4,state_5,state_6,state_7,state_8,state_9,state_10,state_11,state_12,state_13,state_14,state_15,state_16,state_17,state_18,state_19,state_20,state_21,state_22,state_23,state_24,state_25,state_26,state_27,state_28,state_29,state_30,state_31,state_32,state_33,state_34,state_35,state_36,state_37,state_38,state_39,state_40,state_41,state_42,state_43,state_44,state_45,state_46,state_47,state_48,state_49,state_50,state_51,state_52,state_53,state_54,state_55,state_56,state_57,state_58,state_59,state_60,state_61,state_62,state_63,state_64,state_65,state_66,state_67,state_68,state_69,state_70,state_71,state_72,state_73,state_74,state_75,state_76,state_77,state_78,state_79,state_80,state_81,state_82,state_83,state_84,state_85,state_86,state_87,state_88,state_89,state_90,state_91,state_92,state_93,state_94,state_95,state_96,state_97,state_98,state_99,state_100,state_101,state_102,state_103,state_104,state_105,state_106,state_107,state_108,state_109,state_110,state_111,state_112,state_113,state_114,state_115,state_116,state_117,state_118,state_119,state_120,state_121,state_122,state_123,state_124,state_125,state_126,state_127,state_128,state_129,state_130,state_131,state_132,state_133,state_134,state_135,state_136,state_137,state_138,state_139,state_140,state_141,state_142,state_143,state_144,state_145,state_146,state_147,state_148,state_149,state_150,state_151,state_152,state_153,state_154,state_155,state_156,state_157,state_158,state_159,state_160,state_161,state_162,state_163,state_164,state_165,state_166,state_167,state_168,state_169,state_170,state_171,state_172,state_173,state_174,state_175,state_176,state_177,state_178,state_179,state_180,state_181,state_182,state_183,state_184,state_185,state_186,state_187,state_188,state_189,state_190,state_191,state_192,state_193,state_194,state_195,state_196,state_197,state_198,state_199,state_200,state_201,state_202,state_203,state_204,state_205,state_206,state_207,state_208,state_209,state_210,state_211,state_212,state_213,state_214,state_215,state_216,state_217,state_218,state_219,state_220,state_221,state_222,state_223,state_224,state_225,state_226,state_227,state_228,state_229,state_230,state_231,state_232,state_233,state_234,state_235,state_236,state_237,state_238,state_239,state_240,state_241,state_242,state_243,state_244,state_245,state_246,state_247,state_248,state_249,state_250,state_251,state_252,state_253,state_254,state_255,state_256,state_257,state_258,state_259,state_260,state_261,state_262,state_263,state_264,state_265,state_266,state_267,state_268,state_269,state_270,state_271,state_272,state_273,state_274,state_275,state_276,state_277,state_278,state_279,state_280,state_281,state_282,state_283,state_284,state_285,state_286,state_287
{'img': array([[[ 0.        ,  0.33662075,  0.43299139, ..., -0.28900587,
         -0.3894258 , -0.6686553 ],
        [-0.33662075,  0.        ,  0.10429286, ..., -0.59439582,
         -0.67674621, -0.87993472],
        [-0.43299139, -0.10429286,  0.        , ..., -0.67502382,
         -0.74983778, -0.92468509],
        ...,
        [ 0.28900587,  0.59439582,  0.67502382, ...,  0.        ,
         -0.10661683, -0.42522516],
        [ 0.3894258 ,  0.67674621,  0.74983778, ...,  0.10661683,
          0.        , -0.32630388],
        [ 0.6686553 ,  0.87993472,  0.92468509, ...,  0.42522516,
          0.32630388,  0.        ]],

       [[ 0.        , -0.04906045, -0.01552178, ...,  0.50034028,
          0.28411177,  0.4234589 ],
        [ 0.04906045,  0.        ,  0.03355145, ...,  0.54221573,
          0.33080837,  0.46739359],
        [ 0.01552178, -0.03355145,  0.        , ...,  0.51371921,
          0.29895969,  0.43746931],
        ...,
        [-0.50034028, -0.54221573, -0.51371921, ...,  0.        ,
         -0.23372967, -0.08662299],
        [-0.28411177, -0.33080837, -0.29895969, ...,  0.23372967,
          0.        ,  0.14862745],
        [-0.4234589 , -0.46739359, -0.43746931, ...,  0.08662299,
         -0.14862745,  0.        ]],

       [[ 0.        ,  0.13796164,  0.21827378, ..., -0.00901499,
         -0.19518167, -0.41299555],
        [-0.13796164,  0.        ,  0.0815515 , ..., -0.14688482,
         -0.3286235 , -0.53469254],
        [-0.21827378, -0.0815515 ,  0.        , ..., -0.22706252,
         -0.40455111, -0.60182637],
        ...,
        [ 0.00901499,  0.14688482,  0.22706252, ...,  0.        ,
         -0.18633214, -0.40476852],
        [ 0.19518167,  0.3286235 ,  0.40455111, ...,  0.18633214,
          0.        , -0.22729405],
        [ 0.41299555,  0.53469254,  0.60182637, ...,  0.40476852,
          0.22729405,  0.        ]],

       ...,

       [[ 0.        ,  0.12478407,  0.10725083, ...,  0.56197162,
          0.40834062,  0.09488366],
        [-0.12478407,  0.        , -0.01765176, ...,  0.45436325,
          0.2912424 , -0.03007905],
        [-0.10725083,  0.01765176,  0.        , ...,  0.47001694,
          0.30808357, -0.01243058],
        ...,
        [-0.56197162, -0.45436325, -0.47001694, ...,  0.        ,
         -0.17522275, -0.48095257],
        [-0.40834062, -0.2912424 , -0.30808357, ...,  0.17522275,
          0.        , -0.31988572],
        [-0.09488366,  0.03007905,  0.01243058, ...,  0.48095257,
          0.31988572,  0.        ]],

       [[ 0.        ,  0.19444711,  0.39187885, ...,  0.59038909,
          0.79096826,  0.88854561],
        [-0.19444711,  0.        ,  0.20550444, ...,  0.42217842,
          0.65689719,  0.78237589],
        [-0.39187885, -0.20550444,  0.        , ...,  0.22687513,
          0.48793023,  0.63768749],
        ...,
        [-0.59038909, -0.42217842, -0.22687513, ...,  0.        ,
          0.27717153,  0.44629825],
        [-0.79096826, -0.65689719, -0.48793023, ..., -0.27717153,
          0.        ,  0.18077604],
        [-0.88854561, -0.78237589, -0.63768749, ..., -0.44629825,
         -0.18077604,  0.        ]],

       [[ 0.        ,  0.00598317,  0.03925559, ..., -0.99946092,
         -0.99663072, -0.99235572],
        [-0.00598317,  0.        ,  0.03327633, ..., -0.9992466 ,
         -0.99710362, -0.99307634],
        [-0.03925559, -0.03327633,  0.        , ..., -0.99740175,
         -0.99908225, -0.99643536],
        ...,
        [ 0.99946092,  0.9992466 ,  0.99740175, ...,  0.        ,
          0.11469556,  0.15592376],
        [ 0.99663072,  0.99710362,  0.99908225, ..., -0.11469556,
          0.        ,  0.04160204],
        [ 0.99235572,  0.99307634,  0.99643536, ..., -0.15592376,
         -0.04160204,  0.        ]]]), 'num': array([ 7.07100484e-01,  7.07100484e-01,  0.00000000e+00,  0.00000000e+00,
        8.69811489e-05,  8.81062782e-05,  8.69811489e-05,  4.21299469e-03,
       -2.59645221e-07,  8.81928266e-05,  8.72797409e-05,  8.84192949e-05,
        5.14813799e-07,  9.14382005e-05,  8.31212813e-05])}
{'img': array([[[ 0.        ,  0.10429286, -0.12980331, ..., -0.67674621,
         -0.87993472, -0.91361394],
        [-0.10429286,  0.        , -0.23250597, ..., -0.74983778,
         -0.92468509, -0.95103535],
        [ 0.12980331,  0.23250597,  0.        , ..., -0.57545745,
         -0.81082141, -0.85310876],
        ...,
        [ 0.67674621,  0.74983778,  0.57545745, ...,  0.        ,
         -0.32630388, -0.3974642 ],
        [ 0.87993472,  0.92468509,  0.81082141, ...,  0.32630388,
          0.        , -0.07628675],
        [ 0.91361394,  0.95103535,  0.85310876, ...,  0.3974642 ,
          0.07628675,  0.        ]],

       [[ 0.        ,  0.03355145,  0.16063921, ...,  0.33080837,
          0.46739359, -0.00365796],
        [-0.03355145,  0.        ,  0.12743305, ...,  0.29895969,
          0.43746931, -0.03720712],
        [-0.16063921, -0.12743305,  0.        , ...,  0.17491733,
          0.31931065, -0.16424859],
        ...,
        [-0.33080837, -0.29895969, -0.17491733, ...,  0.        ,
          0.14862745, -0.33425816],
        [-0.46739359, -0.43746931, -0.31931065, ..., -0.14862745,
          0.        , -0.47062428],
        [ 0.00365796,  0.03720712,  0.16424859, ...,  0.33425816,
          0.47062428,  0.        ]],

       [[ 0.        ,  0.0815515 ,  0.20874282, ..., -0.3286235 ,
         -0.53469254, -0.66552431],
        [-0.0815515 ,  0.        ,  0.12829256, ..., -0.40455111,
         -0.60182637, -0.72417563],
        [-0.20874282, -0.12829256,  0.        , ..., -0.51853357,
         -0.69931099, -0.80666386],
        ...,
        [ 0.3286235 ,  0.40455111,  0.51853357, ...,  0.        ,
         -0.22729405, -0.383285  ],
        [ 0.53469254,  0.60182637,  0.69931099, ...,  0.22729405,
          0.        , -0.16331734],
        [ 0.66552431,  0.72417563,  0.80666386, ...,  0.383285  ,
          0.16331734,  0.        ]],

       ...,

       [[ 0.        , -0.01765176, -0.27003012, ...,  0.2912424 ,
         -0.03007905, -0.12219025],
        [ 0.01765176,  0.        , -0.25299201, ...,  0.30808357,
         -0.01243058, -0.10465171],
        [ 0.27003012,  0.25299201,  0.        , ...,  0.53874741,
          0.24094627,  0.15035559],
        ...,
        [-0.2912424 , -0.30808357, -0.53874741, ...,  0.        ,
         -0.31988572, -0.40595325],
        [ 0.03007905,  0.01243058, -0.24094627, ...,  0.31988572,
          0.        , -0.0922813 ],
        [ 0.12219025,  0.10465171, -0.15035559, ...,  0.40595325,
          0.0922813 ,  0.        ]],

       [[ 0.        ,  0.20269242,  0.28318926, ...,  0.63205505,
          0.70181167,  0.78770712],
        [-0.20269242,  0.        ,  0.08291593, ...,  0.46186402,
          0.54285329,  0.64648761],
        [-0.28318926, -0.08291593,  0.        , ...,  0.38673126,
          0.47134892,  0.58100286],
        ...,
        [-0.63205505, -0.46186402, -0.38673126, ...,  0.        ,
          0.09359801,  0.2210353 ],
        [-0.70181167, -0.54285329, -0.47134892, ..., -0.09359801,
          0.        ,  0.12878203],
        [-0.78770712, -0.64648761, -0.58100286, ..., -0.2210353 ,
         -0.12878203,  0.        ]],

       [[ 0.        ,  0.03327633,  0.10188253, ..., -0.99710362,
         -0.99307634, -0.97828743],
        [-0.03327633,  0.        ,  0.06872293, ..., -0.99908225,
         -0.99643536, -0.98464226],
        [-0.10188253, -0.06872293,  0.        , ..., -0.99966381,
         -0.99987702, -0.99431229],
        ...,
        [ 0.99710362,  0.99908225,  0.99966381, ...,  0.        ,
          0.04160204,  0.13224872],
        [ 0.99307634,  0.99643536,  0.99987702, ..., -0.04160204,
          0.        ,  0.0908976 ],
        [ 0.97828743,  0.98464226,  0.99431229, ..., -0.13224872,
         -0.0908976 ,  0.        ]]]), 'num': array([ 9.45982522e-01,  3.24161489e-01,  6.12631537e-05, -1.07021559e-10,
        1.16773899e-04,  1.16888947e-04,  1.15738465e-04,  6.02364638e-03,
        1.15048176e-06,  1.16750889e-04,  1.16215915e-04,  1.17479527e-04,
        6.67690307e-07,  1.21556567e-04,  1.10875263e-04])}
{'img': array([[[ 0.        , -0.23250597, -0.40328625, ..., -0.92468509,
         -0.95103535, -0.84292794],
        [ 0.23250597,  0.        , -0.17947404, ..., -0.81082141,
         -0.85310876, -0.6947331 ],
        [ 0.40328625,  0.17947404,  0.        , ..., -0.69261085,
         -0.74561904, -0.55436265],
        ...,
        [ 0.92468509,  0.81082141,  0.69261085, ...,  0.        ,
         -0.07628675,  0.17657472],
        [ 0.95103535,  0.85310876,  0.74561904, ...,  0.07628675,
          0.        ,  0.25114825],
        [ 0.84292794,  0.6947331 ,  0.55436265, ..., -0.17657472,
         -0.25114825,  0.        ]],

       [[ 0.        ,  0.12743305,  0.14770785, ...,  0.43746931,
         -0.03720712, -0.00206513],
        [-0.12743305,  0.        ,  0.02046837, ...,  0.31931065,
         -0.16424859, -0.12948107],
        [-0.14770785, -0.02046837,  0.        , ...,  0.2998469 ,
         -0.18440457, -0.14975001],
        ...,
        [-0.43746931, -0.31931065, -0.2998469 , ...,  0.        ,
         -0.47062428, -0.43932541],
        [ 0.03720712,  0.16424859,  0.18440457, ...,  0.47062428,
          0.        ,  0.03514334],
        [ 0.00206513,  0.12948107,  0.14975001, ...,  0.43932541,
         -0.03514334,  0.        ]],

       [[ 0.        ,  0.12829256,  0.03904224, ..., -0.60182637,
         -0.72417563, -0.80570705],
        [-0.12829256,  0.        , -0.08947514, ..., -0.69931099,
         -0.80666386, -0.87503849],
        [-0.03904224,  0.08947514,  0.        , ..., -0.6325477 ,
         -0.75054763, -0.82821802],
        ...,
        [ 0.60182637,  0.69931099,  0.6325477 , ...,  0.        ,
         -0.16331734, -0.28698904],
        [ 0.72417563,  0.80666386,  0.75054763, ...,  0.16331734,
          0.        , -0.1266886 ],
        [ 0.80570705,  0.87503849,  0.82821802, ...,  0.28698904,
          0.1266886 ,  0.        ]],

       ...,

       [[ 0.        , -0.25299201, -0.22723264, ..., -0.01243058,
         -0.10465171, -0.14876719],
        [ 0.25299201,  0.        ,  0.02653348, ...,  0.24094627,
          0.15035559,  0.10624923],
        [ 0.22723264, -0.02653348,  0.        , ...,  0.21510968,
          0.12407081,  0.07982853],
        ...,
        [ 0.01243058, -0.24094627, -0.21510968, ...,  0.        ,
         -0.0922813 , -0.13646344],
        [ 0.10465171, -0.15035559, -0.12407081, ...,  0.0922813 ,
          0.        , -0.04446313],
        [ 0.14876719, -0.10624923, -0.07982853, ...,  0.13646344,
          0.04446313,  0.        ]],

       [[ 0.        ,  0.08202109,  0.15757712, ...,  0.52125961,
          0.5754693 ,  0.65125251],
        [-0.08202109,  0.        ,  0.0760498 , ...,  0.44950663,
          0.50645155,  0.58681556],
        [-0.15757712, -0.0760498 ,  0.        , ...,  0.38027133,
          0.43940954,  0.52353706],
        ...,
        [-0.52125961, -0.44950663, -0.38027133, ...,  0.        ,
          0.06480615,  0.16021405],
        [-0.5754693 , -0.50645155, -0.43940954, ..., -0.06480615,
          0.        ,  0.09590825],
        [-0.65125251, -0.58681556, -0.52353706, ..., -0.16021405,
         -0.09590825,  0.        ]],

       [[ 0.        ,  0.06872293,  0.08987835, ..., -0.99643536,
         -0.98464226, -0.9336065 ],
        [-0.06872293,  0.        ,  0.02122106, ..., -0.99987702,
         -0.99431229, -0.95602268],
        [-0.08987835, -0.02122106,  0.        , ..., -0.99998466,
         -0.9963485 , -0.96203138],
        ...,
        [ 0.99643536,  0.99987702,  0.99998466, ...,  0.        ,
          0.0908976 ,  0.27826396],
        [ 0.98464226,  0.99431229,  0.9963485 , ..., -0.0908976 ,
          0.        ,  0.18980444],
        [ 0.9336065 ,  0.95602268,  0.96203138, ..., -0.27826396,
         -0.18980444,  0.        ]]]), 'num': array([9.96067776e-01, 8.76686759e-02, 8.75143596e-05, 7.58305886e-09,
       1.23206165e-04, 1.23443556e-04, 1.20476163e-04, 1.27696305e-02,
       2.73000172e-06, 1.20761033e-04, 1.20274380e-04, 1.21188337e-04,
       7.33404493e-07, 1.25613366e-04, 1.14935394e-04])}
{'img': array([[[ 0.        , -0.17947404, -0.11189216, ..., -0.85310876,
         -0.6947331 , -0.11189216],
        [ 0.17947404,  0.        ,  0.06827168, ..., -0.74561904,
         -0.55436265,  0.06827168],
        [ 0.11189216, -0.06827168,  0.        , ..., -0.7893737 ,
         -0.60989002,  0.        ],
        ...,
        [ 0.85310876,  0.74561904,  0.7893737 , ...,  0.        ,
          0.25114825,  0.7893737 ],
        [ 0.6947331 ,  0.55436265,  0.60989002, ..., -0.25114825,
          0.        ,  0.60989002],
        [ 0.11189216, -0.06827168,  0.        , ..., -0.7893737 ,
         -0.60989002,  0.        ]],

       [[ 0.        ,  0.02046837, -0.04437338, ..., -0.16424859,
         -0.12948107,  0.24777012],
        [-0.02046837,  0.        , -0.06481229, ..., -0.18440457,
         -0.14975001,  0.22788807],
        [ 0.04437338,  0.06481229,  0.        , ..., -0.12031606,
         -0.08535369,  0.29051584],
        ...,
        [ 0.16424859,  0.18440457,  0.12031606, ...,  0.        ,
          0.03514334,  0.40353228],
        [ 0.12948107,  0.14975001,  0.08535369, ..., -0.03514334,
          0.        ,  0.37112807],
        [-0.24777012, -0.22788807, -0.29051584, ..., -0.40353228,
         -0.37112807,  0.        ]],

       [[ 0.        , -0.08947514, -0.04709742, ..., -0.80666386,
         -0.87503849, -0.83453382],
        [ 0.08947514,  0.        ,  0.04246733, ..., -0.75054763,
         -0.82821802, -0.78188962],
        [ 0.04709742, -0.04246733,  0.        , ..., -0.77793363,
         -0.8512698 , -0.8076591 ],
        ...,
        [ 0.80666386,  0.75054763,  0.77793363, ...,  0.        ,
         -0.1266886 , -0.04878139],
        [ 0.87503849,  0.82821802,  0.8512698 , ...,  0.1266886 ,
          0.        ,  0.07814945],
        [ 0.83453382,  0.78188962,  0.8076591 , ...,  0.04878139,
         -0.07814945,  0.        ]],

       ...,

       [[ 0.        ,  0.02653348,  0.00441552, ...,  0.15035559,
          0.10624923,  0.22190987],
        [-0.02653348,  0.        , -0.02211926, ...,  0.12407081,
          0.07982853,  0.19595982],
        [-0.00441552,  0.02211926,  0.        , ...,  0.14598881,
          0.10185767,  0.21760228],
        ...,
        [-0.15035559, -0.12407081, -0.14598881, ...,  0.        ,
         -0.04446313,  0.07278039],
        [-0.10624923, -0.07982853, -0.10185767, ...,  0.04446313,
          0.        ,  0.11705362],
        [-0.22190987, -0.19595982, -0.21760228, ..., -0.07278039,
         -0.11705362,  0.        ]],

       [[ 0.        ,  0.05940377,  0.02695556, ...,  0.30042817,
          0.30979657,  0.69675545],
        [-0.05940377,  0.        , -0.03247423, ...,  0.24323804,
          0.2527682 ,  0.65291416],
        [-0.02695556,  0.03247423,  0.        , ...,  0.27460867,
          0.28405457,  0.67716681],
        ...,
        [-0.30042817, -0.24323804, -0.27460867, ...,  0.        ,
          0.00983738,  0.44906869],
        [-0.30979657, -0.2527682 , -0.28405457, ..., -0.00983738,
          0.        ,  0.44025729],
        [-0.69675545, -0.65291416, -0.67716681, ..., -0.44906869,
         -0.44025729,  0.        ]],

       [[ 0.        ,  0.02122106,  0.12105571, ..., -0.99431229,
         -0.95602268, -0.87964659],
        [-0.02122106,  0.        ,  0.09996345, ..., -0.9963485 ,
         -0.96203138, -0.88954183],
        [-0.12105571, -0.09996345,  0.        , ..., -0.99989273,
         -0.98449658, -0.93075489],
        ...,
        [ 0.99431229,  0.9963485 ,  0.99989273, ...,  0.        ,
          0.18980444,  0.37923686],
        [ 0.95602268,  0.96203138,  0.98449658, ..., -0.18980444,
          0.        ,  0.19671708],
        [ 0.87964659,  0.88954183,  0.93075489, ..., -0.37923686,
         -0.19671708,  0.        ]]]), 'num': array([ 9.96033228e-01,  8.86327914e-02,  8.86133238e-05,  3.26200383e-08,
        1.23054033e-04,  1.24616242e-04,  1.22693523e-04,  7.86825990e-03,
       -1.68237935e-06,  1.22333013e-04,  1.22086664e-04,  1.22659475e-04,
        6.81560931e-07,  1.26983041e-04,  1.17190288e-04])}
{'img': array([[[ 0.        ,  0.06827168, -0.03269768, ..., -0.55436265,
          0.06827168, -0.34568338],
        [-0.06827168,  0.        , -0.10085655, ..., -0.60989002,
          0.        , -0.40893962],
        [ 0.03269768,  0.10085655,  0.        , ..., -0.52685276,
          0.10085655, -0.31481663],
        ...,
        [ 0.55436265,  0.60989002,  0.52685276, ...,  0.        ,
          0.60989002,  0.23248316],
        [-0.06827168,  0.        , -0.10085655, ..., -0.60989002,
          0.        , -0.40893962],
        [ 0.34568338,  0.40893962,  0.31481663, ..., -0.23248316,
          0.40893962,  0.        ]],

       [[ 0.        , -0.06481229, -0.12155213, ..., -0.14975001,
          0.22788807, -0.0406878 ],
        [ 0.06481229,  0.        , -0.05696485, ..., -0.08535369,
          0.29051584,  0.02415638],
        [ 0.12155213,  0.05696485,  0.        , ..., -0.02845812,
          0.34455206,  0.08106538],
        ...,
        [ 0.14975001,  0.08535369,  0.02845812, ...,  0.        ,
          0.37112807,  0.10939701],
        [-0.22788807, -0.29051584, -0.34455206, ..., -0.37112807,
          0.        , -0.26731655],
        [ 0.0406878 , -0.02415638, -0.08106538, ..., -0.10939701,
          0.26731655,  0.        ]],

       [[ 0.        ,  0.04246733, -0.07536954, ..., -0.82821802,
         -0.78188962, -0.77039471],
        [-0.04246733,  0.        , -0.11764809, ..., -0.8512698 ,
         -0.8076591 , -0.79677548],
        [ 0.07536954,  0.11764809,  0.        , ..., -0.78362475,
         -0.73267903, -0.7201503 ],
        ...,
        [ 0.82821802,  0.8512698 ,  0.78362475, ...,  0.        ,
          0.07814945,  0.09631084],
        [ 0.78188962,  0.8076591 ,  0.73267903, ..., -0.07814945,
          0.        ,  0.01823014],
        [ 0.77039471,  0.79677548,  0.7201503 , ..., -0.09631084,
         -0.01823014,  0.        ]],

       ...,

       [[ 0.        , -0.02211926, -0.23257912, ...,  0.07982853,
          0.19595982,  0.04003877],
        [ 0.02211926,  0.        , -0.21100952, ...,  0.10185767,
          0.21760228,  0.0621305 ],
        [ 0.23257912,  0.21100952,  0.        , ...,  0.3094763 ,
          0.41865596,  0.27133343],
        ...,
        [-0.07982853, -0.10185767, -0.3094763 , ...,  0.        ,
          0.11705362, -0.03985352],
        [-0.19595982, -0.21760228, -0.41865596, ..., -0.11705362,
          0.        , -0.15654018],
        [-0.04003877, -0.0621305 , -0.27133343, ...,  0.03985352,
          0.15654018,  0.        ]],

       [[ 0.        , -0.03247423, -0.10662894, ...,  0.2527682 ,
          0.65291416,  0.26935823],
        [ 0.03247423,  0.        , -0.07428361, ...,  0.28405457,
          0.67716681,  0.30049015],
        [ 0.10662894,  0.07428361,  0.        , ...,  0.3544935 ,
          0.72995598,  0.37051053],
        ...,
        [-0.2527682 , -0.28405457, -0.3544935 , ...,  0.        ,
          0.44025729,  0.01718543],
        [-0.65291416, -0.67716681, -0.72995598, ..., -0.44025729,
          0.        , -0.42476196],
        [-0.26935823, -0.30049015, -0.37051053, ..., -0.01718543,
          0.42476196,  0.        ]],

       [[ 0.        ,  0.09996345,  0.20404712, ..., -0.96203138,
         -0.88954183, -0.75499228],
        [-0.09996345,  0.        ,  0.10516474, ..., -0.98449658,
         -0.93075489, -0.81676001],
        [-0.20404712, -0.10516474,  0.        , ..., -0.99748366,
         -0.96404651, -0.87290862],
        ...,
        [ 0.96203138,  0.98449658,  0.99748366, ...,  0.        ,
          0.19671708,  0.42476962],
        [ 0.88954183,  0.93075489,  0.96404651, ..., -0.19671708,
          0.        ,  0.23838149],
        [ 0.75499228,  0.81676001,  0.87290862, ..., -0.42476962,
         -0.23838149,  0.        ]]]), 'num': array([7.60374745e-01, 6.49418602e-01, 1.06997245e-05, 1.21314358e-08,
       9.50780999e-05, 9.50780999e-05, 9.36111282e-05, 9.25506911e-03,
       1.19191446e-06, 9.38678483e-05, 9.34323411e-05, 9.35866787e-05,
       5.28698723e-07, 9.68321265e-05, 9.00325557e-05])}
{'img': array([[[ 0.        , -0.10085655,  0.28794794, ...,  0.        ,
         -0.40893962, -0.03468376],
        [ 0.10085655,  0.        ,  0.38306457, ...,  0.10085655,
         -0.31481663,  0.06628897],
        [-0.28794794, -0.38306457,  0.        , ..., -0.28794794,
         -0.65438961, -0.32098946],
        ...,
        [ 0.        , -0.10085655,  0.28794794, ...,  0.        ,
         -0.40893962, -0.03468376],
        [ 0.40893962,  0.31481663,  0.65438961, ...,  0.40893962,
          0.        ,  0.37704252],
        [ 0.03468376, -0.06628897,  0.32098946, ...,  0.03468376,
         -0.37704252,  0.        ]],

       [[ 0.        , -0.05696485, -0.05221752, ...,  0.29051584,
          0.02415638,  0.25414066],
        [ 0.05696485,  0.        ,  0.00475441, ...,  0.34455206,
          0.08106538,  0.30882252],
        [ 0.05221752, -0.00475441,  0.        , ...,  0.34008488,
          0.0763257 ,  0.30429702],
        ...,
        [-0.29051584, -0.34455206, -0.34008488, ...,  0.        ,
         -0.26731655, -0.03779779],
        [-0.02415638, -0.08106538, -0.0763257 , ...,  0.26731655,
          0.        ,  0.23070325],
        [-0.25414066, -0.30882252, -0.30429702, ...,  0.03779779,
         -0.23070325,  0.        ]],

       [[ 0.        , -0.11764809, -0.12919175, ..., -0.8076591 ,
         -0.79677548, -0.67452459],
        [ 0.11764809,  0.        , -0.0116324 , ..., -0.73267903,
         -0.7201503 , -0.58298627],
        [ 0.12919175,  0.0116324 ,  0.        , ..., -0.72471274,
         -0.71203081, -0.57349571],
        ...,
        [ 0.8076591 ,  0.73267903,  0.72471274, ...,  0.        ,
          0.01823014,  0.19852302],
        [ 0.79677548,  0.7201503 ,  0.71203081, ..., -0.01823014,
          0.        ,  0.18062274],
        [ 0.67452459,  0.58298627,  0.57349571, ..., -0.19852302,
         -0.18062274,  0.        ]],

       ...,

       [[ 0.        , -0.21100952,  0.29470934, ...,  0.21760228,
          0.0621305 ,  0.09062357],
        [ 0.21100952,  0.        ,  0.48971161, ...,  0.41865596,
          0.27133343,  0.29872436],
        [-0.29470934, -0.48971161,  0.        , ..., -0.07970947,
         -0.23476887, -0.20689797],
        ...,
        [-0.21760228, -0.41865596,  0.07970947, ...,  0.        ,
         -0.15654018, -0.12825489],
        [-0.0621305 , -0.27133343,  0.23476887, ...,  0.15654018,
          0.        ,  0.02857364],
        [-0.09062357, -0.29872436,  0.20689797, ...,  0.12825489,
         -0.02857364,  0.        ]],

       [[ 0.        , -0.07428361, -0.15212018, ...,  0.67716681,
          0.30049015,  0.22945285],
        [ 0.07428361,  0.        , -0.0782808 , ...,  0.72995598,
          0.37051053,  0.30112061],
        [ 0.15212018,  0.0782808 ,  0.        , ...,  0.78122047,
          0.44208298,  0.37484406],
        ...,
        [-0.67716681, -0.72995598, -0.78122047, ...,  0.        ,
         -0.42476196, -0.49026166],
        [-0.30049015, -0.37051053, -0.44208298, ...,  0.42476196,
          0.        , -0.07362434],
        [-0.22945285, -0.30112061, -0.37484406, ...,  0.49026166,
          0.07362434,  0.        ]],

       [[ 0.        ,  0.10516474,  0.26443531, ..., -0.93075489,
         -0.81676001, -0.68110022],
        [-0.10516474,  0.        ,  0.16154773, ..., -0.96404651,
         -0.87290862, -0.75432399],
        [-0.26443531, -0.16154773,  0.        , ..., -0.99431232,
         -0.94025939, -0.85047233],
        ...,
        [ 0.93075489,  0.96404651,  0.99431232, ...,  0.        ,
          0.23838149,  0.43244958],
        [ 0.81676001,  0.87290862,  0.94025939, ..., -0.23838149,
          0.        ,  0.20504414],
        [ 0.68110022,  0.75432399,  0.85047233, ..., -0.43244958,
         -0.20504414,  0.        ]]]), 'num': array([ 7.11854158e-01,  7.02312060e-01,  9.27317651e-07,  1.27658670e-08,
        8.83527651e-05,  8.95548435e-05,  8.82669023e-05,  4.62237797e-03,
       -6.86901963e-07,  8.83184200e-05,  8.77130876e-05,  8.76300869e-05,
        4.47979541e-07,  9.04940201e-05,  8.49321551e-05])}
{'img': array([[[ 0.        ,  0.38306457,  0.48772264, ..., -0.31481663,
          0.06628897, -0.18064089],
        [-0.38306457,  0.        ,  0.11610507, ..., -0.65438961,
         -0.32098946, -0.54362471],
        [-0.48772264, -0.11610507,  0.        , ..., -0.73775766,
         -0.4287797 , -0.63739843],
        ...,
        [ 0.31481663,  0.65438961,  0.73775766, ...,  0.        ,
          0.37704252,  0.13818186],
        [-0.06628897,  0.32098946,  0.4287797 , ..., -0.37704252,
          0.        , -0.24544202],
        [ 0.18064089,  0.54362471,  0.63739843, ..., -0.13818186,
          0.24544202,  0.        ]],

       [[ 0.        ,  0.00475441,  0.2014855 , ...,  0.08106538,
          0.30882252, -0.01501121],
        [-0.00475441,  0.        ,  0.19682632, ...,  0.0763257 ,
          0.30429702, -0.01976492],
        [-0.2014855 , -0.19682632,  0.        , ..., -0.12141952,
          0.11085221, -0.21616616],
        ...,
        [-0.08106538, -0.0763257 ,  0.12141952, ...,  0.        ,
          0.23070325, -0.09601805],
        [-0.30882252, -0.30429702, -0.11085221, ..., -0.23070325,
          0.        , -0.32306519],
        [ 0.01501121,  0.01976492,  0.21616616, ...,  0.09601805,
          0.32306519,  0.        ]],

       [[ 0.        , -0.0116324 ,  0.06204725, ..., -0.7201503 ,
         -0.58298627, -0.44417597],
        [ 0.0116324 ,  0.        ,  0.07365304, ..., -0.71203081,
         -0.57349571, -0.43372398],
        [-0.06204725, -0.07365304,  0.        , ..., -0.76181223,
         -0.63227526, -0.49891072],
        ...,
        [ 0.7201503 ,  0.71203081,  0.76181223, ...,  0.        ,
          0.18062274,  0.33703383],
        [ 0.58298627,  0.57349571,  0.63227526, ..., -0.18062274,
          0.        ,  0.16143549],
        [ 0.44417597,  0.43372398,  0.49891072, ..., -0.33703383,
         -0.16143549,  0.        ]],

       ...,

       [[ 0.        ,  0.48971161,  0.26249837, ...,  0.27133343,
          0.29872436,  0.14085212],
        [-0.48971161,  0.        , -0.24367036, ..., -0.23476887,
         -0.20689797, -0.36202272],
        [-0.26249837,  0.24367036,  0.        , ...,  0.00916757,
          0.03773627, -0.12396866],
        ...,
        [-0.27133343,  0.23476887, -0.00916757, ...,  0.        ,
          0.02857364, -0.1330603 ],
        [-0.29872436,  0.20689797, -0.03773627, ..., -0.02857364,
          0.        , -0.16132554],
        [-0.14085212,  0.36202272,  0.12396866, ...,  0.1330603 ,
          0.16132554,  0.        ]],

       [[ 0.        , -0.0782808 , -0.14504333, ...,  0.37051053,
          0.30112061,  0.08129267],
        [ 0.0782808 ,  0.        , -0.06714524, ...,  0.44208298,
          0.37484406,  0.15906492],
        [ 0.14504333,  0.06714524,  0.        , ...,  0.50131284,
          0.43624766,  0.2249963 ],
        ...,
        [-0.37051053, -0.44208298, -0.50131284, ...,  0.        ,
         -0.07362434, -0.29377732],
        [-0.30112061, -0.37484406, -0.43624766, ...,  0.07362434,
          0.        , -0.22260443],
        [-0.08129267, -0.15906492, -0.2249963 , ...,  0.29377732,
          0.22260443,  0.        ]],

       [[ 0.        ,  0.16154773,  0.33149229, ..., -0.87290862,
         -0.75432399, -0.60506036],
        [-0.16154773,  0.        ,  0.17472462, ..., -0.94025939,
         -0.85047233, -0.72573384],
        [-0.33149229, -0.17472462,  0.        , ..., -0.98528226,
         -0.92929841, -0.83477639],
        ...,
        [ 0.87290862,  0.94025939,  0.98528226, ...,  0.        ,
          0.20504414,  0.39979293],
        [ 0.75432399,  0.85047233,  0.92929841, ..., -0.20504414,
          0.        ,  0.20335383],
        [ 0.60506036,  0.72573384,  0.83477639, ..., -0.39979293,
         -0.20335383,  0.        ]]]), 'num': array([7.07486003e-01, 7.06688787e-01, 7.68030774e-08, 1.25799534e-08,
       8.85795493e-05, 8.85795493e-05, 8.76408450e-05, 7.37908607e-03,
       7.68030774e-07, 8.81699328e-05, 8.74104357e-05, 8.70975343e-05,
       4.09885190e-07, 8.97870911e-05, 8.50337804e-05])}
{'img': array([[[ 0.        ,  0.11610507, -0.17898665, ..., -0.32098946,
         -0.54362471, -0.28794794],
        [-0.11610507,  0.        , -0.2920063 , ..., -0.4287797 ,
         -0.63739843, -0.3971881 ],
        [ 0.17898665,  0.2920063 ,  0.        , ..., -0.14629079,
         -0.38461741, -0.11189216],
        ...,
        [ 0.32098946,  0.4287797 ,  0.14629079, ...,  0.        ,
         -0.24544202,  0.03468376],
        [ 0.54362471,  0.63739843,  0.38461741, ...,  0.24544202,
          0.        ,  0.27891718],
        [ 0.28794794,  0.3971881 ,  0.11189216, ..., -0.03468376,
         -0.27891718,  0.        ]],

       [[ 0.        ,  0.19682632,  0.14788719, ...,  0.30429702,
         -0.01976492,  0.21984679],
        [-0.19682632,  0.        , -0.04966779, ...,  0.11085221,
         -0.21616616,  0.02353538],
        [-0.14788719,  0.04966779,  0.        , ...,  0.16007708,
         -0.16740589,  0.07316036],
        ...,
        [-0.30429702, -0.11085221, -0.16007708, ...,  0.        ,
         -0.32306519, -0.08743117],
        [ 0.01976492,  0.21616616,  0.16740589, ...,  0.32306519,
          0.        ,  0.2390852 ],
        [-0.21984679, -0.02353538, -0.07316036, ...,  0.08743117,
         -0.2390852 ,  0.        ]],

       [[ 0.        ,  0.07365304,  0.14416097, ..., -0.57349571,
         -0.43372398, -0.27137958],
        [-0.07365304,  0.        ,  0.07088574, ..., -0.63227526,
         -0.49891072, -0.34153151],
        [-0.14416097, -0.07088574,  0.        , ..., -0.68560302,
         -0.55908905, -0.40729577],
        ...,
        [ 0.57349571,  0.63227526,  0.68560302, ...,  0.        ,
          0.16143549,  0.32965732],
        [ 0.43372398,  0.49891072,  0.55908905, ..., -0.16143549,
          0.        ,  0.17292194],
        [ 0.27137958,  0.34153151,  0.40729577, ..., -0.32965732,
         -0.17292194,  0.        ]],

       ...,

       [[ 0.        , -0.24367036, -0.32154206, ..., -0.20689797,
         -0.36202272, -0.46959426],
        [ 0.24367036,  0.        , -0.08111986, ...,  0.03773627,
         -0.12396866, -0.24030754],
        [ 0.32154206,  0.08111986,  0.        , ...,  0.11867399,
         -0.04306599, -0.16077279],
        ...,
        [ 0.20689797, -0.03773627, -0.11867399, ...,  0.        ,
         -0.16132554, -0.27676686],
        [ 0.36202272,  0.12396866,  0.04306599, ...,  0.16132554,
          0.        , -0.11811787],
        [ 0.46959426,  0.24030754,  0.16077279, ...,  0.27676686,
          0.11811787,  0.        ]],

       [[ 0.        , -0.06714524, -0.03564584, ...,  0.37484406,
          0.15906492,  0.01222842],
        [ 0.06714524,  0.        ,  0.03153717, ...,  0.43624766,
          0.2249963 ,  0.07934105],
        [ 0.03564584, -0.03153717,  0.        , ...,  0.40765267,
          0.19415584,  0.04786383],
        ...,
        [-0.37484406, -0.43624766, -0.40765267, ...,  0.        ,
         -0.22260443, -0.36347921],
        [-0.15906492, -0.2249963 , -0.19415584, ...,  0.22260443,
          0.        , -0.14698029],
        [-0.01222842, -0.07934105, -0.04786383, ...,  0.36347921,
          0.14698029,  0.        ]],

       [[ 0.        ,  0.17472462,  0.20345814, ..., -0.85047233,
         -0.72573384, -0.57263571],
        [-0.17472462,  0.        ,  0.0292584 , ..., -0.92929841,
         -0.83477639, -0.70706803],
        [-0.20345814, -0.0292584 ,  0.        , ..., -0.93970656,
         -0.85052837, -0.72745526],
        ...,
        [ 0.85047233,  0.92929841,  0.93970656, ...,  0.        ,
          0.20335383,  0.39600796],
        [ 0.72573384,  0.83477639,  0.85052837, ..., -0.20335383,
          0.        ,  0.20100444],
        [ 0.57263571,  0.70706803,  0.72745526, ..., -0.39600796,
         -0.20100444,  0.        ]]]), 'num': array([ 7.07467575e-01,  7.06683422e-01,  7.68024943e-08,  1.25883184e-08,
        8.71281629e-05,  8.86642128e-05,  8.63601380e-05,  9.38668138e-03,
       -1.45071378e-06,  8.78791207e-05,  8.75121754e-05,  8.70627386e-05,
        3.58053586e-07,  8.96421618e-05,  8.53821890e-05])}
{'img': array([[[ 0.        , -0.2920063 ,  0.3822701 , ..., -0.63739843,
         -0.3971881 , -0.78918896],
        [ 0.2920063 ,  0.        ,  0.63543799, ..., -0.38461741,
         -0.11189216, -0.57545745],
        [-0.3822701 , -0.63543799,  0.        , ..., -0.88354068,
         -0.71784541, -0.96402191],
        ...,
        [ 0.63739843,  0.38461741,  0.88354068, ...,  0.        ,
          0.27891718, -0.21663869],
        [ 0.3971881 ,  0.11189216,  0.71784541, ..., -0.27891718,
          0.        , -0.48033483],
        [ 0.78918896,  0.57545745,  0.96402191, ...,  0.21663869,
          0.48033483,  0.        ]],

       [[ 0.        , -0.04966779,  0.31769822, ..., -0.21616616,
          0.02353538,  0.16161329],
        [ 0.04966779,  0.        ,  0.36440071, ..., -0.16740589,
          0.07316036,  0.21042869],
        [-0.31769822, -0.36440071,  0.        , ..., -0.51515375,
         -0.29529416, -0.1602814 ],
        ...,
        [ 0.21616616,  0.16740589,  0.51515375, ...,  0.        ,
          0.2390852 ,  0.37111667],
        [-0.02353538, -0.07316036,  0.29529416, ..., -0.2390852 ,
          0.        ,  0.13834254],
        [-0.16161329, -0.21042869,  0.1602814 , ..., -0.37111667,
         -0.13834254,  0.        ]],

       [[ 0.        ,  0.07088574,  0.34936844, ..., -0.49891072,
         -0.34153151, -0.46106466],
        [-0.07088574,  0.        ,  0.28207068, ..., -0.55908905,
         -0.40729577, -0.52280646],
        [-0.34936844, -0.28207068,  0.        , ..., -0.77025342,
         -0.64837108, -0.74202873],
        ...,
        [ 0.49891072,  0.55908905,  0.77025342, ...,  0.        ,
          0.17292194,  0.04313343],
        [ 0.34153151,  0.40729577,  0.64837108, ..., -0.17292194,
          0.        , -0.13027736],
        [ 0.46106466,  0.52280646,  0.74202873, ..., -0.04313343,
          0.13027736,  0.        ]],

       ...,

       [[ 0.        , -0.08111986,  0.16049085, ..., -0.12396866,
         -0.24030754, -0.40264748],
        [ 0.08111986,  0.        ,  0.24003025, ..., -0.04306599,
         -0.16077279, -0.32706702],
        [-0.16049085, -0.24003025,  0.        , ..., -0.28161453,
         -0.39298047, -0.54433421],
        ...,
        [ 0.12396866,  0.04306599,  0.28161453, ...,  0.        ,
         -0.11811787, -0.28606617],
        [ 0.24030754,  0.16077279,  0.39298047, ...,  0.11811787,
          0.        , -0.17088188],
        [ 0.40264748,  0.32706702,  0.54433421, ...,  0.28606617,
          0.17088188,  0.        ]],

       [[ 0.        ,  0.03153717,  0.11325431, ...,  0.2249963 ,
          0.07934105, -0.04509208],
        [-0.03153717,  0.        ,  0.08186371, ...,  0.19415584,
          0.04786383, -0.07657474],
        [-0.11325431, -0.08186371,  0.        , ...,  0.11319825,
         -0.03406671, -0.15794107],
        ...,
        [-0.2249963 , -0.19415584, -0.11319825, ...,  0.        ,
         -0.14698029, -0.26870334],
        [-0.07934105, -0.04786383,  0.03406671, ...,  0.14698029,
          0.        , -0.12421027],
        [ 0.04509208,  0.07657474,  0.15794107, ...,  0.26870334,
          0.12421027,  0.        ]],

       [[ 0.        ,  0.0292584 ,  0.10527166, ..., -0.83477639,
         -0.70706803, -0.62161321],
        [-0.0292584 ,  0.        ,  0.07613076, ..., -0.85052837,
         -0.72745526, -0.6442659 ],
        [-0.10527166, -0.07613076,  0.        , ..., -0.88809939,
         -0.77758159, -0.70062106],
        ...,
        [ 0.83477639,  0.85052837,  0.88809939, ...,  0.        ,
          0.20100444,  0.3116472 ],
        [ 0.70706803,  0.72745526,  0.77758159, ..., -0.20100444,
          0.        ,  0.11429259],
        [ 0.62161321,  0.6442659 ,  0.70062106, ..., -0.3116472 ,
         -0.11429259,  0.        ]]]), 'num': array([ 7.54707367e-01,  6.56038790e-01,  9.72104205e-06,  1.34053495e-08,
        9.24728930e-05,  9.36572748e-05,  9.24728930e-05,  5.46143084e-03,
       -5.46637791e-07,  9.36572748e-05,  9.34568410e-05,  9.29010926e-05,
        3.74409446e-07,  9.56702553e-05,  9.12434266e-05])}
{'img': array([[[ 0.        ,  0.63543799, -0.17947404, ..., -0.11189216,
         -0.57545745, -0.6947331 ],
        [-0.63543799,  0.        , -0.76370142, ..., -0.71784541,
         -0.96402191, -0.99348946],
        [ 0.17947404,  0.76370142,  0.        , ...,  0.06827168,
         -0.41933402, -0.55436265],
        ...,
        [ 0.11189216,  0.71784541, -0.06827168, ...,  0.        ,
         -0.48033483, -0.60989002],
        [ 0.57545745,  0.96402191,  0.41933402, ...,  0.48033483,
          0.        , -0.15426685],
