state_0,state_1,state_2,state_3,state_4,state_5,state_6,state_7,state_8,state_9,state_10,state_11,state_12,state_13,state_14,state_15,state_16,state_17,state_18,state_19,state_20,state_21,state_22,state_23,state_24,state_25,state_26,state_27,state_28,state_29,state_30,state_31,state_32,state_33,state_34,state_35,state_36,state_37,state_38,state_39,state_40,state_41,state_42,state_43,state_44,state_45,state_46,state_47,state_48,state_49,state_50,state_51,state_52,state_53,state_54,state_55,state_56,state_57,state_58,state_59,state_60,state_61,state_62,state_63,state_64,state_65,state_66,state_67,state_68,state_69,state_70,state_71,state_72,state_73,state_74,state_75,state_76,state_77,state_78,state_79,state_80,state_81,state_82,state_83,state_84,state_85,state_86,state_87,state_88,state_89,state_90,state_91,state_92,state_93,state_94,state_95,state_96,state_97,state_98,state_99,state_100,state_101,state_102,state_103,state_104,state_105,state_106,state_107,state_108,state_109,state_110,state_111,state_112,state_113,state_114,state_115,state_116,state_117,state_118,state_119,state_120,state_121,state_122,state_123,state_124,state_125,state_126,state_127,state_128,state_129,state_130,state_131,state_132,state_133,state_134,state_135,state_136,state_137,state_138,state_139,state_140,state_141,state_142,state_143,state_144,state_145,state_146,state_147,state_148,state_149,state_150,state_151,state_152,state_153,state_154,state_155,state_156,state_157,state_158,state_159,state_160,state_161,state_162,state_163,state_164,state_165,state_166,state_167,state_168,state_169,state_170,state_171,state_172,state_173,state_174,state_175,state_176,state_177,state_178,state_179,state_180,state_181,state_182,state_183,state_184,state_185,state_186,state_187,state_188,state_189,state_190,state_191,state_192,state_193,state_194,state_195,state_196,state_197,state_198,state_199,state_200,state_201,state_202,state_203,state_204,state_205,state_206,state_207,state_208,state_209,state_210,state_211,state_212,state_213,state_214,state_215,state_216,state_217,state_218,state_219,state_220,state_221,state_222,state_223,state_224,state_225,state_226,state_227,state_228,state_229,state_230,state_231,state_232,state_233,state_234,state_235,state_236,state_237,state_238,state_239,state_240,state_241,state_242,state_243,state_244,state_245,state_246,state_247,state_248,state_249,state_250,state_251,state_252,state_253,state_254,state_255,state_256,state_257,state_258,state_259,state_260,state_261,state_262,state_263,state_264,state_265,state_266,state_267,state_268,state_269,state_270,state_271,state_272,state_273,state_274,state_275,state_276,state_277,state_278,state_279,state_280,state_281,state_282,state_283,state_284,state_285,state_286,state_287
{'img': array([[[ 0.00000000e+00, -6.14355265e-01, -2.87884539e-01, ...,
          9.02747364e-01,  8.66886416e-01,  9.48689269e-01],
        [ 6.14355265e-01,  0.00000000e+00,  3.61197208e-01, ...,
          9.76572229e-01,  9.90258593e-01,  9.42809042e-01],
        [ 2.87884539e-01, -3.61197208e-01,  0.00000000e+00, ...,
          9.88369284e-01,  9.73698974e-01,  9.99558555e-01],
        ...,
        [-9.02747364e-01, -9.76572229e-01, -9.88369284e-01, ...,
          0.00000000e+00, -7.71152097e-02,  1.22641118e-01],
        [-8.66886416e-01, -9.90258593e-01, -9.73698974e-01, ...,
          7.71152097e-02,  0.00000000e+00,  1.98808989e-01],
        [-9.48689269e-01, -9.42809042e-01, -9.99558555e-01, ...,
         -1.22641118e-01, -1.98808989e-01,  0.00000000e+00]],

       [[ 0.00000000e+00,  1.74707177e-01, -1.32513646e-02, ...,
         -2.73093542e-02, -4.23519363e-01, -3.02718562e-02],
        [-1.74707177e-01,  0.00000000e+00, -1.87739402e-01, ...,
         -2.01531365e-01, -5.75270790e-01, -2.04433398e-01],
        [ 1.32513646e-02,  1.87739402e-01,  0.00000000e+00, ...,
         -1.40605341e-02, -4.11477937e-01, -1.70239067e-02],
        ...,
        [ 2.73093542e-02,  2.01531365e-01,  1.40605341e-02, ...,
          0.00000000e+00, -3.98622213e-01, -2.96372735e-03],
        [ 4.23519363e-01,  5.75270790e-01,  4.11477937e-01, ...,
          3.98622213e-01,  0.00000000e+00,  3.95902383e-01],
        [ 3.02718562e-02,  2.04433398e-01,  1.70239067e-02, ...,
          2.96372735e-03, -3.95902383e-01,  0.00000000e+00]],

       [[ 0.00000000e+00, -9.44140876e-02, -2.18129192e-01, ...,
          8.95010690e-01,  8.94136418e-01,  9.11840765e-01],
        [ 9.44140876e-02,  0.00000000e+00, -1.25014225e-01, ...,
          9.33125591e-01,  9.32420448e-01,  9.46528726e-01],
        [ 2.18129192e-01,  1.25014225e-01,  0.00000000e+00, ...,
          9.70754113e-01,  9.70282615e-01,  9.79435193e-01],
        ...,
        [-8.95010690e-01, -9.33125591e-01, -9.70754113e-01, ...,
          0.00000000e+00, -1.95621503e-03,  3.92804146e-02],
        [-8.94136418e-01, -9.32420448e-01, -9.70282615e-01, ...,
          1.95621503e-03,  0.00000000e+00,  4.12350447e-02],
        [-9.11840765e-01, -9.46528726e-01, -9.79435193e-01, ...,
         -3.92804146e-02, -4.12350447e-02,  0.00000000e+00]],

       ...,

       [[ 0.00000000e+00, -5.88604137e-02, -1.10541611e-01, ...,
         -3.79811031e-01, -4.20915842e-01, -1.16175269e-01],
        [ 5.88604137e-02,  0.00000000e+00, -5.18502694e-02, ...,
         -3.24702868e-01, -3.66793805e-01, -5.75119934e-02],
        [ 1.10541611e-01,  5.18502694e-02,  0.00000000e+00, ...,
         -2.75225282e-01, -3.18063996e-01, -5.67018473e-03],
        ...,
        [ 3.79811031e-01,  3.24702868e-01,  2.75225282e-01, ...,
          0.00000000e+00, -4.48476634e-02,  2.69769657e-01],
        [ 4.20915842e-01,  3.66793805e-01,  3.18063996e-01, ...,
          4.48476634e-02,  0.00000000e+00,  3.12683155e-01],
        [ 1.16175269e-01,  5.75119934e-02,  5.67018473e-03, ...,
         -2.69769657e-01, -3.12683155e-01,  0.00000000e+00]],

       [[ 0.00000000e+00, -1.23190485e-02, -3.03818412e-02, ...,
          8.65817461e-01,  8.64893240e-01,  8.65203917e-01],
        [ 1.23190485e-02,  0.00000000e+00, -1.80661742e-02, ...,
          8.71915720e-01,  8.71011228e-01,  8.71315283e-01],
        [ 3.03818412e-02,  1.80661742e-02,  0.00000000e+00, ...,
          8.80619628e-01,  8.79744318e-01,  8.80038577e-01],
        ...,
        [-8.65817461e-01, -8.71915720e-01, -8.80619628e-01, ...,
          0.00000000e+00, -1.84417056e-03, -1.22490724e-03],
        [-8.64893240e-01, -8.71011228e-01, -8.79744318e-01, ...,
          1.84417056e-03,  0.00000000e+00,  6.19264018e-04],
        [-8.65203917e-01, -8.71315283e-01, -8.80038577e-01, ...,
          1.22490724e-03, -6.19264018e-04,  0.00000000e+00]],

       [[ 0.00000000e+00,  2.32939839e-01,  3.64525524e-01, ...,
          6.02759750e-01,  6.35784863e-01,  6.35286093e-01],
        [-2.32939839e-01,  0.00000000e+00,  1.37585806e-01, ...,
          7.72046513e-01,  7.98093565e-01,  7.97704153e-01],
        [-3.64525524e-01, -1.37585806e-01,  0.00000000e+00, ...,
          8.52149100e-01,  8.73403639e-01,  8.73088850e-01],
        ...,
        [-6.02759750e-01, -7.72046513e-01, -8.52149100e-01, ...,
          0.00000000e+00, -4.20572466e-02, -4.14117949e-02],
        [-6.35784863e-01, -7.98093565e-01, -8.73403639e-01, ...,
          4.20572466e-02,  0.00000000e+00,  6.46014493e-04],
        [-6.35286093e-01, -7.97704153e-01, -8.73088850e-01, ...,
          4.14117949e-02, -6.46014493e-04,  0.00000000e+00]]]), 'num': array([7.07086541e-01, 7.07086541e-01, 0.00000000e+00, 0.00000000e+00,
       3.41060027e-04, 3.45072498e-04, 3.38385047e-04, 7.50576375e-03,
       3.12081071e-06, 3.32856754e-04, 3.37225889e-04, 3.30961976e-04,
       4.41459218e-07, 3.53537179e-04, 3.20914599e-04])}
{'img': array([[[ 0.00000000e+00,  3.61197208e-01,  3.38605952e-01, ...,
          9.90258593e-01,  9.42809042e-01,  9.19792513e-01],
        [-3.61197208e-01,  0.00000000e+00, -2.41141855e-02, ...,
          9.73698974e-01,  9.99558555e-01,  9.99432429e-01],
        [-3.38605952e-01,  2.41141855e-02,  0.00000000e+00, ...,
          9.78909969e-01,  9.99984331e-01,  9.98329468e-01],
        ...,
        [-9.90258593e-01, -9.73698974e-01, -9.78909969e-01, ...,
          0.00000000e+00,  1.98808989e-01,  2.60510111e-01],
        [-9.42809042e-01, -9.99558555e-01, -9.99984331e-01, ...,
         -1.98808989e-01,  0.00000000e+00,  6.33655374e-02],
        [-9.19792513e-01, -9.99432429e-01, -9.98329468e-01, ...,
         -2.60510111e-01, -6.33655374e-02,  0.00000000e+00]],

       [[ 0.00000000e+00, -1.87739402e-01, -8.37988258e-02, ...,
         -5.75270790e-01, -2.04433398e-01, -3.67129119e-01],
        [ 1.87739402e-01,  0.00000000e+00,  1.04770276e-01, ...,
         -4.11477937e-01, -1.70239067e-02, -1.85971592e-01],
        [ 8.37988258e-02, -1.04770276e-01,  0.00000000e+00, ...,
         -5.04703044e-01, -1.21685308e-01, -2.87890660e-01],
        ...,
        [ 5.75270790e-01,  4.11477937e-01,  5.04703044e-01, ...,
          0.00000000e+00,  3.95902383e-01,  2.34801578e-01],
        [ 2.04433398e-01,  1.70239067e-02,  1.21685308e-01, ...,
         -3.95902383e-01,  0.00000000e+00, -1.69217715e-01],
        [ 3.67129119e-01,  1.85971592e-01,  2.87890660e-01, ...,
         -2.34801578e-01,  1.69217715e-01,  0.00000000e+00]],

       [[ 0.00000000e+00, -1.25014225e-01, -2.38449421e-01, ...,
          9.32420448e-01,  9.46528726e-01,  9.72135755e-01],
        [ 1.25014225e-01,  0.00000000e+00, -1.15170595e-01, ...,
          9.70282615e-01,  9.79435193e-01,  9.93814959e-01],
        [ 2.38449421e-01,  1.15170595e-01,  0.00000000e+00, ...,
          9.91694434e-01,  9.96154471e-01,  9.99991395e-01],
        ...,
        [-9.32420448e-01, -9.70282615e-01, -9.91694434e-01, ...,
          0.00000000e+00,  4.12350447e-02,  1.32729168e-01],
        [-9.46528726e-01, -9.79435193e-01, -9.96154471e-01, ...,
         -4.12350447e-02,  0.00000000e+00,  9.17460669e-02],
        [-9.72135755e-01, -9.93814959e-01, -9.99991395e-01, ...,
         -1.32729168e-01, -9.17460669e-02,  0.00000000e+00]],

       ...,

       [[ 0.00000000e+00, -5.18502694e-02, -8.20961618e-01, ...,
         -3.66793805e-01, -5.75119934e-02, -1.23775990e-01],
        [ 5.18502694e-02,  0.00000000e+00, -7.90251676e-01, ...,
         -3.18063996e-01, -5.67018473e-03, -7.21579448e-02],
        [ 8.20961618e-01,  7.90251676e-01,  0.00000000e+00, ...,
          5.54309287e-01,  7.86764383e-01,  7.43974543e-01],
        ...,
        [ 3.66793805e-01,  3.18063996e-01, -5.54309287e-01, ...,
          0.00000000e+00,  3.12683155e-01,  2.48824145e-01],
        [ 5.75119934e-02,  5.67018473e-03, -7.86764383e-01, ...,
         -3.12683155e-01,  0.00000000e+00, -6.65013810e-02],
        [ 1.23775990e-01,  7.21579448e-02, -7.43974543e-01, ...,
         -2.48824145e-01,  6.65013810e-02,  0.00000000e+00]],

       [[ 0.00000000e+00, -1.80661742e-02, -3.17976215e-02, ...,
          8.71011228e-01,  8.71315283e-01,  8.75675002e-01],
        [ 1.80661742e-02,  0.00000000e+00, -1.37353933e-02, ...,
          8.79744318e-01,  8.80038577e-01,  8.84256258e-01],
        [ 3.17976215e-02,  1.37353933e-02,  0.00000000e+00, ...,
          8.86191780e-01,  8.86478527e-01,  8.90587297e-01],
        ...,
        [-8.71011228e-01, -8.79744318e-01, -8.86191780e-01, ...,
          0.00000000e+00,  6.19264018e-04,  9.57470515e-03],
        [-8.71315283e-01, -8.80038577e-01, -8.86478527e-01, ...,
         -6.19264018e-04,  0.00000000e+00,  8.95546768e-03],
        [-8.75675002e-01, -8.84256258e-01, -8.90587297e-01, ...,
         -9.57470515e-03, -8.95546768e-03,  0.00000000e+00]],

       [[ 0.00000000e+00,  1.39861358e-01,  2.17102798e-01, ...,
          7.94582638e-01,  7.94190084e-01,  7.87887909e-01],
        [-1.39861358e-01,  0.00000000e+00,  7.84434259e-02, ...,
          8.71690427e-01,  8.71373535e-01,  8.66273071e-01],
        [-2.17102798e-01, -7.84434259e-02,  0.00000000e+00, ...,
          9.07446116e-01,  9.07174384e-01,  9.02791752e-01],
        ...,
        [-7.94582638e-01, -8.71690427e-01, -9.07446116e-01, ...,
          0.00000000e+00,  6.46271975e-04,  1.09479431e-02],
        [-7.94190084e-01, -8.71373535e-01, -9.07174384e-01, ...,
         -6.46271975e-04,  0.00000000e+00,  1.03017075e-02],
        [-7.87887909e-01, -8.66273071e-01, -9.02791752e-01, ...,
         -1.09479431e-02, -1.03017075e-02,  0.00000000e+00]]]), 'num': array([ 7.07092511e-01,  7.07092511e-01,  0.00000000e+00,  0.00000000e+00,
        3.36604569e-04,  3.45075412e-04,  3.33929566e-04,  6.28112150e-03,
       -4.45833866e-06,  3.34999567e-04,  3.37295611e-04,  3.32116508e-04,
        4.02549025e-07,  3.53585273e-04,  3.21005950e-04])}
{'img': array([[[ 0.        , -0.1315891 ,  0.        , ...,  0.98267331,
          0.96860174,  0.98737401],
        [ 0.1315891 ,  0.        ,  0.1315891 , ...,  0.9497388 ,
          0.92746377,  0.95794361],
        [ 0.        , -0.1315891 ,  0.        , ...,  0.98267331,
          0.96860174,  0.98737401],
        ...,
        [-0.98267331, -0.9497388 , -0.98267331, ...,  0.        ,
          0.06478324, -0.02734426],
        [-0.96860174, -0.92746377, -0.96860174, ..., -0.06478324,
          0.        , -0.09204583],
        [-0.98737401, -0.95794361, -0.98737401, ...,  0.02734426,
          0.09204583,  0.        ]],

       [[ 0.        ,  0.10477028, -0.19454067, ..., -0.01702391,
         -0.18597159, -0.29281824],
        [-0.10477028,  0.        , -0.29623859, ..., -0.12168531,
         -0.28789066, -0.3913847 ],
        [ 0.19454067,  0.29623859,  0.        , ...,  0.17781382,
          0.00872843, -0.1012102 ],
        ...,
        [ 0.01702391,  0.12168531, -0.17781382, ...,  0.        ,
         -0.16921771, -0.27649809],
        [ 0.18597159,  0.28789066, -0.00872843, ...,  0.16921771,
          0.        , -0.10988995],
        [ 0.29281824,  0.3913847 ,  0.1012102 , ...,  0.27649809,
          0.10988995,  0.        ]],

       [[ 0.        , -0.11517059, -0.4194445 , ...,  0.97943519,
          0.99381496,  0.9980626 ],
        [ 0.11517059,  0.        , -0.31210373, ...,  0.99615447,
          0.9999914 ,  0.99858687],
        [ 0.4194445 ,  0.31210373,  0.        , ...,  0.97373935,
          0.94874511,  0.93211914],
        ...,
        [-0.97943519, -0.99615447, -0.97373935, ...,  0.        ,
          0.09174607,  0.14042987],
        [-0.99381496, -0.9999914 , -0.94874511, ..., -0.09174607,
          0.        ,  0.04900068],
        [-0.9980626 , -0.99858687, -0.93211914, ..., -0.14042987,
         -0.04900068,  0.        ]],

       ...,

       [[ 0.        , -0.79025168, -0.52276608, ..., -0.00567018,
         -0.07215794, -0.21293544],
        [ 0.79025168,  0.        ,  0.35332886, ...,  0.78676438,
          0.74397454,  0.64164517],
        [ 0.52276608, -0.35332886,  0.        , ...,  0.51792398,
          0.45989042,  0.32925472],
        ...,
        [ 0.00567018, -0.78676438, -0.51792398, ...,  0.        ,
         -0.06650138, -0.20739187],
        [ 0.07215794, -0.74397454, -0.45989042, ...,  0.06650138,
          0.        , -0.14187727],
        [ 0.21293544, -0.64164517, -0.32925472, ...,  0.20739187,
          0.14187727,  0.        ]],

       [[ 0.        , -0.01373539, -0.04490374, ...,  0.88003858,
          0.88425626,  0.88474193],
        [ 0.01373539,  0.        , -0.03117796, ...,  0.88647853,
          0.8905873 ,  0.89106028],
        [ 0.04490374,  0.03117796,  0.        , ...,  0.90047578,
          0.90433446,  0.9047783 ],
        ...,
        [-0.88003858, -0.88647853, -0.90047578, ...,  0.        ,
          0.00895547,  0.00999642],
        [-0.88425626, -0.8905873 , -0.90433446, ..., -0.00895547,
          0.        ,  0.001041  ],
        [-0.88474193, -0.89106028, -0.9047783 , ..., -0.00999642,
         -0.001041  ,  0.        ]],

       [[ 0.        ,  0.07844343,  0.18496809, ...,  0.87137354,
          0.86627307,  0.86462753],
        [-0.07844343,  0.        ,  0.10730828, ...,  0.90717438,
          0.90279175,  0.90137427],
        [-0.18496809, -0.10730828,  0.        , ...,  0.94708665,
          0.94372977,  0.94263842],
        ...,
        [-0.87137354, -0.90717438, -0.94708665, ...,  0.        ,
          0.01030171,  0.01358603],
        [-0.86627307, -0.90279175, -0.94372977, ..., -0.01030171,
          0.        ,  0.00328455],
        [-0.86462753, -0.90137427, -0.94263842, ..., -0.01358603,
         -0.00328455,  0.        ]]]), 'num': array([ 7.07097502e-01,  7.07097502e-01,  0.00000000e+00,  0.00000000e+00,
        3.34377759e-04,  3.38390292e-04,  3.31702737e-04,  5.03435588e-03,
       -2.22918506e-06,  3.35536936e-04,  3.37208824e-04,  3.33173999e-04,
        4.23090226e-07,  3.53541983e-04,  3.20875666e-04])}
{'img': array([[[ 0.00000000e+00,  1.31589095e-01,  5.37163312e-01, ...,
          9.27463765e-01,  9.57943607e-01,  9.69906354e-01],
        [-1.31589095e-01,  0.00000000e+00,  4.21499785e-01, ...,
          9.68601742e-01,  9.87374012e-01,  9.93511470e-01],
        [-5.37163312e-01, -4.21499785e-01,  0.00000000e+00, ...,
          9.83147892e-01,  9.62147123e-01,  9.48882514e-01],
        ...,
        [-9.27463765e-01, -9.68601742e-01, -9.83147892e-01, ...,
          0.00000000e+00, -9.20458335e-02, -1.36843372e-01],
        [-9.57943607e-01, -9.87374012e-01, -9.62147123e-01, ...,
          9.20458335e-02,  0.00000000e+00, -4.50825104e-02],
        [-9.69906354e-01, -9.93511470e-01, -9.48882514e-01, ...,
          1.36843372e-01,  4.50825104e-02,  0.00000000e+00]],

       [[ 0.00000000e+00, -2.71265141e-01, -6.28639186e-02, ...,
         -2.64291285e-01, -3.42874250e-01, -5.23598627e-01],
        [ 2.71265141e-01,  0.00000000e+00,  2.10221793e-01, ...,
          7.23814680e-03, -7.51966599e-02, -2.72857695e-01],
        [ 6.28639186e-02, -2.10221793e-01,  0.00000000e+00, ...,
         -2.03139885e-01, -2.83142891e-01, -4.69005143e-01],
        ...,
        [ 2.64291285e-01, -7.23814680e-03,  2.03139885e-01, ...,
          0.00000000e+00, -8.24123436e-02, -2.79814038e-01],
        [ 3.42874250e-01,  7.51966599e-02,  2.83142891e-01, ...,
          8.24123436e-02,  0.00000000e+00, -1.99741881e-01],
        [ 5.23598627e-01,  2.72857695e-01,  4.69005143e-01, ...,
          2.79814038e-01,  1.99741881e-01,  0.00000000e+00]],

       [[ 0.00000000e+00, -3.12103732e-01, -3.12103732e-01, ...,
          9.99991395e-01,  9.98586874e-01,  9.97851333e-01],
        [ 3.12103732e-01,  0.00000000e+00,  0.00000000e+00, ...,
          9.48745111e-01,  9.32119140e-01,  9.27558025e-01],
        [ 3.12103732e-01,  0.00000000e+00,  0.00000000e+00, ...,
          9.48745111e-01,  9.32119140e-01,  9.27558025e-01],
        ...,
        [-9.99991395e-01, -9.48745111e-01, -9.48745111e-01, ...,
          0.00000000e+00,  4.90006819e-02,  6.13787300e-02],
        [-9.98586874e-01, -9.32119140e-01, -9.32119140e-01, ...,
         -4.90006819e-02,  0.00000000e+00,  1.23967050e-02],
        [-9.97851333e-01, -9.27558025e-01, -9.27558025e-01, ...,
         -6.13787300e-02, -1.23967050e-02,  0.00000000e+00]],

       ...,

       [[ 0.00000000e+00,  3.53328862e-01,  4.09940642e-01, ...,
          7.43974543e-01,  6.41645166e-01,  6.98279199e-01],
        [-3.53328862e-01,  0.00000000e+00,  6.12235681e-02, ...,
          4.59890416e-01,  3.29254718e-01,  4.00317806e-01],
        [-4.09940642e-01, -6.12235681e-02,  0.00000000e+00, ...,
          4.04662658e-01,  2.70827250e-01,  3.43463009e-01],
        ...,
        [-7.43974543e-01, -4.59890416e-01, -4.04662658e-01, ...,
          0.00000000e+00, -1.41877269e-01, -6.59602360e-02],
        [-6.41645166e-01, -3.29254718e-01, -2.70827250e-01, ...,
          1.41877269e-01,  0.00000000e+00,  7.62752970e-02],
        [-6.98279199e-01, -4.00317806e-01, -3.43463009e-01, ...,
          6.59602360e-02, -7.62752970e-02,  0.00000000e+00]],

       [[ 0.00000000e+00, -3.11779623e-02, -8.22939664e-02, ...,
          8.90587297e-01,  8.91060276e-01,  8.90580200e-01],
        [ 3.11779623e-02,  0.00000000e+00, -5.11817493e-02, ...,
          9.04334460e-01,  9.04778295e-01,  9.04327799e-01],
        [ 8.22939664e-02,  5.11817493e-02,  0.00000000e+00, ...,
          9.24994825e-01,  9.25389884e-01,  9.24988896e-01],
        ...,
        [-8.90587297e-01, -9.04334460e-01, -9.24994825e-01, ...,
          0.00000000e+00,  1.04100277e-03, -1.56040178e-05],
        [-8.91060276e-01, -9.04778295e-01, -9.25389884e-01, ...,
         -1.04100277e-03,  0.00000000e+00, -1.05660678e-03],
        [-8.90580200e-01, -9.04327799e-01, -9.24988896e-01, ...,
          1.56040178e-05,  1.05660678e-03,  0.00000000e+00]],

       [[ 0.00000000e+00,  1.07308280e-01,  2.49058805e-01, ...,
          9.02791752e-01,  9.01374269e-01,  9.03488154e-01],
        [-1.07308280e-01,  0.00000000e+00,  1.43693867e-01, ...,
          9.43729775e-01,  9.42638425e-01,  9.44264960e-01],
        [-2.49058805e-01, -1.43693867e-01,  0.00000000e+00, ...,
          9.81458010e-01,  9.80823142e-01,  9.81767621e-01],
        ...,
        [-9.02791752e-01, -9.43729775e-01, -9.81458010e-01, ...,
          0.00000000e+00,  3.28455171e-03, -1.62200765e-03],
        [-9.01374269e-01, -9.42638425e-01, -9.80823142e-01, ...,
         -3.28455171e-03,  0.00000000e+00, -4.90654629e-03],
        [-9.03488154e-01, -9.44264960e-01, -9.81767621e-01, ...,
          1.62200765e-03,  4.90654629e-03,  0.00000000e+00]]]), 'num': array([7.07066991e-01, 7.07066991e-01, 0.00000000e+00, 0.00000000e+00,
       3.37929873e-04, 3.43725504e-04, 3.33917513e-04, 1.05655157e-02,
       3.56654220e-06, 3.37573219e-04, 3.36904492e-04, 3.34281598e-04,
       4.48035774e-07, 3.52966559e-04, 3.20842426e-04])}
{'img': array([[[ 0.00000000e+00,  5.24308507e-01,  6.12600102e-01, ...,
          9.58870830e-01,  9.70729688e-01,  9.50722317e-01],
        [-5.24308507e-01,  0.00000000e+00,  1.07236594e-01, ...,
          9.65326920e-01,  9.52529507e-01,  9.72125571e-01],
        [-6.12600102e-01, -1.07236594e-01,  0.00000000e+00, ...,
          9.31766929e-01,  9.14388992e-01,  9.41377059e-01],
        ...,
        [-9.58870830e-01, -9.65326920e-01, -9.31766929e-01, ...,
          0.00000000e+00, -4.52381401e-02,  2.74361498e-02],
        [-9.70729688e-01, -9.52529507e-01, -9.14388992e-01, ...,
          4.52381401e-02,  0.00000000e+00,  7.26291721e-02],
        [-9.50722317e-01, -9.72125571e-01, -9.41377059e-01, ...,
         -2.74361498e-02, -7.26291721e-02,  0.00000000e+00]],

       [[ 0.00000000e+00,  2.10221793e-01,  2.85076799e-01, ...,
         -7.51966599e-02, -2.72857695e-01,  1.49152212e-01],
        [-2.10221793e-01,  0.00000000e+00,  7.72078204e-02, ...,
         -2.83142891e-01, -4.69005143e-01, -6.20510897e-02],
        [-2.85076799e-01, -7.72078204e-02,  0.00000000e+00, ...,
         -3.56346018e-01, -5.35794767e-01, -1.38924908e-01],
        ...,
        [ 7.51966599e-02,  2.83142891e-01,  3.56346018e-01, ...,
          0.00000000e+00, -1.99741881e-01,  2.23085449e-01],
        [ 2.72857695e-01,  4.69005143e-01,  5.35794767e-01, ...,
          1.99741881e-01,  0.00000000e+00,  4.13298119e-01],
        [-1.49152212e-01,  6.20510897e-02,  1.38924908e-01, ...,
         -2.23085449e-01, -4.13298119e-01,  0.00000000e+00]],

       [[ 0.00000000e+00,  0.00000000e+00,  3.45223092e-01, ...,
          9.32119140e-01,  9.27558025e-01,  9.08508011e-01],
        [ 0.00000000e+00,  0.00000000e+00,  3.45223092e-01, ...,
          9.32119140e-01,  9.27558025e-01,  9.08508011e-01],
        [-3.45223092e-01, -3.45223092e-01,  0.00000000e+00, ...,
          9.99836220e-01,  9.99535037e-01,  9.96911020e-01],
        ...,
        [-9.32119140e-01, -9.32119140e-01, -9.99836220e-01, ...,
          0.00000000e+00,  1.23967050e-02,  6.04844433e-02],
        [-9.27558025e-01, -9.27558025e-01, -9.99535037e-01, ...,
         -1.23967050e-02,  0.00000000e+00,  4.81057871e-02],
        [-9.08508011e-01, -9.08508011e-01, -9.96911020e-01, ...,
         -6.04844433e-02, -4.81057871e-02,  0.00000000e+00]],

       ...,

       [[ 0.00000000e+00,  6.12235681e-02,  2.53382733e-01, ...,
          3.29254718e-01,  4.00317806e-01,  4.80396182e-01],
        [-6.12235681e-02,  0.00000000e+00,  1.93681802e-01, ...,
          2.70827250e-01,  3.43463009e-01,  4.25798768e-01],
        [-2.53382733e-01, -1.93681802e-01,  0.00000000e+00, ...,
          7.92554548e-02,  1.55059928e-01,  2.42489254e-01],
        ...,
        [-3.29254718e-01, -2.70827250e-01, -7.92554548e-02, ...,
          0.00000000e+00,  7.62752970e-02,  1.64836461e-01],
        [-4.00317806e-01, -3.43463009e-01, -1.55059928e-01, ...,
         -7.62752970e-02,  0.00000000e+00,  8.91243384e-02],
        [-4.80396182e-01, -4.25798768e-01, -2.42489254e-01, ...,
         -1.64836461e-01, -8.91243384e-02,  0.00000000e+00]],

       [[ 0.00000000e+00, -5.11817493e-02, -6.62585738e-02, ...,
          9.04778295e-01,  9.04327799e-01,  8.98740826e-01],
        [ 5.11817493e-02,  0.00000000e+00, -1.51024557e-02, ...,
          9.25389884e-01,  9.24988896e-01,  9.20005083e-01],
        [ 6.62585738e-02,  1.51024557e-02,  0.00000000e+00, ...,
          9.31008425e-01,  9.30622247e-01,  9.25818907e-01],
        ...,
        [-9.04778295e-01, -9.25389884e-01, -9.31008425e-01, ...,
          0.00000000e+00, -1.05660678e-03, -1.39690692e-02],
        [-9.04327799e-01, -9.24988896e-01, -9.30622247e-01, ...,
          1.05660678e-03,  0.00000000e+00, -1.29125577e-02],
        [-8.98740826e-01, -9.20005083e-01, -9.25818907e-01, ...,
          1.39690692e-02,  1.29125577e-02,  0.00000000e+00]],

       [[ 0.00000000e+00,  1.43693867e-01,  2.16078024e-01, ...,
          9.42638425e-01,  9.44264960e-01,  9.44500234e-01],
        [-1.43693867e-01,  0.00000000e+00,  7.35363485e-02, ...,
          9.80823142e-01,  9.81767621e-01,  9.81903366e-01],
        [-2.16078024e-01, -7.35363485e-02,  0.00000000e+00, ...,
          9.92499826e-01,  9.93087685e-01,  9.93171406e-01],
        ...,
        [-9.42638425e-01, -9.80823142e-01, -9.92499826e-01, ...,
          0.00000000e+00, -4.90654629e-03, -5.62198546e-03],
        [-9.44264960e-01, -9.81767621e-01, -9.93087685e-01, ...,
          4.90654629e-03,  0.00000000e+00, -7.15449036e-04],
        [-9.44500234e-01, -9.81903366e-01, -9.93171406e-01, ...,
          5.62198546e-03,  7.15449036e-04,  0.00000000e+00]]]), 'num': array([7.07042389e-01, 7.07042389e-01, 0.00000000e+00, 0.00000000e+00,
       3.45050952e-04, 3.47725765e-04, 3.34797500e-04, 1.34610172e-02,
       7.13283621e-06, 3.38988041e-04, 3.37026511e-04, 3.35503353e-04,
       4.48020185e-07, 3.53311418e-04, 3.20741604e-04])}
{'img': array([[[ 0.00000000e+00,  3.57371640e-01,  2.36226114e-01, ...,
          9.83804416e-01,  9.67015646e-01,  9.14023883e-01],
        [-3.57371640e-01,  0.00000000e+00, -1.26631072e-01, ...,
          9.82893380e-01,  9.94184747e-01,  9.98635329e-01],
        [-2.36226114e-01,  1.26631072e-01,  0.00000000e+00, ...,
          9.98303311e-01,  9.99818081e-01,  9.83982857e-01],
        ...,
        [-9.83804416e-01, -9.82893380e-01, -9.98303311e-01, ...,
          0.00000000e+00,  7.72586977e-02,  2.35256001e-01],
        [-9.67015646e-01, -9.94184747e-01, -9.99818081e-01, ...,
         -7.72586977e-02,  0.00000000e+00,  1.59462528e-01],
        [-9.14023883e-01, -9.98635329e-01, -9.83982857e-01, ...,
         -2.35256001e-01, -1.59462528e-01,  0.00000000e+00]],

       [[ 0.00000000e+00,  7.72078204e-02, -1.56699680e-01, ...,
         -4.69005143e-01, -6.20510897e-02,  3.98819740e-02],
        [-7.72078204e-02,  0.00000000e+00, -2.32485953e-01, ...,
         -5.35794767e-01, -1.38924908e-01, -3.73834666e-02],
        [ 1.56699680e-01,  2.32485953e-01,  0.00000000e+00, ...,
         -3.24814751e-01,  9.51131864e-02,  1.95964293e-01],
        ...,
        [ 4.69005143e-01,  5.35794767e-01,  3.24814751e-01, ...,
          0.00000000e+00,  4.13298119e-01,  5.03855579e-01],
        [ 6.20510897e-02,  1.38924908e-01, -9.51131864e-02, ...,
         -4.13298119e-01,  0.00000000e+00,  1.01806842e-01],
        [-3.98819740e-02,  3.73834666e-02, -1.95964293e-01, ...,
         -5.03855579e-01, -1.01806842e-01,  0.00000000e+00]],

       [[ 0.00000000e+00,  3.45223092e-01,  4.35691496e-01, ...,
          9.27558025e-01,  9.08508011e-01,  8.93729076e-01],
        [-3.45223092e-01,  0.00000000e+00,  9.81715221e-02, ...,
          9.99535037e-01,  9.96911020e-01,  9.93652730e-01],
        [-4.35691496e-01, -9.81715221e-02,  0.00000000e+00, ...,
          9.97700155e-01,  9.99805771e-01,  9.99896324e-01],
        ...,
        [-9.27558025e-01, -9.99535037e-01, -9.97700155e-01, ...,
          0.00000000e+00,  4.81057871e-02,  8.21411977e-02],
        [-9.08508011e-01, -9.96911020e-01, -9.99805771e-01, ...,
         -4.81057871e-02,  0.00000000e+00,  3.41028751e-02],
        [-8.93729076e-01, -9.93652730e-01, -9.99896324e-01, ...,
         -8.21411977e-02, -3.41028751e-02,  0.00000000e+00]],

       ...,

       [[ 0.00000000e+00,  1.93681802e-01, -2.82960349e-01, ...,
          3.43463009e-01,  4.25798768e-01,  4.25798768e-01],
        [-1.93681802e-01,  0.00000000e+00, -4.63368664e-01, ...,
          1.55059928e-01,  2.42489254e-01,  2.42489254e-01],
        [ 2.82960349e-01,  4.63368664e-01,  0.00000000e+00, ...,
          5.95173025e-01,  6.64424642e-01,  6.64424642e-01],
        ...,
        [-3.43463009e-01, -1.55059928e-01, -5.95173025e-01, ...,
          0.00000000e+00,  8.91243384e-02,  8.91243384e-02],
        [-4.25798768e-01, -2.42489254e-01, -6.64424642e-01, ...,
         -8.91243384e-02,  0.00000000e+00,  0.00000000e+00],
        [-4.25798768e-01, -2.42489254e-01, -6.64424642e-01, ...,
         -8.91243384e-02,  0.00000000e+00,  0.00000000e+00]],

       [[ 0.00000000e+00, -1.51024557e-02, -8.31674384e-02, ...,
          9.24988896e-01,  9.20005083e-01,  9.23199236e-01],
        [ 1.51024557e-02,  0.00000000e+00, -6.81078188e-02, ...,
          9.30622247e-01,  9.25818907e-01,  9.28898148e-01],
        [ 8.31674384e-02,  6.81078188e-02,  0.00000000e+00, ...,
          9.53387492e-01,  9.49411659e-01,  9.51963945e-01],
        ...,
        [-9.24988896e-01, -9.30622247e-01, -9.53387492e-01, ...,
          0.00000000e+00, -1.29125577e-02, -4.68301166e-03],
        [-9.20005083e-01, -9.25818907e-01, -9.49411659e-01, ...,
          1.29125577e-02,  0.00000000e+00,  8.22979490e-03],
        [-9.23199236e-01, -9.28898148e-01, -9.51963945e-01, ...,
          4.68301166e-03, -8.22979490e-03,  0.00000000e+00]],

       [[ 0.00000000e+00,  7.35363485e-02,  1.88300462e-01, ...,
          9.81767621e-01,  9.81903366e-01,  9.82522874e-01],
        [-7.35363485e-02,  0.00000000e+00,  1.15569755e-01, ...,
          9.93087685e-01,  9.93171406e-01,  9.93550925e-01],
        [-1.88300462e-01, -1.15569755e-01,  0.00000000e+00, ...,
          9.99998348e-01,  9.99999393e-01,  9.99997586e-01],
        ...,
        [-9.81767621e-01, -9.93087685e-01, -9.99998348e-01, ...,
          0.00000000e+00, -7.15449036e-04, -4.01486533e-03],
        [-9.81903366e-01, -9.93171406e-01, -9.99999393e-01, ...,
          7.15449036e-04,  0.00000000e+00, -3.29942103e-03],
        [-9.82522874e-01, -9.93550925e-01, -9.99997586e-01, ...,
          4.01486533e-03,  3.29942103e-03,  0.00000000e+00]]]), 'num': array([7.02504299e-01, 7.02504299e-01, 0.00000000e+00, 0.00000000e+00,
       3.77385664e-04, 3.80929191e-04, 3.44165095e-04, 1.13905402e-01,
       3.45493917e-05, 3.44519447e-04, 3.37100187e-04, 3.35025747e-04,
       5.58988172e-07, 3.61644830e-04, 3.12555544e-04])}
{'img': array([[[ 0.        , -0.13846559, -0.32152039, ...,  0.98748241,
          0.99992286,  0.32152039],
        [ 0.13846559,  0.        , -0.18730983, ...,  0.9998103 ,
          0.99201067,  0.18730983],
        [ 0.32152039,  0.18730983,  0.        , ...,  0.98576285,
          0.95082308,  0.        ],
        ...,
        [-0.98748241, -0.9998103 , -0.98576285, ...,  0.        ,
          0.14545187,  0.98576285],
        [-0.99992286, -0.99201067, -0.95082308, ..., -0.14545187,
          0.        ,  0.95082308],
        [-0.32152039, -0.18730983, -0.        , ..., -0.98576285,
         -0.95082308,  0.        ]],

       [[ 0.        , -0.23248595, -0.27484152, ..., -0.13892491,
         -0.03738347,  0.95048902],
        [ 0.23248595,  0.        , -0.04377798, ...,  0.09511319,
          0.19596429,  0.85219848],
        [ 0.27484152,  0.04377798,  0.        , ...,  0.13860151,
          0.23870559,  0.82847601],
        ...,
        [ 0.13892491, -0.09511319, -0.13860151, ...,  0.        ,
          0.10180684,  0.8981    ],
        [ 0.03738347, -0.19596429, -0.23870559, ..., -0.10180684,
          0.        ,  0.9382074 ],
        [-0.95048902, -0.85219848, -0.82847601, ..., -0.8981    ,
         -0.9382074 ,  0.        ]],

       [[ 0.        ,  0.27877381,  0.38552895, ...,  0.91677444,
          0.90229464,  0.79731161],
        [-0.27877381,  0.        ,  0.11302194, ...,  0.9917743 ,
          0.98670972,  0.93396254],
        [-0.38552895, -0.11302194,  0.        , ...,  0.99988619,
          0.99875263,  0.96836892],
        ...,
        [-0.91677444, -0.9917743 , -0.99988619, ...,  0.        ,
          0.03485841,  0.23488509],
        [-0.90229464, -0.98670972, -0.99875263, ..., -0.03485841,
          0.        ,  0.20085915],
        [-0.79731161, -0.93396254, -0.96836892, ..., -0.23488509,
         -0.20085915,  0.        ]],

       ...,

       [[ 0.        , -0.46336866, -0.32574817, ...,  0.24248925,
          0.24248925,  0.58870384],
        [ 0.46336866,  0.        ,  0.14942813, ...,  0.66442464,
          0.66442464,  0.8962526 ],
        [ 0.32574817, -0.14942813,  0.        , ...,  0.54528898,
          0.54528898,  0.81991205],
        ...,
        [-0.24248925, -0.66442464, -0.54528898, ...,  0.        ,
          0.        ,  0.37511754],
        [-0.24248925, -0.66442464, -0.54528898, ...,  0.        ,
          0.        ,  0.37511754],
        [-0.58870384, -0.8962526 , -0.81991205, ..., -0.37511754,
         -0.37511754,  0.        ]],

       [[ 0.        , -0.06810782, -0.10102925, ...,  0.92581891,
          0.92889815,  0.99215302],
        [ 0.06810782,  0.        , -0.03303532, ...,  0.94941166,
          0.95196394,  0.9983647 ],
        [ 0.10102925,  0.03303532,  0.        , ...,  0.95926768,
          0.9615601 ,  0.99970827],
        ...,
        [-0.92581891, -0.94941166, -0.95926768, ...,  0.        ,
          0.00822979,  0.2592468 ],
        [-0.92889815, -0.95196394, -0.9615601 , ..., -0.00822979,
          0.        ,  0.2512896 ],
        [-0.99215302, -0.9983647 , -0.99970827, ..., -0.2592468 ,
         -0.2512896 ,  0.        ]],

       [[ 0.        ,  0.11556975,  0.17150054, ...,  0.99317141,
          0.99355093,  0.99603191],
        [-0.11556975,  0.        ,  0.05649391, ...,  0.99999939,
          0.99999759,  0.97907252],
        [-0.17150054, -0.05649391,  0.        , ...,  0.99846459,
          0.99827639,  0.96601172],
        ...,
        [-0.99317141, -0.99999939, -0.99846459, ...,  0.        ,
         -0.00329942, -0.20459047],
        [-0.99355093, -0.99999759, -0.99827639, ...,  0.00329942,
          0.        , -0.20135972],
        [-0.99603191, -0.97907252, -0.96601172, ...,  0.20459047,
          0.20135972,  0.        ]]]), 'num': array([ 7.06480462e-01,  7.06480462e-01,  0.00000000e+00,  0.00000000e+00,
        3.58140159e-04,  3.78185317e-04,  3.56358367e-04,  4.20681497e-02,
       -2.13815020e-05,  3.50834812e-04,  3.39832248e-04,  3.38198938e-04,
        4.60005081e-07,  3.65877662e-04,  3.13786833e-04])}
{'img': array([[[ 0.        , -0.18730983,  0.43151888, ...,  0.99201067,
          0.18730983,  0.91126463],
        [ 0.18730983,  0.        ,  0.59285431, ...,  0.95082308,
          0.        ,  0.81799788],
        [-0.43151888, -0.59285431,  0.        , ...,  0.94933452,
          0.59285431,  0.99976404],
        ...,
        [-0.99201067, -0.95082308, -0.94933452, ...,  0.        ,
          0.95082308,  0.29357146],
        [-0.18730983, -0.        , -0.59285431, ..., -0.95082308,
          0.        , -0.81799788],
        [-0.91126463, -0.81799788, -0.99976404, ..., -0.29357146,
          0.81799788,  0.        ]],

       [[ 0.        , -0.04377798,  0.44760682, ...,  0.19596429,
          0.85219848,  0.73626558],
        [ 0.04377798,  0.        ,  0.4863253 , ...,  0.23870559,
          0.82847601,  0.76518395],
        [-0.44760682, -0.4863253 ,  0.        , ..., -0.26369095,
          0.99625808,  0.35549885],
        ...,
        [-0.19596429, -0.23870559,  0.26369095, ...,  0.        ,
          0.9382074 ,  0.58938255],
        [-0.85219848, -0.82847601, -0.99625808, ..., -0.9382074 ,
          0.        , -0.96190436],
        [-0.73626558, -0.76518395, -0.35549885, ..., -0.58938255,
          0.96190436,  0.        ]],

       [[ 0.        ,  0.27453415,  0.4736976 , ...,  0.90770182,
          0.80331745,  0.71935652],
        [-0.27453415,  0.        ,  0.21371807, ...,  0.98802437,
          0.93595097,  0.88241963],
        [-0.4736976 , -0.21371807,  0.        , ...,  0.99817269,
          0.9895828 ,  0.96257814],
        ...,
        [-0.90770182, -0.98802437, -0.99817269, ...,  0.        ,
          0.20349811,  0.32867361],
        [-0.80331745, -0.93595097, -0.9895828 , ..., -0.20349811,
          0.        ,  0.12960374],
        [-0.71935652, -0.88241963, -0.96257814, ..., -0.32867361,
         -0.12960374,  0.        ]],

       ...,

       [[ 0.        ,  0.14942813,  0.71678607, ...,  0.66442464,
          0.8962526 ,  0.69595985],
        [-0.14942813,  0.        ,  0.60454321, ...,  0.54528898,
          0.81991205,  0.58084457],
        [-0.71678607, -0.60454321,  0.        , ..., -0.07239509,
          0.30702464, -0.02942221],
        ...,
        [-0.66442464, -0.54528898,  0.07239509, ...,  0.        ,
          0.37511754,  0.04301875],
        [-0.8962526 , -0.81991205, -0.30702464, ..., -0.37511754,
          0.        , -0.33489287],
        [-0.69595985, -0.58084457,  0.02942221, ..., -0.04301875,
          0.33489287,  0.        ]],

       [[ 0.        , -0.03303532, -0.29392916, ...,  0.95196394,
          0.9983647 ,  0.99999787],
        [ 0.03303532,  0.        , -0.26219268, ...,  0.9615601 ,
          0.99970827,  0.99952022],
        [ 0.29392916,  0.26219268,  0.        , ...,  0.99991713,
          0.97106684,  0.95643161],
        ...,
        [-0.95196394, -0.9615601 , -0.99991713, ...,  0.        ,
          0.2512896 ,  0.30424539],
        [-0.9983647 , -0.99970827, -0.97106684, ..., -0.2512896 ,
          0.        ,  0.05510586],
        [-0.99999787, -0.99952022, -0.95643161, ..., -0.30424539,
         -0.05510586,  0.        ]],

       [[ 0.        ,  0.05649391,  0.10282728, ...,  0.99999759,
          0.97907252,  0.97568866],
        [-0.05649391,  0.        ,  0.04646862, ...,  0.99827639,
          0.96601172,  0.96174916],
        [-0.10282728, -0.04646862,  0.        , ...,  0.99447087,
          0.95295613,  0.94798101],
        ...,
        [-0.99999759, -0.99827639, -0.99447087, ...,  0.        ,
         -0.20135972, -0.21701666],
        [-0.97907252, -0.96601172, -0.95295613, ...,  0.20135972,
          0.        , -0.01601069],
        [-0.97568866, -0.96174916, -0.94798101, ...,  0.21701666,
          0.01601069,  0.        ]]]), 'num': array([7.06855556e-01, 7.06855556e-01, 0.00000000e+00, 0.00000000e+00,
       3.64569890e-04, 3.66798312e-04, 3.56547569e-04, 2.66356544e-02,
       6.23958246e-06, 3.57082391e-04, 3.40970897e-04, 3.39789833e-04,
       5.85173491e-07, 3.69081506e-04, 3.12860288e-04])}
{'img': array([[[ 0.        ,  0.59285431,  0.63815067, ...,  0.        ,
          0.81799788,  0.7150092 ],
        [-0.59285431,  0.        ,  0.05746359, ...,  0.59285431,
          0.99976404,  0.99027723],
        [-0.63815067, -0.05746359,  0.        , ...,  0.63815067,
          0.99686379,  0.99663454],
        ...,
