state_0,state_1,state_2,state_3,state_4,state_5,state_6,state_7,state_8,state_9,state_10,state_11,state_12,state_13,state_14,state_15,state_16,state_17,state_18,state_19,state_20,state_21,state_22,state_23,state_24,state_25,state_26,state_27,state_28,state_29,state_30,state_31,state_32,state_33,state_34,state_35,state_36,state_37,state_38,state_39,state_40,state_41,state_42,state_43,state_44,state_45,state_46,state_47,state_48,state_49,state_50,state_51,state_52,state_53,state_54,state_55,state_56,state_57,state_58,state_59,state_60,state_61,state_62,state_63,state_64,state_65,state_66,state_67,state_68,state_69,state_70,state_71,state_72,state_73,state_74,state_75,state_76,state_77,state_78,state_79,state_80,state_81,state_82,state_83,state_84,state_85,state_86,state_87,state_88,state_89,state_90,state_91,state_92,state_93,state_94,state_95,state_96,state_97,state_98,state_99,state_100,state_101,state_102,state_103,state_104,state_105,state_106,state_107,state_108,state_109,state_110,state_111,state_112,state_113,state_114,state_115,state_116,state_117,state_118,state_119,state_120,state_121,state_122,state_123,state_124,state_125,state_126,state_127,state_128,state_129,state_130,state_131,state_132,state_133,state_134,state_135,state_136,state_137,state_138,state_139,state_140,state_141,state_142,state_143,state_144,state_145,state_146,state_147,state_148,state_149,state_150,state_151,state_152,state_153,state_154,state_155,state_156,state_157,state_158,state_159,state_160,state_161,state_162,state_163,state_164,state_165,state_166,state_167,state_168,state_169,state_170,state_171,state_172,state_173,state_174,state_175,state_176,state_177,state_178,state_179,state_180,state_181,state_182,state_183,state_184,state_185,state_186,state_187,state_188,state_189,state_190,state_191,state_192,state_193,state_194,state_195,state_196,state_197,state_198,state_199,state_200,state_201,state_202,state_203,state_204,state_205,state_206,state_207,state_208,state_209,state_210,state_211,state_212,state_213,state_214,state_215,state_216,state_217,state_218,state_219,state_220,state_221,state_222,state_223,state_224,state_225,state_226,state_227,state_228,state_229,state_230,state_231,state_232,state_233,state_234,state_235,state_236,state_237,state_238,state_239,state_240,state_241,state_242,state_243,state_244,state_245,state_246,state_247,state_248,state_249,state_250,state_251,state_252,state_253,state_254,state_255,state_256,state_257,state_258,state_259,state_260,state_261,state_262,state_263,state_264,state_265,state_266,state_267,state_268,state_269,state_270,state_271,state_272,state_273,state_274,state_275,state_276,state_277,state_278,state_279,state_280,state_281,state_282,state_283,state_284,state_285,state_286,state_287
{'img': array([[[ 0.        ,  0.24504935,  0.6046075 , ...,  0.99349523,
          0.99162733,  0.99162733],
        [-0.24504935,  0.        ,  0.39098581, ...,  0.93529947,
          0.92974934,  0.92974934],
        [-0.6046075 , -0.39098581,  0.        , ...,  0.72249342,
          0.71177994,  0.71177994],
        ...,
        [-0.99349523, -0.93529947, -0.72249342, ...,  0.        ,
         -0.01537236, -0.01537236],
        [-0.99162733, -0.92974934, -0.71177994, ...,  0.01537236,
          0.        ,  0.        ],
        [-0.99162733, -0.92974934, -0.71177994, ...,  0.01537236,
          0.        ,  0.        ]],

       [[ 0.        ,  0.07643309,  0.69998861, ..., -0.41233394,
         -0.54168563, -0.61435329],
        [-0.07643309,  0.        ,  0.64335595, ..., -0.4807608 ,
         -0.60434926, -0.67286422],
        [-0.69998861, -0.64335595,  0.        , ..., -0.93218251,
         -0.9752442 , -0.99105563],
        ...,
        [ 0.41233394,  0.4807608 ,  0.93218251, ...,  0.        ,
         -0.14689322, -0.23435169],
        [ 0.54168563,  0.60434926,  0.9752442 , ...,  0.14689322,
          0.        , -0.08900701],
        [ 0.61435329,  0.67286422,  0.99105563, ...,  0.23435169,
          0.08900701,  0.        ]],

       [[ 0.        ,  0.10697437,  0.23588905, ...,  0.58716675,
          0.79486459,  0.92601141],
        [-0.10697437,  0.        ,  0.13057992, ...,  0.67038957,
          0.85521413,  0.9610801 ],
        [-0.23588905, -0.13057992,  0.        , ...,  0.76154107,
          0.91556788,  0.98892642],
        ...,
        [-0.58716675, -0.67038957, -0.76154107, ...,  0.        ,
         -0.28713081, -0.52792194],
        [-0.79486459, -0.85521413, -0.91556788, ...,  0.28713081,
          0.        , -0.26183372],
        [-0.92601141, -0.9610801 , -0.98892642, ...,  0.52792194,
          0.26183372,  0.        ]],

       ...,

       [[ 0.        , -0.09273301,  0.18233543, ...,  0.47092401,
          0.4420318 ,  0.40187136],
        [ 0.09273301,  0.        ,  0.27272822, ...,  0.55070144,
          0.52330854,  0.48505496],
        [-0.18233543, -0.27272822,  0.        , ...,  0.30217809,
          0.27106698,  0.22817069],
        ...,
        [-0.47092401, -0.55070144, -0.30217809, ...,  0.        ,
         -0.03246969, -0.07670292],
        [-0.4420318 , -0.52330854, -0.27106698, ...,  0.03246969,
          0.        , -0.04428845],
        [-0.40187136, -0.48505496, -0.22817069, ...,  0.07670292,
          0.04428845,  0.        ]],

       [[ 0.        , -0.05030817, -0.08731952, ...,  0.99072749,
          0.97817322,  0.93509655],
        [ 0.05030817,  0.        , -0.03709293, ...,  0.9826379 ,
          0.96648101,  0.91608361],
        [ 0.08731952,  0.03709293,  0.        , ...,  0.97507968,
          0.95629273,  0.90057939],
        ...,
        [-0.99072749, -0.9826379 , -0.97507968, ...,  0.        ,
          0.07296578,  0.22406093],
        [-0.97817322, -0.96648101, -0.95629273, ..., -0.07296578,
          0.        ,  0.15235305],
        [-0.93509655, -0.91608361, -0.90057939, ..., -0.22406093,
         -0.15235305,  0.        ]],

       [[ 0.        , -0.09393179, -0.08251352, ...,  0.89423719,
          0.91985264,  0.94962222],
        [ 0.09393179,  0.        ,  0.01146278, ...,  0.93232669,
          0.9526317 ,  0.97486153],
        [ 0.08251352, -0.01146278,  0.        , ...,  0.9281203 ,
          0.94908298,  0.97224344],
        ...,
        [-0.89423719, -0.93232669, -0.9281203 , ...,  0.        ,
          0.06094281,  0.14479345],
        [-0.91985264, -0.9526317 , -0.94908298, ..., -0.06094281,
          0.        ,  0.08422373],
        [-0.94962222, -0.97486153, -0.97224344, ..., -0.14479345,
         -0.08422373,  0.        ]]]), 'num': array([ 7.06895839e-01,  7.06895839e-01,  0.00000000e+00,  0.00000000e+00,
        3.26375313e-03,  3.38708389e-03,  3.26375313e-03,  2.25655891e-02,
       -9.92662243e-05,  3.37685647e-03,  3.32677214e-03,  3.03017670e-03,
        1.65541372e-06,  3.94514908e-03,  2.70839520e-03])}
{'img': array([[[ 0.        ,  0.39098581,  0.03516063, ...,  0.92974934,
          0.92974934,  0.87629895],
        [-0.39098581,  0.        , -0.35838233, ...,  0.71177994,
          0.71177994,  0.61817832],
        [-0.03516063,  0.35838233,  0.        , ...,  0.91622855,
          0.91622855,  0.85881786],
        ...,
        [-0.92974934, -0.71177994, -0.91622855, ...,  0.        ,
          0.        , -0.12527599],
        [-0.92974934, -0.71177994, -0.91622855, ...,  0.        ,
          0.        , -0.12527599],
        [-0.87629895, -0.61817832, -0.85881786, ...,  0.12527599,
          0.12527599,  0.        ]],

       [[ 0.        ,  0.64335595, -0.04889205, ..., -0.60434926,
         -0.67286422, -0.55462666],
        [-0.64335595,  0.        , -0.68001669, ..., -0.9752442 ,
         -0.99105563, -0.95994001],
        [ 0.04889205,  0.68001669,  0.        , ..., -0.56467325,
         -0.63589084, -0.51328032],
        ...,
        [ 0.60434926,  0.9752442 ,  0.56467325, ...,  0.        ,
         -0.08900701,  0.06099673],
        [ 0.67286422,  0.99105563,  0.63589084, ...,  0.08900701,
          0.        ,  0.14959591],
        [ 0.55462666,  0.95994001,  0.51328032, ..., -0.06099673,
         -0.14959591,  0.        ]],

       [[ 0.        ,  0.13057992,  0.18155622, ...,  0.85521413,
          0.9610801 ,  0.99546233],
        [-0.13057992,  0.        ,  0.05159194, ...,  0.91556788,
          0.98892642,  0.99936449],
        [-0.18155622, -0.05159194,  0.        , ...,  0.93509697,
          0.99526601,  0.99619455],
        ...,
        [-0.85521413, -0.91556788, -0.93509697, ...,  0.        ,
         -0.26183372, -0.43454395],
        [-0.9610801 , -0.98892642, -0.99526601, ...,  0.26183372,
          0.        , -0.18356331],
        [-0.99546233, -0.99936449, -0.99619455, ...,  0.43454395,
          0.18356331,  0.        ]],

       ...,

       [[ 0.        ,  0.27272822, -0.82895413, ...,  0.52330854,
          0.48505496,  0.40503735],
        [-0.27272822,  0.        , -0.95007082, ...,  0.27106698,
          0.22817069,  0.14032739],
        [ 0.82895413,  0.95007082,  0.        , ...,  0.99908284,
          0.99620614,  0.98445699],
        ...,
        [-0.52330854, -0.27106698, -0.99908284, ...,  0.        ,
         -0.04428845, -0.13331121],
        [-0.48505496, -0.22817069, -0.99620614, ...,  0.04428845,
          0.        , -0.08928727],
        [-0.40503735, -0.14032739, -0.98445699, ...,  0.13331121,
          0.08928727,  0.        ]],

       [[ 0.        , -0.03709293, -0.10986994, ...,  0.96648101,
          0.91608361,  0.94608938],
        [ 0.03709293,  0.        , -0.07292596, ...,  0.95629273,
          0.90057939,  0.93342369],
        [ 0.10986994,  0.07292596,  0.        , ...,  0.93242211,
          0.86648116,  0.90477423],
        ...,
        [-0.96648101, -0.95629273, -0.93242211, ...,  0.        ,
          0.15235305,  0.07015149],
        [-0.91608361, -0.90057939, -0.86648116, ..., -0.15235305,
          0.        , -0.08264515],
        [-0.94608938, -0.93342369, -0.90477423, ..., -0.07015149,
          0.08264515,  0.        ]],

       [[ 0.        ,  0.01146278, -0.02539178, ...,  0.9526317 ,
          0.97486153,  0.99510359],
        [-0.01146278,  0.        , -0.0368492 , ...,  0.94908298,
          0.97224344,  0.99390526],
        [ 0.02539178,  0.0368492 ,  0.        , ...,  0.96004686,
          0.9802048 ,  0.99729241],
        ...,
        [-0.9526317 , -0.94908298, -0.96004686, ...,  0.        ,
          0.08422373,  0.20848155],
        [-0.97486153, -0.97224344, -0.9802048 , ..., -0.08422373,
          0.        ,  0.12536777],
        [-0.99510359, -0.99390526, -0.99729241, ..., -0.20848155,
         -0.12536777,  0.        ]]]), 'num': array([ 7.06702723e-01,  7.06702723e-01,  0.00000000e+00,  0.00000000e+00,
        3.22677456e-03,  3.43126726e-03,  3.11249923e-03,  3.24998448e-02,
       -3.60869476e-05,  3.31759338e-03,  3.33864410e-03,  3.04067618e-03,
        1.57309714e-06,  3.93724947e-03,  2.74003873e-03])}
{'img': array([[[ 0.        , -0.35838233, -0.8143741 , ...,  0.71177994,
          0.61817832,  0.58187869],
        [ 0.35838233,  0.        , -0.55229553, ...,  0.91622855,
          0.85881786,  0.83469094],
        [ 0.8143741 ,  0.55229553,  0.        , ...,  0.98509299,
          0.99888267,  0.99999821],
        ...,
        [-0.71177994, -0.91622855, -0.98509299, ...,  0.        ,
         -0.12527599, -0.1701602 ],
        [-0.61817832, -0.85881786, -0.99888267, ...,  0.12527599,
          0.        , -0.04537065],
        [-0.58187869, -0.83469094, -0.99999821, ...,  0.1701602 ,
          0.04537065,  0.        ]],

       [[ 0.        , -0.68001669, -0.5219695 , ..., -0.99105563,
         -0.95994001, -0.86341041],
        [ 0.68001669,  0.        ,  0.19732358, ..., -0.63589084,
         -0.51328032, -0.28997971],
        [ 0.5219695 , -0.19732358,  0.        , ..., -0.77567842,
         -0.67253565, -0.47312338],
        ...,
        [ 0.99105563,  0.63589084,  0.77567842, ...,  0.        ,
          0.14959591,  0.38476814],
        [ 0.95994001,  0.51328032,  0.67253565, ..., -0.14959591,
          0.        ,  0.24235942],
        [ 0.86341041,  0.28997971,  0.47312338, ..., -0.38476814,
         -0.24235942,  0.        ]],

       [[ 0.        ,  0.05159194, -0.05910914, ...,  0.98892642,
          0.99936449,  0.99132516],
        [-0.05159194,  0.        , -0.11053216, ...,  0.99526601,
          0.99619455,  0.98322411],
        [ 0.05910914,  0.11053216,  0.        , ...,  0.97842512,
          0.99972411,  0.9973607 ],
        ...,
        [-0.98892642, -0.99526601, -0.97842512, ...,  0.        ,
         -0.18356331, -0.27709604],
        [-0.99936449, -0.99619455, -0.99972411, ...,  0.18356331,
          0.        , -0.09601222],
        [-0.99132516, -0.98322411, -0.9973607 , ...,  0.27709604,
          0.09601222,  0.        ]],

       ...,

       [[ 0.        , -0.95007082, -0.70298266, ...,  0.22817069,
          0.14032739,  0.04264532],
        [ 0.95007082,  0.        ,  0.45634228, ...,  0.99620614,
          0.98445699,  0.96251332],
        [ 0.70298266, -0.45634228,  0.        , ...,  0.84671537,
          0.79582858,  0.73267279],
        ...,
        [-0.22817069, -0.99620614, -0.84671537, ...,  0.        ,
         -0.08928727, -0.18644273],
        [-0.14032739, -0.98445699, -0.79582858, ...,  0.08928727,
          0.        , -0.09797638],
        [-0.04264532, -0.96251332, -0.73267279, ...,  0.18644273,
          0.09797638,  0.        ]],

       [[ 0.        , -0.07292596, -0.11137665, ...,  0.90057939,
          0.93342369,  0.96211706],
        [ 0.07292596,  0.        , -0.03860785, ...,  0.86648116,
          0.90477423,  0.93967299],
        [ 0.11137665,  0.03860785,  0.        , ...,  0.84656173,
          0.88765691,  0.92576566],
        ...,
        [-0.90057939, -0.86648116, -0.84656173, ...,  0.        ,
         -0.08264515, -0.1726932 ],
        [-0.93342369, -0.90477423, -0.88765691, ...,  0.08264515,
          0.        , -0.09069896],
        [-0.96211706, -0.93967299, -0.92576566, ...,  0.1726932 ,
          0.09069896,  0.        ]],

       [[ 0.        , -0.0368492 , -0.22930432, ...,  0.97224344,
          0.99390526,  0.99822741],
        [ 0.0368492 ,  0.        , -0.19328124, ...,  0.9802048 ,
          0.99729241,  0.99535636],
        [ 0.22930432,  0.19328124,  0.        , ...,  0.99998849,
          0.9927004 ,  0.95798235],
        ...,
        [-0.97224344, -0.9802048 , -0.99998849, ...,  0.        ,
          0.12536777,  0.29141997],
        [-0.99390526, -0.99729241, -0.9927004 , ..., -0.12536777,
          0.        ,  0.16919455],
        [-0.99822741, -0.99535636, -0.95798235, ..., -0.29141997,
         -0.16919455,  0.        ]]]), 'num': array([ 7.06768623e-01,  7.06768623e-01,  0.00000000e+00,  0.00000000e+00,
        3.05865400e-03,  3.34436897e-03,  3.04060884e-03,  2.95348081e-02,
       -1.68421459e-04,  3.25474470e-03,  3.34406822e-03,  3.04587201e-03,
        1.38628154e-06,  3.93120910e-03,  2.75692734e-03])}
{'img': array([[[ 0.        , -0.55229553, -0.0138354 , ...,  0.85881786,
          0.83469094,  0.69920154],
        [ 0.55229553,  0.        ,  0.54070881, ...,  0.99888267,
          0.99999821,  0.97773791],
        [ 0.0138354 , -0.54070881,  0.        , ...,  0.86582327,
          0.84223046,  0.70902588],
        ...,
        [-0.85881786, -0.99888267, -0.86582327, ...,  0.        ,
         -0.04537065, -0.25580231],
        [-0.83469094, -0.99999821, -0.84223046, ...,  0.04537065,
          0.        , -0.21167777],
        [-0.69920154, -0.97773791, -0.70902588, ...,  0.25580231,
          0.21167777,  0.        ]],

       [[ 0.        ,  0.19732358, -0.16773881, ..., -0.51328032,
         -0.28997971, -0.3541855 ],
        [-0.19732358,  0.        , -0.35896859, ..., -0.67253565,
         -0.47312338, -0.53175377],
        [ 0.16773881,  0.35896859,  0.        , ..., -0.36205092,
         -0.12533958, -0.19230205],
        ...,
        [ 0.51328032,  0.67253565,  0.36205092, ...,  0.        ,
          0.24235942,  0.17603758],
        [ 0.28997971,  0.47312338,  0.12533958, ..., -0.24235942,
          0.        , -0.06778531],
        [ 0.3541855 ,  0.53175377,  0.19230205, ..., -0.17603758,
          0.06778531,  0.        ]],

       [[ 0.        , -0.11053216, -0.0321286 , ...,  0.99619455,
          0.98322411,  0.95969904],
        [ 0.11053216,  0.        ,  0.07854336, ...,  0.99972411,
          0.9973607 ,  0.98488136],
        [ 0.0321286 , -0.07854336,  0.        , ...,  0.99848051,
          0.98857683,  0.96823268],
        ...,
        [-0.99619455, -0.99972411, -0.99848051, ...,  0.        ,
         -0.09601222, -0.19631551],
        [-0.98322411, -0.9973607 , -0.98857683, ...,  0.09601222,
          0.        , -0.10126467],
        [-0.95969904, -0.98488136, -0.96823268, ...,  0.19631551,
          0.10126467,  0.        ]],

       ...,

       [[ 0.        ,  0.45634228,  0.68989508, ...,  0.98445699,
          0.96251332,  0.87196656],
        [-0.45634228,  0.        ,  0.28352117, ...,  0.79582858,
          0.73267279,  0.5524702 ],
        [-0.68989508, -0.28352117,  0.        , ...,  0.59149422,
          0.50964913,  0.29347597],
        ...,
        [-0.98445699, -0.79582858, -0.59149422, ...,  0.        ,
         -0.09797638, -0.32881624],
        [-0.96251332, -0.73267279, -0.50964913, ...,  0.09797638,
          0.        , -0.23470593],
        [-0.87196656, -0.5524702 , -0.29347597, ...,  0.32881624,
          0.23470593,  0.        ]],

       [[ 0.        , -0.03860785, -0.06605559, ...,  0.90477423,
          0.93967299,  0.95694762],
        [ 0.03860785,  0.        , -0.02748281, ...,  0.88765691,
          0.92576566,  0.94502781],
        [ 0.06605559,  0.02748281,  0.        , ...,  0.87466564,
          0.91502479,  0.93568425],
        ...,
        [-0.90477423, -0.88765691, -0.87466564, ...,  0.        ,
         -0.09069896, -0.1449355 ],
        [-0.93967299, -0.92576566, -0.91502479, ...,  0.09069896,
          0.        , -0.05459685],
        [-0.95694762, -0.94502781, -0.93568425, ...,  0.1449355 ,
          0.05459685,  0.        ]],

       [[ 0.        , -0.19328124, -0.28771278, ...,  0.99729241,
          0.99535636,  0.98061624],
        [ 0.19328124,  0.        , -0.09717882, ...,  0.9927004 ,
          0.95798235,  0.92425397],
        [ 0.28771278,  0.09717882,  0.        , ...,  0.97628149,
          0.92557464,  0.88277866],
        ...,
        [-0.99729241, -0.9927004 , -0.97628149, ...,  0.        ,
          0.16919455,  0.26752037],
        [-0.99535636, -0.95798235, -0.92557464, ..., -0.16919455,
          0.        ,  0.10063566],
        [-0.98061624, -0.92425397, -0.88277866, ..., -0.26752037,
         -0.10063566,  0.        ]]]), 'num': array([7.06933905e-01, 7.06933905e-01, 0.00000000e+00, 0.00000000e+00,
       3.21579721e-03, 3.26994534e-03, 3.12555033e-03, 2.00974691e-02,
       1.56427928e-04, 3.22602519e-03, 3.35477741e-03, 3.05746407e-03,
       1.54416508e-06, 3.92606417e-03, 2.78349065e-03])}
{'img': array([[[ 0.        ,  0.54070881,  0.30964983, ...,  0.99999821,
          0.97773791,  0.99991245],
        [-0.54070881,  0.        , -0.25365285, ...,  0.84223046,
          0.70902588,  0.83398124],
        [-0.30964983,  0.25365285,  0.        , ...,  0.95143431,
          0.86470896,  0.94666997],
        ...,
        [-0.99999821, -0.84223046, -0.95143431, ...,  0.        ,
         -0.21167777, -0.01512268],
        [-0.97773791, -0.70902588, -0.86470896, ...,  0.21167777,
          0.        ,  0.19687357],
        [-0.99991245, -0.83398124, -0.94666997, ...,  0.01512268,
         -0.19687357,  0.        ]],

       [[ 0.        , -0.35896859, -0.51213484, ..., -0.47312338,
         -0.53175377, -0.72376064],
        [ 0.35896859,  0.        , -0.16968094, ..., -0.12533958,
         -0.19230205, -0.42781506],
        [ 0.51213484,  0.16968094,  0.        , ...,  0.04482078,
         -0.02299951, -0.26824245],
        ...,
        [ 0.47312338,  0.12533958, -0.04482078, ...,  0.        ,
         -0.06778531, -0.31115104],
        [ 0.53175377,  0.19230205,  0.02299951, ...,  0.06778531,
          0.        , -0.24601489],
        [ 0.72376064,  0.42781506,  0.26824245, ...,  0.31115104,
          0.24601489,  0.        ]],

       [[ 0.        ,  0.07854336,  0.01148335, ...,  0.9973607 ,
          0.98488136,  0.97571495],
        [-0.07854336,  0.        , -0.06709031, ...,  0.98857683,
          0.96823268,  0.95549621],
        [-0.01148335,  0.06709031,  0.        , ...,  0.99646118,
          0.98282716,  0.97313525],
        ...,
        [-0.9973607 , -0.98857683, -0.99646118, ...,  0.        ,
         -0.10126467, -0.14762322],
        [-0.98488136, -0.96823268, -0.98282716, ...,  0.10126467,
          0.        , -0.04670919],
        [-0.97571495, -0.95549621, -0.97313525, ...,  0.14762322,
          0.04670919,  0.        ]],

       ...,

       [[ 0.        ,  0.56596159,  0.56208939, ...,  0.93846996,
          0.81715151,  0.92426778],
        [-0.56596159,  0.        , -0.00468926, ...,  0.57824331,
          0.3474523 ,  0.5459427 ],
        [-0.56208939,  0.00468926,  0.        , ...,  0.58206275,
          0.35184559,  0.54986547],
        ...,
        [-0.93846996, -0.57824331, -0.58206275, ...,  0.        ,
         -0.25874344, -0.03905006],
        [-0.81715151, -0.3474523 , -0.35184559, ...,  0.25874344,
          0.        ,  0.22082584],
        [-0.92426778, -0.5459427 , -0.54986547, ...,  0.03905006,
         -0.22082584,  0.        ]],

       [[ 0.        , -0.02748281, -0.02117576, ...,  0.92576566,
          0.94502781,  0.95787479],
        [ 0.02748281,  0.        ,  0.00630888, ...,  0.91502479,
          0.93568425,  0.9496203 ],
        [ 0.02117576, -0.00630888,  0.        , ...,  0.91755157,
          0.93789164,  0.95157862],
        ...,
        [-0.92576566, -0.91502479, -0.91755157, ...,  0.        ,
         -0.05459685, -0.09630327],
        [-0.94502781, -0.93568425, -0.93789164, ...,  0.05459685,
          0.        , -0.04181655],
        [-0.95787479, -0.9496203 , -0.95157862, ...,  0.09630327,
          0.04181655,  0.        ]],

       [[ 0.        , -0.09717882, -0.27458482, ...,  0.95798235,
          0.92425397,  0.83326351],
        [ 0.09717882,  0.        , -0.17984165, ...,  0.92557464,
          0.88277866,  0.77559179],
        [ 0.27458482,  0.17984165,  0.        , ...,  0.84240189,
          0.78389781,  0.6494239 ],
        ...,
        [-0.95798235, -0.92557464, -0.84240189, ...,  0.        ,
          0.10063566,  0.29064289],
        [-0.92425397, -0.88277866, -0.78389781, ..., -0.10063566,
          0.        ,  0.19287602],
        [-0.83326351, -0.77559179, -0.6494239 , ..., -0.29064289,
         -0.19287602,  0.        ]]]), 'num': array([7.06936182e-01, 7.06936182e-01, 0.00000000e+00, 0.00000000e+00,
       3.24288172e-03, 3.30304650e-03, 3.15564279e-03, 1.99202583e-02,
       2.70741516e-05, 3.20196967e-03, 3.36486581e-03, 3.07101099e-03,
       1.58422058e-06, 3.92057958e-03, 2.80915204e-03])}
{'img': array([[[ 0.        , -0.46062104,  0.06343618, ...,  0.75089504,
          0.8690764 ,  0.88580488],
        [ 0.46062104,  0.        ,  0.51599906, ...,  0.97069618,
          0.99924856,  0.99999249],
        [-0.06343618, -0.51599906,  0.        , ...,  0.70748804,
          0.83594551,  0.85458272],
        ...,
        [-0.75089504, -0.97069618, -0.70748804, ...,  0.        ,
          0.20250562,  0.23654588],
        [-0.8690764 , -0.99924856, -0.83594551, ..., -0.20250562,
          0.        ,  0.03488634],
        [-0.88580488, -0.99999249, -0.85458272, ..., -0.23654588,
         -0.03488634,  0.        ]],

       [[ 0.        , -0.16968094,  0.18359745, ..., -0.19230205,
         -0.42781506, -0.43268815],
        [ 0.16968094,  0.        ,  0.34773173, ..., -0.02299951,
         -0.26824245, -0.27343899],
        [-0.18359745, -0.34773173,  0.        , ..., -0.36920395,
         -0.58649039, -0.59085422],
        ...,
        [ 0.19230205,  0.02299951,  0.36920395, ...,  0.        ,
         -0.24601489, -0.25124368],
        [ 0.42781506,  0.26824245,  0.58649039, ...,  0.24601489,
          0.        , -0.00539828],
        [ 0.43268815,  0.27343899,  0.59085422, ...,  0.25124368,
          0.00539828,  0.        ]],

       [[ 0.        , -0.06709031, -0.3971138 , ...,  0.96823268,
          0.95549621,  0.94361129],
        [ 0.06709031,  0.        , -0.33464563, ...,  0.98282716,
          0.97313525,  0.96369586],
        [ 0.3971138 ,  0.33464563,  0.        , ...,  0.98791299,
          0.99407508,  0.99748425],
        ...,
        [-0.96823268, -0.98282716, -0.98791299, ...,  0.        ,
         -0.04670919, -0.08458785],
        [-0.95549621, -0.97313525, -0.99407508, ...,  0.04670919,
          0.        , -0.03795374],
        [-0.94361129, -0.96369586, -0.99748425, ...,  0.08458785,
          0.03795374,  0.        ]],

       ...,

       [[ 0.        , -0.0134003 ,  0.5351259 , ...,  0.53424327,
          0.73766785,  0.77726465],
        [ 0.0134003 ,  0.        ,  0.54639806, ...,  0.545523  ,
          0.74664902,  0.78562598],
        [-0.5351259 , -0.54639806,  0.        , ..., -0.00104447,
          0.26186375,  0.31992447],
        ...,
        [-0.53424327, -0.545523  ,  0.00104447, ...,  0.        ,
          0.26287163,  0.32091386],
        [-0.73766785, -0.74664902, -0.26186375, ..., -0.26287163,
          0.        ,  0.06065966],
        [-0.77726465, -0.78562598, -0.31992447, ..., -0.32091386,
         -0.06065966,  0.        ]],

       [[ 0.        ,  0.00630888, -0.01343602, ...,  0.93568425,
          0.9496203 ,  0.95946395],
        [-0.00630888,  0.        , -0.01974406, ...,  0.93789164,
          0.95157862,  0.9612229 ],
        [ 0.01343602,  0.01974406,  0.        , ...,  0.93085904,
          0.94532369,  0.95559065],
        ...,
        [-0.93568425, -0.93789164, -0.93085904, ...,  0.        ,
         -0.04181655, -0.0748306 ],
        [-0.9496203 , -0.95157862, -0.94532369, ...,  0.04181655,
          0.        , -0.03306585],
        [-0.95946395, -0.9612229 , -0.95559065, ...,  0.0748306 ,
          0.03306585,  0.        ]],

       [[ 0.        , -0.17973996, -0.35280106, ...,  0.88423085,
          0.77851467,  0.43035679],
        [ 0.17973996,  0.        , -0.17887301, ...,  0.78588284,
          0.65302636,  0.26110419],
        [ 0.35280106,  0.17887301,  0.        , ...,  0.66259758,
          0.50702764,  0.08422514],
        ...,
        [-0.88423085, -0.78588284, -0.66259758, ...,  0.        ,
          0.19136127,  0.59716064],
        [-0.77851467, -0.65302636, -0.50702764, ..., -0.19136127,
          0.        ,  0.43262989],
        [-0.43035679, -0.26110419, -0.08422514, ..., -0.59716064,
         -0.43262989,  0.        ]]]), 'num': array([ 7.06930026e-01,  7.06930026e-01,  0.00000000e+00,  0.00000000e+00,
        3.12553318e-03,  3.26992740e-03,  3.10447569e-03,  2.03860570e-02,
       -1.17320302e-04,  3.17426623e-03,  3.36634062e-03,  3.08046012e-03,
        1.28854978e-06,  3.91928083e-03,  2.81340040e-03])}
{'img': array([[[ 0.        ,  0.51599906,  0.68895281, ...,  0.99924856,
          0.99999249,  0.98790839],
        [-0.51599906,  0.        ,  0.21615018, ...,  0.83594551,
          0.85458272,  0.76623175],
        [-0.68895281, -0.21615018,  0.        , ...,  0.69755796,
          0.7221304 ,  0.60922774],
        ...,
        [-0.99924856, -0.83594551, -0.69755796, ...,  0.        ,
          0.03488634, -0.11663123],
        [-0.99999249, -0.85458272, -0.7221304 , ..., -0.03488634,
          0.        , -0.15120849],
        [-0.98790839, -0.76623175, -0.60922774, ...,  0.11663123,
          0.15120849,  0.        ]],

       [[ 0.        ,  0.34773173,  0.62145613, ..., -0.26824245,
         -0.27343899, -0.25984152],
        [-0.34773173,  0.        ,  0.31024352, ..., -0.58649039,
         -0.59085422, -0.57941345],
        [-0.62145613, -0.31024352,  0.        , ..., -0.80883492,
         -0.81199752, -0.80368247],
        ...,
        [ 0.26824245,  0.58649039,  0.80883492, ...,  0.        ,
         -0.00539828,  0.00870997],
        [ 0.27343899,  0.59085422,  0.81199752, ...,  0.00539828,
          0.        ,  0.01410792],
        [ 0.25984152,  0.57941345,  0.80368247, ..., -0.00870997,
         -0.01410792,  0.        ]],

       [[ 0.        , -0.33464563, -0.06532813, ...,  0.97313525,
          0.96369586,  0.95116268],
        [ 0.33464563,  0.        ,  0.2723692 , ...,  0.99407508,
          0.99748425,  0.99962427],
        [ 0.06532813, -0.2723692 ,  0.        , ...,  0.98609724,
          0.97908001,  0.96929699],
        ...,
        [-0.97313525, -0.99407508, -0.98609724, ...,  0.        ,
         -0.03795374, -0.08140701],
        [-0.96369586, -0.99748425, -0.97908001, ...,  0.03795374,
          0.        , -0.04352058],
        [-0.95116268, -0.99962427, -0.96929699, ...,  0.08140701,
          0.04352058,  0.        ]],

       ...,

       [[ 0.        ,  0.54639806,  0.72096343, ...,  0.74664902,
          0.78562598,  0.36009503],
        [-0.54639806,  0.        ,  0.22518617, ...,  0.26186375,
          0.31992447, -0.20815448],
        [-0.72096343, -0.22518617,  0.        , ...,  0.03780971,
          0.09835637, -0.42306188],
        ...,
        [-0.74664902, -0.26186375, -0.03780971, ...,  0.        ,
          0.06065966, -0.45701878],
        [-0.78562598, -0.31992447, -0.09835637, ..., -0.06065966,
          0.        , -0.51013134],
        [-0.36009503,  0.20815448,  0.42306188, ...,  0.45701878,
          0.51013134,  0.        ]],

       [[ 0.        , -0.01974406, -0.02529094, ...,  0.95157862,
          0.9612229 ,  0.96316293],
        [ 0.01974406,  0.        , -0.00554826, ...,  0.94532369,
          0.95559065,  0.95766563],
        [ 0.02529094,  0.00554826,  0.        , ...,  0.94349967,
          0.95394088,  0.95605364],
        ...,
        [-0.95157862, -0.94532369, -0.94349967, ...,  0.        ,
         -0.03306585, -0.04018444],
        [-0.9612229 , -0.95559065, -0.95394088, ...,  0.03306585,
          0.        , -0.00712333],
        [-0.96316293, -0.95766563, -0.95605364, ...,  0.04018444,
          0.00712333,  0.        ]],

       [[ 0.        , -0.17814619, -0.26005919, ...,  0.67796871,
          0.429258  ,  0.26005919],
        [ 0.17814619,  0.        , -0.08388263, ...,  0.53617032,
          0.26149319,  0.08388263],
        [ 0.26005919,  0.08388263,  0.        , ...,  0.46347451,
          0.17960763,  0.        ],
        ...,
        [-0.67796871, -0.53617032, -0.46347451, ...,  0.        ,
          0.29678548,  0.46347451],
        [-0.429258  , -0.26149319, -0.17960763, ..., -0.29678548,
          0.        ,  0.17960763],
        [-0.26005919, -0.08388263, -0.        , ..., -0.46347451,
         -0.17960763,  0.        ]]]), 'num': array([ 7.06919493e-01,  7.06919493e-01,  0.00000000e+00,  0.00000000e+00,
        3.11345394e-03,  3.17060913e-03,  3.05028241e-03,  2.11302448e-02,
       -1.20326722e-05,  3.15135686e-03,  3.36809536e-03,  3.09114336e-03,
        9.12265937e-07,  3.91746716e-03,  2.81872357e-03])}
{'img': array([[[ 0.        ,  0.39265894,  0.22894255, ...,  0.97304545,
          0.92233075,  0.91558126],
        [-0.39265894,  0.        , -0.17167506, ...,  0.80434206,
          0.69652905,  0.68414446],
        [-0.22894255,  0.17167506,  0.        , ...,  0.89440407,
          0.80936989,  0.79919801],
        ...,
        [-0.97304545, -0.80434206, -0.89440407, ...,  0.        ,
         -0.16328419, -0.18014836],
        [-0.92233075, -0.69652905, -0.80936989, ...,  0.16328419,
          0.        , -0.01711783],
        [-0.91558126, -0.68414446, -0.79919801, ...,  0.18014836,
          0.01711783,  0.        ]],

       [[ 0.        ,  0.31024352,  0.23071647, ..., -0.59085422,
         -0.57941345, -0.56132548],
        [-0.31024352,  0.        , -0.08254121, ..., -0.81199752,
         -0.80368247, -0.79038409],
        [-0.23071647,  0.08254121,  0.        , ..., -0.76105063,
         -0.75182319, -0.73712132],
        ...,
        [ 0.59085422,  0.81199752,  0.76105063, ...,  0.        ,
          0.01410792,  0.03612284],
        [ 0.57941345,  0.80368247,  0.75182319, ..., -0.01410792,
          0.        ,  0.02202053],
        [ 0.56132548,  0.79038409,  0.73712132, ..., -0.03612284,
         -0.02202053,  0.        ]],

       [[ 0.        ,  0.2723692 ,  0.43432519, ...,  0.99748425,
          0.99962427,  0.99996382],
        [-0.2723692 ,  0.        ,  0.17256634, ...,  0.97908001,
          0.96929699,  0.95984106],
        [-0.43432519, -0.17256634,  0.        , ...,  0.92927871,
          0.91232265,  0.89702891],
        ...,
        [-0.99748425, -0.97908001, -0.92927871, ...,  0.        ,
         -0.04352058, -0.07937112],
        [-0.99962427, -0.96929699, -0.91232265, ...,  0.04352058,
          0.        , -0.03591264],
        [-0.99996382, -0.95984106, -0.89702891, ...,  0.07937112,
          0.03591264,  0.        ]],

       ...,

       [[ 0.        ,  0.16363217,  0.09212732, ...,  0.23839264,
         -0.13114504, -0.88929174],
        [-0.16363217,  0.        , -0.07205071, ...,  0.07626497,
         -0.2915963 , -0.95214095],
        [-0.09212732,  0.07205071,  0.        , ...,  0.14790762,
         -0.22191894, -0.92764333],
        ...,
        [-0.23839264, -0.07626497, -0.14790762, ...,  0.        ,
         -0.36369766, -0.97267902],
        [ 0.13114504,  0.2915963 ,  0.22191894, ...,  0.36369766,
          0.        , -0.82163318],
        [ 0.88929174,  0.95214095,  0.92764333, ...,  0.97267902,
          0.82163318,  0.        ]],

       [[ 0.        , -0.00554826, -0.28402393, ...,  0.95559065,
          0.95766563,  0.9603943 ],
        [ 0.00554826,  0.        , -0.27869979, ...,  0.95394088,
          0.95605364,  0.95883352],
        [ 0.28402393,  0.27869979,  0.        , ...,  0.83253565,
          0.83646065,  0.84170084],
        ...,
        [-0.95559065, -0.95394088, -0.83253565, ...,  0.        ,
         -0.00712333, -0.01675549],
        [-0.95766563, -0.95605364, -0.83646065, ...,  0.00712333,
          0.        , -0.00963274],
        [-0.9603943 , -0.95883352, -0.84170084, ...,  0.01675549,
          0.00963274,  0.        ]],

       [[ 0.        , -0.08345843,  0.59024756, ...,  0.34651968,
          0.28111511,  0.08345843],
        [ 0.08345843,  0.        ,  0.65555784, ...,  0.2670232 ,
          0.20004148,  0.        ],
        [-0.59024756, -0.65555784,  0.        , ...,  0.83339582,
          0.79336765,  0.65555784],
        ...,
        [-0.34651968, -0.2670232 , -0.83339582, ...,  0.        ,
          0.06884797,  0.2670232 ],
        [-0.28111511, -0.20004148, -0.79336765, ..., -0.06884797,
          0.        ,  0.20004148],
        [-0.08345843, -0.        , -0.65555784, ..., -0.2670232 ,
         -0.20004148,  0.        ]]]), 'num': array([ 7.38429063e-01,  6.74129505e-01,  6.29154197e-07, -3.92217403e-11,
        3.21497794e-03,  3.27474759e-03,  3.21497794e-03,  1.34658502e-02,
       -4.08950228e-05,  3.29865545e-03,  3.51854484e-03,  3.24114027e-03,
        6.66085680e-07,  4.09978765e-03,  2.93730204e-03])}
{'img': array([[[ 0.        , -0.17167506, -0.5324316 , ...,  0.69652905,
          0.68414446,  0.64209648],
        [ 0.17167506,  0.        , -0.37920862, ...,  0.80936989,
          0.79919801,  0.76417387],
        [ 0.5324316 ,  0.37920862,  0.        , ...,  0.97162795,
          0.96743697,  0.95169211],
        ...,
        [-0.69652905, -0.80936989, -0.97162795, ...,  0.        ,
         -0.01711783, -0.07325319],
        [-0.68414446, -0.79919801, -0.96743697, ...,  0.01711783,
          0.        , -0.05617061],
        [-0.64209648, -0.76417387, -0.95169211, ...,  0.07325319,
          0.05617061,  0.        ]],

       [[ 0.        , -0.08254121, -0.33229917, ..., -0.80368247,
         -0.79038409, -0.93647059],
        [ 0.08254121,  0.        , -0.25331453, ..., -0.75182319,
         -0.73712132, -0.90432401],
        [ 0.33229917,  0.25331453,  0.        , ..., -0.56027503,
         -0.54189942, -0.7667021 ],
        ...,
        [ 0.80368247,  0.75182319,  0.56027503, ...,  0.        ,
          0.02202053, -0.27536617],
        [ 0.79038409,  0.73712132,  0.54189942, ..., -0.02202053,
          0.        , -0.2964686 ],
        [ 0.93647059,  0.90432401,  0.7667021 , ...,  0.27536617,
          0.2964686 ,  0.        ]],

       [[ 0.        ,  0.34830953,  0.36100825, ...,  0.99996241,
          0.99960965,  0.99973266],
        [-0.34830953,  0.        ,  0.01358131, ...,  0.94036437,
          0.92728248,  0.92907558],
        [-0.36100825, -0.01358131,  0.        , ...,  0.9356577 ,
          0.92211262,  0.9239663 ],
        ...,
        [-0.99996241, -0.94036437, -0.9356577 , ...,  0.        ,
         -0.03660443, -0.03178872],
        [-0.99960965, -0.92728248, -0.92211262, ...,  0.03660443,
          0.        ,  0.00481851],
        [-0.99973266, -0.92907558, -0.9239663 , ...,  0.03178872,
         -0.00481851,  0.        ]],

       ...,

       [[ 0.        , -0.05930584,  0.07010283, ..., -0.23390927,
         -0.63427655, -0.9917505 ],
        [ 0.05930584,  0.        ,  0.12913937, ..., -0.17583695,
         -0.58731041, -0.98240287],
        [-0.07010283, -0.12913937,  0.        , ..., -0.30149186,
         -0.68691301, -0.99829658],
        ...,
        [ 0.23390927,  0.17583695,  0.30149186, ...,  0.        ,
         -0.435844  , -0.93425454],
        [ 0.63427655,  0.58731041,  0.68691301, ...,  0.435844  ,
          0.        , -0.68542489],
        [ 0.9917505 ,  0.98240287,  0.99829658, ...,  0.93425454,
          0.68542489,  0.        ]],

       [[ 0.        , -0.27869979, -0.40854242, ...,  0.95605364,
          0.95883352,  0.95399741],
        [ 0.27869979,  0.        , -0.137975  , ...,  0.83646065,
          0.84170084,  0.83264005],
        [ 0.40854242,  0.137975  ,  0.        , ...,  0.75284647,
          0.75915178,  0.74826388],
        ...,
        [-0.95605364, -0.83646065, -0.75284647, ...,  0.        ,
         -0.00963274,  0.00693485],
        [-0.95883352, -0.84170084, -0.75915178, ...,  0.00963274,
          0.        ,  0.01656703],
        [-0.95399741, -0.83264005, -0.74826388, ..., -0.00693485,
         -0.01656703,  0.        ]],

       [[ 0.        ,  0.65555784,  0.71028147, ...,  0.20004148,
          0.        ,  0.27063698],
        [-0.65555784,  0.        ,  0.07490666, ...,  0.79336765,
          0.65555784,  0.83546354],
        [-0.71028147, -0.07490666,  0.        , ...,  0.83673761,
          0.71028147,  0.874281  ],
        ...,
        [-0.20004148, -0.79336765, -0.83673761, ...,  0.        ,
          0.20004148, -0.07259048],
        [-0.        , -0.65555784, -0.71028147, ..., -0.20004148,
          0.        , -0.27063698],
        [-0.27063698, -0.83546354, -0.874281  , ...,  0.07259048,
          0.27063698,  0.        ]]]), 'num': array([ 7.06881265e-01,  7.06881265e-01,  0.00000000e+00, -3.79987294e-09,
        3.09613580e-03,  3.12926566e-03,  3.02084067e-03,  2.35625572e-02,
        1.80708315e-05,  3.13348219e-03,  3.36283116e-03,  3.10993991e-03,
        4.55510050e-07,  3.92815423e-03,  2.79750809e-03])}
{'img': array([[[ 0.        , -0.37920862, -0.11453872, ...,  0.79919801,
          0.76417387,  0.78071738],
        [ 0.37920862,  0.        ,  0.270729  , ...,  0.96743697,
          0.95169211,  0.95936804],
        [ 0.11453872, -0.270729  ,  0.        , ...,  0.86278385,
          0.83302334,  0.84715276],
        ...,
        [-0.79919801, -0.96743697, -0.86278385, ...,  0.        ,
         -0.05617061, -0.03014217],
        [-0.76417387, -0.95169211, -0.83302334, ...,  0.05617061,
          0.        ,  0.0260505 ],
