state_0,state_1,state_2,state_3,state_4,state_5,state_6,state_7,state_8,state_9,state_10,state_11,state_12,state_13,state_14,state_15,state_16,state_17,state_18,state_19,state_20,state_21,state_22,state_23,state_24,state_25,state_26,state_27,state_28,state_29,state_30,state_31,state_32,state_33,state_34,state_35,state_36,state_37,state_38,state_39,state_40,state_41,state_42,state_43,state_44,state_45,state_46,state_47,state_48,state_49,state_50,state_51,state_52,state_53,state_54,state_55,state_56,state_57,state_58,state_59,state_60,state_61,state_62,state_63,state_64,state_65,state_66,state_67,state_68,state_69,state_70,state_71,state_72,state_73,state_74,state_75,state_76,state_77,state_78,state_79,state_80,state_81,state_82,state_83,state_84,state_85,state_86,state_87,state_88,state_89,state_90,state_91,state_92,state_93,state_94,state_95,state_96,state_97,state_98,state_99,state_100,state_101,state_102,state_103,state_104,state_105,state_106,state_107,state_108,state_109,state_110,state_111,state_112,state_113,state_114,state_115,state_116,state_117,state_118,state_119,state_120,state_121,state_122,state_123,state_124,state_125,state_126,state_127,state_128,state_129,state_130,state_131,state_132,state_133,state_134,state_135,state_136,state_137,state_138,state_139,state_140,state_141,state_142,state_143,state_144,state_145,state_146,state_147,state_148,state_149,state_150,state_151,state_152,state_153,state_154,state_155,state_156,state_157,state_158,state_159,state_160,state_161,state_162,state_163,state_164,state_165,state_166,state_167,state_168,state_169,state_170,state_171,state_172,state_173,state_174,state_175,state_176,state_177,state_178,state_179,state_180,state_181,state_182,state_183,state_184,state_185,state_186,state_187,state_188,state_189,state_190,state_191,state_192,state_193,state_194,state_195,state_196,state_197,state_198,state_199,state_200,state_201,state_202,state_203,state_204,state_205,state_206,state_207,state_208,state_209,state_210,state_211,state_212,state_213,state_214,state_215,state_216,state_217,state_218,state_219,state_220,state_221,state_222,state_223,state_224,state_225,state_226,state_227,state_228,state_229,state_230,state_231,state_232,state_233,state_234,state_235,state_236,state_237,state_238,state_239,state_240,state_241,state_242,state_243,state_244,state_245,state_246,state_247,state_248,state_249,state_250,state_251,state_252,state_253,state_254,state_255,state_256,state_257,state_258,state_259,state_260,state_261,state_262,state_263,state_264,state_265,state_266,state_267,state_268,state_269,state_270,state_271,state_272,state_273,state_274,state_275,state_276,state_277,state_278,state_279,state_280,state_281,state_282,state_283,state_284,state_285,state_286,state_287
{'img': array([[[ 0.        , -0.08964287, -0.04932941, ...,  0.89206828,
          0.97991467,  0.9073602 ],
        [ 0.08964287,  0.        ,  0.04040293, ...,  0.92898646,
          0.99384584,  0.8660254 ],
        [ 0.04932941, -0.04040293,  0.        , ...,  0.91327424,
          0.98855882,  0.88551973],
        ...,
        [-0.89206828, -0.92898646, -0.91327424, ...,  0.        ,
          0.26493025,  0.7850211 ],
        [-0.97991467, -0.99384584, -0.98855882, ..., -0.26493025,
          0.        ,  0.59285431],
        [-0.9073602 , -0.8660254 , -0.88551973, ..., -0.7850211 ,
         -0.59285431,  0.        ]],

       [[ 0.        ,  0.21799136,  0.2480508 , ...,  0.29767312,
          0.49436481,  0.43418401],
        [-0.21799136,  0.        ,  0.03090686, ...,  0.08240494,
          0.2929857 ,  0.22737029],
        [-0.2480508 , -0.03090686,  0.        , ...,  0.05156383,
          0.26329516,  0.19716431],
        ...,
        [-0.29767312, -0.08240494, -0.05156383, ...,  0.        ,
          0.21320049,  0.14635037],
        [-0.49436481, -0.2929857 , -0.26329516, ..., -0.21320049,
          0.        , -0.06791937],
        [-0.43418401, -0.22737029, -0.19716431, ..., -0.14635037,
          0.06791937,  0.        ]],

       [[ 0.        ,  0.00240877,  0.01919653, ...,  0.92103212,
          0.99014061,  0.90941474],
        [-0.00240877,  0.        ,  0.01678815, ...,  0.92009127,
          0.98980033,  0.91041389],
        [-0.01919653, -0.01678815,  0.        , ...,  0.91338561,
          0.98726917,  0.91723081],
        ...,
        [-0.92103212, -0.92009127, -0.91338561, ...,  0.        ,
          0.25663109,  0.7372533 ],
        [-0.99014061, -0.98980033, -0.98726917, ..., -0.25663109,
          0.        ,  0.53917808],
        [-0.90941474, -0.91041389, -0.91723081, ..., -0.7372533 ,
         -0.53917808,  0.        ]],

       ...,

       [[ 0.        ,  0.04668014, -0.17299859, ...,  0.98332816,
          0.99989805,  0.99965648],
        [-0.04668014,  0.        , -0.21878631, ...,  0.97376791,
          0.99814152,  0.9973433 ],
        [ 0.17299859,  0.21878631,  0.        , ...,  0.99995965,
          0.98729186,  0.98911788],
        ...,
        [-0.98332816, -0.97376791, -0.99995965, ...,  0.        ,
          0.16778068,  0.15600523],
        [-0.99989805, -0.99814152, -0.98729186, ..., -0.16778068,
          0.        , -0.01193266],
        [-0.99965648, -0.9973433 , -0.98911788, ..., -0.15600523,
          0.01193266,  0.        ]],

       [[ 0.        , -0.05871275, -0.10500104, ...,  0.71977523,
          0.85331509,  0.99963408],
        [ 0.05871275,  0.        , -0.04643172, ...,  0.75929237,
          0.88245562,  0.99632145],
        [ 0.10500104,  0.04643172,  0.        , ...,  0.78868887,
          0.90334514,  0.99126793],
        ...,
        [-0.71977523, -0.75929237, -0.78868887, ...,  0.        ,
          0.21708984,  0.71342311],
        [-0.85331509, -0.88245562, -0.90334514, ..., -0.21708984,
          0.        ,  0.544287  ],
        [-0.99963408, -0.99632145, -0.99126793, ..., -0.71342311,
         -0.544287  ,  0.        ]],

       [[ 0.        , -0.06986168, -0.12115045, ..., -0.88569109,
         -0.78962511, -0.66834462],
        [ 0.06986168,  0.        , -0.05150735, ..., -0.85109204,
         -0.74482941, -0.6147449 ],
        [ 0.12115045,  0.05150735,  0.        , ..., -0.8229201 ,
         -0.7094722 , -0.57330372],
        ...,
        [ 0.88569109,  0.85109204,  0.8229201 , ...,  0.        ,
          0.17684762,  0.34852719],
        [ 0.78962511,  0.74482941,  0.7094722 , ..., -0.17684762,
          0.        ,  0.17727475],
        [ 0.66834462,  0.6147449 ,  0.57330372, ..., -0.34852719,
         -0.17727475,  0.        ]]]), 'num': array([ 7.06923830e-01,  7.06923830e-01,  0.00000000e+00,  0.00000000e+00,
        4.95688257e-03,  5.03262441e-03,  4.82223041e-03,  1.87667237e-02,
       -7.57418389e-05,  4.81549780e-03,  4.20093694e-03,  3.76752530e-03,
        6.42255359e-06,  5.12904407e-03,  3.27282980e-03])}
{'img': array([[[ 0.        ,  0.04040293,  0.09449324, ...,  0.99384584,
          0.8660254 ,  0.99259311],
        [-0.04040293,  0.        ,  0.05419394, ...,  0.98855882,
          0.88551973,  0.99669103],
        [-0.09449324, -0.05419394,  0.        , ...,  0.97893167,
          0.909397  ,  0.99963139],
        ...,
        [-0.99384584, -0.98855882, -0.97893167, ...,  0.        ,
          0.59285431,  0.23069016],
        [-0.8660254 , -0.88551973, -0.909397  , ..., -0.59285431,
          0.        , -0.39108637],
        [-0.99259311, -0.99669103, -0.99963139, ..., -0.23069016,
          0.39108637,  0.        ]],

       [[ 0.        ,  0.03090686, -0.08709132, ...,  0.2929857 ,
          0.22737029,  0.1794902 ],
        [-0.03090686,  0.        , -0.11783914, ...,  0.26329516,
          0.19716431,  0.14899953],
        [ 0.08709132,  0.11783914,  0.        , ...,  0.37514193,
          0.31131661,  0.26448513],
        ...,
        [-0.2929857 , -0.26329516, -0.37514193, ...,  0.        ,
         -0.06791937, -0.11661394],
        [-0.22737029, -0.19716431, -0.31131661, ...,  0.06791937,
          0.        , -0.04888868],
        [-0.1794902 , -0.14899953, -0.26448513, ...,  0.11661394,
          0.04888868,  0.        ]],

       [[ 0.        ,  0.01603138,  0.03645568, ...,  0.95770041,
          0.99911426,  0.89252369],
        [-0.01603138,  0.        ,  0.02043028, ...,  0.95296403,
          0.99831127,  0.89963915],
        [-0.03645568, -0.02043028,  0.        , ...,  0.94657305,
          0.99691609,  0.90837193],
        ...,
        [-0.95770041, -0.95296403, -0.94657305, ...,  0.        ,
          0.24721267,  0.68876237],
        [-0.99911426, -0.99831127, -0.99691609, ..., -0.24721267,
          0.        ,  0.48815803],
        [-0.89252369, -0.89963915, -0.90837193, ..., -0.68876237,
         -0.48815803,  0.        ]],

       ...,

       [[ 0.        , -0.21878631,  0.23561143, ...,  0.99814152,
          0.9973433 ,  0.98970737],
        [ 0.21878631,  0.        ,  0.44253011, ...,  0.98729186,
          0.98911788,  0.99703916],
        [-0.23561143, -0.44253011,  0.        , ...,  0.95568337,
          0.9521024 ,  0.92812708],
        ...,
        [-0.99814152, -0.98729186, -0.95568337, ...,  0.        ,
         -0.01193266, -0.0825287 ],
        [-0.9973433 , -0.98911788, -0.9521024 , ...,  0.01193266,
          0.        , -0.07063087],
        [-0.98970737, -0.99703916, -0.92812708, ...,  0.0825287 ,
          0.07063087,  0.        ]],

       [[ 0.        , -0.04458184, -0.09331531, ...,  0.83316842,
          0.95537542,  0.99193725],
        [ 0.04458184,  0.        , -0.04883522, ...,  0.85699465,
          0.96759475,  0.98530115],
        [ 0.09331531,  0.04883522,  0.        , ...,  0.88113815,
          0.97877155,  0.9757832 ],
        ...,
        [-0.83316842, -0.85699465, -0.88113815, ...,  0.        ,
          0.28222786,  0.65414788],
        [-0.95537542, -0.96759475, -0.97877155, ..., -0.28222786,
          0.        ,  0.41408733],
        [-0.99193725, -0.98530115, -0.9757832 , ..., -0.65414788,
         -0.41408733,  0.        ]],

       [[ 0.        , -0.05150735, -0.06590448, ..., -0.74482941,
         -0.6147449 , -0.3486723 ],
        [ 0.05150735,  0.        , -0.01442163, ..., -0.7094722 ,
         -0.57330372, -0.29993449],
        [ 0.06590448,  0.01442163,  0.        , ..., -0.69923501,
         -0.56142783, -0.28614564],
        ...,
        [ 0.74482941,  0.7094722 ,  0.69923501, ...,  0.        ,
          0.17727475,  0.4654341 ],
        [ 0.6147449 ,  0.57330372,  0.56142783, ..., -0.17727475,
          0.        ,  0.30115949],
        [ 0.3486723 ,  0.29993449,  0.28614564, ..., -0.4654341 ,
         -0.30115949,  0.        ]]]), 'num': array([7.06458049e-01, 7.06458049e-01, 0.00000000e+00, 0.00000000e+00,
       4.99566763e-03, 5.04612892e-03, 4.81905312e-03, 4.08093902e-02,
       4.20510743e-05, 4.89810914e-03, 4.28626601e-03, 3.78824112e-03,
       6.45266485e-06, 5.16397619e-03, 3.40855582e-03])}
{'img': array([[[ 0.        ,  0.05419394,  0.00499028, ...,  0.88551973,
          0.99669103,  0.97669444],
        [-0.05419394,  0.        , -0.04921031, ...,  0.909397  ,
          0.99963139,  0.98689101],
        [-0.00499028,  0.04921031,  0.        , ...,  0.8878272 ,
          0.99708425,  0.97775337],
        ...,
        [-0.88551973, -0.909397  , -0.8878272 , ...,  0.        ,
         -0.39108637, -0.26371087],
        [-0.99669103, -0.99963139, -0.99708425, ...,  0.39108637,
          0.        ,  0.13453525],
        [-0.97669444, -0.98689101, -0.97775337, ...,  0.26371087,
         -0.13453525,  0.        ]],

       [[ 0.        , -0.11783914, -0.40820255, ...,  0.19716431,
          0.14899953,  0.57447209],
        [ 0.11783914,  0.        , -0.29778414, ...,  0.31131661,
          0.26448513,  0.66692376],
        [ 0.40820255,  0.29778414,  0.        , ...,  0.58017932,
          0.53966628,  0.85855427],
        ...,
        [-0.19716431, -0.31131661, -0.58017932, ...,  0.        ,
         -0.04888868,  0.40181172],
        [-0.14899953, -0.26448513, -0.53966628, ...,  0.04888868,
          0.        ,  0.4460997 ],
        [-0.57447209, -0.66692376, -0.85855427, ..., -0.40181172,
         -0.4460997 ,  0.        ]],

       [[ 0.        ,  0.01972014,  0.01862988, ...,  0.98133777,
          0.99944073,  0.8854937 ],
        [-0.01972014,  0.        , -0.00109046, ...,  0.97735491,
          0.99990582,  0.89448449],
        [-0.01862988,  0.00109046,  0.        , ...,  0.97758508,
          0.99989026,  0.89399642],
        ...,
        [-0.98133777, -0.97735491, -0.97758508, ...,  0.        ,
          0.22500013,  0.62625325],
        [-0.99944073, -0.99990582, -0.99989026, ..., -0.22500013,
          0.        ,  0.43478078],
        [-0.8854937 , -0.89448449, -0.89399642, ..., -0.62625325,
         -0.43478078,  0.        ]],

       ...,

       [[ 0.        ,  0.44253011,  0.36708471, ...,  0.98911788,
          0.99703916,  0.99589551],
        [-0.44253011,  0.        , -0.08245144, ...,  0.9521024 ,
          0.92812708,  0.93312652],
        [-0.36708471,  0.08245144,  0.        , ...,  0.97407252,
          0.95566055,  0.95959457],
        ...,
        [-0.98911788, -0.9521024 , -0.97407252, ...,  0.        ,
         -0.07063087, -0.05699584],
        [-0.99703916, -0.92812708, -0.95566055, ...,  0.07063087,
          0.        ,  0.01366255],
        [-0.99589551, -0.93312652, -0.95959457, ...,  0.05699584,
         -0.01366255,  0.        ]],

       [[ 0.        , -0.04782483, -0.11458814, ...,  0.9435595 ,
          0.99229613,  0.98149935],
        [ 0.04782483,  0.        , -0.06694721, ...,  0.95831955,
          0.99708564,  0.97121946],
        [ 0.11458814,  0.06694721,  0.        , ...,  0.9752963 ,
          0.99995613,  0.95309463],
        ...,
        [-0.9435595 , -0.95831955, -0.9752963 , ...,  0.        ,
          0.21175526,  0.50573466],
        [-0.99229613, -0.99708564, -0.99995613, ..., -0.21175526,
          0.        ,  0.31158702],
        [-0.98149935, -0.97121946, -0.95309463, ..., -0.50573466,
         -0.31158702,  0.        ]],

       [[ 0.        , -0.01442163, -0.00763001, ..., -0.57330372,
         -0.29993449,  0.24452979],
        [ 0.01442163,  0.        ,  0.006792  , ..., -0.56142783,
         -0.28614564,  0.25848818],
        [ 0.00763001, -0.006792  ,  0.        , ..., -0.56703544,
         -0.29264704,  0.25192105],
        ...,
        [ 0.57330372,  0.56142783,  0.56703544, ...,  0.        ,
          0.30115949,  0.75625299],
        [ 0.29993449,  0.28614564,  0.29264704, ..., -0.30115949,
          0.        ,  0.52410061],
        [-0.24452979, -0.25848818, -0.25192105, ..., -0.75625299,
         -0.52410061,  0.        ]]]), 'num': array([ 7.07008389e-01,  7.07008389e-01,  0.00000000e+00,  0.00000000e+00,
        4.80597369e-03,  5.03322639e-03,  4.79755692e-03,  1.04733193e-02,
       -1.93585630e-04,  4.92885848e-03,  4.35693920e-03,  3.81062091e-03,
        5.93340373e-06,  5.17479212e-03,  3.53908628e-03])}
{'img': array([[[ 0.        , -0.04921031, -0.07928987, ...,  0.99963139,
          0.98689101,  0.96191207],
        [ 0.04921031,  0.        , -0.03013843, ...,  0.99708425,
          0.97775337,  0.97419874],
        [ 0.07928987,  0.03013843,  0.        , ...,  0.99433148,
          0.97098743,  0.98055819],
        ...,
        [-0.99963139, -0.99708425, -0.99433148, ...,  0.        ,
          0.13453525, -0.29937354],
        [-0.98689101, -0.97775337, -0.97098743, ..., -0.13453525,
          0.        , -0.4250168 ],
        [-0.96191207, -0.97419874, -0.98055819, ...,  0.29937354,
          0.4250168 ,  0.        ]],

       [[ 0.        , -0.29778414,  0.06195608, ...,  0.26448513,
          0.66692376, -0.03926517],
        [ 0.29778414,  0.        ,  0.35635739, ...,  0.53966628,
          0.85855427,  0.26007066],
        [-0.06195608, -0.35635739,  0.        , ...,  0.20422722,
          0.61947743, -0.10109803],
        ...,
        [-0.26448513, -0.53966628, -0.20422722, ...,  0.        ,
          0.4460997 , -0.3021481 ],
        [-0.66692376, -0.85855427, -0.61947743, ..., -0.4460997 ,
          0.        , -0.69566694],
        [ 0.03926517, -0.26007066,  0.10109803, ...,  0.3021481 ,
          0.69566694,  0.        ]],

       [[ 0.        , -0.00107889, -0.01733444, ...,  0.99920678,
          0.9749037 ,  0.89018825],
        [ 0.00107889,  0.        , -0.01625569, ...,  0.99924916,
          0.97466295,  0.88969619],
        [ 0.01733444,  0.01625569,  0.        , ...,  0.99974694,
          0.97089811,  0.88215705],
        ...,
        [-0.99920678, -0.99924916, -0.99974694, ...,  0.        ,
          0.2612732 ,  0.49068078],
        [-0.9749037 , -0.97466295, -0.97089811, ..., -0.2612732 ,
          0.        ,  0.24597929],
        [-0.89018825, -0.88969619, -0.88215705, ..., -0.49068078,
         -0.24597929,  0.        ]],

       ...,

       [[ 0.        , -0.08245144,  0.22632034, ...,  0.92812708,
          0.93312652,  0.8456662 ],
        [ 0.08245144,  0.        ,  0.3058618 , ...,  0.95566055,
          0.95959457,  0.88679212],
        [-0.22632034, -0.3058618 ,  0.        , ...,  0.81979409,
          0.82754155,  0.70293372],
        ...,
        [-0.92812708, -0.95566055, -0.81979409, ...,  0.        ,
          0.01366255, -0.18054203],
        [-0.93312652, -0.95959457, -0.82754155, ..., -0.01366255,
          0.        , -0.19396322],
        [-0.8456662 , -0.88679212, -0.70293372, ...,  0.18054203,
          0.19396322,  0.        ]],

       [[ 0.        , -0.06671633, -0.10836814, ...,  0.9950699 ,
          0.99381017,  0.97039302],
        [ 0.06671633,  0.        , -0.04180326, ...,  0.99946953,
          0.98418432,  0.95211689],
        [ 0.10836814,  0.04180326,  0.        , ...,  0.99995729,
          0.97591866,  0.93850392],
        ...,
        [-0.9950699 , -0.99946953, -0.99995729, ...,  0.        ,
          0.20910611,  0.33658031],
        [-0.99381017, -0.98418432, -0.97591866, ..., -0.20910611,
          0.        ,  0.13223375],
        [-0.97039302, -0.95211689, -0.93850392, ..., -0.33658031,
         -0.13223375,  0.        ]],

       [[ 0.        ,  0.00506418, -0.01791413, ..., -0.22855944,
          0.17746546,  0.84443863],
        [-0.00506418,  0.        , -0.02297727, ..., -0.23348664,
          0.17247939,  0.84171517],
        [ 0.01791413,  0.02297727,  0.        , ..., -0.21108282,
          0.19506676,  0.85389887],
        ...,
        [ 0.22855944,  0.23348664,  0.21108282, ...,  0.        ,
          0.39769946,  0.9445147 ],
        [-0.17746546, -0.17247939, -0.19506676, ..., -0.39769946,
          0.        ,  0.7359751 ],
        [-0.84443863, -0.84171517, -0.85389887, ..., -0.9445147 ,
         -0.7359751 ,  0.        ]]]), 'num': array([ 7.06991525e-01,  7.06991525e-01,  0.00000000e+00,  0.00000000e+00,
        4.79744249e-03,  4.94052411e-03,  4.78902593e-03,  1.25397572e-02,
       -8.41656578e-06,  4.91864104e-03,  4.40544094e-03,  3.82904646e-03,
        5.75777617e-06,  5.20652061e-03,  3.60436127e-03])}
{'img': array([[[ 0.        , -0.03013843, -0.0200394 , ...,  0.97775337,
          0.97419874,  0.97105478],
        [ 0.03013843,  0.        ,  0.01010208, ...,  0.97098743,
          0.98055819,  0.97781243],
        [ 0.0200394 , -0.01010208,  0.        , ...,  0.9733536 ,
          0.97852584,  0.97564633],
        ...,
        [-0.97775337, -0.97098743, -0.9733536 , ...,  0.        ,
         -0.4250168 , -0.43722951],
        [-0.97419874, -0.98055819, -0.97852584, ...,  0.4250168 ,
          0.        , -0.01353495],
        [-0.97105478, -0.97781243, -0.97564633, ...,  0.43722951,
          0.01353495,  0.        ]],

       [[ 0.        ,  0.35635739,  0.57285561, ...,  0.85855427,
          0.26007066,  0.35525625],
        [-0.35635739,  0.        ,  0.24315691, ...,  0.61947743,
         -0.10109803, -0.00117824],
        [-0.57285561, -0.24315691,  0.        , ...,  0.41000335,
         -0.33997486, -0.24429962],
        ...,
        [-0.85855427, -0.61947743, -0.41000335, ...,  0.        ,
         -0.69566694, -0.62040194],
        [-0.26007066,  0.10109803,  0.33997486, ...,  0.69566694,
          0.        ,  0.09992576],
        [-0.35525625,  0.00117824,  0.24429962, ...,  0.62040194,
         -0.09992576,  0.        ]],

       [[ 0.        , -0.01625569, -0.01082198, ...,  0.97466295,
          0.88969619,  0.94855076],
        [ 0.01625569,  0.        ,  0.0054342 , ...,  0.97089811,
          0.88215705,  0.94327846],
        [ 0.01082198, -0.0054342 ,  0.        , ...,  0.97218523,
          0.88470329,  0.9450687 ],
        ...,
        [-0.97466295, -0.97089811, -0.97218523, ...,  0.        ,
          0.24597929,  0.09643221],
        [-0.88969619, -0.88215705, -0.88470329, ..., -0.24597929,
          0.        , -0.15136358],
        [-0.94855076, -0.94327846, -0.9450687 , ..., -0.09643221,
          0.15136358,  0.        ]],

       ...,

       [[ 0.        ,  0.3058618 ,  0.32893637, ...,  0.95959457,
          0.88679212,  0.85719509],
        [-0.3058618 ,  0.        ,  0.02433116, ...,  0.82754155,
          0.70293372,  0.65859848],
        [-0.32893637, -0.02433116,  0.        , ...,  0.81363694,
          0.68541996,  0.64009443],
        ...,
        [-0.95959457, -0.82754155, -0.81363694, ...,  0.        ,
         -0.19396322, -0.25298038],
        [-0.88679212, -0.70293372, -0.68541996, ...,  0.19396322,
          0.        , -0.0605221 ],
        [-0.85719509, -0.65859848, -0.64009443, ...,  0.25298038,
          0.0605221 ,  0.        ]],

       [[ 0.        , -0.04116905, -0.16218138, ...,  0.99993643,
          0.99918282,  0.94750552],
        [ 0.04116905,  0.        , -0.12141987, ...,  0.99862448,
          0.9966717 ,  0.93353885],
        [ 0.16218138,  0.12141987,  0.        , ...,  0.98486957,
          0.97939939,  0.88310568],
        ...,
        [-0.99993643, -0.99862448, -0.98486957, ...,  0.        ,
          0.02915021,  0.30903555],
        [-0.99918282, -0.9966717 , -0.97939939, ..., -0.02915021,
          0.        ,  0.28118091],
        [-0.94750552, -0.93353885, -0.88310568, ..., -0.30903555,
         -0.28118091,  0.        ]],

       [[ 0.        , -0.01976552,  0.05859068, ...,  0.14461671,
          0.54387672,  0.90636255],
        [ 0.01976552,  0.        ,  0.0783108 , ...,  0.1641462 ,
          0.56035701,  0.91453643],
        [-0.05859068, -0.0783108 ,  0.        , ...,  0.08639351,
          0.49377513,  0.88005089],
        ...,
        [-0.14461671, -0.1641462 , -0.08639351, ...,  0.        ,
          0.41680205,  0.83573396],
        [-0.54387672, -0.56035701, -0.49377513, ..., -0.41680205,
          0.        ,  0.53079949],
        [-0.90636255, -0.91453643, -0.88005089, ..., -0.83573396,
         -0.53079949,  0.        ]]]), 'num': array([ 7.06996025e-01,  7.06996025e-01,  0.00000000e+00,  0.00000000e+00,
        4.73855669e-03,  4.83955613e-03,  4.64597388e-03,  1.21115152e-02,
       -5.89163354e-05,  4.85975601e-03,  4.45449579e-03,  3.84730684e-03,
        5.04588587e-06,  5.20979301e-03,  3.69919857e-03])}
{'img': array([[[ 0.        ,  0.01010208, -0.05138874, ...,  0.98055819,
          0.97781243,  0.95515815],
        [-0.01010208,  0.        , -0.06147485, ...,  0.97852584,
          0.97564633,  0.95211822],
        [ 0.05138874,  0.06147485,  0.        , ...,  0.98934654,
          0.98728551,  0.96911213],
        ...,
        [-0.98055819, -0.97852584, -0.98934654, ...,  0.        ,
         -0.01353495, -0.10291021],
        [-0.97781243, -0.97564633, -0.98728551, ...,  0.01353495,
          0.        , -0.08943769],
        [-0.95515815, -0.95211822, -0.96911213, ...,  0.10291021,
          0.08943769,  0.        ]],

       [[ 0.        ,  0.26425915,  0.16788533, ..., -0.12625095,
         -0.00136756, -0.02296736],
        [-0.26425915,  0.        , -0.09859111, ..., -0.38390759,
         -0.26557785, -0.28634036],
        [-0.16788533,  0.09859111,  0.        , ..., -0.29100098,
         -0.16923332, -0.19048242],
        ...,
        [ 0.12625095,  0.38390759,  0.29100098, ...,  0.        ,
          0.12489422,  0.10343406],
        [ 0.00136756,  0.26557785,  0.16923332, ..., -0.12489422,
          0.        , -0.02160015],
        [ 0.02296736,  0.28634036,  0.19048242, ..., -0.10343406,
          0.02160015,  0.        ]],

       [[ 0.        ,  0.0054342 , -0.01091597, ...,  0.88215705,
          0.94327846,  0.99587109],
        [-0.0054342 ,  0.        , -0.01634968, ...,  0.88470329,
          0.9450687 ,  0.9963497 ],
        [ 0.01091597,  0.01634968,  0.        , ...,  0.87696355,
          0.93959813,  0.99482082],
        ...,
        [-0.88215705, -0.88470329, -0.87696355, ...,  0.        ,
         -0.15136358, -0.38892978],
        [-0.94327846, -0.9450687 , -0.93959813, ...,  0.15136358,
          0.        , -0.24500226],
        [-0.99587109, -0.9963497 , -0.99482082, ...,  0.38892978,
          0.24500226,  0.        ]],

       ...,

       [[ 0.        ,  0.02433116,  0.08848474, ...,  0.70293372,
          0.65859848,  0.46810015],
        [-0.02433116,  0.        ,  0.06422282, ...,  0.68541996,
          0.64009443,  0.44646073],
        [-0.08848474, -0.06422282,  0.        , ...,  0.63724124,
          0.58943086,  0.38807225],
        ...,
        [-0.70293372, -0.68541996, -0.63724124, ...,  0.        ,
         -0.0605221 , -0.28822651],
        [-0.65859848, -0.64009443, -0.58943086, ...,  0.0605221 ,
          0.        , -0.22974447],
        [-0.46810015, -0.44646073, -0.38807225, ...,  0.28822651,
          0.22974447,  0.        ]],

       [[ 0.        , -0.12124491, -0.21449248, ...,  0.99761488,
          0.9617385 ,  0.93303346],
        [ 0.12124491,  0.        , -0.09448707, ...,  0.98188608,
          0.92142604,  0.88252746],
        [ 0.21449248,  0.09448707,  0.        , ...,  0.95959053,
          0.88059035,  0.83414554],
        ...,
        [-0.99761488, -0.98188608, -0.95959053, ...,  0.        ,
          0.20693091,  0.29452814],
        [-0.9617385 , -0.92142604, -0.88059035, ..., -0.20693091,
          0.        ,  0.09040121],
        [-0.93303346, -0.88252746, -0.83414554, ..., -0.29452814,
         -0.09040121,  0.        ]],

       [[ 0.        ,  0.06631292,  0.09896313, ...,  0.44185688,
          0.61377258,  0.96435307],
        [-0.06631292,  0.        ,  0.03275791, ...,  0.38139594,
          0.56006868,  0.94468276],
        [-0.09896313, -0.03275791,  0.        , ...,  0.35090945,
          0.53262993,  0.93343164],
        ...,
        [-0.44185688, -0.38139594, -0.35090945, ...,  0.        ,
          0.20176808,  0.74818353],
        [-0.61377258, -0.56006868, -0.53262993, ..., -0.20176808,
          0.        ,  0.59892441],
        [-0.96435307, -0.94468276, -0.93343164, ..., -0.74818353,
         -0.59892441,  0.        ]]]), 'num': array([ 7.07005397e-01,  7.07005397e-01,  0.00000000e+00,  0.00000000e+00,
        4.67970239e-03,  4.73861951e-03,  4.56186816e-03,  1.10459493e-02,
       -5.89171164e-05,  4.80427001e-03,  4.48990511e-03,  3.86503298e-03,
        5.14587262e-06,  5.21736049e-03,  3.76244973e-03])}
{'img': array([[[ 0.        , -0.06147485,  0.29339909, ...,  0.97564633,
          0.95211822,  0.92369881],
        [ 0.06147485,  0.        ,  0.35161351, ...,  0.98728551,
          0.96911213,  0.94550397],
        [-0.29339909, -0.35161351,  0.        , ...,  0.86835121,
          0.82051462,  0.77063998],
        ...,
        [-0.97564633, -0.98728551, -0.86835121, ...,  0.        ,
         -0.08943769, -0.17117611],
        [-0.95211822, -0.96911213, -0.82051462, ...,  0.08943769,
          0.        , -0.08237247],
        [-0.92369881, -0.94550397, -0.77063998, ...,  0.17117611,
          0.08237247,  0.        ]],

       [[ 0.        , -0.09859111,  0.85446008, ..., -0.26557785,
         -0.28634036, -0.34528153],
        [ 0.09859111,  0.        ,  0.90151694, ..., -0.16923332,
         -0.19048242, -0.25107166],
        [-0.85446008, -0.90151694,  0.        , ..., -0.96174815,
         -0.9674408 , -0.98128971],
        ...,
        [ 0.26557785,  0.16923332,  0.96174815, ...,  0.        ,
         -0.02160015, -0.08363768],
        [ 0.28634036,  0.19048242,  0.9674408 , ...,  0.02160015,
          0.        , -0.06209371],
        [ 0.34528153,  0.25107166,  0.98128971, ...,  0.08363768,
          0.06209371,  0.        ]],

       [[ 0.        , -0.01634968,  0.03654761, ...,  0.9450687 ,
          0.9963497 ,  0.99850466],
        [ 0.01634968,  0.        ,  0.05288148, ...,  0.93959813,
          0.99482082,  0.99926498],
        [-0.03654761, -0.05288148,  0.        , ...,  0.95638369,
          0.99880396,  0.99583964],
        ...,
        [-0.9450687 , -0.93959813, -0.95638369, ...,  0.        ,
         -0.24500226, -0.37804669],
        [-0.9963497 , -0.99482082, -0.99880396, ...,  0.24500226,
          0.        , -0.13970498],
        [-0.99850466, -0.99926498, -0.99583964, ...,  0.37804669,
          0.13970498,  0.        ]],

       ...,

       [[ 0.        ,  0.06422282,  0.61682197, ...,  0.64009443,
          0.44646073,  0.4744977 ],
        [-0.06422282,  0.        ,  0.56499863, ...,  0.58943086,
          0.38807225,  0.41698556],
        [-0.61682197, -0.56499863,  0.        , ...,  0.02991806,
         -0.20052385, -0.16948328],
        ...,
        [-0.64009443, -0.58943086, -0.02991806, ...,  0.        ,
         -0.22974447, -0.19889264],
        [-0.44646073, -0.38807225,  0.20052385, ...,  0.22974447,
          0.        ,  0.03158201],
        [-0.4744977 , -0.41698556,  0.16948328, ...,  0.19889264,
         -0.03158201,  0.        ]],

       [[ 0.        , -0.09419297, -0.23863897, ...,  0.94673238,
          0.93766245,  0.88119148],
        [ 0.09419297,  0.        , -0.14610639, ...,  0.91219102,
          0.90075705,  0.83274305],
        [ 0.23863897,  0.14610639,  0.        , ...,  0.84253287,
          0.8276335 ,  0.74291357],
        ...,
        [-0.94673238, -0.91219102, -0.84253287, ...,  0.        ,
          0.02708691,  0.16381422],
        [-0.93766245, -0.90075705, -0.8276335 , ..., -0.02708691,
          0.        ,  0.13703312],
        [-0.88119148, -0.83274305, -0.74291357, ..., -0.16381422,
         -0.13703312,  0.        ]],

       [[ 0.        ,  0.02987659,  0.1627747 , ...,  0.48978828,
          0.73019279,  0.96944467],
        [-0.02987659,  0.        ,  0.1332239 , ...,  0.46352199,
          0.70945392,  0.96168288],
        [-0.1627747 , -0.1332239 ,  0.        , ...,  0.34134238,
          0.60924003,  0.91658517],
        ...,
        [-0.48978828, -0.46352199, -0.34134238, ...,  0.        ,
          0.3019688 ,  0.72505201],
        [-0.73019279, -0.70945392, -0.60924003, ..., -0.3019688 ,
          0.        ,  0.48324086],
        [-0.96944467, -0.96168288, -0.91658517, ..., -0.72505201,
         -0.48324086,  0.        ]]]), 'num': array([7.06922541e-01, 7.06922541e-01, 0.00000000e+00, 0.00000000e+00,
       4.94845779e-03, 4.99895225e-03, 4.63707524e-03, 1.86837103e-02,
       2.69303825e-04, 4.79360809e-03, 4.53945260e-03, 3.88660122e-03,
       6.46246062e-06, 5.24821919e-03, 3.83068601e-03])}
{'img': array([[[ 0.        ,  0.35161351,  0.81902399, ...,  0.96911213,
          0.94550397,  0.99078254],
        [-0.35161351,  0.        ,  0.56498391, ...,  0.82051462,
          0.77063998,  0.97514665],
        [-0.81902399, -0.56498391,  0.        , ...,  0.35404896,
          0.27580881,  0.67941732],
        ...,
        [-0.96911213, -0.82051462, -0.35404896, ...,  0.        ,
         -0.08237247,  0.37562519],
        [-0.94550397, -0.77063998, -0.27580881, ...,  0.08237247,
          0.        ,  0.45068915],
        [-0.99078254, -0.97514665, -0.67941732, ..., -0.37562519,
         -0.45068915,  0.        ]],

       [[ 0.        ,  0.90151694,  0.46503556, ..., -0.19048242,
         -0.25107166,  0.0541911 ],
        [-0.90151694,  0.        ,  0.999347  , ..., -0.9674408 ,
         -0.98128971, -0.87674137],
        [-0.46503556, -0.999347  ,  0.        , ..., -0.28788848,
         -0.22786805, -0.51232718],
        ...,
        [ 0.19048242,  0.9674408 ,  0.28788848, ...,  0.        ,
         -0.06209371,  0.24340141],
        [ 0.25107166,  0.98128971,  0.22786805, ...,  0.06209371,
          0.        ,  0.30315801],
        [-0.0541911 ,  0.87674137,  0.51232718, ..., -0.24340141,
         -0.30315801,  0.        ]],

       [[ 0.        ,  0.05288148,  0.24689714, ...,  0.99482082,
          0.99926498,  0.99817863],
        [-0.05288148,  0.        ,  0.19530732, ...,  0.99880396,
          0.99583964,  0.99359176],
        [-0.24689714, -0.19530732,  0.        , ...,  0.9891185 ,
          0.95886485,  0.95238199],
        ...,
        [-0.99482082, -0.99880396, -0.9891185 , ...,  0.        ,
         -0.13970498, -0.16147421],
        [-0.99926498, -0.99583964, -0.95886485, ...,  0.13970498,
          0.        , -0.02201903],
        [-0.99817863, -0.99359176, -0.95238199, ...,  0.16147421,
          0.02201903,  0.        ]],

       ...,

       [[ 0.        ,  0.56499863,  0.91994722, ...,  0.38807225,
          0.41698556,  0.77602327],
        [-0.56499863,  0.        ,  0.53753761, ..., -0.20052385,
         -0.16948328,  0.28394342],
        [-0.91994722, -0.53753761,  0.        , ..., -0.69570927,
         -0.67267613, -0.27598073],
        ...,
        [-0.38807225,  0.20052385,  0.69570927, ...,  0.        ,
          0.03158201,  0.47044669],
        [-0.41698556,  0.16948328,  0.67267613, ..., -0.03158201,
          0.        ,  0.44234315],
        [-0.77602327, -0.28394342,  0.27598073, ..., -0.47044669,
         -0.44234315,  0.        ]],

       [[ 0.        , -0.14435671,  0.1555797 , ...,  0.95942277,
          0.94998193,  0.82691645],
        [ 0.14435671,  0.        ,  0.29654904, ...,  0.90866901,
          0.89494825,  0.73707973],
        [-0.1555797 , -0.29654904,  0.        , ...,  0.99160925,
          0.98700263,  0.90433369],
        ...,
        [-0.95942277, -0.90866901, -0.99160925, ...,  0.        ,
          0.03176451,  0.30634031],
        [-0.94998193, -0.89494825, -0.98700263, ..., -0.03176451,
          0.        ,  0.27594838],
        [-0.82691645, -0.73707973, -0.90433369, ..., -0.30634031,
         -0.27594838,  0.        ]],

       [[ 0.        ,  0.12143586, -0.15665017, ...,  0.61588459,
          0.76252446,  0.98111594],
        [-0.12143586,  0.        , -0.27542747, ...,  0.51565502,
          0.67831716,  0.95036678],
        [ 0.15665017,  0.27542747,  0.        , ...,  0.73169568,
          0.85445674,  0.99930259],
        ...,
        [-0.61588459, -0.51565502, -0.73169568, ...,  0.        ,
          0.20229219,  0.65383408],
        [-0.76252446, -0.67831716, -0.85445674, ..., -0.20229219,
          0.        ,  0.48725425],
        [-0.98111594, -0.95036678, -0.99930259, ..., -0.65383408,
         -0.48725425,  0.        ]]]), 'num': array([ 8.33754088e-01,  5.51707715e-01,  4.74825545e-06, -4.71057088e-10,
        5.87596612e-03,  5.88585832e-03,  5.69790654e-03,  1.51331847e-02,
        5.93531931e-05,  5.68010058e-03,  5.39718369e-03,  4.59632776e-03,
        7.41914914e-06,  6.19912687e-03,  4.59524052e-03])}
{'img': array([[[ 0.00000000e+00,  5.64983906e-01,  2.70169752e-02, ...,
          7.70639981e-01,  9.75146651e-01,  9.97795504e-01],
        [-5.64983906e-01,  0.00000000e+00, -5.42485915e-01, ...,
          2.75808808e-01,  6.79417320e-01,  7.85788604e-01],
        [-2.70169752e-02,  5.42485915e-01,  0.00000000e+00, ...,
          7.53141549e-01,  9.68804806e-01,  9.95638339e-01],
        ...,
        [-7.70639981e-01, -2.75808808e-01, -7.53141549e-01, ...,
          0.00000000e+00,  4.50689146e-01,  5.84723427e-01],
        [-9.75146651e-01, -6.79417320e-01, -9.68804806e-01, ...,
         -4.50689146e-01,  0.00000000e+00,  1.56357690e-01],
        [-9.97795504e-01, -7.85788604e-01, -9.95638339e-01, ...,
         -5.84723427e-01, -1.56357690e-01,  0.00000000e+00]],

       [[ 0.00000000e+00,  9.99346997e-01,  6.20794873e-02, ...,
         -9.81289710e-01, -8.76741375e-01, -9.57246217e-01],
        [-9.99346997e-01,  0.00000000e+00, -9.95176359e-01, ...,
         -2.27868045e-01, -5.12327176e-01, -3.23673497e-01],
        [-6.20794873e-02,  9.95176359e-01,  0.00000000e+00, ...,
         -9.91349606e-01, -9.04908205e-01, -9.73357895e-01],
        ...,
        [ 9.81289710e-01,  2.27868045e-01,  9.91349606e-01, ...,
          0.00000000e+00,  3.03158006e-01,  9.95566583e-02],
        [ 8.76741375e-01,  5.12327176e-01,  9.04908205e-01, ...,
         -3.03158006e-01,  0.00000000e+00, -2.06780333e-01],
        [ 9.57246217e-01,  3.23673497e-01,  9.73357895e-01, ...,
         -9.95566583e-02,  2.06780333e-01,  0.00000000e+00]],

       [[ 0.00000000e+00,  1.95307324e-01,  2.63251980e-01, ...,
          9.95839641e-01,  9.93591759e-01,  9.99714969e-01],
        [-1.95307324e-01,  0.00000000e+00,  6.97640269e-02, ...,
          9.58864852e-01,  9.52381988e-01,  9.75799729e-01],
        [-2.63251980e-01, -6.97640269e-02,  0.00000000e+00, ...,
          9.36725174e-01,  9.28789960e-01,  9.58167182e-01],
        ...,
        [-9.95839641e-01, -9.58864852e-01, -9.36725174e-01, ...,
          0.00000000e+00, -2.20190340e-02,  6.73221304e-02],
        [-9.93591759e-01, -9.52381988e-01, -9.28789960e-01, ...,
          2.20190340e-02,  0.00000000e+00,  8.92748875e-02],
        [-9.99714969e-01, -9.75799729e-01, -9.58167182e-01, ...,
         -6.73221304e-02, -8.92748875e-02,  0.00000000e+00]],

       ...,

       [[ 0.00000000e+00,  5.37537610e-01, -2.29297236e-01, ...,
         -1.69483278e-01,  2.83943421e-01,  2.26968611e-01],
        [-5.37537610e-01,  0.00000000e+00, -7.16568249e-01, ...,
         -6.72676128e-01, -2.75980733e-01, -3.32120033e-01],
        [ 2.29297236e-01,  7.16568249e-01,  0.00000000e+00, ...,
          6.10123659e-02,  4.96237759e-01,  4.44234415e-01],
        ...,
        [ 1.69483278e-01,  6.72676128e-01, -6.10123659e-02, ...,
          0.00000000e+00,  4.42343151e-01,  3.88745187e-01],
        [-2.83943421e-01,  2.75980733e-01, -4.96237759e-01, ...,
         -4.42343151e-01,  0.00000000e+00, -5.89062677e-02],
        [-2.26968611e-01,  3.32120033e-01, -4.44234415e-01, ...,
         -3.88745187e-01,  5.89062677e-02,  0.00000000e+00]],

       [[ 0.00000000e+00,  2.93659455e-01,  2.91884810e-01, ...,
          9.30794638e-01,  8.78245992e-01,  7.32415638e-01],
        [-2.93659455e-01,  0.00000000e+00, -1.85596888e-03, ...,
          9.97101018e-01,  9.79954851e-01,  9.00063836e-01],
        [-2.91884810e-01,  1.85596888e-03,  0.00000000e+00, ...,
          9.96958082e-01,  9.79583417e-01,  8.99253532e-01],
        ...,
        [-9.30794638e-01, -9.97101018e-01, -9.96958082e-01, ...,
          0.00000000e+00,  1.24078236e-01,  3.66009716e-01],
        [-8.78245992e-01, -9.79954851e-01, -9.79583417e-01, ...,
         -1.24078236e-01,  0.00000000e+00,  2.47712778e-01],
        [-7.32415638e-01, -9.00063836e-01, -8.99253532e-01, ...,
         -3.66009716e-01, -2.47712778e-01,  0.00000000e+00]],

       [[ 0.00000000e+00, -2.54312530e-01, -2.53424757e-01, ...,
          5.79779325e-01,  7.31226142e-01,  9.74962004e-01],
        [ 2.54312530e-01,  0.00000000e+00,  9.17843463e-04, ...,
          7.67924515e-01,  8.80660465e-01,  9.99459154e-01],
        [ 2.53424757e-01, -9.17843463e-04,  0.00000000e+00, ...,
          7.67336276e-01,  8.80225267e-01,  9.99488916e-01],
        ...,
        [-5.79779325e-01, -7.67924515e-01, -7.67336276e-01, ...,
          0.00000000e+00,  2.00295876e-01,  6.65446843e-01],
        [-7.31226142e-01, -8.80660465e-01, -8.80225267e-01, ...,
         -2.00295876e-01,  0.00000000e+00,  5.02451962e-01],
        [-9.74962004e-01, -9.99459154e-01, -9.99488916e-01, ...,
