state_0,state_1,state_2,state_3,state_4,state_5,state_6,state_7,state_8,state_9,state_10,state_11,state_12,state_13,state_14,state_15,state_16,state_17,state_18,state_19,state_20,state_21,state_22,state_23,state_24,state_25,state_26,state_27,state_28,state_29,state_30,state_31,state_32,state_33,state_34,state_35,state_36,state_37,state_38,state_39,state_40,state_41,state_42,state_43,state_44,state_45,state_46,state_47,state_48,state_49,state_50,state_51,state_52,state_53,state_54,state_55,state_56,state_57,state_58,state_59,state_60,state_61,state_62,state_63,state_64,state_65,state_66,state_67,state_68,state_69,state_70,state_71,state_72,state_73,state_74,state_75,state_76,state_77,state_78,state_79,state_80,state_81,state_82,state_83,state_84,state_85,state_86,state_87,state_88,state_89,state_90,state_91,state_92,state_93,state_94,state_95,state_96,state_97,state_98,state_99,state_100,state_101,state_102,state_103,state_104,state_105,state_106,state_107,state_108,state_109,state_110,state_111,state_112,state_113,state_114,state_115,state_116,state_117,state_118,state_119,state_120,state_121,state_122,state_123,state_124,state_125,state_126,state_127,state_128,state_129,state_130,state_131,state_132,state_133,state_134,state_135,state_136,state_137,state_138,state_139,state_140,state_141,state_142,state_143,state_144,state_145,state_146,state_147,state_148,state_149,state_150,state_151,state_152,state_153,state_154,state_155,state_156,state_157,state_158,state_159,state_160,state_161,state_162,state_163,state_164,state_165,state_166,state_167,state_168,state_169,state_170,state_171,state_172,state_173,state_174,state_175,state_176,state_177,state_178,state_179,state_180,state_181,state_182,state_183,state_184,state_185,state_186,state_187,state_188,state_189,state_190,state_191,state_192,state_193,state_194,state_195,state_196,state_197,state_198,state_199,state_200,state_201,state_202,state_203,state_204,state_205,state_206,state_207,state_208,state_209,state_210,state_211,state_212,state_213,state_214,state_215,state_216,state_217,state_218,state_219,state_220,state_221,state_222,state_223,state_224,state_225,state_226,state_227,state_228,state_229,state_230,state_231,state_232,state_233,state_234,state_235,state_236,state_237,state_238,state_239,state_240,state_241,state_242,state_243,state_244,state_245,state_246,state_247,state_248,state_249,state_250,state_251,state_252,state_253,state_254,state_255,state_256,state_257,state_258,state_259,state_260,state_261,state_262,state_263,state_264,state_265,state_266,state_267,state_268,state_269,state_270,state_271,state_272,state_273,state_274,state_275,state_276,state_277,state_278,state_279,state_280,state_281,state_282,state_283,state_284,state_285,state_286,state_287
{'img': array([[[ 0.        ,  0.19766785,  0.25681197, ...,  0.99980392,
          0.78470572,  0.62937298],
        [-0.19766785,  0.        ,  0.06070648, ...,  0.98399106,
          0.64669466,  0.4633465 ],
        [-0.25681197, -0.06070648,  0.        , ...,  0.97135727,
          0.59919813,  0.40869524],
        ...,
        [-0.99980392, -0.98399106, -0.97135727, ...,  0.        ,
         -0.63528567, -0.78941383],
        [-0.78470572, -0.64669466, -0.59919813, ...,  0.63528567,
          0.        , -0.21966898],
        [-0.62937298, -0.4633465 , -0.40869524, ...,  0.78941383,
          0.21966898,  0.        ]],

       [[ 0.        ,  0.11460798,  0.00729926, ...,  0.39728589,
          0.34378717,  0.14405057],
        [-0.11460798,  0.        , -0.10735376, ...,  0.28949294,
          0.23389955,  0.02968874],
        [-0.00729926,  0.10735376,  0.        , ...,  0.39057681,
          0.33692366,  0.1368236 ],
        ...,
        [-0.39728589, -0.28949294, -0.39057681, ...,  0.        ,
         -0.05757862, -0.26094785],
        [-0.34378717, -0.23389955, -0.33692366, ...,  0.05757862,
          0.        , -0.20493124],
        [-0.14405057, -0.02968874, -0.1368236 , ...,  0.26094785,
          0.20493124,  0.        ]],

       [[ 0.        ,  0.08999321,  0.18102347, ...,  0.93110707,
          0.9847991 ,  0.97999092],
        [-0.08999321,  0.        ,  0.09178254, ...,  0.89450433,
          0.99643473,  0.95810205],
        [-0.18102347, -0.09178254,  0.        , ...,  0.84969646,
          0.99997229,  0.92776897],
        ...,
        [-0.93110707, -0.89450433, -0.84969646, ...,  0.        ,
          0.52093227,  0.17211817],
        [-0.9847991 , -0.99643473, -0.99997229, ..., -0.52093227,
          0.        , -0.36623831],
        [-0.97999092, -0.95810205, -0.92776897, ..., -0.17211817,
          0.36623831,  0.        ]],

       ...,

       [[ 0.        , -0.03241978,  0.1564047 , ...,  0.56686491,
          0.38797707,  0.34628191],
        [ 0.03241978,  0.        ,  0.18834328, ...,  0.5932747 ,
          0.41765344,  0.37651387],
        [-0.1564047 , -0.18834328,  0.        , ...,  0.43104066,
          0.23904889,  0.19529222],
        ...,
        [-0.56686491, -0.5932747 , -0.43104066, ...,  0.        ,
         -0.20284215, -0.2465225 ],
        [-0.38797707, -0.41765344, -0.23904889, ...,  0.20284215,
          0.        , -0.04481581],
        [-0.34628191, -0.37651387, -0.19529222, ...,  0.2465225 ,
          0.04481581,  0.        ]],

       [[ 0.        , -0.05525012, -0.02680003, ...,  0.88536831,
          0.96545003,  0.96261561],
        [ 0.05525012,  0.        ,  0.02847118, ...,  0.85833071,
          0.94957782,  0.94617959],
        [ 0.02680003, -0.02847118,  0.        , ...,  0.87259123,
          0.95811949,  0.9550105 ],
        ...,
        [-0.88536831, -0.85833071, -0.87259123, ...,  0.        ,
         -0.21811174, -0.20768987],
        [-0.96545003, -0.94957782, -0.95811949, ...,  0.21811174,
          0.        ,  0.01066627],
        [-0.96261561, -0.94617959, -0.9550105 , ...,  0.20768987,
         -0.01066627,  0.        ]],

       [[ 0.        ,  0.03705641,  0.01894889, ..., -0.84258442,
         -0.58821859, -0.39316176],
        [-0.03705641,  0.        , -0.01811388, ..., -0.86196298,
         -0.61778218, -0.42696396],
        [-0.01894889,  0.01811388,  0.        , ..., -0.85263834,
         -0.60343698, -0.41051409],
        ...,
        [ 0.84258442,  0.86196298,  0.85263834, ...,  0.        ,
          0.36460617,  0.56298765],
        [ 0.58821859,  0.61778218,  0.60343698, ..., -0.36460617,
          0.        ,  0.22289826],
        [ 0.39316176,  0.42696396,  0.41051409, ..., -0.56298765,
         -0.22289826,  0.        ]]]), 'num': array([9.91656319e-01, 2.36327430e-02, 3.03932049e-05, 6.45349050e-03,
       6.67637401e-03, 6.31165555e-03, 1.25478346e-01, 7.09174781e-05,
       6.57506332e-03, 6.08370651e-03, 5.74110755e-03, 1.32073036e-05,
       6.83639784e-03, 5.33101518e-03])}
{'img': array([[[ 0.        ,  0.06070648, -0.03010413, ...,  0.64669466,
          0.4633465 ,  0.542086  ],
        [-0.06070648,  0.        , -0.09072758, ...,  0.59919813,
          0.40869524,  0.49007316],
        [ 0.03010413,  0.09072758,  0.        , ...,  0.66936345,
          0.48981409,  0.56713751],
        ...,
        [-0.64669466, -0.59919813, -0.66936345, ...,  0.        ,
         -0.21966898, -0.12995686],
        [-0.4633465 , -0.40869524, -0.48981409, ...,  0.21966898,
          0.        ,  0.09102352],
        [-0.542086  , -0.49007316, -0.56713751, ...,  0.12995686,
         -0.09102352,  0.        ]],

       [[ 0.        , -0.10735376, -0.27165534, ...,  0.23389955,
          0.02968874,  0.12034289],
        [ 0.10735376,  0.        , -0.16676873, ...,  0.33692366,
          0.1368236 ,  0.22622097],
        [ 0.27165534,  0.16676873,  0.        , ...,  0.48922349,
          0.30010787,  0.3854984 ],
        ...,
        [-0.23389955, -0.33692366, -0.48922349, ...,  0.        ,
         -0.20493124, -0.11519498],
        [-0.02968874, -0.1368236 , -0.30010787, ...,  0.20493124,
          0.        ,  0.09081687],
        [-0.12034289, -0.22622097, -0.3854984 , ...,  0.11519498,
         -0.09081687,  0.        ]],

       [[ 0.        ,  0.09178254,  0.15093634, ...,  0.99643473,
          0.95810205,  0.95615621],
        [-0.09178254,  0.        ,  0.05956822, ...,  0.99997229,
          0.92776897,  0.92524117],
        [-0.15093634, -0.05956822,  0.        , ...,  0.99775314,
          0.90389329,  0.90099921],
        ...,
        [-0.99643473, -0.99997229, -0.99775314, ...,  0.        ,
         -0.36623831, -0.37248129],
        [-0.95810205, -0.92776897, -0.90389329, ...,  0.36623831,
          0.        , -0.00671801],
        [-0.95615621, -0.92524117, -0.90099921, ...,  0.37248129,
          0.00671801,  0.        ]],

       ...,

       [[ 0.        ,  0.18834328,  0.04298968, ...,  0.41765344,
          0.37651387,  0.41490781],
        [-0.18834328,  0.        , -0.14594885, ...,  0.23904889,
          0.19529222,  0.23611564],
        [-0.04298968,  0.14594885,  0.        , ...,  0.37820662,
          0.33633968,  0.37540949],
        ...,
        [-0.41765344, -0.23904889, -0.37820662, ...,  0.        ,
         -0.04481581, -0.0030197 ],
        [-0.37651387, -0.19529222, -0.33633968, ...,  0.04481581,
          0.        ,  0.04179894],
        [-0.41490781, -0.23611564, -0.37540949, ...,  0.0030197 ,
         -0.04179894,  0.        ]],

       [[ 0.        ,  0.02806796,  0.06529461, ...,  0.98287809,
          0.98170372,  0.85205769],
        [-0.02806796,  0.        ,  0.03726082, ...,  0.98766257,
          0.9866615 ,  0.8664141 ],
        [-0.06529461, -0.03726082,  0.        , ...,  0.99281165,
          0.99204186,  0.88441775],
        ...,
        [-0.98287809, -0.98766257, -0.99281165, ...,  0.        ,
          0.00626873,  0.35748783],
        [-0.98170372, -0.9866615 , -0.99204186, ..., -0.00626873,
          0.        ,  0.35162633],
        [-0.85205769, -0.8664141 , -0.88441775, ..., -0.35748783,
         -0.35162633,  0.        ]],

       [[ 0.        , -0.01811388, -0.01695914, ..., -0.61778218,
         -0.42696396, -0.32965583],
        [ 0.01811388,  0.        ,  0.00115492, ..., -0.60343698,
         -0.41051409, -0.31250041],
        [ 0.01695914, -0.00115492,  0.        , ..., -0.60435753,
         -0.41156694, -0.31359728],
        ...,
        [ 0.61778218,  0.60343698,  0.60435753, ...,  0.        ,
          0.22289826,  0.32402426],
        [ 0.42696396,  0.41051409,  0.41156694, ..., -0.22289826,
          0.        ,  0.10499974],
        [ 0.32965583,  0.31250041,  0.31359728, ..., -0.32402426,
         -0.10499974,  0.        ]]]), 'num': array([8.76295562e-01, 4.81724715e-01, 1.23111028e-05, 4.91370917e-04,
       5.02102887e-04, 4.84471793e-04, 6.75105311e-03, 3.06627717e-06,
       4.94130566e-04, 4.62624568e-04, 4.35104731e-04, 1.02003172e-06,
       5.20680743e-04, 4.04568393e-04])}
{'img': array([[[ 0.        , -0.09072758, -0.03046528, ...,  0.40869524,
          0.49007316,  0.53785159],
        [ 0.09072758,  0.        ,  0.06034583, ...,  0.48981409,
          0.56713751,  0.61212029],
        [ 0.03046528, -0.06034583,  0.        , ...,  0.43631031,
          0.51640169,  0.56328537],
        ...,
        [-0.40869524, -0.48981409, -0.43631031, ...,  0.        ,
          0.09102352,  0.14633526],
        [-0.49007316, -0.56713751, -0.51640169, ..., -0.09102352,
          0.        ,  0.05568412],
        [-0.53785159, -0.61212029, -0.56328537, ..., -0.14633526,
         -0.05568412,  0.        ]],

       [[ 0.        , -0.16676873, -0.183244  , ...,  0.1368236 ,
          0.22622097,  0.07923935],
        [ 0.16676873,  0.        , -0.01673294, ...,  0.30010787,
          0.3854984 ,  0.24437403],
        [ 0.183244  ,  0.01673294,  0.        , ...,  0.3160275 ,
          0.40088406,  0.26056544],
        ...,
        [-0.1368236 , -0.30010787, -0.3160275 , ...,  0.        ,
          0.09081687, -0.05789924],
        [-0.22622097, -0.3854984 , -0.40088406, ..., -0.09081687,
          0.        , -0.1483245 ],
        [-0.07923935, -0.24437403, -0.26056544, ...,  0.05789924,
          0.1483245 ,  0.        ]],

       [[ 0.        ,  0.05956822,  0.10426182, ...,  0.92776897,
          0.92524117,  0.86980025],
        [-0.05956822,  0.        ,  0.04483311, ...,  0.90389329,
          0.90099921,  0.83886449],
        [-0.10426182, -0.04483311,  0.        , ...,  0.88380669,
          0.88064371,  0.81361653],
        ...,
        [-0.92776897, -0.90389329, -0.88380669, ...,  0.        ,
         -0.00671801, -0.13319453],
        [-0.92524117, -0.90099921, -0.88064371, ...,  0.00671801,
          0.        , -0.12653337],
        [-0.86980025, -0.83886449, -0.81361653, ...,  0.13319453,
          0.12653337,  0.        ]],

       ...,

       [[ 0.        , -0.14594885, -0.00318856, ...,  0.19529222,
          0.23611564,  0.29195785],
        [ 0.14594885,  0.        ,  0.14279369, ...,  0.33633968,
          0.37540949,  0.42842164],
        [ 0.00318856, -0.14279369,  0.        , ...,  0.19841839,
          0.23921285,  0.29500601],
        ...,
        [-0.19529222, -0.33633968, -0.19841839, ...,  0.        ,
          0.04179894,  0.09955267],
        [-0.23611564, -0.37540949, -0.23921285, ..., -0.04179894,
          0.        ,  0.05787437],
        [-0.29195785, -0.42842164, -0.29500601, ..., -0.09955267,
         -0.05787437,  0.        ]],

       [[ 0.        ,  0.03626578,  0.07516415, ...,  0.99995776,
          0.98949953,  0.85467167],
        [-0.03626578,  0.        ,  0.03895152, ...,  0.99963328,
          0.99409033,  0.87293751],
        [-0.07516415, -0.03895152,  0.        , ...,  0.99781988,
          0.99756434,  0.89127684],
        ...,
        [-0.99995776, -0.99963328, -0.99781988, ...,  0.        ,
          0.13543562,  0.5112918 ],
        [-0.98949953, -0.99409033, -0.99756434, ..., -0.13543562,
          0.        ,  0.39018649],
        [-0.85467167, -0.87293751, -0.89127684, ..., -0.5112918 ,
         -0.39018649,  0.        ]],

       [[ 0.        ,  0.00115492,  0.05857794, ..., -0.41051409,
         -0.31250041, -0.28017641],
        [-0.00115492,  0.        ,  0.05742496, ..., -0.41156694,
         -0.31359728, -0.28128489],
        [-0.05857794, -0.05742496,  0.        , ..., -0.46322371,
         -0.36760801, -0.33592711],
        ...,
        [ 0.41051409,  0.41156694,  0.46322371, ...,  0.        ,
          0.10499974,  0.13859234],
        [ 0.31250041,  0.31359728,  0.36760801, ..., -0.10499974,
          0.        ,  0.0338398 ],
        [ 0.28017641,  0.28128489,  0.33592711, ..., -0.13859234,
         -0.0338398 ,  0.        ]]]), 'num': array([ 8.71439742e-01,  4.90423798e-01,  1.25334192e-05,  4.74490591e-04,
        5.01024604e-04,  4.74490591e-04,  8.68661163e-03, -2.57536012e-05,
        4.93532648e-04,  4.71681107e-04,  4.43170050e-04,  8.50802272e-07,
        5.30601760e-04,  4.12760455e-04])}
