state_0,state_1,state_2,state_3,state_4,state_5,state_6,state_7,state_8,state_9,state_10,state_11,state_12,state_13,state_14,state_15,state_16,state_17,state_18,state_19,state_20,state_21,state_22,state_23,state_24,state_25,state_26,state_27,state_28,state_29,state_30,state_31,state_32,state_33,state_34,state_35,state_36,state_37,state_38,state_39,state_40,state_41,state_42,state_43,state_44,state_45,state_46,state_47,state_48,state_49,state_50,state_51,state_52,state_53,state_54,state_55,state_56,state_57,state_58,state_59,state_60,state_61,state_62,state_63,state_64,state_65,state_66,state_67,state_68,state_69,state_70,state_71,state_72,state_73,state_74,state_75,state_76,state_77,state_78,state_79,state_80,state_81,state_82,state_83,state_84,state_85,state_86,state_87,state_88,state_89,state_90,state_91,state_92,state_93,state_94,state_95,state_96,state_97,state_98,state_99,state_100,state_101,state_102,state_103,state_104,state_105,state_106,state_107,state_108,state_109,state_110,state_111,state_112,state_113,state_114,state_115,state_116,state_117,state_118,state_119,state_120,state_121,state_122,state_123,state_124,state_125,state_126,state_127,state_128,state_129,state_130,state_131,state_132,state_133,state_134,state_135,state_136,state_137,state_138,state_139,state_140,state_141,state_142,state_143,state_144,state_145,state_146,state_147,state_148,state_149,state_150,state_151,state_152,state_153,state_154,state_155,state_156,state_157,state_158,state_159,state_160,state_161,state_162,state_163,state_164,state_165,state_166,state_167,state_168,state_169,state_170,state_171,state_172,state_173,state_174,state_175,state_176,state_177,state_178,state_179,state_180,state_181,state_182,state_183,state_184,state_185,state_186,state_187,state_188,state_189,state_190,state_191,state_192,state_193,state_194,state_195,state_196,state_197,state_198,state_199,state_200,state_201,state_202,state_203,state_204,state_205,state_206,state_207,state_208,state_209,state_210,state_211,state_212,state_213,state_214,state_215,state_216,state_217,state_218,state_219,state_220,state_221,state_222,state_223,state_224,state_225,state_226,state_227,state_228,state_229,state_230,state_231,state_232,state_233,state_234,state_235,state_236,state_237,state_238,state_239,state_240,state_241,state_242,state_243,state_244,state_245,state_246,state_247,state_248,state_249,state_250,state_251,state_252,state_253,state_254,state_255,state_256,state_257,state_258,state_259,state_260,state_261,state_262,state_263,state_264,state_265,state_266,state_267,state_268,state_269,state_270,state_271,state_272,state_273,state_274,state_275,state_276,state_277,state_278,state_279,state_280,state_281,state_282,state_283,state_284,state_285,state_286,state_287
{'img': array([[[ 0.        ,  0.12889495,  0.10326244, ...,  0.30625493,
          0.35624385, -0.7220216 ],
        [-0.12889495,  0.        , -0.02580484, ...,  0.18099874,
          0.23283362, -0.8051773 ],
        [-0.10326244,  0.02580484,  0.        , ...,  0.2063171 ,
          0.25785172, -0.78960602],
        ...,
        [-0.30625493, -0.18099874, -0.2063171 , ...,  0.        ,
          0.0529637 , -0.89921688],
        [-0.35624385, -0.23283362, -0.25785172, ..., -0.0529637 ,
          0.        , -0.92112656],
        [ 0.7220216 ,  0.8051773 ,  0.78960602, ...,  0.89921688,
          0.92112656,  0.        ]],

       [[ 0.        , -0.97273001, -0.94270284, ..., -0.82432188,
         -0.9783332 , -0.74939342],
        [ 0.97273001,  0.        , -0.54318621, ...,  0.35948977,
         -0.42830564,  0.47025427],
        [ 0.94270284,  0.54318621,  0.        , ...,  0.8087057 ,
          0.13123082,  0.87420991],
        ...,
        [ 0.82432188, -0.35948977, -0.8087057 , ...,  0.        ,
         -0.72452014,  0.12155646],
        [ 0.9783332 ,  0.42830564, -0.13123082, ...,  0.72452014,
          0.        ,  0.80293071],
        [ 0.74939342, -0.47025427, -0.87420991, ..., -0.12155646,
         -0.80293071,  0.        ]],

       [[ 0.        ,  0.24213541,  0.04400295, ..., -0.59501609,
         -0.54983091, -0.68334623],
        [-0.24213541,  0.        , -0.19920734, ..., -0.77191745,
         -0.73571919, -0.83979325],
        [-0.04400295,  0.19920734,  0.        , ..., -0.62980554,
         -0.58605295, -0.71481065],
        ...,
        [ 0.59501609,  0.77191745,  0.62980554, ...,  0.        ,
          0.05509598, -0.11479683],
        [ 0.54983091,  0.73571919,  0.58605295, ..., -0.05509598,
          0.        , -0.16935419],
        [ 0.68334623,  0.83979325,  0.71481065, ...,  0.11479683,
          0.16935419,  0.        ]],

       ...,

       [[ 0.        ,  0.37179961,  0.28590677, ..., -0.08264864,
          0.18644627, -0.49452046],
        [-0.37179961,  0.        , -0.09086877, ..., -0.4472514 ,
         -0.19219966, -0.78222536],
        [-0.28590677,  0.09086877,  0.        , ..., -0.36412728,
         -0.10222991, -0.72237835],
        ...,
        [ 0.08264864,  0.4472514 ,  0.36412728, ...,  0.        ,
          0.26700781, -0.4209932 ],
        [-0.18644627,  0.19219966,  0.10222991, ..., -0.26700781,
          0.        , -0.64790188],
        [ 0.49452046,  0.78222536,  0.72237835, ...,  0.4209932 ,
          0.64790188,  0.        ]],

       [[ 0.        ,  0.15409383,  0.30924261, ..., -0.82092844,
         -0.67567232, -0.6213391 ],
        [-0.15409383,  0.        ,  0.15900845, ..., -0.89911581,
         -0.78120053, -0.73465691],
        [-0.30924261, -0.15900845,  0.        , ..., -0.95727628,
         -0.87052731, -0.83318754],
        ...,
        [ 0.82092844,  0.89911581,  0.95727628, ...,  0.        ,
          0.21936025,  0.28842779],
        [ 0.67567232,  0.78120053,  0.87052731, ..., -0.21936025,
          0.        ,  0.07136502],
        [ 0.6213391 ,  0.73465691,  0.83318754, ..., -0.28842779,
         -0.07136502,  0.        ]],

       [[ 0.        , -0.11178196,  0.06261082, ...,  0.69355789,
          0.70449694,  0.83565045],
        [ 0.11178196,  0.        ,  0.17378107, ...,  0.60868337,
          0.62074925,  0.76901569],
        [-0.06261082, -0.17378107,  0.        , ...,  0.73730203,
          0.74755007,  0.86840064],
        ...,
        [-0.69355789, -0.60868337, -0.73730203, ...,  0.        ,
         -0.01529733, -0.22105861],
        [-0.70449694, -0.62074925, -0.74755007, ...,  0.01529733,
          0.        , -0.20611386],
        [-0.83565045, -0.76901569, -0.86840064, ...,  0.22105861,
          0.20611386,  0.        ]]]), 'num': array([9.99915766e-01, 3.62406681e-03, 2.00461106e-05, 1.26593608e-03,
       1.27612471e-03, 1.22772876e-03, 1.19286075e-02, 3.94809041e-05,
       1.28503975e-03, 1.28650436e-03, 1.29342413e-03, 1.30863014e-06,
       1.34176809e-03, 1.23124063e-03])}
{'img': array([[[ 0.        , -0.02580484,  0.05164841, ...,  0.23283362,
         -0.8051773 , -0.41126765],
        [ 0.02580484,  0.        ,  0.07740161, ...,  0.25785172,
         -0.78960602, -0.3876092 ],
        [-0.05164841, -0.07740161,  0.        , ...,  0.18229392,
         -0.83473192, -0.45779702],
        ...,
        [-0.23283362, -0.25785172, -0.18229392, ...,  0.        ,
         -0.92112656, -0.61219585],
        [ 0.8051773 ,  0.78960602,  0.83473192, ...,  0.92112656,
          0.        ,  0.49003512],
        [ 0.41126765,  0.3876092 ,  0.45779702, ...,  0.61219585,
         -0.49003512,  0.        ]],

       [[ 0.        , -0.64639626, -0.76523975, ..., -0.52201848,
          0.87596874, -0.7818389 ],
        [ 0.64639626,  0.        , -0.16776477, ...,  0.15303237,
          0.98016659, -0.19352909],
        [ 0.76523975,  0.16776477,  0.        , ...,  0.31665215,
          0.93302791, -0.02619311],
        ...,
        [ 0.52201848, -0.15303237, -0.31665215, ...,  0.        ,
          0.99894862, -0.34138877],
        [-0.87596874, -0.98016659, -0.93302791, ..., -0.99894862,
          0.        , -0.9232834 ],
        [ 0.7818389 ,  0.19352909,  0.02619311, ...,  0.34138877,
          0.9232834 ,  0.        ]],

       [[ 0.        , -0.19920734, -0.40308056, ..., -0.73571919,
         -0.83979325, -0.78708739],
        [ 0.19920734,  0.        , -0.21269428, ..., -0.58605295,
         -0.71481065, -0.64843272],
        [ 0.40308056,  0.21269428,  0.        , ..., -0.40030298,
         -0.54971398, -0.47167761],
        ...,
        [ 0.73571919,  0.58605295,  0.40030298, ...,  0.        ,
         -0.16935419, -0.07926169],
        [ 0.83979325,  0.71481065,  0.54971398, ...,  0.16935419,
          0.        ,  0.09070461],
        [ 0.78708739,  0.64843272,  0.47167761, ...,  0.07926169,
         -0.09070461,  0.        ]],

       ...,

       [[ 0.        , -0.09086877,  0.21771431, ..., -0.19219966,
         -0.78222536, -0.57718194],
        [ 0.09086877,  0.        ,  0.30550266, ..., -0.10222991,
         -0.72237835, -0.50058921],
        [-0.21771431, -0.30550266,  0.        , ..., -0.40124449,
         -0.89909681, -0.7411257 ],
        ...,
        [ 0.19219966,  0.10222991,  0.40124449, ...,  0.        ,
         -0.64790188, -0.40946763],
        [ 0.78222536,  0.72237835,  0.89909681, ...,  0.64790188,
          0.        ,  0.27919562],
        [ 0.57718194,  0.50058921,  0.7411257 , ...,  0.40946763,
         -0.27919562,  0.        ]],

       [[ 0.        ,  0.15900845,  0.33542487, ..., -0.78120053,
         -0.73465691, -0.75418089],
        [-0.15900845,  0.        ,  0.18136072, ..., -0.87052731,
         -0.83318754, -0.84900117],
        [-0.33542487, -0.18136072,  0.        , ..., -0.9453423 ,
         -0.91966125, -0.93075125],
        ...,
        [ 0.78120053,  0.87052731,  0.9453423 , ...,  0.        ,
          0.07136502,  0.04216823],
        [ 0.73465691,  0.83318754,  0.91966125, ..., -0.07136502,
          0.        , -0.02924084],
        [ 0.75418089,  0.84900117,  0.93075125, ..., -0.04216823,
          0.02924084,  0.        ]],

       [[ 0.        ,  0.17378107,  0.27014959, ...,  0.62074925,
          0.76901569,  0.79203226],
        [-0.17378107,  0.        ,  0.09871947, ...,  0.74755007,
          0.86840064,  0.88607067],
        [-0.27014959, -0.09871947,  0.        , ...,  0.80946853,
          0.91311012,  0.92750392],
        ...,
        [-0.62074925, -0.74755007, -0.80946853, ...,  0.        ,
         -0.20611386, -0.24200601],
        [-0.76901569, -0.86840064, -0.91311012, ...,  0.20611386,
          0.        , -0.03682259],
        [-0.79203226, -0.88607067, -0.92750392, ...,  0.24200601,
          0.03682259,  0.        ]]]), 'num': array([ 7.07069661e-01,  7.07069661e-01,  0.00000000e+00,  1.32203063e-03,
        1.35453958e-03,  1.31254885e-03,  9.50526477e-03, -2.43817124e-05,
        1.35914501e-03,  1.36503726e-03,  1.37451904e-03,  1.21061975e-06,
        1.42643766e-03,  1.30363686e-03])}
{'img': array([[[ 0.        ,  0.07740161, -0.2065951 , ..., -0.78960602,
         -0.3876092 , -0.62076131],
        [-0.07740161,  0.        , -0.2817071 , ..., -0.83473192,
         -0.45779702, -0.67958186],
        [ 0.2065951 ,  0.2817071 ,  0.        , ..., -0.6458018 ,
         -0.18880285, -0.44539885],
        ...,
        [ 0.78960602,  0.83473192,  0.6458018 , ...,  0.        ,
          0.49003512,  0.23814289],
        [ 0.3876092 ,  0.45779702,  0.18880285, ..., -0.49003512,
          0.        , -0.26834708],
        [ 0.62076131,  0.67958186,  0.44539885, ..., -0.23814289,
          0.26834708,  0.        ]],

       [[ 0.        , -0.16776477, -0.49143568, ...,  0.98016659,
         -0.19352909, -0.46022092],
        [ 0.16776477,  0.        , -0.33836192, ...,  0.93302791,
         -0.02619311, -0.30475593],
        [ 0.49143568,  0.33836192,  0.        , ...,  0.75625027,
          0.31359769,  0.03548598],
        ...,
        [-0.98016659, -0.93302791, -0.75625027, ...,  0.        ,
         -0.9232834 , -0.77899182],
        [ 0.19352909,  0.02619311, -0.31359769, ...,  0.9232834 ,
          0.        , -0.27970425],
        [ 0.46022092,  0.30475593, -0.03548598, ...,  0.77899182,
          0.27970425,  0.        ]],

       [[ 0.        , -0.21269428, -0.48170651, ..., -0.71481065,
         -0.64843272, -0.71972911],
        [ 0.21269428,  0.        , -0.28429356, ..., -0.54971398,
         -0.47167761, -0.55559678],
        [ 0.48170651,  0.28429356,  0.        , ..., -0.28954583,
         -0.20153307, -0.29629493],
        ...,
        [ 0.71481065,  0.54971398,  0.28954583, ...,  0.        ,
          0.09070461, -0.00705868],
        [ 0.64843272,  0.47167761,  0.20153307, ..., -0.09070461,
          0.        , -0.09773194],
        [ 0.71972911,  0.55559678,  0.29629493, ...,  0.00705868,
          0.09773194,  0.        ]],

       ...,

       [[ 0.        ,  0.30550266, -0.03330646, ..., -0.72237835,
         -0.50058921, -0.72056374],
        [-0.30550266,  0.        , -0.33704727, ..., -0.89909681,
         -0.7411257 , -0.89794656],
        [ 0.03330646,  0.33704727,  0.        , ..., -0.69894622,
         -0.47147858, -0.69706964],
        ...,
        [ 0.72237835,  0.89909681,  0.69894622, ...,  0.        ,
          0.27919562,  0.00262059],
        [ 0.50058921,  0.7411257 ,  0.47147858, ..., -0.27919562,
          0.        , -0.27667829],
        [ 0.72056374,  0.89794656,  0.69706964, ..., -0.00262059,
          0.27667829,  0.        ]],

       [[ 0.        ,  0.18136072,  0.26858013, ..., -0.83318754,
         -0.84900117, -0.85975131],
        [-0.18136072,  0.        ,  0.08942912, ..., -0.91966125,
         -0.93075125, -0.93811701],
        [-0.26858013, -0.08942912,  0.        , ..., -0.95109629,
         -0.95972193, -0.96532911],
        ...,
        [ 0.83318754,  0.91966125,  0.95109629, ...,  0.        ,
         -0.02924084, -0.0499147 ],
        [ 0.84900117,  0.93075125,  0.95972193, ...,  0.02924084,
          0.        , -0.02068897],
        [ 0.85975131,  0.93811701,  0.96532911, ...,  0.0499147 ,
          0.02068897,  0.        ]],

       [[ 0.        ,  0.20923374,  0.34319599, ...,  0.77130626,
          0.79432495,  0.84497188],
        [-0.20923374,  0.        ,  0.13907389, ...,  0.88740368,
          0.90385114,  0.93816943],
        [-0.34319599, -0.13907389,  0.        , ...,  0.94289201,
          0.95456988,  0.97719641],
        ...,
        [-0.77130626, -0.88740368, -0.94289201, ...,  0.        ,
         -0.03699614, -0.12529147],
        [-0.79432495, -0.90385114, -0.95456988, ...,  0.03699614,
          0.        , -0.08850109],
        [-0.84497188, -0.93816943, -0.97719641, ...,  0.12529147,
          0.08850109,  0.        ]]]), 'num': array([9.24601160e-01, 3.80506985e-01, 1.07528493e-05, 1.75514250e-03,
       1.77942313e-03, 1.69270660e-03, 1.73996711e-02, 6.24358992e-05,
       1.73051501e-03, 1.74742473e-03, 1.75956504e-03, 1.73433053e-06,
       1.82584620e-03, 1.66900326e-03])}
{'img': array([[[ 0.        , -0.2817071 , -0.20545565, ..., -0.45779702,
         -0.67958186, -0.23092221],
        [ 0.2817071 ,  0.        ,  0.07856249, ..., -0.18880285,
         -0.44539885,  0.05252322],
        [ 0.20545565, -0.07856249,  0.        , ..., -0.26536884,
         -0.51436174, -0.02609317],
        ...,
        [ 0.45779702,  0.18880285,  0.26536884, ...,  0.        ,
         -0.26834708,  0.24012084],
        [ 0.67958186,  0.44539885,  0.51436174, ...,  0.26834708,
          0.        ,  0.4918098 ],
        [ 0.23092221, -0.05252322,  0.02609317, ..., -0.24012084,
         -0.4918098 ,  0.        ]],

       [[ 0.        , -0.33836192, -0.08895758, ..., -0.02619311,
         -0.30475593,  0.04735729],
        [ 0.33836192,  0.        ,  0.25330994, ...,  0.31359769,
          0.03548598,  0.38254625],
        [ 0.08895758, -0.25330994,  0.        , ...,  0.06283779,
         -0.21882179,  0.13602731],
        ...,
        [ 0.02619311, -0.31359769, -0.06283779, ...,  0.        ,
         -0.27970425,  0.07350476],
        [ 0.30475593, -0.03548598,  0.21882179, ...,  0.27970425,
          0.        ,  0.34951852],
        [-0.04735729, -0.38254625, -0.13602731, ..., -0.07350476,
         -0.34951852,  0.        ]],

       [[ 0.        , -0.28429356, -0.29087533, ..., -0.47167761,
         -0.55559678, -0.63606658],
        [ 0.28429356,  0.        , -0.00687204, ..., -0.20153307,
         -0.29629493, -0.39045012],
        [ 0.29087533,  0.00687204,  0.        , ..., -0.19479728,
         -0.28972447, -0.38411433],
        ...,
        [ 0.47167761,  0.20153307,  0.19479728, ...,  0.        ,
         -0.09773194, -0.19690255],
        [ 0.55559678,  0.29629493,  0.28972447, ...,  0.09773194,
          0.        , -0.10014129],
        [ 0.63606658,  0.39045012,  0.38411433, ...,  0.19690255,
          0.10014129,  0.        ]],

       ...,

       [[ 0.        , -0.33704727, -0.22023057, ..., -0.7411257 ,
         -0.89794656, -0.77870026],
        [ 0.33704727,  0.        ,  0.12142766, ..., -0.47147858,
         -0.69706964, -0.52167458],
        [ 0.22023057, -0.12142766,  0.        , ..., -0.57507409,
         -0.77897557, -0.62140969],
        ...,
        [ 0.7411257 ,  0.47147858,  0.57507409, ...,  0.        ,
         -0.27667829, -0.05781371],
        [ 0.89794656,  0.69706964,  0.77897557, ...,  0.27667829,
          0.        ,  0.2206587 ],
        [ 0.77870026,  0.52167458,  0.62140969, ...,  0.05781371,
         -0.2206587 ,  0.        ]],

       [[ 0.        ,  0.08942912,  0.15929108, ..., -0.93075125,
         -0.93811701, -0.94294178],
        [-0.08942912,  0.        ,  0.07036557, ..., -0.95972193,
         -0.96532911, -0.9689397 ],
        [-0.15929108, -0.07036557,  0.        , ..., -0.97711236,
         -0.98130426, -0.98393916],
        ...,
        [ 0.93075125,  0.95972193,  0.97711236, ...,  0.        ,
         -0.02068897, -0.03488874],
        [ 0.93811701,  0.96532911,  0.98130426, ...,  0.02068897,
          0.        , -0.0142049 ],
        [ 0.94294178,  0.9689397 ,  0.98393916, ...,  0.03488874,
          0.0142049 ,  0.        ]],

       [[ 0.        ,  0.27666592,  0.53207696, ...,  0.79766517,
          0.84824452,  0.84917163],
        [-0.27666592,  0.        ,  0.27705603, ...,  0.9333866 ,
          0.96165788,  0.96213717],
        [-0.53207696, -0.27705603,  0.        , ...,  0.99627581,
          0.99999575,  0.99998909],
        ...,
        [-0.79766517, -0.9333866 , -0.99627581, ...,  0.        ,
         -0.08912945, -0.09087536],
        [-0.84824452, -0.96165788, -0.99999575, ...,  0.08912945,
          0.        , -0.00175302],
        [-0.84917163, -0.96213717, -0.99998909, ...,  0.09087536,
          0.00175302,  0.        ]]]), 'num': array([9.37424274e-01, 3.47979572e-01, 1.16261282e-05, 1.78079970e-03,
       1.81592396e-03, 1.76323758e-03, 1.09890796e-02, 3.51242545e-06,
       1.74181178e-03, 1.76929651e-03, 1.78129730e-03, 1.80667861e-06,
       1.84859083e-03, 1.69000219e-03])}
{'img': array([[[ 0.00000000e+00,  7.85624910e-02,  2.81707099e-01, ...,
         -4.45398855e-01,  5.25232181e-02,  7.85624910e-02],
        [-7.85624910e-02,  0.00000000e+00,  2.05455651e-01, ...,
         -5.14361745e-01, -2.60931726e-02,  0.00000000e+00],
        [-2.81707099e-01, -2.05455651e-01,  0.00000000e+00, ...,
         -6.79581855e-01, -2.30922208e-01, -2.05455651e-01],
        ...,
        [ 4.45398855e-01,  5.14361745e-01,  6.79581855e-01, ...,
          0.00000000e+00,  4.91809804e-01,  5.14361745e-01],
        [-5.25232181e-02,  2.60931726e-02,  2.30922208e-01, ...,
         -4.91809804e-01,  0.00000000e+00,  2.60931726e-02],
        [-7.85624910e-02,  0.00000000e+00,  2.05455651e-01, ...,
         -5.14361745e-01, -2.60931726e-02,  0.00000000e+00]],

       [[ 0.00000000e+00,  2.53309942e-01,  4.28791737e-01, ...,
          3.54859825e-02,  3.82546248e-01, -7.00343936e-02],
        [-2.53309942e-01,  0.00000000e+00,  1.85965714e-01, ...,
         -2.18821787e-01,  1.36027306e-01, -3.20438193e-01],
        [-4.28791737e-01, -1.85965714e-01,  0.00000000e+00, ...,
         -3.96463517e-01, -5.05827017e-02, -4.91008180e-01],
        ...,
        [-3.54859825e-02,  2.18821787e-01,  3.96463517e-01, ...,
          0.00000000e+00,  3.49518521e-01, -1.05389134e-01],
        [-3.82546248e-01, -1.36027306e-01,  5.05827017e-02, ...,
         -3.49518521e-01,  0.00000000e+00, -4.46314256e-01],
        [ 7.00343936e-02,  3.20438193e-01,  4.91008180e-01, ...,
          1.05389134e-01,  4.46314256e-01,  0.00000000e+00]],

       [[ 0.00000000e+00, -6.87204089e-03,  6.87488234e-03, ...,
         -2.96294933e-01, -3.90450120e-01, -4.90590960e-01],
        [ 6.87204089e-03,  0.00000000e+00,  1.37465985e-02, ...,
         -2.89724474e-01, -3.84114335e-01, -4.84591148e-01],
        [-6.87488234e-03, -1.37465985e-02,  0.00000000e+00, ...,
         -3.02854107e-01, -3.96770075e-01, -4.96570070e-01],
        ...,
        [ 2.96294933e-01,  2.89724474e-01,  3.02854107e-01, ...,
          0.00000000e+00, -1.00141290e-01, -2.10373268e-01],
        [ 3.90450120e-01,  3.84114335e-01,  3.96770075e-01, ...,
          1.00141290e-01,  0.00000000e+00, -1.11415528e-01],
        [ 4.90590960e-01,  4.84591148e-01,  4.96570070e-01, ...,
          2.10373268e-01,  1.11415528e-01,  0.00000000e+00]],

       ...,

       [[ 0.00000000e+00,  1.21427661e-01,  2.16721515e-01, ...,
         -6.97069640e-01, -5.21674583e-01, -4.69221098e-01],
        [-1.21427661e-01,  0.00000000e+00,  9.65760908e-02, ...,
         -7.78975571e-01, -6.21409687e-01, -5.72979421e-01],
        [-2.16721515e-01, -9.65760908e-02,  0.00000000e+00, ...,
         -8.35892782e-01, -6.94170968e-01, -6.49451932e-01],
        ...,
        [ 6.97069640e-01,  7.78975571e-01,  8.35892782e-01, ...,
          0.00000000e+00,  2.20658701e-01,  2.79135624e-01],
        [ 5.21674583e-01,  6.21409687e-01,  6.94170968e-01, ...,
         -2.20658701e-01,  0.00000000e+00,  6.03673436e-02],
        [ 4.69221098e-01,  5.72979421e-01,  6.49451932e-01, ...,
         -2.79135624e-01, -6.03673436e-02,  0.00000000e+00]],

       [[ 0.00000000e+00,  7.03655729e-02,  2.32373722e-01, ...,
         -9.65329109e-01, -9.68939701e-01, -9.70805808e-01],
        [-7.03655729e-02,  0.00000000e+00,  1.63358304e-01, ...,
         -9.81304256e-01, -9.83939164e-01, -9.85277809e-01],
        [-2.32373722e-01, -1.63358304e-01,  0.00000000e+00, ...,
         -9.99562615e-01, -9.99881850e-01, -9.99970269e-01],
        ...,
        [ 9.65329109e-01,  9.81304256e-01,  9.99562615e-01, ...,
          0.00000000e+00, -1.42049023e-02, -2.18647063e-02],
        [ 9.68939701e-01,  9.83939164e-01,  9.99881850e-01, ...,
          1.42049023e-02,  0.00000000e+00, -7.66099379e-03],
        [ 9.70805808e-01,  9.85277809e-01,  9.99970269e-01, ...,
          2.18647063e-02,  7.66099379e-03,  0.00000000e+00]],

       [[ 0.00000000e+00,  4.68515578e-01,  5.16933476e-01, ...,
          8.54019266e-01,  8.54941784e-01,  8.55293925e-01],
        [-4.68515578e-01,  0.00000000e+00,  5.56262696e-02, ...,
          9.98228983e-01,  9.98333051e-01,  9.98372023e-01],
        [-5.16933476e-01, -5.56262696e-02,  0.00000000e+00, ...,
          9.99992516e-01,  9.99997810e-01,  9.99999001e-01],
        ...,
        [-8.54019266e-01, -9.98228983e-01, -9.99992516e-01, ...,
          0.00000000e+00, -1.77583883e-03, -2.45507748e-03],
        [-8.54941784e-01, -9.98333051e-01, -9.99997810e-01, ...,
          1.77583883e-03,  0.00000000e+00, -6.79240129e-04],
        [-8.55293925e-01, -9.98372023e-01, -9.99999001e-01, ...,
          2.45507748e-03,  6.79240129e-04,  0.00000000e+00]]]), 'num': array([ 9.97432303e-01,  6.94528623e-02,  1.84488954e-05,  1.89383559e-03,
        1.93525148e-03,  1.87689273e-03,  1.66203840e-02, -1.50603228e-05,
        1.88329337e-03,  1.89760067e-03,  1.90936655e-03,  1.79342601e-06,
        1.98193344e-03,  1.81326791e-03])}
{'img': array([[[ 0.00000000e+00,  2.05455651e-01,  2.30729851e-01, ...,
         -2.60931726e-02,  0.00000000e+00, -1.04941502e-01],
        [-2.05455651e-01,  0.00000000e+00,  2.58955431e-02, ...,
         -2.30922208e-01, -2.05455651e-01, -3.07023931e-01],
        [-2.30729851e-01, -2.58955431e-02,  0.00000000e+00, ...,
         -2.56040414e-01, -2.30729851e-01, -3.31565807e-01],
        ...,
        [ 2.60931726e-02,  2.30922208e-01,  2.56040414e-01, ...,
          0.00000000e+00,  2.60931726e-02, -7.89566749e-02],
        [ 0.00000000e+00,  2.05455651e-01,  2.30729851e-01, ...,
         -2.60931726e-02,  0.00000000e+00, -1.04941502e-01],
        [ 1.04941502e-01,  3.07023931e-01,  3.31565807e-01, ...,
          7.89566749e-02,  1.04941502e-01,  0.00000000e+00]],

       [[ 0.00000000e+00,  1.85965714e-01,  3.65638014e-01, ...,
          1.36027306e-01, -3.20438193e-01,  1.85930109e-03],
        [-1.85965714e-01,  0.00000000e+00,  1.86170994e-01, ...,
         -5.05827017e-02, -4.91008180e-01, -1.84138525e-01],
        [-3.65638014e-01, -1.86170994e-01,  0.00000000e+00, ...,
         -2.35631055e-01, -6.44607845e-01, -3.63906824e-01],
        ...,
        [-1.36027306e-01,  5.05827017e-02,  2.35631055e-01, ...,
          0.00000000e+00, -4.46314256e-01, -1.34185052e-01],
        [ 3.20438193e-01,  4.91008180e-01,  6.44607845e-01, ...,
          4.46314256e-01,  0.00000000e+00,  3.22198898e-01],
        [-1.85930109e-03,  1.84138525e-01,  3.63906824e-01, ...,
          1.34185052e-01, -3.22198898e-01,  0.00000000e+00]],

       [[ 0.00000000e+00,  1.37465985e-02,  4.12700676e-02, ...,
         -3.84114335e-01, -4.84591148e-01, -3.40359982e-01],
        [-1.37465985e-02,  0.00000000e+00,  2.75312812e-02, ...,
         -3.96770075e-01, -4.96570070e-01, -3.53253683e-01],
        [-4.12700676e-02, -2.75312812e-02,  0.00000000e+00, ...,
         -4.21891136e-01, -5.20278901e-01, -3.78876052e-01],
        ...,
        [ 3.84114335e-01,  3.96770075e-01,  4.21891136e-01, ...,
          0.00000000e+00, -1.11415528e-01,  4.69314207e-02],
        [ 4.84591148e-01,  4.96570070e-01,  5.20278901e-01, ...,
          1.11415528e-01,  0.00000000e+00,  1.57931982e-01],
        [ 3.40359982e-01,  3.53253683e-01,  3.78876052e-01, ...,
         -4.69314207e-02, -1.57931982e-01,  0.00000000e+00]],

       ...,

       [[ 0.00000000e+00,  9.65760908e-02,  0.00000000e+00, ...,
         -6.21409687e-01, -5.72979421e-01, -6.95780591e-01],
        [-9.65760908e-02,  0.00000000e+00, -9.65760908e-02, ...,
         -6.94170968e-01, -6.49451932e-01, -7.61894438e-01],
        [ 0.00000000e+00,  9.65760908e-02,  0.00000000e+00, ...,
         -6.21409687e-01, -5.72979421e-01, -6.95780591e-01],
        ...,
        [ 6.21409687e-01,  6.94170968e-01,  6.21409687e-01, ...,
          0.00000000e+00,  6.03673436e-02, -9.88039777e-02],
        [ 5.72979421e-01,  6.49451932e-01,  5.72979421e-01, ...,
         -6.03673436e-02,  0.00000000e+00, -1.58695743e-01],
        [ 6.95780591e-01,  7.61894438e-01,  6.95780591e-01, ...,
          9.88039777e-02,  1.58695743e-01,  0.00000000e+00]],

       [[ 0.00000000e+00,  1.63358304e-01,  3.11374764e-01, ...,
         -9.83939164e-01, -9.85277809e-01, -9.83691419e-01],
        [-1.63358304e-01,  0.00000000e+00,  1.51954702e-01, ...,
         -9.99881850e-01, -9.99970269e-01, -9.99859641e-01],
        [-3.11374764e-01, -1.51954702e-01,  0.00000000e+00, ...,
         -9.90606469e-01, -9.89529806e-01, -9.90794588e-01],
        ...,
        [ 9.83939164e-01,  9.99881850e-01,  9.90606469e-01, ...,
          0.00000000e+00, -7.66099379e-03,  1.38262974e-03],
        [ 9.85277809e-01,  9.99970269e-01,  9.89529806e-01, ...,
          7.66099379e-03,  0.00000000e+00,  9.04357564e-03],
        [ 9.83691419e-01,  9.99859641e-01,  9.90794588e-01, ...,
         -1.38262974e-03, -9.04357564e-03,  0.00000000e+00]],

       [[ 0.00000000e+00,  2.39594533e-01,  5.05848937e-01, ...,
          8.72315468e-01,  8.72660889e-01,  8.63173212e-01],
        [-2.39594533e-01,  0.00000000e+00,  2.84435561e-01, ...,
          9.64055754e-01,  9.64243339e-01,  9.59004777e-01],
        [-5.05848937e-01, -2.84435561e-01,  0.00000000e+00, ...,
          9.99810122e-01,  9.99796097e-01,  9.99999405e-01],
        ...,
        [-8.72315468e-01, -9.64055754e-01, -9.99810122e-01, ...,
          0.00000000e+00, -7.06910525e-04,  1.83960735e-02],
        [-8.72660889e-01, -9.64243339e-01, -9.99796097e-01, ...,
          7.06910525e-04,  0.00000000e+00,  1.91028598e-02],
        [-8.63173212e-01, -9.59004777e-01, -9.99999405e-01, ...,
         -1.83960735e-02, -1.91028598e-02,  0.00000000e+00]]]), 'num': array([ 9.99578583e-01,  2.03289862e-02,  1.95459001e-05,  1.89777054e-03,
        1.93186222e-03,  1.87504275e-03,  2.00073122e-02, -7.57593029e-06,
        1.89777054e-03,  1.90970263e-03,  1.92059303e-03,  1.68483112e-06,
        1.99408247e-03,  1.82532278e-03])}
{'img': array([[[ 0.        ,  0.02589554,  0.02589554, ..., -0.20545565,
         -0.30702393, -0.35750164],
        [-0.02589554,  0.        ,  0.        , ..., -0.23072985,
         -0.33156581, -0.38156593],
        [-0.02589554,  0.        ,  0.        , ..., -0.23072985,
         -0.33156581, -0.38156593],
        ...,
        [ 0.20545565,  0.23072985,  0.23072985, ...,  0.        ,
         -0.1049415 , -0.15799725],
        [ 0.30702393,  0.33156581,  0.33156581, ...,  0.1049415 ,
          0.        , -0.05350147],
        [ 0.35750164,  0.38156593,  0.38156593, ...,  0.15799725,
          0.05350147,  0.        ]],

       [[ 0.        ,  0.18617099, -0.29706046, ..., -0.49100818,
         -0.18413853,  0.00675832],
        [-0.18617099,  0.        , -0.46963405, ..., -0.64460785,
         -0.36390682, -0.17952658],
        [ 0.29706046,  0.46963405,  0.        , ..., -0.21005773,
          0.11615455,  0.30350691],
        ...,
        [ 0.49100818,  0.64460785,  0.21005773, ...,  0.        ,
          0.3221989 ,  0.49688451],
        [ 0.18413853,  0.36390682, -0.11615455, ..., -0.3221989 ,
          0.        ,  0.19077707],
        [-0.00675832,  0.17952658, -0.30350691, ..., -0.49688451,
         -0.19077707,  0.        ]],

       [[ 0.        ,  0.02753128,  0.03442207, ..., -0.49657007,
         -0.35325368, -0.32639847],
        [-0.02753128,  0.        ,  0.00689405, ..., -0.5202789 ,
         -0.37887605, -0.3522982 ],
        [-0.03442207, -0.00689405,  0.        , ..., -0.52615403,
         -0.38524713, -0.35874189],
        ...,
        [ 0.49657007,  0.5202789 ,  0.52615403, ...,  0.        ,
          0.15793198,  0.18606128],
        [ 0.35325368,  0.37887605,  0.38524713, ..., -0.15793198,
          0.        ,  0.02855201],
        [ 0.32639847,  0.3522982 ,  0.35874189, ..., -0.18606128,
         -0.02855201,  0.        ]],

       ...,

       [[ 0.        , -0.09657609, -0.00297655, ..., -0.64945193,
         -0.76189444, -0.84070337],
        [ 0.09657609,  0.        ,  0.09361303, ..., -0.57297942,
         -0.69578059, -0.78447802],
        [ 0.00297655, -0.09361303,  0.        , ..., -0.64718568,
         -0.75996315, -0.83908785],
        ...,
        [ 0.64945193,  0.57297942,  0.64718568, ...,  0.        ,
         -0.15869574, -0.28759748],
        [ 0.76189444,  0.69578059,  0.75996315, ...,  0.15869574,
          0.        , -0.13196185],
        [ 0.84070337,  0.78447802,  0.83908785, ...,  0.28759748,
          0.13196185,  0.        ]],

       [[ 0.        ,  0.1519547 ,  0.31757788, ..., -0.99997027,
         -0.99985964, -0.99981504],
        [-0.1519547 ,  0.        ,  0.16980165, ..., -0.98952981,
         -0.99079459, -0.99112713],
        [-0.31757788, -0.16980165,  0.        , ..., -0.95065287,
         -0.95341982, -0.95416466],
        ...,
        [ 0.99997027,  0.98952981,  0.95065287, ...,  0.        ,
          0.00904358,  0.01152243],
        [ 0.99985964,  0.99079459,  0.95341982, ..., -0.00904358,
          0.        ,  0.00247898],
        [ 0.99981504,  0.99112713,  0.95416466, ..., -0.01152243,
         -0.00247898,  0.        ]],

       [[ 0.        ,  0.45566912,  0.60838722, ...,  0.87684957,
          0.86741173,  0.86150082],
        [-0.45566912,  0.        ,  0.17991802, ...,  0.99959666,
          0.99886278,  0.9982331 ],
        [-0.60838722, -0.17991802,  0.        , ...,  0.98839438,
          0.991141  ,  0.99263418],
        ...,
        [-0.87684957, -0.99959666, -0.98839438, ...,  0.        ,
          0.01929148,  0.03104649],
        [-0.86741173, -0.99886278, -0.991141  , ..., -0.01929148,
          0.        ,  0.01175853],
        [-0.86150082, -0.9982331 , -0.99263418, ..., -0.03104649,
         -0.01175853,  0.        ]]]), 'num': array([9.99685065e-01, 1.24200437e-02, 1.92074907e-05, 1.89858658e-03,
       1.89858658e-03, 1.84687410e-03, 2.11524707e-02, 4.80187267e-05,
       1.86977534e-03, 1.86617394e-03, 1.87276112e-03, 1.82552296e-06,
       1.94742360e-03, 1.78492428e-03])}
{'img': array([[[ 0.        ,  0.        , -0.17991053, ..., -0.33156581,
         -0.38156593, -0.05172614],
        [ 0.        ,  0.        , -0.17991053, ..., -0.33156581,
         -0.38156593, -0.05172614],
        [ 0.17991053,  0.17991053,  0.        , ..., -0.15642227,
         -0.20904112,  0.12878756],
        ...,
        [ 0.33156581,  0.33156581,  0.15642227, ...,  0.        ,
         -0.05350147,  0.28232185],
        [ 0.38156593,  0.38156593,  0.20904112, ...,  0.05350147,
          0.        ,  0.33324251],
        [ 0.05172614,  0.05172614, -0.12878756, ..., -0.28232185,
         -0.33324251,  0.        ]],

       [[ 0.        , -0.46963405, -0.24001214, ..., -0.36390682,
         -0.17952658, -0.08618086],
        [ 0.46963405,  0.        ,  0.24400919, ...,  0.11615455,
          0.30350691,  0.39180104],
        [ 0.24001214, -0.24400919,  0.        , ..., -0.12971399,
          0.0618337 ,  0.15545739],
        ...,
        [ 0.36390682, -0.11615455,  0.12971399, ...,  0.        ,
          0.19077707,  0.28228101],
        [ 0.17952658, -0.30350691, -0.0618337 , ..., -0.19077707,
          0.        ,  0.09407796],
        [ 0.08618086, -0.39180104, -0.15545739, ..., -0.28228101,
         -0.09407796,  0.        ]],

       [[ 0.        ,  0.00689405,  0.04143217, ..., -0.37887605,
         -0.3522982 , -0.177679  ],
        [-0.00689405,  0.        ,  0.03454306, ..., -0.38524713,
         -0.35874189, -0.18445914],
        [-0.04143217, -0.03454306,  0.        , ..., -0.41689402,
         -0.39077156, -0.21829936],
        ...,
        [ 0.37887605,  0.38524713,  0.41689402, ...,  0.        ,
          0.02855201,  0.20841499],
        [ 0.3522982 ,  0.35874189,  0.39077156, ..., -0.02855201,
          0.        ,  0.180405  ],
        [ 0.177679  ,  0.18445914,  0.21829936, ..., -0.20841499,
         -0.180405  ,  0.        ]],

       ...,

       [[ 0.        ,  0.09361303, -0.10178233, ..., -0.69578059,
         -0.78447802, -0.64019046],
        [-0.09361303,  0.        , -0.19446223, ..., -0.75996315,
         -0.83908785, -0.70929421],
        [ 0.10178233,  0.19446223,  0.        , ..., -0.61906158,
         -0.71728301, -0.55867492],
        ...,
        [ 0.69578059,  0.75996315,  0.61906158, ...,  0.        ,
         -0.13196185,  0.07469033],
        [ 0.78447802,  0.83908785,  0.71728301, ...,  0.13196185,
          0.        ,  0.2056304 ],
        [ 0.64019046,  0.70929421,  0.55867492, ..., -0.07469033,
         -0.2056304 ,  0.        ]],

       [[ 0.        ,  0.16980165,  0.15298393, ..., -0.99079459,
         -0.99112713, -0.99800138],
        [-0.16980165,  0.        , -0.01704052, ..., -0.95341982,
         -0.95416466, -0.97277854],
        [-0.15298393,  0.01704052,  0.        , ..., -0.9584216 ,
         -0.95912604, -0.9765862 ],
        ...,
        [ 0.99079459,  0.95341982,  0.9584216 , ...,  0.        ,
          0.00247898,  0.0724929 ],
        [ 0.99112713,  0.95416466,  0.95912604, ..., -0.00247898,
          0.        ,  0.07002022],
        [ 0.99800138,  0.97277854,  0.9765862 , ..., -0.0724929 ,
         -0.07002022,  0.        ]],

       [[ 0.        ,  0.44023568,  0.69499635, ...,  0.88352058,
          0.87773402,  0.84641418],
        [-0.44023568,  0.        ,  0.3074896 , ...,  0.99950047,
          0.99903993,  0.99441685],
        [-0.69499635, -0.3074896 ,  0.        , ...,  0.96079398,
          0.96410865,  0.97868606],
        ...,
        [-0.88352058, -0.99950047, -0.96079398, ...,  0.        ,
          0.0122134 ,  0.074043  ],
        [-0.87773402, -0.99903993, -0.96410865, ..., -0.0122134 ,
          0.        ,  0.06185761],
        [-0.84641418, -0.99441685, -0.97868606, ..., -0.074043  ,
         -0.06185761,  0.        ]]]), 'num': array([ 9.99669005e-01,  1.25403161e-02,  1.93934909e-05,  1.89832440e-03,
        1.94307861e-03,  1.88340633e-03,  2.18145445e-02, -1.86475874e-05,
        1.89011946e-03,  1.88499138e-03,  1.89046134e-03,  1.81178264e-06,
        1.96725472e-03,  1.80272804e-03])}
{'img': array([[[ 0.        , -0.17991053,  0.15677115, ..., -0.38156593,
         -0.05172614, -0.17991053],
        [ 0.17991053,  0.        ,  0.33189904, ..., -0.20904112,
          0.12878756,  0.        ],
        [-0.15677115, -0.33189904,  0.        , ..., -0.52175795,
         -0.20764783, -0.33189904],
        ...,
        [ 0.38156593,  0.20904112,  0.52175795, ...,  0.        ,
          0.33324251,  0.20904112],
        [ 0.05172614, -0.12878756,  0.20764783, ..., -0.33324251,
          0.        , -0.12878756],
        [ 0.17991053,  0.        ,  0.33189904, ..., -0.20904112,
          0.12878756,  0.        ]],

       [[ 0.        ,  0.24400919,  0.18735383, ...,  0.30350691,
          0.39180104,  0.41528832],
        [-0.24400919,  0.        , -0.05799772, ...,  0.0618337 ,
          0.15545739,  0.18076268],
        [-0.18735383,  0.05799772,  0.        , ...,  0.11961635,
          0.21248833,  0.23750072],
        ...,
        [-0.30350691, -0.0618337 , -0.11961635, ...,  0.        ,
          0.09407796,  0.1196017 ],
        [-0.39180104, -0.15545739, -0.21248833, ..., -0.09407796,
          0.        ,  0.02566858],
        [-0.41528832, -0.18076268, -0.23750072, ..., -0.1196017 ,
         -0.02566858,  0.        ]],

       [[ 0.        ,  0.03454306,  0.13891568, ..., -0.35874189,
         -0.18445914, -0.16413568],
        [-0.03454306,  0.        ,  0.10462464, ..., -0.39077156,
         -0.21829936, -0.1981123 ],
        [-0.13891568, -0.10462464,  0.        , ..., -0.48493261,
         -0.31920257, -0.29957593],
        ...,
        [ 0.35874189,  0.39077156,  0.48493261, ...,  0.        ,
          0.180405  ,  0.20066626],
        [ 0.18445914,  0.21829936,  0.31920257, ..., -0.180405  ,
          0.        ,  0.02063831],
        [ 0.16413568,  0.1981123 ,  0.29957593, ..., -0.20066626,
         -0.02063831,  0.        ]],

       ...,

       [[ 0.        , -0.19446223, -0.19446223, ..., -0.83908785,
         -0.70929421, -0.73367692],
        [ 0.19446223,  0.        ,  0.        , ..., -0.71728301,
         -0.55867492, -0.58753424],
        [ 0.19446223,  0.        ,  0.        , ..., -0.71728301,
         -0.55867492, -0.58753424],
        ...,
        [ 0.83908785,  0.71728301,  0.71728301, ...,  0.        ,
          0.2056304 ,  0.17104165],
        [ 0.70929421,  0.55867492,  0.55867492, ..., -0.2056304 ,
          0.        , -0.03521374],
        [ 0.73367692,  0.58753424,  0.58753424, ..., -0.17104165,
          0.03521374,  0.        ]],

       [[ 0.        , -0.01704052,  0.10880924, ..., -0.95416466,
         -0.97277854, -0.97763527],
        [ 0.01704052,  0.        ,  0.12573279, ..., -0.95912604,
         -0.9765862 , -0.98107706],
        [-0.10880924, -0.12573279,  0.        , ..., -0.91593479,
         -0.94178771, -0.94894729],
        ...,
        [ 0.95416466,  0.95912604,  0.91593479, ...,  0.        ,
          0.07002022,  0.09192068],
        [ 0.97277854,  0.9765862 ,  0.94178771, ..., -0.07002022,
          0.        ,  0.02197129],
