state_0,state_1,state_2,state_3,state_4,state_5,state_6,state_7,state_8,state_9,state_10,state_11,state_12,state_13,state_14,state_15,state_16,state_17,state_18,state_19,state_20,state_21,state_22,state_23,state_24,state_25,state_26,state_27,state_28,state_29,state_30,state_31,state_32,state_33,state_34,state_35,state_36,state_37,state_38,state_39,state_40,state_41,state_42,state_43,state_44,state_45,state_46,state_47,state_48,state_49,state_50,state_51,state_52,state_53,state_54,state_55,state_56,state_57,state_58,state_59,state_60,state_61,state_62,state_63,state_64,state_65,state_66,state_67,state_68,state_69,state_70,state_71,state_72,state_73,state_74,state_75,state_76,state_77,state_78,state_79,state_80,state_81,state_82,state_83,state_84,state_85,state_86,state_87,state_88,state_89,state_90,state_91,state_92,state_93,state_94,state_95,state_96,state_97,state_98,state_99,state_100,state_101,state_102,state_103,state_104,state_105,state_106,state_107,state_108,state_109,state_110,state_111,state_112,state_113,state_114,state_115,state_116,state_117,state_118,state_119,state_120,state_121,state_122,state_123,state_124,state_125,state_126,state_127,state_128,state_129,state_130,state_131,state_132,state_133,state_134,state_135,state_136,state_137,state_138,state_139,state_140,state_141,state_142,state_143,state_144,state_145,state_146,state_147,state_148,state_149,state_150,state_151,state_152,state_153,state_154,state_155,state_156,state_157,state_158,state_159,state_160,state_161,state_162,state_163,state_164,state_165,state_166,state_167,state_168,state_169,state_170,state_171,state_172,state_173,state_174,state_175,state_176,state_177,state_178,state_179,state_180,state_181,state_182,state_183,state_184,state_185,state_186,state_187,state_188,state_189,state_190,state_191,state_192,state_193,state_194,state_195,state_196,state_197,state_198,state_199,state_200,state_201,state_202,state_203,state_204,state_205,state_206,state_207,state_208,state_209,state_210,state_211,state_212,state_213,state_214,state_215,state_216,state_217,state_218,state_219,state_220,state_221,state_222,state_223,state_224,state_225,state_226,state_227,state_228,state_229,state_230,state_231,state_232,state_233,state_234,state_235,state_236,state_237,state_238,state_239,state_240,state_241,state_242,state_243,state_244,state_245,state_246,state_247,state_248,state_249,state_250,state_251,state_252,state_253,state_254,state_255,state_256,state_257,state_258,state_259,state_260,state_261,state_262,state_263,state_264,state_265,state_266,state_267,state_268,state_269,state_270,state_271,state_272,state_273,state_274,state_275,state_276,state_277,state_278,state_279,state_280,state_281,state_282,state_283,state_284,state_285,state_286,state_287
{'img': array([[[ 0.        ,  0.06300872,  0.48435348, ..., -0.524294  ,
         -0.53336302, -0.90389914],
        [-0.06300872,  0.        ,  0.42826647, ..., -0.57690649,
         -0.58560144, -0.92905477],
        [-0.48435348, -0.42826647,  0.        , ..., -0.87113541,
         -0.87633263, -0.9979765 ],
        ...,
        [ 0.524294  ,  0.57690649,  0.87113541, ...,  0.        ,
         -0.01068532, -0.54543936],
        [ 0.53336302,  0.58560144,  0.87633263, ...,  0.01068532,
          0.        , -0.53645231],
        [ 0.90389914,  0.92905477,  0.9979765 , ...,  0.54543936,
          0.53645231,  0.        ]],

       [[ 0.        , -0.99778383, -0.90243375, ..., -0.57996643,
         -0.42328331, -0.82298748],
        [ 0.99778383,  0.        , -0.36982686, ..., -0.77424463,
         -0.8758247 , -0.51203987],
        [ 0.90243375,  0.36982686,  0.        , ..., -0.48529282,
         -0.63524003, -0.1580695 ],
        ...,
        [ 0.57996643,  0.77424463,  0.48529282, ...,  0.        ,
         -0.18062439,  0.34098338],
        [ 0.42328331,  0.8758247 ,  0.63524003, ...,  0.18062439,
          0.        ,  0.50517438],
        [ 0.82298748,  0.51203987,  0.1580695 , ..., -0.34098338,
         -0.50517438,  0.        ]],

       [[ 0.        ,  0.65181906,  0.9007313 , ...,  0.92832337,
          0.92062634,  0.90126012],
        [-0.65181906,  0.        ,  0.39995664, ...,  0.46168757,
          0.44368019,  0.40107358],
        [-0.9007313 , -0.39995664,  0.        , ...,  0.0683738 ,
          0.04821278,  0.00121898],
        ...,
        [-0.92832337, -0.46168757, -0.0683738 , ...,  0.        ,
         -0.02019434, -0.06715762],
        [-0.92062634, -0.44368019, -0.04821278, ...,  0.02019434,
          0.        , -0.04699518],
        [-0.90126012, -0.40107358, -0.00121898, ...,  0.06715762,
          0.04699518,  0.        ]],

       ...,

       [[ 0.        ,  0.25753396,  0.41284843, ..., -0.94710772,
         -0.92175281, -0.58230162],
        [-0.25753396,  0.        ,  0.16436088, ..., -0.99780779,
         -0.99052739, -0.35329203],
        [-0.41284843, -0.16436088,  0.        , ..., -0.99511506,
         -0.99962575, -0.19472561],
        ...,
        [ 0.94710772,  0.99780779,  0.99511506, ...,  0.        ,
          0.07146246, -0.95684265],
        [ 0.92175281,  0.99052739,  0.99962575, ..., -0.07146246,
          0.        , -0.97516374],
        [ 0.58230162,  0.35329203,  0.19472561, ...,  0.95684265,
          0.97516374,  0.        ]],

       [[ 0.        ,  0.63755957,  0.8843242 , ...,  0.99999783,
          0.99999999,  0.99999951],
        [-0.63755957,  0.        ,  0.38362474, ...,  0.77172747,
          0.77046762,  0.76976862],
        [-0.8843242 , -0.38362474,  0.        , ...,  0.46871443,
          0.46696566,  0.4659964 ],
        ...,
        [-0.99999783, -0.77172747, -0.46871443, ...,  0.        ,
         -0.00197867, -0.00307445],
        [-0.99999999, -0.77046762, -0.46696566, ...,  0.00197867,
          0.        , -0.00109579],
        [-0.99999951, -0.76976862, -0.4659964 , ...,  0.00307445,
          0.00109579,  0.        ]],

       [[ 0.        , -0.13424226, -0.28425296, ...,  0.89214452,
          0.87590704,  0.85018793],
        [ 0.13424226,  0.        , -0.15297538, ...,  0.94471327,
          0.932748  ,  0.91316827],
        [ 0.28425296,  0.15297538,  0.        , ...,  0.98375426,
          0.97692162,  0.96477041],
        ...,
        [-0.89214452, -0.94471327, -0.98375426, ...,  0.        ,
         -0.03475071, -0.08562317],
        [-0.87590704, -0.932748  , -0.97692162, ...,  0.03475071,
          0.        , -0.05094836],
        [-0.85018793, -0.91316827, -0.96477041, ...,  0.08562317,
          0.05094836,  0.        ]]]), 'num': array([ 9.99446861e-01,  9.13624030e-03,  6.74139293e-05,  8.67172173e-04,
        8.78388150e-04,  8.61859341e-04,  3.18732703e-02, -1.29869216e-05,
        8.87478995e-04,  9.27679421e-04,  9.71106899e-04,  1.10797513e-06,
        1.00388856e-03,  8.51470284e-04])}
{'img': array([[[ 0.        ,  0.40047488,  0.50868205, ..., -0.50688039,
         -0.70653882, -0.95761733],
        [-0.40047488,  0.        ,  0.12131867, ..., -0.80967434,
         -0.93081276, -0.99282635],
        [-0.50868205, -0.12131867,  0.        , ..., -0.8748932 ,
         -0.96827895, -0.97098745],
        ...,
        [ 0.50688039,  0.80967434,  0.8748932 , ...,  0.        ,
         -0.25034182, -0.67947825],
        [ 0.70653882,  0.93081276,  0.96827895, ...,  0.25034182,
          0.        , -0.47416726],
        [ 0.95761733,  0.99282635,  0.97098745, ...,  0.67947825,
          0.47416726,  0.        ]],

       [[ 0.        , -0.46715996, -0.06195092, ..., -0.96423421,
         -0.62816064, -0.6135782 ],
        [ 0.46715996,  0.        ,  0.41148732, ..., -0.72872815,
         -0.19191302, -0.1736238 ],
        [ 0.06195092, -0.41148732,  0.        , ..., -0.94596191,
         -0.57875106, -0.56348109],
        ...,
        [ 0.96423421,  0.72872815,  0.94596191, ...,  0.        ,
          0.58375987,  0.59876215],
        [ 0.62816064,  0.19191302,  0.57875106, ..., -0.58375987,
          0.        ,  0.01860179],
        [ 0.6135782 ,  0.1736238 ,  0.56348109, ..., -0.59876215,
         -0.01860179,  0.        ]],

       [[ 0.        ,  0.7753919 ,  0.9814428 , ...,  0.81353814,
          0.7764076 ,  0.66408429],
        [-0.7753919 ,  0.        ,  0.47107642, ...,  0.06283398,
          0.00161003, -0.16037157],
        [-0.9814428 , -0.47107642,  0.        , ..., -0.4147202 ,
         -0.46965562, -0.60644169],
        ...,
        [-0.81353814, -0.06283398,  0.4147202 , ...,  0.        ,
         -0.06122706, -0.22207538],
        [-0.7764076 , -0.00161003,  0.46965562, ...,  0.06122706,
          0.        , -0.16196055],
        [-0.66408429,  0.16037157,  0.60644169, ...,  0.22207538,
          0.16196055,  0.        ]],

       ...,

       [[ 0.        ,  0.16436088,  0.11454791, ..., -0.99052739,
         -0.35329203, -0.35329203],
        [-0.16436088,  0.        , -0.05028892, ..., -0.99962575,
         -0.19472561, -0.19472561],
        [-0.11454791,  0.05028892,  0.        , ..., -0.99973665,
         -0.2438055 , -0.2438055 ],
        ...,
        [ 0.99052739,  0.99962575,  0.99973665, ...,  0.        ,
         -0.97516374, -0.97516374],
        [ 0.35329203,  0.19472561,  0.2438055 , ...,  0.97516374,
          0.        ,  0.        ],
        [ 0.35329203,  0.19472561,  0.2438055 , ...,  0.97516374,
          0.        ,  0.        ]],

       [[ 0.        ,  0.753796  ,  0.93757689, ...,  0.99157033,
          0.99140779,  0.99309324],
        [-0.753796  ,  0.        ,  0.35393605, ...,  0.55390027,
          0.55286034,  0.56412875],
        [-0.93757689, -0.35393605,  0.        , ...,  0.22336495,
          0.2221478 ,  0.23537215],
        ...,
        [-0.99157033, -0.55390027, -0.22336495, ...,  0.        ,
         -0.00124853,  0.01233586],
        [-0.99140779, -0.55286034, -0.2221478 , ...,  0.00124853,
          0.        ,  0.01358428],
        [-0.99309324, -0.56412875, -0.23537215, ..., -0.01233586,
         -0.01358428,  0.        ]],

       [[ 0.        , -0.15297538, -0.3187363 , ...,  0.932748  ,
          0.91316827,  0.88631006],
        [ 0.15297538,  0.        , -0.16998806, ...,  0.97692162,
          0.96477041,  0.94671991],
        [ 0.3187363 ,  0.16998806,  0.        , ...,  0.99901275,
          0.99545197,  0.98768749],
        ...,
        [-0.932748  , -0.97692162, -0.99901275, ...,  0.        ,
         -0.05094836, -0.11240794],
        [-0.91316827, -0.96477041, -0.99545197, ...,  0.05094836,
          0.        , -0.06163649],
        [-0.88631006, -0.94671991, -0.98768749, ...,  0.11240794,
          0.06163649,  0.        ]]]), 'num': array([ 7.07072767e-01,  7.07072767e-01,  0.00000000e+00,  2.51269517e-04,
        2.55580937e-04,  2.47647925e-04,  9.78004081e-03, -2.06948127e-06,
        2.57098556e-04,  2.70032814e-04,  2.83291866e-04,  3.14025765e-07,
        2.93903373e-04,  2.46162255e-04])}
{'img': array([[[ 0.        ,  0.11811056,  0.34998353, ..., -0.89621374,
         -0.97815584, -0.98908167],
        [-0.11811056,  0.        ,  0.23689305, ..., -0.94233715,
         -0.99586118, -0.96475278],
        [-0.34998353, -0.23689305,  0.        , ..., -0.99479404,
         -0.98904531, -0.87495152],
        ...,
        [ 0.89621374,  0.94233715,  0.99479404, ...,  0.        ,
         -0.24763338, -0.5708525 ],
        [ 0.97815584,  0.99586118,  0.98904531, ...,  0.24763338,
          0.        , -0.34975258],
        [ 0.98908167,  0.96475278,  0.87495152, ...,  0.5708525 ,
          0.34975258,  0.        ]],

       [[ 0.        ,  0.41148732, -0.18529085, ..., -0.19191302,
         -0.1736238 , -0.12136638],
        [-0.41148732,  0.        , -0.57323884, ..., -0.57875106,
         -0.56348109, -0.51906071],
        [ 0.18529085,  0.57323884,  0.        , ..., -0.00674315,
          0.01185938,  0.06465636],
        ...,
        [ 0.19191302,  0.57875106,  0.00674315, ...,  0.        ,
          0.01860179,  0.07138394],
        [ 0.1736238 ,  0.56348109, -0.01185938, ..., -0.01860179,
          0.        ,  0.05281725],
        [ 0.12136638,  0.51906071, -0.06465636, ..., -0.07138394,
         -0.05281725,  0.        ]],

       [[ 0.        ,  0.56073221,  0.87461121, ...,  0.00221235,
         -0.24479837, -0.61747092],
        [-0.56073221,  0.        ,  0.45231867, ..., -0.55889902,
         -0.74636375, -0.95233263],
        [-0.87461121, -0.45231867,  0.        , ..., -0.87353646,
         -0.96668465, -0.98732898],
        ...,
        [-0.00221235,  0.55889902,  0.87353646, ...,  0.        ,
         -0.24694281, -0.61920963],
        [ 0.24479837,  0.74636375,  0.96668465, ...,  0.24694281,
          0.        , -0.4061269 ],
        [ 0.61747092,  0.95233263,  0.98732898, ...,  0.61920963,
          0.4061269 ,  0.        ]],

       ...,

       [[ 0.        , -0.0500736 ,  0.19390924, ..., -0.37020876,
         -0.37020876, -0.19390924],
        [ 0.0500736 ,  0.        ,  0.24278916, ..., -0.41626014,
         -0.41626014, -0.24278916],
        [-0.19390924, -0.24278916,  0.        , ..., -0.18305029,
         -0.18305029, -0.        ],
        ...,
        [ 0.37020876,  0.41626014,  0.18305029, ...,  0.        ,
          0.        , -0.18305029],
        [ 0.37020876,  0.41626014,  0.18305029, ...,  0.        ,
          0.        , -0.18305029],
        [ 0.19390924,  0.24278916,  0.        , ...,  0.18305029,
          0.18305029,  0.        ]],

       [[ 0.        ,  0.77929086,  0.96915656, ...,  0.9310875 ,
          0.93729871,  0.94608494],
        [-0.77929086,  0.        ,  0.41528096, ...,  0.29919538,
          0.31576589,  0.34044903],
        [-0.96915656, -0.41528096,  0.        , ..., -0.12408171,
         -0.10678391, -0.08076914],
        ...,
        [-0.9310875 , -0.29919538,  0.12408171, ...,  0.        ,
          0.01741355,  0.04353135],
        [-0.93729871, -0.31576589,  0.10678391, ..., -0.01741355,
          0.        ,  0.02612771],
        [-0.94608494, -0.34044903,  0.08076914, ..., -0.04353135,
         -0.02612771,  0.        ]],

       [[ 0.        , -0.16998806, -0.55350382, ...,  0.96477041,
          0.94671991,  0.92525338],
        [ 0.16998806,  0.        , -0.4038742 , ...,  0.99545197,
          0.98768749,  0.97627227],
        [ 0.55350382,  0.4038742 ,  0.        , ...,  0.94912891,
          0.96673288,  0.98056567],
        ...,
        [-0.96477041, -0.99545197, -0.94912891, ...,  0.        ,
         -0.06163649, -0.12255742],
        [-0.94671991, -0.98768749, -0.96673288, ...,  0.06163649,
          0.        , -0.06115256],
        [-0.92525338, -0.97627227, -0.98056567, ...,  0.12255742,
          0.06115256,  0.        ]]]), 'num': array([ 7.06973183e-01,  7.06973183e-01,  0.00000000e+00,  2.35370340e-04,
        2.51406561e-04,  2.35370340e-04,  1.94242779e-02, -1.58637885e-05,
        2.51751426e-04,  2.68391161e-04,  2.82361066e-04,  1.73703485e-07,
        2.96636949e-04,  2.40145372e-04])}
{'img': array([[[ 0.        ,  0.20419422, -0.03680539, ..., -0.84815558,
         -0.87968557, -0.9135263 ],
        [-0.20419422,  0.        , -0.24008578, ..., -0.93845659,
         -0.95825668, -0.81121661],
        [ 0.03680539,  0.24008578,  0.        , ..., -0.82808336,
         -0.86158653, -0.92787903],
        ...,
        [ 0.84815558,  0.93845659,  0.82808336, ...,  0.        ,
         -0.0626657 , -0.82895046],
        [ 0.87968557,  0.95825668,  0.86158653, ...,  0.0626657 ,
          0.        , -0.79227091],
        [ 0.9135263 ,  0.81121661,  0.92787903, ...,  0.82895046,
          0.79227091,  0.        ]],

       [[ 0.        , -0.57323884, -0.6704357 , ..., -0.56348109,
         -0.51906071,  0.49657927],
        [ 0.57323884,  0.        , -0.12402253, ...,  0.01185938,
          0.06465636,  0.90445763],
        [ 0.6704357 ,  0.12402253,  0.        , ...,  0.13578162,
          0.1879202 ,  0.95037815],
        ...,
        [ 0.56348109, -0.01185938, -0.13578162, ...,  0.        ,
          0.05281725,  0.89933524],
        [ 0.51906071, -0.06465636, -0.1879202 , ..., -0.05281725,
          0.        ,  0.87498509],
        [-0.49657927, -0.90445763, -0.95037815, ..., -0.89933524,
         -0.87498509,  0.        ]],

       [[ 0.        ,  0.41039229,  0.52391871, ..., -0.59617937,
         -0.68997082, -0.98353953],
        [-0.41039229,  0.        ,  0.1282071 , ..., -0.87314535,
         -0.92624785, -0.97105367],
        [-0.52391871, -0.1282071 ,  0.        , ..., -0.92843547,
         -0.96692709, -0.93241625],
        ...,
        [ 0.59617937,  0.87314535,  0.92843547, ...,  0.        ,
         -0.12240715, -0.68191048],
        [ 0.68997082,  0.92624785,  0.96692709, ...,  0.12240715,
          0.        , -0.58724954],
        [ 0.98353953,  0.97105367,  0.93241625, ...,  0.68191048,
          0.58724954,  0.        ]],

       ...,

       [[ 0.        ,  0.22933139, -0.41348637, ..., -0.80098557,
         -0.78653018, -0.22933139],
        [-0.22933139,  0.        , -0.6112749 , ..., -0.64234108,
         -0.62394387, -0.        ],
        [ 0.41348637,  0.6112749 ,  0.        , ..., -0.97685315,
         -0.97149311, -0.6112749 ],
        ...,
        [ 0.80098557,  0.64234108,  0.97685315, ...,  0.        ,
         -0.02376736, -0.64234108],
        [ 0.78653018,  0.62394387,  0.97149311, ...,  0.02376736,
          0.        , -0.62394387],
        [ 0.22933139,  0.        ,  0.6112749 , ...,  0.64234108,
          0.62394387,  0.        ]],

       [[ 0.        ,  0.84641777,  0.97222524, ...,  0.75299219,
          0.7783964 ,  0.86997271],
        [-0.84641777,  0.        ,  0.31962716, ..., -0.15598485,
         -0.11684708,  0.04590887],
        [-0.97222524, -0.31962716,  0.        , ..., -0.46351716,
         -0.42815537, -0.27578951],
        ...,
        [-0.75299219,  0.15598485,  0.46351716, ...,  0.        ,
          0.03949953,  0.2011673 ],
        [-0.7783964 ,  0.11684708,  0.42815537, ..., -0.03949953,
          0.        ,  0.16231827],
        [-0.86997271, -0.04590887,  0.27578951, ..., -0.2011673 ,
         -0.16231827,  0.        ]],

       [[ 0.        , -0.4038742 , -0.24098851, ...,  0.98768749,
          0.97627227,  0.93687234],
        [ 0.4038742 ,  0.        ,  0.17151142, ...,  0.96673288,
          0.98056567,  0.99828777],
        [ 0.24098851, -0.17151142,  0.        , ...,  0.99627853,
          0.9996848 ,  0.99352764],
        ...,
        [-0.98768749, -0.96673288, -0.99627853, ...,  0.        ,
         -0.06115256, -0.19880213],
        [-0.97627227, -0.98056567, -0.9996848 , ...,  0.06115256,
          0.        , -0.13849812],
        [-0.93687234, -0.99828777, -0.99352764, ...,  0.19880213,
          0.13849812,  0.        ]]]), 'num': array([ 9.87829880e-01,  1.54852208e-01,  6.15652381e-05,  3.28461227e-04,
        3.34773121e-04,  3.26519106e-04,  1.45564160e-02, -2.91318161e-06,
        3.46425847e-04,  3.74987165e-04,  3.96140100e-04,  2.80376634e-07,
        4.19967103e-04,  3.30007227e-04])}
{'img': array([[[ 0.        , -0.2361386 , -0.12292357, ..., -0.94711564,
         -0.94889429, -0.80369511],
        [ 0.2361386 ,  0.        ,  0.11490054, ..., -0.84455553,
         -0.99658292, -0.92147834],
        [ 0.12292357, -0.11490054,  0.        , ..., -0.9004876 ,
         -0.98049196, -0.8707446 ],
        ...,
        [ 0.94711564,  0.84455553,  0.9004876 , ...,  0.        ,
         -0.60339712, -0.82147264],
        [ 0.94889429,  0.99658292,  0.98049196, ...,  0.60339712,
          0.        , -0.31098988],
        [ 0.80369511,  0.92147834,  0.8707446 , ...,  0.82147264,
          0.31098988,  0.        ]],

       [[ 0.        , -0.12402253, -0.18833332, ...,  0.06465636,
          0.90445763,  0.12621245],
        [ 0.12402253,  0.        , -0.0650761 , ...,  0.1879202 ,
          0.95037815,  0.24826877],
        [ 0.18833332,  0.0650761 ,  0.        , ...,  0.25143859,
          0.96860862,  0.31078116],
        ...,
        [-0.06465636, -0.1879202 , -0.25143859, ...,  0.        ,
          0.87498509,  0.06180904],
        [-0.90445763, -0.95037815, -0.96860862, ..., -0.87498509,
          0.        , -0.84338727],
        [-0.12621245, -0.24826877, -0.31078116, ..., -0.06180904,
          0.84338727,  0.        ]],

       [[ 0.        ,  0.11922985,  0.26298352, ..., -0.8475476 ,
         -0.95413826, -0.95093955],
        [-0.11922985,  0.        ,  0.14607457, ..., -0.90477936,
         -0.98302549, -0.90726925],
        [-0.26298352, -0.14607457,  0.        , ..., -0.95728465,
         -0.99928131, -0.8361058 ],
        ...,
        [ 0.8475476 ,  0.90477936,  0.95728465, ...,  0.        ,
         -0.2526525 , -0.76689358],
        [ 0.95413826,  0.98302549,  0.99928131, ...,  0.2526525 ,
          0.        , -0.57986744],
        [ 0.95093955,  0.90726925,  0.8361058 , ...,  0.76689358,
          0.57986744,  0.        ]],

       ...,

       [[ 0.        , -0.6112749 , -0.62421553, ..., -0.62394387,
         -0.        , -0.27875422],
        [ 0.6112749 ,  0.        , -0.01645578, ..., -0.97149311,
         -0.6112749 , -0.80765668],
        [ 0.62421553,  0.01645578,  0.        , ..., -0.9752627 ,
         -0.62421553, -0.81725052],
        ...,
        [ 0.62394387,  0.97149311,  0.9752627 , ...,  0.        ,
         -0.62394387, -0.38137445],
        [ 0.        ,  0.6112749 ,  0.62421553, ...,  0.62394387,
          0.        ,  0.27875422],
        [ 0.27875422,  0.80765668,  0.81725052, ...,  0.38137445,
         -0.27875422,  0.        ]],

       [[ 0.        ,  0.46422009,  0.74441001, ..., -0.24734103,
          0.07889742,  0.21852656],
        [-0.46422009,  0.        ,  0.3493684 , ..., -0.66887093,
         -0.39289198, -0.25944704],
        [-0.74441001, -0.3493684 ,  0.        , ..., -0.88643531,
         -0.68940788, -0.5805032 ],
        ...,
        [ 0.24734103,  0.66887093,  0.88643531, ...,  0.        ,
          0.32301596,  0.45309965],
        [-0.07889742,  0.39289198,  0.68940788, ..., -0.32301596,
          0.        ,  0.1408548 ],
        [-0.21852656,  0.25944704,  0.5805032 , ..., -0.45309965,
         -0.1408548 ,  0.        ]],

       [[ 0.        ,  0.17151142,  0.32591069, ...,  0.98056567,
          0.99828777,  0.99727535],
        [-0.17151142,  0.        ,  0.1589344 , ...,  0.9996848 ,
          0.99352764,  0.96984563],
        [-0.32591069, -0.1589344 ,  0.        , ...,  0.99096813,
          0.96284561,  0.91878256],
        ...,
        [-0.98056567, -0.9996848 , -0.99096813, ...,  0.        ,
         -0.13849812, -0.267992  ],
        [-0.99828777, -0.99352764, -0.96284561, ...,  0.13849812,
          0.        , -0.13197726],
        [-0.99727535, -0.96984563, -0.91878256, ...,  0.267992  ,
          0.13197726,  0.        ]]]), 'num': array([ 9.87520006e-01,  1.56559964e-01,  6.22441979e-05,  3.27665632e-04,
        3.35274347e-04,  3.26438419e-04,  1.70932483e-02, -4.41796357e-06,
        3.42588531e-04,  3.76287775e-04,  3.98856206e-04,  3.12519852e-07,
        4.26884145e-04,  3.25691405e-04])}
{'img': array([[[ 0.        ,  0.11205541, -0.06883433, ..., -0.99747492,
         -0.99912525, -0.91192426],
        [-0.11205541,  0.        , -0.18019043, ..., -0.99915091,
         -0.98814681, -0.86019802],
        [ 0.06883433,  0.18019043,  0.        , ..., -0.99022043,
         -0.99963393, -0.93800802],
        ...,
        [ 0.99747492,  0.99915091,  0.99022043, ...,  0.        ,
         -0.11266967, -0.47408685],
        [ 0.99912525,  0.98814681,  0.99963393, ...,  0.11266967,
          0.        , -0.37186492],
        [ 0.91192426,  0.86019802,  0.93800802, ...,  0.47408685,
          0.37186492,  0.        ]],

       [[ 0.        , -0.0650761 , -0.39712472, ...,  0.95037815,
          0.24826877,  0.41597334],
        [ 0.0650761 ,  0.        , -0.33655838, ...,  0.96860862,
          0.31078116,  0.4742703 ],
        [ 0.39712472,  0.33655838,  0.        , ...,  0.9957678 ,
          0.61254351,  0.74290164],
        ...,
        [-0.95037815, -0.96860862, -0.9957678 , ...,  0.        ,
         -0.84338727, -0.73484378],
        [-0.24826877, -0.31078116, -0.61254351, ...,  0.84338727,
          0.        ,  0.17717985],
        [-0.41597334, -0.4742703 , -0.74290164, ...,  0.73484378,
         -0.17717985,  0.        ]],

       [[ 0.        ,  0.13820313,  0.1356834 , ..., -0.93855215,
         -0.99601109, -0.88414249],
        [-0.13820313,  0.        , -0.00254369, ..., -0.97724479,
         -0.99878507, -0.81108728],
        [-0.1356834 ,  0.00254369,  0.        , ..., -0.97670207,
         -0.99890719, -0.81257253],
        ...,
        [ 0.93855215,  0.97724479,  0.97670207, ...,  0.        ,
         -0.26001422, -0.74365854],
        [ 0.99601109,  0.99878507,  0.99890719, ...,  0.26001422,
          0.        , -0.54424523],
        [ 0.88414249,  0.81108728,  0.81257253, ...,  0.74365854,
          0.54424523,  0.        ]],

       ...,

       [[ 0.        , -0.02012989, -0.05767313, ..., -0.51495014,
         -0.73700142, -0.80055365],
        [ 0.02012989,  0.        , -0.03756506, ..., -0.53210154,
         -0.7504577 , -0.8124545 ],
        [ 0.05767313,  0.03756506,  0.        , ..., -0.56353158,
         -0.77475545, -0.83378241],
        ...,
        [ 0.51495014,  0.53210154,  0.56353158, ...,  0.        ,
          0.28372219,  0.37766114],
        [ 0.73700142,  0.7504577 ,  0.77475545, ..., -0.28372219,
          0.        ,  0.0994309 ],
        [ 0.80055365,  0.8124545 ,  0.83378241, ..., -0.37766114,
         -0.0994309 ,  0.        ]],

       [[ 0.        ,  0.3493684 ,  0.51240401, ..., -0.39289198,
         -0.25944704, -0.14124736],
        [-0.3493684 ,  0.        ,  0.1800969 , ..., -0.68940788,
         -0.5805032 , -0.47821247],
        [-0.51240401, -0.1800969 ,  0.        , ..., -0.80859268,
         -0.71765665, -0.62856221],
        ...,
        [ 0.39289198,  0.68940788,  0.80859268, ...,  0.        ,
          0.1408548 ,  0.25906408],
        [ 0.25944704,  0.5805032 ,  0.71765665, ..., -0.1408548 ,
          0.        ,  0.12043524],
        [ 0.14124736,  0.47821247,  0.62856221, ..., -0.25906408,
         -0.12043524,  0.        ]],

       [[ 0.        ,  0.28026904,  0.50484289, ...,  0.99867473,
          0.99665009,  0.97740242],
        [-0.28026904,  0.        ,  0.24267816, ...,  0.97307374,
          0.93378434,  0.87898432],
        [-0.50484289, -0.24267816,  0.        , ...,  0.88804965,
          0.81903154,  0.73698748],
        ...,
        [-0.99867473, -0.97307374, -0.88804965, ...,  0.        ,
         -0.13296939, -0.26141025],
        [-0.99665009, -0.93378434, -0.81903154, ...,  0.13296939,
          0.        , -0.13074321],
        [-0.97740242, -0.87898432, -0.73698748, ...,  0.26141025,
          0.13074321,  0.        ]]]), 'num': array([ 9.87126011e-01,  1.59003024e-01,  6.32154952e-05,  3.26546919e-04,
        3.40256904e-04,  3.21312198e-04,  1.72984367e-02, -6.23181144e-06,
        3.40007632e-04,  3.77373573e-04,  4.03505636e-04,  3.14466793e-07,
        4.30718788e-04,  3.24028359e-04])}
{'img': array([[[ 0.        , -0.17427931, -0.06591875, ..., -0.99985592,
         -0.99241308, -0.84598491],
        [ 0.17427931,  0.        ,  0.1089903 , ..., -0.9815961 ,
         -0.99865279, -0.9259651 ],
        [ 0.06591875, -0.1089903 ,  0.        , ..., -0.9965623 ,
         -0.99835917, -0.87929322],
        ...,
        [ 0.99985592,  0.9815961 ,  0.9965623 , ...,  0.        ,
         -0.13977618, -0.54749012],
        [ 0.99241308,  0.99865279,  0.99835917, ...,  0.13977618,
          0.        , -0.42514908],
        [ 0.84598491,  0.9259651 ,  0.87929322, ...,  0.54749012,
          0.42514908,  0.        ]],

       [[ 0.        , -0.33655838, -0.43030927, ...,  0.31078116,
          0.4742703 ,  0.47033379],
        [ 0.33655838,  0.        , -0.10140111, ...,  0.61254351,
          0.74290164,  0.73990468],
        [ 0.43030927,  0.10140111,  0.        , ...,  0.68953741,
          0.80695041,  0.80430465],
        ...,
        [-0.31078116, -0.61254351, -0.68953741, ...,  0.        ,
          0.17717985,  0.17278274],
        [-0.4742703 , -0.74290164, -0.80695041, ..., -0.17717985,
          0.        , -0.00446601],
        [-0.47033379, -0.73990468, -0.80430465, ..., -0.17278274,
          0.00446601,  0.        ]],

       [[ 0.        , -0.0024213 ,  0.        , ..., -0.99129774,
         -0.99437506, -0.78742364],
        [ 0.0024213 ,  0.        ,  0.0024213 , ..., -0.9909761 ,
         -0.9946286 , -0.78891385],
        [ 0.        , -0.0024213 ,  0.        , ..., -0.99129774,
         -0.99437506, -0.78742364],
        ...,
        [ 0.99129774,  0.9909761 ,  0.99129774, ...,  0.        ,
         -0.23589284, -0.71470357],
        [ 0.99437506,  0.9946286 ,  0.99437506, ...,  0.23589284,
          0.        , -0.52954405],
        [ 0.78742364,  0.78891385,  0.78742364, ...,  0.71470357,
          0.52954405,  0.        ]],

       ...,

       [[ 0.        , -0.03756506, -0.04532964, ..., -0.7504577 ,
         -0.8124545 , -0.80731534],
        [ 0.03756506,  0.        , -0.0077712 , ..., -0.77475545,
         -0.83378241, -0.82891343],
        [ 0.04532964,  0.0077712 ,  0.        , ..., -0.77964548,
         -0.83804766, -0.83323543],
        ...,
        [ 0.7504577 ,  0.77475545,  0.77964548, ...,  0.        ,
          0.0994309 ,  0.09070934],
        [ 0.8124545 ,  0.83378241,  0.83804766, ..., -0.0994309 ,
          0.        , -0.00876116],
        [ 0.80731534,  0.82891343,  0.83323543, ..., -0.09070934,
          0.00876116,  0.        ]],

       [[ 0.        ,  0.1800969 ,  0.36699517, ..., -0.5805032 ,
         -0.47821247, -0.60314206],
        [-0.1800969 ,  0.        ,  0.19346413, ..., -0.71765665,
         -0.62856221, -0.73693138],
        [-0.36699517, -0.19346413,  0.        , ..., -0.83882608,
         -0.76715553, -0.85378427],
        ...,
        [ 0.5805032 ,  0.71765665,  0.83882608, ...,  0.        ,
          0.12043524, -0.02808426],
        [ 0.47821247,  0.62856221,  0.76715553, ..., -0.12043524,
          0.        , -0.14826758],
        [ 0.60314206,  0.73693138,  0.85378427, ...,  0.02808426,
          0.14826758,  0.        ]],

       [[ 0.        ,  0.43317024,  0.59056475, ...,  0.99458719,
          0.97171447,  0.93802225],
        [-0.43317024,  0.        ,  0.182719  , ...,  0.85142479,
          0.77352106,  0.69532483],
        [-0.59056475, -0.182719  ,  0.        , ...,  0.74125934,
          0.64469704,  0.55229982],
        ...,
        [-0.99458719, -0.85142479, -0.74125934, ...,  0.        ,
         -0.13391421, -0.24723358],
        [-0.97171447, -0.77352106, -0.64469704, ...,  0.13391421,
          0.        , -0.11524976],
        [-0.93802225, -0.69532483, -0.55229982, ...,  0.24723358,
          0.11524976,  0.        ]]]), 'num': array([ 9.99824155e-01,  1.61729041e-02,  7.51452446e-05,  3.30750253e-04,
        3.37825124e-04,  3.28476187e-04,  9.43633755e-03, -2.52673990e-07,
        3.37168172e-04,  3.77937120e-04,  4.07306260e-04,  3.45321119e-07,
        4.33224562e-04,  3.22649678e-04])}
{'img': array([[[ 0.        ,  0.10884622,  0.01642668, ..., -0.99825694,
         -0.95491592, -0.92548352],
        [-0.10884622,  0.        , -0.09250244, ..., -0.99874975,
         -0.91692851, -0.87875522],
        [-0.01642668,  0.09250244,  0.        , ..., -0.99909171,
         -0.94991038, -0.91913642],
        ...,
        [ 0.99825694,  0.99874975,  0.99909171, ...,  0.        ,
         -0.35271586, -0.43274754],
        [ 0.95491592,  0.91692851,  0.94991038, ...,  0.35271586,
          0.        , -0.08695637],
        [ 0.92548352,  0.87875522,  0.91913642, ...,  0.43274754,
          0.08695637,  0.        ]],

       [[ 0.        , -0.10140111,  0.02058204, ...,  0.74290164,
          0.73990468,  0.17805058],
        [ 0.10140111,  0.        ,  0.12185558, ...,  0.80695041,
          0.80430465,  0.2769137 ],
        [-0.02058204, -0.12185558,  0.        , ...,  0.72896664,
          0.72590216,  0.1577597 ],
        ...,
        [-0.74290164, -0.80695041, -0.72896664, ...,  0.        ,
         -0.00446601, -0.61184389],
        [-0.73990468, -0.80430465, -0.72590216, ...,  0.00446601,
          0.        , -0.60830527],
        [-0.17805058, -0.2769137 , -0.1577597 , ...,  0.61184389,
          0.60830527,  0.        ]],

       [[ 0.        ,  0.00232194, -0.06768123, ..., -0.99799415,
         -0.98473416, -0.76843429],
        [-0.00232194,  0.        , -0.06999766, ..., -0.99813845,
         -0.98432734, -0.76694635],
        [ 0.06768123,  0.06999766,  0.        , ..., -0.9914211 ,
         -0.9942571 , -0.80998343],
        ...,
        [ 0.99799415,  0.99813845,  0.9914211 , ...,  0.        ,
         -0.23605565, -0.68729177],
        [ 0.98473416,  0.98432734,  0.9942571 , ...,  0.23605565,
          0.        , -0.49640213],
        [ 0.76843429,  0.76694635,  0.80998343, ...,  0.68729177,
          0.49640213,  0.        ]],

       ...,

       [[ 0.        , -0.0077712 , -0.16075379, ..., -0.83378241,
         -0.82891343, -0.86733317],
        [ 0.0077712 ,  0.        , -0.15307881, ..., -0.83804766,
         -0.83323543, -0.87117492],
        [ 0.16075379,  0.15307881,  0.        , ..., -0.91168976,
         -0.90805499, -0.93606476],
        ...,
        [ 0.83378241,  0.83804766,  0.91168976, ...,  0.        ,
         -0.00876116,  0.06385187],
        [ 0.82891343,  0.83323543,  0.90805499, ...,  0.00876116,
          0.        ,  0.07259271],
        [ 0.86733317,  0.87117492,  0.93606476, ..., -0.06385187,
         -0.07259271,  0.        ]],

       [[ 0.        ,  0.19346413,  0.33089964, ..., -0.62856221,
         -0.73693138, -0.86209262],
        [-0.19346413,  0.        ,  0.14208255, ..., -0.76715553,
         -0.85378427, -0.9438435 ],
        [-0.33089964, -0.14208255,  0.        , ..., -0.85051303,
         -0.91909447, -0.98121109],
        ...,
        [ 0.62856221,  0.76715553,  0.85051303, ...,  0.        ,
         -0.14826758, -0.3519762 ],
        [ 0.73693138,  0.85378427,  0.91909447, ...,  0.14826758,
          0.        , -0.20930612],
        [ 0.86209262,  0.9438435 ,  0.98121109, ...,  0.3519762 ,
          0.20930612,  0.        ]],

       [[ 0.        ,  0.43427084,  0.59790695, ...,  0.95383793,
          0.90914982,  0.85719025],
        [-0.43427084,  0.        ,  0.19048749, ...,  0.72877936,
          0.63808567,  0.5484924 ],
        [-0.59790695, -0.19048749,  0.        , ...,  0.5849991 ,
          0.47973331,  0.37917213],
        ...,
        [-0.95383793, -0.72877936, -0.5849991 , ...,  0.        ,
         -0.12420661, -0.2337935 ],
        [-0.90914982, -0.63808567, -0.47973331, ...,  0.12420661,
          0.        , -0.11121871],
        [-0.85719025, -0.5484924 , -0.37917213, ...,  0.2337935 ,
          0.11121871,  0.        ]]]), 'num': array([9.99820430e-01, 1.61728438e-02, 7.51449645e-05, 3.30749020e-04,
       3.34791789e-04, 3.25948232e-04, 9.82413025e-03, 0.00000000e+00,
       3.34336977e-04, 3.73374963e-04, 4.05771859e-04, 2.85555157e-07,
       4.28430351e-04, 3.18319576e-04])}
{'img': array([[[ 0.        , -0.09250244, -0.10069178, ..., -0.91692851,
         -0.87875522, -0.87875522],
        [ 0.09250244,  0.        , -0.00822775, ..., -0.94991038,
         -0.91913642, -0.91913642],
        [ 0.10069178,  0.00822775,  0.        , ..., -0.95244958,
         -0.92234654, -0.92234654],
        ...,
        [ 0.91692851,  0.94991038,  0.95244958, ...,  0.        ,
         -0.08695637, -0.08695637],
        [ 0.87875522,  0.91913642,  0.92234654, ...,  0.08695637,
          0.        ,  0.        ],
        [ 0.87875522,  0.91913642,  0.92234654, ...,  0.08695637,
          0.        ,  0.        ]],

       [[ 0.        ,  0.12185558, -0.2017192 , ...,  0.80430465,
          0.2769137 ,  0.31358276],
        [-0.12185558,  0.        , -0.3195666 , ...,  0.72590216,
          0.1577597 ,  0.1955366 ],
        [ 0.2017192 ,  0.3195666 ,  0.        , ...,  0.90763588,
          0.46505222,  0.49868122],
        ...,
        [-0.80430465, -0.72590216, -0.90763588, ...,  0.        ,
         -0.60830527, -0.57739996],
        [-0.2769137 , -0.1577597 , -0.46505222, ...,  0.60830527,
          0.        ,  0.03837363],
        [-0.31358276, -0.1955366 , -0.49868122, ...,  0.57739996,
         -0.03837363,  0.        ]],

       [[ 0.        , -0.06894164, -0.08398151, ..., -0.99466474,
         -0.92307334, -0.75956211],
        [ 0.06894164,  0.        , -0.0150836 , ..., -0.99941017,
         -0.94739368, -0.80259692],
        [ 0.08398151,  0.0150836 ,  0.        , ..., -0.99981446,
         -0.95211371, -0.81150331],
        ...,
        [ 0.99466474,  0.99941017,  0.99981446, ...,  0.        ,
         -0.28734739, -0.56860789],
        [ 0.92307334,  0.94739368,  0.95211371, ...,  0.28734739,
          0.        , -0.3082532 ],
        [ 0.75956211,  0.80259692,  0.81150331, ...,  0.56860789,
          0.3082532 ,  0.        ]],

       ...,

       [[ 0.        , -0.15307881, -0.03326465, ..., -0.83323543,
         -0.87117492, -0.76346974],
        [ 0.15307881,  0.        ,  0.1201215 , ..., -0.90805499,
         -0.93606476, -0.85333644],
        [ 0.03326465, -0.1201215 ,  0.        , ..., -0.85116693,
         -0.88702483, -0.78453098],
        ...,
        [ 0.83323543,  0.90805499,  0.85116693, ...,  0.        ,
          0.07259271, -0.11600333],
        [ 0.87117492,  0.93606476,  0.88702483, ..., -0.07259271,
          0.        , -0.18779989],
        [ 0.76346974,  0.85333644,  0.78453098, ...,  0.11600333,
          0.18779989,  0.        ]],

       [[ 0.        ,  0.14069418,  0.24061367, ..., -0.84301449,
         -0.93285781, -0.9682798 ],
        [-0.14069418,  0.        ,  0.10165959, ..., -0.91030723,
         -0.97426311, -0.92349339],
        [-0.24061367, -0.10165959,  0.        , ..., -0.94767143,
         -0.99213117, -0.87971092],
        ...,
        [ 0.84301449,  0.91030723,  0.94767143, ...,  0.        ,
         -0.19808409, -0.73147155],
        [ 0.93285781,  0.97426311,  0.99213117, ...,  0.19808409,
          0.        , -0.58190947],
        [ 0.9682798 ,  0.92349339,  0.87971092, ...,  0.73147155,
          0.58190947,  0.        ]],

       [[ 0.        ,  0.44485175,  0.63174999, ...,  0.87149379,
          0.80440571,  0.74104573],
        [-0.44485175,  0.        ,  0.22096124, ...,  0.56235532,
          0.45615147,  0.36498595],
        [-0.63174999, -0.22096124,  0.        , ...,  0.36574345,
          0.2482427 ,  0.15024665],
        ...,
        [-0.87149379, -0.56235532, -0.36574345, ...,  0.        ,
         -0.12325152, -0.22175481],
        [-0.80440571, -0.45615147, -0.2482427 , ...,  0.12325152,
          0.        , -0.09988118],
        [-0.74104573, -0.36498595, -0.15024665, ...,  0.22175481,
          0.09988118,  0.        ]]]), 'num': array([9.99941881e-01, 5.86545949e-03, 7.52518146e-05, 3.30807478e-04,
       3.33562120e-04, 3.26800726e-04, 8.99017528e-03, 3.00506415e-06,
       3.29755706e-04, 3.65428321e-04, 4.00579224e-04, 3.76889316e-07,
       4.16756862e-04, 3.14099780e-04])}
{'img': array([[[ 0.        , -0.00822775,  0.0796636 , ..., -0.91913642,
         -0.91913642, -0.99477719],
        [ 0.00822775,  0.        ,  0.0878625 , ..., -0.92234654,
         -0.92234654, -0.99558332],
        [-0.0796636 , -0.0878625 ,  0.        , ..., -0.88483259,
         -0.88483259, -0.9834843 ],
        ...,
        [ 0.91913642,  0.92234654,  0.88483259, ...,  0.        ,
          0.        ,  0.29806539],
        [ 0.91913642,  0.92234654,  0.88483259, ...,  0.        ,
          0.        ,  0.29806539],
        [ 0.99477719,  0.99558332,  0.9834843 , ..., -0.29806539,
         -0.29806539,  0.        ]],

       [[ 0.        , -0.3195666 , -0.16810869, ...,  0.1577597 ,
