state_0,state_1,state_2,state_3,state_4,state_5,state_6,state_7,state_8,state_9,state_10,state_11,state_12,state_13,state_14,state_15,state_16,state_17,state_18,state_19,state_20,state_21,state_22,state_23,state_24,state_25,state_26,state_27,state_28,state_29,state_30,state_31,state_32,state_33,state_34,state_35,state_36,state_37,state_38,state_39,state_40,state_41,state_42,state_43,state_44,state_45,state_46,state_47,state_48,state_49,state_50,state_51,state_52,state_53,state_54,state_55,state_56,state_57,state_58,state_59,state_60,state_61,state_62,state_63,state_64,state_65,state_66,state_67,state_68,state_69,state_70,state_71,state_72,state_73,state_74,state_75,state_76,state_77,state_78,state_79,state_80,state_81,state_82,state_83,state_84,state_85,state_86,state_87,state_88,state_89,state_90,state_91,state_92,state_93,state_94,state_95,state_96,state_97,state_98,state_99,state_100,state_101,state_102,state_103,state_104,state_105,state_106,state_107,state_108,state_109,state_110,state_111,state_112,state_113,state_114,state_115,state_116,state_117,state_118,state_119,state_120,state_121,state_122,state_123,state_124,state_125,state_126,state_127,state_128,state_129,state_130,state_131,state_132,state_133,state_134,state_135,state_136,state_137,state_138,state_139,state_140,state_141,state_142,state_143,state_144,state_145,state_146,state_147,state_148,state_149,state_150,state_151,state_152,state_153,state_154,state_155,state_156,state_157,state_158,state_159,state_160,state_161,state_162,state_163,state_164,state_165,state_166,state_167,state_168,state_169,state_170,state_171,state_172,state_173,state_174,state_175,state_176,state_177,state_178,state_179,state_180,state_181,state_182,state_183,state_184,state_185,state_186,state_187,state_188,state_189,state_190,state_191,state_192,state_193,state_194,state_195,state_196,state_197,state_198,state_199,state_200,state_201,state_202,state_203,state_204,state_205,state_206,state_207,state_208,state_209,state_210,state_211,state_212,state_213,state_214,state_215,state_216,state_217,state_218,state_219,state_220,state_221,state_222,state_223,state_224,state_225,state_226,state_227,state_228,state_229,state_230,state_231,state_232,state_233,state_234,state_235,state_236,state_237,state_238,state_239,state_240,state_241,state_242,state_243,state_244,state_245,state_246,state_247,state_248,state_249,state_250,state_251,state_252,state_253,state_254,state_255,state_256,state_257,state_258,state_259,state_260,state_261,state_262,state_263,state_264,state_265,state_266,state_267,state_268,state_269,state_270,state_271,state_272,state_273,state_274,state_275,state_276,state_277,state_278,state_279,state_280,state_281,state_282,state_283,state_284,state_285,state_286,state_287
{'img': array([[[ 0.00000000e+00,  0.00000000e+00,  1.24864056e-01, ...,
          1.66123008e-01,  6.26362110e-02,  2.48093018e-01],
        [ 0.00000000e+00,  0.00000000e+00,  1.24864056e-01, ...,
          1.66123008e-01,  6.26362110e-02,  2.48093018e-01],
        [-1.24864056e-01, -1.24864056e-01,  0.00000000e+00, ...,
          4.16938317e-02, -6.24728644e-02,  1.25191074e-01],
        ...,
        [-1.66123008e-01, -1.66123008e-01, -4.16938317e-02, ...,
          0.00000000e+00, -1.04030930e-01,  8.37164006e-02],
        [-6.26362110e-02, -6.26362110e-02,  6.24728644e-02, ...,
          1.04030930e-01,  0.00000000e+00,  1.86927902e-01],
        [-2.48093018e-01, -2.48093018e-01, -1.25191074e-01, ...,
         -8.37164006e-02, -1.86927902e-01,  0.00000000e+00]],

       [[ 0.00000000e+00, -1.07574126e-01,  3.21416303e-01, ...,
          4.40522678e-01,  2.52154483e-01,  2.12286969e-01],
        [ 1.07574126e-01,  0.00000000e+00,  4.21417173e-01, ...,
          5.34540110e-01,  3.54789330e-01,  3.16177311e-01],
        [-3.21416303e-01, -4.21417173e-01,  0.00000000e+00, ...,
          1.28598911e-01, -7.22557163e-02, -1.13067783e-01],
        ...,
        [-4.40522678e-01, -5.34540110e-01, -1.28598911e-01, ...,
          0.00000000e+00, -1.99918526e-01, -2.39903188e-01],
        [-2.52154483e-01, -3.54789330e-01,  7.22557163e-02, ...,
          1.99918526e-01,  0.00000000e+00, -4.09798796e-02],
        [-2.12286969e-01, -3.16177311e-01,  1.13067783e-01, ...,
          2.39903188e-01,  4.09798796e-02,  0.00000000e+00]],

       [[ 0.00000000e+00, -3.11793954e-02, -4.00873960e-02, ...,
         -2.76083388e-01, -1.55875168e-01, -3.11793954e-02],
        [ 3.11793954e-02,  0.00000000e+00, -8.91357305e-03, ...,
         -2.45981590e-01, -1.25001100e-01,  0.00000000e+00],
        [ 4.00873960e-02,  8.91357305e-03,  0.00000000e+00, ...,
         -2.37332119e-01, -1.16152474e-01,  8.91357305e-03],
        ...,
        [ 2.76083388e-01,  2.45981590e-01,  2.37332119e-01, ...,
          0.00000000e+00,  1.22891880e-01,  2.45981590e-01],
        [ 1.55875168e-01,  1.25001100e-01,  1.16152474e-01, ...,
         -1.22891880e-01,  0.00000000e+00,  1.25001100e-01],
        [ 3.11793954e-02,  0.00000000e+00, -8.91357305e-03, ...,
         -2.45981590e-01, -1.25001100e-01,  0.00000000e+00]],

       ...,

       [[ 0.00000000e+00,  4.72045287e-02,  3.33204068e-01, ...,
          7.01071310e-01,  7.47718572e-01,  8.25191315e-01],
        [-4.72045287e-02,  0.00000000e+00,  2.88325613e-01, ...,
          6.66628655e-01,  7.15540498e-01,  7.97607793e-01],
        [-3.33204068e-01, -2.88325613e-01,  0.00000000e+00, ...,
          4.23403525e-01,  4.83737241e-01,  5.89824108e-01],
        ...,
        [-7.01071310e-01, -6.66628655e-01, -4.23403525e-01, ...,
          0.00000000e+00,  6.76691096e-02,  1.92434171e-01],
        [-7.47718572e-01, -7.15540498e-01, -4.83737241e-01, ...,
         -6.76691096e-02,  0.00000000e+00,  1.25588711e-01],
        [-8.25191315e-01, -7.97607793e-01, -5.89824108e-01, ...,
         -1.92434171e-01, -1.25588711e-01,  0.00000000e+00]],

       [[ 0.00000000e+00, -1.36970506e-03,  7.77843317e-03, ...,
         -2.50830431e-01, -1.44690057e-01, -5.13362102e-04],
        [ 1.36970506e-03,  0.00000000e+00,  9.14808949e-03, ...,
         -2.49504279e-01, -1.43334630e-01,  8.56343255e-04],
        [-7.77843317e-03, -9.14808949e-03,  0.00000000e+00, ...,
         -2.58352608e-01, -1.52382261e-01, -8.29177872e-03],
        ...,
        [ 2.50830431e-01,  2.49504279e-01,  2.58352608e-01, ...,
          0.00000000e+00,  1.08126483e-01,  2.50333448e-01],
        [ 1.44690057e-01,  1.43334630e-01,  1.52382261e-01, ...,
         -1.08126483e-01,  0.00000000e+00,  1.44182078e-01],
        [ 5.13362102e-04, -8.56343255e-04,  8.29177872e-03, ...,
         -2.50333448e-01, -1.44182078e-01,  0.00000000e+00]],

       [[ 0.00000000e+00, -8.50350588e-03, -2.17951960e-02, ...,
         -5.59248799e-01, -5.73791665e-01, -2.32817354e-01],
        [ 8.50350588e-03,  0.00000000e+00, -1.32929221e-02, ...,
         -5.66277984e-01, -5.80735302e-01, -2.41078770e-01],
        [ 2.17951960e-02,  1.32929221e-02,  0.00000000e+00, ...,
         -5.77184168e-01, -5.91505658e-01, -2.53958325e-01],
        ...,
        [ 5.59248799e-01,  5.66277984e-01,  5.77184168e-01, ...,
          0.00000000e+00,  1.76477225e-02, -3.50875353e-01],
        [ 5.73791665e-01,  5.80735302e-01,  5.91505658e-01, ...,
         -1.76477225e-02,  0.00000000e+00, -3.67346429e-01],
        [ 2.32817354e-01,  2.41078770e-01,  2.53958325e-01, ...,
          3.50875353e-01,  3.67346429e-01,  0.00000000e+00]]]), 'num': array([ 9.99998851e-01,  9.61455859e-05,  5.37582100e-06,  4.41263330e-04,
        4.55497631e-04,  4.38890946e-04,  8.82979785e-04, -1.42343010e-05,
        4.46482574e-04,  4.17005709e-04,  4.35371911e-04,  1.62972431e-07,
        4.57825012e-04,  3.76186405e-04])}
{'img': array([[[ 0.00000000e+00,  1.24864056e-01,  4.49654774e-01, ...,
          6.26362110e-02,  2.48093018e-01,  0.00000000e+00],
        [-1.24864056e-01,  0.00000000e+00,  3.34606834e-01, ...,
         -6.24728644e-02,  1.25191074e-01, -1.24864056e-01],
        [-4.49654774e-01, -3.34606834e-01,  0.00000000e+00, ...,
         -3.92825027e-01, -2.13999577e-01, -4.49654774e-01],
        ...,
        [-6.26362110e-02,  6.24728644e-02,  3.92825027e-01, ...,
          0.00000000e+00,  1.86927902e-01, -6.26362110e-02],
        [-2.48093018e-01, -1.25191074e-01,  2.13999577e-01, ...,
         -1.86927902e-01,  0.00000000e+00, -2.48093018e-01],
        [ 0.00000000e+00,  1.24864056e-01,  4.49654774e-01, ...,
          6.26362110e-02,  2.48093018e-01,  0.00000000e+00]],

       [[ 0.00000000e+00,  4.21417173e-01,  9.87969881e-01, ...,
          3.54789330e-01,  3.16177311e-01,  5.15561018e-01],
        [-4.21417173e-01,  0.00000000e+00,  9.61127835e-01, ...,
         -7.22557163e-02, -1.13067783e-01,  1.06452708e-01],
        [-9.87969881e-01, -9.61127835e-01,  0.00000000e+00, ...,
         -9.78565656e-01, -9.86182828e-01, -9.26274490e-01],
        ...,
        [-3.54789330e-01,  7.22557163e-02,  9.78565656e-01, ...,
          0.00000000e+00, -4.09798796e-02,  1.78019598e-01],
        [-3.16177311e-01,  1.13067783e-01,  9.86182828e-01, ...,
          4.09798796e-02,  0.00000000e+00,  2.18195362e-01],
        [-5.15561018e-01, -1.06452708e-01,  9.26274490e-01, ...,
         -1.78019598e-01, -2.18195362e-01,  0.00000000e+00]],

       [[ 0.00000000e+00, -8.91357305e-03,  5.34331550e-02, ...,
         -1.25001100e-01,  0.00000000e+00,  1.33660461e-02],
        [ 8.91357305e-03,  0.00000000e+00,  6.23318716e-02, ...,
         -1.16152474e-01,  8.91357305e-03,  2.22782919e-02],
        [-5.34331550e-02, -6.23318716e-02,  0.00000000e+00, ...,
         -1.77836584e-01, -5.34331550e-02, -4.00814301e-02],
        ...,
        [ 1.25001100e-01,  1.16152474e-01,  1.77836584e-01, ...,
          0.00000000e+00,  1.25001100e-01,  1.38251144e-01],
        [ 0.00000000e+00, -8.91357305e-03,  5.34331550e-02, ...,
         -1.25001100e-01,  0.00000000e+00,  1.33660461e-02],
        [-1.33660461e-02, -2.22782919e-02,  4.00814301e-02, ...,
         -1.38251144e-01, -1.33660461e-02,  0.00000000e+00]],

       ...,

       [[ 0.00000000e+00,  2.88325613e-01,  7.24768004e-01, ...,
          7.15540498e-01,  7.97607793e-01,  6.36510236e-01],
        [-2.88325613e-01,  0.00000000e+00,  4.95334537e-01, ...,
          4.83737241e-01,  5.89824108e-01,  3.87102796e-01],
        [-7.24768004e-01, -4.95334537e-01,  0.00000000e+00, ...,
         -1.32997064e-02,  1.12383199e-01, -1.20439463e-01],
        ...,
        [-7.15540498e-01, -4.83737241e-01,  1.32997064e-02, ...,
          0.00000000e+00,  1.25588711e-01, -1.07225917e-01],
        [-7.97607793e-01, -5.89824108e-01, -1.12383199e-01, ...,
         -1.25588711e-01,  0.00000000e+00, -2.31241597e-01],
        [-6.36510236e-01, -3.87102796e-01,  1.20439463e-01, ...,
          1.07225917e-01,  2.31241597e-01,  0.00000000e+00]],

       [[ 0.00000000e+00,  9.14808949e-03,  1.13549904e-01, ...,
         -1.43334630e-01,  8.56343255e-04,  5.82458926e-02],
        [-9.14808949e-03,  0.00000000e+00,  1.04456230e-01, ...,
         -1.52382261e-01, -8.29177872e-03,  4.91108968e-02],
        [-1.13549904e-01, -1.04456230e-01,  0.00000000e+00, ...,
         -2.54785003e-01, -1.12699058e-01, -5.54879515e-02],
        ...,
        [ 1.43334630e-01,  1.52382261e-01,  2.54785003e-01, ...,
          0.00000000e+00,  1.44182078e-01,  2.00735748e-01],
        [-8.56343255e-04,  8.29177872e-03,  1.12699058e-01, ...,
         -1.44182078e-01,  0.00000000e+00,  5.73909818e-02],
        [-5.82458926e-02, -4.91108968e-02,  5.54879515e-02, ...,
         -2.00735748e-01, -5.73909818e-02,  0.00000000e+00]],

       [[ 0.00000000e+00, -1.32542348e-02, -1.99578984e-01, ...,
         -6.03542819e-01, -3.84085579e-01, -2.40398271e-01],
        [ 1.32542348e-02,  0.00000000e+00, -1.86573870e-01, ...,
         -6.14057810e-01, -3.96289442e-01, -2.53242700e-01],
        [ 1.99578984e-01,  1.86573870e-01,  0.00000000e+00, ...,
         -7.50531018e-01, -5.60629222e-01, -4.29288075e-01],
        ...,
        [ 6.03542819e-01,  6.14057810e-01,  7.50531018e-01, ...,
          0.00000000e+00, -2.51006395e-01, -3.94166632e-01],
        [ 3.84085579e-01,  3.96289442e-01,  5.60629222e-01, ...,
          2.51006395e-01,  0.00000000e+00, -1.50862893e-01],
        [ 2.40398271e-01,  2.53242700e-01,  4.29288075e-01, ...,
          3.94166632e-01,  1.50862893e-01,  0.00000000e+00]]]), 'num': array([7.07093432e-01, 7.07093432e-01, 0.00000000e+00, 1.71958519e-03,
       1.73334188e-03, 1.66455847e-03, 3.90963973e-03, 1.37566816e-05,
       1.72967343e-03, 1.61870286e-03, 1.68328284e-03, 6.34923764e-07,
       1.78273523e-03, 1.45467050e-03])}
{'img': array([[[ 0.        ,  0.33460683,  0.60860134, ...,  0.12519107,
         -0.12486406, -0.06247286],
        [-0.33460683,  0.        ,  0.30801768, ..., -0.21399958,
         -0.44965477, -0.39282503],
        [-0.60860134, -0.30801768,  0.        , ..., -0.50447712,
         -0.70291499, -0.65698326],
        ...,
        [-0.12519107,  0.21399958,  0.50447712, ...,  0.        ,
         -0.24809302, -0.1869279 ],
        [ 0.12486406,  0.44965477,  0.70291499, ...,  0.24809302,
          0.        ,  0.06263621],
        [ 0.06247286,  0.39282503,  0.65698326, ...,  0.1869279 ,
         -0.06263621,  0.        ]],

       [[ 0.        ,  0.96112783,  0.97271413, ..., -0.11306778,
          0.10645271,  0.25135494],
        [-0.96112783,  0.        ,  0.04558168, ..., -0.98618283,
         -0.92627449, -0.86087077],
        [-0.97271413, -0.04558168,  0.        , ..., -0.99270889,
         -0.94248917, -0.88316903],
        ...,
        [ 0.11306778,  0.98618283,  0.99270889, ...,  0.        ,
          0.21819536,  0.35918081],
        [-0.10645271,  0.92627449,  0.94248917, ..., -0.21819536,
          0.        ,  0.14689164],
        [-0.25135494,  0.86087077,  0.88316903, ..., -0.35918081,
         -0.14689164,  0.        ]],

       [[ 0.        ,  0.06233187,  0.20424807, ...,  0.00891357,
          0.02227829,  0.0400874 ],
        [-0.06233187,  0.        ,  0.14283304, ..., -0.05343315,
         -0.04008143, -0.02227232],
        [-0.20424807, -0.14283304,  0.        , ..., -0.19551428,
         -0.18238873, -0.16484157],
        ...,
        [-0.00891357,  0.05343315,  0.19551428, ...,  0.        ,
          0.01336605,  0.0311794 ],
        [-0.02227829,  0.04008143,  0.18238873, ..., -0.01336605,
          0.        ,  0.01781706],
        [-0.0400874 ,  0.02227232,  0.16484157, ..., -0.0311794 ,
         -0.01781706,  0.        ]],

       ...,

       [[ 0.        ,  0.49533454,  0.61967182, ...,  0.58982411,
          0.3871028 ,  0.40199111],
        [-0.49533454,  0.        ,  0.14954156, ...,  0.1123832 ,
         -0.12043946, -0.10433928],
        [-0.61967182, -0.14954156,  0.        , ..., -0.03747471,
         -0.26753817, -0.25189136],
        ...,
        [-0.58982411, -0.1123832 ,  0.03747471, ...,  0.        ,
         -0.2312416 , -0.21544807],
        [-0.3871028 ,  0.12043946,  0.26753817, ...,  0.2312416 ,
          0.        ,  0.01620231],
        [-0.40199111,  0.10433928,  0.25189136, ...,  0.21544807,
         -0.01620231,  0.        ]],

       [[ 0.        ,  0.10445623,  0.28332935, ..., -0.00829178,
          0.0491109 ,  0.11644936],
        [-0.10445623,  0.        ,  0.1816035 , ..., -0.11269906,
         -0.05548795,  0.01206675],
        [-0.28332935, -0.1816035 ,  0.        , ..., -0.29127161,
         -0.235889  , -0.16972418],
        ...,
        [ 0.00829178,  0.11269906,  0.29127161, ...,  0.        ,
          0.05739098,  0.12468073],
        [-0.0491109 ,  0.05548795,  0.235889  , ..., -0.05739098,
          0.        ,  0.06753207],
        [-0.11644936, -0.01206675,  0.16972418, ..., -0.12468073,
         -0.06753207,  0.        ]],

       [[ 0.        , -0.18657387, -0.49752638, ..., -0.39628944,
         -0.2532427 , -0.33966008],
        [ 0.18657387,  0.        , -0.326947  , ..., -0.56062922,
         -0.42928807, -0.5091777 ],
        [ 0.49752638,  0.326947  ,  0.        , ..., -0.80055254,
         -0.70098349, -0.76258532],
        ...,
        [ 0.39628944,  0.56062922,  0.80055254, ...,  0.        ,
         -0.15086289, -0.06087872],
        [ 0.2532427 ,  0.42928807,  0.70098349, ...,  0.15086289,
          0.        ,  0.09040113],
        [ 0.33966008,  0.5091777 ,  0.76258532, ...,  0.06087872,
         -0.09040113,  0.        ]]]), 'num': array([ 7.07095473e-01,  7.07095473e-01,  0.00000000e+00,  1.69666229e-03,
        1.71959016e-03,  1.65997770e-03,  3.10231490e-03, -2.29278688e-05,
        1.72050727e-03,  1.62489806e-03,  1.68267629e-03,  5.55559897e-07,
        1.79087493e-03,  1.45892119e-03])}
{'img': array([[[ 0.        ,  0.30801768,  0.79504788, ..., -0.44965477,
         -0.39282503, -0.48676109],
        [-0.30801768,  0.        ,  0.56956605, ..., -0.70291499,
         -0.65698326, -0.73215934],
        [-0.79504788, -0.56956605,  0.        , ..., -0.98287531,
         -0.96940326, -0.98974558],
        ...,
        [ 0.44965477,  0.70291499,  0.98287531, ...,  0.        ,
          0.06263621, -0.04198694],
        [ 0.39282503,  0.65698326,  0.96940326, ..., -0.06263621,
          0.        , -0.10448547],
        [ 0.48676109,  0.73215934,  0.98974558, ...,  0.04198694,
          0.10448547,  0.        ]],

       [[ 0.        ,  0.04558168,  0.84012977, ..., -0.92627449,
         -0.86087077, -0.95942849],
        [-0.04558168,  0.        ,  0.81453371, ..., -0.94248917,
         -0.88316903, -0.97128312],
        [-0.84012977, -0.81453371,  0.        , ..., -0.81900031,
         -0.89440168, -0.75725638],
        ...,
        [ 0.92627449,  0.94248917,  0.81900031, ...,  0.        ,
          0.14689164, -0.10039516],
        [ 0.86087077,  0.88316903,  0.89440168, ..., -0.14689164,
          0.        , -0.24545562],
        [ 0.95942849,  0.97128312,  0.75725638, ...,  0.10039516,
          0.24545562,  0.        ]],

       [[ 0.        ,  0.14283304,  0.37157605, ..., -0.04008143,
         -0.02227232, -0.0667805 ],
        [-0.14283304,  0.        ,  0.23515966, ..., -0.18238873,
         -0.16484157, -0.20860998],
        [-0.37157605, -0.23515966,  0.        , ..., -0.40848916,
         -0.39216156, -0.43274576],
        ...,
        [ 0.04008143,  0.18238873,  0.40848916, ...,  0.        ,
          0.01781706, -0.02673488],
        [ 0.02227232,  0.16484157,  0.39216156, ..., -0.01781706,
          0.        , -0.04454133],
        [ 0.0667805 ,  0.20860998,  0.43274576, ...,  0.02673488,
          0.04454133,  0.        ]],

       ...,

       [[ 0.        ,  0.14954156,  0.29350962, ..., -0.12043946,
         -0.10433928, -0.34817814],
        [-0.14954156,  0.        ,  0.14725406, ..., -0.26753817,
         -0.25189136, -0.48444754],
        [-0.29350962, -0.14725406,  0.        , ..., -0.40650791,
         -0.39165135, -0.60798728],
        ...,
        [ 0.12043946,  0.26753817,  0.40650791, ...,  0.        ,
          0.01620231, -0.23274027],
        [ 0.10433928,  0.25189136,  0.39165135, ..., -0.01620231,
          0.        , -0.2484671 ],
        [ 0.34817814,  0.48444754,  0.60798728, ...,  0.23274027,
          0.2484671 ,  0.        ]],

       [[ 0.        ,  0.1816035 ,  0.43178094, ..., -0.05548795,
          0.01206675,  0.05431595],
        [-0.1816035 ,  0.        ,  0.26079877, ..., -0.235889  ,
         -0.16972418, -0.12792264],
        [-0.43178094, -0.26079877,  0.        , ..., -0.48116466,
         -0.42086556, -0.38215173],
        ...,
        [ 0.05548795,  0.235889  ,  0.48116466, ...,  0.        ,
          0.06753207,  0.10963831],
        [-0.01206675,  0.16972418,  0.42086556, ..., -0.06753207,
          0.        ,  0.04226306],
        [-0.05431595,  0.12792264,  0.38215173, ..., -0.10963831,
         -0.04226306,  0.        ]],

       [[ 0.        , -0.326947  , -0.62976653, ..., -0.42928807,
         -0.5091777 , -0.68022561],
        [ 0.326947  ,  0.        , -0.34118889, ..., -0.70098349,
         -0.76258532, -0.8824953 ],
        [ 0.62976653,  0.34118889,  0.        , ..., -0.90224905,
         -0.93753708, -0.99000933],
        ...,
        [ 0.42928807,  0.70098349,  0.90224905, ...,  0.        ,
          0.09040113,  0.29968838],
        [ 0.5091777 ,  0.76258532,  0.93753708, ..., -0.09040113,
          0.        ,  0.21221525],
        [ 0.68022561,  0.8824953 ,  0.99000933, ..., -0.29968838,
         -0.21221525,  0.        ]]]), 'num': array([ 9.80222210e-01,  1.97763338e-01,  4.25249387e-06,  2.34972634e-03,
        2.37526685e-03,  2.33695609e-03,  3.27067860e-03, -1.27702519e-05,
        2.38676007e-03,  2.27150855e-03,  2.34025507e-03,  8.29408110e-07,
        2.50158139e-03,  2.04143571e-03])}
{'img': array([[[ 0.        ,  0.56956605,  0.56956605, ..., -0.65698326,
         -0.73215934, -0.76028252],
        [-0.56956605,  0.        ,  0.        , ..., -0.96940326,
         -0.98974558, -0.99489671],
        [-0.56956605,  0.        ,  0.        , ..., -0.96940326,
         -0.98974558, -0.99489671],
        ...,
        [ 0.65698326,  0.96940326,  0.96940326, ...,  0.        ,
         -0.10448547, -0.14640948],
        [ 0.73215934,  0.98974558,  0.98974558, ...,  0.10448547,
          0.        , -0.04224855],
        [ 0.76028252,  0.99489671,  0.99489671, ...,  0.14640948,
          0.04224855,  0.        ]],

       [[ 0.        ,  0.81453371, -0.62130553, ..., -0.88316903,
         -0.97128312, -0.99848447],
        [-0.81453371,  0.        , -0.9986723 , ..., -0.89440168,
         -0.75725638, -0.53440984],
        [ 0.62130553,  0.9986723 ,  0.        , ..., -0.40059696,
         -0.61324161, -0.81657392],
        ...,
        [ 0.88316903,  0.89440168,  0.40059696, ...,  0.        ,
         -0.24545562, -0.51694849],
        [ 0.97128312,  0.75725638,  0.61324161, ...,  0.24545562,
          0.        , -0.29101985],
        [ 0.99848447,  0.53440984,  0.81657392, ...,  0.51694849,
          0.29101985,  0.        ]],

       [[ 0.        ,  0.23515966,  0.48177513, ..., -0.16484157,
         -0.20860998, -0.23905017],
        [-0.23515966,  0.        ,  0.26219539, ..., -0.39216156,
         -0.43274576, -0.46068815],
        [-0.48177513, -0.26219539,  0.        , ..., -0.6196343 ,
         -0.65397941, -0.67728557],
        ...,
        [ 0.16484157,  0.39216156,  0.6196343 , ...,  0.        ,
         -0.04454133, -0.07571762],
        [ 0.20860998,  0.43274576,  0.65397941, ...,  0.04454133,
          0.        , -0.03122901],
        [ 0.23905017,  0.46068815,  0.67728557, ...,  0.07571762,
          0.03122901,  0.        ]],

       ...,

       [[ 0.        ,  0.14725406,  0.26953436, ..., -0.25189136,
         -0.48444754, -0.37222075],
        [-0.14725406,  0.        ,  0.12479178, ..., -0.39165135,
         -0.60798728, -0.50483607],
        [-0.26953436, -0.12479178,  0.        , ..., -0.50341242,
         -0.70231264, -0.60861191],
        ...,
        [ 0.25189136,  0.39165135,  0.50341242, ...,  0.        ,
         -0.2484671 , -0.12642717],
        [ 0.48444754,  0.60798728,  0.70231264, ...,  0.2484671 ,
          0.        ,  0.12401092],
        [ 0.37222075,  0.50483607,  0.60861191, ...,  0.12642717,
         -0.12401092,  0.        ]],

       [[ 0.        ,  0.26079877,  0.45460033, ..., -0.16972418,
         -0.12792264, -0.09875893],
        [-0.26079877,  0.        ,  0.20657576, ..., -0.42086556,
         -0.38215173, -0.35486502],
        [-0.45460033, -0.20657576,  0.        , ..., -0.59917737,
         -0.56480552, -0.5403421 ],
        ...,
        [ 0.16972418,  0.42086556,  0.59917737, ...,  0.        ,
          0.04226306,  0.07156837],
        [ 0.12792264,  0.38215173,  0.56480552, ..., -0.04226306,
          0.        ,  0.02934974],
        [ 0.09875893,  0.35486502,  0.5403421 , ..., -0.07156837,
         -0.02934974,  0.        ]],

       [[ 0.        , -0.34118889, -0.51017174, ..., -0.76258532,
         -0.8824953 , -0.95347077],
        [ 0.34118889,  0.        , -0.18611156, ..., -0.93753708,
         -0.99000933, -0.99912102],
        [ 0.51017174,  0.18611156,  0.        , ..., -0.9859025 ,
         -0.99895458, -0.97386341],
        ...,
        [ 0.76258532,  0.93753708,  0.9859025 , ...,  0.        ,
          0.21221525,  0.38688007],
        [ 0.8824953 ,  0.99000933,  0.99895458, ..., -0.21221525,
          0.        ,  0.18237803],
        [ 0.95347077,  0.99912102,  0.97386341, ..., -0.38688007,
         -0.18237803,  0.        ]]]), 'num': array([ 9.80054075e-01,  1.98590963e-01,  4.27029023e-06,  2.34673607e-03,
        2.39161900e-03,  2.34032423e-03,  3.45558810e-03, -1.28236944e-05,
        2.37366583e-03,  2.29191478e-03,  2.34566743e-03,  7.39248265e-07,
        2.51356354e-03,  2.07026602e-03])}
{'img': array([[[ 0.        ,  0.        ,  0.28565228, ..., -0.98974558,
         -0.99489671, -0.99829138],
        [ 0.        ,  0.        ,  0.28565228, ..., -0.98974558,
         -0.99489671, -0.99829138],
        [-0.28565228, -0.28565228,  0.        , ..., -0.98930917,
         -0.9822646 , -0.9733872 ],
        ...,
        [ 0.98974558,  0.98974558,  0.98930917, ...,  0.        ,
         -0.04224855, -0.08476439],
        [ 0.99489671,  0.99489671,  0.9822646 , ...,  0.04224855,
          0.        , -0.04259221],
        [ 0.99829138,  0.99829138,  0.9733872 , ...,  0.08476439,
          0.04259221,  0.        ]],

       [[ 0.        , -0.9986723 , -0.96207994, ..., -0.75725638,
         -0.53440984, -0.58086123],
        [ 0.9986723 ,  0.        , -0.22284535, ..., -0.61324161,
         -0.81657392, -0.78299961],
        [ 0.96207994,  0.22284535,  0.        , ..., -0.42179641,
         -0.66740475, -0.6246954 ],
        ...,
        [ 0.75725638,  0.61324161,  0.42179641, ...,  0.        ,
         -0.29101985, -0.23703789],
        [ 0.53440984,  0.81657392,  0.66740475, ...,  0.29101985,
          0.        ,  0.05594772],
        [ 0.58086123,  0.78299961,  0.6246954 , ...,  0.23703789,
         -0.05594772,  0.        ]],

       [[ 0.        ,  0.26219539,  0.54401882, ..., -0.43274576,
         -0.46068815, -0.53075708],
        [-0.26219539,  0.        ,  0.30498513, ..., -0.65397941,
         -0.67728557, -0.73440532],
        [-0.54401882, -0.30498513,  0.        , ..., -0.85354696,
         -0.86940146, -0.90641294],
        ...,
        [ 0.43274576,  0.65397941,  0.85354696, ...,  0.        ,
         -0.03122901, -0.11172358],
        [ 0.46068815,  0.67728557,  0.86940146, ...,  0.03122901,
          0.        , -0.08063559],
        [ 0.53075708,  0.73440532,  0.90641294, ...,  0.11172358,
          0.08063559,  0.        ]],

       ...,

       [[ 0.        ,  0.12479178,  0.67003158, ..., -0.60798728,
         -0.50483607, -0.67070116],
        [-0.12479178,  0.        ,  0.57215691, ..., -0.70231264,
         -0.60861191, -0.75801977],
        [-0.67003158, -0.57215691,  0.        , ..., -0.98329818,
         -0.95313774, -0.9948643 ],
        ...,
        [ 0.60798728,  0.70231264,  0.98329818, ...,  0.        ,
          0.12401092, -0.08154002],
        [ 0.50483607,  0.60861191,  0.95313774, ..., -0.12401092,
          0.        , -0.20450857],
        [ 0.67070116,  0.75801977,  0.9948643 , ...,  0.08154002,
          0.20450857,  0.        ]],

       [[ 0.        ,  0.20657576,  0.40637403, ..., -0.38215173,
         -0.35486502, -0.34963329],
        [-0.20657576,  0.        ,  0.20885911, ..., -0.56480552,
         -0.5403421 , -0.53562998],
        [-0.40637403, -0.20885911,  0.        , ..., -0.72470472,
         -0.7041688 , -0.70018872],
        ...,
        [ 0.38215173,  0.56480552,  0.72470472, ...,  0.        ,
          0.02934974,  0.03493686],
        [ 0.35486502,  0.5403421 ,  0.7041688 , ..., -0.02934974,
          0.        ,  0.00558999],
        [ 0.34963329,  0.53562998,  0.70018872, ..., -0.03493686,
         -0.00558999,  0.        ]],

       [[ 0.        , -0.18611156, -0.30714604, ..., -0.99000933,
         -0.99912102, -0.95784426],
        [ 0.18611156,  0.        , -0.1246644 , ..., -0.99895458,
         -0.97386341, -0.88764179],
        [ 0.30714604,  0.1246644 ,  0.        , ..., -0.98546282,
         -0.93795068, -0.823305  ],
        ...,
        [ 0.99000933,  0.99895458,  0.98546282, ...,  0.        ,
          0.18237803,  0.41947561],
        [ 0.99912102,  0.97386341,  0.93795068, ..., -0.18237803,
          0.        ,  0.24688369],
        [ 0.95784426,  0.88764179,  0.823305  , ..., -0.41947561,
         -0.24688369,  0.        ]]]), 'num': array([9.80789108e-01, 1.94918069e-01, 4.19131221e-06, 2.35997309e-03,
       2.37255961e-03, 2.31592026e-03, 4.11398061e-03, 5.66393542e-05,
       2.33354139e-03, 2.26368619e-03, 2.29725025e-03, 8.69069455e-07,
       2.47104319e-03, 2.05632919e-03])}
{'img': array([[[ 0.        ,  0.28565228, -0.32657867, ..., -0.99489671,
         -0.99829138, -0.96940326],
        [-0.28565228,  0.        , -0.58296119, ..., -0.9822646 ,
         -0.9733872 , -0.99913157],
        [ 0.32657867,  0.58296119,  0.        , ..., -0.90739521,
         -0.92447237, -0.83608445],
        ...,
        [ 0.99489671,  0.9822646 ,  0.90739521, ...,  0.        ,
         -0.04259221,  0.14640948],
        [ 0.99829138,  0.9733872 ,  0.92447237, ...,  0.04259221,
          0.        ,  0.18840985],
        [ 0.96940326,  0.99913157,  0.83608445, ..., -0.14640948,
         -0.18840985,  0.        ]],

       [[ 0.        , -0.48620785, -0.72471788, ..., -0.99608171,
         -0.99995932, -0.9590161 ],
        [ 0.48620785,  0.        , -0.29827036, ..., -0.91341835,
         -0.87819326, -0.70026193],
        [ 0.72471788,  0.29827036,  0.        , ..., -0.75043825,
         -0.69555466, -0.45545596],
        ...,
        [ 0.99608171,  0.91341835,  0.75043825, ...,  0.        ,
          0.07944946,  0.36705456],
        [ 0.99995932,  0.87819326,  0.69555466, ..., -0.07944946,
          0.        ,  0.29199042],
        [ 0.9590161 ,  0.70026193,  0.45545596, ..., -0.36705456,
         -0.29199042,  0.        ]],

       [[ 0.        ,  0.30498513,  0.49728805, ..., -0.67728557,
         -0.73440532, -0.72516927],
        [-0.30498513,  0.        ,  0.20899513, ..., -0.86940146,
         -0.90641294, -0.90062392],
        [-0.49728805, -0.20899513,  0.        , ..., -0.95346802,
         -0.97467435, -0.97156429],
        ...,
        [ 0.67728557,  0.86940146,  0.95346802, ...,  0.        ,
         -0.08063559, -0.06716274],
        [ 0.73440532,  0.90641294,  0.97467435, ...,  0.08063559,
          0.        ,  0.01350948],
        [ 0.72516927,  0.90062392,  0.97156429, ...,  0.06716274,
         -0.01350948,  0.        ]],

       ...,

       [[ 0.        ,  0.57215691, -0.20815498, ..., -0.60861191,
         -0.75801977, -0.50820796],
        [-0.57215691,  0.        , -0.7303414 , ..., -0.95313774,
         -0.9948643 , -0.909565  ],
        [ 0.20815498,  0.7303414 ,  0.        , ..., -0.43011646,
         -0.60565075, -0.31780587],
        ...,
        [ 0.60861191,  0.95313774,  0.43011646, ...,  0.        ,
         -0.20450857,  0.12091072],
        [ 0.75801977,  0.9948643 ,  0.60565075, ...,  0.20450857,
          0.        ,  0.32136341],
        [ 0.50820796,  0.909565  ,  0.31780587, ..., -0.12091072,
         -0.32136341,  0.        ]],

       [[ 0.        ,  0.20885911,  0.34842476, ..., -0.5403421 ,
         -0.53562998, -0.52297157],
        [-0.20885911,  0.        ,  0.14496919, ..., -0.7041688 ,
         -0.70018872, -0.68945891],
        [-0.34842476, -0.14496919,  0.        , ..., -0.79966293,
         -0.79629393, -0.78718036],
        ...,
        [ 0.5403421 ,  0.7041688 ,  0.79966293, ...,  0.        ,
          0.00558999,  0.02050862],
        [ 0.53562998,  0.70018872,  0.79629393, ..., -0.00558999,
          0.        ,  0.01491948],
        [ 0.52297157,  0.68945891,  0.78718036, ..., -0.02050862,
         -0.01491948,  0.        ]],

       [[ 0.        , -0.1246644 , -0.13114788, ..., -0.97386341,
         -0.88764179, -0.75753754],
        [ 0.1246644 ,  0.        , -0.00653713, ..., -0.93795068,
         -0.823305  , -0.67024809],
        [ 0.13114788,  0.00653713,  0.        , ..., -0.93566377,
         -0.81957694, -0.66538232],
        ...,
        [ 0.97386341,  0.93795068,  0.93566377, ...,  0.        ,
          0.24688369,  0.46366697],
        [ 0.88764179,  0.823305  ,  0.81957694, ..., -0.24688369,
          0.        ,  0.2305729 ],
        [ 0.75753754,  0.67024809,  0.66538232, ..., -0.46366697,
         -0.2305729 ,  0.        ]]]), 'num': array([9.80791482e-01, 1.94918541e-01, 4.19132235e-06, 2.35997880e-03,
       2.37885863e-03, 2.34109897e-03, 3.43191264e-03, 0.00000000e+00,
       2.33354704e-03, 2.27816620e-03, 2.29222119e-03, 8.69071559e-07,
       2.46934100e-03, 2.08699141e-03])}
{'img': array([[[ 0.        , -0.58296119, -0.34798527, ..., -0.9733872 ,
         -0.99913157, -0.99913157],
        [ 0.58296119,  0.        ,  0.26378808, ..., -0.92447237,
         -0.83608445, -0.83608445],
        [ 0.34798527, -0.26378808,  0.        , ..., -0.99229712,
         -0.95118523, -0.95118523],
        ...,
        [ 0.9733872 ,  0.92447237,  0.99229712, ...,  0.        ,
          0.18840985,  0.18840985],
        [ 0.99913157,  0.83608445,  0.95118523, ..., -0.18840985,
          0.        ,  0.        ],
        [ 0.99913157,  0.83608445,  0.95118523, ..., -0.18840985,
          0.        ,  0.        ]],

       [[ 0.        , -0.29827036, -0.65008307, ..., -0.87819326,
         -0.70026193, -0.86933336],
        [ 0.29827036,  0.        , -0.39384755, ..., -0.69555466,
         -0.45545596, -0.68234953],
        [ 0.65008307,  0.39384755,  0.        , ..., -0.35636809,
         -0.06801803, -0.33928633],
        ...,
        [ 0.87819326,  0.69555466,  0.35636809, ...,  0.        ,
          0.29199042,  0.01821875],
        [ 0.70026193,  0.45545596,  0.06801803, ..., -0.29199042,
          0.        , -0.27451716],
        [ 0.86933336,  0.68234953,  0.33928633, ..., -0.01821875,
          0.27451716,  0.        ]],

       [[ 0.        ,  0.20899513,  0.4758663 , ..., -0.90641294,
         -0.90062392, -0.90062392],
        [-0.20899513,  0.        ,  0.28154269, ..., -0.97467435,
         -0.97156429, -0.97156429],
        [-0.4758663 , -0.28154269,  0.        , ..., -0.99820861,
         -0.99892578, -0.99892578],
        ...,
        [ 0.90641294,  0.97467435,  0.99820861, ...,  0.        ,
          0.01350948,  0.01350948],
        [ 0.90062392,  0.97156429,  0.99892578, ..., -0.01350948,
          0.        ,  0.        ],
        [ 0.90062392,  0.97156429,  0.99892578, ..., -0.01350948,
          0.        ,  0.        ]],

       ...,

       [[ 0.        , -0.7303414 , -0.70320896, ..., -0.9948643 ,
         -0.909565  , -0.909565  ],
        [ 0.7303414 ,  0.        ,  0.03891089, ..., -0.60565075,
         -0.31780587, -0.31780587],
        [ 0.70320896, -0.03891089,  0.        , ..., -0.63615467,
         -0.35445878, -0.35445878],
        ...,
        [ 0.9948643 ,  0.60565075,  0.63615467, ...,  0.        ,
          0.32136341,  0.32136341],
        [ 0.909565  ,  0.31780587,  0.35445878, ..., -0.32136341,
          0.        ,  0.        ],
        [ 0.909565  ,  0.31780587,  0.35445878, ..., -0.32136341,
          0.        ,  0.        ]],

       [[ 0.        ,  0.14496919,  0.33280827, ..., -0.70018872,
         -0.68945891, -0.69409608],
        [-0.14496919,  0.        ,  0.19258739, ..., -0.79629393,
         -0.78718036, -0.79112453],
        [-0.33280827, -0.19258739,  0.        , ..., -0.89788518,
         -0.89121725, -0.8941116 ],
        ...,
        [ 0.70018872,  0.79629393,  0.89788518, ...,  0.        ,
          0.01491948,  0.0084982 ],
        [ 0.68945891,  0.78718036,  0.89121725, ..., -0.01491948,
          0.        , -0.00642169],
        [ 0.69409608,  0.79112453,  0.8941116 , ..., -0.0084982 ,
          0.00642169,  0.        ]],

       [[ 0.        , -0.00653713,  0.02674439, ..., -0.823305  ,
         -0.67024809, -0.46712133],
        [ 0.00653713,  0.        ,  0.03327861, ..., -0.81957694,
         -0.66538232, -0.46133126],
        [-0.02674439, -0.03327861,  0.        , ..., -0.8381906 ,
         -0.68985635, -0.49060145],
        ...,
        [ 0.823305  ,  0.81957694,  0.8381906 , ...,  0.        ,
          0.2305729 ,  0.462823  ],
        [ 0.67024809,  0.66538232,  0.68985635, ..., -0.2305729 ,
          0.        ,  0.24596074],
        [ 0.46712133,  0.46133126,  0.49060145, ..., -0.462823  ,
         -0.24596074,  0.        ]]]), 'num': array([ 9.99924559e-01,  8.64173868e-03,  5.30097765e-06,  2.40602626e-03,
        2.46392529e-03,  2.39959304e-03,  5.55600357e-03, -6.43322530e-06,
        2.39058652e-03,  2.34298066e-03,  2.33772686e-03,  8.52402353e-07,
        2.51649179e-03,  2.16946952e-03])}
{'img': array([[[ 0.        ,  0.2932584 ,  0.55540657, ..., -0.84870336,
         -0.84870336, -0.8596583 ],
        [-0.2932584 ,  0.        ,  0.28711961, ..., -0.96648393,
         -0.96648393, -0.97167865],
        [-0.55540657, -0.28711961,  0.        , ..., -0.99950126,
         -0.99950126, -0.998614  ],
        ...,
        [ 0.84870336,  0.96648393,  0.99950126, ...,  0.        ,
          0.        , -0.02107015],
        [ 0.84870336,  0.96648393,  0.99950126, ...,  0.        ,
          0.        , -0.02107015],
        [ 0.8596583 ,  0.97167865,  0.998614  , ...,  0.02107015,
          0.02107015,  0.        ]],

       [[ 0.        , -0.39384755, -0.09645261, ..., -0.45545596,
         -0.68234953, -0.00489826],
        [ 0.39384755,  0.        ,  0.30335436, ..., -0.06801803,
         -0.33928633,  0.38934047],
        [ 0.09645261, -0.30335436,  0.        , ..., -0.36746469,
         -0.60865875,  0.09157603],
        ...,
        [ 0.45545596,  0.06801803,  0.36746469, ...,  0.        ,
         -0.27451716,  0.45108978],
        [ 0.68234953,  0.33928633,  0.60865875, ...,  0.27451716,
          0.        ,  0.67876059],
        [ 0.00489826, -0.38934047, -0.09157603, ..., -0.45108978,
         -0.67876059,  0.        ]],

       [[ 0.        ,  0.28154269,  0.37075549, ..., -0.97156429,
         -0.97156429, -0.96715191],
        [-0.28154269,  0.        ,  0.09428067, ..., -0.99892578,
         -0.99892578, -0.99959726],
        [-0.37075549, -0.09428067,  0.        , ..., -0.99010737,
         -0.99010737, -0.9924692 ],
        ...,
        [ 0.97156429,  0.99892578,  0.99010737, ...,  0.        ,
          0.        ,  0.0179725 ],
        [ 0.97156429,  0.99892578,  0.99010737, ...,  0.        ,
          0.        ,  0.0179725 ],
        [ 0.96715191,  0.99959726,  0.9924692 , ..., -0.0179725 ,
         -0.0179725 ,  0.        ]],

       ...,

       [[ 0.        ,  0.25330644, -0.03224011, ..., -0.56542251,
         -0.56542251, -0.65551331],
        [-0.25330644,  0.        , -0.28436339, ..., -0.75590938,
         -0.75590938, -0.82542733],
        [ 0.03224011,  0.28436339,  0.        , ..., -0.53853689,
         -0.53853689, -0.63082534],
        ...,
        [ 0.56542251,  0.75590938,  0.53853689, ...,  0.        ,
          0.        , -0.11367048],
        [ 0.56542251,  0.75590938,  0.53853689, ...,  0.        ,
          0.        , -0.11367048],
        [ 0.65551331,  0.82542733,  0.63082534, ...,  0.11367048,
          0.11367048,  0.        ]],

       [[ 0.        ,  0.19258739,  0.45148319, ..., -0.78718036,
         -0.79112453, -0.80828402],
        [-0.19258739,  0.        ,  0.27118954, ..., -0.89121725,
         -0.8941116 , -0.90654686],
        [-0.45148319, -0.27118954,  0.        , ..., -0.980825  ,
         -0.9820563 , -0.98704541],
        ...,
        [ 0.78718036,  0.89121725,  0.980825  , ...,  0.        ,
         -0.00642169, -0.03500111],
        [ 0.79112453,  0.8941116 ,  0.9820563 , ...,  0.00642169,
          0.        , -0.02858263],
