state_0,state_1,state_2,state_3,state_4,state_5,state_6,state_7,state_8,state_9,state_10,state_11,state_12,state_13,state_14,state_15,state_16,state_17,state_18,state_19,state_20,state_21,state_22,state_23,state_24,state_25,state_26,state_27,state_28,state_29,state_30,state_31,state_32,state_33,state_34,state_35,state_36,state_37,state_38,state_39,state_40,state_41,state_42,state_43,state_44,state_45,state_46,state_47,state_48,state_49,state_50,state_51,state_52,state_53,state_54,state_55,state_56,state_57,state_58,state_59,state_60,state_61,state_62,state_63,state_64,state_65,state_66,state_67,state_68,state_69,state_70,state_71,state_72,state_73,state_74,state_75,state_76,state_77,state_78,state_79,state_80,state_81,state_82,state_83,state_84,state_85,state_86,state_87,state_88,state_89,state_90,state_91,state_92,state_93,state_94,state_95,state_96,state_97,state_98,state_99,state_100,state_101,state_102,state_103,state_104,state_105,state_106,state_107,state_108,state_109,state_110,state_111,state_112,state_113,state_114,state_115,state_116,state_117,state_118,state_119,state_120,state_121,state_122,state_123,state_124,state_125,state_126,state_127,state_128,state_129,state_130,state_131,state_132,state_133,state_134,state_135,state_136,state_137,state_138,state_139,state_140,state_141,state_142,state_143,state_144,state_145,state_146,state_147,state_148,state_149,state_150,state_151,state_152,state_153,state_154,state_155,state_156,state_157,state_158,state_159,state_160,state_161,state_162,state_163,state_164,state_165,state_166,state_167,state_168,state_169,state_170,state_171,state_172,state_173,state_174,state_175,state_176,state_177,state_178,state_179,state_180,state_181,state_182,state_183,state_184,state_185,state_186,state_187,state_188,state_189,state_190,state_191,state_192,state_193,state_194,state_195,state_196,state_197,state_198,state_199,state_200,state_201,state_202,state_203,state_204,state_205,state_206,state_207,state_208,state_209,state_210,state_211,state_212,state_213,state_214,state_215,state_216,state_217,state_218,state_219,state_220,state_221,state_222,state_223,state_224,state_225,state_226,state_227,state_228,state_229,state_230,state_231,state_232,state_233,state_234,state_235,state_236,state_237,state_238,state_239,state_240,state_241,state_242,state_243,state_244,state_245,state_246,state_247,state_248,state_249,state_250,state_251,state_252,state_253,state_254,state_255,state_256,state_257,state_258,state_259,state_260,state_261,state_262,state_263,state_264,state_265,state_266,state_267,state_268,state_269,state_270,state_271,state_272,state_273,state_274,state_275,state_276,state_277,state_278,state_279,state_280,state_281,state_282,state_283,state_284,state_285,state_286,state_287
{'img': array([[[ 0.00000000e+00,  1.07053171e-01, -2.84022484e-01, ...,
          7.90106456e-01,  8.47215107e-01,  9.98060407e-01],
        [-1.07053171e-01,  0.00000000e+00, -3.85034758e-01, ...,
          7.19945604e-01,  8.99218411e-01,  9.85660480e-01],
        [ 2.84022484e-01,  3.85034758e-01,  0.00000000e+00, ...,
          9.31665153e-01,  6.61437828e-01,  9.74639128e-01],
        ...,
        [-7.90106456e-01, -7.19945604e-01, -9.31665153e-01, ...,
          0.00000000e+00,  9.39061200e-01,  5.62594316e-01],
        [-8.47215107e-01, -8.99218411e-01, -6.61437828e-01, ...,
         -9.39061200e-01,  0.00000000e+00, -5.82961191e-01],
        [-9.98060407e-01, -9.85660480e-01, -9.74639128e-01, ...,
         -5.62594316e-01,  5.82961191e-01,  0.00000000e+00]],

       [[ 0.00000000e+00,  8.96989014e-02,  1.98609707e-02, ...,
          6.24711210e-01,  6.94950225e-01,  4.17761733e-01],
        [-8.96989014e-02,  0.00000000e+00, -6.99002987e-02, ...,
          5.52151040e-01,  6.27650133e-01,  3.34581175e-01],
        [-1.98609707e-02,  6.99002987e-02,  0.00000000e+00, ...,
          6.09079431e-01,  6.80531961e-01,  3.99634514e-01],
        ...,
        [-6.24711210e-01, -5.52151040e-01, -6.09079431e-01, ...,
          0.00000000e+00,  9.34524727e-02, -2.41373801e-01],
        [-6.94950225e-01, -6.27650133e-01, -6.80531961e-01, ...,
         -9.34524727e-02,  0.00000000e+00, -3.31006777e-01],
        [-4.17761733e-01, -3.34581175e-01, -3.99634514e-01, ...,
          2.41373801e-01,  3.31006777e-01,  0.00000000e+00]],

       [[ 0.00000000e+00, -4.26399470e-02, -1.57593508e-01, ...,
          4.71373322e-01,  8.52615658e-01,  9.14137001e-01],
        [ 4.26399470e-02,  0.00000000e+00, -1.15343056e-01, ...,
          5.08550219e-01,  8.74121224e-01,  8.96019132e-01],
        [ 1.57593508e-01,  1.15343056e-01,  0.00000000e+00, ...,
          6.04470111e-01,  9.24310116e-01,  8.38824748e-01],
        ...,
        [-4.71373322e-01, -5.08550219e-01, -6.04470111e-01, ...,
          0.00000000e+00,  5.05639817e-01,  9.97305593e-01],
        [-8.52615658e-01, -8.74121224e-01, -9.24310116e-01, ...,
         -5.05639817e-01,  0.00000000e+00,  8.23326822e-01],
        [-9.14137001e-01, -8.96019132e-01, -8.38824748e-01, ...,
         -9.97305593e-01, -8.23326822e-01,  0.00000000e+00]],

       ...,

       [[ 0.00000000e+00,  1.82802850e-01, -1.06894155e-02, ...,
          9.80234807e-01,  9.94660595e-01,  9.99714628e-01],
        [-1.82802850e-01,  0.00000000e+00, -1.93301700e-01, ...,
          9.27552169e-01,  9.96765465e-01,  9.87235925e-01],
        [ 1.06894155e-02,  1.93301700e-01,  0.00000000e+00, ...,
          9.82293571e-01,  9.93500615e-01,  9.99402156e-01],
        ...,
        [-9.80234807e-01, -9.27552169e-01, -9.82293571e-01, ...,
          0.00000000e+00,  2.97941806e-01,  2.21197563e-01],
        [-9.94660595e-01, -9.96765465e-01, -9.93500615e-01, ...,
         -2.97941806e-01,  0.00000000e+00, -7.94098328e-02],
        [-9.99714628e-01, -9.87235925e-01, -9.99402156e-01, ...,
         -2.21197563e-01,  7.94098328e-02,  0.00000000e+00]],

       [[ 0.00000000e+00, -5.98242708e-02,  7.58264137e-04, ...,
         -1.31589376e-01,  4.73811496e-01,  9.86187496e-01],
        [ 5.98242708e-02,  0.00000000e+00,  6.05811596e-02, ...,
         -7.20496324e-02,  5.25645689e-01,  9.94330021e-01],
        [-7.58264137e-04, -6.05811596e-02,  0.00000000e+00, ...,
         -1.32341009e-01,  4.73143612e-01,  9.86061619e-01],
        ...,
        [ 1.31589376e-01,  7.20496324e-02,  1.32341009e-01, ...,
          0.00000000e+00,  5.85572443e-01,  9.99407432e-01],
        [-4.73811496e-01, -5.25645689e-01, -4.73143612e-01, ...,
         -5.85572443e-01,  0.00000000e+00,  7.89983916e-01],
        [-9.86187496e-01, -9.94330021e-01, -9.86061619e-01, ...,
         -9.99407432e-01, -7.89983916e-01,  0.00000000e+00]],

       [[ 0.00000000e+00,  9.83337760e-02, -3.70724289e-02, ...,
         -8.36107194e-01, -9.80184553e-01, -9.87085936e-01],
        [-9.83337760e-02,  0.00000000e+00, -1.35158937e-01, ...,
         -8.85997567e-01, -9.94912667e-01, -9.66549767e-01],
        [ 3.70724289e-02,  1.35158937e-01,  0.00000000e+00, ...,
         -8.15195760e-01, -9.72167210e-01, -9.92346087e-01],
        ...,
        [ 8.36107194e-01,  8.85997567e-01,  8.15195760e-01, ...,
          0.00000000e+00, -3.72074506e-01, -6.75419243e-01],
        [ 9.80184553e-01,  9.94912667e-01,  9.72167210e-01, ...,
          3.72074506e-01,  0.00000000e+00, -3.52545701e-01],
        [ 9.87085936e-01,  9.66549767e-01,  9.92346087e-01, ...,
          6.75419243e-01,  3.52545701e-01,  0.00000000e+00]]]), 'num': array([ 9.94776912e-01,  2.37743557e-02,  1.75271220e-04,  1.03408153e-03,
        1.05834698e-03,  1.03221496e-03,  9.92238560e-02, -1.67991584e-05,
        1.04378771e-03,  9.87883844e-04,  9.93048030e-04,  1.13327656e-05,
        1.06395099e-03,  9.11816694e-04])}
{'img': array([[[ 0.        , -0.38503476, -0.14408654, ...,  0.89921841,
          0.98566048,  0.84836639],
        [ 0.38503476,  0.        ,  0.24803919, ...,  0.66143783,
          0.97463913,  0.98680018],
        [ 0.14408654, -0.24803919,  0.        , ...,  0.82679728,
          0.99968846,  0.91579456],
        ...,
        [-0.89921841, -0.66143783, -0.82679728, ...,  0.        ,
         -0.58296119, -0.84721511],
        [-0.98566048, -0.97463913, -0.99968846, ...,  0.58296119,
          0.        , -0.37866414],
        [-0.84836639, -0.98680018, -0.91579456, ...,  0.84721511,
          0.37866414,  0.        ]],

       [[ 0.        , -0.0699003 , -0.11212285, ...,  0.62765013,
          0.33458117,  0.35953185],
        [ 0.0699003 ,  0.        , -0.04238907, ...,  0.68053196,
          0.39963451,  0.42387869],
        [ 0.11212285,  0.04238907,  0.        , ...,  0.71097953,
          0.43813229,  0.46189028],
        ...,
        [-0.62765013, -0.68053196, -0.71097953, ...,  0.        ,
         -0.33100678, -0.305787  ],
        [-0.33458117, -0.39963451, -0.43813229, ...,  0.33100678,
          0.        ,  0.02660225],
        [-0.35953185, -0.42387869, -0.46189028, ...,  0.305787  ,
         -0.02660225,  0.        ]],

       [[ 0.        , -0.11360295, -0.10461342, ...,  0.85997668,
          0.98522992,  0.88967016],
        [ 0.11360295,  0.        ,  0.00904343, ...,  0.91238476,
          0.95939877,  0.8320391 ],
        [ 0.10461342, -0.00904343,  0.        , ...,  0.90864567,
          0.96191027,  0.83702162],
        ...,
        [-0.85997668, -0.91238476, -0.90864567, ...,  0.        ,
          0.65005523,  0.84669693],
        [-0.98522992, -0.95939877, -0.96191027, ..., -0.65005523,
          0.        ,  0.29751552],
        [-0.88967016, -0.8320391 , -0.83702162, ..., -0.84669693,
         -0.29751552,  0.        ]],

       ...,

       [[ 0.        , -0.1933017 ,  0.19880081, ...,  0.99676547,
          0.98723592,  0.92434849],
        [ 0.1933017 ,  0.        ,  0.38449468, ...,  0.99350062,
          0.99940216,  0.98066882],
        [-0.19880081, -0.38449468,  0.        , ...,  0.96089322,
          0.93586867,  0.83004611],
        ...,
        [-0.99676547, -0.99350062, -0.96089322, ...,  0.        ,
         -0.07940983, -0.30602947],
        [-0.98723592, -0.99940216, -0.93586867, ...,  0.07940983,
          0.        , -0.22946313],
        [-0.92434849, -0.98066882, -0.83004611, ...,  0.30602947,
          0.22946313,  0.        ]],

       [[ 0.        ,  0.05417315,  0.00469423, ...,  0.4570773 ,
          0.80562612,  0.99999845],
        [-0.05417315,  0.        , -0.04948522, ...,  0.40822305,
          0.77234962,  0.99862542],
        [-0.00469423,  0.04948522,  0.        , ...,  0.45289709,
          0.80283627,  0.9999957 ],
        ...,
        [-0.4570773 , -0.40822305, -0.45289709, ...,  0.        ,
          0.44576191,  0.89023066],
        [-0.80562612, -0.77234962, -0.80283627, ..., -0.44576191,
          0.        ,  0.59384236],
        [-0.99999845, -0.99862542, -0.9999957 , ..., -0.89023066,
         -0.59384236,  0.        ]],

       [[ 0.        , -0.13515894, -0.20664964, ..., -0.99491267,
         -0.96654977, -0.99983715],
        [ 0.13515894,  0.        , -0.07251188, ..., -0.97216721,
         -0.99234609, -0.98822345],
        [ 0.20664964,  0.07251188,  0.        , ..., -0.95261936,
         -0.99868812, -0.97452641],
        ...,
        [ 0.99491267,  0.97216721,  0.95261936, ...,  0.        ,
         -0.3525457 , -0.08277025],
        [ 0.96654977,  0.99234609,  0.99868812, ...,  0.3525457 ,
          0.        ,  0.27388004],
        [ 0.99983715,  0.98822345,  0.97452641, ...,  0.08277025,
         -0.27388004,  0.        ]]]), 'num': array([9.38428954e-01, 3.45429715e-01, 1.06272265e-04, 6.03377329e-05,
       6.09865257e-05, 5.94726758e-05, 5.41958275e-03, 4.32528551e-07,
       6.03809858e-05, 5.74506048e-05, 5.75911766e-05, 6.50359959e-07,
       6.20117307e-05, 5.28894790e-05])}
{'img': array([[[ 0.        ,  0.24803919,  0.41661236, ...,  0.97463913,
          0.98680018,  0.99997622],
        [-0.24803919,  0.        ,  0.17810471, ...,  0.99968846,
          0.91579456,  0.96701645],
        [-0.41661236, -0.17810471,  0.        , ...,  0.97925958,
          0.82961718,  0.9061896 ],
        ...,
        [-0.97463913, -0.99968846, -0.97925958, ...,  0.        ,
         -0.37866414, -0.23049834],
        [-0.98680018, -0.91579456, -0.82961718, ...,  0.37866414,
          0.        ,  0.15513366],
        [-0.99997622, -0.96701645, -0.9061896 , ...,  0.23049834,
         -0.15513366,  0.        ]],

       [[ 0.        , -0.04238907,  0.35173535, ...,  0.39963451,
          0.42387869,  0.40878797],
        [ 0.04238907,  0.        ,  0.39109959, ...,  0.43813229,
          0.46189028,  0.44710605],
        [-0.35173535, -0.39109959,  0.        , ...,  0.05167081,
          0.07821924,  0.06166219],
        ...,
        [-0.39963451, -0.43813229, -0.05167081, ...,  0.        ,
          0.02660225,  0.01000733],
        [-0.42387869, -0.46189028, -0.07821924, ..., -0.02660225,
          0.        , -0.01659713],
        [-0.40878797, -0.44710605, -0.06166219, ..., -0.01000733,
          0.01659713,  0.        ]],

       [[ 0.        ,  0.00904343,  0.07952472, ...,  0.95939877,
          0.8320391 ,  0.94219229],
        [-0.00904343,  0.        ,  0.07050669, ...,  0.96191027,
          0.83702162,  0.94518397],
        [-0.07952472, -0.07050669,  0.        , ...,  0.97879046,
          0.87351766,  0.96585483],
        ...,
        [-0.95939877, -0.96191027, -0.97879046, ...,  0.        ,
          0.29751552,  0.05571996],
        [-0.8320391 , -0.83702162, -0.87351766, ..., -0.29751552,
          0.        , -0.24385652],
        [-0.94219229, -0.94518397, -0.96585483, ..., -0.05571996,
          0.24385652,  0.        ]],

       ...,

       [[ 0.        ,  0.38449468,  0.557526  , ...,  0.99940216,
          0.98066882,  0.97556268],
        [-0.38449468,  0.        ,  0.19547551, ...,  0.93586867,
          0.83004611,  0.81608677],
        [-0.557526  , -0.19547551,  0.        , ...,  0.84893883,
          0.70501767,  0.68737225],
        ...,
        [-0.99940216, -0.93586867, -0.84893883, ...,  0.        ,
         -0.22946313, -0.25331865],
        [-0.98066882, -0.83004611, -0.70501767, ...,  0.22946313,
          0.        , -0.02458073],
        [-0.97556268, -0.81608677, -0.68737225, ...,  0.25331865,
          0.02458073,  0.        ]],

       [[ 0.        , -0.04478061, -0.11713347, ...,  0.66722477,
          0.83423298,  0.99875863],
        [ 0.04478061,  0.        , -0.07254361, ...,  0.69991057,
          0.85808869,  0.99552613],
        [ 0.11713347,  0.07254361,  0.        , ...,  0.74987933,
          0.89307909,  0.98604876],
        ...,
        [-0.66722477, -0.69991057, -0.74987933, ...,  0.        ,
          0.25346798,  0.77716732],
        [-0.83423298, -0.85808869, -0.89307909, ..., -0.25346798,
          0.        ,  0.59228209],
        [-0.99875863, -0.99552613, -0.98604876, ..., -0.77716732,
         -0.59228209,  0.        ]],

       [[ 0.        , -0.07251188, -0.09882925, ..., -0.99234609,
         -0.98822345, -0.96805903],
        [ 0.07251188,  0.        , -0.0264122 , ..., -0.99868812,
         -0.97452641, -0.94733031],
        [ 0.09882925,  0.0264122 ,  0.        , ..., -0.99969217,
         -0.96826289, -0.9385411 ],
        ...,
        [ 0.99234609,  0.99868812,  0.99969217, ...,  0.        ,
          0.27388004,  0.36834688],
        [ 0.98822345,  0.97452641,  0.96826289, ..., -0.27388004,
          0.        ,  0.09963962],
        [ 0.96805903,  0.94733031,  0.9385411 , ..., -0.36834688,
         -0.09963962,  0.        ]]]), 'num': array([ 9.37798230e-01,  3.47163272e-01,  1.06805598e-04,  6.00971670e-05,
        6.09665655e-05,  5.97711426e-05,  3.47901739e-03, -5.43374024e-07,
        6.07926858e-05,  5.79454059e-05,  5.79526509e-05,  6.27558732e-07,
        6.25635609e-05,  5.33272509e-05])}
{'img': array([[[ 0.        ,  0.17810471,  0.17810471, ...,  0.91579456,
          0.96701645,  0.90053793],
        [-0.17810471,  0.        ,  0.        , ...,  0.82961718,
          0.9061896 ,  0.80870381],
        [-0.17810471,  0.        ,  0.        , ...,  0.82961718,
          0.9061896 ,  0.80870381],
        ...,
        [-0.91579456, -0.82961718, -0.82961718, ...,  0.        ,
          0.15513366, -0.03646844],
        [-0.96701645, -0.9061896 , -0.9061896 , ..., -0.15513366,
          0.        , -0.19105741],
        [-0.90053793, -0.80870381, -0.80870381, ...,  0.03646844,
          0.19105741,  0.        ]],

       [[ 0.        ,  0.39109959,  0.15383636, ...,  0.46189028,
          0.44710605,  0.34271585],
        [-0.39109959,  0.        , -0.24486103, ...,  0.07821924,
          0.06166219, -0.05199628],
        [-0.15383636,  0.24486103,  0.        , ...,  0.31994893,
          0.30418016,  0.19411638],
        ...,
        [-0.46189028, -0.07821924, -0.31994893, ...,  0.        ,
         -0.01659713, -0.12995041],
        [-0.44710605, -0.06166219, -0.30418016, ...,  0.01659713,
          0.        , -0.11347611],
        [-0.34271585,  0.05199628, -0.19411638, ...,  0.12995041,
          0.11347611,  0.        ]],

       [[ 0.        ,  0.07033224,  0.10435252, ...,  0.89680167,
          0.95356311,  0.83590629],
        [-0.07033224,  0.        ,  0.03414585, ...,  0.92569814,
          0.97238533,  0.87243968],
        [-0.10435252, -0.03414585,  0.        , ...,  0.93807444,
          0.97978729,  0.88861875],
        ...,
        [-0.89680167, -0.92569814, -0.93807444, ...,  0.        ,
         -0.15177695,  0.12239715],
        [-0.95356311, -0.97238533, -0.97978729, ...,  0.15177695,
          0.        ,  0.27161492],
        [-0.83590629, -0.87243968, -0.88861875, ..., -0.12239715,
         -0.27161492,  0.        ]],

       ...,

       [[ 0.        ,  0.19547551,  0.36046962, ...,  0.83004611,
          0.81608677,  0.75393178],
        [-0.19547551,  0.        ,  0.17118177, ...,  0.70501767,
          0.68737225,  0.61096919],
        [-0.36046962, -0.17118177,  0.        , ...,  0.57321088,
          0.55289604,  0.46643417],
        ...,
        [-0.83004611, -0.70501767, -0.57321088, ...,  0.        ,
         -0.02458073, -0.12483724],
        [-0.81608677, -0.68737225, -0.55289604, ...,  0.02458073,
          0.        , -0.10041108],
        [-0.75393178, -0.61096919, -0.46643417, ...,  0.12483724,
          0.10041108,  0.        ]],

       [[ 0.        , -0.06887975, -0.13807342, ...,  0.79800345,
          0.9428686 ,  0.98910532],
        [ 0.06887975,  0.        , -0.06952547, ...,  0.83761875,
          0.96357757,  0.97661641],
        [ 0.13807342,  0.06952547,  0.        , ...,  0.87357051,
          0.97983901,  0.95930594],
        ...,
        [-0.79800345, -0.83761875, -0.87357051, ...,  0.        ,
          0.3023558 ,  0.71356092],
        [-0.9428686 , -0.96357757, -0.97983901, ..., -0.3023558 ,
          0.        ,  0.46833438],
        [-0.98910532, -0.97661641, -0.95930594, ..., -0.71356092,
         -0.46833438,  0.        ]],

       [[ 0.        , -0.0264122 , -0.04802469, ..., -0.97452641,
         -0.94733031, -0.87385337],
        [ 0.0264122 ,  0.        , -0.02162621, ..., -0.96826289,
         -0.9385411 , -0.86070718],
        [ 0.04802469,  0.02162621,  0.        , ..., -0.96263132,
         -0.93085694, -0.84949597],
        ...,
        [ 0.97452641,  0.96826289,  0.96263132, ...,  0.        ,
          0.09963962,  0.27782305],
        [ 0.94733031,  0.9385411 ,  0.93085694, ..., -0.09963962,
          0.        ,  0.18072345],
        [ 0.87385337,  0.86070718,  0.84949597, ..., -0.27782305,
         -0.18072345,  0.        ]]]), 'num': array([ 9.36490251e-01,  3.50672876e-01,  1.07885336e-04,  5.96069775e-05,
        6.07047119e-05,  5.87287899e-05,  3.80852361e-03, -1.09773439e-06,
        6.08364400e-05,  5.86354825e-05,  5.85824254e-05,  6.20787725e-07,
        6.32986060e-05,  5.39723590e-05])}
{'img': array([[[ 0.        ,  0.        ,  0.16490938, ...,  0.9061896 ,
          0.80870381,  0.57037536],
        [ 0.        ,  0.        ,  0.16490938, ...,  0.9061896 ,
          0.80870381,  0.57037536],
        [-0.16490938, -0.16490938,  0.        , ...,  0.82404721,
          0.70062927,  0.42711225],
        ...,
        [-0.9061896 , -0.9061896 , -0.82404721, ...,  0.        ,
         -0.19105741, -0.50313423],
        [-0.80870381, -0.80870381, -0.70062927, ...,  0.19105741,
          0.        , -0.32875254],
        [-0.57037536, -0.57037536, -0.42711225, ...,  0.50313423,
          0.32875254,  0.        ]],

       [[ 0.        , -0.25085779, -0.3579118 , ...,  0.06216203,
         -0.05255506, -0.03341565],
        [ 0.25085779,  0.        , -0.11222738, ...,  0.31054698,
          0.19963655,  0.21837055],
        [ 0.3579118 ,  0.11222738,  0.        , ...,  0.41526375,
          0.3083436 ,  0.32650988],
        ...,
        [-0.06216203, -0.31054698, -0.41526375, ...,  0.        ,
         -0.11452954, -0.09547833],
        [ 0.05255506, -0.19963655, -0.3083436 , ...,  0.11452954,
          0.        ,  0.01915624],
        [ 0.03341565, -0.21837055, -0.32650988, ...,  0.09547833,
         -0.01915624,  0.        ]],

       [[ 0.        ,  0.03414585,  0.08419238, ...,  0.97238533,
          0.87243968,  0.99215771],
        [-0.03414585,  0.        ,  0.05011867, ...,  0.97978729,
          0.88861875,  0.98731117],
        [-0.08419238, -0.05011867,  0.        , ...,  0.98858181,
          0.91048875,  0.97811167],
        ...,
        [-0.97238533, -0.97978729, -0.98858181, ...,  0.        ,
          0.27161492, -0.35309164],
        [-0.87243968, -0.88861875, -0.91048875, ..., -0.27161492,
          0.        , -0.59393737],
        [-0.99215771, -0.98731117, -0.97811167, ...,  0.35309164,
          0.59393737,  0.        ]],

       ...,

       [[ 0.        ,  0.17118177,  0.46577916, ...,  0.68737225,
          0.61096919,  0.57175064],
        [-0.17118177,  0.        ,  0.30742509, ...,  0.55289604,
          0.46643417,  0.42286908],
        [-0.46577916, -0.30742509,  0.        , ...,  0.26995851,
          0.17191114,  0.1238047 ],
        ...,
        [-0.68737225, -0.55289604, -0.26995851, ...,  0.        ,
         -0.10041108, -0.14867354],
        [-0.61096919, -0.46643417, -0.17191114, ...,  0.10041108,
          0.        , -0.048627  ],
        [-0.57175064, -0.42286908, -0.1238047 , ...,  0.14867354,
          0.048627  ,  0.        ]],

       [[ 0.        , -0.0681984 , -0.24421563, ...,  0.94259138,
          0.9971912 ,  0.9722812 ],
        [ 0.0681984 ,  0.        , -0.17751362, ...,  0.96317156,
          0.99997744,  0.95407173],
        [ 0.24421563,  0.17751362,  0.        , ...,  0.99560601,
          0.98528845,  0.88574027],
        ...,
        [-0.94259138, -0.96317156, -0.99560601, ...,  0.        ,
          0.26241217,  0.54508331],
        [-0.9971912 , -0.99997744, -0.98528845, ..., -0.26241217,
          0.        ,  0.30597973],
        [-0.9722812 , -0.95407173, -0.88574027, ..., -0.54508331,
         -0.30597973,  0.        ]],

       [[ 0.        , -0.02162621,  0.03553615, ..., -0.9385411 ,
         -0.86070718, -0.81266318],
        [ 0.02162621,  0.        ,  0.05714038, ..., -0.93085694,
         -0.84949597, -0.7998708 ],
        [-0.03553615, -0.05714038,  0.        , ..., -0.95021423,
         -0.87825501, -0.83285801],
        ...,
        [ 0.9385411 ,  0.93085694,  0.95021423, ...,  0.        ,
          0.18072345,  0.2664146 ],
        [ 0.86070718,  0.84949597,  0.87825501, ..., -0.18072345,
          0.        ,  0.08783596],
        [ 0.81266318,  0.7998708 ,  0.83285801, ..., -0.2664146 ,
         -0.08783596,  0.        ]]]), 'num': array([ 9.33317222e-01,  3.58996848e-01,  1.10446226e-04,  5.84371564e-05,
        6.16961517e-05,  5.70886067e-05,  6.33924025e-03, -2.58472038e-06,
        6.13140626e-05,  6.00048455e-05,  5.99655128e-05,  6.10270864e-07,
        6.48040930e-05,  5.52055980e-05])}
{'img': array([[[ 0.        ,  0.16490938,  0.28884343, ...,  0.80870381,
          0.57037536, -0.14125491],
        [-0.16490938,  0.        ,  0.12700846, ...,  0.70062927,
          0.42711225, -0.30257682],
        [-0.28884343, -0.12700846,  0.        , ...,  0.60433155,
          0.30881246, -0.42118138],
        ...,
        [-0.80870381, -0.70062927, -0.60433155, ...,  0.        ,
         -0.32875254, -0.88368355],
        [-0.57037536, -0.42711225, -0.30881246, ...,  0.32875254,
          0.        , -0.6806809 ],
        [ 0.14125491,  0.30257682,  0.42118138, ...,  0.88368355,
          0.6806809 ,  0.        ]],

       [[ 0.        , -0.11222738,  0.07372718, ...,  0.19963655,
          0.21837055,  0.34269281],
        [ 0.11222738,  0.        ,  0.18518336, ...,  0.3083436 ,
          0.32650988,  0.4459596 ],
        [-0.07372718, -0.18518336,  0.        , ...,  0.12685017,
          0.14582839,  0.27249733],
        ...,
        [-0.19963655, -0.3083436 , -0.12685017, ...,  0.        ,
          0.01915624,  0.14824635],
        [-0.21837055, -0.32650988, -0.14582839, ..., -0.01915624,
          0.        ,  0.12927457],
        [-0.34269281, -0.4459596 , -0.27249733, ..., -0.14824635,
         -0.12927457,  0.        ]],

       [[ 0.        ,  0.05011867,  0.20863356, ...,  0.88861875,
          0.98731117,  0.82965985],
        [-0.05011867,  0.        ,  0.15935561, ...,  0.91048875,
          0.97811167,  0.80063748],
        [-0.20863356, -0.15935561,  0.        , ...,  0.96475278,
          0.9324538 ,  0.69492857],
        ...,
        [-0.88861875, -0.91048875, -0.96475278, ...,  0.        ,
         -0.59393737, -0.87660919],
        [-0.98731117, -0.97811167, -0.9324538 , ...,  0.59393737,
          0.        , -0.41943753],
        [-0.82965985, -0.80063748, -0.69492857, ...,  0.87660919,
          0.41943753,  0.        ]],

       ...,

       [[ 0.        ,  0.30742509,  0.4238652 , ...,  0.46643417,
          0.42286908,  0.34011177],
        [-0.30742509,  0.        ,  0.1248957 , ...,  0.17191114,
          0.1238047 ,  0.03454298],
        [-0.4238652 , -0.1248957 ,  0.        , ...,  0.04752875,
         -0.00109953, -0.09054866],
        ...,
        [-0.46643417, -0.17191114, -0.04752875, ...,  0.        ,
         -0.048627  , -0.13777983],
        [-0.42286908, -0.1238047 ,  0.00109953, ...,  0.048627  ,
          0.        , -0.08945359],
        [-0.34011177, -0.03454298,  0.09054866, ...,  0.13777983,
          0.08945359,  0.        ]],

       [[ 0.        , -0.17742776, -0.3571448 , ...,  0.99994487,
          0.96822429,  0.95392308],
        [ 0.17742776,  0.        , -0.18575205, ...,  0.98594267,
          0.90849054,  0.88555055],
        [ 0.3571448 ,  0.18575205,  0.        , ...,  0.93774777,
          0.81505297,  0.78384918],
        ...,
        [-0.99994487, -0.98594267, -0.93774777, ...,  0.        ,
          0.26023659,  0.3100515 ],
        [-0.96822429, -0.90849054, -0.81505297, ..., -0.26023659,
          0.        ,  0.05195657],
        [-0.95392308, -0.88555055, -0.78384918, ..., -0.3100515 ,
         -0.05195657,  0.        ]],

       [[ 0.        ,  0.05714038,  0.13197716, ..., -0.84949597,
         -0.7998708 , -0.82178535],
        [-0.05714038,  0.        ,  0.07512097, ..., -0.87825501,
         -0.83285801, -0.85300111],
        [-0.13197716, -0.07512097,  0.        , ..., -0.91169573,
         -0.87208316, -0.88979721],
        ...,
        [ 0.84949597,  0.87825501,  0.91169573, ...,  0.        ,
          0.08783596,  0.05047048],
        [ 0.7998708 ,  0.83285801,  0.87208316, ..., -0.08783596,
          0.        , -0.03744861],
        [ 0.82178535,  0.85300111,  0.88979721, ..., -0.05047048,
          0.03744861,  0.        ]]]), 'num': array([9.34728926e-01, 3.55334918e-01, 1.09319624e-04, 5.89533993e-05,
       5.90646321e-05, 5.65062771e-05, 4.34631155e-03, 1.11232829e-06,
       6.01547138e-05, 5.94428237e-05, 5.93649608e-05, 6.35616165e-07,
       6.41522699e-05, 5.47333776e-05])}
{'img': array([[[ 0.        ,  0.12700846,  0.25      , ...,  0.42711225,
         -0.30257682,  0.03214146],
        [-0.12700846,  0.        ,  0.125     , ...,  0.30881246,
         -0.42118138, -0.09506167],
        [-0.25      , -0.125     ,  0.        , ...,  0.1875    ,
         -0.53125   , -0.21875   ],
        ...,
        [-0.42711225, -0.30881246, -0.1875    , ...,  0.        ,
         -0.6806809 , -0.39782931],
        [ 0.30257682,  0.42118138,  0.53125   , ...,  0.6806809 ,
          0.        ,  0.33305532],
        [-0.03214146,  0.09506167,  0.21875   , ...,  0.39782931,
         -0.33305532,  0.        ]],

       [[ 0.        ,  0.18518336, -0.03216185, ...,  0.32650988,
          0.4459596 ,  0.35413368],
        [-0.18518336,  0.        , -0.21669315, ...,  0.14582839,
          0.27249733,  0.17482606],
        [ 0.03216185,  0.21669315,  0.        , ...,  0.35674015,
          0.47451546,  0.38402808],
        ...,
        [-0.32650988, -0.14582839, -0.35674015, ...,  0.        ,
          0.12927457,  0.02937462],
        [-0.4459596 , -0.27249733, -0.47451546, ..., -0.12927457,
          0.        , -0.10009065],
        [-0.35413368, -0.17482606, -0.38402808, ..., -0.02937462,
          0.10009065,  0.        ]],

       [[ 0.        ,  0.15935561,  0.29376354, ...,  0.97811167,
          0.80063748,  0.66821942],
        [-0.15935561,  0.        ,  0.13768506, ...,  0.9324538 ,
          0.69492857,  0.54112553],
        [-0.29376354, -0.13768506,  0.        , ...,  0.87382903,
          0.5893037 ,  0.42018676],
        ...,
        [-0.97811167, -0.9324538 , -0.87382903, ...,  0.        ,
         -0.41943753, -0.58863657],
        [-0.80063748, -0.69492857, -0.5893037 , ...,  0.41943753,
          0.        , -0.19528261],
        [-0.66821942, -0.54112553, -0.42018676, ...,  0.58863657,
          0.19528261,  0.        ]],

       ...,

       [[ 0.        ,  0.1248957 ,  0.05387201, ...,  0.1238047 ,
          0.03454298,  0.14754831],
        [-0.1248957 ,  0.        , -0.07126415, ..., -0.00109953,
         -0.09054866,  0.02286429],
        [-0.05387201,  0.07126415,  0.        , ...,  0.07016737,
         -0.01934704,  0.09405168],
        ...,
        [-0.1238047 ,  0.00109953, -0.07016737, ...,  0.        ,
         -0.08945359,  0.02396352],
        [-0.03454298,  0.09054866,  0.01934704, ...,  0.08945359,
          0.        ,  0.11329535],
        [-0.14754831, -0.02286429, -0.09405168, ..., -0.02396352,
         -0.11329535,  0.        ]],

       [[ 0.        , -0.18549995, -0.36130677, ...,  0.92916063,
          0.92402889,  0.88495449],
        [ 0.18549995,  0.        , -0.18206715, ...,  0.84445944,
          0.83707086,  0.78321231],
        [ 0.36130677,  0.18206715,  0.        , ...,  0.73282652,
          0.7234722 ,  0.65692073],
        ...,
        [-0.92916063, -0.84445944, -0.73282652, ...,  0.        ,
          0.01364764,  0.10554256],
        [-0.92402889, -0.83707086, -0.7234722 , ..., -0.01364764,
          0.        ,  0.09196131],
        [-0.88495449, -0.78321231, -0.65692073, ..., -0.10554256,
         -0.09196131,  0.        ]],

       [[ 0.        ,  0.07512097,  0.15234662, ..., -0.83285801,
         -0.85300111, -0.81427125],
        [-0.07512097,  0.        ,  0.07767206, ..., -0.87208316,
         -0.88979721, -0.85557703],
        [-0.15234662, -0.07767206,  0.        , ..., -0.90745799,
         -0.92255522, -0.89320122],
        ...,
        [ 0.83285801,  0.87208316,  0.90745799, ...,  0.        ,
         -0.03744861,  0.0327729 ],
        [ 0.85300111,  0.88979721,  0.92255522, ...,  0.03744861,
          0.        ,  0.07017841],
        [ 0.81427125,  0.85557703,  0.89320122, ..., -0.0327729 ,
         -0.07017841,  0.        ]]]), 'num': array([9.38353206e-01, 3.45401833e-01, 1.06263687e-04, 6.03328626e-05,
       6.14140967e-05, 5.78460242e-05, 1.38128737e-02, 3.02745547e-06,
       5.84731400e-05, 5.79649599e-05, 5.77577234e-05, 6.93840062e-07,
       6.26415443e-05, 5.32883756e-05])}
{'img': array([[[ 0.        ,  0.125     , -0.06324631, ..., -0.42118138,
         -0.09506167,  0.7454208 ],
        [-0.125     ,  0.        , -0.1875    , ..., -0.53125   ,
         -0.21875   ,  0.65625   ],
        [ 0.06324631,  0.1875    ,  0.        , ..., -0.36297524,
         -0.03191146,  0.78608806],
        ...,
        [ 0.42118138,  0.53125   ,  0.36297524, ...,  0.        ,
          0.33305532,  0.95683616],
        [ 0.09506167,  0.21875   ,  0.03191146, ..., -0.33305532,
          0.        ,  0.80541264],
        [-0.7454208 , -0.65625   , -0.78608806, ..., -0.95683616,
         -0.80541264,  0.        ]],

       [[ 0.        , -0.21669315, -0.08428164, ...,  0.27249733,
          0.17482606,  0.54197936],
        [ 0.21669315,  0.        ,  0.13364305, ...,  0.47451546,
          0.38402808,  0.71120895],
        [ 0.08428164, -0.13364305,  0.        , ...,  0.35261992,
          0.25718768,  0.61088059],
        ...,
        [-0.27249733, -0.47451546, -0.35261992, ...,  0.        ,
         -0.10009065,  0.29246446],
        [-0.17482606, -0.38402808, -0.25718768, ...,  0.10009065,
          0.        ,  0.38671013],
        [-0.54197936, -0.71120895, -0.61088059, ..., -0.29246446,
         -0.38671013,  0.        ]],

       [[ 0.        ,  0.13768506,  0.18987519, ...,  0.69492857,
          0.54112553,  0.54112553],
        [-0.13768506,  0.        ,  0.0528865 , ...,  0.5893037 ,
          0.42018676,  0.42018676],
        [-0.18987519, -0.0528865 ,  0.        , ...,  0.54575137,
          0.37160751,  0.37160751],
        ...,
        [-0.69492857, -0.5893037 , -0.54575137, ...,  0.        ,
         -0.19528261, -0.19528261],
        [-0.54112553, -0.42018676, -0.37160751, ...,  0.19528261,
          0.        ,  0.        ],
        [-0.54112553, -0.42018676, -0.37160751, ...,  0.19528261,
          0.        ,  0.        ]],

       ...,

       [[ 0.        , -0.07126415, -0.46037703, ..., -0.09054866,
          0.02286429,  0.32411401],
        [ 0.07126415,  0.        , -0.39594366, ..., -0.01934704,
          0.09405168,  0.39070711],
        [ 0.46037703,  0.39594366,  0.        , ...,  0.37810365,
          0.48055385,  0.72324859],
        ...,
        [ 0.09054866,  0.01934704, -0.37810365, ...,  0.        ,
          0.11329535,  0.40844322],
        [-0.02286429, -0.09405168, -0.48055385, ..., -0.11329535,
          0.        ,  0.30239925],
        [-0.32411401, -0.39070711, -0.72324859, ..., -0.40844322,
         -0.30239925,  0.        ]],

       [[ 0.        , -0.17533006, -0.31557873, ...,  0.98250691,
          0.98096002,  0.76378524],
        [ 0.17533006,  0.        , -0.14431974, ...,  0.93463656,
          0.93171385,  0.63878361],
        [ 0.31557873,  0.14431974,  0.        , ...,  0.87353121,
          0.86954389,  0.5210586 ],
        ...,
        [-0.98250691, -0.93463656, -0.87353121, ...,  0.        ,
          0.00813209,  0.49194243],
        [-0.98096002, -0.93171385, -0.86954389, ..., -0.00813209,
          0.        ,  0.48484614],
        [-0.76378524, -0.63878361, -0.5210586 , ..., -0.49194243,
         -0.48484614,  0.        ]],

       [[ 0.        ,  0.07767206,  0.1174706 , ..., -0.88979721,
         -0.85557703, -0.82172311],
        [-0.07767206,  0.        ,  0.03998144, ..., -0.92255522,
         -0.89320122, -0.86350495],
        [-0.1174706 , -0.03998144,  0.        , ..., -0.93724501,
         -0.91046498, -0.88297876],
        ...,
        [ 0.88979721,  0.92255522,  0.93724501, ...,  0.        ,
          0.07017841,  0.13208543],
        [ 0.85557703,  0.89320122,  0.91046498, ..., -0.07017841,
          0.        ,  0.06219624],
        [ 0.82172311,  0.86350495,  0.88297876, ..., -0.13208543,
         -0.06219624,  0.        ]]]), 'num': array([9.96030506e-01, 8.79371064e-02, 1.62449620e-04, 6.40539872e-05,
       6.62311352e-05, 6.37102270e-05, 1.37927256e-02, 1.14586739e-07,
       6.21060126e-05, 6.15961016e-05, 6.12599805e-05, 7.37499757e-07,
       6.66688010e-05, 5.65234022e-05])}
{'img': array([[[ 0.        , -0.1875    , -0.1875    , ..., -0.21875   ,
          0.65625   ,  0.6875    ],
        [ 0.1875    ,  0.        ,  0.        , ..., -0.03191146,
          0.78608806,  0.81146649],
        [ 0.1875    ,  0.        ,  0.        , ..., -0.03191146,
          0.78608806,  0.81146649],
        ...,
        [ 0.21875   ,  0.03191146,  0.03191146, ...,  0.        ,
          0.80541264,  0.82970223],
        [-0.65625   , -0.78608806, -0.78608806, ..., -0.80541264,
          0.        ,  0.04219018],
        [-0.6875    , -0.81146649, -0.81146649, ..., -0.82970223,
         -0.04219018,  0.        ]],

       [[ 0.        ,  0.13364305,  0.03960126, ...,  0.38402808,
          0.71120895,  0.69259945],
        [-0.13364305,  0.        , -0.0942922 , ...,  0.25718768,
          0.61088059,  0.58998678],
        [-0.03960126,  0.0942922 ,  0.        , ...,  0.34716214,
          0.68281213,  0.66349087],
        ...,
        [-0.38402808, -0.25718768, -0.34716214, ...,  0.        ,
          0.38671013,  0.36248384],
        [-0.71120895, -0.61088059, -0.68281213, ..., -0.38671013,
          0.        , -0.02612692],
        [-0.69259945, -0.58998678, -0.66349087, ..., -0.36248384,
          0.02612692,  0.        ]],

       [[ 0.        ,  0.0528865 ,  0.10541566, ...,  0.42018676,
          0.42018676,  0.46295878],
        [-0.0528865 ,  0.        ,  0.0526763 , ...,  0.37160751,
          0.37160751,  0.41543335],
        [-0.10541566, -0.0526763 ,  0.        , ...,  0.32218744,
          0.32218744,  0.36694097],
        ...,
        [-0.42018676, -0.37160751, -0.32218744, ...,  0.        ,
          0.        ,  0.04766116],
        [-0.42018676, -0.37160751, -0.32218744, ...,  0.        ,
          0.        ,  0.04766116],
        [-0.46295878, -0.41543335, -0.36694097, ..., -0.04766116,
         -0.04766116,  0.        ]],

       ...,

       [[ 0.        , -0.39594366, -0.08819855, ...,  0.09405168,
          0.39070711,  0.39914184],
        [ 0.39594366,  0.        ,  0.31341013, ...,  0.48055385,
          0.72324859,  0.72955836],
        [ 0.08819855, -0.31341013,  0.        , ...,  0.18149274,
          0.47037258,  0.47845465],
        ...,
        [-0.09405168, -0.48055385, -0.18149274, ...,  0.        ,
          0.30239925,  0.3111376 ],
        [-0.39070711, -0.72324859, -0.47037258, ..., -0.30239925,
          0.        ,  0.00918094],
        [-0.39914184, -0.72955836, -0.47845465, ..., -0.3111376 ,
         -0.00918094,  0.        ]],

       [[ 0.        , -0.13985605, -0.28177918, ...,  0.97883433,
          0.91267731,  0.62293548],
        [ 0.13985605,  0.        , -0.14482083, ...,  0.94059207,
          0.84655087,  0.50740753],
        [ 0.28177918,  0.14482083,  0.        , ...,  0.88150397,
          0.76053718,  0.37726538],
        ...,
        [-0.97883433, -0.94059207, -0.88150397, ...,  0.        ,
          0.21324771,  0.63822951],
        [-0.91267731, -0.84655087, -0.76053718, ..., -0.21324771,
          0.        ,  0.45938114],
        [-0.62293548, -0.50740753, -0.37726538, ..., -0.63822951,
         -0.45938114,  0.        ]],

       [[ 0.        ,  0.03998144,  0.07323069, ..., -0.89320122,
         -0.86350495, -0.84666243],
        [-0.03998144,  0.        ,  0.03329805, ..., -0.91046498,
         -0.88297876, -0.86726079],
        [-0.07323069, -0.03329805,  0.        , ..., -0.92373171,
         -0.89811965, -0.88335744],
        ...,
        [ 0.89320122,  0.91046498,  0.92373171, ...,  0.        ,
          0.06219624,  0.09459167],
        [ 0.86350495,  0.88297876,  0.89811965, ..., -0.06219624,
          0.        ,  0.03249117],
        [ 0.84666243,  0.86726079,  0.88335744, ..., -0.09459167,
         -0.03249117,  0.        ]]]), 'num': array([9.97175524e-01, 7.49034958e-02, 1.64105343e-04, 6.41535913e-05,
       6.50668097e-05, 6.30120683e-05, 5.51195785e-03, 3.42456893e-07,
