state_0,state_1,state_2,state_3,state_4,state_5,state_6,state_7,state_8,state_9,state_10,state_11,state_12,state_13,state_14,state_15,state_16,state_17,state_18,state_19,state_20,state_21,state_22,state_23,state_24,state_25,state_26,state_27,state_28,state_29,state_30,state_31,state_32,state_33,state_34,state_35,state_36,state_37,state_38,state_39,state_40,state_41,state_42,state_43,state_44,state_45,state_46,state_47,state_48,state_49,state_50,state_51,state_52,state_53,state_54,state_55,state_56,state_57,state_58,state_59,state_60,state_61,state_62,state_63,state_64,state_65,state_66,state_67,state_68,state_69,state_70,state_71,state_72,state_73,state_74,state_75,state_76,state_77,state_78,state_79,state_80,state_81,state_82,state_83,state_84,state_85,state_86,state_87,state_88,state_89,state_90,state_91,state_92,state_93,state_94,state_95,state_96,state_97,state_98,state_99,state_100,state_101,state_102,state_103,state_104,state_105,state_106,state_107,state_108,state_109,state_110,state_111,state_112,state_113,state_114,state_115,state_116,state_117,state_118,state_119,state_120,state_121,state_122,state_123,state_124,state_125,state_126,state_127,state_128,state_129,state_130,state_131,state_132,state_133,state_134,state_135,state_136,state_137,state_138,state_139,state_140,state_141,state_142,state_143,state_144,state_145,state_146,state_147,state_148,state_149,state_150,state_151,state_152,state_153,state_154,state_155,state_156,state_157,state_158,state_159,state_160,state_161,state_162,state_163,state_164,state_165,state_166,state_167,state_168,state_169,state_170,state_171,state_172,state_173,state_174,state_175,state_176,state_177,state_178,state_179,state_180,state_181,state_182,state_183,state_184,state_185,state_186,state_187,state_188,state_189,state_190,state_191,state_192,state_193,state_194,state_195,state_196,state_197,state_198,state_199,state_200,state_201,state_202,state_203,state_204,state_205,state_206,state_207,state_208,state_209,state_210,state_211,state_212,state_213,state_214,state_215,state_216,state_217,state_218,state_219,state_220,state_221,state_222,state_223,state_224,state_225,state_226,state_227,state_228,state_229,state_230,state_231,state_232,state_233,state_234,state_235,state_236,state_237,state_238,state_239,state_240,state_241,state_242,state_243,state_244,state_245,state_246,state_247,state_248,state_249,state_250,state_251,state_252,state_253,state_254,state_255,state_256,state_257,state_258,state_259,state_260,state_261,state_262,state_263,state_264,state_265,state_266,state_267,state_268,state_269,state_270,state_271,state_272,state_273,state_274,state_275,state_276,state_277,state_278,state_279,state_280,state_281,state_282,state_283,state_284,state_285,state_286,state_287
{'img': array([[[ 0.        ,  0.2463121 ,  0.11374711, ...,  0.81538303,
          0.93082767,  0.94122063],
        [-0.2463121 ,  0.        , -0.13447084, ...,  0.64766608,
          0.81213256,  0.82901979],
        [-0.11374711,  0.13447084,  0.        , ...,  0.74424029,
          0.88321651,  0.89668894],
        ...,
        [-0.81538303, -0.64766608, -0.74424029, ...,  0.        ,
          0.24088788,  0.26946297],
        [-0.93082767, -0.81213256, -0.88321651, ..., -0.24088788,
          0.        ,  0.02955046],
        [-0.94122063, -0.82901979, -0.89668894, ..., -0.26946297,
         -0.02955046,  0.        ]],

       [[ 0.        , -0.10340119, -0.20024862, ...,  0.33888666,
         -0.01314965, -0.23499551],
        [ 0.10340119,  0.        , -0.09786842, ...,  0.43435279,
          0.09031309, -0.13323028],
        [ 0.20024862,  0.09786842,  0.        , ...,  0.5204219 ,
          0.187348  , -0.03559475],
        ...,
        [-0.33888666, -0.43435279, -0.5204219 , ...,  0.        ,
         -0.35122891, -0.5504868 ],
        [ 0.01314965, -0.09031309, -0.187348  , ...,  0.35122891,
          0.        , -0.22219378],
        [ 0.23499551,  0.13323028,  0.03559475, ...,  0.5504868 ,
          0.22219378,  0.        ]],

       [[ 0.        ,  0.10540998,  0.12960027, ...,  0.99821981,
          0.99739412,  0.99580242],
        [-0.10540998,  0.        ,  0.02435726, ...,  0.98637169,
          0.98423264,  0.9806066 ],
        [-0.12960027, -0.02435726,  0.        , ...,  0.98207149,
          0.97963236,  0.97554198],
        ...,
        [-0.99821981, -0.98637169, -0.98207149, ...,  0.        ,
         -0.01253012, -0.031974  ],
        [-0.99739412, -0.98423264, -0.97963236, ...,  0.01253012,
          0.        , -0.01944778],
        [-0.99580242, -0.9806066 , -0.97554198, ...,  0.031974  ,
          0.01944778,  0.        ]],

       ...,

       [[ 0.        ,  0.51194523,  0.77140842, ...,  0.1893157 ,
          0.58469205,  0.81038221],
        [-0.51194523,  0.        ,  0.33688238, ..., -0.34006175,
          0.08694275,  0.39618346],
        [-0.77140842, -0.33688238,  0.        , ..., -0.63698927,
         -0.25374605,  0.06370949],
        ...,
        [-0.1893157 ,  0.34006175,  0.63698927, ...,  0.        ,
          0.42053527,  0.68480712],
        [-0.58469205, -0.08694275,  0.25374605, ..., -0.42053527,
          0.        ,  0.31485489],
        [-0.81038221, -0.39618346, -0.06370949, ..., -0.68480712,
         -0.31485489,  0.        ]],

       [[ 0.        , -0.08897294, -0.18927564, ...,  0.99845015,
          0.99260019,  0.98473583],
        [ 0.08897294,  0.        , -0.10116031, ...,  0.99944198,
          0.99946742,  0.99631665],
        [ 0.18927564,  0.10116031,  0.        , ...,  0.99093598,
          0.99764139,  0.99988022],
        ...,
        [-0.99845015, -0.99944198, -0.99093598, ...,  0.        ,
         -0.06599879, -0.11898199],
        [-0.99260019, -0.99946742, -0.99764139, ...,  0.06599879,
          0.        , -0.05319261],
        [-0.98473583, -0.99631665, -0.99988022, ...,  0.11898199,
          0.05319261,  0.        ]],

       [[ 0.        ,  0.04259573,  0.07861558, ...,  0.95413354,
          0.96013868,  0.96307039],
        [-0.04259573,  0.        ,  0.03608033, ...,  0.96601992,
          0.97117379,  0.97366519],
        [-0.07861558, -0.03608033,  0.        , ...,  0.97471654,
          0.97914201,  0.98125692],
        ...,
        [-0.95413354, -0.96601992, -0.97471654, ...,  0.        ,
         -0.02074433, -0.03142512],
        [-0.96013868, -0.97117379, -0.97914201, ...,  0.02074433,
          0.        , -0.01068428],
        [-0.96307039, -0.97366519, -0.98125692, ...,  0.03142512,
          0.01068428,  0.        ]]]), 'num': array([7.75102083e-01, 6.12483856e-01, 1.49328032e-06, 5.42060756e-02,
       5.47038357e-02, 5.26132433e-02, 3.08596333e-02, 0.00000000e+00,
       5.42558516e-02, 5.45022429e-02, 5.05417316e-02, 2.67010388e-05,
       5.76135382e-02, 5.13909476e-02])}
{'img': array([[[ 0.        , -0.13447084, -0.08859736, ...,  0.81213256,
          0.82901979,  0.82901979],
        [ 0.13447084,  0.        ,  0.04614936, ...,  0.88321651,
          0.89668894,  0.89668894],
        [ 0.08859736, -0.04614936,  0.        , ...,  0.86063303,
          0.87530503,  0.87530503],
        ...,
        [-0.81213256, -0.88321651, -0.86063303, ...,  0.        ,
          0.02955046,  0.02955046],
        [-0.82901979, -0.89668894, -0.87530503, ..., -0.02955046,
          0.        ,  0.        ],
        [-0.82901979, -0.89668894, -0.87530503, ..., -0.02955046,
          0.        ,  0.        ]],

       [[ 0.        , -0.09786842, -0.38378252, ...,  0.09031309,
         -0.13323028, -0.11603991],
        [ 0.09786842,  0.        , -0.29156612, ...,  0.187348  ,
         -0.03559475, -0.01827557],
        [ 0.38378252,  0.29156612,  0.        , ...,  0.46561139,
          0.25733318,  0.27403592],
        ...,
        [-0.09031309, -0.187348  , -0.46561139, ...,  0.        ,
         -0.22219378, -0.20526869],
        [ 0.13323028,  0.03559475, -0.25733318, ...,  0.22219378,
          0.        ,  0.01732482],
        [ 0.11603991,  0.01827557, -0.27403592, ...,  0.20526869,
         -0.01732482,  0.        ]],

       [[ 0.        ,  0.02435726,  0.04638529, ...,  0.98423264,
          0.9806066 ,  0.97163246],
        [-0.02435726,  0.        ,  0.02204048, ...,  0.97963236,
          0.97554198,  0.9655838 ],
        [-0.04638529, -0.02204048,  0.        , ...,  0.97496866,
          0.97046021,  0.95961668],
        ...,
        [-0.98423264, -0.97963236, -0.97496866, ...,  0.        ,
         -0.01944778, -0.06090592],
        [-0.9806066 , -0.97554198, -0.97046021, ...,  0.01944778,
          0.        , -0.04148273],
        [-0.97163246, -0.9655838 , -0.95961668, ...,  0.06090592,
          0.04148273,  0.        ]],

       ...,

       [[ 0.        ,  0.33688238,  0.38038065, ...,  0.08694275,
          0.39618346,  0.30908437],
        [-0.33688238,  0.        ,  0.04658722, ..., -0.25374605,
          0.06370949, -0.02936943],
        [-0.38038065, -0.04658722,  0.        , ..., -0.298533  ,
          0.01714773, -0.07590466],
        ...,
        [-0.08694275,  0.25374605,  0.298533  , ...,  0.        ,
          0.31485489,  0.22522839],
        [-0.39618346, -0.06370949, -0.01714773, ..., -0.31485489,
          0.        , -0.09299177],
        [-0.30908437,  0.02936943,  0.07590466, ..., -0.22522839,
          0.09299177,  0.        ]],

       [[ 0.        , -0.10116031, -0.13462934, ...,  0.99946742,
          0.99631665,  0.98216812],
        [ 0.10116031,  0.        , -0.03369936, ...,  0.99764139,
          0.99988022,  0.99614835],
        [ 0.13462934,  0.03369936,  0.        , ...,  0.99476157,
          0.99879073,  0.99853745],
        ...,
        [-0.99946742, -0.99764139, -0.99476157, ...,  0.        ,
         -0.05319261, -0.15585415],
        [-0.99631665, -0.99988022, -0.99879073, ...,  0.05319261,
          0.        , -0.10309091],
        [-0.98216812, -0.99614835, -0.99853745, ...,  0.15585415,
          0.10309091,  0.        ]],

       [[ 0.        ,  0.03608033,  0.04189214, ...,  0.97117379,
          0.97366519,  0.95750658],
        [-0.03608033,  0.        ,  0.00581621, ...,  0.97914201,
          0.98125692,  0.96728912],
        [-0.04189214, -0.00581621,  0.        , ...,  0.98030717,
          0.98236113,  0.9687482 ],
        ...,
        [-0.97117379, -0.97914201, -0.98030717, ...,  0.        ,
         -0.01068428,  0.05185432],
        [-0.97366519, -0.98125692, -0.98236113, ...,  0.01068428,
          0.        ,  0.06252126],
        [-0.95750658, -0.96728912, -0.9687482 , ..., -0.05185432,
         -0.06252126,  0.        ]]]), 'num': array([ 9.02786759e-01,  4.29834926e-01,  4.66882362e-06,  4.63678267e-03,
        4.89311024e-03,  4.61847356e-03,  5.58752910e-03, -3.47873132e-04,
        4.87571659e-03,  4.97664557e-03,  4.65295572e-03,  1.78436263e-06,
        5.26522290e-03,  4.68806824e-03])}
{'img': array([[[ 0.        ,  0.04614936, -0.0236232 , ...,  0.89668894,
          0.89668894,  0.56254911],
        [-0.04614936,  0.        , -0.06973451, ...,  0.87530503,
          0.87530503,  0.52379512],
        [ 0.0236232 ,  0.06973451,  0.        , ...,  0.90689578,
          0.90689578,  0.58192293],
        ...,
        [-0.89668894, -0.87530503, -0.90689578, ...,  0.        ,
          0.        , -0.49233136],
        [-0.89668894, -0.87530503, -0.90689578, ...,  0.        ,
          0.        , -0.49233136],
        [-0.56254911, -0.52379512, -0.58192293, ...,  0.49233136,
          0.49233136,  0.        ]],

       [[ 0.        , -0.29156612,  0.05594027, ..., -0.03559475,
         -0.01827557,  0.48359188],
        [ 0.29156612,  0.        ,  0.34461927, ...,  0.25733318,
          0.27403592,  0.7177861 ],
        [-0.05594027, -0.34461927,  0.        , ..., -0.09144383,
         -0.07417788,  0.43387047],
        ...,
        [ 0.03559475, -0.25733318,  0.09144383, ...,  0.        ,
          0.01732482,  0.51444128],
        [ 0.01827557, -0.27403592,  0.07417788, ..., -0.01732482,
          0.        ,  0.4995076 ],
        [-0.48359188, -0.7177861 , -0.43387047, ..., -0.51444128,
         -0.4995076 ,  0.        ]],

       [[ 0.        ,  0.02204048,  0.08927898, ...,  0.97554198,
          0.9655838 ,  0.89505636],
        [-0.02204048,  0.        ,  0.06730482, ...,  0.97046021,
          0.95961668,  0.88500991],
        [-0.08927898, -0.06730482,  0.        , ...,  0.95202161,
          0.93850713,  0.85166787],
        ...,
        [-0.97554198, -0.97046021, -0.95202161, ...,  0.        ,
         -0.04148273, -0.23830069],
        [-0.9655838 , -0.95961668, -0.93850713, ...,  0.04148273,
          0.        , -0.1978079 ],
        [-0.89505636, -0.88500991, -0.85166787, ...,  0.23830069,
          0.1978079 ,  0.        ]],

       ...,

       [[ 0.        ,  0.04658722, -0.05895829, ...,  0.06370949,
         -0.02936943, -0.61050938],
        [-0.04658722,  0.        , -0.10540046, ...,  0.01714773,
         -0.07590466, -0.646744  ],
        [ 0.05895829,  0.10540046,  0.        , ...,  0.12243718,
          0.02961452, -0.56275187],
        ...,
        [-0.06370949, -0.01714773, -0.12243718, ...,  0.        ,
         -0.09299177, -0.65972761],
        [ 0.02936943,  0.07590466, -0.02961452, ...,  0.09299177,
          0.        , -0.58698517],
        [ 0.61050938,  0.646744  ,  0.56275187, ...,  0.65972761,
          0.58698517,  0.        ]],

       [[ 0.        , -0.03369936, -0.0917947 , ...,  0.99988022,
          0.99614835,  0.98733166],
        [ 0.03369936,  0.        , -0.05818549, ...,  0.99879073,
          0.99853745,  0.99211795],
        [ 0.0917947 ,  0.05818549,  0.        , ...,  0.99423796,
          0.99999148,  0.99772817],
        ...,
        [-0.99988022, -0.99879073, -0.99423796, ...,  0.        ,
         -0.10309091, -0.17393216],
        [-0.99614835, -0.99853745, -0.99999148, ...,  0.10309091,
          0.        , -0.07148588],
        [-0.98733166, -0.99211795, -0.99772817, ...,  0.17393216,
          0.07148588,  0.        ]],

       [[ 0.        ,  0.00581621,  0.0165304 , ...,  0.98125692,
          0.96728912,  0.9971266 ],
        [-0.00581621,  0.        ,  0.01071471, ...,  0.98236113,
          0.9687482 ,  0.99755033],
        [-0.0165304 , -0.01071471,  0.        , ...,  0.98430832,
          0.97135033,  0.99824259],
        ...,
        [-0.98125692, -0.98236113, -0.98430832, ...,  0.        ,
          0.06252126, -0.11781707],
        [-0.96728912, -0.9687482 , -0.97135033, ..., -0.06252126,
          0.        , -0.17967239],
        [-0.9971266 , -0.99755033, -0.99824259, ...,  0.11781707,
          0.17967239,  0.        ]]]), 'num': array([9.05086736e-01, 4.24995677e-01, 4.61626018e-06, 4.70677509e-03,
       4.72035233e-03, 4.53027102e-03, 3.89684772e-03, 1.22195123e-04,
       4.81177238e-03, 4.89776154e-03, 4.60916985e-03, 2.07429992e-06,
       5.17458921e-03, 4.62093387e-03])}
