state_0,state_1,state_2,state_3,state_4,state_5,state_6,state_7,state_8,state_9,state_10,state_11,state_12,state_13,state_14,state_15,state_16,state_17,state_18,state_19,state_20,state_21,state_22,state_23,state_24,state_25,state_26,state_27,state_28,state_29,state_30,state_31,state_32,state_33,state_34,state_35,state_36,state_37,state_38,state_39,state_40,state_41,state_42,state_43,state_44,state_45,state_46,state_47,state_48,state_49,state_50,state_51,state_52,state_53,state_54,state_55,state_56,state_57,state_58,state_59,state_60,state_61,state_62,state_63,state_64,state_65,state_66,state_67,state_68,state_69,state_70,state_71,state_72,state_73,state_74,state_75,state_76,state_77,state_78,state_79,state_80,state_81,state_82,state_83,state_84,state_85,state_86,state_87,state_88,state_89,state_90,state_91,state_92,state_93,state_94,state_95,state_96,state_97,state_98,state_99,state_100,state_101,state_102,state_103,state_104,state_105,state_106,state_107,state_108,state_109,state_110,state_111,state_112,state_113,state_114,state_115,state_116,state_117,state_118,state_119,state_120,state_121,state_122,state_123,state_124,state_125,state_126,state_127,state_128,state_129,state_130,state_131,state_132,state_133,state_134,state_135,state_136,state_137,state_138,state_139,state_140,state_141,state_142,state_143,state_144,state_145,state_146,state_147,state_148,state_149,state_150,state_151,state_152,state_153,state_154,state_155,state_156,state_157,state_158,state_159,state_160,state_161,state_162,state_163,state_164,state_165,state_166,state_167,state_168,state_169,state_170,state_171,state_172,state_173,state_174,state_175,state_176,state_177,state_178,state_179,state_180,state_181,state_182,state_183,state_184,state_185,state_186,state_187,state_188,state_189,state_190,state_191,state_192,state_193,state_194,state_195,state_196,state_197,state_198,state_199,state_200,state_201,state_202,state_203,state_204,state_205,state_206,state_207,state_208,state_209,state_210,state_211,state_212,state_213,state_214,state_215,state_216,state_217,state_218,state_219,state_220,state_221,state_222,state_223,state_224,state_225,state_226,state_227,state_228,state_229,state_230,state_231,state_232,state_233,state_234,state_235,state_236,state_237,state_238,state_239,state_240,state_241,state_242,state_243,state_244,state_245,state_246,state_247,state_248,state_249,state_250,state_251,state_252,state_253,state_254,state_255,state_256,state_257,state_258,state_259,state_260,state_261,state_262,state_263,state_264,state_265,state_266,state_267,state_268,state_269,state_270,state_271,state_272,state_273,state_274,state_275,state_276,state_277,state_278,state_279,state_280,state_281,state_282,state_283,state_284,state_285,state_286,state_287
{'img': array([[[ 0.        ,  0.30402917,  0.30402917, ...,  0.49336482,
          0.47189117,  0.47189117],
        [-0.30402917,  0.        ,  0.        , ...,  0.73446168,
          0.71760252,  0.71760252],
        [-0.30402917,  0.        ,  0.        , ...,  0.73446168,
          0.71760252,  0.71760252],
        ...,
        [-0.49336482, -0.73446168, -0.73446168, ...,  0.        ,
          0.0245169 ,  0.0245169 ],
        [-0.47189117, -0.71760252, -0.71760252, ..., -0.0245169 ,
          0.        ,  0.        ],
        [-0.47189117, -0.71760252, -0.71760252, ..., -0.0245169 ,
          0.        ,  0.        ]],

       [[ 0.        ,  0.08472482,  0.12228916, ...,  0.21324427,
          0.13203498,  0.05065932],
        [-0.08472482,  0.        ,  0.03776053, ...,  0.12970147,
          0.04757717, -0.03413887],
        [-0.12228916, -0.03776053,  0.        , ...,  0.09216739,
          0.00982546, -0.07185305],
        ...,
        [-0.21324427, -0.12970147, -0.09216739, ...,  0.        ,
         -0.0823793 , -0.16347637],
        [-0.13203498, -0.04757717, -0.00982546, ...,  0.0823793 ,
          0.        , -0.08164965],
        [-0.05065932,  0.03413887,  0.07185305, ...,  0.16347637,
          0.08164965,  0.        ]],

       [[ 0.        ,  0.31306804,  0.39516163, ...,  0.35682524,
          0.27410567,  0.29037798],
        [-0.31306804,  0.        ,  0.08770919, ...,  0.63134702,
          0.56140397,  0.57535945],
        [-0.39516163, -0.08770919,  0.        , ...,  0.6969324 ,
          0.63182342,  0.64487949],
        ...,
        [-0.35682524, -0.63134702, -0.6969324 , ...,  0.        ,
          0.08709708,  0.07018764],
        [-0.27410567, -0.56140397, -0.63182342, ..., -0.08709708,
          0.        , -0.01696137],
        [-0.29037798, -0.57535945, -0.64487949, ..., -0.07018764,
          0.01696137,  0.        ]],

       ...,

       [[ 0.        ,  0.06918918, -0.42904253, ..., -0.70715413,
         -0.33936992, -0.18350241],
        [-0.06918918,  0.        , -0.49051185, ..., -0.75438034,
         -0.40363964, -0.25107695],
        [ 0.42904253,  0.49051185,  0.        , ..., -0.33540266,
          0.09703263,  0.25600223],
        ...,
        [ 0.70715413,  0.75438034,  0.33540266, ...,  0.        ,
          0.42523196,  0.56539903],
        [ 0.33936992,  0.40363964, -0.09703263, ..., -0.42523196,
          0.        ,  0.16099507],
        [ 0.18350241,  0.25107695, -0.25600223, ..., -0.56539903,
         -0.16099507,  0.        ]],

       [[ 0.        , -0.21921466, -0.05344387, ...,  0.63201612,
          0.62015736,  0.60011005],
        [ 0.21921466,  0.        ,  0.16675743, ...,  0.44676183,
          0.4331041 ,  0.41015973],
        [ 0.05344387, -0.16675743,  0.        , ...,  0.58969627,
          0.57734555,  0.55650172],
        ...,
        [-0.63201612, -0.44676183, -0.58969627, ...,  0.        ,
          0.01520819,  0.0405023 ],
        [-0.62015736, -0.4331041 , -0.57734555, ..., -0.01520819,
          0.        ,  0.0253019 ],
        [-0.60011005, -0.41015973, -0.55650172, ..., -0.0405023 ,
         -0.0253019 ,  0.        ]],

       [[ 0.        ,  0.05166023,  0.04696913, ...,  0.49305641,
          0.365938  ,  0.2311414 ],
        [-0.05166023,  0.        , -0.0046968 , ...,  0.5373423 ,
          0.4135264 ,  0.28109404],
        [-0.04696913,  0.0046968 ,  0.        , ...,  0.53337526,
          0.40924544,  0.27658351],
        ...,
        [-0.49305641, -0.5373423 , -0.53337526, ...,  0.        ,
          0.14049255,  0.27861212],
        [-0.365938  , -0.4135264 , -0.40924544, ..., -0.14049255,
          0.        ,  0.14091921],
        [-0.2311414 , -0.28109404, -0.27658351, ..., -0.27861212,
         -0.14091921,  0.        ]]]), 'num': array([7.10579274e-01, 7.03240962e-01, 1.44739873e-06, 1.46766231e-03,
       1.46766231e-03, 1.43581954e-03, 2.26454215e-02, 0.00000000e+00,
       1.46766231e-03, 1.44667503e-03, 1.27093670e-03, 1.66182817e-05,
       1.52472996e-03, 1.36862010e-03])}
{'img': array([[[ 0.        ,  0.        ,  0.        , ...,  0.4772126 ,
          0.4772126 ,  0.4772126 ],
        [ 0.        ,  0.        ,  0.        , ...,  0.4772126 ,
          0.4772126 ,  0.4772126 ],
        [ 0.        ,  0.        ,  0.        , ...,  0.4772126 ,
          0.4772126 ,  0.4772126 ],
        ...,
        [-0.4772126 , -0.4772126 , -0.4772126 , ...,  0.        ,
          0.        ,  0.        ],
        [-0.4772126 , -0.4772126 , -0.4772126 , ...,  0.        ,
          0.        ,  0.        ],
        [-0.4772126 , -0.4772126 , -0.4772126 , ...,  0.        ,
          0.        ,  0.        ]],

       [[ 0.        ,  0.03776053, -0.03347877, ...,  0.04757717,
         -0.03413887,  0.11389165],
        [-0.03776053,  0.        , -0.07119426, ...,  0.00982546,
         -0.07185305,  0.0762956 ],
        [ 0.03347877,  0.07119426,  0.        , ...,  0.08099135,
         -0.00066048,  0.14708874],
        ...,
        [-0.04757717, -0.00982546, -0.08099135, ...,  0.        ,
         -0.08164965,  0.06649509],
        [ 0.03413887,  0.07185305,  0.00066048, ...,  0.08164965,
          0.        ,  0.147742  ],
        [-0.11389165, -0.0762956 , -0.14708874, ..., -0.06649509,
         -0.147742  ,  0.        ]],

       [[ 0.        ,  0.25064691,  0.28176194, ...,  0.27754689,
          0.29401403,  0.30188101],
        [-0.25064691,  0.        ,  0.03227591, ...,  0.50948671,
          0.52419727,  0.53119767],
        [-0.28176194, -0.03227591,  0.        , ...,  0.53699399,
          0.55141023,  0.55826661],
        ...,
        [-0.27754689, -0.50948671, -0.53699399, ...,  0.        ,
         -0.01718321, -0.02542264],
        [-0.29401403, -0.52419727, -0.55141023, ...,  0.01718321,
          0.        , -0.00824122],
        [-0.30188101, -0.53119767, -0.55826661, ...,  0.02542264,
          0.00824122,  0.        ]],

       ...,

       [[ 0.        , -0.49051185,  0.10823623, ..., -0.40363964,
         -0.25107695,  0.14929991],
        [ 0.49051185,  0.        ,  0.58195098, ...,  0.09703263,
          0.25600223,  0.61511926],
        [-0.10823623, -0.58195098,  0.        , ..., -0.50029562,
         -0.35437103,  0.04139968],
        ...,
        [ 0.40363964, -0.09703263,  0.50029562, ...,  0.        ,
          0.16099507,  0.53571281],
        [ 0.25107695, -0.25600223,  0.35437103, ..., -0.16099507,
          0.        ,  0.39278027],
        [-0.14929991, -0.61511926, -0.04139968, ..., -0.53571281,
         -0.39278027,  0.        ]],

       [[ 0.        ,  0.16675743,  0.19687657, ...,  0.4331041 ,
          0.41015973,  0.40456527],
        [-0.16675743,  0.        ,  0.03062619, ...,  0.57734555,
          0.55650172,  0.55140172],
        [-0.19687657, -0.03062619,  0.        , ...,  0.602081  ,
          0.58168633,  0.57669265],
        ...,
        [-0.4331041 , -0.57734555, -0.602081  , ...,  0.        ,
          0.0253019 ,  0.03142522],
        [-0.41015973, -0.55650172, -0.58168633, ..., -0.0253019 ,
          0.        ,  0.00612575],
        [-0.40456527, -0.55140172, -0.57669265, ..., -0.03142522,
         -0.00612575,  0.        ]],

       [[ 0.        , -0.00465858, -0.01058747, ...,  0.54141129,
          0.51022453,  0.27889709],
        [ 0.00465858,  0.        , -0.00592903, ...,  0.53748867,
          0.50621242,  0.27442033],
        [ 0.01058747,  0.00592903,  0.        , ...,  0.53247945,
          0.50109027,  0.26871409],
        ...,
        [-0.54141129, -0.53748867, -0.53247945, ...,  0.        ,
          0.03666074,  0.2854437 ],
        [-0.51022453, -0.50621242, -0.50109027, ..., -0.03666074,
          0.        ,  0.25011633],
        [-0.27889709, -0.27442033, -0.26871409, ..., -0.2854437 ,
         -0.25011633,  0.        ]]]), 'num': array([ 7.07105605e-01,  7.07105605e-01,  0.00000000e+00,  6.67380571e-05,
        6.71353075e-05,  6.58111397e-05,  1.81436148e-03, -3.97250340e-07,
        6.70293740e-05,  6.60892149e-05,  5.84719396e-05,  7.50900033e-07,
        6.95153567e-05,  6.26630730e-05])}
{'img': array([[[ 0.00000000e+00,  0.00000000e+00,  4.16597790e-01, ...,
          4.77212598e-01,  4.77212598e-01,  5.38814807e-01],
        [ 0.00000000e+00,  0.00000000e+00,  4.16597790e-01, ...,
          4.77212598e-01,  4.77212598e-01,  5.38814807e-01],
        [-4.16597790e-01, -4.16597790e-01,  0.00000000e+00, ...,
          7.99930724e-01,  7.99930724e-01,  8.40783720e-01],
        ...,
        [-4.77212598e-01, -4.77212598e-01, -7.99930724e-01, ...,
          0.00000000e+00,  0.00000000e+00, -7.14884592e-02],
        [-4.77212598e-01, -4.77212598e-01, -7.99930724e-01, ...,
          0.00000000e+00,  0.00000000e+00, -7.14884592e-02],
        [-5.38814807e-01, -5.38814807e-01, -8.40783720e-01, ...,
          7.14884592e-02,  7.14884592e-02,  0.00000000e+00]],

       [[ 0.00000000e+00, -7.11942566e-02, -6.33945736e-03, ...,
         -7.18530487e-02,  7.62955957e-02,  3.55076022e-01],
        [ 7.11942566e-02,  0.00000000e+00,  6.48694552e-02, ...,
         -6.60483614e-04,  1.47088736e-01,  4.20730062e-01],
        [ 6.33945736e-03, -6.48694552e-02,  0.00000000e+00, ...,
         -6.55285335e-02,  8.26150419e-02,  3.60995249e-01],
        ...,
        [ 7.18530487e-02,  6.60483614e-04,  6.55285335e-02, ...,
          0.00000000e+00,  1.47742004e-01,  4.21329151e-01],
        [-7.62955957e-02, -1.47088736e-01, -8.26150419e-02, ...,
         -1.47742004e-01,  0.00000000e+00,  2.82717083e-01],
        [-3.55076022e-01, -4.20730062e-01, -3.60995249e-01, ...,
         -4.21329151e-01, -2.82717083e-01,  0.00000000e+00]],

       [[ 0.00000000e+00,  1.31874837e-01,  2.32687872e-01, ...,
          2.96334504e-01,  3.04260407e-01,  3.33902519e-01],
        [-1.31874837e-01,  0.00000000e+00,  1.02400598e-01, ...,
          4.19698005e-01,  4.27225617e-01,  4.55292565e-01],
        [-2.32687872e-01, -1.02400598e-01,  0.00000000e+00, ...,
          5.10437071e-01,  5.17564789e-01,  5.44070744e-01],
        ...,
        [-2.96334504e-01, -4.19698005e-01, -5.10437071e-01, ...,
          0.00000000e+00, -8.30935511e-03, -3.95778672e-02],
        [-3.04260407e-01, -4.27225617e-01, -5.17564789e-01, ...,
          8.30935511e-03,  0.00000000e+00, -3.12736562e-02],
        [-3.33902519e-01, -4.55292565e-01, -5.44070744e-01, ...,
          3.95778672e-02,  3.12736562e-02,  0.00000000e+00]],

       ...,

       [[ 0.00000000e+00,  5.81950979e-01,  7.97576313e-01, ...,
          2.56002230e-01,  6.15119264e-01,  5.89062851e-01],
        [-5.81950979e-01,  0.00000000e+00,  2.97564754e-01, ...,
         -3.54371033e-01,  4.13996842e-02,  8.77281995e-03],
        [-7.97576313e-01, -2.97564754e-01,  0.00000000e+00, ...,
         -6.16572864e-01, -2.57785295e-01, -2.89177877e-01],
        ...,
        [-2.56002230e-01,  3.54371033e-01,  6.16572864e-01, ...,
          0.00000000e+00,  3.92780266e-01,  3.62560903e-01],
        [-6.15119264e-01, -4.13996842e-02,  2.57785295e-01, ...,
         -3.92780266e-01,  0.00000000e+00, -3.26327923e-02],
        [-5.89062851e-01, -8.77281995e-03,  2.89177877e-01, ...,
         -3.62560903e-01,  3.26327923e-02,  0.00000000e+00]],

       [[ 0.00000000e+00,  1.05765839e-01,  2.62940150e-01, ...,
          4.11536308e-01,  4.05925019e-01,  4.49045470e-01],
        [-1.05765839e-01,  0.00000000e+00,  1.59421169e-01, ...,
          5.05622311e-01,  5.00308288e-01,  5.41029522e-01],
        [-2.62940150e-01, -1.59421169e-01,  0.00000000e+00, ...,
          6.36697137e-01,  6.31944071e-01,  6.68183890e-01],
        ...,
        [-4.11536308e-01, -5.05622311e-01, -6.36697137e-01, ...,
          0.00000000e+00,  6.14828881e-03, -4.15457064e-02],
        [-4.05925019e-01, -5.00308288e-01, -6.31944071e-01, ...,
         -6.14828881e-03,  0.00000000e+00, -4.76879016e-02],
        [-4.49045470e-01, -5.41029522e-01, -6.68183890e-01, ...,
          4.15457064e-02,  4.76879016e-02,  0.00000000e+00]],

       [[ 0.00000000e+00, -5.92071886e-03, -1.89478813e-02, ...,
          5.23713740e-01,  3.73265063e-01,  2.74050147e-01],
        [ 5.92071886e-03,  0.00000000e+00, -1.30278932e-02, ...,
          5.18660734e-01,  3.67765723e-01,  2.68351297e-01],
        [ 1.89478813e-02,  1.30278932e-02,  0.00000000e+00, ...,
          5.07478127e-01,  3.55619634e-01,  2.55778478e-01],
        ...,
        [-5.23713740e-01, -5.18660734e-01, -5.07478127e-01, ...,
          0.00000000e+00,  1.67879809e-01,  2.70201809e-01],
        [-3.73265063e-01, -3.67765723e-01, -3.55619634e-01, ...,
         -1.67879809e-01,  0.00000000e+00,  1.04731659e-01],
        [-2.74050147e-01, -2.68351297e-01, -2.55778478e-01, ...,
         -2.70201809e-01, -1.04731659e-01,  0.00000000e+00]]]), 'num': array([ 8.00116453e-01,  5.99842443e-01,  4.05412976e-05,  7.43959918e-05,
        7.62031819e-05,  7.43959918e-05,  1.63113965e-03, -1.50599174e-06,
        7.58718637e-05,  7.50887480e-05,  6.68572482e-05,  9.46332646e-07,
        7.89835932e-05,  7.11939028e-05])}
{'img': array([[[ 0.        ,  0.41659779,  0.35901099, ...,  0.4772126 ,
          0.53881481,  0.69271428],
        [-0.41659779,  0.        , -0.06245098, ...,  0.79993072,
          0.84078372,  0.93019563],
        [-0.35901099,  0.06245098,  0.        , ...,  0.76089293,
          0.80533338,  0.90545641],
        ...,
        [-0.4772126 , -0.79993072, -0.76089293, ...,  0.        ,
         -0.07148846, -0.2645774 ],
        [-0.53881481, -0.84078372, -0.80533338, ...,  0.07148846,
          0.        , -0.19495953],
        [-0.69271428, -0.93019563, -0.90545641, ...,  0.2645774 ,
          0.19495953,  0.        ]],

       [[ 0.        ,  0.06486946,  0.19449816, ...,  0.14708874,
          0.42073006,  0.29906012],
        [-0.06486946,  0.        ,  0.13045786, ...,  0.08261504,
          0.36099525,  0.23652957],
        [-0.19449816, -0.13045786,  0.        , ..., -0.04810289,
          0.23624935,  0.10775213],
        ...,
        [-0.14708874, -0.08261504,  0.04810289, ...,  0.        ,
          0.28271708,  0.15545022],
        [-0.42073006, -0.36099525, -0.23624935, ..., -0.28271708,
          0.        , -0.13017192],
        [-0.29906012, -0.23652957, -0.10775213, ..., -0.15545022,
          0.13017192,  0.        ]],

       [[ 0.        ,  0.19297839,  0.28878663, ...,  0.30491068,
          0.33461228,  0.40956553],
        [-0.19297839,  0.        ,  0.09860206, ...,  0.48296821,
          0.51017689,  0.57791739],
        [-0.28878663, -0.09860206,  0.        , ...,  0.56695438,
          0.5924954 ,  0.65556984],
        ...,
        [-0.30491068, -0.48296821, -0.56695438, ...,  0.        ,
         -0.03134399, -0.11189828],
        [-0.33461228, -0.51017689, -0.5924954 , ...,  0.03134399,
          0.        , -0.08069616],
        [-0.40956553, -0.57791739, -0.65556984, ...,  0.11189828,
          0.08069616,  0.        ]],

       ...,

       [[ 0.        ,  0.29756475,  0.09311616, ...,  0.04139968,
          0.00877282,  0.27306326],
        [-0.29756475,  0.        , -0.20737376, ..., -0.25778529,
         -0.28917788, -0.02556219],
        [-0.09311616,  0.20737376,  0.        , ..., -0.05181651,
         -0.08437787,  0.18229948],
        ...,
        [-0.04139968,  0.25778529,  0.05181651, ...,  0.        ,
         -0.03263279,  0.23300282],
        [-0.00877282,  0.28917788,  0.08437787, ...,  0.03263279,
          0.        ,  0.26461333],
        [-0.27306326,  0.02556219, -0.18229948, ..., -0.23300282,
         -0.26461333,  0.        ]],

       [[ 0.        ,  0.2417527 ,  0.28404417, ...,  0.40646971,
          0.4496409 ,  0.46139457],
        [-0.2417527 ,  0.        ,  0.04382363, ...,  0.61529376,
          0.65223939,  0.66219044],
        [-0.28404417, -0.04382363,  0.        , ...,  0.64924871,
          0.68483166,  0.69439286],
        ...,
        [-0.40646971, -0.61529376, -0.64924871, ...,  0.        ,
         -0.04775825, -0.06094182],
        [-0.4496409 , -0.65223939, -0.68483166, ...,  0.04775825,
          0.        , -0.0132028 ],
        [-0.46139457, -0.66219044, -0.69439286, ...,  0.06094182,
          0.0132028 ,  0.        ]],

       [[ 0.        , -0.01302789, -0.02970219, ...,  0.36776572,
          0.2683513 ,  0.37299882],
        [ 0.01302789,  0.        , -0.01667753, ...,  0.35561963,
          0.25577848,  0.36087947],
        [ 0.02970219,  0.01667753,  0.        , ...,  0.33998284,
          0.23962015,  0.34527561],
        ...,
        [-0.36776572, -0.35561963, -0.33998284, ...,  0.        ,
          0.10473166, -0.00563376],
        [-0.2683513 , -0.25577848, -0.23962015, ..., -0.10473166,
          0.        , -0.11033277],
        [-0.37299882, -0.36087947, -0.34527561, ...,  0.00563376,
          0.11033277,  0.        ]]]), 'num': array([8.63583179e-01, 5.04203559e-01, 7.18759241e-05, 8.08685015e-05,
       8.23241345e-05, 7.99789479e-05, 1.67577326e-03, 9.70422017e-07,
       8.12566703e-05, 8.05207669e-05, 7.22007459e-05, 1.06139908e-06,
       8.45258728e-05, 7.65156610e-05])}
{'img': array([[[ 0.        , -0.22254846,  0.43568629, ...,  0.71976492,
          0.84333159,  0.77679605],
        [ 0.22254846,  0.        ,  0.62507554, ...,  0.54721727,
          0.7025861 ,  0.61716488],
        [-0.43568629, -0.62507554,  0.        , ...,  0.9503206 ,
          0.99321657,  0.97356744],
        ...,
        [-0.71976492, -0.54721727, -0.9503206 , ...,  0.        ,
         -0.19865883, -0.08599212],
        [-0.84333159, -0.7025861 , -0.99321657, ...,  0.19865883,
          0.        ,  0.11364478],
        [-0.77679605, -0.61716488, -0.97356744, ...,  0.08599212,
         -0.11364478,  0.        ]],

       [[ 0.        ,  0.13045786,  0.10922834, ...,  0.36099525,
          0.23652957,  0.21431464],
        [-0.13045786,  0.        , -0.02138244, ...,  0.23624935,
          0.10775213,  0.08505645],
        [-0.10922834,  0.02138244,  0.        , ...,  0.25697249,
          0.12898544,  0.10634195],
        ...,
        [-0.36099525, -0.23624935, -0.25697249, ...,  0.        ,
         -0.13017192, -0.1527445 ],
        [-0.23652957, -0.10775213, -0.12898544, ...,  0.13017192,
          0.        , -0.02280042],
        [-0.21431464, -0.08505645, -0.10634195, ...,  0.1527445 ,
          0.02280042,  0.        ]],

       [[ 0.        ,  0.21792921,  0.39710413, ...,  0.33614854,
          0.4114143 ,  0.44858905],
        [-0.21792921,  0.        ,  0.1875499 , ...,  0.53331676,
          0.60015702,  0.63257867],
        [-0.39710413, -0.1875499 ,  0.        , ...,  0.68250448,
          0.73952511,  0.76661028],
        ...,
        [-0.33614854, -0.53331676, -0.68250448, ...,  0.        ,
         -0.08109161, -0.12205642],
        [-0.4114143 , -0.60015702, -0.73952511, ...,  0.08109161,
          0.        , -0.04116915],
        [-0.44858905, -0.63257867, -0.76661028, ...,  0.12205642,
          0.04116915,  0.        ]],

       ...,

       [[ 0.        , -0.20737376,  0.68128738, ..., -0.28917788,
         -0.02556219,  0.0871125 ],
        [ 0.20737376,  0.        ,  0.81827833, ..., -0.08437787,
          0.18229948,  0.29180425],
        [-0.68128738, -0.81827833,  0.        , ..., -0.86386249,
         -0.69977669, -0.61492971],
        ...,
        [ 0.28917788,  0.08437787,  0.86386249, ...,  0.        ,
          0.26461333,  0.37146921],
        [ 0.02556219, -0.18229948,  0.69977669, ..., -0.26461333,
          0.        ,  0.11254905],
        [-0.0871125 , -0.29180425,  0.61492971, ..., -0.37146921,
         -0.11254905,  0.        ]],

       [[ 0.        ,  0.15252396,  0.38748665, ...,  0.45282039,
          0.46464539,  0.50446926],
        [-0.15252396,  0.        ,  0.24234489, ...,  0.58351293,
          0.59426842,  0.63026056],
        [-0.38748665, -0.24234489,  0.        , ...,  0.76292772,
          0.77146332,  0.79962522],
        ...,
        [-0.45282039, -0.58351293, -0.76292772, ...,  0.        ,
         -0.01330762, -0.05880712],
        [-0.46464539, -0.59426842, -0.77146332, ...,  0.01330762,
          0.        , -0.04551732],
        [-0.50446926, -0.63026056, -0.79962522, ...,  0.05880712,
          0.04551732,  0.        ]],

       [[ 0.        , -0.01667753, -0.16918542, ...,  0.25577848,
          0.36087947,  0.3123294 ],
        [ 0.01667753,  0.        , -0.15272478, ...,  0.23962015,
          0.34527561,  0.29644275],
        [ 0.16918542,  0.15272478,  0.        , ...,  0.0885337 ,
          0.19789268,  0.1471052 ],
        ...,
        [-0.25577848, -0.23962015, -0.0885337 , ...,  0.        ,
         -0.11033277, -0.05895702],
        [-0.36087947, -0.34527561, -0.19789268, ...,  0.11033277,
          0.        ,  0.05154377],
        [-0.3123294 , -0.29644275, -0.1471052 , ...,  0.05895702,
         -0.05154377,  0.        ]]]), 'num': array([9.84362020e-01, 1.76136890e-01, 1.60362129e-04, 9.23158344e-05,
       9.34148324e-05, 9.03010047e-05, 2.66794593e-03, 7.32665352e-07,
       9.19128684e-05, 9.11252532e-05, 8.22081053e-05, 1.36169712e-06,
       9.55581056e-05, 8.66924007e-05])}
{'img': array([[[ 0.        ,  0.62507554,  0.40968801, ...,  0.7025861 ,
          0.61716488,  0.54721727],
        [-0.62507554,  0.        , -0.25042216, ...,  0.99321657,
          0.97356744,  0.9503206 ],
        [-0.40968801,  0.25042216,  0.        , ...,  0.93245057,
          0.88535006,  0.84209067],
        ...,
        [-0.7025861 , -0.99321657, -0.93245057, ...,  0.        ,
          0.11364478,  0.19865883],
        [-0.61716488, -0.97356744, -0.88535006, ..., -0.11364478,
          0.        ,  0.08599212],
        [-0.54721727, -0.9503206 , -0.84209067, ..., -0.19865883,
         -0.08599212,  0.        ]],

       [[ 0.        , -0.02138244, -0.15357792, ...,  0.10775213,
          0.08505645,  0.27196932],
        [ 0.02138244,  0.        , -0.13241404, ...,  0.12898544,
          0.10634195,  0.29248358],
        [ 0.15357792,  0.13241404,  0.        , ...,  0.25915757,
          0.23706876,  0.41653176],
        ...,
        [-0.10775213, -0.12898544, -0.25915757, ...,  0.        ,
         -0.02280042,  0.16669534],
        [-0.08505645, -0.10634195, -0.23706876, ...,  0.02280042,
          0.        ,  0.18913341],
        [-0.27196932, -0.29248358, -0.41653176, ..., -0.16669534,
         -0.18913341,  0.        ]],

       [[ 0.        ,  0.33812516,  0.41659779, ...,  0.41379229,
          0.45115505,  0.466041  ],
        [-0.33812516,  0.        ,  0.08467416, ...,  0.69723985,
          0.72634084,  0.73775239],
        [-0.41659779, -0.08467416,  0.        , ...,  0.75543349,
          0.78193182,  0.792264  ],
        ...,
        [-0.41379229, -0.69723985, -0.75543349, ...,  0.        ,
         -0.04143152, -0.0581622 ],
        [-0.45115505, -0.72634084, -0.78193182, ...,  0.04143152,
          0.        , -0.01675088],
        [-0.466041  , -0.73775239, -0.792264  , ...,  0.0581622 ,
          0.01675088,  0.        ]],

       ...,

       [[ 0.        ,  0.81827833,  0.64328805, ...,  0.18229948,
          0.29180425,  0.59519202],
        [-0.81827833,  0.        , -0.25671747, ..., -0.69977669,
         -0.61492971, -0.31542539],
        [-0.64328805,  0.25671747,  0.        , ..., -0.4929356 ,
         -0.3918785 , -0.06124224],
        ...,
        [-0.18229948,  0.69977669,  0.4929356 , ...,  0.        ,
          0.11254905,  0.43872556],
        [-0.29180425,  0.61492971,  0.3918785 , ..., -0.11254905,
          0.        ,  0.33479902],
        [-0.59519202,  0.31542539,  0.06124224, ..., -0.43872556,
         -0.33479902,  0.        ]],

       [[ 0.        ,  0.35939724,  0.43134657, ...,  0.46592723,
          0.50584225,  0.52406061],
        [-0.35939724,  0.        ,  0.07828273, ...,  0.75279911,
          0.78206964,  0.79513712],
        [-0.43134657, -0.07828273,  0.        , ...,  0.80201855,
          0.82845472,  0.84016997],
        ...,
        [-0.46592723, -0.75279911, -0.80201855, ...,  0.        ,
         -0.04565994, -0.06687955],
        [-0.50584225, -0.78206964, -0.82845472, ...,  0.04565994,
          0.        , -0.02125209],
        [-0.52406061, -0.79513712, -0.84016997, ...,  0.06687955,
          0.02125209,  0.        ]],

       [[ 0.        , -0.15269012, -0.1650595 , ...,  0.35264933,
          0.30952522,  0.23956654],
        [ 0.15269012,  0.        , -0.01252827, ...,  0.20563357,
          0.16070407,  0.08851363],
        [ 0.1650595 ,  0.01252827,  0.        , ...,  0.19335691,
          0.14832602,  0.07602759],
        ...,
        [-0.35264933, -0.20563357, -0.19335691, ...,  0.        ,
          0.0456912 ,  0.11820444],
        [-0.30952522, -0.16070407, -0.14832602, ..., -0.0456912 ,
          0.        ,  0.07271011],
        [-0.23956654, -0.08851363, -0.07602759, ..., -0.11820444,
         -0.07271011,  0.        ]]]), 'num': array([9.99998007e-01, 1.56431301e-03, 1.97709642e-04, 9.37848670e-05,
       9.37848670e-05, 9.22063098e-05, 1.19712204e-03, 1.85712608e-07,
       9.31163016e-05, 9.23734511e-05, 8.38074571e-05, 1.19264978e-06,
       9.68416054e-05, 8.79052969e-05])}
{'img': array([[[ 0.        , -0.29310078, -0.3342333 , ...,  0.96092326,
          0.9332342 ,  0.92450601],
        [ 0.29310078,  0.        , -0.04330963, ...,  0.83758635,
          0.78694609,  0.77218267],
        [ 0.3342333 ,  0.04330963,  0.        , ...,  0.81314017,
          0.75948472,  0.74393916],
        ...,
        [-0.96092326, -0.83758635, -0.81314017, ...,  0.        ,
          0.08689644,  0.11035565],
        [-0.9332342 , -0.78694609, -0.75948472, ..., -0.08689644,
          0.        ,  0.02357252],
        [-0.92450601, -0.77218267, -0.74393916, ..., -0.11035565,
         -0.02357252,  0.        ]],

       [[ 0.        , -0.13241404, -0.33779655, ...,  0.10634195,
          0.29248358, -0.10883158],
        [ 0.13241404,  0.        , -0.21019145, ...,  0.23706876,
          0.41653176,  0.02375426],
        [ 0.33779655,  0.21019145,  0.        , ...,  0.4359722 ,
          0.59831604,  0.23335574],
        ...,
        [-0.10634195, -0.23706876, -0.4359722 , ...,  0.        ,
          0.18913341, -0.21392477],
        [-0.29248358, -0.41653176, -0.59831604, ..., -0.18913341,
          0.        , -0.39481872],
        [ 0.10883158, -0.02375426, -0.23335574, ...,  0.21392477,
          0.39481872,  0.        ]],

       [[ 0.        ,  0.25470626,  0.35019863, ...,  0.45755357,
          0.47261969,  0.48233027],
        [-0.25470626,  0.        ,  0.10007144, ...,  0.66894299,
          0.68149606,  0.68954228],
        [-0.35019863, -0.10007144,  0.        , ...,  0.73996954,
          0.75130958,  0.75855723],
        ...,
        [-0.45755357, -0.66894299, -0.73996954, ...,  0.        ,
         -0.01701832, -0.02806733],
        [-0.47261969, -0.68149606, -0.75130958, ...,  0.01701832,
          0.        , -0.01105164],
        [-0.48233027, -0.68954228, -0.75855723, ...,  0.02806733,
          0.01105164,  0.        ]],

       ...,

       [[ 0.        , -0.25671747, -0.49222238, ..., -0.61492971,
         -0.31542539, -0.65840473],
        [ 0.25671747,  0.        , -0.25226156, ..., -0.3918785 ,
         -0.06124224, -0.44311726],
        [ 0.49222238,  0.25226156,  0.        , ..., -0.14711987,
          0.19252644, -0.20264312],
        ...,
        [ 0.61492971,  0.3918785 ,  0.14711987, ...,  0.        ,
          0.33479902, -0.05637057],
        [ 0.31542539,  0.06124224, -0.19252644, ..., -0.33479902,
          0.        , -0.38738406],
        [ 0.65840473,  0.44311726,  0.20264312, ...,  0.05637057,
          0.38738406,  0.        ]],

       [[ 0.        ,  0.25121902,  0.27970323, ...,  0.51385336,
          0.5323017 ,  0.53704611],
        [-0.25121902,  0.        ,  0.02954123, ...,  0.7128895 ,
          0.72790157,  0.73173971],
        [-0.27970323, -0.02954123,  0.        , ...,  0.73329493,
          0.74783977,  0.75155519],
        ...,
        [-0.51385336, -0.7128895 , -0.73329493, ...,  0.        ,
         -0.02164495, -0.02725758],
        [-0.5323017 , -0.72790157, -0.74783977, ...,  0.02164495,
          0.        , -0.00561428],
        [-0.53704611, -0.73173971, -0.75155519, ...,  0.02725758,
          0.00561428,  0.        ]],

       [[ 0.        , -0.01252663, -0.08850212, ...,  0.16743899,
          0.12061366,  0.08850212],
        [ 0.01252663,  0.        , -0.0760177 , ...,  0.15507607,
          0.10816901,  0.0760177 ],
        [ 0.08850212,  0.0760177 ,  0.        , ...,  0.07952927,
          0.03228436,  0.        ],
        ...,
        [-0.16743899, -0.15507607, -0.07952927, ...,  0.        ,
          0.04730572,  0.07952927],
        [-0.12061366, -0.10816901, -0.03228436, ..., -0.04730572,
          0.        ,  0.03228436],
        [-0.08850212, -0.0760177 , -0.        , ..., -0.07952927,
         -0.03228436,  0.        ]]]), 'num': array([ 9.99997147e-01,  1.57678149e-03,  1.99285502e-04,  9.37836150e-05,
        9.52811578e-05,  9.25668615e-05,  1.76408665e-03, -7.48771377e-07,
        9.37461764e-05,  9.31658786e-05,  8.48685558e-05,  9.74166843e-07,
        9.76738461e-05,  8.86579111e-05])}
{'img': array([[[ 0.        , -0.04330963, -0.0676127 , ...,  0.78694609,
          0.77218267,  0.82603806],
        [ 0.04330963,  0.        , -0.02433874, ...,  0.75948472,
          0.74393916,  0.80085306],
        [ 0.0676127 ,  0.02433874,  0.        , ...,  0.74342677,
          0.72745449,  0.7860403 ],
        ...,
        [-0.78694609, -0.75948472, -0.74342677, ...,  0.        ,
          0.02357252, -0.06614935],
        [-0.77218267, -0.74393916, -0.72745449, ..., -0.02357252,
          0.        , -0.08965186],
        [-0.82603806, -0.80085306, -0.7860403 , ...,  0.06614935,
          0.08965186,  0.        ]],

       [[ 0.        , -0.21019145, -0.027453  , ...,  0.41653176,
          0.02375426,  0.19113484],
        [ 0.21019145,  0.        ,  0.18327252, ...,  0.59831604,
          0.23335574,  0.39318125],
        [ 0.027453  , -0.18327252,  0.        , ...,  0.44133287,
          0.05119057,  0.21800968],
        ...,
        [-0.41653176, -0.59831604, -0.44133287, ...,  0.        ,
         -0.39481872, -0.23508776],
        [-0.02375426, -0.23335574, -0.05119057, ...,  0.39481872,
          0.        ,  0.16776459],
        [-0.19113484, -0.39318125, -0.21800968, ...,  0.23508776,
         -0.16776459,  0.        ]],

       [[ 0.        ,  0.24647865,  0.2808265 , ...,  0.47631326,
          0.48608753,  0.5002832 ],
        [-0.24647865,  0.        ,  0.03560252, ...,  0.67834082,
          0.68649105,  0.69826502],
        [-0.2808265 , -0.03560252,  0.        , ...,  0.70406963,
          0.71194379,  0.72330803],
        ...,
        [-0.47631326, -0.67834082, -0.70406963, ...,  0.        ,
         -0.01114995, -0.02746536],
        [-0.48608753, -0.68649105, -0.71194379, ...,  0.01114995,
          0.        , -0.01631791],
        [-0.5002832 , -0.69826502, -0.72330803, ...,  0.02746536,
          0.01631791,  0.        ]],

       ...,

       [[ 0.        , -0.25226156, -0.01531282, ..., -0.06124224,
         -0.44311726, -0.8549672 ],
        [ 0.25226156,  0.        ,  0.23741439, ...,  0.19252644,
         -0.20264312, -0.69647323],
        [ 0.01531282, -0.23741439,  0.        , ..., -0.04595098,
         -0.42933792, -0.84692447],
        ...,
        [ 0.06124224, -0.19252644,  0.04595098, ...,  0.        ,
         -0.38738406, -0.82159712],
        [ 0.44311726,  0.20264312,  0.42933792, ...,  0.38738406,
          0.        , -0.53661005],
        [ 0.8549672 ,  0.69647323,  0.84692447, ...,  0.82159712,
          0.53661005,  0.        ]],

       [[ 0.        ,  0.12601437,  0.25824933, ...,  0.53625795,
          0.54102983,  0.53465145],
        [-0.12601437,  0.        ,  0.13445092, ...,  0.63834608,
          0.64269548,  0.63688073],
        [-0.25824933, -0.13445092,  0.        , ...,  0.73604359,
          0.73986575,  0.73475462],
        ...,
        [-0.53625795, -0.63834608, -0.73604359, ...,  0.        ,
         -0.00566372,  0.00190216],
        [-0.54102983, -0.64269548, -0.73986575, ...,  0.00566372,
          0.        ,  0.00756584],
        [-0.53465145, -0.63688073, -0.73475462, ..., -0.00190216,
         -0.00756584,  0.        ]],

       [[ 0.        , -0.07595199,  0.02311755, ...,  0.16454018,
          0.15857846,  0.07595199],
        [ 0.07595199,  0.        ,  0.09898247, ...,  0.08914811,
          0.08312949,  0.        ],
        [-0.02311755, -0.09898247,  0.        , ...,  0.18729868,
          0.18136112,  0.09898247],
        ...,
        [-0.16454018, -0.08914811, -0.18729868, ...,  0.        ,
          0.00604105,  0.08914811],
        [-0.15857846, -0.08312949, -0.18136112, ..., -0.00604105,
          0.        ,  0.08312949],
        [-0.07595199, -0.        , -0.09898247, ..., -0.08914811,
         -0.08312949,  0.        ]]]), 'num': array([9.99994239e-01, 1.56740603e-03, 1.98100562e-04, 9.37842225e-05,
       9.47146215e-05, 9.04347860e-05, 2.99318673e-03, 5.58239420e-07,
       9.35609267e-05, 9.27142636e-05, 8.47965678e-05, 1.09345866e-06,
       9.72043427e-05, 8.82241845e-05])}
{'img': array([[[ 0.        , -0.02433874,  0.14785719, ...,  0.74393916,
          0.80085306,  0.75948472],
        [ 0.02433874,  0.        ,  0.17188461, ...,  0.72745449,
          0.7860403 ,  0.74342677],
        [-0.14785719, -0.17188461,  0.        , ...,  0.83456749,
          0.88059655,  0.84732183],
        ...,
        [-0.74393916, -0.72745449, -0.83456749, ...,  0.        ,
         -0.08965186, -0.02357252],
        [-0.80085306, -0.7860403 , -0.88059655, ...,  0.08965186,
          0.        ,  0.06614935],
        [-0.75948472, -0.74342677, -0.84732183, ...,  0.02357252,
         -0.06614935,  0.        ]],

       [[ 0.        ,  0.18327252,  0.03051326, ...,  0.23335574,
          0.39318125,  0.6475612 ],
        [-0.18327252,  0.        , -0.15319075, ...,  0.05119057,
          0.21800968,  0.49693677],
        [-0.03051326,  0.15319075,  0.        , ...,  0.20357625,
          0.36494243,  0.62400815],
        ...,
        [-0.23335574, -0.05119057, -0.20357625, ...,  0.        ,
          0.16776459,  0.45186275],
        [-0.39318125, -0.21800968, -0.36494243, ..., -0.16776459,
          0.        ,  0.29579785],
        [-0.6475612 , -0.49693677, -0.62400815, ..., -0.45186275,
         -0.29579785,  0.        ]],

       [[ 0.        ,  0.06037669,  0.17183519, ...,  0.59581449,
          0.6089201 ,  0.56294574],
        [-0.06037669,  0.        ,  0.11204307, ...,  0.64321739,
          0.65570192,  0.6118197 ],
        [-0.17183519, -0.11204307,  0.        , ...,  0.72495681,
          0.73616794,  0.69659305],
        ...,
        [-0.59581449, -0.64321739, -0.72495681, ...,  0.        ,
         -0.01641832,  0.04032286],
        [-0.6089201 , -0.65570192, -0.73616794, ...,  0.01641832,
          0.        ,  0.05672239],
        [-0.56294574, -0.6118197 , -0.69659305, ..., -0.04032286,
         -0.05672239,  0.        ]],

       ...,

       [[ 0.        ,  0.23741439,  0.22444923, ..., -0.20264312,
         -0.69647323, -0.42072088],
        [-0.23741439,  0.        , -0.01332507, ..., -0.42933792,
         -0.84692447, -0.62407182],
        [-0.22444923,  0.01332507,  0.        , ..., -0.41726534,
         -0.83976416, -0.61360464],
        ...,
        [ 0.20264312,  0.42933792,  0.41726534, ...,  0.        ,
         -0.53661005, -0.2281562 ],
        [ 0.69647323,  0.84692447,  0.83976416, ...,  0.53661005,
          0.        ,  0.32993159],
        [ 0.42072088,  0.62407182,  0.61360464, ...,  0.2281562 ,
         -0.32993159,  0.        ]],

       [[ 0.        ,  0.22677988,  0.33072896, ...,  0.5420176 ,
          0.53563014,  0.52349482],
        [-0.22677988,  0.        ,  0.10809414, ...,  0.71847425,
          0.71317973,  0.70307871],
        [-0.33072896, -0.10809414,  0.        , ...,  0.78944973,
          0.78477293,  0.77582618],
        ...,
        [-0.5420176 , -0.71847425, -0.78944973, ...,  0.        ,
          0.00758226,  0.02188679],
        [-0.53563014, -0.71317973, -0.78477293, ..., -0.00758226,
          0.        ,  0.01430572],
        [-0.52349482, -0.70307871, -0.77582618, ..., -0.02188679,
         -0.01430572,  0.        ]],

       [[ 0.        ,  0.09882828,  0.19899415, ...,  0.13888809,
          0.11155263,  0.        ],
        [-0.09882828,  0.        ,  0.1011682 , ...,  0.2360786 ,
          0.20921797,  0.09882828],
        [-0.19899415, -0.1011682 ,  0.        , ...,  0.33317593,
          0.30707379,  0.19899415],
        ...,
        [-0.13888809, -0.2360786 , -0.33317593, ...,  0.        ,
          0.02754975,  0.13888809],
        [-0.11155263, -0.20921797, -0.30707379, ..., -0.02754975,
          0.        ,  0.11155263],
        [-0.        , -0.09882828, -0.19899415, ..., -0.13888809,
         -0.11155263,  0.        ]]]), 'num': array([ 9.85630258e-01,  1.68908263e-01,  1.63018362e-04,  9.23684681e-05,
        9.34746773e-05,  9.15388112e-05,  1.70310125e-03, -5.53104600e-07,
