state_0,state_1,state_2,state_3,state_4,state_5,state_6,state_7,state_8,state_9,state_10,state_11,state_12,state_13,state_14,state_15,state_16,state_17,state_18,state_19,state_20,state_21,state_22,state_23,state_24,state_25,state_26,state_27,state_28,state_29,state_30,state_31,state_32,state_33,state_34,state_35,state_36,state_37,state_38,state_39,state_40,state_41,state_42,state_43,state_44,state_45,state_46,state_47,state_48,state_49,state_50,state_51,state_52,state_53,state_54,state_55,state_56,state_57,state_58,state_59,state_60,state_61,state_62,state_63,state_64,state_65,state_66,state_67,state_68,state_69,state_70,state_71,state_72,state_73,state_74,state_75,state_76,state_77,state_78,state_79,state_80,state_81,state_82,state_83,state_84,state_85,state_86,state_87,state_88,state_89,state_90,state_91,state_92,state_93,state_94,state_95,state_96,state_97,state_98,state_99,state_100,state_101,state_102,state_103,state_104,state_105,state_106,state_107,state_108,state_109,state_110,state_111,state_112,state_113,state_114,state_115,state_116,state_117,state_118,state_119,state_120,state_121,state_122,state_123,state_124,state_125,state_126,state_127,state_128,state_129,state_130,state_131,state_132,state_133,state_134,state_135,state_136,state_137,state_138,state_139,state_140,state_141,state_142,state_143,state_144,state_145,state_146,state_147,state_148,state_149,state_150,state_151,state_152,state_153,state_154,state_155,state_156,state_157,state_158,state_159,state_160,state_161,state_162,state_163,state_164,state_165,state_166,state_167,state_168,state_169,state_170,state_171,state_172,state_173,state_174,state_175,state_176,state_177,state_178,state_179,state_180,state_181,state_182,state_183,state_184,state_185,state_186,state_187,state_188,state_189,state_190,state_191,state_192,state_193,state_194,state_195,state_196,state_197,state_198,state_199,state_200,state_201,state_202,state_203,state_204,state_205,state_206,state_207,state_208,state_209,state_210,state_211,state_212,state_213,state_214,state_215,state_216,state_217,state_218,state_219,state_220,state_221,state_222,state_223,state_224,state_225,state_226,state_227,state_228,state_229,state_230,state_231,state_232,state_233,state_234,state_235,state_236,state_237,state_238,state_239,state_240,state_241,state_242,state_243,state_244,state_245,state_246,state_247,state_248,state_249,state_250,state_251,state_252,state_253,state_254,state_255,state_256,state_257,state_258,state_259,state_260,state_261,state_262,state_263,state_264,state_265,state_266,state_267,state_268,state_269,state_270,state_271,state_272,state_273,state_274,state_275,state_276,state_277,state_278,state_279,state_280,state_281,state_282,state_283,state_284,state_285,state_286,state_287
{'img': array([[[ 0.        ,  0.2882143 ,  0.35002435, ...,  0.52987171,
          0.56727531,  0.70285571],
        [-0.2882143 ,  0.        ,  0.06518936, ...,  0.26295895,
          0.3058509 ,  0.46801451],
        [-0.35002435, -0.06518936,  0.        , ...,  0.19950446,
          0.24313489,  0.40940981],
        ...,
        [-0.52987171, -0.26295895, -0.19950446, ...,  0.        ,
          0.0447293 ,  0.2191614 ],
        [-0.56727531, -0.3058509 , -0.24313489, ..., -0.0447293 ,
          0.        ,  0.17530018],
        [-0.70285571, -0.46801451, -0.40940981, ..., -0.2191614 ,
         -0.17530018,  0.        ]],

       [[ 0.        ,  0.11312536,  0.1623237 , ...,  0.09247746,
          0.07475036,  0.19883448],
        [-0.11312536,  0.        ,  0.04965666, ..., -0.02075677,
         -0.03853835,  0.08669152],
        [-0.1623237 , -0.04965666,  0.        , ..., -0.07037713,
         -0.08811057,  0.03711486],
        ...,
        [-0.09247746,  0.02075677,  0.07037713, ...,  0.        ,
         -0.01778869,  0.10735147],
        [-0.07475036,  0.03853835,  0.08811057, ...,  0.01778869,
          0.        ,  0.12502037],
        [-0.19883448, -0.08669152, -0.03711486, ..., -0.10735147,
         -0.12502037,  0.        ]],

       [[ 0.        ,  0.        ,  0.0603409 , ...,  0.48180407,
          0.46624981,  0.48180407],
        [ 0.        ,  0.        ,  0.0603409 , ...,  0.48180407,
          0.46624981,  0.48180407],
        [-0.0603409 , -0.0603409 ,  0.        , ...,  0.42805067,
          0.41201946,  0.42805067],
        ...,
        [-0.48180407, -0.48180407, -0.42805067, ...,  0.        ,
         -0.01766456,  0.        ],
        [-0.46624981, -0.46624981, -0.41201946, ...,  0.01766456,
          0.        ,  0.01766456],
        [-0.48180407, -0.48180407, -0.42805067, ...,  0.        ,
         -0.01766456,  0.        ]],

       ...,

       [[ 0.        ,  0.37128529,  0.56001282, ..., -0.29775037,
         -0.1573902 ,  0.20619325],
        [-0.37128529,  0.        ,  0.21237855, ..., -0.63091202,
         -0.51279754, -0.17185254],
        [-0.56001282, -0.21237855,  0.        , ..., -0.78129415,
         -0.68342835, -0.37715107],
        ...,
        [ 0.29775037,  0.63091202,  0.78129415, ...,  0.        ,
          0.14378779,  0.4881932 ],
        [ 0.1573902 ,  0.51279754,  0.68342835, ..., -0.14378779,
          0.        ,  0.35763145],
        [-0.20619325,  0.17185254,  0.37715107, ..., -0.4881932 ,
         -0.35763145,  0.        ]],

       [[ 0.        , -0.10032742, -0.43077043, ...,  0.99996591,
          0.99841859,  0.99081459],
        [ 0.10032742,  0.        , -0.33805532, ...,  0.99409216,
          0.99902112,  0.99938243],
        [ 0.43077043,  0.33805532,  0.        , ...,  0.89887395,
          0.92525088,  0.95242402],
        ...,
        [-0.99996591, -0.99409216, -0.89887395, ...,  0.        ,
         -0.06445865, -0.14340382],
        [-0.99841859, -0.99902112, -0.92525088, ...,  0.06445865,
          0.        , -0.07931317],
        [-0.99081459, -0.99938243, -0.95242402, ...,  0.14340382,
          0.07931317,  0.        ]],

       [[ 0.        ,  0.18958501,  0.39255617, ...,  0.96598725,
          0.93761243,  0.93116955],
        [-0.18958501,  0.        ,  0.21107025, ...,  0.89944367,
          0.85469284,  0.84516203],
        [-0.39255617, -0.21107025,  0.        , ...,  0.78693456,
          0.72586363,  0.71330208],
        ...,
        [-0.96598725, -0.89944367, -0.78693456, ...,  0.        ,
         -0.09339967, -0.11139498],
        [-0.93761243, -0.85469284, -0.72586363, ...,  0.09339967,
          0.        , -0.01808967],
        [-0.93116955, -0.84516203, -0.71330208, ...,  0.11139498,
          0.01808967,  0.        ]]]), 'num': array([ 7.96197147e-01,  2.04621377e-01,  1.00097423e-04,  9.39009159e-03,
        9.58075335e-03,  9.34242615e-03,  5.68753558e-01, -4.76654396e-05,
        9.26298376e-03,  9.65781248e-03,  9.25159701e-03,  5.91708905e-05,
        1.04025247e-02,  8.91310026e-03])}
{'img': array([[[ 0.        ,  0.06518936,  0.27736425, ...,  0.3058509 ,
          0.46801451,  0.42885496],
        [-0.06518936,  0.        ,  0.21414263, ...,  0.24313489,
          0.40940981,  0.36905242],
        [-0.27736425, -0.21414263,  0.        , ...,  0.029778  ,
          0.20453933,  0.16146529],
        ...,
        [-0.3058509 , -0.24313489, -0.029778  , ...,  0.        ,
          0.17530018,  0.13200643],
        [-0.46801451, -0.40940981, -0.20453933, ..., -0.17530018,
          0.        , -0.04380379],
        [-0.42885496, -0.36905242, -0.16146529, ..., -0.13200643,
          0.04380379,  0.        ]],

       [[ 0.        ,  0.04965666,  0.27271245, ..., -0.03853835,
          0.08669152,  0.01138484],
        [-0.04965666,  0.        ,  0.22460157, ..., -0.08811057,
          0.03711486, -0.03828264],
        [-0.27271245, -0.22460157,  0.        , ..., -0.30958743,
         -0.18828022, -0.26174147],
        ...,
        [ 0.03853835,  0.08811057,  0.30958743, ...,  0.        ,
          0.12502037,  0.04991223],
        [-0.08669152, -0.03711486,  0.18828022, ..., -0.12502037,
          0.        , -0.07534392],
        [-0.01138484,  0.03828264,  0.26174147, ..., -0.04991223,
          0.07534392,  0.        ]],

       [[ 0.        ,  0.0603409 ,  0.16571086, ...,  0.46624981,
          0.48180407,  0.54796624],
        [-0.0603409 ,  0.        ,  0.10590225, ...,  0.41201946,
          0.42805067,  0.49649256],
        [-0.16571086, -0.10590225,  0.        , ...,  0.313207  ,
          0.32993389,  0.40177306],
        ...,
        [-0.46624981, -0.41201946, -0.313207  , ...,  0.        ,
          0.01766456,  0.09474185],
        [-0.48180407, -0.42805067, -0.32993389, ..., -0.01766456,
          0.        ,  0.07714197],
        [-0.54796624, -0.49649256, -0.40177306, ..., -0.09474185,
         -0.07714197,  0.        ]],

       ...,

       [[ 0.        ,  0.21237855,  0.35064824, ..., -0.51279754,
         -0.17185254, -0.49338861],
        [-0.21237855,  0.        ,  0.14375502, ..., -0.68342835,
         -0.37715107, -0.66686193],
        [-0.35064824, -0.14375502,  0.        , ..., -0.78127348,
         -0.50637268, -0.76705899],
        ...,
        [ 0.51279754,  0.68342835,  0.78127348, ...,  0.        ,
          0.35763145,  0.02245707],
        [ 0.17185254,  0.37715107,  0.50637268, ..., -0.35763145,
          0.        , -0.33656943],
        [ 0.49338861,  0.66686193,  0.76705899, ..., -0.02245707,
          0.33656943,  0.        ]],

       [[ 0.        , -0.33805532,  0.03195952, ...,  0.99902112,
          0.99938243,  0.99806084],
        [ 0.33805532,  0.        ,  0.36796058, ...,  0.92525088,
          0.95242402,  0.96034381],
        [-0.03195952, -0.36796058,  0.        , ...,  0.99992454,
          0.99774888,  0.99556165],
        ...,
        [-0.99902112, -0.92525088, -0.99992454, ...,  0.        ,
         -0.07931317, -0.10633489],
        [-0.99938243, -0.95242402, -0.99774888, ...,  0.07931317,
          0.        , -0.02713642],
        [-0.99806084, -0.96034381, -0.99556165, ...,  0.10633489,
          0.02713642,  0.        ]],

       [[ 0.        ,  0.21107025,  0.18689038, ...,  0.85469284,
          0.84516203,  0.81623824],
        [-0.21107025,  0.        , -0.02467144, ...,  0.72586363,
          0.71330208,  0.67591058],
        [-0.18689038,  0.02467144,  0.        , ...,  0.74261266,
          0.73037611,  0.69388729],
        ...,
        [-0.85469284, -0.72586363, -0.74261266, ...,  0.        ,
         -0.01808967, -0.07003222],
        [-0.84516203, -0.71330208, -0.73037611, ...,  0.01808967,
          0.        , -0.0519755 ],
        [-0.81623824, -0.67591058, -0.69388729, ...,  0.07003222,
          0.0519755 ,  0.        ]]]), 'num': array([ 7.07090727e-01,  7.07090727e-01,  0.00000000e+00,  1.00027469e-04,
        1.02786847e-04,  9.83028572e-05,  6.73234878e-03, -1.89707268e-06,
        1.00924267e-04,  1.04382113e-04,  1.00472993e-04,  5.11436522e-07,
        1.12486594e-04,  9.62776312e-05])}
{'img': array([[[ 0.        ,  0.21414263,  0.15500999, ...,  0.40940981,
          0.36905242,  0.21414263],
        [-0.21414263,  0.        , -0.06014013, ...,  0.20453933,
          0.16146529,  0.        ],
        [-0.15500999,  0.06014013,  0.        , ...,  0.26303777,
          0.22052403,  0.06014013],
        ...,
        [-0.40940981, -0.20453933, -0.26303777, ...,  0.        ,
         -0.04380379, -0.20453933],
        [-0.36905242, -0.16146529, -0.22052403, ...,  0.04380379,
          0.        , -0.16146529],
        [-0.21414263,  0.        , -0.06014013, ...,  0.20453933,
          0.16146529,  0.        ]],

       [[ 0.        ,  0.22460157,  0.20213788, ...,  0.03711486,
         -0.03828264, -0.02311636],
        [-0.22460157,  0.        , -0.02299174, ..., -0.18828022,
         -0.26174147, -0.2470673 ],
        [-0.20213788,  0.02299174,  0.        , ..., -0.16564991,
         -0.23948208, -0.22472303],
        ...,
        [-0.03711486,  0.18828022,  0.16564991, ...,  0.        ,
         -0.07534392, -0.06020537],
        [ 0.03828264,  0.26174147,  0.23948208, ...,  0.07534392,
          0.        ,  0.015173  ],
        [ 0.02311636,  0.2470673 ,  0.22472303, ...,  0.06020537,
         -0.015173  ,  0.        ]],

       [[ 0.        ,  0.10590225,  0.21234317, ...,  0.42805067,
          0.49649256,  0.52945228],
        [-0.10590225,  0.        ,  0.1076619 , ...,  0.32993389,
          0.40177306,  0.43663385],
        [-0.21234317, -0.1076619 ,  0.        , ...,  0.2263829 ,
          0.30084755,  0.33723907],
        ...,
        [-0.42805067, -0.32993389, -0.2263829 , ...,  0.        ,
          0.07714197,  0.11536262],
        [-0.49649256, -0.40177306, -0.30084755, ..., -0.07714197,
          0.        ,  0.03839193],
        [-0.52945228, -0.43663385, -0.33723907, ..., -0.11536262,
         -0.03839193,  0.        ]],

       ...,

       [[ 0.        ,  0.14375502,  0.1628608 , ..., -0.37715107,
         -0.66686193, -0.90019747],
        [-0.14375502,  0.        ,  0.01933346, ..., -0.50637268,
         -0.76705899, -0.95345011],
        [-0.1628608 , -0.01933346,  0.        , ..., -0.52294956,
         -0.77931952, -0.95910192],
        ...,
        [ 0.37715107,  0.50637268,  0.52294956, ...,  0.        ,
         -0.33656943, -0.66947699],
        [ 0.66686193,  0.76705899,  0.77931952, ...,  0.33656943,
          0.        , -0.38040399],
        [ 0.90019747,  0.95345011,  0.95910192, ...,  0.66947699,
          0.38040399,  0.        ]],

       [[ 0.        ,  0.36796058,  0.44783379, ...,  0.95242402,
          0.96034381,  0.97112462],
        [-0.36796058,  0.        ,  0.08741466, ...,  0.99774888,
          0.99556165,  0.99077725],
        [-0.44783379, -0.08741466,  0.        , ...,  0.98806739,
          0.98352391,  0.97513982],
        ...,
        [-0.95242402, -0.99774888, -0.98806739, ...,  0.        ,
         -0.02713642, -0.06875314],
        [-0.96034381, -0.99556165, -0.98352391, ...,  0.02713642,
          0.        , -0.04165561],
        [-0.97112462, -0.99077725, -0.97513982, ...,  0.06875314,
          0.04165561,  0.        ]],

       [[ 0.        , -0.02467144, -0.04231143, ...,  0.71330208,
          0.67591058,  0.61903256],
        [ 0.02467144,  0.        , -0.0176492 , ...,  0.73037611,
          0.69388729,  0.63822023],
        [ 0.04231143,  0.0176492 ,  0.        , ...,  0.74231755,
          0.70648811,  0.65170813],
        ...,
        [-0.71330208, -0.73037611, -0.74231755, ...,  0.        ,
         -0.0519755 , -0.12634959],
        [-0.67591058, -0.69388729, -0.70648811, ...,  0.0519755 ,
          0.        , -0.07461985],
        [-0.61903256, -0.63822023, -0.65170813, ...,  0.12634959,
          0.07461985,  0.        ]]]), 'num': array([ 7.07095119e-01,  7.07095119e-01,  0.00000000e+00,  9.91657789e-05,
        1.01062863e-04,  9.69237700e-05,  5.73609358e-03, -8.62311121e-07,
        1.00786924e-04,  1.03865375e-04,  1.00499487e-04,  5.33516233e-07,
        1.11914669e-04,  9.58160801e-05])}
{'img': array([[[ 0.        , -0.06014013, -0.16736211, ...,  0.16146529,
          0.        , -0.07530003],
        [ 0.06014013,  0.        , -0.1077673 , ...,  0.22052403,
          0.06014013, -0.01519434],
        [ 0.16736211,  0.1077673 ,  0.        , ...,  0.32435396,
          0.16736211,  0.092649  ],
        ...,
        [-0.16146529, -0.22052403, -0.32435396, ...,  0.        ,
         -0.16146529, -0.23531885],
        [ 0.        , -0.06014013, -0.16736211, ...,  0.16146529,
          0.        , -0.07530003],
        [ 0.07530003,  0.01519434, -0.092649  , ...,  0.23531885,
          0.07530003,  0.        ]],

       [[ 0.        , -0.02299174, -0.20537513, ..., -0.26174147,
         -0.2470673 , -0.27399306],
        [ 0.02299174,  0.        , -0.1828192 , ..., -0.23948208,
         -0.22472303, -0.25180874],
        [ 0.20537513,  0.1828192 ,  0.        , ..., -0.05794667,
         -0.0427925 , -0.07063667],
        ...,
        [ 0.26174147,  0.23948208,  0.05794667, ...,  0.        ,
          0.015173  , -0.01271605],
        [ 0.2470673 ,  0.22472303,  0.0427925 , ..., -0.015173  ,
          0.        , -0.02788636],
        [ 0.27399306,  0.25180874,  0.07063667, ...,  0.01271605,
          0.02788636,  0.        ]],

       [[ 0.        ,  0.1076619 ,  0.19180432, ...,  0.40177306,
          0.43663385,  0.42403817],
        [-0.1076619 ,  0.        ,  0.08502651, ...,  0.30084755,
          0.33723907,  0.32407009],
        [-0.19180432, -0.08502651,  0.        , ...,  0.21867067,
          0.25597225,  0.24245865],
        ...,
        [-0.40177306, -0.30084755, -0.21867067, ...,  0.        ,
          0.03839193,  0.02444492],
        [-0.43663385, -0.33723907, -0.25597225, ..., -0.03839193,
          0.        , -0.01395356],
        [-0.42403817, -0.32407009, -0.24245865, ..., -0.02444492,
          0.01395356,  0.        ]],

       ...,

       [[ 0.        ,  0.01933346,  0.08018208, ..., -0.76705899,
         -0.95345011, -0.92795902],
        [-0.01933346,  0.        ,  0.06089589, ..., -0.77931952,
         -0.95910192, -0.93499081],
        [-0.08018208, -0.06089589,  0.        , ..., -0.81603219,
         -0.97455919, -0.95485365],
        ...,
        [ 0.76705899,  0.77931952,  0.81603219, ...,  0.        ,
         -0.38040399, -0.3094875 ],
        [ 0.95345011,  0.95910192,  0.97455919, ...,  0.38040399,
          0.        ,  0.07550713],
        [ 0.92795902,  0.93499081,  0.95485365, ...,  0.3094875 ,
         -0.07550713,  0.        ]],

       [[ 0.        ,  0.26958471,  0.34709033, ...,  0.96757073,
          0.97750949,  0.98791318],
        [-0.26958471,  0.        ,  0.0814148 , ...,  0.99984521,
          0.99817195,  0.9931252 ],
        [-0.34709033, -0.0814148 ,  0.        , ...,  0.99509361,
          0.98993776,  0.98029816],
        ...,
        [-0.96757073, -0.99984521, -0.99509361, ...,  0.        ,
         -0.04286678, -0.09956568],
        [-0.97750949, -0.99817195, -0.98993776, ...,  0.04286678,
          0.        , -0.05682038],
        [-0.98791318, -0.9931252 , -0.98029816, ...,  0.09956568,
          0.05682038,  0.        ]],

       [[ 0.        , -0.0176492 , -0.0042726 , ...,  0.69388729,
          0.63822023,  0.58286559],
        [ 0.0176492 ,  0.        ,  0.0133771 , ...,  0.70648811,
          0.65170813,  0.59711599],
        [ 0.0042726 , -0.0133771 ,  0.        , ...,  0.69695759,
          0.64150369,  0.58633206],
        ...,
        [-0.69388729, -0.70648811, -0.69695759, ...,  0.        ,
         -0.07461985, -0.14411904],
        [-0.63822023, -0.65170813, -0.64150369, ...,  0.07461985,
          0.        , -0.0698764 ],
        [-0.58286559, -0.59711599, -0.58633206, ...,  0.14411904,
          0.0698764 ,  0.        ]]]), 'num': array([7.07104025e-01, 7.07104025e-01, 0.00000000e+00, 9.91670279e-05,
       1.00891672e-04, 9.91670279e-05, 2.77740113e-03, 0.00000000e+00,
       1.00546743e-04, 1.03349289e-04, 1.00486381e-04, 5.79372581e-07,
       1.11207972e-04, 9.54906072e-05])}
{'img': array([[[ 0.        , -0.1077673 , -0.36845978, ...,  0.06014013,
         -0.01519434, -0.01519434],
        [ 0.1077673 ,  0.        , -0.26612874, ...,  0.16736211,
          0.092649  ,  0.092649  ],
        [ 0.36845978,  0.26612874,  0.        , ...,  0.42370174,
          0.35429192,  0.35429192],
        ...,
        [-0.06014013, -0.16736211, -0.42370174, ...,  0.        ,
         -0.07530003, -0.07530003],
        [ 0.01519434, -0.092649  , -0.35429192, ...,  0.07530003,
          0.        ,  0.        ],
        [ 0.01519434, -0.092649  , -0.35429192, ...,  0.07530003,
          0.        ,  0.        ]],

       [[ 0.        , -0.1828192 , -0.23027611, ..., -0.22472303,
         -0.25180874, -0.38664132],
        [ 0.1828192 ,  0.        , -0.04848917, ..., -0.0427925 ,
         -0.07063667, -0.21152369],
        [ 0.23027611,  0.04848917,  0.        , ...,  0.00570259,
         -0.02218554, -0.16388289],
        ...,
        [ 0.22472303,  0.0427925 , -0.00570259, ...,  0.        ,
         -0.02788636, -0.16950571],
        [ 0.25180874,  0.07063667,  0.02218554, ...,  0.02788636,
          0.        , -0.14195696],
        [ 0.38664132,  0.21152369,  0.16388289, ...,  0.16950571,
          0.14195696,  0.        ]],

       [[ 0.        ,  0.08502651,  0.05209896, ...,  0.33723907,
          0.32407009,  0.30084755],
        [-0.08502651,  0.        , -0.03300074, ...,  0.25597225,
          0.24245865,  0.21867067],
        [-0.05209896,  0.03300074,  0.        , ...,  0.28773412,
          0.27434264,  0.25075364],
        ...,
        [-0.33723907, -0.25597225, -0.28773412, ...,  0.        ,
         -0.01395356, -0.03839193],
        [-0.32407009, -0.24245865, -0.27434264, ...,  0.01395356,
          0.        , -0.02444492],
        [-0.30084755, -0.21867067, -0.25075364, ...,  0.03839193,
          0.02444492,  0.        ]],

       ...,

       [[ 0.        ,  0.06089589,  0.2230532 , ..., -0.95910192,
         -0.93499081, -0.87561325],
        [-0.06089589,  0.        ,  0.16327755, ..., -0.97455919,
         -0.95485365, -0.90340171],
        [-0.2230532 , -0.16327755,  0.        , ..., -0.99807622,
         -0.99054562, -0.96129085],
        ...,
        [ 0.95910192,  0.97455919,  0.99807622, ...,  0.        ,
          0.07550713,  0.21540665],
        [ 0.93499081,  0.95485365,  0.99054562, ..., -0.07550713,
          0.        ,  0.14105716],
        [ 0.87561325,  0.90340171,  0.96129085, ..., -0.21540665,
         -0.14105716,  0.        ]],

       [[ 0.        ,  0.10681197,  0.00713211, ...,  0.99983517,
          0.99923261,  0.99401835],
        [-0.10681197,  0.        , -0.09971795, ...,  0.99605461,
          0.98933256,  0.97666653],
        [-0.00713211,  0.09971795,  0.        , ...,  0.99993923,
          0.99892784,  0.99321415],
        ...,
        [-0.99983517, -0.99605461, -0.99993923, ...,  0.        ,
         -0.05730412, -0.12724245],
        [-0.99923261, -0.98933256, -0.99892784, ...,  0.05730412,
          0.        , -0.07019503],
        [-0.99401835, -0.97666653, -0.99321415, ...,  0.12724245,
          0.07019503,  0.        ]],

       [[ 0.        ,  0.0133771 ,  0.00929186, ...,  0.65170813,
          0.59711599,  0.55817796],
        [-0.0133771 ,  0.        , -0.0040855 , ...,  0.64150369,
          0.58633206,  0.54702876],
        [-0.00929186,  0.0040855 ,  0.        , ...,  0.6446324 ,
          0.5896367 ,  0.55044422],
        ...,
        [-0.65170813, -0.64150369, -0.6446324 , ...,  0.        ,
         -0.0698764 , -0.11737493],
        [-0.59711599, -0.58633206, -0.5896367 , ...,  0.0698764 ,
          0.        , -0.04769463],
        [-0.55817796, -0.54702876, -0.55044422, ...,  0.11737493,
          0.04769463,  0.        ]]]), 'num': array([ 7.07096280e-01,  7.07096280e-01,  0.00000000e+00,  9.70963916e-05,
        9.95108667e-05,  9.65790041e-05,  5.44258905e-03, -2.06955009e-06,
        9.94763742e-05,  1.02804901e-04,  1.00447913e-04,  3.75523201e-07,
        1.10813477e-04,  9.47963241e-05])}
{'img': array([[[ 0.        , -0.26612874,  0.04674856, ...,  0.092649  ,
          0.092649  , -0.09623579],
        [ 0.26612874,  0.        ,  0.31090047, ...,  0.35429192,
          0.35429192,  0.17212823],
        [-0.04674856, -0.31090047,  0.        , ...,  0.04600022,
          0.04600022, -0.14266216],
        ...,
        [-0.092649  , -0.35429192, -0.04600022, ...,  0.        ,
          0.        , -0.18804085],
        [-0.092649  , -0.35429192, -0.04600022, ...,  0.        ,
          0.        , -0.18804085],
        [ 0.09623579, -0.17212823,  0.14266216, ...,  0.18804085,
          0.18804085,  0.        ]],

       [[ 0.        , -0.04848917,  0.10978833, ..., -0.07063667,
         -0.21152369, -0.079641  ],
        [ 0.04848917,  0.        ,  0.15785524, ..., -0.02218554,
         -0.16388289, -0.03121217],
        [-0.10978833, -0.15785524,  0.        , ..., -0.17972377,
         -0.31754917, -0.18859917],
        ...,
        [ 0.07063667,  0.02218554,  0.17972377, ...,  0.        ,
         -0.14195696, -0.00902976],
        [ 0.21152369,  0.16388289,  0.31754917, ...,  0.14195696,
          0.        ,  0.13301286],
        [ 0.079641  ,  0.03121217,  0.18859917, ...,  0.00902976,
         -0.13301286,  0.        ]],

       [[ 0.        , -0.03300074, -0.01096258, ...,  0.24245865,
          0.21867067,  0.11116558],
        [ 0.03300074,  0.        ,  0.02204215, ...,  0.27434264,
          0.25075364,  0.14390124],
        [ 0.01096258, -0.02204215,  0.        , ...,  0.25307955,
          0.2293548 ,  0.12205354],
        ...,
        [-0.24245865, -0.27434264, -0.25307955, ...,  0.        ,
         -0.02444492, -0.13310726],
        [-0.21867067, -0.25075364, -0.2293548 , ...,  0.02444492,
          0.        , -0.10884009],
        [-0.11116558, -0.14390124, -0.12205354, ...,  0.13310726,
          0.10884009,  0.        ]],

       ...,

       [[ 0.        ,  0.1595658 ,  0.2873269 , ..., -0.93532149,
         -0.88221296, -0.87254152],
        [-0.1595658 ,  0.        ,  0.13080814, ..., -0.97979171,
         -0.94604108, -0.78340763],
        [-0.2873269 , -0.13080814,  0.        , ..., -0.99753736,
         -0.98030036, -0.69537803],
        ...,
        [ 0.93532149,  0.97979171,  0.99753736, ...,  0.        ,
          0.12827066, -0.76564621],
        [ 0.88221296,  0.94604108,  0.98030036, ..., -0.12827066,
          0.        , -0.84183299],
        [ 0.87254152,  0.78340763,  0.69537803, ...,  0.76564621,
          0.84183299,  0.        ]],

       [[ 0.        , -0.09971795, -0.01112904, ...,  0.98933256,
          0.97666653,  0.9675926 ],
        [ 0.09971795,  0.        ,  0.0886382 , ...,  0.99892784,
          0.99321415,  0.98795029],
        [ 0.01112904, -0.0886382 ,  0.        , ...,  0.99089251,
          0.97899613,  0.97034294],
        ...,
        [-0.98933256, -0.99892784, -0.99089251, ...,  0.        ,
         -0.07019503, -0.10886911],
        [-0.97666653, -0.99321415, -0.97899613, ...,  0.07019503,
          0.        , -0.03882276],
        [-0.9675926 , -0.98795029, -0.97034294, ...,  0.10886911,
          0.03882276,  0.        ]],

       [[ 0.        , -0.0040855 , -0.01135061, ...,  0.58633206,
          0.54702876,  0.46288151],
        [ 0.0040855 ,  0.        , -0.00726528, ...,  0.5896367 ,
          0.55044422,  0.46649911],
        [ 0.01135061,  0.00726528,  0.        , ...,  0.59548908,
          0.55649527,  0.4729131 ],
        ...,
        [-0.58633206, -0.5896367 , -0.59548908, ...,  0.        ,
         -0.04769463, -0.14476976],
        [-0.54702876, -0.55044422, -0.55649527, ...,  0.04769463,
          0.        , -0.09741282],
        [-0.46288151, -0.46649911, -0.4729131 , ...,  0.14476976,
          0.09741282,  0.        ]]]), 'num': array([7.82319212e-01, 6.22842190e-01, 2.80275962e-05, 1.08340368e-04,
       1.10244417e-04, 1.06436320e-04, 6.64516788e-03, 1.14242919e-06,
       1.08987745e-04, 1.13119531e-04, 1.10898140e-04, 5.37039364e-07,
       1.22159171e-04, 1.04079890e-04])}
{'img': array([[[ 0.        ,  0.31090047, -0.1354652 , ...,  0.35429192,
          0.17212823,  0.26612874],
        [-0.31090047,  0.        , -0.4367865 , ...,  0.04600022,
         -0.14266216, -0.04674856],
        [ 0.1354652 ,  0.4367865 ,  0.        , ...,  0.47770433,
          0.30398489,  0.39425558],
        ...,
        [-0.35429192, -0.04600022, -0.47770433, ...,  0.        ,
         -0.18804085, -0.092649  ],
        [-0.17212823,  0.14266216, -0.30398489, ...,  0.18804085,
          0.        ,  0.09623579],
        [-0.26612874,  0.04674856, -0.39425558, ...,  0.092649  ,
         -0.09623579,  0.        ]],

       [[ 0.        ,  0.15785524,  0.08621696, ..., -0.16388289,
         -0.03121217, -0.01387162],
        [-0.15785524,  0.        , -0.07213145, ..., -0.31754917,
         -0.18859917, -0.17153775],
        [-0.08621696,  0.07213145,  0.        , ..., -0.24832394,
         -0.11727091, -0.10002863],
        ...,
        [ 0.16388289,  0.31754917,  0.24832394, ...,  0.        ,
          0.13301286,  0.15018305],
        [ 0.03121217,  0.18859917,  0.11727091, ..., -0.13301286,
          0.        ,  0.01734431],
        [ 0.01387162,  0.17153775,  0.10002863, ..., -0.15018305,
         -0.01734431,  0.        ]],

       [[ 0.        ,  0.02204215, -0.10517912, ...,  0.25075364,
          0.14390124,  0.0656317 ],
        [-0.02204215,  0.        , -0.12707346, ...,  0.2293548 ,
          0.12205354,  0.04362113],
        [ 0.10517912,  0.12707346,  0.        , ...,  0.35118154,
          0.24718748,  0.17022001],
        ...,
        [-0.25075364, -0.2293548 , -0.35118154, ...,  0.        ,
         -0.10884009, -0.18667817],
        [-0.14390124, -0.12205354, -0.24718748, ...,  0.10884009,
          0.        , -0.07864236],
        [-0.0656317 , -0.04362113, -0.17022001, ...,  0.18667817,
          0.07864236,  0.        ]],

       ...,

       [[ 0.        ,  0.13080814, -0.68262403, ..., -0.94604108,
         -0.78340763, -0.99861113],
        [-0.13080814,  0.        , -0.77234935, ..., -0.98030036,
         -0.69537803, -0.99692251],
        [ 0.68262403,  0.77234935,  0.        , ..., -0.47013613,
         -0.99674706, -0.69379014],
        ...,
        [ 0.94604108,  0.98030036,  0.47013613, ...,  0.        ,
         -0.84183299, -0.27375361],
        [ 0.78340763,  0.69537803,  0.99674706, ...,  0.84183299,
          0.        ,  0.66191959],
        [ 0.99861113,  0.99692251,  0.69379014, ...,  0.27375361,
         -0.66191959,  0.        ]],

       [[ 0.        ,  0.0886382 ,  0.08340356, ...,  0.99321415,
          0.98795029,  0.98528956],
        [-0.0886382 ,  0.        , -0.0052541 , ...,  0.97899613,
          0.97034294,  0.96626369],
        [-0.08340356,  0.0052541 ,  0.        , ...,  0.98005382,
          0.97159964,  0.96760357],
        ...,
        [-0.99321415, -0.97899613, -0.98005382, ...,  0.        ,
         -0.03882276, -0.05514448],
        [-0.98795029, -0.97034294, -0.97159964, ...,  0.03882276,
          0.        , -0.01633922],
        [-0.98528956, -0.96626369, -0.96760357, ...,  0.05514448,
          0.01633922,  0.        ]],

       [[ 0.        , -0.00726528, -0.02306172, ...,  0.55044422,
          0.46649911,  0.4023951 ],
        [ 0.00726528,  0.        , -0.01579776, ...,  0.55649527,
          0.4729131 ,  0.4090356 ],
        [ 0.02306172,  0.01579776,  0.        , ...,  0.5695514 ,
          0.48677363,  0.4234003 ],
        ...,
        [-0.55044422, -0.55649527, -0.5695514 , ...,  0.        ,
         -0.09741282, -0.16796464],
        [-0.46649911, -0.4729131 , -0.48677363, ...,  0.09741282,
          0.        , -0.07113694],
        [-0.4023951 , -0.4090356 , -0.4234003 , ...,  0.16796464,
          0.07113694,  0.        ]]]), 'num': array([8.06578039e-01, 5.90862407e-01, 3.65001068e-05, 1.14864553e-04,
       1.16419404e-04, 1.12143566e-04, 1.77024546e-02, 4.27583786e-06,
       1.11677111e-04, 1.15107499e-04, 1.13322660e-04, 9.37683741e-07,
       1.23826170e-04, 1.06388827e-04])}
{'img': array([[[ 0.        , -0.4367865 ,  0.13587967, ..., -0.14266216,
         -0.04674856,  0.2797782 ],
        [ 0.4367865 ,  0.        ,  0.55496809, ...,  0.30398489,
          0.39425558,  0.67102202],
        [-0.13587967, -0.55496809,  0.        , ..., -0.27582884,
         -0.1820461 ,  0.14673008],
        ...,
        [ 0.14266216, -0.30398489,  0.27582884, ...,  0.        ,
          0.09623579,  0.41388137],
        [ 0.04674856, -0.39425558,  0.1820461 , ..., -0.09623579,
          0.        ,  0.32435396],
        [-0.2797782 , -0.67102202, -0.14673008, ..., -0.41388137,
         -0.32435396,  0.        ]],

       [[ 0.        , -0.07213145,  0.0622995 , ..., -0.18859917,
         -0.17153775,  0.01749115],
        [ 0.07213145,  0.        ,  0.13412855, ..., -0.11727091,
         -0.10002863,  0.089566  ],
        [-0.0622995 , -0.13412855,  0.        , ..., -0.2494143 ,
         -0.2325806 , -0.0448328 ],
        ...,
        [ 0.18859917,  0.11727091,  0.2494143 , ...,  0.        ,
          0.01734431,  0.20574757],
        [ 0.17153775,  0.10002863,  0.2325806 , ..., -0.01734431,
          0.        ,  0.18874339],
        [-0.01749115, -0.089566  ,  0.0448328 , ..., -0.20574757,
         -0.18874339,  0.        ]],

       [[ 0.        , -0.12707346, -0.10804453, ...,  0.12205354,
          0.04362113,  0.08308118],
        [ 0.12707346,  0.        ,  0.01916093, ...,  0.24718748,
          0.17022001,  0.2090418 ],
        [ 0.10804453, -0.01916093,  0.        , ...,  0.22857578,
          0.15130746,  0.19026582],
        ...,
        [-0.12205354, -0.24718748, -0.22857578, ...,  0.        ,
         -0.07864236, -0.03917155],
        [-0.04362113, -0.17022001, -0.15130746, ...,  0.07864236,
          0.        ,  0.03953177],
        [-0.08308118, -0.2090418 , -0.19026582, ...,  0.03917155,
         -0.03953177,  0.        ]],

       ...,

       [[ 0.        , -0.77234935, -0.41981277, ..., -0.69537803,
         -0.99692251, -0.69687418],
        [ 0.77234935,  0.        ,  0.43432833, ..., -0.99674706,
         -0.69379014,  0.11127079],
        [ 0.41981277, -0.43432833,  0.        , ..., -0.93282855,
         -0.93772805, -0.33140353],
        ...,
        [ 0.69537803,  0.99674706,  0.93282855, ...,  0.        ,
          0.66191959,  0.99952508],
        [ 0.99692251,  0.69379014,  0.93772805, ..., -0.66191959,
          0.        ,  0.76961648],
        [ 0.69687418, -0.11127079,  0.33140353, ..., -0.99952508,
         -0.76961648,  0.        ]],

       [[ 0.        , -0.0052541 ,  0.15362859, ...,  0.97034294,
          0.96626369,  0.94393173],
        [ 0.0052541 ,  0.        ,  0.15881819, ...,  0.97159964,
          0.96760357,  0.94565329],
        [-0.15362859, -0.15881819,  0.        , ...,  0.92168666,
          0.91522506,  0.88200695],
        ...,
        [-0.97034294, -0.97159964, -0.92168666, ...,  0.        ,
         -0.01633922, -0.09217079],
        [-0.96626369, -0.96760357, -0.91522506, ...,  0.01633922,
          0.        , -0.07588882],
        [-0.94393173, -0.94565329, -0.88200695, ...,  0.09217079,
          0.07588882,  0.        ]],

       [[ 0.        , -0.01579776, -0.0373162 , ...,  0.4729131 ,
          0.4090356 ,  0.42520092],
        [ 0.01579776,  0.        , -0.02152479, ...,  0.48677363,
          0.4234003 ,  0.43944639],
        [ 0.0373162 ,  0.02152479,  0.        , ...,  0.50546336,
          0.44280243,  0.45867963],
        ...,
        [-0.4729131 , -0.48677363, -0.50546336, ...,  0.        ,
         -0.07113694, -0.05338478],
        [-0.4090356 , -0.4234003 , -0.44280243, ...,  0.07113694,
          0.        ,  0.01778597],
        [-0.42520092, -0.43944639, -0.45867963, ...,  0.05338478,
         -0.01778597,  0.        ]]]), 'num': array([ 9.67966892e-01,  2.50960049e-01,  1.23409095e-04,  1.37252458e-04,
        1.40323512e-04,  1.36779989e-04,  7.67992470e-03, -2.36234868e-06,
        1.36024037e-04,  1.39225020e-04,  1.37776112e-04,  1.12007912e-06,
        1.48576191e-04,  1.29873848e-04])}
{'img': array([[[ 0.        ,  0.55496809,  0.09848783, ...,  0.39425558,
          0.67102202,  0.55496809],
        [-0.55496809,  0.        , -0.47034074, ..., -0.1820461 ,
          0.14673008,  0.        ],
        [-0.09848783,  0.47034074,  0.        , ...,  0.30182842,
          0.59473712,  0.47034074],
        ...,
        [-0.39425558,  0.1820461 , -0.30182842, ...,  0.        ,
          0.32435396,  0.1820461 ],
        [-0.67102202, -0.14673008, -0.59473712, ..., -0.32435396,
          0.        , -0.14673008],
        [-0.55496809,  0.        , -0.47034074, ..., -0.1820461 ,
          0.14673008,  0.        ]],

       [[ 0.        ,  0.13412855,  0.03174625, ..., -0.10002863,
          0.089566  , -0.1122018 ],
        [-0.13412855,  0.        , -0.10260155, ..., -0.2325806 ,
         -0.0448328 , -0.24446953],
        [-0.03174625,  0.10260155,  0.        , ..., -0.13156525,
          0.05790219, -0.14369104],
        ...,
        [ 0.10002863,  0.2325806 ,  0.13156525, ...,  0.        ,
          0.18874339, -0.01224207],
        [-0.089566  ,  0.0448328 , -0.05790219, ..., -0.18874339,
          0.        , -0.20075128],
        [ 0.1122018 ,  0.24446953,  0.14369104, ...,  0.01224207,
          0.20075128,  0.        ]],

       [[ 0.        ,  0.01916093, -0.05064526, ...,  0.17022001,
          0.2090418 ,  0.2299312 ],
        [-0.01916093,  0.        , -0.0697723 , ...,  0.15130746,
          0.19026582,  0.21124144],
        [ 0.05064526,  0.0697723 ,  0.        , ...,  0.21990771,
          0.25829988,  0.27892444],
        ...,
        [-0.17022001, -0.15130746, -0.21990771, ...,  0.        ,
          0.03953177,  0.06091632],
        [-0.2090418 , -0.19026582, -0.25829988, ..., -0.03953177,
          0.        ,  0.02141034],
        [-0.2299312 , -0.21124144, -0.27892444, ..., -0.06091632,
         -0.02141034,  0.        ]],

       ...,

       [[ 0.        ,  0.43432833,  0.06762889, ..., -0.69379014,
          0.11127079,  0.07902264],
        [-0.43432833,  0.        , -0.37241692, ..., -0.93772805,
         -0.33140353, -0.3617901 ],
        [-0.06762889,  0.37241692,  0.        , ..., -0.74090652,
          0.04380712,  0.01142432],
        ...,
        [ 0.69379014,  0.93772805,  0.74090652, ...,  0.        ,
          0.76961648,  0.74853084],
        [-0.11127079,  0.33140353, -0.04380712, ..., -0.76961648,
          0.        , -0.03239091],
        [-0.07902264,  0.3617901 , -0.01142432, ..., -0.74853084,
          0.03239091,  0.        ]],

       [[ 0.        ,  0.15881819,  0.15715968, ...,  0.96760357,
          0.94565329,  0.89094631],
        [-0.15881819,  0.        , -0.00167961, ...,  0.91522506,
          0.88200695,  0.80751756],
        [-0.15715968,  0.00167961,  0.        , ...,  0.91590056,
          0.8827972 ,  0.80850713],
        ...,
        [-0.96760357, -0.91522506, -0.91590056, ...,  0.        ,
         -0.07588882, -0.21445601],
        [-0.94565329, -0.88200695, -0.8827972 , ...,  0.07588882,
          0.        , -0.13971442],
        [-0.89094631, -0.80751756, -0.80850713, ...,  0.21445601,
          0.13971442,  0.        ]],

       [[ 0.        , -0.02152479, -0.02503713, ...,  0.4234003 ,
          0.43944639,  0.48889772],
        [ 0.02152479,  0.        , -0.00351328, ...,  0.44280243,
          0.45867963,  0.50756141],
        [ 0.02503713,  0.00351328,  0.        , ...,  0.44594978,
          0.46179871,  0.51058537],
        ...,
        [-0.4234003 , -0.44280243, -0.44594978, ...,  0.        ,
          0.01778597,  0.07356383],
        [-0.43944639, -0.45867963, -0.46179871, ..., -0.01778597,
          0.        ,  0.05581442],
        [-0.48889772, -0.50756141, -0.51058537, ..., -0.07356383,
         -0.05581442,  0.        ]]]), 'num': array([9.69254296e-01, 2.45350533e-01, 1.20650627e-04, 1.38572696e-04,
       1.39727468e-04, 1.34415515e-04, 1.86832254e-02, 4.38813537e-06,
       1.34138369e-04, 1.35789694e-04, 1.34904369e-04, 1.25027996e-06,
       1.44062218e-04, 1.27517170e-04])}
{'img': array([[[ 0.        , -0.47034074, -0.43716279, ...,  0.14673008,
          0.        ,  0.27516123],
        [ 0.47034074,  0.        ,  0.03722663, ...,  0.59473712,
          0.47034074,  0.69501032],
        [ 0.43716279, -0.03722663,  0.        , ...,  0.56439764,
          0.43716279,  0.66776264],
        ...,
        [-0.14673008, -0.59473712, -0.56439764, ...,  0.        ,
         -0.14673008,  0.13111702],
        [ 0.        , -0.47034074, -0.43716279, ...,  0.14673008,
          0.        ,  0.27516123],
        [-0.27516123, -0.69501032, -0.66776264, ..., -0.13111702,
         -0.27516123,  0.        ]],

       [[ 0.        , -0.10260155, -0.1763956 , ..., -0.0448328 ,
         -0.24446953, -0.07191158],
