state_0,state_1,state_2,state_3,state_4,state_5,state_6,state_7,state_8,state_9,state_10,state_11,state_12,state_13,state_14,state_15,state_16,state_17,state_18,state_19,state_20,state_21,state_22,state_23,state_24,state_25,state_26,state_27,state_28,state_29,state_30,state_31,state_32,state_33,state_34,state_35,state_36,state_37,state_38,state_39,state_40,state_41,state_42,state_43,state_44,state_45,state_46,state_47,state_48,state_49,state_50,state_51,state_52,state_53,state_54,state_55,state_56,state_57,state_58,state_59,state_60,state_61,state_62,state_63,state_64,state_65,state_66,state_67,state_68,state_69,state_70,state_71,state_72,state_73,state_74,state_75,state_76,state_77,state_78,state_79,state_80,state_81,state_82,state_83,state_84,state_85,state_86,state_87,state_88,state_89,state_90,state_91,state_92,state_93,state_94,state_95,state_96,state_97,state_98,state_99,state_100,state_101,state_102,state_103,state_104,state_105,state_106,state_107,state_108,state_109,state_110,state_111,state_112,state_113,state_114,state_115,state_116,state_117,state_118,state_119,state_120,state_121,state_122,state_123,state_124,state_125,state_126,state_127,state_128,state_129,state_130,state_131,state_132,state_133,state_134,state_135,state_136,state_137,state_138,state_139,state_140,state_141,state_142,state_143,state_144,state_145,state_146,state_147,state_148,state_149,state_150,state_151,state_152,state_153,state_154,state_155,state_156,state_157,state_158,state_159,state_160,state_161,state_162,state_163,state_164,state_165,state_166,state_167,state_168,state_169,state_170,state_171,state_172,state_173,state_174,state_175,state_176,state_177,state_178,state_179,state_180,state_181,state_182,state_183,state_184,state_185,state_186,state_187,state_188,state_189,state_190,state_191,state_192,state_193,state_194,state_195,state_196,state_197,state_198,state_199,state_200,state_201,state_202,state_203,state_204,state_205,state_206,state_207,state_208,state_209,state_210,state_211,state_212,state_213,state_214,state_215,state_216,state_217,state_218,state_219,state_220,state_221,state_222,state_223,state_224,state_225,state_226,state_227,state_228,state_229,state_230,state_231,state_232,state_233,state_234,state_235,state_236,state_237,state_238,state_239,state_240,state_241,state_242,state_243,state_244,state_245,state_246,state_247,state_248,state_249,state_250,state_251,state_252,state_253,state_254,state_255,state_256,state_257,state_258,state_259,state_260,state_261,state_262,state_263,state_264,state_265,state_266,state_267,state_268,state_269,state_270,state_271,state_272,state_273,state_274,state_275,state_276,state_277,state_278,state_279,state_280,state_281,state_282,state_283,state_284,state_285,state_286,state_287
{'img': array([[[ 0.        ,  0.07059459,  0.29514297, ..., -0.79989915,
         -0.78102648, -0.51793273],
        [-0.07059459,  0.        ,  0.22695679, ..., -0.84026972,
         -0.82316407, -0.57702866],
        [-0.29514297, -0.22695679,  0.        , ..., -0.94139158,
         -0.93055034, -0.74733203],
        ...,
        [ 0.79989915,  0.84026972,  0.94139158, ...,  0.        ,
          0.03081444,  0.37342154],
        [ 0.78102648,  0.82316407,  0.93055034, ..., -0.03081444,
          0.        ,  0.34465882],
        [ 0.51793273,  0.57702866,  0.74733203, ..., -0.37342154,
         -0.34465882,  0.        ]],

       [[ 0.        , -0.16272446, -0.05605128, ..., -0.32860706,
         -0.40346693, -0.1352776 ],
        [ 0.16272446,  0.        ,  0.10716444, ..., -0.17053939,
         -0.2491974 ,  0.0277541 ],
        [ 0.05605128, -0.10716444,  0.        , ..., -0.27515188,
         -0.35154604, -0.07952889],
        ...,
        [ 0.32860706,  0.17053939,  0.27515188, ...,  0.        ,
         -0.08038753,  0.19782122],
        [ 0.40346693,  0.2491974 ,  0.35154604, ...,  0.08038753,
          0.        ,  0.27597993],
        [ 0.1352776 , -0.0277541 ,  0.07952889, ..., -0.19782122,
         -0.27597993,  0.        ]],

       [[ 0.        ,  0.07928449,  0.24173789, ..., -0.99039466,
         -0.92491288, -0.79332764],
        [-0.07928449,  0.        ,  0.16404387, ..., -0.99823954,
         -0.95214359, -0.83909827],
        [-0.24173789, -0.16404387,  0.        , ..., -0.99444607,
         -0.98938513, -0.9169676 ],
        ...,
        [ 0.99039466,  0.99823954,  0.99444607, ...,  0.        ,
          0.24864024,  0.4932543 ],
        [ 0.92491288,  0.95214359,  0.98938513, ..., -0.24864024,
          0.        ,  0.26147564],
        [ 0.79332764,  0.83909827,  0.9169676 , ..., -0.4932543 ,
         -0.26147564,  0.        ]],

       ...,

       [[ 0.        ,  0.2417984 ,  0.25084931, ..., -0.12348273,
         -0.02911602,  0.48351353],
        [-0.2417984 ,  0.        ,  0.00933856, ..., -0.35976641,
         -0.26994793,  0.25751093],
        [-0.25084931, -0.00933856,  0.        , ..., -0.368464  ,
         -0.27892803,  0.24847608],
        ...,
        [ 0.12348273,  0.35976641,  0.368464  , ...,  0.        ,
          0.09453719,  0.58790205],
        [ 0.02911602,  0.26994793,  0.27892803, ..., -0.09453719,
          0.        ,  0.50879486],
        [-0.48351353, -0.25751093, -0.24847608, ..., -0.58790205,
         -0.50879486,  0.        ]],

       [[ 0.        , -0.61517375, -0.73940097, ..., -0.50126377,
         -0.24303687, -0.        ],
        [ 0.61517375,  0.        , -0.16876232, ..., -0.92749861,
         -0.78833725, -0.61517375],
        [ 0.73940097,  0.16876232,  0.        , ..., -0.97728314,
         -0.88085984, -0.73940097],
        ...,
        [ 0.50126377,  0.92749861,  0.97728314, ...,  0.        ,
         -0.27593593, -0.50126377],
        [ 0.24303687,  0.78833725,  0.88085984, ...,  0.27593593,
          0.        , -0.24303687],
        [ 0.        ,  0.61517375,  0.73940097, ...,  0.50126377,
          0.24303687,  0.        ]],

       [[ 0.        ,  0.03288849,  0.05499581, ..., -0.90899788,
         -0.94362853, -0.95959196],
        [-0.03288849,  0.        ,  0.02212733, ..., -0.89479819,
         -0.93223175, -0.94981818],
        [-0.05499581, -0.02212733,  0.        , ..., -0.8846999 ,
         -0.92399646, -0.94266414],
        ...,
        [ 0.90899788,  0.89479819,  0.8846999 , ...,  0.        ,
          0.09242098,  0.14417096],
        [ 0.94362853,  0.93223175,  0.92399646, ..., -0.09242098,
          0.        ,  0.05209847],
        [ 0.95959196,  0.94981818,  0.94266414, ..., -0.14417096,
         -0.05209847,  0.        ]]]), 'num': array([9.99999924e-01, 1.72500311e-05, 2.60751683e-04, 2.91812392e-05,
       2.95236527e-05, 2.89149176e-05, 2.78420219e-04, 1.52183777e-07,
       2.83366192e-05, 2.81387803e-05, 2.97893402e-05, 5.21370346e-07,
       3.01510331e-05, 2.61265275e-05])}
{'img': array([[[ 0.        ,  0.22695679,  0.16389845, ..., -0.82316407,
         -0.57702866, -0.53294671],
        [-0.22695679,  0.        , -0.06426621, ..., -0.93055034,
         -0.74733203, -0.7110786 ],
        [-0.16389845,  0.06426621,  0.        , ..., -0.90509473,
         -0.70308541, -0.66442227],
        ...,
        [ 0.82316407,  0.93055034,  0.90509473, ...,  0.        ,
          0.34465882,  0.39391024],
        [ 0.57702866,  0.74733203,  0.70308541, ..., -0.34465882,
          0.        ,  0.05298179],
        [ 0.53294671,  0.7110786 ,  0.66442227, ..., -0.39391024,
         -0.05298179,  0.        ]],

       [[ 0.        ,  0.10716444, -0.00218173, ..., -0.2491974 ,
          0.0277541 , -0.27732597],
        [-0.10716444,  0.        , -0.10933335, ..., -0.35154604,
         -0.07952889, -0.37868994],
        [ 0.00218173,  0.10933335,  0.        , ..., -0.24708391,
          0.02993491, -0.27522916],
        ...,
        [ 0.2491974 ,  0.35154604,  0.24708391, ...,  0.        ,
          0.27597993, -0.02915423],
        [-0.0277541 ,  0.07952889, -0.02993491, ..., -0.27597993,
          0.        , -0.3038846 ],
        [ 0.27732597,  0.37868994,  0.27522916, ...,  0.02915423,
          0.3038846 ,  0.        ]],

       [[ 0.        ,  0.16404387,  0.24916082, ..., -0.95214359,
         -0.83909827, -0.68867938],
        [-0.16404387,  0.        ,  0.08691518, ..., -0.98938513,
         -0.9169676 , -0.7982925 ],
        [-0.24916082, -0.08691518,  0.        , ..., -0.99827128,
         -0.94817336, -0.84761793],
        ...,
        [ 0.95214359,  0.98938513,  0.99827128, ...,  0.        ,
          0.26147564,  0.47987135],
        [ 0.83909827,  0.9169676 ,  0.94817336, ..., -0.26147564,
          0.        ,  0.23377391],
        [ 0.68867938,  0.7982925 ,  0.84761793, ..., -0.47987135,
         -0.23377391,  0.        ]],

       ...,

       [[ 0.        ,  0.00933856,  0.12208422, ..., -0.26994793,
          0.25751093,  0.64214403],
        [-0.00933856,  0.        ,  0.11281018, ..., -0.27892803,
          0.24847608,  0.63495724],
        [-0.12208422, -0.11281018,  0.        , ..., -0.38548048,
          0.13761771,  0.54375282],
        ...,
        [ 0.26994793,  0.27892803,  0.38548048, ...,  0.        ,
          0.50879486,  0.82524215],
        [-0.25751093, -0.24847608, -0.13761771, ..., -0.50879486,
          0.        ,  0.42308421],
        [-0.64214403, -0.63495724, -0.54375282, ..., -0.82524215,
         -0.42308421,  0.        ]],

       [[ 0.        , -0.20829152, -0.33161788, ..., -0.85728093,
         -0.82567663, -0.45266601],
        [ 0.20829152,  0.        , -0.12783935, ..., -0.94571667,
         -0.92507323, -0.628467  ],
        [ 0.33161788,  0.12783935,  0.        , ..., -0.97950376,
         -0.96603485, -0.72274844],
        ...,
        [ 0.85728093,  0.94571667,  0.97950376, ...,  0.        ,
         -0.05853092, -0.53136578],
        [ 0.82567663,  0.92507323,  0.96603485, ...,  0.05853092,
          0.        , -0.48087078],
        [ 0.45266601,  0.628467  ,  0.72274844, ...,  0.53136578,
          0.48087078,  0.        ]],

       [[ 0.        ,  0.02212733,  0.03206191, ..., -0.93223175,
         -0.94981818, -0.99082315],
        [-0.02212733,  0.        ,  0.0099381 , ..., -0.92399646,
         -0.94266414, -0.98758973],
        [-0.03206191, -0.0099381 ,  0.        , ..., -0.92015049,
         -0.93930082, -0.98598012],
        ...,
        [ 0.93223175,  0.92399646,  0.92015049, ...,  0.        ,
          0.05209847,  0.2325363 ],
        [ 0.94981818,  0.94266414,  0.93930082, ..., -0.05209847,
          0.        ,  0.18155017],
        [ 0.99082315,  0.98758973,  0.98598012, ..., -0.2325363 ,
         -0.18155017,  0.        ]]]), 'num': array([7.07106627e-01, 7.07106627e-01, 0.00000000e+00, 2.80552427e-05,
       2.81268122e-05, 2.69817002e-05, 6.55569433e-04, 6.08340722e-07,
       2.71105253e-05, 2.64485075e-05, 2.80039512e-05, 5.14590596e-07,
       2.82727436e-05, 2.46242714e-05])}
{'img': array([[[ 0.        , -0.06426621, -0.04848615, ..., -0.74733203,
         -0.7110786 , -0.53817611],
        [ 0.06426621,  0.        ,  0.0158047 , ..., -0.70308541,
         -0.66442227, -0.48289794],
        [ 0.04848615, -0.0158047 ,  0.        , ..., -0.7142364 ,
         -0.67615104, -0.49667744],
        ...,
        [ 0.74733203,  0.70308541,  0.7142364 , ...,  0.        ,
          0.05298179,  0.27228413],
        [ 0.7110786 ,  0.66442227,  0.67615104, ..., -0.05298179,
          0.        ,  0.22092172],
        [ 0.53817611,  0.48289794,  0.49667744, ..., -0.27228413,
         -0.22092172,  0.        ]],

       [[ 0.        , -0.10933335, -0.25236264, ..., -0.07952889,
         -0.37868994,  0.00814428],
        [ 0.10933335,  0.        , -0.14505523, ...,  0.02993491,
         -0.27522916,  0.11742517],
        [ 0.25236264,  0.14505523,  0.        , ...,  0.17460854,
         -0.13286521,  0.26023494],
        ...,
        [ 0.07952889, -0.02993491, -0.17460854, ...,  0.        ,
         -0.3038846 ,  0.08764473],
        [ 0.37868994,  0.27522916,  0.13286521, ...,  0.3038846 ,
          0.        ,  0.3862151 ],
        [-0.00814428, -0.11742517, -0.26023494, ..., -0.08764473,
         -0.3862151 ,  0.        ]],

       [[ 0.        ,  0.08691518,  0.18486156, ..., -0.9169676 ,
         -0.7982925 , -0.65837896],
        [-0.08691518,  0.        ,  0.09874483, ..., -0.94817336,
         -0.84761793, -0.72130736],
        [-0.18486156, -0.09874483,  0.        , ..., -0.97491595,
         -0.89587015, -0.78617434],
        ...,
        [ 0.9169676 ,  0.94817336,  0.97491595, ...,  0.        ,
          0.23377391,  0.42752127],
        [ 0.7982925 ,  0.84761793,  0.89587015, ..., -0.23377391,
          0.        ,  0.20434222],
        [ 0.65837896,  0.72130736,  0.78617434, ..., -0.42752127,
         -0.20434222,  0.        ]],

       ...,

       [[ 0.        ,  0.11281018, -0.13833981, ...,  0.24847608,
          0.63495724,  0.75293973],
        [-0.11281018,  0.        , -0.24918222, ...,  0.13761771,
          0.54375282,  0.67389419],
        [ 0.13833981,  0.24918222,  0.        , ...,  0.38008814,
          0.73572605,  0.83674006],
        ...,
        [-0.24847608, -0.13761771, -0.38008814, ...,  0.        ,
          0.42308421,  0.56580657],
        [-0.63495724, -0.54375282, -0.73572605, ..., -0.42308421,
          0.        ,  0.16382287],
        [-0.75293973, -0.67389419, -0.83674006, ..., -0.56580657,
         -0.16382287,  0.        ]],

       [[ 0.        , -0.12583651, -0.30656471, ..., -0.95488395,
         -0.84224333, -0.62090567],
        [ 0.12583651,  0.        , -0.18435037, ..., -0.9846644 ,
         -0.90338649, -0.71461148],
        [ 0.30656471,  0.18435037,  0.        , ..., -0.99994946,
         -0.96695745, -0.83132052],
        ...,
        [ 0.95488395,  0.9846644 ,  0.99994946, ...,  0.        ,
         -0.26464685, -0.56412341],
        [ 0.84224333,  0.90338649,  0.96695745, ...,  0.26464685,
          0.        , -0.32549343],
        [ 0.62090567,  0.71461148,  0.83132052, ...,  0.56412341,
          0.32549343,  0.        ]],

       [[ 0.        ,  0.0099381 ,  0.05248687, ..., -0.94266414,
         -0.98758973, -0.9957516 ],
        [-0.0099381 ,  0.        ,  0.04255988, ..., -0.93930082,
         -0.98598012, -0.99478732],
        [-0.05248687, -0.04255988,  0.        , ..., -0.92384767,
         -0.97798508, -0.98954607],
        ...,
        [ 0.94266414,  0.93930082,  0.92384767, ...,  0.        ,
          0.18155017,  0.24552436],
        [ 0.98758973,  0.98598012,  0.97798508, ..., -0.18155017,
          0.        ,  0.06545116],
        [ 0.9957516 ,  0.99478732,  0.98954607, ..., -0.24552436,
         -0.06545116,  0.        ]]]), 'num': array([ 7.07106762e-01,  7.07106762e-01,  0.00000000e+00,  2.78405395e-05,
        2.81268175e-05,  2.76974005e-05,  2.21378809e-04, -2.14708531e-07,
        2.74111224e-05,  2.64306202e-05,  2.79765216e-05,  4.88490308e-07,
        2.81917828e-05,  2.46694575e-05])}
{'img': array([[[ 0.        ,  0.0158047 , -0.12087123, ..., -0.66442227,
         -0.48289794, -0.55010918],
        [-0.0158047 ,  0.        , -0.13654496, ..., -0.67615104,
         -0.49667744, -0.56323887],
        [ 0.12087123,  0.13654496,  0.        , ..., -0.56921685,
         -0.37351332, -0.4451372 ],
        ...,
        [ 0.66442227,  0.67615104,  0.56921685, ...,  0.        ,
          0.22092172,  0.14372606],
        [ 0.48289794,  0.49667744,  0.37351332, ..., -0.22092172,
          0.        , -0.07845319],
        [ 0.55010918,  0.56323887,  0.4451372 , ..., -0.14372606,
          0.07845319,  0.        ]],

       [[ 0.        , -0.14505523, -0.06688174, ..., -0.27522916,
          0.11742517, -0.33548687],
        [ 0.14505523,  0.        ,  0.07855607, ..., -0.13286521,
          0.26023494, -0.19529008],
        [ 0.06688174, -0.07855607,  0.        , ..., -0.21031422,
          0.18358128, -0.27173009],
        ...,
        [ 0.27522916,  0.13286521,  0.21031422, ...,  0.        ,
          0.3862151 , -0.0632517 ],
        [-0.11742517, -0.26023494, -0.18358128, ..., -0.3862151 ,
          0.        , -0.44378567],
        [ 0.33548687,  0.19529008,  0.27173009, ...,  0.0632517 ,
          0.44378567,  0.        ]],

       [[ 0.        ,  0.09874483,  0.12807816, ..., -0.84761793,
         -0.72130736, -0.62699116],
        [-0.09874483,  0.        ,  0.02952063, ..., -0.89587015,
         -0.78617434, -0.70085175],
        [-0.12807816, -0.02952063,  0.        , ..., -0.90859619,
         -0.8040756 , -0.72160357],
        ...,
        [ 0.84761793,  0.89587015,  0.90859619, ...,  0.        ,
          0.20434222,  0.32763079],
        [ 0.72130736,  0.78617434,  0.8040756 , ..., -0.20434222,
          0.        ,  0.1276539 ],
        [ 0.62699116,  0.70085175,  0.72160357, ..., -0.32763079,
         -0.1276539 ,  0.        ]],

       ...,

       [[ 0.        , -0.24918222, -0.3517413 , ...,  0.54375282,
          0.67389419,  0.53403345],
        [ 0.24918222,  0.        , -0.1073874 , ...,  0.73572605,
          0.83674006,  0.72786266],
        [ 0.3517413 ,  0.1073874 ,  0.        , ...,  0.80420279,
          0.89070677,  0.79729162],
        ...,
        [-0.54375282, -0.73572605, -0.80420279, ...,  0.        ,
          0.16382287, -0.01153796],
        [-0.67389419, -0.83674006, -0.89070677, ..., -0.16382287,
          0.        , -0.17519405],
        [-0.53403345, -0.72786266, -0.79729162, ...,  0.01153796,
          0.17519405,  0.        ]],

       [[ 0.        , -0.18155695, -0.31990087, ..., -0.94681763,
         -0.89233486, -0.70720864],
        [ 0.18155695,  0.        , -0.14256793, ..., -0.98950163,
         -0.95945473, -0.82381679],
        [ 0.31990087,  0.14256793,  0.        , ..., -0.99999805,
         -0.98983851, -0.89621703],
        ...,
        [ 0.94681763,  0.98950163,  0.99999805, ...,  0.        ,
         -0.14024165, -0.4418457 ],
        [ 0.89233486,  0.95945473,  0.98983851, ...,  0.14024165,
          0.        , -0.31166954],
        [ 0.70720864,  0.82381679,  0.89621703, ...,  0.4418457 ,
          0.31166954,  0.        ]],

       [[ 0.        ,  0.04255988,  0.06932528, ..., -0.98598012,
         -0.99478732, -0.99868208],
        [-0.04255988,  0.        ,  0.02680498, ..., -0.97798508,
         -0.98954607, -0.99559287],
        [-0.06932528, -0.02680498,  0.        , ..., -0.97204015,
         -0.98532477, -0.99272134],
        ...,
        [ 0.98598012,  0.97798508,  0.97204015, ...,  0.        ,
          0.06545116,  0.11603891],
        [ 0.99478732,  0.98954607,  0.98532477, ..., -0.06545116,
          0.        ,  0.05078108],
        [ 0.99868208,  0.99559287,  0.99272134, ..., -0.11603891,
         -0.05078108,  0.        ]]]), 'num': array([7.07106668e-01, 7.07106668e-01, 0.00000000e+00, 2.82341681e-05,
       2.85204461e-05, 2.76973968e-05, 5.60389191e-04, 3.93632254e-07,
       2.77761233e-05, 2.64610337e-05, 2.79580291e-05, 5.10458940e-07,
       2.83219061e-05, 2.46001613e-05])}
{'img': array([[[ 0.        , -0.13654496, -0.10725016, ..., -0.49667744,
         -0.56323887, -0.43850768],
        [ 0.13654496,  0.        ,  0.02951173, ..., -0.37351332,
         -0.4451372 , -0.31168386],
        [ 0.10725016, -0.02951173,  0.        , ..., -0.40072645,
         -0.47136997, -0.33958973],
        ...,
        [ 0.49667744,  0.37351332,  0.40072645, ...,  0.        ,
         -0.07845319,  0.06578139],
        [ 0.56323887,  0.4451372 ,  0.47136997, ...,  0.07845319,
          0.        ,  0.14386191],
        [ 0.43850768,  0.31168386,  0.33958973, ..., -0.06578139,
         -0.14386191,  0.        ]],

       [[ 0.        ,  0.07855607, -0.09034135, ...,  0.26023494,
         -0.19529008,  0.18408122],
        [-0.07855607,  0.        , -0.16829702, ...,  0.18358128,
         -0.27173009,  0.10629873],
        [ 0.09034135,  0.16829702,  0.        , ...,  0.34639947,
         -0.10588963,  0.272126  ],
        ...,
        [-0.26023494, -0.18358128, -0.34639947, ...,  0.        ,
         -0.44378567, -0.07804903],
        [ 0.19529008,  0.27173009,  0.10588963, ...,  0.44378567,
          0.        ,  0.37248961],
        [-0.18408122, -0.10629873, -0.272126  , ...,  0.07804903,
         -0.37248961,  0.        ]],

       [[ 0.        ,  0.02952063,  0.04829854, ..., -0.78617434,
         -0.70085175, -0.58460307],
        [-0.02952063,  0.        ,  0.01879132, ..., -0.8040756 ,
         -0.72160357, -0.60829895],
        [-0.04829854, -0.01879132,  0.        , ..., -0.81510556,
         -0.73448551, -0.62310636],
        ...,
        [ 0.78617434,  0.8040756 ,  0.81510556, ...,  0.        ,
          0.1276539 ,  0.27655104],
        [ 0.70085175,  0.72160357,  0.73448551, ..., -0.1276539 ,
          0.        ,  0.15161322],
        [ 0.58460307,  0.60829895,  0.62310636, ..., -0.27655104,
         -0.15161322,  0.        ]],

       ...,

       [[ 0.        , -0.1073874 , -0.03787125, ...,  0.83674006,
          0.72786266,  0.81942257],
        [ 0.1073874 ,  0.        ,  0.06965812, ...,  0.89070677,
          0.79729162,  0.87623743],
        [ 0.03787125, -0.06965812,  0.        , ...,  0.85687811,
          0.75330969,  0.84054215],
        ...,
        [-0.83674006, -0.89070677, -0.85687811, ...,  0.        ,
         -0.17519405, -0.03089491],
        [-0.72786266, -0.79729162, -0.75330969, ...,  0.17519405,
          0.        ,  0.14469333],
        [-0.81942257, -0.87623743, -0.84054215, ...,  0.03089491,
         -0.14469333,  0.        ]],

       [[ 0.        , -0.14256793, -0.22824221, ..., -0.95945473,
         -0.82381679, -0.98009942],
        [ 0.14256793,  0.        , -0.08710596, ..., -0.98983851,
         -0.89621703, -0.99838849],
        [ 0.22824221,  0.08710596,  0.        , ..., -0.99846231,
         -0.93145214, -0.99953682],
        ...,
        [ 0.95945473,  0.98983851,  0.99846231, ...,  0.        ,
         -0.31166954,  0.08579481],
        [ 0.82381679,  0.89621703,  0.93145214, ...,  0.31166954,
          0.        ,  0.39204178],
        [ 0.98009942,  0.99838849,  0.99953682, ..., -0.08579481,
         -0.39204178,  0.        ]],

       [[ 0.        ,  0.02680498,  0.04083286, ..., -0.98954607,
         -0.99559287, -0.98480257],
        [-0.02680498,  0.        ,  0.01403557, ..., -0.98532477,
         -0.99272134, -0.97979329],
        [-0.04083286, -0.01403557,  0.        , ..., -0.98283198,
         -0.99093319, -0.97688948],
        ...,
        [ 0.98954607,  0.98532477,  0.98283198, ...,  0.        ,
          0.05078108, -0.02983657],
        [ 0.99559287,  0.99272134,  0.99093319, ..., -0.05078108,
          0.        , -0.08055655],
        [ 0.98480257,  0.97979329,  0.97688948, ...,  0.02983657,
          0.08055655,  0.        ]]]), 'num': array([9.70385673e-01, 2.41560490e-01, 1.84746561e-04, 3.87508073e-05,
       3.91928317e-05, 3.83087829e-05, 3.59680180e-04, 0.00000000e+00,
       3.83775422e-05, 3.63761539e-05, 3.83456182e-05, 7.05783844e-07,
       3.90925125e-05, 3.36597953e-05])}
{'img': array([[[ 0.        ,  0.02951173,  0.21709192, ..., -0.4451372 ,
         -0.31168386, -0.31168386],
        [-0.02951173,  0.        ,  0.18818945, ..., -0.47136997,
         -0.33958973, -0.33958973],
        [-0.21709192, -0.18818945,  0.        , ..., -0.62891885,
         -0.51052824, -0.51052824],
        ...,
        [ 0.4451372 ,  0.47136997,  0.62891885, ...,  0.        ,
          0.14386191,  0.14386191],
        [ 0.31168386,  0.33958973,  0.51052824, ..., -0.14386191,
          0.        ,  0.        ],
        [ 0.31168386,  0.33958973,  0.51052824, ..., -0.14386191,
          0.        ,  0.        ]],

       [[ 0.        , -0.16829702, -0.01325566, ..., -0.27173009,
          0.10629873, -0.21004123],
        [ 0.16829702,  0.        ,  0.15521564, ..., -0.10588963,
          0.272126  , -0.04250253],
        [ 0.01325566, -0.15521564,  0.        , ..., -0.25894932,
          0.11946994, -0.19706281],
        ...,
        [ 0.27173009,  0.10588963,  0.25894932, ...,  0.        ,
          0.37248961,  0.06353036],
        [-0.10629873, -0.272126  , -0.11946994, ..., -0.37248961,
          0.        , -0.31277865],
        [ 0.21004123,  0.04250253,  0.19706281, ..., -0.06353036,
          0.31277865,  0.        ]],

       [[ 0.        ,  0.01879132,  0.02638448, ..., -0.72160357,
         -0.60829895, -0.54516438],
        [-0.01879132,  0.        ,  0.00759505, ..., -0.73448551,
         -0.62310636, -0.56082143],
        [-0.02638448, -0.00759505,  0.        , ..., -0.73961851,
         -0.62902875, -0.56709348],
        ...,
        [ 0.72160357,  0.73448551,  0.73961851, ...,  0.        ,
          0.15161322,  0.22752048],
        [ 0.60829895,  0.62310636,  0.62902875, ..., -0.15161322,
          0.        ,  0.07725342],
        [ 0.54516438,  0.56082143,  0.56709348, ..., -0.22752048,
         -0.07725342,  0.        ]],

       ...,

       [[ 0.        ,  0.06965812,  0.22625691, ...,  0.79729162,
          0.87623743,  0.88948523],
        [-0.06965812,  0.        ,  0.15785559, ...,  0.75330969,
          0.84054215,  0.85549336],
        [-0.22625691, -0.15785559,  0.        , ...,  0.6400486 ,
          0.74448595,  0.76302756],
        ...,
        [-0.79729162, -0.75330969, -0.6400486 , ...,  0.        ,
          0.14469333,  0.17255472],
        [-0.87623743, -0.84054215, -0.74448595, ..., -0.14469333,
          0.        ,  0.02821593],
        [-0.88948523, -0.85549336, -0.76302756, ..., -0.17255472,
         -0.02821593,  0.        ]],

       [[ 0.        , -0.08710596, -0.06633761, ..., -0.89621703,
         -0.99838849, -0.98900489],
        [ 0.08710596,  0.        ,  0.02082862, ..., -0.93145214,
         -0.99953682, -0.97236426],
        [ 0.06633761, -0.02082862,  0.        , ..., -0.92367129,
         -0.99995385, -0.97701615],
        ...,
        [ 0.89621703,  0.93145214,  0.92367129, ...,  0.        ,
          0.39204178,  0.57127336],
        [ 0.99838849,  0.99953682,  0.99995385, ..., -0.39204178,
          0.        ,  0.2037693 ],
        [ 0.98900489,  0.97236426,  0.97701615, ..., -0.57127336,
         -0.2037693 ,  0.        ]],

       [[ 0.        ,  0.01403557,  0.01642319, ..., -0.99272134,
         -0.97979329, -0.95057223],
        [-0.01403557,  0.        ,  0.0023879 , ..., -0.99093319,
         -0.97688948, -0.94612051],
        [-0.01642319, -0.0023879 ,  0.        , ..., -0.99060954,
         -0.9763763 , -0.94534457],
        ...,
        [ 0.99272134,  0.99093319,  0.99060954, ...,  0.        ,
         -0.08055655, -0.19376227],
        [ 0.97979329,  0.97688948,  0.9763763 , ...,  0.08055655,
          0.        , -0.11410267],
        [ 0.95057223,  0.94612051,  0.94534457, ...,  0.19376227,
          0.11410267,  0.        ]]]), 'num': array([ 9.99672990e-01,  2.55653313e-02,  2.50735567e-04,  3.99060909e-05,
        4.10873523e-05,  3.99060909e-05,  5.01522494e-04, -6.16310284e-07,
        4.02347897e-05,  3.81162231e-05,  4.00687284e-05,  7.01667812e-07,
        4.10693141e-05,  3.51631322e-05])}
{'img': array([[[ 0.00000000e+00,  1.88189453e-01, -1.48145240e-02, ...,
         -3.39589732e-01, -3.39589732e-01, -4.82858017e-01],
        [-1.88189453e-01,  0.00000000e+00, -2.02718630e-01, ...,
         -5.10528238e-01, -5.10528238e-01, -6.39027921e-01],
        [ 1.48145240e-02,  2.02718630e-01,  0.00000000e+00, ...,
         -3.25618314e-01, -3.25618314e-01, -4.69831969e-01],
        ...,
        [ 3.39589732e-01,  5.10528238e-01,  3.25618314e-01, ...,
          0.00000000e+00,  0.00000000e+00, -1.56785262e-01],
        [ 3.39589732e-01,  5.10528238e-01,  3.25618314e-01, ...,
          0.00000000e+00,  0.00000000e+00, -1.56785262e-01],
        [ 4.82858017e-01,  6.39027921e-01,  4.69831969e-01, ...,
          1.56785262e-01,  1.56785262e-01,  0.00000000e+00]],

       [[ 0.00000000e+00,  1.55215644e-01,  5.31930551e-01, ...,
          2.72126001e-01, -4.25025338e-02,  6.91825065e-02],
        [-1.55215644e-01,  0.00000000e+00,  3.94049136e-01, ...,
          1.19469942e-01, -1.97062814e-01, -8.64996939e-02],
        [-5.31930551e-01, -3.94049136e-01,  0.00000000e+00, ...,
         -2.81423330e-01, -5.67440512e-01, -4.72073141e-01],
        ...,
        [-2.72126001e-01, -1.19469942e-01,  2.81423330e-01, ...,
          0.00000000e+00, -3.12778654e-01, -2.04902321e-01],
        [ 4.25025338e-02,  1.97062814e-01,  5.67440512e-01, ...,
          3.12778654e-01,  0.00000000e+00,  1.11520689e-01],
        [-6.91825065e-02,  8.64996939e-02,  4.72073141e-01, ...,
          2.04902321e-01, -1.11520689e-01,  0.00000000e+00]],

       [[ 0.00000000e+00,  7.59505047e-03, -1.87913161e-02, ...,
         -6.23106356e-01, -5.60821430e-01, -5.35875136e-01],
        [-7.59505047e-03,  0.00000000e+00, -2.63844835e-02, ...,
         -6.29028755e-01, -5.67093476e-01, -5.42272160e-01],
        [ 1.87913161e-02,  2.63844835e-02,  0.00000000e+00, ...,
         -6.08298947e-01, -5.45164382e-01, -5.19915059e-01],
        ...,
        [ 6.23106356e-01,  6.29028755e-01,  6.08298947e-01, ...,
          0.00000000e+00,  7.72534191e-02,  1.06959146e-01],
        [ 5.60821430e-01,  5.67093476e-01,  5.45164382e-01, ...,
         -7.72534191e-02,  0.00000000e+00,  2.98292493e-02],
        [ 5.35875136e-01,  5.42272160e-01,  5.19915059e-01, ...,
         -1.06959146e-01, -2.98292493e-02,  0.00000000e+00]],

       ...,

       [[ 0.00000000e+00,  1.57855594e-01,  1.20394140e-01, ...,
          8.40542152e-01,  8.55493362e-01,  7.54902487e-01],
        [-1.57855594e-01,  0.00000000e+00, -3.78227160e-02, ...,
          7.44485949e-01,  7.63027562e-01,  6.41910129e-01],
        [-1.20394140e-01,  3.78227160e-02,  0.00000000e+00, ...,
          7.69205130e-01,  7.86928905e-01,  6.70452518e-01],
        ...,
        [-8.40542152e-01, -7.44485949e-01, -7.69205130e-01, ...,
          0.00000000e+00,  2.82159285e-02, -1.42293169e-01],
        [-8.55493362e-01, -7.63027562e-01, -7.86928905e-01, ...,
         -2.82159285e-02,  0.00000000e+00, -1.70165334e-01],
        [-7.54902487e-01, -6.41910129e-01, -6.70452518e-01, ...,
          1.42293169e-01,  1.70165334e-01,  0.00000000e+00]],

       [[ 0.00000000e+00,  2.08286218e-02, -1.60538618e-02, ...,
         -9.99536823e-01, -9.72364259e-01, -9.33744487e-01],
        [-2.08286218e-02,  0.00000000e+00, -3.68763168e-02, ...,
         -9.99953852e-01, -9.77016151e-01, -9.40997324e-01],
        [ 1.60538618e-02,  3.68763168e-02,  0.00000000e+00, ...,
         -9.98919452e-01, -9.68490870e-01, -9.27877830e-01],
        ...,
        [ 9.99536823e-01,  9.99953852e-01,  9.98919452e-01, ...,
          0.00000000e+00,  2.03769302e-01,  3.29358267e-01],
        [ 9.72364259e-01,  9.77016151e-01,  9.68490870e-01, ...,
         -2.03769302e-01,  0.00000000e+00,  1.30047980e-01],
        [ 9.33744487e-01,  9.40997324e-01,  9.27877830e-01, ...,
         -3.29358267e-01, -1.30047980e-01,  0.00000000e+00]],

       [[ 0.00000000e+00,  2.38789681e-03, -3.63077949e-04, ...,
         -9.76889485e-01, -9.46120507e-01, -9.28354700e-01],
        [-2.38789681e-03,  0.00000000e+00, -2.75097357e-03, ...,
         -9.76376298e-01, -9.45344573e-01, -9.27464482e-01],
        [ 3.63077949e-04,  2.75097357e-03,  0.00000000e+00, ...,
         -9.76967026e-01, -9.46238014e-01, -9.28489593e-01],
        ...,
        [ 9.76889485e-01,  9.76376298e-01,  9.76967026e-01, ...,
          0.00000000e+00, -1.14102666e-01, -1.64674237e-01],
        [ 9.46120507e-01,  9.45344573e-01,  9.46238014e-01, ...,
          1.14102666e-01,  0.00000000e+00, -5.10538062e-02],
        [ 9.28354700e-01,  9.27464482e-01,  9.28489593e-01, ...,
          1.64674237e-01,  5.10538062e-02,  0.00000000e+00]]]), 'num': array([9.99995369e-01, 3.01617737e-03, 2.56622708e-04, 3.99190880e-05,
       4.03300953e-05, 3.96622084e-05, 2.94681988e-04, 0.00000000e+00,
       4.01759676e-05, 3.82570770e-05, 4.00500966e-05, 7.38290964e-07,
       4.12869976e-05, 3.52271564e-05])}
{'img': array([[[ 0.00000000e+00, -2.02718630e-01, -1.13064732e-01, ...,
         -5.10528238e-01, -6.39027921e-01, -6.39027921e-01],
        [ 2.02718630e-01,  0.00000000e+00,  9.07015492e-02, ...,
         -3.25618314e-01, -4.69831969e-01, -4.69831969e-01],
        [ 1.13064732e-01, -9.07015492e-02,  0.00000000e+00, ...,
         -4.10034587e-01, -5.47962703e-01, -5.47962703e-01],
        ...,
        [ 5.10528238e-01,  3.25618314e-01,  4.10034587e-01, ...,
          0.00000000e+00, -1.56785262e-01, -1.56785262e-01],
        [ 6.39027921e-01,  4.69831969e-01,  5.47962703e-01, ...,
          1.56785262e-01,  0.00000000e+00,  0.00000000e+00],
        [ 6.39027921e-01,  4.69831969e-01,  5.47962703e-01, ...,
          1.56785262e-01,  0.00000000e+00,  0.00000000e+00]],

       [[ 0.00000000e+00,  3.94049136e-01,  2.22691404e-01, ...,
         -1.97062814e-01, -8.64996939e-02, -2.86487612e-01],
        [-3.94049136e-01,  0.00000000e+00, -1.79480859e-01, ...,
         -5.67440512e-01, -4.72073141e-01, -6.40839871e-01],
        [-2.22691404e-01,  1.79480859e-01,  0.00000000e+00, ...,
         -4.10438986e-01, -3.06184329e-01, -4.92650677e-01],
        ...,
        [ 1.97062814e-01,  5.67440512e-01,  4.10438986e-01, ...,
          0.00000000e+00,  1.11520689e-01, -9.20671183e-02],
        [ 8.64996939e-02,  4.72073141e-01,  3.06184329e-01, ...,
         -1.11520689e-01,  0.00000000e+00, -2.02539853e-01],
        [ 2.86487612e-01,  6.40839871e-01,  4.92650677e-01, ...,
          9.20671183e-02,  2.02539853e-01,  0.00000000e+00]],

       [[ 0.00000000e+00, -2.63844835e-02, -3.38230293e-02, ...,
         -5.67093476e-01, -5.42272160e-01, -5.59705737e-01],
        [ 2.63844835e-02,  0.00000000e+00, -7.44186718e-03, ...,
         -5.45164382e-01, -5.19915059e-01, -5.37646291e-01],
        [ 3.38230293e-02,  7.44186718e-03,  0.00000000e+00, ...,
         -5.38910552e-01, -5.13543685e-01, -5.31356640e-01],
        ...,
        [ 5.67093476e-01,  5.45164382e-01,  5.38910552e-01, ...,
          0.00000000e+00,  2.98292493e-02,  8.94194784e-03],
        [ 5.42272160e-01,  5.19915059e-01,  5.13543685e-01, ...,
         -2.98292493e-02,  0.00000000e+00, -2.08900880e-02],
        [ 5.59705737e-01,  5.37646291e-01,  5.31356640e-01, ...,
         -8.94194784e-03,  2.08900880e-02,  0.00000000e+00]],

       ...,

       [[ 0.00000000e+00, -3.78227160e-02,  2.54089907e-01, ...,
          7.63027562e-01,  6.41910129e-01,  7.63027562e-01],
        [ 3.78227160e-02,  0.00000000e+00,  2.90489494e-01, ...,
          7.86928905e-01,  6.70452518e-01,  7.86928905e-01],
        [-2.54089907e-01, -2.90489494e-01,  0.00000000e+00, ...,
          5.73750394e-01,  4.26011997e-01,  5.73750394e-01],
        ...,
        [-7.63027562e-01, -7.86928905e-01, -5.73750394e-01, ...,
          0.00000000e+00, -1.70165334e-01,  0.00000000e+00],
        [-6.41910129e-01, -6.70452518e-01, -4.26011997e-01, ...,
          1.70165334e-01,  0.00000000e+00,  1.70165334e-01],
        [-7.63027562e-01, -7.86928905e-01, -5.73750394e-01, ...,
          0.00000000e+00, -1.70165334e-01,  0.00000000e+00]],

       [[ 0.00000000e+00, -3.68763168e-02, -2.91620101e-02, ...,
         -9.77016151e-01, -9.40997324e-01, -8.92743807e-01],
        [ 3.68763168e-02,  0.00000000e+00,  7.71845801e-03, ...,
         -9.68490870e-01, -9.27877830e-01, -8.75521432e-01],
        [ 2.91620101e-02, -7.71845801e-03,  0.00000000e+00, ...,
         -9.70384296e-01, -9.30728283e-01, -8.79224751e-01],
        ...,
        [ 9.77016151e-01,  9.68490870e-01,  9.70384296e-01, ...,
          0.00000000e+00,  1.30047980e-01,  2.49906938e-01],
        [ 9.40997324e-01,  9.27877830e-01,  9.30728283e-01, ...,
         -1.30047980e-01,  0.00000000e+00,  1.21863115e-01],
        [ 8.92743807e-01,  8.75521432e-01,  8.79224751e-01, ...,
         -2.49906938e-01, -1.21863115e-01,  0.00000000e+00]],

       [[ 0.00000000e+00, -2.75097357e-03,  6.05335155e-04, ...,
         -9.45344573e-01, -9.27464482e-01, -9.52032808e-01],
        [ 2.75097357e-03,  0.00000000e+00,  3.35630593e-03, ...,
         -9.46238014e-01, -9.28489593e-01, -9.52870992e-01],
        [-6.05335155e-04, -3.35630593e-03,  0.00000000e+00, ...,
         -9.45147016e-01, -9.27237971e-01, -9.51847403e-01],
        ...,
        [ 9.45344573e-01,  9.46238014e-01,  9.45147016e-01, ...,
          0.00000000e+00, -5.10538062e-02,  2.11606191e-02],
        [ 9.27464482e-01,  9.28489593e-01,  9.27237971e-01, ...,
          5.10538062e-02,  0.00000000e+00,  7.21753983e-02],
        [ 9.52032808e-01,  9.52870992e-01,  9.51847403e-01, ...,
         -2.11606191e-02, -7.21753983e-02,  0.00000000e+00]]]), 'num': array([9.99995436e-01, 2.99313410e-03, 2.54662138e-04, 3.99200108e-05,
       4.04808284e-05, 3.96650938e-05, 3.04687061e-04, 3.05900466e-07,
       3.99200108e-05, 3.80973539e-05, 3.97075800e-05, 8.46982474e-07,
       4.12018836e-05, 3.49928242e-05])}
{'img': array([[[ 0.        ,  0.09070155,  0.23617573, ..., -0.46983197,
         -0.46983197, -0.39916587],
        [-0.09070155,  0.        ,  0.1470666 , ..., -0.5479627 ,
         -0.5479627 , -0.48068288],
        [-0.23617573, -0.1470666 ,  0.        , ..., -0.6650261 ,
         -0.6650261 , -0.60441811],
        ...,
        [ 0.46983197,  0.5479627 ,  0.6650261 , ...,  0.        ,
          0.        ,  0.07841292],
        [ 0.46983197,  0.5479627 ,  0.6650261 , ...,  0.        ,
          0.        ,  0.07841292],
        [ 0.39916587,  0.48068288,  0.60441811, ..., -0.07841292,
         -0.07841292,  0.        ]],

       [[ 0.        , -0.17948086,  0.14524314, ..., -0.47207314,
         -0.64083987, -0.62880659],
        [ 0.17948086,  0.        ,  0.32046225, ..., -0.30618433,
         -0.49265068, -0.47903825],
        [-0.14524314, -0.32046225,  0.        , ..., -0.59510773,
         -0.74554387, -0.73507424],
        ...,
        [ 0.47207314,  0.30618433,  0.59510773, ...,  0.        ,
         -0.20253985, -0.18726434],
        [ 0.64083987,  0.49265068,  0.74554387, ...,  0.20253985,
          0.        ,  0.01557373],
        [ 0.62880659,  0.47903825,  0.73507424, ...,  0.18726434,
         -0.01557373,  0.        ]],

       [[ 0.        , -0.00744187,  0.05332047, ..., -0.51991506,
         -0.53764629, -0.52500819],
        [ 0.00744187,  0.        ,  0.06075028, ..., -0.51354369,
         -0.53135664, -0.5186599 ],
        [-0.05332047, -0.06075028,  0.        , ..., -0.56472276,
         -0.58183971, -0.56964224],
        ...,
        [ 0.51991506,  0.51354369,  0.56472276, ...,  0.        ,
         -0.02089009, -0.00597318],
        [ 0.53764629,  0.53135664,  0.58183971, ...,  0.02089009,
          0.        ,  0.01491783],
        [ 0.52500819,  0.5186599 ,  0.56964224, ...,  0.00597318,
         -0.01491783,  0.        ]],

       ...,

       [[ 0.        ,  0.2624314 ,  0.60005493, ...,  0.59233983,
          0.68831697,  0.99985602],
        [-0.2624314 ,  0.        ,  0.36908909, ...,  0.36014082,
          0.47382154,  0.96035856],
        [-0.60005493, -0.36908909,  0.        , ..., -0.00960974,
          0.11533934,  0.78966138],
        ...,
        [-0.59233983, -0.36014082,  0.00960974, ...,  0.        ,
          0.12487962,  0.79552091],
        [-0.68831697, -0.47382154, -0.11533934, ..., -0.12487962,
          0.        ,  0.71362567],
        [-0.99985602, -0.96035856, -0.78966138, ..., -0.79552091,
         -0.71362567,  0.        ]],

       [[ 0.        ,  0.00771846, -0.02990322, ..., -0.92787783,
         -0.87552143, -0.80857309],
        [-0.00771846,  0.        , -0.03761733, ..., -0.93072828,
         -0.87922475, -0.81309052],
        [ 0.02990322,  0.03761733,  0.        , ..., -0.91631244,
         -0.86068128, -0.79061657],
        ...,
        [ 0.92787783,  0.93072828,  0.91631244, ...,  0.        ,
          0.12186312,  0.24445512],
        [ 0.87552143,  0.87922475,  0.86068128, ..., -0.12186312,
          0.        ,  0.12446731],
