state_0,state_1,state_2,state_3,state_4,state_5,state_6,state_7,state_8,state_9,state_10,state_11,state_12,state_13,state_14,state_15,state_16,state_17,state_18,state_19,state_20,state_21,state_22,state_23,state_24,state_25,state_26,state_27,state_28,state_29,state_30,state_31,state_32,state_33,state_34,state_35,state_36,state_37,state_38,state_39,state_40,state_41,state_42,state_43,state_44,state_45,state_46,state_47,state_48,state_49,state_50,state_51,state_52,state_53,state_54,state_55,state_56,state_57,state_58,state_59,state_60,state_61,state_62,state_63,state_64,state_65,state_66,state_67,state_68,state_69,state_70,state_71,state_72,state_73,state_74,state_75,state_76,state_77,state_78,state_79,state_80,state_81,state_82,state_83,state_84,state_85,state_86,state_87,state_88,state_89,state_90,state_91,state_92,state_93,state_94,state_95,state_96,state_97,state_98,state_99,state_100,state_101,state_102,state_103,state_104,state_105,state_106,state_107,state_108,state_109,state_110,state_111,state_112,state_113,state_114,state_115,state_116,state_117,state_118,state_119,state_120,state_121,state_122,state_123,state_124,state_125,state_126,state_127,state_128,state_129,state_130,state_131,state_132,state_133,state_134,state_135,state_136,state_137,state_138,state_139,state_140,state_141,state_142,state_143,state_144,state_145,state_146,state_147,state_148,state_149,state_150,state_151,state_152,state_153,state_154,state_155,state_156,state_157,state_158,state_159,state_160,state_161,state_162,state_163,state_164,state_165,state_166,state_167,state_168,state_169,state_170,state_171,state_172,state_173,state_174,state_175,state_176,state_177,state_178,state_179,state_180,state_181,state_182,state_183,state_184,state_185,state_186,state_187,state_188,state_189,state_190,state_191,state_192,state_193,state_194,state_195,state_196,state_197,state_198,state_199,state_200,state_201,state_202,state_203,state_204,state_205,state_206,state_207,state_208,state_209,state_210,state_211,state_212,state_213,state_214,state_215,state_216,state_217,state_218,state_219,state_220,state_221,state_222,state_223,state_224,state_225,state_226,state_227,state_228,state_229,state_230,state_231,state_232,state_233,state_234,state_235,state_236,state_237,state_238,state_239,state_240,state_241,state_242,state_243,state_244,state_245,state_246,state_247,state_248,state_249,state_250,state_251,state_252,state_253,state_254,state_255,state_256,state_257,state_258,state_259,state_260,state_261,state_262,state_263,state_264,state_265,state_266,state_267,state_268,state_269,state_270,state_271,state_272,state_273,state_274,state_275,state_276,state_277,state_278,state_279,state_280,state_281,state_282,state_283,state_284,state_285,state_286,state_287
{'img': array([[[ 0.        , -0.68018383, -0.30086285, ...,  0.87629885,
          0.94088886,  0.95022677],
        [ 0.68018383,  0.        ,  0.42812419, ...,  0.97005424,
          0.92009942,  0.9084732 ],
        [ 0.30086285, -0.42812419,  0.        , ...,  0.98064373,
          0.99920195,  0.99993688],
        ...,
        [-0.87629885, -0.97005424, -0.98064373, ...,  0.        ,
          0.15647412,  0.18476988],
        [-0.94088886, -0.92009942, -0.99920195, ..., -0.15647412,
          0.        ,  0.02871397],
        [-0.95022677, -0.9084732 , -0.99993688, ..., -0.18476988,
         -0.02871397,  0.        ]],

       [[ 0.        ,  0.24783144,  0.74186371, ..., -0.23890339,
         -0.29054777, -0.60076141],
        [-0.24783144,  0.        ,  0.55253636, ..., -0.47210543,
         -0.51862372, -0.78014304],
        [-0.74186371, -0.55253636,  0.        , ..., -0.88057865,
         -0.90468708, -0.99590788],
        ...,
        [ 0.23890339,  0.47210543,  0.88057865, ...,  0.        ,
         -0.05353726, -0.39237921],
        [ 0.29054777,  0.51862372,  0.90468708, ...,  0.05353726,
          0.        , -0.34257272],
        [ 0.60076141,  0.78014304,  0.99590788, ...,  0.39237921,
          0.34257272,  0.        ]],

       [[ 0.        , -0.28219473, -0.63669003, ...,  0.99992045,
          0.99493986,  0.98279298],
        [ 0.28219473,  0.        , -0.39320717, ...,  0.95572155,
          0.9828554 ,  0.99497379],
        [ 0.63669003,  0.39320717,  0.        , ...,  0.76302801,
          0.83118755,  0.87545448],
        ...,
        [-0.99992045, -0.95572155, -0.76302801, ...,  0.        ,
         -0.11301331, -0.19709162],
        [-0.99493986, -0.9828554 , -0.83118755, ...,  0.11301331,
          0.        , -0.08503238],
        [-0.98279298, -0.99497379, -0.87545448, ...,  0.19709162,
          0.08503238,  0.        ]],

       ...,

       [[ 0.        , -0.36109336,  0.04619834, ...,  0.40425414,
          0.63974549,  0.70877994],
        [ 0.36109336,  0.        ,  0.40378914, ...,  0.70725183,
          0.87411325,  0.91568429],
        [-0.04619834, -0.40378914,  0.        , ...,  0.36156735,
          0.60355499,  0.67543348],
        ...,
        [-0.40425414, -0.70725183, -0.36156735, ...,  0.        ,
          0.2744367 ,  0.36311038],
        [-0.63974549, -0.87411325, -0.60355499, ..., -0.2744367 ,
          0.        ,  0.09346348],
        [-0.70877994, -0.91568429, -0.67543348, ..., -0.36311038,
         -0.09346348,  0.        ]],

       [[ 0.        ,  0.18866702, -0.16096624, ..., -0.4479718 ,
         -0.5114346 , -0.58617467],
        [-0.18866702,  0.        , -0.34428225, ..., -0.60860404,
         -0.66437557, -0.72850276],
        [ 0.16096624,  0.34428225,  0.        , ..., -0.29821872,
         -0.36644359, -0.44811852],
        ...,
        [ 0.4479718 ,  0.60860404,  0.29821872, ...,  0.        ,
         -0.0722948 , -0.1611282 ],
        [ 0.5114346 ,  0.66437557,  0.36644359, ...,  0.0722948 ,
          0.        , -0.08935642],
        [ 0.58617467,  0.72850276,  0.44811852, ...,  0.1611282 ,
          0.08935642,  0.        ]],

       [[ 0.        , -0.25999547, -0.47104572, ...,  0.98865157,
          0.99999993,  0.91052137],
        [ 0.25999547,  0.        , -0.22550209, ...,  0.99370995,
          0.96570829,  0.77171014],
        [ 0.47104572,  0.22550209,  0.        , ...,  0.9428619 ,
          0.88228723,  0.60841941],
        ...,
        [-0.98865157, -0.99370995, -0.9428619 , ...,  0.        ,
          0.14985206,  0.5455545 ],
        [-0.99999993, -0.96570829, -0.88228723, ..., -0.14985206,
          0.        ,  0.41380701],
        [-0.91052137, -0.77171014, -0.60841941, ..., -0.5455545 ,
         -0.41380701,  0.        ]]]), 'num': array([9.99995717e-01, 2.00308869e-03, 2.26045901e-05, 5.68656783e-04,
       5.69300788e-04, 5.40964550e-04, 1.41678616e-03, 1.73881462e-05,
       5.51268636e-04, 5.87010937e-04, 5.10749962e-04, 5.87300537e-07,
       6.49506014e-04, 5.24515860e-04])}
{'img': array([[[ 0.        ,  0.42812419,  0.68487007, ...,  0.92009942,
          0.9084732 ,  0.84415129],
        [-0.42812419,  0.        ,  0.30697152, ...,  0.99920195,
          0.99993688,  0.99239586],
        [-0.68487007, -0.30697152,  0.        , ...,  0.9386977 ,
          0.94820954,  0.98226596],
        ...,
        [-0.92009942, -0.99920195, -0.9386977 , ...,  0.        ,
          0.02871397,  0.16262862],
        [-0.9084732 , -0.99993688, -0.94820954, ..., -0.02871397,
          0.        ,  0.13422984],
        [-0.84415129, -0.99239586, -0.98226596, ..., -0.16262862,
         -0.13422984,  0.        ]],

       [[ 0.        ,  0.55253636,  0.6005815 , ..., -0.51862372,
         -0.78014304, -0.63277484],
        [-0.55253636,  0.        ,  0.05879002, ..., -0.90468708,
         -0.99590788, -0.95525945],
        [-0.6005815 , -0.05879002,  0.        , ..., -0.92817136,
         -0.99949843, -0.97099548],
        ...,
        [ 0.51862372,  0.90468708,  0.92817136, ...,  0.        ,
         -0.34257272, -0.1394352 ],
        [ 0.78014304,  0.99590788,  0.99949843, ...,  0.34257272,
          0.        ,  0.20822804],
        [ 0.63277484,  0.95525945,  0.97099548, ...,  0.1394352 ,
         -0.20822804,  0.        ]],

       [[ 0.        , -0.39320717, -0.31023446, ...,  0.9828554 ,
          0.99497379,  0.99704545],
        [ 0.39320717,  0.        ,  0.08856132, ...,  0.83118755,
          0.87545448,  0.88652959],
        [ 0.31023446, -0.08856132,  0.        , ...,  0.87716098,
          0.91481631,  0.924021  ],
        ...,
        [-0.9828554 , -0.83118755, -0.87716098, ...,  0.        ,
         -0.08503238, -0.10833636],
        [-0.99497379, -0.87545448, -0.91481631, ...,  0.08503238,
          0.        , -0.02341208],
        [-0.99704545, -0.88652959, -0.924021  , ...,  0.10833636,
          0.02341208,  0.        ]],

       ...,

       [[ 0.        ,  0.40378914,  0.56614453, ...,  0.87411325,
          0.91568429,  0.98040566],
        [-0.40378914,  0.        ,  0.18509269, ...,  0.60355499,
          0.67543348,  0.81738407],
        [-0.56614453, -0.18509269,  0.        , ...,  0.44554784,
          0.52727149,  0.69662992],
        ...,
        [-0.87411325, -0.60355499, -0.44554784, ...,  0.        ,
          0.09346348,  0.30401392],
        [-0.91568429, -0.67543348, -0.52727149, ..., -0.09346348,
          0.        ,  0.21364353],
        [-0.98040566, -0.81738407, -0.69662992, ..., -0.30401392,
         -0.21364353,  0.        ]],

       [[ 0.        , -0.34428225, -0.55282077, ..., -0.66437557,
         -0.72850276, -0.75396362],
        [ 0.34428225,  0.        , -0.23213427, ..., -0.36644359,
         -0.44811852, -0.48170637],
        [ 0.55282077,  0.23213427,  0.        , ..., -0.14044665,
         -0.22835556, -0.26512111],
        ...,
        [ 0.66437557,  0.36644359,  0.14044665, ...,  0.        ,
         -0.08935642, -0.12707251],
        [ 0.72850276,  0.44811852,  0.22835556, ...,  0.08935642,
          0.        , -0.03793214],
        [ 0.75396362,  0.48170637,  0.26512111, ...,  0.12707251,
          0.03793214,  0.        ]],

       [[ 0.        , -0.22204635, -0.38947914, ...,  0.98637721,
          0.93093307,  0.76360602],
        [ 0.22204635,  0.        , -0.1752437 , ...,  0.92522694,
          0.82660429,  0.60117201],
        [ 0.38947914,  0.1752437 ,  0.        , ...,  0.84441919,
          0.71518838,  0.45182824],
        ...,
        [-0.98637721, -0.92522694, -0.84441919, ...,  0.        ,
          0.20707715,  0.51127386],
        [-0.93093307, -0.82660429, -0.71518838, ..., -0.20707715,
          0.        ,  0.322226  ],
        [-0.76360602, -0.60117201, -0.45182824, ..., -0.51127386,
         -0.322226  ,  0.        ]]]), 'num': array([ 9.58911415e-01,  2.83699979e-01,  1.55937976e-05,  5.08442346e-04,
        5.22533127e-04,  5.05506767e-04,  1.04518368e-03, -9.98096985e-06,
        5.01514379e-04,  5.36095504e-04,  4.68900092e-04,  4.56855438e-07,
        5.90604273e-04,  4.81586735e-04])}
{'img': array([[[ 0.        ,  0.57792207,  0.73491344, ...,  0.9214463 ,
          0.85860146,  0.90068015],
        [-0.57792207,  0.        ,  0.20783278, ...,  0.97651096,
          0.99696584,  0.986135  ],
        [-0.73491344, -0.20783278,  0.        , ...,  0.91040697,
          0.95901868,  0.9301133 ],
        ...,
        [-0.9214463 , -0.97651096, -0.91040697, ...,  0.        ,
          0.13880202,  0.05043312],
        [-0.85860146, -0.99696584, -0.95901868, ..., -0.13880202,
          0.        , -0.08868046],
        [-0.90068015, -0.986135  , -0.9301133 , ..., -0.05043312,
          0.08868046,  0.        ]],

       [[ 0.        ,  0.05879002,  0.04724621, ..., -0.99590788,
         -0.95525945, -0.99562548],
        [-0.05879002,  0.        , -0.01155987, ..., -0.99949843,
         -0.97099548, -0.9993964 ],
        [-0.04724621,  0.01155987,  0.        , ..., -0.99906556,
         -0.96816666, -0.99892804],
        ...,
        [ 0.99590788,  0.99949843,  0.99906556, ...,  0.        ,
          0.20822804,  0.00307274],
        [ 0.95525945,  0.97099548,  0.96816666, ..., -0.20822804,
          0.        , -0.20522167],
        [ 0.99562548,  0.9993964 ,  0.99892804, ..., -0.00307274,
          0.20522167,  0.        ]],

       [[ 0.        ,  0.08856132,  0.44430767, ...,  0.87545448,
          0.88652959,  0.89108775],
        [-0.08856132,  0.        ,  0.36322206, ...,  0.91481631,
          0.924021  ,  0.9277783 ],
        [-0.44430767, -0.36322206,  0.        , ...,  0.99903129,
          0.99978772,  0.9999432 ],
        ...,
        [-0.87545448, -0.91481631, -0.99903129, ...,  0.        ,
         -0.02341208, -0.03335482],
        [-0.88652959, -0.924021  , -0.99978772, ...,  0.02341208,
          0.        , -0.00994662],
        [-0.89108775, -0.9277783 , -0.9999432 , ...,  0.03335482,
          0.00994662,  0.        ]],

       ...,

       [[ 0.        ,  0.42450074,  0.61788709, ...,  0.88571117,
          0.96819009,  0.89465552],
        [-0.42450074,  0.        ,  0.22568116, ...,  0.6048785 ,
          0.77040922,  0.62039726],
        [-0.61788709, -0.22568116,  0.        , ...,  0.40955946,
          0.60665064,  0.4273928 ],
        ...,
        [-0.88571117, -0.6048785 , -0.40955946, ...,  0.        ,
          0.22785044,  0.01963458],
        [-0.96819009, -0.77040922, -0.60665064, ..., -0.22785044,
          0.        , -0.2086884 ],
        [-0.89465552, -0.62039726, -0.4273928 , ..., -0.01963458,
          0.2086884 ,  0.        ]],

       [[ 0.        , -0.45379636, -0.66836473, ..., -0.67461098,
         -0.70504768, -0.72441758],
        [ 0.45379636,  0.        , -0.2580344 , ..., -0.26616908,
         -0.30645763, -0.33270273],
        [ 0.66836473,  0.2580344 ,  0.        , ..., -0.0084293 ,
         -0.05046077, -0.07810137],
        ...,
        [ 0.67461098,  0.26616908,  0.0084293 , ...,  0.        ,
         -0.04204042, -0.06969504],
        [ 0.70504768,  0.30645763,  0.05046077, ...,  0.04204042,
          0.        , -0.02769524],
        [ 0.72441758,  0.33270273,  0.07810137, ...,  0.06969504,
          0.02769524,  0.        ]],

       [[ 0.        , -0.17378206, -0.29703178, ...,  0.86814451,
          0.77681244,  0.59700466],
        [ 0.17378206,  0.        , -0.12657333, ...,  0.7686849 ,
          0.65555644,  0.44850619],
        [ 0.29703178,  0.12657333,  0.        , ...,  0.68154277,
          0.5547026 ,  0.33177029],
        ...,
        [-0.86814451, -0.7686849 , -0.68154277, ...,  0.        ,
          0.16115745,  0.40015803],
        [-0.77681244, -0.65555644, -0.5547026 , ..., -0.16115745,
          0.        ,  0.24723532],
        [-0.59700466, -0.44850619, -0.33177029, ..., -0.40015803,
         -0.24723532,  0.        ]]]), 'num': array([9.99840603e-01, 1.77733166e-02, 2.24216275e-05, 5.30273913e-04,
       5.37537939e-04, 5.18167202e-04, 7.75943279e-04, 6.05335517e-06,
       5.24341625e-04, 5.53337196e-04, 4.86699844e-04, 4.87314127e-07,
       6.08282057e-04, 4.98392335e-04])}
{'img': array([[[ 0.        ,  0.52983417,  0.61651677, ...,  0.88620614,
          0.92612564,  0.90385065],
        [-0.52983417,  0.        ,  0.10570809, ...,  0.99706002,
          0.98530982,  0.99324542],
        [-0.61651677, -0.10570809,  0.        , ...,  0.98337387,
          0.96173689,  0.97541491],
        ...,
        [-0.88620614, -0.99706002, -0.98337387, ...,  0.        ,
         -0.09477539, -0.03958438],
        [-0.92612564, -0.98530982, -0.96173689, ...,  0.09477539,
          0.        ,  0.0552949 ],
        [-0.90385065, -0.99324542, -0.97541491, ...,  0.03958438,
         -0.0552949 ,  0.        ]],

       [[ 0.        , -0.01155987, -0.60155865, ..., -0.97099548,
         -0.9993964 , -0.96060503],
        [ 0.01155987,  0.        , -0.5922841 , ..., -0.96816666,
         -0.99892804, -0.96375353],
        [ 0.60155865,  0.5922841 ,  0.        , ..., -0.63182761,
         -0.77744864, -0.93454231],
        ...,
        [ 0.97099548,  0.96816666,  0.63182761, ...,  0.        ,
         -0.20522167, -0.49953495],
        [ 0.9993964 ,  0.99892804,  0.77744864, ...,  0.20522167,
          0.        , -0.31112036],
        [ 0.96060503,  0.96375353,  0.93454231, ...,  0.49953495,
          0.31112036,  0.        ]],

       [[ 0.        ,  0.43670185,  0.5148447 , ...,  0.88708081,
          0.8916345 ,  0.85909806],
        [-0.43670185,  0.        ,  0.08878026, ...,  0.99961124,
          0.99983936,  0.99635885],
        [-0.5148447 , -0.08878026,  0.        , ...,  0.99813931,
          0.99748249,  0.99999375],
        ...,
        [-0.88708081, -0.99961124, -0.99813931, ...,  0.        ,
         -0.00996005,  0.05744589],
        [-0.8916345 , -0.99983936, -0.99748249, ...,  0.00996005,
          0.        ,  0.06738665],
        [-0.85909806, -0.99635885, -0.99999375, ..., -0.05744589,
         -0.06738665,  0.        ]],

       ...,

       [[ 0.        ,  0.48425858,  0.60137862, ...,  0.94999406,
          0.85503896,  0.87884964],
        [-0.48425858,  0.        ,  0.13925589, ...,  0.67995503,
          0.49697594,  0.53788825],
        [-0.60137862, -0.13925589,  0.        , ...,  0.57121993,
          0.37129233,  0.41525234],
        ...,
        [-0.94999406, -0.67995503, -0.57121993, ...,  0.        ,
         -0.2256312 , -0.17880446],
        [-0.85503896, -0.49697594, -0.37129233, ...,  0.2256312 ,
          0.        ,  0.04780148],
        [-0.87884964, -0.53788825, -0.41525234, ...,  0.17880446,
         -0.04780148,  0.        ]],

       [[ 0.        , -0.28199322, -0.44548552, ..., -0.3326576 ,
         -0.35992475, -0.37087055],
        [ 0.28199322,  0.        , -0.17494065, ..., -0.05322411,
         -0.0822233 , -0.09393654],
        [ 0.44548552,  0.17494065,  0.        , ...,  0.12228935,
          0.09339296,  0.08167916],
        ...,
        [ 0.3326576 ,  0.05322411, -0.12228935, ...,  0.        ,
         -0.02906287, -0.04081463],
        [ 0.35992475,  0.0822233 , -0.09339296, ...,  0.02906287,
          0.        , -0.01175874],
        [ 0.37087055,  0.09393654, -0.08167916, ...,  0.04081463,
          0.01175874,  0.        ]],

       [[ 0.        , -0.12603721, -0.28014617, ...,  0.69709113,
          0.60045507,  0.44677472],
        [ 0.12603721,  0.        , -0.15692179, ...,  0.6011657 ,
          0.49488003,  0.33045317],
        [ 0.28014617,  0.15692179,  0.        , ...,  0.46831785,
          0.35239   ,  0.17825289],
        ...,
        [-0.69709113, -0.6011657 , -0.46831785, ...,  0.        ,
          0.12691904,  0.30332046],
        [-0.60045507, -0.49488003, -0.35239   , ..., -0.12691904,
          0.        ,  0.17992783],
        [-0.44677472, -0.33045317, -0.17825289, ..., -0.30332046,
         -0.17992783,  0.        ]]]), 'num': array([9.99849417e-01, 1.72512098e-02, 2.17629725e-05, 5.30560587e-04,
       5.34673460e-04, 5.09408670e-04, 1.16320268e-03, 1.58639378e-05,
       5.15166692e-04, 5.35877944e-04, 4.75428507e-04, 4.15683934e-07,
       5.88652493e-04, 4.83103395e-04])}
{'img': array([[[ 0.        ,  0.35662773,  0.55755949, ...,  0.94536032,
          0.9246484 ,  0.84876695],
        [-0.35662773,  0.        ,  0.22484818, ...,  0.99947005,
          0.99966126,  0.98153063],
        [-0.55755949, -0.22484818,  0.        , ...,  0.96655824,
          0.97991571,  0.99941196],
        ...,
        [-0.94536032, -0.99947005, -0.96655824, ...,  0.        ,
          0.05855322,  0.22315418],
        [-0.9246484 , -0.99966126, -0.97991571, ..., -0.05855322,
          0.        ,  0.16569462],
        [-0.84876695, -0.98153063, -0.99941196, ..., -0.22315418,
         -0.16569462,  0.        ]],

       [[ 0.        , -0.5922841 , -0.88932574, ..., -0.99892804,
         -0.96375353, -0.9890003 ],
        [ 0.5922841 ,  0.        , -0.44571946, ..., -0.77744864,
         -0.93454231, -0.70925959],
        [ 0.88932574,  0.44571946,  0.        , ..., -0.41561713,
         -0.67796658, -0.32070106],
        ...,
        [ 0.99892804,  0.77744864,  0.41561713, ...,  0.        ,
         -0.31112036,  0.1019741 ],
        [ 0.96375353,  0.93454231,  0.67796658, ...,  0.31112036,
          0.        ,  0.40641169],
        [ 0.9890003 ,  0.70925959,  0.32070106, ..., -0.1019741 ,
         -0.40641169,  0.        ]],

       [[ 0.        ,  0.29518403,  0.5607587 , ...,  0.90573979,
          0.87395305,  0.84106592],
        [-0.29518403,  0.        ,  0.29136526, ...,  0.99048949,
          0.97847256,  0.96326305],
        [-0.5607587 , -0.29136526,  0.        , ...,  0.98760249,
          0.99614955,  0.99971783],
        ...,
        [-0.90573979, -0.99048949, -0.98760249, ...,  0.        ,
          0.06978774,  0.13347172],
        [-0.87395305, -0.97847256, -0.99614955, ..., -0.06978774,
          0.        ,  0.06398298],
        [-0.84106592, -0.96326305, -0.99971783, ..., -0.13347172,
         -0.06398298,  0.        ]],

       ...,

       [[ 0.        ,  0.39432289,  0.54862972, ...,  0.78470751,
          0.81770663,  0.67692365],
        [-0.39432289,  0.        ,  0.17449558, ...,  0.47669676,
          0.52446333,  0.33183121],
        [-0.54862972, -0.17449558,  0.        , ...,  0.31598981,
          0.36784569,  0.1621318 ],
        ...,
        [-0.78470751, -0.47669676, -0.31598981, ...,  0.        ,
          0.05516345, -0.15798441],
        [-0.81770663, -0.52446333, -0.36784569, ..., -0.05516345,
          0.        , -0.21221454],
        [-0.67692365, -0.33183121, -0.1621318 , ...,  0.15798441,
          0.21221454,  0.        ]],

       [[ 0.        , -0.17494065, -0.3509513 , ..., -0.0822233 ,
         -0.09393654, -0.12585323],
        [ 0.17494065,  0.        , -0.18172595, ...,  0.09339296,
          0.08167916,  0.04963724],
        [ 0.3509513 ,  0.18172595,  0.        , ...,  0.27276957,
          0.26143788,  0.23031267],
        ...,
        [ 0.0822233 , -0.09339296, -0.27276957, ...,  0.        ,
         -0.01175874, -0.04385755],
        [ 0.09393654, -0.08167916, -0.26143788, ...,  0.01175874,
          0.        , -0.03210709],
        [ 0.12585323, -0.04963724, -0.23031267, ...,  0.04385755,
          0.03210709,  0.        ]],

       [[ 0.        , -0.15692179, -0.33045317, ...,  0.49488003,
          0.33045317,  0.43052233],
        [ 0.15692179,  0.        , -0.17825289, ...,  0.35239   ,
          0.17825289,  0.28355415],
        [ 0.33045317,  0.17825289,  0.        , ...,  0.17992783,
          0.        ,  0.10807622],
        ...,
        [-0.49488003, -0.35239   , -0.17992783, ...,  0.        ,
          0.17992783,  0.07256152],
        [-0.33045317, -0.17825289, -0.        , ..., -0.17992783,
          0.        , -0.10807622],
        [-0.43052233, -0.28355415, -0.10807622, ..., -0.07256152,
          0.10807622,  0.        ]]]), 'num': array([9.99861945e-01, 1.63949692e-02, 2.06827965e-05, 5.31029685e-04,
       5.36055202e-04, 5.06460488e-04, 2.28643179e-03, 2.68027601e-05,
       5.00206510e-04, 5.09503718e-04, 4.54874481e-04, 5.22310197e-07,
       5.60003339e-04, 4.59004097e-04])}
{'img': array([[[ 0.        ,  0.45134156,  0.71992584, ...,  0.93303972,
          0.85853923,  0.61987249],
        [-0.45134156,  0.        ,  0.32917269, ...,  0.99497986,
          0.99754301,  0.90731288],
        [-0.71992584, -0.32917269,  0.        , ...,  0.90658729,
          0.96501045,  0.99515076],
        ...,
        [-0.93303972, -0.99497986, -0.90658729, ...,  0.        ,
          0.16953458,  0.50914503],
        [-0.85853923, -0.99754301, -0.96501045, ..., -0.16953458,
          0.        ,  0.35585962],
        [-0.61987249, -0.90731288, -0.99515076, ..., -0.50914503,
         -0.35585962,  0.        ]],

       [[ 0.        , -0.44571946, -0.13855647, ..., -0.93454231,
         -0.70925959,  0.09518651],
        [ 0.44571946,  0.        ,  0.31738831, ..., -0.67796658,
         -0.32070106,  0.52890402],
        [ 0.13855647, -0.31738831,  0.        , ..., -0.87622261,
         -0.60474343,  0.23219574],
        ...,
        [ 0.93454231,  0.67796658,  0.87622261, ...,  0.        ,
          0.40641169,  0.96417129],
        [ 0.70925959,  0.32070106,  0.60474343, ..., -0.40641169,
          0.        ,  0.77314065],
        [-0.09518651, -0.52890402, -0.23219574, ..., -0.96417129,
         -0.77314065,  0.        ]],

       [[ 0.        ,  0.49369638,  0.6882325 , ...,  0.88036445,
          0.84770268,  0.7756522 ],
        [-0.49369638,  0.        ,  0.24033873, ...,  0.99975428,
          0.99908329,  0.98613548],
        [-0.6882325 , -0.24033873,  0.        , ...,  0.96512296,
          0.98008781,  0.99711328],
        ...,
        [-0.88036445, -0.99975428, -0.96512296, ...,  0.        ,
          0.06494484,  0.18776118],
        [-0.84770268, -0.99908329, -0.98008781, ..., -0.06494484,
          0.        ,  0.12357501],
        [-0.7756522 , -0.98613548, -0.99711328, ..., -0.18776118,
         -0.12357501,  0.        ]],

       ...,

       [[ 0.        ,  0.17742035,  0.47069525, ...,  0.52931344,
          0.33605538,  0.71905166],
        [-0.17742035,  0.        ,  0.30669051, ...,  0.37038787,
          0.16362193,  0.58434457],
        [-0.47069525, -0.30669051,  0.        , ...,  0.0676608 ,
         -0.1468204 ,  0.30730352],
        ...,
        [-0.52931344, -0.37038787, -0.0676608 , ...,  0.        ,
         -0.21341151,  0.2422125 ],
        [-0.33605538, -0.16362193,  0.1468204 , ...,  0.21341151,
          0.        ,  0.44368931],
        [-0.71905166, -0.58434457, -0.30730352, ..., -0.2422125 ,
         -0.44368931,  0.        ]],

       [[ 0.        , -0.18172595, -0.35228205, ...,  0.08167916,
          0.04963724,  0.06040727],
        [ 0.18172595,  0.        , -0.17634007, ...,  0.26143788,
          0.23031267,  0.24079552],
        [ 0.35228205,  0.17634007,  0.        , ...,  0.42754798,
          0.39830298,  0.40817351],
        ...,
        [-0.08167916, -0.26143788, -0.42754798, ...,  0.        ,
         -0.03210709, -0.02132457],
        [-0.04963724, -0.23031267, -0.39830298, ...,  0.03210709,
          0.        ,  0.01078621],
        [-0.06040727, -0.24079552, -0.40817351, ...,  0.02132457,
         -0.01078621,  0.        ]],

       [[ 0.        , -0.17825289, -0.03900407, ...,  0.17825289,
          0.28355415,  0.29329985],
        [ 0.17825289,  0.        ,  0.13973784, ...,  0.        ,
          0.10807622,  0.11818915],
        [ 0.03900407, -0.13973784,  0.        , ...,  0.13973784,
          0.24593518,  0.25578797],
        ...,
        [-0.17825289, -0.        , -0.13973784, ...,  0.        ,
         -0.10807622, -0.11818915],
        [-0.28355415, -0.10807622, -0.24593518, ...,  0.10807622,
          0.        , -0.01017814],
        [-0.29329985, -0.11818915, -0.25578797, ...,  0.11818915,
          0.01017814,  0.        ]]]), 'num': array([ 9.99862168e-01,  1.64801987e-02,  2.07903165e-05,  5.30983785e-04,
        5.38280602e-04,  5.25370848e-04,  1.39072848e-03, -2.80646821e-06,
        5.09879144e-04,  5.12657547e-04,  4.60139172e-04,  5.17070506e-07,
        5.63955334e-04,  4.61359761e-04])}
{'img': array([[[ 0.        ,  0.61256636,  0.63506939, ...,  0.87449755,
          0.63506939,  0.66982947],
        [-0.61256636,  0.        ,  0.02879101, ...,  0.98833264,
          0.97515102,  0.98428574],
        [-0.63506939, -0.02879101,  0.        , ...,  0.98353775,
          0.98112517,  0.98896172],
        ...,
        [-0.87449755, -0.98833264, -0.98353775, ...,  0.        ,
          0.36748241,  0.32444017],
        [-0.63506939, -0.97515102, -0.98112517, ..., -0.36748241,
          0.        , -0.04586465],
        [-0.66982947, -0.98428574, -0.98896172, ..., -0.32444017,
          0.04586465,  0.        ]],

       [[ 0.        ,  0.31738831,  0.14655291, ..., -0.32070106,
          0.52890402, -0.09827587],
        [-0.31738831,  0.        , -0.17498594, ..., -0.60474343,
          0.23219574, -0.40904648],
        [-0.14655291,  0.17498594,  0.        , ..., -0.45605044,
          0.39881659, -0.24305824],
        ...,
        [ 0.32070106,  0.60474343,  0.45605044, ...,  0.        ,
          0.77314065,  0.22606363],
        [-0.52890402, -0.23219574, -0.39881659, ..., -0.77314065,
          0.        , -0.60974863],
        [ 0.09827587,  0.40904648,  0.24305824, ..., -0.22606363,
          0.60974863,  0.        ]],

       [[ 0.        ,  0.53349219,  0.6796246 , ...,  0.86733064,
          0.7958893 ,  0.73610189],
        [-0.53349219,  0.        ,  0.18348129, ...,  0.99912894,
          0.99616581,  0.98370391],
        [-0.6796246 , -0.18348129,  0.        , ...,  0.97451034,
          0.99530602,  0.99999298],
        ...,
        [-0.86733064, -0.99912894, -0.97451034, ...,  0.        ,
          0.12897864,  0.22068896],
        [-0.7958893 , -0.99616581, -0.99530602, ..., -0.12897864,
          0.        ,  0.09304705],
        [-0.73610189, -0.98370391, -0.99999298, ..., -0.22068896,
         -0.09304705,  0.        ]],

       ...,

       [[ 0.        ,  0.30669051,  0.43721054, ...,  0.16362193,
          0.58434457,  0.56371437],
        [-0.30669051,  0.        ,  0.14031613, ..., -0.1468204 ,
          0.30730352,  0.28323148],
        [-0.43721054, -0.14031613,  0.        , ..., -0.28416342,
          0.17073683,  0.145859  ],
        ...,
        [-0.16362193,  0.1468204 ,  0.28416342, ...,  0.        ,
          0.44368931,  0.42097049],
        [-0.58434457, -0.30730352, -0.17073683, ..., -0.44368931,
          0.        , -0.02519357],
        [-0.56371437, -0.28323148, -0.145859  , ..., -0.42097049,
          0.02519357,  0.        ]],

       [[ 0.        , -0.17634007, -0.35401947, ...,  0.23031267,
          0.24079552,  0.26011948],
        [ 0.17634007,  0.        , -0.18355179, ...,  0.39830298,
          0.40817351,  0.42631305],
        [ 0.35401947,  0.18355179,  0.        , ...,  0.55989943,
          0.56880389,  0.5851065 ],
        ...,
        [-0.23031267, -0.39830298, -0.55989943, ...,  0.        ,
          0.01078621,  0.03074211],
        [-0.24079552, -0.40817351, -0.56880389, ..., -0.01078621,
          0.        ,  0.01995921],
        [-0.26011948, -0.42631305, -0.5851065 , ..., -0.03074211,
         -0.01995921,  0.        ]],

       [[ 0.        ,  0.13973784,  0.25218632, ...,  0.10807622,
          0.11818915,  0.12058653],
        [-0.13973784,  0.        ,  0.11449067, ...,  0.24593518,
          0.25578797,  0.25812155],
        [-0.25218632, -0.11449067,  0.        , ...,  0.35529222,
          0.36478789,  0.36703509],
        ...,
        [-0.10807622, -0.24593518, -0.35529222, ...,  0.        ,
         -0.01017814, -0.01259264],
        [-0.11818915, -0.25578797, -0.36478789, ...,  0.01017814,
          0.        , -0.00241466],
        [-0.12058653, -0.25812155, -0.36703509, ...,  0.01259264,
          0.00241466,  0.        ]]]), 'num': array([9.99997601e-01, 1.07059589e-03, 2.09418669e-05, 5.31061696e-04,
       5.38298386e-04, 5.24381674e-04, 1.24230583e-03, 4.45334755e-06,
       5.15474979e-04, 5.09629961e-04, 4.59121577e-04, 5.60169504e-07,
       5.61443205e-04, 4.57816716e-04])}
{'img': array([[[ 0.        ,  0.06862602,  0.08852562, ...,  0.83046239,
          0.85645314,  0.81316558],
        [-0.06862602,  0.        ,  0.01996032, ...,  0.86673436,
          0.88986046,  0.85119108],
        [-0.08852562, -0.01996032,  0.        , ...,  0.87651729,
          0.89878973,  0.86149779],
        ...,
        [-0.83046239, -0.86673436, -0.87651729, ...,  0.        ,
         -0.04840311,  0.03036206],
        [-0.85645314, -0.88986046, -0.89878973, ...,  0.04840311,
          0.        ,  0.07870727],
        [-0.81316558, -0.85119108, -0.86149779, ..., -0.03036206,
         -0.07870727,  0.        ]],

       [[ 0.        , -0.17498594, -0.10999188, ...,  0.23219574,
         -0.40904648, -0.50587228],
        [ 0.17498594,  0.        ,  0.0656294 , ...,  0.39881659,
         -0.24305824, -0.34712281],
        [ 0.10999188, -0.0656294 ,  0.        , ...,  0.33777259,
         -0.30619551, -0.40792298],
        ...,
        [-0.23219574, -0.39881659, -0.33777259, ...,  0.        ,
         -0.60974863, -0.69234032],
        [ 0.40904648,  0.24305824,  0.30619551, ...,  0.60974863,
          0.        , -0.10876838],
        [ 0.50587228,  0.34712281,  0.40792298, ...,  0.69234032,
          0.10876838,  0.        ]],

       [[ 0.        ,  0.47796592,  0.61002354, ...,  0.81991759,
          0.76003927,  0.65227168],
        [-0.47796592,  0.        ,  0.15709927, ...,  0.99382456,
          0.97822119,  0.93523247],
        [-0.61002354, -0.15709927,  0.        , ...,  0.99891623,
          0.99868278,  0.97923803],
        ...,
        [-0.81991759, -0.99382456, -0.99891623, ...,  0.        ,
          0.09773723,  0.24807192],
        [-0.76003927, -0.97822119, -0.99868278, ..., -0.09773723,
          0.        ,  0.1522021 ],
        [-0.65227168, -0.93523247, -0.97923803, ..., -0.24807192,
         -0.1522021 ,  0.        ]],

       ...,

       [[ 0.        ,  0.14031613,  0.31423999, ...,  0.30730352,
          0.28323148,  0.42154441],
        [-0.14031613,  0.        ,  0.17792292, ...,  0.17073683,
          0.145859  ,  0.29013421],
        [-0.31423999, -0.17792292,  0.        , ..., -0.00729779,
         -0.03248837,  0.11523521],
        ...,
        [-0.30730352, -0.17073683,  0.00729779, ...,  0.        ,
         -0.02519357,  0.12248132],
        [-0.28323148, -0.145859  ,  0.03248837, ...,  0.02519357,
          0.        ,  0.14744632],
        [-0.42154441, -0.29013421, -0.11523521, ..., -0.12248132,
         -0.14744632,  0.        ]],

       [[ 0.        , -0.18355179, -0.40149801, ...,  0.40817351,
          0.42631305,  0.46445157],
        [ 0.18355179,  0.        , -0.22656885, ...,  0.56880389,
          0.5851065 ,  0.61911375],
        [ 0.40149801,  0.22656885,  0.        , ...,  0.74035903,
          0.75362836,  0.78093861],
        ...,
        [-0.40817351, -0.56880389, -0.74035903, ...,  0.        ,
          0.01995921,  0.06252201],
        [-0.42631305, -0.5851065 , -0.75362836, ..., -0.01995921,
          0.        ,  0.0425894 ],
        [-0.46445157, -0.61911375, -0.78093861, ..., -0.06252201,
         -0.0425894 ,  0.        ]],

       [[ 0.        ,  0.21149449,  0.36925189, ...,  0.11847909,
          0.12088232,  0.09840886],
        [-0.21149449,  0.        ,  0.16435108, ...,  0.32580384,
          0.32809143,  0.30665068],
        [-0.36925189, -0.16435108,  0.        , ...,  0.47675718,
          0.4788836 ,  0.45891381],
        ...,
        [-0.11847909, -0.32580384, -0.47675718, ...,  0.        ,
         -0.00242062,  0.02018828],
        [-0.12088232, -0.32809143, -0.4788836 , ...,  0.00242062,
          0.        ,  0.02260835],
        [-0.09840886, -0.30665068, -0.45891381, ..., -0.02018828,
         -0.02260835,  0.        ]]]), 'num': array([ 9.99998288e-01,  5.41737985e-04,  2.10411905e-05,  5.31060866e-04,
        5.42241095e-04,  5.15967557e-04,  1.00179322e-03, -2.23604575e-06,
        5.25917961e-04,  5.12194230e-04,  4.63476383e-04,  5.73345065e-07,
        5.64703082e-04,  4.59685378e-04])}
{'img': array([[[ 0.        ,  0.01996032, -0.3201454 , ...,  0.88986046,
          0.85119108,  0.87162528],
        [-0.01996032,  0.        , -0.3389914 , ...,  0.89878973,
          0.86149779,  0.88123563],
        [ 0.3201454 ,  0.3389914 ,  0.        , ...,  0.69696488,
          0.63836133,  0.6688237 ],
        ...,
        [-0.88986046, -0.89878973, -0.69696488, ...,  0.        ,
          0.07870727,  0.03852137],
        [-0.85119108, -0.86149779, -0.63836133, ..., -0.07870727,
          0.        , -0.04024699],
        [-0.87162528, -0.88123563, -0.6688237 , ..., -0.03852137,
          0.04024699,  0.        ]],

       [[ 0.        ,  0.0656294 , -0.3636618 , ..., -0.24305824,
         -0.34712281, -0.53910245],
        [-0.0656294 ,  0.        , -0.42401359, ..., -0.30619551,
         -0.40792298, -0.5932159 ],
        [ 0.3636618 ,  0.42401359,  0.        , ...,  0.1263399 ,
          0.01769352, -0.19590008],
        ...,
        [ 0.24305824,  0.30619551, -0.1263399 , ...,  0.        ,
         -0.10876838, -0.31822226],
        [ 0.34712281,  0.40792298, -0.01769352, ...,  0.10876838,
          0.        , -0.2132201 ],
        [ 0.53910245,  0.5932159 ,  0.19590008, ...,  0.31822226,
          0.2132201 ,  0.        ]],

       [[ 0.        ,  0.41802204,  0.5358035 , ...,  0.77885234,
          0.67005081,  0.54396095],
        [-0.41802204,  0.        ,  0.13378981, ...,  0.96972468,
          0.919003  ,  0.84492089],
        [-0.5358035 , -0.13378981,  0.        , ...,  0.99367818,
          0.96348762,  0.90888782],
        ...,
        [-0.77885234, -0.96972468, -0.99367818, ...,  0.        ,
          0.15789319,  0.31236691],
        [-0.67005081, -0.919003  , -0.96348762, ..., -0.15789319,
          0.        ,  0.15845618],
        [-0.54396095, -0.84492089, -0.90888782, ..., -0.31236691,
         -0.15845618,  0.        ]],

       ...,

       [[ 0.        ,  0.17792292,  0.28691102, ...,  0.145859  ,
          0.29013421,  0.32133646],
        [-0.17792292,  0.        ,  0.11189064, ..., -0.03248837,
          0.11523521,  0.14772256],
        [-0.28691102, -0.11189064,  0.        , ..., -0.14411593,
          0.00336635,  0.03613187],
        ...,
        [-0.145859  ,  0.03248837,  0.14411593, ...,  0.        ,
          0.14744632,  0.17977651],
        [-0.29013421, -0.11523521, -0.00336635, ..., -0.14744632,
          0.        ,  0.03276752],
        [-0.32133646, -0.14772256, -0.03613187, ..., -0.17977651,
         -0.03276752,  0.        ]],

       [[ 0.        , -0.22656885, -0.46792174, ...,  0.5851065 ,
          0.61911375,  0.6334635 ],
        [ 0.22656885,  0.        , -0.25551877, ...,  0.75362836,
          0.78093861,  0.79230314],
        [ 0.46792174,  0.25551877,  0.        , ...,  0.89656367,
          0.91461366,  0.92190098],
        ...,
        [-0.5851065 , -0.75362836, -0.89656367, ...,  0.        ,
          0.0425894 ,  0.06097196],
        [-0.61911375, -0.78093861, -0.91461366, ..., -0.0425894 ,
          0.        ,  0.01840648],
        [-0.6334635 , -0.79230314, -0.92190098, ..., -0.06097196,
         -0.01840648,  0.        ]],

       [[ 0.        ,  0.30795637,  0.46023732, ...,  0.12156923,
          0.09896877,  0.10446999],
        [-0.30795637,  0.        ,  0.16446759, ...,  0.42133327,
          0.40060341,  0.40566405],
        [-0.46023732, -0.16446759,  0.        , ...,  0.56475238,
          0.54584187,  0.55046695],
        ...,
        [-0.12156923, -0.42133327, -0.56475238, ...,  0.        ,
          0.02273767,  0.01720887],
        [-0.09896877, -0.40060341, -0.54584187, ..., -0.02273767,
          0.        , -0.00552988],
        [-0.10446999, -0.40566405, -0.55046695, ..., -0.01720887,
          0.00552988,  0.        ]]]), 'num': array([9.99997403e-01, 5.37216031e-04, 2.08655571e-05, 5.31062798e-04,
       5.44921431e-04, 5.24965000e-04, 1.66673893e-03, 4.43476241e-06,
       5.27625858e-04, 5.08473227e-04, 4.62056048e-04, 6.04740328e-07,
       5.61276327e-04, 4.55670128e-04])}
{'img': array([[[ 0.        , -0.3389914 ,  0.42956564, ...,  0.86149779,
          0.88123563,  0.83924656],
        [ 0.3389914 ,  0.        ,  0.71025214, ...,  0.63836133,
          0.6688237 ,  0.6052274 ],
        [-0.42956564, -0.71025214,  0.        , ...,  0.99608002,
          0.99883308,  0.99144632],
        ...,
        [-0.86149779, -0.63836133, -0.99608002, ...,  0.        ,
         -0.04024699,  0.04230339],
        [-0.88123563, -0.6688237 , -0.99883308, ...,  0.04024699,
          0.        ,  0.08248007],
        [-0.83924656, -0.6052274 , -0.99144632, ..., -0.04230339,
         -0.08248007,  0.        ]],

       [[ 0.        , -0.42401359, -0.32155731, ..., -0.40792298,
         -0.5932159 , -0.09116669],
