state_0,state_1,state_2,state_3,state_4,state_5,state_6,state_7,state_8,state_9,state_10,state_11,state_12,state_13,state_14,state_15,state_16,state_17,state_18,state_19,state_20,state_21,state_22,state_23,state_24,state_25,state_26,state_27,state_28,state_29,state_30,state_31,state_32,state_33,state_34,state_35,state_36,state_37,state_38,state_39,state_40,state_41,state_42,state_43,state_44,state_45,state_46,state_47,state_48,state_49,state_50,state_51,state_52,state_53,state_54,state_55,state_56,state_57,state_58,state_59,state_60,state_61,state_62,state_63,state_64,state_65,state_66,state_67,state_68,state_69,state_70,state_71,state_72,state_73,state_74,state_75,state_76,state_77,state_78,state_79,state_80,state_81,state_82,state_83,state_84,state_85,state_86,state_87,state_88,state_89,state_90,state_91,state_92,state_93,state_94,state_95,state_96,state_97,state_98,state_99,state_100,state_101,state_102,state_103,state_104,state_105,state_106,state_107,state_108,state_109,state_110,state_111,state_112,state_113,state_114,state_115,state_116,state_117,state_118,state_119,state_120,state_121,state_122,state_123,state_124,state_125,state_126,state_127,state_128,state_129,state_130,state_131,state_132,state_133,state_134,state_135,state_136,state_137,state_138,state_139,state_140,state_141,state_142,state_143,state_144,state_145,state_146,state_147,state_148,state_149,state_150,state_151,state_152,state_153,state_154,state_155,state_156,state_157,state_158,state_159,state_160,state_161,state_162,state_163,state_164,state_165,state_166,state_167,state_168,state_169,state_170,state_171,state_172,state_173,state_174,state_175,state_176,state_177,state_178,state_179,state_180,state_181,state_182,state_183,state_184,state_185,state_186,state_187,state_188,state_189,state_190,state_191,state_192,state_193,state_194,state_195,state_196,state_197,state_198,state_199,state_200,state_201,state_202,state_203,state_204,state_205,state_206,state_207,state_208,state_209,state_210,state_211,state_212,state_213,state_214,state_215,state_216,state_217,state_218,state_219,state_220,state_221,state_222,state_223,state_224,state_225,state_226,state_227,state_228,state_229,state_230,state_231,state_232,state_233,state_234,state_235,state_236,state_237,state_238,state_239,state_240,state_241,state_242,state_243,state_244,state_245,state_246,state_247,state_248,state_249,state_250,state_251,state_252,state_253,state_254,state_255,state_256,state_257,state_258,state_259,state_260,state_261,state_262,state_263,state_264,state_265,state_266,state_267,state_268,state_269,state_270,state_271,state_272,state_273,state_274,state_275,state_276,state_277,state_278,state_279,state_280,state_281,state_282,state_283,state_284,state_285,state_286,state_287
{'img': array([[[ 0.        ,  0.04159931,  0.08548853, ..., -0.94971957,
         -0.90941452, -0.90369887],
        [-0.04159931,  0.        ,  0.04396751, ..., -0.96192229,
         -0.92592808, -0.92072812],
        [-0.08548853, -0.04396751,  0.        , ..., -0.97300941,
         -0.9416392 , -0.93699407],
        ...,
        [ 0.94971957,  0.96192229,  0.97300941, ...,  0.        ,
          0.11024039,  0.12369036],
        [ 0.90941452,  0.92592808,  0.9416392 , ..., -0.11024039,
          0.        ,  0.01354263],
        [ 0.90369887,  0.92072812,  0.93699407, ..., -0.12369036,
         -0.01354263,  0.        ]],

       [[ 0.        , -0.82884181, -0.67605195, ..., -0.3815469 ,
         -0.51501296, -0.44902656],
        [ 0.82884181,  0.        , -0.23249579, ..., -0.55267048,
         -0.4223276 , -0.48936268],
        [ 0.67605195,  0.23249579,  0.        , ..., -0.34376392,
         -0.20001049, -0.27319786],
        ...,
        [ 0.3815469 ,  0.55267048,  0.34376392, ...,  0.        ,
          0.14899667,  0.07413828],
        [ 0.51501296,  0.4223276 ,  0.20001049, ..., -0.14899667,
          0.        , -0.0752759 ],
        [ 0.44902656,  0.48936268,  0.27319786, ..., -0.07413828,
          0.0752759 ,  0.        ]],

       [[ 0.        ,  0.18210274,  0.37129027, ..., -0.85721138,
         -0.81199196, -0.78398384],
        [-0.18210274,  0.        ,  0.19599665, ..., -0.93665487,
         -0.90470271, -0.88392121],
        [-0.37129027, -0.19599665,  0.        , ..., -0.98713659,
         -0.97065869, -0.95843223],
        ...,
        [ 0.85721138,  0.93665487,  0.98713659, ...,  0.        ,
          0.08218018,  0.12841673],
        [ 0.81199196,  0.90470271,  0.97065869, ..., -0.08218018,
          0.        ,  0.04648261],
        [ 0.78398384,  0.88392121,  0.95843223, ..., -0.12841673,
         -0.04648261,  0.        ]],

       ...,

       [[ 0.        ,  0.15657673,  0.29551666, ..., -0.05256595,
          0.1769749 ,  0.13649497],
        [-0.15657673,  0.        ,  0.14228806, ..., -0.20827785,
          0.02068683, -0.02029988],
        [-0.29551666, -0.14228806,  0.        , ..., -0.34532632,
         -0.12178126, -0.16235208],
        ...,
        [ 0.05256595,  0.20827785,  0.34532632, ...,  0.        ,
          0.22846644,  0.18838023],
        [-0.1769749 , -0.02068683,  0.12178126, ..., -0.22846644,
          0.        , -0.04097811],
        [-0.13649497,  0.02029988,  0.16235208, ..., -0.18838023,
          0.04097811,  0.        ]],

       [[ 0.        ,  0.13829323,  0.26317613, ..., -0.96151105,
         -0.93873727, -0.93451516],
        [-0.13829323,  0.        ,  0.12722927, ..., -0.99027052,
         -0.97737775, -0.97475749],
        [-0.26317613, -0.12722927,  0.        , ..., -0.9999276 ,
         -0.99634406, -0.99524197],
        ...,
        [ 0.96151105,  0.99027052,  0.9999276 , ...,  0.        ,
          0.07343571,  0.08545098],
        [ 0.93873727,  0.97737775,  0.99634406, ..., -0.07343571,
          0.        ,  0.01205314],
        [ 0.93451516,  0.97475749,  0.99524197, ..., -0.08545098,
         -0.01205314,  0.        ]],

       [[ 0.        , -0.04659173, -0.08735788, ..., -0.95856059,
         -0.93396125, -0.88745663],
        [ 0.04659173,  0.        , -0.04084941, ..., -0.94424615,
         -0.9162963 , -0.86501915],
        [ 0.08735788,  0.04084941,  0.        , ..., -0.93000873,
         -0.89917125, -0.84380139],
        ...,
        [ 0.95856059,  0.94424615,  0.93000873, ...,  0.        ,
          0.07648986,  0.18896578],
        [ 0.93396125,  0.9162963 ,  0.89917125, ..., -0.07648986,
          0.        ,  0.11330038],
        [ 0.88745663,  0.86501915,  0.84380139, ..., -0.18896578,
         -0.11330038,  0.        ]]]), 'num': array([ 9.99989120e-01,  9.08458675e-04,  5.74184288e-05,  1.93808082e-04,
        1.97706520e-04,  1.93251162e-04,  4.54261639e-03, -1.11383955e-06,
        1.92805626e-04,  1.84618905e-04,  2.05651909e-04,  7.71119689e-07,
        1.98474908e-04,  1.70762903e-04])}
{'img': array([[[ 0.        ,  0.04396751,  0.06697861, ..., -0.92592808,
         -0.92072812, -0.93097692],
        [-0.04396751,  0.        ,  0.02304507, ..., -0.9416392 ,
         -0.93699407, -0.9461282 ],
        [-0.06697861, -0.02304507,  0.        , ..., -0.94914664,
         -0.94479592, -0.95333875],
        ...,
        [ 0.92592808,  0.9416392 ,  0.94914664, ...,  0.        ,
          0.01354263, -0.01359383],
        [ 0.92072812,  0.93699407,  0.94479592, ..., -0.01354263,
          0.        , -0.02713396],
        [ 0.93097692,  0.9461282 ,  0.95333875, ...,  0.01359383,
          0.02713396,  0.        ]],

       [[ 0.        , -0.33664665, -0.58952938, ..., -0.58500837,
         -0.66554689, -0.63460919],
        [ 0.33664665,  0.        , -0.28319387, ..., -0.27783244,
         -0.37544136, -0.337396  ],
        [ 0.58952938,  0.28319387,  0.        , ...,  0.00558567,
         -0.09759465, -0.05699574],
        ...,
        [ 0.58500837,  0.27783244, -0.00558567, ...,  0.        ,
         -0.10315214, -0.06257145],
        [ 0.66554689,  0.37544136,  0.09759465, ...,  0.10315214,
          0.        ,  0.04071235],
        [ 0.63460919,  0.337396  ,  0.05699574, ...,  0.06257145,
         -0.04071235,  0.        ]],

       [[ 0.        ,  0.19599665,  0.34907713, ..., -0.90470271,
         -0.88392121, -0.85839129],
        [-0.19599665,  0.        ,  0.15863934, ..., -0.97065869,
         -0.95843223, -0.94228782],
        [-0.34907713, -0.15863934,  0.        , ..., -0.9965135 ,
         -0.99155824, -0.98346832],
        ...,
        [ 0.90470271,  0.97065869,  0.9965135 , ...,  0.        ,
          0.04648261,  0.09839646],
        [ 0.88392121,  0.95843223,  0.99155824, ..., -0.04648261,
          0.        ,  0.05203306],
        [ 0.85839129,  0.94228782,  0.98346832, ..., -0.09839646,
         -0.05203306,  0.        ]],

       ...,

       [[ 0.        ,  0.14228806,  0.04306507, ...,  0.02068683,
         -0.02029988, -0.05218443],
        [-0.14228806,  0.        , -0.09952916, ..., -0.12178126,
         -0.16235208, -0.19374766],
        [-0.04306507,  0.09952916,  0.        , ..., -0.02238822,
         -0.06333725, -0.09514241],
        ...,
        [-0.02068683,  0.12178126,  0.02238822, ...,  0.        ,
         -0.04097811, -0.0728319 ],
        [ 0.02029988,  0.16235208,  0.06333725, ...,  0.04097811,
          0.        , -0.03190145],
        [ 0.05218443,  0.19374766,  0.09514241, ...,  0.0728319 ,
          0.03190145,  0.        ]],

       [[ 0.        ,  0.12722927,  0.24014977, ..., -0.97737775,
         -0.97475749, -0.97285374],
        [-0.12722927,  0.        ,  0.11469214, ..., -0.99634406,
         -0.99524197, -0.99439119],
        [-0.24014977, -0.11469214,  0.        , ..., -0.99956757,
         -0.99984939, -0.99995966],
        ...,
        [ 0.97737775,  0.99634406,  0.99956757, ...,  0.        ,
          0.01205314,  0.02042588],
        [ 0.97475749,  0.99524197,  0.99984939, ..., -0.01205314,
          0.        ,  0.00837377],
        [ 0.97285374,  0.99439119,  0.99995966, ..., -0.02042588,
         -0.00837377,  0.        ]],

       [[ 0.        , -0.04084941, -0.07464094, ..., -0.9162963 ,
         -0.86501915, -0.81806267],
        [ 0.04084941,  0.        , -0.03384318, ..., -0.89917125,
         -0.84380139, -0.79388616],
        [ 0.07464094,  0.03384318,  0.        , ..., -0.8838465 ,
         -0.82515589, -0.77285248],
        ...,
        [ 0.9162963 ,  0.89917125,  0.8838465 , ...,  0.        ,
          0.11330038,  0.19935371],
        [ 0.86501915,  0.84380139,  0.82515589, ..., -0.11330038,
          0.        ,  0.08704385],
        [ 0.81806267,  0.79388616,  0.77285248, ..., -0.19935371,
         -0.08704385,  0.        ]]]), 'num': array([7.07105959e-01, 7.07105959e-01, 0.00000000e+00, 1.25804128e-04,
       1.27250152e-04, 1.25081115e-04, 1.48346926e-03, 0.00000000e+00,
       1.25514923e-04, 1.20526138e-04, 1.32998099e-04, 4.18586027e-07,
       1.29130895e-04, 1.11921382e-04])}
{'img': array([[[ 0.        ,  0.02304507, -0.02231597, ..., -0.93699407,
         -0.9461282 , -0.9461282 ],
        [-0.02304507,  0.        , -0.04534937, ..., -0.94479592,
         -0.95333875, -0.95333875],
        [ 0.02231597,  0.04534937,  0.        , ..., -0.92896475,
         -0.93866684, -0.93866684],
        ...,
        [ 0.93699407,  0.94479592,  0.92896475, ...,  0.        ,
         -0.02713396, -0.02713396],
        [ 0.9461282 ,  0.95333875,  0.93866684, ...,  0.02713396,
          0.        ,  0.        ],
        [ 0.9461282 ,  0.95333875,  0.93866684, ...,  0.02713396,
          0.        ,  0.        ]],

       [[ 0.        , -0.27304487, -0.18130923, ..., -0.36049734,
         -0.32455765, -0.8599043 ],
        [ 0.27304487,  0.        ,  0.09409974, ..., -0.09211351,
         -0.05396105, -0.68785185],
        [ 0.18130923, -0.09409974,  0.        , ..., -0.18540447,
         -0.14768425, -0.7531021 ],
        ...,
        [ 0.36049734,  0.09211351,  0.18540447, ...,  0.        ,
          0.03824768, -0.61806677],
        [ 0.32455765,  0.05396105,  0.14768425, ..., -0.03824768,
          0.        , -0.647682  ],
        [ 0.8599043 ,  0.68785185,  0.7531021 , ...,  0.61806677,
          0.647682  ,  0.        ]],

       [[ 0.        ,  0.15863934,  0.33977742, ..., -0.95843223,
         -0.94228782, -0.93678897],
        [-0.15863934,  0.        ,  0.18627345, ..., -0.99155824,
         -0.98346832, -0.98043313],
        [-0.33977742, -0.18627345,  0.        , ..., -0.99835653,
         -0.99998604, -0.99994191],
        ...,
        [ 0.95843223,  0.99155824,  0.99835653, ...,  0.        ,
          0.05203306,  0.06806565],
        [ 0.94228782,  0.98346832,  0.99998604, ..., -0.05203306,
          0.        ,  0.01606105],
        [ 0.93678897,  0.98043313,  0.99994191, ..., -0.06806565,
         -0.01606105,  0.        ]],

       ...,

       [[ 0.        , -0.09952916, -0.34845564, ..., -0.16235208,
         -0.19374766, -0.52315287],
        [ 0.09952916,  0.        , -0.25343424, ..., -0.06333725,
         -0.09514241, -0.43573261],
        [ 0.34845564,  0.25343424,  0.        , ...,  0.19165593,
          0.16024832, -0.19339697],
        ...,
        [ 0.16235208,  0.06333725, -0.19165593, ...,  0.        ,
         -0.03190145, -0.37784939],
        [ 0.19374766,  0.09514241, -0.16024832, ...,  0.03190145,
          0.        , -0.34812057],
        [ 0.52315287,  0.43573261,  0.19339697, ...,  0.37784939,
          0.34812057,  0.        ]],

       [[ 0.        ,  0.11469214,  0.21408989, ..., -0.99524197,
         -0.99439119, -0.99104145],
        [-0.11469214,  0.        ,  0.10064424, ..., -0.99984939,
         -0.99995966, -0.99981932],
        [-0.21408989, -0.10064424,  0.        , ..., -0.99302593,
         -0.99397835, -0.99665583],
        ...,
        [ 0.99524197,  0.99984939,  0.99302593, ...,  0.        ,
          0.00837377,  0.03635788],
        [ 0.99439119,  0.99995966,  0.99397835, ..., -0.00837377,
          0.        ,  0.02798838],
        [ 0.99104145,  0.99981932,  0.99665583, ..., -0.03635788,
         -0.02798838,  0.        ]],

       [[ 0.        , -0.03384318, -0.04228089, ..., -0.84380139,
         -0.79388616, -0.75896769],
        [ 0.03384318,  0.        , -0.00844375, ..., -0.82515589,
         -0.77285248, -0.73649667],
        [ 0.04228089,  0.00844375,  0.        , ..., -0.82035656,
         -0.76746665, -0.73075872],
        ...,
        [ 0.84380139,  0.82515589,  0.82035656, ...,  0.        ,
          0.08704385,  0.14211871],
        [ 0.79388616,  0.77285248,  0.76746665, ..., -0.08704385,
          0.        ,  0.05541897],
        [ 0.75896769,  0.73649667,  0.73075872, ..., -0.14211871,
         -0.05541897,  0.        ]]]), 'num': array([ 9.79766555e-01,  2.00125344e-01,  4.51965920e-05,  1.74027056e-04,
        1.77053614e-04,  1.74027056e-04,  2.66437945e-03, -1.51327875e-06,
        1.75540335e-04,  1.69008015e-04,  1.84846999e-04,  5.39214267e-07,
        1.80185240e-04,  1.57830790e-04])}
{'img': array([[[ 0.00000000e+00, -4.53493744e-02,  1.59760208e-01, ...,
         -9.53338746e-01, -9.53338746e-01, -9.64944105e-01],
        [ 4.53493744e-02,  0.00000000e+00,  2.04362745e-01, ...,
         -9.38666842e-01, -9.38666842e-01, -9.52049167e-01],
        [-1.59760208e-01, -2.04362745e-01,  0.00000000e+00, ...,
         -9.89325959e-01, -9.89325959e-01, -9.94480161e-01],
        ...,
        [ 9.53338746e-01,  9.38666842e-01,  9.89325959e-01, ...,
          0.00000000e+00,  0.00000000e+00, -4.11102524e-02],
        [ 9.53338746e-01,  9.38666842e-01,  9.89325959e-01, ...,
          0.00000000e+00,  0.00000000e+00, -4.11102524e-02],
        [ 9.64944105e-01,  9.52049167e-01,  9.94480161e-01, ...,
          4.11102524e-02,  4.11102524e-02,  0.00000000e+00]],

       [[ 0.00000000e+00,  9.40997449e-02,  4.86712415e-01, ...,
         -5.39610462e-02, -6.87851854e-01, -3.74873785e-01],
        [-9.40997449e-02,  0.00000000e+00,  4.02350776e-01, ...,
         -1.47684254e-01, -7.53102104e-01, -4.60447987e-01],
        [-4.86712415e-01, -4.02350776e-01,  0.00000000e+00, ...,
         -5.33141628e-01, -9.54162165e-01, -7.78694921e-01],
        ...,
        [ 5.39610462e-02,  1.47684254e-01,  5.33141628e-01, ...,
          0.00000000e+00, -6.47681997e-01, -3.24301627e-01],
        [ 6.87851854e-01,  7.53102104e-01,  9.54162165e-01, ...,
          6.47681997e-01,  0.00000000e+00,  3.65588296e-01],
        [ 3.74873785e-01,  4.60447987e-01,  7.78694921e-01, ...,
          3.24301627e-01, -3.65588296e-01,  0.00000000e+00]],

       [[ 0.00000000e+00,  1.86273447e-01,  3.02883888e-01, ...,
         -9.83468324e-01, -9.80433130e-01, -9.77836144e-01],
        [-1.86273447e-01,  0.00000000e+00,  1.20059085e-01, ...,
         -9.99986045e-01, -9.99941911e-01, -9.99722371e-01],
        [-3.02883888e-01, -1.20059085e-01,  0.00000000e+00, ...,
         -9.92118614e-01, -9.94003129e-01, -9.95319993e-01],
        ...,
        [ 9.83468324e-01,  9.99986045e-01,  9.92118614e-01, ...,
          0.00000000e+00,  1.60610523e-02,  2.88435465e-02],
        [ 9.80433130e-01,  9.99941911e-01,  9.94003129e-01, ...,
         -1.60610523e-02,  0.00000000e+00,  1.27854562e-02],
        [ 9.77836144e-01,  9.99722371e-01,  9.95319993e-01, ...,
         -2.88435465e-02, -1.27854562e-02,  0.00000000e+00]],

       ...,

       [[ 0.00000000e+00, -2.53434235e-01,  3.24066397e-01, ...,
         -9.51424088e-02, -4.35732614e-01, -5.45790984e-01],
        [ 2.53434235e-01,  0.00000000e+00,  5.53243967e-01, ...,
          1.60248316e-01, -1.93396972e-01, -3.15614379e-01],
        [-3.24066397e-01, -5.53243967e-01,  0.00000000e+00, ...,
         -4.12604311e-01, -7.03902453e-01, -7.87879168e-01],
        ...,
        [ 9.51424088e-02, -1.60248316e-01,  4.12604311e-01, ...,
          0.00000000e+00, -3.48120574e-01, -4.63593240e-01],
        [ 4.35732614e-01,  1.93396972e-01,  7.03902453e-01, ...,
          3.48120574e-01,  0.00000000e+00, -1.26143788e-01],
        [ 5.45790984e-01,  3.15614379e-01,  7.87879168e-01, ...,
          4.63593240e-01,  1.26143788e-01,  0.00000000e+00]],

       [[ 0.00000000e+00,  1.00644241e-01,  2.33321062e-01, ...,
         -9.99959660e-01, -9.99819319e-01, -9.99815651e-01],
        [-1.00644241e-01,  0.00000000e+00,  1.34269933e-01, ...,
         -9.93978346e-01, -9.96655827e-01, -9.96671497e-01],
        [-2.33321062e-01, -1.34269933e-01,  0.00000000e+00, ...,
         -9.70264815e-01, -9.76659183e-01, -9.76700403e-01],
        ...,
        [ 9.99959660e-01,  9.93978346e-01,  9.70264815e-01, ...,
          0.00000000e+00,  2.79883752e-02,  2.81802910e-02],
        [ 9.99819319e-01,  9.96655827e-01,  9.76659183e-01, ...,
         -2.79883752e-02,  0.00000000e+00,  1.91991570e-04],
        [ 9.99815651e-01,  9.96671497e-01,  9.76700403e-01, ...,
         -2.81802910e-02, -1.91991570e-04,  0.00000000e+00]],

       [[ 0.00000000e+00, -8.44374861e-03, -1.58305915e-02, ...,
         -7.72852485e-01, -7.36496670e-01, -6.95076753e-01],
        [ 8.44374861e-03,  0.00000000e+00, -7.38733665e-03, ...,
         -7.67466651e-01, -7.30758715e-01, -6.88981463e-01],
        [ 1.58305915e-02,  7.38733665e-03,  0.00000000e+00, ...,
         -7.62709770e-01, -7.25695914e-01, -6.83608477e-01],
        ...,
        [ 7.72852485e-01,  7.67466651e-01,  7.62709770e-01, ...,
          0.00000000e+00,  5.54189689e-02,  1.14545335e-01],
        [ 7.36496670e-01,  7.30758715e-01,  7.25695914e-01, ...,
         -5.54189689e-02,  0.00000000e+00,  5.93150981e-02],
        [ 6.95076753e-01,  6.88981463e-01,  6.83608477e-01, ...,
         -1.14545335e-01, -5.93150981e-02,  0.00000000e+00]]]), 'num': array([9.92218138e-01, 1.23768510e-01, 4.66908402e-05, 1.77960989e-04,
       1.78917769e-04, 1.67914805e-04, 1.35753618e-02, 1.29165234e-05,
       1.68680228e-04, 1.61552221e-04, 1.74819563e-04, 6.52861315e-07,
       1.74067760e-04, 1.49036682e-04])}
{'img': array([[[ 0.00000000e+00,  2.04362745e-01,  6.91761714e-02, ...,
         -9.38666842e-01, -9.52049167e-01, -7.84056379e-01],
        [-2.04362745e-01,  0.00000000e+00, -1.36156962e-01, ...,
         -9.89325959e-01, -9.94480161e-01, -8.94354881e-01],
        [-6.91761714e-02,  1.36156962e-01,  0.00000000e+00, ...,
         -9.60271928e-01, -9.70932603e-01, -8.25115071e-01],
        ...,
        [ 9.38666842e-01,  9.89325959e-01,  9.60271928e-01, ...,
          0.00000000e+00, -4.11102524e-02,  3.12258199e-01],
        [ 9.52049167e-01,  9.94480161e-01,  9.70932603e-01, ...,
          4.11102524e-02,  0.00000000e+00,  3.51048849e-01],
        [ 7.84056379e-01,  8.94354881e-01,  8.25115071e-01, ...,
         -3.12258199e-01, -3.51048849e-01,  0.00000000e+00]],

       [[ 0.00000000e+00,  4.02350776e-01, -1.95406167e-02, ...,
         -7.53102104e-01, -4.60447987e-01,  9.15994779e-01],
        [-4.02350776e-01,  0.00000000e+00, -4.20163105e-01, ...,
         -9.54162165e-01, -7.78694921e-01,  6.77160833e-01],
        [ 1.95406167e-02,  4.20163105e-01,  0.00000000e+00, ...,
         -7.40102466e-01, -4.43014126e-01,  9.23659387e-01],
        ...,
        [ 7.53102104e-01,  9.54162165e-01,  7.40102466e-01, ...,
          0.00000000e+00,  3.65588296e-01,  9.04773487e-01],
        [ 4.60447987e-01,  7.78694921e-01,  4.43014126e-01, ...,
         -3.65588296e-01,  0.00000000e+00,  9.97843582e-01],
        [-9.15994779e-01, -6.77160833e-01, -9.23659387e-01, ...,
         -9.04773487e-01, -9.97843582e-01,  0.00000000e+00]],

       [[ 0.00000000e+00,  1.20059085e-01,  1.84076217e-01, ...,
         -9.99941911e-01, -9.99722371e-01, -9.95383493e-01],
        [-1.20059085e-01,  0.00000000e+00,  6.47372356e-02, ...,
         -9.94003129e-01, -9.95319993e-01, -9.99706618e-01],
        [-1.84076217e-01, -6.47372356e-02,  0.00000000e+00, ...,
         -9.84838931e-01, -9.86976343e-01, -9.96041548e-01],
        ...,
        [ 9.99941911e-01,  9.94003129e-01,  9.84838931e-01, ...,
          0.00000000e+00,  1.27854562e-02,  8.52433470e-02],
        [ 9.99722371e-01,  9.95319993e-01,  9.86976343e-01, ...,
         -1.27854562e-02,  0.00000000e+00,  7.24974602e-02],
        [ 9.95383493e-01,  9.99706618e-01,  9.96041548e-01, ...,
         -8.52433470e-02, -7.24974602e-02,  0.00000000e+00]],

       ...,

       [[ 0.00000000e+00,  5.53243967e-01,  8.75551401e-01, ...,
         -1.93396972e-01, -3.15614379e-01,  1.26183875e-01],
        [-5.53243967e-01,  0.00000000e+00,  4.62065214e-01, ...,
         -7.03902453e-01, -7.87879168e-01, -4.43708216e-01],
        [-8.75551401e-01, -4.62065214e-01,  0.00000000e+00, ...,
         -9.52456415e-01, -9.83281005e-01, -8.07590423e-01],
        ...,
        [ 1.93396972e-01,  7.03902453e-01,  9.52456415e-01, ...,
          0.00000000e+00, -1.26143788e-01,  3.15652723e-01],
        [ 3.15614379e-01,  7.87879168e-01,  9.83281005e-01, ...,
          1.26143788e-01,  0.00000000e+00,  4.32825938e-01],
        [-1.26183875e-01,  4.43708216e-01,  8.07590423e-01, ...,
         -3.15652723e-01, -4.32825938e-01,  0.00000000e+00]],

       [[ 0.00000000e+00,  1.34269933e-01,  2.38277596e-01, ...,
         -9.96655827e-01, -9.96671497e-01, -9.93804389e-01],
        [-1.34269933e-01,  0.00000000e+00,  1.05717375e-01, ...,
         -9.76659183e-01, -9.76700403e-01, -9.99728491e-01],
        [-2.38277596e-01, -1.05717375e-01,  0.00000000e+00, ...,
         -9.48478646e-01, -9.48539459e-01, -9.91662892e-01],
        ...,
        [ 9.96655827e-01,  9.76659183e-01,  9.48478646e-01, ...,
          0.00000000e+00,  1.91991570e-04,  1.91979268e-01],
        [ 9.96671497e-01,  9.76700403e-01,  9.48539459e-01, ...,
         -1.91991570e-04,  0.00000000e+00,  1.91790844e-01],
        [ 9.93804389e-01,  9.99728491e-01,  9.91662892e-01, ...,
         -1.91979268e-01, -1.91790844e-01,  0.00000000e+00]],

       [[ 0.00000000e+00, -7.38733665e-03,  5.49379996e-04, ...,
         -7.30758715e-01, -6.88981463e-01, -7.06286770e-01],
        [ 7.38733665e-03,  0.00000000e+00,  7.93670054e-03, ...,
         -7.25695914e-01, -6.83608477e-01, -7.01037811e-01],
        [-5.49379996e-04, -7.93670054e-03,  0.00000000e+00, ...,
         -7.31133631e-01, -6.89379538e-01, -7.06675583e-01],
        ...,
        [ 7.30758715e-01,  7.25695914e-01,  7.31133631e-01, ...,
          0.00000000e+00,  5.93150981e-02,  3.51863118e-02],
        [ 6.88981463e-01,  6.83608477e-01,  6.89379538e-01, ...,
         -5.93150981e-02,  0.00000000e+00, -2.41540088e-02],
        [ 7.06286770e-01,  7.01037811e-01,  7.06675583e-01, ...,
         -3.51863118e-02,  2.41540088e-02,  0.00000000e+00]]]), 'num': array([9.99079069e-01, 4.09407107e-02, 5.08296211e-05, 1.79292358e-04,
       1.85474853e-04, 1.74536592e-04, 1.28309696e-02, 2.37788273e-06,
       1.70256403e-04, 1.62076487e-04, 1.73363503e-04, 7.13364818e-07,
       1.75956805e-04, 1.48196168e-04])}
{'img': array([[[ 0.        , -0.13615696, -0.32208046, ..., -0.99448016,
         -0.89435488, -0.8631503 ],
        [ 0.13615696,  0.        , -0.19017954, ..., -0.9709326 ,
         -0.82511507, -0.78635996],
        [ 0.32208046,  0.19017954,  0.        , ..., -0.90769238,
         -0.70261144, -0.65452141],
        ...,
        [ 0.99448016,  0.9709326 ,  0.90769238, ...,  0.        ,
          0.35104885,  0.41159401],
        [ 0.89435488,  0.82511507,  0.70261144, ..., -0.35104885,
          0.        ,  0.06546454],
        [ 0.8631503 ,  0.78635996,  0.65452141, ..., -0.41159401,
         -0.06546454,  0.        ]],

       [[ 0.        , -0.42016311, -0.28212603, ..., -0.77869492,
          0.67716083,  0.60909354],
        [ 0.42016311,  0.        ,  0.14708009, ..., -0.44301413,
          0.92365939,  0.88595176],
        [ 0.28212603, -0.14708009,  0.        , ..., -0.57005562,
          0.85725099,  0.80810425],
        ...,
        [ 0.77869492,  0.44301413,  0.57005562, ...,  0.        ,
          0.99784358,  0.99972866],
        [-0.67716083, -0.92365939, -0.85725099, ..., -0.99784358,
          0.        , -0.0888628 ],
        [-0.60909354, -0.88595176, -0.80810425, ..., -0.99972866,
          0.0888628 ,  0.        ]],

       [[ 0.        ,  0.06473724, -0.03827216, ..., -0.99531999,
         -0.99970662, -0.99824017],
        [-0.06473724,  0.        , -0.10288169, ..., -0.98697634,
         -0.99604155, -0.99998516],
        [ 0.03827216,  0.10288169,  0.        , ..., -0.99828916,
         -0.99990119, -0.99523925],
        ...,
        [ 0.99531999,  0.98697634,  0.99828916, ...,  0.        ,
          0.07249746,  0.15548689],
        [ 0.99970662,  0.99604155,  0.99990119, ..., -0.07249746,
          0.        ,  0.083462  ],
        [ 0.99824017,  0.99998516,  0.99523925, ..., -0.15548689,
         -0.083462  ,  0.        ]],

       ...,

       [[ 0.        ,  0.46206521, -0.23723763, ..., -0.78787917,
         -0.44370822, -0.20043764],
        [-0.46206521,  0.        , -0.65926725, ..., -0.983281  ,
         -0.80759042, -0.63044559],
        [ 0.23723763,  0.65926725,  0.        , ..., -0.6192885 ,
         -0.21843552,  0.03770776],
        ...,
        [ 0.78787917,  0.983281  ,  0.6192885 , ...,  0.        ,
          0.43282594,  0.64845483],
        [ 0.44370822,  0.80759042,  0.21843552, ..., -0.43282594,
          0.        ,  0.25507734],
        [ 0.20043764,  0.63044559, -0.03770776, ..., -0.64845483,
         -0.25507734,  0.        ]],

       [[ 0.        ,  0.10571737,  0.15836403, ..., -0.9767004 ,
         -0.99972849, -0.992307  ],
        [-0.10571737,  0.        ,  0.05309328, ..., -0.94853946,
         -0.99166289, -0.9998343 ],
        [-0.15836403, -0.05309328,  0.        , ..., -0.93038913,
         -0.98342265, -0.99939058],
        ...,
        [ 0.9767004 ,  0.94853946,  0.93038913, ...,  0.        ,
          0.19179084,  0.33387341],
        [ 0.99972849,  0.99166289,  0.98342265, ..., -0.19179084,
          0.        ,  0.14688984],
        [ 0.992307  ,  0.9998343 ,  0.99939058, ..., -0.33387341,
         -0.14688984,  0.        ]],

       [[ 0.        ,  0.0079367 ,  0.04901629, ..., -0.68360848,
         -0.70103781, -0.70007043],
        [-0.0079367 ,  0.        ,  0.04108758, ..., -0.68937954,
         -0.70667558, -0.70571577],
        [-0.04901629, -0.04108758,  0.        , ..., -0.71856125,
         -0.73514984, -0.73423018],
        ...,
        [ 0.68360848,  0.68937954,  0.71856125, ...,  0.        ,
         -0.02415401, -0.02279875],
        [ 0.70103781,  0.70667558,  0.73514984, ...,  0.02415401,
          0.        ,  0.00135563],
        [ 0.70007043,  0.70571577,  0.73423018, ...,  0.02279875,
         -0.00135563,  0.        ]]]), 'num': array([9.70483617e-01, 2.40704735e-01, 3.65803942e-05, 1.76744700e-04,
       1.79402515e-04, 1.70986100e-04, 1.49185550e-02, 9.74532178e-06,
       1.63101249e-04, 1.52735770e-04, 1.61181716e-04, 7.38281953e-07,
       1.69133051e-04, 1.36338490e-04])}
{'img': array([[[ 0.        , -0.19017954,  0.24051674, ..., -0.82511507,
         -0.78635996, -0.570579  ],
        [ 0.19017954,  0.        ,  0.42072397, ..., -0.70261144,
         -0.65452141, -0.40398199],
        [-0.24051674, -0.42072397,  0.        , ..., -0.93677728,
         -0.91186004, -0.75135227],
        ...,
        [ 0.82511507,  0.70261144,  0.93677728, ...,  0.        ,
          0.06546454,  0.35526275],
        [ 0.78635996,  0.65452141,  0.91186004, ..., -0.06546454,
          0.        ,  0.29330661],
        [ 0.570579  ,  0.40398199,  0.75135227, ..., -0.35526275,
         -0.29330661,  0.        ]],

       [[ 0.        ,  0.14708009,  0.5142601 , ...,  0.92365939,
          0.88595176,  0.9999914 ],
        [-0.14708009,  0.        ,  0.38252638, ...,  0.85725099,
          0.80810425,  0.98850609],
        [-0.5142601 , -0.38252638,  0.        , ...,  0.59509004,
          0.52132039,  0.85549411],
        ...,
        [-0.92365939, -0.85725099, -0.59509004, ...,  0.        ,
         -0.0888628 ,  0.37938049],
        [-0.88595176, -0.80810425, -0.52132039, ...,  0.0888628 ,
          0.        ,  0.4600991 ],
        [-0.9999914 , -0.98850609, -0.85549411, ..., -0.37938049,
         -0.4600991 ,  0.        ]],

       [[ 0.        , -0.10288169,  0.04568952, ..., -0.99604155,
         -0.99998516, -0.98880142],
        [ 0.10288169,  0.        ,  0.14822132, ..., -0.99990119,
         -0.99523925, -0.96820066],
        [-0.04568952, -0.14822132,  0.        , ..., -0.99094008,
         -0.99869199, -0.99458738],
        ...,
        [ 0.99604155,  0.99990119,  0.99094008, ...,  0.        ,
          0.083462  ,  0.23653997],
        [ 0.99998516,  0.99523925,  0.99869199, ..., -0.083462  ,
          0.        ,  0.15462118],
        [ 0.98880142,  0.96820066,  0.99458738, ..., -0.23653997,
         -0.15462118,  0.        ]],

       ...,

       [[ 0.        , -0.57987722, -0.36320002, ..., -0.74247841,
         -0.54913591,  0.10891887],
        [ 0.57987722,  0.        ,  0.24437764, ..., -0.21645769,
          0.03723941,  0.66516395],
        [ 0.36320002, -0.24437764,  0.        , ..., -0.44847865,
         -0.20809781,  0.46252014],
        ...,
        [ 0.74247841,  0.21645769,  0.44847865, ...,  0.        ,
          0.25266408,  0.81102262],
        [ 0.54913591, -0.03723941,  0.20809781, ..., -0.25266408,
          0.        ,  0.63689601],
        [-0.10891887, -0.66516395, -0.46252014, ..., -0.81102262,
         -0.63689601,  0.        ]],

       [[ 0.        ,  0.05309328,  0.17493231, ..., -0.99166289,
         -0.9998343 , -0.96531208],
        [-0.05309328,  0.        ,  0.12241097, ..., -0.98342265,
         -0.99939058, -0.97781316],
        [-0.17493231, -0.12241097,  0.        , ..., -0.95383026,
         -0.98760173, -0.99610203],
        ...,
        [ 0.99166289,  0.98342265,  0.95383026, ...,  0.        ,
          0.14688984,  0.3833114 ],
        [ 0.9998343 ,  0.99939058,  0.98760173, ..., -0.14688984,
          0.        ,  0.24348329],
        [ 0.96531208,  0.97781316,  0.99610203, ..., -0.3833114 ,
         -0.24348329,  0.        ]],

       [[ 0.        ,  0.04108758,  0.08770866, ..., -0.70667558,
         -0.70571577, -0.75361411],
        [-0.04108758,  0.        ,  0.04670536, ..., -0.73514984,
         -0.73423018, -0.77998529],
        [-0.08770866, -0.04670536,  0.        , ..., -0.76600936,
         -0.76513722, -0.80836221],
        ...,
        [ 0.70667558,  0.73514984,  0.76600936, ...,  0.        ,
          0.00135563, -0.06870045],
        [ 0.70571577,  0.73423018,  0.76513722, ..., -0.00135563,
          0.        , -0.07005282],
        [ 0.75361411,  0.77998529,  0.80836221, ...,  0.06870045,
          0.07005282,  0.        ]]]), 'num': array([ 9.70452790e-01,  2.41151570e-01,  3.66483007e-05,  1.76629010e-04,
        1.81066925e-04,  1.71303513e-04,  8.19035822e-03, -4.43791483e-07,
        1.67841939e-04,  1.54794469e-04,  1.61214653e-04,  7.69842369e-07,
        1.73245951e-04,  1.36342988e-04])}
{'img': array([[[ 0.        ,  0.42072397,  0.16669666, ..., -0.65452141,
         -0.40398199, -0.41686364],
        [-0.42072397,  0.        , -0.26361197, ..., -0.91186004,
         -0.75135227, -0.76059904],
        [-0.16669666,  0.26361197,  0.        , ..., -0.77139341,
         -0.55081815, -0.56255308],
        ...,
        [ 0.65452141,  0.91186004,  0.77139341, ...,  0.        ,
          0.29330661,  0.27977267],
        [ 0.40398199,  0.75135227,  0.55081815, ..., -0.29330661,
          0.        , -0.01412596],
        [ 0.41686364,  0.76059904,  0.56255308, ..., -0.27977267,
          0.01412596,  0.        ]],

       [[ 0.        ,  0.38252638,  0.00605874, ...,  0.80810425,
          0.98850609,  0.41902343],
        [-0.38252638,  0.        , -0.37692141, ...,  0.52132039,
          0.85549411,  0.03982987],
        [-0.00605874,  0.37692141,  0.        , ...,  0.80452058,
          0.98757198,  0.41351455],
        ...,
        [-0.80810425, -0.52132039, -0.80452058, ...,  0.        ,
          0.4600991 , -0.48691745],
        [-0.98850609, -0.85549411, -0.98757198, ..., -0.4600991 ,
          0.        , -0.83419085],
        [-0.41902343, -0.03982987, -0.41351455, ...,  0.48691745,
          0.83419085,  0.        ]],

       [[ 0.        ,  0.14822132,  0.25603819, ..., -0.99523925,
         -0.96820066, -0.91914419],
        [-0.14822132,  0.        ,  0.10992944, ..., -0.99869199,
         -0.99458738, -0.96737905],
        [-0.25603819, -0.10992944,  0.        , ..., -0.98701859,
         -0.99998163, -0.98936494],
        ...,
        [ 0.99523925,  0.99869199,  0.98701859, ...,  0.        ,
          0.15462118,  0.30246434],
        [ 0.96820066,  0.99458738,  0.99998163, ..., -0.15462118,
          0.        ,  0.15144803],
        [ 0.91914419,  0.96737905,  0.98936494, ..., -0.30246434,
         -0.15144803,  0.        ]],

       ...,

       [[ 0.        ,  0.19747708, -0.06503445, ...,  0.03161038,
          0.40089004,  0.74353745],
        [-0.19747708,  0.        , -0.26081279, ..., -0.16639051,
          0.21208159,  0.59684354],
        [ 0.06503445,  0.26081279,  0.        , ...,  0.09654541,
          0.45962113,  0.78545156],
        ...,
        [-0.03161038,  0.16639051, -0.09654541, ...,  0.        ,
          0.37173061,  0.7220282 ],
        [-0.40089004, -0.21208159, -0.45962113, ..., -0.37173061,
          0.        ,  0.41310123],
        [-0.74353745, -0.59684354, -0.78545156, ..., -0.7220282 ,
         -0.41310123,  0.        ]],

       [[ 0.        ,  0.12241097,  0.20939829, ..., -0.99939058,
         -0.97781316, -0.9314852 ],
        [-0.12241097,  0.        ,  0.08812634, ..., -0.98760173,
         -0.99610203, -0.96901053],
        [-0.20939829, -0.08812634,  0.        , ..., -0.96992517,
         -1.        , -0.98700932],
        ...,
        [ 0.99939058,  0.98760173,  0.96992517, ...,  0.        ,
          0.24348329,  0.39607237],
        [ 0.97781316,  0.99610203,  1.        , ..., -0.24348329,
          0.        ,  0.16058156],
        [ 0.9314852 ,  0.96901053,  0.98700932, ..., -0.39607237,
         -0.16058156,  0.        ]],

       [[ 0.        ,  0.04670536,  0.08562913, ..., -0.73423018,
         -0.77998529, -0.78651536],
        [-0.04670536,  0.        ,  0.03900188, ..., -0.76513722,
         -0.80836221, -0.81450091],
        [-0.08562913, -0.03900188,  0.        , ..., -0.78966708,
         -0.83070699, -0.8365086 ],
        ...,
        [ 0.73423018,  0.76513722,  0.78966708, ...,  0.        ,
         -0.07005282, -0.08052671],
        [ 0.77998529,  0.80836221,  0.83070699, ...,  0.07005282,
          0.        , -0.01050356],
        [ 0.78651536,  0.81450091,  0.8365086 , ...,  0.08052671,
          0.01050356,  0.        ]]]), 'num': array([9.90483748e-01, 1.37496248e-01, 4.21228395e-05, 1.80717691e-04,
       1.82502557e-04, 1.74916876e-04, 6.04128084e-03, 3.12351564e-06,
       1.74113686e-04, 1.57112837e-04, 1.61946849e-04, 7.89459997e-07,
       1.78501275e-04, 1.35724398e-04])}
{'img': array([[[ 0.        , -0.26361197, -0.24051674, ..., -0.75135227,
         -0.76059904, -0.69140008],
        [ 0.26361197,  0.        ,  0.02386426, ..., -0.55081815,
         -0.56255308, -0.47649214],
        [ 0.24051674, -0.02386426,  0.        , ..., -0.570579  ,
         -0.58212291, -0.49733739],
        ...,
        [ 0.75135227,  0.55081815,  0.570579  , ...,  0.        ,
         -0.01412596,  0.08657522],
        [ 0.76059904,  0.56255308,  0.58212291, ...,  0.01412596,
          0.        ,  0.1006395 ],
        [ 0.69140008,  0.47649214,  0.49733739, ..., -0.08657522,
         -0.1006395 ,  0.        ]],

       [[ 0.        , -0.37692141, -0.34266603, ...,  0.85549411,
          0.03982987, -0.2615022 ],
        [ 0.37692141,  0.        ,  0.03670879, ...,  0.98757198,
          0.41351455,  0.12159047],
        [ 0.34266603, -0.03670879,  0.        , ...,  0.98113694,
          0.37981258,  0.08507209],
        ...,
        [-0.85549411, -0.98757198, -0.98113694, ...,  0.        ,
         -0.83419085, -0.9611345 ],
        [-0.03982987, -0.41351455, -0.37981258, ...,  0.83419085,
          0.        , -0.2997386 ],
        [ 0.2615022 , -0.12159047, -0.08507209, ...,  0.9611345 ,
          0.2997386 ,  0.        ]],

       [[ 0.        ,  0.10992944, -0.06410217, ..., -0.99458738,
         -0.96737905, -0.90322617],
        [-0.10992944,  0.        , -0.17341702, ..., -0.99998163,
         -0.98936494, -0.94492992],
        [ 0.06410217,  0.17341702,  0.        , ..., -0.98588141,
         -0.94915026, -0.87385814],
        ...,
        [ 0.99458738,  0.99998163,  0.98588141, ...,  0.        ,
          0.15144803,  0.33299356],
        [ 0.96737905,  0.98936494,  0.94915026, ..., -0.15144803,
          0.        ,  0.18634781],
        [ 0.90322617,  0.94492992,  0.87385814, ..., -0.33299356,
         -0.18634781,  0.        ]],

       ...,

       [[ 0.        , -0.24212756, -0.12026188, ...,  0.18375307,
          0.39390998,  0.64710595],
        [ 0.24212756,  0.        ,  0.12368683, ...,  0.41629011,
          0.60474027,  0.81244901],
        [ 0.12026188, -0.12368683,  0.        , ...,  0.30063354,
          0.50158966,  0.73409705],
        ...,
        [-0.18375307, -0.41629011, -0.30063354, ...,  0.        ,
          0.2183062 ,  0.49599396],
        [-0.39390998, -0.60474027, -0.50158966, ..., -0.2183062 ,
          0.        ,  0.2944698 ],
        [-0.64710595, -0.81244901, -0.73409705, ..., -0.49599396,
         -0.2944698 ,  0.        ]],

       [[ 0.        ,  0.08812634,  0.20379358, ..., -0.99610203,
         -0.96901053, -0.91157948],
        [-0.08812634,  0.        ,  0.11672378, ..., -1.        ,
         -0.98700932, -0.94426364],
        [-0.20379358, -0.11672378,  0.        , ..., -0.99317404,
         -0.99901573, -0.97623337],
        ...,
        [ 0.99610203,  1.        ,  0.99317404, ...,  0.        ,
          0.16058156,  0.32911228],
        [ 0.96901053,  0.98700932,  0.99901573, ..., -0.16058156,
          0.        ,  0.17320557],
