state_0,state_1,state_2,state_3,state_4,state_5,state_6,state_7,state_8,state_9,state_10,state_11,state_12,state_13,state_14,state_15,state_16,state_17,state_18,state_19,state_20,state_21,state_22,state_23,state_24,state_25,state_26,state_27,state_28,state_29,state_30,state_31,state_32,state_33,state_34,state_35,state_36,state_37,state_38,state_39,state_40,state_41,state_42,state_43,state_44,state_45,state_46,state_47,state_48,state_49,state_50,state_51,state_52,state_53,state_54,state_55,state_56,state_57,state_58,state_59,state_60,state_61,state_62,state_63,state_64,state_65,state_66,state_67,state_68,state_69,state_70,state_71,state_72,state_73,state_74,state_75,state_76,state_77,state_78,state_79,state_80,state_81,state_82,state_83,state_84,state_85,state_86,state_87,state_88,state_89,state_90,state_91,state_92,state_93,state_94,state_95,state_96,state_97,state_98,state_99,state_100,state_101,state_102,state_103,state_104,state_105,state_106,state_107,state_108,state_109,state_110,state_111,state_112,state_113,state_114,state_115,state_116,state_117,state_118,state_119,state_120,state_121,state_122,state_123,state_124,state_125,state_126,state_127,state_128,state_129,state_130,state_131,state_132,state_133,state_134,state_135,state_136,state_137,state_138,state_139,state_140,state_141,state_142,state_143,state_144,state_145,state_146,state_147,state_148,state_149,state_150,state_151,state_152,state_153,state_154,state_155,state_156,state_157,state_158,state_159,state_160,state_161,state_162,state_163,state_164,state_165,state_166,state_167,state_168,state_169,state_170,state_171,state_172,state_173,state_174,state_175,state_176,state_177,state_178,state_179,state_180,state_181,state_182,state_183,state_184,state_185,state_186,state_187,state_188,state_189,state_190,state_191,state_192,state_193,state_194,state_195,state_196,state_197,state_198,state_199,state_200,state_201,state_202,state_203,state_204,state_205,state_206,state_207,state_208,state_209,state_210,state_211,state_212,state_213,state_214,state_215,state_216,state_217,state_218,state_219,state_220,state_221,state_222,state_223,state_224,state_225,state_226,state_227,state_228,state_229,state_230,state_231,state_232,state_233,state_234,state_235,state_236,state_237,state_238,state_239,state_240,state_241,state_242,state_243,state_244,state_245,state_246,state_247,state_248,state_249,state_250,state_251,state_252,state_253,state_254,state_255,state_256,state_257,state_258,state_259,state_260,state_261,state_262,state_263,state_264,state_265,state_266,state_267,state_268,state_269,state_270,state_271,state_272,state_273,state_274,state_275,state_276,state_277,state_278,state_279,state_280,state_281,state_282,state_283,state_284,state_285,state_286,state_287
{'img': array([[[ 0.        ,  0.318981  ,  0.34967182, ..., -0.72164561,
         -0.998614  , -0.91700167],
        [-0.318981  ,  0.        ,  0.03256091, ..., -0.90476628,
         -0.92965904, -0.99633473],
        [-0.34967182, -0.03256091,  0.        , ..., -0.9181545 ,
         -0.91716997, -0.99859169],
        ...,
        [ 0.72164561,  0.90476628,  0.9181545 , ...,  0.        ,
         -0.72928455, -0.34695361],
        [ 0.998614  ,  0.92965904,  0.91716997, ...,  0.72928455,
          0.        ,  0.44659376],
        [ 0.91700167,  0.99633473,  0.99859169, ...,  0.34695361,
         -0.44659376,  0.        ]],

       [[ 0.        ,  0.77397447, -0.20987812, ..., -0.58385061,
         -0.2045414 , -0.66060811],
        [-0.77397447,  0.        , -0.88963451, ..., -0.99806379,
         -0.88713008, -0.99935473],
        [ 0.20987812,  0.88963451,  0.        , ..., -0.40045495,
          0.0054551 , -0.48833276],
        ...,
        [ 0.58385061,  0.99806379,  0.40045495, ...,  0.        ,
          0.40544759, -0.09800732],
        [ 0.2045414 ,  0.88713008, -0.0054551 , ..., -0.40544759,
          0.        , -0.49308592],
        [ 0.66060811,  0.99935473,  0.48833276, ...,  0.09800732,
          0.49308592,  0.        ]],

       [[ 0.        ,  0.27603911,  0.43038572, ..., -0.63627665,
         -0.7932105 , -0.9708974 ],
        [-0.27603911,  0.        ,  0.16449835, ..., -0.82450841,
         -0.93048475, -0.99928475],
        [-0.43038572, -0.16449835,  0.        , ..., -0.90635777,
         -0.97806987, -0.97945133],
        ...,
        [ 0.63627665,  0.82450841,  0.90635777, ...,  0.        ,
         -0.22447183, -0.59662386],
        [ 0.7932105 ,  0.93048475,  0.97806987, ...,  0.22447183,
          0.        , -0.401255  ],
        [ 0.9708974 ,  0.99928475,  0.97945133, ...,  0.59662386,
          0.401255  ,  0.        ]],

       ...,

       [[ 0.        ,  0.13656373,  0.12993113, ..., -0.74472691,
         -0.95643411, -0.99991336],
        [-0.13656373,  0.        , -0.00669225, ..., -0.82888823,
         -0.90760401, -0.9887478 ],
        [-0.12993113,  0.00669225,  0.        , ..., -0.82512593,
         -0.91039328, -0.98972677],
        ...,
        [ 0.74472691,  0.82888823,  0.82512593, ...,  0.        ,
         -0.85571652, -0.67711471],
        [ 0.95643411,  0.90760401,  0.91039328, ...,  0.85571652,
          0.        ,  0.27933295],
        [ 0.99991336,  0.9887478 ,  0.98972677, ...,  0.67711471,
         -0.27933295,  0.        ]],

       [[ 0.        ,  0.72532103,  0.91467385, ...,  0.48007157,
          0.51538653,  0.50735313],
        [-0.72532103,  0.        ,  0.33650186, ..., -0.30578643,
         -0.26677189, -0.2757695 ],
        [-0.91467385, -0.33650186,  0.        , ..., -0.60833728,
         -0.57552143, -0.58314099],
        ...,
        [-0.48007157,  0.30578643,  0.60833728, ...,  0.        ,
          0.04071109,  0.03136901],
        [-0.51538653,  0.26677189,  0.57552143, ..., -0.04071109,
          0.        , -0.00934805],
        [-0.50735313,  0.2757695 ,  0.58314099, ..., -0.03136901,
          0.00934805,  0.        ]],

       [[ 0.        ,  0.08258895,  0.10949349, ...,  0.90473735,
          0.9554688 ,  0.97696572],
        [-0.08258895,  0.        ,  0.02702704, ...,  0.93682689,
          0.97657598,  0.99125228],
        [-0.10949349, -0.02702704,  0.        , ...,  0.94593855,
          0.98203473,  0.99445723],
        ...,
        [-0.90473735, -0.93682689, -0.94593855, ...,  0.        ,
         -0.14002005, -0.22309035],
        [-0.9554688 , -0.97657598, -0.98203473, ...,  0.14002005,
          0.        , -0.08440138],
        [-0.97696572, -0.99125228, -0.99445723, ...,  0.22309035,
          0.08440138,  0.        ]]]), 'num': array([9.94252525e-01, 1.06895387e-01, 3.45275151e-05, 1.75159324e-04,
       1.76522432e-04, 1.72433109e-04, 5.91863357e-03, 0.00000000e+00,
       1.76863209e-04, 1.83968407e-04, 1.89687779e-04, 2.63055849e-07,
       1.98232719e-04, 1.69704095e-04])}
{'img': array([[[ 0.        ,  0.03256091,  0.09899912, ..., -0.92965904,
         -0.99633473, -0.99633473],
        [-0.03256091,  0.        ,  0.06654567, ..., -0.91716997,
         -0.99859169, -0.99859169],
        [-0.09899912, -0.06654567,  0.        , ..., -0.88861875,
         -0.99990865, -0.99990865],
        ...,
        [ 0.92965904,  0.91716997,  0.88861875, ...,  0.        ,
          0.44659376,  0.44659376],
        [ 0.99633473,  0.99859169,  0.99990865, ..., -0.44659376,
          0.        ,  0.        ],
        [ 0.99633473,  0.99859169,  0.99990865, ..., -0.44659376,
          0.        ,  0.        ]],

       [[ 0.        , -0.88213013, -0.77824304, ..., -0.87963406,
         -0.99963912, -0.96508889],
        [ 0.88213013,  0.        ,  0.1873883 , ...,  0.00527342,
         -0.4471391 , -0.68561223],
        [ 0.77824304, -0.1873883 ,  0.        , ..., -0.18220569,
         -0.60683061, -0.80987973],
        ...,
        [ 0.87963406, -0.00527342,  0.18220569, ...,  0.        ,
         -0.45184977, -0.68944157],
        [ 0.99963912,  0.4471391 ,  0.60683061, ...,  0.45184977,
          0.        , -0.28775327],
        [ 0.96508889,  0.68561223,  0.80987973, ...,  0.68944157,
          0.28775327,  0.        ]],

       [[ 0.        ,  0.15760686,  0.39211278, ..., -0.86868132,
         -0.93671777, -0.99646575],
        [-0.15760686,  0.        ,  0.24222688, ..., -0.93589841,
         -0.98018648, -0.97077289],
        [-0.39211278, -0.24222688,  0.        , ..., -0.99335628,
         -0.99897572, -0.88372847],
        ...,
        [ 0.86868132,  0.93589841,  0.99335628, ...,  0.        ,
         -0.15991044, -0.5665898 ],
        [ 0.93671777,  0.98018648,  0.99897572, ...,  0.15991044,
          0.        , -0.42753245],
        [ 0.99646575,  0.97077289,  0.88372847, ...,  0.5665898 ,
          0.42753245,  0.        ]],

       ...,

       [[ 0.        , -0.00669225,  0.60054297, ..., -0.90760401,
         -0.9887478 , -0.97609826],
        [ 0.00669225,  0.        ,  0.60588059, ..., -0.91039328,
         -0.98972677, -0.97462197],
        [-0.60054297, -0.60588059,  0.        , ..., -0.47358902,
         -0.70075885, -0.91099665],
        ...,
        [ 0.90760401,  0.91039328,  0.47358902, ...,  0.        ,
          0.27933295,  0.60704199],
        [ 0.9887478 ,  0.98972677,  0.70075885, ..., -0.27933295,
          0.        ,  0.36090081],
        [ 0.97609826,  0.97462197,  0.91099665, ..., -0.60704199,
         -0.36090081,  0.        ]],

       [[ 0.        ,  0.3509404 ,  0.58691017, ..., -0.29252655,
         -0.30288511, -0.27318283],
        [-0.3509404 ,  0.        ,  0.26544177, ..., -0.60951057,
         -0.61807665, -0.59339918],
        [-0.58691017, -0.26544177,  0.        , ..., -0.79808192,
         -0.80457283, -0.7857684 ],
        ...,
        [ 0.29252655,  0.60951057,  0.79808192, ...,  0.        ,
         -0.0108504 ,  0.02016636],
        [ 0.30288511,  0.61807665,  0.80457283, ...,  0.0108504 ,
          0.        ,  0.03101337],
        [ 0.27318283,  0.59339918,  0.7857684 , ..., -0.02016636,
         -0.03101337,  0.        ]],

       [[ 0.        ,  0.07207281,  0.30998115, ...,  0.95584048,
          0.97725874,  0.9882171 ],
        [-0.07207281,  0.        ,  0.24065231, ...,  0.97453589,
          0.99000032,  0.99667848],
        [-0.30998115, -0.24065231,  0.        , ...,  0.99985748,
          0.99485323,  0.98698551],
        ...,
        [-0.95584048, -0.97453589, -0.99985748, ...,  0.        ,
         -0.08451632, -0.14412345],
        [-0.97725874, -0.99000032, -0.99485323, ...,  0.08451632,
          0.        , -0.05997385],
        [-0.9882171 , -0.99667848, -0.98698551, ...,  0.14412345,
          0.05997385,  0.        ]]]), 'num': array([9.82961732e-01, 1.71483853e-01, 3.14526310e-05, 2.03888914e-03,
       2.06654849e-03, 2.02308380e-03, 6.59116751e-02, 7.90267110e-06,
       2.03809888e-03, 2.13115283e-03, 2.19404492e-03, 2.58356555e-06,
       2.30002378e-03, 1.96228188e-03])}
{'img': array([[[ 0.        ,  0.06654567, -0.09635234, ..., -0.99859169,
         -0.99859169, -0.99322815],
        [-0.06654567,  0.        , -0.16237482, ..., -0.99990865,
         -0.99990865, -0.99875783],
        [ 0.09635234,  0.16237482,  0.        , ..., -0.98883374,
         -0.98883374, -0.97741271],
        ...,
        [ 0.99859169,  0.99990865,  0.98883374, ...,  0.        ,
          0.        ,  0.06332274],
        [ 0.99859169,  0.99990865,  0.98883374, ...,  0.        ,
          0.        ,  0.06332274],
        [ 0.99322815,  0.99875783,  0.97741271, ..., -0.06332274,
         -0.06332274,  0.        ]],

       [[ 0.        ,  0.18624816, -0.1172386 , ..., -0.43941497,
         -0.62049171, -0.68941383],
        [-0.18624816,  0.        , -0.300151  , ..., -0.59903019,
         -0.75569303, -0.81226312],
        [ 0.1172386 ,  0.300151  ,  0.        , ..., -0.33107109,
         -0.52427263, -0.59973562],
        ...,
        [ 0.43941497,  0.59903019,  0.33107109, ...,  0.        ,
         -0.21278296, -0.30099152],
        [ 0.62049171,  0.75569303,  0.52427263, ...,  0.21278296,
          0.        , -0.09118313],
        [ 0.68941383,  0.81226312,  0.59973562, ...,  0.30099152,
          0.09118313,  0.        ]],

       [[ 0.        ,  0.23679931,  0.28451918, ..., -0.95604689,
         -0.99619096, -0.96464139],
        [-0.23679931,  0.        ,  0.04941457, ..., -0.99828839,
         -0.98850642, -0.87479341],
        [-0.28451918, -0.04941457,  0.        , ..., -0.99995876,
         -0.97982837, -0.84978355],
        ...,
        [ 0.95604689,  0.99828839,  0.99995876, ...,  0.        ,
         -0.20873114, -0.53482754],
        [ 0.99619096,  0.98850642,  0.97982837, ...,  0.20873114,
          0.        , -0.34667721],
        [ 0.96464139,  0.87479341,  0.84978355, ...,  0.53482754,
          0.34667721,  0.        ]],

       ...,

       [[ 0.        ,  0.60588059,  0.03291169, ..., -0.98972677,
         -0.97462197, -0.99999792],
        [-0.60588059,  0.        , -0.57936928, ..., -0.70075885,
         -0.91099665, -0.79679003],
        [-0.03291169,  0.57936928,  0.        , ..., -0.98448515,
         -0.9814615 , -0.99952333],
        ...,
        [ 0.98972677,  0.70075885,  0.98448515, ...,  0.        ,
          0.36090081,  0.14499066],
        [ 0.97462197,  0.91099665,  0.9814615 , ..., -0.36090081,
          0.        , -0.22186828],
        [ 0.99999792,  0.79679003,  0.99952333, ..., -0.14499066,
          0.22186828,  0.        ]],

       [[ 0.        ,  0.26544177,  0.43002134, ..., -0.61807665,
         -0.59339918, -0.57804468],
        [-0.26544177,  0.        ,  0.17494933, ..., -0.80457283,
         -0.7857684 , -0.77391026],
        [-0.43002134, -0.17494933,  0.        , ..., -0.89605862,
         -0.88185964, -0.87276917],
        ...,
        [ 0.61807665,  0.80457283,  0.89605862, ...,  0.        ,
          0.03101337,  0.04994248],
        [ 0.59339918,  0.7857684 ,  0.88185964, ..., -0.03101337,
          0.        ,  0.01894379],
        [ 0.57804468,  0.77391026,  0.87276917, ..., -0.04994248,
         -0.01894379,  0.        ]],

       [[ 0.        ,  0.30207999,  0.48245131, ...,  0.97748078,
          0.98838726,  0.99270991],
        [-0.30207999,  0.        ,  0.19531369, ...,  0.99556167,
          0.98811522,  0.98274221],
        [-0.48245131, -0.19531369,  0.        , ...,  0.95800672,
          0.93906229,  0.92768621],
        ...,
        [-0.97748078, -0.99556167, -0.95800672, ...,  0.        ,
         -0.06003983, -0.0916721 ],
        [-0.98838726, -0.98811522, -0.93906229, ...,  0.06003983,
          0.        , -0.0317197 ],
        [-0.99270991, -0.98274221, -0.92768621, ...,  0.0916721 ,
          0.0317197 ,  0.        ]]]), 'num': array([9.95435486e-01, 6.80974010e-02, 3.58045593e-05, 2.06534095e-03,
       2.08128953e-03, 2.05337951e-03, 6.65968790e-02, 7.97428937e-06,
       2.04859494e-03, 2.14807420e-03, 2.20847944e-03, 2.09849720e-06,
       2.32181263e-03, 1.97433577e-03])}
{'img': array([[[ 0.        , -0.16237482,  0.29348813, ..., -0.99990865,
         -0.99875783, -0.99428704],
        [ 0.16237482,  0.        ,  0.44481757, ..., -0.98883374,
         -0.97741271, -0.96376022],
        [-0.29348813, -0.44481757,  0.        , ..., -0.95190847,
         -0.96939907, -0.98182807],
        ...,
        [ 0.99990865,  0.98883374,  0.95190847, ...,  0.        ,
          0.06332274,  0.12016881],
        [ 0.99875783,  0.97741271,  0.96939907, ..., -0.06332274,
          0.        ,  0.05706377],
        [ 0.99428704,  0.96376022,  0.98182807, ..., -0.12016881,
         -0.05706377,  0.        ]],

       [[ 0.        , -0.300151  ,  0.24343452, ..., -0.75569303,
         -0.81226312, -0.80262   ],
        [ 0.300151  ,  0.        ,  0.52333182, ..., -0.52427263,
         -0.59973562, -0.58657528],
        [-0.24343452, -0.52333182,  0.        , ..., -0.89239136,
         -0.92982129, -0.92368147],
        ...,
        [ 0.75569303,  0.52427263,  0.89239136, ...,  0.        ,
         -0.09118313, -0.07489284],
        [ 0.81226312,  0.59973562,  0.92982129, ...,  0.09118313,
          0.        ,  0.01634621],
        [ 0.80262   ,  0.58657528,  0.92368147, ...,  0.07489284,
         -0.01634621,  0.        ]],

       [[ 0.        ,  0.04879113,  0.25499231, ..., -0.99764639,
         -0.97124748, -0.86929333],
        [-0.04879113,  0.        ,  0.20751038, ..., -0.99311265,
         -0.95847492, -0.84414072],
        [-0.25499231, -0.20751038,  0.        , ..., -0.94718275,
         -0.87843447, -0.71451534],
        ...,
        [ 0.99764639,  0.99311265,  0.94718275, ...,  0.        ,
         -0.17091449, -0.43352678],
        [ 0.97124748,  0.95847492,  0.87843447, ...,  0.17091449,
          0.        , -0.27312981],
        [ 0.86929333,  0.84414072,  0.71451534, ...,  0.43352678,
          0.27312981,  0.        ]],

       ...,

       [[ 0.        , -0.57936928, -0.27457527, ..., -0.91099665,
         -0.79679003, -0.58442712],
        [ 0.57936928,  0.        ,  0.33330484, ..., -0.9814615 ,
         -0.99952333, -0.9464732 ],
        [ 0.27457527, -0.33330484,  0.        , ..., -0.98922167,
         -0.93207972, -0.78476808],
        ...,
        [ 0.91099665,  0.9814615 ,  0.98922167, ...,  0.        ,
         -0.22186828, -0.49819899],
        [ 0.79679003,  0.99952333,  0.93207972, ...,  0.22186828,
          0.        , -0.29340849],
        [ 0.58442712,  0.9464732 ,  0.78476808, ...,  0.49819899,
          0.29340849,  0.        ]],

       [[ 0.        ,  0.17494933,  0.45667945, ..., -0.7857684 ,
         -0.77391026, -0.7665695 ],
        [-0.17494933,  0.        ,  0.29399588, ..., -0.88185964,
         -0.87276917, -0.86709273],
        [-0.45667945, -0.29399588,  0.        , ..., -0.98150993,
         -0.97770775, -0.97522613],
        ...,
        [ 0.7857684 ,  0.88185964,  0.98150993, ...,  0.        ,
          0.01894379,  0.03045089],
        [ 0.77391026,  0.87276917,  0.97770775, ..., -0.01894379,
          0.        ,  0.01151042],
        [ 0.7665695 ,  0.86709273,  0.97522613, ..., -0.03045089,
         -0.01151042,  0.        ]],

       [[ 0.        ,  0.39005877,  0.31061939, ...,  0.99129321,
          0.99503821,  0.99782141],
        [-0.39005877,  0.        , -0.08474905, ...,  0.96413304,
          0.95502951,  0.9445173 ],
        [-0.31061939,  0.08474905,  0.        , ...,  0.98315845,
          0.97672263,  0.96895605],
        ...,
        [-0.99129321, -0.96413304, -0.98315845, ...,  0.        ,
         -0.03239242, -0.0659875 ],
        [-0.99503821, -0.95502951, -0.97672263, ...,  0.03239242,
          0.        , -0.03363105],
        [-0.99782141, -0.9445173 , -0.96895605, ...,  0.0659875 ,
          0.03363105,  0.        ]]]), 'num': array([ 9.90361650e-01,  6.89910624e-02,  3.62744326e-05,  2.05205031e-03,
        2.08032659e-03,  2.05205031e-03,  1.19949046e-01, -4.03946911e-05,
        2.07628712e-03,  2.17202254e-03,  2.23099879e-03,  1.80403475e-06,
        2.35556030e-03,  1.98848478e-03])}
{'img': array([[[ 0.        ,  0.44481757,  0.81683622, ..., -0.97741271,
         -0.96376022, -0.990253  ],
        [-0.44481757,  0.        ,  0.47497408, ..., -0.96939907,
         -0.98182807, -0.82493726],
        [-0.81683622, -0.47497408,  0.        , ..., -0.7364695 ,
         -0.77387142, -0.45747771],
        ...,
        [ 0.97741271,  0.96939907,  0.7364695 , ...,  0.        ,
          0.05706377, -0.34541392],
        [ 0.96376022,  0.98182807,  0.77387142, ..., -0.05706377,
          0.        , -0.3984026 ],
        [ 0.990253  ,  0.82493726,  0.45747771, ...,  0.34541392,
          0.3984026 ,  0.        ]],

       [[ 0.        ,  0.52333182,  0.38121061, ..., -0.59973562,
         -0.58657528, -0.24090782],
        [-0.52333182,  0.        , -0.1589735 , ..., -0.92982129,
         -0.92368147, -0.71320319],
        [-0.38121061,  0.1589735 ,  0.        , ..., -0.85949256,
         -0.85102239, -0.59269963],
        ...,
        [ 0.59973562,  0.92982129,  0.85949256, ...,  0.        ,
          0.01634621,  0.3892982 ],
        [ 0.58657528,  0.92368147,  0.85102239, ..., -0.01634621,
          0.        ,  0.3741895 ],
        [ 0.24090782,  0.71320319,  0.59269963, ..., -0.3892982 ,
         -0.3741895 ,  0.        ]],

       [[ 0.        ,  0.20751038,  0.43153357, ..., -0.95847492,
         -0.84414072, -0.88763863],
        [-0.20751038,  0.        ,  0.23494584, ..., -0.87843447,
         -0.71451534, -0.77275028],
        [-0.43153357, -0.23494584,  0.        , ..., -0.74157386,
         -0.53014221, -0.60199729],
        ...,
        [ 0.95847492,  0.87843447,  0.74157386, ...,  0.        ,
         -0.27312981, -0.18828268],
        [ 0.84414072,  0.71451534,  0.53014221, ...,  0.27312981,
          0.        ,  0.08712121],
        [ 0.88763863,  0.77275028,  0.60199729, ...,  0.18828268,
         -0.08712121,  0.        ]],

       ...,

       [[ 0.        ,  0.52576628,  0.45698434, ..., -0.99634537,
         -0.92615386, -0.78480558],
        [-0.52576628,  0.        , -0.07893167, ..., -0.80261145,
         -0.5895228 , -0.34173898],
        [-0.45698434,  0.07893167,  0.        , ..., -0.84719024,
         -0.6514407 , -0.41485234],
        ...,
        [ 0.99634537,  0.80261145,  0.84719024, ...,  0.        ,
         -0.29665915, -0.55044211],
        [ 0.92615386,  0.5895228 ,  0.6514407 , ...,  0.29665915,
          0.        , -0.27799028],
        [ 0.78480558,  0.34173898,  0.41485234, ...,  0.55044211,
          0.27799028,  0.        ]],

       [[ 0.        ,  0.29399588,  0.62113645, ..., -0.87276917,
         -0.86709273, -0.84765421],
        [-0.29399588,  0.        ,  0.36328108, ..., -0.97770775,
         -0.97522613, -0.96617281],
        [-0.62113645, -0.36328108,  0.        , ..., -0.98718862,
         -0.9889598 , -0.99385205],
        ...,
        [ 0.87276917,  0.97770775,  0.98718862, ...,  0.        ,
          0.01151042,  0.04927877],
        [ 0.86709273,  0.97522613,  0.9889598 , ..., -0.01151042,
          0.        ,  0.03777907],
        [ 0.84765421,  0.96617281,  0.99385205, ..., -0.04927877,
         -0.03777907,  0.        ]],

       [[ 0.        , -0.24508628, -0.10213532, ...,  0.98543605,
          0.97899783,  0.9624347 ],
        [ 0.24508628,  0.        ,  0.14478428, ...,  0.99705755,
          0.99910554,  0.99962584],
        [ 0.10213532, -0.14478428,  0.        , ...,  0.99765047,
          0.99470057,  0.98513275],
        ...,
        [-0.98543605, -0.99705755, -0.99765047, ...,  0.        ,
         -0.0344264 , -0.10390037],
        [-0.97899783, -0.99910554, -0.99470057, ...,  0.0344264 ,
          0.        , -0.0695987 ],
        [-0.9624347 , -0.99962584, -0.98513275, ...,  0.10390037,
          0.0695987 ,  0.        ]]]), 'num': array([9.72574383e-01, 3.72380161e-02, 3.65365768e-05, 2.01581114e-03,
       2.09455376e-03, 2.01581114e-03, 2.29516398e-01, 1.57485245e-05,
       2.02211055e-03, 2.10242802e-03, 2.16909677e-03, 1.87482435e-06,
       2.26357168e-03, 1.94128437e-03])}
{'img': array([[[ 0.        ,  0.47497408,  0.71487906, ..., -0.98182807,
         -0.82493726, -0.92713978],
        [-0.47497408,  0.        ,  0.29696869, ..., -0.77387142,
         -0.45747771, -0.63790259],
        [-0.71487906, -0.29696869,  0.        , ..., -0.55087696,
         -0.1727688 , -0.38042438],
        ...,
        [ 0.98182807,  0.77387142,  0.55087696, ...,  0.        ,
         -0.3984026 , -0.19196061],
        [ 0.82493726,  0.45747771,  0.1727688 , ...,  0.3984026 ,
          0.        ,  0.21492505],
        [ 0.92713978,  0.63790259,  0.38042438, ...,  0.19196061,
         -0.21492505,  0.        ]],

       [[ 0.        , -0.1589735 , -0.15776414, ..., -0.92368147,
         -0.71320319, -0.45089448],
        [ 0.1589735 ,  0.        ,  0.00122482, ..., -0.85102239,
         -0.59269963, -0.30326425],
        [ 0.15776414, -0.00122482,  0.        , ..., -0.85166494,
         -0.59368568, -0.30443116],
        ...,
        [ 0.92368147,  0.85102239,  0.85166494, ...,  0.        ,
          0.3741895 ,  0.65169179],
        [ 0.71320319,  0.59269963,  0.59368568, ..., -0.3741895 ,
          0.        ,  0.32053115],
        [ 0.45089448,  0.30326425,  0.30443116, ..., -0.65169179,
         -0.32053115,  0.        ]],

       [[ 0.        ,  0.23469951,  0.7139568 , ..., -0.77219087,
         -0.79464305, -0.7139568 ],
        [-0.23469951,  0.        ,  0.52968034, ..., -0.60149614,
         -0.6299664 , -0.52968034],
        [-0.7139568 , -0.52968034,  0.        , ..., -0.08703867,
         -0.12297421, -0.        ],
        ...,
        [ 0.77219087,  0.60149614,  0.08703867, ...,  0.        ,
          0.03612948, -0.08703867],
        [ 0.79464305,  0.6299664 ,  0.12297421, ..., -0.03612948,
          0.        , -0.12297421],
        [ 0.7139568 ,  0.52968034,  0.        , ...,  0.08703867,
          0.12297421,  0.        ]],

       ...,

       [[ 0.        , -0.07893167,  0.        , ..., -0.5895228 ,
         -0.34173898, -0.45442981],
        [ 0.07893167,  0.        ,  0.07893167, ..., -0.6514407 ,
         -0.41485234, -0.52332296],
        [ 0.        , -0.07893167,  0.        , ..., -0.5895228 ,
         -0.34173898, -0.45442981],
        ...,
        [ 0.5895228 ,  0.6514407 ,  0.5895228 , ...,  0.        ,
         -0.27799028, -0.15807016],
        [ 0.34173898,  0.41485234,  0.34173898, ...,  0.27799028,
          0.        ,  0.12265571],
        [ 0.45442981,  0.52332296,  0.45442981, ...,  0.15807016,
         -0.12265571,  0.        ]],

       [[ 0.        ,  0.35812932,  0.73739547, ..., -0.96015976,
         -0.95041634, -0.95099991],
        [-0.35812932,  0.        ,  0.44658302, ..., -0.99655411,
         -0.9987483 , -0.77719157],
        [-0.73739547, -0.44658302,  0.        , ..., -0.85461712,
         -0.87128492, -0.41436745],
        ...,
        [ 0.96015976,  0.99655411,  0.85461712, ...,  0.        ,
          0.03299538, -0.56263141],
        [ 0.95041634,  0.9987483 ,  0.87128492, ..., -0.03299538,
          0.        , -0.5896026 ],
        [ 0.95099991,  0.77719157,  0.41436745, ...,  0.56263141,
          0.5896026 ,  0.        ]],

       [[ 0.        ,  0.14478428,  0.35700954, ...,  0.99910554,
          0.99962584,  0.99996758],
        [-0.14478428,  0.        ,  0.21800471, ...,  0.99470057,
          0.98513275,  0.98826526],
        [-0.35700954, -0.21800471,  0.        , ...,  0.94836176,
          0.92398598,  0.93119556],
        ...,
        [-0.99910554, -0.99470057, -0.94836176, ...,  0.        ,
         -0.0695987 , -0.0503302 ],
        [-0.99962584, -0.98513275, -0.92398598, ...,  0.0695987 ,
          0.        ,  0.01930235],
        [-0.99996758, -0.98826526, -0.93119556, ...,  0.0503302 ,
         -0.01930235,  0.        ]]]), 'num': array([8.74583285e-01, 4.76001614e-01, 1.54788998e-05, 1.82000763e-03,
       1.84121160e-03, 1.79880365e-03, 9.21897122e-02, 1.06019862e-05,
       1.81576683e-03, 1.87637485e-03, 1.94081137e-03, 2.63871656e-06,
       2.00657705e-03, 1.74617266e-03])}
{'img': array([[[ 0.        ,  0.29696869, -0.72405143, ..., -0.45747771,
         -0.63790259, -0.7153211 ],
        [-0.29696869,  0.        , -0.89622042, ..., -0.1727688 ,
         -0.38042438, -0.47553048],
        [ 0.72405143,  0.89622042,  0.        , ..., -0.95938522,
         -0.99759511, -0.99935404],
        ...,
        [ 0.45747771,  0.1727688 ,  0.95938522, ...,  0.        ,
          0.21492505,  0.31639506],
        [ 0.63790259,  0.38042438,  0.99759511, ..., -0.21492505,
          0.        ,  0.10511726],
        [ 0.7153211 ,  0.47553048,  0.99935404, ..., -0.31639506,
         -0.10511726,  0.        ]],

       [[ 0.        ,  0.00122482,  0.12627816, ..., -0.59269963,
         -0.30326425, -0.64035365],
        [-0.00122482,  0.        ,  0.12506305, ..., -0.59368568,
         -0.30443116, -0.64129393],
        [-0.12627816, -0.12506305,  0.        , ..., -0.6896624 ,
         -0.42116786, -0.73221929],
        ...,
        [ 0.59269963,  0.59368568,  0.6896624 , ...,  0.        ,
          0.32053115, -0.06051507],
        [ 0.30326425,  0.30443116,  0.42116786, ..., -0.32053115,
          0.        , -0.37726588],
        [ 0.64035365,  0.64129393,  0.73221929, ...,  0.06051507,
          0.37726588,  0.        ]],

       [[ 0.        ,  0.52968034,  0.4538442 , ..., -0.6299664 ,
         -0.52968034, -0.60149614],
        [-0.52968034,  0.        , -0.08703867, ..., -0.12297421,
         -0.        , -0.08703867],
        [-0.4538442 ,  0.08703867,  0.        , ..., -0.20888555,
         -0.08703867, -0.17341671],
        ...,
        [ 0.6299664 ,  0.12297421,  0.20888555, ...,  0.        ,
         -0.12297421, -0.03612948],
        [ 0.52968034,  0.        ,  0.08703867, ...,  0.12297421,
          0.        ,  0.08703867],
        [ 0.60149614,  0.08703867,  0.17341671, ...,  0.03612948,
         -0.08703867,  0.        ]],

       ...,

       [[ 0.        ,  0.07893167, -0.68064523, ..., -0.41485234,
         -0.52332296, -0.9287953 ],
        [-0.07893167,  0.        , -0.73634802, ..., -0.34173898,
         -0.45442981, -0.89664595],
        [ 0.68064523,  0.73634802,  0.        , ..., -0.92323773,
         -0.96339453, -0.93269015],
        ...,
        [ 0.41485234,  0.34173898,  0.92323773, ...,  0.        ,
          0.12265571,  0.69135895],
        [ 0.52332296,  0.45442981,  0.96339453, ..., -0.12265571,
          0.        ,  0.59751854],
        [ 0.9287953 ,  0.89664595,  0.93269015, ..., -0.69135895,
         -0.59751854,  0.        ]],

       [[ 0.        ,  0.42830894,  0.73615474, ..., -0.99268763,
         -0.98800709, -0.75313145],
        [-0.42830894,  0.        ,  0.37532808, ..., -0.94872648,
         -0.82666064, -0.39878233],
        [-0.73615474, -0.37532808,  0.        , ..., -0.76072649,
         -0.55502775, -0.02543519],
        ...,
        [ 0.99268763,  0.94872648,  0.76072649, ...,  0.        ,
         -0.27254321, -0.74397108],
        [ 0.98800709,  0.82666064,  0.55502775, ...,  0.27254321,
          0.        , -0.53369038],
        [ 0.75313145,  0.39878233,  0.02543519, ...,  0.74397108,
          0.53369038,  0.        ]],

       [[ 0.        ,  0.32895878,  0.6149605 , ...,  0.99946213,
          0.99991033,  0.99993353],
        [-0.32895878,  0.        ,  0.32133138, ...,  0.93304845,
          0.93985431,  0.94807441],
        [-0.6149605 , -0.32133138,  0.        , ...,  0.76796672,
          0.78025189,  0.79559602],
        ...,
        [-0.99946213, -0.93304845, -0.76796672, ...,  0.        ,
          0.0194067 ,  0.04431572],
        [-0.99991033, -0.93985431, -0.78025189, ..., -0.0194067 ,
          0.        ,  0.02491973],
        [-0.99993353, -0.94807441, -0.79559602, ..., -0.04431572,
         -0.02491973,  0.        ]]]), 'num': array([ 9.91290906e-01,  6.43372584e-02,  3.68570039e-05,  2.05989699e-03,
        2.11313489e-03,  2.03123044e-03,  1.14746173e-01, -4.91426718e-05,
        2.09347782e-03,  2.16678231e-03,  2.23988203e-03,  2.83126504e-06,
        2.32451803e-03,  2.00904658e-03])}
{'img': array([[[ 0.        , -0.88799453, -0.95416845, ..., -0.49549088,
         -0.56539903, -0.        ],
        [ 0.88799453,  0.        , -0.173028  , ..., -0.99917719,
         -0.99243446, -0.88799453],
        [ 0.95416845,  0.173028  ,  0.        , ..., -0.97708884,
         -0.95622186, -0.95416845],
        ...,
        [ 0.49549088,  0.99917719,  0.97708884, ...,  0.        ,
          0.08242346, -0.49549088],
        [ 0.56539903,  0.99243446,  0.95622186, ..., -0.08242346,
          0.        , -0.56539903],
        [ 0.        ,  0.88799453,  0.95416845, ...,  0.49549088,
          0.56539903,  0.        ]],

       [[ 0.        ,  0.12506305, -0.2085723 , ..., -0.30443116,
         -0.64129393, -0.61514663],
        [-0.12506305,  0.        , -0.32924729, ..., -0.42116786,
         -0.73221929, -0.70891829],
        [ 0.2085723 ,  0.32924729,  0.        , ..., -0.09906352,
         -0.46715337, -0.43717663],
        ...,
        [ 0.30443116,  0.42116786,  0.09906352, ...,  0.        ,
         -0.37726588, -0.34593089],
        [ 0.64129393,  0.73221929,  0.46715337, ...,  0.37726588,
          0.        ,  0.03360516],
        [ 0.61514663,  0.70891829,  0.43717663, ...,  0.34593089,
         -0.03360516,  0.        ]],

       [[ 0.        , -0.08606615, -0.1487936 , ..., -0.29507822,
         -0.30683562, -0.        ],
        [ 0.08606615,  0.        , -0.06313341, ..., -0.3762172 ,
         -0.38761162, -0.08606615],
        [ 0.1487936 ,  0.06313341,  0.        , ..., -0.43396178,
         -0.44503619, -0.1487936 ],
        ...,
        [ 0.29507822,  0.3762172 ,  0.43396178, ...,  0.        ,
          0.01232879, -0.29507822],
        [ 0.30683562,  0.38761162,  0.44503619, ..., -0.01232879,
          0.        , -0.30683562],
        [ 0.        ,  0.08606615,  0.1487936 , ...,  0.29507822,
          0.30683562,  0.        ]],

       ...,

       [[ 0.        , -0.73634802, -0.8247137 , ..., -0.45442981,
         -0.89664595, -0.84525378],
        [ 0.73634802,  0.        , -0.14156179, ..., -0.96339453,
         -0.93269015, -0.96537991],
        [ 0.8247137 ,  0.14156179,  0.        , ..., -0.99164355,
         -0.8722391 , -0.91873187],
        ...,
        [ 0.45442981,  0.96339453,  0.99164355, ...,  0.        ,
          0.59751854,  0.51010588],
        [ 0.89664595,  0.93269015,  0.8722391 , ..., -0.59751854,
          0.        , -0.10490164],
        [ 0.84525378,  0.96537991,  0.91873187, ..., -0.51010588,
          0.10490164,  0.        ]],

       [[ 0.        ,  0.37498454,  0.3984203 , ..., -0.83009516,
         -0.47672532, -0.3984203 ],
        [-0.37498454,  0.        ,  0.02541106, ..., -0.56042446,
         -0.11230815, -0.02541106],
        [-0.3984203 , -0.02541106,  0.        , ..., -0.53919791,
         -0.08702159, -0.        ],
        ...,
        [ 0.83009516,  0.56042446,  0.53919791, ...,  0.        ,
         -0.46386466, -0.53919791],
        [ 0.47672532,  0.11230815,  0.08702159, ...,  0.46386466,
          0.        , -0.08702159],
        [ 0.3984203 ,  0.02541106,  0.        , ...,  0.53919791,
          0.08702159,  0.        ]],

       [[ 0.        ,  0.54296652,  0.81607563, ...,  0.99910074,
          0.99985947,  0.99458436],
        [-0.54296652,  0.        ,  0.37149821, ...,  0.81597775,
          0.83053386,  0.77877473],
        [-0.81607563, -0.37149821,  0.        , ...,  0.54282431,
          0.56418293,  0.48999848],
        ...,
        [-0.99910074, -0.81597775, -0.54282431, ...,  0.        ,
          0.02564414, -0.06166919],
        [-0.99985947, -0.83053386, -0.56418293, ..., -0.02564414,
          0.        , -0.08724424],
        [-0.99458436, -0.77877473, -0.48999848, ...,  0.06166919,
          0.08724424,  0.        ]]]), 'num': array([ 9.91660735e-01,  6.48434477e-02,  3.71469855e-05,  2.05959397e-03,
        2.09261352e-03,  2.04721164e-03,  1.11210810e-01, -1.65097713e-05,
        2.09426449e-03,  2.17289228e-03,  2.24780537e-03,  2.29882892e-06,
        2.33443250e-03,  2.01135205e-03])}
{'img': array([[[ 0.        , -0.61508406, -0.77282813, ..., -0.72160242,
         -0.38461538, -0.        ],
        [ 0.61508406,  0.        , -0.21900345, ..., -0.99478318,
         -0.87102434, -0.61508406],
        [ 0.77282813,  0.21900345,  0.        , ..., -0.99297486,
         -0.95746265, -0.77282813],
        ...,
        [ 0.72160242,  0.99478318,  0.99297486, ...,  0.        ,
         -0.39982236, -0.72160242],
        [ 0.38461538,  0.87102434,  0.95746265, ...,  0.39982236,
          0.        , -0.38461538],
        [ 0.        ,  0.61508406,  0.77282813, ...,  0.72160242,
          0.38461538,  0.        ]],

       [[ 0.        , -0.32924729, -0.51959489, ..., -0.73221929,
         -0.70891829, -0.72172009],
        [ 0.32924729,  0.        , -0.20931113, ..., -0.46715337,
         -0.43717663, -0.45357963],
        [ 0.51959489,  0.20931113,  0.        , ..., -0.27173756,
         -0.23924343, -0.25699105],
        ...,
        [ 0.73221929,  0.46715337,  0.27173756, ...,  0.        ,
          0.03360516,  0.01529009],
        [ 0.70891829,  0.43717663,  0.23924343, ..., -0.03360516,
          0.        , -0.01831978],
        [ 0.72172009,  0.45357963,  0.25699105, ..., -0.01529009,
          0.01831978,  0.        ]],

       [[ 0.        , -0.11962895, -0.50425507, ..., -0.46540328,
         -0.36303019, -0.        ],
        [ 0.11962895,  0.        , -0.3973277 , ..., -0.5679445 ,
         -0.4718907 , -0.11962895],
        [ 0.50425507,  0.3973277 ,  0.        , ..., -0.84821675,
         -0.78334992, -0.50425507],
        ...,
        [ 0.46540328,  0.5679445 ,  0.84821675, ...,  0.        ,
         -0.11233469, -0.46540328],
        [ 0.36303019,  0.4718907 ,  0.78334992, ...,  0.11233469,
          0.        , -0.36303019],
        [ 0.        ,  0.11962895,  0.50425507, ...,  0.46540328,
          0.36303019,  0.        ]],

       ...,

       [[ 0.        , -0.49739054, -0.78140122, ..., -0.9421253 ,
         -0.89575424, -0.70408769],
        [ 0.49739054,  0.        , -0.36750036, ..., -0.98407453,
         -0.99820552, -0.96401841],
        [ 0.78140122,  0.36750036,  0.        , ..., -0.8498868 ,
         -0.90634818, -0.9942543 ],
        ...,
        [ 0.9421253 ,  0.98407453,  0.8498868 , ...,  0.        ,
         -0.11850998, -0.43296233],
        [ 0.89575424,  0.99820552,  0.90634818, ...,  0.11850998,
          0.        , -0.32308487],
        [ 0.70408769,  0.96401841,  0.9942543 , ...,  0.43296233,
          0.32308487,  0.        ]],

       [[ 0.        ,  0.0251374 , -0.15284869, ..., -0.3254692 ,
         -0.31356924, -0.0251374 ],
        [-0.0251374 ,  0.        , -0.17764242, ..., -0.30159762,
         -0.28960055, -0.        ],
        [ 0.15284869,  0.17764242,  0.        , ..., -0.46617129,
         -0.4550245 , -0.17764242],
        ...,
        [ 0.3254692 ,  0.30159762,  0.46617129, ...,  0.        ,
         -0.01255804, -0.30159762],
        [ 0.31356924,  0.28960055,  0.4550245 , ...,  0.01255804,
          0.        , -0.28960055],
        [ 0.0251374 ,  0.        ,  0.17764242, ...,  0.30159762,
          0.28960055,  0.        ]],

       [[ 0.        ,  0.69872869,  0.88588774, ...,  0.99443773,
          0.97977819,  0.95761827],
        [-0.69872869,  0.        ,  0.30961233, ...,  0.63781314,
          0.56111399,  0.48380535],
        [-0.88588774, -0.30961233,  0.        , ...,  0.36801216,
          0.2772644 ,  0.18906738],
        ...,
        [-0.99443773, -0.63781314, -0.36801216, ...,  0.        ,
         -0.09577749, -0.18557592],
        [-0.97977819, -0.56111399, -0.2772644 , ...,  0.09577749,
          0.        , -0.09060896],
        [-0.95761827, -0.48380535, -0.18906738, ...,  0.18557592,
          0.09060896,  0.        ]]]), 'num': array([9.96516006e-01, 3.04963770e-03, 3.96593361e-05, 2.06972160e-03,
       2.10277105e-03, 2.06559042e-03, 8.31270425e-02, 8.26236168e-06,
       2.09037751e-03, 2.16205349e-03, 2.24281808e-03, 2.44810717e-06,
       2.31416344e-03, 2.00994355e-03])}
{'img': array([[[ 0.        , -0.5607916 , -0.84993862, ..., -0.40576263,
         -0.        , -0.29012339],
        [ 0.5607916 ,  0.        , -0.40824177, ..., -0.84850547,
         -0.5607916 , -0.77688122],
        [ 0.84993862,  0.40824177,  0.        , ..., -0.99061453,
         -0.84993862, -0.96624283],
        ...,
        [ 0.40576263,  0.84850547,  0.99061453, ...,  0.        ,
         -0.40576263, -0.12314394],
        [ 0.        ,  0.5607916 ,  0.84993862, ...,  0.40576263,
          0.        ,  0.29012339],
        [ 0.29012339,  0.77688122,  0.96624283, ...,  0.12314394,
         -0.29012339,  0.        ]],

       [[ 0.        , -0.20931113, -0.16137867, ..., -0.43717663,
         -0.45357963, -0.58166694],
