state_0,state_1,state_2,state_3,state_4,state_5,state_6,state_7,state_8,state_9,state_10,state_11,state_12,state_13,state_14,state_15,state_16,state_17,state_18,state_19,state_20,state_21,state_22,state_23,state_24,state_25,state_26,state_27,state_28,state_29,state_30,state_31,state_32,state_33,state_34,state_35,state_36,state_37,state_38,state_39,state_40,state_41,state_42,state_43,state_44,state_45,state_46,state_47,state_48,state_49,state_50,state_51,state_52,state_53,state_54,state_55,state_56,state_57,state_58,state_59,state_60,state_61,state_62,state_63,state_64,state_65,state_66,state_67,state_68,state_69,state_70,state_71,state_72,state_73,state_74,state_75,state_76,state_77,state_78,state_79,state_80,state_81,state_82,state_83,state_84,state_85,state_86,state_87,state_88,state_89,state_90,state_91,state_92,state_93,state_94,state_95,state_96,state_97,state_98,state_99,state_100,state_101,state_102,state_103,state_104,state_105,state_106,state_107,state_108,state_109,state_110,state_111,state_112,state_113,state_114,state_115,state_116,state_117,state_118,state_119,state_120,state_121,state_122,state_123,state_124,state_125,state_126,state_127,state_128,state_129,state_130,state_131,state_132,state_133,state_134,state_135,state_136,state_137,state_138,state_139,state_140,state_141,state_142,state_143,state_144,state_145,state_146,state_147,state_148,state_149,state_150,state_151,state_152,state_153,state_154,state_155,state_156,state_157,state_158,state_159,state_160,state_161,state_162,state_163,state_164,state_165,state_166,state_167,state_168,state_169,state_170,state_171,state_172,state_173,state_174,state_175,state_176,state_177,state_178,state_179,state_180,state_181,state_182,state_183,state_184,state_185,state_186,state_187,state_188,state_189,state_190,state_191,state_192,state_193,state_194,state_195,state_196,state_197,state_198,state_199,state_200,state_201,state_202,state_203,state_204,state_205,state_206,state_207,state_208,state_209,state_210,state_211,state_212,state_213,state_214,state_215,state_216,state_217,state_218,state_219,state_220,state_221,state_222,state_223,state_224,state_225,state_226,state_227,state_228,state_229,state_230,state_231,state_232,state_233,state_234,state_235,state_236,state_237,state_238,state_239,state_240,state_241,state_242,state_243,state_244,state_245,state_246,state_247,state_248,state_249,state_250,state_251,state_252,state_253,state_254,state_255,state_256,state_257,state_258,state_259,state_260,state_261,state_262,state_263,state_264,state_265,state_266,state_267,state_268,state_269,state_270,state_271,state_272,state_273,state_274,state_275,state_276,state_277,state_278,state_279,state_280,state_281,state_282,state_283,state_284,state_285,state_286,state_287
{'img': array([[[ 0.        , -0.59393737, -0.55087696, ..., -0.59393737,
         -0.58361559, -0.66777754],
        [ 0.59393737,  0.        ,  0.05250536, ..., -0.95565863,
         -0.95182033, -0.97933832],
        [ 0.55087696, -0.05250536,  0.        , ..., -0.93887882,
         -0.93440634, -0.96736937],
        ...,
        [ 0.59393737,  0.95565863,  0.93887882, ...,  0.        ,
         -0.01276969,  0.09513081],
        [ 0.58361559,  0.95182033,  0.93440634, ...,  0.01276969,
          0.        ,  0.10783482],
        [ 0.66777754,  0.97933832,  0.96736937, ..., -0.09513081,
         -0.10783482,  0.        ]],

       [[ 0.        , -0.46864183, -0.76615444, ..., -0.72882976,
         -0.18989605, -0.83055434],
        [ 0.46864183,  0.        , -0.37563613, ..., -0.32296297,
          0.29236257, -0.47269771],
        [ 0.76615444,  0.37563613,  0.        , ...,  0.0561949 ,
          0.63017572, -0.10706093],
        ...,
        [ 0.72882976,  0.32296297, -0.0561949 , ...,  0.        ,
          0.58554726, -0.16276367],
        [ 0.18989605, -0.29236257, -0.63017572, ..., -0.58554726,
          0.        , -0.70968149],
        [ 0.83055434,  0.47269771,  0.10706093, ...,  0.16276367,
          0.70968149,  0.        ]],

       [[ 0.        ,  0.08751886,  0.12802462, ..., -0.56617657,
         -0.58948185, -0.65417697],
        [-0.08751886,  0.        ,  0.0407347 , ..., -0.49186368,
         -0.5165238 , -0.58547265],
        [-0.12802462, -0.0407347 ,  0.        , ..., -0.45598885,
         -0.48121506, -0.5519634 ],
        ...,
        [ 0.56617657,  0.49186368,  0.45598885, ...,  0.        ,
          0.02855342,  0.11100475],
        [ 0.58948185,  0.5165238 ,  0.48121506, ..., -0.02855342,
          0.        ,  0.08258253],
        [ 0.65417697,  0.58547265,  0.5519634 , ..., -0.11100475,
         -0.08258253,  0.        ]],

       ...,

       [[ 0.        , -0.40051952, -0.05375056, ..., -0.99498989,
         -0.95886893, -0.9996643 ],
        [ 0.40051952,  0.        ,  0.35068953, ..., -0.95173969,
         -0.99228746, -0.92635774],
        [ 0.05375056, -0.35068953,  0.        , ..., -0.99892527,
         -0.97273984, -0.99961181],
        ...,
        [ 0.99498989,  0.95173969,  0.99892527, ...,  0.        ,
         -0.18656363,  0.07416269],
        [ 0.95886893,  0.99228746,  0.97273984, ...,  0.18656363,
          0.        ,  0.25891047],
        [ 0.9996643 ,  0.92635774,  0.99961181, ..., -0.07416269,
         -0.25891047,  0.        ]],

       [[ 0.        ,  0.07530816,  0.15893452, ..., -0.99915288,
         -0.97404024, -0.73170521],
        [-0.07530816,  0.        ,  0.08413226, ..., -0.99321649,
         -0.95422639, -0.67829575],
        [-0.15893452, -0.08413226,  0.        , ..., -0.97991225,
         -0.92568055, -0.61407146],
        ...,
        [ 0.99915288,  0.99321649,  0.97991225, ...,  0.        ,
         -0.18609915, -0.65093244],
        [ 0.97404024,  0.95422639,  0.92568055, ...,  0.18609915,
          0.        , -0.49828678],
        [ 0.73170521,  0.67829575,  0.61407146, ...,  0.65093244,
          0.49828678,  0.        ]],

       [[ 0.        ,  0.01533384,  0.03783016, ..., -0.94791063,
         -0.87517622, -0.84323065],
        [-0.01533384,  0.        ,  0.02250285, ..., -0.94291479,
         -0.86765475, -0.83488878],
        [-0.03783016, -0.02250285,  0.        , ..., -0.93518181,
         -0.85624736, -0.82229138],
        ...,
        [ 0.94791063,  0.94291479,  0.93518181, ...,  0.        ,
         -0.17982772, -0.2409515 ],
        [ 0.87517622,  0.86765475,  0.85624736, ...,  0.17982772,
          0.        , -0.06249406],
        [ 0.84323065,  0.83488878,  0.82229138, ...,  0.2409515 ,
          0.06249406,  0.        ]]]), 'num': array([ 9.99996269e-01,  1.86868283e-04,  2.51208392e-05,  3.18816773e-04,
        3.23623056e-04,  3.18816773e-04,  2.55893717e-03, -4.80628301e-06,
        3.20178553e-04,  3.32514680e-04,  3.66933006e-04,  2.21147991e-07,
        3.65796816e-04,  2.99232543e-04])}
{'img': array([[[ 0.        ,  0.06435932,  0.50950936, ..., -0.91985367,
         -0.9573327 , -0.90324631],
        [-0.06435932,  0.        ,  0.45307408, ..., -0.89270092,
         -0.93674888, -0.87375566],
        [-0.50950936, -0.45307408,  0.        , ..., -0.59164099,
         -0.67650928, -0.55857003],
        ...,
        [ 0.91985367,  0.89270092,  0.59164099, ...,  0.        ,
          0.10969822, -0.04042095],
        [ 0.9573327 ,  0.93674888,  0.67650928, ..., -0.10969822,
          0.        , -0.14978558],
        [ 0.90324631,  0.87375566,  0.55857003, ...,  0.04042095,
          0.14978558,  0.        ]],

       [[ 0.        , -0.37563613, -0.06517664, ...,  0.29236257,
         -0.47269771, -0.25912093],
        [ 0.37563613,  0.        ,  0.31443386, ...,  0.63017572,
         -0.10706093,  0.12266145],
        [ 0.06517664, -0.31443386,  0.        , ...,  0.35406985,
         -0.41425737, -0.19561945],
        ...,
        [-0.29236257, -0.63017572, -0.35406985, ...,  0.        ,
         -0.70968149, -0.5301762 ],
        [ 0.47269771,  0.10706093,  0.41425737, ...,  0.70968149,
          0.        ,  0.22820891],
        [ 0.25912093, -0.12266145,  0.19561945, ...,  0.5301762 ,
         -0.22820891,  0.        ]],

       [[ 0.        ,  0.0407347 ,  0.17945472, ..., -0.5165238 ,
         -0.58547265, -0.59450122],
        [-0.0407347 ,  0.        ,  0.13923235, ..., -0.48121506,
         -0.5519634 , -0.56125322],
        [-0.17945472, -0.13923235,  0.        , ..., -0.35447647,
         -0.43048569, -0.44055164],
        ...,
        [ 0.5165238 ,  0.48121506,  0.35447647, ...,  0.        ,
          0.08258253,  0.09372119],
        [ 0.58547265,  0.5519634 ,  0.43048569, ..., -0.08258253,
          0.        ,  0.01118202],
        [ 0.59450122,  0.56125322,  0.44055164, ..., -0.09372119,
         -0.01118202,  0.        ]],

       ...,

       [[ 0.        ,  0.35068953,  0.62632903, ..., -0.99228746,
         -0.92635774, -0.92876254],
        [-0.35068953,  0.        ,  0.31316887, ..., -0.97273984,
         -0.99961181, -0.99977041],
        [-0.62632903, -0.31316887,  0.        , ..., -0.85118495,
         -0.95805394, -0.9561897 ],
        ...,
        [ 0.99228746,  0.97273984,  0.85118495, ...,  0.        ,
          0.25891047,  0.25268883],
        [ 0.92635774,  0.99961181,  0.95805394, ..., -0.25891047,
          0.        , -0.00643573],
        [ 0.92876254,  0.99977041,  0.9561897 , ..., -0.25268883,
          0.00643573,  0.        ]],

       [[ 0.        ,  0.08196849,  0.18861374, ..., -0.98533094,
         -0.91507669, -0.66510013],
        [-0.08196849,  0.        ,  0.10748178, ..., -0.96802693,
         -0.87894114, -0.60165171],
        [-0.18861374, -0.10748178,  0.        , ..., -0.9354578 ,
         -0.82258817, -0.51231439],
        ...,
        [ 0.98533094,  0.96802693,  0.9354578 , ...,  0.        ,
         -0.24120221, -0.62229769],
        [ 0.91507669,  0.87894114,  0.82258817, ...,  0.24120221,
          0.        , -0.41511584],
        [ 0.66510013,  0.60165171,  0.51231439, ...,  0.62229769,
          0.41511584,  0.        ]],

       [[ 0.        ,  0.02234103,  0.07556562, ..., -0.93313979,
         -0.92986999, -0.83154343],
        [-0.02234103,  0.        ,  0.0532696 , ..., -0.92487498,
         -0.9214189 , -0.81892634],
        [-0.07556562, -0.0532696 ,  0.        , ..., -0.90330491,
         -0.89941163, -0.78719225],
        ...,
        [ 0.93313979,  0.92487498,  0.90330491, ...,  0.        ,
         -0.00899016, -0.2193703 ],
        [ 0.92986999,  0.9214189 ,  0.89941163, ...,  0.00899016,
          0.        , -0.21059026],
        [ 0.83154343,  0.81892634,  0.78719225, ...,  0.2193703 ,
          0.21059026,  0.        ]]]), 'num': array([9.68758020e-01, 2.47939514e-01, 1.80656267e-05, 7.59555855e-04,
       7.73833220e-04, 7.53844908e-04, 5.38081551e-03, 1.90364876e-06,
       7.61649868e-04, 7.85731025e-04, 8.68571474e-04, 5.66275264e-07,
       8.61040727e-04, 7.10421323e-04])}
{'img': array([[[ 0.        ,  0.45307408, -0.06435932, ..., -0.93674888,
         -0.87375566, -0.88666461],
        [-0.45307408,  0.        , -0.50950936, ..., -0.67650928,
         -0.55857003, -0.58093005],
        [ 0.06435932,  0.50950936,  0.        , ..., -0.9573327 ,
         -0.90324631, -0.91458696],
        ...,
        [ 0.93674888,  0.67650928,  0.9573327 , ...,  0.        ,
         -0.14978558, -0.12283039],
        [ 0.87375566,  0.55857003,  0.90324631, ...,  0.14978558,
          0.        ,  0.02720668],
        [ 0.88666461,  0.58093005,  0.91458696, ...,  0.12283039,
         -0.02720668,  0.        ]],

       [[ 0.        ,  0.31443386,  0.60529071, ..., -0.10706093,
          0.12266145,  0.0021223 ],
        [-0.31443386,  0.        ,  0.32429923, ..., -0.41425737,
         -0.19561945, -0.31241849],
        [-0.60529071, -0.32429923,  0.        , ..., -0.68703276,
         -0.50308084, -0.60359998],
        ...,
        [ 0.10706093,  0.41425737,  0.68703276, ...,  0.        ,
          0.22820891,  0.10917079],
        [-0.12266145,  0.19561945,  0.50308084, ..., -0.22820891,
          0.        , -0.12055489],
        [-0.0021223 ,  0.31241849,  0.60359998, ..., -0.10917079,
          0.12055489,  0.        ]],

       [[ 0.        ,  0.13923235, -0.25485167, ..., -0.5519634 ,
         -0.56125322, -0.57321517],
        [-0.13923235,  0.        , -0.38700427, ..., -0.43048569,
         -0.44055164, -0.45354424],
        [ 0.25485167,  0.38700427,  0.        , ..., -0.7462504 ,
         -0.75364723, -0.7631144 ],
        ...,
        [ 0.5519634 ,  0.43048569,  0.7462504 , ...,  0.        ,
          0.01118202,  0.02570447],
        [ 0.56125322,  0.44055164,  0.75364723, ..., -0.01118202,
          0.        ,  0.01452454],
        [ 0.57321517,  0.45354424,  0.7631144 , ..., -0.02570447,
         -0.01452454,  0.        ]],

       ...,

       [[ 0.        ,  0.31316887, -0.13148296, ..., -0.99961181,
         -0.99977041, -0.99490025],
        [-0.31316887,  0.        , -0.43531911, ..., -0.95805394,
         -0.9561897 , -0.97644162],
        [ 0.13148296,  0.43531911,  0.        , ..., -0.98727039,
         -0.98827355, -0.97300109],
        ...,
        [ 0.99961181,  0.95805394,  0.98727039, ...,  0.        ,
         -0.00643573,  0.07310583],
        [ 0.99977041,  0.9561897 ,  0.98827355, ...,  0.00643573,
          0.        ,  0.07952283],
        [ 0.99490025,  0.97644162,  0.97300109, ..., -0.07310583,
         -0.07952283,  0.        ]],

       [[ 0.        ,  0.10436521,  0.14958501, ..., -0.9508416 ,
         -0.88713473, -0.58729999],
        [-0.10436521,  0.        ,  0.04557716, ..., -0.91332952,
         -0.83412448, -0.49962277],
        [-0.14958501, -0.04557716,  0.        , ..., -0.89382042,
         -0.8081184 , -0.45962267],
        ...,
        [ 0.9508416 ,  0.91332952,  0.89382042, ...,  0.        ,
         -0.16409762, -0.58770836],
        [ 0.88713473,  0.83412448,  0.8081184 , ...,  0.16409762,
          0.        , -0.44697451],
        [ 0.58729999,  0.49962277,  0.45962267, ...,  0.58770836,
          0.44697451,  0.        ]],

       [[ 0.        ,  0.0531555 ,  0.10946649, ..., -0.93202553,
         -0.87948698, -0.8179032 ],
        [-0.0531555 ,  0.        ,  0.05647567, ..., -0.91144471,
         -0.85294568, -0.78616356],
        [-0.10946649, -0.05647567,  0.        , ..., -0.88675466,
         -0.82210407, -0.75000581],
        ...,
        [ 0.93202553,  0.91144471,  0.88675466, ...,  0.        ,
         -0.12485275, -0.23984425],
        [ 0.87948698,  0.85294568,  0.82210407, ...,  0.12485275,
          0.        , -0.11675907],
        [ 0.8179032 ,  0.78616356,  0.75000581, ...,  0.23984425,
          0.11675907,  0.        ]]]), 'num': array([9.83546318e-01, 1.80585574e-01, 2.00991416e-05, 7.71335932e-04,
       7.74232062e-04, 7.65543672e-04, 4.52161178e-03, 9.65376636e-07,
       7.72301308e-04, 7.93443057e-04, 8.77414735e-04, 6.13749384e-07,
       8.67813157e-04, 7.19072957e-04])}
