state_0,state_1,state_2,state_3,state_4,state_5,state_6,state_7,state_8,state_9,state_10,state_11,state_12,state_13,state_14,state_15,state_16,state_17,state_18,state_19,state_20,state_21,state_22,state_23,state_24,state_25,state_26,state_27,state_28,state_29,state_30,state_31,state_32,state_33,state_34,state_35,state_36,state_37,state_38,state_39,state_40,state_41,state_42,state_43,state_44,state_45,state_46,state_47,state_48,state_49,state_50,state_51,state_52,state_53,state_54,state_55,state_56,state_57,state_58,state_59,state_60,state_61,state_62,state_63,state_64,state_65,state_66,state_67,state_68,state_69,state_70,state_71,state_72,state_73,state_74,state_75,state_76,state_77,state_78,state_79,state_80,state_81,state_82,state_83,state_84,state_85,state_86,state_87,state_88,state_89,state_90,state_91,state_92,state_93,state_94,state_95,state_96,state_97,state_98,state_99,state_100,state_101,state_102,state_103,state_104,state_105,state_106,state_107,state_108,state_109,state_110,state_111,state_112,state_113,state_114,state_115,state_116,state_117,state_118,state_119,state_120,state_121,state_122,state_123,state_124,state_125,state_126,state_127,state_128,state_129,state_130,state_131,state_132,state_133,state_134,state_135,state_136,state_137,state_138,state_139,state_140,state_141,state_142,state_143,state_144,state_145,state_146,state_147,state_148,state_149,state_150,state_151,state_152,state_153,state_154,state_155,state_156,state_157,state_158,state_159,state_160,state_161,state_162,state_163,state_164,state_165,state_166,state_167,state_168,state_169,state_170,state_171,state_172,state_173,state_174,state_175,state_176,state_177,state_178,state_179,state_180,state_181,state_182,state_183,state_184,state_185,state_186,state_187,state_188,state_189,state_190,state_191,state_192,state_193,state_194,state_195,state_196,state_197,state_198,state_199,state_200,state_201,state_202,state_203,state_204,state_205,state_206,state_207,state_208,state_209,state_210,state_211,state_212,state_213,state_214,state_215,state_216,state_217,state_218,state_219,state_220,state_221,state_222,state_223,state_224,state_225,state_226,state_227,state_228,state_229,state_230,state_231,state_232,state_233,state_234,state_235,state_236,state_237,state_238,state_239,state_240,state_241,state_242,state_243,state_244,state_245,state_246,state_247,state_248,state_249,state_250,state_251,state_252,state_253,state_254,state_255,state_256,state_257,state_258,state_259,state_260,state_261,state_262,state_263,state_264,state_265,state_266,state_267,state_268,state_269,state_270,state_271,state_272,state_273,state_274,state_275,state_276,state_277,state_278,state_279,state_280,state_281,state_282,state_283,state_284,state_285,state_286,state_287
{'img': array([[[ 0.        , -0.30037183, -0.23505686, ..., -0.15981198,
         -0.37725776, -0.23505686],
        [ 0.30037183,  0.        ,  0.06775345, ...,  0.14407908,
         -0.08165997,  0.06775345],
        [ 0.23505686, -0.06775345,  0.        , ...,  0.07670148,
         -0.1489995 ,  0.        ],
        ...,
        [ 0.15981198, -0.14407908, -0.07670148, ...,  0.        ,
         -0.22440584, -0.07670148],
        [ 0.37725776,  0.08165997,  0.1489995 , ...,  0.22440584,
          0.        ,  0.1489995 ],
        [ 0.23505686, -0.06775345,  0.        , ...,  0.07670148,
         -0.1489995 ,  0.        ]],

       [[ 0.        , -0.0572973 , -0.12980461, ...,  0.28034319,
          0.09464894,  0.08429618],
        [ 0.0572973 ,  0.        , -0.07277882, ...,  0.3348823 ,
          0.15153353,  0.14125107],
        [ 0.12980461,  0.07277882,  0.        , ...,  0.4025708 ,
          0.22307006,  0.21292561],
        ...,
        [-0.28034319, -0.3348823 , -0.4025708 , ...,  0.        ,
         -0.18823114, -0.19842948],
        [-0.09464894, -0.15153353, -0.22307006, ...,  0.18823114,
          0.        , -0.01039431],
        [-0.08429618, -0.14125107, -0.21292561, ...,  0.19842948,
          0.01039431,  0.        ]],

       [[ 0.        , -0.05433921, -0.12398052, ...,  0.47410854,
          0.29836668,  0.06062082],
        [ 0.05433921,  0.        , -0.06987738, ...,  0.52125191,
          0.34978999,  0.11477053],
        [ 0.12398052,  0.06987738,  0.        , ...,  0.57961131,
          0.41439806,  0.18390562],
        ...,
        [-0.47410854, -0.52125191, -0.57961131, ...,  0.        ,
         -0.18981168, -0.41986199],
        [-0.29836668, -0.34978999, -0.41439806, ...,  0.18981168,
          0.        , -0.23995833],
        [-0.06062082, -0.11477053, -0.18390562, ...,  0.41986199,
          0.23995833,  0.        ]],

       ...,

       [[ 0.        , -0.00239157, -0.02717514, ...,  0.79917925,
          0.70773269,  0.72114389],
        [ 0.00239157,  0.        , -0.02478438, ...,  0.80061452,
          0.70942027,  0.72279867],
        [ 0.02717514,  0.02478438,  0.        , ...,  0.81521888,
          0.72667002,  0.7397041 ],
        ...,
        [-0.79917925, -0.80061452, -0.81521888, ...,  0.        ,
         -0.13919139, -0.12018526],
        [-0.70773269, -0.70942027, -0.72667002, ...,  0.13919139,
          0.        ,  0.01916715],
        [-0.72114389, -0.72279867, -0.7397041 , ...,  0.12018526,
         -0.01916715,  0.        ]],

       [[ 0.        ,  0.12133238,  0.32525081, ..., -0.88055529,
         -0.88492215, -0.89359945],
        [-0.12133238,  0.        ,  0.20811256, ..., -0.93155438,
         -0.9348935 , -0.94145937],
        [-0.32525081, -0.20811256,  0.        , ..., -0.98682804,
         -0.98828895, -0.99100626],
        ...,
        [ 0.88055529,  0.93155438,  0.98682804, ...,  0.        ,
         -0.00929411, -0.02826491],
        [ 0.88492215,  0.9348935 ,  0.98828895, ...,  0.00929411,
          0.        , -0.01897329],
        [ 0.89359945,  0.94145937,  0.99100626, ...,  0.02826491,
          0.01897329,  0.        ]],

       [[ 0.        , -0.50932077, -0.67382424, ..., -0.71713896,
         -0.82610374, -0.92386585],
        [ 0.50932077,  0.        , -0.2035446 , ..., -0.97211415,
         -0.99793713, -0.98998292],
        [ 0.67382424,  0.2035446 ,  0.        , ..., -0.99949647,
         -0.9901133 , -0.9405204 ],
        ...,
        [ 0.71713896,  0.97211415,  0.99949647, ...,  0.        ,
          0.17161589,  0.36940915],
        [ 0.82610374,  0.99793713,  0.9901133 , ..., -0.17161589,
          0.        ,  0.20445162],
        [ 0.92386585,  0.98998292,  0.9405204 , ..., -0.36940915,
         -0.20445162,  0.        ]]]), 'num': array([ 9.88710601e-01,  5.99345096e-02,  1.87253244e-04,  2.22728080e-03,
        2.24524274e-03,  2.15094254e-03,  1.37185229e-01, -1.79619419e-05,
        2.28116662e-03,  2.21425839e-03,  2.14922119e-03,  2.48181901e-05,
        2.54455672e-03,  1.88396006e-03])}
{'img': array([[[ 0.        ,  0.06775345,  0.09814829, ..., -0.08165997,
          0.06775345,  0.00748565],
        [-0.06775345,  0.        ,  0.03049643, ..., -0.1489995 ,
          0.        , -0.0602831 ],
        [-0.09814829, -0.03049643,  0.        , ..., -0.1790862 ,
         -0.03049643, -0.09069603],
        ...,
        [ 0.08165997,  0.1489995 ,  0.1790862 , ...,  0.        ,
          0.1489995 ,  0.08911834],
        [-0.06775345,  0.        ,  0.03049643, ..., -0.1489995 ,
          0.        , -0.0602831 ],
        [-0.00748565,  0.0602831 ,  0.09069603, ..., -0.08911834,
          0.0602831 ,  0.        ]],

       [[ 0.        , -0.07277882, -0.16967565, ...,  0.15153353,
          0.14125107,  0.02880657],
        [ 0.07277882,  0.        , -0.09750216, ...,  0.22307006,
          0.21292561,  0.1014788 ],
        [ 0.16967565,  0.09750216,  0.        , ...,  0.31705254,
          0.30717737,  0.19799411],
        ...,
        [-0.15153353, -0.22307006, -0.31705254, ...,  0.        ,
         -0.01039431, -0.12299673],
        [-0.14125107, -0.21292561, -0.30717737, ...,  0.01039431,
          0.        , -0.1126747 ],
        [-0.02880657, -0.1014788 , -0.19799411, ...,  0.12299673,
          0.1126747 ,  0.        ]],

       [[ 0.        , -0.06987738, -0.05266784, ...,  0.34978999,
          0.11477053, -0.01969333],
        [ 0.06987738,  0.        ,  0.0172413 , ...,  0.41439806,
          0.18390562,  0.05021864],
        [ 0.05266784, -0.0172413 ,  0.        , ...,  0.39864522,
          0.16693104,  0.03299163],
        ...,
        [-0.34978999, -0.41439806, -0.39864522, ...,  0.        ,
         -0.23995833, -0.36817142],
        [-0.11477053, -0.18390562, -0.16693104, ...,  0.23995833,
          0.        , -0.13431146],
        [ 0.01969333, -0.05021864, -0.03299163, ...,  0.36817142,
          0.13431146,  0.        ]],

       ...,

       [[ 0.        , -0.02478438, -0.04530581, ...,  0.70942027,
          0.72279867,  0.64512937],
        [ 0.02478438,  0.        , -0.02053297, ...,  0.72667002,
          0.7397041 ,  0.66386829],
        [ 0.04530581,  0.02053297,  0.        , ...,  0.7406227 ,
          0.75336545,  0.6790839 ],
        ...,
        [-0.70942027, -0.72667002, -0.7406227 , ...,  0.        ,
          0.01916715, -0.08737116],
        [-0.72279867, -0.7397041 , -0.75336545, ..., -0.01916715,
          0.        , -0.10644896],
        [-0.64512937, -0.66386829, -0.6790839 , ...,  0.08737116,
          0.10644896,  0.        ]],

       [[ 0.        ,  0.20811256, -0.1269671 , ..., -0.9348935 ,
         -0.94145937, -0.94222709],
        [-0.20811256,  0.        , -0.33061544, ..., -0.98828895,
         -0.99100626, -0.99130938],
        [ 0.1269671 ,  0.33061544,  0.        , ..., -0.88226311,
         -0.8910361 , -0.8920708 ],
        ...,
        [ 0.9348935 ,  0.98828895,  0.88226311, ...,  0.        ,
         -0.01897329, -0.02125736],
        [ 0.94145937,  0.99100626,  0.8910361 , ...,  0.01897329,
          0.        , -0.00228454],
        [ 0.94222709,  0.99130938,  0.8920708 , ...,  0.02125736,
          0.00228454,  0.        ]],

       [[ 0.        , -0.49446703, -0.6596668 , ..., -0.8474908 ,
         -0.94169776, -0.97201191],
        [ 0.49446703,  0.        , -0.20175925, ..., -0.99910403,
         -0.98488866, -0.96103516],
        [ 0.6596668 ,  0.20175925,  0.        , ..., -0.98709644,
         -0.92969215, -0.88550007],
        ...,
        [ 0.8474908 ,  0.99910403,  0.98709644, ...,  0.        ,
          0.21471591,  0.31685137],
        [ 0.94169776,  0.98488866,  0.92969215, ..., -0.21471591,
          0.        ,  0.10580859],
        [ 0.97201191,  0.96103516,  0.88550007, ..., -0.31685137,
         -0.10580859,  0.        ]]]), 'num': array([7.07095861e-01, 7.07095861e-01, 0.00000000e+00, 9.13028419e-05,
       9.25785303e-05, 9.03916359e-05, 5.55159549e-03, 9.11206007e-07,
       9.08290148e-05, 9.03779678e-05, 8.72403818e-05, 1.05817472e-06,
       1.03158947e-04, 7.75969888e-05])}
{'img': array([[[ 0.00000000e+00,  3.04964346e-02,  5.06385376e-01, ...,
          0.00000000e+00, -6.02830988e-02,  1.52180698e-02],
        [-3.04964346e-02,  0.00000000e+00,  4.79852546e-01, ...,
         -3.04964346e-02, -9.06960310e-02, -1.52819115e-02],
        [-5.06385376e-01, -4.79852546e-01,  0.00000000e+00, ...,
         -5.06385376e-01, -5.57446978e-01, -4.93204083e-01],
        ...,
        [ 0.00000000e+00,  3.04964346e-02,  5.06385376e-01, ...,
          0.00000000e+00, -6.02830988e-02,  1.52180698e-02],
        [ 6.02830988e-02,  9.06960310e-02,  5.57446978e-01, ...,
          6.02830988e-02,  0.00000000e+00,  7.54665110e-02],
        [-1.52180698e-02,  1.52819115e-02,  4.93204083e-01, ...,
         -1.52180698e-02, -7.54665110e-02,  0.00000000e+00]],

       [[ 0.00000000e+00, -9.75021586e-02,  1.00835937e-01, ...,
          2.12925611e-01,  1.01478798e-01,  1.00579157e-01],
        [ 9.75021586e-02,  0.00000000e+00,  1.97360682e-01, ...,
          3.07177366e-01,  1.97994107e-01,  1.97107660e-01],
        [-1.00835937e-01, -1.97360682e-01,  0.00000000e+00, ...,
          1.13316735e-01,  6.46175805e-04, -2.58091227e-04],
        ...,
        [-2.12925611e-01, -3.07177366e-01, -1.13316735e-01, ...,
          0.00000000e+00, -1.12674697e-01, -1.13573160e-01],
        [-1.01478798e-01, -1.97994107e-01, -6.46175805e-04, ...,
          1.12674697e-01,  0.00000000e+00, -9.04266957e-04],
        [-1.00579157e-01, -1.97107660e-01,  2.58091227e-04, ...,
          1.13573160e-01,  9.04266957e-04,  0.00000000e+00]],

       [[ 0.00000000e+00,  1.72413046e-02,  6.39589800e-02, ...,
          1.83905616e-01,  5.02186435e-02, -1.29384195e-01],
        [-1.72413046e-02,  0.00000000e+00,  4.67434694e-02, ...,
          1.66931044e-01,  3.29916285e-02, -1.46461346e-01],
        [-6.39589800e-02, -4.67434694e-02,  0.00000000e+00, ...,
          1.20660984e-01, -1.37624574e-02, -1.92540660e-01],
        ...,
        [-1.83905616e-01, -1.66931044e-01, -1.20660984e-01, ...,
          0.00000000e+00, -1.34311463e-01, -3.09537210e-01],
        [-5.02186435e-02, -3.29916285e-02,  1.37624574e-02, ...,
          1.34311463e-01,  0.00000000e+00, -1.79017477e-01],
        [ 1.29384195e-01,  1.46461346e-01,  1.92540660e-01, ...,
          3.09537210e-01,  1.79017477e-01,  0.00000000e+00]],

       ...,

       [[ 0.00000000e+00, -2.05329665e-02, -1.59460844e-01, ...,
          7.39704105e-01,  6.63868288e-01,  7.24091219e-01],
        [ 2.05329665e-02,  0.00000000e+00, -1.39156994e-01, ...,
          7.53365453e-01,  6.79083898e-01,  7.38100237e-01],
        [ 1.59460844e-01,  1.39156994e-01,  0.00000000e+00, ...,
          8.37545386e-01,  7.74626313e-01,  8.24806748e-01],
        ...,
        [-7.39704105e-01, -7.53365453e-01, -8.37545386e-01, ...,
          0.00000000e+00, -1.06448963e-01, -2.29126938e-02],
        [-6.63868288e-01, -6.79083898e-01, -7.74626313e-01, ...,
          1.06448963e-01,  0.00000000e+00,  8.36385088e-02],
        [-7.24091219e-01, -7.38100237e-01, -8.24806748e-01, ...,
          2.29126938e-02, -8.36385088e-02,  0.00000000e+00]],

       [[ 0.00000000e+00, -3.30615440e-01, -4.18496331e-01, ...,
         -9.91006260e-01, -9.91309380e-01, -9.92119932e-01],
        [ 3.30615440e-01,  0.00000000e+00, -9.46913688e-02, ...,
         -8.91036100e-01, -8.92070799e-01, -8.94905213e-01],
        [ 4.18496331e-01,  9.46913688e-02,  0.00000000e+00, ...,
         -8.44048902e-01, -8.45271819e-01, -8.48627497e-01],
        ...,
        [ 9.91006260e-01,  8.91036100e-01,  8.44048902e-01, ...,
          0.00000000e+00, -2.28453554e-03, -8.59606733e-03],
        [ 9.91309380e-01,  8.92070799e-01,  8.45271819e-01, ...,
          2.28453554e-03,  0.00000000e+00, -6.31159377e-03],
        [ 9.92119932e-01,  8.94905213e-01,  8.48627497e-01, ...,
          8.59606733e-03,  6.31159377e-03,  0.00000000e+00]],

       [[ 0.00000000e+00, -2.11911600e-01, -2.78826477e-01, ...,
         -9.89277034e-01, -9.68092252e-01, -9.28592620e-01],
        [ 2.11911600e-01,  0.00000000e+00, -6.89864999e-02, ...,
         -9.35859461e-01, -8.93001960e-01, -8.28862655e-01],
        [ 2.78826477e-01,  6.89864999e-02,  0.00000000e+00, ...,
         -9.09320851e-01, -8.59826901e-01, -7.88293322e-01],
        ...,
        [ 9.89277034e-01,  9.35859461e-01,  9.09320851e-01, ...,
          0.00000000e+00,  1.06515939e-01,  2.31499363e-01],
        [ 9.68092252e-01,  8.93001960e-01,  8.59826901e-01, ...,
         -1.06515939e-01,  0.00000000e+00,  1.26559922e-01],
        [ 9.28592620e-01,  8.28862655e-01,  7.88293322e-01, ...,
         -2.31499363e-01, -1.26559922e-01,  0.00000000e+00]]]), 'num': array([7.95272939e-01, 6.05967168e-01, 3.67584022e-05, 1.04878544e-04,
       1.06100430e-04, 9.97873522e-05, 1.85649888e-02, 2.85106721e-06,
       1.01905288e-04, 1.01757643e-04, 9.75387426e-05, 1.15766511e-06,
       1.15126499e-04, 8.83887872e-05])}
{'img': array([[[ 0.00000000e+00,  4.79852546e-01,  3.21796605e-01, ...,
         -9.06960310e-02, -1.52819115e-02,  2.05305560e-01],
        [-4.79852546e-01,  0.00000000e+00, -1.72000646e-01, ...,
         -5.57446978e-01, -4.93204083e-01, -2.89506032e-01],
        [-3.21796605e-01,  1.72000646e-01,  0.00000000e+00, ...,
         -4.06342162e-01, -3.36228076e-01, -1.20556554e-01],
        ...,
        [ 9.06960310e-02,  5.57446978e-01,  4.06342162e-01, ...,
          0.00000000e+00,  7.54665110e-02,  2.93223435e-01],
        [ 1.52819115e-02,  4.93204083e-01,  3.36228076e-01, ...,
         -7.54665110e-02,  0.00000000e+00,  2.20237960e-01],
        [-2.05305560e-01,  2.89506032e-01,  1.20556554e-01, ...,
         -2.93223435e-01, -2.20237960e-01,  0.00000000e+00]],

       [[ 0.00000000e+00,  1.97360682e-01,  6.93867456e-02, ...,
          1.97994107e-01,  1.97107660e-01,  5.98336206e-01],
        [-1.97360682e-01,  0.00000000e+00, -1.28863036e-01, ...,
          6.46175805e-04, -2.58091227e-04,  4.28433210e-01],
        [-6.93867456e-02,  1.28863036e-01,  0.00000000e+00, ...,
          1.29503797e-01,  1.28607092e-01,  5.41298325e-01],
        ...,
        [-1.97994107e-01, -6.46175805e-04, -1.29503797e-01, ...,
          0.00000000e+00, -9.04266957e-04,  4.27849254e-01],
        [-1.97107660e-01,  2.58091227e-04, -1.28607092e-01, ...,
          9.04266957e-04,  0.00000000e+00,  4.28666401e-01],
        [-5.98336206e-01, -4.28433210e-01, -5.41298325e-01, ...,
         -4.27849254e-01, -4.28666401e-01,  0.00000000e+00]],

       [[ 0.00000000e+00,  4.67434694e-02,  7.45520748e-02, ...,
          3.29916285e-02, -1.46461346e-01, -1.10382509e-01],
        [-4.67434694e-02,  0.00000000e+00,  2.78571958e-02, ...,
         -1.37624574e-02, -1.92540660e-01, -1.56719681e-01],
        [-7.45520748e-02, -2.78571958e-02,  0.00000000e+00, ...,
         -4.16116739e-02, -2.19801897e-01, -1.84171828e-01],
        ...,
        [-3.29916285e-02,  1.37624574e-02,  4.16116739e-02, ...,
          0.00000000e+00, -1.79017477e-01, -1.43112442e-01],
        [ 1.46461346e-01,  1.92540660e-01,  2.19801897e-01, ...,
          1.79017477e-01,  0.00000000e+00,  3.63741599e-02],
        [ 1.10382509e-01,  1.56719681e-01,  1.84171828e-01, ...,
          1.43112442e-01, -3.63741599e-02,  0.00000000e+00]],

       ...,

       [[ 0.00000000e+00, -1.39156994e-01, -7.65947848e-02, ...,
          6.79083898e-01,  7.38100237e-01,  7.12924689e-01],
        [ 1.39156994e-01,  0.00000000e+00,  6.28986498e-02, ...,
          7.74626313e-01,  8.24806748e-01,  8.03570703e-01],
        [ 7.65947848e-02, -6.28986498e-02,  0.00000000e+00, ...,
          7.33314175e-01,  7.87609741e-01,  7.64541706e-01],
        ...,
        [-6.79083898e-01, -7.74626313e-01, -7.33314175e-01, ...,
          0.00000000e+00,  8.36385088e-02,  4.71287663e-02],
        [-7.38100237e-01, -8.24806748e-01, -7.87609741e-01, ...,
         -8.36385088e-02,  0.00000000e+00, -3.65819369e-02],
        [-7.12924689e-01, -8.03570703e-01, -7.64541706e-01, ...,
         -4.71287663e-02,  3.65819369e-02,  0.00000000e+00]],

       [[ 0.00000000e+00, -2.67979812e-01, -3.40576482e-01, ...,
         -9.86412462e-01, -9.87463539e-01, -9.88696907e-01],
        [ 2.67979812e-01,  0.00000000e+00, -7.61606114e-02, ...,
         -9.06308169e-01, -9.09046713e-01, -9.12357156e-01],
        [ 3.40576482e-01,  7.61606114e-02,  0.00000000e+00, ...,
         -8.71489051e-01, -8.74670757e-01, -8.78527484e-01],
        ...,
        [ 9.86412462e-01,  9.06308169e-01,  8.71489051e-01, ...,
          0.00000000e+00, -6.52561900e-03, -1.45398432e-02],
        [ 9.87463539e-01,  9.09046713e-01,  8.74670757e-01, ...,
          6.52561900e-03,  0.00000000e+00, -8.01460446e-03],
        [ 9.88696907e-01,  9.12357156e-01,  8.78527484e-01, ...,
          1.45398432e-02,  8.01460446e-03,  0.00000000e+00]],

       [[ 0.00000000e+00, -6.89864999e-02, -1.55379099e-01, ...,
         -8.93001960e-01, -8.28862655e-01, -7.25678614e-01],
        [ 6.89864999e-02,  0.00000000e+00, -8.68602699e-02, ...,
         -8.59826901e-01, -7.88293322e-01, -6.76484706e-01],
        [ 1.55379099e-01,  8.68602699e-02,  0.00000000e+00, ...,
         -8.12227582e-01, -7.31868879e-01, -6.09959110e-01],
        ...,
        [ 8.93001960e-01,  8.59826901e-01,  8.12227582e-01, ...,
          0.00000000e+00,  1.26559922e-01,  2.87821885e-01],
        [ 8.28862655e-01,  7.88293322e-01,  7.31868879e-01, ...,
         -1.26559922e-01,  0.00000000e+00,  1.64303092e-01],
        [ 7.25678614e-01,  6.76484706e-01,  6.09959110e-01, ...,
         -2.87821885e-01, -1.64303092e-01,  0.00000000e+00]]]), 'num': array([ 7.89357452e-01,  6.13656263e-01,  3.72248282e-05,  9.73413789e-05,
        1.01775361e-04,  9.58977568e-05,  1.84586477e-02, -8.86796461e-06,
        1.02455926e-04,  1.03368501e-04,  9.86732922e-05,  9.94850271e-07,
        1.16022037e-04,  9.07149659e-05])}
{'img': array([[[ 0.00000000e+00, -1.72000646e-01, -2.40618954e-01, ...,
         -4.93204083e-01, -2.89506032e-01, -8.11168076e-01],
        [ 1.72000646e-01,  0.00000000e+00, -7.00857624e-02, ...,
         -3.36228076e-01, -1.20556554e-01, -6.98490876e-01],
        [ 2.40618954e-01,  7.00857624e-02,  0.00000000e+00, ...,
         -2.69395870e-01, -5.06855129e-02, -6.46618566e-01],
        ...,
        [ 4.93204083e-01,  3.36228076e-01,  2.69395870e-01, ...,
          0.00000000e+00,  2.20237960e-01, -4.17213964e-01],
        [ 2.89506032e-01,  1.20556554e-01,  5.06855129e-02, ...,
         -2.20237960e-01,  0.00000000e+00, -6.07123850e-01],
        [ 8.11168076e-01,  6.98490876e-01,  6.46618566e-01, ...,
          4.17213964e-01,  6.07123850e-01,  0.00000000e+00]],

       [[ 0.00000000e+00, -1.28863036e-01, -2.09992010e-01, ...,
         -2.58091227e-04,  4.28433210e-01,  4.19724492e-01],
        [ 1.28863036e-01,  0.00000000e+00, -8.22513912e-02, ...,
          1.28607092e-01,  5.41298325e-01,  5.33187733e-01],
        [ 2.09992010e-01,  8.22513912e-02,  0.00000000e+00, ...,
          2.09739667e-01,  6.08623685e-01,  6.00965514e-01],
        ...,
        [ 2.58091227e-04, -1.28607092e-01, -2.09739667e-01, ...,
          0.00000000e+00,  4.28666401e-01,  4.19958735e-01],
        [-4.28433210e-01, -5.41298325e-01, -6.08623685e-01, ...,
         -4.28666401e-01,  0.00000000e+00, -9.61616223e-03],
        [-4.19724492e-01, -5.33187733e-01, -6.00965514e-01, ...,
         -4.19958735e-01,  9.61616223e-03,  0.00000000e+00]],

       [[ 0.00000000e+00,  2.78571958e-02,  1.20660984e-01, ...,
         -1.92540660e-01, -1.56719681e-01, -2.20700303e-01],
        [-2.78571958e-02,  0.00000000e+00,  9.29604927e-02, ...,
         -2.19801897e-01, -1.84171828e-01, -2.47784936e-01],
        [-1.20660984e-01, -9.29604927e-02,  0.00000000e+00, ...,
         -3.09537210e-01, -2.74744643e-01, -3.36773503e-01],
        ...,
        [ 1.92540660e-01,  2.19801897e-01,  3.09537210e-01, ...,
          0.00000000e+00,  3.63741599e-02, -2.87778505e-02],
        [ 1.56719681e-01,  1.84171828e-01,  2.74744643e-01, ...,
         -3.63741599e-02,  0.00000000e+00, -6.51179013e-02],
        [ 2.20700303e-01,  2.47784936e-01,  3.36773503e-01, ...,
          2.87778505e-02,  6.51179013e-02,  0.00000000e+00]],

       ...,

       [[ 0.00000000e+00,  6.28986498e-02,  1.51424135e-01, ...,
          8.24806748e-01,  8.03570703e-01,  6.26465575e-01],
        [-6.28986498e-02,  0.00000000e+00,  8.89509451e-02, ...,
          7.87609741e-01,  7.64541706e-01,  5.76198828e-01],
        [-1.51424135e-01, -8.89509451e-02,  0.00000000e+00, ...,
          7.29678366e-01,  7.04175579e-01,  5.01214323e-01],
        ...,
        [-8.24806748e-01, -7.87609741e-01, -7.29678366e-01, ...,
          0.00000000e+00, -3.65819369e-02, -2.88681998e-01],
        [-8.03570703e-01, -7.64541706e-01, -7.04175579e-01, ...,
          3.65819369e-02,  0.00000000e+00, -2.53464309e-01],
        [-6.26465575e-01, -5.76198828e-01, -5.01214323e-01, ...,
          2.88681998e-01,  2.53464309e-01,  0.00000000e+00]],

       [[ 0.00000000e+00, -2.16150917e-01, -4.12422110e-01, ...,
         -9.83773275e-01, -9.85210325e-01, -9.89970424e-01],
        [ 2.16150917e-01,  0.00000000e+00, -2.05760493e-01, ...,
         -9.21735882e-01, -9.24882589e-01, -9.36030817e-01],
        [ 4.12422110e-01,  2.05760493e-01,  0.00000000e+00, ...,
         -8.22215263e-01, -8.26851299e-01, -8.43591156e-01],
        ...,
        [ 9.83773275e-01,  9.21735882e-01,  8.22215263e-01, ...,
          0.00000000e+00, -8.19365485e-03, -3.86343079e-02],
        [ 9.85210325e-01,  9.24882589e-01,  8.26851299e-01, ...,
          8.19365485e-03,  0.00000000e+00, -3.04454734e-02],
        [ 9.89970424e-01,  9.36030817e-01,  8.43591156e-01, ...,
          3.86343079e-02,  3.04454734e-02,  0.00000000e+00]],

       [[ 0.00000000e+00, -8.68602699e-02, -1.44588811e-01, ...,
         -7.88293322e-01, -6.76484706e-01, -5.85216943e-01],
        [ 8.68602699e-02,  0.00000000e+00, -5.80948107e-02, ...,
         -7.31868879e-01, -6.09959110e-01, -5.12572143e-01],
        [ 1.44588811e-01,  5.80948107e-02,  0.00000000e+00, ...,
         -6.91044358e-01, -5.62892693e-01, -4.61823675e-01],
        ...,
        [ 7.88293322e-01,  7.31868879e-01,  6.91044358e-01, ...,
          0.00000000e+00,  1.64303092e-01,  2.79124970e-01],
        [ 6.76484706e-01,  6.09959110e-01,  5.62892693e-01, ...,
         -1.64303092e-01,  0.00000000e+00,  1.17558804e-01],
        [ 5.85216943e-01,  5.12572143e-01,  4.61823675e-01, ...,
         -2.79124970e-01, -1.17558804e-01,  0.00000000e+00]]]), 'num': array([ 7.88263447e-01,  6.15272066e-01,  3.73228439e-05,  9.58401007e-05,
        1.01009470e-04,  9.49096142e-05,  8.99668704e-03, -1.75758545e-06,
        1.01216244e-04,  1.03806098e-04,  9.87004848e-05,  7.52677036e-07,
        1.15985373e-04,  9.16268236e-05])}
{'img': array([[[ 0.        , -0.07008576, -0.26264922, ..., -0.12055655,
         -0.69849088, -0.78435511],
        [ 0.07008576,  0.        , -0.19437821, ..., -0.05068551,
         -0.64661857, -0.73895132],
        [ 0.26264922,  0.19437821,  0.        , ...,  0.1444096 ,
         -0.48601107, -0.59389301],
        ...,
        [ 0.12055655,  0.05068551, -0.1444096 , ...,  0.        ,
         -0.60712385, -0.7038517 ],
        [ 0.69849088,  0.64661857,  0.48601107, ...,  0.60712385,
          0.        , -0.12801707],
        [ 0.78435511,  0.73895132,  0.59389301, ...,  0.7038517 ,
          0.12801707,  0.        ]],

       [[ 0.        , -0.08225139,  0.04484623, ...,  0.54129832,
          0.53318773,  0.24687378],
        [ 0.08225139,  0.        ,  0.12686291, ...,  0.60862368,
          0.60096551,  0.32574279],
        [-0.04484623, -0.12686291,  0.        , ...,  0.50304564,
          0.49471152,  0.20316727],
        ...,
        [-0.54129832, -0.60862368, -0.50304564, ...,  0.        ,
         -0.00961616, -0.31696483],
        [-0.53318773, -0.60096551, -0.49471152, ...,  0.00961616,
          0.        , -0.30782985],
        [-0.24687378, -0.32574279, -0.20316727, ...,  0.31696483,
          0.30782985,  0.        ]],

       [[ 0.        ,  0.09296049,  0.11872334, ..., -0.18417183,
         -0.24778494, -0.36991219],
        [-0.09296049,  0.        ,  0.02590623, ..., -0.27474464,
         -0.3367735 , -0.4546769 ],
        [-0.11872334, -0.02590623,  0.        , ..., -0.29956172,
         -0.36105341, -0.47759784],
        ...,
        [ 0.18417183,  0.27474464,  0.29956172, ...,  0.        ,
         -0.0651179 , -0.19247658],
        [ 0.24778494,  0.3367735 ,  0.36105341, ...,  0.0651179 ,
          0.        , -0.12816776],
        [ 0.36991219,  0.4546769 ,  0.47759784, ...,  0.19247658,
          0.12816776,  0.        ]],

       ...,

       [[ 0.        ,  0.08895095,  0.05483924, ...,  0.76454171,
          0.57619883,  0.24070772],
        [-0.08895095,  0.        , -0.03419523, ...,  0.70417558,
          0.50121432,  0.15341798],
        [-0.05483924,  0.03419523,  0.        , ...,  0.72804326,
          0.53051112,  0.18711866],
        ...,
        [-0.76454171, -0.70417558, -0.72804326, ...,  0.        ,
         -0.25346431, -0.58690838],
        [-0.57619883, -0.50121432, -0.53051112, ...,  0.25346431,
          0.        , -0.36252451],
        [-0.24070772, -0.15341798, -0.18711866, ...,  0.58690838,
          0.36252451,  0.        ]],

       [[ 0.        , -0.35766223, -0.44473451, ..., -0.98267061,
         -0.98792608, -0.99063272],
        [ 0.35766223,  0.        , -0.09497115, ..., -0.85137155,
         -0.86716459, -0.8762634 ],
        [ 0.44473451,  0.09497115,  0.        , ..., -0.79770501,
         -0.81594734, -0.82654253],
        ...,
        [ 0.98267061,  0.85137155,  0.79770501, ...,  0.        ,
         -0.03088111, -0.04943709],
        [ 0.98792608,  0.86716459,  0.81594734, ...,  0.03088111,
          0.        , -0.01857016],
        [ 0.99063272,  0.8762634 ,  0.82654253, ...,  0.04943709,
          0.01857016,  0.        ]],

       [[ 0.        , -0.05809481, -0.15666501, ..., -0.60995911,
         -0.51257214, -0.45424031],
        [ 0.05809481,  0.        , -0.09902297, ..., -0.56289269,
         -0.46182367, -0.40171767],
        [ 0.15666501,  0.09902297,  0.        , ..., -0.4782807 ,
         -0.3717233 , -0.30906166],
        ...,
        [ 0.60995911,  0.56289269,  0.4782807 , ...,  0.        ,
          0.1175588 ,  0.18344492],
        [ 0.51257214,  0.46182367,  0.3717233 , ..., -0.1175588 ,
          0.        ,  0.06660907],
        [ 0.45424031,  0.40171767,  0.30906166, ..., -0.18344492,
         -0.06660907,  0.        ]]]), 'num': array([7.90598289e-01, 6.12310857e-01, 3.71432149e-05, 9.87742004e-05,
       9.91857596e-05, 9.50701679e-05, 5.44764409e-03, 3.39536314e-06,
       1.00070612e-04, 1.03579154e-04, 9.80814091e-05, 8.31791039e-07,
       1.15015038e-04, 9.21432692e-05])}
{'img': array([[[ 0.        , -0.19437821,  0.22062102, ..., -0.64661857,
         -0.73895132, -0.55202974],
        [ 0.19437821,  0.        ,  0.4060017 , ..., -0.48601107,
         -0.59389301, -0.37942339],
        [-0.22062102, -0.4060017 ,  0.        , ..., -0.79897832,
         -0.86938863, -0.72238671],
        ...,
        [ 0.64661857,  0.48601107,  0.79897832, ...,  0.        ,
         -0.12801707,  0.11807061],
        [ 0.73895132,  0.59389301,  0.86938863, ...,  0.12801707,
          0.        ,  0.24422074],
        [ 0.55202974,  0.37942339,  0.72238671, ..., -0.11807061,
         -0.24422074,  0.        ]],

       [[ 0.        ,  0.12686291,  0.44039918, ...,  0.60096551,
          0.32574279,  0.16719064],
        [-0.12686291,  0.        ,  0.32294308, ...,  0.49471152,
          0.20316727,  0.04076252],
        [-0.44039918, -0.32294308,  0.        , ...,  0.18754805,
         -0.12392656, -0.28409627],
        ...,
        [-0.60096551, -0.49471152, -0.18754805, ...,  0.        ,
         -0.30782985, -0.45887538],
        [-0.32574279, -0.20316727,  0.12392656, ...,  0.30782985,
          0.        , -0.16308603],
        [-0.16719064, -0.04076252,  0.28409627, ...,  0.45887538,
          0.16308603,  0.        ]],

       [[ 0.        ,  0.02590623,  0.15435753, ..., -0.3367735 ,
         -0.4546769 , -0.50322949],
        [-0.02590623,  0.        ,  0.12870998, ..., -0.36105341,
         -0.47759784, -0.52544753],
        [-0.15435753, -0.12870998,  0.        , ..., -0.47807813,
         -0.58670715, -0.6305868 ],
        ...,
        [ 0.3367735 ,  0.36105341,  0.47807813, ...,  0.        ,
         -0.12816776, -0.18280992],
        [ 0.4546769 ,  0.47759784,  0.58670715, ...,  0.12816776,
          0.        , -0.05529428],
        [ 0.50322949,  0.52544753,  0.6305868 , ...,  0.18280992,
          0.05529428,  0.        ]],

       ...,

       [[ 0.        , -0.03419523,  0.21525907, ...,  0.50121432,
          0.15341798,  0.28146388],
        [ 0.03419523,  0.        ,  0.24852677, ...,  0.53051112,
          0.18711866,  0.31411205],
        [-0.21525907, -0.24852677,  0.        , ...,  0.30319568,
         -0.0628893 ,  0.06830898],
        ...,
        [-0.50121432, -0.53051112, -0.30319568, ...,  0.        ,
         -0.36252451, -0.23739393],
        [-0.15341798, -0.18711866,  0.0628893 , ...,  0.36252451,
          0.        ,  0.13091616],
        [-0.28146388, -0.31411205, -0.06830898, ...,  0.23739393,
         -0.13091616,  0.        ]],

       [[ 0.        , -0.2782622 , -0.43506137, ..., -0.98091615,
         -0.98449189, -0.98831374],
        [ 0.2782622 ,  0.        , -0.16733118, ..., -0.88807216,
         -0.89679396, -0.90686399],
        [ 0.43506137,  0.16733118,  0.        , ..., -0.79862818,
         -0.81011443, -0.8235606 ],
        ...,
        [ 0.98091615,  0.88807216,  0.79862818, ...,  0.        ,
         -0.01933373, -0.04263465],
        [ 0.98449189,  0.89679396,  0.81011443, ...,  0.01933373,
          0.        , -0.02331053],
        [ 0.98831374,  0.90686399,  0.8235606 , ...,  0.04263465,
          0.02331053,  0.        ]],

       [[ 0.        , -0.09902297, -0.1122597 , ..., -0.46182367,
         -0.40171767, -0.31079808],
        [ 0.09902297,  0.        , -0.01331092, ..., -0.3717233 ,
         -0.30906166, -0.2151516 ],
        [ 0.1122597 ,  0.01331092,  0.        , ..., -0.35933326,
         -0.29637504, -0.20213336],
        ...,
        [ 0.46182367,  0.3717233 ,  0.35933326, ...,  0.        ,
          0.06660907,  0.16328318],
        [ 0.40171767,  0.30906166,  0.29637504, ..., -0.06660907,
          0.        ,  0.09720543],
        [ 0.31079808,  0.2151516 ,  0.20213336, ..., -0.16328318,
         -0.09720543,  0.        ]]]), 'num': array([7.91090547e-01, 6.11686286e-01, 3.71053280e-05, 9.93929423e-05,
       1.00831930e-04, 9.76456000e-05, 3.94352548e-03, 7.19493894e-07,
       9.92490435e-05, 1.03617399e-04, 9.78631612e-05, 7.99662033e-07,
       1.14756336e-04, 9.24784622e-05])}
{'img': array([[[ 0.        ,  0.4060017 ,  0.24539335, ..., -0.59389301,
         -0.37942339, -0.33130658],
        [-0.4060017 ,  0.        , -0.16932943, ..., -0.86938863,
         -0.72238671, -0.68584392],
        [-0.24539335,  0.16932943,  0.        , ..., -0.77316365,
         -0.5948656 , -0.55271073],
        ...,
        [ 0.59389301,  0.86938863,  0.77316365, ...,  0.        ,
          0.24422074,  0.29380108],
        [ 0.37942339,  0.72238671,  0.5948656 , ..., -0.24422074,
          0.        ,  0.05146224],
        [ 0.33130658,  0.68584392,  0.55271073, ..., -0.29380108,
         -0.05146224,  0.        ]],

       [[ 0.        ,  0.32294308,  0.0222475 , ...,  0.20316727,
          0.04076252, -0.05265838],
        [-0.32294308,  0.        , -0.30180771, ..., -0.12392656,
         -0.28409627, -0.37233188],
        [-0.0222475 ,  0.30180771,  0.        , ...,  0.18133348,
          0.01852343, -0.07486198],
        ...,
        [-0.20316727,  0.12392656, -0.18133348, ...,  0.        ,
         -0.16308603, -0.25444553],
        [-0.04076252,  0.28409627, -0.01852343, ...,  0.16308603,
          0.        , -0.09332058],
        [ 0.05265838,  0.37233188,  0.07486198, ...,  0.25444553,
          0.09332058,  0.        ]],

       [[ 0.        ,  0.12870998,  0.08112027, ..., -0.47759784,
         -0.52544753, -0.57561073],
        [-0.12870998,  0.        , -0.04784026, ..., -0.58670715,
         -0.6305868 , -0.67607218],
        [-0.08112027,  0.04784026,  0.        , ..., -0.54729437,
         -0.59273506, -0.64004768],
        ...,
        [ 0.47759784,  0.58670715,  0.54729437, ...,  0.        ,
         -0.05529428, -0.1151761 ],
        [ 0.52544753,  0.6305868 ,  0.59273506, ...,  0.05529428,
          0.        , -0.0600736 ],
        [ 0.57561073,  0.67607218,  0.64004768, ...,  0.1151761 ,
          0.0600736 ,  0.        ]],

       ...,

       [[ 0.        ,  0.24852677,  0.40911659, ...,  0.18711866,
          0.31411205,  0.26744309],
        [-0.24852677,  0.        ,  0.16950434, ..., -0.0628893 ,
          0.06830898,  0.01957822],
        [-0.40911659, -0.16950434,  0.        , ..., -0.23114806,
         -0.10178791, -0.15017693],
        ...,
        [-0.18711866,  0.0628893 ,  0.23114806, ...,  0.        ,
          0.13091616,  0.08241671],
        [-0.31411205, -0.06830898,  0.10178791, ..., -0.13091616,
          0.        , -0.04876339],
        [-0.26744309, -0.01957822,  0.15017693, ..., -0.08241671,
          0.04876339,  0.        ]],

       [[ 0.        , -0.34477642, -0.50851672, ..., -0.97997726,
         -0.98445278, -0.98585629],
        [ 0.34477642,  0.        , -0.18046646, ..., -0.85124156,
         -0.8635311 , -0.86762628],
        [ 0.50851672,  0.18046646,  0.        , ..., -0.74256102,
         -0.75834446, -0.76364987],
        ...,
        [ 0.97997726,  0.85124156,  0.74256102, ...,  0.        ,
         -0.02388135, -0.03205608],
        [ 0.98445278,  0.8635311 ,  0.75834446, ...,  0.02388135,
          0.        , -0.00817786],
        [ 0.98585629,  0.86762628,  0.76364987, ...,  0.03205608,
          0.00817786,  0.        ]],

       [[ 0.        , -0.01331092, -0.02435017, ..., -0.30906166,
         -0.2151516 , -0.17124787],
        [ 0.01331092,  0.        , -0.01104104, ..., -0.29637504,
         -0.20213336, -0.15811841],
        [ 0.02435017,  0.01104104,  0.        , ..., -0.28581198,
         -0.1913079 , -0.14720662],
        ...,
        [ 0.30906166,  0.29637504,  0.28581198, ...,  0.        ,
          0.09720543,  0.14163228],
        [ 0.2151516 ,  0.20213336,  0.1913079 , ..., -0.09720543,
          0.        ,  0.04473602],
        [ 0.17124787,  0.15811841,  0.14720662, ..., -0.14163228,
         -0.04473602,  0.        ]]]), 'num': array([ 9.24592964e-01,  3.80912532e-01,  1.13859776e-04,  1.15578323e-04,
        1.19088031e-04,  1.13762957e-04,  5.77654408e-03, -1.45229306e-06,
        1.15045816e-04,  1.22204410e-04,  1.15114396e-04,  9.92249920e-07,
        1.34790223e-04,  1.09618598e-04])}
{'img': array([[[ 0.        , -0.16932943, -0.26977405, ..., -0.72238671,
         -0.68584392, -0.74736448],
        [ 0.16932943,  0.        , -0.10282707, ..., -0.5948656 ,
         -0.55271073, -0.62406728],
        [ 0.26977405,  0.10282707,  0.        , ..., -0.50905738,
         -0.46408762, -0.54041321],
        ...,
        [ 0.72238671,  0.5948656 ,  0.50905738, ...,  0.        ,
          0.05146224, -0.0368305 ],
        [ 0.68584392,  0.55271073,  0.46408762, ..., -0.05146224,
          0.        , -0.08820902],
        [ 0.74736448,  0.62406728,  0.54041321, ...,  0.0368305 ,
          0.08820902,  0.        ]],

       [[ 0.        , -0.30180771, -0.47063978, ..., -0.28409627,
         -0.37233188, -0.31354552],
        [ 0.30180771,  0.        , -0.18240067, ...,  0.01852343,
         -0.07486198, -0.01233602],
        [ 0.47063978,  0.18240067,  0.        , ...,  0.20058206,
          0.10828272,  0.17025771],
        ...,
        [ 0.28409627, -0.01852343, -0.20058206, ...,  0.        ,
         -0.09332058, -0.03085592],
        [ 0.37233188,  0.07486198, -0.10828272, ...,  0.09332058,
          0.        ,  0.06255488],
        [ 0.31354552,  0.01233602, -0.17025771, ...,  0.03085592,
         -0.06255488,  0.        ]],

       [[ 0.        , -0.04784026, -0.08003468, ..., -0.6305868 ,
         -0.67607218, -0.76486166],
        [ 0.04784026,  0.        , -0.03225626, ..., -0.59273506,
         -0.64004768, -0.73316746],
        [ 0.08003468,  0.03225626,  0.        , ..., -0.56644751,
         -0.614931  , -0.71085014],
        ...,
        [ 0.6305868 ,  0.59273506,  0.56644751, ...,  0.        ,
         -0.0600736 , -0.18740287],
        [ 0.67607218,  0.64004768,  0.614931  , ...,  0.0600736 ,
          0.        , -0.12805513],
        [ 0.76486166,  0.73316746,  0.71085014, ...,  0.18740287,
          0.12805513,  0.        ]],

       ...,

       [[ 0.        ,  0.16950434,  0.40027281, ...,  0.06830898,
          0.01957822,  0.08636503],
        [-0.16950434,  0.        ,  0.23914754, ..., -0.10178791,
         -0.15017693, -0.08375571],
        [-0.40027281, -0.23914754,  0.        , ..., -0.33673979,
         -0.38225468, -0.31963264],
        ...,
