state_0,state_1,state_2,state_3,state_4,state_5,state_6,state_7,state_8,state_9,state_10,state_11,state_12,state_13,state_14,state_15,state_16,state_17,state_18,state_19,state_20,state_21,state_22,state_23,state_24,state_25,state_26,state_27,state_28,state_29,state_30,state_31,state_32,state_33,state_34,state_35,state_36,state_37,state_38,state_39,state_40,state_41,state_42,state_43,state_44,state_45,state_46,state_47,state_48,state_49,state_50,state_51,state_52,state_53,state_54,state_55,state_56,state_57,state_58,state_59,state_60,state_61,state_62,state_63,state_64,state_65,state_66,state_67,state_68,state_69,state_70,state_71,state_72,state_73,state_74,state_75,state_76,state_77,state_78,state_79,state_80,state_81,state_82,state_83,state_84,state_85,state_86,state_87,state_88,state_89,state_90,state_91,state_92,state_93,state_94,state_95,state_96,state_97,state_98,state_99,state_100,state_101,state_102,state_103,state_104,state_105,state_106,state_107,state_108,state_109,state_110,state_111,state_112,state_113,state_114,state_115,state_116,state_117,state_118,state_119,state_120,state_121,state_122,state_123,state_124,state_125,state_126,state_127,state_128,state_129,state_130,state_131,state_132,state_133,state_134,state_135,state_136,state_137,state_138,state_139,state_140,state_141,state_142,state_143,state_144,state_145,state_146,state_147,state_148,state_149,state_150,state_151,state_152,state_153,state_154,state_155,state_156,state_157,state_158,state_159,state_160,state_161,state_162,state_163,state_164,state_165,state_166,state_167,state_168,state_169,state_170,state_171,state_172,state_173,state_174,state_175,state_176,state_177,state_178,state_179,state_180,state_181,state_182,state_183,state_184,state_185,state_186,state_187,state_188,state_189,state_190,state_191,state_192,state_193,state_194,state_195,state_196,state_197,state_198,state_199,state_200,state_201,state_202,state_203,state_204,state_205,state_206,state_207,state_208,state_209,state_210,state_211,state_212,state_213,state_214,state_215,state_216,state_217,state_218,state_219,state_220,state_221,state_222,state_223,state_224,state_225,state_226,state_227,state_228,state_229,state_230,state_231,state_232,state_233,state_234,state_235,state_236,state_237,state_238,state_239,state_240,state_241,state_242,state_243,state_244,state_245,state_246,state_247,state_248,state_249,state_250,state_251,state_252,state_253,state_254,state_255,state_256,state_257,state_258,state_259,state_260,state_261,state_262,state_263,state_264,state_265,state_266,state_267,state_268,state_269,state_270,state_271,state_272,state_273,state_274,state_275,state_276,state_277,state_278,state_279,state_280,state_281,state_282,state_283,state_284,state_285,state_286,state_287
{'img': array([[[ 0.00000000e+00, -2.57306329e-01,  2.64361966e-02, ...,
          6.22742593e-01,  9.51842003e-01,  9.74500961e-01],
        [ 2.57306329e-01,  0.00000000e+00,  2.82762488e-01, ...,
          4.00451418e-01,  8.40906092e-01,  8.83954155e-01],
        [-2.64361966e-02, -2.82762488e-01,  0.00000000e+00, ...,
          6.43209334e-01,  9.59614383e-01,  9.80092217e-01],
        ...,
        [-6.22742593e-01, -4.00451418e-01, -6.43209334e-01, ...,
          0.00000000e+00, -5.53820656e-01, -6.22742593e-01],
        [-9.51842003e-01, -8.40906092e-01, -9.59614383e-01, ...,
          5.53820656e-01,  0.00000000e+00, -8.51937791e-02],
        [-9.74500961e-01, -8.83954155e-01, -9.80092217e-01, ...,
          6.22742593e-01,  8.51937791e-02,  0.00000000e+00]],

       [[ 0.00000000e+00, -1.01607033e-01,  7.17791727e-01, ...,
          6.87184202e-01,  8.65541228e-01,  6.46483860e-01],
        [ 1.01607033e-01,  0.00000000e+00,  7.84821575e-01, ...,
          7.57443562e-01,  9.11950348e-01,  7.20656872e-01],
        [-7.17791727e-01, -7.84821575e-01,  0.00000000e+00, ...,
         -4.30062312e-02,  2.43142757e-01, -9.75036828e-02],
        ...,
        [-6.87184202e-01, -7.57443562e-01,  4.30062312e-02, ...,
          0.00000000e+00,  2.84633439e-01, -5.46121592e-02],
        [-8.65541228e-01, -9.11950348e-01, -2.43142757e-01, ...,
         -2.84633439e-01,  0.00000000e+00, -3.36561870e-01],
        [-6.46483860e-01, -7.20656872e-01,  9.75036828e-02, ...,
          5.46121592e-02,  3.36561870e-01,  0.00000000e+00]],

       [[ 0.00000000e+00, -1.55603557e-01, -2.07325542e-01, ...,
          9.70798056e-01,  8.73282261e-01,  5.95347662e-01],
        [ 1.55603557e-01,  0.00000000e+00, -5.25776271e-02, ...,
          9.21644324e-01,  7.86832992e-01,  4.63073570e-01],
        [ 2.07325542e-01,  5.25776271e-02,  0.00000000e+00, ...,
          8.99967544e-01,  7.53295554e-01,  4.15832470e-01],
        ...,
        [-9.70798056e-01, -9.21644324e-01, -8.99967544e-01, ...,
          0.00000000e+00,  2.63488192e-01,  6.37182557e-01],
        [-8.73282261e-01, -7.86832992e-01, -7.53295554e-01, ...,
         -2.63488192e-01,  0.00000000e+00,  4.11592445e-01],
        [-5.95347662e-01, -4.63073570e-01, -4.15832470e-01, ...,
         -6.37182557e-01, -4.11592445e-01,  0.00000000e+00]],

       ...,

       [[ 0.00000000e+00, -6.40658302e-01, -6.06095075e-01, ...,
          9.46740861e-01,  6.78529449e-01,  5.30017422e-01],
        [ 6.40658302e-01,  0.00000000e+00,  4.41989934e-02, ...,
          9.33222082e-01,  9.91603049e-01,  9.50230970e-01],
        [ 6.06095075e-01, -4.41989934e-02,  0.00000000e+00, ...,
          9.48190790e-01,  9.84918234e-01,  9.35532321e-01],
        ...,
        [-9.46740861e-01, -9.33222082e-01, -9.48190790e-01, ...,
          0.00000000e+00, -4.76966362e-01, -6.32159957e-01],
        [-6.78529449e-01, -9.91603049e-01, -9.84918234e-01, ...,
          4.76966362e-01,  0.00000000e+00, -1.86047390e-01],
        [-5.30017422e-01, -9.50230970e-01, -9.35532321e-01, ...,
          6.32159957e-01,  1.86047390e-01,  0.00000000e+00]],

       [[ 0.00000000e+00, -7.85183316e-02, -2.82978256e-01, ...,
          8.53679899e-01,  6.91086091e-01,  2.82978256e-01],
        [ 7.85183316e-02,  0.00000000e+00, -2.06795610e-01, ...,
          8.10152112e-01,  6.32201593e-01,  2.06795610e-01],
        [ 2.82978256e-01,  2.06795610e-01,  0.00000000e+00, ...,
          6.71412334e-01,  4.58309975e-01,  0.00000000e+00],
        ...,
        [-8.53679899e-01, -8.10152112e-01, -6.71412334e-01, ...,
          0.00000000e+00,  2.57100010e-01,  6.71412334e-01],
        [-6.91086091e-01, -6.32201593e-01, -4.58309975e-01, ...,
         -2.57100010e-01,  0.00000000e+00,  4.58309975e-01],
        [-2.82978256e-01, -2.06795610e-01, -0.00000000e+00, ...,
         -6.71412334e-01, -4.58309975e-01,  0.00000000e+00]],

       [[ 0.00000000e+00,  1.01897522e-01,  2.33611127e-01, ...,
          9.99641183e-01,  9.96280367e-01,  9.96326310e-01],
        [-1.01897522e-01,  0.00000000e+00,  1.33317129e-01, ...,
          9.91708494e-01,  9.82314024e-01,  9.82414022e-01],
        [-2.33611127e-01, -1.33317129e-01,  0.00000000e+00, ...,
          9.65723643e-01,  9.48582909e-01,  9.48752056e-01],
        ...,
        [-9.99641183e-01, -9.91708494e-01, -9.65723643e-01, ...,
          0.00000000e+00, -5.94533510e-02, -5.89194798e-02],
        [-9.96280367e-01, -9.82314024e-01, -9.48582909e-01, ...,
          5.94533510e-02,  0.00000000e+00,  5.34808765e-04],
        [-9.96326310e-01, -9.82414022e-01, -9.48752056e-01, ...,
          5.89194798e-02, -5.34808765e-04,  0.00000000e+00]]]), 'num': array([ 9.99974016e-01,  1.07260819e-05,  2.02832309e-05,  7.14106466e-05,
        7.28591384e-05,  7.06864007e-05,  7.20613670e-03, -1.44849182e-06,
        7.28736233e-05,  6.83724350e-05,  6.39883331e-05,  9.51155571e-08,
        7.45703003e-05,  6.21745697e-05])}
{'img': array([[[ 0.00000000e+00,  2.82762488e-01,  6.32840391e-01, ...,
          8.40906092e-01,  8.83954155e-01,  9.68799474e-01],
        [-2.82762488e-01,  0.00000000e+00,  3.88076166e-01, ...,
          9.59614383e-01,  9.80092217e-01,  9.99344244e-01],
        [-6.32840391e-01, -3.88076166e-01,  0.00000000e+00, ...,
          9.93579917e-01,  9.80329480e-01,  9.06971142e-01],
        ...,
        [-8.40906092e-01, -9.59614383e-01, -9.93579917e-01, ...,
          0.00000000e+00, -8.51937791e-02, -3.15880821e-01],
        [-8.83954155e-01, -9.80092217e-01, -9.80329480e-01, ...,
          8.51937791e-02,  0.00000000e+00, -2.33900643e-01],
        [-9.68799474e-01, -9.99344244e-01, -9.06971142e-01, ...,
          3.15880821e-01,  2.33900643e-01,  0.00000000e+00]],

       [[ 0.00000000e+00,  7.84821575e-01,  8.13847295e-01, ...,
          9.11950348e-01,  7.20656872e-01,  8.95983954e-01],
        [-7.84821575e-01,  0.00000000e+00,  9.60402086e-01, ...,
          2.43142757e-01, -9.75036828e-02,  2.06732170e-01],
        [-8.13847295e-01, -9.60402086e-01,  0.00000000e+00, ...,
         -8.63837034e-01, -9.82992181e-01, -8.82055824e-01],
        ...,
        [-9.11950348e-01, -2.43142757e-01,  8.63837034e-01, ...,
          0.00000000e+00, -3.36561870e-01, -3.73620390e-02],
        [-7.20656872e-01,  9.75036828e-02,  9.82992181e-01, ...,
          3.36561870e-01,  0.00000000e+00,  3.01144492e-01],
        [-8.95983954e-01, -2.06732170e-01,  8.82055824e-01, ...,
          3.73620390e-02, -3.01144492e-01,  0.00000000e+00]],

       [[ 0.00000000e+00, -5.25776271e-02,  1.61966595e-01, ...,
          7.86832992e-01,  4.63073570e-01,  5.81344492e-01],
        [ 5.25776271e-02,  0.00000000e+00,  2.13625974e-01, ...,
          7.53295554e-01,  4.15832470e-01,  5.37760217e-01],
        [-1.61966595e-01, -2.13625974e-01,  0.00000000e+00, ...,
          8.76404111e-01,  6.00513465e-01,  7.05453900e-01],
        ...,
        [-7.86832992e-01, -7.53295554e-01, -8.76404111e-01, ...,
          0.00000000e+00,  4.11592445e-01,  2.81426551e-01],
        [-4.63073570e-01, -4.15832470e-01, -6.00513465e-01, ...,
         -4.11592445e-01,  0.00000000e+00, -1.38473862e-01],
        [-5.81344492e-01, -5.37760217e-01, -7.05453900e-01, ...,
         -2.81426551e-01,  1.38473862e-01,  0.00000000e+00]],

       ...,

       [[ 0.00000000e+00,  4.41989934e-02,  5.55593868e-01, ...,
          9.91603049e-01,  9.50230970e-01,  9.18208557e-01],
        [-4.41989934e-02,  0.00000000e+00,  5.18301490e-01, ...,
          9.84918234e-01,  9.35532321e-01,  8.99804135e-01],
        [-5.55593868e-01, -5.18301490e-01,  0.00000000e+00, ...,
          7.52623321e-01,  6.16979950e-01,  5.43378799e-01],
        ...,
        [-9.91603049e-01, -9.84918234e-01, -7.52623321e-01, ...,
          0.00000000e+00, -1.86047390e-01, -2.74029481e-01],
        [-9.50230970e-01, -9.35532321e-01, -6.16979950e-01, ...,
          1.86047390e-01,  0.00000000e+00, -9.03194021e-02],
        [-9.18208557e-01, -8.99804135e-01, -5.43378799e-01, ...,
          2.74029481e-01,  9.03194021e-02,  0.00000000e+00]],

       [[ 0.00000000e+00, -2.03900157e-01,  1.33325266e-01, ...,
          7.08039048e-01,  5.16042750e-01,  2.03900157e-01],
        [ 2.03900157e-01,  0.00000000e+00,  3.32604131e-01, ...,
          5.49175500e-01,  3.30548268e-01,  0.00000000e+00],
        [-1.33325266e-01, -3.32604131e-01,  0.00000000e+00, ...,
          7.95868653e-01,  6.25637160e-01,  3.32604131e-01],
        ...,
        [-7.08039048e-01, -5.49175500e-01, -7.95868653e-01, ...,
          0.00000000e+00,  2.42064327e-01,  5.49175500e-01],
        [-5.16042750e-01, -3.30548268e-01, -6.25637160e-01, ...,
         -2.42064327e-01,  0.00000000e+00,  3.30548268e-01],
        [-2.03900157e-01, -0.00000000e+00, -3.32604131e-01, ...,
         -5.49175500e-01, -3.30548268e-01,  0.00000000e+00]],

       [[ 0.00000000e+00,  1.33317129e-01,  9.65584834e-02, ...,
          9.82314024e-01,  9.82414022e-01,  9.85694317e-01],
        [-1.33317129e-01,  0.00000000e+00, -3.69976328e-02, ...,
          9.48582909e-01,  9.48752056e-01,  9.54425790e-01],
        [-9.65584834e-02,  3.69976328e-02,  0.00000000e+00, ...,
          9.59644280e-01,  9.59794540e-01,  9.64814228e-01],
        ...,
        [-9.82314024e-01, -9.48582909e-01, -9.59644280e-01, ...,
          0.00000000e+00,  5.34808765e-04,  1.90002322e-02],
        [-9.82414022e-01, -9.48752056e-01, -9.59794540e-01, ...,
         -5.34808765e-04,  0.00000000e+00,  1.84655172e-02],
        [-9.85694317e-01, -9.54425790e-01, -9.64814228e-01, ...,
         -1.90002322e-02, -1.84655172e-02,  0.00000000e+00]]]), 'num': array([9.73113532e-01, 2.21955048e-01, 1.52364804e-05, 1.31092231e-03,
       1.33485395e-03, 1.30959277e-03, 6.14233579e-02, 0.00000000e+00,
       1.33538577e-03, 1.26066586e-03, 1.17872213e-03, 1.74608566e-06,
       1.37402342e-03, 1.14730829e-03])}
{'img': array([[[ 0.        ,  0.38807617,  0.40525767, ...,  0.98009222,
          0.99934424,  0.99934424],
        [-0.38807617,  0.        ,  0.01871633, ...,  0.98032948,
          0.90697114,  0.90697114],
        [-0.40525767, -0.01871633,  0.        , ...,  0.97646376,
          0.89892909,  0.89892909],
        ...,
        [-0.98009222, -0.98032948, -0.97646376, ...,  0.        ,
         -0.23390064, -0.23390064],
        [-0.99934424, -0.90697114, -0.89892909, ...,  0.23390064,
          0.        ,  0.        ],
        [-0.99934424, -0.90697114, -0.89892909, ...,  0.23390064,
          0.        ,  0.        ]],

       [[ 0.        ,  0.96040209,  0.13959157, ..., -0.09750368,
          0.20673217, -0.75581125],
        [-0.96040209,  0.        , -0.91210627, ..., -0.98299218,
         -0.88205582, -0.83944366],
        [-0.13959157,  0.91210627,  0.        , ..., -0.23547548,
          0.06813204, -0.83981432],
        ...,
        [ 0.09750368,  0.98299218,  0.23547548, ...,  0.        ,
          0.30114449, -0.68836554],
        [-0.20673217,  0.88205582, -0.06813204, ..., -0.30114449,
          0.        , -0.87484996],
        [ 0.75581125,  0.83944366,  0.83981432, ...,  0.68836554,
          0.87484996,  0.        ]],

       [[ 0.        ,  0.21362597,  0.37653317, ...,  0.41583247,
          0.53776022,  0.61442304],
        [-0.21362597,  0.        ,  0.16993733, ...,  0.60051347,
          0.7054539 ,  0.76878534],
        [-0.37653317, -0.16993733,  0.        , ...,  0.7276633 ,
          0.81563705,  0.86627935],
        ...,
        [-0.41583247, -0.60051347, -0.7276633 , ...,  0.        ,
         -0.13847386, -0.23069949],
        [-0.53776022, -0.7054539 , -0.81563705, ...,  0.13847386,
          0.        , -0.09373842],
        [-0.61442304, -0.76878534, -0.86627935, ...,  0.23069949,
          0.09373842,  0.        ]],

       ...,

       [[ 0.        ,  0.51830149,  0.60182404, ...,  0.93553232,
          0.89980413,  0.89980413],
        [-0.51830149,  0.        ,  0.10074824, ...,  0.61697995,
          0.5433788 ,  0.5433788 ],
        [-0.60182404, -0.10074824,  0.        , ...,  0.53455399,
          0.45603716,  0.45603716],
        ...,
        [-0.93553232, -0.61697995, -0.53455399, ...,  0.        ,
         -0.0903194 , -0.0903194 ],
        [-0.89980413, -0.5433788 , -0.45603716, ...,  0.0903194 ,
          0.        ,  0.        ],
        [-0.89980413, -0.5433788 , -0.45603716, ...,  0.0903194 ,
          0.        ,  0.        ]],

       [[ 0.        ,  0.32909188,  0.45452193, ...,  0.43226126,
          0.29093249,  0.        ],
        [-0.32909188,  0.        ,  0.13607027, ...,  0.70494149,
          0.58958349,  0.32909188],
        [-0.45452193, -0.13607027,  0.        , ...,  0.7948949 ,
          0.69400485,  0.45452193],
        ...,
        [-0.43226126, -0.70494149, -0.7948949 , ...,  0.        ,
          0.15121528,  0.43226126],
        [-0.29093249, -0.58958349, -0.69400485, ..., -0.15121528,
          0.        ,  0.29093249],
        [-0.        , -0.32909188, -0.45452193, ..., -0.43226126,
         -0.29093249,  0.        ]],

       [[ 0.        , -0.03699763, -0.06760337, ...,  0.94875206,
          0.95442579,  0.97778015],
        [ 0.03699763,  0.        , -0.03064409, ...,  0.95979454,
          0.96481423,  0.98486664],
        [ 0.06760337,  0.03064409,  0.        , ...,  0.96794568,
          0.97241844,  0.98971515],
        ...,
        [-0.94875206, -0.95979454, -0.96794568, ...,  0.        ,
          0.01846552,  0.11010974],
        [-0.95442579, -0.96481423, -0.97241844, ..., -0.01846552,
          0.        ,  0.09173773],
        [-0.97778015, -0.98486664, -0.98971515, ..., -0.11010974,
         -0.09173773,  0.        ]]]), 'num': array([ 9.88801418e-01,  1.25284257e-01,  1.76769122e-05,  1.33053492e-03,
        1.34551535e-03,  1.31555448e-03,  8.10057711e-02, -1.22567188e-05,
        1.35286938e-03,  1.29635229e-03,  1.21091842e-03,  1.76579847e-06,
        1.41006504e-03,  1.18263954e-03])}
{'img': array([[[ 0.        ,  0.01871633, -0.08655049, ...,  0.90697114,
          0.90697114,  0.86427616],
        [-0.01871633,  0.        , -0.10518142, ...,  0.89892909,
          0.89892909,  0.85471013],
        [ 0.08655049,  0.10518142,  0.        , ...,  0.94002214,
          0.94002214,  0.90456936],
        ...,
        [-0.90697114, -0.89892909, -0.94002214, ...,  0.        ,
          0.        , -0.09219558],
        [-0.90697114, -0.89892909, -0.94002214, ...,  0.        ,
          0.        , -0.09219558],
        [-0.86427616, -0.85471013, -0.90456936, ...,  0.09219558,
          0.09219558,  0.        ]],

       [[ 0.        , -0.91210627, -0.82452633, ..., -0.88205582,
         -0.83944366, -0.95684441],
        [ 0.91210627,  0.        , -0.85410898, ...,  0.06813204,
         -0.83981432, -0.65732077],
        [ 0.82452633,  0.85410898,  0.        , ...,  0.88755937,
          0.02689089,  0.30179721],
        ...,
        [ 0.88205582, -0.06813204, -0.88755937, ...,  0.        ,
         -0.87484996, -0.70713841],
        [ 0.83944366,  0.83981432, -0.02689089, ...,  0.87484996,
          0.        ,  0.27605105],
        [ 0.95684441,  0.65732077, -0.30179721, ...,  0.70713841,
         -0.27605105,  0.        ]],

       [[ 0.        ,  0.16993733,  0.24498509, ...,  0.7054539 ,
          0.76878534,  0.91905851],
        [-0.16993733,  0.        ,  0.07666294, ...,  0.81563705,
          0.86627935,  0.97266658],
        [-0.24498509, -0.07666294,  0.        , ...,  0.8575911 ,
          0.90202768,  0.9876057 ],
        ...,
        [-0.7054539 , -0.81563705, -0.8575911 , ...,  0.        ,
         -0.09373842, -0.37335379],
        [-0.76878534, -0.86627935, -0.90202768, ...,  0.09373842,
          0.        , -0.28474975],
        [-0.91905851, -0.97266658, -0.9876057 , ...,  0.37335379,
          0.28474975,  0.        ]],

       ...,

       [[ 0.        ,  0.10074824,  0.18562855, ...,  0.5433788 ,
          0.5433788 ,  0.51265054],
        [-0.10074824,  0.        ,  0.08568683, ...,  0.45603716,
          0.45603716,  0.42353997],
        [-0.18562855, -0.08568683,  0.        , ...,  0.378102  ,
          0.378102  ,  0.34436048],
        ...,
        [-0.5433788 , -0.45603716, -0.378102  , ...,  0.        ,
          0.        , -0.03617981],
        [-0.5433788 , -0.45603716, -0.378102  , ...,  0.        ,
          0.        , -0.03617981],
        [-0.51265054, -0.42353997, -0.34436048, ...,  0.03617981,
          0.03617981,  0.        ]],

       [[ 0.        ,  0.20319389,  0.25001318, ...,  0.50598777,
          0.36750828,  0.16504154],
        [-0.20319389,  0.        ,  0.04805659, ...,  0.67069511,
          0.54881594,  0.36200595],
        [-0.25001318, -0.04805659,  0.        , ...,  0.70556536,
          0.58835443,  0.40638488],
        ...,
        [-0.50598777, -0.67069511, -0.70556536, ...,  0.        ,
          0.15358805,  0.35669393],
        [-0.36750828, -0.54881594, -0.58835443, ..., -0.15358805,
          0.        ,  0.20897652],
        [-0.16504154, -0.36200595, -0.40638488, ..., -0.35669393,
         -0.20897652,  0.        ]],

       [[ 0.        , -0.03064409,  0.04439076, ...,  0.96481423,
          0.98486664,  0.99855732],
        [ 0.03064409,  0.        ,  0.07498379, ...,  0.97241844,
          0.98971515,  0.99973383],
        [-0.04439076, -0.07498379,  0.        , ...,  0.95219138,
          0.97620226,  0.99518938],
        ...,
        [-0.96481423, -0.97241844, -0.95219138, ...,  0.        ,
          0.09173773,  0.21074638],
        [-0.98486664, -0.98971515, -0.97620226, ..., -0.09173773,
          0.        ,  0.12018033],
        [-0.99855732, -0.99973383, -0.99518938, ..., -0.21074638,
         -0.12018033,  0.        ]]]), 'num': array([9.90310519e-01, 1.23815369e-01, 1.74696603e-05, 1.33512350e-03,
       1.34858240e-03, 1.32166459e-03, 6.27795526e-02, 2.01883593e-05,
       1.33162418e-03, 1.28734438e-03, 1.19972690e-03, 1.90008088e-06,
       1.39726501e-03, 1.17742375e-03])}
{'img': array([[[ 0.        , -0.10518142, -0.41721023, ...,  0.89892909,
          0.85471013,  0.92563543],
        [ 0.10518142,  0.        , -0.31930606, ...,  0.94002214,
          0.90456936,  0.96030336],
        [ 0.41721023,  0.31930606,  0.        , ...,  0.99973311,
          0.99334527,  0.99910598],
        ...,
        [-0.89892909, -0.94002214, -0.99973311, ...,  0.        ,
         -0.09219558,  0.06534587],
        [-0.85471013, -0.90456936, -0.99334527, ...,  0.09219558,
          0.        ,  0.15706609],
        [-0.92563543, -0.96030336, -0.99910598, ..., -0.06534587,
         -0.15706609,  0.        ]],

       [[ 0.        , -0.91825834, -0.63641988, ..., -0.90636725,
         -0.73788986, -0.90170558],
        [ 0.91825834,  0.        ,  0.45628126, ...,  0.02905067,
          0.32756099,  0.03995052],
        [ 0.63641988, -0.45628126,  0.        , ..., -0.43023836,
         -0.13963281, -0.4203676 ],
        ...,
        [ 0.90636725, -0.02905067,  0.43023836, ...,  0.        ,
          0.2999748 ,  0.01090618],
        [ 0.73788986, -0.32756099,  0.13963281, ..., -0.2999748 ,
          0.        , -0.28955304],
        [ 0.90170558, -0.03995052,  0.4203676 , ..., -0.01090618,
          0.28955304,  0.        ]],

       [[ 0.        ,  0.07666294,  0.11787923, ...,  0.86627935,
          0.97266658,  0.98698015],
        [-0.07666294,  0.        ,  0.04140388, ...,  0.90202768,
          0.9876057 ,  0.99640616],
        [-0.11787923, -0.04140388,  0.        , ...,  0.91912734,
          0.99325738,  0.99905881],
        ...,
        [-0.86627935, -0.90202768, -0.91912734, ...,  0.        ,
         -0.28474975, -0.3537215 ],
        [-0.97266658, -0.9876057 , -0.99325738, ...,  0.28474975,
          0.        , -0.07273719],
        [-0.98698015, -0.99640616, -0.99905881, ...,  0.3537215 ,
          0.07273719,  0.        ]],

       ...,

       [[ 0.        ,  0.08568683, -0.2363255 , ...,  0.45603716,
          0.42353997,  0.64425504],
        [-0.08568683,  0.        , -0.31871598, ...,  0.378102  ,
          0.34436048,  0.57635134],
        [ 0.2363255 ,  0.31871598,  0.        , ...,  0.65343984,
          0.62562469,  0.80675011],
        ...,
        [-0.45603716, -0.378102  , -0.65343984, ...,  0.        ,
         -0.03617981,  0.22457958],
        [-0.42353997, -0.34436048, -0.62562469, ...,  0.03617981,
          0.        ,  0.25968817],
        [-0.64425504, -0.57635134, -0.80675011, ..., -0.22457958,
         -0.25968817,  0.        ]],

       [[ 0.        ,  0.0476668 ,  0.02369886, ...,  0.63965928,
          0.57907764,  0.35927717],
        [-0.0476668 ,  0.        , -0.02398149, ...,  0.67557167,
          0.61728082,  0.40335291],
        [-0.02369886,  0.02398149,  0.        , ...,  0.65769595,
          0.59823602,  0.38129277],
        ...,
        [-0.63965928, -0.67557167, -0.65769595, ...,  0.        ,
          0.07638356,  0.32078832],
        [-0.57907764, -0.61728082, -0.59823602, ..., -0.07638356,
          0.        ,  0.24750438],
        [-0.35927717, -0.40335291, -0.38129277, ..., -0.32078832,
         -0.24750438,  0.        ]],

       [[ 0.        ,  0.07498379,  0.13407904, ...,  0.98971515,
          0.99973383,  0.99068888],
        [-0.07498379,  0.        ,  0.05939483, ...,  0.97620226,
          0.99518938,  0.99810854],
        [-0.13407904, -0.05939483,  0.        , ...,  0.96159836,
          0.98761353,  0.99999783],
        ...,
        [-0.98971515, -0.97620226, -0.96159836, ...,  0.        ,
          0.12018033,  0.27646523],
        [-0.99973383, -0.99518938, -0.98761353, ..., -0.12018033,
          0.        ,  0.15896526],
        [-0.99068888, -0.99810854, -0.99999783, ..., -0.27646523,
         -0.15896526,  0.        ]]]), 'num': array([ 9.90763798e-01,  1.24863239e-01,  1.76175088e-05,  1.33420733e-03,
        1.35999567e-03,  1.33420733e-03,  5.27492374e-02, -1.22155300e-05,
        1.33665044e-03,  1.30319346e-03,  1.21266281e-03,  1.76144927e-06,
        1.41113708e-03,  1.19524984e-03])}
{'img': array([[[ 0.        , -0.31930606, -0.09153787, ...,  0.90456936,
          0.96030336,  0.92882788],
        [ 0.31930606,  0.        ,  0.23121947, ...,  0.99334527,
          0.99910598,  0.99851183],
        [ 0.09153787, -0.23121947,  0.        , ...,  0.93979663,
          0.98180682,  0.95884412],
        ...,
        [-0.90456936, -0.99334527, -0.93979663, ...,  0.        ,
          0.15706609,  0.06083058],
        [-0.96030336, -0.99910598, -0.98180682, ..., -0.15706609,
          0.        , -0.09669967],
        [-0.92882788, -0.99851183, -0.95884412, ..., -0.06083058,
          0.09669967,  0.        ]],

       [[ 0.        ,  0.45628126,  0.40799309, ...,  0.32756099,
          0.03995052, -0.16133788],
        [-0.45628126,  0.        , -0.05353118, ..., -0.13963281,
         -0.4203676 , -0.59386781],
        [-0.40799309,  0.05353118,  0.        , ..., -0.08642584,
         -0.37119314, -0.54994713],
        ...,
        [-0.32756099,  0.13963281,  0.08642584, ...,  0.        ,
         -0.28955304, -0.47570656],
        [-0.03995052,  0.4203676 ,  0.37119314, ...,  0.28955304,
          0.        , -0.20063621],
        [ 0.16133788,  0.59386781,  0.54994713, ...,  0.47570656,
          0.20063621,  0.        ]],

       [[ 0.        ,  0.04140388,  0.08614389, ...,  0.9876057 ,
          0.99640616,  0.99995238],
        [-0.04140388,  0.        ,  0.04482005, ...,  0.99325738,
          0.99905881,  0.99949897],
        [-0.08614389, -0.04482005,  0.        , ...,  0.99745522,
          0.99999896,  0.99707593],
        ...,
        [-0.9876057 , -0.99325738, -0.99745522, ...,  0.        ,
         -0.07273719, -0.14730998],
        [-0.99640616, -0.99905881, -0.99999896, ...,  0.07273719,
          0.        , -0.07497612],
        [-0.99995238, -0.99949897, -0.99707593, ...,  0.14730998,
          0.07497612,  0.        ]],

       ...,

       [[ 0.        , -0.31871598, -0.12577613, ...,  0.34436048,
          0.57635134,  0.34672142],
        [ 0.31871598,  0.        ,  0.19696801, ...,  0.62562469,
          0.80675011,  0.62758543],
        [ 0.12577613, -0.19696801,  0.        , ...,  0.45970914,
          0.67455884,  0.46194198],
        ...,
        [-0.34436048, -0.62562469, -0.45970914, ...,  0.        ,
          0.25968817,  0.0025159 ],
        [-0.57635134, -0.80675011, -0.67455884, ..., -0.25968817,
          0.        , -0.25725776],
        [-0.34672142, -0.62758543, -0.46194198, ..., -0.0025159 ,
          0.25725776,  0.        ]],

       [[ 0.        , -0.02387653, -0.01364612, ...,  0.66185336,
          0.5620373 ,  0.40173223],
        [ 0.02387653,  0.        ,  0.01023207, ...,  0.64376604,
          0.54212851,  0.3797526 ],
        [ 0.01364612, -0.01023207,  0.        , ...,  0.65156215,
          0.55069809,  0.38919829],
        ...,
        [-0.66185336, -0.64376604, -0.65156215, ...,  0.        ,
          0.1261049 ,  0.3049451 ],
        [-0.5620373 , -0.54212851, -0.55069809, ..., -0.1261049 ,
          0.        ,  0.18241219],
        [-0.40173223, -0.3797526 , -0.38919829, ..., -0.3049451 ,
         -0.18241219,  0.        ]],

       [[ 0.        ,  0.05939483,  0.06049284, ...,  0.99518938,
          0.99810854,  0.97227111],
        [-0.05939483,  0.        ,  0.00109998, ...,  0.98761353,
          0.99999783,  0.9844445 ],
        [-0.06049284, -0.00109998,  0.        , ...,  0.98744034,
          0.99999951,  0.98463717],
        ...,
        [-0.99518938, -0.98761353, -0.98744034, ...,  0.        ,
          0.15896526,  0.3279849 ],
        [-0.99810854, -0.99999783, -0.99999951, ..., -0.15896526,
          0.        ,  0.17364253],
        [-0.97227111, -0.9844445 , -0.98463717, ..., -0.3279849 ,
         -0.17364253,  0.        ]]]), 'num': array([9.86672156e-01, 1.20803228e-01, 1.70446639e-05, 1.33415859e-03,
       1.33941119e-03, 1.31052193e-03, 1.08956084e-01, 4.33338914e-05,
       1.30106726e-03, 1.26672843e-03, 1.17688721e-03, 1.72028151e-06,
       1.37368764e-03, 1.15976923e-03])}
{'img': array([[[ 0.        ,  0.23121947,  0.        , ...,  0.99910598,
          0.99851183,  0.93526306],
        [-0.23121947,  0.        , -0.23121947, ...,  0.98180682,
          0.95884412,  0.99175986],
        [ 0.        ,  0.23121947,  0.        , ...,  0.99910598,
          0.99851183,  0.93526306],
        ...,
        [-0.99910598, -0.98180682, -0.99910598, ...,  0.        ,
         -0.09669967,  0.31409789],
        [-0.99851183, -0.95884412, -0.99851183, ...,  0.09669967,
          0.        ,  0.40443167],
        [-0.93526306, -0.99175986, -0.93526306, ..., -0.31409789,
         -0.40443167,  0.        ]],

       [[ 0.        , -0.05353118, -0.205366  , ..., -0.4203676 ,
         -0.59386781,  0.36091667],
        [ 0.05353118,  0.        , -0.15268137, ..., -0.37119314,
         -0.54994713,  0.41032226],
        [ 0.205366  ,  0.15268137,  0.        , ..., -0.22506793,
         -0.41597986,  0.54474776],
        ...,
        [ 0.4203676 ,  0.37119314,  0.22506793, ...,  0.        ,
         -0.20063621,  0.71951316],
        [ 0.59386781,  0.54994713,  0.41597986, ...,  0.20063621,
          0.        ,  0.84422004],
        [-0.36091667, -0.41032226, -0.54474776, ..., -0.71951316,
         -0.84422004,  0.        ]],

       [[ 0.        ,  0.04482005, -0.04636153, ...,  0.99905881,
          0.99949897,  0.99769406],
        [-0.04482005,  0.        , -0.0910868 , ...,  0.99999896,
          0.99707593,  0.99973347],
        [ 0.04636153,  0.0910868 ,  0.        , ...,  0.99597356,
          0.99989164,  0.99347463],
        ...,
        [-0.99905881, -0.99999896, -0.99597356, ...,  0.        ,
         -0.07497612,  0.02453156],
        [-0.99949897, -0.99707593, -0.99989164, ...,  0.07497612,
          0.        ,  0.09941607],
        [-0.99769406, -0.99973347, -0.99347463, ..., -0.02453156,
         -0.09941607,  0.        ]],

       ...,

       [[ 0.        ,  0.19696801,  0.07001797, ...,  0.80675011,
          0.62758543,  0.648044  ],
        [-0.19696801,  0.        , -0.12783828, ...,  0.67455884,
          0.46194198,  0.48533736],
        [-0.07001797,  0.12783828,  0.        , ...,  0.76339701,
          0.57153283,  0.59312764],
        ...,
        [-0.80675011, -0.67455884, -0.76339701, ...,  0.        ,
         -0.25725776, -0.23149871],
        [-0.62758543, -0.46194198, -0.57153283, ...,  0.25725776,
          0.        ,  0.02656229],
        [-0.648044  , -0.48533736, -0.59312764, ...,  0.23149871,
         -0.02656229,  0.        ]],

       [[ 0.        ,  0.01004711, -0.0711404 , ...,  0.71626998,
          0.68624483,  0.37339495],
        [-0.01004711,  0.        , -0.08115845, ...,  0.72324493,
          0.69351817,  0.38269653],
        [ 0.0711404 ,  0.08115845,  0.        , ...,  0.66481175,
          0.63276067,  0.3064539 ],
        ...,
        [-0.71626998, -0.72324493, -0.66481175, ...,  0.        ,
          0.04211613,  0.40390025],
        [-0.68624483, -0.69351817, -0.63276067, ..., -0.04211613,
          0.        ,  0.36501392],
        [-0.37339495, -0.38269653, -0.3064539 , ..., -0.40390025,
         -0.36501392,  0.        ]],

       [[ 0.        ,  0.00109998, -0.01302329, ...,  0.99999783,
          0.9844445 ,  0.96303212],
        [-0.00109998,  0.        , -0.01412317, ...,  0.99999951,
          0.98463717,  0.96332785],
        [ 0.01302329,  0.01412317,  0.        , ...,  0.99988586,
          0.98207288,  0.95944215],
        ...,
        [-0.99999783, -0.99999951, -0.99988586, ...,  0.        ,
          0.17364253,  0.26737775],
        [-0.9844445 , -0.98463717, -0.98207288, ..., -0.17364253,
          0.        ,  0.09599543],
        [-0.96303212, -0.96332785, -0.95944215, ..., -0.26737775,
         -0.09599543,  0.        ]]]), 'num': array([9.95852177e-01, 1.26430648e-02, 1.90544402e-05, 1.34686180e-03,
       1.35730259e-03, 1.33381081e-03, 9.00290975e-02, 2.08815783e-05,
       1.30509864e-03, 1.26672874e-03, 1.17428425e-03, 1.88388152e-06,
       1.37487536e-03, 1.15858212e-03])}
{'img': array([[[ 0.        , -0.23121947, -0.19336058, ...,  0.95884412,
          0.99175986,  0.79493504],
        [ 0.23121947,  0.        ,  0.03873502, ...,  0.99851183,
          0.93526306,  0.63311399],
        [ 0.19336058, -0.03873502,  0.        , ...,  0.99565004,
          0.94827156,  0.66262202],
        ...,
        [-0.95884412, -0.99851183, -0.99565004, ...,  0.        ,
          0.40443167,  0.80743382],
        [-0.99175986, -0.93526306, -0.94827156, ..., -0.40443167,
          0.        ,  0.49985555],
        [-0.79493504, -0.63311399, -0.66262202, ..., -0.80743382,
         -0.49985555,  0.        ]],

       [[ 0.        , -0.15268137, -0.25982248, ..., -0.54994713,
          0.41032226,  0.1180908 ],
        [ 0.15268137,  0.        , -0.10933844, ..., -0.41597986,
          0.54474776,  0.26831926],
        [ 0.25982248,  0.10933844,  0.        , ..., -0.31405636,
          0.63317298,  0.37203958],
        ...,
        [ 0.54994713,  0.41597986,  0.31405636, ...,  0.        ,
          0.84422004,  0.64472841],
        [-0.41032226, -0.54474776, -0.63317298, ..., -0.84422004,
          0.        , -0.29975936],
        [-0.1180908 , -0.26831926, -0.37203958, ..., -0.64472841,
          0.29975936,  0.        ]],

       [[ 0.        , -0.0910868 , -0.18600675, ...,  0.99707593,
          0.99973347,  0.97627821],
        [ 0.0910868 ,  0.        , -0.09573631, ...,  0.99989164,
          0.99347463,  0.95249768],
        [ 0.18600675,  0.09573631,  0.        , ...,  0.99388954,
          0.97799229,  0.91896651],
        ...,
        [-0.99707593, -0.99989164, -0.99388954, ...,  0.        ,
          0.09941607,  0.29049118],
        [-0.99973347, -0.99347463, -0.97799229, ..., -0.09941607,
          0.        ,  0.19392305],
        [-0.97627821, -0.95249768, -0.91896651, ..., -0.29049118,
         -0.19392305,  0.        ]],

       ...,

       [[ 0.        , -0.12783828, -0.20892555, ...,  0.46194198,
          0.48533736,  0.73145341],
        [ 0.12783828,  0.        , -0.08219423, ...,  0.57153283,
          0.59312764,  0.81262368],
        [ 0.20892555,  0.08219423,  0.        , ...,  0.63704583,
          0.65729596,  0.8577759 ],
        ...,
        [-0.46194198, -0.57153283, -0.63704583, ...,  0.        ,
          0.02656229,  0.33373917],
        [-0.48533736, -0.59312764, -0.65729596, ..., -0.02656229,
          0.        ,  0.30858206],
        [-0.73145341, -0.81262368, -0.8577759 , ..., -0.33373917,
         -0.30858206,  0.        ]],

       [[ 0.        , -0.07955526, -0.19303701, ...,  0.79885215,
          0.70161427,  0.37562978],
        [ 0.07955526,  0.        , -0.11436623, ...,  0.74846548,
          0.64270281,  0.30070979],
        [ 0.19303701,  0.11436623,  0.        , ...,  0.66770986,
          0.55086807,  0.18966387],
        ...,
        [-0.79885215, -0.74846548, -0.66770986, ...,  0.        ,
          0.14718744,  0.51440044],
        [-0.70161427, -0.64270281, -0.55086807, ..., -0.14718744,
          0.        ,  0.3825773 ],
        [-0.37562978, -0.30070979, -0.18966387, ..., -0.51440044,
         -0.3825773 ,  0.        ]],

       [[ 0.        , -0.01412317, -0.01598239, ...,  0.98463717,
          0.96332785,  0.86368028],
        [ 0.01412317,  0.        , -0.00185943, ...,  0.98207288,
          0.95944215,  0.8564755 ],
        [ 0.01598239,  0.00185943,  0.        , ...,  0.98172067,
          0.9589163 ,  0.8555142 ],
        ...,
        [-0.98463717, -0.98207288, -0.98172067, ...,  0.        ,
          0.09599543,  0.34548689],
        [-0.96332785, -0.95944215, -0.9589163 , ..., -0.09599543,
          0.        ,  0.25380698],
        [-0.86368028, -0.8564755 , -0.8555142 , ..., -0.34548689,
         -0.25380698,  0.        ]]]), 'num': array([9.97399238e-01, 1.26385235e-02, 1.90475960e-05, 1.34898728e-03,
       1.36986136e-03, 1.34637802e-03, 7.08625106e-02, 2.60925973e-06,
       1.31950265e-03, 1.27416676e-03, 1.17808077e-03, 1.86041389e-06,
       1.38222690e-03, 1.16610662e-03])}
{'img': array([[[ 0.        ,  0.03855241,  0.05102046, ...,  0.94455311,
          0.76112803,  0.63081458],
        [-0.03855241,  0.        ,  0.01248034, ...,  0.95650993,
          0.78556735,  0.66025973],
        [-0.05102046, -0.01248034,  0.        , ...,  0.96007594,
          0.7932287 ,  0.6695815 ],
        ...,
        [-0.94455311, -0.95650993, -0.96007594, ...,  0.        ,
          0.36271573,  0.52577706],
        [-0.76112803, -0.78556735, -0.7932287 , ..., -0.36271573,
          0.        ,  0.18143744],
        [-0.63081458, -0.66025973, -0.6695815 , ..., -0.52577706,
         -0.18143744,  0.        ]],

       [[ 0.        , -0.10933844, -0.09993766, ...,  0.54474776,
          0.26831926, -0.04780649],
        [ 0.10933844,  0.        ,  0.00945257, ...,  0.63317298,
          0.37203958,  0.06169356],
        [ 0.09993766, -0.00945257,  0.        , ...,  0.62582831,
          0.36324892,  0.05225624],
        ...,
        [-0.54474776, -0.63317298, -0.62582831, ...,  0.        ,
         -0.29975936, -0.58421542],
        [-0.26831926, -0.37203958, -0.36324892, ...,  0.29975936,
          0.        , -0.31406589],
        [ 0.04780649, -0.06169356, -0.05225624, ...,  0.58421542,
          0.31406589,  0.        ]],

       [[ 0.        , -0.0945992 , -0.16345063, ...,  0.99824535,
          0.97472792,  0.7689721 ],
        [ 0.0945992 ,  0.        , -0.06939065, ...,  0.98816713,
          0.94922367,  0.705048  ],
        [ 0.16345063,  0.06939065,  0.        , ...,  0.975142  ,
          0.9251052 ,  0.65413949],
        ...,
        [-0.99824535, -0.98816713, -0.975142  , ...,  0.        ,
          0.16528647,  0.59262722],
        [-0.97472792, -0.94922367, -0.9251052 , ..., -0.16528647,
          0.        ,  0.45134156],
        [-0.7689721 , -0.705048  , -0.65413949, ..., -0.59262722,
         -0.45134156,  0.        ]],

       ...,

       [[ 0.        , -0.08219423, -0.22833526, ...,  0.59312764,
          0.81262368,  0.78577613],
        [ 0.08219423,  0.        , -0.14753977, ...,  0.65729596,
          0.8577759 ,  0.83395536],
        [ 0.22833526,  0.14753977,  0.        , ...,  0.76129337,
          0.92422747,  0.90624581],
        ...,
        [-0.59312764, -0.65729596, -0.76129337, ...,  0.        ,
          0.30858206,  0.26577901],
        [-0.81262368, -0.8577759 , -0.92422747, ..., -0.30858206,
          0.        , -0.0446752 ],
        [-0.78577613, -0.83395536, -0.90624581, ..., -0.26577901,
          0.0446752 ,  0.        ]],

       [[ 0.        , -0.11261059, -0.29625009, ...,  0.73421935,
          0.60495741,  0.29625009],
        [ 0.11261059,  0.        , -0.18681015, ...,  0.65309641,
          0.51144233,  0.18681015],
        [ 0.29625009,  0.18681015,  0.        , ...,  0.50013271,
          0.34190966,  0.        ],
        ...,
        [-0.73421935, -0.65309641, -0.50013271, ...,  0.        ,
          0.17391488,  0.50013271],
        [-0.60495741, -0.51144233, -0.34190966, ..., -0.17391488,
          0.        ,  0.34190966],
