state_0,state_1,state_2,state_3,state_4,state_5,state_6,state_7,state_8,state_9,state_10,state_11,state_12,state_13,state_14,state_15,state_16,state_17,state_18,state_19,state_20,state_21,state_22,state_23,state_24,state_25,state_26,state_27,state_28,state_29,state_30,state_31,state_32,state_33,state_34,state_35,state_36,state_37,state_38,state_39,state_40,state_41,state_42,state_43,state_44,state_45,state_46,state_47,state_48,state_49,state_50,state_51,state_52,state_53,state_54,state_55,state_56,state_57,state_58,state_59,state_60,state_61,state_62,state_63,state_64,state_65,state_66,state_67,state_68,state_69,state_70,state_71,state_72,state_73,state_74,state_75,state_76,state_77,state_78,state_79,state_80,state_81,state_82,state_83,state_84,state_85,state_86,state_87,state_88,state_89,state_90,state_91,state_92,state_93,state_94,state_95,state_96,state_97,state_98,state_99,state_100,state_101,state_102,state_103,state_104,state_105,state_106,state_107,state_108,state_109,state_110,state_111,state_112,state_113,state_114,state_115,state_116,state_117,state_118,state_119,state_120,state_121,state_122,state_123,state_124,state_125,state_126,state_127,state_128,state_129,state_130,state_131,state_132,state_133,state_134,state_135,state_136,state_137,state_138,state_139,state_140,state_141,state_142,state_143,state_144,state_145,state_146,state_147,state_148,state_149,state_150,state_151,state_152,state_153,state_154,state_155,state_156,state_157,state_158,state_159,state_160,state_161,state_162,state_163,state_164,state_165,state_166,state_167,state_168,state_169,state_170,state_171,state_172,state_173,state_174,state_175,state_176,state_177,state_178,state_179,state_180,state_181,state_182,state_183,state_184,state_185,state_186,state_187,state_188,state_189,state_190,state_191,state_192,state_193,state_194,state_195,state_196,state_197,state_198,state_199,state_200,state_201,state_202,state_203,state_204,state_205,state_206,state_207,state_208,state_209,state_210,state_211,state_212,state_213,state_214,state_215,state_216,state_217,state_218,state_219,state_220,state_221,state_222,state_223,state_224,state_225,state_226,state_227,state_228,state_229,state_230,state_231,state_232,state_233,state_234,state_235,state_236,state_237,state_238,state_239,state_240,state_241,state_242,state_243,state_244,state_245,state_246,state_247,state_248,state_249,state_250,state_251,state_252,state_253,state_254,state_255,state_256,state_257,state_258,state_259,state_260,state_261,state_262,state_263,state_264,state_265,state_266,state_267,state_268,state_269,state_270,state_271,state_272,state_273,state_274,state_275,state_276,state_277,state_278,state_279,state_280,state_281,state_282,state_283,state_284,state_285,state_286,state_287
{'img': array([[[ 0.        ,  0.0702949 ,  0.03023302, ..., -0.47602837,
         -0.40959387, -0.26925043],
        [-0.0702949 ,  0.        , -0.04010453, ..., -0.53667023,
         -0.47270843, -0.33628329],
        [-0.03023302,  0.04010453,  0.        , ..., -0.50239859,
         -0.43698726, -0.29824387],
        ...,
        [ 0.47602837,  0.53667023,  0.50239859, ...,  0.        ,
          0.07405633,  0.22166186],
        [ 0.40959387,  0.47270843,  0.43698726, ..., -0.07405633,
          0.        ,  0.14883911],
        [ 0.26925043,  0.33628329,  0.29824387, ..., -0.22166186,
         -0.14883911,  0.        ]],

       [[ 0.        , -0.06332449, -0.12977287, ...,  0.17202674,
          0.04100867,  0.06379645],
        [ 0.06332449,  0.        , -0.06672341, ...,  0.23406195,
          0.10419758,  0.1268639 ],
        [ 0.12977287,  0.06672341,  0.        , ...,  0.29841029,
          0.17032559,  0.19276548],
        ...,
        [-0.17202674, -0.23406195, -0.29841029, ...,  0.        ,
         -0.13148471, -0.10883092],
        [-0.04100867, -0.10419758, -0.17032559, ...,  0.13148471,
          0.        ,  0.02281766],
        [-0.06379645, -0.1268639 , -0.19276548, ...,  0.10883092,
         -0.02281766,  0.        ]],

       [[ 0.        ,  0.03249573,  0.015     , ..., -0.88048803,
         -0.76797928, -0.63599617],
        [-0.03249573,  0.        , -0.0175    , ..., -0.89542823,
         -0.78838639, -0.66073699],
        [-0.015     ,  0.0175    ,  0.        , ..., -0.8875    ,
         -0.7775    , -0.6475    ],
        ...,
        [ 0.88048803,  0.89542823,  0.8875    , ...,  0.        ,
          0.19985561,  0.37796009],
        [ 0.76797928,  0.78838639,  0.7775    , ..., -0.19985561,
          0.        ,  0.18530418],
        [ 0.63599617,  0.66073699,  0.6475    , ..., -0.37796009,
         -0.18530418,  0.        ]],

       ...,

       [[ 0.        ,  0.1040955 , -0.17911045, ...,  0.24530887,
          0.61310936,  0.8763878 ],
        [-0.1040955 ,  0.        , -0.28054957, ...,  0.14306132,
          0.52754329,  0.82149362],
        [ 0.17911045,  0.28054957,  0.        , ...,  0.4149797 ,
          0.74469166,  0.94847639],
        ...,
        [-0.24530887, -0.14306132, -0.4149797 , ...,  0.        ,
          0.40058226,  0.7314675 ],
        [-0.61310936, -0.52754329, -0.74469166, ..., -0.40058226,
          0.        ,  0.39706744],
        [-0.8763878 , -0.82149362, -0.94847639, ..., -0.7314675 ,
         -0.39706744,  0.        ]],

       [[ 0.        , -0.04676012, -0.09104627, ..., -0.96923462,
         -0.82626111, -0.86314192],
        [ 0.04676012,  0.        , -0.04438078, ..., -0.97968389,
         -0.85169668, -0.88580982],
        [ 0.09104627,  0.04438078,  0.        , ..., -0.98761907,
         -0.87411458, -0.90553185],
        ...,
        [ 0.96923462,  0.97968389,  0.98761907, ...,  0.        ,
         -0.34258272, -0.27697347],
        [ 0.82626111,  0.85169668,  0.87411458, ...,  0.34258272,
          0.        ,  0.0689669 ],
        [ 0.86314192,  0.88580982,  0.90553185, ...,  0.27697347,
         -0.0689669 ,  0.        ]],

       [[ 0.        , -0.03950936, -0.08082983, ..., -0.90097608,
         -0.88638161, -0.88698351],
        [ 0.03950936,  0.        , -0.04138663, ..., -0.88313072,
         -0.86739846, -0.86804549],
        [ 0.08082983,  0.04138663,  0.        , ..., -0.86295847,
         -0.8460607 , -0.84675392],
        ...,
        [ 0.90097608,  0.88313072,  0.86295847, ...,  0.        ,
          0.03253838,  0.0312373 ],
        [ 0.88638161,  0.86739846,  0.8460607 , ..., -0.03253838,
          0.        , -0.00130174],
        [ 0.88698351,  0.86804549,  0.84675392, ..., -0.0312373 ,
          0.00130174,  0.        ]]]), 'num': array([9.99056470e-01, 4.20404263e-02, 2.54525544e-04, 6.47069671e-04,
       6.61697576e-04, 6.40185951e-04, 1.07425612e-02, 8.60464989e-07,
       6.34851069e-04, 6.23148745e-04, 6.83266565e-04, 1.05094960e-05,
       6.62026530e-04, 5.84270960e-04])}
{'img': array([[[ 0.        , -0.04010453, -0.24327618, ..., -0.47270843,
         -0.33628329, -0.32589538],
        [ 0.04010453,  0.        , -0.20418079, ..., -0.43698726,
         -0.29824387, -0.28771813],
        [ 0.24327618,  0.20418079,  0.        , ..., -0.24412732,
         -0.09707237, -0.0861098 ],
        ...,
        [ 0.47270843,  0.43698726,  0.24412732, ...,  0.        ,
          0.14883911,  0.15971615],
        [ 0.33628329,  0.29824387,  0.09707237, ..., -0.14883911,
          0.        ,  0.01100867],
        [ 0.32589538,  0.28771813,  0.0861098 , ..., -0.15971615,
         -0.01100867,  0.        ]],

       [[ 0.        , -0.06672341,  0.09546965, ...,  0.10419758,
          0.1268639 ,  0.05130418],
        [ 0.06672341,  0.        ,  0.16167553, ...,  0.17032559,
          0.19276548,  0.11782539],
        [-0.09546965, -0.16167553,  0.        , ...,  0.00877167,
          0.03158617, -0.04427408],
        ...,
        [-0.10419758, -0.17032559, -0.00877167, ...,  0.        ,
          0.02281766, -0.05303545],
        [-0.1268639 , -0.19276548, -0.03158617, ..., -0.02281766,
          0.        , -0.07580719],
        [-0.05130418, -0.11782539,  0.04427408, ...,  0.05303545,
          0.07580719,  0.        ]],

       [[ 0.        , -0.0175    , -0.05248392, ..., -0.78838639,
         -0.66073699, -0.54228643],
        [ 0.0175    ,  0.        , -0.035     , ..., -0.7775    ,
         -0.6475    , -0.5275    ],
        [ 0.05248392,  0.035     ,  0.        , ..., -0.75501273,
         -0.62043099, -0.49744238],
        ...,
        [ 0.78838639,  0.7775    ,  0.75501273, ...,  0.        ,
          0.18530418,  0.32879329],
        [ 0.66073699,  0.6475    ,  0.62043099, ..., -0.18530418,
          0.        ,  0.14809736],
        [ 0.54228643,  0.5275    ,  0.49744238, ..., -0.32879329,
         -0.14809736,  0.        ]],

       ...,

       [[ 0.        , -0.28054957, -0.44811611, ...,  0.52754329,
          0.82149362,  0.82149362],
        [ 0.28054957,  0.        , -0.17931516, ...,  0.74469166,
          0.94847639,  0.94847639],
        [ 0.44811611,  0.17931516,  0.        , ...,  0.85229795,
          0.9899188 ,  0.9899188 ],
        ...,
        [-0.52754329, -0.74469166, -0.85229795, ...,  0.        ,
          0.39706744,  0.39706744],
        [-0.82149362, -0.94847639, -0.9899188 , ..., -0.39706744,
          0.        ,  0.        ],
        [-0.82149362, -0.94847639, -0.9899188 , ..., -0.39706744,
          0.        ,  0.        ]],

       [[ 0.        , -0.04400255, -0.05797051, ..., -0.94548345,
         -0.94876115, -0.84790831],
        [ 0.04400255,  0.        , -0.01398581, ..., -0.95889799,
         -0.96174675, -0.87041469],
        [ 0.05797051,  0.01398581,  0.        , ..., -0.96277269,
         -0.96548396, -0.87721504],
        ...,
        [ 0.94548345,  0.95889799,  0.96277269, ...,  0.        ,
          0.010216  , -0.22510289],
        [ 0.94876115,  0.96174675,  0.96548396, ..., -0.010216  ,
          0.        , -0.23504495],
        [ 0.84790831,  0.87041469,  0.87721504, ...,  0.22510289,
          0.23504495,  0.        ]],

       [[ 0.        , -0.04138663, -0.12045809, ..., -0.86739846,
         -0.86804549, -0.8582661 ],
        [ 0.04138663,  0.        , -0.0792696 , ..., -0.8460607 ,
         -0.84675392, -0.83629092],
        [ 0.12045809,  0.0792696 ,  0.        , ..., -0.80114076,
         -0.80191915, -0.79019688],
        ...,
        [ 0.86739846,  0.8460607 ,  0.80114076, ...,  0.        ,
         -0.00130174,  0.01806774],
        [ 0.86804549,  0.84675392,  0.80191915, ...,  0.00130174,
          0.        ,  0.01936926],
        [ 0.8582661 ,  0.83629092,  0.79019688, ..., -0.01806774,
         -0.01936926,  0.        ]]]), 'num': array([ 7.07106750e-01,  7.07106750e-01,  0.00000000e+00,  2.67216426e-05,
        2.70427304e-05,  2.66859661e-05,  2.88536657e-04, -1.07029276e-07,
        2.65575310e-05,  2.58065423e-05,  2.83086489e-05,  5.14254779e-07,
        2.73252479e-05,  2.42878366e-05])}
{'img': array([[[ 0.        , -0.20418079, -0.19381853, ..., -0.29824387,
         -0.28771813, -0.31935417],
        [ 0.20418079,  0.        ,  0.0105736 , ..., -0.09707237,
         -0.0861098 , -0.11913745],
        [ 0.19381853, -0.0105736 ,  0.        , ..., -0.1075906 ,
         -0.09663931, -0.12962908],
        ...,
        [ 0.29824387,  0.09707237,  0.1075906 , ...,  0.        ,
          0.01100867, -0.0221938 ],
        [ 0.28771813,  0.0861098 ,  0.09663931, ..., -0.01100867,
          0.        , -0.03319842],
        [ 0.31935417,  0.11913745,  0.12962908, ...,  0.0221938 ,
          0.03319842,  0.        ]],

       [[ 0.        ,  0.14117251,  0.04627089, ...,  0.17212943,
          0.09776247, -0.0222557 ],
        [-0.14117251,  0.        , -0.09521382, ...,  0.03134013,
         -0.04371288, -0.16317035],
        [-0.04627089,  0.09521382,  0.        , ...,  0.1263648 ,
          0.05160852, -0.06849129],
        ...,
        [-0.17212943, -0.03134013, -0.1263648 , ...,  0.        ,
         -0.07500159, -0.19401031],
        [-0.09776247,  0.04371288, -0.05160852, ...,  0.07500159,
          0.        , -0.11988734],
        [ 0.0222557 ,  0.16317035,  0.06849129, ...,  0.19401031,
          0.11988734,  0.        ]],

       [[ 0.        , -0.035     , -0.095     , ..., -0.6475    ,
         -0.5275    , -0.445     ],
        [ 0.035     ,  0.        , -0.06010009, ..., -0.62043099,
         -0.49744238, -0.41338378],
        [ 0.095     ,  0.06010009,  0.        , ..., -0.57217532,
         -0.44440653, -0.35791198],
        ...,
        [ 0.6475    ,  0.62043099,  0.57217532, ...,  0.        ,
          0.14809736,  0.24073692],
        [ 0.5275    ,  0.49744238,  0.44440653, ..., -0.14809736,
          0.        ,  0.09434039],
        [ 0.445     ,  0.41338378,  0.35791198, ..., -0.24073692,
         -0.09434039,  0.        ]],

       ...,

       [[ 0.        , -0.16885623,  0.08392612, ...,  0.88725266,
          0.88725266,  0.92534378],
        [ 0.16885623,  0.        ,  0.2509815 , ...,  0.95240296,
          0.95240296,  0.84803817],
        [-0.08392612, -0.2509815 ,  0.        , ...,  0.84540866,
          0.84540866,  0.95389799],
        ...,
        [-0.88725266, -0.95240296, -0.84540866, ...,  0.        ,
          0.        ,  0.76322938],
        [-0.88725266, -0.95240296, -0.84540866, ...,  0.        ,
          0.        ,  0.76322938],
        [-0.92534378, -0.84803817, -0.95389799, ..., -0.76322938,
         -0.76322938,  0.        ]],

       [[ 0.        , -0.01375377, -0.08818954, ..., -0.99088606,
         -0.97723166, -0.86321272],
        [ 0.01375377,  0.        , -0.07448102, ..., -0.992645  ,
         -0.98005744, -0.87007453],
        [ 0.08818954,  0.07448102,  0.        , ..., -0.99890465,
         -0.99213571, -0.90437104],
        ...,
        [ 0.99088606,  0.992645  ,  0.99890465, ...,  0.        ,
         -0.0786056 , -0.38396218],
        [ 0.97723166,  0.98005744,  0.99213571, ...,  0.0786056 ,
          0.        , -0.31019374],
        [ 0.86321272,  0.87007453,  0.90437104, ...,  0.38396218,
          0.31019374,  0.        ]],

       [[ 0.        , -0.0792696 , -0.13080626, ..., -0.84675392,
         -0.83629092, -0.81610114],
        [ 0.0792696 ,  0.        , -0.05180612, ..., -0.80191915,
         -0.79019688, -0.76772242],
        [ 0.13080626,  0.05180612,  0.        , ..., -0.76989163,
         -0.75738623, -0.73349504],
        ...,
        [ 0.84675392,  0.80191915,  0.76989163, ...,  0.        ,
          0.01936926,  0.05519342],
        [ 0.83629092,  0.79019688,  0.75738623, ..., -0.01936926,
          0.        ,  0.03584333],
        [ 0.81610114,  0.76772242,  0.73349504, ..., -0.05519342,
         -0.03584333,  0.        ]]]), 'num': array([ 7.07100020e-01,  7.07100020e-01,  0.00000000e+00,  2.66143600e-05,
        2.83268121e-05,  2.62575991e-05,  4.37241826e-03, -1.07028257e-07,
        2.66571713e-05,  2.57813234e-05,  2.82881630e-05,  4.65973365e-07,
        2.72279040e-05,  2.43347428e-05])}
{'img': array([[[ 0.        ,  0.0105736 ,  0.64484572, ..., -0.0861098 ,
         -0.11913745, -0.15259688],
        [-0.0105736 ,  0.        ,  0.63672813, ..., -0.09663931,
         -0.12962908, -0.16303811],
        [-0.64484572, -0.63672813,  0.        , ..., -0.70826536,
         -0.73131125, -0.75392536],
        ...,
        [ 0.0861098 ,  0.09663931,  0.70826536, ...,  0.        ,
         -0.03319842, -0.06692875],
        [ 0.11913745,  0.12962908,  0.73131125, ...,  0.03319842,
          0.        , -0.03376788],
        [ 0.15259688,  0.16303811,  0.75392536, ...,  0.06692875,
          0.03376788,  0.        ]],

       [[ 0.        , -0.09521382,  0.52488249, ..., -0.04371288,
         -0.16317035,  0.442987  ],
        [ 0.09521382,  0.        ,  0.60354146, ...,  0.05160852,
         -0.06849129,  0.5263363 ],
        [-0.52488249, -0.60354146,  0.        , ..., -0.56158807,
         -0.65673444, -0.09351253],
        ...,
        [ 0.04371288, -0.05160852,  0.56158807, ...,  0.        ,
         -0.11988734,  0.48175339],
        [ 0.16317035,  0.06849129,  0.65673444, ...,  0.11988734,
          0.        ,  0.58333684],
        [-0.442987  , -0.5263363 ,  0.09351253, ..., -0.48175339,
         -0.58333684,  0.        ]],

       [[ 0.        , -0.06010009,  0.06995711, ..., -0.49744238,
         -0.41338378, -0.3778258 ],
        [ 0.06010009,  0.        ,  0.1297835 , ..., -0.44440653,
         -0.35791198, -0.32149756],
        [-0.06995711, -0.1297835 ,  0.        , ..., -0.55691123,
         -0.47607092, -0.44167179],
        ...,
        [ 0.49744238,  0.44440653,  0.55691123, ...,  0.        ,
          0.09434039,  0.13280755],
        [ 0.41338378,  0.35791198,  0.47607092, ..., -0.09434039,
          0.        ,  0.03871052],
        [ 0.3778258 ,  0.32149756,  0.44167179, ..., -0.13280755,
         -0.03871052,  0.        ]],

       ...,

       [[ 0.        ,  0.2509815 ,  0.74804131, ...,  0.95240296,
          0.84803817,  0.99353692],
        [-0.2509815 ,  0.        ,  0.5575335 , ...,  0.84540866,
          0.95389799,  0.93324691],
        [-0.74804131, -0.5575335 ,  0.        , ...,  0.40402995,
          0.95921575,  0.57445319],
        ...,
        [-0.95240296, -0.84540866, -0.40402995, ...,  0.        ,
          0.76322938,  0.19476498],
        [-0.84803817, -0.95389799, -0.95921575, ..., -0.76322938,
          0.        , -0.62277046],
        [-0.99353692, -0.93324691, -0.57445319, ..., -0.19476498,
          0.62277046,  0.        ]],

       [[ 0.        , -0.07351333, -0.11041104, ..., -0.99419625,
         -0.96893161, -0.86454247],
        [ 0.07351333,  0.        , -0.03704842, ..., -0.99941488,
         -0.98449187, -0.89914806],
        [ 0.11041104,  0.03704842,  0.        , ..., -0.99999595,
         -0.9903154 , -0.91474481],
        ...,
        [ 0.99419625,  0.99941488,  0.99999595, ...,  0.        ,
         -0.1416541 , -0.40663413],
        [ 0.96893161,  0.98449187,  0.9903154 , ...,  0.1416541 ,
          0.        , -0.2731198 ],
        [ 0.86454247,  0.89914806,  0.91474481, ...,  0.40663413,
          0.2731198 ,  0.        ]],

       [[ 0.        , -0.05180612, -0.04050484, ..., -0.79019688,
         -0.76772242, -0.75090599],
        [ 0.05180612,  0.        ,  0.01131316, ..., -0.75738623,
         -0.73349504, -0.71568441],
        [ 0.04050484, -0.01131316,  0.        , ..., -0.76472488,
         -0.74113759, -0.72353999],
        ...,
        [ 0.79019688,  0.75738623,  0.76472488, ...,  0.        ,
          0.03584333,  0.06165817],
        [ 0.76772242,  0.73349504,  0.74113759, ..., -0.03584333,
          0.        ,  0.02584342],
        [ 0.75090599,  0.71568441,  0.72353999, ..., -0.06165817,
         -0.02584342,  0.        ]]]), 'num': array([ 9.78916824e-01,  2.04256418e-01,  2.11655838e-04,  3.67050635e-05,
        3.74070729e-05,  3.66047765e-05,  1.05449837e-03, -7.02009412e-07,
        3.74070729e-05,  3.61710349e-05,  3.97362399e-05,  6.29252134e-07,
        3.80505212e-05,  3.42915487e-05])}
{'img': array([[[ 0.        ,  0.63672813,  0.94280904, ..., -0.12962908,
         -0.16303811, -0.32528931],
        [-0.63672813,  0.        ,  0.9392318 , ..., -0.73131125,
         -0.75392536, -0.85292619],
        [-0.94280904, -0.9392318 ,  0.        , ..., -0.89164445,
         -0.875848  , -0.78310417],
        ...,
        [ 0.12962908,  0.73131125,  0.89164445, ...,  0.        ,
         -0.03376788, -0.19996555],
        [ 0.16303811,  0.75392536,  0.875848  , ...,  0.03376788,
          0.        , -0.16676565],
        [ 0.32528931,  0.85292619,  0.78310417, ...,  0.19996555,
          0.16676565,  0.        ]],

       [[ 0.        ,  0.60354146,  0.06849129, ..., -0.06849129,
          0.5263363 ,  0.13743856],
        [-0.60354146,  0.        ,  0.65673444, ..., -0.65673444,
         -0.09351253, -0.48822992],
        [-0.06849129, -0.65673444,  0.        , ..., -0.        ,
         -0.58333684, -0.20495714],
        ...,
        [ 0.06849129,  0.65673444,  0.        , ...,  0.        ,
          0.58333684,  0.20495714],
        [-0.5263363 ,  0.09351253,  0.58333684, ..., -0.58333684,
          0.        , -0.40448075],
        [-0.13743856,  0.48822992,  0.20495714, ..., -0.20495714,
          0.40448075,  0.        ]],

       [[ 0.        ,  0.1297835 ,  0.40132883, ..., -0.35791198,
         -0.32149756, -0.33708447],
        [-0.1297835 ,  0.        ,  0.27906141, ..., -0.47607092,
         -0.44167179, -0.45642137],
        [-0.40132883, -0.27906141,  0.        , ..., -0.70256671,
         -0.67449301, -0.68658797],
        ...,
        [ 0.35791198,  0.47607092,  0.70256671, ...,  0.        ,
          0.03871052,  0.02221055],
        [ 0.32149756,  0.44167179,  0.67449301, ..., -0.03871052,
          0.        , -0.01650707],
        [ 0.33708447,  0.45642137,  0.68658797, ..., -0.02221055,
          0.01650707,  0.        ]],

       ...,

       [[ 0.        ,  0.5575335 ,  0.94633143, ...,  0.95389799,
          0.93324691,  0.88209214],
        [-0.5575335 ,  0.        ,  0.60540763, ...,  0.95921575,
          0.57445319,  0.46963155],
        [-0.94633143, -0.60540763,  0.        , ...,  0.59232117,
         -0.03833256, -0.16070463],
        ...,
        [-0.95389799, -0.95921575, -0.59232117, ...,  0.        ,
         -0.62277046, -0.71410253],
        [-0.93324691, -0.57445319,  0.03833256, ...,  0.62277046,
          0.        , -0.12275218],
        [-0.88209214, -0.46963155,  0.16070463, ...,  0.71410253,
          0.12275218,  0.        ]],

       [[ 0.        , -0.03627829,  0.17337033, ..., -0.99956143,
         -0.99209823, -0.89085552],
        [ 0.03627829,  0.        ,  0.20898512, ..., -0.99997777,
         -0.99599676, -0.90674984],
        [-0.17337033, -0.20898512,  0.        , ..., -0.97929069,
         -0.95532294, -0.79860519],
        ...,
        [ 0.99956143,  0.99997777,  0.97929069, ...,  0.        ,
         -0.09602912, -0.42770626],
        [ 0.99209823,  0.99599676,  0.95532294, ...,  0.09602912,
          0.        , -0.3389272 ],
        [ 0.89085552,  0.90674984,  0.79860519, ...,  0.42770626,
          0.3389272 ,  0.        ]],

       [[ 0.        ,  0.01131316, -0.08627552, ..., -0.73349504,
         -0.71568441, -0.69199289],
        [-0.01131316,  0.        , -0.09754097, ..., -0.74113759,
         -0.72353999, -0.70011562],
        [ 0.08627552,  0.09754097,  0.        , ..., -0.67211904,
         -0.65275897, -0.62712999],
        ...,
        [ 0.73349504,  0.74113759,  0.67211904, ...,  0.        ,
          0.02584342,  0.05916926],
        [ 0.71568441,  0.72353999,  0.65275897, ..., -0.02584342,
          0.        ,  0.03335136],
        [ 0.69199289,  0.70011562,  0.62712999, ..., -0.05916926,
         -0.03335136,  0.        ]]]), 'num': array([ 9.97327100e-01,  7.30631003e-02,  2.52876613e-04,  3.73923465e-05,
        3.78015651e-05,  3.73411942e-05,  6.02277655e-04, -5.11523208e-08,
        3.79550220e-05,  3.68961690e-05,  4.05100804e-05,  6.11718475e-07,
        3.88106877e-05,  3.49816503e-05])}
{'img': array([[[ 0.00000000e+00,  9.39231804e-01,  3.64095892e-01, ...,
         -7.53925359e-01, -8.52926187e-01, -8.59523455e-01],
        [-9.39231804e-01,  0.00000000e+00, -7.49776169e-01, ...,
         -8.75848003e-01, -7.83104174e-01, -7.75098193e-01],
        [-3.64095892e-01,  7.49776169e-01,  0.00000000e+00, ...,
         -9.41373496e-01, -9.84452120e-01, -9.86615090e-01],
        ...,
        [ 7.53925359e-01,  8.75848003e-01,  9.41373496e-01, ...,
          0.00000000e+00, -1.66765650e-01, -1.79344138e-01],
        [ 8.52926187e-01,  7.83104174e-01,  9.84452120e-01, ...,
          1.66765650e-01,  0.00000000e+00, -1.27709253e-02],
        [ 8.59523455e-01,  7.75098193e-01,  9.86615090e-01, ...,
          1.79344138e-01,  1.27709253e-02,  0.00000000e+00]],

       [[ 0.00000000e+00,  6.56734438e-01,  2.18911227e-01, ...,
         -9.35125339e-02, -4.88229917e-01, -5.69954205e-01],
        [-6.56734438e-01,  0.00000000e+00, -8.05890956e-01, ...,
         -5.83336843e-01, -2.04957140e-01, -1.09808267e-01],
        [-2.18911227e-01,  8.05890956e-01,  0.00000000e+00, ...,
         -3.09196347e-01, -6.67434914e-01, -7.36004042e-01],
        ...,
        [ 9.35125339e-02,  5.83336843e-01,  3.09196347e-01, ...,
          0.00000000e+00, -4.04480748e-01, -4.90619676e-01],
        [ 4.88229917e-01,  2.04957140e-01,  6.67434914e-01, ...,
          4.04480748e-01,  0.00000000e+00, -9.62405790e-02],
        [ 5.69954205e-01,  1.09808267e-01,  7.36004042e-01, ...,
          4.90619676e-01,  9.62405790e-02,  0.00000000e+00]],

       [[ 0.00000000e+00,  2.79061414e-01,  4.84682810e-01, ...,
         -4.41671791e-01, -4.56421375e-01, -5.05508476e-01],
        [-2.79061414e-01,  0.00000000e+00,  2.21335716e-01, ...,
         -6.74493007e-01, -6.86587970e-01, -7.26206497e-01],
        [-4.84682810e-01, -2.21335716e-01,  0.00000000e+00, ...,
         -8.21172017e-01, -8.30480400e-01, -8.60358019e-01],
        ...,
        [ 4.41671791e-01,  6.74493007e-01,  8.21172017e-01, ...,
          0.00000000e+00, -1.65070737e-02, -7.24464470e-02],
        [ 4.56421375e-01,  6.86587970e-01,  8.30480400e-01, ...,
          1.65070737e-02,  0.00000000e+00, -5.59728780e-02],
        [ 5.05508476e-01,  7.26206497e-01,  8.60358019e-01, ...,
          7.24464470e-02,  5.59728780e-02,  0.00000000e+00]],

       ...,

       [[ 0.00000000e+00,  6.05407627e-01,  3.81813184e-01, ...,
          5.74453190e-01,  4.69631553e-01,  3.55401342e-01],
        [-6.05407627e-01,  0.00000000e+00, -2.55650595e-01, ...,
         -3.83325643e-02, -1.60704626e-01, -2.83013398e-01],
        [-3.81813184e-01,  2.55650595e-01,  0.00000000e+00, ...,
          2.18403957e-01,  9.69634977e-02, -2.84100852e-02],
        ...,
        [-5.74453190e-01,  3.83325643e-02, -2.18403957e-01, ...,
          0.00000000e+00, -1.22752175e-01, -2.46040020e-01],
        [-4.69631553e-01,  1.60704626e-01, -9.69634977e-02, ...,
          1.22752175e-01,  0.00000000e+00, -1.25200574e-01],
        [-3.55401342e-01,  2.83013398e-01,  2.84100852e-02, ...,
          2.46040020e-01,  1.25200574e-01,  0.00000000e+00]],

       [[ 0.00000000e+00,  2.08888865e-01,  2.79996569e-01, ...,
         -9.96309868e-01, -9.27712196e-01, -9.06559646e-01],
        [-2.08888865e-01,  0.00000000e+00,  7.32861533e-02, ...,
         -9.56401902e-01, -8.29268867e-01, -7.98393046e-01],
        [-2.79996569e-01, -7.32861533e-02,  0.00000000e+00, ...,
         -9.32426597e-01, -7.86082971e-01, -7.52117852e-01],
        ...,
        [ 9.96309868e-01,  9.56401902e-01,  9.32426597e-01, ...,
          0.00000000e+00, -2.92293957e-01, -3.42710942e-01],
        [ 9.27712196e-01,  8.29268867e-01,  7.86082971e-01, ...,
          2.92293957e-01,  0.00000000e+00, -5.31513501e-02],
        [ 9.06559646e-01,  7.98393046e-01,  7.52117852e-01, ...,
          3.42710942e-01,  5.31513501e-02,  0.00000000e+00]],

       [[ 0.00000000e+00, -9.75409713e-02, -1.18891272e-01, ...,
         -7.23539990e-01, -7.00115617e-01, -7.00058260e-01],
        [ 9.75409713e-02,  0.00000000e+00, -2.14751998e-02, ...,
         -6.52758974e-01, -6.27129992e-01, -6.27067423e-01],
        [ 1.18891272e-01,  2.14751998e-02,  0.00000000e+00, ...,
         -6.36339562e-01, -6.10258017e-01, -6.10194381e-01],
        ...,
        [ 7.23539990e-01,  6.52758974e-01,  6.36339562e-01, ...,
          0.00000000e+00,  3.33513606e-02,  3.34316415e-02],
        [ 7.00115617e-01,  6.27129992e-01,  6.10258017e-01, ...,
         -3.33513606e-02,  0.00000000e+00,  8.03256190e-05],
        [ 7.00058260e-01,  6.27067423e-01,  6.10194381e-01, ...,
         -3.34316415e-02, -8.03256190e-05,  0.00000000e+00]]]), 'num': array([9.99923480e-01, 5.65192514e-03, 2.61650409e-04, 3.74984558e-05,
       4.14456616e-05, 3.61169337e-05, 1.10004779e-02, 1.43086213e-06,
       3.66892786e-05, 3.56827411e-05, 3.90181300e-05, 7.15431064e-07,
       3.77085943e-05, 3.36568879e-05])}
{'img': array([[[ 0.00000000e+00, -7.49776169e-01, -8.58724339e-01, ...,
         -7.83104174e-01, -7.75098193e-01, -9.39231804e-01],
        [ 7.49776169e-01,  0.00000000e+00, -1.83996974e-01, ...,
         -9.84452120e-01, -9.86615090e-01, -8.78867590e-01],
        [ 8.58724339e-01,  1.83996974e-01,  0.00000000e+00, ...,
         -9.35324738e-01, -9.39766691e-01, -7.76083857e-01],
        ...,
        [ 7.83104174e-01,  9.84452120e-01,  9.35324738e-01, ...,
          0.00000000e+00, -1.27709253e-02,  3.15272575e-01],
        [ 7.75098193e-01,  9.86615090e-01,  9.39766691e-01, ...,
          1.27709253e-02,  0.00000000e+00,  3.27366487e-01],
        [ 9.39231804e-01,  8.78867590e-01,  7.76083857e-01, ...,
         -3.15272575e-01, -3.27366487e-01,  0.00000000e+00]],

       [[ 0.00000000e+00, -8.05890956e-01, -8.14439778e-01, ...,
         -2.04957140e-01, -1.09808267e-01, -7.62020575e-01],
        [ 8.05890956e-01,  0.00000000e+00,  1.45837747e-02, ...,
         -6.67434914e-01, -7.36004042e-01, -7.06920122e-02],
        [ 8.14439778e-01, -1.45837747e-02,  0.00000000e+00, ...,
         -6.78224005e-01, -7.45798650e-01, -8.52317830e-02],
        ...,
        [ 2.04957140e-01,  6.67434914e-01,  6.78224005e-01, ...,
          0.00000000e+00, -9.62405790e-02,  6.13123029e-01],
        [ 1.09808267e-01,  7.36004042e-01,  7.45798650e-01, ...,
          9.62405790e-02,  0.00000000e+00,  6.86305823e-01],
        [ 7.62020575e-01,  7.06920122e-02,  8.52317830e-02, ...,
         -6.13123029e-01, -6.86305823e-01,  0.00000000e+00]],

       [[ 0.00000000e+00,  2.21335716e-01,  4.79862732e-01, ...,
         -6.86587970e-01, -7.26206497e-01, -7.10491155e-01],
        [-2.21335716e-01,  0.00000000e+00,  2.73773550e-01, ...,
         -8.30480400e-01, -8.60358019e-01, -8.48624621e-01],
        [-4.79862732e-01, -2.73773550e-01,  0.00000000e+00, ...,
         -9.51256182e-01, -9.67027024e-01, -9.61027200e-01],
        ...,
        [ 6.86587970e-01,  8.30480400e-01,  9.51256182e-01, ...,
          0.00000000e+00, -5.59728780e-02, -3.34041132e-02],
        [ 7.26206497e-01,  8.60358019e-01,  9.67027024e-01, ...,
          5.59728780e-02,  0.00000000e+00,  2.25898959e-02],
        [ 7.10491155e-01,  8.48624621e-01,  9.61027200e-01, ...,
          3.34041132e-02, -2.25898959e-02,  0.00000000e+00]],

       ...,

       [[ 0.00000000e+00, -2.49512253e-01, -2.97100652e-01, ...,
         -1.56354851e-01, -2.76445981e-01,  6.08750739e-01],
        [ 2.49512253e-01,  0.00000000e+00, -4.94580275e-02, ...,
          9.50338845e-02, -2.79138231e-02,  7.87450378e-01],
        [ 2.97100652e-01,  4.94580275e-02,  0.00000000e+00, ...,
          1.44151765e-01,  2.15590931e-02,  8.16971541e-01],
        ...,
        [ 1.56354851e-01, -9.50338845e-02, -1.44151765e-01, ...,
          0.00000000e+00, -1.22784339e-01,  7.25309608e-01],
        [ 2.76445981e-01,  2.79138231e-02, -2.15590931e-02, ...,
          1.22784339e-01,  0.00000000e+00,  8.04349003e-01],
        [-6.08750739e-01, -7.87450378e-01, -8.16971541e-01, ...,
         -7.25309608e-01, -8.04349003e-01,  0.00000000e+00]],

       [[ 0.00000000e+00,  7.32861533e-02,  3.94094587e-02, ...,
         -8.29268867e-01, -7.98393046e-01, -9.67264805e-01],
        [-7.32861533e-02,  0.00000000e+00, -3.39257357e-02, ...,
         -7.86082971e-01, -7.52117852e-01, -9.46066019e-01],
        [-3.94094587e-02,  3.39257357e-02,  0.00000000e+00, ...,
         -8.06600676e-01, -7.74042931e-01, -9.56512476e-01],
        ...,
        [ 8.29268867e-01,  7.86082971e-01,  8.06600676e-01, ...,
          0.00000000e+00, -5.31513501e-02,  3.30112904e-01],
        [ 7.98393046e-01,  7.52117852e-01,  7.74042931e-01, ...,
          5.31513501e-02,  0.00000000e+00,  3.79818042e-01],
        [ 9.67264805e-01,  9.46066019e-01,  9.56512476e-01, ...,
         -3.30112904e-01, -3.79818042e-01,  0.00000000e+00]],

       [[ 0.00000000e+00, -2.14751998e-02, -1.12119629e-02, ...,
         -6.27129992e-01, -6.27067423e-01, -6.52195137e-01],
        [ 2.14751998e-02,  0.00000000e+00,  1.02644727e-02, ...,
         -6.10258017e-01, -6.10194381e-01, -6.35765430e-01],
        [ 1.12119629e-02, -1.02644727e-02,  0.00000000e+00, ...,
         -6.18357411e-01, -6.18294282e-01, -6.43654902e-01],
        ...,
        [ 6.27129992e-01,  6.10258017e-01,  6.18357411e-01, ...,
          0.00000000e+00,  8.03256190e-05, -3.26077289e-02],
        [ 6.27067423e-01,  6.10194381e-01,  6.18294282e-01, ...,
         -8.03256190e-05,  0.00000000e+00, -3.26880117e-02],
        [ 6.52195137e-01,  6.35765430e-01,  6.43654902e-01, ...,
          3.26077289e-02,  3.26880117e-02,  0.00000000e+00]]]), 'num': array([9.99972397e-01, 2.56378604e-03, 2.57395761e-04, 3.75022023e-05,
       3.91958502e-05, 3.67763532e-05, 6.96810275e-03, 7.25849077e-07,
       3.62343859e-05, 3.51214173e-05, 3.81699835e-05, 7.83456147e-07,
       3.73887532e-05, 3.28540815e-05])}
{'img': array([[[ 0.        , -0.25705509, -0.2856578 , ..., -0.99763188,
         -0.95837998, -0.89671894],
        [ 0.25705509,  0.        , -0.02971472, ..., -0.98178834,
         -0.85278717, -0.75281357],
        [ 0.2856578 ,  0.02971472,  0.        , ..., -0.97570966,
         -0.83689183, -0.7329219 ],
        ...,
        [ 0.99763188,  0.98178834,  0.97570966, ...,  0.        ,
          0.35073658,  0.50322824],
        [ 0.95837998,  0.85278717,  0.83689183, ..., -0.35073658,
          0.        ,  0.16816999],
        [ 0.89671894,  0.75281357,  0.7329219 , ..., -0.50322824,
         -0.16816999,  0.        ]],

       [[ 0.        ,  0.33080091, -0.91292224, ..., -0.54617199,
         -0.46781735, -0.92128214],
        [-0.33080091,  0.        , -0.99653618, ..., -0.23831981,
         -0.73384967, -0.99806125],
        [ 0.91292224,  0.99653618,  0.        , ..., -0.98764147,
          0.6159317 , -0.02097536],
        ...,
        [ 0.54617199,  0.23831981,  0.98764147, ...,  0.        ,
          0.87459854,  0.98413672],
        [ 0.46781735,  0.73384967, -0.6159317 , ..., -0.87459854,
          0.        , -0.63232057],
        [ 0.92128214,  0.99806125,  0.02097536, ..., -0.98413672,
          0.63232057,  0.        ]],

       [[ 0.        ,  0.27377355,  0.62440338, ..., -0.86035802,
         -0.84862462, -0.80852382],
        [-0.27377355,  0.        ,  0.38670245, ..., -0.96702702,
         -0.9610272 , -0.93873923],
        [-0.62440338, -0.38670245,  0.        , ..., -0.99027969,
         -0.99316902, -0.99897818],
        ...,
        [ 0.86035802,  0.96702702,  0.99027969, ...,  0.        ,
          0.0225899 ,  0.0941926 ],
        [ 0.84862462,  0.9610272 ,  0.99316902, ..., -0.0225899 ,
          0.        ,  0.0716791 ],
        [ 0.80852382,  0.93873923,  0.99897818, ..., -0.0941926 ,
         -0.0716791 ,  0.        ]],

       ...,

       [[ 0.        , -0.0382814 ,  0.12231009, ..., -0.02151066,
          0.41559268,  0.90559757],
        [ 0.0382814 ,  0.        ,  0.16021441, ...,  0.01677764,
          0.45010692,  0.92117036],
        [-0.12231009, -0.16021441,  0.        , ..., -0.14363095,
          0.30122513,  0.84692193],
        ...,
        [ 0.02151066, -0.01677764,  0.14363095, ...,  0.        ,
          0.43506155,  0.91451152],
        [-0.41559268, -0.45010692, -0.30122513, ..., -0.43506155,
          0.        ,  0.64741839],
        [-0.90559757, -0.92117036, -0.84692193, ..., -0.91451152,
         -0.64741839,  0.        ]],

       [[ 0.        , -0.03392574, -0.09018873, ..., -0.75211785,
         -0.94606602, -0.99548093],
        [ 0.03392574,  0.        , -0.05634934, ..., -0.77404293,
         -0.95651248, -0.99812954],
        [ 0.09018873,  0.05634934,  0.        , ..., -0.8084897 ,
         -0.9714293 , -0.99998851],
        ...,
        [ 0.75211785,  0.77404293,  0.8084897 , ...,  0.        ,
          0.37981804,  0.58462811],
        [ 0.94606602,  0.95651248,  0.9714293 , ..., -0.37981804,
          0.        ,  0.23266988],
        [ 0.99548093,  0.99812954,  0.99998851, ..., -0.58462811,
         -0.23266988,  0.        ]],

       [[ 0.        ,  0.01026447,  0.02911121, ..., -0.61019438,
         -0.63576543, -0.68380647],
        [-0.01026447,  0.        ,  0.01884956, ..., -0.61829428,
         -0.6436549 , -0.69126006],
        [-0.02911121, -0.01884956,  0.        , ..., -0.63299918,
         -0.65796641, -0.70475805],
        ...,
        [ 0.61019438,  0.61829428,  0.63299918, ...,  0.        ,
         -0.03268801, -0.09651035],
        [ 0.63576543,  0.6436549 ,  0.65796641, ...,  0.03268801,
          0.        , -0.06392335],
        [ 0.68380647,  0.69126006,  0.70475805, ...,  0.09651035,
          0.06392335,  0.        ]]]), 'num': array([ 9.99998071e-01,  1.02733364e-03,  2.58131968e-04,  3.75031241e-05,
        3.77453924e-05,  3.66309585e-05,  1.65093210e-03, -4.84536488e-08,
        3.65534326e-05,  3.53469368e-05,  3.81499804e-05,  7.97140673e-07,
        3.77561114e-05,  3.29377621e-05])}
{'img': array([[[ 0.00000000e+00, -2.97147237e-02, -3.14486265e-01, ...,
         -8.52787174e-01, -7.52813568e-01, -7.60085044e-01],
        [ 2.97147237e-02,  0.00000000e+00, -2.86140335e-01, ...,
         -8.36891831e-01, -7.32921905e-01, -7.40440077e-01],
        [ 3.14486265e-01,  2.86140335e-01,  0.00000000e+00, ...,
         -6.45275326e-01, -5.07611842e-01, -5.17159267e-01],
        ...,
        [ 8.52787174e-01,  8.36891831e-01,  6.45275326e-01, ...,
          0.00000000e+00,  1.68169988e-01,  1.57200297e-01],
        [ 7.52813568e-01,  7.32921905e-01,  5.07611842e-01, ...,
         -1.68169988e-01,  0.00000000e+00, -1.11176347e-02],
        [ 7.60085044e-01,  7.40440077e-01,  5.17159267e-01, ...,
         -1.57200297e-01,  1.11176347e-02,  0.00000000e+00]],

       [[ 0.00000000e+00, -9.96536179e-01, -9.11163262e-01, ...,
         -7.33849666e-01, -9.98061252e-01, -6.04096406e-01],
        [ 9.96536179e-01,  0.00000000e+00, -4.86390919e-01, ...,
          6.15931701e-01, -2.09753582e-02, -8.44387754e-01],
        [ 9.11163262e-01,  4.86390919e-01,  0.00000000e+00, ...,
          9.21343520e-01,  4.67956873e-01, -4.77201033e-01],
        ...,
        [ 7.33849666e-01, -6.15931701e-01, -9.21343520e-01, ...,
          0.00000000e+00, -6.32320570e-01, -9.95182933e-01],
        [ 9.98061252e-01,  2.09753582e-02, -4.67956873e-01, ...,
          6.32320570e-01,  0.00000000e+00, -8.32964801e-01],
        [ 6.04096406e-01,  8.44387754e-01,  4.77201033e-01, ...,
          9.95182933e-01,  8.32964801e-01,  0.00000000e+00]],

       [[ 0.00000000e+00,  3.86702449e-01,  3.42670971e-01, ...,
         -9.61027200e-01, -9.38739232e-01, -9.10317892e-01],
        [-3.86702449e-01,  0.00000000e+00, -4.72770106e-02, ...,
         -9.93169022e-01, -9.98978184e-01, -9.99559233e-01],
        [-3.42670971e-01,  4.72770106e-02,  0.00000000e+00, ...,
         -9.97574976e-01, -9.99997828e-01, -9.97038014e-01],
        ...,
        [ 9.61027200e-01,  9.93169022e-01,  9.97574976e-01, ...,
          0.00000000e+00,  7.16790992e-02,  1.46117722e-01],
        [ 9.38739232e-01,  9.98978184e-01,  9.99997828e-01, ...,
         -7.16790992e-02,  0.00000000e+00,  7.48320875e-02],
        [ 9.10317892e-01,  9.99559233e-01,  9.97038014e-01, ...,
         -1.46117722e-01, -7.48320875e-02,  0.00000000e+00]],

       ...,

       [[ 0.00000000e+00,  1.55028926e-01, -1.07052680e-02, ...,
          4.31506470e-01,  8.00833904e-01,  9.31360580e-01],
        [-1.55028926e-01,  0.00000000e+00, -1.65595883e-01, ...,
          2.86436408e-01,  6.98307034e-01,  8.63654620e-01],
        [ 1.07052680e-02,  1.65595883e-01,  0.00000000e+00, ...,
          4.41139071e-01,  8.07199254e-01,  9.35204979e-01],
        ...,
        [-4.31506470e-01, -2.86436408e-01, -4.41139071e-01, ...,
          0.00000000e+00,  4.64016740e-01,  6.83078834e-01],
        [-8.00833904e-01, -6.98307034e-01, -8.07199254e-01, ...,
         -4.64016740e-01,  0.00000000e+00,  2.66197143e-01],
        [-9.31360580e-01, -8.63654620e-01, -9.35204979e-01, ...,
