state_0,state_1,state_2,state_3,state_4,state_5,state_6,state_7,state_8,state_9,state_10,state_11,state_12,state_13,state_14,state_15,state_16,state_17,state_18,state_19,state_20,state_21,state_22,state_23,state_24,state_25,state_26,state_27,state_28,state_29,state_30,state_31,state_32,state_33,state_34,state_35,state_36,state_37,state_38,state_39,state_40,state_41,state_42,state_43,state_44,state_45,state_46,state_47,state_48,state_49,state_50,state_51,state_52,state_53,state_54,state_55,state_56,state_57,state_58,state_59,state_60,state_61,state_62,state_63,state_64,state_65,state_66,state_67,state_68,state_69,state_70,state_71,state_72,state_73,state_74,state_75,state_76,state_77,state_78,state_79,state_80,state_81,state_82,state_83,state_84,state_85,state_86,state_87,state_88,state_89,state_90,state_91,state_92,state_93,state_94,state_95,state_96,state_97,state_98,state_99,state_100,state_101,state_102,state_103,state_104,state_105,state_106,state_107,state_108,state_109,state_110,state_111,state_112,state_113,state_114,state_115,state_116,state_117,state_118,state_119,state_120,state_121,state_122,state_123,state_124,state_125,state_126,state_127,state_128,state_129,state_130,state_131,state_132,state_133,state_134,state_135,state_136,state_137,state_138,state_139,state_140,state_141,state_142,state_143,state_144,state_145,state_146,state_147,state_148,state_149,state_150,state_151,state_152,state_153,state_154,state_155,state_156,state_157,state_158,state_159,state_160,state_161,state_162,state_163,state_164,state_165,state_166,state_167,state_168,state_169,state_170,state_171,state_172,state_173,state_174,state_175,state_176,state_177,state_178,state_179,state_180,state_181,state_182,state_183,state_184,state_185,state_186,state_187,state_188,state_189,state_190,state_191,state_192,state_193,state_194,state_195,state_196,state_197,state_198,state_199,state_200,state_201,state_202,state_203,state_204,state_205,state_206,state_207,state_208,state_209,state_210,state_211,state_212,state_213,state_214,state_215,state_216,state_217,state_218,state_219,state_220,state_221,state_222,state_223,state_224,state_225,state_226,state_227,state_228,state_229,state_230,state_231,state_232,state_233,state_234,state_235,state_236,state_237,state_238,state_239,state_240,state_241,state_242,state_243,state_244,state_245,state_246,state_247,state_248,state_249,state_250,state_251,state_252,state_253,state_254,state_255,state_256,state_257,state_258,state_259,state_260,state_261,state_262,state_263,state_264,state_265,state_266,state_267,state_268,state_269,state_270,state_271,state_272,state_273,state_274,state_275,state_276,state_277,state_278,state_279,state_280,state_281,state_282,state_283,state_284,state_285,state_286,state_287
{'img': array([[[ 0.        ,  0.02380422,  0.32106683, ...,  0.95646738,
          0.99070847,  0.99795176],
        [-0.02380422,  0.        ,  0.2984319 , ...,  0.94924935,
          0.99366518,  0.99614619],
        [-0.32106683, -0.2984319 ,  0.        , ...,  0.81212879,
          0.98192289,  0.92457776],
        ...,
        [-0.95646738, -0.94924935, -0.81212879, ...,  0.        ,
          0.41920974,  0.23005527],
        [-0.99070847, -0.99366518, -0.98192289, ..., -0.41920974,
          0.        , -0.19910076],
        [-0.99795176, -0.99614619, -0.92457776, ..., -0.23005527,
          0.19910076,  0.        ]],

       [[ 0.        , -0.16341403,  0.58815623, ...,  0.42326981,
         -0.04686855, -0.0531935 ],
        [ 0.16341403,  0.        ,  0.71241065, ...,  0.56563375,
          0.11699593,  0.11070422],
        [-0.58815623, -0.71241065,  0.        , ..., -0.19055338,
         -0.6254147 , -0.63034363],
        ...,
        [-0.42326981, -0.56563375,  0.19055338, ...,  0.        ,
         -0.46526774, -0.47086406],
        [ 0.04686855, -0.11699593,  0.6254147 , ...,  0.46526774,
          0.        , -0.00633285],
        [ 0.0531935 , -0.11070422,  0.63034363, ...,  0.47086406,
          0.00633285,  0.        ]],

       [[ 0.        , -0.00746546, -0.09099135, ...,  0.99849903,
          0.99583446,  0.99768938],
        [ 0.00746546,  0.        , -0.08355432, ...,  0.99806233,
          0.99512601,  0.99715437],
        [ 0.09099135,  0.08355432,  0.        , ...,  0.98937341,
          0.98340686,  0.98736865],
        ...,
        [-0.99849903, -0.99806233, -0.98937341, ...,  0.        ,
          0.03650162,  0.01319572],
        [-0.99583446, -0.99512601, -0.98340686, ..., -0.03650162,
          0.        , -0.02331152],
        [-0.99768938, -0.99715437, -0.98736865, ..., -0.01319572,
          0.02331152,  0.        ]],

       ...,

       [[ 0.        , -0.55350626,  0.18109056, ...,  0.35906403,
          0.65014404,  0.69804354],
        [ 0.55350626,  0.        ,  0.69517519, ...,  0.81563923,
          0.96202936,  0.97770318],
        [-0.18109056, -0.69517519,  0.        , ...,  0.18411326,
          0.50180024,  0.55683153],
        ...,
        [-0.35906403, -0.81563923, -0.18411326, ...,  0.        ,
          0.33396705,  0.39438336],
        [-0.65014404, -0.96202936, -0.50180024, ..., -0.33396705,
          0.        ,  0.06484206],
        [-0.69804354, -0.97770318, -0.55683153, ..., -0.39438336,
         -0.06484206,  0.        ]],

       [[ 0.        , -0.41244956, -0.70109685, ..., -0.42103319,
         -0.4099027 , -0.44392185],
        [ 0.41244956,  0.        , -0.34458173, ..., -0.0094426 ,
          0.00279397, -0.0348223 ],
        [ 0.70109685,  0.34458173,  0.        , ...,  0.33570207,
          0.34720324,  0.31168309],
        ...,
        [ 0.42103319,  0.0094426 , -0.33570207, ...,  0.        ,
          0.01223641, -0.02538387],
        [ 0.4099027 , -0.00279397, -0.34720324, ..., -0.01223641,
          0.        , -0.03761444],
        [ 0.44392185,  0.0348223 , -0.31168309, ...,  0.02538387,
          0.03761444,  0.        ]],

       [[ 0.        ,  0.32081339,  0.55438913, ...,  0.17083487,
          0.14864882,  0.16528302],
        [-0.32081339,  0.        ,  0.25808608, ...,  0.47790228,
          0.45804077,  0.47294754],
        [-0.55438913, -0.25808608,  0.        , ...,  0.68841804,
          0.67194399,  0.6843222 ],
        ...,
        [-0.17083487, -0.47790228, -0.68841804, ...,  0.        ,
          0.02247327,  0.00563193],
        [-0.14864882, -0.45804077, -0.67194399, ..., -0.02247327,
          0.        , -0.01684241],
        [-0.16528302, -0.47294754, -0.6843222 , ..., -0.00563193,
          0.01684241,  0.        ]]]), 'num': array([9.99601835e-01, 1.93205956e-02, 2.71922674e-05, 2.71546050e-03,
       2.74182419e-03, 2.67403184e-03, 1.91014003e-02, 0.00000000e+00,
       2.69662929e-03, 2.71640206e-03, 2.55526967e-03, 4.01732482e-06,
       2.86127025e-03, 2.57153386e-03])}
{'img': array([[[ 0.        ,  0.2984319 ,  0.25080528, ...,  0.99366518,
          0.99614619,  0.99614619],
        [-0.2984319 ,  0.        , -0.04951697, ...,  0.98192289,
          0.92457776,  0.92457776],
        [-0.25080528,  0.04951697,  0.        , ...,  0.99009099,
          0.9423092 ,  0.9423092 ],
        ...,
        [-0.99366518, -0.98192289, -0.99009099, ...,  0.        ,
         -0.19910076, -0.19910076],
        [-0.99614619, -0.92457776, -0.9423092 , ...,  0.19910076,
          0.        ,  0.        ],
        [-0.99614619, -0.92457776, -0.9423092 , ...,  0.19910076,
          0.        ,  0.        ]],

       [[ 0.        ,  0.71241065,  0.12530967, ...,  0.11699593,
          0.11070422, -0.02074955],
        [-0.71241065,  0.        , -0.61885753, ..., -0.6254147 ,
         -0.63034363, -0.72681853],
        [-0.12530967,  0.61885753,  0.        , ..., -0.00837536,
         -0.01470782, -0.14586868],
        ...,
        [-0.11699593,  0.6254147 ,  0.00837536, ...,  0.        ,
         -0.00633285, -0.13757779],
        [-0.11070422,  0.63034363,  0.01470782, ...,  0.00633285,
          0.        , -0.1313024 ],
        [ 0.02074955,  0.72681853,  0.14586868, ...,  0.13757779,
          0.1313024 ,  0.        ]],

       [[ 0.        , -0.08355432, -0.07429513, ...,  0.99512601,
          0.99715437,  0.99806233],
        [ 0.08355432,  0.        ,  0.00928807, ...,  0.98340686,
          0.98736865,  0.98937341],
        [ 0.07429513, -0.00928807,  0.        , ...,  0.98504942,
          0.98879766,  0.99068118],
        ...,
        [-0.99512601, -0.98340686, -0.98504942, ...,  0.        ,
         -0.02331152, -0.03650162],
        [-0.99715437, -0.98736865, -0.98879766, ...,  0.02331152,
          0.        , -0.01319572],
        [-0.99806233, -0.98937341, -0.99068118, ...,  0.03650162,
          0.01319572,  0.        ]],

       ...,

       [[ 0.        ,  0.69517519,  0.95438646, ...,  0.96202936,
          0.97770318,  0.99832333],
        [-0.69517519,  0.        ,  0.47849021, ...,  0.50180024,
          0.55683153,  0.67739579],
        [-0.95438646, -0.47849021,  0.        , ...,  0.02674106,
          0.09150366,  0.24283004],
        ...,
        [-0.96202936, -0.50180024, -0.02674106, ...,  0.        ,
          0.06484206,  0.21680254],
        [-0.97770318, -0.55683153, -0.09150366, ..., -0.06484206,
          0.        ,  0.15304646],
        [-0.99832333, -0.67739579, -0.24283004, ..., -0.21680254,
         -0.15304646,  0.        ]],

       [[ 0.        , -0.34458173, -0.64437261, ...,  0.00279397,
         -0.0348223 , -0.14584063],
        [ 0.34458173,  0.        , -0.3414032 , ...,  0.34720324,
          0.31168309,  0.20398868],
        [ 0.64437261,  0.3414032 ,  0.        , ...,  0.64650668,
          0.6173528 ,  0.52595701],
        ...,
        [-0.00279397, -0.34720324, -0.64650668, ...,  0.        ,
         -0.03761444, -0.14860416],
        [ 0.0348223 , -0.31168309, -0.6173528 , ...,  0.03761444,
          0.        , -0.1113022 ],
        [ 0.14584063, -0.20398868, -0.52595701, ...,  0.14860416,
          0.1113022 ,  0.        ]],

       [[ 0.        ,  0.468729  ,  0.68399232, ...,  0.25886514,
          0.2686825 ,  0.        ],
        [-0.468729  ,  0.        ,  0.26226641, ...,  0.68141811,
          0.68883181,  0.468729  ],
        [-0.68399232, -0.26226641,  0.        , ...,  0.84951672,
          0.85484208,  0.68399232],
        ...,
        [-0.25886514, -0.68141811, -0.84951672, ...,  0.        ,
         -0.01017769,  0.25886514],
        [-0.2686825 , -0.68883181, -0.85484208, ...,  0.01017769,
          0.        ,  0.2686825 ],
        [-0.        , -0.468729  , -0.68399232, ..., -0.25886514,
         -0.2686825 ,  0.        ]]]), 'num': array([7.07091850e-01, 7.07091850e-01, 0.00000000e+00, 5.64583250e-04,
       5.82494167e-04, 5.61468308e-04, 6.30225982e-03, 3.11494207e-06,
       5.61468308e-04, 5.60378079e-04, 5.29786752e-04, 8.47854055e-07,
       5.87369550e-04, 5.33386607e-04])}
{'img': array([[[ 0.        , -0.04951697, -0.03276412, ...,  0.92457776,
          0.92457776,  0.94406866],
        [ 0.04951697,  0.        ,  0.01676646, ...,  0.9423092 ,
          0.9423092 ,  0.95923872],
        [ 0.03276412, -0.01676646,  0.        , ...,  0.93656428,
          0.93656428,  0.95436573],
        ...,
        [-0.92457776, -0.9423092 , -0.93656428, ...,  0.        ,
          0.        ,  0.05480538],
        [-0.92457776, -0.9423092 , -0.93656428, ...,  0.        ,
          0.        ,  0.05480538],
        [-0.94406866, -0.95923872, -0.95436573, ..., -0.05480538,
         -0.05480538,  0.        ]],

       [[ 0.        , -0.61885753, -0.79778716, ..., -0.63034363,
         -0.72681853, -0.45457982],
        [ 0.61885753,  0.        , -0.25353095, ..., -0.01470782,
         -0.14586868,  0.19414619],
        [ 0.79778716,  0.25353095,  0.        , ...,  0.23927625,
          0.10971642,  0.43650983],
        ...,
        [ 0.63034363,  0.01470782, -0.23927625, ...,  0.        ,
         -0.1313024 ,  0.20855316],
        [ 0.72681853,  0.14586868, -0.10971642, ...,  0.1313024 ,
          0.        ,  0.33516278],
        [ 0.45457982, -0.19414619, -0.43650983, ..., -0.20855316,
         -0.33516278,  0.        ]],

       [[ 0.        ,  0.00928807,  0.06038345, ...,  0.98736865,
          0.98937341,  0.97367111],
        [-0.00928807,  0.        ,  0.05110973, ...,  0.98879766,
          0.99068118,  0.97574639],
        [-0.06038345, -0.05110973,  0.        , ...,  0.99513409,
          0.99634762,  0.98565926],
        ...,
        [-0.98736865, -0.98879766, -0.99513409, ...,  0.        ,
         -0.01319572,  0.07080978],
        [-0.98937341, -0.99068118, -0.99634762, ...,  0.01319572,
          0.        ,  0.08396621],
        [-0.97367111, -0.97574639, -0.98565926, ..., -0.07080978,
         -0.08396621,  0.        ]],

       ...,

       [[ 0.        ,  0.47985681,  0.44264746, ...,  0.55826678,
          0.67884908,  0.70994598],
        [-0.47985681,  0.        , -0.0419302 , ...,  0.09167486,
          0.24323788,  0.28492674],
        [-0.44264746,  0.0419302 ,  0.        , ...,  0.13334787,
          0.28369486,  0.32486833],
        ...,
        [-0.55826678, -0.09167486, -0.13334787, ...,  0.        ,
          0.15329204,  0.19585204],
        [-0.67884908, -0.24323788, -0.28369486, ..., -0.15329204,
          0.        ,  0.04321395],
        [-0.70994598, -0.28492674, -0.32486833, ..., -0.19585204,
         -0.04321395,  0.        ]],

       [[ 0.        , -0.3414032 , -0.53104344, ...,  0.31168309,
          0.20398868,  0.1239598 ],
        [ 0.3414032 ,  0.        , -0.20985057, ...,  0.6173528 ,
          0.52595701,  0.45528195],
        [ 0.53104344,  0.20985057,  0.        , ...,  0.76869308,
          0.69272602,  0.63198429],
        ...,
        [-0.31168309, -0.6173528 , -0.76869308, ...,  0.        ,
         -0.1113022 , -0.19149428],
        [-0.20398868, -0.52595701, -0.69272602, ...,  0.1113022 ,
          0.        , -0.08106203],
        [-0.1239598 , -0.45528195, -0.63198429, ...,  0.19149428,
          0.08106203,  0.        ]],

       [[ 0.        ,  0.45076737,  0.56111733, ...,  0.47668936,
          0.36504407,  0.11885026],
        [-0.45076737,  0.        ,  0.12776009, ...,  0.82176958,
          0.7455135 ,  0.55366309],
        [-0.56111733, -0.12776009,  0.        , ...,  0.8878355 ,
          0.82455498,  0.65551691],
        ...,
        [-0.47668936, -0.82176958, -0.8878355 , ...,  0.        ,
          0.12289319,  0.36883276],
        [-0.36504407, -0.7455135 , -0.82455498, ..., -0.12289319,
          0.        ,  0.25180828],
        [-0.11885026, -0.55366309, -0.65551691, ..., -0.36883276,
         -0.25180828,  0.        ]]]), 'num': array([ 9.27273758e-01,  3.74340813e-01,  1.53167021e-05,  7.39215167e-04,
        7.57644354e-04,  7.39215167e-04,  5.29220724e-03, -3.07153116e-06,
        7.42081929e-04,  7.34710255e-04,  6.98107841e-04,  1.19232433e-06,
        7.64152839e-04,  7.05267671e-04])}
{'img': array([[[ 0.        ,  0.01676646,  0.35811606, ...,  0.9423092 ,
          0.95923872,  0.94676213],
        [-0.01676646,  0.        ,  0.34241126, ...,  0.93656428,
          0.95436573,  0.94123135],
        [-0.35811606, -0.34241126,  0.        , ...,  0.7599354 ,
          0.79441668,  0.76868037],
        ...,
        [-0.9423092 , -0.93656428, -0.7599354 , ...,  0.        ,
          0.05480538,  0.01356135],
        [-0.95923872, -0.95436573, -0.79441668, ..., -0.05480538,
          0.        , -0.04125937],
        [-0.94676213, -0.94123135, -0.76868037, ..., -0.01356135,
          0.04125937,  0.        ]],

       [[ 0.        , -0.25353095,  0.08951632, ..., -0.14586868,
          0.19414619, -0.13212677],
        [ 0.25353095,  0.        ,  0.3391047 , ...,  0.10971642,
          0.43650983,  0.12349838],
        [-0.08951632, -0.3391047 ,  0.        , ..., -0.23384193,
          0.1055537 , -0.22032785],
        ...,
        [ 0.14586868, -0.10971642,  0.23384193, ...,  0.        ,
          0.33516278,  0.01387629],
        [-0.19414619, -0.43650983, -0.1055537 , ..., -0.33516278,
          0.        , -0.32205682],
        [ 0.13212677, -0.12349838,  0.22032785, ..., -0.01387629,
          0.32205682,  0.        ]],

       [[ 0.        ,  0.05110973,  0.28760562, ...,  0.99068118,
          0.97574639,  0.95894042],
        [-0.05110973,  0.        ,  0.23827945, ...,  0.99634762,
          0.98565926,  0.97218223],
        [-0.28760562, -0.23827945,  0.        , ...,  0.9879961 ,
          0.99747809,  0.9999913 ],
        ...,
        [-0.99068118, -0.99634762, -0.9879961 , ...,  0.        ,
          0.08396621,  0.1503558 ],
        [-0.97574639, -0.98565926, -0.99747809, ..., -0.08396621,
          0.        ,  0.06681316],
        [-0.95894042, -0.97218223, -0.9999913 , ..., -0.1503558 ,
         -0.06681316,  0.        ]],

       ...,

       [[ 0.        , -0.0419302 ,  0.53936039, ...,  0.24323788,
          0.28492674,  0.42369941],
        [ 0.0419302 ,  0.        ,  0.57419442, ...,  0.28369486,
          0.32486833,  0.46130728],
        [-0.53936039, -0.57419442,  0.        , ..., -0.31833706,
         -0.27707383, -0.13176748],
        ...,
        [-0.24323788, -0.28369486,  0.31833706, ...,  0.        ,
          0.04321395,  0.19064875],
        [-0.28492674, -0.32486833,  0.27707383, ..., -0.04321395,
          0.        ,  0.14804932],
        [-0.42369941, -0.46130728,  0.13176748, ..., -0.19064875,
         -0.14804932,  0.        ]],

       [[ 0.        , -0.20985057, -0.47233793, ...,  0.52595701,
          0.45528195,  0.35145516],
        [ 0.20985057,  0.        , -0.27685464, ...,  0.69272602,
          0.63198429,  0.54009256],
        [ 0.47233793,  0.27685464,  0.        , ...,  0.86531642,
          0.82183831,  0.75198374],
        ...,
        [-0.52595701, -0.69272602, -0.86531642, ...,  0.        ,
         -0.08106203, -0.1934869 ],
        [-0.45528195, -0.63198429, -0.82183831, ...,  0.08106203,
          0.        , -0.11331995],
        [-0.35145516, -0.54009256, -0.75198374, ...,  0.1934869 ,
          0.11331995,  0.        ]],

       [[ 0.        ,  0.12574206,  0.32833437, ...,  0.84195593,
          0.79353399,  0.54645968],
        [-0.12574206,  0.        ,  0.20695726, ...,  0.90311696,
          0.86375299,  0.64742955],
        [-0.32833437, -0.20695726,  0.        , ...,  0.9724308 ,
          0.94934168,  0.79114005],
        ...,
        [-0.84195593, -0.90311696, -0.9724308 , ...,  0.        ,
          0.08420368,  0.41028552],
        [-0.79353399, -0.86375299, -0.94934168, ..., -0.08420368,
          0.        ,  0.33203827],
        [-0.54645968, -0.64742955, -0.79114005, ..., -0.41028552,
         -0.33203827,  0.        ]]]), 'num': array([ 9.26411970e-01,  3.76480389e-01,  1.54042460e-05,  7.35202648e-04,
        7.54766864e-04,  7.30054170e-04,  4.36514731e-03, -8.23756469e-06,
        7.41998639e-04,  7.37828372e-04,  7.03590994e-04,  1.11868162e-06,
        7.66300712e-04,  7.09356032e-04])}
{'img': array([[[ 0.        ,  0.34241126,  0.57658797, ...,  0.95436573,
          0.94123135,  0.9001294 ],
        [-0.34241126,  0.        ,  0.26197132, ...,  0.79441668,
          0.76868037,  0.69655465],
        [-0.57658797, -0.26197132,  0.        , ...,  0.60755785,
          0.57426919,  0.48426254],
        ...,
        [-0.95436573, -0.79441668, -0.60755785, ...,  0.        ,
         -0.04125937, -0.14692835],
        [-0.94123135, -0.76868037, -0.57426919, ...,  0.04125937,
          0.        , -0.10599164],
        [-0.9001294 , -0.69655465, -0.48426254, ...,  0.14692835,
          0.10599164,  0.        ]],

       [[ 0.        ,  0.3391047 ,  0.50677825, ...,  0.43650983,
          0.12349838, -0.02719481],
        [-0.3391047 ,  0.        ,  0.18441678, ...,  0.1055537 ,
         -0.22032785, -0.36456276],
        [-0.50677825, -0.18441678,  0.        , ..., -0.07964329,
         -0.39643371, -0.53003483],
        ...,
        [-0.43650983, -0.1055537 ,  0.07964329, ...,  0.        ,
         -0.32205682, -0.46081554],
        [-0.12349838,  0.22032785,  0.39643371, ...,  0.32205682,
          0.        , -0.15043933],
        [ 0.02719481,  0.36456276,  0.53003483, ...,  0.46081554,
          0.15043933,  0.        ]],

       [[ 0.        ,  0.23827945,  0.47660193, ...,  0.98565926,
          0.97218223,  0.98679613],
        [-0.23827945,  0.        ,  0.25339815, ...,  0.99747809,
          0.9999913 ,  0.99696655],
        [-0.47660193, -0.25339815,  0.        , ...,  0.94693753,
          0.96629653,  0.94470536],
        ...,
        [-0.98565926, -0.99747809, -0.94693753, ...,  0.        ,
          0.06681316, -0.00687514],
        [-0.97218223, -0.9999913 , -0.96629653, ..., -0.06681316,
          0.        , -0.07367136],
        [-0.98679613, -0.99696655, -0.94470536, ...,  0.00687514,
          0.07367136,  0.        ]],

       ...,

       [[ 0.        ,  0.57419442,  0.92041842, ...,  0.32486833,
          0.46130728,  0.32054142],
        [-0.57419442,  0.        ,  0.52909151, ..., -0.27707383,
         -0.13176748, -0.28146343],
        [-0.92041842, -0.52909151,  0.        , ..., -0.74349194,
         -0.63629142, -0.74654132],
        ...,
        [-0.32486833,  0.27707383,  0.74349194, ...,  0.        ,
          0.14804932, -0.00457148],
        [-0.46130728,  0.13176748,  0.63629142, ..., -0.14804932,
          0.        , -0.15256887],
        [-0.32054142,  0.28146343,  0.74654132, ...,  0.00457148,
          0.15256887,  0.        ]],

       [[ 0.        , -0.27685464, -0.31650669, ...,  0.63198429,
          0.54009256,  0.51428993],
        [ 0.27685464,  0.        , -0.0415134 , ...,  0.82183831,
          0.75198374,  0.73162234],
        [ 0.31650669,  0.0415134 ,  0.        , ...,  0.84478089,
          0.77870037,  0.75929175],
        ...,
        [-0.63198429, -0.82183831, -0.84478089, ...,  0.        ,
         -0.11331995, -0.14343507],
        [-0.54009256, -0.75198374, -0.77870037, ...,  0.11331995,
          0.        , -0.03036294],
        [-0.51428993, -0.73162234, -0.75929175, ...,  0.14343507,
          0.03036294,  0.        ]],

       [[ 0.        ,  0.20690838,  0.23072697, ...,  0.86486502,
          0.67744729,  0.64731626],
        [-0.20690838,  0.        ,  0.02440842, ...,  0.95001856,
          0.81498342,  0.79101857],
        [-0.23072697, -0.02440842,  0.        , ...,  0.95735567,
          0.82888491,  0.80571578],
        ...,
        [-0.86486502, -0.95001856, -0.95735567, ...,  0.        ,
          0.29608834,  0.33426308],
        [-0.67744729, -0.81498342, -0.82888491, ..., -0.29608834,
          0.        ,  0.04021763],
        [-0.64731626, -0.79101857, -0.80571578, ..., -0.33426308,
         -0.04021763,  0.        ]]]), 'num': array([ 9.72229582e-01,  2.34007822e-01,  2.09722091e-05,  7.68981000e-04,
        7.77719421e-04,  7.64611790e-04,  2.27941698e-03, -1.09230256e-05,
        7.83399394e-04,  7.80559407e-04,  7.47753921e-04,  1.22449204e-06,
        8.08213436e-04,  7.52905378e-04])}
{'img': array([[[ 0.        ,  0.26197132,  0.30875031, ...,  0.76868037,
          0.69655465,  0.60002742],
        [-0.26197132,  0.        ,  0.04879519, ...,  0.57426919,
          0.48426254,  0.36950019],
        [-0.30875031, -0.04879519,  0.        , ...,  0.53363814,
          0.44099366,  0.32371805],
        ...,
        [-0.76868037, -0.57426919, -0.53363814, ...,  0.        ,
         -0.10599164, -0.2311311 ],
        [-0.69655465, -0.48426254, -0.44099366, ...,  0.10599164,
          0.        , -0.12670748],
        [-0.60002742, -0.36950019, -0.32371805, ...,  0.2311311 ,
          0.12670748,  0.        ]],

       [[ 0.        ,  0.16543985, -0.13686348, ..., -0.1853834 ,
         -0.29420323, -0.7511597 ],
        [-0.16543985,  0.        , -0.29886053, ..., -0.34540095,
         -0.44826703, -0.85001887],
        [ 0.13686348,  0.29886053,  0.        , ..., -0.0491478 ,
         -0.16062845, -0.65374484],
        ...,
        [ 0.1853834 ,  0.34540095,  0.0491478 , ...,  0.        ,
         -0.11192473, -0.61576392],
        [ 0.29420323,  0.44826703,  0.16062845, ...,  0.11192473,
          0.        , -0.52370595],
        [ 0.7511597 ,  0.85001887,  0.65374484, ...,  0.61576392,
          0.52370595,  0.        ]],

       [[ 0.        ,  0.25339815,  0.4125244 , ...,  0.9999913 ,
          0.99696655,  0.99086467],
        [-0.25339815,  0.        ,  0.16822829, ...,  0.96629653,
          0.94470536,  0.92435165],
        [-0.4125244 , -0.16822829,  0.        , ...,  0.90921767,
          0.87607599,  0.84699175],
        ...,
        [-0.9999913 , -0.96629653, -0.90921767, ...,  0.        ,
         -0.07367136, -0.13072509],
        [-0.99696655, -0.94470536, -0.87607599, ...,  0.07367136,
          0.        , -0.05733069],
        [-0.99086467, -0.92435165, -0.84699175, ...,  0.13072509,
          0.05733069,  0.        ]],

       ...,

       [[ 0.        ,  0.52909151,  0.50448579, ..., -0.13176748,
         -0.28146343, -0.21593497],
        [-0.52909151,  0.        , -0.02873932, ..., -0.63629142,
         -0.74654132, -0.69984385],
        [-0.50448579,  0.02873932,  0.        , ..., -0.61385768,
         -0.72711157, -0.6790264 ],
        ...,
        [ 0.13176748,  0.63629142,  0.61385768, ...,  0.        ,
         -0.15256887, -0.08539336],
        [ 0.28146343,  0.74654132,  0.72711157, ...,  0.15256887,
          0.        ,  0.06761794],
        [ 0.21593497,  0.69984385,  0.6790264 , ...,  0.08539336,
         -0.06761794,  0.        ]],

       [[ 0.        , -0.0415134 , -0.14390086, ...,  0.75198374,
          0.73162234,  0.68957323],
        [ 0.0415134 ,  0.        , -0.10269547, ...,  0.77870037,
          0.75929175,  0.71904345],
        [ 0.14390086,  0.10269547,  0.        , ...,  0.83901398,
          0.82210637,  0.78661152],
        ...,
        [-0.75198374, -0.77870037, -0.83901398, ...,  0.        ,
         -0.03036294, -0.09004461],
        [-0.73162234, -0.75929175, -0.82210637, ...,  0.03036294,
          0.        , -0.0597635 ],
        [-0.68957323, -0.71904345, -0.78661152, ...,  0.09004461,
          0.0597635 ,  0.        ]],

       [[ 0.        ,  0.02436604,  0.08782294, ...,  0.85421567,
          0.85034452,  0.79018217],
        [-0.02436604,  0.        ,  0.06352497, ...,  0.86663042,
          0.86291411,  0.80488083],
        [-0.08782294, -0.06352497,  0.        , ...,  0.89657587,
          0.89327362,  0.84095321],
        ...,
        [-0.85421567, -0.86663042, -0.89657587, ...,  0.        ,
          0.0074007 ,  0.11269431],
        [-0.85034452, -0.86291411, -0.89327362, ..., -0.0074007 ,
          0.        ,  0.10533767],
        [-0.79018217, -0.80488083, -0.84095321, ..., -0.11269431,
         -0.10533767,  0.        ]]]), 'num': array([9.94550861e-01, 1.04186600e-01, 2.51160569e-05, 7.87236266e-04,
       8.01670781e-04, 7.83905224e-04, 2.96031926e-03, 5.55173671e-06,
       7.93676280e-04, 7.92676968e-04, 7.61161609e-04, 9.54348129e-07,
       8.20572110e-04, 7.64781825e-04])}
{'img': array([[[ 0.        ,  0.04879519, -0.23656941, ...,  0.48426254,
          0.36950019,  0.42717583],
        [-0.04879519,  0.        , -0.28369773, ...,  0.44099366,
          0.32371805,  0.3825479 ],
        [ 0.23656941,  0.28369773,  0.        , ...,  0.6774965 ,
          0.57883932,  0.6289489 ],
        ...,
        [-0.48426254, -0.44099366, -0.6774965 , ...,  0.        ,
         -0.12670748, -0.06410912],
        [-0.36950019, -0.32371805, -0.57883932, ...,  0.12670748,
          0.        ,  0.06285442],
        [-0.42717583, -0.3825479 , -0.6289489 , ...,  0.06410912,
         -0.06285442,  0.        ]],

       [[ 0.        , -0.29886053, -0.34708013, ..., -0.44826703,
         -0.85001887, -0.66889863],
        [ 0.29886053,  0.        , -0.05093544, ..., -0.16062845,
         -0.65374484, -0.41616876],
        [ 0.34708013,  0.05093544,  0.        , ..., -0.1101459 ,
         -0.61435263, -0.3693136 ],
        ...,
        [ 0.44826703,  0.16062845,  0.1101459 , ...,  0.        ,
         -0.52370595, -0.26470736],
        [ 0.85001887,  0.65374484,  0.61435263, ...,  0.52370595,
          0.        ,  0.27952076],
        [ 0.66889863,  0.41616876,  0.3693136 , ...,  0.26470736,
         -0.27952076,  0.        ]],

       [[ 0.        ,  0.16822829,  0.25581675, ...,  0.94470536,
          0.92435165,  0.90857991],
        [-0.16822829,  0.        ,  0.08954032, ...,  0.87607599,
          0.84699175,  0.82536006],
        [-0.25581675, -0.08954032,  0.        , ...,  0.82938304,
          0.79598937,  0.77148969],
        ...,
        [-0.94470536, -0.87607599, -0.82938304, ...,  0.        ,
         -0.05733069, -0.09667202],
        [-0.92435165, -0.84699175, -0.79598937, ...,  0.05733069,
          0.        , -0.03945085],
        [-0.90857991, -0.82536006, -0.77148969, ...,  0.09667202,
          0.03945085,  0.        ]],

       ...,

       [[ 0.        , -0.02873932, -0.3819106 , ..., -0.74654132,
         -0.69984385, -0.96490621],
        [ 0.02873932,  0.        , -0.355192  , ..., -0.72711157,
         -0.6790264 , -0.95696086],
        [ 0.3819106 ,  0.355192  ,  0.        , ..., -0.43585291,
         -0.37399801, -0.7914779 ],
        ...,
        [ 0.74654132,  0.72711157,  0.43585291, ...,  0.        ,
          0.06761794, -0.44595196],
        [ 0.69984385,  0.6790264 ,  0.37399801, ..., -0.06761794,
          0.        , -0.50545321],
        [ 0.96490621,  0.95696086,  0.7914779 , ...,  0.44595196,
          0.50545321,  0.        ]],

       [[ 0.        , -0.10269547, -0.24712446, ...,  0.75929175,
          0.71904345,  0.71036543],
        [ 0.10269547,  0.        , -0.14630763, ...,  0.82210637,
          0.78661152,  0.77889008],
        [ 0.24712446,  0.14630763,  0.        , ...,  0.8965577 ,
          0.8684843 ,  0.86226692],
        ...,
        [-0.75929175, -0.82210637, -0.8965577 , ...,  0.        ,
         -0.0597635 , -0.07214407],
        [-0.71904345, -0.78661152, -0.8684843 , ...,  0.0597635 ,
          0.        , -0.01240734],
        [-0.71036543, -0.77889008, -0.86226692, ...,  0.07214407,
          0.01240734,  0.        ]],

       [[ 0.        ,  0.06352497,  0.13109744, ...,  0.86291411,
          0.80488083,  0.87068632],
        [-0.06352497,  0.        ,  0.06785594, ...,  0.89327362,
          0.84095321,  0.90017179],
        [-0.13109744, -0.06785594,  0.        , ...,  0.92171689,
          0.8757323 ,  0.92765065],
        ...,
        [-0.86291411, -0.89327362, -0.92171689, ...,  0.        ,
          0.10533767, -0.01558729],
        [-0.80488083, -0.84095321, -0.8757323 , ..., -0.10533767,
          0.        , -0.12082544],
        [-0.87068632, -0.90017179, -0.92765065, ...,  0.01558729,
          0.12082544,  0.        ]]]), 'num': array([ 9.99961362e-01,  7.56284049e-03,  2.86820382e-05,  7.91386381e-04,
        8.11971576e-04,  7.87955515e-04,  3.86041021e-03, -1.94415729e-05,
        8.09913056e-04,  8.15402441e-04,  7.84334045e-04,  9.01035466e-07,
        8.46106082e-04,  7.84698801e-04])}
{'img': array([[[ 0.00000000e+00, -2.83697728e-01,  1.21648576e-02, ...,
          3.23718053e-01,  3.82547904e-01,  1.81065308e-01],
        [ 2.83697728e-01,  0.00000000e+00,  2.95341786e-01, ...,
          5.78839320e-01,  6.28948896e-01,  4.52634525e-01],
        [-1.21648576e-02, -2.95341786e-01,  0.00000000e+00, ...,
          3.12184275e-01,  3.71280052e-01,  1.69088125e-01],
        ...,
        [-3.23718053e-01, -5.78839320e-01, -3.12184275e-01, ...,
          0.00000000e+00,  6.28544218e-02, -1.47051749e-01],
        [-3.82547904e-01, -6.28948896e-01, -3.71280052e-01, ...,
         -6.28544218e-02,  0.00000000e+00, -2.08932103e-01],
        [-1.81065308e-01, -4.52634525e-01, -1.69088125e-01, ...,
          1.47051749e-01,  2.08932103e-01,  0.00000000e+00]],

       [[ 0.00000000e+00, -5.09354425e-02,  1.22595141e-01, ...,
         -6.53744837e-01, -4.16168764e-01, -2.84240444e-01],
        [ 5.09354425e-02,  0.00000000e+00,  1.72987231e-01, ...,
         -6.14352625e-01, -3.69313600e-01, -2.35036975e-01],
        [-1.22595141e-01, -1.72987231e-01,  0.00000000e+00, ...,
         -7.41583076e-01, -5.24503722e-01, -3.99634814e-01],
        ...,
        [ 6.53744837e-01,  6.14352625e-01,  7.41583076e-01, ...,
          0.00000000e+00,  2.79520764e-01,  4.11690817e-01],
        [ 4.16168764e-01,  3.69313600e-01,  5.24503722e-01, ...,
         -2.79520764e-01,  0.00000000e+00,  1.40546812e-01],
        [ 2.84240444e-01,  2.35036975e-01,  3.99634814e-01, ...,
         -4.11690817e-01, -1.40546812e-01,  0.00000000e+00]],

       [[ 0.00000000e+00,  8.95403230e-02,  2.44378490e-01, ...,
          8.46991746e-01,  8.25360064e-01,  7.61611038e-01],
        [-8.95403230e-02,  0.00000000e+00,  1.56571416e-01, ...,
          7.95989371e-01,  7.71489686e-01,  7.00526585e-01],
        [-2.44378490e-01, -1.56571416e-01,  0.00000000e+00, ...,
          6.91397810e-01,  6.62357342e-01,  5.80153257e-01],
        ...,
        [-8.46991746e-01, -7.95989371e-01, -6.91397810e-01, ...,
          0.00000000e+00, -3.94508488e-02, -1.44002788e-01],
        [-8.25360064e-01, -7.71489686e-01, -6.62357342e-01, ...,
          3.94508488e-02,  0.00000000e+00, -1.04851020e-01],
        [-7.61611038e-01, -7.00526585e-01, -5.80153257e-01, ...,
          1.44002788e-01,  1.04851020e-01,  0.00000000e+00]],

       ...,

       [[ 0.00000000e+00, -3.55191999e-01, -3.39319093e-01, ...,
         -6.79026400e-01, -9.56960858e-01, -9.91776020e-01],
        [ 3.55191999e-01,  0.00000000e+00,  1.69256916e-02, ...,
         -3.73998010e-01, -7.91477904e-01, -8.81646169e-01],
        [ 3.39319093e-01, -1.69256916e-02,  0.00000000e+00, ...,
         -3.89641821e-01, -8.01709470e-01, -8.89507294e-01],
        ...,
        [ 6.79026400e-01,  3.73998010e-01,  3.89641821e-01, ...,
          0.00000000e+00, -5.05453207e-01, -6.41170880e-01],
        [ 9.56960858e-01,  7.91477904e-01,  8.01709470e-01, ...,
          5.05453207e-01,  0.00000000e+00, -1.65353020e-01],
        [ 9.91776020e-01,  8.81646169e-01,  8.89507294e-01, ...,
          6.41170880e-01,  1.65353020e-01,  0.00000000e+00]],

       [[ 0.00000000e+00, -1.46307635e-01, -3.08974581e-03, ...,
          7.86611523e-01,  7.78890082e-01,  7.86015537e-01],
        [ 1.46307635e-01,  0.00000000e+00,  1.43250439e-01, ...,
          8.68484296e-01,  8.62266918e-01,  8.68005700e-01],
        [ 3.08974581e-03, -1.43250439e-01,  0.00000000e+00, ...,
          7.88515526e-01,  7.80824131e-01,  7.87921886e-01],
        ...,
        [-7.86611523e-01, -8.68484296e-01, -7.88515526e-01, ...,
          0.00000000e+00, -1.24073428e-02, -9.64648159e-04],
        [-7.78890082e-01, -8.62266918e-01, -7.80824131e-01, ...,
          1.24073428e-02,  0.00000000e+00,  1.14427631e-02],
        [-7.86015537e-01, -8.68005700e-01, -7.87921886e-01, ...,
          9.64648159e-04, -1.14427631e-02,  0.00000000e+00]],

       [[ 0.00000000e+00,  6.78559377e-02,  1.99189583e-02, ...,
          8.40953212e-01,  9.00171789e-01,  9.63922061e-01],
        [-6.78559377e-02,  0.00000000e+00, -4.79694273e-02, ...,
          8.75732304e-01,  9.27650646e-01,  9.79762554e-01],
        [-1.99189583e-02,  4.79694273e-02,  0.00000000e+00, ...,
          8.51564670e-01,  9.08668597e-01,  9.69032938e-01],
        ...,
        [-8.40953212e-01, -8.75732304e-01, -8.51564670e-01, ...,
          0.00000000e+00, -1.20825442e-01, -2.97736961e-01],
        [-9.00171789e-01, -9.27650646e-01, -9.08668597e-01, ...,
          1.20825442e-01,  0.00000000e+00, -1.80209912e-01],
        [-9.63922061e-01, -9.79762554e-01, -9.69032938e-01, ...,
          2.97736961e-01,  1.80209912e-01,  0.00000000e+00]]]), 'num': array([9.99935217e-01, 7.32115009e-03, 2.77654284e-05, 7.91558267e-04,
       7.97093639e-04, 7.38418691e-04, 8.43163438e-03, 2.54627135e-05,
       7.82480256e-04, 7.89620886e-04, 7.59969741e-04, 1.04108993e-06,
       8.19317528e-04, 7.59924245e-04])}
