state_0,state_1,state_2,state_3,state_4,state_5,state_6,state_7,state_8,state_9,state_10,state_11,state_12,state_13,state_14,state_15,state_16,state_17,state_18,state_19,state_20,state_21,state_22,state_23,state_24,state_25,state_26,state_27,state_28,state_29,state_30,state_31,state_32,state_33,state_34,state_35,state_36,state_37,state_38,state_39,state_40,state_41,state_42,state_43,state_44,state_45,state_46,state_47,state_48,state_49,state_50,state_51,state_52,state_53,state_54,state_55,state_56,state_57,state_58,state_59,state_60,state_61,state_62,state_63,state_64,state_65,state_66,state_67,state_68,state_69,state_70,state_71,state_72,state_73,state_74,state_75,state_76,state_77,state_78,state_79,state_80,state_81,state_82,state_83,state_84,state_85,state_86,state_87,state_88,state_89,state_90,state_91,state_92,state_93,state_94,state_95,state_96,state_97,state_98,state_99,state_100,state_101,state_102,state_103,state_104,state_105,state_106,state_107,state_108,state_109,state_110,state_111,state_112,state_113,state_114,state_115,state_116,state_117,state_118,state_119,state_120,state_121,state_122,state_123,state_124,state_125,state_126,state_127,state_128,state_129,state_130,state_131,state_132,state_133,state_134,state_135,state_136,state_137,state_138,state_139,state_140,state_141,state_142,state_143,state_144,state_145,state_146,state_147,state_148,state_149,state_150,state_151,state_152,state_153,state_154,state_155,state_156,state_157,state_158,state_159,state_160,state_161,state_162,state_163,state_164,state_165,state_166,state_167,state_168,state_169,state_170,state_171,state_172,state_173,state_174,state_175,state_176,state_177,state_178,state_179,state_180,state_181,state_182,state_183,state_184,state_185,state_186,state_187,state_188,state_189,state_190,state_191,state_192,state_193,state_194,state_195,state_196,state_197,state_198,state_199,state_200,state_201,state_202,state_203,state_204,state_205,state_206,state_207,state_208,state_209,state_210,state_211,state_212,state_213,state_214,state_215,state_216,state_217,state_218,state_219,state_220,state_221,state_222,state_223,state_224,state_225,state_226,state_227,state_228,state_229,state_230,state_231,state_232,state_233,state_234,state_235,state_236,state_237,state_238,state_239,state_240,state_241,state_242,state_243,state_244,state_245,state_246,state_247,state_248,state_249,state_250,state_251,state_252,state_253,state_254,state_255,state_256,state_257,state_258,state_259,state_260,state_261,state_262,state_263,state_264,state_265,state_266,state_267,state_268,state_269,state_270,state_271,state_272,state_273,state_274,state_275,state_276,state_277,state_278,state_279,state_280,state_281,state_282,state_283,state_284,state_285,state_286,state_287
{'img': array([[[ 0.        , -0.23121947, -0.19336058, ...,  0.95884412,
          0.99175986,  0.79493504],
        [ 0.23121947,  0.        ,  0.03873502, ...,  0.99851183,
          0.93526306,  0.63311399],
        [ 0.19336058, -0.03873502,  0.        , ...,  0.99565004,
          0.94827156,  0.66262202],
        ...,
        [-0.95884412, -0.99851183, -0.99565004, ...,  0.        ,
          0.40443167,  0.80743382],
        [-0.99175986, -0.93526306, -0.94827156, ..., -0.40443167,
          0.        ,  0.49985555],
        [-0.79493504, -0.63311399, -0.66262202, ..., -0.80743382,
         -0.49985555,  0.        ]],

       [[ 0.        , -0.15268137, -0.25982248, ..., -0.54994713,
          0.41032226,  0.1180908 ],
        [ 0.15268137,  0.        , -0.10933844, ..., -0.41597986,
          0.54474776,  0.26831926],
        [ 0.25982248,  0.10933844,  0.        , ..., -0.31405636,
          0.63317298,  0.37203958],
        ...,
        [ 0.54994713,  0.41597986,  0.31405636, ...,  0.        ,
          0.84422004,  0.64472841],
        [-0.41032226, -0.54474776, -0.63317298, ..., -0.84422004,
          0.        , -0.29975936],
        [-0.1180908 , -0.26831926, -0.37203958, ..., -0.64472841,
          0.29975936,  0.        ]],

       [[ 0.        , -0.0910868 , -0.18600675, ...,  0.99707593,
          0.99973347,  0.97627821],
        [ 0.0910868 ,  0.        , -0.09573631, ...,  0.99989164,
          0.99347463,  0.95249768],
        [ 0.18600675,  0.09573631,  0.        , ...,  0.99388954,
          0.97799229,  0.91896651],
        ...,
        [-0.99707593, -0.99989164, -0.99388954, ...,  0.        ,
          0.09941607,  0.29049118],
        [-0.99973347, -0.99347463, -0.97799229, ..., -0.09941607,
          0.        ,  0.19392305],
        [-0.97627821, -0.95249768, -0.91896651, ..., -0.29049118,
         -0.19392305,  0.        ]],

       ...,

       [[ 0.        , -0.12783828, -0.20892555, ...,  0.46194198,
          0.48533736,  0.73145341],
        [ 0.12783828,  0.        , -0.08219423, ...,  0.57153283,
          0.59312764,  0.81262368],
        [ 0.20892555,  0.08219423,  0.        , ...,  0.63704583,
          0.65729596,  0.8577759 ],
        ...,
        [-0.46194198, -0.57153283, -0.63704583, ...,  0.        ,
          0.02656229,  0.33373917],
        [-0.48533736, -0.59312764, -0.65729596, ..., -0.02656229,
          0.        ,  0.30858206],
        [-0.73145341, -0.81262368, -0.8577759 , ..., -0.33373917,
         -0.30858206,  0.        ]],

       [[ 0.        , -0.07955526, -0.19303701, ...,  0.79885215,
          0.70161427,  0.37562978],
        [ 0.07955526,  0.        , -0.11436623, ...,  0.74846548,
          0.64270281,  0.30070979],
        [ 0.19303701,  0.11436623,  0.        , ...,  0.66770986,
          0.55086807,  0.18966387],
        ...,
        [-0.79885215, -0.74846548, -0.66770986, ...,  0.        ,
          0.14718744,  0.51440044],
        [-0.70161427, -0.64270281, -0.55086807, ..., -0.14718744,
          0.        ,  0.3825773 ],
        [-0.37562978, -0.30070979, -0.18966387, ..., -0.51440044,
         -0.3825773 ,  0.        ]],

       [[ 0.        , -0.01412317, -0.01598239, ...,  0.98463717,
          0.96332785,  0.86368028],
        [ 0.01412317,  0.        , -0.00185943, ...,  0.98207288,
          0.95944215,  0.8564755 ],
        [ 0.01598239,  0.00185943,  0.        , ...,  0.98172067,
          0.9589163 ,  0.8555142 ],
        ...,
        [-0.98463717, -0.98207288, -0.98172067, ...,  0.        ,
          0.09599543,  0.34548689],
        [-0.96332785, -0.95944215, -0.9589163 , ..., -0.09599543,
          0.        ,  0.25380698],
        [-0.86368028, -0.8564755 , -0.8555142 , ..., -0.34548689,
         -0.25380698,  0.        ]]]), 'num': array([9.97340476e-01, 3.94437710e-03, 1.92146247e-05, 1.38356003e-03,
       1.40496908e-03, 1.38088389e-03, 7.26786223e-02, 2.67613158e-06,
       1.35331974e-03, 1.30682195e-03, 1.20827341e-03, 1.90809382e-06,
       1.41765153e-03, 1.19599238e-03])}
{'img': array([[[ 0.        ,  0.03855241,  0.05102046, ...,  0.94455311,
          0.76112803,  0.63081458],
        [-0.03855241,  0.        ,  0.01248034, ...,  0.95650993,
          0.78556735,  0.66025973],
        [-0.05102046, -0.01248034,  0.        , ...,  0.96007594,
          0.7932287 ,  0.6695815 ],
        ...,
        [-0.94455311, -0.95650993, -0.96007594, ...,  0.        ,
          0.36271573,  0.52577706],
        [-0.76112803, -0.78556735, -0.7932287 , ..., -0.36271573,
          0.        ,  0.18143744],
        [-0.63081458, -0.66025973, -0.6695815 , ..., -0.52577706,
         -0.18143744,  0.        ]],

       [[ 0.        , -0.10933844, -0.09993766, ...,  0.54474776,
          0.26831926, -0.04780649],
        [ 0.10933844,  0.        ,  0.00945257, ...,  0.63317298,
          0.37203958,  0.06169356],
        [ 0.09993766, -0.00945257,  0.        , ...,  0.62582831,
          0.36324892,  0.05225624],
        ...,
        [-0.54474776, -0.63317298, -0.62582831, ...,  0.        ,
         -0.29975936, -0.58421542],
        [-0.26831926, -0.37203958, -0.36324892, ...,  0.29975936,
          0.        , -0.31406589],
        [ 0.04780649, -0.06169356, -0.05225624, ...,  0.58421542,
          0.31406589,  0.        ]],

       [[ 0.        , -0.0945992 , -0.16345063, ...,  0.99824535,
          0.97472792,  0.7689721 ],
        [ 0.0945992 ,  0.        , -0.06939065, ...,  0.98816713,
          0.94922367,  0.705048  ],
        [ 0.16345063,  0.06939065,  0.        , ...,  0.975142  ,
          0.9251052 ,  0.65413949],
        ...,
        [-0.99824535, -0.98816713, -0.975142  , ...,  0.        ,
          0.16528647,  0.59262722],
        [-0.97472792, -0.94922367, -0.9251052 , ..., -0.16528647,
          0.        ,  0.45134156],
        [-0.7689721 , -0.705048  , -0.65413949, ..., -0.59262722,
         -0.45134156,  0.        ]],

       ...,

       [[ 0.        , -0.08219423, -0.22833526, ...,  0.59312764,
          0.81262368,  0.78577613],
        [ 0.08219423,  0.        , -0.14753977, ...,  0.65729596,
          0.8577759 ,  0.83395536],
        [ 0.22833526,  0.14753977,  0.        , ...,  0.76129337,
          0.92422747,  0.90624581],
        ...,
        [-0.59312764, -0.65729596, -0.76129337, ...,  0.        ,
          0.30858206,  0.26577901],
        [-0.81262368, -0.8577759 , -0.92422747, ..., -0.30858206,
          0.        , -0.0446752 ],
        [-0.78577613, -0.83395536, -0.90624581, ..., -0.26577901,
          0.0446752 ,  0.        ]],

       [[ 0.        , -0.11261059, -0.29625009, ...,  0.73421935,
          0.60495741,  0.29625009],
        [ 0.11261059,  0.        , -0.18681015, ...,  0.65309641,
          0.51144233,  0.18681015],
        [ 0.29625009,  0.18681015,  0.        , ...,  0.50013271,
          0.34190966,  0.        ],
        ...,
        [-0.73421935, -0.65309641, -0.50013271, ...,  0.        ,
          0.17391488,  0.50013271],
        [-0.60495741, -0.51144233, -0.34190966, ..., -0.17391488,
          0.        ,  0.34190966],
        [-0.29625009, -0.18681015, -0.        , ..., -0.50013271,
         -0.34190966,  0.        ]],

       [[ 0.        , -0.0018114 , -0.00752756, ...,  0.98974383,
          0.95679274,  0.72867694],
        [ 0.0018114 ,  0.        , -0.0057162 , ...,  0.98948344,
          0.95626447,  0.72743519],
        [ 0.00752756,  0.0057162 ,  0.        , ...,  0.98864045,
          0.95457684,  0.72350098],
        ...,
        [-0.98974383, -0.98948344, -0.98864045, ...,  0.        ,
          0.15110729,  0.57373945],
        [-0.95679274, -0.95626447, -0.95457684, ..., -0.15110729,
          0.        ,  0.44338882],
        [-0.72867694, -0.72743519, -0.72350098, ..., -0.57373945,
         -0.44338882,  0.        ]]]), 'num': array([7.05954136e-01, 7.05954136e-01, 0.00000000e+00, 6.73119060e-04,
       6.75644835e-04, 6.61753072e-04, 5.70460700e-02, 2.02062007e-05,
       6.47987598e-04, 6.21719537e-04, 5.72782645e-04, 9.17482403e-07,
       6.75426271e-04, 5.68012804e-04])}
{'img': array([[[ 0.        ,  0.01162781,  0.07816833, ...,  0.9849575 ,
          0.98082533,  0.62550547],
        [-0.01162781,  0.        ,  0.06657081, ...,  0.98690016,
          0.98302515,  0.63453543],
        [-0.07816833, -0.06657081,  0.        , ...,  0.99545094,
          0.99305831,  0.68458001],
        ...,
        [-0.9849575 , -0.98690016, -0.99545094, ...,  0.        ,
          0.02247383,  0.66039801],
        [-0.98082533, -0.98302515, -0.99305831, ..., -0.02247383,
          0.        ,  0.64335526],
        [-0.62550547, -0.63453543, -0.68458001, ..., -0.66039801,
         -0.64335526,  0.        ]],

       [[ 0.        ,  0.00945257, -0.26681686, ...,  0.37203958,
          0.06169356,  0.75564236],
        [-0.00945257,  0.        , -0.27591482, ...,  0.36324892,
          0.05225624,  0.74941732],
        [ 0.26681686,  0.27591482,  0.        , ...,  0.60621603,
          0.32576561,  0.90300914],
        ...,
        [-0.37203958, -0.36324892, -0.60621603, ...,  0.        ,
         -0.31406589,  0.45771985],
        [-0.06169356, -0.05225624, -0.32576561, ...,  0.31406589,
          0.        ,  0.71379464],
        [-0.75564236, -0.74941732, -0.90300914, ..., -0.45771985,
         -0.71379464,  0.        ]],

       [[ 0.        , -0.06675526, -0.03945868, ...,  0.99260085,
          0.95570125,  0.68541214],
        [ 0.06675526,  0.        ,  0.0273326 , ...,  0.9822811 ,
          0.93392081,  0.63527505],
        [ 0.03945868, -0.0273326 ,  0.        , ...,  0.98703662,
          0.94334275,  0.65614629],
        ...,
        [-0.99260085, -0.9822811 , -0.98703662, ...,  0.        ,
          0.17611642,  0.63954277],
        [-0.95570125, -0.93392081, -0.94334275, ..., -0.17611642,
          0.        ,  0.49415583],
        [-0.68541214, -0.63527505, -0.65614629, ..., -0.63954277,
         -0.49415583,  0.        ]],

       ...,

       [[ 0.        , -0.14753977,  0.04345308, ...,  0.8577759 ,
          0.83395536,  0.87036229],
        [ 0.14753977,  0.        ,  0.19037796, ...,  0.92422747,
          0.90624581,  0.9334875 ],
        [-0.04345308, -0.19037796,  0.        , ...,  0.83462979,
          0.80918886,  0.84814339],
        ...,
        [-0.8577759 , -0.92422747, -0.83462979, ...,  0.        ,
         -0.0446752 ,  0.0250079 ],
        [-0.83395536, -0.90624581, -0.80918886, ...,  0.0446752 ,
          0.        ,  0.06964415],
        [-0.87036229, -0.9334875 , -0.84814339, ..., -0.0250079 ,
         -0.06964415,  0.        ]],

       [[ 0.        , -0.18226138, -0.11882324, ...,  0.67896299,
          0.58708803,  0.18226138],
        [ 0.18226138,  0.        ,  0.06413717, ...,  0.53377914,
          0.42970957,  0.        ],
        [ 0.11882324, -0.06413717,  0.        , ...,  0.58691607,
          0.4867386 ,  0.06413717],
        ...,
        [-0.67896299, -0.53377914, -0.58691607, ...,  0.        ,
          0.11861233,  0.53377914],
        [-0.58708803, -0.42970957, -0.4867386 , ..., -0.11861233,
          0.        ,  0.42970957],
        [-0.18226138, -0.        , -0.06413717, ..., -0.53377914,
         -0.42970957,  0.        ]],

       [[ 0.        , -0.00555796, -0.00135279, ...,  0.98925505,
          0.94213616,  0.7133928 ],
        [ 0.00555796,  0.        ,  0.00420518, ...,  0.9884272 ,
          0.94025841,  0.70948697],
        [ 0.00135279, -0.00420518,  0.        , ...,  0.98905637,
          0.9416818 ,  0.71244416],
        ...,
        [-0.98925505, -0.9884272 , -0.98905637, ...,  0.        ,
          0.19388811,  0.58893668],
        [-0.94213616, -0.94025841, -0.9416818 , ..., -0.19388811,
          0.        ,  0.42106447],
        [-0.7133928 , -0.70948697, -0.71244416, ..., -0.58893668,
         -0.42106447,  0.        ]]]), 'num': array([7.06147843e-01, 7.06147843e-01, 0.00000000e+00, 6.78356694e-04,
       6.88462566e-04, 6.65724353e-04, 5.20299584e-02, 5.05293627e-06,
       6.59660829e-04, 6.27574684e-04, 5.75582075e-04, 8.80073023e-07,
       6.79914970e-04, 5.75234398e-04])}
{'img': array([[[ 0.        ,  0.06548555,  0.06548555, ...,  0.9928202 ,
          0.85013163,  0.62657711],
        [-0.06548555,  0.        ,  0.        , ...,  0.99852226,
          0.88278958,  0.67626895],
        [-0.06548555,  0.        ,  0.        , ...,  0.99852226,
          0.88278958,  0.67626895],
        ...,
        [-0.9928202 , -0.99852226, -0.99852226, ...,  0.        ,
          0.42109997,  0.69881496],
        [-0.85013163, -0.88278958, -0.88278958, ..., -0.42109997,
          0.        ,  0.33262125],
        [-0.62657711, -0.67626895, -0.67626895, ..., -0.69881496,
         -0.33262125,  0.        ]],

       [[ 0.        , -0.27591482, -0.355179  , ...,  0.05225624,
          0.74941732,  0.61532715],
        [ 0.27591482,  0.        , -0.08346699, ...,  0.32576561,
          0.90300914,  0.80893732],
        [ 0.355179  ,  0.08346699,  0.        , ...,  0.40354277,
          0.93571733,  0.85518439],
        ...,
        [-0.05225624, -0.32576561, -0.40354277, ...,  0.        ,
          0.71379464,  0.57329431],
        [-0.74941732, -0.90300914, -0.93571733, ..., -0.71379464,
          0.        , -0.18333773],
        [-0.61532715, -0.80893732, -0.85518439, ..., -0.57329431,
          0.18333773,  0.        ]],

       [[ 0.        ,  0.02616709,  0.        , ...,  0.98760203,
          0.93687735,  0.61411611],
        [-0.02616709,  0.        , -0.02616709, ...,  0.99137153,
          0.94570608,  0.6345573 ],
        [ 0.        ,  0.02616709,  0.        , ...,  0.98760203,
          0.93687735,  0.61411611],
        ...,
        [-0.98760203, -0.99137153, -0.98760203, ...,  0.        ,
          0.19825359,  0.68302804],
        [-0.93687735, -0.94570608, -0.93687735, ..., -0.19825359,
          0.        ,  0.52466758],
        [-0.61411611, -0.6345573 , -0.61411611, ..., -0.68302804,
         -0.52466758,  0.        ]],

       ...,

       [[ 0.        ,  0.19037796,  0.52462957, ...,  0.90624581,
          0.9334875 ,  0.8696066 ],
        [-0.19037796,  0.        ,  0.35295997, ...,  0.80918886,
          0.84814339,  0.75970404],
        [-0.52462957, -0.35295997,  0.        , ...,  0.54972704,
          0.6065691 ,  0.48128936],
        ...,
        [-0.90624581, -0.80918886, -0.54972704, ...,  0.        ,
          0.06964415, -0.07982736],
        [-0.9334875 , -0.84814339, -0.6065691 , ..., -0.06964415,
          0.        , -0.14905543],
        [-0.8696066 , -0.75970404, -0.48128936, ...,  0.07982736,
          0.14905543,  0.        ]],

       [[ 0.        ,  0.06312117,  0.08871548, ...,  0.53776536,
          0.34912954,  0.        ],
        [-0.06312117,  0.        ,  0.02566629, ...,  0.5899101 ,
          0.40758257,  0.06312117],
        [-0.08871548, -0.02566629,  0.        , ...,  0.6104405 ,
          0.43088594,  0.08871548],
        ...,
        [-0.53776536, -0.5899101 , -0.6104405 , ...,  0.        ,
          0.20957698,  0.53776536],
        [-0.34912954, -0.40758257, -0.43088594, ..., -0.20957698,
          0.        ,  0.34912954],
        [-0.        , -0.06312117, -0.08871548, ..., -0.53776536,
         -0.34912954,  0.        ]],

       [[ 0.        ,  0.00399738,  0.00808362, ...,  0.99578132,
          0.97324792,  0.68418469],
        [-0.00399738,  0.        ,  0.00408631, ...,  0.99614015,
          0.97415857,  0.68709455],
        [-0.00808362, -0.00408631,  0.        , ...,  0.99649052,
          0.97507339,  0.69005779],
        ...,
        [-0.99578132, -0.99614015, -0.99649052, ...,  0.        ,
          0.1394847 ,  0.6634525 ],
        [-0.97324792, -0.97415857, -0.97507339, ..., -0.1394847 ,
          0.        ,  0.55260172],
        [-0.68418469, -0.68709455, -0.69005779, ..., -0.6634525 ,
         -0.55260172,  0.        ]]]), 'num': array([7.06658338e-01, 7.06658338e-01, 0.00000000e+00, 6.82639540e-04,
       6.94016865e-04, 6.78847098e-04, 3.55610449e-02, 3.79244189e-06,
       6.68228260e-04, 6.33211380e-04, 5.78695028e-04, 8.84309610e-07,
       6.85664506e-04, 5.80758254e-04])}
{'img': array([[[ 0.        ,  0.        , -0.67022244, ...,  0.9245706 ,
          0.85456012,  0.67022244],
        [ 0.        ,  0.        , -0.67022244, ...,  0.9245706 ,
          0.85456012,  0.67022244],
        [ 0.67022244,  0.67022244,  0.        , ...,  0.4308176 ,
          0.28613889,  0.        ],
        ...,
        [-0.9245706 , -0.9245706 , -0.4308176 , ...,  0.        ,
          0.15458143,  0.4308176 ],
        [-0.85456012, -0.85456012, -0.28613889, ..., -0.15458143,
          0.        ,  0.28613889],
        [-0.67022244, -0.67022244, -0.        , ..., -0.4308176 ,
         -0.28613889,  0.        ]],

       [[ 0.        , -0.08346699,  0.79636565, ...,  0.90300914,
          0.80893732,  0.36662074],
        [ 0.08346699,  0.        ,  0.74310464, ...,  0.93571733,
          0.85518439,  0.44299666],
        [-0.79636565, -0.74310464,  0.        , ..., -0.88828957,
         -0.95743711, -0.96265299],
        ...,
        [-0.90300914, -0.93571733,  0.88828957, ...,  0.        ,
         -0.18333773, -0.68262495],
        [-0.80893732, -0.85518439,  0.95743711, ...,  0.18333773,
          0.        , -0.53707694],
        [-0.36662074, -0.44299666,  0.96265299, ...,  0.68262495,
          0.53707694,  0.        ]],

       [[ 0.        , -0.02543131, -0.09876142, ...,  0.98146968,
          0.89968716,  0.62055681],
        [ 0.02543131,  0.        , -0.0734225 , ...,  0.97627916,
          0.88829452,  0.60041386],
        [ 0.09876142,  0.0734225 ,  0.        , ...,  0.95774699,
          0.85217588,  0.54007809],
        ...,
        [-0.98146968, -0.97627916, -0.95774699, ...,  0.        ,
          0.25605028,  0.65072117],
        [-0.89968716, -0.88829452, -0.85217588, ..., -0.25605028,
          0.        ,  0.43460511],
        [-0.62055681, -0.60041386, -0.54007809, ..., -0.65072117,
         -0.43460511,  0.        ]],

       ...,

       [[ 0.        ,  0.35295997, -0.04892092, ...,  0.84814339,
          0.75970404,  0.76850781],
        [-0.35295997,  0.        , -0.39830964, ...,  0.6065691 ,
          0.48128936,  0.49320739],
        [ 0.04892092,  0.39830964,  0.        , ...,  0.87304455,
          0.79060617,  0.79888922],
        ...,
        [-0.84814339, -0.6065691 , -0.87304455, ...,  0.        ,
         -0.14905543, -0.13554654],
        [-0.75970404, -0.48128936, -0.79060617, ...,  0.14905543,
          0.        ,  0.01364747],
        [-0.76850781, -0.49320739, -0.79888922, ...,  0.13554654,
         -0.01364747,  0.        ]],

       [[ 0.        ,  0.03738825,  0.15639583, ...,  0.52826428,
          0.40663847,  0.03154112],
        [-0.03738825,  0.        ,  0.11935832, ...,  0.55964054,
          0.44051165,  0.06888871],
        [-0.15639583, -0.11935832,  0.        , ...,  0.65455628,
          0.5445161 ,  0.18747101],
        ...,
        [-0.52826428, -0.55964054, -0.65455628, ...,  0.        ,
          0.13734793,  0.50122051],
        [-0.40663847, -0.44051165, -0.5445161 , ..., -0.13734793,
          0.        ,  0.37762053],
        [-0.03154112, -0.06888871, -0.18747101, ..., -0.50122051,
         -0.37762053,  0.        ]],

       [[ 0.        ,  0.00395086, -0.10539299, ...,  0.99657159,
          0.93760438,  0.6703067 ],
        [-0.00395086,  0.        , -0.10932102, ...,  0.99689069,
          0.93897079,  0.67323334],
        [ 0.10539299,  0.10932102,  0.        , ...,  0.98230166,
          0.89573697,  0.58836306],
        ...,
        [-0.99657159, -0.99689069, -0.98230166, ...,  0.        ,
          0.2689393 ,  0.68408228],
        [-0.93760438, -0.93897079, -0.89573697, ..., -0.2689393 ,
          0.        ,  0.46271309],
        [-0.6703067 , -0.67323334, -0.58836306, ..., -0.68408228,
         -0.46271309,  0.        ]]]), 'num': array([ 9.14637093e-01,  4.00119162e-01,  9.74465778e-06,  8.75030495e-04,
        8.94917552e-04,  8.73373240e-04,  5.77742199e-02, -1.98870567e-05,
        8.80002259e-04,  8.34717774e-04,  7.61770945e-04,  9.28062646e-07,
        9.02572742e-04,  7.66862805e-04])}
{'img': array([[[ 0.00000000e+00, -6.70222441e-01, -1.10792256e-01, ...,
          8.54560120e-01,  6.70222441e-01,  9.69023017e-01],
        [ 6.70222441e-01,  0.00000000e+00,  5.83870664e-01, ...,
          2.86138887e-01,  0.00000000e+00,  5.53645270e-01],
        [ 1.10792256e-01, -5.83870664e-01,  0.00000000e+00, ...,
          7.91758862e-01,  5.83870664e-01,  9.35694901e-01],
        ...,
        [-8.54560120e-01, -2.86138887e-01, -7.91758862e-01, ...,
          0.00000000e+00,  2.86138887e-01, -2.92213433e-01],
        [-6.70222441e-01, -0.00000000e+00, -5.83870664e-01, ...,
         -2.86138887e-01,  0.00000000e+00, -5.53645270e-01],
        [-9.69023017e-01, -5.53645270e-01, -9.35694901e-01, ...,
          2.92213433e-01,  5.53645270e-01,  0.00000000e+00]],

       [[ 0.00000000e+00,  7.43104642e-01,  3.20104938e-01, ...,
          8.55184385e-01,  4.42996657e-01,  6.82161147e-01],
        [-7.43104642e-01,  0.00000000e+00, -9.18210326e-01, ...,
         -9.57437107e-01, -9.62652989e-01, -9.99844845e-01],
        [-3.20104938e-01,  9.18210326e-01,  0.00000000e+00, ...,
          6.44268332e-01,  1.32705576e-01,  4.12205927e-01],
        ...,
        [-8.55184385e-01,  9.57437107e-01, -6.44268332e-01, ...,
          0.00000000e+00, -5.37076940e-01, -2.71731991e-01],
        [-4.42996657e-01,  9.62652989e-01, -1.32705576e-01, ...,
          5.37076940e-01,  0.00000000e+00,  2.87653356e-01],
        [-6.82161147e-01,  9.99844845e-01, -4.12205927e-01, ...,
          2.71731991e-01, -2.87653356e-01,  0.00000000e+00]],

       [[ 0.00000000e+00, -7.26838271e-02, -8.12561076e-02, ...,
          9.17533489e-01,  7.89026692e-01,  5.95502224e-01],
        [ 7.26838271e-02,  0.00000000e+00, -8.59770763e-03, ...,
          8.86203300e-01,  7.42285785e-01,  5.35536322e-01],
        [ 8.12561076e-02,  8.59770763e-03,  0.00000000e+00, ...,
          8.82187257e-01,  7.36497168e-01,  5.28255659e-01],
        ...,
        [-9.17533489e-01, -8.86203300e-01, -8.82187257e-01, ...,
          0.00000000e+00,  2.49931696e-01,  5.00297354e-01],
        [-7.89026692e-01, -7.42285785e-01, -7.36497168e-01, ...,
         -2.49931696e-01,  0.00000000e+00,  2.68015378e-01],
        [-5.95502224e-01, -5.35536322e-01, -5.28255659e-01, ...,
         -5.00297354e-01, -2.68015378e-01,  0.00000000e+00]],

       ...,

       [[ 0.00000000e+00, -3.98309645e-01, -3.15797882e-01, ...,
          4.81289363e-01,  4.93207387e-01, -8.19490841e-02],
        [ 3.98309645e-01,  0.00000000e+00,  8.82608117e-02, ...,
          7.90606167e-01,  7.98889222e-01,  3.21802056e-01],
        [ 3.15797882e-01, -8.82608117e-02,  0.00000000e+00, ...,
          7.33476447e-01,  7.42684523e-01,  2.36980240e-01],
        ...,
        [-4.81289363e-01, -7.90606167e-01, -7.33476447e-01, ...,
          0.00000000e+00,  1.36474664e-02, -5.51503989e-01],
        [-4.93207387e-01, -7.98889222e-01, -7.42684523e-01, ...,
         -1.36474664e-02,  0.00000000e+00, -5.62836965e-01],
        [ 8.19490841e-02, -3.21802056e-01, -2.36980240e-01, ...,
          5.51503989e-01,  5.62836965e-01,  0.00000000e+00]],

       [[ 0.00000000e+00,  1.18193450e-01,  1.18821297e-01, ...,
          5.18345963e-01,  3.40984879e-01,  6.82169574e-02],
        [-1.18193450e-01,  0.00000000e+00,  6.32302629e-04, ...,
          6.15788274e-01,  4.49704748e-01,  1.85656916e-01],
        [-1.18821297e-01, -6.32302629e-04,  0.00000000e+00, ...,
          6.16286350e-01,  4.50269416e-01,  1.86278189e-01],
        ...,
        [-5.18345963e-01, -6.15788274e-01, -6.16286350e-01, ...,
          0.00000000e+00,  1.95680472e-01,  4.58801316e-01],
        [-3.40984879e-01, -4.49704748e-01, -4.50269416e-01, ...,
         -1.95680472e-01,  0.00000000e+00,  2.76061926e-01],
        [-6.82169574e-02, -1.85656916e-01, -1.86278189e-01, ...,
         -4.58801316e-01, -2.76061926e-01,  0.00000000e+00]],

       [[ 0.00000000e+00, -1.06564881e-01, -1.04564993e-01, ...,
          9.78004805e-01,  9.11411363e-01,  6.60244987e-01],
        [ 1.06564881e-01,  0.00000000e+00,  2.01112476e-03, ...,
          9.50208247e-01,  8.62370490e-01,  5.76449801e-01],
        [ 1.04564993e-01, -2.01112476e-03,  0.00000000e+00, ...,
          9.50833023e-01,  8.63386934e-01,  5.78091991e-01],
        ...,
        [-9.78004805e-01, -9.50208247e-01, -9.50833023e-01, ...,
          0.00000000e+00,  2.12341167e-01,  5.96815345e-01],
        [-9.11411363e-01, -8.62370490e-01, -8.63386934e-01, ...,
         -2.12341167e-01,  0.00000000e+00,  4.12827314e-01],
        [-6.60244987e-01, -5.76449801e-01, -5.78091991e-01, ...,
         -5.96815345e-01, -4.12827314e-01,  0.00000000e+00]]]), 'num': array([9.94980314e-01, 7.51719695e-02, 1.71286470e-05, 9.53169269e-04,
       9.53169269e-04, 9.19444471e-04, 6.60050904e-02, 1.59749039e-05,
       9.49619290e-04, 9.00407711e-04, 8.19497781e-04, 1.16539703e-06,
       9.70233804e-04, 8.30581618e-04])}
{'img': array([[[ 0.00000000e+00,  5.83870664e-01,  2.34461378e-01, ...,
          0.00000000e+00,  5.53645270e-01,  2.86138887e-01],
        [-5.83870664e-01,  0.00000000e+00, -3.77248830e-01, ...,
          5.83870664e-01,  9.35694901e-01,  7.91758862e-01],
        [-2.34461378e-01,  3.77248830e-01,  0.00000000e+00, ...,
          2.34461378e-01,  7.33460974e-01,  5.02821005e-01],
        ...,
        [-0.00000000e+00, -5.83870664e-01, -2.34461378e-01, ...,
          0.00000000e+00, -5.53645270e-01, -2.86138887e-01],
        [-5.53645270e-01, -9.35694901e-01, -7.33460974e-01, ...,
          5.53645270e-01,  0.00000000e+00,  2.92213433e-01],
        [-2.86138887e-01, -7.91758862e-01, -5.02821005e-01, ...,
          2.86138887e-01, -2.92213433e-01,  0.00000000e+00]],

       [[ 0.00000000e+00, -9.18210326e-01, -9.78415446e-01, ...,
         -9.62652989e-01, -9.99844845e-01, -9.93107287e-01],
        [ 9.18210326e-01,  0.00000000e+00,  1.97797746e-01, ...,
          1.32705576e-01,  4.12205927e-01,  5.00985392e-01],
        [ 9.78415446e-01, -1.97797746e-01,  0.00000000e+00, ...,
         -6.59646316e-02,  2.23850226e-01,  3.19902156e-01],
        ...,
        [ 9.62652989e-01, -1.32705576e-01,  6.59646316e-02, ...,
          0.00000000e+00,  2.87653356e-01,  3.81703626e-01],
        [ 9.99844845e-01, -4.12205927e-01, -2.23850226e-01, ...,
         -2.87653356e-01,  0.00000000e+00,  9.96971491e-02],
        [ 9.93107287e-01, -5.00985392e-01, -3.19902156e-01, ...,
         -3.81703626e-01, -9.96971491e-02,  0.00000000e+00]],

       [[ 0.00000000e+00, -8.45919706e-03, -9.06327474e-02, ...,
          8.38837702e-01,  7.84707058e-01,  5.28212162e-01],
        [ 8.45919706e-03,  0.00000000e+00, -8.22051223e-02, ...,
          8.34202658e-01,  7.79435406e-01,  5.21010453e-01],
        [ 9.06327474e-02,  8.22051223e-02,  0.00000000e+00, ...,
          7.86046569e-01,  7.25297275e-01,  4.49080851e-01],
        ...,
        [-8.38837702e-01, -8.34202658e-01, -7.86046569e-01, ...,
          0.00000000e+00,  9.27875593e-02,  4.24718543e-01],
        [-7.84707058e-01, -7.79435406e-01, -7.25297275e-01, ...,
         -9.27875593e-02,  0.00000000e+00,  3.38883339e-01],
        [-5.28212162e-01, -5.21010453e-01, -4.49080851e-01, ...,
         -4.24718543e-01, -3.38883339e-01,  0.00000000e+00]],

       ...,

       [[ 0.00000000e+00,  8.82608117e-02,  2.40329115e-02, ...,
          7.98889222e-01,  3.21802056e-01,  6.66442399e-01],
        [-8.82608117e-02,  0.00000000e+00, -6.42961984e-02, ...,
          7.42684523e-01,  2.36980240e-01,  5.98038117e-01],
        [-2.40329115e-02,  6.42961984e-02,  0.00000000e+00, ...,
          7.84203205e-01,  2.98954581e-01,  6.48332016e-01],
        ...,
        [-7.98889222e-01, -7.42684523e-01, -7.84203205e-01, ...,
          0.00000000e+00, -5.62836965e-01, -1.94766503e-01],
        [-3.21802056e-01, -2.36980240e-01, -2.98954581e-01, ...,
          5.62836965e-01,  0.00000000e+00,  3.91070686e-01],
        [-6.66442399e-01, -5.98038117e-01, -6.48332016e-01, ...,
          1.94766503e-01, -3.91070686e-01,  0.00000000e+00]],

       [[ 0.00000000e+00,  6.26822545e-04,  1.69481136e-02, ...,
          5.37977158e-01,  4.32711804e-01,  1.84075514e-01],
        [-6.26822545e-04,  0.00000000e+00,  1.63213777e-02, ...,
          5.38505439e-01,  4.33276820e-01,  1.84691589e-01],
        [-1.69481136e-02, -1.63213777e-02,  0.00000000e+00, ...,
          5.52186461e-01,  4.47928926e-01,  2.00707581e-01],
        ...,
        [-5.37977158e-01, -5.38505439e-01, -5.52186461e-01, ...,
          0.00000000e+00,  1.20245297e-01,  3.73616073e-01],
        [-4.32711804e-01, -4.33276820e-01, -4.47928926e-01, ...,
         -1.20245297e-01,  0.00000000e+00,  2.59367648e-01],
        [-1.84075514e-01, -1.84691589e-01, -2.00707581e-01, ...,
         -3.73616073e-01, -2.59367648e-01,  0.00000000e+00]],

       [[ 0.00000000e+00,  1.93799363e-03, -8.83421408e-02, ...,
          9.52007401e-01,  8.95739394e-01,  5.59143931e-01],
        [-1.93799363e-03,  0.00000000e+00, -9.02723913e-02, ...,
          9.52598784e-01,  8.96599304e-01,  5.60749614e-01],
        [ 8.83421408e-02,  9.02723913e-02,  0.00000000e+00, ...,
          9.21245911e-01,  8.52962118e-01,  4.83715912e-01],
        ...,
        [-9.52007401e-01, -9.52598784e-01, -9.21245911e-01, ...,
          0.00000000e+00,  1.49079540e-01,  6.18141368e-01],
        [-8.95739394e-01, -8.96599304e-01, -8.52962118e-01, ...,
         -1.49079540e-01,  0.00000000e+00,  4.94047267e-01],
        [-5.59143931e-01, -5.60749614e-01, -4.83715912e-01, ...,
         -6.18141368e-01, -4.94047267e-01,  0.00000000e+00]]]), 'num': array([9.96587502e-01, 7.52933945e-02, 1.71563148e-05, 9.54708920e-04,
       9.67153915e-04, 9.47597494e-04, 3.37259726e-02, 0.00000000e+00,
       9.52575492e-04, 9.07862402e-04, 8.24984660e-04, 1.20375698e-06,
       9.74224571e-04, 8.41500233e-04])}
{'img': array([[[ 0.        , -0.39618519, -0.57495957, ...,  0.93216419,
          0.78534921,  0.78534921],
        [ 0.39618519,  0.        , -0.20375947, ...,  0.71245256,
          0.47582494,  0.47582494],
        [ 0.57495957,  0.20375947,  0.        , ...,  0.55452385,
          0.28662799,  0.28662799],
        ...,
        [-0.93216419, -0.71245256, -0.55452385, ...,  0.        ,
          0.29273452,  0.29273452],
        [-0.78534921, -0.47582494, -0.28662799, ..., -0.29273452,
          0.        ,  0.        ],
        [-0.78534921, -0.47582494, -0.28662799, ..., -0.29273452,
          0.        ,  0.        ]],

       [[ 0.        ,  0.22596504, -0.53880572, ...,  0.47455312,
          0.57819246, -0.34814142],
        [-0.22596504,  0.        , -0.71522947, ...,  0.2633785 ,
          0.37887278, -0.55096601],
        [ 0.53880572,  0.71522947,  0.        , ...,  0.87404908,
          0.92669851,  0.21181433],
        ...,
        [-0.47455312, -0.2633785 , -0.87404908, ...,  0.        ,
          0.12175245, -0.75130947],
        [-0.57819246, -0.37887278, -0.92669851, ..., -0.12175245,
          0.        , -0.82607064],
        [ 0.34814142,  0.55096601, -0.21181433, ...,  0.75130947,
          0.82607064,  0.        ]],

       [[ 0.        , -0.08194736, -0.21777094, ...,  0.79823499,
          0.64415835,  0.51959651],
        [ 0.08194736,  0.        , -0.13705789, ...,  0.74618958,
          0.57931094,  0.44783215],
        [ 0.21777094,  0.13705789,  0.        , ...,  0.64790379,
          0.46212721,  0.3210601 ],
        ...,
        [-0.79823499, -0.74618958, -0.64790379, ...,  0.        ,
          0.22255738,  0.3690444 ],
        [-0.64415835, -0.57931094, -0.46212721, ..., -0.22255738,
          0.        ,  0.15294118],
        [-0.51959651, -0.44783215, -0.3210601 , ..., -0.3690444 ,
         -0.15294118,  0.        ]],

       ...,

       [[ 0.        , -0.0642962 , -0.28233419, ...,  0.23698024,
          0.59803812,  0.66857469],
        [ 0.0642962 ,  0.        , -0.22006962, ...,  0.29895458,
          0.64833202,  0.71500486],
        [ 0.28233419,  0.22006962,  0.        , ...,  0.50163071,
          0.79998932,  0.85133088],
        ...,
        [-0.23698024, -0.29895458, -0.50163071, ...,  0.        ,
          0.39107069,  0.47330081],
        [-0.59803812, -0.64833202, -0.79998932, ..., -0.39107069,
          0.        ,  0.09111294],
        [-0.66857469, -0.71500486, -0.85133088, ..., -0.47330081,
         -0.09111294,  0.        ]],

       [[ 0.        ,  0.0162259 , -0.08281084, ...,  0.50014805,
          0.38952457,  0.18363032],
        [-0.0162259 ,  0.        , -0.0989701 , ...,  0.51413286,
          0.4044176 ,  0.19955613],
        [ 0.08281084,  0.0989701 ,  0.        , ...,  0.42672098,
          0.31191655,  0.10159693],
        ...,
        [-0.50014805, -0.51413286, -0.42672098, ...,  0.        ,
          0.12333953,  0.3326304 ],
        [-0.38952457, -0.4044176 , -0.31191655, ..., -0.12333953,
          0.        ,  0.21377437],
        [-0.18363032, -0.19955613, -0.10159693, ..., -0.3326304 ,
         -0.21377437,  0.        ]],

       [[ 0.        , -0.08715747, -0.18092825, ...,  0.96264667,
          0.88391911,  0.54433014],
        [ 0.08715747,  0.        , -0.09452068, ...,  0.93538454,
          0.83979709,  0.46914484],
        [ 0.18092825,  0.09452068,  0.        , ...,  0.89777117,
          0.78472192,  0.38357121],
        ...,
        [-0.96264667, -0.93538454, -0.89777117, ...,  0.        ,
          0.21084131,  0.66015321],
        [-0.88391911, -0.83979709, -0.78472192, ..., -0.21084131,
          0.        ,  0.48694373],
        [-0.54433014, -0.46914484, -0.38357121, ..., -0.66015321,
         -0.48694373,  0.        ]]]), 'num': array([ 9.96190814e-01,  7.57852836e-02,  1.72683964e-05,  9.53788115e-04,
        9.75261768e-04,  9.50209172e-04,  4.30527250e-02, -7.15788454e-06,
        9.57367057e-04,  9.18535533e-04,  8.34042671e-04,  1.29239582e-06,
        9.82488538e-04,  8.54582529e-04])}
{'img': array([[[ 0.        , -0.20375947, -0.20375947, ...,  0.47582494,
          0.47582494,  0.60628932],
        [ 0.20375947,  0.        ,  0.        , ...,  0.28662799,
          0.28662799,  0.43153143],
        [ 0.20375947,  0.        ,  0.        , ...,  0.28662799,
          0.28662799,  0.43153143],
        ...,
        [-0.47582494, -0.28662799, -0.28662799, ...,  0.        ,
          0.        , -0.1548587 ],
        [-0.47582494, -0.28662799, -0.28662799, ...,  0.        ,
          0.        , -0.1548587 ],
        [-0.60628932, -0.43153143, -0.43153143, ...,  0.1548587 ,
          0.1548587 ,  0.        ]],

       [[ 0.        , -0.71522947, -0.48080805, ...,  0.37887278,
         -0.55096601, -0.2850515 ],
        [ 0.71522947,  0.        ,  0.29109991, ...,  0.92669851,
          0.21181433,  0.48633662],
        [ 0.48080805, -0.29109991,  0.        , ...,  0.77716868,
         -0.08185362,  0.21091986],
        ...,
        [-0.37887278, -0.92669851, -0.77716868, ...,  0.        ,
         -0.82607064, -0.62695474],
        [ 0.55096601, -0.21181433,  0.08185362, ...,  0.82607064,
          0.        ,  0.29022427],
        [ 0.2850515 , -0.48633662, -0.21091986, ...,  0.62695474,
         -0.29022427,  0.        ]],

       [[ 0.        , -0.13705789, -0.44783215, ...,  0.57931094,
          0.44783215,  0.57931094],
        [ 0.13705789,  0.        , -0.3210601 , ...,  0.46212721,
          0.3210601 ,  0.46212721],
        [ 0.44783215,  0.3210601 ,  0.        , ...,  0.15294118,
          0.        ,  0.15294118],
        ...,
        [-0.57931094, -0.46212721, -0.15294118, ...,  0.        ,
          0.15294118,  0.        ],
        [-0.44783215, -0.3210601 , -0.        , ..., -0.15294118,
          0.        , -0.15294118],
        [-0.57931094, -0.46212721, -0.15294118, ...,  0.        ,
          0.15294118,  0.        ]],

       ...,

       [[ 0.        , -0.22006962, -0.94214234, ...,  0.64833202,
          0.71500486,  0.84941867],
        [ 0.22006962,  0.        , -0.84527472, ...,  0.79998932,
          0.85133088,  0.94472951],
        [ 0.94214234,  0.84527472,  0.        , ...,  0.93463673,
          0.89834905,  0.78192318],
        ...,
        [-0.64833202, -0.79998932, -0.93463673, ...,  0.        ,
          0.09111294,  0.304574  ],
        [-0.71500486, -0.85133088, -0.89834905, ..., -0.09111294,
          0.        ,  0.2165231 ],
        [-0.84941867, -0.94472951, -0.78192318, ..., -0.304574  ,
         -0.2165231 ,  0.        ]],

       [[ 0.        , -0.09852656, -0.15778512, ...,  0.46750297,
          0.37942312,  0.19867316],
        [ 0.09852656,  0.        , -0.05972504, ...,  0.37813166,
          0.28641794,  0.10114398],
        [ 0.15778512,  0.05972504,  0.        , ...,  0.32216607,
          0.2286838 ,  0.04154467],
        ...,
        [-0.46750297, -0.37813166, -0.32216607, ...,  0.        ,
          0.09713782,  0.28255829],
        [-0.37942312, -0.28641794, -0.2286838 , ..., -0.09713782,
          0.        ,  0.1880426 ],
