state_0,state_1,state_2,state_3,state_4,state_5,state_6,state_7,state_8,state_9,state_10,state_11,state_12,state_13,state_14,state_15,state_16,state_17,state_18,state_19,state_20,state_21,state_22,state_23,state_24,state_25,state_26,state_27,state_28,state_29,state_30,state_31,state_32,state_33,state_34,state_35,state_36,state_37,state_38,state_39,state_40,state_41,state_42,state_43,state_44,state_45,state_46,state_47,state_48,state_49,state_50,state_51,state_52,state_53,state_54,state_55,state_56,state_57,state_58,state_59,state_60,state_61,state_62,state_63,state_64,state_65,state_66,state_67,state_68,state_69,state_70,state_71,state_72,state_73,state_74,state_75,state_76,state_77,state_78,state_79,state_80,state_81,state_82,state_83,state_84,state_85,state_86,state_87,state_88,state_89,state_90,state_91,state_92,state_93,state_94,state_95,state_96,state_97,state_98,state_99,state_100,state_101,state_102,state_103,state_104,state_105,state_106,state_107,state_108,state_109,state_110,state_111,state_112,state_113,state_114,state_115,state_116,state_117,state_118,state_119,state_120,state_121,state_122,state_123,state_124,state_125,state_126,state_127,state_128,state_129,state_130,state_131,state_132,state_133,state_134,state_135,state_136,state_137,state_138,state_139,state_140,state_141,state_142,state_143,state_144,state_145,state_146,state_147,state_148,state_149,state_150,state_151,state_152,state_153,state_154,state_155,state_156,state_157,state_158,state_159,state_160,state_161,state_162,state_163,state_164,state_165,state_166,state_167,state_168,state_169,state_170,state_171,state_172,state_173,state_174,state_175,state_176,state_177,state_178,state_179,state_180,state_181,state_182,state_183,state_184,state_185,state_186,state_187,state_188,state_189,state_190,state_191,state_192,state_193,state_194,state_195,state_196,state_197,state_198,state_199,state_200,state_201,state_202,state_203,state_204,state_205,state_206,state_207,state_208,state_209,state_210,state_211,state_212,state_213,state_214,state_215,state_216,state_217,state_218,state_219,state_220,state_221,state_222,state_223,state_224,state_225,state_226,state_227,state_228,state_229,state_230,state_231,state_232,state_233,state_234,state_235,state_236,state_237,state_238,state_239,state_240,state_241,state_242,state_243,state_244,state_245,state_246,state_247,state_248,state_249,state_250,state_251,state_252,state_253,state_254,state_255,state_256,state_257,state_258,state_259,state_260,state_261,state_262,state_263,state_264,state_265,state_266,state_267,state_268,state_269,state_270,state_271,state_272,state_273,state_274,state_275,state_276,state_277,state_278,state_279,state_280,state_281,state_282,state_283,state_284,state_285,state_286,state_287
{'img': array([[[ 0.        ,  0.51507875,  0.68327756, ...,  0.39042457,
          0.2499685 ,  0.        ],
        [-0.51507875,  0.        ,  0.20957723, ...,  0.80884912,
          0.71298576,  0.51507875],
        [-0.68327756, -0.20957723,  0.        , ...,  0.91412109,
          0.8441029 ,  0.68327756],
        ...,
        [-0.39042457, -0.80884912, -0.91412109, ...,  0.        ,
          0.1479004 ,  0.39042457],
        [-0.2499685 , -0.71298576, -0.8441029 , ..., -0.1479004 ,
          0.        ,  0.2499685 ],
        [-0.        , -0.51507875, -0.68327756, ..., -0.39042457,
         -0.2499685 ,  0.        ]],

       [[ 0.        ,  0.35484912,  0.56699689, ...,  0.82755238,
          0.15596762, -0.07019719],
        [-0.35484912,  0.        ,  0.23780247, ...,  0.57449002,
         -0.20468873, -0.41960276],
        [-0.56699689, -0.23780247,  0.        , ...,  0.36336586,
         -0.43158444, -0.62342101],
        ...,
        [-0.82755238, -0.57449002, -0.36336586, ...,  0.        ,
         -0.72986651, -0.86491882],
        [-0.15596762,  0.20468873,  0.43158444, ...,  0.72986651,
          0.        , -0.224921  ],
        [ 0.07019719,  0.41960276,  0.62342101, ...,  0.86491882,
          0.224921  ,  0.        ]],

       [[ 0.        ,  0.32406639,  0.48871265, ...,  0.70693633,
          0.55050422,  0.        ],
        [-0.32406639,  0.        ,  0.17960891, ...,  0.89799081,
          0.79133701,  0.32406639],
        [-0.48871265, -0.17960891,  0.        , ...,  0.96241824,
          0.8882777 ,  0.48871265],
        ...,
        [-0.70693633, -0.89799081, -0.96241824, ...,  0.        ,
          0.20081426,  0.70693633],
        [-0.55050422, -0.79133701, -0.8882777 , ..., -0.20081426,
          0.        ,  0.55050422],
        [-0.        , -0.32406639, -0.48871265, ..., -0.70693633,
         -0.55050422,  0.        ]],

       ...,

       [[ 0.        ,  0.3591244 ,  0.73208916, ...,  0.01355918,
          0.20880478,  0.14868879],
        [-0.3591244 ,  0.        ,  0.43861257, ..., -0.34643675,
         -0.156333  , -0.21636268],
        [-0.73208916, -0.43861257,  0.        , ..., -0.72278523,
         -0.57371232, -0.62266318],
        ...,
        [-0.01355918,  0.34643675,  0.72278523, ...,  0.        ,
          0.19552528,  0.13526666],
        [-0.20880478,  0.156333  ,  0.57371232, ..., -0.19552528,
          0.        , -0.06107242],
        [-0.14868879,  0.21636268,  0.62266318, ..., -0.13526666,
          0.06107242,  0.        ]],

       [[ 0.        ,  0.35856293,  0.53539969, ...,  0.68947699,
          0.49118222,  0.        ],
        [-0.35856293,  0.        ,  0.19695675, ...,  0.90334045,
          0.77085002,  0.35856293],
        [-0.53539969, -0.19695675,  0.        , ...,  0.97012551,
          0.88121549,  0.53539969],
        ...,
        [-0.68947699, -0.90334045, -0.97012551, ...,  0.        ,
          0.24480665,  0.68947699],
        [-0.49118222, -0.77085002, -0.88121549, ..., -0.24480665,
          0.        ,  0.49118222],
        [-0.        , -0.35856293, -0.53539969, ..., -0.68947699,
         -0.49118222,  0.        ]],

       [[ 0.        , -0.06470372, -0.31137535, ...,  0.76896376,
          0.83057564,  0.86402071],
        [ 0.06470372,  0.        , -0.24923577, ...,  0.72598782,
          0.7928013 ,  0.82963468],
        [ 0.31137535,  0.24923577,  0.        , ...,  0.53167638,
          0.61587849,  0.66430378],
        ...,
        [-0.76896376, -0.72598782, -0.53167638, ...,  0.        ,
         -0.10274027, -0.16522223],
        [-0.83057564, -0.7928013 , -0.61587849, ...,  0.10274027,
          0.        , -0.06301967],
        [-0.86402071, -0.82963468, -0.66430378, ...,  0.16522223,
          0.06301967,  0.        ]]]), 'num': array([9.99902622e-01, 2.24022694e-03, 1.82055182e-05, 1.03923166e-03,
       1.06198856e-03, 1.01647476e-03, 1.34954662e-02, 3.98245710e-05,
       9.99407091e-04, 9.27390992e-04, 8.73074702e-04, 1.45655682e-06,
       1.01620988e-03, 8.38572103e-04])}
{'img': array([[[ 0.        ,  0.46737726,  0.314446  , ...,  0.74535599,
          0.71837877,  0.        ],
        [-0.46737726,  0.        , -0.16568123, ...,  0.97052275,
          0.96022048,  0.46737726],
        [-0.314446  ,  0.16568123,  0.        , ...,  0.91717875,
          0.90068431,  0.314446  ],
        ...,
        [-0.74535599, -0.97052275, -0.91717875, ...,  0.        ,
          0.03958934,  0.74535599],
        [-0.71837877, -0.96022048, -0.90068431, ..., -0.03958934,
          0.        ,  0.71837877],
        [-0.        , -0.46737726, -0.314446  , ..., -0.74535599,
         -0.71837877,  0.        ]],

       [[ 0.        ,  0.23780247, -0.44654621, ..., -0.20468873,
         -0.41960276,  0.47352756],
        [-0.23780247,  0.        , -0.64651266, ..., -0.43158444,
         -0.62342101,  0.2504923 ],
        [ 0.44654621,  0.64651266,  0.        , ...,  0.25394414,
          0.02988949,  0.81700232],
        ...,
        [ 0.20468873,  0.43158444, -0.25394414, ...,  0.        ,
         -0.224921  ,  0.64378715],
        [ 0.41960276,  0.62342101, -0.02988949, ...,  0.224921  ,
          0.        ,  0.79940198],
        [-0.47352756, -0.2504923 , -0.81700232, ..., -0.64378715,
         -0.79940198,  0.        ]],

       [[ 0.        ,  0.36466186,  0.50381728, ...,  0.74558403,
          0.5709799 ,  0.        ],
        [-0.36466186,  0.        ,  0.15412577, ...,  0.93725803,
          0.83103651,  0.36466186],
        [-0.50381728, -0.15412577,  0.        , ...,  0.97979282,
          0.90683416,  0.50381728],
        ...,
        [-0.74558403, -0.93725803, -0.97979282, ...,  0.        ,
          0.23159003,  0.74558403],
        [-0.5709799 , -0.83103651, -0.90683416, ..., -0.23159003,
          0.        ,  0.5709799 ],
        [-0.        , -0.36466186, -0.50381728, ..., -0.74558403,
         -0.5709799 ,  0.        ]],

       ...,

       [[ 0.        ,  0.23950487, -0.16964802, ..., -0.1351987 ,
         -0.18948846,  0.51746595],
        [-0.23950487,  0.        , -0.40074362, ..., -0.36856963,
         -0.41913918,  0.29745996],
        [ 0.16964802,  0.40074362,  0.        , ...,  0.03485144,
         -0.02016727,  0.65513359],
        ...,
        [ 0.1351987 ,  0.36856963, -0.03485144, ...,  0.        ,
         -0.05499937,  0.62840488],
        [ 0.18948846,  0.41913918,  0.02016727, ...,  0.05499937,
          0.        ,  0.67023698],
        [-0.51746595, -0.29745996, -0.65513359, ..., -0.62840488,
         -0.67023698,  0.        ]],

       [[ 0.        ,  0.39923443,  0.51335406, ...,  0.72595776,
          0.58872283,  0.        ],
        [-0.39923443,  0.        ,  0.12805432, ...,  0.94016276,
          0.86248502,  0.39923443],
        [-0.51335406, -0.12805432,  0.        , ...,  0.97605394,
          0.92019038,  0.51335406],
        ...,
        [-0.72595776, -0.94016276, -0.97605394, ...,  0.        ,
          0.18192922,  0.72595776],
        [-0.58872283, -0.86248502, -0.92019038, ..., -0.18192922,
          0.        ,  0.58872283],
        [-0.        , -0.39923443, -0.51335406, ..., -0.72595776,
         -0.58872283,  0.        ]],

       [[ 0.        , -0.24923577, -0.21569029, ...,  0.7928013 ,
          0.82963468,  0.90097751],
        [ 0.24923577,  0.        ,  0.0344855 , ...,  0.61587849,
          0.66430378,  0.76441034],
        [ 0.21569029, -0.0344855 ,  0.        , ...,  0.64268125,
          0.68968528,  0.7861895 ],
        ...,
        [-0.7928013 , -0.61587849, -0.64268125, ...,  0.        ,
         -0.06301967, -0.20515856],
        [-0.82963468, -0.66430378, -0.68968528, ...,  0.06301967,
          0.        , -0.14307161],
        [-0.90097751, -0.76441034, -0.7861895 , ...,  0.20515856,
          0.14307161,  0.        ]]]), 'num': array([8.82091543e-01, 4.71057577e-01, 7.48695748e-06, 5.43695722e-04,
       5.43695722e-04, 5.30821324e-04, 4.14567493e-03, 9.90338291e-07,
       5.29038715e-04, 4.87890159e-04, 4.58229527e-04, 7.58879916e-07,
       5.40564706e-04, 4.35215612e-04])}
{'img': array([[[ 0.        , -0.35837079, -0.19327151, ...,  0.93057439,
          0.51289086,  0.35837079],
        [ 0.35837079,  0.        ,  0.17117954, ...,  0.73756444,
          0.17117954,  0.        ],
        [ 0.19327151, -0.17117954,  0.        , ...,  0.84227144,
          0.3373058 ,  0.17117954],
        ...,
        [-0.93057439, -0.73756444, -0.84227144, ...,  0.        ,
          0.61108432,  0.73756444],
        [-0.51289086, -0.17117954, -0.3373058 , ..., -0.61108432,
          0.        ,  0.17117954],
        [-0.35837079, -0.        , -0.17117954, ..., -0.73756444,
         -0.17117954,  0.        ]],

       [[ 0.        , -0.64651266, -0.89055134, ..., -0.62342101,
          0.2504923 , -0.38723503],
        [ 0.64651266,  0.        , -0.38531708, ...,  0.02988949,
          0.81700232,  0.30064954],
        [ 0.89055134,  0.38531708,  0.        , ...,  0.41272647,
          0.97610394,  0.64492492],
        ...,
        [ 0.62342101, -0.02988949, -0.41272647, ...,  0.        ,
          0.79940198,  0.27200857],
        [-0.2504923 , -0.81700232, -0.97610394, ..., -0.79940198,
          0.        , -0.60583858],
        [ 0.38723503, -0.30064954, -0.64492492, ..., -0.27200857,
          0.60583858,  0.        ]],

       [[ 0.        ,  0.35718677,  0.54091158, ...,  0.69744154,
          0.45192888,  0.        ],
        [-0.35718677,  0.        ,  0.20480681, ...,  0.90740833,
          0.74074635,  0.35718677],
        [-0.54091158, -0.20480681,  0.        , ...,  0.97424354,
          0.86263042,  0.54091158],
        ...,
        [-0.69744154, -0.90740833, -0.97424354, ...,  0.        ,
          0.29828443,  0.69744154],
        [-0.45192888, -0.74074635, -0.86263042, ..., -0.29828443,
          0.        ,  0.45192888],
        [-0.        , -0.35718677, -0.54091158, ..., -0.69744154,
         -0.45192888,  0.        ]],

       ...,

       [[ 0.        , -0.40074362, -0.38211423, ..., -0.41913918,
          0.29745996,  0.17054586],
        [ 0.40074362,  0.        ,  0.0202439 , ..., -0.02016727,
          0.65513359,  0.55112507],
        [ 0.38211423, -0.0202439 ,  0.        , ..., -0.04040292,
          0.6397048 ,  0.53412016],
        ...,
        [ 0.41913918,  0.02016727,  0.04040292, ...,  0.        ,
          0.67023698,  0.56784101],
        [-0.29745996, -0.65513359, -0.6397048 , ..., -0.67023698,
          0.        , -0.13027611],
        [-0.17054586, -0.55112507, -0.53412016, ..., -0.56784101,
          0.13027611,  0.        ]],

       [[ 0.        ,  0.33105911,  0.44365538, ...,  0.75294401,
          0.53901684,  0.        ],
        [-0.33105911,  0.        ,  0.12194332, ...,  0.92835041,
          0.78747112,  0.33105911],
        [-0.44365538, -0.12194332,  0.        , ...,  0.96674928,
          0.85675423,  0.44365538],
        ...,
        [-0.75294401, -0.92835041, -0.96674928, ...,  0.        ,
          0.2794823 ,  0.75294401],
        [-0.53901684, -0.78747112, -0.85675423, ..., -0.2794823 ,
          0.        ,  0.53901684],
        [-0.        , -0.33105911, -0.44365538, ..., -0.75294401,
         -0.53901684,  0.        ]],

       [[ 0.        ,  0.0344855 ,  0.23254036, ...,  0.66430378,
          0.76441034,  0.80425953],
        [-0.0344855 ,  0.        ,  0.19886191, ...,  0.68968528,
          0.7861895 ,  0.82427513],
        [-0.23254036, -0.19886191,  0.        , ...,  0.8199083 ,
          0.89338112,  0.92040583],
        ...,
        [-0.66430378, -0.68968528, -0.8199083 , ...,  0.        ,
         -0.14307161, -0.20637272],
        [-0.76441034, -0.7861895 , -0.89338112, ...,  0.14307161,
          0.        , -0.06425786],
        [-0.80425953, -0.82427513, -0.92040583, ...,  0.20637272,
          0.06425786,  0.        ]]]), 'num': array([ 9.40346628e-01,  3.40188113e-01,  1.11553627e-05,  5.75415642e-04,
        5.89319738e-04,  5.73276551e-04,  4.22278074e-03, -1.17650038e-05,
        5.74773915e-04,  5.30548196e-04,  4.97017935e-04,  7.77851493e-07,
        5.90016193e-04,  4.71080199e-04])}
{'img': array([[[ 0.        ,  0.17117954,  0.48495565, ...,  0.17117954,
          0.        ,  0.54622518],
        [-0.17117954,  0.        ,  0.3280945 , ...,  0.3373058 ,
          0.17117954,  0.68154937],
        [-0.48495565, -0.3280945 ,  0.        , ...,  0.62750077,
          0.48495565,  0.88391255],
        ...,
        [-0.17117954, -0.3373058 , -0.62750077, ...,  0.        ,
          0.17117954, -0.39477627],
        [-0.        , -0.17117954, -0.48495565, ..., -0.17117954,
          0.        , -0.54622518],
        [-0.54622518, -0.68154937, -0.88391255, ...,  0.39477627,
          0.54622518,  0.        ]],

       [[ 0.        , -0.38531708,  0.5101157 , ...,  0.81700232,
          0.30064954,  0.24545103],
        [ 0.38531708,  0.        ,  0.80214018, ...,  0.97610394,
          0.64492492,  0.60002818],
        [-0.5101157 , -0.80214018,  0.        , ...,  0.40855817,
         -0.22792462, -0.28339689],
        ...,
        [-0.81700232, -0.97610394, -0.40855817, ...,  0.        ,
         -0.60583858, -0.65047389],
        [-0.30064954, -0.64492492,  0.22792462, ...,  0.60583858,
          0.        , -0.05735721],
        [-0.24545103, -0.60002818,  0.28339689, ...,  0.65047389,
          0.05735721,  0.        ]],

       [[ 0.        ,  0.4228435 ,  0.53844191, ...,  0.53844191,
          0.30737489,  0.        ],
        [-0.4228435 ,  0.        ,  0.13162311, ...,  0.84425194,
          0.68091697,  0.4228435 ],
        [-0.53844191, -0.13162311,  0.        , ...,  0.90744975,
          0.77138846,  0.53844191],
        ...,
        [-0.53844191, -0.84425194, -0.90744975, ...,  0.        ,
          0.2533618 ,  0.53844191],
        [-0.30737489, -0.68091697, -0.77138846, ..., -0.2533618 ,
          0.        ,  0.30737489],
        [-0.        , -0.4228435 , -0.53844191, ..., -0.53844191,
         -0.30737489,  0.        ]],

       ...,

       [[ 0.        ,  0.0202439 ,  0.07131088, ...,  0.65513359,
          0.55112507,  0.07818197],
        [-0.0202439 ,  0.        ,  0.0511039 , ...,  0.6397048 ,
          0.53412016,  0.05798401],
        [-0.07131088, -0.0511039 ,  0.        , ...,  0.59958941,
          0.49021857,  0.00689033],
        ...,
        [-0.65513359, -0.6397048 , -0.59958941, ...,  0.        ,
         -0.13027611, -0.59406079],
        [-0.55112507, -0.53412016, -0.49021857, ...,  0.13027611,
          0.        , -0.48420133],
        [-0.07818197, -0.05798401, -0.00689033, ...,  0.59406079,
          0.48420133,  0.        ]],

       [[ 0.        ,  0.30166524,  0.44807954, ...,  0.65598417,
          0.41519885,  0.        ],
        [-0.30166524,  0.        ,  0.15751843, ...,  0.85311371,
          0.67029048,  0.30166524],
        [-0.44807954, -0.15751843,  0.        , ...,  0.92464478,
          0.77881685,  0.44807954],
        ...,
        [-0.65598417, -0.85311371, -0.92464478, ...,  0.        ,
          0.28338736,  0.65598417],
        [-0.41519885, -0.67029048, -0.77881685, ..., -0.28338736,
          0.        ,  0.41519885],
        [-0.        , -0.30166524, -0.44807954, ..., -0.65598417,
         -0.41519885,  0.        ]],

       [[ 0.        ,  0.23007217,  0.32171644, ...,  0.76449947,
          0.8043487 ,  0.79053194],
        [-0.23007217,  0.        ,  0.09524531, ...,  0.8923008 ,
          0.91947001,  0.91022577],
        [-0.32171644, -0.09524531,  0.        , ...,  0.93124192,
          0.9527366 ,  0.94552999],
        ...,
        [-0.76449947, -0.8923008 , -0.93124192, ...,  0.        ,
         -0.06426965, -0.04140075],
        [-0.8043487 , -0.91947001, -0.9527366 , ...,  0.06426965,
          0.        ,  0.02289939],
        [-0.79053194, -0.91022577, -0.94552999, ...,  0.04140075,
         -0.02289939,  0.        ]]]), 'num': array([9.86275182e-01, 1.65078857e-01, 1.49580387e-05, 6.05602010e-04,
       6.07808210e-04, 5.95674108e-04, 2.75722101e-03, 1.21341022e-05,
       5.98100928e-04, 5.51164015e-04, 5.15101831e-04, 9.31134009e-07,
       6.16683060e-04, 4.85644970e-04])}
{'img': array([[[ 0.        ,  0.4589234 ,  0.58068771, ...,  0.        ,
          0.5480719 ,  0.        ],
        [-0.4589234 ,  0.        ,  0.14230534, ...,  0.4589234 ,
          0.8708065 ,  0.4589234 ],
        [-0.58068771, -0.14230534,  0.        , ...,  0.58068771,
          0.93190513,  0.58068771],
        ...,
        [-0.        , -0.4589234 , -0.58068771, ...,  0.        ,
         -0.5480719 ,  0.        ],
        [-0.5480719 , -0.8708065 , -0.93190513, ...,  0.5480719 ,
          0.        ,  0.5480719 ],
        [-0.        , -0.4589234 , -0.58068771, ...,  0.        ,
         -0.5480719 ,  0.        ]],

       [[ 0.        ,  0.80214018,  0.70974239, ...,  0.64492492,
          0.60002818,  0.23306821],
        [-0.80214018,  0.        ,  0.9888893 , ..., -0.22792462,
         -0.28339689, -0.64087618],
        [-0.70974239, -0.9888893 ,  0.        , ..., -0.99674239,
         -0.99047555, -0.8543839 ],
        ...,
        [-0.64492492,  0.22792462,  0.99674239, ...,  0.        ,
         -0.05735721, -0.44904251],
        [-0.60002818,  0.28339689,  0.99047555, ...,  0.05735721,
          0.        , -0.397054  ],
        [-0.23306821,  0.64087618,  0.8543839 , ...,  0.44904251,
          0.397054  ,  0.        ]],

       [[ 0.        ,  0.35258493,  0.46787991, ...,  0.47925475,
          0.37603489,  0.        ],
        [-0.35258493,  0.        ,  0.12622082, ...,  0.7579322 ,
          0.678593  ,  0.35258493],
        [-0.46787991, -0.12622082,  0.        , ...,  0.83420844,
          0.76587675,  0.46787991],
        ...,
        [-0.47925475, -0.7579322 , -0.83420844, ...,  0.        ,
          0.11404335,  0.47925475],
        [-0.37603489, -0.678593  , -0.76587675, ..., -0.11404335,
          0.        ,  0.37603489],
        [-0.        , -0.35258493, -0.46787991, ..., -0.47925475,
         -0.37603489,  0.        ]],

       ...,

       [[ 0.        ,  0.03113969, -0.32268844, ...,  0.23274118,
          0.03522248,  0.86838548],
        [-0.03113969,  0.        , -0.35200583, ...,  0.20234376,
          0.00408503,  0.85252249],
        [ 0.32268844,  0.35200583,  0.        , ...,  0.53411775,
          0.35582647,  0.9819493 ],
        ...,
        [-0.23274118, -0.20234376, -0.53411775, ...,  0.        ,
         -0.19834154,  0.72912452],
        [-0.03522248, -0.00408503, -0.35582647, ...,  0.19834154,
          0.        ,  0.85038017],
        [-0.86838548, -0.85252249, -0.9819493 , ..., -0.72912452,
         -0.85038017,  0.        ]],

       [[ 0.        ,  0.33409222,  0.46703206, ...,  0.59776805,
          0.45798497,  0.        ],
        [-0.33409222,  0.        ,  0.14477875, ...,  0.83125194,
          0.72866393,  0.33409222],
        [-0.46703206, -0.14477875,  0.        , ...,  0.90297583,
          0.82014159,  0.46703206],
        ...,
        [-0.59776805, -0.83125194, -0.90297583, ...,  0.        ,
          0.16423945,  0.59776805],
        [-0.45798497, -0.72866393, -0.82014159, ..., -0.16423945,
          0.        ,  0.45798497],
        [-0.        , -0.33409222, -0.46703206, ..., -0.59776805,
         -0.45798497,  0.        ]],

       [[ 0.        ,  0.22951798,  0.3558766 , ...,  0.80839539,
          0.79458612,  0.79735533],
        [-0.22951798,  0.        ,  0.13188416, ...,  0.92191824,
          0.91272636,  0.9145859 ],
        [-0.3558766 , -0.13188416,  0.        , ...,  0.96495529,
          0.95863792,  0.95992997],
        ...,
        [-0.80839539, -0.92191824, -0.96495529, ...,  0.        ,
          0.02309337,  0.01851967],
        [-0.79458612, -0.91272636, -0.95863792, ..., -0.02309337,
          0.        , -0.00457468],
        [-0.79735533, -0.9145859 , -0.95992997, ..., -0.01851967,
          0.00457468,  0.        ]]]), 'num': array([ 9.97254059e-01,  7.39775028e-02,  1.71612743e-05,  6.11441428e-04,
        6.22806510e-04,  6.09168411e-04,  2.98027690e-03, -1.25015905e-05,
        6.18715080e-04,  5.71493163e-04,  5.33041302e-04,  8.58988778e-07,
        6.40150020e-04,  5.02836307e-04])}
{'img': array([[[ 0.        ,  0.16517053, -0.06457862, ...,  0.82906602,
          0.38180616,  0.82906602],
        [-0.16517053,  0.        , -0.2285174 , ...,  0.91003404,
          0.52921967,  0.91003404],
        [ 0.06457862,  0.2285174 ,  0.        , ...,  0.79122626,
          0.32132288,  0.79122626],
        ...,
        [-0.82906602, -0.91003404, -0.79122626, ...,  0.        ,
          0.5527708 ,  0.        ],
        [-0.38180616, -0.52921967, -0.32132288, ..., -0.5527708 ,
          0.        , -0.5527708 ],
        [-0.82906602, -0.91003404, -0.79122626, ...,  0.        ,
          0.5527708 ,  0.        ]],

       [[ 0.        ,  0.9888893 , -0.32865293, ..., -0.28339689,
         -0.64087618, -0.60873896],
        [-0.9888893 ,  0.        , -0.98281277, ..., -0.99047555,
         -0.8543839 , -0.87504705],
        [ 0.32865293,  0.98281277,  0.        , ...,  0.04752464,
         -0.35298746, -0.31418041],
        ...,
        [ 0.28339689,  0.99047555, -0.04752464, ...,  0.        ,
         -0.397054  , -0.35894356],
        [ 0.64087618,  0.8543839 ,  0.35298746, ...,  0.397054  ,
          0.        ,  0.04115733],
        [ 0.60873896,  0.87504705,  0.31418041, ...,  0.35894356,
         -0.04115733,  0.        ]],

       [[ 0.        ,  0.32062867,  0.34271069, ...,  0.45340551,
          0.2591447 ,  0.        ],
        [-0.32062867,  0.        ,  0.02340555, ...,  0.71524569,
          0.55513867,  0.32062867],
        [-0.34271069, -0.02340555,  0.        , ...,  0.73140726,
          0.57445434,  0.34271069],
        ...,
        [-0.45340551, -0.71524569, -0.73140726, ...,  0.        ,
          0.20693971,  0.45340551],
        [-0.2591447 , -0.55513867, -0.57445434, ..., -0.20693971,
          0.        ,  0.2591447 ],
        [-0.        , -0.32062867, -0.34271069, ..., -0.45340551,
         -0.2591447 ,  0.        ]],

       ...,

       [[ 0.        , -0.35200583, -0.42447415, ...,  0.00408503,
          0.85252249,  0.14646779],
        [ 0.35200583,  0.        , -0.0785867 , ...,  0.35582647,
          0.9819493 ,  0.48530313],
        [ 0.42447415,  0.0785867 ,  0.        , ...,  0.42816936,
          0.99377664,  0.55251419],
        ...,
        [-0.00408503, -0.35582647, -0.42816936, ...,  0.        ,
          0.85038017,  0.14242559],
        [-0.85252249, -0.9819493 , -0.99377664, ..., -0.85038017,
          0.        , -0.76677108],
        [-0.14646779, -0.48530313, -0.55251419, ..., -0.14242559,
          0.76677108,  0.        ]],

       [[ 0.        ,  0.33597849,  0.39261383, ...,  0.56342058,
          0.34963193,  0.        ],
        [-0.33597849,  0.        ,  0.06079048, ...,  0.80824418,
          0.64408164,  0.33597849],
        [-0.39261383, -0.06079048,  0.        , ...,  0.84254569,
          0.68939253,  0.39261383],
        ...,
        [-0.56342058, -0.80824418, -0.84254569, ...,  0.        ,
          0.239006  ,  0.56342058],
        [-0.34963193, -0.64408164, -0.68939253, ..., -0.239006  ,
          0.        ,  0.34963193],
        [-0.        , -0.33597849, -0.39261383, ..., -0.56342058,
         -0.34963193,  0.        ]],

       [[ 0.        ,  0.27757483,  0.46689056, ...,  0.79861906,
          0.80138695,  0.76864937],
        [-0.27757483,  0.        ,  0.20308002, ...,  0.9342913 ,
          0.93592601,  0.91600093],
        [-0.46689056, -0.20308002,  0.        , ...,  0.98722284,
          0.98794743,  0.97838429],
        ...,
        [-0.79861906, -0.9342913 , -0.98722284, ...,  0.        ,
         -0.00461319,  0.04825141],
        [-0.80138695, -0.93592601, -0.98794743, ...,  0.00461319,
          0.        ,  0.05285871],
        [-0.76864937, -0.91600093, -0.97838429, ..., -0.04825141,
         -0.05285871,  0.        ]]]), 'num': array([ 9.99680951e-01,  2.49098745e-02,  1.84266735e-05,  6.12678209e-04,
        6.20785482e-04,  6.08045481e-04,  3.82578742e-03, -1.04236368e-05,
        6.26113118e-04,  5.85287208e-04,  5.45272024e-04,  8.13282121e-07,
        6.55234201e-04,  5.15340214e-04])}
{'img': array([[[ 0.        , -0.2285174 , -0.25226027, ...,  0.52921967,
          0.91003404,  0.97729905],
        [ 0.2285174 ,  0.        , -0.0244584 , ...,  0.32132288,
          0.79122626,  0.90302483],
        [ 0.25226027,  0.0244584 ,  0.        , ...,  0.29806539,
          0.77603268,  0.89224764],
        ...,
        [-0.52921967, -0.32132288, -0.29806539, ...,  0.        ,
         -0.5527708 , -0.71710058],
        [-0.91003404, -0.79122626, -0.77603268, ...,  0.5527708 ,
          0.        , -0.21231932],
        [-0.97729905, -0.90302483, -0.89224764, ...,  0.71710058,
          0.21231932,  0.        ]],

       [[ 0.        , -0.98281277, -0.75270552, ..., -0.8543839 ,
         -0.87504705, -0.95421534],
        [ 0.98281277,  0.        , -0.5080887 , ..., -0.35298746,
         -0.31418041, -0.11782642],
        [ 0.75270552,  0.5080887 ,  0.        , ...,  0.17135227,
          0.21175568,  0.403065  ],
        ...,
        [ 0.8543839 ,  0.35298746, -0.17135227, ...,  0.        ,
          0.04115733,  0.24028692],
        [ 0.87504705,  0.31418041, -0.21175568, ..., -0.04115733,
          0.        ,  0.20013182],
        [ 0.95421534,  0.11782642, -0.403065  , ..., -0.24028692,
         -0.20013182,  0.        ]],

       [[ 0.        ,  0.12603718,  0.23789096, ...,  0.26257245,
          0.        ,  0.34283965],
        [-0.12603718,  0.        ,  0.11357502, ...,  0.38209339,
          0.12603718,  0.45850425],
        [-0.23789096, -0.11357502,  0.        , ...,  0.4845784 ,
          0.23789096,  0.5564707 ],
        ...,
        [-0.26257245, -0.38209339, -0.4845784 , ...,  0.        ,
          0.26257245, -0.08415122],
        [-0.        , -0.12603718, -0.23789096, ..., -0.26257245,
          0.        , -0.34283965],
        [-0.34283965, -0.45850425, -0.5564707 , ...,  0.08415122,
          0.34283965,  0.        ]],

       ...,

       [[ 0.        , -0.0785867 , -0.10274723, ...,  0.9819493 ,
          0.48530313,  0.24558906],
        [ 0.0785867 ,  0.        , -0.02425868, ...,  0.99377664,
          0.55251419,  0.32100943],
        [ 0.10274723,  0.02425868,  0.        , ...,  0.99618639,
          0.57257129,  0.34388978],
        ...,
        [-0.9819493 , -0.99377664, -0.99618639, ...,  0.        ,
         -0.76677108, -0.90542438],
        [-0.48530313, -0.55251419, -0.57257129, ...,  0.76677108,
          0.        , -0.25571045],
        [-0.24558906, -0.32100943, -0.34388978, ...,  0.90542438,
          0.25571045,  0.        ]],

       [[ 0.        ,  0.2104753 ,  0.24183995, ...,  0.43868711,
          0.27156302,  0.        ],
        [-0.2104753 ,  0.        ,  0.03219495, ...,  0.61800166,
          0.46804556,  0.2104753 ],
        [-0.24183995, -0.03219495,  0.        , ...,  0.64299222,
          0.49625375,  0.24183995],
        ...,
        [-0.43868711, -0.61800166, -0.64299222, ...,  0.        ,
          0.17816419,  0.43868711],
        [-0.27156302, -0.46804556, -0.49625375, ..., -0.17816419,
          0.        ,  0.27156302],
        [-0.        , -0.2104753 , -0.24183995, ..., -0.43868711,
         -0.27156302,  0.        ]],

       [[ 0.        ,  0.38699904,  0.5640176 , ...,  0.80733571,
          0.77460225,  0.73206788],
        [-0.38699904,  0.        ,  0.20050001, ...,  0.9727934 ,
          0.95900237,  0.93866125],
        [-0.5640176 , -0.20050001,  0.        , ...,  0.99949027,
          0.99634989,  0.98874106],
        ...,
        [-0.80733571, -0.9727934 , -0.99949027, ...,  0.        ,
          0.05351152,  0.11799497],
        [-0.77460225, -0.95900237, -0.99634989, ..., -0.05351152,
          0.        ,  0.06468821],
        [-0.73206788, -0.93866125, -0.98874106, ..., -0.11799497,
         -0.06468821,  0.        ]]]), 'num': array([ 9.99685665e-01,  2.49559934e-02,  1.84607892e-05,  6.12652213e-04,
        6.21934823e-04,  6.10331561e-04,  1.70166473e-03, -1.16032616e-06,
        6.22398953e-04,  5.89300649e-04,  5.48234773e-04,  7.92741920e-07,
        6.58623583e-04,  5.19977716e-04])}
{'img': array([[[ 0.        , -0.0244584 ,  0.35278287, ...,  0.79122626,
          0.90302483,  0.91181264],
        [ 0.0244584 ,  0.        ,  0.37556319, ...,  0.77603268,
          0.89224764,  0.90149709],
        [-0.35278287, -0.37556319,  0.        , ...,  0.95608956,
          0.99651645,  0.99804279],
        ...,
        [-0.79122626, -0.77603268, -0.95608956, ...,  0.        ,
         -0.21231932, -0.23271222],
        [-0.90302483, -0.89224764, -0.99651645, ...,  0.21231932,
          0.        , -0.02091623],
        [-0.91181264, -0.90149709, -0.99804279, ...,  0.23271222,
          0.02091623,  0.        ]],

       [[ 0.        , -0.5080887 , -0.04800292, ..., -0.31418041,
         -0.11782642, -0.84515748],
        [ 0.5080887 ,  0.        ,  0.46615783, ...,  0.21175568,
          0.403065  , -0.45635592],
        [ 0.04800292, -0.46615783,  0.        , ..., -0.26824602,
         -0.07002205, -0.81852479],
        ...,
        [ 0.31418041, -0.21175568,  0.26824602, ...,  0.        ,
          0.20013182, -0.6344266 ],
        [ 0.11782642, -0.403065  ,  0.07002205, ..., -0.20013182,
          0.        , -0.77629002],
        [ 0.84515748,  0.45635592,  0.81852479, ...,  0.6344266 ,
          0.77629002,  0.        ]],

       [[ 0.        ,  0.20297777,  0.38446754, ...,  0.        ,
          0.34350371,  0.48968839],
        [-0.20297777,  0.        ,  0.18908762, ...,  0.20297777,
          0.52697995,  0.65647053],
        [-0.38446754, -0.18908762,  0.        , ...,  0.38446754,
          0.6781747 ,  0.7872665 ],
        ...,
        [-0.        , -0.20297777, -0.38446754, ...,  0.        ,
         -0.34350371, -0.48968839],
        [-0.34350371, -0.52697995, -0.6781747 , ...,  0.34350371,
          0.        , -0.16039147],
        [-0.48968839, -0.65647053, -0.7872665 , ...,  0.48968839,
          0.16039147,  0.        ]],

       ...,

       [[ 0.        , -0.02425868,  0.14223809, ...,  0.55251419,
          0.32100943,  0.24083846],
        [ 0.02425868,  0.        ,  0.16620826, ...,  0.57257129,
          0.34388978,  0.26431222],
        [-0.14223809, -0.16620826,  0.        , ...,  0.42834055,
          0.18303528,  0.10033839],
        ...,
        [-0.55251419, -0.57257129, -0.42834055, ...,  0.        ,
         -0.25571045, -0.33551136],
        [-0.32100943, -0.34388978, -0.18303528, ...,  0.25571045,
          0.        , -0.08346826],
        [-0.24083846, -0.26431222, -0.10033839, ...,  0.33551136,
          0.08346826,  0.        ]],

       [[ 0.        ,  0.12029088,  0.28328983, ...,  0.35665432,
          0.23620299,  0.        ],
        [-0.12029088,  0.        ,  0.16586969, ...,  0.46644466,
          0.35137494,  0.12029088],
        [-0.28328983, -0.16586969,  0.        , ...,  0.60670342,
          0.50180056,  0.28328983],
        ...,
        [-0.35665432, -0.46644466, -0.60670342, ...,  0.        ,
          0.1258929 ,  0.35665432],
        [-0.23620299, -0.35137494, -0.50180056, ..., -0.1258929 ,
          0.        ,  0.23620299],
        [-0.        , -0.12029088, -0.28328983, ..., -0.35665432,
         -0.23620299,  0.        ]],

       [[ 0.        ,  0.43634795,  0.57555292, ...,  0.78653287,
          0.74388376,  0.68093957],
        [-0.43634795,  0.        ,  0.16103998, ...,  0.97717097,
          0.96094552,  0.93224934],
        [-0.57555292, -0.16103998,  0.        , ...,  0.99863048,
          0.99296897,  0.97834843],
        ...,
        [-0.78653287, -0.97717097, -0.99863048, ...,  0.        ,
          0.06626279,  0.15549603],
        [-0.74388376, -0.96094552, -0.99296897, ..., -0.06626279,
          0.        ,  0.08969748],
        [-0.68093957, -0.93224934, -0.97834843, ..., -0.15549603,
         -0.08969748,  0.        ]]]), 'num': array([9.99985330e-01, 4.01064975e-03, 1.83420743e-05, 6.12907468e-04,
       6.17422440e-04, 5.89203864e-04, 3.23848793e-03, 1.69311455e-05,
       6.06586507e-04, 5.76844128e-04, 5.35616788e-04, 7.94151349e-07,
       6.44707685e-04, 5.08980571e-04])}
{'img': array([[[ 0.        ,  0.37556319,  0.19358487, ...,  0.89224764,
          0.90149709,  0.66863006],
        [-0.37556319,  0.        , -0.18904503, ...,  0.99651645,
          0.99804279,  0.89895119],
        [-0.19358487,  0.18904503,  0.        , ...,  0.96278202,
          0.96822461,  0.79993072],
        ...,
        [-0.89224764, -0.99651645, -0.96278202, ...,  0.        ,
         -0.02091623,  0.36155358],
        [-0.90149709, -0.99804279, -0.96822461, ...,  0.02091623,
          0.        ,  0.38097576],
        [-0.66863006, -0.89895119, -0.79993072, ..., -0.36155358,
         -0.38097576,  0.        ]],

       [[ 0.        ,  0.46615783, -0.00771365, ...,  0.403065  ,
         -0.45635592,  0.28678262],
        [-0.46615783,  0.        , -0.47296825, ..., -0.07002205,
         -0.81852479, -0.19286015],
        [ 0.00771365,  0.47296825,  0.        , ...,  0.41011233,
         -0.44947875,  0.29416374],
        ...,
        [-0.403065  ,  0.07002205, -0.41011233, ...,  0.        ,
         -0.77629002, -0.12367929],
        [ 0.45635592,  0.81852479,  0.44947875, ...,  0.77629002,
          0.        ,  0.69236541],
        [-0.28678262,  0.19286015, -0.29416374, ...,  0.12367929,
         -0.69236541,  0.        ]],

       [[ 0.        ,  0.33175467,  0.35816851, ...,  0.34524845,
          0.49207968,  0.46228502],
        [-0.33175467,  0.        ,  0.02813883, ...,  0.63705106,
          0.75302018,  0.73028111],
        [-0.35816851, -0.02813883,  0.        , ...,  0.65848882,
          0.77123728,  0.74921489],
        ...,
        [-0.34524845, -0.63705106, -0.65848882, ...,  0.        ,
         -0.16126627, -0.12771709],
        [-0.49207968, -0.75302018, -0.77123728, ...,  0.16126627,
          0.        ,  0.0339002 ],
        [-0.46228502, -0.73028111, -0.74921489, ...,  0.12771709,
         -0.0339002 ,  0.        ]],

       ...,

       [[ 0.        ,  0.16620826,  0.21049637, ...,  0.34388978,
          0.26431222,  0.34963513],
        [-0.16620826,  0.        ,  0.0450842 , ...,  0.18303528,
          0.10033839,  0.18905375],
        [-0.21049637, -0.0450842 ,  0.        , ...,  0.1385266 ,
          0.05537968,  0.14459034],
        ...,
        [-0.34388978, -0.18303528, -0.1385266 , ...,  0.        ,
         -0.08346826,  0.00612539],
        [-0.26431222, -0.10033839, -0.05537968, ...,  0.08346826,
          0.        ,  0.08957071],
        [-0.34963513, -0.18905375, -0.14459034, ..., -0.00612539,
         -0.08957071,  0.        ]],

       [[ 0.        ,  0.25455187,  0.23365495, ...,  0.39204976,
          0.31946134,  0.        ],
        [-0.25455187,  0.        , -0.02154762, ...,  0.61330876,
          0.55015117,  0.25455187],
        [-0.23365495,  0.02154762,  0.        , ...,  0.59614713,
          0.53202978,  0.23365495],
        ...,
        [-0.39204976, -0.61330876, -0.59614713, ...,  0.        ,
          0.07761954,  0.39204976],
        [-0.31946134, -0.55015117, -0.53202978, ..., -0.07761954,
          0.        ,  0.31946134],
        [-0.        , -0.25455187, -0.23365495, ..., -0.39204976,
         -0.31946134,  0.        ]],

       [[ 0.        ,  0.40647941,  0.61673667, ...,  0.75923994,
          0.69581681,  0.62876356],
        [-0.40647941,  0.        ,  0.24351939, ...,  0.95822831,
          0.9276813 ,  0.89055306],
        [-0.61673667, -0.24351939,  0.        , ...,  0.99902945,
          0.99067798,  0.97451583],
        ...,
        [-0.75923994, -0.95822831, -0.99902945, ...,  0.        ,
          0.09245568,  0.18117623],
        [-0.69581681, -0.9276813 , -0.99067798, ..., -0.09245568,
          0.        ,  0.08947462],
        [-0.62876356, -0.89055306, -0.97451583, ..., -0.18117623,
         -0.08947462,  0.        ]]]), 'num': array([9.99987754e-01, 4.00331663e-03, 1.83085375e-05, 6.12913500e-04,
       6.17420217e-04, 6.06153425e-04, 2.38119148e-03, 1.12667923e-06,
       6.04350738e-04, 5.79648296e-04, 5.36965931e-04, 8.52506336e-07,
       6.46609900e-04, 5.12686691e-04])}
{'img': array([[[ 0.        , -0.18904503, -0.53499372, ...,  0.99804279,
          0.89895119,  0.88168399],
        [ 0.18904503,  0.        , -0.36563111, ...,  0.96822461,
          0.79993072,  0.77658675],
        [ 0.53499372,  0.36563111,  0.        , ...,  0.80974676,
          0.52513097,  0.49246439],
        ...,
        [-0.99804279, -0.96822461, -0.80974676, ...,  0.        ,
          0.38097576,  0.41578099],
        [-0.89895119, -0.79993072, -0.52513097, ..., -0.38097576,
          0.        ,  0.03794085],
        [-0.88168399, -0.77658675, -0.49246439, ..., -0.41578099,
         -0.03794085,  0.        ]],

       [[ 0.        , -0.47296825, -0.06439209, ..., -0.81852479,
         -0.19286015, -0.4430717 ],
