state_0,state_1,state_2,state_3,state_4,state_5,state_6,state_7,state_8,state_9,state_10,state_11,state_12,state_13,state_14,state_15,state_16,state_17,state_18,state_19,state_20,state_21,state_22,state_23,state_24,state_25,state_26,state_27,state_28,state_29,state_30,state_31,state_32,state_33,state_34,state_35,state_36,state_37,state_38,state_39,state_40,state_41,state_42,state_43,state_44,state_45,state_46,state_47,state_48,state_49,state_50,state_51,state_52,state_53,state_54,state_55,state_56,state_57,state_58,state_59,state_60,state_61,state_62,state_63,state_64,state_65,state_66,state_67,state_68,state_69,state_70,state_71,state_72,state_73,state_74,state_75,state_76,state_77,state_78,state_79,state_80,state_81,state_82,state_83,state_84,state_85,state_86,state_87,state_88,state_89,state_90,state_91,state_92,state_93,state_94,state_95,state_96,state_97,state_98,state_99,state_100,state_101,state_102,state_103,state_104,state_105,state_106,state_107,state_108,state_109,state_110,state_111,state_112,state_113,state_114,state_115,state_116,state_117,state_118,state_119,state_120,state_121,state_122,state_123,state_124,state_125,state_126,state_127,state_128,state_129,state_130,state_131,state_132,state_133,state_134,state_135,state_136,state_137,state_138,state_139,state_140,state_141,state_142,state_143,state_144,state_145,state_146,state_147,state_148,state_149,state_150,state_151,state_152,state_153,state_154,state_155,state_156,state_157,state_158,state_159,state_160,state_161,state_162,state_163,state_164,state_165,state_166,state_167,state_168,state_169,state_170,state_171,state_172,state_173,state_174,state_175,state_176,state_177,state_178,state_179,state_180,state_181,state_182,state_183,state_184,state_185,state_186,state_187,state_188,state_189,state_190,state_191,state_192,state_193,state_194,state_195,state_196,state_197,state_198,state_199,state_200,state_201,state_202,state_203,state_204,state_205,state_206,state_207,state_208,state_209,state_210,state_211,state_212,state_213,state_214,state_215,state_216,state_217,state_218,state_219,state_220,state_221,state_222,state_223,state_224,state_225,state_226,state_227,state_228,state_229,state_230,state_231,state_232,state_233,state_234,state_235,state_236,state_237,state_238,state_239,state_240,state_241,state_242,state_243,state_244,state_245,state_246,state_247,state_248,state_249,state_250,state_251,state_252,state_253,state_254,state_255,state_256,state_257,state_258,state_259,state_260,state_261,state_262,state_263,state_264,state_265,state_266,state_267,state_268,state_269,state_270,state_271,state_272,state_273,state_274,state_275,state_276,state_277,state_278,state_279,state_280,state_281,state_282,state_283,state_284,state_285,state_286,state_287
{'img': array([[[ 0.00000000e+00,  8.04325534e-03, -1.36000178e-01, ...,
          9.74638613e-01,  9.92035168e-01,  5.37163312e-01],
        [-8.04325534e-03,  0.00000000e+00, -1.43964302e-01, ...,
          9.72807129e-01,  9.93016216e-01,  5.43930247e-01],
        [ 1.36000178e-01,  1.43964302e-01,  0.00000000e+00, ...,
          9.96017817e-01,  9.65687237e-01,  4.17459234e-01],
        ...,
        [-9.74638613e-01, -9.72807129e-01, -9.96017817e-01, ...,
          0.00000000e+00,  3.44768908e-01,  9.42295392e-01],
        [-9.92035168e-01, -9.93016216e-01, -9.65687237e-01, ...,
         -3.44768908e-01,  0.00000000e+00,  7.69098360e-01],
        [-5.37163312e-01, -5.43930247e-01, -4.17459234e-01, ...,
         -9.42295392e-01, -7.69098360e-01,  0.00000000e+00]],

       [[ 0.00000000e+00, -2.66835414e-01, -3.43326857e-02, ...,
         -3.45347224e-02,  8.41095976e-01,  5.52533422e-01],
        [ 2.66835414e-01,  0.00000000e+00,  2.33590249e-01, ...,
          2.33393680e-01,  9.54927128e-01,  3.10094881e-01],
        [ 3.43326857e-02, -2.33590249e-01,  0.00000000e+00, ...,
         -2.02156613e-04,  8.59170182e-01,  5.23591706e-01],
        ...,
        [ 3.45347224e-02, -2.33393680e-01,  2.02156613e-04, ...,
          0.00000000e+00,  8.59273606e-01,  5.23419464e-01],
        [-8.41095976e-01, -9.54927128e-01, -8.59170182e-01, ...,
         -8.59273606e-01,  0.00000000e+00,  9.99903248e-01],
        [-5.52533422e-01, -3.10094881e-01, -5.23591706e-01, ...,
         -5.23419464e-01, -9.99903248e-01,  0.00000000e+00]],

       [[ 0.00000000e+00, -8.24474434e-02, -1.77888956e-01, ...,
          9.97040432e-01,  9.78203921e-01,  6.37870475e-01],
        [ 8.24474434e-02,  0.00000000e+00, -9.61508638e-02, ...,
          9.87307448e-01,  9.57753615e-01,  5.72202414e-01],
        [ 1.77888956e-01,  9.61508638e-02,  0.00000000e+00, ...,
          9.67462284e-01,  9.25664096e-01,  4.90696751e-01],
        ...,
        [-9.97040432e-01, -9.87307448e-01, -9.67462284e-01, ...,
          0.00000000e+00,  1.31828693e-01,  7.18825542e-01],
        [-9.78203921e-01, -9.57753615e-01, -9.25664096e-01, ...,
         -1.31828693e-01,  0.00000000e+00,  6.20905946e-01],
        [-6.37870475e-01, -5.72202414e-01, -4.90696751e-01, ...,
         -7.18825542e-01, -6.20905946e-01,  0.00000000e+00]],

       ...,

       [[ 0.00000000e+00, -4.53136688e-01, -6.42451871e-01, ...,
          5.66868138e-01,  7.38877315e-01,  8.76911262e-01],
        [ 4.53136688e-01,  0.00000000e+00, -2.25457526e-01, ...,
          8.78627402e-01,  9.64007183e-01,  9.99515888e-01],
        [ 6.42451871e-01,  2.25457526e-01,  0.00000000e+00, ...,
          9.63663152e-01,  9.99130677e-01,  9.80795904e-01],
        ...,
        [-5.66868138e-01, -8.78627402e-01, -9.63663152e-01, ...,
          0.00000000e+00,  2.26715030e-01,  4.49940510e-01],
        [-7.38877315e-01, -9.64007183e-01, -9.99130677e-01, ...,
         -2.26715030e-01,  0.00000000e+00,  2.35754779e-01],
        [-8.76911262e-01, -9.99515888e-01, -9.80795904e-01, ...,
         -4.49940510e-01, -2.35754779e-01,  0.00000000e+00]],

       [[ 0.00000000e+00, -9.35066435e-02, -2.36915386e-01, ...,
          9.92774142e-01,  9.68785242e-01,  6.02549329e-01],
        [ 9.35066435e-02,  0.00000000e+00, -1.45032842e-01, ...,
          9.77203853e-01,  9.41360223e-01,  5.25283417e-01],
        [ 2.36915386e-01,  1.45032842e-01,  0.00000000e+00, ...,
          9.36080791e-01,  8.82472524e-01,  3.96317102e-01],
        ...,
        [-9.92774142e-01, -9.77203853e-01, -9.36080791e-01, ...,
          0.00000000e+00,  1.29857977e-01,  7.20010144e-01],
        [-9.68785242e-01, -9.41360223e-01, -8.82472524e-01, ...,
         -1.29857977e-01,  0.00000000e+00,  6.23796832e-01],
        [-6.02549329e-01, -5.25283417e-01, -3.96317102e-01, ...,
         -7.20010144e-01, -6.23796832e-01,  0.00000000e+00]],

       [[ 0.00000000e+00,  5.07556659e-01,  6.96277054e-01, ...,
          1.29085046e-01,  0.00000000e+00,  4.12958054e-01],
        [-5.07556659e-01,  0.00000000e+00,  2.35614578e-01, ...,
          6.14532248e-01,  5.07556659e-01,  8.18069501e-01],
        [-6.96277054e-01, -2.35614578e-01,  0.00000000e+00, ...,
          7.83105448e-01,  6.96277054e-01,  9.30544553e-01],
        ...,
        [-1.29085046e-01, -6.14532248e-01, -7.83105448e-01, ...,
          0.00000000e+00,  1.29085046e-01, -2.91938840e-01],
        [-0.00000000e+00, -5.07556659e-01, -6.96277054e-01, ...,
         -1.29085046e-01,  0.00000000e+00, -4.12958054e-01],
        [-4.12958054e-01, -8.18069501e-01, -9.30544553e-01, ...,
          2.91938840e-01,  4.12958054e-01,  0.00000000e+00]]]), 'num': array([9.99923914e-01, 1.17304233e-03, 7.87658416e-06, 3.60559882e-03,
       3.71080951e-03, 3.46910927e-03, 7.94735968e-03, 3.98094506e-05,
       3.35366186e-03, 3.14835884e-03, 2.75031173e-03, 2.16297117e-06,
       3.51875486e-03, 2.77796282e-03])}
{'img': array([[[ 0.        , -0.14169867,  0.31893695, ...,  0.9978472 ,
          0.79057876,  0.53652904],
        [ 0.14169867,  0.        ,  0.45001741, ...,  0.9784859 ,
          0.69583104,  0.41153844],
        [-0.31893695, -0.45001741,  0.        , ...,  0.96665202,
          0.94459587,  0.77765442],
        ...,
        [-0.9978472 , -0.9784859 , -0.96665202, ...,  0.        ,
          0.55919449,  0.8068786 ],
        [-0.79057876, -0.69583104, -0.94459587, ..., -0.55919449,
          0.        ,  0.33860595],
        [-0.53652904, -0.41153844, -0.77765442, ..., -0.8068786 ,
         -0.33860595,  0.        ]],

       [[ 0.        ,  0.23359025,  0.86854482, ...,  0.95492713,
          0.31009488,  0.84106006],
        [-0.23359025,  0.        ,  0.72874683, ...,  0.85917018,
          0.52359171,  0.69143352],
        [-0.86854482, -0.72874683,  0.        , ...,  0.2154529 ,
          0.97941676, -0.05299386],
        ...,
        [-0.95492713, -0.85917018, -0.2154529 , ...,  0.        ,
          0.99990325, -0.26689941],
        [-0.31009488, -0.52359171, -0.97941676, ..., -0.99990325,
          0.        , -0.96734379],
        [-0.84106006, -0.69143352,  0.05299386, ...,  0.26689941,
          0.96734379,  0.        ]],

       [[ 0.        , -0.09014835, -0.04447368, ...,  0.99880834,
          0.95160567,  0.54189963],
        [ 0.09014835,  0.        ,  0.04576655, ...,  0.99034187,
          0.92002652,  0.46392864],
        [ 0.04447368, -0.04576655,  0.        , ...,  0.99564955,
          0.93699638,  0.50398585],
        ...,
        [-0.99880834, -0.99034187, -0.99564955, ...,  0.        ,
          0.26051265,  0.81299443],
        [-0.95160567, -0.92002652, -0.93699638, ..., -0.26051265,
          0.        ,  0.633233  ],
        [-0.54189963, -0.46392864, -0.50398585, ..., -0.81299443,
         -0.633233  ,  0.        ]],

       ...,

       [[ 0.        , -0.22545753,  0.61844412, ...,  0.96400718,
          0.99951589,  0.99717004],
        [ 0.22545753,  0.        ,  0.77969205, ...,  0.99913068,
          0.9807959 ,  0.95454618],
        [-0.61844412, -0.77969205,  0.        , ...,  0.59311502,
          0.76620699,  0.83009906],
        ...,
        [-0.96400718, -0.99913068, -0.59311502, ...,  0.        ,
          0.23575478,  0.33759707],
        [-0.99951589, -0.9807959 , -0.76620699, ..., -0.23575478,
          0.        ,  0.1061673 ],
        [-0.99717004, -0.95454618, -0.83009906, ..., -0.33759707,
         -0.1061673 ,  0.        ]],

       [[ 0.        , -0.13782428, -0.13184379, ...,  0.9904335 ,
          0.91042119,  0.50225826],
        [ 0.13782428,  0.        ,  0.00603559, ...,  0.96196299,
          0.84471726,  0.37828597],
        [ 0.13184379, -0.00603559,  0.        , ...,  0.96359427,
          0.8479322 ,  0.38386615],
        ...,
        [-0.9904335 , -0.96196299, -0.96359427, ...,  0.        ,
          0.28409522,  0.78713827],
        [-0.91042119, -0.84471726, -0.8479322 , ..., -0.28409522,
          0.        ,  0.5794818 ],
        [-0.50225826, -0.37828597, -0.38386615, ..., -0.78713827,
         -0.5794818 ,  0.        ]],

       [[ 0.        ,  0.34844535,  0.43752185, ...,  0.26218255,
          0.64638143,  0.76353554],
        [-0.34844535,  0.        ,  0.09677719, ...,  0.58200747,
          0.87174096,  0.94069817],
        [-0.43752185, -0.09677719,  0.        , ...,  0.65797318,
          0.9150667 ,  0.96911375],
        ...,
        [-0.26218255, -0.58200747, -0.65797318, ...,  0.        ,
         -0.42372083, -0.56751725],
        [-0.64638143, -0.87174096, -0.9150667 , ...,  0.42372083,
          0.        , -0.16517763],
        [-0.76353554, -0.94069817, -0.96911375, ...,  0.56751725,
          0.16517763,  0.        ]]]), 'num': array([7.53021681e-01, 6.57962774e-01, 7.40334163e-07, 2.11242015e-03,
       2.19138912e-03, 2.07458084e-03, 3.59261137e-03, 2.63229925e-05,
       1.99988935e-03, 1.84121106e-03, 1.60367348e-03, 1.24089533e-06,
       2.08453256e-03, 1.59788957e-03])}
{'img': array([[[ 0.        ,  0.44231646,  0.21785087, ...,  0.79385422,
          0.70360263,  0.40506991],
        [-0.44231646,  0.        , -0.23631141, ...,  0.98095157,
          0.94533965,  0.76769423],
        [-0.21785087,  0.23631141,  0.        , ...,  0.90726436,
          0.841507  ,  0.5945189 ],
        ...,
        [-0.79385422, -0.98095157, -0.90726436, ...,  0.        ,
          0.13624129,  0.47948327],
        [-0.70360263, -0.94533965, -0.841507  , ..., -0.13624129,
          0.        ,  0.35545373],
        [-0.40506991, -0.76769423, -0.5945189 , ..., -0.47948327,
         -0.35545373,  0.        ]],

       [[ 0.        ,  0.72874683,  0.17055801, ...,  0.52359171,
          0.69143352,  0.52571989],
        [-0.72874683,  0.        , -0.6012737 , ...,  0.97941676,
         -0.05299386, -0.25990998],
        [-0.17055801,  0.6012737 ,  0.        , ...,  0.66123004,
          0.55808444,  0.37293035],
        ...,
        [-0.52359171, -0.97941676, -0.66123004, ...,  0.        ,
         -0.96734379, -0.89329456],
        [-0.69143352,  0.05299386, -0.55808444, ...,  0.96734379,
          0.        , -0.20837216],
        [-0.52571989,  0.25990998, -0.37293035, ...,  0.89329456,
          0.20837216,  0.        ]],

       [[ 0.        ,  0.04350064,  0.01122606, ...,  0.98017615,
          0.87856598,  0.44350092],
        [-0.04350064,  0.        , -0.03228246, ...,  0.98786701,
          0.89851114,  0.48206959],
        [-0.01122606,  0.03228246,  0.        , ...,  0.98233858,
          0.88387242,  0.4535346 ],
        ...,
        [-0.98017615, -0.98786701, -0.98233858, ...,  0.        ,
          0.29408418,  0.79063636],
        [-0.87856598, -0.89851114, -0.88387242, ..., -0.29408418,
          0.        ,  0.57561041],
        [-0.44350092, -0.48206959, -0.4535346 , ..., -0.79063636,
         -0.57561041,  0.        ]],

       ...,

       [[ 0.        ,  0.77969205,  0.42245517, ...,  0.9807959 ,
          0.95454618,  0.96331527],
        [-0.77969205,  0.        , -0.44217439, ...,  0.76620699,
          0.83009906,  0.81244028],
        [-0.42245517,  0.44217439,  0.        , ...,  0.97137189,
          0.99110349,  0.98650864],
        ...,
        [-0.9807959 , -0.76620699, -0.97137189, ...,  0.        ,
          0.1061673 ,  0.07533642],
        [-0.95454618, -0.83009906, -0.99110349, ..., -0.1061673 ,
          0.        , -0.03095495],
        [-0.96331527, -0.81244028, -0.98650864, ..., -0.07533642,
          0.03095495,  0.        ]],

       [[ 0.        ,  0.00577908, -0.04927373, ...,  0.93542908,
          0.81136661,  0.36334075],
        [-0.00577908,  0.        , -0.05504497, ...,  0.93745644,
          0.81473115,  0.36871881],
        [ 0.04927373,  0.05504497,  0.        , ...,  0.91687385,
          0.7815787 ,  0.31699322],
        ...,
        [-0.93542908, -0.93745644, -0.91687385, ...,  0.        ,
          0.25996369,  0.74305221],
        [-0.81136661, -0.81473115, -0.7815787 , ..., -0.25996369,
          0.        ,  0.54352849],
        [-0.36334075, -0.36871881, -0.31699322, ..., -0.74305221,
         -0.54352849,  0.        ]],

       [[ 0.        ,  0.09677719,  0.189138  , ...,  0.87174096,
          0.94069817,  0.96733771],
        [-0.09677719,  0.        ,  0.09321978, ...,  0.9150667 ,
          0.96911375,  0.98732926],
        [-0.189138  , -0.09321978,  0.        , ...,  0.94867787,
          0.98788311,  0.99782257],
        ...,
        [-0.87174096, -0.9150667 , -0.94867787, ...,  0.        ,
         -0.16517763, -0.25298501],
        [-0.94069817, -0.96911375, -0.98788311, ...,  0.16517763,
          0.        , -0.08970553],
        [-0.96733771, -0.98732926, -0.99782257, ...,  0.25298501,
          0.08970553,  0.        ]]]), 'num': array([ 7.52373202e-01,  6.58691343e-01,  7.41153943e-07,  2.08181908e-03,
        2.18228661e-03,  2.00935069e-03,  5.45596358e-03, -3.29401752e-05,
        2.05579634e-03,  1.86210811e-03,  1.61777436e-03,  1.12802944e-06,
        2.11795044e-03,  1.60626577e-03])}
{'img': array([[[ 0.        , -0.23631141, -0.24300804, ...,  0.94533965,
          0.76769423,  0.9586149 ],
        [ 0.23631141,  0.        , -0.00689761, ...,  0.841507  ,
          0.5945189 ,  0.86418514],
        [ 0.24300804,  0.00689761,  0.        , ...,  0.83776057,
          0.58895852,  0.86069389],
        ...,
        [-0.94533965, -0.841507  , -0.83776057, ...,  0.        ,
          0.35545373, -0.04344834],
        [-0.76769423, -0.5945189 , -0.58895852, ..., -0.35545373,
          0.        , -0.39572897],
        [-0.9586149 , -0.86418514, -0.86069389, ...,  0.04344834,
          0.39572897,  0.        ]],

       [[ 0.        , -0.6012737 , -0.62937423, ..., -0.05299386,
         -0.25990998,  0.11545143],
        [ 0.6012737 ,  0.        , -0.03564595, ...,  0.55808444,
          0.37293035,  0.68950374],
        [ 0.62937423,  0.03564595,  0.        , ...,  0.58730821,
          0.40576777,  0.71488327],
        ...,
        [ 0.05299386, -0.55808444, -0.58730821, ...,  0.        ,
         -0.20837216,  0.1679287 ],
        [ 0.25990998, -0.37293035, -0.40576777, ...,  0.20837216,
          0.        ,  0.36965569],
        [-0.11545143, -0.68950374, -0.71488327, ..., -0.1679287 ,
         -0.36965569,  0.        ]],

       [[ 0.        , -0.03096208, -0.00807501, ...,  0.96525134,
          0.86300786,  0.46458572],
        [ 0.03096208,  0.        ,  0.02288993, ...,  0.95669745,
          0.84695235,  0.43694519],
        [ 0.00807501, -0.02288993,  0.        , ...,  0.96310968,
          0.8589003 ,  0.45741993],
        ...,
        [-0.96525134, -0.95669745, -0.96310968, ...,  0.        ,
          0.26211178,  0.73335018],
        [-0.86300786, -0.84695235, -0.8589003 , ..., -0.26211178,
          0.        ,  0.52951346],
        [-0.46458572, -0.43694519, -0.45741993, ..., -0.73335018,
         -0.52951346,  0.        ]],

       ...,

       [[ 0.        , -0.44217439, -0.26999238, ...,  0.83009906,
          0.81244028,  0.6046056 ],
        [ 0.44217439,  0.        ,  0.1835891 , ...,  0.99110349,
          0.98650864,  0.89449131],
        [ 0.26999238, -0.1835891 ,  0.        , ...,  0.94982328,
          0.9396858 ,  0.79720771],
        ...,
        [-0.83009906, -0.99110349, -0.94982328, ...,  0.        ,
         -0.03095495, -0.32405692],
        [-0.81244028, -0.98650864, -0.9396858 , ...,  0.03095495,
          0.        , -0.29461708],
        [-0.6046056 , -0.89449131, -0.79720771, ...,  0.32405692,
          0.29461708,  0.        ]],

       [[ 0.        , -0.05364651, -0.04993104, ...,  0.88726965,
          0.72670636,  0.35993666],
        [ 0.05364651,  0.        ,  0.00372046, ...,  0.86124746,
          0.68880752,  0.3093674 ],
        [ 0.04993104, -0.00372046,  0.        , ...,  0.86313219,
          0.69149988,  0.3129032 ],
        ...,
        [-0.88726965, -0.86124746, -0.86313219, ...,  0.        ,
          0.27431422,  0.66178077],
        [-0.72670636, -0.68880752, -0.69149988, ..., -0.27431422,
          0.        ,  0.43074228],
        [-0.35993666, -0.3093674 , -0.3129032 , ..., -0.66178077,
         -0.43074228,  0.        ]],

       [[ 0.        ,  0.09321978,  0.08105089, ...,  0.96911375,
          0.98732926,  0.97555848],
        [-0.09321978,  0.        , -0.01221513, ...,  0.98788311,
          0.99782257,  0.99179457],
        [-0.08105089,  0.01221513,  0.        , ...,  0.98591363,
          0.99694247,  0.99015897],
        ...,
        [-0.96911375, -0.98788311, -0.98591363, ...,  0.        ,
         -0.08970553, -0.02763349],
        [-0.98732926, -0.99782257, -0.99694247, ...,  0.08970553,
          0.        ,  0.06214919],
        [-0.97555848, -0.99179457, -0.99015897, ...,  0.02763349,
         -0.06214919,  0.        ]]]), 'num': array([7.52990986e-01, 6.58000645e-01, 7.40376775e-07, 2.11089645e-03,
       2.13722096e-03, 2.02369652e-03, 2.97216853e-03, 3.12603527e-05,
       2.09049496e-03, 1.88088607e-03, 1.62707394e-03, 1.15992361e-06,
       2.14697365e-03, 1.61479848e-03])}
{'img': array([[[ 0.        , -0.00689761,  0.23631141, ...,  0.5945189 ,
          0.86418514,  0.66466754],
        [ 0.00689761,  0.        ,  0.24300804, ...,  0.58895852,
          0.86069389,  0.65949825],
        [-0.23631141, -0.24300804,  0.        , ...,  0.76769423,
          0.9586149 ,  0.82239994],
        ...,
        [-0.5945189 , -0.58895852, -0.76769423, ...,  0.        ,
         -0.39572897, -0.09025855],
        [-0.86418514, -0.86069389, -0.9586149 , ...,  0.39572897,
          0.        ,  0.31122324],
        [-0.66466754, -0.65949825, -0.82239994, ...,  0.09025855,
         -0.31122324,  0.        ]],

       [[ 0.        , -0.03564595,  0.3694301 , ...,  0.37293035,
          0.68950374,  0.23895295],
        [ 0.03564595,  0.        ,  0.40231962, ...,  0.40576777,
          0.71488327,  0.27341441],
        [-0.3694301 , -0.40231962,  0.        , ...,  0.00376954,
          0.3731556 , -0.13667907],
        ...,
        [-0.37293035, -0.40576777, -0.00376954, ...,  0.        ,
          0.36965569, -0.14041227],
        [-0.68950374, -0.71488327, -0.3731556 , ..., -0.36965569,
          0.        , -0.49646026],
        [-0.23895295, -0.27341441,  0.13667907, ...,  0.14041227,
          0.49646026,  0.        ]],

       [[ 0.        ,  0.02228516,  0.11460418, ...,  0.9140441 ,
          0.77679412,  0.4265435 ],
        [-0.02228516,  0.        ,  0.0924374 , ...,  0.92285629,
          0.79063539,  0.44659376],
        [-0.11460418, -0.0924374 ,  0.        , ...,  0.95450684,
          0.84384852,  0.52738881],
        ...,
        [-0.9140441 , -0.92285629, -0.95450684, ...,  0.        ,
          0.2605443 ,  0.65371041],
        [-0.77679412, -0.79063539, -0.84384852, ..., -0.2605443 ,
          0.        ,  0.43396695],
        [-0.4265435 , -0.44659376, -0.52738881, ..., -0.65371041,
         -0.43396695,  0.        ]],

       ...,

       [[ 0.        ,  0.1835891 ,  0.54526024, ...,  0.98650864,
          0.89449131,  0.927956  ],
        [-0.1835891 ,  0.        ,  0.38209584, ...,  0.9396858 ,
          0.79720771,  0.84376182],
        [-0.54526024, -0.38209584,  0.        , ...,  0.73769334,
          0.50604453,  0.57466182],
        ...,
        [-0.98650864, -0.9396858 , -0.73769334, ...,  0.        ,
         -0.29461708, -0.21574672],
        [-0.89449131, -0.79720771, -0.50604453, ...,  0.29461708,
          0.        ,  0.08150777],
        [-0.927956  , -0.84376182, -0.57466182, ...,  0.21574672,
         -0.08150777,  0.        ]],

       [[ 0.        ,  0.00363033,  0.03309677, ...,  0.80016408,
          0.67637487,  0.30222942],
        [-0.00363033,  0.        ,  0.02946821, ...,  0.80233621,
          0.67904436,  0.30568798],
        [-0.03309677, -0.02946821,  0.        , ...,  0.81957653,
          0.700382  ,  0.33361285],
        ...,
        [-0.80016408, -0.80233621, -0.81957653, ...,  0.        ,
          0.18368999,  0.58147307],
        [-0.67637487, -0.67904436, -0.700382  , ..., -0.18368999,
          0.        ,  0.42213499],
        [-0.30222942, -0.30568798, -0.33361285, ..., -0.58147307,
         -0.42213499,  0.        ]],

       [[ 0.        , -0.01221513,  0.00604798, ...,  0.99782257,
          0.99179457,  0.97210112],
        [ 0.01221513,  0.        ,  0.01826243, ...,  0.99694247,
          0.99015897,  0.96916339],
        [-0.00604798, -0.01826243,  0.        , ...,  0.99820322,
          0.99254962,  0.97350197],
        ...,
        [-0.99782257, -0.99694247, -0.99820322, ...,  0.        ,
          0.06214919,  0.16993609],
        [-0.99179457, -0.99015897, -0.99254962, ..., -0.06214919,
          0.        ,  0.10836235],
        [-0.97210112, -0.96916339, -0.97350197, ..., -0.16993609,
         -0.10836235,  0.        ]]]), 'num': array([ 9.54915825e-01,  2.96765201e-01,  5.27787188e-06,  2.65383316e-03,
        2.66660220e-03,  2.58785976e-03,  3.90319907e-03, -7.66142692e-05,
        2.70107862e-03,  2.45421042e-03,  2.11898753e-03,  1.31894249e-06,
        2.79776286e-03,  2.11065799e-03])}
{'img': array([[[ 0.        ,  0.24300804,  0.16768705, ...,  0.86069389,
          0.65949825,  0.92706795],
        [-0.24300804,  0.        , -0.07690661, ...,  0.9586149 ,
          0.82239994,  0.99038051],
        [-0.16768705,  0.07690661,  0.        , ...,  0.93388   ,
          0.77621131,  0.97680568],
        ...,
        [-0.86069389, -0.9586149 , -0.93388   , ...,  0.        ,
          0.31122324, -0.14932303],
        [-0.65949825, -0.82239994, -0.77621131, ..., -0.31122324,
          0.        , -0.44964113],
        [-0.92706795, -0.99038051, -0.97680568, ...,  0.14932303,
          0.44964113,  0.        ]],

       [[ 0.        ,  0.40231962,  0.06382581, ...,  0.71488327,
          0.27341441,  0.28371876],
        [-0.40231962,  0.        , -0.34306683, ...,  0.3731556 ,
         -0.13667907, -0.126043  ],
        [-0.06382581,  0.34306683,  0.        , ...,  0.66879585,
          0.21146312,  0.22193722],
        ...,
        [-0.71488327, -0.3731556 , -0.66879585, ...,  0.        ,
         -0.49646026, -0.48711836],
        [-0.27341441,  0.13667907, -0.21146312, ...,  0.49646026,
          0.        ,  0.01072889],
        [-0.28371876,  0.126043  , -0.22193722, ...,  0.48711836,
         -0.01072889,  0.        ]],

       [[ 0.        ,  0.0924374 ,  0.17505547, ...,  0.79063539,
          0.44659376,  0.5432432 ],
        [-0.0924374 ,  0.        ,  0.08329594, ...,  0.84384852,
          0.52738881,  0.61852547],
        [-0.17505547, -0.08329594,  0.        , ...,  0.88561108,
          0.59632629,  0.68182701],
        ...,
        [-0.79063539, -0.84384852, -0.88561108, ...,  0.        ,
          0.43396695,  0.33117713],
        [-0.44659376, -0.52738881, -0.59632629, ..., -0.43396695,
          0.        , -0.11111058],
        [-0.5432432 , -0.61852547, -0.68182701, ..., -0.33117713,
          0.11111058,  0.        ]],

       ...,

       [[ 0.        ,  0.38209584,  0.17748498, ...,  0.79720771,
          0.84376182,  0.62332381],
        [-0.38209584,  0.        , -0.2120116 , ...,  0.50604453,
          0.57466182,  0.27724255],
        [-0.17748498,  0.2120116 ,  0.        , ...,  0.67740226,
          0.7351065 ,  0.47464078],
        ...,
        [-0.79720771, -0.50604453, -0.67740226, ...,  0.        ,
          0.08150777, -0.24708382],
        [-0.84376182, -0.57466182, -0.7351065 , ..., -0.08150777,
          0.        , -0.32524225],
        [-0.62332381, -0.27724255, -0.47464078, ...,  0.24708382,
          0.32524225,  0.        ]],

       [[ 0.        ,  0.02911352, -0.00789617, ...,  0.74360393,
          0.57582676,  0.30218878],
        [-0.02911352,  0.        , -0.03700543, ...,  0.76275461,
          0.59938506,  0.32981309],
        [ 0.00789617,  0.03700543,  0.        , ...,  0.73830121,
          0.56935313,  0.29465235],
        ...,
        [-0.74360393, -0.76275461, -0.73830121, ...,  0.        ,
          0.22294005,  0.50678946],
        [-0.57582676, -0.59938506, -0.56935313, ..., -0.22294005,
          0.        ,  0.30184476],
        [-0.30218878, -0.32981309, -0.29465235, ..., -0.50678946,
         -0.30184476,  0.        ]],

       [[ 0.        ,  0.01826243,  0.02223165, ...,  0.99015897,
          0.96916339,  0.87517582],
        [-0.01826243,  0.        ,  0.00397002, ...,  0.99254962,
          0.97350197,  0.88386532],
        [-0.02223165, -0.00397002,  0.        , ...,  0.99302551,
          0.97440215,  0.8857153 ],
        ...,
        [-0.99015897, -0.99254962, -0.99302551, ...,  0.        ,
          0.10836235,  0.35656551],
        [-0.96916339, -0.97350197, -0.97440215, ..., -0.10836235,
          0.        ,  0.25322614],
        [-0.87517582, -0.88386532, -0.8857153 , ..., -0.35656551,
         -0.25322614,  0.        ]]]), 'num': array([9.92961817e-01, 1.18155008e-01, 7.01529117e-06, 2.75964293e-03,
       2.76628201e-03, 2.67997401e-03, 3.30159077e-03, 0.00000000e+00,
       2.79947739e-03, 2.57319552e-03, 2.21844752e-03, 1.35022575e-06,
       2.92703853e-03, 2.21935252e-03])}
{'img': array([[[ 0.        , -0.07690661, -0.06559885, ...,  0.82239994,
          0.99038051,  0.99038051],
        [ 0.07690661,  0.        ,  0.01133639, ...,  0.77621131,
          0.97680568,  0.97680568],
        [ 0.06559885, -0.01133639,  0.        , ...,  0.78330872,
          0.97917035,  0.97917035],
        ...,
        [-0.82239994, -0.77621131, -0.78330872, ...,  0.        ,
         -0.44964113, -0.44964113],
        [-0.99038051, -0.97680568, -0.97917035, ...,  0.44964113,
          0.        ,  0.        ],
        [-0.99038051, -0.97680568, -0.97917035, ...,  0.44964113,
          0.        ,  0.        ]],

       [[ 0.        , -0.34306683, -0.3558469 , ..., -0.13667907,
         -0.126043  , -0.2629391 ],
        [ 0.34306683,  0.        , -0.01363976, ...,  0.21146312,
          0.22193722,  0.08401355],
        [ 0.3558469 ,  0.01363976,  0.        , ...,  0.22477477,
          0.23521618,  0.09759728],
        ...,
        [ 0.13667907, -0.21146312, -0.22477477, ...,  0.        ,
          0.01072889, -0.12860185],
        [ 0.126043  , -0.22193722, -0.23521618, ..., -0.01072889,
          0.        , -0.13923425],
        [ 0.2629391 , -0.08401355, -0.09759728, ...,  0.12860185,
          0.13923425,  0.        ]],

       [[ 0.        ,  0.08329594,  0.0653262 , ...,  0.52738881,
          0.61852547,  0.70224941],
        [-0.08329594,  0.        , -0.01801883, ...,  0.59632629,
          0.68182701,  0.75910995],
        [-0.0653262 ,  0.01801883,  0.        , ...,  0.581765  ,
          0.6685353 ,  0.74725713],
        ...,
        [-0.52738881, -0.59632629, -0.581765  , ...,  0.        ,
         -0.11111058, -0.22118354],
        [-0.61852547, -0.68182701, -0.6685353 , ...,  0.11111058,
          0.        , -0.11145537],
        [-0.70224941, -0.75910995, -0.74725713, ...,  0.22118354,
          0.11145537,  0.        ]],

       ...,

       [[ 0.        , -0.2120116 , -0.15919614, ...,  0.57466182,
          0.27724255,  0.24267593],
        [ 0.2120116 ,  0.        ,  0.05373065, ...,  0.7351065 ,
          0.47464078,  0.44283325],
        [ 0.15919614, -0.05373065,  0.        , ...,  0.69761783,
          0.42666252,  0.39401844],
        ...,
        [-0.57466182, -0.7351065 , -0.69761783, ...,  0.        ,
         -0.32524225, -0.3588799 ],
        [-0.27724255, -0.47464078, -0.42666252, ...,  0.32524225,
          0.        , -0.03579203],
        [-0.24267593, -0.44283325, -0.39401844, ...,  0.3588799 ,
          0.03579203,  0.        ]],

       [[ 0.        , -0.03664552, -0.08474367, ...,  0.67763677,
          0.5717516 ,  0.32677198],
        [ 0.03664552,  0.        , -0.04817305, ...,  0.65023262,
          0.5413026 ,  0.29191869],
        [ 0.08474367,  0.04817305,  0.        , ...,  0.61287895,
          0.50016891,  0.24550499],
        ...,
        [-0.67763677, -0.65023262, -0.61287895, ...,  0.        ,
          0.13548708,  0.40012963],
        [-0.5717516 , -0.5413026 , -0.50016891, ..., -0.13548708,
          0.        ,  0.27227179],
        [-0.32677198, -0.29191869, -0.24550499, ..., -0.40012963,
         -0.27227179,  0.        ]],

       [[ 0.        ,  0.0038895 ,  0.01209888, ...,  0.99159079,
          0.95163609,  0.71923363],
        [-0.0038895 ,  0.        ,  0.00820957, ...,  0.99208664,
          0.95282386,  0.72193049],
        [-0.01209888, -0.00820957,  0.        , ...,  0.99308396,
          0.95528355,  0.7275869 ],
        ...,
        [-0.99159079, -0.99208664, -0.99308396, ...,  0.        ,
          0.18148995,  0.5958477 ],
        [-0.95163609, -0.95282386, -0.95528355, ..., -0.18148995,
          0.        ,  0.44019822],
        [-0.71923363, -0.72193049, -0.7275869 , ..., -0.5958477 ,
         -0.44019822,  0.        ]]]), 'num': array([9.93009560e-01, 1.17744755e-01, 6.99093295e-06, 2.76108771e-03,
       2.85812274e-03, 2.69933815e-03, 3.48518958e-03, 1.10267081e-05,
       2.77564297e-03, 2.58675546e-03, 2.22434432e-03, 1.53252554e-06,
       2.92917755e-03, 2.24433336e-03])}
{'img': array([[[ 0.00000000e+00,  1.13363910e-02,  1.69583749e-02, ...,
          9.76805683e-01,  9.76805683e-01,  9.67484116e-01],
        [-1.13363910e-02,  0.00000000e+00,  5.62252441e-03, ...,
          9.79170349e-01,  9.79170349e-01,  9.70289280e-01],
        [-1.69583749e-02, -5.62252441e-03,  0.00000000e+00, ...,
          9.80296472e-01,  9.80296472e-01,  9.71634300e-01],
        ...,
        [-9.76805683e-01, -9.79170349e-01, -9.80296472e-01, ...,
          0.00000000e+00,  0.00000000e+00,  3.99000841e-02],
        [-9.76805683e-01, -9.79170349e-01, -9.80296472e-01, ...,
          0.00000000e+00,  0.00000000e+00,  3.99000841e-02],
        [-9.67484116e-01, -9.70289280e-01, -9.71634300e-01, ...,
         -3.99000841e-02, -3.99000841e-02,  0.00000000e+00]],

       [[ 0.00000000e+00, -1.36397645e-02, -3.04127420e-01, ...,
          2.21937221e-01,  8.40135547e-02,  1.21451824e-01],
        [ 1.36397645e-02,  0.00000000e+00, -2.91105461e-01, ...,
          2.35216177e-01,  9.75972819e-02,  1.34979319e-01],
        [ 3.04127420e-01,  2.91105461e-01,  0.00000000e+00, ...,
          5.07967131e-01,  3.83086159e-01,  4.17574881e-01],
        ...,
        [-2.21937221e-01, -2.35216177e-01, -5.07967131e-01, ...,
          0.00000000e+00, -1.39234250e-01, -1.01871361e-01],
        [-8.40135547e-02, -9.75972819e-02, -3.83086159e-01, ...,
          1.39234250e-01,  0.00000000e+00,  3.76308145e-02],
        [-1.21451824e-01, -1.34979319e-01, -4.17574881e-01, ...,
          1.01871361e-01, -3.76308145e-02,  0.00000000e+00]],

       [[ 0.00000000e+00, -1.80188253e-02,  2.48029287e-02, ...,
          6.81827010e-01,  7.59109949e-01,  8.22719393e-01],
        [ 1.80188253e-02,  0.00000000e+00,  4.28121839e-02, ...,
          6.68535300e-01,  7.47257128e-01,  8.12343063e-01],
        [-2.48029287e-02, -4.28121839e-02,  0.00000000e+00, ...,
          6.99760928e-01,  7.75022191e-01,  8.36565460e-01],
        ...,
        [-6.81827010e-01, -6.68535300e-01, -6.99760928e-01, ...,
          0.00000000e+00, -1.11455372e-01, -2.14247300e-01],
        [-7.59109949e-01, -7.47257128e-01, -7.75022191e-01, ...,
          1.11455372e-01,  0.00000000e+00, -1.04045103e-01],
        [-8.22719393e-01, -8.12343063e-01, -8.36565460e-01, ...,
          2.14247300e-01,  1.04045103e-01,  0.00000000e+00]],

       ...,

       [[ 0.00000000e+00,  5.37306517e-02, -1.45318883e-01, ...,
          4.74640780e-01,  4.42833245e-01,  7.06480506e-01],
        [-5.37306517e-02,  0.00000000e+00, -1.98269259e-01, ...,
          4.26662521e-01,  3.94018440e-01,  6.67433042e-01],
        [ 1.45318883e-01,  1.98269259e-01,  0.00000000e+00, ...,
          5.97509123e-01,  5.68426004e-01,  8.01828021e-01],
        ...,
        [-4.74640780e-01, -4.26662521e-01, -5.97509123e-01, ...,
          0.00000000e+00, -3.57920283e-02,  2.85911023e-01],
        [-4.42833245e-01, -3.94018440e-01, -5.68426004e-01, ...,
          3.57920283e-02,  0.00000000e+00,  3.20025761e-01],
        [-7.06480506e-01, -6.67433042e-01, -8.01828021e-01, ...,
         -2.85911023e-01, -3.20025761e-01,  0.00000000e+00]],

       [[ 0.00000000e+00, -4.78537028e-02, -5.56177564e-02, ...,
          6.06680391e-01,  4.99202003e-01,  2.90059312e-01],
        [ 4.78537028e-02,  0.00000000e+00, -7.77440648e-03, ...,
          5.67944249e-01,  4.57165549e-01,  2.43930599e-01],
        [ 5.56177564e-02,  7.77440648e-03,  0.00000000e+00, ...,
          5.61528227e-01,  4.50237319e-01,  2.36383664e-01],
        ...,
        [-6.06680391e-01, -5.67944249e-01, -5.61528227e-01, ...,
          0.00000000e+00,  1.28841285e-01,  3.50016949e-01],
        [-4.99202003e-01, -4.57165549e-01, -4.50237319e-01, ...,
         -1.28841285e-01,  0.00000000e+00,  2.26408417e-01],
        [-2.90059312e-01, -2.43930599e-01, -2.36383664e-01, ...,
         -3.50016949e-01, -2.26408417e-01,  0.00000000e+00]],

       [[ 0.00000000e+00,  7.89676471e-03,  7.91006100e-03, ...,
          9.93911184e-01,  9.60825638e-01,  7.02543934e-01],
        [-7.89676471e-03,  0.00000000e+00,  1.32967048e-05, ...,
          9.94750292e-01,  9.62984296e-01,  7.08141685e-01],
        [-7.91006100e-03, -1.32967048e-05,  0.00000000e+00, ...,
          9.94751653e-01,  9.62987880e-01,  7.08151074e-01],
        ...,
        [-9.93911184e-01, -9.94750292e-01, -9.94751653e-01, ...,
          0.00000000e+00,  1.69598210e-01,  6.29898082e-01],
        [-9.60825638e-01, -9.62984296e-01, -9.62987880e-01, ...,
         -1.69598210e-01,  0.00000000e+00,  4.89049766e-01],
        [-7.02543934e-01, -7.08141685e-01, -7.08151074e-01, ...,
         -6.29898082e-01, -4.89049766e-01,  0.00000000e+00]]]), 'num': array([ 9.98842480e-01,  4.70773324e-02,  7.75053051e-06,  2.77482550e-03,
        2.92396107e-03,  2.72963290e-03,  6.23617176e-03, -5.42311173e-05,
        2.82770084e-03,  2.66771905e-03,  2.29265814e-03,  1.52711251e-06,
        3.00712839e-03,  2.32830970e-03])}
{'img': array([[[ 0.00000000e+00,  5.62252441e-03,  1.12356414e-01, ...,
          9.79170349e-01,  9.70289280e-01,  9.97445394e-01],
        [-5.62252441e-03,  0.00000000e+00,  1.06767716e-01, ...,
          9.80296472e-01,  9.71634300e-01,  9.97831262e-01],
        [-1.12356414e-01, -1.06767716e-01,  0.00000000e+00, ...,
          9.95783112e-01,  9.91329761e-01,  9.99155506e-01],
        ...,
        [-9.79170349e-01, -9.80296472e-01, -9.95783112e-01, ...,
          0.00000000e+00,  3.99000841e-02, -1.32576603e-01],
        [-9.70289280e-01, -9.71634300e-01, -9.91329761e-01, ...,
         -3.99000841e-02,  0.00000000e+00, -1.72018905e-01],
        [-9.97445394e-01, -9.97831262e-01, -9.99155506e-01, ...,
          1.32576603e-01,  1.72018905e-01,  0.00000000e+00]],

       [[ 0.00000000e+00, -2.91105461e-01, -8.12689427e-02, ...,
          9.75972819e-02,  1.34979319e-01,  5.36138079e-01],
        [ 2.91105461e-01,  0.00000000e+00,  2.12393281e-01, ...,
          3.83086159e-01,  4.17574881e-01,  7.58649398e-01],
        [ 8.12689427e-02, -2.12393281e-01,  0.00000000e+00, ...,
          1.78155414e-01,  2.15058039e-01,  6.02966223e-01],
        ...,
        [-9.75972819e-02, -3.83086159e-01, -1.78155414e-01, ...,
          0.00000000e+00,  3.76308145e-02,  4.51193727e-01],
        [-1.34979319e-01, -4.17574881e-01, -2.15058039e-01, ...,
         -3.76308145e-02,  0.00000000e+00,  4.17291433e-01],
        [-5.36138079e-01, -7.58649398e-01, -6.02966223e-01, ...,
         -4.51193727e-01, -4.17291433e-01,  0.00000000e+00]],

       [[ 0.00000000e+00,  4.28121839e-02,  1.11413884e-01, ...,
          7.47257128e-01,  8.12343063e-01,  8.60363578e-01],
        [-4.28121839e-02,  0.00000000e+00,  6.87660939e-02, ...,
          7.75022191e-01,  8.36565460e-01,  8.81395291e-01],
        [-1.11413884e-01, -6.87660939e-02,  0.00000000e+00, ...,
          8.16643201e-01,  8.72259823e-01,  9.11792551e-01],
        ...,
        [-7.47257128e-01, -7.75022191e-01, -8.16643201e-01, ...,
          0.00000000e+00, -1.04045103e-01, -1.90879115e-01],
        [-8.12343063e-01, -8.36565460e-01, -8.72259823e-01, ...,
          1.04045103e-01,  0.00000000e+00, -8.77110511e-02],
        [-8.60363578e-01, -8.81395291e-01, -9.11792551e-01, ...,
          1.90879115e-01,  8.77110511e-02,  0.00000000e+00]],

       ...,

       [[ 0.00000000e+00, -1.98269259e-01,  1.41259495e-01, ...,
          3.94018440e-01,  6.67433042e-01,  6.08807477e-01],
        [ 1.98269259e-01,  0.00000000e+00,  3.34736288e-01, ...,
          5.68426004e-01,  8.01828021e-01,  7.54011755e-01],
        [-1.41259495e-01, -3.34736288e-01,  0.00000000e+00, ...,
          2.60235501e-01,  5.55548744e-01,  4.90639023e-01],
        ...,
        [-3.94018440e-01, -5.68426004e-01, -2.60235501e-01, ...,
          0.00000000e+00,  3.20025761e-01,  2.46974573e-01],
        [-6.67433042e-01, -8.01828021e-01, -5.55548744e-01, ...,
         -3.20025761e-01,  0.00000000e+00, -7.61260961e-02],
        [-6.08807477e-01, -7.54011755e-01, -4.90639023e-01, ...,
