state_0,state_1,state_2,state_3,state_4,state_5,state_6,state_7,state_8,state_9,state_10,state_11,state_12,state_13,state_14,state_15,state_16,state_17,state_18,state_19,state_20,state_21,state_22,state_23,state_24,state_25,state_26,state_27,state_28,state_29,state_30,state_31,state_32,state_33,state_34,state_35,state_36,state_37,state_38,state_39,state_40,state_41,state_42,state_43,state_44,state_45,state_46,state_47,state_48,state_49,state_50,state_51,state_52,state_53,state_54,state_55,state_56,state_57,state_58,state_59,state_60,state_61,state_62,state_63,state_64,state_65,state_66,state_67,state_68,state_69,state_70,state_71,state_72,state_73,state_74,state_75,state_76,state_77,state_78,state_79,state_80,state_81,state_82,state_83,state_84,state_85,state_86,state_87,state_88,state_89,state_90,state_91,state_92,state_93,state_94,state_95,state_96,state_97,state_98,state_99,state_100,state_101,state_102,state_103,state_104,state_105,state_106,state_107,state_108,state_109,state_110,state_111,state_112,state_113,state_114,state_115,state_116,state_117,state_118,state_119,state_120,state_121,state_122,state_123,state_124,state_125,state_126,state_127,state_128,state_129,state_130,state_131,state_132,state_133,state_134,state_135,state_136,state_137,state_138,state_139,state_140,state_141,state_142,state_143,state_144,state_145,state_146,state_147,state_148,state_149,state_150,state_151,state_152,state_153,state_154,state_155,state_156,state_157,state_158,state_159,state_160,state_161,state_162,state_163,state_164,state_165,state_166,state_167,state_168,state_169,state_170,state_171,state_172,state_173,state_174,state_175,state_176,state_177,state_178,state_179,state_180,state_181,state_182,state_183,state_184,state_185,state_186,state_187,state_188,state_189,state_190,state_191,state_192,state_193,state_194,state_195,state_196,state_197,state_198,state_199,state_200,state_201,state_202,state_203,state_204,state_205,state_206,state_207,state_208,state_209,state_210,state_211,state_212,state_213,state_214,state_215,state_216,state_217,state_218,state_219,state_220,state_221,state_222,state_223,state_224,state_225,state_226,state_227,state_228,state_229,state_230,state_231,state_232,state_233,state_234,state_235,state_236,state_237,state_238,state_239,state_240,state_241,state_242,state_243,state_244,state_245,state_246,state_247,state_248,state_249,state_250,state_251,state_252,state_253,state_254,state_255,state_256,state_257,state_258,state_259,state_260,state_261,state_262,state_263,state_264,state_265,state_266,state_267,state_268,state_269,state_270,state_271,state_272,state_273,state_274,state_275,state_276,state_277,state_278,state_279,state_280,state_281,state_282,state_283,state_284,state_285,state_286,state_287
{'img': array([[[ 0.        , -0.18182882, -0.657051  , ..., -0.06865612,
         -0.06865612,  0.12867316],
        [ 0.18182882,  0.        , -0.50902715, ...,  0.11388813,
          0.11388813,  0.30684549],
        [ 0.657051  ,  0.50902715,  0.        , ...,  0.60374446,
          0.60374446,  0.74858874],
        ...,
        [ 0.06865612, -0.11388813, -0.60374446, ...,  0.        ,
          0.        ,  0.19645493],
        [ 0.06865612, -0.11388813, -0.60374446, ...,  0.        ,
          0.        ,  0.19645493],
        [-0.12867316, -0.30684549, -0.74858874, ..., -0.19645493,
         -0.19645493,  0.        ]],

       [[ 0.        ,  0.30242724,  0.99954314, ...,  0.13975869,
         -0.18126457, -0.1152262 ],
        [-0.30242724,  0.        ,  0.94359635, ..., -0.16624496,
         -0.47019374, -0.4102433 ],
        [-0.99954314, -0.94359635,  0.        , ..., -0.98550911,
         -0.98846367, -0.99636809],
        ...,
        [-0.13975869,  0.16624496,  0.98550911, ...,  0.        ,
         -0.31692906, -0.25292312],
        [ 0.18126457,  0.47019374,  0.98846367, ...,  0.31692906,
          0.        ,  0.06673981],
        [ 0.1152262 ,  0.4102433 ,  0.99636809, ...,  0.25292312,
         -0.06673981,  0.        ]],

       [[ 0.        , -0.1421408 , -0.42233443, ..., -0.47921462,
         -0.49024309, -0.4184369 ],
        [ 0.1421408 ,  0.        , -0.28920412, ..., -0.34959224,
         -0.36137749, -0.28508948],
        [ 0.42233443,  0.28920412,  0.        , ..., -0.06369736,
         -0.07627532,  0.00429553],
        ...,
        [ 0.47921462,  0.34959224,  0.06369736, ...,  0.        ,
         -0.01260862,  0.06798358],
        [ 0.49024309,  0.36137749,  0.07627532, ...,  0.01260862,
          0.        ,  0.08055763],
        [ 0.4184369 ,  0.28508948, -0.00429553, ..., -0.06798358,
         -0.08055763,  0.        ]],

       ...,

       [[ 0.        , -0.88217084, -0.99956396, ..., -0.23259691,
         -0.24897958, -0.23259691],
        [ 0.88217084,  0.        , -0.44467574, ...,  0.74843899,
          0.73713834,  0.74843899],
        [ 0.99956396,  0.44467574,  0.        , ...,  0.96528111,
          0.96073465,  0.96528111],
        ...,
        [ 0.23259691, -0.74843899, -0.96528111, ...,  0.        ,
         -0.01687873,  0.        ],
        [ 0.24897958, -0.73713834, -0.96073465, ...,  0.01687873,
          0.        ,  0.01687873],
        [ 0.23259691, -0.74843899, -0.96528111, ...,  0.        ,
         -0.01687873,  0.        ]],

       [[ 0.        , -0.04043487,  0.06433361, ..., -0.21141813,
         -0.23155142, -0.29016923],
        [ 0.04043487,  0.        ,  0.10463211, ..., -0.17172435,
         -0.19202609, -0.25123674],
        [-0.06433361, -0.10463211,  0.        , ..., -0.27385956,
         -0.29365694, -0.3511338 ],
        ...,
        [ 0.21141813,  0.17172435,  0.27385956, ...,  0.        ,
         -0.02064502, -0.08128822],
        [ 0.23155142,  0.19202609,  0.29365694, ...,  0.02064502,
          0.        , -0.0606942 ],
        [ 0.29016923,  0.25123674,  0.3511338 , ...,  0.08128822,
          0.0606942 ,  0.        ]],

       [[ 0.        , -0.36296612, -0.73166752, ..., -0.70105403,
         -0.72166922, -0.70979644],
        [ 0.36296612,  0.        , -0.43434942, ..., -0.39440969,
         -0.42119411, -0.40571416],
        [ 0.73166752,  0.43434942,  0.        , ...,  0.04387641,
          0.01455386,  0.03155059],
        ...,
        [ 0.70105403,  0.39440969, -0.04387641, ...,  0.        ,
         -0.02933193, -0.01233437],
        [ 0.72166922,  0.42119411, -0.01455386, ...,  0.02933193,
          0.        ,  0.01700063],
        [ 0.70979644,  0.40571416, -0.03155059, ...,  0.01233437,
         -0.01700063,  0.        ]]]), 'num': array([9.99997547e-01, 3.33736580e-04, 3.38295699e-06, 7.04981517e-04,
       7.09752966e-04, 6.96631483e-04, 9.65636207e-04, 4.77144851e-06,
       6.87804303e-04, 6.99136493e-04, 6.58141798e-04, 1.08288193e-07,
       7.36279546e-04, 6.61993440e-04])}
{'img': array([[[ 0.        , -0.50902715, -0.4451509 , ...,  0.11388813,
          0.30684549,  0.38264519],
        [ 0.50902715,  0.        ,  0.07264735, ...,  0.60374446,
          0.74858874,  0.79964985],
        [ 0.4451509 , -0.07264735,  0.        , ...,  0.54423632,
          0.69844303,  0.75391462],
        ...,
        [-0.11388813, -0.60374446, -0.54423632, ...,  0.        ,
          0.19645493,  0.27493482],
        [-0.30684549, -0.74858874, -0.69844303, ..., -0.19645493,
          0.        ,  0.080693  ],
        [-0.38264519, -0.79964985, -0.75391462, ..., -0.27493482,
         -0.080693  ,  0.        ]],

       [[ 0.        ,  0.94359635,  0.80505315, ..., -0.47019374,
         -0.4102433 , -0.6653086 ],
        [-0.94359635,  0.        , -0.29319236, ..., -0.98846367,
         -0.99636809, -0.92474166],
        [-0.80505315,  0.29319236,  0.        , ..., -0.98943049,
         -0.97754667, -0.99569014],
        ...,
        [ 0.47019374,  0.98846367,  0.98943049, ...,  0.        ,
          0.06673981, -0.23614508],
        [ 0.4102433 ,  0.99636809,  0.97754667, ..., -0.06673981,
          0.        , -0.30047084],
        [ 0.6653086 ,  0.92474166,  0.99569014, ...,  0.23614508,
          0.30047084,  0.        ]],

       [[ 0.        , -0.28920412, -0.45230399, ..., -0.36137749,
         -0.28508948, -0.16058617],
        [ 0.28920412,  0.        , -0.1750452 , ..., -0.07627532,
          0.00429553,  0.13172687],
        [ 0.45230399,  0.1750452 ,  0.        , ...,  0.0994376 ,
          0.17927279,  0.30321292],
        ...,
        [ 0.36137749,  0.07627532, -0.0994376 , ...,  0.        ,
          0.08055763,  0.20695377],
        [ 0.28508948, -0.00429553, -0.17927279, ..., -0.08055763,
          0.        ,  0.12746755],
        [ 0.16058617, -0.13172687, -0.30321292, ..., -0.20695377,
         -0.12746755,  0.        ]],

       ...,

       [[ 0.        , -0.44467574,  0.03610346, ...,  0.73713834,
          0.74843899,  0.7698501 ],
        [ 0.44467574,  0.        ,  0.4767234 , ...,  0.96073465,
          0.96528111,  0.97335135],
        [-0.03610346, -0.4767234 ,  0.        , ...,  0.71226115,
          0.72400711,  0.74630608],
        ...,
        [-0.73713834, -0.96073465, -0.71226115, ...,  0.        ,
          0.01687873,  0.04976002],
        [-0.74843899, -0.96528111, -0.72400711, ..., -0.01687873,
          0.        ,  0.0328951 ],
        [-0.7698501 , -0.97335135, -0.74630608, ..., -0.04976002,
         -0.0328951 ,  0.        ]],

       [[ 0.        ,  0.10463211,  0.1851024 , ..., -0.19202609,
         -0.25123674, -0.24084718],
        [-0.10463211,  0.        ,  0.08126239, ..., -0.29365694,
         -0.3511338 , -0.34107723],
        [-0.1851024 , -0.08126239,  0.        , ..., -0.37036534,
         -0.42606054, -0.41633871],
        ...,
        [ 0.19202609,  0.29365694,  0.37036534, ...,  0.        ,
         -0.0606942 , -0.04999155],
        [ 0.25123674,  0.3511338 ,  0.42606054, ...,  0.0606942 ,
          0.        ,  0.01071892],
        [ 0.24084718,  0.34107723,  0.41633871, ...,  0.04999155,
         -0.01071892,  0.        ]],

       [[ 0.        , -0.67147334, -0.83088212, ..., -0.65918766,
         -0.64453256, -0.61883064],
        [ 0.67147334,  0.        , -0.2420672 , ...,  0.01645651,
          0.03577584,  0.06888744],
        [ 0.83088212,  0.2420672 ,  0.        , ...,  0.25800151,
          0.27662408,  0.30833084],
        ...,
        [ 0.65918766, -0.01645651, -0.25800151, ...,  0.        ,
          0.01932501,  0.05246069],
        [ 0.64453256, -0.03577584, -0.27662408, ..., -0.01932501,
          0.        ,  0.03315249],
        [ 0.61883064, -0.06888744, -0.30833084, ..., -0.05246069,
         -0.03315249,  0.        ]]]), 'num': array([ 7.07089949e-01,  7.07089949e-01,  0.00000000e+00,  2.12934668e-03,
        2.21745758e-03,  2.12567539e-03,  3.32925556e-03, -4.03841611e-05,
        2.13668925e-03,  2.14917163e-03,  2.02624469e-03,  3.26336656e-07,
        2.26307388e-03,  2.03526938e-03])}
{'img': array([[[ 0.        ,  0.07264735, -0.48132836, ...,  0.74858874,
          0.79964985,  0.657051  ],
        [-0.07264735,  0.        , -0.54373488, ...,  0.69844303,
          0.75391462,  0.60054995],
        [ 0.48132836,  0.54373488,  0.        , ...,  0.97530561,
          0.98994697,  0.93877925],
        ...,
        [-0.74858874, -0.69844303, -0.97530561, ...,  0.        ,
          0.080693  , -0.12867316],
        [-0.79964985, -0.75391462, -0.98994697, ..., -0.080693  ,
          0.        , -0.20827577],
        [-0.657051  , -0.60054995, -0.93877925, ...,  0.12867316,
          0.20827577,  0.        ]],

       [[ 0.        , -0.29319236, -0.25163725, ..., -0.99636809,
         -0.92474166, -0.95970484],
        [ 0.29319236,  0.        ,  0.04317925, ..., -0.97754667,
         -0.99569014, -0.99991913],
        [ 0.25163725, -0.04317925,  0.        , ..., -0.98573364,
         -0.99075696, -0.99953568],
        ...,
        [ 0.99636809,  0.97754667,  0.98573364, ...,  0.        ,
         -0.30047084, -0.19827   ],
        [ 0.92474166,  0.99569014,  0.99075696, ...,  0.30047084,
          0.        ,  0.10539758],
        [ 0.95970484,  0.99991913,  0.99953568, ...,  0.19827   ,
         -0.10539758,  0.        ]],

       [[ 0.        , -0.1750452 , -0.51763186, ...,  0.00429553,
          0.13172687,  0.25596334],
        [ 0.1750452 ,  0.        , -0.35987056, ...,  0.17927279,
          0.30321292,  0.42122519],
        [ 0.51763186,  0.35987056,  0.        , ...,  0.52130236,
          0.62582721,  0.71939084],
        ...,
        [-0.00429553, -0.17927279, -0.52130236, ...,  0.        ,
          0.12746755,  0.25180855],
        [-0.13172687, -0.30321292, -0.62582721, ..., -0.12746755,
          0.        ,  0.1263943 ],
        [-0.25596334, -0.42122519, -0.71939084, ..., -0.25180855,
         -0.1263943 ,  0.        ]],

       ...,

       [[ 0.        ,  0.4767234 , -0.09018876, ...,  0.96528111,
          0.97335135,  0.96350496],
        [-0.4767234 ,  0.        , -0.55406134, ...,  0.72400711,
          0.74630608,  0.71935796],
        [ 0.09018876,  0.55406134,  0.        , ...,  0.98490579,
          0.99006662,  0.98372105],
        ...,
        [-0.96528111, -0.72400711, -0.98490579, ...,  0.        ,
          0.0328951 , -0.00671626],
        [-0.97335135, -0.74630608, -0.99006662, ..., -0.0328951 ,
          0.        , -0.03960699],
        [-0.96350496, -0.71935796, -0.98372105, ...,  0.00671626,
          0.03960699,  0.        ]],

       [[ 0.        ,  0.08126239,  0.32558101, ..., -0.3511338 ,
         -0.34107723, -0.35665162],
        [-0.08126239,  0.        ,  0.24766949, ..., -0.42606054,
         -0.41633871, -0.43139045],
        [-0.32558101, -0.24766949,  0.        , ..., -0.63685171,
         -0.62855098, -0.64138912],
        ...,
        [ 0.3511338 ,  0.42606054,  0.63685171, ...,  0.        ,
          0.01071892, -0.00589958],
        [ 0.34107723,  0.41633871,  0.62855098, ..., -0.01071892,
          0.        , -0.01661798],
        [ 0.35665162,  0.43139045,  0.64138912, ...,  0.00589958,
          0.01661798,  0.        ]],

       [[ 0.        , -0.40373544, -0.78887584, ...,  0.09982915,
          0.31176422,  0.15619835],
        [ 0.40373544,  0.        , -0.47360672, ...,  0.49304989,
          0.66883861,  0.54168197],
        [ 0.78887584,  0.47360672,  0.        , ...,  0.84628534,
          0.94115339,  0.87518505],
        ...,
        [-0.09982915, -0.49304989, -0.84628534, ...,  0.        ,
          0.21535322,  0.05681426],
        [-0.31176422, -0.66883861, -0.94115339, ..., -0.21535322,
          0.        , -0.15952419],
        [-0.15619835, -0.54168197, -0.87518505, ..., -0.05681426,
          0.15952419,  0.        ]]]), 'num': array([ 7.07085865e-01,  7.07085865e-01,  0.00000000e+00,  2.11832058e-03,
        2.15503324e-03,  2.07793665e-03,  4.81223696e-03, -1.10137985e-05,
        2.13741117e-03,  2.14787428e-03,  2.02892525e-03,  2.86142805e-07,
        2.26255596e-03,  2.03319259e-03])}
{'img': array([[[ 0.        , -0.54373488, -0.60358683, ...,  0.75391462,
          0.60054995,  0.55833729],
        [ 0.54373488,  0.        , -0.07304616, ...,  0.98994697,
          0.93877925,  0.91967859],
        [ 0.60358683,  0.07304616,  0.        , ...,  0.99763396,
          0.96143716,  0.94590491],
        ...,
        [-0.75391462, -0.98994697, -0.99763396, ...,  0.        ,
         -0.20827577, -0.25864597],
        [-0.60054995, -0.93877925, -0.96143716, ...,  0.20827577,
          0.        , -0.05178531],
        [-0.55833729, -0.91967859, -0.94590491, ...,  0.25864597,
          0.05178531,  0.        ]],

       [[ 0.        ,  0.04317925, -0.24628793, ..., -0.99569014,
         -0.99991913, -0.94911337],
        [-0.04317925,  0.        , -0.28790741, ..., -0.99075696,
         -0.99953568, -0.96182681],
        [ 0.24628793,  0.28790741,  0.        , ..., -0.98786093,
         -0.96598615, -0.84231295],
        ...,
        [ 0.99569014,  0.99075696,  0.98786093, ...,  0.        ,
          0.10539758,  0.40160032],
        [ 0.99991913,  0.99953568,  0.96598615, ..., -0.10539758,
          0.        ,  0.30283878],
        [ 0.94911337,  0.96182681,  0.84231295, ..., -0.40160032,
         -0.30283878,  0.        ]],

       [[ 0.        , -0.35987056, -0.67188779, ...,  0.30321292,
          0.42122519,  0.42565179],
        [ 0.35987056,  0.        , -0.36033361, ...,  0.62582721,
          0.71939084,  0.72277628],
        [ 0.67188779,  0.36033361,  0.        , ...,  0.86483276,
          0.9213544 ,  0.9232428 ],
        ...,
        [-0.30321292, -0.62582721, -0.86483276, ...,  0.        ,
          0.1263943 ,  0.13123987],
        [-0.42122519, -0.71939084, -0.9213544 , ..., -0.1263943 ,
          0.        ,  0.00488626],
        [-0.42565179, -0.72277628, -0.9232428 , ..., -0.13123987,
         -0.00488626,  0.        ]],

       ...,

       [[ 0.        , -0.55406134, -0.32367562, ...,  0.74630608,
          0.71935796,  0.53577725],
        [ 0.55406134,  0.        ,  0.25478304, ...,  0.99006662,
          0.98372105,  0.9138485 ],
        [ 0.32367562, -0.25478304,  0.        , ...,  0.92157045,
          0.90547145,  0.78023389],
        ...,
        [-0.74630608, -0.99006662, -0.92157045, ...,  0.        ,
         -0.03960699, -0.27353563],
        [-0.71935796, -0.98372105, -0.90547145, ...,  0.03960699,
          0.        , -0.23522455],
        [-0.53577725, -0.9138485 , -0.78023389, ...,  0.27353563,
          0.23522455,  0.        ]],

       [[ 0.        ,  0.24766949,  0.47434909, ..., -0.41633871,
         -0.43139045, -0.43391987],
        [-0.24766949,  0.        ,  0.24153797, ..., -0.62855098,
         -0.64138912, -0.6435391 ],
        [-0.47434909, -0.24153797,  0.        , ..., -0.79780105,
         -0.80771021, -0.80936115],
        ...,
        [ 0.41633871,  0.62855098,  0.79780105, ...,  0.        ,
         -0.01661798, -0.01942313],
        [ 0.43139045,  0.64138912,  0.80771021, ...,  0.01661798,
          0.        , -0.0028056 ],
        [ 0.43391987,  0.6435391 ,  0.80936115, ...,  0.01942313,
          0.0028056 ,  0.        ]],

       [[ 0.        , -0.47360672, -0.74703894, ...,  0.66883861,
          0.54168197,  0.48665789],
        [ 0.47360672,  0.        , -0.34310001, ...,  0.94115339,
          0.87518505,  0.84235669],
        [ 0.74703894,  0.34310001,  0.        , ...,  0.99998517,
          0.98804811,  0.97612829],
        ...,
        [-0.66883861, -0.94115339, -0.99998517, ...,  0.        ,
         -0.15952419, -0.22250728],
        [-0.54168197, -0.87518505, -0.98804811, ...,  0.15952419,
          0.        , -0.06413277],
        [-0.48665789, -0.84235669, -0.97612829, ...,  0.22250728,
          0.06413277,  0.        ]]]), 'num': array([ 7.07091266e-01,  7.07091266e-01,  0.00000000e+00,  2.09630900e-03,
        2.12935064e-03,  2.07428123e-03,  2.85554733e-03, -2.20277653e-05,
        2.13375620e-03,  2.14421939e-03,  2.03095996e-03,  2.74054357e-07,
        2.26055887e-03,  2.02787990e-03])}
{'img': array([[[ 0.        , -0.07304616,  0.01767524, ...,  0.93877925,
          0.91967859,  0.8763203 ],
        [ 0.07304616,  0.        ,  0.09066278, ...,  0.96143716,
          0.94590491,  0.90916771],
        [-0.01767524, -0.09066278,  0.        , ...,  0.93254313,
          0.91259435,  0.86766873],
        ...,
        [-0.93877925, -0.96143716, -0.93254313, ...,  0.        ,
         -0.05178531, -0.15032786],
        [-0.91967859, -0.94590491, -0.91259435, ...,  0.05178531,
          0.        , -0.09892933],
        [-0.8763203 , -0.90916771, -0.86766873, ...,  0.15032786,
          0.09892933,  0.        ]],

       [[ 0.        , -0.28790741, -0.57438054, ..., -0.99953568,
         -0.96182681, -0.9843431 ],
        [ 0.28790741,  0.        , -0.3143826 , ..., -0.96598615,
         -0.84231295, -0.99341173],
        [ 0.57438054,  0.3143826 ,  0.        , ..., -0.83570975,
         -0.63015593, -0.90701392],
        ...,
        [ 0.99953568,  0.96598615,  0.83570975, ...,  0.        ,
          0.30283878, -0.14618817],
        [ 0.96182681,  0.84231295,  0.63015593, ..., -0.30283878,
          0.        , -0.43890876],
        [ 0.9843431 ,  0.99341173,  0.90701392, ...,  0.14618817,
          0.43890876,  0.        ]],

       [[ 0.        , -0.36033361, -0.68413148, ...,  0.71939084,
          0.72277628,  0.70578816],
        [ 0.36033361,  0.        , -0.37536147, ...,  0.9213544 ,
          0.9232428 ,  0.91364438],
        [ 0.68413148,  0.37536147,  0.        , ...,  0.99989547,
          0.99995418,  0.99942718],
        ...,
        [-0.71939084, -0.9213544 , -0.99989547, ...,  0.        ,
          0.00488626, -0.01938864],
        [-0.72277628, -0.9232428 , -0.99995418, ..., -0.00488626,
          0.        , -0.02427375],
        [-0.70578816, -0.91364438, -0.99942718, ...,  0.01938864,
          0.02427375,  0.        ]],

       ...,

       [[ 0.        ,  0.25478304,  0.39709912, ...,  0.98372105,
          0.9138485 ,  0.8804458 ],
        [-0.25478304,  0.        ,  0.15016046, ...,  0.90547145,
          0.78023389,  0.73058498],
        [-0.39709912, -0.15016046,  0.        , ...,  0.83147571,
          0.67746377,  0.6197685 ],
        ...,
        [-0.98372105, -0.90547145, -0.83147571, ...,  0.        ,
         -0.23522455, -0.30821013],
        [-0.9138485 , -0.78023389, -0.67746377, ...,  0.23522455,
          0.        , -0.07578866],
        [-0.8804458 , -0.73058498, -0.6197685 , ...,  0.30821013,
          0.07578866,  0.        ]],

       [[ 0.        ,  0.24153797,  0.59565408, ..., -0.64138912,
         -0.6435391 , -0.652053  ],
        [-0.24153797,  0.        ,  0.38400436, ..., -0.80771021,
         -0.80936115, -0.81587427],
        [-0.59565408, -0.38400436,  0.        , ..., -0.97218527,
         -0.97283856, -0.97536482],
        ...,
        [ 0.64138912,  0.80771021,  0.97218527, ...,  0.        ,
         -0.0028056 , -0.01398116],
        [ 0.6435391 ,  0.80936115,  0.97283856, ...,  0.0028056 ,
          0.        , -0.01117578],
        [ 0.652053  ,  0.81587427,  0.97536482, ...,  0.01398116,
          0.01117578,  0.        ]],

       [[ 0.        , -0.34310001, -0.5689789 , ...,  0.87518505,
          0.84235669,  0.77558194],
        [ 0.34310001,  0.        , -0.25229222, ...,  0.98804811,
          0.97612829,  0.94508407],
        [ 0.5689789 ,  0.25229222,  0.        , ...,  0.99497562,
          0.99934815,  0.99696762],
        ...,
        [-0.87518505, -0.98804811, -0.99497562, ...,  0.        ,
         -0.06413277, -0.17724037],
        [-0.84235669, -0.97612829, -0.99934815, ...,  0.06413277,
          0.        , -0.1137581 ],
        [-0.77558194, -0.94508407, -0.99696762, ...,  0.17724037,
          0.1137581 ,  0.        ]]]), 'num': array([ 7.07066815e-01,  7.07066815e-01,  0.00000000e+00,  1.96407449e-03,
        2.09990768e-03,  1.96040332e-03,  8.87068552e-03, -1.32162022e-04,
        2.09550227e-03,  2.13368241e-03,  2.03297006e-03,  2.19855215e-07,
        2.27300503e-03,  1.99435980e-03])}
