state_0,state_1,state_2,state_3,state_4,state_5,state_6,state_7,state_8,state_9,state_10,state_11,state_12,state_13,state_14,state_15,state_16,state_17,state_18,state_19,state_20,state_21,state_22,state_23,state_24,state_25,state_26,state_27,state_28,state_29,state_30,state_31,state_32,state_33,state_34,state_35,state_36,state_37,state_38,state_39,state_40,state_41,state_42,state_43,state_44,state_45,state_46,state_47,state_48,state_49,state_50,state_51,state_52,state_53,state_54,state_55,state_56,state_57,state_58,state_59,state_60,state_61,state_62,state_63,state_64,state_65,state_66,state_67,state_68,state_69,state_70,state_71,state_72,state_73,state_74,state_75,state_76,state_77,state_78,state_79,state_80,state_81,state_82,state_83,state_84,state_85,state_86,state_87,state_88,state_89,state_90,state_91,state_92,state_93,state_94,state_95,state_96,state_97,state_98,state_99,state_100,state_101,state_102,state_103,state_104,state_105,state_106,state_107,state_108,state_109,state_110,state_111,state_112,state_113,state_114,state_115,state_116,state_117,state_118,state_119,state_120,state_121,state_122,state_123,state_124,state_125,state_126,state_127,state_128,state_129,state_130,state_131,state_132,state_133,state_134,state_135,state_136,state_137,state_138,state_139,state_140,state_141,state_142,state_143,state_144,state_145,state_146,state_147,state_148,state_149,state_150,state_151,state_152,state_153,state_154,state_155,state_156,state_157,state_158,state_159,state_160,state_161,state_162,state_163,state_164,state_165,state_166,state_167,state_168,state_169,state_170,state_171,state_172,state_173,state_174,state_175,state_176,state_177,state_178,state_179,state_180,state_181,state_182,state_183,state_184,state_185,state_186,state_187,state_188,state_189,state_190,state_191,state_192,state_193,state_194,state_195,state_196,state_197,state_198,state_199,state_200,state_201,state_202,state_203,state_204,state_205,state_206,state_207,state_208,state_209,state_210,state_211,state_212,state_213,state_214,state_215,state_216,state_217,state_218,state_219,state_220,state_221,state_222,state_223,state_224,state_225,state_226,state_227,state_228,state_229,state_230,state_231,state_232,state_233,state_234,state_235,state_236,state_237,state_238,state_239,state_240,state_241,state_242,state_243,state_244,state_245,state_246,state_247,state_248,state_249,state_250,state_251,state_252,state_253,state_254,state_255,state_256,state_257,state_258,state_259,state_260,state_261,state_262,state_263,state_264,state_265,state_266,state_267,state_268,state_269,state_270,state_271,state_272,state_273,state_274,state_275,state_276,state_277,state_278,state_279,state_280,state_281,state_282,state_283,state_284,state_285,state_286,state_287
{'img': array([[[ 0.        ,  0.50650804,  0.59824035, ...,  0.96476394,
          0.99879643,  0.99947846],
        [-0.50650804,  0.        ,  0.10995055, ...,  0.69858262,
          0.83635436,  0.84542909],
        [-0.59824035, -0.10995055,  0.        , ...,  0.6156743 ,
          0.77100989,  0.78158007],
        ...,
        [-0.96476394, -0.69858262, -0.6156743 , ...,  0.        ,
          0.2154807 ,  0.231825  ],
        [-0.99879643, -0.83635436, -0.77100989, ..., -0.2154807 ,
          0.        ,  0.01676852],
        [-0.99947846, -0.84542909, -0.78158007, ..., -0.231825  ,
         -0.01676852,  0.        ]],

       [[ 0.        ,  0.86259884,  0.73302951, ..., -0.32124355,
         -0.75294583, -0.83779397],
        [-0.86259884,  0.        , -0.21590575, ..., -0.97939162,
         -0.94856789, -0.89479772],
        [-0.73302951,  0.21590575,  0.        , ..., -0.91268531,
         -0.99454526, -0.97008903],
        ...,
        [ 0.32124355,  0.97939162,  0.91268531, ...,  0.        ,
         -0.50163239, -0.6179934 ],
        [ 0.75294583,  0.94856789,  0.99454526, ...,  0.50163239,
          0.        , -0.14023928],
        [ 0.83779397,  0.89479772,  0.97008903, ...,  0.6179934 ,
          0.14023928,  0.        ]],

       [[ 0.        ,  0.24992373,  0.4286833 , ...,  0.84943711,
          0.83423165,  0.88578501],
        [-0.24992373,  0.        ,  0.18928445, ...,  0.95436289,
          0.94556923,  0.97366364],
        [-0.4286833 , -0.18928445,  0.        , ...,  0.99363989,
          0.99007265,  0.99921687],
        ...,
        [-0.84943711, -0.95436289, -0.99363989, ...,  0.        ,
          0.02817604, -0.07319956],
        [-0.83423165, -0.94556923, -0.99007265, ..., -0.02817604,
          0.        , -0.10127096],
        [-0.88578501, -0.97366364, -0.99921687, ...,  0.07319956,
          0.10127096,  0.        ]],

       ...,

       [[ 0.        ,  0.91082867,  0.8362875 , ...,  0.25257779,
          0.17484922,  0.02168909],
        [-0.91082867,  0.        , -0.15419272, ..., -0.77703628,
         -0.8246225 , -0.90166149],
        [-0.8362875 ,  0.15419272,  0.        , ..., -0.67068604,
         -0.72753639, -0.82419884],
        ...,
        [-0.25257779,  0.77703628,  0.67068604, ...,  0.        ,
         -0.07950688, -0.23153252],
        [-0.17484922,  0.8246225 ,  0.72753639, ...,  0.07950688,
          0.        , -0.15345311],
        [-0.02168909,  0.90166149,  0.82419884, ...,  0.23153252,
          0.15345311,  0.        ]],

       [[ 0.        ,  0.41467373,  0.64440666, ...,  0.59164984,
          0.65683595,  0.76352124],
        [-0.41467373,  0.        ,  0.26929689, ...,  0.87269161,
          0.91037901,  0.96257068],
        [-0.64440666, -0.26929689,  0.        , ...,  0.97194203,
          0.98817549,  0.99999838],
        ...,
        [-0.59164984, -0.87269161, -0.97194203, ...,  0.        ,
         -0.08341409, -0.23346981],
        [-0.65683595, -0.91037901, -0.98817549, ...,  0.08341409,
          0.        , -0.15154729],
        [-0.76352124, -0.96257068, -0.99999838, ...,  0.23346981,
          0.15154729,  0.        ]],

       [[ 0.        , -0.09660067, -0.21162752, ...,  0.99778038,
          0.96431204,  0.66743254],
        [ 0.09660067,  0.        , -0.11622508, ...,  0.98668129,
          0.93422537,  0.59237546],
        [ 0.21162752,  0.11622508,  0.        , ...,  0.96108865,
          0.88643848,  0.49472273],
        ...,
        [-0.99778038, -0.98668129, -0.96108865, ...,  0.        ,
          0.19996655,  0.69857265],
        [-0.96431204, -0.93422537, -0.88643848, ..., -0.19996655,
          0.        ,  0.54137949],
        [-0.66743254, -0.59237546, -0.49472273, ..., -0.69857265,
         -0.54137949,  0.        ]]]), 'num': array([ 9.99986108e-01,  2.48065814e-04,  5.59137607e-07,  1.87920685e-03,
        1.89076796e-03,  1.87079876e-03,  1.40055563e-04, -1.15611159e-05,
        1.88677412e-03,  1.86654217e-03,  1.75469713e-03,  5.20250217e-08,
        1.92123704e-03,  1.81184729e-03])}
{'img': array([[[ 0.        ,  0.10995055, -0.0796593 , ...,  0.83635436,
          0.84542909,  0.74899956],
        [-0.10995055,  0.        , -0.18877747, ...,  0.77100989,
          0.78158007,  0.67160843],
        [ 0.0796593 ,  0.18877747,  0.        , ...,  0.87736492,
          0.88528749,  0.79939925],
        ...,
        [-0.83635436, -0.77100989, -0.87736492, ...,  0.        ,
          0.01676852, -0.14355027],
        [-0.84542909, -0.78158007, -0.88528749, ..., -0.01676852,
          0.        , -0.16012493],
        [-0.74899956, -0.67160843, -0.79939925, ...,  0.14355027,
          0.16012493,  0.        ]],

       [[ 0.        , -0.21590575, -0.25970586, ..., -0.94856789,
         -0.89479772, -0.99968394],
        [ 0.21590575,  0.        , -0.04508294, ..., -0.99454526,
         -0.97008903, -0.97067773],
        [ 0.25970586,  0.04508294,  0.        , ..., -0.99823647,
         -0.98004655, -0.95885354],
        ...,
        [ 0.94856789,  0.99454526,  0.99823647, ...,  0.        ,
         -0.14023928,  0.34032076],
        [ 0.89479772,  0.97008903,  0.98004655, ...,  0.14023928,
          0.        ,  0.4688259 ],
        [ 0.99968394,  0.97067773,  0.95885354, ..., -0.34032076,
         -0.4688259 ,  0.        ]],

       [[ 0.        ,  0.18928445,  0.32393349, ...,  0.94556923,
          0.97366364,  0.99050011],
        [-0.18928445,  0.        ,  0.1389993 , ...,  0.99007265,
          0.99921687,  0.99862301],
        [-0.32393349, -0.1389993 ,  0.        , ...,  0.99999876,
          0.99501692,  0.98163693],
        ...,
        [-0.94556923, -0.99007265, -0.99999876, ...,  0.        ,
         -0.10127096, -0.19230248],
        [-0.97366364, -0.99921687, -0.99501692, ...,  0.10127096,
          0.        , -0.09193303],
        [-0.99050011, -0.99862301, -0.98163693, ...,  0.19230248,
          0.09193303,  0.        ]],

       ...,

       [[ 0.        , -0.15419272, -0.54523918, ..., -0.8246225 ,
         -0.90166149, -0.98200811],
        [ 0.15419272,  0.        , -0.40946179, ..., -0.72753639,
         -0.82419884, -0.9411465 ],
        [ 0.54523918,  0.40946179,  0.        , ..., -0.38283221,
         -0.52006065, -0.72023598],
        ...,
        [ 0.8246225 ,  0.72753639,  0.38283221, ...,  0.        ,
         -0.15345311, -0.39978502],
        [ 0.90166149,  0.82419884,  0.52006065, ...,  0.15345311,
          0.        , -0.25439345],
        [ 0.98200811,  0.9411465 ,  0.72023598, ...,  0.39978502,
          0.25439345,  0.        ]],

       [[ 0.        ,  0.26929689,  0.34908369, ...,  0.91037901,
          0.96257068,  0.9581374 ],
        [-0.26929689,  0.        ,  0.08383172, ...,  0.98817549,
          0.99999838,  0.9998432 ],
        [-0.34908369, -0.08383172,  0.        , ...,  0.99755071,
          0.99662928,  0.99780819],
        ...,
        [-0.91037901, -0.98817549, -0.99755071, ...,  0.        ,
         -0.15154729, -0.13580417],
        [-0.96257068, -0.99999838, -0.99662928, ...,  0.15154729,
          0.        ,  0.01590768],
        [-0.9581374 , -0.9998432 , -0.99780819, ...,  0.13580417,
         -0.01590768,  0.        ]],

       [[ 0.        , -0.11536877, -0.15990368, ...,  0.94778727,
          0.75982601,  0.58877207],
        [ 0.11536877,  0.        , -0.04495168, ...,  0.90466716,
          0.67974815,  0.49158821],
        [ 0.15990368,  0.04495168,  0.        , ...,  0.88459792,
          0.64609143,  0.45194612],
        ...,
        [-0.94778727, -0.90466716, -0.88459792, ...,  0.        ,
          0.3738706 ,  0.57833426],
        [-0.75982601, -0.67974815, -0.64609143, ..., -0.3738706 ,
          0.        ,  0.23139038],
        [-0.58877207, -0.49158821, -0.45194612, ..., -0.57833426,
         -0.23139038,  0.        ]]]), 'num': array([7.06182585e-01, 7.06182585e-01, 0.00000000e+00, 1.83627853e-02,
       1.83627853e-02, 1.80366981e-02, 1.53188632e-03, 1.42663148e-04,
       1.82792254e-02, 1.81243340e-02, 1.70317720e-02, 5.64458536e-07,
       1.86509389e-02, 1.75977290e-02])}
{'img': array([[[ 0.        , -0.18877747, -0.9894387 , ...,  0.78158007,
          0.67160843,  0.81434544],
        [ 0.18877747,  0.        , -0.94428483, ...,  0.88528749,
          0.79939925,  0.90926618],
        [ 0.9894387 ,  0.94428483,  0.        , ...,  0.73050826,
          0.83043227,  0.69229183],
        ...,
        [-0.78158007, -0.88528749, -0.73050826, ...,  0.        ,
         -0.16012493,  0.05437888],
        [-0.67160843, -0.79939925, -0.83043227, ...,  0.16012493,
          0.        ,  0.21356523],
        [-0.81434544, -0.90926618, -0.69229183, ..., -0.05437888,
         -0.21356523,  0.        ]],

       [[ 0.        , -0.04508294,  0.86618785, ..., -0.97008903,
         -0.97067773, -0.94282349],
        [ 0.04508294,  0.        ,  0.88783594, ..., -0.98004655,
         -0.95885354, -0.92683907],
        [-0.86618785, -0.88783594,  0.        , ..., -0.27450488,
         -0.69328386, -0.75984025],
        ...,
        [ 0.97008903,  0.98004655,  0.27450488, ...,  0.        ,
          0.4688259 ,  0.5521932 ],
        [ 0.97067773,  0.95885354,  0.69328386, ..., -0.4688259 ,
          0.        ,  0.09687933],
        [ 0.94282349,  0.92683907,  0.75984025, ..., -0.5521932 ,
         -0.09687933,  0.        ]],

       [[ 0.        ,  0.1389993 ,  0.02244005, ...,  0.99921687,
          0.99862301,  0.99644888],
        [-0.1389993 ,  0.        , -0.11674209, ...,  0.99501692,
          0.98163693,  0.97507209],
        [-0.02244005,  0.11674209,  0.        , ...,  0.99985317,
          0.99719434,  0.99430851],
        ...,
        [-0.99921687, -0.99501692, -0.99985317, ...,  0.        ,
         -0.09193303, -0.12356188],
        [-0.99862301, -0.98163693, -0.99719434, ...,  0.09193303,
          0.        , -0.03181009],
        [-0.99644888, -0.97507209, -0.99430851, ...,  0.12356188,
          0.03181009,  0.        ]],

       ...,

       [[ 0.        , -0.40946179, -0.98714355, ..., -0.82419884,
         -0.9411465 , -0.84638261],
        [ 0.40946179,  0.        , -0.83515115, ..., -0.52006065,
         -0.72023598, -0.55410868],
        [ 0.98714355,  0.83515115,  0.        , ...,  0.42728307,
          0.18322413,  0.3904457 ],
        ...,
        [ 0.82419884,  0.52006065, -0.42728307, ...,  0.        ,
         -0.25439345, -0.04035894],
        [ 0.9411465 ,  0.72023598, -0.18322413, ...,  0.25439345,
          0.        ,  0.21515502],
        [ 0.84638261,  0.55410868, -0.3904457 , ...,  0.04035894,
         -0.21515502,  0.        ]],

       [[ 0.        ,  0.08383172,  0.05840179, ...,  0.99999838,
          0.9998432 ,  0.99801751],
        [-0.08383172,  0.        , -0.02549242, ...,  0.99662928,
          0.99780819,  0.99978052],
        [-0.05840179,  0.02549242,  0.        , ...,  0.99839671,
          0.99917082,  0.99998968],
        ...,
        [-0.99999838, -0.99662928, -0.99839671, ...,  0.        ,
          0.01590768,  0.06113951],
        [-0.9998432 , -0.99780819, -0.99917082, ..., -0.01590768,
          0.        ,  0.04525385],
        [-0.99801751, -0.99978052, -0.99998968, ..., -0.06113951,
         -0.04525385,  0.        ]],

       [[ 0.        , -0.04466397, -0.15714481, ...,  0.73862885,
          0.66722055,  0.48882722],
        [ 0.04466397,  0.        , -0.11287894, ...,  0.70778321,
          0.6332863 ,  0.44937542],
        [ 0.15714481,  0.11287894,  0.        , ...,  0.62351856,
          0.5418798 ,  0.34566374],
        ...,
        [-0.73862885, -0.70778321, -0.62351856, ...,  0.        ,
          0.10039364,  0.31484103],
        [-0.66722055, -0.6332863 , -0.5418798 , ..., -0.10039364,
          0.        ,  0.21796233],
        [-0.48882722, -0.44937542, -0.34566374, ..., -0.31484103,
         -0.21796233,  0.        ]]]), 'num': array([7.06175943e-01, 7.06175943e-01, 0.00000000e+00, 1.83931829e-02,
       1.84645138e-02, 1.82810915e-02, 9.47804282e-04, 3.05703871e-05,
       1.83259281e-02, 1.81639050e-02, 1.70484256e-02, 6.60365904e-07,
       1.86436643e-02, 1.76841458e-02])}
{'img': array([[[ 0.        , -0.94428483, -0.99889811, ...,  0.79939925,
          0.90926618,  0.93368087],
        [ 0.94428483,  0.        , -0.37308334, ...,  0.83043227,
          0.69229183,  0.64545605],
        [ 0.99889811,  0.37308334,  0.        , ...,  0.56262122,
          0.37308334,  0.31389264],
        ...,
        [-0.79939925, -0.83043227, -0.56262122, ...,  0.        ,
          0.21356523,  0.2746858 ],
        [-0.90926618, -0.69229183, -0.37308334, ..., -0.21356523,
          0.        ,  0.06299823],
        [-0.93368087, -0.64545605, -0.31389264, ..., -0.2746858 ,
         -0.06299823,  0.        ]],

       [[ 0.        ,  0.88781013,  0.9800331 , ..., -0.95877836,
         -0.92676129, -0.9800331 ],
        [-0.88781013,  0.        ,  0.27449374, ..., -0.69351498,
         -0.76001132, -0.27449374],
        [-0.9800331 , -0.27449374,  0.        , ..., -0.46911942,
         -0.55242226, -0.        ],
        ...,
        [ 0.95877836,  0.69351498,  0.46911942, ...,  0.        ,
          0.09682202, -0.46911942],
        [ 0.92676129,  0.76001132,  0.55242226, ..., -0.09682202,
          0.        , -0.55242226],
        [ 0.9800331 ,  0.27449374,  0.        , ...,  0.46911942,
          0.55242226,  0.        ]],

       [[ 0.        , -0.11674209, -0.26214892, ...,  0.98163693,
          0.97507209,  0.99437367],
        [ 0.11674209,  0.        , -0.1476971 , ...,  0.99719434,
          0.99430851,  0.99994081],
        [ 0.26214892,  0.1476971 ,  0.        , ...,  0.99731379,
          0.99913909,  0.9873671 ],
        ...,
        [-0.98163693, -0.99719434, -0.99731379, ...,  0.        ,
         -0.03181009,  0.08570157],
        [-0.97507209, -0.99430851, -0.99913909, ...,  0.03181009,
          0.        ,  0.11735125],
        [-0.99437367, -0.99994081, -0.9873671 , ..., -0.08570157,
         -0.11735125,  0.        ]],

       ...,

       [[ 0.        , -0.83515115, -0.88207132, ..., -0.72023598,
         -0.55410868, -0.25025177],
        [ 0.83515115,  0.        , -0.09170434, ...,  0.18322413,
          0.3904457 ,  0.67093369],
        [ 0.88207132,  0.09170434,  0.        , ...,  0.27260396,
          0.47322586,  0.73610692],
        ...,
        [ 0.72023598, -0.18322413, -0.27260396, ...,  0.        ,
          0.21515502,  0.5237117 ],
        [ 0.55410868, -0.3904457 , -0.47322586, ..., -0.21515502,
          0.        ,  0.32815671],
        [ 0.25025177, -0.67093369, -0.73610692, ..., -0.5237117 ,
         -0.32815671,  0.        ]],

       [[ 0.        , -0.02549242, -0.0830203 , ...,  0.99780819,
          0.99978052,  0.99938514],
        [ 0.02549242,  0.        , -0.0575889 , ...,  0.99917082,
          0.99998968,  0.99995417],
        [ 0.0830203 ,  0.0575889 ,  0.        , ...,  0.99985728,
          0.99806842,  0.99884598],
        ...,
        [-0.99780819, -0.99917082, -0.99985728, ...,  0.        ,
          0.04525385,  0.03114677],
        [-0.99978052, -0.99998968, -0.99806842, ..., -0.04525385,
          0.        , -0.01411703],
        [-0.99938514, -0.99995417, -0.99884598, ..., -0.03114677,
          0.01411703,  0.        ]],

       [[ 0.        , -0.11094193, -0.29486364, ...,  0.77259519,
          0.73277845,  0.4423543 ],
        [ 0.11094193,  0.        , -0.18703404, ...,  0.69738896,
          0.65276257,  0.3401264 ],
        [ 0.29486364,  0.18703404,  0.        , ...,  0.55103648,
          0.49955357,  0.15824131],
        ...,
        [-0.77259519, -0.69738896, -0.55103648, ...,  0.        ,
          0.0604855 ,  0.41204429],
        [-0.73277845, -0.65276257, -0.49955357, ..., -0.0604855 ,
          0.        ,  0.35617767],
        [-0.4423543 , -0.3401264 , -0.15824131, ..., -0.41204429,
         -0.35617767,  0.        ]]]), 'num': array([7.06166446e-01, 7.06166446e-01, 0.00000000e+00, 1.85865454e-02,
       1.86578754e-02, 1.83521756e-02, 1.49948789e-03, 1.93609848e-04,
       1.83786696e-02, 1.82176677e-02, 1.70726523e-02, 6.70102735e-07,
       1.86273814e-02, 1.78079540e-02])}
{'img': array([[[ 0.        , -0.36553945,  0.18380274, ...,  0.80357551,
          0.77884111,  0.36553945],
        [ 0.36553945,  0.        ,  0.53039464, ...,  0.53039464,
          0.49566795,  0.        ],
        [-0.18380274, -0.53039464,  0.        , ...,  0.89928502,
          0.8808571 ,  0.53039464],
        ...,
        [-0.80357551, -0.53039464, -0.89928502, ...,  0.        ,
          0.04045123,  0.53039464],
        [-0.77884111, -0.49566795, -0.8808571 , ..., -0.04045123,
          0.        ,  0.49566795],
        [-0.36553945, -0.        , -0.53039464, ..., -0.53039464,
         -0.49566795,  0.        ]],

       [[ 0.        ,  0.27449374, -0.96166895, ..., -0.76001132,
         -0.27449374, -0.74891254],
        [-0.27449374,  0.        , -0.99999996, ..., -0.55242226,
         -0.        , -0.53824752],
        [ 0.96166895,  0.99999996,  0.        , ..., -0.83340318,
         -0.99999996, -0.8426297 ],
        ...,
        [ 0.76001132,  0.55242226,  0.83340318, ...,  0.        ,
         -0.55242226, -0.0169102 ],
        [ 0.27449374,  0.        ,  0.99999996, ...,  0.55242226,
          0.        ,  0.53824752],
        [ 0.74891254,  0.53824752,  0.8426297 , ...,  0.0169102 ,
         -0.53824752,  0.        ]],

       [[ 0.        , -0.14733848, -0.39824869, ...,  0.99272476,
          0.99995118,  0.95998078],
        [ 0.14733848,  0.        , -0.25875198, ...,  0.9996307 ,
          0.99049379,  0.90823919],
        [ 0.39824869,  0.25875198,  0.        , ...,  0.95855552,
          0.92116805,  0.76903288],
        ...,
        [-0.99272476, -0.9996307 , -0.95855552, ...,  0.        ,
          0.11059016,  0.39361561],
        [-0.99995118, -0.99049379, -0.92116805, ..., -0.11059016,
          0.        ,  0.28953842],
        [-0.95998078, -0.90823919, -0.76903288, ..., -0.39361561,
         -0.28953842,  0.        ]],

       ...,

       [[ 0.        , -0.09170434, -0.11815944, ...,  0.3904457 ,
          0.67093369,  0.69604623],
        [ 0.09170434,  0.        , -0.02659963, ...,  0.47322586,
          0.73610692,  0.75895672],
        [ 0.11815944,  0.02659963,  0.        , ...,  0.49649113,
          0.75385083,  0.77600829],
        ...,
        [-0.3904457 , -0.47322586, -0.49649113, ...,  0.        ,
          0.32815671,  0.36045939],
        [-0.67093369, -0.73610692, -0.75385083, ..., -0.32815671,
          0.        ,  0.03440199],
        [-0.69604623, -0.75895672, -0.77600829, ..., -0.36045939,
         -0.03440199,  0.        ]],

       [[ 0.        , -0.0575889 , -0.05987471, ...,  0.99998968,
          0.99995417,  0.99918417],
        [ 0.0575889 ,  0.        , -0.00228976, ...,  0.99806842,
          0.99884598,  0.99985167],
        [ 0.05987471,  0.00228976,  0.        , ...,  0.99792356,
          0.99873338,  0.99980961],
        ...,
        [-0.99998968, -0.99806842, -0.99792356, ...,  0.        ,
         -0.01411703, -0.04492494],
        [-0.99995417, -0.99884598, -0.99873338, ...,  0.01411703,
          0.        , -0.03081769],
        [-0.99918417, -0.99985167, -0.99980961, ...,  0.04492494,
          0.03081769,  0.        ]],

       [[ 0.        , -0.18276937, -0.33263683, ...,  0.78234139,
          0.69325237,  0.33263683],
        [ 0.18276937,  0.        , -0.15467227, ...,  0.65532561,
          0.54985415,  0.15467227],
        [ 0.33263683,  0.15467227,  0.        , ...,  0.53060816,
          0.41404545,  0.        ],
        ...,
        [-0.78234139, -0.65532561, -0.53060816, ...,  0.        ,
          0.13203731,  0.53060816],
        [-0.69325237, -0.54985415, -0.41404545, ..., -0.13203731,
          0.        ,  0.41404545],
        [-0.33263683, -0.15467227, -0.        , ..., -0.53060816,
         -0.41404545,  0.        ]]]), 'num': array([ 7.06166646e-01,  7.06166646e-01,  0.00000000e+00,  1.84235108e-02,
        1.86069307e-02,  1.83929408e-02,  1.62464183e-03, -1.63039918e-04,
        1.83970168e-02,  1.82482428e-02,  1.71173232e-02,  5.93068485e-07,
        1.86220143e-02,  1.78744714e-02])}
{'img': array([[[ 0.        ,  0.53039464,  0.70486391, ...,  0.49566795,
          0.        ,  0.4573761 ],
        [-0.53039464,  0.        ,  0.2213175 , ...,  0.8808571 ,
          0.53039464,  0.8594068 ],
        [-0.70486391, -0.2213175 ,  0.        , ...,  0.96378121,
          0.70486391,  0.95125303],
        ...,
        [-0.49566795, -0.8808571 , -0.96378121, ...,  0.        ,
          0.49566795,  0.04354762],
        [-0.        , -0.53039464, -0.70486391, ..., -0.49566795,
          0.        , -0.4573761 ],
        [-0.4573761 , -0.8594068 , -0.95125303, ..., -0.04354762,
          0.4573761 ,  0.        ]],

       [[ 0.        , -0.99999996, -0.89413468, ..., -0.        ,
         -0.53824752, -0.59038378],
        [ 0.99999996,  0.        , -0.44753719, ..., -0.99999996,
         -0.8426297 , -0.80695034],
        [ 0.89413468,  0.44753719,  0.        , ..., -0.89413468,
         -0.51253867, -0.45730361],
        ...,
        [ 0.        ,  0.99999996,  0.89413468, ...,  0.        ,
          0.53824752,  0.59038378],
        [ 0.53824752,  0.8426297 ,  0.51253867, ..., -0.53824752,
          0.        ,  0.06313588],
        [ 0.59038378,  0.80695034,  0.45730361, ..., -0.59038378,
         -0.06313588,  0.        ]],

       [[ 0.        , -0.25753499, -0.55212183, ...,  0.99534905,
          0.96517708,  0.90625521],
        [ 0.25753499,  0.        , -0.31877493, ...,  0.93696549,
          0.86525017,  0.76681827],
        [ 0.55212183,  0.31877493,  0.        , ...,  0.77669747,
          0.66029572,  0.52220346],
        ...,
        [-0.99534905, -0.93696549, -0.77669747, ...,  0.        ,
          0.16740123,  0.33346156],
        [-0.96517708, -0.86525017, -0.66029572, ..., -0.16740123,
          0.        ,  0.17093624],
        [-0.90625521, -0.76681827, -0.52220346, ..., -0.33346156,
         -0.17093624,  0.        ]],

       ...,

       [[ 0.        , -0.02659963,  0.32050139, ...,  0.73610692,
          0.75895672,  0.55883261],
        [ 0.02659963,  0.        ,  0.34558444, ...,  0.75385083,
          0.77600829,  0.58069343],
        [-0.32050139, -0.34558444,  0.        , ...,  0.48033958,
          0.51022865,  0.26356755],
        ...,
        [-0.73610692, -0.75385083, -0.48033958, ...,  0.        ,
          0.03440199, -0.23218471],
        [-0.75895672, -0.77600829, -0.51022865, ..., -0.03440199,
          0.        , -0.26550912],
        [-0.55883261, -0.58069343, -0.26356755, ...,  0.23218471,
          0.26550912,  0.        ]],

       [[ 0.        , -0.00228976, -0.13789636, ...,  0.99884598,
          0.99985167,  0.99997412],
        [ 0.00228976,  0.        , -0.13562811, ...,  0.99873338,
          0.99980961,  0.99995502],
        [ 0.13789636,  0.13562811,  0.        , ...,  0.98268074,
          0.98792471,  0.98942892],
        ...,
        [-0.99884598, -0.99873338, -0.98268074, ...,  0.        ,
         -0.03081769, -0.04084076],
        [-0.99985167, -0.99980961, -0.98792471, ...,  0.03081769,
          0.        , -0.01002939],
        [-0.99997412, -0.99995502, -0.98942892, ...,  0.04084076,
          0.01002939,  0.        ]],

       [[ 0.        , -0.15285536,  0.38799579, ...,  0.62751239,
          0.44504931,  0.15285536],
        [ 0.15285536,  0.        ,  0.52431713, ...,  0.50112404,
          0.30293644,  0.        ],
        [-0.38799579, -0.52431713,  0.        , ...,  0.88044986,
          0.75763724,  0.52431713],
        ...,
        [-0.62751239, -0.50112404, -0.88044986, ...,  0.        ,
          0.21542283,  0.50112404],
        [-0.44504931, -0.30293644, -0.75763724, ..., -0.21542283,
          0.        ,  0.30293644],
        [-0.15285536, -0.        , -0.52431713, ..., -0.50112404,
         -0.30293644,  0.        ]]]), 'num': array([ 9.83690915e-01,  1.64627296e-01,  4.60665703e-07,  2.55957381e-02,
        2.59556332e-02,  2.55813423e-02,  3.15770504e-03, -4.31874096e-04,
        2.59613915e-02,  2.57843231e-02,  2.42406132e-02,  7.87830026e-07,
        2.63047986e-02,  2.52638476e-02])}
{'img': array([[[ 0.        ,  0.23722916,  0.3574007 , ...,  0.48649347,
          0.83410084,  0.97231157],
        [-0.23722916,  0.        ,  0.12563778, ...,  0.67986927,
          0.94114882,  0.99999336],
        [-0.3574007 , -0.12563778,  0.        , ...,  0.76661648,
          0.97615595,  0.99161186],
        ...,
        [-0.48649347, -0.67986927, -0.76661648, ...,  0.        ,
         -0.46038511, -0.73580545],
        [-0.83410084, -0.94114882, -0.97615595, ...,  0.46038511,
          0.        , -0.34141914],
        [-0.97231157, -0.99999336, -0.99161186, ...,  0.73580545,
          0.34141914,  0.        ]],

       [[ 0.        , -0.61503883, -0.70448334, ..., -0.97377043,
         -0.95322519, -0.8120589 ],
        [ 0.61503883,  0.        , -0.11897719, ..., -0.62787341,
         -0.56571274, -0.28138428],
        [ 0.70448334,  0.11897719,  0.        , ..., -0.53081182,
         -0.4635856 , -0.16521566],
        ...,
        [ 0.97377043,  0.62787341,  0.53081182, ...,  0.        ,
          0.07744292,  0.38349855],
        [ 0.95322519,  0.56571274,  0.4635856 , ..., -0.07744292,
          0.        ,  0.31082507],
        [ 0.8120589 ,  0.28138428,  0.16521566, ..., -0.38349855,
         -0.31082507,  0.        ]],

       [[ 0.        , -0.31877493, -0.76681827, ...,  0.86525017,
          0.76681827,  0.86988345],
        [ 0.31877493,  0.        , -0.52220346, ...,  0.66029572,
          0.52220346,  0.66726395],
        [ 0.76681827,  0.52220346,  0.        , ...,  0.17093624,
          0.        ,  0.18010839],
        ...,
        [-0.86525017, -0.66029572, -0.17093624, ...,  0.        ,
          0.17093624, -0.00931669],
        [-0.76681827, -0.52220346, -0.        , ..., -0.17093624,
          0.        , -0.18010839],
        [-0.86988345, -0.66726395, -0.18010839, ...,  0.00931669,
          0.18010839,  0.        ]],

       ...,

       [[ 0.        ,  0.34558444,  0.41822348, ...,  0.77600829,
          0.58069343,  0.47558874],
        [-0.34558444,  0.        ,  0.07854614, ...,  0.51022865,
          0.26356755,  0.14228712],
        [-0.41822348, -0.07854614,  0.        , ...,  0.44109955,
          0.18698443,  0.06410055],
        ...,
        [-0.77600829, -0.51022865, -0.44109955, ...,  0.        ,
         -0.26550912, -0.38266485],
        [-0.58069343, -0.26356755, -0.18698443, ...,  0.26550912,
          0.        , -0.12362989],
        [-0.47558874, -0.14228712, -0.06410055, ...,  0.38266485,
          0.12362989,  0.        ]],

       [[ 0.        , -0.13562811, -0.16292247, ...,  0.99980961,
          0.99995502,  0.99998629],
        [ 0.13562811,  0.        , -0.02760107, ...,  0.98792471,
          0.98942892,  0.99003612],
        [ 0.16292247,  0.02760107,  0.        , ...,  0.98327196,
          0.9850493 ,  0.98577232],
        ...,
        [-0.99980961, -0.98792471, -0.98327196, ...,  0.        ,
         -0.01002939, -0.01427767],
        [-0.99995502, -0.98942892, -0.9850493 , ...,  0.01002939,
          0.        , -0.00424858],
        [-0.99998629, -0.99003612, -0.98577232, ...,  0.01427767,
          0.00424858,  0.        ]],

       [[ 0.        ,  0.52360202,  0.60791674, ...,  0.32057148,
          0.10870234,  0.        ],
        [-0.52360202,  0.        ,  0.10218216, ...,  0.7690836 ,
          0.6131097 ,  0.52360202],
        [-0.60791674, -0.10218216,  0.        , ...,  0.83036753,
          0.69062418,  0.60791674],
        ...,
        [-0.32057148, -0.7690836 , -0.83036753, ...,  0.        ,
          0.21570639,  0.32057148],
        [-0.10870234, -0.6131097 , -0.69062418, ..., -0.21570639,
          0.        ,  0.10870234],
        [-0.        , -0.52360202, -0.60791674, ..., -0.32057148,
         -0.10870234,  0.        ]]]), 'num': array([9.84129156e-01, 1.62268924e-01, 4.54066426e-07, 2.56831322e-02,
       2.58534071e-02, 2.55696156e-02, 2.52033827e-03, 4.54066426e-04,
       2.56121844e-02, 2.54291388e-02, 2.39531864e-02, 7.70087532e-07,
       2.59551799e-02, 2.49030977e-02])}
{'img': array([[[ 0.        ,  0.12563778,  0.11651601, ...,  0.94114882,
          0.99999336,  0.93005755],
        [-0.12563778,  0.        , -0.00918928, ...,  0.97615595,
          0.99161186,  0.96884901],
        [-0.11651601,  0.00918928,  0.        , ...,  0.97412001,
          0.99275772,  0.96653235],
        ...,
        [-0.94114882, -0.97615595, -0.97412001, ...,  0.        ,
         -0.34141914,  0.03143869],
        [-0.99999336, -0.99161186, -0.99275772, ...,  0.34141914,
          0.        ,  0.37079994],
        [-0.93005755, -0.96884901, -0.96653235, ..., -0.03143869,
         -0.37079994,  0.        ]],

       [[ 0.        , -0.11897719, -0.33485122, ..., -0.56571274,
         -0.28138428, -0.47659809],
        [ 0.11897719,  0.        , -0.220364  , ..., -0.4635856 ,
         -0.16521566, -0.36861742],
        [ 0.33485122,  0.220364  ,  0.        , ..., -0.25693561,
          0.05618136, -0.15470973],
        ...,
        [ 0.56571274,  0.4635856 ,  0.25693561, ...,  0.        ,
          0.31082507,  0.1043262 ],
        [ 0.28138428,  0.16521566, -0.05618136, ..., -0.31082507,
          0.        , -0.20997031],
        [ 0.47659809,  0.36861742,  0.15470973, ..., -0.1043262 ,
          0.20997031,  0.        ]],

       [[ 0.        , -0.52220346, -0.16698182, ...,  0.52220346,
          0.66726395,  0.58941377],
        [ 0.52220346,  0.        ,  0.37246612, ...,  0.        ,
          0.18010839,  0.0808121 ],
        [ 0.16698182, -0.37246612,  0.        , ...,  0.37246612,
          0.53352393,  0.44624524],
        ...,
        [-0.52220346, -0.        , -0.37246612, ...,  0.        ,
         -0.18010839, -0.0808121 ],
        [-0.66726395, -0.18010839, -0.53352393, ...,  0.18010839,
          0.        ,  0.10002876],
        [-0.58941377, -0.0808121 , -0.44624524, ...,  0.0808121 ,
         -0.10002876,  0.        ]],

       ...,

       [[ 0.        ,  0.07854614,  0.06874044, ...,  0.26356755,
          0.14228712,  0.12602664],
        [-0.07854614,  0.        , -0.00983229, ...,  0.18698443,
          0.06410055,  0.0477174 ],
        [-0.06874044,  0.00983229,  0.        , ...,  0.19663427,
          0.07390952,  0.05753618],
        ...,
        [-0.26356755, -0.18698443, -0.19663427, ...,  0.        ,
         -0.12362989, -0.13989563],
        [-0.14228712, -0.06410055, -0.07390952, ...,  0.12362989,
          0.        , -0.01640827],
        [-0.12602664, -0.0477174 , -0.05753618, ...,  0.13989563,
          0.01640827,  0.        ]],

       [[ 0.        , -0.02760107, -0.02919049, ...,  0.98942892,
          0.99003612,  0.98415604],
        [ 0.02760107,  0.        , -0.00159006, ...,  0.9850493 ,
          0.98577232,  0.9788873 ],
        [ 0.02919049,  0.00159006,  0.        , ...,  0.98477413,
          0.98550381,  0.97856105],
        ...,
        [-0.98942892, -0.9850493 , -0.98477413, ...,  0.        ,
         -0.00424858,  0.03270924],
        [-0.99003612, -0.98577232, -0.98550381, ...,  0.00424858,
          0.        ,  0.03695526],
        [-0.98415604, -0.9788873 , -0.97856105, ..., -0.03270924,
         -0.03695526,  0.        ]],

       [[ 0.        ,  0.34818852,  0.40880438, ...,  0.11840878,
          0.03570935,  0.        ],
        [-0.34818852,  0.        ,  0.06545874, ...,  0.45673829,
          0.38144128,  0.34818852],
        [-0.40880438, -0.06545874,  0.        , ...,  0.51399088,
          0.4411328 ,  0.40880438],
        ...,
        [-0.11840878, -0.45673829, -0.51399088, ...,  0.        ,
          0.08287513,  0.11840878],
        [-0.03570935, -0.38144128, -0.4411328 , ..., -0.08287513,
          0.        ,  0.03570935],
        [-0.        , -0.34818852, -0.40880438, ..., -0.11840878,
         -0.03570935,  0.        ]]]), 'num': array([9.84775512e-01, 1.58642507e-01, 4.43918863e-07, 2.58166564e-02,
       2.60108709e-02, 2.53588651e-02, 3.66091563e-03, 7.07495688e-04,
       2.51951700e-02, 2.49170271e-02, 2.34835391e-02, 8.78216501e-07,
       2.55719646e-02, 2.42620895e-02])}
{'img': array([[[ 0.        , -0.00854022,  0.26441253, ...,  0.95145719,
          0.99779348,  0.73020341],
        [ 0.00854022,  0.        ,  0.27263916, ...,  0.95405101,
          0.99832411,  0.72434185],
        [-0.26441253, -0.27263916,  0.        , ...,  0.83621333,
          0.94472627,  0.88486975],
        ...,
        [-0.95145719, -0.95405101, -0.83621333, ...,  0.        ,
          0.2439309 ,  0.87480674],
        [-0.99779348, -0.99832411, -0.94472627, ..., -0.2439309 ,
          0.        ,  0.73020341],
        [-0.73020341, -0.72434185, -0.88486975, ..., -0.87480674,
         -0.73020341,  0.        ]],

       [[ 0.        , -0.220364  ,  0.22622443, ..., -0.16521566,
         -0.36861742,  0.03597796],
        [ 0.220364  ,  0.        ,  0.43531442, ...,  0.05618136,
         -0.15470973,  0.25531488],
        [-0.22622443, -0.43531442,  0.        , ..., -0.38404801,
         -0.56935506, -0.19103273],
        ...,
        [ 0.16521566, -0.05618136,  0.38404801, ...,  0.        ,
         -0.20997031,  0.20059223],
        [ 0.36861742,  0.15470973,  0.56935506, ...,  0.20997031,
          0.        ,  0.40182321],
        [-0.03597796, -0.25531488,  0.19103273, ..., -0.20059223,
         -0.40182321,  0.        ]],

       [[ 0.        ,  0.3647934 ,  0.61293527, ...,  0.43637462,
          0.40953492,  0.        ],
        [-0.3647934 ,  0.        ,  0.28246162, ...,  0.73453175,
          0.71411225,  0.3647934 ],
        [-0.61293527, -0.28246162,  0.        , ...,  0.89629179,
          0.88276455,  0.61293527],
        ...,
        [-0.43637462, -0.73453175, -0.89629179, ...,  0.        ,
          0.02961692,  0.43637462],
        [-0.40953492, -0.71411225, -0.88276455, ..., -0.02961692,
          0.        ,  0.40953492],
        [-0.        , -0.3647934 , -0.61293527, ..., -0.43637462,
         -0.40953492,  0.        ]],

       ...,

       [[ 0.        , -0.00983229,  0.14997149, ...,  0.06410055,
          0.0477174 ,  0.36059532],
        [ 0.00983229,  0.        ,  0.15968533, ...,  0.07390952,
          0.05753618,  0.36974869],
        [-0.14997149, -0.15968533,  0.        , ..., -0.08628748,
         -0.10262293,  0.21663534],
        ...,
        [-0.06410055, -0.07390952,  0.08628748, ...,  0.        ,
         -0.01640827,  0.30006573],
        [-0.0477174 , -0.05753618,  0.10262293, ...,  0.01640827,
          0.        ,  0.31567748],
        [-0.36059532, -0.36974869, -0.21663534, ..., -0.30006573,
         -0.31567748,  0.        ]],

       [[ 0.        , -0.00159006,  0.03683722, ...,  0.98577232,
          0.9788873 ,  0.8047405 ],
        [ 0.00159006,  0.        ,  0.03842615, ...,  0.98550381,
          0.97856105,  0.80379558],
        [-0.03683722, -0.03842615,  0.        , ...,  0.99129508,
          0.98575246,  0.82606187],
        ...,
        [-0.98577232, -0.98550381, -0.99129508, ...,  0.        ,
          0.03695526,  0.44991515],
        [-0.9788873 , -0.97856105, -0.98575246, ..., -0.03695526,
          0.        ,  0.41660414],
        [-0.8047405 , -0.80379558, -0.82606187, ..., -0.44991515,
         -0.41660414,  0.        ]],

       [[ 0.        ,  0.14017343,  0.1841415 , ...,  0.14801255,
          0.11209033,  0.41252179],
        [-0.14017343,  0.        ,  0.04454704, ...,  0.2851807 ,
          0.25027372,  0.53613962],
        [-0.1841415 , -0.04454704,  0.        , ...,  0.32759477,
          0.2931546 ,  0.57321085],
        ...,
        [-0.14801255, -0.2851807 , -0.32759477, ...,  0.        ,
          0.03622407, -0.27314637],
        [-0.11209033, -0.25027372, -0.2931546 , ..., -0.03622407,
          0.        , -0.30781366],
        [-0.41252179, -0.53613962, -0.57321085, ...,  0.27314637,
          0.30781366,  0.        ]]]), 'num': array([9.84775216e-01, 1.58570979e-01, 4.43718710e-07, 2.58188824e-02,
       2.59298121e-02, 2.57079527e-02, 2.52359470e-03, 1.38662097e-05,
       2.52891932e-02, 2.49820567e-02, 2.35358110e-02, 8.42730847e-07,
       2.56870972e-02, 2.42770161e-02])}
{'img': array([[[ 0.        ,  0.27211802,  0.23792896, ...,  0.99797264,
          0.79565708,  0.72342548],
        [-0.27211802,  0.        , -0.03535304, ...,  0.94299424,
          0.93046683,  0.88399716],
        [-0.23792896,  0.03535304,  0.        , ...,  0.95417057,
          0.91693267,  0.86691729],
        ...,
        [-0.99797264, -0.94299424, -0.95417057, ...,  0.        ,
          0.65515837,  0.73504477],
        [-0.79565708, -0.93046683, -0.91693267, ..., -0.65515837,
          0.        ,  0.11111058],
        [-0.72342548, -0.88399716, -0.86691729, ..., -0.73504477,
         -0.11111058,  0.        ]],

       [[ 0.        ,  0.43531442, -0.00530672, ..., -0.15470973,
          0.25531488, -0.13118991],
