state_0,state_1,state_2,state_3,state_4,state_5,state_6,state_7,state_8,state_9,state_10,state_11,state_12,state_13,state_14,state_15,state_16,state_17,state_18,state_19,state_20,state_21,state_22,state_23,state_24,state_25,state_26,state_27,state_28,state_29,state_30,state_31,state_32,state_33,state_34,state_35,state_36,state_37,state_38,state_39,state_40,state_41,state_42,state_43,state_44,state_45,state_46,state_47,state_48,state_49,state_50,state_51,state_52,state_53,state_54,state_55,state_56,state_57,state_58,state_59,state_60,state_61,state_62,state_63,state_64,state_65,state_66,state_67,state_68,state_69,state_70,state_71,state_72,state_73,state_74,state_75,state_76,state_77,state_78,state_79,state_80,state_81,state_82,state_83,state_84,state_85,state_86,state_87,state_88,state_89,state_90,state_91,state_92,state_93,state_94,state_95,state_96,state_97,state_98,state_99,state_100,state_101,state_102,state_103,state_104,state_105,state_106,state_107,state_108,state_109,state_110,state_111,state_112,state_113,state_114,state_115,state_116,state_117,state_118,state_119,state_120,state_121,state_122,state_123,state_124,state_125,state_126,state_127,state_128,state_129,state_130,state_131,state_132,state_133,state_134,state_135,state_136,state_137,state_138,state_139,state_140,state_141,state_142,state_143,state_144,state_145,state_146,state_147,state_148,state_149,state_150,state_151,state_152,state_153,state_154,state_155,state_156,state_157,state_158,state_159,state_160,state_161,state_162,state_163,state_164,state_165,state_166,state_167,state_168,state_169,state_170,state_171,state_172,state_173,state_174,state_175,state_176,state_177,state_178,state_179,state_180,state_181,state_182,state_183,state_184,state_185,state_186,state_187,state_188,state_189,state_190,state_191,state_192,state_193,state_194,state_195,state_196,state_197,state_198,state_199,state_200,state_201,state_202,state_203,state_204,state_205,state_206,state_207,state_208,state_209,state_210,state_211,state_212,state_213,state_214,state_215,state_216,state_217,state_218,state_219,state_220,state_221,state_222,state_223,state_224,state_225,state_226,state_227,state_228,state_229,state_230,state_231,state_232,state_233,state_234,state_235,state_236,state_237,state_238,state_239,state_240,state_241,state_242,state_243,state_244,state_245,state_246,state_247,state_248,state_249,state_250,state_251,state_252,state_253,state_254,state_255,state_256,state_257,state_258,state_259,state_260,state_261,state_262,state_263,state_264,state_265,state_266,state_267,state_268,state_269,state_270,state_271,state_272,state_273,state_274,state_275,state_276,state_277,state_278,state_279,state_280,state_281,state_282,state_283,state_284,state_285,state_286,state_287
{'img': array([[[ 0.        , -0.23670303, -0.16199078, ..., -0.89162216,
         -0.93008509, -0.95501679],
        [ 0.23670303,  0.        ,  0.07618938, ..., -0.75910963,
         -0.81670251, -0.99807186],
        [ 0.16199078, -0.07618938,  0.        , ..., -0.80649963,
         -0.85829442, -0.99044184],
        ...,
        [ 0.89162216,  0.75910963,  0.80649963, ...,  0.        ,
         -0.09359196, -0.6968248 ],
        [ 0.93008509,  0.81670251,  0.85829442, ...,  0.09359196,
          0.        , -0.62663816],
        [ 0.95501679,  0.99807186,  0.99044184, ...,  0.6968248 ,
          0.62663816,  0.        ]],

       [[ 0.        , -0.10227216, -0.47902288, ..., -0.18553662,
         -0.3176638 , -0.18951121],
        [ 0.10227216,  0.        , -0.38673635, ..., -0.08406731,
         -0.21902331, -0.08809866],
        [ 0.47902288,  0.38673635,  0.        , ...,  0.30784128,
          0.17536507,  0.3039889 ],
        ...,
        [ 0.18553662,  0.08406731, -0.30784128, ...,  0.        ,
         -0.13622186, -0.00404636],
        [ 0.3176638 ,  0.21902331, -0.17536507, ...,  0.13622186,
          0.        ,  0.1322121 ],
        [ 0.18951121,  0.08809866, -0.3039889 , ...,  0.00404636,
         -0.1322121 ,  0.        ]],

       [[ 0.        , -0.07022426, -0.1425968 , ..., -0.7916028 ,
         -0.94182099, -0.94007265],
        [ 0.07022426,  0.        , -0.07273814, ..., -0.74673897,
         -0.91589243, -0.96169649],
        [ 0.1425968 ,  0.07273814,  0.        , ..., -0.69638152,
         -0.88426748, -0.97908775],
        ...,
        [ 0.7916028 ,  0.74673897,  0.69638152, ...,  0.        ,
         -0.30941704, -0.84433438],
        [ 0.94182099,  0.91589243,  0.88426748, ...,  0.30941704,
          0.        , -0.63710909],
        [ 0.94007265,  0.96169649,  0.97908775, ...,  0.84433438,
          0.63710909,  0.        ]],

       ...,

       [[ 0.        , -0.01114639,  0.08188348, ..., -0.99997987,
         -0.99964468, -0.95362196],
        [ 0.01114639,  0.        ,  0.09298735, ..., -0.99984703,
         -0.99928546, -0.95691786],
        [-0.08188348, -0.09298735,  0.        , ..., -0.99714138,
         -0.99847043, -0.92577212],
        ...,
        [ 0.99997987,  0.99984703,  0.99714138, ...,  0.        ,
          0.02031258, -0.30705128],
        [ 0.99964468,  0.99928546,  0.99847043, ..., -0.02031258,
          0.        , -0.32631927],
        [ 0.95362196,  0.95691786,  0.92577212, ...,  0.30705128,
          0.32631927,  0.        ]],

       [[ 0.        , -0.10390427, -0.29726356, ...,  0.99996788,
          0.99336962,  0.83573719],
        [ 0.10390427,  0.        , -0.19644724, ...,  0.99538818,
          0.97604753,  0.77415668],
        [ 0.29726356,  0.19644724,  0.        , ...,  0.95714745,
          0.91429011,  0.63472184],
        ...,
        [-0.99996788, -0.99538818, -0.95714745, ...,  0.        ,
          0.12292278,  0.55581069],
        [-0.99336962, -0.97604753, -0.91429011, ..., -0.12292278,
          0.        ,  0.44940875],
        [-0.83573719, -0.77415668, -0.63472184, ..., -0.55581069,
         -0.44940875,  0.        ]],

       [[ 0.        ,  0.11314402,  0.2812975 , ..., -0.43105739,
         -0.70823823, -0.99785223],
        [-0.11314402,  0.        ,  0.17091584, ..., -0.53038202,
         -0.78356703, -0.9840331 ],
        [-0.2812975 , -0.17091584,  0.        , ..., -0.66747319,
         -0.87822859, -0.93913312],
        ...,
        [ 0.43105739,  0.53038202,  0.66747319, ...,  0.        ,
         -0.33474561, -0.92862302],
        [ 0.70823823,  0.78356703,  0.87822859, ...,  0.33474561,
          0.        , -0.75085052],
        [ 0.99785223,  0.9840331 ,  0.93913312, ...,  0.92862302,
          0.75085052,  0.        ]]]), 'num': array([9.99992898e-01, 1.15473132e-03, 9.99838005e-06, 1.16414705e-03,
       1.17346955e-03, 1.15482455e-03, 5.32314686e-04, 1.86449978e-05,
       1.18652104e-03, 1.31959972e-03, 1.35032512e-03, 2.37151287e-07,
       1.50056098e-03, 1.13863845e-03])}
{'img': array([[[ 0.        ,  0.07618938,  0.10398526, ..., -0.81670251,
         -0.99807186, -0.91628253],
        [-0.07618938,  0.        ,  0.02790666, ..., -0.85829442,
         -0.99044184, -0.94413556],
        [-0.10398526, -0.02790666,  0.        , ..., -0.87228066,
         -0.9862069 , -0.9529647 ],
        ...,
        [ 0.81670251,  0.85829442,  0.87228066, ...,  0.        ,
         -0.62663816, -0.20163308],
        [ 0.99807186,  0.99044184,  0.9862069 , ...,  0.62663816,
          0.        ,  0.45663298],
        [ 0.91628253,  0.94413556,  0.9529647 , ...,  0.20163308,
         -0.45663298,  0.        ]],

       [[ 0.        , -0.38673635, -0.37795949, ..., -0.21902331,
         -0.08809866, -0.42882256],
        [ 0.38673635,  0.        ,  0.00949849, ...,  0.17536507,
          0.3039889 , -0.04608274],
        [ 0.37795949, -0.00949849,  0.        , ...,  0.16600586,
          0.2949262 , -0.05556907],
        ...,
        [ 0.21902331, -0.17536507, -0.16600586, ...,  0.        ,
          0.1322121 , -0.22054739],
        [ 0.08809866, -0.3039889 , -0.2949262 , ..., -0.1322121 ,
          0.        , -0.34756785],
        [ 0.42882256,  0.04608274,  0.05556907, ...,  0.22054739,
          0.34756785,  0.        ]],

       [[ 0.        , -0.0686813 , -0.10877364, ..., -0.85939957,
         -0.97904181, -0.94569875],
        [ 0.0686813 ,  0.        , -0.04024301, ..., -0.82225317,
         -0.96274236, -0.9657901 ],
        [ 0.10877364,  0.04024301,  0.        , ..., -0.7986839 ,
         -0.95107994, -0.97544376],
        ...,
        [ 0.85939957,  0.82225317,  0.7986839 , ...,  0.        ,
         -0.32556379, -0.76288313],
        [ 0.97904181,  0.96274236,  0.95107994, ...,  0.32556379,
          0.        , -0.51083247],
        [ 0.94569875,  0.9657901 ,  0.97544376, ...,  0.76288313,
          0.51083247,  0.        ]],

       ...,

       [[ 0.        ,  0.09298735, -0.27333091, ..., -0.99928546,
         -0.95691786, -0.94809329],
        [-0.09298735,  0.        , -0.36159304, ..., -0.99847043,
         -0.92577212, -0.97355474],
        [ 0.27333091,  0.36159304,  0.        , ..., -0.95090183,
         -0.99984252, -0.82507283],
        ...,
        [ 0.99928546,  0.99847043,  0.95090183, ...,  0.        ,
         -0.32631927,  0.28193064],
        [ 0.95691786,  0.92577212,  0.99984252, ...,  0.32631927,
          0.        ,  0.57957971],
        [ 0.94809329,  0.97355474,  0.82507283, ..., -0.28193064,
         -0.57957971,  0.        ]],

       [[ 0.        , -0.19644724, -0.44388846, ...,  0.97604753,
          0.77415668,  0.99897893],
        [ 0.19644724,  0.        , -0.25920618, ...,  0.91429011,
          0.63472184,  0.98838842],
        [ 0.44388846,  0.25920618,  0.        , ...,  0.77804746,
          0.41272916,  0.91522131],
        ...,
        [-0.97604753, -0.91429011, -0.77804746, ...,  0.        ,
          0.44940875, -0.26143164],
        [-0.77415668, -0.63472184, -0.41272916, ..., -0.44940875,
          0.        , -0.66732296],
        [-0.99897893, -0.98838842, -0.91522131, ...,  0.26143164,
          0.66732296,  0.        ]],

       [[ 0.        ,  0.16012438,  0.31678425, ..., -0.71768564,
         -0.94562356, -0.96954521],
        [-0.16012438,  0.        ,  0.16081914, ..., -0.8199306 ,
         -0.98550458, -0.91781857],
        [-0.31678425, -0.16081914,  0.        , ..., -0.90132129,
         -0.99995992, -0.84202693],
        ...,
        [ 0.71768564,  0.8199306 ,  0.90132129, ...,  0.        ,
         -0.4250646 , -0.85092963],
        [ 0.94562356,  0.98550458,  0.99995992, ...,  0.4250646 ,
          0.        , -0.54695223],
        [ 0.96954521,  0.91781857,  0.84202693, ...,  0.85092963,
          0.54695223,  0.        ]]]), 'num': array([ 9.01431592e-01,  4.32910949e-01,  4.82513536e-06,  9.52277731e-04,
        9.90525755e-04,  9.52277731e-04,  7.06470429e-04, -2.74601200e-05,
        9.79149420e-04,  1.09654143e-03,  1.13371067e-03,  1.73998456e-07,
        1.25284828e-03,  9.40234582e-04])}
{'img': array([[[ 0.        ,  0.02695522, -0.05353277, ..., -0.97404937,
         -0.90228248, -0.98506456],
        [-0.02695522,  0.        , -0.08042989, ..., -0.97979636,
         -0.91357624, -0.98006533],
        [ 0.05353277,  0.08042989,  0.        , ..., -0.96053629,
         -0.87790828, -0.99286963],
        ...,
        [ 0.97404937,  0.97979636,  0.96053629, ...,  0.        ,
          0.21573817, -0.39067235],
        [ 0.90228248,  0.91357624,  0.87790828, ..., -0.21573817,
          0.        , -0.58006592],
        [ 0.98506456,  0.98006533,  0.99286963, ...,  0.39067235,
          0.58006592,  0.        ]],

       [[ 0.        ,  0.00949849,  0.01892246, ...,  0.3039889 ,
         -0.04608274,  0.24621706],
        [-0.00949849,  0.        ,  0.00942481, ...,  0.2949262 ,
         -0.05556907,  0.23699987],
        [-0.01892246, -0.00942481,  0.        , ...,  0.28590751,
         -0.06497685,  0.22783305],
        ...,
        [-0.3039889 , -0.2949262 , -0.28590751, ...,  0.        ,
         -0.34756785, -0.06006553],
        [ 0.04608274,  0.05556907,  0.06497685, ...,  0.34756785,
          0.        ,  0.29061956],
        [-0.24621706, -0.23699987, -0.22783305, ...,  0.06006553,
         -0.29061956,  0.        ]],

       [[ 0.        , -0.0376619 , -0.08826918, ..., -0.89724825,
         -0.96850359, -0.94769287],
        [ 0.0376619 ,  0.        , -0.05069166, ..., -0.87998297,
         -0.95843868, -0.95904159],
        [ 0.08826918,  0.05069166,  0.        , ..., -0.85477281,
         -0.9427442 , -0.97216779],
        ...,
        [ 0.89724825,  0.87998297,  0.85477281, ...,  0.        ,
         -0.20420547, -0.70481843],
        [ 0.96850359,  0.95843868,  0.9427442 , ...,  0.20420547,
          0.        , -0.54510567],
        [ 0.94769287,  0.95904159,  0.97216779, ...,  0.70481843,
          0.54510567,  0.        ]],

       ...,

       [[ 0.        , -0.36159304, -0.6443149 , ..., -0.92577212,
         -0.97355474, -0.99835253],
        [ 0.36159304,  0.        , -0.324186  , ..., -0.99984252,
         -0.82507283, -0.91005256],
        [ 0.6443149 ,  0.324186  ,  0.        , ..., -0.95159761,
         -0.59733978, -0.7265309 ],
        ...,
        [ 0.92577212,  0.99984252,  0.95159761, ...,  0.        ,
          0.57957971,  0.430578  ],
        [ 0.97355474,  0.82507283,  0.59733978, ..., -0.57957971,
          0.        , -0.17221691],
        [ 0.99835253,  0.91005256,  0.7265309 , ..., -0.430578  ,
          0.17221691,  0.        ]],

       [[ 0.        , -0.25920618, -0.63472184, ...,  0.63472184,
          0.98838842,  0.99273121],
        [ 0.25920618,  0.        , -0.41272916, ...,  0.41272916,
          0.91522131,  0.98999779],
        [ 0.63472184,  0.41272916,  0.        , ...,  0.        ,
          0.66732296,  0.84351421],
        ...,
        [-0.63472184, -0.41272916, -0.        , ...,  0.        ,
         -0.66732296, -0.84351421],
        [-0.98838842, -0.91522131, -0.66732296, ...,  0.66732296,
          0.        , -0.26979906],
        [-0.99273121, -0.98999779, -0.84351421, ...,  0.84351421,
          0.26979906,  0.        ]],

       [[ 0.        ,  0.15087643,  0.24523919, ..., -0.93276056,
         -0.98941266, -0.89190333],
        [-0.15087643,  0.        ,  0.09616279, ..., -0.97647333,
         -0.99998312, -0.81346312],
        [-0.24523919, -0.09616279,  0.        , ..., -0.99268436,
         -0.99479003, -0.75376335],
        ...,
        [ 0.93276056,  0.97647333,  0.99268436, ...,  0.        ,
         -0.22130869, -0.74334672],
        [ 0.98941266,  0.99998312,  0.99479003, ...,  0.22130869,
          0.        , -0.57687977],
        [ 0.89190333,  0.81346312,  0.75376335, ...,  0.74334672,
          0.57687977,  0.        ]]]), 'num': array([ 9.01341255e-01,  4.33099392e-01,  4.82723571e-06,  9.51711105e-04,
        9.63484851e-04,  9.25220178e-04,  6.14589522e-04, -9.81145469e-07,
        9.68979266e-04,  1.08352800e-03,  1.13129343e-03,  1.68287087e-07,
        1.24115906e-03,  9.25896941e-04])}
{'img': array([[[ 0.        , -0.08020149, -0.05361344, ..., -0.91047933,
         -0.99615286, -0.9795255 ],
        [ 0.08020149,  0.        ,  0.0266454 , ..., -0.87437868,
         -0.99997219, -0.9925163 ],
        [ 0.05361344, -0.0266454 ,  0.        , ..., -0.88699776,
         -0.99941845, -0.98891018],
        ...,
        [ 0.91047933,  0.87437868,  0.88699776, ...,  0.        ,
         -0.49175126, -0.58838507],
        [ 0.99615286,  0.99997219,  0.99941845, ...,  0.49175126,
          0.        , -0.11470724],
        [ 0.9795255 ,  0.9925163 ,  0.98891018, ...,  0.58838507,
          0.11470724,  0.        ]],

       [[ 0.        ,  0.00942481,  0.15187199, ..., -0.05556907,
          0.23699987,  0.15480708],
        [-0.00942481,  0.        ,  0.14254976, ..., -0.06497685,
          0.22783305,  0.14548902],
        [-0.15187199, -0.14254976,  0.        , ..., -0.2065618 ,
          0.0867056 ,  0.00297022],
        ...,
        [ 0.05556907,  0.06497685,  0.2065618 , ...,  0.        ,
          0.29061956,  0.20946705],
        [-0.23699987, -0.22783305, -0.0867056 , ..., -0.29061956,
          0.        , -0.08374619],
        [-0.15480708, -0.14548902, -0.00297022, ..., -0.20946705,
          0.08374619,  0.        ]],

       [[ 0.        , -0.04900584, -0.09245079, ..., -0.9258856 ,
         -0.99549123, -0.94957955],
        [ 0.04900584,  0.        , -0.04354375, ..., -0.90625854,
         -0.98964676, -0.96380324],
        [ 0.09245079,  0.04354375,  0.        , ..., -0.88699199,
         -0.98245851, -0.97449849],
        ...,
        [ 0.9258856 ,  0.90625854,  0.88699199, ...,  0.        ,
         -0.28827698, -0.64904433],
        [ 0.99549123,  0.98964676,  0.98245851, ...,  0.28827698,
          0.        , -0.40218362],
        [ 0.94957955,  0.96380324,  0.97449849, ...,  0.64904433,
          0.40218362,  0.        ]],

       ...,

       [[ 0.        , -0.324186  , -0.23838445, ..., -0.82507283,
         -0.91005256, -0.92907717],
        [ 0.324186  ,  0.        ,  0.08932989, ..., -0.59733978,
         -0.7265309 , -0.75898899],
        [ 0.23838445, -0.08932989,  0.        , ..., -0.6665932 ,
         -0.78500789, -0.81411763],
        ...,
        [ 0.82507283,  0.59733978,  0.6665932 , ...,  0.        ,
         -0.17221691, -0.21977028],
        [ 0.91005256,  0.7265309 ,  0.78500789, ...,  0.17221691,
          0.        , -0.04848021],
        [ 0.92907717,  0.75898899,  0.81411763, ...,  0.21977028,
          0.04848021,  0.        ]],

       [[ 0.        , -0.41272916, -0.32925499, ...,  0.91522131,
          0.98999779,  0.9904901 ],
        [ 0.41272916,  0.        ,  0.08981265, ...,  0.66732296,
          0.84351421,  0.9589766 ],
        [ 0.32925499, -0.08981265,  0.        , ...,  0.73151572,
          0.88834429,  0.98056163],
        ...,
        [-0.91522131, -0.66732296, -0.73151572, ...,  0.        ,
         -0.26979906, -0.52503932],
        [-0.98999779, -0.84351421, -0.88834429, ...,  0.26979906,
          0.        , -0.27594907],
        [-0.9904901 , -0.9589766 , -0.98056163, ...,  0.52503932,
          0.27594907,  0.        ]],

       [[ 0.        ,  0.09201656,  0.07327859, ..., -0.98848895,
         -0.99245799, -0.79182114],
        [-0.09201656,  0.        , -0.01880148, ..., -0.99821673,
         -0.97696759, -0.73226243],
        [-0.07327859,  0.01880148,  0.        , ..., -0.99691795,
         -0.9808069 , -0.74493722],
        ...,
        [ 0.98848895,  0.99821673,  0.99691795, ...,  0.        ,
         -0.27132616, -0.72351968],
        [ 0.99245799,  0.97696759,  0.9808069 , ...,  0.27132616,
          0.        , -0.50908116],
        [ 0.79182114,  0.73226243,  0.74493722, ...,  0.72351968,
          0.50908116,  0.        ]]]), 'num': array([ 9.96732982e-01,  8.06998541e-02,  9.53208204e-06,  1.05170274e-03,
        1.07030726e-03,  1.04404205e-03,  6.88225078e-04, -9.84945331e-06,
        1.06899400e-03,  1.19561419e-03,  1.25837710e-03,  1.96618089e-07,
        1.37744597e-03,  1.01378242e-03])}
{'img': array([[[ 0.        ,  0.02597463, -0.1474359 , ..., -0.97760721,
         -0.98136366, -0.98907161],
        [-0.02597463,  0.        , -0.17307692, ..., -0.98274342,
         -0.98602383, -0.98490831],
        [ 0.1474359 ,  0.17307692,  0.        , ..., -0.93589744,
         -0.94230769, -1.        ],
        ...,
        [ 0.97760721,  0.98274342,  0.93589744, ...,  0.        ,
         -0.01865941, -0.35227261],
        [ 0.98136366,  0.98602383,  0.94230769, ...,  0.01865941,
          0.        , -0.33474798],
        [ 0.98907161,  0.98490831,  1.        , ...,  0.35227261,
          0.33474798,  0.        ]],

       [[ 0.        ,  0.14254976,  0.40919798, ...,  0.22783305,
          0.14548902,  0.14784767],
        [-0.14254976,  0.        ,  0.27495019, ...,  0.0867056 ,
          0.00297022,  0.00535464],
        [-0.40919798, -0.27495019,  0.        , ..., -0.19055089,
         -0.27209324, -0.26979799],
        ...,
        [-0.22783305, -0.0867056 ,  0.19055089, ...,  0.        ,
         -0.08374619, -0.08136989],
        [-0.14548902, -0.00297022,  0.27209324, ...,  0.08374619,
          0.        ,  0.00238444],
        [-0.14784767, -0.00535464,  0.26979799, ...,  0.08136989,
         -0.00238444,  0.        ]],

       [[ 0.        , -0.04213951, -0.07300577, ..., -0.96203826,
         -0.99454801, -0.95508745],
        [ 0.04213951,  0.        , -0.03091386, ..., -0.94968323,
         -0.9892703 , -0.96672603],
        [ 0.07300577,  0.03091386,  0.        , ..., -0.93954673,
         -0.98428106, -0.97417219],
        ...,
        [ 0.96203826,  0.94968323,  0.93954673, ...,  0.        ,
         -0.17110566, -0.54573244],
        [ 0.99454801,  0.9892703 ,  0.98428106, ...,  0.17110566,
          0.        , -0.39430474],
        [ 0.95508745,  0.96672603,  0.97417219, ...,  0.54573244,
          0.39430474,  0.        ]],

       ...,

       [[ 0.        ,  0.08932989, -0.09805662, ..., -0.7265309 ,
         -0.75898899, -0.71461949],
        [-0.08932989,  0.        , -0.186564  , ..., -0.78500789,
         -0.81411763, -0.77424997],
        [ 0.09805662,  0.186564  ,  0.        , ..., -0.65565161,
         -0.6914863 , -0.6425837 ],
        ...,
        [ 0.7265309 ,  0.78500789,  0.65565161, ...,  0.        ,
         -0.04848021,  0.01717889],
        [ 0.75898899,  0.81411763,  0.6914863 , ...,  0.04848021,
          0.        ,  0.06563174],
        [ 0.71461949,  0.77424997,  0.6425837 , ..., -0.01717889,
         -0.06563174,  0.        ]],

       [[ 0.        ,  0.08981265,  0.33825896, ...,  0.84351421,
          0.9589766 ,  0.98805169],
        [-0.08981265,  0.        ,  0.25237347, ...,  0.88834429,
          0.98056163,  0.99790084],
        [-0.33825896, -0.25237347,  0.        , ...,  0.97547284,
          0.99833929,  0.98194251],
        ...,
        [-0.84351421, -0.88834429, -0.97547284, ...,  0.        ,
         -0.27594907, -0.40068453],
        [-0.9589766 , -0.98056163, -0.99833929, ...,  0.27594907,
          0.        , -0.13229788],
        [-0.98805169, -0.99790084, -0.98194251, ...,  0.40068453,
          0.13229788,  0.        ]],

       [[ 0.        , -0.01795943, -0.09686535, ..., -0.99982978,
         -0.97374353, -0.70946195],
        [ 0.01795943,  0.        , -0.07897475, ..., -0.99999988,
         -0.9776749 , -0.72200432],
        [ 0.09686535,  0.07897475,  0.        , ..., -0.99691525,
         -0.99121568, -0.77439095],
        ...,
        [ 0.99982978,  0.99999988,  0.99691525, ...,  0.        ,
         -0.20964347, -0.69153417],
        [ 0.97374353,  0.9776749 ,  0.99121568, ...,  0.20964347,
          0.        , -0.52473217],
        [ 0.70946195,  0.72200432,  0.77439095, ...,  0.69153417,
          0.52473217,  0.        ]]]), 'num': array([9.99863946e-01, 1.61751716e-02, 9.97655957e-06, 1.05546006e-03,
       1.06616452e-03, 1.02548756e-03, 6.75633595e-04, 2.67611577e-05,
       1.04625422e-03, 1.15875813e-03, 1.22810521e-03, 1.55082327e-07,
       1.33699885e-03, 9.80517405e-04])}
{'img': array([[[ 0.        , -0.17307692, -0.31024451, ..., -0.98602383,
         -0.98490831, -0.92104829],
        [ 0.17307692,  0.        , -0.14102564, ..., -0.94230769,
         -1.        , -0.83974359],
        [ 0.31024451,  0.14102564,  0.        , ..., -0.88568217,
         -0.99000594, -0.7547766 ],
        ...,
        [ 0.98602383,  0.94230769,  0.88568217, ...,  0.        ,
         -0.33474798,  0.23055473],
        [ 0.98490831,  1.        ,  0.99000594, ...,  0.33474798,
          0.        ,  0.54298315],
        [ 0.92104829,  0.83974359,  0.7547766 , ..., -0.23055473,
         -0.54298315,  0.        ]],

       [[ 0.        ,  0.27495019,  0.20256362, ...,  0.00297022,
          0.00535464,  0.00756458],
        [-0.27495019,  0.        , -0.07449372, ..., -0.27209324,
         -0.26979799, -0.2676693 ],
        [-0.20256362,  0.07449372,  0.        , ..., -0.19965408,
         -0.19731708, -0.19515006],
        ...,
        [-0.00297022,  0.27209324,  0.19965408, ...,  0.        ,
          0.00238444,  0.00459442],
        [-0.00535464,  0.26979799,  0.19731708, ..., -0.00238444,
          0.        ,  0.00220999],
        [-0.00756458,  0.2676693 ,  0.19515006, ..., -0.00459442,
         -0.00220999,  0.        ]],

       [[ 0.        , -0.03091386, -0.11164294, ..., -0.9892703 ,
         -0.96672603, -0.98661903],
        [ 0.03091386,  0.        , -0.08086897, ..., -0.98428106,
         -0.97417219, -0.99118775],
        [ 0.11164294,  0.08086897,  0.        , ..., -0.96677508,
         -0.98924225, -0.99865362],
        ...,
        [ 0.9892703 ,  0.98428106,  0.96677508, ...,  0.        ,
         -0.39430474, -0.30543512],
        [ 0.96672603,  0.97417219,  0.98924225, ...,  0.39430474,
          0.        ,  0.09477336],
        [ 0.98661903,  0.99118775,  0.99865362, ...,  0.30543512,
         -0.09477336,  0.        ]],

       ...,

       [[ 0.        , -0.18498716, -0.3073299 , ..., -0.80173327,
         -0.76332306, -0.97685393],
        [ 0.18498716,  0.        , -0.12599132, ..., -0.67733261,
         -0.63064397, -0.92042421],
        [ 0.3073299 ,  0.12599132,  0.        , ..., -0.57924627,
         -0.52784021, -0.863837  ],
        ...,
        [ 0.80173327,  0.67733261,  0.57924627, ...,  0.        ,
          0.06170884, -0.41235127],
        [ 0.76332306,  0.63064397,  0.52784021, ..., -0.06170884,
          0.        , -0.4677837 ],
        [ 0.97685393,  0.92042421,  0.863837  , ...,  0.41235127,
          0.4677837 ,  0.        ]],

       [[ 0.        ,  0.3271188 ,  0.53571999, ...,  0.95940427,
          0.98831733,  0.99902975],
        [-0.3271188 ,  0.        ,  0.23002869, ...,  0.99887972,
          0.98379952,  0.92965991],
        [-0.53571999, -0.23002869,  0.        , ...,  0.96120834,
          0.91618006,  0.81998311],
        ...,
        [-0.95940427, -0.99887972, -0.96120834, ...,  0.        ,
         -0.13251662, -0.32401337],
        [-0.98831733, -0.98379952, -0.91618006, ...,  0.13251662,
          0.        , -0.19578815],
        [-0.99902975, -0.92965991, -0.81998311, ...,  0.32401337,
          0.19578815,  0.        ]],

       [[ 0.        , -0.07694899, -0.1601218 , ..., -0.99554754,
         -0.93344031, -0.70921029],
        [ 0.07694899,  0.        , -0.08369091, ..., -0.99984904,
         -0.95827681, -0.76135631],
        [ 0.1601218 ,  0.08369091,  0.        , ..., -0.99779546,
         -0.97883731, -0.81294493],
        ...,
        [ 0.99554754,  0.99984904,  0.99779546, ...,  0.        ,
         -0.2691487 , -0.63500732],
        [ 0.93344031,  0.95827681,  0.97883731, ...,  0.2691487 ,
          0.        , -0.40365566],
        [ 0.70921029,  0.76135631,  0.81294493, ...,  0.63500732,
          0.40365566,  0.        ]]]), 'num': array([9.99973158e-01, 6.54357667e-03, 9.87504554e-06, 1.05571688e-03,
       1.07145818e-03, 1.03472847e-03, 1.07946526e-03, 2.09884071e-05,
       1.02717264e-03, 1.12676263e-03, 1.20156882e-03, 2.27002275e-07,
       1.29793863e-03, 9.55586637e-04])}
{'img': array([[[ 0.00000000e+00, -1.41025641e-01, -1.66666667e-01, ...,
         -1.00000000e+00, -8.39743590e-01, -7.11538462e-01],
        [ 1.41025641e-01,  0.00000000e+00, -2.59478333e-02, ...,
         -9.90005944e-01, -7.54776598e-01, -6.05336041e-01],
        [ 1.66666667e-01,  2.59478333e-02,  0.00000000e+00, ...,
         -9.86013297e-01, -7.37501154e-01, -5.84478526e-01],
        ...,
        [ 1.00000000e+00,  9.90005944e-01,  9.86013297e-01, ...,
          0.00000000e+00,  5.42983152e-01,  7.02647150e-01],
        [ 8.39743590e-01,  7.54776598e-01,  7.37501154e-01, ...,
         -5.42983152e-01,  0.00000000e+00,  2.03690044e-01],
        [ 7.11538462e-01,  6.05336041e-01,  5.84478526e-01, ...,
         -7.02647150e-01, -2.03690044e-01,  0.00000000e+00]],

       [[ 0.00000000e+00, -7.44937248e-02, -2.67503048e-01, ...,
         -2.69797990e-01, -2.67669296e-01,  2.59889390e-02],
        [ 7.44937248e-02,  0.00000000e+00, -1.94980835e-01, ...,
         -1.97317081e-01, -1.95150060e-01,  1.00385291e-01],
        [ 2.67503048e-01,  1.94980835e-01,  0.00000000e+00, ...,
         -2.38252768e-03, -1.72539443e-04,  2.92454518e-01],
        ...,
        [ 2.69797990e-01,  1.97317081e-01,  2.38252768e-03, ...,
          0.00000000e+00,  2.20998869e-03,  2.94732050e-01],
        [ 2.67669296e-01,  1.95150060e-01,  1.72539443e-04, ...,
         -2.20998869e-03,  0.00000000e+00,  2.92619510e-01],
        [-2.59889390e-02, -1.00385291e-01, -2.92454518e-01, ...,
         -2.94732050e-01, -2.92619510e-01,  0.00000000e+00]],

       [[ 0.00000000e+00, -8.08689742e-02, -1.72118329e-01, ...,
         -9.74172185e-01, -9.91187751e-01, -9.98524666e-01],
        [ 8.08689742e-02,  0.00000000e+00, -9.18924886e-02, ...,
         -9.89242255e-01, -9.98653622e-01, -9.99645425e-01],
        [ 1.72118329e-01,  9.18924886e-02,  0.00000000e+00, ...,
         -9.98499343e-01, -9.99195112e-01, -9.92968993e-01],
        ...,
        [ 9.74172185e-01,  9.89242255e-01,  9.98499343e-01, ...,
          0.00000000e+00,  9.47733635e-02,  1.72575750e-01],
        [ 9.91187751e-01,  9.98653622e-01,  9.99195112e-01, ...,
         -9.47733635e-02,  0.00000000e+00,  7.84475569e-02],
        [ 9.98524666e-01,  9.99645425e-01,  9.92968993e-01, ...,
         -1.72575750e-01, -7.84475569e-02,  0.00000000e+00]],

       ...,

       [[ 0.00000000e+00, -1.25991325e-01, -4.90615397e-01, ...,
         -6.30643971e-01, -9.20424210e-01, -4.47457747e-01],
        [ 1.25991325e-01,  0.00000000e+00, -3.76920006e-01, ...,
         -5.27840212e-01, -8.63837003e-01, -3.31217428e-01],
        [ 4.90615397e-01,  3.76920006e-01,  0.00000000e+00, ...,
         -1.68775156e-01, -6.10243886e-01,  4.88557955e-02],
        ...,
        [ 6.30643971e-01,  5.27840212e-01,  1.68775156e-01, ...,
          0.00000000e+00, -4.67783704e-01,  2.16728551e-01],
        [ 9.20424210e-01,  8.63837003e-01,  6.10243886e-01, ...,
          4.67783704e-01,  0.00000000e+00,  6.48219385e-01],
        [ 4.47457747e-01,  3.31217428e-01, -4.88557955e-02, ...,
         -2.16728551e-01, -6.48219385e-01,  0.00000000e+00]],

       [[ 0.00000000e+00,  2.42207130e-01,  3.99406960e-01, ...,
          9.87922169e-01,  9.38164885e-01,  8.20900156e-01],
        [-2.42207130e-01,  0.00000000e+00,  1.65465309e-01, ...,
          9.20976138e-01,  8.26381234e-01,  6.58139849e-01],
        [-3.99406960e-01, -1.65465309e-01,  0.00000000e+00, ...,
          8.43812619e-01,  7.21814730e-01,  5.24489673e-01],
        ...,
        [-9.87922169e-01, -9.20976138e-01, -8.43812619e-01, ...,
          0.00000000e+00, -1.96638024e-01, -4.36975197e-01],
        [-9.38164885e-01, -8.26381234e-01, -7.21814730e-01, ...,
          1.96638024e-01,  0.00000000e+00, -2.51573058e-01],
        [-8.20900156e-01, -6.58139849e-01, -5.24489673e-01, ...,
          4.36975197e-01,  2.51573058e-01,  0.00000000e+00]],

       [[ 0.00000000e+00, -8.25670192e-02, -1.63222532e-01, ...,
         -9.78716691e-01, -9.13208992e-01, -7.54788568e-01],
        [ 8.25670192e-02,  0.00000000e+00, -8.12054755e-02, ...,
         -9.92318957e-01, -9.43736213e-01, -8.06372688e-01],
        [ 1.63222532e-01,  8.12054755e-02,  0.00000000e+00, ...,
         -9.99087282e-01, -9.67473998e-01, -8.51735092e-01],
        ...,
        [ 9.78716691e-01,  9.92318957e-01,  9.99087282e-01, ...,
          0.00000000e+00, -2.11413579e-01, -4.87112229e-01],
        [ 9.13208992e-01,  9.43736213e-01,  9.67473998e-01, ...,
          2.11413579e-01,  0.00000000e+00, -2.91466078e-01],
        [ 7.54788568e-01,  8.06372688e-01,  8.51735092e-01, ...,
          4.87112229e-01,  2.91466078e-01,  0.00000000e+00]]]), 'num': array([9.99974410e-01, 6.42930045e-03, 9.70258896e-06, 1.05583965e-03,
       1.06305730e-03, 1.01872029e-03, 6.70303513e-04, 1.85596813e-05,
       1.02016382e-03, 1.09966112e-03, 1.17898657e-03, 2.81855983e-07,
       1.26306454e-03, 9.36257698e-04])}
{'img': array([[[ 0.00000000e+00, -2.59478333e-02, -5.19924063e-02, ...,
         -7.54776598e-01, -6.05336041e-01, -4.76970563e-01],
        [ 2.59478333e-02,  0.00000000e+00, -2.60621620e-02, ...,
         -7.37501154e-01, -5.84478526e-01, -4.54003916e-01],
        [ 5.19924063e-02,  2.60621620e-02,  0.00000000e+00, ...,
         -7.19649669e-01, -5.63132916e-01, -4.30628324e-01],
        ...,
        [ 7.54776598e-01,  7.37501154e-01,  7.19649669e-01, ...,
          0.00000000e+00,  2.03690044e-01,  3.50503627e-01],
        [ 6.05336041e-01,  5.84478526e-01,  5.63132916e-01, ...,
         -2.03690044e-01,  0.00000000e+00,  1.52387241e-01],
        [ 4.76970563e-01,  4.54003916e-01,  4.30628324e-01, ...,
         -3.50503627e-01, -1.52387241e-01,  0.00000000e+00]],

       [[ 0.00000000e+00, -1.94980835e-01, -4.12485750e-01, ...,
         -1.95150060e-01,  1.00385291e-01, -1.77643435e-01],
        [ 1.94980835e-01,  0.00000000e+00, -2.26948401e-01, ...,
         -1.72539443e-04,  2.92454518e-01,  1.76457149e-02],
        [ 4.12485750e-01,  2.26948401e-01,  0.00000000e+00, ...,
          2.26780361e-01,  5.01849528e-01,  2.44098347e-01],
        ...,
        [ 1.95150060e-01,  1.72539443e-04, -2.26780361e-01, ...,
          0.00000000e+00,  2.92619510e-01,  1.78182272e-02],
        [-1.00385291e-01, -2.92454518e-01, -5.01849528e-01, ...,
         -2.92619510e-01,  0.00000000e+00, -2.75534749e-01],
        [ 1.77643435e-01, -1.76457149e-02, -2.44098347e-01, ...,
         -1.78182272e-02,  2.75534749e-01,  0.00000000e+00]],

       [[ 0.00000000e+00, -9.18924886e-02, -1.70731606e-01, ...,
         -9.98653622e-01, -9.99645425e-01, -9.57819021e-01],
        [ 9.18924886e-02,  0.00000000e+00, -7.94659454e-02, ...,
         -9.99195112e-01, -9.92968993e-01, -9.27359089e-01],
        [ 1.70731606e-01,  7.94659454e-02,  0.00000000e+00, ...,
         -9.92847546e-01, -9.80422048e-01, -8.94692413e-01],
        ...,
        [ 9.98653622e-01,  9.99195112e-01,  9.92847546e-01, ...,
          0.00000000e+00,  7.84475569e-02,  3.36671380e-01],
        [ 9.99645425e-01,  9.92968993e-01,  9.80422048e-01, ...,
         -7.84475569e-02,  0.00000000e+00,  2.61765878e-01],
        [ 9.57819021e-01,  9.27359089e-01,  8.94692413e-01, ...,
         -3.36671380e-01, -2.61765878e-01,  0.00000000e+00]],

       ...,

       [[ 0.00000000e+00, -3.76920006e-01, -4.51229755e-01, ...,
         -8.63837003e-01, -3.31217428e-01, -7.96368078e-02],
        [ 3.76920006e-01,  0.00000000e+00, -8.15833130e-02, ...,
         -6.10243886e-01,  4.88557955e-02,  3.01959628e-01],
        [ 4.51229755e-01,  8.15833130e-02,  0.00000000e+00, ...,
         -5.43578243e-01,  1.30178826e-01,  3.78728115e-01],
        ...,
        [ 8.63837003e-01,  6.10243886e-01,  5.43578243e-01, ...,
          0.00000000e+00,  6.48219385e-01,  8.20974663e-01],
        [ 3.31217428e-01, -4.88557955e-02, -1.30178826e-01, ...,
         -6.48219385e-01,  0.00000000e+00,  2.55023799e-01],
        [ 7.96368078e-02, -3.01959628e-01, -3.78728115e-01, ...,
         -8.20974663e-01, -2.55023799e-01,  0.00000000e+00]],

       [[ 0.00000000e+00,  1.65465309e-01,  2.67783170e-01, ...,
          8.26381234e-01,  6.58139849e-01,  4.34928022e-01],
        [-1.65465309e-01,  0.00000000e+00,  1.04669558e-01, ...,
          7.21814730e-01,  5.24489673e-01,  2.79937048e-01],
        [-2.67783170e-01, -1.04669558e-01,  0.00000000e+00, ...,
          6.45409471e-01,  4.32491260e-01,  1.77914673e-01],
        ...,
        [-8.26381234e-01, -7.21814730e-01, -6.45409471e-01, ...,
          0.00000000e+00, -2.51573058e-01, -4.99214786e-01],
        [-6.58139849e-01, -5.24489673e-01, -4.32491260e-01, ...,
          2.51573058e-01,  0.00000000e+00, -2.65176607e-01],
        [-4.34928022e-01, -2.79937048e-01, -1.77914673e-01, ...,
          4.99214786e-01,  2.65176607e-01,  0.00000000e+00]],

       [[ 0.00000000e+00, -8.06755668e-02, -1.83865273e-01, ...,
         -9.61017930e-01, -9.06531410e-01, -8.03304451e-01],
        [ 8.06755668e-02,  0.00000000e+00, -1.03965783e-01, ...,
         -9.80191078e-01, -9.37632745e-01, -8.48733846e-01],
        [ 1.83865273e-01,  1.03965783e-01,  0.00000000e+00, ...,
         -9.95470156e-01, -9.68692954e-01, -8.99113662e-01],
        ...,
        [ 9.61017930e-01,  9.80191078e-01,  9.95470156e-01, ...,
          0.00000000e+00, -1.55039247e-01, -3.50249625e-01],
        [ 9.06531410e-01,  9.37632745e-01,  9.68692954e-01, ...,
          1.55039247e-01,  0.00000000e+00, -2.00796013e-01],
        [ 8.03304451e-01,  8.48733846e-01,  8.99113662e-01, ...,
          3.50249625e-01,  2.00796013e-01,  0.00000000e+00]]]), 'num': array([ 9.99994494e-01,  1.15956352e-03,  9.84073823e-06,  1.05585088e-03,
        1.07665582e-03,  1.04856915e-03,  3.39713518e-04, -9.36222453e-06,
        1.03858277e-03,  1.10130968e-03,  1.18806629e-03,  2.92453831e-07,
        1.25981563e-03,  9.42803725e-04])}
{'img': array([[[ 0.        , -0.02606216,  0.18559764, ..., -0.58447853,
         -0.45400392, -0.51859641],
        [ 0.02606216,  0.        ,  0.21114395, ..., -0.56313292,
         -0.43062832, -0.49613661],
        [-0.18559764, -0.21114395,  0.        , ..., -0.72491932,
         -0.61148341, -0.66827577],
        ...,
        [ 0.58447853,  0.56313292,  0.72491932, ...,  0.        ,
          0.15238724,  0.07894645],
        [ 0.45400392,  0.43062832,  0.61148341, ..., -0.15238724,
          0.        , -0.0738872 ],
        [ 0.51859641,  0.49613661,  0.66827577, ..., -0.07894645,
          0.0738872 ,  0.        ]],

       [[ 0.        , -0.18760961,  0.25791573, ...,  0.27308553,
          0.01585222, -0.48945214],
        [ 0.18760961,  0.        ,  0.43459839, ...,  0.44871506,
          0.20315678, -0.31716003],
        [-0.25791573, -0.43459839,  0.        , ...,  0.01573405,
         -0.24256743, -0.697803  ],
        ...,
        [-0.27308553, -0.44871506, -0.01573405, ...,  0.        ,
         -0.25780154, -0.70898676],
        [-0.01585222, -0.20315678,  0.24256743, ...,  0.25780154,
          0.        , -0.50321425],
        [ 0.48945214,  0.31716003,  0.697803  , ...,  0.70898676,
          0.50321425,  0.        ]],

       [[ 0.        , -0.07946595, -0.1153365 , ..., -0.99296899,
         -0.92735909, -0.86658832],
        [ 0.07946595,  0.        , -0.03603613, ..., -0.98042205,
         -0.89469241, -0.82419242],
        [ 0.1153365 ,  0.03603613,  0.        , ..., -0.97268946,
         -0.87801458, -0.80324948],
        ...,
        [ 0.99296899,  0.98042205,  0.97268946, ...,  0.        ,
          0.26176588,  0.39293292],
        [ 0.92735909,  0.89469241,  0.87801458, ..., -0.26176588,
          0.        ,  0.1385206 ],
        [ 0.86658832,  0.82419242,  0.80324948, ..., -0.39293292,
         -0.1385206 ,  0.        ]],

       ...,

       [[ 0.        , -0.08158331,  0.58460123, ...,  0.0488558 ,
          0.30195963,  0.33166365],
        [ 0.08158331,  0.        ,  0.64884271, ...,  0.13017883,
          0.37872812,  0.40752357],
        [-0.58460123, -0.64884271,  0.        , ..., -0.5442654 ,
         -0.31232634, -0.28242585],
        ...,
        [-0.0488558 , -0.13017883,  0.5442654 , ...,  0.        ,
          0.2550238 ,  0.28517715],
        [-0.30195963, -0.37872812,  0.31232634, ..., -0.2550238 ,
          0.        ,  0.03131381],
        [-0.33166365, -0.40752357,  0.28242585, ..., -0.28517715,
         -0.03131381,  0.        ]],

       [[ 0.        ,  0.10466956,  0.02384556, ...,  0.52448967,
          0.27993705, -0.11570104],
        [-0.10466956,  0.        , -0.08092522, ...,  0.43249126,
          0.17791467, -0.21903211],
        [-0.02384556,  0.08092522,  0.        , ...,  0.50403803,
          0.25696528, -0.13935355],
        ...,
        [-0.52448967, -0.43249126, -0.50403803, ...,  0.        ,
         -0.26517661, -0.61947706],
        [-0.27993705, -0.17791467, -0.25696528, ...,  0.26517661,
          0.        , -0.38913214],
