state_0,state_1,state_2,state_3,state_4,state_5,state_6,state_7,state_8,state_9,state_10,state_11,state_12,state_13,state_14,state_15,state_16,state_17,state_18,state_19,state_20,state_21,state_22,state_23,state_24,state_25,state_26,state_27,state_28,state_29,state_30,state_31,state_32,state_33,state_34,state_35,state_36,state_37,state_38,state_39,state_40,state_41,state_42,state_43,state_44,state_45,state_46,state_47,state_48,state_49,state_50,state_51,state_52,state_53,state_54,state_55,state_56,state_57,state_58,state_59,state_60,state_61,state_62,state_63,state_64,state_65,state_66,state_67,state_68,state_69,state_70,state_71,state_72,state_73,state_74,state_75,state_76,state_77,state_78,state_79,state_80,state_81,state_82,state_83,state_84,state_85,state_86,state_87,state_88,state_89,state_90,state_91,state_92,state_93,state_94,state_95,state_96,state_97,state_98,state_99,state_100,state_101,state_102,state_103,state_104,state_105,state_106,state_107,state_108,state_109,state_110,state_111,state_112,state_113,state_114,state_115,state_116,state_117,state_118,state_119,state_120,state_121,state_122,state_123,state_124,state_125,state_126,state_127,state_128,state_129,state_130,state_131,state_132,state_133,state_134,state_135,state_136,state_137,state_138,state_139,state_140,state_141,state_142,state_143,state_144,state_145,state_146,state_147,state_148,state_149,state_150,state_151,state_152,state_153,state_154,state_155,state_156,state_157,state_158,state_159,state_160,state_161,state_162,state_163,state_164,state_165,state_166,state_167,state_168,state_169,state_170,state_171,state_172,state_173,state_174,state_175,state_176,state_177,state_178,state_179,state_180,state_181,state_182,state_183,state_184,state_185,state_186,state_187,state_188,state_189,state_190,state_191,state_192,state_193,state_194,state_195,state_196,state_197,state_198,state_199,state_200,state_201,state_202,state_203,state_204,state_205,state_206,state_207,state_208,state_209,state_210,state_211,state_212,state_213,state_214,state_215,state_216,state_217,state_218,state_219,state_220,state_221,state_222,state_223,state_224,state_225,state_226,state_227,state_228,state_229,state_230,state_231,state_232,state_233,state_234,state_235,state_236,state_237,state_238,state_239,state_240,state_241,state_242,state_243,state_244,state_245,state_246,state_247,state_248,state_249,state_250,state_251,state_252,state_253,state_254,state_255,state_256,state_257,state_258,state_259,state_260,state_261,state_262,state_263,state_264,state_265,state_266,state_267,state_268,state_269,state_270,state_271,state_272,state_273,state_274,state_275,state_276,state_277,state_278,state_279,state_280,state_281,state_282,state_283,state_284,state_285,state_286,state_287
{'img': array([[[ 0.        ,  0.48697175,  0.71784541, ...,  0.76370142,
          0.60336077,  0.3822701 ],
        [-0.48697175,  0.        ,  0.28794794, ...,  0.98140452,
          0.91533055,  0.78386803],
        [-0.71784541, -0.28794794,  0.        , ...,  0.99511005,
          0.9925203 ,  0.92946292],
        ...,
        [-0.76370142, -0.98140452, -0.99511005, ...,  0.        ,
          0.21951633,  0.45891682],
        [-0.60336077, -0.91533055, -0.9925203 , ..., -0.21951633,
          0.        ,  0.2526876 ],
        [-0.3822701 , -0.78386803, -0.92946292, ..., -0.45891682,
         -0.2526876 ,  0.        ]],

       [[ 0.        , -0.19444563,  0.17812221, ...,  0.84919814,
          0.44881382, -0.36511045],
        [ 0.19444563,  0.        ,  0.36605858, ...,  0.9356715 ,
          0.61400898, -0.17711977],
        [-0.17812221, -0.36605858,  0.        , ...,  0.74155631,
          0.28246204, -0.52509714],
        ...,
        [-0.84919814, -0.9356715 , -0.74155631, ...,  0.        ,
         -0.52185786, -0.98337854],
        [-0.44881382, -0.61400898, -0.28246204, ...,  0.52185786,
          0.        , -0.74410153],
        [ 0.36511045,  0.17711977,  0.52509714, ...,  0.98337854,
          0.74410153,  0.        ]],

       [[ 0.        ,  0.46366544,  0.67980152, ...,  0.53546158,
          0.39209523,  0.        ],
        [-0.46366544,  0.        ,  0.26226075, ...,  0.8660176 ,
          0.77393769,  0.46366544],
        [-0.67980152, -0.26226075,  0.        , ...,  0.96683835,
          0.91292729,  0.67980152],
        ...,
        [-0.53546158, -0.8660176 , -0.96683835, ...,  0.        ,
          0.16143652,  0.53546158],
        [-0.39209523, -0.77393769, -0.91292729, ..., -0.16143652,
          0.        ,  0.39209523],
        [-0.        , -0.46366544, -0.67980152, ..., -0.53546158,
         -0.39209523,  0.        ]],

       ...,

       [[ 0.        ,  0.19915762, -0.29223602, ..., -0.8607546 ,
         -0.85360243, -0.72563992],
        [-0.19915762,  0.        , -0.47684544, ..., -0.94488675,
         -0.9402488 , -0.84813883],
        [ 0.29223602,  0.47684544,  0.        , ..., -0.67442538,
         -0.6641064 , -0.49288281],
        ...,
        [ 0.8607546 ,  0.94488675,  0.67442538, ...,  0.        ,
          0.01388777,  0.22289805],
        [ 0.85360243,  0.9402488 ,  0.6641064 , ..., -0.01388777,
          0.        ,  0.20933817],
        [ 0.72563992,  0.84813883,  0.49288281, ..., -0.22289805,
         -0.20933817,  0.        ]],

       [[ 0.        ,  0.48197422,  0.68045065, ...,  0.59182901,
          0.43782582,  0.        ],
        [-0.48197422,  0.        ,  0.24301315, ...,  0.90705378,
          0.81694024,  0.48197422],
        [-0.68045065, -0.24301315,  0.        , ...,  0.98217515,
          0.93260193,  0.68045065],
        ...,
        [-0.59182901, -0.90705378, -0.98217515, ...,  0.        ,
          0.17917426,  0.59182901],
        [-0.43782582, -0.81694024, -0.93260193, ..., -0.17917426,
          0.        ,  0.43782582],
        [-0.        , -0.48197422, -0.68045065, ..., -0.59182901,
         -0.43782582,  0.        ]],

       [[ 0.        ,  0.07167799,  0.06338982, ...,  0.67645867,
          0.66099964,  0.63655561],
        [-0.07167799,  0.        , -0.00830706, ...,  0.72750815,
          0.7130856 ,  0.69019855],
        [-0.06338982,  0.00830706,  0.        , ...,  0.72178358,
          0.70723711,  0.68416358],
        ...,
        [-0.67645867, -0.72750815, -0.72178358, ...,  0.        ,
          0.02079186,  0.05289491],
        [-0.66099964, -0.7130856 , -0.70723711, ..., -0.02079186,
          0.        ,  0.03212073],
        [-0.63655561, -0.69019855, -0.68416358, ..., -0.05289491,
         -0.03212073,  0.        ]]]), 'num': array([ 9.99079199e-01,  1.75562435e-02,  6.91213349e-06,  8.42508975e-04,
        8.63275041e-04,  8.27676070e-04,  3.90791380e-02, -2.96658090e-05,
        8.58528512e-04,  7.94153706e-04,  7.53363219e-04,  3.80330884e-07,
        8.82138715e-04,  7.06168698e-04])}
{'img': array([[[ 0.        ,  0.58530832,  0.76108799, ...,  0.6210338 ,
          0.39444647,  0.76108799],
        [-0.58530832,  0.        ,  0.23743892, ...,  0.96229609,
          0.85767235,  0.99675782],
        [-0.76108799, -0.23743892,  0.        , ...,  0.99936116,
          0.95523533,  0.98735739],
        ...,
        [-0.6210338 , -0.96229609, -0.99936116, ...,  0.        ,
          0.26151896, -0.19369569],
        [-0.39444647, -0.85767235, -0.95523533, ..., -0.26151896,
          0.        , -0.44352098],
        [-0.76108799, -0.99675782, -0.98735739, ...,  0.19369569,
          0.44352098,  0.        ]],

       [[ 0.        ,  0.36605858, -0.31991383, ...,  0.61400898,
         -0.17711977, -0.00701368],
        [-0.36605858,  0.        , -0.64453016, ...,  0.28246204,
         -0.52509714, -0.37257644],
        [ 0.31991383,  0.64453016,  0.        , ...,  0.83424842,
          0.14704424,  0.31326088],
        ...,
        [-0.61400898, -0.28246204, -0.83424842, ...,  0.        ,
         -0.74410153, -0.61952976],
        [ 0.17711977,  0.52509714, -0.14704424, ...,  0.74410153,
          0.        ,  0.17021263],
        [ 0.00701368,  0.37257644, -0.31326088, ...,  0.61952976,
         -0.17021263,  0.        ]],

       [[ 0.        ,  0.53811567,  0.76499609, ...,  0.51137135,
          0.33616229,  0.        ],
        [-0.53811567,  0.        ,  0.29822774, ...,  0.89345508,
          0.79014098,  0.53811567],
        [-0.76499609, -0.29822774,  0.        , ...,  0.98674793,
          0.93697669,  0.76499609],
        ...,
        [-0.51137135, -0.89345508, -0.98674793, ...,  0.        ,
          0.19272724,  0.51137135],
        [-0.33616229, -0.79014098, -0.93697669, ..., -0.19272724,
          0.        ,  0.33616229],
        [-0.        , -0.53811567, -0.76499609, ..., -0.51137135,
         -0.33616229,  0.        ]],

       ...,

       [[ 0.        , -0.47684544, -0.2920607 , ..., -0.9402488 ,
         -0.84813883, -0.96186914],
        [ 0.47684544,  0.        ,  0.19933727, ..., -0.6641064 ,
         -0.49288281, -0.71504859],
        [ 0.2920607 , -0.19933727,  0.        , ..., -0.79981055,
         -0.65643362, -0.84004989],
        ...,
        [ 0.9402488 ,  0.6641064 ,  0.79981055, ...,  0.        ,
          0.20933817, -0.07033753],
        [ 0.84813883,  0.49288281,  0.65643362, ..., -0.20933817,
          0.        , -0.27759878],
        [ 0.96186914,  0.71504859,  0.84004989, ...,  0.07033753,
          0.27759878,  0.        ]],

       [[ 0.        ,  0.52584133,  0.71910248, ...,  0.52702867,
          0.2965106 ,  0.        ],
        [-0.52584133,  0.        ,  0.24624685, ...,  0.8951664 ,
          0.7544008 ,  0.52584133],
        [-0.71910248, -0.24624685,  0.        , ...,  0.9773618 ,
          0.89281054,  0.71910248],
        ...,
        [-0.52702867, -0.8951664 , -0.9773618 , ...,  0.        ,
          0.25133917,  0.52702867],
        [-0.2965106 , -0.7544008 , -0.89281054, ..., -0.25133917,
          0.        ,  0.2965106 ],
        [-0.        , -0.52584133, -0.71910248, ..., -0.52702867,
         -0.2965106 ,  0.        ]],

       [[ 0.        , -0.03350896,  0.10634704, ...,  0.68604964,
          0.66231229,  0.61025532],
        [ 0.03350896,  0.        ,  0.13960625, ...,  0.66128476,
          0.6368345 ,  0.58336666],
        [-0.10634704, -0.13960625,  0.        , ...,  0.75953239,
          0.73823453,  0.69104325],
        ...,
        [-0.68604964, -0.66128476, -0.75953239, ...,  0.        ,
          0.03213908,  0.09949766],
        [-0.66231229, -0.6368345 , -0.73823453, ..., -0.03213908,
          0.        ,  0.06746666],
        [-0.61025532, -0.58336666, -0.69104325, ..., -0.09949766,
         -0.06746666,  0.        ]]]), 'num': array([ 7.04607786e-01,  7.04607786e-01,  0.00000000e+00,  1.92666192e-03,
        1.94730472e-03,  1.87849537e-03,  8.38296654e-02, -2.75237416e-05,
        1.96794753e-03,  1.84890734e-03,  1.75395044e-03,  8.48648701e-07,
        2.05465077e-03,  1.64316392e-03])}
{'img': array([[[ 0.        ,  0.2665421 ,  0.        , ...,  0.81019406,
          0.98727379,  0.9997438 ],
        [-0.2665421 ,  0.        , -0.2665421 , ...,  0.93712068,
          0.99394559,  0.96960951],
        [ 0.        ,  0.2665421 ,  0.        , ...,  0.81019406,
          0.98727379,  0.9997438 ],
        ...,
        [-0.81019406, -0.93712068, -0.81019406, ...,  0.        ,
         -0.44985715, -0.56767284],
        [-0.98727379, -0.99394559, -0.98727379, ...,  0.44985715,
          0.        , -0.13664211],
        [-0.9997438 , -0.96960951, -0.9997438 , ...,  0.56767284,
          0.13664211,  0.        ]],

       [[ 0.        , -0.64453016, -0.75854092, ..., -0.52509714,
         -0.37257644, -0.47320408],
        [ 0.64453016,  0.        , -0.15997214, ...,  0.14704424,
          0.31326088,  0.20599882],
        [ 0.75854092,  0.15997214,  0.        , ...,  0.30338376,
          0.46114683,  0.35988697],
        ...,
        [ 0.52509714, -0.14704424, -0.30338376, ...,  0.        ,
          0.17021263,  0.05986913],
        [ 0.37257644, -0.31326088, -0.46114683, ..., -0.17021263,
          0.        , -0.11091182],
        [ 0.47320408, -0.20599882, -0.35988697, ..., -0.05986913,
          0.11091182,  0.        ]],

       [[ 0.        ,  0.62049484,  0.77531157, ...,  0.34975258,
          0.        ,  0.41345112],
        [-0.62049484,  0.        ,  0.21611602, ...,  0.85558535,
          0.62049484,  0.8892096 ],
        [-0.77531157, -0.21611602,  0.        , ...,  0.94724089,
          0.77531157,  0.96706861],
        ...,
        [-0.34975258, -0.85558535, -0.94724089, ...,  0.        ,
          0.34975258, -0.06887949],
        [-0.        , -0.62049484, -0.77531157, ..., -0.34975258,
          0.        , -0.41345112],
        [-0.41345112, -0.8892096 , -0.96706861, ...,  0.06887949,
          0.41345112,  0.        ]],

       ...,

       [[ 0.        ,  0.38988829, -0.35597857, ..., -0.54066377,
         -0.76019291, -0.82423399],
        [-0.38988829,  0.        , -0.69215551, ..., -0.82586596,
         -0.95334231, -0.97977989],
        [ 0.35597857,  0.69215551,  0.        , ..., -0.20578414,
         -0.47911745, -0.56866918],
        ...,
        [ 0.54066377,  0.82586596,  0.20578414, ...,  0.        ,
         -0.28823591, -0.38722709],
        [ 0.76019291,  0.95334231,  0.47911745, ...,  0.28823591,
          0.        , -0.10504394],
        [ 0.82423399,  0.97977989,  0.56866918, ...,  0.38722709,
          0.10504394,  0.        ]],

       [[ 0.        ,  0.55081259,  0.67009358, ...,  0.39651566,
          0.25929484,  0.        ],
        [-0.55081259,  0.        ,  0.15042419, ...,  0.83660481,
          0.7483888 ,  0.55081259],
        [-0.67009358, -0.15042419,  0.        , ...,  0.90948895,
          0.83964368,  0.67009358],
        ...,
        [-0.39651566, -0.83660481, -0.90948895, ...,  0.        ,
          0.14491421,  0.39651566],
        [-0.25929484, -0.7483888 , -0.83964368, ..., -0.14491421,
          0.        ,  0.25929484],
        [-0.        , -0.55081259, -0.67009358, ..., -0.39651566,
         -0.25929484,  0.        ]],

       [[ 0.        ,  0.13960625,  0.36209407, ...,  0.6368345 ,
          0.58336666,  0.55631996],
        [-0.13960625,  0.        ,  0.22841533, ...,  0.73823453,
          0.69104325,  0.66688032],
        [-0.36209407, -0.22841533,  0.        , ...,  0.87279462,
          0.83787634,  0.8194576 ],
        ...,
        [-0.6368345 , -0.73823453, -0.87279462, ...,  0.        ,
          0.06746666,  0.10026622],
        [-0.58336666, -0.69104325, -0.83787634, ..., -0.06746666,
          0.        ,  0.03291109],
        [-0.55631996, -0.66688032, -0.8194576 , ..., -0.10026622,
         -0.03291109,  0.        ]]]), 'num': array([ 7.05000672e-01,  7.05000672e-01,  0.00000000e+00,  1.86577326e-03,
        1.96904485e-03,  1.86577326e-03,  7.69412811e-02, -6.19629497e-05,
        1.95252139e-03,  1.85372491e-03,  1.75963303e-03,  7.29668164e-07,
        2.05781515e-03,  1.64963467e-03])}
{'img': array([[[ 0.        , -0.2665421 ,  0.17766831, ...,  0.99394559,
          0.96960951,  0.86698881],
        [ 0.2665421 ,  0.        ,  0.43354238, ...,  0.98727379,
          0.9997438 ,  0.96844928],
        [-0.17766831, -0.43354238,  0.        , ...,  0.95861131,
          0.91071552,  0.76465837],
        ...,
        [-0.99394559, -0.98727379, -0.95861131, ...,  0.        ,
         -0.13664211, -0.40005147],
        [-0.96960951, -0.9997438 , -0.91071552, ...,  0.13664211,
          0.        , -0.27106769],
        [-0.86698881, -0.96844928, -0.76465837, ...,  0.40005147,
          0.27106769,  0.        ]],

       [[ 0.        , -0.15997214,  0.07017738, ...,  0.31326088,
          0.20599882,  0.09255525],
        [ 0.15997214,  0.        ,  0.22885133, ...,  0.46114683,
          0.35988697,  0.25064874],
        [-0.07017738, -0.22885133,  0.        , ...,  0.24584339,
          0.13681871,  0.02245091],
        ...,
        [-0.31326088, -0.46114683, -0.24584339, ...,  0.        ,
         -0.11091182, -0.22401954],
        [-0.20599882, -0.35988697, -0.13681871, ...,  0.11091182,
          0.        , -0.11454444],
        [-0.09255525, -0.25064874, -0.02245091, ...,  0.22401954,
          0.11454444,  0.        ]],

       [[ 0.        ,  0.55938413,  0.72073053, ...,  0.        ,
          0.43649844,  0.55938413],
        [-0.55938413,  0.        ,  0.20964604, ...,  0.55938413,
          0.865098  ,  0.92735659],
        [-0.72073053, -0.20964604,  0.        , ...,  0.72073053,
          0.95103228,  0.98519336],
        ...,
        [-0.        , -0.55938413, -0.72073053, ...,  0.        ,
         -0.43649844, -0.55938413],
        [-0.43649844, -0.865098  , -0.95103228, ...,  0.43649844,
          0.        , -0.14146342],
        [-0.55938413, -0.92735659, -0.98519336, ...,  0.55938413,
          0.14146342,  0.        ]],

       ...,

       [[ 0.        , -0.69215551, -0.50494225, ..., -0.95334231,
         -0.97977989, -0.98670544],
        [ 0.69215551,  0.        ,  0.23299493, ..., -0.47911745,
         -0.56866918, -0.82464139],
        [ 0.50494225, -0.23299493,  0.        , ..., -0.67044264,
         -0.74467202, -0.93374052],
        ...,
        [ 0.95334231,  0.47911745,  0.67044264, ...,  0.        ,
         -0.10504394, -0.45281403],
        [ 0.97977989,  0.56866918,  0.74467202, ...,  0.10504394,
          0.        , -0.35665117],
        [ 0.98670544,  0.82464139,  0.93374052, ...,  0.45281403,
          0.35665117,  0.        ]],

       [[ 0.        ,  0.43637603,  0.66248981, ...,  0.29944552,
          0.13211281,  0.        ],
        [-0.43637603,  0.        ,  0.26920814, ...,  0.68578264,
          0.55142147,  0.43637603],
        [-0.66248981, -0.26920814,  0.        , ...,  0.85639634,
          0.75564475,  0.66248981],
        ...,
        [-0.29944552, -0.68578264, -0.85639634, ...,  0.        ,
          0.17077018,  0.29944552],
        [-0.13211281, -0.55142147, -0.75564475, ..., -0.17077018,
          0.        ,  0.13211281],
        [-0.        , -0.43637603, -0.66248981, ..., -0.29944552,
         -0.13211281,  0.        ]],

       [[ 0.        ,  0.33659715,  0.43506132, ...,  0.58465103,
          0.5575603 ,  0.52646737],
        [-0.33659715,  0.        ,  0.1066026 , ...,  0.82361209,
          0.80444751,  0.78192066],
        [-0.43506132, -0.1066026 ,  0.        , ...,  0.87937894,
          0.86318801,  0.84391876],
        ...,
        [-0.58465103, -0.82361209, -0.87937894, ...,  0.        ,
          0.03299988,  0.06995255],
        [-0.5575603 , -0.80444751, -0.86318801, ..., -0.03299988,
          0.        ,  0.03699541],
        [-0.52646737, -0.78192066, -0.84391876, ..., -0.06995255,
         -0.03699541,  0.        ]]]), 'num': array([7.42861050e-01, 6.59747792e-01, 6.08888335e-07, 1.97888709e-03,
       1.99338443e-03, 1.89190304e-03, 1.13400407e-01, 1.44973413e-05,
       2.03252725e-03, 1.96004055e-03, 1.85710942e-03, 7.74010596e-07,
       2.16534051e-03, 1.75474058e-03])}
{'img': array([[[ 0.        ,  0.43354238,  0.14580693, ...,  0.9997438 ,
          0.96844928,  0.98133561],
        [-0.43354238,  0.        , -0.29751768, ...,  0.91071552,
          0.76465837,  0.80094261],
        [-0.14580693,  0.29751768,  0.        , ...,  0.99235993,
          0.92176288,  0.94280904],
        ...,
        [-0.9997438 , -0.91071552, -0.99235993, ...,  0.        ,
         -0.27106769, -0.21446616],
        [-0.96844928, -0.76465837, -0.92176288, ...,  0.27106769,
          0.        ,  0.05832372],
        [-0.98133561, -0.80094261, -0.94280904, ...,  0.21446616,
         -0.05832372,  0.        ]],

       [[ 0.        ,  0.22885133,  0.75023467, ...,  0.35988697,
          0.25064874,  0.68783742],
        [-0.22885133,  0.        ,  0.57901447, ...,  0.13681871,
          0.02245091,  0.50346804],
        [-0.75023467, -0.57901447,  0.        , ..., -0.46201882,
         -0.56056391, -0.08979033],
        ...,
        [-0.35988697, -0.13681871,  0.46201882, ...,  0.        ,
         -0.11454444,  0.38052022],
        [-0.25064874, -0.02245091,  0.56056391, ...,  0.11454444,
          0.        ,  0.48394324],
        [-0.68783742, -0.50346804,  0.08979033, ..., -0.38052022,
         -0.48394324,  0.        ]],

       [[ 0.        ,  0.52417122,  0.61682953, ...,  0.45533032,
          0.58239879,  0.70452676],
        [-0.52417122,  0.        ,  0.11272651, ...,  0.85444665,
          0.92207879,  0.97197656],
        [-0.61682953, -0.11272651,  0.        , ...,  0.90756629,
          0.95982692,  0.99228073],
        ...,
        [-0.45533032, -0.85444665, -0.90756629, ...,  0.        ,
         -0.1483833 , -0.30411844],
        [-0.58239879, -0.92207879, -0.95982692, ...,  0.1483833 ,
          0.        , -0.15939681],
        [-0.70452676, -0.97197656, -0.99228073, ...,  0.30411844,
          0.15939681,  0.        ]],

       ...,

       [[ 0.        ,  0.52966131, -0.10135723, ..., -0.65955341,
         -0.89737058, -0.8893053 ],
        [-0.52966131,  0.        , -0.61290574, ..., -0.95756329,
         -0.99488575, -0.99653849],
        [ 0.10135723,  0.61290574,  0.        , ..., -0.57997083,
         -0.84802252, -0.83837339],
        ...,
        [ 0.65955341,  0.95756329,  0.57997083, ...,  0.        ,
         -0.38346927, -0.36683019],
        [ 0.89737058,  0.99488575,  0.84802252, ...,  0.38346927,
          0.        ,  0.01794948],
        [ 0.8893053 ,  0.99653849,  0.83837339, ...,  0.36683019,
         -0.01794948,  0.        ]],

       [[ 0.        ,  0.54048192,  0.64012888, ...,  0.13553755,
          0.        ,  0.10369264],
        [-0.54048192,  0.        ,  0.12334131, ...,  0.64952975,
          0.54048192,  0.62481078],
        [-0.64012888, -0.12334131,  0.        , ...,  0.738351  ,
          0.64012888,  0.71634188],
        ...,
        [-0.13553755, -0.64952975, -0.738351  , ...,  0.        ,
          0.13553755,  0.03207113],
        [-0.        , -0.54048192, -0.64012888, ..., -0.13553755,
          0.        , -0.10369264],
        [-0.10369264, -0.62481078, -0.71634188, ..., -0.03207113,
          0.10369264,  0.        ]],

       [[ 0.        ,  0.28839183,  0.49035213, ...,  0.56508655,
          0.53366916,  0.4168333 ],
        [-0.28839183,  0.        ,  0.21817776, ...,  0.77900981,
          0.75488594,  0.66126634],
        [-0.49035213, -0.21817776,  0.        , ...,  0.89704274,
          0.87979323,  0.80900212],
        ...,
        [-0.56508655, -0.77900981, -0.89704274, ...,  0.        ,
          0.03759599,  0.16975338],
        [-0.53366916, -0.75488594, -0.87979323, ..., -0.03759599,
          0.        ,  0.13258303],
        [-0.4168333 , -0.66126634, -0.80900212, ..., -0.16975338,
         -0.13258303,  0.        ]]]), 'num': array([ 7.44234689e-01,  6.62869375e-01,  6.11769278e-07,  1.93726938e-03,
        2.04651389e-03,  1.92998641e-03,  8.17800936e-02, -5.09807732e-05,
        2.00135950e-03,  1.97332007e-03,  1.87026608e-03,  7.64711598e-07,
        2.17375258e-03,  1.77288756e-03])}
{'img': array([[[ 0.        , -0.29751768, -0.38580463, ...,  0.76465837,
          0.80094261,  0.66565435],
        [ 0.29751768,  0.        , -0.09384996, ...,  0.92176288,
          0.94280904,  0.85753667],
        [ 0.38580463,  0.09384996,  0.        , ...,  0.95408524,
          0.96993113,  0.90203036],
        ...,
        [-0.76465837, -0.92176288, -0.95408524, ...,  0.        ,
          0.05832372, -0.14166258],
        [-0.80094261, -0.94280904, -0.96993113, ..., -0.05832372,
          0.        , -0.19915696],
        [-0.66565435, -0.85753667, -0.90203036, ...,  0.14166258,
          0.19915696,  0.        ]],

       [[ 0.        ,  0.57901447, -0.37962166, ...,  0.02245091,
          0.50346804,  0.02860213],
        [-0.57901447,  0.        , -0.8451826 , ..., -0.56056391,
         -0.08979033, -0.55545777],
        [ 0.37962166,  0.8451826 ,  0.        , ...,  0.40029626,
          0.79377772,  0.40592738],
        ...,
        [-0.02245091,  0.56056391, -0.40029626, ...,  0.        ,
          0.48394324,  0.0061532 ],
        [-0.50346804,  0.08979033, -0.79377772, ..., -0.48394324,
          0.        , -0.47854942],
        [-0.02860213,  0.55545777, -0.40592738, ..., -0.0061532 ,
          0.47854942,  0.        ]],

       [[ 0.        ,  0.20577038,  0.22120146, ...,  0.76906655,
          0.86408741,  0.95921306],
        [-0.20577038,  0.        ,  0.01579475, ...,  0.88413075,
          0.94916903,  0.99685421],
        [-0.22120146, -0.01579475,  0.        , ...,  0.89140039,
          0.95402229,  0.9979817 ],
        ...,
        [-0.76906655, -0.88413075, -0.89140039, ...,  0.        ,
         -0.16519431, -0.39569609],
        [-0.86408741, -0.94916903, -0.95402229, ...,  0.16519431,
          0.        , -0.23854824],
        [-0.95921306, -0.99685421, -0.9979817 , ...,  0.39569609,
          0.23854824,  0.        ]],

       ...,

       [[ 0.        , -0.61290574, -0.78857146, ..., -0.99488575,
         -0.99653849, -0.99239966],
        [ 0.61290574,  0.        , -0.24619232, ..., -0.84802252,
         -0.83837339, -0.85957266],
        [ 0.78857146,  0.24619232,  0.        , ..., -0.6914491 ,
         -0.67837055, -0.70730826],
        ...,
        [ 0.99488575,  0.84802252,  0.6914491 , ...,  0.        ,
          0.01794948, -0.0221883 ],
        [ 0.99653849,  0.83837339,  0.67837055, ..., -0.01794948,
          0.        , -0.04012979],
        [ 0.99239966,  0.85957266,  0.70730826, ...,  0.0221883 ,
          0.04012979,  0.        ]],

       [[ 0.        ,  0.39047172,  0.49227649, ...,  0.        ,
          0.10805467,  0.16943762],
        [-0.39047172,  0.        ,  0.11331531, ...,  0.39047172,
          0.48766223,  0.54081266],
        [-0.49227649, -0.11331531,  0.        , ...,  0.49227649,
          0.58344917,  0.63264372],
        ...,
        [-0.        , -0.39047172, -0.49227649, ...,  0.        ,
         -0.10805467, -0.16943762],
        [-0.10805467, -0.48766223, -0.58344917, ...,  0.10805467,
          0.        , -0.06195326],
        [-0.16943762, -0.54081266, -0.63264372, ...,  0.16943762,
          0.06195326,  0.        ]],

       [[ 0.        ,  0.4098664 ,  0.57870281, ...,  0.53894003,
          0.4211146 ,  0.33455552],
        [-0.4098664 ,  0.        ,  0.19359937, ...,  0.83684032,
          0.75586969,  0.69141161],
        [-0.57870281, -0.19359937,  0.        , ...,  0.92699326,
          0.86832293,  0.81819857],
        ...,
        [-0.53894003, -0.83684032, -0.92699326, ...,  0.        ,
          0.1340992 ,  0.22607329],
        [-0.4211146 , -0.75586969, -0.86832293, ..., -0.1340992 ,
          0.        ,  0.09340396],
        [-0.33455552, -0.69141161, -0.81819857, ..., -0.22607329,
         -0.09340396,  0.        ]]]), 'num': array([7.44264357e-01, 6.60723312e-01, 6.09788653e-07, 1.98907251e-03,
       2.01811006e-03, 1.94551618e-03, 9.73871824e-02, 5.80751098e-05,
       1.98036124e-03, 1.97564264e-03, 1.86820369e-03, 8.59027665e-07,
       2.16294472e-03, 1.78834056e-03])}
{'img': array([[[ 0.        , -0.09384996,  0.04304712, ...,  0.94280904,
          0.85753667,  0.95226806],
        [ 0.09384996,  0.        ,  0.13662009, ...,  0.96993113,
          0.90203036,  0.97671401],
        [-0.04304712, -0.13662009,  0.        , ...,  0.92758606,
          0.83459734,  0.93824465],
        ...,
        [-0.94280904, -0.96993113, -0.92758606, ...,  0.        ,
         -0.19915696,  0.02961789],
        [-0.85753667, -0.90203036, -0.83459734, ...,  0.19915696,
          0.        ,  0.22809416],
        [-0.95226806, -0.97671401, -0.93824465, ..., -0.02961789,
         -0.22809416,  0.        ]],

       [[ 0.        , -0.8451826 , -0.96083801, ..., -0.08979033,
         -0.55545777, -0.33540736],
        [ 0.8451826 ,  0.        , -0.27933735, ...,  0.79377772,
          0.40592738,  0.61695613],
        [ 0.96083801,  0.27933735,  0.        , ...,  0.93207503,
          0.64505653,  0.81223478],
        ...,
        [ 0.08979033, -0.79377772, -0.93207503, ...,  0.        ,
         -0.47854942, -0.24946348],
        [ 0.55545777, -0.40592738, -0.64505653, ...,  0.47854942,
          0.        ,  0.24437565],
        [ 0.33540736, -0.61695613, -0.81223478, ...,  0.24946348,
         -0.24437565,  0.        ]],

       [[ 0.        ,  0.01579475, -0.01634009, ...,  0.94916903,
          0.99685421,  0.99999852],
        [-0.01579475,  0.        , -0.0321307 , ...,  0.95402229,
          0.9979817 ,  0.99990098],
        [ 0.01634009,  0.0321307 ,  0.        , ...,  0.94389899,
          0.99542605,  0.99983686],
        ...,
        [-0.94916903, -0.95402229, -0.94389899, ...,  0.        ,
         -0.23854824, -0.31313146],
        [-0.99685421, -0.9979817 , -0.99542605, ...,  0.23854824,
          0.        , -0.07753996],
        [-0.99999852, -0.99990098, -0.99983686, ...,  0.31313146,
          0.07753996,  0.        ]],

       ...,

       [[ 0.        , -0.25863922, -0.03184101, ..., -0.85371424,
         -0.87416945, -0.68822624],
        [ 0.25863922,  0.        ,  0.22775049, ..., -0.68998151,
         -0.71882432, -0.47716689],
        [ 0.03184101, -0.22775049,  0.        , ..., -0.83670042,
         -0.85826354, -0.66477674],
        ...,
        [ 0.85371424,  0.68998151,  0.83670042, ...,  0.        ,
         -0.04063497,  0.26097824],
        [ 0.87416945,  0.71882432,  0.85826354, ...,  0.04063497,
          0.        ,  0.29998944],
        [ 0.68822624,  0.47716689,  0.66477674, ..., -0.26097824,
         -0.29998944,  0.        ]],

       [[ 0.        ,  0.31901391,  0.52692612, ...,  0.11025849,
          0.17287784,  0.25683064],
        [-0.31901391,  0.        ,  0.22826078, ...,  0.42156635,
          0.47805558,  0.5517243 ],
        [-0.52692612, -0.22826078,  0.        , ...,  0.61742333,
          0.66592313,  0.72753435],
        ...,
        [-0.11025849, -0.42156635, -0.61742333, ...,  0.        ,
         -0.06322544, -0.14870471],
        [-0.17287784, -0.47805558, -0.66592313, ...,  0.06322544,
          0.        , -0.08588472],
        [-0.25683064, -0.5517243 , -0.72753435, ...,  0.14870471,
          0.08588472,  0.        ]],

       [[ 0.        ,  0.43602161,  0.49049771, ...,  0.46702321,
          0.38984805,  0.        ],
        [-0.43602161,  0.        ,  0.06144889, ...,  0.80584105,
          0.7523616 ,  0.43602161],
        [-0.49049771, -0.06144889,  0.        , ...,  0.84070404,
          0.79141929,  0.49049771],
        ...,
        [-0.46702321, -0.80584105, -0.84070404, ...,  0.        ,
          0.08535076,  0.46702321],
        [-0.38984805, -0.7523616 , -0.79141929, ..., -0.08535076,
          0.        ,  0.38984805],
        [-0.        , -0.43602161, -0.49049771, ..., -0.46702321,
         -0.38984805,  0.        ]]]), 'num': array([9.83706619e-01, 1.57856169e-01, 5.89893179e-06, 2.63849984e-03,
       2.68561591e-03, 2.62907663e-03, 8.57266503e-02, 5.65392823e-05,
       2.57065270e-03, 2.57819127e-03, 2.43244557e-03, 1.06011154e-06,
       2.80516361e-03, 2.35121894e-03])}
{'img': array([[[ 0.        ,  0.13662009,  0.17716089, ...,  0.90203036,
          0.97671401,  0.99955889],
        [-0.13662009,  0.        ,  0.04104072, ...,  0.83459734,
          0.93824465,  0.98612906],
        [-0.17716089, -0.04104072,  0.        , ...,  0.81128646,
          0.92325519,  0.97848626],
        ...,
        [-0.90203036, -0.83459734, -0.81128646, ...,  0.        ,
          0.22809416,  0.40469275],
        [-0.97671401, -0.93824465, -0.92325519, ..., -0.22809416,
          0.        ,  0.18544335],
        [-0.99955889, -0.98612906, -0.97848626, ..., -0.40469275,
         -0.18544335,  0.        ]],

       [[ 0.        , -0.27933735, -0.40181645, ...,  0.40592738,
          0.61695613,  0.16090504],
        [ 0.27933735,  0.        , -0.13002649, ...,  0.64505653,
          0.81223478,  0.43019745],
        [ 0.40181645,  0.13002649,  0.        , ...,  0.73893811,
          0.88118777,  0.54392474],
        ...,
        [-0.40592738, -0.64505653, -0.73893811, ...,  0.        ,
          0.24437565, -0.25358612],
        [-0.61695613, -0.81223478, -0.88118777, ..., -0.24437565,
          0.        , -0.48228525],
        [-0.16090504, -0.43019745, -0.54392474, ...,  0.25358612,
          0.48228525,  0.        ]],

       [[ 0.        , -0.0321307 ,  0.04460645, ...,  0.9979817 ,
          0.99990098,  0.99990098],
        [ 0.0321307 ,  0.        ,  0.07668214, ...,  0.99542605,
          0.99983686,  0.99983686],
        [-0.04460645, -0.07668214,  0.        , ...,  0.99982095,
          0.99827799,  0.99827799],
        ...,
        [-0.9979817 , -0.99542605, -0.99982095, ...,  0.        ,
         -0.07753996, -0.07753996],
        [-0.99990098, -0.99983686, -0.99827799, ...,  0.07753996,
          0.        ,  0.        ],
        [-0.99990098, -0.99983686, -0.99827799, ...,  0.07753996,
          0.        ,  0.        ]],

       ...,

       [[ 0.        ,  0.22775049,  0.47467856, ..., -0.71882432,
         -0.47716689, -0.5901696 ],
        [-0.22775049,  0.        ,  0.26174708, ..., -0.85826354,
         -0.66477674, -0.75851792],
        [-0.47467856, -0.26174708,  0.        , ..., -0.96267248,
         -0.83713639, -0.90264139],
        ...,
        [ 0.71882432,  0.85826354,  0.96267248, ...,  0.        ,
          0.29998944,  0.17001093],
        [ 0.47716689,  0.66477674,  0.83713639, ..., -0.29998944,
          0.        , -0.13344159],
        [ 0.5901696 ,  0.75851792,  0.90264139, ..., -0.17001093,
          0.13344159,  0.        ]],

       [[ 0.        ,  0.24363149,  0.390885  , ...,  0.44707966,
          0.52245472,  0.55161602],
        [-0.24363149,  0.        ,  0.15485875, ...,  0.65153514,
          0.71444859,  0.73820724],
        [-0.390885  , -0.15485875,  0.        , ...,  0.76115413,
          0.81418273,  0.83376565],
        ...,
        [-0.44707966, -0.65153514, -0.76115413, ...,  0.        ,
         -0.08612261, -0.12050897],
        [-0.52245472, -0.71444859, -0.81418273, ...,  0.08612261,
          0.        , -0.03456626],
        [-0.55161602, -0.73820724, -0.83376565, ...,  0.12050897,
          0.03456626,  0.        ]],

       [[ 0.        ,  0.23785272,  0.35843038, ...,  0.55188737,
          0.40659425,  0.        ],
        [-0.23785272,  0.        ,  0.12609493, ...,  0.7343987 ,
          0.61222984,  0.23785272],
        [-0.35843038, -0.12609493,  0.        , ...,  0.8141198 ,
          0.70704385,  0.35843038],
        ...,
        [-0.55188737, -0.7343987 , -0.8141198 , ...,  0.        ,
          0.16514265,  0.55188737],
        [-0.40659425, -0.61222984, -0.70704385, ..., -0.16514265,
          0.        ,  0.40659425],
        [-0.        , -0.23785272, -0.35843038, ..., -0.55188737,
         -0.40659425,  0.        ]]]), 'num': array([ 9.95125973e-01,  5.14611827e-02,  6.91329517e-06,  2.66571975e-03,
        2.77312970e-03,  2.65595521e-03,  8.37795682e-02, -6.83517884e-05,
        2.66767266e-03,  2.68183124e-03,  2.52738875e-03,  9.76454120e-07,
        2.89632023e-03,  2.46734225e-03])}
{'img': array([[[ 0.        ,  0.04104072,  0.04104072, ...,  0.93824465,
          0.98612906,  0.92758606],
        [-0.04104072,  0.        ,  0.        , ...,  0.92325519,
          0.97848626,  0.91147134],
        [-0.04104072,  0.        ,  0.        , ...,  0.92325519,
          0.97848626,  0.91147134],
        ...,
        [-0.93824465, -0.92325519, -0.92325519, ...,  0.        ,
          0.18544335, -0.02961789],
        [-0.98612906, -0.97848626, -0.97848626, ..., -0.18544335,
          0.        , -0.21446616],
        [-0.92758606, -0.91147134, -0.91147134, ...,  0.02961789,
          0.21446616,  0.        ]],

       [[ 0.        , -0.13002649, -0.58760298, ...,  0.81223478,
          0.43019745,  0.36866007],
        [ 0.13002649,  0.        , -0.47740368, ...,  0.88118777,
          0.54392474,  0.48639832],
        [ 0.58760298,  0.47740368,  0.        , ...,  0.99998611,
          0.87854368,  0.84451581],
        ...,
        [-0.81223478, -0.88118777, -0.99998611, ...,  0.        ,
         -0.48228525, -0.53997372],
        [-0.43019745, -0.54392474, -0.87854368, ...,  0.48228525,
          0.        , -0.06709391],
        [-0.36866007, -0.48639832, -0.84451581, ...,  0.53997372,
          0.06709391,  0.        ]],

       [[ 0.        ,  0.07668214, -0.01695103, ...,  0.99983686,
          0.99983686,  0.99944424],
        [-0.07668214,  0.        , -0.09357224, ...,  0.99827799,
          0.99827799,  0.99905765],
        [ 0.01695103,  0.09357224,  0.        , ...,  0.99938703,
          0.99938703,  0.99873558],
        ...,
        [-0.99983686, -0.99827799, -0.99938703, ...,  0.        ,
          0.        ,  0.01527708],
        [-0.99983686, -0.99827799, -0.99938703, ...,  0.        ,
          0.        ,  0.01527708],
        [-0.99944424, -0.99905765, -0.99873558, ..., -0.01527708,
         -0.01527708,  0.        ]],

       ...,

       [[ 0.        ,  0.26174708,  0.11726604, ..., -0.66477674,
         -0.75851792, -0.91165741],
        [-0.26174708,  0.        , -0.14676343, ..., -0.83713639,
         -0.90264139, -0.98743908],
        [-0.11726604,  0.14676343,  0.        , ..., -0.74779281,
         -0.82970122, -0.95355806],
        ...,
        [ 0.66477674,  0.83713639,  0.74779281, ...,  0.        ,
         -0.13344159, -0.40785575],
        [ 0.75851792,  0.90264139,  0.82970122, ...,  0.13344159,
          0.        , -0.2823698 ],
        [ 0.91165741,  0.98743908,  0.95355806, ...,  0.40785575,
          0.2823698 ,  0.        ]],

       [[ 0.        ,  0.15485875,  0.2609329 , ...,  0.71444859,
          0.73820724,  0.80870543],
        [-0.15485875,  0.        ,  0.10829119, ...,  0.81418273,
          0.83376565,  0.89003977],
        [-0.2609329 , -0.10829119,  0.        , ...,  0.87226951,
          0.88865203,  0.93417374],
        ...,
        [-0.71444859, -0.81418273, -0.87226951, ...,  0.        ,
         -0.03456626, -0.14559289],
        [-0.73820724, -0.83376565, -0.88865203, ...,  0.03456626,
          0.        , -0.11130793],
        [-0.80870543, -0.89003977, -0.93417374, ...,  0.14559289,
          0.11130793,  0.        ]],

       [[ 0.        ,  0.26836898,  0.4049069 , ...,  0.554885  ,
          0.40142967,  0.        ],
        [-0.26836898,  0.        ,  0.14466807, ...,  0.75779312,
          0.63250013,  0.26836898],
        [-0.4049069 , -0.14466807,  0.        , ...,  0.8442165 ,
          0.73790052,  0.4049069 ],
        ...,
        [-0.554885  , -0.75779312, -0.8442165 , ...,  0.        ,
          0.17425333,  0.554885  ],
        [-0.40142967, -0.63250013, -0.73790052, ..., -0.17425333,
          0.        ,  0.40142967],
        [-0.        , -0.26836898, -0.4049069 , ..., -0.554885  ,
         -0.40142967,  0.        ]]]), 'num': array([9.97987592e-01, 3.38265774e-03, 7.07903868e-06, 2.67366918e-03,
       2.67366918e-03, 2.62609499e-03, 6.28847181e-02, 7.61186955e-05,
       2.61467719e-03, 2.62133757e-03, 2.47021025e-03, 9.84293476e-07,
       2.82651417e-03, 2.41616098e-03])}
{'img': array([[[ 0.        ,  0.        ,  0.14898949, ...,  0.97848626,
          0.91147134,  0.98476907],
        [ 0.        ,  0.        ,  0.14898949, ...,  0.97848626,
          0.91147134,  0.98476907],
        [-0.14898949, -0.14898949,  0.        , ...,  0.93682685,
          0.84000936,  0.94787344],
        ...,
        [-0.97848626, -0.97848626, -0.93682685, ...,  0.        ,
         -0.21446616,  0.0330428 ],
        [-0.91147134, -0.91147134, -0.84000936, ...,  0.21446616,
          0.        ,  0.24662299],
        [-0.98476907, -0.98476907, -0.94787344, ..., -0.0330428 ,
         -0.24662299,  0.        ]],

       [[ 0.        , -0.47740368,  0.32130609, ...,  0.54392474,
          0.48639832,  0.21430873],
