state_0,state_1,state_2,state_3,state_4,state_5,state_6,state_7,state_8,state_9,state_10,state_11,state_12,state_13,state_14,state_15,state_16,state_17,state_18,state_19,state_20,state_21,state_22,state_23,state_24,state_25,state_26,state_27,state_28,state_29,state_30,state_31,state_32,state_33,state_34,state_35,state_36,state_37,state_38,state_39,state_40,state_41,state_42,state_43,state_44,state_45,state_46,state_47,state_48,state_49,state_50,state_51,state_52,state_53,state_54,state_55,state_56,state_57,state_58,state_59,state_60,state_61,state_62,state_63,state_64,state_65,state_66,state_67,state_68,state_69,state_70,state_71,state_72,state_73,state_74,state_75,state_76,state_77,state_78,state_79,state_80,state_81,state_82,state_83,state_84,state_85,state_86,state_87,state_88,state_89,state_90,state_91,state_92,state_93,state_94,state_95,state_96,state_97,state_98,state_99,state_100,state_101,state_102,state_103,state_104,state_105,state_106,state_107,state_108,state_109,state_110,state_111,state_112,state_113,state_114,state_115,state_116,state_117,state_118,state_119,state_120,state_121,state_122,state_123,state_124,state_125,state_126,state_127,state_128,state_129,state_130,state_131,state_132,state_133,state_134,state_135,state_136,state_137,state_138,state_139,state_140,state_141,state_142,state_143,state_144,state_145,state_146,state_147,state_148,state_149,state_150,state_151,state_152,state_153,state_154,state_155,state_156,state_157,state_158,state_159,state_160,state_161,state_162,state_163,state_164,state_165,state_166,state_167,state_168,state_169,state_170,state_171,state_172,state_173,state_174,state_175,state_176,state_177,state_178,state_179,state_180,state_181,state_182,state_183,state_184,state_185,state_186,state_187,state_188,state_189,state_190,state_191,state_192,state_193,state_194,state_195,state_196,state_197,state_198,state_199,state_200,state_201,state_202,state_203,state_204,state_205,state_206,state_207,state_208,state_209,state_210,state_211,state_212,state_213,state_214,state_215,state_216,state_217,state_218,state_219,state_220,state_221,state_222,state_223,state_224,state_225,state_226,state_227,state_228,state_229,state_230,state_231,state_232,state_233,state_234,state_235,state_236,state_237,state_238,state_239,state_240,state_241,state_242,state_243,state_244,state_245,state_246,state_247,state_248,state_249,state_250,state_251,state_252,state_253,state_254,state_255,state_256,state_257,state_258,state_259,state_260,state_261,state_262,state_263,state_264,state_265,state_266,state_267,state_268,state_269,state_270,state_271,state_272,state_273,state_274,state_275,state_276,state_277,state_278,state_279,state_280,state_281,state_282,state_283,state_284,state_285,state_286,state_287
{'img': array([[[ 0.        ,  0.55662467,  0.32953276, ...,  0.69735325,
          0.7698007 ,  0.26269637],
        [-0.55662467,  0.        , -0.25176994, ...,  0.18038777,
          0.28423798, -0.3188365 ],
        [-0.32953276,  0.25176994,  0.        , ...,  0.42221676,
          0.51646723, -0.06993585],
        ...,
        [-0.69735325, -0.18038777, -0.42221676, ...,  0.        ,
          0.10662776, -0.48457946],
        [-0.7698007 , -0.28423798, -0.51646723, ..., -0.10662776,
          0.        , -0.57508922],
        [-0.26269637,  0.3188365 ,  0.06993585, ...,  0.48457946,
          0.57508922,  0.        ]],

       [[ 0.        , -0.09292773, -0.43251927, ...,  0.20211607,
         -0.49396749, -0.46770639],
        [ 0.09292773,  0.        , -0.34686175, ...,  0.29225133,
         -0.41103118, -0.38354524],
        [ 0.43251927,  0.34686175,  0.        , ...,  0.60582558,
         -0.06930627, -0.03939882],
        ...,
        [-0.20211607, -0.29225133, -0.60582558, ...,  0.        ,
         -0.65950873, -0.63670081],
        [ 0.49396749,  0.41103118,  0.06930627, ...,  0.65950873,
          0.        ,  0.02994837],
        [ 0.46770639,  0.38354524,  0.03939882, ...,  0.63670081,
         -0.02994837,  0.        ]],

       [[ 0.        ,  0.20613978,  0.31134921, ...,  0.66718445,
          0.60730442,  0.48772264],
        [-0.20613978,  0.        ,  0.1087685 , ...,  0.49930305,
          0.43048937,  0.29728785],
        [-0.31134921, -0.1087685 ,  0.        , ...,  0.40210072,
          0.32976135,  0.19167323],
        ...,
        [-0.66718445, -0.49930305, -0.40210072, ...,  0.        ,
         -0.07768097, -0.21915016],
        [-0.60730442, -0.43048937, -0.32976135, ...,  0.07768097,
          0.        , -0.14269532],
        [-0.48772264, -0.29728785, -0.19167323, ...,  0.21915016,
          0.14269532,  0.        ]],

       ...,

       [[ 0.        ,  0.06667663, -0.08780104, ..., -0.10967717,
         -0.0806634 , -0.40656146],
        [-0.06667663,  0.        , -0.15402478, ..., -0.17570748,
         -0.14694325, -0.46657404],
        [ 0.08780104,  0.15402478,  0.        , ..., -0.02198224,
          0.00716306, -0.32477424],
        ...,
        [ 0.10967717,  0.17570748,  0.02198224, ...,  0.        ,
          0.029143  , -0.30390515],
        [ 0.0806634 ,  0.14694325, -0.00716306, ..., -0.029143  ,
          0.        , -0.33154067],
        [ 0.40656146,  0.46657404,  0.32477424, ...,  0.30390515,
          0.33154067,  0.        ]],

       [[ 0.        ,  0.32021844,  0.46895032, ...,  0.94061332,
          0.9578009 ,  0.91273399],
        [-0.32021844,  0.        ,  0.16143236, ...,  0.78237643,
          0.81532549,  0.73384619],
        [-0.46895032, -0.16143236,  0.        , ...,  0.67157358,
          0.7111617 ,  0.61455737],
        ...,
        [-0.94061332, -0.78237643, -0.67157358, ...,  0.        ,
          0.05479128, -0.07443686],
        [-0.9578009 , -0.81532549, -0.7111617 , ..., -0.05479128,
          0.        , -0.12896431],
        [-0.91273399, -0.73384619, -0.61455737, ...,  0.07443686,
          0.12896431,  0.        ]],

       [[ 0.        ,  0.07041034,  0.31998932, ...,  0.9931018 ,
          0.94654011,  0.83627555],
        [-0.07041034,  0.        ,  0.2524869 , ...,  0.99889302,
          0.9669043 ,  0.87280666],
        [-0.31998932, -0.2524869 ,  0.        , ...,  0.97840611,
          0.99999624,  0.9677583 ],
        ...,
        [-0.9931018 , -0.99889302, -0.97840611, ...,  0.        ,
          0.209374  ,  0.44646928],
        [-0.94654011, -0.9669043 , -0.99999624, ..., -0.209374  ,
          0.        ,  0.24922594],
        [-0.83627555, -0.87280666, -0.9677583 , ..., -0.44646928,
         -0.24922594,  0.        ]]]), 'num': array([8.99531794e-01, 3.91779879e-03, 1.44687237e-05, 1.86586249e-03,
       1.88394839e-03, 1.85681954e-03, 4.36805914e-01, 9.04295229e-06,
       1.88455126e-03, 1.86510891e-03, 1.82140131e-03, 1.59453023e-06,
       1.94515309e-03, 1.78506473e-03])}
{'img': array([[[ 0.        , -0.25176994, -0.13192992, ...,  0.28423798,
         -0.3188365 , -0.25176994],
        [ 0.25176994,  0.        ,  0.12188916, ...,  0.51646723,
         -0.06993585,  0.        ],
        [ 0.13192992, -0.12188916,  0.        , ...,  0.40824177,
         -0.1910051 , -0.12188916],
        ...,
        [-0.28423798, -0.51646723, -0.40824177, ...,  0.        ,
         -0.57508922, -0.51646723],
        [ 0.3188365 ,  0.06993585,  0.1910051 , ...,  0.57508922,
          0.        ,  0.06993585],
        [ 0.25176994,  0.        ,  0.12188916, ...,  0.51646723,
         -0.06993585,  0.        ]],

       [[ 0.        , -0.34686175, -0.64111957, ..., -0.41103118,
         -0.38354524, -0.46831028],
        [ 0.34686175,  0.        , -0.33512054, ..., -0.06930627,
         -0.03939882, -0.13276125],
        [ 0.64111957,  0.33512054,  0.        , ...,  0.26901607,
          0.29773975,  0.20706971],
        ...,
        [ 0.41103118,  0.06930627, -0.26901607, ...,  0.        ,
          0.02994837, -0.06374924],
        [ 0.38354524,  0.03939882, -0.29773975, ..., -0.02994837,
          0.        , -0.0936081 ],
        [ 0.46831028,  0.13276125, -0.20706971, ...,  0.06374924,
          0.0936081 ,  0.        ]],

       [[ 0.        ,  0.1087685 ,  0.14879762, ...,  0.43048937,
          0.29728785,  0.3659745 ],
        [-0.1087685 ,  0.        ,  0.04035716, ...,  0.32976135,
          0.19167323,  0.26258054],
        [-0.14879762, -0.04035716,  0.        , ...,  0.29139294,
          0.15190818,  0.22342559],
        ...,
        [-0.43048937, -0.32976135, -0.29139294, ...,  0.        ,
         -0.14269532, -0.07029712],
        [-0.29728785, -0.19167323, -0.15190818, ...,  0.14269532,
          0.        ,  0.07276456],
        [-0.3659745 , -0.26258054, -0.22342559, ...,  0.07029712,
         -0.07276456,  0.        ]],

       ...,

       [[ 0.        , -0.15402478, -0.24728428, ..., -0.14694325,
         -0.46657404, -0.46657404],
        [ 0.15402478,  0.        , -0.09509221, ...,  0.00716306,
         -0.32477424, -0.32477424],
        [ 0.24728428,  0.09509221,  0.        , ...,  0.10222037,
         -0.23336511, -0.23336511],
        ...,
        [ 0.14694325, -0.00716306, -0.10222037, ...,  0.        ,
         -0.33154067, -0.33154067],
        [ 0.46657404,  0.32477424,  0.23336511, ...,  0.33154067,
          0.        ,  0.        ],
        [ 0.46657404,  0.32477424,  0.23336511, ...,  0.33154067,
          0.        ,  0.        ]],

       [[ 0.        ,  0.16143236,  0.32443569, ...,  0.81532549,
          0.73384619,  0.67906318],
        [-0.16143236,  0.        ,  0.16748019, ...,  0.7111617 ,
          0.61455737,  0.5516522 ],
        [-0.32443569, -0.16748019,  0.        , ...,  0.58337351,
          0.47375656,  0.40416944],
        ...,
        [-0.81532549, -0.7111617 , -0.58337351, ...,  0.        ,
         -0.12896431, -0.20533445],
        [-0.73384619, -0.61455737, -0.47375656, ...,  0.12896431,
          0.        , -0.07740342],
        [-0.67906318, -0.5516522 , -0.40416944, ...,  0.20533445,
          0.07740342,  0.        ]],

       [[ 0.        ,  0.2524869 ,  0.42744314, ...,  0.9669043 ,
          0.87280666,  0.73324392],
        [-0.2524869 ,  0.        ,  0.1853353 , ...,  0.99999624,
          0.9677583 ,  0.88116948],
        [-0.42744314, -0.1853353 ,  0.        , ...,  0.98317988,
          0.9976746 ,  0.95353015],
        ...,
        [-0.9669043 , -0.99999624, -0.98317988, ...,  0.        ,
          0.24922594,  0.47038241],
        [-0.87280666, -0.9677583 , -0.9976746 , ..., -0.24922594,
          0.        ,  0.23560708],
        [-0.73324392, -0.88116948, -0.95353015, ..., -0.47038241,
         -0.23560708,  0.        ]]]), 'num': array([7.62774633e-01, 2.34970710e-01, 8.36456297e-06, 3.10472896e-03,
       3.11456962e-03, 3.07028664e-03, 6.02402294e-01, 5.90439739e-05,
       3.08898390e-03, 3.05035930e-03, 2.97327411e-03, 2.80690033e-06,
       3.18070537e-03, 2.92001324e-03])}
{'img': array([[[ 0.        ,  0.12188916,  0.19872489, ..., -0.06993585,
          0.        ,  0.30650029],
        [-0.12188916,  0.        ,  0.07778503, ..., -0.1910051 ,
         -0.12188916,  0.18819223],
        [-0.19872489, -0.07778503,  0.        , ..., -0.26677932,
         -0.19872489,  0.11122686],
        ...,
        [ 0.06993585,  0.1910051 ,  0.26677932, ...,  0.        ,
          0.06993585,  0.3723197 ],
        [ 0.        ,  0.12188916,  0.19872489, ..., -0.06993585,
          0.        ,  0.30650029],
        [-0.30650029, -0.18819223, -0.11122686, ..., -0.3723197 ,
         -0.30650029,  0.        ]],

       [[ 0.        , -0.33512054, -0.27864098, ..., -0.03939882,
         -0.13276125, -0.34157735],
        [ 0.33512054,  0.        ,  0.05931957, ...,  0.29773975,
          0.20706971, -0.00686145],
        [ 0.27864098, -0.05931957,  0.        , ...,  0.24058619,
          0.14867118, -0.06616754],
        ...,
        [ 0.03939882, -0.29773975, -0.24058619, ...,  0.        ,
         -0.0936081 , -0.30428301],
        [ 0.13276125, -0.20706971, -0.14867118, ...,  0.0936081 ,
          0.        , -0.21377758],
        [ 0.34157735,  0.00686145,  0.06616754, ...,  0.30428301,
          0.21377758,  0.        ]],

       [[ 0.        ,  0.04035716,  0.08892703, ...,  0.19167323,
          0.26258054,  0.37426166],
        [-0.04035716,  0.        ,  0.04865731, ...,  0.15190818,
          0.22342559,  0.33653262],
        [-0.08892703, -0.04865731,  0.        , ...,  0.10363563,
          0.17573365,  0.29031479],
        ...,
        [-0.19167323, -0.15190818, -0.10363563, ...,  0.        ,
          0.07276456,  0.18957938],
        [-0.26258054, -0.22342559, -0.17573365, ..., -0.07276456,
          0.        ,  0.11763183],
        [-0.37426166, -0.33653262, -0.29031479, ..., -0.18957938,
         -0.11763183,  0.        ]],

       ...,

       [[ 0.        , -0.09509221, -0.07827115, ..., -0.32477424,
         -0.32477424, -0.20178378],
        [ 0.09509221,  0.        ,  0.01688401, ..., -0.23336511,
         -0.23336511, -0.10773322],
        [ 0.07827115, -0.01688401,  0.        , ..., -0.24974967,
         -0.24974967, -0.12450361],
        ...,
        [ 0.32477424,  0.23336511,  0.24974967, ...,  0.        ,
          0.        ,  0.12724826],
        [ 0.32477424,  0.23336511,  0.24974967, ...,  0.        ,
          0.        ,  0.12724826],
        [ 0.20178378,  0.10773322,  0.12450361, ..., -0.12724826,
         -0.12724826,  0.        ]],

       [[ 0.        ,  0.16748019,  0.28291602, ...,  0.61455737,
          0.5516522 ,  0.6044076 ],
        [-0.16748019,  0.        ,  0.11828222, ...,  0.47375656,
          0.40416944,  0.46244329],
        [-0.28291602, -0.11828222,  0.        , ...,  0.36626487,
          0.29314131,  0.35432215],
        ...,
        [-0.61455737, -0.47375656, -0.36626487, ...,  0.        ,
         -0.07740342, -0.01280233],
        [-0.5516522 , -0.40416944, -0.29314131, ...,  0.07740342,
          0.        ,  0.06463316],
        [-0.6044076 , -0.46244329, -0.35432215, ...,  0.01280233,
         -0.06463316,  0.        ]],

       [[ 0.        ,  0.1853353 ,  0.42918714, ...,  0.9677583 ,
          0.88116948,  0.83740174],
        [-0.1853353 ,  0.        ,  0.2543539 , ...,  0.9976746 ,
          0.95353015,  0.92419607],
        [-0.42918714, -0.2543539 ,  0.        , ...,  0.98219833,
          0.99880592,  0.9909428 ],
        ...,
        [-0.9677583 , -0.9976746 , -0.98219833, ...,  0.        ,
          0.23560708,  0.31803965],
        [-0.88116948, -0.95353015, -0.99880592, ..., -0.23560708,
          0.        ,  0.08571258],
        [-0.83740174, -0.92419607, -0.9909428 , ..., -0.31803965,
         -0.08571258,  0.        ]]]), 'num': array([ 7.85347275e-01,  4.69751408e-02,  1.17201926e-05,  3.19641616e-03,
        3.21163719e-03,  3.16090043e-03,  6.17205891e-01, -5.07367645e-06,
        3.18018040e-03,  3.15202150e-03,  3.06686829e-03,  2.99487846e-06,
        3.28279544e-03,  3.02124755e-03])}
{'img': array([[[ 0.        ,  0.07778503, -0.23557603, ..., -0.12188916,
          0.18819223,  0.15977752],
        [-0.07778503,  0.        , -0.31045811, ..., -0.19872489,
          0.11122686,  0.08250769],
        [ 0.23557603,  0.31045811,  0.        , ...,  0.11536081,
          0.41426254,  0.38783032],
        ...,
        [ 0.12188916,  0.19872489, -0.11536081, ...,  0.        ,
          0.30650029,  0.27890942],
        [-0.18819223, -0.11122686, -0.41426254, ..., -0.30650029,
          0.        , -0.02885189],
        [-0.15977752, -0.08250769, -0.38783032, ..., -0.27890942,
          0.02885189,  0.        ]],

       [[ 0.        ,  0.05931957,  0.09682551, ...,  0.20706971,
         -0.00686145, -0.01480948],
        [-0.05931957,  0.        ,  0.03761416, ...,  0.14867118,
         -0.06616754, -0.07409646],
        [-0.09682551, -0.03761416,  0.        , ...,  0.11136983,
         -0.10365245, -0.11155479],
        ...,
        [-0.20706971, -0.14867118, -0.11136983, ...,  0.        ,
         -0.21377758, -0.2215355 ],
        [ 0.00686145,  0.06616754,  0.10365245, ...,  0.21377758,
          0.        , -0.00794843],
        [ 0.01480948,  0.07409646,  0.11155479, ...,  0.2215355 ,
          0.00794843,  0.        ]],

       [[ 0.        ,  0.04865731,  0.12150982, ...,  0.22342559,
          0.33653262,  0.29139294],
        [-0.04865731,  0.        ,  0.07306912, ...,  0.17573365,
          0.29031479,  0.24450204],
        [-0.12150982, -0.07306912,  0.        , ...,  0.10333189,
          0.21961662,  0.17299707],
        ...,
        [-0.22342559, -0.17573365, -0.10333189, ...,  0.        ,
          0.11763183,  0.07029712],
        [-0.33653262, -0.29031479, -0.21961662, ..., -0.11763183,
          0.        , -0.04753175],
        [-0.29139294, -0.24450204, -0.17299707, ..., -0.07029712,
          0.04753175,  0.        ]],

       ...,

       [[ 0.        ,  0.01688401,  0.14336486, ..., -0.23336511,
         -0.10773322, -0.04718696],
        [-0.01688401,  0.        ,  0.12663483, ..., -0.24974967,
         -0.12450361, -0.06404543],
        [-0.14336486, -0.12663483,  0.        , ..., -0.37036087,
         -0.24915079, -0.18990468],
        ...,
        [ 0.23336511,  0.24974967,  0.37036087, ...,  0.        ,
          0.12724826,  0.18722107],
        [ 0.10773322,  0.12450361,  0.24915079, ..., -0.12724826,
          0.        ,  0.0607009 ],
        [ 0.04718696,  0.06404543,  0.18990468, ..., -0.18722107,
         -0.0607009 ,  0.        ]],

       [[ 0.        ,  0.11828222,  0.0567964 , ...,  0.40416944,
          0.46244329,  0.49262545],
        [-0.11828222,  0.        , -0.06169359, ...,  0.29314131,
          0.35432215,  0.38623314],
        [-0.0567964 ,  0.06169359,  0.        , ...,  0.35156626,
          0.41133834,  0.44240367],
        ...,
        [-0.40416944, -0.29314131, -0.35156626, ...,  0.        ,
          0.06463316,  0.09887169],
        [-0.46244329, -0.35432215, -0.41133834, ..., -0.06463316,
          0.        ,  0.03434849],
        [-0.49262545, -0.38623314, -0.44240367, ..., -0.09887169,
         -0.03434849,  0.        ]],

       [[ 0.        ,  0.2543539 ,  0.5502475 , ...,  0.95353015,
          0.92419607,  0.8465931 ],
        [-0.2543539 ,  0.        ,  0.31976462, ...,  0.99880592,
          0.9909428 ,  0.95412717],
        [-0.5502475 , -0.31976462,  0.        , ...,  0.96198747,
          0.98185482,  0.9997707 ],
        ...,
        [-0.95353015, -0.99880592, -0.96198747, ...,  0.        ,
          0.08571258,  0.25243102],
        [-0.92419607, -0.9909428 , -0.98185482, ..., -0.08571258,
          0.        ,  0.16856529],
        [-0.8465931 , -0.95412717, -0.9997707 , ..., -0.25243102,
         -0.16856529,  0.        ]]]), 'num': array([ 8.51300006e-01,  8.57623078e-02,  1.21900907e-05,  3.46397149e-03,
        3.47500324e-03,  3.44190797e-03,  5.17531461e-01, -1.10317563e-05,
        3.44632068e-03,  3.43308257e-03,  3.33453221e-03,  3.02351840e-06,
        3.56991193e-03,  3.29625321e-03])}
{'img': array([[[ 0.00000000e+00, -3.10458110e-01, -2.21760557e-01, ...,
          1.11226856e-01,  8.25076870e-02,  2.69351263e-02],
        [ 3.10458110e-01,  0.00000000e+00,  9.19253435e-02, ...,
          4.14262541e-01,  3.87830320e-01,  3.35949653e-01],
        [ 2.21760557e-01, -9.19253435e-02,  0.00000000e+00, ...,
          3.28841978e-01,  3.01457789e-01,  2.47944572e-01],
        ...,
        [-1.11226856e-01, -4.14262541e-01, -3.28841978e-01, ...,
          0.00000000e+00, -2.88518899e-02, -8.44185062e-02],
        [-8.25076870e-02, -3.87830320e-01, -3.01457789e-01, ...,
          2.88518899e-02,  0.00000000e+00, -5.56344628e-02],
        [-2.69351263e-02, -3.35949653e-01, -2.47944572e-01, ...,
          8.44185062e-02,  5.56344628e-02,  0.00000000e+00]],

       [[ 0.00000000e+00,  3.76141615e-02, -6.68371373e-02, ...,
         -6.61675441e-02, -7.40964615e-02, -3.83991077e-01],
        [-3.76141615e-02,  0.00000000e+00, -1.04319892e-01, ...,
         -1.03652451e-01, -1.11554789e-01, -4.18449881e-01],
        [ 6.68371373e-02,  1.04319892e-01,  0.00000000e+00, ...,
          6.71078737e-04, -7.27736695e-03, -3.21419246e-01],
        ...,
        [ 6.61675441e-02,  1.03652451e-01, -6.71078737e-04, ...,
          0.00000000e+00, -7.94842628e-03, -3.22054643e-01],
        [ 7.40964615e-02,  1.11554789e-01,  7.27736695e-03, ...,
          7.94842628e-03,  0.00000000e+00, -3.14519526e-01],
        [ 3.83991077e-01,  4.18449881e-01,  3.21419246e-01, ...,
          3.22054643e-01,  3.14519526e-01,  0.00000000e+00]],

       [[ 0.00000000e+00,  7.30691204e-02, -7.06862316e-03, ...,
          2.90314790e-01,  2.44502039e-01,  1.59275992e-01],
        [-7.30691204e-02,  0.00000000e+00, -8.01170228e-02, ...,
          2.19616622e-01,  1.72997072e-01,  8.67139006e-02],
        [ 7.06862316e-03,  8.01170228e-02,  0.00000000e+00, ...,
          2.97071723e-01,  2.51350013e-01,  1.66250398e-01],
        ...,
        [-2.90314790e-01, -2.19616622e-01, -2.97071723e-01, ...,
          0.00000000e+00, -4.75317514e-02, -1.34192493e-01],
        [-2.44502039e-01, -1.72997072e-01, -2.51350013e-01, ...,
          4.75317514e-02,  0.00000000e+00, -8.69389789e-02],
        [-1.59275992e-01, -8.67139006e-02, -1.66250398e-01, ...,
          1.34192493e-01,  8.69389789e-02,  0.00000000e+00]],

       ...,

       [[ 0.00000000e+00,  1.26634830e-01, -2.90055353e-02, ...,
         -1.24503611e-01, -6.40454341e-02, -1.92127622e-01],
        [-1.26634830e-01,  0.00000000e+00, -1.55353572e-01, ...,
         -2.49150787e-01, -1.89904677e-01, -3.14856497e-01],
        [ 2.90055353e-02,  1.55353572e-01,  0.00000000e+00, ...,
         -9.56713783e-02, -3.50725005e-02, -1.63581624e-01],
        ...,
        [ 1.24503611e-01,  2.49150787e-01,  9.56713783e-02, ...,
          0.00000000e+00,  6.07008964e-02, -6.84486046e-02],
        [ 6.40454341e-02,  1.89904677e-01,  3.50725005e-02, ...,
         -6.07008964e-02,  0.00000000e+00, -1.28880917e-01],
        [ 1.92127622e-01,  3.14856497e-01,  1.63581624e-01, ...,
          6.84486046e-02,  1.28880917e-01,  0.00000000e+00]],

       [[ 0.00000000e+00, -6.16935946e-02, -1.30040813e-01, ...,
          3.54322149e-01,  3.86233142e-01,  3.96228224e-01],
        [ 6.16935946e-02,  0.00000000e+00, -6.86233709e-02, ...,
          4.11338339e-01,  4.42403666e-01,  4.52117563e-01],
        [ 1.30040813e-01,  6.86233709e-02,  0.00000000e+00, ...,
          4.72917683e-01,  5.02903300e-01,  5.12260948e-01],
        ...,
        [-3.54322149e-01, -4.11338339e-01, -4.72917683e-01, ...,
          0.00000000e+00,  3.43484851e-02,  4.52006835e-02],
        [-3.86233142e-01, -4.42403666e-01, -5.02903300e-01, ...,
         -3.43484851e-02,  0.00000000e+00,  1.08606329e-02],
        [-3.96228224e-01, -4.52117563e-01, -5.12260948e-01, ...,
         -4.52006835e-02, -1.08606329e-02,  0.00000000e+00]],

       [[ 0.00000000e+00,  3.19289530e-01,  5.79025372e-01, ...,
          9.91839150e-01,  9.57162901e-01,  7.63682694e-01],
        [-3.19289530e-01,  0.00000000e+00,  2.88397776e-01, ...,
          9.80631502e-01,  9.99512600e-01,  9.29840110e-01],
        [-5.79025372e-01, -2.88397776e-01,  0.00000000e+00, ...,
          8.82479030e-01,  9.48040804e-01,  9.96451792e-01],
        ...,
        [-9.91839150e-01, -9.80631502e-01, -8.82479030e-01, ...,
          0.00000000e+00,  1.65153033e-01,  5.42957098e-01],
        [-9.57162901e-01, -9.99512600e-01, -9.48040804e-01, ...,
         -1.65153033e-01,  0.00000000e+00,  3.96812203e-01],
        [-7.63682694e-01, -9.29840110e-01, -9.96451792e-01, ...,
         -5.42957098e-01, -3.96812203e-01,  0.00000000e+00]]]), 'num': array([8.21154899e-01, 2.58754549e-02, 1.26435524e-05, 3.34151027e-03,
       3.34682269e-03, 3.30963577e-03, 5.70041571e-01, 5.31241696e-06,
       3.33301040e-03, 3.31282322e-03, 3.21171021e-03, 2.87589490e-06,
       3.43828627e-03, 3.18736017e-03])}
{'img': array([[[ 0.00000000e+00,  9.19253435e-02,  0.00000000e+00, ...,
          3.87830320e-01,  3.35949653e-01,  3.61733739e-01],
        [-9.19253435e-02,  0.00000000e+00, -9.19253435e-02, ...,
          3.01457789e-01,  2.47944572e-01,  2.74501831e-01],
        [ 0.00000000e+00,  9.19253435e-02,  0.00000000e+00, ...,
          3.87830320e-01,  3.35949653e-01,  3.61733739e-01],
        ...,
        [-3.87830320e-01, -3.01457789e-01, -3.87830320e-01, ...,
          0.00000000e+00, -5.56344628e-02, -2.81458889e-02],
        [-3.35949653e-01, -2.47944572e-01, -3.35949653e-01, ...,
          5.56344628e-02,  0.00000000e+00,  2.75101252e-02],
        [-3.61733739e-01, -2.74501831e-01, -3.61733739e-01, ...,
          2.81458889e-02, -2.75101252e-02,  0.00000000e+00]],

       [[ 0.00000000e+00, -1.04319892e-01, -4.18998144e-01, ...,
         -1.11554789e-01, -4.18449881e-01, -2.62610376e-01],
        [ 1.04319892e-01,  0.00000000e+00, -3.21990889e-01, ...,
         -7.27736695e-03, -3.21419246e-01, -1.60519052e-01],
        [ 4.18998144e-01,  3.21990889e-01,  0.00000000e+00, ...,
          3.15092568e-01,  6.03738536e-04,  1.65845299e-01],
        ...,
        [ 1.11554789e-01,  7.27736695e-03, -3.15092568e-01, ...,
          0.00000000e+00, -3.14519526e-01, -1.53331802e-01],
        [ 4.18449881e-01,  3.21419246e-01, -6.03738536e-04, ...,
          3.14519526e-01,  0.00000000e+00,  1.65249891e-01],
        [ 2.62610376e-01,  1.60519052e-01, -1.65845299e-01, ...,
          1.53331802e-01, -1.65249891e-01,  0.00000000e+00]],

       [[ 0.00000000e+00, -8.01170228e-02, -1.14714121e-01, ...,
          1.72997072e-01,  8.67139006e-02,  2.00644230e-01],
        [ 8.01170228e-02,  0.00000000e+00, -3.47572344e-02, ...,
          2.51350013e-01,  1.66250398e-01,  2.78487029e-01],
        [ 1.14714121e-01,  3.47572344e-02,  0.00000000e+00, ...,
          2.84839540e-01,  2.00423485e-01,  3.11701000e-01],
        ...,
        [-1.72997072e-01, -2.51350013e-01, -2.84839540e-01, ...,
          0.00000000e+00, -8.69389789e-02,  2.81399497e-02],
        [-8.67139006e-02, -1.66250398e-01, -2.00423485e-01, ...,
          8.69389789e-02,  0.00000000e+00,  1.14937952e-01],
        [-2.00644230e-01, -2.78487029e-01, -3.11701000e-01, ...,
         -2.81399497e-02, -1.14937952e-01,  0.00000000e+00]],

       ...,

       [[ 0.00000000e+00, -1.55353572e-01, -2.79093813e-01, ...,
         -1.89904677e-01, -3.14856497e-01, -3.34633563e-01],
        [ 1.55353572e-01,  0.00000000e+00, -1.26524898e-01, ...,
         -3.50725005e-02, -1.63581624e-01, -1.84173575e-01],
        [ 2.79093813e-01,  1.26524898e-01,  0.00000000e+00, ...,
          9.16564182e-02, -3.74464062e-02, -5.83329216e-02],
        ...,
        [ 1.89904677e-01,  3.50725005e-02, -9.16564182e-02, ...,
          0.00000000e+00, -1.28880917e-01, -1.49587725e-01],
        [ 3.14856497e-01,  1.63581624e-01,  3.74464062e-02, ...,
          1.28880917e-01,  0.00000000e+00, -2.09093672e-02],
        [ 3.34633563e-01,  1.84173575e-01,  5.83329216e-02, ...,
          1.49587725e-01,  2.09093672e-02,  0.00000000e+00]],

       [[ 0.00000000e+00, -6.86233709e-02, -8.71122710e-02, ...,
          4.42403666e-01,  4.52117563e-01,  4.52680063e-01],
        [ 6.86233709e-02,  0.00000000e+00, -1.85444166e-02, ...,
          5.02903300e-01,  5.12260948e-01,  5.12802540e-01],
        [ 8.71122710e-02,  1.85444166e-02,  0.00000000e+00, ...,
          5.18845550e-01,  5.28099357e-01,  5.28634861e-01],
        ...,
        [-4.42403666e-01, -5.02903300e-01, -5.18845550e-01, ...,
          0.00000000e+00,  1.08606329e-02,  1.14913282e-02],
        [-4.52117563e-01, -5.12260948e-01, -5.28099357e-01, ...,
         -1.08606329e-02,  0.00000000e+00,  6.30734660e-04],
        [-4.52680063e-01, -5.12802540e-01, -5.28634861e-01, ...,
         -1.14913282e-02, -6.30734660e-04,  0.00000000e+00]],

       [[ 0.00000000e+00,  2.78339631e-01,  4.26992634e-01, ...,
          9.83995174e-01,  9.99858798e-01,  9.18279619e-01],
        [-2.78339631e-01,  0.00000000e+00,  1.58429014e-01, ...,
          8.95511598e-01,  9.55669793e-01,  9.92195408e-01],
        [-4.26992634e-01, -1.58429014e-01,  0.00000000e+00, ...,
          8.13694658e-01,  8.96952108e-01,  9.99419290e-01],
        ...,
        [-9.83995174e-01, -8.95511598e-01, -8.13694658e-01, ...,
          0.00000000e+00,  1.61634600e-01,  5.53228603e-01],
        [-9.99858798e-01, -9.55669793e-01, -8.96952108e-01, ...,
         -1.61634600e-01,  0.00000000e+00,  4.11307634e-01],
        [-9.18279619e-01, -9.92195408e-01, -9.99419290e-01, ...,
         -5.53228603e-01, -4.11307634e-01,  0.00000000e+00]]]), 'num': array([8.61977131e-01, 1.65600440e-02, 1.33768526e-05, 3.50795472e-03,
       3.54680865e-03, 3.50795472e-03, 5.06581076e-01, 1.66516838e-05,
       3.49685359e-03, 3.46799068e-03, 3.35734949e-03, 2.72902595e-06,
       3.59425100e-03, 3.34173035e-03])}
{'img': array([[[ 0.00000000e+00, -9.19253435e-02, -2.65697533e-01, ...,
          2.47944572e-01,  2.74501831e-01,  3.56688952e-01],
        [ 9.19253435e-02,  0.00000000e+00, -1.75951324e-01, ...,
          3.35949653e-01,  3.61733739e-01,  4.41057485e-01],
        [ 2.65697533e-01,  1.75951324e-01,  0.00000000e+00, ...,
          4.96433482e-01,  5.20126439e-01,  5.92089082e-01],
        ...,
        [-2.47944572e-01, -3.35949653e-01, -4.96433482e-01, ...,
          0.00000000e+00,  2.75101252e-02,  1.13915490e-01],
        [-2.74501831e-01, -3.61733739e-01, -5.20126439e-01, ...,
         -2.75101252e-02,  0.00000000e+00,  8.65413293e-02],
        [-3.56688952e-01, -4.41057485e-01, -5.92089082e-01, ...,
         -1.13915490e-01, -8.65413293e-02,  0.00000000e+00]],

       [[ 0.00000000e+00, -3.21990889e-01, -3.17761616e-01, ...,
         -3.21419246e-01, -1.60519052e-01, -3.54571876e-01],
        [ 3.21990889e-01,  0.00000000e+00,  4.46379531e-03, ...,
          6.03738536e-04,  1.65845299e-01, -3.46176165e-02],
        [ 3.17761616e-01, -4.46379531e-03,  0.00000000e+00, ...,
         -3.86006198e-03,  1.61441667e-01, -3.90783914e-02],
        ...,
        [ 3.21419246e-01, -6.03738536e-04,  3.86006198e-03, ...,
          0.00000000e+00,  1.65249891e-01, -3.52209868e-02],
        [ 1.60519052e-01, -1.65845299e-01, -1.61441667e-01, ...,
         -1.65249891e-01,  0.00000000e+00, -1.99884121e-01],
        [ 3.54571876e-01,  3.46176165e-02,  3.90783914e-02, ...,
          3.52209868e-02,  1.99884121e-01,  0.00000000e+00]],

       [[ 0.00000000e+00, -3.47572344e-02, -1.52693981e-01, ...,
          1.66250398e-01,  2.78487029e-01,  4.08393864e-01],
        [ 3.47572344e-02,  0.00000000e+00, -1.18252067e-01, ...,
          2.00423485e-01,  3.11701000e-01,  4.39873712e-01],
        [ 1.52693981e-01,  1.18252067e-01,  0.00000000e+00, ...,
          3.14869892e-01,  4.21874762e-01,  5.42984795e-01],
        ...,
        [-1.66250398e-01, -2.00423485e-01, -3.14869892e-01, ...,
          0.00000000e+00,  1.14937952e-01,  2.50956149e-01],
        [-2.78487029e-01, -3.11701000e-01, -4.21874762e-01, ...,
         -1.14937952e-01,  0.00000000e+00,  1.38033221e-01],
        [-4.08393864e-01, -4.39873712e-01, -5.42984795e-01, ...,
         -2.50956149e-01, -1.38033221e-01,  0.00000000e+00]],

       ...,

       [[ 0.00000000e+00, -1.26524898e-01, -1.83224978e-01, ...,
         -1.63581624e-01, -1.84173575e-01, -3.33584788e-01],
        [ 1.26524898e-01,  0.00000000e+00, -5.73695189e-02, ...,
         -3.74464062e-02, -5.83329216e-02, -2.11626346e-01],
        [ 1.83224978e-01,  5.73695189e-02,  0.00000000e+00, ...,
          1.99445496e-02, -9.65018796e-04, -1.55207664e-01],
        ...,
        [ 1.63581624e-01,  3.74464062e-02, -1.99445496e-02, ...,
          0.00000000e+00, -2.09093672e-02, -1.74879650e-01],
        [ 1.84173575e-01,  5.83329216e-02,  9.65018796e-04, ...,
          2.09093672e-02,  0.00000000e+00, -1.54254267e-01],
        [ 3.33584788e-01,  2.11626346e-01,  1.55207664e-01, ...,
          1.74879650e-01,  1.54254267e-01,  0.00000000e+00]],

       [[ 0.00000000e+00, -1.85444166e-02, -8.29211727e-02, ...,
          5.12260948e-01,  5.12802540e-01,  5.29885490e-01],
        [ 1.85444166e-02,  0.00000000e+00, -6.44263616e-02, ...,
          5.28099357e-01,  5.28634861e-01,  5.45521318e-01],
        [ 8.29211727e-02,  6.44263616e-02,  0.00000000e+00, ...,
          5.81711956e-01,  5.82224877e-01,  5.98383515e-01],
        ...,
        [-5.12260948e-01, -5.28099357e-01, -5.81711956e-01, ...,
          0.00000000e+00,  6.30734660e-04,  2.06487470e-02],
        [-5.12802540e-01, -5.28634861e-01, -5.82224877e-01, ...,
         -6.30734660e-04,  0.00000000e+00,  2.00181427e-02],
        [-5.29885490e-01, -5.45521318e-01, -5.98383515e-01, ...,
         -2.06487470e-02, -2.00181427e-02,  0.00000000e+00]],

       [[ 0.00000000e+00,  1.52956246e-01,  3.00909454e-01, ...,
          9.15467526e-01,  9.73892827e-01,  9.87598119e-01],
        [-1.52956246e-01,  0.00000000e+00,  1.51501501e-01, ...,
          8.43146836e-01,  9.27710659e-01,  9.99991610e-01],
        [-3.00909454e-01, -1.51501501e-01,  0.00000000e+00, ...,
          7.51954577e-01,  8.60446600e-01,  9.89069327e-01],
        ...,
        [-9.15467526e-01, -8.43146836e-01, -7.51954577e-01, ...,
          0.00000000e+00,  1.84067835e-01,  5.41132633e-01],
        [-9.73892827e-01, -9.27710659e-01, -8.60446600e-01, ...,
         -1.84067835e-01,  0.00000000e+00,  3.77097092e-01],
        [-9.87598119e-01, -9.99991610e-01, -9.89069327e-01, ...,
         -5.41132633e-01, -3.77097092e-01,  0.00000000e+00]]]), 'num': array([ 7.56614908e-01,  1.16376588e-02,  1.19771262e-05,  3.07841839e-03,
        3.16255522e-03,  3.06851993e-03,  6.53698828e-01, -4.94922570e-05,
        3.10910359e-03,  3.09499829e-03,  2.99395160e-03,  2.13806550e-06,
        3.20339763e-03,  2.98659895e-03])}
{'img': array([[[ 0.00000000e+00, -1.75951324e-01, -8.92267005e-02, ...,
          3.61733739e-01,  4.41057485e-01,  1.86851559e-01],
        [ 1.75951324e-01,  0.00000000e+00,  8.74148518e-02, ...,
          5.20126439e-01,  5.92089082e-01,  3.56788960e-01],
        [ 8.92267005e-02, -8.74148518e-02,  0.00000000e+00, ...,
          4.43475305e-01,  5.19377335e-01,  2.73761526e-01],
        ...,
        [-3.61733739e-01, -5.20126439e-01, -4.43475305e-01, ...,
          0.00000000e+00,  8.65413293e-02, -1.81164700e-01],
        [-4.41057485e-01, -5.92089082e-01, -5.19377335e-01, ...,
         -8.65413293e-02,  0.00000000e+00, -2.65594328e-01],
        [-1.86851559e-01, -3.56788960e-01, -2.73761526e-01, ...,
          1.81164700e-01,  2.65594328e-01,  0.00000000e+00]],

       [[ 0.00000000e+00,  4.46379531e-03, -8.72020416e-02, ...,
          1.65845299e-01, -3.46176165e-02,  4.11118568e-01],
        [-4.46379531e-03,  0.00000000e+00, -9.16479639e-02, ...,
          1.61441667e-01, -3.90783914e-02,  4.07045357e-01],
        [ 8.72020416e-02,  9.16479639e-02,  0.00000000e+00, ...,
          2.51207984e-01,  5.26640296e-02,  4.89044273e-01],
        ...,
        [-1.65845299e-01, -1.61441667e-01, -2.51207984e-01, ...,
          0.00000000e+00, -1.99884121e-01,  2.54243739e-01],
        [ 3.46176165e-02,  3.90783914e-02, -5.26640296e-02, ...,
          1.99884121e-01,  0.00000000e+00,  4.42428948e-01],
        [-4.11118568e-01, -4.07045357e-01, -4.89044273e-01, ...,
         -2.54243739e-01, -4.42428948e-01,  0.00000000e+00]],

       [[ 0.00000000e+00, -1.18252067e-01, -2.21552213e-01, ...,
          3.11701000e-01,  4.39873712e-01,  3.48875889e-01],
        [ 1.18252067e-01,  0.00000000e+00, -1.04684389e-01, ...,
          4.21874762e-01,  5.42984795e-01,  4.57250203e-01],
        [ 2.21552213e-01,  1.04684389e-01,  0.00000000e+00, ...,
          5.14469301e-01,  6.27909296e-01,  5.47837655e-01],
        ...,
        [-3.11701000e-01, -4.21874762e-01, -5.14469301e-01, ...,
          0.00000000e+00,  1.38033221e-01,  3.93784807e-02],
        [-4.39873712e-01, -5.42984795e-01, -6.27909296e-01, ...,
         -1.38033221e-01,  0.00000000e+00, -9.89246233e-02],
        [-3.48875889e-01, -4.57250203e-01, -5.47837655e-01, ...,
         -3.93784807e-02,  9.89246233e-02,  0.00000000e+00]],

       ...,

       [[ 0.00000000e+00, -5.73695189e-02,  4.49182670e-02, ...,
         -5.83329216e-02, -2.11626346e-01, -3.97127282e-01],
        [ 5.73695189e-02,  0.00000000e+00,  1.02155901e-01, ...,
         -9.65018796e-04, -1.55207664e-01, -3.43821565e-01],
        [-4.49182670e-02, -1.02155901e-01,  0.00000000e+00, ...,
         -1.03115824e-01, -2.55313642e-01, -4.37950795e-01],
        ...,
        [ 5.83329216e-02,  9.65018796e-04,  1.03115824e-01, ...,
          0.00000000e+00, -1.54254267e-01, -3.42915219e-01],
        [ 2.11626346e-01,  1.55207664e-01,  2.55313642e-01, ...,
          1.54254267e-01,  0.00000000e+00, -1.93909661e-01],
        [ 3.97127282e-01,  3.43821565e-01,  4.37950795e-01, ...,
          3.42915219e-01,  1.93909661e-01,  0.00000000e+00]],

       [[ 0.00000000e+00, -6.44263616e-02, -5.36007907e-02, ...,
          5.28634861e-01,  5.45521318e-01,  5.30438893e-01],
        [ 6.44263616e-02,  0.00000000e+00,  1.08443120e-02, ...,
          5.82224877e-01,  5.98383515e-01,  5.83952606e-01],
        [ 5.36007907e-02, -1.08443120e-02,  0.00000000e+00, ...,
          5.73373914e-01,  5.89659760e-01,  5.75114990e-01],
        ...,
        [-5.28634861e-01, -5.82224877e-01, -5.73373914e-01, ...,
          0.00000000e+00,  2.00181427e-02,  2.12667582e-03],
        [-5.45521318e-01, -5.98383515e-01, -5.89659760e-01, ...,
         -2.00181427e-02,  0.00000000e+00, -1.78918478e-02],
        [-5.30438893e-01, -5.83952606e-01, -5.75114990e-01, ...,
         -2.12667582e-03,  1.78918478e-02,  0.00000000e+00]],

       [[ 0.00000000e+00,  1.47617652e-01,  1.95183957e-01, ...,
          8.92520490e-01,  9.59768722e-01,  9.99600215e-01],
        [-1.47617652e-01,  0.00000000e+00,  4.82671494e-02, ...,
          8.16165913e-01,  9.07804162e-01,  9.92822818e-01],
        [-1.95183957e-01, -4.82671494e-02,  0.00000000e+00, ...,
          7.87325031e-01,  8.86503113e-01,  9.85893158e-01],
        ...,
        [-8.92520490e-01, -8.16165913e-01, -7.87325031e-01, ...,
          0.00000000e+00,  1.82249885e-01,  4.76061539e-01],
        [-9.59768722e-01, -9.07804162e-01, -8.86503113e-01, ...,
         -1.82249885e-01,  0.00000000e+00,  3.07815847e-01],
        [-9.99600215e-01, -9.92822818e-01, -9.85893158e-01, ...,
         -4.76061539e-01, -3.07815847e-01,  0.00000000e+00]]]), 'num': array([7.50012047e-01, 1.12685295e-02, 1.15972295e-05, 3.05265916e-03,
       3.05265916e-03, 2.99036000e-03, 6.61273594e-01, 7.18836538e-05,
       3.01719656e-03, 3.00329906e-03, 2.90082491e-03, 2.23397821e-06,
       3.10523313e-03, 2.90136498e-03])}
{'img': array([[[ 0.        ,  0.08741485,  0.17595132, ...,  0.59208908,
          0.35678896,  0.71587893],
        [-0.08741485,  0.        ,  0.0892267 , ...,  0.51937734,
          0.27376153,  0.65210335],
        [-0.17595132, -0.0892267 ,  0.        , ...,  0.44105748,
          0.18685156,  0.58185689],
        ...,
        [-0.59208908, -0.51937734, -0.44105748, ...,  0.        ,
         -0.26559433,  0.16349609],
        [-0.35678896, -0.27376153, -0.18685156, ...,  0.26559433,
          0.        ,  0.4196446 ],
        [-0.71587893, -0.65210335, -0.58185689, ..., -0.16349609,
         -0.4196446 ,  0.        ]],

       [[ 0.        , -0.09164796, -0.19524792, ..., -0.03907839,
          0.40704536,  0.45763305],
        [ 0.09164796,  0.        , -0.10454211, ...,  0.05266403,
          0.48904427,  0.53719506],
        [ 0.19524792,  0.10454211,  0.        , ...,  0.15677249,
          0.57755233,  0.62242836],
        ...,
        [ 0.03907839, -0.05266403, -0.15677249, ...,  0.        ,
          0.44242895,  0.49202969],
        [-0.40704536, -0.48904427, -0.57755233, ..., -0.44242895,
          0.        ,  0.05608489],
        [-0.45763305, -0.53719506, -0.62242836, ..., -0.49202969,
         -0.05608489,  0.        ]],

       [[ 0.        , -0.10468439, -0.10468439, ...,  0.5429848 ,
          0.4572502 ,  0.52304158],
