state_0,state_1,state_2,state_3,state_4,state_5,state_6,state_7,state_8,state_9,state_10,state_11,state_12,state_13,state_14,state_15,state_16,state_17,state_18,state_19,state_20,state_21,state_22,state_23,state_24,state_25,state_26,state_27,state_28,state_29,state_30,state_31,state_32,state_33,state_34,state_35,state_36,state_37,state_38,state_39,state_40,state_41,state_42,state_43,state_44,state_45,state_46,state_47,state_48,state_49,state_50,state_51,state_52,state_53,state_54,state_55,state_56,state_57,state_58,state_59,state_60,state_61,state_62,state_63,state_64,state_65,state_66,state_67,state_68,state_69,state_70,state_71,state_72,state_73,state_74,state_75,state_76,state_77,state_78,state_79,state_80,state_81,state_82,state_83,state_84,state_85,state_86,state_87,state_88,state_89,state_90,state_91,state_92,state_93,state_94,state_95,state_96,state_97,state_98,state_99,state_100,state_101,state_102,state_103,state_104,state_105,state_106,state_107,state_108,state_109,state_110,state_111,state_112,state_113,state_114,state_115,state_116,state_117,state_118,state_119,state_120,state_121,state_122,state_123,state_124,state_125,state_126,state_127,state_128,state_129,state_130,state_131,state_132,state_133,state_134,state_135,state_136,state_137,state_138,state_139,state_140,state_141,state_142,state_143,state_144,state_145,state_146,state_147,state_148,state_149,state_150,state_151,state_152,state_153,state_154,state_155,state_156,state_157,state_158,state_159,state_160,state_161,state_162,state_163,state_164,state_165,state_166,state_167,state_168,state_169,state_170,state_171,state_172,state_173,state_174,state_175,state_176,state_177,state_178,state_179,state_180,state_181,state_182,state_183,state_184,state_185,state_186,state_187,state_188,state_189,state_190,state_191,state_192,state_193,state_194,state_195,state_196,state_197,state_198,state_199,state_200,state_201,state_202,state_203,state_204,state_205,state_206,state_207,state_208,state_209,state_210,state_211,state_212,state_213,state_214,state_215,state_216,state_217,state_218,state_219,state_220,state_221,state_222,state_223,state_224,state_225,state_226,state_227,state_228,state_229,state_230,state_231,state_232,state_233,state_234,state_235,state_236,state_237,state_238,state_239,state_240,state_241,state_242,state_243,state_244,state_245,state_246,state_247,state_248,state_249,state_250,state_251,state_252,state_253,state_254,state_255,state_256,state_257,state_258,state_259,state_260,state_261,state_262,state_263,state_264,state_265,state_266,state_267,state_268,state_269,state_270,state_271,state_272,state_273,state_274,state_275,state_276,state_277,state_278,state_279,state_280,state_281,state_282,state_283,state_284,state_285,state_286,state_287
{'img': array([[[ 0.        , -0.36383305, -0.47196005, ..., -0.81279163,
         -0.80828966, -0.88898108],
        [ 0.36383305,  0.        , -0.1188514 , ..., -0.96903887,
         -0.96711232, -0.99466917],
        [ 0.47196005,  0.1188514 ,  0.        , ..., -0.99151576,
         -0.99048729, -0.99987468],
        ...,
        [ 0.81279163,  0.96903887,  0.99151576, ...,  0.        ,
         -0.00768677,  0.14566695],
        [ 0.80828966,  0.96711232,  0.99048729, ...,  0.00768677,
          0.        ,  0.15326743],
        [ 0.88898108,  0.99466917,  0.99987468, ..., -0.14566695,
         -0.15326743,  0.        ]],

       [[ 0.        , -0.10141144, -0.27587096, ...,  0.61924194,
          0.29533048,  0.30580129],
        [ 0.10141144,  0.        , -0.17697259, ...,  0.69567777,
          0.39069592,  0.40077812],
        [ 0.27587096,  0.17697259,  0.        , ...,  0.81182601,
          0.54743587,  0.55659004],
        ...,
        [-0.61924194, -0.69567777, -0.81182601, ...,  0.        ,
         -0.35972719, -0.34946213],
        [-0.29533048, -0.39069592, -0.54743587, ...,  0.35972719,
          0.        ,  0.0109783 ],
        [-0.30580129, -0.40077812, -0.55659004, ...,  0.34946213,
         -0.0109783 ,  0.        ]],

       [[ 0.        , -0.35425422, -0.46394784, ..., -0.75898984,
         -0.77841005, -0.77631091],
        [ 0.35425422,  0.        , -0.1200399 , ..., -0.94042451,
         -0.95031477, -0.94927071],
        [ 0.46394784,  0.1200399 ,  0.        , ..., -0.97443824,
         -0.9808104 , -0.98015435],
        ...,
        [ 0.75898984,  0.94042451,  0.97443824, ...,  0.        ,
          0.03036415,  0.02702855],
        [ 0.77841005,  0.95031477,  0.9808104 , ..., -0.03036415,
          0.        , -0.00333697],
        [ 0.77631091,  0.94927071,  0.98015435, ..., -0.02702855,
          0.00333697,  0.        ]],

       ...,

       [[ 0.        , -0.86614591, -0.92814688, ..., -0.83996912,
         -0.81422925, -0.82079331],
        [ 0.86614591,  0.        , -0.14148788, ...,  0.05019121,
          0.09589073,  0.08453918],
        [ 0.92814688,  0.14148788,  0.        , ...,  0.19099584,
          0.23576196,  0.22467009],
        ...,
        [ 0.83996912, -0.05019121, -0.19099584, ...,  0.        ,
          0.04580995,  0.0344211 ],
        [ 0.81422925, -0.09589073, -0.23576196, ..., -0.04580995,
          0.        , -0.01139785],
        [ 0.82079331, -0.08453918, -0.22467009, ..., -0.0344211 ,
          0.01139785,  0.        ]],

       [[ 0.        , -0.02050487, -0.04394742, ..., -0.74570274,
         -0.66023053, -0.43249621],
        [ 0.02050487,  0.        , -0.02345312, ..., -0.75920791,
         -0.67549217, -0.4508932 ],
        [ 0.04394742,  0.02345312,  0.        , ..., -0.7742635 ,
         -0.69259993, -0.47170291],
        ...,
        [ 0.74570274,  0.75920791,  0.7742635 , ...,  0.        ,
         -0.12017214, -0.3841892 ],
        [ 0.66023053,  0.67549217,  0.69259993, ...,  0.12017214,
          0.        , -0.27045555],
        [ 0.43249621,  0.4508932 ,  0.47170291, ...,  0.3841892 ,
          0.27045555,  0.        ]],

       [[ 0.        ,  0.09330445,  0.30937858, ..., -0.38403514,
         -0.36405461, -0.45758256],
        [-0.09330445,  0.        ,  0.21930212, ..., -0.29621011,
         -0.27556479, -0.37262316],
        [-0.30937858, -0.21930212,  0.        , ..., -0.07953902,
         -0.05804543, -0.16004381],
        ...,
        [ 0.38403514,  0.29621011,  0.07953902, ...,  0.        ,
         -0.02154338,  0.081023  ],
        [ 0.36405461,  0.27556479,  0.05804543, ...,  0.02154338,
          0.        ,  0.10247675],
        [ 0.45758256,  0.37262316,  0.16004381, ..., -0.081023  ,
         -0.10247675,  0.        ]]]), 'num': array([ 9.98674761e-01,  2.04327434e-03,  2.85977483e-05,  7.34437383e-04,
        7.57619050e-04,  7.30222534e-04,  5.13816608e-02, -1.15908339e-05,
        7.36755549e-04,  7.32593386e-04,  8.14431698e-04,  9.96754756e-07,
        7.99508258e-04,  6.65678515e-04])}
{'img': array([[[ 0.        , -0.31711499, -0.71729054, ..., -0.81871959,
         -0.89862885, -0.86036558],
        [ 0.31711499,  0.        , -0.45931156, ..., -0.95854848,
         -0.99136942, -0.97758596],
        [ 0.71729054,  0.45931156,  0.        , ..., -0.98232629,
         -0.9408237 , -0.96506732],
        ...,
        [ 0.81871959,  0.95854848,  0.98232629, ...,  0.        ,
          0.15680668,  0.07673348],
        [ 0.89862885,  0.99136942,  0.9408237 , ..., -0.15680668,
          0.        , -0.08056013],
        [ 0.86036558,  0.97758596,  0.96506732, ..., -0.07673348,
          0.08056013,  0.        ]],

       [[ 0.        , -0.17697259,  0.66465651, ...,  0.39069592,
          0.40077812,  0.03599503],
        [ 0.17697259,  0.        ,  0.78639034, ...,  0.54743587,
          0.55659004,  0.21228478],
        [-0.66465651, -0.78639034,  0.        , ..., -0.31992139,
         -0.30950079, -0.63733215],
        ...,
        [-0.39069592, -0.54743587,  0.31992139, ...,  0.        ,
          0.0109783 , -0.3573086 ],
        [-0.40077812, -0.55659004,  0.30950079, ..., -0.0109783 ,
          0.        , -0.36754065],
        [-0.03599503, -0.21228478,  0.63733215, ...,  0.3573086 ,
          0.36754065,  0.        ]],

       [[ 0.        , -0.3150904 , -0.53129803, ..., -0.78830747,
         -0.7862076 , -0.73971322],
        [ 0.3150904 ,  0.        , -0.23729474, ..., -0.9420217 ,
         -0.94087353, -0.9140648 ],
        [ 0.53129803,  0.23729474,  0.        , ..., -0.99474011,
         -0.99438552, -0.9841962 ],
        ...,
        [ 0.78830747,  0.9420217 ,  0.99474011, ...,  0.        ,
         -0.00340544, -0.07533778],
        [ 0.7862076 ,  0.94087353,  0.99438552, ...,  0.00340544,
          0.        , -0.07194158],
        [ 0.73971322,  0.9140648 ,  0.9841962 , ...,  0.07533778,
          0.07194158,  0.        ]],

       ...,

       [[ 0.        , -0.14637615, -0.58835857, ...,  0.10000961,
          0.08813103,  0.2392029 ],
        [ 0.14637615,  0.        , -0.46366159, ...,  0.2445747 ,
          0.23298836,  0.37875324],
        [ 0.58835857,  0.46366159,  0.        , ...,  0.66627661,
          0.65733197,  0.76469779],
        ...,
        [-0.10000961, -0.2445747 , -0.66627661, ...,  0.        ,
         -0.01193128,  0.14089736],
        [-0.08813103, -0.23298836, -0.65733197, ...,  0.01193128,
          0.        ,  0.15269958],
        [-0.2392029 , -0.37875324, -0.76469779, ..., -0.14089736,
         -0.15269958,  0.        ]],

       [[ 0.        , -0.02335249,  0.03153285, ..., -0.71266898,
         -0.60193329, -0.44916965],
        [ 0.02335249,  0.        ,  0.05486513, ..., -0.72885641,
         -0.62041718, -0.46991135],
        [-0.03153285, -0.05486513,  0.        , ..., -0.69019427,
         -0.57645351, -0.42077336],
        ...,
        [ 0.71266898,  0.72885641,  0.69019427, ...,  0.        ,
         -0.14684273, -0.32163887],
        [ 0.60193329,  0.62041718,  0.57645351, ...,  0.14684273,
          0.        , -0.17911239],
        [ 0.44916965,  0.46991135,  0.42077336, ...,  0.32163887,
          0.17911239,  0.        ]],

       [[ 0.        ,  0.21930212, -0.08038796, ..., -0.27556479,
         -0.37262316, -0.3642563 ],
        [-0.21930212,  0.        , -0.29702345, ..., -0.05804543,
         -0.16004381, -0.15115342],
        [ 0.08038796,  0.29702345,  0.        , ..., -0.3519485 ,
         -0.44601586, -0.43794264],
        ...,
        [ 0.27556479,  0.05804543,  0.3519485 , ...,  0.        ,
          0.10247675,  0.09352006],
        [ 0.37262316,  0.16004381,  0.44601586, ..., -0.10247675,
          0.        , -0.00899992],
        [ 0.3642563 ,  0.15115342,  0.43794264, ..., -0.09352006,
          0.00899992,  0.        ]]]), 'num': array([ 7.05088386e-01,  7.05088386e-01,  0.00000000e+00,  1.61196194e-03,
        1.62819752e-03,  1.59108761e-03,  7.53615630e-02, -4.63873938e-06,
        1.61196194e-03,  1.60917869e-03,  1.78355664e-03,  2.27071159e-06,
        1.75326065e-03,  1.46509673e-03])}
{'img': array([[[ 0.        , -0.6707076 , -0.54094246, ..., -0.90573658,
         -0.86792874, -0.86021366],
        [ 0.6707076 ,  0.        ,  0.16287623, ..., -0.95607804,
         -0.97689463, -0.98005573],
        [ 0.54094246, -0.16287623,  0.        , ..., -0.99105208,
         -0.99865983, -0.99933579],
        ...,
        [ 0.90573658,  0.95607804,  0.99105208, ...,  0.        ,
         -0.08200533, -0.0972718 ],
        [ 0.86792874,  0.97689463,  0.99865983, ...,  0.08200533,
          0.        , -0.01532774],
        [ 0.86021366,  0.98005573,  0.99933579, ...,  0.0972718 ,
          0.01532774,  0.        ]],

       [[ 0.        ,  0.78639034,  0.43237554, ...,  0.55659004,
          0.21228478, -0.06843741],
        [-0.78639034,  0.        , -0.44199185, ..., -0.30950079,
         -0.63733215, -0.82682241],
        [-0.43237554,  0.44199185,  0.        , ...,  0.14266159,
         -0.23110493, -0.49307137],
        ...,
        [-0.55659004,  0.30950079, -0.14266159, ...,  0.        ,
         -0.36754065, -0.612142  ],
        [-0.21228478,  0.63733215,  0.23110493, ...,  0.36754065,
          0.        , -0.27866464],
        [ 0.06843741,  0.82682241,  0.49307137, ...,  0.612142  ,
          0.27866464,  0.        ]],

       [[ 0.        , -0.44514038, -0.56468066, ..., -0.79395388,
         -0.74740016, -0.7206876 ],
        [ 0.44514038,  0.        , -0.13827081, ..., -0.98159013,
         -0.9650073 , -0.9539455 ],
        [ 0.56468066,  0.13827081,  0.        , ..., -0.99857108,
         -0.99199567, -0.98626081],
        ...,
        [ 0.79395388,  0.98159013,  0.99857108, ...,  0.        ,
         -0.07307958, -0.11225425],
        [ 0.74740016,  0.9650073 ,  0.99199567, ...,  0.07307958,
          0.        , -0.03933641],
        [ 0.7206876 ,  0.9539455 ,  0.98626081, ...,  0.11225425,
          0.03933641,  0.        ]],

       ...,

       [[ 0.        , -0.46366159, -0.58261333, ...,  0.23298836,
          0.37875324,  0.50218098],
        [ 0.46366159,  0.        , -0.13936191, ...,  0.65733197,
          0.76469779,  0.84589574],
        [ 0.58261333,  0.13936191,  0.        , ...,  0.7559407 ,
          0.84703879,  0.91196951],
        ...,
        [-0.23298836, -0.65733197, -0.7559407 , ...,  0.        ,
          0.15269958,  0.28688111],
        [-0.37875324, -0.76469779, -0.84703879, ..., -0.15269958,
          0.        ,  0.13723572],
        [-0.50218098, -0.84589574, -0.91196951, ..., -0.28688111,
         -0.13723572,  0.        ]],

       [[ 0.        ,  0.05458106,  0.08906991, ..., -0.68487565,
         -0.63272945, -0.46774539],
        [-0.05458106,  0.        ,  0.03457303, ..., -0.64408371,
         -0.58952017, -0.41880596],
        [-0.08906991, -0.03457303,  0.        , ..., -0.61725185,
         -0.56124126, -0.38716066],
        ...,
        [ 0.68487565,  0.64408371,  0.61725185, ...,  0.        ,
         -0.06930455, -0.26450908],
        [ 0.63272945,  0.58952017,  0.56124126, ...,  0.06930455,
          0.        , -0.19703693],
        [ 0.46774539,  0.41880596,  0.38716066, ...,  0.26450908,
          0.19703693,  0.        ]],

       [[ 0.        , -0.29702345, -0.38619743, ..., -0.16004381,
         -0.15115342, -0.14780755],
        [ 0.29702345,  0.        , -0.09478918, ..., -0.44601586,
         -0.43794264, -0.43489801],
        [ 0.38619743,  0.09478918,  0.        , ..., -0.52884631,
         -0.5211865 , -0.51829556],
        ...,
        [ 0.16004381,  0.44601586,  0.52884631, ...,  0.        ,
         -0.00899992, -0.01238362],
        [ 0.15115342,  0.43794264,  0.5211865 , ...,  0.00899992,
          0.        , -0.00338389],
        [ 0.14780755,  0.43489801,  0.51829556, ...,  0.01238362,
          0.00338389,  0.        ]]]), 'num': array([7.05395487e-01, 7.05395487e-01, 0.00000000e+00, 1.61266402e-03,
       1.62890668e-03, 1.60570288e-03, 6.93760638e-02, 0.00000000e+00,
       1.61591256e-03, 1.60628298e-03, 1.77551602e-03, 2.65186273e-06,
       1.74632228e-03, 1.46624368e-03])}
{'img': array([[[ 0.        ,  0.451865  ,  0.03291198, ..., -0.99999882,
         -0.99984251, -0.99984251],
        [-0.451865  ,  0.        , -0.42225987, ..., -0.89138984,
         -0.88392648, -0.88392648],
        [-0.03291198,  0.42225987,  0.        , ..., -0.99940642,
         -0.99871675, -0.99871675],
        ...,
        [ 0.99999882,  0.89138984,  0.99940642, ...,  0.        ,
         -0.01620843, -0.01620843],
        [ 0.99984251,  0.88392648,  0.99871675, ...,  0.01620843,
          0.        ,  0.        ],
        [ 0.99984251,  0.88392648,  0.99871675, ...,  0.01620843,
          0.        ,  0.        ]],

       [[ 0.        , -0.44199185, -0.68211221, ..., -0.63733215,
         -0.82682241, -0.86672684],
        [ 0.44199185,  0.        , -0.28866221, ..., -0.23110493,
         -0.49307137, -0.55701242],
        [ 0.68211221,  0.28866221,  0.        , ...,  0.05958077,
         -0.22094891, -0.2935658 ],
        ...,
        [ 0.63733215,  0.23110493, -0.05958077, ...,  0.        ,
         -0.27866464, -0.34999984],
        [ 0.82682241,  0.49307137,  0.22094891, ...,  0.27866464,
          0.        , -0.07509678],
        [ 0.86672684,  0.55701242,  0.2935658 , ...,  0.34999984,
          0.07509678,  0.        ]],

       [[ 0.        , -0.37757335, -0.53523616, ..., -0.76345285,
         -0.73658726, -0.74578843],
        [ 0.37757335,  0.        , -0.17668067, ..., -0.95080269,
         -0.93743374, -0.94211783],
        [ 0.53523616,  0.17668067,  0.        , ..., -0.99058004,
         -0.98420005, -0.98653448],
        ...,
        [ 0.76345285,  0.95080269,  0.99058004, ...,  0.        ,
         -0.04062075, -0.02692163],
        [ 0.73658726,  0.93743374,  0.98420005, ...,  0.04062075,
          0.        ,  0.01370661],
        [ 0.74578843,  0.94211783,  0.98653448, ...,  0.02692163,
         -0.01370661,  0.        ]],

       ...,

       [[ 0.        , -0.12646988, -0.71322969, ...,  0.66779991,
          0.73634058,  0.9847159 ],
        [ 0.12646988,  0.        , -0.61885619, ...,  0.75657447,
          0.81599902,  0.95478203],
        [ 0.71322969,  0.61885619,  0.        , ...,  0.99896723,
          0.9987026 ,  0.5659953 ],
        ...,
        [-0.66779991, -0.75657447, -0.99896723, ...,  0.        ,
          0.09624754,  0.84927383],
        [-0.73634058, -0.81599902, -0.9987026 , ..., -0.09624754,
          0.        ,  0.79451688],
        [-0.9847159 , -0.95478203, -0.5659953 , ..., -0.84927383,
         -0.79451688,  0.        ]],

       [[ 0.        ,  0.03436761,  0.10536926, ..., -0.65998665,
         -0.59972402, -0.41653528],
        [-0.03436761,  0.        ,  0.07113072, ..., -0.63377716,
         -0.57186854, -0.38504495],
        [-0.10536926, -0.07113072,  0.        , ..., -0.57715108,
         -0.51206824, -0.31842324],
        ...,
        [ 0.65998665,  0.63377716,  0.57715108, ...,  0.        ,
         -0.07756682, -0.28707326],
        [ 0.59972402,  0.57186854,  0.51206824, ...,  0.07756682,
          0.        , -0.21190642],
        [ 0.41653528,  0.38504495,  0.31842324, ...,  0.28707326,
          0.21190642,  0.        ]],

       [[ 0.        , -0.25554662, -0.43720762, ..., -0.15287802,
         -0.14949441, -0.16026066],
        [ 0.25554662,  0.        , -0.19286233, ..., -0.40034466,
         -0.39720564, -0.40718309],
        [ 0.43720762,  0.19286233,  0.        , ..., -0.56956074,
         -0.56674391, -0.57568871],
        ...,
        [ 0.15287802,  0.40034466,  0.56956074, ...,  0.        ,
         -0.00342295,  0.00747477],
        [ 0.14949441,  0.39720564,  0.56674391, ...,  0.00342295,
          0.        ,  0.01089758],
        [ 0.16026066,  0.40718309,  0.57568871, ..., -0.00747477,
         -0.01089758,  0.        ]]]), 'num': array([9.36968503e-01, 2.97769111e-01, 1.77555387e-05, 2.16677760e-03,
       2.19687173e-03, 2.14571171e-03, 1.82720082e-01, 7.52353333e-05,
       2.11561757e-03, 2.08296544e-03, 2.29452720e-03, 3.66947053e-06,
       2.26401386e-03, 1.90191702e-03])}
{'img': array([[[ 0.        , -0.42225987, -0.60191369, ..., -0.88392648,
         -0.88392648, -0.95769961],
        [ 0.42225987,  0.        , -0.20841927, ..., -0.99871675,
         -0.99871675, -0.98964422],
        [ 0.60191369,  0.20841927,  0.        , ..., -0.98733978,
         -0.98733978, -0.93799428],
        ...,
        [ 0.88392648,  0.99871675,  0.98733978, ...,  0.        ,
          0.        ,  0.19347781],
        [ 0.88392648,  0.99871675,  0.98733978, ...,  0.        ,
          0.        ,  0.19347781],
        [ 0.95769961,  0.98964422,  0.93799428, ..., -0.19347781,
         -0.19347781,  0.        ]],

       [[ 0.        , -0.28866221,  0.07668509, ..., -0.49307137,
         -0.55701242, -0.08914257],
        [ 0.28866221,  0.        ,  0.36123289, ..., -0.22094891,
         -0.2935658 ,  0.20216515],
        [-0.07668509, -0.36123289,  0.        , ..., -0.55833463,
         -0.61905951, -0.16525988],
        ...,
        [ 0.49307137,  0.22094891,  0.55833463, ...,  0.        ,
         -0.07509678,  0.41355535],
        [ 0.55701242,  0.2935658 ,  0.61905951, ...,  0.07509678,
          0.        ,  0.48076161],
        [ 0.08914257, -0.20216515,  0.16525988, ..., -0.41355535,
         -0.48076161,  0.        ]],

       [[ 0.        , -0.4020924 , -0.56488513, ..., -0.74781822,
         -0.75705303, -0.79727429],
        [ 0.4020924 ,  0.        , -0.18541391, ..., -0.95165225,
         -0.95586552, -0.9726935 ],
        [ 0.56488513,  0.18541391,  0.        , ..., -0.99210606,
         -0.99376675, -0.99886084],
        ...,
        [ 0.74781822,  0.95165225,  0.99210606, ...,  0.        ,
          0.01402059,  0.0779173 ],
        [ 0.75705303,  0.95586552,  0.99376675, ..., -0.01402059,
          0.        ,  0.06393167],
        [ 0.79727429,  0.9726935 ,  0.99886084, ..., -0.0779173 ,
         -0.06393167,  0.        ]],

       ...,

       [[ 0.        , -0.59028143, -0.61834022, ...,  0.75535706,
          0.97509247,  0.9343679 ],
        [ 0.59028143,  0.        , -0.03521429, ...,  0.9965417 ,
          0.91801589,  0.54389642],
        [ 0.61834022,  0.03521429,  0.        , ...,  0.99884973,
          0.90348252,  0.51400894],
        ...,
        [-0.75535706, -0.9965417 , -0.99884973, ...,  0.        ,
          0.47145397,  0.88144493],
        [-0.97509247, -0.91801589, -0.90348252, ..., -0.47145397,
          0.        ,  0.55467656],
        [-0.9343679 , -0.54389642, -0.51400894, ..., -0.88144493,
         -0.55467656,  0.        ]],

       [[ 0.        ,  0.07109421,  0.19653571, ..., -0.57914322,
         -0.44229759, -0.38486099],
        [-0.07109421,  0.        ,  0.12633076, ..., -0.51971993,
         -0.37741625, -0.318269  ],
        [-0.19653571, -0.12633076,  0.        , ..., -0.40762701,
         -0.25740465, -0.19595746],
        ...,
        [ 0.57914322,  0.51971993,  0.40762701, ...,  0.        ,
         -0.15884282, -0.22078584],
        [ 0.44229759,  0.37741625,  0.25740465, ...,  0.15884282,
          0.        , -0.06305977],
        [ 0.38486099,  0.318269  ,  0.19595746, ...,  0.22078584,
          0.06305977,  0.        ]],

       [[ 0.        , -0.36393225, -0.52637825, ..., -0.15074382,
         -0.16159887, -0.16589843],
        [ 0.36393225,  0.        , -0.18084849, ..., -0.50018017,
         -0.50966622, -0.5134112 ],
        [ 0.52637825,  0.18084849,  0.        , ..., -0.64853326,
         -0.65685933, -0.66013937],
        ...,
        [ 0.15074382,  0.50018017,  0.64853326, ...,  0.        ,
          0.01098974,  0.01534775],
        [ 0.16159887,  0.50966622,  0.65685933, ..., -0.01098974,
          0.        ,  0.00435838],
        [ 0.16589843,  0.5134112 ,  0.66013937, ..., -0.01534775,
         -0.00435838,  0.        ]]]), 'num': array([ 9.36409151e-01,  2.97873583e-01,  1.77617682e-05,  2.16452735e-03,
        2.16452735e-03,  2.13141219e-03,  1.85398180e-01, -3.01046919e-06,
        2.12298287e-03,  2.08414782e-03,  2.28630083e-03,  3.96559797e-06,
        2.26601704e-03,  1.90227860e-03])}
{'img': array([[[ 0.00000000e+00, -4.62167876e-01, -3.62264151e-01, ...,
         -8.97256608e-01, -9.67510670e-01, -9.65506930e-01],
        [ 4.62167876e-01,  0.00000000e+00,  1.09522226e-01, ...,
         -9.99731865e-01, -9.74831151e-01, -9.76542309e-01],
        [ 3.62264151e-01, -1.09522226e-01,  0.00000000e+00, ...,
         -9.96253916e-01, -9.93384277e-01, -9.94250710e-01],
        ...,
        [ 8.97256608e-01,  9.99731865e-01,  9.96253916e-01, ...,
          0.00000000e+00,  2.00311531e-01,  1.92655113e-01],
        [ 9.67510670e-01,  9.74831151e-01,  9.93384277e-01, ...,
         -2.00311531e-01,  0.00000000e+00, -7.80857326e-03],
        [ 9.65506930e-01,  9.76542309e-01,  9.94250710e-01, ...,
         -1.92655113e-01,  7.80857326e-03,  0.00000000e+00]],

       [[ 0.00000000e+00,  3.61232894e-01,  1.59504346e-01, ...,
         -2.93565795e-01,  2.02165153e-01,  2.11464524e-01],
        [-3.61232894e-01,  0.00000000e+00, -2.07874195e-01, ...,
         -6.19059513e-01, -1.65259878e-01, -1.55878341e-01],
        [-1.59504346e-01,  2.07874195e-01,  0.00000000e+00, ...,
         -4.42283743e-01,  4.33660664e-02,  5.28599283e-02],
        ...,
        [ 2.93565795e-01,  6.19059513e-01,  4.42283743e-01, ...,
          0.00000000e+00,  4.80761613e-01,  4.89074160e-01],
        [-2.02165153e-01,  1.65259878e-01, -4.33660664e-02, ...,
         -4.80761613e-01,  0.00000000e+00,  9.50476241e-03],
        [-2.11464524e-01,  1.55878341e-01, -5.28599283e-02, ...,
         -4.89074160e-01, -9.50476241e-03,  0.00000000e+00]],

       [[ 0.00000000e+00, -4.24162375e-01, -5.52968434e-01, ...,
         -7.69969865e-01, -8.10200647e-01, -8.22445835e-01],
        [ 4.24162375e-01,  0.00000000e+00, -1.47347532e-01, ...,
         -9.67923682e-01, -9.82330380e-01, -9.86077540e-01],
        [ 5.52968434e-01,  1.47347532e-01,  0.00000000e+00, ...,
         -9.94378825e-01, -9.99184869e-01, -9.99816143e-01],
        ...,
        [ 7.69969865e-01,  9.67923682e-01,  9.94378825e-01, ...,
          0.00000000e+00,  6.56531670e-02,  8.67941465e-02],
        [ 8.10200647e-01,  9.82330380e-01,  9.99184869e-01, ...,
         -6.56531670e-02,  0.00000000e+00,  2.12014789e-02],
        [ 8.22445835e-01,  9.86077540e-01,  9.99816143e-01, ...,
         -8.67941465e-02, -2.12014789e-02,  0.00000000e+00]],

       ...,

       [[ 0.00000000e+00, -3.33295119e-02, -2.58763070e-01, ...,
          9.86019034e-01,  9.24392351e-01,  5.19007548e-01],
        [ 3.33295119e-02,  0.00000000e+00, -2.26424969e-01, ...,
          9.79917431e-01,  9.11165465e-01,  4.90230142e-01],
        [ 2.58763070e-01,  2.26424969e-01,  0.00000000e+00, ...,
          9.09317641e-01,  7.94204940e-01,  2.80147759e-01],
        ...,
        [-9.86019034e-01, -9.79917431e-01, -9.09317641e-01, ...,
          0.00000000e+00,  2.22076066e-01,  7.56335507e-01],
        [-9.24392351e-01, -9.11165465e-01, -7.94204940e-01, ...,
         -2.22076066e-01,  0.00000000e+00,  5.92170722e-01],
        [-5.19007548e-01, -4.90230142e-01, -2.80147759e-01, ...,
         -7.56335507e-01, -5.92170722e-01,  0.00000000e+00]],

       [[ 0.00000000e+00,  1.26330764e-01,  2.30415322e-01, ...,
         -3.77416254e-01, -3.18268996e-01, -3.87583807e-01],
        [-1.26330764e-01,  0.00000000e+00,  1.05637771e-01, ...,
         -2.57404650e-01, -1.95957459e-01, -2.68022500e-01],
        [-2.30415322e-01, -1.05637771e-01,  0.00000000e+00, ...,
         -1.53886219e-01, -9.12713064e-02, -1.64750062e-01],
        ...,
        [ 3.77416254e-01,  2.57404650e-01,  1.53886219e-01, ...,
          0.00000000e+00, -6.30597725e-02,  1.10042369e-02],
        [ 3.18268996e-01,  1.95957459e-01,  9.12713064e-02, ...,
          6.30597725e-02,  0.00000000e+00,  7.40382901e-02],
        [ 3.87583807e-01,  2.68022500e-01,  1.64750062e-01, ...,
         -1.10042369e-02, -7.40382901e-02,  0.00000000e+00]],

       [[ 0.00000000e+00, -4.01308364e-01, -5.53175239e-01, ...,
         -1.64423295e-01, -1.68796914e-01, -1.63918510e-01],
        [ 4.01308364e-01,  0.00000000e+00, -1.72361074e-01, ...,
         -5.46448874e-01, -5.50158285e-01, -5.46020234e-01],
        [ 5.53175239e-01,  1.72361074e-01,  0.00000000e+00, ...,
         -6.82621732e-01, -6.85856433e-01, -6.82247686e-01],
        ...,
        [ 1.64423295e-01,  5.46448874e-01,  6.82621732e-01, ...,
          0.00000000e+00,  4.43560625e-03, -5.11728172e-04],
        [ 1.68796914e-01,  5.50158285e-01,  6.85856433e-01, ...,
         -4.43560625e-03,  0.00000000e+00, -4.94732881e-03],
        [ 1.63918510e-01,  5.46020234e-01,  6.82247686e-01, ...,
          5.11728172e-04,  4.94732881e-03,  0.00000000e+00]]]), 'num': array([ 9.32486952e-01,  3.02069076e-01,  1.80119393e-05,  2.13700975e-03,
        2.18280282e-03,  2.13700975e-03,  1.97952251e-01, -5.80045504e-05,
        2.15471640e-03,  2.10770219e-03,  2.30903904e-03,  4.02145266e-06,
        2.28118909e-03,  1.93421528e-03])}
{'img': array([[[ 0.        ,  0.12718976,  0.41810882, ..., -0.98301147,
         -0.98442725, -0.99973148],
        [-0.12718976,  0.        ,  0.29917432, ..., -0.99837278,
         -0.99879113, -0.99455939],
        [-0.41810882, -0.29917432,  0.        , ..., -0.96970605,
         -0.96775108, -0.91784172],
        ...,
        [ 0.98301147,  0.99837278,  0.96970605, ...,  0.        ,
         -0.00787988, -0.16071587],
        [ 0.98442725,  0.99879113,  0.96775108, ...,  0.00787988,
          0.        , -0.15293343],
        [ 0.99973148,  0.99455939,  0.91784172, ...,  0.16071587,
          0.15293343,  0.        ]],

       [[ 0.        , -0.2078742 , -0.24660495, ..., -0.16525988,
         -0.15587834, -0.12143158],
        [ 0.2078742 ,  0.        , -0.03976378, ...,  0.04336607,
          0.05285993,  0.08755691],
        [ 0.24660495,  0.03976378,  0.        , ...,  0.08305814,
          0.09252631,  0.12709873],
        ...,
        [ 0.16525988, -0.04336607, -0.08305814, ...,  0.        ,
          0.00950476,  0.04427502],
        [ 0.15587834, -0.05285993, -0.09252631, ..., -0.00950476,
          0.        ,  0.03477758],
        [ 0.12143158, -0.08755691, -0.12709873, ..., -0.04427502,
         -0.03477758,  0.        ]],

       [[ 0.        , -0.38232063, -0.38628805, ..., -0.82464664,
         -0.83681784, -0.84003847],
        [ 0.38232063,  0.        , -0.00429743, ..., -0.978257  ,
         -0.982558  , -0.98363972],
        [ 0.38628805,  0.00429743,  0.        , ..., -0.97913924,
         -0.98334806, -0.9844048 ],
        ...,
        [ 0.82464664,  0.978257  ,  0.97913924, ...,  0.        ,
          0.02186581,  0.02777333],
        [ 0.83681784,  0.982558  ,  0.98334806, ..., -0.02186581,
          0.        ,  0.00590932],
        [ 0.84003847,  0.98363972,  0.9844048 , ..., -0.02777333,
         -0.00590932,  0.        ]],

       ...,

       [[ 0.        , -0.22642497,  0.18419345, ...,  0.91116546,
          0.49023014,  0.49023014],
        [ 0.22642497,  0.        ,  0.40196053, ...,  0.79420494,
          0.28014776,  0.28014776],
        [-0.18419345, -0.40196053,  0.        , ...,  0.97147062,
          0.64238404,  0.64238404],
        ...,
        [-0.91116546, -0.79420494, -0.97147062, ...,  0.        ,
          0.59217072,  0.59217072],
        [-0.49023014, -0.28014776, -0.64238404, ..., -0.59217072,
          0.        ,  0.        ],
        [-0.49023014, -0.28014776, -0.64238404, ..., -0.59217072,
          0.        ,  0.        ]],

       [[ 0.        ,  0.10473046,  0.15055917, ..., -0.44182562,
         -0.4509684 , -0.19429346],
        [-0.10473046,  0.        ,  0.04619456, ..., -0.34544208,
         -0.35501225, -0.09049032],
        [-0.15055917, -0.04619456,  0.        , ..., -0.30172248,
         -0.31144774, -0.04438868],
        ...,
        [ 0.44182562,  0.34544208,  0.30172248, ...,  0.        ,
          0.01021717, -0.2591051 ],
        [ 0.4509684 ,  0.35501225,  0.31144774, ..., -0.01021717,
          0.        , -0.26895982],
        [ 0.19429346,  0.09049032,  0.04438868, ...,  0.2591051 ,
          0.26895982,  0.        ]],

       [[ 0.        , -0.4068705 , -0.5356881 , ..., -0.17243259,
         -0.16745064, -0.23652038],
        [ 0.4068705 ,  0.        , -0.14577556, ..., -0.55829085,
         -0.55408947, -0.61138419],
        [ 0.5356881 ,  0.14577556,  0.        , ..., -0.67326902,
         -0.66952242, -0.72021034],
        ...,
        [ 0.17243259,  0.55829085,  0.67326902, ...,  0.        ,
         -0.00505547,  0.06543754],
        [ 0.16745064,  0.55408947,  0.66952242, ...,  0.00505547,
          0.        ,  0.07048133],
        [ 0.23652038,  0.61138419,  0.72021034, ..., -0.06543754,
         -0.07048133,  0.        ]]]), 'num': array([ 9.41971667e-01,  3.07517553e-01,  1.83368241e-05,  2.15069191e-03,
        2.20352683e-03,  2.13515223e-03,  1.34477420e-01, -2.48634903e-05,
        2.19171667e-03,  2.14245588e-03,  2.34141560e-03,  3.43666032e-06,
        2.31614781e-03,  1.96876394e-03])}
{'img': array([[[ 0.        ,  0.29917432, -0.19434371, ..., -0.99879113,
         -0.99455939, -0.98525572],
        [-0.29917432,  0.        , -0.47891258, ..., -0.96775108,
         -0.91784172, -0.88894433],
        [ 0.19434371,  0.47891258,  0.        , ..., -0.97019458,
         -0.99584162, -0.99972025],
        ...,
        [ 0.99879113,  0.96775108,  0.97019458, ...,  0.        ,
         -0.15293343, -0.21931223],
        [ 0.99455939,  0.91784172,  0.99584162, ...,  0.15293343,
          0.        , -0.06752212],
        [ 0.98525572,  0.88894433,  0.99972025, ...,  0.21931223,
          0.06752212,  0.        ]],

       [[ 0.        , -0.03976378, -0.03531858, ...,  0.05285993,
          0.08755691, -0.17775267],
        [ 0.03976378,  0.        ,  0.00444832, ...,  0.09252631,
          0.12709873, -0.13848154],
        [ 0.03531858, -0.00444832,  0.        , ...,  0.08809615,
          0.12268523, -0.14288563],
        ...,
        [-0.05285993, -0.09252631, -0.08809615, ...,  0.        ,
          0.03477758, -0.22952231],
        [-0.08755691, -0.12709873, -0.12268523, ..., -0.03477758,
          0.        , -0.2632326 ],
        [ 0.17775267,  0.13848154,  0.14288563, ...,  0.22952231,
          0.2632326 ,  0.        ]],

       [[ 0.        , -0.05857072, -0.33180601, ..., -0.84823894,
         -0.85143292, -0.84823894],
        [ 0.05857072,  0.        , -0.27598384, ..., -0.87780259,
         -0.88068944, -0.87780259],
        [ 0.33180601,  0.27598384,  0.        , ..., -0.97591322,
         -0.97721739, -0.97591322],
        ...,
        [ 0.84823894,  0.87780259,  0.97591322, ...,  0.        ,
          0.00606019,  0.        ],
        [ 0.85143292,  0.88068944,  0.97721739, ..., -0.00606019,
          0.        , -0.00606019],
        [ 0.84823894,  0.87780259,  0.97591322, ...,  0.        ,
          0.00606019,  0.        ]],

       ...,

       [[ 0.        ,  0.40196053,  0.48735767, ...,  0.28014776,
          0.28014776,  0.94422079],
        [-0.40196053,  0.        ,  0.09525954, ...,  0.64238404,
          0.64238404,  0.99695323],
        [-0.48735767, -0.09525954,  0.        , ...,  0.71246806,
          0.71246806,  0.98498915],
        ...,
        [-0.28014776, -0.64238404, -0.71246806, ...,  0.        ,
          0.        , -0.81415494],
        [-0.28014776, -0.64238404, -0.71246806, ...,  0.        ,
          0.        , -0.81415494],
        [-0.94422079, -0.99695323, -0.98498915, ...,  0.81415494,
          0.81415494,  0.        ]],

       [[ 0.        ,  0.04604079,  0.09018986, ..., -0.39633503,
         -0.25079929, -0.09018986],
        [-0.04604079,  0.        ,  0.04424107, ..., -0.35364442,
         -0.20596405, -0.04424107],
        [-0.09018986, -0.04424107,  0.        , ..., -0.31191596,
         -0.16246987, -0.        ],
        ...,
        [ 0.39633503,  0.35364442,  0.31191596, ...,  0.        ,
         -0.15340749, -0.31191596],
        [ 0.25079929,  0.20596405,  0.16246987, ...,  0.15340749,
          0.        , -0.16246987],
        [ 0.09018986,  0.04424107,  0.        , ...,  0.31191596,
          0.16246987,  0.        ]],

       [[ 0.        , -0.37305996, -0.54825284, ..., -0.17116674,
         -0.24172947, -0.23782244],
        [ 0.37305996,  0.        , -0.19667819, ..., -0.52636411,
         -0.58627473, -0.58300975],
        [ 0.54825284,  0.19667819,  0.        , ..., -0.68331067,
         -0.73415509, -0.73141664],
        ...,
        [ 0.17116674,  0.52636411,  0.68331067, ...,  0.        ,
          0.07207148,  0.06805694],
        [ 0.24172947,  0.58627473,  0.73415509, ..., -0.07207148,
          0.        , -0.00402442],
        [ 0.23782244,  0.58300975,  0.73141664, ..., -0.06805694,
          0.00402442,  0.        ]]]), 'num': array([ 9.20923900e-01,  3.06614964e-01,  1.82830040e-05,  2.08240317e-03,
        2.14437946e-03,  2.06690910e-03,  2.40519054e-01, -6.19762849e-05,
        2.17102926e-03,  2.13167432e-03,  2.32395574e-03,  3.13976774e-06,
        2.30553851e-03,  1.95781013e-03])}
{'img': array([[[ 0.        , -0.47891258, -0.54305882, ..., -0.91784172,
         -0.88894433, -0.79187206],
        [ 0.47891258,  0.        , -0.07459069, ..., -0.99584162,
         -0.99972025, -0.98762056],
        [ 0.54305882,  0.07459069,  0.        , ..., -0.98627212,
         -0.99517103, -0.99656971],
        ...,
        [ 0.91784172,  0.99584162,  0.98627212, ...,  0.        ,
         -0.06752212, -0.24618313],
        [ 0.88894433,  0.99972025,  0.99517103, ...,  0.06752212,
          0.        , -0.18017727],
        [ 0.79187206,  0.98762056,  0.99656971, ...,  0.24618313,
          0.18017727,  0.        ]],

       [[ 0.        ,  0.00444832,  0.13302294, ...,  0.12709873,
         -0.13848154,  0.25066663],
        [-0.00444832,  0.        ,  0.12861283, ...,  0.12268523,
         -0.14288563,  0.24635785],
        [-0.13302294, -0.12861283,  0.        , ..., -0.00597493,
         -0.26899211,  0.11966297],
        ...,
        [-0.12709873, -0.12268523,  0.00597493, ...,  0.        ,
         -0.2632326 ,  0.12559284],
        [ 0.13848154,  0.14288563,  0.26899211, ...,  0.2632326 ,
          0.        ,  0.38231177],
        [-0.25066663, -0.24635785, -0.11966297, ..., -0.12559284,
         -0.38231177,  0.        ]],

       [[ 0.        , -0.32702068, -0.42799718, ..., -0.85168443,
         -0.84849112, -0.8225253 ],
        [ 0.32702068,  0.        , -0.10890992, ..., -0.97623324,
         -0.97490118, -0.96328653],
        [ 0.42799718,  0.10890992,  0.        , ..., -0.99402947,
         -0.99334959, -0.98679618],
        ...,
        [ 0.85168443,  0.97623324,  0.99402947, ...,  0.        ,
         -0.0060636 , -0.05332875],
        [ 0.84849112,  0.97490118,  0.99334959, ...,  0.0060636 ,
          0.        , -0.0472728 ],
        [ 0.8225253 ,  0.96328653,  0.98679618, ...,  0.05332875,
          0.0472728 ,  0.        ]],

       ...,

       [[ 0.        ,  0.09525954, -0.54684996, ...,  0.64238404,
          0.99695323,  0.95846955],
        [-0.09525954,  0.        , -0.62411735, ...,  0.71246806,
          0.98498915,  0.92694334],
        [ 0.54684996,  0.62411735,  0.        , ...,  0.11872713,
          0.87733499,  0.95841887],
        ...,
        [-0.64238404, -0.71246806, -0.11872713, ...,  0.        ,
         -0.81415494, -0.91775931],
        [-0.99695323, -0.98498915, -0.87733499, ...,  0.81415494,
          0.        , -0.20956373],
        [-0.95846955, -0.92694334, -0.95841887, ...,  0.91775931,
          0.20956373,  0.        ]],

       [[ 0.        ,  0.04415061, -0.18283619, ..., -0.248808  ,
         -0.1712662 , -0.04415061],
        [-0.04415061,  0.        , -0.22606428, ..., -0.20580319,
         -0.12760092, -0.        ],
        [ 0.18283619,  0.22606428,  0.        , ..., -0.42170045,
         -0.34851398, -0.22606428],
        ...,
        [ 0.248808  ,  0.20580319,  0.42170045, ...,  0.        ,
         -0.07925145, -0.20580319],
        [ 0.1712662 ,  0.12760092,  0.34851398, ...,  0.07925145,
          0.        , -0.12760092],
        [ 0.04415061,  0.        ,  0.22606428, ...,  0.20580319,
          0.12760092,  0.        ]],

       [[ 0.        , -0.42524325, -0.57145693, ..., -0.24614463,
         -0.24216849, -0.16935127],
        [ 0.42524325,  0.        , -0.16824549, ..., -0.6349402 ,
         -0.63176719, -0.57237723],
        [ 0.57145693,  0.16824549,  0.        , ..., -0.75586916,
         -0.7531783 , -0.70217775],
        ...,
        [ 0.24614463,  0.6349402 ,  0.75586916, ...,  0.        ,
         -0.00410022, -0.0784484 ],
        [ 0.24216849,  0.63176719,  0.7531783 , ...,  0.00410022,
          0.        , -0.07436015],
        [ 0.16935127,  0.57237723,  0.70217775, ...,  0.0784484 ,
          0.07436015,  0.        ]]]), 'num': array([9.52453718e-01, 1.87669301e-01, 2.17887298e-05, 2.17268300e-03,
