state_0,state_1,state_2,state_3,state_4,state_5,state_6,state_7,state_8,state_9,state_10,state_11,state_12,state_13,state_14,state_15,state_16,state_17,state_18,state_19,state_20,state_21,state_22,state_23,state_24,state_25,state_26,state_27,state_28,state_29,state_30,state_31,state_32,state_33,state_34,state_35,state_36,state_37,state_38,state_39,state_40,state_41,state_42,state_43,state_44,state_45,state_46,state_47,state_48,state_49,state_50,state_51,state_52,state_53,state_54,state_55,state_56,state_57,state_58,state_59,state_60,state_61,state_62,state_63,state_64,state_65,state_66,state_67,state_68,state_69,state_70,state_71,state_72,state_73,state_74,state_75,state_76,state_77,state_78,state_79,state_80,state_81,state_82,state_83,state_84,state_85,state_86,state_87,state_88,state_89,state_90,state_91,state_92,state_93,state_94,state_95,state_96,state_97,state_98,state_99,state_100,state_101,state_102,state_103,state_104,state_105,state_106,state_107,state_108,state_109,state_110,state_111,state_112,state_113,state_114,state_115,state_116,state_117,state_118,state_119,state_120,state_121,state_122,state_123,state_124,state_125,state_126,state_127,state_128,state_129,state_130,state_131,state_132,state_133,state_134,state_135,state_136,state_137,state_138,state_139,state_140,state_141,state_142,state_143,state_144,state_145,state_146,state_147,state_148,state_149,state_150,state_151,state_152,state_153,state_154,state_155,state_156,state_157,state_158,state_159,state_160,state_161,state_162,state_163,state_164,state_165,state_166,state_167,state_168,state_169,state_170,state_171,state_172,state_173,state_174,state_175,state_176,state_177,state_178,state_179,state_180,state_181,state_182,state_183,state_184,state_185,state_186,state_187,state_188,state_189,state_190,state_191,state_192,state_193,state_194,state_195,state_196,state_197,state_198,state_199,state_200,state_201,state_202,state_203,state_204,state_205,state_206,state_207,state_208,state_209,state_210,state_211,state_212,state_213,state_214,state_215,state_216,state_217,state_218,state_219,state_220,state_221,state_222,state_223,state_224,state_225,state_226,state_227,state_228,state_229,state_230,state_231,state_232,state_233,state_234,state_235,state_236,state_237,state_238,state_239,state_240,state_241,state_242,state_243,state_244,state_245,state_246,state_247,state_248,state_249,state_250,state_251,state_252,state_253,state_254,state_255,state_256,state_257,state_258,state_259,state_260,state_261,state_262,state_263,state_264,state_265,state_266,state_267,state_268,state_269,state_270,state_271,state_272,state_273,state_274,state_275,state_276,state_277,state_278,state_279,state_280,state_281,state_282,state_283,state_284,state_285,state_286,state_287
{'img': array([[[ 0.00000000e+00,  7.62751080e-02,  5.78313498e-01, ...,
          9.44626882e-02, -1.05087219e-01, -6.85692689e-01],
        [-7.62751080e-02,  0.00000000e+00,  5.14402412e-01, ...,
          1.82534641e-02, -1.80633853e-01, -7.39215113e-01],
        [-5.78313498e-01, -5.14402412e-01,  0.00000000e+00, ...,
         -4.98663470e-01, -6.60843071e-01, -9.80347403e-01],
        ...,
        [-9.44626882e-02, -1.82534641e-02,  4.98663470e-01, ...,
          0.00000000e+00, -1.98556960e-01, -7.51385103e-01],
        [ 1.05087219e-01,  1.80633853e-01,  6.60843071e-01, ...,
          1.98556960e-01,  0.00000000e+00, -6.05403958e-01],
        [ 6.85692689e-01,  7.39215113e-01,  9.80347403e-01, ...,
          7.51385103e-01,  6.05403958e-01,  0.00000000e+00]],

       [[ 0.00000000e+00, -1.46896909e-01,  4.26932799e-02, ...,
         -1.57551858e-01, -1.56873806e-01, -9.07502125e-02],
        [ 1.46896909e-01,  0.00000000e+00,  1.88993107e-01, ...,
         -1.07804333e-02, -1.00938814e-02,  5.65250293e-02],
        [-4.26932799e-02, -1.88993107e-01,  0.00000000e+00, ...,
         -1.99568277e-01, -1.98895452e-01, -1.33184583e-01],
        ...,
        [ 1.57551858e-01,  1.07804333e-02,  1.99568277e-01, ...,
          0.00000000e+00,  6.86589269e-04,  6.72849420e-02],
        [ 1.56873806e-01,  1.00938814e-02,  1.98895452e-01, ...,
         -6.86589269e-04,  0.00000000e+00,  6.65998928e-02],
        [ 9.07502125e-02, -5.65250293e-02,  1.33184583e-01, ...,
         -6.72849420e-02, -6.65998928e-02,  0.00000000e+00]],

       [[ 0.00000000e+00, -1.41174570e-01, -1.36866484e-01, ...,
         -2.16084796e-01, -3.28137131e-01, -5.64073045e-01],
        [ 1.41174570e-01,  0.00000000e+00,  4.35031938e-03, ...,
         -7.60813810e-02, -1.91492997e-01, -4.41852337e-01],
        [ 1.36866484e-01, -4.35031938e-03,  0.00000000e+00, ...,
         -8.04183716e-02, -1.95760997e-01, -4.45750774e-01],
        ...,
        [ 2.16084796e-01,  7.60813810e-02,  8.04183716e-02, ...,
          0.00000000e+00, -1.16264558e-01, -3.72319999e-01],
        [ 3.28137131e-01,  1.91492997e-01,  1.95760997e-01, ...,
          1.16264558e-01,  0.00000000e+00, -2.61889378e-01],
        [ 5.64073045e-01,  4.41852337e-01,  4.45750774e-01, ...,
          3.72319999e-01,  2.61889378e-01,  0.00000000e+00]],

       ...,

       [[ 0.00000000e+00, -2.36876705e-01,  6.51308092e-01, ...,
         -2.39111872e-03, -2.39111872e-03, -1.92991574e-01],
        [ 2.36876705e-01,  0.00000000e+00,  8.12516898e-01, ...,
          2.34552961e-01,  2.34552961e-01,  4.49245413e-02],
        [-6.51308092e-01, -8.12516898e-01,  0.00000000e+00, ...,
         -6.53120643e-01, -6.53120643e-01, -7.85508361e-01],
        ...,
        [ 2.39111872e-03, -2.34552961e-01,  6.53120643e-01, ...,
          0.00000000e+00,  0.00000000e+00, -1.90644856e-01],
        [ 2.39111872e-03, -2.34552961e-01,  6.53120643e-01, ...,
          0.00000000e+00,  0.00000000e+00, -1.90644856e-01],
        [ 1.92991574e-01, -4.49245413e-02,  7.85508361e-01, ...,
          1.90644856e-01,  1.90644856e-01,  0.00000000e+00]],

       [[ 0.00000000e+00, -1.12920819e-01, -1.91177835e-01, ...,
         -4.99784294e-01, -8.24628951e-01, -9.62530936e-01],
        [ 1.12920819e-01,  0.00000000e+00, -7.91170182e-02, ...,
         -3.98781311e-01, -7.55478243e-01, -9.25753626e-01],
        [ 1.91177835e-01,  7.91170182e-02,  0.00000000e+00, ...,
         -3.24977317e-01, -7.01274680e-01, -8.92935397e-01],
        ...,
        [ 4.99784294e-01,  3.98781311e-01,  3.24977317e-01, ...,
          0.00000000e+00, -4.31537300e-01, -6.98168625e-01],
        [ 8.24628951e-01,  7.55478243e-01,  7.01274680e-01, ...,
          4.31537300e-01,  0.00000000e+00, -3.20862544e-01],
        [ 9.62530936e-01,  9.25753626e-01,  8.92935397e-01, ...,
          6.98168625e-01,  3.20862544e-01,  0.00000000e+00]],

       [[ 0.00000000e+00,  3.36143217e-01,  6.18978416e-01, ...,
         -1.07720201e-01, -5.21795070e-02, -4.69680900e-01],
        [-3.36143217e-01,  0.00000000e+00,  3.18951037e-01, ...,
         -4.35639341e-01, -3.84828524e-01, -7.39110002e-01],
        [-6.18978416e-01, -3.18951037e-01,  0.00000000e+00, ...,
         -6.99981042e-01, -6.59117397e-01, -9.15347721e-01],
        ...,
        [ 1.07720201e-01,  4.35639341e-01,  6.99981042e-01, ...,
          0.00000000e+00,  5.56975681e-02, -3.71848647e-01],
        [ 5.21795070e-02,  3.84828524e-01,  6.59117397e-01, ...,
         -5.56975681e-02,  0.00000000e+00, -4.22975104e-01],
        [ 4.69680900e-01,  7.39110002e-01,  9.15347721e-01, ...,
          3.71848647e-01,  4.22975104e-01,  0.00000000e+00]]]), 'num': array([ 9.67707049e-01,  2.50487024e-01,  1.91770060e-04,  1.88742112e-03,
        1.91517731e-03,  1.87480467e-03,  2.77173342e-02, -3.78493539e-05,
        1.95554995e-03,  2.00387096e-03,  2.09538229e-03,  1.35306869e-05,
        2.11108289e-03,  1.89665903e-03])}
{'img': array([[[ 0.        ,  0.44268402,  0.67720398, ..., -0.13554047,
         -0.39612453, -0.8550664 ],
        [-0.44268402,  0.        ,  0.28150886, ..., -0.56013496,
         -0.76166707, -0.99625881],
        [-0.67720398, -0.28150886,  0.        , ..., -0.77068466,
         -0.9132731 , -0.98029667],
        ...,
        [ 0.13554047,  0.56013496,  0.77068466, ...,  0.        ,
         -0.26801619, -0.77689544],
        [ 0.39612453,  0.76166707,  0.9132731 , ...,  0.26801619,
          0.        , -0.57972133],
        [ 0.8550664 ,  0.99625881,  0.98029667, ...,  0.77689544,
          0.57972133,  0.        ]],

       [[ 0.        ,  0.18899311,  0.43123292, ..., -0.01009388,
          0.05652503, -0.06236563],
        [-0.18899311,  0.        ,  0.25294416, ..., -0.19889545,
         -0.13318458, -0.24986691],
        [-0.43123292, -0.25294416,  0.        , ..., -0.44031806,
         -0.37954428, -0.48666228],
        ...,
        [ 0.01009388,  0.19889545,  0.44031806, ...,  0.        ,
          0.06659989, -0.05228822],
        [-0.05652503,  0.13318458,  0.37954428, ..., -0.06659989,
          0.        , -0.11868092],
        [ 0.06236563,  0.24986691,  0.48666228, ...,  0.05228822,
          0.11868092,  0.        ]],

       [[ 0.        ,  0.00407252,  0.07959883, ..., -0.17689251,
         -0.39727144, -0.8515302 ],
        [-0.00407252,  0.        ,  0.07553858, ..., -0.18089934,
         -0.40100551, -0.85365839],
        [-0.07959883, -0.07553858,  0.        , ..., -0.2546748 ,
         -0.46905884, -0.89056239],
        ...,
        [ 0.17689251,  0.18089934,  0.2546748 , ...,  0.        ,
         -0.22867208, -0.74535599],
        [ 0.39727144,  0.40100551,  0.46905884, ...,  0.22867208,
          0.        , -0.57315862],
        [ 0.8515302 ,  0.85365839,  0.89056239, ...,  0.74535599,
          0.57315862,  0.        ]],

       ...,

       [[ 0.        ,  0.8125169 ,  0.99889389, ...,  0.23455296,
          0.04492454, -0.10729038],
        [-0.8125169 ,  0.        ,  0.54408727, ..., -0.65312064,
         -0.78550836, -0.87037043],
        [-0.99889389, -0.54408727,  0.        , ..., -0.95999911,
         -0.99577298, -0.99817293],
        ...,
        [-0.23455296,  0.65312064,  0.95999911, ...,  0.        ,
         -0.19064486, -0.33749639],
        [-0.04492454,  0.78550836,  0.99577298, ...,  0.19064486,
          0.        , -0.15184728],
        [ 0.10729038,  0.87037043,  0.99817293, ...,  0.33749639,
          0.15184728,  0.        ]],

       [[ 0.        , -0.07911702, -0.03692626, ..., -0.75547824,
         -0.92575363, -0.86664402],
        [ 0.07911702,  0.        ,  0.04225255, ..., -0.70127468,
         -0.8929354 , -0.82445376],
        [ 0.03692626, -0.04225255,  0.        , ..., -0.73076989,
         -0.91115943, -0.84762946],
        ...,
        [ 0.75547824,  0.70127468,  0.73076989, ...,  0.        ,
         -0.32086254, -0.19087391],
        [ 0.92575363,  0.8929354 ,  0.91115943, ...,  0.32086254,
          0.        ,  0.13418174],
        [ 0.86664402,  0.82445376,  0.84762946, ...,  0.19087391,
         -0.13418174,  0.        ]],

       [[ 0.        ,  0.26722481,  0.24882513, ..., -0.28582477,
         -0.47959713, -0.94665234],
        [-0.26722481,  0.        , -0.01904376, ..., -0.53150723,
         -0.69664298, -0.99834156],
        [-0.24882513,  0.01904376,  0.        , ..., -0.51527975,
         -0.68285431, -0.99706419],
        ...,
        [ 0.28582477,  0.53150723,  0.51527975, ...,  0.        ,
         -0.20878121, -0.81505088],
        [ 0.47959713,  0.69664298,  0.68285431, ...,  0.20878121,
          0.        , -0.67612347],
        [ 0.94665234,  0.99834156,  0.99706419, ...,  0.81505088,
          0.67612347,  0.        ]]]), 'num': array([7.07106506e-01, 7.07106506e-01, 0.00000000e+00, 7.21211024e-05,
       7.30614036e-05, 6.94882590e-05, 8.57460669e-04, 1.78657229e-06,
       7.22903566e-05, 7.44389449e-05, 7.80528358e-05, 7.63143007e-07,
       7.84540530e-05, 7.04238367e-05])}
{'img': array([[[ 0.        ,  0.28150886,  0.34175419, ..., -0.76166707,
         -0.99625881, -0.70695592],
        [-0.28150886,  0.        ,  0.06337415, ..., -0.9132731 ,
         -0.98029667, -0.87746494],
        [-0.34175419, -0.06337415,  0.        , ..., -0.9372526 ,
         -0.96580776, -0.90609792],
        ...,
        [ 0.76166707,  0.9132731 ,  0.9372526 , ...,  0.        ,
         -0.57972133,  0.0806096 ],
        [ 0.99625881,  0.98029667,  0.96580776, ...,  0.57972133,
          0.        ,  0.64351667],
        [ 0.70695592,  0.87746494,  0.90609792, ..., -0.0806096 ,
         -0.64351667,  0.        ]],

       [[ 0.        ,  0.25294416,  0.0180126 , ..., -0.13318458,
         -0.24986691, -0.28632787],
        [-0.25294416,  0.        , -0.23547628, ..., -0.37954428,
         -0.48666228, -0.51937056],
        [-0.0180126 ,  0.23547628,  0.        , ..., -0.1510151 ,
         -0.26726761, -0.30353986],
        ...,
        [ 0.13318458,  0.37954428,  0.1510151 , ...,  0.        ,
         -0.11868092, -0.15616868],
        [ 0.24986691,  0.48666228,  0.26726761, ...,  0.11868092,
          0.        , -0.0378402 ],
        [ 0.28632787,  0.51937056,  0.30353986, ...,  0.15616868,
          0.0378402 ,  0.        ]],

       [[ 0.        ,  0.06866811,  0.25557143, ..., -0.34677018,
         -0.60975917, -0.896441  ],
        [-0.06866811,  0.        ,  0.18858052, ..., -0.4103589 ,
         -0.6627453 , -0.92475618],
        [-0.25557143, -0.18858052,  0.        , ..., -0.57496725,
         -0.7920717 , -0.97993018],
        ...,
        [ 0.34677018,  0.4103589 ,  0.57496725, ...,  0.        ,
         -0.29707825, -0.68714121],
        [ 0.60975917,  0.6627453 ,  0.7920717 , ...,  0.29707825,
          0.        , -0.4402845 ],
        [ 0.896441  ,  0.92475618,  0.97993018, ...,  0.68714121,
          0.4402845 ,  0.        ]],

       ...,

       [[ 0.        ,  0.54408727,  0.44042463, ..., -0.78550836,
         -0.87037043, -0.40779927],
        [-0.54408727,  0.        , -0.11894702, ..., -0.99577298,
         -0.99817293, -0.8389459 ],
        [-0.44042463,  0.11894702,  0.        , ..., -0.97777847,
         -0.9982735 , -0.76825716],
        ...,
        [ 0.78550836,  0.99577298,  0.97777847, ...,  0.        ,
         -0.15184728,  0.46485838],
        [ 0.87037043,  0.99817293,  0.9982735 , ...,  0.15184728,
          0.        ,  0.59391118],
        [ 0.40779927,  0.8389459 ,  0.76825716, ..., -0.46485838,
         -0.59391118,  0.        ]],

       [[ 0.        ,  0.04033943,  0.13078873, ..., -0.72952702,
         -0.71135608, -0.91154374],
        [-0.04033943,  0.        ,  0.09068935, ..., -0.75652344,
         -0.7391289 , -0.92738947],
        [-0.13078873, -0.09068935,  0.        , ..., -0.81271379,
         -0.7971682 , -0.95749456],
        ...,
        [ 0.72952702,  0.75652344,  0.81271379, ...,  0.        ,
          0.02620137, -0.32346837],
        [ 0.71135608,  0.7391289 ,  0.7971682 , ..., -0.02620137,
          0.        , -0.34815008],
        [ 0.91154374,  0.92738947,  0.95749456, ...,  0.32346837,
          0.34815008,  0.        ]],

       [[ 0.        , -0.01816533, -0.05510347, ..., -0.65188265,
         -0.9071485 , -0.99994105],
        [ 0.01816533,  0.        , -0.03695665, ..., -0.63799996,
         -0.89935466, -0.99957882],
        [ 0.05510347,  0.03695665,  0.        , ..., -0.60910616,
         -0.8825821 , -0.99782348],
        ...,
        [ 0.65188265,  0.63799996,  0.60910616, ...,  0.        ,
         -0.41358957, -0.75119706],
        [ 0.9071485 ,  0.89935466,  0.8825821 , ...,  0.41358957,
          0.        , -0.41093608],
        [ 0.99994105,  0.99957882,  0.99782348, ...,  0.75119706,
          0.41093608,  0.        ]]]), 'num': array([7.07106619e-01, 7.07106619e-01, 0.00000000e+00, 7.28733551e-05,
       7.30614153e-05, 7.22151441e-05, 6.43429412e-04, 7.52241084e-07,
       7.20458899e-05, 7.41662694e-05, 7.79791914e-05, 8.91544989e-07,
       7.78118628e-05, 7.05206761e-05])}
{'img': array([[[ 0.        ,  0.06337415,  0.23219597, ..., -0.98029667,
         -0.87746494, -0.80076193],
        [-0.06337415,  0.        ,  0.17008715, ..., -0.96580776,
         -0.90609792, -0.83711228],
        [-0.23219597, -0.17008715,  0.        , ..., -0.90763833,
         -0.96485362, -0.9179577 ],
        ...,
        [ 0.98029667,  0.96580776,  0.90763833, ...,  0.        ,
          0.64351667,  0.74535599],
        [ 0.87746494,  0.90609792,  0.96485362, ..., -0.64351667,
          0.        ,  0.14150829],
        [ 0.80076193,  0.83711228,  0.9179577 , ..., -0.74535599,
         -0.14150829,  0.        ]],

       [[ 0.        , -0.23404059,  0.59241453, ..., -0.47796144,
         -0.50648689, -0.58503317],
        [ 0.23404059,  0.        ,  0.76451219, ..., -0.25911018,
         -0.2906192 , -0.37897584],
        [-0.59241453, -0.76451219,  0.        , ..., -0.90542722,
         -0.91885075, -0.95177594],
        ...,
        [ 0.47796144,  0.25911018,  0.90542722, ...,  0.        ,
         -0.03276723, -0.12625071],
        [ 0.50648689,  0.2906192 ,  0.91885075, ...,  0.03276723,
          0.        , -0.09367787],
        [ 0.58503317,  0.37897584,  0.95177594, ...,  0.12625071,
          0.09367787,  0.        ]],

       [[ 0.        ,  0.18316674,  0.42888947, ..., -0.62270526,
         -0.79613218, -0.93614548],
        [-0.18316674,  0.        ,  0.2561685 , ..., -0.75549025,
         -0.89350147, -0.98471143],
        [-0.42888947, -0.2561685 ,  0.        , ..., -0.89811249,
         -0.97872234, -0.99647662],
        ...,
        [ 0.62270526,  0.75549025,  0.89811249, ...,  0.        ,
         -0.24612567, -0.5135419 ],
        [ 0.79613218,  0.89350147,  0.97872234, ...,  0.24612567,
          0.        , -0.28655258],
        [ 0.93614548,  0.98471143,  0.99647662, ...,  0.5135419 ,
          0.28655258,  0.        ]],

       ...,

       [[ 0.        , -0.11894702,  0.        , ..., -0.99817293,
         -0.8389459 , -0.66376447],
        [ 0.11894702,  0.        ,  0.11894702, ..., -0.9982735 ,
         -0.76825716, -0.57008671],
        [ 0.        , -0.11894702,  0.        , ..., -0.99817293,
         -0.8389459 , -0.66376447],
        ...,
        [ 0.99817293,  0.9982735 ,  0.99817293, ...,  0.        ,
          0.59391118,  0.786681  ],
        [ 0.8389459 ,  0.76825716,  0.8389459 , ..., -0.59391118,
          0.        ,  0.26625213],
        [ 0.66376447,  0.57008671,  0.66376447, ..., -0.786681  ,
         -0.26625213,  0.        ]],

       [[ 0.        ,  0.08019584,  0.21958559, ..., -0.58293418,
         -0.65793285, -0.96646907],
        [-0.08019584,  0.        ,  0.14063982, ..., -0.64621729,
         -0.71620734, -0.98394913],
        [-0.21958559, -0.14063982,  0.        , ..., -0.74712419,
         -0.80723961, -0.99926655],
        ...,
        [ 0.58293418,  0.64621729,  0.74712419, ...,  0.        ,
         -0.09558911, -0.63558722],
        [ 0.65793285,  0.71620734,  0.80723961, ...,  0.09558911,
          0.        , -0.55887922],
        [ 0.96646907,  0.98394913,  0.99926655, ...,  0.63558722,
          0.55887922,  0.        ]],

       [[ 0.        , -0.03695665,  0.01827291, ..., -0.89935466,
         -0.99957882, -0.95858876],
        [ 0.03695665,  0.        ,  0.0552109 , ..., -0.8825821 ,
         -0.99782348, -0.94740888],
        [-0.01827291, -0.0552109 ,  0.        , ..., -0.90719378,
         -0.99994221, -0.96363272],
        ...,
        [ 0.89935466,  0.8825821 ,  0.90719378, ...,  0.        ,
         -0.41093608, -0.16298326],
        [ 0.99957882,  0.99782348,  0.99994221, ...,  0.41093608,
          0.        ,  0.25685539],
        [ 0.95858876,  0.94740888,  0.96363272, ...,  0.16298326,
         -0.25685539,  0.        ]]]), 'num': array([ 7.07106280e-01,  7.07106280e-01,  0.00000000e+00,  7.11807784e-05,
        7.33434705e-05,  7.08046581e-05,  1.17270568e-03, -1.69254163e-06,
        7.16509289e-05,  7.38512330e-05,  7.78412432e-05,  8.47595181e-07,
        7.73837622e-05,  7.03187038e-05])}
{'img': array([[[ 0.        ,  0.17008715, -0.0381528 , ..., -0.90609792,
         -0.83711228, -0.97726838],
        [-0.17008715,  0.        , -0.20756019, ..., -0.96485362,
         -0.9179577 , -0.99908811],
        [ 0.0381528 ,  0.20756019,  0.        , ..., -0.88929697,
         -0.81563203, -0.96846823],
        ...,
        [ 0.90609792,  0.96485362,  0.88929697, ...,  0.        ,
          0.14150829, -0.22135288],
        [ 0.83711228,  0.9179577 ,  0.81563203, ..., -0.14150829,
          0.        , -0.35712343],
        [ 0.97726838,  0.99908811,  0.96846823, ...,  0.22135288,
          0.35712343,  0.        ]],

       [[ 0.        ,  0.76451219,  0.06183007, ..., -0.2906192 ,
         -0.37897584, -0.23875212],
        [-0.76451219,  0.        , -0.7231932 , ..., -0.91885075,
         -0.95177594, -0.89630474],
        [-0.06183007,  0.7231932 ,  0.        , ..., -0.34922456,
         -0.43546869, -0.29833729],
        ...,
        [ 0.2906192 ,  0.91885075,  0.34922456, ...,  0.        ,
         -0.09367787,  0.05376736],
        [ 0.37897584,  0.95177594,  0.43546869, ...,  0.09367787,
          0.        ,  0.14707328],
        [ 0.23875212,  0.89630474,  0.29833729, ..., -0.05376736,
         -0.14707328,  0.        ]],

       [[ 0.        ,  0.24767312,  0.42773299, ..., -0.82480701,
         -0.87750888, -0.99074649],
        [-0.24767312,  0.        ,  0.19053338, ..., -0.93914698,
         -0.96894313, -0.99349399],
        [-0.42773299, -0.19053338,  0.        , ..., -0.98739366,
         -0.99830858, -0.95359508],
        ...,
        [ 0.82480701,  0.93914698,  0.98739366, ...,  0.        ,
         -0.10061134, -0.44823501],
        [ 0.87750888,  0.96894313,  0.99830858, ...,  0.10061134,
          0.        , -0.35602251],
        [ 0.99074649,  0.99349399,  0.95359508, ...,  0.44823501,
          0.35602251,  0.        ]],

       ...,

       [[ 0.        ,  0.11894702, -0.193668  , ..., -0.76825716,
         -0.57008671, -0.64296491],
        [-0.11894702,  0.        , -0.30898808, ..., -0.8389459 ,
         -0.66376447, -0.72950125],
        [ 0.193668  ,  0.30898808,  0.        , ..., -0.62973695,
         -0.4001787 , -0.48246226],
        ...,
        [ 0.76825716,  0.8389459 ,  0.62973695, ...,  0.        ,
          0.26625213,  0.17681639],
        [ 0.57008671,  0.66376447,  0.4001787 , ..., -0.26625213,
          0.        , -0.0916231 ],
        [ 0.64296491,  0.72950125,  0.48246226, ..., -0.17681639,
          0.0916231 ,  0.        ]],

       [[ 0.        ,  0.13247491,  0.143353  , ..., -0.64740641,
         -0.83448169, -0.99336577],
        [-0.13247491,  0.        ,  0.01098288, ..., -0.74266549,
         -0.90012527, -0.9998449 ],
        [-0.143353  , -0.01098288,  0.        , ..., -0.74997552,
         -0.90485547, -0.99959116],
        ...,
        [ 0.64740641,  0.74266549,  0.74997552, ...,  0.        ,
         -0.279252  , -0.68263857],
        [ 0.83448169,  0.90012527,  0.90485547, ...,  0.279252  ,
          0.        , -0.45141662],
        [ 0.99336577,  0.9998449 ,  0.99959116, ...,  0.68263857,
          0.45141662,  0.        ]],

       [[ 0.        ,  0.05419495,  0.04894847, ..., -0.9507458 ,
         -0.91317975, -0.99890062],
        [-0.05419495,  0.        , -0.00525345, ..., -0.96614745,
         -0.93392525, -0.99997316],
        [-0.04894847,  0.00525345,  0.        , ..., -0.96477878,
         -0.93203442, -0.99999785],
        ...,
        [ 0.9507458 ,  0.96614745,  0.96477878, ...,  0.        ,
          0.10442329, -0.26506177],
        [ 0.91317975,  0.93392525,  0.93203442, ..., -0.10442329,
          0.        , -0.36430089],
        [ 0.99890062,  0.99997316,  0.99999785, ...,  0.26506177,
          0.36430089,  0.        ]]]), 'num': array([9.27526303e-01, 3.73756760e-01, 1.45728827e-04, 9.35263541e-05,
       9.43877811e-05, 9.27879882e-05, 8.64478858e-04, 3.69182977e-07,
       9.36986395e-05, 9.63198386e-05, 1.01689400e-04, 1.05994139e-06,
       1.00837434e-04, 9.18022430e-05])}
{'img': array([[[ 0.        , -0.20756019, -0.30448784, ..., -0.9179577 ,
         -0.99908811, -0.99303284],
        [ 0.20756019,  0.        , -0.10015233, ..., -0.81563203,
         -0.96846823, -0.94694836],
        [ 0.30448784,  0.10015233,  0.        , ..., -0.75358589,
         -0.93864722, -0.90999968],
        ...,
        [ 0.9179577 ,  0.81563203,  0.75358589, ...,  0.        ,
         -0.35712343, -0.28574435],
        [ 0.99908811,  0.96846823,  0.93864722, ...,  0.35712343,
          0.        ,  0.07533192],
        [ 0.99303284,  0.94694836,  0.90999968, ...,  0.28574435,
         -0.07533192,  0.        ]],

       [[ 0.        , -0.7231932 , -0.7652771 , ..., -0.95177594,
         -0.89630474, -0.94330635],
        [ 0.7231932 ,  0.        , -0.06301521, ..., -0.43546869,
         -0.29833729, -0.41144581],
        [ 0.7652771 ,  0.06301521,  0.        , ..., -0.37787669,
         -0.23759883, -0.35319387],
        ...,
        [ 0.95177594,  0.43546869,  0.37787669, ...,  0.        ,
          0.14707328,  0.02651596],
        [ 0.89630474,  0.29833729,  0.23759883, ..., -0.14707328,
          0.        , -0.12079396],
        [ 0.94330635,  0.41144581,  0.35319387, ..., -0.02651596,
          0.12079396,  0.        ]],

       [[ 0.        ,  0.18980705,  0.24441771, ..., -0.96370557,
         -0.99983214, -0.99301212],
        [-0.18980705,  0.        ,  0.05592433, ..., -0.99685905,
         -0.98513422, -0.95256097],
        [-0.24441771, -0.05592433,  0.        , ..., -0.99972797,
         -0.97398545, -0.93404977],
        ...,
        [ 0.96370557,  0.99685905,  0.99972797, ...,  0.        ,
         -0.24926572, -0.37883107],
        [ 0.99983214,  0.98513422,  0.97398545, ...,  0.24926572,
          0.        , -0.13618641],
        [ 0.99301212,  0.95256097,  0.93404977, ...,  0.37883107,
          0.13618641,  0.        ]],

       ...,

       [[ 0.        , -0.30898808, -0.34757848, ..., -0.66376447,
         -0.72950125, -0.78113638],
        [ 0.30898808,  0.        , -0.04084709, ..., -0.4001787 ,
         -0.48246226, -0.54999225],
        [ 0.34757848,  0.04084709,  0.        , ..., -0.36241092,
         -0.44628095, -0.51541898],
        ...,
        [ 0.66376447,  0.4001787 ,  0.36241092, ...,  0.        ,
         -0.0916231 , -0.16981618],
        [ 0.72950125,  0.48246226,  0.44628095, ...,  0.0916231 ,
          0.        , -0.07880954],
        [ 0.78113638,  0.54999225,  0.51541898, ...,  0.16981618,
          0.07880954,  0.        ]],

       [[ 0.        ,  0.01055725, -0.08005148, ..., -0.84768001,
         -0.94028053, -0.99835804],
        [-0.01055725,  0.        , -0.09057039, ..., -0.85323347,
         -0.94382182, -0.99769766],
        [ 0.08005148,  0.09057039,  0.        , ..., -0.80249163,
         -0.91001334, -0.99973955],
        ...,
        [ 0.84768001,  0.85323347,  0.80249163, ...,  0.        ,
         -0.21027549, -0.57819355],
        [ 0.94028053,  0.94382182,  0.91001334, ...,  0.21027549,
          0.        , -0.39370271],
        [ 0.99835804,  0.99769766,  0.99973955, ...,  0.57819355,
          0.39370271,  0.        ]],

       [[ 0.        , -0.00510581,  0.05070635, ..., -0.89267224,
         -0.95406186, -0.99936094],
        [ 0.00510581,  0.        ,  0.05580493, ..., -0.89035939,
         -0.95251968, -0.99953042],
        [-0.05070635, -0.05580493,  0.        , ..., -0.91437759,
         -0.96802668, -0.99626286],
        ...,
        [ 0.89267224,  0.89035939,  0.91437759, ...,  0.        ,
         -0.16254855, -0.48232712],
        [ 0.95406186,  0.95251968,  0.96802668, ...,  0.16254855,
          0.        , -0.33352134],
        [ 0.99936094,  0.99953042,  0.99626286, ...,  0.48232712,
          0.33352134,  0.        ]]]), 'num': array([9.29029855e-01, 3.70002635e-01, 1.44265083e-04, 9.44143212e-05,
       9.44143212e-05, 9.02722736e-05, 1.21900462e-03, 1.82737396e-06,
       9.34153568e-05, 9.51148146e-05, 1.00489324e-04, 1.19404568e-06,
       9.92431342e-05, 9.09864950e-05])}
{'img': array([[[ 0.        , -0.10015233,  0.16784307, ..., -0.96846823,
         -0.94694836, -0.81563203],
        [ 0.10015233,  0.        ,  0.26573072, ..., -0.93864722,
         -0.90999968, -0.75358589],
        [-0.16784307, -0.26573072,  0.        , ..., -0.99654521,
         -0.98745707, -0.90117038],
        ...,
        [ 0.96846823,  0.93864722,  0.99654521, ...,  0.        ,
          0.07533192,  0.35712343],
        [ 0.94694836,  0.90999968,  0.98745707, ..., -0.07533192,
          0.        ,  0.28574435],
        [ 0.81563203,  0.75358589,  0.90117038, ..., -0.35712343,
         -0.28574435,  0.        ]],

       [[ 0.        , -0.06301521,  0.00958182, ..., -0.29833729,
         -0.41144581, -0.33343555],
        [ 0.06301521,  0.        ,  0.0725751 , ..., -0.23759883,
         -0.35319387, -0.27336384],
        [-0.00958182, -0.0725751 ,  0.        , ..., -0.30746907,
         -0.42016012, -0.34245373],
        ...,
        [ 0.29833729,  0.23759883,  0.30746907, ...,  0.        ,
         -0.12079396, -0.03698675],
        [ 0.41144581,  0.35319387,  0.42016012, ...,  0.12079396,
          0.        ,  0.08399538],
        [ 0.33343555,  0.27336384,  0.34245373, ...,  0.03698675,
         -0.08399538,  0.        ]],

       [[ 0.        ,  0.05592433,  0.10613268, ..., -0.98513422,
         -0.95256097, -0.99468194],
        [-0.05592433,  0.        ,  0.05035811, ..., -0.97398545,
         -0.93404977, -0.99888516],
        [-0.10613268, -0.05035811,  0.        , ..., -0.961338  ,
         -0.91487963, -0.99999502],
        ...,
        [ 0.98513422,  0.97398545,  0.961338  , ...,  0.        ,
         -0.13618641,  0.27233616],
        [ 0.95256097,  0.93404977,  0.91487963, ...,  0.13618641,
          0.        ,  0.40083773],
        [ 0.99468194,  0.99888516,  0.99999502, ..., -0.27233616,
         -0.40083773,  0.        ]],

       ...,

       [[ 0.        , -0.04084709, -0.02056835, ..., -0.48246226,
         -0.54999225, -0.34165669],
        [ 0.04084709,  0.        ,  0.02028726, ..., -0.44628095,
         -0.51541898, -0.30298244],
        [ 0.02056835, -0.02028726,  0.        , ..., -0.46434403,
         -0.53269783, -0.32225376],
        ...,
        [ 0.48246226,  0.44628095,  0.46434403, ...,  0.        ,
         -0.07880954,  0.15416719],
        [ 0.54999225,  0.51541898,  0.53269783, ...,  0.07880954,
          0.        ,  0.23155504],
        [ 0.34165669,  0.30298244,  0.32225376, ..., -0.15416719,
         -0.23155504,  0.        ]],

       [[ 0.        , -0.08613138,  0.02885208, ..., -0.88123223,
         -0.94229611, -0.9932817 ],
        [ 0.08613138,  0.        ,  0.11484038, ..., -0.83724449,
         -0.90995922, -0.99955771],
        [-0.02885208, -0.11484038,  0.        , ..., -0.89450327,
         -0.95156294, -0.98952938],
        ...,
        [ 0.88123223,  0.83724449,  0.89450327, ...,  0.        ,
         -0.15038844, -0.57148547],
        [ 0.94229611,  0.90995922,  0.95156294, ...,  0.15038844,
          0.        , -0.44157538],
        [ 0.9932817 ,  0.99955771,  0.98952938, ...,  0.57148547,
          0.44157538,  0.        ]],

       [[ 0.        ,  0.05580493,  0.02088337, ..., -0.95251968,
         -0.99953042, -0.97950097],
        [-0.05580493,  0.        , -0.03494194, ..., -0.96802668,
         -0.99626286, -0.98921592],
        [-0.02088337,  0.03494194,  0.        , ..., -0.95867046,
         -0.99867253, -0.98349409],
        ...,
        [ 0.95251968,  0.96802668,  0.95867046, ...,  0.        ,
         -0.33352134, -0.10636051],
        [ 0.99953042,  0.99626286,  0.99867253, ...,  0.33352134,
          0.        ,  0.23135891],
        [ 0.97950097,  0.98921592,  0.98349409, ...,  0.10636051,
         -0.23135891,  0.        ]]]), 'num': array([ 9.94456384e-01,  1.05142655e-01,  2.30690980e-04,  1.01012464e-04,
        1.02191597e-04,  1.00095359e-04,  1.17716859e-03, -5.24059474e-07,
        1.00567013e-04,  1.02021278e-04,  1.07903846e-04,  1.21470739e-06,
        1.06070549e-04,  9.79720071e-05])}
{'img': array([[[ 0.        ,  0.26573072,  0.58318492, ..., -0.90999968,
         -0.75358589, -0.79675053],
        [-0.26573072,  0.        ,  0.34635431, ..., -0.98745707,
         -0.90117038, -0.92868849],
        [-0.58318492, -0.34635431,  0.        , ..., -0.98102231,
         -0.99552382, -0.99965539],
        ...,
        [ 0.90999968,  0.98745707,  0.98102231, ...,  0.        ,
          0.28574435,  0.21958052],
        [ 0.75358589,  0.90117038,  0.99552382, ..., -0.28574435,
          0.        , -0.06834528],
        [ 0.79675053,  0.92868849,  0.99965539, ..., -0.21958052,
          0.06834528,  0.        ]],

       [[ 0.        ,  0.0725751 ,  0.13563184, ..., -0.35319387,
         -0.27336384, -0.29216684],
        [-0.0725751 ,  0.        ,  0.06336972, ..., -0.42016012,
         -0.34245373, -0.36080484],
        [-0.13563184, -0.06336972,  0.        , ..., -0.4768205 ,
         -0.40130349, -0.41918088],
        ...,
        [ 0.35319387,  0.42016012,  0.4768205 , ...,  0.        ,
          0.08399538,  0.06444636],
        [ 0.27336384,  0.34245373,  0.40130349, ..., -0.08399538,
          0.        , -0.01960216],
        [ 0.29216684,  0.36080484,  0.41918088, ..., -0.06444636,
          0.01960216,  0.        ]],

       [[ 0.        ,  0.05035811,  0.16837753, ..., -0.93404977,
         -0.99888516, -0.9970221 ],
        [-0.05035811,  0.        ,  0.11852476, ..., -0.91487963,
         -0.99999502, -0.99964054],
        [-0.16837753, -0.11852476,  0.        , ..., -0.86057912,
         -0.99257214, -0.99577186],
        ...,
        [ 0.93404977,  0.91487963,  0.86057912, ...,  0.        ,
          0.40083773,  0.42810984],
        [ 0.99888516,  0.99999502,  0.99257214, ..., -0.40083773,
          0.        ,  0.02996467],
        [ 0.9970221 ,  0.99964054,  0.99577186, ..., -0.42810984,
         -0.02996467,  0.        ]],

       ...,

       [[ 0.        ,  0.02028726,  0.4606283 , ..., -0.51541898,
         -0.30298244, -0.40052102],
        [-0.02028726,  0.        ,  0.44252666, ..., -0.53269783,
         -0.32225376, -0.41902756],
        [-0.4606283 , -0.44252666,  0.        , ..., -0.85221238,
         -0.70790212, -0.77756769],
        ...,
        [ 0.51541898,  0.53269783,  0.85221238, ...,  0.        ,
          0.23155504,  0.12905019],
        [ 0.30298244,  0.32225376,  0.70790212, ..., -0.23155504,
          0.        , -0.10407595],
        [ 0.40052102,  0.41902756,  0.77756769, ..., -0.12905019,
          0.10407595,  0.        ]],

       [[ 0.        ,  0.10953168,  0.31469197, ..., -0.84499246,
         -0.92954001, -0.99682784],
        [-0.10953168,  0.        ,  0.20883177, ..., -0.89848356,
         -0.96433391, -0.98211281],
        [-0.31469197, -0.20883177,  0.        , ..., -0.97035206,
         -0.99834728, -0.92113712],
        ...,
        [ 0.84499246,  0.89848356,  0.97035206, ...,  0.        ,
         -0.18553106, -0.60033315],
        [ 0.92954001,  0.96433391,  0.99834728, ...,  0.18553106,
          0.        , -0.44153193],
        [ 0.99682784,  0.98211281,  0.92113712, ...,  0.60033315,
          0.44153193,  0.        ]],

       [[ 0.        , -0.03494194, -0.07336241, ..., -0.99626286,
         -0.98921592, -0.968934  ],
        [ 0.03494194,  0.        , -0.03846983, ..., -0.99867253,
         -0.98349409, -0.95970049],
        [ 0.07336241,  0.03846983,  0.        , ..., -0.99991482,
         -0.97580533, -0.94817911],
        ...,
        [ 0.99626286,  0.99867253,  0.99991482, ...,  0.        ,
          0.23135891,  0.33008506],
        [ 0.98921592,  0.98349409,  0.97580533, ..., -0.23135891,
          0.        ,  0.10273783],
        [ 0.968934  ,  0.95970049,  0.94817911, ..., -0.33008506,
         -0.10273783,  0.        ]]]), 'num': array([ 9.94286889e-01,  1.06734125e-01,  2.34182787e-04,  1.00812445e-04,
        1.02408420e-04,  1.00546449e-04,  1.12646602e-03, -1.72897333e-06,
        1.01637032e-04,  1.03332756e-04,  1.09357563e-04,  9.23596863e-07,
        1.07512765e-04,  9.91527465e-05])}
{'img': array([[[ 0.        ,  0.34635431,  0.20965233, ..., -0.90117038,
         -0.92868849, -0.99401859],
        [-0.34635431,  0.        , -0.14198128, ..., -0.99552382,
         -0.99965539, -0.97031829],
        [-0.20965233,  0.14198128,  0.        , ..., -0.97201973,
         -0.98580113, -0.99482386],
        ...,
        [ 0.90117038,  0.99552382,  0.97201973, ...,  0.        ,
         -0.06834528, -0.33245462],
        [ 0.92868849,  0.99965539,  0.98580113, ...,  0.06834528,
          0.        , -0.2672195 ],
        [ 0.99401859,  0.97031829,  0.99482386, ...,  0.33245462,
          0.2672195 ,  0.        ]],

       [[ 0.        ,  0.06336972,  0.00140494, ..., -0.34245373,
         -0.36080484, -0.3716937 ],
        [-0.06336972,  0.        , -0.06196754, ..., -0.40130349,
         -0.41918088, -0.42977626],
        [-0.00140494,  0.06196754,  0.        , ..., -0.34377338,
         -0.36211479, -0.37299762],
        ...,
        [ 0.34245373,  0.40130349,  0.34377338, ...,  0.        ,
         -0.01960216, -0.03130035],
        [ 0.36080484,  0.41918088,  0.36211479, ...,  0.01960216,
          0.        , -0.01170178],
        [ 0.3716937 ,  0.42977626,  0.37299762, ...,  0.03130035,
          0.01170178,  0.        ]],

       [[ 0.        ,  0.11852476,  0.16197592, ..., -0.99999502,
         -0.99964054, -0.99285361],
        [-0.11852476,  0.        ,  0.04387456, ..., -0.99257214,
         -0.99577186, -0.9717105 ],
        [-0.16197592, -0.04387456,  0.        , ..., -0.98627867,
         -0.99078263, -0.96041271],
        ...,
        [ 0.99999502,  0.99257214,  0.98627867, ...,  0.        ,
          0.02996467, -0.11620501],
        [ 0.99964054,  0.99577186,  0.99078263, ..., -0.02996467,
          0.        , -0.1459145 ],
        [ 0.99285361,  0.9717105 ,  0.96041271, ...,  0.11620501,
          0.1459145 ,  0.        ]],

       ...,

       [[ 0.        ,  0.44252666,  0.28718578, ..., -0.32225376,
         -0.41902756, -0.78600946],
        [-0.44252666,  0.        , -0.1663498 , ..., -0.70790212,
         -0.77756769, -0.97843457],
        [-0.28718578,  0.1663498 ,  0.        , ..., -0.58054416,
         -0.66213306, -0.93044114],
        ...,
        [ 0.32225376,  0.70790212,  0.58054416, ...,  0.        ,
         -0.10407595, -0.54485652],
        [ 0.41902756,  0.77756769,  0.66213306, ...,  0.10407595,
          0.        , -0.45462687],
        [ 0.78600946,  0.97843457,  0.93044114, ...,  0.54485652,
          0.45462687,  0.        ]],

       [[ 0.        ,  0.20685584,  0.35058925, ..., -0.95285992,
         -0.99972699, -0.98013197],
        [-0.20685584,  0.        ,  0.14927994, ..., -0.99501317,
         -0.98293764, -0.91790399],
        [-0.35058925, -0.14927994,  0.        , ..., -0.99875374,
         -0.94446538, -0.84838418],
        ...,
        [ 0.95285992,  0.99501317,  0.99875374, ...,  0.        ,
         -0.28106356, -0.48637882],
        [ 0.99972699,  0.98293764,  0.94446538, ...,  0.28106356,
          0.        , -0.22119375],
        [ 0.98013197,  0.91790399,  0.84838418, ...,  0.48637882,
          0.22119375,  0.        ]],

       [[ 0.        , -0.0382012 , -0.04966354, ..., -0.97358349,
         -0.94977342, -0.99829496],
        [ 0.0382012 ,  0.        , -0.01147323, ..., -0.96415031,
         -0.93712553, -0.99979611],
        [ 0.04966354,  0.01147323,  0.        , ..., -0.96104235,
         -0.93305977, -0.99996198],
        ...,
        [ 0.97358349,  0.96415031,  0.96104235, ...,  0.        ,
          0.08780865, -0.28477106],
        [ 0.94977342,  0.93712553,  0.93305977, ..., -0.08780865,
          0.        , -0.36784407],
        [ 0.99829496,  0.99979611,  0.99996198, ...,  0.28477106,
          0.36784407,  0.        ]]]), 'num': array([ 9.94191760e-01,  1.07611004e-01,  2.36106726e-04,  1.00702040e-04,
        1.01774764e-04,  1.00031587e-04,  1.57309727e-03, -9.38634190e-07,
