state_0,state_1,state_2,state_3,state_4,state_5,state_6,state_7,state_8,state_9,state_10,state_11,state_12,state_13,state_14,state_15,state_16,state_17,state_18,state_19,state_20,state_21,state_22,state_23,state_24,state_25,state_26,state_27,state_28,state_29,state_30,state_31,state_32,state_33,state_34,state_35,state_36,state_37,state_38,state_39,state_40,state_41,state_42,state_43,state_44,state_45,state_46,state_47,state_48,state_49,state_50,state_51,state_52,state_53,state_54,state_55,state_56,state_57,state_58,state_59,state_60,state_61,state_62,state_63,state_64,state_65,state_66,state_67,state_68,state_69,state_70,state_71,state_72,state_73,state_74,state_75,state_76,state_77,state_78,state_79,state_80,state_81,state_82,state_83,state_84,state_85,state_86,state_87,state_88,state_89,state_90,state_91,state_92,state_93,state_94,state_95,state_96,state_97,state_98,state_99,state_100,state_101,state_102,state_103,state_104,state_105,state_106,state_107,state_108,state_109,state_110,state_111,state_112,state_113,state_114,state_115,state_116,state_117,state_118,state_119,state_120,state_121,state_122,state_123,state_124,state_125,state_126,state_127,state_128,state_129,state_130,state_131,state_132,state_133,state_134,state_135,state_136,state_137,state_138,state_139,state_140,state_141,state_142,state_143,state_144,state_145,state_146,state_147,state_148,state_149,state_150,state_151,state_152,state_153,state_154,state_155,state_156,state_157,state_158,state_159,state_160,state_161,state_162,state_163,state_164,state_165,state_166,state_167,state_168,state_169,state_170,state_171,state_172,state_173,state_174,state_175,state_176,state_177,state_178,state_179,state_180,state_181,state_182,state_183,state_184,state_185,state_186,state_187,state_188,state_189,state_190,state_191,state_192,state_193,state_194,state_195,state_196,state_197,state_198,state_199,state_200,state_201,state_202,state_203,state_204,state_205,state_206,state_207,state_208,state_209,state_210,state_211,state_212,state_213,state_214,state_215,state_216,state_217,state_218,state_219,state_220,state_221,state_222,state_223,state_224,state_225,state_226,state_227,state_228,state_229,state_230,state_231,state_232,state_233,state_234,state_235,state_236,state_237,state_238,state_239,state_240,state_241,state_242,state_243,state_244,state_245,state_246,state_247,state_248,state_249,state_250,state_251,state_252,state_253,state_254,state_255,state_256,state_257,state_258,state_259,state_260,state_261,state_262,state_263,state_264,state_265,state_266,state_267,state_268,state_269,state_270,state_271,state_272,state_273,state_274,state_275,state_276,state_277,state_278,state_279,state_280,state_281,state_282,state_283,state_284,state_285,state_286,state_287
{'img': array([[[ 0.        ,  0.00640365, -0.0514293 , ..., -0.70544801,
         -0.97730917, -0.99107125],
        [-0.00640365,  0.        , -0.05782342, ..., -0.7099722 ,
         -0.97864554, -0.99190475],
        [ 0.0514293 ,  0.05782342,  0.        , ..., -0.66806333,
         -0.9651222 , -0.98290246],
        ...,
        [ 0.70544801,  0.7099722 ,  0.66806333, ...,  0.        ,
         -0.54325284, -0.60837358],
        [ 0.97730917,  0.97864554,  0.9651222 , ...,  0.54325284,
          0.        , -0.07961864],
        [ 0.99107125,  0.99190475,  0.98290246, ...,  0.60837358,
          0.07961864,  0.        ]],

       [[ 0.        ,  0.02097631, -0.15016268, ..., -0.02694119,
          0.44841828,  0.02480571],
        [-0.02097631,  0.        , -0.17086811, ..., -0.04790395,
          0.4295705 ,  0.0038304 ],
        [ 0.15016268,  0.17086811,  0.        , ...,  0.12347247,
          0.57755279,  0.17464092],
        ...,
        [ 0.02694119,  0.04790395, -0.12347247, ...,  0.        ,
          0.47233619,  0.05172961],
        [-0.44841828, -0.4295705 , -0.57755279, ..., -0.47233619,
          0.        , -0.42610837],
        [-0.02480571, -0.0038304 , -0.17464092, ..., -0.05172961,
          0.42610837,  0.        ]],

       [[ 0.        ,  0.07676255,  0.14484143, ..., -0.75108164,
         -0.82806521, -0.9317933 ],
        [-0.07676255,  0.        ,  0.06846098, ..., -0.79954485,
         -0.86865745, -0.95690794],
        [-0.14484143, -0.06846098,  0.        , ..., -0.83878706,
         -0.90053587, -0.97454332],
        ...,
        [ 0.75108164,  0.79954485,  0.83878706, ...,  0.        ,
         -0.12561613, -0.34254402],
        [ 0.82806521,  0.86865745,  0.90053587, ...,  0.12561613,
          0.        , -0.22181412],
        [ 0.9317933 ,  0.95690794,  0.97454332, ...,  0.34254402,
          0.22181412,  0.        ]],

       ...,

       [[ 0.        ,  0.09089504, -0.03265871, ..., -0.40674854,
         -0.70056951, -0.62581269],
        [-0.09089504,  0.        , -0.12337007, ..., -0.48810106,
         -0.76253075, -0.69411784],
        [ 0.03265871,  0.12337007,  0.        , ..., -0.37669652,
         -0.67689107, -0.60000594],
        ...,
        [ 0.40674854,  0.48810106,  0.37669652, ...,  0.        ,
         -0.34974907, -0.254452  ],
        [ 0.70056951,  0.76253075,  0.67689107, ...,  0.34974907,
          0.        ,  0.09985555],
        [ 0.62581269,  0.69411784,  0.60000594, ...,  0.254452  ,
         -0.09985555,  0.        ]],

       [[ 0.        ,  0.04535421,  0.01601642, ...,  0.09030977,
         -0.12863102, -0.32625601],
        [-0.04535421,  0.        , -0.02934845, ...,  0.04504796,
         -0.17347609, -0.36879277],
        [-0.01601642,  0.02934845,  0.        , ...,  0.07434722,
         -0.14449789, -0.34135418],
        ...,
        [-0.09030977, -0.04504796, -0.07434722, ...,  0.        ,
         -0.21766493, -0.41029099],
        [ 0.12863102,  0.17347609,  0.14449789, ...,  0.21766493,
          0.        , -0.20195312],
        [ 0.32625601,  0.36879277,  0.34135418, ...,  0.41029099,
          0.20195312,  0.        ]],

       [[ 0.        , -0.00810481, -0.00305709, ..., -0.81491048,
         -0.9124703 , -0.99544767],
        [ 0.00810481,  0.        ,  0.00504779, ..., -0.81018627,
         -0.9091243 , -0.99618745],
        [ 0.00305709, -0.00504779,  0.        , ..., -0.81313482,
         -0.91121525, -0.99573439],
        ...,
        [ 0.81491048,  0.81018627,  0.81313482, ...,  0.        ,
         -0.19544091, -0.65461721],
        [ 0.9124703 ,  0.9091243 ,  0.91121525, ...,  0.19544091,
          0.        , -0.49424762],
        [ 0.99544767,  0.99618745,  0.99573439, ...,  0.65461721,
          0.49424762,  0.        ]]]), 'num': array([9.82562775e-01, 1.72103108e-01, 1.57676978e-04, 5.86864349e-04,
       5.93714906e-04, 5.65170920e-04, 7.03358064e-02, 1.59846321e-05,
       5.98966999e-04, 7.09946016e-04, 9.00543725e-04, 2.84774498e-06,
       8.89764392e-04, 5.30127641e-04])}
{'img': array([[[ 0.00000000e+00, -5.78234187e-02, -1.94474961e-01, ...,
         -9.78645541e-01, -9.91904749e-01, -9.10383764e-01],
        [ 5.78234187e-02,  0.00000000e+00, -1.37430146e-01, ...,
         -9.65122198e-01, -9.82902464e-01, -8.84935233e-01],
        [ 1.94474961e-01,  1.37430146e-01,  0.00000000e+00, ...,
         -9.19985412e-01, -9.48271558e-01, -8.12535332e-01],
        ...,
        [ 9.78645541e-01,  9.65122198e-01,  9.19985412e-01, ...,
          0.00000000e+00, -7.96186426e-02,  2.17795148e-01],
        [ 9.91904749e-01,  9.82902464e-01,  9.48271558e-01, ...,
          7.96186426e-02,  0.00000000e+00,  2.94811092e-01],
        [ 9.10383764e-01,  8.84935233e-01,  8.12535332e-01, ...,
         -2.17795148e-01, -2.94811092e-01,  0.00000000e+00]],

       [[ 0.00000000e+00, -1.70868105e-01,  7.59096911e-02, ...,
          4.29570495e-01,  3.83039991e-03, -2.43787523e-01],
        [ 1.70868105e-01,  0.00000000e+00,  2.45168455e-01, ...,
          5.77552787e-01,  1.74640921e-01, -7.44895750e-02],
        [-7.59096911e-02, -2.45168455e-01,  0.00000000e+00, ...,
          3.59782073e-01, -7.20897862e-02, -3.16703517e-01],
        ...,
        [-4.29570495e-01, -5.77552787e-01, -3.59782073e-01, ...,
          0.00000000e+00, -4.26108365e-01, -6.36758039e-01],
        [-3.83039991e-03, -1.74640921e-01,  7.20897862e-02, ...,
          4.26108365e-01,  0.00000000e+00, -2.47500566e-01],
        [ 2.43787523e-01,  7.44895750e-02,  3.16703517e-01, ...,
          6.36758039e-01,  2.47500566e-01,  0.00000000e+00]],

       [[ 0.00000000e+00,  6.62164278e-02,  5.63223714e-02, ...,
         -7.96746803e-01, -8.37250775e-01, -9.66103763e-01],
        [-6.62164278e-02,  0.00000000e+00, -9.91255840e-03, ...,
         -8.35013636e-01, -8.71621656e-01, -9.81077480e-01],
        [-5.63223714e-02,  9.91255840e-03,  0.00000000e+00, ...,
         -8.29518432e-01, -8.66719902e-01, -9.79110053e-01],
        ...,
        [ 7.96746803e-01,  8.35013636e-01,  8.29518432e-01, ...,
          0.00000000e+00, -7.02853782e-02, -3.78145905e-01],
        [ 8.37250775e-01,  8.71621656e-01,  8.66719902e-01, ...,
          7.02853782e-02,  0.00000000e+00, -3.12144313e-01],
        [ 9.66103763e-01,  9.81077480e-01,  9.79110053e-01, ...,
          3.78145905e-01,  3.12144313e-01,  0.00000000e+00]],

       ...,

       [[ 0.00000000e+00, -1.23370071e-01, -1.13747269e-01, ...,
         -7.62530753e-01, -6.94117838e-01, -9.11879185e-01],
        [ 1.23370071e-01,  0.00000000e+00,  9.69104107e-03, ...,
         -6.76891067e-01, -6.00005936e-01, -8.54274776e-01],
        [ 1.13747269e-01, -9.69104107e-03,  0.00000000e+00, ...,
         -6.83992694e-01, -6.07730549e-01, -8.59272274e-01],
        ...,
        [ 7.62530753e-01,  6.76891067e-01,  6.83992694e-01, ...,
          0.00000000e+00,  9.98555492e-02, -2.76954645e-01],
        [ 6.94117838e-01,  6.00005936e-01,  6.07730549e-01, ...,
         -9.98555492e-02,  0.00000000e+00, -3.71519909e-01],
        [ 9.11879185e-01,  8.54274776e-01,  8.59272274e-01, ...,
          2.76954645e-01,  3.71519909e-01,  0.00000000e+00]],

       [[ 0.00000000e+00, -2.09738676e-02, -4.71698393e-02, ...,
         -1.09099760e-01, -1.62895683e-01, -4.91055995e-01],
        [ 2.09738676e-02,  0.00000000e+00, -2.62089418e-02, ...,
         -8.82270903e-02, -1.42166124e-01, -4.72677051e-01],
        [ 4.71698393e-02,  2.62089418e-02,  0.00000000e+00, ...,
         -6.20900461e-02, -1.16174555e-01, -4.49418424e-01],
        ...,
        [ 1.09099760e-01,  8.82270903e-02,  6.20900461e-02, ...,
          0.00000000e+00, -5.42807799e-02, -3.93084929e-01],
        [ 1.62895683e-01,  1.42166124e-01,  1.16174555e-01, ...,
          5.42807799e-02,  0.00000000e+00, -3.42594114e-01],
        [ 4.91055995e-01,  4.72677051e-01,  4.49418424e-01, ...,
          3.93084929e-01,  3.42594114e-01,  0.00000000e+00]],

       [[ 0.00000000e+00,  4.87970753e-03,  9.61052493e-04, ...,
         -8.67100493e-01, -9.65134661e-01, -9.92675868e-01],
        [-4.87970753e-03,  0.00000000e+00, -3.91866423e-03, ...,
         -8.69520914e-01, -9.66400453e-01, -9.92074540e-01],
        [-9.61052493e-04,  3.91866423e-03,  0.00000000e+00, ...,
         -8.67578825e-01, -9.65385775e-01, -9.92559306e-01],
        ...,
        [ 8.67100493e-01,  8.69520914e-01,  8.67578825e-01, ...,
          0.00000000e+00, -2.53798760e-01, -5.99237707e-01],
        [ 9.65134661e-01,  9.66400453e-01,  9.65385775e-01, ...,
          2.53798760e-01,  0.00000000e+00, -3.76432928e-01],
        [ 9.92675868e-01,  9.92074540e-01,  9.92559306e-01, ...,
          5.99237707e-01,  3.76432928e-01,  0.00000000e+00]]]), 'num': array([7.39248643e-01, 6.73416536e-01, 1.27829334e-05, 4.81228852e-05,
       4.91507526e-05, 4.72819027e-05, 4.64623186e-03, 9.34424955e-08,
       4.84966552e-05, 5.73783644e-05, 7.32962935e-05, 2.00559502e-07,
       7.25552754e-05, 4.22014533e-05])}
{'img': array([[[ 0.        , -0.13743015, -0.14406653, ..., -0.98290246,
         -0.88493523, -0.8799553 ],
        [ 0.13743015,  0.        , -0.00670308, ..., -0.94827156,
         -0.81253533, -0.80631873],
        [ 0.14406653,  0.00670308,  0.        , ..., -0.94612229,
         -0.80860977, -0.80233587],
        ...,
        [ 0.98290246,  0.94827156,  0.94612229, ...,  0.        ,
          0.29481109,  0.30491068],
        [ 0.88493523,  0.81253533,  0.80860977, ..., -0.29481109,
          0.        ,  0.01058662],
        [ 0.8799553 ,  0.80631873,  0.80233587, ..., -0.30491068,
         -0.01058662,  0.        ]],

       [[ 0.        ,  0.24516846, -0.07657307, ...,  0.17464092,
         -0.07448958, -0.20088281],
        [-0.24516846,  0.        , -0.31868474, ..., -0.07208979,
         -0.31670352, -0.43492273],
        [ 0.07657307,  0.31868474,  0.        , ...,  0.24952449,
          0.00208947, -0.12528086],
        ...,
        [-0.17464092,  0.07208979, -0.24952449, ...,  0.        ,
         -0.24750057, -0.3688766 ],
        [ 0.07448958,  0.31670352, -0.00208947, ...,  0.24750057,
          0.        , -0.12735359],
        [ 0.20088281,  0.43492273,  0.12528086, ...,  0.3688766 ,
          0.12735359,  0.        ]],

       [[ 0.        , -0.00979455, -0.03646998, ..., -0.84934045,
         -0.92879353, -0.98327435],
        [ 0.00979455,  0.        , -0.02668019, ..., -0.8441297 ,
         -0.92511914, -0.9814433 ],
        [ 0.03646998,  0.02668019,  0.        , ..., -0.82952492,
         -0.91465997, -0.97597793],
        ...,
        [ 0.84934045,  0.8441297 ,  0.82952492, ...,  0.        ,
         -0.1754959 , -0.364326  ],
        [ 0.92879353,  0.92511914,  0.91465997, ...,  0.1754959 ,
          0.        , -0.1952374 ],
        [ 0.98327435,  0.9814433 ,  0.97597793, ...,  0.364326  ,
          0.1952374 ,  0.        ]],

       ...,

       [[ 0.        ,  0.00969104,  0.1022773 , ..., -0.60000594,
         -0.85427478, -0.96330173],
        [-0.00969104,  0.        ,  0.09263228, ..., -0.60773055,
         -0.85927227, -0.96585777],
        [-0.1022773 , -0.09263228,  0.        , ..., -0.67868085,
         -0.90296086, -0.98570347],
        ...,
        [ 0.60000594,  0.60773055,  0.67868085, ...,  0.        ,
         -0.37151991, -0.60958297],
        [ 0.85427478,  0.85927227,  0.90296086, ...,  0.37151991,
          0.        , -0.27143996],
        [ 0.96330173,  0.96585777,  0.98570347, ...,  0.60958297,
          0.27143996,  0.        ]],

       [[ 0.        , -0.02470749, -0.02117797, ..., -0.13174905,
         -0.34474306, -0.49645013],
        [ 0.02470749,  0.        ,  0.00353045, ..., -0.10721671,
         -0.32144496, -0.47485086],
        [ 0.02117797, -0.00353045,  0.        , ..., -0.11072614,
         -0.32478604, -0.47795493],
        ...,
        [ 0.13174905,  0.10721671,  0.11072614, ...,  0.        ,
         -0.21806552, -0.37775585],
        [ 0.34474306,  0.32144496,  0.32478604, ...,  0.21806552,
          0.        , -0.16675682],
        [ 0.49645013,  0.47485086,  0.47795493, ...,  0.37775585,
          0.16675682,  0.        ]],

       [[ 0.        , -0.00377856,  0.00247451, ..., -0.92237456,
         -0.97028806, -0.9869141 ],
        [ 0.00377856,  0.        ,  0.00625303, ..., -0.92090833,
         -0.9693669 , -0.98751634],
        [-0.00247451, -0.00625303,  0.        , ..., -0.92332763,
         -0.9708838 , -0.98651208],
        ...,
        [ 0.92237456,  0.92090833,  0.92332763, ...,  0.        ,
         -0.15164815, -0.52997171],
        [ 0.97028806,  0.9693669 ,  0.9708838 , ...,  0.15164815,
          0.        , -0.39524238],
        [ 0.9869141 ,  0.98751634,  0.98651208, ...,  0.52997171,
          0.39524238,  0.        ]]]), 'num': array([ 9.60116939e-01,  2.79389264e-01,  1.34265814e-04,  6.22237363e-05,
        6.41874045e-05,  5.76827535e-05,  1.08186704e-02, -9.81834103e-07,
        6.22728280e-05,  7.42266582e-05,  9.57574618e-05,  2.89548931e-07,
        9.44359012e-05,  5.40174151e-05])}
{'img': array([[[ 0.        , -0.00670308,  0.0033459 , ..., -0.81253533,
         -0.80631873, -0.8606452 ],
        [ 0.00670308,  0.        ,  0.01004887, ..., -0.80860977,
         -0.80233587, -0.85721262],
        [-0.0033459 , -0.01004887,  0.        , ..., -0.81448115,
         -0.80829325, -0.86234413],
        ...,
        [ 0.81253533,  0.80860977,  0.81448115, ...,  0.        ,
          0.01058662, -0.08793322],
        [ 0.80631873,  0.80233587,  0.80829325, ..., -0.01058662,
          0.        , -0.09847391],
        [ 0.8606452 ,  0.85721262,  0.86234413, ...,  0.08793322,
          0.09847391,  0.        ]],

       [[ 0.        , -0.31868474, -0.68308596, ..., -0.31670352,
         -0.43492273, -0.12003954],
        [ 0.31868474,  0.        , -0.41472281, ...,  0.00208947,
         -0.12528086,  0.20259959],
        [ 0.68308596,  0.41472281,  0.        , ...,  0.41662322,
          0.2974563 ,  0.5904772 ],
        ...,
        [ 0.31670352, -0.00208947, -0.41662322, ...,  0.        ,
         -0.12735359,  0.20055301],
        [ 0.43492273,  0.12528086, -0.2974563 , ...,  0.12735359,
          0.        ,  0.32368611],
        [ 0.12003954, -0.20259959, -0.5904772 , ..., -0.20055301,
         -0.32368611,  0.        ]],

       [[ 0.        , -0.02603568, -0.06530924, ..., -0.87206903,
         -0.90054568, -0.98570787],
        [ 0.02603568,  0.        , -0.039307  , ..., -0.85903199,
         -0.8889211 , -0.98098767],
        [ 0.06530924,  0.039307  ,  0.        , ..., -0.838246  ,
         -0.87022914, -0.97260123],
        ...,
        [ 0.87206903,  0.85903199,  0.838246  , ...,  0.        ,
         -0.06156968, -0.33547666],
        [ 0.90054568,  0.8889211 ,  0.87022914, ...,  0.06156968,
          0.        , -0.27683857],
        [ 0.98570787,  0.98098767,  0.97260123, ...,  0.33547666,
          0.27683857,  0.        ]],

       ...,

       [[ 0.        ,  0.09263228,  0.46618135, ..., -0.85927227,
         -0.96585777, -0.90139401],
        [-0.09263228,  0.        ,  0.38222617, ..., -0.90296086,
         -0.98570347, -0.93762813],
        [-0.46618135, -0.38222617,  0.        , ..., -0.99864926,
         -0.97525887, -0.99930997],
        ...,
        [ 0.85927227,  0.90296086,  0.99864926, ...,  0.        ,
         -0.27143996, -0.08901497],
        [ 0.96585777,  0.98570347,  0.97525887, ...,  0.27143996,
          0.        ,  0.18468948],
        [ 0.90139401,  0.93762813,  0.99930997, ...,  0.08901497,
         -0.18468948,  0.        ]],

       [[ 0.        ,  0.00311115, -0.05943838, ..., -0.2453207 ,
         -0.29223441, -0.53006017],
        [-0.00311115,  0.        , -0.06254374, ..., -0.24833558,
         -0.29520833, -0.53269574],
        [ 0.05943838,  0.06254374,  0.        , ..., -0.1872649 ,
         -0.23487403, -0.47872164],
        ...,
        [ 0.2453207 ,  0.24833558,  0.1872649 , ...,  0.        ,
         -0.04869266, -0.30584044],
        [ 0.29223441,  0.29520833,  0.23487403, ...,  0.04869266,
          0.        , -0.25911821],
        [ 0.53006017,  0.53269574,  0.47872164, ...,  0.30584044,
          0.25911821,  0.        ]],

       [[ 0.        ,  0.00606316,  0.01233576, ..., -0.93388569,
         -0.98181183, -0.98226264],
        [-0.00606316,  0.        ,  0.00627284, ..., -0.93603654,
         -0.98294491, -0.98110768],
        [-0.01233576, -0.00627284,  0.        , ..., -0.93822556,
         -0.98407915, -0.97987482],
        ...,
        [ 0.93388569,  0.93603654,  0.93822556, ...,  0.        ,
         -0.17376374, -0.52634246],
        [ 0.98181183,  0.98294491,  0.98407915, ...,  0.17376374,
          0.        , -0.37058885],
        [ 0.98226264,  0.98110768,  0.97987482, ...,  0.52634246,
          0.37058885,  0.        ]]]), 'num': array([9.67153818e-01, 2.48126158e-01, 1.19241735e-04, 6.57246490e-05,
       6.85585476e-05, 5.83129141e-05, 5.51982960e-02, 1.04636257e-05,
       5.75281422e-05, 6.55720544e-05, 8.48389319e-05, 4.35038668e-07,
       8.32484398e-05, 4.78956691e-05])}
{'img': array([[[ 0.        ,  0.01004887,  0.09898084, ..., -0.80233587,
         -0.85721262, -0.39725672],
        [-0.01004887,  0.        ,  0.08897632, ..., -0.80829325,
         -0.86234413, -0.40645858],
        [-0.09898084, -0.08897632,  0.        , ..., -0.85747484,
         -0.90397457, -0.48614138],
        ...,
        [ 0.80233587,  0.80829325,  0.85747484, ...,  0.        ,
         -0.09847391,  0.49919793],
        [ 0.85721262,  0.86234413,  0.90397457, ...,  0.09847391,
          0.        ,  0.5820981 ],
        [ 0.39725672,  0.40645858,  0.48614138, ..., -0.49919793,
         -0.5820981 ,  0.        ]],

       [[ 0.        , -0.41472281,  0.0425552 , ..., -0.12528086,
          0.20259959,  0.87742285],
        [ 0.41472281,  0.        ,  0.45307013, ...,  0.2974563 ,
          0.5904772 ,  0.59945908],
        [-0.0425552 , -0.45307013,  0.        , ..., -0.16738729,
          0.16074338,  0.89704249],
        ...,
        [ 0.12528086, -0.2974563 ,  0.16738729, ...,  0.        ,
          0.32368611,  0.81041045],
        [-0.20259959, -0.5904772 , -0.16074338, ..., -0.32368611,
          0.        ,  0.95641718],
        [-0.87742285, -0.59945908, -0.89704249, ..., -0.81041045,
         -0.95641718,  0.        ]],

       [[ 0.        , -0.039307  , -0.06150997, ..., -0.8889211 ,
         -0.98098767, -0.84285422],
        [ 0.039307  ,  0.        , -0.02222986, ..., -0.87022914,
         -0.97260123, -0.8210501 ],
        [ 0.06150997,  0.02222986,  0.        , ..., -0.85906262,
         -0.96719289, -0.80815715],
        ...,
        [ 0.8889211 ,  0.87022914,  0.85906262, ...,  0.        ,
         -0.27683857,  0.09228764],
        [ 0.98098767,  0.97260123,  0.96719289, ...,  0.27683857,
          0.        ,  0.36433784],
        [ 0.84285422,  0.8210501 ,  0.80815715, ..., -0.09228764,
         -0.36433784,  0.        ]],

       ...,

       [[ 0.        ,  0.38222617,  0.43376776, ..., -0.98570347,
         -0.93762813, -0.45795625],
        [-0.38222617,  0.        ,  0.05643603, ..., -0.97525887,
         -0.99930997, -0.7629725 ],
        [-0.43376776, -0.05643603,  0.        , ..., -0.96122844,
         -0.99562109, -0.79823848],
        ...,
        [ 0.98570347,  0.97525887,  0.96122844, ...,  0.        ,
          0.18468948,  0.79910472],
        [ 0.93762813,  0.99930997,  0.99562109, ..., -0.18468948,
          0.        ,  0.67432385],
        [ 0.45795625,  0.7629725 ,  0.79823848, ..., -0.79910472,
         -0.67432385,  0.        ]],

       [[ 0.        , -0.05704202, -0.08008474, ..., -0.25351911,
         -0.36447298, -0.57086859],
        [ 0.05704202,  0.        , -0.02309554, ..., -0.19792784,
         -0.31076121, -0.52310522],
        [ 0.08008474,  0.02309554,  0.        , ..., -0.17523641,
         -0.28872628, -0.5032821 ],
        ...,
        [ 0.25351911,  0.19792784,  0.17523641, ...,  0.        ,
         -0.11648525, -0.34406883],
        [ 0.36447298,  0.31076121,  0.28872628, ...,  0.11648525,
          0.        , -0.23235338],
        [ 0.57086859,  0.52310522,  0.5032821 , ...,  0.34406883,
          0.23235338,  0.        ]],

       [[ 0.        ,  0.00626136,  0.01108938, ..., -0.98116382,
         -0.994718  , -0.98075746],
        [-0.00626136,  0.        ,  0.00482819, ..., -0.98235414,
         -0.9940558 , -0.97951583],
        [-0.01108938, -0.00482819,  0.        , ..., -0.98324571,
         -0.99351856, -0.97853218],
        ...,
        [ 0.98116382,  0.98235414,  0.98324571, ...,  0.        ,
         -0.29286921, -0.38101302],
        [ 0.994718  ,  0.9940558 ,  0.99351856, ...,  0.29286921,
          0.        , -0.09352858],
        [ 0.98075746,  0.97951583,  0.97853218, ...,  0.38101302,
          0.09352858,  0.        ]]]), 'num': array([ 9.64199062e-01,  2.64662316e-01,  1.27188499e-04,  6.39430298e-05,
        6.85934319e-05,  6.32454694e-05,  1.65520834e-02, -6.16178287e-06,
        6.25246571e-05,  6.90526592e-05,  9.01771110e-05,  4.58069592e-07,
        8.72660462e-05,  5.08392721e-05])}
{'img': array([[[ 0.        ,  0.08897632,  0.13411522, ..., -0.86234413,
         -0.40645858, -0.62873368],
        [-0.08897632,  0.        ,  0.0454108 , ..., -0.90397457,
         -0.48614138, -0.69542978],
        [-0.13411522, -0.0454108 ,  0.        , ..., -0.92245906,
         -0.52532348, -0.72734431],
        ...,
        [ 0.86234413,  0.90397457,  0.92245906, ...,  0.        ,
          0.5820981 ,  0.35223457],
        [ 0.40645858,  0.48614138,  0.52532348, ..., -0.5820981 ,
          0.        , -0.25838399],
        [ 0.62873368,  0.69542978,  0.72734431, ..., -0.35223457,
          0.25838399,  0.        ]],

       [[ 0.        ,  0.45307013,  0.29050418, ...,  0.5904772 ,
          0.59945908,  0.80098786],
        [-0.45307013,  0.        , -0.17455373, ...,  0.16074338,
          0.89704249,  0.44281625],
        [-0.29050418,  0.17455373,  0.        , ...,  0.33055947,
          0.80612775,  0.59252502],
        ...,
        [-0.5904772 , -0.16074338, -0.33055947, ...,  0.        ,
          0.95641718,  0.29293347],
        [-0.59945908, -0.89704249, -0.80612775, ..., -0.95641718,
          0.        , -0.99999953],
        [-0.80098786, -0.44281625, -0.59252502, ..., -0.29293347,
          0.99999953,  0.        ]],

       [[ 0.        , -0.02222986, -0.02222986, ..., -0.97260123,
         -0.8210501 , -0.77048983],
        [ 0.02222986,  0.        ,  0.        , ..., -0.96719289,
         -0.80815715, -0.75612895],
        [ 0.02222986,  0.        ,  0.        , ..., -0.96719289,
         -0.80815715, -0.75612895],
        ...,
        [ 0.97260123,  0.96719289,  0.96719289, ...,  0.        ,
          0.36433784,  0.44086358],
        [ 0.8210501 ,  0.80815715,  0.80815715, ..., -0.36433784,
          0.        ,  0.08354141],
        [ 0.77048983,  0.75612895,  0.75612895, ..., -0.44086358,
         -0.08354141,  0.        ]],

       ...,

       [[ 0.        ,  0.05643603, -0.06964183, ..., -0.99930997,
         -0.7629725 , -0.77468293],
        [-0.05643603,  0.        , -0.12582984, ..., -0.99562109,
         -0.79823848, -0.80913557],
        [ 0.06964183,  0.12582984,  0.        , ..., -0.9994704 ,
         -0.71610141, -0.72876405],
        ...,
        [ 0.99930997,  0.99562109,  0.9994704 , ...,  0.        ,
          0.67432385,  0.66068745],
        [ 0.7629725 ,  0.79823848,  0.71610141, ..., -0.67432385,
          0.        , -0.01831347],
        [ 0.77468293,  0.80913557,  0.72876405, ..., -0.66068745,
          0.01831347,  0.        ]],

       [[ 0.        , -0.01920175, -0.00467805, ..., -0.22667791,
         -0.29449176, -0.6060387 ],
        [ 0.01920175,  0.        ,  0.01452435, ..., -0.2079342 ,
         -0.27608724, -0.59065322],
        [ 0.00467805, -0.01452435,  0.        , ..., -0.22211916,
         -0.29001795, -0.60231098],
        ...,
        [ 0.22667791,  0.2079342 ,  0.22211916, ...,  0.        ,
         -0.07020042, -0.40995579],
        [ 0.29449176,  0.27608724,  0.29001795, ...,  0.07020042,
          0.        , -0.34491421],
        [ 0.6060387 ,  0.59065322,  0.60231098, ...,  0.40995579,
          0.34491421,  0.        ]],

       [[ 0.        ,  0.00480193,  0.00129473, ..., -0.99978157,
         -0.99894403, -0.97842447],
        [-0.00480193,  0.        , -0.00350722, ..., -0.99966968,
         -0.9987119 , -0.97742109],
        [-0.00129473,  0.00350722,  0.        , ..., -0.99975367,
         -0.99888371, -0.97815616],
        ...,
        [ 0.99978157,  0.99966968,  0.99975367, ...,  0.        ,
         -0.02505561, -0.18611055],
        [ 0.99894403,  0.9987119 ,  0.99888371, ...,  0.02505561,
          0.        , -0.16143427],
        [ 0.97842447,  0.97742109,  0.97815616, ...,  0.18611055,
          0.16143427,  0.        ]]]), 'num': array([9.93264223e-01, 1.14452057e-01, 1.53638491e-04, 6.61756150e-05,
       6.92992891e-05, 6.09694914e-05, 1.80789003e-02, 2.54521596e-06,
       6.35609840e-05, 6.81770802e-05, 8.94585564e-05, 5.07073973e-07,
       8.59284301e-05, 5.04257304e-05])}
{'img': array([[[ 0.        ,  0.0454108 ,  0.07755514, ..., -0.48614138,
         -0.69542978, -0.60556301],
        [-0.0454108 ,  0.        ,  0.0322011 , ..., -0.52532348,
         -0.72734431, -0.64107611],
        [-0.07755514, -0.0322011 ,  0.        , ..., -0.55245106,
         -0.74906586, -0.66545727],
        ...,
        [ 0.48614138,  0.52532348,  0.55245106, ...,  0.        ,
         -0.25838399, -0.14231948],
        [ 0.69542978,  0.72734431,  0.74906586, ...,  0.25838399,
          0.        ,  0.1182672 ],
        [ 0.60556301,  0.64107611,  0.66545727, ...,  0.14231948,
         -0.1182672 ,  0.        ]],

       [[ 0.        , -0.22988254, -0.17798226, ...,  0.86951487,
          0.47371849,  0.53194901],
        [ 0.22988254,  0.        ,  0.05299656, ...,  0.73268731,
          0.66348366,  0.71236166],
        [ 0.17798226, -0.05299656,  0.        , ...,  0.76772529,
          0.62289972,  0.67416692],
        ...,
        [-0.86951487, -0.73268731, -0.76772529, ...,  0.        ,
         -0.99973393, -0.99901787],
        [-0.47371849, -0.66348366, -0.62289972, ...,  0.99973393,
          0.        ,  0.06734126],
        [-0.53194901, -0.71236166, -0.67416692, ...,  0.99901787,
         -0.06734126,  0.        ]],

       [[ 0.        ,  0.        ,  0.03605819, ..., -0.80815715,
         -0.75612895, -0.7000452 ],
        [ 0.        ,  0.        ,  0.03605819, ..., -0.80815715,
         -0.75612895, -0.7000452 ],
        [-0.03605819, -0.03605819,  0.        , ..., -0.82886868,
         -0.77923453, -0.72533906],
        ...,
        [ 0.80815715,  0.80815715,  0.82886868, ...,  0.        ,
          0.08354141,  0.16480038],
        [ 0.75612895,  0.75612895,  0.77923453, ..., -0.08354141,
          0.        ,  0.08182514],
        [ 0.7000452 ,  0.7000452 ,  0.72533906, ..., -0.16480038,
         -0.08182514,  0.        ]],

       ...,

       [[ 0.        , -0.12582984, -0.14642319, ..., -0.79823848,
         -0.80913557, -0.70883862],
        [ 0.12582984,  0.        , -0.02078574, ..., -0.71610141,
         -0.72876405, -0.61444797],
        [ 0.14642319,  0.02078574,  0.        , ..., -0.70143833,
         -0.71437326, -0.59791616],
        ...,
        [ 0.79823848,  0.71610141,  0.70143833, ...,  0.        ,
         -0.01831347,  0.13609108],
        [ 0.80913557,  0.72876405,  0.71437326, ...,  0.01831347,
          0.        ,  0.15421134],
        [ 0.70883862,  0.61444797,  0.59791616, ..., -0.13609108,
         -0.15421134,  0.        ]],

       [[ 0.        ,  0.01333706,  0.0314195 , ..., -0.24024598,
         -0.40390759, -0.63274492],
        [-0.01333706,  0.        ,  0.01808624, ..., -0.25317105,
         -0.4160724 , -0.64301633],
        [-0.0314195 , -0.01808624,  0.        , ..., -0.27062666,
         -0.43245073, -0.65676254],
        ...,
        [ 0.24024598,  0.25317105,  0.27062666, ...,  0.        ,
         -0.17230099, -0.42817616],
        [ 0.40390759,  0.4160724 ,  0.43245073, ...,  0.17230099,
          0.        , -0.26606492],
        [ 0.63274492,  0.64301633,  0.65676254, ...,  0.42817616,
          0.26606492,  0.        ]],

       [[ 0.        , -0.00349459, -0.00954402, ..., -0.999973  ,
         -0.99644997, -0.97667159],
        [ 0.00349459,  0.        , -0.00604953, ..., -0.99999257,
         -0.99673809, -0.97741605],
        [ 0.00954402,  0.00604953,  0.        , ..., -0.99999759,
         -0.99720807, -0.97867657],
        ...,
        [ 0.999973  ,  0.99999257,  0.99999759, ...,  0.        ,
         -0.07686241, -0.2075557 ],
        [ 0.99644997,  0.99673809,  0.99720807, ...,  0.07686241,
          0.        , -0.1317531 ],
        [ 0.97667159,  0.97741605,  0.97867657, ...,  0.2075557 ,
          0.1317531 ,  0.        ]]]), 'num': array([9.99832718e-01, 1.62850750e-02, 1.71349764e-04, 6.66179655e-05,
       6.78946164e-05, 6.46449595e-05, 8.32251047e-03, 2.32118347e-07,
       6.51324081e-05, 6.74942123e-05, 8.94158558e-05, 5.62711143e-07,
       8.36786172e-05, 5.13098073e-05])}
{'img': array([[[ 0.        ,  0.0322011 ,  0.19659344, ..., -0.72734431,
         -0.64107611, -0.6334324 ],
        [-0.0322011 ,  0.        ,  0.16491878, ..., -0.74906586,
         -0.66545727, -0.65802106],
        [-0.19659344, -0.16491878,  0.        , ..., -0.84806697,
         -0.77944657, -0.77319464],
        ...,
        [ 0.72734431,  0.74906586,  0.84806697, ...,  0.        ,
          0.1182672 ,  0.12811021],
        [ 0.64107611,  0.66545727,  0.77944657, ..., -0.1182672 ,
          0.        ,  0.00991844],
        [ 0.6334324 ,  0.65802106,  0.77319464, ..., -0.12811021,
         -0.00991844,  0.        ]],

       [[ 0.        ,  0.05299656,  0.99957684, ...,  0.66348366,
          0.71236166,  0.27958534],
        [-0.05299656,  0.        ,  0.99971372, ...,  0.62289972,
          0.67416692,  0.22830934],
        [-0.99957684, -0.99971372,  0.        , ..., -0.76717396,
         -0.72223716, -0.9678473 ],
        ...,
        [-0.66348366, -0.62289972,  0.76717396, ...,  0.        ,
          0.06734126, -0.42784131],
        [-0.71236166, -0.67416692,  0.72223716, ..., -0.06734126,
          0.        , -0.48773677],
        [-0.27958534, -0.22830934,  0.9678473 , ...,  0.42784131,
          0.48773677,  0.        ]],

       [[ 0.        ,  0.03605819,  0.10852896, ..., -0.75612895,
         -0.7000452 , -0.64600787],
        [-0.03605819,  0.        ,  0.07261318, ..., -0.77923453,
         -0.72533906, -0.6731121 ],
        [-0.10852896, -0.07261318,  0.        , ..., -0.82268653,
         -0.77341061, -0.72503559],
        ...,
        [ 0.75612895,  0.77923453,  0.82268653, ...,  0.        ,
          0.08182514,  0.15441429],
        [ 0.7000452 ,  0.72533906,  0.77341061, ..., -0.08182514,
          0.        ,  0.07305275],
        [ 0.64600787,  0.6731121 ,  0.72503559, ..., -0.15441429,
         -0.07305275,  0.        ]],

       ...,

       [[ 0.        , -0.02078574,  0.2216194 , ..., -0.72876405,
         -0.61444797, -0.48309801],
        [ 0.02078574,  0.        ,  0.24184038, ..., -0.71437326,
         -0.59791616, -0.46479435],
        [-0.2216194 , -0.24184038,  0.        , ..., -0.86239923,
         -0.7740169 , -0.6651274 ],
        ...,
        [ 0.72876405,  0.71437326,  0.86239923, ...,  0.        ,
          0.15421134,  0.30727267],
        [ 0.61444797,  0.59791616,  0.7740169 , ..., -0.15421134,
          0.        ,  0.1568462 ],
        [ 0.48309801,  0.46479435,  0.6651274 , ..., -0.30727267,
         -0.1568462 ,  0.        ]],

       [[ 0.        ,  0.01520645,  0.1121953 , ..., -0.3014984 ,
         -0.37199804, -0.73120343],
        [-0.01520645,  0.        ,  0.09707189, ..., -0.31596239,
         -0.38607016, -0.74149211],
        [-0.1121953 , -0.09707189,  0.        , ..., -0.40656928,
         -0.47379274, -0.80312183],
        ...,
        [ 0.3014984 ,  0.31596239,  0.40656928, ...,  0.        ,
         -0.07482681, -0.49150812],
        [ 0.37199804,  0.38607016,  0.47379274, ...,  0.07482681,
          0.        , -0.42496555],
        [ 0.73120343,  0.74149211,  0.80312183, ...,  0.49150812,
          0.42496555,  0.        ]],

       [[ 0.        , -0.00604953, -0.04357777, ..., -0.99673809,
         -0.97741605, -0.9979461 ],
        [ 0.00604953,  0.        , -0.03753319, ..., -0.99720807,
         -0.97867657, -0.99754031],
        [ 0.04357777,  0.03753319,  0.        , ..., -0.99930814,
         -0.98569657, -0.99420653],
        ...,
        [ 0.99673809,  0.99720807,  0.99930814, ...,  0.        ,
         -0.1317531 ,  0.14438878],
        [ 0.97741605,  0.97867657,  0.98569657, ...,  0.1317531 ,
          0.        ,  0.27350255],
        [ 0.9979461 ,  0.99754031,  0.99420653, ..., -0.14438878,
         -0.27350255,  0.        ]]]), 'num': array([ 9.99967018e-01,  6.74167196e-03,  1.76103785e-04,  6.66191794e-05,
        6.83909661e-05,  6.55561074e-05,  4.52132795e-03, -1.18119112e-06,
        6.76350038e-05,  6.75995680e-05,  9.06229517e-05,  6.09647032e-07,
        8.13530361e-05,  5.38461000e-05])}
{'img': array([[[ 0.        ,  0.16491878,  0.35910864, ..., -0.66545727,
         -0.65802106, -0.6954499 ],
        [-0.16491878,  0.        ,  0.20027342, ..., -0.77944657,
         -0.77319464, -0.80443365],
        [-0.35910864, -0.20027342,  0.        , ..., -0.88912005,
         -0.8845369 , -0.90710679],
        ...,
        [ 0.66545727,  0.77944657,  0.88912005, ...,  0.        ,
          0.00991844, -0.04092811],
        [ 0.65802106,  0.77319464,  0.8845369 , ..., -0.00991844,
          0.        , -0.05083623],
        [ 0.6954499 ,  0.80443365,  0.90710679, ...,  0.04092811,
          0.05083623,  0.        ]],

       [[ 0.        ,  0.99393598,  0.99001841, ...,  0.61939382,
          0.18664023, -0.31924166],
        [-0.99393598,  0.        , -0.03122067, ..., -0.71221094,
         -0.95594784, -0.97703055],
        [-0.99001841,  0.03122067,  0.        , ..., -0.68994792,
         -0.94631742, -0.98320736],
        ...,
        [-0.61939382,  0.71221094,  0.68994792, ...,  0.        ,
         -0.46198245, -0.8376134 ],
        [-0.18664023,  0.95594784,  0.94631742, ...,  0.46198245,
          0.        , -0.49050602],
        [ 0.31924166,  0.97703055,  0.98320736, ...,  0.8376134 ,
          0.49050602,  0.        ]],

       [[ 0.        ,  0.07261318,  0.18401569, ..., -0.72533906,
         -0.6731121 , -0.62442146],
        [-0.07261318,  0.        ,  0.11215673, ..., -0.77341061,
         -0.72503559, -0.67949035],
        [-0.18401569, -0.11215673,  0.        , ..., -0.83962755,
         -0.79770461, -0.75749077],
        ...,
        [ 0.72533906,  0.77341061,  0.83962755, ...,  0.        ,
          0.07305275,  0.13670674],
        [ 0.6731121 ,  0.72503559,  0.79770461, ..., -0.07305275,
          0.        ,  0.06397458],
        [ 0.62442146,  0.67949035,  0.75749077, ..., -0.13670674,
         -0.06397458,  0.        ]],

       ...,

       [[ 0.        ,  0.24184038,  0.90707054, ..., -0.59791616,
         -0.46479435, -0.36951783],
        [-0.24184038,  0.        ,  0.77833546, ..., -0.7740169 ,
         -0.6651274 , -0.58327288],
        [-0.90707054, -0.77833546,  0.        , ..., -0.97878018,
         -0.99880569, -0.99843051],
        ...,
        [ 0.59791616,  0.7740169 ,  0.97878018, ...,  0.        ,
          0.1568462 ,  0.25940762],
        [ 0.46479435,  0.6651274 ,  0.99880569, ..., -0.1568462 ,
          0.        ,  0.10471991],
        [ 0.36951783,  0.58327288,  0.99843051, ..., -0.25940762,
         -0.10471991,  0.        ]],

       [[ 0.        ,  0.08250959,  0.22449213, ..., -0.29446323,
         -0.440825  , -0.82771794],
        [-0.08250959,  0.        ,  0.14332306, ..., -0.37231055,
         -0.51338195, -0.87119544],
        [-0.22449213, -0.14332306,  0.        , ..., -0.50148611,
         -0.63107592, -0.93256369],
        ...,
        [ 0.29446323,  0.37231055,  0.50148611, ...,  0.        ,
         -0.1569719 , -0.62578287],
        [ 0.440825  ,  0.51338195,  0.63107592, ...,  0.1569719 ,
          0.        , -0.49558742],
        [ 0.82771794,  0.87119544,  0.93256369, ...,  0.62578287,
          0.49558742,  0.        ]],

       [[ 0.        , -0.03753319, -0.11372058, ..., -0.97867657,
         -0.99754031, -0.95744198],
        [ 0.03753319,  0.        , -0.07635075, ..., -0.98569657,
         -0.99420653, -0.9459343 ],
        [ 0.11372058,  0.07635075,  0.        , ..., -0.99568671,
         -0.98309778, -0.91840815],
        ...,
        [ 0.97867657,  0.98569657,  0.99568671, ...,  0.        ,
          0.27350255,  0.4791369 ],
        [ 0.99754031,  0.99420653,  0.98309778, ..., -0.27350255,
          0.        ,  0.22080384],
        [ 0.95744198,  0.9459343 ,  0.91840815, ..., -0.4791369 ,
         -0.22080384,  0.        ]]]), 'num': array([9.99963135e-01, 6.56813880e-03, 1.71570807e-04, 6.66305569e-05,
       6.70908717e-05, 6.43289833e-05, 5.52453626e-03, 1.72618023e-06,
