state_0,state_1,state_2,state_3,state_4,state_5,state_6,state_7,state_8,state_9,state_10,state_11,state_12,state_13,state_14,state_15,state_16,state_17,state_18,state_19,state_20,state_21,state_22,state_23,state_24,state_25,state_26,state_27,state_28,state_29,state_30,state_31,state_32,state_33,state_34,state_35,state_36,state_37,state_38,state_39,state_40,state_41,state_42,state_43,state_44,state_45,state_46,state_47,state_48,state_49,state_50,state_51,state_52,state_53,state_54,state_55,state_56,state_57,state_58,state_59,state_60,state_61,state_62,state_63,state_64,state_65,state_66,state_67,state_68,state_69,state_70,state_71,state_72,state_73,state_74,state_75,state_76,state_77,state_78,state_79,state_80,state_81,state_82,state_83,state_84,state_85,state_86,state_87,state_88,state_89,state_90,state_91,state_92,state_93,state_94,state_95,state_96,state_97,state_98,state_99,state_100,state_101,state_102,state_103,state_104,state_105,state_106,state_107,state_108,state_109,state_110,state_111,state_112,state_113,state_114,state_115,state_116,state_117,state_118,state_119,state_120,state_121,state_122,state_123,state_124,state_125,state_126,state_127,state_128,state_129,state_130,state_131,state_132,state_133,state_134,state_135,state_136,state_137,state_138,state_139,state_140,state_141,state_142,state_143,state_144,state_145,state_146,state_147,state_148,state_149,state_150,state_151,state_152,state_153,state_154,state_155,state_156,state_157,state_158,state_159,state_160,state_161,state_162,state_163,state_164,state_165,state_166,state_167,state_168,state_169,state_170,state_171,state_172,state_173,state_174,state_175,state_176,state_177,state_178,state_179,state_180,state_181,state_182,state_183,state_184,state_185,state_186,state_187,state_188,state_189,state_190,state_191,state_192,state_193,state_194,state_195,state_196,state_197,state_198,state_199,state_200,state_201,state_202,state_203,state_204,state_205,state_206,state_207,state_208,state_209,state_210,state_211,state_212,state_213,state_214,state_215,state_216,state_217,state_218,state_219,state_220,state_221,state_222,state_223,state_224,state_225,state_226,state_227,state_228,state_229,state_230,state_231,state_232,state_233,state_234,state_235,state_236,state_237,state_238,state_239,state_240,state_241,state_242,state_243,state_244,state_245,state_246,state_247,state_248,state_249,state_250,state_251,state_252,state_253,state_254,state_255,state_256,state_257,state_258,state_259,state_260,state_261,state_262,state_263,state_264,state_265,state_266,state_267,state_268,state_269,state_270,state_271,state_272,state_273,state_274,state_275,state_276,state_277,state_278,state_279,state_280,state_281,state_282,state_283,state_284,state_285,state_286,state_287
{'img': array([[[ 0.        ,  0.07135777, -0.02461559, ...,  0.47483086,
          0.66907996,  0.45713966],
        [-0.07135777,  0.        , -0.09588898, ...,  0.41082008,
          0.61434192,  0.39250907],
        [ 0.02461559,  0.09588898,  0.        , ...,  0.49635059,
          0.68717129,  0.47889412],
        ...,
        [-0.47483086, -0.41082008, -0.49635059, ...,  0.        ,
          0.23595218, -0.01999402],
        [-0.66907996, -0.61434192, -0.68717129, ..., -0.23595218,
          0.        , -0.2553345 ],
        [-0.45713966, -0.39250907, -0.47889412, ...,  0.01999402,
          0.2553345 ,  0.        ]],

       [[ 0.        , -0.096906  , -0.03958269, ...,  0.36958492,
          0.56652805,  0.3635325 ],
        [ 0.096906  ,  0.        ,  0.05743366, ...,  0.45789024,
          0.64371637,  0.45209738],
        [ 0.03958269, -0.05743366,  0.        , ...,  0.40607538,
          0.59870188,  0.4001221 ],
        ...,
        [-0.36958492, -0.45789024, -0.40607538, ...,  0.        ,
          0.22186249, -0.00650518],
        [-0.56652805, -0.64371637, -0.59870188, ..., -0.22186249,
          0.        , -0.22820085],
        [-0.3635325 , -0.45209738, -0.4001221 , ...,  0.00650518,
          0.22820085,  0.        ]],

       [[ 0.        , -0.03359754, -0.08513331, ..., -0.28825739,
          0.00554338,  0.19044759],
        [ 0.03359754,  0.        , -0.05160968, ..., -0.25592323,
          0.03913728,  0.22332268],
        [ 0.08513331,  0.05160968,  0.        , ..., -0.20569124,
          0.09065526,  0.27333132],
        ...,
        [ 0.28825739,  0.25592323,  0.20569124, ...,  0.        ,
          0.29356105,  0.46534517],
        [-0.00554338, -0.03913728, -0.09065526, ..., -0.29356105,
          0.        ,  0.18500273],
        [-0.19044759, -0.22332268, -0.27333132, ..., -0.46534517,
         -0.18500273,  0.        ]],

       ...,

       [[ 0.        ,  0.28027682,  0.34719536, ...,  0.25469583,
          0.38394944,  0.32810913],
        [-0.28027682,  0.        ,  0.0704379 , ..., -0.02654621,
          0.10976569,  0.05019761],
        [-0.34719536, -0.0704379 ,  0.        , ..., -0.09689336,
          0.03948077, -0.02027618],
        ...,
        [-0.25469583,  0.02654621,  0.09689336, ...,  0.        ,
          0.13611281,  0.07669266],
        [-0.38394944, -0.10976569, -0.03948077, ..., -0.13611281,
          0.        , -0.05973302],
        [-0.32810913, -0.05019761,  0.02027618, ..., -0.07669266,
          0.05973302,  0.        ]],

       [[ 0.        , -0.0391356 , -0.06805372, ...,  0.54370165,
          0.56715309,  0.5853161 ],
        [ 0.0391356 ,  0.        , -0.02895671, ...,  0.57613079,
          0.59895117,  0.61659904],
        [ 0.06805372,  0.02895671,  0.        , ...,  0.59955719,
          0.62188813,  0.63913745],
        ...,
        [-0.54370165, -0.57613079, -0.59955719, ...,  0.        ,
          0.02820002,  0.05040714],
        [-0.56715309, -0.59895117, -0.62188813, ..., -0.02820002,
          0.        ,  0.02222292],
        [-0.5853161 , -0.61659904, -0.63913745, ..., -0.05040714,
         -0.02222292,  0.        ]],

       [[ 0.        , -0.04651404, -0.12757023, ..., -0.8023727 ,
         -0.81083115, -0.796942  ],
        [ 0.04651404,  0.        , -0.08129816, ..., -0.77374358,
         -0.78272979, -0.76798234],
        [ 0.12757023,  0.08129816,  0.        , ..., -0.71968006,
         -0.72954196, -0.71337108],
        ...,
        [ 0.8023727 ,  0.77374358,  0.71968006, ...,  0.        ,
         -0.01431012,  0.00904435],
        [ 0.81083115,  0.78272979,  0.72954196, ...,  0.01431012,
          0.        ,  0.02335296],
        [ 0.796942  ,  0.76798234,  0.71337108, ..., -0.00904435,
         -0.02335296,  0.        ]]]), 'num': array([9.56119870e-01, 9.22295271e-02, 4.27668487e-05, 6.69682436e-03,
       6.74655326e-03, 6.59736658e-03, 2.77455401e-01, 8.28814896e-05,
       6.62720391e-03, 6.50536812e-03, 6.44127310e-03, 1.50693618e-05,
       7.11464348e-03, 5.89609277e-03])}
{'img': array([[[ 0.        , -0.09588898,  0.02309765, ...,  0.61434192,
          0.39250907,  0.48196774],
        [ 0.09588898,  0.        ,  0.11885461, ...,  0.68717129,
          0.47889412,  0.56376371],
        [-0.02309765, -0.11885461,  0.        , ...,  0.59595306,
          0.37116034,  0.46160125],
        ...,
        [-0.61434192, -0.68717129, -0.59595306, ...,  0.        ,
         -0.2553345 , -0.15798782],
        [-0.39250907, -0.47889412, -0.37116034, ...,  0.2553345 ,
          0.        ,  0.0993768 ],
        [-0.48196774, -0.56376371, -0.46160125, ...,  0.15798782,
         -0.0993768 ,  0.        ]],

       [[ 0.        ,  0.05743366,  0.00499794, ...,  0.64371637,
          0.45209738,  0.2456066 ],
        [-0.05743366,  0.        , -0.05244325, ...,  0.59870188,
          0.4001221 ,  0.18952674],
        [-0.00499794,  0.05244325,  0.        , ...,  0.63988358,
          0.44763373,  0.24075868],
        ...,
        [-0.64371637, -0.59870188, -0.63988358, ...,  0.        ,
         -0.22820085, -0.43604514],
        [-0.45209738, -0.4001221 , -0.44763373, ...,  0.22820085,
          0.        , -0.21917608],
        [-0.2456066 , -0.18952674, -0.24075868, ...,  0.43604514,
          0.21917608,  0.        ]],

       [[ 0.        , -0.05160968, -0.11685345, ...,  0.03913728,
          0.22332268,  0.38632725],
        [ 0.05160968,  0.        , -0.06544161, ...,  0.09065526,
          0.27333132,  0.4334152 ],
        [ 0.11685345,  0.06544161,  0.        , ...,  0.15563308,
          0.335695  ,  0.49146175],
        ...,
        [-0.03913728, -0.09065526, -0.15563308, ...,  0.        ,
          0.18500273,  0.34993254],
        [-0.22332268, -0.27333132, -0.335695  , ..., -0.18500273,
          0.        ,  0.17058609],
        [-0.38632725, -0.4334152 , -0.49146175, ..., -0.34993254,
         -0.17058609,  0.        ]],

       ...,

       [[ 0.        ,  0.0704379 ,  0.17877519, ...,  0.10976569,
          0.05019761,  0.08030177],
        [-0.0704379 ,  0.        ,  0.10902799, ...,  0.03948077,
         -0.02027618,  0.00989189],
        [-0.17877519, -0.10902799,  0.        , ..., -0.06969758,
         -0.12916088, -0.09918974],
        ...,
        [-0.10976569, -0.03948077,  0.06969758, ...,  0.        ,
         -0.05973302, -0.02959466],
        [-0.05019761,  0.02027618,  0.12916088, ...,  0.05973302,
          0.        ,  0.03016504],
        [-0.08030177, -0.00989189,  0.09918974, ...,  0.02959466,
         -0.03016504,  0.        ]],

       [[ 0.        , -0.02895671, -0.15883516, ...,  0.59895117,
          0.61659904,  0.63196023],
        [ 0.02895671,  0.        , -0.13017944, ...,  0.62188813,
          0.63913745,  0.6541367 ],
        [ 0.15883516,  0.13017944,  0.        , ...,  0.71854045,
          0.73381871,  0.74703494],
        ...,
        [-0.59895117, -0.62188813, -0.71854045, ...,  0.        ,
          0.02222292,  0.04187697],
        [-0.61659904, -0.63913745, -0.73381871, ..., -0.02222292,
          0.        ,  0.0196632 ],
        [-0.63196023, -0.6541367 , -0.74703494, ..., -0.04187697,
         -0.0196632 ,  0.        ]],

       [[ 0.        , -0.08129816,  0.02225413, ..., -0.78272979,
         -0.76798234, -0.68713047],
        [ 0.08129816,  0.        ,  0.10345848, ..., -0.72954196,
         -0.71337108, -0.62579007],
        [-0.02225413, -0.10345848,  0.        , ..., -0.79638606,
         -0.78204527, -0.70312868],
        ...,
        [ 0.78272979,  0.72954196,  0.79638606, ...,  0.        ,
          0.02335296,  0.14103616],
        [ 0.76798234,  0.71337108,  0.78204527, ..., -0.02335296,
          0.        ,  0.11787817],
        [ 0.68713047,  0.62579007,  0.70312868, ..., -0.14103616,
         -0.11787817,  0.        ]]]), 'num': array([8.97829591e-01, 3.08646821e-01, 2.41468348e-05, 2.46313867e-04,
       2.47828092e-04, 2.09972477e-04, 3.14068129e-01, 4.23982886e-05,
       2.12294288e-04, 2.00861892e-04, 1.97042681e-04, 7.54662095e-07,
       2.28573030e-04, 1.73150755e-04])}
{'img': array([[[ 0.        ,  0.10070347,  0.10070347, ...,  0.40338106,
          0.47497566,  0.71710058],
        [-0.10070347,  0.        ,  0.        , ...,  0.30918355,
          0.38394216,  0.78364246],
        [-0.10070347,  0.        ,  0.        , ...,  0.30918355,
          0.38394216,  0.78364246],
        ...,
        [-0.40338106, -0.30918355, -0.30918355, ...,  0.        ,
          0.07964307,  0.93731441],
        [-0.47497566, -0.38394216, -0.38394216, ..., -0.07964307,
          0.        ,  0.96209139],
        [-0.71710058, -0.78364246, -0.78364246, ..., -0.93731441,
         -0.96209139,  0.        ]],

       [[ 0.        , -0.03812577, -0.07648175, ...,  0.29229462,
          0.13768289,  0.13714698],
        [ 0.03812577,  0.        , -0.03841204, ...,  0.32854286,
          0.17534546,  0.09928175],
        [ 0.07648175,  0.03841204,  0.        , ...,  0.36458014,
          0.21303297,  0.06098622],
        ...,
        [-0.29229462, -0.32854286, -0.36458014, ...,  0.        ,
         -0.15784087,  0.42069018],
        [-0.13768289, -0.17534546, -0.21303297, ...,  0.15784087,
          0.        ,  0.27222272],
        [-0.13714698, -0.09928175, -0.06098622, ..., -0.42069018,
         -0.27222272,  0.        ]],

       [[ 0.        , -0.06544161, -0.11486214, ...,  0.27333132,
          0.4334152 ,  0.82704615],
        [ 0.06544161,  0.        , -0.04960744, ...,  0.335695  ,
          0.49146175,  0.86206025],
        [ 0.11486214,  0.04960744,  0.        , ...,  0.38201045,
          0.53405973,  0.88614021],
        ...,
        [-0.27333132, -0.335695  , -0.38201045, ...,  0.        ,
          0.17058609,  0.64190335],
        [-0.4334152 , -0.49146175, -0.53405973, ..., -0.17058609,
          0.        ,  0.50169188],
        [-0.82704615, -0.86206025, -0.88614021, ..., -0.64190335,
         -0.50169188,  0.        ]],

       ...,

       [[ 0.        ,  0.10902799,  0.18411561, ..., -0.02027618,
          0.00989189,  0.72351841],
        [-0.10902799,  0.        ,  0.07585392, ..., -0.12916088,
         -0.09918974,  0.6439427 ],
        [-0.18411561, -0.07585392,  0.        , ..., -0.20400731,
         -0.17438383,  0.58405362],
        ...,
        [ 0.02027618,  0.12916088,  0.20400731, ...,  0.        ,
          0.03016504,  0.73736641],
        [-0.00989189,  0.09918974,  0.17438383, ..., -0.03016504,
          0.        ,  0.71665459],
        [-0.72351841, -0.6439427 , -0.58405362, ..., -0.73736641,
         -0.71665459,  0.        ]],

       [[ 0.        , -0.13017944, -0.23179793, ...,  0.63913745,
          0.6541367 ,  0.99526365],
        [ 0.13017944,  0.        , -0.10319157, ...,  0.73381871,
          0.74703494,  0.99944947],
        [ 0.23179793,  0.10319157,  0.        , ...,  0.80000393,
          0.81164708,  0.99069026],
        ...,
        [-0.63913745, -0.73381871, -0.80000393, ...,  0.        ,
          0.0196632 ,  0.70331772],
        [-0.6541367 , -0.74703494, -0.81164708, ..., -0.0196632 ,
          0.        ,  0.68920364],
        [-0.99526365, -0.99944947, -0.99069026, ..., -0.70331772,
         -0.68920364,  0.        ]],

       [[ 0.        ,  0.10345848,  0.17955425, ..., -0.71337108,
         -0.62579007, -0.92957681],
        [-0.10345848,  0.        ,  0.07681364, ..., -0.78204527,
         -0.70312868, -0.96272624],
        [-0.17955425, -0.07681364,  0.        , ..., -0.82760662,
         -0.75567058, -0.98065821],
        ...,
        [ 0.71337108,  0.78204527,  0.82760662, ...,  0.        ,
          0.11787817, -0.38846599],
        [ 0.62579007,  0.70312868,  0.75567058, ..., -0.11787817,
          0.        , -0.494378  ],
        [ 0.92957681,  0.96272624,  0.98065821, ...,  0.38846599,
          0.494378  ,  0.        ]]]), 'num': array([9.33620213e-01, 3.15436250e-01, 2.46780025e-05, 2.58438111e-04,
       2.61533179e-04, 2.49668754e-04, 1.69861260e-01, 6.70597894e-06,
       2.27384270e-04, 2.07936932e-04, 2.02451785e-04, 7.79821314e-07,
       2.44529039e-04, 1.71344824e-04])}
{'img': array([[[ 0.        ,  0.        ,  0.01811511, ...,  0.36132926,
          0.99436274,  0.75547939],
        [ 0.        ,  0.        ,  0.01811511, ...,  0.36132926,
          0.99436274,  0.75547939],
        [-0.01811511, -0.01811511,  0.        , ...,  0.34437875,
          0.99612035,  0.76722394],
        ...,
        [-0.36132926, -0.36132926, -0.34437875, ...,  0.        ,
          0.96549428,  0.94117087],
        [-0.99436274, -0.99436274, -0.99612035, ..., -0.96549428,
          0.        ,  0.57137421],
        [-0.75547939, -0.75547939, -0.76722394, ..., -0.94117087,
         -0.57137421,  0.        ]],

       [[ 0.        , -0.03841204,  0.05550388, ...,  0.17534546,
          0.09928175,  0.99881052],
        [ 0.03841204,  0.        ,  0.09381574, ...,  0.21303297,
          0.06098622,  0.99994636],
        [-0.05550388, -0.09381574,  0.        , ...,  0.12043121,
          0.15435836,  0.99456446],
        ...,
        [-0.17534546, -0.21303297, -0.12043121, ...,  0.        ,
          0.27222272,  0.97478607],
        [-0.09928175, -0.06098622, -0.15435836, ..., -0.27222272,
          0.        , -0.99871674],
        [-0.99881052, -0.99994636, -0.99456446, ..., -0.97478607,
          0.99871674,  0.        ]],

       [[ 0.        , -0.04960744, -0.01839166, ...,  0.49146175,
          0.86206025,  0.98439004],
        [ 0.04960744,  0.        ,  0.03123003, ...,  0.53405973,
          0.88614021,  0.97444711],
        [ 0.01839166, -0.03123003,  0.        , ...,  0.50739591,
          0.87123544,  0.9809866 ],
        ...,
        [-0.49146175, -0.53405973, -0.50739591, ...,  0.        ,
          0.50169188,  0.94380207],
        [-0.86206025, -0.88614021, -0.87123544, ..., -0.50169188,
          0.        ,  0.65061778],
        [-0.98439004, -0.97444711, -0.9809866 , ..., -0.94380207,
         -0.65061778,  0.        ]],

       ...,

       [[ 0.        ,  0.07585392,  0.1829936 , ..., -0.09918974,
          0.6439427 ,  0.66292466],
        [-0.07585392,  0.        ,  0.10789332, ..., -0.17438383,
          0.58405362,  0.60422395],
        [-0.1829936 , -0.10789332,  0.        , ..., -0.27960601,
          0.49306556,  0.51472582],
        ...,
        [ 0.09918974,  0.17438383,  0.27960601, ...,  0.        ,
          0.71665459,  0.73391745],
        [-0.6439427 , -0.58405362, -0.49306556, ..., -0.71665459,
          0.        ,  0.02507527],
        [-0.66292466, -0.60422395, -0.51472582, ..., -0.73391745,
         -0.02507527,  0.        ]],

       [[ 0.        , -0.09330641, -0.19570749, ...,  0.67210397,
          0.96233549,  0.73617117],
        [ 0.09330641,  0.        , -0.10335163, ...,  0.73826124,
          0.98350396,  0.66981023],
        [ 0.19570749,  0.10335163,  0.        , ...,  0.80401997,
          0.9969321 ,  0.5894814 ],
        ...,
        [-0.67210397, -0.73826124, -0.80401997, ...,  0.        ,
          0.52984651,  0.99997981],
        [-0.96233549, -0.98350396, -0.9969321 , ..., -0.52984651,
          0.        ,  0.85144317],
        [-0.73617117, -0.66981023, -0.5894814 , ..., -0.99997981,
         -0.85144317,  0.        ]],

       [[ 0.        ,  0.07681364,  0.19789054, ..., -0.70312868,
         -0.96272624, -0.9706556 ],
        [-0.07681364,  0.        ,  0.12201128, ..., -0.75567058,
         -0.98065821, -0.94931609],
        [-0.19789054, -0.12201128,  0.        , ..., -0.82993627,
         -0.99721246, -0.90387252],
        ...,
        [ 0.70312868,  0.75567058,  0.82993627, ...,  0.        ,
         -0.494378  , -0.85928103],
        [ 0.96272624,  0.98065821,  0.99721246, ...,  0.494378  ,
          0.        , -0.49405127],
        [ 0.9706556 ,  0.94931609,  0.90387252, ...,  0.85928103,
          0.49405127,  0.        ]]]), 'num': array([9.78932088e-01, 1.40648501e-01, 3.31337403e-05, 2.71377025e-04,
       2.82103389e-04, 2.66013842e-04, 1.48018544e-01, 2.68159115e-06,
       2.46491859e-04, 2.18442415e-04, 2.11604358e-04, 8.81473527e-07,
       2.63338498e-04, 1.73546332e-04])}
{'img': array([[[ 0.        ,  0.01774767,  0.        , ...,  0.9997526 ,
          0.93500625,  0.74535599],
        [-0.01774767,  0.        , -0.01774767, ...,  0.99998989,
          0.94115286,  0.75707038],
        [ 0.        ,  0.01774767,  0.        , ...,  0.9997526 ,
          0.93500625,  0.74535599],
        ...,
        [-0.9997526 , -0.99998989, -0.9997526 , ...,  0.        ,
          0.33374652,  0.64992307],
        [-0.93500625, -0.94115286, -0.93500625, ..., -0.33374652,
          0.        ,  0.35901099],
        [-0.74535599, -0.75707038, -0.74535599, ..., -0.64992307,
         -0.35901099,  0.        ]],

       [[ 0.        ,  0.09381574, -0.02120994, ...,  0.06098622,
          0.99994636,  0.9832282 ],
        [-0.09381574,  0.        , -0.11491103, ...,  0.15435836,
          0.99456446,  0.96178167],
        [ 0.02120994,  0.11491103,  0.        , ...,  0.03980205,
          0.9999411 ,  0.98687527],
        ...,
        [-0.06098622, -0.15435836, -0.03980205, ...,  0.        ,
         -0.99871674, -0.99252067],
        [-0.99994636, -0.99456446, -0.9999411 , ...,  0.99871674,
          0.        , -0.17218583],
        [-0.9832282 , -0.96178167, -0.98687527, ...,  0.99252067,
          0.17218583,  0.        ]],

       [[ 0.        ,  0.02819852,  0.03375175, ...,  0.80655618,
          0.98617852,  0.73072472],
        [-0.02819852,  0.        ,  0.00555587, ...,  0.78956568,
          0.98111426,  0.74968449],
        [-0.03375175, -0.00555587,  0.        , ...,  0.78614404,
          0.98002445,  0.75334977],
        ...,
        [-0.80655618, -0.78956568, -0.78614404, ...,  0.        ,
          0.44935155,  0.98258687],
        [-0.98617852, -0.98111426, -0.98002445, ..., -0.44935155,
          0.        ,  0.7943077 ],
        [-0.73072472, -0.74968449, -0.75334977, ..., -0.98258687,
         -0.7943077 ,  0.        ]],

       ...,

       [[ 0.        ,  0.10789332, -0.11264896, ...,  0.58405362,
          0.60422395,  0.76067674],
        [-0.10789332,  0.        , -0.21919793, ...,  0.49306556,
          0.51472582,  0.68619938],
        [ 0.11264896,  0.21919793,  0.        , ...,  0.67177489,
          0.69013831,  0.82895883],
        ...,
        [-0.58405362, -0.49306556, -0.67177489, ...,  0.        ,
          0.02507527,  0.23832553],
        [-0.60422395, -0.51472582, -0.69013831, ..., -0.02507527,
          0.        ,  0.21389786],
        [-0.76067674, -0.68619938, -0.82895883, ..., -0.23832553,
         -0.21389786,  0.        ]],

       [[ 0.        , -0.09380752, -0.2041752 , ...,  0.92648046,
          0.99699676,  0.62109269],
        [ 0.09380752,  0.        , -0.11144345, ...,  0.9576988 ,
          0.98533559,  0.54483345],
        [ 0.2041752 ,  0.11144345,  0.        , ...,  0.98380344,
          0.96018239,  0.44798929],
        ...,
        [-0.92648046, -0.9576988 , -0.98380344, ...,  0.        ,
          0.44696232,  0.95986093],
        [-0.99699676, -0.98533559, -0.96018239, ..., -0.44696232,
          0.        ,  0.73328391],
        [-0.62109269, -0.54483345, -0.44798929, ..., -0.95986093,
         -0.73328391,  0.        ]],

       [[ 0.        ,  0.1202108 ,  0.34832613, ..., -0.97428259,
         -0.96638953, -0.44833616],
        [-0.1202108 ,  0.        ,  0.2331178 , ..., -0.99430453,
         -0.92847758, -0.33763277],
        [-0.34832613, -0.2331178 ,  0.        , ..., -0.99175478,
         -0.81631938, -0.10890185],
        ...,
        [ 0.97428259,  0.99430453,  0.99175478, ...,  0.        ,
         -0.46822693, -0.97190054],
        [ 0.96638953,  0.92847758,  0.81631938, ...,  0.46822693,
          0.        , -0.74856253],
        [ 0.44833616,  0.33763277,  0.10890185, ...,  0.97190054,
          0.74856253,  0.        ]]]), 'num': array([ 9.85033495e-01,  8.15103377e-02,  3.61409263e-05,  2.72802886e-04,
        2.82623789e-04,  2.62436376e-04,  1.51870283e-01, -3.27363463e-06,
        2.61781649e-04,  2.24353093e-04,  2.16350875e-04,  8.65443637e-07,
        2.75015872e-04,  1.73690314e-04])}
{'img': array([[[ 0.        , -0.01774767, -0.01774767, ...,  0.94115286,
          0.75707038,  0.95255807],
        [ 0.01774767,  0.        ,  0.        , ...,  0.93500625,
          0.74535599,  0.94700642],
        [ 0.01774767,  0.        ,  0.        , ...,  0.93500625,
          0.74535599,  0.94700642],
        ...,
        [-0.94115286, -0.93500625, -0.93500625, ...,  0.        ,
          0.35901099, -0.03550036],
        [-0.75707038, -0.74535599, -0.74535599, ..., -0.35901099,
          0.        , -0.39191836],
        [-0.95255807, -0.94700642, -0.94700642, ...,  0.03550036,
          0.39191836,  0.        ]],

       [[ 0.        , -0.11491103, -0.0397995 , ...,  0.99456446,
          0.96178167,  0.96386343],
        [ 0.11491103,  0.        ,  0.07528412, ...,  0.9999411 ,
          0.98687527,  0.98809053],
        [ 0.0397995 , -0.07528412,  0.        , ...,  0.99792048,
          0.97191744,  0.97370221],
        ...,
        [-0.99456446, -0.9999411 , -0.99792048, ...,  0.        ,
         -0.17218583, -0.16458877],
        [-0.96178167, -0.98687527, -0.97191744, ...,  0.17218583,
          0.        ,  0.00770706],
        [-0.96386343, -0.98809053, -0.97370221, ...,  0.16458877,
         -0.00770706,  0.        ]],

       [[ 0.        ,  0.00496122,  0.02939488, ...,  0.90802464,
          0.99842432,  0.69325783],
        [-0.00496122,  0.        ,  0.02443544, ...,  0.90593512,
          0.99813364,  0.6968248 ],
        [-0.02939488, -0.02443544,  0.        , ...,  0.89531825,
          0.9963434 ,  0.71414284],
        ...,
        [-0.90802464, -0.90593512, -0.89531825, ...,  0.        ,
          0.36730309,  0.94482129],
        [-0.99842432, -0.99813364, -0.9963434 , ..., -0.36730309,
          0.        ,  0.75845609],
        [-0.69325783, -0.6968248 , -0.71414284, ..., -0.94482129,
         -0.75845609,  0.        ]],

       ...,

       [[ 0.        , -0.21919793, -0.25149853, ...,  0.51472582,
          0.68619938,  0.61174305],
        [ 0.21919793,  0.        , -0.03322979, ...,  0.69013831,
          0.82895883,  0.77026367],
        [ 0.25149853,  0.03322979,  0.        , ...,  0.71380482,
          0.84708677,  0.79102977],
        ...,
        [-0.51472582, -0.69013831, -0.71380482, ...,  0.        ,
          0.21389786,  0.11730366],
        [-0.68619938, -0.82895883, -0.84708677, ..., -0.21389786,
          0.        , -0.09783234],
        [-0.61174305, -0.77026367, -0.79102977, ..., -0.11730366,
          0.09783234,  0.        ]],

       [[ 0.        , -0.10478218, -0.13499897, ...,  0.99971329,
          0.93821809,  0.5166023 ],
        [ 0.10478218,  0.        , -0.03043285, ...,  0.99671901,
          0.89679408,  0.42404133],
        [ 0.13499897,  0.03043285,  0.        , ...,  0.99379412,
          0.88291374,  0.39628362],
        ...,
        [-0.99971329, -0.99671901, -0.99379412, ...,  0.        ,
          0.36841039,  0.86834972],
        [-0.93821809, -0.89679408, -0.88291374, ..., -0.36841039,
          0.        ,  0.62455883],
        [-0.5166023 , -0.42404133, -0.39628362, ..., -0.86834972,
         -0.62455883,  0.        ]],

       [[ 0.        ,  0.22201127,  0.23781394, ..., -0.97910721,
         -0.812807  , -0.32193175],
        [-0.22201127,  0.        ,  0.01623715, ..., -0.90952789,
         -0.66319376, -0.10370562],
        [-0.23781394, -0.01623715,  0.        , ..., -0.90265913,
         -0.65095367, -0.08754235],
        ...,
        [ 0.97910721,  0.90952789,  0.90265913, ...,  0.        ,
         -0.40508234, -0.86151924],
        [ 0.812807  ,  0.66319376,  0.65095367, ...,  0.40508234,
          0.        , -0.5819996 ],
        [ 0.32193175,  0.10370562,  0.08754235, ...,  0.86151924,
          0.5819996 ,  0.        ]]]), 'num': array([ 9.89001260e-01,  8.19890746e-02,  3.63531938e-05,  2.73856336e-04,
        2.90869455e-04,  2.70014664e-04,  1.23100695e-01, -5.48810293e-07,
        2.73746574e-04,  2.27948355e-04,  2.18691755e-04,  8.60446288e-07,
        2.83077189e-04,  1.72819521e-04])}
{'img': array([[[ 0.        ,  0.        ,  0.0352221 , ...,  0.74535599,
          0.94700642,  0.95702129],
        [ 0.        ,  0.        ,  0.0352221 , ...,  0.74535599,
          0.94700642,  0.95702129],
        [-0.0352221 , -0.0352221 ,  0.        , ...,  0.76837491,
          0.95773267,  0.9666425 ],
        ...,
        [-0.74535599, -0.74535599, -0.76837491, ...,  0.        ,
         -0.39191836, -0.42184779],
        [-0.94700642, -0.94700642, -0.95773267, ...,  0.39191836,
          0.        , -0.03276065],
        [-0.95702129, -0.95702129, -0.9666425 , ...,  0.42184779,
          0.03276065,  0.        ]],

       [[ 0.        ,  0.07528412,  0.08029945, ...,  0.98687527,
          0.98809053,  0.94487159],
        [-0.07528412,  0.        ,  0.00503056, ...,  0.97191744,
          0.97370221,  0.91753905],
        [-0.08029945, -0.00503056,  0.        , ...,  0.97072134,
          0.97254381,  0.91552706],
        ...,
        [-0.98687527, -0.97191744, -0.97072134, ...,  0.        ,
          0.00770706, -0.17056155],
        [-0.98809053, -0.97370221, -0.97254381, ..., -0.00770706,
          0.        , -0.17815061],
        [-0.94487159, -0.91753905, -0.91552706, ...,  0.17056155,
          0.17815061,  0.        ]],

       [[ 0.        ,  0.02238409,  0.03118077, ...,  0.96122085,
          0.99598504,  0.65337196],
        [-0.02238409,  0.        ,  0.00879975, ...,  0.95480693,
          0.99773931,  0.67015384],
        [-0.03118077, -0.00879975,  0.        , ...,  0.95215444,
          0.99829205,  0.67665927],
        ...,
        [-0.96122085, -0.95480693, -0.95215444, ...,  0.        ,
          0.36072083,  0.90786655],
        [-0.99598504, -0.99773931, -0.99829205, ..., -0.36072083,
          0.        ,  0.69550783],
        [-0.65337196, -0.67015384, -0.67665927, ..., -0.90786655,
         -0.69550783,  0.        ]],

       ...,

       [[ 0.        , -0.03322979,  0.03149989, ...,  0.82895883,
          0.77026367,  0.7508761 ],
        [ 0.03322979,  0.        ,  0.0646958 , ...,  0.84708677,
          0.79102977,  0.77240781],
        [-0.03149989, -0.0646958 ,  0.        , ...,  0.81092927,
          0.74979315,  0.7296996 ],
        ...,
        [-0.82895883, -0.84708677, -0.81092927, ...,  0.        ,
         -0.09783234, -0.12750791],
        [-0.77026367, -0.79102977, -0.74979315, ...,  0.09783234,
          0.        , -0.02986245],
        [-0.7508761 , -0.77240781, -0.7296996 , ...,  0.12750791,
          0.02986245,  0.        ]],

       [[ 0.        , -0.02897558, -0.02527286, ...,  0.96824292,
          0.85524172,  0.40546181],
        [ 0.02897558,  0.        ,  0.00370407, ...,  0.96059215,
          0.83986663,  0.37880464],
        [ 0.02527286, -0.00370407,  0.        , ...,  0.96161515,
          0.84187141,  0.38223007],
        ...,
        [-0.96824292, -0.96059215, -0.96161515, ...,  0.        ,
          0.28795175,  0.78371243],
        [-0.85524172, -0.83986663, -0.84187141, ..., -0.28795175,
          0.        ,  0.57166452],
        [-0.40546181, -0.37880464, -0.38223007, ..., -0.78371243,
         -0.57166452,  0.        ]],

       [[ 0.        ,  0.01575975,  0.1006708 , ..., -0.77358287,
         -0.55345821, -0.1006708 ],
        [-0.01575975,  0.        ,  0.08497861, ..., -0.76349992,
         -0.54026354, -0.08497861],
        [-0.1006708 , -0.08497861,  0.        , ..., -0.70585831,
         -0.46680013, -0.        ],
        ...,
        [ 0.77358287,  0.76349992,  0.70585831, ...,  0.        ,
         -0.29357555, -0.70585831],
        [ 0.55345821,  0.54026354,  0.46680013, ...,  0.29357555,
          0.        , -0.46680013],
        [ 0.1006708 ,  0.08497861,  0.        , ...,  0.70585831,
          0.46680013,  0.        ]]]), 'num': array([9.83380528e-01, 7.69948901e-02, 3.41388188e-05, 2.73667161e-04,
       2.76759446e-04, 2.56659598e-04, 1.64420333e-01, 1.64921830e-05,
       2.61504176e-04, 2.16975282e-04, 2.06659078e-04, 8.68982735e-07,
       2.74910127e-04, 1.59040437e-04])}
{'img': array([[[ 0.        ,  0.03213282, -0.20031582, ...,  0.99731951,
          0.9961209 ,  0.69985421],
        [-0.03213282,  0.        , -0.23169392, ...,  0.99445336,
          0.99277898,  0.72244483],
        [ 0.20031582,  0.23169392,  0.        , ...,  0.99176224,
          0.99355773,  0.5425864 ],
        ...,
        [-0.99731951, -0.99445336, -0.99176224, ...,  0.        ,
         -0.01487357,  0.76357911],
        [-0.9961209 , -0.99277898, -0.99355773, ...,  0.01487357,
          0.        ,  0.77309872],
        [-0.69985421, -0.72244483, -0.5425864 , ..., -0.76357911,
         -0.77309872,  0.        ]],

       [[ 0.        ,  0.00503056,  0.12350138, ...,  0.97370221,
          0.91753905,  0.99522387],
        [-0.00503056,  0.        ,  0.11850777, ...,  0.97254381,
          0.91552706,  0.9947202 ],
        [-0.12350138, -0.11850777,  0.        , ...,  0.9381113 ,
          0.86140495,  0.97554877],
        ...,
        [-0.97370221, -0.97254381, -0.9381113 , ...,  0.        ,
         -0.17815061,  0.13168468],
        [-0.91753905, -0.91552706, -0.86140495, ...,  0.17815061,
          0.        ,  0.30617736],
        [-0.99522387, -0.9947202 , -0.97554877, ..., -0.13168468,
         -0.30617736,  0.        ]],

       [[ 0.        ,  0.00849414, -0.03930939, ...,  0.99885157,
          0.93403245,  0.65264927],
        [-0.00849414,  0.        , -0.04779555, ...,  0.99840857,
          0.93703276,  0.6590614 ],
        [ 0.03930939,  0.04779555,  0.        , ...,  0.99996293,
          0.91926968,  0.62236167],
        ...,
        [-0.99885157, -0.99840857, -0.99996293, ...,  0.        ,
          0.40152914,  0.78805965],
        [-0.93403245, -0.93703276, -0.91926968, ..., -0.40152914,
          0.        ,  0.47456059],
        [-0.65264927, -0.6590614 , -0.62236167, ..., -0.78805965,
         -0.47456059,  0.        ]],

       ...,

       [[ 0.        ,  0.0646958 , -0.20441806, ...,  0.79102977,
          0.77240781,  0.8862191 ],
        [-0.0646958 ,  0.        , -0.26731947, ...,  0.74979315,
          0.7296996 ,  0.85439111],
        [ 0.20441806,  0.26731947,  0.        , ...,  0.89938453,
          0.8859288 ,  0.96220542],
        ...,
        [-0.79102977, -0.74979315, -0.89938453, ...,  0.        ,
         -0.02986245,  0.17571157],
        [-0.77240781, -0.7296996 , -0.8859288 , ...,  0.02986245,
          0.        ,  0.20503104],
        [-0.8862191 , -0.85439111, -0.96220542, ..., -0.17571157,
         -0.20503104,  0.        ]],

       [[ 0.        ,  0.00346944,  0.04124915, ...,  0.95973215,
          0.87607431,  0.35644595],
        [-0.00346944,  0.        ,  0.03778241, ...,  0.960701  ,
          0.87774191,  0.35968535],
        [-0.04124915, -0.03778241,  0.        , ...,  0.97050289,
          0.89521803,  0.39468231],
        ...,
        [-0.95973215, -0.960701  , -0.97050289, ...,  0.        ,
          0.21665601,  0.79656143],
        [-0.87607431, -0.87774191, -0.89521803, ..., -0.21665601,
          0.        ,  0.64666047],
        [-0.35644595, -0.35968535, -0.39468231, ..., -0.79656143,
         -0.64666047,  0.        ]],

       [[ 0.        ,  0.08081486, -0.28736465, ..., -0.764832  ,
         -0.65191382, -0.08081486],
        [-0.08081486,  0.        , -0.36383091, ..., -0.710267  ,
         -0.58850015, -0.        ],
        [ 0.28736465,  0.36383091,  0.        , ..., -0.91770121,
         -0.84232353, -0.36383091],
        ...,
        [ 0.764832  ,  0.710267  ,  0.91770121, ...,  0.        ,
         -0.15998451, -0.710267  ],
        [ 0.65191382,  0.58850015,  0.84232353, ...,  0.15998451,
          0.        , -0.58850015],
        [ 0.08081486,  0.        ,  0.36383091, ...,  0.710267  ,
          0.58850015,  0.        ]]]), 'num': array([ 9.94829220e-01,  7.96894920e-02,  3.53335802e-05,  2.76310304e-04,
        2.86978656e-04,  2.76310304e-04,  6.29594045e-02, -6.93442849e-06,
        2.72469698e-04,  2.28089356e-04,  2.15109528e-04,  9.07533976e-07,
        2.91426847e-04,  1.64751864e-04])}
{'img': array([[[ 0.        , -0.23169392, -0.23169392, ...,  0.99277898,
          0.72244483,  0.97774411],
        [ 0.23169392,  0.        ,  0.        , ...,  0.99355773,
          0.5425864 ,  0.90252885],
        [ 0.23169392,  0.        ,  0.        , ...,  0.99355773,
          0.5425864 ,  0.90252885],
        ...,
        [-0.99277898, -0.99355773, -0.99355773, ...,  0.        ,
          0.77309872,  0.32557414],
        [-0.72244483, -0.5425864 , -0.5425864 , ..., -0.77309872,
          0.        , -0.52447058],
        [-0.97774411, -0.90252885, -0.90252885, ..., -0.32557414,
          0.52447058,  0.        ]],

       [[ 0.        ,  0.11850777,  0.06785977, ...,  0.91552706,
          0.9947202 ,  0.69175228],
        [-0.11850777,  0.        , -0.05085302, ...,  0.86140495,
          0.97554877,  0.601299  ],
        [-0.06785977,  0.05085302,  0.        , ...,  0.88611962,
          0.98546319,  0.6411538 ],
        ...,
        [-0.91552706, -0.86140495, -0.88611962, ...,  0.        ,
          0.30617736, -0.38287224],
        [-0.9947202 , -0.97554877, -0.98546319, ..., -0.30617736,
          0.        , -0.64733166],
        [-0.69175228, -0.601299  , -0.6411538 , ...,  0.38287224,
          0.64733166,  0.        ]],

       [[ 0.        , -0.04716835, -0.10197671, ...,  0.96092633,
          0.85010102,  0.65246004],
        [ 0.04716835,  0.        , -0.05494075, ...,  0.94680037,
          0.82431504,  0.61598855],
        [ 0.10197671,  0.05494075,  0.        , ...,  0.92768923,
          0.79196632,  0.57177832],
        ...,
        [-0.96092633, -0.94680037, -0.92768923, ...,  0.        ,
          0.27073111,  0.54760848],
        [-0.85010102, -0.82431504, -0.79196632, ..., -0.27073111,
          0.        ,  0.30062794],
        [-0.65246004, -0.61598855, -0.57177832, ..., -0.54760848,
         -0.30062794,  0.        ]],

       ...,

       [[ 0.        , -0.26731947, -0.40398793, ...,  0.7296996 ,
          0.85439111,  0.86950952],
        [ 0.26731947,  0.        , -0.14475167, ...,  0.8859288 ,
          0.96220542,  0.96989971],
        [ 0.40398793,  0.14475167,  0.        , ...,  0.94373712,
          0.99149094,  0.99493246],
        ...,
        [-0.7296996 , -0.8859288 , -0.94373712, ...,  0.        ,
          0.20503104,  0.23413224],
        [-0.85439111, -0.96220542, -0.99149094, ..., -0.20503104,
          0.        ,  0.02982605],
        [-0.86950952, -0.96989971, -0.99493246, ..., -0.23413224,
         -0.02982605,  0.        ]],

       [[ 0.        ,  0.03618285,  0.06117685, ...,  0.94985028,
          0.79957886,  0.34545807],
        [-0.03618285,  0.        ,  0.02502172, ...,  0.96054287,
          0.8207853 ,  0.37918708],
        [-0.06117685, -0.02502172,  0.        , ...,  0.96720147,
          0.83482164,  0.40222145],
        ...,
        [-0.94985028, -0.96054287, -0.96720147, ...,  0.        ,
          0.3204108 ,  0.7833455 ],
        [-0.79957886, -0.8207853 , -0.83482164, ..., -0.3204108 ,
          0.        ,  0.54288346],
        [-0.34545807, -0.37918708, -0.40222145, ..., -0.7833455 ,
         -0.54288346,  0.        ]],

       [[ 0.        , -0.36383091, -0.47459218, ..., -0.58850015,
         -0.        , -0.12838789],
        [ 0.36383091,  0.        , -0.12181994, ..., -0.84232353,
         -0.36383091, -0.48040868],
        [ 0.47459218,  0.12181994,  0.        , ..., -0.90170765,
         -0.47459218, -0.58367224],
        ...,
        [ 0.58850015,  0.84232353,  0.90170765, ...,  0.        ,
         -0.58850015, -0.4798285 ],
        [ 0.        ,  0.36383091,  0.47459218, ...,  0.58850015,
          0.        ,  0.12838789],
        [ 0.12838789,  0.48040868,  0.58367224, ...,  0.4798285 ,
         -0.12838789,  0.        ]]]), 'num': array([ 9.93109994e-01,  8.04085423e-02,  3.56524004e-05,  2.75574110e-04,
        2.89568107e-04,  2.74497648e-04,  8.52436192e-02, -3.22938410e-06,
        2.75574110e-04,  2.33376824e-04,  2.18207689e-04,  8.90700334e-07,
        2.99572984e-04,  1.67180664e-04])}
{'img': array([[[ 0.        ,  0.        , -0.09062268, ...,  0.5425864 ,
          0.90252885,  0.94741689],
        [ 0.        ,  0.        , -0.09062268, ...,  0.5425864 ,
          0.90252885,  0.94741689],
        [ 0.09062268,  0.09062268,  0.        , ...,  0.46423077,
          0.85979042,  0.91451912],
        ...,
        [-0.5425864 , -0.5425864 , -0.46423077, ...,  0.        ,
         -0.52447058, -0.62220149],
        [-0.90252885, -0.90252885, -0.85979042, ...,  0.52447058,
          0.        , -0.11917459],
        [-0.94741689, -0.94741689, -0.91451912, ...,  0.62220149,
          0.11917459,  0.        ]],

       [[ 0.        , -0.05085302, -0.12539117, ...,  0.97554877,
          0.601299  ,  0.72047396],
