state_0,state_1,state_2,state_3,state_4,state_5,state_6,state_7,state_8,state_9,state_10,state_11,state_12,state_13,state_14,state_15,state_16,state_17,state_18,state_19,state_20,state_21,state_22,state_23,state_24,state_25,state_26,state_27,state_28,state_29,state_30,state_31,state_32,state_33,state_34,state_35,state_36,state_37,state_38,state_39,state_40,state_41,state_42,state_43,state_44,state_45,state_46,state_47,state_48,state_49,state_50,state_51,state_52,state_53,state_54,state_55,state_56,state_57,state_58,state_59,state_60,state_61,state_62,state_63,state_64,state_65,state_66,state_67,state_68,state_69,state_70,state_71,state_72,state_73,state_74,state_75,state_76,state_77,state_78,state_79,state_80,state_81,state_82,state_83,state_84,state_85,state_86,state_87,state_88,state_89,state_90,state_91,state_92,state_93,state_94,state_95,state_96,state_97,state_98,state_99,state_100,state_101,state_102,state_103,state_104,state_105,state_106,state_107,state_108,state_109,state_110,state_111,state_112,state_113,state_114,state_115,state_116,state_117,state_118,state_119,state_120,state_121,state_122,state_123,state_124,state_125,state_126,state_127,state_128,state_129,state_130,state_131,state_132,state_133,state_134,state_135,state_136,state_137,state_138,state_139,state_140,state_141,state_142,state_143,state_144,state_145,state_146,state_147,state_148,state_149,state_150,state_151,state_152,state_153,state_154,state_155,state_156,state_157,state_158,state_159,state_160,state_161,state_162,state_163,state_164,state_165,state_166,state_167,state_168,state_169,state_170,state_171,state_172,state_173,state_174,state_175,state_176,state_177,state_178,state_179,state_180,state_181,state_182,state_183,state_184,state_185,state_186,state_187,state_188,state_189,state_190,state_191,state_192,state_193,state_194,state_195,state_196,state_197,state_198,state_199,state_200,state_201,state_202,state_203,state_204,state_205,state_206,state_207,state_208,state_209,state_210,state_211,state_212,state_213,state_214,state_215,state_216,state_217,state_218,state_219,state_220,state_221,state_222,state_223,state_224,state_225,state_226,state_227,state_228,state_229,state_230,state_231,state_232,state_233,state_234,state_235,state_236,state_237,state_238,state_239,state_240,state_241,state_242,state_243,state_244,state_245,state_246,state_247,state_248,state_249,state_250,state_251,state_252,state_253,state_254,state_255,state_256,state_257,state_258,state_259,state_260,state_261,state_262,state_263,state_264,state_265,state_266,state_267,state_268,state_269,state_270,state_271,state_272,state_273,state_274,state_275,state_276,state_277,state_278,state_279,state_280,state_281,state_282,state_283,state_284,state_285,state_286,state_287
{'img': array([[[ 0.        , -0.45489072, -0.02236355, ...,  0.95377482,
          0.76686913,  0.45489072],
        [ 0.45489072,  0.        ,  0.43486116, ...,  0.7126768 ,
          0.39098274,  0.        ],
        [ 0.02236355, -0.43486116,  0.        , ...,  0.94681554,
          0.75232433,  0.43486116],
        ...,
        [-0.95377482, -0.7126768 , -0.94681554, ...,  0.        ,
          0.38167483,  0.7126768 ],
        [-0.76686913, -0.39098274, -0.75232433, ..., -0.38167483,
          0.        ,  0.39098274],
        [-0.45489072, -0.        , -0.43486116, ..., -0.7126768 ,
         -0.39098274,  0.        ]],

       [[ 0.        ,  0.75409041, -0.04040879, ..., -0.20122095,
          0.3571802 ,  0.07220579],
        [-0.75409041,  0.        , -0.78001379, ..., -0.87082216,
         -0.46976174, -0.7046994 ],
        [ 0.04040879,  0.78001379,  0.        , ..., -0.16147434,
          0.39463171,  0.11245013],
        ...,
        [ 0.20122095,  0.87082216,  0.16147434, ...,  0.        ,
          0.5378219 ,  0.2714246 ],
        [-0.3571802 ,  0.46976174, -0.39463171, ..., -0.5378219 ,
          0.        , -0.2888051 ],
        [-0.07220579,  0.7046994 , -0.11245013, ..., -0.2714246 ,
          0.2888051 ,  0.        ]],

       [[ 0.        , -0.21424687, -0.43299012, ...,  0.94093435,
          0.89764116,  0.65799004],
        [ 0.21424687,  0.        , -0.22981405, ...,  0.84654378,
          0.78237313,  0.48137761],
        [ 0.43299012,  0.22981405,  0.        , ...,  0.70155125,
          0.61830208,  0.26705825],
        ...,
        [-0.94093435, -0.84654378, -0.70155125, ...,  0.        ,
          0.11076375,  0.48576039],
        [-0.89764116, -0.78237313, -0.61830208, ..., -0.11076375,
          0.        ,  0.38595368],
        [-0.65799004, -0.48137761, -0.26705825, ..., -0.48576039,
         -0.38595368,  0.        ]],

       ...,

       [[ 0.        , -0.67037039, -0.46957589, ...,  0.83068913,
          0.9190666 ,  0.90552205],
        [ 0.67037039,  0.        ,  0.2434269 , ...,  0.98961316,
          0.94616639,  0.95635912],
        [ 0.46957589, -0.2434269 ,  0.        , ...,  0.99483893,
          0.99649757,  0.99871895],
        ...,
        [-0.83068913, -0.98961316, -0.99483893, ...,  0.        ,
          0.1843015 ,  0.15167647],
        [-0.9190666 , -0.94616639, -0.99649757, ..., -0.1843015 ,
          0.        , -0.03309095],
        [-0.90552205, -0.95635912, -0.99871895, ..., -0.15167647,
          0.03309095,  0.        ]],

       [[ 0.        ,  0.05405325,  0.06712265, ...,  0.94235004,
          0.98035998,  0.99785705],
        [-0.05405325,  0.        ,  0.01309318, ...,  0.9228846 ,
          0.96826655,  0.99993503],
        [-0.06712265, -0.01309318,  0.        , ...,  0.91776361,
          0.96491131,  0.99999856],
        ...,
        [-0.94235004, -0.9228846 , -0.91776361, ...,  0.        ,
          0.14220974,  0.39557121],
        [-0.98035998, -0.96826655, -0.96491131, ..., -0.14220974,
          0.        ,  0.26094039],
        [-0.99785705, -0.99993503, -0.99999856, ..., -0.39557121,
         -0.26094039,  0.        ]],

       [[ 0.        , -0.19588179, -0.3355937 , ...,  0.99259703,
          0.9998346 ,  0.88824701],
        [ 0.19588179,  0.        , -0.14457043, ...,  0.99715864,
          0.97690281,  0.78105799],
        [ 0.3355937 ,  0.14457043,  0.        , ...,  0.97579247,
          0.93574756,  0.68257437],
        ...,
        [-0.99259703, -0.99715864, -0.97579247, ...,  0.        ,
          0.13948659,  0.56384685],
        [-0.9998346 , -0.97690281, -0.93574756, ..., -0.13948659,
          0.        ,  0.44313557],
        [-0.88824701, -0.78105799, -0.68257437, ..., -0.56384685,
         -0.44313557,  0.        ]]]), 'num': array([3.58708196e-01, 2.62735627e-02, 6.23704753e-06, 3.46286076e-03,
       3.47585461e-03, 3.42387922e-03, 9.33031969e-01, 3.89815470e-05,
       3.37710136e-03, 3.30011280e-03, 3.09194051e-03, 4.58606436e-06,
       3.44049599e-03, 3.15972961e-03])}
{'img': array([[[ 0.00000000e+00,  4.23056538e-01,  5.96225648e-01, ...,
          5.83369937e-01,  4.61146635e-01,  0.00000000e+00],
        [-4.23056538e-01,  0.00000000e+00,  2.00605080e-01, ...,
          8.72202718e-01,  7.93234677e-01,  4.23056538e-01],
        [-5.96225648e-01, -2.00605080e-01,  0.00000000e+00, ...,
          9.52597635e-01,  8.99261606e-01,  5.96225648e-01],
        ...,
        [-5.83369937e-01, -8.72202718e-01, -9.52597635e-01, ...,
          0.00000000e+00,  1.43091785e-01,  5.83369937e-01],
        [-4.61146635e-01, -7.93234677e-01, -8.99261606e-01, ...,
         -1.43091785e-01,  0.00000000e+00,  4.61146635e-01],
        [-0.00000000e+00, -4.23056538e-01, -5.96225648e-01, ...,
         -5.83369937e-01, -4.61146635e-01,  0.00000000e+00]],

       [[ 0.00000000e+00, -7.80013795e-01, -8.70936854e-01, ...,
         -4.69761743e-01, -7.04699405e-01, -3.21358726e-01],
        [ 7.80013795e-01,  0.00000000e+00, -1.61704626e-01, ...,
          3.94631708e-01,  1.12450126e-01,  5.37545757e-01],
        [ 8.70936854e-01,  1.61704626e-01,  0.00000000e+00, ...,
          5.38018620e-01,  2.71649186e-01,  6.66826159e-01],
        ...,
        [ 4.69761743e-01, -3.94631708e-01, -5.38018620e-01, ...,
          0.00000000e+00, -2.88805100e-01,  1.61151110e-01],
        [ 7.04699405e-01, -1.12450126e-01, -2.71649186e-01, ...,
          2.88805100e-01,  0.00000000e+00,  4.39314468e-01],
        [ 3.21358726e-01, -5.37545757e-01, -6.66826159e-01, ...,
         -1.61151110e-01, -4.39314468e-01,  0.00000000e+00]],

       [[ 0.00000000e+00, -2.21995179e-01, -2.68665019e-01, ...,
          9.06381304e-01,  8.43192542e-01,  4.66321371e-01],
        [ 2.21995179e-01,  0.00000000e+00, -4.81279940e-02, ...,
          7.89980854e-01,  7.02805797e-01,  2.58305259e-01],
        [ 2.68665019e-01,  4.81279940e-02,  0.00000000e+00, ...,
          7.59556616e-01,  6.67753992e-01,  2.11511238e-01],
        ...,
        [-9.06381304e-01, -7.89980854e-01, -7.59556616e-01, ...,
          0.00000000e+00,  1.31065590e-01,  6.04796455e-01],
        [-8.43192542e-01, -7.02805797e-01, -6.67753992e-01, ...,
         -1.31065590e-01,  0.00000000e+00,  4.95201271e-01],
        [-4.66321371e-01, -2.58305259e-01, -2.11511238e-01, ...,
         -6.04796455e-01, -4.95201271e-01,  0.00000000e+00]],

       ...,

       [[ 0.00000000e+00,  2.43426902e-01,  5.36916951e-01, ...,
          9.46166390e-01,  9.56359116e-01,  8.96906999e-01],
        [-2.43426902e-01,  0.00000000e+00,  3.15402604e-01, ...,
          9.96497569e-01,  9.98718954e-01,  9.77575414e-01],
        [-5.36916951e-01, -3.15402604e-01,  0.00000000e+00, ...,
          9.72008808e-01,  9.63701949e-01,  9.94097222e-01],
        ...,
        [-9.46166390e-01, -9.96497569e-01, -9.72008808e-01, ...,
          0.00000000e+00, -3.30909462e-02,  1.28101518e-01],
        [-9.56359116e-01, -9.98718954e-01, -9.63701949e-01, ...,
          3.30909462e-02,  0.00000000e+00,  1.60849675e-01],
        [-8.96906999e-01, -9.77575414e-01, -9.94097222e-01, ...,
         -1.28101518e-01, -1.60849675e-01,  0.00000000e+00]],

       [[ 0.00000000e+00,  1.24883064e-02, -4.14302182e-04, ...,
          8.99102195e-01,  9.28306008e-01,  9.98296711e-01],
        [-1.24883064e-02,  0.00000000e+00, -1.29025752e-02, ...,
          8.93565465e-01,  9.23590251e-01,  9.98947443e-01],
        [ 4.14302182e-04,  1.29025752e-02,  0.00000000e+00, ...,
          8.99283474e-01,  9.28459973e-01,  9.98272455e-01],
        ...,
        [-8.99102195e-01, -8.93565465e-01, -8.99283474e-01, ...,
          0.00000000e+00,  7.20539721e-02,  4.89447739e-01],
        [-9.28306008e-01, -9.23590251e-01, -9.28459973e-01, ...,
         -7.20539721e-02,  0.00000000e+00,  4.25342120e-01],
        [-9.98296711e-01, -9.98947443e-01, -9.98272455e-01, ...,
         -4.89447739e-01, -4.25342120e-01,  0.00000000e+00]],

       [[ 0.00000000e+00, -1.44030612e-01, -2.41148748e-01, ...,
          9.81607802e-01,  8.68572868e-01,  7.79158625e-01],
        [ 1.44030612e-01,  0.00000000e+00, -9.88543416e-02, ...,
          9.43876113e-01,  7.88140439e-01,  6.80752272e-01],
        [ 2.41148748e-01,  9.88543416e-02,  0.00000000e+00, ...,
          9.06601368e-01,  7.23435662e-01,  6.05005728e-01],
        ...,
        [-9.81607802e-01, -9.43876113e-01, -9.06601368e-01, ...,
          0.00000000e+00,  3.20628912e-01,  4.66549936e-01],
        [-8.68572868e-01, -7.88140439e-01, -7.23435662e-01, ...,
         -3.20628912e-01,  0.00000000e+00,  1.58323756e-01],
        [-7.79158625e-01, -6.80752272e-01, -6.05005728e-01, ...,
         -4.66549936e-01, -1.58323756e-01,  0.00000000e+00]]]), 'num': array([ 7.02203373e-01,  7.02203373e-01,  0.00000000e+00,  6.71728000e-04,
        6.78077036e-04,  6.65378965e-04,  1.17547524e-01, -5.07922874e-06,
        6.66394810e-04,  6.47760390e-04,  6.06481075e-04,  9.23496134e-07,
        6.74268280e-04,  6.21252500e-04])}
{'img': array([[[ 0.        ,  0.2816719 , -0.23959151, ...,  0.66647436,
          0.23959151,  0.59613089],
        [-0.2816719 ,  0.        , -0.5033585 , ...,  0.84948361,
          0.5033585 ,  0.7981448 ],
        [ 0.23959151,  0.5033585 ,  0.        , ...,  0.46844031,
          0.        ,  0.38640289],
        ...,
        [-0.66647436, -0.84948361, -0.46844031, ...,  0.        ,
          0.46844031,  0.09067152],
        [-0.23959151, -0.5033585 , -0.        , ..., -0.46844031,
          0.        , -0.38640289],
        [-0.59613089, -0.7981448 , -0.38640289, ..., -0.09067152,
          0.38640289,  0.        ]],

       [[ 0.        , -0.16170463, -0.3316788 , ...,  0.11245013,
          0.53754576, -0.05555222],
        [ 0.16170463,  0.        , -0.17476273, ...,  0.27164919,
          0.66682616,  0.10663381],
        [ 0.3316788 ,  0.17476273,  0.        , ...,  0.43565968,
          0.7867996 ,  0.27875907],
        ...,
        [-0.11245013, -0.27164919, -0.43565968, ...,  0.        ,
          0.43931447, -0.16747635],
        [-0.53754576, -0.66682616, -0.7867996 , ..., -0.43931447,
          0.        , -0.58355923],
        [ 0.05555222, -0.10663381, -0.27875907, ...,  0.16747635,
          0.58355923,  0.        ]],

       [[ 0.        , -0.04680519, -0.25141229, ...,  0.81229253,
          0.66022283,  0.25141229],
        [ 0.04680519,  0.        , -0.20583494, ...,  0.78410315,
          0.62434529,  0.20583494],
        [ 0.25141229,  0.20583494,  0.        , ...,  0.63956549,
          0.45018835,  0.        ],
        ...,
        [-0.81229253, -0.78410315, -0.63956549, ...,  0.        ,
          0.22501326,  0.63956549],
        [-0.66022283, -0.62434529, -0.45018835, ..., -0.22501326,
          0.        ,  0.45018835],
        [-0.25141229, -0.20583494, -0.        , ..., -0.63956549,
         -0.45018835,  0.        ]],

       ...,

       [[ 0.        ,  0.48988424,  0.52635028, ...,  0.95959478,
          0.90105643,  0.86640232],
        [-0.48988424,  0.        ,  0.04233278, ...,  0.9744091 ,
          0.99799344,  0.99994073],
        [-0.52635028, -0.04233278,  0.        , ...,  0.96401997,
          0.9944184 ,  0.99950524],
        ...,
        [-0.95959478, -0.9744091 , -0.96401997, ...,  0.        ,
          0.16263374,  0.23537724],
        [-0.90105643, -0.99799344, -0.9944184 , ..., -0.16263374,
          0.        ,  0.07417915],
        [-0.86640232, -0.99994073, -0.99950524, ..., -0.23537724,
         -0.07417915,  0.        ]],

       [[ 0.        , -0.01269564, -0.03221932, ...,  0.9012865 ,
          0.98019059,  0.99807065],
        [ 0.01269564,  0.        , -0.01952768, ...,  0.90671391,
          0.98262605,  0.99720196],
        [ 0.03221932,  0.01952768,  0.        , ...,  0.91477674,
          0.98606295,  0.99555202],
        ...,
        [-0.9012865 , -0.90671391, -0.91477674, ...,  0.        ,
          0.24613595,  0.48834724],
        [-0.98019059, -0.98262605, -0.98606295, ..., -0.24613595,
          0.        ,  0.258533  ],
        [-0.99807065, -0.99720196, -0.99555202, ..., -0.48834724,
         -0.258533  ,  0.        ]],

       [[ 0.        , -0.09659724, -0.25227087, ...,  0.91928467,
          0.90715318,  0.66900304],
        [ 0.09659724,  0.        , -0.15761818, ...,  0.87696566,
          0.86226276,  0.59407765],
        [ 0.25227087,  0.15761818,  0.        , ...,  0.79025981,
          0.7716571 ,  0.45986248],
        ...,
        [-0.91928467, -0.87696566, -0.79025981, ...,  0.        ,
          0.02978608,  0.41995211],
        [-0.90715318, -0.86226276, -0.7716571 , ..., -0.02978608,
          0.        ,  0.39273353],
        [-0.66900304, -0.59407765, -0.45986248, ..., -0.41995211,
         -0.39273353,  0.        ]]]), 'num': array([ 9.62326093e-01,  1.79207816e-01,  1.50310610e-05,  9.18075354e-04,
        9.39221044e-04,  9.16313213e-04,  2.04466307e-01, -1.40971264e-05,
        9.27943343e-04,  9.01511231e-04,  8.44256339e-04,  1.10763136e-06,
        9.35923093e-04,  8.67099368e-04])}
{'img': array([[[ 0.        , -0.5033585 ,  0.        , ...,  0.5033585 ,
          0.7981448 ,  0.94051404],
        [ 0.5033585 ,  0.        ,  0.5033585 , ...,  0.        ,
          0.38640289,  0.6416587 ],
        [ 0.        , -0.5033585 ,  0.        , ...,  0.5033585 ,
          0.7981448 ,  0.94051404],
        ...,
        [-0.5033585 , -0.        , -0.5033585 , ...,  0.        ,
         -0.38640289, -0.6416587 ],
        [-0.7981448 , -0.38640289, -0.7981448 , ...,  0.38640289,
          0.        , -0.29545387],
        [-0.94051404, -0.6416587 , -0.94051404, ...,  0.6416587 ,
          0.29545387,  0.        ]],

       [[ 0.        , -0.17476273,  0.03905738, ...,  0.66682616,
          0.10663381,  0.38908537],
        [ 0.17476273,  0.        ,  0.21308569, ...,  0.7867996 ,
          0.27875907,  0.5440893 ],
        [-0.03905738, -0.21308569,  0.        , ...,  0.63721127,
          0.06771775,  0.35280876],
        ...,
        [-0.66682616, -0.7867996 , -0.63721127, ...,  0.        ,
         -0.58355923, -0.3243298 ],
        [-0.10663381, -0.27875907, -0.06771775, ...,  0.58355923,
          0.        ,  0.2886357 ],
        [-0.38908537, -0.5440893 , -0.35280876, ...,  0.3243298 ,
         -0.2886357 ,  0.        ]],

       [[ 0.        , -0.2039006 ,  0.        , ...,  0.67902971,
          0.4628647 ,  0.2039006 ],
        [ 0.2039006 ,  0.        ,  0.2039006 , ...,  0.51507875,
          0.27239726,  0.        ],
        [ 0.        , -0.2039006 ,  0.        , ...,  0.67902971,
          0.4628647 ,  0.2039006 ],
        ...,
        [-0.67902971, -0.51507875, -0.67902971, ...,  0.        ,
          0.26211762,  0.51507875],
        [-0.4628647 , -0.27239726, -0.4628647 , ..., -0.26211762,
          0.        ,  0.27239726],
        [-0.2039006 , -0.        , -0.2039006 , ..., -0.51507875,
         -0.27239726,  0.        ]],

       ...,

       [[ 0.        ,  0.12845413, -0.11434497, ...,  0.95722638,
          0.93193563,  0.99954624],
        [-0.12845413,  0.        , -0.24100928, ...,  0.98646311,
          0.97079548,  0.99513471],
        [ 0.11434497,  0.24100928,  0.        , ...,  0.91786346,
          0.88435896,  0.98954604],
        ...,
        [-0.95722638, -0.98646311, -0.91786346, ...,  0.        ,
          0.07746673, -0.26037538],
        [-0.93193563, -0.97079548, -0.88435896, ..., -0.07746673,
          0.        , -0.33438764],
        [-0.99954624, -0.99513471, -0.98954604, ...,  0.26037538,
          0.33438764,  0.        ]],

       [[ 0.        , -0.0195006 , -0.03545492, ...,  0.98075771,
          0.99999905,  0.99709661],
        [ 0.0195006 ,  0.        , -0.01595984, ...,  0.9843783 ,
          0.99983581,  0.9954221 ],
        [ 0.03545492,  0.01595984,  0.        , ...,  0.98706291,
          0.99941927,  0.99376993],
        ...,
        [-0.98075771, -0.9843783 , -0.98706291, ...,  0.        ,
          0.19387467,  0.2693437 ],
        [-0.99999905, -0.99983581, -0.99941927, ..., -0.19387467,
          0.        ,  0.0775234 ],
        [-0.99709661, -0.9954221 , -0.99376993, ..., -0.2693437 ,
         -0.0775234 ,  0.        ]],

       [[ 0.        , -0.15441923, -0.26297728, ...,  0.925748  ,
          0.84874102,  0.58400612],
        [ 0.15441923,  0.        , -0.110839  , ...,  0.85625179,
          0.75690249,  0.45165152],
        [ 0.26297728,  0.110839  ,  0.        , ...,  0.79372104,
          0.67980238,  0.34997868],
        ...,
        [-0.925748  , -0.85625179, -0.79372104, ...,  0.        ,
          0.16859981,  0.53063856],
        [-0.84874102, -0.75690249, -0.67980238, ..., -0.16859981,
          0.        ,  0.38013735],
        [-0.58400612, -0.45165152, -0.34997868, ..., -0.53063856,
         -0.38013735,  0.        ]]]), 'num': array([ 9.76931534e-01,  1.54280641e-01,  1.59428468e-05,  9.30600557e-04,
        9.41421494e-04,  9.26993578e-04,  1.47632781e-01, -9.01744726e-06,
        9.47192660e-04,  9.24107995e-04,  8.66441420e-04,  9.56395921e-07,
        9.58124694e-04,  8.90091296e-04])}
{'img': array([[[ 0.        ,  0.5033585 ,  0.56477824, ...,  0.38640289,
          0.6416587 ,  0.74244871],
        [-0.5033585 ,  0.        ,  0.07261932, ...,  0.7981448 ,
          0.94051404,  0.97873468],
        [-0.56477824, -0.07261932,  0.        , ...,  0.83978813,
          0.9627036 ,  0.99104698],
        ...,
        [-0.38640289, -0.7981448 , -0.83978813, ...,  0.        ,
         -0.29545387, -0.42593037],
        [-0.6416587 , -0.94051404, -0.9627036 , ...,  0.29545387,
          0.        , -0.13960192],
        [-0.74244871, -0.97873468, -0.99104698, ...,  0.42593037,
          0.13960192,  0.        ]],

       [[ 0.        ,  0.21308569,  0.31252036, ...,  0.27875907,
          0.5440893 ,  0.13576906],
        [-0.21308569,  0.        ,  0.10293041, ...,  0.06771775,
          0.35280876, -0.0784617 ],
        [-0.31252036, -0.10293041,  0.        , ..., -0.03533606,
          0.25462332, -0.18065805],
        ...,
        [-0.27875907, -0.06771775,  0.03533606, ...,  0.        ,
          0.2886357 , -0.14579059],
        [-0.5440893 , -0.35280876, -0.25462332, ..., -0.2886357 ,
          0.        , -0.42513736],
        [-0.13576906,  0.0784617 ,  0.18065805, ...,  0.14579059,
          0.42513736,  0.        ]],

       [[ 0.        ,  0.2039006 ,  0.37636717, ...,  0.27239726,
          0.        ,  0.24074567],
        [-0.2039006 ,  0.        ,  0.17955239, ...,  0.4628647 ,
          0.2039006 ,  0.43359151],
        [-0.37636717, -0.17955239,  0.        , ...,  0.61450285,
          0.37636717,  0.58834133],
        ...,
        [-0.27239726, -0.4628647 , -0.61450285, ...,  0.        ,
          0.27239726,  0.03274374],
        [-0.        , -0.2039006 , -0.37636717, ..., -0.27239726,
          0.        , -0.24074567],
        [-0.24074567, -0.43359151, -0.58834133, ..., -0.03274374,
          0.24074567,  0.        ]],

       ...,

       [[ 0.        , -0.24100928,  0.11672   , ...,  0.97079548,
          0.99513471,  0.91255788],
        [ 0.24100928,  0.        ,  0.35264137, ...,  0.88435896,
          0.98954604,  0.9842184 ],
        [-0.11672   , -0.35264137,  0.        , ...,  0.99216209,
          0.97683316,  0.85858807],
        ...,
        [-0.97079548, -0.88435896, -0.99216209, ...,  0.        ,
         -0.33438764, -0.61593493],
        [-0.99513471, -0.98954604, -0.97683316, ...,  0.33438764,
          0.        , -0.31704943],
        [-0.91255788, -0.9842184 , -0.85858807, ...,  0.61593493,
          0.31704943,  0.        ]],

       [[ 0.        , -0.01593723, -0.03867194, ...,  0.99990667,
          0.99983748,  0.99528527],
        [ 0.01593723,  0.        , -0.02274172, ...,  0.99999741,
          0.99942318,  0.9936131 ],
        [ 0.03867194,  0.02274172,  0.        , ...,  0.99968703,
          0.99839239,  0.99078993],
        ...,
        [-0.99990667, -0.99999741, -0.99968703, ...,  0.        ,
          0.03168592,  0.11057926],
        [-0.99983748, -0.99942318, -0.99839239, ..., -0.03168592,
          0.        ,  0.07903213],
        [-0.99528527, -0.9936131 , -0.99078993, ..., -0.11057926,
         -0.07903213,  0.        ]],

       [[ 0.        , -0.10973146, -0.21794754, ...,  0.8085251 ,
          0.67545759,  0.44755296],
        [ 0.10973146,  0.        , -0.10953784, ...,  0.73906988,
          0.59046284,  0.34672213],
        [ 0.21794754,  0.10953784,  0.        , ...,  0.66083478,
          0.49850566,  0.2418928 ],
        ...,
        [-0.8085251 , -0.73906988, -0.66083478, ...,  0.        ,
          0.19872456,  0.45966181],
        [-0.67545759, -0.59046284, -0.49850566, ..., -0.19872456,
          0.        ,  0.27400794],
        [-0.44755296, -0.34672213, -0.2418928 , ..., -0.45966181,
         -0.27400794,  0.        ]]]), 'num': array([9.81325917e-01, 1.52486150e-01, 1.57574100e-05, 9.37601546e-04,
       9.37601546e-04, 9.19776422e-04, 1.17220657e-01, 1.78251245e-05,
       9.35819034e-04, 9.15587518e-04, 8.59215562e-04, 1.05543500e-06,
       9.49432261e-04, 8.81742774e-04])}
{'img': array([[[ 0.        ,  0.08773675, -0.05097406, ...,  0.90529559,
          0.95632359,  0.81953047],
        [-0.08773675,  0.        , -0.13840018, ...,  0.9390735 ,
          0.97828205,  0.86664639],
        [ 0.05097406,  0.13840018,  0.        , ...,  0.88246581,
          0.94018011,  0.78925511],
        ...,
        [-0.90529559, -0.9390735 , -0.88246581, ...,  0.        ,
         -0.14160216,  0.17064467],
        [-0.95632359, -0.97828205, -0.94018011, ...,  0.14160216,
          0.        ,  0.30845042],
        [-0.81953047, -0.86664639, -0.78925511, ..., -0.17064467,
         -0.30845042,  0.        ]],

       [[ 0.        ,  0.10293041, -0.42425863, ...,  0.35280876,
         -0.0784617 , -0.32584492],
        [-0.10293041,  0.        , -0.51521292, ...,  0.25462332,
         -0.18065805, -0.42142702],
        [ 0.42425863,  0.51521292,  0.        , ...,  0.71645969,
          0.3519004 ,  0.10603801],
        ...,
        [-0.35280876, -0.25462332, -0.71645969, ...,  0.        ,
         -0.42513736, -0.63844521],
        [ 0.0784617 ,  0.18065805, -0.3519004 , ...,  0.42513736,
          0.        , -0.25066086],
        [ 0.32584492,  0.42142702, -0.10603801, ...,  0.63844521,
          0.25066086,  0.        ]],

       [[ 0.        ,  0.32146505,  0.37304522, ...,  0.        ,
          0.24200097,  0.25843098],
        [-0.32146505,  0.        ,  0.05498501, ...,  0.32146505,
          0.54106573,  0.55525863],
        [-0.37304522, -0.05498501,  0.        , ...,  0.37304522,
          0.58648851,  0.60014843],
        ...,
        [-0.        , -0.32146505, -0.37304522, ...,  0.        ,
         -0.24200097, -0.25843098],
        [-0.24200097, -0.54106573, -0.58648851, ...,  0.24200097,
          0.        , -0.01696926],
        [-0.25843098, -0.55525863, -0.60014843, ...,  0.25843098,
          0.01696926,  0.        ]],

       ...,

       [[ 0.        ,  0.35264137,  0.54926612, ...,  0.98954604,
          0.9842184 ,  0.99968662],
        [-0.35264137,  0.        ,  0.21929659, ...,  0.97683316,
          0.85858807,  0.94429304],
        [-0.54926612, -0.21929659,  0.        , ...,  0.90612535,
          0.72526259,  0.8491355 ],
        ...,
        [-0.98954604, -0.97683316, -0.90612535, ...,  0.        ,
         -0.31704943, -0.11940062],
        [-0.9842184 , -0.85858807, -0.72526259, ...,  0.31704943,
          0.        ,  0.20154068],
        [-0.99968662, -0.94429304, -0.8491355 , ...,  0.11940062,
         -0.20154068,  0.        ]],

       [[ 0.        , -0.02242182, -0.07076144, ...,  0.99054981,
          0.99212745,  0.99190975],
        [ 0.02242182,  0.        , -0.04837804, ...,  0.99337602,
          0.99468596,  0.98881405],
        [ 0.07076144,  0.04837804,  0.        , ...,  0.99777194,
          0.99850207,  0.98044048],
        ...,
        [-0.99054981, -0.99337602, -0.99777194, ...,  0.        ,
          0.01202487,  0.26178924],
        [-0.99212745, -0.99468596, -0.99850207, ..., -0.01202487,
          0.        ,  0.25016481],
        [-0.99190975, -0.98881405, -0.98044048, ..., -0.26178924,
         -0.25016481,  0.        ]],

       [[ 0.        , -0.10872827, -0.34428618, ...,  0.65833081,
          0.55847391,  0.34428618],
        [ 0.10872827,  0.        , -0.24016395, ...,  0.57258501,
          0.4649705 ,  0.24016395],
        [ 0.34428618,  0.24016395,  0.        , ...,  0.35892949,
          0.23873847,  0.        ],
        ...,
        [-0.65833081, -0.57258501, -0.35892949, ...,  0.        ,
          0.12572059,  0.35892949],
        [-0.55847391, -0.4649705 , -0.23873847, ..., -0.12572059,
          0.        ,  0.23873847],
        [-0.34428618, -0.24016395, -0.        , ..., -0.35892949,
         -0.23873847,  0.        ]]]), 'num': array([ 9.92707058e-01,  4.33467588e-02,  1.80830533e-05,  9.48411887e-04,
        9.48411887e-04,  9.39379393e-04,  1.12458093e-01, -1.80649883e-06,
        9.45521489e-04,  9.29533974e-04,  8.73427131e-04,  1.12906177e-06,
        9.64478872e-04,  8.94589077e-04])}
{'img': array([[[ 0.        , -0.13840018,  0.19019751, ...,  0.97828205,
          0.86664639,  0.88492133],
        [ 0.13840018,  0.        ,  0.32424093, ...,  0.94018011,
          0.78925511,  0.81194662],
        [-0.19019751, -0.32424093,  0.        , ...,  0.99984813,
          0.94572038,  0.95735053],
        ...,
        [-0.97828205, -0.94018011, -0.99984813, ...,  0.        ,
          0.30845042,  0.27220074],
        [-0.86664639, -0.78925511, -0.94572038, ..., -0.30845042,
          0.        , -0.03787514],
        [-0.88492133, -0.81194662, -0.95735053, ..., -0.27220074,
          0.03787514,  0.        ]],

       [[ 0.        , -0.51521292, -0.14610959, ..., -0.18065805,
         -0.42142702, -0.47917107],
        [ 0.51521292,  0.        ,  0.38445886, ...,  0.3519004 ,
          0.10603801,  0.04153405],
        [ 0.14610959, -0.38445886,  0.        , ..., -0.03501381,
         -0.28440315, -0.34578527],
        ...,
        [ 0.18065805, -0.3519004 ,  0.03501381, ...,  0.        ,
         -0.25066086, -0.31271932],
        [ 0.42142702, -0.10603801,  0.28440315, ...,  0.25066086,
          0.        , -0.06464663],
        [ 0.47917107, -0.04153405,  0.34578527, ...,  0.31271932,
          0.06464663,  0.        ]],

       [[ 0.        ,  0.19716274,  0.31929492, ...,  0.24522715,
          0.26186837,  0.36703483],
        [-0.19716274,  0.        ,  0.12618508, ...,  0.43155603,
          0.44701057,  0.54323242],
        [-0.31929492, -0.12618508,  0.        , ...,  0.54193629,
          0.55631365,  0.64483298],
        ...,
        [-0.24522715, -0.43155603, -0.54193629, ...,  0.        ,
         -0.01720278, -0.1277156 ],
        [-0.26186837, -0.44701057, -0.55631365, ...,  0.01720278,
          0.        , -0.1106348 ],
        [-0.36703483, -0.54323242, -0.64483298, ...,  0.1277156 ,
          0.1106348 ,  0.        ]],

       ...,

       [[ 0.        ,  0.44290897,  0.62724791, ...,  0.97638952,
          0.99997319,  0.99460271],
        [-0.44290897,  0.        ,  0.2174233 , ...,  0.77972218,
          0.89329923,  0.93768231],
        [-0.62724791, -0.2174233 ,  0.        , ...,  0.6249349 ,
          0.77420559,  0.83969728],
        ...,
        [-0.97638952, -0.77972218, -0.6249349 , ...,  0.        ,
          0.20886173,  0.31615837],
        [-0.99997319, -0.89329923, -0.77420559, ..., -0.20886173,
          0.        ,  0.11103709],
        [-0.99460271, -0.93768231, -0.83969728, ..., -0.31615837,
         -0.11103709,  0.        ]],

       [[ 0.        , -0.04779017, -0.12165067, ...,  0.9827402 ,
          0.99697067,  0.98689934],
        [ 0.04779017,  0.        , -0.07407644, ...,  0.99045808,
          0.99954857,  0.97806138],
        [ 0.12165067,  0.07407644,  0.        , ...,  0.99794566,
          0.99902794,  0.95994284],
        ...,
        [-0.9827402 , -0.99045808, -0.99794566, ...,  0.        ,
          0.10799467,  0.34112009],
        [-0.99697067, -0.99954857, -0.99902794, ..., -0.10799467,
          0.        ,  0.23760792],
        [-0.98689934, -0.97806138, -0.95994284, ..., -0.34112009,
         -0.23760792,  0.        ]],

       [[ 0.        , -0.23934211, -0.09765941, ...,  0.50947237,
          0.39716772,  0.23934211],
        [ 0.23934211,  0.        ,  0.14337706, ...,  0.28871393,
          0.16596889,  0.        ],
        [ 0.09765941, -0.14337706,  0.        , ...,  0.42300238,
          0.30564268,  0.14337706],
        ...,
        [-0.50947237, -0.28871393, -0.42300238, ...,  0.        ,
          0.12580859,  0.28871393],
        [-0.39716772, -0.16596889, -0.30564268, ..., -0.12580859,
          0.        ,  0.16596889],
        [-0.23934211, -0.        , -0.14337706, ..., -0.28871393,
         -0.16596889,  0.        ]]]), 'num': array([9.76758308e-01, 2.94210854e-02, 1.79419929e-05, 9.33337165e-04,
       9.33337165e-04, 9.17428009e-04, 2.12299170e-01, 5.30305207e-06,
       9.24852282e-04, 9.11594652e-04, 8.57282560e-04, 1.11388308e-06,
       9.46361900e-04, 8.76827403e-04])}
{'img': array([[[ 0.00000000e+00,  3.24240926e-01,  3.38589041e-01, ...,
          7.89255109e-01,  8.11946618e-01,  7.34764168e-01],
        [-3.24240926e-01,  0.00000000e+00,  1.52071846e-02, ...,
          9.45720384e-01,  9.57350529e-01,  9.15008157e-01],
        [-3.38589041e-01, -1.52071846e-02,  0.00000000e+00, ...,
          9.50553078e-01,  9.61633622e-01,  9.21037465e-01],
        ...,
        [-7.89255109e-01, -9.45720384e-01, -9.50553078e-01, ...,
          0.00000000e+00, -3.78751417e-02,  8.41763295e-02],
        [-8.11946618e-01, -9.57350529e-01, -9.61633622e-01, ...,
          3.78751417e-02,  0.00000000e+00,  1.21856649e-01],
        [-7.34764168e-01, -9.15008157e-01, -9.21037465e-01, ...,
         -8.41763295e-02, -1.21856649e-01,  0.00000000e+00]],

       [[ 0.00000000e+00,  3.84458861e-01,  1.05255048e-01, ...,
          1.06038013e-01,  4.15340513e-02,  7.49654511e-01],
        [-3.84458861e-01,  0.00000000e+00, -2.85157923e-01, ...,
         -2.84403155e-01, -3.45785275e-01,  4.37591494e-01],
        [-1.05255048e-01,  2.85157923e-01,  0.00000000e+00, ...,
          7.87371032e-04, -6.38608821e-02,  6.75829493e-01],
        ...,
        [-1.06038013e-01,  2.84403155e-01, -7.87371032e-04, ...,
          0.00000000e+00, -6.46466262e-02,  6.75248946e-01],
        [-4.15340513e-02,  3.45785275e-01,  6.38608821e-02, ...,
          6.46466262e-02,  0.00000000e+00,  7.21519171e-01],
        [-7.49654511e-01, -4.37591494e-01, -6.75829493e-01, ...,
         -6.75248946e-01, -7.21519171e-01,  0.00000000e+00]],

       [[ 0.00000000e+00,  2.54926807e-01,  4.34066033e-01, ...,
          2.63139815e-01,  3.68783252e-01,  3.79698885e-01],
        [-2.54926807e-01,  0.00000000e+00,  1.90065913e-01, ...,
          5.00388371e-01,  5.93557181e-01,  6.02989140e-01],
        [-4.34066033e-01, -1.90065913e-01,  0.00000000e+00, ...,
          6.55826226e-01,  7.35700916e-01,  7.43622418e-01],
        ...,
        [-2.63139815e-01, -5.00388371e-01, -6.55826226e-01, ...,
          0.00000000e+00, -1.11193970e-01, -1.22884117e-01],
        [-3.68783252e-01, -5.93557181e-01, -7.35700916e-01, ...,
          1.11193970e-01,  0.00000000e+00, -1.17708454e-02],
        [-3.79698885e-01, -6.02989140e-01, -7.43622418e-01, ...,
          1.22884117e-01,  1.17708454e-02,  0.00000000e+00]],

       ...,

       [[ 0.00000000e+00,  4.82617042e-01,  7.83573125e-01, ...,
          9.98060008e-01,  9.98493064e-01,  9.97319429e-01],
        [-4.82617042e-01,  0.00000000e+00,  3.86428253e-01, ...,
          8.44084977e-01,  9.00996746e-01,  9.08797199e-01],
        [-7.83573125e-01, -3.86428253e-01,  0.00000000e+00, ...,
          5.71309536e-01,  6.63364278e-01,  6.76968753e-01],
        ...,
        [-9.98060008e-01, -8.44084977e-01, -5.71309536e-01, ...,
          0.00000000e+00,  1.16937072e-01,  1.35121197e-01],
        [-9.98493064e-01, -9.00996746e-01, -6.63364278e-01, ...,
         -1.16937072e-01,  0.00000000e+00,  1.83295238e-02],
        [-9.97319429e-01, -9.08797199e-01, -6.76968753e-01, ...,
         -1.35121197e-01, -1.83295238e-02,  0.00000000e+00]],

       [[ 0.00000000e+00, -7.30978930e-02, -1.61725544e-01, ...,
          9.91764213e-01,  9.99404355e-01,  9.75184383e-01],
        [ 7.30978930e-02,  0.00000000e+00, -8.91572754e-02, ...,
          9.98473183e-01,  9.99253322e-01,  9.56392087e-01],
        [ 1.61725544e-01,  8.91572754e-02,  0.00000000e+00, ...,
          9.99421747e-01,  9.91829108e-01,  9.26541729e-01],
        ...,
        [-9.91764213e-01, -9.98473183e-01, -9.99421747e-01, ...,
          0.00000000e+00,  9.37751135e-02,  3.44469702e-01],
        [-9.99404355e-01, -9.99253322e-01, -9.91829108e-01, ...,
         -9.37751135e-02,  0.00000000e+00,  2.54915928e-01],
        [-9.75184383e-01, -9.56392087e-01, -9.26541729e-01, ...,
         -3.44469702e-01, -2.54915928e-01,  0.00000000e+00]],

       [[ 0.00000000e+00,  1.42631020e-01,  2.59703539e-01, ...,
          2.60739224e-01,  2.03217691e-01,  0.00000000e+00],
        [-1.42631020e-01,  0.00000000e+00,  1.19311192e-01, ...,
          3.95770716e-01,  3.40794801e-01,  1.42631020e-01],
        [-2.59703539e-01, -1.19311192e-01,  0.00000000e+00, ...,
          5.02513046e-01,  4.50529422e-01,  2.59703539e-01],
        ...,
        [-2.60739224e-01, -3.95770716e-01, -5.02513046e-01, ...,
          0.00000000e+00,  5.91102872e-02,  2.60739224e-01],
        [-2.03217691e-01, -3.40794801e-01, -4.50529422e-01, ...,
         -5.91102872e-02,  0.00000000e+00,  2.03217691e-01],
        [-0.00000000e+00, -1.42631020e-01, -2.59703539e-01, ...,
         -2.60739224e-01, -2.03217691e-01,  0.00000000e+00]]]), 'num': array([9.84981471e-01, 2.91862684e-02, 1.77987933e-05, 9.41670151e-04,
       9.41670151e-04, 9.22380818e-04, 1.70155763e-01, 1.57821813e-05,
       9.23082248e-04, 9.07650782e-04, 8.53392227e-04, 1.14656873e-06,
       9.43043483e-04, 8.72258081e-04])}
{'img': array([[[ 0.        ,  0.01487386, -0.13037085, ...,  0.98239192,
          0.96003816,  0.63763947],
        [-0.01487386,  0.        , -0.14510335, ...,  0.98506215,
          0.96409469,  0.64902679],
        [ 0.13037085,  0.14510335,  0.        , ...,  0.94965007,
          0.91535774,  0.53176819],
        ...,
        [-0.98239192, -0.98506215, -0.94965007, ...,  0.        ,
          0.09557551,  0.63763947],
        [-0.96003816, -0.96409469, -0.91535774, ..., -0.09557551,
          0.        ,  0.56109532],
        [-0.63763947, -0.64902679, -0.53176819, ..., -0.63763947,
         -0.56109532,  0.        ]],

       [[ 0.        , -0.28515792, -0.05290373, ..., -0.34578527,
          0.43759149,  0.16840209],
        [ 0.28515792,  0.        ,  0.23405139, ..., -0.06386088,
          0.67582949,  0.44249553],
        [ 0.05290373, -0.23405139,  0.        , ..., -0.29566075,
          0.48454836,  0.22031445],
        ...,
        [ 0.34578527,  0.06386088,  0.29566075, ...,  0.        ,
          0.72151917,  0.49886089],
        [-0.43759149, -0.67582949, -0.48454836, ..., -0.72151917,
          0.        , -0.27991922],
        [-0.16840209, -0.44249553, -0.22031445, ..., -0.49886089,
          0.27991922,  0.        ]],

       [[ 0.        ,  0.2820086 ,  0.32026434, ...,  0.45737875,
          0.4678927 ,  0.18803225],
        [-0.2820086 ,  0.        ,  0.04011071, ...,  0.68959695,
          0.69813686,  0.45737875],
        [-0.32026434, -0.04011071,  0.        , ...,  0.7180899 ,
          0.72629286,  0.49268   ],
        ...,
        [-0.45737875, -0.68959695, -0.7180899 , ...,  0.        ,
         -0.01185927,  0.2820086 ],
        [-0.4678927 , -0.69813686, -0.72629286, ...,  0.01185927,
          0.        ,  0.29336669],
        [-0.18803225, -0.45737875, -0.49268   , ..., -0.2820086 ,
         -0.29336669,  0.        ]],

       ...,

       [[ 0.        ,  0.68491855,  0.59870477, ...,  0.99997048,
          0.99993014,  0.99480113],
        [-0.68491855,  0.        , -0.11237101, ...,  0.72333576,
          0.7366647 ,  0.79458148],
        [-0.59870477,  0.11237101,  0.        , ...,  0.79634617,
          0.80799072,  0.85777576],
        ...,
        [-0.99997048, -0.72333576, -0.79634617, ...,  0.        ,
          0.01950266,  0.10947696],
        [-0.99993014, -0.7366647 , -0.80799072, ..., -0.01950266,
          0.        ,  0.0900707 ],
        [-0.99480113, -0.79458148, -0.85777576, ..., -0.10947696,
         -0.0900707 ,  0.        ]],

       [[ 0.        , -0.08740653, -0.14314453, ...,  0.99510687,
          0.999949  ,  0.95049625],
        [ 0.08740653,  0.        , -0.05609027, ...,  0.99993448,
          0.99700464,  0.91969808],
        [ 0.14314453,  0.05609027,  0.        , ...,  0.99900237,
          0.99109694,  0.89622769],
        ...,
        [-0.99510687, -0.99993448, -0.99900237, ...,  0.        ,
          0.08874986,  0.4031288 ],
        [-0.999949  , -0.99700464, -0.99109694, ..., -0.08874986,
          0.        ,  0.3203192 ],
