state_0,state_1,state_2,state_3,state_4,state_5,state_6,state_7,state_8,state_9,state_10,state_11,state_12,state_13,state_14,state_15,state_16,state_17,state_18,state_19,state_20,state_21,state_22,state_23,state_24,state_25,state_26,state_27,state_28,state_29,state_30,state_31,state_32,state_33,state_34,state_35,state_36,state_37,state_38,state_39,state_40,state_41,state_42,state_43,state_44,state_45,state_46,state_47,state_48,state_49,state_50,state_51,state_52,state_53,state_54,state_55,state_56,state_57,state_58,state_59,state_60,state_61,state_62,state_63,state_64,state_65,state_66,state_67,state_68,state_69,state_70,state_71,state_72,state_73,state_74,state_75,state_76,state_77,state_78,state_79,state_80,state_81,state_82,state_83,state_84,state_85,state_86,state_87,state_88,state_89,state_90,state_91,state_92,state_93,state_94,state_95,state_96,state_97,state_98,state_99,state_100,state_101,state_102,state_103,state_104,state_105,state_106,state_107,state_108,state_109,state_110,state_111,state_112,state_113,state_114,state_115,state_116,state_117,state_118,state_119,state_120,state_121,state_122,state_123,state_124,state_125,state_126,state_127,state_128,state_129,state_130,state_131,state_132,state_133,state_134,state_135,state_136,state_137,state_138,state_139,state_140,state_141,state_142,state_143,state_144,state_145,state_146,state_147,state_148,state_149,state_150,state_151,state_152,state_153,state_154,state_155,state_156,state_157,state_158,state_159,state_160,state_161,state_162,state_163,state_164,state_165,state_166,state_167,state_168,state_169,state_170,state_171,state_172,state_173,state_174,state_175,state_176,state_177,state_178,state_179,state_180,state_181,state_182,state_183,state_184,state_185,state_186,state_187,state_188,state_189,state_190,state_191,state_192,state_193,state_194,state_195,state_196,state_197,state_198,state_199,state_200,state_201,state_202,state_203,state_204,state_205,state_206,state_207,state_208,state_209,state_210,state_211,state_212,state_213,state_214,state_215,state_216,state_217,state_218,state_219,state_220,state_221,state_222,state_223,state_224,state_225,state_226,state_227,state_228,state_229,state_230,state_231,state_232,state_233,state_234,state_235,state_236,state_237,state_238,state_239,state_240,state_241,state_242,state_243,state_244,state_245,state_246,state_247,state_248,state_249,state_250,state_251,state_252,state_253,state_254,state_255,state_256,state_257,state_258,state_259,state_260,state_261,state_262,state_263,state_264,state_265,state_266,state_267,state_268,state_269,state_270,state_271,state_272,state_273,state_274,state_275,state_276,state_277,state_278,state_279,state_280,state_281,state_282,state_283,state_284,state_285,state_286,state_287
{'img': array([[[ 0.        ,  0.12282252,  0.54421869, ...,  0.99120353,
          0.91278686,  0.91680499],
        [-0.12282252,  0.        ,  0.43705708, ...,  0.96744367,
          0.85571067,  0.86081618],
        [-0.54421869, -0.43705708,  0.        , ...,  0.7595383 ,
          0.54349789,  0.55182181],
        ...,
        [-0.99120353, -0.96744367, -0.7595383 , ...,  0.        ,
         -0.28403941, -0.27448668],
        [-0.91278686, -0.85571067, -0.54349789, ...,  0.28403941,
          0.        ,  0.00994842],
        [-0.91680499, -0.86081618, -0.55182181, ...,  0.27448668,
         -0.00994842,  0.        ]],

       [[ 0.        , -0.02665941,  0.86759302, ...,  0.55390457,
          0.35646838, -0.03022322],
        [ 0.02665941,  0.        ,  0.88054171, ...,  0.5759038 ,
          0.38124976, -0.00356525],
        [-0.86759302, -0.88054171,  0.        , ..., -0.44689788,
         -0.63333578, -0.88222593],
        ...,
        [-0.55390457, -0.5759038 ,  0.44689788, ...,  0.        ,
         -0.22072864, -0.57881479],
        [-0.35646838, -0.38124976,  0.63333578, ...,  0.22072864,
          0.        , -0.38454331],
        [ 0.03022322,  0.00356525,  0.88222593, ...,  0.57881479,
          0.38454331,  0.        ]],

       [[ 0.        ,  0.42033623,  0.68062543, ...,  0.56474837,
          0.72730368,  0.79841672],
        [-0.42033623,  0.        ,  0.30962642, ...,  0.85932284,
          0.94841578,  0.97754477],
        [-0.68062543, -0.30962642,  0.        , ...,  0.97544758,
          0.99996962,  0.99475345],
        ...,
        [-0.56474837, -0.85932284, -0.97544758, ...,  0.        ,
         -0.21262121, -0.31886593],
        [-0.72730368, -0.94841578, -0.99996962, ...,  0.21262121,
          0.        , -0.11005263],
        [-0.79841672, -0.97754477, -0.99475345, ...,  0.31886593,
          0.11005263,  0.        ]],

       ...,

       [[ 0.        , -0.21868161,  0.37795051, ..., -0.85876916,
         -0.94683766, -0.99567155],
        [ 0.21868161,  0.        ,  0.57126377, ..., -0.72593945,
         -0.85356821, -0.99189723],
        [-0.37795051, -0.57126377,  0.        , ..., -0.98871839,
         -0.99819785, -0.88669104],
        ...,
        [ 0.85876916,  0.72593945,  0.98871839, ...,  0.        ,
         -0.20884816, -0.58996043],
        [ 0.94683766,  0.85356821,  0.99819785, ...,  0.20884816,
          0.        , -0.40831995],
        [ 0.99567155,  0.99189723,  0.88669104, ...,  0.58996043,
          0.40831995,  0.        ]],

       [[ 0.        ,  0.23520881,  0.53635327, ...,  0.41089721,
          0.53045841,  0.63236963],
        [-0.23520881,  0.        ,  0.32279108, ...,  0.613805  ,
          0.71496541,  0.79683687],
        [-0.53635327, -0.32279108,  0.        , ...,  0.83577806,
          0.90237604,  0.94921098],
        ...,
        [-0.41089721, -0.613805  , -0.83577806, ...,  0.        ,
         -0.13528714, -0.25821137],
        [-0.53045841, -0.71496541, -0.90237604, ...,  0.13528714,
          0.        , -0.12513815],
        [-0.63236963, -0.79683687, -0.94921098, ...,  0.25821137,
          0.12513815,  0.        ]],

       [[ 0.        , -0.037512  , -0.32753659, ...,  0.99911994,
          0.94994398,  0.57471667],
        [ 0.037512  ,  0.        , -0.29186328, ...,  0.99684332,
          0.93755588,  0.54361414],
        [ 0.32753659,  0.29186328,  0.        , ...,  0.93026863,
          0.79521457,  0.27497407],
        ...,
        [-0.99911994, -0.99684332, -0.93026863, ...,  0.        ,
          0.27230044,  0.79352607],
        [-0.94994398, -0.93755588, -0.79521457, ..., -0.27230044,
          0.        ,  0.59783584],
        [-0.57471667, -0.54361414, -0.27497407, ..., -0.79352607,
         -0.59783584,  0.        ]]]), 'num': array([ 9.99999836e-01,  5.87307419e-05,  1.22692162e-05,  1.82804593e-04,
        1.87290595e-04,  1.82580293e-04,  2.08294058e-04, -3.58880183e-06,
        1.88187796e-04,  1.92494358e-04,  1.77369054e-04,  7.50917773e-08,
        2.04375575e-04,  1.80613140e-04])}
{'img': array([[[ 0.        ,  0.43705708,  0.21576823, ...,  0.85571067,
          0.86081618,  0.77172977],
        [-0.43705708,  0.        , -0.2326928 , ...,  0.54349789,
          0.55182181,  0.4161731 ],
        [-0.21576823,  0.2326928 ,  0.        , ...,  0.72390382,
          0.73073142,  0.61633343],
        ...,
        [-0.85571067, -0.54349789, -0.72390382, ...,  0.        ,
          0.00994842, -0.14485462],
        [-0.86081618, -0.55182181, -0.73073142, ..., -0.00994842,
          0.        , -0.15469094],
        [-0.77172977, -0.4161731 , -0.61633343, ...,  0.14485462,
          0.15469094,  0.        ]],

       [[ 0.        ,  0.88054171,  0.50637171, ...,  0.38124976,
         -0.00356525,  0.33375719],
        [-0.88054171,  0.        , -0.51930027, ..., -0.63333578,
         -0.88222593, -0.67186019],
        [-0.50637171,  0.51930027,  0.        , ..., -0.139369  ,
         -0.50944286, -0.18953196],
        ...,
        [-0.38124976,  0.63333578,  0.139369  , ...,  0.        ,
         -0.38454331, -0.05083935],
        [ 0.00356525,  0.88222593,  0.50944286, ...,  0.38454331,
          0.        ,  0.33711588],
        [-0.33375719,  0.67186019,  0.18953196, ...,  0.05083935,
         -0.33711588,  0.        ]],

       [[ 0.        ,  0.57695343,  0.71651494, ...,  0.74138342,
          0.81262893,  0.87044045],
        [-0.57695343,  0.        ,  0.18276654, ...,  0.99272784,
          0.99997441,  0.99497479],
        [-0.71651494, -0.18276654,  0.        , ...,  0.99800818,
          0.9844386 ,  0.95991615],
        ...,
        [-0.74138342, -0.99272784, -0.99800818, ...,  0.        ,
         -0.11327587, -0.21917305],
        [-0.81262893, -0.99997441, -0.9844386 , ...,  0.11327587,
          0.        , -0.10724068],
        [-0.87044045, -0.99497479, -0.95991615, ...,  0.21917305,
          0.10724068,  0.        ]],

       ...,

       [[ 0.        ,  0.57126377, -0.21545923, ..., -0.85356821,
         -0.99189723, -0.99873381],
        [-0.57126377,  0.        , -0.73468813, ..., -0.99819785,
         -0.88669104, -0.79098879],
        [ 0.21545923,  0.73468813,  0.        , ..., -0.72127013,
         -0.94122781, -0.98611547],
        ...,
        [ 0.85356821,  0.99819785,  0.72127013, ...,  0.        ,
         -0.40831995, -0.56326179],
        [ 0.99189723,  0.88669104,  0.94122781, ...,  0.40831995,
          0.        , -0.17678127],
        [ 0.99873381,  0.79098879,  0.98611547, ...,  0.56326179,
          0.17678127,  0.        ]],

       [[ 0.        ,  0.49264859,  0.59847773, ...,  0.53390523,
          0.63627666,  0.73573117],
        [-0.49264859,  0.        ,  0.12613206, ...,  0.88117568,
          0.93376514,  0.97391204],
        [-0.59847773, -0.12613206,  0.        , ...,  0.93377198,
          0.97144853,  0.99475648],
        ...,
        [-0.53390523, -0.88117568, -0.93377198, ...,  0.        ,
         -0.12611309, -0.26049336],
        [-0.63627666, -0.93376514, -0.97144853, ...,  0.12611309,
          0.        , -0.13665443],
        [-0.73573117, -0.97391204, -0.99475648, ...,  0.26049336,
          0.13665443,  0.        ]],

       [[ 0.        , -0.27765139, -0.5196939 , ...,  0.99032504,
          0.91992871,  0.5196939 ],
        [ 0.27765139,  0.        , -0.26204835, ...,  0.91285845,
          0.77489572,  0.26204835],
        [ 0.5196939 ,  0.26204835,  0.        , ...,  0.77397028,
          0.58217888,  0.        ],
        ...,
        [-0.99032504, -0.91285845, -0.77397028, ...,  0.        ,
          0.26063641,  0.77397028],
        [-0.91992871, -0.77489572, -0.58217888, ..., -0.26063641,
          0.        ,  0.58217888],
        [-0.5196939 , -0.26204835, -0.        , ..., -0.77397028,
         -0.58217888,  0.        ]]]), 'num': array([7.07078220e-01, 7.07078220e-01, 0.00000000e+00, 2.07880997e-03,
       2.08588075e-03, 1.92560968e-03, 6.96672385e-03, 1.57914136e-04,
       1.98688980e-03, 2.03061080e-03, 1.86994692e-03, 1.20782045e-06,
       2.14848050e-03, 1.91274110e-03])}
{'img': array([[[ 0.        , -0.2326928 , -0.2029383 , ...,  0.55182181,
          0.4161731 ,  0.93463054],
        [ 0.2326928 ,  0.        ,  0.03048311, ...,  0.73073142,
          0.61633343,  0.99172547],
        [ 0.2029383 , -0.03048311,  0.        , ...,  0.70958208,
          0.59204201,  0.98735127],
        ...,
        [-0.55182181, -0.73073142, -0.70958208, ...,  0.        ,
         -0.15469094,  0.5832074 ],
        [-0.4161731 , -0.61633343, -0.59204201, ...,  0.15469094,
          0.        ,  0.70184633],
        [-0.93463054, -0.99172547, -0.98735127, ..., -0.5832074 ,
         -0.70184633,  0.        ]],

       [[ 0.        , -0.51930027, -0.67972491, ..., -0.88222593,
         -0.67186019,  0.62825834],
        [ 0.51930027,  0.        , -0.19999768, ..., -0.50944286,
         -0.18953196,  0.94092255],
        [ 0.67972491,  0.19999768,  0.        , ..., -0.32705137,
          0.01066991,  0.98963608],
        ...,
        [ 0.88222593,  0.50944286,  0.32705137, ...,  0.        ,
          0.33711588,  0.98217656],
        [ 0.67186019,  0.18953196, -0.01066991, ..., -0.33711588,
          0.        ,  0.98804757],
        [-0.62825834, -0.94092255, -0.98963608, ..., -0.98217656,
         -0.98804757,  0.        ]],

       [[ 0.        ,  0.21392754,  0.35532945, ...,  0.99462264,
          0.99998197,  0.9989138 ],
        [-0.21392754,  0.        ,  0.14713654, ...,  0.99375216,
          0.97554729,  0.98575671],
        [-0.35532945, -0.14713654,  0.        , ...,  0.96651454,
          0.93259053,  0.95028285],
        ...,
        [-0.99462264, -0.99375216, -0.96651454, ...,  0.        ,
         -0.10953623, -0.0571072 ],
        [-0.99998197, -0.97554729, -0.93259053, ...,  0.10953623,
          0.        ,  0.05259389],
        [-0.9989138 , -0.98575671, -0.95028285, ...,  0.0571072 ,
         -0.05259389,  0.        ]],

       ...,

       [[ 0.        , -0.73468813, -0.75130684, ..., -0.88669104,
         -0.79098879, -0.99227162],
        [ 0.73468813,  0.        , -0.02483065, ..., -0.94122781,
         -0.98611547, -0.58199843],
        [ 0.75130684,  0.02483065,  0.        , ..., -0.9325505 ,
         -0.98168801, -0.56162695],
        ...,
        [ 0.88669104,  0.94122781,  0.9325505 , ...,  0.        ,
         -0.17678127,  0.56881395],
        [ 0.79098879,  0.98611547,  0.98168801, ...,  0.17678127,
          0.        ,  0.70525185],
        [ 0.99227162,  0.58199843,  0.56162695, ..., -0.56881395,
         -0.70525185,  0.        ]],

       [[ 0.        ,  0.37723602,  0.52559793, ...,  0.65502978,
          0.75573261,  0.75242327],
        [-0.37723602,  0.        ,  0.16583809, ...,  0.89167501,
          0.94694138,  0.94530989],
        [-0.52559793, -0.16583809,  0.        , ...,  0.95439893,
          0.98713049,  0.98631218],
        ...,
        [-0.65502978, -0.89167501, -0.95439893, ...,  0.        ,
         -0.14206777, -0.13707836],
        [-0.75573261, -0.94694138, -0.98713049, ...,  0.14206777,
          0.        ,  0.00503871],
        [-0.75242327, -0.94530989, -0.98631218, ...,  0.13707836,
         -0.00503871,  0.        ]],

       [[ 0.        , -0.25740973, -0.15673355, ...,  0.83360035,
          0.59761567,  0.25740973],
        [ 0.25740973,  0.        ,  0.10277639, ...,  0.66332507,
          0.37109076,  0.        ],
        [ 0.15673355, -0.10277639,  0.        , ...,  0.73672321,
          0.46456344,  0.10277639],
        ...,
        [-0.83360035, -0.66332507, -0.73672321, ...,  0.        ,
          0.33826255,  0.66332507],
        [-0.59761567, -0.37109076, -0.46456344, ..., -0.33826255,
          0.        ,  0.37109076],
        [-0.25740973, -0.        , -0.10277639, ..., -0.66332507,
         -0.37109076,  0.        ]]]), 'num': array([ 9.09909598e-01,  4.14721133e-01,  5.88109816e-06,  2.62004479e-03,
        2.73828909e-03,  2.62004479e-03,  3.87726177e-03, -1.24467686e-04,
        2.61382141e-03,  2.68601266e-03,  2.47255058e-03,  1.25724935e-06,
        2.82566629e-03,  2.54635903e-03])}
{'img': array([[[ 0.        ,  0.03048311,  0.07046746, ...,  0.61633343,
          0.99172547,  0.80269184],
        [-0.03048311,  0.        ,  0.04002737, ...,  0.59204201,
          0.98735127,  0.78413887],
        [-0.07046746, -0.04002737,  0.        , ...,  0.55930919,
          0.98021373,  0.75867004],
        ...,
        [-0.61633343, -0.59204201, -0.55930919, ...,  0.        ,
          0.70184633,  0.26453046],
        [-0.99172547, -0.98735127, -0.98021373, ..., -0.70184633,
          0.        , -0.48841214],
        [-0.80269184, -0.78413887, -0.75867004, ..., -0.26453046,
          0.48841214,  0.        ]],

       [[ 0.        , -0.19999768, -0.34721795, ..., -0.18953196,
          0.94092255,  0.06637355],
        [ 0.19999768,  0.        , -0.15264817, ...,  0.01066991,
          0.98963608,  0.26458922],
        [ 0.34721795,  0.15264817,  0.        , ...,  0.16318435,
          0.99995813,  0.40869637],
        ...,
        [ 0.18953196, -0.01066991, -0.16318435, ...,  0.        ,
          0.98804757,  0.25428451],
        [-0.94092255, -0.98963608, -0.99995813, ..., -0.98804757,
          0.        , -0.91637214],
        [-0.06637355, -0.26458922, -0.40869637, ..., -0.25428451,
          0.91637214,  0.        ]],

       [[ 0.        ,  0.14713654,  0.25122647, ...,  0.97554729,
          0.98575671,  0.97832361],
        [-0.14713654,  0.        ,  0.10607455, ...,  0.93259053,
          0.95028285,  0.9372064 ],
        [-0.25122647, -0.10607455,  0.        , ...,  0.88904289,
          0.91189118,  0.89492268],
        ...,
        [-0.97554729, -0.93259053, -0.88904289, ...,  0.        ,
          0.05259389,  0.01300718],
        [-0.98575671, -0.95028285, -0.91189118, ..., -0.05259389,
          0.        , -0.03960026],
        [-0.97832361, -0.9372064 , -0.89492268, ..., -0.01300718,
          0.03960026,  0.        ]],

       ...,

       [[ 0.        , -0.02483065,  0.20632598, ..., -0.98611547,
         -0.58199843, -0.8648423 ],
        [ 0.02483065,  0.        ,  0.23055874, ..., -0.98168801,
         -0.56162695, -0.85210958],
        [-0.20632598, -0.23055874,  0.        , ..., -0.99916025,
         -0.73725795, -0.9498184 ],
        ...,
        [ 0.98611547,  0.98168801,  0.99916025, ...,  0.        ,
          0.70525185,  0.35145631],
        [ 0.58199843,  0.56162695,  0.73725795, ..., -0.70525185,
          0.        , -0.41109244],
        [ 0.8648423 ,  0.85210958,  0.9498184 , ..., -0.35145631,
          0.41109244,  0.        ]],

       [[ 0.        ,  0.38784565,  0.50721461, ...,  0.76700422,
          0.76368639,  0.7921232 ],
        [-0.38784565,  0.        ,  0.13325899, ...,  0.95582454,
          0.9542966 ,  0.96684518],
        [-0.50721461, -0.13325899,  0.        , ...,  0.98646964,
          0.9856114 ,  0.99225158],
        ...,
        [-0.76700422, -0.95582454, -0.98646964, ...,  0.        ,
          0.00515496, -0.04010992],
        [-0.76368639, -0.9542966 , -0.9856114 , ..., -0.00515496,
          0.        , -0.0452602 ],
        [-0.7921232 , -0.96684518, -0.99225158, ...,  0.04010992,
          0.0452602 ,  0.        ]],

       [[ 0.        ,  0.10086518,  0.31758438, ...,  0.51472723,
          0.37722967,  0.        ],
        [-0.10086518,  0.        ,  0.22032134, ...,  0.59857934,
          0.46871907,  0.10086518],
        [-0.31758438, -0.22032134,  0.        , ...,  0.76036205,
          0.65182165,  0.31758438],
        ...,
        [-0.51472723, -0.59857934, -0.76036205, ...,  0.        ,
          0.15327969,  0.51472723],
        [-0.37722967, -0.46871907, -0.65182165, ..., -0.15327969,
          0.        ,  0.37722967],
        [-0.        , -0.10086518, -0.31758438, ..., -0.51472723,
         -0.37722967,  0.        ]]]), 'num': array([ 9.09809373e-01,  4.14943646e-01,  5.88425359e-06,  2.61833718e-03,
        2.67749105e-03,  2.56541003e-03,  3.65514889e-03, -3.11336169e-06,
        2.62207321e-03,  2.68636413e-03,  2.47885857e-03,  1.38371630e-06,
        2.82788038e-03,  2.54484789e-03])}
{'img': array([[[ 0.        ,  0.04002737,  0.18434373, ...,  0.98735127,
          0.78413887,  0.77759532],
        [-0.04002737,  0.        ,  0.14485462, ...,  0.98021373,
          0.75867004,  0.75180433],
        [-0.18434373, -0.14485462,  0.        , ...,  0.94120256,
          0.65629914,  0.64835986],
        ...,
        [-0.98735127, -0.98021373, -0.94120256, ...,  0.        ,
         -0.48841214, -0.49752582],
        [-0.78413887, -0.75867004, -0.65629914, ...,  0.48841214,
          0.        , -0.01047483],
        [-0.77759532, -0.75180433, -0.64835986, ...,  0.49752582,
          0.01047483,  0.        ]],

       [[ 0.        , -0.15264817, -0.11114252, ...,  0.98963608,
          0.26458922,  0.21193532],
        [ 0.15264817,  0.        ,  0.04186244, ...,  0.99995813,
          0.40869637,  0.35863213],
        [ 0.11114252, -0.04186244,  0.        , ...,  0.99946463,
          0.37013149,  0.31924004],
        ...,
        [-0.98963608, -0.99995813, -0.99946463, ...,  0.        ,
         -0.91637214, -0.9367217 ],
        [-0.26458922, -0.40869637, -0.37013149, ...,  0.91637214,
          0.        , -0.05419653],
        [-0.21193532, -0.35863213, -0.31924004, ...,  0.9367217 ,
          0.05419653,  0.        ]],

       [[ 0.        ,  0.10607455,  0.21652721, ...,  0.95028285,
          0.9372064 ,  0.94691167],
        [-0.10607455,  0.        ,  0.1117475 , ...,  0.91189118,
          0.89492268,  0.90746705],
        [-0.21652721, -0.1117475 ,  0.        , ...,  0.86031491,
          0.83945334,  0.85483552],
        ...,
        [-0.95028285, -0.91189118, -0.86031491, ...,  0.        ,
         -0.03960026, -0.01065313],
        [-0.9372064 , -0.89492268, -0.83945334, ...,  0.03960026,
          0.        ,  0.02895324],
        [-0.94691167, -0.90746705, -0.85483552, ...,  0.01065313,
         -0.02895324,  0.        ]],

       ...,

       [[ 0.        ,  0.23055874,  0.3275518 , ..., -0.56162695,
         -0.85210958, -0.75264097],
        [-0.23055874,  0.        ,  0.10088748, ..., -0.73725795,
         -0.9498184 , -0.88417068],
        [-0.3275518 , -0.10088748,  0.        , ..., -0.80165707,
         -0.97653007, -0.9267905 ],
        ...,
        [ 0.56162695,  0.73725795,  0.80165707, ...,  0.        ,
         -0.41109244, -0.25293538],
        [ 0.85210958,  0.9498184 ,  0.97653007, ...,  0.41109244,
          0.        ,  0.16715072],
        [ 0.75264097,  0.88417068,  0.9267905 , ...,  0.25293538,
         -0.16715072,  0.        ]],

       [[ 0.        ,  0.34756628,  0.49777796, ...,  0.7756596 ,
          0.80410266,  0.8023509 ],
        [-0.34756628,  0.        ,  0.1652984 , ...,  0.9466684 ,
          0.96059605,  0.95977451],
        [-0.49777796, -0.1652984 ,  0.        , ...,  0.98690636,
          0.99332611,  0.99298262],
        ...,
        [-0.7756596 , -0.9466684 , -0.98690636, ...,  0.        ,
         -0.04638834, -0.04345051],
        [-0.80410266, -0.96059605, -0.99332611, ...,  0.04638834,
          0.        ,  0.0029408 ],
        [-0.8023509 , -0.95977451, -0.99298262, ...,  0.04345051,
         -0.0029408 ,  0.        ]],

       [[ 0.        ,  0.30230704,  0.45246864, ...,  0.37769303,
          0.        ,  0.1417472 ],
        [-0.30230704,  0.        ,  0.16170643, ...,  0.63993642,
          0.30230704,  0.43436955],
        [-0.45246864, -0.16170643,  0.        , ...,  0.75577389,
          0.45246864,  0.57430737],
        ...,
        [-0.37769303, -0.63993642, -0.75577389, ...,  0.        ,
          0.37769303,  0.24263131],
        [-0.        , -0.30230704, -0.45246864, ..., -0.37769303,
          0.        , -0.1417472 ],
        [-0.1417472 , -0.43436955, -0.57430737, ..., -0.24263131,
          0.1417472 ,  0.        ]]]), 'num': array([9.57981774e-01, 2.86642472e-01, 7.61155671e-06, 2.79724709e-03,
       2.87653414e-03, 2.66087337e-03, 6.89232803e-03, 1.30030760e-04,
       2.70337122e-03, 2.74174616e-03, 2.53221691e-03, 1.72502904e-06,
       2.88674220e-03, 2.59675011e-03])}
{'img': array([[[ 0.        ,  0.14485462, -0.01993547, ...,  0.75867004,
          0.75180433,  0.98021373],
        [-0.14485462,  0.        , -0.16455104, ...,  0.65629914,
          0.64835986,  0.94120256],
        [ 0.01993547,  0.16455104,  0.        , ...,  0.77150673,
          0.7648001 ,  0.983965  ],
        ...,
        [-0.75867004, -0.65629914, -0.77150673, ...,  0.        ,
         -0.01047483,  0.48841214],
        [-0.75180433, -0.64835986, -0.7648001 , ...,  0.01047483,
          0.        ,  0.49752582],
        [-0.98021373, -0.94120256, -0.983965  , ..., -0.48841214,
         -0.49752582,  0.        ]],

       [[ 0.        ,  0.04186244, -0.19610816, ...,  0.40869637,
          0.35863213,  0.86164027],
        [-0.04186244,  0.        , -0.23698581, ...,  0.37013149,
          0.31924004,  0.83963894],
        [ 0.19610816,  0.23698581,  0.        , ...,  0.57974253,
          0.53473115,  0.94443789],
        ...,
        [-0.40869637, -0.37013149, -0.57974253, ...,  0.        ,
         -0.05419653,  0.57897221],
        [-0.35863213, -0.31924004, -0.53473115, ...,  0.05419653,
          0.        ,  0.62231028],
        [-0.86164027, -0.83963894, -0.94443789, ..., -0.57897221,
         -0.62231028,  0.        ]],

       [[ 0.        ,  0.1117475 ,  0.06221567, ...,  0.89492268,
          0.90746705,  0.95774985],
        [-0.1117475 ,  0.        , -0.04970503, ...,  0.83945334,
          0.85483552,  0.91961224],
        [-0.06221567,  0.04970503,  0.        , ...,  0.86542702,
          0.87957079,  0.93800104],
        ...,
        [-0.89492268, -0.83945334, -0.86542702, ...,  0.        ,
          0.02895324,  0.16998628],
        [-0.90746705, -0.85483552, -0.87957079, ..., -0.02895324,
          0.        ,  0.14138315],
        [-0.95774985, -0.91961224, -0.93800104, ..., -0.16998628,
         -0.14138315,  0.        ]],

       ...,

       [[ 0.        ,  0.10088748, -0.25029162, ..., -0.9498184 ,
         -0.88417068, -0.65664793],
        [-0.10088748,  0.        , -0.34669087, ..., -0.97653007,
         -0.9267905 , -0.72938667],
        [ 0.25029162,  0.34669087,  0.        , ..., -0.84129446,
         -0.73910073, -0.44697789],
        ...,
        [ 0.9498184 ,  0.97653007,  0.84129446, ...,  0.        ,
          0.16715072,  0.51094973],
        [ 0.88417068,  0.9267905 ,  0.73910073, ..., -0.16715072,
          0.        ,  0.36007683],
        [ 0.65664793,  0.72938667,  0.44697789, ..., -0.51094973,
         -0.36007683,  0.        ]],

       [[ 0.        ,  0.37410704,  0.48028453, ...,  0.81358708,
          0.8118391 ,  0.79645464],
        [-0.37410704,  0.        ,  0.11727486, ...,  0.97203084,
          0.97132191,  0.96484239],
        [-0.48028453, -0.11727486,  0.        , ...,  0.99286572,
          0.99250354,  0.98900774],
        ...,
        [-0.81358708, -0.97203084, -0.99286572, ...,  0.        ,
          0.00299999,  0.02888165],
        [-0.8118391 , -0.97132191, -0.99250354, ..., -0.00299999,
          0.        ,  0.02588279],
        [-0.79645464, -0.96484239, -0.98900774, ..., -0.02888165,
         -0.02588279,  0.        ]],

       [[ 0.        ,  0.34863083,  0.42269554, ...,  0.10136203,
          0.17517538,  0.        ],
        [-0.34863083,  0.        ,  0.0802214 , ...,  0.44183783,
          0.50742493,  0.34863083],
        [-0.42269554, -0.0802214 ,  0.        , ...,  0.51238003,
          0.574916  ,  0.42269554],
        ...,
        [-0.10136203, -0.44183783, -0.51238003, ...,  0.        ,
         -0.07447847,  0.10136203],
        [-0.17517538, -0.50742493, -0.574916  , ...,  0.07447847,
          0.        ,  0.17517538],
        [-0.        , -0.34863083, -0.42269554, ..., -0.10136203,
         -0.17517538,  0.        ]]]), 'num': array([ 9.57106353e-01,  2.89601941e-01,  7.69014299e-06,  2.78126838e-03,
        2.85496558e-03,  2.74602189e-03,  4.18193180e-03, -4.48591674e-05,
        2.76524725e-03,  2.76668915e-03,  2.56455588e-03,  1.56357432e-06,
        2.90884237e-03,  2.62453594e-03])}
{'img': array([[[ 0.        , -0.16455104, -0.32582958, ...,  0.64835986,
          0.94120256,  0.85095867],
        [ 0.16455104,  0.        , -0.16581681, ...,  0.7648001 ,
          0.983965  ,  0.92578646],
        [ 0.32582958,  0.16581681,  0.        , ...,  0.86104305,
          0.99991891,  0.97565693],
        ...,
        [-0.64835986, -0.7648001 , -0.86104305, ...,  0.        ,
          0.49752582,  0.30732401],
        [-0.94120256, -0.983965  , -0.99991891, ..., -0.49752582,
          0.        , -0.20686008],
        [-0.85095867, -0.92578646, -0.97565693, ..., -0.30732401,
          0.20686008,  0.        ]],

       [[ 0.        , -0.23698581, -0.17250926, ...,  0.31924004,
          0.83963894,  0.40994535],
        [ 0.23698581,  0.        ,  0.06583789, ...,  0.53473115,
          0.94443789,  0.61442443],
        [ 0.17250926, -0.06583789,  0.        , ...,  0.47793649,
          0.92074852,  0.56114684],
        ...,
        [-0.31924004, -0.53473115, -0.47793649, ...,  0.        ,
          0.62231028,  0.09731244],
        [-0.83963894, -0.94443789, -0.92074852, ..., -0.62231028,
          0.        , -0.54318339],
        [-0.40994535, -0.61442443, -0.56114684, ..., -0.09731244,
          0.54318339,  0.        ]],

       [[ 0.        , -0.04970503, -0.07910886, ...,  0.85483552,
          0.91961224,  0.97221736],
        [ 0.04970503,  0.        , -0.02946183, ...,  0.87957079,
          0.93800104,  0.98265059],
        [ 0.07910886,  0.02946183,  0.        , ...,  0.89320597,
          0.94780629,  0.98768821],
        ...,
        [-0.85483552, -0.87957079, -0.89320597, ...,  0.        ,
          0.14138315,  0.30438283],
        [-0.91961224, -0.93800104, -0.94780629, ..., -0.14138315,
          0.        ,  0.1666508 ],
        [-0.97221736, -0.98265059, -0.98768821, ..., -0.30438283,
         -0.1666508 ,  0.        ]],

       ...,

       [[ 0.        , -0.34669087, -0.40191973, ..., -0.9267905 ,
         -0.72938667, -0.85188413],
        [ 0.34669087,  0.        , -0.05953631, ..., -0.73910073,
         -0.44697789, -0.61747729],
        [ 0.40191973,  0.05953631,  0.        , ..., -0.69768631,
         -0.39292711, -0.56955138],
        ...,
        [ 0.9267905 ,  0.73910073,  0.69768631, ...,  0.        ,
          0.36007683,  0.16543872],
        [ 0.72938667,  0.44697789,  0.39292711, ..., -0.36007683,
          0.        , -0.20077346],
        [ 0.85188413,  0.61747729,  0.56955138, ..., -0.16543872,
          0.20077346,  0.        ]],

       [[ 0.        ,  0.31876676,  0.3565644 , ...,  0.8228878 ,
          0.80754553,  0.82668009],
        [-0.31876676,  0.        ,  0.04014911, ...,  0.96108488,
          0.95342876,  0.96291603],
        [-0.3565644 , -0.04014911,  0.        , ...,  0.97140128,
          0.96476972,  0.97297191],
        ...,
        [-0.8228878 , -0.96108488, -0.97140128, ...,  0.        ,
          0.02649301, -0.00670675],
        [-0.80754553, -0.95342876, -0.96476972, ..., -0.02649301,
          0.        , -0.03319681],
        [-0.82668009, -0.96291603, -0.97297191, ...,  0.00670675,
          0.03319681,  0.        ]],

       [[ 0.        ,  0.11906123,  0.26213896, ...,  0.39382711,
          0.2875118 ,  0.20687942],
        [-0.11906123,  0.        ,  0.14537666, ...,  0.50046503,
          0.39950083,  0.32189339],
        [-0.26213896, -0.14537666,  0.        , ...,  0.62100911,
          0.52852824,  0.45611284],
        ...,
        [-0.39382711, -0.50046503, -0.62100911, ...,  0.        ,
          0.11292219,  0.19514687],
        [-0.2875118 , -0.39950083, -0.52852824, ..., -0.11292219,
          0.        ,  0.08314753],
        [-0.20687942, -0.32189339, -0.45611284, ..., -0.19514687,
         -0.08314753,  0.        ]]]), 'num': array([9.57235399e-01, 2.89176294e-01, 7.67884028e-06, 2.78357960e-03,
       2.89876221e-03, 2.75478395e-03, 4.08363926e-03, 6.39903357e-06,
       2.75350414e-03, 2.75926328e-03, 2.56627909e-03, 1.60533246e-06,
       2.89578032e-03, 2.62274623e-03])}
{'img': array([[[ 0.        , -0.16581681,  0.39669673, ...,  0.983965  ,
          0.92578646,  0.93557648],
        [ 0.16581681,  0.        ,  0.54341658, ...,  0.99991891,
          0.97565693,  0.98117881],
        [-0.39669673, -0.54341658,  0.        , ...,  0.83247493,
          0.69985549,  0.71872898],
        ...,
        [-0.983965  , -0.99991891, -0.83247493, ...,  0.        ,
         -0.20686008, -0.18059083],
        [-0.92578646, -0.97565693, -0.69985549, ...,  0.20686008,
          0.        ,  0.02677419],
        [-0.93557648, -0.98117881, -0.71872898, ...,  0.18059083,
         -0.02677419,  0.        ]],

       [[ 0.        ,  0.06583789,  0.87235549, ...,  0.94443789,
          0.61442443,  0.59776705],
        [-0.06583789,  0.        ,  0.83827646, ...,  0.92074852,
          0.56114684,  0.54368984],
        [-0.87235549, -0.83827646,  0.        , ...,  0.17497484,
         -0.38789232, -0.40710948],
        ...,
        [-0.94443789, -0.92074852, -0.17497484, ...,  0.        ,
         -0.54318339, -0.56064737],
        [-0.61442443, -0.56114684,  0.38789232, ...,  0.54318339,
          0.        , -0.02094188],
        [-0.59776705, -0.54368984,  0.40710948, ...,  0.56064737,
          0.02094188,  0.        ]],

       [[ 0.        , -0.02946183,  0.08795432, ...,  0.93800104,
          0.98265059,  0.9743577 ],
        [ 0.02946183,  0.        ,  0.11726379, ...,  0.94780629,
          0.98768821,  0.98056379],
        [-0.08795432, -0.11726379,  0.        , ...,  0.90387801,
          0.96252976,  0.95079147],
        ...,
        [-0.93800104, -0.94780629, -0.90387801, ...,  0.        ,
          0.1666508 ,  0.12668945],
        [-0.98265059, -0.98768821, -0.96252976, ..., -0.1666508 ,
          0.        , -0.04039018],
        [-0.9743577 , -0.98056379, -0.95079147, ..., -0.12668945,
          0.04039018,  0.        ]],

       ...,

       [[ 0.        , -0.05953631,  0.28743408, ..., -0.44697789,
         -0.61747729, -0.57690319],
        [ 0.05953631,  0.        ,  0.34394812, ..., -0.39292711,
         -0.56955138, -0.52724984],
        [-0.28743408, -0.34394812,  0.        , ..., -0.68523834,
         -0.81751241, -0.78733788],
        ...,
        [ 0.44697789,  0.39292711,  0.68523834, ...,  0.        ,
         -0.20077346, -0.15096872],
        [ 0.61747729,  0.56955138,  0.81751241, ...,  0.20077346,
          0.        ,  0.05057765],
        [ 0.57690319,  0.52724984,  0.78733788, ...,  0.15096872,
         -0.05057765,  0.        ]],

       [[ 0.        ,  0.16630518,  0.55005655, ...,  0.81545576,
          0.83453184,  0.85468979],
        [-0.16630518,  0.        ,  0.40351064, ...,  0.90036065,
          0.91453788,  0.92912318],
        [-0.55005655, -0.40351064,  0.        , ...,  0.99939286,
          0.99999941,  0.99933071],
        ...,
        [-0.81545576, -0.90036065, -0.99939286, ...,  0.        ,
         -0.03375996, -0.0713761 ],
        [-0.83453184, -0.91453788, -0.99999941, ...,  0.03375996,
          0.        , -0.03766157],
        [-0.85468979, -0.92912318, -0.99933071, ...,  0.0713761 ,
          0.03766157,  0.        ]],

       [[ 0.        ,  0.14510109,  0.07236534, ...,  0.4564934 ,
          0.43336967,  0.32131951],
        [-0.14510109,  0.        , -0.07312117, ...,  0.58076259,
          0.55955071,  0.45532544],
        [-0.07236534,  0.07312117,  0.        , ...,  0.51968195,
          0.49745029,  0.38900495],
        ...,
        [-0.4564934 , -0.58076259, -0.51968195, ...,  0.        ,
          0.02581866,  0.14639936],
        [-0.43336967, -0.55955071, -0.49745029, ..., -0.02581866,
          0.        ,  0.12081008],
        [-0.32131951, -0.45532544, -0.38900495, ..., -0.14639936,
         -0.12081008,  0.        ]]]), 'num': array([9.57304796e-01, 2.88965454e-01, 7.67324158e-06, 2.78474726e-03,
       2.84549375e-03, 2.74318387e-03, 2.44984223e-03, 3.19718399e-06,
       2.77004021e-03, 2.75661204e-03, 2.57085565e-03, 1.44547016e-06,
       2.89238662e-03, 2.62083746e-03])}
{'img': array([[[ 0.        ,  0.54341658,  0.78072116, ...,  0.97565693,
          0.98117881,  0.98372858],
        [-0.54341658,  0.        ,  0.31581675, ...,  0.69985549,
          0.71872898,  0.72817314],
        [-0.78072116, -0.31581675,  0.        , ...,  0.43845403,
          0.46236025,  0.47444673],
        ...,
        [-0.97565693, -0.69985549, -0.43845403, ...,  0.        ,
          0.02677419,  0.04044656],
        [-0.98117881, -0.71872898, -0.46236025, ..., -0.02677419,
          0.        ,  0.01367977],
        [-0.98372858, -0.72817314, -0.47444673, ..., -0.04044656,
         -0.01367977,  0.        ]],

       [[ 0.        ,  0.83827646,  0.87937456, ...,  0.56114684,
          0.54368984,  0.13454574],
        [-0.83827646,  0.        ,  0.08034585, ..., -0.38789232,
         -0.40710948, -0.75729389],
        [-0.87937456, -0.08034585,  0.        , ..., -0.46069342,
         -0.47917956, -0.8073174 ],
        ...,
        [-0.56114684,  0.38789232,  0.46069342, ...,  0.        ,
         -0.02094188, -0.44467886],
        [-0.54368984,  0.40710948,  0.47917956, ...,  0.02094188,
          0.        , -0.4258239 ],
        [-0.13454574,  0.75729389,  0.8073174 , ...,  0.44467886,
          0.4258239 ,  0.        ]],

       [[ 0.        ,  0.11726379,  0.29590508, ...,  0.98768821,
          0.98056379,  0.9953535 ],
        [-0.11726379,  0.        ,  0.18185117, ...,  0.96252976,
          0.95079147,  0.97719524],
        [-0.29590508, -0.18185117,  0.        , ...,  0.89716691,
          0.8785948 ,  0.92228677],
        ...,
        [-0.98768821, -0.96252976, -0.89716691, ...,  0.        ,
         -0.04039018,  0.06060574],
        [-0.98056379, -0.95079147, -0.8785948 , ...,  0.04039018,
          0.        ,  0.10087221],
        [-0.9953535 , -0.97719524, -0.92228677, ..., -0.06060574,
         -0.10087221,  0.        ]],

       ...,

       [[ 0.        ,  0.34394812,  0.50146805, ..., -0.56955138,
         -0.52724984, -0.67579028],
        [-0.34394812,  0.        ,  0.1732971 , ..., -0.81751241,
         -0.78733788, -0.88808149],
        [-0.50146805, -0.1732971 ,  0.        , ..., -0.90494682,
         -0.88226657, -0.95430671],
        ...,
        [ 0.56955138,  0.81751241,  0.90494682, ...,  0.        ,
          0.05057765, -0.13565682],
        [ 0.52724984,  0.78733788,  0.88226657, ..., -0.05057765,
          0.        , -0.1855933 ],
        [ 0.67579028,  0.88808149,  0.95430671, ...,  0.13565682,
          0.1855933 ,  0.        ]],

       [[ 0.        ,  0.53000473,  0.7892661 , ...,  0.83660199,
          0.85672864,  0.85952873],
        [-0.53000473,  0.        ,  0.34384336, ...,  0.99977657,
          0.99986051,  0.99975455],
        [-0.7892661 , -0.34384336,  0.        , ...,  0.94608537,
          0.9331531 ,  0.93117874],
        ...,
        [-0.83660199, -0.99977657, -0.94608537, ...,  0.        ,
         -0.03783349, -0.0432827 ],
        [-0.85672864, -0.99986051, -0.9331531 , ...,  0.03783349,
          0.        , -0.00545368],
        [-0.85952873, -0.99975455, -0.93117874, ...,  0.0432827 ,
          0.00545368,  0.        ]],

       [[ 0.        , -0.07312094, -0.45532411, ...,  0.55963407,
          0.45974896,  0.45532411],
        [ 0.07312094,  0.        , -0.38900379, ...,  0.49753774,
          0.39358328,  0.38900379],
        [ 0.45532411,  0.38900379,  0.        , ...,  0.1209114 ,
          0.00497625,  0.        ],
        ...,
        [-0.55963407, -0.49753774, -0.1209114 , ...,  0.        ,
          0.11597016,  0.1209114 ],
        [-0.45974896, -0.39358328, -0.00497625, ..., -0.11597016,
          0.        ,  0.00497625],
        [-0.45532411, -0.38900379, -0.        , ..., -0.1209114 ,
         -0.00497625,  0.        ]]]), 'num': array([9.99904574e-01, 1.06743085e-02, 1.11024721e-05, 2.90950078e-03,
       2.92909338e-03, 2.77561803e-03, 3.63654943e-03, 6.53086595e-05,
       2.86182546e-03, 2.81415014e-03, 2.63427921e-03, 1.76027246e-06,
       2.94870183e-03, 2.67959845e-03])}
{'img': array([[[ 0.00000000e+00,  3.15816746e-01,  1.76246035e-01, ...,
          7.18728984e-01,  7.28173143e-01,  9.18772606e-01],
        [-3.15816746e-01,  0.00000000e+00, -1.43647197e-01, ...,
          4.62360252e-01,  4.74446733e-01,  7.47069618e-01],
        [-1.76246035e-01,  1.43647197e-01,  0.00000000e+00, ...,
          5.84935941e-01,  5.95976588e-01,  8.34810603e-01],
        ...,
        [-7.18728984e-01, -4.62360252e-01, -5.84935941e-01, ...,
          0.00000000e+00,  1.36797699e-02,  3.55068740e-01],
        [-7.28173143e-01, -4.74446733e-01, -5.95976588e-01, ...,
         -1.36797699e-02,  0.00000000e+00,  3.42247117e-01],
        [-9.18772606e-01, -7.47069618e-01, -8.34810603e-01, ...,
