state_0,state_1,state_2,state_3,state_4,state_5,state_6,state_7,state_8,state_9,state_10,state_11,state_12,state_13,state_14,state_15,state_16,state_17,state_18,state_19,state_20,state_21,state_22,state_23,state_24,state_25,state_26,state_27,state_28,state_29,state_30,state_31,state_32,state_33,state_34,state_35,state_36,state_37,state_38,state_39,state_40,state_41,state_42,state_43,state_44,state_45,state_46,state_47,state_48,state_49,state_50,state_51,state_52,state_53,state_54,state_55,state_56,state_57,state_58,state_59,state_60,state_61,state_62,state_63,state_64,state_65,state_66,state_67,state_68,state_69,state_70,state_71,state_72,state_73,state_74,state_75,state_76,state_77,state_78,state_79,state_80,state_81,state_82,state_83,state_84,state_85,state_86,state_87,state_88,state_89,state_90,state_91,state_92,state_93,state_94,state_95,state_96,state_97,state_98,state_99,state_100,state_101,state_102,state_103,state_104,state_105,state_106,state_107,state_108,state_109,state_110,state_111,state_112,state_113,state_114,state_115,state_116,state_117,state_118,state_119,state_120,state_121,state_122,state_123,state_124,state_125,state_126,state_127,state_128,state_129,state_130,state_131,state_132,state_133,state_134,state_135,state_136,state_137,state_138,state_139,state_140,state_141,state_142,state_143,state_144,state_145,state_146,state_147,state_148,state_149,state_150,state_151,state_152,state_153,state_154,state_155,state_156,state_157,state_158,state_159,state_160,state_161,state_162,state_163,state_164,state_165,state_166,state_167,state_168,state_169,state_170,state_171,state_172,state_173,state_174,state_175,state_176,state_177,state_178,state_179,state_180,state_181,state_182,state_183,state_184,state_185,state_186,state_187,state_188,state_189,state_190,state_191,state_192,state_193,state_194,state_195,state_196,state_197,state_198,state_199,state_200,state_201,state_202,state_203,state_204,state_205,state_206,state_207,state_208,state_209,state_210,state_211,state_212,state_213,state_214,state_215,state_216,state_217,state_218,state_219,state_220,state_221,state_222,state_223,state_224,state_225,state_226,state_227,state_228,state_229,state_230,state_231,state_232,state_233,state_234,state_235,state_236,state_237,state_238,state_239,state_240,state_241,state_242,state_243,state_244,state_245,state_246,state_247,state_248,state_249,state_250,state_251,state_252,state_253,state_254,state_255,state_256,state_257,state_258,state_259,state_260,state_261,state_262,state_263,state_264,state_265,state_266,state_267,state_268,state_269,state_270,state_271,state_272,state_273,state_274,state_275,state_276,state_277,state_278,state_279,state_280,state_281,state_282,state_283,state_284,state_285,state_286,state_287
{'img': array([[[ 0.        , -0.15193823, -0.1733502 , ...,  0.94206049,
          0.995968  ,  0.91570311],
        [ 0.15193823,  0.        , -0.02169968, ...,  0.88015654,
          0.97077455,  0.966129  ],
        [ 0.1733502 ,  0.02169968,  0.        , ...,  0.86964881,
          0.96533819,  0.97150132],
        ...,
        [-0.94206049, -0.88015654, -0.86964881, ...,  0.        ,
         -0.24957904, -0.68573839],
        [-0.995968  , -0.97077455, -0.96533819, ...,  0.24957904,
          0.        , -0.48238218],
        [-0.91570311, -0.966129  , -0.97150132, ...,  0.68573839,
          0.48238218,  0.        ]],

       [[ 0.        , -0.10428208, -0.47210251, ...,  0.63189334,
          0.48607843,  0.32536853],
        [ 0.10428208,  0.        , -0.37759929, ...,  0.54762372,
          0.57456191,  0.42220235],
        [ 0.47210251,  0.37759929,  0.        , ...,  0.19113598,
          0.84107691,  0.7332407 ],
        ...,
        [-0.63189334, -0.54762372, -0.19113598, ...,  0.        ,
         -0.92895888, -0.84968893],
        [-0.48607843, -0.57456191, -0.84107691, ...,  0.92895888,
          0.        , -0.17528509],
        [-0.32536853, -0.42220235, -0.7332407 , ...,  0.84968893,
          0.17528509,  0.        ]],

       [[ 0.        , -0.19386085, -0.20342072, ...,  0.88100346,
          0.98836866,  0.95310405],
        [ 0.19386085,  0.        , -0.00975414, ...,  0.95600745,
          0.99910012,  0.87635216],
        [ 0.20342072,  0.00975414,  0.        , ...,  0.95882327,
          0.99863888,  0.87161219],
        ...,
        [-0.88100346, -0.95600745, -0.95882327, ...,  0.        ,
          0.3336266 ,  0.71755224],
        [-0.98836866, -0.99910012, -0.99863888, ..., -0.3336266 ,
          0.        ,  0.44406781],
        [-0.95310405, -0.87635216, -0.87161219, ..., -0.71755224,
         -0.44406781,  0.        ]],

       ...,

       [[ 0.        , -0.03746445,  0.07000827, ...,  0.82578163,
          0.80595268,  0.95285575],
        [ 0.03746445,  0.        ,  0.10733164, ...,  0.80407233,
          0.78320867,  0.94081921],
        [-0.07000827, -0.10733164,  0.        , ...,  0.86323947,
          0.84541869,  0.97176   ],
        ...,
        [-0.82578163, -0.80407233, -0.86323947, ...,  0.        ,
          0.03429695, -0.28683941],
        [-0.80595268, -0.78320867, -0.84541869, ..., -0.03429695,
          0.        , -0.31952641],
        [-0.95285575, -0.94081921, -0.97176   , ...,  0.28683941,
          0.31952641,  0.        ]],

       [[ 0.        , -0.39452478, -0.39452478, ..., -0.99975084,
         -0.99078159, -0.97683283],
        [ 0.39452478,  0.        ,  0.        , ..., -0.92746283,
         -0.85696879, -0.81316754],
        [ 0.39452478,  0.        ,  0.        , ..., -0.92746283,
         -0.85696879, -0.81316754],
        ...,
        [ 0.99975084,  0.92746283,  0.92746283, ...,  0.        ,
          0.15755115,  0.23575506],
        [ 0.99078159,  0.85696879,  0.85696879, ..., -0.15755115,
          0.        ,  0.0797005 ],
        [ 0.97683283,  0.81316754,  0.81316754, ..., -0.23575506,
         -0.0797005 ,  0.        ]],

       [[ 0.        ,  0.35522546,  0.35522546, ...,  0.99549808,
          0.99498061,  0.99381124],
        [-0.35522546,  0.        ,  0.        , ...,  0.96424122,
          0.89454196,  0.88953634],
        [-0.35522546,  0.        ,  0.        , ...,  0.96424122,
          0.89454196,  0.88953634],
        ...,
        [-0.99549808, -0.96424122, -0.96424122, ...,  0.        ,
         -0.19392333, -0.20477708],
        [-0.99498061, -0.89454196, -0.89454196, ...,  0.19392333,
          0.        , -0.0110759 ],
        [-0.99381124, -0.88953634, -0.88953634, ...,  0.20477708,
          0.0110759 ,  0.        ]]]), 'num': array([9.49340370e-01, 3.10910120e-01, 5.21167551e-06, 1.63700064e-02,
       1.66105453e-02, 1.58087490e-02, 1.09494630e-02, 2.00449058e-04,
       1.63325893e-02, 1.52147517e-02, 1.44367866e-02, 9.48361135e-06,
       1.66954473e-02, 1.37340561e-02])}
{'img': array([[[ 0.        , -0.02169968, -0.11887875, ...,  0.97077455,
          0.966129  ,  0.99396726],
        [ 0.02169968,  0.        , -0.09730496, ...,  0.96533819,
          0.97150132,  0.99611317],
        [ 0.11887875,  0.09730496,  0.        , ...,  0.93536047,
          0.98995577,  0.99995711],
        ...,
        [-0.97077455, -0.96533819, -0.93536047, ...,  0.        ,
         -0.48238218, -0.34501732],
        [-0.966129  , -0.97150132, -0.98995577, ...,  0.48238218,
          0.        ,  0.15054047],
        [-0.99396726, -0.99611317, -0.99995711, ...,  0.34501732,
         -0.15054047,  0.        ]],

       [[ 0.        , -0.37759929, -0.12511424, ...,  0.57456191,
          0.42220235,  0.29907703],
        [ 0.37759929,  0.        ,  0.25878033, ...,  0.84107691,
          0.7332407 ,  0.63725228],
        [ 0.12511424, -0.25878033,  0.        , ...,  0.67244834,
          0.53230108,  0.41611462],
        ...,
        [-0.57456191, -0.84107691, -0.67244834, ...,  0.        ,
         -0.17528509, -0.30348069],
        [-0.42220235, -0.7332407 , -0.53230108, ...,  0.17528509,
          0.        , -0.1317639 ],
        [-0.29907703, -0.63725228, -0.41611462, ...,  0.30348069,
          0.1317639 ,  0.        ]],

       [[ 0.        , -0.00934493, -0.11385794, ...,  0.99023756,
          0.9993845 ,  0.85779689],
        [ 0.00934493,  0.        , -0.10456881, ...,  0.99149691,
          0.99901304,  0.85295625],
        [ 0.11385794,  0.10456881,  0.        , ...,  0.99966874,
          0.98889138,  0.79369696],
        ...,
        [-0.99023756, -0.99149691, -0.99966874, ...,  0.        ,
          0.174042  ,  0.62853936],
        [-0.9993845 , -0.99901304, -0.98889138, ..., -0.174042  ,
          0.        ,  0.48358074],
        [-0.85779689, -0.85295625, -0.79369696, ..., -0.62853936,
         -0.48358074,  0.        ]],

       ...,

       [[ 0.        ,  0.10733164, -0.35725936, ...,  0.78320867,
          0.94081921,  0.84631699],
        [-0.10733164,  0.        , -0.45544389, ...,  0.84541869,
          0.97176   ,  0.89860143],
        [ 0.35725936,  0.45544389,  0.        , ...,  0.50939178,
          0.75765169,  0.60015971],
        ...,
        [-0.78320867, -0.84541869, -0.50939178, ...,  0.        ,
         -0.31952641, -0.10900589],
        [-0.94081921, -0.97176   , -0.75765169, ...,  0.31952641,
          0.        ,  0.21433087],
        [-0.84631699, -0.89860143, -0.60015971, ...,  0.10900589,
         -0.21433087,  0.        ]],

       [[ 0.        ,  0.        ,  0.19792583, ..., -0.93165373,
         -0.89833979, -0.85105879],
        [ 0.        ,  0.        ,  0.19792583, ..., -0.93165373,
         -0.89833979, -0.85105879],
        [-0.19792583, -0.19792583,  0.        , ..., -0.98513866,
         -0.96751701, -0.93814729],
        ...,
        [ 0.93165373,  0.93165373,  0.98513866, ...,  0.        ,
          0.08286725,  0.17995381],
        [ 0.89833979,  0.89833979,  0.96751701, ..., -0.08286725,
          0.        ,  0.09782042],
        [ 0.85105879,  0.85105879,  0.93814729, ..., -0.17995381,
         -0.09782042,  0.        ]],

       [[ 0.        ,  0.        , -0.09887644, ...,  0.89454196,
          0.88953634,  0.88023619],
        [ 0.        ,  0.        , -0.09887644, ...,  0.89454196,
          0.88953634,  0.88023619],
        [ 0.09887644,  0.09887644,  0.        , ...,  0.93435464,
          0.93035049,  0.9228432 ],
        ...,
        [-0.89454196, -0.89454196, -0.93435464, ...,  0.        ,
         -0.0110759 , -0.03104074],
        [-0.88953634, -0.88953634, -0.93035049, ...,  0.0110759 ,
          0.        , -0.01996827],
        [-0.88023619, -0.88023619, -0.9228432 , ...,  0.03104074,
          0.01996827,  0.        ]]]), 'num': array([7.07052261e-01, 7.07052261e-01, 0.00000000e+00, 4.22248967e-03,
       4.22909764e-03, 4.05398656e-03, 5.37581085e-03, 1.75111074e-04,
       4.10618949e-03, 3.78917236e-03, 3.58360958e-03, 2.83643783e-06,
       4.20382033e-03, 3.37452440e-03])}
{'img': array([[[ 0.        , -0.09266043, -0.12235342, ...,  0.93366124,
          0.96867769,  0.84750226],
        [ 0.09266043,  0.        , -0.02986279, ...,  0.96283142,
          0.98751979,  0.79467271],
        [ 0.12235342,  0.02986279,  0.        , ...,  0.97046804,
          0.9917826 ,  0.77619044],
        ...,
        [-0.93366124, -0.96283142, -0.97046804, ...,  0.        ,
          0.11509096,  0.79911889],
        [-0.96867769, -0.98751979, -0.9917826 , ..., -0.11509096,
          0.        ,  0.72461913],
        [-0.84750226, -0.79467271, -0.77619044, ..., -0.79911889,
         -0.72461913,  0.        ]],

       [[ 0.        ,  0.25878033,  0.01070287, ...,  0.7332407 ,
          0.63725228,  0.97996746],
        [-0.25878033,  0.        , -0.24842722, ...,  0.53230108,
          0.41611462,  0.89504795],
        [-0.01070287,  0.24842722,  0.        , ...,  0.72592108,
          0.62896756,  0.97777977],
        ...,
        [-0.7332407 , -0.53230108, -0.72592108, ...,  0.        ,
         -0.1317639 ,  0.52031714],
        [-0.63725228, -0.41611462, -0.62896756, ...,  0.1317639 ,
          0.        ,  0.62830339],
        [-0.97996746, -0.89504795, -0.97777977, ..., -0.52031714,
         -0.62830339,  0.        ]],

       [[ 0.        , -0.09948498, -0.14215142, ...,  0.98782442,
          0.99943803,  0.82960843],
        [ 0.09948498,  0.        , -0.04297151, ...,  0.99840105,
          0.99114511,  0.76994579],
        [ 0.14215142,  0.04297151,  0.        , ...,  0.99990789,
          0.98452369,  0.74181407],
        ...,
        [-0.98782442, -0.99840105, -0.99990789, ...,  0.        ,
          0.18859775,  0.68061204],
        [-0.99943803, -0.99114511, -0.98452369, ..., -0.18859775,
          0.        ,  0.53022304],
        [-0.82960843, -0.76994579, -0.74181407, ..., -0.68061204,
         -0.53022304,  0.        ]],

       ...,

       [[ 0.        , -0.42434641, -0.17855051, ...,  0.99999921,
          0.989634  ,  0.42434641],
        [ 0.42434641,  0.        ,  0.25585   , ...,  0.90603279,
          0.83517208,  0.        ],
        [ 0.17855051, -0.25585   ,  0.        , ...,  0.98415448,
          0.94808924,  0.25585   ],
        ...,
        [-0.99999921, -0.90603279, -0.98415448, ...,  0.        ,
          0.14485672,  0.90603279],
        [-0.989634  , -0.83517208, -0.94808924, ..., -0.14485672,
          0.        ,  0.83517208],
        [-0.42434641, -0.        , -0.25585   , ..., -0.90603279,
         -0.83517208,  0.        ]],

       [[ 0.        ,  0.19792583, -0.11960879, ..., -0.89833979,
         -0.85105879, -0.73637816],
        [-0.19792583,  0.        , -0.31374751, ..., -0.96751701,
         -0.93814729, -0.8557211 ],
        [ 0.11960879,  0.31374751,  0.        , ..., -0.83934641,
         -0.78214609, -0.65016804],
        ...,
        [ 0.89833979,  0.96751701,  0.83934641, ...,  0.        ,
          0.09782042,  0.28429804],
        [ 0.85105879,  0.93814729,  0.78214609, ..., -0.09782042,
          0.        ,  0.18915061],
        [ 0.73637816,  0.8557211 ,  0.65016804, ..., -0.28429804,
         -0.18915061,  0.        ]],

       [[ 0.        , -0.09887644, -0.38953535, ...,  0.88953634,
          0.88023619,  0.82923629],
        [ 0.09887644,  0.        , -0.29656018, ...,  0.93035049,
          0.9228432 ,  0.88043466],
        [ 0.38953535,  0.29656018,  0.        , ...,  0.99723805,
          0.99555615,  0.98144677],
        ...,
        [-0.88953634, -0.93035049, -0.99723805, ...,  0.        ,
         -0.01996827, -0.11831169],
        [-0.88023619, -0.9228432 , -0.99555615, ...,  0.01996827,
          0.        , -0.09846008],
        [-0.82923629, -0.88043466, -0.98144677, ...,  0.11831169,
          0.09846008,  0.        ]]]), 'num': array([ 7.07059506e-01,  7.07059506e-01,  0.00000000e+00,  4.01768392e-03,
        4.22914097e-03,  4.00446786e-03,  3.20813383e-03, -2.04849016e-04,
        4.08178184e-03,  3.80209685e-03,  3.59460462e-03,  2.32470959e-06,
        4.22817343e-03,  3.37602027e-03])}
{'img': array([[[ 0.        , -0.02986279,  0.21151348, ...,  0.98751979,
          0.79467271,  0.97396348],
        [ 0.02986279,  0.        ,  0.2406063 , ...,  0.9917826 ,
          0.77619044,  0.98029914],
        [-0.21151348, -0.2406063 ,  0.        , ...,  0.93186491,
          0.90509005,  0.90397647],
        ...,
        [-0.98751979, -0.9917826 , -0.93186491, ...,  0.        ,
          0.72461913, -0.07048127],
        [-0.79467271, -0.77619044, -0.90509005, ..., -0.72461913,
          0.        , -0.77138922],
        [-0.97396348, -0.98029914, -0.90397647, ...,  0.07048127,
          0.77138922,  0.        ]],

       [[ 0.        , -0.24842722,  0.08120451, ...,  0.41611462,
          0.89504795,  0.54241765],
        [ 0.24842722,  0.        ,  0.32626558, ...,  0.62896756,
          0.97777977,  0.73411911],
        [-0.08120451, -0.32626558,  0.        , ...,  0.34090013,
          0.85587725,  0.47240566],
        ...,
        [-0.41611462, -0.62896756, -0.34090013, ...,  0.        ,
          0.62830339,  0.14364535],
        [-0.89504795, -0.97777977, -0.85587725, ..., -0.62830339,
          0.        , -0.51003586],
        [-0.54241765, -0.73411911, -0.47240566, ..., -0.14364535,
          0.51003586,  0.        ]],

       [[ 0.        , -0.04297151, -0.05698171, ...,  0.99114511,
          0.76994579,  0.93593157],
        [ 0.04297151,  0.        , -0.01402739, ...,  0.98452369,
          0.74181407,  0.91993326],
        [ 0.05698171,  0.01402739,  0.        , ...,  0.9819685 ,
          0.73233424,  0.91434296],
        ...,
        [-0.99114511, -0.98452369, -0.9819685 , ...,  0.        ,
          0.53022304,  0.22478737],
        [-0.76994579, -0.74181407, -0.73233424, ..., -0.53022304,
          0.        , -0.32606567],
        [-0.93593157, -0.91993326, -0.91434296, ..., -0.22478737,
          0.32606567,  0.        ]],

       ...,

       [[ 0.        ,  0.25585   ,  0.68235551, ...,  0.83517208,
          0.        ,  0.84698679],
        [-0.25585   ,  0.        ,  0.47261273, ...,  0.94808924,
          0.25585   ,  0.95480952],
        [-0.68235551, -0.47261273,  0.        , ...,  0.98581574,
          0.68235551,  0.9819144 ],
        ...,
        [-0.83517208, -0.94808924, -0.98581574, ...,  0.        ,
          0.83517208, -0.02184406],
        [-0.        , -0.25585   , -0.68235551, ..., -0.83517208,
          0.        , -0.84698679],
        [-0.84698679, -0.95480952, -0.9819144 , ...,  0.02184406,
          0.84698679,  0.        ]],

       [[ 0.        , -0.31374751, -0.55097492, ..., -0.93814729,
         -0.8557211 , -0.82010431],
        [ 0.31374751,  0.        , -0.26132511, ..., -0.78214609,
         -0.65016804, -0.59916361],
        [ 0.55097492,  0.26132511,  0.        , ..., -0.59213678,
         -0.42902293, -0.36911934],
        ...,
        [ 0.93814729,  0.78214609,  0.59213678, ...,  0.        ,
          0.18915061,  0.25287107],
        [ 0.8557211 ,  0.65016804,  0.42902293, ..., -0.18915061,
          0.        ,  0.06530305],
        [ 0.82010431,  0.59916361,  0.36911934, ..., -0.25287107,
         -0.06530305,  0.        ]],

       [[ 0.        , -0.29656018, -0.44292093, ...,  0.9228432 ,
          0.88043466,  0.88356845],
        [ 0.29656018,  0.        , -0.15711157, ...,  0.99555615,
          0.98144677,  0.98270012],
        [ 0.44292093,  0.15711157,  0.        , ...,  0.99798737,
          0.9993818 ,  0.9995935 ],
        ...,
        [-0.9228432 , -0.99555615, -0.99798737, ...,  0.        ,
         -0.09846008, -0.09184012],
        [-0.88043466, -0.98144677, -0.9993818 , ...,  0.09846008,
          0.        ,  0.0066501 ],
        [-0.88356845, -0.98270012, -0.9995935 , ...,  0.09184012,
         -0.0066501 ,  0.        ]]]), 'num': array([9.98313181e-01, 5.59184660e-02, 7.66174565e-06, 5.67707660e-03,
       5.69553863e-03, 5.49245622e-03, 2.28541565e-03, 6.46171320e-05,
       5.68538451e-03, 5.33506735e-03, 5.03882857e-03, 3.23214946e-06,
       5.94855103e-03, 4.72158367e-03])}
{'img': array([[[ 0.        ,  0.2406063 ,  0.2406063 , ...,  0.77619044,
          0.98029914,  0.99621845],
        [-0.2406063 ,  0.        ,  0.        , ...,  0.90509005,
          0.90397647,  0.94604752],
        [-0.2406063 ,  0.        ,  0.        , ...,  0.90509005,
          0.90397647,  0.94604752],
        ...,
        [-0.77619044, -0.90509005, -0.90509005, ...,  0.        ,
         -0.77138922, -0.69555271],
        [-0.98029914, -0.90397647, -0.90397647, ...,  0.77138922,
          0.        ,  0.11159947],
        [-0.99621845, -0.94604752, -0.94604752, ...,  0.69555271,
         -0.11159947,  0.        ]],

       [[ 0.        ,  0.32626558, -0.03953365, ...,  0.97777977,
          0.73411911,  0.27529264],
        [-0.32626558,  0.        , -0.36338081, ...,  0.85587725,
          0.47240566, -0.05343072],
        [ 0.03953365,  0.36338081,  0.        , ...,  0.98530301,
          0.76038937,  0.31308351],
        ...,
        [-0.97777977, -0.85587725, -0.98530301, ...,  0.        ,
         -0.51003586, -0.88228792],
        [-0.73411911, -0.47240566, -0.76038937, ...,  0.51003586,
          0.        , -0.51882369],
        [-0.27529264,  0.05343072, -0.31308351, ...,  0.88228792,
          0.51882369,  0.        ]],

       [[ 0.        , -0.01402739,  0.01581657, ...,  0.74181407,
          0.91993326,  0.94631588],
        [ 0.01402739,  0.        ,  0.02984065, ...,  0.73233424,
          0.91434296,  0.94168851],
        [-0.01581657, -0.02984065,  0.        , ...,  0.75232795,
          0.92601947,  0.9513101 ],
        ...,
        [-0.74181407, -0.73233424, -0.75232795, ...,  0.        ,
         -0.32606567, -0.39481828],
        [-0.91993326, -0.91434296, -0.92601947, ...,  0.32606567,
          0.        , -0.07366448],
        [-0.94631588, -0.94168851, -0.9513101 , ...,  0.39481828,
          0.07366448,  0.        ]],

       ...,

       [[ 0.        ,  0.64955428,  0.72793512, ...,  0.        ,
          0.85191059,  0.85810479],
        [-0.64955428,  0.        ,  0.10809585, ...,  0.64955428,
          0.98788389,  0.98595976],
        [-0.72793512, -0.10809585,  0.        , ...,  0.72793512,
          0.96531945,  0.96213233],
        ...,
        [-0.        , -0.64955428, -0.72793512, ...,  0.        ,
         -0.85191059, -0.85810479],
        [-0.85191059, -0.98788389, -0.96531945, ...,  0.85191059,
          0.        , -0.01194409],
        [-0.85810479, -0.98595976, -0.96213233, ...,  0.85810479,
          0.01194409,  0.        ]],

       [[ 0.        , -0.47117983, -0.72115521, ..., -0.83068681,
         -0.79013297, -0.73086732],
        [ 0.47117983,  0.        , -0.30966478, ..., -0.47037199,
         -0.40812382, -0.32306269],
        [ 0.72115521,  0.30966478,  0.        , ..., -0.17398189,
         -0.10536161, -0.014123  ],
        ...,
        [ 0.83068681,  0.47037199,  0.17398189, ...,  0.        ,
          0.06925878,  0.16005693],
        [ 0.79013297,  0.40812382,  0.10536161, ..., -0.06925878,
          0.        ,  0.09130671],
        [ 0.73086732,  0.32306269,  0.014123  , ..., -0.16005693,
         -0.09130671,  0.        ]],

       [[ 0.        , -0.15711157, -0.16040794, ...,  0.98144677,
          0.98270012,  0.98587386],
        [ 0.15711157,  0.        , -0.00333871, ...,  0.9993818 ,
          0.9995935 ,  0.99994469],
        [ 0.16040794,  0.00333871,  0.        , ...,  0.99949361,
          0.99968312,  0.99997423],
        ...,
        [-0.98144677, -0.9993818 , -0.99949361, ...,  0.        ,
          0.0066501 ,  0.02464433],
        [-0.98270012, -0.9995935 , -0.99968312, ..., -0.0066501 ,
          0.        ,  0.0179957 ],
        [-0.98587386, -0.99994469, -0.99997423, ..., -0.02464433,
         -0.0179957 ,  0.        ]]]), 'num': array([ 9.99047110e-01,  4.04626581e-02,  8.11671847e-06,  5.67209735e-03,
        5.89302578e-03,  5.57123871e-03,  3.68527835e-03, -2.35336808e-04,
        5.88822299e-03,  5.56619578e-03,  5.25777649e-03,  2.90599313e-06,
        6.20151259e-03,  4.93087898e-03])}
{'img': array([[[ 0.        ,  0.        ,  0.05122428, ...,  0.90397647,
          0.94604752,  0.77385154],
        [ 0.        ,  0.        ,  0.05122428, ...,  0.90397647,
          0.94604752,  0.77385154],
        [-0.05122428, -0.05122428,  0.        , ...,  0.88088712,
          0.92820743,  0.74039185],
        ...,
        [-0.90397647, -0.90397647, -0.88088712, ...,  0.        ,
          0.11159947, -0.24166375],
        [-0.94604752, -0.94604752, -0.92820743, ..., -0.11159947,
          0.        , -0.34844581],
        [-0.77385154, -0.77385154, -0.74039185, ...,  0.24166375,
          0.34844581,  0.        ]],

       [[ 0.        , -0.36338081, -0.05537268, ...,  0.47240566,
         -0.05343072,  0.29020114],
        [ 0.36338081,  0.        ,  0.31123585, ...,  0.76038937,
          0.31308351,  0.61810616],
        [ 0.05537268, -0.31123585,  0.        , ...,  0.52048532,
          0.00194484,  0.34274566],
        ...,
        [-0.47240566, -0.76038937, -0.52048532, ...,  0.        ,
         -0.51882369, -0.19629816],
        [ 0.05343072, -0.31308351, -0.00194484, ...,  0.51882369,
          0.        ,  0.34091797],
        [-0.29020114, -0.61810616, -0.34274566, ...,  0.19629816,
         -0.34091797,  0.        ]],

       [[ 0.        ,  0.02984065,  0.07973572, ...,  0.91434296,
          0.94168851,  0.96999102],
        [-0.02984065,  0.        ,  0.04995457, ...,  0.92601947,
          0.9513101 ,  0.97681453],
        [-0.07973572, -0.04995457,  0.        , ...,  0.94371997,
          0.96552015,  0.98628961],
        ...,
        [-0.91434296, -0.92601947, -0.94371997, ...,  0.        ,
         -0.07366448, -0.17047478],
        [-0.94168851, -0.9513101 , -0.96552015, ...,  0.07366448,
          0.        , -0.09742544],
        [-0.96999102, -0.97681453, -0.98628961, ...,  0.17047478,
          0.09742544,  0.        ]],

       ...,

       [[ 0.        ,  0.16981131,  0.38459916, ...,  0.99591244,
          0.99697466,  0.96646416],
        [-0.16981131,  0.        ,  0.22226342, ...,  0.99678642,
          0.99569416,  0.90882   ],
        [-0.38459916, -0.22226342,  0.        , ...,  0.95404902,
          0.95018486,  0.79336164],
        ...,
        [-0.99591244, -0.99678642, -0.95404902, ...,  0.        ,
         -0.01264116, -0.34304667],
        [-0.99697466, -0.99569416, -0.95018486, ...,  0.01264116,
          0.        , -0.33114518],
        [-0.96646416, -0.90882   , -0.79336164, ...,  0.34304667,
          0.33114518,  0.        ]],

       [[ 0.        , -0.60149887, -0.80734943, ..., -0.70011361,
         -0.61570471, -0.58978473],
        [ 0.60149887,  0.        , -0.29004155, ..., -0.12981319,
         -0.017903  ,  0.01458326],
        [ 0.80734943,  0.29004155,  0.        , ...,  0.16335431,
          0.27286164,  0.30396709],
        ...,
        [ 0.70011361,  0.12981319, -0.16335431, ...,  0.        ,
          0.11204087,  0.14425924],
        [ 0.61570471,  0.017903  , -0.27286164, ..., -0.11204087,
          0.        ,  0.03248201],
        [ 0.58978473, -0.01458326, -0.30396709, ..., -0.14425924,
         -0.03248201,  0.        ]],

       [[ 0.        , -0.00333871,  0.07569643, ...,  0.9995935 ,
          0.99994469,  0.99892174],
        [ 0.00333871,  0.        ,  0.07902514, ...,  0.99968312,
          0.99997423,  0.99876116],
        [-0.07569643, -0.07902514,  0.        , ...,  0.99456745,
          0.99627964,  0.99957002],
        ...,
        [-0.9995935 , -0.99968312, -0.99456745, ...,  0.        ,
          0.0179957 ,  0.07488655],
        [-0.99994469, -0.99997423, -0.99627964, ..., -0.0179957 ,
          0.        ,  0.05692925],
        [-0.99892174, -0.99876116, -0.99957002, ..., -0.07488655,
         -0.05692925,  0.        ]]]), 'num': array([ 9.99048208e-01,  4.05615648e-02,  8.13655894e-06,  5.67151860e-03,
        5.74855111e-03,  5.60411515e-03,  1.96115143e-03, -1.44435958e-05,
        5.85735953e-03,  5.59689336e-03,  5.28210321e-03,  2.80531781e-06,
        6.22427324e-03,  4.96951348e-03])}
{'img': array([[[ 0.00000000e+00,  5.12242751e-02,  5.12242751e-02, ...,
          9.46047523e-01,  7.73851543e-01,  7.61411937e-01],
        [-5.12242751e-02,  0.00000000e+00,  0.00000000e+00, ...,
          9.28207433e-01,  7.40391845e-01,  7.27205259e-01],
        [-5.12242751e-02,  0.00000000e+00,  0.00000000e+00, ...,
          9.28207433e-01,  7.40391845e-01,  7.27205259e-01],
        ...,
        [-9.46047523e-01, -9.28207433e-01, -9.28207433e-01, ...,
          0.00000000e+00, -3.48445809e-01, -3.66573957e-01],
        [-7.73851543e-01, -7.40391845e-01, -7.40391845e-01, ...,
          3.48445809e-01,  0.00000000e+00, -1.94102555e-02],
        [-7.61411937e-01, -7.27205259e-01, -7.27205259e-01, ...,
          3.66573957e-01,  1.94102555e-02,  0.00000000e+00]],

       [[ 0.00000000e+00,  3.11235853e-01,  3.11953575e-01, ...,
          3.13083512e-01,  6.18106155e-01,  1.39807137e-01],
        [-3.11235853e-01,  0.00000000e+00,  7.55326237e-04, ...,
          1.94484281e-03,  3.42745657e-01, -1.75315835e-01],
        [-3.11953575e-01, -7.55326237e-04,  0.00000000e+00, ...,
          1.18951744e-03,  3.42035984e-01, -1.76059413e-01],
        ...,
        [-3.13083512e-01, -1.94484281e-03, -1.18951744e-03, ...,
          0.00000000e+00,  3.40917969e-01, -1.77230225e-01],
        [-6.18106155e-01, -3.42745657e-01, -3.42035984e-01, ...,
         -3.40917969e-01,  0.00000000e+00, -5.02133942e-01],
        [-1.39807137e-01,  1.75315835e-01,  1.76059413e-01, ...,
          1.77230225e-01,  5.02133942e-01,  0.00000000e+00]],

       [[ 0.00000000e+00,  4.99545746e-02,  1.21167756e-01, ...,
          9.51310104e-01,  9.76814530e-01,  9.96250985e-01],
        [-4.99545746e-02,  0.00000000e+00,  7.14299656e-02, ...,
          9.65520155e-01,  9.86289608e-01,  9.99328725e-01],
        [-1.21167756e-01, -7.14299656e-02,  0.00000000e+00, ...,
          9.81649090e-01,  9.95557882e-01,  9.99392870e-01],
        ...,
        [-9.51310104e-01, -9.65520155e-01, -9.81649090e-01, ...,
          0.00000000e+00, -9.74254393e-02, -2.24782054e-01],
        [-9.76814530e-01, -9.86289608e-01, -9.95557882e-01, ...,
          9.74254393e-02,  0.00000000e+00, -1.28780495e-01],
        [-9.96250985e-01, -9.99328725e-01, -9.99392870e-01, ...,
          2.24782054e-01,  1.28780495e-01,  0.00000000e+00]],

       ...,

       [[ 0.00000000e+00,  2.22263415e-01,  3.85910416e-01, ...,
          9.95694155e-01,  9.08820000e-01,  8.74784670e-01],
        [-2.22263415e-01,  0.00000000e+00,  1.71211445e-01, ...,
          9.50184863e-01,  7.93361640e-01,  7.45214108e-01],
        [-3.85910416e-01, -1.71211445e-01,  0.00000000e+00, ...,
          8.82790360e-01,  6.77422034e-01,  6.20042388e-01],
        ...,
        [-9.95694155e-01, -9.50184863e-01, -8.82790360e-01, ...,
          0.00000000e+00, -3.31145183e-01, -4.01333794e-01],
        [-9.08820000e-01, -7.93361640e-01, -6.77422034e-01, ...,
          3.31145183e-01,  0.00000000e+00, -7.53840408e-02],
        [-8.74784670e-01, -7.45214108e-01, -6.20042388e-01, ...,
          4.01333794e-01,  7.53840408e-02,  0.00000000e+00]],

       [[ 0.00000000e+00, -4.87744821e-01, -7.03800260e-01, ...,
         -4.97993505e-02,  4.97696489e-02,  2.16076074e-01],
        [ 4.87744821e-01,  0.00000000e+00, -2.67915045e-01, ...,
          4.43665500e-01,  5.30588589e-01,  6.64854038e-01],
        [ 7.03800260e-01,  2.67915045e-01,  0.00000000e+00, ...,
          6.67549660e-01,  7.38284311e-01,  8.40674048e-01],
        ...,
        [ 4.97993505e-02, -4.43665500e-01, -6.67549660e-01, ...,
          0.00000000e+00,  9.94455321e-02,  2.64430893e-01],
        [-4.97696489e-02, -5.30588589e-01, -7.38284311e-01, ...,
         -9.94455321e-02,  0.00000000e+00,  1.67214379e-01],
        [-2.16076074e-01, -6.64854038e-01, -8.40674048e-01, ...,
         -2.64430893e-01, -1.67214379e-01,  0.00000000e+00]],

       [[ 0.00000000e+00,  7.90251391e-02,  1.49291808e-01, ...,
          9.99974233e-01,  9.98761165e-01,  9.90346111e-01],
        [-7.90251391e-02,  0.00000000e+00,  7.06853975e-02, ...,
          9.96279645e-01,  9.99570015e-01,  9.98203127e-01],
        [-1.49291808e-01, -7.06853975e-02,  0.00000000e+00, ...,
          9.87695992e-01,  9.94997107e-01,  9.99941815e-01],
        ...,
        [-9.99974233e-01, -9.96279645e-01, -9.87695992e-01, ...,
          0.00000000e+00,  5.69292452e-02,  1.45722428e-01],
        [-9.98761165e-01, -9.99570015e-01, -9.94997107e-01, ...,
         -5.69292452e-02,  0.00000000e+00,  8.91645425e-02],
        [-9.90346111e-01, -9.98203127e-01, -9.99941815e-01, ...,
         -1.45722428e-01, -8.91645425e-02,  0.00000000e+00]]]), 'num': array([9.99111621e-01, 3.90686591e-02, 7.83708540e-06, 5.68072759e-03,
       5.68072759e-03, 5.40248787e-03, 3.10496976e-03, 2.17954446e-04,
       5.59261834e-03, 5.42103718e-03, 5.10237542e-03, 2.91458272e-06,
       6.01998188e-03, 4.82209248e-03])}
{'img': array([[[ 0.00000000e+00,  0.00000000e+00, -1.63927595e-01, ...,
          7.40391845e-01,  7.27205259e-01,  9.12057094e-01],
        [ 0.00000000e+00,  0.00000000e+00, -1.63927595e-01, ...,
          7.40391845e-01,  7.27205259e-01,  9.12057094e-01],
        [ 1.63927595e-01,  1.63927595e-01,  0.00000000e+00, ...,
          8.40564215e-01,  8.29891089e-01,  9.66939806e-01],
        ...,
        [-7.40391845e-01, -7.40391845e-01, -8.40564215e-01, ...,
          0.00000000e+00, -1.94102555e-02,  3.09454967e-01],
        [-7.27205259e-01, -7.27205259e-01, -8.29891089e-01, ...,
          1.94102555e-02,  0.00000000e+00,  3.27854152e-01],
        [-9.12057094e-01, -9.12057094e-01, -9.66939806e-01, ...,
         -3.09454967e-01, -3.27854152e-01,  0.00000000e+00]],

       [[ 0.00000000e+00,  7.55326237e-04,  2.20921871e-01, ...,
          3.42745657e-01, -1.75315835e-01,  2.39150485e-01],
        [-7.55326237e-04,  0.00000000e+00,  2.20185145e-01, ...,
          3.42035984e-01, -1.76059413e-01,  2.38417008e-01],
        [-2.20921871e-01, -2.20185145e-01,  0.00000000e+00, ...,
          1.26736684e-01, -3.88484332e-01,  1.87301628e-02],
        ...,
        [-3.42745657e-01, -3.42035984e-01, -1.26736684e-01, ...,
          0.00000000e+00, -5.02133942e-01, -1.08135321e-01],
        [ 1.75315835e-01,  1.76059413e-01,  3.88484332e-01, ...,
          5.02133942e-01,  0.00000000e+00,  4.05675191e-01],
        [-2.39150485e-01, -2.38417008e-01, -1.87301628e-02, ...,
          1.08135321e-01, -4.05675191e-01,  0.00000000e+00]],

       [[ 0.00000000e+00,  7.14299656e-02,  1.03132767e-01, ...,
          9.86289608e-01,  9.99328725e-01,  9.96316845e-01],
        [-7.14299656e-02,  0.00000000e+00,  3.18202540e-02, ...,
          9.95557882e-01,  9.99392870e-01,  9.87646883e-01],
        [-1.03132767e-01, -3.18202540e-02,  0.00000000e+00, ...,
          9.98049663e-01,  9.97778138e-01,  9.82160640e-01],
        ...,
        [-9.86289608e-01, -9.95557882e-01, -9.98049663e-01, ...,
          0.00000000e+00, -1.28780495e-01, -2.48988362e-01],
        [-9.99328725e-01, -9.99392870e-01, -9.97778138e-01, ...,
          1.28780495e-01,  0.00000000e+00, -1.22190323e-01],
        [-9.96316845e-01, -9.87646883e-01, -9.82160640e-01, ...,
          2.48988362e-01,  1.22190323e-01,  0.00000000e+00]],

       ...,

       [[ 0.00000000e+00,  1.71211445e-01,  1.08153288e-01, ...,
          7.93361640e-01,  7.45214108e-01,  8.39455919e-01],
        [-1.71211445e-01,  0.00000000e+00, -6.36508288e-02, ...,
          6.77422034e-01,  6.20042388e-01,  7.34019714e-01],
        [-1.08153288e-01,  6.36508288e-02,  0.00000000e+00, ...,
          7.22869583e-01,  6.68723508e-01,  7.75758361e-01],
        ...,
        [-7.93361640e-01, -6.77422034e-01, -7.22869583e-01, ...,
          0.00000000e+00, -7.53840408e-02,  7.98845433e-02],
        [-7.45214108e-01, -6.20042388e-01, -6.68723508e-01, ...,
          7.53840408e-02,  0.00000000e+00,  1.54800360e-01],
        [-8.39455919e-01, -7.34019714e-01, -7.75758361e-01, ...,
         -7.98845433e-02, -1.54800360e-01,  0.00000000e+00]],

       [[ 0.00000000e+00, -2.51391459e-01, -5.17236402e-01, ...,
          4.23611873e-01,  4.61911021e-01,  7.07922386e-01],
        [ 2.51391459e-01,  0.00000000e+00, -2.85474099e-01, ...,
          6.37729181e-01,  6.70042667e-01,  8.62743143e-01],
        [ 5.17236402e-01,  2.85474099e-01,  0.00000000e+00, ...,
          8.31080459e-01,  8.54073668e-01,  9.71189134e-01],
        ...,
        [-4.23611873e-01, -6.37729181e-01, -8.31080459e-01, ...,
          0.00000000e+00,  4.27067341e-02,  3.42074172e-01],
        [-4.61911021e-01, -6.70042667e-01, -8.54073668e-01, ...,
         -4.27067341e-02,  0.00000000e+00,  3.01631718e-01],
        [-7.07922386e-01, -8.62743143e-01, -9.71189134e-01, ...,
         -3.42074172e-01, -3.01631718e-01,  0.00000000e+00]],

       [[ 0.00000000e+00,  7.06853975e-02,  2.09595860e-01, ...,
          9.99570015e-01,  9.98203127e-01,  9.81092480e-01],
        [-7.06853975e-02,  0.00000000e+00,  1.39956248e-01, ...,
          9.94997107e-01,  9.99941815e-01,  9.92318851e-01],
        [-2.09595860e-01, -1.39956248e-01,  0.00000000e+00, ...,
          9.71221884e-01,  9.88590319e-01,  9.99865638e-01],
        ...,
        [-9.99570015e-01, -9.94997107e-01, -9.71221884e-01, ...,
          0.00000000e+00,  8.91645425e-02,  2.22223970e-01],
        [-9.98203127e-01, -9.99941815e-01, -9.88590319e-01, ...,
         -8.91645425e-02,  0.00000000e+00,  1.34403791e-01],
        [-9.81092480e-01, -9.92318851e-01, -9.99865638e-01, ...,
         -2.22223970e-01, -1.34403791e-01,  0.00000000e+00]]]), 'num': array([9.99128603e-01, 3.82003509e-02, 7.66290472e-06, 5.68596599e-03,
       5.79025404e-03, 5.37310183e-03, 6.80561159e-03, 1.31493631e-04,
       5.50278176e-03, 5.34680311e-03, 5.00491966e-03, 2.89946079e-06,
       5.89987616e-03, 4.79373005e-03])}
{'img': array([[[ 0.        , -0.1639276 , -0.29000987, ...,  0.72720526,
          0.91205709,  0.988911  ],
        [ 0.1639276 ,  0.        , -0.12920414, ...,  0.82989109,
          0.96693981,  0.99987817],
        [ 0.29000987,  0.12920414,  0.        , ...,  0.89502123,
          0.9917826 ,  0.9894804 ],
        ...,
        [-0.72720526, -0.82989109, -0.89502123, ...,  0.        ,
          0.32785415,  0.57081155],
        [-0.91205709, -0.96693981, -0.9917826 , ..., -0.32785415,
          0.        ,  0.27006701],
        [-0.988911  , -0.99987817, -0.9894804 , ..., -0.57081155,
         -0.27006701,  0.        ]],

       [[ 0.        ,  0.22018515, -0.14809774, ..., -0.17605941,
          0.23841701,  0.83263821],
        [-0.22018515,  0.        , -0.36222025, ..., -0.38848433,
          0.01873016,  0.69026134],
        [ 0.14809774,  0.36222025,  0.        , ..., -0.02833357,
          0.37961495,  0.90547558],
        ...,
        [ 0.17605941,  0.38848433,  0.02833357, ...,  0.        ,
          0.40567519,  0.91713677],
        [-0.23841701, -0.01873016, -0.37961495, ..., -0.40567519,
          0.        ,  0.67658786],
        [-0.83263821, -0.69026134, -0.90547558, ..., -0.91713677,
         -0.67658786,  0.        ]],

       [[ 0.        ,  0.03182025, -0.03069896, ...,  0.99939287,
          0.98764688,  0.99745074],
        [-0.03182025,  0.        , -0.06248867, ...,  0.99777814,
          0.98216064,  0.994675  ],
        [ 0.03069896,  0.06248867,  0.        , ...,  0.99999141,
          0.99199179,  0.99917125],
        ...,
        [-0.99939287, -0.99777814, -0.99999141, ...,  0.        ,
         -0.12219032, -0.03656297],
        [-0.98764688, -0.98216064, -0.99199179, ...,  0.12219032,
          0.        ,  0.08581963],
        [-0.99745074, -0.994675  , -0.99917125, ...,  0.03656297,
         -0.08581963,  0.        ]],

       ...,

       [[ 0.        , -0.06365083, -0.40777496, ...,  0.62004239,
          0.73401971,  0.75919348],
        [ 0.06365083,  0.        , -0.34882964, ...,  0.66872351,
          0.77575836,  0.7990821 ],
        [ 0.40777496,  0.34882964,  0.        , ...,  0.88607714,
          0.94715199,  0.9586127 ],
        ...,
        [-0.62004239, -0.66872351, -0.88607714, ...,  0.        ,
          0.15480036,  0.19207525],
        [-0.73401971, -0.77575836, -0.94715199, ..., -0.15480036,
          0.        ,  0.03784192],
        [-0.75919348, -0.7990821 , -0.9586127 , ..., -0.19207525,
         -0.03784192,  0.        ]],

       [[ 0.        , -0.27973098, -0.50596057, ...,  0.63002392,
          0.74119037,  0.87390111],
        [ 0.27973098,  0.        , -0.24447802, ...,  0.82210466,
          0.89938286,  0.97499188],
        [ 0.50596057,  0.24447802,  0.        , ...,  0.93634799,
          0.9789674 ,  0.9997385 ],
        ...,
        [-0.63002392, -0.82210466, -0.93634799, ...,  0.        ,
          0.15265861,  0.3723934 ],
        [-0.74119037, -0.89938286, -0.9789674 , ..., -0.15265861,
          0.        ,  0.22634994],
