psbl_qty,qty,evlu_rate,stck_clpr,stck_hgpr,stck_lwpr,acml_vol,prdy_vrss,5,20,60,rsi,bb_upper,bb_lower
0.015642216,0.0,0.0,0.10063025,0.10107552,0.098626554,0.95833397,0.0013357998,0.10250037,0.10375825,0.091832526,0.00017337815,0.10837589,0.099140614
0.0134438,0.0,0.0,0.08158457,0.08362883,0.08046952,0.9716741,-0.0024159441,0.08455804,0.08646292,0.07695711,0.00012389456,0.090819515,0.08210632
0.013351457,0.0,0.0,0.07522198,0.077355936,0.074688494,0.9748982,-0.002845276,0.0791698,0.08243298,0.07387344,0.00011392218,0.08771242,0.07715353
0.020005409,0.0,0.0,0.11378879,0.115395226,0.11271784,0.9425996,0.00053547666,0.11700165,0.12362818,0.11148178,0.00014725608,0.1327641,0.11449225
0.0107434625,0.0,0.0,0.05742484,0.059097406,0.057006698,0.9851287,-0.0018119488,0.05996157,0.06409421,0.05814265,7.076249e-05,0.06969951,0.0584889
0.01001183,0.0,0.0,0.051719274,0.052996293,0.05082536,0.98784834,-0.0008939134,0.053736966,0.058264,0.053360246,6.797037e-05,0.064127654,0.05240034
0.02130632,0.0,0.0,0.10841949,0.11003769,0.10788009,0.94542336,-0.0008091007,0.11149408,0.122039355,0.11285156,0.00014355013,0.13567083,0.108407885
0.005624368,0.0020117336,-7.2147643e-09,0.03867235,0.040601145,0.03857591,0.99321395,-9.643978e-05,0.03944387,0.04325806,0.040438805,4.9775368e-05,0.04842582,0.038090304
0.009082546,0.0021894653,8.989565e-07,0.05832828,0.05962127,0.05760995,0.9849836,0.0007183286,0.058213346,0.06398871,0.06035636,4.9182854e-05,0.07200077,0.055976644
0.010230364,0.0085583655,-1.2646646e-07,0.09422704,0.09682477,0.09422704,0.9595902,-0.001653106,0.09507721,0.104240134,0.099363476,7.871933e-05,0.117705196,0.09077507
0.0064241365,0.0042827576,3.6429192e-06,0.05620094,0.056611165,0.0534661,0.9866396,0.0016409033,0.055216398,0.059913483,0.05763901,7.246154e-05,0.067593105,0.05223386
0.015683359,0.0061040027,5.0807635e-06,0.11261692,0.11455382,0.11206352,0.9439954,-0.0011068002,0.11200818,0.12046136,0.116864264,0.000120304365,0.1360975,0.10482521
0.006183828,0.0032372868,4.277542e-06,0.05118578,0.05179659,0.050452806,0.9891609,0.0014659412,0.049890865,0.05293269,0.051711075,7.47105e-05,0.059743624,0.046121757
0.00718086,0.0084344065,4.6610508e-06,0.08250179,0.08490476,0.08250179,0.9708458,-0.0014017294,0.0820212,0.08627645,0.08491811,0.00013720633,0.09728405,0.07526885
0.010614917,0.0046939137,9.728172e-06,0.083791524,0.08498287,0.08299729,0.97107226,0.0019855811,0.08224277,0.08498287,0.08436734,0.0001453729,0.09499225,0.074973494
0.012250056,0.009449403,1.2460162e-05,0.11734736,0.118187554,0.11482677,0.9424365,-0.00084019586,0.11645115,0.11908376,0.11924247,0.00022515054,0.13186972,0.106297806
0.016222944,0.003731071,1.124883e-05,0.107964,0.10847934,0.1053873,0.95165503,0.0,0.10775787,0.10895604,0.10994807,0.00024568598,0.119694784,0.098217286
0.0149991,0.008187885,1.365594e-05,0.12654552,0.12654552,0.123840265,0.9337496,0.00060116634,0.12582411,0.1263351,0.12852937,0.00028660256,0.13687028,0.11579993
0.006782033,0.0071663363,1.0816975e-05,0.07850762,0.07997163,0.0770436,0.9755221,0.0014640115,0.0772266,0.07657695,0.078434415,0.00022140914,0.081792295,0.0713616
0.016464854,0.0130006,2.0807023e-05,0.1647257,0.16704035,0.16356838,0.88637084,-0.00077154895,0.1631826,0.16106084,0.16572228,0.00049744605,0.1710568,0.15106489
0.009815313,0.016400097,1.9247149e-05,0.14709222,0.14777957,0.14571753,0.91115385,0.00034367343,0.14599247,0.14307125,0.14797433,0.00046442353,0.15035875,0.13578375
0.010016496,0.014120695,5.264146e-06,0.1298203,0.13419978,0.1298203,0.92818075,-0.00406666,0.13263568,0.12985158,0.13492449,0.00036374418,0.13562952,0.12407364
0.007926744,0.0056117633,-6.0034204e-06,0.068381526,0.07027622,0.068209276,0.97960234,-0.0031004217,0.07220538,0.07127525,0.07436993,0.00015658695,0.07466564,0.067884855
0.0052305055,0.0038499215,-8.288077e-06,0.042427707,0.045009285,0.04220322,0.99170387,-0.0021326095,0.04590723,0.046182223,0.04846262,9.100752e-05,0.048923768,0.043440674
0.0041642697,0.0145100225,-1.5640886e-05,0.08834002,0.088571884,0.08671698,0.964789,0.00069559074,0.09269906,0.09504088,0.100053,0.0001636684,0.101484686,0.088597074
0.007241928,0.0078092683,-2.2879922e-05,0.068043716,0.07045399,0.067858316,0.9782054,-0.002595673,0.07186306,0.075645335,0.07992201,0.00011918907,0.0818535,0.06943716
0.01113467,0.015158779,-3.6728157e-05,0.12078838,0.121113956,0.1191605,0.9319393,0.0013023006,0.123327866,0.13233002,0.14014383,0.00017530969,0.14441666,0.12024337
0.020727223,0.012962792,-5.5421973e-05,0.15065314,0.15437809,0.15065314,0.8888701,-0.0028971757,0.15404698,0.16745676,0.177859,0.00022285967,0.18461646,0.15029706
0.004652327,0.009393236,-1.8145958e-05,0.06732232,0.06856247,0.06395621,0.98029804,0.0028346241,0.06601131,0.07145024,0.07606832,0.00010951956,0.07903493,0.06386556
0.0062711556,0.022747591,-3.6307072e-05,0.13956252,0.13992882,0.13699837,0.9124678,0.00036630582,0.13648555,0.14740147,0.1571391,0.00023742042,0.16347456,0.13132836
0.016029142,0.009326394,-3.9531882e-05,0.119691916,0.12033027,0.11681931,0.93530774,-0.0019150706,0.11943657,0.12786289,0.13664028,0.00019598675,0.1423064,0.11341936
0.021982435,0.014645752,-5.7857553e-05,0.17214051,0.17444186,0.16983916,0.8601778,-0.00046026873,0.17250872,0.18362421,0.19661146,0.00026882952,0.20506598,0.16218245
0.014854278,0.015504014,-5.667788e-05,0.13480127,0.13965562,0.13442786,0.9125038,-0.0048543396,0.13973029,0.14788932,0.15910408,0.0001582249,0.16596869,0.12980995
0.0044423426,0.0052449713,-1.4282444e-05,0.04534487,0.0457086,0.041101366,0.991205,0.0015761587,0.04522363,0.04778792,0.05159697,7.142997e-05,0.05369795,0.04187789
0.0070913658,0.0045671305,-2.8733397e-05,0.047854125,0.052611552,0.0477142,0.9886298,-0.004477579,0.05110037,0.05459148,0.05939322,6.471501e-05,0.06186339,0.047319576
0.00715916,0.0044054277,-3.101595e-05,0.045033865,0.04625835,0.044625703,0.989809,-0.0014965937,0.048489634,0.052482817,0.057571236,6.3721476e-05,0.060127005,0.044838633
0.00045703104,0.024035145,-6.14553e-05,0.09960932,0.10019527,0.09492183,0.9521421,0.0026367174,0.10242183,0.11185542,0.12360834,0.00018089336,0.12866436,0.095046476
0.015972812,0.019551607,-0.00010286255,0.14196166,0.14578699,0.14153664,0.8978693,-0.0025502096,0.14629702,0.16042943,0.17864928,0.0002875236,0.18508802,0.13577086
0.006142495,0.019857755,-5.8783553e-05,0.11301681,0.11301681,0.10822796,0.9430135,0.0063851303,0.10861107,0.11930616,0.13381636,0.00026291714,0.13646315,0.10214916
0.009688465,0.0148251,-5.3287127e-05,0.107314676,0.110027686,0.10490311,0.9490717,0.00060289144,0.10339588,0.11158013,0.12592392,0.00027792866,0.12613752,0.097022735
0.0036967134,0.01020997,-3.4644712e-05,0.05873441,0.061950415,0.057718832,0.9845038,-0.0015233709,0.058599,0.061967343,0.07043897,0.0001414393,0.0689552,0.054979492
0.003020176,0.011048404,-1.9133675e-05,0.06486753,0.06556502,0.06138002,0.98306036,0.0043593766,0.061484646,0.06346381,0.07232497,0.00018288117,0.06954095,0.057386663
0.0063833953,0.0057920013,-6.541679e-06,0.059291802,0.059444226,0.055633698,0.9866431,0.0025911585,0.05542031,0.055412687,0.06304644,0.00016073497,0.060515925,0.05030945
0.0016958227,0.0036657872,3.3646347e-07,0.02817187,0.02927395,0.026449874,0.99711895,0.0013775976,0.025802404,0.025148045,0.028431319,7.9361605e-05,0.027800377,0.022495713
0.0028868543,0.006644117,-5.892595e-06,0.04750979,0.05029026,0.04714712,0.99116784,-0.0019342408,0.04618,0.04420949,0.049784537,0.00013210665,0.04902456,0.039394423
0.003983124,0.008375017,-5.995889e-08,0.06448415,0.06527634,0.06147383,0.98453194,0.002218128,0.06242446,0.058257546,0.06506245,0.0001836959,0.06518409,0.05133101
0.019843854,0.011498233,-8.5419515e-06,0.16043116,0.16443194,0.16043116,0.895774,-0.0024004662,0.15995108,0.1477087,0.16378514,0.00048009327,0.16613765,0.12927973
0.011371453,0.00733734,-6.78627e-06,0.094208404,0.09610681,0.0913608,0.96510226,-0.0009492031,0.09525253,0.088002995,0.096818715,0.00026587627,0.09928442,0.07672157
0.025454825,0.020181226,-2.6332093e-05,0.22144556,0.22658218,0.22030409,0.78010476,-0.005136624,0.22669634,0.21188574,0.23208979,0.0007270089,0.23926648,0.18450499
0.016302282,0.012297449,-8.68082e-06,0.14437713,0.14510264,0.13929853,0.91678023,0.003627566,0.14444968,0.13498174,0.14702524,0.0005082937,0.15283716,0.11712629
0.01675517,0.015483643,-1.90843e-05,0.15572166,0.161355,0.15572166,0.8972707,-0.004426197,0.15861881,0.14996761,0.16248839,0.0005142865,0.16994147,0.12999375
0.022739133,0.01638038,-2.325976e-05,0.18900439,0.19242308,0.18802764,0.8455676,0.0,0.19115329,0.18233797,0.19659875,0.000647183,0.20677134,0.15790458
0.012843448,0.027086373,-2.6815676e-05,0.19056737,0.19404127,0.19056737,0.84087855,-0.0014888076,0.19294947,0.18585283,0.19914456,0.00059824233,0.2106156,0.16109003
0.009513265,0.014622352,-1.1173799e-05,0.11718366,0.12140107,0.11386999,0.9440364,0.0015062168,0.11718366,0.113041565,0.12052244,0.00036796168,0.1281925,0.097890645
0.008799276,0.012191643,-1.2888758e-05,0.10046624,0.10438051,0.09994434,0.9583331,-0.001043805,0.10083157,0.09848301,0.10399343,0.0003298134,0.111022145,0.08594387
0.013020993,0.0059347386,-1.8563289e-05,0.087412685,0.09137539,0.08694648,0.9674603,-0.002331005,0.08951059,0.08848494,0.09250593,0.00023852143,0.098538466,0.07843142
0.01656184,0.011320045,-2.2734552e-05,0.13383305,0.13592419,0.13139337,0.9249815,0.003136712,0.13362393,0.1330663,0.13783525,0.00033412175,0.1467035,0.11942908
0.008352912,0.007849395,-2.1916396e-05,0.0704533,0.075137176,0.07025814,0.9777903,-0.0044887145,0.07392717,0.07477613,0.076822065,0.000119615106,0.081403896,0.06814836
0.018815458,0.0069072535,-3.5742516e-05,0.11140732,0.113573566,0.10769374,0.9445669,-0.00030946475,0.115430355,0.118664265,0.12126893,0.0002157736,0.12888217,0.10844635
0.023146247,0.0155121125,-5.1540123e-05,0.17068951,0.17350307,0.16928273,0.86616486,0.0018757089,0.17294036,0.17999771,0.18311608,0.00026525176,0.1949337,0.16506174
0.023588361,0.012578716,-5.1605108e-05,0.15690705,0.16039388,0.15429194,0.8867864,-0.0017434118,0.159435,0.16758545,0.16953227,0.00025162645,0.18032996,0.15484095
0.02322156,0.011922247,-4.180646e-05,0.16092438,0.16092438,0.15659845,0.88701344,0.0051911087,0.15720408,0.16633178,0.16778097,0.00032959422,0.17898095,0.1536826
0.032388266,0.010477027,-5.7641886e-05,0.18935639,0.19351807,0.18883619,0.8329184,-0.0041616787,0.18935639,0.19937043,0.20125186,0.00040016146,0.21522403,0.18351683
0.022888748,0.0050863884,-3.407102e-05,0.1295851,0.13166401,0.12681322,0.92875093,0.0034648422,0.12709041,0.13218373,0.13374868,0.00026652633,0.1419899,0.122377545
0.02256524,0.013833237,-4.3393837e-05,0.17110007,0.1733693,0.17019238,0.87316406,0.001361539,0.16765083,0.1727793,0.1749275,0.0004065707,0.18542233,0.16013628
0.036589272,0.008510958,-5.6092438e-05,0.21025094,0.21417563,0.21025094,0.7988751,-0.0011213383,0.20879321,0.21254969,0.21582025,0.0004920158,0.22666653,0.19843285
0.028182218,0.018811867,-5.539808e-05,0.22654897,0.22773509,0.2200253,0.77113235,0.0041514207,0.22204171,0.22426568,0.22809093,0.0005814315,0.23799744,0.21053393
0.017249105,0.016033199,-4.001182e-05,0.15974501,0.16184139,0.15764861,0.89250916,-0.00041927822,0.15840332,0.15821464,0.16111465,0.00038505142,0.16724724,0.14918204
0.020190172,0.022574252,-6.232488e-05,0.19796374,0.20222102,0.19743158,0.8229544,-0.004789445,0.2008374,0.20038506,0.20419002,0.00046499466,0.21160585,0.1891643
0.0106396265,0.026075732,-5.6965997e-05,0.16792226,0.17201792,0.16701211,0.87538916,-0.0013652216,0.17101675,0.17069821,0.17438431,0.00042663174,0.17927921,0.1621172
0.008039399,0.024142077,-5.413283e-05,0.14566436,0.14845029,0.1436744,0.90748894,-0.0011939702,0.14884828,0.14886817,0.1522113,0.00031839203,0.15620017,0.14153619
0.006711002,0.030332264,-6.402175e-05,0.16708837,0.16937727,0.16571505,0.87639457,-0.0004577764,0.16965193,0.1707277,0.17475614,0.00048470442,0.17888318,0.16257222
0.006539042,0.039889306,-7.317432e-05,0.21145584,0.21260506,0.20973201,0.79653347,0.0017238248,0.21145584,0.21384047,0.21886829,0.0006402778,0.22371486,0.20396607
0.013500423,0.031249542,-6.3638094e-05,0.20577885,0.20966147,0.20466952,0.8106799,0.0016639798,0.20400393,0.2059175,0.21089096,0.0006109298,0.21443024,0.19740479
0.0074776504,0.040233523,-8.207072e-05,0.21398309,0.218686,0.21398309,0.78770465,-0.004115059,0.2156291,0.21762785,0.22294803,0.0006205248,0.22602096,0.20923473
0.020864276,0.021950187,-8.0936195e-05,0.19029821,0.19240679,0.18924393,0.83615243,-0.0015814257,0.19282849,0.19477892,0.19940898,0.00043510122,0.20249395,0.18706389
0.013457043,0.029356016,-7.840525e-05,0.19186594,0.1934516,0.19080882,0.83507663,0.0010571126,0.19313447,0.19474657,0.19945072,0.00051928335,0.20176245,0.18773068
0.021617873,0.029206855,-7.842237e-05,0.23360434,0.23676115,0.23044753,0.7498068,0.0044195415,0.23095262,0.23290984,0.2377082,0.00058459543,0.24101396,0.22480573
0.01218845,0.019176494,-5.482888e-05,0.14084432,0.1439398,0.14007044,0.91492313,-0.0023216095,0.1409991,0.14281768,0.14526182,0.00029868662,0.14761254,0.13802281
0.012257879,0.015600937,-5.3820688e-05,0.12271552,0.12545013,0.12271552,0.93499655,-0.0017091298,0.12421955,0.12608251,0.12793976,0.00025067237,0.13051979,0.12164522
0.012451041,0.014367095,-4.650675e-05,0.120996535,0.12265402,0.11867605,0.93863475,0.0019889842,0.12073134,0.12235568,0.12372586,0.00023598116,0.12649024,0.11822111
0.008656,0.010227236,-2.6094898e-05,0.08897364,0.08944691,0.08660732,0.9685869,0.0026029523,0.08679663,0.08738821,0.08816515,0.00021948478,0.090411544,0.084364876
0.005694141,0.0210055,-3.7781774e-05,0.1253112,0.12731618,0.12464288,0.9357572,-0.0003341632,0.122905225,0.12359026,0.12438112,0.00035059746,0.1278554,0.119325124
0.016323058,0.021187047,-4.792722e-05,0.17781314,0.17828354,0.1740499,0.8680762,0.0014112154,0.17433214,0.17407341,0.17509264,0.0005398092,0.18025328,0.16789354
0.005547147,0.008009102,-1.2170518e-05,0.06697207,0.067832895,0.06456177,0.98290557,0.0018938119,0.06483723,0.06381285,0.06410553,0.00022955294,0.06644258,0.06118312
0.016549656,0.015469095,-3.0044164e-05,0.15761578,0.15964691,0.15517841,0.89990485,-0.00040622623,0.15485343,0.1508318,0.15140052,0.000541635,0.15772617,0.14393742
0.017047334,0.01889177,-3.267606e-05,0.17759542,0.1794216,0.17576925,0.8709298,0.00045654352,0.1752214,0.1696744,0.17029072,0.0005996392,0.17793405,0.16141474
0.016955258,0.021354303,-3.728666e-05,0.1879062,0.19130503,0.18402185,0.85289997,-0.0009710915,0.18751778,0.18059875,0.1812947,0.00060325384,0.1897676,0.1714299
0.020384584,0.017446352,-3.1804644e-05,0.18833582,0.18833582,0.18448241,0.85432214,0.0019267092,0.18727614,0.17961746,0.17993858,0.0006881104,0.18955404,0.1696809
0.02058186,0.019964095,-3.634487e-05,0.20025872,0.20231794,0.19974391,0.83052284,-0.0010296078,0.20015576,0.19248518,0.19238222,0.00074729597,0.20365013,0.18132024
0.015857792,0.012428889,-3.5365552e-05,0.13326767,0.1382166,0.13326767,0.92528063,-0.004241942,0.13666123,0.13236625,0.13211292,0.0004222303,0.13993627,0.12479626
0.020530038,0.022523768,-5.2728086e-05,0.20368384,0.20530038,0.2020673,0.817505,0.0005388461,0.20713246,0.20212118,0.20142068,0.0006041608,0.21344413,0.19079824
0.024696272,0.010331668,-4.541428e-05,0.16446684,0.16752873,0.16271721,0.88423675,-0.00087482366,0.16717881,0.16424814,0.1636139,0.0005220722,0.17332906,0.15516724
0.0064619104,0.015336983,-3.1058655e-05,0.098671496,0.100816526,0.09759898,0.9589261,-0.0021450326,0.10124554,0.10064224,0.10026687,0.00030525462,0.10625448,0.09503001
0.005298181,0.007511063,-1.1049e-05,0.060655255,0.061132856,0.058426455,0.9854744,0.002069602,0.059859253,0.059891094,0.059636373,0.00019457795,0.06313753,0.056644663
0.011267712,0.010884271,-2.3156506e-05,0.10298152,0.10517262,0.10298152,0.9561835,-0.0013694352,0.102926746,0.10324172,0.1028035,0.00027388704,0.10849143,0.09799201
0.020671733,0.018237492,-3.724664e-05,0.1830511,0.18353409,0.18015319,0.85651493,0.0014489533,0.18160214,0.18244736,0.18160214,0.0005113953,0.19117789,0.17371684
0.02081273,0.0065818033,-2.3378316e-05,0.13102031,0.13307285,0.12999403,0.9295805,0.0013683583,0.12910461,0.1294467,0.12890506,0.00036687867,0.13555239,0.123341
0.0044193054,0.0016852198,-3.0424114e-06,0.03261716,0.03261716,0.03045867,0.99612963,0.0019986003,0.030810423,0.030426692,0.030196188,9.824445e-05,0.032090142,0.028763242
0.008090179,0.002186246,-5.8215787e-06,0.053987984,0.055057053,0.053186182,0.9889449,-0.00053453445,0.052117113,0.051161632,0.050582554,0.00015849569,0.053929206,0.048394058
0.0046407133,0.0028486166,-3.1143857e-06,0.041463416,0.042460132,0.0404667,0.99366283,0.0011960601,0.039669327,0.038413465,0.037842013,0.00012741533,0.040769935,0.03605699
0.0045426856,0.009184766,-4.109752e-06,0.07749071,0.07896322,0.076202266,0.9777634,0.0009203172,0.07480338,0.07135219,0.070033066,0.000246645,0.07647469,0.0662297
0.0060835145,0.011146983,-1.0196601e-05,0.095112346,0.09718001,0.093963645,0.9652709,-0.0016081798,0.09479071,0.08950669,0.087507956,0.0002810411,0.09626807,0.082745306
0.005422014,0.003995705,1.6456892e-06,0.05524075,0.055623483,0.05243406,0.9890876,0.002423959,0.05327607,0.050054755,0.04864503,0.00017435495,0.05444775,0.04566176
0.0074430467,0.0046061883,4.3743626e-06,0.07248651,0.07314548,0.07100383,0.9811379,0.0011531945,0.06998243,0.065056644,0.062945195,0.00025499208,0.07167009,0.058443196
0.01143931,0.007541663,5.9595122e-06,0.11335787,0.115169525,0.11258145,0.9523044,-0.0005176158,0.11108036,0.102850266,0.09901991,0.0003926741,0.114274696,0.091425836
0.011092669,0.003974291,4.6407085e-06,0.09000721,0.09124018,0.08754126,0.97016674,0.0,0.08889753,0.08216754,0.07874946,0.00031725687,0.09189362,0.07244146
0.024235915,0.00454668,7.7470395e-06,0.17059831,0.17255472,0.16785935,0.88625824,-0.0007825611,0.17098959,0.15741216,0.15019956,0.00063764234,0.17675757,0.13806674
0.013655188,0.0019530955,1.7985785e-06,0.08673558,0.09023796,0.08673558,0.9702311,-0.003090341,0.08953749,0.08319198,0.07919858,0.0002809401,0.09345151,0.07293246
0.020092797,0.0023084339,2.1980288e-06,0.12337166,0.1257272,0.122782774,0.9388495,-0.0005888862,0.12672831,0.11933779,0.1132919,0.00041277072,0.13398094,0.10469464
0.015821384,0.0045568994,1.5835813e-06,0.11072839,0.11232544,0.10939752,0.9507523,-0.0007985221,0.11339013,0.10839937,0.10254354,0.0003582155,0.121222086,0.09557666
0.010801233,0.01148832,1.7079116e-06,0.12111356,0.12315153,0.12111356,0.94055164,0.0,0.12274394,0.119119264,0.112301774,0.0003844157,0.1326204,0.105618134
0.0060109296,0.0070722937,6.6187577e-06,0.07439956,0.07526669,0.07214503,0.97891784,0.0022545322,0.07287341,0.07141664,0.06702608,0.00021344682,0.079136394,0.06369688
0.011125838,0.0126142865,7.1100158e-06,0.13227177,0.13508606,0.13227177,0.9294109,-0.0018761953,0.1315213,0.12962946,0.121030234,0.000376584,0.14210844,0.11715049
0.0152612515,0.012663283,-2.894496e-06,0.14912921,0.15457188,0.14804067,0.90550095,-0.0043541375,0.15203196,0.15096158,0.1405963,0.00034333701,0.1643475,0.13757564
0.020540904,0.015782466,-6.884422e-07,0.19621444,0.19858418,0.1938447,0.83212936,0.0014218438,0.19839461,0.19808654,0.18395498,0.0004374904,0.21327204,0.18290104
0.008432372,0.0166106,-1.8609987e-06,0.13424022,0.13554353,0.13163362,0.92473924,-0.0006516516,0.13613002,0.1367165,0.12661591,0.00031824844,0.14545545,0.12797756
0.013444406,0.009785409,-7.747839e-06,0.12216716,0.12698163,0.12216716,0.9361555,-0.0018054261,0.12433367,0.1266055,0.1171571,0.00018961096,0.13321958,0.11999142
0.012886554,0.017944308,-1.3492181e-05,0.15959318,0.16396016,0.15919618,0.8875366,-0.001587992,0.16237217,0.1669178,0.15484907,0.0001814848,0.17597587,0.15785971
0.004216941,0.01706935,-1.3927189e-05,0.10787524,0.11059936,0.106785595,0.949471,-0.0016344733,0.11059936,0.114426754,0.10639967,0.000117799886,0.121017724,0.107835785
0.011677033,0.0096254395,4.0626974e-06,0.11358019,0.113855205,0.108629964,0.94759977,0.0046752137,0.1116001,0.11547778,0.10765825,0.00019945967,0.1221689,0.10878666
0.010757954,0.005103699,-3.3113154e-06,0.08017228,0.082985334,0.08017228,0.97264844,-0.0028130622,0.08101619,0.08415075,0.078749,0.00012875319,0.0893682,0.0789333
0.018239802,0.01035134,-5.9728586e-06,0.14451312,0.14559968,0.14270218,0.90925914,0.0,0.14552724,0.1514128,0.1421589,0.0002716412,0.16130386,0.14152175
0.02485228,0.009263592,-8.781512e-06,0.1710533,0.1723459,0.16889898,0.8697953,-0.0008617295,0.1726906,0.17934746,0.16927958,0.00032314856,0.19135575,0.16733915
0.026560182,0.008962247,-5.5924133e-06,0.18278266,0.18323623,0.17960778,0.8535814,0.0027213302,0.18241982,0.18795319,0.17839076,0.00038876143,0.19982699,0.1760794
0.005522217,0.021998681,-7.3520023e-06,0.13736169,0.14013667,0.13736169,0.9180478,-0.0024281107,0.13833293,0.14301571,0.13655232,0.00027608254,0.15168087,0.13435055
0.0023990935,0.019220136,5.1261472e-06,0.11119086,0.11173861,0.10845217,0.9493783,0.0027386912,0.10960242,0.11247805,0.107922696,0.00020756398,0.11853818,0.106417924
0.0021303834,0.019162636,1.581279e-05,0.11219659,0.1127373,0.109763406,0.94981575,0.002433179,0.10906049,0.1107502,0.10669039,0.00024828356,0.11588626,0.10561413
0.0057886965,0.022727335,2.2677605e-05,0.15069447,0.15214346,0.14924549,0.9071807,0.00036224633,0.1475067,0.14830364,0.14322013,0.00038306508,0.15501215,0.14159514
0.016050117,0.01923509,1.8791976e-05,0.18385167,0.18787761,0.18295701,0.8552278,-0.0022366382,0.18286754,0.18295701,0.17717157,0.0004322492,0.19101387,0.17490014
0.0090758065,0.010412979,1.654626e-05,0.10477842,0.10577631,0.10253317,0.9567467,0.0022452518,0.103181794,0.102084115,0.09903224,0.0002702618,0.106674954,0.097493276
0.010701821,0.013471559,1.9687895e-05,0.12952232,0.13075882,0.12797672,0.9325608,-0.0003091225,0.12865679,0.12653929,0.12298954,0.00035328287,0.13231014,0.120768465
0.008273749,0.017299656,2.0816753e-05,0.13702373,0.13963994,0.13636969,0.9238343,0.0,0.13636969,0.13370442,0.13039057,0.0003909272,0.13926299,0.12814586
0.006129811,0.020210901,1.8024512e-05,0.13980271,0.14249122,0.1381224,0.9199825,-0.0010081927,0.14013878,0.13728222,0.13424645,0.0004160795,0.1426865,0.13187796
0.002600422,0.029896569,1.9053967e-05,0.17142908,0.17349948,0.1689446,0.8761848,-0.0008281598,0.17291977,0.16921376,0.16575618,0.00042008105,0.17593296,0.16249454
0.0008504166,0.035384726,2.9665356e-05,0.19319247,0.19596556,0.19180591,0.8410805,0.0018487318,0.19282272,0.18896349,0.1854509,0.0006110215,0.19662666,0.18130031
0.0062952056,0.033442646,2.252878e-05,0.2098402,0.2133882,0.20882647,0.80658716,-0.0020274415,0.21095528,0.20728055,0.20380855,0.0006275414,0.21573448,0.19882661
0.010059367,0.028859977,1.156874e-05,0.20267394,0.2061427,0.20118733,0.81830716,-0.0024776766,0.20525073,0.20272349,0.19957684,0.00058563263,0.2109613,0.19448568
0.0025981872,0.029904135,2.497012e-05,0.1744616,0.17487799,0.16821596,0.8741734,0.0041637616,0.17271283,0.1706934,0.16807719,0.00051154784,0.17769781,0.163689
0.005009227,0.029170865,2.6160442e-05,0.18346731,0.18434305,0.18171585,0.85825926,0.0,0.18206614,0.18000816,0.1771912,0.0005977266,0.18700255,0.17301375
0.0025891343,0.03607,1.4998641e-05,0.20357315,0.2060437,0.20258494,0.81716835,-0.0034587672,0.20485784,0.20310375,0.20033674,0.00054352055,0.21098769,0.1952198
0.0039704116,0.02964918,1.2970219e-05,0.17703567,0.17961387,0.17617628,0.8650857,0.0,0.17798102,0.17690676,0.17447898,0.00040442188,0.18333848,0.17047505
0.0029247086,0.022836495,2.2872699e-05,0.13897318,0.13930328,0.13468185,0.92190385,0.002970923,0.13752073,0.13626634,0.13429123,0.00035807735,0.14098391,0.13154876
0.0014104146,0.0062599494,1.4562633e-05,0.043359384,0.043458153,0.041482784,0.99301285,0.0017778336,0.041542042,0.04097906,0.0402811,0.0001371785,0.042613853,0.039344274
0.0041589863,0.014007502,2.219462e-05,0.099089935,0.10234641,0.099089935,0.96066535,-0.0030238715,0.098159514,0.09677552,0.09500771,0.00025096908,0.100561984,0.09298904
0.016134277,0.0026344624,2.4278692e-05,0.10306673,0.10354835,0.101140246,0.9579137,0.0004816202,0.10239246,0.10057434,0.09851943,0.00026895673,0.10400459,0.09714408
0.00879325,0.005219172,1.9087023e-05,0.078979105,0.08007098,0.07806921,0.97571224,0.001091877,0.07817839,0.07625851,0.07458734,0.00021486737,0.078966215,0.073550805
0.0059776967,0.0053969733,1.1233443e-05,0.06052815,0.063128404,0.05995032,0.98504585,-0.002166879,0.06200163,0.060564265,0.05928581,0.00014902044,0.06269693,0.058431607
0.01690442,0.0044867103,1.4968067e-05,0.110152766,0.11283942,0.10907811,0.9485604,-0.0024179877,0.11375289,0.11255732,0.11034532,0.00025812938,0.11665471,0.108459935
0.017829638,0.0076514287,1.9692408e-05,0.13409387,0.13441698,0.13150893,0.92467904,0.0016155888,0.13609721,0.1354348,0.13284987,0.00031370658,0.14025901,0.13061062
0.013814641,0.024616774,2.965981e-05,0.20229626,0.20327118,0.20034641,0.8183493,0.0,0.20405112,0.20419736,0.20072825,0.0004923847,0.21152484,0.19686987
0.007796963,0.009404763,5.5263345e-06,0.08730525,0.09011457,0.086656936,0.96756685,-0.002377123,0.08916372,0.09036309,0.089080885,0.00020581152,0.09390156,0.08682462
0.0066189165,0.020361178,1.3366086e-05,0.13939942,0.13939942,0.13633196,0.9175277,0.0017041494,0.13994475,0.1423476,0.14068322,0.0003067469,0.14808844,0.13660677
0.0151278395,0.01996059,1.7111397e-05,0.18133898,0.18178236,0.17867875,0.8555653,0.0,0.1819597,0.18501897,0.183312,0.00039903444,0.19266814,0.1773698
0.016640186,0.016531428,1.3675361e-05,0.17025028,0.17108689,0.16774045,0.8731957,-0.00083661074,0.17100322,0.17441241,0.1731296,0.00039628928,0.18185061,0.16697423
0.021718351,0.013571738,1.663443e-05,0.1824734,0.1833657,0.18068883,0.8536989,0.0008922905,0.18184881,0.18581949,0.18489745,0.00043234695,0.19389705,0.17774193
0.0044107684,0.00666952,1.0895153e-05,0.061877687,0.062310398,0.05913718,0.98524565,0.0028847405,0.059512198,0.0601829,0.05989683,0.00015492126,0.06290264,0.057463165
0.0057595195,0.015756758,1.3688018e-05,0.11663444,0.11913375,0.115801334,0.94417244,-0.0024993094,0.115190394,0.116023496,0.115491234,0.0002244049,0.121160895,0.110886104
0.0055999206,0.01574255,1.258626e-05,0.115357265,0.117835104,0.11370537,0.9452853,-0.00027531566,0.11475157,0.115026884,0.114549674,0.00025316383,0.120120145,0.10993362
0.019327555,0.0021629913,1.91615e-05,0.118741535,0.119856484,0.116790384,0.94312555,0.001951152,0.11723636,0.11655346,0.11607496,0.00027267652,0.12180459,0.11130234
0.015604201,0.011275977,2.5271336e-05,0.15251164,0.15321772,0.14968735,0.90582734,0.0021182173,0.15011099,0.14797513,0.1471102,0.0003453615,0.15487254,0.14107773
0.011699829,0.011619988,2.3210072e-05,0.13327365,0.13388781,0.1305099,0.92921823,0.0006141643,0.1308784,0.12905127,0.12802766,0.00036538887,0.13527489,0.12282765
0.0049812337,0.0045114015,1.224234e-05,0.055950474,0.056708265,0.054434884,0.98812574,0.0011366913,0.054409623,0.0532161,0.052717216,0.00017905686,0.0560664,0.050365794
0.007320908,0.009424053,2.1589613e-05,0.09869635,0.09936473,0.09713682,0.96240306,0.0,0.0970477,0.09391749,0.09303004,0.00030709011,0.099097505,0.08873747
0.019597674,0.010596138,2.9854327e-05,0.1734131,0.17739962,0.1734131,0.8744645,-0.0031892066,0.17436987,0.16823064,0.16643007,0.0004958827,0.17776498,0.15869631
0.013211342,0.012996467,2.65196e-05,0.15110558,0.1535316,0.14867957,0.9070355,0.00034657243,0.15186805,0.1463922,0.14467667,0.0005006046,0.1549052,0.13787921
0.0060754395,0.02834297,3.2556694e-05,0.19706582,0.19933617,0.1943414,0.8346873,-0.0009081374,0.19897291,0.19179863,0.1895207,0.0006185864,0.2029521,0.18064515
0.0021983995,0.021588283,2.497911e-05,0.13692889,0.13724294,0.13347426,0.9246594,0.00062811415,0.13718012,0.13292465,0.13108218,0.0004334872,0.14083958,0.12500973
0.0025063735,0.03229825,2.4585564e-05,0.19738838,0.19922455,0.19509317,0.8317028,-0.0027542564,0.19931635,0.19474888,0.19166563,0.00059981586,0.20604125,0.18345653
0.0099748885,0.015384089,2.2011076e-05,0.14493713,0.14794968,0.14326349,0.91362613,0.0010041833,0.14520492,0.14230952,0.13983811,0.0004404313,0.1505094,0.13410965
0.009258408,0.01007117,7.765131e-06,0.10626472,0.10929364,0.10601231,0.9527377,-0.0030289232,0.10873834,0.107387945,0.10546963,0.00022271492,0.11348035,0.10129554
0.013511276,0.014199518,1.2042773e-05,0.15286215,0.15576002,0.15105098,0.9002711,0.0003622326,0.15518044,0.15443787,0.15139511,0.000374307,0.16245385,0.14642188
0.013681586,0.018885046,2.05903e-05,0.18344983,0.18516432,0.18130673,0.8557421,0.0025717267,0.18293549,0.1831498,0.17913505,0.00048796865,0.19200101,0.1742986
0.007935906,0.0088073,1.618499e-05,0.0971426,0.097809486,0.09425277,0.962801,0.0020006485,0.09518641,0.09529756,0.09295606,0.00025879036,0.09957602,0.091019094
0.007637275,0.0023571176,1.1249048e-05,0.058994677,0.060596343,0.05846079,0.9864257,0.0006673606,0.05739301,0.057453074,0.05588255,0.00015369516,0.05976253,0.05514362
0.014729312,0.006233129,2.2189362e-05,0.12177121,0.12371732,0.12093716,0.9400014,-0.0011120659,0.12049233,0.12007531,0.11651206,0.00029437037,0.1241076,0.11604302
0.011393805,0.008554658,2.2333059e-05,0.11723443,0.11936113,0.11590525,0.94484574,0.0007975132,0.11622425,0.11497481,0.11153665,0.00025726232,0.11895174,0.11099789
0.004008827,0.012992571,1.7568284e-05,0.09886633,0.09999494,0.09773772,0.96069634,-0.0006771667,0.099137194,0.09782801,0.0948259,0.00020835898,0.10098296,0.09467307
0.010009975,0.010296438,2.4711684e-05,0.11944949,0.11944949,0.11593627,0.9430456,0.0010809909,0.11896305,0.11743615,0.11371124,0.00030125974,0.120890565,0.113981724
0.0029887548,0.016740177,2.3988729e-05,0.11608344,0.11792187,0.11555818,0.9455758,0.0,0.115610704,0.11433694,0.11070823,0.00028889545,0.11763096,0.11104292
0.0013859696,0.011051197,2.2514645e-05,0.07528108,0.07544726,0.0731207,0.97827846,0.0018280174,0.07365248,0.07252244,0.07016263,0.00021194405,0.07494758,0.0700973
0.0020938977,0.013139613,1.7276614e-05,0.0894776,0.09231816,0.0894776,0.96760386,-0.0024347645,0.08992397,0.08861529,0.08580516,0.00021573865,0.09159415,0.08563643
0.0015351251,0.010460644,1.9525609e-05,0.072109215,0.072109215,0.069545336,0.97990334,0.0014421843,0.07140415,0.07004209,0.06790285,0.00019932628,0.07253673,0.06754744
0.0018691954,0.017157994,2.8855562e-05,0.11377711,0.11504694,0.112761244,0.9482916,-0.00050793355,0.11347235,0.11107236,0.10783429,0.00030099764,0.115158856,0.10698587
0.0021319322,0.020250369,3.011436e-05,0.13287252,0.13436547,0.13167816,0.9280295,-0.0008957698,0.13358913,0.1307376,0.1269903,0.0003981199,0.13563038,0.12584482
0.00094210904,0.016801734,2.3870527e-05,0.105336316,0.10580973,0.10391605,0.95550686,0.0,0.10552568,0.10375035,0.10086643,0.00031339176,0.107691705,0.099809
0.0061438084,0.01484707,2.4253899e-05,0.123772256,0.12489236,0.12293217,0.937292,-0.0008400832,0.12489236,0.12284816,0.1194925,0.00033768048,0.1274973,0.11819902
0.001405722,0.0027614776,4.429562e-06,0.024428029,0.025760466,0.024428029,0.9975874,-0.00011103649,0.0246501,0.024366958,0.023713693,5.824865e-05,0.025286553,0.023447365
0.0013782342,0.003349681,7.254994e-06,0.028644407,0.028834946,0.027945763,0.9968317,0.0006986441,0.028237924,0.027942589,0.027165612,7.204471e-05,0.029011779,0.026873397
0.0048742895,0.012869459,2.642074e-05,0.107205786,0.10792049,0.10601461,0.95426965,-0.00023823508,0.10615755,0.10501402,0.102051966,0.00028290416,0.10907829,0.10094976
0.0013925327,0.0050836043,4.267894e-06,0.037134208,0.038681466,0.037048247,0.9942804,-0.0015472586,0.038079754,0.03793792,0.036839083,7.6166034e-05,0.039232764,0.03664308
0.0014360256,0.006004664,-9.74113e-07,0.04074943,0.042218763,0.040651478,0.9928031,-0.0015672859,0.04288486,0.043203212,0.04197551,7.453126e-05,0.044842876,0.041563552
0.00060015486,0.008021693,-3.3156412e-06,0.046540312,0.047106497,0.045974128,0.9905681,-0.0005661838,0.048918284,0.049846824,0.048508745,7.5491174e-05,0.052178074,0.04751558
0.00063282566,0.010654051,3.6020197e-06,0.062836915,0.063134015,0.060905755,0.98354775,0.0017826075,0.06334198,0.065288,0.063653946,0.00012167003,0.06853919,0.062036812
0.003987057,0.0167043,-7.036152e-06,0.11205099,0.11477067,0.11205099,0.9445626,-0.0029916526,0.11390037,0.11912217,0.116529405,0.00016577123,0.12589413,0.11235021
0.0024129876,0.015503328,-8.8172665e-06,0.096190244,0.097601354,0.09595507,0.959386,-0.00070555194,0.097413205,0.10266957,0.10073322,0.00015678932,0.109237015,0.09610212
0.002038755,0.016764194,-9.255414e-06,0.10095046,0.101690926,0.09971635,0.95550966,0.0,0.10188839,0.107355505,0.10569768,0.00013050392,0.11483138,0.09987964
0.0049574375,0.0128387315,1.1021058e-06,0.09816475,0.09863332,0.096524775,0.95942813,0.0023428344,0.09708705,0.101679005,0.10036702,0.00016276533,0.108948596,0.09440942
0.013241369,0.0042987275,-4.0372142e-06,0.095041454,0.0964222,0.09435108,0.961258,-0.0013807475,0.09490338,0.09954039,0.09856236,0.00015498187,0.10692517,0.09215561
0.015321454,0.0036653478,-3.841227e-06,0.10375985,0.104009874,0.10125961,0.9543506,0.00050004746,0.1032598,0.10781024,0.107068494,0.00017501661,0.11597434,0.09964613
0.010417026,0.005068072,-3.3226422e-06,0.08426433,0.08507848,0.083043106,0.9700249,-0.00020353703,0.08426433,0.08736827,0.08716813,0.0001453836,0.09385324,0.080883294
0.0137189375,0.007163179,-5.3259355e-06,0.11272841,0.1146437,0.11190757,0.945266,-0.0005472253,0.1134398,0.11705149,0.11717918,0.0001954376,0.12586945,0.10823352
0.008893719,0.0053252517,-6.8826507e-06,0.07338233,0.075395316,0.07338233,0.9764205,-0.0020129816,0.075212315,0.07783834,0.078311086,8.963184e-05,0.083795525,0.07188116
0.01726155,0.011413334,-9.916296e-06,0.15160662,0.1538416,0.14899914,0.89844245,0.002234987,0.15264961,0.15767834,0.15920557,0.00021698902,0.16950266,0.145854
0.011814604,0.01275217,-1.1498808e-05,0.12733166,0.13049911,0.1270149,0.92833644,-0.0015837271,0.12897873,0.13339733,0.13525029,0.0002111636,0.14334187,0.12345278
0.015091547,0.015541216,-1.5333699e-05,0.1581733,0.16053998,0.15777884,0.8876086,-0.00039444712,0.1595933,0.16525362,0.16825143,0.0003155577,0.17730713,0.15320012
0.015842402,0.0118960235,-1.7435947e-05,0.14114529,0.14505611,0.14114529,0.91067505,-0.0014221187,0.14278072,0.14814922,0.15143193,0.0002882673,0.15883665,0.13746178
0.008382489,0.00946498,-1.3076112e-05,0.08937379,0.09164794,0.089146376,0.964955,-0.0009096569,0.090965696,0.09422909,0.09676476,0.00012404413,0.1009956,0.087462574
0.010525687,0.01674636,-1.8209237e-05,0.13757929,0.13827589,0.1365344,0.91651493,0.000696604,0.13848488,0.14334369,0.14811543,0.00024442247,0.15229303,0.13439436
0.012576979,0.014057422,-1.9900031e-05,0.13344364,0.13683915,0.1331041,0.9212229,-0.0006791025,0.13439439,0.1387746,0.14426966,0.00024253663,0.14557275,0.13197646
0.0031297542,0.018739818,-2.1274382e-05,0.1067213,0.10920962,0.10589186,0.94953203,-0.0019353604,0.10860136,0.11236149,0.117338136,0.00017554288,0.1177095,0.10701348
0.0021105409,0.023888683,-1.2712528e-05,0.13025995,0.13124926,0.12795153,0.92673844,0.002967948,0.12940253,0.13367309,0.13990577,0.00020211832,0.14007872,0.12726744
0.0053562513,0.024264645,-1.8026203e-05,0.14761618,0.14986987,0.14611372,0.9040721,-0.00075122743,0.14739081,0.15191697,0.15925394,0.00024609175,0.15941222,0.14442171
0.0054649273,0.031897716,-1.698143e-05,0.18785687,0.18880564,0.18595932,0.84171265,0.0014231581,0.18624397,0.191225,0.201029,0.00032161764,0.1999253,0.18252473
0.004072294,0.03592962,-2.0332644e-05,0.20056811,0.20310695,0.19904481,0.81620556,-0.00050776737,0.19955258,0.20424943,0.21507335,0.00034424904,0.21348394,0.19501491
0.0021011448,0.018502617,-1.3958293e-05,0.102443874,0.10427322,0.10113719,0.95506436,-0.00078400923,0.10301881,0.104900435,0.110619344,0.00017422426,0.10971754,0.10008333
0.015782524,0.010789335,-1.7047774e-05,0.13258938,0.13360152,0.1309025,0.92423236,0.00033737757,0.13285929,0.13515346,0.14260387,0.00028339715,0.14137219,0.12893473
0.015243534,0.010194556,-1.7571885e-05,0.12590244,0.12815645,0.12558044,0.93137544,-0.0006440023,0.12667525,0.12854286,0.13594888,0.00021000074,0.13395631,0.1231294
0.012431878,0.004832209,-1.4078853e-05,0.08371781,0.08501912,0.08285026,0.9699424,-0.0010844276,0.08488899,0.0862879,0.091449775,0.00014144708,0.08986559,0.082710214
0.014016792,0.0014883062,-1.5438018e-05,0.071553186,0.0742245,0.071553186,0.977241,-0.0020988935,0.07391921,0.07553154,0.08029221,0.00010221884,0.07884585,0.07221723
0.017745338,0.0014427876,-1.898241e-05,0.08946232,0.09088612,0.088750415,0.9649021,0.00047460117,0.091218345,0.09349643,0.09963856,0.00014941148,0.09755975,0.08943311
0.015735622,0.002161153,-1.802455e-05,0.08006681,0.08245362,0.08006681,0.97126895,-0.0017358658,0.08236683,0.08502488,0.09087257,0.00012719705,0.088995785,0.081053965
0.014221225,0.001969688,-1.6800936e-05,0.07023544,0.07178333,0.069268,0.97777015,-0.0011609163,0.07236379,0.075449884,0.08077398,9.362228e-05,0.07964541,0.07125436
0.024886861,0.0032769176,-2.8493781e-05,0.12535402,0.12569466,0.12331021,0.929575,0.0017031797,0.12617154,0.13216674,0.14177835,0.0002096221,0.13973163,0.124601856
0.005982568,0.008364118,-1.3502766e-05,0.06850543,0.06850543,0.065456755,0.98068565,0.00251067,0.06667622,0.06940209,0.07448321,0.0001693706,0.073236644,0.065567546
0.006544096,0.0075126914,-1.8700197e-05,0.06439946,0.06630888,0.06405229,0.98207957,-0.0019094179,0.06433003,0.06691641,0.07190694,0.00011728611,0.07064018,0.06319266
0.016055437,0.018807307,-4.7494366e-05,0.15909244,0.16081236,0.15823248,0.88553435,-0.00042997958,0.15943642,0.16517666,0.17766039,0.00029450655,0.17454301,0.1558103
0.018242715,0.00967301,-3.280336e-05,0.1304538,0.1311477,0.12767819,0.92663133,0.0020817094,0.12955172,0.13298655,0.14300765,0.00025564854,0.14050218,0.12547089
0.019431911,0.008945404,-3.5606507e-05,0.13029328,0.13134402,0.12889227,0.9256987,-0.001401003,0.13106382,0.13384832,0.14402895,0.00024827902,0.14137757,0.12631907
0.019925833,0.030529134,-6.858808e-05,0.22536634,0.23029238,0.22475058,0.7503714,-0.00369453,0.22844511,0.23447952,0.25252113,0.00042051563,0.24801828,0.22094074
0.018335069,0.017584918,-5.5539487e-05,0.15744433,0.16006114,0.1570082,0.88551754,-0.0021806695,0.1609334,0.16553462,0.17842238,0.0002738515,0.17576464,0.1553046
0.013308271,0.028510451,-6.2273866e-05,0.18480882,0.18582705,0.18328147,0.8409361,0.0010182303,0.18715075,0.19242008,0.2077784,0.00034335678,0.20432718,0.180513
0.025860917,0.022322178,-7.6187716e-05,0.2115041,0.21384764,0.21033233,0.78447515,-0.001171768,0.21361329,0.22049743,0.23845477,0.00040941287,0.23422399,0.20677085
0.025957786,0.027302882,-8.565381e-05,0.23280525,0.2347453,0.23151189,0.7318104,-0.00064668123,0.23422796,0.24221446,0.26236936,0.0005138016,0.25684988,0.22757903
0.0023851546,0.035593137,-6.226386e-05,0.16530319,0.16898681,0.16484272,0.8745505,-0.00046045455,0.166132,0.17163444,0.18617712,0.0003453409,0.1815524,0.16171648
0.001897675,0.04159071,-7.6414784e-05,0.1881861,0.19082177,0.18765897,0.83373296,-0.0010542639,0.1897675,0.19556595,0.21242538,0.00043128978,0.20646115,0.18467075
0.0011625233,0.03238806,-6.498394e-05,0.14389274,0.14551865,0.14267331,0.9062235,-0.00121943,0.14559995,0.15001021,0.16321392,0.0003484086,0.15786047,0.14215995
0.0010381644,0.03717926,-5.3166234e-05,0.16823825,0.16823825,0.16406706,0.8751077,0.0041711964,0.166199,0.17039336,0.18551782,0.00042887923,0.17809458,0.16269216
0.007363431,0.052267343,-7.588493e-05,0.264013,0.26473632,0.26111972,0.6535515,0.0014466466,0.26010707,0.26517034,0.288606,0.00049975066,0.27554592,0.25479472
0.0036683427,0.036047965,-5.4890672e-05,0.17475176,0.17619598,0.17234471,0.864535,-0.0009628196,0.17350009,0.17619598,0.19144864,0.00039768635,0.18288048,0.1695115
0.0117984805,0.041404285,-7.9848796e-05,0.23274598,0.23532489,0.2308118,0.74121535,-0.0012894514,0.23287493,0.23545383,0.25540808,0.0005212676,0.24388571,0.22702195
0.0029097106,0.021916594,-2.645956e-05,0.11191195,0.112214416,0.10707252,0.94860804,0.0027221825,0.110218145,0.11047524,0.11946349,0.00026616897,0.11445067,0.10649981
0.011117186,0.015337599,-4.0181134e-05,0.116447374,0.119342476,0.1161257,0.941892,-0.0025734226,0.11715507,0.11747675,0.12658022,0.00026210787,0.12171802,0.11323547
0.017074825,0.02028255,-6.578828e-05,0.1599357,0.16173778,0.15813361,0.88528687,-0.0031536617,0.16317947,0.1642382,0.17658253,0.0003604185,0.1704709,0.15800549
0.019239185,0.020392774,-7.235101e-05,0.16827138,0.1711315,0.16827138,0.87134063,-0.00095337885,0.17170353,0.17308594,0.1861075,0.0004033526,0.17889999,0.16727188
0.010638272,0.009188029,-4.0336297e-05,0.081723854,0.08384962,0.081487656,0.9705487,-0.0016533728,0.08436925,0.08546756,0.09182518,0.00016575166,0.08871051,0.082224615
0.019925551,0.01605876,-7.323158e-05,0.14832704,0.1504705,0.14789835,0.90037084,0.0,0.15107065,0.15460736,0.16597481,0.00031177516,0.16096167,0.14825304
0.028921885,0.02920065,-0.000112484675,0.24391952,0.24531335,0.24182878,0.70715755,0.0027876517,0.24391952,0.25043565,0.2687761,0.0005767555,0.2600042,0.24086712
0.015962698,0.018279597,-6.328035e-05,0.14552769,0.14717673,0.14387864,0.9080103,0.0012367791,0.144126,0.14775388,0.15832147,0.00037103376,0.15298422,0.14252356
0.024577126,0.030072385,-9.9302255e-05,0.23325208,0.23456988,0.22995755,0.7434284,0.00065890414,0.23048468,0.2357559,0.2519869,0.0006254006,0.24387515,0.22763667
0.017262623,0.025384413,-8.704662e-05,0.17680432,0.17986146,0.1762948,0.8575876,-0.0035666577,0.1783329,0.1819505,0.19413659,0.00045290892,0.18861648,0.1752845
0.008222282,0.016510103,-4.4357505e-05,0.1054597,0.1054597,0.10248061,0.9535344,0.0020853614,0.10474472,0.10624916,0.11320036,0.00025395502,0.11007946,0.102418855
0.009031903,0.025556939,-5.6430497e-05,0.14969543,0.14969543,0.14593214,0.9052559,0.0016725746,0.14768833,0.1490682,0.15851825,0.0003716832,0.15438703,0.14374939
0.0078639,0.025928728,-4.7444715e-05,0.14883187,0.14924188,0.14514184,0.90792364,0.0020500259,0.14563383,0.14622834,0.15502296,0.0004100052,0.15153803,0.14091867
0.007929652,0.03407002,-6.2955725e-05,0.18373583,0.18678962,0.18322687,0.85308397,-0.0010179271,0.1814964,0.18157274,0.19200648,0.00050896354,0.18821564,0.17492983
0.007648823,0.037675105,-8.382391e-05,0.19368264,0.19970103,0.19368264,0.8297824,-0.0038298827,0.19587114,0.19510517,0.20590179,0.00041034457,0.20227566,0.18793468
0.0068322364,0.034539644,-8.925073e-05,0.1732958,0.17578568,0.17279781,0.86424804,-0.0029878586,0.17767799,0.177429,0.18689886,0.00038553015,0.18419929,0.17065872
0.0015084264,0.037467062,-9.011339e-05,0.16161712,0.16536476,0.16114865,0.8818579,-0.0014053661,0.1659269,0.16648905,0.17524135,0.0003876872,0.17308345,0.15989465
0.0192462,0.018325416,-0.00011471758,0.15030453,0.157075,0.15030453,0.8943074,-0.0054163793,0.15716527,0.15969291,0.16824628,0.00031861055,0.16710739,0.15227844
0.016703552,0.008445545,-6.12172e-05,0.111273654,0.11189879,0.10377206,0.94972694,0.0071890284,0.10852307,0.11047661,0.11620179,0.00034977673,0.11545212,0.1055011
0.026325049,0.037370633,-0.0001623474,0.2726244,0.2780925,0.2726244,0.62184924,-0.005468111,0.27043715,0.27563187,0.28956252,0.0008069112,0.28784668,0.26341704
0.02187855,0.027187938,-0.00011845357,0.213464,0.213464,0.20681216,0.7967106,0.0024188557,0.20995668,0.2128593,0.22356273,0.0006246495,0.22103524,0.20468335
0.015853964,0.044750057,-0.0001444053,0.2647313,0.26622695,0.26099214,0.6609458,0.0007478285,0.26099214,0.2629365,0.27588642,0.0007562311,0.27248296,0.25339004
0.010163695,0.027720854,-0.000110401,0.15843135,0.1644536,0.15843135,0.88715065,-0.0055589946,0.16250794,0.16257742,0.17039862,0.0004076596,0.16874735,0.1564075
0.009202705,0.034526154,-0.00013124522,0.18149185,0.18416084,0.18042426,0.84943527,-0.0010675992,0.18554872,0.18699,0.19579768,0.000494467,0.19451712,0.17946285
0.008994928,0.027713371,-9.963727e-05,0.15561225,0.15561225,0.15201427,0.89533705,0.002698478,0.15606199,0.15754615,0.16455469,0.0004114701,0.16388805,0.15120426
0.006846601,0.03892461,-0.00012216395,0.19473529,0.19529648,0.19192931,0.8305488,0.0005611968,0.19406186,0.1966153,0.20486489,0.0004933598,0.20449828,0.18873233
0.014698904,0.031847626,-0.00010988626,0.20205268,0.20205268,0.1969012,0.82147866,0.0034343232,0.19781703,0.20062172,0.20856835,0.0005101712,0.20868811,0.19255532
0.010174943,0.023571264,-9.0632806e-05,0.14211965,0.14623906,0.14005995,0.9126306,-0.003295528,0.14261398,0.14422055,0.14976116,0.00034468534,0.15008633,0.13835476
0.0142881125,0.021827335,-8.501914e-05,0.15673411,0.15762213,0.15229405,0.8967767,0.003552048,0.15486929,0.1554243,0.16112237,0.00043952107,0.16172528,0.14912331
0.011870219,0.01285787,-5.121875e-05,0.11072736,0.11287443,0.1085803,0.9508567,0.0024537921,0.10790551,0.10758344,0.11117723,0.00034620333,0.112148896,0.103017986
0.023094226,0.030100044,-0.000114957365,0.23527981,0.24053746,0.23527981,0.7480058,-0.0019716185,0.232651,0.2306465,0.23781006,0.00074179703,0.24060899,0.22068404
0.004490673,0.021788081,-6.7039255e-05,0.11066759,0.11482562,0.11034774,0.9476856,-0.0038381822,0.11277859,0.11205893,0.115486644,0.00036101713,0.116838604,0.107279256
0.017554916,0.045695323,-0.00013899984,0.27275023,0.27275023,0.26734158,0.636752,0.0054086447,0.27367744,0.27031633,0.2784293,0.0007453931,0.2810146,0.2596181
0.015918259,0.039437857,-0.00012648963,0.23695117,0.2389764,0.2335758,0.73985475,-0.0013501492,0.23884138,0.23583731,0.24276808,0.0006919514,0.2445379,0.2271367
0.01192692,0.034319628,-9.570085e-05,0.20161365,0.20161365,0.19821566,0.82414675,0.0028316525,0.1998014,0.19790418,0.20332208,0.0005873057,0.20530105,0.19050734
0.012576297,0.022404471,-7.4097996e-05,0.15196002,0.15367225,0.15067585,0.90351576,-0.0004280564,0.15076146,0.14973412,0.15340827,0.00043334102,0.15541035,0.1440579
0.0017471791,0.0064812712,-9.358839e-06,0.03919292,0.039605476,0.03609874,0.994411,0.0025784816,0.037026994,0.036258608,0.036944482,0.00014483386,0.038164288,0.03435293
0.0019419515,0.005168965,-3.900598e-06,0.035177678,0.035536636,0.033652116,0.99557674,0.0010768677,0.032916255,0.031812467,0.032153476,0.00013460846,0.033945538,0.029679395
0.003199845,0.013519346,-1.14458935e-05,0.08189077,0.08336438,0.080417156,0.97511065,-0.00063154835,0.07881723,0.07497532,0.07547704,0.0003001418,0.08089868,0.06905195
0.004798844,0.026198883,-2.7483276e-05,0.14996387,0.15191145,0.14879532,0.9118816,-0.0015580662,0.14809419,0.13942745,0.13970661,0.0005318399,0.15133794,0.12751697
0.0057967966,0.026689759,-2.8833887e-05,0.15716667,0.16002426,0.15635023,0.9017693,0.0,0.15765654,0.14677735,0.1465256,0.0005415231,0.16010694,0.13344775
0.008919001,0.022813443,-1.8504586e-05,0.15638247,0.15678243,0.1543827,0.90479463,0.0023997312,0.1553426,0.1445438,0.14374389,0.0005916004,0.15865128,0.13043632
0.005775149,0.019202055,-8.947114e-06,0.12510717,0.12637088,0.123527534,0.9405848,0.001579636,0.12295886,0.11502909,0.11369167,0.00046200104,0.12676169,0.10329649
0.0057313754,0.019133976,-6.50796e-06,0.12533447,0.12596428,0.1231301,0.9404683,0.00062982144,0.1231301,0.11557224,0.11340985,0.00044883825,0.12760167,0.103542805
0.0040480443,0.026509658,-8.008423e-06,0.15402693,0.15518792,0.1517049,0.9077139,0.0,0.15232411,0.14303605,0.13954657,0.00057128916,0.15820417,0.12786794
0.0062484914,0.02244371,-9.184945e-06,0.1442239,0.14458719,0.14059106,0.91916037,-0.0003632844,0.14386062,0.13517812,0.13115777,0.0006170858,0.14952284,0.1208334
0.024972068,0.019174982,-2.7721528e-05,0.21794818,0.22129266,0.21683337,0.7967985,-0.0033444734,0.22073525,0.20847218,0.20138374,0.000851602,0.23036933,0.18657503
0.015245671,0.019146744,-1.7027618e-05,0.17318663,0.17318663,0.16968791,0.87959564,0.0021867,0.17318663,0.16468036,0.15817858,0.000699744,0.1813096,0.14805114
0.009210064,0.03245652,-2.7810092e-05,0.2060146,0.20864905,0.20443392,0.81940067,-0.0026344578,0.2079114,0.19940211,0.19078743,0.00077277434,0.21884854,0.17995568
0.021998957,0.027908184,-4.3462493e-05,0.24380288,0.24758276,0.24254291,0.7301739,-0.0025199263,0.24720478,0.2392355,0.22838932,0.0008884355,0.26202962,0.2164414
0.014540579,0.02462231,-3.6789806e-05,0.18989563,0.1938415,0.18890916,0.84511936,-0.0009864708,0.1923618,0.18797201,0.17899512,0.000538075,0.20514877,0.17079525
0.0074933404,0.029935801,-4.0945837e-05,0.17888238,0.18263844,0.17888238,0.8614336,-0.0018780301,0.18216893,0.17975096,0.17054078,0.0003596228,0.19425343,0.1652485
0.0037550447,0.023491178,-3.793149e-05,0.12778056,0.1315288,0.12641756,0.93050826,-0.002044489,0.13077915,0.13083026,0.12385627,0.00024533868,0.1403675,0.121293016
0.010952877,0.019641751,-4.6151556e-05,0.14264746,0.14532448,0.14188258,0.91224,-0.0007648657,0.14540097,0.14725576,0.13909721,0.00028682465,0.15650867,0.13800287
0.028843898,0.022461254,-7.581989e-05,0.24015178,0.24400449,0.23950966,0.7252969,0.00064211705,0.2424634,0.24782509,0.23373061,0.00049796834,0.2612604,0.23438978
0.012875575,0.042709563,-8.07952e-05,0.26127383,0.26406074,0.25988036,0.6642626,0.0006967302,0.26169187,0.26959977,0.25385365,0.00044337378,0.28096712,0.25823238
0.004249957,0.02733692,-5.6381436e-05,0.14508201,0.1494187,0.14468777,0.9071647,-0.0027597123,0.14705323,0.1523164,0.14367586,0.00015426963,0.1594446,0.1451882
0.01482643,0.025979416,-6.441478e-05,0.18979463,0.19234563,0.18622322,0.83938205,0.0020408025,0.18999872,0.19660582,0.18599364,0.00023384194,0.20625536,0.18695626
0.021329502,0.021393877,-6.107921e-05,0.20170756,0.20224401,0.19956173,0.81936187,0.0021458252,0.20009819,0.20637472,0.19568138,0.000309494,0.21670537,0.19604409
0.017227078,0.018382115,-4.984996e-05,0.1687788,0.17101724,0.16698804,0.87756026,0.00044768915,0.16725665,0.17204693,0.16342145,0.000275501,0.1807974,0.16329646
0.019558927,0.015545264,-5.3534673e-05,0.16379614,0.16643094,0.16291788,0.8834101,-0.001756527,0.16388397,0.16849485,0.16031967,0.0002810443,0.17734355,0.15964615
0.0074105193,0.0059960913,-1.8363045e-05,0.06412299,0.06750678,0.06378461,0.98320335,0.0010151396,0.063513905,0.06481667,0.06181637,0.00011279329,0.06819352,0.061439812
0.015294538,0.007992169,-2.706387e-05,0.11506583,0.11506583,0.11238988,0.94720286,0.0023786218,0.11250881,0.11377245,0.108792216,0.00027530344,0.11947084,0.10807406
0.012824553,0.008459201,-2.9639803e-05,0.09981751,0.10487493,0.09955133,0.95825875,-0.0031941603,0.10066929,0.10154768,0.09749287,0.00021466131,0.1063581,0.09673726
0.016767459,0.00983476,-3.34017e-05,0.1279728,0.12830868,0.12494981,0.9330997,0.0020153197,0.12730102,0.12785523,0.12322,0.00031552982,0.13336736,0.12234311
0.021783462,0.006190644,-3.647815e-05,0.13346155,0.13627869,0.13170084,0.9259556,-0.0007042826,0.13388413,0.13372566,0.12937672,0.00034113688,0.1388668,0.12858452
0.012329658,0.014704463,-3.3111446e-05,0.13323762,0.13323762,0.12978587,0.9285834,0.0024162263,0.13171884,0.13099398,0.12702447,0.00040358945,0.13581903,0.12616894
0.024820238,0.01135904,-4.7024227e-05,0.17702399,0.178407,0.17564099,0.86829346,-0.000922,0.17564099,0.17467289,0.16988619,0.0005390154,0.18019643,0.16914935
0.0073165195,0.01599734,-2.6603802e-05,0.11862179,0.11892363,0.11530159,0.9449841,0.0027165296,0.116086364,0.11439608,0.11142802,0.00038039684,0.11814178,0.11065038
0.0064133536,0.008744442,-3.7874423e-05,0.068673626,0.07554099,0.068673626,0.9792287,-0.006295082,0.07256513,0.07204054,0.07046359,0.00016350864,0.07477919,0.06930189
0.006815478,0.014008694,-3.3325396e-05,0.104147844,0.104147844,0.10225915,0.956973,0.00701514,0.10301463,0.10190839,0.09980836,0.00030897948,0.105811276,0.09800552
0.022670714,0.018631127,-7.489149e-05,0.20304517,0.20570982,0.2014464,0.82049435,-0.002664635,0.20293859,0.20128652,0.19734286,0.0005712977,0.20899537,0.19357766
0.02880167,0.021724615,-9.5567375e-05,0.24542451,0.24996941,0.24412598,0.7190419,-0.0019478137,0.24646334,0.24532713,0.24058744,0.0006597433,0.2546845,0.23596974
0.022634914,0.024658283,-8.7151995e-05,0.23159039,0.23219985,0.22854315,0.7587389,0.0012188968,0.22976205,0.2304934,0.2260241,0.0006240752,0.2391861,0.22180068
0.006817294,0.035248015,-7.6280376e-05,0.20679848,0.20734127,0.19811404,0.814558,0.0005427782,0.20690703,0.20546867,0.20154259,0.0005783702,0.2131637,0.19777365
0.004501076,0.039223664,-8.1584556e-05,0.21433696,0.21546504,0.2098246,0.79689354,-0.00056404463,0.21433696,0.2136601,0.20974,0.0005688655,0.22160974,0.20571047
0.01837,0.018860765,-5.9639642e-05,0.18523966,0.18668309,0.18235281,0.8549893,0.0024057098,0.18321887,0.18266556,0.17923342,0.0004727009,0.18912272,0.17620838
0.015120915,0.029988278,-8.4256535e-05,0.21667165,0.21955292,0.21379039,0.7872903,-0.0051862895,0.21920717,0.21889023,0.21507734,0.0005814459,0.22642374,0.21135671
0.014383176,0.042026516,-0.000107630876,0.2699545,0.272834,0.26923463,0.6378701,-0.00071987865,0.27312198,0.27340993,0.26891068,0.00067913084,0.2828686,0.26395124
0.0054074703,0.04088142,-8.412692e-05,0.22304335,0.22540987,0.22126848,0.7733392,0.0011832538,0.22398995,0.2246999,0.22127834,0.00058046414,0.23247345,0.21692637
0.0047444226,0.03245033,-6.761454e-05,0.17922316,0.18064936,0.17779699,0.860585,0.0,0.17969856,0.18064936,0.17799507,0.00043217547,0.18675219,0.17454651
0.013674752,0.016553648,-5.0432638e-05,0.14704035,0.14974898,0.14549255,0.9094368,0.0011608448,0.1458795,0.1470597,0.14504756,0.00037147035,0.15202396,0.14209543
0.009207153,0.02392665,-4.988003e-05,0.16426106,0.16639432,0.1621278,0.8875217,0.0021332605,0.16161582,0.16210647,0.16023631,0.00039109774,0.1674997,0.15671323
0.00795166,0.026126884,-6.034166e-05,0.16558677,0.17039272,0.16383916,0.8823896,-0.0026214265,0.16584891,0.1660892,0.16437073,0.0005572114,0.17152706,0.16065137
0.008413871,0.03133862,-7.974216e-05,0.19002342,0.19256385,0.18951534,0.839243,-0.00254042,0.19256385,0.1929703,0.19138677,0.000381063,0.19943397,0.18650664
0.015258646,0.020803884,-6.564702e-05,0.17467499,0.1760613,0.17282657,0.8685691,0.0018484126,0.1752295,0.17548367,0.1743053,0.0004326072,0.18137164,0.1695957
0.015641136,0.020277582,-7.029385e-05,0.17134695,0.17455398,0.1708888,0.8716703,-0.0018325876,0.17317954,0.1737064,0.17297336,0.000419968,0.1794963,0.1679165
0.00027387118,0.0007040001,-2.8788477e-06,0.0041164686,0.0042244806,0.004068463,0.99992305,-0.00037204233,0.0044357046,0.004525715,0.0045307158,6.2344757e-06,0.00476561,0.00428582
0.006374705,0.0044350377,-3.3809727e-05,0.044853155,0.045779325,0.044720843,0.9907916,-0.00052924076,0.047843363,0.049536936,0.049918428,6.284734e-05,0.05280518,0.046268687
0.003189063,0.0095422985,-4.009332e-05,0.052580647,0.05335847,0.05226952,0.98738056,-0.00015556405,0.055131897,0.058072057,0.058632087,7.389292e-05,0.06255068,0.053593434
0.008517091,0.00505195,-4.414669e-05,0.055654272,0.056151185,0.055322997,0.98592204,-0.00033127543,0.05731065,0.061418463,0.062368117,6.0231894e-05,0.066785336,0.056051593
0.009429378,0.007178442,-5.2577027e-05,0.06977904,0.07039293,0.06875589,0.97844946,0.0010231531,0.06945163,0.07546777,0.07703319,0.00010652004,0.08252869,0.06840686
0.008369027,0.007167495,-5.1207007e-05,0.06348786,0.06443544,0.06348786,0.98178387,-0.001137096,0.0640185,0.069486044,0.07128644,9.232831e-05,0.0765357,0.06243638
0.005806183,0.010714753,-5.3671083e-05,0.06812966,0.068938315,0.06772532,0.97930014,0.0004043303,0.06821052,0.0736892,0.075997256,9.849072e-05,0.081533104,0.065845296
0.007711465,0.009422328,-5.572092e-05,0.07065698,0.0710763,0.07023765,0.9778674,0.0,0.07069891,0.07596149,0.07875003,0.0001021443,0.084302984,0.06762
0.010514296,0.005672606,-4.9808863e-05,0.068510704,0.06871044,0.06731226,0.9798149,0.0011984379,0.06763185,0.07199616,0.07498226,0.00010850055,0.07993814,0.064054176
0.003787955,0.007730287,-3.488966e-05,0.049457826,0.050172534,0.048743118,0.9896568,0.0004288251,0.048543,0.051244598,0.05357931,7.2375544e-05,0.056756664,0.04573253
0.0070459116,0.00963894,-5.060814e-05,0.07166036,0.0724888,0.07124614,0.97818875,0.0,0.07079049,0.07393858,0.077473275,0.00011348541,0.08181968,0.06605747
0.011566008,0.0037068604,-4.8511374e-05,0.0645492,0.06568164,0.0645492,0.98206884,-0.00075496134,0.064700186,0.06706888,0.07045362,0.000104855746,0.07417443,0.059963338
0.010973685,0.0029676186,-4.4637156e-05,0.05801746,0.059044316,0.05801746,0.98543423,-0.0005134288,0.058736257,0.060490474,0.063753605,7.713485e-05,0.066807926,0.054173026
0.011243928,0.0017857244,-4.144187e-05,0.05538006,0.055864435,0.053926937,0.9870955,0.0006458316,0.055412352,0.056792818,0.06003274,9.0962196e-05,0.06252844,0.051057193
0.009058669,0.011646126,-6.586483e-05,0.088477634,0.088734835,0.08770603,0.9669834,0.00025720242,0.08816899,0.09000799,0.09543067,0.00026347567,0.098543815,0.081472166
0.010234734,0.007670524,-5.984101e-05,0.07493682,0.07604208,0.07427366,0.9760797,-0.0011052628,0.07546735,0.076848924,0.08180787,0.00022105256,0.08332584,0.07037201
0.0048144073,0.0033249317,-2.9876916e-05,0.03156828,0.032936566,0.031470545,0.99553066,-0.0015637538,0.032995205,0.03370378,0.036047783,7.2014984e-05,0.036384117,0.031023446
0.005815908,0.0027718025,-3.2823944e-05,0.032005783,0.032513812,0.031294543,0.99535143,-0.0008128453,0.033814363,0.034738977,0.037335,6.7737106e-05,0.037475847,0.032002103
0.012396547,0.0050876476,-6.807383e-05,0.0630852,0.065126784,0.0630852,0.98144233,-0.0012249552,0.0665559,0.06909768,0.07471886,0.000102079604,0.07423743,0.06395794
0.015191921,0.0031919426,-7.130581e-05,0.06707393,0.067936614,0.06621124,0.9795899,0.0004313436,0.06888557,0.072314754,0.078644715,0.00012940308,0.07709878,0.06753073
0.013065278,0.0058370233,-7.337583e-05,0.06736715,0.0682449,0.065831095,0.9793209,-0.0008777479,0.06868377,0.07318223,0.0796922,0.000113257796,0.07867868,0.06768578
0.02334062,0.006071299,-0.00011396154,0.10540925,0.10643596,0.1040403,0.94903916,0.00034223782,0.10609373,0.11360585,0.12381594,0.00018469978,0.12292697,0.10428472
0.012327335,0.0065464773,-7.354258e-05,0.064518504,0.066669114,0.06387331,0.9805866,-0.0017204933,0.06602393,0.07098111,0.07749388,7.27901e-05,0.07751909,0.06444313
0.019237032,0.005977446,-9.835756e-05,0.086213164,0.08765005,0.08506366,0.9654208,0.0,0.08770753,0.09433158,0.10314448,7.4161864e-05,0.1037965,0.08486665
0.019504856,0.009854087,-0.00011376687,0.103352696,0.103691556,0.10199725,0.95152926,0.0016943065,0.103013836,0.110621266,0.121193744,0.00013149841,0.12209957,0.09914297
0.017296724,0.017139122,-0.00013518102,0.11859485,0.12135287,0.11859485,0.9343934,-0.0015760112,0.11930405,0.12795241,0.14042917,0.00015289661,0.1418867,0.114018135
0.019959658,0.017314916,-0.00014452488,0.12966931,0.13095316,0.12838545,0.9226292,0.00085590297,0.12915576,0.13824973,0.15202977,0.0001945234,0.15370221,0.12279724
0.010444074,0.02870326,-0.00015267935,0.13548584,0.1363831,0.13458858,0.91515756,-0.00044862862,0.13557556,0.14414437,0.15883696,0.00015666397,0.16057447,0.12771428
0.007014833,0.021823185,-0.00010252614,0.10315931,0.10382485,0.10049713,0.953771,0.0026621756,0.10122923,0.10637055,0.11745741,0.00017113985,0.118190795,0.094550304
0.005482076,0.023068208,-0.00010150723,0.102130026,0.10311838,0.101800576,0.95462584,0.0,0.10054866,0.10471623,0.115967,0.00018246556,0.1157836,0.09364885
0.024890596,0.007743405,-0.00011354271,0.11773599,0.11886807,0.11660391,0.9400841,0.00075471785,0.11600014,0.11930203,0.13245298,0.0002959678,0.13102636,0.1075777
