state_0,state_1,state_2,state_3,state_4,state_5,state_6,state_7,state_8,state_9,state_10,state_11,state_12,state_13,state_14,state_15,state_16,state_17,state_18,state_19,state_20,state_21,state_22,state_23,state_24,state_25,state_26,state_27,state_28,state_29,state_30,state_31,state_32,state_33,state_34,state_35,state_36,state_37,state_38,state_39,state_40,state_41,state_42,state_43,state_44,state_45,state_46,state_47,state_48,state_49,state_50,state_51,state_52,state_53,state_54,state_55,state_56,state_57,state_58,state_59,state_60,state_61,state_62,state_63,state_64,state_65,state_66,state_67,state_68,state_69,state_70,state_71,state_72,state_73,state_74,state_75,state_76,state_77,state_78,state_79,state_80,state_81,state_82,state_83,state_84,state_85,state_86,state_87,state_88,state_89,state_90,state_91,state_92,state_93,state_94,state_95,state_96,state_97,state_98,state_99,state_100,state_101,state_102,state_103,state_104,state_105,state_106,state_107,state_108,state_109,state_110,state_111,state_112,state_113,state_114,state_115,state_116,state_117,state_118,state_119,state_120,state_121,state_122,state_123,state_124,state_125,state_126,state_127,state_128,state_129,state_130,state_131,state_132,state_133,state_134,state_135,state_136,state_137,state_138,state_139,state_140,state_141,state_142,state_143,state_144,state_145,state_146,state_147,state_148,state_149,state_150,state_151,state_152,state_153,state_154,state_155,state_156,state_157,state_158,state_159,state_160,state_161,state_162,state_163,state_164,state_165,state_166,state_167,state_168,state_169,state_170,state_171,state_172,state_173,state_174,state_175,state_176,state_177,state_178,state_179,state_180,state_181,state_182,state_183,state_184,state_185,state_186,state_187,state_188,state_189,state_190,state_191,state_192,state_193,state_194,state_195,state_196,state_197,state_198,state_199,state_200,state_201,state_202,state_203,state_204,state_205,state_206,state_207,state_208,state_209,state_210,state_211,state_212,state_213,state_214,state_215,state_216,state_217,state_218,state_219,state_220,state_221,state_222,state_223,state_224,state_225,state_226,state_227,state_228,state_229,state_230,state_231,state_232,state_233,state_234,state_235,state_236,state_237,state_238,state_239,state_240,state_241,state_242,state_243,state_244,state_245,state_246,state_247,state_248,state_249,state_250,state_251,state_252,state_253,state_254,state_255,state_256,state_257,state_258,state_259,state_260,state_261,state_262,state_263,state_264,state_265,state_266,state_267,state_268,state_269,state_270,state_271,state_272,state_273,state_274,state_275,state_276,state_277,state_278,state_279,state_280,state_281,state_282,state_283,state_284,state_285,state_286,state_287
{'img': array([[[ 0.        ,  0.15513366,  0.25999929, ...,  0.99913037,
          0.87563325,  0.75454353],
        [-0.15513366,  0.        ,  0.10705317, ...,  0.99350275,
          0.79010646,  0.84721511],
        [-0.25999929, -0.10705317,  0.        , ...,  0.97560987,
          0.7199456 ,  0.89921841],
        ...,
        [-0.99913037, -0.99350275, -0.97560987, ...,  0.        ,
         -0.51906654,  0.62421826],
        [-0.87563325, -0.79010646, -0.7199456 , ...,  0.51906654,
          0.        ,  0.9390612 ],
        [-0.75454353, -0.84721511, -0.89921841, ..., -0.62421826,
         -0.9390612 ,  0.        ]],

       [[ 0.        , -0.12490805, -0.03540813, ...,  0.66880648,
          0.52228348,  0.59969148],
        [ 0.12490805,  0.        ,  0.0896989 , ...,  0.75642982,
          0.62471121,  0.69495023],
        [ 0.03540813, -0.0896989 ,  0.        , ...,  0.6947108 ,
          0.55215104,  0.62765013],
        ...,
        [-0.66880648, -0.75642982, -0.6947108 , ...,  0.        ,
         -0.18205477, -0.08936731],
        [-0.52228348, -0.62471121, -0.55215104, ...,  0.18205477,
          0.        ,  0.09345247],
        [-0.59969148, -0.69495023, -0.62765013, ...,  0.08936731,
         -0.09345247,  0.        ]],

       [[ 0.        , -0.18843975, -0.23836532, ...,  0.        ,
          0.41926862,  0.99853079],
        [ 0.18843975,  0.        , -0.05108687, ...,  0.18843975,
          0.58283466,  0.97043085],
        [ 0.23836532,  0.05108687,  0.        , ...,  0.23836532,
          0.62358632,  0.95683236],
        ...,
        [ 0.        , -0.18843975, -0.23836532, ...,  0.        ,
          0.41926862,  0.99853079],
        [-0.41926862, -0.58283466, -0.62358632, ..., -0.41926862,
          0.        ,  0.92924738],
        [-0.99853079, -0.97043085, -0.95683236, ..., -0.99853079,
         -0.92924738,  0.        ]],

       ...,

       [[ 0.        , -0.24883371, -0.06758775, ...,  0.97792421,
          0.90017405,  0.98905447],
        [ 0.24883371,  0.        ,  0.18280285, ...,  0.89516854,
          0.98023481,  0.99466059],
        [ 0.06758775, -0.18280285,  0.        , ...,  0.9615649 ,
          0.92755217,  0.99676547],
        ...,
        [-0.97792421, -0.89516854, -0.9615649 , ...,  0.        ,
         -0.61401594, -0.35096624],
        [-0.90017405, -0.98023481, -0.92755217, ...,  0.61401594,
          0.        ,  0.29794181],
        [-0.98905447, -0.99466059, -0.99676547, ...,  0.35096624,
         -0.29794181,  0.        ]],

       [[ 0.        , -0.07158554, -0.15163331, ..., -0.45557915,
         -0.244131  ,  0.86127329],
        [ 0.07158554,  0.        , -0.08048651, ..., -0.39068523,
         -0.17408514,  0.89543929],
        [ 0.15163331,  0.08048651,  0.        , ..., -0.31532794,
         -0.09426283,  0.92836549],
        ...,
        [ 0.45557915,  0.39068523,  0.31532794, ...,  0.        ,
          0.22447009,  0.99820033],
        [ 0.244131  ,  0.17408514,  0.09426283, ..., -0.22447009,
          0.        ,  0.95926633],
        [-0.86127329, -0.89543929, -0.92836549, ..., -0.99820033,
         -0.95926633,  0.        ]],

       [[ 0.        ,  0.08246175,  0.18274275, ..., -0.76846372,
         -0.82447738, -0.99874169],
        [-0.08246175,  0.        ,  0.10104722, ..., -0.81861324,
         -0.86833409, -0.99120474],
        [-0.18274275, -0.10104722,  0.        , ..., -0.87245926,
         -0.91400701, -0.97275907],
        ...,
        [ 0.76846372,  0.81861324,  0.87245926, ...,  0.        ,
         -0.09270789, -0.67762672],
        [ 0.82447738,  0.86833409,  0.91400701, ...,  0.09270789,
          0.        , -0.60653047],
        [ 0.99874169,  0.99120474,  0.97275907, ...,  0.67762672,
          0.60653047,  0.        ]]]), 'num': array([ 8.14378085e-01,  5.79587330e-01,  4.17035089e-05,  3.42760226e-04,
        3.49457140e-04,  3.36672123e-04,  2.94274570e-02, -3.65286209e-06,
        3.39716175e-04,  3.21025697e-04,  3.23552260e-04,  3.99815752e-06,
        3.45099816e-04,  2.96951577e-04])}
{'img': array([[[ 0.00000000e+00,  1.07053171e-01, -2.84022484e-01, ...,
          7.90106456e-01,  8.47215107e-01,  9.98060407e-01],
        [-1.07053171e-01,  0.00000000e+00, -3.85034758e-01, ...,
          7.19945604e-01,  8.99218411e-01,  9.85660480e-01],
        [ 2.84022484e-01,  3.85034758e-01,  0.00000000e+00, ...,
          9.31665153e-01,  6.61437828e-01,  9.74639128e-01],
        ...,
        [-7.90106456e-01, -7.19945604e-01, -9.31665153e-01, ...,
          0.00000000e+00,  9.39061200e-01,  5.62594316e-01],
        [-8.47215107e-01, -8.99218411e-01, -6.61437828e-01, ...,
         -9.39061200e-01,  0.00000000e+00, -5.82961191e-01],
        [-9.98060407e-01, -9.85660480e-01, -9.74639128e-01, ...,
         -5.62594316e-01,  5.82961191e-01,  0.00000000e+00]],

       [[ 0.00000000e+00,  8.96989014e-02,  1.98609707e-02, ...,
          6.24711210e-01,  6.94950225e-01,  4.17761733e-01],
        [-8.96989014e-02,  0.00000000e+00, -6.99002987e-02, ...,
          5.52151040e-01,  6.27650133e-01,  3.34581175e-01],
        [-1.98609707e-02,  6.99002987e-02,  0.00000000e+00, ...,
          6.09079431e-01,  6.80531961e-01,  3.99634514e-01],
        ...,
        [-6.24711210e-01, -5.52151040e-01, -6.09079431e-01, ...,
          0.00000000e+00,  9.34524727e-02, -2.41373801e-01],
        [-6.94950225e-01, -6.27650133e-01, -6.80531961e-01, ...,
         -9.34524727e-02,  0.00000000e+00, -3.31006777e-01],
        [-4.17761733e-01, -3.34581175e-01, -3.99634514e-01, ...,
          2.41373801e-01,  3.31006777e-01,  0.00000000e+00]],

       [[ 0.00000000e+00, -4.26399470e-02, -1.57593508e-01, ...,
          4.71373322e-01,  8.52615658e-01,  9.14137001e-01],
        [ 4.26399470e-02,  0.00000000e+00, -1.15343056e-01, ...,
          5.08550219e-01,  8.74121224e-01,  8.96019132e-01],
        [ 1.57593508e-01,  1.15343056e-01,  0.00000000e+00, ...,
          6.04470111e-01,  9.24310116e-01,  8.38824748e-01],
        ...,
        [-4.71373322e-01, -5.08550219e-01, -6.04470111e-01, ...,
          0.00000000e+00,  5.05639817e-01,  9.97305593e-01],
        [-8.52615658e-01, -8.74121224e-01, -9.24310116e-01, ...,
         -5.05639817e-01,  0.00000000e+00,  8.23326822e-01],
        [-9.14137001e-01, -8.96019132e-01, -8.38824748e-01, ...,
         -9.97305593e-01, -8.23326822e-01,  0.00000000e+00]],

       ...,

       [[ 0.00000000e+00,  1.82802850e-01, -1.06894155e-02, ...,
          9.80234807e-01,  9.94660595e-01,  9.99714628e-01],
        [-1.82802850e-01,  0.00000000e+00, -1.93301700e-01, ...,
          9.27552169e-01,  9.96765465e-01,  9.87235925e-01],
        [ 1.06894155e-02,  1.93301700e-01,  0.00000000e+00, ...,
          9.82293571e-01,  9.93500615e-01,  9.99402156e-01],
        ...,
        [-9.80234807e-01, -9.27552169e-01, -9.82293571e-01, ...,
          0.00000000e+00,  2.97941806e-01,  2.21197563e-01],
        [-9.94660595e-01, -9.96765465e-01, -9.93500615e-01, ...,
         -2.97941806e-01,  0.00000000e+00, -7.94098328e-02],
        [-9.99714628e-01, -9.87235925e-01, -9.99402156e-01, ...,
         -2.21197563e-01,  7.94098328e-02,  0.00000000e+00]],

       [[ 0.00000000e+00, -5.98242708e-02,  7.58264137e-04, ...,
         -1.31589376e-01,  4.73811496e-01,  9.86187496e-01],
        [ 5.98242708e-02,  0.00000000e+00,  6.05811596e-02, ...,
         -7.20496324e-02,  5.25645689e-01,  9.94330021e-01],
        [-7.58264137e-04, -6.05811596e-02,  0.00000000e+00, ...,
         -1.32341009e-01,  4.73143612e-01,  9.86061619e-01],
        ...,
        [ 1.31589376e-01,  7.20496324e-02,  1.32341009e-01, ...,
          0.00000000e+00,  5.85572443e-01,  9.99407432e-01],
        [-4.73811496e-01, -5.25645689e-01, -4.73143612e-01, ...,
         -5.85572443e-01,  0.00000000e+00,  7.89983916e-01],
        [-9.86187496e-01, -9.94330021e-01, -9.86061619e-01, ...,
         -9.99407432e-01, -7.89983916e-01,  0.00000000e+00]],

       [[ 0.00000000e+00,  9.83337760e-02, -3.70724289e-02, ...,
         -8.36107194e-01, -9.80184553e-01, -9.87085936e-01],
        [-9.83337760e-02,  0.00000000e+00, -1.35158937e-01, ...,
         -8.85997567e-01, -9.94912667e-01, -9.66549767e-01],
        [ 3.70724289e-02,  1.35158937e-01,  0.00000000e+00, ...,
         -8.15195760e-01, -9.72167210e-01, -9.92346087e-01],
        ...,
        [ 8.36107194e-01,  8.85997567e-01,  8.15195760e-01, ...,
          0.00000000e+00, -3.72074506e-01, -6.75419243e-01],
        [ 9.80184553e-01,  9.94912667e-01,  9.72167210e-01, ...,
          3.72074506e-01,  0.00000000e+00, -3.52545701e-01],
        [ 9.87085936e-01,  9.66549767e-01,  9.92346087e-01, ...,
          6.75419243e-01,  3.52545701e-01,  0.00000000e+00]]]), 'num': array([ 7.07101159e-01,  7.07101159e-01,  0.00000000e+00,  4.15412558e-05,
        4.25160506e-05,  4.14662716e-05,  3.98603346e-03, -6.74857946e-07,
        4.19311737e-05,  3.96853964e-05,  3.98928528e-05,  4.55261313e-07,
        4.27411758e-05,  3.66296171e-05])}
{'img': array([[[ 0.        , -0.38503476, -0.14408654, ...,  0.89921841,
          0.98566048,  0.84836639],
        [ 0.38503476,  0.        ,  0.24803919, ...,  0.66143783,
          0.97463913,  0.98680018],
        [ 0.14408654, -0.24803919,  0.        , ...,  0.82679728,
          0.99968846,  0.91579456],
        ...,
        [-0.89921841, -0.66143783, -0.82679728, ...,  0.        ,
         -0.58296119, -0.84721511],
        [-0.98566048, -0.97463913, -0.99968846, ...,  0.58296119,
          0.        , -0.37866414],
        [-0.84836639, -0.98680018, -0.91579456, ...,  0.84721511,
          0.37866414,  0.        ]],

       [[ 0.        , -0.0699003 , -0.11212285, ...,  0.62765013,
          0.33458117,  0.35953185],
        [ 0.0699003 ,  0.        , -0.04238907, ...,  0.68053196,
          0.39963451,  0.42387869],
        [ 0.11212285,  0.04238907,  0.        , ...,  0.71097953,
          0.43813229,  0.46189028],
        ...,
        [-0.62765013, -0.68053196, -0.71097953, ...,  0.        ,
         -0.33100678, -0.305787  ],
        [-0.33458117, -0.39963451, -0.43813229, ...,  0.33100678,
          0.        ,  0.02660225],
        [-0.35953185, -0.42387869, -0.46189028, ...,  0.305787  ,
         -0.02660225,  0.        ]],

       [[ 0.        , -0.11360295, -0.10461342, ...,  0.85997668,
          0.98522992,  0.88967016],
        [ 0.11360295,  0.        ,  0.00904343, ...,  0.91238476,
          0.95939877,  0.8320391 ],
        [ 0.10461342, -0.00904343,  0.        , ...,  0.90864567,
          0.96191027,  0.83702162],
        ...,
        [-0.85997668, -0.91238476, -0.90864567, ...,  0.        ,
          0.65005523,  0.84669693],
        [-0.98522992, -0.95939877, -0.96191027, ..., -0.65005523,
          0.        ,  0.29751552],
        [-0.88967016, -0.8320391 , -0.83702162, ..., -0.84669693,
         -0.29751552,  0.        ]],

       ...,

       [[ 0.        , -0.1933017 ,  0.19880081, ...,  0.99676547,
          0.98723592,  0.92434849],
        [ 0.1933017 ,  0.        ,  0.38449468, ...,  0.99350062,
          0.99940216,  0.98066882],
        [-0.19880081, -0.38449468,  0.        , ...,  0.96089322,
          0.93586867,  0.83004611],
        ...,
        [-0.99676547, -0.99350062, -0.96089322, ...,  0.        ,
         -0.07940983, -0.30602947],
        [-0.98723592, -0.99940216, -0.93586867, ...,  0.07940983,
          0.        , -0.22946313],
        [-0.92434849, -0.98066882, -0.83004611, ...,  0.30602947,
          0.22946313,  0.        ]],

       [[ 0.        ,  0.05417315,  0.00469423, ...,  0.4570773 ,
          0.80562612,  0.99999845],
        [-0.05417315,  0.        , -0.04948522, ...,  0.40822305,
          0.77234962,  0.99862542],
        [-0.00469423,  0.04948522,  0.        , ...,  0.45289709,
          0.80283627,  0.9999957 ],
        ...,
        [-0.4570773 , -0.40822305, -0.45289709, ...,  0.        ,
          0.44576191,  0.89023066],
        [-0.80562612, -0.77234962, -0.80283627, ..., -0.44576191,
          0.        ,  0.59384236],
        [-0.99999845, -0.99862542, -0.9999957 , ..., -0.89023066,
         -0.59384236,  0.        ]],

       [[ 0.        , -0.13515894, -0.20664964, ..., -0.99491267,
         -0.96654977, -0.99983715],
        [ 0.13515894,  0.        , -0.07251188, ..., -0.97216721,
         -0.99234609, -0.98822345],
        [ 0.20664964,  0.07251188,  0.        , ..., -0.95261936,
         -0.99868812, -0.97452641],
        ...,
        [ 0.99491267,  0.97216721,  0.95261936, ...,  0.        ,
         -0.3525457 , -0.08277025],
        [ 0.96654977,  0.99234609,  0.99868812, ...,  0.3525457 ,
          0.        ,  0.27388004],
        [ 0.99983715,  0.98822345,  0.97452641, ...,  0.08277025,
         -0.27388004,  0.        ]]]), 'num': array([7.07101783e-01, 7.07101783e-01, 0.00000000e+00, 4.18412296e-05,
       4.22911353e-05, 4.12413553e-05, 3.75821223e-03, 2.99937130e-07,
       4.18712233e-05, 3.98391492e-05, 3.99366288e-05, 4.50992423e-07,
       4.30020641e-05, 3.66762343e-05])}
{'img': array([[[ 0.        ,  0.24803919,  0.41661236, ...,  0.97463913,
          0.98680018,  0.99997622],
        [-0.24803919,  0.        ,  0.17810471, ...,  0.99968846,
          0.91579456,  0.96701645],
        [-0.41661236, -0.17810471,  0.        , ...,  0.97925958,
          0.82961718,  0.9061896 ],
        ...,
        [-0.97463913, -0.99968846, -0.97925958, ...,  0.        ,
         -0.37866414, -0.23049834],
        [-0.98680018, -0.91579456, -0.82961718, ...,  0.37866414,
          0.        ,  0.15513366],
        [-0.99997622, -0.96701645, -0.9061896 , ...,  0.23049834,
         -0.15513366,  0.        ]],

       [[ 0.        , -0.04238907,  0.35173535, ...,  0.39963451,
          0.42387869,  0.40878797],
        [ 0.04238907,  0.        ,  0.39109959, ...,  0.43813229,
          0.46189028,  0.44710605],
        [-0.35173535, -0.39109959,  0.        , ...,  0.05167081,
          0.07821924,  0.06166219],
        ...,
        [-0.39963451, -0.43813229, -0.05167081, ...,  0.        ,
          0.02660225,  0.01000733],
        [-0.42387869, -0.46189028, -0.07821924, ..., -0.02660225,
          0.        , -0.01659713],
        [-0.40878797, -0.44710605, -0.06166219, ..., -0.01000733,
          0.01659713,  0.        ]],

       [[ 0.        ,  0.00904343,  0.07952472, ...,  0.95939877,
          0.8320391 ,  0.94219229],
        [-0.00904343,  0.        ,  0.07050669, ...,  0.96191027,
          0.83702162,  0.94518397],
        [-0.07952472, -0.07050669,  0.        , ...,  0.97879046,
          0.87351766,  0.96585483],
        ...,
        [-0.95939877, -0.96191027, -0.97879046, ...,  0.        ,
          0.29751552,  0.05571996],
        [-0.8320391 , -0.83702162, -0.87351766, ..., -0.29751552,
          0.        , -0.24385652],
        [-0.94219229, -0.94518397, -0.96585483, ..., -0.05571996,
          0.24385652,  0.        ]],

       ...,

       [[ 0.        ,  0.38449468,  0.557526  , ...,  0.99940216,
          0.98066882,  0.97556268],
        [-0.38449468,  0.        ,  0.19547551, ...,  0.93586867,
          0.83004611,  0.81608677],
        [-0.557526  , -0.19547551,  0.        , ...,  0.84893883,
          0.70501767,  0.68737225],
        ...,
        [-0.99940216, -0.93586867, -0.84893883, ...,  0.        ,
         -0.22946313, -0.25331865],
        [-0.98066882, -0.83004611, -0.70501767, ...,  0.22946313,
          0.        , -0.02458073],
        [-0.97556268, -0.81608677, -0.68737225, ...,  0.25331865,
          0.02458073,  0.        ]],

       [[ 0.        , -0.04478061, -0.11713347, ...,  0.66722477,
          0.83423298,  0.99875863],
        [ 0.04478061,  0.        , -0.07254361, ...,  0.69991057,
          0.85808869,  0.99552613],
        [ 0.11713347,  0.07254361,  0.        , ...,  0.74987933,
          0.89307909,  0.98604876],
        ...,
        [-0.66722477, -0.69991057, -0.74987933, ...,  0.        ,
          0.25346798,  0.77716732],
        [-0.83423298, -0.85808869, -0.89307909, ..., -0.25346798,
          0.        ,  0.59228209],
        [-0.99875863, -0.99552613, -0.98604876, ..., -0.77716732,
         -0.59228209,  0.        ]],

       [[ 0.        , -0.07251188, -0.09882925, ..., -0.99234609,
         -0.98822345, -0.96805903],
        [ 0.07251188,  0.        , -0.0264122 , ..., -0.99868812,
         -0.97452641, -0.94733031],
        [ 0.09882925,  0.0264122 ,  0.        , ..., -0.99969217,
         -0.96826289, -0.9385411 ],
        ...,
        [ 0.99234609,  0.99868812,  0.99969217, ...,  0.        ,
          0.27388004,  0.36834688],
        [ 0.98822345,  0.97452641,  0.96826289, ..., -0.27388004,
          0.        ,  0.09963962],
        [ 0.96805903,  0.94733031,  0.9385411 , ..., -0.36834688,
         -0.09963962,  0.        ]]]), 'num': array([ 9.22678757e-01,  3.85556692e-01,  9.71287641e-05,  5.43976165e-05,
        5.51845621e-05,  5.41025119e-05,  3.14907113e-03, -4.91841017e-07,
        5.50271730e-05,  5.24499261e-05,  5.24564840e-05,  5.68041738e-07,
        5.66301002e-05,  4.82697519e-05])}
