state_0,state_1,state_2,state_3,state_4,state_5,state_6,state_7,state_8,state_9,state_10,state_11,state_12,state_13,state_14,state_15,state_16,state_17,state_18,state_19,state_20,state_21,state_22,state_23,state_24,state_25,state_26,state_27,state_28,state_29,state_30,state_31,state_32,state_33,state_34,state_35,state_36,state_37,state_38,state_39,state_40,state_41,state_42,state_43,state_44,state_45,state_46,state_47,state_48,state_49,state_50,state_51,state_52,state_53,state_54,state_55,state_56,state_57,state_58,state_59,state_60,state_61,state_62,state_63,state_64,state_65,state_66,state_67,state_68,state_69,state_70,state_71,state_72,state_73,state_74,state_75,state_76,state_77,state_78,state_79,state_80,state_81,state_82,state_83,state_84,state_85,state_86,state_87,state_88,state_89,state_90,state_91,state_92,state_93,state_94,state_95,state_96,state_97,state_98,state_99,state_100,state_101,state_102,state_103,state_104,state_105,state_106,state_107,state_108,state_109,state_110,state_111,state_112,state_113,state_114,state_115,state_116,state_117,state_118,state_119,state_120,state_121,state_122,state_123,state_124,state_125,state_126,state_127,state_128,state_129,state_130,state_131,state_132,state_133,state_134,state_135,state_136,state_137,state_138,state_139,state_140,state_141,state_142,state_143,state_144,state_145,state_146,state_147,state_148,state_149,state_150,state_151,state_152,state_153,state_154,state_155,state_156,state_157,state_158,state_159,state_160,state_161,state_162,state_163,state_164,state_165,state_166,state_167,state_168,state_169,state_170,state_171,state_172,state_173,state_174,state_175,state_176,state_177,state_178,state_179,state_180,state_181,state_182,state_183,state_184,state_185,state_186,state_187,state_188,state_189,state_190,state_191,state_192,state_193,state_194,state_195,state_196,state_197,state_198,state_199,state_200,state_201,state_202,state_203,state_204,state_205,state_206,state_207,state_208,state_209,state_210,state_211,state_212,state_213,state_214,state_215,state_216,state_217,state_218,state_219,state_220,state_221,state_222,state_223,state_224,state_225,state_226,state_227,state_228,state_229,state_230,state_231,state_232,state_233,state_234,state_235,state_236,state_237,state_238,state_239,state_240,state_241,state_242,state_243,state_244,state_245,state_246,state_247,state_248,state_249,state_250,state_251,state_252,state_253,state_254,state_255,state_256,state_257,state_258,state_259,state_260,state_261,state_262,state_263,state_264,state_265,state_266,state_267,state_268,state_269,state_270,state_271,state_272,state_273,state_274,state_275,state_276,state_277,state_278,state_279,state_280,state_281,state_282,state_283,state_284,state_285,state_286,state_287
{'img': array([[[ 0.        ,  0.01420437,  0.10876126, ...,  0.90737505,
          0.9165576 ,  0.91201297],
        [-0.01420437,  0.        ,  0.09463017, ...,  0.9013131 ,
          0.91078476,  0.90609487],
        [-0.10876126, -0.09463017,  0.        , ...,  0.85627767,
          0.86762656,  0.86199315],
        ...,
        [-0.90737505, -0.9013131 , -0.85627767, ...,  0.        ,
          0.02238751,  0.01116886],
        [-0.9165576 , -0.91078476, -0.86762656, ..., -0.02238751,
          0.        , -0.01122006],
        [-0.91201297, -0.90609487, -0.86199315, ..., -0.01116886,
          0.01122006,  0.        ]],

       [[ 0.        , -0.09994121,  0.03957687, ..., -0.12799373,
         -0.41356356, -0.04299796],
        [ 0.09994121,  0.        ,  0.13924163, ..., -0.02823372,
         -0.32049899,  0.05706609],
        [-0.03957687, -0.13924163,  0.        , ..., -0.1671448 ,
         -0.4492733 , -0.08250454],
        ...,
        [ 0.12799373,  0.02823372,  0.1671448 , ...,  0.        ,
         -0.29362687,  0.08523105],
        [ 0.41356356,  0.32049899,  0.4492733 , ...,  0.29362687,
          0.        ,  0.37403249],
        [ 0.04299796, -0.05706609,  0.08250454, ..., -0.08523105,
         -0.37403249,  0.        ]],

       [[ 0.        , -0.03583541, -0.04205018, ...,  0.97788283,
          0.98297669,  0.98843382],
        [ 0.03583541,  0.        , -0.00621946, ...,  0.96975964,
          0.97576128,  0.98236442],
        [ 0.04205018,  0.00621946,  0.        , ...,  0.96822295,
          0.97438135,  0.98118252],
        ...,
        [-0.97788283, -0.96975964, -0.96822295, ...,  0.        ,
         -0.02592627, -0.05843567],
        [-0.98297669, -0.97576128, -0.97438135, ...,  0.02592627,
          0.        , -0.03253406],
        [-0.98843382, -0.98236442, -0.98118252, ...,  0.05843567,
          0.03253406,  0.        ]],

       ...,

       [[ 0.        ,  0.2537688 , -0.08717269, ..., -0.88992356,
         -0.99840887, -0.9687726 ],
        [-0.2537688 ,  0.        , -0.33712184, ..., -0.74504541,
         -0.95141609, -0.99998194],
        [ 0.08717269,  0.33712184,  0.        , ..., -0.92629612,
         -0.99952373, -0.94347014],
        ...,
        [ 0.88992356,  0.74504541,  0.92629612, ...,  0.        ,
          0.40520205,  0.66252394],
        [ 0.99840887,  0.95141609,  0.99952373, ..., -0.40520205,
          0.        ,  0.30218454],
        [ 0.9687726 ,  0.99998194,  0.94347014, ..., -0.66252394,
         -0.30218454,  0.        ]],

       [[ 0.        ,  0.03638632,  0.21031702, ...,  0.73340129,
          0.72894679,  0.79623415],
        [-0.03638632,  0.        ,  0.17460527, ...,  0.75765091,
          0.75337308,  0.81772019],
        [-0.21031702, -0.17460527,  0.        , ...,  0.85997014,
          0.85661941,  0.90566436],
        ...,
        [-0.73340129, -0.75765091, -0.85997014, ...,  0.        ,
          0.00652971, -0.09757734],
        [-0.72894679, -0.75337308, -0.85661941, ..., -0.00652971,
          0.        , -0.10407381],
        [-0.79623415, -0.81772019, -0.90566436, ...,  0.09757734,
          0.10407381,  0.        ]],

       [[ 0.        ,  0.4018359 ,  0.51357888, ...,  0.19438936,
          0.30882315,  0.28879305],
        [-0.4018359 ,  0.        ,  0.12549795, ...,  0.57217527,
          0.66498692,  0.64916547],
        [-0.51357888, -0.12549795,  0.        , ...,  0.67057639,
          0.75345823,  0.73949276],
        ...,
        [-0.19438936, -0.57217527, -0.67057639, ...,  0.        ,
         -0.11804467, -0.09717743],
        [-0.30882315, -0.66498692, -0.75345823, ...,  0.11804467,
          0.        ,  0.02098797],
        [-0.28879305, -0.64916547, -0.73949276, ...,  0.09717743,
         -0.02098797,  0.        ]]]), 'num': array([9.99874787e-01, 5.19086971e-03, 3.11325170e-05, 1.52558883e-03,
       1.54707600e-03, 1.50410166e-03, 1.43108827e-02, 1.19373148e-05,
       1.52081390e-03, 1.55865519e-03, 1.43812810e-03, 2.32077405e-06,
       1.63121639e-03, 1.48609399e-03])}
{'img': array([[[ 0.        ,  0.09463017,  0.02786339, ...,  0.91078476,
          0.90609487,  0.92859853],
        [-0.09463017,  0.        , -0.06685508, ...,  0.86762656,
          0.86199315,  0.88931551],
        [-0.02786339,  0.06685508,  0.        , ...,  0.89892686,
          0.89395478,  0.91789828],
        ...,
        [-0.91078476, -0.86762656, -0.89892686, ...,  0.        ,
         -0.01122006,  0.04542172],
        [-0.90609487, -0.86199315, -0.89395478, ...,  0.01122006,
          0.        ,  0.05662734],
        [-0.92859853, -0.88931551, -0.91789828, ..., -0.04542172,
         -0.05662734,  0.        ]],

       [[ 0.        ,  0.13924163, -0.06027832, ..., -0.32049899,
          0.05706609,  0.37341318],
        [-0.13924163,  0.        , -0.19867954, ..., -0.4492733 ,
         -0.08250454,  0.24060596],
        [ 0.06027832,  0.19867954,  0.        , ..., -0.26281763,
          0.11714241,  0.42865227],
        ...,
        [ 0.32049899,  0.4492733 ,  0.26281763, ...,  0.        ,
          0.37403249,  0.65103095],
        [-0.05706609,  0.08250454, -0.11714241, ..., -0.37403249,
          0.        ,  0.31986645],
        [-0.37341318, -0.24060596, -0.42865227, ..., -0.65103095,
         -0.31986645,  0.        ]],

       [[ 0.        , -0.00621946, -0.05210714, ...,  0.97576128,
          0.98236442,  0.99376204],
        [ 0.00621946,  0.        , -0.04589512, ...,  0.97438135,
          0.98118252,  0.99304921],
        [ 0.05210714,  0.04589512,  0.        , ...,  0.9630327 ,
          0.97128707,  0.98660095],
        ...,
        [-0.97576128, -0.97438135, -0.9630327 , ...,  0.        ,
         -0.03253406, -0.10865434],
        [-0.98236442, -0.98118252, -0.97128707, ...,  0.03253406,
          0.        , -0.07625537],
        [-0.99376204, -0.99304921, -0.98660095, ...,  0.10865434,
          0.07625537,  0.        ]],

       ...,

       [[ 0.        , -0.33712184, -0.63505173, ..., -0.95141609,
         -0.99998194, -0.94146174],
        [ 0.33712184,  0.        , -0.33746008, ..., -0.99952373,
         -0.94347014, -0.77269908],
        [ 0.63505173,  0.33746008,  0.        , ..., -0.93047762,
         -0.77627235, -0.51316206],
        ...,
        [ 0.95141609,  0.99952373,  0.93047762, ...,  0.        ,
          0.30218454,  0.61062498],
        [ 0.99998194,  0.94347014,  0.77627235, ..., -0.30218454,
          0.        ,  0.34277197],
        [ 0.94146174,  0.77269908,  0.51316206, ..., -0.61062498,
         -0.34277197,  0.        ]],

       [[ 0.        ,  0.20724887,  0.25777706, ...,  0.72904489,
          0.79633354,  0.79504475],
        [-0.20724887,  0.        ,  0.05193549, ...,  0.85507083,
          0.90439983,  0.9034899 ],
        [-0.25777706, -0.05193549,  0.        , ...,  0.880846  ,
          0.92533944,  0.92453063],
        ...,
        [-0.72904489, -0.85507083, -0.880846  , ...,  0.        ,
         -0.10409469, -0.10197827],
        [-0.79633354, -0.90439983, -0.92533944, ...,  0.10409469,
          0.        ,  0.00212774],
        [-0.79504475, -0.9034899 , -0.92453063, ...,  0.10197827,
         -0.00212774,  0.        ]],

       [[ 0.        ,  0.34174332,  0.46374628, ...,  0.31536993,
          0.29493655,  0.32695093],
        [-0.34174332,  0.        ,  0.133052  , ...,  0.62068631,
          0.6037209 ,  0.63022786],
        [-0.46374628, -0.133052  ,  0.        , ...,  0.71948844,
          0.70442174,  0.72792747],
        ...,
        [-0.31536993, -0.62068631, -0.71948844, ...,  0.        ,
          0.02145569, -0.01222862],
        [-0.29493655, -0.6037209 , -0.70442174, ..., -0.02145569,
          0.        , -0.0336799 ],
        [-0.32695093, -0.63022786, -0.72792747, ...,  0.01222862,
          0.0336799 ,  0.        ]]]), 'num': array([ 7.07106028e-01,  7.07106028e-01,  0.00000000e+00,  2.62380066e-04,
        2.66092992e-04,  2.59079688e-04,  1.25547212e-03, -1.23764182e-06,
        2.62132538e-04,  2.68960195e-04,  2.49219808e-04,  2.88217959e-07,
        2.81855119e-04,  2.56065271e-04])}
{'img': array([[[ 0.00000000e+00, -6.68550782e-02, -3.47070991e-01, ...,
          8.61993151e-01,  8.89315512e-01,  8.73176753e-01],
        [ 6.68550782e-02,  0.00000000e+00, -2.83595198e-01, ...,
          8.93954782e-01,  9.17898278e-01,  9.03808603e-01],
        [ 3.47070991e-01,  2.83595198e-01,  0.00000000e+00, ...,
          9.84347874e-01,  9.92748172e-01,  9.88062773e-01],
        ...,
        [-8.61993151e-01, -8.93954782e-01, -9.84347874e-01, ...,
          0.00000000e+00,  5.66273432e-02,  2.24920483e-02],
        [-8.89315512e-01, -9.17898278e-01, -9.92748172e-01, ...,
         -5.66273432e-02,  0.00000000e+00, -3.41570605e-02],
        [-8.73176753e-01, -9.03808603e-01, -9.88062773e-01, ...,
         -2.24920483e-02,  3.41570605e-02,  0.00000000e+00]],

       [[ 0.00000000e+00, -1.98679543e-01,  2.61402005e-01, ...,
         -8.25045419e-02,  2.40605956e-01, -2.60775785e-01],
        [ 1.98679543e-01,  0.00000000e+00,  4.47962287e-01, ...,
          1.17142410e-01,  4.28652268e-01, -6.37719805e-02],
        [-2.61402005e-01, -4.47962287e-01,  0.00000000e+00, ...,
         -3.40146665e-01, -2.14826750e-02, -5.04065953e-01],
        ...,
        [ 8.25045419e-02, -1.17142410e-01,  3.40146665e-01, ...,
          0.00000000e+00,  3.19866451e-01, -1.80236884e-01],
        [-2.40605956e-01, -4.28652268e-01,  2.14826750e-02, ...,
         -3.19866451e-01,  0.00000000e+00, -4.85395787e-01],
        [ 2.60775785e-01,  6.37719805e-02,  5.04065953e-01, ...,
          1.80236884e-01,  4.85395787e-01,  0.00000000e+00]],

       [[ 0.00000000e+00, -4.58951196e-02, -1.46584509e-01, ...,
          9.81182524e-01,  9.93049213e-01,  9.95846010e-01],
        [ 4.58951196e-02,  0.00000000e+00, -1.01030680e-01, ...,
          9.71287071e-01,  9.86600951e-01,  9.90617744e-01],
        [ 1.46584509e-01,  1.01030680e-01,  0.00000000e+00, ...,
          9.42281033e-01,  9.65069467e-01,  9.71742012e-01],
        ...,
        [-9.81182524e-01, -9.71287071e-01, -9.42281033e-01, ...,
          0.00000000e+00, -7.62553749e-02, -1.02940428e-01],
        [-9.93049213e-01, -9.86600951e-01, -9.65069467e-01, ...,
          7.62553749e-02,  0.00000000e+00, -2.67904287e-02],
        [-9.95846010e-01, -9.90617744e-01, -9.71742012e-01, ...,
          1.02940428e-01,  2.67904287e-02,  0.00000000e+00]],

       ...,

       [[ 0.00000000e+00, -3.10882547e-01, -6.88482780e-01, ...,
         -8.74949218e-01, -7.09834330e-01, -8.98253773e-01],
        [ 3.10882547e-01,  0.00000000e+00, -4.28898911e-01, ...,
         -6.81060134e-01, -4.55684932e-01, -9.90369579e-01],
        [ 6.88482780e-01,  4.28898911e-01,  0.00000000e+00, ...,
         -3.01185797e-01, -2.98635551e-02, -9.54033409e-01],
        ...,
        [ 8.74949218e-01,  6.81060134e-01,  3.01185797e-01, ...,
          0.00000000e+00,  2.72574608e-01, -8.19467854e-01],
        [ 7.09834330e-01,  4.55684932e-01,  2.98635551e-02, ...,
         -2.72574608e-01,  0.00000000e+00, -9.44657779e-01],
        [ 8.98253773e-01,  9.90369579e-01,  9.54033409e-01, ...,
          8.19467854e-01,  9.44657779e-01,  0.00000000e+00]],

       [[ 0.00000000e+00,  5.22038104e-02,  4.33987317e-02, ...,
          9.03860574e-01,  9.02948142e-01,  9.03183823e-01],
        [-5.22038104e-02,  0.00000000e+00, -8.81507016e-03, ...,
          9.24962323e-01,  9.24151491e-01,  9.24360982e-01],
        [-4.33987317e-02,  8.81507016e-03,  0.00000000e+00, ...,
          9.21576140e-01,  9.20747997e-01,  9.20961950e-01],
        ...,
        [-9.03860574e-01, -9.24962323e-01, -9.21576140e-01, ...,
          0.00000000e+00,  2.12792834e-03,  1.57919857e-03],
        [-9.02948142e-01, -9.24151491e-01, -9.20747997e-01, ...,
         -2.12792834e-03,  0.00000000e+00, -5.48730694e-04],
        [-9.03183823e-01, -9.24360982e-01, -9.20961950e-01, ...,
         -1.57919857e-03,  5.48730694e-04,  0.00000000e+00]],

       [[ 0.00000000e+00,  3.28499596e-01,  4.08991266e-01, ...,
          2.99372905e-01,  3.31840452e-01,  3.90466171e-01],
        [-3.28499596e-01,  0.00000000e+00,  8.65254690e-02, ...,
          5.96192292e-01,  6.23310011e-01,  6.71219307e-01],
        [-4.08991266e-01, -8.65254690e-02,  0.00000000e+00, ...,
          6.63422608e-01,  6.88633112e-01,  7.32839760e-01],
        ...,
        [-2.99372905e-01, -5.96192292e-01, -6.63422608e-01, ...,
          0.00000000e+00, -3.42118869e-02, -9.69500356e-02],
        [-3.31840452e-01, -6.23310011e-01, -6.88633112e-01, ...,
          3.42118869e-02,  0.00000000e+00, -6.28425580e-02],
        [-3.90466171e-01, -6.71219307e-01, -7.32839760e-01, ...,
          9.69500356e-02,  6.28425580e-02,  0.00000000e+00]]]), 'num': array([ 7.63922062e-01,  6.45306478e-01,  3.73592392e-06,  2.83092087e-04,
        2.87104416e-04,  2.80417201e-04,  1.40939736e-03, -4.45814310e-07,
        2.83448738e-04,  2.89823883e-04,  2.70029728e-04,  3.72729997e-07,
        3.03494908e-04,  2.76152858e-04])}
{'img': array([[[ 0.00000000e+00, -2.83595198e-01, -5.64412363e-02, ...,
          9.17898278e-01,  9.03808603e-01,  8.98926861e-01],
        [ 2.83595198e-01,  0.00000000e+00,  2.29019135e-01, ...,
          9.92748172e-01,  9.88062773e-01,  9.86263295e-01],
        [ 5.64412363e-02, -2.29019135e-01,  0.00000000e+00, ...,
          9.38831850e-01,  9.26521152e-01,  9.22220736e-01],
        ...,
        [-9.17898278e-01, -9.92748172e-01, -9.38831850e-01, ...,
          0.00000000e+00, -3.41570605e-02, -4.54217213e-02],
        [-9.03808603e-01, -9.88062773e-01, -9.26521152e-01, ...,
          3.41570605e-02,  0.00000000e+00, -1.12734097e-02],
        [-8.98926861e-01, -9.86263295e-01, -9.22220736e-01, ...,
          4.54217213e-02,  1.12734097e-02,  0.00000000e+00]],

       [[ 0.00000000e+00,  4.47962287e-01,  4.01155154e-01, ...,
          4.28652268e-01, -6.37719805e-02, -2.37186257e-02],
        [-4.47962287e-01,  0.00000000e+00, -5.16842390e-02, ...,
         -2.14826750e-02, -5.04065953e-01, -4.69041959e-01],
        [-4.01155154e-01,  5.16842390e-02,  0.00000000e+00, ...,
          3.02183484e-02, -4.58754380e-01, -4.22768800e-01],
        ...,
        [-4.28652268e-01,  2.14826750e-02, -3.02183484e-02, ...,
          0.00000000e+00, -4.85395787e-01, -4.49960733e-01],
        [ 6.37719805e-02,  5.04065953e-01,  4.58754380e-01, ...,
          4.85395787e-01,  0.00000000e+00,  4.00836935e-02],
        [ 2.37186257e-02,  4.69041959e-01,  4.22768800e-01, ...,
          4.49960733e-01, -4.00836935e-02,  0.00000000e+00]],

       [[ 0.00000000e+00, -1.01030680e-01, -1.10064688e-01, ...,
          9.86600951e-01,  9.90617744e-01,  9.89686262e-01],
        [ 1.01030680e-01,  0.00000000e+00, -9.08466095e-03, ...,
          9.65069467e-01,  9.71742012e-01,  9.70149510e-01],
        [ 1.10064688e-01,  9.08466095e-03,  0.00000000e+00, ...,
          9.62649514e-01,  9.69557519e-01,  9.67906376e-01],
        ...,
        [-9.86600951e-01, -9.65069467e-01, -9.62649514e-01, ...,
          0.00000000e+00, -2.67904287e-02, -2.01368106e-02],
        [-9.90617744e-01, -9.71742012e-01, -9.69557519e-01, ...,
          2.67904287e-02,  0.00000000e+00,  6.65541358e-03],
        [-9.89686262e-01, -9.70149510e-01, -9.67906376e-01, ...,
          2.01368106e-02, -6.65541358e-03,  0.00000000e+00]],

       ...,

       [[ 0.00000000e+00, -4.28898911e-01,  2.32949825e-01, ...,
         -4.55684932e-01, -9.90369579e-01, -7.59624235e-01],
        [ 4.28898911e-01,  0.00000000e+00,  6.27535173e-01, ...,
         -2.98635551e-02, -9.54033409e-01, -4.07268796e-01],
        [-2.32949825e-01, -6.27535173e-01,  0.00000000e+00, ...,
         -6.50506695e-01, -9.30871632e-01, -8.90227793e-01],
        ...,
        [ 4.55684932e-01,  2.98635551e-02,  6.50506695e-01, ...,
          0.00000000e+00, -9.44657779e-01, -3.79812514e-01],
        [ 9.90369579e-01,  9.54033409e-01,  9.30871632e-01, ...,
          9.44657779e-01,  0.00000000e+00,  7.49268100e-01],
        [ 7.59624235e-01,  4.07268796e-01,  8.90227793e-01, ...,
          3.79812514e-01, -7.49268100e-01,  0.00000000e+00]],

       [[ 0.00000000e+00, -8.81507016e-03, -9.91648406e-02, ...,
          9.24151491e-01,  9.24360982e-01,  9.37823001e-01],
        [ 8.81507016e-03,  0.00000000e+00, -9.03893668e-02, ...,
          9.20747997e-01,  9.20961950e-01,  9.34726731e-01],
        [ 9.91648406e-02,  9.03893668e-02,  0.00000000e+00, ...,
          8.81712799e-01,  8.81971550e-01,  8.98779001e-01],
        ...,
        [-9.24151491e-01, -9.20747997e-01, -8.81712799e-01, ...,
          0.00000000e+00, -5.48730694e-04, -3.74871879e-02],
        [-9.24360982e-01, -9.20961950e-01, -8.81971550e-01, ...,
          5.48730694e-04,  0.00000000e+00, -3.69388373e-02],
        [-9.37823001e-01, -9.34726731e-01, -8.98779001e-01, ...,
          3.74871879e-02,  3.69388373e-02,  0.00000000e+00]],

       [[ 0.00000000e+00,  2.54313303e-01,  4.80711588e-01, ...,
          3.36402420e-01,  3.95765269e-01,  4.32395480e-01],
        [-2.54313303e-01,  0.00000000e+00,  2.41904763e-01, ...,
          5.64833642e-01,  6.16302308e-01,  6.47489384e-01],
        [-4.80711588e-01, -2.41904763e-01,  0.00000000e+00, ...,
          7.47679052e-01,  7.88500466e-01,  8.12608392e-01],
        ...,
        [-3.36402420e-01, -5.64833642e-01, -7.47679052e-01, ...,
          0.00000000e+00, -6.37636725e-02, -1.03866048e-01],
        [-3.95765269e-01, -6.16302308e-01, -7.88500466e-01, ...,
          6.37636725e-02,  0.00000000e+00, -4.02358898e-02],
        [-4.32395480e-01, -6.47489384e-01, -8.12608392e-01, ...,
          1.03866048e-01,  4.02358898e-02,  0.00000000e+00]]]), 'num': array([7.65848535e-01, 6.43003104e-01, 3.72258882e-06, 2.93187186e-04,
       3.02071646e-04, 2.83414280e-04, 4.72945581e-03, 1.11055752e-05,
       2.84658104e-04, 2.88389578e-04, 2.69998745e-04, 3.95636118e-07,
       3.00962266e-04, 2.75816889e-04])}
{'img': array([[[ 0.        ,  0.22901914,  0.15509095, ...,  0.98806277,
          0.9862633 ,  0.99029036],
        [-0.22901914,  0.        , -0.07527912, ...,  0.92652115,
          0.92222074,  0.9958073 ],
        [-0.15509095,  0.07527912,  0.        , ...,  0.95221537,
          0.94871165,  0.99986792],
        ...,
        [-0.98806277, -0.92652115, -0.95221537, ...,  0.        ,
         -0.01127341,  0.28991098],
        [-0.9862633 , -0.92222074, -0.94871165, ...,  0.01127341,
          0.        ,  0.30068181],
        [-0.99029036, -0.9958073 , -0.99986792, ..., -0.28991098,
         -0.30068181,  0.        ]],

       [[ 0.        , -0.05168424, -0.14294537, ..., -0.50406595,
         -0.46904196,  0.4045794 ],
        [ 0.05168424,  0.        , -0.09160085, ..., -0.45875438,
         -0.4227688 ,  0.45130406],
        [ 0.14294537,  0.09160085,  0.        , ..., -0.37543255,
         -0.33797927,  0.53114856],
        ...,
        [ 0.50406595,  0.45875438,  0.37543255, ...,  0.        ,
          0.04008369,  0.8103909 ],
        [ 0.46904196,  0.4227688 ,  0.33797927, ..., -0.04008369,
          0.        ,  0.78625499],
        [-0.4045794 , -0.45130406, -0.53114856, ..., -0.8103909 ,
         -0.78625499,  0.        ]],

       [[ 0.        , -0.00908466, -0.08179951, ...,  0.97174201,
          0.97014951,  0.94579773],
        [ 0.00908466,  0.        , -0.07274191, ...,  0.96955752,
          0.96790638,  0.9428084 ],
        [ 0.08179951,  0.07274191,  0.        , ...,  0.94917711,
          0.94706135,  0.91606327],
        ...,
        [-0.97174201, -0.96955752, -0.94917711, ...,  0.        ,
          0.00665541,  0.09232807],
        [-0.97014951, -0.96790638, -0.94706135, ..., -0.00665541,
          0.        ,  0.08569904],
        [-0.94579773, -0.9428084 , -0.91606327, ..., -0.09232807,
         -0.08569904,  0.        ]],

       ...,

       [[ 0.        ,  0.62753517,  0.32666254, ..., -0.95403341,
         -0.4072688 , -0.24943065],
        [-0.62753517,  0.        , -0.33877364, ..., -0.93087163,
         -0.89022779, -0.80190422],
        [-0.32666254,  0.33877364,  0.        , ..., -0.99959698,
         -0.68327008, -0.55208475],
        ...,
        [ 0.95403341,  0.93087163,  0.99959698, ...,  0.        ,
          0.7492681 ,  0.84912452],
        [ 0.4072688 ,  0.89022779,  0.68327008, ..., -0.7492681 ,
          0.        ,  0.16658902],
        [ 0.24943065,  0.80190422,  0.55208475, ..., -0.84912452,
         -0.16658902,  0.        ]],

       [[ 0.        , -0.09038937, -0.24822085, ...,  0.92096195,
          0.93472673,  0.95067856],
        [ 0.09038937,  0.        , -0.15964426, ...,  0.88197155,
          0.898779  ,  0.91875018],
        [ 0.24822085,  0.15964426,  0.        , ...,  0.79541916,
          0.81726345,  0.84393302],
        ...,
        [-0.92096195, -0.88197155, -0.79541916, ...,  0.        ,
         -0.03693884, -0.08477233],
        [-0.93472673, -0.898779  , -0.81726345, ...,  0.03693884,
          0.        , -0.04790861],
        [-0.95067856, -0.91875018, -0.84393302, ...,  0.08477233,
          0.04790861,  0.        ]],

       [[ 0.        ,  0.41843104,  0.5337869 , ...,  0.39891697,
          0.43580558,  0.39253598],
        [-0.41843104,  0.        ,  0.13097794, ...,  0.74601161,
          0.77242482,  0.7413666 ],
        [-0.5337869 , -0.13097794,  0.        , ...,  0.82680746,
          0.8489555 ,  0.82287927],
        ...,
        [-0.39891697, -0.74601161, -0.82680746, ...,  0.        ,
         -0.04058651,  0.00694815],
        [-0.43580558, -0.77242482, -0.8489555 , ...,  0.04058651,
          0.        ,  0.04752796],
        [-0.39253598, -0.7413666 , -0.82287927, ..., -0.00694815,
         -0.04752796,  0.        ]]]), 'num': array([ 9.90204287e-01,  1.39593857e-01,  2.61324249e-05,  3.78385423e-04,
        3.86522744e-04,  3.74316762e-04,  2.81051440e-03, -5.23113488e-06,
        3.74433010e-04,  3.76699835e-04,  3.54583759e-04,  5.71215877e-07,
        3.91896270e-04,  3.61503399e-04])}
{'img': array([[[ 0.        , -0.07527912,  0.50438997, ...,  0.92222074,
          0.9958073 ,  0.97834721],
        [ 0.07527912,  0.        ,  0.56796048, ...,  0.94871165,
          0.99986792,  0.9911517 ],
        [-0.50438997, -0.56796048,  0.        , ...,  0.60128609,
          0.81371622,  0.74038552],
        ...,
        [-0.92222074, -0.94871165, -0.60128609, ...,  0.        ,
          0.30068181,  0.1874191 ],
        [-0.9958073 , -0.99986792, -0.81371622, ..., -0.30068181,
          0.        , -0.11660755],
        [-0.97834721, -0.9911517 , -0.74038552, ..., -0.1874191 ,
          0.11660755,  0.        ]],

       [[ 0.        , -0.09160085,  0.88391273, ..., -0.4227688 ,
          0.45130406, -0.11548839],
        [ 0.09160085,  0.        ,  0.9230339 , ..., -0.33797927,
          0.53114856, -0.02401492],
        [-0.88391273, -0.9230339 ,  0.        , ..., -0.99874356,
         -0.57772422, -0.93200668],
        ...,
        [ 0.4227688 ,  0.33797927,  0.99874356, ...,  0.        ,
          0.78625499,  0.31528006],
        [-0.45130406, -0.53114856,  0.57772422, ..., -0.78625499,
          0.        , -0.55134271],
        [ 0.11548839,  0.02401492,  0.93200668, ..., -0.31528006,
          0.55134271,  0.        ]],

       [[ 0.        , -0.07274191,  0.19696564, ...,  0.96790638,
          0.9428084 ,  0.92047433],
        [ 0.07274191,  0.        ,  0.26776077, ...,  0.94706135,
          0.91606327,  0.88960804],
        [-0.19696564, -0.26776077,  0.        , ...,  0.99844511,
          0.98999472,  0.97941737],
        ...,
        [-0.96790638, -0.94706135, -0.99844511, ...,  0.        ,
          0.08569904,  0.14693538],
        [-0.9428084 , -0.91606327, -0.98999472, ..., -0.08569904,
          0.        ,  0.06162594],
        [-0.92047433, -0.88960804, -0.97941737, ..., -0.14693538,
         -0.06162594,  0.        ]],

       ...,

       [[ 0.        , -0.33877364,  0.46727183, ..., -0.89022779,
         -0.80190422, -0.62923478],
        [ 0.33877364,  0.        ,  0.73915548, ..., -0.68327008,
         -0.55208475, -0.32872677],
        [-0.46727183, -0.73915548,  0.        , ..., -0.9999122 ,
         -0.98814728, -0.9194859 ],
        ...,
        [ 0.89022779,  0.68327008,  0.9999122 , ...,  0.        ,
          0.16658902,  0.40527237],
        [ 0.80190422,  0.55208475,  0.98814728, ..., -0.16658902,
          0.        ,  0.24731425],
        [ 0.62923478,  0.32872677,  0.9194859 , ..., -0.40527237,
         -0.24731425,  0.        ]],

       [[ 0.        , -0.15964426,  0.26603318, ...,  0.898779  ,
          0.91875018,  0.93608877],
        [ 0.15964426,  0.        ,  0.4165125 , ...,  0.81726345,
          0.84393302,  0.86792599],
        [-0.26603318, -0.4165125 ,  0.        , ...,  0.98301996,
          0.99068235,  0.99593661],
        ...,
        [-0.898779  , -0.81726345, -0.98301996, ...,  0.        ,
         -0.04790861, -0.09422521],
        [-0.91875018, -0.84393302, -0.99068235, ...,  0.04790861,
          0.        , -0.04642156],
        [-0.93608877, -0.86792599, -0.99593661, ...,  0.09422521,
          0.04642156,  0.        ]],

       [[ 0.        ,  0.3563327 ,  0.41546906, ...,  0.44559503,
          0.40145792,  0.36551669],
        [-0.3563327 ,  0.        ,  0.06407448, ...,  0.73534717,
          0.70146298,  0.67320005],
        [-0.41546906, -0.06407448,  0.        , ...,  0.7772588 ,
          0.74568781,  0.71919724],
        ...,
        [-0.44559503, -0.73534717, -0.7772588 , ...,  0.        ,
          0.04871141,  0.08753879],
        [-0.40145792, -0.70146298, -0.74568781, ..., -0.04871141,
          0.        ,  0.03891046],
        [-0.36551669, -0.67320005, -0.71919724, ..., -0.08753879,
         -0.03891046,  0.        ]]]), 'num': array([9.90479401e-01, 1.37634869e-01, 2.57656958e-05, 3.79379240e-04,
       3.85683125e-04, 3.67344551e-04, 2.46883046e-03, 6.30388466e-06,
       3.71814579e-04, 3.71528039e-04, 3.50868489e-04, 6.33649899e-07,
       3.86716724e-04, 3.56339353e-04])}
{'img': array([[[ 0.        ,  0.56796048, -0.33116894, ...,  0.99986792,
          0.9911517 ,  0.99993645],
        [-0.56796048,  0.        , -0.80848183, ...,  0.81371622,
          0.74038552,  0.82940631],
        [ 0.33116894,  0.80848183,  0.        , ...,  0.94882924,
          0.97917985,  0.93977815],
        ...,
        [-0.99986792, -0.81371622, -0.94882924, ...,  0.        ,
         -0.11660755,  0.02752348],
        [-0.9911517 , -0.74038552, -0.97917985, ...,  0.11660755,
          0.        ,  0.14389909],
        [-0.99993645, -0.82940631, -0.93977815, ..., -0.02752348,
         -0.14389909,  0.        ]],

       [[ 0.        ,  0.9230339 ,  0.55385694, ...,  0.53114856,
         -0.02401492, -0.1027138 ],
        [-0.9230339 ,  0.        ,  0.98160804, ..., -0.57772422,
         -0.93200668, -0.95766784],
        [-0.55385694, -0.98160804,  0.        , ..., -0.91151177,
         -0.5337021 , -0.46540683],
        ...,
        [-0.53114856,  0.57772422,  0.91151177, ...,  0.        ,
         -0.55134271, -0.6153665 ],
        [ 0.02401492,  0.93200668,  0.5337021 , ...,  0.55134271,
          0.        , -0.07879627],
        [ 0.1027138 ,  0.95766784,  0.46540683, ...,  0.6153665 ,
          0.07879627,  0.        ]],

       [[ 0.        ,  0.26776077,  0.0906087 , ...,  0.91606327,
          0.88960804,  0.84541595],
        [-0.26776077,  0.        , -0.17935919, ...,  0.98999472,
          0.97941737,  0.95755925],
        [-0.0906087 ,  0.17935919,  0.        , ...,  0.94863226,
          0.92733194,  0.89033326],
        ...,
        [-0.91606327, -0.98999472, -0.94863226, ...,  0.        ,
          0.06162594,  0.15023683],
        [-0.88960804, -0.97941737, -0.92733194, ..., -0.06162594,
          0.        ,  0.08902478],
        [-0.84541595, -0.95755925, -0.89033326, ..., -0.15023683,
         -0.08902478,  0.        ]],

       ...,

       [[ 0.        ,  0.73915548, -0.23050946, ..., -0.55208475,
         -0.32872677, -0.02807847],
        [-0.73915548,  0.        , -0.87450624, ..., -0.98814728,
         -0.9194859 , -0.75777588],
        [ 0.23050946,  0.87450624,  0.        , ..., -0.34502114,
         -0.10217527,  0.20309625],
        ...,
        [ 0.55208475,  0.98814728,  0.34502114, ...,  0.        ,
          0.24731425,  0.52845559],
        [ 0.32872677,  0.9194859 ,  0.10217527, ..., -0.24731425,
          0.        ,  0.30207915],
        [ 0.02807847,  0.75777588, -0.20309625, ..., -0.52845559,
         -0.30207915,  0.        ]],

       [[ 0.        ,  0.4165125 ,  0.4165125 , ...,  0.84393302,
          0.86792599,  0.86398912],
        [-0.4165125 ,  0.        ,  0.        , ...,  0.99068235,
          0.99593661,  0.99519683],
        [-0.4165125 ,  0.        ,  0.        , ...,  0.99068235,
          0.99593661,  0.99519683],
        ...,
        [-0.84393302, -0.99068235, -0.99068235, ...,  0.        ,
         -0.04642156, -0.03855659],
        [-0.86792599, -0.99593661, -0.99593661, ...,  0.04642156,
          0.        ,  0.00787201],
        [-0.86398912, -0.99519683, -0.99519683, ...,  0.03855659,
         -0.00787201,  0.        ]],

       [[ 0.        ,  0.13428421,  0.13428421, ...,  0.51635138,
          0.48210981,  0.48750705],
        [-0.13428421,  0.        ,  0.        , ...,  0.6266726 ,
          0.59539112,  0.60033773],
        [-0.13428421,  0.        ,  0.        , ...,  0.6266726 ,
          0.59539112,  0.60033773],
        ...,
        [-0.51635138, -0.6266726 , -0.6266726 , ...,  0.        ,
          0.03951336,  0.03334649],
        [-0.48210981, -0.59539112, -0.59539112, ..., -0.03951336,
          0.        , -0.00617093],
        [-0.48750705, -0.60033773, -0.60033773, ..., -0.03334649,
          0.00617093,  0.        ]]]), 'num': array([9.99985402e-01, 4.45647669e-03, 2.98062552e-05, 3.83043065e-04,
       3.83043065e-04, 3.70427874e-04, 2.86751314e-03, 3.44050657e-06,
       3.75703317e-04, 3.72434836e-04, 3.52441670e-04, 7.31601972e-07,
       3.88352731e-04, 3.56516941e-04])}
{'img': array([[[ 0.        , -0.80848183, -0.96989504, ...,  0.74038552,
          0.82940631,  0.87486311],
        [ 0.80848183,  0.        , -0.37391956, ...,  0.97917985,
          0.93977815,  0.90647998],
        [ 0.96989504,  0.37391956,  0.        , ...,  0.83224759,
          0.7438076 ,  0.68283787],
        ...,
        [-0.74038552, -0.97917985, -0.83224759, ...,  0.        ,
          0.14389909,  0.22944693],
        [-0.82940631, -0.93977815, -0.7438076 , ..., -0.14389909,
          0.        ,  0.0869989 ],
        [-0.87486311, -0.90647998, -0.68283787, ..., -0.22944693,
         -0.0869989 ,  0.        ]],

       [[ 0.        ,  0.98160804, -0.89103951, ..., -0.93200668,
         -0.95766784, -0.92352067],
        [-0.98160804,  0.        , -0.61568324, ..., -0.5337021 ,
         -0.46540683, -0.55280141],
        [ 0.89103951,  0.61568324,  0.        , ..., -0.10011251,
         -0.17820164, -0.07745281],
        ...,
        [ 0.93200668,  0.5337021 ,  0.10011251, ...,  0.        ,
         -0.07879627,  0.02274808],
        [ 0.95766784,  0.46540683,  0.17820164, ...,  0.07879627,
          0.        ,  0.10145323],
        [ 0.92352067,  0.55280141,  0.07745281, ..., -0.02274808,
         -0.10145323,  0.        ]],

       [[ 0.        , -0.17935919, -0.35108219, ...,  0.97941737,
          0.95755925,  0.90790826],
        [ 0.17935919,  0.        , -0.1774469 , ...,  0.92733194,
          0.89033326,  0.81800351],
        [ 0.35108219,  0.1774469 ,  0.        , ...,  0.84620783,
          0.79541077,  0.7029523 ],
        ...,
        [-0.97941737, -0.92733194, -0.84620783, ...,  0.        ,
          0.08902478,  0.22728409],
        [-0.95755925, -0.89033326, -0.79541077, ..., -0.08902478,
          0.        ,  0.13968676],
        [-0.90790826, -0.81800351, -0.7029523 , ..., -0.22728409,
         -0.13968676,  0.        ]],

       ...,

       [[ 0.        , -0.87450624, -0.94245749, ..., -0.9194859 ,
         -0.75777588, -0.4154419 ],
        [ 0.87450624,  0.        , -0.16473516, ..., -0.10217527,
          0.20309625,  0.59397287],
        [ 0.94245749,  0.16473516,  0.        , ...,  0.06309367,
          0.3616234 ,  0.71838489],
        ...,
        [ 0.9194859 ,  0.10217527, -0.06309367, ...,  0.        ,
          0.30207915,  0.67306274],
        [ 0.75777588, -0.20309625, -0.3616234 , ..., -0.30207915,
          0.        ,  0.41820584],
        [ 0.4154419 , -0.59397287, -0.71838489, ..., -0.67306274,
         -0.41820584,  0.        ]],

       [[ 0.        ,  0.        ,  0.13113277, ...,  0.88120337,
          0.87733481,  0.85941512],
        [ 0.        ,  0.        ,  0.13113277, ...,  0.88120337,
          0.87733481,  0.85941512],
        [-0.13113277, -0.13113277,  0.        , ...,  0.93558537,
          0.93268669,  0.91903927],
        ...,
        [-0.88120337, -0.88120337, -0.93558537, ...,  0.        ,
          0.00812184,  0.04426264],
        [-0.87733481, -0.87733481, -0.93268669, ..., -0.00812184,
          0.        ,  0.0361473 ],
        [-0.85941512, -0.85941512, -0.91903927, ..., -0.04426264,
         -0.0361473 ,  0.        ]],

       [[ 0.        ,  0.        , -0.25507298, ...,  0.59539112,
          0.60033773,  0.60206406],
        [ 0.        ,  0.        , -0.25507298, ...,  0.59539112,
          0.60033773,  0.60206406],
        [ 0.25507298,  0.25507298,  0.        , ...,  0.37076184,
          0.3764859 ,  0.37848642],
        ...,
        [-0.59539112, -0.59539112, -0.37076184, ...,  0.        ,
         -0.00617093, -0.00833122],
        [-0.60033773, -0.60033773, -0.3764859 , ...,  0.00617093,
          0.        , -0.00216035],
        [-0.60206406, -0.60206406, -0.37848642, ...,  0.00833122,
          0.00216035,  0.        ]]]), 'num': array([ 9.99987289e-01,  4.54453256e-03,  3.03951994e-05,  3.83009919e-04,
        3.91196391e-04,  3.82425171e-04,  1.90082852e-03, -7.60172358e-06,
        3.85465860e-04,  3.79062870e-04,  3.60195002e-04,  6.46550599e-07,
        3.93198177e-04,  3.64927563e-04])}
{'img': array([[[ 0.        , -0.37391956,  0.34581454, ...,  0.93977815,
          0.90647998,  0.96763852],
        [ 0.37391956,  0.        ,  0.67157935, ...,  0.7438076 ,
          0.68283787,  0.80309209],
        [-0.34581454, -0.67157935,  0.        , ...,  0.99999079,
          0.99657255,  0.99520101],
        ...,
        [-0.93977815, -0.7438076 , -0.99999079, ...,  0.        ,
          0.0869989 , -0.09358034],
        [-0.90647998, -0.68283787, -0.99657255, ..., -0.0869989 ,
          0.        , -0.17984265],
        [-0.96763852, -0.80309209, -0.99520101, ...,  0.09358034,
          0.17984265,  0.        ]],

       [[ 0.        , -0.61568324, -0.95040702, ..., -0.46540683,
         -0.55280141, -0.26541637],
        [ 0.61568324,  0.        ,  0.55743186, ..., -0.17820164,
         -0.07745281, -0.38445464],
        [ 0.95040702, -0.55743186,  0.        , ..., -0.69645665,
         -0.62006043, -0.83377278],
        ...,
        [ 0.46540683,  0.17820164,  0.69645665, ...,  0.        ,
          0.10145323, -0.2137953 ],
        [ 0.55280141,  0.07745281,  0.62006043, ..., -0.10145323,
          0.        , -0.31179966],
        [ 0.26541637,  0.38445464,  0.83377278, ...,  0.2137953 ,
          0.31179966,  0.        ]],

       [[ 0.        , -0.1774469 , -0.32276577, ...,  0.89033326,
          0.81800351,  0.75438521],
        [ 0.1774469 ,  0.        , -0.14969386, ...,  0.79541077,
          0.7029523 ,  0.62593158],
        [ 0.32276577,  0.14969386,  0.        , ...,  0.69572333,
          0.5885639 ,  0.50213589],
        ...,
        [-0.89033326, -0.79541077, -0.69572333, ...,  0.        ,
          0.13968676,  0.24096454],
        [-0.81800351, -0.7029523 , -0.5885639 , ..., -0.13968676,
          0.        ,  0.10303131],
        [-0.75438521, -0.62593158, -0.50213589, ..., -0.24096454,
         -0.10303131,  0.        ]],

       ...,

       [[ 0.        , -0.16473516, -0.20285094, ...,  0.20309625,
          0.59397287,  0.20309625],
        [ 0.16473516,  0.        , -0.03876931, ...,  0.3616234 ,
          0.71838489,  0.3616234 ],
        [ 0.20285094,  0.03876931,  0.        , ...,  0.39749709,
          0.74481451,  0.39749709],
        ...,
        [-0.20309625, -0.3616234 , -0.39749709, ...,  0.        ,
          0.41820584,  0.        ],
        [-0.59397287, -0.71838489, -0.74481451, ..., -0.41820584,
          0.        , -0.41820584],
        [-0.20309625, -0.3616234 , -0.39749709, ...,  0.        ,
          0.41820584,  0.        ]],

       [[ 0.        ,  0.13113277,  0.15558942, ...,  0.87733481,
          0.85941512,  0.89330612],
        [-0.13113277,  0.        ,  0.02471007, ...,  0.93268669,
          0.91903927,  0.94452971],
        [-0.15558942, -0.02471007,  0.        , ...,  0.94131452,
          0.92849852,  0.95235674],
        ...,
        [-0.87733481, -0.93268669, -0.94131452, ...,  0.        ,
          0.0361473 , -0.03436161],
        [-0.85941512, -0.91903927, -0.92849852, ..., -0.0361473 ,
          0.        , -0.07046511],
