state_0,state_1,state_2,state_3,state_4,state_5,state_6,state_7,state_8,state_9,state_10,state_11,state_12,state_13,state_14,state_15,state_16,state_17,state_18,state_19,state_20,state_21,state_22,state_23,state_24,state_25,state_26,state_27,state_28,state_29,state_30,state_31,state_32,state_33,state_34,state_35,state_36,state_37,state_38,state_39,state_40,state_41,state_42,state_43,state_44,state_45,state_46,state_47,state_48,state_49,state_50,state_51,state_52,state_53,state_54,state_55,state_56,state_57,state_58,state_59,state_60,state_61,state_62,state_63,state_64,state_65,state_66,state_67,state_68,state_69,state_70,state_71,state_72,state_73,state_74,state_75,state_76,state_77,state_78,state_79,state_80,state_81,state_82,state_83,state_84,state_85,state_86,state_87,state_88,state_89,state_90,state_91,state_92,state_93,state_94,state_95,state_96,state_97,state_98,state_99,state_100,state_101,state_102,state_103,state_104,state_105,state_106,state_107,state_108,state_109,state_110,state_111,state_112,state_113,state_114,state_115,state_116,state_117,state_118,state_119,state_120,state_121,state_122,state_123,state_124,state_125,state_126,state_127,state_128,state_129,state_130,state_131,state_132,state_133,state_134,state_135,state_136,state_137,state_138,state_139,state_140,state_141,state_142,state_143,state_144,state_145,state_146,state_147,state_148,state_149,state_150,state_151,state_152,state_153,state_154,state_155,state_156,state_157,state_158,state_159,state_160,state_161,state_162,state_163,state_164,state_165,state_166,state_167,state_168,state_169,state_170,state_171,state_172,state_173,state_174,state_175,state_176,state_177,state_178,state_179,state_180,state_181,state_182,state_183,state_184,state_185,state_186,state_187,state_188,state_189,state_190,state_191,state_192,state_193,state_194,state_195,state_196,state_197,state_198,state_199,state_200,state_201,state_202,state_203,state_204,state_205,state_206,state_207,state_208,state_209,state_210,state_211,state_212,state_213,state_214,state_215,state_216,state_217,state_218,state_219,state_220,state_221,state_222,state_223,state_224,state_225,state_226,state_227,state_228,state_229,state_230,state_231,state_232,state_233,state_234,state_235,state_236,state_237,state_238,state_239,state_240,state_241,state_242,state_243,state_244,state_245,state_246,state_247,state_248,state_249,state_250,state_251,state_252,state_253,state_254,state_255,state_256,state_257,state_258,state_259,state_260,state_261,state_262,state_263,state_264,state_265,state_266,state_267,state_268,state_269,state_270,state_271,state_272,state_273,state_274,state_275,state_276,state_277,state_278,state_279,state_280,state_281,state_282,state_283,state_284,state_285,state_286,state_287
{'img': array([[[ 0.00000000e+00, -6.76064873e-01,  9.26267835e-02, ...,
          7.36842105e-01,  6.71440860e-01,  6.41479871e-01],
        [ 6.76064873e-01,  0.00000000e+00,  7.41409715e-01, ...,
          1.00000000e+00,  9.95749276e-01,  9.91305695e-01],
        [-9.26267835e-02, -7.41409715e-01,  0.00000000e+00, ...,
          6.71052632e-01,  5.99912435e-01,  5.67664385e-01],
        ...,
        [-7.36842105e-01, -1.00000000e+00, -6.71052632e-01, ...,
          0.00000000e+00, -9.21052632e-02, -1.31578947e-01],
        [-6.71440860e-01, -9.95749276e-01, -5.99912435e-01, ...,
          9.21052632e-02,  0.00000000e+00, -3.97151697e-02],
        [-6.41479871e-01, -9.91305695e-01, -5.67664385e-01, ...,
          1.31578947e-01,  3.97151697e-02,  0.00000000e+00]],

       [[ 0.00000000e+00, -2.18100307e-01, -4.00292507e-01, ...,
         -3.35146550e-01, -4.44817439e-01, -2.98213916e-01],
        [ 2.18100307e-01,  0.00000000e+00, -1.90791630e-01, ...,
         -1.21591656e-01, -2.38773791e-01, -8.28582815e-02],
        [ 4.00292507e-01,  1.90791630e-01,  0.00000000e+00, ...,
          7.00179104e-02, -4.91146269e-02,  1.08799341e-01],
        ...,
        [ 3.35146550e-01,  1.21591656e-01, -7.00179104e-02, ...,
          0.00000000e+00, -1.18927496e-01,  3.89300531e-02],
        [ 4.44817439e-01,  2.38773791e-01,  4.91146269e-02, ...,
          1.18927496e-01,  0.00000000e+00,  1.57491106e-01],
        [ 2.98213916e-01,  8.28582815e-02, -1.08799341e-01, ...,
         -3.89300531e-02, -1.57491106e-01,  0.00000000e+00]],

       [[ 0.00000000e+00, -3.47332074e-01, -5.43579898e-01, ...,
          9.74497175e-01,  9.25330479e-01,  8.85979201e-01],
        [ 3.47332074e-01,  0.00000000e+00, -2.18202052e-01, ...,
          9.91768360e-01,  9.99416416e-01,  9.91886642e-01],
        [ 5.43579898e-01,  2.18202052e-01,  0.00000000e+00, ...,
          9.39930647e-01,  9.82787626e-01,  9.95724801e-01],
        ...,
        [-9.74497175e-01, -9.91768360e-01, -9.39930647e-01, ...,
          0.00000000e+00, -1.61847946e-01, -2.53085153e-01],
        [-9.25330479e-01, -9.99416416e-01, -9.82787626e-01, ...,
          1.61847946e-01,  0.00000000e+00, -9.31695801e-02],
        [-8.85979201e-01, -9.91886642e-01, -9.95724801e-01, ...,
          2.53085153e-01,  9.31695801e-02,  0.00000000e+00]],

       ...,

       [[ 0.00000000e+00, -3.06966913e-01,  3.14174550e-01, ...,
          5.95230893e-02,  7.37518122e-02,  5.09801963e-01],
        [ 3.06966913e-01,  0.00000000e+00,  5.90429977e-01, ...,
          3.63071965e-01,  3.76322016e-01,  7.49269934e-01],
        [-3.14174550e-01, -5.90429977e-01,  0.00000000e+00, ...,
         -2.57108344e-01, -2.43301528e-01,  2.13706476e-01],
        ...,
        [-5.95230893e-02, -3.63071965e-01,  2.57108344e-01, ...,
          0.00000000e+00,  1.42600593e-02,  4.57690823e-01],
        [-7.37518122e-02, -3.76322016e-01,  2.43301528e-01, ...,
         -1.42600593e-02,  0.00000000e+00,  4.44965504e-01],
        [-5.09801963e-01, -7.49269934e-01, -2.13706476e-01, ...,
         -4.57690823e-01, -4.44965504e-01,  0.00000000e+00]],

       [[ 0.00000000e+00, -7.47702701e-02, -3.09919999e-01, ...,
          9.68187900e-01,  9.64842714e-01,  9.64792024e-01],
        [ 7.47702701e-02,  0.00000000e+00, -2.37963687e-01, ...,
          9.84187072e-01,  9.81793630e-01,  9.81756990e-01],
        [ 3.09919999e-01,  2.37963687e-01,  0.00000000e+00, ...,
          9.98066391e-01,  9.98792046e-01,  9.98801501e-01],
        ...,
        [-9.68187900e-01, -9.84187072e-01, -9.98066391e-01, ...,
          0.00000000e+00, -1.30397808e-02, -1.32325582e-02],
        [-9.64842714e-01, -9.81793630e-01, -9.98792046e-01, ...,
          1.30397808e-02,  0.00000000e+00, -1.92794056e-04],
        [-9.64792024e-01, -9.81756990e-01, -9.98801501e-01, ...,
          1.32325582e-02,  1.92794056e-04,  0.00000000e+00]],

       [[ 0.00000000e+00, -9.50283593e-02, -3.40321425e-02, ...,
          9.89433114e-01,  9.82688964e-01,  9.75034451e-01],
        [ 9.50283593e-02,  0.00000000e+00,  6.10951808e-02, ...,
          9.98733665e-01,  9.95847114e-01,  9.91723390e-01],
        [ 3.40321425e-02, -6.10951808e-02,  0.00000000e+00, ...,
          9.93794296e-01,  9.88424630e-01,  9.82026612e-01],
        ...,
        [-9.89433114e-01, -9.98733665e-01, -9.93794296e-01, ...,
          0.00000000e+00, -4.08252844e-02, -7.83369390e-02],
        [-9.82688964e-01, -9.95847114e-01, -9.88424630e-01, ...,
          4.08252844e-02,  0.00000000e+00, -3.75718036e-02],
        [-9.75034451e-01, -9.91723390e-01, -9.82026612e-01, ...,
          7.83369390e-02,  3.75718036e-02,  0.00000000e+00]]]), 'num': array([9.93279509e-01, 1.05358748e-01, 9.16326895e-06, 1.67532219e-02,
       1.69606922e-02, 1.64247274e-02, 7.04932009e-03, 2.07470240e-04,
       1.66840652e-02, 1.68007672e-02, 1.67785794e-02, 1.00853589e-05,
       1.74454360e-02, 1.61560984e-02])}
{'img': array([[[ 0.00000000e+00,  7.41409715e-01,  8.50289180e-01, ...,
          9.95749276e-01,  9.91305695e-01,  9.99653680e-01],
        [-7.41409715e-01,  0.00000000e+00,  1.80373152e-01, ...,
          5.99912435e-01,  5.67664385e-01,  6.90331014e-01],
        [-8.50289180e-01, -1.80373152e-01,  0.00000000e+00, ...,
          4.45762458e-01,  4.09859684e-01,  5.48509547e-01],
        ...,
        [-9.95749276e-01, -5.99912435e-01, -4.45762458e-01, ...,
          0.00000000e+00, -3.97151697e-02,  1.18277294e-01],
        [-9.91305695e-01, -5.67664385e-01, -4.09859684e-01, ...,
          3.97151697e-02,  0.00000000e+00,  1.57620371e-01],
        [-9.99653680e-01, -6.90331014e-01, -5.48509547e-01, ...,
         -1.18277294e-01, -1.57620371e-01,  0.00000000e+00]],

       [[ 0.00000000e+00, -1.90791630e-01,  3.86092646e-01, ...,
         -2.38773791e-01, -8.28582815e-02, -3.20475488e-02],
        [ 1.90791630e-01,  0.00000000e+00,  5.54997988e-01, ...,
         -4.91146269e-02,  1.08799341e-01,  1.59234775e-01],
        [-3.86092646e-01, -5.54997988e-01,  0.00000000e+00, ...,
         -5.95184273e-01, -4.61198456e-01, -4.15456910e-01],
        ...,
        [ 2.38773791e-01,  4.91146269e-02,  5.95184273e-01, ...,
          0.00000000e+00,  1.57491106e-01,  2.07530563e-01],
        [ 8.28582815e-02, -1.08799341e-01,  4.61198456e-01, ...,
         -1.57491106e-01,  0.00000000e+00,  5.08783728e-02],
        [ 3.20475488e-02, -1.59234775e-01,  4.15456910e-01, ...,
         -2.07530563e-01, -5.08783728e-02,  0.00000000e+00]],

       [[ 0.00000000e+00, -2.18202052e-01, -9.30072922e-02, ...,
          9.99416416e-01,  9.91886642e-01,  9.88523838e-01],
        [ 2.18202052e-01,  0.00000000e+00,  1.26490086e-01, ...,
          9.82787626e-01,  9.95724801e-01,  9.97666670e-01],
        [ 9.30072922e-02, -1.26490086e-01,  0.00000000e+00, ...,
          9.98261396e-01,  9.99410835e-01,  9.98289153e-01],
        ...,
        [-9.99416416e-01, -9.82787626e-01, -9.98261396e-01, ...,
          0.00000000e+00, -9.31695801e-02, -1.17209949e-01],
        [-9.91886642e-01, -9.95724801e-01, -9.99410835e-01, ...,
          9.31695801e-02,  0.00000000e+00, -2.41727381e-02],
        [-9.88523838e-01, -9.97666670e-01, -9.98289153e-01, ...,
          1.17209949e-01,  2.41727381e-02,  0.00000000e+00]],

       ...,

       [[ 0.00000000e+00,  5.90429977e-01,  5.32884155e-01, ...,
          3.76322016e-01,  7.49269934e-01,  8.17044930e-01],
        [-5.90429977e-01,  0.00000000e+00, -6.95300125e-02, ...,
         -2.43301528e-01,  2.13706476e-01,  3.19001292e-01],
        [-5.32884155e-01,  6.95300125e-02,  0.00000000e+00, ...,
         -1.75272020e-01,  2.81113001e-01,  3.84126631e-01],
        ...,
        [-3.76322016e-01,  2.43301528e-01,  1.75272020e-01, ...,
          0.00000000e+00,  4.44965504e-01,  5.40005592e-01],
        [-7.49269934e-01, -2.13706476e-01, -2.81113001e-01, ...,
         -4.44965504e-01,  0.00000000e+00,  1.09090470e-01],
        [-8.17044930e-01, -3.19001292e-01, -3.84126631e-01, ...,
         -5.40005592e-01, -1.09090470e-01,  0.00000000e+00]],

       [[ 0.00000000e+00, -2.37963687e-01, -2.37963687e-01, ...,
          9.81793630e-01,  9.81756990e-01,  9.77966656e-01],
        [ 2.37963687e-01,  0.00000000e+00,  0.00000000e+00, ...,
          9.98792046e-01,  9.98801501e-01,  9.99551211e-01],
        [ 2.37963687e-01,  0.00000000e+00,  0.00000000e+00, ...,
          9.98792046e-01,  9.98801501e-01,  9.99551211e-01],
        ...,
        [-9.81793630e-01, -9.98792046e-01, -9.98792046e-01, ...,
          0.00000000e+00, -1.92794056e-04, -1.91949197e-02],
        [-9.81756990e-01, -9.98801501e-01, -9.98801501e-01, ...,
          1.92794056e-04,  0.00000000e+00, -1.90021608e-02],
        [-9.77966656e-01, -9.99551211e-01, -9.99551211e-01, ...,
          1.91949197e-02,  1.90021608e-02,  0.00000000e+00]],

       [[ 0.00000000e+00,  6.10951808e-02,  6.10951808e-02, ...,
          9.95847114e-01,  9.91723390e-01,  9.90148704e-01],
        [-6.10951808e-02,  0.00000000e+00,  0.00000000e+00, ...,
          9.88424630e-01,  9.82026612e-01,  9.79744517e-01],
        [-6.10951808e-02,  0.00000000e+00,  0.00000000e+00, ...,
          9.88424630e-01,  9.82026612e-01,  9.79744517e-01],
        ...,
        [-9.95847114e-01, -9.88424630e-01, -9.88424630e-01, ...,
          0.00000000e+00, -3.75718036e-02, -4.92938460e-02],
        [-9.91723390e-01, -9.82026612e-01, -9.82026612e-01, ...,
          3.75718036e-02,  0.00000000e+00, -1.17329127e-02],
        [-9.90148704e-01, -9.79744517e-01, -9.79744517e-01, ...,
          4.92938460e-02,  1.17329127e-02,  0.00000000e+00]]]), 'num': array([ 7.07092056e-01,  7.07092056e-01,  0.00000000e+00,  2.20009955e-03,
        2.24878457e-03,  2.19082621e-03,  1.33818910e-03, -4.63666922e-05,
        2.22652856e-03,  2.24484340e-03,  2.25210752e-03,  1.03785910e-06,
        2.31882843e-03,  2.17085837e-03])}
{'img': array([[[ 0.        ,  0.21518101, -0.04565145, ...,  0.63223942,
          0.75370518,  0.53839283],
        [-0.21518101,  0.        , -0.25953869, ...,  0.45071224,
          0.59462933,  0.3444488 ],
        [ 0.04565145,  0.25953869,  0.        , ...,  0.66694978,
          0.78292209,  0.57630172],
        ...,
        [-0.63223942, -0.45071224, -0.66694978, ...,  0.        ,
          0.16843471, -0.11565209],
        [-0.75370518, -0.59462933, -0.78292209, ..., -0.16843471,
          0.        , -0.28130422],
        [-0.53839283, -0.3444488 , -0.57630172, ...,  0.11565209,
          0.28130422,  0.        ]],

       [[ 0.        ,  0.55499799,  0.4228159 , ...,  0.10879934,
          0.15923478,  0.47833601],
        [-0.55499799,  0.        , -0.15122771, ..., -0.46119846,
         -0.41545691, -0.08948179],
        [-0.4228159 ,  0.15122771,  0.        , ..., -0.32171029,
         -0.27312005,  0.0621684 ],
        ...,
        [-0.10879934,  0.46119846,  0.32171029, ...,  0.        ,
          0.05087837,  0.37995141],
        [-0.15923478,  0.41545691,  0.27312005, ..., -0.05087837,
          0.        ,  0.3323965 ],
        [-0.47833601,  0.08948179, -0.0621684 , ..., -0.37995141,
         -0.3323965 ,  0.        ]],

       [[ 0.        ,  0.12649009,  0.        , ...,  0.9957248 ,
          0.99766667,  0.99970964],
        [-0.12649009,  0.        , -0.12649009, ...,  0.99941083,
          0.99828915,  0.98863189],
        [ 0.        ,  0.12649009,  0.        , ...,  0.9957248 ,
          0.99766667,  0.99970964],
        ...,
        [-0.9957248 , -0.99941083, -0.9957248 , ...,  0.        ,
         -0.02417274, -0.11633603],
        [-0.99766667, -0.99828915, -0.99766667, ...,  0.02417274,
          0.        , -0.09229343],
        [-0.99970964, -0.98863189, -0.99970964, ...,  0.11633603,
          0.09229343,  0.        ]],

       ...,

       [[ 0.        , -0.06953001,  0.38078198, ...,  0.21370648,
          0.31900129, -0.44780237],
        [ 0.06953001,  0.        ,  0.44415239, ...,  0.281113  ,
          0.38412663, -0.38454958],
        [-0.38078198, -0.44415239,  0.        , ..., -0.17437826,
         -0.06591847, -0.75453668],
        ...,
        [-0.21370648, -0.281113  ,  0.17437826, ...,  0.        ,
          0.10909047, -0.62853913],
        [-0.31900129, -0.38412663,  0.06591847, ..., -0.10909047,
          0.        , -0.70963606],
        [ 0.44780237,  0.38454958,  0.75453668, ...,  0.62853913,
          0.70963606,  0.        ]],

       [[ 0.        ,  0.        , -0.37847887, ...,  0.9988015 ,
          0.99955121,  0.98493853],
        [ 0.        ,  0.        , -0.37847887, ...,  0.9988015 ,
          0.99955121,  0.98493853],
        [ 0.37847887,  0.37847887,  0.        , ...,  0.90597613,
          0.91385671,  0.97710972],
        ...,
        [-0.9988015 , -0.9988015 , -0.90597613, ...,  0.        ,
         -0.01900216, -0.22090494],
        [-0.99955121, -0.99955121, -0.91385671, ...,  0.01900216,
          0.        , -0.20233234],
        [-0.98493853, -0.98493853, -0.97710972, ...,  0.22090494,
          0.20233234,  0.        ]],

       [[ 0.        ,  0.        ,  0.02554586, ...,  0.98202661,
          0.97974452,  0.98939829],
        [ 0.        ,  0.        ,  0.02554586, ...,  0.98202661,
          0.97974452,  0.98939829],
        [-0.02554586, -0.02554586,  0.        , ...,  0.97688454,
          0.97430918,  0.98536544],
        ...,
        [-0.98202661, -0.98202661, -0.97688454, ...,  0.        ,
         -0.01173291,  0.04412425],
        [-0.97974452, -0.97974452, -0.97430918, ...,  0.01173291,
          0.        ,  0.0558427 ],
        [-0.98939829, -0.98939829, -0.98536544, ..., -0.04412425,
         -0.0558427 ,  0.        ]]]), 'num': array([ 7.07092513e-01,  7.07092513e-01,  0.00000000e+00,  2.17691761e-03,
        2.20705598e-03,  2.17228093e-03,  1.00648244e-03, -2.31833611e-05,
        2.21354732e-03,  2.23800576e-03,  2.25299767e-03,  8.51918691e-07,
        2.31054079e-03,  2.16547074e-03])}
{'img': array([[[ 0.        , -0.25953869,  0.16745736, ...,  0.59462933,
          0.3444488 ,  0.19858589],
        [ 0.25953869,  0.        ,  0.41759288, ...,  0.78292209,
          0.57630172,  0.44615047],
        [-0.16745736, -0.41759288,  0.        , ...,  0.45159704,
          0.18237512,  0.03165953],
        ...,
        [-0.59462933, -0.78292209, -0.45159704, ...,  0.        ,
         -0.28130422, -0.42312334],
        [-0.3444488 , -0.57630172, -0.18237512, ...,  0.28130422,
          0.        , -0.15115513],
        [-0.19858589, -0.44615047, -0.03165953, ...,  0.42312334,
          0.15115513,  0.        ]],

       [[ 0.        , -0.15122771, -0.0373905 , ..., -0.41545691,
         -0.08948179, -0.36004609],
        [ 0.15122771,  0.        ,  0.1141615 , ..., -0.27312005,
          0.0621684 , -0.21481963],
        [ 0.0373905 , -0.1141615 ,  0.        , ..., -0.38115552,
         -0.05217872, -0.32491144],
        ...,
        [ 0.41545691,  0.27312005,  0.38115552, ...,  0.        ,
          0.3323965 ,  0.06009153],
        [ 0.08948179, -0.0621684 ,  0.05217872, ..., -0.3323965 ,
          0.        , -0.2751211 ],
        [ 0.36004609,  0.21481963,  0.32491144, ..., -0.06009153,
          0.2751211 ,  0.        ]],

       [[ 0.        , -0.12649009,  0.32804007, ...,  0.99828915,
          0.98863189,  0.96540507],
        [ 0.12649009,  0.        ,  0.44489582, ...,  0.99766667,
          0.99970964,  0.99063371],
        [-0.32804007, -0.44489582,  0.        , ...,  0.92386705,
          0.88460191,  0.82644521],
        ...,
        [-0.99828915, -0.99766667, -0.92386705, ...,  0.        ,
         -0.09229343, -0.2038612 ],
        [-0.98863189, -0.99970964, -0.88460191, ...,  0.09229343,
          0.        , -0.11263585],
        [-0.96540507, -0.99063371, -0.82644521, ...,  0.2038612 ,
          0.11263585,  0.        ]],

       ...,

       [[ 0.        ,  0.44415239,  0.37828095, ...,  0.38412663,
         -0.38454958, -0.95734884],
        [-0.44415239,  0.        , -0.07222651, ..., -0.06591847,
         -0.75453668, -0.98606888],
        [-0.37828095,  0.07222651,  0.        , ...,  0.00632311,
         -0.70516681, -0.9955075 ],
        ...,
        [-0.38412663,  0.06591847, -0.00632311, ...,  0.        ,
         -0.70963606, -0.99488891],
        [ 0.38454958,  0.75453668,  0.70516681, ...,  0.70963606,
          0.        , -0.7726232 ],
        [ 0.95734884,  0.98606888,  0.9955075 , ...,  0.99488891,
          0.7726232 ,  0.        ]],

       [[ 0.        , -0.37847887, -0.05075979, ...,  0.99955121,
          0.98493853,  0.96808319],
        [ 0.37847887,  0.        ,  0.3310072 , ...,  0.91385671,
          0.97710972,  0.99092523],
        [ 0.05075979, -0.3310072 ,  0.        , ...,  0.99674211,
          0.99244545,  0.97955711],
        ...,
        [-0.99955121, -0.91385671, -0.99674211, ...,  0.        ,
         -0.20233234, -0.27951676],
        [-0.98493853, -0.97710972, -0.99244545, ...,  0.20233234,
          0.        , -0.07946795],
        [-0.96808319, -0.99092523, -0.97955711, ...,  0.27951676,
          0.07946795,  0.        ]],

       [[ 0.        ,  0.02554586,  0.07592868, ...,  0.97974452,
          0.98939829,  0.97740998],
        [-0.02554586,  0.        ,  0.05043179, ...,  0.97430918,
          0.98536544,  0.97169183],
        [-0.07592868, -0.05043179,  0.        , ...,  0.96171141,
          0.97551521,  0.95854075],
        ...,
        [-0.97974452, -0.97430918, -0.96171141, ...,  0.        ,
          0.0558427 , -0.01134325],
        [-0.98939829, -0.98536544, -0.97551521, ..., -0.0558427 ,
          0.        , -0.06716466],
        [-0.97740998, -0.97169183, -0.95854075, ...,  0.01134325,
          0.06716466,  0.        ]]]), 'num': array([7.07092716e-01, 7.07092716e-01, 0.00000000e+00, 2.18387324e-03,
       2.21401162e-03, 2.16996322e-03, 6.88592389e-04, 6.95501032e-06,
       2.20520194e-03, 2.23418115e-03, 2.25357790e-03, 1.05229471e-06,
       2.30960516e-03, 2.15875713e-03])}
{'img': array([[[ 0.        ,  0.41759288,  0.53933624, ...,  0.57630172,
          0.44615047,  0.48732915],
        [-0.41759288,  0.        ,  0.13840838, ...,  0.18237512,
          0.03165953,  0.07815419],
        [-0.53933624, -0.13840838,  0.        , ...,  0.04453267,
         -0.10698419, -0.06058306],
        ...,
        [-0.57630172, -0.18237512, -0.04453267, ...,  0.        ,
         -0.15115513, -0.10497382],
        [-0.44615047, -0.03165953,  0.10698419, ...,  0.15115513,
          0.        ,  0.04655232],
        [-0.48732915, -0.07815419,  0.06058306, ...,  0.10497382,
         -0.04655232,  0.        ]],

       [[ 0.        ,  0.1141615 , -0.27196487, ...,  0.0621684 ,
         -0.21481963, -0.57046982],
        [-0.1141615 ,  0.        , -0.38004525, ..., -0.05217872,
         -0.32491144, -0.66050316],
        [ 0.27196487,  0.38004525,  0.        , ...,  0.3312639 ,
          0.05889303, -0.3255974 ],
        ...,
        [-0.0621684 ,  0.05217872, -0.3312639 , ...,  0.        ,
         -0.2751211 , -0.62042641],
        [ 0.21481963,  0.32491144, -0.05889303, ...,  0.2751211 ,
          0.        , -0.38071613],
        [ 0.57046982,  0.66050316,  0.3255974 , ...,  0.62042641,
          0.38071613,  0.        ]],

       [[ 0.        ,  0.44489582,  0.73809318, ...,  0.99970964,
          0.99063371,  0.97795082],
        [-0.44489582,  0.        ,  0.36085253, ...,  0.88460191,
          0.82644521,  0.7829255 ],
        [-0.73809318, -0.36085253,  0.        , ...,  0.65671751,
          0.56759556,  0.5056823 ],
        ...,
        [-0.99970964, -0.88460191, -0.65671751, ...,  0.        ,
         -0.11263585, -0.18520962],
        [-0.99063371, -0.82644521, -0.56759556, ...,  0.11263585,
          0.        , -0.07334388],
        [-0.97795082, -0.7829255 , -0.5056823 , ...,  0.18520962,
          0.07334388,  0.        ]],

       ...,

       [[ 0.        , -0.07222651, -0.38135114, ..., -0.75453668,
         -0.98606888, -0.7270701 ],
        [ 0.07222651,  0.        , -0.31358679, ..., -0.70516681,
         -0.9955075 , -0.67558311],
        [ 0.38135114,  0.31358679,  0.        , ..., -0.44725185,
         -0.9749849 , -0.41030392],
        ...,
        [ 0.75453668,  0.70516681,  0.44725185, ...,  0.        ,
         -0.7726232 ,  0.04089167],
        [ 0.98606888,  0.9955075 ,  0.9749849 , ...,  0.7726232 ,
          0.        ,  0.79793765],
        [ 0.7270701 ,  0.67558311,  0.41030392, ..., -0.04089167,
         -0.79793765,  0.        ]],

       [[ 0.        ,  0.3310072 ,  0.49132604, ...,  0.97710972,
          0.99092523,  0.99208507],
        [-0.3310072 ,  0.        ,  0.17532988, ...,  0.99244545,
          0.97955711,  0.97772324],
        [-0.49132604, -0.17532988,  0.        , ...,  0.95556157,
          0.92911305,  0.92577662],
        ...,
        [-0.97710972, -0.99244545, -0.95556157, ...,  0.        ,
         -0.07946795, -0.08835892],
        [-0.99092523, -0.97955711, -0.92911305, ...,  0.07946795,
          0.        , -0.00892235],
        [-0.99208507, -0.97772324, -0.92577662, ...,  0.08835892,
          0.00892235,  0.        ]],

       [[ 0.        ,  0.05043179,  0.00663787, ...,  0.98536544,
          0.97169183,  0.9497877 ],
        [-0.05043179,  0.        , -0.04380125, ...,  0.97551521,
          0.95854075,  0.93279925],
        [-0.00663787,  0.04380125,  0.        , ...,  0.98421227,
          0.97010221,  0.94768982],
        ...,
        [-0.98536544, -0.97551521, -0.98421227, ...,  0.        ,
         -0.06716466, -0.1464198 ],
        [-0.97169183, -0.95854075, -0.97010221, ...,  0.06716466,
          0.        , -0.07964838],
        [-0.9497877 , -0.93279925, -0.94768982, ...,  0.1464198 ,
          0.07964838,  0.        ]]]), 'num': array([8.13361537e-01, 5.81713778e-01, 2.45129904e-06, 2.51791042e-03,
       2.53656161e-03, 2.49925924e-03, 4.61616911e-04, 7.99336643e-06,
       2.52803536e-03, 2.56480484e-03, 2.59140499e-03, 1.02315090e-06,
       2.65402870e-03, 2.47558098e-03])}
{'img': array([[[ 0.        ,  0.13840838,  0.69271409, ...,  0.03165953,
          0.07815419,  0.1235238 ],
        [-0.13840838,  0.        ,  0.58622505, ..., -0.10698419,
         -0.06058306, -0.01501349],
        [-0.69271409, -0.58622505,  0.        , ..., -0.6695336 ,
         -0.63422951, -0.59832213],
        ...,
        [-0.03165953,  0.10698419,  0.6695336 , ...,  0.        ,
          0.04655232,  0.09204481],
        [-0.07815419,  0.06058306,  0.63422951, ..., -0.04655232,
          0.        ,  0.04559032],
        [-0.1235238 ,  0.01501349,  0.59832213, ..., -0.09204481,
         -0.04559032,  0.        ]],

       [[ 0.        , -0.33199905,  0.97538529, ..., -0.2856831 ,
         -0.5479627 , -0.92692177],
        [ 0.33199905,  0.        ,  0.99326943, ...,  0.04868363,
         -0.23916398, -0.74976233],
        [-0.97538529, -0.99326943,  0.        , ..., -0.99773053,
         -0.93674235, -0.570411  ],
        ...,
        [ 0.2856831 , -0.04868363,  0.99773053, ...,  0.        ,
         -0.28615118, -0.7810876 ],
        [ 0.5479627 ,  0.23916398,  0.93674235, ...,  0.28615118,
          0.        , -0.56974708],
        [ 0.92692177,  0.74976233,  0.570411  , ...,  0.7810876 ,
          0.56974708,  0.        ]],

       [[ 0.        ,  0.64170788,  0.89131233, ...,  0.9799685 ,
          0.96132293,  0.94527621],
        [-0.64170788,  0.        ,  0.39264741, ...,  0.62378826,
          0.56054423,  0.515608  ],
        [-0.89131233, -0.39264741,  0.        , ...,  0.26680064,
          0.19036547,  0.13776909],
        ...,
        [-0.9799685 , -0.62378826, -0.26680064, ...,  0.        ,
         -0.07845667, -0.13148133],
        [-0.96132293, -0.56054423, -0.19036547, ...,  0.07845667,
          0.        , -0.05330047],
        [-0.94527621, -0.515608  , -0.13776909, ...,  0.13148133,
          0.05330047,  0.        ]],

       ...,

       [[ 0.        , -0.31358679,  0.97938076, ..., -0.9955075 ,
         -0.67558311, -0.97064392],
        [ 0.31358679,  0.        ,  0.99333212, ..., -0.9749849 ,
         -0.41030392, -0.84625997],
        [-0.97938076, -0.99333212,  0.        , ..., -0.10838502,
         -0.85856498, -0.43165416],
        ...,
        [ 0.9955075 ,  0.9749849 ,  0.10838502, ...,  0.        ,
          0.79793765,  0.33134374],
        [ 0.67558311,  0.41030392,  0.85856498, ..., -0.79793765,
          0.        , -0.55314811],
        [ 0.97064392,  0.84625997,  0.43165416, ..., -0.33134374,
          0.55314811,  0.        ]],

       [[ 0.        ,  0.3793815 ,  0.81000439, ...,  0.99400778,
          0.99496671,  0.99529476],
        [-0.3793815 ,  0.        ,  0.52697039, ...,  0.96116604,
          0.95859965,  0.95764644],
        [-0.81000439, -0.52697039,  0.        , ...,  0.67145089,
          0.66463951,  0.66214867],
        ...,
        [-0.99400778, -0.96116604, -0.67145089, ...,  0.        ,
         -0.00915358, -0.01248219],
        [-0.99496671, -0.95859965, -0.66463951, ...,  0.00915358,
          0.        , -0.00332879],
        [-0.99529476, -0.95764644, -0.66214867, ...,  0.01248219,
          0.00332879,  0.        ]],

       [[ 0.        , -0.04380125, -0.39713995, ...,  0.95854075,
          0.93279925,  0.9118282 ],
        [ 0.04380125,  0.        , -0.35655985, ...,  0.97010221,
          0.94768982,  0.92893665],
        [ 0.39713995,  0.35655985,  0.        , ...,  0.99287571,
          0.99921184,  0.99989221],
        ...,
        [-0.95854075, -0.97010221, -0.99287571, ...,  0.        ,
         -0.07964838, -0.13371951],
        [-0.93279925, -0.94768982, -0.99921184, ...,  0.07964838,
          0.        , -0.05436162],
        [-0.9118282 , -0.92893665, -0.99989221, ...,  0.13371951,
          0.05436162,  0.        ]]]), 'num': array([9.21756779e-01, 3.87682635e-01, 5.56907345e-06, 2.87136637e-03,
       2.87436049e-03, 2.82046623e-03, 7.93173789e-04, 4.19177572e-05,
       2.83483803e-03, 2.88573817e-03, 2.91313442e-03, 1.38534165e-06,
       2.97878950e-03, 2.79268684e-03])}
{'img': array([[[ 0.        ,  0.58622505,  0.56261101, ..., -0.06058306,
         -0.01501349,  0.18782209],
        [-0.58622505,  0.        , -0.02884668, ..., -0.63422951,
         -0.59832213, -0.42362831],
        [-0.56261101,  0.02884668,  0.        , ..., -0.61166291,
         -0.57495957, -0.39732165],
        ...,
        [ 0.06058306,  0.63422951,  0.61166291, ...,  0.        ,
          0.04559032,  0.24698196],
        [ 0.01501349,  0.59832213,  0.57495957, ..., -0.04559032,
          0.        ,  0.20254722],
        [-0.18782209,  0.42362831,  0.39732165, ..., -0.24698196,
         -0.20254722,  0.        ]],

       [[ 0.        ,  0.99326943,  0.19269165, ..., -0.23916398,
         -0.74976233, -0.32230092],
        [-0.99326943,  0.        , -0.99697378, ..., -0.93674235,
         -0.570411  , -0.90293478],
        [-0.19269165,  0.99697378,  0.        , ..., -0.42178147,
         -0.86321675, -0.49866989],
        ...,
        [ 0.23916398,  0.93674235,  0.42178147, ...,  0.        ,
         -0.56974708, -0.08654594],
        [ 0.74976233,  0.570411  ,  0.86321675, ...,  0.56974708,
          0.        ,  0.49648411],
        [ 0.32230092,  0.90293478,  0.49866989, ...,  0.08654594,
         -0.49648411,  0.        ]],

       [[ 0.        ,  0.76411172,  0.93580504, ...,  0.89620257,
          0.86533203,  0.83571679],
        [-0.76411172,  0.        ,  0.33430967, ...,  0.23913147,
          0.17523973,  0.11948737],
        [-0.93580504, -0.33430967,  0.        , ..., -0.09923778,
         -0.16397948, -0.21930212],
        ...,
        [-0.89620257, -0.23913147,  0.09923778, ...,  0.        ,
         -0.06527557, -0.12139756],
        [-0.86533203, -0.17523973,  0.16397948, ...,  0.06527557,
          0.        , -0.05634586],
        [-0.83571679, -0.11948737,  0.21930212, ...,  0.12139756,
          0.05634586,  0.        ]],

       ...,

       [[ 0.        ,  0.99333212,  0.84121196, ..., -0.41030392,
         -0.84625997, -0.3585367 ],
        [-0.99333212,  0.        , -0.63408173, ..., -0.85856498,
         -0.43165416, -0.8859561 ],
        [-0.84121196,  0.63408173,  0.        , ..., -0.98899586,
         -0.90575006, -0.97914728],
        ...,
        [ 0.41030392,  0.85856498,  0.98899586, ...,  0.        ,
         -0.55314811,  0.056058  ],
        [ 0.84625997,  0.43165416,  0.90575006, ...,  0.55314811,
          0.        ,  0.59897925],
        [ 0.3585367 ,  0.8859561 ,  0.97914728, ..., -0.056058  ,
         -0.59897925,  0.        ]],

       [[ 0.        ,  0.76161755,  0.93361314, ...,  0.99786791,
          0.99808703,  0.99943802],
        [-0.76161755,  0.        ,  0.3321319 , ...,  0.69635274,
          0.69387383,  0.67319256],
        [-0.93361314, -0.3321319 ,  0.        , ...,  0.41845188,
          0.41531762,  0.38937675],
        ...,
        [-0.99786791, -0.69635274, -0.41845188, ...,  0.        ,
         -0.00344819, -0.03177993],
        [-0.99808703, -0.69387383, -0.41531762, ...,  0.00344819,
          0.        , -0.02833329],
        [-0.99943802, -0.67319256, -0.38937675, ...,  0.03177993,
          0.02833329,  0.        ]],

       [[ 0.        , -0.35655985, -0.58945532, ...,  0.94768982,
          0.92893665,  0.96035134],
        [ 0.35655985,  0.        , -0.26268249, ...,  0.99921184,
          0.99989221,  0.99663607],
        [ 0.58945532,  0.26268249,  0.        , ...,  0.95369462,
          0.96863511,  0.94010852],
        ...,
        [-0.94768982, -0.99921184, -0.95369462, ...,  0.        ,
         -0.05436162,  0.04232829],
        [-0.92893665, -0.99989221, -0.96863511, ...,  0.05436162,
          0.        ,  0.09657859],
        [-0.96035134, -0.99663607, -0.94010852, ..., -0.04232829,
         -0.09657859,  0.        ]]]), 'num': array([ 9.21252032e-01,  3.88880065e-01,  5.58627458e-06,  2.86221488e-03,
        2.89224861e-03,  2.85020138e-03,  6.90535619e-04, -1.80202406e-05,
        2.84599666e-03,  2.89675367e-03,  2.92248257e-03,  1.24199653e-06,
        2.98504468e-03,  2.80846267e-03])}
{'img': array([[[ 0.        , -0.02884668, -0.30571518, ..., -0.59832213,
         -0.42362831, -0.49986051],
        [ 0.02884668,  0.        , -0.27812237, ..., -0.57495957,
         -0.39732165, -0.47466822],
        [ 0.30571518,  0.27812237,  0.        , ..., -0.32472026,
         -0.12641841, -0.21114697],
        ...,
        [ 0.59832213,  0.57495957,  0.32472026, ...,  0.        ,
          0.20254722,  0.11769428],
        [ 0.42362831,  0.39732165,  0.12641841, ..., -0.20254722,
          0.        , -0.08588472],
        [ 0.49986051,  0.47466822,  0.21114697, ..., -0.11769428,
          0.08588472,  0.        ]],

       [[ 0.        , -0.99697378, -0.99883702, ..., -0.570411  ,
         -0.90293478, -0.84881543],
        [ 0.99697378,  0.        , -0.12571647, ..., -0.86321675,
         -0.49866989, -0.59307509],
        [ 0.99883702,  0.12571647,  0.        , ..., -0.79290229,
         -0.38574352, -0.4871495 ],
        ...,
        [ 0.570411  ,  0.86321675,  0.79290229, ...,  0.        ,
          0.49648411,  0.39561236],
        [ 0.90293478,  0.49866989,  0.38574352, ..., -0.49648411,
          0.        , -0.11257009],
        [ 0.84881543,  0.59307509,  0.4871495 , ..., -0.39561236,
          0.11257009,  0.        ]],

       [[ 0.        ,  0.39945995,  0.6502025 , ...,  0.21746552,
          0.15059675,  0.17791439],
        [-0.39945995,  0.        ,  0.2925795 , ..., -0.19053841,
         -0.25684455, -0.22998382],
        [-0.6502025 , -0.2925795 ,  0.        , ..., -0.46942005,
         -0.5283696 , -0.50465674],
        ...,
        [-0.21746552,  0.19053841,  0.46942005, ...,  0.        ,
         -0.06799272, -0.04033952],
        [-0.15059675,  0.25684455,  0.5283696 , ...,  0.06799272,
          0.        ,  0.02769121],
        [-0.17791439,  0.22998382,  0.50465674, ...,  0.04033952,
         -0.02769121,  0.        ]],

       ...,

       [[ 0.        , -0.63408173, -0.863948  , ..., -0.43165416,
         -0.8859561 , -0.67530234],
        [ 0.63408173,  0.        , -0.34875011, ..., -0.90575006,
         -0.97914728, -0.98984964],
        [ 0.863948  ,  0.34875011,  0.        , ..., -0.99668779,
         -0.84682308, -0.97726654],
        ...,
        [ 0.43165416,  0.90575006,  0.99668779, ...,  0.        ,
          0.59897925,  0.29078652],
        [ 0.8859561 ,  0.97914728,  0.84682308, ..., -0.59897925,
          0.        , -0.3402446 ],
        [ 0.67530234,  0.98984964,  0.97726654, ..., -0.29078652,
          0.3402446 ,  0.        ]],

       [[ 0.        ,  0.76132148,  0.87394508, ...,  0.9903563 ,
          0.98494066,  0.97964029],
        [-0.76132148,  0.        ,  0.19662274, ...,  0.53664544,
          0.50698356,  0.48233035],
        [-0.87394508, -0.19662274,  0.        , ...,  0.36025788,
          0.32760674,  0.30067544],
        ...,
        [-0.9903563 , -0.53664544, -0.36025788, ...,  0.        ,
         -0.0347679 , -0.06310158],
        [-0.98494066, -0.50698356, -0.32760674, ...,  0.0347679 ,
          0.        , -0.02836482],
        [-0.97964029, -0.48233035, -0.30067544, ...,  0.06310158,
          0.02836482,  0.        ]],

       [[ 0.        , -0.26268249, -0.45557373, ...,  0.99989221,
          0.99663607,  0.98890279],
        [ 0.26268249,  0.        , -0.2057356 , ...,  0.96863511,
          0.94010852,  0.91514965],
        [ 0.45557373,  0.2057356 ,  0.        , ...,  0.89679098,
          0.84986718,  0.81263746],
        ...,
        [-0.99989221, -0.96863511, -0.89679098, ...,  0.        ,
          0.09657859,  0.16306743],
        [-0.99663607, -0.94010852, -0.84986718, ..., -0.09657859,
          0.        ,  0.06701927],
        [-0.98890279, -0.91514965, -0.81263746, ..., -0.16306743,
         -0.06701927,  0.        ]]]), 'num': array([ 9.20056206e-01,  3.91700545e-01,  5.62679085e-06,  2.84062183e-03,
        2.91322559e-03,  2.83759668e-03,  5.48158335e-04, -4.23521892e-05,
        2.86663818e-03,  2.91352810e-03,  2.94110744e-03,  7.80685515e-07,
        3.00847947e-03,  2.81857674e-03])}
{'img': array([[[ 0.        , -0.27812237, -0.63583503, ..., -0.39732165,
         -0.47466822, -0.64782818],
        [ 0.27812237,  0.        , -0.39608678, ..., -0.12641841,
         -0.21114697, -0.41039868],
        [ 0.63583503,  0.39608678,  0.        , ...,  0.27682994,
          0.19327883, -0.01563944],
        ...,
        [ 0.39732165,  0.12641841, -0.27682994, ...,  0.        ,
         -0.08588472, -0.29182432],
        [ 0.47466822,  0.21114697, -0.19327883, ...,  0.08588472,
          0.        , -0.20859974],
        [ 0.64782818,  0.41039868,  0.01563944, ...,  0.29182432,
          0.20859974,  0.        ]],

       [[ 0.        , -0.12571647,  0.86321675, ..., -0.49866989,
         -0.59307509, -0.77717819],
        [ 0.12571647,  0.        ,  0.79290229, ..., -0.38574352,
         -0.4871495 , -0.69190129],
        [-0.86321675, -0.79290229,  0.        , ..., -0.49648411,
         -0.39561236, -0.15085998],
        ...,
        [ 0.49866989,  0.38574352,  0.49648411, ...,  0.        ,
         -0.11257009, -0.35984855],
        [ 0.59307509,  0.4871495 ,  0.39561236, ...,  0.11257009,
          0.        , -0.25253217],
        [ 0.77717819,  0.69190129,  0.15085998, ...,  0.35984855,
          0.25253217,  0.        ]],

       [[ 0.        ,  0.2925795 ,  0.30763555, ..., -0.25684455,
         -0.22998382, -0.22998382],
        [-0.2925795 ,  0.        ,  0.01578315, ..., -0.5283696 ,
         -0.50465674, -0.50465674],
        [-0.30763555, -0.01578315,  0.        , ..., -0.5417039 ,
         -0.5182198 , -0.5182198 ],
        ...,
        [ 0.25684455,  0.5283696 ,  0.5417039 , ...,  0.        ,
          0.02769121,  0.02769121],
        [ 0.22998382,  0.50465674,  0.5182198 , ..., -0.02769121,
          0.        ,  0.        ],
        [ 0.22998382,  0.50465674,  0.5182198 , ..., -0.02769121,
          0.        ,  0.        ]],

       ...,

       [[ 0.        , -0.63432874, -0.95474249, ..., -0.99916121,
         -0.96248768, -0.        ],
        [ 0.63432874,  0.        , -0.54940579, ..., -0.79839057,
         -0.91617351, -0.63432874],
        [ 0.95474249,  0.54940579,  0.        , ..., -0.33628061,
         -0.5453221 , -0.95474249],
        ...,
        [ 0.99916121,  0.79839057,  0.33628061, ...,  0.        ,
         -0.2316842 , -0.99916121],
        [ 0.96248768,  0.91617351,  0.5453221 , ...,  0.2316842 ,
          0.        , -0.96248768],
        [ 0.        ,  0.63432874,  0.95474249, ...,  0.99916121,
          0.96248768,  0.        ]],

       [[ 0.        ,  0.59595451,  0.47821914, ...,  0.90608765,
          0.88951661,  0.89967461],
        [-0.59595451,  0.        , -0.13937274, ...,  0.47546247,
          0.44200471,  0.46228452],
        [-0.47821914,  0.13937274,  0.        , ...,  0.59343317,
          0.56270987,  0.58135884],
        ...,
        [-0.90608765, -0.47546247, -0.59343317, ...,  0.        ,
         -0.03764843, -0.01491929],
        [-0.88951661, -0.44200471, -0.56270987, ...,  0.03764843,
          0.        ,  0.02273552],
