state_0,state_1,state_2,state_3,state_4,state_5,state_6,state_7,state_8,state_9,state_10,state_11,state_12,state_13,state_14,state_15,state_16,state_17,state_18,state_19,state_20,state_21,state_22,state_23,state_24,state_25,state_26,state_27,state_28,state_29,state_30,state_31,state_32,state_33,state_34,state_35,state_36,state_37,state_38,state_39,state_40,state_41,state_42,state_43,state_44,state_45,state_46,state_47,state_48,state_49,state_50,state_51,state_52,state_53,state_54,state_55,state_56,state_57,state_58,state_59,state_60,state_61,state_62,state_63,state_64,state_65,state_66,state_67,state_68,state_69,state_70,state_71,state_72,state_73,state_74,state_75,state_76,state_77,state_78,state_79,state_80,state_81,state_82,state_83,state_84,state_85,state_86,state_87,state_88,state_89,state_90,state_91,state_92,state_93,state_94,state_95,state_96,state_97,state_98,state_99,state_100,state_101,state_102,state_103,state_104,state_105,state_106,state_107,state_108,state_109,state_110,state_111,state_112,state_113,state_114,state_115,state_116,state_117,state_118,state_119,state_120,state_121,state_122,state_123,state_124,state_125,state_126,state_127,state_128,state_129,state_130,state_131,state_132,state_133,state_134,state_135,state_136,state_137,state_138,state_139,state_140,state_141,state_142,state_143,state_144,state_145,state_146,state_147,state_148,state_149,state_150,state_151,state_152,state_153,state_154,state_155,state_156,state_157,state_158,state_159,state_160,state_161,state_162,state_163,state_164,state_165,state_166,state_167,state_168,state_169,state_170,state_171,state_172,state_173,state_174,state_175,state_176,state_177,state_178,state_179,state_180,state_181,state_182,state_183,state_184,state_185,state_186,state_187,state_188,state_189,state_190,state_191,state_192,state_193,state_194,state_195,state_196,state_197,state_198,state_199,state_200,state_201,state_202,state_203,state_204,state_205,state_206,state_207,state_208,state_209,state_210,state_211,state_212,state_213,state_214,state_215,state_216,state_217,state_218,state_219,state_220,state_221,state_222,state_223,state_224,state_225,state_226,state_227,state_228,state_229,state_230,state_231,state_232,state_233,state_234,state_235,state_236,state_237,state_238,state_239,state_240,state_241,state_242,state_243,state_244,state_245,state_246,state_247,state_248,state_249,state_250,state_251,state_252,state_253,state_254,state_255,state_256,state_257,state_258,state_259,state_260,state_261,state_262,state_263,state_264,state_265,state_266,state_267,state_268,state_269,state_270,state_271,state_272,state_273,state_274,state_275,state_276,state_277,state_278,state_279,state_280,state_281,state_282,state_283,state_284,state_285,state_286,state_287
{'img': array([[[ 0.        ,  0.        , -0.48412292, ..., -0.53673638,
         -0.        , -0.24803919],
        [ 0.        ,  0.        , -0.48412292, ..., -0.53673638,
         -0.        , -0.24803919],
        [ 0.48412292,  0.48412292,  0.        , ..., -0.87812304,
         -0.48412292, -0.68602836],
        ...,
        [ 0.53673638,  0.53673638,  0.87812304, ...,  0.        ,
         -0.53673638, -0.3106803 ],
        [ 0.        ,  0.        ,  0.48412292, ...,  0.53673638,
          0.        ,  0.24803919],
        [ 0.24803919,  0.24803919,  0.68602836, ...,  0.3106803 ,
         -0.24803919,  0.        ]],

       [[ 0.        , -0.44957267,  0.1054806 , ...,  0.31571602,
          0.4053902 ,  0.13392593],
        [ 0.44957267,  0.        ,  0.54128455, ...,  0.70859007,
          0.77308631,  0.56515113],
        [-0.1054806 , -0.54128455,  0.        , ...,  0.21386909,
          0.30670424,  0.02864845],
        ...,
        [-0.31571602, -0.70859007, -0.21386909, ...,  0.        ,
          0.09604618, -0.18579572],
        [-0.4053902 , -0.77308631, -0.30670424, ..., -0.09604618,
          0.        , -0.27931063],
        [-0.13392593, -0.56515113, -0.02864845, ...,  0.18579572,
          0.27931063,  0.        ]],

       [[ 0.        ,  0.09925953,  0.3311375 , ..., -0.83391498,
         -0.68043238, -0.3311375 ],
        [-0.09925953,  0.        ,  0.23584265, ..., -0.77501613,
         -0.60433366, -0.23584265],
        [-0.3311375 , -0.23584265,  0.        , ..., -0.60411515,
         -0.39938293, -0.        ],
        ...,
        [ 0.83391498,  0.77501613,  0.60411515, ...,  0.        ,
         -0.23557615, -0.60411515],
        [ 0.68043238,  0.60433366,  0.39938293, ...,  0.23557615,
          0.        , -0.39938293],
        [ 0.3311375 ,  0.23584265,  0.        , ...,  0.60411515,
          0.39938293,  0.        ]],

       ...,

       [[ 0.        , -0.24590123, -0.21015908, ..., -0.83957005,
         -0.92330797, -0.74347997],
        [ 0.24590123,  0.        ,  0.03670345, ..., -0.68020476,
         -0.80051678, -0.55620287],
        [ 0.21015908, -0.03670345,  0.        , ..., -0.70665088,
         -0.82197415, -0.58633037],
        ...,
        [ 0.83957005,  0.68020476,  0.70665088, ...,  0.        ,
         -0.17914279,  0.1575728 ],
        [ 0.92330797,  0.80051678,  0.82197415, ...,  0.17914279,
          0.        ,  0.33192858],
        [ 0.74347997,  0.55620287,  0.58633037, ..., -0.1575728 ,
         -0.33192858,  0.        ]],

       [[ 0.        , -0.09070277, -0.10577831, ..., -0.85513955,
         -0.89994603, -0.90568986],
        [ 0.09070277,  0.        , -0.0151484 , ..., -0.89863479,
         -0.93578299, -0.94040923],
        [ 0.10577831,  0.0151484 ,  0.        , ..., -0.90517724,
         -0.94101658, -0.94545245],
        ...,
        [ 0.85513955,  0.89863479,  0.90517724, ...,  0.        ,
          0.09368815,  0.10697907],
        [ 0.89994603,  0.93578299,  0.94101658, ..., -0.09368815,
          0.        ,  0.01335804],
        [ 0.90568986,  0.94040923,  0.94545245, ..., -0.10697907,
         -0.01335804,  0.        ]],

       [[ 0.        ,  0.03175881, -0.15343849, ..., -0.68509507,
         -0.47915101, -0.03175881],
        [-0.03175881,  0.        , -0.18474382, ..., -0.66161466,
         -0.45103357, -0.        ],
        [ 0.15343849,  0.18474382,  0.        , ..., -0.78875515,
         -0.60815495, -0.18474382],
        ...,
        [ 0.68509507,  0.66161466,  0.78875515, ...,  0.        ,
         -0.25229089, -0.66161466],
        [ 0.47915101,  0.45103357,  0.60815495, ...,  0.25229089,
          0.        , -0.45103357],
        [ 0.03175881,  0.        ,  0.18474382, ...,  0.66161466,
          0.45103357,  0.        ]]]), 'num': array([9.99304482e-01, 1.95280971e-03, 1.06327470e-05, 1.43710616e-03,
       1.44783083e-03, 1.41106052e-03, 3.69945903e-02, 2.75777301e-05,
       1.43097777e-03, 1.54695745e-03, 1.64493499e-03, 3.58312801e-07,
       1.70903005e-03, 1.38488485e-03])}
{'img': array([[[ 0.        , -0.48412292, -0.69526861, ..., -0.        ,
         -0.24803919, -0.51656165],
        [ 0.48412292,  0.        , -0.26039668, ..., -0.48412292,
         -0.68602836, -0.86652169],
        [ 0.69526861,  0.26039668,  0.        , ..., -0.69526861,
         -0.85181963, -0.96660243],
        ...,
        [ 0.        ,  0.48412292,  0.69526861, ...,  0.        ,
          0.24803919,  0.51656165],
        [ 0.24803919,  0.68602836,  0.85181963, ..., -0.24803919,
          0.        ,  0.28803555],
        [ 0.51656165,  0.86652169,  0.96660243, ..., -0.51656165,
         -0.28803555,  0.        ]],

       [[ 0.        ,  0.54128455,  0.35226134, ...,  0.77308631,
          0.56515113,  0.44310972],
        [-0.54128455,  0.        , -0.21039388, ...,  0.30670424,
          0.02864845, -0.11265981],
        [-0.35226134,  0.21039388,  0.        , ...,  0.50009311,
          0.23831472,  0.09891632],
        ...,
        [-0.77308631, -0.30670424, -0.50009311, ...,  0.        ,
         -0.27931063, -0.4119818 ],
        [-0.56515113, -0.02864845, -0.23831472, ...,  0.27931063,
          0.        , -0.14107962],
        [-0.44310972,  0.11265981, -0.09891632, ...,  0.4119818 ,
          0.14107962,  0.        ]],

       [[ 0.        ,  0.23366011,  0.06921435, ..., -0.66592328,
         -0.48825228, -0.23366011],
        [-0.23366011,  0.        , -0.16580136, ..., -0.47317425,
         -0.27082088, -0.        ],
        [-0.06921435,  0.16580136,  0.        , ..., -0.61269096,
         -0.42667782, -0.16580136],
        ...,
        [ 0.66592328,  0.47317425,  0.61269096, ...,  0.        ,
         -0.21690685, -0.47317425],
        [ 0.48825228,  0.27082088,  0.42667782, ...,  0.21690685,
          0.        , -0.27082088],
        [ 0.23366011,  0.        ,  0.16580136, ...,  0.47317425,
          0.27082088,  0.        ]],

       ...,

       [[ 0.        ,  0.03670345, -0.06966646, ..., -0.80051678,
         -0.55620287, -0.74327108],
        [-0.03670345,  0.        , -0.10623379, ..., -0.82197415,
         -0.58633037, -0.76732452],
        [ 0.06966646,  0.10623379,  0.        , ..., -0.75681996,
         -0.49695541, -0.69485899],
        ...,
        [ 0.80051678,  0.82197415,  0.75681996, ...,  0.        ,
          0.33192858,  0.09008796],
        [ 0.55620287,  0.58633037,  0.49695541, ..., -0.33192858,
          0.        , -0.24559852],
        [ 0.74327108,  0.76732452,  0.69485899, ..., -0.09008796,
          0.24559852,  0.        ]],

       [[ 0.        , -0.0151484 ,  0.04949425, ..., -0.93578299,
         -0.94040923, -0.94207279],
        [ 0.0151484 ,  0.        ,  0.06461841, ..., -0.94101658,
         -0.94545245, -0.94704559],
        [-0.04949425, -0.06461841,  0.        , ..., -0.91718559,
         -0.9224264 , -0.9243174 ],
        ...,
        [ 0.93578299,  0.94101658,  0.91718559, ...,  0.        ,
          0.01335804,  0.01828317],
        [ 0.94040923,  0.94545245,  0.9224264 , ..., -0.01335804,
          0.        ,  0.00492573],
        [ 0.94207279,  0.94704559,  0.9243174 , ..., -0.01828317,
         -0.00492573,  0.        ]],

       [[ 0.        , -0.18168476, -0.32334305, ..., -0.55802231,
         -0.35790312, -0.        ],
        [ 0.18168476,  0.        , -0.14603662, ..., -0.69950177,
         -0.52159621, -0.18168476],
        [ 0.32334305,  0.14603662,  0.        , ..., -0.79636482,
         -0.64060161, -0.32334305],
        ...,
        [ 0.55802231,  0.69950177,  0.79636482, ...,  0.        ,
         -0.2240609 , -0.55802231],
        [ 0.35790312,  0.52159621,  0.64060161, ...,  0.2240609 ,
          0.        , -0.35790312],
        [ 0.        ,  0.18168476,  0.32334305, ...,  0.55802231,
          0.35790312,  0.        ]]]), 'num': array([9.98877848e-01, 1.84119803e-02, 9.96408402e-06, 1.01287796e-03,
       1.01390731e-03, 9.85085579e-04, 4.35388063e-02, 4.73499860e-05,
       9.66969063e-04, 1.03593535e-03, 1.10085286e-03, 3.83699435e-07,
       1.14366904e-03, 9.28201650e-04])}
{'img': array([[[ 0.        , -0.5527708 , -0.6       , ..., -0.25603819,
         -0.53212363, -0.84166502],
        [ 0.5527708 ,  0.        , -0.05778336, ..., -0.74771026,
         -0.91144897, -0.99988374],
        [ 0.6       ,  0.05778336,  0.        , ..., -0.78483055,
         -0.9336989 , -0.99733201],
        ...,
        [ 0.25603819,  0.74771026,  0.78483055, ...,  0.        ,
          0.29760717,  0.67534889],
        [ 0.53212363,  0.91144897,  0.9336989 , ..., -0.29760717,
          0.        ,  0.42526295],
        [ 0.84166502,  0.99988374,  0.99733201, ..., -0.67534889,
         -0.42526295,  0.        ]],

       [[ 0.        , -0.24757558, -0.246153  , ...,  0.03139747,
         -0.12735094,  0.25006289],
        [ 0.24757558,  0.        ,  0.00146801, ...,  0.27787354,
          0.12217343,  0.48198808],
        [ 0.246153  , -0.00146801,  0.        , ...,  0.27646305,
          0.12071628,  0.48070133],
        ...,
        [-0.03139747, -0.27787354, -0.27646305, ...,  0.        ,
         -0.15842998,  0.21953964],
        [ 0.12735094, -0.12217343, -0.12071628, ...,  0.15842998,
          0.        ,  0.37133176],
        [-0.25006289, -0.48198808, -0.48070133, ..., -0.21953964,
         -0.37133176,  0.        ]],

       [[ 0.        , -0.16580136, -0.38269333, ..., -0.27082088,
         -0.        , -0.27082088],
        [ 0.16580136,  0.        , -0.22421673, ..., -0.42667782,
         -0.16580136, -0.42667782],
        [ 0.38269333,  0.22421673,  0.        , ..., -0.61859675,
         -0.38269333, -0.61859675],
        ...,
        [ 0.27082088,  0.42667782,  0.61859675, ...,  0.        ,
         -0.27082088,  0.        ],
        [ 0.        ,  0.16580136,  0.38269333, ...,  0.27082088,
          0.        ,  0.27082088],
        [ 0.27082088,  0.42667782,  0.61859675, ...,  0.        ,
         -0.27082088,  0.        ]],

       ...,

       [[ 0.        , -0.10623379, -0.46127761, ..., -0.58633037,
         -0.76732452, -0.11586166],
        [ 0.10623379,  0.        , -0.36441077, ..., -0.49695541,
         -0.69485899, -0.00968768],
        [ 0.46127761,  0.36441077,  0.        , ..., -0.14655697,
         -0.38501477,  0.35537213],
        ...,
        [ 0.58633037,  0.49695541,  0.14655697, ...,  0.        ,
         -0.24559852,  0.48852535],
        [ 0.76732452,  0.69485899,  0.38501477, ...,  0.24559852,
          0.        ,  0.68785953],
        [ 0.11586166,  0.00968768, -0.35537213, ..., -0.48852535,
         -0.68785953,  0.        ]],

       [[ 0.        ,  0.06461841,  0.1507962 , ..., -0.94545245,
         -0.94704559, -0.92701963],
        [-0.06461841,  0.        ,  0.08660156, ..., -0.9224264 ,
         -0.9243174 , -0.90084947],
        [-0.1507962 , -0.08660156,  0.        , ..., -0.8855177 ,
         -0.88779548, -0.85986853],
        ...,
        [ 0.94545245,  0.9224264 ,  0.8855177 , ...,  0.        ,
          0.00492573, -0.05257076],
        [ 0.94704559,  0.9243174 ,  0.88779548, ..., -0.00492573,
          0.        , -0.05748905],
        [ 0.92701963,  0.90084947,  0.85986853, ...,  0.05257076,
          0.05748905,  0.        ]],

       [[ 0.        , -0.26987528, -0.38893839, ..., -0.39506938,
         -0.17286446, -0.        ],
        [ 0.26987528,  0.        , -0.12588063, ..., -0.62833172,
         -0.43226285, -0.26987528],
        [ 0.38893839,  0.12588063,  0.        , ..., -0.72126186,
         -0.54233693, -0.38893839],
        ...,
        [ 0.39506938,  0.62833172,  0.72126186, ...,  0.        ,
         -0.2303197 , -0.39506938],
        [ 0.17286446,  0.43226285,  0.54233693, ...,  0.2303197 ,
          0.        , -0.17286446],
        [ 0.        ,  0.26987528,  0.38893839, ...,  0.39506938,
          0.17286446,  0.        ]]]), 'num': array([ 9.99578616e-01,  1.86669680e-02,  1.01020767e-05,  1.01333848e-03,
        1.02586172e-03,  1.00916407e-03,  2.20346226e-02, -1.35668386e-05,
        9.86830965e-04,  1.04537709e-03,  1.11185460e-03,  3.91822052e-07,
        1.15195568e-03,  9.38798503e-04])}
{'img': array([[[ 0.        , -0.06390581, -0.22542743, ..., -0.88791792,
         -0.99940927, -0.98988565],
        [ 0.06390581,  0.        , -0.16270577, ..., -0.91549975,
         -0.99956268, -0.99692842],
        [ 0.22542743,  0.16270577,  0.        , ..., -0.96875993,
         -0.98143176, -0.99638679],
        ...,
        [ 0.88791792,  0.91549975,  0.96875993, ...,  0.        ,
          0.42921488,  0.32938253],
        [ 0.99940927,  0.99956268,  0.98143176, ..., -0.42921488,
          0.        , -0.10776412],
        [ 0.98988565,  0.99692842,  0.99638679, ..., -0.32938253,
          0.10776412,  0.        ]],

       [[ 0.        ,  0.00146801,  0.23834118, ...,  0.12217343,
          0.48198808,  0.01855599],
        [-0.00146801,  0.        ,  0.23691523, ...,  0.12071628,
          0.48070133,  0.01708822],
        [-0.23834118, -0.23691523,  0.        , ..., -0.11790315,
          0.25926865, -0.22027891],
        ...,
        [-0.12217343, -0.12071628,  0.11790315, ...,  0.        ,
          0.37133176, -0.1037354 ],
        [-0.48198808, -0.48070133, -0.25926865, ..., -0.37133176,
          0.        , -0.46564674],
        [-0.01855599, -0.01708822,  0.22027891, ...,  0.1037354 ,
          0.46564674,  0.        ]],

       [[ 0.        , -0.3485714 , -0.53208667, ..., -0.        ,
         -0.27174484, -0.39387559],
        [ 0.3485714 ,  0.        , -0.20358349, ..., -0.3485714 ,
         -0.59015604, -0.68956679],
        [ 0.53208667,  0.20358349,  0.        , ..., -0.53208667,
         -0.7421475 , -0.82256526],
        ...,
        [ 0.        ,  0.3485714 ,  0.53208667, ...,  0.        ,
          0.27174484,  0.39387559],
        [ 0.27174484,  0.59015604,  0.7421475 , ..., -0.27174484,
          0.        ,  0.12927578],
        [ 0.39387559,  0.68956679,  0.82256526, ..., -0.39387559,
         -0.12927578,  0.        ]],

       ...,

       [[ 0.        , -0.36441077, -0.26065553, ..., -0.69485899,
         -0.00968768,  0.00194807],
        [ 0.36441077,  0.        ,  0.10908135, ..., -0.38501477,
          0.35537213,  0.3662242 ],
        [ 0.26065553, -0.10908135,  0.        , ..., -0.48338963,
          0.25129051,  0.26253577],
        ...,
        [ 0.69485899,  0.38501477,  0.48338963, ...,  0.        ,
          0.68785953,  0.69625862],
        [ 0.00968768, -0.35537213, -0.25129051, ..., -0.68785953,
          0.        ,  0.01163564],
        [-0.00194807, -0.3662242 , -0.26253577, ..., -0.69625862,
         -0.01163564,  0.        ]],

       [[ 0.        ,  0.08660156,  0.31929682, ..., -0.9243174 ,
         -0.90084947, -0.85198207],
        [-0.08660156,  0.        ,  0.23602885, ..., -0.88779548,
         -0.85986853, -0.80343913],
        [-0.31929682, -0.23602885,  0.        , ..., -0.75408226,
         -0.71507745, -0.64021032],
        ...,
        [ 0.9243174 ,  0.88779548,  0.75408226, ...,  0.        ,
         -0.05748905, -0.15880842],
        [ 0.90084947,  0.85986853,  0.71507745, ...,  0.05748905,
          0.        , -0.1017863 ],
        [ 0.85198207,  0.80343913,  0.64021032, ...,  0.15880842,
          0.1017863 ,  0.        ]],

       [[ 0.        , -0.28709423, -0.45928745, ..., -0.24449584,
         -0.17327616, -0.        ],
        [ 0.28709423,  0.        , -0.18493025, ..., -0.51258416,
         -0.44873308, -0.28709423],
        [ 0.45928745,  0.18493025,  0.        , ..., -0.66253088,
         -0.60625902, -0.45928745],
        ...,
        [ 0.24449584,  0.51258416,  0.66253088, ...,  0.        ,
         -0.07278014, -0.24449584],
        [ 0.17327616,  0.44873308,  0.60625902, ...,  0.07278014,
          0.        , -0.17327616],
        [ 0.        ,  0.28709423,  0.45928745, ...,  0.24449584,
          0.17327616,  0.        ]]]), 'num': array([9.99889193e-01, 1.42940225e-03, 1.02196503e-05, 1.01366480e-03,
       1.02300256e-03, 1.00743964e-03, 1.45272069e-02, 6.22516768e-06,
       9.93951773e-04, 1.03420786e-03, 1.10169905e-03, 3.91872066e-07,
       1.13469842e-03, 9.33717290e-04])}
{'img': array([[[ 0.        , -0.16270577,  0.13545894, ..., -0.99956268,
         -0.99692842, -0.9996209 ],
        [ 0.16270577,  0.        ,  0.29486   , ..., -0.98143176,
         -0.99638679, -0.99078033],
        [-0.13545894, -0.29486   ,  0.        , ..., -0.99435534,
         -0.9771308 , -0.9866778 ],
        ...,
        [ 0.99956268,  0.98143176,  0.99435534, ...,  0.        ,
         -0.10776412, -0.05708056],
        [ 0.99692842,  0.99638679,  0.9771308 , ...,  0.10776412,
          0.        ,  0.05084027],
        [ 0.9996209 ,  0.99078033,  0.9866778 , ...,  0.05708056,
         -0.05084027,  0.        ]],

       [[ 0.        ,  0.19047411, -0.04730871, ...,  0.41723219,
          0.01204093, -0.38113249],
        [-0.19047411,  0.        , -0.23670343, ...,  0.23649074,
         -0.17863981, -0.55025201],
        [ 0.04730871,  0.23670343,  0.        , ...,  0.45975918,
          0.05933274, -0.33696787],
        ...,
        [-0.41723219, -0.23649074, -0.45975918, ...,  0.        ,
         -0.40625914, -0.73211286],
        [-0.01204093,  0.17863981, -0.05933274, ...,  0.40625914,
          0.        , -0.39223695],
        [ 0.38113249,  0.55025201,  0.33696787, ...,  0.73211286,
          0.39223695,  0.        ]],

       [[ 0.        , -0.42225987, -0.52851998, ..., -0.27602283,
         -0.39992753, -0.56170421],
        [ 0.42225987,  0.        , -0.12062484, ..., -0.65606328,
         -0.74954516, -0.85852242],
        [ 0.52851998,  0.12062484,  0.        , ..., -0.74230909,
         -0.8239201 , -0.91410715],
        ...,
        [ 0.27602283,  0.65606328,  0.74230909, ...,  0.        ,
          0.13140295,  0.3115184 ],
        [ 0.39992753,  0.74954516,  0.8239201 , ..., -0.13140295,
          0.        ,  0.18395288],
        [ 0.56170421,  0.85852242,  0.91410715, ..., -0.3115184 ,
         -0.18395288,  0.        ]],

       ...,

       [[ 0.        ,  0.10908135,  0.56343338, ...,  0.35537213,
          0.3662242 ,  0.37521575],
        [-0.10908135,  0.        ,  0.46995246, ...,  0.25129051,
          0.26253577,  0.27186517],
        [-0.56343338, -0.46995246,  0.        , ..., -0.23306044,
         -0.22172944, -0.21227873],
        ...,
        [-0.35537213, -0.25129051,  0.23306044, ...,  0.        ,
          0.01163564,  0.02131575],
        [-0.3662242 , -0.26253577,  0.22172944, ..., -0.01163564,
          0.        ,  0.00968131],
        [-0.37521575, -0.27186517,  0.21227873, ..., -0.02131575,
         -0.00968131,  0.        ]],

       [[ 0.        ,  0.23602885, -0.01054769, ..., -0.85986853,
         -0.80343913, -0.69120379],
        [-0.23602885,  0.        , -0.2462654 , ..., -0.71507745,
         -0.64021032, -0.50110597],
        [ 0.01054769,  0.2462654 ,  0.        , ..., -0.86520546,
         -0.8096744 , -0.69878774],
        ...,
        [ 0.85986853,  0.71507745,  0.86520546, ...,  0.        ,
         -0.1017863 , -0.26852223],
        [ 0.80343913,  0.64021032,  0.8096744 , ...,  0.1017863 ,
          0.        , -0.16907955],
        [ 0.69120379,  0.50110597,  0.69878774, ...,  0.26852223,
          0.16907955,  0.        ]],

       [[ 0.        , -0.37035939, -0.424385  , ..., -0.17511474,
         -0.        , -0.07263564],
        [ 0.37035939,  0.        , -0.05885267, ..., -0.52729868,
         -0.37035939, -0.43685151],
        [ 0.424385  ,  0.05885267,  0.        , ..., -0.57639064,
         -0.424385  , -0.48903426],
        ...,
        [ 0.17511474,  0.52729868,  0.57639064, ...,  0.        ,
         -0.17511474, -0.10313891],
        [ 0.        ,  0.37035939,  0.424385  , ...,  0.17511474,
          0.        ,  0.07263564],
        [ 0.07263564,  0.43685151,  0.48903426, ...,  0.10313891,
         -0.07263564,  0.        ]]]), 'num': array([9.99778091e-01, 1.42632767e-03, 1.01976683e-05, 1.01355505e-03,
       1.02080212e-03, 1.00630797e-03, 2.08149317e-02, 2.07059254e-06,
       1.00403032e-03, 1.02701390e-03, 1.09577483e-03, 4.10284077e-07,
       1.12035836e-03, 9.33669438e-04])}
{'img': array([[[ 0.        ,  0.29486   ,  0.16270577, ..., -0.99638679,
         -0.99078033, -0.98840356],
        [-0.29486   ,  0.        , -0.13545894, ..., -0.9771308 ,
         -0.9866778 , -0.98923407],
        [-0.16270577,  0.13545894,  0.        , ..., -0.99692842,
         -0.9996209 , -0.99993958],
        ...,
        [ 0.99638679,  0.9771308 ,  0.99692842, ...,  0.        ,
          0.05084027,  0.06735468],
        [ 0.99078033,  0.9866778 ,  0.9996209 , ..., -0.05084027,
          0.        ,  0.01654277],
        [ 0.98840356,  0.98923407,  0.99993958, ..., -0.06735468,
         -0.01654277,  0.        ]],

       [[ 0.        , -0.23670343, -0.29735325, ..., -0.17863981,
         -0.55025201, -0.20810973],
        [ 0.23670343,  0.        , -0.0629063 , ...,  0.05933274,
         -0.33696787,  0.02932527],
        [ 0.29735325,  0.0629063 ,  0.        , ...,  0.1220107 ,
         -0.27707319,  0.09214643],
        ...,
        [ 0.17863981, -0.05933274, -0.1220107 , ...,  0.        ,
         -0.39223695, -0.03003361],
        [ 0.55025201,  0.33696787,  0.27707319, ...,  0.39223695,
          0.        ,  0.36443316],
        [ 0.20810973, -0.02932527, -0.09214643, ...,  0.03003361,
         -0.36443316,  0.        ]],

       [[ 0.        , -0.34221235, -0.44738869, ..., -0.40918191,
         -0.57398199, -0.68364862],
        [ 0.34221235,  0.        , -0.11432248, ..., -0.69672921,
         -0.81955319, -0.89212217],
        [ 0.44738869,  0.11432248,  0.        , ..., -0.77416867,
         -0.87968708, -0.93792338],
        ...,
        [ 0.40918191,  0.69672921,  0.77416867, ...,  0.        ,
          0.18866555,  0.32517153],
        [ 0.57398199,  0.81955319,  0.87968708, ..., -0.18866555,
          0.        ,  0.14091937],
        [ 0.68364862,  0.89212217,  0.93792338, ..., -0.32517153,
         -0.14091937,  0.        ]],

       ...,

       [[ 0.        ,  0.46995246,  0.34339996, ...,  0.26253577,
          0.27186517,  0.34715318],
        [-0.46995246,  0.        , -0.138258  , ..., -0.22172944,
         -0.21227873, -0.13429614],
        [-0.34339996,  0.138258  ,  0.        , ..., -0.08478349,
         -0.07513307,  0.00399916],
        ...,
        [-0.26253577,  0.22172944,  0.08478349, ...,  0.        ,
          0.00968131,  0.08876758],
        [-0.27186517,  0.21227873,  0.07513307, ..., -0.00968131,
          0.        ,  0.07912033],
        [-0.34715318,  0.13429614, -0.00399916, ..., -0.08876758,
         -0.07912033,  0.        ]],

       [[ 0.        , -0.2462654 , -0.46883384, ..., -0.64021032,
         -0.50110597, -0.22122259],
        [ 0.2462654 ,  0.        , -0.23687203, ..., -0.8096744 ,
         -0.69878774, -0.45457324],
        [ 0.46883384,  0.23687203,  0.        , ..., -0.92564706,
         -0.84834229, -0.65262061],
        ...,
        [ 0.64021032,  0.8096744 ,  0.92564706, ...,  0.        ,
         -0.16907955, -0.45440492],
        [ 0.50110597,  0.69878774,  0.84834229, ...,  0.16907955,
          0.        , -0.29724732],
        [ 0.22122259,  0.45457324,  0.65262061, ...,  0.45440492,
          0.29724732,  0.        ]],

       [[ 0.        , -0.21897541, -0.24996637, ..., -0.        ,
         -0.07396063, -0.18232954],
        [ 0.21897541,  0.        , -0.03187585, ..., -0.21897541,
         -0.29054131, -0.39320931],
        [ 0.24996637,  0.03187585,  0.        , ..., -0.24996637,
         -0.32089447, -0.42231771],
        ...,
        [ 0.        ,  0.21897541,  0.24996637, ...,  0.        ,
          0.07396063,  0.18232954],
        [ 0.07396063,  0.29054131,  0.32089447, ..., -0.07396063,
          0.        ,  0.10910931],
        [ 0.18232954,  0.39320931,  0.42231771, ..., -0.18232954,
         -0.10910931,  0.        ]]]), 'num': array([ 9.99738055e-01,  1.44993331e-03,  1.03664390e-05,  1.01349044e-03,
        1.03453904e-03,  1.01138558e-03,  2.26506272e-02, -1.68388858e-05,
        1.02590911e-03,  1.03995906e-03,  1.11027895e-03,  4.48645611e-07,
        1.13277190e-03,  9.47146218e-04])}
{'img': array([[[ 0.        , -0.13545894, -0.29486   , ..., -0.9866778 ,
         -0.98923407, -0.95952354],
        [ 0.13545894,  0.        , -0.16270577, ..., -0.9996209 ,
         -0.99993958, -0.98882866],
        [ 0.29486   ,  0.16270577,  0.        , ..., -0.99078033,
         -0.98840356, -0.99990453],
        ...,
        [ 0.9866778 ,  0.9996209 ,  0.99078033, ...,  0.        ,
          0.01654277, -0.12177493],
        [ 0.98923407,  0.99993958,  0.98840356, ..., -0.01654277,
          0.        , -0.13817792],
        [ 0.95952354,  0.98882866,  0.99990453, ...,  0.12177493,
          0.13817792,  0.        ]],

       [[ 0.        , -0.0629063 , -0.02876761, ..., -0.33696787,
          0.02932527,  0.07087786],
        [ 0.0629063 ,  0.        ,  0.03416963, ..., -0.27707319,
          0.09214643,  0.13348556],
        [ 0.02876761, -0.03416963,  0.        , ..., -0.30974324,
          0.05806837,  0.09954378],
        ...,
        [ 0.33696787,  0.27707319,  0.30974324, ...,  0.        ,
          0.36443316,  0.40285304],
        [-0.02932527, -0.09214643, -0.05806837, ..., -0.36443316,
          0.        ,  0.04159585],
        [-0.07087786, -0.13348556, -0.09954378, ..., -0.40285304,
         -0.04159585,  0.        ]],

       [[ 0.        , -0.30200168, -0.38676338, ..., -0.58194301,
         -0.69251781, -0.73089468],
        [ 0.30200168,  0.        , -0.09020479, ..., -0.80036727,
         -0.87804659, -0.90288051],
        [ 0.38676338,  0.09020479,  0.        , ..., -0.85118303,
         -0.91763678, -0.93797796],
        ...,
        [ 0.58194301,  0.80036727,  0.85118303, ...,  0.        ,
          0.14336182,  0.19721472],
        [ 0.69251781,  0.87804659,  0.91763678, ..., -0.14336182,
          0.        ,  0.05463132],
        [ 0.73089468,  0.90288051,  0.93797796, ..., -0.19721472,
         -0.05463132,  0.        ]],

       ...,

       [[ 0.        , -0.138258  , -0.50248223, ..., -0.21227873,
         -0.13429614, -0.00943137],
        [ 0.138258  ,  0.        , -0.37812037, ..., -0.07513307,
          0.00399916,  0.12891105],
        [ 0.50248223,  0.37812037,  0.        , ...,  0.3074967 ,
          0.3818196 ,  0.49430563],
        ...,
        [ 0.21227873,  0.07513307, -0.3074967 , ...,  0.        ,
          0.07912033,  0.20305286],
        [ 0.13429614, -0.00399916, -0.3818196 , ..., -0.07912033,
          0.        ,  0.12494423],
        [ 0.00943137, -0.12891105, -0.49430563, ..., -0.20305286,
         -0.12494423,  0.        ]],

       [[ 0.        , -0.405518  , -0.47021103, ..., -0.55097469,
         -0.32892689, -0.        ],
        [ 0.405518  ,  0.        , -0.07192228, ..., -0.84205251,
         -0.68362093, -0.405518  ],
        [ 0.47021103,  0.07192228,  0.        , ..., -0.87866635,
         -0.73434207, -0.47021103],
        ...,
        [ 0.55097469,  0.84205251,  0.87866635, ...,  0.        ,
         -0.24581921, -0.55097469],
        [ 0.32892689,  0.68362093,  0.73434207, ...,  0.24581921,
          0.        , -0.32892689],
        [ 0.        ,  0.405518  ,  0.47021103, ...,  0.55097469,
          0.32892689,  0.        ]],

       [[ 0.        , -0.12279296, -0.3131572 , ..., -0.07441288,
         -0.18343646, -0.07607305],
        [ 0.12279296,  0.        , -0.19417069, ..., -0.19630226,
         -0.30275762, -0.19793448],
        [ 0.3131572 ,  0.19417069,  0.        , ..., -0.38295898,
         -0.48205325, -0.38449642],
        ...,
        [ 0.07441288,  0.19630226,  0.38295898, ...,  0.        ,
          0.10977767,  0.00166489],
        [ 0.18343646,  0.30275762,  0.48205325, ..., -0.10977767,
          0.        , -0.1081227 ],
        [ 0.07607305,  0.19793448,  0.38449642, ..., -0.00166489,
          0.1081227 ,  0.        ]]]), 'num': array([9.99790847e-01, 1.41766990e-03, 1.01357687e-05, 1.01357687e-03,
       1.02077996e-03, 9.82706510e-04, 2.01977881e-02, 2.26382651e-05,
       1.00328675e-03, 1.01244496e-03, 1.08197187e-03, 4.19227132e-07,
       1.09455445e-03, 9.30335470e-04])}
{'img': array([[[ 0.        , -0.16270577, -0.25499905, ..., -0.99993958,
         -0.98882866, -0.99929458],
        [ 0.16270577,  0.        , -0.09427417, ..., -0.98840356,
         -0.99990453, -0.97986828],
        [ 0.25499905,  0.09427417,  0.        , ..., -0.96968596,
         -0.99414857, -0.95668284],
        ...,
        [ 0.99993958,  0.98840356,  0.96968596, ...,  0.        ,
         -0.13817792,  0.04853698],
        [ 0.98882866,  0.99990453,  0.99414857, ...,  0.13817792,
          0.        ,  0.18608644],
        [ 0.99929458,  0.97986828,  0.95668284, ..., -0.04853698,
         -0.18608644,  0.        ]],

       [[ 0.        ,  0.03416963,  0.30737007, ...,  0.09214643,
          0.13348556,  0.07716481],
        [-0.03416963,  0.        ,  0.2746751 , ...,  0.05806837,
          0.09954378,  0.043052  ],
        [-0.30737007, -0.2746751 ,  0.        , ..., -0.21837672,
         -0.1775958 , -0.23302433],
        ...,
        [-0.09214643, -0.05806837,  0.21837672, ...,  0.        ,
          0.04159585, -0.01503517],
        [-0.13348556, -0.09954378,  0.1775958 , ..., -0.04159585,
          0.        , -0.05661331],
        [-0.07716481, -0.043052  ,  0.23302433, ...,  0.01503517,
          0.05661331,  0.        ]],

       [[ 0.        , -0.09665519, -0.19048104, ..., -0.86591163,
         -0.89200158, -0.89296342],
        [ 0.09665519,  0.        , -0.09470368, ..., -0.910204  ,
         -0.93151643, -0.93228983],
        [ 0.19048104,  0.09470368,  0.        , ..., -0.94533559,
         -0.96177339, -0.96235513],
        ...,
        [ 0.86591163,  0.910204  ,  0.94533559, ...,  0.        ,
          0.05475652,  0.05688549],
        [ 0.89200158,  0.93151643,  0.96177339, ..., -0.05475652,
          0.        ,  0.0021323 ],
        [ 0.89296342,  0.93228983,  0.96235513, ..., -0.05688549,
         -0.0021323 ,  0.        ]],

       ...,

       [[ 0.        , -0.37812037, -0.34339996, ...,  0.00399916,
          0.12891105,  0.05064842],
        [ 0.37812037,  0.        ,  0.03722187, ...,  0.3818196 ,
          0.49430563,  0.42452318],
        [ 0.34339996, -0.03722187,  0.        , ...,  0.34715318,
          0.46160656,  0.39052768],
        ...,
        [-0.00399916, -0.3818196 , -0.34715318, ...,  0.        ,
          0.12494423,  0.04665399],
        [-0.12891105, -0.49430563, -0.46160656, ..., -0.12494423,
          0.        , -0.07851978],
        [-0.05064842, -0.42452318, -0.39052768, ..., -0.04665399,
          0.07851978,  0.        ]],

       [[ 0.        , -0.24702915, -0.30113861, ..., -0.56285975,
         -0.47266499, -0.        ],
        [ 0.24702915,  0.        , -0.05624358, ..., -0.74959817,
         -0.67570869, -0.24702915],
        [ 0.30113861,  0.05624358,  0.        , ..., -0.78563886,
         -0.71610011, -0.30113861],
        ...,
        [ 0.56285975,  0.74959817,  0.78563886, ...,  0.        ,
         -0.10533337, -0.56285975],
        [ 0.47266499,  0.67570869,  0.71610011, ...,  0.10533337,
          0.        , -0.47266499],
        [ 0.        ,  0.24702915,  0.30113861, ...,  0.56285975,
          0.47266499,  0.        ]],

       [[ 0.        , -0.2897357 , -0.4322721 , ..., -0.1837815 ,
         -0.07621717, -0.25890158],
        [ 0.2897357 ,  0.        , -0.15246332, ..., -0.46069917,
         -0.36184089, -0.52765323],
        [ 0.4322721 ,  0.15246332,  0.        , ..., -0.59063299,
         -0.49974304, -0.65099597],
        ...,
        [ 0.1837815 ,  0.46069917,  0.59063299, ...,  0.        ,
         -0.10832796,  0.07697651],
        [ 0.07621717,  0.36184089,  0.49974304, ...,  0.10832796,
          0.        ,  0.18453005],
        [ 0.25890158,  0.52765323,  0.65099597, ..., -0.07697651,
         -0.18453005,  0.        ]]]), 'num': array([9.99547877e-01, 1.39609514e-03, 9.98151782e-06, 1.01335206e-03,
       1.02855234e-03, 9.96125077e-04, 2.98985371e-02, 1.52002809e-05,
       9.93895703e-04, 9.94250376e-04, 1.06238141e-03, 5.06676031e-07,
       1.06856239e-03, 9.19938360e-04])}
{'img': array([[[ 0.        , -0.09427417, -0.26034021, ..., -0.99990453,
         -0.97986828, -0.95028367],
        [ 0.09427417,  0.        , -0.16815741, ..., -0.99414857,
         -0.95668284, -0.91669575],
        [ 0.26034021,  0.16815741,  0.        , ..., -0.96182746,
         -0.89410379, -0.83644881],
        ...,
        [ 0.99990453,  0.99414857,  0.96182746, ...,  0.        ,
          0.18608644,  0.29822504],
        [ 0.97986828,  0.95668284,  0.89410379, ..., -0.18608644,
          0.        ,  0.11539736],
        [ 0.95028367,  0.91669575,  0.83644881, ..., -0.29822504,
         -0.11539736,  0.        ]],

       [[ 0.        ,  0.2746751 ,  0.68710837, ...,  0.09954378,
          0.043052  ,  0.28124981],
        [-0.2746751 ,  0.        ,  0.46111364, ..., -0.1775958 ,
         -0.23302433,  0.00684441],
        [-0.68710837, -0.46111364,  0.        , ..., -0.61137161,
         -0.65519167, -0.45502952],
        ...,
        [-0.09954378,  0.1775958 ,  0.61137161, ...,  0.        ,
         -0.05661331,  0.18432725],
        [-0.043052  ,  0.23302433,  0.65519167, ...,  0.05661331,
          0.        ,  0.23967486],
        [-0.28124981, -0.00684441,  0.45502952, ..., -0.18432725,
         -0.23967486,  0.        ]],

       [[ 0.        , -0.09470368, -0.18820244, ..., -0.93151643,
         -0.93228983, -0.95234365],
        [ 0.09470368,  0.        , -0.09434522, ..., -0.96177339,
         -0.96235513, -0.97695054],
        [ 0.18820244,  0.09434522,  0.        , ..., -0.98331956,
         -0.98370516, -0.99273237],
        ...,
        [ 0.93151643,  0.96177339,  0.98331956, ...,  0.        ,
          0.0021323 ,  0.06222884],
        [ 0.93228983,  0.96235513,  0.98370516, ..., -0.0021323 ,
          0.        ,  0.06010053],
        [ 0.95234365,  0.97695054,  0.99273237, ..., -0.06222884,
         -0.06010053,  0.        ]],

       ...,

       [[ 0.        ,  0.03722187,  0.03722187, ...,  0.49430563,
          0.42452318,  0.73357623],
        [-0.03722187,  0.        ,  0.        , ...,  0.46160656,
          0.39052768,  0.70777163],
        [-0.03722187,  0.        ,  0.        , ...,  0.46160656,
          0.39052768,  0.70777163],
        ...,
        [-0.49430563, -0.46160656, -0.46160656, ...,  0.        ,
         -0.07851978,  0.30175549],
        [-0.42452318, -0.39052768, -0.39052768, ...,  0.07851978,
          0.        ,  0.37568345],
        [-0.73357623, -0.70777163, -0.70777163, ..., -0.30175549,
         -0.37568345,  0.        ]],

       [[ 0.        , -0.17261678, -0.37274095, ..., -0.59963778,
         -0.40158565, -0.        ],
        [ 0.17261678,  0.        , -0.20696854, ..., -0.72877694,
         -0.55364362, -0.17261678],
        [ 0.37274095,  0.20696854,  0.        , ..., -0.85471912,
         -0.71400972, -0.37274095],
        ...,
        [ 0.59963778,  0.72877694,  0.85471912, ...,  0.        ,
         -0.22778359, -0.59963778],
        [ 0.40158565,  0.55364362,  0.71400972, ...,  0.22778359,
          0.        , -0.40158565],
        [ 0.        ,  0.17261678,  0.37274095, ...,  0.59963778,
          0.40158565,  0.        ]],

       [[ 0.        , -0.33159128, -0.46057514, ..., -0.07704663,
         -0.26167359, -0.35036101],
        [ 0.33159128,  0.        , -0.14018995, ..., -0.4032932 ,
         -0.56690638, -0.64111197],
        [ 0.46057514,  0.14018995,  0.        , ..., -0.52759426,
         -0.67679396, -0.74236915],
        ...,
        [ 0.07704663,  0.4032932 ,  0.52759426, ...,  0.        ,
          0.18653372,  0.27715655],
        [ 0.26167359,  0.56690638,  0.67679396, ..., -0.18653372,
          0.        ,  0.09306584],
        [ 0.35036101,  0.64111197,  0.74236915, ..., -0.27715655,
         -0.09306584,  0.        ]]]), 'num': array([9.99404688e-01, 1.36856213e-03, 9.78466790e-06, 1.01323465e-03,
       1.02813515e-03, 1.00330097e-03, 3.43570484e-02, 1.98673460e-05,
       9.82837606e-04, 9.73648959e-04, 1.03894630e-03, 5.86393031e-07,
       1.04377049e-03, 9.03527429e-04])}
{'img': array([[[ 0.        , -0.16815741, -0.16815741, ..., -0.95668284,
         -0.91669575, -0.84919155],
        [ 0.16815741,  0.        ,  0.        , ..., -0.89410379,
         -0.83644881, -0.7482978 ],
        [ 0.16815741,  0.        ,  0.        , ..., -0.89410379,
         -0.83644881, -0.7482978 ],
        ...,
        [ 0.95668284,  0.89410379,  0.89410379, ...,  0.        ,
          0.11539736,  0.25798282],
        [ 0.91669575,  0.83644881,  0.83644881, ..., -0.11539736,
          0.        ,  0.14476823],
        [ 0.84919155,  0.7482978 ,  0.7482978 , ..., -0.25798282,
         -0.14476823,  0.        ]],

       [[ 0.        ,  0.46111364,  0.02733579, ..., -0.23302433,
          0.00684441,  0.10163043],
