state_0,state_1,state_2,state_3,state_4,state_5,state_6,state_7,state_8,state_9,state_10,state_11,state_12,state_13,state_14,state_15,state_16,state_17,state_18,state_19,state_20,state_21,state_22,state_23,state_24,state_25,state_26,state_27,state_28,state_29,state_30,state_31,state_32,state_33,state_34,state_35,state_36,state_37,state_38,state_39,state_40,state_41,state_42,state_43,state_44,state_45,state_46,state_47,state_48,state_49,state_50,state_51,state_52,state_53,state_54,state_55,state_56,state_57,state_58,state_59,state_60,state_61,state_62,state_63,state_64,state_65,state_66,state_67,state_68,state_69,state_70,state_71,state_72,state_73,state_74,state_75,state_76,state_77,state_78,state_79,state_80,state_81,state_82,state_83,state_84,state_85,state_86,state_87,state_88,state_89,state_90,state_91,state_92,state_93,state_94,state_95,state_96,state_97,state_98,state_99,state_100,state_101,state_102,state_103,state_104,state_105,state_106,state_107,state_108,state_109,state_110,state_111,state_112,state_113,state_114,state_115,state_116,state_117,state_118,state_119,state_120,state_121,state_122,state_123,state_124,state_125,state_126,state_127,state_128,state_129,state_130,state_131,state_132,state_133,state_134,state_135,state_136,state_137,state_138,state_139,state_140,state_141,state_142,state_143,state_144,state_145,state_146,state_147,state_148,state_149,state_150,state_151,state_152,state_153,state_154,state_155,state_156,state_157,state_158,state_159,state_160,state_161,state_162,state_163,state_164,state_165,state_166,state_167,state_168,state_169,state_170,state_171,state_172,state_173,state_174,state_175,state_176,state_177,state_178,state_179,state_180,state_181,state_182,state_183,state_184,state_185,state_186,state_187,state_188,state_189,state_190,state_191,state_192,state_193,state_194,state_195,state_196,state_197,state_198,state_199,state_200,state_201,state_202,state_203,state_204,state_205,state_206,state_207,state_208,state_209,state_210,state_211,state_212,state_213,state_214,state_215,state_216,state_217,state_218,state_219,state_220,state_221,state_222,state_223,state_224,state_225,state_226,state_227,state_228,state_229,state_230,state_231,state_232,state_233,state_234,state_235,state_236,state_237,state_238,state_239,state_240,state_241,state_242,state_243,state_244,state_245,state_246,state_247,state_248,state_249,state_250,state_251,state_252,state_253,state_254,state_255,state_256,state_257,state_258,state_259,state_260,state_261,state_262,state_263,state_264,state_265,state_266,state_267,state_268,state_269,state_270,state_271,state_272,state_273,state_274,state_275,state_276,state_277,state_278,state_279,state_280,state_281,state_282,state_283,state_284,state_285,state_286,state_287
{'img': array([[[ 0.        ,  0.42660427,  0.34383419, ..., -0.78376921,
         -0.68604009, -0.66377226],
        [-0.42660427,  0.        , -0.08961752, ..., -0.97381448,
         -0.93086279, -0.91941327],
        [-0.34383419,  0.08961752,  0.        , ..., -0.94952207,
         -0.89437377, -0.88046786],
        ...,
        [ 0.78376921,  0.97381448,  0.94952207, ...,  0.        ,
          0.14417535,  0.17397101],
        [ 0.68604009,  0.93086279,  0.89437377, ..., -0.14417535,
          0.        ,  0.03017659],
        [ 0.66377226,  0.91941327,  0.88046786, ..., -0.17397101,
         -0.03017659,  0.        ]],

       [[ 0.        ,  0.60375381,  0.05912159, ..., -0.5190141 ,
         -0.24241816,  0.02606023],
        [-0.60375381,  0.        , -0.55556771, ..., -0.92981094,
         -0.77899365, -0.58277431],
        [-0.05912159,  0.55556771,  0.        , ..., -0.56864134,
         -0.29935222, -0.03308687],
        ...,
        [ 0.5190141 ,  0.92981094,  0.56864134, ...,  0.        ,
          0.29632215,  0.54111322],
        [ 0.24241816,  0.77899365,  0.29935222, ..., -0.29632215,
          0.        ,  0.26761873],
        [-0.02606023,  0.58277431,  0.03308687, ..., -0.54111322,
         -0.26761873,  0.        ]],

       [[ 0.        , -0.03353703, -0.10500049, ..., -0.95052968,
         -0.959549  , -0.95398763],
        [ 0.03353703,  0.        , -0.07158978, ..., -0.93957725,
         -0.94956716, -0.94339505],
        [ 0.10500049,  0.07158978,  0.        , ..., -0.91265862,
         -0.92468277, -0.91723018],
        ...,
        [ 0.95052968,  0.93957725,  0.91265862, ...,  0.        ,
         -0.0304546 , -0.01132827],
        [ 0.959549  ,  0.94956716,  0.92468277, ...,  0.0304546 ,
          0.        ,  0.01912963],
        [ 0.95398763,  0.94339505,  0.91723018, ...,  0.01132827,
         -0.01912963,  0.        ]],

       ...,

       [[ 0.        , -0.0579335 ,  0.06120359, ..., -0.85214386,
         -0.77659628, -0.89320498],
        [ 0.0579335 ,  0.        ,  0.11892569, ..., -0.82039559,
         -0.73879392, -0.86565501],
        [-0.06120359, -0.11892569,  0.        , ..., -0.88257465,
         -0.81369858, -0.91905067],
        ...,
        [ 0.85214386,  0.82039559,  0.88257465, ...,  0.        ,
          0.13045069, -0.08425471],
        [ 0.77659628,  0.73879392,  0.81369858, ..., -0.13045069,
          0.        , -0.21352157],
        [ 0.89320498,  0.86565501,  0.91905067, ...,  0.08425471,
          0.21352157,  0.        ]],

       [[ 0.        ,  0.14798261,  0.27913682, ..., -0.99192851,
         -0.98283801, -0.97042824],
        [-0.14798261,  0.        ,  0.13396301, ..., -0.96224338,
         -0.94471848, -0.9240223 ],
        [-0.27913682, -0.13396301,  0.        , ..., -0.91710657,
         -0.89227896, -0.86447424],
        ...,
        [ 0.99192851,  0.96224338,  0.91710657, ...,  0.        ,
         -0.05835943, -0.11639264],
        [ 0.98283801,  0.94471848,  0.89227896, ...,  0.05835943,
          0.        , -0.05823149],
        [ 0.97042824,  0.9240223 ,  0.86447424, ...,  0.11639264,
          0.05823149,  0.        ]],

       [[ 0.        ,  0.15362566,  0.24397902, ...,  0.72453227,
          0.79847557,  0.85440378],
        [-0.15362566,  0.        ,  0.0920996 , ...,  0.61004634,
          0.69651013,  0.76443588],
        [-0.24397902, -0.0920996 ,  0.        , ...,  0.53447696,
          0.62746403,  0.70181029],
        ...,
        [-0.72453227, -0.61004634, -0.53447696, ...,  0.        ,
          0.11415386,  0.21241607],
        [-0.79847557, -0.69651013, -0.62746403, ..., -0.11415386,
          0.        ,  0.09947873],
        [-0.85440378, -0.76443588, -0.70181029, ..., -0.21241607,
         -0.09947873,  0.        ]]]), 'num': array([9.99997863e-01, 1.79038493e-03, 2.03508158e-05, 3.18407502e-04,
       3.22626969e-04, 3.17758353e-04, 5.00772883e-04, 1.29829766e-06,
       3.15875821e-04, 3.18018012e-04, 3.27198059e-04, 2.31203693e-07,
       3.27711002e-04, 3.08325022e-04])}
{'img': array([[[ 0.        , -0.08961752, -0.28024846, ..., -0.93086279,
         -0.91941327, -0.894742  ],
        [ 0.08961752,  0.        , -0.19309448, ..., -0.89437377,
         -0.88046786, -0.85112009],
        [ 0.28024846,  0.19309448,  0.        , ..., -0.79116671,
         -0.77235037, -0.73373314],
        ...,
        [ 0.93086279,  0.89437377,  0.79116671, ...,  0.        ,
          0.03017659,  0.08879694],
        [ 0.91941327,  0.88046786,  0.77235037, ..., -0.03017659,
          0.        ,  0.05869911],
        [ 0.894742  ,  0.85112009,  0.73373314, ..., -0.08879694,
         -0.05869911,  0.        ]],

       [[ 0.        , -0.55556771, -0.30684831, ..., -0.77899365,
         -0.58277431, -0.42765718],
        [ 0.55556771,  0.        ,  0.27363069, ..., -0.29935222,
         -0.03308687,  0.14661577],
        [ 0.30684831, -0.27363069,  0.        , ..., -0.54901011,
         -0.30530497, -0.12965355],
        ...,
        [ 0.77899365,  0.29935222,  0.54901011, ...,  0.        ,
          0.26761873,  0.43600964],
        [ 0.58277431,  0.03308687,  0.30530497, ..., -0.26761873,
          0.        ,  0.17926481],
        [ 0.42765718, -0.14661577,  0.12965355, ..., -0.43600964,
         -0.17926481,  0.        ]],

       [[ 0.        , -0.07158978, -0.07158978, ..., -0.94956716,
         -0.94339505, -0.93303119],
        [ 0.07158978,  0.        ,  0.        , ..., -0.92468277,
         -0.91723018, -0.9048795 ],
        [ 0.07158978,  0.        ,  0.        , ..., -0.92468277,
         -0.91723018, -0.9048795 ],
        ...,
        [ 0.94956716,  0.92468277,  0.92468277, ...,  0.        ,
          0.01912963,  0.04908527],
        [ 0.94339505,  0.91723018,  0.91723018, ..., -0.01912963,
          0.        ,  0.02996972],
        [ 0.93303119,  0.9048795 ,  0.9048795 , ..., -0.04908527,
         -0.02996972,  0.        ]],

       ...,

       [[ 0.        ,  0.11892569, -0.40165153, ..., -0.73879392,
         -0.86565501, -0.96439908],
        [-0.11892569,  0.        , -0.50771233, ..., -0.81369858,
         -0.91905067, -0.98900493],
        [ 0.40165153,  0.50771233,  0.        , ..., -0.40589641,
         -0.59167721, -0.77697232],
        ...,
        [ 0.73879392,  0.81369858,  0.40589641, ...,  0.        ,
         -0.21352157, -0.45456393],
        [ 0.86565501,  0.91905067,  0.59167721, ...,  0.21352157,
          0.        , -0.25389426],
        [ 0.96439908,  0.98900493,  0.77697232, ...,  0.45456393,
          0.25389426,  0.        ]],

       [[ 0.        ,  0.13396301,  0.21655814, ..., -0.94471848,
         -0.9240223 , -0.91114391],
        [-0.13396301,  0.        ,  0.08382212, ..., -0.89227896,
         -0.86447424, -0.84772657],
        [-0.21655814, -0.08382212,  0.        , ..., -0.8512944 ,
         -0.81929646, -0.80028114],
        ...,
        [ 0.94471848,  0.89227896,  0.8512944 , ...,  0.        ,
         -0.05823149, -0.0905592 ],
        [ 0.9240223 ,  0.86447424,  0.81929646, ...,  0.05823149,
          0.        , -0.03241332],
        [ 0.91114391,  0.84772657,  0.80028114, ...,  0.0905592 ,
          0.03241332,  0.        ]],

       [[ 0.        ,  0.0920996 ,  0.22377914, ...,  0.69651013,
          0.76443588,  0.80960905],
        [-0.0920996 ,  0.        ,  0.13306409, ...,  0.62746403,
          0.70181029,  0.7521084 ],
        [-0.22377914, -0.13306409,  0.        , ...,  0.5182745 ,
          0.60077934,  0.65772574],
        ...,
        [-0.69651013, -0.62746403, -0.5182745 , ...,  0.        ,
          0.09947873,  0.17210232],
        [-0.76443588, -0.70181029, -0.60077934, ..., -0.09947873,
          0.        ,  0.07325422],
        [-0.80960905, -0.7521084 , -0.65772574, ..., -0.17210232,
         -0.07325422,  0.        ]]]), 'num': array([7.07105555e-01, 7.07105555e-01, 0.00000000e+00, 5.69612808e-04,
       5.71345910e-04, 5.62102700e-04, 9.38289787e-04, 2.88850308e-06,
       5.64413502e-04, 5.67099810e-04, 5.81619352e-04, 4.84019435e-07,
       5.82341804e-04, 5.51857817e-04])}
{'img': array([[[ 0.        , -0.19309448,  0.05921848, ..., -0.88046786,
         -0.85112009, -0.8118081 ],
        [ 0.19309448,  0.        ,  0.25085961, ..., -0.77235037,
         -0.73373314, -0.68377745],
        [-0.05921848, -0.25085961,  0.        , ..., -0.9069985 ,
         -0.8807144 , -0.84496253],
        ...,
        [ 0.88046786,  0.77235037,  0.9069985 , ...,  0.        ,
          0.05869911,  0.12924362],
        [ 0.85112009,  0.73373314,  0.8807144 , ..., -0.05869911,
          0.        ,  0.07081397],
        [ 0.8118081 ,  0.68377745,  0.84496253, ..., -0.12924362,
         -0.07081397,  0.        ]],

       [[ 0.        ,  0.27363069,  0.49692266, ..., -0.03308687,
          0.14661577,  0.19325947],
        [-0.27363069,  0.        ,  0.24050222, ..., -0.30530497,
         -0.12965355, -0.08258843],
        [-0.49692266, -0.24050222,  0.        , ..., -0.52536319,
         -0.36432026, -0.31984495],
        ...,
        [ 0.03308687,  0.30530497,  0.52536319, ...,  0.        ,
          0.17926481,  0.22561676],
        [-0.14661577,  0.12965355,  0.36432026, ..., -0.17926481,
          0.        ,  0.04731929],
        [-0.19325947,  0.08258843,  0.31984495, ..., -0.22561676,
         -0.04731929,  0.        ]],

       [[ 0.        ,  0.        ,  0.07822646, ..., -0.91723018,
         -0.9048795 , -0.87363459],
        [ 0.        ,  0.        ,  0.07822646, ..., -0.91723018,
         -0.9048795 , -0.87363459],
        [-0.07822646, -0.07822646,  0.        , ..., -0.94558154,
         -0.93540508, -0.90902107],
        ...,
        [ 0.91723018,  0.91723018,  0.94558154, ...,  0.        ,
          0.02996972,  0.09828921],
        [ 0.9048795 ,  0.9048795 ,  0.93540508, ..., -0.02996972,
          0.        ,  0.06842046],
        [ 0.87363459,  0.87363459,  0.90902107, ..., -0.09828921,
         -0.06842046,  0.        ]],

       ...,

       [[ 0.        , -0.50771233, -0.60910812, ..., -0.91905067,
         -0.98900493, -0.93696512],
        [ 0.50771233,  0.        , -0.12210273, ..., -0.59167721,
         -0.77697232, -0.6298141 ],
        [ 0.60910812,  0.12210273,  0.        , ..., -0.4888138 ,
         -0.69429068, -0.5302587 ],
        ...,
        [ 0.91905067,  0.59167721,  0.4888138 , ...,  0.        ,
         -0.25389426, -0.04815751],
        [ 0.98900493,  0.77697232,  0.69429068, ...,  0.25389426,
          0.        ,  0.20702019],
        [ 0.93696512,  0.6298141 ,  0.5302587 , ...,  0.04815751,
         -0.20702019,  0.        ]],

       [[ 0.        ,  0.08382212,  0.15539102, ..., -0.86447424,
         -0.84772657, -0.80480274],
        [-0.08382212,  0.        ,  0.07204022, ..., -0.81929646,
         -0.80028114, -0.75221844],
        [-0.15539102, -0.07204022,  0.        , ..., -0.775862  ,
         -0.75500467, -0.70279567],
        ...,
        [ 0.86447424,  0.81929646,  0.775862  , ...,  0.        ,
         -0.03241332, -0.10854617],
        [ 0.84772657,  0.80028114,  0.75500467, ...,  0.03241332,
          0.        , -0.07626734],
        [ 0.80480274,  0.75221844,  0.70279567, ...,  0.10854617,
          0.07626734,  0.        ]],

       [[ 0.        ,  0.13306409,  0.38697303, ...,  0.70181029,
          0.7521084 ,  0.81823672],
        [-0.13306409,  0.        ,  0.26083464, ...,  0.60077934,
          0.65772574,  0.73446442],
        [-0.38697303, -0.26083464,  0.        , ...,  0.37146736,
          0.43848193,  0.53202514],
        ...,
        [-0.70181029, -0.60077934, -0.37146736, ...,  0.        ,
          0.07325422,  0.1794246 ],
        [-0.7521084 , -0.65772574, -0.43848193, ..., -0.07325422,
          0.        ,  0.1068771 ],
        [-0.81823672, -0.73446442, -0.53202514, ..., -0.1794246 ,
         -0.1068771 ,  0.        ]]]), 'num': array([ 7.07105233e-01,  7.07105233e-01,  0.00000000e+00,  5.56325441e-04,
        5.69612549e-04,  5.51126138e-04,  1.34865303e-03, -1.32871081e-05,
        5.64066626e-04,  5.67475058e-04,  5.80704396e-04,  3.81036404e-07,
        5.81190302e-04,  5.53759814e-04])}
{'img': array([[[ 0.        ,  0.25085961,  0.05386028, ..., -0.73373314,
         -0.68377745, -0.89564202],
        [-0.25085961,  0.        , -0.19835747, ..., -0.8807144 ,
         -0.84496253, -0.97857875],
        [-0.05386028,  0.19835747,  0.        , ..., -0.76926282,
         -0.72208627, -0.91829772],
        ...,
        [ 0.73373314,  0.8807144 ,  0.76926282, ...,  0.        ,
          0.07081397, -0.28218637],
        [ 0.68377745,  0.84496253,  0.72208627, ..., -0.07081397,
          0.        , -0.34941402],
        [ 0.89564202,  0.97857875,  0.91829772, ...,  0.28218637,
          0.34941402,  0.        ]],

       [[ 0.        ,  0.24050222,  0.07630902, ..., -0.12965355,
         -0.08258843,  0.26563367],
        [-0.24050222,  0.        , -0.16573173, ..., -0.36432026,
         -0.31984495,  0.02597499],
        [-0.07630902,  0.16573173,  0.        , ..., -0.20494043,
         -0.15839594,  0.19129159],
        ...,
        [ 0.12965355,  0.36432026,  0.20494043, ...,  0.        ,
          0.04731929,  0.38838717],
        [ 0.08258843,  0.31984495,  0.15839594, ..., -0.04731929,
          0.        ,  0.34434755],
        [-0.26563367, -0.02597499, -0.19129159, ..., -0.38838717,
         -0.34434755,  0.        ]],

       [[ 0.        ,  0.07822646,  0.13215203, ..., -0.9048795 ,
         -0.87363459, -0.8787352 ],
        [-0.07822646,  0.        ,  0.05420669, ..., -0.93540508,
         -0.90902107, -0.91338066],
        [-0.13215203, -0.05420669,  0.        , ..., -0.95319608,
         -0.93027522, -0.93410565],
        ...,
        [ 0.9048795 ,  0.93540508,  0.95319608, ...,  0.        ,
          0.06842046,  0.05785837],
        [ 0.87363459,  0.90902107,  0.93027522, ..., -0.06842046,
          0.        , -0.01058306],
        [ 0.8787352 ,  0.91338066,  0.93410565, ..., -0.05785837,
          0.01058306,  0.        ]],

       ...,

       [[ 0.        , -0.12210273, -0.24536969, ..., -0.77697232,
         -0.6298141 , -0.83129312],
        [ 0.12210273,  0.        , -0.1251637 , ..., -0.69429068,
         -0.5302587 , -0.75720405],
        [ 0.24536969,  0.1251637 ,  0.        , ..., -0.5987512 ,
         -0.41997052, -0.66949525],
        ...,
        [ 0.77697232,  0.69429068,  0.5987512 , ...,  0.        ,
          0.20702019, -0.09146005],
        [ 0.6298141 ,  0.5302587 ,  0.41997052, ..., -0.20702019,
          0.        , -0.29563125],
        [ 0.83129312,  0.75720405,  0.66949525, ...,  0.09146005,
          0.29563125,  0.        ]],

       [[ 0.        ,  0.07204022, -0.16001866, ..., -0.80028114,
         -0.75221844, -0.66208843],
        [-0.07204022,  0.        , -0.2307148 , ..., -0.75500467,
         -0.70279567, -0.60637935],
        [ 0.16001866,  0.2307148 ,  0.        , ..., -0.88591989,
         -0.84796385, -0.77347885],
        ...,
        [ 0.80028114,  0.75500467,  0.88591989, ...,  0.        ,
         -0.07626734, -0.20274651],
        [ 0.75221844,  0.70279567,  0.84796385, ...,  0.07626734,
          0.        , -0.12747263],
        [ 0.66208843,  0.60637935,  0.77347885, ...,  0.20274651,
          0.12747263,  0.        ]],

       [[ 0.        ,  0.26083464,  0.65979166, ...,  0.65772574,
          0.73446442,  0.77735792],
        [-0.26083464,  0.        ,  0.44094816, ...,  0.43848193,
          0.53202514,  0.58636824],
        [-0.65979166, -0.44094816,  0.        , ..., -0.00274593,
          0.10414649,  0.16909692],
        ...,
        [-0.65772574, -0.43848193,  0.00274593, ...,  0.        ,
          0.1068771 ,  0.17180267],
        [-0.73446442, -0.53202514, -0.10414649, ..., -0.1068771 ,
          0.        ,  0.06553064],
        [-0.77735792, -0.58636824, -0.16909692, ..., -0.17180267,
         -0.06553064,  0.        ]]]), 'num': array([7.07105616e-01, 7.07105616e-01, 0.00000000e+00, 5.71923660e-04,
       5.71923660e-04, 5.55170340e-04, 8.42114261e-04, 1.55979180e-05,
       5.65800033e-04, 5.67966410e-04, 5.80184779e-04, 5.58443977e-07,
       5.81579936e-04, 5.54352884e-04])}
{'img': array([[[ 0.        , -0.19835747, -0.08801755, ..., -0.84496253,
         -0.97857875, -0.81425005],
        [ 0.19835747,  0.        ,  0.11131901, ..., -0.72208627,
         -0.91829772, -0.68292135],
        [ 0.08801755, -0.11131901,  0.        , ..., -0.79460913,
         -0.95666038, -0.75999444],
        ...,
        [ 0.84496253,  0.72208627,  0.79460913, ...,  0.        ,
         -0.34941402,  0.05503113],
        [ 0.97857875,  0.91829772,  0.95666038, ...,  0.34941402,
          0.        ,  0.40044696],
        [ 0.81425005,  0.68292135,  0.75999444, ..., -0.05503113,
         -0.40044696,  0.        ]],

       [[ 0.        , -0.16573173, -0.12605629, ..., -0.31984495,
          0.02597499, -0.41249937],
        [ 0.16573173,  0.        ,  0.04009666, ..., -0.15839594,
          0.19129159, -0.25582024],
        [ 0.12605629, -0.04009666,  0.        , ..., -0.19785903,
          0.15178155, -0.29437693],
        ...,
        [ 0.31984495,  0.15839594,  0.19785903, ...,  0.        ,
          0.34434755, -0.09946546],
        [-0.02597499, -0.19129159, -0.15178155, ..., -0.34434755,
          0.        , -0.43602231],
        [ 0.41249937,  0.25582024,  0.29437693, ...,  0.09946546,
          0.43602231,  0.        ]],

       [[ 0.        ,  0.05420669,  0.02688469, ..., -0.90902107,
         -0.91338066, -0.89091142],
        [-0.05420669,  0.        , -0.02734193, ..., -0.93027522,
         -0.93410565, -0.91422098],
        [-0.02688469,  0.02734193,  0.        , ..., -0.9198967 ,
         -0.92399544, -0.9027998 ],
        ...,
        [ 0.90902107,  0.93027522,  0.9198967 , ...,  0.        ,
         -0.01058306,  0.0415691 ],
        [ 0.91338066,  0.93410565,  0.92399544, ...,  0.01058306,
          0.        ,  0.05214068],
        [ 0.89091142,  0.91422098,  0.9027998 , ..., -0.0415691 ,
         -0.05214068,  0.        ]],

       ...,

       [[ 0.        , -0.1251637 , -0.0039349 , ..., -0.5302587 ,
         -0.75720405, -0.34283397],
        [ 0.1251637 ,  0.        ,  0.12125878, ..., -0.41997052,
         -0.66949525, -0.22255967],
        [ 0.0039349 , -0.12125878,  0.        , ..., -0.52691845,
         -0.754628  , -0.33913488],
        ...,
        [ 0.5302587 ,  0.41997052,  0.52691845, ...,  0.        ,
         -0.29563125,  0.20745596],
        [ 0.75720405,  0.66949525,  0.754628  , ...,  0.29563125,
          0.        ,  0.48738272],
        [ 0.34283397,  0.22255967,  0.33913488, ..., -0.20745596,
         -0.48738272,  0.        ]],

       [[ 0.        , -0.2307148 , -0.43227569, ..., -0.70279567,
         -0.60637935, -0.6456661 ],
        [ 0.2307148 ,  0.        , -0.21256839, ..., -0.84796385,
         -0.77347885, -0.80442535],
        [ 0.43227569,  0.21256839,  0.        , ..., -0.94125739,
         -0.89053246, -0.91231822],
        ...,
        [ 0.70279567,  0.84796385,  0.94125739, ...,  0.        ,
         -0.12747263, -0.07734719],
        [ 0.60637935,  0.77347885,  0.89053246, ...,  0.12747263,
          0.        ,  0.05037456],
        [ 0.6456661 ,  0.80442535,  0.91231822, ...,  0.07734719,
         -0.05037456,  0.        ]],

       [[ 0.        ,  0.44094816,  0.78330565, ...,  0.53202514,
          0.58636824,  0.60277205],
        [-0.44094816,  0.        ,  0.42893275, ...,  0.10414649,
          0.16909692,  0.18916909],
        [-0.78330565, -0.42893275,  0.        , ..., -0.33252088,
         -0.27000447, -0.25030484],
        ...,
        [-0.53202514, -0.10414649,  0.33252088, ...,  0.        ,
          0.06553064,  0.0858743 ],
        [-0.58636824, -0.16909692,  0.27000447, ..., -0.06553064,
          0.        ,  0.02040115],
        [-0.60277205, -0.18916909,  0.25030484, ..., -0.0858743 ,
         -0.02040115,  0.        ]]]), 'num': array([ 9.00746338e-01,  4.34334293e-01,  9.69671612e-06,  7.18662628e-04,
        7.36591841e-04,  7.15674426e-04,  2.33985196e-03, -2.09174154e-05,
        7.29420156e-04,  7.33977164e-04,  7.49017782e-04,  5.79345324e-07,
        7.52725008e-04,  7.15229321e-04])}
{'img': array([[[ 0.        ,  0.11131901, -0.02707191, ..., -0.91829772,
         -0.68292135, -0.92531703],
        [-0.11131901,  0.        , -0.13818186, ..., -0.95666038,
         -0.75999444, -0.96177748],
        [ 0.02707191,  0.13818186,  0.        , ..., -0.90724364,
         -0.66289524, -0.91471238],
        ...,
        [ 0.91829772,  0.95666038,  0.90724364, ...,  0.        ,
          0.40044696, -0.0181109 ],
        [ 0.68292135,  0.75999444,  0.66289524, ..., -0.40044696,
          0.        , -0.41697666],
        [ 0.92531703,  0.96177748,  0.91471238, ...,  0.0181109 ,
          0.41697666,  0.        ]],

       [[ 0.        ,  0.04009666,  0.42069708, ...,  0.19129159,
         -0.25582024,  0.50525487],
        [-0.04009666,  0.        ,  0.38398302, ...,  0.15178155,
         -0.29437693,  0.47024633],
        [-0.42069708, -0.38398302,  0.        , ..., -0.23938822,
         -0.63877854,  0.09531878],
        ...,
        [-0.19129159, -0.15178155,  0.23938822, ...,  0.        ,
         -0.43602231,  0.33084552],
        [ 0.25582024,  0.29437693,  0.63877854, ...,  0.43602231,
          0.        ,  0.70920743],
        [-0.50525487, -0.47024633, -0.09531878, ..., -0.33084552,
         -0.70920743,  0.        ]],

       [[ 0.        , -0.02734193, -0.06746733, ..., -0.93410565,
         -0.91422098, -0.93410565],
        [ 0.02734193,  0.        , -0.04016247, ..., -0.92399544,
         -0.9027998 , -0.92399544],
        [ 0.06746733,  0.04016247,  0.        , ..., -0.90789166,
         -0.88479907, -0.90789166],
        ...,
        [ 0.93410565,  0.92399544,  0.90789166, ...,  0.        ,
          0.05214068,  0.        ],
        [ 0.91422098,  0.9027998 ,  0.88479907, ..., -0.05214068,
          0.        , -0.05214068],
        [ 0.93410565,  0.92399544,  0.90789166, ...,  0.        ,
          0.05214068,  0.        ]],

       ...,

       [[ 0.        ,  0.12125878, -0.00681623, ..., -0.66949525,
         -0.22255967, -0.51049853],
        [-0.12125878,  0.        , -0.12802189, ..., -0.754628  ,
         -0.33913488, -0.61099936],
        [ 0.00681623,  0.12802189,  0.        , ..., -0.66441649,
         -0.21590923, -0.50462554],
        ...,
        [ 0.66949525,  0.754628  ,  0.66441649, ...,  0.        ,
          0.48738272,  0.19647801],
        [ 0.22255967,  0.33913488,  0.21590923, ..., -0.48738272,
          0.        , -0.30632045],
        [ 0.51049853,  0.61099936,  0.50462554, ..., -0.19647801,
          0.30632045,  0.        ]],

       [[ 0.        , -0.21256839, -0.31101549, ..., -0.77347885,
         -0.80442535, -0.83521874],
        [ 0.21256839,  0.        , -0.10188157, ..., -0.89053246,
         -0.91231822, -0.93302596],
        [ 0.31101549,  0.10188157,  0.        , ..., -0.93224654,
         -0.94928966, -0.96482891],
        ...,
        [ 0.77347885,  0.89053246,  0.93224654, ...,  0.        ,
          0.05037456,  0.10403026],
        [ 0.80442535,  0.91231822,  0.94928966, ..., -0.05037456,
          0.        ,  0.05379695],
        [ 0.83521874,  0.93302596,  0.96482891, ..., -0.10403026,
         -0.05379695,  0.        ]],

       [[ 0.        ,  0.42893275,  0.66255441, ...,  0.16909692,
          0.18916909,  0.14641361],
        [-0.42893275,  0.        ,  0.27723298, ..., -0.27000447,
         -0.25030484, -0.29204959],
        [-0.66255441, -0.27723298,  0.        , ..., -0.52635732,
         -0.50890142, -0.54574855],
        ...,
        [-0.16909692,  0.27000447,  0.52635732, ...,  0.        ,
          0.02040115, -0.02296947],
        [-0.18916909,  0.25030484,  0.50890142, ..., -0.02040115,
          0.        , -0.04336046],
        [-0.14641361,  0.29204959,  0.54574855, ...,  0.02296947,
          0.04336046,  0.        ]]]), 'num': array([9.02106159e-01, 4.31506053e-01, 9.63357434e-06, 7.25115727e-04,
       7.25115727e-04, 7.06561077e-04, 1.66807789e-03, 1.11327901e-05,
       7.24076666e-04, 7.28789547e-04, 7.43262174e-04, 6.22478585e-07,
       7.47397410e-04, 7.10181685e-04])}
{'img': array([[[ 0.        , -0.13818186, -0.41149513, ..., -0.75999444,
         -0.96177748, -0.8664112 ],
        [ 0.13818186,  0.        , -0.28160701, ..., -0.66289524,
         -0.91471238, -0.7891011 ],
        [ 0.41149513,  0.28160701,  0.        , ..., -0.42522516,
         -0.76389486, -0.58418518],
        ...,
        [ 0.75999444,  0.66289524,  0.42522516, ...,  0.        ,
         -0.41697666, -0.18361734],
        [ 0.96177748,  0.91471238,  0.76389486, ...,  0.41697666,
          0.        ,  0.24299418],
        [ 0.8664112 ,  0.7891011 ,  0.58418518, ...,  0.18361734,
         -0.24299418,  0.        ]],

       [[ 0.        ,  0.38398302,  0.36643347, ..., -0.29437693,
          0.47024633,  0.11294596],
        [-0.38398302,  0.        , -0.01893206, ..., -0.63877854,
          0.09531878, -0.27723842],
        [-0.36643347,  0.01893206,  0.        , ..., -0.6240979 ,
          0.11414755, -0.25899879],
        ...,
        [ 0.29437693,  0.63877854,  0.6240979 , ...,  0.        ,
          0.70920743,  0.40043451],
        [-0.47024633, -0.09531878, -0.11414755, ..., -0.70920743,
          0.        , -0.36755849],
        [-0.11294596,  0.27723842,  0.25899879, ..., -0.40043451,
          0.36755849,  0.        ]],

       [[ 0.        , -0.04016247, -0.10500049, ..., -0.9027998 ,
         -0.92399544, -0.92934606],
        [ 0.04016247,  0.        , -0.06497531, ..., -0.88479907,
         -0.90789166, -0.91376785],
        [ 0.10500049,  0.06497531,  0.        , ..., -0.85265265,
         -0.8787352 , -0.88544158],
        ...,
        [ 0.9027998 ,  0.88479907,  0.85265265, ...,  0.        ,
         -0.05214068, -0.06635299],
        [ 0.92399544,  0.90789166,  0.8787352 , ...,  0.05214068,
          0.        , -0.01423696],
        [ 0.92934606,  0.91376785,  0.88544158, ...,  0.06635299,
          0.01423696,  0.        ]],

       ...,

       [[ 0.        , -0.12802189, -0.5284457 , ..., -0.33913488,
         -0.61099936, -0.52571044],
        [ 0.12802189,  0.        , -0.41541092, ..., -0.21590923,
         -0.50462554, -0.41248099],
        [ 0.5284457 ,  0.41541092,  0.        , ...,  0.20921446,
         -0.10038431,  0.00321864],
        ...,
        [ 0.33913488,  0.21590923, -0.20921446, ...,  0.        ,
         -0.30632045, -0.20606597],
        [ 0.61099936,  0.50462554,  0.10038431, ...,  0.30632045,
          0.        ,  0.10358617],
        [ 0.52571044,  0.41248099, -0.00321864, ...,  0.20606597,
         -0.10358617,  0.        ]],

       [[ 0.        , -0.10188157, -0.33256382, ..., -0.91231822,
         -0.93302596, -0.92029271],
        [ 0.10188157,  0.        , -0.23475079, ..., -0.94928966,
         -0.96482891, -0.95536318],
        [ 0.33256382,  0.23475079,  0.        , ..., -0.99656863,
         -0.9995783 , -0.99801946],
        ...,
        [ 0.91231822,  0.94928966,  0.99656863, ...,  0.        ,
          0.05379695,  0.01991652],
        [ 0.93302596,  0.96482891,  0.9995783 , ..., -0.05379695,
          0.        , -0.0338986 ],
        [ 0.92029271,  0.95536318,  0.99801946, ..., -0.01991652,
          0.0338986 ,  0.        ]],

       [[ 0.        ,  0.27723298,  0.76237084, ..., -0.25030484,
         -0.29204959, -0.30204583],
        [-0.27723298,  0.        ,  0.55307931, ..., -0.50890142,
         -0.54574855, -0.55449083],
        [-0.76237084, -0.55307931,  0.        , ..., -0.90008472,
         -0.91813098, -0.92222916],
        ...,
        [ 0.25030484,  0.50890142,  0.90008472, ...,  0.        ,
         -0.04336046, -0.05381688],
        [ 0.29204959,  0.54574855,  0.91813098, ...,  0.04336046,
          0.        , -0.01046864],
        [ 0.30204583,  0.55449083,  0.92222916, ...,  0.05381688,
          0.01046864,  0.        ]]]), 'num': array([ 9.01747102e-01,  4.32257518e-01,  9.65035116e-06,  7.23404598e-04,
        7.32326340e-04,  7.22661120e-04,  1.16117962e-03, -2.97391407e-06,
        7.23404598e-04,  7.28980687e-04,  7.43528083e-04,  7.00378314e-07,
        7.46508499e-04,  7.11452875e-04])}
{'img': array([[[ 0.00000000e+00, -2.81607008e-01, -4.23699727e-01, ...,
         -9.14712376e-01, -7.89101098e-01, -8.25072466e-01],
        [ 2.81607008e-01,  0.00000000e+00, -1.51472137e-01, ...,
         -7.63894864e-01, -5.84185179e-01, -6.32566100e-01],
        [ 4.23699727e-01,  1.51472137e-01,  0.00000000e+00, ...,
         -6.57329548e-01, -4.54506698e-01, -5.07951118e-01],
        ...,
        [ 9.14712376e-01,  7.63894864e-01,  6.57329548e-01, ...,
          0.00000000e+00,  2.42994177e-01,  1.83420786e-01],
        [ 7.89101098e-01,  5.84185179e-01,  4.54506698e-01, ...,
         -2.42994177e-01,  0.00000000e+00, -6.09484055e-02],
        [ 8.25072466e-01,  6.32566100e-01,  5.07951118e-01, ...,
         -1.83420786e-01,  6.09484055e-02,  0.00000000e+00]],

       [[ 0.00000000e+00, -1.89320588e-02, -3.59739664e-01, ...,
          9.53187791e-02, -2.77238424e-01, -5.88637121e-01],
        [ 1.89320588e-02,  0.00000000e+00, -3.42010579e-01, ...,
          1.14147553e-01, -2.58998791e-01, -5.73226994e-01],
        [ 3.59739664e-01,  3.42010579e-01,  0.00000000e+00, ...,
          4.47039143e-01,  8.69602188e-02, -2.58416860e-01],
        ...,
        [-9.53187791e-02, -1.14147553e-01, -4.47039143e-01, ...,
          0.00000000e+00, -3.67558495e-01, -6.63012390e-01],
        [ 2.77238424e-01,  2.58998791e-01, -8.69602188e-02, ...,
          3.67558495e-01,  0.00000000e+00, -3.41444406e-01],
        [ 5.88637121e-01,  5.73226994e-01,  2.58416860e-01, ...,
          6.63012390e-01,  3.41444406e-01,  0.00000000e+00]],

       [[ 0.00000000e+00, -6.49753106e-02, -2.17966827e-01, ...,
         -9.07891657e-01, -9.13767845e-01, -9.31975309e-01],
        [ 6.49753106e-02,  0.00000000e+00, -1.54093180e-01, ...,
         -8.78735198e-01, -8.85441575e-01, -9.06450962e-01],
        [ 2.17966827e-01,  1.54093180e-01,  0.00000000e+00, ...,
         -7.94689713e-01, -8.03251231e-01, -8.30549344e-01],
        ...,
        [ 9.07891657e-01,  8.78735198e-01,  7.94689713e-01, ...,
          0.00000000e+00, -1.42369598e-02, -6.15581270e-02],
        [ 9.13767845e-01,  8.85441575e-01,  8.03251231e-01, ...,
          1.42369598e-02,  0.00000000e+00, -4.73419286e-02],
        [ 9.31975309e-01,  9.06450962e-01,  8.30549344e-01, ...,
          6.15581270e-02,  4.73419286e-02,  0.00000000e+00]],

       ...,

       [[ 0.00000000e+00, -4.15410921e-01, -5.02923484e-01, ...,
         -5.04625541e-01, -4.12480989e-01, -2.54787652e-01],
        [ 4.15410921e-01,  0.00000000e+00, -9.84237217e-02, ...,
         -1.00384312e-01,  3.21863602e-03,  1.69937649e-01],
        [ 5.02923484e-01,  9.84237217e-02,  0.00000000e+00, ...,
         -1.97034799e-03,  1.01626220e-01,  2.66104664e-01],
        ...,
        [ 5.04625541e-01,  1.00384312e-01,  1.97034799e-03, ...,
          0.00000000e+00,  1.03586170e-01,  2.68003453e-01],
        [ 4.12480989e-01, -3.21863602e-03, -1.01626220e-01, ...,
         -1.03586170e-01,  0.00000000e+00,  1.66764949e-01],
        [ 2.54787652e-01, -1.69937649e-01, -2.66104664e-01, ...,
         -2.68003453e-01, -1.66764949e-01,  0.00000000e+00]],

       [[ 0.00000000e+00, -2.33732716e-01, -2.78989483e-01, ...,
         -9.73496347e-01, -9.66288918e-01, -8.38742162e-01],
        [ 2.33732716e-01,  0.00000000e+00, -4.68095606e-02, ...,
         -9.99986634e-01, -9.99700433e-01, -9.42783939e-01],
        [ 2.78989483e-01,  4.68095606e-02,  0.00000000e+00, ...,
         -9.98648464e-01, -9.99750275e-01, -9.57356999e-01],
        ...,
        [ 9.73496347e-01,  9.99986634e-01,  9.98648464e-01, ...,
          0.00000000e+00, -2.96437581e-02, -3.38274290e-01],
        [ 9.66288918e-01,  9.99700433e-01,  9.99750275e-01, ...,
          2.96437581e-02,  0.00000000e+00, -3.10229441e-01],
        [ 8.38742162e-01,  9.42783939e-01,  9.57356999e-01, ...,
          3.38274290e-01,  3.10229441e-01,  0.00000000e+00]],

       [[ 0.00000000e+00,  5.53079314e-01,  7.57609293e-01, ...,
         -5.45748549e-01, -5.54490833e-01, -5.53723602e-01],
        [-5.53079314e-01,  0.00000000e+00,  2.70186500e-01, ...,
         -9.18130983e-01, -9.22229155e-01, -9.21872410e-01],
        [-7.57609293e-01, -2.70186500e-01,  0.00000000e+00, ...,
         -9.91052569e-01, -9.92395534e-01, -9.92281665e-01],
        ...,
        [ 5.45748549e-01,  9.18130983e-01,  9.91052569e-01, ...,
          0.00000000e+00, -1.04686438e-02, -9.54703106e-03],
        [ 5.54490833e-01,  9.22229155e-01,  9.92395534e-01, ...,
          1.04686438e-02,  0.00000000e+00,  9.21658787e-04],
        [ 5.53723602e-01,  9.21872410e-01,  9.92281665e-01, ...,
          9.54703106e-03, -9.21658787e-04,  0.00000000e+00]]]), 'num': array([ 9.99969469e-01,  6.96999236e-03,  2.09936464e-05,  8.02099739e-04,
        8.16513793e-04,  7.97860311e-04,  2.66034269e-03, -2.28929101e-05,
        8.22109838e-04,  8.29147288e-04,  8.46528942e-04,  6.55420739e-07,
        8.51669146e-04,  8.06625430e-04])}
