state_0,state_1,state_2,state_3,state_4,state_5,state_6,state_7,state_8,state_9,state_10,state_11,state_12,state_13,state_14,state_15,state_16,state_17,state_18,state_19,state_20,state_21,state_22,state_23,state_24,state_25,state_26,state_27,state_28,state_29,state_30,state_31,state_32,state_33,state_34,state_35,state_36,state_37,state_38,state_39,state_40,state_41,state_42,state_43,state_44,state_45,state_46,state_47,state_48,state_49,state_50,state_51,state_52,state_53,state_54,state_55,state_56,state_57,state_58,state_59,state_60,state_61,state_62,state_63,state_64,state_65,state_66,state_67,state_68,state_69,state_70,state_71,state_72,state_73,state_74,state_75,state_76,state_77,state_78,state_79,state_80,state_81,state_82,state_83,state_84,state_85,state_86,state_87,state_88,state_89,state_90,state_91,state_92,state_93,state_94,state_95,state_96,state_97,state_98,state_99,state_100,state_101,state_102,state_103,state_104,state_105,state_106,state_107,state_108,state_109,state_110,state_111,state_112,state_113,state_114,state_115,state_116,state_117,state_118,state_119,state_120,state_121,state_122,state_123,state_124,state_125,state_126,state_127,state_128,state_129,state_130,state_131,state_132,state_133,state_134,state_135,state_136,state_137,state_138,state_139,state_140,state_141,state_142,state_143,state_144,state_145,state_146,state_147,state_148,state_149,state_150,state_151,state_152,state_153,state_154,state_155,state_156,state_157,state_158,state_159,state_160,state_161,state_162,state_163,state_164,state_165,state_166,state_167,state_168,state_169,state_170,state_171,state_172,state_173,state_174,state_175,state_176,state_177,state_178,state_179,state_180,state_181,state_182,state_183,state_184,state_185,state_186,state_187,state_188,state_189,state_190,state_191,state_192,state_193,state_194,state_195,state_196,state_197,state_198,state_199,state_200,state_201,state_202,state_203,state_204,state_205,state_206,state_207,state_208,state_209,state_210,state_211,state_212,state_213,state_214,state_215,state_216,state_217,state_218,state_219,state_220,state_221,state_222,state_223,state_224,state_225,state_226,state_227,state_228,state_229,state_230,state_231,state_232,state_233,state_234,state_235,state_236,state_237,state_238,state_239,state_240,state_241,state_242,state_243,state_244,state_245,state_246,state_247,state_248,state_249,state_250,state_251,state_252,state_253,state_254,state_255,state_256,state_257,state_258,state_259,state_260,state_261,state_262,state_263,state_264,state_265,state_266,state_267,state_268,state_269,state_270,state_271,state_272,state_273,state_274,state_275,state_276,state_277,state_278,state_279,state_280,state_281,state_282,state_283,state_284,state_285,state_286,state_287
{'img': array([[[ 0.        ,  0.        , -0.4016618 , ...,  0.91441576,
          0.99605932,  0.92943576],
        [ 0.        ,  0.        , -0.4016618 , ...,  0.91441576,
          0.99605932,  0.92943576],
        [ 0.4016618 ,  0.4016618 ,  0.        , ...,  0.99999421,
          0.94780245,  0.70295943],
        ...,
        [-0.91441576, -0.91441576, -0.99999421, ...,  0.        ,
          0.32208204,  0.71361828],
        [-0.99605932, -0.99605932, -0.94780245, ..., -0.32208204,
          0.        ,  0.44996115],
        [-0.92943576, -0.92943576, -0.70295943, ..., -0.71361828,
         -0.44996115,  0.        ]],

       [[ 0.        ,  0.29164655,  0.3658893 , ...,  0.40781278,
          0.80095787,  0.33305945],
        [-0.29164655,  0.        ,  0.07855938, ...,  0.12379116,
          0.59152232,  0.04358485],
        [-0.3658893 , -0.07855938,  0.        , ...,  0.04545345,
          0.52635265, -0.03503458],
        ...,
        [-0.40781278, -0.12379116, -0.04545345, ...,  0.        ,
          0.4871611 , -0.08042392],
        [-0.80095787, -0.59152232, -0.52635265, ..., -0.4871611 ,
          0.        , -0.55581825],
        [-0.33305945, -0.04358485,  0.03503458, ...,  0.08042392,
          0.55581825,  0.        ]],

       [[ 0.        ,  0.03576517, -0.05621546, ...,  0.99573737,
          0.99998143,  0.90688247],
        [-0.03576517,  0.        , -0.09188811, ...,  0.99180156,
          0.99955965,  0.92137313],
        [ 0.05621546,  0.09188811,  0.        , ...,  0.99934774,
          0.99805748,  0.88176011],
        ...,
        [-0.99573737, -0.99180156, -0.99934774, ...,  0.        ,
          0.09830114,  0.5032327 ],
        [-0.99998143, -0.99955965, -0.99805748, ..., -0.09830114,
          0.        ,  0.41584837],
        [-0.90688247, -0.92137313, -0.88176011, ..., -0.5032327 ,
         -0.41584837,  0.        ]],

       ...,

       [[ 0.        , -0.04769564, -0.70194066, ...,  0.04251268,
          0.18177322,  0.30507932],
        [ 0.04769564,  0.        , -0.66717127, ...,  0.09011681,
          0.2284674 ,  0.35015396],
        [ 0.70194066,  0.66717127,  0.        , ...,  0.73158509,
          0.81971199,  0.8857653 ],
        ...,
        [-0.04251268, -0.09011681, -0.73158509, ...,  0.        ,
          0.13980445,  0.26431754],
        [-0.18177322, -0.2284674 , -0.81971199, ..., -0.13980445,
          0.        ,  0.12688931],
        [-0.30507932, -0.35015396, -0.8857653 , ..., -0.26431754,
         -0.12688931,  0.        ]],

       [[ 0.        ,  0.00429745, -0.02623224, ...,  0.95723416,
          0.99318143,  0.93556672],
        [-0.00429745,  0.        , -0.03052797, ...,  0.95598201,
          0.99267126,  0.93707573],
        [ 0.02623224,  0.03052797,  0.        , ...,  0.96449411,
          0.99589778,  0.92598086],
        ...,
        [-0.95723416, -0.95598201, -0.96449411, ...,  0.        ,
          0.17574823,  0.60872005],
        [-0.99318143, -0.99267126, -0.99589778, ..., -0.17574823,
          0.        ,  0.45980939],
        [-0.93556672, -0.93707573, -0.92598086, ..., -0.60872005,
         -0.45980939,  0.        ]],

       [[ 0.        ,  0.17679913,  0.31275511, ...,  0.96589244,
          0.89650532,  0.71762279],
        [-0.17679913,  0.        ,  0.13989848, ...,  0.9964577 ,
          0.96071047,  0.82944662],
        [-0.31275511, -0.13989848,  0.        , ...,  0.99842322,
          0.99009188,  0.89943505],
        ...,
        [-0.96589244, -0.9964577 , -0.99842322, ...,  0.        ,
          0.19577787,  0.48685456],
        [-0.89650532, -0.96071047, -0.99009188, ..., -0.19577787,
          0.        ,  0.30642443],
        [-0.71762279, -0.82944662, -0.89943505, ..., -0.48685456,
         -0.30642443,  0.        ]]]), 'num': array([ 9.99933698e-01,  1.06024802e-02,  1.30346669e-05,  1.55800192e-03,
        1.58058166e-03,  1.54568570e-03,  1.41749437e-03, -3.90013655e-05,
        1.56292841e-03,  1.47948601e-03,  1.34640240e-03,  1.44698768e-06,
        1.61784416e-03,  1.34112786e-03])}
{'img': array([[[ 0.        , -0.4016618 , -0.19145915, ...,  0.99605932,
          0.92943576,  0.96352665],
        [ 0.4016618 ,  0.        ,  0.21889528, ...,  0.94780245,
          0.70295943,  0.98987589],
        [ 0.19145915, -0.21889528,  0.        , ...,  0.99461323,
          0.84159639,  0.99693881],
        ...,
        [-0.99605932, -0.94780245, -0.99461323, ...,  0.        ,
          0.44996115, -0.18110307],
        [-0.92943576, -0.70295943, -0.84159639, ..., -0.44996115,
          0.        , -0.60425441],
        [-0.96352665, -0.98987589, -0.99693881, ...,  0.18110307,
          0.60425441,  0.        ]],

       [[ 0.        ,  0.07855938, -0.14691423, ...,  0.59152232,
          0.04358485,  0.14314397],
        [-0.07855938,  0.        , -0.22416713, ...,  0.52635265,
         -0.03503458,  0.06495121],
        [ 0.14691423,  0.22416713,  0.        , ...,  0.70355913,
          0.18988654,  0.28699204],
        ...,
        [-0.59152232, -0.52635265, -0.70355913, ...,  0.        ,
         -0.55581825, -0.4700154 ],
        [-0.04358485,  0.03503458, -0.18988654, ...,  0.55581825,
          0.        ,  0.09987194],
        [-0.14314397, -0.06495121, -0.28699204, ...,  0.4700154 ,
         -0.09987194,  0.        ]],

       [[ 0.        , -0.09016479, -0.10696776, ...,  0.9925347 ,
          0.99617886,  0.91425432],
        [ 0.09016479,  0.        , -0.0168846 , ...,  0.9994887 ,
          0.9842466 ,  0.87400101],
        [ 0.10696776,  0.0168846 ,  0.        , ...,  0.99988609,
          0.98112108,  0.86567178],
        ...,
        [-0.9925347 , -0.9994887 , -0.99988609, ...,  0.        ,
          0.20818109,  0.51362106],
        [-0.99617886, -0.9842466 , -0.98112108, ..., -0.20818109,
          0.        ,  0.32374483],
        [-0.91425432, -0.87400101, -0.86567178, ..., -0.51362106,
         -0.32374483,  0.        ]],

       ...,

       [[ 0.        , -0.66717127, -0.50088882, ...,  0.2284674 ,
          0.35015396,  0.17966235],
        [ 0.66717127,  0.        ,  0.20433023, ...,  0.81971199,
          0.8857653 ,  0.79014654],
        [ 0.50088882, -0.20433023,  0.        , ...,  0.68538229,
          0.77224096,  0.64823838],
        ...,
        [-0.2284674 , -0.81971199, -0.68538229, ...,  0.        ,
          0.12688931, -0.0498393 ],
        [-0.35015396, -0.8857653 , -0.77224096, ..., -0.12688931,
          0.        , -0.17616806],
        [-0.17966235, -0.79014654, -0.64823838, ...,  0.0498393 ,
          0.17616806,  0.        ]],

       [[ 0.        , -0.02993673, -0.04575102, ...,  0.97965741,
          0.99883897,  0.93047287],
        [ 0.02993673,  0.        , -0.01582513, ...,  0.98522595,
          0.99694913,  0.91908818],
        [ 0.04575102,  0.01582513,  0.        , ...,  0.98781278,
          0.99558907,  0.91273717],
        ...,
        [-0.97965741, -0.98522595, -0.98781278, ...,  0.        ,
          0.24763797,  0.5456328 ],
        [-0.99883897, -0.99694913, -0.99558907, ..., -0.24763797,
          0.        ,  0.32111113],
        [-0.93047287, -0.91908818, -0.91273717, ..., -0.5456328 ,
         -0.32111113,  0.        ]],

       [[ 0.        ,  0.13615629,  0.25008607, ...,  0.99446808,
          0.97803732,  0.81718038],
        [-0.13615629,  0.        ,  0.11592738, ...,  0.99950872,
          0.99730825,  0.88804832],
        [-0.25008607, -0.11592738,  0.        , ...,  0.98913631,
          0.99908422,  0.93535845],
        ...,
        [-0.99446808, -0.99950872, -0.98913631, ...,  0.        ,
          0.10454457,  0.48735754],
        [-0.97803732, -0.99730825, -0.99908422, ..., -0.10454457,
          0.        ,  0.39339834],
        [-0.81718038, -0.88804832, -0.93535845, ..., -0.48735754,
         -0.39339834,  0.        ]]]), 'num': array([7.07105232e-01, 7.07105232e-01, 0.00000000e+00, 7.39246379e-04,
       7.39246379e-04, 7.09941215e-04, 6.71929582e-04, 2.17425405e-05,
       7.25444592e-04, 6.85882622e-04, 6.22136014e-04, 7.14874792e-07,
       7.52458069e-04, 6.19307174e-04])}
{'img': array([[[ 0.        ,  0.21611762,  0.37550377, ...,  0.87301898,
          0.99585181,  0.69678763],
        [-0.21611762,  0.        ,  0.16632729, ...,  0.95778481,
          0.99198172,  0.83533699],
        [-0.37550377, -0.16632729,  0.        , ...,  0.99226023,
          0.95714332,  0.91513772],
        ...,
        [-0.87301898, -0.95778481, -0.99226023, ...,  0.        ,
         -0.40622721,  0.28638313],
        [-0.99585181, -0.99198172, -0.95714332, ...,  0.40622721,
          0.        ,  0.65090137],
        [-0.69678763, -0.83533699, -0.91513772, ..., -0.28638313,
         -0.65090137,  0.        ]],

       [[ 0.        , -0.22416713, -0.62518897, ..., -0.03503458,
          0.06495121,  0.09433507],
        [ 0.22416713,  0.        , -0.43432186, ...,  0.18988654,
          0.28699204,  0.31510177],
        [ 0.62518897,  0.43432186,  0.        , ...,  0.5974616 ,
          0.67456153,  0.69602695],
        ...,
        [ 0.03503458, -0.18988654, -0.5974616 , ...,  0.        ,
          0.09987194,  0.12915551],
        [-0.06495121, -0.28699204, -0.67456153, ..., -0.09987194,
          0.        ,  0.02947432],
        [-0.09433507, -0.31510177, -0.69602695, ..., -0.12915551,
         -0.02947432,  0.        ]],

       [[ 0.        , -0.01648415,  0.        , ...,  0.99961892,
          0.98881298,  0.86362648],
        [ 0.01648415,  0.        ,  0.01648415, ...,  0.99902806,
          0.98621984,  0.85519894],
        [ 0.        , -0.01648415,  0.        , ...,  0.99961892,
          0.98881298,  0.86362648],
        ...,
        [-0.99961892, -0.99902806, -0.99961892, ...,  0.        ,
          0.12180808,  0.48010013],
        [-0.98881298, -0.98621984, -0.98881298, ..., -0.12180808,
          0.        ,  0.36967343],
        [-0.86362648, -0.85519894, -0.86362648, ..., -0.48010013,
         -0.36967343,  0.        ]],

       ...,

       [[ 0.        ,  0.20433023,  0.41985979, ...,  0.8857653 ,
          0.79014654,  0.90781476],
        [-0.20433023,  0.        ,  0.22555373, ...,  0.77224096,
          0.64823838,  0.80297145],
        [-0.41985979, -0.22555373,  0.        , ...,  0.60903988,
          0.45978869,  0.6478455 ],
        ...,
        [-0.8857653 , -0.77224096, -0.60903988, ...,  0.        ,
         -0.17616806,  0.04988255],
        [-0.79014654, -0.64823838, -0.45978869, ...,  0.17616806,
          0.        ,  0.22505114],
        [-0.90781476, -0.80297145, -0.6478455 , ..., -0.04988255,
         -0.22505114,  0.        ]],

       [[ 0.        , -0.01529999, -0.01737989, ...,  0.9942934 ,
          0.99999981,  0.90644872],
        [ 0.01529999,  0.        , -0.00208018, ...,  0.99580922,
          0.99987323,  0.89988119],
        [ 0.01737989,  0.00208018,  0.        , ...,  0.9959973 ,
          0.99983794,  0.89897201],
        ...,
        [-0.9942934 , -0.99580922, -0.9959973 , ...,  0.        ,
          0.10729928,  0.51660595],
        [-0.99999981, -0.99987323, -0.99983794, ..., -0.10729928,
          0.        ,  0.42175132],
        [-0.90644872, -0.89988119, -0.89897201, ..., -0.51660595,
         -0.42175132,  0.        ]],

       [[ 0.        ,  0.11426776,  0.22214427, ...,  0.99999274,
          0.97916465,  0.88229819],
        [-0.11426776,  0.        ,  0.10927657, ...,  0.99300742,
          0.99595523,  0.93030392],
        [-0.22214427, -0.10927657,  0.        , ...,  0.97416036,
          0.99980943,  0.9648142 ],
        ...,
        [-0.99999274, -0.99300742, -0.97416036, ...,  0.        ,
          0.20679709,  0.47404904],
        [-0.97916465, -0.99595523, -0.99980943, ..., -0.20679709,
          0.        ,  0.28171741],
        [-0.88229819, -0.93030392, -0.9648142 , ..., -0.47404904,
         -0.28171741,  0.        ]]]), 'num': array([ 8.49872057e-01,  5.26983260e-01,  4.17708664e-06,  8.82209830e-04,
        8.92481354e-04,  8.68514464e-04,  5.97768490e-04, -1.02715245e-05,
        8.81068549e-04,  8.33933664e-04,  7.54044029e-04,  8.38041723e-07,
        9.12066298e-04,  7.55801031e-04])}
{'img': array([[[ 0.        ,  0.16632729,  0.09716827, ...,  0.99198172,
          0.83533699,  0.98958923],
        [-0.16632729,  0.        , -0.06972544, ...,  0.95714332,
          0.91513772,  0.99974278],
        [-0.09716827,  0.06972544,  0.        , ...,  0.97500736,
          0.88480126,  0.99889098],
        ...,
        [-0.99198172, -0.95714332, -0.97500736, ...,  0.        ,
          0.65090137,  0.26783236],
        [-0.83533699, -0.91513772, -0.88480126, ..., -0.65090137,
          0.        , -0.4237928 ],
        [-0.98958923, -0.99974278, -0.99889098, ..., -0.26783236,
          0.4237928 ,  0.        ]],

       [[ 0.        , -0.43432186, -0.08590843, ...,  0.28699204,
          0.31510177,  0.03806283],
        [ 0.43432186,  0.        ,  0.35533351, ...,  0.67456153,
          0.69602695,  0.46829252],
        [ 0.08590843, -0.35533351,  0.        , ...,  0.36822555,
          0.39546892,  0.12376828],
        ...,
        [-0.28699204, -0.67456153, -0.36822555, ...,  0.        ,
          0.02947432, -0.25032243],
        [-0.31510177, -0.69602695, -0.39546892, ..., -0.02947432,
          0.        , -0.27874961],
        [-0.03806283, -0.46829252, -0.12376828, ...,  0.25032243,
          0.27874961,  0.        ]],

       [[ 0.        ,  0.01619573, -0.00543523, ...,  0.99813833,
          0.97293582,  0.84735021],
        [-0.01619573,  0.        , -0.02163001, ...,  0.99899521,
          0.97655064,  0.85583956],
        [ 0.00543523,  0.02163001,  0.        , ...,  0.99779209,
          0.9716655 ,  0.8444514 ],
        ...,
        [-0.99813833, -0.99899521, -0.99779209, ...,  0.        ,
          0.17130524,  0.47836534],
        [-0.97293582, -0.97655064, -0.9716655 , ..., -0.17130524,
          0.        ,  0.32086058],
        [-0.84735021, -0.85583956, -0.8444514 , ..., -0.47836534,
         -0.32086058,  0.        ]],

       ...,

       [[ 0.        ,  0.22555373, -0.13576231, ...,  0.64823838,
          0.80297145,  0.73844855],
        [-0.22555373,  0.        , -0.35572924, ...,  0.45978869,
          0.6478455 ,  0.56732617],
        [ 0.13576231,  0.35572924,  0.        , ...,  0.74561113,
          0.8764538 ,  0.82315743],
        ...,
        [-0.64823838, -0.45978869, -0.74561113, ...,  0.        ,
          0.22505114,  0.12516888],
        [-0.80297145, -0.6478455 , -0.8764538 , ..., -0.22505114,
          0.        , -0.10132329],
        [-0.73844855, -0.56732617, -0.82315743, ..., -0.12516888,
          0.10132329,  0.        ]],

       [[ 0.        , -0.00205323, -0.02884861, ...,  0.99874091,
          0.98216759,  0.89471235],
        [ 0.00205323,  0.        , -0.02679617, ...,  0.9988418 ,
          0.9817795 ,  0.8937934 ],
        [ 0.02884861,  0.02679617,  0.        , ...,  0.99977244,
          0.97633505,  0.88145494],
        ...,
        [-0.99874091, -0.9988418 , -0.99977244, ...,  0.        ,
          0.23704192,  0.49096435],
        [-0.98216759, -0.9817795 , -0.97633505, ..., -0.23704192,
          0.        ,  0.27046548],
        [-0.89471235, -0.8937934 , -0.88145494, ..., -0.49096435,
         -0.27046548,  0.        ]],

       [[ 0.        ,  0.10312466,  0.23695778, ...,  0.98101664,
          0.99186208,  0.91014889],
        [-0.10312466,  0.        ,  0.13550676, ...,  0.95578798,
          0.97344438,  0.94801899],
        [-0.23695778, -0.13550676,  0.        , ...,  0.90712553,
          0.93344504,  0.98239498],
        ...,
        [-0.98101664, -0.95578798, -0.90712553, ...,  0.        ,
          0.06744535,  0.58291619],
        [-0.99186208, -0.97344438, -0.93344504, ..., -0.06744535,
          0.        ,  0.52678735],
        [-0.91014889, -0.94801899, -0.98239498, ..., -0.58291619,
         -0.52678735,  0.        ]]]), 'num': array([8.78358599e-01, 4.77994995e-01, 5.04872137e-06, 9.24627262e-04,
       9.24627262e-04, 9.01307533e-04, 8.90778675e-04, 2.33197292e-05,
       9.05971479e-04, 8.57641340e-04, 7.73457118e-04, 8.21205517e-07,
       9.41139242e-04, 7.74143439e-04])}
{'img': array([[[ 0.        , -0.06708825, -0.29679948, ...,  0.99979388,
          0.98210978,  0.90011926],
        [ 0.06708825,  0.        , -0.23206556, ...,  0.99890345,
          0.99253047,  0.86886477],
        [ 0.29679948,  0.23206556,  0.        , ...,  0.96076875,
          0.99374584,  0.73026095],
        ...,
        [-0.99979388, -0.99890345, -0.96076875, ...,  0.        ,
         -0.16833126,  0.45382838],
        [-0.98210978, -0.99253047, -0.99374584, ...,  0.16833126,
          0.        ,  0.59735062],
        [-0.90011926, -0.86886477, -0.73026095, ..., -0.45382838,
         -0.59735062,  0.        ]],

       [[ 0.        ,  0.35533351,  0.10283177, ...,  0.69602695,
          0.46829252,  0.74905376],
        [-0.35533351,  0.        , -0.25732888, ...,  0.39546892,
          0.12376828,  0.46475847],
        [-0.10283177,  0.25732888,  0.        , ...,  0.61850233,
          0.37495056,  0.67695584],
        ...,
        [-0.69602695, -0.39546892, -0.61850233, ...,  0.        ,
         -0.27874961,  0.07670805],
        [-0.46829252, -0.12376828, -0.37495056, ...,  0.27874961,
          0.        ,  0.35159593],
        [-0.74905376, -0.46475847, -0.67695584, ..., -0.07670805,
         -0.35159593,  0.        ]],

       [[ 0.        , -0.02123403, -0.09512048, ...,  0.99576682,
          0.9751015 ,  0.8475433 ],
        [ 0.02123403,  0.        , -0.07396129, ...,  0.99359057,
          0.97017281,  0.83608275],
        [ 0.09512048,  0.07396129,  0.        , ...,  0.98250874,
          0.94958634,  0.7932174 ],
        ...,
        [-0.99576682, -0.99359057, -0.98250874, ...,  0.        ,
          0.13119339,  0.45057728],
        [-0.9751015 , -0.97017281, -0.94958634, ..., -0.13119339,
          0.        ,  0.32956159],
        [-0.8475433 , -0.83608275, -0.7932174 , ..., -0.45057728,
         -0.32956159,  0.        ]],

       ...,

       [[ 0.        , -0.35572924, -0.6436694 , ...,  0.6478455 ,
          0.56732617,  0.45753474],
        [ 0.35572924,  0.        , -0.32932548, ...,  0.8764538 ,
          0.82315743,  0.74391847],
        [ 0.6436694 ,  0.32932548,  0.        , ...,  0.9861277 ,
          0.96423416,  0.92249853],
        ...,
        [-0.6478455 , -0.8764538 , -0.9861277 , ...,  0.        ,
         -0.10132329, -0.22752182],
        [-0.56732617, -0.82315743, -0.96423416, ...,  0.10132329,
          0.        , -0.12768501],
        [-0.45753474, -0.74391847, -0.92249853, ...,  0.22752182,
          0.12768501,  0.        ]],

       [[ 0.        , -0.02597654, -0.05703223, ...,  0.99992056,
          0.99777747,  0.88098484],
        [ 0.02597654,  0.        , -0.03107872, ...,  0.99991057,
          0.99570985,  0.86839689],
        [ 0.05703223,  0.03107872,  0.        , ...,  0.99901191,
          0.99235313,  0.85256641],
        ...,
        [-0.99992056, -0.99991057, -0.99901191, ...,  0.        ,
          0.07920574,  0.48421158],
        [-0.99777747, -0.99570985, -0.99235313, ..., -0.07920574,
          0.        ,  0.4133892 ],
        [-0.88098484, -0.86839689, -0.85256641, ..., -0.48421158,
         -0.4133892 ,  0.        ]],

       [[ 0.        ,  0.13362005,  0.22423197, ...,  0.96179616,
          0.99751952,  0.94390755],
        [-0.13362005,  0.        ,  0.09200367, ...,  0.91659067,
          0.99797996,  0.97956584],
        [-0.22423197, -0.09200367,  0.        , ...,  0.87591756,
          0.98790225,  0.9939153 ],
        ...,
        [-0.96179616, -0.91659067, -0.87591756, ...,  0.        ,
          0.34078871,  0.57600493],
        [-0.99751952, -0.99797996, -0.98790225, ..., -0.34078871,
          0.        ,  0.26294878],
        [-0.94390755, -0.97956584, -0.9939153 , ..., -0.57600493,
         -0.26294878,  0.        ]]]), 'num': array([ 8.78011800e-01,  4.78631608e-01,  5.05544546e-06,  9.22356101e-04,
        9.34031494e-04,  9.17685943e-04,  9.00277931e-04, -3.50261810e-06,
        9.09980183e-04,  8.64271017e-04,  7.77250416e-04,  8.26744093e-07,
        9.49428989e-04,  7.79113046e-04])}
{'img': array([[[ 0.        , -0.23206556, -0.11792899, ...,  0.99253047,
          0.86886477,  0.96281763],
        [ 0.23206556,  0.        ,  0.11573667, ...,  0.99374584,
          0.73026095,  0.87383983],
        [ 0.11792899, -0.11573667,  0.        , ...,  0.9999916 ,
          0.80442117,  0.92424035],
        ...,
        [-0.99253047, -0.99374584, -0.9999916 , ...,  0.        ,
          0.59735062,  0.38559515],
        [-0.86886477, -0.73026095, -0.80442117, ..., -0.59735062,
          0.        , -0.24191667],
        [-0.96281763, -0.87383983, -0.92424035, ..., -0.38559515,
          0.24191667,  0.        ]],

       [[ 0.        , -0.25732888, -0.50433118, ...,  0.12376828,
          0.46475847,  0.47378754],
        [ 0.25732888,  0.        , -0.26514113, ...,  0.37495056,
          0.67695584,  0.68444611],
        [ 0.50433118,  0.26514113,  0.        , ...,  0.60732864,
          0.84787747,  0.85325422],
        ...,
        [-0.12376828, -0.37495056, -0.60732864, ...,  0.        ,
          0.35159593,  0.36114946],
        [-0.46475847, -0.67695584, -0.84787747, ..., -0.35159593,
          0.        ,  0.01022474],
        [-0.47378754, -0.68444611, -0.85325422, ..., -0.36114946,
         -0.01022474,  0.        ]],

       [[ 0.        , -0.07334221, -0.03485364, ...,  0.98364526,
          0.93684621,  0.8321334 ],
        [ 0.07334221,  0.        ,  0.03853787, ...,  0.96778599,
          0.90867231,  0.78921853],
        [ 0.03485364, -0.03853787,  0.        , ...,  0.9767699 ,
          0.92408725,  0.81229884],
        ...,
        [-0.98364526, -0.96778599, -0.9767699 , ...,  0.        ,
          0.17528006,  0.39562452],
        [-0.93684621, -0.90867231, -0.92408725, ..., -0.17528006,
          0.        ,  0.22852033],
        [-0.8321334 , -0.78921853, -0.81229884, ..., -0.39562452,
         -0.22852033,  0.        ]],

       ...,

       [[ 0.        , -0.32932548, -0.32932548, ...,  0.82315743,
          0.74391847,  0.7543238 ],
        [ 0.32932548,  0.        ,  0.        , ...,  0.96423416,
          0.92249853,  0.92844797],
        [ 0.32932548,  0.        ,  0.        , ...,  0.96423416,
          0.92249853,  0.92844797],
        ...,
        [-0.82315743, -0.96423416, -0.96423416, ...,  0.        ,
         -0.12768501, -0.11208994],
        [-0.74391847, -0.92249853, -0.92249853, ...,  0.12768501,
          0.        ,  0.01570789],
        [-0.7543238 , -0.92844797, -0.92844797, ...,  0.11208994,
         -0.01570789,  0.        ]],

       [[ 0.        , -0.03040763, -0.06116676, ...,  0.99979624,
          0.98475799,  0.85880715],
        [ 0.03040763,  0.        , -0.03078778, ...,  0.99994773,
          0.97901381,  0.84283222],
        [ 0.06116676,  0.03078778,  0.        , ...,  0.9991589 ,
          0.97227534,  0.82586342],
        ...,
        [-0.99979624, -0.99994773, -0.9991589 , ...,  0.        ,
          0.19377313,  0.52953057],
        [-0.98475799, -0.97901381, -0.97227534, ..., -0.19377313,
          0.        ,  0.35511806],
        [-0.85880715, -0.84283222, -0.82586342, ..., -0.52953057,
         -0.35511806,  0.        ]],

       [[ 0.        ,  0.08934882,  0.18442564, ...,  0.97493569,
          0.99029549,  0.97364031],
        [-0.08934882,  0.        ,  0.09587184, ...,  0.9511574 ,
          0.9739172 ,  0.99012561],
        [-0.18442564, -0.09587184,  0.        , ...,  0.91717982,
          0.94767736,  0.99900438],
        ...,
        [-0.97493569, -0.9511574 , -0.91717982, ...,  0.        ,
          0.08483328,  0.43899417],
        [-0.99029549, -0.9739172 , -0.94767736, ..., -0.08483328,
          0.        ,  0.36118982],
        [-0.97364031, -0.99012561, -0.99900438, ..., -0.43899417,
         -0.36118982,  0.        ]]]), 'num': array([9.67892789e-01, 2.51347230e-01, 9.03588347e-06, 1.01782040e-03,
       1.02423793e-03, 1.00883585e-03, 7.06262108e-04, 3.85051852e-06,
       1.00909255e-03, 9.56532977e-04, 8.57681610e-04, 9.19731698e-07,
       1.05023728e-03, 8.62828675e-04])}
{'img': array([[[ 0.        ,  0.11573667,  0.07846464, ...,  0.73026095,
          0.87383983,  0.73026095],
        [-0.11573667,  0.        , -0.03744249, ...,  0.80442117,
          0.92424035,  0.80442117],
        [-0.07846464,  0.03744249,  0.        , ...,  0.78161403,
          0.90929629,  0.78161403],
        ...,
        [-0.73026095, -0.80442117, -0.78161403, ...,  0.        ,
         -0.24191667,  0.        ],
        [-0.87383983, -0.92424035, -0.90929629, ...,  0.24191667,
          0.        ,  0.24191667],
        [-0.73026095, -0.80442117, -0.78161403, ...,  0.        ,
         -0.24191667,  0.        ]],

       [[ 0.        , -0.26514113, -0.09237616, ...,  0.67695584,
          0.68444611,  0.41340316],
        [ 0.26514113,  0.        ,  0.17493745, ...,  0.84787747,
          0.85325422,  0.64003105],
        [ 0.09237616, -0.17493745,  0.        , ...,  0.74205234,
          0.74886762,  0.49574846],
        ...,
        [-0.67695584, -0.84787747, -0.74205234, ...,  0.        ,
          0.01022474, -0.31212635],
        [-0.68444611, -0.85325422, -0.74886762, ..., -0.01022474,
          0.        , -0.32182396],
        [-0.41340316, -0.64003105, -0.49574846, ...,  0.31212635,
          0.32182396,  0.        ]],

       [[ 0.        ,  0.03766525,  0.02434238, ...,  0.97293837,
          0.95634831,  0.77816874],
        [-0.03766525,  0.        , -0.01332898, ...,  0.9809511 ,
          0.96667658,  0.80127242],
        [-0.02434238,  0.01332898,  0.        , ...,  0.97827474,
          0.96317848,  0.79322652],
        ...,
        [-0.97293837, -0.9809511 , -0.97827474, ...,  0.        ,
          0.06334261,  0.43125169],
        [-0.95634831, -0.96667658, -0.96317848, ..., -0.06334261,
          0.        ,  0.37323596],
        [-0.77816874, -0.80127242, -0.79322652, ..., -0.43125169,
         -0.37323596,  0.        ]],

       ...,

       [[ 0.        ,  0.        , -0.03493723, ...,  0.92249853,
          0.92844797,  0.94103383],
        [ 0.        ,  0.        , -0.03493723, ...,  0.92249853,
          0.92844797,  0.94103383],
        [ 0.03493723,  0.03493723,  0.        , ...,  0.93542115,
          0.94085903,  0.95227904],
        ...,
        [-0.92249853, -0.92249853, -0.93542115, ...,  0.        ,
          0.01570789,  0.05114687],
        [-0.92844797, -0.92844797, -0.94085903, ..., -0.01570789,
          0.        ,  0.03545323],
        [-0.94103383, -0.94103383, -0.95227904, ..., -0.05114687,
         -0.03545323,  0.        ]],

       [[ 0.        , -0.0302579 , -0.0302579 , ...,  0.99550822,
          0.96770722,  0.83483743],
        [ 0.0302579 ,  0.        ,  0.        , ...,  0.99218773,
          0.95963682,  0.81779831],
        [ 0.0302579 ,  0.        ,  0.        , ...,  0.99218773,
          0.95963682,  0.81779831],
        ...,
        [-0.99550822, -0.99218773, -0.99218773, ...,  0.        ,
          0.15932671,  0.46898546],
        [-0.96770722, -0.95963682, -0.95963682, ..., -0.15932671,
          0.        ,  0.32227631],
        [-0.83483743, -0.81779831, -0.81779831, ..., -0.46898546,
         -0.32227631,  0.        ]],

       [[ 0.        ,  0.0918239 ,  0.0918239 , ...,  0.925323  ,
          0.96752188,  0.98355393],
        [-0.0918239 ,  0.        ,  0.        , ...,  0.88659598,
          0.94022244,  0.99598342],
        [-0.0918239 ,  0.        ,  0.        , ...,  0.88659598,
          0.94022244,  0.99598342],
        ...,
        [-0.925323  , -0.88659598, -0.88659598, ...,  0.        ,
          0.13295492,  0.54007075],
        [-0.96752188, -0.94022244, -0.94022244, ..., -0.13295492,
          0.        ,  0.42337858],
        [-0.98355393, -0.99598342, -0.99598342, ..., -0.54007075,
         -0.42337858,  0.        ]]]), 'num': array([9.83591625e-01, 1.80386788e-01, 1.00905130e-05, 1.03505778e-03,
       1.03505778e-03, 1.02205454e-03, 4.93602931e-04, 3.90097153e-06,
       1.02595551e-03, 9.76348158e-04, 8.72669004e-04, 8.25033060e-07,
       1.06801232e-03, 8.84683996e-04])}
{'img': array([[[ 0.        , -0.03710175, -0.19773523, ...,  0.95543983,
          0.92068527,  0.8       ],
        [ 0.03710175,  0.        , -0.1612299 , ...,  0.9438301 ,
          0.90557035,  0.77718815],
        [ 0.19773523,  0.1612299 ,  0.        , ...,  0.87820647,
          0.82532956,  0.66556324],
        ...,
        [-0.95543983, -0.9438301 , -0.87820647, ...,  0.        ,
          0.1011404 ,  0.33711517],
        [-0.92068527, -0.90557035, -0.82532956, ..., -0.1011404 ,
          0.        ,  0.24016651],
        [-0.8       , -0.77718815, -0.66556324, ..., -0.33711517,
         -0.24016651,  0.        ]],

       [[ 0.        ,  0.17493745,  0.37741411, ...,  0.85325422,
          0.64003105,  0.39401886],
        [-0.17493745,  0.        ,  0.20959433, ...,  0.74886762,
          0.49574846,  0.22715749],
        [-0.37741411, -0.20959433,  0.        , ...,  0.59333182,
          0.30271152,  0.01799684],
        ...,
        [-0.85325422, -0.74886762, -0.59333182, ...,  0.        ,
         -0.32182396, -0.57874903],
        [-0.64003105, -0.49574846, -0.30271152, ...,  0.32182396,
          0.        , -0.28551003],
        [-0.39401886, -0.22715749, -0.01799684, ...,  0.57874903,
          0.28551003,  0.        ]],

       [[ 0.        , -0.01320702, -0.09828555, ...,  0.98075189,
          0.91870907,  0.79684144],
        [ 0.01320702,  0.        , -0.0851339 , ...,  0.97808758,
          0.91341303,  0.78879241],
        [ 0.09828555,  0.0851339 ,  0.        , ...,  0.95681229,
          0.87544451,  0.73360034],
        ...,
        [-0.98075189, -0.97808758, -0.95681229, ...,  0.        ,
          0.20794786,  0.43696926],
        [-0.91870907, -0.91341303, -0.87544451, ..., -0.20794786,
          0.        ,  0.24037287],
        [-0.79684144, -0.78879241, -0.73360034, ..., -0.43696926,
         -0.24037287,  0.        ]],

       ...,

       [[ 0.        , -0.03493723, -0.11541371, ...,  0.92844797,
          0.94103383,  0.78585646],
        [ 0.03493723,  0.        , -0.08063949, ...,  0.94085903,
          0.95227904,  0.8069822 ],
        [ 0.11541371,  0.08063949,  0.        , ...,  0.96511549,
          0.97379128,  0.85197786],
        ...,
        [-0.92844797, -0.94085903, -0.96511549, ...,  0.        ,
          0.03545323, -0.28224434],
        [-0.94103383, -0.95227904, -0.97379128, ..., -0.03545323,
          0.        , -0.3160787 ],
        [-0.78585646, -0.8069822 , -0.85197786, ...,  0.28224434,
          0.3160787 ,  0.        ]],

       [[ 0.        ,  0.        ,  0.01288824, ...,  0.97853719,
          0.93305415,  0.81298015],
        [ 0.        ,  0.        ,  0.01288824, ...,  0.97853719,
          0.93305415,  0.81298015],
        [-0.01288824, -0.01288824,  0.        , ...,  0.9811118 ,
          0.93761302,  0.82041734],
        ...,
        [-0.97853719, -0.97853719, -0.9811118 , ...,  0.        ,
          0.15974023,  0.40226271],
        [-0.93305415, -0.93305415, -0.93761302, ..., -0.15974023,
          0.        ,  0.25085124],
        [-0.81298015, -0.81298015, -0.82041734, ..., -0.40226271,
         -0.25085124,  0.        ]],

       [[ 0.        ,  0.        , -0.03983378, ...,  0.85881966,
          0.92603583,  0.98792772],
        [ 0.        ,  0.        , -0.03983378, ...,  0.85881966,
          0.92603583,  0.98792772],
        [ 0.03983378,  0.03983378,  0.        , ...,  0.878544  ,
          0.94033554,  0.98097275],
        ...,
        [-0.85881966, -0.85881966, -0.878544  , ...,  0.        ,
          0.15023868,  0.63913816],
        [-0.92603583, -0.92603583, -0.94033554, ..., -0.15023868,
          0.        ,  0.51633643],
        [-0.98792772, -0.98792772, -0.98097275, ..., -0.63913816,
         -0.51633643,  0.        ]]]), 'num': array([9.83624249e-01, 1.80207899e-01, 1.00805063e-05, 1.03533035e-03,
       1.03533035e-03, 1.01324676e-03, 7.32785256e-04, 1.29903431e-06,
       1.03117344e-03, 9.83044217e-04, 8.75375923e-04, 8.69138066e-07,
       1.06746696e-03, 8.98621477e-04])}
{'img': array([[[ 0.        , -0.1607702 ,  0.        , ...,  0.91976067,
          0.85591969,  0.77572755],
        [ 0.1607702 ,  0.        ,  0.1607702 , ...,  0.84469726,
          0.76165009,  0.66417986],
        [ 0.        , -0.1607702 ,  0.        , ...,  0.91976067,
          0.85591969,  0.77572755],
        ...,
        [-0.91976067, -0.84469726, -0.91976067, ...,  0.        ,
          0.13968522,  0.27597418],
        [-0.85591969, -0.76165009, -0.85591969, ..., -0.13968522,
          0.        ,  0.13900797],
        [-0.77572755, -0.66417986, -0.77572755, ..., -0.27597418,
         -0.13900797,  0.        ]],

       [[ 0.        ,  0.20959433, -0.2573977 , ...,  0.49574846,
          0.22715749,  0.51434816],
        [-0.20959433,  0.        , -0.45421266, ...,  0.30271152,
          0.01799684,  0.32317947],
        [ 0.2573977 ,  0.45421266,  0.        , ...,  0.70258568,
          0.47017236,  0.71775698],
        ...,
        [-0.49574846, -0.30271152, -0.70258568, ...,  0.        ,
         -0.28551003,  0.02154928],
        [-0.22715749, -0.01799684, -0.47017236, ...,  0.28551003,
          0.        ,  0.30609604],
        [-0.51434816, -0.32317947, -0.71775698, ..., -0.02154928,
         -0.30609604,  0.        ]],

       [[ 0.        , -0.08386711, -0.12090242, ...,  0.96178128,
          0.93605553,  0.7813395 ],
        [ 0.08386711,  0.        , -0.03722458, ...,  0.93542847,
          0.90324892,  0.72624481],
        [ 0.12090242,  0.03722458,  0.        , ...,  0.92162067,
          0.8866492 ,  0.70015195],
        ...,
        [-0.96178128, -0.93542847, -0.92162067, ...,  0.        ,
          0.0820953 ,  0.38630819],
        [-0.93605553, -0.90324892, -0.8866492 , ..., -0.0820953 ,
          0.        ,  0.30928198],
        [-0.7813395 , -0.72624481, -0.70015195, ..., -0.38630819,
         -0.30928198,  0.        ]],

       ...,

       [[ 0.        , -0.08063949,  0.34495485, ...,  0.95227904,
          0.8069822 ,  0.87697223],
        [ 0.08063949,  0.        ,  0.41952123, ...,  0.97379128,
          0.85197786,  0.91286681],
        [-0.34495485, -0.41952123,  0.        , ...,  0.78853731,
          0.55372708,  0.65737807],
        ...,
        [-0.95227904, -0.97379128, -0.78853731, ...,  0.        ,
         -0.3160787 , -0.18993199],
        [-0.8069822 , -0.85197786, -0.55372708, ...,  0.3160787 ,
          0.        ,  0.13013045],
        [-0.87697223, -0.91286681, -0.65737807, ...,  0.18993199,
         -0.13013045,  0.        ]],

       [[ 0.        ,  0.01287153,  0.00721768, ...,  0.93817896,
          0.86172435,  0.81236788],
        [-0.01287153,  0.        , -0.00565412, ...,  0.94255673,
          0.86818368,  0.81980655],
        [-0.00721768,  0.00565412,  0.        , ...,  0.94065292,
          0.86536398,  0.81655567],
        ...,
        [-0.93817896, -0.94255673, -0.94065292, ...,  0.        ,
          0.17772377,  0.26589302],
        [-0.86172435, -0.86818368, -0.86536398, ..., -0.17772377,
          0.        ,  0.09033395],
        [-0.81236788, -0.81980655, -0.81655567, ..., -0.26589302,
         -0.09033395,  0.        ]],

       [[ 0.        , -0.03679809, -0.01770394, ...,  0.83645011,
          0.9284039 ,  0.97262136],
        [ 0.03679809,  0.        ,  0.01910037, ...,  0.85605054,
          0.94144827,  0.96341091],
        [ 0.01770394, -0.01910037,  0.        , ...,  0.84602154,
          0.93483669,  0.96835461],
        ...,
        [-0.83645011, -0.85605054, -0.84602154, ...,  0.        ,
          0.19800337,  0.72742568],
        [-0.9284039 , -0.94144827, -0.93483669, ..., -0.19800337,
          0.        ,  0.57715639],
        [-0.97262136, -0.96341091, -0.96835461, ..., -0.72742568,
         -0.57715639,  0.        ]]]), 'num': array([9.94115146e-01, 1.08277125e-01, 1.06985268e-05, 1.05081616e-03,
       1.09777292e-03, 1.01274311e-03, 1.78812614e-03, 3.93421508e-05,
       1.01629659e-03, 9.70037839e-04, 8.59414479e-04, 9.71411132e-07,
       1.04727297e-03, 8.92802707e-04])}
{'img': array([[[ 0.        ,  0.14821992,  0.12518729, ...,  0.98978233,
          0.98793365,  0.6250425 ],
        [-0.14821992,  0.        , -0.02324937, ...,  0.99998379,
          0.99997732,  0.73383764],
        [-0.12518729,  0.02324937,  0.        , ...,  0.99984587,
          0.99955042,  0.71784541],
        ...,
        [-0.98978233, -0.99998379, -0.99984587, ...,  0.        ,
          0.01242912,  0.68349221],
        [-0.98793365, -0.99997732, -0.99955042, ..., -0.01242912,
          0.        ,  0.67436668],
        [-0.6250425 , -0.73383764, -0.71784541, ..., -0.68349221,
         -0.67436668,  0.        ]],

       [[ 0.        , -0.45421266, -0.49803245, ...,  0.01799684,
          0.32317947,  0.99297674],
