state_0,state_1,state_2,state_3,state_4,state_5,state_6,state_7,state_8,state_9,state_10,state_11,state_12,state_13,state_14,state_15,state_16,state_17,state_18,state_19,state_20,state_21,state_22,state_23,state_24,state_25,state_26,state_27,state_28,state_29,state_30,state_31,state_32,state_33,state_34,state_35,state_36,state_37,state_38,state_39,state_40,state_41,state_42,state_43,state_44,state_45,state_46,state_47,state_48,state_49,state_50,state_51,state_52,state_53,state_54,state_55,state_56,state_57,state_58,state_59,state_60,state_61,state_62,state_63,state_64,state_65,state_66,state_67,state_68,state_69,state_70,state_71,state_72,state_73,state_74,state_75,state_76,state_77,state_78,state_79,state_80,state_81,state_82,state_83,state_84,state_85,state_86,state_87,state_88,state_89,state_90,state_91,state_92,state_93,state_94,state_95,state_96,state_97,state_98,state_99,state_100,state_101,state_102,state_103,state_104,state_105,state_106,state_107,state_108,state_109,state_110,state_111,state_112,state_113,state_114,state_115,state_116,state_117,state_118,state_119,state_120,state_121,state_122,state_123,state_124,state_125,state_126,state_127,state_128,state_129,state_130,state_131,state_132,state_133,state_134,state_135,state_136,state_137,state_138,state_139,state_140,state_141,state_142,state_143,state_144,state_145,state_146,state_147,state_148,state_149,state_150,state_151,state_152,state_153,state_154,state_155,state_156,state_157,state_158,state_159,state_160,state_161,state_162,state_163,state_164,state_165,state_166,state_167,state_168,state_169,state_170,state_171,state_172,state_173,state_174,state_175,state_176,state_177,state_178,state_179,state_180,state_181,state_182,state_183,state_184,state_185,state_186,state_187,state_188,state_189,state_190,state_191,state_192,state_193,state_194,state_195,state_196,state_197,state_198,state_199,state_200,state_201,state_202,state_203,state_204,state_205,state_206,state_207,state_208,state_209,state_210,state_211,state_212,state_213,state_214,state_215,state_216,state_217,state_218,state_219,state_220,state_221,state_222,state_223,state_224,state_225,state_226,state_227,state_228,state_229,state_230,state_231,state_232,state_233,state_234,state_235,state_236,state_237,state_238,state_239,state_240,state_241,state_242,state_243,state_244,state_245,state_246,state_247,state_248,state_249,state_250,state_251,state_252,state_253,state_254,state_255,state_256,state_257,state_258,state_259,state_260,state_261,state_262,state_263,state_264,state_265,state_266,state_267,state_268,state_269,state_270,state_271,state_272,state_273,state_274,state_275,state_276,state_277,state_278,state_279,state_280,state_281,state_282,state_283,state_284,state_285,state_286,state_287
{'img': array([[[ 0.00000000e+00, -5.61965762e-01, -5.23782801e-01, ...,
         -8.69560082e-01, -9.72099738e-01, -9.18654576e-01],
        [ 5.61965762e-01,  0.00000000e+00,  4.54591346e-02, ...,
         -9.96779703e-01, -9.35901628e-01, -9.81885938e-01],
        [ 5.23782801e-01, -4.54591346e-02,  0.00000000e+00, ...,
         -9.99394539e-01, -9.50947594e-01, -9.89484141e-01],
        ...,
        [ 8.69560082e-01,  9.96779703e-01,  9.99394539e-01, ...,
          0.00000000e+00,  2.76078370e-01,  1.10126672e-01],
        [ 9.72099738e-01,  9.35901628e-01,  9.50947594e-01, ...,
         -2.76078370e-01,  0.00000000e+00, -1.68552527e-01],
        [ 9.18654576e-01,  9.81885938e-01,  9.89484141e-01, ...,
         -1.10126672e-01,  1.68552527e-01,  0.00000000e+00]],

       [[ 0.00000000e+00, -9.99163864e-01, -9.84214663e-01, ...,
         -9.62749184e-01, -8.88290494e-01, -9.85634392e-01],
        [ 9.99163864e-01,  0.00000000e+00, -1.36591327e-01, ...,
         -2.30808050e-01,  4.95215673e-01, -1.28454240e-01],
        [ 9.84214663e-01,  1.36591327e-01,  0.00000000e+00, ...,
         -9.57415312e-02,  6.09240712e-01,  8.20942751e-03],
        ...,
        [ 9.62749184e-01,  2.30808050e-01,  9.57415312e-02, ...,
          0.00000000e+00,  6.82363631e-01,  1.03910020e-01],
        [ 8.88290494e-01, -4.95215673e-01, -6.09240712e-01, ...,
         -6.82363631e-01,  0.00000000e+00, -6.02710227e-01],
        [ 9.85634392e-01,  1.28454240e-01, -8.20942751e-03, ...,
         -1.03910020e-01,  6.02710227e-01,  0.00000000e+00]],

       [[ 0.00000000e+00,  2.38080050e-01,  4.64553648e-01, ...,
         -9.10190170e-01, -9.11708344e-01, -9.14718957e-01],
        [-2.38080050e-01,  0.00000000e+00,  2.40365064e-01, ...,
         -9.82628658e-01, -9.83305000e-01, -9.84622618e-01],
        [-4.64553648e-01, -2.40365064e-01,  0.00000000e+00, ...,
         -9.98428089e-01, -9.98215056e-01, -9.97746551e-01],
        ...,
        [ 9.10190170e-01,  9.82628658e-01,  9.98428089e-01, ...,
          0.00000000e+00, -3.68028090e-03, -1.10686839e-02],
        [ 9.11708344e-01,  9.83305000e-01,  9.98215056e-01, ...,
          3.68028090e-03,  0.00000000e+00, -7.38855352e-03],
        [ 9.14718957e-01,  9.84622618e-01,  9.97746551e-01, ...,
          1.10686839e-02,  7.38855352e-03,  0.00000000e+00]],

       ...,

       [[ 0.00000000e+00, -4.71795797e-01, -5.71929320e-01, ...,
         -9.83211040e-01, -8.87540488e-01, -8.93554653e-01],
        [ 4.71795797e-01,  0.00000000e+00, -1.17259107e-01, ...,
         -7.80815341e-01, -5.65181062e-01, -5.76039334e-01],
        [ 5.71929320e-01,  1.17259107e-01,  0.00000000e+00, ...,
         -7.02169753e-01, -4.64547199e-01, -4.76215273e-01],
        ...,
        [ 9.83211040e-01,  7.80815341e-01,  7.02169753e-01, ...,
          0.00000000e+00,  2.91043220e-01,  2.78368202e-01],
        [ 8.87540488e-01,  5.65181062e-01,  4.64547199e-01, ...,
         -2.91043220e-01,  0.00000000e+00, -1.32219568e-02],
        [ 8.93554653e-01,  5.76039334e-01,  4.76215273e-01, ...,
         -2.78368202e-01,  1.32219568e-02,  0.00000000e+00]],

       [[ 0.00000000e+00,  1.75237613e-01,  3.37133750e-01, ...,
         -9.98791065e-01, -9.98409952e-01, -9.97564635e-01],
        [-1.75237613e-01,  0.00000000e+00,  1.66938364e-01, ...,
         -9.74721790e-01, -9.92838856e-01, -9.94350982e-01],
        [-3.37133750e-01, -1.66938364e-01,  0.00000000e+00, ...,
         -9.23746125e-01, -9.58964002e-01, -9.62678413e-01],
        ...,
        [ 9.98791065e-01,  9.74721790e-01,  9.23746125e-01, ...,
          0.00000000e+00,  1.05380586e-01,  1.18701053e-01],
        [ 9.98409952e-01,  9.92838856e-01,  9.58964002e-01, ...,
         -1.05380586e-01,  0.00000000e+00,  1.34045714e-02],
        [ 9.97564635e-01,  9.94350982e-01,  9.62678413e-01, ...,
         -1.18701053e-01, -1.34045714e-02,  0.00000000e+00]],

       [[ 0.00000000e+00, -3.90566509e-02, -8.96868777e-02, ...,
         -5.60919408e-01, -5.49502099e-01, -5.49811984e-01],
        [ 3.90566509e-02,  0.00000000e+00, -5.07191934e-02, ...,
         -5.28157580e-01, -5.16451295e-01, -5.16768907e-01],
        [ 8.96868777e-02,  5.07191934e-02,  0.00000000e+00, ...,
         -4.84409797e-01, -4.72354913e-01, -4.72681836e-01],
        ...,
        [ 5.60919408e-01,  5.28157580e-01,  4.84409797e-01, ...,
          0.00000000e+00,  1.37273383e-02,  1.33564255e-02],
        [ 5.49502099e-01,  5.16451295e-01,  4.72354913e-01, ...,
         -1.37273383e-02,  0.00000000e+00, -3.70946711e-04],
        [ 5.49811984e-01,  5.16768907e-01,  4.72681836e-01, ...,
         -1.33564255e-02,  3.70946711e-04,  0.00000000e+00]]]), 'num': array([9.99964000e-01, 1.58509093e-03, 3.54663901e-06, 1.90167406e-03,
       1.91856282e-03, 1.85100779e-03, 6.45201867e-03, 5.06662716e-05,
       1.85776329e-03, 1.83006573e-03, 1.90330664e-03, 4.08144966e-07,
       1.90460927e-03, 1.75552219e-03])}
{'img': array([[[ 0.00000000e+00,  2.29395340e-01,  2.29395340e-01, ...,
         -9.98362057e-01, -9.92499086e-01, -9.96452330e-01],
        [-2.29395340e-01,  0.00000000e+00,  0.00000000e+00, ...,
         -9.84863217e-01, -9.37988391e-01, -9.89185973e-01],
        [-2.29395340e-01,  0.00000000e+00,  0.00000000e+00, ...,
         -9.84863217e-01, -9.37988391e-01, -9.89185973e-01],
        ...,
        [ 9.98362057e-01,  9.84863217e-01,  9.84863217e-01, ...,
          0.00000000e+00, -1.78834594e-01,  2.70122968e-02],
        [ 9.92499086e-01,  9.37988391e-01,  9.37988391e-01, ...,
          1.78834594e-01,  0.00000000e+00,  2.05346173e-01],
        [ 9.96452330e-01,  9.89185973e-01,  9.89185973e-01, ...,
         -2.70122968e-02, -2.05346173e-01,  0.00000000e+00]],

       [[ 0.00000000e+00, -1.36591327e-01, -1.37752842e-01, ...,
          4.95215673e-01, -1.28454240e-01,  4.39888404e-01],
        [ 1.36591327e-01,  0.00000000e+00, -1.17259955e-03, ...,
          6.09240712e-01,  8.20942751e-03,  5.58431718e-01],
        [ 1.37752842e-01,  1.17259955e-03,  0.00000000e+00, ...,
          6.10170148e-01,  9.38198190e-03,  5.59404064e-01],
        ...,
        [-4.95215673e-01, -6.09240712e-01, -6.10170148e-01, ...,
          0.00000000e+00, -6.02710227e-01, -6.25677647e-02],
        [ 1.28454240e-01, -8.20942751e-03, -9.38198190e-03, ...,
          6.02710227e-01,  0.00000000e+00,  5.51602765e-01],
        [-4.39888404e-01, -5.58431718e-01, -5.59404064e-01, ...,
          6.25677647e-02, -5.51602765e-01,  0.00000000e+00]],

       [[ 0.00000000e+00,  2.40365064e-01,  4.80995124e-01, ...,
         -9.83305000e-01, -9.84622618e-01, -9.69426290e-01],
        [-2.40365064e-01,  0.00000000e+00,  2.56159935e-01, ...,
         -9.98215056e-01, -9.97746551e-01, -9.99986623e-01],
        [-4.80995124e-01, -2.56159935e-01,  0.00000000e+00, ...,
         -9.49610673e-01, -9.47268944e-01, -9.67946467e-01],
        ...,
        [ 9.83305000e-01,  9.98215056e-01,  9.49610673e-01, ...,
          0.00000000e+00, -7.38855352e-03,  6.48843348e-02],
        [ 9.84622618e-01,  9.97746551e-01,  9.47268944e-01, ...,
          7.38855352e-03,  0.00000000e+00,  7.22555480e-02],
        [ 9.69426290e-01,  9.99986623e-01,  9.67946467e-01, ...,
         -6.48843348e-02, -7.22555480e-02,  0.00000000e+00]],

       ...,

       [[ 0.00000000e+00, -3.55345890e-01, -4.57792356e-01, ...,
         -8.33474841e-01, -8.41638154e-01, -7.40414678e-01],
        [ 3.55345890e-01,  0.00000000e+00, -1.11990972e-01, ...,
         -5.82729003e-01, -5.94806882e-01, -4.53245558e-01],
        [ 4.57792356e-01,  1.11990972e-01,  0.00000000e+00, ...,
         -4.88051869e-01, -5.01039057e-01, -3.50567142e-01],
        ...,
        [ 8.33474841e-01,  5.82729003e-01,  4.88051869e-01, ...,
          0.00000000e+00, -1.49420878e-02,  1.51098798e-01],
        [ 8.41638154e-01,  5.94806882e-01,  5.01039057e-01, ...,
          1.49420878e-02,  0.00000000e+00,  1.65852463e-01],
        [ 7.40414678e-01,  4.53245558e-01,  3.50567142e-01, ...,
         -1.51098798e-01, -1.65852463e-01,  0.00000000e+00]],

       [[ 0.00000000e+00,  1.66938364e-01,  3.27801314e-01, ...,
         -9.92838856e-01, -9.94350982e-01, -9.99972325e-01],
        [-1.66938364e-01,  0.00000000e+00,  1.65486921e-01, ...,
         -9.58964002e-01, -9.62678413e-01, -9.84698068e-01],
        [-3.27801314e-01, -1.65486921e-01,  0.00000000e+00, ...,
         -8.98821641e-01, -9.04616304e-01, -9.42281782e-01],
        ...,
        [ 9.92838856e-01,  9.58964002e-01,  8.98821641e-01, ...,
          0.00000000e+00,  1.34045714e-02,  1.12071548e-01],
        [ 9.94350982e-01,  9.62678413e-01,  9.04616304e-01, ...,
         -1.34045714e-02,  0.00000000e+00,  9.87413549e-02],
        [ 9.99972325e-01,  9.84698068e-01,  9.42281782e-01, ...,
         -1.12071548e-01, -9.87413549e-02,  0.00000000e+00]],

       [[ 0.00000000e+00, -5.07191934e-02, -9.03846345e-02, ...,
         -5.16451295e-01, -5.16768907e-01, -5.35794688e-01],
        [ 5.07191934e-02,  0.00000000e+00, -3.97567090e-02, ...,
         -4.72354913e-01, -4.72681836e-01, -4.92280430e-01],
        [ 9.03846345e-02,  3.97567090e-02,  0.00000000e+00, ...,
         -4.36939565e-01, -4.37273198e-01, -4.57285531e-01],
        ...,
        [ 5.16451295e-01,  4.72354913e-01,  4.36939565e-01, ...,
          0.00000000e+00, -3.70946711e-04, -2.27450933e-02],
        [ 5.16768907e-01,  4.72681836e-01,  4.37273198e-01, ...,
          3.70946711e-04,  0.00000000e+00, -2.23742410e-02],
        [ 5.35794688e-01,  4.92280430e-01,  4.57285531e-01, ...,
          2.27450933e-02,  2.23742410e-02,  0.00000000e+00]]]), 'num': array([ 7.07066046e-01,  7.07066046e-01,  0.00000000e+00,  3.12568086e-03,
        3.19302048e-03,  3.09201104e-03,  6.18218147e-03, -3.36698117e-05,
        3.10772362e-03,  3.04571505e-03,  3.15364551e-03,  6.47786087e-07,
        3.17450789e-03,  2.91692222e-03])}
{'img': array([[[ 0.        ,  0.        , -0.44939465, ..., -0.93798839,
         -0.98918597, -0.97397239],
        [ 0.        ,  0.        , -0.44939465, ..., -0.93798839,
         -0.98918597, -0.97397239],
        [ 0.44939465,  0.44939465,  0.        , ..., -0.99372644,
         -0.94958402, -0.97194479],
        ...,
        [ 0.93798839,  0.93798839,  0.99372644, ...,  0.        ,
          0.20534617,  0.12503306],
        [ 0.98918597,  0.98918597,  0.94958402, ..., -0.20534617,
          0.        , -0.0813662 ],
        [ 0.97397239,  0.97397239,  0.97194479, ..., -0.12503306,
          0.0813662 ,  0.        ]],

       [[ 0.        , -0.0011726 , -0.05104912, ...,  0.00820943,
          0.55843172,  0.03568468],
        [ 0.0011726 ,  0.        , -0.04987802, ...,  0.00938198,
          0.55940406,  0.0368565 ],
        [ 0.05104912,  0.04987802,  0.        , ...,  0.05924613,
          0.60005143,  0.08665476],
        ...,
        [-0.00820943, -0.00938198, -0.05924613, ...,  0.        ,
          0.55160277,  0.02747927],
        [-0.55843172, -0.55940406, -0.60005143, ..., -0.55160277,
          0.        , -0.52847381],
        [-0.03568468, -0.0368565 , -0.08665476, ..., -0.02747927,
          0.52847381,  0.        ]],

       [[ 0.        ,  0.25615993,  0.51507875, ..., -0.99774655,
         -0.99998662, -0.99747359],
        [-0.25615993,  0.        ,  0.27832719, ..., -0.94726894,
         -0.96794647, -0.98238945],
        [-0.51507875, -0.27832719,  0.        , ..., -0.82065181,
         -0.85979563, -0.89156765],
        ...,
        [ 0.99774655,  0.94726894,  0.82065181, ...,  0.        ,
          0.07225555,  0.13780425],
        [ 0.99998662,  0.96794647,  0.85979563, ..., -0.07225555,
          0.        ,  0.06587786],
        [ 0.99747359,  0.98238945,  0.89156765, ..., -0.13780425,
         -0.06587786,  0.        ]],

       ...,

       [[ 0.        , -0.11421799,  0.34682026, ..., -0.59968255,
         -0.45802344, -0.54505005],
        [ 0.11421799,  0.        ,  0.45167923, ..., -0.50435648,
         -0.35349305, -0.44572232],
        [-0.34682026, -0.45167923,  0.        , ..., -0.83999997,
         -0.73789711, -0.80199499],
        ...,
        [ 0.59968255,  0.50435648,  0.83999997, ...,  0.        ,
          0.16655411,  0.06660619],
        [ 0.45802344,  0.35349305,  0.73789711, ..., -0.16655411,
          0.        , -0.10050839],
        [ 0.54505005,  0.44572232,  0.80199499, ..., -0.06660619,
          0.10050839,  0.        ]],

       [[ 0.        ,  0.16548692,  0.32743269, ..., -0.96267841,
         -0.98469807, -0.99205678],
        [-0.16548692,  0.        ,  0.16655367, ..., -0.9046163 ,
         -0.94228178, -0.95756155],
        [-0.32743269, -0.16655367,  0.        , ..., -0.82099133,
         -0.87335471, -0.89618113],
        ...,
        [ 0.96267841,  0.9046163 ,  0.82099133, ...,  0.        ,
          0.09874135,  0.14740194],
        [ 0.98469807,  0.94228178,  0.87335471, ..., -0.09874135,
          0.        ,  0.04901883],
        [ 0.99205678,  0.95756155,  0.89618113, ..., -0.14740194,
         -0.04901883,  0.        ]],

       [[ 0.        , -0.03975671, -0.05096538, ..., -0.47268184,
         -0.49228043, -0.49113394],
        [ 0.03975671,  0.        , -0.01122004, ..., -0.4372732 ,
         -0.45728553, -0.4561142 ],
        [ 0.05096538,  0.01122004,  0.        , ..., -0.42715517,
         -0.44727854, -0.44610054],
        ...,
        [ 0.47268184,  0.4372732 ,  0.42715517, ...,  0.        ,
         -0.02237424, -0.02105789],
        [ 0.49228043,  0.45728553,  0.44727854, ...,  0.02237424,
          0.        ,  0.00131666],
        [ 0.49113394,  0.4561142 ,  0.44610054, ...,  0.02105789,
         -0.00131666,  0.        ]]]), 'num': array([ 9.76173811e-01,  2.15893837e-01,  2.86357806e-06,  4.27123581e-03,
        4.52059232e-03,  4.19884198e-03,  1.79192901e-02, -2.09137723e-04,
        4.44015474e-03,  4.35931496e-03,  4.50463887e-03,  8.13839104e-07,
        4.54764716e-03,  4.17098276e-03])}
{'img': array([[[ 0.        , -0.44939465, -0.82849261, ..., -0.98918597,
         -0.97397239, -0.81932221],
        [ 0.44939465,  0.        , -0.48845906, ..., -0.94958402,
         -0.97194479, -0.98958078],
        [ 0.82849261,  0.48845906,  0.        , ..., -0.67545639,
         -0.7332162 , -0.93382287],
        ...,
        [ 0.98918597,  0.94958402,  0.67545639, ...,  0.        ,
         -0.0813662 , -0.44696603],
        [ 0.97397239,  0.97194479,  0.7332162 , ...,  0.0813662 ,
          0.        , -0.3726978 ],
        [ 0.81932221,  0.98958078,  0.93382287, ...,  0.44696603,
          0.3726978 ,  0.        ]],

       [[ 0.        , -0.04987802,  0.28142985, ...,  0.55940406,
          0.0368565 ,  0.70872445],
        [ 0.04987802,  0.        ,  0.3289416 , ...,  0.60005143,
          0.08665476,  0.74303053],
        [-0.28142985, -0.3289416 ,  0.        , ...,  0.30351814,
         -0.24587181,  0.48153444],
        ...,
        [-0.55940406, -0.60005143, -0.30351814, ...,  0.        ,
         -0.52847381,  0.19280683],
        [-0.0368565 , -0.08665476,  0.24587181, ...,  0.52847381,
          0.        ,  0.6822412 ],
        [-0.70872445, -0.74303053, -0.48153444, ..., -0.19280683,
         -0.6822412 ,  0.        ]],

       [[ 0.        ,  0.27832719, -0.2446191 , ..., -0.96794647,
         -0.98238945, -0.97614128],
        [-0.27832719,  0.        , -0.5048247 , ..., -0.85979563,
         -0.89156765, -0.8771354 ],
        [ 0.2446191 ,  0.5048247 ,  0.        , ..., -0.99997723,
         -0.99824952, -0.99960108],
        ...,
        [ 0.96794647,  0.85979563,  0.99997723, ...,  0.        ,
          0.06587786,  0.03498795],
        [ 0.98238945,  0.89156765,  0.99824952, ..., -0.06587786,
          0.        , -0.03092558],
        [ 0.97614128,  0.8771354 ,  0.99960108, ..., -0.03498795,
          0.03092558,  0.        ]],

       ...,

       [[ 0.        ,  0.45167923, -0.45524639, ..., -0.35349305,
         -0.44572232, -0.64342675],
        [-0.45167923,  0.        , -0.80832151, ..., -0.73789711,
         -0.80199499, -0.91981666],
        [ 0.45524639,  0.80832151,  0.        , ...,  0.11111637,
          0.01066771, -0.22439037],
        ...,
        [ 0.35349305,  0.73789711, -0.11111637, ...,  0.        ,
         -0.10050839, -0.33128364],
        [ 0.44572232,  0.80199499, -0.01066771, ...,  0.10050839,
          0.        , -0.23477329],
        [ 0.64342675,  0.91981666,  0.22439037, ...,  0.33128364,
          0.23477329,  0.        ]],

       [[ 0.        ,  0.16655367,  0.2161823 , ..., -0.94228178,
         -0.95756155, -0.95498047],
        [-0.16655367,  0.        ,  0.05054757, ..., -0.87335471,
         -0.89618113, -0.89223042],
        [-0.2161823 , -0.05054757,  0.        , ..., -0.8476173 ,
         -0.87260813, -0.86826355],
        ...,
        [ 0.94228178,  0.87335471,  0.8476173 , ...,  0.        ,
          0.04901883,  0.04020196],
        [ 0.95756155,  0.89618113,  0.87260813, ..., -0.04901883,
          0.        , -0.00882557],
        [ 0.95498047,  0.89223042,  0.86826355, ..., -0.04020196,
          0.00882557,  0.        ]],

       [[ 0.        , -0.01122004,  0.03245111, ..., -0.45728553,
         -0.4561142 , -0.47783447],
        [ 0.01122004,  0.        ,  0.0436632 , ..., -0.44727854,
         -0.44610054, -0.46794815],
        [-0.03245111, -0.0436632 ,  0.        , ..., -0.48590411,
         -0.48475292, -0.50608949],
        ...,
        [ 0.45728553,  0.44727854,  0.48590411, ...,  0.        ,
          0.00131666, -0.02324529],
        [ 0.4561142 ,  0.44610054,  0.48475292, ..., -0.00131666,
          0.        , -0.02456158],
        [ 0.47783447,  0.46794815,  0.50608949, ...,  0.02324529,
          0.02456158,  0.        ]]]), 'num': array([9.90526805e-01, 1.36489846e-01, 3.21066526e-06, 4.33521299e-03,
       4.41670196e-03, 4.32706409e-03, 8.44114863e-03, 8.14889660e-06,
       4.45092732e-03, 4.40936795e-03, 4.54762756e-03, 7.84708561e-07,
       4.60137089e-03, 4.21736500e-03])}
{'img': array([[[ 0.        , -0.76173618, -0.85347929, ..., -0.98309456,
         -0.835628  , -0.84471824],
        [ 0.76173618,  0.        , -0.1559973 , ..., -0.77640732,
         -0.95981126, -0.95497203],
        [ 0.85347929,  0.1559973 ,  0.        , ..., -0.66858774,
         -0.90428068, -0.89699701],
        ...,
        [ 0.98309456,  0.77640732,  0.66858774, ...,  0.        ,
         -0.38700738, -0.37149656],
        [ 0.835628  ,  0.95981126,  0.90428068, ...,  0.38700738,
          0.        ,  0.01676264],
        [ 0.84471824,  0.95497203,  0.89699701, ...,  0.37149656,
         -0.01676264,  0.        ]],

       [[ 0.        ,  0.3289416 ,  0.21643153, ...,  0.08665476,
          0.74303053,  0.0309684 ],
        [-0.3289416 ,  0.        , -0.11675779, ..., -0.24587181,
          0.48153444, -0.29953881],
        [-0.21643153,  0.11675779,  0.        , ..., -0.13101655,
          0.58057065, -0.18609334],
        ...,
        [-0.08665476,  0.24587181,  0.13101655, ...,  0.        ,
          0.6822412 , -0.05576129],
        [-0.74303053, -0.48153444, -0.58057065, ..., -0.6822412 ,
          0.        , -0.72194831],
        [-0.0309684 ,  0.29953881,  0.18609334, ...,  0.05576129,
          0.72194831,  0.        ]],

       [[ 0.        , -0.5048247 , -0.67079664, ..., -0.89156765,
         -0.8771354 , -0.82275992],
        [ 0.5048247 ,  0.        , -0.20464747, ..., -0.99824952,
         -0.99960108, -0.9971612 ],
        [ 0.67079664,  0.20464747,  0.        , ..., -0.96501886,
         -0.97266537, -0.99146623],
        ...,
        [ 0.89156765,  0.99824952,  0.96501886, ...,  0.        ,
         -0.03092558, -0.13413958],
        [ 0.8771354 ,  0.99960108,  0.97266537, ...,  0.03092558,
          0.        , -0.10342934],
        [ 0.82275992,  0.9971612 ,  0.99146623, ...,  0.13413958,
          0.10342934,  0.        ]],

       ...,

       [[ 0.        , -0.80832151, -0.83024598, ..., -0.80199499,
         -0.91981666, -0.94667278],
        [ 0.80832151,  0.        , -0.03824398, ...,  0.01066771,
         -0.22439037, -0.29690693],
        [ 0.83024598,  0.03824398,  0.        , ...,  0.04890171,
         -0.18695749, -0.2601703 ],
        ...,
        [ 0.80199499, -0.01066771, -0.04890171, ...,  0.        ,
         -0.23477329, -0.30707671],
        [ 0.91981666,  0.22439037,  0.18695749, ...,  0.23477329,
          0.        , -0.0750638 ],
        [ 0.94667278,  0.29690693,  0.2601703 , ...,  0.30707671,
          0.0750638 ,  0.        ]],

       [[ 0.        ,  0.05054757,  0.04515169, ..., -0.89618113,
         -0.89223042, -0.88365951],
        [-0.05054757,  0.        , -0.00540205, ..., -0.87260813,
         -0.86826355, -0.85886704],
        [-0.04515169,  0.00540205,  0.        , ..., -0.87523387,
         -0.87093086, -0.86162143],
        ...,
        [ 0.89618113,  0.87260813,  0.87523387, ...,  0.        ,
         -0.00882557, -0.02745998],
        [ 0.89223042,  0.86826355,  0.87093086, ...,  0.00882557,
          0.        , -0.01863667],
        [ 0.88365951,  0.85886704,  0.86162143, ...,  0.02745998,
          0.01863667,  0.        ]],

       [[ 0.        ,  0.0436632 ,  0.10525013, ..., -0.44610054,
         -0.46794815, -0.48516716],
        [-0.0436632 ,  0.        ,  0.06172906, ..., -0.48475292,
         -0.50608949, -0.5228845 ],
        [-0.10525013, -0.06172906,  0.        , ..., -0.53781986,
         -0.55836448, -0.5745054 ],
        ...,
        [ 0.44610054,  0.48475292,  0.53781986, ...,  0.        ,
         -0.02456158, -0.04413642],
        [ 0.46794815,  0.50608949,  0.55836448, ...,  0.02456158,
          0.        , -0.01958547],
        [ 0.48516716,  0.5228845 ,  0.5745054 , ...,  0.04413642,
          0.01958547,  0.        ]]]), 'num': array([ 9.98847039e-01,  4.59846569e-02,  3.59570710e-06,  4.37092836e-03,
        4.42041057e-03,  4.34618725e-03,  5.63470395e-03, -1.64940693e-05,
        4.47484099e-03,  4.45628517e-03,  4.58713812e-03,  8.63447922e-07,
        4.65395783e-03,  4.25861250e-03])}
{'img': array([[[ 0.        , -0.18734636, -0.08792922, ..., -0.98675056,
         -0.9837607 , -0.98946551],
        [ 0.18734636,  0.        ,  0.10024838, ..., -0.93888312,
         -0.93271628, -0.94482405],
        [ 0.08792922, -0.10024838,  0.        , ..., -0.96866255,
         -0.96416834, -0.97290363],
        ...,
        [ 0.98675056,  0.93888312,  0.96866255, ...,  0.        ,
          0.01749704, -0.01768484],
        [ 0.9837607 ,  0.93271628,  0.96416834, ..., -0.01749704,
          0.        , -0.03517644],
        [ 0.98946551,  0.94482405,  0.97290363, ...,  0.01768484,
          0.03517644,  0.        ]],

       [[ 0.        , -0.11675779, -0.40339411, ...,  0.48153444,
         -0.29953881, -0.64621402],
        [ 0.11675779,  0.        , -0.29379861, ...,  0.58057065,
         -0.18609334, -0.55268976],
        [ 0.40339411,  0.29379861,  0.        , ...,  0.79416225,
          0.11078601, -0.28345012],
        ...,
        [-0.48153444, -0.58057065, -0.79416225, ...,  0.        ,
         -0.72194831, -0.93384554],
        [ 0.29953881,  0.18609334, -0.11078601, ...,  0.72194831,
          0.        , -0.38794763],
        [ 0.64621402,  0.55268976,  0.28345012, ...,  0.93384554,
          0.38794763,  0.        ]],

       [[ 0.        , -0.49394299, -0.66282256, ..., -0.89697164,
         -0.84377013, -0.80340549],
        [ 0.49394299,  0.        , -0.20646752, ..., -0.99827803,
         -0.99875485, -0.9926661 ],
        [ 0.66282256,  0.20646752,  0.        , ..., -0.96465725,
         -0.98753525, -0.99623711],
        ...,
        [ 0.89697164,  0.99827803,  0.96465725, ...,  0.        ,
         -0.1083882 , -0.17890989],
        [ 0.84377013,  0.99875485,  0.98753525, ...,  0.1083882 ,
          0.        , -0.07121646],
        [ 0.80340549,  0.9926661 ,  0.99623711, ...,  0.17890989,
          0.07121646,  0.        ]],

       ...,

       [[ 0.        , -0.05102999,  0.06664165, ..., -0.28250391,
         -0.36689251, -0.21700834],
        [ 0.05102999,  0.        ,  0.11747138, ..., -0.2331845 ,
         -0.31894316, -0.16691167],
        [-0.06664165, -0.11747138,  0.        , ..., -0.34580298,
         -0.42807119, -0.28157949],
        ...,
        [ 0.28250391,  0.2331845 ,  0.34580298, ...,  0.        ,
         -0.08914453,  0.06760302],
        [ 0.36689251,  0.31894316,  0.42807119, ...,  0.08914453,
          0.        ,  0.15627447],
        [ 0.21700834,  0.16691167,  0.28157949, ..., -0.06760302,
         -0.15627447,  0.        ]],

       [[ 0.        , -0.00540205, -0.02590674, ..., -0.86826355,
         -0.85886704, -0.85408674],
        [ 0.00540205,  0.        , -0.02050612, ..., -0.87093086,
         -0.86162143, -0.85688405],
        [ 0.02590674,  0.02050612,  0.        , ..., -0.88082455,
         -0.87184817, -0.86727497],
        ...,
        [ 0.86826355,  0.87093086,  0.88082455, ...,  0.        ,
         -0.01863667, -0.02789525],
        [ 0.85886704,  0.86162143,  0.87184817, ...,  0.01863667,
          0.        , -0.00926099],
        [ 0.85408674,  0.85688405,  0.86727497, ...,  0.02789525,
          0.00926099,  0.        ]],

       [[ 0.        ,  0.06172906,  0.14711156, ..., -0.50608949,
         -0.5228845 , -0.54226034],
        [-0.06172906,  0.        ,  0.08577357, ..., -0.55836448,
         -0.5745054 , -0.59309162],
        [-0.14711156, -0.08577357,  0.        , ..., -0.62746411,
         -0.64259389, -0.65996518],
        ...,
        [ 0.50608949,  0.55836448,  0.62746411, ...,  0.        ,
         -0.01958547, -0.04246751],
        [ 0.5228845 ,  0.5745054 ,  0.64259389, ...,  0.01958547,
          0.        , -0.02289157],
        [ 0.54226034,  0.59309162,  0.65996518, ...,  0.04246751,
          0.02289157,  0.        ]]]), 'num': array([9.98870514e-01, 4.54135496e-02, 3.55105015e-06, 4.37365580e-03,
       4.41437885e-03, 4.30849892e-03, 6.34958716e-03, 5.70122730e-05,
       4.37691365e-03, 4.40256917e-03, 4.51944433e-03, 8.47479734e-07,
       4.59629965e-03, 4.20883869e-03])}
{'img': array([[[ 0.00000000e+00,  1.00248380e-01,  3.62126591e-01, ...,
         -9.32716278e-01, -9.44824049e-01, -8.98718837e-01],
        [-1.00248380e-01,  0.00000000e+00,  2.66857943e-01, ...,
         -9.64168342e-01, -9.72903634e-01, -9.38152942e-01],
        [-3.62126591e-01, -2.66857943e-01,  0.00000000e+00, ...,
         -9.99998679e-01, -9.99322623e-01, -9.96523500e-01],
        ...,
        [ 9.32716278e-01,  9.64168342e-01,  9.99998679e-01, ...,
          0.00000000e+00, -3.51764388e-02,  8.49317376e-02],
        [ 9.44824049e-01,  9.72903634e-01,  9.99322623e-01, ...,
          3.51764388e-02,  0.00000000e+00,  1.19928513e-01],
        [ 8.98718837e-01,  9.38152942e-01,  9.96523500e-01, ...,
         -8.49317376e-02, -1.19928513e-01,  0.00000000e+00]],

       [[ 0.00000000e+00, -2.93798606e-01, -2.41167479e-01, ...,
         -1.86093336e-01, -5.52689755e-01, -4.33546319e-01],
        [ 2.93798606e-01,  0.00000000e+00,  5.46025856e-02, ...,
          1.10786010e-01, -2.83450124e-01, -1.49661654e-01],
        [ 2.41167479e-01, -5.46025856e-02,  0.00000000e+00, ...,
          5.63542678e-02, -3.35390432e-01, -2.03425995e-01],
        ...,
        [ 1.86093336e-01, -1.10786010e-01, -5.63542678e-02, ...,
          0.00000000e+00, -3.87947627e-01, -2.58278636e-01],
        [ 5.52689755e-01,  2.83450124e-01,  3.35390432e-01, ...,
          3.87947627e-01,  0.00000000e+00,  1.36734124e-01],
        [ 4.33546319e-01,  1.49661654e-01,  2.03425995e-01, ...,
          2.58278636e-01, -1.36734124e-01,  0.00000000e+00]],

       [[ 0.00000000e+00, -4.91539735e-01, -6.25648974e-01, ...,
         -8.63491727e-01, -8.23586818e-01, -7.53069773e-01],
        [ 4.91539735e-01,  0.00000000e+00, -1.61397167e-01, ...,
         -9.99890672e-01, -9.96021354e-01, -9.79218668e-01],
        [ 6.25648974e-01,  1.61397167e-01,  0.00000000e+00, ...,
         -9.89168159e-01, -9.97345941e-01, -9.99113179e-01],
        ...,
        [ 8.63491727e-01,  9.99890672e-01,  9.89168159e-01, ...,
          0.00000000e+00, -7.43773489e-02, -1.88305788e-01],
        [ 8.23586818e-01,  9.96021354e-01,  9.97345941e-01, ...,
          7.43773489e-02,  0.00000000e+00, -1.14737441e-01],
        [ 7.53069773e-01,  9.79218668e-01,  9.99113179e-01, ...,
          1.88305788e-01,  1.14737441e-01,  0.00000000e+00]],

       ...,

       [[ 0.00000000e+00,  1.17471378e-01,  6.95943032e-01, ...,
         -3.18943163e-01, -1.66911665e-01, -1.79331933e-01],
        [-1.17471378e-01,  0.00000000e+00,  6.06768666e-01, ...,
         -4.28071185e-01, -2.81579485e-01, -2.93657291e-01],
        [-6.95943032e-01, -6.06768666e-01,  0.00000000e+00, ...,
         -8.88628730e-01, -8.06039007e-01, -8.13438561e-01],
        ...,
        [ 3.18943163e-01,  4.28071185e-01,  8.88628730e-01, ...,
          0.00000000e+00,  1.56274471e-01,  1.43806541e-01],
        [ 1.66911665e-01,  2.81579485e-01,  8.06039007e-01, ...,
         -1.56274471e-01,  0.00000000e+00, -1.26104406e-02],
        [ 1.79331933e-01,  2.93657291e-01,  8.13438561e-01, ...,
         -1.43806541e-01,  1.26104406e-02,  0.00000000e+00]],

       [[ 0.00000000e+00, -2.05061248e-02,  3.60047568e-02, ...,
         -8.61621432e-01, -8.56884055e-01, -8.57127550e-01],
        [ 2.05061248e-02,  0.00000000e+00,  5.64900150e-02, ...,
         -8.71848171e-01, -8.67274971e-01, -8.67510111e-01],
        [-3.60047568e-02, -5.64900150e-02,  0.00000000e+00, ...,
         -8.42788505e-01, -8.37767684e-01, -8.38025602e-01],
        ...,
        [ 8.61621432e-01,  8.71848171e-01,  8.42788505e-01, ...,
          0.00000000e+00, -9.26098689e-03, -8.78848025e-03],
        [ 8.56884055e-01,  8.67274971e-01,  8.37767684e-01, ...,
          9.26098689e-03,  0.00000000e+00,  4.72525862e-04],
        [ 8.57127550e-01,  8.67510111e-01,  8.38025602e-01, ...,
          8.78848025e-03, -4.72525862e-04,  0.00000000e+00]],

       [[ 0.00000000e+00,  8.57735702e-02,  1.36461177e-01, ...,
         -5.74505402e-01, -5.93091622e-01, -5.86960640e-01],
        [-8.57735702e-02,  0.00000000e+00,  5.09870766e-02, ...,
         -6.42593887e-01, -6.59965177e-01, -6.54241097e-01],
        [-1.36461177e-01, -5.09870766e-02,  0.00000000e+00, ...,
         -6.80824727e-01, -6.97413165e-01, -6.91950949e-01],
        ...,
        [ 5.74505402e-01,  6.42593887e-01,  6.80824727e-01, ...,
          0.00000000e+00, -2.28915682e-02, -1.52992864e-02],
        [ 5.93091622e-01,  6.59965177e-01,  6.97413165e-01, ...,
          2.28915682e-02,  0.00000000e+00,  7.59361173e-03],
        [ 5.86960640e-01,  6.54241097e-01,  6.91950949e-01, ...,
          1.52992864e-02, -7.59361173e-03,  0.00000000e+00]]]), 'num': array([ 9.98853503e-01,  4.55747976e-02,  3.56365871e-06,  4.37283810e-03,
        4.41370574e-03,  4.32379692e-03,  7.69421706e-03, -1.63470583e-05,
        4.35649104e-03,  4.41901854e-03,  4.52568309e-03,  8.39148993e-07,
        4.61252759e-03,  4.22550948e-03])}
{'img': array([[[ 0.00000000e+00,  2.66857943e-01,  1.59818672e-01, ...,
         -9.72903634e-01, -9.38152942e-01, -9.49241851e-01],
        [-2.66857943e-01,  0.00000000e+00, -1.09404866e-01, ...,
         -9.99322623e-01, -9.96523500e-01, -9.98757831e-01],
        [-1.59818672e-01,  1.09404866e-01,  0.00000000e+00, ...,
         -9.97350141e-01, -9.81426886e-01, -9.87311172e-01],
        ...,
        [ 9.72903634e-01,  9.99322623e-01,  9.97350141e-01, ...,
          0.00000000e+00,  1.19928513e-01,  8.65489218e-02],
        [ 9.38152942e-01,  9.96523500e-01,  9.81426886e-01, ...,
         -1.19928513e-01,  0.00000000e+00, -3.35542360e-02],
        [ 9.49241851e-01,  9.98757831e-01,  9.87311172e-01, ...,
         -8.65489218e-02,  3.35542360e-02,  0.00000000e+00]],

       [[ 0.00000000e+00,  5.46025856e-02, -2.66282062e-01, ...,
         -2.83450124e-01, -1.49661654e-01,  2.46970499e-02],
        [-5.46025856e-02,  0.00000000e+00, -3.18515981e-01, ...,
         -3.35390432e-01, -2.03425995e-01, -2.99257248e-02],
        [ 2.66282062e-01,  3.18515981e-01,  0.00000000e+00, ...,
         -1.78551704e-02,  1.19024856e-01,  2.90006207e-01],
        ...,
        [ 2.83450124e-01,  3.35390432e-01,  1.78551704e-02, ...,
          0.00000000e+00,  1.36734124e-01,  3.07047816e-01],
        [ 1.49661654e-01,  2.03425995e-01, -1.19024856e-01, ...,
         -1.36734124e-01,  0.00000000e+00,  1.74034898e-01],
        [-2.46970499e-02,  2.99257248e-02, -2.90006207e-01, ...,
         -3.07047816e-01, -1.74034898e-01,  0.00000000e+00]],

       [[ 0.00000000e+00, -4.29671916e-01, -5.71078402e-01, ...,
         -8.43382638e-01, -7.73063732e-01, -6.97671397e-01],
        [ 4.29671916e-01,  0.00000000e+00, -1.62959522e-01, ...,
         -9.92430427e-01, -9.70618093e-01, -9.37811514e-01],
        [ 5.71078402e-01,  1.62959522e-01,  0.00000000e+00, ...,
         -9.99177128e-01, -9.96855781e-01, -9.81846121e-01],
        ...,
        [ 8.43382638e-01,  9.92430427e-01,  9.99177128e-01, ...,
          0.00000000e+00, -1.19603997e-01, -2.29346214e-01],
        [ 7.73063732e-01,  9.70618093e-01,  9.96855781e-01, ...,
          1.19603997e-01,  0.00000000e+00, -1.11283952e-01],
        [ 6.97671397e-01,  9.37811514e-01,  9.81846121e-01, ...,
          2.29346214e-01,  1.11283952e-01,  0.00000000e+00]],

       ...,

       [[ 0.00000000e+00,  6.06768666e-01,  2.49681023e-01, ...,
         -2.81579485e-01, -2.93657291e-01, -3.19161421e-01],
        [-6.06768666e-01,  0.00000000e+00, -3.89085104e-01, ...,
         -8.06039007e-01, -8.13438561e-01, -8.28729431e-01],
        [-2.49681023e-01,  3.89085104e-01,  0.00000000e+00, ...,
         -5.12239746e-01, -5.23029398e-01, -5.45675783e-01],
        ...,
        [ 2.81579485e-01,  8.06039007e-01,  5.12239746e-01, ...,
          0.00000000e+00, -1.26104406e-02, -3.93944997e-02],
        [ 2.93657291e-01,  8.13438561e-01,  5.23029398e-01, ...,
          1.26104406e-02,  0.00000000e+00, -2.67907156e-02],
        [ 3.19161421e-01,  8.28729431e-01,  5.45675783e-01, ...,
          3.93944997e-02,  2.67907156e-02,  0.00000000e+00]],

       [[ 0.00000000e+00,  5.64900150e-02,  1.03502746e-01, ...,
         -8.67274971e-01, -8.67510111e-01, -8.67358163e-01],
        [-5.64900150e-02,  0.00000000e+00,  4.71508521e-02, ...,
         -8.37767684e-01, -8.38025602e-01, -8.37858933e-01],
        [-1.03502746e-01, -4.71508521e-02,  0.00000000e+00, ...,
         -8.11090272e-01, -8.11366571e-01, -8.11188021e-01],
        ...,
        [ 8.67274971e-01,  8.37767684e-01,  8.11090272e-01, ...,
          0.00000000e+00,  4.72525862e-04,  1.67134751e-04],
        [ 8.67510111e-01,  8.38025602e-01,  8.11366571e-01, ...,
         -4.72525862e-04,  0.00000000e+00, -3.05391124e-04],
        [ 8.67358163e-01,  8.37858933e-01,  8.11188021e-01, ...,
         -1.67134751e-04,  3.05391124e-04,  0.00000000e+00]],

       [[ 0.00000000e+00,  5.09870766e-02,  8.52258872e-02, ...,
         -6.59965177e-01, -6.54241097e-01, -6.51072192e-01],
        [-5.09870766e-02,  0.00000000e+00,  3.43134669e-02, ...,
         -6.97413165e-01, -6.91950949e-01, -6.88925348e-01],
        [-8.52258872e-02, -3.43134669e-02,  0.00000000e+00, ...,
         -7.21593880e-01, -7.16315892e-01, -7.13391163e-01],
        ...,
        [ 6.59965177e-01,  6.97413165e-01,  7.21593880e-01, ...,
          0.00000000e+00,  7.59361173e-03,  1.17759460e-02],
        [ 6.54241097e-01,  6.91950949e-01,  7.16315892e-01, ...,
         -7.59361173e-03,  0.00000000e+00,  4.18252130e-03],
        [ 6.51072192e-01,  6.88925348e-01,  7.13391163e-01, ...,
         -1.17759460e-02, -4.18252130e-03,  0.00000000e+00]]]), 'num': array([ 9.98854592e-01,  4.58200590e-02,  3.58283659e-06,  4.37171804e-03,
        4.39637059e-03,  4.34706550e-03,  5.79804857e-03, -2.46525453e-05,
        4.38157906e-03,  4.44197780e-03,  4.53908143e-03,  6.19681468e-07,
        4.63758055e-03,  4.24637504e-03])}
{'img': array([[[ 0.00000000e+00, -1.09404866e-01, -5.70637711e-02, ...,
         -9.96523500e-01, -9.98757831e-01, -9.99998679e-01],
        [ 1.09404866e-01,  0.00000000e+00,  5.25053622e-02, ...,
         -9.81426886e-01, -9.87311172e-01, -9.94173780e-01],
        [ 5.70637711e-02, -5.25053622e-02,  0.00000000e+00, ...,
         -9.90145596e-01, -9.94287038e-01, -9.98461966e-01],
        ...,
        [ 9.96523500e-01,  9.81426886e-01,  9.90145596e-01, ...,
          0.00000000e+00, -3.35542360e-02, -8.49317376e-02],
        [ 9.98757831e-01,  9.87311172e-01,  9.94287038e-01, ...,
          3.35542360e-02,  0.00000000e+00, -5.14509155e-02],
        [ 9.99998679e-01,  9.94173780e-01,  9.98461966e-01, ...,
          8.49317376e-02,  5.14509155e-02,  0.00000000e+00]],

       [[ 0.00000000e+00, -3.18515981e-01, -3.33242829e-01, ...,
         -2.03425995e-01, -2.99257248e-02, -3.01611839e-01],
        [ 3.18515981e-01,  0.00000000e+00, -1.55767698e-02, ...,
          1.19024856e-01,  2.90006207e-01,  1.77798094e-02],
        [ 3.33242829e-01,  1.55767698e-02,  0.00000000e+00, ...,
          1.34476454e-01,  3.04878377e-01,  3.33519598e-02],
        ...,
        [ 2.03425995e-01, -1.19024856e-01, -1.34476454e-01, ...,
          0.00000000e+00,  1.74034898e-01, -1.01352624e-01],
