state_0,state_1,state_2,state_3,state_4,state_5,state_6,state_7,state_8,state_9,state_10,state_11,state_12,state_13,state_14,state_15,state_16,state_17,state_18,state_19,state_20,state_21,state_22,state_23,state_24,state_25,state_26,state_27,state_28,state_29,state_30,state_31,state_32,state_33,state_34,state_35,state_36,state_37,state_38,state_39,state_40,state_41,state_42,state_43,state_44,state_45,state_46,state_47,state_48,state_49,state_50,state_51,state_52,state_53,state_54,state_55,state_56,state_57,state_58,state_59,state_60,state_61,state_62,state_63,state_64,state_65,state_66,state_67,state_68,state_69,state_70,state_71,state_72,state_73,state_74,state_75,state_76,state_77,state_78,state_79,state_80,state_81,state_82,state_83,state_84,state_85,state_86,state_87,state_88,state_89,state_90,state_91,state_92,state_93,state_94,state_95,state_96,state_97,state_98,state_99,state_100,state_101,state_102,state_103,state_104,state_105,state_106,state_107,state_108,state_109,state_110,state_111,state_112,state_113,state_114,state_115,state_116,state_117,state_118,state_119,state_120,state_121,state_122,state_123,state_124,state_125,state_126,state_127,state_128,state_129,state_130,state_131,state_132,state_133,state_134,state_135,state_136,state_137,state_138,state_139,state_140,state_141,state_142,state_143,state_144,state_145,state_146,state_147,state_148,state_149,state_150,state_151,state_152,state_153,state_154,state_155,state_156,state_157,state_158,state_159,state_160,state_161,state_162,state_163,state_164,state_165,state_166,state_167,state_168,state_169,state_170,state_171,state_172,state_173,state_174,state_175,state_176,state_177,state_178,state_179,state_180,state_181,state_182,state_183,state_184,state_185,state_186,state_187,state_188,state_189,state_190,state_191,state_192,state_193,state_194,state_195,state_196,state_197,state_198,state_199,state_200,state_201,state_202,state_203,state_204,state_205,state_206,state_207,state_208,state_209,state_210,state_211,state_212,state_213,state_214,state_215,state_216,state_217,state_218,state_219,state_220,state_221,state_222,state_223,state_224,state_225,state_226,state_227,state_228,state_229,state_230,state_231,state_232,state_233,state_234,state_235,state_236,state_237,state_238,state_239,state_240,state_241,state_242,state_243,state_244,state_245,state_246,state_247,state_248,state_249,state_250,state_251,state_252,state_253,state_254,state_255,state_256,state_257,state_258,state_259,state_260,state_261,state_262,state_263,state_264,state_265,state_266,state_267,state_268,state_269,state_270,state_271,state_272,state_273,state_274,state_275,state_276,state_277,state_278,state_279,state_280,state_281,state_282,state_283,state_284,state_285,state_286,state_287
{'img': array([[[ 0.00000000e+00,  5.04581131e-01,  1.96919924e-01, ...,
         -8.78920085e-01, -8.45987887e-01, -7.50608297e-01],
        [-5.04581131e-01,  0.00000000e+00, -3.24687589e-01, ...,
         -9.99497795e-01, -9.99439450e-01, -9.81449085e-01],
        [-1.96919924e-01,  3.24687589e-01,  0.00000000e+00, ...,
         -9.55635168e-01, -9.34421205e-01, -8.66025404e-01],
        ...,
        [ 8.78920085e-01,  9.99497795e-01,  9.55635168e-01, ...,
          0.00000000e+00,  6.51320014e-02,  2.22727267e-01],
        [ 8.45987887e-01,  9.99439450e-01,  9.34421205e-01, ...,
         -6.51320014e-02,  0.00000000e+00,  1.58758403e-01],
        [ 7.50608297e-01,  9.81449085e-01,  8.66025404e-01, ...,
         -2.22727267e-01, -1.58758403e-01,  0.00000000e+00]],

       [[ 0.00000000e+00,  1.84934175e-01,  1.53184329e-01, ...,
         -2.31440123e-01, -2.31315071e-01, -1.58968016e-01],
        [-1.84934175e-01,  0.00000000e+00, -3.22094746e-02, ...,
         -4.07361047e-01, -4.07243652e-01, -3.38808465e-01],
        [-1.53184329e-01,  3.22094746e-02,  0.00000000e+00, ...,
         -3.77733827e-01, -3.77614806e-01, -3.08328214e-01],
        ...,
        [ 2.31440123e-01,  4.07361047e-01,  3.77733827e-01, ...,
          0.00000000e+00,  1.28540192e-04,  7.38451695e-02],
        [ 2.31315071e-01,  4.07243652e-01,  3.77614806e-01, ...,
         -1.28540192e-04,  0.00000000e+00,  7.37169797e-02],
        [ 1.58968016e-01,  3.38808465e-01,  3.08328214e-01, ...,
         -7.38451695e-02, -7.37169797e-02,  0.00000000e+00]],

       [[ 0.00000000e+00,  2.21077122e-01,  3.84045582e-01, ...,
         -9.93133503e-01, -9.48681519e-01, -8.84744573e-01],
        [-2.21077122e-01,  0.00000000e+00,  1.70419253e-01, ...,
         -9.94422776e-01, -9.95119559e-01, -9.65891532e-01],
        [-3.84045582e-01, -1.70419253e-01,  0.00000000e+00, ...,
         -9.61902356e-01, -9.97378982e-01, -9.95891682e-01],
        ...,
        [ 9.93133503e-01,  9.94422776e-01,  9.61902356e-01, ...,
          0.00000000e+00,  2.03078742e-01,  3.59372720e-01],
        [ 9.48681519e-01,  9.95119559e-01,  9.97378982e-01, ...,
         -2.03078742e-01,  0.00000000e+00,  1.62372373e-01],
        [ 8.84744573e-01,  9.65891532e-01,  9.95891682e-01, ...,
         -3.59372720e-01, -1.62372373e-01,  0.00000000e+00]],

       ...,

       [[ 0.00000000e+00,  4.18614859e-01,  3.60662030e-01, ...,
          8.04533639e-01,  7.99203806e-01,  8.53281929e-01],
        [-4.18614859e-01,  0.00000000e+00, -6.29004235e-02, ...,
          4.82030047e-01,  4.74195314e-01,  5.56633154e-01],
        [-3.60662030e-01,  6.29004235e-02,  0.00000000e+00, ...,
          5.36186035e-01,  5.28635086e-01,  6.07785969e-01],
        ...,
        [-8.04533639e-01, -4.82030047e-01, -5.36186035e-01, ...,
          0.00000000e+00, -8.92029041e-03,  8.72462330e-02],
        [-7.99203806e-01, -4.74195314e-01, -5.28635086e-01, ...,
          8.92029041e-03,  0.00000000e+00,  9.61290371e-02],
        [-8.53281929e-01, -5.56633154e-01, -6.07785969e-01, ...,
         -8.72462330e-02, -9.61290371e-02,  0.00000000e+00]],

       [[ 0.00000000e+00, -3.52829737e-01, -4.96023491e-01, ...,
         -1.06489348e-01, -0.00000000e+00, -2.12232928e-01],
        [ 3.52829737e-01,  0.00000000e+00, -1.57757729e-01, ...,
         -4.50464248e-01, -3.52829737e-01, -5.43375668e-01],
        [ 4.96023491e-01,  1.57757729e-01,  0.00000000e+00, ...,
         -5.85668694e-01, -4.96023491e-01, -6.69007417e-01],
        ...,
        [ 1.06489348e-01,  4.50464248e-01,  5.85668694e-01, ...,
          0.00000000e+00, -1.06489348e-01,  1.06962713e-01],
        [ 0.00000000e+00,  3.52829737e-01,  4.96023491e-01, ...,
          1.06489348e-01,  0.00000000e+00,  2.12232928e-01],
        [ 2.12232928e-01,  5.43375668e-01,  6.69007417e-01, ...,
         -1.06962713e-01, -2.12232928e-01,  0.00000000e+00]],

       [[ 0.00000000e+00,  1.59675730e-02,  9.79681796e-03, ...,
         -9.20832313e-01, -9.18970590e-01, -9.00036283e-01],
        [-1.59675730e-02,  0.00000000e+00, -6.17123771e-03, ...,
         -9.26941611e-01, -9.25149861e-01, -9.06880445e-01],
        [-9.79681796e-03,  6.17123771e-03,  0.00000000e+00, ...,
         -9.24608477e-01, -9.22789629e-01, -9.04262690e-01],
        ...,
        [ 9.20832313e-01,  9.26941611e-01,  9.24608477e-01, ...,
          0.00000000e+00,  4.74754158e-03,  5.03354551e-02],
        [ 9.18970590e-01,  9.25149861e-01,  9.22789629e-01, ...,
         -4.74754158e-03,  0.00000000e+00,  4.55933644e-02],
        [ 9.00036283e-01,  9.06880445e-01,  9.04262690e-01, ...,
         -5.03354551e-02, -4.55933644e-02,  0.00000000e+00]]]), 'num': array([ 9.99379349e-01,  3.45848690e-02,  2.47066448e-05,  1.19405257e-03,
        1.23991887e-03,  1.18335044e-03,  5.74490647e-03, -3.51641603e-05,
        1.20322583e-03,  1.18816640e-03,  1.32140799e-03,  1.29886856e-06,
        1.23759690e-03,  1.13873590e-03])}
{'img': array([[[ 0.        , -0.32468759, -0.23102837, ..., -0.99943945,
         -0.98144909, -0.99907837],
        [ 0.32468759,  0.        ,  0.09739227, ..., -0.9344212 ,
         -0.8660254 , -0.95888628],
        [ 0.23102837, -0.09739227,  0.        , ..., -0.96466723,
         -0.91060452, -0.98196682],
        ...,
        [ 0.99943945,  0.9344212 ,  0.96466723, ...,  0.        ,
          0.1587584 , -0.07634651],
        [ 0.98144909,  0.8660254 ,  0.91060452, ..., -0.1587584 ,
          0.        , -0.23367329],
        [ 0.99907837,  0.95888628,  0.98196682, ...,  0.07634651,
          0.23367329,  0.        ]],

       [[ 0.        , -0.03220947, -0.12226697, ..., -0.40724365,
         -0.33880847, -0.07887199],
        [ 0.03220947,  0.        , -0.09023572, ..., -0.37761481,
         -0.30832821, -0.04672193],
        [ 0.12226697,  0.09023572,  0.        , ..., -0.29251938,
         -0.22123093,  0.04360585],
        ...,
        [ 0.40724365,  0.37761481,  0.29251938, ...,  0.        ,
          0.07371698,  0.33393966],
        [ 0.33880847,  0.30832821,  0.22123093, ..., -0.07371698,
          0.        ,  0.26354586],
        [ 0.07887199,  0.04672193, -0.04360585, ..., -0.33393966,
         -0.26354586,  0.        ]],

       [[ 0.        ,  0.17041925,  0.2283972 , ..., -0.99511956,
         -0.96589153, -0.96666539],
        [-0.17041925,  0.        ,  0.05914138, ..., -0.99737898,
         -0.99589168, -0.99615932],
        [-0.2283972 , -0.05914138,  0.        , ..., -0.99135404,
         -0.99950389, -0.99959403],
        ...,
        [ 0.99511956,  0.99737898,  0.99135404, ...,  0.        ,
          0.16237237,  0.1594062 ],
        [ 0.96589153,  0.99589168,  0.99950389, ..., -0.16237237,
          0.        , -0.00300533],
        [ 0.96666539,  0.99615932,  0.99959403, ..., -0.1594062 ,
          0.00300533,  0.        ]],

       ...,

       [[ 0.        , -0.06290042,  0.09759784, ...,  0.47419531,
          0.55663315,  0.06621981],
        [ 0.06290042,  0.        ,  0.16000471, ...,  0.52863509,
          0.60778597,  0.12885104],
        [-0.09759784, -0.16000471,  0.        , ...,  0.38600442,
          0.47289553, -0.03147995],
        ...,
        [-0.47419531, -0.52863509, -0.38600442, ...,  0.        ,
          0.09612904, -0.41485326],
        [-0.55663315, -0.60778597, -0.47289553, ..., -0.09612904,
          0.        , -0.50039872],
        [-0.06621981, -0.12885104,  0.03147995, ...,  0.41485326,
          0.50039872,  0.        ]],

       [[ 0.        , -0.36658913, -0.44793941, ..., -0.        ,
         -0.2156885 , -0.22942321],
        [ 0.36658913,  0.        , -0.08900108, ..., -0.36658913,
         -0.55863334, -0.57026245],
        [ 0.44793941,  0.08900108,  0.        , ..., -0.44793941,
         -0.63023522, -0.64111044],
        ...,
        [ 0.        ,  0.36658913,  0.44793941, ...,  0.        ,
          0.2156885 ,  0.22942321],
        [ 0.2156885 ,  0.55863334,  0.63023522, ..., -0.2156885 ,
          0.        ,  0.01408771],
        [ 0.22942321,  0.57026245,  0.64111044, ..., -0.22942321,
         -0.01408771,  0.        ]],

       [[ 0.        , -0.00617124, -0.01631492, ..., -0.92514986,
         -0.90688044, -0.8975936 ],
        [ 0.00617124,  0.        , -0.0101442 , ..., -0.92278963,
         -0.90426269, -0.89485608],
        [ 0.01631492,  0.0101442 ,  0.        , ..., -0.91883355,
         -0.89988483, -0.89028212],
        ...,
        [ 0.92514986,  0.92278963,  0.91883355, ...,  0.        ,
          0.04559336,  0.0670998 ],
        [ 0.90688044,  0.90426269,  0.89988483, ..., -0.04559336,
          0.        ,  0.02153941],
        [ 0.8975936 ,  0.89485608,  0.89028212, ..., -0.0670998 ,
         -0.02153941,  0.        ]]]), 'num': array([9.99978683e-01, 3.08810074e-03, 2.52697233e-05, 1.20542997e-03,
       1.21154115e-03, 1.17945746e-03, 4.62203711e-03, 1.22223571e-05,
       1.20512441e-03, 1.18763116e-03, 1.31619508e-03, 1.68138245e-06,
       1.23739390e-03, 1.13786842e-03])}
{'img': array([[[ 0.00000000e+00,  9.73922659e-02, -1.36562451e-01, ...,
         -8.66025404e-01, -9.58886284e-01, -9.30621736e-01],
        [-9.73922659e-02,  0.00000000e+00, -2.32393086e-01, ...,
         -9.10604516e-01, -9.81966817e-01, -9.61841493e-01],
        [ 1.36562451e-01,  2.32393086e-01,  0.00000000e+00, ...,
         -7.89630788e-01, -9.11147786e-01, -8.71923707e-01],
        ...,
        [ 8.66025404e-01,  9.10604516e-01,  7.89630788e-01, ...,
          0.00000000e+00, -2.33673288e-01, -1.48360734e-01],
        [ 9.58886284e-01,  9.81966817e-01,  9.11147786e-01, ...,
          2.33673288e-01,  0.00000000e+00,  8.68339063e-02],
        [ 9.30621736e-01,  9.61841493e-01,  8.71923707e-01, ...,
          1.48360734e-01, -8.68339063e-02,  0.00000000e+00]],

       [[ 0.00000000e+00, -9.02357205e-02, -1.30711392e-01, ...,
         -3.08328214e-01, -4.67219277e-02, -1.44613509e-01],
        [ 9.02357205e-02,  0.00000000e+00, -4.07166070e-02, ...,
         -2.21230929e-01,  4.36058546e-02, -5.47363662e-02],
        [ 1.30711392e-01,  4.07166070e-02,  0.00000000e+00, ...,
         -1.81339762e-01,  8.42475717e-02, -1.40354089e-02],
        ...,
        [ 3.08328214e-01,  2.21230929e-01,  1.81339762e-01, ...,
          0.00000000e+00,  2.63545862e-01,  1.67519191e-01],
        [ 4.67219277e-02, -4.36058546e-02, -8.42475717e-02, ...,
         -2.63545862e-01,  0.00000000e+00, -9.82247842e-02],
        [ 1.44613509e-01,  5.47363662e-02,  1.40354089e-02, ...,
         -1.67519191e-01,  9.82247842e-02,  0.00000000e+00]],

       [[ 0.00000000e+00,  5.91413844e-02,  3.66612485e-02, ...,
         -9.95891682e-01, -9.96159324e-01, -9.93468579e-01],
        [-5.91413844e-02,  0.00000000e+00, -2.25045495e-02, ...,
         -9.99503890e-01, -9.99594031e-01, -9.98478016e-01],
        [-3.66612485e-02,  2.25045495e-02,  0.00000000e+00, ...,
         -9.98541962e-01, -9.98699683e-01, -9.96983989e-01],
        ...,
        [ 9.95891682e-01,  9.99503890e-01,  9.98541962e-01, ...,
          0.00000000e+00, -3.00532570e-03,  2.36761479e-02],
        [ 9.96159324e-01,  9.99594031e-01,  9.98699683e-01, ...,
          3.00532570e-03,  0.00000000e+00,  2.66805243e-02],
        [ 9.93468579e-01,  9.98478016e-01,  9.96983989e-01, ...,
         -2.36761479e-02, -2.66805243e-02,  0.00000000e+00]],

       ...,

       [[ 0.00000000e+00,  1.60004709e-01,  1.33077630e-01, ...,
          6.07785969e-01,  1.28851039e-01,  6.00365323e-01],
        [-1.60004709e-01,  0.00000000e+00, -2.72184748e-02, ...,
          4.72895527e-01, -3.14799482e-02,  4.64670461e-01],
        [-1.33077630e-01,  2.72184748e-02,  0.00000000e+00, ...,
          4.96703025e-01, -4.26330031e-03,  4.88599820e-01],
        ...,
        [-6.07785969e-01, -4.72895527e-01, -4.96703025e-01, ...,
          0.00000000e+00, -5.00398717e-01, -9.31153343e-03],
        [-1.28851039e-01,  3.14799482e-02,  4.26330031e-03, ...,
          5.00398717e-01,  0.00000000e+00,  4.92315143e-01],
        [-6.00365323e-01, -4.64670461e-01, -4.88599820e-01, ...,
          9.31153343e-03, -4.92315143e-01,  0.00000000e+00]],

       [[ 0.00000000e+00, -2.71738344e-01, -4.01227379e-01, ...,
         -2.19496185e-01, -2.33466590e-01, -2.47590820e-01],
        [ 2.71738344e-01,  0.00000000e+00, -1.37223186e-01, ...,
         -4.76348359e-01, -4.88910323e-01, -5.01551954e-01],
        [ 4.01227379e-01,  1.37223186e-01,  0.00000000e+00, ...,
         -5.92496575e-01, -6.03989764e-01, -6.15522905e-01],
        ...,
        [ 2.19496185e-01,  4.76348359e-01,  5.92496575e-01, ...,
          0.00000000e+00,  1.43427546e-02,  2.88908082e-02],
        [ 2.33466590e-01,  4.88910323e-01,  6.03989764e-01, ...,
         -1.43427546e-02,  0.00000000e+00,  1.45510689e-02],
        [ 2.47590820e-01,  5.01551954e-01,  6.15522905e-01, ...,
         -2.88908082e-02, -1.45510689e-02,  0.00000000e+00]],

       [[ 0.00000000e+00, -1.01441961e-02, -3.88385435e-02, ...,
         -9.04262690e-01, -8.94856076e-01, -8.95153006e-01],
        [ 1.01441961e-02,  0.00000000e+00, -2.87000029e-02, ...,
         -8.99884828e-01, -8.90282122e-01, -8.90585081e-01],
        [ 3.88385435e-02,  2.87000029e-02,  0.00000000e+00, ...,
         -8.86997275e-01, -8.76845136e-01, -8.77164982e-01],
        ...,
        [ 9.04262690e-01,  8.99884828e-01,  8.86997275e-01, ...,
          0.00000000e+00,  2.15394138e-02,  2.08738855e-02],
        [ 8.94856076e-01,  8.90282122e-01,  8.76845136e-01, ...,
         -2.15394138e-02,  0.00000000e+00, -6.65678017e-04],
        [ 8.95153006e-01,  8.90585081e-01,  8.77164982e-01, ...,
         -2.08738855e-02,  6.65678017e-04,  0.00000000e+00]]]), 'num': array([9.99983655e-01, 1.87777671e-03, 2.52365582e-05, 1.20544188e-03,
       1.21458556e-03, 1.20239399e-03, 4.17210903e-03, 3.04789351e-06,
       1.20483230e-03, 1.18471621e-03, 1.30945125e-03, 1.64751000e-06,
       1.23447628e-03, 1.13495614e-03])}
{'img': array([[[ 0.00000000e+00, -2.32393086e-01, -2.32393086e-01, ...,
         -9.81966817e-01, -9.61841493e-01, -9.55946936e-01],
        [ 2.32393086e-01,  0.00000000e+00,  0.00000000e+00, ...,
         -9.11147786e-01, -8.71923707e-01, -8.61558414e-01],
        [ 2.32393086e-01,  0.00000000e+00,  0.00000000e+00, ...,
         -9.11147786e-01, -8.71923707e-01, -8.61558414e-01],
        ...,
        [ 9.81966817e-01,  9.11147786e-01,  9.11147786e-01, ...,
          0.00000000e+00,  8.68339063e-02,  1.07521102e-01],
        [ 9.61841493e-01,  8.71923707e-01,  8.71923707e-01, ...,
         -8.68339063e-02,  0.00000000e+00,  2.07844602e-02],
        [ 9.55946936e-01,  8.61558414e-01,  8.61558414e-01, ...,
         -1.07521102e-01, -2.07844602e-02,  0.00000000e+00]],

       [[ 0.00000000e+00, -4.07166070e-02,  5.04343980e-01, ...,
          4.36058546e-02, -5.47363662e-02, -9.88006319e-02],
        [ 4.07166070e-02,  0.00000000e+00,  4.68766839e-01, ...,
          8.42475717e-02, -1.40354089e-02, -5.82013092e-02],
        [-5.04343980e-01, -4.68766839e-01,  0.00000000e+00, ...,
         -5.41518033e-01, -4.56322881e-01, -4.16561724e-01],
        ...,
        [-4.36058546e-02, -8.42475717e-02,  5.41518033e-01, ...,
          0.00000000e+00, -9.82247842e-02, -1.42099156e-01],
        [ 5.47363662e-02,  1.40354089e-02,  4.56322881e-01, ...,
          9.82247842e-02,  0.00000000e+00, -4.41839593e-02],
        [ 9.88006319e-02,  5.82013092e-02,  4.16561724e-01, ...,
          1.42099156e-01,  4.41839593e-02,  0.00000000e+00]],

       [[ 0.00000000e+00, -2.25045495e-02, -5.03632405e-03, ...,
         -9.99594031e-01, -9.98478016e-01, -9.96713302e-01],
        [ 2.25045495e-02,  0.00000000e+00,  1.74692155e-02, ...,
         -9.98699683e-01, -9.96983989e-01, -9.94637785e-01],
        [ 5.03632405e-03, -1.74692155e-02,  0.00000000e+00, ...,
         -9.99437861e-01, -9.98187594e-01, -9.96292669e-01],
        ...,
        [ 9.99594031e-01,  9.98699683e-01,  9.99437861e-01, ...,
          0.00000000e+00,  2.66805243e-02,  5.25789726e-02],
        [ 9.98478016e-01,  9.96983989e-01,  9.98187594e-01, ...,
         -2.66805243e-02,  0.00000000e+00,  2.59166362e-02],
        [ 9.96713302e-01,  9.94637785e-01,  9.96292669e-01, ...,
         -5.25789726e-02, -2.59166362e-02,  0.00000000e+00]],

       ...,

       [[ 0.00000000e+00, -2.72184748e-02,  2.34157064e-02, ...,
         -3.14799482e-02,  4.64670461e-01,  4.25494263e-01],
        [ 2.72184748e-02,  0.00000000e+00,  5.06180430e-02, ...,
         -4.26330031e-03,  4.88599820e-01,  4.49968282e-01],
        [-2.34157064e-02, -5.06180430e-02,  0.00000000e+00, ...,
         -5.48754181e-02,  4.43808829e-01,  4.04187295e-01],
        ...,
        [ 3.14799482e-02,  4.26330031e-03,  5.48754181e-02, ...,
          0.00000000e+00,  4.92315143e-01,  4.53771510e-01],
        [-4.64670461e-01, -4.88599820e-01, -4.43808829e-01, ...,
         -4.92315143e-01,  0.00000000e+00, -4.37404721e-02],
        [-4.25494263e-01, -4.49968282e-01, -4.04187295e-01, ...,
         -4.53771510e-01,  4.37404721e-02,  0.00000000e+00]],

       [[ 0.00000000e+00, -3.03856761e-01, -4.36025839e-01, ...,
         -2.35662680e-01, -2.49915448e-01, -2.53975790e-01],
        [ 3.03856761e-01,  0.00000000e+00, -1.41958471e-01, ...,
         -5.19818623e-01, -5.32313554e-01, -5.35860711e-01],
        [ 4.36025839e-01,  1.41958471e-01,  0.00000000e+00, ...,
         -6.35826027e-01, -6.47097166e-01, -6.50290289e-01],
        ...,
        [ 2.35662680e-01,  5.19818623e-01,  6.35826027e-01, ...,
          0.00000000e+00,  1.46920055e-02,  1.88871036e-02],
        [ 2.49915448e-01,  5.32313554e-01,  6.47097166e-01, ...,
         -1.46920055e-02,  0.00000000e+00,  4.19568026e-03],
        [ 2.53975790e-01,  5.35860711e-01,  6.50290289e-01, ...,
         -1.88871036e-02, -4.19568026e-03,  0.00000000e+00]],

       [[ 0.00000000e+00, -2.87000029e-02, -4.93425365e-02, ...,
         -8.90282122e-01, -8.90585081e-01, -8.90813854e-01],
        [ 2.87000029e-02,  0.00000000e+00, -2.06571670e-02, ...,
         -8.76845136e-01, -8.77164982e-01, -8.77406526e-01],
        [ 4.93425365e-02,  2.06571670e-02,  0.00000000e+00, ...,
         -8.66726627e-01, -8.67058464e-01, -8.67309076e-01],
        ...,
        [ 8.90282122e-01,  8.76845136e-01,  8.66726627e-01, ...,
          0.00000000e+00, -6.65678017e-04, -1.16892673e-03],
        [ 8.90585081e-01,  8.77164982e-01,  8.67058464e-01, ...,
          6.65678017e-04,  0.00000000e+00, -5.03248904e-04],
        [ 8.90813854e-01,  8.77406526e-01,  8.67309076e-01, ...,
          1.16892673e-03,  5.03248904e-04,  0.00000000e+00]]]), 'num': array([ 9.90097906e-01,  1.40293153e-01,  2.17341369e-05,  1.19187202e-03,
        1.22083055e-03,  1.18882376e-03,  3.50221383e-03, -1.37171972e-05,
        1.20315061e-03,  1.18600411e-03,  1.30569936e-03,  1.73196935e-06,
        1.23530952e-03,  1.13669870e-03])}
{'img': array([[[ 0.00000000e+00,  0.00000000e+00,  9.26193239e-01, ...,
         -8.71923707e-01, -8.61558414e-01, -9.06457396e-01],
        [ 0.00000000e+00,  0.00000000e+00,  9.26193239e-01, ...,
         -8.71923707e-01, -8.61558414e-01, -9.06457396e-01],
        [-9.26193239e-01, -9.26193239e-01,  0.00000000e+00, ...,
         -7.82261003e-01, -7.95039715e-01, -7.32907901e-01],
        ...,
        [ 8.71923707e-01,  8.71923707e-01,  7.82261003e-01, ...,
          0.00000000e+00,  2.07844602e-02, -7.56283834e-02],
        [ 8.61558414e-01,  8.61558414e-01,  7.95039715e-01, ...,
         -2.07844602e-02,  0.00000000e+00, -9.63369811e-02],
        [ 9.06457396e-01,  9.06457396e-01,  7.32907901e-01, ...,
          7.56283834e-02,  9.63369811e-02,  0.00000000e+00]],

       [[ 0.00000000e+00,  4.68766839e-01,  5.50402229e-01, ...,
         -1.40354089e-02, -5.82013092e-02, -1.35274297e-01],
        [-4.68766839e-01,  0.00000000e+00, -8.77555624e-01, ...,
         -4.56322881e-01, -4.16561724e-01, -3.44967268e-01],
        [-5.50402229e-01,  8.77555624e-01,  0.00000000e+00, ...,
         -5.62066171e-01, -5.98061475e-01, -6.58283495e-01],
        ...,
        [ 1.40354089e-02,  4.56322881e-01,  5.62066171e-01, ...,
          0.00000000e+00, -4.41839593e-02, -1.21354575e-01],
        [ 5.82013092e-02,  4.16561724e-01,  5.98061475e-01, ...,
          4.41839593e-02,  0.00000000e+00, -7.73786558e-02],
        [ 1.35274297e-01,  3.44967268e-01,  6.58283495e-01, ...,
          1.21354575e-01,  7.73786558e-02,  0.00000000e+00]],

       [[ 0.00000000e+00,  1.74692155e-02,  9.52280751e-02, ...,
         -9.96983989e-01, -9.94637785e-01, -9.96269302e-01],
        [-1.74692155e-02,  0.00000000e+00,  7.78237171e-02, ...,
         -9.98187594e-01, -9.96292669e-01, -9.97624845e-01],
        [-9.52280751e-02, -7.78237171e-02,  0.00000000e+00, ...,
         -9.99843590e-01, -9.99966113e-01, -9.99959803e-01],
        ...,
        [ 9.96983989e-01,  9.98187594e-01,  9.99843590e-01, ...,
          0.00000000e+00,  2.59166362e-02,  8.72051369e-03],
        [ 9.94637785e-01,  9.96292669e-01,  9.99966113e-01, ...,
         -2.59166362e-02,  0.00000000e+00, -1.71980662e-02],
        [ 9.96269302e-01,  9.97624845e-01,  9.99959803e-01, ...,
         -8.72051369e-03,  1.71980662e-02,  0.00000000e+00]],

       ...,

       [[ 0.00000000e+00,  5.06180430e-02,  4.49472920e-01, ...,
          4.88599820e-01,  4.49968282e-01,  5.60036985e-01],
        [-5.06180430e-02,  0.00000000e+00,  4.03679942e-01, ...,
          4.43808829e-01,  4.04187295e-01,  5.17383656e-01],
        [-4.49472920e-01, -4.03679942e-01,  0.00000000e+00, ...,
          4.42945470e-02,  5.54612453e-04,  1.27903901e-01],
        ...,
        [-4.88599820e-01, -4.43808829e-01, -4.42945470e-02, ...,
          0.00000000e+00, -4.37404721e-02,  8.38476282e-02],
        [-4.49968282e-01, -4.04187295e-01, -5.54612453e-04, ...,
          4.37404721e-02,  0.00000000e+00,  1.27353824e-01],
        [-5.60036985e-01, -5.17383656e-01, -1.27903901e-01, ...,
         -8.38476282e-02, -1.27353824e-01,  0.00000000e+00]],

       [[ 0.00000000e+00, -3.24346509e-01, -4.81966795e-01, ...,
         -2.52873652e-01, -2.56980356e-01, -2.70563667e-01],
        [ 3.24346509e-01,  0.00000000e+00, -1.71721871e-01, ...,
         -5.53007906e-01, -5.56541430e-01, -5.68185605e-01],
        [ 4.81966795e-01,  1.71721871e-01,  0.00000000e+00, ...,
         -6.87867777e-01, -6.90944210e-01, -7.01055477e-01],
        ...,
        [ 2.52873652e-01,  5.53007906e-01,  6.87867777e-01, ...,
          0.00000000e+00,  4.24701538e-03,  1.83281687e-02],
        [ 2.56980356e-01,  5.56541430e-01,  6.90944210e-01, ...,
         -4.24701538e-03,  0.00000000e+00,  1.40817014e-02],
        [ 2.70563667e-01,  5.68185605e-01,  7.01055477e-01, ...,
         -1.83281687e-02, -1.40817014e-02,  0.00000000e+00]],

       [[ 0.00000000e+00, -2.06571670e-02,  2.70540246e-02, ...,
         -8.77164982e-01, -8.77406526e-01, -8.69018680e-01],
        [ 2.06571670e-02,  0.00000000e+00,  4.76978577e-02, ...,
         -8.67058464e-01, -8.67309076e-01, -8.58612509e-01],
        [-2.70540246e-02, -4.76978577e-02,  0.00000000e+00, ...,
         -8.89834964e-01, -8.90064475e-01, -8.82086366e-01],
        ...,
        [ 8.77164982e-01,  8.67058464e-01,  8.89834964e-01, ...,
          0.00000000e+00, -5.03248904e-04,  1.67097386e-02],
        [ 8.77406526e-01,  8.67309076e-01,  8.90064475e-01, ...,
          5.03248904e-04,  0.00000000e+00,  1.72129151e-02],
        [ 8.69018680e-01,  8.58612509e-01,  8.82086366e-01, ...,
         -1.67097386e-02, -1.72129151e-02,  0.00000000e+00]]]), 'num': array([9.97907404e-01, 6.45080532e-02, 2.38721062e-05, 1.20128617e-03,
       1.21050319e-03, 1.19667765e-03, 2.77672228e-03, 0.00000000e+00,
       1.20589468e-03, 1.19598637e-03, 1.31270981e-03, 1.63983959e-06,
       1.24565463e-03, 1.14631812e-03])}
{'img': array([[[ 0.00000000e+00,  9.26193239e-01,  6.72022747e-01, ...,
         -8.61558414e-01, -9.06457396e-01, -9.06457396e-01],
        [-9.26193239e-01,  0.00000000e+00, -4.32488720e-01, ...,
         -7.95039715e-01, -7.32907901e-01, -7.32907901e-01],
        [-6.72022747e-01,  4.32488720e-01,  0.00000000e+00, ...,
         -9.79168311e-01, -9.55052728e-01, -9.55052728e-01],
        ...,
        [ 8.61558414e-01,  7.95039715e-01,  9.79168311e-01, ...,
          0.00000000e+00, -9.63369811e-02, -9.63369811e-02],
        [ 9.06457396e-01,  7.32907901e-01,  9.55052728e-01, ...,
          9.63369811e-02,  0.00000000e+00,  0.00000000e+00],
        [ 9.06457396e-01,  7.32907901e-01,  9.55052728e-01, ...,
          9.63369811e-02,  0.00000000e+00,  0.00000000e+00]],

       [[ 0.00000000e+00, -8.77555624e-01, -5.43290631e-01, ...,
         -4.16561724e-01, -3.44967268e-01, -2.37021777e-01],
        [ 8.77555624e-01,  0.00000000e+00, -4.76252975e-01, ...,
         -5.98061475e-01, -6.58283495e-01, -7.38903115e-01],
        [ 5.43290631e-01,  4.76252975e-01,  0.00000000e+00, ...,
         -1.44187369e-01, -2.20325143e-01, -3.28818830e-01],
        ...,
        [ 4.16561724e-01,  5.98061475e-01,  1.44187369e-01, ...,
          0.00000000e+00, -7.73786558e-02, -1.89213262e-01],
        [ 3.44967268e-01,  6.58283495e-01,  2.20325143e-01, ...,
          7.73786558e-02,  0.00000000e+00, -1.12665069e-01],
        [ 2.37021777e-01,  7.38903115e-01,  3.28818830e-01, ...,
          1.89213262e-01,  1.12665069e-01,  0.00000000e+00]],

       [[ 0.00000000e+00,  7.78237171e-02,  2.17773940e-01, ...,
         -9.96292669e-01, -9.97624845e-01, -9.99995871e-01],
        [-7.78237171e-02,  0.00000000e+00,  1.41157573e-01, ...,
         -9.99966113e-01, -9.99959803e-01, -9.97186656e-01],
        [-2.17773940e-01, -1.41157573e-01,  0.00000000e+00, ...,
         -9.91115669e-01, -9.88681695e-01, -9.76621011e-01],
        ...,
        [ 9.96292669e-01,  9.99966113e-01,  9.91115669e-01, ...,
          0.00000000e+00, -1.71980662e-02, -8.31652452e-02],
        [ 9.97624845e-01,  9.99959803e-01,  9.88681695e-01, ...,
          1.71980662e-02,  0.00000000e+00, -6.60144572e-02],
        [ 9.99995871e-01,  9.97186656e-01,  9.76621011e-01, ...,
          8.31652452e-02,  6.60144572e-02,  0.00000000e+00]],

       ...,

       [[ 0.00000000e+00,  4.03679942e-01,  2.73589262e-01, ...,
          4.04187295e-01,  5.17383656e-01,  3.76604563e-01],
        [-4.03679942e-01,  0.00000000e+00, -1.37971297e-01, ...,
          5.54612453e-04,  1.27903901e-01, -2.94030324e-02],
        [-2.73589262e-01,  1.37971297e-01,  0.00000000e+00, ...,
          1.38520584e-01,  2.63518736e-01,  1.08789815e-01],
        ...,
        [-4.04187295e-01, -5.54612453e-04, -1.38520584e-01, ...,
          0.00000000e+00,  1.27353824e-01, -2.99574005e-02],
        [-5.17383656e-01, -1.27903901e-01, -2.63518736e-01, ...,
         -1.27353824e-01,  0.00000000e+00, -1.57010132e-01],
        [-3.76604563e-01,  2.94030324e-02, -1.08789815e-01, ...,
          2.99574005e-02,  1.57010132e-01,  0.00000000e+00]],

       [[ 0.00000000e+00, -3.71798659e-01, -5.29536942e-01, ...,
         -2.60463776e-01, -2.74223875e-01, -2.85419905e-01],
        [ 3.71798659e-01,  0.00000000e+00, -1.76184313e-01, ...,
         -6.00757527e-01, -6.12111781e-01, -6.21291909e-01],
        [ 5.29536942e-01,  1.76184313e-01,  0.00000000e+00, ...,
         -7.32207248e-01, -7.41858125e-01, -7.49627524e-01],
        ...,
        [ 2.60463776e-01,  6.00757527e-01,  7.32207248e-01, ...,
          0.00000000e+00,  1.42795327e-02,  2.59390915e-02],
        [ 2.74223875e-01,  6.12111781e-01,  7.41858125e-01, ...,
         -1.42795327e-02,  0.00000000e+00,  1.16617188e-02],
        [ 2.85419905e-01,  6.21291909e-01,  7.49627524e-01, ...,
         -2.59390915e-02, -1.16617188e-02,  0.00000000e+00]],

       [[ 0.00000000e+00,  4.76978577e-02,  1.00408389e-01, ...,
         -8.67309076e-01, -8.58612509e-01, -8.55137047e-01],
        [-4.76978577e-02,  0.00000000e+00,  5.28372972e-02, ...,
         -8.90064475e-01, -8.82086366e-01, -8.78890403e-01],
        [-1.00408389e-01, -5.28372972e-02,  0.00000000e+00, ...,
         -9.12906246e-01, -9.05745212e-01, -9.02867357e-01],
        ...,
        [ 8.67309076e-01,  8.90064475e-01,  9.12906246e-01, ...,
          0.00000000e+00,  1.72129151e-02,  2.39531937e-02],
        [ 8.58612509e-01,  8.82086366e-01,  9.05745212e-01, ...,
         -1.72129151e-02,  0.00000000e+00,  6.74166851e-03],
        [ 8.55137047e-01,  8.78890403e-01,  9.02867357e-01, ...,
         -2.39531937e-02, -6.74166851e-03,  0.00000000e+00]]]), 'num': array([9.99952505e-01, 4.29138904e-03, 2.45842251e-05, 1.20394331e-03,
       1.21286141e-03, 1.17124361e-03, 8.07771643e-03, 4.16177934e-05,
       1.17540539e-03, 1.15950145e-03, 1.26763340e-03, 1.69628617e-06,
       1.21170514e-03, 1.10729777e-03])}
{'img': array([[[ 0.        , -0.43248872, -0.6567615 , ..., -0.7329079 ,
         -0.7329079 , -0.89261505],
        [ 0.43248872,  0.        , -0.26602297, ..., -0.95505273,
         -0.95505273, -0.99979127],
        [ 0.6567615 ,  0.26602297,  0.        , ..., -0.9994978 ,
         -0.9994978 , -0.96920055],
        ...,
        [ 0.7329079 ,  0.95505273,  0.9994978 , ...,  0.        ,
          0.        ,  0.27686159],
        [ 0.7329079 ,  0.95505273,  0.9994978 , ...,  0.        ,
          0.        ,  0.27686159],
        [ 0.89261505,  0.99979127,  0.96920055, ..., -0.27686159,
         -0.27686159,  0.        ]],

       [[ 0.        , -0.92354635, -0.92901895, ..., -0.64504931,
         -0.45496001, -0.9990153 ],
        [ 0.92354635,  0.        ,  0.0145247 , ..., -0.45835167,
         -0.64795782,  0.42408414],
        [ 0.92901895, -0.0145247 ,  0.        , ..., -0.47121245,
         -0.65895258,  0.41088551],
        ...,
        [ 0.64504931,  0.45835167,  0.47121245, ...,  0.        ,
         -0.22677049,  0.79200737],
        [ 0.45496001,  0.64795782,  0.65895258, ...,  0.22677049,
          0.        ,  0.90982017],
        [ 0.9990153 , -0.42408414, -0.41088551, ..., -0.79200737,
         -0.90982017,  0.        ]],

       [[ 0.        ,  0.14115757,  0.20894391, ..., -0.9999598 ,
         -0.99718666, -0.99993874],
        [-0.14115757,  0.        ,  0.06880989, ..., -0.9886817 ,
         -0.97662101, -0.99148892],
        [-0.20894391, -0.06880989,  0.        , ..., -0.97601488,
         -0.95951426, -0.98018044],
        ...,
        [ 0.9999598 ,  0.9886817 ,  0.97601488, ...,  0.        ,
         -0.06601446,  0.02003387],
        [ 0.99718666,  0.97662101,  0.95951426, ...,  0.06601446,
          0.        ,  0.08599138],
        [ 0.99993874,  0.99148892,  0.98018044, ..., -0.02003387,
         -0.08599138,  0.        ]],

       ...,

       [[ 0.        , -0.1379713 ,  0.1768172 , ...,  0.1279039 ,
         -0.02940303,  0.13962001],
        [ 0.1379713 ,  0.        ,  0.31092354, ...,  0.26351874,
          0.10878981,  0.27490461],
        [-0.1768172 , -0.31092354,  0.        , ..., -0.04947631,
         -0.2056805 , -0.03766518],
        ...,
        [-0.1279039 , -0.26351874,  0.04947631, ...,  0.        ,
         -0.15701013,  0.01182215],
        [ 0.02940303, -0.10878981,  0.2056805 , ...,  0.15701013,
          0.        ,  0.16867468],
        [-0.13962001, -0.27490461,  0.03766518, ..., -0.01182215,
         -0.16867468,  0.        ]],

       [[ 0.        , -0.3988908 , -0.54160808, ..., -0.27917315,
         -0.29056206, -0.39547911],
        [ 0.3988908 ,  0.        , -0.16133374, ..., -0.63903255,
         -0.64812607, -0.72902494],
        [ 0.54160808,  0.16133374,  0.        , ..., -0.7547558 ,
         -0.76249654, -0.82990551],
        ...,
        [ 0.27917315,  0.63903255,  0.7547558 , ...,  0.        ,
          0.011881  ,  0.12334162],
        [ 0.29056206,  0.64812607,  0.76249654, ..., -0.011881  ,
          0.        ,  0.11154263],
        [ 0.39547911,  0.72902494,  0.82990551, ..., -0.12334162,
         -0.11154263,  0.        ]],

       [[ 0.        ,  0.0528373 ,  0.09505649, ..., -0.88208637,
         -0.8788904 , -0.88833055],
        [-0.0528373 ,  0.        ,  0.04232567, ..., -0.90574521,
         -0.90286736, -0.9113528 ],
        [-0.09505649, -0.04232567,  0.        , ..., -0.92287212,
         -0.92025489, -0.92795846],
        ...,
        [ 0.88208637,  0.90574521,  0.92287212, ...,  0.        ,
          0.00674167, -0.01342354],
        [ 0.8788904 ,  0.90286736,  0.92025489, ..., -0.00674167,
          0.        , -0.02016429],
        [ 0.88833055,  0.9113528 ,  0.92795846, ...,  0.01342354,
          0.02016429,  0.        ]]]), 'num': array([9.99973129e-01, 4.27047926e-03, 2.44644386e-05, 1.20399353e-03,
       1.20695175e-03, 1.18772335e-03, 4.92158240e-03, 5.91643012e-06,
       1.17707377e-03, 1.15377783e-03, 1.25719210e-03, 2.01696482e-06,
       1.20543639e-03, 1.10211927e-03])}
{'img': array([[[ 0.        , -0.43322251, -0.48649949, ..., -0.82719912,
         -0.95302508, -0.96373906],
        [ 0.43322251,  0.        , -0.05997745, ..., -0.9889754 ,
         -0.99016848, -0.98420937],
        [ 0.48649949,  0.05997745,  0.        , ..., -0.99607643,
         -0.97999628, -0.97182103],
        ...,
        [ 0.82719912,  0.9889754 ,  0.99607643, ...,  0.        ,
          0.2849618 ,  0.32079842],
        [ 0.95302508,  0.99016848,  0.97999628, ..., -0.2849618 ,
          0.        ,  0.0375969 ],
        [ 0.96373906,  0.98420937,  0.97182103, ..., -0.32079842,
         -0.0375969 ,  0.        ]],

       [[ 0.        ,  0.02572229, -0.6606313 , ..., -0.88132099,
          0.9125736 , -0.2160816 ],
        [-0.02572229,  0.        , -0.67972271, ..., -0.89318363,
          0.90175349, -0.24112472],
        [ 0.6606313 ,  0.67972271,  0.        , ..., -0.34945672,
          0.95521899,  0.48280936],
        ...,
        [ 0.88132099,  0.89318363,  0.34945672, ...,  0.        ,
          0.79159066,  0.75839759],
        [-0.9125736 , -0.90175349, -0.95521899, ..., -0.79159066,
          0.        , -0.9793728 ],
        [ 0.2160816 ,  0.24112472, -0.48280936, ..., -0.75839759,
          0.9793728 ,  0.        ]],

       [[ 0.        ,  0.06880989,  0.23144111, ..., -0.97662101,
         -0.99148892, -0.99806967],
        [-0.06880989,  0.        ,  0.16395092, ..., -0.95951426,
         -0.98018044, -0.99143065],
        [-0.23144111, -0.16395092,  0.        , ..., -0.90035217,
         -0.93443734, -0.95659753],
        ...,
        [ 0.97662101,  0.95951426,  0.90035217, ...,  0.        ,
          0.08599138,  0.15390114],
        [ 0.99148892,  0.98018044,  0.93443734, ..., -0.08599138,
          0.        ,  0.06836417],
        [ 0.99806967,  0.99143065,  0.95659753, ..., -0.15390114,
         -0.06836417,  0.        ]],

       ...,

       [[ 0.        ,  0.30070049,  0.82159512, ...,  0.1057132 ,
          0.26611781,  0.94139056],
        [-0.30070049,  0.        ,  0.6121498 , ..., -0.19819492,
         -0.03605587,  0.79638985],
        [-0.82159512, -0.6121498 ,  0.        , ..., -0.75672737,
         -0.64026265,  0.25952059],
        ...,
        [-0.1057132 ,  0.19819492,  0.75672737, ...,  0.        ,
          0.16272543,  0.9004566 ],
        [-0.26611781,  0.03605587,  0.64026265, ..., -0.16272543,
          0.        ,  0.81767801],
        [-0.94139056, -0.79638985, -0.25952059, ..., -0.9004566 ,
         -0.81767801,  0.        ]],

       [[ 0.        , -0.39115183, -0.48158954, ..., -0.29664405,
         -0.40357826, -0.39838008],
        [ 0.39115183,  0.        , -0.1004152 , ..., -0.64655463,
         -0.72930609, -0.72541206],
        [ 0.48158954,  0.1004152 ,  0.        , ..., -0.71989021,
         -0.79432274, -0.79086283],
        ...,
        [ 0.29664405,  0.64655463,  0.71989021, ...,  0.        ,
          0.11399941,  0.10836027],
        [ 0.40357826,  0.72930609,  0.79432274, ..., -0.11399941,
          0.        , -0.0056743 ],
        [ 0.39838008,  0.72541206,  0.79086283, ..., -0.10836027,
          0.0056743 ,  0.        ]],

       [[ 0.        ,  0.04232567,  0.06121508, ..., -0.90286736,
         -0.9113528 , -0.91035939],
        [-0.04232567,  0.        ,  0.01891394, ..., -0.92025489,
         -0.92795846, -0.92705873],
        [-0.06121508, -0.01891394,  0.        , ..., -0.92749166,
         -0.93484138, -0.93398404],
        ...,
        [ 0.90286736,  0.92025489,  0.92749166, ...,  0.        ,
         -0.02016429, -0.01775775],
        [ 0.9113528 ,  0.92795846,  0.93484138, ...,  0.02016429,
          0.        ,  0.00240697],
        [ 0.91035939,  0.92705873,  0.93398404, ...,  0.01775775,
         -0.00240697,  0.        ]]]), 'num': array([9.99982011e-01, 3.01467506e-03, 2.40813366e-05, 1.20406683e-03,
       1.20842939e-03, 1.17934565e-03, 3.97603808e-03, 2.03586179e-05,
       1.16800299e-03, 1.13855571e-03, 1.23244771e-03, 2.26206866e-06,
       1.19719011e-03, 1.07992131e-03])}
{'img': array([[[ 0.        , -0.05997745,  0.04887497, ..., -0.99016848,
         -0.98420937, -0.95373   ],
        [ 0.05997745,  0.        ,  0.10869275, ..., -0.97999628,
         -0.97182103, -0.93397995],
        [-0.04887497, -0.10869275,  0.        , ..., -0.99582176,
         -0.99168442, -0.96728517],
        ...,
        [ 0.99016848,  0.97999628,  0.99582176, ...,  0.        ,
          0.0375969 ,  0.1643008 ],
        [ 0.98420937,  0.97182103,  0.99168442, ..., -0.0375969 ,
