state_0,state_1,state_2,state_3,state_4,state_5,state_6,state_7,state_8,state_9,state_10,state_11,state_12,state_13,state_14,state_15,state_16,state_17,state_18,state_19,state_20,state_21,state_22,state_23,state_24,state_25,state_26,state_27,state_28,state_29,state_30,state_31,state_32,state_33,state_34,state_35,state_36,state_37,state_38,state_39,state_40,state_41,state_42,state_43,state_44,state_45,state_46,state_47,state_48,state_49,state_50,state_51,state_52,state_53,state_54,state_55,state_56,state_57,state_58,state_59,state_60,state_61,state_62,state_63,state_64,state_65,state_66,state_67,state_68,state_69,state_70,state_71,state_72,state_73,state_74,state_75,state_76,state_77,state_78,state_79,state_80,state_81,state_82,state_83,state_84,state_85,state_86,state_87,state_88,state_89,state_90,state_91,state_92,state_93,state_94,state_95,state_96,state_97,state_98,state_99,state_100,state_101,state_102,state_103,state_104,state_105,state_106,state_107,state_108,state_109,state_110,state_111,state_112,state_113,state_114,state_115,state_116,state_117,state_118,state_119,state_120,state_121,state_122,state_123,state_124,state_125,state_126,state_127,state_128,state_129,state_130,state_131,state_132,state_133,state_134,state_135,state_136,state_137,state_138,state_139,state_140,state_141,state_142,state_143,state_144,state_145,state_146,state_147,state_148,state_149,state_150,state_151,state_152,state_153,state_154,state_155,state_156,state_157,state_158,state_159,state_160,state_161,state_162,state_163,state_164,state_165,state_166,state_167,state_168,state_169,state_170,state_171,state_172,state_173,state_174,state_175,state_176,state_177,state_178,state_179,state_180,state_181,state_182,state_183,state_184,state_185,state_186,state_187,state_188,state_189,state_190,state_191,state_192,state_193,state_194,state_195,state_196,state_197,state_198,state_199,state_200,state_201,state_202,state_203,state_204,state_205,state_206,state_207,state_208,state_209,state_210,state_211,state_212,state_213,state_214,state_215,state_216,state_217,state_218,state_219,state_220,state_221,state_222,state_223,state_224,state_225,state_226,state_227,state_228,state_229,state_230,state_231,state_232,state_233,state_234,state_235,state_236,state_237,state_238,state_239,state_240,state_241,state_242,state_243,state_244,state_245,state_246,state_247,state_248,state_249,state_250,state_251,state_252,state_253,state_254,state_255,state_256,state_257,state_258,state_259,state_260,state_261,state_262,state_263,state_264,state_265,state_266,state_267,state_268,state_269,state_270,state_271,state_272,state_273,state_274,state_275,state_276,state_277,state_278,state_279,state_280,state_281,state_282,state_283,state_284,state_285,state_286,state_287
{'img': array([[[ 0.        ,  0.27729678, -0.24657368, ..., -0.7733896 ,
         -0.46118827, -0.90099086],
        [-0.27729678,  0.        , -0.5056391 , ..., -0.56727357,
         -0.19705638, -0.74535599],
        [ 0.24657368,  0.5056391 ,  0.        , ..., -0.90582116,
         -0.66573403, -0.98014496],
        ...,
        [ 0.7733896 ,  0.56727357,  0.90582116, ...,  0.        ,
         -0.39386883,  0.2356402 ],
        [ 0.46118827,  0.19705638,  0.66573403, ...,  0.39386883,
          0.        ,  0.59937025],
        [ 0.90099086,  0.74535599,  0.98014496, ..., -0.2356402 ,
         -0.59937025,  0.        ]],

       [[ 0.        ,  0.29091512, -0.08765709, ...,  0.17381367,
          0.50180884,  0.36814311],
        [-0.29091512,  0.        , -0.37366112, ..., -0.12019094,
          0.2284697 ,  0.08173661],
        [ 0.08765709,  0.37366112,  0.        , ...,  0.25946743,
          0.57569873,  0.44822688],
        ...,
        [-0.17381367,  0.12019094, -0.25946743, ...,  0.        ,
          0.34382549,  0.20093286],
        [-0.50180884, -0.2284697 , -0.57569873, ..., -0.34382549,
          0.        , -0.14813048],
        [-0.36814311, -0.08173661, -0.44822688, ..., -0.20093286,
          0.14813048,  0.        ]],

       [[ 0.        , -0.19068449, -0.29939759, ..., -0.50625246,
         -0.        , -0.        ],
        [ 0.19068449,  0.        , -0.11196656, ..., -0.66140694,
         -0.19068449, -0.19068449],
        [ 0.29939759,  0.11196656,  0.        , ..., -0.74122596,
         -0.29939759, -0.29939759],
        ...,
        [ 0.50625246,  0.66140694,  0.74122596, ...,  0.        ,
         -0.50625246, -0.50625246],
        [ 0.        ,  0.19068449,  0.29939759, ...,  0.50625246,
          0.        ,  0.        ],
        [ 0.        ,  0.19068449,  0.29939759, ...,  0.50625246,
          0.        ,  0.        ]],

       ...,

       [[ 0.        ,  0.2484594 ,  0.2484594 , ..., -0.35102328,
         -0.55052656, -0.05592169],
        [-0.2484594 ,  0.        ,  0.        , ..., -0.57266511,
         -0.74068161, -0.30223872],
        [-0.2484594 ,  0.        ,  0.        , ..., -0.57266511,
         -0.74068161, -0.30223872],
        ...,
        [ 0.35102328,  0.57266511,  0.57266511, ...,  0.        ,
         -0.22245433,  0.29811077],
        [ 0.55052656,  0.74068161,  0.74068161, ...,  0.22245433,
          0.        ,  0.50298066],
        [ 0.05592169,  0.30223872,  0.30223872, ..., -0.29811077,
         -0.50298066,  0.        ]],

       [[ 0.        , -0.42586455, -0.57911685, ..., -0.37905979,
         -0.20642398, -0.        ],
        [ 0.42586455,  0.        , -0.17679361, ..., -0.73705155,
         -0.60346227, -0.42586455],
        [ 0.57911685,  0.17679361,  0.        , ..., -0.84492505,
         -0.73493023, -0.57911685],
        ...,
        [ 0.37905979,  0.73705155,  0.84492505, ...,  0.        ,
         -0.17987683, -0.37905979],
        [ 0.20642398,  0.60346227,  0.73493023, ...,  0.17987683,
          0.        , -0.20642398],
        [ 0.        ,  0.42586455,  0.57911685, ...,  0.37905979,
          0.20642398,  0.        ]],

       [[ 0.        ,  0.1109471 ,  0.21671132, ..., -0.71923855,
         -0.52622713, -0.50440176],
        [-0.1109471 ,  0.        ,  0.10706289, ..., -0.63771624,
         -0.42863516, -0.40548835],
        [-0.21671132, -0.10706289,  0.        , ..., -0.55158332,
         -0.32944254, -0.30529149],
        ...,
        [ 0.71923855,  0.63771624,  0.55158332, ...,  0.        ,
         -0.24599698, -0.27060048],
        [ 0.52622713,  0.42863516,  0.32944254, ...,  0.24599698,
          0.        , -0.02546582],
        [ 0.50440176,  0.40548835,  0.30529149, ...,  0.27060048,
          0.02546582,  0.        ]]]), 'num': array([ 9.65881834e-01,  3.84062116e-03,  1.45104255e-05,  1.43802872e-03,
        1.46188741e-03,  1.43369077e-03,  2.58922276e-01, -4.33794485e-06,
        1.42761765e-03,  1.44247511e-03,  1.49792851e-03,  1.08448621e-06,
        1.48243309e-03,  1.40251713e-03])}
{'img': array([[[ 0.        , -0.5056391 , -0.5376984 , ..., -0.19705638,
         -0.74535599, -0.70832909],
        [ 0.5056391 ,  0.        , -0.0375735 , ..., -0.66573403,
         -0.98014496, -0.96802917],
        [ 0.5376984 ,  0.0375735 ,  0.        , ..., -0.69330087,
         -0.98690301, -0.97677046],
        ...,
        [ 0.19705638,  0.66573403,  0.69330087, ...,  0.        ,
          0.59937025,  0.55534166],
        [ 0.74535599,  0.98014496,  0.98690301, ..., -0.59937025,
          0.        , -0.05391425],
        [ 0.70832909,  0.96802917,  0.97677046, ..., -0.55534166,
          0.05391425,  0.        ]],

       [[ 0.        , -0.37366112, -0.32530998, ...,  0.2284697 ,
          0.08173661, -0.16023664],
        [ 0.37366112,  0.        ,  0.05159049, ...,  0.57569873,
          0.44822688,  0.22020296],
        [ 0.32530998, -0.05159049,  0.        , ...,  0.53274851,
          0.40151223,  0.16958556],
        ...,
        [-0.2284697 , -0.57569873, -0.53274851, ...,  0.        ,
         -0.14813048, -0.38151611],
        [-0.08173661, -0.44822688, -0.40151223, ...,  0.14813048,
          0.        , -0.24038095],
        [ 0.16023664, -0.22020296, -0.16958556, ...,  0.38151611,
          0.24038095,  0.        ]],

       [[ 0.        , -0.23405972, -0.09611361, ..., -0.        ,
         -0.        , -0.13576739],
        [ 0.23405972,  0.        ,  0.13953232, ..., -0.23405972,
         -0.23405972, -0.36388857],
        [ 0.09611361, -0.13953232,  0.        , ..., -0.09611361,
         -0.09611361, -0.23036251],
        ...,
        [ 0.        ,  0.23405972,  0.09611361, ...,  0.        ,
          0.        ,  0.13576739],
        [ 0.        ,  0.23405972,  0.09611361, ...,  0.        ,
          0.        ,  0.13576739],
        [ 0.13576739,  0.36388857,  0.23036251, ..., -0.13576739,
         -0.13576739,  0.        ]],

       ...,

       [[ 0.        ,  0.        ,  0.81830082, ..., -0.74068161,
         -0.30223872, -0.19766597],
        [ 0.        ,  0.        ,  0.81830082, ..., -0.74068161,
         -0.30223872, -0.19766597],
        [-0.81830082, -0.81830082,  0.        , ..., -0.975517  ,
         -0.9537546 , -0.91577175],
        ...,
        [ 0.74068161,  0.74068161,  0.975517  , ...,  0.        ,
          0.50298066,  0.59326444],
        [ 0.30223872,  0.30223872,  0.9537546 , ..., -0.50298066,
          0.        ,  0.10785379],
        [ 0.19766597,  0.19766597,  0.91577175, ..., -0.59326444,
         -0.10785379,  0.        ]],

       [[ 0.        , -0.42301859, -0.54281991, ..., -0.22457439,
         -0.07691856, -0.        ],
        [ 0.42301859,  0.        , -0.13658873, ..., -0.61570498,
         -0.49146287, -0.42301859],
        [ 0.54281991,  0.13658873,  0.        , ..., -0.71756324,
         -0.60581173, -0.54281991],
        ...,
        [ 0.22457439,  0.61570498,  0.71756324, ...,  0.        ,
         -0.14895523, -0.22457439],
        [ 0.07691856,  0.49146287,  0.60581173, ...,  0.14895523,
          0.        , -0.07691856],
        [ 0.        ,  0.42301859,  0.54281991, ...,  0.22457439,
          0.07691856,  0.        ]],

       [[ 0.        ,  0.10693579,  0.18737026, ..., -0.49372745,
         -0.49083981, -0.40504197],
        [-0.10693579,  0.        ,  0.08125397, ..., -0.39790323,
         -0.39485751, -0.30494824],
        [-0.18737026, -0.08125397,  0.        , ..., -0.32204291,
         -0.31890042, -0.22655615],
        ...,
        [ 0.49372745,  0.39790323,  0.32204291, ...,  0.        ,
         -0.00331746, -0.0991828 ],
        [ 0.49083981,  0.39485751,  0.31890042, ...,  0.00331746,
          0.        , -0.09588115],
        [ 0.40504197,  0.30494824,  0.22655615, ...,  0.0991828 ,
          0.09588115,  0.        ]]]), 'num': array([6.09058057e-01, 6.09058057e-01, 0.00000000e+00, 2.19001727e-03,
       2.19973628e-03, 2.15762056e-03, 5.07994818e-01, 4.21157167e-05,
       2.14466188e-03, 2.15600073e-03, 2.23337486e-03, 1.84691497e-06,
       2.21762263e-03, 2.09437882e-03])}
{'img': array([[[ 0.        , -0.20411284, -0.58570222, ..., -0.76661648,
         -0.72928455, -0.91184875],
        [ 0.20411284,  0.        , -0.40793282, ..., -0.88153911,
         -0.85358734, -0.97644563],
        [ 0.58570222,  0.40793282,  0.        , ..., -0.99744531,
         -0.99184794, -0.97952358],
        ...,
        [ 0.76661648,  0.88153911,  0.99744531, ...,  0.        ,
         -0.05624962,  0.27078664],
        [ 0.72928455,  0.85358734,  0.99184794, ...,  0.05624962,
          0.        ,  0.32450601],
        [ 0.91184875,  0.97644563,  0.97952358, ..., -0.27078664,
         -0.32450601,  0.        ]],

       [[ 0.        ,  0.05159049,  0.19456444, ...,  0.44822688,
          0.22020296,  0.52820882],
        [-0.05159049,  0.        ,  0.14370076, ...,  0.40151223,
          0.16958556,  0.48369918],
        [-0.19456444, -0.14370076,  0.        , ...,  0.26573614,
          0.02620615,  0.35290712],
        ...,
        [-0.44822688, -0.40151223, -0.26573614, ...,  0.        ,
         -0.24038095,  0.09158039],
        [-0.22020296, -0.16958556, -0.02620615, ...,  0.24038095,
          0.        ,  0.32826592],
        [-0.52820882, -0.48369918, -0.35290712, ..., -0.09158039,
         -0.32826592,  0.        ]],

       [[ 0.        ,  0.21416206,  0.04876047, ..., -0.21416206,
         -0.34494485, -0.61388261],
        [-0.21416206,  0.        , -0.16627817, ..., -0.        ,
         -0.13592407, -0.43058044],
        [-0.04876047,  0.16627817,  0.        , ..., -0.16627817,
         -0.29876684, -0.57466101],
        ...,
        [ 0.21416206,  0.        ,  0.16627817, ...,  0.        ,
          0.13592407,  0.43058044],
        [ 0.34494485,  0.13592407,  0.29876684, ..., -0.13592407,
          0.        ,  0.30390577],
        [ 0.61388261,  0.43058044,  0.57466101, ..., -0.43058044,
         -0.30390577,  0.        ]],

       ...,

       [[ 0.        ,  0.81830082, -0.17232714, ..., -0.30223872,
         -0.19766597,  0.14589694],
        [-0.81830082,  0.        , -0.90511081, ..., -0.9537546 ,
         -0.91577175, -0.72568471],
        [ 0.17232714,  0.90511081,  0.        , ..., -0.13344937,
         -0.02578182,  0.31419749],
        ...,
        [ 0.30223872,  0.9537546 ,  0.13344937, ...,  0.        ,
          0.10785379,  0.43807837],
        [ 0.19766597,  0.91577175,  0.02578182, ..., -0.10785379,
          0.        ,  0.33856921],
        [-0.14589694,  0.72568471, -0.31419749, ..., -0.43807837,
         -0.33856921,  0.        ]],

       [[ 0.        , -0.36638298, -0.5531654 , ..., -0.07878709,
         -0.        , -0.22282906],
        [ 0.36638298,  0.        , -0.20947736, ..., -0.43855263,
         -0.36638298, -0.56450566],
        [ 0.5531654 ,  0.20947736,  0.        , ..., -0.61708114,
         -0.5531654 , -0.72488999],
        ...,
        [ 0.07878709,  0.43855263,  0.61708114, ...,  0.        ,
         -0.07878709,  0.1453302 ],
        [ 0.        ,  0.36638298,  0.5531654 , ...,  0.07878709,
          0.        ,  0.22282906],
        [ 0.22282906,  0.56450566,  0.72488999, ..., -0.1453302 ,
         -0.22282906,  0.        ]],

       [[ 0.        ,  0.0811712 ,  0.30464999, ..., -0.42671584,
         -0.38861791, -0.30464999],
        [-0.0811712 ,  0.        ,  0.22633203, ..., -0.35189767,
         -0.31254448, -0.22633203],
        [-0.30464999, -0.22633203,  0.        , ..., -0.13091052,
         -0.08944052, -0.        ],
        ...,
        [ 0.42671584,  0.35189767,  0.13091052, ...,  0.        ,
         -0.04171504, -0.13091052],
        [ 0.38861791,  0.31254448,  0.08944052, ...,  0.04171504,
          0.        , -0.08944052],
        [ 0.30464999,  0.22633203,  0.        , ...,  0.13091052,
          0.08944052,  0.        ]]]), 'num': array([6.00938041e-01, 6.00938041e-01, 0.00000000e+00, 2.17680216e-03,
       2.19598103e-03, 2.16081976e-03, 5.26981715e-01, 1.59823947e-05,
       2.13141216e-03, 2.12853533e-03, 2.20029628e-03, 2.08878822e-06,
       2.19230168e-03, 2.06476898e-03])}
{'img': array([[[ 0.        , -0.55807987, -0.66742073, ..., -0.73242189,
         -0.91464618, -0.95460571],
        [ 0.55807987,  0.        , -0.13822581, ..., -0.98772361,
         -0.98456848, -0.95835619],
        [ 0.66742073,  0.13822581,  0.        , ..., -0.99983467,
         -0.95092788, -0.90968277],
        ...,
        [ 0.73242189,  0.98772361,  0.99983467, ...,  0.        ,
          0.32665238,  0.43177609],
        [ 0.91464618,  0.98456848,  0.95092788, ..., -0.32665238,
          0.        ,  0.11345664],
        [ 0.95460571,  0.95835619,  0.90968277, ..., -0.43177609,
         -0.11345664,  0.        ]],

       [[ 0.        ,  0.14370076, -0.0124456 , ...,  0.16958556,
          0.48369918,  0.53740057],
        [-0.14370076,  0.        , -0.15600606, ...,  0.02620615,
          0.35290712,  0.41063625],
        [ 0.0124456 ,  0.15600606,  0.        , ...,  0.18183777,
          0.49455454,  0.54785467],
        ...,
        [-0.16958556, -0.02620615, -0.18183777, ...,  0.        ,
          0.32826592,  0.38660047],
        [-0.48369918, -0.35290712, -0.49455454, ..., -0.32826592,
          0.        ,  0.06243478],
        [-0.53740057, -0.41063625, -0.54785467, ..., -0.38660047,
         -0.06243478,  0.        ]],

       [[ 0.        , -0.16627817, -0.43058044, ..., -0.13592407,
         -0.43058044, -0.6115791 ],
        [ 0.16627817,  0.        , -0.27451156, ..., -0.29876684,
         -0.57466101, -0.73462175],
        [ 0.43058044,  0.27451156,  0.        , ..., -0.54926291,
         -0.77724266, -0.89265012],
        ...,
        [ 0.13592407,  0.29876684,  0.54926291, ...,  0.        ,
          0.30390577,  0.49836234],
        [ 0.43058044,  0.57466101,  0.77724266, ..., -0.30390577,
          0.        ,  0.21131401],
        [ 0.6115791 ,  0.73462175,  0.89265012, ..., -0.49836234,
         -0.21131401,  0.        ]],

       ...,

       [[ 0.        , -0.79298931, -0.84775143, ..., -0.80807575,
         -0.56983668,  0.23578343],
        [ 0.79298931,  0.        , -0.09588374, ..., -0.02517545,
          0.30448052,  0.91427912],
        [ 0.84775143,  0.09588374,  0.        , ...,  0.0707939 ,
          0.39440868,  0.94890766],
        ...,
        [ 0.80807575,  0.02517545, -0.0707939 , ...,  0.        ,
          0.32836409,  0.92418753],
        [ 0.56983668, -0.30448052, -0.39440868, ..., -0.32836409,
          0.        ,  0.74752741],
        [-0.23578343, -0.91427912, -0.94890766, ..., -0.92418753,
         -0.74752741,  0.        ]],

       [[ 0.        , -0.43774493, -0.53644803, ..., -0.        ,
         -0.22675473, -0.33851009],
        [ 0.43774493,  0.        , -0.11289244, ..., -0.43774493,
         -0.6302175 , -0.71625583],
        [ 0.53644803,  0.11289244,  0.        , ..., -0.53644803,
         -0.71384045, -0.79045757],
        ...,
        [ 0.        ,  0.43774493,  0.53644803, ...,  0.        ,
          0.22675473,  0.33851009],
        [ 0.22675473,  0.6302175 ,  0.71384045, ..., -0.22675473,
          0.        ,  0.11632478],
        [ 0.33851009,  0.71625583,  0.79045757, ..., -0.33851009,
         -0.11632478,  0.        ]],

       [[ 0.        ,  0.22554065,  0.08467006, ..., -0.40610315,
         -0.3856401 , -0.22554065],
        [-0.22554065,  0.        , -0.14224231, ..., -0.18953421,
         -0.16760869, -0.        ],
        [-0.08467006,  0.14224231,  0.        , ..., -0.32727105,
         -0.30613452, -0.14224231],
        ...,
        [ 0.40610315,  0.18953421,  0.32727105, ...,  0.        ,
         -0.02228235, -0.18953421],
        [ 0.3856401 ,  0.16760869,  0.30613452, ...,  0.02228235,
          0.        , -0.16760869],
        [ 0.22554065,  0.        ,  0.14224231, ...,  0.18953421,
          0.16760869,  0.        ]]]), 'num': array([ 6.77573790e-01,  3.99207977e-01,  4.12393798e-06,  2.44180538e-03,
        2.44542287e-03,  2.40563049e-03,  6.17640274e-01, -2.17049367e-05,
        2.43095292e-03,  2.40906710e-03,  2.48605934e-03,  2.27385052e-06,
        2.48154249e-03,  2.33659172e-03])}
{'img': array([[[ 0.        , -0.4211807 , -0.82974711, ..., -0.93718333,
         -0.9725825 , -0.92819544],
        [ 0.4211807 ,  0.        , -0.51748373, ..., -0.99692699,
         -0.98005871, -0.99857008],
        [ 0.82974711,  0.51748373,  0.        , ..., -0.81252573,
         -0.73580119, -0.82680568],
        ...,
        [ 0.93718333,  0.99692699,  0.81252573, ...,  0.        ,
          0.12132335, -0.02493027],
        [ 0.9725825 ,  0.98005871,  0.73580119, ..., -0.12132335,
          0.        , -0.14603176],
        [ 0.92819544,  0.99857008,  0.82680568, ...,  0.02493027,
          0.14603176,  0.        ]],

       [[ 0.        , -0.15600606,  0.35871047, ...,  0.35290712,
          0.41063625,  0.45060664],
        [ 0.15600606,  0.        ,  0.49994213, ...,  0.49455454,
          0.54785467,  0.5843596 ],
        [-0.35871047, -0.49994213,  0.        , ..., -0.00620969,
          0.05623601,  0.10038932],
        ...,
        [-0.35290712, -0.49455454,  0.00620969, ...,  0.        ,
          0.06243478,  0.1065657 ],
        [-0.41063625, -0.54785467, -0.05623601, ..., -0.06243478,
          0.        ,  0.04427854],
        [-0.45060664, -0.5843596 , -0.10038932, ..., -0.1065657 ,
         -0.04427854,  0.        ]],

       [[ 0.        , -0.40143424, -0.65877907, ..., -0.43200928,
         -0.61346794, -0.74395987],
        [ 0.40143424,  0.        , -0.30135414, ..., -0.75771321,
         -0.87888833, -0.94963192],
        [ 0.65877907,  0.30135414,  0.        , ..., -0.91914886,
         -0.98178505, -0.99992031],
        ...,
        [ 0.43200928,  0.75771321,  0.91914886, ...,  0.        ,
          0.2121016 ,  0.38227536],
        [ 0.61346794,  0.87888833,  0.98178505, ..., -0.2121016 ,
          0.        ,  0.17758553],
        [ 0.74395987,  0.94963192,  0.99992031, ..., -0.38227536,
         -0.17758553,  0.        ]],

       ...,

       [[ 0.        , -0.09588374, -0.51754442, ...,  0.30448052,
          0.91427912,  0.64582926],
        [ 0.09588374,  0.        , -0.43311632, ...,  0.39440868,
          0.94890766,  0.71605913],
        [ 0.51754442,  0.43311632,  0.        , ...,  0.75350135,
          0.9919581 ,  0.94774368],
        ...,
        [-0.30448052, -0.39440868, -0.75350135, ...,  0.        ,
          0.74752741,  0.38269901],
        [-0.91427912, -0.94890766, -0.9919581 , ..., -0.74752741,
          0.        , -0.43641992],
        [-0.64582926, -0.71605913, -0.94774368, ..., -0.38269901,
          0.43641992,  0.        ]],

       [[ 0.        , -0.12024012, -0.11788898, ..., -0.6043253 ,
         -0.69322489, -0.70030389],
        [ 0.12024012,  0.        ,  0.00236798, ..., -0.69574065,
         -0.77485505, -0.78105586],
        [ 0.11788898, -0.00236798,  0.        , ..., -0.6940378 ,
         -0.77335599, -0.77957496],
        ...,
        [ 0.6043253 ,  0.69574065,  0.6940378 , ...,  0.        ,
          0.11676826,  0.126564  ],
        [ 0.69322489,  0.77485505,  0.77335599, ..., -0.11676826,
          0.        ,  0.00986894],
        [ 0.70030389,  0.78105586,  0.77957496, ..., -0.126564  ,
         -0.00986894,  0.        ]],

       [[ 0.        , -0.14220839, -0.45181639, ..., -0.1731135 ,
         -0.0437731 , -0.        ],
        [ 0.14220839,  0.        , -0.3203588 , ..., -0.31141542,
         -0.18540031, -0.14220839],
        [ 0.45181639,  0.3203588 ,  0.        , ..., -0.59943126,
         -0.49043378, -0.45181639],
        ...,
        [ 0.1731135 ,  0.31141542,  0.59943126, ...,  0.        ,
         -0.12983536, -0.1731135 ],
        [ 0.0437731 ,  0.18540031,  0.49043378, ...,  0.12983536,
          0.        , -0.0437731 ],
        [ 0.        ,  0.14220839,  0.45181639, ...,  0.1731135 ,
          0.0437731 ,  0.        ]]]), 'num': array([8.37085938e-01, 1.00321617e-01, 1.08347694e-05, 3.01952591e-03,
       3.03728782e-03, 3.00620447e-03, 5.37727431e-01, 2.22023964e-05,
       2.99732351e-03, 2.95780325e-03, 3.04764894e-03, 2.37882818e-06,
       3.04841079e-03, 2.86719570e-03])}
{'img': array([[[ 0.        , -0.77321305, -0.68161896, ..., -0.98077899,
         -0.93989507, -0.97560976],
        [ 0.77321305,  0.        ,  0.13351948, ..., -0.77282825,
         -0.86005499, -0.78840905],
        [ 0.68161896, -0.13351948,  0.        , ..., -0.85064198,
         -0.92047603, -0.86348447],
        ...,
        [ 0.98077899,  0.77282825,  0.85064198, ...,  0.        ,
         -0.15150598, -0.02493007],
        [ 0.93989507,  0.86005499,  0.92047603, ...,  0.15150598,
          0.        ,  0.12681661],
        [ 0.97560976,  0.78840905,  0.86348447, ...,  0.02493007,
         -0.12681661,  0.        ]],

       [[ 0.        ,  0.49994213,  0.29936524, ...,  0.54785467,
          0.5843596 ,  0.19943673],
        [-0.49994213,  0.        , -0.21774618, ...,  0.05623601,
          0.10038932, -0.31717471],
        [-0.29936524,  0.21774618,  0.        , ...,  0.27228825,
          0.3146267 , -0.10306092],
        ...,
        [-0.54785467, -0.05623601, -0.27228825, ...,  0.        ,
          0.04427854, -0.37000517],
        [-0.5843596 , -0.10038932, -0.3146267 , ..., -0.04427854,
          0.        , -0.41077835],
        [-0.19943673,  0.31717471,  0.10306092, ...,  0.37000517,
          0.41077835,  0.        ]],

       [[ 0.        , -0.55885069, -0.70198156, ..., -0.62517101,
         -0.75678961, -0.81426894],
        [ 0.55885069,  0.        , -0.18412031, ..., -0.95461064,
         -0.99287916, -0.99965343],
        [ 0.70198156,  0.18412031,  0.        , ..., -0.99313179,
         -0.99783811, -0.9874101 ],
        ...,
        [ 0.62517101,  0.95461064,  0.99313179, ...,  0.        ,
          0.1820167 ,  0.27262283],
        [ 0.75678961,  0.99287916,  0.99783811, ..., -0.1820167 ,
          0.        ,  0.0929467 ],
        [ 0.81426894,  0.99965343,  0.9874101 , ..., -0.27262283,
         -0.0929467 ,  0.        ]],

       ...,

       [[ 0.        , -0.43311632, -0.17585962, ...,  0.94890766,
          0.71605913,  0.23049259],
        [ 0.43311632,  0.        ,  0.26785735, ...,  0.9919581 ,
          0.94774368,  0.629206  ],
        [ 0.17585962, -0.26785735,  0.        , ...,  0.98961236,
          0.82765651,  0.39802486],
        ...,
        [-0.94890766, -0.9919581 , -0.98961236, ...,  0.        ,
         -0.43641992, -0.85062462],
        [-0.71605913, -0.94774368, -0.82765651, ...,  0.43641992,
          0.        , -0.53588561],
        [-0.23049259, -0.629206  , -0.39802486, ...,  0.85062462,
          0.53588561,  0.        ]],

       [[ 0.        ,  0.00236798,  0.01999168, ..., -0.77485505,
         -0.78105586, -0.80279383],
        [-0.00236798,  0.        ,  0.01762412, ..., -0.77335599,
         -0.77957496, -0.80137965],
        [-0.01999168, -0.01762412,  0.        , ..., -0.76206268,
         -0.76841574, -0.79071321],
        ...,
        [ 0.77485505,  0.77335599,  0.76206268, ...,  0.        ,
          0.00986894,  0.04546471],
        [ 0.78105586,  0.77957496,  0.76841574, ..., -0.00986894,
          0.        ,  0.03560376],
        [ 0.80279383,  0.80137965,  0.79071321, ..., -0.04546471,
         -0.03560376,  0.        ]],

       [[ 0.        , -0.43159951, -0.54848041, ..., -0.11702227,
         -0.10856053, -0.        ],
        [ 0.43159951,  0.        , -0.13387744, ..., -0.53419585,
         -0.52697738, -0.43159951],
        [ 0.54848041,  0.13387744,  0.        , ..., -0.6425617 ,
         -0.63601314, -0.54848041],
        ...,
        [ 0.11702227,  0.53419585,  0.6425617 , ...,  0.        ,
         -0.00851601, -0.11702227],
        [ 0.10856053,  0.52697738,  0.63601314, ...,  0.00851601,
          0.        , -0.10856053],
        [ 0.        ,  0.43159951,  0.54848041, ...,  0.11702227,
          0.10856053,  0.        ]]]), 'num': array([ 8.08147392e-01,  4.15162752e-02,  1.12905908e-05,  2.91494721e-03,
        2.95358421e-03,  2.90206821e-03,  5.87457940e-01, -4.29300031e-06,
        2.91151281e-03,  2.86149936e-03,  2.94278016e-03,  2.29982160e-06,
        2.95214065e-03,  2.77085807e-03])}
{'img': array([[[ 0.        ,  0.13900478,  0.21641158, ..., -0.86897205,
         -0.79846008, -0.81344948],
        [-0.13900478,  0.        ,  0.07859992, ..., -0.92932389,
         -0.87439591, -0.8864024 ],
        [-0.21641158, -0.07859992,  0.        , ..., -0.95547303,
         -0.90982845, -0.92004521],
        ...,
        [ 0.86897205,  0.92932389,  0.95547303, ...,  0.        ,
          0.1280358 ,  0.10288051],
        [ 0.79846008,  0.87439591,  0.90982845, ..., -0.1280358 ,
          0.        , -0.02532265],
        [ 0.81344948,  0.8864024 ,  0.92004521, ..., -0.10288051,
          0.02532265,  0.        ]],

       [[ 0.        , -0.21774618,  0.15219678, ...,  0.10038932,
         -0.31717471, -0.17187174],
        [ 0.21774618,  0.        ,  0.36375437, ...,  0.3146267 ,
         -0.10306092,  0.04675822],
        [-0.15219678, -0.36375437,  0.        , ..., -0.05220811,
         -0.45781812, -0.31980146],
        ...,
        [-0.10038932, -0.3146267 ,  0.05220811, ...,  0.        ,
         -0.41077835, -0.26989895],
        [ 0.31717471,  0.10306092,  0.45781812, ...,  0.41077835,
          0.        ,  0.14945743],
        [ 0.17187174, -0.04675822,  0.31980146, ...,  0.26989895,
         -0.14945743,  0.        ]],

       [[ 0.        , -0.48950587, -0.64992307, ..., -0.78354635,
         -0.84080808, -0.88997978],
        [ 0.48950587,  0.        , -0.19470846, ..., -0.98739874,
         -0.99817049, -0.99927704],
        [ 0.64992307,  0.19470846,  0.        , ..., -0.9993141 ,
         -0.99083916, -0.97274955],
        ...,
        [ 0.78354635,  0.98739874,  0.9993141 , ...,  0.        ,
          0.09826233,  0.19567696],
        [ 0.84080808,  0.99817049,  0.99083916, ..., -0.09826233,
          0.        ,  0.09836724],
        [ 0.88997978,  0.99927704,  0.97274955, ..., -0.19567696,
         -0.09836724,  0.        ]],

       ...,

       [[ 0.        ,  0.26785735,  0.19441469, ...,  0.94774368,
          0.629206  ,  0.629206  ],
        [-0.26785735,  0.        , -0.07543598, ...,  0.82765651,
          0.39802486,  0.39802486],
        [-0.19441469,  0.07543598,  0.        , ...,  0.86763554,
          0.4660938 ,  0.4660938 ],
        ...,
        [-0.94774368, -0.82765651, -0.86763554, ...,  0.        ,
         -0.53588561, -0.53588561],
        [-0.629206  , -0.39802486, -0.4660938 , ...,  0.53588561,
          0.        ,  0.        ],
        [-0.629206  , -0.39802486, -0.4660938 , ...,  0.53588561,
          0.        ,  0.        ]],

       [[ 0.        ,  0.01762412,  0.03501261, ..., -0.77957496,
         -0.80137965, -0.84127055],
        [-0.01762412,  0.        ,  0.01739386, ..., -0.76841574,
         -0.79071321, -0.83161204],
        [-0.03501261, -0.01739386,  0.        , ..., -0.75716827,
         -0.7799453 , -0.82182642],
        ...,
        [ 0.77957496,  0.76841574,  0.75716827, ...,  0.        ,
          0.03560376,  0.10544586],
        [ 0.80137965,  0.79071321,  0.7799453 , ..., -0.03560376,
          0.        ,  0.06997374],
        [ 0.84127055,  0.83161204,  0.82182642, ..., -0.10544586,
         -0.06997374,  0.        ]],

       [[ 0.        , -0.36512864, -0.46051671, ..., -0.16358516,
         -0.12043624, -0.        ],
        [ 0.36512864,  0.        , -0.10461448, ..., -0.51250083,
         -0.47459186, -0.36512864],
        [ 0.46051671,  0.10461448,  0.        , ..., -0.59951973,
         -0.56406999, -0.46051671],
        ...,
        [ 0.16358516,  0.51250083,  0.59951973, ...,  0.        ,
         -0.04358056, -0.16358516],
        [ 0.12043624,  0.47459186,  0.56406999, ...,  0.04358056,
          0.        , -0.12043624],
        [ 0.        ,  0.36512864,  0.46051671, ...,  0.16358516,
          0.12043624,  0.        ]]]), 'num': array([ 7.65605014e-01,  3.44867123e-02,  1.09942602e-05,  2.75893699e-03,
        2.80872232e-03,  2.75893699e-03,  6.42337618e-01, -5.80828840e-05,
        2.80457354e-03,  2.76578247e-03,  2.84046046e-03,  1.85830656e-06,
        2.85317408e-03,  2.67839086e-03])}
{'img': array([[[ 0.        ,  0.07859992, -0.07208118, ..., -0.87439591,
         -0.8864024 , -0.99510115],
        [-0.07859992,  0.        , -0.15025364, ..., -0.90982845,
         -0.92004521, -0.99979309],
        [ 0.07208118,  0.15025364,  0.        , ..., -0.83714667,
         -0.85072917, -0.98538657],
        ...,
        [ 0.87439591,  0.90982845,  0.83714667, ...,  0.        ,
         -0.02532265, -0.39639161],
        [ 0.8864024 ,  0.92004521,  0.85072917, ...,  0.02532265,
          0.        , -0.37301625],
        [ 0.99510115,  0.99979309,  0.98538657, ...,  0.39639161,
          0.37301625,  0.        ]],

       [[ 0.        ,  0.36375437, -0.0656693 , ..., -0.10306092,
          0.04675822,  0.1963232 ],
        [-0.36375437,  0.        , -0.4241398 , ..., -0.45781812,
         -0.31980146, -0.17380137],
        [ 0.0656693 ,  0.4241398 ,  0.        , ..., -0.03751885,
          0.11225476,  0.26029075],
        ...,
        [ 0.10306092,  0.45781812,  0.03751885, ...,  0.        ,
          0.14945743,  0.29633307],
        [-0.04675822,  0.31980146, -0.11225476, ..., -0.14945743,
          0.        ,  0.15026021],
        [-0.1963232 ,  0.17380137, -0.26029075, ..., -0.29633307,
         -0.15026021,  0.        ]],

       [[ 0.        , -0.47433972, -0.62142232, ..., -0.86019129,
         -0.90807692, -0.87645626],
        [ 0.47433972,  0.        , -0.1754304 , ..., -0.99916216,
         -0.99807324, -0.99996695],
        [ 0.62142232,  0.1754304 ,  0.        , ..., -0.99084672,
         -0.97171007, -0.9858856 ],
        ...,
        [ 0.86019129,  0.99916216,  0.99084672, ...,  0.        ,
          0.10284231,  0.03280155],
        [ 0.90807692,  0.99807324,  0.97171007, ..., -0.10284231,
          0.        , -0.07015934],
        [ 0.87645626,  0.99996695,  0.9858856 , ..., -0.03280155,
          0.07015934,  0.        ]],

       ...,

       [[ 0.        , -0.07543598, -0.48549897, ...,  0.39802486,
          0.39802486,  0.02877738],
        [ 0.07543598,  0.        , -0.41816667, ...,  0.4660938 ,
          0.4660938 ,  0.10410011],
        [ 0.48549897,  0.41816667,  0.        , ...,  0.79335259,
          0.79335259,  0.51045615],
        ...,
        [-0.39802486, -0.4660938 , -0.79335259, ...,  0.        ,
          0.        , -0.37146038],
        [-0.39802486, -0.4660938 , -0.79335259, ...,  0.        ,
          0.        , -0.37146038],
        [-0.02877738, -0.10410011, -0.51045615, ...,  0.37146038,
          0.37146038,  0.        ]],

       [[ 0.        ,  0.01739386, -0.00949895, ..., -0.79071321,
         -0.83161204, -0.83318436],
        [-0.01739386,  0.        , -0.02689058, ..., -0.7799453 ,
         -0.82182642, -0.82343959],
        [ 0.00949895,  0.02689058,  0.        , ..., -0.79649267,
         -0.83684982, -0.83839964],
        ...,
        [ 0.79071321,  0.7799453 ,  0.79649267, ...,  0.        ,
          0.06997374,  0.07280372],
        [ 0.83161204,  0.82182642,  0.83684982, ..., -0.06997374,
          0.        ,  0.00283722],
        [ 0.83318436,  0.82343959,  0.83839964, ..., -0.07280372,
         -0.00283722,  0.        ]],

       [[ 0.        , -0.29613687, -0.1876554 , ..., -0.12256247,
         -0.        , -0.09316265],
        [ 0.29613687,  0.        ,  0.11163776, ..., -0.41096923,
         -0.29613687, -0.38383284],
        [ 0.1876554 , -0.11163776,  0.        , ..., -0.30662577,
         -0.1876554 , -0.27834688],
        ...,
        [ 0.12256247,  0.41096923,  0.30662577, ...,  0.        ,
         -0.12256247, -0.02956915],
        [ 0.        ,  0.29613687,  0.1876554 , ...,  0.12256247,
          0.        ,  0.09316265],
        [ 0.09316265,  0.38383284,  0.27834688, ...,  0.02956915,
         -0.09316265,  0.        ]]]), 'num': array([ 7.72314050e-01,  1.53270093e-02,  1.14004072e-05,  2.78304059e-03,
        2.81237988e-03,  2.76208396e-03,  6.35006456e-01, -4.19132619e-06,
        2.81908600e-03,  2.79477631e-03,  2.86574943e-03,  1.75765292e-06,
        2.88255833e-03,  2.70699428e-03])}
{'img': array([[[ 0.        , -0.15025364,  0.59669363, ..., -0.92004521,
         -0.99979309, -0.99994681],
        [ 0.15025364,  0.        ,  0.71049356, ..., -0.85072917,
         -0.98538657, -0.99014456],
        [-0.59669363, -0.71049356,  0.        , ..., -0.97209974,
         -0.81444062, -0.79627237],
        ...,
        [ 0.92004521,  0.85072917,  0.97209974, ...,  0.        ,
         -0.37301625, -0.4012804 ],
        [ 0.99979309,  0.98538657,  0.81444062, ...,  0.37301625,
          0.        , -0.03065171],
        [ 0.99994681,  0.99014456,  0.79627237, ...,  0.4012804 ,
          0.03065171,  0.        ]],

       [[ 0.        , -0.4241398 , -0.35822597, ..., -0.31980146,
         -0.17380137, -0.20000786],
        [ 0.4241398 ,  0.        ,  0.07158346, ...,  0.11225476,
          0.26029075,  0.23444329],
        [ 0.35822597, -0.07158346,  0.        , ...,  0.04083577,
          0.19050701,  0.16425344],
        ...,
        [ 0.31980146, -0.11225476, -0.04083577, ...,  0.        ,
          0.15026021,  0.12383529],
        [ 0.17380137, -0.26029075, -0.19050701, ..., -0.15026021,
          0.        , -0.0266743 ],
        [ 0.20000786, -0.23444329, -0.16425344, ..., -0.12383529,
          0.0266743 ,  0.        ]],

       [[ 0.        , -0.44209203, -0.45418167, ..., -0.92423746,
         -0.89379043, -0.83416487],
        [ 0.44209203,  0.        , -0.01352339, ..., -0.99781177,
         -0.99997451, -0.99204107],
        [ 0.45418167,  0.01352339,  0.        , ..., -0.99682637,
         -0.99997962, -0.99365314],
        ...,
        [ 0.92423746,  0.99781177,  0.99682637, ...,  0.        ,
         -0.07324106, -0.19123165],
        [ 0.89379043,  0.99997451,  0.99997962, ...,  0.07324106,
          0.        , -0.11882866],
        [ 0.83416487,  0.99204107,  0.99365314, ...,  0.19123165,
          0.11882866,  0.        ]],

       ...,

       [[ 0.        , -0.41816667, -0.26359796, ...,  0.4660938 ,
          0.10410011, -0.01157074],
        [ 0.41816667,  0.        ,  0.16393265, ...,  0.79335259,
          0.51045615,  0.40762816],
        [ 0.26359796, -0.16393265,  0.        , ...,  0.68282371,
          0.36258415,  0.2524188 ],
        ...,
        [-0.4660938 , -0.79335259, -0.68282371, ...,  0.        ,
         -0.37146038, -0.47629964],
        [-0.10410011, -0.51045615, -0.36258415, ...,  0.37146038,
          0.        , -0.11560102],
        [ 0.01157074, -0.40762816, -0.2524188 , ...,  0.47629964,
          0.11560102,  0.        ]],

       [[ 0.        , -0.02689058, -0.02861799, ..., -0.82182642,
         -0.82343959, -0.82436525],
        [ 0.02689058,  0.        , -0.00172807, ..., -0.83684982,
         -0.83839964, -0.83928878],
        [ 0.02861799,  0.00172807,  0.        , ..., -0.83779458,
         -0.83934028, -0.84022706],
        ...,
        [ 0.82182642,  0.83684982,  0.83779458, ...,  0.        ,
          0.00283722,  0.00447055],
        [ 0.82343959,  0.83839964,  0.83934028, ..., -0.00283722,
          0.        ,  0.00163334],
        [ 0.82436525,  0.83928878,  0.84022706, ..., -0.00447055,
         -0.00163334,  0.        ]],

       [[ 0.        ,  0.23220106,  0.08760967, ..., -0.23220106,
         -0.32220273, -0.3816871 ],
        [-0.23220106,  0.        , -0.14609312, ..., -0.        ,
         -0.09357828, -0.15663327],
        [-0.08760967,  0.14609312,  0.        , ..., -0.14609312,
         -0.23802632, -0.29924259],
        ...,
        [ 0.23220106,  0.        ,  0.14609312, ...,  0.        ,
          0.09357828,  0.15663327],
        [ 0.32220273,  0.09357828,  0.23802632, ..., -0.09357828,
          0.        ,  0.06352272],
        [ 0.3816871 ,  0.15663327,  0.29924259, ..., -0.15663327,
         -0.06352272,  0.        ]]]), 'num': array([ 7.53180038e-01,  9.58967433e-03,  1.12836170e-05,  2.71383344e-03,
        2.76736885e-03,  2.69736101e-03,  6.57698564e-01, -2.05905421e-05,
        2.75666177e-03,  2.74780784e-03,  2.81143261e-03,  1.91197890e-06,
        2.82950326e-03,  2.66611241e-03])}
{'img': array([[[ 0.        ,  0.71049356, -0.06726181, ..., -0.98538657,
         -0.99014456, -0.99966779],
        [-0.71049356,  0.        , -0.75621693, ..., -0.81444062,
         -0.79627237, -0.68515738],
        [ 0.06726181,  0.75621693,  0.        , ..., -0.97169813,
         -0.97848229, -0.99913753],
        ...,
        [ 0.98538657,  0.81444062,  0.97169813, ...,  0.        ,
         -0.03065171, -0.19567407],
        [ 0.99014456,  0.79627237,  0.97848229, ...,  0.03065171,
          0.        , -0.16552294],
        [ 0.99966779,  0.68515738,  0.99913753, ...,  0.19567407,
          0.16552294,  0.        ]],

       [[ 0.        ,  0.07158346,  0.08772275, ...,  0.26029075,
          0.23444329,  0.2972194 ],
