state_0,state_1,state_2,state_3,state_4,state_5,state_6,state_7,state_8,state_9,state_10,state_11,state_12,state_13,state_14,state_15,state_16,state_17,state_18,state_19,state_20,state_21,state_22,state_23,state_24,state_25,state_26,state_27,state_28,state_29,state_30,state_31,state_32,state_33,state_34,state_35,state_36,state_37,state_38,state_39,state_40,state_41,state_42,state_43,state_44,state_45,state_46,state_47,state_48,state_49,state_50,state_51,state_52,state_53,state_54,state_55,state_56,state_57,state_58,state_59,state_60,state_61,state_62,state_63,state_64,state_65,state_66,state_67,state_68,state_69,state_70,state_71,state_72,state_73,state_74,state_75,state_76,state_77,state_78,state_79,state_80,state_81,state_82,state_83,state_84,state_85,state_86,state_87,state_88,state_89,state_90,state_91,state_92,state_93,state_94,state_95,state_96,state_97,state_98,state_99,state_100,state_101,state_102,state_103,state_104,state_105,state_106,state_107,state_108,state_109,state_110,state_111,state_112,state_113,state_114,state_115,state_116,state_117,state_118,state_119,state_120,state_121,state_122,state_123,state_124,state_125,state_126,state_127,state_128,state_129,state_130,state_131,state_132,state_133,state_134,state_135,state_136,state_137,state_138,state_139,state_140,state_141,state_142,state_143,state_144,state_145,state_146,state_147,state_148,state_149,state_150,state_151,state_152,state_153,state_154,state_155,state_156,state_157,state_158,state_159,state_160,state_161,state_162,state_163,state_164,state_165,state_166,state_167,state_168,state_169,state_170,state_171,state_172,state_173,state_174,state_175,state_176,state_177,state_178,state_179,state_180,state_181,state_182,state_183,state_184,state_185,state_186,state_187,state_188,state_189,state_190,state_191,state_192,state_193,state_194,state_195,state_196,state_197,state_198,state_199,state_200,state_201,state_202,state_203,state_204,state_205,state_206,state_207,state_208,state_209,state_210,state_211,state_212,state_213,state_214,state_215,state_216,state_217,state_218,state_219,state_220,state_221,state_222,state_223,state_224,state_225,state_226,state_227,state_228,state_229,state_230,state_231,state_232,state_233,state_234,state_235,state_236,state_237,state_238,state_239,state_240,state_241,state_242,state_243,state_244,state_245,state_246,state_247,state_248,state_249,state_250,state_251,state_252,state_253,state_254,state_255,state_256,state_257,state_258,state_259,state_260,state_261,state_262,state_263,state_264,state_265,state_266,state_267,state_268,state_269,state_270,state_271,state_272,state_273,state_274,state_275,state_276,state_277,state_278,state_279,state_280,state_281,state_282,state_283,state_284,state_285,state_286,state_287
{'img': array([[[ 0.        ,  0.14751056, -0.09439407, ..., -0.56467354,
          0.94802971,  0.81009846],
        [-0.14751056,  0.        , -0.24021335, ..., -0.68023887,
          0.89072354,  0.71475184],
        [ 0.09439407,  0.24021335,  0.        , ..., -0.48424745,
          0.97383115,  0.86182396],
        ...,
        [ 0.56467354,  0.68023887,  0.48424745, ...,  0.        ,
          0.96209139,  0.99965052],
        [-0.94802971, -0.89072354, -0.97383115, ..., -0.96209139,
          0.        , -0.29806539],
        [-0.81009846, -0.71475184, -0.86182396, ..., -0.99965052,
          0.29806539,  0.        ]],

       [[ 0.        , -0.08737782, -0.21248014, ...,  0.17946287,
          0.68495924,  0.23053205],
        [ 0.08737782,  0.        , -0.12628488, ...,  0.26473568,
          0.61867759,  0.31467459],
        [ 0.21248014,  0.12628488,  0.        , ...,  0.38439537,
          0.51450939,  0.43202487],
        ...,
        [-0.17946287, -0.26473568, -0.38439537, ...,  0.        ,
          0.80459206,  0.05216031],
        [-0.68495924, -0.61867759, -0.51450939, ..., -0.80459206,
          0.        , -0.83447104],
        [-0.23053205, -0.31467459, -0.43202487, ..., -0.05216031,
          0.83447104,  0.        ]],

       [[ 0.        ,  0.15492958,  0.22411715, ..., -0.39787703,
         -0.10059199,  0.27890981],
        [-0.15492958,  0.        ,  0.07042254, ..., -0.53521127,
         -0.25352113,  0.12676056],
        [-0.22411715, -0.07042254,  0.        , ..., -0.59336967,
         -0.32101352,  0.05659139],
        ...,
        [ 0.39787703,  0.53521127,  0.59336967, ...,  0.        ,
          0.30357192,  0.63797086],
        [ 0.10059199,  0.25352113,  0.32101352, ..., -0.30357192,
          0.        ,  0.37409534],
        [-0.27890981, -0.12676056, -0.05659139, ..., -0.63797086,
         -0.37409534,  0.        ]],

       ...,

       [[ 0.        ,  0.11139005,  0.18340571, ...,  0.23222579,
          0.90245461,  0.79887369],
        [-0.11139005,  0.        ,  0.07276375, ...,  0.12243573,
          0.84885326,  0.72690112],
        [-0.18340571, -0.07276375,  0.        , ...,  0.04989487,
          0.80813813,  0.67500432],
        ...,
        [-0.23222579, -0.12243573, -0.04989487, ...,  0.        ,
          0.77774385,  0.63735047],
        [-0.90245461, -0.84885326, -0.80813813, ..., -0.77774385,
          0.        , -0.19868262],
        [-0.79887369, -0.72690112, -0.67500432, ..., -0.63735047,
          0.19868262,  0.        ]],

       [[ 0.        , -0.59530034, -0.88636973, ..., -0.94330762,
         -0.96600574, -0.97495789],
        [ 0.59530034,  0.        , -0.43658996, ..., -0.9555427 ,
         -0.93008618, -0.91577043],
        [ 0.88636973,  0.43658996,  0.        , ..., -0.73093438,
         -0.67638433, -0.6485035 ],
        ...,
        [ 0.94330762,  0.9555427 ,  0.73093438, ...,  0.        ,
          0.07677193,  0.11382603],
        [ 0.96600574,  0.93008618,  0.67638433, ..., -0.07677193,
          0.        ,  0.03721713],
        [ 0.97495789,  0.91577043,  0.6485035 , ..., -0.11382603,
         -0.03721713,  0.        ]],

       [[ 0.        ,  0.33714855,  0.60090968, ...,  0.99878372,
          0.9999822 ,  0.99988648],
        [-0.33714855,  0.        ,  0.29623876, ...,  0.95692982,
          0.94344653,  0.93626455],
        [-0.60090968, -0.29623876,  0.        , ...,  0.82797315,
          0.80288844,  0.79017189],
        ...,
        [-0.99878372, -0.95692982, -0.82797315, ...,  0.        ,
         -0.04334512, -0.06434966],
        [-0.9999822 , -0.94344653, -0.80288844, ...,  0.04334512,
          0.        , -0.0210339 ],
        [-0.99988648, -0.93626455, -0.79017189, ...,  0.06434966,
          0.0210339 ,  0.        ]]]), 'num': array([9.99999977e-01, 9.67248985e-06, 1.58728623e-05, 7.17662066e-05,
       7.24496943e-05, 7.03992312e-05, 7.75382601e-05, 7.97402296e-07,
       6.98068753e-05, 6.91233876e-05, 6.90322559e-05, 6.70085963e-08,
       7.15004665e-05, 6.67463086e-05])}
{'img': array([[[ 0.        , -0.20230256, -0.5376    , ...,  0.54762154,
          0.49688726,  0.96      ],
        [ 0.20230256,  0.        , -0.35590256, ...,  0.70557025,
          0.66217438,  0.99679486],
        [ 0.5376    ,  0.35590256,  0.        , ...,  0.91157846,
          0.88551274,  0.96      ],
        ...,
        [-0.54762154, -0.70557025, -0.91157846, ...,  0.        ,
         -0.05947568,  0.64992307],
        [-0.49688726, -0.66217438, -0.88551274, ...,  0.05947568,
          0.        ,  0.69397406],
        [-0.96      , -0.99679486, -0.96      , ..., -0.64992307,
         -0.69397406,  0.        ]],

       [[ 0.        , -0.12628488,  0.35231374, ...,  0.61867759,
          0.31467459,  0.66541084],
        [ 0.12628488,  0.        ,  0.46768086, ...,  0.51450939,
          0.43202487,  0.75435237],
        [-0.35231374, -0.46768086,  0.        , ...,  0.85580271,
         -0.0399178 ,  0.35975177],
        ...,
        [-0.61867759, -0.51450939, -0.85580271, ...,  0.        ,
         -0.83447104, -0.98460549],
        [-0.31467459, -0.43202487,  0.0399178 , ...,  0.83447104,
          0.        ,  0.39671026],
        [-0.66541084, -0.75435237, -0.35975177, ...,  0.98460549,
         -0.39671026,  0.        ]],

       [[ 0.        ,  0.07042254,  0.05633803, ..., -0.25352113,
          0.12676056,  0.5915493 ],
        [-0.07042254,  0.        , -0.01411253, ..., -0.32101352,
          0.05659139,  0.53330113],
        [-0.05633803,  0.01411253,  0.        , ..., -0.30761593,
          0.07067567,  0.54518617],
        ...,
        [ 0.25352113,  0.32101352,  0.30761593, ...,  0.        ,
          0.37409534,  0.77662947],
        [-0.12676056, -0.05659139, -0.07067567, ..., -0.37409534,
          0.        ,  0.48457438],
        [-0.5915493 , -0.53330113, -0.54518617, ..., -0.77662947,
         -0.48457438,  0.        ]],

       ...,

       [[ 0.        ,  0.07276375,  0.12243573, ...,  0.84885326,
          0.72690112,  0.8172369 ],
        [-0.07276375,  0.        ,  0.04989487, ...,  0.80813813,
          0.67500432,  0.77313668],
        [-0.12243573, -0.04989487,  0.        , ...,  0.77774385,
          0.63735047,  0.74052843],
        ...,
        [-0.84885326, -0.80813813, -0.77774385, ...,  0.        ,
         -0.19868262, -0.05718098],
        [-0.72690112, -0.67500432, -0.63735047, ...,  0.19868262,
          0.        ,  0.14231653],
        [-0.8172369 , -0.77313668, -0.74052843, ...,  0.05718098,
         -0.14231653,  0.        ]],

       [[ 0.        , -0.78272029, -0.85276568, ..., -0.9840785 ,
         -0.99047861, -0.99991001],
        [ 0.78272029,  0.        , -0.12192901, ..., -0.7515808 ,
         -0.7242023 , -0.63281782],
        [ 0.85276568,  0.12192901,  0.        , ..., -0.66554375,
         -0.63471817, -0.53368654],
        ...,
        [ 0.9840785 ,  0.7515808 ,  0.66554375, ...,  0.        ,
          0.04056723,  0.16451695],
        [ 0.99047861,  0.7242023 ,  0.63471817, ..., -0.04056723,
          0.        ,  0.12436706],
        [ 0.99991001,  0.63281782,  0.53368654, ..., -0.16451695,
         -0.12436706,  0.        ]],

       [[ 0.        ,  0.52096326,  0.44495028, ...,  0.99971172,
          0.99895616,  0.99259031],
        [-0.52096326,  0.        , -0.08675113, ...,  0.84082473,
          0.82889095,  0.78395252],
        [-0.44495028,  0.08675113,  0.        , ...,  0.88461386,
          0.87429551,  0.83485393],
        ...,
        [-0.99971172, -0.84082473, -0.88461386, ...,  0.        ,
         -0.02168109, -0.09764211],
        [-0.99895616, -0.82889095, -0.87429551, ...,  0.02168109,
          0.        , -0.07604167],
        [-0.99259031, -0.78395252, -0.83485393, ...,  0.09764211,
          0.07604167,  0.        ]]]), 'num': array([ 9.08483639e-01,  4.17543081e-01,  7.84250092e-06,  6.13675697e-03,
        6.21518198e-03,  6.09754446e-03,  4.81235462e-03, -3.92125046e-05,
        6.07597758e-03,  5.95245819e-03,  5.94298184e-03,  6.06378937e-06,
        6.16800217e-03,  5.73691422e-03])}
{'img': array([[[ 0.        , -0.35590256, -0.62448453, ...,  0.66217438,
          0.99679486,  0.79390077],
        [ 0.35590256,  0.        , -0.30562207, ...,  0.88551274,
          0.96      ,  0.95832419],
        [ 0.62448453,  0.30562207,  0.        , ...,  0.98514015,
          0.82849261,  0.99978217],
        ...,
        [-0.66217438, -0.88551274, -0.98514015, ...,  0.        ,
          0.69397406,  0.19227601],
        [-0.99679486, -0.96      , -0.82849261, ..., -0.69397406,
          0.        , -0.5425864 ],
        [-0.79390077, -0.95832419, -0.99978217, ..., -0.19227601,
          0.5425864 ,  0.        ]],

       [[ 0.        ,  0.46768086,  0.54981546, ...,  0.43202487,
          0.75435237,  0.53653418],
        [-0.46768086,  0.        ,  0.0953331 , ..., -0.0399178 ,
          0.35975177,  0.0795753 ],
        [-0.54981546, -0.0953331 ,  0.        , ..., -0.13499311,
          0.26916289, -0.01581791],
        ...,
        [-0.43202487,  0.0399178 ,  0.13499311, ...,  0.        ,
          0.39671026,  0.11930309],
        [-0.75435237, -0.35975177, -0.26916289, ..., -0.39671026,
          0.        , -0.28436336],
        [-0.53653418, -0.0795753 ,  0.01581791, ..., -0.11930309,
          0.28436336,  0.        ]],

       [[ 0.        , -0.01351598, -0.13493724, ...,  0.05411342,
          0.50386563,  0.9996347 ],
        [ 0.01351598,  0.        , -0.12153255, ...,  0.06760466,
          0.51549446,  0.99990869],
        [ 0.13493724,  0.12153255,  0.        , ...,  0.18835804,
          0.61581371,  0.99413914],
        ...,
        [-0.05411342, -0.06760466, -0.18835804, ...,  0.        ,
          0.45638516,  0.99670751],
        [-0.50386563, -0.51549446, -0.61581371, ..., -0.45638516,
          0.        ,  0.84984852],
        [-0.9996347 , -0.99990869, -0.99413914, ..., -0.99670751,
         -0.84984852,  0.        ]],

       ...,

       [[ 0.        ,  0.04989487,  0.02480315, ...,  0.67500432,
          0.77313668,  0.87626005],
        [-0.04989487,  0.        , -0.02510727, ...,  0.63735047,
          0.74052843,  0.85112738],
        [-0.02480315,  0.02510727,  0.        , ...,  0.65649656,
          0.75716769,  0.86403936],
        ...,
        [-0.67500432, -0.63735047, -0.65649656, ...,  0.        ,
          0.14231653,  0.32127368],
        [-0.77313668, -0.74052843, -0.75716769, ..., -0.14231653,
          0.        ,  0.18323169],
        [-0.87626005, -0.85112738, -0.86403936, ..., -0.32127368,
         -0.18323169,  0.        ]],

       [[ 0.        , -0.4811737 , -0.81804176, ..., -0.99801028,
         -0.97634375, -0.94187879],
        [ 0.4811737 ,  0.        , -0.44036479, ..., -0.84454236,
         -0.75184623, -0.66402306],
        [ 0.81804176,  0.44036479,  0.        , ..., -0.52243574,
         -0.38467233, -0.2669064 ],
        ...,
        [ 0.99801028,  0.84454236,  0.52243574, ...,  0.        ,
          0.15423408,  0.27589766],
        [ 0.97634375,  0.75184623,  0.38467233, ..., -0.15423408,
          0.        ,  0.12434856],
        [ 0.94187879,  0.66402306,  0.2669064 , ..., -0.27589766,
         -0.12434856,  0.        ]],

       [[ 0.        , -0.10778096, -0.14283338, ...,  0.86188971,
          0.81976151,  0.79042292],
        [ 0.10778096,  0.        , -0.03532548, ...,  0.91152418,
          0.87671283,  0.85184091],
        [ 0.14283338,  0.03532548,  0.        , ...,  0.92548274,
          0.89315769,  0.86981275],
        ...,
        [-0.86188971, -0.91152418, -0.92548274, ...,  0.        ,
         -0.07791098, -0.12714034],
        [-0.81976151, -0.87671283, -0.89315769, ...,  0.07791098,
          0.        , -0.04947517],
        [-0.79042292, -0.85184091, -0.86981275, ...,  0.12714034,
          0.04947517,  0.        ]]]), 'num': array([9.08893303e-01, 4.16652337e-01, 7.82577052e-06, 6.15301207e-03,
       6.19214092e-03, 6.08453658e-03, 4.63403001e-03, 2.93466395e-05,
       6.12757832e-03, 5.95052026e-03, 5.93389050e-03, 5.93176755e-06,
       6.18481192e-03, 5.71622860e-03])}
{'img': array([[[ 0.        , -0.30562207, -0.30562207, ...,  0.96      ,
          0.95832419,  1.        ],
        [ 0.30562207,  0.        ,  0.        , ...,  0.82849261,
          0.99978217,  0.9521529 ],
        [ 0.30562207,  0.        ,  0.        , ...,  0.82849261,
          0.99978217,  0.9521529 ],
        ...,
        [-0.96      , -0.82849261, -0.82849261, ...,  0.        ,
         -0.5425864 , -0.28      ],
        [-0.95832419, -0.99978217, -0.99978217, ...,  0.5425864 ,
          0.        ,  0.28568294],
        [-1.        , -0.9521529 , -0.9521529 , ...,  0.28      ,
         -0.28568294,  0.        ]],

       [[ 0.        ,  0.0953331 , -0.27724078, ...,  0.35975177,
          0.0795753 ,  0.05182505],
        [-0.0953331 ,  0.        , -0.36757415, ...,  0.26916289,
         -0.01581791, -0.04361598],
        [ 0.27724078,  0.36757415,  0.        , ...,  0.60432864,
          0.3528176 ,  0.32666175],
        ...,
        [-0.35975177, -0.26916289, -0.60432864, ...,  0.        ,
         -0.28436336, -0.31091306],
        [-0.0795753 ,  0.01581791, -0.3528176 , ...,  0.28436336,
          0.        , -0.02780766],
        [-0.05182505,  0.04361598, -0.32666175, ...,  0.31091306,
          0.02780766,  0.        ]],

       [[ 0.        , -0.10184287, -0.31146409, ...,  0.41083825,
          0.75822918,  0.98522401],
        [ 0.10184287,  0.        , -0.21306765, ...,  0.50155308,
          0.8206871 ,  0.96265863],
        [ 0.31146409,  0.21306765,  0.        , ...,  0.67436669,
          0.92358417,  0.88287224],
        ...,
        [-0.41083825, -0.50155308, -0.67436669, ...,  0.        ,
          0.42342214,  0.96860141],
        [-0.75822918, -0.8206871 , -0.92358417, ..., -0.42342214,
          0.        ,  0.7722168 ],
        [-0.98522401, -0.96265863, -0.88287224, ..., -0.96860141,
         -0.7722168 ,  0.        ]],

       ...,

       [[ 0.        , -0.02510727,  0.78503199, ...,  0.74052843,
          0.85112738,  0.80837501],
        [ 0.02510727,  0.        ,  0.80033734, ...,  0.75716769,
          0.86403936,  0.82290002],
        [-0.78503199, -0.80033734,  0.        , ..., -0.06883695,
          0.11512552,  0.03862903],
        ...,
        [-0.74052843, -0.75716769,  0.06883695, ...,  0.        ,
          0.18323169,  0.10732297],
        [-0.85112738, -0.86403936, -0.11512552, ..., -0.18323169,
          0.        , -0.07666741],
        [-0.80837501, -0.82290002, -0.03862903, ..., -0.10732297,
          0.07666741,  0.        ]],

       [[ 0.        , -0.73440243, -0.87193744, ..., -0.95513145,
         -0.90576409, -0.73233507],
        [ 0.73440243,  0.        , -0.23222027, ..., -0.43074442,
         -0.3035283 ,  0.00304099],
        [ 0.87193744,  0.23222027,  0.        , ..., -0.20939651,
         -0.07396614,  0.23517705],
        ...,
        [ 0.95513145,  0.43074442,  0.20939651, ...,  0.        ,
          0.13649655,  0.43348683],
        [ 0.90576409,  0.3035283 ,  0.07396614, ..., -0.13649655,
          0.        ,  0.30642442],
        [ 0.73233507, -0.00304099, -0.23517705, ..., -0.43348683,
         -0.30642442,  0.        ]],

       [[ 0.        , -0.03532548, -0.34743691, ...,  0.87671283,
          0.85184091,  0.81888869],
        [ 0.03532548,  0.        , -0.31409524, ...,  0.89315769,
          0.86981275,  0.83865273],
        [ 0.34743691,  0.31409524,  0.        , ...,  0.98921864,
          0.98076174,  0.96728691],
        ...,
        [-0.87671283, -0.89315769, -0.98921864, ...,  0.        ,
         -0.04947517, -0.10929434],
        [-0.85184091, -0.86981275, -0.98076174, ...,  0.04947517,
          0.        , -0.05998171],
        [-0.81888869, -0.83865273, -0.96728691, ...,  0.10929434,
          0.05998171,  0.        ]]]), 'num': array([9.10103083e-01, 4.13998763e-01, 7.77592977e-06, 6.20130399e-03,
       6.21102391e-03, 6.11382478e-03, 5.01877947e-03, 8.74792100e-05,
       6.11576877e-03, 5.92768847e-03, 5.90257869e-03, 6.19406171e-06,
       6.19211832e-03, 5.66325862e-03])}
{'img': array([[[ 0.        ,  0.        ,  0.        , ...,  0.96247803,
          0.99019344,  0.78405634],
        [ 0.        ,  0.        ,  0.        , ...,  0.96247803,
          0.99019344,  0.78405634],
        [ 0.        ,  0.        ,  0.        , ...,  0.96247803,
          0.99019344,  0.78405634],
        ...,
        [-0.96247803, -0.96247803, -0.96247803, ...,  0.        ,
          0.13423734,  0.81016139],
        [-0.99019344, -0.99019344, -0.99019344, ..., -0.13423734,
          0.        ,  0.72413793],
        [-0.78405634, -0.78405634, -0.78405634, ..., -0.81016139,
         -0.72413793,  0.        ]],

       [[ 0.        , -0.36757415,  0.80827895, ..., -0.01581791,
         -0.04361598,  0.02467051],
        [ 0.36757415,  0.        ,  0.96812232, ...,  0.3528176 ,
          0.32666175,  0.39040571],
        [-0.80827895, -0.96812232,  0.        , ..., -0.81749141,
         -0.83319084, -0.79350695],
        ...,
        [ 0.01581791, -0.3528176 ,  0.81749141, ...,  0.        ,
         -0.02780766,  0.04048052],
        [ 0.04361598, -0.32666175,  0.83319084, ...,  0.02780766,
          0.        ,  0.06824974],
        [-0.02467051, -0.39040571,  0.79350695, ..., -0.04048052,
         -0.06824974,  0.        ]],

       [[ 0.        , -0.20212295, -0.46112922, ...,  0.7665363 ,
          0.97728659,  0.94637271],
        [ 0.20212295,  0.        , -0.27226122, ...,  0.88051867,
          0.99994984,  0.86153846],
        [ 0.46112922,  0.27226122,  0.        , ...,  0.97631059,
          0.96490205,  0.69076752],
        ...,
        [-0.7665363 , -0.88051867, -0.97631059, ...,  0.        ,
          0.46516852,  0.85541167],
        [-0.97728659, -0.99994984, -0.96490205, ..., -0.46516852,
          0.        ,  0.51629592],
        [-0.94637271, -0.86153846, -0.69076752, ..., -0.85541167,
         -0.51629592,  0.        ]],

       ...,

       [[ 0.        ,  0.80033734,  0.543902  , ...,  0.86403936,
          0.82290002,  0.92137719],
        [-0.80033734,  0.        , -0.34550566, ...,  0.11512552,
          0.03862903,  0.24134482],
        [-0.543902  ,  0.34550566,  0.        , ...,  0.45124409,
          0.38149791,  0.56177432],
        ...,
        [-0.86403936, -0.11512552, -0.45124409, ...,  0.        ,
         -0.07666741,  0.12801776],
        [-0.82290002, -0.03862903, -0.38149791, ...,  0.07666741,
          0.        ,  0.20367755],
        [-0.92137719, -0.24134482, -0.56177432, ..., -0.12801776,
         -0.20367755,  0.        ]],

       [[ 0.        , -0.21170159, -0.57639962, ..., -0.27846483,
          0.00270584,  0.79172568],
        [ 0.21170159,  0.        , -0.39033938, ..., -0.06882521,
          0.21434533,  0.90310429],
        [ 0.57639962,  0.39033938,  0.        , ...,  0.32604841,
          0.57860863,  0.99908201],
        ...,
        [ 0.27846483,  0.06882521, -0.32604841, ...,  0.        ,
          0.28106263,  0.9305178 ],
        [-0.00270584, -0.21434533, -0.57860863, ..., -0.28106263,
          0.        ,  0.79006984],
        [-0.79172568, -0.90310429, -0.99908201, ..., -0.9305178 ,
         -0.79006984,  0.        ]],

       [[ 0.        , -0.31409524,  0.03126696, ...,  0.86981275,
          0.83865273,  0.76642883],
        [ 0.31409524,  0.        ,  0.34362625, ...,  0.98076174,
          0.96728691,  0.92939355],
        [-0.03126696, -0.34362625,  0.        , ...,  0.85396092,
          0.82121263,  0.74597042],
        ...,
        [-0.86981275, -0.98076174, -0.85396092, ...,  0.        ,
         -0.05998171, -0.18056399],
        [-0.83865273, -0.96728691, -0.82121263, ...,  0.05998171,
          0.        , -0.12124307],
        [-0.76642883, -0.92939355, -0.74597042, ...,  0.18056399,
          0.12124307,  0.        ]]]), 'num': array([ 9.09705603e-01,  4.14881378e-01,  7.79250749e-06,  6.18530282e-03,
        6.21452472e-03,  6.14634028e-03,  3.87492175e-03, -2.92219031e-05,
        6.15218466e-03,  5.95542385e-03,  5.92230569e-03,  6.59522118e-06,
        6.23943642e-03,  5.67141127e-03])}
{'img': array([[[ 0.        ,  0.        , -0.78405634, ...,  0.99019344,
          0.78405634,  0.97787476],
        [ 0.        ,  0.        , -0.78405634, ...,  0.99019344,
          0.78405634,  0.97787476],
        [ 0.78405634,  0.78405634,  0.        , ...,  0.72413793,
          0.        ,  0.44293905],
        ...,
        [-0.99019344, -0.99019344, -0.72413793, ...,  0.        ,
          0.72413793,  0.3437519 ],
        [-0.78405634, -0.78405634, -0.        , ..., -0.72413793,
          0.        , -0.44293905],
        [-0.97787476, -0.97787476, -0.44293905, ..., -0.3437519 ,
          0.44293905,  0.        ]],

       [[ 0.        ,  0.96812232,  0.98771877, ...,  0.32666175,
          0.39040571,  0.20279402],
        [-0.96812232,  0.        ,  0.39866334, ..., -0.83319084,
         -0.79350695, -0.89721069],
        [-0.98771877, -0.39866334,  0.        , ..., -0.98457218,
         -0.97033415, -0.99888036],
        ...,
        [-0.32666175,  0.83319084,  0.98457218, ...,  0.        ,
          0.06824974, -0.12820518],
        [-0.39040571,  0.79350695,  0.97033415, ..., -0.06824974,
          0.        , -0.19559276],
        [-0.20279402,  0.89721069,  0.99888036, ...,  0.12820518,
          0.19559276,  0.        ]],

       [[ 0.        , -0.26269276, -0.84407071, ...,  0.98745066,
          0.99683003,  0.84407071],
        [ 0.26269276,  0.        , -0.67356232, ...,  0.99425742,
          0.9409209 ,  0.67356232],
        [ 0.84407071,  0.67356232,  0.        , ...,  0.66280475,
          0.46737726,  0.        ],
        ...,
        [-0.98745066, -0.99425742, -0.66280475, ...,  0.        ,
          0.23598934,  0.66280475],
        [-0.99683003, -0.9409209 , -0.46737726, ..., -0.23598934,
          0.        ,  0.46737726],
        [-0.84407071, -0.67356232, -0.        , ..., -0.66280475,
         -0.46737726,  0.        ]],

       ...,

       [[ 0.        , -0.34550566, -0.74812459, ...,  0.03862903,
          0.24134482,  0.57573754],
        [ 0.34550566,  0.        , -0.47278945, ...,  0.38149791,
          0.56177432,  0.82277908],
        [ 0.74812459,  0.47278945,  0.        , ...,  0.77319882,
          0.88615596,  0.99372794],
        ...,
        [-0.03862903, -0.38149791, -0.77319882, ...,  0.        ,
          0.20367755,  0.54372339],
        [-0.24134482, -0.56177432, -0.88615596, ..., -0.20367755,
          0.        ,  0.36138654],
        [-0.57573754, -0.82277908, -0.99372794, ..., -0.54372339,
         -0.36138654,  0.        ]],

       [[ 0.        , -0.33505837, -0.66468983, ...,  0.17010188,
          0.56195434,  0.96754321],
        [ 0.33505837,  0.        , -0.3759404 , ...,  0.49044493,
          0.80662155,  0.99628781],
        [ 0.66468983,  0.3759404 ,  0.        , ...,  0.78208938,
          0.96965733,  0.89084119],
        ...,
        [-0.17010188, -0.49044493, -0.78208938, ...,  0.        ,
          0.41306181,  0.910457  ],
        [-0.56195434, -0.80662155, -0.96965733, ..., -0.41306181,
          0.        ,  0.658312  ],
        [-0.96754321, -0.99628781, -0.89084119, ..., -0.910457  ,
         -0.658312  ,  0.        ]],

       [[ 0.        ,  0.34362625,  0.3812719 , ...,  0.96728691,
          0.92939355,  0.91809953],
        [-0.34362625,  0.        ,  0.04038519, ...,  0.82121263,
          0.74597042,  0.725997  ],
        [-0.3812719 , -0.04038519,  0.        , ...,  0.79749798,
          0.71846615,  0.69763191],
        ...,
        [-0.96728691, -0.82121263, -0.79749798, ...,  0.        ,
         -0.12124307, -0.15047609],
        [-0.92939355, -0.74597042, -0.71846615, ...,  0.12124307,
          0.        , -0.02950345],
        [-0.91809953, -0.725997  , -0.69763191, ...,  0.15047609,
          0.02950345,  0.        ]]]), 'num': array([ 9.07765755e-01,  4.19021745e-01,  7.87027391e-06,  6.10930012e-03,
        6.23719207e-03,  6.06011091e-03,  9.27551132e-03, -1.37729793e-04,
        6.19587314e-03,  6.01977576e-03,  5.98632709e-03,  5.81327050e-06,
        6.30954322e-03,  5.73000829e-03])}
{'img': array([[[ 0.        , -0.78405634,  0.38031377, ...,  0.78405634,
          0.97787476,  0.88949494],
        [ 0.78405634,  0.        ,  0.96119723, ...,  0.        ,
          0.44293905,  0.91037095],
        [-0.38031377, -0.96119723,  0.        , ...,  0.96119723,
          0.98395312,  0.6488736 ],
        ...,
        [-0.78405634, -0.        , -0.96119723, ...,  0.        ,
         -0.44293905, -0.91037095],
        [-0.97787476, -0.44293905, -0.98395312, ...,  0.44293905,
          0.        , -0.63290952],
        [-0.88949494, -0.91037095, -0.6488736 , ...,  0.91037095,
          0.63290952,  0.        ]],

       [[ 0.        ,  0.39866334, -0.87642354, ..., -0.79350695,
         -0.89721069, -0.28553166],
        [-0.39866334,  0.        , -0.99573846, ..., -0.97033415,
         -0.99888036, -0.64392703],
        [ 0.87642354,  0.99573846,  0.        , ...,  0.1512512 ,
         -0.04501272,  0.70244218],
        ...,
        [ 0.79350695,  0.97033415, -0.1512512 , ...,  0.        ,
         -0.19559276,  0.58670919],
        [ 0.89721069,  0.99888036,  0.04501272, ...,  0.19559276,
          0.        ,  0.73376759],
        [ 0.28553166,  0.64392703, -0.70244218, ..., -0.58670919,
         -0.73376759,  0.        ]],

       [[ 0.        , -0.67356232, -0.47737136, ...,  0.9409209 ,
          0.67356232,  0.91645508],
        [ 0.67356232,  0.        ,  0.23902062, ...,  0.46737726,
          0.        ,  0.40786224],
        [ 0.47737136, -0.23902062,  0.        , ...,  0.66513817,
          0.23902062,  0.61427636],
        ...,
        [-0.9409209 , -0.46737726, -0.66513817, ...,  0.        ,
          0.46737726,  0.0661619 ],
        [-0.67356232, -0.        , -0.23902062, ..., -0.46737726,
          0.        , -0.40786224],
        [-0.91645508, -0.40786224, -0.61427636, ..., -0.0661619 ,
          0.40786224,  0.        ]],

       ...,

       [[ 0.        , -0.47278945,  0.28008835, ...,  0.56177432,
          0.82277908,  0.29485668],
        [ 0.47278945,  0.        ,  0.70067266, ...,  0.88615596,
          0.99372794,  0.7115904 ],
        [-0.28008835, -0.70067266,  0.        , ...,  0.30757442,
          0.63065532,  0.01541877],
        ...,
        [-0.56177432, -0.88615596, -0.30757442, ...,  0.        ,
          0.36138654, -0.29286653],
        [-0.82277908, -0.99372794, -0.63065532, ..., -0.36138654,
          0.        , -0.61861441],
        [-0.29485668, -0.7115904 , -0.01541877, ...,  0.29286653,
          0.61861441,  0.        ]],

       [[ 0.        , -0.36824147, -0.66305628, ...,  0.77923915,
          0.97567641,  0.99381068],
        [ 0.36824147,  0.        , -0.34080909, ...,  0.95526892,
          0.98784014,  0.88306895],
        [ 0.66305628,  0.34080909,  0.        , ...,  0.99886977,
          0.87571402,  0.67027947],
        ...,
        [-0.77923915, -0.95526892, -0.99886977, ...,  0.        ,
          0.44066097,  0.70941103],
        [-0.97567641, -0.98784014, -0.87571402, ..., -0.44066097,
          0.        ,  0.32624391],
        [-0.99381068, -0.88306895, -0.67027947, ..., -0.70941103,
         -0.32624391,  0.        ]],

       [[ 0.        ,  0.17314352,  0.52026926, ...,  0.91114603,
          0.89790009,  0.90471777],
        [-0.17314352,  0.        ,  0.36454647, ...,  0.82603502,
          0.80812109,  0.81729234],
        [-0.52026926, -0.36454647,  0.        , ...,  0.56372634,
          0.53778656,  0.55099038],
        ...,
        [-0.91114603, -0.82603502, -0.56372634, ...,  0.        ,
         -0.03107592, -0.01533925],
        [-0.89790009, -0.80812109, -0.53778656, ...,  0.03107592,
          0.        ,  0.01574042],
        [-0.90471777, -0.81729234, -0.55099038, ...,  0.01533925,
         -0.01574042,  0.        ]]]), 'num': array([ 9.06937177e-01,  4.20828410e-01,  7.90420759e-06,  6.07635958e-03,
        6.15540166e-03,  5.99731751e-03,  8.55008015e-03, -5.92815569e-05,
        6.20085085e-03,  6.04721282e-03,  6.01609000e-03,  6.00202679e-06,
        6.33853642e-03,  5.75588922e-03])}
{'img': array([[[ 0.        ,  0.96119723,  0.83402666, ...,  0.44293905,
          0.91037095,  0.97836282],
        [-0.96119723,  0.        , -0.30023939, ...,  0.98395312,
          0.6488736 ,  0.46876159],
        [-0.83402666,  0.30023939,  0.        , ...,  0.99212821,
          0.84738811,  0.71234363],
        ...,
        [-0.44293905, -0.98395312, -0.99212821, ...,  0.        ,
         -0.63290952, -0.78551031],
        [-0.91037095, -0.6488736 , -0.84738811, ...,  0.63290952,
          0.        , -0.21648718],
        [-0.97836282, -0.46876159, -0.71234363, ...,  0.78551031,
          0.21648718,  0.        ]],

       [[ 0.        , -0.99573846, -0.91211668, ..., -0.99888036,
         -0.64392703, -0.72583591],
        [ 0.99573846,  0.        , -0.49230103, ..., -0.04501272,
          0.70244218,  0.61799842],
        [ 0.91211668,  0.49230103,  0.        , ...,  0.45262185,
          0.96181398,  0.92495818],
        ...,
        [ 0.99888036,  0.04501272, -0.45262185, ...,  0.        ,
          0.73376759,  0.6527601 ],
        [ 0.64392703, -0.70244218, -0.96181398, ..., -0.73376759,
          0.        , -0.11239083],
        [ 0.72583591, -0.61799842, -0.92495818, ..., -0.6527601 ,
          0.11239083,  0.        ]],

       [[ 0.        ,  0.23902062,  0.30705794, ...,  0.        ,
          0.40786224,  0.59087478],
        [-0.23902062,  0.        ,  0.07068399, ...,  0.23902062,
          0.61427636,  0.76658103],
        [-0.30705794, -0.07068399,  0.        , ...,  0.30705794,
          0.668516  ,  0.81005318],
        ...,
        [-0.        , -0.23902062, -0.30705794, ...,  0.        ,
         -0.40786224, -0.59087478],
        [-0.40786224, -0.61427636, -0.668516  , ...,  0.40786224,
          0.        , -0.21044608],
        [-0.59087478, -0.76658103, -0.81005318, ...,  0.59087478,
          0.21044608,  0.        ]],

       ...,

       [[ 0.        ,  0.70067266,  0.48152421, ...,  0.99372794,
          0.7115904 ,  0.7774441 ],
        [-0.70067266,  0.        , -0.27053321, ...,  0.63065532,
          0.01541877,  0.11400356],
        [-0.48152421,  0.27053321,  0.        , ...,  0.81708942,
          0.28534486,  0.37852186],
        ...,
        [-0.99372794, -0.63065532, -0.81708942, ...,  0.        ,
         -0.61861441, -0.53806971],
        [-0.7115904 , -0.01541877, -0.28534486, ...,  0.61861441,
          0.        ,  0.09867176],
        [-0.7774441 , -0.11400356, -0.37852186, ...,  0.53806971,
         -0.09867176,  0.        ]],

       [[ 0.        , -0.33955224, -0.56093122, ...,  0.99222711,
          0.94447675,  0.88131897],
        [ 0.33955224,  0.        , -0.24650219, ...,  0.89102218,
          0.77679326,  0.6685115 ],
        [ 0.56093122,  0.24650219,  0.        , ...,  0.75162515,
          0.597587  ,  0.4645586 ],
        ...,
        [-0.99222711, -0.89102218, -0.75162515, ...,  0.        ,
          0.20849339,  0.35917748],
        [-0.94447675, -0.77679326, -0.597587  , ..., -0.20849339,
          0.        ,  0.15670364],
        [-0.88131897, -0.6685115 , -0.4645586 , ..., -0.35917748,
         -0.15670364,  0.        ]],

       [[ 0.        ,  0.49637242,  0.52919418, ...,  0.89244409,
          0.89952845,  0.90354617],
        [-0.49637242,  0.        ,  0.03822622, ...,  0.55079696,
          0.56404301,  0.57168619],
        [-0.52919418, -0.03822622,  0.        , ...,  0.51848929,
          0.53206563,  0.53990479],
        ...,
        [-0.89244409, -0.55079696, -0.51848929, ...,  0.        ,
          0.01595438,  0.02523806],
        [-0.89952845, -0.56404301, -0.53206563, ..., -0.01595438,
          0.        ,  0.00928554],
        [-0.90354617, -0.57168619, -0.53990479, ..., -0.02523806,
         -0.00928554,  0.        ]]]), 'num': array([ 9.99363497e-01,  2.88050157e-02,  1.59894313e-05,  6.69350677e-03,
        6.82583310e-03,  6.67145238e-03,  8.81083829e-03, -8.82175521e-05,
        6.87214731e-03,  6.75139954e-03,  6.71942067e-03,  5.67418721e-06,
        7.07439469e-03,  6.42840438e-03])}
{'img': array([[[ 0.        , -0.51695521, -0.16565981, ...,  0.77845708,
          0.59175351,  0.28319402],
        [ 0.51695521,  0.        ,  0.36800555, ...,  0.99086062,
          0.92327577,  0.73821003],
        [ 0.16565981, -0.36800555,  0.        , ...,  0.87168541,
          0.71711874,  0.43815925],
        ...,
        [-0.77845708, -0.99086062, -0.87168541, ...,  0.        ,
         -0.25608661, -0.56882883],
        [-0.59175351, -0.92327577, -0.71711874, ...,  0.25608661,
          0.        , -0.33924062],
        [-0.28319402, -0.73821003, -0.43815925, ...,  0.56882883,
          0.33924062,  0.        ]],

       [[ 0.        , -0.49230103, -0.63267657, ...,  0.70244218,
          0.61799842,  0.54020905],
        [ 0.49230103,  0.        , -0.16945164, ...,  0.96181398,
          0.92495818,  0.88449798],
        [ 0.63267657,  0.16945164,  0.        , ...,  0.9942843 ,
          0.9759852 ,  0.95076346],
        ...,
        [-0.70244218, -0.96181398, -0.9942843 , ...,  0.        ,
         -0.11239083, -0.20663794],
        [-0.61799842, -0.92495818, -0.9759852 , ...,  0.11239083,
          0.        , -0.09536355],
        [-0.54020905, -0.88449798, -0.95076346, ...,  0.20663794,
          0.09536355,  0.        ]],

       [[ 0.        ,  0.19705638,  0.41071294, ...,  0.41071294,
          0.59473533,  0.80868983],
        [-0.19705638,  0.        ,  0.22299069, ...,  0.5823288 ,
          0.74149173,  0.90874869],
        [-0.41071294, -0.22299069,  0.        , ...,  0.74894713,
          0.87243968,  0.97893069],
        ...,
        [-0.41071294, -0.5823288 , -0.74894713, ...,  0.        ,
         -0.21207769, -0.495739  ],
        [-0.59473533, -0.74149173, -0.87243968, ...,  0.21207769,
          0.        , -0.30027888],
        [-0.80868983, -0.90874869, -0.97893069, ...,  0.495739  ,
          0.30027888,  0.        ]],

       ...,

       [[ 0.        , -0.27053321, -0.52906527, ...,  0.01541877,
          0.11400356, -0.38224126],
        [ 0.27053321,  0.        , -0.2797674 , ...,  0.28534486,
          0.37852186, -0.11799812],
        [ 0.52906527,  0.2797674 ,  0.        , ...,  0.54208646,
          0.62235722,  0.16452669],
        ...,
        [-0.01541877, -0.28534486, -0.54208646, ...,  0.        ,
          0.09867176, -0.39644373],
        [-0.11400356, -0.37852186, -0.62235722, ..., -0.09867176,
          0.        , -0.4850956 ],
        [ 0.38224126,  0.11799812, -0.16452669, ...,  0.39644373,
          0.4850956 ,  0.        ]],

       [[ 0.        , -0.2464779 , -0.38222743, ...,  0.77819808,
          0.68833316,  0.66845933],
        [ 0.2464779 ,  0.        , -0.1426727 , ...,  0.59939665,
          0.48830322,  0.46451868],
        [ 0.38222743,  0.1426727 ,  0.        , ...,  0.4790621 ,
          0.35880108,  0.3334209 ],
        ...,
        [-0.77819808, -0.59939665, -0.4790621 , ...,  0.        ,
          0.13221452,  0.15897871],
        [-0.68833316, -0.48830322, -0.35880108, ..., -0.13221452,
          0.        ,  0.02705004],
        [-0.66845933, -0.46451868, -0.3334209 , ..., -0.15897871,
         -0.02705004,  0.        ]],

       [[ 0.        ,  0.20382827,  0.24877044, ...,  0.84274944,
          0.84840757,  0.86625082],
        [-0.20382827,  0.        ,  0.0461275 , ...,  0.71533533,
          0.72270148,  0.7462308 ],
        [-0.24877044, -0.0461275 ,  0.        , ...,  0.68234086,
          0.69005071,  0.71472999],
        ...,
        [-0.84274944, -0.71533533, -0.68234086, ...,  0.        ,
          0.01059893,  0.04526252],
        [-0.84840757, -0.72270148, -0.69005071, ..., -0.01059893,
          0.        ,  0.03467191],
        [-0.86625082, -0.7462308 , -0.71472999, ..., -0.04526252,
         -0.03467191,  0.        ]]]), 'num': array([9.99764513e-01, 8.66863650e-03, 1.62208818e-05, 6.69659376e-03,
       6.75139404e-03, 6.64179348e-03, 5.95174840e-03, 4.38402210e-05,
       6.77112213e-03, 6.71138983e-03, 6.68033634e-03, 6.31033484e-06,
       7.03207401e-03, 6.39070566e-03])}
{'img': array([[[ 0.        ,  0.36800555,  0.30999501, ...,  0.92327577,
          0.73821003,  0.84456485],
        [-0.36800555,  0.        , -0.06163625, ...,  0.71711874,
          0.43815925,  0.58824654],
        [-0.30999501,  0.06163625,  0.        , ...,  0.75871272,
          0.49273083,  0.6369722 ],
        ...,
        [-0.92327577, -0.71711874, -0.75871272, ...,  0.        ,
         -0.33924062, -0.16994175],
        [-0.73821003, -0.43815925, -0.49273083, ...,  0.33924062,
          0.        ,  0.17444192],
        [-0.84456485, -0.58824654, -0.6369722 , ...,  0.16994175,
         -0.17444192,  0.        ]],

       [[ 0.        , -0.16945164, -0.01517302, ...,  0.92495818,
          0.88449798,  0.65053051],
