state_0,state_1,state_2,state_3,state_4,state_5,state_6,state_7,state_8,state_9,state_10,state_11,state_12,state_13,state_14,state_15,state_16,state_17,state_18,state_19,state_20,state_21,state_22,state_23,state_24,state_25,state_26,state_27,state_28,state_29,state_30,state_31,state_32,state_33,state_34,state_35,state_36,state_37,state_38,state_39,state_40,state_41,state_42,state_43,state_44,state_45,state_46,state_47,state_48,state_49,state_50,state_51,state_52,state_53,state_54,state_55,state_56,state_57,state_58,state_59,state_60,state_61,state_62,state_63,state_64,state_65,state_66,state_67,state_68,state_69,state_70,state_71,state_72,state_73,state_74,state_75,state_76,state_77,state_78,state_79,state_80,state_81,state_82,state_83,state_84,state_85,state_86,state_87,state_88,state_89,state_90,state_91,state_92,state_93,state_94,state_95,state_96,state_97,state_98,state_99,state_100,state_101,state_102,state_103,state_104,state_105,state_106,state_107,state_108,state_109,state_110,state_111,state_112,state_113,state_114,state_115,state_116,state_117,state_118,state_119,state_120,state_121,state_122,state_123,state_124,state_125,state_126,state_127,state_128,state_129,state_130,state_131,state_132,state_133,state_134,state_135,state_136,state_137,state_138,state_139,state_140,state_141,state_142,state_143,state_144,state_145,state_146,state_147,state_148,state_149,state_150,state_151,state_152,state_153,state_154,state_155,state_156,state_157,state_158,state_159,state_160,state_161,state_162,state_163,state_164,state_165,state_166,state_167,state_168,state_169,state_170,state_171,state_172,state_173,state_174,state_175,state_176,state_177,state_178,state_179,state_180,state_181,state_182,state_183,state_184,state_185,state_186,state_187,state_188,state_189,state_190,state_191,state_192,state_193,state_194,state_195,state_196,state_197,state_198,state_199,state_200,state_201,state_202,state_203,state_204,state_205,state_206,state_207,state_208,state_209,state_210,state_211,state_212,state_213,state_214,state_215,state_216,state_217,state_218,state_219,state_220,state_221,state_222,state_223,state_224,state_225,state_226,state_227,state_228,state_229,state_230,state_231,state_232,state_233,state_234,state_235,state_236,state_237,state_238,state_239,state_240,state_241,state_242,state_243,state_244,state_245,state_246,state_247,state_248,state_249,state_250,state_251,state_252,state_253,state_254,state_255,state_256,state_257,state_258,state_259,state_260,state_261,state_262,state_263,state_264,state_265,state_266,state_267,state_268,state_269,state_270,state_271,state_272,state_273,state_274,state_275,state_276,state_277,state_278,state_279,state_280,state_281,state_282,state_283,state_284,state_285,state_286,state_287
{'img': array([[[ 0.00000000e+00,  4.48681281e-02,  4.51903727e-01, ...,
          9.47209471e-01,  9.62988251e-01,  9.19015532e-01],
        [-4.48681281e-02,  0.00000000e+00,  4.11423260e-01, ...,
          9.31870142e-01,  9.49924536e-01,  9.00402035e-01],
        [-4.51903727e-01, -4.11423260e-01,  0.00000000e+00, ...,
          7.00086757e-01,  7.37242109e-01,  6.41673079e-01],
        ...,
        [-9.47209471e-01, -9.31870142e-01, -7.00086757e-01, ...,
          0.00000000e+00,  5.34348044e-02, -7.87596623e-02],
        [-9.62988251e-01, -9.49924536e-01, -7.37242109e-01, ...,
         -5.34348044e-02,  0.00000000e+00, -1.31915958e-01],
        [-9.19015532e-01, -9.00402035e-01, -6.41673079e-01, ...,
          7.87596623e-02,  1.31915958e-01,  0.00000000e+00]],

       [[ 0.00000000e+00,  8.08759057e-02,  6.77430925e-01, ...,
          5.29625070e-01,  9.44445903e-02, -7.67356583e-02],
        [-8.08759057e-02,  0.00000000e+00,  6.15720566e-01, ...,
          4.59288593e-01,  1.36208065e-02, -1.57121727e-01],
        [-6.77430925e-01, -6.15720566e-01,  0.00000000e+00, ...,
         -1.85033497e-01, -6.04930734e-01, -7.31879207e-01],
        ...,
        [-5.29625070e-01, -4.59288593e-01,  1.85033497e-01, ...,
          0.00000000e+00, -4.47146799e-01, -5.93153086e-01],
        [-9.44445903e-02, -1.36208065e-02,  6.04930734e-01, ...,
          4.47146799e-01,  0.00000000e+00, -1.70558777e-01],
        [ 7.67356583e-02,  1.57121727e-01,  7.31879207e-01, ...,
          5.93153086e-01,  1.70558777e-01,  0.00000000e+00]],

       [[ 0.00000000e+00, -1.27644349e-01, -8.46344628e-02, ...,
          9.96766624e-01,  9.80015590e-01,  9.51426709e-01],
        [ 1.27644349e-01,  0.00000000e+00,  4.32442170e-02, ...,
          9.98869439e-01,  9.97390169e-01,  9.82942588e-01],
        [ 8.46344628e-02, -4.32442170e-02,  0.00000000e+00, ...,
          9.99990763e-01,  9.93334906e-01,  9.74069917e-01],
        ...,
        [-9.96766624e-01, -9.98869439e-01, -9.99990763e-01, ...,
          0.00000000e+00, -1.19532196e-01, -2.30431681e-01],
        [-9.80015590e-01, -9.97390169e-01, -9.93334906e-01, ...,
          1.19532196e-01,  0.00000000e+00, -1.12464155e-01],
        [-9.51426709e-01, -9.82942588e-01, -9.74069917e-01, ...,
          2.30431681e-01,  1.12464155e-01,  0.00000000e+00]],

       ...,

       [[ 0.00000000e+00,  1.71058585e-02,  1.89995282e-01, ...,
         -2.75094975e-01, -2.48807468e-01, -4.19236726e-01],
        [-1.71058585e-02,  0.00000000e+00,  1.73173207e-01, ...,
         -2.91500588e-01, -2.65338993e-01, -4.34705400e-01],
        [-1.89995282e-01, -1.73173207e-01,  0.00000000e+00, ...,
         -4.52748825e-01, -4.28295934e-01, -5.84092669e-01],
        ...,
        [ 2.75094975e-01,  2.91500588e-01,  4.52748825e-01, ...,
          0.00000000e+00,  2.72363099e-02, -1.53308951e-01],
        [ 2.48807468e-01,  2.65338993e-01,  4.28295934e-01, ...,
         -2.72363099e-02,  0.00000000e+00, -1.80166407e-01],
        [ 4.19236726e-01,  4.34705400e-01,  5.84092669e-01, ...,
          1.53308951e-01,  1.80166407e-01,  0.00000000e+00]],

       [[ 0.00000000e+00, -1.24370739e-01, -1.70469359e-01, ...,
          9.56432661e-01,  9.56432661e-01,  9.52746771e-01],
        [ 1.24370739e-01,  0.00000000e+00, -4.65954816e-02, ...,
          9.12696331e-01,  9.12696331e-01,  9.07569909e-01],
        [ 1.70469359e-01,  4.65954816e-02,  0.00000000e+00, ...,
          8.92664291e-01,  8.92664291e-01,  8.87018654e-01],
        ...,
        [-9.56432661e-01, -9.12696331e-01, -8.92664291e-01, ...,
          0.00000000e+00,  0.00000000e+00,  1.23741253e-02],
        [-9.56432661e-01, -9.12696331e-01, -8.92664291e-01, ...,
          0.00000000e+00,  0.00000000e+00,  1.23741253e-02],
        [-9.52746771e-01, -9.07569909e-01, -8.87018654e-01, ...,
         -1.23741253e-02, -1.23741253e-02,  0.00000000e+00]],

       [[ 0.00000000e+00,  2.29000661e-04,  7.36157043e-03, ...,
          8.51622710e-01,  8.51622710e-01,  8.88630919e-01],
        [-2.29000661e-04,  0.00000000e+00,  7.13257578e-03, ...,
          8.51742720e-01,  8.51742720e-01,  8.88735921e-01],
        [-7.36157043e-03, -7.13257578e-03,  0.00000000e+00, ...,
          8.55458240e-01,  8.55458240e-01,  8.91983026e-01],
        ...,
        [-8.51622710e-01, -8.51742720e-01, -8.55458240e-01, ...,
          0.00000000e+00,  0.00000000e+00, -7.52067971e-02],
        [-8.51622710e-01, -8.51742720e-01, -8.55458240e-01, ...,
          0.00000000e+00,  0.00000000e+00, -7.52067971e-02],
        [-8.88630919e-01, -8.88735921e-01, -8.91983026e-01, ...,
          7.52067971e-02,  7.52067971e-02,  0.00000000e+00]]]), 'num': array([ 9.81131929e-01,  1.93240514e-01,  4.77509948e-06,  1.59492189e-03,
        1.62972019e-03,  1.59492189e-03,  4.12203213e-03, -1.93323866e-05,
        1.62314718e-03,  1.66326188e-03,  1.60086660e-03,  2.42587862e-07,
        1.73652652e-03,  1.58999723e-03])}
{'img': array([[[ 0.        ,  0.41142326,  0.50078927, ...,  0.94992454,
          0.90040204,  0.83686567],
        [-0.41142326,  0.        ,  0.10032625, ...,  0.73724211,
          0.64167308,  0.53754002],
        [-0.50078927, -0.10032625,  0.        , ...,  0.66573913,
          0.56148752,  0.45022898],
        ...,
        [-0.94992454, -0.73724211, -0.66573913, ...,  0.        ,
         -0.13191596, -0.2584933 ],
        [-0.90040204, -0.64167308, -0.56148752, ...,  0.13191596,
          0.        , -0.12880177],
        [-0.83686567, -0.53754002, -0.45022898, ...,  0.2584933 ,
          0.12880177,  0.        ]],

       [[ 0.        ,  0.61572057,  0.22535944, ...,  0.01362081,
         -0.15712173,  0.24603712],
        [-0.61572057,  0.        , -0.42230632, ..., -0.60493073,
         -0.73187921, -0.40292503],
        [-0.22535944,  0.42230632,  0.        , ..., -0.21206811,
         -0.37564018,  0.021276  ],
        ...,
        [-0.01362081,  0.60493073,  0.21206811, ...,  0.        ,
         -0.17055878,  0.23281219],
        [ 0.15712173,  0.73187921,  0.37564018, ...,  0.17055878,
          0.        ,  0.39527302],
        [-0.24603712,  0.40292503, -0.021276  , ..., -0.23281219,
         -0.39527302,  0.        ]],

       [[ 0.        ,  0.04324422,  0.09971002, ...,  0.99739017,
          0.98294259,  0.95451624],
        [-0.04324422,  0.        ,  0.05658803, ...,  0.99333491,
          0.97406992,  0.94072967],
        [-0.09971002, -0.05658803,  0.        , ...,  0.98522064,
          0.9597062 ,  0.92003001],
        ...,
        [-0.99739017, -0.99333491, -0.98522064, ...,  0.        ,
         -0.11246416, -0.22846465],
        [-0.98294259, -0.97406992, -0.9597062 , ...,  0.11246416,
          0.        , -0.11752549],
        [-0.95451624, -0.94072967, -0.92003001, ...,  0.22846465,
          0.11752549,  0.        ]],

       ...,

       [[ 0.        ,  0.17317321,  0.41134231, ..., -0.26533899,
         -0.4347054 , -0.72164857],
        [-0.17317321,  0.        ,  0.24728342, ..., -0.42829593,
         -0.58409267, -0.83062627],
        [-0.41134231, -0.24728342,  0.        , ..., -0.63844926,
         -0.76666935, -0.94252458],
        ...,
        [ 0.26533899,  0.42829593,  0.63844926, ...,  0.        ,
         -0.18016641, -0.51209774],
        [ 0.4347054 ,  0.58409267,  0.76666935, ...,  0.18016641,
          0.        , -0.34896803],
        [ 0.72164857,  0.83062627,  0.94252458, ...,  0.51209774,
          0.34896803,  0.        ]],

       [[ 0.        , -0.04659548,  0.09448834, ...,  0.91269633,
          0.90756991,  0.89859189],
        [ 0.04659548,  0.        ,  0.14077273, ...,  0.89266429,
          0.88701865,  0.87717046],
        [-0.09448834, -0.14077273,  0.        , ...,  0.94722447,
          0.94318516,  0.93603166],
        ...,
        [-0.91269633, -0.89266429, -0.94722447, ...,  0.        ,
          0.01237413,  0.03327859],
        [-0.90756991, -0.88701865, -0.94318516, ..., -0.01237413,
          0.        ,  0.02090877],
        [-0.89859189, -0.87717046, -0.93603166, ..., -0.03327859,
         -0.02090877,  0.        ]],

       [[ 0.        ,  0.00713258, -0.0146712 , ...,  0.85174272,
          0.88873592,  0.92146799],
        [-0.00713258,  0.        , -0.02180264, ...,  0.85545824,
          0.89198303,  0.92421523],
        [ 0.0146712 ,  0.02180264,  0.        , ...,  0.84396392,
          0.8819147 ,  0.91566973],
        ...,
        [-0.85174272, -0.85545824, -0.84396392, ...,  0.        ,
         -0.0752068 , -0.15194948],
        [-0.88873592, -0.89198303, -0.8819147 , ...,  0.0752068 ,
          0.        , -0.07718564],
        [-0.92146799, -0.92421523, -0.91566973, ...,  0.15194948,
          0.07718564,  0.        ]]]), 'num': array([ 7.07088381e-01,  7.07088381e-01,  0.00000000e+00,  1.96029224e-03,
        1.98414008e-03,  1.95194550e-03,  4.46921591e-03, -7.15435124e-06,
        1.98795573e-03,  2.04924467e-03,  1.97732357e-03,  2.34647397e-07,
        2.14657599e-03,  1.95191335e-03])}
{'img': array([[[ 0.        ,  0.10032625, -0.03724731, ...,  0.64167308,
          0.53754002,  0.50469911],
        [-0.10032625,  0.        , -0.13731602, ...,  0.56148752,
          0.45022898,  0.41554151],
        [ 0.03724731,  0.13731602,  0.        , ...,  0.66979569,
          0.56857537,  0.53650432],
        ...,
        [-0.64167308, -0.56148752, -0.66979569, ...,  0.        ,
         -0.12880177, -0.16686012],
        [-0.53754002, -0.45022898, -0.56857537, ...,  0.12880177,
          0.        , -0.03847419],
        [-0.50469911, -0.41554151, -0.53650432, ...,  0.16686012,
          0.03847419,  0.        ]],

       [[ 0.        , -0.42230632, -0.6339599 , ..., -0.73187921,
         -0.40292503, -0.52597079],
        [ 0.42230632,  0.        , -0.24805766, ..., -0.37564018,
          0.021276  , -0.11759525],
        [ 0.6339599 ,  0.24805766,  0.        , ..., -0.13400835,
          0.26861253,  0.13241669],
        ...,
        [ 0.73187921,  0.37564018,  0.13400835, ...,  0.        ,
          0.39527302,  0.26405061],
        [ 0.40292503, -0.021276  , -0.26861253, ..., -0.39527302,
          0.        , -0.13869702],
        [ 0.52597079,  0.11759525, -0.13241669, ..., -0.26405061,
          0.13869702,  0.        ]],

       [[ 0.        ,  0.05658803,  0.16203908, ...,  0.97406992,
          0.94072967,  0.90459483],
        [-0.05658803,  0.        ,  0.10593924, ...,  0.9597062 ,
          0.92003001,  0.8790234 ],
        [-0.16203908, -0.10593924,  0.        , ...,  0.92453605,
          0.87334057,  0.82356722],
        ...,
        [-0.97406992, -0.9597062 , -0.92453605, ...,  0.        ,
         -0.11752549, -0.21055712],
        [-0.94072967, -0.92003001, -0.87334057, ...,  0.11752549,
          0.        , -0.09420717],
        [-0.90459483, -0.8790234 , -0.82356722, ...,  0.21055712,
          0.09420717,  0.        ]],

       ...,

       [[ 0.        ,  0.24728342,  0.17332813, ..., -0.58409267,
         -0.83062627, -0.91531759],
        [-0.24728342,  0.        , -0.07559546, ..., -0.76666935,
         -0.94252458, -0.98647989],
        [-0.17332813,  0.07559546,  0.        , ..., -0.71594011,
         -0.91456838, -0.97126839],
        ...,
        [ 0.58409267,  0.76666935,  0.71594011, ...,  0.        ,
         -0.34896803, -0.50771809],
        [ 0.83062627,  0.94252458,  0.91456838, ...,  0.34896803,
          0.        , -0.17515613],
        [ 0.91531759,  0.98647989,  0.97126839, ...,  0.50771809,
          0.17515613,  0.        ]],

       [[ 0.        ,  0.14077273,  0.10273169, ...,  0.88701865,
          0.87717046,  0.85624384],
        [-0.14077273,  0.        , -0.03831923, ...,  0.94318516,
          0.93603166,  0.92043654],
        [-0.10273169,  0.03831923,  0.        , ...,  0.9297602 ,
          0.92185905,  0.90478184],
        ...,
        [-0.88701865, -0.94318516, -0.9297602 , ...,  0.        ,
          0.02090877,  0.06285233],
        [-0.87717046, -0.93603166, -0.92185905, ..., -0.02090877,
          0.        ,  0.04197116],
        [-0.85624384, -0.92043654, -0.90478184, ..., -0.06285233,
         -0.04197116,  0.        ]],

       [[ 0.        , -0.02180264, -0.01469875, ...,  0.89198303,
          0.92421523,  0.96789148],
        [ 0.02180264,  0.        ,  0.00710503, ...,  0.8819147 ,
          0.91566973,  0.96218092],
        [ 0.01469875, -0.00710503,  0.        , ...,  0.88524182,
          0.91850235,  0.96409212],
        ...,
        [-0.89198303, -0.8819147 , -0.88524182, ...,  0.        ,
         -0.07718564, -0.21333728],
        [-0.92421523, -0.91566973, -0.91850235, ...,  0.07718564,
          0.        , -0.13729212],
        [-0.96789148, -0.96218092, -0.96409212, ...,  0.21333728,
          0.13729212,  0.        ]]]), 'num': array([ 7.07081672e-01,  7.07081672e-01,  0.00000000e+00,  1.95669650e-03,
        1.97219745e-03,  1.92688698e-03,  6.25848361e-03, -3.57714168e-06,
        1.97815935e-03,  2.04684047e-03,  1.97881516e-03,  2.36545131e-07,
        2.15057456e-03,  1.94310638e-03])}
{'img': array([[[ 0.        , -0.13731602, -0.1298656 , ...,  0.45022898,
          0.41554151,  0.39797358],
        [ 0.13731602,  0.        ,  0.00751775, ...,  0.56857537,
          0.53650432,  0.52017698],
        [ 0.1298656 , -0.00751775,  0.        , ...,  0.56237496,
          0.53014494,  0.51374168],
        ...,
        [-0.45022898, -0.56857537, -0.56237496, ...,  0.        ,
         -0.03847419, -0.05768282],
        [-0.41554151, -0.53650432, -0.53014494, ...,  0.03847419,
          0.        , -0.01922998],
        [-0.39797358, -0.52017698, -0.51374168, ...,  0.05768282,
          0.01922998,  0.        ]],

       [[ 0.        , -0.24805766, -0.42118086, ...,  0.021276  ,
         -0.11759525,  0.24332489],
        [ 0.24805766,  0.        , -0.18303446, ...,  0.26861253,
          0.13241669,  0.47632209],
        [ 0.42118086,  0.18303446,  0.        , ...,  0.44038236,
          0.31160239,  0.6292122 ],
        ...,
        [-0.021276  , -0.26861253, -0.44038236, ...,  0.        ,
         -0.13869702,  0.22263327],
        [ 0.11759525, -0.13241669, -0.31160239, ...,  0.13869702,
          0.        ,  0.35569752],
        [-0.24332489, -0.47632209, -0.6292122 , ..., -0.22263327,
         -0.35569752,  0.        ]],

       [[ 0.        ,  0.10593924,  0.19830022, ...,  0.92003001,
          0.8790234 ,  0.84720786],
        [-0.10593924,  0.        ,  0.09334888, ...,  0.87334057,
          0.82356722,  0.78615885],
        [-0.19830022, -0.09334888,  0.        , ...,  0.82405591,
          0.76702185,  0.72503416],
        ...,
        [-0.92003001, -0.87334057, -0.82405591, ...,  0.        ,
         -0.09420717, -0.15679994],
        [-0.8790234 , -0.82356722, -0.76702185, ...,  0.09420717,
          0.        , -0.06306072],
        [-0.84720786, -0.78615885, -0.72503416, ...,  0.15679994,
          0.06306072,  0.        ]],

       ...,

       [[ 0.        , -0.07559546,  0.03354891, ..., -0.94252458,
         -0.98647989, -0.98556056],
        [ 0.07559546,  0.        ,  0.10900581, ..., -0.91456838,
         -0.97126839, -0.96994037],
        [-0.03354891, -0.10900581,  0.        , ..., -0.95320393,
         -0.99142265, -0.99068637],
        ...,
        [ 0.94252458,  0.91456838,  0.95320393, ...,  0.        ,
         -0.17515613, -0.16972068],
        [ 0.98647989,  0.97126839,  0.99142265, ...,  0.17515613,
          0.        ,  0.00551809],
        [ 0.98556056,  0.96994037,  0.99068637, ...,  0.16972068,
         -0.00551809,  0.        ]],

       [[ 0.        , -0.03831923,  0.00317666, ...,  0.93603166,
          0.92043654,  0.90430609],
        [ 0.03831923,  0.        ,  0.04149337, ...,  0.92185905,
          0.90478184,  0.88728403],
        [-0.00317666, -0.04149337,  0.        , ...,  0.93714486,
          0.92167363,  0.90565759],
        ...,
        [-0.93603166, -0.92185905, -0.93714486, ...,  0.        ,
          0.04197116,  0.08133795],
        [-0.92043654, -0.90478184, -0.92167363, ..., -0.04197116,
          0.        ,  0.03943419],
        [-0.90430609, -0.88728403, -0.90565759, ..., -0.08133795,
         -0.03943419,  0.        ]],

       [[ 0.        ,  0.00710503,  0.00189296, ...,  0.91566973,
          0.96218092,  0.98535233],
        [-0.00710503,  0.        , -0.0052121 , ...,  0.91850235,
          0.96409212,  0.98653908],
        [-0.00189296,  0.0052121 ,  0.        , ...,  0.91642892,
          0.96269486,  0.98567337],
        ...,
        [-0.91566973, -0.91850235, -0.91642892, ...,  0.        ,
         -0.13729212, -0.23989417],
        [-0.96218092, -0.96409212, -0.96269486, ...,  0.13729212,
          0.        , -0.10433946],
        [-0.98535233, -0.98653908, -0.98567337, ...,  0.23989417,
          0.10433946,  0.        ]]]), 'num': array([9.65199430e-01, 2.61267956e-01, 4.25850861e-06, 2.67654553e-03,
       2.72674088e-03, 2.65387666e-03, 8.36403476e-03, 1.94304576e-05,
       2.67427864e-03, 2.77426454e-03, 2.68914834e-03, 4.93857463e-07,
       2.92209102e-03, 2.62643806e-03])}
{'img': array([[[ 0.        ,  0.00751775, -0.11729331, ...,  0.53650432,
          0.52017698,  0.58431835],
        [-0.00751775,  0.        , -0.12475586, ...,  0.53014494,
          0.51374168,  0.578201  ],
        [ 0.11729331,  0.12475586,  0.        , ...,  0.63178454,
          0.61676171,  0.67547139],
        ...,
        [-0.53650432, -0.53014494, -0.63178454, ...,  0.        ,
         -0.01922998,  0.05771842],
        [-0.52017698, -0.51374168, -0.61676171, ...,  0.01922998,
          0.        ,  0.07690567],
        [-0.58431835, -0.578201  , -0.67547139, ..., -0.05771842,
         -0.07690567,  0.        ]],

       [[ 0.        , -0.18303446,  0.19087753, ...,  0.13241669,
          0.47632209,  0.4607384 ],
        [ 0.18303446,  0.        ,  0.3673221 , ...,  0.31160239,
          0.6292122 ,  0.61540458],
        [-0.19087753, -0.3673221 ,  0.        , ..., -0.05921463,
          0.29973131,  0.28285652],
        ...,
        [-0.13241669, -0.31160239,  0.05921463, ...,  0.        ,
          0.35569752,  0.33915662],
        [-0.47632209, -0.6292122 , -0.29973131, ..., -0.35569752,
          0.        , -0.01763914],
        [-0.4607384 , -0.61540458, -0.28285652, ..., -0.33915662,
          0.01763914,  0.        ]],

       [[ 0.        ,  0.09334888,  0.14542041, ...,  0.82356722,
          0.78615885,  0.75015037],
        [-0.09334888,  0.        ,  0.05242885, ...,  0.76702185,
          0.72503416,  0.68514625],
        [-0.14542041, -0.05242885,  0.        , ...,  0.73232749,
          0.68792856,  0.64601448],
        ...,
        [-0.82356722, -0.76702185, -0.73232749, ...,  0.        ,
         -0.06306072, -0.11909875],
        [-0.78615885, -0.72503416, -0.68792856, ...,  0.06306072,
          0.        , -0.05624982],
        [-0.75015037, -0.68514625, -0.64601448, ...,  0.11909875,
          0.05624982,  0.        ]],

       ...,

       [[ 0.        ,  0.10900581, -0.26449016, ..., -0.97126839,
         -0.96994037, -0.83882644],
        [-0.10900581,  0.        , -0.36803804, ..., -0.99142265,
         -0.99068637, -0.89317061],
        [ 0.26449016,  0.36803804,  0.        , ..., -0.87373478,
         -0.87103746, -0.66496631],
        ...,
        [ 0.97126839,  0.99142265,  0.87373478, ...,  0.        ,
          0.00551809,  0.32912786],
        [ 0.96994037,  0.99068637,  0.87103746, ..., -0.00551809,
          0.        ,  0.32391219],
        [ 0.83882644,  0.89317061,  0.66496631, ..., -0.32912786,
         -0.32391219,  0.        ]],

       [[ 0.        ,  0.04149337,  0.08626174, ...,  0.90478184,
          0.88728403,  0.88140095],
        [-0.04149337,  0.        ,  0.04484875, ...,  0.92167363,
          0.90565759,  0.90024205],
        [-0.08626174, -0.04484875,  0.        , ...,  0.93814603,
          0.92376262,  0.9188629 ],
        ...,
        [-0.90478184, -0.92167363, -0.93814603, ...,  0.        ,
          0.03943419,  0.05202385],
        [-0.88728403, -0.90565759, -0.92376262, ..., -0.03943419,
          0.        ,  0.01260259],
        [-0.88140095, -0.90024205, -0.9188629 , ..., -0.05202385,
         -0.01260259,  0.        ]],

       [[ 0.        , -0.0052121 ,  0.03417346, ...,  0.96409212,
          0.98653908,  0.99753058],
        [ 0.0052121 ,  0.        ,  0.03938205, ...,  0.96269486,
          0.98567337,  0.99715097],
        [-0.03417346, -0.03938205,  0.        , ...,  0.97260439,
          0.9915511 ,  0.99934806],
        ...,
        [-0.96409212, -0.96269486, -0.97260439, ...,  0.        ,
         -0.10433946, -0.1972007 ],
        [-0.98653908, -0.98567337, -0.9915511 , ...,  0.10433946,
          0.        , -0.09383378],
        [-0.99753058, -0.99715097, -0.99934806, ...,  0.1972007 ,
          0.09383378,  0.        ]]]), 'num': array([ 9.64545742e-01,  2.63767650e-01,  4.29925210e-06,  2.66455549e-03,
        2.71359638e-03,  2.66455549e-03,  4.30268497e-03, -3.75980222e-05,
        2.68678736e-03,  2.79336958e-03,  2.71678404e-03,  4.47159164e-07,
        2.95378522e-03,  2.63295394e-03])}
{'img': array([[[ 0.        , -0.12475586, -0.19975984, ...,  0.51374168,
          0.578201  ,  0.45195122],
        [ 0.12475586,  0.        , -0.07595782, ...,  0.61676171,
          0.67547139,  0.55970789],
        [ 0.19975984,  0.07595782,  0.        , ...,  0.67477009,
          0.72953022,  0.62103639],
        ...,
        [-0.51374168, -0.61676171, -0.67477009, ...,  0.        ,
          0.07690567, -0.07053023],
        [-0.578201  , -0.67547139, -0.72953022, ..., -0.07690567,
          0.        , -0.1470355 ],
        [-0.45195122, -0.55970789, -0.62103639, ...,  0.07053023,
          0.1470355 ,  0.        ]],

       [[ 0.        ,  0.3673221 ,  0.29015583, ...,  0.6292122 ,
          0.61540458, -0.19217197],
        [-0.3673221 ,  0.        , -0.08164755, ...,  0.29973131,
          0.28285652, -0.53921363],
        [-0.29015583,  0.08164755,  0.        , ...,  0.37662428,
          0.36022538, -0.46865231],
        ...,
        [-0.6292122 , -0.29973131, -0.37662428, ...,  0.        ,
         -0.01763914, -0.76684699],
        [-0.61540458, -0.28285652, -0.36022538, ...,  0.01763914,
          0.        , -0.75540635],
        [ 0.19217197,  0.53921363,  0.46865231, ...,  0.76684699,
          0.75540635,  0.        ]],

       [[ 0.        ,  0.05242885,  0.        , ...,  0.72503416,
          0.68514625,  0.6399563 ],
        [-0.05242885,  0.        , -0.05242885, ...,  0.68792856,
          0.64601448,  0.59878922],
        [ 0.        ,  0.05242885,  0.        , ...,  0.72503416,
          0.68514625,  0.6399563 ],
        ...,
        [-0.72503416, -0.68792856, -0.72503416, ...,  0.        ,
         -0.05624982, -0.11637828],
        [-0.68514625, -0.64601448, -0.68514625, ...,  0.05624982,
          0.        , -0.06032642],
        [-0.6399563 , -0.59878922, -0.6399563 , ...,  0.11637828,
          0.06032642,  0.        ]],

       ...,

       [[ 0.        , -0.36803804, -0.46574376, ..., -0.99068637,
         -0.89317061, -0.9304439 ],
        [ 0.36803804,  0.        , -0.10736946, ..., -0.87103746,
         -0.66496631, -0.73027494],
        [ 0.46574376,  0.10736946,  0.        , ..., -0.8132605 ,
         -0.58093087, -0.65270355],
        ...,
        [ 0.99068637,  0.87103746,  0.8132605 , ...,  0.        ,
          0.32391219,  0.23632901],
        [ 0.89317061,  0.66496631,  0.58093087, ..., -0.32391219,
          0.        , -0.09114893],
        [ 0.9304439 ,  0.73027494,  0.65270355, ..., -0.23632901,
          0.09114893,  0.        ]],

       [[ 0.        ,  0.04484875,  0.06354138, ...,  0.90565759,
          0.90024205,  0.88765363],
        [-0.04484875,  0.        ,  0.01871933, ...,  0.92376262,
          0.9188629 ,  0.90741384],
        [-0.06354138, -0.01871933,  0.        , ...,  0.93076961,
          0.92608811,  0.91512141],
        ...,
        [-0.90565759, -0.92376262, -0.93076961, ...,  0.        ,
          0.01260259,  0.04069207],
        [-0.90024205, -0.9188629 , -0.92608811, ..., -0.01260259,
          0.        ,  0.02809669],
        [-0.88765363, -0.90741384, -0.91512141, ..., -0.04069207,
         -0.02809669,  0.        ]],

       [[ 0.        ,  0.03938205,  0.08003128, ...,  0.98567337,
          0.99715097,  0.99871688],
        [-0.03938205,  0.        ,  0.04071346, ...,  0.9915511 ,
          0.99934806,  0.99594772],
        [-0.08003128, -0.04071346,  0.        , ...,  0.99601018,
          0.99998936,  0.99146041],
        ...,
        [-0.98567337, -0.9915511 , -0.99601018, ...,  0.        ,
         -0.09383378, -0.21836532],
        [-0.99715097, -0.99934806, -0.99998936, ...,  0.09383378,
          0.        , -0.12583257],
        [-0.99871688, -0.99594772, -0.99146041, ...,  0.21836532,
          0.12583257,  0.        ]]]), 'num': array([ 9.63965833e-01,  2.65860595e-01,  4.33336584e-06,  2.65439254e-03,
        2.70052723e-03,  2.65274487e-03,  5.31086114e-03, -3.13056848e-05,
        2.69525469e-03,  2.80498936e-03,  2.73971426e-03,  4.29520192e-07,
        2.97933533e-03,  2.63064339e-03])}
{'img': array([[[ 0.        , -0.07595782,  0.29920905, ...,  0.67547139,
          0.55970789,  0.45376229],
        [ 0.07595782,  0.        ,  0.37082265, ...,  0.72953022,
          0.62103639,  0.52013913],
        [-0.29920905, -0.37082265,  0.        , ...,  0.42389379,
          0.28611477,  0.16634235],
        ...,
        [-0.67547139, -0.72953022, -0.42389379, ...,  0.        ,
         -0.1470355 , -0.26732988],
        [-0.55970789, -0.62103639, -0.28611477, ...,  0.1470355 ,
          0.        , -0.12274017],
        [-0.45376229, -0.52013913, -0.16634235, ...,  0.26732988,
          0.12274017,  0.        ]],

       [[ 0.        , -0.08164755,  0.57171472, ...,  0.28285652,
         -0.53921363, -0.23060642],
        [ 0.08164755,  0.        ,  0.63679385, ...,  0.36022538,
         -0.46865231, -0.15038957],
        [-0.57171472, -0.63679385,  0.        , ..., -0.31629683,
         -0.92387959, -0.74550696],
        ...,
        [-0.28285652, -0.36022538,  0.31629683, ...,  0.        ,
         -0.75540635, -0.49642169],
        [ 0.53921363,  0.46865231,  0.92387959, ...,  0.75540635,
          0.        ,  0.33047069],
        [ 0.23060642,  0.15038957,  0.74550696, ...,  0.49642169,
         -0.33047069,  0.        ]],

       [[ 0.        , -0.05242885, -0.03960926, ...,  0.64601448,
          0.59878922,  0.55086644],
        [ 0.05242885,  0.        ,  0.01283293, ...,  0.68514625,
          0.6399563 ,  0.59386558],
        [ 0.03960926, -0.01283293,  0.        , ...,  0.67574226,
          0.63004264,  0.58349177],
        ...,
        [-0.64601448, -0.68514625, -0.67574226, ...,  0.        ,
         -0.06032642, -0.11866922],
        [-0.59878922, -0.6399563 , -0.63004264, ...,  0.06032642,
          0.        , -0.05855295],
        [-0.55086644, -0.59386558, -0.58349177, ...,  0.11866922,
          0.05855295,  0.        ]],

       ...,

       [[ 0.        , -0.10736946, -0.04310517, ..., -0.66496631,
         -0.73027494, -0.75599664],
        [ 0.10736946,  0.        ,  0.06441368, ..., -0.58093087,
         -0.65270355, -0.68134494],
        [ 0.04310517, -0.06441368,  0.        , ..., -0.63215415,
         -0.70014874, -0.72707838],
        ...,
        [ 0.66496631,  0.58093087,  0.63215415, ...,  0.        ,
         -0.09114893, -0.12936309],
        [ 0.73027494,  0.65270355,  0.70014874, ...,  0.09114893,
          0.        , -0.03844156],
        [ 0.75599664,  0.68134494,  0.72707838, ...,  0.12936309,
          0.03844156,  0.        ]],

       [[ 0.        ,  0.01871933,  0.14273747, ...,  0.9188629 ,
          0.90741384,  0.90050459],
        [-0.01871933,  0.        ,  0.1241848 , ...,  0.92608811,
          0.91512141,  0.90848683],
        [-0.14273747, -0.1241848 ,  0.        , ...,  0.9657752 ,
          0.95810618,  0.95335284],
        ...,
        [-0.9188629 , -0.92608811, -0.9657752 , ...,  0.        ,
          0.02809669,  0.04424596],
        [-0.90741384, -0.91512141, -0.95810618, ..., -0.02809669,
          0.        ,  0.01615933],
        [-0.90050459, -0.90848683, -0.95335284, ..., -0.04424596,
         -0.01615933,  0.        ]],

       [[ 0.        ,  0.04071346,  0.06297137, ...,  0.99934806,
          0.99594772,  0.97371382],
        [-0.04071346,  0.        ,  0.0222865 , ...,  0.99998936,
          0.99146041,  0.96363298],
        [-0.06297137, -0.0222865 ,  0.        , ...,  0.99963817,
          0.98830782,  0.95743803],
        ...,
        [-0.99934806, -0.99998936, -0.99963817, ...,  0.        ,
         -0.12583257, -0.26278074],
        [-0.99594772, -0.99146041, -0.98830782, ...,  0.12583257,
          0.        , -0.13928177],
        [-0.97371382, -0.96363298, -0.95743803, ...,  0.26278074,
          0.13928177,  0.        ]]]), 'num': array([ 9.99941250e-01,  3.19344434e-03,  6.26885412e-06,  2.75344698e-03,
        2.80539881e-03,  2.74652007e-03,  6.49816950e-03, -3.63662808e-05,
        2.81405744e-03,  2.93172834e-03,  2.88078668e-03,  4.31164846e-07,
        3.12294581e-03,  2.74051086e-03])}
{'img': array([[[ 0.        ,  0.37082265, -0.23580548, ...,  0.62103639,
          0.52013913,  0.3960642 ],
        [-0.37082265,  0.        , -0.57935898, ...,  0.28611477,
          0.16634235,  0.02732846],
        [ 0.23580548,  0.57935898,  0.        , ...,  0.78834336,
          0.70686846,  0.60141727],
        ...,
        [-0.62103639, -0.28611477, -0.78834336, ...,  0.        ,
         -0.12274017, -0.2598219 ],
        [-0.52013913, -0.16634235, -0.70686846, ...,  0.12274017,
          0.        , -0.13933249],
        [-0.3960642 , -0.02732846, -0.60141727, ...,  0.2598219 ,
          0.13933249,  0.        ]],

       [[ 0.        ,  0.63679385,  0.88798639, ..., -0.46865231,
         -0.15038957,  0.02374652],
        [-0.63679385,  0.        ,  0.39182558, ..., -0.92387959,
         -0.74550696, -0.6183049 ],
        [-0.88798639, -0.39182558,  0.        , ..., -0.99995084,
         -0.94704677, -0.87681569],
        ...,
        [ 0.46865231,  0.92387959,  0.99995084, ...,  0.        ,
          0.33047069,  0.48949742],
        [ 0.15038957,  0.74550696,  0.94704677, ..., -0.33047069,
          0.        ,  0.17382361],
        [-0.02374652,  0.6183049 ,  0.87681569, ..., -0.48949742,
         -0.17382361,  0.        ]],

       [[ 0.        ,  0.01283293, -0.07765714, ...,  0.6399563 ,
          0.59386558,  0.52676526],
        [-0.01283293,  0.        , -0.09044492, ...,  0.63004264,
          0.58349177,  0.51581376],
        [ 0.07765714,  0.09044492,  0.        , ...,  0.69769634,
          0.65455234,  0.5911839 ],
        ...,
        [-0.6399563 , -0.63004264, -0.69769634, ...,  0.        ,
         -0.05855295, -0.13919738],
        [-0.59386558, -0.58349177, -0.65455234, ...,  0.05855295,
          0.        , -0.08097565],
        [-0.52676526, -0.51581376, -0.5911839 , ...,  0.13919738,
          0.08097565,  0.        ]],

       ...,

       [[ 0.        ,  0.06441368, -0.21056141, ..., -0.65270355,
         -0.68134494, -0.70703297],
        [-0.06441368,  0.        , -0.2730937 , ..., -0.70014874,
         -0.72707838, -0.75111676],
        [ 0.21056141,  0.2730937 ,  0.        , ..., -0.4785462 ,
         -0.51194657, -0.54227679],
        ...,
        [ 0.65270355,  0.70014874,  0.4785462 , ...,  0.        ,
         -0.03844156, -0.07407838],
        [ 0.68134494,  0.72707838,  0.51194657, ...,  0.03844156,
          0.        , -0.03568769],
        [ 0.70703297,  0.75111676,  0.54227679, ...,  0.07407838,
          0.03568769,  0.        ]],

       [[ 0.        ,  0.1241848 ,  0.06863712, ...,  0.91512141,
          0.90848683,  0.93175772],
        [-0.1241848 ,  0.        , -0.05578613, ...,  0.95810618,
          0.95335284,  0.96963418],
        [-0.06863712,  0.05578613,  0.        , ...,  0.94063628,
          0.93502872,  0.95448116],
        ...,
        [-0.91512141, -0.95810618, -0.94063628, ...,  0.        ,
          0.01615933, -0.04340169],
        [-0.90848683, -0.95335284, -0.93502872, ..., -0.01615933,
          0.        , -0.05954012],
        [-0.93175772, -0.96963418, -0.95448116, ...,  0.04340169,
          0.05954012,  0.        ]],

       [[ 0.        ,  0.0222865 ,  0.11129253, ...,  0.99146041,
          0.96363298,  0.92154771],
        [-0.0222865 ,  0.        ,  0.08911685, ...,  0.98830782,
          0.95743803,  0.91266575],
        [-0.11129253, -0.08911685,  0.        , ...,  0.97078771,
          0.92790597,  0.87261175],
        ...,
        [-0.99146041, -0.98830782, -0.97078771, ...,  0.        ,
         -0.13928177, -0.2647723 ],
        [-0.96363298, -0.95743803, -0.92790597, ...,  0.13928177,
          0.        , -0.12788057],
        [-0.92154771, -0.91266575, -0.87261175, ...,  0.2647723 ,
          0.12788057,  0.        ]]]), 'num': array([9.99938235e-01, 3.14221665e-03, 6.16829219e-06, 2.75358016e-03,
       2.75869201e-03, 2.70075777e-03, 7.12257130e-03, 4.43026511e-05,
       2.76039595e-03, 2.86944863e-03, 2.83684643e-03, 3.40789624e-07,
       3.04794564e-03, 2.69095163e-03])}
{'img': array([[[ 0.        , -0.57935898, -0.64797874, ...,  0.16634235,
          0.02732846,  0.19839559],
        [ 0.57935898,  0.        , -0.086876  , ...,  0.70686846,
          0.60141727,  0.72954928],
        [ 0.64797874,  0.086876  ,  0.        , ...,  0.76564719,
          0.66855168,  0.7862079 ],
        ...,
        [-0.16634235, -0.70686846, -0.76564719, ...,  0.        ,
         -0.13933249,  0.03259575],
        [-0.02732846, -0.60141727, -0.66855168, ...,  0.13933249,
          0.        ,  0.17153626],
        [-0.19839559, -0.72954928, -0.7862079 , ..., -0.03259575,
         -0.17153626,  0.        ]],

       [[ 0.        ,  0.39182558, -0.30421898, ..., -0.74550696,
         -0.6183049 , -0.52273844],
        [-0.39182558,  0.        , -0.65314737, ..., -0.94704677,
         -0.87681569, -0.81496864],
        [ 0.30421898,  0.65314737,  0.        , ..., -0.50741022,
         -0.34990121, -0.23861716],
        ...,
        [ 0.74550696,  0.94704677,  0.50741022, ...,  0.        ,
          0.17382361,  0.28713551],
        [ 0.6183049 ,  0.87681569,  0.34990121, ..., -0.17382361,
          0.        ,  0.1162605 ],
        [ 0.52273844,  0.81496864,  0.23861716, ..., -0.28713551,
         -0.1162605 ,  0.        ]],

       [[ 0.        , -0.09044492, -0.20444275, ...,  0.58349177,
          0.51581376,  0.48320979],
        [ 0.09044492,  0.        , -0.11507025, ...,  0.65455234,
          0.5911839 ,  0.56041428],
        [ 0.20444275,  0.11507025,  0.        , ...,  0.73719941,
          0.68006527,  0.65199426],
        ...,
        [-0.58349177, -0.65455234, -0.73719941, ...,  0.        ,
         -0.08097565, -0.11842584],
        [-0.51581376, -0.5911839 , -0.68006527, ...,  0.08097565,
          0.        , -0.03763113],
        [-0.48320979, -0.56041428, -0.65199426, ...,  0.11842584,
          0.03763113,  0.        ]],

       ...,

       [[ 0.        , -0.2730937 , -0.42007427, ..., -0.72707838,
         -0.75111676, -0.84609136],
        [ 0.2730937 ,  0.        , -0.15627644, ..., -0.51194657,
         -0.54227679, -0.66835997],
        [ 0.42007427,  0.15627644,  0.        , ..., -0.3714123 ,
         -0.40431058, -0.54390371],
        ...,
        [ 0.72707838,  0.51194657,  0.3714123 , ...,  0.        ,
         -0.03568769, -0.19332747],
        [ 0.75111676,  0.54227679,  0.40431058, ...,  0.03568769,
          0.        , -0.1581899 ],
        [ 0.84609136,  0.66835997,  0.54390371, ...,  0.19332747,
          0.1581899 ,  0.        ]],

       [[ 0.        , -0.05578613, -0.16103434, ...,  0.95335284,
          0.96963418,  0.99631366],
        [ 0.05578613,  0.        , -0.10572552, ...,  0.93502872,
          0.95448116,  0.98997652],
        [ 0.16103434,  0.10572552,  0.        , ...,  0.89230091,
          0.91759675,  0.96949621],
        ...,
        [-0.95335284, -0.93502872, -0.89230091, ...,  0.        ,
         -0.05954012, -0.21896191],
        [-0.96963418, -0.95448116, -0.91759675, ...,  0.05954012,
          0.        , -0.16047817],
        [-0.99631366, -0.98997652, -0.96949621, ...,  0.21896191,
          0.16047817,  0.        ]],

       [[ 0.        ,  0.08911685,  0.19306489, ...,  0.95743803,
          0.91266575,  0.90050722],
        [-0.08911685,  0.        ,  0.10485652, ...,  0.92790597,
          0.87261175,  0.8581726 ],
        [-0.19306489, -0.10485652,  0.        , ...,  0.88369874,
          0.81658791,  0.79961253],
        ...,
        [-0.95743803, -0.92790597, -0.88369874, ...,  0.        ,
         -0.12788057, -0.15641195],
        [-0.91266575, -0.87261175, -0.81658791, ...,  0.12788057,
          0.        , -0.02882113],
        [-0.90050722, -0.8581726 , -0.79961253, ...,  0.15641195,
          0.02882113,  0.        ]]]), 'num': array([9.99915614e-01, 3.09818862e-03, 6.08186349e-06, 2.75363930e-03,
