state_0,state_1,state_2,state_3,state_4,state_5,state_6,state_7,state_8,state_9,state_10,state_11,state_12,state_13,state_14,state_15,state_16,state_17,state_18,state_19,state_20,state_21,state_22,state_23,state_24,state_25,state_26,state_27,state_28,state_29,state_30,state_31,state_32,state_33,state_34,state_35,state_36,state_37,state_38,state_39,state_40,state_41,state_42,state_43,state_44,state_45,state_46,state_47,state_48,state_49,state_50,state_51,state_52,state_53,state_54,state_55,state_56,state_57,state_58,state_59,state_60,state_61,state_62,state_63,state_64,state_65,state_66,state_67,state_68,state_69,state_70,state_71,state_72,state_73,state_74,state_75,state_76,state_77,state_78,state_79,state_80,state_81,state_82,state_83,state_84,state_85,state_86,state_87,state_88,state_89,state_90,state_91,state_92,state_93,state_94,state_95,state_96,state_97,state_98,state_99,state_100,state_101,state_102,state_103,state_104,state_105,state_106,state_107,state_108,state_109,state_110,state_111,state_112,state_113,state_114,state_115,state_116,state_117,state_118,state_119,state_120,state_121,state_122,state_123,state_124,state_125,state_126,state_127,state_128,state_129,state_130,state_131,state_132,state_133,state_134,state_135,state_136,state_137,state_138,state_139,state_140,state_141,state_142,state_143,state_144,state_145,state_146,state_147,state_148,state_149,state_150,state_151,state_152,state_153,state_154,state_155,state_156,state_157,state_158,state_159,state_160,state_161,state_162,state_163,state_164,state_165,state_166,state_167,state_168,state_169,state_170,state_171,state_172,state_173,state_174,state_175,state_176,state_177,state_178,state_179,state_180,state_181,state_182,state_183,state_184,state_185,state_186,state_187,state_188,state_189,state_190,state_191,state_192,state_193,state_194,state_195,state_196,state_197,state_198,state_199,state_200,state_201,state_202,state_203,state_204,state_205,state_206,state_207,state_208,state_209,state_210,state_211,state_212,state_213,state_214,state_215,state_216,state_217,state_218,state_219,state_220,state_221,state_222,state_223,state_224,state_225,state_226,state_227,state_228,state_229,state_230,state_231,state_232,state_233,state_234,state_235,state_236,state_237,state_238,state_239,state_240,state_241,state_242,state_243,state_244,state_245,state_246,state_247,state_248,state_249,state_250,state_251,state_252,state_253,state_254,state_255,state_256,state_257,state_258,state_259,state_260,state_261,state_262,state_263,state_264,state_265,state_266,state_267,state_268,state_269,state_270,state_271,state_272,state_273,state_274,state_275,state_276,state_277,state_278,state_279,state_280,state_281,state_282,state_283,state_284,state_285,state_286,state_287
{'img': array([[[ 0.        ,  0.02346979, -0.20034232, ..., -0.62030859,
         -0.73356475, -0.65375519],
        [-0.02346979,  0.        , -0.2232811 , ..., -0.63854643,
         -0.74931322, -0.67133484],
        [ 0.20034232,  0.2232811 ,  0.        , ..., -0.45059235,
         -0.58253587, -0.48890067],
        ...,
        [ 0.62030859,  0.63854643,  0.45059235, ...,  0.        ,
         -0.15380343, -0.04338672],
        [ 0.73356475,  0.74931322,  0.58253587, ...,  0.15380343,
          0.        ,  0.11078812],
        [ 0.65375519,  0.67133484,  0.48890067, ...,  0.04338672,
         -0.11078812,  0.        ]],

       [[ 0.        , -0.171333  ,  0.06549436, ...,  0.72341866,
          0.45110431,  0.59448855],
        [ 0.171333  ,  0.        ,  0.23549104, ...,  0.59443165,
          0.59734368,  0.72346751],
        [-0.06549436, -0.23549104,  0.        , ...,  0.76708337,
          0.39168393,  0.54054786],
        ...,
        [-0.72341866, -0.59443165, -0.76708337, ...,  0.        ,
         -0.9570771 , -0.99214451],
        [-0.45110431, -0.59734368, -0.39168393, ...,  0.9570771 ,
          0.        ,  0.16782911],
        [-0.59448855, -0.72346751, -0.54054786, ...,  0.99214451,
         -0.16782911,  0.        ]],

       [[ 0.        ,  0.03571133, -0.04667072, ..., -0.2289738 ,
         -0.40154451, -0.51469021],
        [-0.03571133,  0.        , -0.08231337, ..., -0.26359032,
         -0.43399423, -0.54497996],
        [ 0.04667072,  0.08231337,  0.        , ..., -0.18329349,
         -0.35836406, -0.474115  ],
        ...,
        [ 0.2289738 ,  0.26359032,  0.18329349, ...,  0.        ,
         -0.18117326, -0.30469953],
        [ 0.40154451,  0.43399423,  0.35836406, ...,  0.18117326,
          0.        , -0.12709892],
        [ 0.51469021,  0.54497996,  0.474115  , ...,  0.30469953,
          0.12709892,  0.        ]],

       ...,

       [[ 0.        ,  0.22537666, -0.15406072, ..., -0.99354644,
         -0.99484772, -0.99746158],
        [-0.22537666,  0.        , -0.37278297, ..., -0.99354778,
         -0.94640318, -0.98784693],
        [ 0.15406072,  0.37278297,  0.        , ..., -0.96421036,
         -0.99858937, -0.97458311],
        ...,
        [ 0.99354644,  0.99354778,  0.96421036, ...,  0.        ,
         -0.21356797, -0.042391  ],
        [ 0.99484772,  0.94640318,  0.99858937, ...,  0.21356797,
          0.        ,  0.17196302],
        [ 0.99746158,  0.98784693,  0.97458311, ...,  0.042391  ,
         -0.17196302,  0.        ]],

       [[ 0.        ,  0.08778214,  0.11445065, ...,  0.06028885,
          0.22907837,  0.28924364],
        [-0.08778214,  0.        ,  0.02680352, ..., -0.02756635,
          0.14274622,  0.20409713],
        [-0.11445065, -0.02680352,  0.        , ..., -0.05434978,
          0.11616591,  0.17778449],
        ...,
        [-0.06028885,  0.02756635,  0.05434978, ...,  0.        ,
          0.16997603,  0.23100567],
        [-0.22907837, -0.14274622, -0.11616591, ..., -0.16997603,
          0.        ,  0.06226553],
        [-0.28924364, -0.20409713, -0.17778449, ..., -0.23100567,
         -0.06226553,  0.        ]],

       [[ 0.        , -0.02755768, -0.02932929, ...,  0.99937693,
          0.95118766,  0.87807117],
        [ 0.02755768,  0.        , -0.00177233, ...,  0.99802472,
          0.95933107,  0.89092487],
        [ 0.02932929,  0.00177233,  0.        , ...,  0.99791181,
          0.95982987,  0.89172837],
        ...,
        [-0.99937693, -0.99802472, -0.99791181, ...,  0.        ,
         -0.34199328, -0.50922372],
        [-0.95118766, -0.95933107, -0.95982987, ...,  0.34199328,
          0.        , -0.18418764],
        [-0.87807117, -0.89092487, -0.89172837, ...,  0.50922372,
          0.18418764,  0.        ]]]), 'num': array([ 9.99999991e-01,  1.13630772e-06,  5.30503374e-06,  3.88032618e-05,
        3.93178939e-05,  3.85974090e-05,  7.23745677e-05, -6.17558543e-07,
        3.98325261e-05,  4.20505905e-05,  4.14073003e-05,  6.09156386e-09,
        4.51311527e-05,  3.89700282e-05])}
{'img': array([[[ 0.        , -0.2232811 ,  0.52378386, ..., -0.74931322,
         -0.67133484, -0.76418346],
        [ 0.2232811 ,  0.        ,  0.70076274, ..., -0.58253587,
         -0.48890067, -0.60087489],
        [-0.52378386, -0.70076274,  0.        , ..., -0.98516129,
         -0.96008199, -0.98881064],
        ...,
        [ 0.74931322,  0.58253587,  0.98516129, ...,  0.        ,
          0.11078812, -0.02274809],
        [ 0.67133484,  0.48890067,  0.96008199, ..., -0.11078812,
          0.        , -0.1333675 ],
        [ 0.76418346,  0.60087489,  0.98881064, ...,  0.02274809,
          0.1333675 ,  0.        ]],

       [[ 0.        ,  0.23549104,  0.98560145, ...,  0.59734368,
          0.72346751,  0.08814705],
        [-0.23549104,  0.        ,  0.99770094, ...,  0.39168393,
          0.54054786, -0.14890634],
        [-0.98560145, -0.99770094,  0.        , ..., -0.89143987,
         -0.80274586, -0.99666933],
        ...,
        [-0.59734368, -0.39168393,  0.89143987, ...,  0.        ,
          0.16782911, -0.52432586],
        [-0.72346751, -0.54054786,  0.80274586, ..., -0.16782911,
          0.        , -0.65979834],
        [-0.08814705,  0.14890634,  0.99666933, ...,  0.52432586,
          0.65979834,  0.        ]],

       [[ 0.        , -0.08231337,  0.02418926, ..., -0.43399423,
         -0.54497996, -0.70864691],
        [ 0.08231337,  0.        ,  0.10639646, ..., -0.35836406,
         -0.474115  , -0.64816482],
        [-0.02418926, -0.10639646,  0.        , ..., -0.45565972,
         -0.56510196, -0.72550661],
        ...,
        [ 0.43399423,  0.35836406,  0.45565972, ...,  0.        ,
         -0.12709892, -0.33222069],
        [ 0.54497996,  0.474115  ,  0.56510196, ...,  0.12709892,
          0.        , -0.20964648],
        [ 0.70864691,  0.64816482,  0.72550661, ...,  0.33222069,
          0.20964648,  0.        ]],

       ...,

       [[ 0.        , -0.37278297, -0.136395  , ..., -0.94640318,
         -0.98784693, -0.9908836 ],
        [ 0.37278297,  0.        ,  0.24273569, ..., -0.99858937,
         -0.97458311, -0.96968089],
        [ 0.136395  , -0.24273569,  0.        , ..., -0.9816125 ,
         -0.9998149 , -0.99999857],
        ...,
        [ 0.94640318,  0.99858937,  0.9816125 , ...,  0.        ,
          0.17196302,  0.192543  ],
        [ 0.98784693,  0.97458311,  0.9998149 , ..., -0.17196302,
          0.        ,  0.02092943],
        [ 0.9908836 ,  0.96968089,  0.99999857, ..., -0.192543  ,
         -0.02092943,  0.        ]],

       [[ 0.        ,  0.02680352,  0.28300171, ...,  0.14274622,
          0.20409713,  0.29900931],
        [-0.02680352,  0.        ,  0.25719226, ...,  0.11616591,
          0.17778449,  0.27332462],
        [-0.28300171, -0.25719226,  0.        , ..., -0.14319291,
         -0.08129118,  0.0167312 ],
        ...,
        [-0.14274622, -0.11616591,  0.14319291, ...,  0.        ,
          0.06226553,  0.15973164],
        [-0.20409713, -0.17778449,  0.08129118, ..., -0.06226553,
          0.        ,  0.09795563],
        [-0.29900931, -0.27332462, -0.0167312 , ..., -0.15973164,
         -0.09795563,  0.        ]],

       [[ 0.        , -0.00177233, -0.11933465, ...,  0.95933107,
          0.89092487,  0.796019  ],
        [ 0.00177233,  0.        , -0.1175748 , ...,  0.95982987,
          0.89172837,  0.79709049],
        [ 0.11933465,  0.1175748 ,  0.        , ...,  0.98616196,
          0.93875432,  0.8625606 ],
        ...,
        [-0.95933107, -0.95982987, -0.98616196, ...,  0.        ,
         -0.18418764, -0.35595298],
        [-0.89092487, -0.89172837, -0.93875432, ...,  0.18418764,
          0.        , -0.17773895],
        [-0.796019  , -0.79709049, -0.8625606 , ...,  0.35595298,
          0.17773895,  0.        ]]]), 'num': array([ 7.07090170e-01,  7.07090170e-01,  0.00000000e+00,  1.50348837e-03,
        1.56084215e-03,  1.48300487e-03,  5.16013594e-03, -4.09669855e-05,
        1.54855205e-03,  1.66489829e-03,  1.64468791e-03,  2.22064033e-07,
        1.80811643e-03,  1.52168015e-03])}
{'img': array([[[ 0.        ,  0.70076274,  0.85988419, ..., -0.48890067,
         -0.60087489, -0.7758342 ],
        [-0.70076274,  0.        ,  0.25570479, ..., -0.96008199,
         -0.98881064, -0.99561281],
        [-0.85988419, -0.25570479,  0.        , ..., -0.9996894 ,
         -0.9940826 , -0.93858756],
        ...,
        [ 0.48890067,  0.96008199,  0.9996894 , ...,  0.        ,
         -0.1333675 , -0.36832535],
        [ 0.60087489,  0.98881064,  0.9940826 , ...,  0.1333675 ,
          0.        , -0.24104361],
        [ 0.7758342 ,  0.99561281,  0.93858756, ...,  0.36832535,
          0.24104361,  0.        ]],

       [[ 0.        ,  0.99770094,  0.70076136, ...,  0.54054786,
         -0.14890634,  0.36710417],
        [-0.99770094,  0.        , -0.66426471, ..., -0.80274586,
         -0.99666933, -0.90316248],
        [-0.70076136,  0.66426471,  0.        , ..., -0.20393527,
         -0.79917794, -0.38994352],
        ...,
        [-0.54054786,  0.80274586,  0.20393527, ...,  0.        ,
         -0.65979834, -0.19395711],
        [ 0.14890634,  0.99666933,  0.79917794, ...,  0.65979834,
          0.        ,  0.50152111],
        [-0.36710417,  0.90316248,  0.38994352, ...,  0.19395711,
         -0.50152111,  0.        ]],

       [[ 0.        ,  0.10639646,  0.32343886, ..., -0.474115  ,
         -0.64816482, -0.82411642],
        [-0.10639646,  0.        ,  0.2209254 , ..., -0.56510196,
         -0.72550661, -0.87970369],
        [-0.32343886, -0.2209254 ,  0.        , ..., -0.7334068 ,
         -0.85962407, -0.96302178],
        ...,
        [ 0.474115  ,  0.56510196,  0.7334068 , ...,  0.        ,
         -0.20964648, -0.45705553],
        [ 0.64816482,  0.72550661,  0.85962407, ...,  0.20964648,
          0.        , -0.26043091],
        [ 0.82411642,  0.87970369,  0.96302178, ...,  0.45705553,
          0.26043091,  0.        ]],

       ...,

       [[ 0.        ,  0.24273569,  0.15089451, ..., -0.97458311,
         -0.96968089, -0.98778639],
        [-0.24273569,  0.        , -0.09357471, ..., -0.9998149 ,
         -0.99999857, -0.99606578],
        [-0.15089451,  0.09357471,  0.        , ..., -0.99722834,
         -0.99545271, -0.99998761],
        ...,
        [ 0.97458311,  0.9998149 ,  0.99722834, ...,  0.        ,
          0.02092943, -0.06943625],
        [ 0.96968089,  0.99999857,  0.99545271, ..., -0.02092943,
          0.        , -0.09029995],
        [ 0.98778639,  0.99606578,  0.99998761, ...,  0.06943625,
          0.09029995,  0.        ]],

       [[ 0.        ,  0.25719226,  0.5456114 , ...,  0.17778449,
          0.27332462,  0.39703387],
        [-0.25719226,  0.        ,  0.3117202 , ..., -0.08129118,
          0.0167312 ,  0.14762568],
        [-0.5456114 , -0.3117202 ,  0.        , ..., -0.3879293 ,
         -0.29577902, -0.16803471],
        ...,
        [-0.17778449,  0.08129118,  0.3879293 , ...,  0.        ,
          0.09795563,  0.2275376 ],
        [-0.27332462, -0.0167312 ,  0.29577902, ..., -0.09795563,
          0.        ,  0.13105714],
        [-0.39703387, -0.14762568,  0.16803471, ..., -0.2275376 ,
         -0.13105714,  0.        ]],

       [[ 0.        , -0.1175748 , -0.23918735, ...,  0.89172837,
          0.79709049,  0.6155028 ],
        [ 0.1175748 ,  0.        , -0.12336634, ...,  0.93875432,
          0.8625606 ,  0.70389847],
        [ 0.23918735,  0.12336634,  0.        , ...,  0.97409382,
          0.91838933,  0.78614872],
        ...,
        [-0.89172837, -0.93875432, -0.97409382, ...,  0.        ,
         -0.17773895, -0.42424335],
        [-0.79709049, -0.8625606 , -0.91838933, ...,  0.17773895,
          0.        , -0.25653722],
        [-0.6155028 , -0.70389847, -0.78614872, ...,  0.42424335,
          0.25653722,  0.        ]]]), 'num': array([9.89766868e-01, 1.42432644e-01, 4.49514201e-06, 2.11305304e-03,
       2.14107762e-03, 2.04579406e-03, 6.02065421e-03, 5.60491522e-05,
       2.10969009e-03, 2.26690796e-03, 2.24738417e-03, 3.40298424e-07,
       2.47371262e-03, 2.06010330e-03])}
{'img': array([[[ 0.00000000e+00,  2.55704795e-01,  5.22512575e-01, ...,
         -9.88810635e-01, -9.95612808e-01, -9.88810635e-01],
        [-2.55704795e-01,  0.00000000e+00,  2.87119615e-01, ...,
         -9.94082598e-01, -9.38587558e-01, -9.94082598e-01],
        [-5.22512575e-01, -2.87119615e-01,  0.00000000e+00, ...,
         -9.21037594e-01, -8.00000000e-01, -9.21037594e-01],
        ...,
        [ 9.88810635e-01,  9.94082598e-01,  9.21037594e-01, ...,
          0.00000000e+00, -2.41043609e-01,  0.00000000e+00],
        [ 9.95612808e-01,  9.38587558e-01,  8.00000000e-01, ...,
          2.41043609e-01,  0.00000000e+00,  2.41043609e-01],
        [ 9.88810635e-01,  9.94082598e-01,  9.21037594e-01, ...,
          0.00000000e+00, -2.41043609e-01,  0.00000000e+00]],

       [[ 0.00000000e+00, -6.64264712e-01, -9.03753779e-01, ...,
         -9.96669326e-01, -9.03162481e-01, -9.59154673e-01],
        [ 6.64264712e-01,  0.00000000e+00, -3.91213319e-01, ...,
         -7.99177936e-01, -3.89943523e-01, -5.29057011e-01],
        [ 9.03753779e-01,  3.91213319e-01,  0.00000000e+00, ...,
         -5.00327292e-01,  1.37935857e-03, -1.54912925e-01],
        ...,
        [ 9.96669326e-01,  7.99177936e-01,  5.00327292e-01, ...,
          0.00000000e+00,  5.01521115e-01,  3.60158162e-01],
        [ 9.03162481e-01,  3.89943523e-01, -1.37935857e-03, ...,
         -5.01521115e-01,  0.00000000e+00, -1.56275485e-01],
        [ 9.59154673e-01,  5.29057011e-01,  1.54912925e-01, ...,
         -3.60158162e-01,  1.56275485e-01,  0.00000000e+00]],

       [[ 0.00000000e+00,  2.20925397e-01,  4.24718894e-01, ...,
         -7.25506611e-01, -8.79703693e-01, -9.02803845e-01],
        [-2.20925397e-01,  0.00000000e+00,  2.14215045e-01, ...,
         -8.59624074e-01, -9.63021782e-01, -9.75505739e-01],
        [-4.24718894e-01, -2.14215045e-01,  0.00000000e+00, ...,
         -9.49117473e-01, -9.98381277e-01, -9.99982597e-01],
        ...,
        [ 7.25506611e-01,  8.59624074e-01,  9.49117473e-01, ...,
          0.00000000e+00, -2.60430913e-01, -3.09317340e-01],
        [ 8.79703693e-01,  9.63021782e-01,  9.98381277e-01, ...,
          2.60430913e-01,  0.00000000e+00, -5.09844788e-02],
        [ 9.02803845e-01,  9.75505739e-01,  9.99982597e-01, ...,
          3.09317340e-01,  5.09844788e-02,  0.00000000e+00]],

       ...,

       [[ 0.00000000e+00, -9.35747086e-02, -1.38242753e-01, ...,
         -9.99998572e-01, -9.96065784e-01, -9.99599640e-01],
        [ 9.35747086e-02,  0.00000000e+00, -4.49599402e-02, ...,
         -9.95452714e-01, -9.99987607e-01, -9.92566041e-01],
        [ 1.38242753e-01,  4.49599402e-02,  0.00000000e+00, ...,
         -9.90163354e-01, -9.98752577e-01, -9.86090399e-01],
        ...,
        [ 9.99998572e-01,  9.95452714e-01,  9.90163354e-01, ...,
          0.00000000e+00, -9.02999545e-02,  2.66049532e-02],
        [ 9.96065784e-01,  9.99987607e-01,  9.98752577e-01, ...,
          9.02999545e-02,  0.00000000e+00,  1.16764252e-01],
        [ 9.99599640e-01,  9.92566041e-01,  9.86090399e-01, ...,
         -2.66049532e-02, -1.16764252e-01,  0.00000000e+00]],

       [[ 0.00000000e+00,  3.11720204e-01,  6.64921881e-01, ...,
          1.67311980e-02,  1.47625681e-01,  1.47049739e-01],
        [-3.11720204e-01,  0.00000000e+00,  3.98963599e-01, ...,
         -2.95779022e-01, -1.68034705e-01, -1.68608694e-01],
        [-6.64921881e-01, -3.98963599e-01,  0.00000000e+00, ...,
         -6.52332060e-01, -5.47373008e-01, -5.47860233e-01],
        ...,
        [-1.67311980e-02,  2.95779022e-01,  6.52332060e-01, ...,
          0.00000000e+00,  1.31057138e-01,  1.30479841e-01],
        [-1.47625681e-01,  1.68034705e-01,  5.47373008e-01, ...,
         -1.31057138e-01,  0.00000000e+00, -5.82296684e-04],
        [-1.47049739e-01,  1.68608694e-01,  5.47860233e-01, ...,
         -1.30479841e-01,  5.82296684e-04,  0.00000000e+00]],

       [[ 0.00000000e+00, -1.23366341e-01, -1.65668772e-01, ...,
          8.62560598e-01,  7.03898473e-01,  5.97432559e-01],
        [ 1.23366341e-01,  0.00000000e+00, -4.27416639e-02, ...,
          9.18389333e-01,  7.86148717e-01,  6.91798722e-01],
        [ 1.65668772e-01,  4.27416639e-02,  0.00000000e+00, ...,
          9.34462003e-01,  8.11846247e-01,  7.22029871e-01],
        ...,
        [-8.62560598e-01, -9.18389333e-01, -9.34462003e-01, ...,
          0.00000000e+00, -2.56537225e-01, -3.89430616e-01],
        [-7.03898473e-01, -7.86148717e-01, -8.11846247e-01, ...,
          2.56537225e-01,  0.00000000e+00, -1.40112968e-01],
        [-5.97432559e-01, -6.91798722e-01, -7.22029871e-01, ...,
          3.89430616e-01,  1.40112968e-01,  0.00000000e+00]]]), 'num': array([ 9.89395336e-01,  1.45013563e-01,  4.57659522e-06,  2.10569032e-03,
        2.16275510e-03,  2.08286441e-03,  5.37051466e-03, -4.56518227e-05,
        2.13764660e-03,  2.29257747e-03,  2.28173516e-03,  3.62654666e-07,
        2.51467239e-03,  2.07048256e-03])}
{'img': array([[[ 0.00000000e+00,  2.87119615e-01, -2.55704795e-01, ...,
         -9.38587558e-01, -9.94082598e-01, -9.55150590e-01],
        [-2.87119615e-01,  0.00000000e+00, -5.22512575e-01, ...,
         -8.00000000e-01, -9.21037594e-01, -8.29911720e-01],
        [ 2.55704795e-01,  5.22512575e-01,  0.00000000e+00, ...,
         -9.95612808e-01, -9.88810635e-01, -9.99115955e-01],
        ...,
        [ 9.38587558e-01,  8.00000000e-01,  9.95612808e-01, ...,
          0.00000000e+00,  2.41043609e-01,  5.16312424e-02],
        [ 9.94082598e-01,  9.21037594e-01,  9.88810635e-01, ...,
         -2.41043609e-01,  0.00000000e+00, -1.90613251e-01],
        [ 9.55150590e-01,  8.29911720e-01,  9.99115955e-01, ...,
         -5.16312424e-02,  1.90613251e-01,  0.00000000e+00]],

       [[ 0.00000000e+00, -3.91213319e-01, -6.55731947e-01, ...,
         -3.89943523e-01, -5.29057011e-01, -6.27435388e-01],
        [ 3.91213319e-01,  0.00000000e+00, -3.08106504e-01, ...,
          1.37935857e-03, -1.54912925e-01, -2.72803266e-01],
        [ 6.55731947e-01,  3.08106504e-01,  0.00000000e+00, ...,
          3.09418466e-01,  1.57010381e-01,  3.68880779e-02],
        ...,
        [ 3.89943523e-01, -1.37935857e-03, -3.09418466e-01, ...,
          0.00000000e+00, -1.56275485e-01, -2.74130045e-01],
        [ 5.29057011e-01,  1.54912925e-01, -1.57010381e-01, ...,
          1.56275485e-01,  0.00000000e+00, -1.20472967e-01],
        [ 6.27435388e-01,  2.72803266e-01, -3.68880779e-02, ...,
          2.74130045e-01,  1.20472967e-01,  0.00000000e+00]],

       [[ 0.00000000e+00,  2.14215045e-01,  4.07878376e-01, ...,
         -9.63021782e-01, -9.75505739e-01, -9.86888604e-01],
        [-2.14215045e-01,  0.00000000e+00,  2.02823996e-01, ...,
         -9.98381277e-01, -9.99982597e-01, -9.98554411e-01],
        [-4.07878376e-01, -2.02823996e-01,  0.00000000e+00, ...,
         -9.89165854e-01, -9.80394752e-01, -9.66897826e-01],
        ...,
        [ 9.63021782e-01,  9.98381277e-01,  9.89165854e-01, ...,
          0.00000000e+00, -5.09844788e-02, -1.10456559e-01],
        [ 9.75505739e-01,  9.99982597e-01,  9.80394752e-01, ...,
          5.09844788e-02,  0.00000000e+00, -5.96404014e-02],
        [ 9.86888604e-01,  9.98554411e-01,  9.66897826e-01, ...,
          1.10456559e-01,  5.96404014e-02,  0.00000000e+00]],

       ...,

       [[ 0.00000000e+00, -4.49599402e-02, -1.71053330e-01, ...,
         -9.99987607e-01, -9.92566041e-01, -9.85566309e-01],
        [ 4.49599402e-02,  0.00000000e+00, -1.26583049e-01, ...,
         -9.98752577e-01, -9.86090399e-01, -9.76958434e-01],
        [ 1.71053330e-01,  1.26583049e-01,  0.00000000e+00, ...,
         -9.84397973e-01, -9.57118946e-01, -9.42083216e-01],
        ...,
        [ 9.99987607e-01,  9.98752577e-01,  9.84397973e-01, ...,
          0.00000000e+00,  1.16764252e-01,  1.64381108e-01],
        [ 9.92566041e-01,  9.86090399e-01,  9.57118946e-01, ...,
         -1.16764252e-01,  0.00000000e+00,  4.80807885e-02],
        [ 9.85566309e-01,  9.76958434e-01,  9.42083216e-01, ...,
         -1.64381108e-01, -4.80807885e-02,  0.00000000e+00]],

       [[ 0.00000000e+00,  3.98963599e-01,  8.05034728e-01, ...,
         -1.68034705e-01, -1.68608694e-01, -1.99654875e-01],
        [-3.98963599e-01,  0.00000000e+00,  5.01513836e-01, ...,
         -5.47373008e-01, -5.47860233e-01, -5.74007863e-01],
        [-8.05034728e-01, -5.01513836e-01,  0.00000000e+00, ...,
         -8.93270843e-01, -8.93532445e-01, -9.07267185e-01],
        ...,
        [ 1.68034705e-01,  5.47373008e-01,  8.93270843e-01, ...,
          0.00000000e+00, -5.82296684e-04, -3.21644561e-02],
        [ 1.68608694e-01,  5.47860233e-01,  8.93532445e-01, ...,
          5.82296684e-04,  0.00000000e+00, -3.15824553e-02],
        [ 1.99654875e-01,  5.74007863e-01,  9.07267185e-01, ...,
          3.21644561e-02,  3.15824553e-02,  0.00000000e+00]],

       [[ 0.00000000e+00, -4.27416639e-02,  1.71079418e-01, ...,
          7.86148717e-01,  6.91798722e-01,  5.54492725e-01],
        [ 4.27416639e-02,  0.00000000e+00,  2.13034612e-01, ...,
          8.11846247e-01,  7.22029871e-01,  5.89555131e-01],
        [-1.71079418e-01, -2.13034612e-01,  0.00000000e+00, ...,
          6.68825243e-01,  5.58064897e-01,  4.03947637e-01],
        ...,
        [-7.86148717e-01, -8.11846247e-01, -6.68825243e-01, ...,
          0.00000000e+00, -1.40112968e-01, -3.11526750e-01],
        [-6.91798722e-01, -7.22029871e-01, -5.58064897e-01, ...,
          1.40112968e-01,  0.00000000e+00, -1.75313122e-01],
        [-5.54492725e-01, -5.89555131e-01, -4.03947637e-01, ...,
          3.11526750e-01,  1.75313122e-01,  0.00000000e+00]]]), 'num': array([ 9.99503306e-01,  3.01164750e-02,  5.37056416e-06,  2.12584831e-03,
        2.17295853e-03,  2.11407076e-03,  6.74827875e-03, -4.71102119e-05,
        2.18002506e-03,  2.34608855e-03,  2.34677558e-03,  3.25985841e-07,
        2.58631599e-03,  2.10586112e-03])}
{'img': array([[[ 0.        , -0.52251257, -0.81536491, ..., -0.92103759,
         -0.82991172, -0.68736117],
        [ 0.52251257,  0.        , -0.39269859, ..., -0.98881064,
         -0.99911596, -0.96557497],
        [ 0.81536491,  0.39269859,  0.        , ..., -0.85079547,
         -0.935363  , -0.99015835],
        ...,
        [ 0.92103759,  0.98881064,  0.85079547, ...,  0.        ,
         -0.19061325, -0.40125506],
        [ 0.82991172,  0.99911596,  0.935363  , ...,  0.19061325,
          0.        , -0.21930281],
        [ 0.68736117,  0.96557497,  0.99015835, ...,  0.40125506,
          0.21930281,  0.        ]],

       [[ 0.        , -0.3081065 , -0.1641175 , ..., -0.15491292,
         -0.27280327, -0.09339382],
        [ 0.3081065 ,  0.        ,  0.14779534, ...,  0.15701038,
          0.03688808,  0.21790946],
        [ 0.1641175 , -0.14779534,  0.        , ...,  0.00932386,
         -0.11121178,  0.07127271],
        ...,
        [ 0.15491292, -0.15701038, -0.00932386, ...,  0.        ,
         -0.12047297,  0.06196946],
        [ 0.27280327, -0.03688808,  0.11121178, ...,  0.12047297,
          0.        ,  0.18175953],
        [ 0.09339382, -0.21790946, -0.07127271, ..., -0.06196946,
         -0.18175953,  0.        ]],

       [[ 0.        ,  0.202824  ,  0.58041111, ..., -0.9999826 ,
         -0.99855441, -0.97720714],
        [-0.202824  ,  0.        ,  0.40318302, ..., -0.98039475,
         -0.96689783, -0.91383898],
        [-0.58041111, -0.40318302,  0.        , ..., -0.81773364,
         -0.78194919, -0.6725485 ],
        ...,
        [ 0.9999826 ,  0.98039475,  0.81773364, ...,  0.        ,
         -0.0596404 , -0.2180495 ],
        [ 0.99855441,  0.96689783,  0.78194919, ...,  0.0596404 ,
          0.        , -0.15945604],
        [ 0.97720714,  0.91383898,  0.6725485 , ...,  0.2180495 ,
          0.15945604,  0.        ]],

       ...,

       [[ 0.        , -0.12658305, -0.34970746, ..., -0.9860904 ,
         -0.97695843, -0.99744762],
        [ 0.12658305,  0.        , -0.22830395, ..., -0.95711895,
         -0.94208322, -0.98038588],
        [ 0.34970746,  0.22830395,  0.        , ..., -0.86570278,
         -0.84063431, -0.90949791],
        ...,
        [ 0.9860904 ,  0.95711895,  0.86570278, ...,  0.        ,
          0.04808079, -0.0953768 ],
        [ 0.97695843,  0.94208322,  0.84063431, ..., -0.04808079,
          0.        , -0.14312809],
        [ 0.99744762,  0.98038588,  0.90949791, ...,  0.0953768 ,
          0.14312809,  0.        ]],

       [[ 0.        ,  0.50151384,  0.36331791, ..., -0.54786023,
         -0.57400786, -0.62778695],
        [-0.50151384,  0.        , -0.15291865, ..., -0.89353244,
         -0.90726718, -0.9335006 ],
        [-0.36331791,  0.15291865,  0.        , ..., -0.81436315,
         -0.83228596, -0.86768856],
        ...,
        [ 0.54786023,  0.89353244,  0.81436315, ...,  0.        ,
         -0.03158246, -0.09874135],
        [ 0.57400786,  0.90726718,  0.83228596, ...,  0.03158246,
          0.        , -0.06726397],
        [ 0.62778695,  0.9335006 ,  0.86768856, ...,  0.09874135,
          0.06726397,  0.        ]],

       [[ 0.        ,  0.21303461,  0.48275692, ...,  0.72202987,
          0.58955513,  0.40804131],
        [-0.21303461,  0.        ,  0.28510907, ...,  0.5580649 ,
          0.40394764,  0.20418177],
        [-0.48275692, -0.28510907,  0.        , ...,  0.29831972,
          0.12636914, -0.08339546],
        ...,
        [-0.72202987, -0.5580649 , -0.29831972, ...,  0.        ,
         -0.17531312, -0.37687866],
        [-0.58955513, -0.40394764, -0.12636914, ...,  0.17531312,
          0.        , -0.20865584],
        [-0.40804131, -0.20418177,  0.08339546, ...,  0.37687866,
          0.20865584,  0.        ]]]), 'num': array([9.99532116e-01, 2.94836529e-02, 5.25771525e-06, 2.12729926e-03,
       2.13306430e-03, 2.08117895e-03, 5.23234908e-03, 4.61203092e-05,
       2.12499325e-03, 2.28064929e-03, 2.29035377e-03, 3.40889242e-07,
       2.51582895e-03, 2.04546963e-03])}
{'img': array([[[ 0.        , -0.70965886, -0.68634859, ..., -0.85249997,
         -0.70965886, -0.85249997],
        [ 0.70965886,  0.        ,  0.03255176, ..., -0.97158302,
         -0.99997385, -0.97158302],
        [ 0.68634859, -0.03255176,  0.        , ..., -0.9787731 ,
         -0.99967931, -0.9787731 ],
        ...,
        [ 0.85249997,  0.97158302,  0.9787731 , ...,  0.        ,
         -0.22966694,  0.        ],
        [ 0.70965886,  0.99997385,  0.99967931, ...,  0.22966694,
          0.        ,  0.22966694],
        [ 0.85249997,  0.97158302,  0.9787731 , ...,  0.        ,
         -0.22966694,  0.        ]],

       [[ 0.        ,  0.14779534, -0.17739894, ...,  0.03688808,
          0.21790946,  0.00493452],
        [-0.14779534,  0.        , -0.32090189, ..., -0.11121178,
          0.07127271, -0.14291321],
        [ 0.17739894,  0.32090189,  0.        , ...,  0.2135812 ,
          0.38758907,  0.18225303],
        ...,
        [-0.03688808,  0.11121178, -0.2135812 , ...,  0.        ,
          0.18175953, -0.03195647],
        [-0.21790946, -0.07127271, -0.38758907, ..., -0.18175953,
          0.        , -0.21309087],
        [-0.00493452,  0.14291321, -0.18225303, ...,  0.03195647,
          0.21309087,  0.        ]],

       [[ 0.        ,  0.40318302,  0.05622159, ..., -0.96689783,
         -0.91383898, -0.88529528],
        [-0.40318302,  0.        , -0.35109585, ..., -0.78194919,
         -0.6725485 , -0.62265892],
        [-0.05622159,  0.35109585,  0.        , ..., -0.95102278,
         -0.8895633 , -0.85775033],
        ...,
        [ 0.96689783,  0.78194919,  0.95102278, ...,  0.        ,
         -0.15945604, -0.22374049],
        [ 0.91383898,  0.6725485 ,  0.8895633 , ...,  0.15945604,
          0.        , -0.06546411],
        [ 0.88529528,  0.62265892,  0.85775033, ...,  0.22374049,
          0.06546411,  0.        ]],

       ...,

       [[ 0.        , -0.22830395, -0.28017481, ..., -0.94208322,
         -0.98038588, -0.9647339 ],
        [ 0.22830395,  0.        , -0.05361522, ..., -0.84063431,
         -0.90949791, -0.87915941],
        [ 0.28017481,  0.05361522,  0.        , ..., -0.81038703,
         -0.88590144, -0.85234574],
        ...,
        [ 0.94208322,  0.84063431,  0.81038703, ...,  0.        ,
         -0.14312809, -0.07556989],
        [ 0.98038588,  0.90949791,  0.88590144, ...,  0.14312809,
          0.        ,  0.06792698],
        [ 0.9647339 ,  0.87915941,  0.85234574, ...,  0.07556989,
         -0.06792698,  0.        ]],

       [[ 0.        , -0.15291865, -0.34039171, ..., -0.90726718,
         -0.9335006 , -0.97053141],
        [ 0.15291865,  0.        , -0.19260137, ..., -0.83228596,
         -0.86768856, -0.92226726],
        [ 0.34039171,  0.19260137,  0.        , ..., -0.70993523,
         -0.75569918, -0.83054912],
        ...,
        [ 0.90726718,  0.83228596,  0.70993523, ...,  0.        ,
         -0.06726397, -0.18953317],
        [ 0.9335006 ,  0.86768856,  0.75569918, ...,  0.06726397,
          0.        , -0.12305915],
        [ 0.97053141,  0.92226726,  0.83054912, ...,  0.18953317,
          0.12305915,  0.        ]],

       [[ 0.        ,  0.28510907,  0.53980292, ...,  0.40394764,
          0.20418177,  0.08084893],
        [-0.28510907,  0.        ,  0.27739607, ...,  0.12636914,
         -0.08339546, -0.20668243],
        [-0.53980292, -0.27739607,  0.        , ..., -0.15376239,
         -0.35655242, -0.46997786],
        ...,
        [-0.40394764, -0.12636914,  0.15376239, ...,  0.        ,
         -0.20865584, -0.3286661 ],
        [-0.20418177,  0.08339546,  0.35655242, ...,  0.20865584,
          0.        , -0.12436766],
        [-0.08084893,  0.20668243,  0.46997786, ...,  0.3286661 ,
          0.12436766,  0.        ]]]), 'num': array([9.99540885e-01, 2.94839116e-02, 5.25776138e-06, 2.12731792e-03,
       2.16190846e-03, 2.12155284e-03, 3.12207254e-03, 0.00000000e+00,
       2.12731792e-03, 2.26683308e-03, 2.28393618e-03, 3.59656943e-07,
       2.50390656e-03, 2.02975960e-03])}
{'img': array([[[ 0.        ,  0.03948031,  0.61858957, ..., -0.99547182,
         -0.98974332, -0.98974332],
        [-0.03948031,  0.        ,  0.58708705, ..., -0.99094282,
         -0.99461171, -0.99461171],
        [-0.61858957, -0.58708705,  0.        , ..., -0.72335512,
         -0.8660254 , -0.8660254 ],
        ...,
        [ 0.99547182,  0.99094282,  0.72335512, ...,  0.        ,
          0.23629236,  0.23629236],
        [ 0.98974332,  0.99461171,  0.8660254 , ..., -0.23629236,
          0.        ,  0.        ],
        [ 0.98974332,  0.99461171,  0.8660254 , ..., -0.23629236,
          0.        ,  0.        ]],

       [[ 0.        , -0.32090189, -0.53843145, ...,  0.07127271,
         -0.14291321, -0.54600906],
        [ 0.32090189,  0.        , -0.23954094, ...,  0.38758907,
          0.18225303, -0.24828702],
        [ 0.53843145,  0.23954094,  0.        , ...,  0.59712147,
          0.41247599, -0.00901838],
        ...,
        [-0.07127271, -0.38758907, -0.59712147, ...,  0.        ,
         -0.21309087, -0.60433128],
        [ 0.14291321, -0.18225303, -0.41247599, ...,  0.21309087,
          0.        , -0.42067467],
        [ 0.54600906,  0.24828702,  0.00901838, ...,  0.60433128,
          0.42067467,  0.        ]],

       [[ 0.        , -0.35109585, -0.45869425, ..., -0.6725485 ,
         -0.62265892, -0.63576426],
        [ 0.35109585,  0.        , -0.11751182, ..., -0.8895633 ,
         -0.85775033, -0.86629622],
        [ 0.45869425,  0.11751182,  0.        , ..., -0.93708075,
         -0.91221629, -0.91899483],
        ...,
        [ 0.6725485 ,  0.8895633 ,  0.93708075, ...,  0.        ,
         -0.06546411, -0.04862967],
        [ 0.62265892,  0.85775033,  0.91221629, ...,  0.06546411,
          0.        ,  0.0168613 ],
        [ 0.63576426,  0.86629622,  0.91899483, ...,  0.04862967,
         -0.0168613 ,  0.        ]],

       ...,

       [[ 0.        , -0.05361522, -0.15225204, ..., -0.90949791,
         -0.87915941, -0.85108197],
        [ 0.05361522,  0.        , -0.09904289, ..., -0.88590144,
         -0.85234574, -0.82170808],
        [ 0.15225204,  0.09904289,  0.        , ..., -0.83560224,
         -0.79635758, -0.76122248],
        ...,
        [ 0.90949791,  0.88590144,  0.83560224, ...,  0.        ,
          0.06792698,  0.12371426],
        [ 0.87915941,  0.85234574,  0.79635758, ..., -0.06792698,
          0.        ,  0.05602336],
        [ 0.85108197,  0.82170808,  0.76122248, ..., -0.12371426,
         -0.05602336,  0.        ]],

       [[ 0.        , -0.3068395 , -0.43116208, ..., -0.93037379,
         -0.96867921, -0.98698999],
        [ 0.3068395 ,  0.        , -0.13350991, ..., -0.77300259,
         -0.84575836, -0.89004467],
        [ 0.43116208,  0.13350991,  0.        , ..., -0.68138319,
         -0.76695032, -0.82121292],
        ...,
        [ 0.93037379,  0.77300259,  0.68138319, ...,  0.        ,
         -0.12410354, -0.21225563],
        [ 0.96867921,  0.84575836,  0.76695032, ...,  0.12410354,
          0.        , -0.089339  ],
        [ 0.98698999,  0.89004467,  0.82121292, ...,  0.21225563,
          0.089339  ,  0.        ]],

       [[ 0.        ,  0.27739607,  0.53860062, ..., -0.08339546,
         -0.20668243, -0.33699007],
        [-0.27739607,  0.        ,  0.28374043, ..., -0.35655242,
         -0.46997786, -0.58493578],
        [-0.53860062, -0.28374043,  0.        , ..., -0.6069902 ,
         -0.70111379, -0.79103166],
        ...,
        [ 0.08339546,  0.35655242,  0.6069902 , ...,  0.        ,
         -0.12436766, -0.25729866],
        [ 0.20668243,  0.46997786,  0.70111379, ...,  0.12436766,
          0.        , -0.13512061],
        [ 0.33699007,  0.58493578,  0.79103166, ...,  0.25729866,
          0.13512061,  0.        ]]]), 'num': array([ 9.99789171e-01,  1.91045206e-02,  5.38837720e-06,  2.12729859e-03,
        2.16236395e-03,  2.11561014e-03,  4.15724405e-03, -2.92211345e-05,
        2.14132474e-03,  2.28275503e-03,  2.30954107e-03,  3.33955823e-07,
        2.52587487e-03,  2.03963519e-03])}
{'img': array([[[ 0.        ,  0.58708705,  0.        , ..., -0.99461171,
         -0.99461171, -0.99919716],
        [-0.58708705,  0.        , -0.58708705, ..., -0.8660254 ,
         -0.8660254 , -0.78535345],
        [ 0.        ,  0.58708705,  0.        , ..., -0.99461171,
         -0.99461171, -0.99919716],
        ...,
        [ 0.99461171,  0.8660254 ,  0.99461171, ...,  0.        ,
          0.        , -0.14343424],
        [ 0.99461171,  0.8660254 ,  0.99461171, ...,  0.        ,
          0.        , -0.14343424],
        [ 0.99919716,  0.78535345,  0.99919716, ...,  0.14343424,
          0.14343424,  0.        ]],

       [[ 0.        , -0.23954094, -0.18879426, ...,  0.18225303,
         -0.24828702, -0.02287675],
        [ 0.23954094,  0.        ,  0.05193544, ...,  0.41247599,
         -0.00901838,  0.21726753],
        [ 0.18879426, -0.05193544,  0.        , ...,  0.36460778,
         -0.06093954,  0.1662795 ],
        ...,
        [-0.18225303, -0.41247599, -0.36460778, ...,  0.        ,
         -0.42067467, -0.20469893],
        [ 0.24828702,  0.00901838,  0.06093954, ...,  0.42067467,
          0.        ,  0.22606164],
        [ 0.02287675, -0.21726753, -0.1662795 , ...,  0.20469893,
         -0.22606164,  0.        ]],

       [[ 0.        , -0.31015828, -0.53226891, ..., -0.63154102,
         -0.64476179, -0.54931336],
        [ 0.31015828,  0.        , -0.24344767, ..., -0.84087542,
         -0.85004522, -0.78139729],
        [ 0.53226891,  0.24344767,  0.        , ..., -0.94733774,
         -0.95269704, -0.90980779],
        ...,
        [ 0.63154102,  0.84087542,  0.94733774, ...,  0.        ,
          0.01717162, -0.10182008],
        [ 0.64476179,  0.85004522,  0.95269704, ..., -0.01717162,
          0.        , -0.11888745],
        [ 0.54931336,  0.78139729,  0.90980779, ...,  0.10182008,
          0.11888745,  0.        ]],

       ...,

       [[ 0.        , -0.09904289, -0.23743367, ..., -0.85234574,
         -0.82170808, -0.87030209],
        [ 0.09904289,  0.        , -0.14005562, ..., -0.79635758,
         -0.76122248, -0.81724253],
        [ 0.23743367,  0.14005562,  0.        , ..., -0.7037991 ,
         -0.66289481, -0.72847429],
        ...,
        [ 0.85234574,  0.79635758,  0.7037991 , ...,  0.        ,
          0.05602336, -0.0353536 ],
        [ 0.82170808,  0.76122248,  0.66289481, ..., -0.05602336,
          0.        , -0.09128641],
        [ 0.87030209,  0.81724253,  0.72847429, ...,  0.0353536 ,
          0.09128641,  0.        ]],

       [[ 0.        , -0.31440141, -0.40168865, ..., -0.96024221,
         -0.98188632, -0.99522651],
        [ 0.31440141,  0.        , -0.09339771, ..., -0.82377758,
         -0.87252504, -0.91407565],
        [ 0.40168865,  0.09339771,  0.        , ..., -0.76722836,
         -0.82307987, -0.87220327],
        ...,
        [ 0.96024221,  0.82377758,  0.76722836, ...,  0.        ,
         -0.09217341, -0.18412369],
        [ 0.98188632,  0.87252504,  0.82307987, ...,  0.09217341,
          0.        , -0.09274234],
