state_0,state_1,state_2,state_3,state_4,state_5,state_6,state_7,state_8,state_9,state_10,state_11,state_12,state_13,state_14,state_15,state_16,state_17,state_18,state_19,state_20,state_21,state_22,state_23,state_24,state_25,state_26,state_27,state_28,state_29,state_30,state_31,state_32,state_33,state_34,state_35,state_36,state_37,state_38,state_39,state_40,state_41,state_42,state_43,state_44,state_45,state_46,state_47,state_48,state_49,state_50,state_51,state_52,state_53,state_54,state_55,state_56,state_57,state_58,state_59,state_60,state_61,state_62,state_63,state_64,state_65,state_66,state_67,state_68,state_69,state_70,state_71,state_72,state_73,state_74,state_75,state_76,state_77,state_78,state_79,state_80,state_81,state_82,state_83,state_84,state_85,state_86,state_87,state_88,state_89,state_90,state_91,state_92,state_93,state_94,state_95,state_96,state_97,state_98,state_99,state_100,state_101,state_102,state_103,state_104,state_105,state_106,state_107,state_108,state_109,state_110,state_111,state_112,state_113,state_114,state_115,state_116,state_117,state_118,state_119,state_120,state_121,state_122,state_123,state_124,state_125,state_126,state_127,state_128,state_129,state_130,state_131,state_132,state_133,state_134,state_135,state_136,state_137,state_138,state_139,state_140,state_141,state_142,state_143,state_144,state_145,state_146,state_147,state_148,state_149,state_150,state_151,state_152,state_153,state_154,state_155,state_156,state_157,state_158,state_159,state_160,state_161,state_162,state_163,state_164,state_165,state_166,state_167,state_168,state_169,state_170,state_171,state_172,state_173,state_174,state_175,state_176,state_177,state_178,state_179,state_180,state_181,state_182,state_183,state_184,state_185,state_186,state_187,state_188,state_189,state_190,state_191,state_192,state_193,state_194,state_195,state_196,state_197,state_198,state_199,state_200,state_201,state_202,state_203,state_204,state_205,state_206,state_207,state_208,state_209,state_210,state_211,state_212,state_213,state_214,state_215,state_216,state_217,state_218,state_219,state_220,state_221,state_222,state_223,state_224,state_225,state_226,state_227,state_228,state_229,state_230,state_231,state_232,state_233,state_234,state_235,state_236,state_237,state_238,state_239,state_240,state_241,state_242,state_243,state_244,state_245,state_246,state_247,state_248,state_249,state_250,state_251,state_252,state_253,state_254,state_255,state_256,state_257,state_258,state_259,state_260,state_261,state_262,state_263,state_264,state_265,state_266,state_267,state_268,state_269,state_270,state_271,state_272,state_273,state_274,state_275,state_276,state_277,state_278,state_279,state_280,state_281,state_282,state_283,state_284,state_285,state_286,state_287
{'img': array([[[ 0.        ,  0.32601472,  0.17540633, ...,  0.39829847,
          0.39829847,  0.39829847],
        [-0.32601472,  0.        , -0.15513727, ...,  0.07749839,
          0.07749839,  0.07749839],
        [-0.17540633,  0.15513727,  0.        , ...,  0.23123081,
          0.23123081,  0.23123081],
        ...,
        [-0.39829847, -0.07749839, -0.23123081, ...,  0.        ,
          0.        ,  0.        ],
        [-0.39829847, -0.07749839, -0.23123081, ...,  0.        ,
          0.        ,  0.        ],
        [-0.39829847, -0.07749839, -0.23123081, ...,  0.        ,
          0.        ,  0.        ]],

       [[ 0.        , -0.19540108, -0.34614225, ..., -0.34005289,
         -0.42181872, -0.90532299],
        [ 0.19540108,  0.        , -0.15614803, ..., -0.14974143,
         -0.23652121, -0.80487997],
        [ 0.34614225,  0.15614803,  0.        , ...,  0.00648284,
         -0.08190242, -0.70234293],
        ...,
        [ 0.34005289,  0.14974143, -0.00648284, ...,  0.        ,
         -0.08836177, -0.7069429 ],
        [ 0.42181872,  0.23652121,  0.08190242, ...,  0.08836177,
          0.        , -0.64168198],
        [ 0.90532299,  0.80487997,  0.70234293, ...,  0.7069429 ,
          0.64168198,  0.        ]],

       [[ 0.        ,  0.        , -0.06576668, ...,  0.18094412,
          0.18094412,  0.13664801],
        [ 0.        ,  0.        , -0.06576668, ...,  0.18094412,
          0.18094412,  0.13664801],
        [ 0.06576668,  0.06576668,  0.        , ...,  0.24523348,
          0.24523348,  0.20150194],
        ...,
        [-0.18094412, -0.18094412, -0.24523348, ...,  0.        ,
          0.        , -0.04485439],
        [-0.18094412, -0.18094412, -0.24523348, ...,  0.        ,
          0.        , -0.04485439],
        [-0.13664801, -0.13664801, -0.20150194, ...,  0.04485439,
          0.04485439,  0.        ]],

       ...,

       [[ 0.        ,  0.5632849 ,  0.63808673, ...,  0.74139868,
          0.54490849,  0.54490849],
        [-0.5632849 ,  0.        ,  0.09351792, ...,  0.23458942,
         -0.02207428, -0.02207428],
        [-0.63808673, -0.09351792,  0.        , ...,  0.1426531 ,
         -0.11547267, -0.11547267],
        ...,
        [-0.74139868, -0.23458942, -0.1426531 , ...,  0.        ,
         -0.25599054, -0.25599054],
        [-0.54490849,  0.02207428,  0.11547267, ...,  0.25599054,
          0.        ,  0.        ],
        [-0.54490849,  0.02207428,  0.11547267, ...,  0.25599054,
          0.        ,  0.        ]],

       [[ 0.        , -0.6771425 , -0.80586054, ..., -0.97952844,
         -0.97790369, -0.95054095],
        [ 0.6771425 ,  0.        , -0.19205429, ..., -0.85710061,
         -0.86115294, -0.90977734],
        [ 0.80586054,  0.19205429,  0.        , ..., -0.7422085 ,
         -0.74749196, -0.81312011],
        ...,
        [ 0.97952844,  0.85710061,  0.7422085 , ...,  0.        ,
         -0.00791848, -0.11289136],
        [ 0.97790369,  0.86115294,  0.74749196, ...,  0.00791848,
          0.        , -0.10501996],
        [ 0.95054095,  0.90977734,  0.81312011, ...,  0.11289136,
          0.10501996,  0.        ]],

       [[ 0.        ,  0.07044054,  0.0126584 , ...,  0.93808046,
          0.9068401 ,  0.92122521],
        [-0.07044054,  0.        , -0.05780794, ...,  0.91134842,
          0.87489858,  0.89153341],
        [-0.0126584 ,  0.05780794,  0.        , ...,  0.93362021,
          0.90143225,  0.91622691],
        ...,
        [-0.93808046, -0.91134842, -0.93362021, ...,  0.        ,
         -0.08123207, -0.04581268],
        [-0.9068401 , -0.87489858, -0.90143225, ...,  0.08123207,
          0.        ,  0.0354855 ],
        [-0.92122521, -0.89153341, -0.91622691, ...,  0.04581268,
         -0.0354855 ,  0.        ]]]), 'num': array([ 9.99990038e-01,  1.74118505e-03,  9.78675346e-06,  1.18135959e-03,
        1.19873252e-03,  1.17556861e-03,  2.35668498e-03, -5.79097838e-06,
        1.18830876e-03,  1.19902207e-03,  1.18168774e-03,  5.53919671e-07,
        1.23769176e-03,  1.16035238e-03])}
{'img': array([[[ 0.        , -0.15513727,  0.        , ...,  0.07749839,
          0.07749839,  0.        ],
        [ 0.15513727,  0.        ,  0.15513727, ...,  0.23123081,
          0.23123081,  0.15513727],
        [ 0.        , -0.15513727,  0.        , ...,  0.07749839,
          0.07749839,  0.        ],
        ...,
        [-0.07749839, -0.23123081, -0.07749839, ...,  0.        ,
          0.        , -0.07749839],
        [-0.07749839, -0.23123081, -0.07749839, ...,  0.        ,
          0.        , -0.07749839],
        [ 0.        , -0.15513727,  0.        , ...,  0.07749839,
          0.07749839,  0.        ]],

       [[ 0.        , -0.15614803, -0.49156211, ..., -0.23652121,
         -0.80487997, -0.40955297],
        [ 0.15614803,  0.        , -0.34955211, ..., -0.08190242,
         -0.70234293, -0.26207754],
        [ 0.49156211,  0.34955211,  0.        , ...,  0.27164197,
         -0.40921224,  0.09178927],
        ...,
        [ 0.23652121,  0.08190242, -0.27164197, ...,  0.        ,
         -0.64168198, -0.18215738],
        [ 0.80487997,  0.70234293,  0.40921224, ...,  0.64168198,
          0.        ,  0.49123686],
        [ 0.40955297,  0.26207754, -0.09178927, ...,  0.18215738,
         -0.49123686,  0.        ]],

       [[ 0.        , -0.06576668, -0.13130525, ...,  0.18094412,
          0.13664801,  0.09245886],
        [ 0.06576668,  0.        , -0.06582371, ...,  0.24523348,
          0.20150194,  0.15774366],
        [ 0.13130525,  0.06582371,  0.        , ...,  0.30851535,
          0.26553847,  0.22240115],
        ...,
        [-0.18094412, -0.24523348, -0.30851535, ...,  0.        ,
         -0.04485439, -0.08923637],
        [-0.13664801, -0.20150194, -0.26553847, ...,  0.04485439,
          0.        , -0.04447111],
        [-0.09245886, -0.15774366, -0.22240115, ...,  0.08923637,
          0.04447111,  0.        ]],

       ...,

       [[ 0.        ,  0.22335604,  0.48619492, ..., -0.16259662,
         -0.16259662,  0.85908228],
        [-0.22335604,  0.        ,  0.27873238, ..., -0.37887269,
         -0.37887269,  0.72305723],
        [-0.48619492, -0.27873238,  0.        , ..., -0.62181006,
         -0.62181006,  0.5018566 ],
        ...,
        [ 0.16259662,  0.37887269,  0.62181006, ...,  0.        ,
          0.        ,  0.9308732 ],
        [ 0.16259662,  0.37887269,  0.62181006, ...,  0.        ,
          0.        ,  0.9308732 ],
        [-0.85908228, -0.72305723, -0.5018566 , ..., -0.9308732 ,
         -0.9308732 ,  0.        ]],

       [[ 0.        , -0.55119072, -0.62456088, ..., -0.99605871,
         -0.97861683, -0.96427915],
        [ 0.55119072,  0.        , -0.09065387, ..., -0.87997936,
         -0.929913  , -0.95057842],
        [ 0.62456088,  0.09065387,  0.        , ..., -0.83329434,
         -0.89274341, -0.91851775],
        ...,
        [ 0.99605871,  0.87997936,  0.83329434, ...,  0.        ,
         -0.11808133, -0.17831607],
        [ 0.97861683,  0.929913  ,  0.89274341, ...,  0.11808133,
          0.        , -0.06087969],
        [ 0.96427915,  0.95057842,  0.91851775, ...,  0.17831607,
          0.06087969,  0.        ]],

       [[ 0.        , -0.05780794, -0.13049821, ...,  0.87489858,
          0.89153341,  0.86514831],
        [ 0.05780794,  0.        , -0.07296639, ...,  0.90143225,
          0.91622691,  0.89269315],
        [ 0.13049821,  0.07296639,  0.        , ...,  0.93061801,
          0.94301931,  0.92319698],
        ...,
        [-0.87489858, -0.90143225, -0.93061801, ...,  0.        ,
          0.0354855 , -0.01977906],
        [-0.89153341, -0.91622691, -0.94301931, ..., -0.0354855 ,
          0.        , -0.05524516],
        [-0.86514831, -0.89269315, -0.92319698, ...,  0.01977906,
          0.05524516,  0.        ]]]), 'num': array([ 9.99732151e-01,  1.94707604e-02,  9.75384468e-06,  2.62101976e-03,
        2.66013946e-03,  2.60797986e-03,  9.98955390e-03, -3.91196979e-05,
        2.66013946e-03,  2.69599918e-03,  2.66022639e-03,  1.14751114e-06,
        2.78962348e-03,  2.60237488e-03])}
{'img': array([[[ 0.        ,  0.15513727, -0.15924015, ...,  0.23123081,
          0.15513727, -0.07908418],
        [-0.15513727,  0.        , -0.31046992, ...,  0.07749839,
          0.        , -0.23277808],
        [ 0.15924015,  0.31046992,  0.        , ...,  0.38320485,
          0.31046992,  0.08066634],
        ...,
        [-0.23123081, -0.07749839, -0.38320485, ...,  0.        ,
         -0.07749839, -0.3074475 ],
        [-0.15513727,  0.        , -0.31046992, ...,  0.07749839,
          0.        , -0.23277808],
        [ 0.07908418,  0.23277808, -0.08066634, ...,  0.3074475 ,
          0.23277808,  0.        ]],

       [[ 0.        , -0.34955211, -0.13321985, ..., -0.70234293,
         -0.26207754,  0.21223539],
        [ 0.34955211,  0.        ,  0.22162044, ..., -0.40921224,
          0.09178927,  0.54043574],
        [ 0.13321985, -0.22162044,  0.        , ..., -0.60125155,
         -0.13117812,  0.34052855],
        ...,
        [ 0.70234293,  0.40921224,  0.60125155, ...,  0.        ,
          0.49123686,  0.83741993],
        [ 0.26207754, -0.09178927,  0.13117812, ..., -0.49123686,
          0.        ,  0.46092413],
        [-0.21223539, -0.54043574, -0.34052855, ..., -0.83741993,
         -0.46092413,  0.        ]],

       [[ 0.        , -0.06582371, -0.19764509, ...,  0.20150194,
          0.15774366,  0.02631351],
        [ 0.06582371,  0.        , -0.1326912 , ...,  0.26553847,
          0.22240115,  0.09205736],
        [ 0.19764509,  0.1326912 ,  0.        , ...,  0.39111805,
          0.34980254,  0.22337109],
        ...,
        [-0.20150194, -0.26553847, -0.39111805, ...,  0.        ,
         -0.04447111, -0.17565839],
        [-0.15774366, -0.22240115, -0.34980254, ...,  0.04447111,
          0.        , -0.13170497],
        [-0.02631351, -0.09205736, -0.22337109, ...,  0.17565839,
          0.13170497,  0.        ]],

       ...,

       [[ 0.        ,  0.27873238,  0.55933558, ..., -0.37887269,
          0.72305723,  0.56859316],
        [-0.27873238,  0.        ,  0.30611566, ..., -0.62181006,
          0.5018566 ,  0.31676862],
        [-0.55933558, -0.30611566,  0.        , ..., -0.83169967,
          0.21298963,  0.01121035],
        ...,
        [ 0.37887269,  0.62181006,  0.83169967, ...,  0.        ,
          0.9308732 ,  0.83787168],
        [-0.72305723, -0.5018566 , -0.21298963, ..., -0.9308732 ,
          0.        , -0.20202312],
        [-0.56859316, -0.31676862, -0.01121035, ..., -0.83787168,
          0.20202312,  0.        ]],

       [[ 0.        , -0.33624311, -0.63395533, ..., -0.99098458,
         -0.98009744, -0.98440681],
        [ 0.33624311,  0.        , -0.3370032 , ..., -0.97833323,
         -0.98978147, -0.98623743],
        [ 0.63395533,  0.3370032 ,  0.        , ..., -0.85133221,
         -0.88382855, -0.87282749],
        ...,
        [ 0.99098458,  0.97833323,  0.85133221, ...,  0.        ,
         -0.06541777, -0.04243414],
        [ 0.98009744,  0.98978147,  0.88382855, ...,  0.06541777,
          0.        ,  0.02301559],
        [ 0.98440681,  0.98623743,  0.87282749, ...,  0.04243414,
         -0.02301559,  0.        ]],

       [[ 0.        , -0.07296639, -0.14929564, ...,  0.91622691,
          0.89269315,  0.80130038],
        [ 0.07296639,  0.        , -0.07674905, ...,  0.94301931,
          0.92319698,  0.84281747],
        [ 0.14929564,  0.07674905,  0.        , ...,  0.96577515,
          0.9499707 ,  0.88163783],
        ...,
        [-0.91622691, -0.94301931, -0.96577515, ...,  0.        ,
         -0.05524516, -0.22709512],
        [-0.89269315, -0.92319698, -0.9499707 , ...,  0.05524516,
          0.        , -0.17294656],
        [-0.80130038, -0.84281747, -0.88163783, ...,  0.22709512,
          0.17294656,  0.        ]]]), 'num': array([9.99930328e-01, 6.24166169e-03, 9.69452358e-06, 2.62186983e-03,
       2.63465944e-03, 2.57071140e-03, 6.73587776e-03, 5.11584358e-05,
       2.60908022e-03, 2.64233321e-03, 2.60980497e-03, 1.27896089e-06,
       2.73434731e-03, 2.55031910e-03])}
{'img': array([[[ 0.        , -0.31046992, -0.32601472, ...,  0.        ,
         -0.23277808,  0.07749839],
        [ 0.31046992,  0.        , -0.01639681, ...,  0.31046992,
          0.08066634,  0.38320485],
        [ 0.32601472,  0.01639681,  0.        , ...,  0.32601472,
          0.09699888,  0.39829847],
        ...,
        [ 0.        , -0.31046992, -0.32601472, ...,  0.        ,
         -0.23277808,  0.07749839],
        [ 0.23277808, -0.08066634, -0.09699888, ...,  0.23277808,
          0.        ,  0.3074475 ],
        [-0.07749839, -0.38320485, -0.39829847, ..., -0.07749839,
         -0.3074475 ,  0.        ]],

       [[ 0.        ,  0.22162044,  0.53778505, ...,  0.09178927,
          0.54043574,  0.27776791],
        [-0.22162044,  0.        ,  0.33756775, ..., -0.13117812,
          0.34052855,  0.05796138],
        [-0.53778505, -0.33756775,  0.        , ..., -0.45812889,
          0.0031472 , -0.28244113],
        ...,
        [-0.09178927,  0.13117812,  0.45812889, ...,  0.        ,
          0.46092413,  0.18841811],
        [-0.54043574, -0.34052855, -0.0031472 , ..., -0.46092413,
          0.        , -0.28545879],
        [-0.27776791, -0.05796138,  0.28244113, ..., -0.18841811,
          0.28545879,  0.        ]],

       [[ 0.        , -0.1326912 , -0.1326912 , ...,  0.22240115,
          0.09205736,  0.09205736],
        [ 0.1326912 ,  0.        ,  0.        , ...,  0.34980254,
          0.22337109,  0.22337109],
        [ 0.1326912 ,  0.        ,  0.        , ...,  0.34980254,
          0.22337109,  0.22337109],
        ...,
        [-0.22240115, -0.34980254, -0.34980254, ...,  0.        ,
         -0.13170497, -0.13170497],
        [-0.09205736, -0.22337109, -0.22337109, ...,  0.13170497,
          0.        ,  0.        ],
        [-0.09205736, -0.22337109, -0.22337109, ...,  0.13170497,
          0.        ,  0.        ]],

       ...,

       [[ 0.        ,  0.30611566,  0.06849698, ...,  0.5018566 ,
          0.31676862,  0.59225211],
        [-0.30611566,  0.        , -0.24018796, ...,  0.21298963,
          0.01121035,  0.31716712],
        [-0.06849698,  0.24018796,  0.        , ...,  0.44143137,
          0.25105505,  0.53566947],
        ...,
        [-0.5018566 , -0.21298963, -0.44143137, ...,  0.        ,
         -0.20202312,  0.10789665],
        [-0.31676862, -0.01121035, -0.25105505, ...,  0.20202312,
          0.        ,  0.30651563],
        [-0.59225211, -0.31716712, -0.53566947, ..., -0.10789665,
         -0.30651563,  0.        ]],

       [[ 0.        , -0.56287102, -0.85001443, ..., -0.98465996,
         -0.98850377, -0.98599327],
        [ 0.56287102,  0.        , -0.40607736, ..., -0.91207766,
         -0.90214656, -0.90884606],
        [ 0.85001443,  0.40607736,  0.        , ..., -0.66699306,
         -0.64922262, -0.66115097],
        ...,
        [ 0.98465996,  0.91207766,  0.66699306, ...,  0.        ,
          0.02360153,  0.00781372],
        [ 0.98850377,  0.90214656,  0.64922262, ..., -0.02360153,
          0.        , -0.01578926],
        [ 0.98599327,  0.90884606,  0.66115097, ..., -0.00781372,
          0.01578926,  0.        ]],

       [[ 0.        , -0.07674905, -0.03243417, ...,  0.92319698,
          0.84281747,  0.82501955],
        [ 0.07674905,  0.        ,  0.04437017, ...,  0.9499707 ,
          0.88163783,  0.86595731],
        [ 0.03243417, -0.04437017,  0.        , ...,  0.93517659,
          0.8598301 ,  0.84291417],
        ...,
        [-0.92319698, -0.9499707 , -0.93517659, ...,  0.        ,
         -0.17294656, -0.2046251 ],
        [-0.84281747, -0.88163783, -0.8598301 , ...,  0.17294656,
          0.        , -0.03225457],
        [-0.82501955, -0.86595731, -0.84291417, ...,  0.2046251 ,
          0.03225457,  0.        ]]]), 'num': array([9.98388193e-01, 5.58936552e-02, 9.19506866e-06, 2.61804038e-03,
       2.63081131e-03, 2.59249852e-03, 6.48242124e-03, 0.00000000e+00,
       2.60526945e-03, 2.63336550e-03, 2.60620599e-03, 1.12384172e-06,
       2.71753745e-03, 2.54919355e-03])}
{'img': array([[[ 0.        , -0.01639681,  0.        , ...,  0.08066634,
          0.38320485,  0.38320485],
        [ 0.01639681,  0.        ,  0.01639681, ...,  0.09699888,
          0.39829847,  0.39829847],
        [ 0.        , -0.01639681,  0.        , ...,  0.08066634,
          0.38320485,  0.38320485],
        ...,
        [-0.08066634, -0.09699888, -0.08066634, ...,  0.        ,
          0.3074475 ,  0.3074475 ],
        [-0.38320485, -0.39829847, -0.38320485, ..., -0.3074475 ,
          0.        ,  0.        ],
        [-0.38320485, -0.39829847, -0.38320485, ..., -0.3074475 ,
          0.        ,  0.        ]],

       [[ 0.        ,  0.33756775, -0.08301708, ...,  0.34052855,
          0.05796138,  0.03089547],
        [-0.33756775,  0.        , -0.41454659, ...,  0.0031472 ,
         -0.28244113, -0.30832466],
        [ 0.08301708,  0.41454659,  0.        , ...,  0.41740858,
          0.14063881,  0.11376628],
        ...,
        [-0.34052855, -0.0031472 , -0.41740858, ...,  0.        ,
         -0.28545879, -0.311317  ],
        [-0.05796138,  0.28244113, -0.14063881, ...,  0.28545879,
          0.        , -0.02709017],
        [-0.03089547,  0.30832466, -0.11376628, ...,  0.311317  ,
          0.02709017,  0.        ]],

       [[ 0.        ,  0.        , -0.0906163 , ...,  0.22337109,
          0.22337109,  0.22337109],
        [ 0.        ,  0.        , -0.0906163 , ...,  0.22337109,
          0.22337109,  0.22337109],
        [ 0.0906163 ,  0.0906163 ,  0.        , ...,  0.31077886,
          0.31077886,  0.31077886],
        ...,
        [-0.22337109, -0.22337109, -0.31077886, ...,  0.        ,
          0.        ,  0.        ],
        [-0.22337109, -0.22337109, -0.31077886, ...,  0.        ,
          0.        ,  0.        ],
        [-0.22337109, -0.22337109, -0.31077886, ...,  0.        ,
          0.        ,  0.        ]],

       ...,

       [[ 0.        , -0.24018796,  0.19288586, ...,  0.01121035,
          0.31716712,  0.01121035],
        [ 0.24018796,  0.        ,  0.42291692, ...,  0.25105505,
          0.53566947,  0.25105505],
        [-0.19288586, -0.42291692,  0.        , ..., -0.18187391,
          0.128284  , -0.18187391],
        ...,
        [-0.01121035, -0.25105505,  0.18187391, ...,  0.        ,
          0.30651563,  0.        ],
        [-0.31716712, -0.53566947, -0.128284  , ..., -0.30651563,
          0.        , -0.30651563],
        [-0.01121035, -0.25105505,  0.18187391, ...,  0.        ,
          0.30651563,  0.        ]],

       [[ 0.        , -0.74078158, -0.92304783, ..., -0.99750536,
         -0.99615045, -0.97679408],
        [ 0.74078158,  0.        , -0.33508595, ..., -0.72236253,
         -0.73409698, -0.81481853],
        [ 0.92304783,  0.33508595,  0.        , ..., -0.44888418,
         -0.46411872, -0.57345716],
        ...,
        [ 0.99750536,  0.72236253,  0.44888418, ...,  0.        ,
         -0.01712234, -0.14469368],
        [ 0.99615045,  0.73409698,  0.46411872, ...,  0.01712234,
          0.        , -0.12773031],
        [ 0.97679408,  0.81481853,  0.57345716, ...,  0.14469368,
          0.12773031,  0.        ]],

       [[ 0.        ,  0.04437017,  0.08701326, ...,  0.88163783,
          0.86595731,  0.88527587],
        [-0.04437017,  0.        ,  0.04272569, ...,  0.8598301 ,
          0.84291417,  0.86376894],
        [-0.08701326, -0.04272569,  0.        , ...,  0.83723004,
          0.81915598,  0.84145122],
        ...,
        [-0.88163783, -0.8598301 , -0.83723004, ...,  0.        ,
         -0.03225457,  0.00776523],
        [-0.86595731, -0.84291417, -0.81915598, ...,  0.03225457,
          0.        ,  0.04001479],
        [-0.88527587, -0.86376894, -0.84145122, ..., -0.00776523,
         -0.04001479,  0.        ]]]), 'num': array([9.99778386e-01, 1.92627897e-02, 9.56600582e-06, 2.62169946e-03,
       2.62169946e-03, 2.59612190e-03, 4.15249059e-03, 0.00000000e+00,
       2.60891068e-03, 2.63065160e-03, 2.61091425e-03, 1.33977673e-06,
       2.69739873e-03, 2.56390447e-03])}
{'img': array([[[ 0.        ,  0.01639681, -0.24060731, ...,  0.39829847,
          0.39829847,  0.39829847],
        [-0.01639681,  0.        , -0.25649008, ...,  0.38320485,
          0.38320485,  0.38320485],
        [ 0.24060731,  0.25649008,  0.        , ...,  0.60729594,
          0.60729594,  0.60729594],
        ...,
        [-0.39829847, -0.38320485, -0.60729594, ...,  0.        ,
          0.        ,  0.        ],
        [-0.39829847, -0.38320485, -0.60729594, ...,  0.        ,
          0.        ,  0.        ],
        [-0.39829847, -0.38320485, -0.60729594, ...,  0.        ,
          0.        ,  0.        ]],

       [[ 0.        , -0.41454659,  0.11101896, ..., -0.28244113,
         -0.30832466, -0.61095314],
        [ 0.41454659,  0.        ,  0.51301435, ...,  0.14063881,
          0.11376628, -0.22780176],
        [-0.11101896, -0.51301435,  0.        , ..., -0.38719394,
         -0.41202893, -0.69506642],
        ...,
        [ 0.28244113, -0.14063881,  0.38719394, ...,  0.        ,
         -0.02709017, -0.36247871],
        [ 0.30832466, -0.11376628,  0.41202893, ...,  0.02709017,
          0.        , -0.33709785],
        [ 0.61095314,  0.22780176,  0.69506642, ...,  0.36247871,
          0.33709785,  0.        ]],

       [[ 0.        , -0.0906163 , -0.20653645, ...,  0.22337109,
          0.22337109,  0.22337109],
        [ 0.0906163 ,  0.        , -0.11702422, ...,  0.31077886,
          0.31077886,  0.31077886],
        [ 0.20653645,  0.11702422,  0.        , ...,  0.41987296,
          0.41987296,  0.41987296],
        ...,
        [-0.22337109, -0.31077886, -0.41987296, ...,  0.        ,
          0.        ,  0.        ],
        [-0.22337109, -0.31077886, -0.41987296, ...,  0.        ,
          0.        ,  0.        ],
        [-0.22337109, -0.31077886, -0.41987296, ...,  0.        ,
          0.        ,  0.        ]],

       ...,

       [[ 0.        ,  0.42291692,  0.53566947, ...,  0.53566947,
          0.25105505,  0.62893977],
        [-0.42291692,  0.        ,  0.128284  , ...,  0.128284  ,
         -0.18187391,  0.24112693],
        [-0.53566947, -0.128284  ,  0.        , ...,  0.        ,
         -0.30651563,  0.1146358 ],
        ...,
        [-0.53566947, -0.128284  ,  0.        , ...,  0.        ,
         -0.30651563,  0.1146358 ],
        [-0.25105505,  0.18187391,  0.30651563, ...,  0.30651563,
          0.        ,  0.41361284],
        [-0.62893977, -0.24112693, -0.1146358 , ..., -0.1146358 ,
         -0.41361284,  0.        ]],

       [[ 0.        , -0.52272487, -0.8552983 , ..., -0.90767885,
         -0.95910623, -0.9999807 ],
        [ 0.52272487,  0.        , -0.45830051, ..., -0.55442795,
         -0.66968408, -0.84923774],
        [ 0.8552983 ,  0.45830051,  0.        , ..., -0.11136184,
         -0.25485831, -0.51281266],
        ...,
        [ 0.90767885,  0.55442795,  0.11136184, ...,  0.        ,
         -0.14558858, -0.41401872],
        [ 0.95910623,  0.66968408,  0.25485831, ...,  0.14558858,
          0.        , -0.27708277],
        [ 0.9999807 ,  0.84923774,  0.51281266, ...,  0.41401872,
          0.27708277,  0.        ]],

       [[ 0.        ,  0.04272569,  0.13102943, ...,  0.84291417,
          0.86376894,  0.9441978 ],
        [-0.04272569,  0.        ,  0.08855245, ...,  0.81915598,
          0.84145122,  0.92926265],
        [-0.13102943, -0.08855245,  0.        , ...,  0.76514684,
          0.79029777,  0.89289904],
        ...,
        [-0.84291417, -0.81915598, -0.76514684, ...,  0.        ,
          0.04001479,  0.23038558],
        [-0.86376894, -0.84145122, -0.79029777, ..., -0.04001479,
          0.        ,  0.19126269],
        [-0.9441978 , -0.92926265, -0.89289904, ..., -0.23038558,
         -0.19126269,  0.        ]]]), 'num': array([9.99389034e-01, 1.78861895e-02, 8.88237869e-06, 2.62433916e-03,
       2.62433916e-03, 2.44621659e-03, 2.91876151e-02, 1.89997405e-04,
       2.46284136e-03, 2.44621659e-03, 2.42852308e-03, 1.65528042e-06,
       2.53539654e-03, 2.35703664e-03])}
{'img': array([[[ 0.        , -0.23303815, -0.05964795, ...,  0.3409236 ,
          0.3409236 ,  0.9123568 ],
        [ 0.23303815,  0.        ,  0.17461752, ...,  0.55061422,
          0.55061422,  0.79183255],
        [ 0.05964795, -0.17461752,  0.        , ...,  0.39639108,
          0.39639108,  0.8863127 ],
        ...,
        [-0.3409236 , -0.55061422, -0.39639108, ...,  0.        ,
          0.        ,  0.99727117],
        [-0.3409236 , -0.55061422, -0.39639108, ...,  0.        ,
          0.        ,  0.99727117],
        [-0.9123568 , -0.79183255, -0.8863127 , ..., -0.99727117,
         -0.99727117,  0.        ]],

       [[ 0.        ,  0.51301435,  0.21507479, ...,  0.11376628,
         -0.22780176,  0.68288634],
        [-0.51301435,  0.        , -0.31639267, ..., -0.41202893,
         -0.69506642,  0.96094562],
        [-0.21507479,  0.31639267,  0.        , ..., -0.10257456,
         -0.43189059,  0.82402258],
        ...,
        [-0.11376628,  0.41202893,  0.10257456, ...,  0.        ,
         -0.33709785,  0.7615618 ],
        [ 0.22780176,  0.69506642,  0.43189059, ...,  0.33709785,
          0.        ,  0.49851678],
        [-0.68288634, -0.96094562, -0.82402258, ..., -0.7615618 ,
         -0.49851678,  0.        ]],

       [[ 0.        , -0.11702422, -0.23382116, ...,  0.31077886,
          0.31077886,  0.64353492],
        [ 0.11702422,  0.        , -0.11843432, ...,  0.41987296,
          0.41987296,  0.72868553],
        [ 0.23382116,  0.11843432,  0.        , ...,  0.52440682,
          0.52440682,  0.80466652],
        ...,
        [-0.31077886, -0.41987296, -0.52440682, ...,  0.        ,
          0.        ,  0.37379316],
        [-0.31077886, -0.41987296, -0.52440682, ...,  0.        ,
          0.        ,  0.37379316],
        [-0.64353492, -0.72868553, -0.80466652, ..., -0.37379316,
         -0.37379316,  0.        ]],

       ...,

       [[ 0.        ,  0.128284  , -0.16849245, ..., -0.18187391,
          0.24112693,  0.90189979],
        [-0.128284  ,  0.        , -0.2935502 , ..., -0.30651563,
          0.1146358 ,  0.83903614],
        [ 0.16849245,  0.2935502 ,  0.        , ..., -0.01359133,
          0.40120037,  0.96178481],
        ...,
        [ 0.18187391,  0.30651563,  0.01359133, ...,  0.        ,
          0.41361284,  0.96541737],
        [-0.24112693, -0.1146358 , -0.40120037, ..., -0.41361284,
          0.        ,  0.77113432],
        [-0.90189979, -0.83903614, -0.96178481, ..., -0.96541737,
         -0.77113432,  0.        ]],

       [[ 0.        , -0.45830051, -0.74617097, ..., -0.66968408,
         -0.84923774, -0.58839085],
        [ 0.45830051,  0.        , -0.35807917, ..., -0.25485831,
         -0.51281266, -0.1523891 ],
        [ 0.74617097,  0.35807917,  0.        , ...,  0.10829586,
         -0.17139751,  0.21161265],
        ...,
        [ 0.66968408,  0.25485831, -0.10829586, ...,  0.        ,
         -0.27708277,  0.10452474],
        [ 0.84923774,  0.51281266,  0.17139751, ...,  0.27708277,
          0.        ,  0.37599717],
        [ 0.58839085,  0.1523891 , -0.21161265, ..., -0.10452474,
         -0.37599717,  0.        ]],

       [[ 0.        ,  0.08855245,  0.19542834, ...,  0.84145122,
          0.92926265,  0.71298551],
        [-0.08855245,  0.        ,  0.10781562, ...,  0.79029777,
          0.89289904,  0.64809346],
        [-0.19542834, -0.10781562,  0.        , ...,  0.71962995,
          0.83914952,  0.5622075 ],
        ...,
        [-0.84145122, -0.79029777, -0.71962995, ...,  0.        ,
          0.19126269, -0.20475807],
        [-0.92926265, -0.89289904, -0.83914952, ..., -0.19126269,
          0.        , -0.38818835],
        [-0.71298551, -0.64809346, -0.5622075 , ...,  0.20475807,
          0.38818835,  0.        ]]]), 'num': array([9.99192634e-01, 6.94896735e-03, 8.44462695e-06, 2.62498324e-03,
       2.63615339e-03, 2.51328183e-03, 3.89675300e-02, 1.56381980e-04,
       2.39264430e-03, 2.31780435e-03, 2.29092155e-03, 1.87861470e-06,
       2.48174307e-03, 2.15386564e-03])}
{'img': array([[[ 0.        ,  0.13783779,  0.03956607, ...,  0.43229906,
          0.93019859,  0.67789383],
        [-0.13783779,  0.        , -0.09854145, ...,  0.30388018,
          0.8707254 ,  0.77275601],
        [-0.03956607,  0.09854145,  0.        , ...,  0.39628262,
          0.91494722,  0.7064504 ],
        ...,
        [-0.43229906, -0.30388018, -0.39628262, ...,  0.        ,
          0.68011001,  0.9290863 ],
        [-0.93019859, -0.8707254 , -0.91494722, ..., -0.68011001,
          0.        ,  0.93267006],
        [-0.67789383, -0.77275601, -0.7064504 , ..., -0.9290863 ,
         -0.93267006,  0.        ]],

       [[ 0.        , -0.25361821, -0.33579834, ..., -0.5822796 ,
          0.86418211,  0.78103834],
        [ 0.25361821,  0.        , -0.08592762, ..., -0.35705291,
          0.96354256,  0.59712155],
        [ 0.33579834,  0.08592762,  0.        , ..., -0.27546867,
          0.98296916,  0.52598611],
        ...,
        [ 0.5822796 ,  0.35705291,  0.27546867, ...,  0.        ,
          0.99556117,  0.27135152],
        [-0.86418211, -0.96354256, -0.98296916, ..., -0.99556117,
          0.        ,  0.93266933],
        [-0.78103834, -0.59712155, -0.52598611, ..., -0.27135152,
         -0.93266933,  0.        ]],

       [[ 0.        , -0.1134567 , -0.17284721, ...,  0.39966484,
          0.69302599,  0.89580642],
        [ 0.1134567 ,  0.        , -0.0599821 , ...,  0.50108554,
          0.77034344,  0.83959694],
        [ 0.17284721,  0.0599821 ,  0.        , ...,  0.55209169,
          0.80720274,  0.80550234],
        ...,
        [-0.39966484, -0.50108554, -0.55209169, ...,  0.        ,
          0.34714671,  0.99877993],
        [-0.69302599, -0.77034344, -0.80720274, ..., -0.34714671,
          0.        ,  0.95380969],
        [-0.89580642, -0.83959694, -0.80550234, ..., -0.99877993,
         -0.95380969,  0.        ]],

       ...,

       [[ 0.        , -0.26361602, -0.68416198, ...,  0.10111216,
          0.72775454,  0.92846153],
        [ 0.26361602,  0.        , -0.4676985 , ...,  0.35980059,
          0.88280998,  0.79770519],
        [ 0.68416198,  0.4676985 ,  0.        , ...,  0.75439982,
          0.99999735,  0.42303763],
        ...,
        [-0.10111216, -0.35980059, -0.75439982, ...,  0.        ,
          0.65467829,  0.96125914],
        [-0.72775454, -0.88280998, -0.99999735, ..., -0.65467829,
          0.        ,  0.90708274],
        [-0.92846153, -0.79770519, -0.42303763, ..., -0.96125914,
         -0.90708274,  0.        ]],

       [[ 0.        , -0.31941134, -0.66956639, ..., -0.46318857,
         -0.13387701,  0.99970503],
        [ 0.31941134,  0.        , -0.39724846, ..., -0.15584356,
          0.18967197,  0.95509411],
        [ 0.66956639,  0.39724846,  0.        , ...,  0.24937541,
          0.56410148,  0.75879471],
        ...,
        [ 0.46318857,  0.15584356, -0.24937541, ...,  0.        ,
          0.34036912,  0.89724767],
        [ 0.13387701, -0.18967197, -0.56410148, ..., -0.34036912,
          0.        ,  0.99395708],
        [-0.99970503, -0.95509411, -0.75879471, ..., -0.89724767,
         -0.99395708,  0.        ]],

       [[ 0.        ,  0.10781562,  0.2438082 , ...,  0.89289904,
          0.64809346, -0.16479614],
        [-0.10781562,  0.        ,  0.1378249 , ...,  0.83914952,
          0.5622075 , -0.27017705],
        [-0.2438082 , -0.1378249 ,  0.        , ...,  0.75617811,
          0.44286147, -0.40029793],
        ...,
        [-0.89289904, -0.83914952, -0.75617811, ...,  0.        ,
         -0.38818835, -0.95489161],
        [-0.64809346, -0.5622075 , -0.44286147, ...,  0.38818835,
          0.        , -0.76473477],
        [ 0.16479614,  0.27017705,  0.40029793, ...,  0.95489161,
          0.76473477,  0.        ]]]), 'num': array([9.99859818e-01, 4.32651519e-03, 8.47262385e-06, 2.62673695e-03,
       2.66026976e-03, 2.58202653e-03, 1.46002534e-02, 0.00000000e+00,
       2.46130841e-03, 2.33667812e-03, 2.29953122e-03, 1.87986977e-06,
       2.54715867e-03, 2.12619758e-03])}
{'img': array([[[ 0.        , -0.09854145,  0.25621489, ...,  0.8707254 ,
          0.77275601,  0.77275601],
        [ 0.09854145,  0.        ,  0.35021999, ...,  0.91494722,
          0.7064504 ,  0.7064504 ],
        [-0.25621489, -0.35021999,  0.        , ...,  0.71566178,
          0.90958171,  0.90958171],
        ...,
        [-0.8707254 , -0.91494722, -0.71566178, ...,  0.        ,
          0.93267006,  0.93267006],
        [-0.77275601, -0.7064504 , -0.90958171, ..., -0.93267006,
          0.        ,  0.        ],
        [-0.77275601, -0.7064504 , -0.90958171, ..., -0.93267006,
          0.        ,  0.        ]],

       [[ 0.        , -0.08592762,  0.27440863, ...,  0.96354256,
          0.59712155,  0.53912629],
        [ 0.08592762,  0.        ,  0.35602284, ...,  0.98296916,
          0.52598611,  0.60950266],
        [-0.27440863, -0.35602284,  0.        , ...,  0.85313578,
          0.79431705,  0.28731715],
        ...,
        [-0.96354256, -0.98296916, -0.85313578, ...,  0.        ,
          0.93266933, -0.66727357],
        [-0.59712155, -0.52598611, -0.79431705, ..., -0.93266933,
          0.        , -0.93537123],
        [-0.53912629, -0.60950266, -0.28731715, ...,  0.66727357,
          0.93537123,  0.        ]],

       [[ 0.        , -0.0508175 ,  0.03670438, ...,  0.64615614,
          0.95373563,  0.75912627],
        [ 0.0508175 ,  0.        ,  0.08744021, ...,  0.68410546,
          0.96778147,  0.72506613],
        [-0.03670438, -0.08744021,  0.        , ...,  0.61770777,
          0.94205793,  0.78250722],
        ...,
        [-0.64615614, -0.68410546, -0.61770777, ...,  0.        ,
          0.53363142,  0.99998022],
        [-0.95373563, -0.96778147, -0.94205793, ..., -0.53363142,
          0.        ,  0.8490566 ],
        [-0.75912627, -0.72506613, -0.78250722, ..., -0.99998022,
         -0.8490566 ,  0.        ]],

       ...,

       [[ 0.        , -0.4676985 ,  0.26361602, ...,  0.88280998,
          0.79770519,  0.79770519],
        [ 0.4676985 ,  0.        ,  0.68416198, ...,  0.99999735,
          0.42303763,  0.42303763],
        [-0.26361602, -0.68416198,  0.        , ...,  0.72775454,
          0.92846153,  0.92846153],
        ...,
        [-0.88280998, -0.99999735, -0.72775454, ...,  0.        ,
          0.90708274,  0.90708274],
        [-0.79770519, -0.42303763, -0.92846153, ..., -0.90708274,
          0.        ,  0.        ],
        [-0.79770519, -0.42303763, -0.92846153, ..., -0.90708274,
          0.        ,  0.        ]],

       [[ 0.        , -0.32791127, -0.36226005, ...,  0.14993325,
          0.83572806,  0.87476376],
        [ 0.32791127,  0.        , -0.03659158, ...,  0.46584782,
          0.96958977,  0.66750749],
        [ 0.36226005,  0.03659158,  0.        , ...,  0.49791444,
          0.97789572,  0.63981426],
        ...,
        [-0.14993325, -0.46584782, -0.49791444, ...,  0.        ,
          0.74394622,  0.93752564],
        [-0.83572806, -0.96958977, -0.97789572, ..., -0.74394622,
          0.        ,  0.88532259],
        [-0.87476376, -0.66750749, -0.63981426, ..., -0.93752564,
         -0.88532259,  0.        ]],

       [[ 0.        ,  0.1378249 ,  0.14592754, ...,  0.5622075 ,
         -0.27017705, -0.67140591],
        [-0.1378249 ,  0.        ,  0.00818538, ...,  0.44286147,
         -0.40029793, -0.76713905],
        [-0.14592754, -0.00818538,  0.        , ...,  0.43550771,
         -0.40778547, -0.77236411],
        ...,
        [-0.5622075 , -0.44286147, -0.43550771, ...,  0.        ,
         -0.76473477, -0.97189639],
        [ 0.27017705,  0.40029793,  0.40778547, ...,  0.76473477,
          0.        , -0.44621131],
        [ 0.67140591,  0.76713905,  0.77236411, ...,  0.97189639,
          0.44621131,  0.        ]]]), 'num': array([ 9.99915434e-01,  4.36373330e-03,  8.54550816e-06,  2.62678549e-03,
        2.69442804e-03,  2.61551173e-03,  1.00094056e-02, -2.25475149e-05,
        2.54561444e-03,  2.37256226e-03,  2.32566343e-03,  1.79355232e-06,
        2.61388125e-03,  2.13124327e-03])}
{'img': array([[[ 0.        ,  0.35021999,  0.39628262, ...,  0.7064504 ,
          0.7064504 ,  0.93742698],
        [-0.35021999,  0.        ,  0.04963806, ...,  0.90958171,
          0.90958171,  0.99999763],
        [-0.39628262, -0.04963806,  0.        , ...,  0.9290863 ,
          0.9290863 ,  0.99865695],
        ...,
        [-0.7064504 , -0.90958171, -0.9290863 , ...,  0.        ,
          0.        , -0.41750245],
        [-0.7064504 , -0.90958171, -0.9290863 , ...,  0.        ,
          0.        , -0.41750245],
        [-0.93742698, -0.99999763, -0.99865695, ...,  0.41750245,
          0.41750245,  0.        ]],

       [[ 0.        ,  0.35602284,  0.21613283, ...,  0.52598611,
          0.60950266,  0.349333  ],
