state_0,state_1,state_2,state_3,state_4,state_5,state_6,state_7,state_8,state_9,state_10,state_11,state_12,state_13,state_14,state_15,state_16,state_17,state_18,state_19,state_20,state_21,state_22,state_23,state_24,state_25,state_26,state_27,state_28,state_29,state_30,state_31,state_32,state_33,state_34,state_35,state_36,state_37,state_38,state_39,state_40,state_41,state_42,state_43,state_44,state_45,state_46,state_47,state_48,state_49,state_50,state_51,state_52,state_53,state_54,state_55,state_56,state_57,state_58,state_59,state_60,state_61,state_62,state_63,state_64,state_65,state_66,state_67,state_68,state_69,state_70,state_71,state_72,state_73,state_74,state_75,state_76,state_77,state_78,state_79,state_80,state_81,state_82,state_83,state_84,state_85,state_86,state_87,state_88,state_89,state_90,state_91,state_92,state_93,state_94,state_95,state_96,state_97,state_98,state_99,state_100,state_101,state_102,state_103,state_104,state_105,state_106,state_107,state_108,state_109,state_110,state_111,state_112,state_113,state_114,state_115,state_116,state_117,state_118,state_119,state_120,state_121,state_122,state_123,state_124,state_125,state_126,state_127,state_128,state_129,state_130,state_131,state_132,state_133,state_134,state_135,state_136,state_137,state_138,state_139,state_140,state_141,state_142,state_143,state_144,state_145,state_146,state_147,state_148,state_149,state_150,state_151,state_152,state_153,state_154,state_155,state_156,state_157,state_158,state_159,state_160,state_161,state_162,state_163,state_164,state_165,state_166,state_167,state_168,state_169,state_170,state_171,state_172,state_173,state_174,state_175,state_176,state_177,state_178,state_179,state_180,state_181,state_182,state_183,state_184,state_185,state_186,state_187,state_188,state_189,state_190,state_191,state_192,state_193,state_194,state_195,state_196,state_197,state_198,state_199,state_200,state_201,state_202,state_203,state_204,state_205,state_206,state_207,state_208,state_209,state_210,state_211,state_212,state_213,state_214,state_215,state_216,state_217,state_218,state_219,state_220,state_221,state_222,state_223,state_224,state_225,state_226,state_227,state_228,state_229,state_230,state_231,state_232,state_233,state_234,state_235,state_236,state_237,state_238,state_239,state_240,state_241,state_242,state_243,state_244,state_245,state_246,state_247,state_248,state_249,state_250,state_251,state_252,state_253,state_254,state_255,state_256,state_257,state_258,state_259,state_260,state_261,state_262,state_263,state_264,state_265,state_266,state_267,state_268,state_269,state_270,state_271,state_272,state_273,state_274,state_275,state_276,state_277,state_278,state_279,state_280,state_281,state_282,state_283,state_284,state_285,state_286,state_287
{'img': array([[[ 0.        , -0.10905269, -0.29840021, ..., -0.99784313,
         -0.87569746, -0.9986887 ],
        [ 0.10905269,  0.        , -0.1925362 , ..., -0.98473335,
         -0.81781757, -0.99831539],
        [ 0.29840021,  0.1925362 ,  0.        , ..., -0.93279416,
         -0.69171584, -0.96846574],
        ...,
        [ 0.99784313,  0.98473335,  0.93279416, ...,  0.        ,
          0.42433474, -0.11664169],
        [ 0.87569746,  0.81781757,  0.69171584, ..., -0.42433474,
          0.        , -0.52705794],
        [ 0.9986887 ,  0.99831539,  0.96846574, ...,  0.11664169,
          0.52705794,  0.        ]],

       [[ 0.        , -0.17174339, -0.33457584, ...,  0.36058036,
         -0.16592696, -0.46788277],
        [ 0.17174339,  0.        , -0.16775899, ...,  0.51541265,
          0.00590113, -0.30914565],
        [ 0.33457584,  0.16775899,  0.        , ...,  0.65186799,
          0.17357357, -0.14522318],
        ...,
        [-0.36058036, -0.51541265, -0.65186799, ...,  0.        ,
         -0.51034675, -0.75508494],
        [ 0.16592696, -0.00590113, -0.17357357, ...,  0.51034675,
          0.        , -0.31475232],
        [ 0.46788277,  0.30914565,  0.14522318, ...,  0.75508494,
          0.31475232,  0.        ]],

       [[ 0.        , -0.09427555, -0.27093759, ..., -0.9746311 ,
         -0.99299239, -0.94476616],
        [ 0.09427555,  0.        , -0.17898152, ..., -0.94918973,
         -0.97742842, -0.97145666],
        [ 0.27093759,  0.17898152,  0.        , ..., -0.87753635,
         -0.92383247, -0.99822748],
        ...,
        [ 0.9746311 ,  0.94918973,  0.87753635, ...,  0.        ,
         -0.10706871, -0.53088572],
        [ 0.99299239,  0.97742842,  0.92383247, ...,  0.10706871,
          0.        , -0.43709932],
        [ 0.94476616,  0.97145666,  0.99822748, ...,  0.53088572,
          0.43709932,  0.        ]],

       ...,

       [[ 0.        , -0.11955445, -0.23604496, ..., -0.41086357,
         -0.18538082, -0.51139094],
        [ 0.11955445,  0.        , -0.11817587, ..., -0.2989193 ,
         -0.06656902, -0.40498416],
        [ 0.23604496,  0.11817587,  0.        , ..., -0.18405199,
          0.05181118, -0.29409531],
        ...,
        [ 0.41086357,  0.2989193 ,  0.18405199, ...,  0.        ,
          0.23473086, -0.11315864],
        [ 0.18538082,  0.06656902, -0.05181118, ..., -0.23473086,
          0.        , -0.3432202 ],
        [ 0.51139094,  0.40498416,  0.29409531, ...,  0.11315864,
          0.3432202 ,  0.        ]],

       [[ 0.        , -0.01362635, -0.00697758, ..., -0.94825717,
         -0.99508881, -0.94895184],
        [ 0.01362635,  0.        ,  0.00664909, ..., -0.94384272,
         -0.9936476 , -0.95316177],
        [ 0.00697758, -0.00664909,  0.        , ..., -0.94601868,
         -0.9943739 , -0.95112961],
        ...,
        [ 0.94825717,  0.94384272,  0.94601868, ...,  0.        ,
         -0.22207962, -0.60039556],
        [ 0.99508881,  0.9936476 ,  0.9943739 , ...,  0.22207962,
          0.        , -0.40780503],
        [ 0.94895184,  0.95316177,  0.95112961, ...,  0.60039556,
          0.40780503,  0.        ]],

       [[ 0.        ,  0.09209573,  0.05597386, ..., -0.88693271,
         -0.86090255, -0.57987029],
        [-0.09209573,  0.        , -0.03621537, ..., -0.84062449,
         -0.81038832, -0.50237473],
        [-0.05597386,  0.03621537,  0.        , ..., -0.85968795,
         -0.83107504, -0.53335879],
        ...,
        [ 0.88693271,  0.84062449,  0.85968795, ...,  0.        ,
         -0.05359492, -0.45475058],
        [ 0.86090255,  0.81038832,  0.83107504, ...,  0.05359492,
          0.        , -0.40636435],
        [ 0.57987029,  0.50237473,  0.53335879, ...,  0.45475058,
          0.40636435,  0.        ]]]), 'num': array([9.99993444e-01, 1.40206319e-03, 1.24823923e-05, 1.07606830e-03,
       1.10969543e-03, 1.06530761e-03, 9.89646563e-04, 4.03525612e-06,
       1.08790505e-03, 1.14191023e-03, 1.23929441e-03, 5.21563716e-07,
       1.21925661e-03, 1.06456384e-03])}
{'img': array([[[ 0.        , -0.1925362 , -0.10975039, ..., -0.81781757,
         -0.99831539, -0.96619045],
        [ 0.1925362 ,  0.        ,  0.08367617, ..., -0.69171584,
         -0.96846574, -0.8984714 ],
        [ 0.10975039, -0.08367617,  0.        , ..., -0.74971839,
         -0.98591698, -0.93205698],
        ...,
        [ 0.81781757,  0.69171584,  0.74971839, ...,  0.        ,
         -0.52705794, -0.34516348],
        [ 0.99831539,  0.96846574,  0.98591698, ...,  0.52705794,
          0.        ,  0.20133626],
        [ 0.96619045,  0.8984714 ,  0.93205698, ...,  0.34516348,
         -0.20133626,  0.        ]],

       [[ 0.        , -0.16775899,  0.25747241, ...,  0.00590113,
         -0.30914565,  0.0275155 ],
        [ 0.16775899,  0.        ,  0.41592663, ...,  0.17357357,
         -0.14522318,  0.19482102],
        [-0.25747241, -0.41592663,  0.        , ..., -0.25176576,
         -0.54358305, -0.2307871 ],
        ...,
        [-0.00590113, -0.17357357,  0.25176576, ...,  0.        ,
         -0.31475232,  0.02161612],
        [ 0.30914565,  0.14522318,  0.54358305, ...,  0.31475232,
          0.        ,  0.33519624],
        [-0.0275155 , -0.19482102,  0.2307871 , ..., -0.02161612,
         -0.33519624,  0.        ]],

       [[ 0.        , -0.17389968, -0.2358751 , ..., -0.9509162 ,
         -0.99491084, -0.96491546],
        [ 0.17389968,  0.        , -0.06328834, ..., -0.88261445,
         -0.96222976, -0.99587263],
        [ 0.2358751 ,  0.06328834,  0.        , ..., -0.85109336,
         -0.94307123, -0.99962035],
        ...,
        [ 0.9509162 ,  0.88261445,  0.85109336, ...,  0.        ,
         -0.21206011, -0.54826494],
        [ 0.99491084,  0.96222976,  0.94307123, ...,  0.21206011,
          0.        , -0.35844868],
        [ 0.96491546,  0.99587263,  0.99962035, ...,  0.54826494,
          0.35844868,  0.        ]],

       ...,

       [[ 0.        , -0.11817587, -0.02563941, ..., -0.06656902,
         -0.40498416, -0.10945288],
        [ 0.11817587,  0.        ,  0.09267728, ...,  0.05181118,
         -0.29409531,  0.00877995],
        [ 0.02563941, -0.09267728,  0.        , ..., -0.0409646 ,
         -0.38140831, -0.08393154],
        ...,
        [ 0.06656902, -0.05181118,  0.0409646 , ...,  0.        ,
         -0.3432202 , -0.04304102],
        [ 0.40498416,  0.29409531,  0.38140831, ...,  0.3432202 ,
          0.        ,  0.30247564],
        [ 0.10945288, -0.00877995,  0.08393154, ...,  0.04304102,
         -0.30247564,  0.        ]],

       [[ 0.        ,  0.00625174, -0.00134377, ..., -0.94323802,
         -0.97931128, -0.93392271],
        [-0.00625174,  0.        , -0.00759548, ..., -0.9452959 ,
         -0.98055724, -0.93166962],
        [ 0.00134377,  0.00759548,  0.        , ..., -0.94279088,
         -0.97903847, -0.93440223],
        ...,
        [ 0.94323802,  0.9452959 ,  0.94279088, ...,  0.        ,
         -0.13437312, -0.64735608],
        [ 0.97931128,  0.98055724,  0.97903847, ...,  0.13437312,
          0.        , -0.53906754],
        [ 0.93392271,  0.93166962,  0.93440223, ...,  0.64735608,
          0.53906754,  0.        ]],

       [[ 0.        , -0.03621537,  0.01128385, ..., -0.81038832,
         -0.50237473, -0.70112393],
        [ 0.03621537,  0.        ,  0.04748951, ..., -0.83107504,
         -0.53335879, -0.72648698],
        [-0.01128385, -0.04748951,  0.        , ..., -0.80372559,
         -0.49258616, -0.69303346],
        ...,
        [ 0.81038832,  0.83107504,  0.80372559, ...,  0.        ,
         -0.40636435, -0.16705512],
        [ 0.50237473,  0.53335879,  0.49258616, ...,  0.40636435,
          0.        ,  0.24801382],
        [ 0.70112393,  0.72648698,  0.69303346, ...,  0.16705512,
         -0.24801382,  0.        ]]]), 'num': array([7.07105462e-01, 7.07105462e-01, 0.00000000e+00, 6.41328210e-04,
       6.49941898e-04, 6.24100834e-04, 5.24401313e-04, 1.48781880e-05,
       6.31618234e-04, 6.61335457e-04, 7.19960739e-04, 3.52563697e-07,
       7.02284387e-04, 6.20386528e-04])}
{'img': array([[[ 0.        ,  0.08367617,  0.06985356, ..., -0.96846574,
         -0.8984714 , -0.69171584],
        [-0.08367617,  0.        , -0.01386318, ..., -0.98591698,
         -0.93205698, -0.74971839],
        [-0.06985356,  0.01386318,  0.        , ..., -0.98350382,
         -0.92694462, -0.74047229],
        ...,
        [ 0.96846574,  0.98591698,  0.98350382, ...,  0.        ,
          0.20133626,  0.52705794],
        [ 0.8984714 ,  0.93205698,  0.92694462, ..., -0.20133626,
          0.        ,  0.34516348],
        [ 0.69171584,  0.74971839,  0.74047229, ..., -0.52705794,
         -0.34516348,  0.        ]],

       [[ 0.        ,  0.41592663, -0.32076613, ..., -0.14522318,
          0.19482102,  0.12309352],
        [-0.41592663,  0.        , -0.68565255, ..., -0.54358305,
         -0.2307871 , -0.30082252],
        [ 0.32076613,  0.68565255,  0.        , ...,  0.17981631,
          0.49914624,  0.43491579],
        ...,
        [ 0.14522318,  0.54358305, -0.17981631, ...,  0.        ,
          0.33519624,  0.26590736],
        [-0.19482102,  0.2307871 , -0.49914624, ..., -0.33519624,
          0.        , -0.07260452],
        [-0.12309352,  0.30082252, -0.43491579, ..., -0.26590736,
          0.07260452,  0.        ]],

       [[ 0.        , -0.06276287, -0.14106764, ..., -0.95151154,
         -0.99601413, -0.99510779],
        [ 0.06276287,  0.        , -0.07865428, ..., -0.93032893,
         -0.98845228, -0.99934657],
        [ 0.14106764,  0.07865428,  0.        , ..., -0.89860215,
         -0.97347133, -0.99909347],
        ...,
        [ 0.95151154,  0.93032893,  0.89860215, ...,  0.        ,
         -0.22151626, -0.40011289],
        [ 0.99601413,  0.98845228,  0.97347133, ...,  0.22151626,
          0.        , -0.18716066],
        [ 0.99510779,  0.99934657,  0.99909347, ...,  0.40011289,
          0.18716066,  0.        ]],

       ...,

       [[ 0.        ,  0.09267728,  0.2319772 , ..., -0.29409531,
          0.00877995,  0.24014606],
        [-0.09267728,  0.        ,  0.14082966, ..., -0.38140831,
         -0.08393154,  0.14914728],
        [-0.2319772 , -0.14082966,  0.        , ..., -0.50779101,
         -0.22342781,  0.00840637],
        ...,
        [ 0.29409531,  0.38140831,  0.50779101, ...,  0.        ,
          0.30247564,  0.51501499],
        [-0.00877995,  0.08393154,  0.22342781, ..., -0.30247564,
          0.        ,  0.23161378],
        [-0.24014606, -0.14914728, -0.00840637, ..., -0.51501499,
         -0.23161378,  0.        ]],

       [[ 0.        , -0.00734738,  0.00133256, ..., -0.95388607,
         -0.99973245, -0.92008928],
        [ 0.00734738,  0.        ,  0.0086799 , ..., -0.95165487,
         -0.99953551, -0.92294247],
        [-0.00133256, -0.0086799 ,  0.        , ..., -0.95428522,
         -0.99976238, -0.91956648],
        ...,
        [ 0.95388607,  0.95165487,  0.95428522, ...,  0.        ,
         -0.27802444, -0.64982766],
        [ 0.99973245,  0.99953551,  0.99976238, ...,  0.27802444,
          0.        , -0.41288631],
        [ 0.92008928,  0.92294247,  0.91956648, ...,  0.64982766,
          0.41288631,  0.        ]],

       [[ 0.        ,  0.04748951, -0.01366546, ..., -0.53335879,
         -0.72648698, -0.76036486],
        [-0.04748951,  0.        , -0.06113512, ..., -0.49258616,
         -0.69303346, -0.72866271],
        [ 0.01366546,  0.06113512,  0.        , ..., -0.54486846,
         -0.73580978, -0.76916953],
        ...,
        [ 0.53335879,  0.49258616,  0.54486846, ...,  0.        ,
          0.24801382,  0.29676987],
        [ 0.72648698,  0.69303346,  0.73580978, ..., -0.24801382,
          0.        ,  0.05065718],
        [ 0.76036486,  0.72866271,  0.76916953, ..., -0.29676987,
         -0.05065718,  0.        ]]]), 'num': array([ 9.77443719e-01,  2.11179620e-01,  9.49521862e-06,  8.83811006e-04,
        9.11190529e-04,  8.82715825e-04,  4.52944927e-04, -1.31421711e-05,
        8.85344260e-04,  9.21649507e-04,  1.00510229e-03,  4.66556896e-07,
        9.80420940e-04,  8.62878074e-04])}
{'img': array([[[ 0.        , -0.01386318, -0.04168811, ..., -0.93205698,
         -0.74971839, -0.85789158],
        [ 0.01386318,  0.        , -0.02783297, ..., -0.92694462,
         -0.74047229, -0.85068581],
        [ 0.04168811,  0.02783297,  0.        , ..., -0.91614263,
         -0.72147924, -0.83572516],
        ...,
        [ 0.93205698,  0.92694462,  0.91614263, ...,  0.        ,
          0.34516348,  0.16809536],
        [ 0.74971839,  0.74047229,  0.72147924, ..., -0.34516348,
          0.        , -0.1824874 ],
        [ 0.85789158,  0.85068581,  0.83572516, ..., -0.16809536,
          0.1824874 ,  0.        ]],

       [[ 0.        , -0.68565255, -0.43318181, ..., -0.2307871 ,
         -0.30082252, -0.63200515],
        [ 0.68565255,  0.        ,  0.30265755, ...,  0.49914624,
          0.43491579,  0.07130131],
        [ 0.43318181, -0.30265755,  0.        , ...,  0.21347782,
          0.14198358, -0.23393   ],
        ...,
        [ 0.2307871 , -0.49914624, -0.21347782, ...,  0.        ,
         -0.07260452, -0.43609197],
        [ 0.30082252, -0.43491579, -0.14198358, ...,  0.07260452,
          0.        , -0.36960408],
        [ 0.63200515, -0.07130131,  0.23393   , ...,  0.43609197,
          0.36960408,  0.        ]],

       [[ 0.        , -0.07865428, -0.13949678, ..., -0.98845228,
         -0.99934657, -0.99102217],
        [ 0.07865428,  0.        , -0.06117938, ..., -0.97347133,
         -0.99909347, -0.97743605],
        [ 0.13949678,  0.06117938,  0.        , ..., -0.95764942,
         -0.99461754, -0.96268209],
        ...,
        [ 0.98845228,  0.97347133,  0.95764942, ...,  0.        ,
         -0.18716066, -0.01801835],
        [ 0.99934657,  0.99909347,  0.99461754, ...,  0.18716066,
          0.        ,  0.16943032],
        [ 0.99102217,  0.97743605,  0.96268209, ...,  0.01801835,
         -0.16943032,  0.        ]],

       ...,

       [[ 0.        ,  0.14082966,  0.23084905, ..., -0.08393154,
          0.14914728,  0.05954335],
        [-0.14082966,  0.        ,  0.09152258, ..., -0.22342781,
          0.00840637, -0.08162986],
        [-0.23084905, -0.09152258,  0.        , ..., -0.31169901,
         -0.08314826, -0.1725044 ],
        ...,
        [ 0.08393154,  0.22342781,  0.31169901, ...,  0.        ,
          0.23161378,  0.14311587],
        [-0.14914728, -0.00840637,  0.08314826, ..., -0.23161378,
          0.        , -0.09000529],
        [-0.05954335,  0.08162986,  0.1725044 , ..., -0.14311587,
          0.09000529,  0.        ]],

       [[ 0.        ,  0.00863301,  0.02544877, ..., -0.99826086,
         -0.9744284 , -0.92100285],
        [-0.00863301,  0.        ,  0.01681761, ..., -0.99873259,
         -0.97245226, -0.91760549],
        [-0.02544877, -0.01681761,  0.        , ..., -0.99943779,
         -0.96839451, -0.91079084],
        ...,
        [ 0.99826086,  0.99873259,  0.99943779, ...,  0.        ,
         -0.28175129, -0.44317267],
        [ 0.9744284 ,  0.97245226,  0.96839451, ...,  0.28175129,
          0.        , -0.17264655],
        [ 0.92100285,  0.91760549,  0.91079084, ...,  0.44317267,
          0.17264655,  0.        ]],

       [[ 0.        , -0.06065555, -0.2477444 , ..., -0.75713774,
         -0.7813812 , -0.48924178],
        [ 0.06065555,  0.        , -0.18852361, ..., -0.79536722,
         -0.81779483, -0.5412416 ],
        [ 0.2477444 ,  0.18852361,  0.        , ..., -0.89537463,
         -0.91162787, -0.69005971],
        ...,
        [ 0.75713774,  0.79536722,  0.89537463, ...,  0.        ,
          0.03794654, -0.34073654],
        [ 0.7813812 ,  0.81779483,  0.91162787, ..., -0.03794654,
          0.        , -0.37616691],
        [ 0.48924178,  0.5412416 ,  0.69005971, ...,  0.34073654,
          0.37616691,  0.        ]]]), 'num': array([9.78387159e-01, 2.06763726e-01, 9.29666786e-06, 8.89992425e-04,
       9.09293466e-04, 8.66402265e-04, 8.93756128e-04, 2.46624407e-05,
       8.69190193e-04, 9.00393541e-04, 9.82494449e-04, 4.45559282e-07,
       9.56759581e-04, 8.44027502e-04])}
{'img': array([[[ 0.        , -0.02783297, -0.09805228, ..., -0.74047229,
         -0.85068581, -0.64759314],
        [ 0.02783297,  0.        , -0.07031544, ..., -0.72147924,
         -0.83572516, -0.62613392],
        [ 0.09805228,  0.07031544,  0.        , ..., -0.6710045 ,
         -0.795043  , -0.56975807],
        ...,
        [ 0.74047229,  0.72147924,  0.6710045 , ...,  0.        ,
         -0.1824874 ,  0.12899087],
        [ 0.85068581,  0.83572516,  0.795043  , ...,  0.1824874 ,
          0.        ,  0.30778774],
        [ 0.64759314,  0.62613392,  0.56975807, ..., -0.12899087,
         -0.30778774,  0.        ]],

       [[ 0.        ,  0.30265755,  0.30405031, ...,  0.43491579,
          0.07130131,  0.58257933],
        [-0.30265755,  0.        ,  0.00146163, ...,  0.14198358,
         -0.23393   ,  0.30926385],
        [-0.30405031, -0.00146163,  0.        , ...,  0.1405366 ,
         -0.23535083,  0.30787354],
        ...,
        [-0.43491579, -0.14198358, -0.1405366 , ...,  0.        ,
         -0.36960408,  0.17110769],
        [-0.07130131,  0.23393   ,  0.23535083, ...,  0.36960408,
          0.        ,  0.52314472],
        [-0.58257933, -0.30926385, -0.30787354, ..., -0.17110769,
         -0.52314472,  0.        ]],

       [[ 0.        , -0.06117938, -0.11282389, ..., -0.99909347,
         -0.97743605, -0.95628998],
        [ 0.06117938,  0.        , -0.05182379, ..., -0.99461754,
         -0.96268209, -0.93660857],
        [ 0.11282389,  0.05182379,  0.        , ..., -0.98791132,
         -0.94736316, -0.91719211],
        ...,
        [ 0.99909347,  0.99461754,  0.98791132, ...,  0.        ,
          0.16943032,  0.2514454 ],
        [ 0.97743605,  0.96268209,  0.94736316, ..., -0.16943032,
          0.        ,  0.08382326],
        [ 0.95628998,  0.93660857,  0.91719211, ..., -0.2514454 ,
         -0.08382326,  0.        ]],

       ...,

       [[ 0.        ,  0.09152258, -0.45602225, ...,  0.00840637,
         -0.08162986, -0.12053549],
        [-0.09152258,  0.        , -0.53556053, ..., -0.08314826,
         -0.1725044 , -0.21088489],
        [ 0.45602225,  0.53556053,  0.        , ...,  0.46348754,
          0.38185238,  0.34542463],
        ...,
        [-0.00840637,  0.08314826, -0.46348754, ...,  0.        ,
         -0.09000529, -0.12887631],
        [ 0.08162986,  0.1725044 , -0.38185238, ...,  0.09000529,
          0.        , -0.03909853],
        [ 0.12053549,  0.21088489, -0.34542463, ...,  0.12887631,
          0.03909853,  0.        ]],

       [[ 0.        ,  0.01665744,  0.0229198 , ..., -0.99180442,
         -0.98282736, -0.91406679],
        [-0.01665744,  0.        ,  0.00626356, ..., -0.98953856,
         -0.97961724, -0.90718431],
        [-0.0229198 , -0.00626356,  0.        , ..., -0.98861552,
         -0.97833984, -0.90453123],
        ...,
        [ 0.99180442,  0.98953856,  0.98861552, ...,  0.        ,
         -0.05744382, -0.28545375],
        [ 0.98282736,  0.97961724,  0.97833984, ...,  0.05744382,
          0.        , -0.22992867],
        [ 0.91406679,  0.90718431,  0.90453123, ...,  0.28545375,
          0.22992867,  0.        ]],

       [[ 0.        , -0.18786658, -0.37491686, ..., -0.8342297 ,
         -0.66597701, -0.53968425],
        [ 0.18786658,  0.        , -0.194078  , ..., -0.92296871,
         -0.79426225, -0.68823371],
        [ 0.37491686,  0.194078  ,  0.        , ..., -0.98011525,
         -0.89707718, -0.81594916],
        ...,
        [ 0.8342297 ,  0.92296871,  0.98011525, ...,  0.        ,
         -0.25508112, -0.40471976],
        [ 0.66597701,  0.79426225,  0.89707718, ...,  0.25508112,
          0.        , -0.15807492],
        [ 0.53968425,  0.68823371,  0.81594916, ...,  0.40471976,
          0.15807492,  0.        ]]]), 'num': array([9.78818248e-01, 2.04715089e-01, 9.20455548e-06, 8.92852499e-04,
       8.98160777e-04, 8.77989318e-04, 3.33083880e-04, 1.16782134e-05,
       8.69920734e-04, 8.90145276e-04, 9.71415025e-04, 4.38298252e-07,
       9.44476645e-04, 8.35813908e-04])}
{'img': array([[[ 0.        , -0.07031544, -0.12735262, ..., -0.83572516,
         -0.62613392, -0.53558008],
        [ 0.07031544,  0.        , -0.0572945 , ..., -0.795043  ,
         -0.56975807, -0.47487412],
        [ 0.12735262,  0.0572945 ,  0.        , ..., -0.75898484,
         -0.52173681, -0.42367181],
        ...,
        [ 0.83572516,  0.795043  ,  0.75898484, ...,  0.        ,
          0.30778774,  0.4116442 ],
        [ 0.62613392,  0.56975807,  0.52173681, ..., -0.30778774,
          0.        ,  0.11116024],
        [ 0.53558008,  0.47487412,  0.42367181, ..., -0.4116442 ,
         -0.11116024,  0.        ]],

       [[ 0.        ,  0.0014163 , -0.11421785, ..., -0.22268283,
          0.30297041, -0.58012625],
        [-0.0014163 ,  0.        , -0.11562476, ..., -0.22406334,
          0.30162038, -0.58127927],
        [ 0.11421785,  0.11562476,  0.        , ..., -0.10987559,
          0.4098373 , -0.48329627],
        ...,
        [ 0.22268283,  0.22406334,  0.10987559, ...,  0.        ,
          0.50757984, -0.38417874],
        [-0.30297041, -0.30162038, -0.4098373 , ..., -0.50757984,
          0.        , -0.79963774],
        [ 0.58012625,  0.58127927,  0.48329627, ...,  0.38417874,
          0.79963774,  0.        ]],

       [[ 0.        , -0.05182379, -0.0713306 , ..., -0.96268209,
         -0.93660857, -0.84659862],
        [ 0.05182379,  0.        , -0.01954296, ..., -0.94736316,
         -0.91719211, -0.81787873],
        [ 0.0713306 ,  0.01954296,  0.        , ..., -0.94092534,
         -0.90923014, -0.80647769],
        ...,
        [ 0.96268209,  0.94736316,  0.94092534, ...,  0.        ,
          0.08382326,  0.28325106],
        [ 0.93660857,  0.91719211,  0.90923014, ..., -0.08382326,
          0.        ,  0.20186385],
        [ 0.84659862,  0.81787873,  0.80647769, ..., -0.28325106,
         -0.20186385,  0.        ]],

       ...,

       [[ 0.        , -0.53556053, -0.68267116, ..., -0.1725044 ,
         -0.21088489, -0.22067218],
        [ 0.53556053,  0.        , -0.18516579, ...,  0.38185238,
          0.34542463,  0.33600095],
        [ 0.68267116,  0.18516579,  0.        , ...,  0.54638366,
          0.51321948,  0.50459114],
        ...,
        [ 0.1725044 , -0.38185238, -0.54638366, ...,  0.        ,
         -0.03909853, -0.0491122 ],
        [ 0.21088489, -0.34542463, -0.51321948, ...,  0.03909853,
          0.        , -0.01002329],
        [ 0.22067218, -0.33600095, -0.50459114, ...,  0.0491122 ,
          0.01002329,  0.        ]],

       [[ 0.        ,  0.00621141,  0.00168016, ..., -0.99236419,
         -0.97510527, -0.90396641],
        [-0.00621141,  0.        , -0.00453127, ..., -0.99157891,
         -0.97370913, -0.90129296],
        [-0.00168016,  0.00453127,  0.        , ..., -0.99215555,
         -0.97473133, -0.90324669],
        ...,
        [ 0.99236419,  0.99157891,  0.99215555, ...,  0.        ,
         -0.09977752, -0.31284107],
        [ 0.97510527,  0.97370913,  0.97473133, ...,  0.09977752,
          0.        , -0.21651068],
        [ 0.90396641,  0.90129296,  0.90324669, ...,  0.31284107,
          0.21651068,  0.        ]],

       [[ 0.        , -0.194078  , -0.36551274, ..., -0.79426225,
         -0.68823371, -0.73628198],
        [ 0.194078  ,  0.        , -0.17791389, ..., -0.89707718,
         -0.81594916, -0.85361009],
        [ 0.36551274,  0.17791389,  0.        , ..., -0.96138077,
         -0.90578779, -0.93266921],
        ...,
        [ 0.79426225,  0.89707718,  0.96138077, ...,  0.        ,
         -0.15807492, -0.0901107 ],
        [ 0.68823371,  0.81594916,  0.90578779, ...,  0.15807492,
          0.        ,  0.06845408],
        [ 0.73628198,  0.85361009,  0.93266921, ...,  0.0901107 ,
         -0.06845408,  0.        ]]]), 'num': array([ 9.78267604e-01,  2.07329485e-01,  9.32210595e-06,  8.89202032e-04,
        9.09631099e-04,  8.83825962e-04,  6.34021478e-04, -1.50529969e-05,
        8.86836561e-04,  8.98341352e-04,  9.82279730e-04,  4.56458801e-07,
        9.48291960e-04,  8.48390743e-04])}
{'img': array([[[ 0.        , -0.0572945 , -0.07902994, ..., -0.56975807,
         -0.47487412, -0.5966135 ],
        [ 0.0572945 ,  0.        , -0.02178482, ..., -0.52173681,
         -0.42367181, -0.54965297],
        [ 0.07902994,  0.02178482,  0.        , ..., -0.50302822,
         -0.40383824, -0.53132364],
        ...,
        [ 0.56975807,  0.52173681,  0.50302822, ...,  0.        ,
          0.11116024, -0.0330572 ],
        [ 0.47487412,  0.42367181,  0.40383824, ..., -0.11116024,
          0.        , -0.14395182],
        [ 0.5966135 ,  0.54965297,  0.53132364, ...,  0.0330572 ,
          0.14395182,  0.        ]],

       [[ 0.        , -0.11562476,  0.42852977, ...,  0.30162038,
         -0.58127927,  0.0430779 ],
        [ 0.11562476,  0.        ,  0.53012578, ...,  0.4098373 ,
         -0.48329627,  0.15830641],
        [-0.42852977, -0.53012578,  0.        , ..., -0.13604998,
         -0.87389835, -0.3892099 ],
        ...,
        [-0.30162038, -0.4098373 ,  0.13604998, ...,  0.        ,
         -0.79963774, -0.2602687 ],
        [ 0.58127927,  0.48329627,  0.87389835, ...,  0.79963774,
          0.        ,  0.61579235],
        [-0.0430779 , -0.15830641,  0.3892099 , ...,  0.2602687 ,
         -0.61579235,  0.        ]],

       [[ 0.        , -0.01954296, -0.06373628, ..., -0.91719211,
         -0.81787873, -0.76279401],
        [ 0.01954296,  0.        , -0.04422088, ..., -0.90923014,
         -0.80647769, -0.75001104],
        [ 0.06373628,  0.04422088,  0.        , ..., -0.88993184,
         -0.77954254, -0.72002855],
        ...,
        [ 0.91719211,  0.90923014,  0.88993184, ...,  0.        ,
          0.20186385,  0.28916287],
        [ 0.81787873,  0.80647769,  0.77954254, ..., -0.20186385,
          0.        ,  0.08996984],
        [ 0.76279401,  0.75001104,  0.72002855, ..., -0.28916287,
         -0.08996984,  0.        ]],

       ...,

       [[ 0.        , -0.18516579, -0.49201441, ...,  0.34542463,
          0.33600095,  0.37674817],
        [ 0.18516579,  0.        , -0.32230322, ...,  0.51321948,
          0.50459114,  0.54175515],
        [ 0.49201441,  0.32230322,  0.        , ...,  0.76245141,
          0.75592758,  0.78375276],
        ...,
        [-0.34542463, -0.51321948, -0.76245141, ...,  0.        ,
         -0.01002329,  0.03358574],
        [-0.33600095, -0.50459114, -0.75592758, ...,  0.01002329,
          0.        ,  0.04360169],
        [-0.37674817, -0.54175515, -0.78375276, ..., -0.03358574,
         -0.04360169,  0.        ]],

       [[ 0.        , -0.00442599, -0.01828108, ..., -0.99908778,
         -0.99479538, -0.89197477],
        [ 0.00442599,  0.        , -0.01385566, ..., -0.999267  ,
         -0.99523661, -0.89396696],
        [ 0.01828108,  0.01385566,  0.        , ..., -0.99970149,
         -0.99649185, -0.90009032],
        ...,
        [ 0.99908778,  0.999267  ,  0.99970149, ...,  0.        ,
         -0.05931851, -0.4135822 ],
        [ 0.99479538,  0.99523661,  0.99649185, ...,  0.05931851,
          0.        , -0.3588464 ],
        [ 0.89197477,  0.89396696,  0.90009032, ...,  0.4135822 ,
          0.3588464 ,  0.        ]],

       [[ 0.        , -0.17791389, -0.3259105 , ..., -0.81594916,
         -0.85361009, -0.93477627],
        [ 0.17791389,  0.        , -0.15251105, ..., -0.90578779,
         -0.93266921, -0.9830645 ],
        [ 0.3259105 ,  0.15251105,  0.        , ..., -0.95981542,
         -0.97677436, -0.99951354],
        ...,
        [ 0.81594916,  0.90578779,  0.95981542, ...,  0.        ,
          0.06845408,  0.25056094],
        [ 0.85361009,  0.93266921,  0.97677436, ..., -0.06845408,
          0.        ,  0.18370273],
        [ 0.93477627,  0.9830645 ,  0.99951354, ..., -0.25056094,
         -0.18370273,  0.        ]]]), 'num': array([ 9.92596717e-01,  1.21426299e-01,  1.07551904e-05,  8.99969441e-04,
        9.17746615e-04,  8.92191927e-04,  7.19986663e-04, -1.88882475e-05,
        9.14413395e-04,  9.26412987e-04,  1.01331744e-03,  4.18520916e-07,
        9.79258982e-04,  8.73566992e-04])}
{'img': array([[[ 0.        , -0.02178482, -0.14094553, ..., -0.42367181,
         -0.54965297, -0.72353897],
        [ 0.02178482,  0.        , -0.11934473, ..., -0.40383824,
         -0.53132364, -0.70832956],
        [ 0.14094553,  0.11934473,  0.        , ..., -0.29177176,
         -0.42642106, -0.61902376],
        ...,
        [ 0.42367181,  0.40383824,  0.29177176, ...,  0.        ,
         -0.14395182, -0.36293933],
        [ 0.54965297,  0.53132364,  0.42642106, ...,  0.14395182,
          0.        , -0.22502306],
        [ 0.72353897,  0.70832956,  0.61902376, ...,  0.36293933,
          0.22502306,  0.        ]],

       [[ 0.        ,  0.53012578,  0.30686714, ..., -0.48329627,
          0.15830641,  0.22675076],
        [-0.53012578,  0.        , -0.24434998, ..., -0.87389835,
         -0.3892099 , -0.32405122],
        [-0.30686714,  0.24434998,  0.        , ..., -0.72862731,
         -0.15232905, -0.08306354],
        ...,
        [ 0.48329627,  0.87389835,  0.72862731, ...,  0.        ,
          0.61579235,  0.66921827],
        [-0.15830641,  0.3892099 ,  0.15232905, ..., -0.61579235,
          0.        ,  0.06970847],
        [-0.22675076,  0.32405122,  0.08306354, ..., -0.66921827,
         -0.06970847,  0.        ]],

       [[ 0.        , -0.04422088, -0.1120497 , ..., -0.80647769,
         -0.75001104, -0.76851603],
        [ 0.04422088,  0.        , -0.06799769, ..., -0.77954254,
         -0.72002855, -0.73947038],
        [ 0.1120497 ,  0.06799769,  0.        , ..., -0.73514797,
         -0.67117541, -0.69198356],
        ...,
        [ 0.80647769,  0.77954254,  0.73514797, ...,  0.        ,
          0.08996984,  0.06161278],
        [ 0.75001104,  0.72002855,  0.67117541, ..., -0.08996984,
          0.        , -0.028436  ],
        [ 0.76851603,  0.73947038,  0.69198356, ..., -0.06161278,
          0.028436  ,  0.        ]],

       ...,

       [[ 0.        , -0.32230322, -0.8031892 , ...,  0.50459114,
          0.54175515,  0.38221355],
        [ 0.32230322,  0.        , -0.56832443, ...,  0.75592758,
          0.78375276,  0.65964932],
        [ 0.8031892 ,  0.56832443,  0.        , ...,  0.99403723,
          0.99784628,  0.96990007],
        ...,
        [-0.50459114, -0.75592758, -0.99403723, ...,  0.        ,
          0.04360169, -0.13629228],
        [-0.54175515, -0.78375276, -0.99784628, ..., -0.04360169,
          0.        , -0.17935749],
        [-0.38221355, -0.65964932, -0.96990007, ...,  0.13629228,
          0.17935749,  0.        ]],

       [[ 0.        , -0.01383097, -0.01900729, ..., -0.99633644,
         -0.93418491, -0.89325457],
        [ 0.01383097,  0.        , -0.005177  , ..., -0.99742397,
         -0.93903029, -0.89938686],
        [ 0.01900729,  0.005177  ,  0.        , ..., -0.99778195,
         -0.94079774, -0.90163795],
        ...,
        [ 0.99633644,  0.99742397,  0.99778195, ...,  0.        ,
         -0.27559049, -0.37151298],
        [ 0.93418491,  0.93903029,  0.94079774, ...,  0.27559049,
          0.        , -0.10126033],
        [ 0.89325457,  0.89938686,  0.90163795, ...,  0.37151298,
          0.10126033,  0.        ]],

       [[ 0.        , -0.15167984, -0.32514189, ..., -0.96725435,
         -0.99075731, -0.9037724 ],
        [ 0.15167984,  0.        , -0.17794154, ..., -0.99456062,
         -0.99986876, -0.95823646],
        [ 0.32514189,  0.17794154,  0.        , ..., -0.99722277,
         -0.98102908, -0.99383122],
        ...,
        [ 0.96725435,  0.99456062,  0.99722277, ...,  0.        ,
          0.12025857, -0.1846122 ],
        [ 0.99075731,  0.99986876,  0.98102908, ..., -0.12025857,
          0.        , -0.3014639 ],
        [ 0.9037724 ,  0.95823646,  0.99383122, ...,  0.1846122 ,
          0.3014639 ,  0.        ]]]), 'num': array([ 9.92385719e-01,  1.23134970e-01,  1.09065339e-05,  8.97986311e-04,
        9.09253391e-04,  8.88972647e-04,  1.17964079e-03, -1.46472046e-05,
        9.25027304e-04,  9.37026745e-04,  1.02573622e-03,  4.28251021e-07,
        9.93439949e-04,  8.80613541e-04])}
{'img': array([[[ 0.00000000e+00, -1.19344733e-01, -3.26860413e-01, ...,
         -5.31323643e-01, -7.08329562e-01, -9.36174426e-01],
        [ 1.19344733e-01,  0.00000000e+00, -2.11734861e-01, ...,
         -4.26421059e-01, -6.19023758e-01, -8.87529521e-01],
        [ 3.26860413e-01,  2.11734861e-01,  0.00000000e+00, ...,
         -2.25233447e-01, -4.38698036e-01, -7.69849675e-01],
        ...,
        [ 5.31323643e-01,  4.26421059e-01,  2.25233447e-01, ...,
          0.00000000e+00, -2.25023059e-01, -6.06318580e-01],
        [ 7.08329562e-01,  6.19023758e-01,  4.38698036e-01, ...,
          2.25023059e-01,  0.00000000e+00, -4.11825341e-01],
        [ 9.36174426e-01,  8.87529521e-01,  7.69849675e-01, ...,
          6.06318580e-01,  4.11825341e-01,  0.00000000e+00]],

       [[ 0.00000000e+00, -2.44349984e-01, -2.44431822e-01, ...,
         -3.89209899e-01, -3.24051220e-01,  5.60077495e-02],
        [ 2.44349984e-01,  0.00000000e+00, -8.43968319e-05, ...,
         -1.52329054e-01, -8.30635435e-02,  2.98276429e-01],
        [ 2.44431822e-01,  8.43968319e-05,  0.00000000e+00, ...,
         -1.52245642e-01, -8.29794380e-02,  2.98356983e-01],
        ...,
        [ 3.89209899e-01,  1.52329054e-01,  1.52245642e-01, ...,
          0.00000000e+00,  6.97084657e-02,  4.40190458e-01],
        [ 3.24051220e-01,  8.30635435e-02,  8.29794380e-02, ...,
         -6.97084657e-02,  0.00000000e+00,  3.76528113e-01],
        [-5.60077495e-02, -2.98276429e-01, -2.98356983e-01, ...,
         -4.40190458e-01, -3.76528113e-01,  0.00000000e+00]],

       [[ 0.00000000e+00, -6.79976873e-02, -1.74598215e-01, ...,
         -7.20028550e-01, -7.39470384e-01, -7.61513733e-01],
        [ 6.79976873e-02,  0.00000000e+00, -1.07240877e-01, ...,
         -6.71175412e-01, -6.91983563e-01, -7.15678575e-01],
        [ 1.74598215e-01,  1.07240877e-01,  0.00000000e+00, ...,
         -5.87807280e-01, -6.10574330e-01, -6.36651082e-01],
        ...,
        [ 7.20028550e-01,  6.71175412e-01,  5.87807280e-01, ...,
          0.00000000e+00, -2.84359972e-02, -6.17625986e-02],
        [ 7.39470384e-01,  6.91983563e-01,  6.10574330e-01, ...,
          2.84359972e-02,  0.00000000e+00, -3.33559136e-02],
        [ 7.61513733e-01,  7.15678575e-01,  6.36651082e-01, ...,
          6.17625986e-02,  3.33559136e-02,  0.00000000e+00]],

       ...,

       [[ 0.00000000e+00, -5.68324434e-01, -2.08934573e-01, ...,
          7.83752762e-01,  6.59649319e-01,  6.69399089e-01],
        [ 5.68324434e-01,  0.00000000e+00,  3.83868981e-01, ...,
          9.97846276e-01,  9.69900068e-01,  9.72994544e-01],
        [ 2.08934573e-01, -3.83868981e-01,  0.00000000e+00, ...,
          8.96218653e-01,  8.02120304e-01,  8.09843317e-01],
        ...,
        [-7.83752762e-01, -9.97846276e-01, -8.96218653e-01, ...,
          0.00000000e+00, -1.79357485e-01, -1.66506608e-01],
        [-6.59649319e-01, -9.69900068e-01, -8.02120304e-01, ...,
          1.79357485e-01,  0.00000000e+00,  1.30471838e-02],
        [-6.69399089e-01, -9.72994544e-01, -8.09843317e-01, ...,
          1.66506608e-01, -1.30471838e-02,  0.00000000e+00]],

       [[ 0.00000000e+00, -5.17700057e-03,  3.53677242e-02, ...,
         -9.39030293e-01, -8.99386855e-01, -9.30918902e-01],
        [ 5.17700057e-03,  0.00000000e+00,  4.05410119e-02, ...,
         -9.40797740e-01, -9.01637947e-01, -9.32797202e-01],
        [-3.53677242e-02, -4.05410119e-02,  0.00000000e+00, ...,
         -9.26282163e-01, -8.83363040e-01, -9.17419277e-01],
        ...,
        [ 9.39030293e-01,  9.40797740e-01,  9.26282163e-01, ...,
          0.00000000e+00, -1.01260330e-01, -2.28762728e-02],
        [ 8.99386855e-01,  9.01637947e-01,  8.83363040e-01, ...,
          1.01260330e-01,  0.00000000e+00,  7.84751423e-02],
        [ 9.30918902e-01,  9.32797202e-01,  9.17419277e-01, ...,
          2.28762728e-02, -7.84751423e-02,  0.00000000e+00]],

       [[ 0.00000000e+00, -1.72523786e-01, -3.94104788e-01, ...,
         -9.84688825e-01, -9.97543010e-01, -9.49915385e-01],
        [ 1.72523786e-01,  0.00000000e+00, -2.29634663e-01, ...,
         -9.39849191e-01, -9.70498755e-01, -9.89586667e-01],
        [ 3.94104788e-01,  2.29634663e-01,  0.00000000e+00, ...,
         -8.36292679e-01, -8.89197693e-01, -9.96195061e-01],
        ...,
        [ 9.84688825e-01,  9.39849191e-01,  8.36292679e-01, ...,
          0.00000000e+00, -1.04908939e-01, -4.73312853e-01],
        [ 9.97543010e-01,  9.70498755e-01,  8.89197693e-01, ...,
          1.04908939e-01,  0.00000000e+00, -3.78287336e-01],
        [ 9.49915385e-01,  9.89586667e-01,  9.96195061e-01, ...,
          4.73312853e-01,  3.78287336e-01,  0.00000000e+00]]]), 'num': array([9.92659925e-01, 1.20909988e-01, 1.07094587e-05, 9.00568117e-04,
       9.00568117e-04, 8.86185580e-04, 5.20957635e-04, 1.88079337e-05,
