state_0,state_1,state_2,state_3,state_4,state_5,state_6,state_7,state_8,state_9,state_10,state_11,state_12,state_13,state_14,state_15,state_16,state_17,state_18,state_19,state_20,state_21,state_22,state_23,state_24,state_25,state_26,state_27,state_28,state_29,state_30,state_31,state_32,state_33,state_34,state_35,state_36,state_37,state_38,state_39,state_40,state_41,state_42,state_43,state_44,state_45,state_46,state_47,state_48,state_49,state_50,state_51,state_52,state_53,state_54,state_55,state_56,state_57,state_58,state_59,state_60,state_61,state_62,state_63,state_64,state_65,state_66,state_67,state_68,state_69,state_70,state_71,state_72,state_73,state_74,state_75,state_76,state_77,state_78,state_79,state_80,state_81,state_82,state_83,state_84,state_85,state_86,state_87,state_88,state_89,state_90,state_91,state_92,state_93,state_94,state_95,state_96,state_97,state_98,state_99,state_100,state_101,state_102,state_103,state_104,state_105,state_106,state_107,state_108,state_109,state_110,state_111,state_112,state_113,state_114,state_115,state_116,state_117,state_118,state_119,state_120,state_121,state_122,state_123,state_124,state_125,state_126,state_127,state_128,state_129,state_130,state_131,state_132,state_133,state_134,state_135,state_136,state_137,state_138,state_139,state_140,state_141,state_142,state_143,state_144,state_145,state_146,state_147,state_148,state_149,state_150,state_151,state_152,state_153,state_154,state_155,state_156,state_157,state_158,state_159,state_160,state_161,state_162,state_163,state_164,state_165,state_166,state_167,state_168,state_169,state_170,state_171,state_172,state_173,state_174,state_175,state_176,state_177,state_178,state_179,state_180,state_181,state_182,state_183,state_184,state_185,state_186,state_187,state_188,state_189,state_190,state_191,state_192,state_193,state_194,state_195,state_196,state_197,state_198,state_199,state_200,state_201,state_202,state_203,state_204,state_205,state_206,state_207,state_208,state_209,state_210,state_211,state_212,state_213,state_214,state_215,state_216,state_217,state_218,state_219,state_220,state_221,state_222,state_223,state_224,state_225,state_226,state_227,state_228,state_229,state_230,state_231,state_232,state_233,state_234,state_235,state_236,state_237,state_238,state_239,state_240,state_241,state_242,state_243,state_244,state_245,state_246,state_247,state_248,state_249,state_250,state_251,state_252,state_253,state_254,state_255,state_256,state_257,state_258,state_259,state_260,state_261,state_262,state_263,state_264,state_265,state_266,state_267,state_268,state_269,state_270,state_271,state_272,state_273,state_274,state_275,state_276,state_277,state_278,state_279,state_280,state_281,state_282,state_283,state_284,state_285,state_286,state_287
{'img': array([[[ 0.00000000e+00,  8.85687011e-01,  9.55257752e-01, ...,
          2.14114158e-01, -1.62434853e-01, -1.24046616e-01],
        [-8.85687011e-01,  0.00000000e+00,  1.81546001e-01, ...,
         -7.65737208e-01, -9.49340150e-01, -9.36439022e-01],
        [-9.55257752e-01, -1.81546001e-01,  0.00000000e+00, ...,
         -8.69774495e-01, -9.90615339e-01, -9.84569556e-01],
        ...,
        [-2.14114158e-01,  7.65737208e-01,  8.69774495e-01, ...,
          0.00000000e+00, -3.69938334e-01, -3.33630230e-01],
        [ 1.62434853e-01,  9.49340150e-01,  9.90615339e-01, ...,
          3.69938334e-01,  0.00000000e+00,  3.87810842e-02],
        [ 1.24046616e-01,  9.36439022e-01,  9.84569556e-01, ...,
          3.33630230e-01, -3.87810842e-02,  0.00000000e+00]],

       [[ 0.00000000e+00,  7.79858874e-01,  1.57485656e-01, ...,
         -5.29960175e-01, -5.93872925e-01, -4.31072865e-01],
        [-7.79858874e-01,  0.00000000e+00, -6.71548236e-01, ...,
         -9.93069318e-01, -9.99180314e-01, -9.73512392e-01],
        [-1.57485656e-01,  6.71548236e-01,  0.00000000e+00, ...,
         -6.56898332e-01, -7.13168627e-01, -5.67795628e-01],
        ...,
        [ 5.29960175e-01,  9.93069318e-01,  6.56898332e-01, ...,
          0.00000000e+00, -7.72334701e-02,  1.12632637e-01],
        [ 5.93872925e-01,  9.99180314e-01,  7.13168627e-01, ...,
          7.72334701e-02,  0.00000000e+00,  1.89038218e-01],
        [ 4.31072865e-01,  9.73512392e-01,  5.67795628e-01, ...,
         -1.12632637e-01, -1.89038218e-01,  0.00000000e+00]],

       [[ 0.00000000e+00,  7.19469058e-01,  9.45490936e-01, ...,
          9.74408649e-01,  9.49382944e-01,  8.84331878e-01],
        [-7.19469058e-01,  0.00000000e+00,  4.22372657e-01, ...,
          5.15025643e-01,  4.33369343e-01,  2.78299698e-01],
        [-9.45490936e-01, -4.22372657e-01,  0.00000000e+00, ...,
          1.04783528e-01,  1.21664571e-02, -1.53429480e-01],
        ...,
        [-9.74408649e-01, -5.15025643e-01, -1.04783528e-01, ...,
          0.00000000e+00, -9.26762915e-02, -2.56127708e-01],
        [-9.49382944e-01, -4.33369343e-01, -1.21664571e-02, ...,
          9.26762915e-02,  0.00000000e+00, -1.65440525e-01],
        [-8.84331878e-01, -2.78299698e-01,  1.53429480e-01, ...,
          2.56127708e-01,  1.65440525e-01,  0.00000000e+00]],

       ...,

       [[ 0.00000000e+00,  4.89920187e-01,  7.62659143e-01, ...,
          2.59553869e-02, -2.14722024e-01, -1.21995351e-01],
        [-4.89920187e-01,  0.00000000e+00,  3.47980619e-01, ...,
         -4.67128077e-01, -6.65680535e-01, -5.92612369e-01],
        [-7.62659143e-01, -3.47980619e-01,  0.00000000e+00, ...,
         -7.45614245e-01, -8.83752610e-01, -8.35869259e-01],
        ...,
        [-2.59553869e-02,  4.67128077e-01,  7.45614245e-01, ...,
          0.00000000e+00, -2.39999667e-01, -1.47715769e-01],
        [ 2.14722024e-01,  6.65680535e-01,  8.83752610e-01, ...,
          2.39999667e-01,  0.00000000e+00,  9.39683602e-02],
        [ 1.21995351e-01,  5.92612369e-01,  8.35869259e-01, ...,
          1.47715769e-01, -9.39683602e-02,  0.00000000e+00]],

       [[ 0.00000000e+00,  7.70673073e-01,  9.36942433e-01, ...,
          8.20014494e-01,  8.10496234e-01,  8.10745673e-01],
        [-7.70673073e-01,  0.00000000e+00,  3.27710820e-01, ...,
          8.14492917e-02,  6.50561030e-02,  6.54811701e-02],
        [-9.36942433e-01, -3.27710820e-01,  0.00000000e+00, ...,
         -2.49670491e-01, -2.65553020e-01, -2.65142314e-01],
        ...,
        [-8.20014494e-01, -8.14492917e-02,  2.49670491e-01, ...,
          0.00000000e+00, -1.64367969e-02, -1.60108776e-02],
        [-8.10496234e-01, -6.50561030e-02,  2.65553020e-01, ...,
          1.64367969e-02,  0.00000000e+00,  4.25975346e-04],
        [-8.10745673e-01, -6.54811701e-02,  2.65142314e-01, ...,
          1.60108776e-02, -4.25975346e-04,  0.00000000e+00]],

       [[ 0.00000000e+00, -2.67238342e-01, -4.41679807e-01, ...,
          1.67721902e-01,  1.58828405e-01,  1.69460759e-01],
        [ 2.67238342e-01,  0.00000000e+00, -1.85857158e-01, ...,
          4.25074671e-01,  4.16897962e-01,  4.26670807e-01],
        [ 4.41679807e-01,  1.85857158e-01,  0.00000000e+00, ...,
          5.85898646e-01,  5.78569730e-01,  5.87327339e-01],
        ...,
        [-1.67721902e-01, -4.25074671e-01, -5.85898646e-01, ...,
          0.00000000e+00, -9.01437690e-03,  1.76410778e-03],
        [-1.58828405e-01, -4.16897962e-01, -5.78569730e-01, ...,
          9.01437690e-03,  0.00000000e+00,  1.07783990e-02],
        [-1.69460759e-01, -4.26670807e-01, -5.87327339e-01, ...,
         -1.76410778e-03, -1.07783990e-02,  0.00000000e+00]]]), 'num': array([ 8.30221937e-01,  5.53280582e-01,  4.56998936e-05,  8.84796662e-04,
        9.12537812e-04,  8.74576239e-04,  6.78647800e-02, -1.46006050e-06,
        8.98521231e-04,  8.94214053e-04,  9.53565512e-04,  7.09407926e-06,
        9.52099329e-04,  8.36328776e-04])}
{'img': array([[[ 0.00000000e+00,  1.81546001e-01,  3.78973911e-01, ...,
         -9.49340150e-01, -9.36439022e-01, -9.42993533e-01],
        [-1.81546001e-01,  0.00000000e+00,  2.04672289e-01, ...,
         -9.90615339e-01, -9.84569556e-01, -9.87743810e-01],
        [-3.78973911e-01, -2.04672289e-01,  0.00000000e+00, ...,
         -9.97619041e-01, -9.99543122e-01, -9.98779858e-01],
        ...,
        [ 9.49340150e-01,  9.90615339e-01,  9.97619041e-01, ...,
          0.00000000e+00,  3.87810842e-02,  1.96148500e-02],
        [ 9.36439022e-01,  9.84569556e-01,  9.99543122e-01, ...,
         -3.87810842e-02,  0.00000000e+00, -1.91735287e-02],
        [ 9.42993533e-01,  9.87743810e-01,  9.98779858e-01, ...,
         -1.96148500e-02,  1.91735287e-02,  0.00000000e+00]],

       [[ 0.00000000e+00, -6.71548236e-01, -5.31077755e-01, ...,
         -9.99180314e-01, -9.73512392e-01, -9.88461564e-01],
        [ 6.71548236e-01,  0.00000000e+00,  1.75510507e-01, ...,
         -7.13168627e-01, -5.67795628e-01, -6.30690625e-01],
        [ 5.31077755e-01, -1.75510507e-01,  0.00000000e+00, ...,
         -8.25130060e-01, -7.03456960e-01, -7.57102951e-01],
        ...,
        [ 9.99180314e-01,  7.13168627e-01,  8.25130060e-01, ...,
          0.00000000e+00,  1.89038218e-01,  1.11333954e-01],
        [ 9.73512392e-01,  5.67795628e-01,  7.03456960e-01, ...,
         -1.89038218e-01,  0.00000000e+00, -7.85364039e-02],
        [ 9.88461564e-01,  6.30690625e-01,  7.57102951e-01, ...,
         -1.11333954e-01,  7.85364039e-02,  0.00000000e+00]],

       [[ 0.00000000e+00,  4.82214112e-01,  8.12665458e-01, ...,
          4.93837219e-01,  3.26218337e-01,  1.34229942e-01],
        [-4.82214112e-01,  0.00000000e+00,  4.30937456e-01, ...,
          1.33163846e-02, -1.70049641e-01, -3.60257580e-01],
        [-8.12665458e-01, -4.30937456e-01,  0.00000000e+00, ...,
         -4.18882783e-01, -5.78110767e-01, -7.27091125e-01],
        ...,
        [-4.93837219e-01, -1.33163846e-02,  4.18882783e-01, ...,
          0.00000000e+00, -1.83157002e-01, -3.72647864e-01],
        [-3.26218337e-01,  1.70049641e-01,  5.78110767e-01, ...,
          1.83157002e-01,  0.00000000e+00, -1.96379311e-01],
        [-1.34229942e-01,  3.60257580e-01,  7.27091125e-01, ...,
          3.72647864e-01,  1.96379311e-01,  0.00000000e+00]],

       ...,

       [[ 0.00000000e+00,  3.47980619e-01,  5.88441226e-01, ...,
         -6.65680535e-01, -5.92612369e-01, -6.39138777e-01],
        [-3.47980619e-01,  0.00000000e+00,  2.70308418e-01, ...,
         -8.83752610e-01, -8.35869259e-01, -8.66822619e-01],
        [-5.88441226e-01, -2.70308418e-01,  0.00000000e+00, ...,
         -9.77345859e-01, -9.53133025e-01, -9.69334366e-01],
        ...,
        [ 6.65680535e-01,  8.83752610e-01,  9.77345859e-01, ...,
          0.00000000e+00,  9.39683602e-02,  3.50202900e-02],
        [ 5.92612369e-01,  8.35869259e-01,  9.53133025e-01, ...,
         -9.39683602e-02,  0.00000000e+00, -5.90453885e-02],
        [ 6.39138777e-01,  8.66822619e-01,  9.69334366e-01, ...,
         -3.50202900e-02,  5.90453885e-02,  0.00000000e+00]],

       [[ 0.00000000e+00,  4.42333896e-01,  7.04682627e-01, ...,
          1.00282632e-01,  1.00908725e-01,  1.01039361e-01],
        [-4.42333896e-01,  0.00000000e+00,  3.18149010e-01, ...,
         -3.50165564e-01, -3.49576050e-01, -3.49453025e-01],
        [-7.04682627e-01, -3.18149010e-01,  0.00000000e+00, ...,
         -6.29977517e-01, -6.29488680e-01, -6.29386649e-01],
        ...,
        [-1.00282632e-01,  3.50165564e-01,  6.29977517e-01, ...,
          0.00000000e+00,  6.29285314e-04,  7.60591631e-04],
        [-1.00908725e-01,  3.49576050e-01,  6.29488680e-01, ...,
         -6.29285314e-04,  0.00000000e+00,  1.31306348e-04],
        [-1.01039361e-01,  3.49453025e-01,  6.29386649e-01, ...,
         -7.60591631e-04, -1.31306348e-04,  0.00000000e+00]],

       [[ 0.00000000e+00, -1.85857158e-01, -3.52299580e-01, ...,
          4.16897962e-01,  4.26670807e-01,  4.34412024e-01],
        [ 1.85857158e-01,  0.00000000e+00, -1.72220035e-01, ...,
          5.78569730e-01,  5.87327339e-01,  5.94247359e-01],
        [ 3.52299580e-01,  1.72220035e-01,  0.00000000e+00, ...,
          7.10393365e-01,  7.17937988e-01,  7.23881947e-01],
        ...,
        [-4.16897962e-01, -5.78569730e-01, -7.10393365e-01, ...,
          0.00000000e+00,  1.07783990e-02,  1.93542965e-02],
        [-4.26670807e-01, -5.87327339e-01, -7.17937988e-01, ...,
         -1.07783990e-02,  0.00000000e+00,  8.57679222e-03],
        [-4.34412024e-01, -5.94247359e-01, -7.23881947e-01, ...,
         -1.93542965e-02, -8.57679222e-03,  0.00000000e+00]]]), 'num': array([ 7.07069432e-01,  7.07069432e-01,  0.00000000e+00,  9.86219775e-05,
        1.01965095e-04,  9.82876657e-05,  1.02739194e-02, -2.67449431e-06,
        1.01497059e-04,  1.02282692e-04,  1.08876992e-04,  7.89857521e-07,
        1.09062630e-04,  9.55027529e-05])}
{'img': array([[[ 0.00000000e+00,  2.04672289e-01,  3.29024255e-01, ...,
         -9.84569556e-01, -9.87743810e-01, -9.62799992e-01],
        [-2.04672289e-01,  0.00000000e+00,  1.28782557e-01, ...,
         -9.99543122e-01, -9.98779858e-01, -8.87112516e-01],
        [-3.29024255e-01, -1.28782557e-01,  0.00000000e+00, ...,
         -9.87327338e-01, -9.84103057e-01, -8.20285398e-01],
        ...,
        [ 9.84569556e-01,  9.99543122e-01,  9.87327338e-01, ...,
          0.00000000e+00, -1.91735287e-02, -4.34529433e-01],
        [ 9.87743810e-01,  9.98779858e-01,  9.84103057e-01, ...,
          1.91735287e-02,  0.00000000e+00, -4.17180769e-01],
        [ 9.62799992e-01,  8.87112516e-01,  8.20285398e-01, ...,
          4.34529433e-01,  4.17180769e-01,  0.00000000e+00]],

       [[ 0.00000000e+00,  1.75510507e-01, -3.76979898e-01, ...,
         -5.67795628e-01, -6.30690625e-01, -5.22838009e-01],
        [-1.75510507e-01,  0.00000000e+00, -5.33689844e-01, ...,
         -7.03456960e-01, -7.57102951e-01, -6.64333069e-01],
        [ 3.76979898e-01,  5.33689844e-01,  0.00000000e+00, ...,
         -2.15586108e-01, -2.91609823e-01, -1.62914023e-01],
        ...,
        [ 5.67795628e-01,  7.03456960e-01,  2.15586108e-01, ...,
          0.00000000e+00, -7.85364039e-02,  5.36228630e-02],
        [ 6.30690625e-01,  7.57102951e-01,  2.91609823e-01, ...,
          7.85364039e-02,  0.00000000e+00,  1.31880646e-01],
        [ 5.22838009e-01,  6.64333069e-01,  1.62914023e-01, ...,
         -5.36228630e-02, -1.31880646e-01,  0.00000000e+00]],

       [[ 0.00000000e+00,  4.30937456e-01,  7.94521321e-01, ...,
         -1.70049641e-01, -3.60257580e-01, -5.36507811e-01],
        [-4.30937456e-01,  0.00000000e+00,  4.55280730e-01, ...,
         -5.78110767e-01, -7.27091125e-01, -8.47801000e-01],
        [-7.94521321e-01, -4.55280730e-01,  0.00000000e+00, ...,
         -8.86209820e-01, -9.59932958e-01, -9.96279846e-01],
        ...,
        [ 1.70049641e-01,  5.78110767e-01,  8.86209820e-01, ...,
          0.00000000e+00, -1.96379311e-01, -3.85189740e-01],
        [ 3.60257580e-01,  7.27091125e-01,  9.59932958e-01, ...,
          1.96379311e-01,  0.00000000e+00, -1.96463154e-01],
        [ 5.36507811e-01,  8.47801000e-01,  9.96279846e-01, ...,
          3.85189740e-01,  1.96463154e-01,  0.00000000e+00]],

       ...,

       [[ 0.00000000e+00,  2.70308418e-01,  6.30452422e-01, ...,
         -8.35869259e-01, -8.66822619e-01, -8.89333847e-01],
        [-2.70308418e-01,  0.00000000e+00,  3.97162131e-01, ...,
         -9.53133025e-01, -9.69334366e-01, -9.79828127e-01],
        [-6.30452422e-01, -3.97162131e-01,  0.00000000e+00, ...,
         -9.94898385e-01, -9.87205960e-01, -9.78605449e-01],
        ...,
        [ 8.35869259e-01,  9.53133025e-01,  9.94898385e-01, ...,
          0.00000000e+00, -5.90453885e-02, -1.05972464e-01],
        [ 8.66822619e-01,  9.69334366e-01,  9.87205960e-01, ...,
          5.90453885e-02,  0.00000000e+00, -4.70746657e-02],
        [ 8.89333847e-01,  9.79828127e-01,  9.78605449e-01, ...,
          1.05972464e-01,  4.70746657e-02,  0.00000000e+00]],

       [[ 0.00000000e+00,  3.18149010e-01,  5.58273712e-01, ...,
         -3.49576050e-01, -3.49453025e-01, -3.42363680e-01],
        [-3.18149010e-01,  0.00000000e+00,  2.65311712e-01, ...,
         -6.29488680e-01, -6.29386649e-01, -6.23497183e-01],
        [-5.58273712e-01, -2.65311712e-01,  0.00000000e+00, ...,
         -8.13079262e-01, -8.13002814e-01, -8.08580210e-01],
        ...,
        [ 3.49576050e-01,  6.29488680e-01,  8.13079262e-01, ...,
          0.00000000e+00,  1.31306348e-04,  7.68703233e-03],
        [ 3.49453025e-01,  6.29386649e-01,  8.13002814e-01, ...,
         -1.31306348e-04,  0.00000000e+00,  7.55572980e-03],
        [ 3.42363680e-01,  6.23497183e-01,  8.08580210e-01, ...,
         -7.68703233e-03, -7.55572980e-03,  0.00000000e+00]],

       [[ 0.00000000e+00, -1.72220035e-01, -3.76877841e-01, ...,
          5.87327339e-01,  5.94247359e-01,  5.79568158e-01],
        [ 1.72220035e-01,  0.00000000e+00, -2.11725682e-01, ...,
          7.17937988e-01,  7.23881947e-01,  7.11254744e-01],
        [ 3.76877841e-01,  2.11725682e-01,  0.00000000e+00, ...,
          8.49045455e-01,  8.53545515e-01,  8.43959235e-01],
        ...,
        [-5.87327339e-01, -7.17937988e-01, -8.49045455e-01, ...,
          0.00000000e+00,  8.57679222e-03, -9.55381642e-03],
        [-5.94247359e-01, -7.23881947e-01, -8.53545515e-01, ...,
         -8.57679222e-03,  0.00000000e+00, -1.81298658e-02],
        [-5.79568158e-01, -7.11254744e-01, -8.43959235e-01, ...,
          9.55381642e-03,  1.81298658e-02,  0.00000000e+00]]]), 'num': array([ 7.07032303e-01,  7.07032303e-01,  0.00000000e+00,  9.31009439e-05,
        9.91182401e-05,  9.27666497e-05,  1.45108769e-02, -5.51585484e-06,
        9.91182401e-05,  1.02026600e-04,  1.08450621e-04,  7.04639805e-07,
        1.09713478e-04,  9.43397223e-05])}
