state_0,state_1,state_2,state_3,state_4,state_5,state_6,state_7,state_8,state_9,state_10,state_11,state_12,state_13,state_14,state_15,state_16,state_17,state_18,state_19,state_20,state_21,state_22,state_23,state_24,state_25,state_26,state_27,state_28,state_29,state_30,state_31,state_32,state_33,state_34,state_35,state_36,state_37,state_38,state_39,state_40,state_41,state_42,state_43,state_44,state_45,state_46,state_47,state_48,state_49,state_50,state_51,state_52,state_53,state_54,state_55,state_56,state_57,state_58,state_59,state_60,state_61,state_62,state_63,state_64,state_65,state_66,state_67,state_68,state_69,state_70,state_71,state_72,state_73,state_74,state_75,state_76,state_77,state_78,state_79,state_80,state_81,state_82,state_83,state_84,state_85,state_86,state_87,state_88,state_89,state_90,state_91,state_92,state_93,state_94,state_95,state_96,state_97,state_98,state_99,state_100,state_101,state_102,state_103,state_104,state_105,state_106,state_107,state_108,state_109,state_110,state_111,state_112,state_113,state_114,state_115,state_116,state_117,state_118,state_119,state_120,state_121,state_122,state_123,state_124,state_125,state_126,state_127,state_128,state_129,state_130,state_131,state_132,state_133,state_134,state_135,state_136,state_137,state_138,state_139,state_140,state_141,state_142,state_143,state_144,state_145,state_146,state_147,state_148,state_149,state_150,state_151,state_152,state_153,state_154,state_155,state_156,state_157,state_158,state_159,state_160,state_161,state_162,state_163,state_164,state_165,state_166,state_167,state_168,state_169,state_170,state_171,state_172,state_173,state_174,state_175,state_176,state_177,state_178,state_179,state_180,state_181,state_182,state_183,state_184,state_185,state_186,state_187,state_188,state_189,state_190,state_191,state_192,state_193,state_194,state_195,state_196,state_197,state_198,state_199,state_200,state_201,state_202,state_203,state_204,state_205,state_206,state_207,state_208,state_209,state_210,state_211,state_212,state_213,state_214,state_215,state_216,state_217,state_218,state_219,state_220,state_221,state_222,state_223,state_224,state_225,state_226,state_227,state_228,state_229,state_230,state_231,state_232,state_233,state_234,state_235,state_236,state_237,state_238,state_239,state_240,state_241,state_242,state_243,state_244,state_245,state_246,state_247,state_248,state_249,state_250,state_251,state_252,state_253,state_254,state_255,state_256,state_257,state_258,state_259,state_260,state_261,state_262,state_263,state_264,state_265,state_266,state_267,state_268,state_269,state_270,state_271,state_272,state_273,state_274,state_275,state_276,state_277,state_278,state_279,state_280,state_281,state_282,state_283,state_284,state_285,state_286,state_287
{'img': array([[[ 0.        ,  0.02141552, -0.08820256, ...,  0.3355326 ,
          0.34457548,  0.28965937],
        [-0.02141552,  0.        , -0.10951438, ...,  0.31528163,
          0.32439246,  0.26909551],
        [ 0.08820256,  0.10951438,  0.        , ...,  0.41731422,
          0.42603343,  0.37295174],
        ...,
        [-0.3355326 , -0.31528163, -0.41731422, ...,  0.        ,
          0.00961583, -0.04828085],
        [-0.34457548, -0.32439246, -0.42603343, ..., -0.00961583,
          0.        , -0.05788323],
        [-0.28965937, -0.26909551, -0.37295174, ...,  0.04828085,
          0.05788323,  0.        ]],

       [[ 0.        , -0.21764379, -0.29739575, ..., -0.66482578,
         -0.55044281, -0.64178794],
        [ 0.21764379,  0.        , -0.08247032, ..., -0.48630918,
         -0.35554285, -0.45949604],
        [ 0.29739575,  0.08247032,  0.        , ..., -0.41259111,
         -0.27724999, -0.3846823 ],
        ...,
        [ 0.66482578,  0.48630918,  0.41259111, ...,  0.        ,
          0.14386509,  0.03042843],
        [ 0.55044281,  0.35554285,  0.27724999, ..., -0.14386509,
          0.        , -0.11368658],
        [ 0.64178794,  0.45949604,  0.3846823 , ..., -0.03042843,
          0.11368658,  0.        ]],

       [[ 0.        ,  0.1899384 ,  0.25495458, ...,  0.8525899 ,
          0.83274144,  0.80453645],
        [-0.1899384 ,  0.        ,  0.06665188, ...,  0.73781124,
          0.71242054,  0.67708564],
        [-0.25495458, -0.06665188,  0.        , ...,  0.69118007,
          0.66406318,  0.6265306 ],
        ...,
        [-0.8525899 , -0.73781124, -0.69118007, ...,  0.        ,
         -0.03687219, -0.08592081],
        [-0.83274144, -0.71242054, -0.66406318, ...,  0.03687219,
          0.        , -0.04912655],
        [-0.80453645, -0.67708564, -0.6265306 , ...,  0.08592081,
          0.04912655,  0.        ]],

       ...,

       [[ 0.        ,  0.44697285, -0.07248368, ..., -0.99339892,
         -0.99657591, -0.97759652],
        [-0.44697285,  0.        , -0.51063723, ..., -0.83736988,
         -0.8545275 , -0.96858881],
        [ 0.07248368,  0.51063723,  0.        , ..., -0.99910055,
         -0.99994767, -0.95976813],
        ...,
        [ 0.99339892,  0.83736988,  0.99910055, ...,  0.        ,
          0.03218102,  0.32123918],
        [ 0.99657591,  0.8545275 ,  0.99994767, ..., -0.03218102,
          0.        ,  0.29059743],
        [ 0.97759652,  0.96858881,  0.95976813, ..., -0.32123918,
         -0.29059743,  0.        ]],

       [[ 0.        ,  0.43272489,  0.54045876, ...,  0.7364549 ,
          0.77938997,  0.84343353],
        [-0.43272489,  0.        ,  0.12315567, ...,  0.95666587,
          0.97375941,  0.9928516 ],
        [-0.54045876, -0.12315567,  0.        , ...,  0.98524457,
          0.99437429,  0.99999267],
        ...,
        [-0.7364549 , -0.95666587, -0.98524457, ...,  0.        ,
         -0.06582909, -0.17492325],
        [-0.77938997, -0.97375941, -0.99437429, ...,  0.06582909,
          0.        , -0.10972968],
        [-0.84343353, -0.9928516 , -0.99999267, ...,  0.17492325,
          0.10972968,  0.        ]],

       [[ 0.        , -0.13189682, -0.19020193, ...,  0.97302429,
          0.98186362,  0.98567987],
        [ 0.13189682,  0.        , -0.05905118, ...,  0.93409446,
          0.94827939,  0.95482701],
        [ 0.19020193,  0.05905118,  0.        , ...,  0.91138162,
          0.92787957,  0.93561302],
        ...,
        [-0.97302429, -0.93409446, -0.91138162, ...,  0.        ,
         -0.04204427, -0.06332046],
        [-0.98186362, -0.94827939, -0.92787957, ...,  0.04204427,
          0.        , -0.02130457],
        [-0.98567987, -0.95482701, -0.93561302, ...,  0.06332046,
          0.02130457,  0.        ]]]), 'num': array([9.99989701e-01, 1.39361550e-03, 1.61585127e-05, 9.92640244e-04,
       1.01191481e-03, 9.83002960e-04, 3.24654396e-03, 1.12434979e-05,
       9.91676516e-04, 1.02291738e-03, 1.00174212e-03, 8.32851697e-07,
       1.10588436e-03, 9.39950400e-04])}
{'img': array([[[ 0.        , -0.10951438, -0.26251403, ...,  0.32439246,
          0.26909551,  0.33346158],
        [ 0.10951438,  0.        , -0.15526155, ...,  0.42603343,
          0.37295174,  0.43470206],
        [ 0.26251403,  0.15526155,  0.        , ...,  0.56133337,
          0.51248864,  0.56925516],
        ...,
        [-0.32439246, -0.42603343, -0.56133337, ...,  0.        ,
         -0.05788323,  0.00960341],
        [-0.26909551, -0.37295174, -0.51248864, ...,  0.05788323,
          0.        ,  0.06746787],
        [-0.33346158, -0.43470206, -0.56925516, ..., -0.00960341,
         -0.06746787,  0.        ]],

       [[ 0.        , -0.08247032, -0.48370461, ..., -0.35554285,
         -0.45949604, -0.25167719],
        [ 0.08247032,  0.        , -0.40987628, ..., -0.27724999,
         -0.3846823 , -0.17100416],
        [ 0.48370461,  0.40987628,  0.        , ...,  0.14091712,
          0.02745136,  0.247859  ],
        ...,
        [ 0.35554285,  0.27724999, -0.14091712, ...,  0.        ,
         -0.11368658,  0.10886576],
        [ 0.45949604,  0.3846823 , -0.02745136, ...,  0.11368658,
          0.        ,  0.22117082],
        [ 0.25167719,  0.17100416, -0.247859  , ..., -0.10886576,
         -0.22117082,  0.        ]],

       [[ 0.        ,  0.06665188,  0.1202264 , ...,  0.71242054,
          0.67708564,  0.67163946],
        [-0.06665188,  0.        ,  0.05379063, ...,  0.66406318,
          0.6265306 ,  0.620765  ],
        [-0.1202264 , -0.05379063,  0.        , ...,  0.62288378,
          0.58369928,  0.57769461],
        ...,
        [-0.71242054, -0.66406318, -0.62288378, ...,  0.        ,
         -0.04912655, -0.05649195],
        [-0.67708564, -0.6265306 , -0.58369928, ...,  0.04912655,
          0.        , -0.00737564],
        [-0.67163946, -0.620765  , -0.57769461, ...,  0.05649195,
          0.00737564,  0.        ]],

       ...,

       [[ 0.        , -0.51063723, -0.61781389, ..., -0.8545275 ,
         -0.96858881, -0.91098828],
        [ 0.51063723,  0.        , -0.12966758, ..., -0.99994767,
         -0.95976813, -0.57266105],
        [ 0.61781389,  0.12966758,  0.        , ..., -0.99283212,
         -0.91525545, -0.4615259 ],
        ...,
        [ 0.8545275 ,  0.99994767,  0.99283212, ...,  0.        ,
          0.29059743,  0.82560762],
        [ 0.96858881,  0.95976813,  0.91525545, ..., -0.29059743,
          0.        ,  0.62601081],
        [ 0.91098828,  0.57266105,  0.4615259 , ..., -0.82560762,
         -0.62601081,  0.        ]],

       [[ 0.        ,  0.14552832,  0.18673711, ...,  0.95282417,
          0.98062239,  0.99999988],
        [-0.14552832,  0.        ,  0.04178065, ...,  0.98685165,
          0.99869285,  0.98928268],
        [-0.18673711, -0.04178065,  0.        , ...,  0.99274289,
          0.99995635,  0.98231833],
        ...,
        [-0.95282417, -0.98685165, -0.99274289, ...,  0.        ,
         -0.1109759 , -0.3039895 ],
        [-0.98062239, -0.99869285, -0.99995635, ...,  0.1109759 ,
          0.        , -0.19638777],
        [-0.99999988, -0.98928268, -0.98231833, ...,  0.3039895 ,
          0.19638777,  0.        ]],

       [[ 0.        , -0.05905118,  0.26015773, ...,  0.94827939,
          0.95482701,  0.93172934],
        [ 0.05905118,  0.        ,  0.31672156, ...,  0.92787957,
          0.93561302,  0.9086588 ],
        [-0.26015773, -0.31672156,  0.        , ...,  0.99821013,
          0.99925767,  0.99412348],
        ...,
        [-0.94827939, -0.92787957, -0.99821013, ...,  0.        ,
         -0.02130457,  0.04860563],
        [-0.95482701, -0.93561302, -0.99925767, ...,  0.02130457,
          0.        ,  0.06987398],
        [-0.93172934, -0.9086588 , -0.99412348, ..., -0.04860563,
         -0.06987398,  0.        ]]]), 'num': array([ 7.07105833e-01,  7.07105833e-01,  0.00000000e+00,  4.47054514e-04,
        4.50706920e-04,  4.41941145e-04,  1.01626010e-03, -4.38288739e-06,
        4.49099861e-04,  4.62029379e-04,  4.55917686e-04,  3.34437191e-07,
        4.94231922e-04,  4.29826837e-04])}
{'img': array([[[ 0.        , -0.15526155, -0.3024364 , ...,  0.37295174,
          0.43470206,  0.38192724],
        [ 0.15526155,  0.        , -0.15077829, ...,  0.51248864,
          0.56925516,  0.5207873 ],
        [ 0.3024364 ,  0.15077829,  0.        , ...,  0.63610208,
          0.68671123,  0.64355084],
        ...,
        [-0.37295174, -0.51248864, -0.63610208, ...,  0.        ,
          0.06746787,  0.00969231],
        [-0.43470206, -0.56925516, -0.68671123, ..., -0.06746787,
          0.        , -0.05779448],
        [-0.38192724, -0.5207873 , -0.64355084, ..., -0.00969231,
          0.05779448,  0.        ]],

       [[ 0.        , -0.40987628, -0.28302783, ..., -0.3846823 ,
         -0.17100416, -0.39653501],
        [ 0.40987628,  0.        ,  0.13495581, ...,  0.02745136,
          0.247859  ,  0.01457856],
        [ 0.28302783, -0.13495581,  0.        , ..., -0.10770473,
          0.11484683, -0.12049627],
        ...,
        [ 0.3846823 , -0.02745136,  0.10770473, ...,  0.        ,
          0.22117082, -0.01287537],
        [ 0.17100416, -0.247859  , -0.11484683, ..., -0.22117082,
          0.        , -0.233709  ],
        [ 0.39653501, -0.01457856,  0.12049627, ...,  0.01287537,
          0.233709  ,  0.        ]],

       [[ 0.        ,  0.05379063,  0.04135005, ...,  0.6265306 ,
          0.620765  ,  0.59537055],
        [-0.05379063,  0.        , -0.01245444, ...,  0.58369928,
          0.57769461,  0.55129045],
        [-0.04135005,  0.01245444,  0.        , ...,  0.59376664,
          0.58781577,  0.5616386 ],
        ...,
        [-0.6265306 , -0.58369928, -0.59376664, ...,  0.        ,
         -0.00737564, -0.03935687],
        [-0.620765  , -0.57769461, -0.58781577, ...,  0.00737564,
          0.        , -0.03198587],
        [-0.59537055, -0.55129045, -0.5616386 , ...,  0.03935687,
          0.03198587,  0.        ]],

       ...,

       [[ 0.        , -0.12966758, -0.53823264, ..., -0.95976813,
         -0.57266105, -0.73829189],
        [ 0.12966758,  0.        , -0.42440526, ..., -0.91525545,
         -0.4615259 , -0.64460051],
        [ 0.53823264,  0.42440526,  0.        , ..., -0.65775666,
         -0.04139768, -0.25920181],
        ...,
        [ 0.95976813,  0.91525545,  0.65775666, ...,  0.        ,
          0.62601081,  0.44003793],
        [ 0.57266105,  0.4615259 ,  0.04139768, ..., -0.62601081,
          0.        , -0.21899676],
        [ 0.73829189,  0.64460051,  0.25920181, ..., -0.44003793,
          0.21899676,  0.        ]],

       [[ 0.        ,  0.04178065,  0.00606463, ...,  0.99869285,
          0.98928268,  0.95500998],
        [-0.04178065,  0.        , -0.03572055, ...,  0.99995635,
          0.98231833,  0.94178503],
        [-0.00606463,  0.03572055,  0.        , ...,  0.99898447,
          0.98837897,  0.95319381],
        ...,
        [-0.99869285, -0.99995635, -0.99898447, ...,  0.        ,
         -0.19638777, -0.3449999 ],
        [-0.98928268, -0.98231833, -0.98837897, ...,  0.19638777,
          0.        , -0.15395138],
        [-0.95500998, -0.94178503, -0.95319381, ...,  0.3449999 ,
          0.15395138,  0.        ]],

       [[ 0.        ,  0.31672156,  0.52545555, ...,  0.93561302,
          0.9086588 ,  0.8861239 ],
        [-0.31672156,  0.        ,  0.22893097, ...,  0.99925767,
          0.99412348,  0.98728907],
        [-0.52545555, -0.22893097,  0.        , ...,  0.98153941,
          0.99250446,  0.99745441],
        ...,
        [-0.93561302, -0.99925767, -0.98153941, ...,  0.        ,
          0.06987398,  0.12078245],
        [-0.9086588 , -0.99412348, -0.99250446, ..., -0.06987398,
          0.        ,  0.0511248 ],
        [-0.8861239 , -0.98728907, -0.99745441, ..., -0.12078245,
         -0.0511248 ,  0.        ]]]), 'num': array([ 9.98581519e-01,  5.31829916e-02,  1.59965910e-05,  6.30265685e-04,
        6.55860230e-04,  6.29199245e-04,  1.75599911e-03, -2.23952274e-05,
        6.50314745e-04,  6.69030757e-04,  6.65902535e-04,  3.40820839e-07,
        7.09292340e-04,  6.28769174e-04])}
