state_0,state_1,state_2,state_3,state_4,state_5,state_6,state_7,state_8,state_9,state_10,state_11,state_12,state_13,state_14,state_15,state_16,state_17,state_18,state_19,state_20,state_21,state_22,state_23,state_24,state_25,state_26,state_27,state_28,state_29,state_30,state_31,state_32,state_33,state_34,state_35,state_36,state_37,state_38,state_39,state_40,state_41,state_42,state_43,state_44,state_45,state_46,state_47,state_48,state_49,state_50,state_51,state_52,state_53,state_54,state_55,state_56,state_57,state_58,state_59,state_60,state_61,state_62,state_63,state_64,state_65,state_66,state_67,state_68,state_69,state_70,state_71,state_72,state_73,state_74,state_75,state_76,state_77,state_78,state_79,state_80,state_81,state_82,state_83,state_84,state_85,state_86,state_87,state_88,state_89,state_90,state_91,state_92,state_93,state_94,state_95,state_96,state_97,state_98,state_99,state_100,state_101,state_102,state_103,state_104,state_105,state_106,state_107,state_108,state_109,state_110,state_111,state_112,state_113,state_114,state_115,state_116,state_117,state_118,state_119,state_120,state_121,state_122,state_123,state_124,state_125,state_126,state_127,state_128,state_129,state_130,state_131,state_132,state_133,state_134,state_135,state_136,state_137,state_138,state_139,state_140,state_141,state_142,state_143,state_144,state_145,state_146,state_147,state_148,state_149,state_150,state_151,state_152,state_153,state_154,state_155,state_156,state_157,state_158,state_159,state_160,state_161,state_162,state_163,state_164,state_165,state_166,state_167,state_168,state_169,state_170,state_171,state_172,state_173,state_174,state_175,state_176,state_177,state_178,state_179,state_180,state_181,state_182,state_183,state_184,state_185,state_186,state_187,state_188,state_189,state_190,state_191,state_192,state_193,state_194,state_195,state_196,state_197,state_198,state_199,state_200,state_201,state_202,state_203,state_204,state_205,state_206,state_207,state_208,state_209,state_210,state_211,state_212,state_213,state_214,state_215,state_216,state_217,state_218,state_219,state_220,state_221,state_222,state_223,state_224,state_225,state_226,state_227,state_228,state_229,state_230,state_231,state_232,state_233,state_234,state_235,state_236,state_237,state_238,state_239,state_240,state_241,state_242,state_243,state_244,state_245,state_246,state_247,state_248,state_249,state_250,state_251,state_252,state_253,state_254,state_255,state_256,state_257,state_258,state_259,state_260,state_261,state_262,state_263,state_264,state_265,state_266,state_267,state_268,state_269,state_270,state_271,state_272,state_273,state_274,state_275,state_276,state_277,state_278,state_279,state_280,state_281,state_282,state_283,state_284,state_285,state_286,state_287
{'img': array([[[ 0.00000000e+00, -4.23529412e-01, -3.69044403e-01, ...,
         -6.44379479e-01, -9.00288304e-01, -8.75976963e-01],
        [ 4.23529412e-01,  0.00000000e+00,  5.93224056e-02, ...,
         -9.07607432e-01, -9.99915149e-01, -9.97822730e-01],
        [ 3.69044403e-01, -5.93224056e-02,  0.00000000e+00, ...,
         -8.81104295e-01, -9.97381400e-01, -9.92152949e-01],
        ...,
        [ 6.44379479e-01,  9.07607432e-01,  8.81104295e-01, ...,
          0.00000000e+00,  4.07961165e-01,  3.59046399e-01],
        [ 9.00288304e-01,  9.99915149e-01,  9.97381400e-01, ...,
         -4.07961165e-01,  0.00000000e+00, -5.29490923e-02],
        [ 8.75976963e-01,  9.97822730e-01,  9.92152949e-01, ...,
         -3.59046399e-01,  5.29490923e-02,  0.00000000e+00]],

       [[ 0.00000000e+00, -8.65395467e-02, -5.38324152e-01, ...,
         -4.92285330e-02,  6.52812865e-02, -1.30555491e-01],
        [ 8.65395467e-02,  0.00000000e+00, -4.63374431e-01, ...,
          3.73907730e-02,  1.51391328e-01, -4.42668463e-02],
        [ 5.38324152e-01,  4.63374431e-01,  0.00000000e+00, ...,
          4.96184707e-01,  5.92190865e-01,  4.23692581e-01],
        ...,
        [ 4.92285330e-02, -3.73907730e-02, -4.96184707e-01, ...,
          0.00000000e+00,  1.14325659e-01, -8.15900118e-02],
        [-6.52812865e-02, -1.51391328e-01, -5.92190865e-01, ...,
         -1.14325659e-01,  0.00000000e+00, -1.94999548e-01],
        [ 1.30555491e-01,  4.42668463e-02, -4.23692581e-01, ...,
          8.15900118e-02,  1.94999548e-01,  0.00000000e+00]],

       [[ 0.00000000e+00, -4.79992252e-01, -5.61800529e-01, ...,
         -8.00000000e-01, -7.39890544e-01, -6.45646578e-01],
        [ 4.79992252e-01,  0.00000000e+00, -9.57677831e-02, ...,
         -9.89813533e-01, -9.71989674e-01, -9.32947673e-01],
        [ 5.61800529e-01,  9.57677831e-02,  0.00000000e+00, ...,
         -9.98898499e-01, -9.90029806e-01, -9.63137119e-01],
        ...,
        [ 8.00000000e-01,  9.89813533e-01,  9.98898499e-01, ...,
          0.00000000e+00, -9.42474920e-02, -2.23521144e-01],
        [ 7.39890544e-01,  9.71989674e-01,  9.90029806e-01, ...,
          9.42474920e-02,  0.00000000e+00, -1.30663262e-01],
        [ 6.45646578e-01,  9.32947673e-01,  9.63137119e-01, ...,
          2.23521144e-01,  1.30663262e-01,  0.00000000e+00]],

       ...,

       [[ 0.00000000e+00, -4.63229899e-01, -5.19285895e-01, ...,
         -7.07889383e-01, -5.22860301e-01, -7.04548587e-01],
        [ 4.63229899e-01,  0.00000000e+00, -6.43344292e-02, ...,
         -3.00168501e-01, -6.85130631e-02, -2.95664075e-01],
        [ 5.19285895e-01,  6.43344292e-02,  0.00000000e+00, ...,
         -2.38178947e-01, -4.18787374e-03, -2.33593412e-01],
        ...,
        [ 7.07889383e-01,  3.00168501e-01,  2.38178947e-01, ...,
          0.00000000e+00,  2.34109506e-01,  4.71868092e-03],
        [ 5.22860301e-01,  6.85130631e-02,  4.18787374e-03, ...,
         -2.34109506e-01,  0.00000000e+00, -2.29519350e-01],
        [ 7.04548587e-01,  2.95664075e-01,  2.33593412e-01, ...,
         -4.71868092e-03,  2.29519350e-01,  0.00000000e+00]],

       [[ 0.00000000e+00, -1.10133719e-01, -1.91953761e-01, ...,
         -8.67989258e-01, -8.68396344e-01, -8.73187844e-01],
        [ 1.10133719e-01,  0.00000000e+00, -8.27003946e-02, ...,
         -8.08018558e-01, -8.08501609e-01, -8.14198656e-01],
        [ 1.91953761e-01,  8.27003946e-02,  0.00000000e+00, ...,
         -7.56527135e-01, -7.57063367e-01, -7.63394859e-01],
        ...,
        [ 8.67989258e-01,  8.08018558e-01,  7.56527135e-01, ...,
          0.00000000e+00, -8.20363406e-04, -1.05662930e-02],
        [ 8.68396344e-01,  8.08501609e-01,  7.57063367e-01, ...,
          8.20363406e-04,  0.00000000e+00, -9.74597185e-03],
        [ 8.73187844e-01,  8.14198656e-01,  7.63394859e-01, ...,
          1.05662930e-02,  9.74597185e-03,  0.00000000e+00]],

       [[ 0.00000000e+00,  1.28396733e-01,  2.69758853e-01, ...,
         -8.72226554e-01, -9.05905716e-01, -9.35286586e-01],
        [-1.28396733e-01,  0.00000000e+00,  1.43889230e-01, ...,
         -9.27806142e-01, -9.52780806e-01, -9.72983588e-01],
        [-2.69758853e-01, -1.43889230e-01,  0.00000000e+00, ...,
         -9.71830908e-01, -9.86559226e-01, -9.96078850e-01],
        ...,
        [ 8.72226554e-01,  9.27806142e-01,  9.71830908e-01, ...,
          0.00000000e+00, -7.37103543e-02, -1.48777281e-01],
        [ 9.05905716e-01,  9.52780806e-01,  9.86559226e-01, ...,
          7.37103543e-02,  0.00000000e+00, -7.54825487e-02],
        [ 9.35286586e-01,  9.72983588e-01,  9.96078850e-01, ...,
          1.48777281e-01,  7.54825487e-02,  0.00000000e+00]]]), 'num': array([ 9.99911573e-01,  2.44625584e-04,  5.08736360e-05,  7.71943589e-04,
        7.87657453e-04,  7.69979356e-04,  1.31033201e-02, -5.89269915e-06,
        7.68015123e-04,  8.21147627e-04,  8.08347375e-04,  1.33060949e-06,
        8.97419330e-04,  7.44875924e-04])}
{'img': array([[[ 0.        ,  0.2195122 ,  0.        , ..., -0.97881062,
         -0.96625352, -0.94105146],
        [-0.2195122 ,  0.        , -0.2195122 , ..., -0.9099882 ,
         -0.88614157, -0.84384604],
        [ 0.        ,  0.2195122 ,  0.        , ..., -0.97881062,
         -0.96625352, -0.94105146],
        ...,
        [ 0.97881062,  0.9099882 ,  0.97881062, ...,  0.        ,
         -0.0542773 , -0.13839897],
        [ 0.96625352,  0.88614157,  0.96625352, ...,  0.0542773 ,
          0.        , -0.08443999],
        [ 0.94105146,  0.84384604,  0.94105146, ...,  0.13839897,
          0.08443999,  0.        ]],

       [[ 0.        , -0.46337443, -0.15149238, ...,  0.15139133,
         -0.04426685, -0.08738795],
        [ 0.46337443,  0.        ,  0.32377948, ...,  0.59219087,
          0.42369258,  0.38416179],
        [ 0.15149238, -0.32377948,  0.        , ...,  0.2993903 ,
          0.10758794,  0.06453346],
        ...,
        [-0.15139133, -0.59219087, -0.2993903 , ...,  0.        ,
         -0.19499955, -0.23719287],
        [ 0.04426685, -0.42369258, -0.10758794, ...,  0.19499955,
          0.        , -0.04320479],
        [ 0.08738795, -0.38416179, -0.06453346, ...,  0.23719287,
          0.04320479,  0.        ]],

       [[ 0.        , -0.3220248 , -0.46790789, ..., -0.75879312,
         -0.66349128, -0.65240647],
        [ 0.3220248 ,  0.        , -0.15838483, ..., -0.92811811,
         -0.86908172, -0.86170627],
        [ 0.46790789,  0.15838483,  0.        , ..., -0.97536733,
         -0.93645969, -0.93119499],
        ...,
        [ 0.75879312,  0.92811811,  0.97536733, ...,  0.        ,
         -0.13556397, -0.15013294],
        [ 0.66349128,  0.86908172,  0.93645969, ...,  0.13556397,
          0.        , -0.01471954],
        [ 0.65240647,  0.86170627,  0.93119499, ...,  0.15013294,
          0.01471954,  0.        ]],

       ...,

       [[ 0.        , -0.06433443, -0.04865616, ..., -0.06851306,
         -0.29566407, -0.25302063],
        [ 0.06433443,  0.        ,  0.01570287, ..., -0.00418787,
         -0.23359341, -0.19025543],
        [ 0.04865616, -0.01570287,  0.        , ..., -0.01989009,
         -0.24883305, -0.20564802],
        ...,
        [ 0.06851306,  0.00418787,  0.01989009, ...,  0.        ,
         -0.22951935, -0.18614238],
        [ 0.29566407,  0.23359341,  0.24883305, ...,  0.22951935,
          0.        ,  0.04433485],
        [ 0.25302063,  0.19025543,  0.20564802, ...,  0.18614238,
         -0.04433485,  0.        ]],

       [[ 0.        , -0.08270039, -0.09065066, ..., -0.80850161,
         -0.81419866, -0.82341735],
        [ 0.08270039,  0.        , -0.00798024, ..., -0.75706337,
         -0.76339486, -0.7736695 ],
        [ 0.09065066,  0.00798024,  0.        , ..., -0.75182544,
         -0.75821586, -0.76858867],
        ...,
        [ 0.80850161,  0.75706337,  0.75182544, ...,  0.        ,
         -0.00974597, -0.02580305],
        [ 0.81419866,  0.76339486,  0.75821586, ...,  0.00974597,
          0.        , -0.0160591 ],
        [ 0.82341735,  0.7736695 ,  0.76858867, ...,  0.02580305,
          0.0160591 ,  0.        ]],

       [[ 0.        ,  0.14388923,  0.17087876, ..., -0.95278081,
         -0.97298359, -0.98845747],
        [-0.14388923,  0.        ,  0.02732765, ..., -0.98655923,
         -0.99607885, -0.9999704 ],
        [-0.17087876, -0.02732765,  0.        , ..., -0.99065622,
         -0.99812452, -0.9998072 ],
        ...,
        [ 0.95278081,  0.98655923,  0.99065622, ...,  0.        ,
         -0.07548255, -0.15580894],
        [ 0.97298359,  0.99607885,  0.99812452, ...,  0.07548255,
          0.        , -0.08080374],
        [ 0.98845747,  0.9999704 ,  0.9998072 , ...,  0.15580894,
          0.08080374,  0.        ]]]), 'num': array([7.07105090e-01, 7.07105090e-01, 0.00000000e+00, 1.41421018e-04,
       1.42856764e-04, 1.39985272e-04, 2.14815655e-03, 3.58936594e-07,
       1.41062081e-04, 1.49389410e-04, 1.47349454e-04, 2.43150596e-07,
       1.63639871e-04, 1.35138950e-04])}
{'img': array([[[ 0.00000000e+00, -2.19512195e-01,  0.00000000e+00, ...,
         -8.86141567e-01, -8.43846044e-01, -8.58869115e-01],
        [ 2.19512195e-01,  0.00000000e+00,  2.19512195e-01, ...,
         -9.66253522e-01, -9.41051464e-01, -9.50354164e-01],
        [ 0.00000000e+00, -2.19512195e-01,  0.00000000e+00, ...,
         -8.86141567e-01, -8.43846044e-01, -8.58869115e-01],
        ...,
        [ 8.86141567e-01,  9.66253522e-01,  8.86141567e-01, ...,
          0.00000000e+00, -8.44399914e-02, -5.58648712e-02],
        [ 8.43846044e-01,  9.41051464e-01,  8.43846044e-01, ...,
          8.44399914e-02,  0.00000000e+00,  2.86427712e-02],
        [ 8.58869115e-01,  9.50354164e-01,  8.58869115e-01, ...,
          5.58648712e-02, -2.86427712e-02,  0.00000000e+00]],

       [[ 0.00000000e+00,  3.23779482e-01,  2.75793470e-01, ...,
          4.23692581e-01,  3.84161791e-01,  3.23872821e-01],
        [-3.23779482e-01,  0.00000000e+00, -5.02851304e-02, ...,
          1.07587939e-01,  6.45334648e-02,  9.86550163e-05],
        [-2.75793470e-01,  5.02851304e-02,  0.00000000e+00, ...,
          1.57445084e-01,  1.14632137e-01,  5.03836603e-02],
        ...,
        [-4.23692581e-01, -1.07587939e-01, -1.57445084e-01, ...,
          0.00000000e+00, -4.32047920e-02, -1.07489856e-01],
        [-3.84161791e-01, -6.45334648e-02, -1.14632137e-01, ...,
          4.32047920e-02,  0.00000000e+00, -6.44350151e-02],
        [-3.23872821e-01, -9.86550163e-05, -5.03836603e-02, ...,
          1.07489856e-01,  6.44350151e-02,  0.00000000e+00]],

       [[ 0.00000000e+00, -3.53793964e-01, -4.91908740e-01, ...,
         -6.71180973e-01, -6.60024834e-01, -7.12676799e-01],
        [ 3.53793964e-01,  0.00000000e+00, -1.52064176e-01, ...,
         -8.90036436e-01, -8.83122176e-01, -9.14767100e-01],
        [ 4.91908740e-01,  1.52064176e-01,  0.00000000e+00, ...,
         -9.49010311e-01, -9.44191869e-01, -9.65560061e-01],
        ...,
        [ 6.71180973e-01,  8.90036436e-01,  9.49010311e-01, ...,
          0.00000000e+00, -1.49483916e-02,  5.74742579e-02],
        [ 6.60024834e-01,  8.83122176e-01,  9.44191869e-01, ...,
          1.49483916e-02,  0.00000000e+00,  7.23915179e-02],
        [ 7.12676799e-01,  9.14767100e-01,  9.65560061e-01, ...,
         -5.74742579e-02, -7.23915179e-02,  0.00000000e+00]],

       ...,

       [[ 0.00000000e+00,  1.57028658e-02, -1.06394188e-01, ...,
         -2.33593412e-01, -1.90255427e-01, -1.90255427e-01],
        [-1.57028658e-02,  0.00000000e+00, -1.21994806e-01, ...,
         -2.48833046e-01, -2.05648016e-01, -2.05648016e-01],
        [ 1.06394188e-01,  1.21994806e-01,  0.00000000e+00, ...,
         -1.28816818e-01, -8.47246850e-02, -8.47246850e-02],
        ...,
        [ 2.33593412e-01,  2.48833046e-01,  1.28816818e-01, ...,
          0.00000000e+00,  4.43348506e-02,  4.43348506e-02],
        [ 1.90255427e-01,  2.05648016e-01,  8.47246850e-02, ...,
         -4.43348506e-02,  0.00000000e+00,  0.00000000e+00],
        [ 1.90255427e-01,  2.05648016e-01,  8.47246850e-02, ...,
         -4.43348506e-02,  0.00000000e+00,  0.00000000e+00]],

       [[ 0.00000000e+00, -7.98023929e-03, -3.29208751e-02, ...,
         -7.63394859e-01, -7.73669501e-01, -7.87017876e-01],
        [ 7.98023929e-03,  0.00000000e+00, -2.49439131e-02, ...,
         -7.58215858e-01, -7.68588670e-01, -7.82069564e-01],
        [ 3.29208751e-02,  2.49439131e-02,  0.00000000e+00, ...,
         -7.41716419e-01, -7.52391825e-01, -7.66281400e-01],
        ...,
        [ 7.63394859e-01,  7.58215858e-01,  7.41716419e-01, ...,
          0.00000000e+00, -1.60590960e-02, -3.73987782e-02],
        [ 7.73669501e-01,  7.68588670e-01,  7.52391825e-01, ...,
          1.60590960e-02,  0.00000000e+00, -2.13460940e-02],
        [ 7.87017876e-01,  7.82069564e-01,  7.66281400e-01, ...,
          3.73987782e-02,  2.13460940e-02,  0.00000000e+00]],

       [[ 0.00000000e+00,  2.73276463e-02,  1.04359464e-01, ...,
         -9.96078850e-01, -9.99970403e-01, -9.98052332e-01],
        [-2.73276463e-02,  0.00000000e+00,  7.71420610e-02, ...,
         -9.98124519e-01, -9.99807195e-01, -9.95974830e-01],
        [-1.04359464e-01, -7.71420610e-02,  0.00000000e+00, ...,
         -9.99872576e-01, -9.95313120e-01, -9.86092435e-01],
        ...,
        [ 9.96078850e-01,  9.98124519e-01,  9.99872576e-01, ...,
          0.00000000e+00, -8.08037447e-02, -1.50435212e-01],
        [ 9.99970403e-01,  9.99807195e-01,  9.95313120e-01, ...,
          8.08037447e-02,  0.00000000e+00, -7.00591065e-02],
        [ 9.98052332e-01,  9.95974830e-01,  9.86092435e-01, ...,
          1.50435212e-01,  7.00591065e-02,  0.00000000e+00]]]), 'num': array([ 7.07101451e-01,  7.07101451e-01,  0.00000000e+00,  1.36754139e-04,
        1.41061356e-04,  1.35677334e-04,  3.86131951e-03, -4.66615171e-06,
        1.40845995e-04,  1.48347731e-04,  1.46900027e-04,  2.33724951e-07,
        1.63087849e-04,  1.33607613e-04])}
{'img': array([[[ 0.00000000e+00,  2.19512195e-01, -2.74156261e-01, ...,
         -9.41051464e-01, -9.50354164e-01, -7.27254693e-01],
        [-2.19512195e-01,  0.00000000e+00, -4.78571143e-01, ...,
         -8.43846044e-01, -8.58869115e-01, -5.58850695e-01],
        [ 2.74156261e-01,  4.78571143e-01,  0.00000000e+00, ...,
         -9.97732261e-01, -9.99250784e-01, -8.87562046e-01],
        ...,
        [ 9.41051464e-01,  8.43846044e-01,  9.97732261e-01, ...,
          0.00000000e+00,  2.86427712e-02, -3.99903663e-01],
        [ 9.50354164e-01,  8.58869115e-01,  9.99250784e-01, ...,
         -2.86427712e-02,  0.00000000e+00, -4.25992325e-01],
        [ 7.27254693e-01,  5.58850695e-01,  8.87562046e-01, ...,
          3.99903663e-01,  4.25992325e-01,  0.00000000e+00]],

       [[ 0.00000000e+00, -6.71923750e-02,  1.07524159e-01, ...,
          7.78030933e-02,  1.24446436e-04,  3.63765747e-01],
        [ 6.71923750e-02,  0.00000000e+00,  1.74083984e-01, ...,
          1.44615959e-01,  6.73165396e-02,  4.25532707e-01],
        [-1.07524159e-01, -1.74083984e-01,  0.00000000e+00, ...,
         -2.98461987e-02, -1.07400434e-01,  2.61499076e-01],
        ...,
        [-7.78030933e-02, -1.44615959e-01,  2.98461987e-02, ...,
          0.00000000e+00, -7.76790234e-02,  2.90190241e-01],
        [-1.24446436e-04, -6.73165396e-02,  1.07400434e-01, ...,
          7.76790234e-02,  0.00000000e+00,  3.63649824e-01],
        [-3.63765747e-01, -4.25532707e-01, -2.61499076e-01, ...,
         -2.90190241e-01, -3.63649824e-01,  0.00000000e+00]],

       [[ 0.00000000e+00, -3.59456212e-01, -4.51974519e-01, ...,
         -6.69368461e-01, -7.22360464e-01, -7.07272649e-01],
        [ 3.59456212e-01,  0.00000000e+00, -1.01119396e-01, ...,
         -8.91680197e-01, -9.22649279e-01, -9.14114216e-01],
        [ 4.51974519e-01,  1.01119396e-01,  0.00000000e+00, ...,
         -9.32883013e-01, -9.56915750e-01, -9.50428283e-01],
        ...,
        [ 6.69368461e-01,  8.91680197e-01,  9.32883013e-01, ...,
          0.00000000e+00,  7.37842113e-02,  5.22505627e-02],
        [ 7.22360464e-01,  9.22649279e-01,  9.56915750e-01, ...,
         -7.37842113e-02,  0.00000000e+00, -2.15752828e-02],
        [ 7.07272649e-01,  9.14114216e-01,  9.50428283e-01, ...,
         -5.22505627e-02,  2.15752828e-02,  0.00000000e+00]],

       ...,

       [[ 0.00000000e+00, -1.21994806e-01, -1.06276370e-01, ...,
         -2.05648016e-01, -2.05648016e-01, -2.41898463e-01],
        [ 1.21994806e-01,  0.00000000e+00,  1.58213410e-02, ...,
         -8.47246850e-02, -8.47246850e-02, -1.21719908e-01],
        [ 1.06276370e-01, -1.58213410e-02,  0.00000000e+00, ...,
         -1.00478534e-01, -1.00478534e-01, -1.37408374e-01],
        ...,
        [ 2.05648016e-01,  8.47246850e-02,  1.00478534e-01, ...,
          0.00000000e+00,  0.00000000e+00, -3.71875383e-02],
        [ 2.05648016e-01,  8.47246850e-02,  1.00478534e-01, ...,
          0.00000000e+00,  0.00000000e+00, -3.71875383e-02],
        [ 2.41898463e-01,  1.21719908e-01,  1.37408374e-01, ...,
          3.71875383e-02,  3.71875383e-02,  0.00000000e+00]],

       [[ 0.00000000e+00, -2.49439131e-02, -7.68086857e-02, ...,
         -7.68588670e-01, -7.82069564e-01, -8.02395462e-01],
        [ 2.49439131e-02,  0.00000000e+00, -5.19145618e-02, ...,
         -7.52391825e-01, -7.66281400e-01, -7.87259453e-01],
        [ 7.68086857e-02,  5.19145618e-02,  0.00000000e+00, ...,
         -7.17180304e-01, -7.31892721e-01, -7.54186202e-01],
        ...,
        [ 7.68588670e-01,  7.52391825e-01,  7.17180304e-01, ...,
          0.00000000e+00, -2.13460940e-02, -5.46389937e-02],
        [ 7.82069564e-01,  7.66281400e-01,  7.31892721e-01, ...,
          2.13460940e-02,  0.00000000e+00, -3.33123373e-02],
        [ 8.02395462e-01,  7.87259453e-01,  7.54186202e-01, ...,
          5.46389937e-02,  3.33123373e-02,  0.00000000e+00]],

       [[ 0.00000000e+00,  7.71420610e-02,  2.36579487e-01, ...,
         -9.99807195e-01, -9.95974830e-01, -9.78768302e-01],
        [-7.71420610e-02,  0.00000000e+00,  1.60922343e-01, ...,
         -9.95313120e-01, -9.86092435e-01, -9.60039890e-01],
        [-2.36579487e-01, -1.60922343e-01,  0.00000000e+00, ...,
         -9.66779332e-01, -9.46495822e-01, -9.02491517e-01],
        ...,
        [ 9.99807195e-01,  9.95313120e-01,  9.66779332e-01, ...,
          0.00000000e+00, -7.00591065e-02, -1.85711167e-01],
        [ 9.95974830e-01,  9.86092435e-01,  9.46495822e-01, ...,
          7.00591065e-02,  0.00000000e+00, -1.16414461e-01],
        [ 9.78768302e-01,  9.60039890e-01,  9.02491517e-01, ...,
          1.85711167e-01,  1.16414461e-01,  0.00000000e+00]]]), 'num': array([ 9.59852158e-01,  2.80463918e-01,  3.64283260e-05,  1.84516100e-04,
        1.90946956e-04,  1.84516100e-04,  4.84941949e-03, -3.95744987e-06,
        1.91639510e-04,  2.02942976e-04,  2.01780475e-04,  3.14797148e-07,
        2.24439423e-04,  1.81446529e-04])}
{'img': array([[[ 0.        , -0.47586549, -0.74892869, ..., -0.86947559,
         -0.59023849, -0.        ],
        [ 0.47586549,  0.        , -0.34336376, ..., -0.99978558,
         -0.9032578 , -0.47586549],
        [ 0.74892869,  0.34336376,  0.        , ..., -0.94611125,
         -0.99567878, -0.74892869],
        ...,
        [ 0.86947559,  0.99978558,  0.94611125, ...,  0.        ,
         -0.41030225, -0.86947559],
        [ 0.59023849,  0.9032578 ,  0.99567878, ...,  0.41030225,
          0.        , -0.59023849],
        [ 0.        ,  0.47586549,  0.74892869, ...,  0.86947559,
          0.59023849,  0.        ]],

       [[ 0.        ,  0.17408398,  0.25246301, ...,  0.06731654,
          0.42553271,  0.37392586],
        [-0.17408398,  0.        ,  0.0801633 , ..., -0.10740043,
          0.26149908,  0.20676063],
        [-0.25246301, -0.0801633 ,  0.        , ..., -0.18675442,
          0.18328359,  0.12766412],
        ...,
        [-0.06731654,  0.10740043,  0.18675442, ...,  0.        ,
          0.36364982,  0.31064437],
        [-0.42553271, -0.26149908, -0.18328359, ..., -0.36364982,
          0.        , -0.05628236],
        [-0.37392586, -0.20676063, -0.12766412, ..., -0.31064437,
          0.05628236,  0.        ]],

       [[ 0.        , -0.28860979, -0.45926778, ..., -0.73242189,
         -0.71725721, -0.55807987],
        [ 0.28860979,  0.        , -0.18335301, ..., -0.89775528,
         -0.88784138, -0.77381651],
        [ 0.45926778,  0.18335301,  0.        , ..., -0.96330176,
         -0.95715974, -0.8768357 ],
        ...,
        [ 0.73242189,  0.89775528,  0.96330176, ...,  0.        ,
         -0.02201248, -0.22778506],
        [ 0.71725721,  0.88784138,  0.95715974, ...,  0.02201248,
          0.        , -0.20629607],
        [ 0.55807987,  0.77381651,  0.8768357 , ...,  0.22778506,
          0.20629607,  0.        ]],

       ...,

       [[ 0.        ,  0.01582134, -0.50724378, ..., -0.08472468,
         -0.12171991, -0.14272526],
        [-0.01582134,  0.        , -0.52081516, ..., -0.10047853,
         -0.13740837, -0.15836677],
        [ 0.50724378,  0.52081516,  0.        , ...,  0.43240398,
          0.39857363,  0.37904979],
        ...,
        [ 0.08472468,  0.10047853, -0.43240398, ...,  0.        ,
         -0.03718754, -0.05835478],
        [ 0.12171991,  0.13740837, -0.39857363, ...,  0.03718754,
          0.        , -0.02119025],
        [ 0.14272526,  0.15836677, -0.37904979, ...,  0.05835478,
          0.02119025,  0.        ]],

       [[ 0.        , -0.05191456, -0.08278723, ..., -0.7662814 ,
         -0.78725945, -0.79598619],
        [ 0.05191456,  0.        , -0.03093924, ..., -0.73189272,
         -0.7541862 , -0.76348818],
        [ 0.08278723,  0.03093924,  0.        , ..., -0.71045972,
         -0.73350856, -0.74314143],
        ...,
        [ 0.7662814 ,  0.73189272,  0.71045972, ...,  0.        ,
         -0.03331234, -0.04758374],
        [ 0.78725945,  0.7541862 ,  0.73350856, ...,  0.03331234,
          0.        , -0.01428273],
        [ 0.79598619,  0.76348818,  0.74314143, ...,  0.04758374,
          0.01428273,  0.        ]],

       [[ 0.        ,  0.16092234,  0.38079912, ..., -0.98609243,
         -0.96003989, -0.90000884],
        [-0.16092234,  0.        ,  0.22703809, ..., -0.94649582,
         -0.90249152, -0.8181376 ],
        [-0.38079912, -0.22703809,  0.        , ..., -0.84851008,
         -0.78113671, -0.66622065],
        ...,
        [ 0.98609243,  0.94649582,  0.84851008, ...,  0.        ,
         -0.11641446, -0.28023024],
        [ 0.96003989,  0.90249152,  0.78113671, ...,  0.11641446,
          0.        , -0.16657481],
        [ 0.90000884,  0.8181376 ,  0.66622065, ...,  0.28023024,
          0.16657481,  0.        ]]]), 'num': array([9.60706365e-01, 2.77553377e-01, 3.60502876e-05, 1.85538552e-04,
       1.86517648e-04, 1.83580362e-04, 2.66509730e-03, 2.93728579e-06,
       1.87986290e-04, 1.99710956e-04, 1.99058226e-04, 1.99284876e-07,
       2.21707884e-04, 1.77714028e-04])}
{'img': array([[[ 0.        , -0.63897107, -0.44114489, ..., -0.60677741,
         -0.        , -0.53293871],
        [ 0.63897107,  0.        ,  0.23409335, ..., -0.97465194,
         -0.63897107, -0.95062068],
        [ 0.44114489, -0.23409335,  0.        , ..., -0.89519746,
         -0.44114489, -0.85155477],
        ...,
        [ 0.60677741,  0.97465194,  0.89519746, ...,  0.        ,
         -0.60677741, -0.08980909],
        [ 0.        ,  0.63897107,  0.44114489, ...,  0.60677741,
          0.        ,  0.53293871],
        [ 0.53293871,  0.95062068,  0.85155477, ...,  0.08980909,
         -0.53293871,  0.        ]],

       [[ 0.        ,  0.0801633 ,  0.10325885, ...,  0.26149908,
          0.20676063, -0.1894555 ],
        [-0.0801633 ,  0.        ,  0.02319174, ...,  0.18328359,
          0.12766412, -0.26755727],
        [-0.10325885, -0.02319174,  0.        , ...,  0.16043541,
          0.10462781, -0.28983152],
        ...,
        [-0.26149908, -0.18328359, -0.16043541, ...,  0.        ,
         -0.05628236, -0.4396263 ],
        [-0.20676063, -0.12766412, -0.10462781, ...,  0.05628236,
          0.        , -0.38837771],
        [ 0.1894555 ,  0.26755727,  0.28983152, ...,  0.4396263 ,
          0.38837771,  0.        ]],

       [[ 0.        , -0.36920539, -0.47416726, ..., -0.72360207,
         -0.56354267, -0.39547147],
        [ 0.36920539,  0.        , -0.11560505, ..., -0.92730999,
         -0.82872291, -0.70663767],
        [ 0.47416726,  0.11560505,  0.        , ..., -0.96436292,
         -0.88786596, -0.78369916],
        ...,
        [ 0.72360207,  0.92730999,  0.96436292, ...,  0.        ,
         -0.20879128, -0.39165148],
        [ 0.56354267,  0.82872291,  0.88786596, ...,  0.20879128,
          0.        , -0.19090787],
        [ 0.39547147,  0.70663767,  0.78369916, ...,  0.39165148,
          0.19090787,  0.        ]],

       ...,

       [[ 0.        , -0.52081516, -0.29805305, ..., -0.13740837,
         -0.15836677, -0.49929017],
        [ 0.52081516,  0.        ,  0.24270496, ...,  0.39857363,
          0.37904979,  0.02502363],
        [ 0.29805305, -0.24270496,  0.        , ...,  0.16406279,
          0.14312284, -0.21835354],
        ...,
        [ 0.13740837, -0.39857363, -0.16406279, ...,  0.        ,
         -0.02119025, -0.37549874],
        [ 0.15836677, -0.37904979, -0.14312284, ...,  0.02119025,
          0.        , -0.35577482],
        [ 0.49929017, -0.02502363,  0.21835354, ...,  0.37549874,
          0.35577482,  0.        ]],

       [[ 0.        , -0.03093924, -0.00620936, ..., -0.7541862 ,
         -0.76348818, -0.77480717],
        [ 0.03093924,  0.        ,  0.02473226, ..., -0.73350856,
         -0.74314143, -0.75487653],
        [ 0.00620936, -0.02473226,  0.        , ..., -0.75009422,
         -0.75946332, -0.7708667 ],
        ...,
        [ 0.7541862 ,  0.73350856,  0.75009422, ...,  0.        ,
         -0.01428273, -0.03199063],
        [ 0.76348818,  0.74314143,  0.75946332, ...,  0.01428273,
          0.        , -0.01771195],
        [ 0.77480717,  0.75487653,  0.7708667 , ...,  0.03199063,
          0.01771195,  0.        ]],

       [[ 0.        ,  0.22703809, -0.10086683, ..., -0.90249152,
         -0.8181376 , -0.73154213],
        [-0.22703809,  0.        , -0.32411296, ..., -0.78113671,
         -0.66622065, -0.55764484],
        [ 0.10086683,  0.32411296,  0.        , ..., -0.94133287,
         -0.87196574, -0.79658185],
        ...,
        [ 0.90249152,  0.78113671,  0.94133287, ...,  0.        ,
         -0.16657481, -0.30023454],
        [ 0.8181376 ,  0.66622065,  0.87196574, ...,  0.16657481,
          0.        , -0.13714996],
        [ 0.73154213,  0.55764484,  0.79658185, ...,  0.30023454,
          0.13714996,  0.        ]]]), 'num': array([ 9.60287514e-01,  2.79002807e-01,  3.62385482e-05,  1.85031153e-04,
        1.86507466e-04,  1.84539049e-04,  2.24144574e-03, -1.47631239e-06,
        1.87294832e-04,  1.99129937e-04,  1.99482611e-04,  2.13554623e-07,
        2.20847903e-04,  1.77411970e-04])}
{'img': array([[[ 0.        ,  0.50200475, -0.26257707, ..., -0.50200475,
         -0.89274489, -0.80244455],
        [-0.50200475,  0.        , -0.7114836 , ..., -0.        ,
         -0.54591919, -0.39444647],
        [ 0.26257707,  0.7114836 ,  0.        , ..., -0.7114836 ,
         -0.97972677, -0.93097434],
        ...,
        [ 0.50200475,  0.        ,  0.7114836 , ...,  0.        ,
          0.54591919,  0.39444647],
        [ 0.89274489,  0.54591919,  0.97972677, ..., -0.54591919,
          0.        , -0.17117329],
        [ 0.80244455,  0.39444647,  0.93097434, ..., -0.39444647,
          0.17117329,  0.        ]],

       [[ 0.        ,  0.02179557,  0.19185308, ...,  0.12128529,
         -0.23295328, -0.46122536],
        [-0.02179557,  0.        ,  0.17041682, ...,  0.0996218 ,
         -0.25409387, -0.48045463],
        [-0.19185308, -0.17041682,  0.        , ..., -0.07140451,
         -0.41520067, -0.62288546],
        ...,
        [-0.12128529, -0.0996218 ,  0.07140451, ...,  0.        ,
         -0.34918202, -0.56543482],
        [ 0.23295328,  0.25409387,  0.41520067, ...,  0.34918202,
          0.        , -0.2418406 ],
        [ 0.46122536,  0.48045463,  0.62288546, ...,  0.56543482,
          0.2418406 ,  0.        ]],

       [[ 0.        , -0.31352535, -0.5376984 , ..., -0.58708705,
         -0.42591771, -0.        ],
        [ 0.31352535,  0.        , -0.24624266, ..., -0.81129225,
         -0.68810866, -0.31352535],
        [ 0.5376984 ,  0.24624266,  0.        , ..., -0.93027462,
         -0.84559612, -0.5376984 ],
        ...,
        [ 0.58708705,  0.81129225,  0.93027462, ...,  0.        ,
         -0.18638347, -0.58708705],
        [ 0.42591771,  0.68810866,  0.84559612, ...,  0.18638347,
          0.        , -0.42591771],
        [ 0.        ,  0.31352535,  0.5376984 , ...,  0.58708705,
          0.42591771,  0.        ]],

       ...,

       [[ 0.        ,  0.24270496,  0.13717389, ...,  0.37904979,
          0.02502363,  0.0726954 ],
        [-0.24270496,  0.        , -0.10733826, ...,  0.14312284,
         -0.21835354, -0.171541  ],
        [-0.13717389,  0.10733826,  0.        , ...,  0.24852916,
         -0.11234386, -0.06480275],
        ...,
        [-0.37904979, -0.14312284, -0.24852916, ...,  0.        ,
         -0.35577482, -0.3107763 ],
        [-0.02502363,  0.21835354,  0.11234386, ...,  0.35577482,
          0.        ,  0.04771521],
        [-0.0726954 ,  0.171541  ,  0.06480275, ...,  0.3107763 ,
         -0.04771521,  0.        ]],

       [[ 0.        ,  0.02473226,  0.0885482 , ..., -0.74314143,
         -0.75487653, -0.80948477],
        [-0.02473226,  0.        ,  0.063886  , ..., -0.75946332,
         -0.7708667 , -0.82375848],
        [-0.0885482 , -0.063886  ,  0.        , ..., -0.79947294,
         -0.80998713, -0.85829529],
        ...,
        [ 0.74314143,  0.75946332,  0.79947294, ...,  0.        ,
         -0.01771195, -0.10532537],
        [ 0.75487653,  0.7708667 ,  0.80998713, ...,  0.01771195,
          0.        , -0.08769542],
        [ 0.80948477,  0.82375848,  0.85829529, ...,  0.10532537,
          0.08769542,  0.        ]],

       [[ 0.        , -0.32411296, -0.54377442, ..., -0.66622065,
         -0.55764484, -0.46392876],
        [ 0.32411296,  0.        , -0.24241481, ..., -0.87196574,
         -0.79658185, -0.7260079 ],
        [ 0.54377442,  0.24241481,  0.        , ..., -0.96463562,
         -0.91936915, -0.8710584 ],
        ...,
        [ 0.66622065,  0.87196574,  0.96463562, ...,  0.        ,
         -0.13714996, -0.24420951],
        [ 0.55764484,  0.79658185,  0.91936915, ...,  0.13714996,
          0.        , -0.10890441],
        [ 0.46392876,  0.7260079 ,  0.8710584 , ...,  0.24420951,
          0.10890441,  0.        ]]]), 'num': array([ 9.60144234e-01,  2.79488522e-01,  3.63016358e-05,  1.84860313e-04,
        1.88803999e-04,  1.84367352e-04,  2.98640603e-03, -4.92960834e-07,
        1.85747642e-04,  1.98047015e-04,  1.99279417e-04,  2.66778804e-07,
        2.19698885e-04,  1.76395145e-04])}
{'img': array([[[ 0.        , -0.7114836 , -0.76108799, ..., -0.54591919,
         -0.39444647, -0.32432432],
        [ 0.7114836 ,  0.        , -0.07331571, ..., -0.97972677,
         -0.93097434, -0.90092861],
        [ 0.76108799,  0.07331571,  0.        , ..., -0.99177806,
         -0.95523533, -0.93032063],
        ...,
        [ 0.54591919,  0.97972677,  0.99177806, ...,  0.        ,
         -0.17117329, -0.24467885],
        [ 0.39444647,  0.93097434,  0.95523533, ...,  0.17117329,
          0.        , -0.07509729],
        [ 0.32432432,  0.90092861,  0.93032063, ...,  0.24467885,
          0.07509729,  0.        ]],

       [[ 0.        ,  0.17041682, -0.03737174, ..., -0.25409387,
         -0.48045463, -0.18200104],
        [-0.17041682,  0.        , -0.20712284, ..., -0.41520067,
         -0.62288546, -0.34690931],
        [ 0.03737174,  0.20712284,  0.        , ..., -0.21777119,
         -0.44734326, -0.14512633],
        ...,
        [ 0.25409387,  0.41520067,  0.21777119, ...,  0.        ,
         -0.2418406 ,  0.0738224 ],
        [ 0.48045463,  0.62288546,  0.44734326, ...,  0.2418406 ,
          0.        ,  0.31281177],
        [ 0.18200104,  0.34690931,  0.14512633, ..., -0.0738224 ,
         -0.31281177,  0.        ]],

       [[ 0.        , -0.44312918, -0.63003498, ..., -0.59487974,
         -0.44312918, -0.        ],
        [ 0.44312918,  0.        , -0.22068035, ..., -0.88947832,
         -0.7944932 , -0.44312918],
        [ 0.63003498,  0.22068035,  0.        , ..., -0.96839522,
         -0.90891914, -0.63003498],
        ...,
        [ 0.59487974,  0.88947832,  0.96839522, ...,  0.        ,
         -0.1770908 , -0.59487974],
        [ 0.44312918,  0.7944932 ,  0.90891914, ...,  0.1770908 ,
          0.        , -0.44312918],
        [ 0.        ,  0.44312918,  0.63003498, ...,  0.59487974,
          0.44312918,  0.        ]],

       ...,

       [[ 0.        , -0.10733826, -0.24104204, ..., -0.21835354,
         -0.171541  ,  0.00230175],
        [ 0.10733826,  0.        , -0.13547608, ..., -0.11234386,
         -0.06480275,  0.10962643],
        [ 0.24104204,  0.13547608,  0.        , ...,  0.02331032,
          0.07098602,  0.24327528],
        ...,
        [ 0.21835354,  0.11234386, -0.02331032, ...,  0.        ,
          0.04771521,  0.22059917],
        [ 0.171541  ,  0.06480275, -0.07098602, ..., -0.04771521,
          0.        ,  0.17380817],
        [-0.00230175, -0.10962643, -0.24327528, ..., -0.22059917,
         -0.17380817,  0.        ]],

       [[ 0.        ,  0.063886  ,  0.12243408, ..., -0.7708667 ,
         -0.82375848, -0.8595133 ],
        [-0.063886  ,  0.        ,  0.05877861, ..., -0.80998713,
         -0.85829529, -0.89041047],
        [-0.12243408, -0.05877861,  0.        , ..., -0.84305728,
         -0.88697394, -0.91562457],
        ...,
        [ 0.7708667 ,  0.80998713,  0.84305728, ...,  0.        ,
         -0.08769542, -0.15350667],
        [ 0.82375848,  0.85829529,  0.88697394, ...,  0.08769542,
          0.        , -0.06625924],
        [ 0.8595133 ,  0.89041047,  0.91562457, ...,  0.15350667,
          0.06625924,  0.        ]],

       [[ 0.        , -0.45547061, -0.61738728, ..., -0.56459784,
         -0.4699244 , -0.32881382],
        [ 0.45547061,  0.        , -0.1913293 , ..., -0.87856372,
         -0.82039753, -0.72287083],
        [ 0.61738728,  0.1913293 ,  0.        , ..., -0.95371674,
         -0.91464229, -0.84172178],
        ...,
        [ 0.56459784,  0.87856372,  0.95371674, ...,  0.        ,
         -0.11051459, -0.26181145],
        [ 0.4699244 ,  0.82039753,  0.91464229, ...,  0.11051459,
          0.        , -0.15354799],
        [ 0.32881382,  0.72287083,  0.84172178, ...,  0.26181145,
          0.15354799,  0.        ]]]), 'num': array([ 9.58980590e-01,  2.83436321e-01,  3.68143994e-05,  1.83472088e-04,
        1.88471328e-04,  1.82972164e-04,  4.44749340e-03, -3.99939157e-06,
        1.86971556e-04,  1.99169700e-04,  2.01427690e-04,  2.47274210e-07,
        2.21062488e-04,  1.77276912e-04])}
