state_0,state_1,state_2,state_3,state_4,state_5,state_6,state_7,state_8,state_9,state_10,state_11,state_12,state_13,state_14,state_15,state_16,state_17,state_18,state_19,state_20,state_21,state_22,state_23,state_24,state_25,state_26,state_27,state_28,state_29,state_30,state_31,state_32,state_33,state_34,state_35,state_36,state_37,state_38,state_39,state_40,state_41,state_42,state_43,state_44,state_45,state_46,state_47,state_48,state_49,state_50,state_51,state_52,state_53,state_54,state_55,state_56,state_57,state_58,state_59,state_60,state_61,state_62,state_63,state_64,state_65,state_66,state_67,state_68,state_69,state_70,state_71,state_72,state_73,state_74,state_75,state_76,state_77,state_78,state_79,state_80,state_81,state_82,state_83,state_84,state_85,state_86,state_87,state_88,state_89,state_90,state_91,state_92,state_93,state_94,state_95,state_96,state_97,state_98,state_99,state_100,state_101,state_102,state_103,state_104,state_105,state_106,state_107,state_108,state_109,state_110,state_111,state_112,state_113,state_114,state_115,state_116,state_117,state_118,state_119,state_120,state_121,state_122,state_123,state_124,state_125,state_126,state_127,state_128,state_129,state_130,state_131,state_132,state_133,state_134,state_135,state_136,state_137,state_138,state_139,state_140,state_141,state_142,state_143,state_144,state_145,state_146,state_147,state_148,state_149,state_150,state_151,state_152,state_153,state_154,state_155,state_156,state_157,state_158,state_159,state_160,state_161,state_162,state_163,state_164,state_165,state_166,state_167,state_168,state_169,state_170,state_171,state_172,state_173,state_174,state_175,state_176,state_177,state_178,state_179,state_180,state_181,state_182,state_183,state_184,state_185,state_186,state_187,state_188,state_189,state_190,state_191,state_192,state_193,state_194,state_195,state_196,state_197,state_198,state_199,state_200,state_201,state_202,state_203,state_204,state_205,state_206,state_207,state_208,state_209,state_210,state_211,state_212,state_213,state_214,state_215,state_216,state_217,state_218,state_219,state_220,state_221,state_222,state_223,state_224,state_225,state_226,state_227,state_228,state_229,state_230,state_231,state_232,state_233,state_234,state_235,state_236,state_237,state_238,state_239,state_240,state_241,state_242,state_243,state_244,state_245,state_246,state_247,state_248,state_249,state_250,state_251,state_252,state_253,state_254,state_255,state_256,state_257,state_258,state_259,state_260,state_261,state_262,state_263,state_264,state_265,state_266,state_267,state_268,state_269,state_270,state_271,state_272,state_273,state_274,state_275,state_276,state_277,state_278,state_279,state_280,state_281,state_282,state_283,state_284,state_285,state_286,state_287
{'img': array([[[ 0.        ,  0.67243357,  0.21606965, ...,  0.66366323,
          0.82913049,  0.89362274],
        [-0.67243357,  0.        , -0.49662374, ...,  0.99421679,
          0.98961456,  0.96322245],
        [-0.21606965,  0.49662374,  0.        , ...,  0.80961305,
          0.93033958,  0.96948968],
        ...,
        [-0.66366323, -0.99421679, -0.80961305, ...,  0.        ,
         -0.2491914 , -0.37059335],
        [-0.82913049, -0.98961456, -0.93033958, ...,  0.2491914 ,
          0.        , -0.12745493],
        [-0.89362274, -0.96322245, -0.96948968, ...,  0.37059335,
          0.12745493,  0.        ]],

       [[ 0.        ,  0.23336213, -0.12353954, ..., -0.00503008,
          0.12815009, -0.22120354],
        [-0.23336213,  0.        , -0.3517031 , ..., -0.23825039,
         -0.10682616, -0.4426773 ],
        [ 0.12353954,  0.3517031 ,  0.        , ...,  0.11854642,
          0.24968934, -0.09902987],
        ...,
        [ 0.00503008,  0.23825039, -0.11854642, ...,  0.        ,
          0.13313708, -0.21629526],
        [-0.12815009,  0.10682616, -0.24968934, ..., -0.13313708,
          0.        , -0.34435518],
        [ 0.22120354,  0.4426773 ,  0.09902987, ...,  0.21629526,
          0.34435518,  0.        ]],

       [[ 0.        ,  0.47860853,  0.57539163, ...,  0.18203764,
          0.        ,  0.39238869],
        [-0.47860853,  0.        ,  0.1137668 , ...,  0.63044595,
          0.47860853,  0.7847523 ],
        [-0.57539163, -0.1137668 ,  0.        , ...,  0.71466233,
          0.57539163,  0.85017102],
        ...,
        [-0.18203764, -0.63044595, -0.71466233, ...,  0.        ,
          0.18203764, -0.21839435],
        [-0.        , -0.47860853, -0.57539163, ..., -0.18203764,
          0.        , -0.39238869],
        [-0.39238869, -0.7847523 , -0.85017102, ...,  0.21839435,
          0.39238869,  0.        ]],

       ...,

       [[ 0.        ,  0.38887192,  0.23534863, ..., -0.12248069,
         -0.35526566, -0.46078708],
        [-0.38887192,  0.        , -0.16112413, ..., -0.49878452,
         -0.69080736, -0.76964736],
        [-0.23534863,  0.16112413,  0.        , ..., -0.352617  ,
         -0.56528237, -0.65671847],
        ...,
        [ 0.12248069,  0.49878452,  0.352617  , ...,  0.        ,
         -0.23810013, -0.34861484],
        [ 0.35526566,  0.69080736,  0.56528237, ...,  0.23810013,
          0.        , -0.11542572],
        [ 0.46078708,  0.76964736,  0.65671847, ...,  0.34861484,
          0.11542572,  0.        ]],

       [[ 0.        ,  0.45586389,  0.52658387, ...,  0.52104621,
          0.50866888,  0.50738118],
        [-0.45586389,  0.        ,  0.08114524, ...,  0.85284973,
          0.84522208,  0.84442219],
        [-0.52658387, -0.08114524,  0.        , ...,  0.89240779,
          0.88580003,  0.88510527],
        ...,
        [-0.52104621, -0.85284973, -0.89240779, ...,  0.        ,
          0.01443774,  0.01593256],
        [-0.50866888, -0.84522208, -0.88580003, ..., -0.01443774,
          0.        ,  0.00149499],
        [-0.50738118, -0.84442219, -0.88510527, ..., -0.01593256,
         -0.00149499,  0.        ]],

       [[ 0.        , -0.06527428, -0.07879319, ...,  0.77882611,
          0.7407415 ,  0.67090654],
        [ 0.06527428,  0.        , -0.01355381, ...,  0.73622252,
          0.69531115,  0.62107212],
        [ 0.07879319,  0.01355381,  0.        , ...,  0.7269825 ,
          0.68550604,  0.61039223],
        ...,
        [-0.77882611, -0.73622252, -0.7269825 , ...,  0.        ,
          0.0585851 ,  0.15671286],
        [-0.7407415 , -0.69531115, -0.68550604, ..., -0.0585851 ,
          0.        ,  0.09858246],
        [-0.67090654, -0.62107212, -0.61039223, ..., -0.15671286,
         -0.09858246,  0.        ]]]), 'num': array([9.99442550e-01, 3.26684507e-02, 1.85918096e-05, 1.07300122e-03,
       1.07506468e-03, 1.05443004e-03, 6.18576949e-03, 8.25385554e-06,
       1.09157239e-03, 1.07145362e-03, 1.01874932e-03, 1.12400065e-06,
       1.12393015e-03, 1.01897709e-03])}
{'img': array([[[ 0.        , -0.64880328, -0.46790665, ...,  0.99291505,
          0.96942344,  0.9846398 ],
        [ 0.64880328,  0.        ,  0.21734154, ...,  0.83265979,
          0.89690115,  0.8625475 ],
        [ 0.46790665, -0.21734154,  0.        , ...,  0.93311603,
          0.97157647,  0.95189846],
        ...,
        [-0.99291505, -0.83265979, -0.93311603, ...,  0.        ,
         -0.12846224, -0.0563598 ],
        [-0.96942344, -0.89690115, -0.97157647, ...,  0.12846224,
          0.        ,  0.07236523],
        [-0.9846398 , -0.8625475 , -0.95189846, ...,  0.0563598 ,
         -0.07236523,  0.        ]],

       [[ 0.        , -0.3517031 , -0.38652049, ..., -0.10682616,
         -0.4426773 , -0.59533833],
        [ 0.3517031 ,  0.        , -0.0374573 , ...,  0.24968934,
         -0.09902987, -0.27471843],
        [ 0.38652049,  0.0374573 ,  0.        , ...,  0.28578499,
         -0.0616872 , -0.23850952],
        ...,
        [ 0.10682616, -0.24968934, -0.28578499, ...,  0.        ,
         -0.34435518, -0.50609947],
        [ 0.4426773 ,  0.09902987,  0.0616872 , ...,  0.34435518,
          0.        , -0.17814837],
        [ 0.59533833,  0.27471843,  0.23850952, ...,  0.50609947,
          0.17814837,  0.        ]],

       [[ 0.        ,  0.35215137,  0.39208539, ...,  0.        ,
          0.40438072,  0.53726048],
        [-0.35215137,  0.        ,  0.04301541, ...,  0.35215137,
          0.70055171,  0.79985545],
        [-0.39208539, -0.04301541,  0.        , ...,  0.39208539,
          0.73059915,  0.82493264],
        ...,
        [-0.        , -0.35215137, -0.39208539, ...,  0.        ,
         -0.40438072, -0.53726048],
        [-0.40438072, -0.70055171, -0.73059915, ...,  0.40438072,
          0.        , -0.15031215],
        [-0.53726048, -0.79985545, -0.82493264, ...,  0.53726048,
          0.15031215,  0.        ]],

       ...,

       [[ 0.        , -0.16112413, -0.13451136, ..., -0.69080736,
         -0.76964736, -0.64704544],
        [ 0.16112413,  0.        ,  0.02690598, ..., -0.56528237,
         -0.65671847, -0.51574191],
        [ 0.13451136, -0.02690598,  0.        , ..., -0.5872724 ,
         -0.67677148, -0.53860674],
        ...,
        [ 0.69080736,  0.56528237,  0.5872724 , ...,  0.        ,
         -0.11542572,  0.05886807],
        [ 0.76964736,  0.65671847,  0.67677148, ...,  0.11542572,
          0.        ,  0.17370015],
        [ 0.64704544,  0.51574191,  0.53860674, ..., -0.05886807,
         -0.17370015,  0.        ]],

       [[ 0.        ,  0.28759858,  0.42549782, ...,  0.52211688,
          0.52080181,  0.51551379],
        [-0.28759858,  0.        ,  0.14725592, ...,  0.74534332,
          0.74431495,  0.74017171],
        [-0.42549782, -0.14725592,  0.        , ...,  0.83539061,
          0.83454248,  0.83112019],
        ...,
        [-0.52211688, -0.74534332, -0.83539061, ...,  0.        ,
          0.0015412 ,  0.00772391],
        [-0.52080181, -0.74431495, -0.83454248, ..., -0.0015412 ,
          0.        ,  0.00618274],
        [-0.51551379, -0.74017171, -0.83112019, ..., -0.00772391,
         -0.00618274,  0.        ]],

       [[ 0.        , -0.01353744, -0.00944257, ...,  0.72079367,
          0.69059823,  0.62048257],
        [ 0.01353744,  0.        ,  0.00409513, ...,  0.71134415,
          0.68074415,  0.60980938],
        [ 0.00944257, -0.00409513,  0.        , ...,  0.71421642,
          0.68373821,  0.61304985],
        ...,
        [-0.72079367, -0.71134415, -0.71421642, ...,  0.        ,
          0.04261787,  0.13517369],
        [-0.69059823, -0.68074415, -0.68373821, ..., -0.04261787,
          0.        ,  0.09282416],
        [-0.62048257, -0.60980938, -0.61304985, ..., -0.13517369,
         -0.09282416,  0.        ]]]), 'num': array([ 7.07068670e-01,  7.07068670e-01,  0.00000000e+00,  5.80601103e-04,
        6.10493437e-04,  5.77151988e-04,  1.02467702e-02, -1.72455773e-05,
        5.97616739e-04,  5.97041887e-04,  5.68854949e-04,  4.96672627e-07,
        6.26146463e-04,  5.67937310e-04])}
{'img': array([[[ 0.        ,  0.21734154,  0.52902606, ...,  0.89690115,
          0.8625475 ,  0.96371529],
        [-0.21734154,  0.        ,  0.33194278, ...,  0.97157647,
          0.95189846,  0.99869374],
        [-0.52902606, -0.33194278,  0.        , ...,  0.99506708,
          0.99963716,  0.9590283 ],
        ...,
        [-0.89690115, -0.97157647, -0.99506708, ...,  0.        ,
          0.07236523, -0.18677299],
        [-0.8625475 , -0.95189846, -0.99963716, ..., -0.07236523,
          0.        , -0.25737514],
        [-0.96371529, -0.99869374, -0.9590283 , ...,  0.18677299,
          0.25737514,  0.        ]],

       [[ 0.        , -0.0374573 ,  0.54970124, ..., -0.09902987,
         -0.27471843,  0.23503097],
        [ 0.0374573 ,  0.        ,  0.58060585, ..., -0.0616872 ,
         -0.23850952,  0.27127408],
        [-0.54970124, -0.58060585,  0.        , ..., -0.62972488,
         -0.75804048, -0.33796715],
        ...,
        [ 0.09902987,  0.0616872 ,  0.62972488, ...,  0.        ,
         -0.17814837,  0.3301315 ],
        [ 0.27471843,  0.23850952,  0.75804048, ...,  0.17814837,
          0.        ,  0.49301107],
        [-0.23503097, -0.27127408,  0.33796715, ..., -0.3301315 ,
         -0.49301107,  0.        ]],

       [[ 0.        ,  0.18114781,  0.22540693, ...,  0.41071294,
          0.54530871,  0.74315649],
        [-0.18114781,  0.        ,  0.04519186, ...,  0.56908223,
          0.68813154,  0.85207082],
        [-0.22540693, -0.04519186,  0.        , ...,  0.6056612 ,
          0.72021907,  0.8748549 ],
        ...,
        [-0.41071294, -0.56908223, -0.6056612 , ...,  0.        ,
         -0.15291915, -0.40276858],
        [-0.54530871, -0.68813154, -0.72021907, ...,  0.15291915,
          0.        , -0.25806432],
        [-0.74315649, -0.85207082, -0.8748549 , ...,  0.40276858,
          0.25806432,  0.        ]],

       ...,

       [[ 0.        ,  0.02690598,  0.04210045, ..., -0.65671847,
         -0.51574191, -0.84567233],
        [-0.02690598,  0.        ,  0.01520308, ..., -0.67677148,
         -0.53860674, -0.85972596],
        [-0.04210045, -0.01520308,  0.        , ..., -0.68788567,
         -0.55135396, -0.86739165],
        ...,
        [ 0.65671847,  0.67677148,  0.68788567, ...,  0.        ,
          0.17370015, -0.28725954],
        [ 0.51574191,  0.53860674,  0.55135396, ..., -0.17370015,
          0.        , -0.44927196],
        [ 0.84567233,  0.85972596,  0.86739165, ...,  0.28725954,
          0.44927196,  0.        ]],

       [[ 0.        ,  0.32396476,  0.48569289, ...,  0.52594282,
          0.52061307,  0.52252424],
        [-0.32396476,  0.        ,  0.17631189, ...,  0.77311676,
          0.76913472,  0.77056433],
        [-0.48569289, -0.17631189,  0.        , ...,  0.87283363,
          0.86976431,  0.87086749],
        ...,
        [-0.52594282, -0.77311676, -0.87283363, ...,  0.        ,
          0.00625437,  0.00401442],
        [-0.52061307, -0.76913472, -0.86976431, ..., -0.00625437,
          0.        , -0.00223998],
        [-0.52252424, -0.77056433, -0.87086749, ..., -0.00401442,
          0.00223998,  0.        ]],

       [[ 0.        ,  0.00409251, -0.01045348, ...,  0.69641249,
          0.6616996 ,  0.60950087],
        [-0.00409251,  0.        , -0.01454568, ...,  0.69934362,
          0.6647625 ,  0.61274025],
        [ 0.01045348,  0.01454568,  0.        , ...,  0.68887258,
          0.65382575,  0.6011802 ],
        ...,
        [-0.69641249, -0.69934362, -0.68887258, ...,  0.        ,
          0.0472853 ,  0.1147024 ],
        [-0.6616996 , -0.6647625 , -0.65382575, ..., -0.0472853 ,
          0.        ,  0.06760088],
        [-0.60950087, -0.61274025, -0.6011802 , ..., -0.1147024 ,
         -0.06760088,  0.        ]]]), 'num': array([9.96267591e-01, 8.54184017e-02, 1.76179727e-05, 8.19846255e-04,
       8.35704017e-04, 7.94473837e-04, 1.22167717e-02, 1.90293135e-05,
       8.18577635e-04, 8.24286429e-04, 7.87033904e-04, 7.86926497e-07,
       8.63472750e-04, 7.85100107e-04])}
{'img': array([[[ 0.        ,  0.4913402 ,  0.99996748, ...,  0.8660254 ,
          0.96612769,  0.89221398],
        [-0.4913402 ,  0.        ,  0.87490184, ...,  0.99995029,
          0.96826352,  0.99898517],
        [-0.99996748, -0.87490184,  0.        , ...,  0.49299966,
          0.25026477,  0.44440294],
        ...,
        [-0.8660254 , -0.99995029, -0.49299966, ...,  0.        ,
         -0.25957342, -0.05499874],
        [-0.96612769, -0.96826352, -0.25026477, ...,  0.25957342,
          0.        ,  0.20606696],
        [-0.89221398, -0.99898517, -0.44440294, ...,  0.05499874,
         -0.20606696,  0.        ]],

       [[ 0.        ,  0.58060585,  0.39488506, ..., -0.23850952,
          0.27127408,  0.2021927 ],
        [-0.58060585,  0.        ,  0.85492973, ..., -0.75804048,
         -0.33796715, -0.40399166],
        [-0.39488506, -0.85492973,  0.        , ..., -0.16436276,
         -0.62930549, -0.57248961],
        ...,
        [ 0.23850952,  0.75804048,  0.16436276, ...,  0.        ,
          0.49301107,  0.42994073],
        [-0.27127408,  0.33796715,  0.62930549, ..., -0.49301107,
          0.        , -0.07106021],
        [-0.2021927 ,  0.40399166,  0.57248961, ..., -0.42994073,
          0.07106021,  0.        ]],

       [[ 0.        ,  0.13583   ,  0.66379481, ...,  0.54737721,
          0.74563219,  0.8002779 ],
        [-0.13583   ,  0.        ,  0.55605361, ...,  0.65597843,
          0.82923316,  0.8743087 ],
        [-0.66379481, -0.55605361,  0.        , ...,  0.96491207,
          0.99999411,  0.99657044],
        ...,
        [-0.54737721, -0.65597843, -0.96491207, ...,  0.        ,
         -0.2592601 , -0.34151797],
        [-0.74563219, -0.82923316, -0.99999411, ...,  0.2592601 ,
          0.        , -0.08616847],
        [-0.8002779 , -0.8743087 , -0.99657044, ...,  0.34151797,
          0.08616847,  0.        ]],

       ...,

       [[ 0.        ,  0.01520308,  0.76953801, ..., -0.53860674,
         -0.85972596, -0.68780831],
        [-0.01520308,  0.        ,  0.75974037, ..., -0.55135396,
         -0.86739165, -0.69876462],
        [-0.76953801, -0.75974037,  0.        , ..., -0.99233466,
         -0.94206771, -0.99783685],
        ...,
        [ 0.53860674,  0.55135396,  0.99233466, ...,  0.        ,
         -0.44927196, -0.18854738],
        [ 0.85972596,  0.86739165,  0.94206771, ...,  0.44927196,
          0.        ,  0.27276656],
        [ 0.68780831,  0.69876462,  0.99783685, ...,  0.18854738,
         -0.27276656,  0.        ]],

       [[ 0.        ,  0.37735979,  0.80475955, ...,  0.52720048,
          0.52913084,  0.53212296],
        [-0.37735979,  0.        ,  0.52125993, ...,  0.80888089,
          0.81021543,  0.81227948],
        [-0.80475955, -0.52125993,  0.        , ...,  0.99678383,
          0.99696343,  0.99723211],
        ...,
        [-0.52720048, -0.80888089, -0.99678383, ...,  0.        ,
         -0.0022733 , -0.00580337],
        [-0.52913084, -0.81021543, -0.99696343, ...,  0.0022733 ,
          0.        , -0.00353009],
        [-0.53212296, -0.81227948, -0.99723211, ...,  0.00580337,
          0.00353009,  0.        ]],

       [[ 0.        , -0.01448461, -0.27219228, ...,  0.74687403,
          0.73838463,  0.61069905],
        [ 0.01448461,  0.        , -0.25822601, ...,  0.73716391,
          0.72853904,  0.59916516],
        [ 0.27219228,  0.25822601,  0.        , ...,  0.53767574,
          0.52694438,  0.37210188],
        ...,
        [-0.74687403, -0.73716391, -0.53767574, ...,  0.        ,
          0.01267643,  0.18532793],
        [-0.73838463, -0.72853904, -0.52694438, ..., -0.01267643,
          0.        ,  0.1728562 ],
        [-0.61069905, -0.59916516, -0.37210188, ..., -0.18532793,
         -0.1728562 ,  0.        ]]]), 'num': array([ 9.96284160e-01,  8.58754079e-02,  1.77122325e-05,  8.19449822e-04,
        8.30609645e-04,  8.05101479e-04,  6.15719291e-03, -4.78278106e-06,
        8.20087526e-04,  8.28616819e-04,  7.93556377e-04,  8.28513255e-07,
        8.68080801e-04,  7.89152837e-04])}
{'img': array([[[ 0.00000000e+00,  9.98177590e-01,  9.99070614e-01, ...,
          9.78362825e-01,  9.10370951e-01,  9.32151310e-01],
        [-9.98177590e-01,  0.00000000e+00,  1.72638478e-02, ...,
          2.65558637e-01,  4.67975181e-01,  4.17659638e-01],
        [-9.99070614e-01, -1.72638478e-02,  0.00000000e+00, ...,
          2.48875076e-01,  4.52648657e-01,  4.01911400e-01],
        ...,
        [-9.78362825e-01, -2.65558637e-01, -2.48875076e-01, ...,
          0.00000000e+00,  2.16487179e-01,  1.61375924e-01],
        [-9.10370951e-01, -4.67975181e-01, -4.52648657e-01, ...,
         -2.16487179e-01,  0.00000000e+00, -5.61007150e-02],
        [-9.32151310e-01, -4.17659638e-01, -4.01911400e-01, ...,
         -1.61375924e-01,  5.61007150e-02,  0.00000000e+00]],

       [[ 0.00000000e+00,  8.54929726e-01,  7.82088134e-02, ...,
         -3.37967155e-01, -4.03991663e-01, -6.64680121e-01],
        [-8.54929726e-01,  0.00000000e+00, -8.92881416e-01, ...,
         -6.29305493e-01, -5.72489612e-01, -2.93943274e-01],
        [-7.82088134e-02,  8.92881416e-01,  0.00000000e+00, ...,
         -4.10538804e-01, -4.74296739e-01, -7.21076204e-01],
        ...,
        [ 3.37967155e-01,  6.29305493e-01,  4.10538804e-01, ...,
          0.00000000e+00, -7.10602120e-02, -3.73064206e-01],
        [ 4.03991663e-01,  5.72489612e-01,  4.74296739e-01, ...,
          7.10602120e-02,  0.00000000e+00, -3.06191052e-01],
        [ 6.64680121e-01,  2.93943274e-01,  7.21076204e-01, ...,
          3.73064206e-01,  3.06191052e-01,  0.00000000e+00]],

       [[ 0.00000000e+00,  6.54511390e-01,  8.21760934e-01, ...,
          7.47017415e-01,  8.01671111e-01,  8.25606847e-01],
        [-6.54511390e-01,  0.00000000e+00,  2.48332317e-01, ...,
          9.99906213e-01,  9.97349399e-01,  9.93507134e-01],
        [-8.21760934e-01, -2.48332317e-01,  0.00000000e+00, ...,
          9.71985070e-01,  9.48038399e-01,  9.34132697e-01],
        ...,
        [-7.47017415e-01, -9.99906213e-01, -9.71985070e-01, ...,
          0.00000000e+00, -8.64134016e-02, -1.27365676e-01],
        [-8.01671111e-01, -9.97349399e-01, -9.48038399e-01, ...,
          8.64134016e-02,  0.00000000e+00, -4.11796111e-02],
        [-8.25606847e-01, -9.93507134e-01, -9.34132697e-01, ...,
          1.27365676e-01,  4.11796111e-02,  0.00000000e+00]],

       ...,

       [[ 0.00000000e+00,  7.59740366e-01,  9.13795074e-01, ...,
         -8.67391653e-01, -6.98764620e-01, -6.29359127e-01],
        [-7.59740366e-01,  0.00000000e+00,  2.85585878e-01, ...,
         -9.42067712e-01, -9.97836850e-01, -9.99631343e-01],
        [-9.13795074e-01, -2.85585878e-01,  0.00000000e+00, ...,
         -8.07041530e-01, -9.37505919e-01, -9.65753765e-01],
        ...,
        [ 8.67391653e-01,  9.42067712e-01,  8.07041530e-01, ...,
          0.00000000e+00,  2.72766562e-01,  3.60877194e-01],
        [ 6.98764620e-01,  9.97836850e-01,  9.37505919e-01, ...,
         -2.72766562e-01,  0.00000000e+00,  9.28070839e-02],
        [ 6.29359127e-01,  9.99631343e-01,  9.65753765e-01, ...,
         -3.60877194e-01, -9.28070839e-02,  0.00000000e+00]],

       [[ 0.00000000e+00,  7.55826200e-01,  9.24736390e-01, ...,
          5.38342138e-01,  5.41374911e-01,  5.41588796e-01],
        [-7.55826200e-01,  0.00000000e+00,  3.17818110e-01, ...,
          9.89446189e-01,  9.89961832e-01,  9.89997757e-01],
        [-9.24736390e-01, -3.17818110e-01,  0.00000000e+00, ...,
          9.84197183e-01,  9.83552806e-01,  9.83506822e-01],
        ...,
        [-5.38342138e-01, -9.89446189e-01, -9.84197183e-01, ...,
          0.00000000e+00, -3.60291036e-03, -3.85731692e-03],
        [-5.41374911e-01, -9.89961832e-01, -9.83552806e-01, ...,
          3.60291036e-03,  0.00000000e+00, -2.54408329e-04],
        [-5.41588796e-01, -9.89997757e-01, -9.83506822e-01, ...,
          3.85731692e-03,  2.54408329e-04,  0.00000000e+00]],

       [[ 0.00000000e+00, -2.58226008e-01, -5.99165157e-01, ...,
          7.28539042e-01,  5.99165157e-01,  6.38645636e-01],
        [ 2.58226008e-01,  0.00000000e+00, -3.72101878e-01, ...,
          5.26944381e-01,  3.72101878e-01,  4.18280507e-01],
        [ 5.99165157e-01,  3.72101878e-01,  0.00000000e+00, ...,
          1.72856203e-01,  0.00000000e+00,  5.02577773e-02],
        ...,
        [-7.28539042e-01, -5.26944381e-01, -1.72856203e-01, ...,
          0.00000000e+00,  1.72856203e-01,  1.23136510e-01],
        [-5.99165157e-01, -3.72101878e-01, -0.00000000e+00, ...,
         -1.72856203e-01,  0.00000000e+00, -5.02577773e-02],
        [-6.38645636e-01, -4.18280507e-01, -5.02577773e-02, ...,
         -1.23136510e-01,  5.02577773e-02,  0.00000000e+00]]]), 'num': array([ 9.96086452e-01,  8.80498940e-02,  1.81607312e-05,  8.17314634e-04,
        8.48372590e-04,  8.15680004e-04,  7.30867265e-03, -2.28848097e-05,
        8.35622482e-04,  8.48290858e-04,  8.15421188e-04,  7.65145615e-07,
        8.91085378e-04,  8.05496339e-04])}
