state_0,state_1,state_2,state_3,state_4,state_5,state_6,state_7,state_8,state_9,state_10,state_11,state_12,state_13,state_14,state_15,state_16,state_17,state_18,state_19,state_20,state_21,state_22,state_23,state_24,state_25,state_26,state_27,state_28,state_29,state_30,state_31,state_32,state_33,state_34,state_35,state_36,state_37,state_38,state_39,state_40,state_41,state_42,state_43,state_44,state_45,state_46,state_47,state_48,state_49,state_50,state_51,state_52,state_53,state_54,state_55,state_56,state_57,state_58,state_59,state_60,state_61,state_62,state_63,state_64,state_65,state_66,state_67,state_68,state_69,state_70,state_71,state_72,state_73,state_74,state_75,state_76,state_77,state_78,state_79,state_80,state_81,state_82,state_83,state_84,state_85,state_86,state_87,state_88,state_89,state_90,state_91,state_92,state_93,state_94,state_95,state_96,state_97,state_98,state_99,state_100,state_101,state_102,state_103,state_104,state_105,state_106,state_107,state_108,state_109,state_110,state_111,state_112,state_113,state_114,state_115,state_116,state_117,state_118,state_119,state_120,state_121,state_122,state_123,state_124,state_125,state_126,state_127,state_128,state_129,state_130,state_131,state_132,state_133,state_134,state_135,state_136,state_137,state_138,state_139,state_140,state_141,state_142,state_143,state_144,state_145,state_146,state_147,state_148,state_149,state_150,state_151,state_152,state_153,state_154,state_155,state_156,state_157,state_158,state_159,state_160,state_161,state_162,state_163,state_164,state_165,state_166,state_167,state_168,state_169,state_170,state_171,state_172,state_173,state_174,state_175,state_176,state_177,state_178,state_179,state_180,state_181,state_182,state_183,state_184,state_185,state_186,state_187,state_188,state_189,state_190,state_191,state_192,state_193,state_194,state_195,state_196,state_197,state_198,state_199,state_200,state_201,state_202,state_203,state_204,state_205,state_206,state_207,state_208,state_209,state_210,state_211,state_212,state_213,state_214,state_215,state_216,state_217,state_218,state_219,state_220,state_221,state_222,state_223,state_224,state_225,state_226,state_227,state_228,state_229,state_230,state_231,state_232,state_233,state_234,state_235,state_236,state_237,state_238,state_239,state_240,state_241,state_242,state_243,state_244,state_245,state_246,state_247,state_248,state_249,state_250,state_251,state_252,state_253,state_254,state_255,state_256,state_257,state_258,state_259,state_260,state_261,state_262,state_263,state_264,state_265,state_266,state_267,state_268,state_269,state_270,state_271,state_272,state_273,state_274,state_275,state_276,state_277,state_278,state_279,state_280,state_281,state_282,state_283,state_284,state_285,state_286,state_287
{'img': array([[[ 0.        ,  0.09754467,  0.53207434, ..., -0.87664431,
         -0.9189516 , -0.93273783],
        [-0.09754467,  0.        ,  0.44694612, ..., -0.91939627,
         -0.95303798, -0.96345999],
        [-0.53207434, -0.44694612,  0.        , ..., -0.9982544 ,
         -0.98790849, -0.98158916],
        ...,
        [ 0.87664431,  0.91939627,  0.9982544 , ...,  0.        ,
         -0.09642096, -0.13269779],
        [ 0.9189516 ,  0.95303798,  0.98790849, ...,  0.09642096,
          0.        , -0.03651124],
        [ 0.93273783,  0.96345999,  0.98158916, ...,  0.13269779,
          0.03651124,  0.        ]],

       [[ 0.        , -0.35320873, -0.22479144, ..., -0.29930566,
         -0.69959094, -0.46588864],
        [ 0.35320873,  0.        ,  0.13386662, ...,  0.05700291,
         -0.40211546, -0.12332517],
        [ 0.22479144, -0.13386662,  0.        , ..., -0.07715911,
         -0.52106296, -0.25505989],
        ...,
        [ 0.29930566, -0.05700291,  0.07715911, ...,  0.        ,
         -0.45365286, -0.17969241],
        [ 0.69959094,  0.40211546,  0.52106296, ...,  0.45365286,
          0.        ,  0.28613067],
        [ 0.46588864,  0.12332517,  0.25505989, ...,  0.17969241,
         -0.28613067,  0.        ]],

       [[ 0.        , -0.07812531, -0.03232025, ..., -0.93107532,
         -0.97101432, -0.97582875],
        [ 0.07812531,  0.        ,  0.04586303, ..., -0.95673175,
         -0.98672007, -0.98991941],
        [ 0.03232025, -0.04586303,  0.        , ..., -0.94238019,
         -0.97823225, -0.9823821 ],
        ...,
        [ 0.93107532,  0.95673175,  0.94238019, ...,  0.        ,
          0.13170541,  0.15253463],
        [ 0.97101432,  0.98672007,  0.97823225, ..., -0.13170541,
          0.        ,  0.02104168],
        [ 0.97582875,  0.98991941,  0.9823821 , ..., -0.15253463,
         -0.02104168,  0.        ]],

       ...,

       [[ 0.        , -0.14687865,  0.18568898, ...,  0.81610479,
          0.71598178,  0.86251034],
        [ 0.14687865,  0.        ,  0.32799931, ...,  0.89213549,
          0.81075538,  0.92748239],
        [-0.18568898, -0.32799931,  0.        , ...,  0.69460116,
          0.57389683,  0.75354411],
        ...,
        [-0.81610479, -0.89213549, -0.69460116, ...,  0.        ,
         -0.15596954,  0.08546693],
        [-0.71598178, -0.81075538, -0.57389683, ...,  0.15596954,
          0.        ,  0.23981982],
        [-0.86251034, -0.92748239, -0.75354411, ..., -0.08546693,
         -0.23981982,  0.        ]],

       [[ 0.        , -0.27462067, -0.49040563, ..., -0.47046922,
         -0.3521054 , -0.        ],
        [ 0.27462067,  0.        , -0.23222048, ..., -0.69471071,
         -0.59560194, -0.27462067],
        [ 0.49040563,  0.23222048,  0.        , ..., -0.84275322,
         -0.76585808, -0.49040563],
        ...,
        [ 0.47046922,  0.69471071,  0.84275322, ...,  0.        ,
         -0.12963695, -0.47046922],
        [ 0.3521054 ,  0.59560194,  0.76585808, ...,  0.12963695,
          0.        , -0.3521054 ],
        [ 0.        ,  0.27462067,  0.49040563, ...,  0.47046922,
          0.3521054 ,  0.        ]],

       [[ 0.        , -0.22212205, -0.19968327, ..., -0.74652609,
         -0.76508996, -0.79041597],
        [ 0.22212205,  0.        ,  0.02295366, ..., -0.87566729,
         -0.88900673, -0.9067359 ],
        [ 0.19968327, -0.02295366,  0.        , ..., -0.86435191,
         -0.87826216, -0.89681746],
        ...,
        [ 0.74652609,  0.87566729,  0.86435191, ...,  0.        ,
          0.02835168,  0.06860828],
        [ 0.76508996,  0.88900673,  0.87826216, ..., -0.02835168,
          0.        ,  0.04029582],
        [ 0.79041597,  0.9067359 ,  0.89681746, ..., -0.06860828,
         -0.04029582,  0.        ]]]), 'num': array([9.98725145e-01, 3.21499129e-03, 1.05905335e-05, 1.73132201e-03,
       1.77552597e-03, 1.72763834e-03, 5.01312759e-02, 1.28928235e-05,
       1.73021691e-03, 1.71631108e-03, 1.90328771e-03, 1.07175564e-06,
       1.80433658e-03, 1.62828558e-03])}
{'img': array([[[ 0.        ,  0.44694612,  0.44694612, ..., -0.95303798,
         -0.96345999, -0.94456114],
        [-0.44694612,  0.        ,  0.        , ..., -0.98790849,
         -0.98158916, -0.99171576],
        [-0.44694612,  0.        ,  0.        , ..., -0.98790849,
         -0.98158916, -0.99171576],
        ...,
        [ 0.95303798,  0.98790849,  0.98790849, ...,  0.        ,
         -0.03651124,  0.02685517],
        [ 0.96345999,  0.98158916,  0.98158916, ...,  0.03651124,
          0.        ,  0.06333533],
        [ 0.94456114,  0.99171576,  0.99171576, ..., -0.02685517,
         -0.06333533,  0.        ]],

       [[ 0.        ,  0.13386662,  0.09132814, ..., -0.40211546,
         -0.12332517,  0.02069099],
        [-0.13386662,  0.        , -0.04280104, ..., -0.52106296,
         -0.25505989, -0.1133332 ],
        [-0.09132814,  0.04280104,  0.        , ..., -0.484054  ,
         -0.21344075, -0.07070407],
        ...,
        [ 0.40211546,  0.52106296,  0.484054  , ...,  0.        ,
          0.28613067,  0.42097382],
        [ 0.12332517,  0.25505989,  0.21344075, ..., -0.28613067,
          0.        ,  0.14383181],
        [-0.02069099,  0.1133332 ,  0.07070407, ..., -0.42097382,
         -0.14383181,  0.        ]],

       [[ 0.        ,  0.04586303,  0.03025994, ..., -0.98672007,
         -0.98991941, -0.99559879],
        [-0.04586303,  0.        , -0.01561393, ..., -0.97823225,
         -0.9823821 , -0.99025297],
        [-0.03025994,  0.01561393,  0.        , ..., -0.9813531 ,
         -0.98518032, -0.99230697],
        ...,
        [ 0.98672007,  0.97823225,  0.9813531 , ...,  0.        ,
          0.02104168,  0.0692417 ],
        [ 0.98991941,  0.9823821 ,  0.98518032, ..., -0.02104168,
          0.        ,  0.04823519],
        [ 0.99559879,  0.99025297,  0.99230697, ..., -0.0692417 ,
         -0.04823519,  0.        ]],

       ...,

       [[ 0.        ,  0.32799931,  0.49825154, ...,  0.81075538,
          0.92748239,  0.99998652],
        [-0.32799931,  0.        ,  0.18630118, ...,  0.57389683,
          0.75354411,  0.94296233],
        [-0.49825154, -0.18630118,  0.        , ...,  0.41128225,
          0.61787767,  0.86443403],
        ...,
        [-0.81075538, -0.57389683, -0.41128225, ...,  0.        ,
          0.23981982,  0.58116795],
        [-0.92748239, -0.75354411, -0.61787767, ..., -0.23981982,
          0.        ,  0.36904653],
        [-0.99998652, -0.94296233, -0.86443403, ..., -0.58116795,
         -0.36904653,  0.        ]],

       [[ 0.        , -0.41401365, -0.59358188, ..., -0.45482524,
         -0.2985743 , -0.        ],
        [ 0.41401365,  0.        , -0.20713293, ..., -0.78272665,
         -0.66691242, -0.41401365],
        [ 0.59358188,  0.20713293,  0.        , ..., -0.89466392,
         -0.80679119, -0.59358188],
        ...,
        [ 0.45482524,  0.78272665,  0.89466392, ...,  0.        ,
         -0.16817451, -0.45482524],
        [ 0.2985743 ,  0.66691242,  0.80679119, ...,  0.16817451,
          0.        , -0.2985743 ],
        [ 0.        ,  0.41401365,  0.59358188, ...,  0.45482524,
          0.2985743 ,  0.        ]],

       [[ 0.        ,  0.02295366,  0.10119904, ..., -0.88900673,
         -0.9067359 , -0.9193895 ],
        [-0.02295366,  0.        ,  0.07833656, ..., -0.87826216,
         -0.89681746, -0.91011848],
        [-0.10119904, -0.07833656,  0.        , ..., -0.8381043 ,
         -0.85940536, -0.87486305],
        ...,
        [ 0.88900673,  0.87826216,  0.8381043 , ...,  0.        ,
          0.04029582,  0.07129369],
        [ 0.9067359 ,  0.89681746,  0.85940536, ..., -0.04029582,
          0.        ,  0.0310425 ],
        [ 0.9193895 ,  0.91011848,  0.87486305, ..., -0.07129369,
         -0.0310425 ,  0.        ]]]), 'num': array([8.94225246e-01, 4.46306669e-01, 4.76509125e-06, 1.25467389e-03,
       1.27469528e-03, 1.23198298e-03, 3.40404638e-02, 0.00000000e+00,
       1.25413998e-03, 1.24152651e-03, 1.37595903e-03, 7.40852724e-07,
       1.30017259e-03, 1.18288042e-03])}
{'img': array([[[ 0.        ,  0.        ,  0.11628065, ..., -0.98158916,
         -0.99171576, -0.99171576],
        [ 0.        ,  0.        ,  0.11628065, ..., -0.98158916,
         -0.99171576, -0.99171576],
        [-0.11628065, -0.11628065,  0.        , ..., -0.95272032,
         -0.9700519 , -0.9700519 ],
        ...,
        [ 0.98158916,  0.98158916,  0.95272032, ...,  0.        ,
          0.06333533,  0.06333533],
        [ 0.99171576,  0.99171576,  0.9700519 , ..., -0.06333533,
          0.        ,  0.        ],
        [ 0.99171576,  0.99171576,  0.9700519 , ..., -0.06333533,
          0.        ,  0.        ]],

       [[ 0.        , -0.04280104,  0.06327059, ..., -0.25505989,
         -0.1133332 , -0.18335031],
        [ 0.04280104,  0.        ,  0.10592789, ..., -0.21344075,
         -0.07070407, -0.14110683],
        [-0.06327059, -0.10592789,  0.        , ..., -0.31572678,
         -0.17596906, -0.24518095],
        ...,
        [ 0.25505989,  0.21344075,  0.31572678, ...,  0.        ,
          0.14383181,  0.07344998],
        [ 0.1133332 ,  0.07070407,  0.17596906, ..., -0.14383181,
          0.        , -0.07075706],
        [ 0.18335031,  0.14110683,  0.24518095, ..., -0.07344998,
          0.07075706,  0.        ]],

       [[ 0.        , -0.01561393,  0.08397403, ..., -0.9823821 ,
         -0.99025297, -0.99059514],
        [ 0.01561393,  0.        ,  0.09952258, ..., -0.98518032,
         -0.99230697, -0.99261077],
        [-0.08397403, -0.09952258,  0.        , ..., -0.96321891,
         -0.97505939, -0.9756065 ],
        ...,
        [ 0.9823821 ,  0.98518032,  0.96321891, ...,  0.        ,
          0.04823519,  0.05071075],
        [ 0.99025297,  0.99230697,  0.97505939, ..., -0.04823519,
          0.        ,  0.00247859],
        [ 0.99059514,  0.99261077,  0.9756065 , ..., -0.05071075,
         -0.00247859,  0.        ]],

       ...,

       [[ 0.        ,  0.18630118,  0.39490632, ...,  0.75354411,
          0.94296233,  0.86222213],
        [-0.18630118,  0.        ,  0.21683368, ...,  0.61787767,
          0.86443403,  0.75275972],
        [-0.39490632, -0.21683368,  0.        , ...,  0.43268673,
          0.73485558,  0.59210987],
        ...,
        [-0.75354411, -0.61787767, -0.43268673, ...,  0.        ,
          0.36904653,  0.18512957],
        [-0.94296233, -0.86443403, -0.73485558, ..., -0.36904653,
          0.        , -0.19060579],
        [-0.86222213, -0.75275972, -0.59210987, ..., -0.18512957,
          0.19060579,  0.        ]],

       [[ 0.        , -0.45225239, -0.56328379, ..., -0.4127587 ,
         -0.28815504, -0.        ],
        [ 0.45225239,  0.        , -0.12870754, ..., -0.78006511,
         -0.69007215, -0.45225239],
        [ 0.56328379,  0.12870754,  0.        , ..., -0.85410909,
         -0.77748341, -0.56328379],
        ...,
        [ 0.4127587 ,  0.78006511,  0.85410909, ...,  0.        ,
         -0.13278777, -0.4127587 ],
        [ 0.28815504,  0.69007215,  0.77748341, ...,  0.13278777,
          0.        , -0.28815504],
        [ 0.        ,  0.45225239,  0.56328379, ...,  0.4127587 ,
          0.28815504,  0.        ]],

       [[ 0.        ,  0.07833656,  0.10980575, ..., -0.89681746,
         -0.91011848, -0.92179451],
        [-0.07833656,  0.        ,  0.03160546, ..., -0.85940536,
         -0.87486305, -0.88859238],
        [-0.10980575, -0.03160546,  0.        , ..., -0.84281632,
         -0.85911725, -0.87365111],
        ...,
        [ 0.89681746,  0.85940536,  0.84281632, ...,  0.        ,
          0.0310425 ,  0.06012545],
        [ 0.91011848,  0.87486305,  0.85911725, ..., -0.0310425 ,
          0.        ,  0.02911014],
        [ 0.92179451,  0.88859238,  0.87365111, ..., -0.06012545,
         -0.02911014,  0.        ]]]), 'num': array([9.94477066e-01, 8.36416259e-02, 9.22832259e-06, 1.40128529e-03,
       1.40554452e-03, 1.35585355e-03, 6.32808512e-02, 6.67278711e-05,
       1.34506351e-03, 1.32220567e-03, 1.46029923e-03, 8.23573245e-07,
       1.39091942e-03, 1.25349192e-03])}
{'img': array([[[ 0.        ,  0.11628065, -0.29396146, ..., -0.99171576,
         -0.99171576, -0.96744011],
        [-0.11628065,  0.        , -0.40311039, ..., -0.9700519 ,
         -0.9700519 , -0.99030802],
        [ 0.29396146,  0.40311039,  0.        , ..., -0.98565892,
         -0.98565892, -0.85029431],
        ...,
        [ 0.99171576,  0.9700519 ,  0.98565892, ...,  0.        ,
          0.        ,  0.3752727 ],
        [ 0.99171576,  0.9700519 ,  0.98565892, ...,  0.        ,
          0.        ,  0.3752727 ],
        [ 0.96744011,  0.99030802,  0.85029431, ..., -0.3752727 ,
         -0.3752727 ,  0.        ]],

       [[ 0.        ,  0.10592789, -0.22484518, ..., -0.07070407,
         -0.14110683,  0.48118616],
        [-0.10592789,  0.        , -0.32679572, ..., -0.17596906,
         -0.24518095,  0.38562057],
        [ 0.22484518,  0.32679572,  0.        , ...,  0.15538881,
          0.08510175,  0.66596858],
        ...,
        [ 0.07070407,  0.17596906, -0.15538881, ...,  0.        ,
         -0.07075706,  0.5419624 ],
        [ 0.14110683,  0.24518095, -0.08510175, ...,  0.07075706,
          0.        ,  0.60006844],
        [-0.48118616, -0.38562057, -0.66596858, ..., -0.5419624 ,
         -0.60006844,  0.        ]],

       [[ 0.        ,  0.09952258,  0.19690776, ..., -0.99230697,
         -0.99261077, -0.99958108],
        [-0.09952258,  0.        ,  0.09835604, ..., -0.97505939,
         -0.9756065 , -0.99173804],
        [-0.19690776, -0.09835604,  0.        , ..., -0.94850207,
         -0.9492843 , -0.97431232],
        ...,
        [ 0.99230697,  0.97505939,  0.94850207, ...,  0.        ,
          0.00247859,  0.0950302 ],
        [ 0.99261077,  0.9756065 ,  0.9492843 , ..., -0.00247859,
          0.        ,  0.09256253],
        [ 0.99958108,  0.99173804,  0.97431232, ..., -0.0950302 ,
         -0.09256253,  0.        ]],

       ...,

       [[ 0.        ,  0.21683368, -0.0951412 , ...,  0.86443403,
          0.75275972,  0.85688026],
        [-0.21683368,  0.        , -0.30872774, ...,  0.73485558,
          0.59210987,  0.72471272],
        [ 0.0951412 ,  0.30872774,  0.        , ...,  0.90834466,
          0.81197606,  0.90204003],
        ...,
        [-0.86443403, -0.73485558, -0.90834466, ...,  0.        ,
         -0.19060579, -0.01483578],
        [-0.75275972, -0.59210987, -0.81197606, ...,  0.19060579,
          0.        ,  0.17602102],
        [-0.85688026, -0.72471272, -0.90204003, ...,  0.01483578,
         -0.17602102,  0.        ]],

       [[ 0.        , -0.36597841, -0.44427655, ..., -0.29609035,
         -0.        , -0.29755498],
        [ 0.36597841,  0.        , -0.08557784, ..., -0.6251165 ,
         -0.36597841, -0.62631291],
        [ 0.44427655,  0.08557784,  0.        , ..., -0.68961945,
         -0.44427655, -0.69072934],
        ...,
        [ 0.29609035,  0.6251165 ,  0.68961945, ...,  0.        ,
         -0.29609035,  0.00153376],
        [ 0.        ,  0.36597841,  0.44427655, ...,  0.29609035,
          0.        ,  0.29755498],
        [ 0.29755498,  0.62631291,  0.69072934, ..., -0.00153376,
         -0.29755498,  0.        ]],

       [[ 0.        ,  0.03160546, -0.05385679, ..., -0.87486305,
         -0.88859238, -0.86699029],
        [-0.03160546,  0.        , -0.08538947, ..., -0.85911725,
         -0.87365111, -0.85080737],
        [ 0.05385679,  0.08538947,  0.        , ..., -0.89967997,
         -0.91200673, -0.89257019],
        ...,
        [ 0.87486305,  0.85911725,  0.89967997, ...,  0.        ,
          0.02911014, -0.01602177],
        [ 0.88859238,  0.87365111,  0.91200673, ..., -0.02911014,
          0.        , -0.04512138],
        [ 0.86699029,  0.85080737,  0.89257019, ...,  0.01602177,
          0.04512138,  0.        ]]]), 'num': array([9.94610112e-01, 8.19047219e-02, 9.03668703e-06, 1.40416214e-03,
       1.43891863e-03, 1.39025954e-03, 6.34622896e-02, 3.19759695e-05,
       1.33742968e-03, 1.29926706e-03, 1.42730996e-03, 8.52987927e-07,
       1.38153225e-03, 1.21700186e-03])}
{'img': array([[[ 0.        , -0.40311039, -0.62691951, ..., -0.9700519 ,
         -0.99030802, -0.95026276],
        [ 0.40311039,  0.        , -0.25966937, ..., -0.98565892,
         -0.85029431, -0.74408579],
        [ 0.62691951,  0.25966937,  0.        , ..., -0.90802928,
         -0.68446122, -0.54508087],
        ...,
        [ 0.9700519 ,  0.98565892,  0.90802928, ...,  0.        ,
          0.3752727 ,  0.53293871],
        [ 0.99030802,  0.85029431,  0.68446122, ..., -0.3752727 ,
          0.        ,  0.17645016],
        [ 0.95026276,  0.74408579,  0.54508087, ..., -0.53293871,
         -0.17645016,  0.        ]],

       [[ 0.        , -0.32679572, -0.36259251, ..., -0.24518095,
          0.38562057,  0.41465769],
        [ 0.32679572,  0.        , -0.03812782, ...,  0.08510175,
          0.66596858,  0.68926765],
        [ 0.36259251,  0.03812782,  0.        , ...,  0.12302937,
          0.69392692,  0.71639033],
        ...,
        [ 0.24518095, -0.08510175, -0.12302937, ...,  0.        ,
          0.60006844,  0.62511038],
        [-0.38562057, -0.66596858, -0.69392692, ..., -0.60006844,
          0.        ,  0.03168097],
        [-0.41465769, -0.68926765, -0.71639033, ..., -0.62511038,
         -0.03168097,  0.        ]],

       [[ 0.        ,  0.09835604,  0.05679074, ..., -0.9756065 ,
         -0.99173804, -0.99956531],
        [-0.09835604,  0.        , -0.04168192, ..., -0.9492843 ,
         -0.97431232, -0.99761844],
        [-0.05679074,  0.04168192,  0.        , ..., -0.96156489,
         -0.98285239, -0.99962642],
        ...,
        [ 0.9756065 ,  0.9492843 ,  0.96156489, ...,  0.        ,
          0.09256253,  0.24819404],
        [ 0.99173804,  0.97431232,  0.98285239, ..., -0.09256253,
          0.        ,  0.15746223],
        [ 0.99956531,  0.99761844,  0.99962642, ..., -0.24819404,
         -0.15746223,  0.        ]],

       ...,

       [[ 0.        , -0.30872774, -0.42299009, ...,  0.59210987,
          0.72471272,  0.96711777],
        [ 0.30872774,  0.        , -0.12257842, ...,  0.81197606,
          0.90204003,  0.99839291],
        [ 0.42299009,  0.12257842,  0.        , ...,  0.8774007 ,
          0.94814886,  0.98391722],
        ...,
        [-0.59210987, -0.81197606, -0.8774007 , ...,  0.        ,
          0.17602102,  0.62876819],
        [-0.72471272, -0.90204003, -0.94814886, ..., -0.17602102,
          0.        ,  0.48207818],
        [-0.96711777, -0.99839291, -0.98391722, ..., -0.62876819,
         -0.48207818,  0.        ]],

       [[ 0.        , -0.26583622, -0.35456222, ..., -0.        ,
         -0.30272797, -0.54902705],
        [ 0.26583622,  0.        , -0.09323895, ..., -0.26583622,
         -0.54519766, -0.7514592 ],
        [ 0.35456222,  0.09323895,  0.        , ..., -0.35456222,
         -0.62098557, -0.80970282],
        ...,
        [ 0.        ,  0.26583622,  0.35456222, ...,  0.        ,
          0.30272797,  0.54902705],
        [ 0.30272797,  0.54519766,  0.62098557, ..., -0.30272797,
          0.        ,  0.27024363],
        [ 0.54902705,  0.7514592 ,  0.80970282, ..., -0.54902705,
         -0.27024363,  0.        ]],

       [[ 0.        , -0.08538947, -0.21854638, ..., -0.87365111,
         -0.85080737, -0.78623898],
        [ 0.08538947,  0.        , -0.13442286, ..., -0.91200673,
         -0.89257019, -0.83613144],
        [ 0.21854638,  0.13442286,  0.        , ..., -0.95886634,
         -0.94508168, -0.90227762],
        ...,
        [ 0.87365111,  0.91200673,  0.95886634, ...,  0.        ,
         -0.04512138, -0.15730185],
        [ 0.85080737,  0.89257019,  0.94508168, ...,  0.04512138,
          0.        , -0.11258199],
        [ 0.78623898,  0.83613144,  0.90227762, ...,  0.15730185,
          0.11258199,  0.        ]]]), 'num': array([ 9.98450204e-01,  4.03108393e-02,  9.58139364e-06,  1.40902848e-03,
        1.41607362e-03,  1.39071111e-03,  3.81717650e-02, -1.40902848e-05,
        1.37436638e-03,  1.32018923e-03,  1.44352619e-03,  8.74961232e-07,
        1.41230769e-03,  1.22807077e-03])}
{'img': array([[[ 0.        , -0.25966937,  0.06255031, ..., -0.85029431,
         -0.74408579, -0.79323741],
        [ 0.25966937,  0.        ,  0.31956557, ..., -0.68446122,
         -0.54508087, -0.60791153],
        [-0.06255031, -0.31956557,  0.        , ..., -0.88154997,
         -0.7844176 , -0.82977177],
        ...,
        [ 0.85029431,  0.68446122,  0.88154997, ...,  0.        ,
          0.17645016,  0.10026802],
        [ 0.74408579,  0.54508087,  0.7844176 , ..., -0.17645016,
          0.        , -0.07686616],
        [ 0.79323741,  0.60791153,  0.82977177, ..., -0.10026802,
          0.07686616,  0.        ]],

       [[ 0.        , -0.03812782,  0.24811293, ...,  0.66596858,
          0.68926765,  0.1503588 ],
        [ 0.03812782,  0.        ,  0.28486813, ...,  0.69392692,
          0.71639033,  0.18794384],
        [-0.24811293, -0.28486813,  0.        , ...,  0.46005725,
          0.48795551, -0.09963501],
        ...,
        [-0.66596858, -0.69392692, -0.46005725, ...,  0.        ,
          0.03168097, -0.54623288],
        [-0.68926765, -0.71639033, -0.48795551, ..., -0.03168097,
          0.        , -0.57249573],
        [-0.1503588 , -0.18794384,  0.09963501, ...,  0.54623288,
          0.57249573,  0.        ]],

       [[ 0.        , -0.04168192, -0.09835604, ..., -0.97431232,
         -0.99761844, -0.99790123],
        [ 0.04168192,  0.        , -0.05679074, ..., -0.98285239,
         -0.99962642, -0.9943349 ],
        [ 0.09835604,  0.05679074,  0.        , ..., -0.99173804,
         -0.99956531, -0.98669372],
        ...,
        [ 0.97431232,  0.98285239,  0.99173804, ...,  0.        ,
          0.15746223,  0.28781933],
        [ 0.99761844,  0.99962642,  0.99956531, ..., -0.15746223,
          0.        ,  0.13342961],
        [ 0.99790123,  0.9943349 ,  0.98669372, ..., -0.28781933,
         -0.13342961,  0.        ]],

       ...,

       [[ 0.        , -0.12100914,  0.42694807, ...,  0.88473465,
          0.98910523,  0.99524807],
        [ 0.12100914,  0.        ,  0.53323628, ...,  0.93463484,
          0.99965047,  0.97615149],
        [-0.42694807, -0.53323628,  0.        , ...,  0.60104605,
          0.83157317,  0.94155183],
        ...,
        [-0.88473465, -0.93463484, -0.60104605, ...,  0.        ,
          0.33077512,  0.5500285 ],
        [-0.98910523, -0.99965047, -0.83157317, ..., -0.33077512,
          0.        ,  0.2428217 ],
        [-0.99524807, -0.97615149, -0.94155183, ..., -0.5500285 ,
         -0.2428217 ,  0.        ]],

       [[ 0.        , -0.24116881, -0.47764258, ..., -0.30542121,
         -0.55357935, -0.65048175],
        [ 0.24116881,  0.        , -0.25166421, ..., -0.52605127,
         -0.73808397, -0.81445459],
        [ 0.47764258,  0.25166421,  0.        , ..., -0.72314866,
         -0.88412853, -0.9342635 ],
        ...,
        [ 0.30542121,  0.52605127,  0.72314866, ...,  0.        ,
          0.27277416,  0.38742592],
        [ 0.55357935,  0.73808397,  0.88412853, ..., -0.27277416,
          0.        ,  0.12126326],
        [ 0.65048175,  0.81445459,  0.9342635 , ..., -0.38742592,
         -0.12126326,  0.        ]],

       [[ 0.        , -0.13442286, -0.10103572, ..., -0.89257019,
         -0.83613144, -0.79888031],
        [ 0.13442286,  0.        ,  0.03361627, ..., -0.94508168,
         -0.90227762, -0.87248373],
        [ 0.10103572, -0.03361627,  0.        , ..., -0.93356059,
         -0.88727382, -0.85556425],
        ...,
        [ 0.89257019,  0.94508168,  0.93356059, ...,  0.        ,
         -0.11258199, -0.17665016],
        [ 0.83613144,  0.90227762,  0.88727382, ...,  0.11258199,
          0.        , -0.0647156 ],
        [ 0.79888031,  0.87248373,  0.85556425, ...,  0.17665016,
          0.0647156 ,  0.        ]]]), 'num': array([9.97696565e-01, 3.95218873e-02, 9.39386939e-06, 1.40908041e-03,
       1.44361669e-03, 1.39526589e-03, 5.49963116e-02, 2.76290276e-05,
       1.36957090e-03, 1.30111998e-03, 1.41331686e-03, 1.00996866e-06,
       1.40369133e-03, 1.19854864e-03])}
{'img': array([[[ 0.        ,  0.31956557,  0.04789889, ..., -0.54508087,
         -0.60791153, -0.47882377],
        [-0.31956557,  0.        , -0.2738115 , ..., -0.7844176 ,
         -0.82977177, -0.73426639],
        [-0.04789889,  0.2738115 ,  0.        , ..., -0.58461286,
         -0.6452457 , -0.52032513],
        ...,
        [ 0.54508087,  0.7844176 ,  0.58461286, ...,  0.        ,
         -0.07686616,  0.07709459],
        [ 0.60791153,  0.82977177,  0.6452457 , ...,  0.07686616,
          0.        ,  0.15350389],
        [ 0.47882377,  0.73426639,  0.52032513, ..., -0.07709459,
         -0.15350389,  0.        ]],

       [[ 0.        ,  0.28486813,  0.3822308 , ...,  0.71639033,
          0.18794384,  0.58422192],
        [-0.28486813,  0.        ,  0.10315652, ...,  0.48795551,
         -0.09963501,  0.32881844],
        [-0.3822308 , -0.10315652,  0.        , ...,  0.39531026,
         -0.20174669,  0.22964393],
        ...,
        [-0.71639033, -0.48795551, -0.39531026, ...,  0.        ,
         -0.57249573, -0.17380659],
        [-0.18794384,  0.09963501,  0.20174669, ...,  0.57249573,
          0.        ,  0.42127688],
        [-0.58422192, -0.32881844, -0.22964393, ...,  0.17380659,
         -0.42127688,  0.        ]],

       [[ 0.        , -0.05679074, -0.18568947, ..., -0.99962642,
         -0.9943349 , -0.96691388],
        [ 0.05679074,  0.        , -0.12958671, ..., -0.99956531,
         -0.98669372, -0.95086589],
        [ 0.18568947,  0.12958671,  0.        , ..., -0.9873166 ,
         -0.95730451, -0.90272784],
        ...,
        [ 0.99962642,  0.99956531,  0.9873166 , ...,  0.        ,
          0.13342961,  0.28143506],
        [ 0.9943349 ,  0.98669372,  0.95730451, ..., -0.13342961,
          0.        ,  0.15088212],
        [ 0.96691388,  0.95086589,  0.90272784, ..., -0.28143506,
         -0.15088212,  0.        ]],

       ...,

       [[ 0.        ,  0.4454403 ,  0.27143393, ...,  0.85538687,
          0.87120627,  0.93320588],
        [-0.4454403 ,  0.        , -0.1856992 , ...,  0.53510435,
          0.56132685,  0.99557557],
        [-0.27143393,  0.1856992 ,  0.        , ...,  0.68267317,
          0.70524707,  0.99570826],
        ...,
        [-0.85538687, -0.53510435, -0.68267317, ...,  0.        ,
          0.03135179,  0.79076758],
        [-0.87120627, -0.56132685, -0.70524707, ..., -0.03135179,
          0.        ,  0.7711879 ],
        [-0.93320588, -0.99557557, -0.99570826, ..., -0.79076758,
         -0.7711879 ,  0.        ]],

       [[ 0.        , -0.421789  , -0.63171628, ..., -0.5573289 ,
         -0.65466441, -0.77095567],
        [ 0.421789  ,  0.        , -0.24580267, ..., -0.85553473,
         -0.91241889, -0.96765359],
        [ 0.63171628,  0.24580267,  0.        , ..., -0.95655004,
         -0.98502239, -0.99997762],
        ...,
        [ 0.5573289 ,  0.85553473,  0.95655004, ...,  0.        ,
          0.12226664,  0.28516164],
        [ 0.65466441,  0.91241889,  0.98502239, ..., -0.12226664,
          0.        ,  0.16583209],
        [ 0.77095567,  0.96765359,  0.99997762, ..., -0.28516164,
         -0.16583209,  0.        ]],

       [[ 0.        ,  0.03361627,  0.08878217, ..., -0.90227762,
         -0.87248373, -0.83273032],
        [-0.03361627,  0.        ,  0.05524848, ..., -0.88727382,
         -0.85556425, -0.81364706],
        [-0.08878217, -0.05524848,  0.        , ..., -0.86043566,
         -0.82565554, -0.78028512],
        ...,
        [ 0.90227762,  0.88727382,  0.86043566, ...,  0.        ,
         -0.0647156 , -0.14053569],
        [ 0.87248373,  0.85556425,  0.82565554, ...,  0.0647156 ,
          0.        , -0.07616775],
        [ 0.83273032,  0.81364706,  0.78028512, ...,  0.14053569,
          0.07616775,  0.        ]]]), 'num': array([9.99269790e-01, 2.39431908e-02, 9.51538092e-06, 1.41147112e-03,
       1.41835635e-03, 1.38393022e-03, 2.95236244e-02, 6.88522498e-06,
       1.38861217e-03, 1.30543866e-03, 1.40754654e-03, 1.18505315e-06,
       1.41583267e-03, 1.19504464e-03])}
{'img': array([[[ 0.        , -0.2738115 , -0.17464519, ..., -0.82977177,
         -0.73426639, -0.70736824],
        [ 0.2738115 ,  0.        ,  0.10163257, ..., -0.6452457 ,
         -0.52032513, -0.48679266],
        [ 0.17464519, -0.10163257,  0.        , ..., -0.71954938,
         -0.60442187, -0.57304988],
        ...,
        [ 0.82977177,  0.6452457 ,  0.71954938, ...,  0.        ,
          0.15350389,  0.19173597],
        [ 0.73426639,  0.52032513,  0.60442187, ..., -0.15350389,
          0.        ,  0.03880766],
        [ 0.70736824,  0.48679266,  0.57304988, ..., -0.19173597,
         -0.03880766,  0.        ]],

       [[ 0.        ,  0.10315652, -0.06200597, ..., -0.09963501,
          0.32881844, -0.35379202],
        [-0.10315652,  0.        , -0.1646332 , ..., -0.20174669,
          0.22964393, -0.44838937],
        [ 0.06200597,  0.1646332 ,  0.        , ..., -0.03774586,
          0.38674373, -0.29511557],
        ...,
        [ 0.09963501,  0.20174669,  0.03774586, ...,  0.        ,
          0.42127688, -0.25884054],
        [-0.32881844, -0.22964393, -0.38674373, ..., -0.42127688,
          0.        , -0.64167058],
        [ 0.35379202,  0.44838937,  0.29511557, ...,  0.25884054,
          0.64167058,  0.        ]],

       [[ 0.        , -0.12958671, -0.22579002, ..., -0.98669372,
         -0.95086589, -0.89135396],
        [ 0.12958671,  0.        , -0.09764592, ..., -0.95730451,
         -0.90272784, -0.82509546],
        [ 0.22579002,  0.09764592,  0.        , ..., -0.92450214,
         -0.85640544, -0.76598322],
        ...,
        [ 0.98669372,  0.95730451,  0.92450214, ...,  0.        ,
          0.15088212,  0.3023509 ],
        [ 0.95086589,  0.90272784,  0.85640544, ..., -0.15088212,
          0.        ,  0.15506917],
        [ 0.89135396,  0.82509546,  0.76598322, ..., -0.3023509 ,
         -0.15506917,  0.        ]],

       ...,

       [[ 0.        , -0.1556402 , -0.02062827, ...,  0.43924031,
          0.71988855,  0.9951264 ],
        [ 0.1556402 ,  0.        ,  0.13523019, ...,  0.57371008,
          0.81914411,  0.9676523 ],
        [ 0.02062827, -0.13523019,  0.        , ...,  0.45767866,
          0.73405323,  0.99288055],
        ...,
        [-0.43924031, -0.57371008, -0.45767866, ...,  0.        ,
          0.34185382,  0.93730372],
        [-0.71988855, -0.81914411, -0.73405323, ..., -0.34185382,
          0.        ,  0.76169341],
        [-0.9951264 , -0.9676523 , -0.99288055, ..., -0.93730372,
         -0.76169341,  0.        ]],

       [[ 0.        , -0.50678776, -0.63267338, ..., -0.66820709,
         -0.78529671, -0.86034836],
        [ 0.50678776,  0.        , -0.15294334, ..., -0.95307945,
         -0.99074364, -0.99999426],
        [ 0.63267338,  0.15294334,  0.        , ..., -0.98816548,
         -0.99984898, -0.98874762],
        ...,
        [ 0.66820709,  0.95307945,  0.98816548, ...,  0.        ,
          0.17054127,  0.29948847],
        [ 0.78529671,  0.99074364,  0.99984898, ..., -0.17054127,
          0.        ,  0.13238771],
        [ 0.86034836,  0.99999426,  0.98874762, ..., -0.29948847,
         -0.13238771,  0.        ]],

       [[ 0.        ,  0.05524848,  0.08109596, ..., -0.85556425,
         -0.81364706, -0.81640704],
        [-0.05524848,  0.        ,  0.02590559, ..., -0.82565554,
         -0.78028512, -0.78325537],
        [-0.08109596, -0.02590559,  0.        , ..., -0.81076318,
         -0.76382128, -0.766887  ],
        ...,
        [ 0.85556425,  0.82565554,  0.81076318, ...,  0.        ,
         -0.07616775, -0.0714174 ],
        [ 0.81364706,  0.78028512,  0.76382128, ...,  0.07616775,
          0.        ,  0.00476333],
        [ 0.81640704,  0.78325537,  0.766887  , ...,  0.0714174 ,
         -0.00476333,  0.        ]]]), 'num': array([ 9.98719412e-01,  2.45135708e-02,  9.74205841e-06,  1.40984926e-03,
        1.44509549e-03,  1.40984926e-03,  4.40797267e-02, -3.52462316e-05,
        1.42535761e-03,  1.34245847e-03,  1.43849270e-03,  1.05901120e-06,
        1.45779276e-03,  1.22712418e-03])}
{'img': array([[[ 0.        ,  0.10163257,  0.49090775, ..., -0.52032513,
         -0.48679266, -0.6452457 ],
        [-0.10163257,  0.        ,  0.39982236, ..., -0.60442187,
         -0.57304988, -0.71954938],
        [-0.49090775, -0.39982236,  0.        , ..., -0.87253289,
         -0.85291592, -0.93718682],
        ...,
        [ 0.52032513,  0.60442187,  0.87253289, ...,  0.        ,
          0.03880766, -0.15350389],
        [ 0.48679266,  0.57304988,  0.85291592, ..., -0.03880766,
          0.        , -0.19173597],
        [ 0.6452457 ,  0.71954938,  0.93718682, ...,  0.15350389,
          0.19173597,  0.        ]],

       [[ 0.        , -0.1646332 ,  0.1600253 , ...,  0.22964393,
         -0.44838937, -0.04678322],
        [ 0.1646332 ,  0.        ,  0.32035329, ...,  0.38674373,
         -0.29511557,  0.11830808],
        [-0.1600253 , -0.32035329,  0.        , ...,  0.07093591,
         -0.58564768, -0.2060304 ],
        ...,
        [-0.22964393, -0.38674373, -0.07093591, ...,  0.        ,
         -0.64167058, -0.2749254 ],
        [ 0.44838937,  0.29511557,  0.58564768, ...,  0.64167058,
          0.        ,  0.40608178],
        [ 0.04678322, -0.11830808,  0.2060304 , ...,  0.2749254 ,
         -0.40608178,  0.        ]],

       [[ 0.        , -0.09764592, -0.04328662, ..., -0.90272784,
         -0.82509546, -0.81153491],
        [ 0.09764592,  0.        ,  0.05447463, ..., -0.85640544,
         -0.76598322, -0.75060187],
        [ 0.04328662, -0.05447463,  0.        , ..., -0.88325928,
         -0.79986544, -0.78548171],
        ...,
        [ 0.90272784,  0.85640544,  0.88325928, ...,  0.        ,
          0.15506917,  0.17833529],
        [ 0.82509546,  0.76598322,  0.79986544, ..., -0.15506917,
          0.        ,  0.02359469],
        [ 0.81153491,  0.75060187,  0.78548171, ..., -0.17833529,
         -0.02359469,  0.        ]],

       ...,

       [[ 0.        ,  0.13523019,  0.31936529, ...,  0.81914411,
          0.9676523 ,  0.85930951],
        [-0.13523019,  0.        ,  0.18828325, ...,  0.73405323,
          0.99288055,  0.78225178],
        [-0.31936529, -0.18828325,  0.        , ...,  0.59306289,
          0.99754988,  0.65096765],
        ...,
        [-0.81914411, -0.73405323, -0.59306289, ...,  0.        ,
          0.76169341,  0.07393331],
        [-0.9676523 , -0.99288055, -0.99754988, ..., -0.76169341,
          0.        , -0.71170463],
        [-0.85930951, -0.78225178, -0.65096765, ..., -0.07393331,
          0.71170463,  0.        ]],

       [[ 0.        , -0.42358741, -0.5198731 , ..., -0.80673994,
         -0.88085349, -0.9091207 ],
        [ 0.42358741,  0.        , -0.10908297, ..., -0.98109021,
         -0.99844736, -0.99996978],
        [ 0.5198731 ,  0.10908297,  0.        , ..., -0.99634882,
         -0.99856557, -0.99315464],
        ...,
        [ 0.80673994,  0.98109021,  0.99634882, ...,  0.        ,
          0.13860039,  0.20117185],
        [ 0.88085349,  0.99844736,  0.99856557, ..., -0.13860039,
          0.        ,  0.06346337],
        [ 0.9091207 ,  0.99996978,  0.99315464, ..., -0.20117185,
         -0.06346337,  0.        ]],

       [[ 0.        ,  0.02590559,  0.06912178, ..., -0.78028512,
         -0.78325537, -0.8133108 ],
        [-0.02590559,  0.        ,  0.04325496, ..., -0.76382128,
         -0.766887  , -0.79796522],
        [-0.06912178, -0.04325496,  0.        , ..., -0.73518844,
         -0.73840898, -0.77114846],
        ...,
        [ 0.78028512,  0.76382128,  0.73518844, ...,  0.        ,
          0.00476333,  0.05467118],
        [ 0.78325537,  0.766887  ,  0.73840898, ..., -0.00476333,
          0.        ,  0.04991436],
        [ 0.8133108 ,  0.79796522,  0.77114846, ..., -0.05467118,
         -0.04991436,  0.        ]]]), 'num': array([9.99216164e-01, 2.45257636e-02, 9.74690400e-06, 1.41055051e-03,
       1.43170876e-03, 1.39503445e-03, 3.08220520e-02, 0.00000000e+00,
       1.42324546e-03, 1.34665257e-03, 1.43720991e-03, 9.94322489e-07,
       1.46570203e-03, 1.22760311e-03])}
{'img': array([[[ 0.        ,  0.39982236,  0.1127142 , ..., -0.57304988,
         -0.71954938, -0.71954938],
        [-0.39982236,  0.        , -0.29396146, ..., -0.85291592,
         -0.93718682, -0.93718682],
        [-0.1127142 ,  0.29396146,  0.        , ..., -0.66176969,
         -0.79323741, -0.79323741],
        ...,
        [ 0.57304988,  0.85291592,  0.66176969, ...,  0.        ,
         -0.19173597, -0.19173597],
        [ 0.71954938,  0.93718682,  0.79323741, ...,  0.19173597,
          0.        ,  0.        ],
        [ 0.71954938,  0.93718682,  0.79323741, ...,  0.19173597,
          0.        ,  0.        ]],

       [[ 0.        ,  0.32035329, -0.27860433, ..., -0.29511557,
          0.11830808, -0.27356472],
