state_0,state_1,state_2,state_3,state_4,state_5,state_6,state_7,state_8,state_9,state_10,state_11,state_12,state_13,state_14,state_15,state_16,state_17,state_18,state_19,state_20,state_21,state_22,state_23,state_24,state_25,state_26,state_27,state_28,state_29,state_30,state_31,state_32,state_33,state_34,state_35,state_36,state_37,state_38,state_39,state_40,state_41,state_42,state_43,state_44,state_45,state_46,state_47,state_48,state_49,state_50,state_51,state_52,state_53,state_54,state_55,state_56,state_57,state_58,state_59,state_60,state_61,state_62,state_63,state_64,state_65,state_66,state_67,state_68,state_69,state_70,state_71,state_72,state_73,state_74,state_75,state_76,state_77,state_78,state_79,state_80,state_81,state_82,state_83,state_84,state_85,state_86,state_87,state_88,state_89,state_90,state_91,state_92,state_93,state_94,state_95,state_96,state_97,state_98,state_99,state_100,state_101,state_102,state_103,state_104,state_105,state_106,state_107,state_108,state_109,state_110,state_111,state_112,state_113,state_114,state_115,state_116,state_117,state_118,state_119,state_120,state_121,state_122,state_123,state_124,state_125,state_126,state_127,state_128,state_129,state_130,state_131,state_132,state_133,state_134,state_135,state_136,state_137,state_138,state_139,state_140,state_141,state_142,state_143,state_144,state_145,state_146,state_147,state_148,state_149,state_150,state_151,state_152,state_153,state_154,state_155,state_156,state_157,state_158,state_159,state_160,state_161,state_162,state_163,state_164,state_165,state_166,state_167,state_168,state_169,state_170,state_171,state_172,state_173,state_174,state_175,state_176,state_177,state_178,state_179,state_180,state_181,state_182,state_183,state_184,state_185,state_186,state_187,state_188,state_189,state_190,state_191,state_192,state_193,state_194,state_195,state_196,state_197,state_198,state_199,state_200,state_201,state_202,state_203,state_204,state_205,state_206,state_207,state_208,state_209,state_210,state_211,state_212,state_213,state_214,state_215,state_216,state_217,state_218,state_219,state_220,state_221,state_222,state_223,state_224,state_225,state_226,state_227,state_228,state_229,state_230,state_231,state_232,state_233,state_234,state_235,state_236,state_237,state_238,state_239,state_240,state_241,state_242,state_243,state_244,state_245,state_246,state_247,state_248,state_249,state_250,state_251,state_252,state_253,state_254,state_255,state_256,state_257,state_258,state_259,state_260,state_261,state_262,state_263,state_264,state_265,state_266,state_267,state_268,state_269,state_270,state_271,state_272,state_273,state_274,state_275,state_276,state_277,state_278,state_279,state_280,state_281,state_282,state_283,state_284,state_285,state_286,state_287
{'img': array([[[ 0.        ,  0.01895455,  0.03748584, ...,  0.63019729,
          0.98936746,  0.99824283],
        [-0.01895455,  0.        ,  0.01853788, ...,  0.64480104,
          0.98643302,  0.99694032],
        [-0.03748584, -0.01853788,  0.        , ...,  0.65885968,
          0.98322025,  0.99531996],
        ...,
        [-0.63019729, -0.64480104, -0.65885968, ...,  0.        ,
         -0.8598338 , -0.81241361],
        [-0.98936746, -0.98643302, -0.98322025, ...,  0.8598338 ,
          0.        ,  0.08655596],
        [-0.99824283, -0.99694032, -0.99531996, ...,  0.81241361,
         -0.08655596,  0.        ]],

       [[ 0.        ,  0.15803351,  0.18729268, ...,  0.92734857,
          0.98637747,  0.77360562],
        [-0.15803351,  0.        ,  0.02970213, ...,  0.85655935,
          0.94798625,  0.66374361],
        [-0.18729268, -0.02970213,  0.        , ...,  0.84085369,
          0.93811347,  0.64123475],
        ...,
        [-0.92734857, -0.85655935, -0.84085369, ...,  0.        ,
          0.21655441, -0.29814837],
        [-0.98637747, -0.94798625, -0.93811347, ..., -0.21655441,
          0.        , -0.49777889],
        [-0.77360562, -0.66374361, -0.64123475, ...,  0.29814837,
          0.49777889,  0.        ]],

       [[ 0.        ,  0.00868414,  0.02210787, ...,  0.55190401,
          0.70428593,  0.84567692],
        [-0.00868414,  0.        ,  0.01342502, ...,  0.55912497,
          0.71042439,  0.85027972],
        [-0.02210787, -0.01342502,  0.        , ...,  0.57020504,
          0.71980853,  0.85726909],
        ...,
        [-0.55190401, -0.55912497, -0.57020504, ...,  0.        ,
         -0.1955037 , -0.41066794],
        [-0.70428593, -0.71042439, -0.71980853, ...,  0.1955037 ,
          0.        , -0.22448593],
        [-0.84567692, -0.85027972, -0.85726909, ...,  0.41066794,
          0.22448593,  0.        ]],

       ...,

       [[ 0.        , -0.03114965,  0.07845128, ...,  0.68855164,
          0.31594717,  0.28126284],
        [ 0.03114965,  0.        ,  0.10946686, ...,  0.71080684,
          0.34534791,  0.31101851],
        [-0.07845128, -0.10946686,  0.        , ...,  0.62953762,
          0.24054065,  0.20511171],
        ...,
        [-0.68855164, -0.71080684, -0.62953762, ...,  0.        ,
         -0.42416094, -0.4567871 ],
        [-0.31594717, -0.34534791, -0.24054065, ...,  0.42416094,
          0.        , -0.03633697],
        [-0.28126284, -0.31101851, -0.20511171, ...,  0.4567871 ,
          0.03633697,  0.        ]],

       [[ 0.        , -0.03972494, -0.0639439 , ...,  0.55613658,
          0.44784718,  0.17910634],
        [ 0.03972494,  0.        , -0.02424978, ...,  0.52268256,
          0.4119752 ,  0.13988239],
        [ 0.0639439 ,  0.02424978,  0.        , ...,  0.50185526,
          0.38975777,  0.11582989],
        ...,
        [-0.55613658, -0.52268256, -0.50185526, ...,  0.        ,
          0.12504563,  0.39829005],
        [-0.44784718, -0.4119752 , -0.38975777, ..., -0.12504563,
          0.        ,  0.28046457],
        [-0.17910634, -0.13988239, -0.11582989, ..., -0.39829005,
         -0.28046457,  0.        ]],

       [[ 0.        ,  0.20918242,  0.39210993, ..., -0.98441423,
         -0.60386701, -0.02430359],
        [-0.20918242,  0.        ,  0.19100439, ..., -0.99942362,
         -0.75724363, -0.23288654],
        [-0.39210993, -0.19100439,  0.        , ..., -0.97453928,
         -0.86805333, -0.41435143],
        ...,
        [ 0.98441423,  0.99942362,  0.97453928, ...,  0.        ,
          0.67846262,  0.9798493 ],
        [ 0.60386701,  0.75724363,  0.86805333, ..., -0.67846262,
          0.        ,  0.58431662],
        [ 0.02430359,  0.23288654,  0.41435143, ..., -0.9798493 ,
         -0.58431662,  0.        ]]]), 'num': array([ 9.95190808e-01,  2.74559776e-02,  1.52639563e-04,  1.61828567e-03,
        1.73314822e-03,  1.61318067e-03,  9.39208079e-02, -9.44425391e-05,
        1.74335822e-03,  1.53099013e-03,  1.27235796e-03,  1.59615501e-05,
        1.95430410e-03,  1.10767617e-03])}
{'img': array([[[ 0.        ,  0.01853788,  0.05446521, ...,  0.98643302,
          0.99694032,  0.94506166],
        [-0.01853788,  0.        ,  0.03594549, ...,  0.98322025,
          0.99531996,  0.93883938],
        [-0.05446521, -0.03594549,  0.        , ...,  0.97602758,
          0.99120318,  0.92585463],
        ...,
        [-0.98643302, -0.98322025, -0.97602758, ...,  0.        ,
          0.08655596, -0.16731183],
        [-0.99694032, -0.99531996, -0.99120318, ..., -0.08655596,
          0.        , -0.25201978],
        [-0.94506166, -0.93883938, -0.92585463, ...,  0.16731183,
          0.25201978,  0.        ]],

       [[ 0.        ,  0.10147615,  0.26630936, ...,  0.98512127,
          0.76502817,  0.79213664],
        [-0.10147615,  0.        ,  0.16712306, ...,  0.96259629,
          0.69572875,  0.72611227],
        [-0.26630936, -0.16712306,  0.        , ...,  0.90377809,
          0.56589879,  0.60099043],
        ...,
        [-0.98512127, -0.96259629, -0.90377809, ...,  0.        ,
         -0.50293674, -0.46512555],
        [-0.76502817, -0.69572875, -0.56589879, ...,  0.50293674,
          0.        ,  0.04320328],
        [-0.79213664, -0.72611227, -0.60099043, ...,  0.46512555,
         -0.04320328,  0.        ]],

       [[ 0.        ,  0.01342502,  0.03601609, ...,  0.71042439,
          0.85027972,  0.94160053],
        [-0.01342502,  0.        ,  0.02259654, ...,  0.71980853,
          0.85726909,  0.94603631],
        [-0.03601609, -0.02259654,  0.        , ...,  0.73531064,
          0.86868445,  0.9531174 ],
        ...,
        [-0.71042439, -0.71980853, -0.73531064, ...,  0.        ,
         -0.22448593, -0.42345091],
        [-0.85027972, -0.85726909, -0.86868445, ...,  0.22448593,
          0.        , -0.20927724],
        [-0.94160053, -0.94603631, -0.9531174 , ...,  0.42345091,
          0.20927724,  0.        ]],

       ...,

       [[ 0.        ,  0.10946686,  0.89571019, ...,  0.34534791,
          0.31101851,  0.06162677],
        [-0.10946686,  0.        ,  0.84165421, ...,  0.24054065,
          0.20511171, -0.04800237],
        [-0.89571019, -0.84165421,  0.        , ..., -0.68704646,
         -0.71299566, -0.86660606],
        ...,
        [-0.34534791, -0.24054065,  0.68704646, ...,  0.        ,
         -0.03633697, -0.28685634],
        [-0.31101851, -0.20511171,  0.71299566, ...,  0.03633697,
          0.        , -0.25185703],
        [-0.06162677,  0.04800237,  0.86660606, ...,  0.28685634,
          0.25185703,  0.        ]],

       [[ 0.        , -0.02423524,  0.04099274, ...,  0.41937998,
          0.20784464,  0.13979929],
        [ 0.02423524,  0.        ,  0.06519558, ...,  0.39725579,
          0.1840776 ,  0.11576098],
        [-0.04099274, -0.06519558,  0.        , ...,  0.45624112,
          0.24776747,  0.18027197],
        ...,
        [-0.41937998, -0.39725579, -0.45624112, ...,  0.        ,
          0.2215379 ,  0.28835031],
        [-0.20784464, -0.1840776 , -0.24776747, ..., -0.2215379 ,
          0.        ,  0.06905724],
        [-0.13979929, -0.11576098, -0.18027197, ..., -0.28835031,
         -0.06905724,  0.        ]],

       [[ 0.        ,  0.19100439,  0.24877525, ..., -0.75724363,
         -0.23288654,  0.6922863 ],
        [-0.19100439,  0.        ,  0.05919564, ..., -0.86805333,
         -0.41435143,  0.5417076 ],
        [-0.24877525, -0.05919564,  0.        , ..., -0.89592003,
         -0.46749978,  0.49099975],
        ...,
        [ 0.75724363,  0.86805333,  0.89592003, ...,  0.        ,
          0.58431662,  0.99859907],
        [ 0.23288654,  0.41435143,  0.46749978, ..., -0.58431662,
          0.        ,  0.84130741],
        [-0.6922863 , -0.5417076 , -0.49099975, ..., -0.99859907,
         -0.84130741,  0.        ]]]), 'num': array([9.98896077e-01, 4.67098460e-02, 1.38399162e-04, 9.85904153e-05,
       9.85904153e-05, 9.07089141e-05, 4.97308397e-03, 7.73820120e-06,
       9.72147351e-05, 8.73700236e-05, 7.20046787e-05, 9.83497794e-07,
       1.10590129e-04, 6.41499186e-05])}
{'img': array([[[ 0.        ,  0.03594549,  0.04471232, ...,  0.99531996,
          0.93883938,  0.99933755],
        [-0.03594549,  0.        ,  0.00877388, ...,  0.99120318,
          0.92585463,  0.9999999 ],
        [-0.04471232, -0.00877388,  0.        , ...,  0.99000381,
          0.92250352,  0.99996534],
        ...,
        [-0.99531996, -0.99120318, -0.99000381, ...,  0.        ,
         -0.25201978,  0.13279311],
        [-0.93883938, -0.92585463, -0.92250352, ...,  0.25201978,
          0.        ,  0.37829466],
        [-0.99933755, -0.9999999 , -0.99996534, ..., -0.13279311,
         -0.37829466,  0.        ]],

       [[ 0.        ,  0.24718013,  0.16747442, ...,  0.76142673,
          0.78890835,  0.76955814],
        [-0.24718013,  0.        , -0.08141144, ...,  0.57756456,
          0.6125333 ,  0.58783492],
        [-0.16747442,  0.08141144,  0.        , ...,  0.64210721,
          0.67485129,  0.65174395],
        ...,
        [-0.76142673, -0.57756456, -0.64210721, ...,  0.        ,
          0.04350561,  0.0126374 ],
        [-0.78890835, -0.6125333 , -0.67485129, ..., -0.04350561,
          0.        , -0.0308767 ],
        [-0.76955814, -0.58783492, -0.65174395, ..., -0.0126374 ,
          0.0308767 ,  0.        ]],

       [[ 0.        ,  0.02259654,  0.04336487, ...,  0.85726909,
          0.94603631,  0.96152432],
        [-0.02259654,  0.        ,  0.02077852, ...,  0.86868445,
          0.9531174 ,  0.96748653],
        [-0.04336487, -0.02077852,  0.        , ...,  0.87878987,
          0.95919922,  0.97253301],
        ...,
        [-0.85726909, -0.86868445, -0.87878987, ...,  0.        ,
         -0.20927724, -0.25954991],
        [-0.94603631, -0.9531174 , -0.95919922, ...,  0.20927724,
          0.        , -0.05169728],
        [-0.96152432, -0.96748653, -0.97253301, ...,  0.25954991,
          0.05169728,  0.        ]],

       ...,

       [[ 0.        ,  0.84165421,  0.79765746, ...,  0.20511171,
         -0.04800237,  0.13816341],
        [-0.84165421,  0.        , -0.07686224, ..., -0.71299566,
         -0.86660606, -0.75897171],
        [-0.79765746,  0.07686224,  0.        , ..., -0.65699305,
         -0.82568868, -0.70667965],
        ...,
        [-0.20511171,  0.71299566,  0.65699305, ...,  0.        ,
         -0.25185703, -0.06791872],
        [ 0.04800237,  0.86660606,  0.82568868, ...,  0.25185703,
          0.        ,  0.18554614],
        [-0.13816341,  0.75897171,  0.70667965, ...,  0.06791872,
         -0.18554614,  0.        ]],

       [[ 0.        ,  0.06456802,  0.11526859, ...,  0.38986816,
          0.38208802,  0.11465499],
        [-0.06456802,  0.        ,  0.05089042, ...,  0.44851342,
          0.4409597 ,  0.17855796],
        [-0.11526859, -0.05089042,  0.        , ...,  0.4934169 ,
          0.48606385,  0.22839917],
        ...,
        [-0.38986816, -0.44851342, -0.4934169 , ...,  0.        ,
          0.00843362,  0.2817147 ],
        [-0.38208802, -0.4409597 , -0.48606385, ..., -0.00843362,
          0.        ,  0.27361264],
        [-0.11465499, -0.17855796, -0.22839917, ..., -0.2817147 ,
         -0.27361264,  0.        ]],

       [[ 0.        ,  0.03580958,  0.05943185, ..., -0.29049689,
          0.26036596,  0.95816566],
        [-0.03580958,  0.        ,  0.02364745, ..., -0.3245759 ,
          0.22562446,  0.94730192],
        [-0.05943185, -0.02364745,  0.        , ..., -0.3468523 ,
          0.20252369,  0.93946174],
        ...,
        [ 0.29049689,  0.3245759 ,  0.3468523 , ...,  0.        ,
          0.52961557,  0.99999   ],
        [-0.26036596, -0.22562446, -0.20252369, ..., -0.52961557,
          0.        ,  0.8505981 ],
        [-0.95816566, -0.94730192, -0.93946174, ..., -0.99999   ,
         -0.8505981 ,  0.        ]]]), 'num': array([ 9.99651502e-01,  2.60186249e-02,  1.48419646e-04,  9.85458378e-05,
        1.04104063e-04,  9.68933924e-05,  4.45087684e-03, -4.80711404e-06,
        9.93870828e-05,  9.26120564e-05,  7.59987204e-05,  9.69283665e-07,
        1.16312453e-04,  6.89116595e-05])}
{'img': array([[[ 0.        ,  0.00877388,  0.11228245, ...,  0.92585463,
          0.9999999 ,  0.97125331],
        [-0.00877388,  0.        ,  0.10355974, ...,  0.92250352,
          0.99996534,  0.96912732],
        [-0.11228245, -0.10355974,  0.        , ...,  0.87757055,
          0.99372654,  0.93838277],
        ...,
        [-0.92585463, -0.92250352, -0.87757055, ...,  0.        ,
          0.37829466,  0.14661893],
        [-0.9999999 , -0.99996534, -0.99372654, ..., -0.37829466,
          0.        , -0.23848347],
        [-0.97125331, -0.96912732, -0.93838277, ..., -0.14661893,
          0.23848347,  0.        ]],

       [[ 0.        , -0.08435715,  0.43579793, ...,  0.61594053,
          0.59127437,  0.52604673],
        [ 0.08435715,  0.        ,  0.51016976, ...,  0.68020101,
          0.65719838,  0.5959137 ],
        [-0.43579793, -0.51016976,  0.        , ...,  0.2110555 ,
          0.1807151 ,  0.10283867],
        ...,
        [-0.61594053, -0.68020101, -0.2110555 , ...,  0.        ,
         -0.03093624, -0.10941436],
        [-0.59127437, -0.65719838, -0.1807151 , ...,  0.03093624,
          0.        , -0.07861148],
        [-0.52604673, -0.5959137 , -0.10283867, ...,  0.10941436,
          0.07861148,  0.        ]],

       [[ 0.        ,  0.02077852,  0.06822123, ...,  0.9531174 ,
          0.96748653,  0.99603969],
        [-0.02077852,  0.        ,  0.0474764 , ...,  0.95919922,
          0.97253301,  0.99767206],
        [-0.06822123, -0.0474764 ,  0.        , ...,  0.97154064,
          0.98248719,  0.99978466],
        ...,
        [-0.9531174 , -0.95919922, -0.97154064, ...,  0.        ,
         -0.05169728, -0.21666093],
        [-0.96748653, -0.97253301, -0.98248719, ...,  0.05169728,
          0.        , -0.1659019 ],
        [-0.99603969, -0.99767206, -0.99978466, ...,  0.21666093,
          0.1659019 ,  0.        ]],

       ...,

       [[ 0.        , -0.07686224,  0.07274302, ..., -0.86660606,
         -0.75897171, -0.83464232],
        [ 0.07686224,  0.        ,  0.14918643, ..., -0.82568868,
         -0.70667965, -0.78983808],
        [-0.07274302, -0.14918643,  0.        , ..., -0.90060842,
         -0.80432568, -0.87249741],
        ...,
        [ 0.86660606,  0.82568868,  0.90060842, ...,  0.        ,
          0.18554614,  0.06083936],
        [ 0.75897171,  0.70667965,  0.80432568, ..., -0.18554614,
          0.        , -0.12541951],
        [ 0.83464232,  0.78983808,  0.87249741, ..., -0.06083936,
          0.12541951,  0.        ]],

       [[ 0.        ,  0.05068813,  0.15988148, ...,  0.48611174,
          0.34884631,  0.17786065],
        [-0.05068813,  0.        ,  0.10963988, ...,  0.52978304,
          0.39590177,  0.22751195],
        [-0.15988148, -0.10963988,  0.        , ...,  0.6195784 ,
          0.49419655,  0.33290497],
        ...,
        [-0.48611174, -0.52978304, -0.6195784 , ...,  0.        ,
          0.15071855,  0.3229292 ],
        [-0.34884631, -0.39590177, -0.49419655, ..., -0.15071855,
          0.        ,  0.17659676],
        [-0.17786065, -0.22751195, -0.33290497, ..., -0.3229292 ,
         -0.17659676,  0.        ]],

       [[ 0.        ,  0.01885536, -0.03400963, ...,  0.17514721,
          0.59514147,  0.99413708],
        [-0.01885536,  0.        , -0.05284804, ...,  0.15655217,
          0.57988311,  0.99192156],
        [ 0.03400963,  0.05284804,  0.        , ...,  0.20852981,
          0.62212804,  0.99723934],
        ...,
        [-0.17514721, -0.15655217, -0.20852981, ...,  0.        ,
          0.44518996,  0.9598318 ],
        [-0.59514147, -0.57988311, -0.62212804, ..., -0.44518996,
          0.        ,  0.73455845],
        [-0.99413708, -0.99192156, -0.99723934, ..., -0.9598318 ,
         -0.73455845,  0.        ]]]), 'num': array([9.99662315e-01, 2.56382517e-02, 1.46249859e-04, 9.85854315e-05,
       1.01249903e-04, 9.54768819e-05, 4.22414890e-03, 1.48026173e-06,
       9.81413530e-05, 9.23535296e-05, 7.54107005e-05, 9.55113447e-07,
       1.14910679e-04, 6.97963806e-05])}
{'img': array([[[ 0.        ,  0.10355974,  0.1153101 , ...,  0.99996534,
          0.96912732,  0.98416002],
        [-0.10355974,  0.        ,  0.01182116, ...,  0.99372654,
          0.93838277,  0.96050911],
        [-0.1153101 , -0.01182116,  0.        , ...,  0.99233506,
          0.93423184,  0.95715277],
        ...,
        [-0.99996534, -0.99372654, -0.99233506, ...,  0.        ,
         -0.23848347, -0.16908229],
        [-0.96912732, -0.93838277, -0.93423184, ...,  0.23848347,
          0.        ,  0.07084609],
        [-0.98416002, -0.96050911, -0.95715277, ...,  0.16908229,
         -0.07084609,  0.        ]],

       [[ 0.        ,  0.51016976, -0.03117476, ...,  0.65719838,
          0.5959137 ,  0.58159195],
        [-0.51016976,  0.        , -0.53673439, ...,  0.1807151 ,
          0.10283867,  0.08519872],
        [ 0.03117476,  0.53673439,  0.        , ...,  0.68037591,
          0.6206589 ,  0.60666933],
        ...,
        [-0.65719838, -0.1807151 , -0.68037591, ...,  0.        ,
         -0.07861148, -0.09626205],
        [-0.5959137 , -0.10283867, -0.6206589 , ...,  0.07861148,
          0.        , -0.01771774],
        [-0.58159195, -0.08519872, -0.60666933, ...,  0.09626205,
          0.01771774,  0.        ]],

       [[ 0.        ,  0.0474764 ,  0.09128891, ...,  0.97253301,
          0.99767206,  0.99671029],
        [-0.0474764 ,  0.        ,  0.04390782, ...,  0.98248719,
          0.99978466,  0.99943417],
        [-0.09128891, -0.04390782,  0.        , ...,  0.98972101,
          0.99973161,  0.99994716],
        ...,
        [-0.97253301, -0.98248719, -0.98972101, ...,  0.        ,
         -0.1659019 , -0.1531785 ],
        [-0.99767206, -0.99978466, -0.99973161, ...,  0.1659019 ,
          0.        ,  0.01288822],
        [-0.99671029, -0.99943417, -0.99994716, ...,  0.1531785 ,
         -0.01288822,  0.        ]],

       ...,

       [[ 0.        ,  0.14918643,  0.34449909, ..., -0.70667965,
         -0.78983808, -0.78983808],
        [-0.14918643,  0.        ,  0.2005896 , ..., -0.80432568,
         -0.87249741, -0.87249741],
        [-0.34449909, -0.2005896 ,  0.        , ..., -0.90716612,
         -0.95277605, -0.95277605],
        ...,
        [ 0.70667965,  0.80432568,  0.90716612, ...,  0.        ,
         -0.12541951, -0.12541951],
        [ 0.78983808,  0.87249741,  0.95277605, ...,  0.12541951,
          0.        ,  0.        ],
        [ 0.78983808,  0.87249741,  0.95277605, ...,  0.12541951,
          0.        ,  0.        ]],

       [[ 0.        ,  0.10929236,  0.18194953, ...,  0.44958831,
          0.37720722,  0.22681197],
        [-0.10929236,  0.        ,  0.07339155, ...,  0.54451897,
          0.47616643,  0.33189733],
        [-0.18194953, -0.07339155,  0.        , ...,  0.60460757,
          0.53941954,  0.40023365],
        ...,
        [-0.44958831, -0.54451897, -0.60460757, ...,  0.        ,
          0.07944169,  0.23527481],
        [-0.37720722, -0.47616643, -0.53941954, ..., -0.07944169,
          0.        ,  0.15731955],
        [-0.22681197, -0.33189733, -0.40023365, ..., -0.23527481,
         -0.15731955,  0.        ]],

       [[ 0.        , -0.04446799, -0.07296134, ...,  0.46033114,
          0.72207641,  0.99877161],
        [ 0.04446799,  0.        , -0.02853969, ...,  0.49935212,
          0.75212569,  0.99558022],
        [ 0.07296134,  0.02853969,  0.        , ...,  0.52387548,
          0.77062754,  0.99249437],
        ...,
        [-0.46033114, -0.49935212, -0.52387548, ...,  0.        ,
          0.32255817,  0.9094665 ],
        [-0.72207641, -0.75212569, -0.77062754, ..., -0.32255817,
          0.        ,  0.72674286],
        [-0.99877161, -0.99558022, -0.99249437, ..., -0.9094665 ,
         -0.72674286,  0.        ]]]), 'num': array([ 9.99654618e-01,  2.60961968e-02,  1.48862144e-04,  9.85383018e-05,
        1.02154386e-04,  9.73329403e-05,  3.08819640e-03, -1.80804223e-06,
        9.93820548e-05,  9.52084907e-05,  7.72573936e-05,  9.05419448e-07,
        1.16394648e-04,  7.40223336e-05])}
{'img': array([[[ 0.        ,  0.01182116,  0.0466008 , ...,  0.93838277,
          0.96050911,  0.93351314],
        [-0.01182116,  0.        ,  0.03478923, ...,  0.93423184,
          0.95715277,  0.92920952],
        [-0.0466008 , -0.03478923,  0.        , ...,  0.92125818,
          0.946499  ,  0.91579057],
        ...,
        [-0.93838277, -0.93423184, -0.92125818, ...,  0.        ,
          0.07084609, -0.01383075],
        [-0.96050911, -0.95715277, -0.946499  , ..., -0.07084609,
          0.        , -0.08463531],
        [-0.93351314, -0.92920952, -0.91579057, ...,  0.01383075,
          0.08463531,  0.        ]],

       [[ 0.        , -0.53673439, -0.52502574, ...,  0.10283867,
          0.08519872, -0.05696644],
        [ 0.53673439,  0.        ,  0.01381618, ...,  0.6206589 ,
          0.60666933,  0.48779727],
        [ 0.52502574, -0.01381618,  0.        , ...,  0.60976666,
          0.5956282 ,  0.47568979],
        ...,
        [-0.10283867, -0.6206589 , -0.60976666, ...,  0.        ,
         -0.01771774, -0.15933607],
        [-0.08519872, -0.60666933, -0.5956282 , ...,  0.01771774,
          0.        , -0.14181967],
        [ 0.05696644, -0.48779727, -0.47568979, ...,  0.15933607,
          0.14181967,  0.        ]],

       [[ 0.        ,  0.04390782,  0.09057699, ...,  0.99978466,
          0.99943417,  0.99999665],
        [-0.04390782,  0.        ,  0.0467623 , ...,  0.99973161,
          0.99994716,  0.99914588],
        [-0.09057699, -0.0467623 ,  0.        , ...,  0.99755462,
          0.99837254,  0.99612056],
        ...,
        [-0.99978466, -0.99973161, -0.99755462, ...,  0.        ,
          0.01288822, -0.0181638 ],
        [-0.99943417, -0.99994716, -0.99837254, ..., -0.01288822,
          0.        , -0.03104838],
        [-0.99999665, -0.99914588, -0.99612056, ...,  0.0181638 ,
          0.03104838,  0.        ]],

       ...,

       [[ 0.        ,  0.2005896 ,  0.11863204, ..., -0.87249741,
         -0.87249741, -0.9306614 ],
        [-0.2005896 ,  0.        , -0.0829522 , ..., -0.95277605,
         -0.95277605, -0.98513809],
        [-0.11863204,  0.0829522 ,  0.        , ..., -0.92430192,
         -0.92430192, -0.96749462],
        ...,
        [ 0.87249741,  0.95277605,  0.92430192, ...,  0.        ,
          0.        , -0.13550784],
        [ 0.87249741,  0.95277605,  0.92430192, ...,  0.        ,
          0.        , -0.13550784],
        [ 0.9306614 ,  0.98513809,  0.96749462, ...,  0.13550784,
          0.13550784,  0.        ]],

       [[ 0.        ,  0.07339155,  0.14196319, ...,  0.47616643,
          0.33189733,  0.52657313],
        [-0.07339155,  0.        ,  0.06893211, ...,  0.53941954,
          0.40023365,  0.58754542],
        [-0.14196319, -0.06893211,  0.        , ...,  0.59617985,
          0.46245193,  0.64192711],
        ...,
        [-0.47616643, -0.53941954, -0.59617985, ...,  0.        ,
          0.15731955, -0.05824152],
        [-0.33189733, -0.40023365, -0.46245193, ..., -0.15731955,
          0.        , -0.21456879],
        [-0.52657313, -0.58754542, -0.64192711, ...,  0.05824152,
          0.21456879,  0.        ]],

       [[ 0.        , -0.02380815, -0.05431115, ...,  0.59731185,
          0.80171349,  0.96270398],
        [ 0.02380815,  0.        , -0.03052274, ...,  0.6162369 ,
          0.81571658,  0.95598963],
        [ 0.05431115,  0.03052274,  0.        , ...,  0.63998829,
          0.83299245,  0.94658883],
        ...,
        [-0.59731185, -0.6162369 , -0.63998829, ...,  0.        ,
          0.2859631 ,  0.93370418],
        [-0.80171349, -0.81571658, -0.83299245, ..., -0.2859631 ,
          0.        ,  0.79232551],
        [-0.96270398, -0.95598963, -0.94658883, ..., -0.93370418,
         -0.79232551,  0.        ]]]), 'num': array([9.99778876e-01, 2.07389450e-02, 1.42509451e-04, 9.86537617e-05,
       9.99461690e-05, 9.26225273e-05, 3.46497285e-03, 4.73882698e-06,
       9.62412679e-05, 9.19332434e-05, 7.41578555e-05, 8.62937628e-07,
       1.11007757e-04, 7.28587300e-05])}
{'img': array([[[ 0.        ,  0.03478923,  0.01170665, ...,  0.95715277,
          0.92920952,  0.99127914],
        [-0.03478923,  0.        , -0.02308727, ...,  0.946499  ,
          0.91579057,  0.98609461],
        [-0.01170665,  0.02308727,  0.        , ...,  0.95369713,
          0.92481961,  0.98966853],
        ...,
        [-0.95715277, -0.946499  , -0.95369713, ...,  0.        ,
         -0.08463531,  0.16092555],
        [-0.92920952, -0.91579057, -0.92481961, ...,  0.08463531,
          0.        ,  0.24388037],
        [-0.99127914, -0.98609461, -0.98966853, ..., -0.16092555,
         -0.24388037,  0.        ]],

       [[ 0.        ,  0.01381618, -0.12799061, ...,  0.60666933,
          0.48779727,  0.54535   ],
        [-0.01381618,  0.        , -0.14168093, ...,  0.5956282 ,
          0.47568979,  0.53371711],
        [ 0.12799061,  0.14168093,  0.        , ...,  0.70342639,
          0.59551561,  0.64814751],
        ...,
        [-0.60666933, -0.5956282 , -0.70342639, ...,  0.        ,
         -0.14181967, -0.07498704],
        [-0.48779727, -0.47568979, -0.59551561, ...,  0.14181967,
          0.        ,  0.06719128],
        [-0.54535   , -0.53371711, -0.64814751, ...,  0.07498704,
         -0.06719128,  0.        ]],

       [[ 0.        ,  0.0467623 ,  0.07827829, ...,  0.99994716,
          0.99914588,  0.99828556],
        [-0.0467623 ,  0.        ,  0.03157384, ...,  0.99837254,
          0.99612056,  0.99993055],
        [-0.07827829, -0.03157384,  0.        , ...,  0.99607416,
          0.99284544,  0.99980412],
        ...,
        [-0.99994716, -0.99837254, -0.99607416, ...,  0.        ,
         -0.03104838,  0.06879092],
        [-0.99914588, -0.99612056, -0.99284544, ...,  0.03104838,
          0.        ,  0.09973258],
        [-0.99828556, -0.99993055, -0.99980412, ..., -0.06879092,
         -0.09973258,  0.        ]],

       ...,

       [[ 0.        , -0.0829522 , -0.50428378, ..., -0.95277605,
         -0.98513809, -0.98513809],
        [ 0.0829522 ,  0.        , -0.4309134 , ..., -0.92430192,
         -0.96749462, -0.96749462],
        [ 0.50428378,  0.4309134 ,  0.        , ..., -0.66962054,
         -0.76408627, -0.76408627],
        ...,
        [ 0.95277605,  0.92430192,  0.66962054, ...,  0.        ,
         -0.13550784, -0.13550784],
        [ 0.98513809,  0.96749462,  0.76408627, ...,  0.13550784,
          0.        ,  0.        ],
        [ 0.98513809,  0.96749462,  0.76408627, ...,  0.13550784,
          0.        ,  0.        ]],

       [[ 0.        ,  0.06893211,  0.11093512, ...,  0.40023365,
          0.58754542,  0.57499552],
        [-0.06893211,  0.        ,  0.04216461, ...,  0.46245193,
          0.64192711,  0.63002507],
        [-0.11093512, -0.04216461,  0.        , ...,  0.49942568,
          0.67368661,  0.66220875],
        ...,
        [-0.40023365, -0.46245193, -0.49942568, ...,  0.        ,
         -0.21456879, -0.19947966],
        [-0.58754542, -0.64192711, -0.67368661, ...,  0.21456879,
          0.        ,  0.01542282],
        [-0.57499552, -0.63002507, -0.66220875, ...,  0.19947966,
         -0.01542282,  0.        ]],

       [[ 0.        , -0.02738381, -0.02994389, ...,  0.71811816,
          0.93689385,  0.92076958],
        [ 0.02738381,  0.        , -0.00256113, ...,  0.73690583,
          0.94611627,  0.90974168],
        [ 0.02994389,  0.00256113,  0.        , ...,  0.73863473,
          0.94694253,  0.90867538],
        ...,
        [-0.71811816, -0.73690583, -0.73863473, ...,  0.        ,
          0.40094016,  0.9209259 ],
        [-0.93689385, -0.94611627, -0.94694253, ..., -0.40094016,
          0.        ,  0.68740262],
        [-0.92076958, -0.90974168, -0.90867538, ..., -0.9209259 ,
         -0.68740262,  0.        ]]]), 'num': array([ 9.99982455e-01,  3.85267871e-03,  1.48233598e-04,  9.86657861e-05,
        1.00427675e-04,  9.61697766e-05,  4.48914644e-03, -2.20236130e-06,
        9.79316656e-05,  9.49731603e-05,  7.63191601e-05,  7.96942474e-07,
        1.13323769e-04,  7.66225517e-05])}
{'img': array([[[ 0.        , -0.02308727, -0.06653943, ...,  0.91579057,
          0.98609461,  0.95982501],
        [ 0.02308727,  0.        , -0.04348558, ...,  0.92481961,
          0.98966853,  0.96604744],
        [ 0.06653943,  0.04348558,  0.        , ...,  0.94048696,
          0.99496707,  0.97636876],
        ...,
        [-0.91579057, -0.92481961, -0.94048696, ...,  0.        ,
          0.24388037,  0.12854942],
        [-0.98609461, -0.98966853, -0.99496707, ..., -0.24388037,
          0.        , -0.117189  ],
        [-0.95982501, -0.96604744, -0.97636876, ..., -0.12854942,
          0.117189  ,  0.        ]],

       [[ 0.        , -0.14168093,  0.26124215, ...,  0.47568979,
          0.53371711,  0.62167293],
        [ 0.14168093,  0.        ,  0.39536766, ...,  0.59551561,
          0.64814751,  0.72637713],
        [-0.26124215, -0.39536766,  0.        , ...,  0.22937863,
          0.29426003,  0.39545933],
        ...,
        [-0.47568979, -0.59551561, -0.22937863, ...,  0.        ,
          0.06719128,  0.17423482],
        [-0.53371711, -0.64814751, -0.29426003, ..., -0.06719128,
          0.        ,  0.10767754],
        [-0.62167293, -0.72637713, -0.39545933, ..., -0.17423482,
         -0.10767754,  0.        ]],

       [[ 0.        ,  0.03157384,  0.05024964, ...,  0.99612056,
          0.99993055,  0.99981226],
        [-0.03157384,  0.        ,  0.01869063, ...,  0.99284544,
          0.99980412,  0.998702  ],
        [-0.05024964, -0.01869063,  0.        , ...,  0.99044022,
          0.99925954,  0.99757554],
        ...,
        [-0.99612056, -0.99284544, -0.99044022, ...,  0.        ,
          0.09973258,  0.0686815 ],
        [-0.99993055, -0.99980412, -0.99925954, ..., -0.09973258,
          0.        , -0.03115801],
        [-0.99981226, -0.998702  , -0.99757554, ..., -0.0686815 ,
          0.03115801,  0.        ]],

       ...,

       [[ 0.        , -0.4309134 , -0.72545307, ..., -0.96749462,
         -0.96749462, -0.99737838],
        [ 0.4309134 ,  0.        , -0.35805851, ..., -0.76408627,
         -0.76408627, -0.86884546],
        [ 0.72545307,  0.35805851,  0.        , ..., -0.48243812,
         -0.48243812, -0.63397145],
        ...,
        [ 0.96749462,  0.76408627,  0.48243812, ...,  0.        ,
          0.        , -0.18221802],
        [ 0.96749462,  0.76408627,  0.48243812, ...,  0.        ,
          0.        , -0.18221802],
        [ 0.99737838,  0.86884546,  0.63397145, ...,  0.18221802,
          0.18221802,  0.        ]],

       [[ 0.        ,  0.04216461,  0.05121841, ...,  0.64192711,
          0.63002507,  0.65618208],
        [-0.04216461,  0.        ,  0.00906359, ...,  0.67368661,
          0.66220875,  0.68741604],
        [-0.05121841, -0.00906359,  0.        , ...,  0.68035708,
          0.66897307,  0.69397037],
        ...,
        [-0.64192711, -0.67368661, -0.68035708, ...,  0.        ,
          0.01542282, -0.01873802],
        [-0.63002507, -0.66220875, -0.66897307, ..., -0.01542282,
          0.        , -0.03415591],
        [-0.65618208, -0.68741604, -0.69397037, ...,  0.01873802,
          0.03415591,  0.        ]],

       [[ 0.        , -0.00236353,  0.04896218, ...,  0.87551189,
          0.98462648,  0.87759764],
        [ 0.00236353,  0.        ,  0.05132273, ...,  0.8766515 ,
          0.98503658,  0.87646212],
        [-0.04896218, -0.05132273,  0.        , ...,  0.85080348,
          0.97489318,  0.90001744],
        ...,
        [-0.87551189, -0.8766515 , -0.85080348, ...,  0.        ,
          0.32283976,  0.84377077],
        [-0.98462648, -0.98503658, -0.97489318, ..., -0.32283976,
          0.        ,  0.62532061],
        [-0.87759764, -0.87646212, -0.90001744, ..., -0.84377077,
         -0.62532061,  0.        ]]]), 'num': array([ 9.99981035e-01,  3.86988294e-03,  1.48895538e-04,  9.86639414e-05,
        1.01908496e-04,  9.64517454e-05,  4.78096849e-03, -4.42439199e-07,
        9.87524292e-05,  9.64222494e-05,  7.71405033e-05,  7.29553998e-07,
        1.13104443e-04,  7.97400555e-05])}
{'img': array([[[ 0.        , -0.04348558, -0.14000439, ...,  0.98966853,
          0.96604744,  0.96005896],
        [ 0.04348558,  0.        , -0.09681467, ...,  0.99496707,
          0.97636876,  0.97131796],
        [ 0.14000439,  0.09681467,  0.        , ...,  0.99999421,
          0.99270493,  0.98977614],
        ...,
        [-0.98966853, -0.99496707, -0.99999421, ...,  0.        ,
         -0.117189  , -0.1392592 ],
        [-0.96604744, -0.97636876, -0.99270493, ...,  0.117189  ,
          0.        , -0.02225255],
        [-0.96005896, -0.97131796, -0.98977614, ...,  0.1392592 ,
          0.02225255,  0.        ]],

       [[ 0.        ,  0.39536766,  0.31674529, ...,  0.64814751,
          0.72637713,  0.74588218],
        [-0.39536766,  0.        , -0.08407261, ...,  0.29426003,
          0.39545933,  0.42176424],
        [-0.31674529,  0.08407261,  0.        , ...,  0.37356857,
          0.47127856,  0.49650014],
        ...,
        [-0.64814751, -0.29426003, -0.37356857, ...,  0.        ,
          0.10767754,  0.13628359],
        [-0.72637713, -0.39545933, -0.47127856, ..., -0.10767754,
          0.        ,  0.02881833],
        [-0.74588218, -0.42176424, -0.49650014, ..., -0.13628359,
         -0.02881833,  0.        ]],

       [[ 0.        ,  0.01869063, -0.00756819, ...,  0.99980412,
          0.998702  ,  0.99966948],
        [-0.01869063,  0.        , -0.02625697, ...,  0.99925954,
          0.99757554,  0.99901435],
        [ 0.00756819,  0.02625697,  0.        , ...,  0.99992527,
          0.99905888,  0.99983542],
        ...,
        [-0.99980412, -0.99925954, -0.99992527, ...,  0.        ,
         -0.03115801, -0.00591785],
        [-0.998702  , -0.99757554, -0.99905888, ...,  0.03115801,
          0.        ,  0.02524249],
        [-0.99966948, -0.99901435, -0.99983542, ...,  0.00591785,
         -0.02524249,  0.        ]],

       ...,

       [[ 0.        , -0.35805851, -0.78194641, ..., -0.76408627,
         -0.86884546, -0.93688685],
        [ 0.35805851,  0.        , -0.50690848, ..., -0.48243812,
         -0.63397145, -0.74958148],
        [ 0.78194641,  0.50690848,  0.        , ...,  0.02815477,
         -0.15446237, -0.3106103 ],
        ...,
        [ 0.76408627,  0.48243812, -0.02815477, ...,  0.        ,
         -0.18221802, -0.33724933],
        [ 0.86884546,  0.63397145,  0.15446237, ...,  0.18221802,
          0.        , -0.16006031],
        [ 0.93688685,  0.74958148,  0.3106103 , ...,  0.33724933,
          0.16006031,  0.        ]],

       [[ 0.        ,  0.00906359,  0.00462075, ...,  0.66220875,
          0.68741604,  0.76091406],
        [-0.00906359,  0.        , -0.00444293, ...,  0.66897307,
          0.69397037,  0.76676374],
        [-0.00462075,  0.00444293,  0.        , ...,  0.66566409,
          0.69076459,  0.76390412],
        ...,
        [-0.66220875, -0.66897307, -0.66566409, ...,  0.        ,
         -0.03415591, -0.14049176],
        [-0.68741604, -0.69397037, -0.69076459, ...,  0.03415591,
          0.        , -0.10659264],
        [-0.76091406, -0.76676374, -0.76390412, ...,  0.14049176,
          0.10659264,  0.        ]],

       [[ 0.        ,  0.04694323,  0.08283906, ...,  0.92076435,
          0.98961315,  0.83767587],
        [-0.04694323,  0.        ,  0.03596585, ...,  0.90143581,
          0.98177379,  0.86239126],
        [-0.08283906, -0.03596585,  0.        , ...,  0.88528252,
          0.97430318,  0.88004075],
        ...,
        [-0.92076435, -0.90143581, -0.88528252, ...,  0.        ,
          0.25370166,  0.82968519],
        [-0.98961315, -0.98177379, -0.97430318, ..., -0.25370166,
          0.        ,  0.6609157 ],
        [-0.83767587, -0.86239126, -0.88004075, ..., -0.82968519,
         -0.6609157 ,  0.        ]]]), 'num': array([ 9.99990140e-01,  3.93435832e-03,  1.51376259e-04,  9.86584570e-05,
        1.01357321e-04,  9.74589620e-05,  2.03534796e-03, -1.64930551e-06,
        1.00157826e-04,  9.90258023e-05,  7.88942792e-05,  6.10362458e-07,
        1.13488136e-04,  8.45634687e-05])}
{'img': array([[[ 0.        , -0.09681467, -0.0040363 , ...,  0.97636876,
          0.97131796,  0.94956067],
        [ 0.09681467,  0.        ,  0.09279654, ...,  0.99270493,
          0.98977614,  0.97545951],
        [ 0.0040363 , -0.09279654,  0.        , ...,  0.97723309,
          0.97226982,  0.95081865],
        ...,
        [-0.97636876, -0.99270493, -0.97723309, ...,  0.        ,
         -0.02225255, -0.10096232],
        [-0.97131796, -0.98977614, -0.97226982, ...,  0.02225255,
          0.        , -0.07879848],
        [-0.94956067, -0.97545951, -0.95081865, ...,  0.10096232,
          0.07879848,  0.        ]],

       [[ 0.        , -0.08458792, -0.0614204 , ...,  0.39637932,
          0.42270435,  0.08226358],
