state_0,state_1,state_2,state_3,state_4,state_5,state_6,state_7,state_8,state_9,state_10,state_11,state_12,state_13,state_14,state_15,state_16,state_17,state_18,state_19,state_20,state_21,state_22,state_23,state_24,state_25,state_26,state_27,state_28,state_29,state_30,state_31,state_32,state_33,state_34,state_35,state_36,state_37,state_38,state_39,state_40,state_41,state_42,state_43,state_44,state_45,state_46,state_47,state_48,state_49,state_50,state_51,state_52,state_53,state_54,state_55,state_56,state_57,state_58,state_59,state_60,state_61,state_62,state_63,state_64,state_65,state_66,state_67,state_68,state_69,state_70,state_71,state_72,state_73,state_74,state_75,state_76,state_77,state_78,state_79,state_80,state_81,state_82,state_83,state_84,state_85,state_86,state_87,state_88,state_89,state_90,state_91,state_92,state_93,state_94,state_95,state_96,state_97,state_98,state_99,state_100,state_101,state_102,state_103,state_104,state_105,state_106,state_107,state_108,state_109,state_110,state_111,state_112,state_113,state_114,state_115,state_116,state_117,state_118,state_119,state_120,state_121,state_122,state_123,state_124,state_125,state_126,state_127,state_128,state_129,state_130,state_131,state_132,state_133,state_134,state_135,state_136,state_137,state_138,state_139,state_140,state_141,state_142,state_143,state_144,state_145,state_146,state_147,state_148,state_149,state_150,state_151,state_152,state_153,state_154,state_155,state_156,state_157,state_158,state_159,state_160,state_161,state_162,state_163,state_164,state_165,state_166,state_167,state_168,state_169,state_170,state_171,state_172,state_173,state_174,state_175,state_176,state_177,state_178,state_179,state_180,state_181,state_182,state_183,state_184,state_185,state_186,state_187,state_188,state_189,state_190,state_191,state_192,state_193,state_194,state_195,state_196,state_197,state_198,state_199,state_200,state_201,state_202,state_203,state_204,state_205,state_206,state_207,state_208,state_209,state_210,state_211,state_212,state_213,state_214,state_215,state_216,state_217,state_218,state_219,state_220,state_221,state_222,state_223,state_224,state_225,state_226,state_227,state_228,state_229,state_230,state_231,state_232,state_233,state_234,state_235,state_236,state_237,state_238,state_239,state_240,state_241,state_242,state_243,state_244,state_245,state_246,state_247,state_248,state_249,state_250,state_251,state_252,state_253,state_254,state_255,state_256,state_257,state_258,state_259,state_260,state_261,state_262,state_263,state_264,state_265,state_266,state_267,state_268,state_269,state_270,state_271,state_272,state_273,state_274,state_275,state_276,state_277,state_278,state_279,state_280,state_281,state_282,state_283,state_284,state_285,state_286,state_287
{'img': array([[[ 0.00000000e+00,  8.07138999e-01,  7.48928688e-01, ...,
          9.27632605e-01,  9.67463128e-01,  9.99927418e-01],
        [-8.07138999e-01,  0.00000000e+00, -9.27125210e-02, ...,
          8.49100080e-01,  7.75368822e-01,  5.80594030e-01],
        [-7.48928688e-01,  9.27125210e-02,  0.00000000e+00, ...,
          8.94416658e-01,  8.30578006e-01,  6.53579269e-01],
        ...,
        [-9.27632605e-01, -8.49100080e-01, -8.94416658e-01, ...,
          0.00000000e+00, -1.26639425e-01, -3.84643163e-01],
        [-9.67463128e-01, -7.75368822e-01, -8.30578006e-01, ...,
          1.26639425e-01,  0.00000000e+00, -2.64649866e-01],
        [-9.99927418e-01, -5.80594030e-01, -6.53579269e-01, ...,
          3.84643163e-01,  2.64649866e-01,  0.00000000e+00]],

       [[ 0.00000000e+00,  7.56224475e-01,  9.81913879e-01, ...,
          3.59387284e-03, -1.39475694e-01, -1.92220311e-01],
        [-7.56224475e-01,  0.00000000e+00, -7.85652848e-01, ...,
         -7.58571107e-01, -6.57572098e-01, -6.16350141e-01],
        [-9.81913879e-01,  7.85652848e-01,  0.00000000e+00, ...,
         -9.81227117e-01, -9.98722827e-01, -9.99995660e-01],
        ...,
        [-3.59387284e-03,  7.58571107e-01,  9.81227117e-01, ...,
          0.00000000e+00, -1.43033538e-01, -1.95745924e-01],
        [ 1.39475694e-01,  6.57572098e-01,  9.98722827e-01, ...,
          1.43033538e-01,  0.00000000e+00, -5.34667301e-02],
        [ 1.92220311e-01,  6.16350141e-01,  9.99995660e-01, ...,
          1.95745924e-01,  5.34667301e-02,  0.00000000e+00]],

       [[ 0.00000000e+00,  7.28839408e-01,  8.68610508e-01, ...,
          8.76181128e-01,  8.55369705e-01,  8.44195101e-01],
        [-7.28839408e-01,  0.00000000e+00,  2.33587668e-01, ...,
          9.51195262e-01,  9.63210483e-01,  9.68691643e-01],
        [-8.68610508e-01, -2.33587668e-01,  0.00000000e+00, ...,
          8.52798416e-01,  8.73787730e-01,  8.83901403e-01],
        ...,
        [-8.76181128e-01, -9.51195262e-01, -8.52798416e-01, ...,
          0.00000000e+00,  4.16048254e-02,  6.27778309e-02],
        [-8.55369705e-01, -9.63210483e-01, -8.73787730e-01, ...,
         -4.16048254e-02,  0.00000000e+00,  2.12007134e-02],
        [-8.44195101e-01, -9.68691643e-01, -8.83901403e-01, ...,
         -6.27778309e-02, -2.12007134e-02,  0.00000000e+00]],

       ...,

       [[ 0.00000000e+00,  1.05693734e-01,  1.32506614e-01, ...,
         -2.28642946e-01, -1.69116963e-01,  3.57701798e-02],
        [-1.05693734e-01,  0.00000000e+00,  2.70026694e-02, ...,
         -3.30256199e-01, -2.72341014e-01, -7.00562734e-02],
        [-1.32506614e-01, -2.70026694e-02,  0.00000000e+00, ...,
         -3.55623361e-01, -2.98223698e-01, -9.69670531e-02],
        ...,
        [ 2.28642946e-01,  3.30256199e-01,  3.55623361e-01, ...,
          0.00000000e+00,  6.07124563e-02,  2.63319264e-01],
        [ 1.69116963e-01,  2.72341014e-01,  2.98223698e-01, ...,
         -6.07124563e-02,  0.00000000e+00,  2.04263681e-01],
        [-3.57701798e-02,  7.00562734e-02,  9.69670531e-02, ...,
         -2.63319264e-01, -2.04263681e-01,  0.00000000e+00]],

       [[ 0.00000000e+00,  6.38850319e-01,  7.60488751e-01, ...,
          8.73709092e-01,  8.77477633e-01,  8.78005691e-01],
        [-6.38850319e-01,  0.00000000e+00,  1.70229450e-01, ...,
          9.82939499e-01,  9.81474623e-01,  9.81262871e-01],
        [-7.60488751e-01, -1.70229450e-01,  0.00000000e+00, ...,
          9.37282796e-01,  9.34534831e-01,  9.34142054e-01],
        ...,
        [-8.73709092e-01, -9.82939499e-01, -9.37282796e-01, ...,
          0.00000000e+00, -7.80170788e-03, -8.90377732e-03],
        [-8.77477633e-01, -9.81474623e-01, -9.34534831e-01, ...,
          7.80170788e-03,  0.00000000e+00, -1.10210772e-03],
        [-8.78005691e-01, -9.81262871e-01, -9.34142054e-01, ...,
          8.90377732e-03,  1.10210772e-03,  0.00000000e+00]],

       [[ 0.00000000e+00, -3.17898452e-01,  9.91351031e-02, ...,
          8.10340830e-01,  8.09457443e-01,  8.10237728e-01],
        [ 3.17898452e-01,  0.00000000e+00,  4.10324925e-01, ...,
          5.82028809e-01,  5.80803498e-01,  5.81885736e-01],
        [-9.91351031e-02, -4.10324925e-01,  0.00000000e+00, ...,
          8.64438166e-01,  8.63680048e-01,  8.64349703e-01],
        ...,
        [-8.10340830e-01, -5.82028809e-01, -8.64438166e-01, ...,
          0.00000000e+00,  1.50602442e-03,  1.75933840e-04],
        [-8.09457443e-01, -5.80803498e-01, -8.63680048e-01, ...,
         -1.50602442e-03,  0.00000000e+00, -1.33009075e-03],
        [-8.10237728e-01, -5.81885736e-01, -8.64349703e-01, ...,
         -1.75933840e-04,  1.33009075e-03,  0.00000000e+00]]]), 'num': array([9.99799489e-01, 1.90109251e-02, 3.44741153e-05, 2.48363783e-04,
       2.50982734e-04, 2.44871850e-04, 6.25129461e-03, 3.49193369e-06,
       2.48363783e-04, 2.45199219e-04, 2.45410190e-04, 5.57223461e-07,
       2.60437406e-04, 2.29961031e-04])}
{'img': array([[[ 0.        , -0.10326554, -0.10326554, ...,  0.80431839,
          0.61119028,  0.75663603],
        [ 0.10326554,  0.        ,  0.        , ...,  0.8613786 ,
          0.68965574,  0.82010968],
        [ 0.10326554,  0.        ,  0.        , ...,  0.8613786 ,
          0.68965574,  0.82010968],
        ...,
        [-0.80431839, -0.8613786 , -0.8613786 , ...,  0.        ,
         -0.27343651, -0.07630053],
        [-0.61119028, -0.68965574, -0.68965574, ...,  0.27343651,
          0.        ,  0.19924668],
        [-0.75663603, -0.82010968, -0.82010968, ...,  0.07630053,
         -0.19924668,  0.        ]],

       [[ 0.        , -0.78565285, -0.89589435, ..., -0.6575721 ,
         -0.61635014, -0.41437696],
        [ 0.78565285,  0.        , -0.90330057, ..., -0.99872283,
         -0.99999566, -0.97138846],
        [ 0.89589435,  0.90330057,  0.        , ..., -0.3828216 ,
         -0.43166778, -0.63126415],
        ...,
        [ 0.6575721 ,  0.99872283,  0.3828216 , ...,  0.        ,
         -0.05346673, -0.28627175],
        [ 0.61635014,  0.99999566,  0.43166778, ...,  0.05346673,
          0.        , -0.23463321],
        [ 0.41437696,  0.97138846,  0.63126415, ...,  0.28627175,
          0.23463321,  0.        ]],

       [[ 0.        ,  0.63146907,  0.7967735 , ...,  0.90386988,
          0.8934323 ,  0.87360761],
        [-0.63146907,  0.        ,  0.23623611, ...,  0.97100886,
          0.97642292,  0.98468871],
        [-0.7967735 , -0.23623611,  0.        , ...,  0.88705442,
          0.8977905 ,  0.91563662],
        ...,
        [-0.90386988, -0.97100886, -0.88705442, ...,  0.        ,
          0.02379939,  0.06611524],
        [-0.8934323 , -0.97642292, -0.8977905 , ..., -0.02379939,
          0.        ,  0.0423492 ],
        [-0.87360761, -0.98468871, -0.91563662, ..., -0.06611524,
         -0.0423492 ,  0.        ]],

       ...,

       [[ 0.        ,  0.02700267,  0.55015735, ..., -0.27234101,
         -0.07005627, -0.06143705],
        [-0.02700267,  0.        ,  0.52740787, ..., -0.2982237 ,
         -0.09696705, -0.08836631],
        [-0.55015735, -0.52740787,  0.        , ..., -0.75678321,
         -0.6073069 , -0.60042177],
        ...,
        [ 0.27234101,  0.2982237 ,  0.75678321, ...,  0.        ,
          0.20426368,  0.21271177],
        [ 0.07005627,  0.09696705,  0.6073069 , ..., -0.20426368,
          0.        ,  0.00863783],
        [ 0.06143705,  0.08836631,  0.60042177, ..., -0.21271177,
         -0.00863783,  0.        ]],

       [[ 0.        ,  0.50284228,  0.72323404, ...,  0.91128558,
          0.91177889,  0.90673964],
        [-0.50284228,  0.        ,  0.27788333, ...,  0.99475322,
          0.99462978,  0.99580998],
        [-0.72323404, -0.27788333,  0.        , ...,  0.92714621,
          0.92669605,  0.93117835],
        ...,
        [-0.91128558, -0.99475322, -0.92714621, ...,  0.        ,
         -0.00119961,  0.01090819],
        [-0.91177889, -0.99462978, -0.92669605, ...,  0.00119961,
          0.        ,  0.01210772],
        [-0.90673964, -0.99580998, -0.93117835, ..., -0.01090819,
         -0.01210772,  0.        ]],

       [[ 0.        ,  0.41032493,  0.39563909, ...,  0.5808035 ,
          0.58188574,  0.57767139],
        [-0.41032493,  0.        , -0.01604603, ...,  0.86368005,
          0.8643497 ,  0.86173698],
        [-0.39563909,  0.01604603,  0.        , ...,  0.85548101,
          0.85616902,  0.853485  ],
        ...,
        [-0.5808035 , -0.86368005, -0.85548101, ...,  0.        ,
         -0.00133009,  0.00384233],
        [-0.58188574, -0.8643497 , -0.85616902, ...,  0.00133009,
          0.        ,  0.0051724 ],
        [-0.57767139, -0.86173698, -0.853485  , ..., -0.00384233,
         -0.0051724 ,  0.        ]]]), 'num': array([ 9.15348855e-01,  4.02441018e-01,  1.83509075e-05,  3.58426180e-04,
        3.67402864e-04,  3.56502605e-04,  1.32912378e-02, -6.41191735e-06,
        3.63940429e-04,  3.59932981e-04,  3.60734470e-04,  7.69430082e-07,
        3.82274718e-04,  3.37591244e-04])}
{'img': array([[[ 0.        ,  0.        , -0.42793024, ...,  0.68965574,
          0.82010968,  0.65249101],
        [ 0.        ,  0.        , -0.42793024, ...,  0.68965574,
          0.82010968,  0.65249101],
        [ 0.42793024,  0.42793024,  0.        , ...,  0.93319926,
          0.98608918,  0.91401308],
        ...,
        [-0.68965574, -0.68965574, -0.93319926, ...,  0.        ,
          0.19924668, -0.05012555],
        [-0.82010968, -0.82010968, -0.98608918, ..., -0.19924668,
          0.        , -0.24811672],
        [-0.65249101, -0.65249101, -0.91401308, ...,  0.05012555,
          0.24811672,  0.        ]],

       [[ 0.        , -0.94963925, -0.83973279, ..., -0.6754519 ,
         -0.45804776, -0.71653813],
        [ 0.94963925,  0.        , -0.25252762, ..., -0.48861813,
         -0.7006334 , -0.43789501],
        [ 0.83973279,  0.25252762,  0.        , ..., -0.25245209,
         -0.49774178, -0.19667377],
        ...,
        [ 0.6754519 ,  0.48861813,  0.25245209, ...,  0.        ,
         -0.26266155,  0.05721805],
        [ 0.45804776,  0.7006334 ,  0.49774178, ...,  0.26266155,
          0.        ,  0.31744025],
        [ 0.71653813,  0.43789501,  0.19667377, ..., -0.05721805,
         -0.31744025,  0.        ]],

       [[ 0.        ,  0.59023849,  0.65800673, ...,  0.92518432,
          0.90674158,  0.92518432],
        [-0.59023849,  0.        ,  0.08670536, ...,  0.97084171,
          0.98084377,  0.97084171],
        [-0.65800673, -0.08670536,  0.        , ...,  0.94640039,
          0.96026005,  0.94640039],
        ...,
        [-0.92518432, -0.97084171, -0.94640039, ...,  0.        ,
          0.04601315,  0.        ],
        [-0.90674158, -0.98084377, -0.96026005, ..., -0.04601315,
          0.        , -0.04601315],
        [-0.92518432, -0.97084171, -0.94640039, ...,  0.        ,
          0.04601315,  0.        ]],

       ...,

       [[ 0.        ,  0.52740787,  0.24773698, ..., -0.09696705,
         -0.08836631, -0.21463156],
        [-0.52740787,  0.        , -0.30048679, ..., -0.6073069 ,
         -0.60042177, -0.69747028],
        [-0.24773698,  0.30048679,  0.        , ..., -0.34051387,
         -0.33237954, -0.44990441],
        ...,
        [ 0.09696705,  0.6073069 ,  0.34051387, ...,  0.        ,
          0.00863783, -0.11891289],
        [ 0.08836631,  0.60042177,  0.33237954, ..., -0.00863783,
          0.        , -0.12748499],
        [ 0.21463156,  0.69747028,  0.44990441, ...,  0.11891289,
          0.12748499,  0.        ]],

       [[ 0.        ,  0.58144771,  0.69188381, ...,  0.92990009,
          0.92514146,  0.9295201 ],
        [-0.58144771,  0.        ,  0.14309504, ...,  0.9704152 ,
          0.97341075,  0.97066379],
        [-0.69188381, -0.14309504,  0.        , ...,  0.92587942,
          0.93061503,  0.92626874],
        ...,
        [-0.92990009, -0.9704152 , -0.92587942, ...,  0.        ,
          0.01273271,  0.00103174],
        [-0.92514146, -0.97341075, -0.93061503, ..., -0.01273271,
          0.        , -0.01170104],
        [-0.9295201 , -0.97066379, -0.92626874, ..., -0.00103174,
          0.01170104,  0.        ]],

       [[ 0.        , -0.0363262 ,  0.22792644, ...,  0.74181001,
          0.73826403,  0.74438604],
        [ 0.0363262 ,  0.        ,  0.26314604, ...,  0.71695969,
          0.71327431,  0.71963793],
        [-0.22792644, -0.26314604,  0.        , ...,  0.87513413,
          0.87257079,  0.87699035],
        ...,
        [-0.74181001, -0.71695969, -0.87513413, ...,  0.        ,
          0.00527232, -0.00384951],
        [-0.73826403, -0.71327431, -0.87257079, ..., -0.00527232,
          0.        , -0.00912174],
        [-0.74438604, -0.71963793, -0.87699035, ...,  0.00384951,
          0.00912174,  0.        ]]]), 'num': array([9.98689534e-01, 3.51137340e-02, 3.29991712e-05, 3.91697480e-04,
       3.97733913e-04, 3.79624612e-04, 3.72164787e-02, 1.67678716e-05,
       3.81636757e-04, 3.77411253e-04, 3.77903111e-04, 7.49622493e-07,
       4.01646623e-04, 3.53175883e-04])}
