state_0,state_1,state_2,state_3,state_4,state_5,state_6,state_7,state_8,state_9,state_10,state_11,state_12,state_13,state_14,state_15,state_16,state_17,state_18,state_19,state_20,state_21,state_22,state_23,state_24,state_25,state_26,state_27,state_28,state_29,state_30,state_31,state_32,state_33,state_34,state_35,state_36,state_37,state_38,state_39,state_40,state_41,state_42,state_43,state_44,state_45,state_46,state_47,state_48,state_49,state_50,state_51,state_52,state_53,state_54,state_55,state_56,state_57,state_58,state_59,state_60,state_61,state_62,state_63,state_64,state_65,state_66,state_67,state_68,state_69,state_70,state_71,state_72,state_73,state_74,state_75,state_76,state_77,state_78,state_79,state_80,state_81,state_82,state_83,state_84,state_85,state_86,state_87,state_88,state_89,state_90,state_91,state_92,state_93,state_94,state_95,state_96,state_97,state_98,state_99,state_100,state_101,state_102,state_103,state_104,state_105,state_106,state_107,state_108,state_109,state_110,state_111,state_112,state_113,state_114,state_115,state_116,state_117,state_118,state_119,state_120,state_121,state_122,state_123,state_124,state_125,state_126,state_127,state_128,state_129,state_130,state_131,state_132,state_133,state_134,state_135,state_136,state_137,state_138,state_139,state_140,state_141,state_142,state_143,state_144,state_145,state_146,state_147,state_148,state_149,state_150,state_151,state_152,state_153,state_154,state_155,state_156,state_157,state_158,state_159,state_160,state_161,state_162,state_163,state_164,state_165,state_166,state_167,state_168,state_169,state_170,state_171,state_172,state_173,state_174,state_175,state_176,state_177,state_178,state_179,state_180,state_181,state_182,state_183,state_184,state_185,state_186,state_187,state_188,state_189,state_190,state_191,state_192,state_193,state_194,state_195,state_196,state_197,state_198,state_199,state_200,state_201,state_202,state_203,state_204,state_205,state_206,state_207,state_208,state_209,state_210,state_211,state_212,state_213,state_214,state_215,state_216,state_217,state_218,state_219,state_220,state_221,state_222,state_223,state_224,state_225,state_226,state_227,state_228,state_229,state_230,state_231,state_232,state_233,state_234,state_235,state_236,state_237,state_238,state_239,state_240,state_241,state_242,state_243,state_244,state_245,state_246,state_247,state_248,state_249,state_250,state_251,state_252,state_253,state_254,state_255,state_256,state_257,state_258,state_259,state_260,state_261,state_262,state_263,state_264,state_265,state_266,state_267,state_268,state_269,state_270,state_271,state_272,state_273,state_274,state_275,state_276,state_277,state_278,state_279,state_280,state_281,state_282,state_283,state_284,state_285,state_286,state_287
{'img': array([[[ 0.        ,  0.28601804,  0.86701327, ..., -0.36974503,
         -0.36974503, -0.36974503],
        [-0.28601804,  0.        ,  0.68827461, ..., -0.62004752,
         -0.62004752, -0.62004752],
        [-0.86701327, -0.68827461,  0.        , ..., -0.98980929,
         -0.98980929, -0.98980929],
        ...,
        [ 0.36974503,  0.62004752,  0.98980929, ...,  0.        ,
          0.        ,  0.        ],
        [ 0.36974503,  0.62004752,  0.98980929, ...,  0.        ,
          0.        ,  0.        ],
        [ 0.36974503,  0.62004752,  0.98980929, ...,  0.        ,
          0.        ,  0.        ]],

       [[ 0.        ,  0.52032754,  0.96108767, ..., -0.53378475,
         -0.61653136, -0.96108767],
        [-0.52032754,  0.        ,  0.96447406, ..., -0.89583402,
         -0.93616696, -0.96447406],
        [-0.96108767, -0.96447406,  0.        , ..., -0.66526074,
         -0.58638068, -0.        ],
        ...,
        [ 0.53378475,  0.89583402,  0.66526074, ...,  0.        ,
         -0.10108655, -0.66526074],
        [ 0.61653136,  0.93616696,  0.58638068, ...,  0.10108655,
          0.        , -0.58638068],
        [ 0.96108767,  0.96447406,  0.        , ...,  0.66526074,
          0.58638068,  0.        ]],

       [[ 0.        ,  0.08817647,  0.3532673 , ..., -0.33346848,
         -0.28910755, -0.28910755],
        [-0.08817647,  0.        ,  0.2694002 , ..., -0.41529894,
         -0.37239248, -0.37239248],
        [-0.3532673 , -0.2694002 ,  0.        , ..., -0.64501396,
         -0.60864818, -0.60864818],
        ...,
        [ 0.33346848,  0.41529894,  0.64501396, ...,  0.        ,
          0.04666886,  0.04666886],
        [ 0.28910755,  0.37239248,  0.60864818, ..., -0.04666886,
          0.        ,  0.        ],
        [ 0.28910755,  0.37239248,  0.60864818, ..., -0.04666886,
          0.        ,  0.        ]],

       ...,

       [[ 0.        ,  0.1676289 ,  0.59355124, ...,  0.20198722,
          0.64924429,  0.56850928],
        [-0.1676289 ,  0.        ,  0.45024549, ...,  0.03495537,
          0.51256241,  0.42256055],
        [-0.59355124, -0.45024549,  0.        , ..., -0.41875851,
          0.07106617, -0.03076676],
        ...,
        [-0.20198722, -0.03495537,  0.41875851, ...,  0.        ,
          0.48223475,  0.39062105],
        [-0.64924429, -0.51256241, -0.07106617, ..., -0.48223475,
          0.        , -0.1017215 ],
        [-0.56850928, -0.42256055,  0.03076676, ..., -0.39062105,
          0.1017215 ,  0.        ]],

       [[ 0.        ,  0.12022446,  0.39033894, ..., -0.58353698,
         -0.50251762, -0.43819217],
        [-0.12022446,  0.        ,  0.27682051, ..., -0.67693709,
         -0.60281482, -0.54308137],
        [-0.39033894, -0.27682051,  0.        , ..., -0.85423472,
         -0.80012767, -0.75429931],
        ...,
        [ 0.58353698,  0.67693709,  0.85423472, ...,  0.        ,
          0.09641899,  0.1686805 ],
        [ 0.50251762,  0.60281482,  0.80012767, ..., -0.09641899,
          0.        ,  0.07285721],
        [ 0.43819217,  0.54308137,  0.75429931, ..., -0.1686805 ,
         -0.07285721,  0.        ]],

       [[ 0.        ,  0.18096858,  0.22790665, ..., -0.27366462,
         -0.26000074, -0.16892316],
        [-0.18096858,  0.        ,  0.04793762, ..., -0.44320625,
         -0.43045262, -0.34450197],
        [-0.22790665, -0.04793762,  0.        , ..., -0.48566893,
         -0.47322687, -0.38910905],
        ...,
        [ 0.27366462,  0.44320625,  0.48566893, ...,  0.        ,
          0.0141776 ,  0.1072573 ],
        [ 0.26000074,  0.43045262,  0.47322687, ..., -0.0141776 ,
          0.        ,  0.0931507 ],
        [ 0.16892316,  0.34450197,  0.38910905, ..., -0.1072573 ,
         -0.0931507 ,  0.        ]]]), 'num': array([9.99999578e-01, 3.52753293e-06, 2.72478495e-06, 3.09788128e-04,
       3.11476347e-04, 3.08099909e-04, 3.06577136e-04, 1.26616401e-06,
       3.08184320e-04, 3.00123076e-04, 3.10885470e-04, 6.07272907e-08,
       3.21893734e-04, 2.78352418e-04])}
{'img': array([[[ 0.        ,  0.68827461,  0.44446982, ..., -0.62004752,
         -0.62004752, -0.59093648],
        [-0.68827461,  0.        , -0.29411141, ..., -0.98980929,
         -0.98980929, -0.98393859],
        [-0.44446982,  0.29411141,  0.        , ..., -0.90414988,
         -0.90414988, -0.88791909],
        ...,
        [ 0.62004752,  0.98980929,  0.90414988, ...,  0.        ,
          0.        ,  0.03657592],
        [ 0.62004752,  0.98980929,  0.90414988, ...,  0.        ,
          0.        ,  0.03657592],
        [ 0.59093648,  0.98393859,  0.88791909, ..., -0.03657592,
         -0.03657592,  0.        ]],

       [[ 0.        ,  0.96447406,  0.1938267 , ..., -0.93616696,
         -0.96447406, -0.97797893],
        [-0.96447406,  0.        , -0.8949789 , ..., -0.58638068,
         -0.        , -0.45964935],
        [-0.1938267 ,  0.8949789 ,  0.        , ..., -0.98655417,
         -0.8949789 , -0.99988467],
        ...,
        [ 0.93616696,  0.58638068,  0.98655417, ...,  0.        ,
         -0.58638068, -0.14843262],
        [ 0.96447406,  0.        ,  0.8949789 , ...,  0.58638068,
          0.        ,  0.45964935],
        [ 0.97797893,  0.45964935,  0.99988467, ...,  0.14843262,
         -0.45964935,  0.        ]],

       [[ 0.        ,  0.2694002 ,  0.48702101, ..., -0.37239248,
         -0.37239248, -0.34539894],
        [-0.2694002 ,  0.        ,  0.23372351, ..., -0.60864818,
         -0.60864818, -0.58544918],
        [-0.48702101, -0.23372351,  0.        , ..., -0.77723615,
         -0.77723615, -0.75871584],
        ...,
        [ 0.37239248,  0.60864818,  0.77723615, ...,  0.        ,
          0.        ,  0.0289177 ],
        [ 0.37239248,  0.60864818,  0.77723615, ...,  0.        ,
          0.        ,  0.0289177 ],
        [ 0.34539894,  0.58544918,  0.75871584, ..., -0.0289177 ,
         -0.0289177 ,  0.        ]],

       ...,

       [[ 0.        ,  0.45024549,  0.78588619, ...,  0.51256241,
          0.42256055,  0.41252596],
        [-0.45024549,  0.        ,  0.42330273, ...,  0.07106617,
         -0.03076676, -0.04180284],
        [-0.78588619, -0.42330273,  0.        , ..., -0.35784733,
         -0.45097666, -0.4608056 ],
        ...,
        [-0.51256241, -0.07106617,  0.35784733, ...,  0.        ,
         -0.1017215 , -0.1127012 ],
        [-0.42256055,  0.03076676,  0.45097666, ...,  0.1017215 ,
          0.        , -0.01104319],
        [-0.41252596,  0.04180284,  0.4608056 , ...,  0.1127012 ,
          0.01104319,  0.        ]],

       [[ 0.        ,  0.27682051,  0.41701441, ..., -0.60281482,
         -0.54308137, -0.53890214],
        [-0.27682051,  0.        ,  0.14911605, ..., -0.80012767,
         -0.75429931, -0.75102758],
        [-0.41701441, -0.14911605,  0.        , ..., -0.88062624,
         -0.84376528, -0.84108784],
        ...,
        [ 0.60281482,  0.80012767,  0.88062624, ...,  0.        ,
          0.07285721,  0.07781229],
        [ 0.54308137,  0.75429931,  0.84376528, ..., -0.07285721,
          0.        ,  0.00496918],
        [ 0.53890214,  0.75102758,  0.84108784, ..., -0.07781229,
         -0.00496918,  0.        ]],

       [[ 0.        ,  0.04793762,  0.22363821, ..., -0.43045262,
         -0.34450197, -0.13045164],
        [-0.04793762,  0.        ,  0.17665763, ..., -0.47322687,
         -0.38910905, -0.17782964],
        [-0.22363821, -0.17665763,  0.        , ..., -0.62140901,
         -0.54572483, -0.34887474],
        ...,
        [ 0.43045262,  0.47322687,  0.62140901, ...,  0.        ,
          0.0931507 ,  0.30902689],
        [ 0.34450197,  0.38910905,  0.54572483, ..., -0.0931507 ,
          0.        ,  0.21909197],
        [ 0.13045164,  0.17782964,  0.34887474, ..., -0.30902689,
         -0.21909197,  0.        ]]]), 'num': array([7.07063411e-01, 7.07063411e-01, 0.00000000e+00, 3.38121349e-03,
       3.41747315e-03, 3.32229154e-03, 5.88997419e-03, 5.43894932e-05,
       3.32954347e-03, 3.24070730e-03, 3.33573783e-03, 5.69794690e-07,
       3.46605753e-03, 3.01535707e-03])}
{'img': array([[[ 0.        , -0.29411141, -0.2250323 , ..., -0.98980929,
         -0.98393859, -0.94762631],
        [ 0.29411141,  0.        ,  0.07148846, ..., -0.90414988,
         -0.88791909, -0.81178022],
        [ 0.2250323 , -0.07148846,  0.        , ..., -0.93237751,
         -0.91853195, -0.85144984],
        ...,
        [ 0.98980929,  0.90414988,  0.93237751, ...,  0.        ,
          0.03657592,  0.18118513],
        [ 0.98393859,  0.88791909,  0.91853195, ..., -0.03657592,
          0.        ,  0.14509335],
        [ 0.94762631,  0.81178022,  0.85144984, ..., -0.18118513,
         -0.14509335,  0.        ]],

       [[ 0.        , -0.8949789 , -0.80791534, ..., -0.        ,
         -0.45964935, -0.83262454],
        [ 0.8949789 ,  0.        ,  0.1669919 , ..., -0.8949789 ,
         -0.99988467, -0.86711407],
        [ 0.80791534, -0.1669919 ,  0.        , ..., -0.80791534,
         -0.98838071, -0.93811855],
        ...,
        [ 0.        ,  0.8949789 ,  0.80791534, ...,  0.        ,
          0.45964935,  0.83262454],
        [ 0.45964935,  0.99988467,  0.98838071, ..., -0.45964935,
          0.        ,  0.48488304],
        [ 0.83262454,  0.86711407,  0.93811855, ..., -0.83262454,
         -0.48488304,  0.        ]],

       [[ 0.        ,  0.23372351,  0.43475904, ..., -0.60864818,
         -0.58544918, -0.53317399],
        [-0.23372351,  0.        ,  0.21223859, ..., -0.77723615,
         -0.75871584, -0.71613813],
        [-0.43475904, -0.21223859,  0.        , ..., -0.8930715 ,
         -0.87968751, -0.84795673],
        ...,
        [ 0.60864818,  0.77723615,  0.8930715 , ...,  0.        ,
          0.0289177 ,  0.09187809],
        [ 0.58544918,  0.75871584,  0.87968751, ..., -0.0289177 ,
          0.        ,  0.06304428],
        [ 0.53317399,  0.71613813,  0.84795673, ..., -0.09187809,
         -0.06304428,  0.        ]],

       ...,

       [[ 0.        ,  0.42330273,  0.35050933, ..., -0.03076676,
         -0.04180284, -0.41875851],
        [-0.42330273,  0.        , -0.07889074, ..., -0.45097666,
         -0.4608056 , -0.76379052],
        [-0.35050933,  0.07889074,  0.        , ..., -0.37915828,
         -0.38935378, -0.71048884],
        ...,
        [ 0.03076676,  0.45097666,  0.37915828, ...,  0.        ,
         -0.01104319, -0.39062105],
        [ 0.04180284,  0.4608056 ,  0.38935378, ...,  0.01104319,
          0.        , -0.38043141],
        [ 0.41875851,  0.76379052,  0.71048884, ...,  0.39062105,
          0.38043141,  0.        ]],

       [[ 0.        ,  0.14911605,  0.32547772, ..., -0.75429931,
         -0.75102758, -0.71250545],
        [-0.14911605,  0.        ,  0.18084215, ..., -0.84376528,
         -0.84108784, -0.80916917],
        [-0.32547772, -0.18084215,  0.        , ..., -0.92691361,
         -0.92503735, -0.90208616],
        ...,
        [ 0.75429931,  0.84376528,  0.92691361, ...,  0.        ,
          0.00496918,  0.06148492],
        [ 0.75102758,  0.84108784,  0.92503735, ..., -0.00496918,
          0.        ,  0.05652438],
        [ 0.71250545,  0.80916917,  0.90208616, ..., -0.06148492,
         -0.05652438,  0.        ]],

       [[ 0.        ,  0.17665763,  0.26881957, ..., -0.38910905,
         -0.17782964, -0.02620668],
        [-0.17665763,  0.        ,  0.09443671, ..., -0.54572483,
         -0.34887474, -0.20239147],
        [-0.26881957, -0.09443671,  0.        , ..., -0.62242052,
         -0.43581876, -0.29396927],
        ...,
        [ 0.38910905,  0.54572483,  0.62242052, ...,  0.        ,
          0.21909197,  0.36483404],
        [ 0.17782964,  0.34887474,  0.43581876, ..., -0.21909197,
          0.        ,  0.15197959],
        [ 0.02620668,  0.20239147,  0.29396927, ..., -0.36483404,
         -0.15197959,  0.        ]]]), 'num': array([ 9.95605092e-01,  9.22400838e-02,  2.46148504e-06,  4.75455268e-03,
        4.89058211e-03,  4.74159749e-03,  9.11110913e-03, -7.77311064e-05,
        4.76232579e-03,  4.64475749e-03,  4.75789943e-03,  6.94868982e-07,
        4.96410935e-03,  4.32540562e-03])}
{'img': array([[[ 0.        ,  0.07148846, -0.15986138, ..., -0.88791909,
         -0.81178022, -0.88791909],
        [-0.07148846,  0.        , -0.23002144, ..., -0.91853195,
         -0.85144984, -0.91853195],
        [ 0.15986138,  0.23002144,  0.        , ..., -0.80296381,
         -0.70798715, -0.80296381],
        ...,
        [ 0.88791909,  0.91853195,  0.80296381, ...,  0.        ,
          0.14509335,  0.        ],
        [ 0.81178022,  0.85144984,  0.70798715, ..., -0.14509335,
          0.        , -0.14509335],
        [ 0.88791909,  0.91853195,  0.80296381, ...,  0.        ,
          0.14509335,  0.        ]],

       [[ 0.        ,  0.57263965, -0.67111804, ..., -0.91147108,
         -0.98789604, -0.97098458],
        [-0.57263965,  0.        , -0.97471409, ..., -0.51166713,
         -0.89871066, -0.93296239],
        [ 0.67111804,  0.97471409,  0.        , ..., -0.95179345,
         -0.62827513, -0.55934734],
        ...,
        [ 0.91147108,  0.51166713,  0.95179345, ...,  0.        ,
          0.54777005,  0.61739934],
        [ 0.98789604,  0.89871066,  0.62827513, ..., -0.54777005,
          0.        ,  0.08563091],
        [ 0.97098458,  0.93296239,  0.55934734, ..., -0.61739934,
         -0.08563091,  0.        ]],

       [[ 0.        ,  0.21223859,  0.41154098, ..., -0.75871584,
         -0.71613813, -0.71014012],
        [-0.21223859,  0.        ,  0.2087328 , ..., -0.87968751,
         -0.84795673, -0.8433904 ],
        [-0.41154098, -0.2087328 ,  0.        , ..., -0.95957372,
         -0.93992059, -0.93696519],
        ...,
        [ 0.75871584,  0.87968751,  0.95957372, ...,  0.        ,
          0.06304428,  0.07158105],
        [ 0.71613813,  0.84795673,  0.93992059, ..., -0.06304428,
          0.        ,  0.0085561 ],
        [ 0.71014012,  0.8433904 ,  0.93696519, ..., -0.07158105,
         -0.0085561 ,  0.        ]],

       ...,

       [[ 0.        , -0.07889074, -0.25593208, ..., -0.4608056 ,
         -0.76379052, -0.92273246],
        [ 0.07889074,  0.        , -0.17887115, ..., -0.38935378,
         -0.71048884, -0.88944882],
        [ 0.25593208,  0.17887115,  0.        , ..., -0.21831836,
         -0.5731573 , -0.79335391],
        ...,
        [ 0.4608056 ,  0.38935378,  0.21831836, ...,  0.        ,
         -0.38043141, -0.64131268],
        [ 0.76379052,  0.71048884,  0.5731573 , ...,  0.38043141,
          0.        , -0.30119455],
        [ 0.92273246,  0.88944882,  0.79335391, ...,  0.64131268,
          0.30119455,  0.        ]],

       [[ 0.        ,  0.18084215,  0.33653811, ..., -0.84108784,
         -0.80916917, -0.7829837 ],
        [-0.18084215,  0.        ,  0.16069572, ..., -0.92503735,
         -0.90208616, -0.88256542],
        [-0.33653811, -0.16069572,  0.        , ..., -0.97406004,
         -0.95971184, -0.94665306],
        ...,
        [ 0.84108784,  0.92503735,  0.97406004, ...,  0.        ,
          0.05652438,  0.0996774 ],
        [ 0.80916917,  0.90208616,  0.95971184, ..., -0.05652438,
          0.        ,  0.04327516],
        [ 0.7829837 ,  0.88256542,  0.94665306, ..., -0.0996774 ,
         -0.04327516,  0.        ]],

       [[ 0.        ,  0.09443671,  0.09245544, ..., -0.34887474,
         -0.20239147, -0.14138257],
        [-0.09443671,  0.        , -0.00198997, ..., -0.43581876,
         -0.29396927, -0.23423881],
        [-0.09245544,  0.00198997,  0.        , ..., -0.43402686,
         -0.29206664, -0.23230374],
        ...,
        [ 0.34887474,  0.43581876,  0.43402686, ...,  0.        ,
          0.15197959,  0.21287089],
        [ 0.20239147,  0.29396927,  0.29206664, ..., -0.15197959,
          0.        ,  0.06190183],
        [ 0.14138257,  0.23423881,  0.23230374, ..., -0.21287089,
         -0.06190183,  0.        ]]]), 'num': array([9.95768238e-01, 9.06857499e-02, 2.42000665e-06, 4.76359204e-03,
       4.76996048e-03, 4.66806546e-03, 6.87243678e-03, 8.91581398e-05,
       4.70372872e-03, 4.58623103e-03, 4.67103740e-03, 6.77742085e-07,
       4.89762814e-03, 4.27483392e-03])}
{'img': array([[[ 0.        , -0.23002144,  0.4772126 , ..., -0.85144984,
         -0.91853195, -0.83845751],
        [ 0.23002144,  0.        ,  0.66655646, ..., -0.70798715,
         -0.80296381, -0.69062066],
        [-0.4772126 , -0.66655646,  0.        , ..., -0.99851129,
         -0.9958592 , -0.9968914 ],
        ...,
        [ 0.85144984,  0.70798715,  0.99851129, ...,  0.        ,
         -0.14509335,  0.02429469],
        [ 0.91853195,  0.80296381,  0.9958592 , ...,  0.14509335,
          0.        ,  0.16908812],
        [ 0.83845751,  0.69062066,  0.9968914 , ..., -0.02429469,
         -0.16908812,  0.        ]],

       [[ 0.        , -0.97471409, -0.99922279, ..., -0.89871066,
         -0.93296239, -0.79978744],
        [ 0.97471409,  0.        , -0.26170368, ..., -0.62827513,
         -0.55934734, -0.76382164],
        [ 0.99922279,  0.26170368,  0.        , ..., -0.40277549,
         -0.3229182 , -0.56829041],
        ...,
        [ 0.89871066,  0.62827513,  0.40277549, ...,  0.        ,
          0.08563091, -0.18874056],
        [ 0.93296239,  0.55934734,  0.3229182 , ..., -0.08563091,
          0.        , -0.27213916],
        [ 0.79978744,  0.76382164,  0.56829041, ...,  0.18874056,
          0.27213916,  0.        ]],

       [[ 0.        ,  0.2087328 ,  0.63700121, ..., -0.84795673,
         -0.8433904 , -0.81644631],
        [-0.2087328 ,  0.        ,  0.46206545, ..., -0.93992059,
         -0.93696519, -0.91898898],
        [-0.63700121, -0.46206545,  0.        , ..., -0.99131063,
         -0.99239983, -0.99718619],
        ...,
        [ 0.84795673,  0.93992059,  0.99131063, ...,  0.        ,
          0.0085561 ,  0.05685835],
        [ 0.8433904 ,  0.93696519,  0.99239983, ..., -0.0085561 ,
          0.        ,  0.04831401],
        [ 0.81644631,  0.91898898,  0.99718619, ..., -0.05685835,
         -0.04831401,  0.        ]],

       ...,

       [[ 0.        , -0.17887115,  0.17454951, ..., -0.71048884,
         -0.88944882, -0.89540705],
        [ 0.17887115,  0.        ,  0.34785965, ..., -0.5731573 ,
         -0.79335391, -0.80132427],
        [-0.17454951, -0.34785965,  0.        , ..., -0.82241367,
         -0.95556956, -0.95937902],
        ...,
        [ 0.71048884,  0.5731573 ,  0.82241367, ...,  0.        ,
         -0.30119455, -0.31376143],
        [ 0.88944882,  0.79335391,  0.95556956, ...,  0.30119455,
          0.        , -0.01320641],
        [ 0.89540705,  0.80132427,  0.95937902, ...,  0.31376143,
          0.01320641,  0.        ]],

       [[ 0.        ,  0.16069572,  0.42163683, ..., -0.90208616,
         -0.88256542, -0.84840761],
        [-0.16069572,  0.        ,  0.27044402, ..., -0.95971184,
         -0.94665306, -0.92244493],
        [-0.42163683, -0.27044402,  0.        , ..., -0.99993986,
         -0.99852851, -0.99249686],
        ...,
        [ 0.90208616,  0.95971184,  0.99993986, ...,  0.        ,
          0.04327516,  0.11137805],
        [ 0.88256542,  0.94665306,  0.99852851, ..., -0.04327516,
          0.        ,  0.06826781],
        [ 0.84840761,  0.92244493,  0.99249686, ..., -0.11137805,
         -0.06826781,  0.        ]],

       [[ 0.        , -0.00198997, -0.05231593, ..., -0.29396927,
         -0.23423881, -0.15035691],
        [ 0.00198997,  0.        , -0.05032858, ..., -0.29206664,
         -0.23230374, -0.14838926],
        [ 0.05231593,  0.05032858,  0.        , ..., -0.24356236,
         -0.18305759, -0.09842982],
        ...,
        [ 0.29396927,  0.29206664,  0.24356236, ...,  0.        ,
          0.06190183,  0.14691399],
        [ 0.23423881,  0.23230374,  0.18305759, ..., -0.06190183,
          0.        ,  0.08540209],
        [ 0.15035691,  0.14838926,  0.09842982, ..., -0.14691399,
         -0.08540209,  0.        ]]]), 'num': array([ 9.95761405e-01,  9.09060558e-02,  2.42588565e-06,  4.76239657e-03,
        4.81985176e-03,  4.73686093e-03,  4.28789334e-03, -1.27678192e-05,
        4.73430737e-03,  4.62482332e-03,  4.67514981e-03,  6.55961355e-07,
        4.89011989e-03,  4.35952675e-03])}
{'img': array([[[ 0.        ,  0.66655646,  0.40493536, ..., -0.80296381,
         -0.69062066, -0.70798715],
        [-0.66655646,  0.        , -0.30760188, ..., -0.9958592 ,
         -0.9968914 , -0.99851129],
        [-0.40493536,  0.30760188,  0.        , ..., -0.97553892,
         -0.92432198, -0.93332034],
        ...,
        [ 0.80296381,  0.9958592 ,  0.97553892, ...,  0.        ,
          0.16908812,  0.14509335],
        [ 0.69062066,  0.9968914 ,  0.92432198, ..., -0.16908812,
          0.        , -0.02429469],
        [ 0.70798715,  0.99851129,  0.93332034, ..., -0.14509335,
          0.02429469,  0.        ]],

       [[ 0.        , -0.31664271, -0.59493959, ..., -0.64460715,
         -0.84582902, -0.99906498],
        [ 0.31664271,  0.        , -0.30981885, ..., -0.36936104,
         -0.63339243, -0.93396826],
        [ 0.59493959,  0.30981885,  0.        , ..., -0.06327654,
         -0.36247938, -0.7772973 ],
        ...,
        [ 0.64460715,  0.36936104,  0.06327654, ...,  0.        ,
         -0.30277977, -0.73593023],
        [ 0.84582902,  0.63339243,  0.36247938, ...,  0.30277977,
          0.        , -0.49638679],
        [ 0.99906498,  0.93396826,  0.7772973 , ...,  0.73593023,
          0.49638679,  0.        ]],

       [[ 0.        ,  0.46206545,  0.39409898, ..., -0.93696519,
         -0.91898898, -0.90140825],
        [-0.46206545,  0.        , -0.07516453, ..., -0.99239983,
         -0.99718619, -0.9994707 ],
        [-0.39409898,  0.07516453,  0.        , ..., -0.99884186,
         -0.99999998, -0.99908858],
        ...,
        [ 0.93696519,  0.99239983,  0.99884186, ...,  0.        ,
          0.04831401,  0.09070545],
        [ 0.91898898,  0.99718619,  0.99999998, ..., -0.04831401,
          0.        ,  0.04248467],
        [ 0.90140825,  0.9994707 ,  0.99908858, ..., -0.09070545,
         -0.04248467,  0.        ]],

       ...,

       [[ 0.        ,  0.34785965, -0.06834847, ..., -0.79335391,
         -0.80132427, -0.83378357],
        [-0.34785965,  0.        , -0.41112606, ..., -0.95556956,
         -0.95937902, -0.9737613 ],
        [ 0.06834847,  0.41112606,  0.        , ..., -0.7498908 ,
         -0.75856226, -0.79409917],
        ...,
        [ 0.79335391,  0.95556956,  0.7498908 , ...,  0.        ,
         -0.01320641, -0.06957076],
        [ 0.80132427,  0.95937902,  0.75856226, ...,  0.01320641,
          0.        , -0.05639028],
        [ 0.83378357,  0.9737613 ,  0.79409917, ...,  0.06957076,
          0.05639028,  0.        ]],

       [[ 0.        ,  0.27044402,  0.5448111 , ..., -0.94665306,
         -0.92244493, -0.94951211],
        [-0.27044402,  0.        ,  0.29772589, ..., -0.99852851,
         -0.99249686, -0.99897571],
        [-0.5448111 , -0.29772589,  0.        , ..., -0.96939211,
         -0.9838915 , -0.96714553],
        ...,
        [ 0.94665306,  0.99852851,  0.96939211, ...,  0.        ,
          0.06826781, -0.00899076],
        [ 0.92244493,  0.99249686,  0.9838915 , ..., -0.06826781,
          0.        , -0.07723483],
        [ 0.94951211,  0.99897571,  0.96714553, ...,  0.00899076,
          0.07723483,  0.        ]],

       [[ 0.        , -0.05032858, -0.06334323, ..., -0.23230374,
         -0.14838926,  0.12340167],
        [ 0.05032858,  0.        , -0.01303545, ..., -0.18305759,
         -0.09842982,  0.17318919],
        [ 0.06334323,  0.01303545,  0.        , ..., -0.17022686,
         -0.0854493 ,  0.18601295],
        ...,
        [ 0.23230374,  0.18305759,  0.17022686, ...,  0.        ,
          0.08540209,  0.35055401],
        [ 0.14838926,  0.09842982,  0.0854493 , ..., -0.08540209,
          0.        ,  0.26929059],
        [-0.12340167, -0.17318919, -0.18601295, ..., -0.35055401,
         -0.26929059,  0.        ]]]), 'num': array([ 9.63977847e-01,  2.65578735e-01,  1.89782367e-06,  4.59473100e-03,
        4.66964509e-03,  4.59473100e-03,  6.80457186e-03, -6.24284103e-05,
        4.63218804e-03,  4.54353970e-03,  4.56486941e-03,  7.94543403e-07,
        4.75001075e-03,  4.33706864e-03])}
{'img': array([[[ 0.        , -0.30760188, -0.65274725, ..., -0.9968914 ,
         -0.99851129, -0.9977753 ],
        [ 0.30760188,  0.        , -0.38806717, ..., -0.92432198,
         -0.93332034, -0.96990511],
        [ 0.65274725,  0.38806717,  0.        , ..., -0.70379219,
         -0.72084355, -0.79940686],
        ...,
        [ 0.9968914 ,  0.92432198,  0.70379219, ...,  0.        ,
         -0.02429469, -0.14507203],
        [ 0.99851129,  0.93332034,  0.72084355, ...,  0.02429469,
          0.        , -0.12099153],
        [ 0.9977753 ,  0.96990511,  0.79940686, ...,  0.14507203,
          0.12099153,  0.        ]],

       [[ 0.        , -0.30981885,  0.44044013, ..., -0.63339243,
         -0.93396826, -0.62487087],
        [ 0.30981885,  0.        ,  0.69691832, ..., -0.36247938,
         -0.7772973 , -0.35224018],
        [-0.44044013, -0.69691832,  0.        , ..., -0.90947443,
         -0.99589379, -0.9048618 ],
        ...,
        [ 0.63339243,  0.36247938,  0.90947443, ...,  0.        ,
         -0.49638679,  0.01096299],
        [ 0.93396826,  0.7772973 ,  0.99589379, ...,  0.49638679,
          0.        ,  0.50587395],
        [ 0.62487087,  0.35224018,  0.9048618 , ..., -0.01096299,
         -0.50587395,  0.        ]],

       [[ 0.        , -0.07516453, -0.21154081, ..., -0.99718619,
         -0.9994707 , -0.99963883],
        [ 0.07516453,  0.        , -0.1374789 , ..., -0.99999998,
         -0.99908858, -0.99883097],
        [ 0.21154081,  0.1374789 ,  0.        , ..., -0.99047712,
         -0.98373365, -0.98270114],
        ...,
        [ 0.99718619,  0.99999998,  0.99047712, ...,  0.        ,
          0.04248467,  0.04813907],
        [ 0.9994707 ,  0.99908858,  0.98373365, ..., -0.04248467,
          0.        ,  0.00566018],
        [ 0.99963883,  0.99883097,  0.98270114, ..., -0.04813907,
         -0.00566018,  0.        ]],

       ...,

       [[ 0.        , -0.41112606, -0.68039703, ..., -0.95937902,
         -0.9737613 , -0.80589729],
        [ 0.41112606,  0.        , -0.31894416, ..., -0.75856226,
         -0.79409917, -0.49122926],
        [ 0.68039703,  0.31894416,  0.        , ..., -0.51112101,
         -0.55877566, -0.18776404],
        ...,
        [ 0.95937902,  0.75856226,  0.51112101, ...,  0.        ,
         -0.05639028,  0.34064546],
        [ 0.9737613 ,  0.79409917,  0.55877566, ...,  0.05639028,
          0.        ,  0.3931211 ],
        [ 0.80589729,  0.49122926,  0.18776404, ..., -0.34064546,
         -0.3931211 ,  0.        ]],

       [[ 0.        ,  0.29772589,  0.61516404, ..., -0.99249686,
         -0.99897571, -0.99513268],
        [-0.29772589,  0.        ,  0.35254037, ..., -0.9838915 ,
         -0.96714553, -0.92066565],
        [-0.61516404, -0.35254037,  0.        , ..., -0.85769986,
         -0.81542751, -0.72394092],
        ...,
        [ 0.99249686,  0.9838915 ,  0.85769986, ...,  0.        ,
         -0.07723483, -0.2194798 ],
        [ 0.99897571,  0.96714553,  0.81542751, ...,  0.07723483,
          0.        , -0.14347258],
        [ 0.99513268,  0.92066565,  0.72394092, ...,  0.2194798 ,
          0.14347258,  0.        ]],

       [[ 0.        , -0.01303545,  0.05491443, ..., -0.09842982,
          0.17318919,  0.43531449],
        [ 0.01303545,  0.        ,  0.06792554, ..., -0.0854493 ,
          0.18601295,  0.44701304],
        [-0.05491443, -0.06792554,  0.        , ..., -0.15292906,
          0.11884327,  0.38521936],
        ...,
        [ 0.09842982,  0.0854493 ,  0.15292906, ...,  0.        ,
          0.26929059,  0.52181485],
        [-0.17318919, -0.18601295, -0.11884327, ..., -0.26929059,
          0.        ,  0.27281777],
        [-0.43531449, -0.44701304, -0.38521936, ..., -0.52181485,
         -0.27281777,  0.        ]]]), 'num': array([9.98100917e-01, 5.98761804e-02, 2.50527313e-06, 4.76256237e-03,
       4.76892093e-03, 4.69261820e-03, 5.75733385e-03, 8.26612962e-05,
       4.72186758e-03, 4.65192341e-03, 4.64153776e-03, 8.77481452e-07,
       4.79766629e-03, 4.50618052e-03])}
{'img': array([[[ 0.        , -0.5983401 , -0.83331726, ..., -0.99673476,
         -0.99905437, -0.99301212],
        [ 0.5983401 ,  0.        , -0.33692955, ..., -0.75031282,
         -0.82649935, -0.72503169],
        [ 0.83331726,  0.33692955,  0.        , ..., -0.48370354,
         -0.58850348, -0.45059038],
        ...,
        [ 0.99673476,  0.75031282,  0.48370354, ...,  0.        ,
         -0.12400528,  0.03744598],
        [ 0.99905437,  0.82649935,  0.58850348, ...,  0.12400528,
          0.        ,  0.16107527],
        [ 0.99301212,  0.72503169,  0.45059038, ..., -0.03744598,
         -0.16107527,  0.        ]],

       [[ 0.        ,  0.69691832,  0.32179927, ..., -0.7772973 ,
         -0.35224018, -0.53071435],
        [-0.69691832,  0.        , -0.42906927, ..., -0.99589379,
         -0.9048618 , -0.97127571],
        [-0.32179927,  0.42906927,  0.        , ..., -0.93840592,
         -0.63467883, -0.77522576],
        ...,
        [ 0.7772973 ,  0.99589379,  0.93840592, ...,  0.        ,
          0.50587395,  0.32490876],
        [ 0.35224018,  0.9048618 ,  0.63467883, ..., -0.50587395,
          0.        , -0.19815924],
        [ 0.53071435,  0.97127571,  0.77522576, ..., -0.32490876,
          0.19815924,  0.        ]],

       [[ 0.        , -0.19815859, -0.44569649, ..., -0.99951436,
         -0.99967493, -0.99985554],
        [ 0.19815859,  0.        , -0.25946989, ..., -0.98586888,
         -0.98490355, -0.98339651],
        [ 0.44569649,  0.25946989,  0.        , ..., -0.90863796,
         -0.90625651, -0.90263039],
        ...,
        [ 0.99951436,  0.98586888,  0.90863796, ...,  0.        ,
          0.00566797,  0.01416806],
        [ 0.99967493,  0.98490355,  0.90625651, ..., -0.00566797,
          0.        ,  0.00850043],
        [ 0.99985554,  0.98339651,  0.90263039, ..., -0.01416806,
         -0.00850043,  0.        ]],

       ...,

       [[ 0.        , -0.58226692, -0.89048645, ..., -0.95871934,
         -0.74622208, -0.55398272],
        [ 0.58226692,  0.        , -0.45902629, ..., -0.61386664,
         -0.21906344,  0.03436694],
        [ 0.89048645,  0.45902629,  0.        , ..., -0.18301323,
          0.25325589,  0.4892875 ],
        ...,
        [ 0.95871934,  0.61386664,  0.18301323, ...,  0.        ,
          0.42602539,  0.64063362],
        [ 0.74622208,  0.21906344, -0.25325589, ..., -0.42602539,
          0.        ,  0.25246623],
        [ 0.55398272, -0.03436694, -0.4892875 , ..., -0.64063362,
         -0.25246623,  0.        ]],

       [[ 0.        ,  0.35254037,  0.43110476, ..., -0.96714553,
         -0.92066565, -0.81246118],
        [-0.35254037,  0.        ,  0.08532853, ..., -0.81542751,
         -0.72394092, -0.55476199],
        [-0.43110476, -0.08532853,  0.        , ..., -0.76306034,
         -0.6624357 , -0.48174459],
        ...,
        [ 0.96714553,  0.81542751,  0.76306034, ...,  0.        ,
         -0.14347258, -0.35731402],
        [ 0.92066565,  0.72394092,  0.6624357 , ...,  0.14347258,
          0.        , -0.21961622],
        [ 0.81246118,  0.55476199,  0.48174459, ...,  0.35731402,
          0.21961622,  0.        ]],

       [[ 0.        ,  0.06792554,  0.24187032, ...,  0.18601295,
          0.44701304,  0.73247409],
        [-0.06792554,  0.        ,  0.17540296, ...,  0.11884327,
          0.38521936,  0.684539  ],
        [-0.24187032, -0.17540296,  0.        , ..., -0.05715907,
          0.21738096,  0.54606182],
        ...,
        [-0.18601295, -0.11884327,  0.05715907, ...,  0.        ,
          0.27281777,  0.59305377],
        [-0.44701304, -0.38521936, -0.21738096, ..., -0.27281777,
          0.        ,  0.35089397],
        [-0.73247409, -0.684539  , -0.54606182, ..., -0.59305377,
         -0.35089397,  0.        ]]]), 'num': array([ 9.99655175e-01,  2.18900594e-02,  2.62135420e-06,  4.76958593e-03,
        4.80155366e-03,  4.74401174e-03,  5.63271475e-03, -1.91806405e-05,
        4.76319238e-03,  4.68615014e-03,  4.65919069e-03,  8.39556653e-07,
        4.83303345e-03,  4.53926684e-03])}
{'img': array([[[ 0.        , -0.68965517, -0.74329344, ..., -0.99807186,
         -0.97043085, -0.9797959 ],
        [ 0.68965517,  0.        , -0.07689144, ..., -0.67993551,
         -0.5362573 , -0.57157634],
        [ 0.74329344,  0.07689144,  0.        , ..., -0.62154021,
         -0.46976912, -0.50679098],
        ...,
        [ 0.99807186,  0.67993551,  0.62154021, ...,  0.        ,
          0.18068026,  0.13879945],
        [ 0.97043085,  0.5362573 ,  0.46976912, ..., -0.18068026,
          0.        , -0.04241629],
        [ 0.9797959 ,  0.57157634,  0.50679098, ..., -0.13879945,
          0.04241629,  0.        ]],

       [[ 0.        , -0.42906927, -0.27831581, ..., -0.9048618 ,
         -0.97127571, -0.97778678],
        [ 0.42906927,  0.        ,  0.16072182, ..., -0.63467883,
         -0.77522576, -0.79327322],
        [ 0.27831581, -0.16072182,  0.        , ..., -0.75062981,
         -0.86667307, -0.88081849],
        ...,
        [ 0.9048618 ,  0.63467883,  0.75062981, ...,  0.        ,
         -0.19815924, -0.22658827],
        [ 0.97127571,  0.77522576,  0.86667307, ...,  0.19815924,
          0.        , -0.02908974],
        [ 0.97778678,  0.79327322,  0.88081849, ...,  0.22658827,
          0.02908974,  0.        ]],

       [[ 0.        , -0.40534657, -0.52942813, ..., -0.99987617,
         -0.99997442, -0.99963051],
        [ 0.40534657,  0.        , -0.14010595, ..., -0.92042873,
         -0.91703918, -0.90280731],
        [ 0.52942813,  0.14010595,  0.        , ..., -0.85658123,
         -0.85212013, -0.83365058],
        ...,
        [ 0.99987617,  0.92042873,  0.85658123, ...,  0.        ,
          0.00858417,  0.04290927],
        [ 0.99997442,  0.91703918,  0.85212013, ..., -0.00858417,
          0.        ,  0.03433143],
        [ 0.99963051,  0.90280731,  0.83365058, ..., -0.04290927,
         -0.03433143,  0.        ]],

       ...,

       [[ 0.        , -0.47094437, -0.47958575, ..., -0.226956  ,
          0.03618913, -0.13811101],
        [ 0.47094437,  0.        , -0.00982142, ...,  0.25844292,
          0.50256059,  0.34459478],
        [ 0.47958575,  0.00982142,  0.        , ...,  0.26791821,
          0.51102738,  0.35379804],
        ...,
        [ 0.226956  , -0.25844292, -0.26791821, ...,  0.        ,
          0.26205211,  0.09027402],
        [-0.03618913, -0.50256059, -0.51102738, ..., -0.26205211,
          0.        , -0.17386287],
        [ 0.13811101, -0.34459478, -0.35379804, ..., -0.09027402,
          0.17386287,  0.        ]],

       [[ 0.        ,  0.08532853, -0.04869799, ..., -0.72394092,
         -0.55476199, -0.60008786],
        [-0.08532853,  0.        , -0.13374767, ..., -0.6624357 ,
         -0.48174459, -0.52964206],
        [ 0.04869799,  0.13374767,  0.        , ..., -0.75667689,
         -0.59462096, -0.63833107],
        ...,
        [ 0.72394092,  0.6624357 ,  0.75667689, ...,  0.        ,
         -0.21961622, -0.16512722],
        [ 0.55476199,  0.48174459,  0.59462096, ...,  0.21961622,
          0.        ,  0.05550553],
        [ 0.60008786,  0.52964206,  0.63833107, ...,  0.16512722,
         -0.05550553,  0.        ]],

       [[ 0.        ,  0.17540296,  0.33849093, ...,  0.38521936,
          0.684539  ,  0.71129518],
        [-0.17540296,  0.        ,  0.16819435, ...,  0.21738096,
          0.54606182,  0.57697819],
        [-0.33849093, -0.16819435,  0.        , ...,  0.05011182,
          0.39737859,  0.43138414],
        ...,
        [-0.38521936, -0.21738096, -0.05011182, ...,  0.        ,
          0.35089397,  0.38563285],
        [-0.684539  , -0.54606182, -0.39737859, ..., -0.35089397,
          0.        ,  0.03735932],
        [-0.71129518, -0.57697819, -0.43138414, ..., -0.38563285,
         -0.03735932,  0.        ]]]), 'num': array([9.99655298e-01, 2.18328108e-02, 2.61449863e-06, 4.76986579e-03,
       4.76986579e-03, 4.70609753e-03, 5.92242606e-03, 1.27536519e-05,
       4.75073531e-03, 4.68090907e-03, 4.64105391e-03, 7.65219111e-07,
       4.83162222e-03, 4.53019592e-03])}
{'img': array([[[ 0.        , -0.352     , -0.66817962, ..., -0.89799777,
         -0.91996522, -0.90566219],
        [ 0.352     ,  0.        , -0.36352812, ..., -0.68564592,
         -0.72310344, -0.69845181],
        [ 0.66817962,  0.36352812,  0.        , ..., -0.37411131,
         -0.42252771, -0.39050451],
        ...,
        [ 0.89799777,  0.68564592,  0.37411131, ...,  0.        ,
         -0.05276957, -0.01774031],
        [ 0.91996522,  0.72310344,  0.42252771, ...,  0.05276957,
          0.        ,  0.03504567],
        [ 0.90566219,  0.69845181,  0.39050451, ...,  0.01774031,
         -0.03504567,  0.        ]],

       [[ 0.        ,  0.16072182,  0.01151889, ..., -0.77522576,
         -0.79327322, -0.75788343],
