state_0,state_1,state_2,state_3,state_4,state_5,state_6,state_7,state_8,state_9,state_10,state_11,state_12,state_13,state_14,state_15,state_16,state_17,state_18,state_19,state_20,state_21,state_22,state_23,state_24,state_25,state_26,state_27,state_28,state_29,state_30,state_31,state_32,state_33,state_34,state_35,state_36,state_37,state_38,state_39,state_40,state_41,state_42,state_43,state_44,state_45,state_46,state_47,state_48,state_49,state_50,state_51,state_52,state_53,state_54,state_55,state_56,state_57,state_58,state_59,state_60,state_61,state_62,state_63,state_64,state_65,state_66,state_67,state_68,state_69,state_70,state_71,state_72,state_73,state_74,state_75,state_76,state_77,state_78,state_79,state_80,state_81,state_82,state_83,state_84,state_85,state_86,state_87,state_88,state_89,state_90,state_91,state_92,state_93,state_94,state_95,state_96,state_97,state_98,state_99,state_100,state_101,state_102,state_103,state_104,state_105,state_106,state_107,state_108,state_109,state_110,state_111,state_112,state_113,state_114,state_115,state_116,state_117,state_118,state_119,state_120,state_121,state_122,state_123,state_124,state_125,state_126,state_127,state_128,state_129,state_130,state_131,state_132,state_133,state_134,state_135,state_136,state_137,state_138,state_139,state_140,state_141,state_142,state_143,state_144,state_145,state_146,state_147,state_148,state_149,state_150,state_151,state_152,state_153,state_154,state_155,state_156,state_157,state_158,state_159,state_160,state_161,state_162,state_163,state_164,state_165,state_166,state_167,state_168,state_169,state_170,state_171,state_172,state_173,state_174,state_175,state_176,state_177,state_178,state_179,state_180,state_181,state_182,state_183,state_184,state_185,state_186,state_187,state_188,state_189,state_190,state_191,state_192,state_193,state_194,state_195,state_196,state_197,state_198,state_199,state_200,state_201,state_202,state_203,state_204,state_205,state_206,state_207,state_208,state_209,state_210,state_211,state_212,state_213,state_214,state_215,state_216,state_217,state_218,state_219,state_220,state_221,state_222,state_223,state_224,state_225,state_226,state_227,state_228,state_229,state_230,state_231,state_232,state_233,state_234,state_235,state_236,state_237,state_238,state_239,state_240,state_241,state_242,state_243,state_244,state_245,state_246,state_247,state_248,state_249,state_250,state_251,state_252,state_253,state_254,state_255,state_256,state_257,state_258,state_259,state_260,state_261,state_262,state_263,state_264,state_265,state_266,state_267,state_268,state_269,state_270,state_271,state_272,state_273,state_274,state_275,state_276,state_277,state_278,state_279,state_280,state_281,state_282,state_283,state_284,state_285,state_286,state_287
{'img': array([[[ 0.        ,  0.37037578, -0.06122681, ..., -0.40619941,
         -0.19569833, -0.15558632],
        [-0.37037578,  0.        , -0.4265534 , ..., -0.71575496,
         -0.54499491, -0.51038679],
        [ 0.06122681,  0.4265534 ,  0.        , ..., -0.34948922,
         -0.13528824, -0.09481321],
        ...,
        [ 0.40619941,  0.71575496,  0.34948922, ...,  0.        ,
          0.2195191 ,  0.25908047],
        [ 0.19569833,  0.54499491,  0.13528824, ..., -0.2195191 ,
          0.        ,  0.04073725],
        [ 0.15558632,  0.51038679,  0.09481321, ..., -0.25908047,
         -0.04073725,  0.        ]],

       [[ 0.        ,  0.5859925 ,  0.13111053, ..., -0.2877402 ,
         -0.11063802, -0.49772487],
        [-0.5859925 ,  0.        , -0.47469304, ..., -0.79437062,
         -0.67204676, -0.91156645],
        [-0.13111053,  0.47469304,  0.        , ..., -0.41082202,
         -0.23998858, -0.60714513],
        ...,
        [ 0.2877402 ,  0.79437062,  0.41082202, ...,  0.        ,
          0.18001472, -0.2271082 ],
        [ 0.11063802,  0.67204676,  0.23998858, ..., -0.18001472,
          0.        , -0.398709  ],
        [ 0.49772487,  0.91156645,  0.60714513, ...,  0.2271082 ,
          0.398709  ,  0.        ]],

       [[ 0.        ,  0.16762188,  0.10719963, ..., -0.60392152,
         -0.47011276, -0.34891458],
        [-0.16762188,  0.        , -0.06097305, ..., -0.72897883,
         -0.61140544, -0.50106552],
        [-0.10719963,  0.06097305,  0.        , ..., -0.68588423,
         -0.56201882, -0.44736659],
        ...,
        [ 0.60392152,  0.72897883,  0.68588423, ...,  0.        ,
          0.15832452,  0.28786759],
        [ 0.47011276,  0.61140544,  0.56201882, ..., -0.15832452,
          0.        ,  0.13261407],
        [ 0.34891458,  0.50106552,  0.44736659, ..., -0.28786759,
         -0.13261407,  0.        ]],

       ...,

       [[ 0.        ,  0.85046212, -0.02259768, ..., -0.93539037,
         -0.68922154, -0.59923621],
        [-0.85046212,  0.        , -0.86213215, ..., -0.79278698,
         -0.97875844, -0.99607639],
        [ 0.02259768,  0.86213215,  0.        , ..., -0.92716059,
         -0.67267237, -0.58099212],
        ...,
        [ 0.93539037,  0.79278698,  0.92716059, ...,  0.        ,
          0.4340174 ,  0.5369476 ],
        [ 0.68922154,  0.97875844,  0.67267237, ..., -0.4340174 ,
          0.        ,  0.11759465],
        [ 0.59923621,  0.99607639,  0.58099212, ..., -0.5369476 ,
         -0.11759465,  0.        ]],

       [[ 0.        ,  0.69420087,  0.77649473, ...,  0.84875892,
          0.7260289 ,  0.43139865],
        [-0.69420087,  0.        ,  0.12147396, ...,  0.24384128,
          0.04520496, -0.31576855],
        [-0.77649473, -0.12147396,  0.        , ...,  0.12422826,
         -0.07647958, -0.42868905],
        ...,
        [-0.84875892, -0.24384128, -0.12422826, ...,  0.        ,
         -0.19975155, -0.53760257],
        [-0.7260289 , -0.04520496,  0.07647958, ...,  0.19975155,
          0.        , -0.35833785],
        [-0.43139865,  0.31576855,  0.42868905, ...,  0.53760257,
          0.35833785,  0.        ]],

       [[ 0.        , -0.16488373, -0.15177014, ...,  0.84495542,
          0.8749334 ,  0.92381822],
        [ 0.16488373,  0.        ,  0.01328082, ...,  0.9215764 ,
          0.94280203,  0.9742966 ],
        [ 0.15177014, -0.01328082,  0.        , ...,  0.91633955,
          0.93829168,  0.97121892],
        ...,
        [-0.84495542, -0.9215764 , -0.91633955, ...,  0.        ,
          0.05878256,  0.17061646],
        [-0.8749334 , -0.94280203, -0.93829168, ..., -0.05878256,
          0.        ,  0.11240077],
        [-0.92381822, -0.9742966 , -0.97121892, ..., -0.17061646,
         -0.11240077,  0.        ]]]), 'num': array([9.99968164e-01, 3.17027987e-03, 8.26532243e-06, 2.60260544e-03,
       2.61339568e-03, 2.56376059e-03, 7.13364225e-04, 8.63219052e-06,
       2.56160254e-03, 2.54930167e-03, 2.61346762e-03, 1.10731283e-06,
       2.69964248e-03, 2.39896085e-03])}
{'img': array([[[ 0.        , -0.4265534 , -0.33838252, ..., -0.54499491,
         -0.51038679, -0.48687405],
        [ 0.4265534 ,  0.        ,  0.09533617, ..., -0.13528824,
         -0.09481321, -0.06777673],
        [ 0.33838252, -0.09533617,  0.        , ..., -0.22913169,
         -0.18928804, -0.16258496],
        ...,
        [ 0.54499491,  0.13528824,  0.22913169, ...,  0.        ,
          0.04073725,  0.06782353],
        [ 0.51038679,  0.09481321,  0.18928804, ..., -0.04073725,
          0.        ,  0.02712379],
        [ 0.48687405,  0.06777673,  0.16258496, ..., -0.06782353,
         -0.02712379,  0.        ]],

       [[ 0.        , -0.47469304, -0.82781264, ..., -0.67204676,
         -0.91156645, -0.95595731],
        [ 0.47469304,  0.        , -0.46229546, ..., -0.23998858,
         -0.60714513, -0.70206204],
        [ 0.82781264,  0.46229546,  0.        , ...,  0.2359811 ,
         -0.17103556, -0.29332873],
        ...,
        [ 0.67204676,  0.23998858, -0.2359811 , ...,  0.        ,
         -0.398709  , -0.51064512],
        [ 0.91156645,  0.60714513,  0.17103556, ...,  0.398709  ,
          0.        , -0.12549451],
        [ 0.95595731,  0.70206204,  0.29332873, ...,  0.51064512,
          0.12549451,  0.        ]],

       [[ 0.        , -0.06097305, -0.09032408, ..., -0.61140544,
         -0.50106552, -0.43913549],
        [ 0.06097305,  0.        , -0.0294322 , ..., -0.56201882,
         -0.44736659, -0.38353898],
        [ 0.09032408,  0.0294322 ,  0.        , ..., -0.53743125,
         -0.42085007, -0.35619145],
        ...,
        [ 0.61140544,  0.56201882,  0.53743125, ...,  0.        ,
          0.13261407,  0.2018038 ],
        [ 0.50106552,  0.44736659,  0.42085007, ..., -0.13261407,
          0.        ,  0.07013575],
        [ 0.43913549,  0.38353898,  0.35619145, ..., -0.2018038 ,
         -0.07013575,  0.        ]],

       ...,

       [[ 0.        , -0.86213215, -0.86826182, ..., -0.97875844,
         -0.99607639, -0.9949847 ],
        [ 0.86213215,  0.        , -0.01222478, ..., -0.67267237,
         -0.58099212, -0.590379  ],
        [ 0.86826182,  0.01222478,  0.        , ..., -0.6635765 ,
         -0.57099884, -0.58046795],
        ...,
        [ 0.97875844,  0.67267237,  0.6635765 , ...,  0.        ,
          0.11759465,  0.10608616],
        [ 0.99607639,  0.58099212,  0.57099884, ..., -0.11759465,
          0.        , -0.01158096],
        [ 0.9949847 ,  0.590379  ,  0.58046795, ..., -0.10608616,
          0.01158096,  0.        ]],

       [[ 0.        ,  0.12533662,  0.26176814, ...,  0.04678345,
         -0.33568014, -0.67606962],
        [-0.12533662,  0.        ,  0.13873767, ..., -0.07878486,
         -0.45109715, -0.76309107],
        [-0.26176814, -0.13873767,  0.        , ..., -0.21632937,
         -0.57055455, -0.84537625],
        ...,
        [-0.04678345,  0.07878486,  0.21632937, ...,  0.        ,
         -0.37938147, -0.70980117],
        [ 0.33568014,  0.45109715,  0.57055455, ...,  0.37938147,
          0.        , -0.38949958],
        [ 0.67606962,  0.76309107,  0.84537625, ...,  0.70980117,
          0.38949958,  0.        ]],

       [[ 0.        ,  0.01328082,  0.04725891, ...,  0.94280203,
          0.9742966 ,  0.98137737],
        [-0.01328082,  0.        ,  0.03398876, ...,  0.93829168,
          0.97121892,  0.97873971],
        [-0.04725891, -0.03398876,  0.        , ...,  0.92599471,
          0.96256203,  0.97120291],
        ...,
        [-0.94280203, -0.93829168, -0.92599471, ...,  0.        ,
          0.11240077,  0.14604269],
        [-0.9742966 , -0.97121892, -0.96256203, ..., -0.11240077,
          0.        ,  0.03392157],
        [-0.98137737, -0.97873971, -0.97120291, ..., -0.14604269,
         -0.03392157,  0.        ]]]), 'num': array([ 7.69574554e-01,  6.38529023e-01,  1.09295690e-06,  2.11363761e-03,
        2.13479161e-03,  2.09953494e-03,  5.51625922e-04, -1.23398359e-05,
        2.10376574e-03,  2.07820465e-03,  2.13252931e-03,  1.03651595e-06,
        2.19010725e-03,  1.96630206e-03])}
{'img': array([[[ 0.        ,  0.09533617, -0.2360519 , ..., -0.09481321,
         -0.06777673, -0.11506271],
        [-0.09533617,  0.        , -0.32761872, ..., -0.18928804,
         -0.16258496, -0.20924158],
        [ 0.2360519 ,  0.32761872,  0.        , ...,  0.14285467,
          0.16964771,  0.12267301],
        ...,
        [ 0.09481321,  0.18928804, -0.14285467, ...,  0.        ,
          0.02712379, -0.02036087],
        [ 0.06777673,  0.16258496, -0.16964771, ..., -0.02712379,
          0.        , -0.04747155],
        [ 0.11506271,  0.20924158, -0.12267301, ...,  0.02036087,
          0.04747155,  0.        ]],

       [[ 0.        , -0.46229546, -0.17878538, ..., -0.60714513,
         -0.70206204, -0.74005324],
        [ 0.46229546,  0.        ,  0.29631336, ..., -0.17103556,
         -0.29332873, -0.3453084 ],
        [ 0.17878538, -0.29631336,  0.        , ..., -0.45530162,
         -0.56343459, -0.60788778],
        ...,
        [ 0.60714513,  0.17103556,  0.45530162, ...,  0.        ,
         -0.12549451, -0.17970519],
        [ 0.70206204,  0.29332873,  0.56343459, ...,  0.12549451,
          0.        , -0.05483298],
        [ 0.74005324,  0.3453084 ,  0.60788778, ...,  0.17970519,
          0.05483298,  0.        ]],

       [[ 0.        , -0.0294322 , -0.07654053, ..., -0.44736659,
         -0.38353898, -0.33434039],
        [ 0.0294322 ,  0.        , -0.04716151, ..., -0.42085007,
         -0.35619145, -0.30645709],
        [ 0.07654053,  0.04716151,  0.        , ..., -0.37760016,
         -0.31172679, -0.26122379],
        ...,
        [ 0.44736659,  0.42085007,  0.37760016, ...,  0.        ,
          0.07013575,  0.12260416],
        [ 0.38353898,  0.35619145,  0.31172679, ..., -0.07013575,
          0.        ,  0.05269562],
        [ 0.33434039,  0.30645709,  0.26122379, ..., -0.12260416,
         -0.05269562,  0.        ]],

       ...,

       [[ 0.        , -0.0172587 , -0.42042203, ..., -0.69149811,
         -0.70095351, -0.47920897],
        [ 0.0172587 ,  0.        , -0.40470009, ..., -0.6789278 ,
         -0.68854008, -0.46398962],
        [ 0.42042203,  0.40470009,  0.        , ..., -0.32371232,
         -0.3361473 , -0.06579527],
        ...,
        [ 0.69149811,  0.6789278 ,  0.32371232, ...,  0.        ,
         -0.01317232,  0.26075832],
        [ 0.70095351,  0.68854008,  0.3361473 , ...,  0.01317232,
          0.        ,  0.27345231],
        [ 0.47920897,  0.46398962,  0.06579527, ..., -0.26075832,
         -0.27345231,  0.        ]],

       [[ 0.        ,  0.12368698,  0.15484137, ..., -0.36227671,
         -0.49697043, -0.82599575],
        [-0.12368698,  0.        ,  0.03145714, ..., -0.47477989,
         -0.60048587, -0.88937259],
        [-0.15484137, -0.03145714,  0.        , ..., -0.5022305 ,
         -0.62534294, -0.90331411],
        ...,
        [ 0.36227671,  0.47477989,  0.5022305 , ...,  0.        ,
         -0.14883957, -0.56567953],
        [ 0.49697043,  0.60048587,  0.62534294, ...,  0.14883957,
          0.        , -0.43664177],
        [ 0.82599575,  0.88937259,  0.90331411, ...,  0.56567953,
          0.43664177,  0.        ]],

       [[ 0.        ,  0.03398876,  0.12719558, ...,  0.97121892,
          0.97873971,  0.98770327],
        [-0.03398876,  0.        ,  0.0934094 , ...,  0.96256203,
          0.97120291,  0.98181878],
        [-0.12719558, -0.0934094 ,  0.        , ...,  0.93303381,
          0.94470144,  0.95979502],
        ...,
        [-0.97121892, -0.96256203, -0.93303381, ...,  0.        ,
          0.03392157,  0.08341911],
        [-0.97873971, -0.97120291, -0.94470144, ..., -0.03392157,
          0.        ,  0.04956777],
        [-0.98770327, -0.98181878, -0.95979502, ..., -0.08341911,
         -0.04956777,  0.        ]]]), 'num': array([ 9.98950303e-01,  4.51074702e-02,  8.15250284e-06,  2.74092768e-03,
        2.82760659e-03,  2.73624233e-03,  1.38794018e-03, -6.79375237e-05,
        2.79855744e-03,  2.75615505e-03,  2.83217480e-03,  1.09657045e-06,
        2.89897361e-03,  2.61333650e-03])}
{'img': array([[[ 0.        , -0.32761872, -0.34711978, ..., -0.16258496,
         -0.20924158, -0.39879205],
        [ 0.32761872,  0.        , -0.02071459, ...,  0.16964771,
          0.12267301, -0.07634279],
        [ 0.34711978,  0.02071459,  0.        , ...,  0.19002563,
          0.14320482, -0.05567228],
        ...,
        [ 0.16258496, -0.16964771, -0.19002563, ...,  0.        ,
         -0.04747155, -0.2443888 ],
        [ 0.20924158, -0.12267301, -0.14320482, ...,  0.04747155,
          0.        , -0.19808119],
        [ 0.39879205,  0.07634279,  0.05567228, ...,  0.2443888 ,
          0.19808119,  0.        ]],

       [[ 0.        ,  0.29631336, -0.13313616, ..., -0.29332873,
         -0.3453084 ,  0.12008139],
        [-0.29631336,  0.        , -0.42083263, ..., -0.56343459,
         -0.60788778, -0.17948063],
        [ 0.13313616,  0.42083263,  0.        , ..., -0.16343773,
         -0.21728752,  0.25118519],
        ...,
        [ 0.29332873,  0.56343459,  0.16343773, ...,  0.        ,
         -0.05483298,  0.40600543],
        [ 0.3453084 ,  0.60788778,  0.21728752, ...,  0.05483298,
          0.        ,  0.45550486],
        [-0.12008139,  0.17948063, -0.25118519, ..., -0.40600543,
         -0.45550486,  0.        ]],

       [[ 0.        , -0.04716151, -0.12293288, ..., -0.35619145,
         -0.30645709, -0.29708786],
        [ 0.04716151,  0.        , -0.0759923 , ..., -0.31172679,
         -0.26122379, -0.25172511],
        [ 0.12293288,  0.0759923 ,  0.        , ..., -0.23861966,
         -0.18711471, -0.17745197],
        ...,
        [ 0.35619145,  0.31172679,  0.23861966, ...,  0.        ,
          0.05269562,  0.0625067 ],
        [ 0.30645709,  0.26122379,  0.18711471, ..., -0.05269562,
          0.        ,  0.00982728],
        [ 0.29708786,  0.25172511,  0.17745197, ..., -0.0625067 ,
         -0.00982728,  0.        ]],

       ...,

       [[ 0.        , -0.40470009, -0.48175591, ..., -0.68854008,
         -0.46398962, -0.79780058],
        [ 0.40470009,  0.        , -0.08590053, ..., -0.3361473 ,
         -0.06579527, -0.48554597],
        [ 0.48175591,  0.08590053,  0.        , ..., -0.25400287,
          0.02016233, -0.40865605],
        ...,
        [ 0.68854008,  0.3361473 ,  0.25400287, ...,  0.        ,
          0.27345231, -0.16342805],
        [ 0.46398962,  0.06579527, -0.02016233, ..., -0.27345231,
          0.        , -0.4269749 ],
        [ 0.79780058,  0.48554597,  0.40865605, ...,  0.16342805,
          0.4269749 ,  0.        ]],

       [[ 0.        ,  0.02995038,  0.04933132, ..., -0.54799408,
         -0.72113136, -0.90913806],
        [-0.02995038,  0.        ,  0.01939528, ..., -0.5728012 ,
         -0.74155743, -0.92120439],
        [-0.04933132, -0.01939528,  0.        , ..., -0.58859165,
         -0.75443002, -0.9285774 ],
        ...,
        [ 0.54799408,  0.5728012 ,  0.58859165, ...,  0.        ,
         -0.22356416, -0.53224109],
        [ 0.72113136,  0.74155743,  0.75443002, ...,  0.22356416,
          0.        , -0.32950183],
        [ 0.90913806,  0.92120439,  0.9285774 , ...,  0.53224109,
          0.32950183,  0.        ]],

       [[ 0.        ,  0.0934094 ,  0.21083829, ...,  0.97120291,
          0.98181878,  0.98210529],
        [-0.0934094 ,  0.        ,  0.11860681, ...,  0.94470144,
          0.95979502,  0.96021927],
        [-0.21083829, -0.11860681,  0.        , ...,  0.89913815,
          0.91972697,  0.92032076],
        ...,
        [-0.97120291, -0.94470144, -0.89913815, ...,  0.        ,
          0.04956777,  0.05108115],
        [-0.98181878, -0.95979502, -0.91972697, ..., -0.04956777,
          0.        ,  0.0015153 ],
        [-0.98210529, -0.96021927, -0.92032076, ..., -0.05108115,
         -0.0015153 ,  0.        ]]]), 'num': array([9.99707074e-01, 2.28888389e-02, 8.23624144e-06, 2.74387145e-03,
       2.74387145e-03, 2.69297333e-03, 1.41121982e-03, 3.70168155e-05,
       2.75914088e-03, 2.71472071e-03, 2.79527084e-03, 1.30720817e-06,
       2.83435075e-03, 2.59509066e-03])}
{'img': array([[[ 0.        , -0.02071459,  0.2951056 , ...,  0.12267301,
         -0.07634279,  0.03435122],
        [ 0.02071459,  0.        ,  0.31483434, ...,  0.14320482,
         -0.05567228,  0.05504621],
        [-0.2951056 , -0.31483434,  0.        , ..., -0.17566699,
         -0.36718722, -0.26211007],
        ...,
        [-0.12267301, -0.14320482,  0.17566699, ...,  0.        ,
         -0.19808119, -0.08850884],
        [ 0.07634279,  0.05567228,  0.36718722, ...,  0.19808119,
          0.        ,  0.11054871],
        [-0.03435122, -0.05504621,  0.26211007, ...,  0.08850884,
         -0.11054871,  0.        ]],

       [[ 0.        , -0.42083263, -0.09653534, ..., -0.60788778,
         -0.17948063, -0.16000523],
        [ 0.42083263,  0.        ,  0.33129625, ..., -0.21728752,
          0.25118519,  0.27026381],
        [ 0.09653534, -0.33129625,  0.        , ..., -0.5283974 ,
         -0.08367462, -0.06396635],
        ...,
        [ 0.60788778,  0.21728752,  0.5283974 , ...,  0.        ,
          0.45550486,  0.47300802],
        [ 0.17948063, -0.25118519,  0.08367462, ..., -0.45550486,
          0.        ,  0.01976124],
        [ 0.16000523, -0.27026381,  0.06396635, ..., -0.47300802,
         -0.01976124,  0.        ]],

       [[ 0.        , -0.0759923 , -0.16103644, ..., -0.26122379,
         -0.25172511, -0.26755113],
        [ 0.0759923 ,  0.        , -0.0855703 , ..., -0.18711471,
         -0.17745197, -0.19355558],
        [ 0.16103644,  0.0855703 ,  0.        , ..., -0.10236944,
         -0.09258884, -0.10889353],
        ...,
        [ 0.26122379,  0.18711471,  0.10236944, ...,  0.        ,
          0.00982728, -0.00656076],
        [ 0.25172511,  0.17745197,  0.09258884, ..., -0.00982728,
          0.        , -0.01638751],
        [ 0.26755113,  0.19355558,  0.10889353, ...,  0.00656076,
          0.01638751,  0.        ]],

       ...,

       [[ 0.        , -0.08590053,  0.09314134, ..., -0.06579527,
         -0.48554597, -0.1517175 ],
        [ 0.08590053,  0.        ,  0.17832418, ...,  0.02016233,
         -0.40865605, -0.06625057],
        [-0.09314134, -0.17832418,  0.        , ..., -0.15844877,
         -0.56486045, -0.24312109],
        ...,
        [ 0.06579527, -0.02016233,  0.15844877, ...,  0.        ,
         -0.4269749 , -0.08635513],
        [ 0.48554597,  0.40865605,  0.56486045, ...,  0.4269749 ,
          0.        ,  0.34729211],
        [ 0.1517175 ,  0.06625057,  0.24312109, ...,  0.08635513,
         -0.34729211,  0.        ]],

       [[ 0.        ,  0.01751334,  0.07613372, ..., -0.60756897,
         -0.6818209 , -0.95457554],
        [-0.01751334,  0.        ,  0.05865954, ..., -0.62138606,
         -0.69452767, -0.95964757],
        [-0.07613372, -0.05865954,  0.        , ..., -0.66627607,
         -0.73553527, -0.97449048],
        ...,
        [ 0.60756897,  0.62138606,  0.66627607, ...,  0.        ,
         -0.09709945, -0.57715103],
        [ 0.6818209 ,  0.69452767,  0.73553527, ...,  0.09709945,
          0.        , -0.49512877],
        [ 0.95457554,  0.95964757,  0.97449048, ...,  0.57715103,
          0.49512877,  0.        ]],

       [[ 0.        ,  0.11860681,  0.25687751, ...,  0.95979502,
          0.96021927,  0.97992364],
        [-0.11860681,  0.        ,  0.14043746, ...,  0.91972697,
          0.92032076,  0.94935964],
        [-0.25687751, -0.14043746,  0.        , ...,  0.85548212,
          0.85626581,  0.89582681],
        ...,
        [-0.95979502, -0.91972697, -0.85548212, ...,  0.        ,
          0.0015153 ,  0.08370899],
        [-0.96021927, -0.92032076, -0.85626581, ..., -0.0015153 ,
          0.        ,  0.0821989 ],
        [-0.97992364, -0.94935964, -0.89582681, ..., -0.08370899,
         -0.0821989 ,  0.        ]]]), 'num': array([9.99708590e-01, 2.28512209e-02, 8.22270513e-06, 2.74398137e-03,
       2.76707886e-03, 2.68161816e-03, 9.00155237e-04, 4.61949726e-06,
       2.74813892e-03, 2.70806478e-03, 2.79094626e-03, 1.28201644e-06,
       2.82325132e-03, 2.59287824e-03])}
{'img': array([[[ 0.        ,  0.31483434,  0.49868626, ..., -0.05567228,
          0.05504621,  0.06871218],
        [-0.31483434,  0.        ,  0.20043347, ..., -0.36718722,
         -0.26211007, -0.2488723 ],
        [-0.49868626, -0.20043347,  0.        , ..., -0.5461686 ,
         -0.45021706, -0.4379491 ],
        ...,
        [ 0.05567228,  0.36718722,  0.5461686 , ...,  0.        ,
          0.11054871,  0.12414631],
        [-0.05504621,  0.26211007,  0.45021706, ..., -0.11054871,
          0.        ,  0.01369189],
        [-0.06871218,  0.2488723 ,  0.4379491 , ..., -0.12414631,
         -0.01369189,  0.        ]],

       [[ 0.        ,  0.33129625,  0.85109281, ...,  0.25118519,
          0.27026381, -0.03178951],
        [-0.33129625,  0.        ,  0.62909328, ..., -0.08367462,
         -0.06396635, -0.36112306],
        [-0.85109281, -0.62909328,  0.        , ..., -0.69192991,
         -0.67752788, -0.86735264],
        ...,
        [-0.25118519,  0.08367462,  0.69192991, ...,  0.        ,
          0.01976124, -0.28182855],
        [-0.27026381,  0.06396635,  0.67752788, ..., -0.01976124,
          0.        , -0.30073373],
        [ 0.03178951,  0.36112306,  0.86735264, ...,  0.28182855,
          0.30073373,  0.        ]],

       [[ 0.        , -0.0855703 , -0.02423124, ..., -0.17745197,
         -0.19355558, -0.21609245],
        [ 0.0855703 ,  0.        ,  0.06140281, ..., -0.09258884,
         -0.10889353, -0.13175132],
        [ 0.02423124, -0.06140281,  0.        , ..., -0.15355319,
         -0.16972573, -0.19237027],
        ...,
        [ 0.17745197,  0.09258884,  0.15355319, ...,  0.        ,
         -0.01638751, -0.03940365],
        [ 0.19355558,  0.10889353,  0.16972573, ...,  0.01638751,
          0.        , -0.02302357],
        [ 0.21609245,  0.13175132,  0.19237027, ...,  0.03940365,
          0.02302357,  0.        ]],

       ...,

       [[ 0.        ,  0.17832418,  0.22245726, ..., -0.40865605,
         -0.06625057, -0.10313444],
        [-0.17832418,  0.        ,  0.04503586, ..., -0.56486045,
         -0.24312109, -0.27885463],
        [-0.22245726, -0.04503586,  0.        , ..., -0.6014503 ,
         -0.28655902, -0.32182113],
        ...,
        [ 0.40865605,  0.56486045,  0.6014503 , ...,  0.        ,
          0.34729211,  0.31234725],
        [ 0.06625057,  0.24312109,  0.28655902, ..., -0.34729211,
          0.        , -0.03701057],
        [ 0.10313444,  0.27885463,  0.32182113, ..., -0.31234725,
          0.03701057,  0.        ]],

       [[ 0.        ,  0.05753139,  0.08962218, ..., -0.67023971,
         -0.87382578, -0.96492782],
        [-0.05753139,  0.        ,  0.03217386, ..., -0.7118262 ,
         -0.90035247, -0.97843248],
        [-0.08962218, -0.03217386,  0.        , ..., -0.73405517,
         -0.91388717, -0.98457199],
        ...,
        [ 0.67023971,  0.7118262 ,  0.73405517, ...,  0.        ,
         -0.32260837, -0.54016786],
        [ 0.87382578,  0.90035247,  0.91388717, ...,  0.32260837,
          0.        , -0.23979302],
        [ 0.96492782,  0.97843248,  0.98457199, ...,  0.54016786,
          0.23979302,  0.        ]],

       [[ 0.        ,  0.14043746,  0.39823649, ...,  0.92032076,
          0.94935964,  0.95308703],
        [-0.14043746,  0.        ,  0.26546892, ...,  0.85626581,
          0.89582681,  0.9011316 ],
        [-0.39823649, -0.26546892,  0.        , ...,  0.68841839,
          0.74570874,  0.75370557],
        ...,
        [-0.92032076, -0.85626581, -0.68841839, ...,  0.        ,
          0.0821989 ,  0.09423607],
        [-0.94935964, -0.89582681, -0.74570874, ..., -0.0821989 ,
          0.        ,  0.01208406],
        [-0.95308703, -0.9011316 , -0.75370557, ..., -0.09423607,
         -0.01208406,  0.        ]]]), 'num': array([ 9.99700026e-01,  2.31944229e-02,  8.34620174e-06,  2.74299327e-03,
        2.78519316e-03,  2.70782669e-03,  9.49521114e-04, -4.21998964e-05,
        2.77253320e-03,  2.74604104e-03,  2.83255083e-03,  1.18232468e-06,
        2.86085728e-03,  2.63122480e-03])}
{'img': array([[[ 0.        ,  0.20043347,  0.19343767, ..., -0.26211007,
         -0.2488723 , -0.36718722],
        [-0.20043347,  0.        , -0.00713549, ..., -0.45021706,
         -0.4379491 , -0.5461686 ],
        [-0.19343767,  0.00713549,  0.        , ..., -0.44383418,
         -0.43152315, -0.54017747],
        ...,
        [ 0.26211007,  0.45021706,  0.44383418, ...,  0.        ,
          0.01369189, -0.11054871],
        [ 0.2488723 ,  0.4379491 ,  0.43152315, ..., -0.01369189,
          0.        , -0.12414631],
        [ 0.36718722,  0.5461686 ,  0.54017747, ...,  0.11054871,
          0.12414631,  0.        ]],

       [[ 0.        ,  0.62909328,  0.24864266, ..., -0.06396635,
         -0.36112306, -0.33513745],
        [-0.62909328,  0.        , -0.41605943, ..., -0.67752788,
         -0.86735264, -0.85322467],
        [-0.24864266,  0.41605943,  0.        , ..., -0.31009096,
         -0.5816459 , -0.55887602],
        ...,
        [ 0.06396635,  0.67752788,  0.31009096, ...,  0.        ,
         -0.30073373, -0.27418398],
        [ 0.36112306,  0.86735264,  0.5816459 , ...,  0.30073373,
          0.        ,  0.02771728],
        [ 0.33513745,  0.85322467,  0.55887602, ...,  0.27418398,
         -0.02771728,  0.        ]],

       [[ 0.        ,  0.06140281,  0.09844333, ..., -0.10889353,
         -0.13175132, -0.19069919],
        [-0.06140281,  0.        ,  0.03715302, ..., -0.16972573,
         -0.19237027, -0.25061533],
        [-0.09844333, -0.03715302,  0.        , ..., -0.20622253,
         -0.22869654, -0.28640965],
        ...,
        [ 0.10889353,  0.16972573,  0.20622253, ...,  0.        ,
         -0.02302357, -0.08267001],
        [ 0.13175132,  0.19237027,  0.22869654, ...,  0.02302357,
          0.        , -0.05970334],
        [ 0.19069919,  0.25061533,  0.28640965, ...,  0.08267001,
          0.05970334,  0.        ]],

       ...,

       [[ 0.        ,  0.04503586, -0.02369982, ..., -0.24312109,
         -0.27885463, -0.4511914 ],
        [-0.04503586,  0.        , -0.06869898, ..., -0.28655902,
         -0.32182113, -0.49092484],
        [ 0.02369982,  0.06869898,  0.        , ..., -0.22006407,
         -0.25601658, -0.42991431],
        ...,
        [ 0.24312109,  0.28655902,  0.22006407, ...,  0.        ,
         -0.03701057, -0.22068595],
        [ 0.27885463,  0.32182113,  0.25601658, ...,  0.03701057,
          0.        , -0.18443668],
        [ 0.4511914 ,  0.49092484,  0.42991431, ...,  0.22068595,
          0.18443668,  0.        ]],

       [[ 0.        ,  0.03175669,  0.05389161, ..., -0.87140937,
         -0.92059542, -0.98104289],
        [-0.03175669,  0.        ,  0.02215389, ..., -0.88654831,
         -0.93253265, -0.98670223],
        [-0.05389161, -0.02215389,  0.        , ..., -0.89657992,
         -0.94030323, -0.99006093],
        ...,
        [ 0.87140937,  0.88654831,  0.89657992, ...,  0.        ,
         -0.11130331, -0.31238594],
        [ 0.92059542,  0.93253265,  0.94030323, ...,  0.11130331,
          0.        , -0.20471175],
        [ 0.98104289,  0.98670223,  0.99006093, ...,  0.31238594,
          0.20471175,  0.        ]],

       [[ 0.        ,  0.26546892,  0.47023877, ...,  0.89582681,
          0.9011316 ,  0.8996254 ],
        [-0.26546892,  0.        ,  0.21907958, ...,  0.74570874,
          0.75370557,  0.75142599],
        [-0.47023877, -0.21907958,  0.        , ...,  0.58162663,
          0.59141401,  0.58861907],
        ...,
        [-0.89582681, -0.74570874, -0.58162663, ...,  0.        ,
          0.01208406,  0.00862255],
        [-0.9011316 , -0.75370557, -0.59141401, ..., -0.01208406,
          0.        , -0.00346168],
        [-0.8996254 , -0.75142599, -0.58861907, ..., -0.00862255,
          0.00346168,  0.        ]]]), 'num': array([9.99712886e-01, 2.26834031e-02, 8.16231815e-06, 2.74446484e-03,
       2.74446484e-03, 2.66421733e-03, 8.78045325e-04, 6.19052219e-05,
       2.71053161e-03, 2.68531096e-03, 2.76907407e-03, 1.38142755e-06,
       2.79709551e-03, 2.57352641e-03])}
{'img': array([[[ 0.        , -0.00713549,  0.07963857, ..., -0.4379491 ,
         -0.5461686 , -0.38201089],
        [ 0.00713549,  0.        ,  0.08674937, ..., -0.43152315,
         -0.54017747, -0.37540685],
        [-0.07963857, -0.08674937,  0.        , ..., -0.50815315,
         -0.61114513, -0.45439616],
        ...,
        [ 0.4379491 ,  0.43152315,  0.50815315, ...,  0.        ,
         -0.12414631,  0.06130638],
        [ 0.5461686 ,  0.54017747,  0.61114513, ...,  0.12414631,
          0.        ,  0.18474491],
        [ 0.38201089,  0.37540685,  0.45439616, ..., -0.06130638,
         -0.18474491,  0.        ]],

       [[ 0.        , -0.41605943, -0.66315321, ..., -0.86735264,
         -0.85322467, -0.87368377],
        [ 0.41605943,  0.        , -0.29161634, ..., -0.5816459 ,
         -0.55887602, -0.59206282],
        [ 0.66315321,  0.29161634,  0.        , ..., -0.31915186,
         -0.29276148, -0.3313178 ],
        ...,
        [ 0.86735264,  0.5816459 ,  0.31915186, ...,  0.        ,
          0.02771728, -0.01286515],
        [ 0.85322467,  0.55887602,  0.29276148, ..., -0.02771728,
          0.        , -0.0405752 ],
        [ 0.87368377,  0.59206282,  0.3313178 , ...,  0.01286515,
          0.0405752 ,  0.        ]],

       [[ 0.        ,  0.03715302,  0.17276589, ..., -0.19237027,
         -0.25061533, -0.25385187],
        [-0.03715302,  0.        ,  0.13605226, ..., -0.22869654,
         -0.28640965, -0.28961261],
        [-0.17276589, -0.13605226,  0.        , ..., -0.35901662,
         -0.41409918, -0.41714129],
        ...,
        [ 0.19237027,  0.22869654,  0.35901662, ...,  0.        ,
         -0.05970334, -0.06304171],
        [ 0.25061533,  0.28640965,  0.41409918, ...,  0.05970334,
          0.        , -0.00334468],
        [ 0.25385187,  0.28961261,  0.41714129, ...,  0.06304171,
          0.00334468,  0.        ]],

       ...,

       [[ 0.        , -0.06869898, -0.01456144, ..., -0.32182113,
         -0.49092484, -0.14772546],
        [ 0.06869898,  0.        ,  0.05416466, ..., -0.25601658,
         -0.42991431, -0.0794312 ],
        [ 0.01456144, -0.05416466,  0.        , ..., -0.30800023,
         -0.47818683, -0.13330811],
        ...,
        [ 0.32182113,  0.25601658,  0.30800023, ...,  0.        ,
         -0.18443668,  0.17842371],
        [ 0.49092484,  0.42991431,  0.47818683, ...,  0.18443668,
          0.        ,  0.35683991],
        [ 0.14772546,  0.0794312 ,  0.13330811, ..., -0.17842371,
         -0.35683991,  0.        ]],

       [[ 0.        ,  0.02211091,  0.05908409, ..., -0.92760062,
         -0.9707312 , -0.98701596],
        [-0.02211091,  0.        ,  0.03699737, ..., -0.93563389,
         -0.97580422, -0.99032616],
        [-0.05908409, -0.03699737,  0.        , ..., -0.94805235,
         -0.98322548, -0.99478187],
        ...,
        [ 0.92760062,  0.93563389,  0.94805235, ...,  0.        ,
         -0.13985887, -0.21972967],
        [ 0.9707312 ,  0.97580422,  0.98322548, ...,  0.13985887,
          0.        , -0.08112922],
        [ 0.98701596,  0.99032616,  0.99478187, ...,  0.21972967,
          0.08112922,  0.        ]],

       [[ 0.        ,  0.21907958,  0.39288052, ...,  0.75370557,
          0.75142599,  0.75249388],
        [-0.21907958,  0.        ,  0.18187298, ...,  0.59141401,
          0.58861907,  0.5899279 ],
        [-0.39288052, -0.18187298,  0.        , ...,  0.43489386,
          0.43177407,  0.43323468],
        ...,
        [-0.75370557, -0.59141401, -0.43489386, ...,  0.        ,
         -0.00346168, -0.00184173],
        [-0.75142599, -0.58861907, -0.43177407, ...,  0.00346168,
          0.        ,  0.00161996],
        [-0.75249388, -0.5899279 , -0.43323468, ...,  0.00184173,
         -0.00161996,  0.        ]]]), 'num': array([9.99930253e-01, 8.93153931e-03, 8.25144641e-06, 2.74514879e-03,
       2.76343454e-03, 2.71086300e-03, 7.76687393e-04, 9.14287690e-06,
       2.71634873e-03, 2.68194865e-03, 2.75852025e-03, 1.65017778e-06,
       2.79626455e-03, 2.56763275e-03])}
{'img': array([[[ 0.        ,  0.08674937, -0.04949324, ..., -0.54017747,
         -0.37540685, -0.35009363],
        [-0.08674937,  0.        , -0.13594971, ..., -0.61114513,
         -0.45439616, -0.43003325],
        [ 0.04949324,  0.13594971,  0.        , ..., -0.49786437,
         -0.32907346, -0.30330353],
        ...,
        [ 0.54017747,  0.61114513,  0.49786437, ...,  0.        ,
          0.18474491,  0.2113705 ],
        [ 0.37540685,  0.45439616,  0.32907346, ..., -0.18474491,
          0.        ,  0.02716129],
        [ 0.35009363,  0.43003325,  0.30330353, ..., -0.2113705 ,
         -0.02716129,  0.        ]],

       [[ 0.        , -0.29161634, -0.33618639, ..., -0.55887602,
         -0.59206282, -0.66575904],
        [ 0.29161634,  0.        , -0.04693123, ..., -0.29276148,
         -0.3313178 , -0.41922764],
        [ 0.33618639,  0.04693123,  0.        , ..., -0.24756393,
         -0.28667222, -0.37615773],
        ...,
        [ 0.55887602,  0.29276148,  0.24756393, ...,  0.        ,
         -0.0405752 , -0.13506677],
        [ 0.59206282,  0.3313178 ,  0.28667222, ...,  0.0405752 ,
          0.        , -0.09475215],
        [ 0.66575904,  0.41922764,  0.37615773, ...,  0.13506677,
          0.09475215,  0.        ]],

       [[ 0.        ,  0.13605226,  0.24662166, ..., -0.28640965,
         -0.28961261, -0.23992731],
        [-0.13605226,  0.        ,  0.11247863, ..., -0.41409918,
         -0.41714129, -0.36977468],
        [-0.24662166, -0.11247863,  0.        , ..., -0.51385298,
         -0.51671944, -0.47193445],
        ...,
        [ 0.28640965,  0.41409918,  0.51385298, ...,  0.        ,
         -0.00334468,  0.04816777],
        [ 0.28961261,  0.41714129,  0.51671944, ...,  0.00334468,
          0.        ,  0.0515083 ],
        [ 0.23992731,  0.36977468,  0.47193445, ..., -0.04816777,
         -0.0515083 ,  0.        ]],

       ...,

       [[ 0.        ,  0.05416466, -0.15176171, ..., -0.42991431,
         -0.0794312 ,  0.44940818],
        [-0.05416466,  0.        , -0.2050762 , ..., -0.47818683,
         -0.13330811,  0.40036173],
        [ 0.15176171,  0.2050762 ,  0.        , ..., -0.28791361,
          0.07277104,  0.57977549],
        ...,
        [ 0.42991431,  0.47818683,  0.28791361, ...,  0.        ,
          0.35683991,  0.78981088],
        [ 0.0794312 ,  0.13330811, -0.07277104, ..., -0.35683991,
          0.        ,  0.5189462 ],
        [-0.44940818, -0.40036173, -0.57977549, ..., -0.78981088,
         -0.5189462 ,  0.        ]],

       [[ 0.        ,  0.03699737,  0.02932924, ..., -0.97580422,
         -0.99032616, -0.91894245],
        [-0.03699737,  0.        , -0.00767229, ..., -0.98322548,
         -0.99478187, -0.93290476],
        [-0.02932924,  0.00767229,  0.        , ..., -0.98179716,
         -0.99396983, -0.93011433],
        ...,
        [ 0.97580422,  0.98322548,  0.98179716, ...,  0.        ,
         -0.08112922,  0.18392586],
        [ 0.99032616,  0.99478187,  0.99396983, ...,  0.08112922,
          0.        ,  0.26306473],
        [ 0.91894245,  0.93290476,  0.93011433, ..., -0.18392586,
         -0.26306473,  0.        ]],

       [[ 0.        ,  0.18187298,  0.37085962, ...,  0.58861907,
          0.5899279 ,  0.599716  ],
        [-0.18187298,  0.        ,  0.19577101, ...,  0.43177407,
          0.43323468,  0.44417685],
        [-0.37085962, -0.19577101,  0.        , ...,  0.2468372 ,
          0.24840671,  0.26018295],
        ...,
        [-0.58861907, -0.43177407, -0.2468372 , ...,  0.        ,
          0.00161996,  0.01379614],
        [-0.5899279 , -0.43323468, -0.24840671, ..., -0.00161996,
          0.        ,  0.01217631],
        [-0.599716  , -0.44417685, -0.26018295, ..., -0.01379614,
         -0.01217631,  0.        ]]]), 'num': array([9.99930654e-01, 8.86569894e-03, 8.19061946e-06, 2.74533229e-03,
       2.76348324e-03, 2.67953507e-03, 1.25686304e-03, 2.04198269e-05,
       2.70721528e-03, 2.66501430e-03, 2.73655932e-03, 1.61899242e-06,
       2.78370373e-03, 2.54632487e-03])}
{'img': array([[[ 0.        , -0.13594971, -0.38670662, ..., -0.45439616,
         -0.43003325, -0.37416626],
        [ 0.13594971,  0.        , -0.25774313, ..., -0.32907346,
         -0.30330353, -0.24461786],
        [ 0.38670662,  0.25774313,  0.        , ..., -0.07456726,
         -0.04745408,  0.01355971],
        ...,
        [ 0.45439616,  0.32907346,  0.07456726, ...,  0.        ,
          0.02716129,  0.08808237],
        [ 0.43003325,  0.30330353,  0.04745408, ..., -0.02716129,
          0.        ,  0.06099415],
        [ 0.37416626,  0.24461786, -0.01355971, ..., -0.08808237,
         -0.06099415,  0.        ]],

       [[ 0.        , -0.04693123,  0.29539573, ..., -0.3313178 ,
         -0.41922764, -0.0842795 ],
