state_0,state_1,state_2,state_3,state_4,state_5,state_6,state_7,state_8,state_9,state_10,state_11,state_12,state_13,state_14,state_15,state_16,state_17,state_18,state_19,state_20,state_21,state_22,state_23,state_24,state_25,state_26,state_27,state_28,state_29,state_30,state_31,state_32,state_33,state_34,state_35,state_36,state_37,state_38,state_39,state_40,state_41,state_42,state_43,state_44,state_45,state_46,state_47,state_48,state_49,state_50,state_51,state_52,state_53,state_54,state_55,state_56,state_57,state_58,state_59,state_60,state_61,state_62,state_63,state_64,state_65,state_66,state_67,state_68,state_69,state_70,state_71,state_72,state_73,state_74,state_75,state_76,state_77,state_78,state_79,state_80,state_81,state_82,state_83,state_84,state_85,state_86,state_87,state_88,state_89,state_90,state_91,state_92,state_93,state_94,state_95,state_96,state_97,state_98,state_99,state_100,state_101,state_102,state_103,state_104,state_105,state_106,state_107,state_108,state_109,state_110,state_111,state_112,state_113,state_114,state_115,state_116,state_117,state_118,state_119,state_120,state_121,state_122,state_123,state_124,state_125,state_126,state_127,state_128,state_129,state_130,state_131,state_132,state_133,state_134,state_135,state_136,state_137,state_138,state_139,state_140,state_141,state_142,state_143,state_144,state_145,state_146,state_147,state_148,state_149,state_150,state_151,state_152,state_153,state_154,state_155,state_156,state_157,state_158,state_159,state_160,state_161,state_162,state_163,state_164,state_165,state_166,state_167,state_168,state_169,state_170,state_171,state_172,state_173,state_174,state_175,state_176,state_177,state_178,state_179,state_180,state_181,state_182,state_183,state_184,state_185,state_186,state_187,state_188,state_189,state_190,state_191,state_192,state_193,state_194,state_195,state_196,state_197,state_198,state_199,state_200,state_201,state_202,state_203,state_204,state_205,state_206,state_207,state_208,state_209,state_210,state_211,state_212,state_213,state_214,state_215,state_216,state_217,state_218,state_219,state_220,state_221,state_222,state_223,state_224,state_225,state_226,state_227,state_228,state_229,state_230,state_231,state_232,state_233,state_234,state_235,state_236,state_237,state_238,state_239,state_240,state_241,state_242,state_243,state_244,state_245,state_246,state_247,state_248,state_249,state_250,state_251,state_252,state_253,state_254,state_255,state_256,state_257,state_258,state_259,state_260,state_261,state_262,state_263,state_264,state_265,state_266,state_267,state_268,state_269,state_270,state_271,state_272,state_273,state_274,state_275,state_276,state_277,state_278,state_279,state_280,state_281,state_282,state_283,state_284,state_285,state_286,state_287
{'img': array([[[ 0.        , -0.28126663,  0.40197677, ...,  0.14361875,
         -0.05493839,  0.56583917],
        [ 0.28126663,  0.        ,  0.64329058, ...,  0.41617157,
          0.22812134,  0.77490479],
        [-0.40197677, -0.64329058,  0.        , ..., -0.26630502,
         -0.45167401,  0.18667443],
        ...,
        [-0.14361875, -0.41617157,  0.26630502, ...,  0.        ,
         -0.19777069,  0.44155727],
        [ 0.05493839, -0.22812134,  0.45167401, ...,  0.19777069,
          0.        ,  0.61028217],
        [-0.56583917, -0.77490479, -0.18667443, ..., -0.44155727,
         -0.61028217,  0.        ]],

       [[ 0.        , -0.04919829,  0.66863145, ..., -0.51377552,
         -0.19014619,  0.55473449],
        [ 0.04919829,  0.        ,  0.70440531, ..., -0.47094493,
         -0.14161522,  0.59499705],
        [-0.66863145, -0.70440531,  0.        , ..., -0.95567578,
         -0.79782435, -0.14382249],
        ...,
        [ 0.51377552,  0.47094493,  0.95567578, ...,  0.        ,
          0.34127099,  0.90339572],
        [ 0.19014619,  0.14161522,  0.79782435, ..., -0.34127099,
          0.        ,  0.70282064],
        [-0.55473449, -0.59499705,  0.14382249, ..., -0.90339572,
         -0.70282064,  0.        ]],

       [[ 0.        ,  0.04710542,  0.23474803, ...,  0.47103632,
          0.44022898,  0.51956245],
        [-0.04710542,  0.        ,  0.18869833, ...,  0.4289611 ,
          0.39744502,  0.4787373 ],
        [-0.23474803, -0.18869833,  0.        , ...,  0.25079932,
          0.21715047,  0.30446759],
        ...,
        [-0.47103632, -0.4289611 , -0.25079932, ...,  0.        ,
         -0.03460463,  0.05584448],
        [-0.44022898, -0.39744502, -0.21715047, ...,  0.03460463,
          0.        ,  0.09036167],
        [-0.51956245, -0.4787373 , -0.30446759, ..., -0.05584448,
         -0.09036167,  0.        ]],

       ...,

       [[ 0.        ,  0.14576405,  0.22199991, ..., -0.91845995,
         -0.98798315, -0.77915466],
        [-0.14576405,  0.        ,  0.07750206, ..., -0.96630195,
         -0.99996041, -0.86220234],
        [-0.22199991, -0.07750206,  0.        , ..., -0.9833454 ,
         -0.99764236, -0.89886876],
        ...,
        [ 0.91845995,  0.96630195,  0.9833454 , ...,  0.        ,
         -0.24880247,  0.26755327],
        [ 0.98798315,  0.99996041,  0.99764236, ...,  0.24880247,
          0.        ,  0.49887175],
        [ 0.77915466,  0.86220234,  0.89886876, ..., -0.26755327,
         -0.49887175,  0.        ]],

       [[ 0.        ,  0.34440924,  0.75541108, ...,  0.86215334,
          0.85471069,  0.88001661],
        [-0.34440924,  0.        ,  0.48352018, ...,  0.63491241,
          0.62363472,  0.66260213],
        [-0.75541108, -0.48352018,  0.        , ...,  0.1821999 ,
          0.16791277,  0.21785478],
        ...,
        [-0.86215334, -0.63491241, -0.1821999 , ...,  0.        ,
         -0.01451084,  0.03638455],
        [-0.85471069, -0.62363472, -0.16791277, ...,  0.01451084,
          0.        ,  0.05088194],
        [-0.88001661, -0.66260213, -0.21785478, ..., -0.03638455,
         -0.05088194,  0.        ]],

       [[ 0.        , -0.01623883, -0.13353506, ...,  0.5908337 ,
          0.54513614,  0.41106043],
        [ 0.01623883,  0.        , -0.11742406, ...,  0.57765442,
          0.53145048,  0.39620278],
        [ 0.13353506,  0.11742406,  0.        , ...,  0.47780705,
          0.42830517,  0.28564737],
        ...,
        [-0.5908337 , -0.57765442, -0.47780705, ...,  0.        ,
          0.05551175,  0.20696795],
        [-0.54513614, -0.53145048, -0.42830517, ..., -0.05551175,
          0.        ,  0.15233903],
        [-0.41106043, -0.39620278, -0.28564737, ..., -0.20696795,
         -0.15233903,  0.        ]]]), 'num': array([9.99999735e-01, 6.34715097e-05, 1.12605435e-05, 2.43530507e-04,
       2.47644198e-04, 2.41062293e-04, 2.43919937e-04, 2.74246067e-07,
       2.38539229e-04, 2.39937884e-04, 2.39316260e-04, 1.12551854e-07,
       2.49952786e-04, 2.29922982e-04])}
{'img': array([[[ 0.        ,  0.64329058,  0.81084711, ...,  0.22812134,
          0.77490479,  0.78708273],
        [-0.64329058,  0.        ,  0.24431151, ..., -0.45167401,
          0.18667443,  0.20579579],
        [-0.81084711, -0.24431151,  0.        , ..., -0.65595742,
         -0.05899935, -0.03952249],
        ...,
        [-0.22812134,  0.45167401,  0.65595742, ...,  0.        ,
          0.61028217,  0.62561342],
        [-0.77490479, -0.18667443,  0.05899935, ..., -0.61028217,
          0.        ,  0.01949962],
        [-0.78708273, -0.20579579,  0.03952249, ..., -0.62561342,
         -0.01949962,  0.        ]],

       [[ 0.        ,  0.70440531, -0.10364459, ..., -0.14161522,
          0.59499705,  0.20458666],
        [-0.70440531,  0.        , -0.77417838, ..., -0.79782435,
         -0.14382249, -0.54429085],
        [ 0.10364459,  0.77417838,  0.        , ..., -0.03825251,
          0.67509467,  0.30493718],
        ...,
        [ 0.14161522,  0.79782435,  0.03825251, ...,  0.        ,
          0.70282064,  0.34114463],
        [-0.59499705,  0.14382249, -0.67509467, ..., -0.70282064,
          0.        , -0.41797994],
        [-0.20458666,  0.54429085, -0.30493718, ..., -0.34114463,
          0.41797994,  0.        ]],

       [[ 0.        ,  0.18869833,  0.38544984, ...,  0.39744502,
          0.4787373 ,  0.59384986],
        [-0.18869833,  0.        ,  0.20440789, ...,  0.21715047,
          0.30446759,  0.43135929],
        [-0.38544984, -0.20440789,  0.        , ...,  0.01303518,
          0.10333584,  0.23783872],
        ...,
        [-0.39744502, -0.21715047, -0.01303518, ...,  0.        ,
          0.09036167,  0.22515739],
        [-0.4787373 , -0.30446759, -0.10333584, ..., -0.09036167,
          0.        ,  0.13619488],
        [-0.59384986, -0.43135929, -0.23783872, ..., -0.22515739,
         -0.13619488,  0.        ]],

       ...,

       [[ 0.        ,  0.07750206,  0.11333984, ..., -0.99996041,
         -0.86220234, -0.99801714],
        [-0.07750206,  0.        ,  0.03599627, ..., -0.99764236,
         -0.89886876, -0.99989349],
        [-0.11333984, -0.03599627,  0.        , ..., -0.99452549,
         -0.91406044, -0.99872011],
        ...,
        [ 0.99996041,  0.99764236,  0.99452549, ...,  0.        ,
          0.49887175,  0.05405942],
        [ 0.86220234,  0.89886876,  0.91406044, ..., -0.49887175,
          0.        , -0.45129027],
        [ 0.99801714,  0.99989349,  0.99872011, ..., -0.05405942,
          0.45129027,  0.        ]],

       [[ 0.        ,  0.70672994,  0.96243868, ...,  0.82368975,
          0.85326018,  0.87922306],
        [-0.70672994,  0.        ,  0.48903284, ...,  0.18200218,
          0.23511806,  0.28534229],
        [-0.96243868, -0.48903284,  0.        , ..., -0.32211087,
         -0.27023835, -0.21980742],
        ...,
        [-0.82368975, -0.18200218,  0.32211087, ...,  0.        ,
          0.05429107,  0.10614098],
        [-0.85326018, -0.23511806,  0.27023835, ..., -0.05429107,
          0.        ,  0.05200006],
        [-0.87922306, -0.28534229,  0.21980742, ..., -0.10614098,
         -0.05200006,  0.        ]],

       [[ 0.        , -0.11713474, -0.39529217, ...,  0.57507222,
          0.5184089 ,  0.39529217],
        [ 0.11713474,  0.        , -0.28497624, ...,  0.4752852 ,
          0.41467443,  0.28497624],
        [ 0.39529217,  0.28497624,  0.        , ...,  0.20484615,
          0.13816   ,  0.        ],
        ...,
        [-0.57507222, -0.4752852 , -0.20484615, ...,  0.        ,
          0.06765145,  0.20484615],
        [-0.5184089 , -0.41467443, -0.13816   , ..., -0.06765145,
          0.        ,  0.13816   ],
        [-0.39529217, -0.28497624, -0.        , ..., -0.20484615,
         -0.13816   ,  0.        ]]]), 'num': array([9.97534326e-01, 6.84807051e-02, 1.03920987e-05, 5.33938863e-03,
       5.39911333e-03, 5.30952628e-03, 3.57207488e-03, 3.58348230e-05,
       5.23427315e-03, 5.23905112e-03, 5.21725161e-03, 2.73738231e-06,
       5.44941778e-03, 5.02868447e-03])}
{'img': array([[[ 0.        ,  0.24431151,  0.28320904, ...,  0.18667443,
          0.20579579,  0.32251347],
        [-0.24431151,  0.        ,  0.04031795, ..., -0.05899935,
         -0.03952249,  0.08148359],
        [-0.28320904, -0.04031795,  0.        , ..., -0.0991991 ,
         -0.0797768 ,  0.04123346],
        ...,
        [-0.18667443,  0.05899935,  0.0991991 , ...,  0.        ,
          0.01949962,  0.14014481],
        [-0.20579579,  0.03952249,  0.0797768 , ..., -0.01949962,
          0.        ,  0.12081099],
        [-0.32251347, -0.08148359, -0.04123346, ..., -0.14014481,
         -0.12081099,  0.        ]],

       [[ 0.        , -0.77417838, -0.95956372, ..., -0.14382249,
         -0.54429085, -0.84865276],
        [ 0.77417838,  0.        , -0.38944801, ...,  0.67509467,
          0.30493718, -0.12766766],
        [ 0.95956372,  0.38944801,  0.        , ...,  0.90910281,
          0.65176148,  0.26867305],
        ...,
        [ 0.14382249, -0.67509467, -0.90910281, ...,  0.        ,
         -0.41797994, -0.76375478],
        [ 0.54429085, -0.30493718, -0.65176148, ...,  0.41797994,
          0.        , -0.42402905],
        [ 0.84865276,  0.12766766, -0.26867305, ...,  0.76375478,
          0.42402905,  0.        ]],

       [[ 0.        ,  0.20440789,  0.44287814, ...,  0.30446759,
          0.43135929,  0.55446494],
        [-0.20440789,  0.        ,  0.25025873, ...,  0.10333584,
          0.23783872,  0.37264817],
        [-0.44287814, -0.25025873,  0.        , ..., -0.14887138,
         -0.01280701,  0.12855686],
        ...,
        [-0.30446759, -0.10333584,  0.14887138, ...,  0.        ,
          0.13619488,  0.27476036],
        [-0.43135929, -0.23783872,  0.01280701, ..., -0.13619488,
          0.        ,  0.14124706],
        [-0.55446494, -0.37264817, -0.12855686, ..., -0.27476036,
         -0.14124706,  0.        ]],

       ...,

       [[ 0.        ,  0.03599627,  0.59319345, ..., -0.89886876,
         -0.99989349, -0.9815348 ],
        [-0.03599627,  0.        ,  0.56382986, ..., -0.91406044,
         -0.99872011, -0.98778419],
        [-0.59319345, -0.56382986,  0.        , ..., -0.98359125,
         -0.79631653, -0.90366257],
        ...,
        [ 0.89886876,  0.91406044,  0.98359125, ...,  0.        ,
         -0.45129027, -0.25818725],
        [ 0.99989349,  0.99872011,  0.79631653, ...,  0.45129027,
          0.        ,  0.2055888 ],
        [ 0.9815348 ,  0.98778419,  0.90366257, ...,  0.25818725,
         -0.2055888 ,  0.        ]],

       [[ 0.        ,  0.87210133,  0.99958605, ...,  0.6231054 ,
          0.68415062,  0.72178884],
        [-0.87210133,  0.        ,  0.4640323 , ..., -0.37720224,
         -0.30128682, -0.25040342],
        [-0.99958605, -0.4640323 ,  0.        , ..., -0.76388729,
         -0.70935574, -0.67106089],
        ...,
        [-0.6231054 ,  0.37720224,  0.76388729, ...,  0.        ,
          0.08064395,  0.13327882],
        [-0.68415062,  0.30128682,  0.70935574, ..., -0.08064395,
          0.        ,  0.05292024],
        [-0.72178884,  0.25040342,  0.67106089, ..., -0.13327882,
         -0.05292024,  0.        ]],

       [[ 0.        , -0.28226744,  0.03542111, ...,  0.56249858,
          0.53546967,  0.28226744],
        [ 0.28226744,  0.        ,  0.31607104, ...,  0.30624677,
          0.27530498,  0.        ],
        [-0.03542111, -0.31607104,  0.        , ...,  0.5914317 ,
          0.5650487 ,  0.31607104],
        ...,
        [-0.56249858, -0.30624677, -0.5914317 , ...,  0.        ,
          0.0323353 ,  0.30624677],
        [-0.53546967, -0.27530498, -0.5650487 , ..., -0.0323353 ,
          0.        ,  0.27530498],
        [-0.28226744, -0.        , -0.31607104, ..., -0.30624677,
         -0.27530498,  0.        ]]]), 'num': array([9.99553151e-01, 2.57277473e-02, 1.08564705e-05, 5.35068903e-03,
       5.36858431e-03, 5.27314281e-03, 2.96912538e-03, 1.78952810e-05,
       5.26956376e-03, 5.24331734e-03, 5.21279595e-03, 3.16031453e-06,
       5.45451873e-03, 5.03211596e-03])}
{'img': array([[[ 0.        ,  0.04031795,  0.08148359, ..., -0.03952249,
          0.08148359,  0.14496288],
        [-0.04031795,  0.        ,  0.04123346, ..., -0.0797768 ,
          0.04123346,  0.10495294],
        [-0.08148359, -0.04123346,  0.        , ..., -0.12081099,
          0.        ,  0.06385795],
        ...,
        [ 0.03952249,  0.0797768 ,  0.12081099, ...,  0.        ,
          0.12081099,  0.18395464],
        [-0.08148359, -0.04123346,  0.        , ..., -0.12081099,
          0.        ,  0.06385795],
        [-0.14496288, -0.10495294, -0.06385795, ..., -0.18395464,
         -0.06385795,  0.        ]],

       [[ 0.        , -0.38944801, -0.31471475, ...,  0.30493718,
         -0.12766766, -0.31187038],
        [ 0.38944801,  0.        ,  0.07979118, ...,  0.65176148,
          0.26867305,  0.08277643],
        [ 0.31471475, -0.07979118,  0.        , ...,  0.58916786,
          0.19095904,  0.00299516],
        ...,
        [-0.30493718, -0.65176148, -0.58916786, ...,  0.        ,
         -0.42402905, -0.5867451 ],
        [ 0.12766766, -0.26867305, -0.19095904, ...,  0.42402905,
          0.        , -0.18801815],
        [ 0.31187038, -0.08277643, -0.00299516, ...,  0.5867451 ,
          0.18801815,  0.        ]],

       [[ 0.        ,  0.25025873,  0.41269575, ...,  0.23783872,
          0.37264817,  0.51107967],
        [-0.25025873,  0.        ,  0.17161046, ..., -0.01280701,
          0.12855686,  0.27971087],
        [-0.41269575, -0.17161046,  0.        , ..., -0.1842134 ,
         -0.04353676,  0.11080083],
        ...,
        [-0.23783872,  0.01280701,  0.1842134 , ...,  0.        ,
          0.14124706,  0.29198375],
        [-0.37264817, -0.12855686,  0.04353676, ..., -0.14124706,
          0.        ,  0.15396445],
        [-0.51107967, -0.27971087, -0.11080083, ..., -0.29198375,
         -0.15396445,  0.        ]],

       ...,

       [[ 0.        ,  0.56382986,  0.3209006 , ..., -0.99872011,
         -0.98778419, -0.907543  ],
        [-0.56382986,  0.        , -0.26898161, ..., -0.79631653,
         -0.90366257, -0.98631708],
        [-0.3209006 ,  0.26898161,  0.        , ..., -0.92967017,
         -0.98554845, -0.99431081],
        ...,
        [ 0.99872011,  0.79631653,  0.92967017, ...,  0.        ,
          0.2055888 ,  0.46532338],
        [ 0.98778419,  0.90366257,  0.98554845, ..., -0.2055888 ,
          0.        ,  0.27340833],
        [ 0.907543  ,  0.98631708,  0.99431081, ..., -0.46532338,
         -0.27340833,  0.        ]],

       [[ 0.        ,  0.52358355,  0.85346286, ..., -0.40111626,
         -0.32587821, -0.19542369],
        [-0.52358355,  0.        ,  0.45426096, ..., -0.82135751,
         -0.77264191, -0.67998426],
        [-0.85346286, -0.45426096,  0.        , ..., -0.99083837,
         -0.97670645, -0.93885294],
        ...,
        [ 0.40111626,  0.82135751,  0.99083837, ...,  0.        ,
          0.08070675,  0.2143689 ],
        [ 0.32587821,  0.77264191,  0.97670645, ..., -0.08070675,
          0.        ,  0.13483906],
        [ 0.19542369,  0.67998426,  0.93885294, ..., -0.2143689 ,
         -0.13483906,  0.        ]],

       [[ 0.        ,  0.31474264,  0.42896701, ...,  0.32861355,
          0.18480766,  0.        ],
        [-0.31474264,  0.        ,  0.12285227, ...,  0.60917568,
          0.4847363 ,  0.31474264],
        [-0.42896701, -0.12285227,  0.        , ...,  0.70198734,
          0.58851841,  0.42896701],
        ...,
        [-0.32861355, -0.60917568, -0.70198734, ...,  0.        ,
          0.14840882,  0.32861355],
        [-0.18480766, -0.4847363 , -0.58851841, ..., -0.14840882,
          0.        ,  0.18480766],
        [-0.        , -0.31474264, -0.42896701, ..., -0.32861355,
         -0.18480766,  0.        ]]]), 'num': array([ 9.99837399e-01,  9.68688097e-03,  1.10507870e-05,  5.35216496e-03,
        5.40592555e-03,  5.26256398e-03,  2.67291658e-03, -5.97339839e-06,
        5.33066073e-03,  5.25569458e-03,  5.22065064e-03,  3.56620800e-06,
        5.47177230e-03,  5.03961685e-03])}
{'img': array([[[ 0.00000000e+00,  4.12334595e-02,  1.71185235e-01, ...,
          4.12334595e-02,  1.04952943e-01,  8.34504473e-02],
        [-4.12334595e-02,  0.00000000e+00,  1.30414842e-01, ...,
          0.00000000e+00,  6.38579498e-02,  4.22898417e-02],
        [-1.71185235e-01, -1.30414842e-01,  0.00000000e+00, ...,
         -1.30414842e-01, -6.68360936e-02, -8.83695053e-02],
        ...,
        [-4.12334595e-02,  0.00000000e+00,  1.30414842e-01, ...,
          0.00000000e+00,  6.38579498e-02,  4.22898417e-02],
        [-1.04952943e-01, -6.38579498e-02,  6.68360936e-02, ...,
         -6.38579498e-02,  0.00000000e+00, -2.15972934e-02],
        [-8.34504473e-02, -4.22898417e-02,  8.83695053e-02, ...,
         -4.22898417e-02,  2.15972934e-02,  0.00000000e+00]],

       [[ 0.00000000e+00,  7.97911806e-02,  7.91006152e-02, ...,
          2.68673054e-01,  8.27764283e-02, -3.02900946e-02],
        [-7.97911806e-02,  0.00000000e+00, -6.92755053e-04, ...,
          1.90959044e-01,  2.99515533e-03, -1.09948086e-01],
        [-7.91006152e-02,  6.92755053e-04,  0.00000000e+00, ...,
          1.91639005e-01,  3.68790656e-03, -1.09259505e-01],
        ...,
        [-2.68673054e-01, -1.90959044e-01, -1.91639005e-01, ...,
          0.00000000e+00, -1.88018149e-01, -2.97726145e-01],
        [-8.27764283e-02, -2.99515533e-03, -3.68790656e-03, ...,
          1.88018149e-01,  0.00000000e+00, -1.12924590e-01],
        [ 3.02900946e-02,  1.09948086e-01,  1.09259505e-01, ...,
          2.97726145e-01,  1.12924590e-01,  0.00000000e+00]],

       [[ 0.00000000e+00,  1.71610459e-01,  4.36675241e-01, ...,
          1.28556858e-01,  2.79710874e-01,  4.76191860e-01],
        [-1.71610459e-01,  0.00000000e+00,  2.75813048e-01, ...,
         -4.35367572e-02,  1.10800827e-01,  3.18223317e-01],
        [-4.36675241e-01, -2.75813048e-01,  0.00000000e+00, ...,
         -3.17399552e-01, -1.67611758e-01,  4.44047263e-02],
        ...,
        [-1.28556858e-01,  4.35367572e-02,  3.17399552e-01, ...,
          0.00000000e+00,  1.53964454e-01,  3.59195119e-01],
        [-2.79710874e-01, -1.10800827e-01,  1.67611758e-01, ...,
         -1.53964454e-01,  0.00000000e+00,  2.11222966e-01],
        [-4.76191860e-01, -3.18223317e-01, -4.44047263e-02, ...,
         -3.59195119e-01, -2.11222966e-01,  0.00000000e+00]],

       ...,

       [[ 0.00000000e+00, -2.68981614e-01, -5.40933446e-01, ...,
         -9.03662568e-01, -9.86317084e-01, -9.96562238e-01],
        [ 2.68981614e-01,  0.00000000e+00, -2.94766384e-01, ...,
         -9.85548455e-01, -9.94310813e-01, -9.37549796e-01],
        [ 5.40933446e-01,  2.94766384e-01,  0.00000000e+00, ...,
         -9.91691478e-01, -9.18735117e-01, -7.93359040e-01],
        ...,
        [ 9.03662568e-01,  9.85548455e-01,  9.91691478e-01, ...,
          0.00000000e+00,  2.73408332e-01,  5.01639182e-01],
        [ 9.86317084e-01,  9.94310813e-01,  9.18735117e-01, ...,
         -2.73408332e-01,  0.00000000e+00,  2.46006511e-01],
        [ 9.96562238e-01,  9.37549796e-01,  7.93359040e-01, ...,
         -5.01639182e-01, -2.46006511e-01,  0.00000000e+00]],

       [[ 0.00000000e+00,  4.54260961e-01,  7.87535749e-01, ...,
         -7.72641915e-01, -6.79984259e-01, -6.06696760e-01],
        [-4.54260961e-01,  0.00000000e+00,  4.21643987e-01, ...,
         -9.76706447e-01, -9.38852939e-01, -9.01594323e-01],
        [-7.87535749e-01, -4.21643987e-01,  0.00000000e+00, ...,
         -9.76116074e-01, -9.96495445e-01, -9.99926824e-01],
        ...,
        [ 7.72641915e-01,  9.76706447e-01,  9.76116074e-01, ...,
          0.00000000e+00,  1.34839065e-01,  2.29042196e-01],
        [ 6.79984259e-01,  9.38852939e-01,  9.96495445e-01, ...,
         -1.34839065e-01,  0.00000000e+00,  9.56959004e-02],
        [ 6.06696760e-01,  9.01594323e-01,  9.99926824e-01, ...,
         -2.29042196e-01, -9.56959004e-02,  0.00000000e+00]],

       [[ 0.00000000e+00,  3.03068597e-01,  5.29605339e-01, ...,
          1.91831944e-01,  4.25530667e-02,  0.00000000e+00],
        [-3.03068597e-01,  0.00000000e+00,  2.47621161e-01, ...,
          4.80249790e-01,  3.43345823e-01,  3.03068597e-01],
        [-5.29605339e-01, -2.47621161e-01,  0.00000000e+00, ...,
          6.82489727e-01,  5.65221018e-01,  5.29605339e-01],
        ...,
        [-1.91831944e-01, -4.80249790e-01, -6.82489727e-01, ...,
          0.00000000e+00,  1.49895422e-01,  1.91831944e-01],
        [-4.25530667e-02, -3.43345823e-01, -5.65221018e-01, ...,
         -1.49895422e-01,  0.00000000e+00,  4.25530667e-02],
        [-0.00000000e+00, -3.03068597e-01, -5.29605339e-01, ...,
         -1.91831944e-01, -4.25530667e-02,  0.00000000e+00]]]), 'num': array([ 9.99832431e-01,  9.82804574e-03,  1.12118277e-05,  5.35137505e-03,
        5.43016087e-03,  5.35137505e-03,  3.03022370e-03, -7.87858162e-05,
        5.40349490e-03,  5.33016349e-03,  5.29582095e-03,  2.83782854e-06,
        5.54778334e-03,  5.11254363e-03])}
{'img': array([[[ 0.00000000e+00,  1.30414842e-01,  6.38579498e-02, ...,
          6.38579498e-02,  4.22898417e-02, -2.15404875e-01],
        [-1.30414842e-01,  0.00000000e+00, -6.68360936e-02, ...,
         -6.68360936e-02, -8.83695053e-02, -3.40918544e-01],
        [-6.38579498e-02,  6.68360936e-02,  0.00000000e+00, ...,
          0.00000000e+00, -2.15972934e-02, -2.77324106e-01],
        ...,
        [-6.38579498e-02,  6.68360936e-02,  0.00000000e+00, ...,
          0.00000000e+00, -2.15972934e-02, -2.77324106e-01],
        [-4.22898417e-02,  8.83695053e-02,  2.15972934e-02, ...,
          2.15972934e-02,  0.00000000e+00, -2.56509251e-01],
        [ 2.15404875e-01,  3.40918544e-01,  2.77324106e-01, ...,
          2.77324106e-01,  2.56509251e-01,  0.00000000e+00]],

       [[ 0.00000000e+00, -6.92755053e-04, -1.13892887e-01, ...,
          2.99515533e-03, -1.09948086e-01,  7.68572343e-03],
        [ 6.92755053e-04,  0.00000000e+00, -1.13204612e-01, ...,
          3.68790656e-03, -1.09259505e-01,  8.37845618e-03],
        [ 1.13892887e-01,  1.13204612e-01,  0.00000000e+00, ...,
          1.16868042e-01,  3.96973389e-03,  1.21525235e-01],
        ...,
        [-2.99515533e-03, -3.68790656e-03, -1.16868042e-01, ...,
          0.00000000e+00, -1.12924590e-01,  4.69062209e-03],
        [ 1.09948086e-01,  1.09259505e-01, -3.96973389e-03, ...,
          1.12924590e-01,  0.00000000e+00,  1.17583966e-01],
        [-7.68572343e-03, -8.37845618e-03, -1.21525235e-01, ...,
         -4.69062209e-03, -1.17583966e-01,  0.00000000e+00]],

       [[ 0.00000000e+00,  2.75813048e-01,  3.70786200e-01, ...,
          1.10800827e-01,  3.18223317e-01,  2.99311110e-01],
        [-2.75813048e-01,  0.00000000e+00,  1.00251274e-01, ...,
         -1.67611758e-01,  4.44047263e-02,  2.45326649e-02],
        [-3.70786200e-01, -1.00251274e-01,  0.00000000e+00, ...,
         -2.65600382e-01, -5.59713661e-02, -7.58120278e-02],
        ...,
        [-1.10800827e-01,  1.67611758e-01,  2.65600382e-01, ...,
          0.00000000e+00,  2.11222966e-01,  1.91746915e-01],
        [-3.18223317e-01, -4.44047263e-02,  5.59713661e-02, ...,
         -2.11222966e-01,  0.00000000e+00, -1.98828953e-02],
        [-2.99311110e-01, -2.45326649e-02,  7.58120278e-02, ...,
         -1.91746915e-01,  1.98828953e-02,  0.00000000e+00]],

       ...,

       [[ 0.00000000e+00, -4.82985686e-01, -7.35461156e-01, ...,
         -9.88809901e-01, -9.94663106e-01, -9.24878014e-01],
        [ 4.82985686e-01,  0.00000000e+00, -3.16735455e-01, ...,
         -9.37882183e-01, -8.21122536e-01, -9.93511351e-01],
        [ 7.35461156e-01,  3.16735455e-01,  0.00000000e+00, ...,
         -7.79701701e-01, -5.98068776e-01, -9.06336070e-01],
        ...,
        [ 9.88809901e-01,  9.37882183e-01,  7.79701701e-01, ...,
          0.00000000e+00,  2.50406411e-01, -2.38034485e-01],
        [ 9.94663106e-01,  8.21122536e-01,  5.98068776e-01, ...,
         -2.50406411e-01,  0.00000000e+00, -4.73659805e-01],
        [ 9.24878014e-01,  9.93511351e-01,  9.06336070e-01, ...,
          2.38034485e-01,  4.73659805e-01,  0.00000000e+00]],

       [[ 0.00000000e+00,  4.21643987e-01,  5.67584373e-01, ...,
         -9.38852939e-01, -9.01594323e-01, -9.16304772e-01],
        [-4.21643987e-01,  0.00000000e+00,  1.67517717e-01, ...,
         -9.96495445e-01, -9.99926824e-01, -9.99730541e-01],
        [-5.67584373e-01, -1.67517717e-01,  0.00000000e+00, ...,
         -9.68401672e-01, -9.87823448e-01, -9.81714816e-01],
        ...,
        [ 9.38852939e-01,  9.96495445e-01,  9.68401672e-01, ...,
          0.00000000e+00,  9.56959004e-02,  6.04927976e-02],
        [ 9.01594323e-01,  9.99926824e-01,  9.87823448e-01, ...,
         -9.56959004e-02,  0.00000000e+00, -3.53054732e-02],
        [ 9.16304772e-01,  9.99730541e-01,  9.81714816e-01, ...,
         -6.04927976e-02,  3.53054732e-02,  0.00000000e+00]],

       [[ 0.00000000e+00,  4.50545504e-01,  7.23786052e-01, ...,
          4.30621635e-02,  0.00000000e+00,  4.35789469e-02],
        [-4.50545504e-01,  0.00000000e+00,  3.35275089e-01, ...,
          4.88571472e-01,  4.50545504e-01,  4.89022736e-01],
        [-7.23786052e-01, -3.35275089e-01,  0.00000000e+00, ...,
          7.52828610e-01,  7.23786052e-01,  7.53168984e-01],
        ...,
        [-4.30621635e-02, -4.88571472e-01, -7.52828610e-01, ...,
          0.00000000e+00,  4.30621635e-02, -5.17268897e-04],
        [-0.00000000e+00, -4.50545504e-01, -7.23786052e-01, ...,
         -4.30621635e-02,  0.00000000e+00, -4.35789469e-02],
        [-4.35789469e-02, -4.89022736e-01, -7.53168984e-01, ...,
          5.17268897e-04,  4.35789469e-02,  0.00000000e+00]]]), 'num': array([9.99401368e-01, 8.68441064e-03, 9.90716957e-06, 5.35522680e-03,
       5.35522680e-03, 4.76079662e-03, 3.04533005e-02, 6.26561535e-04,
       4.89467729e-03, 4.74312437e-03, 4.68903658e-03, 4.24558521e-06,
       5.08339162e-03, 4.40285712e-03])}
{'img': array([[[ 0.        , -0.03147191,  0.10456986, ..., -0.04197296,
         -0.17897005,  0.99888922],
        [ 0.03147191,  0.        ,  0.13581743, ..., -0.01050799,
         -0.14791761,  0.99691143],
        [-0.10456986, -0.13581743,  0.        , ..., -0.14622056,
         -0.28087038,  0.99834023],
        ...,
        [ 0.04197296,  0.01050799,  0.14622056, ...,  0.        ,
         -0.13751704,  0.99603116],
        [ 0.17897005,  0.14791761,  0.28087038, ...,  0.13751704,
          0.        ,  0.97432853],
        [-0.99888922, -0.99691143, -0.99834023, ..., -0.99603116,
         -0.97432853,  0.        ]],

       [[ 0.        , -0.05801467,  0.05910511, ..., -0.05597392,
          0.00425466,  0.34969387],
        [ 0.05801467,  0.        ,  0.11691881, ...,  0.00204407,
          0.06226164,  0.29475303],
        [-0.05910511, -0.11691881,  0.        , ..., -0.11488851,
         -0.05485735,  0.40445597],
        ...,
        [ 0.05597392, -0.00204407,  0.11488851, ...,  0.        ,
          0.0602214 ,  0.29670568],
        [-0.00425466, -0.06226164,  0.05485735, ..., -0.0602214 ,
          0.        ,  0.35367674],
        [-0.34969387, -0.29475303, -0.40445597, ..., -0.29670568,
         -0.35367674,  0.        ]],

       [[ 0.        ,  0.10025127,  0.20689745, ...,  0.04440473,
          0.02453266,  0.77112112],
        [-0.10025127,  0.        ,  0.10777303, ..., -0.05597137,
         -0.07581203,  0.7034075 ],
        [-0.20689745, -0.10777303,  0.        , ..., -0.16324945,
         -0.18283334,  0.62270687],
        ...,
        [-0.04440473,  0.05597137,  0.16324945, ...,  0.        ,
         -0.0198829 ,  0.74208853],
        [-0.02453266,  0.07581203,  0.18283334, ...,  0.0198829 ,
          0.        ,  0.75526937],
        [-0.77112112, -0.7034075 , -0.62270687, ..., -0.74208853,
         -0.75526937,  0.        ]],

       ...,

       [[ 0.        , -0.61464313, -0.74528424, ..., -0.98433164,
         -0.94072524, -0.2795643 ],
        [ 0.61464313,  0.        , -0.17807278, ..., -0.66806784,
         -0.95051734,  0.36961364],
        [ 0.74528424,  0.17807278,  0.        , ..., -0.5248863 ,
         -0.88000339,  0.52916888],
        ...,
        [ 0.98433164,  0.66806784,  0.5248863 , ...,  0.        ,
         -0.49973066,  0.89578862],
        [ 0.94072524,  0.95051734,  0.88000339, ...,  0.49973066,
          0.        ,  0.99803539],
        [ 0.2795643 , -0.36961364, -0.52916888, ..., -0.89578862,
         -0.99803539,  0.        ]],

       [[ 0.        ,  0.16751772,  0.60172783, ..., -0.99992682,
         -0.99973054, -0.08759472],
        [-0.16751772,  0.        ,  0.45942825, ..., -0.98782345,
         -0.98171482, -0.25323074],
        [-0.60172783, -0.45942825,  0.        , ..., -0.80592209,
         -0.78451805, -0.66937691],
        ...,
        [ 0.99992682,  0.98782345,  0.80592209, ...,  0.        ,
         -0.03530547,  0.99502363],
        [ 0.99973054,  0.98171482,  0.78451805, ...,  0.03530547,
          0.        ,  0.99792111],
        [ 0.08759472,  0.25323074,  0.66937691, ..., -0.99502363,
         -0.99792111,  0.        ]],

       [[ 0.        ,  0.61850097,  0.79968757, ...,  0.        ,
          0.04479596,  0.66644964],
        [-0.61850097,  0.        ,  0.25702363, ...,  0.61850097,
          0.65308005,  0.98480892],
        [-0.79968757, -0.25702363,  0.        , ...,  0.79968757,
          0.82578104,  0.99635437],
        ...,
        [-0.        , -0.61850097, -0.79968757, ...,  0.        ,
         -0.04479596, -0.66644964],
        [-0.04479596, -0.65308005, -0.82578104, ...,  0.04479596,
          0.        , -0.63238299],
        [-0.66644964, -0.98480892, -0.99635437, ...,  0.66644964,
          0.63238299,  0.        ]]]), 'num': array([9.99809679e-01, 8.58582411e-03, 9.79470213e-06, 5.35796679e-03,
       5.38973339e-03, 5.24148925e-03, 1.04105506e-02, 6.35332030e-05,
       4.96406093e-03, 4.71389894e-03, 4.64568899e-03, 4.29031687e-06,
       5.15430258e-03, 4.27349530e-03])}
{'img': array([[[ 0.        ,  0.12812097,  0.04953791, ..., -0.1404986 ,
          0.93667404,  0.99111538],
        [-0.12812097,  0.        , -0.07883402, ..., -0.26619081,
          0.88408621,  0.99998787],
        [-0.04953791,  0.07883402,  0.        , ..., -0.18937265,
          0.91817574,  0.99648731],
        ...,
        [ 0.1404986 ,  0.26619081,  0.18937265, ...,  0.        ,
          0.97658601,  0.96259737],
        [-0.93667404, -0.88408621, -0.91817574, ..., -0.97658601,
          0.        ,  0.47167327],
        [-0.99111538, -0.99998787, -0.99648731, ..., -0.96259737,
         -0.47167327,  0.        ]],

       [[ 0.        ,  0.11691881,  0.28143497, ...,  0.06226164,
          0.29475303,  0.76619632],
        [-0.11691881,  0.        ,  0.16731176, ..., -0.05485735,
          0.40445597,  0.68580855],
        [-0.28143497, -0.16731176,  0.        , ..., -0.22114391,
          0.551771  ,  0.55437494],
        ...,
        [-0.06226164,  0.05485735,  0.22114391, ...,  0.        ,
          0.35367674,  0.72470005],
        [-0.29475303, -0.40445597, -0.551771  , ..., -0.35367674,
          0.        , -0.92156711],
        [-0.76619632, -0.68580855, -0.55437494, ..., -0.72470005,
          0.92156711,  0.        ]],

       [[ 0.        ,  0.07180486,  0.10825248, ..., -0.05294565,
          0.36344732,  0.96494949],
        [-0.07180486,  0.        ,  0.03659015, ..., -0.12451313,
          0.29561469,  0.94361451],
        [-0.10825248, -0.03659015,  0.        , ..., -0.16073516,
          0.26046189,  0.93086959],
        ...,
        [ 0.05294565,  0.12451313,  0.16073516, ...,  0.        ,
          0.4122625 ,  0.97749087],
        [-0.36344732, -0.29561469, -0.26046189, ..., -0.4122625 ,
          0.        ,  0.80357963],
        [-0.96494949, -0.94361451, -0.93086959, ..., -0.97749087,
         -0.80357963,  0.        ]],

       ...,

       [[ 0.        , -0.16878756,  0.0717952 , ..., -0.94012808,
          0.32414848,  0.64754723],
        [ 0.16878756,  0.        ,  0.2391171 , ..., -0.86911314,
          0.47917183,  0.76687691],
        [-0.0717952 , -0.2391171 ,  0.        , ..., -0.96217132,
          0.25539328,  0.59116641],
        ...,
        [ 0.94012808,  0.86911314,  0.96217132, ...,  0.        ,
          0.99984373,  0.93709932],
        [-0.32414848, -0.47917183, -0.25539328, ..., -0.99984373,
          0.        ,  0.36557436],
        [-0.64754723, -0.76687691, -0.59116641, ..., -0.93709932,
         -0.36557436,  0.        ]],

       [[ 0.        ,  0.14884289,  0.15743063, ..., -0.9645072 ,
         -0.13890511,  0.92322834],
        [-0.14884289,  0.        ,  0.00869016, ..., -0.99306636,
         -0.2847578 ,  0.85575122],
        [-0.15743063, -0.00869016,  0.        , ..., -0.99405043,
         -0.29307742,  0.85122273],
        ...,
        [ 0.9645072 ,  0.99306636,  0.99405043, ...,  0.        ,
          0.91847817,  0.6143981 ],
        [ 0.13890511,  0.2847578 ,  0.29307742, ..., -0.91847817,
          0.        ,  0.96765282],
        [-0.92322834, -0.85575122, -0.85122273, ..., -0.6143981 ,
         -0.96765282,  0.        ]],

       [[ 0.        ,  0.61000664,  0.83653621, ...,  0.04740524,
          0.69909664,  0.85631882],
        [-0.61000664,  0.        ,  0.32863846, ...,  0.64688457,
          0.99013293,  0.9935803 ],
        [-0.83653621, -0.32863846,  0.        , ...,  0.86156961,
          0.98118933,  0.90121413],
        ...,
        [-0.04740524, -0.64688457, -0.86156961, ...,  0.        ,
         -0.66441464, -0.83087378],
        [-0.69909664, -0.99013293, -0.98118933, ...,  0.66441464,
          0.        , -0.25124449],
        [-0.85631882, -0.9935803 , -0.90121413, ...,  0.83087378,
          0.25124449,  0.        ]]]), 'num': array([ 9.99818839e-01,  8.88173861e-03,  1.01322812e-05,  5.35641676e-03,
        5.49333948e-03,  5.32903221e-03,  8.55849146e-03, -1.86214898e-04,
        5.22387557e-03,  4.89553489e-03,  4.81319869e-03,  4.00645465e-06,
        5.39584113e-03,  4.39522864e-03])}
{'img': array([[[ 0.        , -0.07883402, -0.52290096, ...,  0.88408621,
          0.99998787,  0.66869548],
        [ 0.07883402,  0.        , -0.45407596, ...,  0.91817574,
          0.99648731,  0.7252303 ],
        [ 0.52290096,  0.45407596,  0.        , ...,  0.99795338,
          0.84980724,  0.95878753],
        ...,
        [-0.88408621, -0.91817574, -0.99795338, ...,  0.        ,
          0.47167327, -0.34485292],
        [-0.99998787, -0.99648731, -0.84980724, ..., -0.47167327,
          0.        , -0.74682142],
        [-0.66869548, -0.7252303 , -0.95878753, ...,  0.34485292,
          0.74682142,  0.        ]],

       [[ 0.        ,  0.16731176,  0.4015247 , ...,  0.40445597,
          0.68580855,  0.55248749],
        [-0.16731176,  0.        ,  0.24263266, ...,  0.551771  ,
          0.55437494,  0.40524175],
        [-0.4015247 , -0.24263266,  0.        , ...,  0.73763769,
          0.33587407,  0.17131532],
        ...,
        [-0.40445597, -0.551771  , -0.73763769, ...,  0.        ,
         -0.92156711, -0.84240419],
        [-0.68580855, -0.55437494, -0.33587407, ...,  0.92156711,
          0.        , -0.16954551],
        [-0.55248749, -0.40524175, -0.17131532, ...,  0.84240419,
          0.16954551,  0.        ]],

       [[ 0.        ,  0.03063867, -0.08193214, ...,  0.24031396,
          0.63478664,  0.98567177],
        [-0.03063867,  0.        , -0.11242934, ...,  0.21046033,
          0.61081451,  0.98004106],
        [ 0.08193214,  0.11242934,  0.        , ...,  0.31903714,
          0.69596037,  0.99617774],
        ...,
        [-0.24031396, -0.21046033, -0.31903714, ...,  0.        ,
          0.43049677,  0.91625199],
        [-0.63478664, -0.61081451, -0.69596037, ..., -0.43049677,
          0.        ,  0.65454378],
        [-0.98567177, -0.98004106, -0.99617774, ..., -0.91625199,
         -0.65454378,  0.        ]],

       ...,

       [[ 0.        ,  0.2391171 , -0.59875287, ...,  0.47917183,
          0.76687691,  0.06342078],
        [-0.2391171 ,  0.        , -0.77290046, ...,  0.25539328,
          0.59116641, -0.17705473],
        [ 0.59875287,  0.77290046,  0.        , ...,  0.90932296,
          0.99849378,  0.64834335],
        ...,
        [-0.47917183, -0.25539328, -0.90932296, ...,  0.        ,
          0.36557436, -0.42254143],
        [-0.76687691, -0.59116641, -0.99849378, ..., -0.36557436,
          0.        , -0.72463   ],
        [-0.06342078,  0.17705473, -0.64834335, ...,  0.42254143,
          0.72463   ,  0.        ]],

       [[ 0.        ,  0.0065696 , -0.32102823, ..., -0.22679087,
          0.46065895,  0.95810049],
        [-0.0065696 ,  0.        , -0.32724317, ..., -0.23318439,
          0.45481798,  0.95619807],
        [ 0.32102823,  0.32724317,  0.        , ...,  0.09787661,
          0.72121344,  0.99934072],
        ...,
        [ 0.22679087,  0.23318439, -0.09787661, ...,  0.        ,
          0.64995019,  0.99809595],
        [-0.46065895, -0.45481798, -0.72121344, ..., -0.64995019,
          0.        ,  0.71844057],
