state_0,state_1,state_2,state_3,state_4,state_5,state_6,state_7,state_8,state_9,state_10,state_11,state_12,state_13,state_14,state_15,state_16,state_17,state_18,state_19,state_20,state_21,state_22,state_23,state_24,state_25,state_26,state_27,state_28,state_29,state_30,state_31,state_32,state_33,state_34,state_35,state_36,state_37,state_38,state_39,state_40,state_41,state_42,state_43,state_44,state_45,state_46,state_47,state_48,state_49,state_50,state_51,state_52,state_53,state_54,state_55,state_56,state_57,state_58,state_59,state_60,state_61,state_62,state_63,state_64,state_65,state_66,state_67,state_68,state_69,state_70,state_71,state_72,state_73,state_74,state_75,state_76,state_77,state_78,state_79,state_80,state_81,state_82,state_83,state_84,state_85,state_86,state_87,state_88,state_89,state_90,state_91,state_92,state_93,state_94,state_95,state_96,state_97,state_98,state_99,state_100,state_101,state_102,state_103,state_104,state_105,state_106,state_107,state_108,state_109,state_110,state_111,state_112,state_113,state_114,state_115,state_116,state_117,state_118,state_119,state_120,state_121,state_122,state_123,state_124,state_125,state_126,state_127,state_128,state_129,state_130,state_131,state_132,state_133,state_134,state_135,state_136,state_137,state_138,state_139,state_140,state_141,state_142,state_143,state_144,state_145,state_146,state_147,state_148,state_149,state_150,state_151,state_152,state_153,state_154,state_155,state_156,state_157,state_158,state_159,state_160,state_161,state_162,state_163,state_164,state_165,state_166,state_167,state_168,state_169,state_170,state_171,state_172,state_173,state_174,state_175,state_176,state_177,state_178,state_179,state_180,state_181,state_182,state_183,state_184,state_185,state_186,state_187,state_188,state_189,state_190,state_191,state_192,state_193,state_194,state_195,state_196,state_197,state_198,state_199,state_200,state_201,state_202,state_203,state_204,state_205,state_206,state_207,state_208,state_209,state_210,state_211,state_212,state_213,state_214,state_215,state_216,state_217,state_218,state_219,state_220,state_221,state_222,state_223,state_224,state_225,state_226,state_227,state_228,state_229,state_230,state_231,state_232,state_233,state_234,state_235,state_236,state_237,state_238,state_239,state_240,state_241,state_242,state_243,state_244,state_245,state_246,state_247,state_248,state_249,state_250,state_251,state_252,state_253,state_254,state_255,state_256,state_257,state_258,state_259,state_260,state_261,state_262,state_263,state_264,state_265,state_266,state_267,state_268,state_269,state_270,state_271,state_272,state_273,state_274,state_275,state_276,state_277,state_278,state_279,state_280,state_281,state_282,state_283,state_284,state_285,state_286,state_287
{'img': array([[[ 0.        ,  0.37232757,  0.37232757, ...,  0.71049356,
          0.73712978,  0.64356144],
        [-0.37232757,  0.        ,  0.        , ...,  0.39740177,
          0.43253037,  0.31231281],
        [-0.37232757,  0.        ,  0.        , ...,  0.39740177,
          0.43253037,  0.31231281],
        ...,
        [-0.71049356, -0.39740177, -0.39740177, ...,  0.        ,
          0.03860408, -0.09093127],
        [-0.73712978, -0.43253037, -0.43253037, ..., -0.03860408,
          0.        , -0.12930764],
        [-0.64356144, -0.31231281, -0.31231281, ...,  0.09093127,
          0.12930764,  0.        ]],

       [[ 0.        ,  0.28351977, -0.18870187, ...,  0.55936863,
         -0.22953746, -0.2606853 ],
        [-0.28351977,  0.        , -0.45938493, ...,  0.30140079,
         -0.49606845, -0.52370518],
        [ 0.18870187,  0.45938493,  0.        , ...,  0.70573782,
         -0.04175018, -0.07382465],
        ...,
        [-0.55936863, -0.30140079, -0.70573782, ...,  0.        ,
         -0.73470136, -0.75611481],
        [ 0.22953746,  0.49606845,  0.04175018, ...,  0.73470136,
          0.        , -0.03212402],
        [ 0.2606853 ,  0.52370518,  0.07382465, ...,  0.75611481,
          0.03212402,  0.        ]],

       [[ 0.        ,  0.13112469,  0.29997609, ...,  0.94939524,
          0.99118106,  0.9833618 ],
        [-0.13112469,  0.        ,  0.1723001 , ...,  0.9000139 ,
          0.96524716,  0.99869117],
        [-0.29997609, -0.1723001 ,  0.        , ...,  0.81145482,
          0.90578273,  0.99256777],
        ...,
        [-0.94939524, -0.9000139 , -0.81145482, ...,  0.        ,
          0.18550531,  0.48132318],
        [-0.99118106, -0.96524716, -0.90578273, ..., -0.18550531,
          0.        ,  0.31036556],
        [-0.9833618 , -0.99869117, -0.99256777, ..., -0.48132318,
         -0.31036556,  0.        ]],

       ...,

       [[ 0.        ,  0.17655174,  0.12217315, ...,  0.90843223,
          0.94241266,  0.98149655],
        [-0.17655174,  0.        , -0.05497518, ...,  0.82035768,
          0.86856048,  0.93227248],
        [-0.12217315,  0.05497518,  0.        , ...,  0.85055467,
          0.89449175,  0.95075027],
        ...,
        [-0.90843223, -0.82035768, -0.85055467, ...,  0.        ,
          0.09013149,  0.23635069],
        [-0.94241266, -0.86856048, -0.89449175, ..., -0.09013149,
          0.        ,  0.14781085],
        [-0.98149655, -0.93227248, -0.95075027, ..., -0.23635069,
         -0.14781085,  0.        ]],

       [[ 0.        ,  0.04790076,  0.04790076, ..., -0.98238819,
         -0.96162396, -0.94406398],
        [-0.04790076,  0.        ,  0.        , ..., -0.99021083,
         -0.97366268, -0.95877615],
        [-0.04790076,  0.        ,  0.        , ..., -0.99021083,
         -0.97366268, -0.95877615],
        ...,
        [ 0.98238819,  0.99021083,  0.99021083, ...,  0.        ,
          0.08985793,  0.14755499],
        [ 0.96162396,  0.97366268,  0.97366268, ..., -0.08985793,
          0.        ,  0.05808374],
        [ 0.94406398,  0.95877615,  0.95877615, ..., -0.14755499,
         -0.05808374,  0.        ]],

       [[ 0.        ,  0.08765838,  0.08765838, ...,  0.12263891,
          0.13363955,  0.2299433 ],
        [-0.08765838,  0.        ,  0.        , ...,  0.03517015,
          0.04625304,  0.14374867],
        [-0.08765838,  0.        ,  0.        , ...,  0.03517015,
          0.04625304,  0.14374867],
        ...,
        [-0.12263891, -0.03517015, -0.03517015, ...,  0.        ,
          0.01109191,  0.10885486],
        [-0.13363955, -0.04625304, -0.04625304, ..., -0.01109191,
          0.        ,  0.09782216],
        [-0.2299433 , -0.14374867, -0.14374867, ..., -0.10885486,
         -0.09782216,  0.        ]]]), 'num': array([9.99996680e-01, 9.48328263e-04, 1.63243195e-05, 7.09047801e-04,
       7.11364951e-04, 6.96303478e-04, 1.39237524e-03, 0.00000000e+00,
       7.08816086e-04, 6.76144276e-04, 6.50018413e-04, 8.28381010e-07,
       7.50691702e-04, 6.01596849e-04])}
{'img': array([[[ 0.        ,  0.        , -0.1436472 , ...,  0.43253037,
          0.31231281,  0.31231281],
        [ 0.        ,  0.        , -0.1436472 , ...,  0.43253037,
          0.31231281,  0.31231281],
        [ 0.1436472 ,  0.1436472 ,  0.        , ...,  0.55755968,
          0.44553566,  0.44553566],
        ...,
        [-0.43253037, -0.43253037, -0.55755968, ...,  0.        ,
         -0.12930764, -0.12930764],
        [-0.31231281, -0.31231281, -0.44553566, ...,  0.12930764,
          0.        ,  0.        ],
        [-0.31231281, -0.31231281, -0.44553566, ...,  0.12930764,
          0.        ,  0.        ]],

       [[ 0.        , -0.45938493, -0.5119068 , ..., -0.49606845,
         -0.52370518, -0.51835449],
        [ 0.45938493,  0.        , -0.06006422, ..., -0.04175018,
         -0.07382465, -0.06757149],
        [ 0.5119068 ,  0.06006422,  0.        , ...,  0.01833705,
         -0.01379104, -0.00752255],
        ...,
        [ 0.49606845,  0.04175018, -0.01833705, ...,  0.        ,
         -0.03212402, -0.02585781],
        [ 0.52370518,  0.07382465,  0.01379104, ...,  0.03212402,
          0.        ,  0.00626882],
        [ 0.51835449,  0.06757149,  0.00752255, ...,  0.02585781,
         -0.00626882,  0.        ]],

       [[ 0.        ,  0.1723001 ,  0.32568009, ...,  0.96524716,
          0.99869117,  0.92221835],
        [-0.1723001 ,  0.        ,  0.15790308, ...,  0.90578273,
          0.99256777,  0.84180292],
        [-0.32568009, -0.15790308,  0.        , ...,  0.8275091 ,
          0.96089991,  0.74600846],
        ...,
        [-0.96524716, -0.90578273, -0.8275091 , ...,  0.        ,
          0.31036556, -0.13222032],
        [-0.99869117, -0.99256777, -0.96089991, ..., -0.31036556,
          0.        , -0.43333157],
        [-0.92221835, -0.84180292, -0.74600846, ...,  0.13222032,
          0.43333157,  0.        ]],

       ...,

       [[ 0.        , -0.05497518,  0.04722757, ...,  0.86856048,
          0.93227248,  0.93998988],
        [ 0.05497518,  0.        ,  0.10206998, ...,  0.89449175,
          0.95075027,  0.95732601],
        [-0.04722757, -0.10206998,  0.        , ...,  0.84418612,
          0.91414731,  0.92282684],
        ...,
        [-0.86856048, -0.89449175, -0.84418612, ...,  0.        ,
          0.14781085,  0.16948832],
        [-0.93227248, -0.95075027, -0.91414731, ..., -0.14781085,
          0.        ,  0.02195425],
        [-0.93998988, -0.95732601, -0.92282684, ..., -0.16948832,
         -0.02195425,  0.        ]],

       [[ 0.        ,  0.        , -0.66069952, ..., -0.97366268,
         -0.95877615, -0.94343692],
        [ 0.        ,  0.        , -0.66069952, ..., -0.97366268,
         -0.95877615, -0.94343692],
        [ 0.66069952,  0.66069952,  0.        , ..., -0.58024524,
         -0.5319598 , -0.48913509],
        ...,
        [ 0.97366268,  0.97366268,  0.58024524, ...,  0.        ,
          0.05808374,  0.1077225 ],
        [ 0.95877615,  0.95877615,  0.5319598 , ..., -0.05808374,
          0.        ,  0.04979489],
        [ 0.94343692,  0.94343692,  0.48913509, ..., -0.1077225 ,
         -0.04979489,  0.        ]],

       [[ 0.        ,  0.        ,  0.16378612, ...,  0.04625304,
          0.14374867,  0.260608  ],
        [ 0.        ,  0.        ,  0.16378612, ...,  0.04625304,
          0.14374867,  0.260608  ],
        [-0.16378612, -0.16378612,  0.        , ..., -0.1179824 ,
         -0.0202776 ,  0.09896227],
        ...,
        [-0.04625304, -0.04625304,  0.1179824 , ...,  0.        ,
          0.09782216,  0.21567434],
        [-0.14374867, -0.14374867,  0.0202776 , ..., -0.09782216,
          0.        ,  0.11911999],
        [-0.260608  , -0.260608  , -0.09896227, ..., -0.21567434,
         -0.11911999,  0.        ]]]), 'num': array([9.41582633e-01, 3.36582284e-01, 9.58796116e-06, 2.78802004e-03,
       2.80127529e-03, 2.71290698e-03, 8.80501797e-03, 8.39498904e-05,
       2.73146433e-03, 2.59515622e-03, 2.48182386e-03, 3.09289070e-06,
       2.88760424e-03, 2.30270819e-03])}
{'img': array([[[ 0.        , -0.1436472 ,  0.3290474 , ...,  0.31231281,
          0.31231281,  0.66358361],
        [ 0.1436472 ,  0.        ,  0.46128281, ...,  0.44553566,
          0.44553566,  0.76416433],
        [-0.3290474 , -0.46128281,  0.        , ..., -0.01766706,
         -0.01766706,  0.38046983],
        ...,
        [-0.31231281, -0.44553566,  0.01766706, ...,  0.        ,
          0.        ,  0.39674883],
        [-0.31231281, -0.44553566,  0.01766706, ...,  0.        ,
          0.        ,  0.39674883],
        [-0.66358361, -0.76416433, -0.38046983, ..., -0.39674883,
         -0.39674883,  0.        ]],

       [[ 0.        , -0.06006422,  0.93653618, ..., -0.07382465,
         -0.06757149,  0.40693454],
        [ 0.06006422,  0.        ,  0.95590205, ..., -0.01379104,
         -0.00752255,  0.46106593],
        [-0.93653618, -0.95590205,  0.        , ..., -0.95986137,
         -0.95808427, -0.71282641],
        ...,
        [ 0.07382465,  0.01379104,  0.95986137, ...,  0.        ,
          0.00626882,  0.47325978],
        [ 0.06757149,  0.00752255,  0.95808427, ..., -0.00626882,
          0.        ,  0.46772814],
        [-0.40693454, -0.46106593,  0.71282641, ..., -0.47325978,
         -0.46772814,  0.        ]],

       [[ 0.        ,  0.15653647,  0.38241695, ...,  0.9605916 ,
          0.82977922,  0.99349963],
        [-0.15653647,  0.        ,  0.23306447, ...,  0.90523816,
          0.73218813,  0.96343255],
        [-0.38241695, -0.23306447,  0.        , ...,  0.78127891,
          0.55328383,  0.87445101],
        ...,
        [-0.9605916 , -0.90523816, -0.78127891, ...,  0.        ,
         -0.30544985,  0.16680744],
        [-0.82977922, -0.73218813, -0.55328383, ...,  0.30544985,
          0.        ,  0.46000575],
        [-0.99349963, -0.96343255, -0.87445101, ..., -0.16680744,
         -0.46000575,  0.        ]],

       ...,

       [[ 0.        ,  0.10206998,  0.34298116, ...,  0.95075027,
          0.95732601,  0.92823541],
        [-0.10206998,  0.        ,  0.24531119, ...,  0.91414731,
          0.92282684,  0.88541809],
        [-0.34298116, -0.24531119,  0.        , ...,  0.7867702 ,
          0.80013175,  0.74434407],
        ...,
        [-0.95075027, -0.91414731, -0.7867702 , ...,  0.        ,
          0.02195425, -0.06595881],
        [-0.95732601, -0.92282684, -0.80013175, ..., -0.02195425,
          0.        , -0.08784936],
        [-0.92823541, -0.88541809, -0.74434407, ...,  0.06595881,
          0.08784936,  0.        ]],

       [[ 0.        , -0.66069952, -0.90893537, ..., -0.95877615,
         -0.94343692, -0.90673798],
        [ 0.66069952,  0.        , -0.40682268, ..., -0.5319598 ,
         -0.48913509, -0.40202996],
        [ 0.90893537,  0.40682268,  0.        , ..., -0.141464  ,
         -0.09199439,  0.00524039],
        ...,
        [ 0.95877615,  0.5319598 ,  0.141464  , ...,  0.        ,
          0.04979489,  0.14664975],
        [ 0.94343692,  0.48913509,  0.09199439, ..., -0.04979489,
          0.        ,  0.09721129],
        [ 0.90673798,  0.40202996, -0.00524039, ..., -0.14664975,
         -0.09721129,  0.        ]],

       [[ 0.        ,  0.16378612,  0.63132186, ...,  0.14374867,
          0.260608  ,  0.33313033],
        [-0.16378612,  0.        ,  0.49577685, ..., -0.0202776 ,
          0.09896227,  0.17420091],
        [-0.63132186, -0.49577685,  0.        , ..., -0.51328499,
         -0.40739939, -0.33691171],
        ...,
        [-0.14374867,  0.0202776 ,  0.51328499, ...,  0.        ,
          0.11911999,  0.19413265],
        [-0.260608  , -0.09896227,  0.40739939, ..., -0.11911999,
          0.        ,  0.07589664],
        [-0.33313033, -0.17420091,  0.33691171, ..., -0.19413265,
         -0.07589664,  0.        ]]]), 'num': array([9.85793474e-01, 1.67231322e-01, 1.25932639e-05, 2.93391452e-03,
       2.95196938e-03, 2.82558537e-03, 1.35485916e-02, 8.57605784e-05,
       2.82016891e-03, 2.67279613e-03, 2.53971678e-03, 3.08437168e-06,
       2.98718243e-03, 2.35840983e-03])}
{'img': array([[[ 0.        ,  0.41604528,  0.25226247, ...,  0.4022401 ,
          0.67120529,  0.99314568],
        [-0.41604528,  0.        , -0.17319656, ..., -0.01512911,
          0.30195391,  0.85448229],
        [-0.25226247,  0.17319656,  0.        , ...,  0.15827627,
          0.46250275,  0.93154098],
        ...,
        [-0.4022401 ,  0.01512911, -0.15827627, ...,  0.        ,
          0.31634228,  0.86224378],
        [-0.67120529, -0.30195391, -0.46250275, ..., -0.31634228,
          0.        ,  0.65773804],
        [-0.99314568, -0.85448229, -0.93154098, ..., -0.86224378,
         -0.65773804,  0.        ]],

       [[ 0.        ,  0.95590205,  0.66040974, ..., -0.00752255,
          0.46106593,  0.78028969],
        [-0.95590205,  0.        , -0.52383917, ..., -0.95808427,
         -0.71282641, -0.3686787 ],
        [-0.66040974,  0.52383917,  0.        , ..., -0.66603978,
         -0.23980816,  0.17289146],
        ...,
        [ 0.00752255,  0.95808427,  0.66603978, ...,  0.        ,
          0.46772814,  0.78497235],
        [-0.46106593,  0.71282641,  0.23980816, ..., -0.46772814,
          0.        ,  0.4040434 ],
        [-0.78028969,  0.3686787 , -0.17289146, ..., -0.78497235,
         -0.4040434 ,  0.        ]],

       [[ 0.        ,  0.21417791,  0.34343359, ...,  0.64598716,
          0.78266697,  0.98006533],
        [-0.21417791,  0.        ,  0.13431314, ...,  0.46750447,
          0.63119188,  0.91477068],
        [-0.34343359, -0.13431314,  0.        , ...,  0.34453681,
          0.52129575,  0.85222294],
        ...,
        [-0.64598716, -0.46750447, -0.34453681, ...,  0.        ,
          0.1953588 ,  0.61978936],
        [-0.78266697, -0.63119188, -0.52129575, ..., -0.1953588 ,
          0.        ,  0.45453579],
        [-0.98006533, -0.91477068, -0.85222294, ..., -0.61978936,
         -0.45453579,  0.        ]],

       ...,

       [[ 0.        ,  0.24531119,  0.31862366, ...,  0.92282684,
          0.88541809,  0.84185115],
        [-0.24531119,  0.        ,  0.07636203, ...,  0.80013175,
          0.74434407,  0.68373102],
        [-0.31862366, -0.07636203,  0.        , ...,  0.75199169,
          0.69117643,  0.62601066],
        ...,
        [-0.92282684, -0.80013175, -0.75199169, ...,  0.        ,
         -0.08784936, -0.17376496],
        [-0.88541809, -0.74434407, -0.69117643, ...,  0.08784936,
          0.        , -0.08658022],
        [-0.84185115, -0.68373102, -0.62601066, ...,  0.17376496,
          0.08658022,  0.        ]],

       [[ 0.        , -0.78558409, -0.86012881, ..., -0.85342947,
         -0.7812726 , -0.63037074],
        [ 0.78558409,  0.        , -0.13150063, ..., -0.11861068,
          0.00693746,  0.21979941],
        [ 0.86012881,  0.13150063,  0.        , ...,  0.01299167,
          0.13837468,  0.34617549],
        ...,
        [ 0.85342947,  0.11861068, -0.01299167, ...,  0.        ,
          0.12549632,  0.33395788],
        [ 0.7812726 , -0.00693746, -0.13837468, ..., -0.12549632,
          0.        ,  0.21302631],
        [ 0.63037074, -0.21979941, -0.34617549, ..., -0.33395788,
         -0.21302631,  0.        ]],

       [[ 0.        ,  0.49577685,  0.60016805, ...,  0.09896227,
          0.17420091,  0.22871667],
        [-0.49577685,  0.        ,  0.12465694, ..., -0.40739939,
         -0.33691171, -0.28400633],
        [-0.60016805, -0.12465694,  0.        , ..., -0.51806459,
         -0.45165279, -0.40131492],
        ...,
        [-0.09896227,  0.40739939,  0.51806459, ...,  0.        ,
          0.07589664,  0.13125485],
        [-0.17420091,  0.33691171,  0.45165279, ..., -0.07589664,
          0.        ,  0.05563624],
        [-0.22871667,  0.28400633,  0.40131492, ..., -0.13125485,
         -0.05563624,  0.        ]]]), 'num': array([9.97216842e-01, 7.31419712e-02, 1.40011344e-05, 2.97130184e-03,
       2.98480775e-03, 2.87676041e-03, 1.20953594e-02, 4.50197248e-05,
       2.84974858e-03, 2.69127915e-03, 2.53896241e-03, 3.10733970e-06,
       3.01706273e-03, 2.36549556e-03])}
{'img': array([[[ 0.        , -0.15604115, -0.31335904, ...,  0.25881607,
          0.58977964,  0.90433223],
        [ 0.15604115,  0.        , -0.16133847, ...,  0.40637002,
          0.70856842,  0.95985759],
        [ 0.31335904,  0.16133847,  0.        , ...,  0.54846256,
          0.81313277,  0.9925361 ],
        ...,
        [-0.25881607, -0.40637002, -0.54846256, ...,  0.        ,
          0.36067326,  0.7630483 ],
        [-0.58977964, -0.70856842, -0.81313277, ..., -0.36067326,
          0.        ,  0.47857114],
        [-0.90433223, -0.95985759, -0.9925361 , ..., -0.7630483 ,
         -0.47857114,  0.        ]],

       [[ 0.        , -0.52383917, -0.73553465, ..., -0.71282641,
         -0.3686787 , -0.47820152],
        [ 0.52383917,  0.        , -0.27164677, ..., -0.23980816,
          0.17289146,  0.05272155],
        [ 0.73553465,  0.27164677,  0.        , ...,  0.03292954,
          0.43394624,  0.32200804],
        ...,
        [ 0.71282641,  0.23980816, -0.03292954, ...,  0.        ,
          0.4040434 ,  0.29065779],
        [ 0.3686787 , -0.17289146, -0.43394624, ..., -0.4040434 ,
          0.        , -0.1207234 ],
        [ 0.47820152, -0.05272155, -0.32200804, ..., -0.29065779,
          0.1207234 ,  0.        ]],

       [[ 0.        ,  0.12000041,  0.10642017, ...,  0.53078052,
          0.67493676,  0.94918168],
        [-0.12000041,  0.        , -0.0136678 , ...,  0.42524356,
          0.5815142 ,  0.90455517],
        [-0.10642017,  0.0136678 ,  0.        , ...,  0.43757427,
          0.59257913,  0.91029803],
        ...,
        [-0.53078052, -0.42524356, -0.43757427, ...,  0.        ,
          0.18036521,  0.63738846],
        [-0.67493676, -0.5815142 , -0.59257913, ..., -0.18036521,
          0.        ,  0.48795602],
        [-0.94918168, -0.90455517, -0.91029803, ..., -0.63738846,
         -0.48795602,  0.        ]],

       ...,

       [[ 0.        ,  0.07636203,  0.05870809, ...,  0.74434407,
          0.68373102,  0.70862154],
        [-0.07636203,  0.        , -0.01769365, ...,  0.69117643,
          0.62601066,  0.65267228],
        [-0.05870809,  0.01769365,  0.        , ...,  0.70385518,
          0.63971042,  0.66597553],
        ...,
        [-0.74434407, -0.69117643, -0.70385518, ...,  0.        ,
         -0.08658022, -0.05198598],
        [-0.68373102, -0.62601066, -0.63971042, ...,  0.08658022,
          0.        ,  0.03467238],
        [-0.70862154, -0.65267228, -0.66597553, ...,  0.05198598,
         -0.03467238,  0.        ]],

       [[ 0.        , -0.14351885, -0.2217763 , ...,  0.00768121,
          0.25142798,  0.73575101],
        [ 0.14351885,  0.        , -0.0795355 , ...,  0.1511163 ,
          0.38773354,  0.82533265],
        [ 0.2217763 ,  0.0795355 ,  0.        , ...,  0.22925969,
          0.45981877,  0.86762749],
        ...,
        [-0.00768121, -0.1511163 , -0.22925969, ...,  0.        ,
          0.24398611,  0.73052719],
        [-0.25142798, -0.38773354, -0.45981877, ..., -0.24398611,
          0.        ,  0.54183561],
        [-0.73575101, -0.82533265, -0.86762749, ..., -0.73052719,
         -0.54183561,  0.        ]],

       [[ 0.        ,  0.12465694,  0.14102078, ..., -0.33691171,
         -0.28400633, -0.15571215],
        [-0.12465694,  0.        ,  0.0165096 , ..., -0.45165279,
         -0.40131492, -0.27763401],
        [-0.14102078, -0.0165096 ,  0.        , ..., -0.466321  ,
         -0.41638203, -0.29345673],
        ...,
        [ 0.33691171,  0.45165279,  0.466321  , ...,  0.        ,
          0.05563624,  0.18619358],
        [ 0.28400633,  0.40131492,  0.41638203, ..., -0.05563624,
          0.        ,  0.13124185],
        [ 0.15571215,  0.27763401,  0.29345673, ..., -0.18619358,
         -0.13124185,  0.        ]]]), 'num': array([ 9.98086263e-01,  5.95231437e-02,  1.45288409e-05,  2.97013645e-03,
        3.15864356e-03,  2.94255005e-03,  1.46521981e-02, -6.43682822e-05,
        2.94163050e-03,  2.77243387e-03,  2.59549772e-03,  2.93222860e-06,
        3.09657904e-03,  2.44828870e-03])}
{'img': array([[[ 0.        , -0.16133847, -0.30381552, ...,  0.70856842,
          0.95985759,  0.63922866],
        [ 0.16133847,  0.        , -0.14612314, ...,  0.81313277,
          0.9925361 ,  0.75492619],
        [ 0.30381552,  0.14612314,  0.        , ...,  0.88946004,
          0.99970251,  0.8426521 ],
        ...,
        [-0.70856842, -0.81313277, -0.88946004, ...,  0.        ,
          0.47857114, -0.0938343 ],
        [-0.95985759, -0.9925361 , -0.99970251, ..., -0.47857114,
          0.        , -0.55885069],
        [-0.63922866, -0.75492619, -0.8426521 , ...,  0.0938343 ,
          0.55885069,  0.        ]],

       [[ 0.        , -0.27164677, -0.5375818 , ...,  0.17289146,
          0.05272155,  0.24053556],
        [ 0.27164677,  0.        , -0.28831141, ...,  0.43394624,
          0.32200804,  0.49516202],
        [ 0.5375818 ,  0.28831141,  0.        , ...,  0.67527037,
          0.58128958,  0.72462095],
        ...,
        [-0.17289146, -0.43394624, -0.67527037, ...,  0.        ,
         -0.1207234 ,  0.06909789],
        [-0.05272155, -0.32200804, -0.58128958, ...,  0.1207234 ,
          0.        ,  0.18902738],
        [-0.24053556, -0.49516202, -0.72462095, ..., -0.06909789,
         -0.18902738,  0.        ]],

       [[ 0.        , -0.01257256, -0.06227592, ...,  0.50584807,
          0.68644472,  0.93489146],
        [ 0.01257256,  0.        , -0.04972284, ...,  0.51665346,
          0.69553301,  0.93928   ],
        [ 0.06227592,  0.04972284,  0.        , ...,  0.55858682,
          0.73039824,  0.95518064],
        ...,
        [-0.50584807, -0.51665346, -0.55858682, ...,  0.        ,
          0.22429912,  0.62691595],
        [-0.68644472, -0.69553301, -0.73039824, ..., -0.22429912,
          0.        ,  0.43619385],
        [-0.93489146, -0.93928   , -0.95518064, ..., -0.62691595,
         -0.43619385,  0.        ]],

       ...,

       [[ 0.        , -0.01769365, -0.17713995, ...,  0.62601066,
          0.65267228,  0.45605469],
        [ 0.01769365,  0.        , -0.15969839, ...,  0.63971042,
          0.66597553,  0.47172979],
        [ 0.17713995,  0.15969839,  0.        , ...,  0.75424702,
          0.77655908,  0.6064885 ],
        ...,
        [-0.62601066, -0.63971042, -0.75424702, ...,  0.        ,
          0.03467238, -0.20148122],
        [-0.65267228, -0.66597553, -0.77655908, ..., -0.03467238,
          0.        , -0.23532141],
        [-0.45605469, -0.47172979, -0.6064885 , ...,  0.20148122,
          0.23532141,  0.        ]],

       [[ 0.        , -0.07463358, -0.20871533, ...,  0.35040972,
          0.62498828,  0.85634902],
        [ 0.07463358,  0.        , -0.13514335, ...,  0.41933399,
          0.68150673,  0.89250128],
        [ 0.20871533,  0.13514335,  0.        , ...,  0.5381745 ,
          0.77415413,  0.94526923],
        ...,
        [-0.35040972, -0.41933399, -0.5381745 , ...,  0.        ,
          0.31182006,  0.62110281],
        [-0.62498828, -0.68150673, -0.77415413, ..., -0.31182006,
          0.        ,  0.3457529 ],
        [-0.85634902, -0.89250128, -0.94526923, ..., -0.62110281,
         -0.3457529 ,  0.        ]],

       [[ 0.        ,  0.0165096 ,  0.09712273, ..., -0.40131492,
         -0.27763401,  0.16519136],
        [-0.0165096 ,  0.        ,  0.08067794, ..., -0.41638203,
         -0.29345673,  0.14888606],
        [-0.09712273, -0.08067794,  0.        , ..., -0.48837627,
         -0.36962601,  0.06862199],
        ...,
        [ 0.40131492,  0.41638203,  0.48837627, ...,  0.        ,
          0.13124185,  0.54710686],
        [ 0.27763401,  0.29345673,  0.36962601, ..., -0.13124185,
          0.        ,  0.43251692],
        [-0.16519136, -0.14888606, -0.06862199, ..., -0.54710686,
         -0.43251692,  0.        ]]]), 'num': array([9.98901570e-01, 5.32123897e-03, 1.34997328e-05, 2.97479141e-03,
       3.02733528e-03, 2.61102616e-03, 4.59482401e-02, 3.63765254e-04,
       2.68620431e-03, 2.47946439e-03, 2.29077801e-03, 3.02058930e-06,
       2.81559817e-03, 2.14333061e-03])}
{'img': array([[[ 0.        , -0.10414349, -0.14834301, ...,  0.57362772,
          0.46902323,  0.97239681],
        [ 0.10414349,  0.        , -0.04454512, ...,  0.65581411,
          0.55845087,  0.94280904],
        [ 0.14834301,  0.04454512,  0.        , ...,  0.68879124,
          0.59484839,  0.92702481],
        ...,
        [-0.57362772, -0.65581411, -0.68879124, ...,  0.        ,
         -0.12243538,  0.93035238],
        [-0.46902323, -0.55845087, -0.59484839, ...,  0.12243538,
          0.        ,  0.96824584],
        [-0.97239681, -0.94280904, -0.92702481, ..., -0.93035238,
         -0.96824584,  0.        ]],

       [[ 0.        , -0.20520067, -0.13989943, ...,  0.22138879,
          0.34000898,  0.57222644],
        [ 0.20520067,  0.        ,  0.06626032, ...,  0.41678636,
          0.52574883,  0.39176524],
        [ 0.13989943, -0.06626032,  0.        , ...,  0.3556395 ,
          0.46822976,  0.45186809],
        ...,
        [-0.22138879, -0.41678636, -0.3556395 , ...,  0.        ,
          0.12337295,  0.73958698],
        [-0.34000898, -0.52574883, -0.46822976, ..., -0.12337295,
          0.        ,  0.81697434],
        [-0.57222644, -0.39176524, -0.45186809, ..., -0.73958698,
         -0.81697434,  0.        ]],

       [[ 0.        , -0.04011258, -0.06756299, ...,  0.49293448,
          0.58666057,  0.99074436],
        [ 0.04011258,  0.        , -0.02748769, ...,  0.52743836,
          0.61867289,  0.9953919 ],
        [ 0.06756299,  0.02748769,  0.        , ...,  0.55059242,
          0.64003479,  0.99765159],
        ...,
        [-0.49293448, -0.52743836, -0.55059242, ...,  0.        ,
          0.11123909,  0.79510201],
        [-0.58666057, -0.61867289, -0.64003479, ..., -0.11123909,
          0.        ,  0.72270354],
        [-0.99074436, -0.9953919 , -0.99765159, ..., -0.79510201,
         -0.72270354,  0.        ]],

       ...,

       [[ 0.        , -0.15969839, -0.12117829, ...,  0.66597553,
          0.47172979,  0.905348  ],
        [ 0.15969839,  0.        ,  0.03889846, ...,  0.77655908,
          0.6064885 ,  0.96154782],
        [ 0.12117829, -0.03889846,  0.        , ...,  0.7514636 ,
          0.57510163,  0.95013711],
        ...,
        [-0.66597553, -0.77655908, -0.7514636 , ...,  0.        ,
         -0.23532141,  0.39254556],
        [-0.47172979, -0.6064885 , -0.57510163, ...,  0.23532141,
          0.        ,  0.5979547 ],
        [-0.905348  , -0.96154782, -0.95013711, ..., -0.39254556,
         -0.5979547 ,  0.        ]],

       [[ 0.        , -0.10374356, -0.24206402, ...,  0.42868103,
          0.48643335,  0.98067696],
        [ 0.10374356,  0.        , -0.14009961, ...,  0.52009563,
          0.57445118,  0.99568108],
        [ 0.24206402,  0.14009961,  0.        , ...,  0.63462635,
          0.68346258,  0.99886788],
        ...,
        [-0.42868103, -0.52009563, -0.63462635, ...,  0.        ,
          0.06492489,  0.80213378],
        [-0.48643335, -0.57445118, -0.68346258, ..., -0.06492489,
          0.        ,  0.76167187],
        [-0.98067696, -0.99568108, -0.99886788, ..., -0.80213378,
         -0.76167187,  0.        ]],

       [[ 0.        ,  0.08067794,  0.47717888, ..., -0.29345673,
          0.14888606, -0.02842346],
        [-0.08067794,  0.        ,  0.40472311, ..., -0.36962601,
          0.06862199, -0.10897615],
        [-0.47717888, -0.40472311,  0.        , ..., -0.71406141,
         -0.34101843, -0.5019648 ],
        ...,
        [ 0.29345673,  0.36962601,  0.71406141, ...,  0.        ,
          0.43251692,  0.26616612],
        [-0.14888606, -0.06862199,  0.34101843, ..., -0.43251692,
          0.        , -0.17693257],
        [ 0.02842346,  0.10897615,  0.5019648 , ..., -0.26616612,
          0.17693257,  0.        ]]]), 'num': array([ 9.98881928e-01,  5.48419068e-03,  1.39131336e-05,  2.97424472e-03,
        3.29499660e-03,  2.91176059e-03,  4.62873708e-02, -9.16433948e-05,
        2.83761275e-03,  2.59454947e-03,  2.36967602e-03,  2.84341901e-06,
        2.94444351e-03,  2.24465544e-03])}
{'img': array([[[ 0.        , -0.04454512, -0.18272939, ...,  0.55845087,
          0.94280904,  0.9623306 ],
        [ 0.04454512,  0.        , -0.13875288, ...,  0.59484839,
          0.92702481,  0.97348638],
        [ 0.18272939,  0.13875288,  0.        , ...,  0.70062927,
          0.8660254 ,  0.99580891],
        ...,
        [-0.55845087, -0.59484839, -0.70062927, ...,  0.        ,
          0.96824584,  0.64645669],
        [-0.94280904, -0.92702481, -0.8660254 , ..., -0.96824584,
          0.        , -0.57710966],
        [-0.9623306 , -0.97348638, -0.99580891, ..., -0.64645669,
          0.57710966,  0.        ]],

       [[ 0.        ,  0.06626032,  0.08865813, ...,  0.52574883,
          0.39176524,  0.65803336],
        [-0.06626032,  0.        ,  0.0224639 , ...,  0.46822976,
          0.45186809,  0.70648053],
        [-0.08865813, -0.0224639 ,  0.        , ...,  0.44826235,
          0.47179377,  0.72220068],
        ...,
        [-0.52574883, -0.46822976, -0.44826235, ...,  0.        ,
          0.81697434,  0.95563237],
        [-0.39176524, -0.45186809, -0.47179377, ..., -0.81697434,
          0.        , -0.31043879],
        [-0.65803336, -0.70648053, -0.72220068, ..., -0.95563237,
          0.31043879,  0.        ]],

       [[ 0.        , -0.02483336, -0.15358274, ...,  0.53845021,
          0.81656894,  0.99997707],
        [ 0.02483336,  0.        , -0.12899664, ...,  0.55921016,
          0.83065211,  0.99950051],
        [ 0.15358274,  0.12899664,  0.        , ...,  0.66147954,
          0.89553631,  0.98707307],
        ...,
        [-0.53845021, -0.55921016, -0.66147954, ...,  0.        ,
          0.37726853,  0.8462844 ],
        [-0.81656894, -0.83065211, -0.89553631, ..., -0.37726853,
          0.        ,  0.58276451],
        [-0.99997707, -0.99950051, -0.98707307, ..., -0.8462844 ,
         -0.58276451,  0.        ]],

       ...,

       [[ 0.        ,  0.03889846,  0.18815553, ...,  0.6064885 ,
          0.96154782,  0.75185019],
        [-0.03889846,  0.        ,  0.14980942, ...,  0.57510163,
          0.95013711,  0.72563409],
        [-0.18815553, -0.14980942,  0.        , ...,  0.44605516,
          0.89269928,  0.61436425],
        ...,
        [-0.6064885 , -0.57510163, -0.44605516, ...,  0.        ,
          0.5979547 ,  0.19791179],
        [-0.96154782, -0.95013711, -0.89269928, ..., -0.5979547 ,
          0.        , -0.42749485],
        [-0.75185019, -0.72563409, -0.61436425, ..., -0.19791179,
          0.42749485,  0.        ]],

       [[ 0.        , -0.13015435, -0.19020005, ...,  0.51703448,
          0.84816727,  0.99990428],
        [ 0.13015435,  0.        , -0.06080374, ...,  0.62404396,
          0.90989901,  0.9931996 ],
        [ 0.19020005,  0.06080374,  0.        , ...,  0.6704007 ,
          0.93343867,  0.9842829 ],
        ...,
        [-0.51703448, -0.62404396, -0.6704007 , ...,  0.        ,
          0.45211323,  0.8487292 ],
        [-0.84816727, -0.90989901, -0.93343867, ..., -0.45211323,
          0.        ,  0.51794296],
        [-0.99990428, -0.9931996 , -0.9842829 , ..., -0.8487292 ,
         -0.51794296,  0.        ]],

       [[ 0.        ,  0.13751288,  0.05037598, ...,  0.03858946,
         -0.06986495,  0.63079714],
        [-0.13751288,  0.        , -0.08744088, ..., -0.09918759,
         -0.2063781 ,  0.51810174],
        [-0.05037598,  0.08744088,  0.        , ..., -0.01179799,
         -0.12002913,  0.59090711],
        ...,
        [-0.03858946,  0.09918759,  0.01179799, ...,  0.        ,
         -0.10830808,  0.60038388],
        [ 0.06986495,  0.2063781 ,  0.12002913, ...,  0.10830808,
          0.        ,  0.68346732],
        [-0.63079714, -0.51810174, -0.59090711, ..., -0.60038388,
         -0.68346732,  0.        ]]]), 'num': array([ 9.99465657e-01,  5.67717732e-03,  1.44027316e-05,  2.97541461e-03,
        3.12634144e-03,  2.86760973e-03,  3.11777311e-02, -1.03492682e-04,
        2.97196485e-03,  2.71495803e-03,  2.46125722e-03,  2.80012668e-06,
        3.07196403e-03,  2.35795202e-03])}
{'img': array([[[ 0.        , -0.13875288, -0.20648259, ...,  0.92702481,
          0.97348638,  0.86687444],
        [ 0.13875288,  0.        , -0.06872249, ...,  0.8660254 ,
          0.99580891,  0.92766119],
        [ 0.20648259,  0.06872249,  0.        , ...,  0.82961671,
          0.99973987,  0.95113058],
        ...,
        [-0.92702481, -0.8660254 , -0.82961671, ...,  0.        ,
         -0.57710966, -0.78722438],
        [-0.97348638, -0.99580891, -0.99973987, ...,  0.57710966,
          0.        , -0.28701562],
        [-0.86687444, -0.92766119, -0.95113058, ...,  0.78722438,
          0.28701562,  0.        ]],

       [[ 0.        ,  0.0224639 , -0.13446171, ...,  0.45186809,
          0.70648053,  0.96511543],
        [-0.0224639 ,  0.        , -0.15668768, ...,  0.47179377,
          0.72220068,  0.95899028],
        [ 0.13446171,  0.15668768,  0.        , ...,  0.32781334,
          0.60490191,  0.99155642],
        ...,
        [-0.45186809, -0.47179377, -0.32781334, ...,  0.        ,
         -0.31043879, -0.97927503],
        [-0.70648053, -0.72220068, -0.60490191, ...,  0.31043879,
          0.        , -0.86801764],
        [-0.96511543, -0.95899028, -0.99155642, ...,  0.97927503,
          0.86801764,  0.        ]],

       [[ 0.        , -0.12401183, -0.23817754, ...,  0.78220423,
          0.94099845,  0.99730007],
        [ 0.12401183,  0.        , -0.11589602, ...,  0.85342831,
          0.97570159,  0.98049495],
        [ 0.23817754,  0.11589602,  0.        , ...,  0.90808354,
          0.99451992,  0.95110904],
        ...,
        [-0.78220423, -0.85342831, -0.90808354, ...,  0.        ,
          0.32155641,  0.67878047],
        [-0.94099845, -0.97570159, -0.99451992, ..., -0.32155641,
          0.        ,  0.40659859],
        [-0.99730007, -0.98049495, -0.95110904, ..., -0.67878047,
         -0.40659859,  0.        ]],

       ...,

       [[ 0.        ,  0.14980942,  0.06563389, ...,  0.95013711,
          0.72563409,  0.61384135],
        [-0.14980942,  0.        , -0.08459319, ...,  0.89269928,
          0.61436425,  0.48865012],
        [-0.06563389,  0.08459319,  0.        , ...,  0.92762162,
          0.67890804,  0.56070444],
        ...,
        [-0.95013711, -0.89269928, -0.92762162, ...,  0.        ,
         -0.42749485, -0.55865054],
        [-0.72563409, -0.61436425, -0.67890804, ...,  0.42749485,
          0.        , -0.15046446],
        [-0.61384135, -0.48865012, -0.56070444, ...,  0.55865054,
          0.15046446,  0.        ]],

       [[ 0.        , -0.05882918, -0.14495168, ...,  0.8692902 ,
          0.97122389,  0.98872718],
        [ 0.05882918,  0.        , -0.08649276, ...,  0.89686403,
          0.98355304,  0.97820638],
        [ 0.14495168,  0.08649276,  0.        , ...,  0.93175932,
          0.99548944,  0.95658161],
        ...,
        [-0.8692902 , -0.89686403, -0.93175932, ...,  0.        ,
          0.2730406 ,  0.61888722],
        [-0.97122389, -0.98355304, -0.99548944, ..., -0.2730406 ,
          0.        ,  0.38090317],
        [-0.98872718, -0.97820638, -0.95658161, ..., -0.61888722,
         -0.38090317,  0.        ]],

       [[ 0.        , -0.05540774, -0.08782723, ..., -0.13816029,
          0.18336618,  0.76110407],
        [ 0.05540774,  0.        , -0.03249869, ..., -0.08307168,
          0.23755277,  0.79587398],
        [ 0.08782723,  0.03249869,  0.        , ..., -0.05064144,
          0.26899569,  0.81513031],
        ...,
        [ 0.13816029,  0.08307168,  0.05064144, ...,  0.        ,
          0.31742541,  0.84341987],
        [-0.18336618, -0.23755277, -0.26899569, ..., -0.31742541,
          0.        ,  0.62926255],
        [-0.76110407, -0.79587398, -0.81513031, ..., -0.84341987,
         -0.62926255,  0.        ]]]), 'num': array([ 9.99827641e-01,  5.73710538e-03,  1.45547663e-05,  2.97631897e-03,
        3.06783097e-03,  2.90223782e-03,  1.57006708e-02, -3.05040011e-05,
        3.02338228e-03,  2.76518770e-03,  2.49537255e-03,  2.76680282e-06,
        3.12744432e-03,  2.40293108e-03])}
{'img': array([[[ 0.        , -0.06872249, -0.07877416, ...,  0.99580891,
          0.92766119,  0.89833921],
        [ 0.06872249,  0.        , -0.01007898, ...,  0.99973987,
          0.95113058,  0.92640533],
        [ 0.07877416,  0.01007898,  0.        , ...,  0.99991897,
          0.95419455,  0.93015329],
        ...,
        [-0.99580891, -0.99973987, -0.99991897, ...,  0.        ,
         -0.28701562, -0.35530076],
        [-0.92766119, -0.95113058, -0.95419455, ...,  0.28701562,
          0.        , -0.07206336],
        [-0.89833921, -0.92640533, -0.93015329, ...,  0.35530076,
          0.07206336,  0.        ]],

       [[ 0.        , -0.15668768, -0.29038006, ...,  0.72220068,
          0.95899028,  0.53113054],
