state_0,state_1,state_2,state_3,state_4,state_5,state_6,state_7,state_8,state_9,state_10,state_11,state_12,state_13,state_14,state_15,state_16,state_17,state_18,state_19,state_20,state_21,state_22,state_23,state_24,state_25,state_26,state_27,state_28,state_29,state_30,state_31,state_32,state_33,state_34,state_35,state_36,state_37,state_38,state_39,state_40,state_41,state_42,state_43,state_44,state_45,state_46,state_47,state_48,state_49,state_50,state_51,state_52,state_53,state_54,state_55,state_56,state_57,state_58,state_59,state_60,state_61,state_62,state_63,state_64,state_65,state_66,state_67,state_68,state_69,state_70,state_71,state_72,state_73,state_74,state_75,state_76,state_77,state_78,state_79,state_80,state_81,state_82,state_83,state_84,state_85,state_86,state_87,state_88,state_89,state_90,state_91,state_92,state_93,state_94,state_95,state_96,state_97,state_98,state_99,state_100,state_101,state_102,state_103,state_104,state_105,state_106,state_107,state_108,state_109,state_110,state_111,state_112,state_113,state_114,state_115,state_116,state_117,state_118,state_119,state_120,state_121,state_122,state_123,state_124,state_125,state_126,state_127,state_128,state_129,state_130,state_131,state_132,state_133,state_134,state_135,state_136,state_137,state_138,state_139,state_140,state_141,state_142,state_143,state_144,state_145,state_146,state_147,state_148,state_149,state_150,state_151,state_152,state_153,state_154,state_155,state_156,state_157,state_158,state_159,state_160,state_161,state_162,state_163,state_164,state_165,state_166,state_167,state_168,state_169,state_170,state_171,state_172,state_173,state_174,state_175,state_176,state_177,state_178,state_179,state_180,state_181,state_182,state_183,state_184,state_185,state_186,state_187,state_188,state_189,state_190,state_191,state_192,state_193,state_194,state_195,state_196,state_197,state_198,state_199,state_200,state_201,state_202,state_203,state_204,state_205,state_206,state_207,state_208,state_209,state_210,state_211,state_212,state_213,state_214,state_215,state_216,state_217,state_218,state_219,state_220,state_221,state_222,state_223,state_224,state_225,state_226,state_227,state_228,state_229,state_230,state_231,state_232,state_233,state_234,state_235,state_236,state_237,state_238,state_239,state_240,state_241,state_242,state_243,state_244,state_245,state_246,state_247,state_248,state_249,state_250,state_251,state_252,state_253,state_254,state_255,state_256,state_257,state_258,state_259,state_260,state_261,state_262,state_263,state_264,state_265,state_266,state_267,state_268,state_269,state_270,state_271,state_272,state_273,state_274,state_275,state_276,state_277,state_278,state_279,state_280,state_281,state_282,state_283,state_284,state_285,state_286,state_287
{'img': array([[[ 0.        ,  0.35574059,  0.50394438, ...,  0.50394438,
          0.93887351,  0.54913331],
        [-0.35574059,  0.        ,  0.16371273, ...,  0.16371273,
          0.75498878,  0.21590683],
        [-0.50394438, -0.16371273,  0.        , ...,  0.        ,
          0.6374499 ,  0.05314243],
        ...,
        [-0.50394438, -0.16371273,  0.        , ...,  0.        ,
          0.6374499 ,  0.05314243],
        [-0.93887351, -0.75498878, -0.6374499 , ..., -0.6374499 ,
          0.        , -0.59560335],
        [-0.54913331, -0.21590683, -0.05314243, ..., -0.05314243,
          0.59560335,  0.        ]],

       [[ 0.        ,  0.54046405,  0.05213111, ..., -0.15233778,
         -0.08903245,  0.02412114],
        [-0.54046405,  0.        , -0.49586776, ..., -0.66232802,
         -0.6132267 , -0.52001207],
        [-0.05213111,  0.49586776,  0.        , ..., -0.20365329,
         -0.14083547, -0.0280276 ],
        ...,
        [ 0.15233778,  0.66232802,  0.20365329, ...,  0.        ,
          0.06373949,  0.17613306],
        [ 0.08903245,  0.6132267 ,  0.14083547, ..., -0.06373949,
          0.        ,  0.11303189],
        [-0.02412114,  0.52001207,  0.0280276 , ..., -0.17613306,
         -0.11303189,  0.        ]],

       [[ 0.        , -0.13328341, -0.15051461, ...,  0.1876451 ,
          0.36020027,  0.55131568],
        [ 0.13328341,  0.        , -0.0174067 , ...,  0.3168868 ,
          0.48132331,  0.65759473],
        [ 0.15051461,  0.0174067 ,  0.        , ...,  0.33334841,
          0.49650811,  0.67060881],
        ...,
        [-0.1876451 , -0.3168868 , -0.33334841, ...,  0.        ,
          0.17875257,  0.38497091],
        [-0.36020027, -0.48132331, -0.49650811, ..., -0.17875257,
          0.        ,  0.21379471],
        [-0.55131568, -0.65759473, -0.67060881, ..., -0.38497091,
         -0.21379471,  0.        ]],

       ...,

       [[ 0.        ,  0.2604507 ,  0.09348909, ...,  0.71842965,
          0.75410019,  0.72350548],
        [-0.2604507 ,  0.        , -0.16904749, ...,  0.51246519,
          0.5570206 ,  0.51874128],
        [-0.09348909,  0.16904749,  0.        , ...,  0.65025217,
          0.68939762,  0.65579949],
        ...,
        [-0.71842965, -0.51246519, -0.65025217, ...,  0.        ,
          0.05271639,  0.00732477],
        [-0.75410019, -0.5570206 , -0.68939762, ..., -0.05271639,
          0.        , -0.04540039],
        [-0.72350548, -0.51874128, -0.65579949, ..., -0.00732477,
          0.04540039,  0.        ]],

       [[ 0.        ,  0.04735267, -0.15290202, ..., -0.99701479,
         -0.99200964, -0.99049015],
        [-0.04735267,  0.        , -0.19952636, ..., -0.99955251,
         -0.99687095, -0.995894  ],
        [ 0.15290202,  0.19952636,  0.        , ..., -0.97348556,
         -0.9610545 , -0.9578065 ],
        ...,
        [ 0.99701479,  0.99955251,  0.97348556, ...,  0.        ,
          0.04919163,  0.06069641],
        [ 0.99200964,  0.99687095,  0.9610545 , ..., -0.04919163,
          0.        ,  0.011522  ],
        [ 0.99049015,  0.995894  ,  0.9578065 , ..., -0.06069641,
         -0.011522  ,  0.        ]],

       [[ 0.        , -0.32557579, -0.41498769, ..., -0.29243121,
         -0.22483926, -0.05769957],
        [ 0.32557579,  0.        , -0.09615983, ...,  0.03484538,
          0.1046506 ,  0.27047751],
        [ 0.41498769,  0.09615983,  0.        , ...,  0.13078534,
          0.19979745,  0.36179969],
        ...,
        [ 0.29243121, -0.03484538, -0.13078534, ...,  0.        ,
          0.06993299,  0.23676669],
        [ 0.22483926, -0.1046506 , -0.19979745, ..., -0.06993299,
          0.        ,  0.16824245],
        [ 0.05769957, -0.27047751, -0.36179969, ..., -0.23676669,
         -0.16824245,  0.        ]]]), 'num': array([ 7.14306459e-01,  6.99817160e-01,  3.00607856e-07,  1.60992207e-03,
        1.65334321e-03,  1.60658199e-03,  1.22658026e-03, -1.33603492e-05,
        1.62061035e-03,  1.60983857e-03,  1.55252824e-03,  1.69496967e-06,
        1.64425079e-03,  1.57542635e-03])}
{'img': array([[[ 0.        ,  0.16371273,  0.06709781, ...,  0.75498878,
          0.21590683,  0.02192222],
        [-0.16371273,  0.        , -0.09715125, ...,  0.6374499 ,
          0.05314243, -0.14204694],
        [-0.06709781,  0.09715125,  0.        , ...,  0.70928878,
          0.14990502, -0.04520887],
        ...,
        [-0.75498878, -0.6374499 , -0.70928878, ...,  0.        ,
         -0.59560335, -0.74043212],
        [-0.21590683, -0.05314243, -0.14990502, ...,  0.59560335,
          0.        , -0.19444978],
        [-0.02192222,  0.14204694,  0.04520887, ...,  0.74043212,
          0.19444978,  0.        ]],

       [[ 0.        , -0.49586776,  0.20129279, ..., -0.6132267 ,
         -0.52001207, -0.66640221],
        [ 0.49586776,  0.        ,  0.66052016, ..., -0.14083547,
         -0.0280276 , -0.20898712],
        [-0.20129279, -0.66052016,  0.        , ..., -0.75967721,
         -0.68130404, -0.80284408],
        ...,
        [ 0.6132267 ,  0.14083547,  0.75967721, ...,  0.        ,
          0.11303189, -0.06917855],
        [ 0.52001207,  0.0280276 ,  0.68130404, ..., -0.11303189,
          0.        , -0.18149631],
        [ 0.66640221,  0.20898712,  0.80284408, ...,  0.06917855,
          0.18149631,  0.        ]],

       [[ 0.        , -0.0174067 ,  0.01179994, ...,  0.48132331,
          0.65759473,  0.38919065],
        [ 0.0174067 ,  0.        ,  0.02920364, ...,  0.49650811,
          0.67060881,  0.40516599],
        [-0.01179994, -0.02920364,  0.        , ...,  0.47094664,
          0.6486592 ,  0.37829395],
        ...,
        [-0.48132331, -0.49650811, -0.47094664, ...,  0.        ,
          0.21379471, -0.10223206],
        [-0.65759473, -0.67060881, -0.6486592 , ..., -0.21379471,
          0.        , -0.31254285],
        [-0.38919065, -0.40516599, -0.37829395, ...,  0.10223206,
          0.31254285,  0.        ]],

       ...,

       [[ 0.        , -0.16904749, -0.09328654, ...,  0.5570206 ,
          0.51874128,  0.43354219],
        [ 0.16904749,  0.        ,  0.07636637, ...,  0.68939762,
          0.65579949,  0.57963693],
        [ 0.09328654, -0.07636637,  0.        , ...,  0.63206595,
          0.59623278,  0.51571524],
        ...,
        [-0.5570206 , -0.68939762, -0.63206595, ...,  0.        ,
         -0.04540039, -0.14189358],
        [-0.51874128, -0.65579949, -0.59623278, ...,  0.04540039,
          0.        , -0.09680624],
        [-0.43354219, -0.57963693, -0.51571524, ...,  0.14189358,
          0.09680624,  0.        ]],

       [[ 0.        , -0.19952636, -0.34104087, ..., -0.99687095,
         -0.995894  , -0.99845495],
        [ 0.19952636,  0.        , -0.14661892, ..., -0.9610545 ,
         -0.9578065 , -0.96729135],
        [ 0.34104087,  0.14661892,  0.        , ..., -0.91014899,
         -0.90531523, -0.91964535],
        ...,
        [ 0.99687095,  0.9610545 ,  0.91014899, ...,  0.        ,
          0.011522  , -0.02353081],
        [ 0.995894  ,  0.9578065 ,  0.90531523, ..., -0.011522  ,
          0.        , -0.03504806],
        [ 0.99845495,  0.96729135,  0.91964535, ...,  0.02353081,
          0.03504806,  0.        ]],

       [[ 0.        , -0.0928545 , -0.17316407, ...,  0.09821011,
          0.2282127 ,  0.33961275],
        [ 0.0928545 ,  0.        , -0.0809642 , ...,  0.19019143,
          0.31763094,  0.42548124],
        [ 0.17316407,  0.0809642 ,  0.        , ...,  0.2690534 ,
          0.39335958,  0.49735434],
        ...,
        [-0.09821011, -0.19019143, -0.2690534 , ...,  0.        ,
          0.13149097,  0.24559793],
        [-0.2282127 , -0.31763094, -0.39335958, ..., -0.13149097,
          0.        ,  0.11600185],
        [-0.33961275, -0.42548124, -0.49735434, ..., -0.24559793,
         -0.11600185,  0.        ]]]), 'num': array([7.58402483e-01, 6.51756901e-01, 2.20342114e-06, 2.13291166e-03,
       2.15274245e-03, 2.12409797e-03, 1.61272800e-03, 8.81368454e-06,
       2.14084398e-03, 2.12409797e-03, 2.04855735e-03, 2.78326880e-06,
       2.16957607e-03, 2.07861987e-03])}
{'img': array([[[ 0.        , -0.09715125, -0.39192638, ...,  0.05314243,
         -0.14204694, -0.04992703],
        [ 0.09715125,  0.        , -0.3006936 , ...,  0.14990502,
         -0.04520887,  0.04733924],
        [ 0.39192638,  0.3006936 ,  0.        , ...,  0.44026341,
          0.25726951,  0.3455049 ],
        ...,
        [-0.05314243, -0.14990502, -0.44026341, ...,  0.        ,
         -0.19444978, -0.10293263],
        [ 0.14204694,  0.04520887, -0.25726951, ...,  0.19444978,
          0.        ,  0.09244902],
        [ 0.04992703, -0.04733924, -0.3455049 , ...,  0.10293263,
         -0.09244902,  0.        ]],

       [[ 0.        ,  0.66052016,  0.64684311, ..., -0.0280276 ,
         -0.20898712, -0.21318861],
        [-0.66052016,  0.        , -0.01807276, ..., -0.68130404,
         -0.80284408, -0.80539929],
        [-0.64684311,  0.01807276,  0.        , ..., -0.66796349,
         -0.79193818, -0.79455543],
        ...,
        [ 0.0280276 ,  0.68130404,  0.66796349, ...,  0.        ,
         -0.18149631, -0.18572158],
        [ 0.20898712,  0.80284408,  0.79193818, ...,  0.18149631,
          0.        , -0.00429833],
        [ 0.21318861,  0.80539929,  0.79455543, ...,  0.18572158,
          0.00429833,  0.        ]],

       [[ 0.        ,  0.02920364, -0.02270042, ...,  0.67060881,
          0.40516599,  0.48138371],
        [-0.02920364,  0.        , -0.05188685, ...,  0.6486592 ,
          0.37829395,  0.45558111],
        [ 0.02270042,  0.05188685,  0.        , ...,  0.68727543,
          0.42581528,  0.50115681],
        ...,
        [-0.67060881, -0.6486592 , -0.68727543, ...,  0.        ,
         -0.31254285, -0.23069949],
        [-0.40516599, -0.37829395, -0.42581528, ...,  0.31254285,
          0.        ,  0.08496973],
        [-0.48138371, -0.45558111, -0.50115681, ...,  0.23069949,
         -0.08496973,  0.        ]],

       ...,

       [[ 0.        ,  0.07636637,  0.05290528, ...,  0.65579949,
          0.57963693,  0.87678676],
        [-0.07636637,  0.        , -0.02350864, ...,  0.59623278,
          0.51571524,  0.83750338],
        [-0.05290528,  0.02350864,  0.        , ...,  0.61494101,
          0.53571399,  0.8501178 ],
        ...,
        [-0.65579949, -0.59623278, -0.61494101, ...,  0.        ,
         -0.09680624,  0.34655667],
        [-0.57963693, -0.51571524, -0.53571399, ...,  0.09680624,
          0.        ,  0.43573604],
        [-0.87678676, -0.83750338, -0.8501178 , ..., -0.34655667,
         -0.43573604,  0.        ]],

       [[ 0.        , -0.28085107, -0.33763124, ..., -0.9948251 ,
         -0.99780057, -0.99769841],
        [ 0.28085107,  0.        , -0.05968298, ..., -0.92624965,
         -0.93902356, -0.93849855],
        [ 0.33763124,  0.05968298,  0.        , ..., -0.90210335,
         -0.91682748, -0.91621804],
        ...,
        [ 0.9948251 ,  0.92624965,  0.90210335, ...,  0.        ,
         -0.03543438, -0.03391163],
        [ 0.99780057,  0.93902356,  0.91682748, ...,  0.03543438,
          0.        ,  0.00152366],
        [ 0.99769841,  0.93849855,  0.91621804, ...,  0.03391163,
         -0.00152366,  0.        ]],

       [[ 0.        , -0.08085636, -0.21824398, ...,  0.31584816,
          0.40379628,  0.42608881],
        [ 0.08085636,  0.        , -0.13862214, ...,  0.39153131,
          0.47644551,  0.49784293],
        [ 0.21824398,  0.13862214,  0.        , ...,  0.51530642,
          0.59372274,  0.61325887],
        ...,
        [-0.31584816, -0.39153131, -0.51530642, ...,  0.        ,
          0.09417249,  0.11853527],
        [-0.40379628, -0.47644551, -0.59372274, ..., -0.09417249,
          0.        ,  0.02449993],
        [-0.42608881, -0.49784293, -0.61325887, ..., -0.11853527,
         -0.02449993,  0.        ]]]), 'num': array([7.42060951e-01, 6.70304682e-01, 1.46441365e-06, 2.11047850e-03,
       2.11047850e-03, 2.08032880e-03, 1.60021648e-03, 2.58425938e-05,
       2.09669578e-03, 2.07925203e-03, 2.00254978e-03, 2.76096088e-06,
       2.12385703e-03, 2.03464703e-03])}
{'img': array([[[ 0.        , -0.3006936 , -0.46423107, ..., -0.04520887,
          0.04733924,  0.41171673],
        [ 0.3006936 ,  0.        , -0.17641826, ...,  0.25726951,
          0.3455049 ,  0.66668846],
        [ 0.46423107,  0.17641826,  0.        , ...,  0.42371429,
          0.50563964,  0.78772261],
        ...,
        [ 0.04520887, -0.25726951, -0.42371429, ...,  0.        ,
          0.09244902,  0.45249516],
        [-0.04733924, -0.3455049 , -0.50563964, ..., -0.09244902,
          0.        ,  0.36811433],
        [-0.41171673, -0.66668846, -0.78772261, ..., -0.45249516,
         -0.36811433,  0.        ]],

       [[ 0.        , -0.01807276, -0.66221309, ..., -0.80284408,
         -0.80539929, -0.79418038],
        [ 0.01807276,  0.        , -0.64856273, ..., -0.79193818,
         -0.79455543, -0.78306817],
        [ 0.66221309,  0.64856273,  0.        , ..., -0.20677938,
         -0.21098291, -0.19267669],
        ...,
        [ 0.80284408,  0.79193818,  0.20677938, ...,  0.        ,
         -0.00429833,  0.01439233],
        [ 0.80539929,  0.79455543,  0.21098291, ...,  0.00429833,
          0.        ,  0.01869009],
        [ 0.79418038,  0.78306817,  0.19267669, ..., -0.01439233,
         -0.01869009,  0.        ]],

       [[ 0.        , -0.05075329, -0.0670649 , ...,  0.36098186,
          0.42917132,  0.66035014],
        [ 0.05075329,  0.        , -0.01633945, ...,  0.40784777,
          0.47445975,  0.69761267],
        [ 0.0670649 ,  0.01633945,  0.        , ...,  0.42271206,
          0.48877966,  0.70922635],
        ...,
        [-0.36098186, -0.40784777, -0.42271206, ...,  0.        ,
          0.07418635,  0.34474243],
        [-0.42917132, -0.47445975, -0.48877966, ..., -0.07418635,
          0.        ,  0.27415393],
        [-0.66035014, -0.69761267, -0.70922635, ..., -0.34474243,
         -0.27415393,  0.        ]],

       ...,

       [[ 0.        , -0.02350864, -0.22509281, ...,  0.51571524,
          0.83750338,  0.85767822],
        [ 0.02350864,  0.        , -0.20212525, ...,  0.53571399,
          0.8501178 ,  0.86952902],
        [ 0.22509281,  0.20212525,  0.        , ...,  0.69533114,
          0.93900875,  0.95140765],
        ...,
        [-0.51571524, -0.53571399, -0.69533114, ...,  0.        ,
          0.43573604,  0.46965046],
        [-0.83750338, -0.8501178 , -0.93900875, ..., -0.43573604,
          0.        ,  0.03802977],
        [-0.85767822, -0.86952902, -0.95140765, ..., -0.46965046,
         -0.03802977,  0.        ]],

       [[ 0.        , -0.19325933, -0.25493075, ..., -0.99610399,
         -0.99596542, -0.99292797],
        [ 0.19325933,  0.        , -0.06325081, ..., -0.96028229,
         -0.9598465 , -0.95126558],
        [ 0.25493075,  0.06325081,  0.        , ..., -0.94071059,
         -0.94018108, -0.929856  ],
        ...,
        [ 0.99610399,  0.96028229,  0.94071059, ...,  0.        ,
          0.00155763,  0.03069301],
        [ 0.99596542,  0.9598465 ,  0.94018108, ..., -0.00155763,
          0.        ,  0.02913608],
        [ 0.99292797,  0.95126558,  0.929856  , ..., -0.03069301,
         -0.02913608,  0.        ]],

       [[ 0.        , -0.12866498, -0.26916959, ...,  0.32991711,
          0.33113081,  0.53899448],
        [ 0.12866498,  0.        , -0.14301597, ...,  0.4486359 ,
          0.44978481,  0.64289013],
        [ 0.26916959,  0.14301597,  0.        , ...,  0.57183955,
          0.57289404,  0.74582575],
        ...,
        [-0.32991711, -0.4486359 , -0.57183955, ...,  0.        ,
          0.00128597,  0.23092388],
        [-0.33113081, -0.44978481, -0.57289404, ..., -0.00128597,
          0.        ,  0.22967248],
        [-0.53899448, -0.64289013, -0.74582575, ..., -0.23092388,
         -0.22967248,  0.        ]]]), 'num': array([ 8.54076238e-01,  5.20101917e-01,  6.85778892e-06,  2.42010377e-03,
        2.44743554e-03,  2.41016495e-03,  1.28797227e-03, -1.49082368e-05,
        2.41414048e-03,  2.40047459e-03,  2.31081811e-03,  2.93067903e-06,
        2.45256816e-03,  2.34838102e-03])}
{'img': array([[[ 0.        , -0.17641826, -0.4735191 , ...,  0.3455049 ,
          0.66668846,  0.49095395],
        [ 0.17641826,  0.        , -0.31070579, ...,  0.50563964,
          0.78772261,  0.63694652],
        [ 0.4735191 ,  0.31070579,  0.        , ...,  0.74867338,
          0.94013929,  0.84494715],
        ...,
        [-0.3455049 , -0.50563964, -0.74867338, ...,  0.        ,
          0.36811433,  0.15972064],
        [-0.66668846, -0.78772261, -0.94013929, ..., -0.36811433,
          0.        , -0.21488343],
        [-0.49095395, -0.63694652, -0.84494715, ..., -0.15972064,
          0.21488343,  0.        ]],

       [[ 0.        , -0.64818357, -0.53039901, ..., -0.79405577,
         -0.78257873, -0.99917448],
        [ 0.64818357,  0.        ,  0.14560598, ..., -0.21066578,
         -0.19239353, -0.78718775],
        [ 0.53039901, -0.14560598,  0.        , ..., -0.35075896,
         -0.33322888, -0.86859559],
        ...,
        [ 0.79405577,  0.21066578,  0.35075896, ...,  0.        ,
          0.01865422, -0.63960139],
        [ 0.78257873,  0.19239353,  0.33322888, ..., -0.01865422,
          0.        , -0.65382972],
        [ 0.99917448,  0.78718775,  0.86859559, ...,  0.63960139,
          0.65382972,  0.        ]],

       [[ 0.        , -0.01633945, -0.21714934, ...,  0.47445975,
          0.69761267,  0.47445975],
        [ 0.01633945,  0.        , -0.20117079, ...,  0.48877966,
          0.70922635,  0.48877966],
        [ 0.21714934,  0.20117079,  0.        , ...,  0.65428999,
          0.8365486 ,  0.65428999],
        ...,
        [-0.47445975, -0.48877966, -0.65428999, ...,  0.        ,
          0.27415393,  0.        ],
        [-0.69761267, -0.70922635, -0.8365486 , ..., -0.27415393,
          0.        , -0.27415393],
        [-0.47445975, -0.48877966, -0.65428999, ...,  0.        ,
          0.27415393,  0.        ]],

       ...,

       [[ 0.        , -0.20212525, -0.29439236, ...,  0.8501178 ,
          0.86952902,  0.755505  ],
        [ 0.20212525,  0.        , -0.09514802, ...,  0.93900875,
          0.95140765,  0.87233205],
        [ 0.29439236,  0.09514802,  0.        , ...,  0.96746935,
          0.97639058,  0.91489359],
        ...,
        [-0.8501178 , -0.93900875, -0.96746935, ...,  0.        ,
          0.03802977, -0.15910531],
        [-0.86952902, -0.95140765, -0.97639058, ..., -0.03802977,
          0.        , -0.19653554],
        [-0.755505  , -0.87233205, -0.91489359, ...,  0.15910531,
          0.19653554,  0.        ]],

       [[ 0.        , -0.16864657, -0.23360194, ..., -0.99497661,
         -0.99159719, -0.98939641],
        [ 0.16864657,  0.        , -0.06627546, ..., -0.96384233,
         -0.95557736, -0.9507306 ],
        [ 0.23360194,  0.06627546,  0.        , ..., -0.94406256,
         -0.93394234, -0.92809369],
        ...,
        [ 0.99497661,  0.96384233,  0.94406256, ...,  0.        ,
          0.02944754,  0.0454645 ],
        [ 0.99159719,  0.95557736,  0.93394234, ..., -0.02944754,
          0.        ,  0.01602769],
        [ 0.98939641,  0.9507306 ,  0.92809369, ..., -0.0454645 ,
         -0.01602769,  0.        ]],

       [[ 0.        , -0.14139644, -0.32276713, ...,  0.43409631,
          0.55908948,  0.64963621],
        [ 0.14139644,  0.        , -0.18569563, ...,  0.55711428,
          0.67070516,  0.75060531],
        [ 0.32276713,  0.18569563,  0.        , ...,  0.70163287,
          0.79677471,  0.86024881],
        ...,
        [-0.43409631, -0.55711428, -0.70163287, ...,  0.        ,
          0.14375253,  0.25521583],
        [-0.55908948, -0.67070516, -0.79677471, ..., -0.14375253,
          0.        ,  0.11357303],
        [-0.64963621, -0.75060531, -0.86024881, ..., -0.25521583,
         -0.11357303,  0.        ]]]), 'num': array([7.93377457e-01, 6.08694061e-01, 3.78449581e-06, 2.25223653e-03,
       2.27069749e-03, 2.24762129e-03, 1.97601449e-03, 4.61523880e-06,
       2.24392910e-03, 2.22985263e-03, 2.14708601e-03, 2.58284006e-06,
       2.27891546e-03, 2.18078979e-03])}
{'img': array([[[ 0.        , -0.31070579, -0.44772462, ...,  0.78772261,
          0.63694652,  0.68407759],
        [ 0.31070579,  0.        , -0.14774074, ...,  0.94013929,
          0.84494715,  0.87685162],
        [ 0.44772462,  0.14774074,  0.        , ...,  0.98017095,
          0.91469391,  0.93825716],
        ...,
        [-0.78772261, -0.94013929, -0.98017095, ...,  0.        ,
         -0.21488343, -0.15315977],
        [-0.63694652, -0.84494715, -0.91469391, ...,  0.21488343,
          0.        ,  0.0627662 ],
        [-0.68407759, -0.87685162, -0.93825716, ...,  0.15315977,
         -0.0627662 ,  0.        ]],

       [[ 0.        ,  0.14560598,  0.02280021, ..., -0.19239353,
         -0.78718775, -0.02215046],
        [-0.14560598,  0.        , -0.12301091, ..., -0.33322888,
         -0.86859559, -0.16748466],
        [-0.02280021,  0.12301091,  0.        , ..., -0.21471778,
         -0.80104432, -0.04493932],
        ...,
        [ 0.19239353,  0.33322888,  0.21471778, ...,  0.        ,
         -0.65382972,  0.17060969],
        [ 0.78718775,  0.86859559,  0.80104432, ...,  0.65382972,
          0.        ,  0.77333413],
        [ 0.02215046,  0.16748466,  0.04493932, ..., -0.17060969,
         -0.77333413,  0.        ]],

       [[ 0.        , -0.20117079, -0.43191968, ...,  0.70922635,
          0.48877966,  0.5426298 ],
        [ 0.20117079,  0.        , -0.24165123, ...,  0.8365486 ,
          0.65428999,  0.7005142 ],
        [ 0.43191968,  0.24165123,  0.        , ...,  0.94415491,
          0.81764614,  0.85220479],
        ...,
        [-0.70922635, -0.8365486 , -0.94415491, ...,  0.        ,
         -0.27415393, -0.21318663],
        [-0.48877966, -0.65428999, -0.81764614, ...,  0.27415393,
          0.        ,  0.06283298],
        [-0.5426298 , -0.7005142 , -0.85220479, ...,  0.21318663,
         -0.06283298,  0.        ]],

       ...,

       [[ 0.        , -0.09514802,  0.09352244, ...,  0.95140765,
          0.87233205,  0.81402974],
        [ 0.09514802,  0.        ,  0.18782914, ...,  0.97639058,
          0.91489359,  0.86560077],
        [-0.09352244, -0.18782914,  0.        , ...,  0.91843904,
          0.82278435,  0.75614198],
        ...,
        [-0.95140765, -0.97639058, -0.91843904, ...,  0.        ,
         -0.19653554, -0.30193204],
        [-0.87233205, -0.91489359, -0.82278435, ...,  0.19653554,
          0.        , -0.10868025],
        [-0.81402974, -0.86560077, -0.75614198, ...,  0.30193204,
          0.10868025,  0.        ]],

       [[ 0.        , -0.1634026 , -0.25816396, ..., -0.99050032,
         -0.98814844, -0.98666121],
        [ 0.1634026 ,  0.        , -0.09683066, ..., -0.95471792,
         -0.94978469, -0.94680013],
        [ 0.25816396,  0.09683066,  0.        , ..., -0.92142324,
         -0.91502281, -0.91118874],
        ...,
        [ 0.99050032,  0.95471792,  0.92142324, ...,  0.        ,
          0.01616242,  0.02556453],
        [ 0.98814844,  0.94978469,  0.91502281, ..., -0.01616242,
          0.        ,  0.00940405],
        [ 0.98666121,  0.94680013,  0.91118874, ..., -0.02556453,
         -0.00940405,  0.        ]],

       [[ 0.        , -0.18569563, -0.35705487, ...,  0.67070516,
          0.75060531,  0.70982115],
        [ 0.18569563,  0.        , -0.17738952, ...,  0.79677471,
          0.86024881,  0.8282761 ],
        [ 0.35705487,  0.17738952,  0.        , ...,  0.89133075,
          0.93705227,  0.91453517],
        ...,
        [-0.67070516, -0.79677471, -0.89133075, ...,  0.        ,
          0.11357303,  0.05405883],
        [-0.75060531, -0.86024881, -0.93705227, ..., -0.11357303,
          0.        , -0.05969792],
        [-0.70982115, -0.8282761 , -0.91453517, ..., -0.05405883,
          0.05969792,  0.        ]]]), 'num': array([ 9.62846943e-01,  2.69930128e-01,  1.43016887e-05,  2.72801896e-03,
        2.77306365e-03,  2.71957308e-03,  2.08799024e-03, -1.97070513e-05,
        2.74040625e-03,  2.72126226e-03,  2.62075629e-03,  2.78946467e-06,
        2.78104731e-03,  2.66147720e-03])}
{'img': array([[[ 0.        , -0.14774074, -0.29585562, ...,  0.84494715,
          0.87685162,  0.76476361],
        [ 0.14774074,  0.        , -0.15148215, ...,  0.91469391,
          0.93825716,  0.85156216],
        [ 0.29585562,  0.15148215,  0.        , ...,  0.96535944,
          0.97983319,  0.9211502 ],
        ...,
        [-0.84494715, -0.91469391, -0.96535944, ...,  0.        ,
          0.0627662 , -0.13537505],
        [-0.87685162, -0.93825716, -0.97983319, ..., -0.0627662 ,
          0.        , -0.19729653],
        [-0.76476361, -0.85156216, -0.9211502 , ...,  0.13537505,
          0.19729653,  0.        ]],

       [[ 0.        , -0.12301091,  0.02837379, ..., -0.86859559,
         -0.16748466, -0.33541741],
        [ 0.12301091,  0.        ,  0.15111968, ..., -0.80104432,
         -0.04493932, -0.21698519],
        [-0.02837379, -0.15111968,  0.        , ..., -0.88230571,
         -0.19539023, -0.36201246],
        ...,
        [ 0.86859559,  0.80104432,  0.88230571, ...,  0.        ,
          0.77333413,  0.65207092],
        [ 0.16748466,  0.04493932,  0.19539023, ..., -0.77333413,
          0.        , -0.17289733],
        [ 0.33541741,  0.21698519,  0.36201246, ..., -0.65207092,
          0.17289733,  0.        ]],

       [[ 0.        , -0.24165123, -0.46864743, ...,  0.65428999,
          0.7005142 ,  0.78542817],
        [ 0.24165123,  0.        , -0.24128706, ...,  0.81764614,
          0.85220479,  0.91172128],
        [ 0.46864743,  0.24128706,  0.        , ...,  0.93240185,
          0.95326878,  0.98390635],
        ...,
        [-0.65428999, -0.81764614, -0.93240185, ...,  0.        ,
          0.06283298,  0.18900051],
        [-0.7005142 , -0.85220479, -0.95326878, ..., -0.06283298,
          0.        ,  0.12692652],
        [-0.78542817, -0.91172128, -0.98390635, ..., -0.18900051,
         -0.12692652,  0.        ]],

       ...,

       [[ 0.        ,  0.18782914,  0.19579911, ...,  0.91489359,
          0.86560077,  0.73297214],
        [-0.18782914,  0.        ,  0.0081207 , ...,  0.82278435,
          0.75614198,  0.5921541 ],
        [-0.19579911, -0.0081207 ,  0.        , ...,  0.81814179,
          0.7508028 ,  0.58559071],
        ...,
        [-0.91489359, -0.82278435, -0.81814179, ...,  0.        ,
         -0.10868025, -0.32646703],
        [-0.86560077, -0.75614198, -0.7508028 , ...,  0.10868025,
          0.        , -0.22180778],
        [-0.73297214, -0.5921541 , -0.58559071, ...,  0.32646703,
          0.22180778,  0.        ]],

       [[ 0.        , -0.20191411, -0.50668169, ..., -0.98690451,
         -0.98533098, -0.98441976],
        [ 0.20191411,  0.        , -0.32216882, ..., -0.93400759,
         -0.93057885, -0.92864045],
        [ 0.50668169,  0.32216882,  0.        , ..., -0.76911256,
         -0.76301918, -0.7596089 ],
        ...,
        [ 0.98690451,  0.93400759,  0.76911256, ...,  0.        ,
          0.00948003,  0.01473933],
        [ 0.98533098,  0.93057885,  0.76301918, ..., -0.00948003,
          0.        ,  0.00525967],
        [ 0.98441976,  0.92864045,  0.7596089 , ..., -0.01473933,
         -0.00525967,  0.        ]],

       [[ 0.        , -0.17672747, -0.29732217, ...,  0.81163162,
          0.80123246,  0.86215647],
        [ 0.17672747,  0.        , -0.12390691, ...,  0.90209521,
          0.89436637,  0.93812355],
        [ 0.29732217,  0.12390691,  0.        , ...,  0.94861395,
          0.94290217,  0.97380328],
        ...,
        [-0.81163162, -0.90209521, -0.94861395, ...,  0.        ,
         -0.01758673,  0.09243884],
        [-0.80123246, -0.89436637, -0.94290217, ...,  0.01758673,
          0.        ,  0.10993597],
        [-0.86215647, -0.93812355, -0.97380328, ..., -0.09243884,
         -0.10993597,  0.        ]]]), 'num': array([ 9.62266561e-01,  2.71989424e-01,  1.44107962e-05,  2.71762652e-03,
        2.75166778e-03,  2.70627944e-03,  2.32513090e-03, -3.12044799e-05,
        2.75563925e-03,  2.74145540e-03,  2.64245210e-03,  2.61855776e-06,
        2.80238723e-03,  2.68052357e-03])}
{'img': array([[[ 0.00000000e+00, -1.51482154e-01,  2.60169439e-01, ...,
          9.38257160e-01,  8.51562163e-01,  7.00273027e-01],
        [ 1.51482154e-01,  0.00000000e+00,  4.03432641e-01, ...,
          9.79833187e-01,  9.21150200e-01,  8.00331212e-01],
        [-2.60169439e-01, -4.03432641e-01,  0.00000000e+00, ...,
          8.15943730e-01,  6.85842121e-01,  4.90429219e-01],
        ...,
        [-9.38257160e-01, -9.79833187e-01, -8.15943730e-01, ...,
          0.00000000e+00, -1.97296528e-01, -4.27546985e-01],
        [-8.51562163e-01, -9.21150200e-01, -6.85842121e-01, ...,
          1.97296528e-01,  0.00000000e+00, -2.40788355e-01],
        [-7.00273027e-01, -8.00331212e-01, -4.90429219e-01, ...,
          4.27546985e-01,  2.40788355e-01,  0.00000000e+00]],

       [[ 0.00000000e+00,  1.51119684e-01,  5.42775941e-02, ...,
         -4.49393231e-02, -2.16985186e-01, -9.72952250e-02],
        [-1.51119684e-01,  0.00000000e+00, -9.72426748e-02, ...,
         -1.95390227e-01, -3.62012456e-01, -2.46580542e-01],
        [-5.42775941e-02,  9.72426748e-02,  0.00000000e+00, ...,
         -9.90958358e-02, -2.69649750e-01, -1.51171878e-01],
        ...,
        [ 4.49393231e-02,  1.95390227e-01,  9.90958358e-02, ...,
          0.00000000e+00, -1.72897331e-01, -5.24708180e-02],
        [ 2.16985186e-01,  3.62012456e-01,  2.69649750e-01, ...,
          1.72897331e-01,  0.00000000e+00,  1.20978557e-01],
        [ 9.72952250e-02,  2.46580542e-01,  1.51171878e-01, ...,
          5.24708180e-02, -1.20978557e-01,  0.00000000e+00]],

       [[ 0.00000000e+00, -2.41287058e-01, -3.22257338e-01, ...,
          8.52204792e-01,  9.11721282e-01,  8.09712150e-01],
        [ 2.41287058e-01,  0.00000000e+00, -8.43209535e-02, ...,
          9.53268776e-01,  9.83906346e-01,  9.27382047e-01],
        [ 3.22257338e-01,  8.43209535e-02,  0.00000000e+00, ...,
          9.75349195e-01,  9.95469191e-01,  9.55625102e-01],
        ...,
        [-8.52204792e-01, -9.53268776e-01, -9.75349195e-01, ...,
          0.00000000e+00,  1.26926522e-01, -7.64488344e-02],
        [-9.11721282e-01, -9.83906346e-01, -9.95469191e-01, ...,
         -1.26926522e-01,  0.00000000e+00, -2.02385598e-01],
        [-8.09712150e-01, -9.27382047e-01, -9.55625102e-01, ...,
          7.64488344e-02,  2.02385598e-01,  0.00000000e+00]],

       ...,

       [[ 0.00000000e+00,  8.12070399e-03,  3.76835939e-01, ...,
          7.56141983e-01,  5.92154102e-01,  4.94441536e-01],
        [-8.12070399e-03,  0.00000000e+00,  3.69301468e-01, ...,
          7.50802800e-01,  5.85590712e-01,  4.87366628e-01],
        [-3.76835939e-01, -3.69301468e-01,  0.00000000e+00, ...,
          4.53794910e-01,  2.44836789e-01,  1.30441414e-01],
        ...,
        [-7.56141983e-01, -7.50802800e-01, -4.53794910e-01, ...,
          0.00000000e+00, -2.21807778e-01, -3.33680547e-01],
        [-5.92154102e-01, -5.85590712e-01, -2.44836789e-01, ...,
          2.21807778e-01,  0.00000000e+00, -1.16273568e-01],
        [-4.94441536e-01, -4.87366628e-01, -1.30441414e-01, ...,
          3.33680547e-01,  1.16273568e-01,  0.00000000e+00]],

       [[ 0.00000000e+00, -4.72165880e-01, -6.74317608e-01, ...,
         -9.83143515e-01, -9.82155706e-01, -9.81996663e-01],
        [ 4.72165880e-01,  0.00000000e+00, -2.45750671e-01, ...,
         -7.80321866e-01, -7.76979757e-01, -7.76448287e-01],
        [ 6.74317608e-01,  2.45750671e-01,  0.00000000e+00, ...,
         -6.02704702e-01, -5.98445843e-01, -5.97769608e-01],
        ...,
        [ 9.83143515e-01,  7.80321866e-01,  6.02704702e-01, ...,
          0.00000000e+00,  5.32644093e-03,  6.17022732e-03],
        [ 9.82155706e-01,  7.76979757e-01,  5.98445843e-01, ...,
         -5.32644093e-03,  0.00000000e+00,  8.43800255e-04],
        [ 9.81996663e-01,  7.76448287e-01,  5.97769608e-01, ...,
         -6.17022732e-03, -8.43800255e-04,  0.00000000e+00]],

       [[ 0.00000000e+00, -1.23906914e-01, -1.46485156e-01, ...,
          8.94366366e-01,  9.38123549e-01,  8.85955201e-01],
        [ 1.23906914e-01,  0.00000000e+00, -2.27860054e-02, ...,
          9.42902168e-01,  9.73803281e-01,  9.36592306e-01],
        [ 1.46485156e-01,  2.27860054e-02,  0.00000000e+00, ...,
          9.50246689e-01,  9.78731805e-01,  9.44333828e-01],
        ...,
        [-8.94366366e-01, -9.42902168e-01, -9.50246689e-01, ...,
          0.00000000e+00,  1.09935967e-01, -1.84620616e-02],
        [-9.38123549e-01, -9.73803281e-01, -9.78731805e-01, ...,
         -1.09935967e-01,  0.00000000e+00, -1.28267387e-01],
        [-8.85955201e-01, -9.36592306e-01, -9.44333828e-01, ...,
          1.84620616e-02,  1.28267387e-01,  0.00000000e+00]]]), 'num': array([9.98048362e-01, 6.19139500e-02, 1.94420439e-05, 2.81968196e-03,
       2.82846602e-03, 2.78161772e-03, 1.69356599e-03, 1.46400933e-05,
       2.83432206e-03, 2.83329725e-03, 2.72988939e-03, 2.75578226e-06,
       2.88368215e-03, 2.78291235e-03])}
{'img': array([[[ 0.00000000e+00,  4.03432641e-01,  3.27011491e-01, ...,
          9.21150200e-01,  8.00331212e-01,  8.58277957e-01],
        [-4.03432641e-01,  0.00000000e+00, -8.20334898e-02, ...,
          6.85842121e-01,  4.90429219e-01,  5.78296732e-01],
        [-3.27011491e-01,  8.20334898e-02,  0.00000000e+00, ...,
          7.43230442e-01,  5.60266894e-01,  6.43272721e-01],
        ...,
        [-9.21150200e-01, -6.85842121e-01, -7.43230442e-01, ...,
          0.00000000e+00, -2.40788355e-01, -1.38672528e-01],
        [-8.00331212e-01, -4.90429219e-01, -5.60266894e-01, ...,
          2.40788355e-01,  0.00000000e+00,  1.03869473e-01],
        [-8.58277957e-01, -5.78296732e-01, -6.43272721e-01, ...,
          1.38672528e-01, -1.03869473e-01,  0.00000000e+00]],

       [[ 0.00000000e+00, -9.72426748e-02, -4.48678048e-01, ...,
         -3.62012456e-01, -2.46580542e-01, -6.57977239e-01],
        [ 9.72426748e-02,  0.00000000e+00, -3.59646485e-01, ...,
         -2.69649750e-01, -1.51171878e-01, -5.81631476e-01],
        [ 4.48678048e-01,  3.59646485e-01,  0.00000000e+00, ...,
          9.47175114e-02,  2.14456484e-01, -2.50158421e-01],
        ...,
        [ 3.62012456e-01,  2.69649750e-01, -9.47175114e-02, ...,
          0.00000000e+00,  1.20978557e-01, -3.40739717e-01],
        [ 2.46580542e-01,  1.51171878e-01, -2.14456484e-01, ...,
         -1.20978557e-01,  0.00000000e+00, -4.51975943e-01],
        [ 6.57977239e-01,  5.81631476e-01,  2.50158421e-01, ...,
          3.40739717e-01,  4.51975943e-01,  0.00000000e+00]],

       [[ 0.00000000e+00, -8.43209535e-02, -1.49029811e-01, ...,
          9.83906346e-01,  9.27382047e-01,  8.47502564e-01],
        [ 8.43209535e-02,  0.00000000e+00, -6.51197468e-02, ...,
          9.95469191e-01,  9.55625102e-01,  8.89241137e-01],
        [ 1.49029811e-01,  6.51197468e-02,  0.00000000e+00, ...,
          9.99548153e-01,  9.72780085e-01,  9.17141979e-01],
        ...,
        [-9.83906346e-01, -9.95469191e-01, -9.99548153e-01, ...,
          0.00000000e+00, -2.02385598e-01, -3.70812997e-01],
        [-9.27382047e-01, -9.55625102e-01, -9.72780085e-01, ...,
          2.02385598e-01,  0.00000000e+00, -1.75182327e-01],
        [-8.47502564e-01, -8.89241137e-01, -9.17141979e-01, ...,
          3.70812997e-01,  1.75182327e-01,  0.00000000e+00]],

       ...,

       [[ 0.00000000e+00,  3.69301468e-01, -3.49595373e-02, ...,
          5.85590712e-01,  4.87366628e-01,  5.14347283e-01],
        [-3.69301468e-01,  0.00000000e+00, -4.01563960e-01, ...,
          2.44836789e-01,  1.30441414e-01,  1.61281606e-01],
        [ 3.49595373e-02,  4.01563960e-01,  0.00000000e+00, ...,
          6.13571199e-01,  5.17595293e-01,  5.44013547e-01],
        ...,
        [-5.85590712e-01, -2.44836789e-01, -6.13571199e-01, ...,
          0.00000000e+00, -1.16273568e-01, -8.52586016e-02],
        [-4.87366628e-01, -1.30441414e-01, -5.17595293e-01, ...,
          1.16273568e-01,  0.00000000e+00,  3.11698878e-02],
        [-5.14347283e-01, -1.61281606e-01, -5.44013547e-01, ...,
          8.52586016e-02, -3.11698878e-02,  0.00000000e+00]],

       [[ 0.00000000e+00, -5.30121275e-01, -6.82940446e-01, ...,
         -9.64825904e-01, -9.64585460e-01, -9.79271950e-01],
        [ 5.30121275e-01,  0.00000000e+00, -1.91840276e-01, ...,
         -6.78733545e-01, -6.78062703e-01, -7.22970073e-01],
        [ 6.82940446e-01,  1.91840276e-01,  0.00000000e+00, ...,
         -5.25242308e-01, -5.24465093e-01, -5.77003258e-01],
        ...,
        [ 9.64825904e-01,  6.78733545e-01,  5.25242308e-01, ...,
          0.00000000e+00,  9.13089843e-04, -6.20151159e-02],
        [ 9.64585460e-01,  6.78062703e-01,  5.24465093e-01, ...,
         -9.13089843e-04,  0.00000000e+00, -6.29264223e-02],
        [ 9.79271950e-01,  7.22970073e-01,  5.77003258e-01, ...,
          6.20151159e-02,  6.29264223e-02,  0.00000000e+00]],

       [[ 0.00000000e+00, -2.15242810e-02, -6.10232657e-02, ...,
