state_0,state_1,state_2,state_3,state_4,state_5,state_6,state_7,state_8,state_9,state_10,state_11,state_12,state_13,state_14,state_15,state_16,state_17,state_18,state_19,state_20,state_21,state_22,state_23,state_24,state_25,state_26,state_27,state_28,state_29,state_30,state_31,state_32,state_33,state_34,state_35,state_36,state_37,state_38,state_39,state_40,state_41,state_42,state_43,state_44,state_45,state_46,state_47,state_48,state_49,state_50,state_51,state_52,state_53,state_54,state_55,state_56,state_57,state_58,state_59,state_60,state_61,state_62,state_63,state_64,state_65,state_66,state_67,state_68,state_69,state_70,state_71,state_72,state_73,state_74,state_75,state_76,state_77,state_78,state_79,state_80,state_81,state_82,state_83,state_84,state_85,state_86,state_87,state_88,state_89,state_90,state_91,state_92,state_93,state_94,state_95,state_96,state_97,state_98,state_99,state_100,state_101,state_102,state_103,state_104,state_105,state_106,state_107,state_108,state_109,state_110,state_111,state_112,state_113,state_114,state_115,state_116,state_117,state_118,state_119,state_120,state_121,state_122,state_123,state_124,state_125,state_126,state_127,state_128,state_129,state_130,state_131,state_132,state_133,state_134,state_135,state_136,state_137,state_138,state_139,state_140,state_141,state_142,state_143,state_144,state_145,state_146,state_147,state_148,state_149,state_150,state_151,state_152,state_153,state_154,state_155,state_156,state_157,state_158,state_159,state_160,state_161,state_162,state_163,state_164,state_165,state_166,state_167,state_168,state_169,state_170,state_171,state_172,state_173,state_174,state_175,state_176,state_177,state_178,state_179,state_180,state_181,state_182,state_183,state_184,state_185,state_186,state_187,state_188,state_189,state_190,state_191,state_192,state_193,state_194,state_195,state_196,state_197,state_198,state_199,state_200,state_201,state_202,state_203,state_204,state_205,state_206,state_207,state_208,state_209,state_210,state_211,state_212,state_213,state_214,state_215,state_216,state_217,state_218,state_219,state_220,state_221,state_222,state_223,state_224,state_225,state_226,state_227,state_228,state_229,state_230,state_231,state_232,state_233,state_234,state_235,state_236,state_237,state_238,state_239,state_240,state_241,state_242,state_243,state_244,state_245,state_246,state_247,state_248,state_249,state_250,state_251,state_252,state_253,state_254,state_255,state_256,state_257,state_258,state_259,state_260,state_261,state_262,state_263,state_264,state_265,state_266,state_267,state_268,state_269,state_270,state_271,state_272,state_273,state_274,state_275,state_276,state_277,state_278,state_279,state_280,state_281,state_282,state_283,state_284,state_285,state_286,state_287
{'img': array([[[ 0.        , -0.40061236, -0.53714981, ..., -0.98153394,
         -0.94785148, -0.88871192],
        [ 0.40061236,  0.        , -0.15425099, ..., -0.97596052,
         -0.99614679, -0.99794737],
        [ 0.53714981,  0.15425099,  0.        , ..., -0.93066134,
         -0.97069655, -0.99588178],
        ...,
        [ 0.98153394,  0.97596052,  0.93066134, ...,  0.        ,
         -0.13151429, -0.28      ],
        [ 0.94785148,  0.99614679,  0.97069655, ...,  0.13151429,
          0.        , -0.15131427],
        [ 0.88871192,  0.99794737,  0.99588178, ...,  0.28      ,
          0.15131427,  0.        ]],

       [[ 0.        ,  0.3904579 ,  0.3253914 , ...,  0.1662795 ,
          0.38679076,  0.46805178],
        [-0.3904579 ,  0.        , -0.06964687, ..., -0.23194184,
         -0.00397997,  0.08585015],
        [-0.3253914 ,  0.06964687,  0.        , ..., -0.16363104,
          0.06567601,  0.15503142],
        ...,
        [-0.1662795 ,  0.23194184,  0.16363104, ...,  0.        ,
          0.22806856,  0.31459451],
        [-0.38679076,  0.00397997, -0.06567601, ..., -0.22806856,
          0.        ,  0.08981475],
        [-0.46805178, -0.08585015, -0.15503142, ..., -0.31459451,
         -0.08981475,  0.        ]],

       [[ 0.        , -0.49404523, -0.61778106, ..., -0.56954745,
         -0.48345191, -0.42531686],
        [ 0.49404523,  0.        , -0.14862868, ..., -0.90126983,
         -0.85280342, -0.8169188 ],
        [ 0.61778106,  0.14862868,  0.        , ..., -0.95565409,
         -0.92095006, -0.89356734],
        ...,
        [ 0.56954745,  0.90126983,  0.95565409, ...,  0.        ,
         -0.10118788, -0.165873  ],
        [ 0.48345191,  0.85280342,  0.92095006, ...,  0.10118788,
          0.        , -0.06523549],
        [ 0.42531686,  0.8169188 ,  0.89356734, ...,  0.165873  ,
          0.06523549,  0.        ]],

       ...,

       [[ 0.        , -0.24173436, -0.26361323, ..., -0.72847429,
         -0.72210658, -0.89051354],
        [ 0.24173436,  0.        , -0.02261127, ..., -0.54126383,
         -0.53346324, -0.75412442],
        [ 0.26361323,  0.02261127,  0.        , ..., -0.52211269,
         -0.51420171, -0.73908208],
        ...,
        [ 0.72847429,  0.54126383,  0.52211269, ...,  0.        ,
          0.00924946, -0.27864261],
        [ 0.72210658,  0.53346324,  0.51420171, ..., -0.00924946,
          0.        , -0.28751382],
        [ 0.89051354,  0.75412442,  0.73908208, ...,  0.27864261,
          0.28751382,  0.        ]],

       [[ 0.        , -0.14106378, -0.30889668, ..., -0.91530567,
         -0.96620263, -0.98154238],
        [ 0.14106378,  0.        , -0.17164273, ..., -0.84933825,
         -0.92017715, -0.94474975],
        [ 0.30889668,  0.17164273,  0.        , ..., -0.746132  ,
         -0.83932253, -0.87446577],
        ...,
        [ 0.91530567,  0.84933825,  0.746132  , ...,  0.        ,
         -0.15319673, -0.22027849],
        [ 0.96620263,  0.92017715,  0.83932253, ...,  0.15319673,
          0.        , -0.0682445 ],
        [ 0.98154238,  0.94474975,  0.87446577, ...,  0.22027849,
          0.0682445 ,  0.        ]],

       [[ 0.        ,  0.14206594,  0.31129902, ..., -0.93092391,
         -0.97798553, -0.95575569],
        [-0.14206594,  0.        ,  0.1731346 , ..., -0.97336609,
         -0.9977113 , -0.90427129],
        [-0.31129902, -0.1731346 ,  0.        , ..., -0.99835868,
         -0.99435101, -0.81669388],
        ...,
        [ 0.93092391,  0.97336609,  0.99835868, ...,  0.        ,
         -0.16291476, -0.62289668],
        [ 0.97798553,  0.9977113 ,  0.99435101, ...,  0.16291476,
          0.        , -0.48712598],
        [ 0.95575569,  0.90427129,  0.81669388, ...,  0.62289668,
          0.48712598,  0.        ]]]), 'num': array([7.09091929e-01, 7.05063738e-01, 2.17740043e-08, 2.01409539e-03,
       2.02498240e-03, 1.92699938e-03, 6.34656701e-03, 7.62090149e-05,
       1.98034569e-03, 2.08431656e-03, 2.13358024e-03, 3.47257827e-07,
       2.30719187e-03, 1.86144125e-03])}
{'img': array([[[ 0.        , -0.15425099, -0.09483755, ..., -0.99614679,
         -0.99794737, -0.92243895],
        [ 0.15425099,  0.        ,  0.05985324, ..., -0.97069655,
         -0.99588178, -0.85183599],
        [ 0.09483755, -0.05985324,  0.        , ..., -0.98333952,
         -0.99952273, -0.88166045],
        ...,
        [ 0.99614679,  0.97069655,  0.98333952, ...,  0.        ,
         -0.15131427,  0.30375571],
        [ 0.99794737,  0.99588178,  0.99952273, ...,  0.15131427,
          0.        ,  0.44442284],
        [ 0.92243895,  0.85183599,  0.88166045, ..., -0.30375571,
         -0.44442284,  0.        ]],

       [[ 0.        , -0.06964687, -0.09520472, ..., -0.00397997,
          0.08585015,  0.20233148],
        [ 0.06964687,  0.        , -0.02564302, ...,  0.06567601,
          0.15503142,  0.27004653],
        [ 0.09520472,  0.02564302,  0.        , ...,  0.09124208,
          0.18031343,  0.29464805],
        ...,
        [ 0.00397997, -0.06567601, -0.09124208, ...,  0.        ,
          0.08981475,  0.20622753],
        [-0.08585015, -0.15503142, -0.18031343, ..., -0.08981475,
          0.        ,  0.11750997],
        [-0.20233148, -0.27004653, -0.29464805, ..., -0.20622753,
         -0.11750997,  0.        ]],

       [[ 0.        , -0.41216082, -0.55988337, ..., -0.49888765,
         -0.43915216, -0.45191009],
        [ 0.41216082,  0.        , -0.16861128, ..., -0.81174813,
         -0.77040693, -0.77941392],
        [ 0.55988337,  0.16861128,  0.        , ..., -0.89859631,
         -0.86687527, -0.8738913 ],
        ...,
        [ 0.49888765,  0.81174813,  0.89859631, ...,  0.        ,
         -0.06760846, -0.05338405],
        [ 0.43915216,  0.77040693,  0.86687527, ...,  0.06760846,
          0.        ,  0.01425015],
        [ 0.45191009,  0.77941392,  0.8738913 , ...,  0.05338405,
         -0.01425015,  0.        ]],

       ...,

       [[ 0.        , -0.02261127,  0.13667899, ..., -0.53346324,
         -0.75412442, -0.44117326],
        [ 0.02261127,  0.        ,  0.15904312, ..., -0.51420171,
         -0.73908208, -0.42076861],
        [-0.13667899, -0.15904312,  0.        , ..., -0.64406317,
         -0.83680867, -0.55969175],
        ...,
        [ 0.53346324,  0.51420171,  0.64406317, ...,  0.        ,
         -0.28751382,  0.10558702],
        [ 0.75412442,  0.73908208,  0.83680867, ...,  0.28751382,
          0.        ,  0.3870354 ],
        [ 0.44117326,  0.42076861,  0.55969175, ..., -0.10558702,
         -0.3870354 ,  0.        ]],

       [[ 0.        , -0.17164273, -0.35593078, ..., -0.92017715,
         -0.94474975, -0.98321288],
        [ 0.17164273,  0.        , -0.19024626, ..., -0.83932253,
         -0.87446577, -0.93730297],
        [ 0.35593078,  0.19024626,  0.        , ..., -0.72056918,
         -0.76620885, -0.85388065],
        ...,
        [ 0.92017715,  0.83932253,  0.72056918, ...,  0.        ,
         -0.0682445 , -0.21703254],
        [ 0.94474975,  0.87446577,  0.76620885, ...,  0.0682445 ,
          0.        , -0.1499087 ],
        [ 0.98321288,  0.93730297,  0.85388065, ...,  0.21703254,
          0.1499087 ,  0.        ]],

       [[ 0.        ,  0.17166527,  0.41665823, ..., -0.99428051,
         -0.97548737, -0.90075067],
        [-0.17166527,  0.        ,  0.2544185 , ..., -0.99785462,
         -0.92323072, -0.81281883],
        [-0.41665823, -0.2544185 ,  0.        , ..., -0.94836298,
         -0.79509178, -0.6378694 ],
        ...,
        [ 0.99428051,  0.99785462,  0.94836298, ...,  0.        ,
         -0.32297898, -0.52805264],
        [ 0.97548737,  0.92323072,  0.79509178, ...,  0.32297898,
          0.        , -0.22547474],
        [ 0.90075067,  0.81281883,  0.6378694 , ...,  0.52805264,
          0.22547474,  0.        ]]]), 'num': array([ 7.07087969e-01,  7.07087969e-01,  0.00000000e+00,  1.91191460e-03,
        1.97066058e-03,  1.91191460e-03,  4.63429941e-03, -6.40865228e-05,
        1.93114056e-03,  2.02940656e-03,  2.08824155e-03,  3.91287351e-07,
        2.23950112e-03,  1.81931199e-03])}
{'img': array([[[ 0.        ,  0.05985324,  0.05985324, ..., -0.99588178,
         -0.85183599, -0.98558153],
        [-0.05985324,  0.        ,  0.        , ..., -0.99952273,
         -0.88166045, -0.99394181],
        [-0.05985324,  0.        ,  0.        , ..., -0.99952273,
         -0.88166045, -0.99394181],
        ...,
        [ 0.99588178,  0.99952273,  0.99952273, ...,  0.        ,
          0.44442284,  0.07915026],
        [ 0.85183599,  0.88166045,  0.88166045, ..., -0.44442284,
          0.        , -0.37212439],
        [ 0.98558153,  0.99394181,  0.99394181, ..., -0.07915026,
          0.37212439,  0.        ]],

       [[ 0.        , -0.02564302, -0.23296113, ...,  0.15503142,
          0.27004653,  0.00280221],
        [ 0.02564302,  0.        , -0.20794704, ...,  0.18031343,
          0.29464805,  0.02844421],
        [ 0.23296113,  0.20794704,  0.        , ...,  0.38091042,
          0.48692248,  0.23568533],
        ...,
        [-0.15503142, -0.18031343, -0.38091042, ...,  0.        ,
          0.11750997, -0.15226248],
        [-0.27004653, -0.29464805, -0.48692248, ..., -0.11750997,
          0.        , -0.26734737],
        [-0.00280221, -0.02844421, -0.23568533, ...,  0.15226248,
          0.26734737,  0.        ]],

       [[ 0.        , -0.22048651, -0.44222587, ..., -0.67514739,
         -0.68573279, -0.53206431],
        [ 0.22048651,  0.        , -0.23358752, ..., -0.82118115,
         -0.82933878, -0.70565702],
        [ 0.44222587,  0.23358752,  0.        , ..., -0.93176465,
         -0.93691188, -0.85164485],
        ...,
        [ 0.67514739,  0.82118115,  0.93176465, ...,  0.        ,
          0.01444501, -0.17915524],
        [ 0.68573279,  0.82933878,  0.93691188, ..., -0.01444501,
          0.        , -0.19334785],
        [ 0.53206431,  0.70565702,  0.85164485, ...,  0.17915524,
          0.19334785,  0.        ]],

       ...,

       [[ 0.        ,  0.15904312,  0.0373542 , ..., -0.73908208,
         -0.42076861, -0.27909638],
        [-0.15904312,  0.        , -0.12205338, ..., -0.83680867,
         -0.55969175, -0.42826718],
        [-0.0373542 ,  0.12205338,  0.        , ..., -0.76372863,
         -0.45436149, -0.31477146],
        ...,
        [ 0.73908208,  0.83680867,  0.76372863, ...,  0.        ,
          0.3870354 ,  0.52170963],
        [ 0.42076861,  0.55969175,  0.45436149, ..., -0.3870354 ,
          0.        ,  0.15086126],
        [ 0.27909638,  0.42826718,  0.31477146, ..., -0.52170963,
         -0.15086126,  0.        ]],

       [[ 0.        , -0.19024626, -0.31138097, ..., -0.87446577,
         -0.93730297, -0.98980365],
        [ 0.19024626,  0.        , -0.12490584, ..., -0.76620885,
         -0.85388065, -0.94462788],
        [ 0.31138097,  0.12490584,  0.        , ..., -0.67994492,
         -0.78218397, -0.89624308],
        ...,
        [ 0.87446577,  0.76620885,  0.67994492, ...,  0.        ,
         -0.1499087 , -0.3555835 ],
        [ 0.93730297,  0.85388065,  0.78218397, ...,  0.1499087 ,
          0.        , -0.211454  ],
        [ 0.98980365,  0.94462788,  0.89624308, ...,  0.3555835 ,
          0.211454  ,  0.        ]],

       [[ 0.        ,  0.2511985 ,  0.49626678, ..., -0.96622011,
         -0.94356769, -0.80626066],
        [-0.2511985 ,  0.        ,  0.26227126, ..., -0.8705004 ,
         -0.8301209 , -0.6318093 ],
        [-0.49626678, -0.26227126,  0.        , ..., -0.71094638,
         -0.65482374, -0.40639959],
        ...,
        [ 0.96622011,  0.8705004 ,  0.71094638, ...,  0.        ,
         -0.0768179 , -0.3637895 ],
        [ 0.94356769,  0.8301209 ,  0.65482374, ...,  0.0768179 ,
          0.        , -0.29116013],
        [ 0.80626066,  0.6318093 ,  0.40639959, ...,  0.3637895 ,
          0.29116013,  0.        ]]]), 'num': array([ 7.07085419e-01,  7.07085419e-01,  0.00000000e+00,  1.89054561e-03,
        1.95997242e-03,  1.89054561e-03,  5.39856513e-03, -2.13620972e-05,
        1.92045254e-03,  2.01444577e-03,  2.08333853e-03,  4.03264081e-07,
        2.21930483e-03,  1.80958671e-03])}
{'img': array([[[ 0.        ,  0.        ,  0.30952273, ..., -0.88166045,
         -0.99394181, -0.99833044],
        [ 0.        ,  0.        ,  0.30952273, ..., -0.88166045,
         -0.99394181, -0.99833044],
        [-0.30952273, -0.30952273,  0.        , ..., -0.98442284,
         -0.97915026, -0.93142615],
        ...,
        [ 0.88166045,  0.88166045,  0.98442284, ...,  0.        ,
         -0.37212439, -0.52202206],
        [ 0.99394181,  0.99394181,  0.97915026, ...,  0.37212439,
          0.        , -0.16713514],
        [ 0.99833044,  0.99833044,  0.93142615, ...,  0.52202206,
          0.16713514,  0.        ]],

       [[ 0.        , -0.20794704,  0.75483204, ...,  0.29464805,
          0.02844421,  0.16304736],
        [ 0.20794704,  0.        ,  0.87472771, ...,  0.48692248,
          0.23568533,  0.3646475 ],
        [-0.75483204, -0.87472771,  0.        , ..., -0.52805691,
         -0.73586954, -0.63778534],
        ...,
        [-0.29464805, -0.48692248,  0.52805691, ...,  0.        ,
         -0.26734737, -0.13489613],
        [-0.02844421, -0.23568533,  0.73586954, ...,  0.26734737,
          0.        ,  0.1349178 ],
        [-0.16304736, -0.3646475 ,  0.63778534, ...,  0.13489613,
         -0.1349178 ,  0.        ]],

       [[ 0.        , -0.23195524, -0.26839764, ..., -0.8548492 ,
         -0.75790845, -0.47900256],
        [ 0.23195524,  0.        , -0.0376331 , ..., -0.95189057,
         -0.88855614, -0.6695519 ],
        [ 0.26839764,  0.0376331 ,  0.        , ..., -0.96274849,
         -0.90519157, -0.69703017],
        ...,
        [ 0.8548492 ,  0.95189057,  0.96274849, ...,  0.        ,
         -0.16440932, -0.501855  ],
        [ 0.75790845,  0.88855614,  0.90519157, ...,  0.16440932,
          0.        , -0.35281972],
        [ 0.47900256,  0.6695519 ,  0.69703017, ...,  0.501855  ,
          0.35281972,  0.        ]],

       ...,

       [[ 0.        , -0.12205338, -0.0125997 , ..., -0.55969175,
         -0.42826718, -0.39698098],
        [ 0.12205338,  0.        ,  0.10953819, ..., -0.45436149,
         -0.31477146, -0.2819891 ],
        [ 0.0125997 , -0.10953819,  0.        , ..., -0.54920593,
         -0.41684744, -0.38538512],
        ...,
        [ 0.55969175,  0.45436149,  0.54920593, ...,  0.        ,
          0.15086126,  0.18472162],
        [ 0.42826718,  0.31477146,  0.41684744, ..., -0.15086126,
          0.        ,  0.0343424 ],
        [ 0.39698098,  0.2819891 ,  0.38538512, ..., -0.18472162,
         -0.0343424 ,  0.        ]],

       [[ 0.        , -0.12490584, -0.1287329 , ..., -0.85388065,
         -0.94462788, -0.99072656],
        [ 0.12490584,  0.        , -0.00385821, ..., -0.78218397,
         -0.89624308, -0.96599673],
        [ 0.1287329 ,  0.00385821,  0.        , ..., -0.7797743 ,
         -0.89452505, -0.96499198],
        ...,
        [ 0.85388065,  0.78218397,  0.7797743 , ...,  0.        ,
         -0.211454  , -0.39962487],
        [ 0.94462788,  0.89624308,  0.89452505, ...,  0.211454  ,
          0.        , -0.19675313],
        [ 0.99072656,  0.96599673,  0.96499198, ...,  0.39962487,
          0.19675313,  0.        ]],

       [[ 0.        ,  0.25815671,  0.36109584, ..., -0.90304607,
         -0.85139109, -0.62357762],
        [-0.25815671,  0.        ,  0.10811725, ..., -0.76154598,
         -0.68712023, -0.40062328],
        [-0.36109584, -0.10811725,  0.        , ..., -0.68700994,
         -0.60454053, -0.29921323],
        ...,
        [ 0.90304607,  0.76154598,  0.68700994, ...,  0.        ,
         -0.10796635, -0.43811275],
        [ 0.85139109,  0.68712023,  0.60454053, ...,  0.10796635,
          0.        , -0.33849867],
        [ 0.62357762,  0.40062328,  0.29921323, ...,  0.43811275,
          0.33849867,  0.        ]]]), 'num': array([ 7.07022702e-01,  7.07022702e-01,  0.00000000e+00,  1.82095726e-03,
        1.88503787e-03,  1.76755676e-03,  1.44169619e-02, -6.94206581e-05,
        1.89999001e-03,  1.99530991e-03,  2.07692369e-03,  3.22418151e-07,
        2.19801461e-03,  1.79260522e-03])}
{'img': array([[[ 0.        ,  0.2951099 , -0.21409596, ..., -0.96620846,
         -0.9903907 , -0.79302015],
        [-0.2951099 ,  0.        , -0.49282791, ..., -0.99924484,
         -0.98709502, -0.57792207],
        [ 0.21409596,  0.49282791,  0.        , ..., -0.88861885,
         -0.93781715, -0.90505838],
        ...,
        [ 0.96620846,  0.99924484,  0.88861885, ...,  0.        ,
         -0.12166055, -0.79302015],
        [ 0.9903907 ,  0.98709502,  0.93781715, ...,  0.12166055,
          0.        , -0.71301436],
        [ 0.79302015,  0.57792207,  0.90505838, ...,  0.79302015,
          0.71301436,  0.        ]],

       [[ 0.        ,  0.87472771,  0.64236937, ...,  0.23568533,
          0.3646475 ,  0.9624007 ],
        [-0.87472771,  0.        , -0.35908546, ..., -0.73586954,
         -0.63778534,  0.70399913],
        [-0.64236937,  0.35908546,  0.        , ..., -0.44364535,
         -0.31867534,  0.91206848],
        ...,
        [-0.23568533,  0.73586954,  0.44364535, ...,  0.        ,
          0.1349178 ,  0.9993094 ],
        [-0.3646475 ,  0.63778534,  0.31867534, ..., -0.1349178 ,
          0.        ,  0.99518578],
        [-0.9624007 , -0.70399913, -0.91206848, ..., -0.9993094 ,
         -0.99518578,  0.        ]],

       [[ 0.        , -0.03637116, -0.1294988 , ..., -0.96698946,
         -0.93052098, -0.65274725],
        [ 0.03637116,  0.        , -0.09334822, ..., -0.97561762,
         -0.94322583, -0.67986927],
        [ 0.1294988 ,  0.09334822,  0.        , ..., -0.99184541,
         -0.97011306, -0.74535599],
        ...,
        [ 0.96698946,  0.97561762,  0.99184541, ...,  0.        ,
         -0.11703686, -0.56623708],
        [ 0.93052098,  0.94322583,  0.97011306, ...,  0.11703686,
          0.        , -0.46587891],
        [ 0.65274725,  0.67986927,  0.74535599, ...,  0.56623708,
          0.46587891,  0.        ]],

       ...,

       [[ 0.        ,  0.10953819,  0.02143222, ..., -0.31477146,
         -0.2819891 , -0.50518854],
        [-0.10953819,  0.        , -0.08820978, ..., -0.41684744,
         -0.38538512, -0.59668106],
        [-0.02143222,  0.08820978,  0.        , ..., -0.33504192,
         -0.30248677, -0.5235687 ],
        ...,
        [ 0.31477146,  0.41684744,  0.33504192, ...,  0.        ,
          0.0343424 , -0.20785794],
        [ 0.2819891 ,  0.38538512,  0.30248677, ..., -0.0343424 ,
          0.        , -0.24132765],
        [ 0.50518854,  0.59668106,  0.5235687 , ...,  0.20785794,
          0.24132765,  0.        ]],

       [[ 0.        , -0.00385821,  0.02898266, ..., -0.89624308,
         -0.96599673, -0.99990645],
        [ 0.00385821,  0.        ,  0.03283903, ..., -0.89452505,
         -0.96499198, -0.99984624],
        [-0.02898266, -0.03283903,  0.        , ..., -0.90872222,
         -0.97308452, -0.99988283],
        ...,
        [ 0.89624308,  0.89452505,  0.90872222, ...,  0.        ,
         -0.19675313, -0.43126297],
        [ 0.96599673,  0.96499198,  0.97308452, ...,  0.19675313,
          0.        , -0.24531725],
        [ 0.99990645,  0.99984624,  0.99988283, ...,  0.43126297,
          0.24531725,  0.        ]],

       [[ 0.        ,  0.10538265, -0.01678218, ..., -0.82096946,
         -0.74897249, -0.39118017],
        [-0.10538265,  0.        , -0.12205655, ..., -0.75622753,
         -0.67497536, -0.29201684],
        [ 0.01678218,  0.12205655,  0.        , ..., -0.830436  ,
         -0.75998691, -0.40656996],
        ...,
        [ 0.82096946,  0.75622753,  0.830436  , ...,  0.        ,
         -0.11633285, -0.53219681],
        [ 0.74897249,  0.67497536,  0.75998691, ...,  0.11633285,
          0.        , -0.43009355],
        [ 0.39118017,  0.29201684,  0.40656996, ...,  0.53219681,
          0.43009355,  0.        ]]]), 'num': array([7.07076853e-01, 7.07076853e-01, 0.00000000e+00, 1.82109673e-03,
       1.87450132e-03, 1.81041581e-03, 7.40863805e-03, 0.00000000e+00,
       1.88411415e-03, 1.97783922e-03, 2.07085222e-03, 3.41789415e-07,
       2.17681058e-03, 1.77886785e-03])}
{'img': array([[[ 0.        , -0.49282791, -0.75192844, ..., -0.98709502,
         -0.57792207, -0.57792207],
        [ 0.49282791,  0.        , -0.32937889, ..., -0.93781715,
         -0.90505838, -0.90505838],
        [ 0.75192844,  0.32937889,  0.        , ..., -0.77114775,
         -0.99463483, -0.99463483],
        ...,
        [ 0.98709502,  0.93781715,  0.77114775, ...,  0.        ,
         -0.71301436, -0.71301436],
        [ 0.57792207,  0.90505838,  0.99463483, ...,  0.71301436,
          0.        ,  0.        ],
        [ 0.57792207,  0.90505838,  0.99463483, ...,  0.71301436,
          0.        ,  0.        ]],

       [[ 0.        , -0.35908546, -0.56944655, ..., -0.63778534,
          0.70399913, -0.36636081],
        [ 0.35908546,  0.        , -0.2362887 , ..., -0.31867534,
          0.91206848, -0.00780698],
        [ 0.56944655,  0.2362887 ,  0.        , ..., -0.08568184,
          0.98312867,  0.22869559],
        ...,
        [ 0.63778534,  0.31867534,  0.08568184, ...,  0.        ,
          0.99518578,  0.31126567],
        [-0.70399913, -0.91206848, -0.98312867, ..., -0.99518578,
          0.        , -0.91524184],
        [ 0.36636081,  0.00780698, -0.22869559, ..., -0.31126567,
          0.91524184,  0.        ]],

       [[ 0.        , -0.09095525, -0.23743984, ..., -0.97971306,
         -0.91296056, -0.66714539],
        [ 0.09095525,  0.        , -0.14810151, ..., -0.99388005,
         -0.94629041, -0.73213513],
        [ 0.23743984,  0.14810151,  0.        , ..., -0.99927969,
         -0.98373874, -0.824942  ],
        ...,
        [ 0.97971306,  0.99388005,  0.99927969, ...,  0.        ,
         -0.21680754, -0.59611569],
        [ 0.91296056,  0.94629041,  0.98373874, ...,  0.21680754,
          0.        , -0.40786224],
        [ 0.66714539,  0.73213513,  0.824942  , ...,  0.59611569,
          0.40786224,  0.        ]],

       ...,

       [[ 0.        , -0.08820978, -0.69226007, ..., -0.38538512,
         -0.59668106, -0.54632577],
        [ 0.08820978,  0.        , -0.62590517, ..., -0.30248677,
         -0.5235687 , -0.47031404],
        [ 0.69226007,  0.62590517,  0.        , ...,  0.36067457,
          0.12493006,  0.18556323],
        ...,
        [ 0.38538512,  0.30248677, -0.36067457, ...,  0.        ,
         -0.24132765, -0.1813372 ],
        [ 0.59668106,  0.5235687 , -0.12493006, ...,  0.24132765,
          0.        ,  0.06134913],
        [ 0.54632577,  0.47031404, -0.18556323, ...,  0.1813372 ,
         -0.06134913,  0.        ]],

       [[ 0.        ,  0.03283903,  0.16566858, ..., -0.96499198,
         -0.99984624, -0.92737012],
        [-0.03283903,  0.        ,  0.13319398, ..., -0.97308452,
         -0.99988283, -0.91458338],
        [-0.16566858, -0.13319398,  0.        , ..., -0.99510868,
         -0.98893496, -0.85257114],
        ...,
        [ 0.96499198,  0.97308452,  0.99510868, ...,  0.        ,
         -0.24531725, -0.60427721],
        [ 0.99984624,  0.99988283,  0.98893496, ...,  0.24531725,
          0.        , -0.39034978],
        [ 0.92737012,  0.91458338,  0.85257114, ...,  0.60427721,
          0.39034978,  0.        ]],

       [[ 0.        , -0.11961691, -0.41049779, ..., -0.77278458,
         -0.63325629, -0.28645649],
        [ 0.11961691,  0.        , -0.2984764 , ..., -0.84315315,
         -0.72128615, -0.39900392],
        [ 0.41049779,  0.2984764 ,  0.        , ..., -0.96520256,
         -0.89514364, -0.65450384],
        ...,
        [ 0.77278458,  0.84315315,  0.96520256, ...,  0.        ,
         -0.1961828 , -0.5585948 ],
        [ 0.63325629,  0.72128615,  0.89514364, ...,  0.1961828 ,
          0.        , -0.38501782],
        [ 0.28645649,  0.39900392,  0.65450384, ...,  0.5585948 ,
          0.38501782,  0.        ]]]), 'num': array([ 7.07033971e-01,  7.07033971e-01,  0.00000000e+00,  1.74622438e-03,
        1.82098628e-03,  1.73554411e-03,  1.33186830e-02, -7.47619002e-05,
        1.83807472e-03,  1.95395566e-03,  2.06244942e-03,  3.28623737e-07,
        2.14410949e-03,  1.76380184e-03])}
{'img': array([[[ 0.        , -0.2951249 , -0.25583068, ..., -0.97282402,
         -0.97282402, -0.86314831],
        [ 0.2951249 ,  0.        ,  0.04086798, ..., -0.86115825,
         -0.86115825, -0.97372601],
        [ 0.25583068, -0.04086798,  0.        , ..., -0.8812135 ,
         -0.8812135 , -0.96360595],
        ...,
        [ 0.97282402,  0.86115825,  0.8812135 , ...,  0.        ,
          0.        , -0.69108627],
        [ 0.97282402,  0.86115825,  0.8812135 , ...,  0.        ,
          0.        , -0.69108627],
        [ 0.86314831,  0.97372601,  0.96360595, ...,  0.69108627,
          0.69108627,  0.        ]],

       [[ 0.        , -0.2362887 , -0.32891278, ...,  0.91206848,
         -0.00780698,  0.79111887],
        [ 0.2362887 ,  0.        , -0.09645725, ...,  0.98312867,
          0.22869559,  0.9132456 ],
        [ 0.32891278,  0.09645725,  0.        , ...,  0.99618798,
          0.32153015,  0.94828485],
        ...,
        [-0.91206848, -0.98312867, -0.99618798, ...,  0.        ,
         -0.91524184, -0.23348929],
        [ 0.00780698, -0.22869559, -0.32153015, ...,  0.91524184,
          0.        ,  0.79587   ],
        [-0.79111887, -0.9132456 , -0.94828485, ...,  0.23348929,
         -0.79587   ,  0.        ]],

       [[ 0.        , -0.1379621 , -0.26019122, ..., -0.99998843,
         -0.99280833, -0.69759239],
        [ 0.1379621 ,  0.        , -0.12449286, ..., -0.9910897 ,
         -0.99983071, -0.7897708 ],
        [ 0.26019122,  0.12449286,  0.        , ..., -0.96679756,
         -0.98976186, -0.85999095],
        ...,
        [ 0.99998843,  0.9910897 ,  0.96679756, ...,  0.        ,
         -0.11493755, -0.71313087],
        [ 0.99280833,  0.99983071,  0.98976186, ...,  0.11493755,
          0.        , -0.62782997],
        [ 0.69759239,  0.7897708 ,  0.85999095, ...,  0.71313087,
          0.62782997,  0.        ]],

       ...,

       [[ 0.        , -0.62590517, -0.69295558, ..., -0.5235687 ,
         -0.47031404, -0.50647416],
        [ 0.62590517,  0.        , -0.0891702 , ...,  0.12493006,
          0.18556323,  0.14469117],
        [ 0.69295558,  0.0891702 ,  0.        , ...,  0.21290399,
          0.27244554,  0.23234663],
        ...,
        [ 0.5235687 , -0.12493006, -0.21290399, ...,  0.        ,
          0.06134913,  0.01994219],
        [ 0.47031404, -0.18556323, -0.27244554, ..., -0.06134913,
          0.        , -0.04143231],
        [ 0.50647416, -0.14469117, -0.23234663, ..., -0.01994219,
          0.04143231,  0.        ]],

       [[ 0.        ,  0.12474204,  0.20676699, ..., -0.9803189 ,
         -0.9998265 , -0.74644205],
        [-0.12474204,  0.        ,  0.08310559, ..., -0.99728847,
         -0.98969348, -0.65760211],
        [-0.20676699, -0.08310559,  0.        , ..., -0.99995446,
         -0.974369  , -0.59271842],
        ...,
        [ 0.9803189 ,  0.99728847,  0.99995446, ...,  0.        ,
         -0.21564676, -0.7997166 ],
        [ 0.9998265 ,  0.98969348,  0.974369  , ...,  0.21564676,
          0.        , -0.65143092],
        [ 0.74644205,  0.65760211,  0.59271842, ...,  0.7997166 ,
          0.65143092,  0.        ]],

       [[ 0.        , -0.29215567, -0.44334752, ..., -0.82151043,
         -0.72030969, -0.39130058],
        [ 0.29215567,  0.        , -0.16213093, ..., -0.95225383,
         -0.89153768, -0.64308847],
        [ 0.44334752,  0.16213093,  0.        , ..., -0.98915458,
         -0.95317862, -0.75873848],
        ...,
        [ 0.82151043,  0.95225383,  0.98915458, ...,  0.        ,
         -0.15912696, -0.53288855],
        [ 0.72030969,  0.89153768,  0.95317862, ...,  0.15912696,
          0.        , -0.39144763],
        [ 0.39130058,  0.64308847,  0.75873848, ...,  0.53288855,
          0.39144763,  0.        ]]]), 'num': array([ 7.06709654e-01,  7.06709654e-01,  0.00000000e+00,  1.55326669e-03,
        1.72941033e-03,  1.55326669e-03,  3.31146209e-02, -1.92156704e-04,
        1.76570660e-03,  1.92076638e-03,  2.05153969e-03,  1.80660149e-07,
        2.14838663e-03,  1.69314614e-03])}
{'img': array([[[ 0.        ,  0.03260447,  0.04910173, ..., -0.65839878,
         -0.80730003, -0.90251571],
        [-0.03260447,  0.        ,  0.01651049, ..., -0.68258911,
         -0.82611206, -0.88799453],
        [-0.04910173, -0.01651049,  0.        , ..., -0.69456197,
         -0.83530321, -0.88028108],
        ...,
        [ 0.65839878,  0.68258911,  0.69456197, ...,  0.        ,
         -0.21908168, -0.96283985],
        [ 0.80730003,  0.82611206,  0.83530321, ...,  0.21908168,
          0.        , -0.88028108],
        [ 0.90251571,  0.88799453,  0.88028108, ...,  0.96283985,
          0.88028108,  0.        ]],

       [[ 0.        , -0.05855733, -0.23943317, ...,  0.13472731,
          0.54016998,  0.6612568 ],
        [ 0.05855733,  0.        , -0.18216825, ...,  0.19251957,
          0.58852234,  0.61619477],
        [ 0.23943317,  0.18216825,  0.        , ...,  0.36805866,
          0.72595437,  0.46240963],
        ...,
        [-0.13472731, -0.19251957, -0.36805866, ...,  0.        ,
          0.42186453,  0.75629492],
        [-0.54016998, -0.58852234, -0.72595437, ..., -0.42186453,
          0.        ,  0.96169829],
        [-0.6612568 , -0.61619477, -0.46240963, ..., -0.75629492,
         -0.96169829,  0.        ]],

       [[ 0.        , -0.11271334, -0.21073093, ..., -0.9572649 ,
         -0.99859463, -0.74206343],
        [ 0.11271334,  0.        , -0.0992058 , ..., -0.91856667,
         -0.98625756, -0.81288976],
        [ 0.21073093,  0.0992058 ,  0.        , ..., -0.87482263,
         -0.965002  , -0.86665893],
        ...,
        [ 0.9572649 ,  0.91856667,  0.87482263, ...,  0.        ,
         -0.2380731 , -0.85629713],
        [ 0.99859463,  0.98625756,  0.965002  , ...,  0.2380731 ,
          0.        , -0.70871539],
        [ 0.74206343,  0.81288976,  0.86665893, ...,  0.85629713,
          0.70871539,  0.        ]],

       ...,

       [[ 0.        , -0.0891702 , -0.12199644, ...,  0.18556323,
          0.14469117, -0.48787485],
        [ 0.0891702 ,  0.        , -0.03300631, ...,  0.27244554,
          0.23234663, -0.40809347],
        [ 0.12199644,  0.03300631,  0.        , ...,  0.30405482,
          0.26432306, -0.37773833],
        ...,
        [-0.18556323, -0.27244554, -0.30405482, ...,  0.        ,
         -0.04143231, -0.64138226],
        [-0.14469117, -0.23234663, -0.26432306, ...,  0.04143231,
          0.        , -0.60904376],
        [ 0.48787485,  0.40809347,  0.37773833, ...,  0.64138226,
          0.60904376,  0.        ]],

       [[ 0.        ,  0.08310559,  0.15373397, ..., -0.98969348,
         -0.65760211, -0.84028189],
        [-0.08310559,  0.        ,  0.07108451, ..., -0.974369  ,
         -0.59271842, -0.79231948],
        [-0.15373397, -0.07108451,  0.        , ..., -0.95591327,
         -0.53396686, -0.74694602],
        ...,
        [ 0.98969348,  0.974369  ,  0.95591327, ...,  0.        ,
         -0.65143092, -0.41623202],
        [ 0.65760211,  0.59271842,  0.53396686, ...,  0.65143092,
          0.        ,  0.27652052],
        [ 0.84028189,  0.79231948,  0.74694602, ...,  0.41623202,
         -0.27652052,  0.        ]],

       [[ 0.        , -0.14701992, -0.22752875, ..., -0.99961702,
         -0.99322197, -0.5965328 ],
        [ 0.14701992,  0.        , -0.08189253, ..., -0.99282325,
         -0.99951773, -0.70804712],
        [ 0.22752875,  0.08189253,  0.        , ..., -0.97969491,
         -0.99361747, -0.76349856],
        ...,
        [ 0.99961702,  0.99282325,  0.97969491, ...,  0.        ,
         -0.08870277, -0.78577326],
        [ 0.99322197,  0.99951773,  0.99361747, ...,  0.08870277,
          0.        , -0.72781189],
        [ 0.5965328 ,  0.70804712,  0.76349856, ...,  0.78577326,
          0.72781189,  0.        ]]]), 'num': array([7.06624665e-01, 7.06624665e-01, 0.00000000e+00, 1.56375398e-03,
       1.65448373e-03, 1.46768718e-03, 3.65764618e-02, 1.06740886e-05,
       1.70038231e-03, 1.89598499e-03, 2.04275371e-03, 2.06595263e-07,
       2.16289857e-03, 1.62907140e-03])}
{'img': array([[[ 0.        ,  0.01651049,  0.03316467, ..., -0.82611206,
         -0.88799453, -0.97237677],
        [-0.01651049,  0.        ,  0.01665875, ..., -0.83530321,
         -0.88028108, -0.9683904 ],
        [-0.03316467, -0.01665875,  0.        , ..., -0.8443461 ,
         -0.87225514, -0.96410067],
        ...,
        [ 0.82611206,  0.83530321,  0.8443461 , ...,  0.        ,
         -0.88028108, -0.74076848],
        [ 0.88799453,  0.88028108,  0.87225514, ...,  0.88028108,
          0.        ,  0.23987849],
        [ 0.97237677,  0.9683904 ,  0.96410067, ...,  0.74076848,
         -0.23987849,  0.        ]],

       [[ 0.        , -0.17213954, -0.0857879 , ...,  0.55468408,
          0.95601373,  0.58794137],
        [ 0.17213954,  0.        ,  0.08699763, ...,  0.68963468,
          0.89125061,  0.43992063],
        [ 0.0857879 , -0.08699763,  0.        , ...,  0.62401996,
          0.92732584,  0.51637974],
        ...,
        [-0.55468408, -0.68963468, -0.62401996, ...,  0.        ,
          0.95816277,  0.93788902],
        [-0.95601373, -0.89125061, -0.92732584, ..., -0.95816277,
          0.        ,  0.60086681],
        [-0.58794137, -0.43992063, -0.51637974, ..., -0.93788902,
         -0.60086681,  0.        ]],

       [[ 0.        , -0.09158081, -0.21156485, ..., -0.93629607,
         -0.9998357 , -0.77514535],
        [ 0.09158081,  0.        , -0.121168  , ..., -0.90019717,
         -0.99397399, -0.82974711],
        [ 0.21156485,  0.121168  ,  0.        , ..., -0.84079798,
         -0.97336842, -0.89126219],
        ...,
        [ 0.93629607,  0.90019717,  0.84079798, ...,  0.        ,
         -0.33418212, -0.86377602],
        [ 0.9998357 ,  0.99397399,  0.97336842, ...,  0.33418212,
          0.        , -0.64572992],
        [ 0.77514535,  0.82974711,  0.89126219, ...,  0.86377602,
          0.64572992,  0.        ]],

       ...,

       [[ 0.        , -0.03300631,  0.07542629, ...,  0.23234663,
         -0.40809347, -0.24693777],
        [ 0.03300631,  0.        ,  0.10829748, ...,  0.26432306,
         -0.37773833, -0.21481907],
        [-0.07542629, -0.10829748,  0.        , ...,  0.15832265,
         -0.47579066, -0.31932478],
        ...,
        [-0.23234663, -0.26432306, -0.15832265, ...,  0.        ,
         -0.60904376, -0.465331  ],
        [ 0.40809347,  0.37773833,  0.47579066, ...,  0.60904376,
          0.        ,  0.17001596],
        [ 0.24693777,  0.21481907,  0.31932478, ...,  0.465331  ,
         -0.17001596,  0.        ]],

       [[ 0.        ,  0.07108451,  0.11338659, ..., -0.59271842,
         -0.79231948, -0.92700793],
        [-0.07108451,  0.        ,  0.04247367, ..., -0.53396686,
         -0.74694602, -0.89800321],
        [-0.11338659, -0.04247367,  0.        , ..., -0.49757328,
         -0.71803188, -0.8785049 ],
        ...,
        [ 0.59271842,  0.53396686,  0.49757328, ...,  0.        ,
          0.27652052,  0.52432708],
        [ 0.79231948,  0.74694602,  0.71803188, ..., -0.27652052,
          0.        ,  0.26842062],
        [ 0.92700793,  0.89800321,  0.8785049 , ..., -0.52432708,
         -0.26842062,  0.        ]],

       [[ 0.        , -0.0756754 , -0.154985  , ..., -0.97149845,
         -0.99362121, -0.66920122],
        [ 0.0756754 ,  0.        , -0.07977958, ..., -0.95077414,
         -0.99930586, -0.72351526],
        [ 0.154985  ,  0.07977958,  0.        , ..., -0.92302111,
         -0.99909264, -0.77628159],
        ...,
        [ 0.97149845,  0.95077414,  0.92302111, ...,  0.        ,
         -0.34508895, -0.88053367],
        [ 0.99362121,  0.99930586,  0.99909264, ...,  0.34508895,
          0.        , -0.66287597],
        [ 0.66920122,  0.72351526,  0.77628159, ...,  0.88053367,
          0.66287597,  0.        ]]]), 'num': array([7.07035866e-01, 7.07035866e-01, 0.00000000e+00, 1.58602456e-03,
       1.63408591e-03, 1.55932381e-03, 1.32418526e-02, 2.13606002e-05,
       1.65437848e-03, 1.87546070e-03, 2.03557619e-03, 2.49207002e-07,
       2.16847099e-03, 1.58245040e-03])}
{'img': array([[[ 0.        ,  0.01665875, -0.01651049, ..., -0.88028108,
         -0.9683904 , -0.99736019],
        [-0.01665875,  0.        , -0.03316467, ..., -0.87225514,
         -0.96410067, -0.99601214],
        [ 0.01651049,  0.03316467,  0.        , ..., -0.88799453,
         -0.97237677, -0.99842312],
        ...,
        [ 0.88028108,  0.87225514,  0.88799453, ...,  0.        ,
          0.23987849,  0.40928017],
        [ 0.9683904 ,  0.96410067,  0.97237677, ..., -0.23987849,
          0.        ,  0.17846314],
        [ 0.99736019,  0.99601214,  0.99842312, ..., -0.40928017,
         -0.17846314,  0.        ]],

       [[ 0.        ,  0.08699763, -0.14391726, ...,  0.89125061,
          0.43992063,  0.68618991],
