state_0,state_1,state_2,state_3,state_4,state_5,state_6,state_7,state_8,state_9,state_10,state_11,state_12,state_13,state_14,state_15,state_16,state_17,state_18,state_19,state_20,state_21,state_22,state_23,state_24,state_25,state_26,state_27,state_28,state_29,state_30,state_31,state_32,state_33,state_34,state_35,state_36,state_37,state_38,state_39,state_40,state_41,state_42,state_43,state_44,state_45,state_46,state_47,state_48,state_49,state_50,state_51,state_52,state_53,state_54,state_55,state_56,state_57,state_58,state_59,state_60,state_61,state_62,state_63,state_64,state_65,state_66,state_67,state_68,state_69,state_70,state_71,state_72,state_73,state_74,state_75,state_76,state_77,state_78,state_79,state_80,state_81,state_82,state_83,state_84,state_85,state_86,state_87,state_88,state_89,state_90,state_91,state_92,state_93,state_94,state_95,state_96,state_97,state_98,state_99,state_100,state_101,state_102,state_103,state_104,state_105,state_106,state_107,state_108,state_109,state_110,state_111,state_112,state_113,state_114,state_115,state_116,state_117,state_118,state_119,state_120,state_121,state_122,state_123,state_124,state_125,state_126,state_127,state_128,state_129,state_130,state_131,state_132,state_133,state_134,state_135,state_136,state_137,state_138,state_139,state_140,state_141,state_142,state_143,state_144,state_145,state_146,state_147,state_148,state_149,state_150,state_151,state_152,state_153,state_154,state_155,state_156,state_157,state_158,state_159,state_160,state_161,state_162,state_163,state_164,state_165,state_166,state_167,state_168,state_169,state_170,state_171,state_172,state_173,state_174,state_175,state_176,state_177,state_178,state_179,state_180,state_181,state_182,state_183,state_184,state_185,state_186,state_187,state_188,state_189,state_190,state_191,state_192,state_193,state_194,state_195,state_196,state_197,state_198,state_199,state_200,state_201,state_202,state_203,state_204,state_205,state_206,state_207,state_208,state_209,state_210,state_211,state_212,state_213,state_214,state_215,state_216,state_217,state_218,state_219,state_220,state_221,state_222,state_223,state_224,state_225,state_226,state_227,state_228,state_229,state_230,state_231,state_232,state_233,state_234,state_235,state_236,state_237,state_238,state_239,state_240,state_241,state_242,state_243,state_244,state_245,state_246,state_247,state_248,state_249,state_250,state_251,state_252,state_253,state_254,state_255,state_256,state_257,state_258,state_259,state_260,state_261,state_262,state_263,state_264,state_265,state_266,state_267,state_268,state_269,state_270,state_271,state_272,state_273,state_274,state_275,state_276,state_277,state_278,state_279,state_280,state_281,state_282,state_283,state_284,state_285,state_286,state_287
{'img': array([[[ 0.        ,  0.04042796, -0.16126878, ..., -0.89483907,
         -0.88909376, -0.90594203],
        [-0.04042796,  0.        , -0.20103572, ..., -0.91215409,
         -0.90687178, -0.92231865],
        [ 0.16126878,  0.20103572,  0.        , ..., -0.8111375 ,
         -0.80363922, -0.82580223],
        ...,
        [ 0.89483907,  0.91215409,  0.8111375 , ...,  0.        ,
          0.01270874, -0.02552602],
        [ 0.88909376,  0.90687178,  0.80363922, ..., -0.01270874,
          0.        , -0.03822856],
        [ 0.90594203,  0.92231865,  0.82580223, ...,  0.02552602,
          0.03822856,  0.        ]],

       [[ 0.        , -0.00405335, -0.05683581, ...,  0.02520171,
         -0.10832485, -0.09642158],
        [ 0.00405335,  0.        , -0.05278854, ...,  0.02925357,
         -0.10429446, -0.09238632],
        [ 0.05683581,  0.05278854,  0.        , ...,  0.08197873,
         -0.05164839, -0.03969473],
        ...,
        [-0.02520171, -0.02925357, -0.08197873, ...,  0.        ,
         -0.13334386, -0.12147524],
        [ 0.10832485,  0.10429446,  0.05164839, ...,  0.13334386,
          0.        ,  0.01196593],
        [ 0.09642158,  0.09238632,  0.03969473, ...,  0.12147524,
         -0.01196593,  0.        ]],

       [[ 0.        , -0.20682524, -0.43628246, ..., -0.9495315 ,
         -0.96613504, -0.9774784 ],
        [ 0.20682524,  0.        , -0.24074575, ..., -0.99387586,
         -0.99861373, -0.99999073],
        [ 0.43628246,  0.24074575,  0.        , ..., -0.99124717,
         -0.98191476, -0.97161569],
        ...,
        [ 0.9495315 ,  0.99387586,  0.99124717, ...,  0.        ,
          0.05803496,  0.10622249],
        [ 0.96613504,  0.99861373,  0.98191476, ..., -0.05803496,
          0.        ,  0.04833683],
        [ 0.9774784 ,  0.99999073,  0.97161569, ..., -0.10622249,
         -0.04833683,  0.        ]],

       ...,

       [[ 0.        ,  0.07323701, -0.04490569, ..., -0.53061412,
         -0.27813451, -0.51046898],
        [-0.07323701,  0.        , -0.11794823, ..., -0.59126587,
         -0.34773484, -0.57207437],
        [ 0.04490569,  0.11794823,  0.        , ..., -0.49201618,
         -0.23472014, -0.47133981],
        ...,
        [ 0.53061412,  0.59126587,  0.49201618, ...,  0.        ,
          0.27392665,  0.02359265],
        [ 0.27813451,  0.34773484,  0.23472014, ..., -0.27392665,
          0.        , -0.25116016],
        [ 0.51046898,  0.57207437,  0.47133981, ..., -0.02359265,
          0.25116016,  0.        ]],

       [[ 0.        ,  0.0199713 ,  0.0056228 , ..., -0.62282927,
         -0.65544052, -0.70715542],
        [-0.0199713 ,  0.        , -0.0143493 , ..., -0.63832975,
         -0.67039306, -0.72113525],
        [-0.0056228 ,  0.0143493 ,  0.        , ..., -0.62721847,
         -0.65967677, -0.71111989],
        ...,
        [ 0.62282927,  0.63832975,  0.62721847, ...,  0.        ,
         -0.04239919, -0.11287204],
        [ 0.65544052,  0.67039306,  0.65967677, ...,  0.04239919,
          0.        , -0.0706423 ],
        [ 0.70715542,  0.72113525,  0.71111989, ...,  0.11287204,
          0.0706423 ,  0.        ]],

       [[ 0.        ,  0.02944995,  0.1041937 , ..., -0.57621177,
         -0.57412358, -0.56024283],
        [-0.02944995,  0.        ,  0.07485885, ..., -0.6000313 ,
         -0.59798726, -0.58439406],
        [-0.1041937 , -0.07485885,  0.        , ..., -0.65823302,
         -0.65630918, -0.64350004],
        ...,
        [ 0.57621177,  0.6000313 ,  0.65823302, ...,  0.        ,
          0.00255268,  0.01940588],
        [ 0.57412358,  0.59798726,  0.65630918, ..., -0.00255268,
          0.        ,  0.01685361],
        [ 0.56024283,  0.58439406,  0.64350004, ..., -0.01940588,
         -0.01685361,  0.        ]]]), 'num': array([7.26301578e-01, 6.87371737e-01, 6.36108513e-07, 8.46300891e-04,
       8.50449425e-04, 8.32472445e-04, 6.85227153e-04, 1.38284459e-05,
       8.37450686e-04, 8.36690121e-04, 8.38971815e-04, 6.76391377e-07,
       8.82037937e-04, 7.91342306e-04])}
{'img': array([[[ 0.        , -0.20103572, -0.20103572, ..., -0.90687178,
         -0.92231865, -0.86625482],
        [ 0.20103572,  0.        ,  0.        , ..., -0.80363922,
         -0.82580223, -0.74813135],
        [ 0.20103572,  0.        ,  0.        , ..., -0.80363922,
         -0.82580223, -0.74813135],
        ...,
        [ 0.90687178,  0.80363922,  0.80363922, ...,  0.        ,
         -0.03822856,  0.08802981],
        [ 0.92231865,  0.82580223,  0.82580223, ...,  0.03822856,
          0.        ,  0.12604561],
        [ 0.86625482,  0.74813135,  0.74813135, ..., -0.08802981,
         -0.12604561,  0.        ]],

       [[ 0.        , -0.05278854, -0.05864193, ..., -0.10429446,
         -0.09238632, -0.19291193],
        [ 0.05278854,  0.        , -0.00586246, ..., -0.05164839,
         -0.03969473, -0.14084599],
        [ 0.05864193,  0.00586246,  0.        , ..., -0.04579286,
         -0.03383621, -0.13503955],
        ...,
        [ 0.10429446,  0.05164839,  0.04579286, ...,  0.        ,
          0.01196593, -0.08952447],
        [ 0.09238632,  0.03969473,  0.03383621, ..., -0.01196593,
          0.        , -0.10143595],
        [ 0.19291193,  0.14084599,  0.13503955, ...,  0.08952447,
          0.10143595,  0.        ]],

       [[ 0.        , -0.24074575, -0.35995186, ..., -0.99861373,
         -0.99999073, -0.99707385],
        [ 0.24074575,  0.        , -0.12475626, ..., -0.98191476,
         -0.97161569, -0.94934448],
        [ 0.35995186,  0.12475626,  0.        , ..., -0.95062417,
         -0.93451191, -0.90272459],
        ...,
        [ 0.99861373,  0.98191476,  0.95062417, ...,  0.        ,
          0.04833683,  0.12882092],
        [ 0.99999073,  0.97161569,  0.93451191, ..., -0.04833683,
          0.        ,  0.08073626],
        [ 0.99707385,  0.94934448,  0.90272459, ..., -0.12882092,
         -0.08073626,  0.        ]],

       ...,

       [[ 0.        , -0.11794823, -0.28594288, ..., -0.34773484,
         -0.57207437, -0.37731067],
        [ 0.11794823,  0.        , -0.17092343, ..., -0.23472014,
         -0.47133981, -0.26544666],
        [ 0.28594288,  0.17092343,  0.        , ..., -0.06511773,
         -0.31365751, -0.09674878],
        ...,
        [ 0.34773484,  0.23472014,  0.06511773, ...,  0.        ,
         -0.25116016, -0.03173119],
        [ 0.57207437,  0.47133981,  0.31365751, ...,  0.25116016,
          0.        ,  0.22031962],
        [ 0.37731067,  0.26544666,  0.09674878, ...,  0.03173119,
         -0.22031962,  0.        ]],

       [[ 0.        , -0.0143493 , -0.01701206, ..., -0.67039306,
         -0.72113525, -0.78243638],
        [ 0.0143493 ,  0.        , -0.00266309, ..., -0.65967677,
         -0.71111989, -0.77342008],
        [ 0.01701206,  0.00266309,  0.        , ..., -0.65767299,
         -0.70924503, -0.77172922],
        ...,
        [ 0.67039306,  0.65967677,  0.65767299, ...,  0.        ,
         -0.0706423 , -0.1630984 ],
        [ 0.72113525,  0.71111989,  0.70924503, ...,  0.0706423 ,
          0.        , -0.09299454],
        [ 0.78243638,  0.77342008,  0.77172922, ...,  0.1630984 ,
          0.09299454,  0.        ]],

       [[ 0.        ,  0.07485885,  0.1198474 , ..., -0.59798726,
         -0.58439406, -0.5494898 ],
        [-0.07485885,  0.        ,  0.04519183, ..., -0.65630918,
         -0.64350004, -0.61049261],
        [-0.1198474 , -0.04519183,  0.        , ..., -0.68973552,
         -0.67743451, -0.64566181],
        ...,
        [ 0.59798726,  0.65630918,  0.68973552, ...,  0.        ,
          0.01685361,  0.05919945],
        [ 0.58439406,  0.64350004,  0.67743451, ..., -0.01685361,
          0.        ,  0.04236699],
        [ 0.5494898 ,  0.61049261,  0.64566181, ..., -0.05919945,
         -0.04236699,  0.        ]]]), 'num': array([7.91404932e-01, 6.11289449e-01, 2.84093821e-06, 5.52501479e-04,
       5.61216014e-04, 5.35072411e-04, 1.06642372e-03, 1.91719756e-05,
       5.32806632e-04, 5.27447193e-04, 5.27955541e-04, 5.16702481e-07,
       5.56590113e-04, 4.98304273e-04])}
{'img': array([[[ 0.        ,  0.        ,  0.01674994, ..., -0.82580223,
         -0.74813135, -0.54050985],
        [ 0.        ,  0.        ,  0.01674994, ..., -0.82580223,
         -0.74813135, -0.54050985],
        [-0.01674994, -0.01674994,  0.        , ..., -0.83513267,
         -0.75914082, -0.55452637],
        ...,
        [ 0.82580223,  0.82580223,  0.83513267, ...,  0.        ,
          0.12604561,  0.38995271],
        [ 0.74813135,  0.74813135,  0.75914082, ..., -0.12604561,
          0.        ,  0.27077543],
        [ 0.54050985,  0.54050985,  0.55452637, ..., -0.38995271,
         -0.27077543,  0.        ]],

       [[ 0.        , -0.00586246, -0.0680965 , ..., -0.03969473,
         -0.14084599,  0.33753059],
        [ 0.00586246,  0.        , -0.06224648, ..., -0.03383621,
         -0.13503955,  0.34304321],
        [ 0.0680965 ,  0.06224648,  0.        , ...,  0.02844024,
         -0.07310137,  0.40084732],
        ...,
        [ 0.03969473,  0.03383621, -0.02844024, ...,  0.        ,
         -0.10143595,  0.37462979],
        [ 0.14084599,  0.13503955,  0.07310137, ...,  0.10143595,
          0.        ,  0.4667463 ],
        [-0.33753059, -0.34304321, -0.40084732, ..., -0.37462979,
         -0.4667463 ,  0.        ]],

       [[ 0.        , -0.12475626, -0.16187221, ..., -0.97161569,
         -0.94934448, -0.92147484],
        [ 0.12475626,  0.        , -0.03749664, ..., -0.93451191,
         -0.90272459, -0.86581567],
        [ 0.16187221,  0.03749664,  0.        , ..., -0.92050847,
         -0.88595799, -0.84644485],
        ...,
        [ 0.97161569,  0.93451191,  0.92050847, ...,  0.        ,
          0.08073626,  0.15942389],
        [ 0.94934448,  0.90272459,  0.88595799, ..., -0.08073626,
          0.        ,  0.07919978],
        [ 0.92147484,  0.86581567,  0.84644485, ..., -0.15942389,
         -0.07919978,  0.        ]],

       ...,

       [[ 0.        , -0.17092343,  0.00870844, ..., -0.47133981,
         -0.26544666,  0.0484461 ],
        [ 0.17092343,  0.        ,  0.17949724, ..., -0.31365751,
         -0.09674878,  0.21845591],
        [-0.00870844, -0.17949724,  0.        , ..., -0.47900236,
         -0.27383262,  0.03974604],
        ...,
        [ 0.47133981,  0.31365751,  0.47900236, ...,  0.        ,
          0.22031962,  0.51351347],
        [ 0.26544666,  0.09674878,  0.27383262, ..., -0.22031962,
          0.        ,  0.31184309],
        [-0.0484461 , -0.21845591, -0.03974604, ..., -0.51351347,
         -0.31184309,  0.        ]],

       [[ 0.        , -0.00266309, -0.01505272, ..., -0.71111989,
         -0.77342008, -0.76685388],
        [ 0.00266309,  0.        , -0.01238988, ..., -0.70924503,
         -0.77172922, -0.76514193],
        [ 0.01505272,  0.01238988,  0.        , ..., -0.70045619,
         -0.76379063, -0.75710584],
        ...,
        [ 0.71111989,  0.70924503,  0.70045619, ...,  0.        ,
         -0.09299454, -0.08274035],
        [ 0.77342008,  0.77172922,  0.76379063, ...,  0.09299454,
          0.        ,  0.01029387],
        [ 0.76685388,  0.76514193,  0.75710584, ...,  0.08274035,
         -0.01029387,  0.        ]],

       [[ 0.        ,  0.04519183,  0.11295832, ..., -0.64350004,
         -0.61049261, -0.61442933],
        [-0.04519183,  0.        ,  0.06794032, ..., -0.67743451,
         -0.64566181, -0.64945667],
        [-0.11295832, -0.06794032,  0.        , ..., -0.72584497,
         -0.69605076, -0.69961775],
        ...,
        [ 0.64350004,  0.67743451,  0.72584497, ...,  0.        ,
          0.04236699,  0.03739091],
        [ 0.61049261,  0.64566181,  0.69605076, ..., -0.04236699,
          0.        , -0.00498002],
        [ 0.61442933,  0.64945667,  0.69961775, ..., -0.03739091,
          0.00498002,  0.        ]]]), 'num': array([7.79086502e-01, 6.26913922e-01, 2.38141753e-06, 5.47383383e-04,
       5.56806258e-04, 5.37960507e-04, 9.48172527e-04, 4.28312506e-06,
       5.29736907e-04, 5.18557951e-04, 5.18458011e-04, 5.22686448e-07,
       5.47538095e-04, 4.89577806e-04])}
{'img': array([[[ 0.00000000e+00,  1.67499360e-02,  3.33570522e-01, ...,
         -7.48131348e-01, -5.40509848e-01, -4.86266787e-01],
        [-1.67499360e-02,  0.00000000e+00,  3.17733140e-01, ...,
         -7.59140824e-01, -5.54526372e-01, -5.00834837e-01],
        [-3.33570522e-01, -3.17733140e-01,  0.00000000e+00, ...,
         -9.26623179e-01, -7.90197679e-01, -7.49893320e-01],
        ...,
        [ 7.48131348e-01,  7.59140824e-01,  9.26623179e-01, ...,
          0.00000000e+00,  2.70775428e-01,  3.31062300e-01],
        [ 5.40509848e-01,  5.54526372e-01,  7.90197679e-01, ...,
         -2.70775428e-01,  0.00000000e+00,  6.31885515e-02],
        [ 4.86266787e-01,  5.00834837e-01,  7.49893320e-01, ...,
         -3.31062300e-01, -6.31885515e-02,  0.00000000e+00]],

       [[ 0.00000000e+00, -6.22464757e-02,  1.80783969e-02, ...,
         -1.35039546e-01,  3.43043211e-01,  2.88493567e-01],
        [ 6.22464757e-02,  0.00000000e+00,  8.02796424e-02, ...,
         -7.31013670e-02,  4.00847320e-01,  3.47533992e-01],
        [-1.80783969e-02, -8.02796424e-02,  0.00000000e+00, ...,
         -1.52930279e-01,  3.26005755e-01,  2.71136683e-01],
        ...,
        [ 1.35039546e-01,  7.31013670e-02,  1.52930279e-01, ...,
          0.00000000e+00,  4.66746302e-01,  4.15148938e-01],
        [-3.43043211e-01, -4.00847320e-01, -3.26005755e-01, ...,
         -4.66746302e-01,  0.00000000e+00, -5.74699735e-02],
        [-2.88493567e-01, -3.47533992e-01, -2.71136683e-01, ...,
         -4.15148938e-01,  5.74699735e-02,  0.00000000e+00]],

       [[ 0.00000000e+00, -3.74966358e-02, -4.25171677e-03, ...,
         -9.02724586e-01, -8.65815669e-01, -8.14780245e-01],
        [ 3.74966358e-02,  0.00000000e+00,  3.32475701e-02, ...,
         -8.85957986e-01, -8.46444855e-01, -7.92467833e-01],
        [ 4.25171677e-03, -3.32475701e-02,  0.00000000e+00, ...,
         -9.00887258e-01, -8.63680441e-01, -8.12307863e-01],
        ...,
        [ 9.02724586e-01,  8.85957986e-01,  9.00887258e-01, ...,
          0.00000000e+00,  7.91997835e-02,  1.72838675e-01],
        [ 8.65815669e-01,  8.46444855e-01,  8.63680441e-01, ...,
         -7.91997835e-02,  0.00000000e+00,  9.42879097e-02],
        [ 8.14780245e-01,  7.92467833e-01,  8.12307863e-01, ...,
         -1.72838675e-01, -9.42879097e-02,  0.00000000e+00]],

       ...,

       [[ 0.00000000e+00,  1.79497241e-01,  4.13711011e-01, ...,
         -9.67487806e-02,  2.18455909e-01,  2.74108021e-01],
        [-1.79497241e-01,  0.00000000e+00,  2.43575944e-01, ...,
         -2.73832622e-01,  3.97460412e-02,  9.70337882e-02],
        [-4.13711011e-01, -2.43575944e-01,  0.00000000e+00, ...,
         -4.99851113e-01, -2.04834510e-01, -1.48315222e-01],
        ...,
        [ 9.67487806e-02,  2.73832622e-01,  4.99851113e-01, ...,
          0.00000000e+00,  3.11843086e-01,  3.65865331e-01],
        [-2.18455909e-01, -3.97460412e-02,  2.04834510e-01, ...,
         -3.11843086e-01,  0.00000000e+00,  5.73986304e-02],
        [-2.74108021e-01, -9.70337882e-02,  1.48315222e-01, ...,
         -3.65865331e-01, -5.73986304e-02,  0.00000000e+00]],

       [[ 0.00000000e+00, -1.23898787e-02, -1.28374432e-02, ...,
         -7.71729221e-01, -7.65141933e-01, -7.61324491e-01],
        [ 1.23898787e-02,  0.00000000e+00, -4.47600063e-04, ...,
         -7.63790626e-01, -7.57105835e-01, -7.53232815e-01],
        [ 1.28374432e-02,  4.47600063e-04,  0.00000000e+00, ...,
         -7.63501640e-01, -7.56813346e-01, -7.52938329e-01],
        ...,
        [ 7.71729221e-01,  7.63790626e-01,  7.63501640e-01, ...,
          0.00000000e+00,  1.02938699e-02,  1.62016139e-02],
        [ 7.65141933e-01,  7.57105835e-01,  7.56813346e-01, ...,
         -1.02938699e-02,  0.00000000e+00,  5.90823679e-03],
        [ 7.61324491e-01,  7.53232815e-01,  7.52938329e-01, ...,
         -1.62016139e-02, -5.90823679e-03,  0.00000000e+00]],

       [[ 0.00000000e+00,  6.79403239e-02,  1.48529026e-01, ...,
         -6.45661810e-01, -6.49456665e-01, -6.51892002e-01],
        [-6.79403239e-02,  0.00000000e+00,  8.09991000e-02, ...,
         -6.96050762e-01, -6.99617749e-01, -7.01905682e-01],
        [-1.48529026e-01, -8.09991000e-02,  0.00000000e+00, ...,
         -7.51920413e-01, -7.55194188e-01, -7.57292564e-01],
        ...,
        [ 6.45661810e-01,  6.96050762e-01,  7.51920413e-01, ...,
          0.00000000e+00, -4.98002157e-03, -8.18705936e-03],
        [ 6.49456665e-01,  6.99617749e-01,  7.55194188e-01, ...,
          4.98002157e-03,  0.00000000e+00, -3.20710317e-03],
        [ 6.51892002e-01,  7.01905682e-01,  7.57292564e-01, ...,
          8.18705936e-03,  3.20710317e-03,  0.00000000e+00]]]), 'num': array([9.09021327e-01, 4.16740538e-01, 7.51573724e-06, 6.46037781e-04,
       6.67736760e-04, 6.26311436e-04, 2.11594634e-03, 1.57810756e-05,
       6.19801743e-04, 5.98497291e-04, 5.96623288e-04, 6.45184950e-07,
       6.37251400e-04, 5.59743181e-04])}
{'img': array([[[ 0.00000000e+00,  3.17733140e-01,  7.35965875e-01, ...,
         -5.54526372e-01, -5.00834837e-01, -3.09339097e-01],
        [-3.17733140e-01,  0.00000000e+00,  4.82716999e-01, ...,
         -7.90197679e-01, -7.49893320e-01, -5.95458101e-01],
        [-7.35965875e-01, -4.82716999e-01,  0.00000000e+00, ...,
         -9.87870577e-01, -9.76084536e-01, -9.09296405e-01],
        ...,
        [ 5.54526372e-01,  7.90197679e-01,  9.87870577e-01, ...,
          0.00000000e+00,  6.31885515e-02,  2.69906326e-01],
        [ 5.00834837e-01,  7.49893320e-01,  9.76084536e-01, ...,
         -6.31885515e-02,  0.00000000e+00,  2.08523539e-01],
        [ 3.09339097e-01,  5.95458101e-01,  9.09296405e-01, ...,
         -2.69906326e-01, -2.08523539e-01,  0.00000000e+00]],

       [[ 0.00000000e+00,  8.02796424e-02,  1.07489237e-01, ...,
          4.00847320e-01,  3.47533992e-01,  7.09529901e-01],
        [-8.02796424e-02,  0.00000000e+00,  2.73277808e-02, ...,
          3.26005755e-01,  2.71136683e-01,  6.50668725e-01],
        [-1.07489237e-01, -2.73277808e-02,  0.00000000e+00, ...,
          3.00049197e-01,  2.44731315e-01,  6.29674047e-01],
        ...,
        [-4.00847320e-01, -3.26005755e-01, -3.00049197e-01, ...,
          0.00000000e+00, -5.74699735e-02,  3.67564962e-01],
        [-3.47533992e-01, -2.71136683e-01, -2.44731315e-01, ...,
          5.74699735e-02,  0.00000000e+00,  4.20404416e-01],
        [-7.09529901e-01, -6.50668725e-01, -6.29674047e-01, ...,
         -3.67564962e-01, -4.20404416e-01,  0.00000000e+00]],

       [[ 0.00000000e+00,  3.32475701e-02,  1.04062281e-01, ...,
         -8.46444855e-01, -7.92467833e-01, -7.03772527e-01],
        [-3.32475701e-02,  0.00000000e+00,  7.09376885e-02, ...,
         -8.63680441e-01, -8.12307863e-01, -7.27003362e-01],
        [-1.04062281e-01, -7.09376885e-02,  0.00000000e+00, ...,
         -8.97260030e-01, -8.51634365e-01, -7.73880080e-01],
        ...,
        [ 8.46444855e-01,  8.63680441e-01,  8.97260030e-01, ...,
          0.00000000e+00,  9.42879097e-02,  2.26593657e-01],
        [ 7.92467833e-01,  8.12307863e-01,  8.51634365e-01, ...,
         -9.42879097e-02,  0.00000000e+00,  1.33748753e-01],
        [ 7.03772527e-01,  7.27003362e-01,  7.73880080e-01, ...,
         -2.26593657e-01, -1.33748753e-01,  0.00000000e+00]],

       ...,

       [[ 0.00000000e+00,  2.43575944e-01,  1.44290578e-01, ...,
          3.97460412e-02,  9.70337882e-02,  2.51991856e-01],
        [-2.43575944e-01,  0.00000000e+00, -1.01082200e-01, ...,
         -2.04834510e-01, -1.48315222e-01,  8.68673111e-03],
        [-1.44290578e-01,  1.01082200e-01,  0.00000000e+00, ...,
         -1.04846448e-01, -4.75913187e-02,  1.09720624e-01],
        ...,
        [-3.97460412e-02,  2.04834510e-01,  1.04846448e-01, ...,
          0.00000000e+00,  5.73986304e-02,  2.13329325e-01],
        [-9.70337882e-02,  1.48315222e-01,  4.75913187e-02, ...,
         -5.73986304e-02,  0.00000000e+00,  1.56900284e-01],
        [-2.51991856e-01, -8.68673111e-03, -1.09720624e-01, ...,
         -2.13329325e-01, -1.56900284e-01,  0.00000000e+00]],

       [[ 0.00000000e+00, -4.47600063e-04,  2.97350727e-02, ...,
         -7.57105835e-01, -7.53232815e-01, -6.96830163e-01],
        [ 4.47600063e-04,  0.00000000e+00,  3.01824719e-02, ...,
         -7.56813346e-01, -7.52938329e-01, -6.96509059e-01],
        [-2.97350727e-02, -3.01824719e-02,  0.00000000e+00, ...,
         -7.76196746e-01, -7.72458110e-01, -7.17849105e-01],
        ...,
        [ 7.57105835e-01,  7.56813346e-01,  7.76196746e-01, ...,
          0.00000000e+00,  5.90823679e-03,  8.77899491e-02],
        [ 7.53232815e-01,  7.52938329e-01,  7.72458110e-01, ...,
         -5.90823679e-03,  0.00000000e+00,  8.19029917e-02],
        [ 6.96830163e-01,  6.96509059e-01,  7.17849105e-01, ...,
         -8.77899491e-02, -8.19029917e-02,  0.00000000e+00]],

       [[ 0.00000000e+00,  8.09991000e-02,  1.14820495e-01, ...,
         -6.99617749e-01, -7.01905682e-01, -7.32948952e-01],
        [-8.09991000e-02,  0.00000000e+00,  3.39798221e-02, ...,
         -7.55194188e-01, -7.57292564e-01, -7.85642973e-01],
        [-1.14820495e-01, -3.39798221e-02,  0.00000000e+00, ...,
         -7.77031889e-01, -7.79046640e-01, -8.06211920e-01],
        ...,
        [ 6.99617749e-01,  7.55194188e-01,  7.77031889e-01, ...,
          0.00000000e+00, -3.20710317e-03, -4.77662125e-02],
        [ 7.01905682e-01,  7.57292564e-01,  7.79046640e-01, ...,
          3.20710317e-03,  0.00000000e+00, -4.45625244e-02],
        [ 7.32948952e-01,  7.85642973e-01,  8.06211920e-01, ...,
          4.77662125e-02,  4.45625244e-02,  0.00000000e+00]]]), 'num': array([7.42818169e-01, 6.69485884e-01, 1.09451172e-06, 5.39207980e-04,
       5.61742045e-04, 5.39207980e-04, 2.77343637e-03, 1.20718205e-05,
       5.16673916e-04, 4.90960938e-04, 4.86735801e-04, 6.62003057e-07,
       5.29555454e-04, 4.52366422e-04])}
{'img': array([[[ 0.        ,  0.482717  ,  0.27671993, ..., -0.74989332,
         -0.5954581 , -0.40815445],
        [-0.482717  ,  0.        , -0.22152242, ..., -0.97608454,
         -0.90929641, -0.7981306 ],
        [-0.27671993,  0.22152242,  0.        , ..., -0.90367694,
         -0.79451884, -0.64483746],
        ...,
        [ 0.74989332,  0.97608454,  0.90367694, ...,  0.        ,
          0.20852354,  0.41456912],
        [ 0.5954581 ,  0.90929641,  0.79451884, ..., -0.20852354,
          0.        ,  0.21569566],
        [ 0.40815445,  0.7981306 ,  0.64483746, ..., -0.41456912,
         -0.21569566,  0.        ]],

       [[ 0.        ,  0.02732778, -0.16342301, ...,  0.27113668,
          0.65066872,  0.91406654],
        [-0.02732778,  0.        , -0.19032236, ...,  0.24473131,
          0.62967405,  0.90264199],
        [ 0.16342301,  0.19032236,  0.        , ...,  0.42479287,
          0.76601837,  0.96805644],
        ...,
        [-0.27113668, -0.24473131, -0.42479287, ...,  0.        ,
          0.42040442,  0.76986304],
        [-0.65066872, -0.62967405, -0.76601837, ..., -0.42040442,
          0.        ,  0.43021915],
        [-0.91406654, -0.90264199, -0.96805644, ..., -0.76986304,
         -0.43021915,  0.        ]],

       [[ 0.        ,  0.07093769,  0.19817218, ..., -0.81230786,
         -0.72700336, -0.58822979],
        [-0.07093769,  0.        ,  0.12814214, ..., -0.85163436,
         -0.77388008, -0.64411476],
        [-0.19817218, -0.12814214,  0.        , ..., -0.91177728,
         -0.8486566 , -0.73682418],
        ...,
        [ 0.81230786,  0.85163436,  0.91177728, ...,  0.        ,
          0.13374875,  0.31383575],
        [ 0.72700336,  0.77388008,  0.8486566 , ..., -0.13374875,
          0.        ,  0.18402462],
        [ 0.58822979,  0.64411476,  0.73682418, ..., -0.31383575,
         -0.18402462,  0.        ]],

       ...,

       [[ 0.        , -0.08606219, -0.1334804 , ..., -0.12713159,
          0.00727112,  0.83816191],
        [ 0.08606219,  0.        , -0.0476931 , ..., -0.04129603,
          0.09330406,  0.88199231],
        [ 0.1334804 ,  0.0476931 ,  0.        , ...,  0.00640338,
          0.14068293,  0.90346466],
        ...,
        [ 0.12713159,  0.04129603, -0.00640338, ...,  0.        ,
          0.13434035,  0.90070125],
        [-0.00727112, -0.09330406, -0.14068293, ..., -0.13434035,
          0.        ,  0.83417393],
        [-0.83816191, -0.88199231, -0.90346466, ..., -0.90070125,
         -0.83417393,  0.        ]],

       [[ 0.        ,  0.03018247,  0.04526281, ..., -0.75293833,
         -0.69650906, -0.5925672 ],
        [-0.03018247,  0.        ,  0.01509065, ..., -0.77245811,
         -0.71784911, -0.61660984],
        [-0.04526281, -0.01509065,  0.        , ..., -0.7819537 ,
         -0.72827345, -0.62842003],
        ...,
        [ 0.75293833,  0.77245811,  0.7819537 , ...,  0.        ,
          0.08190299,  0.21654446],
        [ 0.69650906,  0.71784911,  0.72827345, ..., -0.08190299,
          0.        ,  0.13585728],
        [ 0.5925672 ,  0.61660984,  0.62842003, ..., -0.21654446,
         -0.13585728,  0.        ]],

       [[ 0.        ,  0.03397982,  0.09562097, ..., -0.75729256,
         -0.78564297, -0.82156668],
        [-0.03397982,  0.        ,  0.06174163, ..., -0.77904664,
         -0.80621192, -0.84046456],
        [-0.09562097, -0.06174163,  0.        , ..., -0.81627025,
         -0.84120181, -0.87231681],
        ...,
        [ 0.75729256,  0.77904664,  0.81627025, ...,  0.        ,
         -0.04456252, -0.10480339],
        [ 0.78564297,  0.80621192,  0.84120181, ...,  0.04456252,
          0.        , -0.06038216],
        [ 0.82156668,  0.84046456,  0.87231681, ...,  0.10480339,
          0.06038216,  0.        ]]]), 'num': array([7.65482635e-01, 6.43437572e-01, 1.76620931e-06, 5.70304035e-04,
       6.06618619e-04, 5.66177378e-04, 4.70042770e-03, 1.73319606e-05,
       5.42903031e-04, 5.06547180e-04, 4.99146708e-04, 7.14899781e-07,
       5.55693919e-04, 4.57400442e-04])}
{'img': array([[[ 0.        , -0.22152242, -0.37883107, ..., -0.90929641,
         -0.7981306 , -0.50459866],
        [ 0.22152242,  0.        , -0.16440769, ..., -0.79451884,
         -0.64483746, -0.30080977],
        [ 0.37883107,  0.16440769,  0.        , ..., -0.68387256,
         -0.51040277, -0.13992348],
        ...,
        [ 0.90929641,  0.79451884,  0.68387256, ...,  0.        ,
          0.21569566,  0.57505646],
        [ 0.7981306 ,  0.64483746,  0.51040277, ..., -0.21569566,
          0.        ,  0.38505642],
        [ 0.50459866,  0.30080977,  0.13992348, ..., -0.57505646,
         -0.38505642,  0.        ]],

       [[ 0.        , -0.19032236, -0.37516876, ...,  0.62967405,
          0.90264199,  0.91735144],
        [ 0.19032236,  0.        , -0.19189074, ...,  0.76601837,
          0.96805644,  0.82482057],
        [ 0.37516876,  0.19189074,  0.        , ...,  0.87513386,
          0.99817959,  0.70099837],
        ...,
        [-0.62967405, -0.76601837, -0.87513386, ...,  0.        ,
          0.43021915,  0.9633127 ],
        [-0.90264199, -0.96805644, -0.99817959, ..., -0.43021915,
          0.        ,  0.75414309],
        [-0.91735144, -0.82482057, -0.70099837, ..., -0.9633127 ,
         -0.75414309,  0.        ]],

       [[ 0.        ,  0.12814214,  0.26502944, ..., -0.77388008,
         -0.64411476, -0.45473821],
        [-0.12814214,  0.        ,  0.13928467, ..., -0.8486566 ,
         -0.73682418, -0.56511588],
        [-0.26502944, -0.13928467,  0.        , ..., -0.91405804,
         -0.82381009, -0.6745188 ],
        ...,
        [ 0.77388008,  0.8486566 ,  0.91405804, ...,  0.        ,
          0.18402462,  0.40123673],
        [ 0.64411476,  0.73682418,  0.82381009, ..., -0.18402462,
          0.        ,  0.22582242],
        [ 0.45473821,  0.56511588,  0.6745188 , ..., -0.40123673,
         -0.22582242,  0.        ]],

       ...,

       [[ 0.        , -0.04333767, -0.06890095, ...,  0.08386996,
          0.64167163,  0.9205938 ],
        [ 0.04333767,  0.        , -0.02560154, ...,  0.12697614,
          0.67430787,  0.93665318],
        [ 0.06890095,  0.02560154,  0.        , ...,  0.15232883,
          0.69299232,  0.94531332],
        ...,
        [-0.08386996, -0.12697614, -0.15232883, ...,  0.        ,
          0.5750843 ,  0.88459725],
        [-0.64167163, -0.67430787, -0.69299232, ..., -0.5750843 ,
          0.        ,  0.45548997],
        [-0.9205938 , -0.93665318, -0.94531332, ..., -0.88459725,
         -0.45548997,  0.        ]],

       [[ 0.        ,  0.01509065,  0.01188094, ..., -0.71784911,
         -0.61660984, -0.47475961],
        [-0.01509065,  0.        , -0.00321   , ..., -0.72827345,
         -0.62842003, -0.48798707],
        [-0.01188094,  0.00321   ,  0.        , ..., -0.72606993,
         -0.62591981, -0.4851827 ],
        ...,
        [ 0.71784911,  0.72827345,  0.72606993, ...,  0.        ,
          0.13585728,  0.30126309],
        [ 0.61660984,  0.62842003,  0.62591981, ..., -0.13585728,
          0.        ,  0.16892441],
        [ 0.47475961,  0.48798707,  0.4851827 , ..., -0.30126309,
         -0.16892441,  0.        ]],

       [[ 0.        ,  0.06174163,  0.15519466, ..., -0.80621192,
         -0.84046456, -0.88530609],
        [-0.06174163,  0.        ,  0.09390501, ..., -0.84120181,
         -0.87231681, -0.91232747],
        [-0.15519466, -0.09390501,  0.        , ..., -0.88826111,
         -0.9143762 , -0.94674651],
        ...,
        [ 0.80621192,  0.84120181,  0.88826111, ...,  0.        ,
         -0.06038216, -0.14887528],
        [ 0.84046456,  0.87231681,  0.9143762 , ...,  0.06038216,
          0.        , -0.08889437],
        [ 0.88530609,  0.91232747,  0.94674651, ...,  0.14887528,
          0.08889437,  0.        ]]]), 'num': array([ 9.74226932e-01,  2.25552658e-01,  1.11409862e-05,  7.21266160e-04,
        7.56685480e-04,  7.18046222e-04,  2.00504479e-03, -2.03929420e-05,
        7.14182296e-04,  6.61858300e-04,  6.48584999e-04,  8.92009911e-07,
        7.31341602e-04,  5.92374998e-04])}
{'img': array([[[ 0.        , -0.31320502, -0.22289365, ..., -0.78250722,
         -0.46216788, -0.76181152],
        [ 0.31320502,  0.        ,  0.09364677, ..., -0.54812134,
         -0.1611663 , -0.52058756],
        [ 0.22289365, -0.09364677,  0.        , ..., -0.62403867,
         -0.2528806 , -0.59825622],
        ...,
        [ 0.78250722,  0.54812134,  0.62403867, ...,  0.        ,
          0.40615659,  0.03257172],
        [ 0.46216788,  0.1611663 ,  0.2528806 , ..., -0.40615659,
          0.        , -0.37617694],
        [ 0.76181152,  0.52058756,  0.59825622, ..., -0.03257172,
          0.37617694,  0.        ]],

       [[ 0.        , -0.19189074,  0.05664066, ...,  0.96805644,
          0.82482057,  0.69539212],
        [ 0.19189074,  0.        ,  0.24717075, ...,  0.99817959,
          0.70099837,  0.8203677 ],
        [-0.05664066, -0.24717075,  0.        , ...,  0.9523007 ,
          0.85552075,  0.65357205],
        ...,
        [-0.96805644, -0.99817959, -0.9523007 , ...,  0.        ,
          0.75414309, -0.52131756],
        [-0.82482057, -0.70099837, -0.85552075, ..., -0.75414309,
          0.        , -0.98591215],
        [-0.69539212, -0.8203677 , -0.65357205, ...,  0.52131756,
          0.98591215,  0.        ]],

       [[ 0.        ,  0.13928467,  0.46612571, ..., -0.73682418,
         -0.56511588, -0.4629965 ],
        [-0.13928467,  0.        ,  0.33835437, ..., -0.82381009,
         -0.6745188 , -0.58193976],
        [-0.46612571, -0.33835437,  0.        , ..., -0.96702231,
         -0.88452756, -0.8227768 ],
        ...,
        [ 0.73682418,  0.82381009,  0.96702231, ...,  0.        ,
          0.22582242,  0.34006684],
        [ 0.56511588,  0.6745188 ,  0.88452756, ..., -0.22582242,
          0.        ,  0.11891871],
        [ 0.4629965 ,  0.58193976,  0.8227768 , ..., -0.34006684,
         -0.11891871,  0.        ]],

       ...,

       [[ 0.        , -0.02560154, -0.39047112, ...,  0.67430787,
          0.93665318,  0.70992408],
        [ 0.02560154,  0.        , -0.36677397, ...,  0.69299232,
          0.94531332,  0.72772199],
        [ 0.39047112,  0.36677397,  0.        , ...,  0.90912159,
          0.99906285,  0.92856719],
        ...,
        [-0.67430787, -0.69299232, -0.90912159, ...,  0.        ,
          0.45548997,  0.04934334],
        [-0.93665318, -0.94531332, -0.99906285, ..., -0.45548997,
          0.        , -0.41100767],
        [-0.70992408, -0.72772199, -0.92856719, ..., -0.04934334,
          0.41100767,  0.        ]],

       [[ 0.        , -0.00321   ,  0.01148394, ..., -0.62842003,
         -0.48798707, -0.40840271],
        [ 0.00321   ,  0.        ,  0.01469367, ..., -0.62591981,
         -0.4851827 , -0.40547051],
        [-0.01148394, -0.01469367,  0.        , ..., -0.63731165,
         -0.49797865, -0.41885834],
        ...,
        [ 0.62842003,  0.62591981,  0.63731165, ...,  0.        ,
          0.16892441,  0.25593704],
        [ 0.48798707,  0.4851827 ,  0.49797865, ..., -0.16892441,
          0.        ,  0.08896084],
        [ 0.40840271,  0.40547051,  0.41885834, ..., -0.25593704,
         -0.08896084,  0.        ]],

       [[ 0.        ,  0.09390501,  0.13127392, ..., -0.87231681,
         -0.91232747, -0.9227128 ],
        [-0.09390501,  0.        ,  0.03760147, ..., -0.9143762 ,
         -0.94674651, -0.95483475],
        [-0.13127392, -0.03760147,  0.        , ..., -0.92895311,
         -0.9581839 , -0.96533231],
        ...,
        [ 0.87231681,  0.9143762 ,  0.92895311, ...,  0.        ,
         -0.08889437, -0.11488443],
        [ 0.91232747,  0.94674651,  0.9581839 , ...,  0.08889437,
          0.        , -0.02612383],
        [ 0.9227128 ,  0.95483475,  0.96533231, ...,  0.11488443,
          0.02612383,  0.        ]]]), 'num': array([ 9.75892134e-01,  2.18242038e-01,  1.12913570e-05,  7.22259345e-04,
        7.38405232e-04,  7.11495420e-04,  1.04470347e-03, -1.07639247e-06,
        7.23120459e-04,  6.66878952e-04,  6.49925771e-04,  8.73593885e-07,
        7.41028175e-04,  5.92729729e-04])}
{'img': array([[[ 0.        ,  0.22429066, -0.25450351, ..., -0.19797897,
         -0.57450679, -0.58834205],
        [-0.22429066,  0.        , -0.46492452, ..., -0.41278603,
         -0.74345154, -0.7547166 ],
        [ 0.25450351,  0.46492452,  0.        , ...,  0.05800604,
         -0.34727827, -0.3631744 ],
        ...,
        [ 0.19797897,  0.41278603, -0.05800604, ...,  0.        ,
         -0.40108941, -0.41660836],
        [ 0.57450679,  0.74345154,  0.34727827, ...,  0.40108941,
          0.        , -0.01700468],
        [ 0.58834205,  0.7547166 ,  0.3631744 , ...,  0.41660836,
          0.01700468,  0.        ]],

       [[ 0.        ,  0.24717075,  0.22315275, ...,  0.70099837,
          0.8203677 ,  0.53072972],
        [-0.24717075,  0.        , -0.02470921, ...,  0.85552075,
          0.65357205,  0.30477483],
        [-0.22315275,  0.02470921,  0.        , ...,  0.8424659 ,
          0.67207402,  0.32821543],
        ...,
        [-0.70099837, -0.85552075, -0.8424659 , ...,  0.        ,
         -0.98591215, -0.97262168],
        [-0.8203677 , -0.65357205, -0.67207402, ...,  0.98591215,
          0.        , -0.3918048 ],
        [-0.53072972, -0.30477483, -0.32821543, ...,  0.97262168,
          0.3918048 ,  0.        ]],

       [[ 0.        ,  0.33835437,  0.21652405, ..., -0.6745188 ,
         -0.58193976, -0.49041267],
        [-0.33835437,  0.        , -0.12657449, ..., -0.88452756,
         -0.8227768 , -0.75636009],
        [-0.21652405,  0.12657449,  0.        , ..., -0.81836792,
         -0.74421883, -0.66747736],
        ...,
        [ 0.6745188 ,  0.88452756,  0.81836792, ...,  0.        ,
          0.11891871,  0.22578571],
        [ 0.58193976,  0.8227768 ,  0.74421883, ..., -0.11891871,
          0.        ,  0.10833566],
        [ 0.49041267,  0.75636009,  0.66747736, ..., -0.22578571,
         -0.10833566,  0.        ]],

       ...,

       [[ 0.        , -0.36677397, -0.41005326, ...,  0.94531332,
          0.72772199,  0.65041647],
        [ 0.36677397,  0.        , -0.04695624, ...,  0.99906285,
          0.92856719,  0.88368236],
        [ 0.41005326,  0.04695624,  0.        , ...,  0.99592843,
          0.94497141,  0.90468722],
        ...,
        [-0.94531332, -0.99906285, -0.99592843, ...,  0.        ,
         -0.41100767, -0.50589679],
        [-0.72772199, -0.92856719, -0.94497141, ...,  0.41100767,
          0.        , -0.10665888],
        [-0.65041647, -0.88368236, -0.90468722, ...,  0.50589679,
          0.10665888,  0.        ]],

       [[ 0.        ,  0.01469367, -0.00117102, ..., -0.4851827 ,
         -0.40547051, -0.33304838],
        [-0.01469367,  0.        , -0.01586455, ..., -0.49797865,
         -0.41885834, -0.34686722],
        [ 0.00117102,  0.01586455,  0.        , ..., -0.48415842,
         -0.4043998 , -0.33194398],
        ...,
        [ 0.4851827 ,  0.49797865,  0.48415842, ...,  0.        ,
          0.08896084,  0.16626173],
        [ 0.40547051,  0.41885834,  0.4043998 , ..., -0.08896084,
          0.        ,  0.07787987],
