state_0,state_1,state_2,state_3,state_4,state_5,state_6,state_7,state_8,state_9,state_10,state_11,state_12,state_13,state_14,state_15,state_16,state_17,state_18,state_19,state_20,state_21,state_22,state_23,state_24,state_25,state_26,state_27,state_28,state_29,state_30,state_31,state_32,state_33,state_34,state_35,state_36,state_37,state_38,state_39,state_40,state_41,state_42,state_43,state_44,state_45,state_46,state_47,state_48,state_49,state_50,state_51,state_52,state_53,state_54,state_55,state_56,state_57,state_58,state_59,state_60,state_61,state_62,state_63,state_64,state_65,state_66,state_67,state_68,state_69,state_70,state_71,state_72,state_73,state_74,state_75,state_76,state_77,state_78,state_79,state_80,state_81,state_82,state_83,state_84,state_85,state_86,state_87,state_88,state_89,state_90,state_91,state_92,state_93,state_94,state_95,state_96,state_97,state_98,state_99,state_100,state_101,state_102,state_103,state_104,state_105,state_106,state_107,state_108,state_109,state_110,state_111,state_112,state_113,state_114,state_115,state_116,state_117,state_118,state_119,state_120,state_121,state_122,state_123,state_124,state_125,state_126,state_127,state_128,state_129,state_130,state_131,state_132,state_133,state_134,state_135,state_136,state_137,state_138,state_139,state_140,state_141,state_142,state_143,state_144,state_145,state_146,state_147,state_148,state_149,state_150,state_151,state_152,state_153,state_154,state_155,state_156,state_157,state_158,state_159,state_160,state_161,state_162,state_163,state_164,state_165,state_166,state_167,state_168,state_169,state_170,state_171,state_172,state_173,state_174,state_175,state_176,state_177,state_178,state_179,state_180,state_181,state_182,state_183,state_184,state_185,state_186,state_187,state_188,state_189,state_190,state_191,state_192,state_193,state_194,state_195,state_196,state_197,state_198,state_199,state_200,state_201,state_202,state_203,state_204,state_205,state_206,state_207,state_208,state_209,state_210,state_211,state_212,state_213,state_214,state_215,state_216,state_217,state_218,state_219,state_220,state_221,state_222,state_223,state_224,state_225,state_226,state_227,state_228,state_229,state_230,state_231,state_232,state_233,state_234,state_235,state_236,state_237,state_238,state_239,state_240,state_241,state_242,state_243,state_244,state_245,state_246,state_247,state_248,state_249,state_250,state_251,state_252,state_253,state_254,state_255,state_256,state_257,state_258,state_259,state_260,state_261,state_262,state_263,state_264,state_265,state_266,state_267,state_268,state_269,state_270,state_271,state_272,state_273,state_274,state_275,state_276,state_277,state_278,state_279,state_280,state_281,state_282,state_283,state_284,state_285,state_286,state_287
{'img': array([[[ 0.        , -0.20138262,  0.45753193, ...,  0.72400683,
          0.73326732,  0.9109576 ],
        [ 0.20138262,  0.        ,  0.62722637, ...,  0.84808614,
          0.85517281,  0.80922417],
        [-0.45753193, -0.62722637,  0.        , ...,  0.32817972,
          0.34092184,  0.99874922],
        ...,
        [-0.72400683, -0.84808614, -0.32817972, ...,  0.        ,
          0.01352098,  0.92702481],
        [-0.73326732, -0.85517281, -0.34092184, ..., -0.01352098,
          0.        ,  0.9218697 ],
        [-0.9109576 , -0.80922417, -0.99874922, ..., -0.92702481,
         -0.9218697 ,  0.        ]],

       [[ 0.        ,  0.49134476,  0.94698622, ...,  0.82144051,
          0.53338127,  0.90746152],
        [-0.49134476,  0.        ,  0.66693563, ...,  0.43523499,
          0.04894028,  0.58393615],
        [-0.94698622, -0.66693563,  0.        , ..., -0.27615315,
         -0.62967029, -0.10631829],
        ...,
        [-0.82144051, -0.43523499,  0.27615315, ...,  0.        ,
         -0.39065169,  0.17240399],
        [-0.53338127, -0.04894028,  0.62967029, ...,  0.39065169,
          0.        ,  0.54350672],
        [-0.90746152, -0.58393615,  0.10631829, ..., -0.17240399,
         -0.54350672,  0.        ]],

       [[ 0.        , -0.09093215,  0.01663553, ...,  0.82033909,
          0.96075104,  0.97560976],
        [ 0.09093215,  0.        ,  0.10748618, ...,  0.86894254,
          0.98199641,  0.95160718],
        [-0.01663553, -0.10748618,  0.        , ...,  0.81071208,
          0.9560032 ,  0.97912645],
        ...,
        [-0.82033909, -0.86894254, -0.81071208, ...,  0.        ,
          0.32185989,  0.73800362],
        [-0.96075104, -0.98199641, -0.9560032 , ..., -0.32185989,
          0.        ,  0.48154246],
        [-0.97560976, -0.95160718, -0.97912645, ..., -0.73800362,
         -0.48154246,  0.        ]],

       ...,

       [[ 0.        , -0.05452602,  0.43270142, ...,  0.08901526,
          0.1265446 ,  0.22915522],
        [ 0.05452602,  0.        ,  0.48121496, ...,  0.14319241,
          0.18044403,  0.2818894 ],
        [-0.43270142, -0.48121496,  0.        , ..., -0.35073313,
         -0.31513823, -0.21459522],
        ...,
        [-0.08901526, -0.14319241,  0.35073313, ...,  0.        ,
          0.03774258,  0.14159898],
        [-0.1265446 , -0.18044403,  0.31513823, ..., -0.03774258,
          0.        ,  0.10413579],
        [-0.22915522, -0.2818894 ,  0.21459522, ..., -0.14159898,
         -0.10413579,  0.        ]],

       [[ 0.        , -0.04495312,  0.03639622, ...,  0.88630374,
          0.82185753,  0.9638315 ],
        [ 0.04495312,  0.        ,  0.08128277, ...,  0.90622576,
          0.8466362 ,  0.9508766 ],
        [-0.03639622, -0.08128277,  0.        , ...,  0.86886126,
          0.80057833,  0.97289294],
        ...,
        [-0.88630374, -0.90622576, -0.86886126, ...,  0.        ,
         -0.12431527,  0.68256551],
        [-0.82185753, -0.8466362 , -0.80057833, ...,  0.12431527,
          0.        ,  0.76812332],
        [-0.9638315 , -0.9508766 , -0.97289294, ..., -0.68256551,
         -0.76812332,  0.        ]],

       [[ 0.        , -0.07561818, -0.08363166, ...,  0.97339864,
          0.87639199,  0.99934581],
        [ 0.07561818,  0.        , -0.00803894, ...,  0.98793714,
          0.83746514,  0.99921931],
        [ 0.08363166,  0.00803894,  0.        , ...,  0.98915009,
          0.83304487,  0.99886943],
        ...,
        [-0.97339864, -0.98793714, -0.98915009, ...,  0.        ,
          0.66958453,  0.19376459],
        [-0.87639199, -0.83746514, -0.83304487, ..., -0.66958453,
          0.        , -0.51297869],
        [-0.99934581, -0.99921931, -0.99886943, ..., -0.19376459,
          0.51297869,  0.        ]]]), 'num': array([7.09612402e-01, 7.04551470e-01, 4.06827334e-08, 2.53046602e-03,
       2.58131943e-03, 2.48571501e-03, 3.05035067e-03, 1.22048200e-05,
       2.46903509e-03, 2.40048468e-03, 2.34624104e-03, 1.24551753e-06,
       2.51967121e-03, 2.28129816e-03])}
{'img': array([[[ 0.        ,  0.61198263,  0.40369588, ...,  0.83636402,
          0.96536609,  0.79818709],
        [-0.61198263,  0.        , -0.24062732, ...,  0.32598299,
          0.92314592,  0.99992742],
        [-0.40369588,  0.24062732,  0.        , ...,  0.54388802,
          0.98853078,  0.97344626],
        ...,
        [-0.83636402, -0.32598299, -0.54388802, ...,  0.        ,
          0.74739559,  0.94137951],
        [-0.96536609, -0.92314592, -0.98853078, ..., -0.74739559,
          0.        ,  0.3732996 ],
        [-0.79818709, -0.99992742, -0.97344626, ..., -0.94137951,
         -0.3732996 ,  0.        ]],

       [[ 0.        ,  0.70092031,  0.05372097, ...,  0.05626964,
          0.61873115,  0.53459496],
        [-0.70092031,  0.        , -0.66159225, ..., -0.65967604,
         -0.10934141, -0.21105936],
        [-0.05372097,  0.66159225,  0.        , ...,  0.00255253,
          0.57563435,  0.48842295],
        ...,
        [-0.05626964,  0.65967604, -0.00255253, ...,  0.        ,
          0.57354525,  0.486194  ],
        [-0.61873115,  0.10934141, -0.57563435, ..., -0.57354525,
          0.        , -0.1029156 ],
        [-0.53459496,  0.21105936, -0.48842295, ..., -0.486194  ,
          0.1029156 ,  0.        ]],

       [[ 0.        ,  0.1017391 ,  0.15731994, ...,  0.93497985,
          0.98626528,  0.93503878],
        [-0.1017391 ,  0.        ,  0.05603141, ...,  0.8940414 ,
          0.96434352,  0.96625811],
        [-0.15731994, -0.05603141,  0.        , ...,  0.86753568,
          0.94799962,  0.97917245],
        ...,
        [-0.93497985, -0.8940414 , -0.86753568, ...,  0.        ,
          0.19539943,  0.66315189],
        [-0.98626528, -0.96434352, -0.94799962, ..., -0.19539943,
          0.        ,  0.5041153 ],
        [-0.93503878, -0.96625811, -0.97917245, ..., -0.66315189,
         -0.5041153 ,  0.        ]],

       ...,

       [[ 0.        ,  0.48121496,  0.04350005, ...,  0.18044403,
          0.2818894 ,  0.36898942],
        [-0.48121496,  0.        , -0.44262719, ..., -0.31513823,
         -0.21459522, -0.12380025],
        [-0.04350005,  0.44262719,  0.        , ...,  0.13748722,
          0.23988658,  0.32820974],
        ...,
        [-0.18044403,  0.31513823, -0.13748722, ...,  0.        ,
          0.10413579,  0.19522181],
        [-0.2818894 ,  0.21459522, -0.23988658, ..., -0.10413579,
          0.        ,  0.09202828],
        [-0.36898942,  0.12380025, -0.32820974, ..., -0.19522181,
         -0.09202828,  0.        ]],

       [[ 0.        ,  0.07133648,  0.06612874, ...,  0.73209834,
          0.92540086,  0.90764256],
        [-0.07133648,  0.        , -0.00522007, ...,  0.68163884,
          0.89600742,  0.93527322],
        [-0.06612874,  0.00522007,  0.        , ...,  0.68544902,
          0.89831313,  0.93341296],
        ...,
        [-0.73209834, -0.68163884, -0.68544902, ...,  0.        ,
          0.35292431,  0.92557902],
        [-0.92540086, -0.89600742, -0.89831313, ..., -0.35292431,
          0.        ,  0.73241868],
        [-0.90764256, -0.93527322, -0.93341296, ..., -0.92557902,
         -0.73241868,  0.        ]],

       [[ 0.        , -0.00803894, -0.00934951, ...,  0.83746514,
          0.99921931,  0.98455971],
        [ 0.00803894,  0.        , -0.00131063, ...,  0.83304487,
          0.99886943,  0.9859351 ],
        [ 0.00934951,  0.00131063,  0.        , ...,  0.83231911,
          0.99880627,  0.9861533 ],
        ...,
        [-0.83746514, -0.83304487, -0.83231911, ...,  0.        ,
         -0.51297869, -0.68465027],
        [-0.99921931, -0.99886943, -0.99880627, ...,  0.51297869,
          0.        , -0.21380904],
        [-0.98455971, -0.9859351 , -0.9861533 , ...,  0.68465027,
          0.21380904,  0.        ]]]), 'num': array([ 7.07007384e-01,  7.07007384e-01,  0.00000000e+00,  5.74146936e-03,
        5.95499508e-03,  5.71299927e-03,  4.70753038e-03, -1.61330544e-04,
        5.75950042e-03,  5.61240493e-03,  5.48088890e-03,  2.63024564e-06,
        5.89178283e-03,  5.33302702e-03])}
{'img': array([[[ 0.        , -0.24062732, -0.21659718, ...,  0.92314592,
          0.99992742,  0.58059403],
        [ 0.24062732,  0.        ,  0.02468205, ...,  0.98853078,
          0.97344626,  0.7594519 ],
        [ 0.21659718, -0.02468205,  0.        , ...,  0.98450215,
          0.97879981,  0.7431633 ],
        ...,
        [-0.92314592, -0.98853078, -0.98450215, ...,  0.        ,
          0.3732996 , -0.52840991],
        [-0.99992742, -0.97344626, -0.97879981, ..., -0.3732996 ,
          0.        , -0.807139  ],
        [-0.58059403, -0.7594519 , -0.7431633 , ...,  0.52840991,
          0.807139  ,  0.        ]],

       [[ 0.        , -0.66159225, -0.65298901, ..., -0.10934141,
         -0.21105936, -0.47860218],
        [ 0.66159225,  0.        ,  0.01141558, ...,  0.57563435,
          0.48842295,  0.22201263],
        [ 0.65298901, -0.01141558,  0.        , ...,  0.56626224,
          0.47842981,  0.21086748],
        ...,
        [ 0.10934141, -0.57563435, -0.56626224, ...,  0.        ,
         -0.1029156 , -0.37972736],
        [ 0.21105936, -0.48842295, -0.47842981, ...,  0.1029156 ,
          0.        , -0.28250398],
        [ 0.47860218, -0.22201263, -0.21086748, ...,  0.37972736,
          0.28250398,  0.        ]],

       [[ 0.        ,  0.05603141,  0.0929301 , ...,  0.96434352,
          0.96625811,  0.96625811],
        [-0.05603141,  0.        ,  0.03699517, ...,  0.94799962,
          0.97917245,  0.97917245],
        [-0.0929301 , -0.03699517,  0.        , ...,  0.93557615,
          0.9860133 ,  0.9860133 ],
        ...,
        [-0.96434352, -0.94799962, -0.93557615, ...,  0.        ,
          0.5041153 ,  0.5041153 ],
        [-0.96625811, -0.97917245, -0.9860133 , ..., -0.5041153 ,
          0.        ,  0.        ],
        [-0.96625811, -0.97917245, -0.9860133 , ..., -0.5041153 ,
          0.        ,  0.        ]],

       ...,

       [[ 0.        , -0.44262719, -0.31238621, ..., -0.21459522,
         -0.12380025, -0.33554039],
        [ 0.44262719,  0.        ,  0.1403575 , ...,  0.23988658,
          0.32820974,  0.11608526],
        [ 0.31238621, -0.1403575 ,  0.        , ...,  0.10125273,
          0.19237838, -0.02447245],
        ...,
        [ 0.21459522, -0.23988658, -0.10125273, ...,  0.        ,
          0.09202828, -0.12556909],
        [ 0.12380025, -0.32820974, -0.19237838, ..., -0.09202828,
          0.        , -0.21633609],
        [ 0.33554039, -0.11608526,  0.02447245, ...,  0.12556909,
          0.21633609,  0.        ]],

       [[ 0.        , -0.00505266, -0.07665569, ...,  0.86489045,
          0.99957889,  0.92409892],
        [ 0.00505266,  0.        , -0.07161692, ...,  0.86741565,
          0.99971275,  0.92215624],
        [ 0.07665569,  0.07161692,  0.        , ...,  0.90082376,
          0.99886214,  0.89208565],
        ...,
        [-0.86489045, -0.86741565, -0.90082376, ...,  0.        ,
          0.47665194,  0.79438209],
        [-0.99957889, -0.99971275, -0.99886214, ..., -0.47665194,
          0.        ,  0.40880787],
        [-0.92409892, -0.92215624, -0.89208565, ..., -0.79438209,
         -0.40880787,  0.        ]],

       [[ 0.        , -0.00131063,  0.00904205, ...,  0.99886943,
          0.9859351 ,  0.99770647],
        [ 0.00131063,  0.        ,  0.01035262, ...,  0.99880627,
          0.9861533 ,  0.99779433],
        [-0.00904205, -0.01035262,  0.        , ...,  0.99925844,
          0.98438361,  0.99705364],
        ...,
        [-0.99886943, -0.99880627, -0.99925844, ...,  0.        ,
         -0.21380904, -0.11504138],
        [-0.9859351 , -0.9861533 , -0.98438361, ...,  0.21380904,
          0.        ,  0.10000839],
        [-0.99770647, -0.99779433, -0.99705364, ...,  0.11504138,
         -0.10000839,  0.        ]]]), 'num': array([7.07011156e-01, 7.07011156e-01, 0.00000000e+00, 5.76522520e-03,
       5.80793057e-03, 5.65134421e-03, 3.58506852e-03, 2.37252066e-05,
       5.78515437e-03, 5.62666999e-03, 5.48510959e-03, 2.69634660e-06,
       5.90672553e-03, 5.34661445e-03])}
{'img': array([[[ 0.00000000e+00,  2.46820475e-02, -4.73613243e-01, ...,
          9.73446259e-01,  7.59451900e-01,  8.07169278e-01],
        [-2.46820475e-02,  0.00000000e+00, -4.95207250e-01, ...,
          9.78799808e-01,  7.43163296e-01,  7.92353068e-01],
        [ 4.73613243e-01,  4.95207250e-01,  0.00000000e+00, ...,
          7.48928688e-01,  9.76989767e-01,  9.90483956e-01],
        ...,
        [-9.73446259e-01, -9.78799808e-01, -7.48928688e-01, ...,
          0.00000000e+00, -8.07138999e-01, -7.59418531e-01],
        [-7.59451900e-01, -7.43163296e-01, -9.76989767e-01, ...,
          8.07138999e-01,  0.00000000e+00,  7.67951559e-02],
        [-8.07169278e-01, -7.92353068e-01, -9.90483956e-01, ...,
          7.59418531e-01, -7.67951559e-02,  0.00000000e+00]],

       [[ 0.00000000e+00,  1.14155799e-02,  4.88356731e-01, ...,
          4.88422949e-01,  2.22012633e-01,  5.31237737e-02],
        [-1.14155799e-02,  0.00000000e+00,  4.78363171e-01, ...,
          4.78429809e-01,  2.10867477e-01,  4.17208518e-02],
        [-4.88356731e-01, -4.78363171e-01,  0.00000000e+00, ...,
          7.58843165e-05, -2.82431185e-01, -4.41308992e-01],
        ...,
        [-4.88422949e-01, -4.78429809e-01, -7.58843165e-05, ...,
          0.00000000e+00, -2.82503979e-01, -4.41377086e-01],
        [-2.22012633e-01, -2.10867477e-01,  2.82431185e-01, ...,
          2.82503979e-01,  0.00000000e+00, -1.69901132e-01],
        [-5.31237737e-02, -4.17208518e-02,  4.41308992e-01, ...,
          4.41377086e-01,  1.69901132e-01,  0.00000000e+00]],

       [[ 0.00000000e+00,  3.57808673e-02, -2.10154573e-02, ...,
          9.86812458e-01,  9.86812458e-01,  9.72151747e-01],
        [-3.57808673e-02,  0.00000000e+00, -5.67749654e-02, ...,
          9.80388793e-01,  9.80388793e-01,  9.79914567e-01],
        [ 2.10154573e-02,  5.67749654e-02,  0.00000000e+00, ...,
          9.89996246e-01,  9.89996246e-01,  9.67012029e-01],
        ...,
        [-9.86812458e-01, -9.80388793e-01, -9.89996246e-01, ...,
          0.00000000e+00,  0.00000000e+00,  3.88621755e-01],
        [-9.86812458e-01, -9.80388793e-01, -9.89996246e-01, ...,
          0.00000000e+00,  0.00000000e+00,  3.88621755e-01],
        [-9.72151747e-01, -9.79914567e-01, -9.67012029e-01, ...,
         -3.88621755e-01, -3.88621755e-01,  0.00000000e+00]],

       ...,

       [[ 0.00000000e+00,  1.40357495e-01, -5.02809632e-01, ...,
          3.28209738e-01,  1.16085261e-01,  1.66355336e-01],
        [-1.40357495e-01,  0.00000000e+00, -6.19156887e-01, ...,
          1.92378380e-01, -2.44724532e-02,  2.63068305e-02],
        [ 5.02809632e-01,  6.19156887e-01,  0.00000000e+00, ...,
          7.58660000e-01,  5.99754035e-01,  6.39600500e-01],
        ...,
        [-3.28209738e-01, -1.92378380e-01, -7.58660000e-01, ...,
          0.00000000e+00, -2.16336092e-01, -1.66496360e-01],
        [-1.16085261e-01,  2.44724532e-02, -5.99754035e-01, ...,
          2.16336092e-01,  0.00000000e+00,  5.07629353e-02],
        [-1.66355336e-01, -2.63068305e-02, -6.39600500e-01, ...,
          1.66496360e-01, -5.07629353e-02,  0.00000000e+00]],

       [[ 0.00000000e+00, -6.94067018e-02, -1.41445518e-01, ...,
          9.85965055e-01,  9.99991696e-01,  9.10376592e-01],
        [ 6.94067018e-02,  0.00000000e+00, -7.23955248e-02, ...,
          9.95174923e-01,  9.97297310e-01,  8.79462018e-01],
        [ 1.41445518e-01,  7.23955248e-02,  0.00000000e+00, ...,
          9.99666790e-01,  9.89361388e-01,  8.42696280e-01],
        ...,
        [-9.85965055e-01, -9.95174923e-01, -9.99666790e-01, ...,
          0.00000000e+00,  1.70968542e-01,  5.59962332e-01],
        [-9.99991696e-01, -9.97297310e-01, -9.89361388e-01, ...,
         -1.70968542e-01,  0.00000000e+00,  4.10067195e-01],
        [-9.10376592e-01, -8.79462018e-01, -8.42696280e-01, ...,
         -5.59962332e-01, -4.10067195e-01,  0.00000000e+00]],

       [[ 0.00000000e+00,  1.03526188e-02, -7.77091912e-02, ...,
          9.86153301e-01,  9.97794332e-01,  9.97358632e-01],
        [-1.03526188e-02,  0.00000000e+00, -8.80263399e-02, ...,
          9.84383614e-01,  9.97053641e-01,  9.98057140e-01],
        [ 7.77091912e-02,  8.80263399e-02,  0.00000000e+00, ...,
          9.96058243e-01,  9.99935504e-01,  9.88698325e-01],
        ...,
        [-9.86153301e-01, -9.84383614e-01, -9.96058243e-01, ...,
          0.00000000e+00,  1.00008395e-01,  2.37026912e-01],
        [-9.97794332e-01, -9.97053641e-01, -9.99935504e-01, ...,
         -1.00008395e-01,  0.00000000e+00,  1.38680136e-01],
        [-9.97358632e-01, -9.98057140e-01, -9.88698325e-01, ...,
         -2.37026912e-01, -1.38680136e-01,  0.00000000e+00]]]), 'num': array([ 7.07012438e-01,  7.07012438e-01,  0.00000000e+00,  5.69880495e-03,
        5.86488170e-03,  5.60390395e-03,  3.05358197e-03, -6.64306989e-05,
        5.79655298e-03,  5.63711930e-03,  5.48978550e-03,  2.31500920e-06,
        5.91152928e-03,  5.36270933e-03])}
{'img': array([[[ 0.        , -0.49520725, -0.97879981, ...,  0.7431633 ,
          0.79235307,  0.65117565],
        [ 0.49520725,  0.        , -0.74892869, ...,  0.97698977,
          0.99048396,  0.94155122],
        [ 0.97879981,  0.74892869,  0.        , ...,  0.807139  ,
          0.75941853,  0.87621098],
        ...,
        [-0.7431633 , -0.97698977, -0.807139  , ...,  0.        ,
          0.07679516, -0.12829853],
        [-0.79235307, -0.99048396, -0.75941853, ..., -0.07679516,
          0.        , -0.20408014],
        [-0.65117565, -0.94155122, -0.87621098, ...,  0.12829853,
          0.20408014,  0.        ]],

       [[ 0.        ,  0.47836317,  0.25073587, ...,  0.21086748,
          0.04172085, -0.05825197],
        [-0.47836317,  0.        , -0.24289538, ..., -0.28243119,
         -0.44130899, -0.52870554],
        [-0.25073587,  0.24289538,  0.        , ..., -0.04096656,
         -0.21012945, -0.30670123],
        ...,
        [-0.21086748,  0.28243119,  0.04096656, ...,  0.        ,
         -0.16990113, -0.26745156],
        [-0.04172085,  0.44130899,  0.21012945, ...,  0.16990113,
          0.        , -0.09985125],
        [ 0.05825197,  0.52870554,  0.30670123, ...,  0.26745156,
          0.09985125,  0.        ]],

       [[ 0.        , -0.05598438, -0.15491789, ...,  0.9658448 ,
          0.99884849,  0.97701694],
        [ 0.05598438,  0.        , -0.09936642, ...,  0.97883675,
          0.99996785,  0.96355091],
        [ 0.15491789,  0.09936642,  0.        , ...,  0.99432701,
          0.99422209,  0.9321992 ],
        ...,
        [-0.9658448 , -0.97883675, -0.99432701, ...,  0.        ,
          0.21248544,  0.45904693],
        [-0.99884849, -0.99996785, -0.99422209, ..., -0.21248544,
          0.        ,  0.25978963],
        [-0.97701694, -0.96355091, -0.9321992 , ..., -0.45904693,
         -0.25978963,  0.        ]],

       ...,

       [[ 0.        , -0.61915689, -0.8434189 , ..., -0.02447245,
          0.02630683, -0.25673557],
        [ 0.61915689,  0.        , -0.32966322, ...,  0.59975403,
          0.6396005 ,  0.39679774],
        [ 0.8434189 ,  0.32966322,  0.        , ...,  0.83001832,
          0.85726052,  0.67721606],
        ...,
        [ 0.02447245, -0.59975403, -0.83001832, ...,  0.        ,
          0.05076294, -0.2330065 ],
        [-0.02630683, -0.6396005 , -0.85726052, ..., -0.05076294,
          0.        , -0.28207179],
        [ 0.25673557, -0.39679774, -0.67721606, ...,  0.2330065 ,
          0.28207179,  0.        ]],

       [[ 0.        , -0.07172716, -0.00404759, ...,  0.99978034,
          0.96437543,  0.87546989],
        [ 0.07172716,  0.        ,  0.06768941, ...,  0.99570189,
          0.94291697,  0.83855116],
        [ 0.00404759, -0.06768941,  0.        , ...,  0.99968732,
          0.9632968 ,  0.87350663],
        ...,
        [-0.99978034, -0.99570189, -0.99968732, ...,  0.        ,
          0.24426718,  0.46481778],
        [-0.96437543, -0.94291697, -0.9632968 , ..., -0.24426718,
          0.        ,  0.23446178],
        [-0.87546989, -0.83855116, -0.87350663, ..., -0.46481778,
         -0.23446178,  0.        ]],

       [[ 0.        , -0.08802634, -0.26986189, ...,  0.99705364,
          0.99805714,  0.95584259],
        [ 0.08802634,  0.        , -0.18405385, ...,  0.9999355 ,
          0.98869832,  0.92626305],
        [ 0.26986189,  0.18405385,  0.        , ...,  0.98076242,
          0.94421444,  0.84107314],
        ...,
        [-0.99705364, -0.9999355 , -0.98076242, ...,  0.        ,
          0.13868014,  0.36633353],
        [-0.99805714, -0.98869832, -0.94421444, ..., -0.13868014,
          0.        ,  0.23375414],
        [-0.95584259, -0.92626305, -0.84107314, ..., -0.36633353,
         -0.23375414,  0.        ]]]), 'num': array([7.07013921e-01, 7.07013921e-01, 0.00000000e+00, 5.72254220e-03,
       5.74152244e-03, 5.63713112e-03, 2.40731122e-03, 2.37252993e-05,
       5.76619675e-03, 5.64994279e-03, 5.49470024e-03, 2.57411745e-06,
       5.91502308e-03, 5.38486249e-03])}
{'img': array([[[ 0.        , -0.74892869, -0.63735243, ...,  0.99048396,
          0.94155122,  0.96285088],
        [ 0.74892869,  0.        ,  0.15476184, ...,  0.75941853,
          0.87621098,  0.84026968],
        [ 0.63735243, -0.15476184,  0.        , ...,  0.85095733,
          0.94023824,  0.91405297],
        ...,
        [-0.99048396, -0.75941853, -0.85095733, ...,  0.        ,
         -0.20408014, -0.13494854],
        [-0.94155122, -0.87621098, -0.94023824, ...,  0.20408014,
          0.        ,  0.0701049 ],
        [-0.96285088, -0.84026968, -0.91405297, ...,  0.13494854,
         -0.0701049 ,  0.        ]],

       [[ 0.        , -0.24289538, -0.3096014 , ..., -0.44130899,
         -0.52870554, -0.65853553],
        [ 0.24289538,  0.        , -0.06936854, ..., -0.21012945,
         -0.30670123, -0.4560232 ],
        [ 0.3096014 ,  0.06936854,  0.        , ..., -0.14180348,
         -0.23993704, -0.39318891],
        ...,
        [ 0.44130899,  0.21012945,  0.14180348, ...,  0.        ,
         -0.09985125, -0.25883337],
        [ 0.52870554,  0.30670123,  0.23993704, ...,  0.09985125,
          0.        , -0.1610913 ],
        [ 0.65853553,  0.4560232 ,  0.39318891, ...,  0.25883337,
          0.1610913 ,  0.        ]],

       [[ 0.        , -0.09936642, -0.3634444 , ...,  0.99996785,
          0.96355091,  0.98715798],
        [ 0.09936642,  0.        , -0.26907434, ...,  0.99422209,
          0.9321992 ,  0.99814594],
        [ 0.3634444 ,  0.26907434,  0.        , ...,  0.92867144,
          0.80042886,  0.97771124],
        ...,
        [-0.99996785, -0.99422209, -0.92867144, ...,  0.        ,
          0.25978963, -0.16765804],
        [-0.96355091, -0.9321992 , -0.80042886, ..., -0.25978963,
          0.        , -0.4180139 ],
        [-0.98715798, -0.99814594, -0.97771124, ...,  0.16765804,
          0.4180139 ,  0.        ]],

       ...,

       [[ 0.        , -0.32966322, -0.17754606, ...,  0.6396005 ,
          0.39679774,  0.56513176],
        [ 0.32966322,  0.        ,  0.15680471, ...,  0.85726052,
          0.67721606,  0.80551248],
        [ 0.17754606, -0.15680471,  0.        , ...,  0.76591983,
          0.55346422,  0.70262885],
        ...,
        [-0.6396005 , -0.85726052, -0.76591983, ...,  0.        ,
         -0.28207179, -0.09324982],
        [-0.39679774, -0.67721606, -0.55346422, ...,  0.28207179,
          0.        ,  0.19137948],
        [-0.56513176, -0.80551248, -0.70262885, ...,  0.09324982,
         -0.19137948,  0.        ]],

       [[ 0.        ,  0.06724252,  0.11752101, ...,  0.9633114 ,
          0.92826607,  0.83556961],
        [-0.06724252,  0.        ,  0.05047847, ...,  0.97917806,
          0.95117371,  0.87062043],
        [-0.11752101, -0.05047847,  0.        , ...,  0.98817705,
          0.96554159,  0.89434368],
        ...,
        [-0.9633114 , -0.97917806, -0.98817705, ...,  0.        ,
          0.10913789,  0.30497309],
        [-0.92826607, -0.95117371, -0.96554159, ..., -0.10913789,
          0.        ,  0.1992127 ],
        [-0.83556961, -0.87062043, -0.89434368, ..., -0.30497309,
         -0.1992127 ,  0.        ]],

       [[ 0.        , -0.17955038, -0.35770579, ...,  0.99954482,
          0.98188388,  0.77400185],
        [ 0.17955038,  0.        , -0.18422232, ...,  0.97788416,
          0.93190521,  0.64773507],
        [ 0.35770579,  0.18422232,  0.        , ...,  0.92261768,
          0.84913749,  0.49629616],
        ...,
        [-0.99954482, -0.97788416, -0.92261768, ...,  0.        ,
          0.15977503,  0.60954434],
        [-0.98188388, -0.93190521, -0.84913749, ..., -0.15977503,
          0.        ,  0.47505182],
        [-0.77400185, -0.64773507, -0.49629616, ..., -0.60954434,
         -0.47505182,  0.        ]]]), 'num': array([7.07009916e-01, 7.07009916e-01, 0.00000000e+00, 5.82215548e-03,
       5.86011575e-03, 5.72250979e-03, 3.64812372e-03, 9.96456929e-05,
       5.75003098e-03, 5.66106161e-03, 5.50423827e-03, 3.01809922e-06,
       5.93526500e-03, 5.38685823e-03])}
{'img': array([[[ 0.        ,  0.15476184,  0.3732996 , ...,  0.87621098,
          0.84026968,  0.60637251],
        [-0.15476184,  0.        ,  0.22522778, ...,  0.94023824,
          0.91405297,  0.72213045],
        [-0.3732996 , -0.22522778,  0.        , ...,  0.99277385,
          0.98191864,  0.859379  ],
        ...,
        [-0.87621098, -0.94023824, -0.99277385, ...,  0.        ,
          0.0701049 ,  0.40451837],
        [-0.84026968, -0.91405297, -0.98191864, ..., -0.0701049 ,
          0.        ,  0.33941007],
        [-0.60637251, -0.72213045, -0.859379  , ..., -0.40451837,
         -0.33941007,  0.        ]],

       [[ 0.        , -0.06936854, -0.35184578, ..., -0.30670123,
         -0.4560232 , -0.19957397],
        [ 0.06936854,  0.        , -0.28606524, ..., -0.23993704,
         -0.39318891, -0.13112018],
        [ 0.35184578,  0.28606524,  0.        , ...,  0.04779873,
         -0.11373271,  0.15795481],
        ...,
        [ 0.30670123,  0.23993704, -0.04779873, ...,  0.        ,
         -0.1610913 ,  0.11057558],
        [ 0.4560232 ,  0.39318891,  0.11373271, ...,  0.1610913 ,
          0.        ,  0.26923485],
        [ 0.19957397,  0.13112018, -0.15795481, ..., -0.11057558,
         -0.26923485,  0.        ]],

       [[ 0.        , -0.26907434, -0.48054494, ...,  0.9321992 ,
          0.99814594,  0.98632543],
        [ 0.26907434,  0.        , -0.22685201, ...,  0.80042886,
          0.97771124,  0.99429516],
        [ 0.48054494,  0.22685201,  0.        , ...,  0.64357969,
          0.90459305,  0.94417626],
        ...,
        [-0.9321992 , -0.80042886, -0.64357969, ...,  0.        ,
         -0.4180139 , -0.51063142],
        [-0.99814594, -0.97771124, -0.90459305, ...,  0.4180139 ,
          0.        , -0.1044701 ],
        [-0.98632543, -0.99429516, -0.94417626, ...,  0.51063142,
          0.1044701 ,  0.        ]],

       ...,

       [[ 0.        ,  0.15680471,  0.46869089, ...,  0.67721606,
          0.80551248,  0.96178731],
        [-0.15680471,  0.        ,  0.32437766, ...,  0.55346422,
          0.70262885,  0.90695687],
        [-0.46869089, -0.32437766,  0.        , ...,  0.25337174,
          0.43382302,  0.7212801 ],
        ...,
        [-0.67721606, -0.55346422, -0.25337174, ...,  0.        ,
          0.19137948,  0.52224772],
        [-0.80551248, -0.70262885, -0.43382302, ..., -0.19137948,
          0.        ,  0.34938732],
        [-0.96178731, -0.90695687, -0.7212801 , ..., -0.52224772,
         -0.34938732,  0.        ]],

       [[ 0.        ,  0.0485873 , -0.07309715, ...,  0.99946277,
          0.9973571 ,  0.85418271],
        [-0.0485873 ,  0.        , -0.12146814, ...,  0.99987477,
          0.99970929,  0.87843796],
        [ 0.07309715,  0.12146814,  0.        , ...,  0.9943933 ,
          0.98937808,  0.81388909],
        ...,
        [-0.99946277, -0.99987477, -0.9943933 , ...,  0.        ,
          0.03992847,  0.49169813],
        [-0.9973571 , -0.99970929, -0.98937808, ..., -0.03992847,
          0.        ,  0.45653767],
        [-0.85418271, -0.87843796, -0.81388909, ..., -0.49169813,
         -0.45653767,  0.        ]],

       [[ 0.        , -0.18367422,  0.1031723 , ...,  0.93869424,
          0.75164427,  0.6462019 ],
        [ 0.18367422,  0.        ,  0.28411109, ...,  0.85940256,
          0.6177109 ,  0.49503416],
        [-0.1031723 , -0.28411109,  0.        , ...,  0.96925363,
          0.81568234,  0.72149108],
        ...,
        [-0.93869424, -0.85940256, -0.96925363, ...,  0.        ,
          0.36000338,  0.49360137],
        [-0.75164427, -0.6177109 , -0.81568234, ..., -0.36000338,
          0.        ,  0.14741517],
        [-0.6462019 , -0.49503416, -0.72149108, ..., -0.49360137,
         -0.14741517,  0.        ]]]), 'num': array([ 7.07012686e-01,  7.07012686e-01,  0.00000000e+00,  5.76523768e-03,
        5.85064860e-03,  5.71778716e-03,  2.40351098e-03, -5.69406190e-05,
        5.75479856e-03,  5.67152291e-03,  5.51509437e-03,  2.79794421e-06,
        5.94489513e-03,  5.39815069e-03])}
{'img': array([[[ 0.        ,  0.22522778, -0.15476184, ...,  0.91405297,
          0.72213045,  0.85095733],
        [-0.22522778,  0.        , -0.3732996 , ...,  0.98191864,
          0.859379  ,  0.94739042],
        [ 0.15476184,  0.3732996 ,  0.        , ...,  0.84026968,
          0.60637251,  0.75941853],
        ...,
        [-0.91405297, -0.98191864, -0.84026968, ...,  0.        ,
          0.33941007,  0.13494854],
        [-0.72213045, -0.859379  , -0.60637251, ..., -0.33941007,
          0.        , -0.20936756],
        [-0.85095733, -0.94739042, -0.75941853, ..., -0.13494854,
          0.20936756,  0.        ]],

       [[ 0.        , -0.28606524, -0.57565913, ..., -0.39318891,
         -0.13112018, -0.39429932],
        [ 0.28606524,  0.        , -0.3176898 , ..., -0.11373271,
          0.15795481, -0.11493277],
        [ 0.57565913,  0.3176898 ,  0.        , ...,  0.20778768,
          0.46347354,  0.2066059 ],
        ...,
        [ 0.39318891,  0.11373271, -0.20778768, ...,  0.        ,
          0.26923485, -0.00120799],
        [ 0.13112018, -0.15795481, -0.46347354, ..., -0.26923485,
          0.        , -0.27039803],
        [ 0.39429932,  0.11493277, -0.2066059 , ...,  0.00120799,
          0.27039803,  0.        ]],

       [[ 0.        , -0.22685201, -0.58449386, ...,  0.97771124,
          0.99429516,  0.99082288],
        [ 0.22685201,  0.        , -0.38518836, ...,  0.90459305,
          0.94417626,  0.93432855],
        [ 0.58449386,  0.38518836,  0.        , ...,  0.67059617,
          0.74442497,  0.72494777],
        ...,
        [-0.97771124, -0.90459305, -0.67059617, ...,  0.        ,
         -0.1044701 , -0.07587342],
        [-0.99429516, -0.94417626, -0.74442497, ...,  0.1044701 ,
          0.        ,  0.02871072],
        [-0.99082288, -0.93432855, -0.72494777, ...,  0.07587342,
         -0.02871072,  0.        ]],

       ...,

       [[ 0.        ,  0.32437766,  0.04878007, ...,  0.70262885,
          0.90695687,  0.81473922],
        [-0.32437766,  0.        , -0.27784909, ...,  0.43382302,
          0.7212801 ,  0.58260126],
        [-0.04878007,  0.27784909,  0.        , ...,  0.66708262,
          0.88532987,  0.78548529],
        ...,
        [-0.70262885, -0.43382302, -0.66708262, ...,  0.        ,
          0.34938732,  0.17232945],
        [-0.90695687, -0.7212801 , -0.88532987, ..., -0.34938732,
          0.        , -0.18269129],
        [-0.81473922, -0.58260126, -0.78548529, ..., -0.17232945,
          0.18269129,  0.        ]],

       [[ 0.        , -0.11945448, -0.07266836, ...,  0.99836591,
          0.98145448,  0.87107353],
        [ 0.11945448,  0.        ,  0.04699063, ...,  0.99804347,
          0.95152808,  0.80616599],
        [ 0.07266836, -0.04699063,  0.        , ...,  0.999879  ,
          0.96492948,  0.8330793 ],
        ...,
        [-0.99836591, -0.99804347, -0.999879  , ...,  0.        ,
          0.24746689,  0.54012715],
        [-0.98145448, -0.95152808, -0.96492948, ..., -0.24746689,
          0.        ,  0.3150632 ],
        [-0.87107353, -0.80616599, -0.8330793 , ..., -0.54012715,
         -0.3150632 ,  0.        ]],

       [[ 0.        ,  0.27952176,  0.01825391, ...,  0.77407961,
          0.75468683,  0.48818435],
        [-0.27952176,  0.        , -0.26194888, ...,  0.92018625,
          0.90799462,  0.71267498],
        [-0.01825391,  0.26194888,  0.        , ...,  0.78550698,
          0.76653721,  0.50403394],
        ...,
        [-0.77407961, -0.92018625, -0.78550698, ...,  0.        ,
          0.0300788 ,  0.36650687],
        [-0.75468683, -0.90799462, -0.76653721, ..., -0.0300788 ,
          0.        ,  0.33835526],
        [-0.48818435, -0.71267498, -0.50403394, ..., -0.36650687,
         -0.33835526,  0.        ]]]), 'num': array([7.06964989e-01, 7.06964989e-01, 0.00000000e+00, 6.04004316e-03,
       6.14442725e-03, 5.77908293e-03, 1.14657385e-02, 2.75194425e-04,
       5.80944921e-03, 5.69533842e-03, 5.53006361e-03, 3.48251124e-06,
       6.00670670e-03, 5.38397014e-03])}
{'img': array([[[ 0.        , -0.34538376,  0.14817848, ...,  0.97929693,
          0.99792244,  0.34538376],
        [ 0.34538376,  0.        ,  0.48063075, ...,  0.8491168 ,
          0.91425989,  0.        ],
        [-0.14817848, -0.48063075,  0.        , ...,  0.99848174,
          0.99645266,  0.48063075],
        ...,
        [-0.97929693, -0.8491168 , -0.99848174, ...,  0.        ,
         -0.13891559,  0.8491168 ],
        [-0.99792244, -0.91425989, -0.99645266, ...,  0.13891559,
          0.        ,  0.91425989],
        [-0.34538376, -0.        , -0.48063075, ..., -0.8491168 ,
         -0.91425989,  0.        ]],

       [[ 0.        , -0.3176898 , -0.00911988, ...,  0.15795481,
         -0.11493277,  0.85518579],
        [ 0.3176898 ,  0.        ,  0.30902916, ...,  0.46347354,
          0.2066059 ,  0.97554811],
        [ 0.00911988, -0.30902916,  0.        , ...,  0.16695363,
         -0.10586855,  0.85987725],
        ...,
        [-0.15795481, -0.46347354, -0.16695363, ...,  0.        ,
         -0.27039803,  0.76257869],
        [ 0.11493277, -0.2066059 ,  0.10586855, ...,  0.27039803,
          0.        ,  0.90909084],
        [-0.85518579, -0.97554811, -0.85987725, ..., -0.76257869,
         -0.90909084,  0.        ]],

       [[ 0.        , -0.3813376 , -0.63806081, ...,  0.96237315,
          0.95522945,  0.63806081],
        [ 0.3813376 ,  0.        , -0.29622168, ...,  0.78603087,
          0.77022352,  0.29622168],
        [ 0.63806081,  0.29622168,  0.        , ...,  0.56763272,
          0.54673278,  0.        ],
        ...,
        [-0.96237315, -0.78603087, -0.56763272, ...,  0.        ,
          0.02516773,  0.56763272],
        [-0.95522945, -0.77022352, -0.54673278, ..., -0.02516773,
          0.        ,  0.54673278],
        [-0.63806081, -0.29622168, -0.        , ..., -0.56763272,
         -0.54673278,  0.        ]],

       ...,

       [[ 0.        , -0.27784909, -0.1147793 , ...,  0.7212801 ,
          0.58260126,  0.96939959],
        [ 0.27784909,  0.        ,  0.16575295, ...,  0.88532987,
          0.78548529,  0.99943789],
        [ 0.1147793 , -0.16575295,  0.        , ...,  0.79601431,
          0.67203867,  0.9911698 ],
        ...,
        [-0.7212801 , -0.88532987, -0.79601431, ...,  0.        ,
         -0.18269129,  0.49438261],
        [-0.58260126, -0.78548529, -0.67203867, ...,  0.18269129,
          0.        ,  0.64486569],
        [-0.96939959, -0.99943789, -0.9911698 , ..., -0.49438261,
         -0.64486569,  0.        ]],

       [[ 0.        ,  0.04272579,  0.05934404, ...,  0.99214419,
          0.99791495,  0.76036702],
        [-0.04272579,  0.        ,  0.01663935, ...,  0.98589322,
          0.99424606,  0.78742281],
        [-0.05934404, -0.01663935,  0.        , ...,  0.98297171,
          0.992326  ,  0.79757052],
        ...,
        [-0.99214419, -0.98589322, -0.98297171, ...,  0.        ,
          0.06080319,  0.73951296],
        [-0.99791495, -0.99424606, -0.992326  , ..., -0.06080319,
          0.        ,  0.69721549],
        [-0.76036702, -0.78742281, -0.79757052, ..., -0.73951296,
         -0.69721549,  0.        ]],

       [[ 0.        , -0.26194888, -0.38323823, ...,  0.90799462,
          0.71267498,  0.92303939],
        [ 0.26194888,  0.        , -0.12790725, ...,  0.76653721,
          0.50403394,  0.79003531],
        [ 0.38323823,  0.12790725,  0.        , ...,  0.67809895,
          0.38942245,  0.70513107],
        ...,
        [-0.90799462, -0.76653721, -0.67809895, ...,  0.        ,
          0.33835526, -0.03742626],
        [-0.71267498, -0.50403394, -0.38942245, ..., -0.33835526,
          0.        , -0.37333701],
        [-0.92303939, -0.79003531, -0.70513107, ...,  0.03742626,
          0.37333701,  0.        ]]]), 'num': array([ 7.07004536e-01,  7.07004536e-01,  0.00000000e+00,  5.96446108e-03,
        6.09257600e-03,  5.91226612e-03,  4.25896685e-03, -7.59199501e-05,
