state_0,state_1,state_2,state_3,state_4,state_5,state_6,state_7,state_8,state_9,state_10,state_11,state_12,state_13,state_14,state_15,state_16,state_17,state_18,state_19,state_20,state_21,state_22,state_23,state_24,state_25,state_26,state_27,state_28,state_29,state_30,state_31,state_32,state_33,state_34,state_35,state_36,state_37,state_38,state_39,state_40,state_41,state_42,state_43,state_44,state_45,state_46,state_47,state_48,state_49,state_50,state_51,state_52,state_53,state_54,state_55,state_56,state_57,state_58,state_59,state_60,state_61,state_62,state_63,state_64,state_65,state_66,state_67,state_68,state_69,state_70,state_71,state_72,state_73,state_74,state_75,state_76,state_77,state_78,state_79,state_80,state_81,state_82,state_83,state_84,state_85,state_86,state_87,state_88,state_89,state_90,state_91,state_92,state_93,state_94,state_95,state_96,state_97,state_98,state_99,state_100,state_101,state_102,state_103,state_104,state_105,state_106,state_107,state_108,state_109,state_110,state_111,state_112,state_113,state_114,state_115,state_116,state_117,state_118,state_119,state_120,state_121,state_122,state_123,state_124,state_125,state_126,state_127,state_128,state_129,state_130,state_131,state_132,state_133,state_134,state_135,state_136,state_137,state_138,state_139,state_140,state_141,state_142,state_143,state_144,state_145,state_146,state_147,state_148,state_149,state_150,state_151,state_152,state_153,state_154,state_155,state_156,state_157,state_158,state_159,state_160,state_161,state_162,state_163,state_164,state_165,state_166,state_167,state_168,state_169,state_170,state_171,state_172,state_173,state_174,state_175,state_176,state_177,state_178,state_179,state_180,state_181,state_182,state_183,state_184,state_185,state_186,state_187,state_188,state_189,state_190,state_191,state_192,state_193,state_194,state_195,state_196,state_197,state_198,state_199,state_200,state_201,state_202,state_203,state_204,state_205,state_206,state_207,state_208,state_209,state_210,state_211,state_212,state_213,state_214,state_215,state_216,state_217,state_218,state_219,state_220,state_221,state_222,state_223,state_224,state_225,state_226,state_227,state_228,state_229,state_230,state_231,state_232,state_233,state_234,state_235,state_236,state_237,state_238,state_239,state_240,state_241,state_242,state_243,state_244,state_245,state_246,state_247,state_248,state_249,state_250,state_251,state_252,state_253,state_254,state_255,state_256,state_257,state_258,state_259,state_260,state_261,state_262,state_263,state_264,state_265,state_266,state_267,state_268,state_269,state_270,state_271,state_272,state_273,state_274,state_275,state_276,state_277,state_278,state_279,state_280,state_281,state_282,state_283,state_284,state_285,state_286,state_287
{'img': array([[[ 0.        ,  0.22498515,  0.33245687, ...,  0.75840325,
          0.74595607,  0.99889212],
        [-0.22498515,  0.        ,  0.11174575, ...,  0.59231736,
          0.57699237,  0.96269518],
        [-0.33245687, -0.11174575,  0.        , ...,  0.4985735 ,
          0.48211028,  0.92642857],
        ...,
        [-0.75840325, -0.59231736, -0.4985735 , ...,  0.        ,
         -0.01888944,  0.61537397],
        [-0.74595607, -0.57699237, -0.48211028, ...,  0.01888944,
          0.        ,  0.63015349],
        [-0.99889212, -0.96269518, -0.92642857, ..., -0.61537397,
         -0.63015349,  0.        ]],

       [[ 0.        ,  0.32868165,  0.25232984, ...,  0.73021969,
          0.33419534,  0.43155603],
        [-0.32868165,  0.        , -0.07973534, ...,  0.46508986,
          0.00584399,  0.11107995],
        [-0.25232984,  0.07973534,  0.        , ...,  0.53419583,
          0.08555936,  0.18996817],
        ...,
        [-0.73021969, -0.46508986, -0.53419583, ...,  0.        ,
         -0.45990845, -0.36387662],
        [-0.33419534, -0.00584399, -0.08555936, ...,  0.45990845,
          0.        ,  0.10527023],
        [-0.43155603, -0.11107995, -0.18996817, ...,  0.36387662,
         -0.10527023,  0.        ]],

       [[ 0.        ,  0.03784608,  0.06561709, ...,  0.43003549,
          0.63654226,  0.965742  ],
        [-0.03784608,  0.        ,  0.02780556, ...,  0.39555951,
          0.60689775,  0.95522891],
        [-0.06561709, -0.02780556,  0.        , ...,  0.36986882,
          0.58456379,  0.9466328 ],
        ...,
        [-0.43003549, -0.39555951, -0.36986882, ...,  0.        ,
          0.24301662,  0.76028746],
        [-0.63654226, -0.60689775, -0.58456379, ..., -0.24301662,
          0.        ,  0.57963527],
        [-0.965742  , -0.95522891, -0.9466328 , ..., -0.76028746,
         -0.57963527,  0.        ]],

       ...,

       [[ 0.        ,  0.11228148,  0.57510526, ..., -0.37663661,
         -0.09784088, -0.09017114],
        [-0.11228148,  0.        ,  0.47961338, ..., -0.47826811,
         -0.20896494, -0.20142502],
        [-0.57510526, -0.47961338,  0.        , ..., -0.84087379,
         -0.65238755, -0.6465296 ],
        ...,
        [ 0.37663661,  0.47826811,  0.84087379, ...,  0.        ,
          0.28419355,  0.29157126],
        [ 0.09784088,  0.20896494,  0.65238755, ..., -0.28419355,
          0.        ,  0.00770379],
        [ 0.09017114,  0.20142502,  0.6465296 , ..., -0.29157126,
         -0.00770379,  0.        ]],

       [[ 0.        ,  0.13739174,  0.30758124, ...,  0.34309508,
          0.56911402,  0.96652564],
        [-0.13739174,  0.        ,  0.17393314, ...,  0.21078929,
          0.45074545,  0.92210927],
        [-0.30758124, -0.17393314,  0.        , ...,  0.0375512 ,
          0.28861309,  0.84075411],
        ...,
        [-0.34309508, -0.21078929, -0.0375512 , ...,  0.        ,
          0.2524563 ,  0.81983027],
        [-0.56911402, -0.45074545, -0.28861309, ..., -0.2524563 ,
          0.        ,  0.64871643],
        [-0.96652564, -0.92210927, -0.84075411, ..., -0.81983027,
         -0.64871643,  0.        ]],

       [[ 0.        ,  0.34250458,  0.41543417, ...,  0.8910162 ,
          0.88916211,  0.87660825],
        [-0.34250458,  0.        ,  0.07875698, ...,  0.99261144,
          0.99210964,  0.98840243],
        [-0.41543417, -0.07875698,  0.        , ...,  0.99908433,
          0.99890202,  0.99729212],
        ...,
        [-0.8910162 , -0.99261144, -0.99908433, ...,  0.        ,
          0.00406791,  0.03080602],
        [-0.88916211, -0.99210964, -0.99890202, ..., -0.00406791,
          0.        ,  0.02673979],
        [-0.87660825, -0.98840243, -0.99729212, ..., -0.03080602,
         -0.02673979,  0.        ]]]), 'num': array([8.85244612e-01, 4.65121194e-01, 1.00749021e-05, 6.97879431e-04,
       7.06247290e-04, 6.89511573e-04, 8.24083479e-04, 0.00000000e+00,
       6.82817285e-04, 6.47672278e-04, 6.17743236e-04, 1.21415992e-06,
       6.99942938e-04, 5.95401619e-04])}
{'img': array([[[ 0.        ,  0.11174575, -0.0485509 , ...,  0.57699237,
          0.96269518,  0.96269518],
        [-0.11174575,  0.        , -0.15986079, ...,  0.48211028,
          0.92642857,  0.92642857],
        [ 0.0485509 ,  0.15986079,  0.        , ...,  0.61596586,
          0.97469718,  0.97469718],
        ...,
        [-0.57699237, -0.48211028, -0.61596586, ...,  0.        ,
          0.63015349,  0.63015349],
        [-0.96269518, -0.92642857, -0.97469718, ..., -0.63015349,
          0.        ,  0.        ],
        [-0.96269518, -0.92642857, -0.97469718, ..., -0.63015349,
          0.        ,  0.        ]],

       [[ 0.        , -0.07973534, -0.2689909 , ...,  0.00584399,
          0.11107995, -0.13572434],
        [ 0.07973534,  0.        , -0.19133795, ...,  0.08555936,
          0.18996817, -0.05629468],
        [ 0.2689909 ,  0.19133795,  0.        , ...,  0.27461491,
          0.37431209,  0.13577993],
        ...,
        [-0.00584399, -0.08555936, -0.27461491, ...,  0.        ,
          0.10527023, -0.14151193],
        [-0.11107995, -0.18996817, -0.37431209, ..., -0.10527023,
          0.        , -0.24493649],
        [ 0.13572434,  0.05629468, -0.13577993, ...,  0.14151193,
          0.24493649,  0.        ]],

       [[ 0.        ,  0.02478749,  0.06532398, ...,  0.51260129,
          0.71688584,  0.98184571],
        [-0.02478749,  0.        ,  0.04056936, ...,  0.49116059,
          0.69938397,  0.9768423 ],
        [-0.06532398, -0.04056936,  0.        , ...,  0.45541752,
          0.66981139,  0.96735785],
        ...,
        [-0.51260129, -0.49116059, -0.45541752, ...,  0.        ,
          0.25815658,  0.7458081 ],
        [-0.71688584, -0.69938397, -0.66981139, ..., -0.25815658,
          0.        ,  0.5485537 ],
        [-0.98184571, -0.9768423 , -0.96735785, ..., -0.7458081 ,
         -0.5485537 ,  0.        ]],

       ...,

       [[ 0.        ,  0.47961338, -0.37084108, ..., -0.20896494,
         -0.20142502, -0.36232188],
        [-0.47961338,  0.        , -0.77082079, ..., -0.65238755,
         -0.6465296 , -0.76495528],
        [ 0.37084108,  0.77082079,  0.        , ...,  0.1685891 ,
          0.17617762,  0.00915654],
        ...,
        [ 0.20896494,  0.65238755, -0.1685891 , ...,  0.        ,
          0.00770379, -0.15955655],
        [ 0.20142502,  0.6465296 , -0.17617762, ..., -0.00770379,
          0.        , -0.16715691],
        [ 0.36232188,  0.76495528, -0.00915654, ...,  0.15955655,
          0.16715691,  0.        ]],

       [[ 0.        ,  0.15032361,  0.24120785, ...,  0.37706562,
          0.65197377,  0.96250324],
        [-0.15032361,  0.        ,  0.09258189, ...,  0.23355325,
          0.53058368,  0.91078786],
        [-0.24120785, -0.09258189,  0.        , ...,  0.14252871,
          0.44982944,  0.86865138],
        ...,
        [-0.37706562, -0.23355325, -0.14252871, ...,  0.        ,
          0.31794253,  0.7891709 ],
        [-0.65197377, -0.53058368, -0.44982944, ..., -0.31794253,
          0.        ,  0.55294889],
        [-0.96250324, -0.91078786, -0.86865138, ..., -0.7891709 ,
         -0.55294889,  0.        ]],

       [[ 0.        ,  0.11115231,  0.2651902 , ...,  0.97071327,
          0.96385197,  0.93127162],
        [-0.11115231,  0.        ,  0.15637429, ...,  0.99140148,
          0.98749459,  0.96599652],
        [-0.2651902 , -0.15637429,  0.        , ...,  0.99966753,
          0.99999916,  0.99454407],
        ...,
        [-0.97071327, -0.99140148, -0.99966753, ...,  0.        ,
          0.02707842,  0.12992608],
        [-0.96385197, -0.98749459, -0.99999916, ..., -0.02707842,
          0.        ,  0.10302954],
        [-0.93127162, -0.96599652, -0.99454407, ..., -0.12992608,
         -0.10302954,  0.        ]]]), 'num': array([ 7.07104975e-01,  7.07104975e-01,  0.00000000e+00,  6.96706372e-04,
        7.21836328e-04,  6.94973272e-04,  1.15554471e-03, -2.59965064e-05,
        7.11091106e-04,  6.74262721e-04,  6.40178413e-04,  1.01181008e-06,
        7.25337459e-04,  6.23187984e-04])}
{'img': array([[[ 0.        , -0.15986079,  0.11708598, ...,  0.92642857,
          0.92642857,  0.31241751],
        [ 0.15986079,  0.        ,  0.27434144, ...,  0.97469718,
          0.97469718,  0.46025863],
        [-0.11708598, -0.27434144,  0.        , ...,  0.87597696,
          0.87597696,  0.19904341],
        ...,
        [-0.92642857, -0.97469718, -0.87597696, ...,  0.        ,
          0.        , -0.76244008],
        [-0.92642857, -0.97469718, -0.87597696, ...,  0.        ,
          0.        , -0.76244008],
        [-0.31241751, -0.46025863, -0.19904341, ...,  0.76244008,
          0.76244008,  0.        ]],

       [[ 0.        , -0.19133795,  0.12060391, ...,  0.18996817,
         -0.05629468,  0.18534192],
        [ 0.19133795,  0.        ,  0.30831698, ...,  0.37431209,
          0.13577993,  0.36994043],
        [-0.12060391, -0.30831698,  0.        , ...,  0.07017379,
         -0.17629643,  0.06547472],
        ...,
        [-0.18996817, -0.37431209, -0.07017379, ...,  0.        ,
         -0.24493649, -0.00470991],
        [ 0.05629468, -0.13577993,  0.17629643, ...,  0.24493649,
          0.        ,  0.24036733],
        [-0.18534192, -0.36994043, -0.06547472, ...,  0.00470991,
         -0.24036733,  0.        ]],

       [[ 0.        ,  0.03883949,  0.12951011, ...,  0.65300417,
          0.8560199 ,  0.98491822],
        [-0.03883949,  0.        ,  0.09090001, ...,  0.6230962 ,
          0.8352962 ,  0.97745503],
        [-0.12951011, -0.09090001,  0.        , ...,  0.5494196 ,
          0.78186125,  0.95421543],
        ...,
        [-0.65300417, -0.6230962 , -0.5494196 , ...,  0.        ,
          0.3107445 ,  0.63294893],
        [-0.8560199 , -0.8352962 , -0.78186125, ..., -0.3107445 ,
          0.        ,  0.36103744],
        [-0.98491822, -0.97745503, -0.95421543, ..., -0.63294893,
         -0.36103744,  0.        ]],

       ...,

       [[ 0.        , -0.77082079, -0.83187706, ..., -0.6465296 ,
         -0.76495528, -0.9907036 ],
        [ 0.77082079,  0.        , -0.10217431, ...,  0.17617762,
          0.00915654, -0.52626873],
        [ 0.83187706,  0.10217431,  0.        , ...,  0.27583174,
          0.11127865, -0.43663383],
        ...,
        [ 0.6465296 , -0.17617762, -0.27583174, ...,  0.        ,
         -0.16715691, -0.6678441 ],
        [ 0.76495528, -0.00915654, -0.11127865, ...,  0.16715691,
          0.        , -0.53403265],
        [ 0.9907036 ,  0.52626873,  0.43663383, ...,  0.6678441 ,
          0.53403265,  0.        ]],

       [[ 0.        ,  0.09156743,  0.26394137, ...,  0.52174533,
          0.84086147,  0.9146124 ],
        [-0.09156743,  0.        ,  0.17451219, ...,  0.44143712,
          0.787768  ,  0.87374639],
        [-0.26394137, -0.17451219,  0.        , ...,  0.27807485,
          0.66818508,  0.77545921],
        ...,
        [-0.52174533, -0.44143712, -0.27807485, ...,  0.        ,
          0.43494513,  0.56929883],
        [-0.84086147, -0.787768  , -0.66818508, ..., -0.43494513,
          0.        ,  0.15504736],
        [-0.9146124 , -0.87374639, -0.77545921, ..., -0.56929883,
         -0.15504736,  0.        ]],

       [[ 0.        ,  0.15637429,  0.14103378, ...,  0.98749459,
          0.96599652,  0.86945168],
        [-0.15637429,  0.        , -0.01551253, ...,  0.99999916,
          0.99454407,  0.93600728],
        [-0.14103378,  0.01551253,  0.        , ...,  0.99985875,
          0.99280618,  0.93043454],
        ...,
        [-0.98749459, -0.99999916, -0.99985875, ...,  0.        ,
          0.10302954,  0.3507685 ],
        [-0.96599652, -0.99454407, -0.99280618, ..., -0.10302954,
          0.        ,  0.25241854],
        [-0.86945168, -0.93600728, -0.93043454, ..., -0.3507685 ,
         -0.25241854,  0.        ]]]), 'num': array([7.07105160e-01, 7.07105160e-01, 0.00000000e+00, 6.98439655e-04,
       7.07105160e-04, 6.89774151e-04, 9.10103266e-04, 1.73310088e-06,
       7.09358191e-04, 6.77122515e-04, 6.40539643e-04, 9.62833823e-07,
       7.26870058e-04, 6.27374972e-04])}
{'img': array([[[ 0.        ,  0.27434144,  0.22303904, ...,  0.97469718,
          0.46025863,  0.48779969],
        [-0.27434144,  0.        , -0.05294909, ...,  0.87597696,
          0.19904341,  0.22959607],
        [-0.22303904,  0.05294909,  0.        , ...,  0.9002883 ,
          0.25065381,  0.28080861],
        ...,
        [-0.97469718, -0.87597696, -0.9002883 , ...,  0.        ,
         -0.76244008, -0.74182978],
        [-0.46025863, -0.19904341, -0.25065381, ...,  0.76244008,
          0.        ,  0.03127585],
        [-0.48779969, -0.22959607, -0.28080861, ...,  0.74182978,
         -0.03127585,  0.        ]],

       [[ 0.        ,  0.30831698,  0.17558864, ...,  0.13577993,
          0.36994043,  0.18487832],
        [-0.30831698,  0.        , -0.13649224, ..., -0.17629643,
          0.06547472, -0.1271303 ],
        [-0.17558864,  0.13649224,  0.        , ..., -0.04029212,
          0.20106131,  0.00944424],
        ...,
        [-0.13577993,  0.17629643,  0.04029212, ...,  0.        ,
          0.24036733,  0.04972689],
        [-0.36994043, -0.06547472, -0.20106131, ..., -0.24036733,
          0.        , -0.19180096],
        [-0.18487832,  0.1271303 , -0.00944424, ..., -0.04972689,
          0.19180096,  0.        ]],

       [[ 0.        ,  0.09090001,  0.19307658, ...,  0.8352962 ,
          0.97745503,  0.89803221],
        [-0.09090001,  0.        ,  0.10308765, ...,  0.78186125,
          0.95421543,  0.85432476],
        [-0.19307658, -0.10308765,  0.        , ...,  0.71342546,
          0.91829603,  0.79619443],
        ...,
        [-0.8352962 , -0.78186125, -0.71342546, ...,  0.        ,
          0.36103744,  0.12626667],
        [-0.97745503, -0.95421543, -0.91829603, ..., -0.36103744,
          0.        , -0.24039767],
        [-0.89803221, -0.85432476, -0.79619443, ..., -0.12626667,
          0.24039767,  0.        ]],

       ...,

       [[ 0.        , -0.11705144, -0.29763753, ...,  0.01069505,
         -0.571763  , -0.65653356],
        [ 0.11705144,  0.        , -0.18384498, ...,  0.12766627,
         -0.47180142, -0.56372893],
        [ 0.29763753,  0.18384498,  0.        , ...,  0.30783084,
         -0.30166267, -0.40227174],
        ...,
        [-0.01069505, -0.12766627, -0.30783084, ...,  0.        ,
         -0.58050472, -0.66456325],
        [ 0.571763  ,  0.47180142,  0.30166267, ...,  0.58050472,
          0.        , -0.10735349],
        [ 0.65653356,  0.56372893,  0.40227174, ...,  0.66456325,
          0.10735349,  0.        ]],

       [[ 0.        ,  0.16757225,  0.28431207, ...,  0.70413321,
          0.73282582,  0.88832554],
        [-0.16757225,  0.        ,  0.11963499, ...,  0.57518895,
          0.60844463,  0.79881287],
        [-0.28431207, -0.11963499,  0.        , ...,  0.47319403,
          0.50913285,  0.72110578],
        ...,
        [-0.70413321, -0.57518895, -0.47319403, ...,  0.        ,
          0.04125238,  0.30742343],
        [-0.73282582, -0.60844463, -0.50913285, ..., -0.04125238,
          0.        ,  0.26790709],
        [-0.88832554, -0.79881287, -0.72110578, ..., -0.30742343,
         -0.26790709,  0.        ]],

       [[ 0.        , -0.01551253,  0.22388599, ...,  0.99454407,
          0.93600728,  0.84223005],
        [ 0.01551253,  0.        ,  0.2389778 , ...,  0.99280618,
          0.93043454,  0.83376561],
        [-0.22388599, -0.2389778 ,  0.        , ...,  0.99265308,
          0.99105059,  0.94155136],
        ...,
        [-0.99454407, -0.99280618, -0.99265308, ...,  0.        ,
          0.25241854,  0.44831779],
        [-0.93600728, -0.93043454, -0.99105059, ..., -0.25241854,
          0.        ,  0.20816999],
        [-0.84223005, -0.83376561, -0.94155136, ..., -0.44831779,
         -0.20816999,  0.        ]]]), 'num': array([7.07105184e-01, 7.07105184e-01, 0.00000000e+00, 7.07105184e-04,
       7.08838285e-04, 6.82841771e-04, 8.60207322e-04, 8.66550471e-06,
       7.09531526e-04, 6.80328775e-04, 6.41232906e-04, 1.14774897e-06,
       7.29117644e-04, 6.31539905e-04])}
{'img': array([[[ 0.        , -0.05294909, -0.14214303, ...,  0.19904341,
          0.22959607,  0.39364852],
        [ 0.05294909,  0.        , -0.08953217, ...,  0.25065381,
          0.28080861,  0.44177035],
        [ 0.14214303,  0.08953217,  0.        , ...,  0.33632119,
          0.3656106 ,  0.520318  ],
        ...,
        [-0.19904341, -0.25065381, -0.33632119, ...,  0.        ,
          0.03127585,  0.20279903],
        [-0.22959607, -0.28080861, -0.3656106 , ..., -0.03127585,
          0.        ,  0.17207387],
        [-0.39364852, -0.44177035, -0.520318  , ..., -0.20279903,
         -0.17207387,  0.        ]],

       [[ 0.        , -0.13649224, -0.40839472, ...,  0.06547472,
         -0.1271303 , -0.17027563],
        [ 0.13649224,  0.        , -0.27998175, ...,  0.20106131,
          0.00944424, -0.03418308],
        [ 0.40839472,  0.27998175,  0.        , ...,  0.46728408,
          0.28903579,  0.2470022 ],
        ...,
        [-0.06547472, -0.20106131, -0.46728408, ...,  0.        ,
         -0.19180096, -0.23442881],
        [ 0.1271303 , -0.00944424, -0.28903579, ...,  0.19180096,
          0.        , -0.04362027],
        [ 0.17027563,  0.03418308, -0.2470022 , ...,  0.23442881,
          0.04362027,  0.        ]],

       [[ 0.        ,  0.10308765,  0.12540503, ...,  0.95421543,
          0.85432476,  0.86076238],
        [-0.10308765,  0.        ,  0.02246308, ...,  0.91829603,
          0.79619443,  0.80370415],
        [-0.12540503, -0.02246308,  0.        , ...,  0.90917131,
          0.78240245,  0.79013516],
        ...,
        [-0.95421543, -0.91829603, -0.90917131, ...,  0.        ,
         -0.24039767, -0.22823088],
        [-0.85432476, -0.79619443, -0.78240245, ...,  0.24039767,
          0.        ,  0.01251497],
        [-0.86076238, -0.80370415, -0.79013516, ...,  0.22823088,
         -0.01251497,  0.        ]],

       ...,

       [[ 0.        , -0.18384498, -0.40601064, ..., -0.47180142,
         -0.56372893, -0.1743063 ],
        [ 0.18384498,  0.        , -0.23108019, ..., -0.30166267,
         -0.40227174,  0.00969529],
        [ 0.40601064,  0.23108019,  0.        , ..., -0.07318283,
         -0.17982553,  0.24050221],
        ...,
        [ 0.47180142,  0.30166267,  0.07318283, ...,  0.        ,
         -0.10735349,  0.31089213],
        [ 0.56372893,  0.40227174,  0.17982553, ...,  0.10735349,
          0.        ,  0.41112907],
        [ 0.1743063 , -0.00969529, -0.24050221, ..., -0.31089213,
         -0.41112907,  0.        ]],

       [[ 0.        ,  0.1114466 ,  0.05056508, ...,  0.5265001 ,
          0.60686694,  0.82865063],
        [-0.1114466 ,  0.        , -0.06105396, ...,  0.42847111,
          0.51450828,  0.76110446],
        [-0.05056508,  0.06105396,  0.        , ...,  0.48283741,
          0.56590132,  0.79928598],
        ...,
        [-0.5265001 , -0.42847111, -0.48283741, ...,  0.        ,
          0.09747905,  0.40978118],
        [-0.60686694, -0.51450828, -0.56590132, ..., -0.09747905,
          0.        ,  0.31891081],
        [-0.82865063, -0.76110446, -0.79928598, ..., -0.40978118,
         -0.31891081,  0.        ]],

       [[ 0.        ,  0.2389778 ,  0.64333486, ...,  0.93043454,
          0.83376561,  0.56313964],
        [-0.2389778 ,  0.        ,  0.44173645, ...,  0.99105059,
          0.94155136,  0.7443048 ],
        [-0.64333486, -0.44173645,  0.        , ...,  0.94808194,
          0.99351549,  0.96275853],
        ...,
        [-0.93043454, -0.99105059, -0.94808194, ...,  0.        ,
          0.20816999,  0.56250842],
        [-0.83376561, -0.94155136, -0.99351549, ..., -0.20816999,
          0.        ,  0.37807217],
        [-0.56313964, -0.7443048 , -0.96275853, ..., -0.56250842,
         -0.37807217,  0.        ]]]), 'num': array([ 7.07105166e-01,  7.07105166e-01,  0.00000000e+00,  6.89774157e-04,
        7.00172763e-04,  6.87174506e-04,  9.04921303e-04, -1.73310090e-05,
        7.02945724e-04,  6.83361684e-04,  6.41319545e-04,  9.54302393e-07,
        7.26220116e-04,  6.40503252e-04])}
{'img': array([[[ 0.        , -0.08953217, -0.07697183, ...,  0.28080861,
          0.44177035,  0.13511058],
        [ 0.08953217,  0.        ,  0.01260386, ...,  0.3656106 ,
          0.520318  ,  0.22327918],
        [ 0.07697183, -0.01260386,  0.        , ...,  0.35385029,
          0.50951333,  0.21097578],
        ...,
        [-0.28080861, -0.3656106 , -0.35385029, ...,  0.        ,
          0.17207387, -0.1485595 ],
        [-0.44177035, -0.520318  , -0.50951333, ..., -0.17207387,
          0.        , -0.31650804],
        [-0.13511058, -0.22327918, -0.21097578, ...,  0.1485595 ,
          0.31650804,  0.        ]],

       [[ 0.        , -0.27998175,  0.69978077, ...,  0.00944424,
         -0.03418308,  0.00500129],
        [ 0.27998175,  0.        ,  0.87180038, ...,  0.28903579,
          0.2470022 ,  0.28477952],
        [-0.69978077, -0.87180038,  0.        , ..., -0.693003  ,
         -0.72379075, -0.69619931],
        ...,
        [-0.00944424, -0.28903579,  0.693003  , ...,  0.        ,
         -0.04362027, -0.00444305],
        [ 0.03418308, -0.2470022 ,  0.72379075, ...,  0.04362027,
          0.        ,  0.03918102],
        [-0.00500129, -0.28477952,  0.69619931, ...,  0.00444305,
         -0.03918102,  0.        ]],

       [[ 0.        ,  0.02246308,  0.01924063, ...,  0.79619443,
          0.80370415,  0.59115976],
        [-0.02246308,  0.        , -0.00322314, ...,  0.78240245,
          0.79013516,  0.5728929 ],
        [-0.01924063,  0.00322314,  0.        , ...,  0.78440567,
          0.79210663,  0.57553171],
        ...,
        [-0.79619443, -0.78240245, -0.78440567, ...,  0.        ,
          0.01251497, -0.28449839],
        [-0.80370415, -0.79013516, -0.79210663, ..., -0.01251497,
          0.        , -0.29647392],
        [-0.59115976, -0.5728929 , -0.57553171, ...,  0.28449839,
          0.29647392,  0.        ]],

       ...,

       [[ 0.        , -0.23108019, -0.2414633 , ..., -0.40227174,
          0.00969529, -0.41922859],
        [ 0.23108019,  0.        , -0.01068551, ..., -0.17982553,
          0.24050221, -0.1980888 ],
        [ 0.2414633 ,  0.01068551,  0.        , ..., -0.16930394,
          0.25086036, -0.18760373],
        ...,
        [ 0.40227174,  0.17982553,  0.16930394, ...,  0.        ,
          0.41112907, -0.01859754],
        [-0.00969529, -0.24050221, -0.25086036, ..., -0.41112907,
          0.        , -0.42801106],
        [ 0.41922859,  0.1980888 ,  0.18760373, ...,  0.01859754,
          0.42801106,  0.        ]],

       [[ 0.        , -0.06105396, -0.16899817, ...,  0.51450828,
          0.76110446,  0.47591572],
        [ 0.06105396,  0.        , -0.10850712, ...,  0.56590132,
          0.79928598,  0.52872428],
        [ 0.16899817,  0.10850712,  0.        , ...,  0.65202124,
          0.85977418,  0.61770267],
        ...,
        [-0.51450828, -0.56590132, -0.65202124, ...,  0.        ,
          0.31891081, -0.04441456],
        [-0.76110446, -0.79928598, -0.85977418, ..., -0.31891081,
          0.        , -0.36069155],
        [-0.47591572, -0.52872428, -0.61770267, ...,  0.04441456,
          0.36069155,  0.        ]],

       [[ 0.        ,  0.4122022 ,  0.72206264, ...,  0.99865166,
          0.97888769,  0.62312865],
        [-0.4122022 ,  0.        ,  0.37269288, ...,  0.93126221,
          0.97611078,  0.89011909],
        [-0.72206264, -0.37269288,  0.        , ...,  0.72837866,
          0.82481037,  0.99583682],
        ...,
        [-0.99865166, -0.93126221, -0.72837866, ...,  0.        ,
          0.15330711,  0.74871687],
        [-0.97888769, -0.97611078, -0.82481037, ..., -0.15330711,
          0.        ,  0.63824024],
        [-0.62312865, -0.89011909, -0.99583682, ..., -0.74871687,
         -0.63824024,  0.        ]]]), 'num': array([7.07105338e-01, 7.07105338e-01, 0.00000000e+00, 6.99306382e-04,
       7.01906034e-04, 6.84575021e-04, 5.62148744e-04, 9.53205726e-06,
       6.98266522e-04, 6.86091485e-04, 6.41622993e-04, 1.08180847e-06,
       7.25577585e-04, 6.46605385e-04])}
{'img': array([[[ 0.        ,  0.01260386, -0.22888974, ...,  0.520318  ,
          0.22327918,  0.38043239],
        [-0.01260386,  0.        , -0.24114081, ...,  0.50951333,
          0.21097578,  0.36874602],
        [ 0.22888974,  0.24114081,  0.        , ...,  0.70197035,
          0.44046295,  0.58201203],
        ...,
        [-0.520318  , -0.50951333, -0.70197035, ...,  0.        ,
         -0.31650804, -0.1563158 ],
        [-0.22327918, -0.21097578, -0.44046295, ...,  0.31650804,
          0.        ,  0.16433766],
        [-0.38043239, -0.36874602, -0.58201203, ...,  0.1563158 ,
         -0.16433766,  0.        ]],

       [[ 0.        ,  0.87180038,  0.313597  , ...,  0.2470022 ,
          0.28477952, -0.08078421],
        [-0.87180038,  0.        , -0.67420439, ..., -0.72379075,
         -0.69619931, -0.90852406],
        [-0.313597  ,  0.67420439,  0.        , ..., -0.06933772,
         -0.03019776, -0.38928119],
        ...,
        [-0.2470022 ,  0.72379075,  0.06933772, ...,  0.        ,
          0.03918102, -0.324476  ],
        [-0.28477952,  0.69619931,  0.03019776, ..., -0.03918102,
          0.        , -0.36128793],
        [ 0.08078421,  0.90852406,  0.38928119, ...,  0.324476  ,
          0.36128793,  0.        ]],

       [[ 0.        , -0.00322314, -0.02883918, ...,  0.79013516,
          0.5728929 ,  0.45284483],
        [ 0.00322314,  0.        , -0.02561723, ...,  0.79210663,
          0.57553171,  0.4557162 ],
        [ 0.02883918,  0.02561723,  0.        , ...,  0.807483  ,
          0.59629208,  0.47836918],
        ...,
        [-0.79013516, -0.79210663, -0.807483  , ...,  0.        ,
         -0.29647392, -0.42691272],
        [-0.5728929 , -0.57553171, -0.59629208, ...,  0.29647392,
          0.        , -0.13961989],
        [-0.45284483, -0.4557162 , -0.47836918, ...,  0.42691272,
          0.13961989,  0.        ]],

       ...,

       [[ 0.        , -0.01068551, -0.17186945, ...,  0.24050221,
         -0.1980888 ,  0.08482608],
        [ 0.01068551,  0.        , -0.16133313, ...,  0.25086036,
         -0.18760373,  0.09546824],
        [ 0.17186945,  0.16133313,  0.        , ...,  0.40374832,
         -0.02667749,  0.25481385],
        ...,
        [-0.24050221, -0.25086036, -0.40374832, ...,  0.        ,
         -0.42801106, -0.15729907],
        [ 0.1980888 ,  0.18760373,  0.02667749, ...,  0.42801106,
          0.        ,  0.28052002],
        [-0.08482608, -0.09546824, -0.25481385, ...,  0.15729907,
         -0.28052002,  0.        ]],

       [[ 0.        , -0.10850712, -0.39620853, ...,  0.79928598,
          0.52872428,  0.49488019],
        [ 0.10850712,  0.        , -0.29424223, ...,  0.85977418,
          0.61770267,  0.58624674],
        [ 0.39620853,  0.29424223,  0.        , ...,  0.97197471,
          0.82175306,  0.79866932],
        ...,
        [-0.79928598, -0.85977418, -0.97197471, ...,  0.        ,
         -0.36069155, -0.39714984],
        [-0.52872428, -0.61770267, -0.82175306, ...,  0.36069155,
          0.        , -0.03938973],
        [-0.49488019, -0.58624674, -0.79866932, ...,  0.39714984,
          0.03938973,  0.        ]],

       [[ 0.        ,  0.35256264,  0.76248605, ...,  0.93711797,
          0.99961679,  0.86873886],
        [-0.35256264,  0.        ,  0.4854158 , ...,  0.75389509,
          0.92567011,  0.98756944],
        [-0.76248605, -0.4854158 ,  0.        , ...,  0.34020232,
          0.62564988,  0.93971487],
        ...,
        [-0.93711797, -0.75389509, -0.34020232, ...,  0.        ,
          0.32293809,  0.76732776],
        [-0.99961679, -0.92567011, -0.62564988, ..., -0.32293809,
          0.        ,  0.51912871],
        [-0.86873886, -0.98756944, -0.93971487, ..., -0.76732776,
         -0.51912871,  0.        ]]]), 'num': array([7.07105285e-01, 7.07105285e-01, 0.00000000e+00, 7.06238734e-04,
       7.06238734e-04, 6.88907722e-04, 6.58526458e-04, 6.93240475e-06,
       7.00172880e-04, 6.88257809e-04, 6.42142875e-04, 1.17011927e-06,
       7.27169212e-04, 6.49346407e-04])}
{'img': array([[[ 0.        , -0.24114081, -0.34269614, ...,  0.21097578,
          0.36874602,  0.49316876],
        [ 0.24114081,  0.        , -0.10604438, ...,  0.44046295,
          0.58201203,  0.68839193],
        [ 0.34269614,  0.10604438,  0.        , ...,  0.53318291,
          0.66496349,  0.76142848],
        ...,
        [-0.21097578, -0.44046295, -0.53318291, ...,  0.        ,
          0.16433766,  0.29853324],
        [-0.36874602, -0.58201203, -0.66496349, ..., -0.16433766,
          0.        ,  0.13763068],
        [-0.49316876, -0.68839193, -0.76142848, ..., -0.29853324,
         -0.13763068,  0.        ]],

       [[ 0.        , -0.67420439, -0.65382276, ..., -0.69619931,
         -0.90852406, -0.84857268],
        [ 0.67420439,  0.        ,  0.02725782, ..., -0.03019776,
         -0.38928119, -0.27000168],
        [ 0.65382276, -0.02725782,  0.        , ..., -0.05743193,
         -0.41424425, -0.29614682],
        ...,
        [ 0.69619931,  0.03019776,  0.05743193, ...,  0.        ,
         -0.36128793, -0.24080234],
        [ 0.90852406,  0.38928119,  0.41424425, ...,  0.36128793,
          0.        ,  0.12611956],
        [ 0.84857268,  0.27000168,  0.29614682, ...,  0.24080234,
         -0.12611956,  0.        ]],

       [[ 0.        , -0.02561723, -0.14647849, ...,  0.57553171,
          0.4557162 ,  0.50283549],
        [ 0.02561723,  0.        , -0.1210895 , ...,  0.59629208,
          0.47836918,  0.52481355],
        [ 0.14647849,  0.1210895 ,  0.        , ...,  0.68911104,
          0.58118496,  0.62402522],
        ...,
        [-0.57553171, -0.59629208, -0.68911104, ...,  0.        ,
         -0.13961989, -0.08627079],
        [-0.4557162 , -0.47836918, -0.58118496, ...,  0.13961989,
          0.        ,  0.05367357],
        [-0.50283549, -0.52481355, -0.62402522, ...,  0.08627079,
         -0.05367357,  0.        ]],

       ...,

       [[ 0.        , -0.16133313, -0.47688019, ..., -0.18760373,
          0.09546824,  0.30527504],
        [ 0.16133313,  0.        , -0.32882635, ..., -0.02667749,
          0.25481385,  0.45490771],
        [ 0.47688019,  0.32882635,  0.        , ...,  0.30351536,
          0.55861559,  0.72244303],
        ...,
        [ 0.18760373,  0.02667749, -0.30351536, ...,  0.        ,
          0.28052002,  0.47850314],
        [-0.09546824, -0.25481385, -0.55861559, ..., -0.28052002,
          0.        ,  0.2129697 ],
        [-0.30527504, -0.45490771, -0.72244303, ..., -0.47850314,
         -0.2129697 ,  0.        ]],

       [[ 0.        , -0.29424223, -0.46199278, ...,  0.61770267,
          0.58624674,  0.66894418],
        [ 0.29424223,  0.        , -0.18058213, ...,  0.82175306,
          0.79866932,  0.85804458],
        [ 0.46199278,  0.18058213,  0.        , ...,  0.91114696,
          0.89420806,  0.93668075],
        ...,
        [-0.61770267, -0.82175306, -0.91114696, ...,  0.        ,
         -0.03938973,  0.06691935],
        [-0.58624674, -0.79866932, -0.89420806, ...,  0.03938973,
          0.        ,  0.10616885],
        [-0.66894418, -0.85804458, -0.93668075, ..., -0.06691935,
         -0.10616885,  0.        ]],

       [[ 0.        ,  0.46982213,  0.73302814, ...,  0.89376053,
          0.98514466,  0.98295988],
        [-0.46982213,  0.        ,  0.32751651, ...,  0.57824094,
          0.78896647,  0.95408155],
        [-0.73302814, -0.32751651,  0.        , ...,  0.27913872,
          0.54421337,  0.80335304],
        ...,
        [-0.89376053, -0.57824094, -0.27913872, ...,  0.        ,
          0.28839877,  0.60519243],
        [-0.98514466, -0.78896647, -0.54421337, ..., -0.28839877,
          0.        ,  0.34988977],
        [-0.98295988, -0.95408155, -0.80335304, ..., -0.60519243,
         -0.34988977,  0.        ]]]), 'num': array([7.07105066e-01, 7.07105066e-01, 0.00000000e+00, 7.06238515e-04,
       7.11437817e-04, 6.89774059e-04, 1.01745140e-03, 0.00000000e+00,
       7.01732454e-04, 6.89990697e-04, 6.42648164e-04, 1.15159977e-06,
       7.28863472e-04, 6.51117921e-04])}
{'img': array([[[ 0.        , -0.10604438, -0.66675976, ...,  0.58201203,
          0.68839193,  0.68839193],
        [ 0.10604438,  0.        , -0.58396818, ...,  0.66496349,
          0.76142848,  0.76142848],
        [ 0.66675976,  0.58396818,  0.        , ...,  0.97595351,
          0.99666653,  0.99666653],
        ...,
        [-0.58201203, -0.66496349, -0.97595351, ...,  0.        ,
          0.13763068,  0.13763068],
        [-0.68839193, -0.76142848, -0.99666653, ..., -0.13763068,
          0.        ,  0.        ],
        [-0.68839193, -0.76142848, -0.99666653, ..., -0.13763068,
          0.        ,  0.        ]],

       [[ 0.        ,  0.02725782,  0.73219911, ..., -0.38928119,
         -0.27000168,  0.06235214],
        [-0.02725782,  0.        ,  0.7504921 , ..., -0.41424425,
         -0.29614682,  0.03512419],
        [-0.73219911, -0.7504921 ,  0.        , ..., -0.40930671,
         -0.52110951, -0.77324186],
        ...,
        [ 0.38928119,  0.41424425,  0.40930671, ...,  0.        ,
          0.12611956,  0.44595747],
        [ 0.27000168,  0.29614682,  0.52110951, ..., -0.12611956,
          0.        ,  0.32951269],
        [-0.06235214, -0.03512419,  0.77324186, ..., -0.44595747,
         -0.32951269,  0.        ]],

       [[ 0.        , -0.1210895 , -0.36559075, ...,  0.47836918,
          0.52481355,  0.56435653],
        [ 0.1210895 ,  0.        , -0.25019342, ...,  0.58118496,
          0.62402522,  0.66016692],
        [ 0.36559075,  0.25019342,  0.        , ...,  0.76630116,
          0.79968084,  0.8270959 ],
        ...,
        [-0.47836918, -0.58118496, -0.76630116, ...,  0.        ,
          0.05367357,  0.100686  ],
        [-0.52481355, -0.62402522, -0.79968084, ..., -0.05367357,
          0.        ,  0.04714005],
        [-0.56435653, -0.66016692, -0.8270959 , ..., -0.100686  ,
         -0.04714005,  0.        ]],

       ...,

       [[ 0.        , -0.32882635, -0.76366697, ...,  0.25481385,
          0.45490771,  0.41253035],
        [ 0.32882635,  0.        , -0.50890605, ...,  0.55861559,
          0.72244303,  0.68913205],
        [ 0.76366697,  0.50890605,  0.        , ...,  0.90296888,
          0.97376804,  0.96199161],
        ...,
        [-0.25481385, -0.55861559, -0.90296888, ...,  0.        ,
          0.2129697 ,  0.16679166],
        [-0.45490771, -0.72244303, -0.97376804, ..., -0.2129697 ,
          0.        , -0.0470212 ],
        [-0.41253035, -0.68913205, -0.96199161, ..., -0.16679166,
          0.0470212 ,  0.        ]],

       [[ 0.        , -0.18058213, -0.07018885, ...,  0.79866932,
          0.85804458,  0.94073445],
        [ 0.18058213,  0.        ,  0.11110183, ...,  0.89420806,
          0.93668075,  0.98651205],
        [ 0.07018885, -0.11110183,  0.        , ...,  0.83893713,
          0.89197565,  0.96221847],
        ...,
        [-0.79866932, -0.89420806, -0.83893713, ...,  0.        ,
          0.10616885,  0.29524197],
        [-0.85804458, -0.93668075, -0.89197565, ..., -0.10616885,
          0.        ,  0.19213718],
        [-0.94073445, -0.98651205, -0.96221847, ..., -0.29524197,
         -0.19213718,  0.        ]],

       [[ 0.        ,  0.31611323,  0.13954609, ...,  0.74342836,
          0.84672776,  0.96186307],
        [-0.31611323,  0.        , -0.18062987, ...,  0.493885  ,
          0.63512821,  0.82607325],
        [-0.13954609,  0.18062987,  0.        , ...,  0.64282375,
          0.76420081,  0.91428156],
        ...,
        [-0.74342836, -0.493885  , -0.64282375, ...,  0.        ,
          0.17078118,  0.43995799],
        [-0.84672776, -0.63512821, -0.76420081, ..., -0.17078118,
          0.        ,  0.28012993],
        [-0.96186307, -0.82607325, -0.91428156, ..., -0.43995799,
         -0.28012993,  0.        ]]]), 'num': array([ 7.07105246e-01,  7.07105246e-01,  0.00000000e+00,  6.99306291e-04,
        7.07105246e-04,  6.91507336e-04,  7.32564501e-04, -6.93240437e-06,
        7.00172841e-04,  6.90814096e-04,  6.43327126e-04,  1.03750269e-06,
        7.29743728e-04,  6.51884463e-04])}
{'img': array([[[ 0.        , -0.58396818, -0.60710043, ...,  0.76142848,
          0.76142848,  0.66496349],
        [ 0.58396818,  0.        , -0.02879412, ...,  0.99666653,
          0.99666653,  0.97595351],
        [ 0.60710043,  0.02879412,  0.        , ...,  0.99860239,
          0.99860239,  0.98182535],
        ...,
        [-0.76142848, -0.99666653, -0.99860239, ...,  0.        ,
          0.        , -0.13763068],
        [-0.76142848, -0.99666653, -0.99860239, ...,  0.        ,
          0.        , -0.13763068],
        [-0.66496349, -0.97595351, -0.98182535, ...,  0.13763068,
          0.13763068,  0.        ]],

       [[ 0.        ,  0.7504921 ,  0.07936888, ..., -0.29614682,
          0.03512419, -0.21741184],
