state_0,state_1,state_2,state_3,state_4,state_5,state_6,state_7,state_8,state_9,state_10,state_11,state_12,state_13,state_14,state_15,state_16,state_17,state_18,state_19,state_20,state_21,state_22,state_23,state_24,state_25,state_26,state_27,state_28,state_29,state_30,state_31,state_32,state_33,state_34,state_35,state_36,state_37,state_38,state_39,state_40,state_41,state_42,state_43,state_44,state_45,state_46,state_47,state_48,state_49,state_50,state_51,state_52,state_53,state_54,state_55,state_56,state_57,state_58,state_59,state_60,state_61,state_62,state_63,state_64,state_65,state_66,state_67,state_68,state_69,state_70,state_71,state_72,state_73,state_74,state_75,state_76,state_77,state_78,state_79,state_80,state_81,state_82,state_83,state_84,state_85,state_86,state_87,state_88,state_89,state_90,state_91,state_92,state_93,state_94,state_95,state_96,state_97,state_98,state_99,state_100,state_101,state_102,state_103,state_104,state_105,state_106,state_107,state_108,state_109,state_110,state_111,state_112,state_113,state_114,state_115,state_116,state_117,state_118,state_119,state_120,state_121,state_122,state_123,state_124,state_125,state_126,state_127,state_128,state_129,state_130,state_131,state_132,state_133,state_134,state_135,state_136,state_137,state_138,state_139,state_140,state_141,state_142,state_143,state_144,state_145,state_146,state_147,state_148,state_149,state_150,state_151,state_152,state_153,state_154,state_155,state_156,state_157,state_158,state_159,state_160,state_161,state_162,state_163,state_164,state_165,state_166,state_167,state_168,state_169,state_170,state_171,state_172,state_173,state_174,state_175,state_176,state_177,state_178,state_179,state_180,state_181,state_182,state_183,state_184,state_185,state_186,state_187,state_188,state_189,state_190,state_191,state_192,state_193,state_194,state_195,state_196,state_197,state_198,state_199,state_200,state_201,state_202,state_203,state_204,state_205,state_206,state_207,state_208,state_209,state_210,state_211,state_212,state_213,state_214,state_215,state_216,state_217,state_218,state_219,state_220,state_221,state_222,state_223,state_224,state_225,state_226,state_227,state_228,state_229,state_230,state_231,state_232,state_233,state_234,state_235,state_236,state_237,state_238,state_239,state_240,state_241,state_242,state_243,state_244,state_245,state_246,state_247,state_248,state_249,state_250,state_251,state_252,state_253,state_254,state_255,state_256,state_257,state_258,state_259,state_260,state_261,state_262,state_263,state_264,state_265,state_266,state_267,state_268,state_269,state_270,state_271,state_272,state_273,state_274,state_275,state_276,state_277,state_278,state_279,state_280,state_281,state_282,state_283,state_284,state_285,state_286,state_287
{'img': array([[[ 0.        ,  0.91184875,  0.55540657, ...,  0.72928455,
          0.66440985,  0.8       ],
        [-0.91184875,  0.        , -0.53026521, ..., -0.32450601,
         -0.40872923, -0.2186882 ],
        [-0.55540657,  0.53026521,  0.        , ...,  0.22644266,
          0.13741591,  0.33201922],
        ...,
        [-0.72928455,  0.32450601, -0.22644266, ...,  0.        ,
         -0.09044803,  0.10979769],
        [-0.66440985,  0.40872923, -0.13741591, ...,  0.09044803,
          0.        ,  0.19924883],
        [-0.8       ,  0.2186882 , -0.33201922, ..., -0.10979769,
         -0.19924883,  0.        ]],

       [[ 0.        ,  0.4772634 ,  0.17465292, ..., -0.63818365,
         -0.80906962, -0.82228328],
        [-0.4772634 ,  0.        , -0.31644983, ..., -0.92824798,
         -0.99147207, -0.99419018],
        [-0.17465292,  0.31644983,  0.        , ..., -0.76283733,
         -0.89928003, -0.90903604],
        ...,
        [ 0.63818365,  0.92824798,  0.76283733, ...,  0.        ,
         -0.24782118, -0.26988635],
        [ 0.80906962,  0.99147207,  0.89928003, ...,  0.24782118,
          0.        , -0.02284239],
        [ 0.82228328,  0.99419018,  0.90903604, ...,  0.26988635,
          0.02284239,  0.        ]],

       [[ 0.        ,  0.65312933,  0.80431518, ...,  0.99920547,
          0.99852206,  0.99446457],
        [-0.65312933,  0.        ,  0.22097342, ...,  0.73061421,
          0.72063106,  0.68442878],
        [-0.80431518, -0.22097342,  0.        , ...,  0.56167475,
          0.54961192,  0.50640235],
        ...,
        [-0.99920547, -0.73061421, -0.56167475, ...,  0.        ,
         -0.01450848, -0.06535452],
        [-0.99852206, -0.72063106, -0.54961192, ...,  0.01450848,
          0.        , -0.05087019],
        [-0.99446457, -0.68442878, -0.50640235, ...,  0.06535452,
          0.05087019,  0.        ]],

       ...,

       [[ 0.        ,  0.17966912, -0.01627188, ..., -0.96059815,
         -0.95664981, -0.82934647],
        [-0.17966912,  0.        , -0.19565243, ..., -0.99490385,
         -0.9934093 , -0.91623797],
        [ 0.01627188,  0.19565243,  0.        , ..., -0.95594835,
         -0.95178412, -0.82014501],
        ...,
        [ 0.96059815,  0.99490385,  0.95594835, ...,  0.        ,
          0.01387308,  0.30621012],
        [ 0.95664981,  0.9934093 ,  0.95178412, ..., -0.01387308,
          0.        ,  0.29297397],
        [ 0.82934647,  0.91623797,  0.82014501, ..., -0.30621012,
         -0.29297397,  0.        ]],

       [[ 0.        ,  0.62026303,  0.71786079, ...,  0.71979216,
          0.71126528,  0.72663697],
        [-0.62026303,  0.        ,  0.13126675, ...,  0.99518074,
          0.99390971,  0.99610371],
        [-0.71786079, -0.13126675,  0.        , ...,  0.99944123,
          0.99977476,  0.99906086],
        ...,
        [-0.71979216, -0.99518074, -0.99944123, ...,  0.        ,
          0.01220597, -0.00991108],
        [-0.71126528, -0.99390971, -0.99977476, ..., -0.01220597,
          0.        , -0.02211571],
        [-0.72663697, -0.99610371, -0.99906086, ...,  0.00991108,
          0.02211571,  0.        ]],

       [[ 0.        , -0.21836112, -0.25074692, ...,  0.96850446,
          0.94483447,  0.92528465],
        [ 0.21836112,  0.        , -0.03331084, ...,  0.99950363,
          0.99355755,  0.98577428],
        [ 0.25074692,  0.03331084,  0.        , ...,  0.99999837,
          0.99678124,  0.99082592],
        ...,
        [-0.96850446, -0.99950363, -0.99999837, ...,  0.        ,
         -0.08197169, -0.13693562],
        [-0.94483447, -0.99355755, -0.99678124, ...,  0.08197169,
          0.        , -0.05527527],
        [-0.92528465, -0.98577428, -0.99082592, ...,  0.13693562,
          0.05527527,  0.        ]]]), 'num': array([7.18059269e-01, 6.95967937e-01, 7.03545592e-07, 6.69434291e-04,
       6.75830160e-04, 6.61972444e-04, 3.97865692e-03, 3.19793451e-06,
       6.64530791e-04, 6.87449322e-04, 6.91802066e-04, 8.88315142e-07,
       7.40435622e-04, 6.34463022e-04])}
{'img': array([[[ 0.00000000e+00, -6.74104124e-01, -1.07588143e-01, ...,
         -4.92872712e-01, -2.53573931e-01, -1.64237763e-01],
        [ 6.74104124e-01,  0.00000000e+00,  5.90722808e-01, ...,
          2.22485266e-01,  4.64772792e-01,  5.43638337e-01],
        [ 1.07588143e-01, -5.90722808e-01,  0.00000000e+00, ...,
         -3.96399260e-01, -1.48030340e-01, -5.71572731e-02],
        ...,
        [ 4.92872712e-01, -2.22485266e-01,  3.96399260e-01, ...,
          0.00000000e+00,  2.56128626e-01,  3.43276374e-01],
        [ 2.53573931e-01, -4.64772792e-01,  1.48030340e-01, ...,
         -2.56128626e-01,  0.00000000e+00,  9.12607772e-02],
        [ 1.64237763e-01, -5.43638337e-01,  5.71572731e-02, ...,
         -3.43276374e-01, -9.12607772e-02,  0.00000000e+00]],

       [[ 0.00000000e+00, -3.16449835e-01, -5.86070645e-01, ...,
         -9.91472068e-01, -9.94190177e-01, -9.44326499e-01],
        [ 3.16449835e-01,  0.00000000e+00, -2.99545403e-01, ...,
         -8.99280027e-01, -9.09036037e-01, -7.91681744e-01],
        [ 5.86070645e-01,  2.99545403e-01,  0.00000000e+00, ...,
         -7.26973758e-01, -7.42469148e-01, -5.72326950e-01],
        ...,
        [ 9.91472068e-01,  8.99280027e-01,  7.26973758e-01, ...,
          0.00000000e+00, -2.28423874e-02,  2.03140014e-01],
        [ 9.94190177e-01,  9.09036037e-01,  7.42469148e-01, ...,
          2.28423874e-02,  0.00000000e+00,  2.25453127e-01],
        [ 9.44326499e-01,  7.91681744e-01,  5.72326950e-01, ...,
         -2.03140014e-01, -2.25453127e-01,  0.00000000e+00]],

       [[ 0.00000000e+00,  5.80257620e-01,  8.88025702e-01, ...,
          9.79795897e-01,  9.66216455e-01,  9.73457941e-01],
        [-5.80257620e-01,  0.00000000e+00,  4.56438563e-01, ...,
          6.81926578e-01,  6.37367623e-01,  6.60015033e-01],
        [-8.88025702e-01, -4.56438563e-01,  0.00000000e+00, ...,
          2.72898952e-01,  2.15387746e-01,  2.44351068e-01],
        ...,
        [-9.79795897e-01, -6.81926578e-01, -2.72898952e-01, ...,
          0.00000000e+00, -5.92814248e-02, -2.95503593e-02],
        [-9.66216455e-01, -6.37367623e-01, -2.15387746e-01, ...,
          5.92814248e-02,  0.00000000e+00,  2.97571468e-02],
        [-9.73457941e-01, -6.60015033e-01, -2.44351068e-01, ...,
          2.95503593e-02, -2.97571468e-02,  0.00000000e+00]],

       ...,

       [[ 0.00000000e+00, -1.95652426e-01, -1.54066928e-01, ...,
         -9.93409303e-01, -9.16237968e-01, -8.57052906e-01],
        [ 1.95652426e-01,  0.00000000e+00,  4.22270933e-02, ...,
         -9.51784120e-01, -8.20145007e-01, -7.39683216e-01],
        [ 1.54066928e-01, -4.22270933e-02,  0.00000000e+00, ...,
         -9.63889113e-01, -8.43573942e-01, -7.67440391e-01],
        ...,
        [ 9.93409303e-01,  9.51784120e-01,  9.63889113e-01, ...,
          0.00000000e+00,  2.92973973e-01,  4.13596498e-01],
        [ 9.16237968e-01,  8.20145007e-01,  8.43573942e-01, ...,
         -2.92973973e-01,  0.00000000e+00,  1.28706887e-01],
        [ 8.57052906e-01,  7.39683216e-01,  7.67440391e-01, ...,
         -4.13596498e-01, -1.28706887e-01,  0.00000000e+00]],

       [[ 0.00000000e+00,  4.33538964e-01,  6.54155617e-01, ...,
          7.45032365e-01,  7.60613627e-01,  8.24896852e-01],
        [-4.33538964e-01,  0.00000000e+00,  2.61570881e-01, ...,
          9.60557373e-01,  9.66871014e-01,  9.88415604e-01],
        [-6.54155617e-01, -2.61570881e-01,  0.00000000e+00, ...,
          9.99852989e-01,  9.99978698e-01,  9.93702203e-01],
        ...,
        [-7.45032365e-01, -9.60557373e-01, -9.99852989e-01, ...,
          0.00000000e+00, -2.36722181e-02, -1.29075221e-01],
        [-7.60613627e-01, -9.66871014e-01, -9.99978698e-01, ...,
          2.36722181e-02,  0.00000000e+00, -1.05564855e-01],
        [-8.24896852e-01, -9.88415604e-01, -9.93702203e-01, ...,
          1.29075221e-01,  1.05564855e-01,  0.00000000e+00]],

       [[ 0.00000000e+00, -3.33108356e-02, -1.24979488e-04, ...,
          9.93557550e-01,  9.85774279e-01,  9.81662536e-01],
        [ 3.33108356e-02,  0.00000000e+00,  3.31859252e-02, ...,
          9.96781239e-01,  9.90825919e-01,  9.87467699e-01],
        [ 1.24979488e-04, -3.31859252e-02,  0.00000000e+00, ...,
          9.93571706e-01,  9.85795277e-01,  9.81686353e-01],
        ...,
        [-9.93557550e-01, -9.96781239e-01, -9.93571706e-01, ...,
          0.00000000e+00, -5.52752683e-02, -7.81483833e-02],
        [-9.85774279e-01, -9.90825919e-01, -9.85795277e-01, ...,
          5.52752683e-02,  0.00000000e+00, -2.29226844e-02],
        [-9.81662536e-01, -9.87467699e-01, -9.81686353e-01, ...,
          7.81483833e-02,  2.29226844e-02,  0.00000000e+00]]]), 'num': array([ 7.07105461e-01,  7.07105461e-01,  0.00000000e+00,  2.52537665e-04,
        2.57875859e-04,  2.52127034e-04,  1.78738357e-03, -5.33819454e-06,
        2.55165699e-04,  2.63049802e-04,  2.66362220e-04,  3.42191958e-07,
        2.81164884e-04,  2.44934719e-04])}
{'img': array([[[ 0.        ,  0.59072281,  0.61283748, ...,  0.46477279,
          0.54363834,  0.06828859],
        [-0.59072281,  0.        ,  0.02768851, ..., -0.14803034,
         -0.05715727, -0.5342435 ],
        [-0.61283748, -0.02768851,  0.        , ..., -0.17535704,
         -0.0847786 , -0.55744462],
        ...,
        [-0.46477279,  0.14803034,  0.17535704, ...,  0.        ,
          0.09126078, -0.40322306],
        [-0.54363834,  0.05715727,  0.0847786 , ..., -0.09126078,
          0.        , -0.48505332],
        [-0.06828859,  0.5342435 ,  0.55744462, ...,  0.40322306,
          0.48505332,  0.        ]],

       [[ 0.        , -0.2995454 , -0.4566495 , ..., -0.90903604,
         -0.79168174, -0.70653905],
        [ 0.2995454 ,  0.        , -0.16919151, ..., -0.74246915,
         -0.57232695, -0.46211571],
        [ 0.4566495 ,  0.16919151,  0.        , ..., -0.61842706,
         -0.42533446, -0.30541112],
        ...,
        [ 0.90903604,  0.74246915,  0.61842706, ...,  0.        ,
          0.22545313,  0.34887403],
        [ 0.79168174,  0.57232695,  0.42533446, ..., -0.22545313,
          0.        ,  0.1286041 ],
        [ 0.70653905,  0.46211571,  0.30541112, ..., -0.34887403,
         -0.1286041 ,  0.        ]],

       [[ 0.        ,  0.79310041,  0.93154098, ...,  0.92234654,
          0.93503878,  0.91651514],
        [-0.79310041,  0.        ,  0.27899299, ...,  0.25536773,
          0.28833347,  0.24100087],
        [-0.93154098, -0.27899299,  0.        , ..., -0.02451482,
          0.00974048, -0.03933816],
        ...,
        [-0.92234654, -0.25536773,  0.02451482, ...,  0.        ,
          0.03425121, -0.01483049],
        [-0.93503878, -0.28833347, -0.00974048, ..., -0.03425121,
          0.        , -0.04906924],
        [-0.91651514, -0.24100087,  0.03933816, ...,  0.01483049,
          0.04906924,  0.        ]],

       ...,

       [[ 0.        ,  0.04222709, -0.02587212, ..., -0.82014501,
         -0.73968322, -0.73968322],
        [-0.04222709,  0.        , -0.068062  , ..., -0.84357394,
         -0.76744039, -0.76744039],
        [ 0.02587212,  0.068062  ,  0.        , ..., -0.80506759,
         -0.72202484, -0.72202484],
        ...,
        [ 0.82014501,  0.84357394,  0.80506759, ...,  0.        ,
          0.12870689,  0.12870689],
        [ 0.73968322,  0.76744039,  0.72202484, ..., -0.12870689,
          0.        ,  0.        ],
        [ 0.73968322,  0.76744039,  0.72202484, ..., -0.12870689,
          0.        ,  0.        ]],

       [[ 0.        ,  0.53048167,  0.69277989, ...,  0.77581346,
          0.83994173,  0.94535594],
        [-0.53048167,  0.        ,  0.20471064, ...,  0.99236824,
          0.99989557,  0.97433313],
        [-0.69277989, -0.20471064,  0.        , ...,  0.9965952 ,
          0.98167866,  0.90761662],
        ...,
        [-0.77581346, -0.99236824, -0.9965952 , ...,  0.        ,
         -0.10895579, -0.34353769],
        [-0.83994173, -0.99989557, -0.98167866, ...,  0.10895579,
          0.        , -0.23916785],
        [-0.94535594, -0.97433313, -0.90761662, ...,  0.34353769,
          0.23916785,  0.        ]],

       [[ 0.        ,  0.03318593,  0.11408288, ...,  0.99082592,
          0.9874677 ,  0.99146233],
        [-0.03318593,  0.        ,  0.08105078, ...,  0.98579528,
          0.98168635,  0.986589  ],
        [-0.11408288, -0.08105078,  0.        , ...,  0.96893939,
          0.96301605,  0.97011364],
        ...,
        [-0.99082592, -0.98579528, -0.96893939, ...,  0.        ,
         -0.02292268,  0.00479331],
        [-0.9874677 , -0.98168635, -0.96301605, ...,  0.02292268,
          0.        ,  0.02771447],
        [-0.99146233, -0.986589  , -0.97011364, ..., -0.00479331,
         -0.02771447,  0.        ]]]), 'num': array([7.07105649e-01, 7.07105649e-01, 0.00000000e+00, 2.58697189e-04,
       2.59929080e-04, 2.51716471e-04, 1.63123771e-03, 6.15945687e-06,
       2.55904902e-04, 2.61920638e-04, 2.66471792e-04, 3.50596766e-07,
       2.78056429e-04, 2.45784846e-04])}
{'img': array([[[ 0.        ,  0.02768851,  0.3012392 , ..., -0.05715727,
         -0.5342435 ,  0.        ],
        [-0.02768851,  0.        ,  0.27472137, ..., -0.0847786 ,
         -0.55744462, -0.02768851],
        [-0.3012392 , -0.27472137,  0.        , ..., -0.35524897,
         -0.76407387, -0.3012392 ],
        ...,
        [ 0.05715727,  0.0847786 ,  0.35524897, ...,  0.        ,
         -0.48505332,  0.05715727],
        [ 0.5342435 ,  0.55744462,  0.76407387, ...,  0.48505332,
          0.        ,  0.5342435 ],
        [ 0.        ,  0.02768851,  0.3012392 , ..., -0.05715727,
         -0.5342435 ,  0.        ]],

       [[ 0.        , -0.16919151, -0.33500149, ..., -0.57232695,
         -0.46211571, -0.5276267 ],
        [ 0.16919151,  0.        , -0.17075662, ..., -0.42533446,
         -0.30541112, -0.37629582],
        [ 0.33500149,  0.17075662,  0.        , ..., -0.26454675,
         -0.13832765, -0.21256332],
        ...,
        [ 0.57232695,  0.42533446,  0.26454675, ...,  0.        ,
          0.1286041 ,  0.05351084],
        [ 0.46211571,  0.30541112,  0.13832765, ..., -0.1286041 ,
          0.        , -0.07535336],
        [ 0.5276267 ,  0.37629582,  0.21256332, ..., -0.05351084,
          0.07535336,  0.        ]],

       [[ 0.        ,  0.71909164,  0.87086323, ...,  0.72984205,
          0.67248253,  0.72450881],
        [-0.71909164,  0.        ,  0.25172432, ...,  0.01559595,
         -0.0648907 ,  0.00782714],
        [-0.87086323, -0.25172432,  0.        , ..., -0.23659996,
         -0.31399493, -0.24414151],
        ...,
        [-0.72984205, -0.01559595,  0.23659996, ...,  0.        ,
         -0.08044588, -0.00776928],
        [-0.67248253,  0.0648907 ,  0.31399493, ...,  0.08044588,
          0.        ,  0.07269935],
        [-0.72450881, -0.00782714,  0.24414151, ...,  0.00776928,
         -0.07269935,  0.        ]],

       ...,

       [[ 0.        , -0.068062  ,  0.14836348, ..., -0.76744039,
         -0.76744039, -0.73393677],
        [ 0.068062  ,  0.        ,  0.21532819, ..., -0.72202484,
         -0.72202484, -0.68600592],
        [-0.14836348, -0.21532819,  0.        , ..., -0.85406589,
         -0.85406589, -0.82658533],
        ...,
        [ 0.76744039,  0.72202484,  0.85406589, ...,  0.        ,
          0.        ,  0.0507174 ],
        [ 0.76744039,  0.72202484,  0.85406589, ...,  0.        ,
          0.        ,  0.0507174 ],
        [ 0.73393677,  0.68600592,  0.82658533, ..., -0.0507174 ,
         -0.0507174 ,  0.        ]],

       [[ 0.        ,  0.50516712,  0.73350498, ...,  0.86313109,
          0.96272381,  0.99584878],
        [-0.50516712,  0.        ,  0.28967655, ...,  0.99999998,
          0.96749219,  0.90542084],
        [-0.73350498, -0.28967655,  0.        , ...,  0.95706175,
          0.85275112,  0.74362847],
        ...,
        [-0.86313109, -0.99999998, -0.95706175, ...,  0.        ,
         -0.25269104, -0.42431876],
        [-0.96272381, -0.96749219, -0.85275112, ...,  0.25269104,
          0.        , -0.18173336],
        [-0.99584878, -0.90542084, -0.74362847, ...,  0.42431876,
          0.18173336,  0.        ]],

       [[ 0.        ,  0.08105078,  0.0909478 , ...,  0.98168635,
          0.986589  ,  0.99293245],
        [-0.08105078,  0.        ,  0.0099337 , ...,  0.96301605,
          0.97011364,  0.98004651],
        [-0.0909478 , -0.0099337 ,  0.        , ...,  0.96029196,
          0.96765535,  0.97802364],
        ...,
        [-0.98168635, -0.96301605, -0.96029196, ...,  0.        ,
          0.02771447,  0.07265058],
        [-0.986589  , -0.97011364, -0.96765535, ..., -0.02771447,
          0.        ,  0.04498144],
        [-0.99293245, -0.98004651, -0.97802364, ..., -0.07265058,
         -0.04498144,  0.        ]]]), 'num': array([7.07105918e-01, 7.07105918e-01, 0.00000000e+00, 2.60750440e-04,
       2.61571701e-04, 2.55001612e-04, 1.37749325e-03, 2.05315307e-06,
       2.57301143e-04, 2.61058413e-04, 2.66506113e-04, 3.36420262e-07,
       2.75410232e-04, 2.46706594e-04])}
{'img': array([[[ 0.        ,  0.27472137,  0.56378931, ..., -0.55744462,
         -0.02768851,  0.10576023],
        [-0.27472137,  0.        ,  0.31519939, ..., -0.76407387,
         -0.3012392 , -0.17148965],
        [-0.56378931, -0.31519939,  0.        , ..., -0.92846976,
         -0.58644161, -0.47327804],
        ...,
        [ 0.55744462,  0.76407387,  0.92846976, ...,  0.        ,
          0.5342435 ,  0.64212192],
        [ 0.02768851,  0.3012392 ,  0.58644161, ..., -0.5342435 ,
          0.        ,  0.1332529 ],
        [-0.10576023,  0.17148965,  0.47327804, ..., -0.64212192,
         -0.1332529 ,  0.        ]],

       [[ 0.        , -0.17075662,  0.32700897, ..., -0.30541112,
         -0.37629582, -0.51308483],
        [ 0.17075662,  0.        ,  0.4835749 , ..., -0.13832765,
         -0.21256332, -0.3589824 ],
        [-0.32700897, -0.4835749 ,  0.        , ..., -0.60000467,
         -0.65858122, -0.76556026],
        ...,
        [ 0.30541112,  0.13832765,  0.60000467, ...,  0.        ,
         -0.07535336, -0.226424  ],
        [ 0.37629582,  0.21256332,  0.65858122, ...,  0.07535336,
          0.        , -0.15238391],
        [ 0.51308483,  0.3589824 ,  0.76556026, ...,  0.226424  ,
          0.15238391,  0.        ]],

       [[ 0.        ,  0.43627276,  0.59624023, ..., -0.31811555,
          0.0198266 ,  0.26272823],
        [-0.43627276,  0.        ,  0.18626317, ..., -0.69985421,
         -0.41834673, -0.18453978],
        [-0.59624023, -0.18626317,  0.        , ..., -0.82065181,
         -0.58020611, -0.36437442],
        ...,
        [ 0.31811555,  0.69985421,  0.82065181, ...,  0.        ,
          0.33684967,  0.55602012],
        [-0.0198266 ,  0.41834673,  0.58020611, ..., -0.33684967,
          0.        ,  0.24354649],
        [-0.26272823,  0.18453978,  0.36437442, ..., -0.55602012,
         -0.24354649,  0.        ]],

       ...,

       [[ 0.        ,  0.21532819,  0.20689933, ..., -0.72202484,
         -0.68600592, -0.74617342],
        [-0.21532819,  0.        , -0.00862313, ..., -0.85406589,
         -0.82658533, -0.87202458],
        [-0.20689933,  0.00862313,  0.        , ..., -0.84954868,
         -0.82170141, -0.86777147],
        ...,
        [ 0.72202484,  0.85406589,  0.84954868, ...,  0.        ,
          0.0507174 , -0.03556366],
        [ 0.68600592,  0.82658533,  0.82170141, ..., -0.0507174 ,
          0.        , -0.08620321],
        [ 0.74617342,  0.87202458,  0.86777147, ...,  0.03556366,
          0.08620321,  0.        ]],

       [[ 0.        ,  0.59573283,  0.83531319, ...,  0.97620518,
          0.99970736,  0.99017695],
        [-0.59573283,  0.        ,  0.34339042, ...,  0.9132551 ,
          0.81735882,  0.71199764],
        [-0.83531319, -0.34339042,  0.        , ...,  0.71782937,
          0.56982031,  0.4275805 ],
        ...,
        [-0.97620518, -0.9132551 , -0.71782937, ...,  0.        ,
         -0.19317038, -0.35121174],
        [-0.99970736, -0.81735882, -0.56982031, ...,  0.19317038,
          0.        , -0.16373208],
        [-0.99017695, -0.71199764, -0.4275805 , ...,  0.35121174,
          0.16373208,  0.        ]],

       [[ 0.        ,  0.0099337 , -0.03042428, ...,  0.97011364,
          0.98004651,  0.98871194],
        [-0.0099337 ,  0.        , -0.04035189, ...,  0.96765535,
          0.97802364,  0.9871748 ],
        [ 0.03042428,  0.04035189,  0.        , ...,  0.97704703,
          0.9856402 ,  0.99281268],
        ...,
        [-0.97011364, -0.96765535, -0.97704703, ...,  0.        ,
          0.04498144,  0.09456094],
        [-0.98004651, -0.97802364, -0.9856402 , ..., -0.04498144,
          0.        ,  0.04968535],
        [-0.98871194, -0.9871748 , -0.99281268, ..., -0.09456094,
         -0.04968535,  0.        ]]]), 'num': array([7.07105723e-01, 7.07105723e-01, 0.00000000e+00, 2.65677934e-04,
       2.67731087e-04, 2.60750368e-04, 1.56234229e-03, 4.92756601e-06,
       2.59107846e-04, 2.60524521e-04, 2.66615541e-04, 4.26629092e-07,
       2.73264593e-04, 2.47784450e-04])}
{'img': array([[[ 0.        ,  0.31519939,  0.97213564, ..., -0.3012392 ,
         -0.17148965,  0.11649887],
        [-0.31519939,  0.        ,  0.84869274, ..., -0.58644161,
         -0.47327804, -0.20249274],
        [-0.97213564, -0.84869274,  0.        , ..., -0.9975948 ,
         -0.99793479, -0.93820664],
        ...,
        [ 0.3012392 ,  0.58644161,  0.9975948 , ...,  0.        ,
          0.1332529 ,  0.41027535],
        [ 0.17148965,  0.47327804,  0.99793479, ..., -0.1332529 ,
          0.        ,  0.285095  ],
        [-0.11649887,  0.20249274,  0.93820664, ..., -0.41027535,
         -0.285095  ,  0.        ]],

       [[ 0.        ,  0.4835749 ,  0.65398508, ..., -0.21256332,
         -0.3589824 , -0.24837348],
        [-0.4835749 ,  0.        ,  0.93826311, ..., -0.65858122,
         -0.76556026, -0.68582382],
        [-0.65398508, -0.93826311,  0.        , ..., -0.47823402,
         -0.33882041, -0.44559564],
        ...,
        [ 0.21256332,  0.65858122,  0.47823402, ...,  0.        ,
         -0.15238391, -0.03679497],
        [ 0.3589824 ,  0.76556026,  0.33882041, ...,  0.15238391,
          0.        ,  0.11591547],
        [ 0.24837348,  0.68582382,  0.44559564, ...,  0.03679497,
         -0.11591547,  0.        ]],

       [[ 0.        ,  0.18626317,  0.67696521, ..., -0.41834673,
         -0.18453978,  0.03643579],
        [-0.18626317,  0.        ,  0.52802576, ..., -0.58020611,
         -0.36437442, -0.15034134],
        [-0.67696521, -0.52802576,  0.        , ..., -0.92278845,
         -0.80116242, -0.64969842],
        ...,
        [ 0.41834673,  0.58020611,  0.92278845, ...,  0.        ,
          0.24354649,  0.45116311],
        [ 0.18453978,  0.36437442,  0.80116242, ..., -0.24354649,
          0.        ,  0.22022725],
        [-0.03643579,  0.15034134,  0.64969842, ..., -0.45116311,
         -0.22022725,  0.        ]],

       ...,

       [[ 0.        , -0.00862313,  0.22439572, ..., -0.82658533,
         -0.87202458, -0.51786691],
        [ 0.00862313,  0.        ,  0.2327906 , ..., -0.82170141,
         -0.86777147, -0.5104709 ],
        [-0.22439572, -0.2327906 ,  0.        , ..., -0.93179831,
         -0.9596195 , -0.69662215],
        ...,
        [ 0.82658533,  0.82170141,  0.93179831, ...,  0.        ,
         -0.08620321,  0.41565028],
        [ 0.87202458,  0.86777147,  0.9596195 , ...,  0.08620321,
          0.        ,  0.49250699],
        [ 0.51786691,  0.5104709 ,  0.69662215, ..., -0.41565028,
         -0.49250699,  0.        ]],

       [[ 0.        ,  0.69508019,  0.98248346, ...,  0.99660604,
          0.96445936,  0.91130961],
        [-0.69508019,  0.        ,  0.57681094, ...,  0.65927399,
          0.50971901,  0.36899022],
        [-0.98248346, -0.57681094,  0.        , ...,  0.10484044,
         -0.07987599, -0.23468741],
        ...,
        [-0.99660604, -0.65927399, -0.10484044, ...,  0.        ,
         -0.18394126, -0.3353064 ],
        [-0.96445936, -0.50971901,  0.07987599, ...,  0.18394126,
          0.        , -0.15629241],
        [-0.91130961, -0.36899022,  0.23468741, ...,  0.3353064 ,
          0.15629241,  0.        ]],

       [[ 0.        , -0.04035189, -0.55143565, ...,  0.97802364,
          0.9871748 ,  0.99493085],
        [ 0.04035189,  0.        , -0.51732427, ...,  0.9856402 ,
          0.99281268,  0.99817835],
        [ 0.55143565,  0.51732427,  0.        , ...,  0.9308554 ,
          0.9115513 ,  0.88544182],
        ...,
        [-0.97802364, -0.9856402 , -0.9308554 , ...,  0.        ,
          0.04968535,  0.10908567],
        [-0.9871748 , -0.99281268, -0.9115513 , ..., -0.04968535,
          0.        ,  0.0595621 ],
        [-0.99493085, -0.99817835, -0.88544182, ..., -0.10908567,
         -0.0595621 ,  0.        ]]]), 'num': array([ 7.07105513e-01,  7.07105513e-01,  0.00000000e+00,  2.60339661e-04,
        2.66088486e-04,  2.57465248e-04,  1.74347910e-03, -5.33819493e-06,
        2.59600526e-04,  2.59949562e-04,  2.66560711e-04,  4.76093194e-07,
        2.71585627e-04,  2.48313497e-04])}
{'img': array([[[ 0.        ,  0.84869274, -0.22502147, ..., -0.47327804,
         -0.20249274, -0.49589216],
        [-0.84869274,  0.        , -0.94593776, ..., -0.99793479,
         -0.93820664, -0.99926182],
        [ 0.22502147,  0.94593776,  0.        , ..., -0.26291591,
          0.0230603 , -0.28776934],
        ...,
        [ 0.47327804,  0.99793479,  0.26291591, ...,  0.        ,
          0.285095  , -0.02585076],
        [ 0.20249274,  0.93820664, -0.0230603 , ..., -0.285095  ,
          0.        , -0.30977766],
        [ 0.49589216,  0.99926182,  0.28776934, ...,  0.02585076,
          0.30977766,  0.        ]],

       [[ 0.        ,  0.93826311,  0.92163889, ..., -0.76556026,
         -0.68582382, -0.61609663],
        [-0.93826311,  0.        , -0.68290733, ..., -0.33882041,
         -0.44559564, -0.52592059],
        [-0.92163889,  0.68290733,  0.        , ..., -0.89002409,
         -0.93687194, -0.96502331],
        ...,
        [ 0.76556026,  0.33882041,  0.89002409, ...,  0.        ,
          0.11591547,  0.20663478],
        [ 0.68582382,  0.44559564,  0.93687194, ..., -0.11591547,
          0.        ,  0.09182807],
        [ 0.61609663,  0.52592059,  0.96502331, ..., -0.20663478,
         -0.09182807,  0.        ]],

       [[ 0.        ,  0.52802576,  0.61328828, ..., -0.36437442,
         -0.15034134, -0.09832556],
        [-0.52802576,  0.        ,  0.10375582, ..., -0.80116242,
         -0.64969842, -0.60896796],
        [-0.61328828, -0.10375582,  0.        , ..., -0.85893074,
         -0.72506622, -0.68797982],
        ...,
        [ 0.36437442,  0.80116242,  0.85893074, ...,  0.        ,
          0.22022725,  0.27104284],
        [ 0.15034134,  0.64969842,  0.72506622, ..., -0.22022725,
          0.        ,  0.05240482],
        [ 0.09832556,  0.60896796,  0.68797982, ..., -0.27104284,
         -0.05240482,  0.        ]],

       ...,

       [[ 0.        ,  0.2327906 , -0.1639532 , ..., -0.86777147,
         -0.5104709 , -0.25612806],
        [-0.2327906 ,  0.        , -0.3890894 , ..., -0.9596195 ,
         -0.69662215, -0.4741168 ],
        [ 0.1639532 ,  0.3890894 ,  0.        , ..., -0.77455014,
         -0.36258073, -0.09417798],
        ...,
        [ 0.86777147,  0.9596195 ,  0.77455014, ...,  0.        ,
          0.49250699,  0.7115388 ],
        [ 0.5104709 ,  0.69662215,  0.36258073, ..., -0.49250699,
          0.        ,  0.2731998 ],
        [ 0.25612806,  0.4741168 ,  0.09417798, ..., -0.7115388 ,
         -0.2731998 ,  0.        ]],

       [[ 0.        ,  0.92484943,  0.97303217, ...,  0.88216017,
          0.76623822,  0.62970073],
        [-0.92484943,  0.        ,  0.15674218, ..., -0.10004235,
         -0.30284209, -0.47896176],
        [-0.97303217, -0.15674218,  0.        , ..., -0.25476162,
         -0.44848051, -0.61063547],
        ...,
        [-0.88216017,  0.10004235,  0.25476162, ...,  0.        ,
         -0.20597835, -0.38873814],
        [-0.76623822,  0.30284209,  0.44848051, ...,  0.20597835,
          0.        , -0.19062446],
        [-0.62970073,  0.47896176,  0.61063547, ...,  0.38873814,
          0.19062446,  0.        ]],

       [[ 0.        , -0.51732427, -0.18833796, ...,  0.99281268,
          0.99817835,  0.99953691],
        [ 0.51732427,  0.        ,  0.34688874, ...,  0.9115513 ,
          0.88544182,  0.87113524],
        [ 0.18833796, -0.34688874,  0.        , ...,  0.99758562,
          0.99167807,  0.98738056],
        ...,
        [-0.99281268, -0.9115513 , -0.99758562, ...,  0.        ,
          0.0595621 ,  0.08941211],
        [-0.99817835, -0.88544182, -0.99167807, ..., -0.0595621 ,
          0.        ,  0.02992983],
        [-0.99953691, -0.87113524, -0.98738056, ..., -0.08941211,
         -0.02992983,  0.        ]]]), 'num': array([7.07105865e-01, 7.07105865e-01, 0.00000000e+00, 2.66909879e-04,
       2.67320510e-04, 2.61571682e-04, 1.42728621e-03, 6.57008934e-06,
       2.62475069e-04, 2.59826502e-04, 2.66519780e-04, 4.73573958e-07,
       2.71107638e-04, 2.48545365e-04])}
{'img': array([[[ 0.        , -0.94593776, -0.87161229, ..., -0.93820664,
         -0.99926182, -0.91229945],
        [ 0.94593776,  0.        ,  0.18098892, ...,  0.0230603 ,
         -0.28776934,  0.0914813 ],
        [ 0.87161229, -0.18098892,  0.        , ..., -0.15826134,
         -0.45634992, -0.0902595 ],
        ...,
        [ 0.93820664, -0.0230603 ,  0.15826134, ...,  0.        ,
         -0.30977766,  0.06849338],
        [ 0.99926182,  0.28776934,  0.45634992, ...,  0.30977766,
          0.        ,  0.37417429],
        [ 0.91229945, -0.0914813 ,  0.0902595 , ..., -0.06849338,
         -0.37417429,  0.        ]],

       [[ 0.        , -0.68290733, -0.86411118, ..., -0.44559564,
         -0.52592059, -0.37117421],
        [ 0.68290733,  0.        , -0.97494548, ..., -0.93687194,
         -0.96502331, -0.90526727],
        [ 0.86411118,  0.97494548,  0.        , ..., -0.54931329,
         -0.47025932, -0.61556955],
        ...,
        [ 0.44559564,  0.93687194,  0.54931329, ...,  0.        ,
          0.09182807, -0.08147584],
        [ 0.52592059,  0.96502331,  0.47025932, ..., -0.09182807,
          0.        , -0.17265436],
        [ 0.37117421,  0.90526727,  0.61556955, ...,  0.08147584,
          0.17265436,  0.        ]],

       [[ 0.        ,  0.10375582,  0.25191158, ..., -0.64969842,
         -0.60896796, -0.37441402],
        [-0.10375582,  0.        ,  0.15014224, ..., -0.72506622,
         -0.68797982, -0.46860203],
        [-0.25191158, -0.15014224,  0.        , ..., -0.82024699,
         -0.78914386, -0.59592721],
        ...,
        [ 0.64969842,  0.72506622,  0.82024699, ...,  0.        ,
          0.05240482,  0.31781385],
        [ 0.60896796,  0.68797982,  0.78914386, ..., -0.05240482,
          0.        ,  0.26768936],
        [ 0.37441402,  0.46860203,  0.59592721, ..., -0.31781385,
         -0.26768936,  0.        ]],

       ...,

       [[ 0.        , -0.3890894 , -0.17255641, ..., -0.69662215,
         -0.4741168 , -0.48682796],
        [ 0.3890894 ,  0.        ,  0.22429395, ..., -0.36258073,
         -0.09417798, -0.10859716],
        [ 0.17255641, -0.22429395,  0.        , ..., -0.562374  ,
         -0.31507552, -0.32879771],
        ...,
        [ 0.69662215,  0.36258073,  0.562374  , ...,  0.        ,
          0.2731998 ,  0.25922899],
        [ 0.4741168 ,  0.09417798,  0.31507552, ..., -0.2731998 ,
          0.        , -0.01449348],
        [ 0.48682796,  0.10859716,  0.32879771, ..., -0.25922899,
          0.01449348,  0.        ]],

       [[ 0.        ,  0.18290446,  0.38133324, ..., -0.38573562,
         -0.66797761, -0.85357976],
        [-0.18290446,  0.        ,  0.20581664, ..., -0.5479779 ,
         -0.79282338, -0.93446677],
        [-0.38133324, -0.20581664,  0.        , ..., -0.70841014,
         -0.90128474, -0.98774146],
        ...,
        [ 0.38573562,  0.5479779 ,  0.70841014, ...,  0.        ,
         -0.32922513, -0.586567  ],
        [ 0.66797761,  0.79282338,  0.90128474, ...,  0.32922513,
          0.        , -0.28722708],
        [ 0.85357976,  0.93446677,  0.98774146, ...,  0.586567  ,
          0.28722708,  0.        ]],

       [[ 0.        ,  0.34688874,  0.43238122, ...,  0.88544182,
          0.87113524,  0.86454292],
        [-0.34688874,  0.        ,  0.09274664, ...,  0.99167807,
          0.98738056,  0.9851923 ],
        [-0.43238122, -0.09274664,  0.        , ...,  0.99934411,
          0.99781256,  0.99684755],
        ...,
        [-0.88544182, -0.99167807, -0.99934411, ...,  0.        ,
          0.02992983,  0.0431902 ],
        [-0.87113524, -0.98738056, -0.99781256, ..., -0.02992983,
          0.        ,  0.01326895],
        [-0.86454292, -0.9851923 , -0.99684755, ..., -0.0431902 ,
         -0.01326895,  0.        ]]]), 'num': array([ 7.07105880e-01,  7.07105880e-01,  0.00000000e+00,  2.66088624e-04,
        2.68552407e-04,  2.63624840e-04,  1.41171513e-03, -8.21261185e-07,
        2.63953345e-04,  2.59929165e-04,  2.66204969e-04,  4.91512376e-07,
        2.71397453e-04,  2.48460877e-04])}
{'img': array([[[ 0.00000000e+00,  1.80988924e-01,  5.59658590e-01, ...,
         -2.87769344e-01,  9.14813012e-02,  4.59927796e-02],
        [-1.80988924e-01,  0.00000000e+00,  4.00426171e-01, ...,
         -4.56349918e-01, -9.02595001e-02, -1.35564181e-01],
        [-5.59658590e-01, -4.00426171e-01,  0.00000000e+00, ...,
         -7.74466043e-01, -4.81499143e-01, -5.20951057e-01],
        ...,
        [ 2.87769344e-01,  4.56349918e-01,  7.74466043e-01, ...,
          0.00000000e+00,  3.74174287e-01,  3.31512092e-01],
        [-9.14813012e-02,  9.02595001e-02,  4.81499143e-01, ...,
         -3.74174287e-01,  0.00000000e+00, -4.55845708e-02],
        [-4.59927796e-02,  1.35564181e-01,  5.20951057e-01, ...,
         -3.31512092e-01,  4.55845708e-02,  0.00000000e+00]],

       [[ 0.00000000e+00, -9.04747153e-01, -7.89885620e-01, ...,
         -5.61823701e-01, -3.97878165e-01, -3.87477211e-01],
        [ 9.04747153e-01,  0.00000000e+00, -2.18388961e-01, ...,
         -5.09150139e-01, -6.60573831e-01, -6.69022107e-01],
        [ 7.89885620e-01,  2.18388961e-01,  0.00000000e+00, ...,
         -3.08897661e-01, -4.80670837e-01, -4.90557163e-01],
        ...,
        [ 5.61823701e-01,  5.09150139e-01,  3.08897661e-01, ...,
          0.00000000e+00, -1.86291066e-01, -1.97390398e-01],
        [ 3.97878165e-01,  6.60573831e-01,  4.80670837e-01, ...,
          1.86291066e-01,  0.00000000e+00, -1.13092177e-02],
        [ 3.87477211e-01,  6.69022107e-01,  4.90557163e-01, ...,
          1.97390398e-01,  1.13092177e-02,  0.00000000e+00]],

       [[ 0.00000000e+00,  1.50142235e-01,  3.47870075e-01, ...,
         -6.87979818e-01, -4.68602030e-01, -3.54252335e-01],
        [-1.50142235e-01,  0.00000000e+00,  2.03161997e-01, ...,
         -7.89143856e-01, -5.95927208e-01, -4.90642167e-01],
        [-3.47870075e-01, -2.03161997e-01,  0.00000000e+00, ...,
         -8.97470178e-01, -7.46646125e-01, -6.57437365e-01],
        ...,
        [ 6.87979818e-01,  7.89143856e-01,  8.97470178e-01, ...,
          0.00000000e+00,  2.67689359e-01,  3.86272756e-01],
        [ 4.68602030e-01,  5.95927208e-01,  7.46646125e-01, ...,
         -2.67689359e-01,  0.00000000e+00,  1.25263292e-01],
        [ 3.54252335e-01,  4.90642167e-01,  6.57437365e-01, ...,
         -3.86272756e-01, -1.25263292e-01,  0.00000000e+00]],

       ...,

       [[ 0.00000000e+00,  2.24293948e-01,  4.40945591e-01, ...,
         -9.41779820e-02, -1.08597157e-01, -4.00832556e-03],
        [-2.24293948e-01,  0.00000000e+00,  2.28399567e-01, ...,
         -3.15075518e-01, -3.28797706e-01, -2.28198346e-01],
        [-4.40945591e-01, -2.28399567e-01,  0.00000000e+00, ...,
         -5.23513679e-01, -5.35807391e-01, -4.44539657e-01],
        ...,
        [ 9.41779820e-02,  3.15075518e-01,  5.23513679e-01, ...,
          0.00000000e+00, -1.44934847e-02,  9.01867154e-02],
        [ 1.08597157e-01,  3.28797706e-01,  5.35807391e-01, ...,
          1.44934847e-02,  0.00000000e+00,  1.04611664e-01],
        [ 4.00832556e-03,  2.28198346e-01,  4.44539657e-01, ...,
         -9.01867154e-02, -1.04611664e-01,  0.00000000e+00]],

       [[ 0.00000000e+00,  2.05816639e-01,  4.84298143e-01, ...,
         -7.92823380e-01, -9.34466766e-01, -8.30642533e-01],
        [-2.05816639e-01,  0.00000000e+00,  2.93859997e-01, ...,
         -9.01284738e-01, -9.87741458e-01, -9.27458903e-01],
        [-4.84298143e-01, -2.93859997e-01,  0.00000000e+00, ...,
         -9.88799789e-01, -9.90002334e-01, -9.96391806e-01],
        ...,
        [ 7.92823380e-01,  9.01284738e-01,  9.88799789e-01, ...,
          0.00000000e+00, -2.87227085e-01, -6.47874498e-02],
        [ 9.34466766e-01,  9.87741458e-01,  9.90002334e-01, ...,
          2.87227085e-01,  0.00000000e+00,  2.24566176e-01],
        [ 8.30642533e-01,  9.27458903e-01,  9.96391806e-01, ...,
          6.47874498e-02, -2.24566176e-01,  0.00000000e+00]],

       [[ 0.00000000e+00,  2.70840582e-01,  2.70016490e-01, ...,
