state_0,state_1,state_2,state_3,state_4,state_5,state_6,state_7,state_8,state_9,state_10,state_11,state_12,state_13,state_14,state_15,state_16,state_17,state_18,state_19,state_20,state_21,state_22,state_23,state_24,state_25,state_26,state_27,state_28,state_29,state_30,state_31,state_32,state_33,state_34,state_35,state_36,state_37,state_38,state_39,state_40,state_41,state_42,state_43,state_44,state_45,state_46,state_47,state_48,state_49,state_50,state_51,state_52,state_53,state_54,state_55,state_56,state_57,state_58,state_59,state_60,state_61,state_62,state_63,state_64,state_65,state_66,state_67,state_68,state_69,state_70,state_71,state_72,state_73,state_74,state_75,state_76,state_77,state_78,state_79,state_80,state_81,state_82,state_83,state_84,state_85,state_86,state_87,state_88,state_89,state_90,state_91,state_92,state_93,state_94,state_95,state_96,state_97,state_98,state_99,state_100,state_101,state_102,state_103,state_104,state_105,state_106,state_107,state_108,state_109,state_110,state_111,state_112,state_113,state_114,state_115,state_116,state_117,state_118,state_119,state_120,state_121,state_122,state_123,state_124,state_125,state_126,state_127,state_128,state_129,state_130,state_131,state_132,state_133,state_134,state_135,state_136,state_137,state_138,state_139,state_140,state_141,state_142,state_143,state_144,state_145,state_146,state_147,state_148,state_149,state_150,state_151,state_152,state_153,state_154,state_155,state_156,state_157,state_158,state_159,state_160,state_161,state_162,state_163,state_164,state_165,state_166,state_167,state_168,state_169,state_170,state_171,state_172,state_173,state_174,state_175,state_176,state_177,state_178,state_179,state_180,state_181,state_182,state_183,state_184,state_185,state_186,state_187,state_188,state_189,state_190,state_191,state_192,state_193,state_194,state_195,state_196,state_197,state_198,state_199,state_200,state_201,state_202,state_203,state_204,state_205,state_206,state_207,state_208,state_209,state_210,state_211,state_212,state_213,state_214,state_215,state_216,state_217,state_218,state_219,state_220,state_221,state_222,state_223,state_224,state_225,state_226,state_227,state_228,state_229,state_230,state_231,state_232,state_233,state_234,state_235,state_236,state_237,state_238,state_239,state_240,state_241,state_242,state_243,state_244,state_245,state_246,state_247,state_248,state_249,state_250,state_251,state_252,state_253,state_254,state_255,state_256,state_257,state_258,state_259,state_260,state_261,state_262,state_263,state_264,state_265,state_266,state_267,state_268,state_269,state_270,state_271,state_272,state_273,state_274,state_275,state_276,state_277,state_278,state_279,state_280,state_281,state_282,state_283,state_284,state_285,state_286,state_287
{'img': array([[[ 0.        ,  0.        , -0.22949666, ..., -0.91538883,
         -0.89466108, -0.18489463],
        [ 0.        ,  0.        , -0.22949666, ..., -0.91538883,
         -0.89466108, -0.18489463],
        [ 0.22949666,  0.22949666,  0.        , ..., -0.79856793,
         -0.76825547,  0.04558007],
        ...,
        [ 0.91538883,  0.91538883,  0.79856793, ...,  0.        ,
          0.04878139,  0.82517283],
        [ 0.89466108,  0.89466108,  0.76825547, ..., -0.04878139,
          0.        ,  0.7966348 ],
        [ 0.18489463,  0.18489463, -0.04558007, ..., -0.82517283,
         -0.7966348 ,  0.        ]],

       [[ 0.        , -0.00239945, -0.2522696 , ..., -0.49090377,
         -0.60357426,  0.70631167],
        [ 0.00239945,  0.        , -0.24994702, ..., -0.48881192,
         -0.60165942,  0.70800821],
        [ 0.2522696 ,  0.24994702,  0.        , ..., -0.25524571,
         -0.38291659,  0.86204932],
        ...,
        [ 0.49090377,  0.48881192,  0.25524571, ...,  0.        ,
         -0.13444132,  0.96285974],
        [ 0.60357426,  0.60165942,  0.38291659, ...,  0.13444132,
          0.        ,  0.99041791],
        [-0.70631167, -0.70800821, -0.86204932, ..., -0.96285974,
         -0.99041791,  0.        ]],

       [[ 0.        , -0.00675094,  0.02784443, ..., -0.99644807,
         -0.99291723, -0.92307105],
        [ 0.00675094,  0.        ,  0.03459212, ..., -0.99699386,
         -0.99209253, -0.92045341],
        [-0.02784443, -0.03459212,  0.        , ..., -0.99371695,
         -0.99584039, -0.93342294],
        ...,
        [ 0.99644807,  0.99699386,  0.99371695, ...,  0.        ,
          0.20199923,  0.46099465],
        [ 0.99291723,  0.99209253,  0.99584039, ..., -0.20199923,
          0.        ,  0.27223686],
        [ 0.92307105,  0.92045341,  0.93342294, ..., -0.46099465,
         -0.27223686,  0.        ]],

       ...,

       [[ 0.        ,  0.20526285, -0.0741296 , ...,  0.29427549,
          0.3074587 ,  0.59095006],
        [-0.20526285,  0.        , -0.27724923, ...,  0.09183551,
          0.10559174,  0.41277968],
        [ 0.0741296 ,  0.27724923,  0.        , ...,  0.36431301,
          0.37715163,  0.64912508],
        ...,
        [-0.29427549, -0.09183551, -0.36431301, ...,  0.        ,
          0.01382342,  0.32738873],
        [-0.3074587 , -0.10559174, -0.37715163, ..., -0.01382342,
          0.        ,  0.31429584],
        [-0.59095006, -0.41277968, -0.64912508, ..., -0.32738873,
         -0.31429584,  0.        ]],

       [[ 0.        , -0.47793825, -0.75696157, ..., -0.7623715 ,
         -0.73492762, -0.77277827],
        [ 0.47793825,  0.        , -0.35259684, ..., -0.9789549 ,
         -0.9696673 , -0.98213934],
        [ 0.75696157,  0.35259684,  0.        , ..., -0.98803865,
         -0.99357548, -0.98540463],
        ...,
        [ 0.7623715 ,  0.9789549 ,  0.98803865, ...,  0.        ,
         -0.04139806,  0.01623647],
        [ 0.73492762,  0.9696673 ,  0.99357548, ...,  0.04139806,
          0.        ,  0.05761516],
        [ 0.77277827,  0.98213934,  0.98540463, ..., -0.01623647,
         -0.05761516,  0.        ]],

       [[ 0.        , -0.35626389, -0.27190916, ..., -0.98906249,
         -0.97416223, -0.98278321],
        [ 0.35626389,  0.        ,  0.08877296, ..., -0.97671341,
         -0.99070493, -0.98412245],
        [ 0.27190916, -0.08877296,  0.        , ..., -0.99190331,
         -0.99886917, -0.99599341],
        ...,
        [ 0.98906249,  0.97671341,  0.99190331, ...,  0.        ,
         -0.07969311, -0.03778396],
        [ 0.97416223,  0.99070493,  0.99886917, ...,  0.07969311,
          0.        ,  0.04197243],
        [ 0.98278321,  0.98412245,  0.99599341, ...,  0.03778396,
         -0.04197243,  0.        ]]]), 'num': array([9.99996511e-01, 2.30631367e-03, 8.32796516e-06, 8.42999768e-05,
       8.47221804e-05, 8.24000608e-05, 1.26755500e-03, 3.87019927e-06,
       7.81780252e-05, 7.83996821e-05, 7.75048451e-05, 4.23143876e-08,
       8.51791248e-05, 7.16202394e-05])}
{'img': array([[[ 0.        , -0.16354436, -0.61360492, ..., -0.78540132,
         -0.12987517,  0.83752973],
        [ 0.16354436,  0.        , -0.47620654, ..., -0.67359485,
          0.03403267,  0.91561251],
        [ 0.61360492,  0.47620654,  0.        , ..., -0.24034985,
          0.50585676,  0.9965932 ],
        ...,
        [ 0.78540132,  0.67359485,  0.24034985, ...,  0.        ,
          0.69835822,  0.94755673],
        [ 0.12987517, -0.03403267, -0.50585676, ..., -0.69835822,
          0.        ,  0.90139887],
        [-0.83752973, -0.91561251, -0.9965932 , ..., -0.94755673,
         -0.90139887,  0.        ]],

       [[ 0.        , -0.24994702,  0.56483577, ..., -0.60165942,
          0.70800821,  0.98181599],
        [ 0.24994702,  0.        ,  0.75316473, ..., -0.38291659,
          0.86204932,  0.99810139],
        [-0.56483577, -0.75316473,  0.        , ..., -0.94765549,
          0.18536134,  0.70297217],
        ...,
        [ 0.60165942,  0.38291659,  0.94765549, ...,  0.        ,
          0.99041791,  0.89844429],
        [-0.70800821, -0.86204932, -0.18536134, ..., -0.99041791,
          0.        ,  0.55895777],
        [-0.98181599, -0.99810139, -0.70297217, ..., -0.89844429,
         -0.55895777,  0.        ]],

       [[ 0.        ,  0.03459212, -0.15917727, ..., -0.99209253,
         -0.92045341, -0.61475067],
        [-0.03459212,  0.        , -0.19323308, ..., -0.99584039,
         -0.93342294, -0.6416663 ],
        [ 0.15917727,  0.19323308,  0.        , ..., -0.95946526,
         -0.84650284, -0.48136607],
        ...,
        [ 0.99209253,  0.99584039,  0.95946526, ...,  0.        ,
          0.27223686,  0.70532823],
        [ 0.92045341,  0.93342294,  0.84650284, ..., -0.27223686,
          0.        ,  0.48570468],
        [ 0.61475067,  0.6416663 ,  0.48136607, ..., -0.70532823,
         -0.48570468,  0.        ]],

       ...,

       [[ 0.        , -0.27724923, -0.3561028 , ...,  0.10559174,
          0.41277968,  0.82198558],
        [ 0.27724923,  0.        , -0.08306821, ...,  0.37715163,
          0.64912508,  0.94765787],
        [ 0.3561028 ,  0.08306821,  0.        , ...,  0.45278189,
          0.71007008,  0.97090528],
        ...,
        [-0.10559174, -0.37715163, -0.45278189, ...,  0.        ,
          0.31429584,  0.75725495],
        [-0.41277968, -0.64912508, -0.71007008, ..., -0.31429584,
          0.        ,  0.51360841],
        [-0.82198558, -0.94765787, -0.97090528, ..., -0.75725495,
         -0.51360841,  0.        ]],

       [[ 0.        , -0.64933348, -0.84237377, ..., -0.75362135,
         -0.79161119, -0.88823537],
        [ 0.64933348,  0.        , -0.29070672, ..., -0.99994451,
         -0.9987824 , -0.9738028 ],
        [ 0.84237377,  0.29070672,  0.        , ..., -0.9598215 ,
         -0.94130585, -0.8656414 ],
        ...,
        [ 0.75362135,  0.99994451,  0.9598215 , ...,  0.        ,
          0.05985141,  0.23763984],
        [ 0.79161119,  0.9987824 ,  0.94130585, ..., -0.05985141,
          0.        ,  0.17907695],
        [ 0.88823537,  0.9738028 ,  0.8656414 , ..., -0.23763984,
         -0.17907695,  0.        ]],

       [[ 0.        ,  0.23693275, -0.17397848, ..., -0.99964559,
         -0.99760102, -0.99769656],
        [-0.23693275,  0.        , -0.40234402, ..., -0.97748918,
         -0.98559724, -0.98536051],
        [ 0.17397848,  0.40234402,  0.        , ..., -0.97976893,
         -0.97034326, -0.97067933],
        ...,
        [ 0.99964559,  0.97748918,  0.97976893, ...,  0.        ,
          0.04264388,  0.04125091],
        [ 0.99760102,  0.98559724,  0.97034326, ..., -0.04264388,
          0.        , -0.0013942 ],
        [ 0.99769656,  0.98536051,  0.97067933, ..., -0.04125091,
          0.0013942 ,  0.        ]]]), 'num': array([7.04346808e-01, 7.04346808e-01, 0.00000000e+00, 5.61205360e-03,
       5.73474627e-03, 5.40756581e-03, 8.69921474e-02, 1.68134399e-04,
       5.19126318e-03, 5.07697723e-03, 5.01123820e-03, 2.74060985e-06,
       5.56369082e-03, 4.59026364e-03])}
{'img': array([[[ 0.        , -0.39854878, -0.37400933, ...,  0.0264562 ,
          0.53866846,  0.98412275],
        [ 0.39854878,  0.        ,  0.02660249, ...,  0.42267351,
          0.82982268,  0.97332346],
        [ 0.37400933, -0.02660249,  0.        , ...,  0.39841456,
          0.81468409,  0.97908259],
        ...,
        [-0.0264562 , -0.42267351, -0.39841456, ...,  0.        ,
          0.51619008,  0.97908259],
        [-0.53866846, -0.82982268, -0.81468409, ..., -0.51619008,
          0.        ,  0.73353315],
        [-0.98412275, -0.97332346, -0.97908259, ..., -0.97908259,
         -0.73353315,  0.        ]],

       [[ 0.        ,  0.75316473,  0.17566096, ...,  0.86204932,
          0.99810139,  0.98360107],
        [-0.75316473,  0.        , -0.62589817, ...,  0.18536134,
          0.70297217,  0.78288336],
        [-0.17566096,  0.62589817,  0.        , ...,  0.75961582,
          0.993401  ,  0.99998861],
        ...,
        [-0.86204932, -0.18536134, -0.75961582, ...,  0.        ,
          0.55895777,  0.65399034],
        [-0.99810139, -0.70297217, -0.993401  , ..., -0.55895777,
          0.        ,  0.11943309],
        [-0.98360107, -0.78288336, -0.99998861, ..., -0.65399034,
         -0.11943309,  0.        ]],

       [[ 0.        , -0.19323308, -0.36413282, ..., -0.93342294,
         -0.6416663 ,  0.04473416],
        [ 0.19323308,  0.        , -0.17730291, ..., -0.84650284,
         -0.48136607,  0.23693069],
        [ 0.36413282,  0.17730291,  0.        , ..., -0.73869785,
         -0.31832998,  0.40543132],
        ...,
        [ 0.93342294,  0.84650284,  0.73869785, ...,  0.        ,
          0.48570468,  0.94853814],
        [ 0.6416663 ,  0.48136607,  0.31832998, ..., -0.48570468,
          0.        ,  0.67533433],
        [-0.04473416, -0.23693069, -0.40543132, ..., -0.94853814,
         -0.67533433,  0.        ]],

       ...,

       [[ 0.        , -0.08306821,  0.01840273, ...,  0.64912508,
          0.94765787,  0.95159086],
        [ 0.08306821,  0.        ,  0.10139327, ...,  0.71007008,
          0.97090528,  0.9738345 ],
        [-0.01840273, -0.10139327,  0.        , ...,  0.63501653,
          0.94162163,  0.94577331],
        ...,
        [-0.64912508, -0.71007008, -0.63501653, ...,  0.        ,
          0.51360841,  0.52433772],
        [-0.94765787, -0.97090528, -0.94162163, ..., -0.51360841,
          0.        ,  0.01255182],
        [-0.95159086, -0.9738345 , -0.94577331, ..., -0.52433772,
         -0.01255182,  0.        ]],

       [[ 0.        , -0.66342541, -0.88427868, ..., -0.82976723,
         -0.92256374, -0.98004687],
        [ 0.66342541,  0.        , -0.351862  , ..., -0.99113114,
         -0.94628052, -0.8651794 ],
        [ 0.88427868,  0.351862  ,  0.        , ..., -0.88099216,
         -0.7719942 , -0.63340722],
        ...,
        [ 0.82976723,  0.99113114,  0.88099216, ...,  0.        ,
          0.19473039,  0.38204365],
        [ 0.92256374,  0.94628052,  0.7719942 , ..., -0.19473039,
          0.        ,  0.19477114],
        [ 0.98004687,  0.8651794 ,  0.63340722, ..., -0.38204365,
         -0.19477114,  0.        ]],

       [[ 0.        , -0.40234402, -0.42334378, ..., -0.98559724,
         -0.98536051, -0.94375091],
        [ 0.40234402,  0.        , -0.02305513, ..., -0.97034326,
         -0.97067933, -0.99703112],
        [ 0.42334378,  0.02305513,  0.        , ..., -0.96451219,
         -0.96487937, -0.99499087],
        ...,
        [ 0.98559724,  0.97034326,  0.96451219, ...,  0.        ,
         -0.0013942 , -0.16629747],
        [ 0.98536051,  0.97067933,  0.96487937, ...,  0.0013942 ,
          0.        , -0.16492252],
        [ 0.94375091,  0.99703112,  0.99499087, ...,  0.16629747,
          0.16492252,  0.        ]]]), 'num': array([7.94642828e-01, 6.01779179e-01, 1.53066388e-06, 6.42878830e-03,
       6.55634363e-03, 6.19408651e-03, 7.81964645e-02, 1.27555323e-04,
       6.02673392e-03, 5.72519314e-03, 5.63683982e-03, 3.06360554e-06,
       6.35080767e-03, 5.09957860e-03])}
{'img': array([[[ 0.        ,  0.02451142, -0.15996723, ...,  0.75216888,
          0.94731906,  0.95245238],
        [-0.02451142,  0.        , -0.18411493, ...,  0.7357906 ,
          0.93918364,  0.95963453],
        [ 0.15996723,  0.18411493,  0.        , ...,  0.84789636,
          0.98635593,  0.89144699],
        ...,
        [-0.75216888, -0.7357906 , -0.84789636, ...,  0.        ,
          0.38334197,  0.85681437],
        [-0.94731906, -0.93918364, -0.98635593, ..., -0.38334197,
          0.        ,  0.5936986 ],
        [-0.95245238, -0.95963453, -0.89144699, ..., -0.85681437,
         -0.5936986 ,  0.        ]],

       [[ 0.        , -0.62589817, -0.17774076, ...,  0.70297217,
          0.78288336,  0.49479099],
        [ 0.62589817,  0.        ,  0.47731134, ...,  0.993401  ,
          0.99998861,  0.92980289],
        [ 0.17774076, -0.47731134,  0.        , ...,  0.8181913 ,
          0.88100248,  0.64137146],
        ...,
        [-0.70297217, -0.993401  , -0.8181913 , ...,  0.        ,
          0.11943309, -0.25898732],
        [-0.78288336, -0.99998861, -0.88100248, ..., -0.11943309,
          0.        , -0.37249167],
        [-0.49479099, -0.92980289, -0.64137146, ...,  0.25898732,
          0.37249167,  0.        ]],

       [[ 0.        , -0.10344732, -0.31303825, ..., -0.31804815,
          0.11119557,  0.92103759],
        [ 0.10344732,  0.        , -0.21311066, ..., -0.21826603,
          0.2134048 ,  0.95638617],
        [ 0.31303825,  0.21311066,  0.        , ..., -0.00527962,
          0.41670389,  0.99666688],
        ...,
        [ 0.31804815,  0.21826603,  0.00527962, ...,  0.        ,
          0.42149748,  0.9970837 ],
        [-0.11119557, -0.2134048 , -0.41670389, ..., -0.42149748,
          0.        ,  0.87201807],
        [-0.92103759, -0.95638617, -0.99666688, ..., -0.9970837 ,
         -0.87201807,  0.        ]],

       ...,

       [[ 0.        ,  0.10139327,  0.00948094, ...,  0.97090528,
          0.9738345 ,  0.96939013],
        [-0.10139327,  0.        , -0.09195664, ...,  0.94162163,
          0.94577331,  0.93949966],
        [-0.00948094,  0.09195664,  0.        , ...,  0.9685913 ,
          0.97163611,  0.96701874],
        ...,
        [-0.97090528, -0.94162163, -0.9685913 , ...,  0.        ,
          0.01255182, -0.00624815],
        [-0.9738345 , -0.94577331, -0.97163611, ..., -0.01255182,
          0.        , -0.01879923],
        [-0.96939013, -0.93949966, -0.96701874, ...,  0.00624815,
          0.01879923,  0.        ]],

       [[ 0.        , -0.73486754, -0.91032253, ..., -0.95475216,
         -0.99651749, -0.97297473],
        [ 0.73486754,  0.        , -0.31322906, ..., -0.86607462,
         -0.73712498, -0.49019239],
        [ 0.91032253,  0.31322906,  0.        , ..., -0.66590385,
         -0.48836453, -0.19250982],
        ...,
        [ 0.95475216,  0.86607462,  0.66590385, ...,  0.        ,
          0.21675586,  0.50982859],
        [ 0.99651749,  0.73712498,  0.48836453, ..., -0.21675586,
          0.        ,  0.31123798],
        [ 0.97297473,  0.49019239,  0.19250982, ..., -0.50982859,
         -0.31123798,  0.        ]],

       [[ 0.        , -0.14064165, -0.44266769, ..., -0.99099683,
         -0.95358442, -0.84564843],
        [ 0.14064165,  0.        , -0.31215646, ..., -0.99997674,
         -0.98645716, -0.91230929],
        [ 0.44266769,  0.31215646,  0.        , ..., -0.94787943,
         -0.98836422, -0.99455048],
        ...,
        [ 0.99099683,  0.99997674,  0.94787943, ...,  0.        ,
         -0.17074377, -0.41571505],
        [ 0.95358442,  0.98645716,  0.98836422, ...,  0.17074377,
          0.        , -0.25431988],
        [ 0.84564843,  0.91230929,  0.99455048, ...,  0.41571505,
          0.25431988,  0.        ]]]), 'num': array([8.23921106e-01, 5.63675599e-01, 2.06216725e-06, 6.67296172e-03,
       6.80515193e-03, 6.47732022e-03, 5.57414912e-02, 1.05752167e-05,
       6.44876713e-03, 5.97182486e-03, 5.85655500e-03, 3.25668605e-06,
       6.69544638e-03, 5.24820334e-03])}
{'img': array([[[ 0.        , -0.18308308, -0.20027206, ...,  0.93306991,
          0.99344186,  0.95798398],
        [ 0.18308308,  0.        , -0.01751308, ...,  0.98315272,
          0.95571673,  0.8892794 ],
        [ 0.20027206,  0.01751308,  0.        , ...,  0.98620309,
          0.95041626,  0.88113316],
        ...,
        [-0.93306991, -0.98315272, -0.98620309, ...,  0.        ,
          0.46402186,  0.61220682],
        [-0.99344186, -0.95571673, -0.95041626, ..., -0.46402186,
          0.        ,  0.17540633],
        [-0.95798398, -0.8892794 , -0.88113316, ..., -0.61220682,
         -0.17540633,  0.        ]],

       [[ 0.        ,  0.47731134,  0.12715226, ...,  0.99998861,
          0.92980289,  0.68100644],
        [-0.47731134,  0.        , -0.36170405, ...,  0.88100248,
          0.64137146,  0.24889937],
        [-0.12715226,  0.36170405,  0.        , ...,  0.99247882,
          0.87545649,  0.58236812],
        ...,
        [-0.99998861, -0.88100248, -0.99247882, ...,  0.        ,
         -0.37249167, -0.73551957],
        [-0.92980289, -0.64137146, -0.87545649, ...,  0.37249167,
          0.        , -0.4302239 ],
        [-0.68100644, -0.24889937, -0.58236812, ...,  0.73551957,
          0.4302239 ,  0.        ]],

       [[ 0.        , -0.16770421, -0.3386424 , ...,  0.15803753,
          0.57105316,  0.99950335],
        [ 0.16770421,  0.        , -0.17605089, ...,  0.32139599,
          0.70063612,  0.99063254],
        [ 0.3386424 ,  0.17605089,  0.        , ...,  0.48308663,
          0.81530855,  0.95111936],
        ...,
        [-0.15803753, -0.32139599, -0.48308663, ...,  0.        ,
          0.43414172,  0.98196253],
        [-0.57105316, -0.70063612, -0.81530855, ..., -0.43414172,
          0.        ,  0.80251001],
        [-0.99950335, -0.99063254, -0.95111936, ..., -0.98196253,
         -0.80251001,  0.        ]],

       ...,

       [[ 0.        , -0.09195664,  0.237383  , ...,  0.94577331,
          0.93949966,  0.97290282],
        [ 0.09195664,  0.        ,  0.32570537, ...,  0.97163611,
          0.96701874,  0.99004234],
        [-0.237383  , -0.32570537,  0.        , ...,  0.84163095,
          0.83132963,  0.89020712],
        ...,
        [-0.94577331, -0.97163611, -0.84163095, ...,  0.        ,
         -0.01879923,  0.09734908],
        [-0.93949966, -0.96701874, -0.83132963, ...,  0.01879923,
          0.        ,  0.11604181],
        [-0.97290282, -0.99004234, -0.89020712, ..., -0.09734908,
         -0.11604181,  0.        ]],

       [[ 0.        , -0.72853508, -0.87750974, ..., -0.99572447,
         -0.8842925 , -0.50495469],
        [ 0.72853508,  0.        , -0.25172622, ..., -0.61478276,
         -0.26557054,  0.28293377],
        [ 0.87750974,  0.25172622,  0.        , ..., -0.39645023,
         -0.01433167,  0.51526343],
        ...,
        [ 0.99572447,  0.61478276,  0.39645023, ...,  0.        ,
          0.38325223,  0.81281127],
        [ 0.8842925 ,  0.26557054,  0.01433167, ..., -0.38325223,
          0.        ,  0.52749321],
        [ 0.50495469, -0.28293377, -0.51526343, ..., -0.81281127,
         -0.52749321,  0.        ]],

       [[ 0.        , -0.4229376 , -0.65422418, ..., -0.95467966,
         -0.84711377, -0.72992001],
        [ 0.4229376 ,  0.        , -0.272963  , ..., -0.99097253,
         -0.99237354, -0.95051508],
        [ 0.65422418,  0.272963  ,  0.        , ..., -0.91674506,
         -0.98833502, -0.99922254],
        ...,
        [ 0.95467966,  0.99097253,  0.91674506, ...,  0.        ,
         -0.25519688, -0.4353047 ],
        [ 0.84711377,  0.99237354,  0.98833502, ...,  0.25519688,
          0.        , -0.19114191],
        [ 0.72992001,  0.95051508,  0.99922254, ...,  0.4353047 ,
          0.19114191,  0.        ]]]), 'num': array([7.06908785e-01, 6.94525044e-01, 9.06569585e-08, 6.19187026e-03,
       6.32785570e-03, 5.80657819e-03, 1.32901469e-01, 4.71416184e-04,
       5.73042635e-03, 5.17560576e-03, 5.04098018e-03, 3.21326649e-06,
       5.95128505e-03, 4.39992647e-03])}
{'img': array([[[ 0.        , -0.0140659 , -0.02115743, ...,  0.88543325,
          0.89102607,  0.78988137],
        [ 0.0140659 ,  0.        , -0.00709258, ...,  0.89188302,
          0.89732317,  0.78117718],
        [ 0.02115743,  0.00709258,  0.        , ...,  0.89506832,
          0.90043108,  0.77672956],
        ...,
        [-0.88543325, -0.89188302, -0.89506832, ...,  0.        ,
          0.01217482,  0.91011095],
        [-0.89102607, -0.89732317, -0.90043108, ..., -0.01217482,
          0.        ,  0.90499868],
        [-0.78988137, -0.78117718, -0.77672956, ..., -0.91011095,
         -0.90499868,  0.        ]],

       [[ 0.        , -0.31947116, -0.39449086, ...,  0.55033952,
          0.21462503,  0.8125041 ],
        [ 0.31947116,  0.        , -0.08025595, ...,  0.78823909,
          0.51540419,  0.58368817],
        [ 0.39449086,  0.08025595,  0.        , ...,  0.83508349,
          0.58251676,  0.5166393 ],
        ...,
        [-0.55033952, -0.78823909, -0.83508349, ...,  0.        ,
         -0.35831547,  0.99921639],
        [-0.21462503, -0.51540419, -0.58251676, ...,  0.35831547,
          0.        ,  0.91868676],
        [-0.8125041 , -0.58368817, -0.5166393 , ..., -0.99921639,
         -0.91868676,  0.        ]],

       [[ 0.        , -0.14989286, -0.28227863, ...,  0.56723718,
          0.82737848,  0.95380527],
        [ 0.14989286,  0.        , -0.13529242, ...,  0.68427361,
          0.90221751,  0.89799777],
        [ 0.28227863,  0.13529242,  0.        , ...,  0.77664087,
          0.95227135,  0.83021266],
        ...,
        [-0.56723718, -0.68427361, -0.77664087, ...,  0.        ,
          0.36280546,  0.95592314],
        [-0.82737848, -0.90221751, -0.95227135, ..., -0.36280546,
          0.        ,  0.78426536],
        [-0.95380527, -0.89799777, -0.83021266, ..., -0.95592314,
         -0.78426536,  0.        ]],

       ...,

       [[ 0.        ,  0.29844546,  0.1967105 , ...,  0.89986969,
          0.93101553,  0.86604777],
        [-0.29844546,  0.        , -0.10486857, ...,  0.72869002,
          0.77965958,  0.97579028],
        [-0.1967105 ,  0.10486857,  0.        , ...,  0.79649067,
          0.84102968,  0.94747423],
        ...,
        [-0.89986969, -0.72869002, -0.79649067, ...,  0.        ,
          0.07763662,  0.82763438],
        [-0.93101553, -0.77965958, -0.84102968, ..., -0.07763662,
          0.        ,  0.78156143],
        [-0.86604777, -0.97579028, -0.94747423, ..., -0.82763438,
         -0.78156143,  0.        ]],

       [[ 0.        , -0.15256806, -0.21948263, ..., -0.16176143,
          0.13709005,  0.97122618],
        [ 0.15256806,  0.        , -0.06806524, ..., -0.00930896,
          0.28661274,  0.99619146],
        [ 0.21948263,  0.06806524,  0.        , ...,  0.05877492,
          0.35115771,  0.99981596],
        ...,
        [ 0.16176143,  0.00930896, -0.05877492, ...,  0.        ,
          0.29551873,  0.99695997],
        [-0.13709005, -0.28661274, -0.35115771, ..., -0.29551873,
          0.        ,  0.9294072 ],
        [-0.97122618, -0.99619146, -0.99981596, ..., -0.99695997,
         -0.9294072 ,  0.        ]],

       [[ 0.        , -0.51835364, -0.7486848 , ..., -0.92108095,
         -0.8439691 , -0.        ],
        [ 0.51835364,  0.        , -0.29661987, ..., -0.98950939,
         -0.99977462, -0.51835364],
        [ 0.7486848 ,  0.29661987,  0.        , ..., -0.9021249 ,
         -0.96107757, -0.7486848 ],
        ...,
        [ 0.92108095,  0.98950939,  0.9021249 , ...,  0.        ,
         -0.16544305, -0.92108095],
        [ 0.8439691 ,  0.99977462,  0.96107757, ...,  0.16544305,
          0.        , -0.8439691 ],
        [ 0.        ,  0.51835364,  0.7486848 , ...,  0.92108095,
          0.8439691 ,  0.        ]]]), 'num': array([7.08359857e-01, 7.02078655e-01, 4.54172237e-08, 6.28120204e-03,
       6.42653715e-03, 6.17220070e-03, 7.10512043e-02, 7.72092803e-05,
       5.90968915e-03, 5.24114761e-03, 5.07423932e-03, 3.49775082e-06,
       6.15314085e-03, 4.32915438e-03])}
{'img': array([[[ 0.        , -0.00689633,  0.19682683, ...,  0.87520638,
          0.96398439,  0.76740643],
        [ 0.00689633,  0.        ,  0.20358358, ...,  0.87852167,
          0.96212732,  0.76296653],
        [-0.19682683, -0.20358358,  0.        , ...,  0.7628709 ,
          0.99747502,  0.87859231],
        ...,
        [-0.87520638, -0.87852167, -0.7628709 , ...,  0.        ,
          0.69909604,  0.9323808 ],
        [-0.96398439, -0.96212732, -0.99747502, ..., -0.69909604,
          0.        ,  0.41397063],
        [-0.76740643, -0.76296653, -0.87859231, ..., -0.9323808 ,
         -0.41397063,  0.        ]],

       [[ 0.        , -0.08025595,  0.71246747, ...,  0.51540419,
          0.58368817,  0.80256638],
        [ 0.08025595,  0.        ,  0.76648527, ...,  0.58251676,
          0.5166393 ,  0.84785525],
        [-0.71246747, -0.76648527,  0.        , ..., -0.24888524,
          0.98808483,  0.13813335],
        ...,
        [-0.51540419, -0.58251676,  0.24888524, ...,  0.        ,
          0.91868676,  0.38028603],
        [-0.58368817, -0.5166393 , -0.98808483, ..., -0.91868676,
          0.        , -0.99987283],
        [-0.80256638, -0.84785525, -0.13813335, ..., -0.38028603,
          0.99987283,  0.        ]],

       [[ 0.        , -0.12305397, -0.10461024, ...,  0.81567645,
          0.97737972,  0.85648225],
        [ 0.12305397,  0.        ,  0.01856361, ...,  0.88066504,
          0.99597655,  0.78645541],
        [ 0.10461024, -0.01856361,  0.        , ...,  0.87171897,
          0.99414136,  0.79778565],
        ...,
        [-0.81567645, -0.88066504, -0.87171897, ...,  0.        ,
          0.39291327,  0.91651514],
        [-0.97737972, -0.99597655, -0.99414136, ..., -0.39291327,
          0.        ,  0.68563959],
        [-0.85648225, -0.78645541, -0.79778565, ..., -0.91651514,
         -0.68563959,  0.        ]],

       ...,

       [[ 0.        , -0.09594828, -0.56818257, ...,  0.6966578 ,
          0.93335268,  0.95240158],
        [ 0.09594828,  0.        , -0.48660508, ...,  0.76227728,
          0.96348815,  0.91875804],
        [ 0.56818257,  0.48660508,  0.        , ...,  0.98089768,
          0.97201348,  0.61052535],
        ...,
        [-0.6966578 , -0.76227728, -0.98089768, ...,  0.        ,
          0.4195178 ,  0.89562982],
        [-0.93335268, -0.96348815, -0.97201348, ..., -0.4195178 ,
          0.        ,  0.62640378],
        [-0.95240158, -0.91875804, -0.61052535, ..., -0.89562982,
         -0.62640378,  0.        ]],

       [[ 0.        , -0.05385685, -0.21211309, ...,  0.21854857,
          0.67881452,  0.98827745],
        [ 0.05385685,  0.        , -0.1591739 , ...,  0.2707863 ,
          0.71737695,  0.97862088],
        [ 0.21211309,  0.1591739 ,  0.        , ...,  0.42056101,
          0.8191249 ,  0.93340632],
        ...,
        [-0.21854857, -0.2707863 , -0.42056101, ...,  0.        ,
          0.50192256,  0.99775239],
        [-0.67881452, -0.71737695, -0.8191249 , ..., -0.50192256,
          0.        ,  0.82933542],
        [-0.98827745, -0.97862088, -0.93340632, ..., -0.99775239,
         -0.82933542,  0.        ]],

       [[ 0.        , -0.56183124, -0.52241817, ..., -0.96812645,
         -0.74500146, -0.        ],
        [ 0.56183124,  0.        ,  0.04689614, ..., -0.94160175,
         -0.99108059, -0.56183124],
        [ 0.52241817, -0.04689614,  0.        , ..., -0.95635704,
         -0.98374061, -0.52241817],
        ...,
        [ 0.96812645,  0.94160175,  0.95635704, ...,  0.        ,
         -0.45920668, -0.96812645],
        [ 0.74500146,  0.99108059,  0.98374061, ...,  0.45920668,
          0.        , -0.74500146],
        [ 0.        ,  0.56183124,  0.52241817, ...,  0.96812645,
          0.74500146,  0.        ]]]), 'num': array([7.09380216e-01, 7.03049397e-01, 4.54800206e-08, 6.33081887e-03,
       6.35355888e-03, 6.12161078e-03, 4.72626555e-02, 4.09320186e-05,
       6.06066755e-03, 5.31320341e-03, 5.10551132e-03, 3.91362409e-06,
       6.33419442e-03, 4.29221240e-03])}
{'img': array([[[ 0.        ,  0.20059988,  0.05981873, ...,  0.98200152,
          0.9179514 ,  0.7559415 ],
        [-0.20059988,  0.        , -0.14163784, ...,  0.99992853,
          0.97886898,  0.87189621],
        [-0.05981873,  0.14163784,  0.        , ...,  0.99154115,
          0.94003725,  0.79374749],
        ...,
        [-0.98200152, -0.99992853, -0.99154115, ...,  0.        ,
          0.21617674,  0.5000797 ],
        [-0.9179514 , -0.97886898, -0.94003725, ..., -0.21617674,
          0.        ,  0.30105035],
        [-0.7559415 , -0.87189621, -0.79374749, ..., -0.5000797 ,
         -0.30105035,  0.        ]],

       [[ 0.        ,  0.76648527,  0.22453875, ...,  0.5166393 ,
          0.84785525,  0.5725919 ],
        [-0.76648527,  0.        , -0.6027005 , ...,  0.98808483,
          0.13813335, -0.26064174],
        [-0.22453875,  0.6027005 ,  0.        , ...,  0.69569779,
          0.70714872,  0.37388488],
        ...,
        [-0.5166393 , -0.98808483, -0.69569779, ...,  0.        ,
         -0.99987283, -0.91381683],
        [-0.84785525, -0.13813335, -0.70714872, ...,  0.99987283,
          0.        , -0.39150198],
        [-0.5725919 ,  0.26064174, -0.37388488, ...,  0.91381683,
          0.39150198,  0.        ]],

       [[ 0.        ,  0.01736083, -0.01054382, ...,  0.9631346 ,
          0.99807466,  0.75370037],
        [-0.01736083,  0.        , -0.0279021 , ...,  0.95831903,
          0.99900103,  0.76499663],
        [ 0.01054382,  0.0279021 ,  0.        , ...,  0.96591756,
          0.99736521,  0.74672888],
        ...,
        [-0.9631346 , -0.95831903, -0.96591756, ...,  0.        ,
          0.32823945,  0.83575003],
        [-0.99807466, -0.99900103, -0.99736521, ..., -0.32823945,
          0.        ,  0.60920533],
        [-0.75370037, -0.76499663, -0.74672888, ..., -0.83575003,
         -0.60920533,  0.        ]],

       ...,

       [[ 0.        , -0.4468638 , -0.55738799, ...,  0.87201106,
          0.96465495,  0.8775455 ],
        [ 0.4468638 ,  0.        , -0.12763078, ...,  0.99883649,
          0.98073814,  0.57078573],
        [ 0.55738799,  0.12763078,  0.        , ...,  0.99682277,
          0.94778766,  0.46132019],
        ...,
        [-0.87201106, -0.99883649, -0.99682277, ...,  0.        ,
          0.24239614,  0.84766991],
        [-0.96465495, -0.98073814, -0.94778766, ..., -0.24239614,
          0.        ,  0.69379319],
        [-0.8775455 , -0.57078573, -0.46132019, ..., -0.84766991,
         -0.69379319,  0.        ]],

       [[ 0.        , -0.13911107, -0.22088731, ...,  0.60401616,
          0.87947348,  0.94115108],
        [ 0.13911107,  0.        , -0.08306464, ...,  0.70901082,
          0.93713179,  0.88498244],
        [ 0.22088731,  0.08306464,  0.        , ...,  0.76513758,
          0.96288075,  0.84324716],
        ...,
        [-0.60401616, -0.70901082, -0.76513758, ...,  0.        ,
          0.41343558,  0.95422023],
        [-0.87947348, -0.93713179, -0.96288075, ..., -0.41343558,
          0.        ,  0.74518875],
        [-0.94115108, -0.88498244, -0.84324716, ..., -0.95422023,
         -0.74518875,  0.        ]],

       [[ 0.        ,  0.04780343, -0.09178171, ..., -0.9999002 ,
         -0.90193496, -0.51320919],
        [-0.04780343,  0.        , -0.13927844, ..., -0.99808171,
         -0.88025888, -0.47159452],
        [ 0.09178171,  0.13927844,  0.        , ..., -0.99697645,
         -0.93776597, -0.5898159 ],
        ...,
        [ 0.9999002 ,  0.99808171,  0.99697645, ...,  0.        ,
         -0.41908637, -0.85092735],
        [ 0.90193496,  0.88025888,  0.93776597, ...,  0.41908637,
          0.        , -0.55245729],
        [ 0.51320919,  0.47159452,  0.5898159 , ...,  0.85092735,
          0.55245729,  0.        ]]]), 'num': array([ 8.54766405e-01,  5.13250392e-01,  2.47475372e-06,  7.58924473e-03,
        7.98520533e-03,  7.53974966e-03,  7.44726536e-02, -6.59934324e-05,
        7.46055754e-03,  6.49017911e-03,  6.20191613e-03,  5.02341807e-06,
        7.82213827e-03,  5.15821995e-03])}
{'img': array([[[ 0.        , -0.14163784, -0.20059988, ...,  0.97886898,
          0.87189621,  0.98751718],
        [ 0.14163784,  0.        , -0.05981873, ...,  0.94003725,
          0.79374749,  0.955252  ],
        [ 0.20059988,  0.05981873,  0.        , ...,  0.9179514 ,
          0.7559415 ,  0.93584741],
        ...,
        [-0.97886898, -0.94003725, -0.9179514 , ...,  0.        ,
          0.30105035, -0.04775288],
        [-0.87189621, -0.79374749, -0.7559415 , ..., -0.30105035,
          0.        , -0.34624445],
        [-0.98751718, -0.955252  , -0.93584741, ...,  0.04775288,
          0.34624445,  0.        ]],

       [[ 0.        , -0.6027005 , -0.68411391, ...,  0.13813335,
         -0.26064174, -0.01846047],
        [ 0.6027005 ,  0.        , -0.10630587, ...,  0.70714872,
          0.37388488,  0.58786694],
        [ 0.68411391,  0.10630587,  0.        , ...,  0.77830678,
          0.4703623 ,  0.67053272],
        ...,
        [-0.13813335, -0.70714872, -0.77830678, ...,  0.        ,
         -0.39150198, -0.15639331],
        [ 0.26064174, -0.37388488, -0.4703623 , ...,  0.39150198,
          0.        ,  0.24277493],
        [ 0.01846047, -0.58786694, -0.67053272, ...,  0.15639331,
         -0.24277493,  0.        ]],

       [[ 0.        , -0.02665708, -0.03172886, ...,  0.99356622,
          0.98274435,  0.7422453 ],
        [ 0.02665708,  0.        , -0.00507392, ...,  0.99623213,
          0.97746439,  0.72411787],
        [ 0.03172886,  0.00507392,  0.        , ...,  0.99665935,
          0.9763807 ,  0.72060918],
        ...,
        [-0.99356622, -0.99623213, -0.99665935, ...,  0.        ,
          0.29507737,  0.74987807],
        [-0.98274435, -0.97746439, -0.9763807 , ..., -0.29507737,
          0.        ,  0.5212724 ],
        [-0.7422453 , -0.72411787, -0.72060918, ..., -0.74987807,
         -0.5212724 ,  0.        ]],

       ...,

       [[ 0.        , -0.12236904,  0.13883803, ...,  0.99886536,
          0.90899768,  0.55078553],
        [ 0.12236904,  0.        ,  0.25897852, ...,  0.98553091,
          0.8511627 ,  0.44451127],
        [-0.13883803, -0.25897852,  0.        , ...,  0.9958034 ,
          0.95806198,  0.66133195],
        ...,
        [-0.99886536, -0.98553091, -0.9958034 , ...,  0.        ,
          0.3730386 ,  0.80746944],
        [-0.90899768, -0.8511627 , -0.95806198, ..., -0.3730386 ,
          0.        ,  0.52912396],
        [-0.55078553, -0.44451127, -0.66133195, ..., -0.80746944,
         -0.52912396,  0.        ]],

       [[ 0.        , -0.07670375, -0.13920771, ...,  0.86755522,
          0.99064578,  0.84980546],
        [ 0.07670375,  0.        , -0.0628407 , ...,  0.90314725,
          0.99819415,  0.8068716 ],
        [ 0.13920771,  0.0628407 ,  0.        , ...,  0.9283417 ,
          0.99999615,  0.76815518],
        ...,
        [-0.86755522, -0.90314725, -0.9283417 , ...,  0.        ,
          0.37430326,  0.87992827],
        [-0.99064578, -0.99819415, -0.99999615, ..., -0.37430326,
          0.        ,  0.63812914],
        [-0.84980546, -0.8068716 , -0.76815518, ..., -0.87992827,
         -0.63812914,  0.        ]],

       [[ 0.        , -0.13559205, -0.27842463, ..., -0.93566948,
         -0.7978963 , -0.46066963],
        [ 0.13559205,  0.        , -0.14562283, ..., -0.97487574,
         -0.8722617 , -0.57676289],
        [ 0.27842463,  0.14562283,  0.        , ..., -0.99692114,
         -0.93417885, -0.68957568],
        ...,
        [ 0.93566948,  0.97487574,  0.99692114, ...,  0.        ,
         -0.28245689, -0.66791373],
        [ 0.7978963 ,  0.8722617 ,  0.93417885, ...,  0.28245689,
          0.        , -0.43050093],
        [ 0.46066963,  0.57676289,  0.68957568, ...,  0.66791373,
          0.43050093,  0.        ]]]), 'num': array([7.63866172e-01, 6.41441862e-01, 8.84568719e-07, 6.80135060e-03,
       7.04706413e-03, 6.53597998e-03, 6.88417572e-02, 1.96570827e-05,
       6.78660779e-03, 5.85215922e-03, 5.56500200e-03, 4.44269924e-06,
       7.11936001e-03, 4.58495843e-03])}
{'img': array([[[ 0.        , -0.05981873,  0.33803886, ...,  0.79374749,
          0.955252  ,  0.93388392],
        [ 0.05981873,  0.        ,  0.39373085, ...,  0.7559415 ,
          0.93584741,  0.91082181],
        [-0.33803886, -0.39373085,  0.        , ...,  0.95263255,
          0.99900797,  0.99978288],
        ...,
        [-0.79374749, -0.7559415 , -0.95263255, ...,  0.        ,
         -0.34624445, -0.28420719],
        [-0.955252  , -0.93584741, -0.99900797, ...,  0.34624445,
          0.        ,  0.06533896],
        [-0.93388392, -0.91082181, -0.99978288, ...,  0.28420719,
         -0.06533896,  0.        ]],

       [[ 0.        , -0.10630587,  0.83684317, ...,  0.37388488,
          0.58786694,  0.6158907 ],
        [ 0.10630587,  0.        ,  0.89029755, ...,  0.4703623 ,
