state_0,state_1,state_2,state_3,state_4,state_5,state_6,state_7,state_8,state_9,state_10,state_11,state_12,state_13,state_14,state_15,state_16,state_17,state_18,state_19,state_20,state_21,state_22,state_23,state_24,state_25,state_26,state_27,state_28,state_29,state_30,state_31,state_32,state_33,state_34,state_35,state_36,state_37,state_38,state_39,state_40,state_41,state_42,state_43,state_44,state_45,state_46,state_47,state_48,state_49,state_50,state_51,state_52,state_53,state_54,state_55,state_56,state_57,state_58,state_59,state_60,state_61,state_62,state_63,state_64,state_65,state_66,state_67,state_68,state_69,state_70,state_71,state_72,state_73,state_74,state_75,state_76,state_77,state_78,state_79,state_80,state_81,state_82,state_83,state_84,state_85,state_86,state_87,state_88,state_89,state_90,state_91,state_92,state_93,state_94,state_95,state_96,state_97,state_98,state_99,state_100,state_101,state_102,state_103,state_104,state_105,state_106,state_107,state_108,state_109,state_110,state_111,state_112,state_113,state_114,state_115,state_116,state_117,state_118,state_119,state_120,state_121,state_122,state_123,state_124,state_125,state_126,state_127,state_128,state_129,state_130,state_131,state_132,state_133,state_134,state_135,state_136,state_137,state_138,state_139,state_140,state_141,state_142,state_143,state_144,state_145,state_146,state_147,state_148,state_149,state_150,state_151,state_152,state_153,state_154,state_155,state_156,state_157,state_158,state_159,state_160,state_161,state_162,state_163,state_164,state_165,state_166,state_167,state_168,state_169,state_170,state_171,state_172,state_173,state_174,state_175,state_176,state_177,state_178,state_179,state_180,state_181,state_182,state_183,state_184,state_185,state_186,state_187,state_188,state_189,state_190,state_191,state_192,state_193,state_194,state_195,state_196,state_197,state_198,state_199,state_200,state_201,state_202,state_203,state_204,state_205,state_206,state_207,state_208,state_209,state_210,state_211,state_212,state_213,state_214,state_215,state_216,state_217,state_218,state_219,state_220,state_221,state_222,state_223,state_224,state_225,state_226,state_227,state_228,state_229,state_230,state_231,state_232,state_233,state_234,state_235,state_236,state_237,state_238,state_239,state_240,state_241,state_242,state_243,state_244,state_245,state_246,state_247,state_248,state_249,state_250,state_251,state_252,state_253,state_254,state_255,state_256,state_257,state_258,state_259,state_260,state_261,state_262,state_263,state_264,state_265,state_266,state_267,state_268,state_269,state_270,state_271,state_272,state_273,state_274,state_275,state_276,state_277,state_278,state_279,state_280,state_281,state_282,state_283,state_284,state_285,state_286,state_287
{'img': array([[[ 0.        ,  0.28711961, -0.59404402, ..., -0.96648393,
         -0.97167865, -0.90054418],
        [-0.28711961,  0.        , -0.8       , ..., -0.99950126,
         -0.998614  , -0.98745595],
        [ 0.59404402,  0.8       ,  0.        , ..., -0.62496391,
         -0.64127366, -0.46615778],
        ...,
        [ 0.96648393,  0.99950126,  0.62496391, ...,  0.        ,
         -0.02107015,  0.18899881],
        [ 0.97167865,  0.998614  ,  0.64127366, ...,  0.02107015,
          0.        ,  0.20964726],
        [ 0.90054418,  0.98745595,  0.46615778, ..., -0.18899881,
         -0.20964726,  0.        ]],

       [[ 0.        ,  0.30335436,  0.63686257, ..., -0.33928633,
          0.38934047,  0.55751895],
        [-0.30335436,  0.        ,  0.37297287, ..., -0.60865875,
          0.09157603,  0.2794135 ],
        [-0.63686257, -0.37297287,  0.        , ..., -0.86066796,
         -0.28643756, -0.09886603],
        ...,
        [ 0.33928633,  0.60865875,  0.86066796, ...,  0.        ,
          0.67876059,  0.80611205],
        [-0.38934047, -0.09157603,  0.28643756, ..., -0.67876059,
          0.        ,  0.19031079],
        [-0.55751895, -0.2794135 ,  0.09886603, ..., -0.80611205,
         -0.19031079,  0.        ]],

       [[ 0.        ,  0.09428067, -0.30386733, ..., -0.99892578,
         -0.99959726, -0.99906817],
        [-0.09428067,  0.        , -0.39233635, ..., -0.99010737,
         -0.9924692 , -0.99868714],
        [ 0.30386733,  0.39233635,  0.        , ..., -0.96577179,
         -0.96095385, -0.93871164],
        ...,
        [ 0.99892578,  0.99010737,  0.96577179, ...,  0.        ,
          0.0179725 ,  0.0894094 ],
        [ 0.99959726,  0.9924692 ,  0.96095385, ..., -0.0179725 ,
          0.        ,  0.07149443],
        [ 0.99906817,  0.99868714,  0.93871164, ..., -0.0894094 ,
         -0.07149443,  0.        ]],

       ...,

       [[ 0.        , -0.28436339, -0.88992586, ..., -0.75590938,
         -0.82542733, -0.80664272],
        [ 0.28436339,  0.        , -0.72348704, ..., -0.53853689,
         -0.63082534, -0.60527178],
        [ 0.88992586,  0.72348704,  0.        , ...,  0.23783912,
          0.1258889 ,  0.15806726],
        ...,
        [ 0.75590938,  0.53853689, -0.23783912, ...,  0.        ,
         -0.11367048, -0.08131763],
        [ 0.82542733,  0.63082534, -0.1258889 , ...,  0.11367048,
          0.        ,  0.03250346],
        [ 0.80664272,  0.60527178, -0.15806726, ...,  0.08131763,
         -0.03250346,  0.        ]],

       [[ 0.        ,  0.27118954,  0.39568166, ..., -0.8941116 ,
         -0.90654686, -0.88512011],
        [-0.27118954,  0.        ,  0.13179673, ..., -0.9820563 ,
         -0.98704541, -0.97815257],
        [-0.39568166, -0.13179673,  0.        , ..., -0.99834487,
         -0.9995808 , -0.99701891],
        ...,
        [ 0.8941116 ,  0.9820563 ,  0.99834487, ...,  0.        ,
         -0.02858263,  0.01969021],
        [ 0.90654686,  0.98704541,  0.9995808 , ...,  0.02858263,
          0.        ,  0.04825926],
        [ 0.88512011,  0.97815257,  0.99701891, ..., -0.01969021,
         -0.04825926,  0.        ]],

       [[ 0.        ,  0.05342923,  0.17457853, ..., -0.49060145,
         -0.24951727, -0.18049363],
        [-0.05342923,  0.        ,  0.12172044, ..., -0.53645808,
         -0.30090015, -0.23278753],
        [-0.17457853, -0.12172044,  0.        , ..., -0.63519237,
         -0.41474217, -0.34943311],
        ...,
        [ 0.49060145,  0.53645808,  0.63519237, ...,  0.        ,
          0.25765853,  0.32526462],
        [ 0.24951727,  0.30090015,  0.41474217, ..., -0.25765853,
          0.        ,  0.07063456],
        [ 0.18049363,  0.23278753,  0.34943311, ..., -0.32526462,
         -0.07063456,  0.        ]]]), 'num': array([ 9.99998564e-01,  1.59183186e-03,  5.39679302e-06,  1.34266636e-04,
        1.39709879e-04,  1.33540871e-04,  4.39461233e-04, -5.08035922e-06,
        1.36298780e-04,  1.33377574e-04,  1.31357526e-04,  3.67254883e-08,
        1.42178435e-04,  1.24576712e-04])}
{'img': array([[[ 0.        , -0.8       , -0.82991172, ..., -0.998614  ,
         -0.98745595, -0.99059287],
        [ 0.8       ,  0.        , -0.05163124, ..., -0.64127366,
         -0.46615778, -0.70382941],
        [ 0.82991172,  0.05163124,  0.        , ..., -0.60080106,
         -0.41985778, -0.66621342],
        ...,
        [ 0.998614  ,  0.64127366,  0.60080106, ...,  0.        ,
          0.20964726, -0.08451597],
        [ 0.98745595,  0.46615778,  0.41985778, ..., -0.20964726,
          0.        , -0.29153495],
        [ 0.99059287,  0.70382941,  0.66621342, ...,  0.08451597,
          0.29153495,  0.        ]],

       [[ 0.        ,  0.37297287, -0.52853035, ...,  0.09157603,
          0.2794135 ,  0.82886766],
        [-0.37297287,  0.        , -0.80701483, ..., -0.28643756,
         -0.09886603,  0.56040072],
        [ 0.52853035,  0.80701483,  0.        , ...,  0.60404972,
          0.74467759,  0.99932121],
        ...,
        [-0.09157603,  0.28643756, -0.60404972, ...,  0.        ,
          0.19031079,  0.7741531 ],
        [-0.2794135 ,  0.09886603, -0.74467759, ..., -0.19031079,
          0.        ,  0.63953816],
        [-0.82886766, -0.56040072, -0.99932121, ..., -0.7741531 ,
         -0.63953816,  0.        ]],

       [[ 0.        , -0.39233635, -0.56973815, ..., -0.9924692 ,
         -0.99868714, -0.99944181],
        [ 0.39233635,  0.        , -0.20162527, ..., -0.96095385,
         -0.93871164, -0.9324154 ],
        [ 0.56973815,  0.20162527,  0.        , ..., -0.88542702,
         -0.84993214, -0.84040112],
        ...,
        [ 0.9924692 ,  0.96095385,  0.88542702, ...,  0.        ,
          0.07149443,  0.08927007],
        [ 0.99868714,  0.93871164,  0.84993214, ..., -0.07149443,
          0.        ,  0.01783264],
        [ 0.99944181,  0.9324154 ,  0.84040112, ..., -0.08927007,
         -0.01783264,  0.        ]],

       ...,

       [[ 0.        , -0.87351612, -0.89553764, ..., -0.80188144,
         -0.78096616, -0.99658871],
        [ 0.87351612,  0.        , -0.04724121, ...,  0.13155914,
          0.16540429, -0.41304472],
        [ 0.89553764,  0.04724121,  0.        , ...,  0.17824286,
          0.21181011, -0.36956048],
        ...,
        [ 0.80188144, -0.13155914, -0.17824286, ...,  0.        ,
          0.03421962, -0.52926699],
        [ 0.78096616, -0.16540429, -0.21181011, ..., -0.03421962,
          0.        , -0.55799084],
        [ 0.99658871,  0.41304472,  0.36956048, ...,  0.52926699,
          0.55799084,  0.        ]],

       [[ 0.        ,  0.13179673,  0.26155073, ..., -0.98704541,
         -0.97815257, -0.98453272],
        [-0.13179673,  0.        ,  0.13206032, ..., -0.9995808 ,
         -0.99701891, -0.9990353 ],
        [-0.26155073, -0.13206032,  0.        , ..., -0.99464959,
         -0.99847615, -0.99608477],
        ...,
        [ 0.98704541,  0.9995808 ,  0.99464959, ...,  0.        ,
          0.04825926,  0.01497159],
        [ 0.97815257,  0.99701891,  0.99847615, ..., -0.04825926,
          0.        , -0.03329971],
        [ 0.98453272,  0.9990353 ,  0.99608477, ..., -0.01497159,
          0.03329971,  0.        ]],

       [[ 0.        ,  0.12172044,  0.28794022, ..., -0.30090015,
         -0.23278753, -0.03010687],
        [-0.12172044,  0.        ,  0.16923383, ..., -0.41474217,
         -0.34943311, -0.15154827],
        [-0.28794022, -0.16923383,  0.        , ..., -0.56275236,
         -0.50295842, -0.31664149],
        ...,
        [ 0.30090015,  0.41474217,  0.56275236, ...,  0.        ,
          0.07063456,  0.27205216],
        [ 0.23278753,  0.34943311,  0.50295842, ..., -0.07063456,
          0.        ,  0.20340224],
        [ 0.03010687,  0.15154827,  0.31664149, ..., -0.27205216,
         -0.20340224,  0.        ]]]), 'num': array([7.51449112e-01, 6.59767630e-01, 4.87667456e-07, 1.58071520e-03,
       1.58912326e-03, 1.55549102e-03, 3.38145251e-03, 2.52241787e-05,
       1.57987440e-03, 1.55002578e-03, 1.51842549e-03, 4.44564070e-07,
       1.64905188e-03, 1.45099969e-03])}
{'img': array([[[ 0.        , -0.3201454 , -0.49582747, ..., -0.89434976,
         -0.99687879, -0.97154815],
        [ 0.3201454 ,  0.        , -0.19171028, ..., -0.70405578,
         -0.91913684, -0.84459013],
        [ 0.49582747,  0.19171028,  0.        , ..., -0.55485461,
         -0.82656625, -0.72628005],
        ...,
        [ 0.89434976,  0.70405578,  0.55485461, ...,  0.        ,
         -0.37536553, -0.22282028],
        [ 0.99687879,  0.91913684,  0.82656625, ...,  0.37536553,
          0.        ,  0.1594017 ],
        [ 0.97154815,  0.84459013,  0.72628005, ...,  0.22282028,
         -0.1594017 ,  0.        ]],

       [[ 0.        , -0.80701483, -0.90420825, ..., -0.09886603,
          0.56040072, -0.40723096],
        [ 0.80701483,  0.        , -0.18929371, ...,  0.74467759,
          0.99932121,  0.49658441],
        [ 0.90420825,  0.18929371,  0.        , ...,  0.85755344,
          0.98822739,  0.65191117],
        ...,
        [ 0.09886603, -0.74467759, -0.85755344, ...,  0.        ,
          0.63953816, -0.314939  ],
        [-0.56040072, -0.99932121, -0.98822739, ..., -0.63953816,
          0.        , -0.84910559],
        [ 0.40723096, -0.49658441, -0.65191117, ...,  0.314939  ,
          0.84910559,  0.        ]],

       [[ 0.        , -0.44017535, -0.56707539, ..., -0.99993271,
         -0.99997578, -0.99993271],
        [ 0.44017535,  0.        , -0.14662628, ..., -0.90295785,
         -0.89482622, -0.89274497],
        [ 0.56707539,  0.14662628,  0.        , ..., -0.83018907,
         -0.81969878, -0.81703187],
        ...,
        [ 0.99993271,  0.90295785,  0.83018907, ...,  0.        ,
          0.01856074,  0.02320029],
        [ 0.99997578,  0.89482622,  0.81969878, ..., -0.01856074,
          0.        ,  0.00464056],
        [ 0.99993271,  0.89274497,  0.81703187, ..., -0.02320029,
         -0.00464056,  0.        ]],

       ...,

       [[ 0.        , -0.05139893,  0.        , ...,  0.18346621,
         -0.43853681, -0.36612682],
        [ 0.05139893,  0.        ,  0.05139893, ...,  0.23375019,
         -0.39176425, -0.31781283],
        [ 0.        , -0.05139893,  0.        , ...,  0.18346621,
         -0.43853681, -0.36612682],
        ...,
        [-0.18346621, -0.23375019, -0.18346621, ...,  0.        ,
         -0.5959766 , -0.53063941],
        [ 0.43853681,  0.39176425,  0.43853681, ...,  0.5959766 ,
          0.        ,  0.07904398],
        [ 0.36612682,  0.31781283,  0.36612682, ...,  0.53063941,
         -0.07904398,  0.        ]],

       [[ 0.        ,  0.13206032, -0.07816382, ..., -0.99701891,
         -0.9990353 , -0.99850752],
        [-0.13206032,  0.        , -0.20913552, ..., -0.99847615,
         -0.99608477, -0.99697467],
        [ 0.07816382,  0.20913552,  0.        , ..., -0.98793763,
         -0.99254627, -0.99118373],
        ...,
        [ 0.99701891,  0.99847615,  0.98793763, ...,  0.        ,
         -0.03329971, -0.02259072],
        [ 0.9990353 ,  0.99608477,  0.99254627, ...,  0.03329971,
          0.        ,  0.01071302],
        [ 0.99850752,  0.99697467,  0.99118373, ...,  0.02259072,
         -0.01071302,  0.        ]],

       [[ 0.        ,  0.16923383,  0.4412295 , ..., -0.34943311,
         -0.15154827, -0.06633569],
        [-0.16923383,  0.        ,  0.2829957 , ..., -0.50295842,
         -0.31664149, -0.23423994],
        [-0.4412295 , -0.2829957 ,  0.        , ..., -0.72699425,
         -0.57213179, -0.4997869 ],
        ...,
        [ 0.34943311,  0.50295842,  0.72699425, ...,  0.        ,
          0.20340224,  0.28650946],
        [ 0.15154827,  0.31664149,  0.57213179, ..., -0.20340224,
          0.        ,  0.08564496],
        [ 0.06633569,  0.23423994,  0.4997869 , ..., -0.28650946,
         -0.08564496,  0.        ]]]), 'num': array([ 7.31708924e-01,  6.81576272e-01,  2.79290540e-07,  1.47448976e-03,
        1.56074125e-03,  1.46627534e-03,  6.13289990e-03, -6.98226350e-05,
        1.53034787e-03,  1.51761551e-03,  1.48030832e-03,  3.19930340e-07,
        1.60367120e-03,  1.43155982e-03])}
{'img': array([[[ 0.        , -0.39444647, -0.80402566, ..., -0.99413914,
         -0.96278449, -0.98194066],
        [ 0.39444647,  0.        , -0.50429865, ..., -0.87089041,
         -0.77811373, -0.97694885],
        [ 0.80402566,  0.50429865,  0.        , ..., -0.50418807,
         -0.35516222, -0.73596957],
        ...,
        [ 0.99413914,  0.87089041,  0.50418807, ...,  0.        ,
          0.16460144, -0.29423613],
        [ 0.96278449,  0.77811373,  0.35516222, ..., -0.16460144,
          0.        , -0.44753778],
        [ 0.98194066,  0.97694885,  0.73596957, ...,  0.29423613,
          0.44753778,  0.        ]],

       [[ 0.        , -0.16914936,  0.41676994, ...,  0.93493897,
          0.43736589,  0.76969549],
        [ 0.16914936,  0.        ,  0.56452326, ...,  0.98148254,
          0.58317689,  0.65061766],
        [-0.41676994, -0.56452326,  0.        , ...,  0.7019972 ,
          0.02277645,  0.96573303],
        ...,
        [-0.93493897, -0.98148254, -0.7019972 , ...,  0.        ,
         -0.68559416,  0.86997006],
        [-0.43736589, -0.58317689, -0.02277645, ...,  0.68559416,
          0.        ,  0.97139385],
        [-0.76969549, -0.65061766, -0.96573303, ..., -0.86997006,
         -0.97139385,  0.        ]],

       [[ 0.        , -0.38775995, -0.65514724, ..., -0.99813014,
         -0.99781865, -0.99992527],
        [ 0.38775995,  0.        , -0.31093566, ..., -0.89633512,
         -0.89415187, -0.92643185],
        [ 0.65514724,  0.31093566,  0.        , ..., -0.71404286,
         -0.71060388, -0.7634539 ],
        ...,
        [ 0.99813014,  0.89633512,  0.71404286, ...,  0.        ,
          0.00489987, -0.07332221],
        [ 0.99781865,  0.89415187,  0.71060388, ..., -0.00489987,
          0.        , -0.07820801],
        [ 0.99992527,  0.92643185,  0.7634539 , ...,  0.07332221,
          0.07820801,  0.        ]],

       ...,

       [[ 0.        ,  0.05139893, -0.15500991, ..., -0.39176425,
         -0.31781283, -0.72186046],
        [-0.05139893,  0.        , -0.20558268, ..., -0.43853681,
         -0.36612682, -0.75647635],
        [ 0.15500991,  0.20558268,  0.        , ..., -0.24440967,
         -0.16699821, -0.60586242],
        ...,
        [ 0.39176425,  0.43853681,  0.24440967, ...,  0.        ,
          0.07904398, -0.393043  ],
        [ 0.31781283,  0.36612682,  0.16699821, ..., -0.07904398,
          0.        , -0.46449574],
        [ 0.72186046,  0.75647635,  0.60586242, ...,  0.393043  ,
          0.46449574,  0.        ]],

       [[ 0.        , -0.20913552, -0.27215126, ..., -0.99608477,
         -0.99697467, -0.99274147],
        [ 0.20913552,  0.        , -0.0648915 , ..., -0.99254627,
         -0.99118373, -0.99594095],
        [ 0.27215126,  0.0648915 ,  0.        , ..., -0.98254609,
         -0.98049687, -0.988001  ],
        ...,
        [ 0.99608477,  0.99254627,  0.98254609, ...,  0.        ,
          0.01071302, -0.03203553],
        [ 0.99697467,  0.99118373,  0.98049687, ..., -0.01071302,
          0.        , -0.04274121],
        [ 0.99274147,  0.99594095,  0.988001  , ...,  0.03203553,
          0.04274121,  0.        ]],

       [[ 0.        ,  0.2829957 ,  0.44569043, ..., -0.31664149,
         -0.23423994, -0.07232849],
        [-0.2829957 ,  0.        ,  0.17413702, ..., -0.57213179,
         -0.4997869 , -0.35162628],
        [-0.44569043, -0.17413702,  0.        , ..., -0.70621095,
         -0.64297938, -0.50927064],
        ...,
        [ 0.31664149,  0.57213179,  0.70621095, ...,  0.        ,
          0.08564496,  0.24720531],
        [ 0.23423994,  0.4997869 ,  0.64297938, ..., -0.08564496,
          0.        ,  0.16331021],
        [ 0.07232849,  0.35162628,  0.50927064, ..., -0.24720531,
         -0.16331021,  0.        ]]]), 'num': array([7.17863853e-01, 6.96163637e-01, 1.20892567e-07, 1.44668106e-03,
       1.47085957e-03, 1.44668106e-03, 3.21247819e-03, 0.00000000e+00,
       1.48939643e-03, 1.49221726e-03, 1.44943472e-03, 3.31335185e-07,
       1.56408255e-03, 1.42035196e-03])}
{'img': array([[[ 0.        , -0.74952872, -0.77349466, ..., -0.94607637,
         -0.98792552, -0.98792552],
        [ 0.74952872,  0.        , -0.03697827, ..., -0.38347083,
         -0.77010303, -0.77010303],
        [ 0.77349466,  0.03697827,  0.        , ..., -0.34905718,
         -0.74598718, -0.74598718],
        ...,
        [ 0.94607637,  0.38347083,  0.34905718, ...,  0.        ,
         -0.46660742, -0.46660742],
        [ 0.98792552,  0.77010303,  0.74598718, ...,  0.46660742,
          0.        ,  0.        ],
        [ 0.98792552,  0.77010303,  0.74598718, ...,  0.46660742,
          0.        ,  0.        ]],

       [[ 0.        ,  0.56452326, -0.20334767, ...,  0.58317689,
          0.65061766,  0.57237321],
        [-0.56452326,  0.        , -0.72057511, ...,  0.02277645,
          0.96573303,  0.00954142],
        [ 0.20334767,  0.72057511,  0.        , ...,  0.73618084,
          0.48260071,  0.7271581 ],
        ...,
        [-0.58317689, -0.02277645, -0.73618084, ...,  0.        ,
          0.97139385, -0.01323647],
        [-0.65061766, -0.96573303, -0.48260071, ..., -0.97139385,
          0.        , -0.96816543],
        [-0.57237321, -0.00954142, -0.7271581 , ...,  0.01323647,
          0.96816543,  0.        ]],

       [[ 0.        , -0.56224309, -0.76947507, ..., -0.99399618,
         -0.99960821, -0.99883065],
        [ 0.56224309,  0.        , -0.2772427 , ..., -0.76048933,
         -0.81091093, -0.85318722],
        [ 0.76947507,  0.2772427 ,  0.        , ..., -0.55065042,
         -0.61688915, -0.67513109],
        ...,
        [ 0.99399618,  0.76048933,  0.55065042, ...,  0.        ,
         -0.08155011, -0.15734261],
        [ 0.99960821,  0.81091093,  0.61688915, ...,  0.08155011,
          0.        , -0.07628421],
        [ 0.99883065,  0.85318722,  0.67513109, ...,  0.15734261,
          0.07628421,  0.        ]],

       ...,

       [[ 0.        , -0.20558268, -0.22489936, ..., -0.36612682,
         -0.75647635, -0.70433383],
        [ 0.20558268,  0.        , -0.01977939, ..., -0.16699821,
         -0.60586242, -0.54335233],
        [ 0.22489936,  0.01977939,  0.        , ..., -0.14746391,
         -0.59000802, -0.52664114],
        ...,
        [ 0.36612682,  0.16699821,  0.14746391, ...,  0.        ,
         -0.46449574, -0.39552635],
        [ 0.75647635,  0.60586242,  0.59000802, ...,  0.46449574,
          0.        ,  0.07634988],
        [ 0.70433383,  0.54335233,  0.52664114, ...,  0.39552635,
         -0.07634988,  0.        ]],

       [[ 0.        , -0.06621885, -0.11660124, ..., -0.99182991,
         -0.99637783, -0.99955655],
        [ 0.06621885,  0.        , -0.05057816, ..., -0.9812056 ,
         -0.98855989, -0.99539081],
        [ 0.11660124,  0.05057816,  0.        , ..., -0.97018993,
         -0.97966599, -0.98926629],
        ...,
        [ 0.99182991,  0.9812056 ,  0.97018993, ...,  0.        ,
         -0.04276353, -0.09797655],
        [ 0.99637783,  0.98855989,  0.97966599, ...,  0.04276353,
          0.        , -0.05532914],
        [ 0.99955655,  0.99539081,  0.98926629, ...,  0.09797655,
          0.05532914,  0.        ]],

       [[ 0.        ,  0.17413702,  0.36608224, ..., -0.4997869 ,
         -0.35162628, -0.15218243],
        [-0.17413702,  0.        ,  0.19844017, ..., -0.64297938,
         -0.50927064, -0.32196605],
        [-0.36608224, -0.19844017,  0.        , ..., -0.7821745 ,
         -0.66992166, -0.50343658],
        ...,
        [ 0.4997869 ,  0.64297938,  0.7821745 , ...,  0.        ,
          0.16331021,  0.36215303],
        [ 0.35162628,  0.50927064,  0.66992166, ..., -0.16331021,
          0.        ,  0.20506655],
        [ 0.15218243,  0.32196605,  0.50343658, ..., -0.36215303,
         -0.20506655,  0.        ]]]), 'num': array([ 7.12775128e-01,  7.01377950e-01,  6.40290930e-08,  1.42464732e-03,
        1.44865823e-03,  1.42464732e-03,  1.90629016e-03, -1.20054549e-05,
        1.45666187e-03,  1.48347405e-03,  1.43645268e-03,  2.66787887e-07,
        1.54785732e-03,  1.41909077e-03])}
{'img': array([[[ 0.        , -0.04774757,  0.61583035, ..., -0.84060091,
         -0.84060091, -0.88671571],
        [ 0.04774757,  0.        ,  0.65274725, ..., -0.81377944,
         -0.81377944, -0.86362993],
        [-0.61583035, -0.65274725,  0.        , ..., -0.9958592 ,
         -0.9958592 , -0.98333217],
        ...,
        [ 0.84060091,  0.81377944,  0.9958592 , ...,  0.        ,
          0.        , -0.09167147],
        [ 0.84060091,  0.81377944,  0.9958592 , ...,  0.        ,
          0.        , -0.09167147],
        [ 0.88671571,  0.86362993,  0.98333217, ...,  0.09167147,
          0.09167147,  0.        ]],

       [[ 0.        , -0.72057511, -0.5595758 , ...,  0.96573303,
          0.00954142, -0.65228425],
        [ 0.72057511,  0.        ,  0.20920072, ...,  0.48260071,
          0.7271581 ,  0.09389868],
        [ 0.5595758 , -0.20920072,  0.        , ...,  0.65514852,
          0.56745805, -0.11645546],
        ...,
        [-0.96573303, -0.48260071, -0.65514852, ...,  0.        ,
         -0.96816543, -0.56270873],
        [-0.00954142, -0.7271581 , -0.56745805, ...,  0.96816543,
          0.        , -0.65948671],
        [ 0.65228425, -0.09389868,  0.11645546, ...,  0.56270873,
          0.65948671,  0.        ]],

       [[ 0.        , -0.60808508, -0.67462398, ..., -0.99211281,
         -0.99912672, -0.99345708],
        [ 0.60808508,  0.        , -0.08669997, ..., -0.71138809,
         -0.76777114, -0.85812466],
        [ 0.67462398,  0.08669997,  0.        , ..., -0.64777665,
         -0.70932931, -0.81037802],
        ...,
        [ 0.99211281,  0.71138809,  0.64777665, ...,  0.        ,
         -0.08378554, -0.23783341],
        [ 0.99912672,  0.76777114,  0.70932931, ...,  0.08378554,
          0.        , -0.15561574],
        [ 0.99345708,  0.85812466,  0.81037802, ...,  0.23783341,
          0.15561574,  0.        ]],

       ...,

       [[ 0.        , -0.01977939,  0.00928393, ..., -0.60586242,
         -0.54335233, -0.75694059],
        [ 0.01977939,  0.        ,  0.02906065, ..., -0.59000802,
         -0.52664114, -0.743867  ],
        [-0.00928393, -0.02906065,  0.        , ..., -0.61322233,
         -0.55112282, -0.76297487],
        ...,
        [ 0.60586242,  0.59000802,  0.61322233, ...,  0.        ,
          0.07634988, -0.20627758],
        [ 0.54335233,  0.52664114,  0.55112282, ..., -0.07634988,
          0.        , -0.28038334],
        [ 0.75694059,  0.743867  ,  0.76297487, ...,  0.20627758,
          0.28038334,  0.        ]],

       [[ 0.        , -0.05057816, -0.06091752, ..., -0.98855989,
         -0.99539081, -0.99797222],
        [ 0.05057816,  0.        , -0.01035533, ..., -0.97966599,
         -0.98926629, -0.99347557],
        [ 0.06091752,  0.01035533,  0.        , ..., -0.97753582,
         -0.98770009, -0.99224133],
        ...,
        [ 0.98855989,  0.97966599,  0.97753582, ...,  0.        ,
         -0.05532914, -0.08760023],
        [ 0.99539081,  0.98926629,  0.98770009, ...,  0.05532914,
          0.        , -0.0323496 ],
        [ 0.99797222,  0.99347557,  0.99224133, ...,  0.08760023,
          0.0323496 ,  0.        ]],

       [[ 0.        ,  0.19844017,  0.52169221, ..., -0.50927064,
         -0.32196605, -0.19917465],
        [-0.19844017,  0.        ,  0.34202131, ..., -0.66992166,
         -0.50343658, -0.38967788],
        [-0.52169221, -0.34202131,  0.        , ..., -0.88344765,
         -0.76859284, -0.68116221],
        ...,
        [ 0.50927064,  0.66992166,  0.88344765, ...,  0.        ,
          0.20506655,  0.32765592],
        [ 0.32196605,  0.50343658,  0.76859284, ..., -0.20506655,
          0.        ,  0.1269463 ],
        [ 0.19917465,  0.38967788,  0.68116221, ..., -0.32765592,
         -0.1269463 ,  0.        ]]]), 'num': array([ 7.10621877e-01,  7.03559590e-01,  3.98999232e-08,  1.41245728e-03,
        1.44038723e-03,  1.40048730e-03,  1.93240914e-03, -7.97998463e-06,
        1.43958923e-03,  1.47869115e-03,  1.42994675e-03,  3.01945364e-07,
        1.54441833e-03,  1.41296398e-03])}
{'img': array([[[ 0.        ,  0.65274725, -0.31305379, ..., -0.81377944,
         -0.86362993, -0.89321929],
        [-0.65274725,  0.        , -0.85709913, ..., -0.9958592 ,
         -0.98333217, -0.97017034],
        [ 0.31305379,  0.85709913,  0.        , ..., -0.59093648,
         -0.66240126, -0.70756633],
        ...,
        [ 0.81377944,  0.9958592 ,  0.59093648, ...,  0.        ,
         -0.09167147, -0.15322311],
        [ 0.86362993,  0.98333217,  0.66240126, ...,  0.09167147,
          0.        , -0.06198895],
        [ 0.89321929,  0.97017034,  0.70756633, ...,  0.15322311,
          0.06198895,  0.        ]],

       [[ 0.        ,  0.20920072,  0.86533005, ...,  0.7271581 ,
          0.09389868,  0.11870713],
        [-0.20920072,  0.        ,  0.74133074, ...,  0.56745805,
         -0.11645546, -0.09164106],
        [-0.86533005, -0.74133074,  0.        , ..., -0.22956972,
         -0.81444457, -0.79971527],
        ...,
        [-0.7271581 , -0.56745805,  0.22956972, ...,  0.        ,
         -0.65948671, -0.64052771],
        [-0.09389868,  0.11645546,  0.81444457, ...,  0.65948671,
          0.        ,  0.0249479 ],
        [-0.11870713,  0.09164106,  0.79971527, ...,  0.64052771,
         -0.0249479 ,  0.        ]],

       [[ 0.        , -0.34693764, -0.61462444, ..., -0.98687424,
         -0.99992284, -0.99373059],
        [ 0.34693764,  0.        , -0.3027777 , ..., -0.8695505 ,
         -0.94212562, -0.97079625],
        [ 0.61462444,  0.3027777 ,  0.        , ..., -0.67920989,
         -0.7963941 , -0.85259022],
        ...,
        [ 0.98687424,  0.8695505 ,  0.67920989, ...,  0.        ,
         -0.17373753, -0.270812  ],
        [ 0.99992284,  0.94212562,  0.7963941 , ...,  0.17373753,
          0.        , -0.09944814],
        [ 0.99373059,  0.97079625,  0.85259022, ...,  0.270812  ,
          0.09944814,  0.        ]],

       ...,

       [[ 0.        ,  0.02906065, -0.46599603, ..., -0.52664114,
         -0.743867  , -0.6216709 ],
        [-0.02906065,  0.        , -0.4915117 , ..., -0.55112282,
         -0.76297487, -0.64417092],
        [ 0.46599603,  0.4915117 ,  0.        , ..., -0.06982764,
         -0.34672566, -0.18504151],
        ...,
        [ 0.52664114,  0.55112282,  0.06982764, ...,  0.        ,
         -0.28038334, -0.11596807],
        [ 0.743867  ,  0.76297487,  0.34672566, ...,  0.28038334,
          0.        ,  0.1671752 ],
        [ 0.6216709 ,  0.64417092,  0.18504151, ...,  0.11596807,
         -0.1671752 ,  0.        ]],

       [[ 0.        , -0.01035533, -0.0065824 , ..., -0.98926629,
         -0.99347557, -0.99266981],
        [ 0.01035533,  0.        ,  0.00377305, ..., -0.98770009,
         -0.99224133, -0.99136506],
        [ 0.0065824 , -0.00377305,  0.        , ..., -0.98828301,
         -0.99270336, -0.99185277],
        ...,
        [ 0.98926629,  0.98770009,  0.98828301, ...,  0.        ,
         -0.0323496 , -0.02549213],
        [ 0.99347557,  0.99224133,  0.99270336, ...,  0.0323496 ,
          0.        ,  0.0068603 ],
        [ 0.99266981,  0.99136506,  0.99185277, ...,  0.02549213,
         -0.0068603 ,  0.        ]],

       [[ 0.        ,  0.34202131,  0.27059274, ..., -0.50343658,
         -0.38967788, -0.41713114],
        [-0.34202131,  0.        , -0.07498795, ..., -0.76859284,
         -0.68116221, -0.70281969],
        [-0.27059274,  0.07498795,  0.        , ..., -0.71845617,
         -0.62434324, -0.64749683],
        ...,
        [ 0.50343658,  0.76859284,  0.71845617, ...,  0.        ,
          0.1269463 ,  0.09713174],
        [ 0.38967788,  0.68116221,  0.62434324, ..., -0.1269463 ,
          0.        , -0.03000013],
        [ 0.41713114,  0.70281969,  0.64749683, ..., -0.09713174,
          0.03000013,  0.        ]]]), 'num': array([ 7.12021587e-01,  7.02142502e-01,  5.59721508e-08,  1.41129780e-03,
        1.43128786e-03,  1.40330178e-03,  2.12460689e-03, -3.99801077e-06,
        1.42409144e-03,  1.47846438e-03,  1.43055489e-03,  2.77639637e-07,
        1.55111826e-03,  1.40581051e-03])}
{'img': array([[[ 0.        , -0.85709913, -0.96209139, ..., -0.98333217,
         -0.97017034, -0.96209139],
        [ 0.85709913,  0.        , -0.26186853, ..., -0.66240126,
         -0.70756633, -0.72937714],
        [ 0.96209139,  0.26186853,  0.        , ..., -0.44310721,
         -0.49782619, -0.52477712],
        ...,
        [ 0.98333217,  0.66240126,  0.44310721, ...,  0.        ,
         -0.06198895, -0.09325579],
        [ 0.97017034,  0.70756633,  0.49782619, ...,  0.06198895,
          0.        , -0.03135764],
        [ 0.96209139,  0.72937714,  0.52477712, ...,  0.09325579,
          0.03135764,  0.        ]],

       [[ 0.        ,  0.74133074,  0.48511453, ..., -0.11645546,
         -0.09164106,  0.04137582],
        [-0.74133074,  0.        , -0.32267743, ..., -0.81444457,
         -0.79971527, -0.71292695],
        [-0.48511453,  0.32267743,  0.        , ..., -0.58364831,
         -0.56320879, -0.44851799],
        ...,
        [ 0.11645546,  0.81444457,  0.58364831, ...,  0.        ,
          0.0249479 ,  0.15745002],
        [ 0.09164106,  0.79971527,  0.56320879, ..., -0.0249479 ,
          0.        ,  0.13276429],
        [-0.04137582,  0.71292695,  0.44851799, ..., -0.15745002,
         -0.13276429,  0.        ]],

       [[ 0.        , -0.53293871, -0.75104026, ..., -0.99981507,
         -0.99652173, -0.97300851],
        [ 0.53293871,  0.        , -0.28361941, ..., -0.83574855,
         -0.88762225, -0.94630075],
        [ 0.75104026,  0.28361941,  0.        , ..., -0.64569123,
         -0.72054655, -0.81575209],
        ...,
        [ 0.99981507,  0.83574855,  0.64569123, ...,  0.        ,
         -0.1024818 , -0.24943826],
        [ 0.99652173,  0.88762225,  0.72054655, ...,  0.1024818 ,
          0.        , -0.14888251],
        [ 0.97300851,  0.94630075,  0.81575209, ...,  0.24943826,
          0.14888251,  0.        ]],

       ...,

       [[ 0.        , -0.4915117 , -0.77889807, ..., -0.76297487,
         -0.64417092, -0.72758808],
        [ 0.4915117 ,  0.        , -0.3700679 , ..., -0.34672566,
         -0.18504151, -0.29645129],
        [ 0.77889807,  0.3700679 ,  0.        , ...,  0.02500154,
          0.19177265,  0.07802795],
        ...,
        [ 0.76297487,  0.34672566, -0.02500154, ...,  0.        ,
          0.1671752 ,  0.05307824],
        [ 0.64417092,  0.18504151, -0.19177265, ..., -0.1671752 ,
          0.        , -0.11460826],
        [ 0.72758808,  0.29645129, -0.07802795, ..., -0.05307824,
          0.11460826,  0.        ]],

       [[ 0.        ,  0.00377305,  0.0535844 , ..., -0.99224133,
         -0.99136506, -0.98829721],
        [-0.00377305,  0.        ,  0.04981639, ..., -0.99270336,
         -0.99185277, -0.98886572],
        [-0.0535844 , -0.04981639,  0.        , ..., -0.99747778,
         -0.99696736, -0.99505114],
        ...,
        [ 0.99224133,  0.99270336,  0.99747778, ...,  0.        ,
          0.0068603 ,  0.02848526],
        [ 0.99136506,  0.99185277,  0.99696736, ..., -0.0068603 ,
          0.        ,  0.02162707],
        [ 0.98829721,  0.98886572,  0.99505114, ..., -0.02848526,
         -0.02162707,  0.        ]],

       [[ 0.        , -0.07498795, -0.33569117, ..., -0.68116221,
         -0.70281969, -0.79749692],
        [ 0.07498795,  0.        , -0.26410945, ..., -0.62434324,
         -0.64749683, -0.75000957],
        [ 0.33569117,  0.26410945,  0.        , ..., -0.39586538,
         -0.42323657, -0.54868965],
        ...,
        [ 0.68116221,  0.62434324,  0.39586538, ...,  0.        ,
         -0.03000013, -0.1729126 ],
        [ 0.70281969,  0.64749683,  0.42323657, ...,  0.03000013,
          0.        , -0.14328653],
        [ 0.79749692,  0.75000957,  0.54868965, ...,  0.1729126 ,
          0.14328653,  0.        ]]]), 'num': array([ 7.09883715e-01,  7.04302875e-01,  3.18905128e-08,  1.39520993e-03,
        1.41912782e-03,  1.37926468e-03,  2.48829712e-03, -1.19589423e-05,
        1.41274971e-03,  1.46995332e-03,  1.42337989e-03,  2.84736721e-07,
        1.55007229e-03,  1.38983436e-03])}
{'img': array([[[ 0.        , -0.3920454 , -0.11675815, ..., -0.86706294,
         -0.88470484, -0.9308979 ],
        [ 0.3920454 ,  0.        ,  0.28195278, ..., -0.60233449,
         -0.63112796, -0.71316954],
        [ 0.11675815, -0.28195278,  0.        , ..., -0.80296381,
         -0.82422679, -0.88188155],
        ...,
        [ 0.86706294,  0.60233449,  0.80296381, ...,  0.        ,
         -0.03657592, -0.14705175],
        [ 0.88470484,  0.63112796,  0.82422679, ...,  0.03657592,
          0.        , -0.11077506],
        [ 0.9308979 ,  0.71316954,  0.88188155, ...,  0.14705175,
          0.11077506,  0.        ]],

       [[ 0.        , -0.32267743, -0.58847341, ..., -0.79971527,
         -0.71292695, -0.54323813],
        [ 0.32267743,  0.        , -0.29610533, ..., -0.56320879,
         -0.44851799, -0.24326669],
        [ 0.58847341,  0.29610533,  0.        , ..., -0.2932757 ,
         -0.16375315,  0.05485269],
        ...,
        [ 0.79971527,  0.56320879,  0.2932757 , ...,  0.        ,
          0.13276429,  0.34527486],
        [ 0.71292695,  0.44851799,  0.16375315, ..., -0.13276429,
          0.        ,  0.21761886],
        [ 0.54323813,  0.24326669, -0.05485269, ..., -0.34527486,
         -0.21761886,  0.        ]],

       [[ 0.        , -0.6018474 , -0.69166109, ..., -0.99997589,
         -0.9860133 , -0.9733872 ],
        [ 0.6018474 ,  0.        , -0.11770066, ..., -0.80277135,
         -0.88774907, -0.91528119],
        [ 0.69166109,  0.11770066,  0.        , ..., -0.72700801,
         -0.82739756, -0.86150753],
        ...,
        [ 0.99997589,  0.80277135,  0.72700801, ...,  0.        ,
         -0.15981533, -0.22240151],
        [ 0.9860133 ,  0.88774907,  0.82739756, ...,  0.15981533,
          0.        , -0.06373018],
        [ 0.9733872 ,  0.91528119,  0.86150753, ...,  0.22240151,
          0.06373018,  0.        ]],

       ...,

       [[ 0.        , -0.3700679 , -0.63842142, ..., -0.18504151,
         -0.29645129, -0.26077903],
        [ 0.3700679 ,  0.        , -0.30826005, ...,  0.19177265,
          0.07802795,  0.11499805],
        [ 0.63842142,  0.30826005,  0.        , ...,  0.48497228,
          0.38154837,  0.41561286],
        ...,
        [ 0.18504151, -0.19177265, -0.48497228, ...,  0.        ,
         -0.11460826, -0.07763675],
        [ 0.29645129, -0.07802795, -0.38154837, ...,  0.11460826,
          0.        ,  0.03713715],
        [ 0.26077903, -0.11499805, -0.41561286, ...,  0.07763675,
         -0.03713715,  0.        ]],

       [[ 0.        ,  0.04981639,  0.03884018, ..., -0.99185277,
         -0.98886572, -0.98552586],
        [-0.04981639,  0.        , -0.01098684, ..., -0.99696736,
         -0.99505114, -0.99274736],
        [-0.03884018,  0.01098684,  0.        , ..., -0.99605218,
         -0.99389939, -0.99136661],
        ...,
        [ 0.99185277,  0.99696736,  0.99605218, ...,  0.        ,
          0.02162707,  0.04259834],
        [ 0.98886572,  0.99505114,  0.99389939, ..., -0.02162707,
          0.        ,  0.02098093],
        [ 0.98552586,  0.99274736,  0.99136661, ..., -0.04259834,
         -0.02098093,  0.        ]],

       [[ 0.        , -0.26410945, -0.22465859, ..., -0.64749683,
         -0.75000957, -0.84305228],
        [ 0.26410945,  0.        ,  0.04067659, ..., -0.42323657,
         -0.54868965, -0.67107137],
        [ 0.22465859, -0.04067659,  0.        , ..., -0.45974006,
         -0.58224222, -0.7006733 ],
        ...,
        [ 0.64749683,  0.42323657,  0.45974006, ...,  0.        ,
         -0.14328653, -0.29421902],
        [ 0.75000957,  0.54868965,  0.58224222, ...,  0.14328653,
          0.        , -0.15423867],
        [ 0.84305228,  0.67107137,  0.7006733 , ...,  0.29421902,
          0.15423867,  0.        ]]]), 'num': array([8.24451413e-01, 5.65909457e-01, 1.45657440e-06, 1.63634150e-03,
       1.65016973e-03, 1.62251326e-03, 2.08185045e-03, 2.30470633e-05,
       1.62988832e-03, 1.69395915e-03, 1.64402385e-03, 3.78855835e-07,
       1.78731541e-03, 1.60060290e-03])}
{'img': array([[[ 0.        ,  0.28195278,  0.3920454 , ..., -0.63112796,
         -0.71316954, -0.57283483],
        [-0.28195278,  0.        ,  0.11675815, ..., -0.82422679,
         -0.88188155, -0.7807024 ],
        [-0.3920454 , -0.11675815,  0.        , ..., -0.88470484,
         -0.9308979 , -0.84832521],
        ...,
        [ 0.63112796,  0.82422679,  0.88470484, ...,  0.        ,
         -0.11077506,  0.07298138],
        [ 0.71316954,  0.88188155,  0.9308979 , ...,  0.11077506,
          0.        ,  0.18301187],
        [ 0.57283483,  0.7807024 ,  0.84832521, ..., -0.07298138,
         -0.18301187,  0.        ]],

       [[ 0.        , -0.29610533, -0.29309738, ..., -0.44851799,
         -0.24326669, -0.64984388],
