state_0,state_1,state_2,state_3,state_4,state_5,state_6,state_7,state_8,state_9,state_10,state_11,state_12,state_13,state_14,state_15,state_16,state_17,state_18,state_19,state_20,state_21,state_22,state_23,state_24,state_25,state_26,state_27,state_28,state_29,state_30,state_31,state_32,state_33,state_34,state_35,state_36,state_37,state_38,state_39,state_40,state_41,state_42,state_43,state_44,state_45,state_46,state_47,state_48,state_49,state_50,state_51,state_52,state_53,state_54,state_55,state_56,state_57,state_58,state_59,state_60,state_61,state_62,state_63,state_64,state_65,state_66,state_67,state_68,state_69,state_70,state_71,state_72,state_73,state_74,state_75,state_76,state_77,state_78,state_79,state_80,state_81,state_82,state_83,state_84,state_85,state_86,state_87,state_88,state_89,state_90,state_91,state_92,state_93,state_94,state_95,state_96,state_97,state_98,state_99,state_100,state_101,state_102,state_103,state_104,state_105,state_106,state_107,state_108,state_109,state_110,state_111,state_112,state_113,state_114,state_115,state_116,state_117,state_118,state_119,state_120,state_121,state_122,state_123,state_124,state_125,state_126,state_127,state_128,state_129,state_130,state_131,state_132,state_133,state_134,state_135,state_136,state_137,state_138,state_139,state_140,state_141,state_142,state_143,state_144,state_145,state_146,state_147,state_148,state_149,state_150,state_151,state_152,state_153,state_154,state_155,state_156,state_157,state_158,state_159,state_160,state_161,state_162,state_163,state_164,state_165,state_166,state_167,state_168,state_169,state_170,state_171,state_172,state_173,state_174,state_175,state_176,state_177,state_178,state_179,state_180,state_181,state_182,state_183,state_184,state_185,state_186,state_187,state_188,state_189,state_190,state_191,state_192,state_193,state_194,state_195,state_196,state_197,state_198,state_199,state_200,state_201,state_202,state_203,state_204,state_205,state_206,state_207,state_208,state_209,state_210,state_211,state_212,state_213,state_214,state_215,state_216,state_217,state_218,state_219,state_220,state_221,state_222,state_223,state_224,state_225,state_226,state_227,state_228,state_229,state_230,state_231,state_232,state_233,state_234,state_235,state_236,state_237,state_238,state_239,state_240,state_241,state_242,state_243,state_244,state_245,state_246,state_247,state_248,state_249,state_250,state_251,state_252,state_253,state_254,state_255,state_256,state_257,state_258,state_259,state_260,state_261,state_262,state_263,state_264,state_265,state_266,state_267,state_268,state_269,state_270,state_271,state_272,state_273,state_274,state_275,state_276,state_277,state_278,state_279,state_280,state_281,state_282,state_283,state_284,state_285,state_286,state_287
{'img': array([[[ 0.        ,  0.11615881,  0.3083107 , ...,  0.96968339,
          0.99211166,  0.99455229],
        [-0.11615881,  0.        ,  0.19572343, ...,  0.93473414,
          0.99995707,  0.99992808],
        [-0.3083107 , -0.19572343,  0.        , ...,  0.84710568,
          0.98243065,  0.97824135],
        ...,
        [-0.96968339, -0.93473414, -0.84710568, ...,  0.        ,
          0.36399403,  0.34411224],
        [-0.99211166, -0.99995707, -0.98243065, ..., -0.36399403,
          0.        , -0.0212578 ],
        [-0.99455229, -0.99992808, -0.97824135, ..., -0.34411224,
          0.0212578 ,  0.        ]],

       [[ 0.        ,  0.3190908 ,  0.42797874, ...,  0.75766556,
          0.99924726,  0.67593215],
        [-0.3190908 ,  0.        ,  0.11721509, ...,  0.50980556,
          0.95938931,  0.40543883],
        [-0.42797874, -0.11721509,  0.        , ...,  0.40545231,
          0.91971115,  0.29549504],
        ...,
        [-0.75766556, -0.50980556, -0.40545231, ...,  0.        ,
          0.68154401, -0.11722974],
        [-0.99924726, -0.95938931, -0.91971115, ..., -0.68154401,
          0.        , -0.76263069],
        [-0.67593215, -0.40543883, -0.29549504, ...,  0.11722974,
          0.76263069,  0.        ]],

       [[ 0.        ,  0.12487751, -0.06827883, ...,  0.97554843,
          0.95517786,  0.93173698],
        [-0.12487751,  0.        , -0.19233043, ...,  0.99535815,
          0.98466869,  0.96979075],
        [ 0.06827883,  0.19233043,  0.        , ...,  0.95826513,
          0.93273599,  0.90476821],
        ...,
        [-0.97554843, -0.99535815, -0.95826513, ...,  0.        ,
          0.07886069,  0.14947323],
        [-0.95517786, -0.98466869, -0.93273599, ..., -0.07886069,
          0.        ,  0.07103297],
        [-0.93173698, -0.96979075, -0.90476821, ..., -0.14947323,
         -0.07103297,  0.        ]],

       ...,

       [[ 0.        ,  0.04460361,  0.01505733, ..., -0.18941753,
         -0.29642258, -0.56135645],
        [-0.04460361,  0.        , -0.02955621, ..., -0.23302515,
         -0.33872656, -0.59771056],
        [-0.01505733,  0.02955621,  0.        , ..., -0.2041808 ,
         -0.31076958, -0.57375386],
        ...,
        [ 0.18941753,  0.23302515,  0.2041808 , ...,  0.        ,
         -0.11015182, -0.39443696],
        [ 0.29642258,  0.33872656,  0.31076958, ...,  0.11015182,
          0.        , -0.29081568],
        [ 0.56135645,  0.59771056,  0.57375386, ...,  0.39443696,
          0.29081568,  0.        ]],

       [[ 0.        ,  0.22050496,  0.33759796, ...,  0.28336015,
          0.17906452,  0.14566642],
        [-0.22050496,  0.        ,  0.12172907, ...,  0.48785273,
          0.39159801,  0.36023397],
        [-0.33759796, -0.12172907,  0.        , ...,  0.59048521,
          0.50069319,  0.47111146],
        ...,
        [-0.28336015, -0.48785273, -0.59048521, ...,  0.        ,
          0.10705498,  0.14064168],
        [-0.17906452, -0.39159801, -0.50069319, ..., -0.10705498,
          0.        ,  0.03384251],
        [-0.14566642, -0.36023397, -0.47111146, ..., -0.14064168,
         -0.03384251,  0.        ]],

       [[ 0.        ,  0.18312552,  0.40306296, ...,  0.98202818,
          0.93201409,  0.82372908],
        [-0.18312552,  0.        ,  0.22865558, ...,  0.99998371,
          0.98262203,  0.91362861],
        [-0.40306296, -0.22865558,  0.        , ...,  0.97479677,
          0.99903233,  0.98238409],
        ...,
        [-0.98202818, -0.99998371, -0.97479677, ...,  0.        ,
          0.18000558,  0.40132789],
        [-0.93201409, -0.98262203, -0.99903233, ..., -0.18000558,
          0.        ,  0.22989912],
        [-0.82372908, -0.91362861, -0.98238409, ..., -0.40132789,
         -0.22989912,  0.        ]]]), 'num': array([7.12771879e-01, 7.00790721e-01, 2.20241880e-07, 3.99371942e-03,
       4.03042640e-03, 3.89093988e-03, 2.69772810e-02, 5.87311680e-05,
       3.88947160e-03, 3.85092927e-03, 3.68250541e-03, 3.79065545e-06,
       4.25427802e-03, 3.44758052e-03])}
{'img': array([[[ 0.        ,  0.19572343,  0.24670389, ...,  0.99995707,
          0.99992808,  0.98601132],
        [-0.19572343,  0.        ,  0.05225863, ...,  0.98243065,
          0.97824135,  0.99956387],
        [-0.24670389, -0.05225863,  0.        , ...,  0.97133532,
          0.96606256,  0.99665481],
        ...,
        [-0.99995707, -0.98243065, -0.97133532, ...,  0.        ,
         -0.0212578 ,  0.1575346 ],
        [-0.99992808, -0.97824135, -0.96606256, ...,  0.0212578 ,
          0.        ,  0.17849136],
        [-0.98601132, -0.99956387, -0.99665481, ..., -0.1575346 ,
         -0.17849136,  0.        ]],

       [[ 0.        ,  0.19503571,  0.26331818, ...,  0.9933106 ,
          0.52259095,  0.44171436],
        [-0.19503571,  0.        ,  0.07010875, ...,  0.95171381,
          0.34627095,  0.25825433],
        [-0.26331818, -0.07010875,  0.        , ...,  0.92784952,
          0.27964746,  0.18988842],
        ...,
        [-0.9933106 , -0.95171381, -0.92784952, ...,  0.        ,
         -0.78653503, -0.84014814],
        [-0.52259095, -0.34627095, -0.27964746, ...,  0.78653503,
          0.        , -0.09224707],
        [-0.44171436, -0.25825433, -0.18988842, ...,  0.84014814,
          0.09224707,  0.        ]],

       [[ 0.        , -0.19233043,  0.10517456, ...,  0.98466869,
          0.96979075,  0.8986759 ],
        [ 0.19233043,  0.        ,  0.2944747 , ...,  0.93273599,
          0.90476821,  0.79753914],
        [-0.10517456, -0.2944747 ,  0.        , ...,  0.99755362,
          0.99006818,  0.9398226 ],
        ...,
        [-0.98466869, -0.93273599, -0.99755362, ...,  0.        ,
          0.07103297,  0.27512825],
        [-0.96979075, -0.90476821, -0.99006818, ..., -0.07103297,
          0.        ,  0.20614163],
        [-0.8986759 , -0.79753914, -0.9398226 , ..., -0.27512825,
         -0.20614163,  0.        ]],

       ...,

       [[ 0.        , -0.02955621, -0.10669204, ..., -0.33872656,
         -0.59771056, -0.4499584 ],
        [ 0.02955621,  0.        , -0.07725792, ..., -0.31076958,
         -0.57375386, -0.42336666],
        [ 0.10669204,  0.07725792,  0.        , ..., -0.23640822,
         -0.50876261, -0.35210881],
        ...,
        [ 0.33872656,  0.31076958,  0.23640822, ...,  0.        ,
         -0.29081568, -0.12085945],
        [ 0.59771056,  0.57375386,  0.50876261, ...,  0.29081568,
          0.        ,  0.1730481 ],
        [ 0.4499584 ,  0.42336666,  0.35210881, ...,  0.12085945,
         -0.1730481 ,  0.        ]],

       [[ 0.        ,  0.13658802,  0.18839062, ...,  0.35654504,
          0.32465972,  0.53059091],
        [-0.13658802,  0.        ,  0.05248272, ...,  0.48081468,
          0.45080616,  0.64139401],
        [-0.18839062, -0.05248272,  0.        , ...,  0.52617005,
          0.49703209,  0.68077541],
        ...,
        [-0.35654504, -0.48081468, -0.52617005, ...,  0.        ,
          0.03390883, -0.19350191],
        [-0.32465972, -0.45080616, -0.49703209, ..., -0.03390883,
          0.        , -0.22665858],
        [-0.53059091, -0.64139401, -0.68077541, ...,  0.19350191,
          0.22665858,  0.        ]],

       [[ 0.        ,  0.36373221,  0.59317214, ...,  0.93411004,
          0.8262585 ,  0.27565365],
        [-0.36373221,  0.        ,  0.25971001, ...,  0.99997384,
          0.97454986,  0.6064125 ],
        [-0.59317214, -0.25971001,  0.        , ...,  0.96378293,
          0.99932921,  0.79211293],
        ...,
        [-0.93411004, -0.99997384, -0.96378293, ...,  0.        ,
          0.23121383,  0.79951556],
        [-0.8262585 , -0.97454986, -0.99932921, ..., -0.23121383,
          0.        ,  0.63897354],
        [-0.27565365, -0.6064125 , -0.79211293, ..., -0.79951556,
         -0.63897354,  0.        ]]]), 'num': array([7.07090042e-01, 7.07090042e-01, 0.00000000e+00, 4.76256036e-04,
       4.82262869e-04, 4.69391084e-04, 6.75595359e-03, 9.43930882e-06,
       4.61668013e-04, 4.54073660e-04, 4.31784019e-04, 4.04541806e-07,
       4.95776035e-04, 4.12371285e-04])}
{'img': array([[[ 0.        ,  0.05225863,  0.06488853, ...,  0.97824135,
          0.99956387,  0.96062353],
        [-0.05225863,  0.        ,  0.01265137, ...,  0.96606256,
          0.99665481,  0.97383115],
        [-0.06488853, -0.01265137,  0.        , ...,  0.96271729,
          0.99554109,  0.97662852],
        ...,
        [-0.97824135, -0.96606256, -0.96271729, ...,  0.        ,
          0.17849136,  0.47110826],
        [-0.99956387, -0.99665481, -0.99554109, ..., -0.17849136,
          0.        ,  0.30610012],
        [-0.96062353, -0.97383115, -0.97662852, ..., -0.47110826,
         -0.30610012,  0.        ]],

       [[ 0.        ,  0.07010875,  0.06596908, ...,  0.34627095,
          0.25825433,  0.75503033],
        [-0.07010875,  0.        , -0.00414927, ...,  0.27964746,
          0.18988842,  0.70720287],
        [-0.06596908,  0.00414927,  0.        , ...,  0.28362878,
          0.19396056,  0.71013036],
        ...,
        [-0.34627095, -0.27964746, -0.28362878, ...,  0.        ,
         -0.09224707,  0.48127369],
        [-0.25825433, -0.18988842, -0.19396056, ...,  0.09224707,
          0.        ,  0.56008266],
        [-0.75503033, -0.70720287, -0.71013036, ..., -0.48127369,
         -0.56008266,  0.        ]],

       [[ 0.        ,  0.2944747 ,  0.42686071, ...,  0.90476821,
          0.79753914,  0.60709084],
        [-0.2944747 ,  0.        ,  0.14163481, ...,  0.99006818,
          0.9398226 ,  0.81417114],
        [-0.42686071, -0.14163481,  0.        , ...,  0.99999944,
          0.97873958,  0.88820017],
        ...,
        [-0.90476821, -0.99006818, -0.99999944, ...,  0.        ,
          0.20614163,  0.46039556],
        [-0.79753914, -0.9398226 , -0.97873958, ..., -0.20614163,
          0.        ,  0.26751247],
        [-0.60709084, -0.81417114, -0.88820017, ..., -0.46039556,
         -0.26751247,  0.        ]],

       ...,

       [[ 0.        , -0.07725792,  0.05210799, ..., -0.57375386,
         -0.42336666, -0.56991303],
        [ 0.07725792,  0.        ,  0.1291052 , ..., -0.50876261,
         -0.35210881, -0.50472642],
        [-0.05210799, -0.1291052 ,  0.        , ..., -0.61565228,
         -0.46999916, -0.61195617],
        ...,
        [ 0.57375386,  0.50876261,  0.61565228, ...,  0.        ,
          0.1730481 ,  0.00468183],
        [ 0.42336666,  0.35210881,  0.46999916, ..., -0.1730481 ,
          0.        , -0.168435  ],
        [ 0.56991303,  0.50472642,  0.61195617, ..., -0.00468183,
          0.168435  ,  0.        ]],

       [[ 0.        ,  0.05248272, -0.23123163, ...,  0.45080616,
          0.64139401,  0.70706307],
        [-0.05248272,  0.        , -0.28197333, ...,  0.49703209,
          0.68077541,  0.7432018 ],
        [ 0.23123163,  0.28197333,  0.        , ...,  0.23218632,
          0.44660781,  0.5243852 ],
        ...,
        [-0.45080616, -0.49703209, -0.23218632, ...,  0.        ,
         -0.22665858, -0.31235217],
        [-0.64139401, -0.68077541, -0.44660781, ...,  0.22665858,
          0.        , -0.08890495],
        [-0.70706307, -0.7432018 , -0.5243852 , ...,  0.31235217,
          0.08890495,  0.        ]],

       [[ 0.        ,  0.45982415,  0.79413116, ...,  0.94602585,
          0.73634165,  0.        ],
        [-0.45982415,  0.        ,  0.42573992, ...,  0.98910536,
          0.96500032,  0.45982415],
        [-0.79413116, -0.42573992,  0.        , ...,  0.83231472,
          0.98482601,  0.79413116],
        ...,
        [-0.94602585, -0.98910536, -0.83231472, ...,  0.        ,
          0.40144864,  0.94602585],
        [-0.73634165, -0.96500032, -0.98482601, ..., -0.40144864,
          0.        ,  0.73634165],
        [-0.        , -0.45982415, -0.79413116, ..., -0.94602585,
         -0.73634165,  0.        ]]]), 'num': array([7.07102742e-01, 7.07102742e-01, 0.00000000e+00, 4.76264590e-04,
       4.83987799e-04, 4.72832052e-04, 3.11445291e-03, 0.00000000e+00,
       4.68026500e-04, 4.58329581e-04, 4.33043221e-04, 4.42475548e-07,
       4.89591595e-04, 4.27067567e-04])}
{'img': array([[[ 0.        ,  0.01265137,  0.28911531, ...,  0.99665481,
          0.97383115,  0.97383115],
        [-0.01265137,  0.        ,  0.27698109, ...,  0.99554109,
          0.97662852,  0.97662852],
        [-0.28911531, -0.27698109,  0.        , ...,  0.93046361,
          0.99795101,  0.99795101],
        ...,
        [-0.99665481, -0.99554109, -0.93046361, ...,  0.        ,
          0.30610012,  0.30610012],
        [-0.97383115, -0.97662852, -0.99795101, ..., -0.30610012,
          0.        ,  0.        ],
        [-0.97383115, -0.97662852, -0.99795101, ..., -0.30610012,
          0.        ,  0.        ]],

       [[ 0.        , -0.00414927,  0.48297263, ...,  0.18988842,
          0.70720287,  0.1811694 ],
        [ 0.00414927,  0.        ,  0.48660172, ...,  0.19396056,
          0.71013036,  0.18524845],
        [-0.48297263, -0.48660172,  0.        , ..., -0.30791224,
          0.2777851 , -0.316342  ],
        ...,
        [-0.18988842, -0.19396056,  0.30791224, ...,  0.        ,
          0.56008266, -0.00887298],
        [-0.70720287, -0.71013036, -0.2777851 , ..., -0.56008266,
          0.        , -0.56741131],
        [-0.1811694 , -0.18524845,  0.316342  , ...,  0.00887298,
          0.56741131,  0.        ]],

       [[ 0.        ,  0.31977345,  0.55694567, ...,  0.80426407,
          0.61313759,  0.25633836],
        [-0.31977345,  0.        ,  0.26211521, ...,  0.95206784,
          0.8335576 ,  0.55196796],
        [-0.55694567, -0.26211521,  0.        , ...,  0.99895792,
          0.94921456,  0.75123806],
        ...,
        [-0.80426407, -0.95206784, -0.99895792, ...,  0.        ,
          0.27097887,  0.62505656],
        [-0.61313759, -0.8335576 , -0.94921456, ..., -0.27097887,
          0.        ,  0.39014971],
        [-0.25633836, -0.55196796, -0.75123806, ..., -0.62505656,
         -0.39014971,  0.        ]],

       ...,

       [[ 0.        ,  0.1291052 , -0.17567167, ..., -0.35210881,
         -0.50472642, -0.35461663],
        [-0.1291052 ,  0.        , -0.30129892, ..., -0.46999916,
         -0.61195617, -0.4723637 ],
        [ 0.17567167,  0.30129892,  0.        , ..., -0.18221161,
         -0.34522359, -0.18484684],
        ...,
        [ 0.35210881,  0.46999916,  0.18221161, ...,  0.        ,
         -0.168435  , -0.00268077],
        [ 0.50472642,  0.61195617,  0.34522359, ...,  0.168435  ,
          0.        ,  0.16579193],
        [ 0.35461663,  0.4723637 ,  0.18484684, ...,  0.00268077,
         -0.16579193,  0.        ]],

       [[ 0.        , -0.28197333, -0.36506571, ...,  0.68077541,
          0.7432018 ,  0.89354805],
        [ 0.28197333,  0.        , -0.08774014, ...,  0.44660781,
          0.5243852 ,  0.73069299],
        [ 0.36506571,  0.08774014,  0.        , ...,  0.3663817 ,
          0.44765378,  0.66797427],
        ...,
        [-0.68077541, -0.44660781, -0.3663817 , ...,  0.        ,
         -0.08890495, -0.3488709 ],
        [-0.7432018 , -0.5243852 , -0.44765378, ...,  0.08890495,
          0.        , -0.26417029],
        [-0.89354805, -0.73069299, -0.66797427, ...,  0.3488709 ,
          0.26417029,  0.        ]],

       [[ 0.        ,  0.64302826,  0.79754421, ...,  0.95163689,
          0.81645125,  0.        ],
        [-0.64302826,  0.        ,  0.22287966, ...,  0.92635831,
          0.99656678,  0.64302826],
        [-0.79754421, -0.22287966,  0.        , ...,  0.8191105 ,
          0.95304628,  0.79754421],
        ...,
        [-0.95163689, -0.92635831, -0.8191105 , ...,  0.        ,
          0.29865456,  0.95163689],
        [-0.81645125, -0.99656678, -0.95304628, ..., -0.29865456,
          0.        ,  0.81645125],
        [-0.        , -0.64302826, -0.79754421, ..., -0.95163689,
         -0.81645125,  0.        ]]]), 'num': array([ 7.07084630e-01,  7.07084630e-01,  0.00000000e+00,  4.46218456e-04,
        4.77110503e-04,  4.41927894e-04,  7.80963818e-03, -3.00339345e-05,
        4.65096929e-04,  4.59647915e-04,  4.33754373e-04,  3.90589099e-07,
        4.86103814e-04,  4.33192015e-04])}
{'img': array([[[ 0.        ,  0.27698109,  0.22663125, ...,  0.97662852,
          0.97662852,  0.83199653],
        [-0.27698109,  0.        , -0.05200983, ...,  0.99795101,
          0.99795101,  0.64578117],
        [-0.22663125,  0.05200983,  0.        , ...,  0.99992808,
          0.99992808,  0.68461784],
        ...,
        [-0.97662852, -0.99795101, -0.99992808, ...,  0.        ,
          0.        , -0.72063933],
        [-0.97662852, -0.99795101, -0.99992808, ...,  0.        ,
          0.        , -0.72063933],
        [-0.83199653, -0.64578117, -0.68461784, ...,  0.72063933,
          0.72063933,  0.        ]],

       [[ 0.        ,  0.48660172,  0.17830204, ...,  0.71013036,
          0.18524845,  0.80138944],
        [-0.48660172,  0.        , -0.32303539, ...,  0.2777851 ,
         -0.316342  ,  0.40905561],
        [-0.17830204,  0.32303539,  0.        , ...,  0.57321394,
          0.00706405,  0.68189772],
        ...,
        [-0.71013036, -0.2777851 , -0.57321394, ...,  0.        ,
         -0.56741131,  0.13947498],
        [-0.18524845,  0.316342  , -0.00706405, ...,  0.56741131,
          0.        ,  0.67671372],
        [-0.80138944, -0.40905561, -0.68189772, ..., -0.13947498,
         -0.67671372,  0.        ]],

       [[ 0.        ,  0.26885393,  0.40880082, ...,  0.82569681,
          0.53974548,  0.71353686],
        [-0.26885393,  0.        ,  0.14838672, ...,  0.94695975,
          0.7462014 ,  0.87562894],
        [-0.40880082, -0.14838672,  0.        , ...,  0.98416075,
          0.83672456,  0.93760369],
        ...,
        [-0.82569681, -0.94695975, -0.98416075, ...,  0.        ,
          0.39061684,  0.17598154],
        [-0.53974548, -0.7462014 , -0.83672456, ..., -0.39061684,
          0.        , -0.22252026],
        [-0.71353686, -0.87562894, -0.93760369, ..., -0.17598154,
          0.22252026,  0.        ]],

       ...,

       [[ 0.        , -0.30129892, -0.27408022, ..., -0.61195617,
         -0.4723637 , -0.65995746],
        [ 0.30129892,  0.        ,  0.02841759, ..., -0.34522359,
         -0.18484684, -0.40292229],
        [ 0.27408022, -0.02841759,  0.        , ..., -0.37175466,
         -0.21270007, -0.42876832],
        ...,
        [ 0.61195617,  0.34522359,  0.37175466, ...,  0.        ,
          0.16579193, -0.06219038],
        [ 0.4723637 ,  0.18484684,  0.21270007, ..., -0.16579193,
          0.        , -0.22680072],
        [ 0.65995746,  0.40292229,  0.42876832, ...,  0.06219038,
          0.22680072,  0.        ]],

       [[ 0.        , -0.08774014,  0.08243676, ...,  0.5243852 ,
          0.73069299,  0.80627611],
        [ 0.08774014,  0.        ,  0.16956033, ...,  0.44765378,
          0.66797427,  0.75126487],
        [-0.08243676, -0.16956033,  0.        , ...,  0.5927937 ,
          0.78448602,  0.85229637],
        ...,
        [-0.5243852 , -0.44765378, -0.5927937 , ...,  0.        ,
         -0.26417029, -0.37633441],
        [-0.73069299, -0.66797427, -0.78448602, ...,  0.26417029,
          0.        , -0.11821601],
        [-0.80627611, -0.75126487, -0.85229637, ...,  0.37633441,
          0.11821601,  0.        ]],

       [[ 0.        ,  0.27669833,  0.40327427, ...,  0.99939962,
          0.87180128,  0.4468978 ],
        [-0.27669833,  0.        ,  0.13432829, ...,  0.95079316,
          0.97330676,  0.67697968],
        [-0.40327427, -0.13432829,  0.        , ...,  0.90055757,
          0.99531499,  0.76970998],
        ...,
        [-0.99939962, -0.95079316, -0.90055757, ...,  0.        ,
          0.51977078,  0.90953153],
        [-0.87180128, -0.97330676, -0.99531499, ..., -0.51977078,
          0.        ,  0.56098314],
        [-0.4468978 , -0.67697968, -0.76970998, ..., -0.90953153,
         -0.56098314,  0.        ]]]), 'num': array([7.29154855e-01, 6.84336007e-01, 8.39304273e-07, 4.71777349e-04,
       4.73544306e-04, 4.52340829e-04, 3.95868020e-03, 1.23686946e-05,
       4.78491784e-04, 4.73853523e-04, 4.47518511e-04, 4.27303173e-07,
       5.00359488e-04, 4.47347558e-04])}
{'img': array([[[ 0.        , -0.05200983,  0.25915183, ...,  0.99795101,
          0.64578117,  0.82740889],
        [ 0.05200983,  0.        ,  0.30903409, ...,  0.99992808,
          0.68461784,  0.85549778],
        [-0.25915183, -0.30903409,  0.        , ...,  0.9472764 ,
          0.42585082,  0.65360213],
        ...,
        [-0.99795101, -0.99992808, -0.9472764 , ...,  0.        ,
         -0.72063933, -0.50750947],
        [-0.64578117, -0.68461784, -0.42585082, ...,  0.72063933,
          0.        ,  0.26907466],
        [-0.82740889, -0.85549778, -0.65360213, ...,  0.50750947,
         -0.26907466,  0.        ]],

       [[ 0.        , -0.32303539,  0.02055926, ..., -0.316342  ,
          0.40905561, -0.17005095],
        [ 0.32303539,  0.        ,  0.34242413, ...,  0.00706405,
          0.68189772,  0.15739648],
        [-0.02055926, -0.34242413,  0.        , ..., -0.33577858,
          0.39020863, -0.19027483],
        ...,
        [ 0.316342  , -0.00706405,  0.33577858, ...,  0.        ,
          0.67671372,  0.15041654],
        [-0.40905561, -0.68189772, -0.39020863, ..., -0.67671372,
          0.        , -0.55827093],
        [ 0.17005095, -0.15739648,  0.19027483, ..., -0.15041654,
          0.55827093,  0.        ]],

       [[ 0.        ,  0.14838672,  0.32867203, ...,  0.7462014 ,
          0.87562894,  0.88519718],
        [-0.14838672,  0.        ,  0.18489047, ...,  0.83672456,
          0.93760369,  0.94442941],
        [-0.32867203, -0.18489047,  0.        , ...,  0.92354916,
          0.98572608,  0.98892277],
        ...,
        [-0.7462014 , -0.83672456, -0.92354916, ...,  0.        ,
         -0.22252026, -0.24214885],
        [-0.87562894, -0.93760369, -0.98572608, ...,  0.22252026,
          0.        , -0.02017984],
        [-0.88519718, -0.94442941, -0.98892277, ...,  0.24214885,
          0.02017984,  0.        ]],

       ...,

       [[ 0.        ,  0.02841759,  0.23987864, ..., -0.18484684,
         -0.40292229, -0.30134461],
        [-0.02841759,  0.        ,  0.21219389, ..., -0.21270007,
         -0.42876832, -0.32831952],
        [-0.23987864, -0.21219389,  0.        , ..., -0.41519474,
         -0.61070326, -0.52127417],
        ...,
        [ 0.18484684,  0.21270007,  0.41519474, ...,  0.        ,
         -0.22680072, -0.11989735],
        [ 0.40292229,  0.42876832,  0.61070326, ...,  0.22680072,
          0.        ,  0.10839168],
        [ 0.30134461,  0.32831952,  0.52127417, ...,  0.11989735,
         -0.10839168,  0.        ]],

       [[ 0.        ,  0.16956033,  0.40759844, ...,  0.66797427,
          0.75126487,  0.75360326],
        [-0.16956033,  0.        ,  0.24686042, ...,  0.78448602,
          0.85229637,  0.85414795],
        [-0.40759844, -0.24686042,  0.        , ...,  0.91329662,
          0.9550413 ,  0.95608781],
        ...,
        [-0.66797427, -0.78448602, -0.91329662, ...,  0.        ,
         -0.11821601, -0.12174055],
        [-0.75126487, -0.85229637, -0.9550413 , ...,  0.11821601,
          0.        , -0.00355018],
        [-0.75360326, -0.85414795, -0.95608781, ...,  0.12174055,
          0.00355018,  0.        ]],

       [[ 0.        ,  0.13289568,  0.21731134, ...,  0.98346643,
          0.84483185,  0.67175604],
        [-0.13289568,  0.        ,  0.08566401, ...,  0.99880926,
          0.90844165,  0.76424305],
        [-0.21731134, -0.08566401,  0.        , ...,  0.99931691,
          0.94091085,  0.8166809 ],
        ...,
        [-0.98346643, -0.99880926, -0.99931691, ...,  0.        ,
          0.37319489,  0.6068762 ],
        [-0.84483185, -0.90844165, -0.94091085, ..., -0.37319489,
          0.        ,  0.26641725],
        [-0.67175604, -0.76424305, -0.8166809 , ..., -0.6068762 ,
         -0.26641725,  0.        ]]]), 'num': array([ 7.24312942e-01,  6.89457119e-01,  6.67736069e-07,  4.58629247e-04,
        4.78837049e-04,  4.56872047e-04,  4.23182127e-03, -1.05432011e-05,
        4.71983969e-04,  4.70226769e-04,  4.45625966e-04,  3.66083371e-07,
        4.96891087e-04,  4.43562450e-04])}
{'img': array([[[ 0.        ,  0.30903409,  0.44514548, ...,  0.68461784,
          0.85549778,  0.71141239],
        [-0.30903409,  0.        ,  0.14662891, ...,  0.42585082,
          0.65360213,  0.45940807],
        [-0.44514548, -0.14662891,  0.        , ...,  0.28857918,
          0.53556334,  0.32420308],
        ...,
        [-0.68461784, -0.42585082, -0.28857918, ...,  0.        ,
          0.26907466,  0.03741789],
        [-0.85549778, -0.65360213, -0.53556334, ..., -0.26907466,
          0.        , -0.23284833],
        [-0.71141239, -0.45940807, -0.32420308, ..., -0.03741789,
          0.23284833,  0.        ]],

       [[ 0.        ,  0.34242413,  0.40834047, ...,  0.68189772,
          0.15739648,  0.20929872],
        [-0.34242413,  0.        ,  0.07107953, ...,  0.39020863,
         -0.19027483, -0.13819436],
        [-0.40834047, -0.07107953,  0.        , ...,  0.32377686,
         -0.25957453, -0.20824235],
        ...,
        [-0.68189772, -0.39020863, -0.32377686, ...,  0.        ,
         -0.55827093, -0.51370384],
        [-0.15739648,  0.19027483,  0.25957453, ...,  0.55827093,
          0.        ,  0.0527795 ],
        [-0.20929872,  0.13819436,  0.20824235, ...,  0.51370384,
         -0.0527795 ,  0.        ]],

       [[ 0.        ,  0.18489047,  0.37146619, ...,  0.93760369,
          0.94442941,  0.98912165],
        [-0.18489047,  0.        ,  0.19340089, ...,  0.98572608,
          0.98892277,  0.99926569],
        [-0.37146619, -0.19340089,  0.        , ...,  0.99967579,
          0.99895841,  0.97298913],
        ...,
        [-0.93760369, -0.98572608, -0.99967579, ...,  0.        ,
         -0.02017984, -0.20600201],
        [-0.94442941, -0.98892277, -0.99895841, ...,  0.02017984,
          0.        , -0.18621304],
        [-0.98912165, -0.99926569, -0.97298913, ...,  0.20600201,
          0.18621304,  0.        ]],

       ...,

       [[ 0.        ,  0.21219389,  0.70315776, ..., -0.42876832,
         -0.32831952, -0.56036626],
        [-0.21219389,  0.        ,  0.53626812, ..., -0.61070326,
         -0.52127417, -0.72335388],
        [-0.70315776, -0.53626812,  0.        , ..., -0.9401117 ,
         -0.89762572, -0.98082624],
        ...,
        [ 0.42876832,  0.61070326,  0.9401117 , ...,  0.        ,
          0.10839168, -0.15111781],
        [ 0.32831952,  0.52127417,  0.89762572, ..., -0.10839168,
          0.        , -0.25737435],
        [ 0.56036626,  0.72335388,  0.98082624, ...,  0.15111781,
          0.25737435,  0.        ]],

       [[ 0.        ,  0.37478004,  0.5929038 , ...,  0.753436  ,
          0.75577579,  0.77002563],
        [-0.37478004,  0.        ,  0.24788891, ...,  0.94494672,
          0.94610753,  0.95301588],
        [-0.5929038 , -0.24788891,  0.        , ...,  0.99656874,
          0.99685754,  0.99836138],
        ...,
        [-0.753436  , -0.94494672, -0.99656874, ...,  0.        ,
         -0.00356578, -0.02560628],
        [-0.75577579, -0.94610753, -0.99685754, ...,  0.00356578,
          0.        , -0.02204151],
        [-0.77002563, -0.95301588, -0.99836138, ...,  0.02560628,
          0.02204151,  0.        ]],

       [[ 0.        ,  0.08566401,  0.09946312, ...,  0.90844165,
          0.76424305,  0.90725585],
        [-0.08566401,  0.        ,  0.01385828, ...,  0.94091085,
          0.8166809 ,  0.93994935],
        [-0.09946312, -0.01385828,  0.        , ...,  0.94551366,
          0.82459994,  0.94458911],
        ...,
        [-0.90844165, -0.94091085, -0.94551366, ...,  0.        ,
          0.26641725,  0.00282807],
        [-0.76424305, -0.8166809 , -0.82459994, ..., -0.26641725,
          0.        , -0.26369033],
        [-0.90725585, -0.93994935, -0.94458911, ..., -0.00282807,
          0.26369033,  0.        ]]]), 'num': array([7.24315084e-01, 6.89459158e-01, 6.67738043e-07, 4.58630603e-04,
       4.66538028e-04, 4.53358987e-04, 3.46655327e-03, 0.00000000e+00,
       4.66186587e-04, 4.69481347e-04, 4.46242305e-04, 3.68446289e-07,
       4.96563268e-04, 4.42399425e-04])}
{'img': array([[[ 0.00000000e+00,  1.46628906e-01,  2.35889536e-01, ...,
          6.53602128e-01,  4.59408067e-01,  4.59408067e-01],
        [-1.46628906e-01,  0.00000000e+00,  9.08489210e-02, ...,
          5.35563339e-01,  3.24203079e-01,  3.24203079e-01],
        [-2.35889536e-01, -9.08489210e-02,  0.00000000e+00, ...,
          4.56627152e-01,  2.36920454e-01,  2.36920454e-01],
        ...,
        [-6.53602128e-01, -5.35563339e-01, -4.56627152e-01, ...,
          0.00000000e+00, -2.32848328e-01, -2.32848328e-01],
        [-4.59408067e-01, -3.24203079e-01, -2.36920454e-01, ...,
          2.32848328e-01,  0.00000000e+00,  0.00000000e+00],
        [-4.59408067e-01, -3.24203079e-01, -2.36920454e-01, ...,
          2.32848328e-01,  0.00000000e+00,  0.00000000e+00]],

       [[ 0.00000000e+00,  7.10795307e-02,  1.17844536e-01, ...,
         -1.90274831e-01, -1.38194359e-01, -2.79059154e-01],
        [-7.10795307e-02,  0.00000000e+00,  4.69622132e-02, ...,
         -2.59574528e-01, -2.08242349e-01, -3.46609135e-01],
        [-1.17844536e-01, -4.69622132e-02,  0.00000000e+00, ...,
         -3.04640624e-01, -2.53945261e-01, -3.90277719e-01],
        ...,
        [ 1.90274831e-01,  2.59574528e-01,  3.04640624e-01, ...,
          0.00000000e+00,  5.27795004e-02, -9.12450279e-02],
        [ 1.38194359e-01,  2.08242349e-01,  2.53945261e-01, ...,
         -5.27795004e-02,  0.00000000e+00, -1.43677179e-01],
        [ 2.79059154e-01,  3.46609135e-01,  3.90277719e-01, ...,
          9.12450279e-02,  1.43677179e-01,  0.00000000e+00]],

       [[ 0.00000000e+00,  1.93400886e-01,  3.84109360e-01, ...,
          9.88922768e-01,  9.99265693e-01,  9.66762404e-01],
        [-1.93400886e-01,  0.00000000e+00,  1.98292664e-01, ...,
          9.98958411e-01,  9.72989128e-01,  8.99061699e-01],
        [-3.84109360e-01, -1.98292664e-01,  0.00000000e+00, ...,
          9.70073865e-01,  9.07892295e-01,  7.94392021e-01],
        ...,
        [-9.88922768e-01, -9.98958411e-01, -9.70073865e-01, ...,
          0.00000000e+00, -1.86213040e-01, -3.96341776e-01],
        [-9.99265693e-01, -9.72989128e-01, -9.07892295e-01, ...,
          1.86213040e-01,  0.00000000e+00, -2.18446759e-01],
        [-9.66762404e-01, -8.99061699e-01, -7.94392021e-01, ...,
          3.96341776e-01,  2.18446759e-01,  0.00000000e+00]],

       ...,

       [[ 0.00000000e+00,  5.36268118e-01,  8.39706904e-01, ...,
         -5.21274174e-01, -7.23353877e-01, -7.15819353e-01],
        [-5.36268118e-01,  0.00000000e+00,  4.17537698e-01, ...,
         -8.97625718e-01, -9.80826236e-01, -9.78653929e-01],
        [-8.39706904e-01, -4.17537698e-01,  0.00000000e+00, ...,
         -9.99669523e-01, -9.72608723e-01, -9.75073622e-01],
        ...,
        [ 5.21274174e-01,  8.97625718e-01,  9.99669523e-01, ...,
          0.00000000e+00, -2.57374347e-01, -2.46874348e-01],
        [ 7.23353877e-01,  9.80826236e-01,  9.72608723e-01, ...,
          2.57374347e-01,  0.00000000e+00,  1.08503784e-02],
        [ 7.15819353e-01,  9.78653929e-01,  9.75073622e-01, ...,
          2.46874348e-01, -1.08503784e-02,  0.00000000e+00]],

       [[ 0.00000000e+00,  4.86731982e-01,  6.82102083e-01, ...,
          7.66892424e-01,  7.81167036e-01,  7.87607027e-01],
        [-4.86731982e-01,  0.00000000e+00,  2.39925050e-01, ...,
          9.82292663e-01,  9.86267051e-01,  9.87928667e-01],
        [-6.82102083e-01, -2.39925050e-01,  0.00000000e+00, ...,
          9.98551947e-01,  9.97085228e-01,  9.96239334e-01],
        ...,
        [-7.66892424e-01, -9.82292663e-01, -9.98551947e-01, ...,
          0.00000000e+00, -2.25461224e-02, -3.29248848e-02],
        [-7.81167036e-01, -9.86267051e-01, -9.97085228e-01, ...,
          2.25461224e-02,  0.00000000e+00, -1.03826169e-02],
        [-7.87607027e-01, -9.87928667e-01, -9.96239334e-01, ...,
          3.29248848e-02,  1.03826169e-02,  0.00000000e+00]],

       [[ 0.00000000e+00,  1.38582777e-02,  9.48725264e-04, ...,
          8.16680898e-01,  9.39949351e-01,  9.69458762e-01],
        [-1.38582777e-02,  0.00000000e+00, -1.29096373e-02, ...,
          8.24599938e-01,  9.44589111e-01,  9.72764467e-01],
        [-9.48725264e-04,  1.29096373e-02,  0.00000000e+00, ...,
          8.17228029e-01,  9.40272741e-01,  9.69691004e-01],
        ...,
        [-8.16680898e-01, -8.24599938e-01, -8.17228029e-01, ...,
          0.00000000e+00, -2.63690328e-01, -3.59169925e-01],
        [-9.39949351e-01, -9.44589111e-01, -9.40272741e-01, ...,
          2.63690328e-01,  0.00000000e+00, -1.00363114e-01],
        [-9.69458762e-01, -9.72764467e-01, -9.69691004e-01, ...,
          3.59169925e-01,  1.00363114e-01,  0.00000000e+00]]]), 'num': array([9.22964461e-01, 3.84875754e-01, 1.02104119e-05, 5.86792484e-04,
       5.90132858e-04, 5.74544443e-04, 2.12503502e-03, 5.56729112e-06,
       5.84565567e-04, 5.92972177e-04, 5.66100718e-04, 5.81657281e-07,
       6.24144831e-04, 5.61799522e-04])}
{'img': array([[[ 0.        ,  0.09084892, -0.18353969, ...,  0.32420308,
          0.32420308,  0.41278959],
        [-0.09084892,  0.        , -0.2720863 , ...,  0.23692045,
          0.23692045,  0.32833498],
        [ 0.18353969,  0.2720863 ,  0.        , ...,  0.49232187,
          0.49232187,  0.57295004],
        ...,
        [-0.32420308, -0.23692045, -0.49232187, ...,  0.        ,
          0.        ,  0.09520107],
        [-0.32420308, -0.23692045, -0.49232187, ...,  0.        ,
          0.        ,  0.09520107],
        [-0.41278959, -0.32833498, -0.57295004, ..., -0.09520107,
         -0.09520107,  0.        ]],

       [[ 0.        ,  0.04592353, -0.0991553 , ..., -0.2024028 ,
         -0.33528098, -0.84947454],
        [-0.04592353,  0.        , -0.1447479 , ..., -0.24716227,
         -0.37819263, -0.87280892],
        [ 0.0991553 ,  0.1447479 ,  0.        , ..., -0.10430234,
         -0.2402127 , -0.79297104],
        ...,
        [ 0.2024028 ,  0.24716227,  0.10430234, ...,  0.        ,
         -0.1376541 , -0.72509871],
        [ 0.33528098,  0.37819263,  0.2402127 , ...,  0.1376541 ,
          0.        , -0.62340124],
        [ 0.84947454,  0.87280892,  0.79297104, ...,  0.72509871,
          0.62340124,  0.        ]],

       [[ 0.        ,  0.19829266,  0.25335151, ...,  0.97298913,
          0.8990617 ,  0.81769083],
        [-0.19829266,  0.        ,  0.05649745, ...,  0.90789229,
          0.79439202,  0.68730515],
        [-0.25335151, -0.05649745,  0.        , ...,  0.88275823,
          0.75880632,  0.64516936],
        ...,
        [-0.97298913, -0.90789229, -0.88275823, ...,  0.        ,
         -0.21844676, -0.37134391],
        [-0.8990617 , -0.79439202, -0.75880632, ...,  0.21844676,
          0.        , -0.15954872],
        [-0.81769083, -0.68730515, -0.64516936, ...,  0.37134391,
          0.15954872,  0.        ]],

       ...,

       [[ 0.        ,  0.4175377 , -0.30100424, ..., -0.98082624,
         -0.97865393, -0.82420856],
        [-0.4175377 ,  0.        , -0.67168386, ..., -0.97260872,
         -0.97507362, -0.98537093],
        [ 0.30100424,  0.67168386,  0.        , ..., -0.87667726,
         -0.87140576, -0.61552948],
        ...,
        [ 0.98082624,  0.97260872,  0.87667726, ...,  0.        ,
          0.01085038,  0.3948032 ],
        [ 0.97865393,  0.97507362,  0.87140576, ..., -0.01085038,
          0.        ,  0.38481101],
        [ 0.82420856,  0.98537093,  0.61552948, ..., -0.3948032 ,
         -0.38481101,  0.        ]],

       [[ 0.        ,  0.52983306,  0.57352162, ...,  0.80077367,
          0.80720356,  0.8756605 ],
        [-0.52983306,  0.        ,  0.05237064, ...,  0.99649026,
          0.99733716,  0.99852018],
        [-0.57352162, -0.05237064,  0.        , ...,  0.99950668,
          0.99978785,  0.99430189],
        ...,
        [-0.80077367, -0.99649026, -0.99950668, ...,  0.        ,
         -0.01081311, -0.13777639],
        [-0.80720356, -0.99733716, -0.99978785, ...,  0.01081311,
          0.        , -0.12705834],
        [-0.8756605 , -0.99852018, -0.99430189, ...,  0.13777639,
          0.12705834,  0.        ]],

       [[ 0.        , -0.01290964,  0.09322909, ...,  0.94458911,
          0.97276447,  0.95265173],
        [ 0.01290964,  0.        ,  0.10607473, ...,  0.94027274,
          0.969691  ,  0.94864699],
        [-0.09322909, -0.10607473,  0.        , ...,  0.97107805,
          0.99013788,  0.9768502 ],
        ...,
        [-0.94458911, -0.94027274, -0.97107805, ...,  0.        ,
         -0.10036311, -0.02549761],
        [-0.97276447, -0.969691  , -0.99013788, ...,  0.10036311,
          0.        ,  0.07496162],
        [-0.95265173, -0.94864699, -0.9768502 , ...,  0.02549761,
         -0.07496162,  0.        ]]]), 'num': array([ 9.97238406e-01,  7.39906782e-02,  1.79970308e-05,  6.32794845e-04,
        6.51297618e-04,  6.27860772e-04,  6.13373101e-03, -1.72692550e-05,
