state_0,state_1,state_2,state_3,state_4,state_5,state_6,state_7,state_8,state_9,state_10,state_11,state_12,state_13,state_14,state_15,state_16,state_17,state_18,state_19,state_20,state_21,state_22,state_23,state_24,state_25,state_26,state_27,state_28,state_29,state_30,state_31,state_32,state_33,state_34,state_35,state_36,state_37,state_38,state_39,state_40,state_41,state_42,state_43,state_44,state_45,state_46,state_47,state_48,state_49,state_50,state_51,state_52,state_53,state_54,state_55,state_56,state_57,state_58,state_59,state_60,state_61,state_62,state_63,state_64,state_65,state_66,state_67,state_68,state_69,state_70,state_71,state_72,state_73,state_74,state_75,state_76,state_77,state_78,state_79,state_80,state_81,state_82,state_83,state_84,state_85,state_86,state_87,state_88,state_89,state_90,state_91,state_92,state_93,state_94,state_95,state_96,state_97,state_98,state_99,state_100,state_101,state_102,state_103,state_104,state_105,state_106,state_107,state_108,state_109,state_110,state_111,state_112,state_113,state_114,state_115,state_116,state_117,state_118,state_119,state_120,state_121,state_122,state_123,state_124,state_125,state_126,state_127,state_128,state_129,state_130,state_131,state_132,state_133,state_134,state_135,state_136,state_137,state_138,state_139,state_140,state_141,state_142,state_143,state_144,state_145,state_146,state_147,state_148,state_149,state_150,state_151,state_152,state_153,state_154,state_155,state_156,state_157,state_158,state_159,state_160,state_161,state_162,state_163,state_164,state_165,state_166,state_167,state_168,state_169,state_170,state_171,state_172,state_173,state_174,state_175,state_176,state_177,state_178,state_179,state_180,state_181,state_182,state_183,state_184,state_185,state_186,state_187,state_188,state_189,state_190,state_191,state_192,state_193,state_194,state_195,state_196,state_197,state_198,state_199,state_200,state_201,state_202,state_203,state_204,state_205,state_206,state_207,state_208,state_209,state_210,state_211,state_212,state_213,state_214,state_215,state_216,state_217,state_218,state_219,state_220,state_221,state_222,state_223,state_224,state_225,state_226,state_227,state_228,state_229,state_230,state_231,state_232,state_233,state_234,state_235,state_236,state_237,state_238,state_239,state_240,state_241,state_242,state_243,state_244,state_245,state_246,state_247,state_248,state_249,state_250,state_251,state_252,state_253,state_254,state_255,state_256,state_257,state_258,state_259,state_260,state_261,state_262,state_263,state_264,state_265,state_266,state_267,state_268,state_269,state_270,state_271,state_272,state_273,state_274,state_275,state_276,state_277,state_278,state_279,state_280,state_281,state_282,state_283,state_284,state_285,state_286,state_287
{'img': array([[[ 0.        ,  0.15899969,  0.42206869, ...,  0.98299874,
          0.99342816,  0.95334413],
        [-0.15899969,  0.        ,  0.27255603, ...,  0.99968795,
          0.9625917 ,  0.89321656],
        [-0.42206869, -0.27255603,  0.        , ...,  0.96864813,
          0.85229717,  0.73685083],
        ...,
        [-0.98299874, -0.99968795, -0.96864813, ...,  0.        ,
         -0.29491711, -0.47179895],
        [-0.99342816, -0.9625917 , -0.85229717, ...,  0.29491711,
          0.        , -0.19078445],
        [-0.95334413, -0.89321656, -0.73685083, ...,  0.47179895,
          0.19078445,  0.        ]],

       [[ 0.        ,  0.08767765,  0.09165855, ...,  0.32483766,
          0.36499738,  0.37079506],
        [-0.08767765,  0.        ,  0.00399699, ...,  0.2406638 ,
          0.2819631 ,  0.28793956],
        [-0.09165855, -0.00399699,  0.        , ...,  0.23678237,
          0.27812603,  0.28410955],
        ...,
        [-0.32483766, -0.2406638 , -0.23678237, ...,  0.        ,
          0.04277686,  0.04900525],
        [-0.36499738, -0.2819631 , -0.27812603, ..., -0.04277686,
          0.        ,  0.00623493],
        [-0.37079506, -0.28793956, -0.28410955, ..., -0.04900525,
         -0.00623493,  0.        ]],

       [[ 0.        , -0.10601073,  0.21331048, ...,  0.68030702,
          0.72553381,  0.8615892 ],
        [ 0.10601073,  0.        ,  0.31567931, ...,  0.59877532,
          0.64849026,  0.80292243],
        [-0.21331048, -0.31567931,  0.        , ...,  0.82099045,
          0.85563266,  0.95003698],
        ...,
        [-0.68030702, -0.59877532, -0.82099045, ...,  0.        ,
         -0.06358538, -0.28615415],
        [-0.72553381, -0.64849026, -0.85563266, ...,  0.06358538,
          0.        , -0.22464862],
        [-0.8615892 , -0.80292243, -0.95003698, ...,  0.28615415,
          0.22464862,  0.        ]],

       ...,

       [[ 0.        ,  0.51835593,  0.75980459, ...,  0.96077107,
          0.83177829,  0.79390602],
        [-0.51835593,  0.        ,  0.31274838, ...,  0.67785556,
          0.42356414,  0.36373923],
        [-0.75980459, -0.31274838,  0.        , ...,  0.41392054,
          0.11900831,  0.05416725],
        ...,
        [-0.96077107, -0.67785556, -0.41392054, ...,  0.        ,
         -0.3026441 , -0.3640037 ],
        [-0.83177829, -0.42356414, -0.11900831, ...,  0.3026441 ,
          0.        , -0.0650513 ],
        [-0.79390602, -0.36373923, -0.05416725, ...,  0.3640037 ,
          0.0650513 ,  0.        ]],

       [[ 0.        , -0.12287975,  0.05664625, ...,  0.12287975,
          0.2274476 ,  0.3207452 ],
        [ 0.12287975,  0.        ,  0.17889941, ...,  0.        ,
          0.10606479,  0.20192699],
        [-0.05664625, -0.17889941,  0.        , ...,  0.17889941,
          0.28224397,  0.37388356],
        ...,
        [-0.12287975, -0.        , -0.17889941, ...,  0.        ,
         -0.10606479, -0.20192699],
        [-0.2274476 , -0.10606479, -0.28224397, ...,  0.10606479,
          0.        , -0.09690805],
        [-0.3207452 , -0.20192699, -0.37388356, ...,  0.20192699,
          0.09690805,  0.        ]],

       [[ 0.        , -0.05154116, -0.03909025, ...,  0.89284997,
          0.76056035,  0.3799182 ],
        [ 0.05154116,  0.        ,  0.01246348, ...,  0.86845148,
          0.72608547,  0.33173663],
        [ 0.03909025, -0.01246348,  0.        , ...,  0.87456309,
          0.73459902,  0.34346856],
        ...,
        [-0.89284997, -0.86845148, -0.87456309, ...,  0.        ,
          0.23717668,  0.65480639],
        [-0.76056035, -0.72608547, -0.73459902, ..., -0.23717668,
          0.        ,  0.45686515],
        [-0.3799182 , -0.33173663, -0.34346856, ..., -0.65480639,
         -0.45686515,  0.        ]]]), 'num': array([ 7.11419024e-01,  7.02767717e-01,  3.60471125e-06,  3.36626732e-05,
        3.46445011e-05,  3.33821509e-05,  7.06411196e-04, -2.80522276e-07,
        3.48969712e-05,  3.49495691e-05,  3.20905796e-05,  5.61044553e-07,
        3.82297836e-05,  3.16693546e-05])}
{'img': array([[[ 0.        ,  0.27255603,  0.29082593, ...,  0.9625917 ,
          0.89321656,  0.86113943],
        [-0.27255603,  0.        ,  0.01904017, ...,  0.85229717,
          0.73685083,  0.68997763],
        [-0.29082593, -0.01904017,  0.        , ...,  0.84218355,
          0.72384504,  0.67607069],
        ...,
        [-0.9625917 , -0.85229717, -0.84218355, ...,  0.        ,
         -0.19078445, -0.25602062],
        [-0.89321656, -0.73685083, -0.72384504, ...,  0.19078445,
          0.        , -0.06689217],
        [-0.86113943, -0.68997763, -0.67607069, ...,  0.25602062,
          0.06689217,  0.        ]],

       [[ 0.        ,  0.00399699,  0.33034349, ...,  0.2819631 ,
          0.28793956,  0.00740331],
        [-0.00399699,  0.        ,  0.32656824, ...,  0.27812603,
          0.28410955,  0.00340637],
        [-0.33034349, -0.32656824,  0.        , ..., -0.05080597,
         -0.04457811, -0.32334674],
        ...,
        [-0.2819631 , -0.27812603,  0.05080597, ...,  0.        ,
          0.00623493, -0.27485245],
        [-0.28793956, -0.28410955,  0.04457811, ..., -0.00623493,
          0.        , -0.2808419 ],
        [-0.00740331, -0.00340637,  0.32334674, ...,  0.27485245,
          0.2808419 ,  0.        ]],

       [[ 0.        ,  0.31567931,  0.46665474, ...,  0.64849026,
          0.80292243,  0.90267203],
        [-0.31567931,  0.        ,  0.16359352, ...,  0.85563266,
          0.95003698,  0.99236077],
        [-0.46665474, -0.16359352,  0.        , ...,  0.92877875,
          0.98830157,  0.99917402],
        ...,
        [-0.64849026, -0.85563266, -0.92877875, ...,  0.        ,
         -0.22464862, -0.40807039],
        [-0.80292243, -0.95003698, -0.98830157, ...,  0.22464862,
          0.        , -0.19254698],
        [-0.90267203, -0.99236077, -0.99917402, ...,  0.40807039,
          0.19254698,  0.        ]],

       ...,

       [[ 0.        ,  0.31274838,  0.31274838, ...,  0.42356414,
          0.36373923, -0.26177673],
        [-0.31274838,  0.        ,  0.        , ...,  0.11900831,
          0.05416725, -0.55048733],
        [-0.31274838,  0.        ,  0.        , ...,  0.11900831,
          0.05416725, -0.55048733],
        ...,
        [-0.42356414, -0.11900831, -0.11900831, ...,  0.        ,
         -0.0650513 , -0.64592847],
        [-0.36373923, -0.05416725, -0.05416725, ...,  0.0650513 ,
          0.        , -0.59490032],
        [ 0.26177673,  0.55048733,  0.55048733, ...,  0.64592847,
          0.59490032,  0.        ]],

       [[ 0.        ,  0.17889941,  0.25199668, ...,  0.10606479,
          0.20192699,  0.25484443],
        [-0.17889941,  0.        ,  0.07480532, ...,  0.28224397,
          0.37388356,  0.42372564],
        [-0.25199668, -0.07480532,  0.        , ...,  0.3532171 ,
          0.44221612,  0.49029638],
        ...,
        [-0.10606479, -0.28224397, -0.3532171 , ...,  0.        ,
         -0.09690805, -0.15084415],
        [-0.20192699, -0.37388356, -0.44221612, ...,  0.09690805,
          0.        , -0.054335  ],
        [-0.25484443, -0.42372564, -0.49029638, ...,  0.15084415,
          0.054335  ,  0.        ]],

       [[ 0.        ,  0.01221759,  0.13810415, ...,  0.81039399,
          0.66224295,  0.32555828],
        [-0.01221759,  0.        ,  0.12599333, ...,  0.81749161,
          0.67134803,  0.33708598],
        [-0.13810415, -0.12599333,  0.        , ...,  0.88354175,
          0.7593771 ,  0.4530192 ],
        ...,
        [-0.81039399, -0.81749161, -0.88354175, ...,  0.        ,
          0.21922103,  0.57550551],
        [-0.66224295, -0.67134803, -0.7593771 , ..., -0.21922103,
          0.        ,  0.38222797],
        [-0.32555828, -0.33708598, -0.4530192 , ..., -0.57550551,
         -0.38222797,  0.        ]]]), 'num': array([7.25610031e-01, 6.88105851e-01, 1.47654252e-05, 2.13699032e-05,
       2.13699032e-05, 2.02761680e-05, 6.45572996e-04, 1.17786868e-06,
       2.08398623e-05, 2.10480926e-05, 1.93093341e-05, 3.89274297e-07,
       2.29322458e-05, 1.91639394e-05])}
{'img': array([[[ 0.        ,  0.01904017,  0.03785975, ...,  0.73685083,
          0.68997763,  0.95676031],
        [-0.01904017,  0.        ,  0.01882637, ...,  0.72384504,
          0.67607069,  0.95104851],
        [-0.03785975, -0.01882637,  0.        , ...,  0.71072726,
          0.66207891,  0.94506183],
        ...,
        [-0.73685083, -0.72384504, -0.71072726, ...,  0.        ,
         -0.06689217,  0.43248964],
        [-0.68997763, -0.67607069, -0.66207891, ...,  0.06689217,
          0.        ,  0.49183354],
        [-0.95676031, -0.95104851, -0.94506183, ..., -0.43248964,
         -0.49183354,  0.        ]],

       [[ 0.        ,  0.32656824,  0.04816513, ...,  0.28410955,
          0.00340637,  0.11910627],
        [-0.32656824,  0.        , -0.28066481, ..., -0.04457811,
         -0.32334674, -0.21166747],
        [-0.04816513,  0.28066481,  0.        , ...,  0.23759947,
         -0.04476244,  0.07114576],
        ...,
        [-0.28410955,  0.04457811, -0.23759947, ...,  0.        ,
         -0.2808419 , -0.167889  ],
        [-0.00340637,  0.32334674,  0.04476244, ...,  0.2808419 ,
          0.        ,  0.11572346],
        [-0.11910627,  0.21166747, -0.07114576, ...,  0.167889  ,
         -0.11572346,  0.        ]],

       [[ 0.        ,  0.16359352,  0.32418567, ...,  0.95003698,
          0.99236077,  0.99725073],
        [-0.16359352,  0.        ,  0.16505978, ...,  0.98830157,
          0.99917402,  0.99593807],
        [-0.32418567, -0.16505978,  0.        , ...,  0.99991924,
          0.97876153,  0.96741522],
        ...,
        [-0.95003698, -0.98830157, -0.99991924, ...,  0.        ,
         -0.19254698, -0.24088036],
        [-0.99236077, -0.99917402, -0.97876153, ...,  0.19254698,
          0.        , -0.04949555],
        [-0.99725073, -0.99593807, -0.96741522, ...,  0.24088036,
          0.04949555,  0.        ]],

       ...,

       [[ 0.        ,  0.        , -0.09335235, ...,  0.05416725,
         -0.55048733, -0.32976955],
        [ 0.        ,  0.        , -0.09335235, ...,  0.05416725,
         -0.55048733, -0.32976955],
        [ 0.09335235,  0.09335235,  0.        , ...,  0.14714601,
         -0.47014882, -0.24019913],
        ...,
        [-0.05416725, -0.05416725, -0.14714601, ...,  0.        ,
         -0.59490032, -0.38042262],
        [ 0.55048733,  0.55048733,  0.47014882, ...,  0.59490032,
          0.        ,  0.2443879 ],
        [ 0.32976955,  0.32976955,  0.24019913, ...,  0.38042262,
         -0.2443879 ,  0.        ]],

       [[ 0.        ,  0.17965605,  0.26548872, ...,  0.20273778,
          0.25586105,  0.25458307],
        [-0.17965605,  0.        ,  0.08796017, ...,  0.37536428,
          0.42537401,  0.42417743],
        [-0.26548872, -0.08796017,  0.        , ...,  0.45543765,
          0.50333076,  0.5021882 ],
        ...,
        [-0.20273778, -0.37536428, -0.45543765, ...,  0.        ,
         -0.05455824, -0.05323841],
        [-0.25586105, -0.42537401, -0.50333076, ...,  0.05455824,
          0.        ,  0.00132175],
        [-0.25458307, -0.42417743, -0.5021882 , ...,  0.05323841,
         -0.00132175,  0.        ]],

       [[ 0.        ,  0.12088566,  0.14908546, ...,  0.84801097,
          0.77820316,  0.32425972],
        [-0.12088566,  0.        ,  0.02845745, ...,  0.90585885,
          0.84841388,  0.43623572],
        [-0.14908546, -0.02845745,  0.        , ...,  0.91754598,
          0.86313375,  0.46166599],
        ...,
        [-0.84801097, -0.90585885, -0.91754598, ...,  0.        ,
          0.12013051,  0.63034058],
        [-0.77820316, -0.84841388, -0.86313375, ..., -0.12013051,
          0.        ,  0.53251616],
        [-0.32425972, -0.43623572, -0.46166599, ..., -0.63034058,
         -0.53251616,  0.        ]]]), 'num': array([7.49949713e-01, 6.61494640e-01, 3.46882639e-05, 2.21636364e-05,
       2.25547594e-05, 2.16855972e-05, 5.14065990e-04, 8.69162211e-08,
       2.15291480e-05, 2.18442193e-05, 2.00023197e-05, 4.27895243e-07,
       2.36566413e-05, 2.00317972e-05])}
{'img': array([[[ 0.        ,  0.01882637,  0.01882637, ...,  0.67607069,
          0.95104851,  0.96374225],
        [-0.01882637,  0.        ,  0.        , ...,  0.66207891,
          0.94506183,  0.95854791],
        [-0.01882637,  0.        ,  0.        , ...,  0.66207891,
          0.94506183,  0.95854791],
        ...,
        [-0.67607069, -0.66207891, -0.66207891, ...,  0.        ,
          0.49183354,  0.52972146],
        [-0.95104851, -0.94506183, -0.94506183, ..., -0.49183354,
          0.        ,  0.04406351],
        [-0.96374225, -0.95854791, -0.95854791, ..., -0.52972146,
         -0.04406351,  0.        ]],

       [[ 0.        , -0.28066481, -0.37701589, ..., -0.32334674,
         -0.21166747, -0.28274857],
        [ 0.28066481,  0.        , -0.1019084 , ..., -0.04476244,
          0.07114576, -0.00217171],
        [ 0.37701589,  0.1019084 ,  0.        , ...,  0.05727686,
          0.17242552,  0.09974775],
        ...,
        [ 0.32334674,  0.04476244, -0.05727686, ...,  0.        ,
          0.11572346,  0.0425928 ],
        [ 0.21166747, -0.07114576, -0.17242552, ..., -0.11572346,
          0.        , -0.0733118 ],
        [ 0.28274857,  0.00217171, -0.09974775, ..., -0.0425928 ,
          0.0733118 ,  0.        ]],

       [[ 0.        ,  0.16505978,  0.26204503, ...,  0.99917402,
          0.99593807,  0.99593807],
        [-0.16505978,  0.        ,  0.09915883, ...,  0.97876153,
          0.96741522,  0.96741522],
        [-0.26204503, -0.09915883,  0.        , ...,  0.95361006,
          0.93754089,  0.93754089],
        ...,
        [-0.99917402, -0.97876153, -0.95361006, ...,  0.        ,
         -0.04949555, -0.04949555],
        [-0.99593807, -0.96741522, -0.93754089, ...,  0.04949555,
          0.        ,  0.        ],
        [-0.99593807, -0.96741522, -0.93754089, ...,  0.04949555,
          0.        ,  0.        ]],

       ...,

       [[ 0.        , -0.09335235, -0.07073455, ..., -0.55048733,
         -0.32976955, -0.22580564],
        [ 0.09335235,  0.        ,  0.02269285, ..., -0.47014882,
         -0.24019913, -0.13387829],
        [ 0.07073455, -0.02269285,  0.        , ..., -0.49005617,
         -0.26216576, -0.15633238],
        ...,
        [ 0.55048733,  0.47014882,  0.49005617, ...,  0.        ,
          0.2443879 ,  0.34775717],
        [ 0.32976955,  0.24019913,  0.26216576, ..., -0.2443879 ,
          0.        ,  0.10807798],
        [ 0.22580564,  0.13387829,  0.15633238, ..., -0.34775717,
         -0.10807798,  0.        ]],

       [[ 0.        ,  0.19789316,  0.21028654, ...,  0.25689036,
          0.25560742,  0.30992542],
        [-0.19789316,  0.        ,  0.01265959, ...,  0.44306197,
          0.44187171,  0.49194529],
        [-0.21028654, -0.01265959,  0.        , ...,  0.45437568,
          0.45319295,  0.50292764],
        ...,
        [-0.25689036, -0.44306197, -0.45437568, ...,  0.        ,
          0.00132725, -0.05528319],
        [-0.25560742, -0.44187171, -0.45319295, ..., -0.00132725,
          0.        , -0.05660837],
        [-0.30992542, -0.49194529, -0.50292764, ...,  0.05528319,
          0.05660837,  0.        ]],

       [[ 0.        ,  0.02701534,  0.02490746, ...,  0.95274504,
          0.86875302,  0.41624542],
        [-0.02701534,  0.        , -0.00210859, ...,  0.96060378,
          0.88181517,  0.44065726],
        [-0.02490746,  0.00210859,  0.        , ...,  0.96001562,
          0.88081881,  0.43876345],
        ...,
        [-0.95274504, -0.96060378, -0.96001562, ...,  0.        ,
          0.2079407 ,  0.73984228],
        [-0.86875302, -0.88181517, -0.88081881, ..., -0.2079407 ,
          0.        ,  0.58377197],
        [-0.41624542, -0.44065726, -0.43876345, ..., -0.73984228,
         -0.58377197,  0.        ]]]), 'num': array([7.31375580e-01, 6.81971756e-01, 1.92607502e-05, 2.17350745e-05,
       2.27942887e-05, 2.13113888e-05, 2.06898420e-03, 1.27105699e-07,
       2.11419146e-05, 2.14130734e-05, 1.95552118e-05, 4.10445486e-07,
       2.29592417e-05, 1.98669052e-05])}
{'img': array([[[ 0.        ,  0.        ,  0.09124339, ...,  0.94506183,
          0.95854791,  0.97610292],
        [ 0.        ,  0.        ,  0.09124339, ...,  0.94506183,
          0.95854791,  0.97610292],
        [-0.09124339, -0.09124339,  0.        , ...,  0.91129292,
          0.92855134,  0.95220324],
        ...,
        [-0.94506183, -0.94506183, -0.91129292, ...,  0.        ,
          0.04406351,  0.11370967],
        [-0.95854791, -0.95854791, -0.92855134, ..., -0.04406351,
          0.        ,  0.06982151],
        [-0.97610292, -0.97610292, -0.95220324, ..., -0.11370967,
         -0.06982151,  0.        ]],

       [[ 0.        , -0.1019084 , -0.02923063, ...,  0.07114576,
         -0.00217171,  0.4942099 ],
        [ 0.1019084 ,  0.        ,  0.07278641, ...,  0.17242552,
          0.09974775,  0.58023025],
        [ 0.02923063, -0.07278641,  0.        , ...,  0.10027191,
          0.02705977,  0.51941015],
        ...,
        [-0.07114576, -0.17242552, -0.10027191, ...,  0.        ,
         -0.0733118 ,  0.43110749],
        [ 0.00217171, -0.09974775, -0.02705977, ...,  0.0733118 ,
          0.        ,  0.4960967 ],
        [-0.4942099 , -0.58023025, -0.51941015, ..., -0.43110749,
         -0.4960967 ,  0.        ]],

       [[ 0.        ,  0.09915883,  0.18653799, ...,  0.96741522,
          0.96741522,  0.98490089],
        [-0.09915883,  0.        ,  0.0882003 , ...,  0.93754089,
          0.93754089,  0.96288064],
        [-0.18653799, -0.0882003 ,  0.        , ...,  0.90320438,
          0.90320438,  0.93532037],
        ...,
        [-0.96741522, -0.93754089, -0.90320438, ...,  0.        ,
          0.        ,  0.08189407],
        [-0.96741522, -0.93754089, -0.90320438, ...,  0.        ,
          0.        ,  0.08189407],
        [-0.98490089, -0.96288064, -0.93532037, ..., -0.08189407,
         -0.08189407,  0.        ]],

       ...,

       [[ 0.        ,  0.02269285,  0.04224609, ..., -0.24019913,
         -0.13387829, -0.1622219 ],
        [-0.02269285,  0.        ,  0.01956262, ..., -0.26216576,
         -0.15633238, -0.18457239],
        [-0.04224609, -0.01956262,  0.        , ..., -0.28099397,
         -0.17562455, -0.20376358],
        ...,
        [ 0.24019913,  0.26216576,  0.28099397, ...,  0.        ,
          0.10807798,  0.07954489],
        [ 0.13387829,  0.15633238,  0.17562455, ..., -0.10807798,
          0.        , -0.02865656],
        [ 0.1622219 ,  0.18457239,  0.20376358, ..., -0.07954489,
          0.02865656,  0.        ]],

       [[ 0.        ,  0.02313821, -0.10098344, ...,  0.35282869,
          0.40542608,  0.52501615],
        [-0.02313821,  0.        , -0.12397634, ...,  0.37438438,
          0.42646882,  0.54456834],
        [ 0.10098344,  0.12397634,  0.        , ...,  0.25653608,
          0.3110418 ,  0.43638609],
        ...,
        [-0.35282869, -0.37438438, -0.25653608, ...,  0.        ,
         -0.05682176, -0.1909615 ],
        [-0.40542608, -0.42646882, -0.3110418 , ...,  0.05682176,
          0.        , -0.13487687],
        [-0.52501615, -0.54456834, -0.43638609, ...,  0.1909615 ,
          0.13487687,  0.        ]],

       [[ 0.        , -0.00196926,  0.01086496, ...,  0.9790919 ,
          0.90903333,  0.41424189],
        [ 0.00196926,  0.        ,  0.01283408, ...,  0.97868942,
          0.90821093,  0.41244873],
        [-0.01086496, -0.01283408,  0.        , ...,  0.98124424,
          0.91350736,  0.42410636],
        ...,
        [-0.9790919 , -0.97868942, -0.98124424, ...,  0.        ,
          0.22309642,  0.80687255],
        [-0.90903333, -0.90821093, -0.91350736, ..., -0.22309642,
          0.        ,  0.65474769],
        [-0.41424189, -0.41244873, -0.42410636, ..., -0.80687255,
         -0.65474769,  0.        ]]]), 'num': array([8.20242303e-01, 5.72003787e-01, 9.17702464e-05, 2.53046398e-05,
       2.54449613e-05, 2.42288418e-05, 3.77078423e-03, 1.30966712e-06,
       2.38733607e-05, 2.38125548e-05, 2.16695340e-05, 5.06716447e-07,
       2.54566797e-05, 2.21684298e-05])}
{'img': array([[[ 0.        ,  0.0856941 ,  0.05196667, ...,  0.90973066,
          0.93073802,  0.84118931],
        [-0.0856941 ,  0.        , -0.0338028 , ...,  0.87080412,
          0.8959771 ,  0.88443328],
        [-0.05196667,  0.0338028 ,  0.        , ...,  0.88692494,
          0.9104769 ,  0.8681532 ],
        ...,
        [-0.90973066, -0.87080412, -0.88692494, ...,  0.        ,
          0.05376502,  0.84118931],
        [-0.93073802, -0.8959771 , -0.9104769 , ..., -0.05376502,
          0.        ,  0.81089968],
        [-0.84118931, -0.88443328, -0.8681532 , ..., -0.84118931,
         -0.81089968,  0.        ]],

       [[ 0.        ,  0.07278641, -0.01520371, ...,  0.09974775,
          0.58023025,  0.79488701],
        [-0.07278641,  0.        , -0.08794138, ...,  0.02705977,
          0.51941015,  0.74861491],
        [ 0.01520371,  0.08794138,  0.        , ...,  0.11486411,
          0.59254588,  0.80402009],
        ...,
        [-0.09974775, -0.02705977, -0.11486411, ...,  0.        ,
          0.4960967 ,  0.73040002],
        [-0.58023025, -0.51941015, -0.59254588, ..., -0.4960967 ,
          0.        ,  0.29533865],
        [-0.79488701, -0.74861491, -0.80402009, ..., -0.73040002,
         -0.29533865,  0.        ]],

       [[ 0.        ,  0.0882003 ,  0.10942738, ...,  0.93754089,
          0.96288064,  0.99930543],
        [-0.0882003 ,  0.        ,  0.02133028, ...,  0.90320438,
          0.93532037,  0.99869765],
        [-0.10942738, -0.02133028,  0.        , ...,  0.8938437 ,
          0.92756087,  0.99738217],
        ...,
        [-0.93754089, -0.90320438, -0.8938437 , ...,  0.        ,
          0.08189407,  0.38257055],
        [-0.96288064, -0.93532037, -0.92756087, ..., -0.08189407,
          0.        ,  0.30562143],
        [-0.99930543, -0.99869765, -0.99738217, ..., -0.38257055,
         -0.30562143,  0.        ]],

       ...,

       [[ 0.        ,  0.01956262, -0.06510369, ..., -0.15633238,
         -0.18457239,  0.01780505],
        [-0.01956262,  0.        , -0.08461235, ..., -0.17562455,
         -0.20376358, -0.00175787],
        [ 0.06510369,  0.08461235,  0.        , ..., -0.09169752,
         -0.12019568,  0.08286065],
        ...,
        [ 0.15633238,  0.17562455,  0.09169752, ...,  0.        ,
         -0.02865656,  0.17389373],
        [ 0.18457239,  0.20376358,  0.12019568, ...,  0.02865656,
          0.        ,  0.20204227],
        [-0.01780505,  0.00175787, -0.08286065, ..., -0.17389373,
         -0.20204227,  0.        ]],

       [[ 0.        , -0.12397634,  0.10300173, ...,  0.42646882,
          0.54456834,  0.43264504],
        [ 0.12397634,  0.        ,  0.22552402, ...,  0.3110418 ,
          0.43638609,  0.31753461],
        [-0.10300173, -0.22552402,  0.        , ...,  0.5173658 ,
          0.62806112,  0.52320657],
        ...,
        [-0.42646882, -0.3110418 , -0.5173658 , ...,  0.        ,
         -0.13487687, -0.00683934],
        [-0.54456834, -0.43638609, -0.62806112, ...,  0.13487687,
          0.        ,  0.12809687],
        [-0.43264504, -0.31753461, -0.52320657, ...,  0.00683934,
         -0.12809687,  0.        ]],

       [[ 0.        ,  0.01234371,  0.01563714, ...,  0.96324661,
          0.81446161,  0.39803608],
        [-0.01234371,  0.        ,  0.00329375, ...,  0.96648898,
          0.82156159,  0.4093295 ],
        [-0.01563714, -0.00329375,  0.        , ...,  0.96732927,
          0.82343497,  0.41233245],
        ...,
        [-0.96324661, -0.96648898, -0.96732927, ...,  0.        ,
          0.34011294,  0.77673341],
        [-0.81446161, -0.82156159, -0.82343497, ..., -0.34011294,
          0.        ,  0.51621497],
        [-0.39803608, -0.4093295 , -0.41233245, ..., -0.77673341,
         -0.51621497,  0.        ]]]), 'num': array([7.68545636e-01, 6.39790357e-01, 4.59840280e-05, 2.44085836e-05,
       2.49316247e-05, 2.33189147e-05, 2.42870637e-03, 8.28148372e-07,
       2.29440686e-05, 2.24057721e-05, 2.02823706e-05, 5.42040432e-07,
       2.39112451e-05, 2.09002992e-05])}
{'img': array([[[ 0.        , -0.03098792, -0.01541768, ...,  0.82017771,
          0.98781019,  0.84645043],
        [ 0.03098792,  0.        ,  0.01557396, ...,  0.83751229,
          0.99215948,  0.82954387],
        [ 0.01541768, -0.01557396,  0.        , ...,  0.82890081,
          0.99009274,  0.83814041],
        ...,
        [-0.82017771, -0.83751229, -0.82890081, ...,  0.        ,
          0.43746345,  0.92097977],
        [-0.98781019, -0.99215948, -0.99009274, ..., -0.43746345,
          0.        ,  0.65773804],
        [-0.84645043, -0.82954387, -0.83814041, ..., -0.92097977,
         -0.65773804,  0.        ]],

       [[ 0.        , -0.08794138, -0.03402438, ...,  0.51941015,
          0.74861491,  0.57794135],
        [ 0.08794138,  0.        ,  0.0539979 , ...,  0.59254588,
          0.80402009,  0.64746926],
        [ 0.03402438, -0.0539979 ,  0.        , ...,  0.5481841 ,
          0.7707398 ,  0.60537329],
        ...,
        [-0.51941015, -0.59254588, -0.5481841 , ...,  0.        ,
          0.29533865,  0.06998602],
        [-0.74861491, -0.80402009, -0.7707398 , ..., -0.29533865,
          0.        , -0.22775034],
        [-0.57794135, -0.64746926, -0.60537329, ..., -0.06998602,
          0.22775034,  0.        ]],

       [[ 0.        ,  0.02049456,  0.04072467, ...,  0.90279798,
          0.98205587,  0.84008098],
        [-0.02049456,  0.        ,  0.02023857, ...,  0.89379437,
          0.97798454,  0.85102203],
        [-0.04072467, -0.02023857,  0.        , ...,  0.88453477,
          0.97356089,  0.8614756 ],
        ...,
        [-0.90279798, -0.89379437, -0.88453477, ...,  0.        ,
          0.25208891,  0.85102203],
        [-0.98205587, -0.97798454, -0.97356089, ..., -0.25208891,
          0.        ,  0.69115805],
        [-0.84008098, -0.85102203, -0.8614756 , ..., -0.85102203,
         -0.69115805,  0.        ]],

       ...,

       [[ 0.        , -0.08461235, -0.08461235, ..., -0.20376358,
         -0.00175787,  0.27621318],
        [ 0.08461235,  0.        ,  0.        , ..., -0.12019568,
          0.08286065,  0.35654329],
        [ 0.08461235,  0.        ,  0.        , ..., -0.12019568,
          0.08286065,  0.35654329],
        ...,
        [ 0.20376358,  0.12019568,  0.12019568, ...,  0.        ,
          0.20204227,  0.46625471],
        [ 0.00175787, -0.08286065, -0.08286065, ..., -0.20204227,
          0.        ,  0.27790224],
        [-0.27621318, -0.35654329, -0.35654329, ..., -0.46625471,
         -0.27790224,  0.        ]],

       [[ 0.        ,  0.22346581,  0.31966794, ...,  0.50212658,
          0.40932446,  0.        ],
        [-0.22346581,  0.        ,  0.09984363, ...,  0.68268061,
          0.60286109,  0.22346581],
        [-0.31966794, -0.09984363,  0.        , ...,  0.75222677,
          0.67950853,  0.31966794],
        ...,
        [-0.50212658, -0.68268061, -0.75222677, ...,  0.        ,
          0.10415332,  0.50212658],
        [-0.40932446, -0.60286109, -0.67950853, ..., -0.10415332,
          0.        ,  0.40932446],
        [-0.        , -0.22346581, -0.31966794, ..., -0.50212658,
         -0.40932446,  0.        ]],

       [[ 0.        ,  0.00316531,  0.01968315, ...,  0.92164077,
          0.81585788,  0.39469506],
        [-0.00316531,  0.        ,  0.01651835, ...,  0.92286443,
          0.81768415,  0.39760141],
        [-0.01968315, -0.01651835,  0.        , ...,  0.92910015,
          0.82708165,  0.41270371],
        ...,
        [-0.92164077, -0.92286443, -0.92910015, ...,  0.        ,
          0.21635213,  0.69365563],
        [-0.81585788, -0.81768415, -0.82708165, ..., -0.21635213,
          0.        ,  0.52138676],
        [-0.39469506, -0.39760141, -0.41270371, ..., -0.69365563,
         -0.52138676,  0.        ]]]), 'num': array([ 7.37151191e-01,  6.75726183e-01,  2.26660547e-05,  2.27247533e-05,
        2.38148706e-05,  2.24731878e-05,  1.49777088e-03, -7.54696604e-07,
        2.23557905e-05,  2.16325396e-05,  1.95801841e-05,  4.81298952e-07,
        2.31527197e-05,  2.01123595e-05])}
{'img': array([[[ 0.        ,  0.01557396, -0.08046067, ...,  0.99215948,
          0.82954387,  0.9944578 ],
        [-0.01557396,  0.        , -0.09597438, ...,  0.99009274,
          0.83814041,  0.9926998 ],
        [ 0.08046067,  0.09597438,  0.        , ...,  0.99899852,
          0.78192173,  0.99969291],
        ...,
        [-0.99215948, -0.99009274, -0.99899852, ...,  0.        ,
          0.65773804,  0.01997342],
        [-0.82954387, -0.83814041, -0.78192173, ..., -0.65773804,
          0.        , -0.64256192],
        [-0.9944578 , -0.9926998 , -0.99969291, ..., -0.01997342,
          0.64256192,  0.        ]],

       [[ 0.        ,  0.0539979 ,  0.2100006 , ...,  0.80402009,
          0.64746926,  0.46863379],
        [-0.0539979 ,  0.        ,  0.1569004 , ...,  0.7707398 ,
          0.60537329,  0.42024874],
        [-0.2100006 , -0.1569004 ,  0.        , ...,  0.66122466,
          0.47299182,  0.27267089],
        ...,
        [-0.80402009, -0.7707398 , -0.66122466, ...,  0.        ,
         -0.22775034, -0.4316147 ],
        [-0.64746926, -0.60537329, -0.47299182, ...,  0.22775034,
          0.        , -0.21482764],
        [-0.46863379, -0.42024874, -0.27267089, ...,  0.4316147 ,
          0.21482764,  0.        ]],

       [[ 0.        ,  0.01949531,  0.01172711, ...,  0.9526148 ,
          0.99417927,  0.83413864],
        [-0.01949531,  0.        , -0.00776908, ...,  0.94650368,
          0.99609072,  0.84473284],
        [-0.01172711,  0.00776908,  0.        , ...,  0.94898214,
          0.99537436,  0.84054943],
        ...,
        [-0.9526148 , -0.94650368, -0.94898214, ...,  0.        ,
          0.40504206,  0.779147  ],
        [-0.99417927, -0.99609072, -0.99537436, ..., -0.40504206,
          0.        ,  0.45847552],
        [-0.83413864, -0.84473284, -0.84054943, ..., -0.779147  ,
         -0.45847552,  0.        ]],

       ...,

       [[ 0.        ,  0.        , -0.08472891, ...,  0.08286065,
          0.35654329,  0.19461308],
        [ 0.        ,  0.        , -0.08472891, ...,  0.08286065,
          0.35654329,  0.19461308],
        [ 0.08472891,  0.08472891,  0.        , ...,  0.16700022,
          0.4344216 ,  0.27702216],
        ...,
        [-0.08286065, -0.08286065, -0.16700022, ...,  0.        ,
          0.27790224,  0.11266747],
        [-0.35654329, -0.35654329, -0.4344216 , ..., -0.27790224,
          0.        , -0.16790334],
        [-0.19461308, -0.19461308, -0.27702216, ..., -0.11266747,
          0.16790334,  0.        ]],

       [[ 0.        ,  0.22889229,  0.26765167, ...,  0.53776739,
          0.37092893,  0.        ],
        [-0.22889229,  0.        ,  0.04000466, ...,  0.71646816,
          0.57364481,  0.22889229],
        [-0.26765167, -0.04000466,  0.        , ...,  0.74380266,
          0.60595359,  0.26765167],
        ...,
        [-0.53776739, -0.71646816, -0.74380266, ...,  0.        ,
          0.18667607,  0.53776739],
        [-0.37092893, -0.57364481, -0.60595359, ..., -0.18667607,
          0.        ,  0.37092893],
        [-0.        , -0.22889229, -0.26765167, ..., -0.53776739,
         -0.37092893,  0.        ]],

       [[ 0.        ,  0.01649763,  0.04110655, ...,  0.82224872,
          0.48505136,  0.39714449],
        [-0.01649763,  0.        ,  0.02461726, ...,  0.83152608,
          0.49941229,  0.41223125],
        [-0.04110655, -0.02461726,  0.        , ...,  0.84494863,
          0.52058847,  0.4345346 ],
        ...,
        [-0.82224872, -0.83152608, -0.84494863, ...,  0.        ,
          0.44298825,  0.52859759],
        [-0.48505136, -0.49941229, -0.52058847, ..., -0.44298825,
          0.        ,  0.09786168],
        [-0.39714449, -0.41223125, -0.4345346 , ..., -0.52859759,
         -0.09786168,  0.        ]]]), 'num': array([ 7.21851411e-01,  6.92047007e-01,  1.10386680e-05,  2.21758955e-05,
        2.29561585e-05,  2.20116296e-05,  1.21493518e-03, -8.21329464e-08,
        2.21430424e-05,  2.12334200e-05,  1.92464871e-05,  5.07445592e-07,
        2.27834223e-05,  1.96834176e-05])}
{'img': array([[[ 0.        , -0.09597438,  0.09031082, ...,  0.83814041,
          0.9926998 ,  0.98716214],
        [ 0.09597438,  0.        ,  0.18547612, ...,  0.78192173,
          0.99969291,  0.99793436],
        [-0.09031082, -0.18547612,  0.        , ...,  0.8839759 ,
          0.97775074,  0.96870366],
        ...,
        [-0.83814041, -0.78192173, -0.8839759 , ...,  0.        ,
         -0.64256192, -0.67232099],
        [-0.9926998 , -0.99969291, -0.97775074, ...,  0.64256192,
          0.        , -0.03949233],
        [-0.98716214, -0.99793436, -0.96870366, ...,  0.67232099,
          0.03949233,  0.        ]],

       [[ 0.        ,  0.1569004 , -0.01424802, ...,  0.60537329,
          0.42024874,  0.34891005],
        [-0.1569004 ,  0.        , -0.17095602, ...,  0.47299182,
          0.27267089,  0.19754841],
        [ 0.01424802,  0.17095602,  0.        , ...,  0.61665243,
          0.43313486,  0.36222725],
        ...,
        [-0.60537329, -0.47299182, -0.61665243, ...,  0.        ,
         -0.21482764, -0.28961728],
        [-0.42024874, -0.27267089, -0.43313486, ...,  0.21482764,
          0.        , -0.07723462],
        [-0.34891005, -0.19754841, -0.36222725, ...,  0.28961728,
          0.07723462,  0.        ]],

       [[ 0.        , -0.00753241,  0.02975659, ...,  0.99863365,
          0.98807678,  0.8305512 ],
        [ 0.00753241,  0.        ,  0.03728482, ...,  0.99899894,
          0.98688905,  0.82633252],
        [-0.02975659, -0.03728482,  0.        , ...,  0.99663643,
          0.99222062,  0.84675612],
        ...,
        [-0.99863365, -0.99899894, -0.99663643, ...,  0.        ,
          0.20538588,  0.59958376],
        [-0.98807678, -0.98688905, -0.99222062, ..., -0.20538588,
          0.        ,  0.42242849],
        [-0.8305512 , -0.82633252, -0.84675612, ..., -0.59958376,
         -0.42242849,  0.        ]],

       ...,

       [[ 0.        , -0.08472891,  0.27593726, ...,  0.35654329,
          0.19461308,  0.34330099],
        [ 0.08472891,  0.        ,  0.35638436, ...,  0.4344216 ,
          0.27702216,  0.42164604],
        [-0.27593726, -0.35638436,  0.        , ...,  0.0848984 ,
         -0.08360401,  0.07080526],
        ...,
        [-0.35654329, -0.4344216 , -0.0848984 , ...,  0.        ,
         -0.16790334, -0.01413569],
        [-0.19461308, -0.27702216,  0.08360401, ...,  0.16790334,
          0.        ,  0.15395155],
        [-0.34330099, -0.42164604, -0.07080526, ...,  0.01413569,
         -0.15395155,  0.        ]],

       [[ 0.        ,  0.13976983,  0.30395571, ...,  0.47657428,
          0.31343054,  0.        ],
        [-0.13976983,  0.        ,  0.1678153 , ...,  0.59477268,
          0.4430809 ,  0.13976983],
        [-0.30395571, -0.1678153 ,  0.        , ...,  0.72124359,
          0.58724067,  0.30395571],
        ...,
        [-0.47657428, -0.59477268, -0.72124359, ...,  0.        ,
          0.17701273,  0.47657428],
        [-0.31343054, -0.4430809 , -0.58724067, ..., -0.17701273,
          0.        ,  0.31343054],
        [-0.        , -0.13976983, -0.30395571, ..., -0.47657428,
         -0.31343054,  0.        ]],

       [[ 0.        ,  0.02461726, -0.00183087, ...,  0.49941229,
          0.41223125,  0.5376413 ],
        [-0.02461726,  0.        , -0.02644754, ...,  0.52058847,
          0.4345346 ,  0.558235  ],
        [ 0.00183087,  0.02644754,  0.        , ...,  0.49782526,
          0.41056249,  0.53609666],
        ...,
        [-0.49941229, -0.52058847, -0.49782526, ...,  0.        ,
          0.09786168, -0.04470202],
        [-0.41223125, -0.4345346 , -0.41056249, ..., -0.09786168,
          0.        , -0.1422513 ],
        [-0.5376413 , -0.558235  , -0.53609666, ...,  0.04470202,
          0.1422513 ,  0.        ]]]), 'num': array([7.17763557e-01, 6.96286152e-01, 7.95459464e-06, 2.20507244e-05,
       2.23774018e-05, 2.13157002e-05, 1.03273343e-03, 0.00000000e+00,
       2.22385639e-05, 2.11707371e-05, 1.92052281e-05, 4.66681997e-07,
       2.27611887e-05, 1.95802855e-05])}
{'img': array([[[ 0.        ,  0.18547612,  0.15629345, ...,  0.99969291,
          0.99793436,  0.99793436],
        [-0.18547612,  0.        , -0.02961517, ...,  0.97775074,
          0.96870366,  0.96870366],
        [-0.15629345,  0.02961517,  0.        , ...,  0.98353425,
          0.97562985,  0.97562985],
        ...,
        [-0.99969291, -0.97775074, -0.98353425, ...,  0.        ,
         -0.03949233, -0.03949233],
        [-0.99793436, -0.96870366, -0.97562985, ...,  0.03949233,
          0.        ,  0.        ],
        [-0.99793436, -0.96870366, -0.97562985, ...,  0.03949233,
          0.        ,  0.        ]],

       [[ 0.        , -0.17095602,  0.2626397 , ...,  0.27267089,
          0.19754841,  0.13934582],
