state_0,state_1,state_2,state_3,state_4,state_5,state_6,state_7,state_8,state_9,state_10,state_11,state_12,state_13,state_14,state_15,state_16,state_17,state_18,state_19,state_20,state_21,state_22,state_23,state_24,state_25,state_26,state_27,state_28,state_29,state_30,state_31,state_32,state_33,state_34,state_35,state_36,state_37,state_38,state_39,state_40,state_41,state_42,state_43,state_44,state_45,state_46,state_47,state_48,state_49,state_50,state_51,state_52,state_53,state_54,state_55,state_56,state_57,state_58,state_59,state_60,state_61,state_62,state_63,state_64,state_65,state_66,state_67,state_68,state_69,state_70,state_71,state_72,state_73,state_74,state_75,state_76,state_77,state_78,state_79,state_80,state_81,state_82,state_83,state_84,state_85,state_86,state_87,state_88,state_89,state_90,state_91,state_92,state_93,state_94,state_95,state_96,state_97,state_98,state_99,state_100,state_101,state_102,state_103,state_104,state_105,state_106,state_107,state_108,state_109,state_110,state_111,state_112,state_113,state_114,state_115,state_116,state_117,state_118,state_119,state_120,state_121,state_122,state_123,state_124,state_125,state_126,state_127,state_128,state_129,state_130,state_131,state_132,state_133,state_134,state_135,state_136,state_137,state_138,state_139,state_140,state_141,state_142,state_143,state_144,state_145,state_146,state_147,state_148,state_149,state_150,state_151,state_152,state_153,state_154,state_155,state_156,state_157,state_158,state_159,state_160,state_161,state_162,state_163,state_164,state_165,state_166,state_167,state_168,state_169,state_170,state_171,state_172,state_173,state_174,state_175,state_176,state_177,state_178,state_179,state_180,state_181,state_182,state_183,state_184,state_185,state_186,state_187,state_188,state_189,state_190,state_191,state_192,state_193,state_194,state_195,state_196,state_197,state_198,state_199,state_200,state_201,state_202,state_203,state_204,state_205,state_206,state_207,state_208,state_209,state_210,state_211,state_212,state_213,state_214,state_215,state_216,state_217,state_218,state_219,state_220,state_221,state_222,state_223,state_224,state_225,state_226,state_227,state_228,state_229,state_230,state_231,state_232,state_233,state_234,state_235,state_236,state_237,state_238,state_239,state_240,state_241,state_242,state_243,state_244,state_245,state_246,state_247,state_248,state_249,state_250,state_251,state_252,state_253,state_254,state_255,state_256,state_257,state_258,state_259,state_260,state_261,state_262,state_263,state_264,state_265,state_266,state_267,state_268,state_269,state_270,state_271,state_272,state_273,state_274,state_275,state_276,state_277,state_278,state_279,state_280,state_281,state_282,state_283,state_284,state_285,state_286,state_287
{'img': array([[[ 0.        ,  0.02440011,  0.11393948, ...,  0.92913696,
          0.91629902,  0.78007954],
        [-0.02440011,  0.        ,  0.08966434, ...,  0.91983874,
          0.9062541 ,  0.76458061],
        [-0.11393948, -0.08966434,  0.        , ...,  0.88095864,
          0.86469963,  0.70370972],
        ...,
        [-0.92913696, -0.91983874, -0.88095864, ...,  0.        ,
         -0.03332605, -0.29291948],
        [-0.91629902, -0.9062541 , -0.86469963, ...,  0.03332605,
          0.        , -0.2608925 ],
        [-0.78007954, -0.76458061, -0.70370972, ...,  0.29291948,
          0.2608925 ,  0.        ]],

       [[ 0.        , -0.85455233, -0.83641047, ..., -0.34261553,
         -0.        , -0.60405784],
        [ 0.85455233,  0.        , -0.03398061, ..., -0.62488854,
         -0.85455233, -0.36730066],
        [ 0.83641047,  0.03398061,  0.        , ..., -0.59799852,
         -0.83641047, -0.3354831 ],
        ...,
        [ 0.34261553,  0.62488854,  0.59799852, ...,  0.        ,
         -0.34261553,  0.29445348],
        [ 0.        ,  0.85455233,  0.83641047, ...,  0.34261553,
          0.        ,  0.60405784],
        [ 0.60405784,  0.36730066,  0.3354831 , ..., -0.29445348,
         -0.60405784,  0.        ]],

       [[ 0.        ,  0.53897205,  0.70466157, ...,  0.92645407,
          0.93256742,  0.94182645],
        [-0.53897205,  0.        ,  0.21112896, ...,  0.98324747,
          0.98009027,  0.97447098],
        [-0.70466157, -0.21112896,  0.        , ...,  0.92259966,
          0.91607712,  0.90510336],
        ...,
        [-0.92645407, -0.98324747, -0.92259966, ...,  0.        ,
         -0.0165796 , -0.04313002],
        [-0.93256742, -0.98009027, -0.91607712, ...,  0.0165796 ,
          0.        , -0.02655992],
        [-0.94182645, -0.97447098, -0.90510336, ...,  0.04313002,
          0.02655992,  0.        ]],

       ...,

       [[ 0.        ,  0.00363364,  0.10105492, ..., -0.9997792 ,
         -0.98942665, -0.74724366],
        [-0.00363364,  0.        ,  0.09743921, ..., -0.99984895,
         -0.98994712, -0.74482399],
        [-0.10105492, -0.09743921,  0.        , ..., -0.99678467,
         -0.99901804, -0.67626235],
        ...,
        [ 0.9997792 ,  0.99984895,  0.99678467, ...,  0.        ,
          0.12421103, -0.68010545],
        [ 0.98942665,  0.98994712,  0.99901804, ..., -0.12421103,
          0.        , -0.76589948],
        [ 0.74724366,  0.74482399,  0.67626235, ...,  0.68010545,
          0.76589948,  0.        ]],

       [[ 0.        ,  0.48147439,  0.64032988, ...,  0.87949831,
          0.91129784,  0.9184399 ],
        [-0.48147439,  0.        ,  0.19140314, ...,  0.99997986,
          0.99696227,  0.99542826],
        [-0.64032988, -0.19140314,  0.        , ...,  0.98027695,
          0.96362231,  0.95874295],
        ...,
        [-0.87949831, -0.99997986, -0.98027695, ...,  0.        ,
         -0.07155699, -0.08919254],
        [-0.91129784, -0.99696227, -0.96362231, ...,  0.07155699,
          0.        , -0.01769211],
        [-0.9184399 , -0.99542826, -0.95874295, ...,  0.08919254,
          0.01769211,  0.        ]],

       [[ 0.        , -0.08458334, -0.15548821, ...,  0.98736469,
          0.98457484,  0.99464924],
        [ 0.08458334,  0.        , -0.07137639, ...,  0.97042293,
          0.96624748,  0.98234655],
        [ 0.15548821,  0.07137639,  0.        , ...,  0.95071676,
          0.94539535,  0.96648863],
        ...,
        [-0.98736469, -0.97042293, -0.95071676, ...,  0.        ,
          0.01673318, -0.0556122 ],
        [-0.98457484, -0.96624748, -0.94539535, ..., -0.01673318,
          0.        , -0.0723117 ],
        [-0.99464924, -0.98234655, -0.96648863, ...,  0.0556122 ,
          0.0723117 ,  0.        ]]]), 'num': array([7.97462672e-01, 6.03367038e-01, 4.42635425e-05, 8.15185359e-05,
       8.15185359e-05, 7.66850538e-05, 1.20398323e-03, 4.83348218e-06,
       7.99941300e-05, 8.28152105e-05, 8.33899611e-05, 7.56838954e-07,
       8.83946209e-05, 7.72358001e-05])}
{'img': array([[[ 0.        ,  0.08966434,  0.04626633, ...,  0.9062541 ,
          0.76458061,  0.93725886],
        [-0.08966434,  0.        , -0.04348835, ...,  0.86469963,
          0.70370972,  0.90222356],
        [-0.04626633,  0.04348835,  0.        , ...,  0.8857253 ,
          0.7339419 ,  0.92012516],
        ...,
        [-0.9062541 , -0.86469963, -0.8857253 , ...,  0.        ,
         -0.2608925 ,  0.0802594 ],
        [-0.76458061, -0.70370972, -0.7339419 , ...,  0.2608925 ,
          0.        ,  0.33753071],
        [-0.93725886, -0.90222356, -0.92012516, ..., -0.0802594 ,
         -0.33753071,  0.        ]],

       [[ 0.        , -0.04262406, -0.61765586, ..., -0.94298519,
         -0.44556928, -0.81171264],
        [ 0.04262406,  0.        , -0.58357289, ..., -0.92794142,
         -0.40700526, -0.78608005],
        [ 0.61765586,  0.58357289,  0.        , ..., -0.53603198,
          0.20253755, -0.27762395],
        ...,
        [ 0.94298519,  0.92794142,  0.53603198, ...,  0.        ,
          0.69590417,  0.28059098],
        [ 0.44556928,  0.40700526, -0.20253755, ..., -0.69590417,
          0.        , -0.46644581],
        [ 0.81171264,  0.78608005,  0.27762395, ..., -0.28059098,
          0.46644581,  0.        ]],

       [[ 0.        ,  0.51721442,  0.66973549, ...,  0.95193301,
          0.96020992,  0.95438327],
        [-0.51721442,  0.        ,  0.18911374, ...,  0.97314347,
          0.96624855,  0.97124661],
        [-0.66973549, -0.18911374,  0.        , ...,  0.91204941,
          0.90009488,  0.90869727],
        ...,
        [-0.95193301, -0.97314347, -0.91204941, ...,  0.        ,
         -0.02826319, -0.00810136],
        [-0.96020992, -0.96624855, -0.90009488, ...,  0.02826319,
          0.        ,  0.02016413],
        [-0.95438327, -0.97124661, -0.90869727, ...,  0.00810136,
         -0.02016413,  0.        ]],

       ...,

       [[ 0.        ,  0.09743921,  0.02133686, ..., -0.98994712,
         -0.74482399, -0.98892784],
        [-0.09743921,  0.        , -0.0761817 , ..., -0.99901804,
         -0.67626235, -0.99868171],
        [-0.02133686,  0.0761817 ,  0.        , ..., -0.9927396 ,
         -0.73041717, -0.99186904],
        ...,
        [ 0.98994712,  0.99901804,  0.9927396 , ...,  0.        ,
         -0.76589948,  0.00703341],
        [ 0.74482399,  0.67626235,  0.73041717, ...,  0.76589948,
          0.        ,  0.77040274],
        [ 0.98892784,  0.99868171,  0.99186904, ..., -0.00703341,
         -0.77040274,  0.        ]],

       [[ 0.        ,  0.46652921,  0.60789263, ...,  0.92782361,
          0.93457495,  0.93633489],
        [-0.46652921,  0.        ,  0.16725138, ...,  0.99468973,
          0.99261233,  0.99199587],
        [-0.60789263, -0.16725138,  0.        , ...,  0.96346544,
          0.9583382 ,  0.95690401],
        ...,
        [-0.92782361, -0.99468973, -0.96346544, ...,  0.        ,
         -0.01852607, -0.02350443],
        [-0.93457495, -0.99261233, -0.9583382 , ...,  0.01852607,
          0.        , -0.00497945],
        [-0.93633489, -0.99199587, -0.95690401, ...,  0.02350443,
          0.00497945,  0.        ]],

       [[ 0.        , -0.07137639, -0.12001123, ...,  0.96624748,
          0.98234655,  0.98420543],
        [ 0.07137639,  0.        , -0.04884461, ...,  0.94539535,
          0.96648863,  0.96905939],
        [ 0.12001123,  0.04884461,  0.        , ...,  0.9283472 ,
          0.95279615,  0.95584651],
        ...,
        [-0.96624748, -0.94539535, -0.9283472 , ...,  0.        ,
         -0.0723117 , -0.08249174],
        [-0.98234655, -0.96648863, -0.95279615, ...,  0.0723117 ,
          0.        , -0.01021054],
        [-0.98420543, -0.96905939, -0.95584651, ...,  0.08249174,
          0.01021054,  0.        ]]]), 'num': array([ 7.07101739e-01,  7.07101739e-01,  0.00000000e+00,  2.50647446e-04,
        2.57545999e-04,  2.49497687e-04,  3.70734017e-03, -1.43719866e-06,
        2.47715561e-04,  2.55692013e-04,  2.58619108e-04,  2.00483174e-06,
        2.73059154e-04,  2.38324872e-04])}
{'img': array([[[ 0.        , -0.04348835, -0.11393948, ...,  0.70370972,
          0.90222356,  0.8872142 ],
        [ 0.04348835,  0.        , -0.07062655, ...,  0.7339419 ,
          0.92012516,  0.90643852],
        [ 0.11393948,  0.07062655,  0.        , ...,  0.78007954,
          0.94548653,  0.93400325],
        ...,
        [-0.70370972, -0.7339419 , -0.78007954, ...,  0.        ,
          0.33753071,  0.30569275],
        [-0.90222356, -0.92012516, -0.94548653, ..., -0.33753071,
          0.        , -0.03362016],
        [-0.8872142 , -0.90643852, -0.93400325, ..., -0.30569275,
          0.03362016,  0.        ]],

       [[ 0.        , -0.58357289, -0.48135407, ..., -0.40700526,
         -0.78608005, -0.78684842],
        [ 0.58357289,  0.        ,  0.1206282 , ...,  0.20253755,
         -0.27762395, -0.27881887],
        [ 0.48135407, -0.1206282 ,  0.        , ...,  0.08293045,
         -0.39148296, -0.3926274 ],
        ...,
        [ 0.40700526, -0.20253755, -0.08293045, ...,  0.        ,
         -0.46644581, -0.46754587],
        [ 0.78608005,  0.27762395,  0.39148296, ...,  0.46644581,
          0.        , -0.00124404],
        [ 0.78684842,  0.27881887,  0.3926274 , ...,  0.46754587,
          0.00124404,  0.        ]],

       [[ 0.        ,  0.47875729,  0.66417986, ...,  0.97474955,
          0.9697487 ,  0.96761589],
        [-0.47875729,  0.        ,  0.22520897, ...,  0.9626857 ,
          0.9682555 ,  0.97036711],
        [-0.66417986, -0.22520897,  0.        , ...,  0.87700827,
          0.88708767,  0.89102039],
        ...,
        [-0.97474955, -0.9626857 , -0.87700827, ...,  0.        ,
          0.02139581,  0.02998371],
        [-0.9697487 , -0.9682555 , -0.88708767, ..., -0.02139581,
          0.        ,  0.00859066],
        [-0.96761589, -0.97036711, -0.89102039, ..., -0.02998371,
         -0.00859066,  0.        ]],

       ...,

       [[ 0.        , -0.0761817 ,  0.09211542, ..., -0.67626235,
         -0.99868171, -0.97537599],
        [ 0.0761817 ,  0.        ,  0.16770553, ..., -0.73041717,
         -0.99186904, -0.98934327],
        [-0.09211542, -0.16770553,  0.        , ..., -0.60552928,
         -0.999164  , -0.9509131 ],
        ...,
        [ 0.67626235,  0.73041717,  0.60552928, ...,  0.        ,
          0.77040274,  0.56937264],
        [ 0.99868171,  0.99186904,  0.999164  , ..., -0.77040274,
          0.        , -0.27032452],
        [ 0.97537599,  0.98934327,  0.9509131 , ..., -0.56937264,
          0.27032452,  0.        ]],

       [[ 0.        ,  0.42760039,  0.56416283, ...,  0.94866467,
          0.95029855,  0.9520548 ],
        [-0.42760039,  0.        ,  0.15693101, ...,  0.99280539,
          0.99216851,  0.99144168],
        [-0.56416283, -0.15693101,  0.        , ...,  0.96171332,
          0.96027339,  0.95866989],
        ...,
        [-0.94866467, -0.99280539, -0.96171332, ...,  0.        ,
         -0.00520655, -0.01089674],
        [-0.95029855, -0.99216851, -0.96027339, ...,  0.00520655,
          0.        , -0.00569035],
        [-0.9520548 , -0.99144168, -0.95866989, ...,  0.01089674,
          0.00569035,  0.        ]],

       [[ 0.        , -0.04884461, -0.06677981, ...,  0.96648863,
          0.96905939,  0.97220462],
        [ 0.04884461,  0.        , -0.01796452, ...,  0.95279615,
          0.95584651,  0.95960805],
        [ 0.06677981,  0.01796452,  0.        , ...,  0.94718817,
          0.9504131 ,  0.95439905],
        ...,
        [-0.96648863, -0.95279615, -0.94718817, ...,  0.        ,
         -0.01021054, -0.02328735],
        [-0.96905939, -0.95584651, -0.9504131 , ...,  0.01021054,
          0.        , -0.01307836],
        [-0.97220462, -0.95960805, -0.95439905, ...,  0.02328735,
          0.01307836,  0.        ]]]), 'num': array([7.07105587e-01, 7.07105587e-01, 0.00000000e+00, 2.50648810e-04,
       2.52948340e-04, 2.45762308e-04, 1.69297174e-03, 0.00000000e+00,
       2.47831885e-04, 2.54730476e-04, 2.59329537e-04, 2.22968482e-06,
       2.70935233e-04, 2.38525720e-04])}
{'img': array([[[ 0.        , -0.07062655, -0.58751879, ...,  0.92012516,
          0.90643852,  0.90643852],
        [ 0.07062655,  0.        , -0.52889991, ...,  0.94548653,
          0.93400325,  0.93400325],
        [ 0.58751879,  0.52889991,  0.        , ...,  0.97466167,
          0.98163098,  0.98163098],
        ...,
        [-0.92012516, -0.94548653, -0.97466167, ...,  0.        ,
         -0.03362016, -0.03362016],
        [-0.90643852, -0.93400325, -0.98163098, ...,  0.03362016,
          0.        ,  0.        ],
        [-0.90643852, -0.93400325, -0.98163098, ...,  0.03362016,
          0.        ,  0.        ]],

       [[ 0.        ,  0.11919912,  0.2020247 , ..., -0.27021994,
         -0.27135459, -0.54258061],
        [-0.11919912,  0.        ,  0.08384305, ..., -0.38305812,
         -0.38414663, -0.63883991],
        [-0.2020247 , -0.08384305,  0.        , ..., -0.45915722,
         -0.46020399, -0.70109433],
        ...,
        [ 0.27021994,  0.38305812,  0.45915722, ...,  0.        ,
         -0.00117869, -0.2954101 ],
        [ 0.27135459,  0.38414663,  0.46020399, ...,  0.00117869,
          0.        , -0.29428381],
        [ 0.54258061,  0.63883991,  0.70109433, ...,  0.2954101 ,
          0.29428381,  0.        ]],

       [[ 0.        ,  0.50834731,  0.44581413, ...,  0.98080765,
          0.97900412,  0.97838436],
        [-0.50834731,  0.        , -0.07112087, ...,  0.94374107,
          0.94669325,  0.94766131],
        [-0.44581413,  0.07112087,  0.        , ...,  0.96486987,
          0.96720657,  0.96796884],
        ...,
        [-0.98080765, -0.94374107, -0.96486987, ...,  0.        ,
          0.00904418,  0.01206253],
        [-0.97900412, -0.94669325, -0.96720657, ..., -0.00904418,
          0.        ,  0.00301851],
        [-0.97838436, -0.94766131, -0.96796884, ..., -0.01206253,
         -0.00301851,  0.        ]],

       ...,

       [[ 0.        ,  0.16770553, -0.19786384, ..., -0.99186904,
         -0.98934327, -0.99895585],
        [-0.16770553,  0.        , -0.35945143, ..., -0.999164  ,
         -0.9509131 , -0.99246956],
        [ 0.19786384,  0.35945143,  0.        , ..., -0.94707861,
         -0.99859281, -0.97016642],
        ...,
        [ 0.99186904,  0.999164  ,  0.94707861, ...,  0.        ,
         -0.27032452, -0.08181543],
        [ 0.98934327,  0.9509131 ,  0.99859281, ...,  0.27032452,
          0.        ,  0.19064888],
        [ 0.99895585,  0.99246956,  0.97016642, ...,  0.08181543,
         -0.19064888,  0.        ]],

       [[ 0.        ,  0.39716741,  0.49383623, ...,  0.96098354,
          0.96260187,  0.97340752],
        [-0.39716741,  0.        ,  0.10785743, ...,  0.99179768,
          0.99102478,  0.98432428],
        [-0.49383623, -0.10785743,  0.        , ...,  0.97222582,
          0.97082531,  0.95955948],
        ...,
        [-0.96098354, -0.99179768, -0.97222582, ...,  0.        ,
         -0.00591138, -0.04910748],
        [-0.96260187, -0.99102478, -0.97082531, ...,  0.00591138,
          0.        , -0.04320238],
        [-0.97340752, -0.98432428, -0.95955948, ...,  0.04910748,
          0.04320238,  0.        ]],

       [[ 0.        , -0.01796452,  0.01416868, ...,  0.95584651,
          0.95960805,  0.95817964],
        [ 0.01796452,  0.        ,  0.03212911, ...,  0.9504131 ,
          0.95439905,  0.95288416],
        [-0.01416868, -0.03212911,  0.        , ...,  0.95991426,
          0.96349795,  0.96213808],
        ...,
        [-0.95584651, -0.9504131 , -0.95991426, ...,  0.        ,
         -0.01307836, -0.00804468],
        [-0.95960805, -0.95439905, -0.96349795, ...,  0.01307836,
          0.        ,  0.00503395],
        [-0.95817964, -0.95288416, -0.96213808, ...,  0.00804468,
         -0.00503395,  0.        ]]]), 'num': array([7.07096676e-01, 7.07096676e-01, 0.00000000e+00, 2.50645651e-04,
       2.50645651e-04, 2.42884834e-04, 5.29839612e-03, 0.00000000e+00,
       2.48231175e-04, 2.54051788e-04, 2.60054444e-04, 2.47226185e-06,
       2.69746279e-04, 2.38357296e-04])}
{'img': array([[[ 0.00000000e+00, -5.28899906e-01,  3.63139430e-01, ...,
          9.34003246e-01,  9.34003246e-01,  9.34003246e-01],
        [ 5.28899906e-01,  0.00000000e+00,  8.00985153e-01, ...,
          9.81630978e-01,  9.81630978e-01,  9.81630978e-01],
        [-3.63139430e-01, -8.00985153e-01,  0.00000000e+00, ...,
          7.40506503e-01,  7.40506503e-01,  7.40506503e-01],
        ...,
        [-9.34003246e-01, -9.81630978e-01, -7.40506503e-01, ...,
          0.00000000e+00,  0.00000000e+00,  0.00000000e+00],
        [-9.34003246e-01, -9.81630978e-01, -7.40506503e-01, ...,
          0.00000000e+00,  0.00000000e+00,  0.00000000e+00],
        [-9.34003246e-01, -9.81630978e-01, -7.40506503e-01, ...,
          0.00000000e+00,  0.00000000e+00,  0.00000000e+00]],

       [[ 0.00000000e+00,  8.38430546e-02,  7.36736812e-01, ...,
         -3.84146632e-01, -6.38839912e-01, -2.88029904e-01],
        [-8.38430546e-02,  0.00000000e+00,  6.77449777e-01, ...,
         -4.60203994e-01, -7.01094329e-01, -3.67305648e-01],
        [-7.36736812e-01, -6.77449777e-01,  0.00000000e+00, ...,
         -9.39960662e-01, -9.98771399e-01, -9.00274898e-01],
        ...,
        [ 3.84146632e-01,  4.60203994e-01,  9.39960662e-01, ...,
          0.00000000e+00, -2.94283813e-01,  1.01937067e-01],
        [ 6.38839912e-01,  7.01094329e-01,  9.98771399e-01, ...,
          2.94283813e-01,  0.00000000e+00,  3.90173942e-01],
        [ 2.88029904e-01,  3.67305648e-01,  9.00274898e-01, ...,
         -1.01937067e-01, -3.90173942e-01,  0.00000000e+00]],

       [[ 0.00000000e+00, -2.65370431e-01,  6.79641311e-02, ...,
          9.94160882e-01,  9.94496811e-01,  9.95595621e-01],
        [ 2.65370431e-01,  0.00000000e+00,  3.30284214e-01, ...,
          9.87152363e-01,  9.86642675e-01,  9.84778962e-01],
        [-6.79641311e-02, -3.30284214e-01,  0.00000000e+00, ...,
          9.84528274e-01,  9.85076913e-01,  9.86921826e-01],
        ...,
        [-9.94160882e-01, -9.87152363e-01, -9.84528274e-01, ...,
          0.00000000e+00,  3.15907687e-03,  1.42285969e-02],
        [-9.94496811e-01, -9.86642675e-01, -9.85076913e-01, ...,
         -3.15907687e-03,  0.00000000e+00,  1.10697688e-02],
        [-9.95595621e-01, -9.84778962e-01, -9.86921826e-01, ...,
         -1.42285969e-02, -1.10697688e-02,  0.00000000e+00]],

       ...,

       [[ 0.00000000e+00, -3.59451429e-01, -9.09752846e-02, ...,
         -9.50913099e-01, -9.92469558e-01, -9.98753640e-01],
        [ 3.59451429e-01,  0.00000000e+00,  2.73065996e-01, ...,
         -9.98592812e-01, -9.70166418e-01, -9.14059949e-01],
        [ 9.09752846e-02, -2.73065996e-01,  0.00000000e+00, ...,
         -9.75122839e-01, -9.99497639e-01, -9.90071239e-01],
        ...,
        [ 9.50913099e-01,  9.98592812e-01,  9.75122839e-01, ...,
          0.00000000e+00,  1.90648875e-01,  3.56533918e-01],
        [ 9.92469558e-01,  9.70166418e-01,  9.99497639e-01, ...,
         -1.90648875e-01,  0.00000000e+00,  1.71874593e-01],
        [ 9.98753640e-01,  9.14059949e-01,  9.90071239e-01, ...,
         -3.56533918e-01, -1.71874593e-01,  0.00000000e+00]],

       [[ 0.00000000e+00,  3.13034396e-01,  5.48394817e-01, ...,
          9.70859574e-01,  9.80600914e-01,  9.85153511e-01],
        [-3.13034396e-01,  0.00000000e+00,  2.59067995e-01, ...,
          9.97084318e-01,  9.92677078e-01,  9.89381870e-01],
        [-5.48394817e-01, -2.59067995e-01,  0.00000000e+00, ...,
          9.43274070e-01,  9.27491213e-01,  9.17950705e-01],
        ...,
        [-9.70859574e-01, -9.97084318e-01, -9.43274070e-01, ...,
          0.00000000e+00, -4.46971611e-02, -6.94181095e-02],
        [-9.80600914e-01, -9.92677078e-01, -9.27491213e-01, ...,
          4.46971611e-02,  0.00000000e+00, -2.47593958e-02],
        [-9.85153511e-01, -9.89381870e-01, -9.17950705e-01, ...,
          6.94181095e-02,  2.47593958e-02,  0.00000000e+00]],

       [[ 0.00000000e+00,  3.21291099e-02,  1.45573062e-02, ...,
          9.54399055e-01,  9.52884159e-01,  9.54142291e-01],
        [-3.21291099e-02,  0.00000000e+00, -1.75759147e-02, ...,
          9.63497950e-01,  9.62138076e-01,  9.63267653e-01],
        [-1.45573062e-02,  1.75759147e-02,  0.00000000e+00, ...,
          9.58643772e-01,  9.57198921e-01,  9.58398967e-01],
        ...,
        [-9.54399055e-01, -9.63497950e-01, -9.58643772e-01, ...,
          0.00000000e+00,  5.03394508e-03,  8.58904050e-04],
        [-9.52884159e-01, -9.62138076e-01, -9.57198921e-01, ...,
         -5.03394508e-03,  0.00000000e+00, -4.17505006e-03],
        [-9.54142291e-01, -9.63267653e-01, -9.58398967e-01, ...,
         -8.58904050e-04,  4.17505006e-03,  0.00000000e+00]]]), 'num': array([ 7.07093887e-01,  7.07093887e-01,  0.00000000e+00,  2.46045678e-04,
        2.54956211e-04,  2.44895932e-04,  5.99661606e-03, -4.59898463e-06,
        2.50012302e-04,  2.53418425e-04,  2.60733685e-04,  2.26632656e-06,
        2.69331380e-04,  2.37505470e-04])}
{'img': array([[[ 0.        ,  0.80098515,  0.99945882, ...,  0.98163098,
          0.98163098,  0.99633591],
        [-0.80098515,  0.        ,  0.57201202, ...,  0.7405065 ,
          0.7405065 ,  0.66499589],
        [-0.99945882, -0.57201202,  0.        , ...,  0.22297672,
          0.22297672,  0.11825424],
        ...,
        [-0.98163098, -0.7405065 , -0.22297672, ...,  0.        ,
          0.        , -0.10613512],
        [-0.98163098, -0.7405065 , -0.22297672, ...,  0.        ,
          0.        , -0.10613512],
        [-0.99633591, -0.66499589, -0.11825424, ...,  0.10613512,
          0.10613512,  0.        ]],

       [[ 0.        ,  0.67744978,  0.95127075, ..., -0.70109433,
         -0.36730565, -0.33201209],
        [-0.67744978,  0.        ,  0.490829  , ..., -0.9987714 ,
         -0.9002749 , -0.88323934],
        [-0.95127075, -0.490829  ,  0.        , ..., -0.8945085 ,
         -0.99803843, -0.99968825],
        ...,
        [ 0.70109433,  0.9987714 ,  0.8945085 , ...,  0.        ,
          0.39017394,  0.42457746],
        [ 0.36730565,  0.9002749 ,  0.99803843, ..., -0.39017394,
          0.        ,  0.03766573],
        [ 0.33201209,  0.88323934,  0.99968825, ..., -0.42457746,
         -0.03766573,  0.        ]],

       [[ 0.        ,  0.33028421,  0.64263433, ...,  0.98664267,
          0.98477896,  0.97501578],
        [-0.33028421,  0.        ,  0.35351582, ...,  0.98507691,
          0.98692183,  0.99366727],
        [-0.64263433, -0.35351582,  0.        , ...,  0.86062379,
          0.86620824,  0.88978277],
        ...,
        [-0.98664267, -0.98507691, -0.86062379, ...,  0.        ,
          0.01106977,  0.06033894],
        [-0.98477896, -0.98692183, -0.86620824, ..., -0.01106977,
          0.        ,  0.04928565],
        [-0.97501578, -0.99366727, -0.88978277, ..., -0.06033894,
         -0.04928565,  0.        ]],

       ...,

       [[ 0.        ,  0.273066  ,  0.45046445, ..., -0.97016642,
         -0.91405995, -0.96305063],
        [-0.273066  ,  0.        ,  0.1895529 , ..., -0.99949764,
         -0.99007124, -0.99999243],
        [-0.45046445, -0.1895529 ,  0.        , ..., -0.97536968,
         -0.99876654, -0.98112544],
        ...,
        [ 0.97016642,  0.99949764,  0.97536968, ...,  0.        ,
          0.17187459,  0.02780368],
        [ 0.91405995,  0.99007124,  0.99876654, ..., -0.17187459,
          0.        , -0.14441822],
        [ 0.96305063,  0.99999243,  0.98112544, ..., -0.02780368,
          0.14441822,  0.        ]],

       [[ 0.        ,  0.468334  ,  0.75694694, ...,  0.98451672,
          0.98863676,  0.98992266],
        [-0.468334  ,  0.        ,  0.36275642, ...,  0.95196583,
          0.94391341,  0.94096799],
        [-0.75694694, -0.36275642,  0.        , ...,  0.77604415,
          0.75983814,  0.75408158],
        ...,
        [-0.98451672, -0.95196583, -0.77604415, ...,  0.        ,
         -0.02530221, -0.03410777],
        [-0.98863676, -0.94391341, -0.75983814, ...,  0.02530221,
          0.        , -0.00880936],
        [-0.98992266, -0.94096799, -0.75408158, ...,  0.03410777,
          0.00880936,  0.        ]],

       [[ 0.        , -0.01757591, -0.13607701, ...,  0.96213808,
          0.96326765,  0.96873528],
        [ 0.01757591,  0.        , -0.11864356, ...,  0.95719892,
          0.95839897,  0.96422511],
        [ 0.13607701,  0.11864356,  0.        , ...,  0.91609903,
          0.91776504,  0.9259641 ],
        ...,
        [-0.96213808, -0.95719892, -0.91609903, ...,  0.        ,
         -0.00417505, -0.02533765],
        [-0.96326765, -0.95839897, -0.91776504, ...,  0.00417505,
          0.        , -0.02116372],
        [-0.96873528, -0.96422511, -0.9259641 , ...,  0.02533765,
          0.02116372,  0.        ]]]), 'num': array([7.07100718e-01, 7.07100718e-01, 0.00000000e+00, 2.52946598e-04,
       2.52946598e-04, 2.46048055e-04, 4.07899385e-03, 6.89854359e-06,
       2.50187181e-04, 2.52946598e-04, 2.61641637e-04, 2.83428535e-06,
       2.68313180e-04, 2.37580016e-04])}
{'img': array([[[ 0.        ,  0.95636302,  0.98833995, ...,  0.99992379,
          0.9895729 ,  0.99856796],
        [-0.95636302,  0.        ,  0.43439329, ...,  0.28035185,
          0.15138671,  0.34292611],
        [-0.98833995, -0.43439329,  0.        , ..., -0.1644535 ,
         -0.2930292 , -0.09917117],
        ...,
        [-0.99992379, -0.28035185,  0.1644535 , ...,  0.        ,
         -0.131805  ,  0.06582186],
        [-0.9895729 , -0.15138671,  0.2930292 , ...,  0.131805  ,
          0.        ,  0.19676677],
        [-0.99856796, -0.34292611,  0.09917117, ..., -0.06582186,
         -0.19676677,  0.        ]],

       [[ 0.        ,  0.490829  ,  0.9987714 , ..., -0.9002749 ,
         -0.88323934, -0.93054531],
        [-0.490829  ,  0.        ,  0.8945085 , ..., -0.99803843,
         -0.99968825, -0.9904733 ],
        [-0.9987714 , -0.8945085 ,  0.        , ..., -0.39017394,
         -0.42457746, -0.31961377],
        ...,
        [ 0.9002749 ,  0.99803843,  0.39017394, ...,  0.        ,
          0.03766573, -0.07542694],
        [ 0.88323934,  0.99968825,  0.42457746, ..., -0.03766573,
          0.        , -0.11293186],
        [ 0.93054531,  0.9904733 ,  0.31961377, ...,  0.07542694,
          0.11293186,  0.        ]],

       [[ 0.        ,  0.57640923,  0.8408301 , ...,  0.98869208,
          0.97986132,  0.97886849],
        [-0.57640923,  0.        ,  0.37508392, ...,  0.89435906,
          0.91580159,  0.91776371],
        [-0.8408301 , -0.37508392,  0.        , ...,  0.66126895,
          0.69829438,  0.70180265],
        ...,
        [-0.98869208, -0.89435906, -0.66126895, ...,  0.        ,
          0.05048136,  0.05538739],
        [-0.97986132, -0.91580159, -0.69829438, ..., -0.05048136,
          0.        ,  0.0049129 ],
        [-0.97886849, -0.91776371, -0.70180265, ..., -0.05538739,
         -0.0049129 ,  0.        ]],

       ...,

       [[ 0.        ,  0.1895529 ,  0.28875992, ..., -0.99007124,
         -0.99999243, -0.93347196],
        [-0.1895529 ,  0.        ,  0.10204661, ..., -0.99876654,
         -0.98112544, -0.98453181],
        [-0.28875992, -0.10204661,  0.        , ..., -0.9884857 ,
         -0.9562706 , -0.99727135],
        ...,
        [ 0.99007124,  0.99876654,  0.9884857 , ...,  0.        ,
         -0.14441822,  0.22387455],
        [ 0.99999243,  0.98112544,  0.9562706 , ...,  0.14441822,
          0.        ,  0.36228021],
        [ 0.93347196,  0.98453181,  0.99727135, ..., -0.22387455,
         -0.36228021,  0.        ]],

       [[ 0.        ,  0.65491714,  0.88660061, ...,  0.99520669,
          0.99607262,  0.99783852],
        [-0.65491714,  0.        ,  0.36708208, ...,  0.81612527,
          0.81071912,  0.79710432],
        [-0.88660061, -0.36708208,  0.        , ...,  0.54702282,
          0.53921884,  0.51979787],
        ...,
        [-0.99520669, -0.81612527, -0.54702282, ...,  0.        ,
         -0.00929422, -0.03218374],
        [-0.99607262, -0.81071912, -0.53921884, ...,  0.00929422,
          0.        , -0.02289294],
        [-0.99783852, -0.79710432, -0.51979787, ...,  0.03218374,
          0.02289294,  0.        ]],

       [[ 0.        , -0.11864356, -0.30559163, ...,  0.95839897,
          0.96422511,  0.96375236],
        [ 0.11864356,  0.        , -0.19046523, ...,  0.91776504,
          0.9259641 ,  0.92529137],
        [ 0.30559163,  0.19046523,  0.        , ...,  0.8253261 ,
          0.83709147,  0.83611766],
        ...,
        [-0.95839897, -0.91776504, -0.8253261 , ...,  0.        ,
         -0.02116372, -0.01938642],
        [-0.96422511, -0.9259641 , -0.83709147, ...,  0.02116372,
          0.        ,  0.00177767],
        [-0.96375236, -0.92529137, -0.83611766, ...,  0.01938642,
         -0.00177767,  0.        ]]]), 'num': array([ 7.07094448e-01,  7.07094448e-01,  0.00000000e+00,  2.51507172e-04,
        2.52944355e-04,  2.43746379e-04,  5.86284775e-03, -1.43718384e-06,
        2.50357425e-04,  2.52240135e-04,  2.62228563e-04,  2.68632493e-06,
        2.66472726e-04,  2.38007545e-04])}
{'img': array([[[ 0.        ,  0.71529534,  0.76353989, ...,  0.31650007,
          0.60495885,  0.55306381],
        [-0.71529534,  0.        ,  0.07166908, ..., -0.45734649,
         -0.14680001, -0.20944706],
        [-0.76353989, -0.07166908,  0.        , ..., -0.5199049 ,
         -0.21731514, -0.27898792],
        ...,
        [-0.31650007,  0.45734649,  0.5199049 , ...,  0.        ,
          0.32184411,  0.26094366],
        [-0.60495885,  0.14680001,  0.21731514, ..., -0.32184411,
          0.        , -0.06363396],
        [-0.55306381,  0.20944706,  0.27898792, ..., -0.26094366,
          0.06363396,  0.        ]],

       [[ 0.        ,  0.8945085 , -0.90731773, ..., -0.99968825,
         -0.9904733 , -0.99948968],
        [-0.8945085 ,  0.        , -0.78170944, ..., -0.42457746,
         -0.31961377, -0.4182491 ],
        [ 0.90731773,  0.78170944,  0.        , ..., -0.44296849,
         -0.54138231, -0.44921395],
        ...,
        [ 0.99968825,  0.42457746,  0.44296849, ...,  0.        ,
         -0.11293186, -0.00697823],
        [ 0.9904733 ,  0.31961377,  0.54138231, ...,  0.11293186,
          0.        ,  0.10599552],
        [ 0.99948968,  0.4182491 ,  0.44921395, ...,  0.00697823,
         -0.10599552,  0.        ]],

       [[ 0.        ,  0.717672  ,  0.92840099, ...,  0.99287594,
          0.99222609,  0.99154752],
        [-0.717672  ,  0.        ,  0.3798486 , ...,  0.77693278,
          0.78028079,  0.78360881],
        [-0.92840099, -0.3798486 ,  0.        , ...,  0.4795542 ,
          0.48422923,  0.4888936 ],
        ...,
        [-0.99287594, -0.77693278, -0.4795542 , ...,  0.        ,
          0.00533538,  0.01067418],
        [-0.99222609, -0.78028079, -0.48422923, ..., -0.00533538,
          0.        ,  0.00533895],
        [-0.99154752, -0.78360881, -0.4888936 , ..., -0.01067418,
         -0.00533895,  0.        ]],

       ...,

       [[ 0.        ,  0.10204661,  0.09841287, ..., -0.98112544,
         -0.98453181, -0.9962153 ],
        [-0.10204661,  0.        , -0.00365212, ..., -0.9562706 ,
         -0.99727135, -0.99988456],
        [-0.09841287,  0.00365212,  0.        , ..., -0.95733241,
         -0.99699509, -0.99993338],
        ...,
        [ 0.98112544,  0.9562706 ,  0.95733241, ...,  0.        ,
          0.36228021,  0.2779198 ],
        [ 0.98453181,  0.99727135,  0.99699509, ..., -0.36228021,
          0.        , -0.08896742],
        [ 0.9962153 ,  0.99988456,  0.99993338, ..., -0.2779198 ,
          0.08896742,  0.        ]],

       [[ 0.        ,  0.74591399,  0.92364812, ...,  0.99926681,
          0.99793134,  0.99380815],
        [-0.74591399,  0.        ,  0.3293234 , ...,  0.63699563,
          0.61671058,  0.57904   ],
        [-0.92364812, -0.3293234 ,  0.        , ...,  0.34759755,
          0.32306865,  0.27824245],
        ...,
        [-0.99926681, -0.63699563, -0.34759755, ...,  0.        ,
         -0.02603449, -0.07297891],
        [-0.99793134, -0.61671058, -0.32306865, ...,  0.02603449,
          0.        , -0.04698911],
        [-0.99380815, -0.57904   , -0.27824245, ...,  0.07297891,
          0.04698911,  0.        ]],

       [[ 0.        , -0.19046523, -0.38114628, ...,  0.9259641 ,
          0.92529137,  0.92120195],
        [ 0.19046523,  0.        , -0.19808108, ...,  0.83709147,
          0.83611766,  0.83023125],
        [ 0.38114628,  0.19808108,  0.        , ...,  0.71214223,
          0.71089312,  0.70336656],
        ...,
        [-0.9259641 , -0.83709147, -0.71214223, ...,  0.        ,
          0.00177767,  0.01242205],
        [-0.92529137, -0.83611766, -0.71089312, ..., -0.00177767,
          0.        ,  0.0106445 ],
        [-0.92120195, -0.83023125, -0.70336656, ..., -0.01242205,
         -0.0106445 ,  0.        ]]]), 'num': array([ 7.07092828e-01,  7.07092828e-01,  0.00000000e+00,  2.40871459e-04,
        2.51219159e-04,  2.40871459e-04,  6.24230747e-03, -1.06351360e-05,
        2.48402285e-04,  2.50716146e-04,  2.62227962e-04,  2.39530091e-06,
        2.62806072e-04,  2.38626220e-04])}
{'img': array([[[ 0.        ,  0.07166908,  0.28022381, ..., -0.14680001,
         -0.20944706, -0.71529534],
        [-0.07166908,  0.        ,  0.21070557, ..., -0.21731514,
         -0.27898792, -0.76353989],
        [-0.28022381, -0.21070557,  0.        , ..., -0.41810634,
         -0.47506394, -0.88246346],
        ...,
        [ 0.14680001,  0.21731514,  0.41810634, ...,  0.        ,
         -0.06363396, -0.60495885],
        [ 0.20944706,  0.27898792,  0.47506394, ...,  0.06363396,
          0.        , -0.55306381],
        [ 0.71529534,  0.76353989,  0.88246346, ...,  0.60495885,
          0.55306381,  0.        ]],

       [[ 0.        , -0.78170944, -0.98258085, ..., -0.31961377,
         -0.4182491 , -0.43590986],
        [ 0.78170944,  0.        ,  0.46751004, ..., -0.54138231,
         -0.44921395, -0.43167889],
        [ 0.98258085, -0.46751004,  0.        , ..., -0.87164681,
         -0.81478442, -0.8033057 ],
        ...,
        [ 0.31961377,  0.54138231,  0.87164681, ...,  0.        ,
          0.10599552,  0.12539617],
        [ 0.4182491 ,  0.44921395,  0.81478442, ..., -0.10599552,
          0.        ,  0.01953089],
        [ 0.43590986,  0.43167889,  0.8033057 , ..., -0.12539617,
         -0.01953089,  0.        ]],

       [[ 0.        ,  0.78691175,  0.98886681, ...,  0.99947957,
          0.99966156,  0.99530636],
        [-0.78691175,  0.        ,  0.49310056, ...,  0.59136017,
          0.59638555,  0.53801652],
        [-0.98886681, -0.49310056,  0.        , ...,  0.11682696,
          0.12302803,  0.05240811],
        ...,
        [-0.99947957, -0.59136017, -0.11682696, ...,  0.        ,
          0.00624612, -0.06461717],
        [-0.99966156, -0.59638555, -0.12302803, ..., -0.00624612,
          0.        , -0.07084898],
        [-0.99530636, -0.53801652, -0.05240811, ...,  0.06461717,
          0.07084898,  0.        ]],

       ...,

       [[ 0.        , -0.00365212, -0.0018252 , ..., -0.99727135,
         -0.99988456, -0.97923623],
        [ 0.00365212,  0.        ,  0.00182693, ..., -0.99699509,
         -0.99993338, -0.97997007],
        [ 0.0018252 , -0.00182693,  0.        , ..., -0.99713495,
         -0.99991063, -0.97960461],
        ...,
        [ 0.99727135,  0.99699509,  0.99713495, ...,  0.        ,
         -0.08896742, -0.27445962],
        [ 0.99988456,  0.99993338,  0.99991063, ...,  0.08896742,
          0.        , -0.18782031],
        [ 0.97923623,  0.97997007,  0.97960461, ...,  0.27445962,
          0.18782031,  0.        ]],

       [[ 0.        ,  0.75081545,  0.93759931, ...,  0.96068948,
          0.94263284,  0.8950655 ],
        [-0.75081545,  0.        ,  0.3582239 , ...,  0.42610172,
          0.37197467,  0.25638688],
        [-0.93759931, -0.3582239 ,  0.        , ...,  0.07374748,
          0.01477005, -0.10687805],
        ...,
        [-0.96068948, -0.42610172, -0.07374748, ...,  0.        ,
         -0.05900961, -0.17991208],
        [-0.94263284, -0.37197467, -0.01477005, ...,  0.05900961,
          0.        , -0.12155184],
        [-0.8950655 , -0.25638688,  0.10687805, ...,  0.17991208,
          0.12155184,  0.        ]],

       [[ 0.        , -0.19808108, -0.25698201, ...,  0.83611766,
          0.83023125,  0.82144978],
        [ 0.19808108,  0.        , -0.06046132, ...,  0.71089312,
          0.70336656,  0.69221143],
        [ 0.25698201,  0.06046132,  0.        , ...,  0.66707012,
          0.65910222,  0.64731044],
        ...,
        [-0.83611766, -0.71089312, -0.66707012, ...,  0.        ,
          0.0106445 ,  0.02621549],
        [-0.83023125, -0.70336656, -0.65910222, ..., -0.0106445 ,
          0.        ,  0.01557317],
        [-0.82144978, -0.69221143, -0.64731044, ..., -0.02621549,
         -0.01557317,  0.        ]]]), 'num': array([7.07104329e-01, 7.07104329e-01, 0.00000000e+00, 2.41450259e-04,
       2.43462344e-04, 2.37138647e-04, 2.53884947e-03, 5.74881568e-07,
