state_0,state_1,state_2,state_3,state_4,state_5,state_6,state_7,state_8,state_9,state_10,state_11,state_12,state_13,state_14,state_15,state_16,state_17,state_18,state_19,state_20,state_21,state_22,state_23,state_24,state_25,state_26,state_27,state_28,state_29,state_30,state_31,state_32,state_33,state_34,state_35,state_36,state_37,state_38,state_39,state_40,state_41,state_42,state_43,state_44,state_45,state_46,state_47,state_48,state_49,state_50,state_51,state_52,state_53,state_54,state_55,state_56,state_57,state_58,state_59,state_60,state_61,state_62,state_63,state_64,state_65,state_66,state_67,state_68,state_69,state_70,state_71,state_72,state_73,state_74,state_75,state_76,state_77,state_78,state_79,state_80,state_81,state_82,state_83,state_84,state_85,state_86,state_87,state_88,state_89,state_90,state_91,state_92,state_93,state_94,state_95,state_96,state_97,state_98,state_99,state_100,state_101,state_102,state_103,state_104,state_105,state_106,state_107,state_108,state_109,state_110,state_111,state_112,state_113,state_114,state_115,state_116,state_117,state_118,state_119,state_120,state_121,state_122,state_123,state_124,state_125,state_126,state_127,state_128,state_129,state_130,state_131,state_132,state_133,state_134,state_135,state_136,state_137,state_138,state_139,state_140,state_141,state_142,state_143,state_144,state_145,state_146,state_147,state_148,state_149,state_150,state_151,state_152,state_153,state_154,state_155,state_156,state_157,state_158,state_159,state_160,state_161,state_162,state_163,state_164,state_165,state_166,state_167,state_168,state_169,state_170,state_171,state_172,state_173,state_174,state_175,state_176,state_177,state_178,state_179,state_180,state_181,state_182,state_183,state_184,state_185,state_186,state_187,state_188,state_189,state_190,state_191,state_192,state_193,state_194,state_195,state_196,state_197,state_198,state_199,state_200,state_201,state_202,state_203,state_204,state_205,state_206,state_207,state_208,state_209,state_210,state_211,state_212,state_213,state_214,state_215,state_216,state_217,state_218,state_219,state_220,state_221,state_222,state_223,state_224,state_225,state_226,state_227,state_228,state_229,state_230,state_231,state_232,state_233,state_234,state_235,state_236,state_237,state_238,state_239,state_240,state_241,state_242,state_243,state_244,state_245,state_246,state_247,state_248,state_249,state_250,state_251,state_252,state_253,state_254,state_255,state_256,state_257,state_258,state_259,state_260,state_261,state_262,state_263,state_264,state_265,state_266,state_267,state_268,state_269,state_270,state_271,state_272,state_273,state_274,state_275,state_276,state_277,state_278,state_279,state_280,state_281,state_282,state_283,state_284,state_285,state_286,state_287
{'img': array([[[ 0.        ,  0.52646286,  0.86701327, ..., -0.88770313,
         -0.96980549, -0.9814508 ],
        [-0.52646286,  0.        ,  0.47480449, ..., -0.99711561,
         -0.95292042, -0.93535802],
        [-0.86701327, -0.47480449,  0.        , ..., -0.84151622,
         -0.69468653, -0.65526098],
        ...,
        [ 0.88770313,  0.99711561,  0.84151622, ...,  0.        ,
         -0.23002144, -0.28169067],
        [ 0.96980549,  0.95292042,  0.69468653, ...,  0.23002144,
          0.        , -0.05343051],
        [ 0.9814508 ,  0.93535802,  0.65526098, ...,  0.28169067,
          0.05343051,  0.        ]],

       [[ 0.        ,  0.96154508,  0.74406392, ..., -0.22510242,
         -0.09319126, -0.25336386],
        [-0.96154508,  0.        , -0.43806133, ..., -0.99869087,
         -0.98295536, -0.99975654],
        [-0.74406392,  0.43806133,  0.        , ..., -0.87536042,
         -0.80308779, -0.88906043],
        ...,
        [ 0.22510242,  0.99869087,  0.87536042, ...,  0.        ,
          0.13332331, -0.02910374],
        [ 0.09319126,  0.98295536,  0.80308779, ..., -0.13332331,
          0.        , -0.16211075],
        [ 0.25336386,  0.99975654,  0.88906043, ...,  0.02910374,
          0.16211075,  0.        ]],

       [[ 0.        ,  0.02852284,  0.15684557, ..., -0.98869398,
         -0.99907007, -0.99274958],
        [-0.02852284,  0.        ,  0.12861194, ..., -0.99256864,
         -0.99989338, -0.9889172 ],
        [-0.15684557, -0.12861194,  0.        , ..., -0.99997563,
         -0.99346728, -0.96160947],
        ...,
        [ 0.98869398,  0.99256864,  0.99997563, ...,  0.        ,
         -0.10717936, -0.26770215],
        [ 0.99907007,  0.99989338,  0.99346728, ...,  0.10717936,
          0.        , -0.16289261],
        [ 0.99274958,  0.9889172 ,  0.96160947, ...,  0.26770215,
          0.16289261,  0.        ]],

       ...,

       [[ 0.        ,  0.21703513,  0.47662296, ..., -0.29925836,
         -0.4500848 , -0.647537  ],
        [-0.21703513,  0.        ,  0.2744648 , ..., -0.49921404,
         -0.63316577, -0.79749032],
        [-0.47662296, -0.2744648 ,  0.        , ..., -0.7178607 ,
         -0.82129061, -0.93245774],
        ...,
        [ 0.29925836,  0.49921404,  0.7178607 , ...,  0.        ,
         -0.16222489, -0.3898167 ],
        [ 0.4500848 ,  0.63316577,  0.82129061, ...,  0.16222489,
          0.        , -0.23526143],
        [ 0.647537  ,  0.79749032,  0.93245774, ...,  0.3898167 ,
          0.23526143,  0.        ]],

       [[ 0.        ,  0.00504109,  0.04297696, ..., -0.99923401,
         -0.99767682, -0.99584578],
        [-0.00504109,  0.        ,  0.03793998, ..., -0.99941859,
         -0.99800756, -0.99629215],
        [-0.04297696, -0.03793998,  0.        , ..., -0.9999926 ,
         -0.99968282, -0.99883899],
        ...,
        [ 0.99923401,  0.99941859,  0.9999926 , ...,  0.        ,
          0.02903035,  0.05201574],
        [ 0.99767682,  0.99800756,  0.99968282, ..., -0.02903035,
          0.        ,  0.02300276],
        [ 0.99584578,  0.99629215,  0.99883899, ..., -0.05201574,
         -0.02300276,  0.        ]],

       [[ 0.        ,  0.01421283, -0.00315692, ..., -0.98870556,
         -0.99608685, -0.99956457],
        [-0.01421283,  0.        , -0.01736935, ..., -0.99073579,
         -0.99724236, -0.99988298],
        [ 0.00315692,  0.01736935,  0.        , ..., -0.98822751,
         -0.99580287, -0.99946643],
        ...,
        [ 0.98870556,  0.99073579,  0.98822751, ...,  0.        ,
         -0.06190285, -0.12063176],
        [ 0.99608685,  0.99724236,  0.99580287, ...,  0.06190285,
          0.        , -0.05894961],
        [ 0.99956457,  0.99988298,  0.99946643, ...,  0.12063176,
          0.05894961,  0.        ]]]), 'num': array([ 9.91925984e-01,  1.26300713e-01,  4.03554924e-05,  4.36963812e-04,
        4.44093758e-04,  4.34926685e-04,  1.13706336e-02, -5.09281832e-06,
        4.45723460e-04,  4.67469794e-04,  4.96295145e-04,  2.58227408e-07,
        4.98621694e-04,  4.36317894e-04])}
{'img': array([[[ 0.        ,  0.47480449,  0.69271428, ..., -0.95292042,
         -0.93535802, -0.86024486],
        [-0.47480449,  0.        ,  0.26721706, ..., -0.69468653,
         -0.65526098, -0.51500016],
        [-0.69271428, -0.26721706,  0.        , ..., -0.4772126 ,
         -0.42957685, -0.26721706],
        ...,
        [ 0.95292042,  0.69468653,  0.4772126 , ...,  0.        ,
         -0.05343051, -0.2250323 ],
        [ 0.93535802,  0.65526098,  0.42957685, ...,  0.05343051,
          0.        , -0.17265077],
        [ 0.86024486,  0.51500016,  0.26721706, ...,  0.2250323 ,
          0.17265077,  0.        ]],

       [[ 0.        , -0.43806133, -0.79347335, ..., -0.98295536,
         -0.99975654, -0.98227556],
        [ 0.43806133,  0.        , -0.44668266, ..., -0.80308779,
         -0.88906043, -0.80090043],
        [ 0.79347335,  0.44668266,  0.        , ..., -0.45235593,
         -0.59094887, -0.4490871 ],
        ...,
        [ 0.98295536,  0.80308779,  0.45235593, ...,  0.        ,
         -0.16211075,  0.00366188],
        [ 0.99975654,  0.88906043,  0.59094887, ...,  0.16211075,
          0.        ,  0.16572311],
        [ 0.98227556,  0.80090043,  0.4490871 , ..., -0.00366188,
         -0.16572311,  0.        ]],

       [[ 0.        ,  0.12800777,  0.3769787 , ..., -0.99925411,
         -0.99382343, -0.89320716],
        [-0.12800777,  0.        ,  0.25531375, ..., -0.9959766 ,
         -0.97144202, -0.82830078],
        [-0.3769787 , -0.25531375,  0.        , ..., -0.94008858,
         -0.87866664, -0.65780132],
        ...,
        [ 0.99925411,  0.9959766 ,  0.94008858, ...,  0.        ,
         -0.14926786, -0.48380232],
        [ 0.99382343,  0.97144202,  0.87866664, ...,  0.14926786,
          0.        , -0.34774634],
        [ 0.89320716,  0.82830078,  0.65780132, ...,  0.48380232,
          0.34774634,  0.        ]],

       ...,

       [[ 0.        ,  0.25870173,  0.29130202, ..., -0.57346938,
         -0.71218065, -0.99664146],
        [-0.25870173,  0.        ,  0.03390317, ..., -0.76588235,
         -0.8695437 , -0.98389785],
        [-0.29130202, -0.03390317,  0.        , ..., -0.78724115,
         -0.88578711, -0.97727266],
        ...,
        [ 0.57346938,  0.76588235,  0.78724115, ...,  0.        ,
         -0.18086426, -0.76951481],
        [ 0.71218065,  0.8695437 ,  0.88578711, ...,  0.18086426,
          0.        , -0.64131886],
        [ 0.99664146,  0.98389785,  0.97727266, ...,  0.76951481,
          0.64131886,  0.        ]],

       [[ 0.        ,  0.03793998,  0.07237088, ..., -0.99800756,
         -0.99629215, -0.99540669],
        [-0.03793998,  0.        ,  0.03447829, ..., -0.99968282,
         -0.99883899, -0.99832226],
        [-0.07237088, -0.03447829,  0.        , ..., -0.99995678,
         -0.99990606, -0.99972507],
        ...,
        [ 0.99800756,  0.99968282,  0.99995678, ...,  0.        ,
          0.02300276,  0.03274144],
        [ 0.99629215,  0.99883899,  0.99990606, ..., -0.02300276,
          0.        ,  0.00974234],
        [ 0.99540669,  0.99832226,  0.99972507, ..., -0.03274144,
         -0.00974234,  0.        ]],

       [[ 0.        , -0.01736935, -0.04848141, ..., -0.99724236,
         -0.99988298, -0.99875646],
        [ 0.01736935,  0.        , -0.03112516, ..., -0.99580287,
         -0.99946643, -0.99947174],
        [ 0.04848141,  0.03112516,  0.        , ..., -0.9924717 ,
         -0.99796556, -0.99999905],
        ...,
        [ 0.99724236,  0.99580287,  0.9924717 , ...,  0.        ,
         -0.05894961, -0.12383901],
        [ 0.99988298,  0.99946643,  0.99796556, ...,  0.05894961,
          0.        , -0.06512781],
        [ 0.99875646,  0.99947174,  0.99999905, ...,  0.12383901,
          0.06512781,  0.        ]]]), 'num': array([ 8.62495429e-01,  5.05710578e-01,  1.70710455e-05,  5.48899771e-04,
        5.64657660e-04,  5.47586614e-04,  1.88604063e-02, -1.44447308e-05,
        5.68334500e-04,  5.99456329e-04,  6.36553024e-04,  3.52788541e-07,
        6.45581624e-04,  5.53331035e-04])}
{'img': array([[[ 0.00000000e+00,  2.61077221e-01, -3.27482185e-01, ...,
         -7.72110283e-01, -6.98971232e-01, -2.61077221e-01],
        [-2.61077221e-01,  0.00000000e+00, -5.62805154e-01, ...,
         -5.79420305e-01, -4.88020137e-01, -0.00000000e+00],
        [ 3.27482185e-01,  5.62805154e-01,  0.00000000e+00, ...,
         -9.37645261e-01, -8.94626923e-01, -5.62805154e-01],
        ...,
        [ 7.72110283e-01,  5.79420305e-01,  9.37645261e-01, ...,
          0.00000000e+00, -1.07986281e-01, -5.79420305e-01],
        [ 6.98971232e-01,  4.88020137e-01,  8.94626923e-01, ...,
          1.07986281e-01,  0.00000000e+00, -4.88020137e-01],
        [ 2.61077221e-01,  0.00000000e+00,  5.62805154e-01, ...,
          5.79420305e-01,  4.88020137e-01,  0.00000000e+00]],

       [[ 0.00000000e+00, -4.46682662e-01, -5.17464580e-01, ...,
         -8.89060431e-01, -8.00900431e-01, -7.22516909e-01],
        [ 4.46682662e-01,  0.00000000e+00, -8.07432384e-02, ...,
         -5.90948874e-01, -4.49087096e-01, -3.37614921e-01],
        [ 5.17464580e-01,  8.07432384e-02,  0.00000000e+00, ...,
         -5.23883089e-01, -3.75477684e-01, -2.60510243e-01],
        ...,
        [ 8.89060431e-01,  5.90948874e-01,  5.23883089e-01, ...,
          0.00000000e+00,  1.65723111e-01,  2.83893907e-01],
        [ 8.00900431e-01,  4.49087096e-01,  3.75477684e-01, ...,
         -1.65723111e-01,  0.00000000e+00,  1.21063765e-01],
        [ 7.22516909e-01,  3.37614921e-01,  2.60510243e-01, ...,
         -2.83893907e-01, -1.21063765e-01,  0.00000000e+00]],

       [[ 0.00000000e+00,  2.50339546e-01,  4.61440031e-01, ...,
         -9.94547292e-01, -9.69551868e-01, -8.18322067e-01],
        [-2.50339546e-01,  0.00000000e+00,  2.24652819e-01, ...,
         -9.36771973e-01, -8.77374836e-01, -6.48379996e-01],
        [-4.61440031e-01, -2.24652819e-01,  0.00000000e+00, ...,
         -8.34211929e-01, -7.47158467e-01, -4.60774689e-01],
        ...,
        [ 9.94547292e-01,  9.36771973e-01,  8.34211929e-01, ...,
          0.00000000e+00, -1.42439537e-01, -4.86285965e-01],
        [ 9.69551868e-01,  8.77374836e-01,  7.47158467e-01, ...,
          1.42439537e-01,  0.00000000e+00, -3.56863924e-01],
        [ 8.18322067e-01,  6.48379996e-01,  4.60774689e-01, ...,
          4.86285965e-01,  3.56863924e-01,  0.00000000e+00]],

       ...,

       [[ 0.00000000e+00,  3.39031731e-02,  6.71407569e-02, ...,
         -8.69543704e-01, -9.83897854e-01, -9.99013596e-01],
        [-3.39031731e-02,  0.00000000e+00,  3.32754881e-02, ...,
         -8.85787108e-01, -9.77272662e-01, -9.99944767e-01],
        [-6.71407569e-02, -3.32754881e-02,  0.00000000e+00, ...,
         -9.00739456e-01, -9.69677521e-01, -9.99740744e-01],
        ...,
        [ 8.69543704e-01,  8.85787108e-01,  9.00739456e-01, ...,
          0.00000000e+00, -6.41318863e-01, -4.54756461e-01],
        [ 9.83897854e-01,  9.77272662e-01,  9.69677521e-01, ...,
          6.41318863e-01,  0.00000000e+00,  2.22245709e-01],
        [ 9.99013596e-01,  9.99944767e-01,  9.99740744e-01, ...,
          4.54756461e-01, -2.22245709e-01,  0.00000000e+00]],

       [[ 0.00000000e+00,  3.44782879e-02,  3.73776636e-02, ...,
         -9.98838988e-01, -9.98322263e-01, -9.95429066e-01],
        [-3.44782879e-02,  0.00000000e+00,  2.90124571e-03, ...,
         -9.99906062e-01, -9.99725075e-01, -9.98130038e-01],
        [-3.73776636e-02, -2.90124571e-03,  0.00000000e+00, ...,
         -9.99941619e-01, -9.99788894e-01, -9.98303180e-01],
        ...,
        [ 9.98838988e-01,  9.99906062e-01,  9.99941619e-01, ...,
          0.00000000e+00,  9.74234259e-03,  4.74397120e-02],
        [ 9.98322263e-01,  9.99725075e-01,  9.99788894e-01, ...,
         -9.74234259e-03,  0.00000000e+00,  3.77060869e-02],
        [ 9.95429066e-01,  9.98130038e-01,  9.98303180e-01, ...,
         -4.74397120e-02, -3.77060869e-02,  0.00000000e+00]],

       [[ 0.00000000e+00, -3.11251644e-02, -3.06938127e-02, ...,
         -9.99466435e-01, -9.99471742e-01, -9.91925766e-01],
        [ 3.11251644e-02,  0.00000000e+00,  4.31557929e-04, ...,
         -9.97965559e-01, -9.99999054e-01, -9.95392462e-01],
        [ 3.06938127e-02, -4.31557929e-04,  0.00000000e+00, ...,
         -9.97992980e-01, -9.99998368e-01, -9.95350989e-01],
        ...,
        [ 9.99466435e-01,  9.97965559e-01,  9.97992980e-01, ...,
          0.00000000e+00, -6.51278144e-02, -1.59151067e-01],
        [ 9.99471742e-01,  9.99999054e-01,  9.99998368e-01, ...,
          6.51278144e-02,  0.00000000e+00, -9.45154671e-02],
        [ 9.91925766e-01,  9.95392462e-01,  9.95350989e-01, ...,
          1.59151067e-01,  9.45154671e-02,  0.00000000e+00]]]), 'num': array([ 7.99990890e-01,  5.99676585e-01,  9.86769975e-06,  4.98294291e-04,
        5.04430920e-04,  4.93384988e-04,  2.00067858e-02, -1.47279101e-05,
        5.21122552e-04,  5.55794506e-04,  5.91223312e-04,  2.51759147e-07,
        6.04723264e-04,  5.06865749e-04])}
{'img': array([[[ 0.00000000e+00, -5.45919186e-01, -6.34438951e-01, ...,
         -6.59902377e-01, -4.92574519e-01, -0.00000000e+00],
        [ 5.45919186e-01,  0.00000000e+00, -1.09576183e-01, ...,
         -9.63068299e-01, -8.87794807e-01, -5.45919186e-01],
        [ 6.34438951e-01,  1.09576183e-01,  0.00000000e+00, ...,
         -9.86773266e-01, -9.32880148e-01, -6.34438951e-01],
        ...,
        [ 6.59902377e-01,  9.63068299e-01,  9.86773266e-01, ...,
          0.00000000e+00, -2.04196889e-01, -6.59902377e-01],
        [ 4.92574519e-01,  8.87794807e-01,  9.32880148e-01, ...,
          2.04196889e-01,  0.00000000e+00, -4.92574519e-01],
        [ 0.00000000e+00,  5.45919186e-01,  6.34438951e-01, ...,
          6.59902377e-01,  4.92574519e-01,  0.00000000e+00]],

       [[ 0.00000000e+00, -8.07432384e-02, -2.07858251e-01, ...,
         -4.49087096e-01, -3.37614921e-01, -2.75628037e-01],
        [ 8.07432384e-02,  0.00000000e+00, -1.28199858e-01, ...,
         -3.75477684e-01, -2.60510243e-01, -1.97112495e-01],
        [ 2.07858251e-01,  1.28199858e-01,  0.00000000e+00, ...,
         -2.53559717e-01, -1.34587348e-01, -6.98013033e-02],
        ...,
        [ 4.49087096e-01,  3.75477684e-01,  2.53559717e-01, ...,
          0.00000000e+00,  1.21063765e-01,  1.85421085e-01],
        [ 3.37614921e-01,  2.60510243e-01,  1.34587348e-01, ...,
         -1.21063765e-01,  0.00000000e+00,  6.50928460e-02],
        [ 2.75628037e-01,  1.97112495e-01,  6.98013033e-02, ...,
         -1.85421085e-01, -6.50928460e-02,  0.00000000e+00]],

       [[ 0.00000000e+00,  2.18150498e-01,  6.33153845e-01, ...,
         -9.56631756e-01, -9.13303646e-01, -6.33153845e-01],
        [-2.18150498e-01,  0.00000000e+00,  4.49050271e-01, ...,
         -8.70044177e-01, -8.02458666e-01, -4.49050271e-01],
        [-6.33153845e-01, -4.49050271e-01,  0.00000000e+00, ...,
         -5.56020120e-01, -4.49050271e-01, -0.00000000e+00],
        ...,
        [ 9.56631756e-01,  8.70044177e-01,  5.56020120e-01, ...,
          0.00000000e+00, -1.23570999e-01, -5.56020120e-01],
        [ 9.13303646e-01,  8.02458666e-01,  4.49050271e-01, ...,
          1.23570999e-01,  0.00000000e+00, -4.49050271e-01],
        [ 6.33153845e-01,  4.49050271e-01,  0.00000000e+00, ...,
          5.56020120e-01,  4.49050271e-01,  0.00000000e+00]],

       ...,

       [[ 0.00000000e+00,  3.22427781e-02, -3.07674683e-02, ...,
         -9.88773438e-01, -9.78352159e-01, -9.70206219e-01],
        [-3.22427781e-02,  0.00000000e+00, -6.29789847e-02, ...,
         -9.93077139e-01, -9.84516027e-01, -9.61889976e-01],
        [ 3.07674683e-02,  6.29789847e-02,  0.00000000e+00, ...,
         -9.83707970e-01, -9.71521743e-01, -9.77201254e-01],
        ...,
        [ 9.88773438e-01,  9.93077139e-01,  9.83707970e-01, ...,
          0.00000000e+00,  5.84358367e-02, -3.84531284e-01],
        [ 9.78352159e-01,  9.84516027e-01,  9.71521743e-01, ...,
         -5.84358367e-02,  0.00000000e+00, -4.37817004e-01],
        [ 9.70206219e-01,  9.61889976e-01,  9.77201254e-01, ...,
          3.84531284e-01,  4.37817004e-01,  0.00000000e+00]],

       [[ 0.00000000e+00,  2.90124571e-03,  1.05335622e-02, ...,
         -9.99725075e-01, -9.98130038e-01, -9.96784157e-01],
        [-2.90124571e-03,  0.00000000e+00,  7.63243311e-03, ...,
         -9.99788894e-01, -9.98303180e-01, -9.97012449e-01],
        [-1.05335622e-02, -7.63243311e-03,  0.00000000e+00, ...,
         -9.99916594e-01, -9.98718540e-01, -9.97572945e-01],
        ...,
        [ 9.99725075e-01,  9.99788894e-01,  9.99916594e-01, ...,
          0.00000000e+00,  3.77060869e-02,  5.67393825e-02],
        [ 9.98130038e-01,  9.98303180e-01,  9.98718540e-01, ...,
         -3.77060869e-02,  0.00000000e+00,  1.90536903e-02],
        [ 9.96784157e-01,  9.97012449e-01,  9.97572945e-01, ...,
         -5.67393825e-02, -1.90536903e-02,  0.00000000e+00]],

       [[ 0.00000000e+00,  4.31557929e-04,  4.83181099e-02, ...,
         -9.99999054e-01, -9.95392462e-01, -9.77091290e-01],
        [-4.31557929e-04,  0.00000000e+00,  4.78870516e-02, ...,
         -9.99998368e-01, -9.95350989e-01, -9.76999355e-01],
        [-4.83181099e-02, -4.78870516e-02,  0.00000000e+00, ...,
         -9.98764600e-01, -9.89596881e-01, -9.65666956e-01],
        ...,
        [ 9.99999054e-01,  9.99998368e-01,  9.98764600e-01, ...,
          0.00000000e+00, -9.45154671e-02, -2.11476583e-01],
        [ 9.95392462e-01,  9.95350989e-01,  9.89596881e-01, ...,
          9.45154671e-02,  0.00000000e+00, -1.18152068e-01],
        [ 9.77091290e-01,  9.76999355e-01,  9.65666956e-01, ...,
          2.11476583e-01,  1.18152068e-01,  0.00000000e+00]]]), 'num': array([7.48327353e-01, 6.63105059e-01, 4.17756344e-06, 4.68254364e-04,
       4.84321916e-04, 4.64811317e-04, 1.72002223e-02, 2.29536453e-06,
       4.80878869e-04, 5.15825794e-04, 5.49357244e-04, 2.61497225e-07,
       5.65031659e-04, 4.66619929e-04])}
{'img': array([[[ 0.        , -0.11278623, -0.21024115, ..., -0.87978005,
         -0.53027439, -0.69456724],
        [ 0.11278623,  0.        , -0.09863425, ..., -0.92778284,
         -0.62251396, -0.77127694],
        [ 0.21024115,  0.09863425,  0.        , ..., -0.96006121,
         -0.69667045, -0.83029668],
        ...,
        [ 0.87978005,  0.92778284,  0.96006121, ...,  0.        ,
         -0.49381812, -0.30275417],
        [ 0.53027439,  0.62251396,  0.69667045, ...,  0.49381812,
          0.        ,  0.20737809],
        [ 0.69456724,  0.77127694,  0.83029668, ...,  0.30275417,
         -0.20737809,  0.        ]],

       [[ 0.        , -0.12819986, -0.18467082, ..., -0.26051024,
         -0.1971125 , -0.2396636 ],
        [ 0.12819986,  0.        , -0.0571521 , ..., -0.13458735,
         -0.0698013 , -0.11322238],
        [ 0.18467082,  0.0571521 ,  0.        , ..., -0.07773525,
         -0.01267451, -0.05625272],
        ...,
        [ 0.26051024,  0.13458735,  0.07773525, ...,  0.        ,
          0.06509285,  0.02152965],
        [ 0.1971125 ,  0.0698013 ,  0.01267451, ..., -0.06509285,
          0.        , -0.04359376],
        [ 0.2396636 ,  0.11322238,  0.05625272, ..., -0.02152965,
          0.04359376,  0.        ]],

       [[ 0.        ,  0.44153687,  0.310381  , ..., -0.86952334,
         -0.74074007, -0.44153687],
        [-0.44153687,  0.        , -0.14124314, ..., -0.56210237,
         -0.3680031 , -0.        ],
        [-0.310381  ,  0.14124314,  0.        , ..., -0.67328489,
         -0.49564519, -0.14124314],
        ...,
        [ 0.86952334,  0.56210237,  0.67328489, ...,  0.        ,
         -0.21829312, -0.56210237],
        [ 0.74074007,  0.3680031 ,  0.49564519, ...,  0.21829312,
          0.        , -0.3680031 ],
        [ 0.44153687,  0.        ,  0.14124314, ...,  0.56210237,
          0.3680031 ,  0.        ]],

       ...,

       [[ 0.        , -0.06297898,  0.0111023 , ..., -0.98451603,
         -0.96188998, -0.9999722 ],
        [ 0.06297898,  0.        ,  0.07405536, ..., -0.97152174,
         -0.97720125, -0.99845668],
        [-0.0111023 , -0.07405536,  0.        , ..., -0.98640152,
         -0.95879492, -0.99982779],
        ...,
        [ 0.98451603,  0.97152174,  0.98640152, ...,  0.        ,
         -0.437817  , -0.18263028],
        [ 0.96188998,  0.97720125,  0.95879492, ...,  0.437817  ,
          0.        ,  0.26625732],
        [ 0.9999722 ,  0.99845668,  0.99982779, ...,  0.18263028,
         -0.26625732,  0.        ]],

       [[ 0.        ,  0.00763243,  0.00628889, ..., -0.99830318,
         -0.99701245, -0.99751492],
        [-0.00763243,  0.        , -0.00134358, ..., -0.99871854,
         -0.99757295, -0.99802361],
        [-0.00628889,  0.00134358,  0.        , ..., -0.99864964,
         -0.99747849, -0.99793828],
        ...,
        [ 0.99830318,  0.99871854,  0.99864964, ...,  0.        ,
          0.01905369,  0.01225052],
        [ 0.99701245,  0.99757295,  0.99747849, ..., -0.01905369,
          0.        , -0.00680397],
        [ 0.99751492,  0.99802361,  0.99793828, ..., -0.01225052,
          0.00680397,  0.        ]],

       [[ 0.        ,  0.04788705,  0.0413801 , ..., -0.99535099,
         -0.97699935, -0.95219139],
        [-0.04788705,  0.        , -0.0065134 , ..., -0.98959688,
         -0.96566696, -0.93646939],
        [-0.0413801 ,  0.0065134 ,  0.        , ..., -0.99051296,
         -0.96733855, -0.9387341 ],
        ...,
        [ 0.99535099,  0.98959688,  0.99051296, ...,  0.        ,
         -0.11815207, -0.2123724 ],
        [ 0.97699935,  0.96566696,  0.96733855, ...,  0.11815207,
          0.        , -0.09542796],
        [ 0.95219139,  0.93646939,  0.9387341 , ...,  0.2123724 ,
          0.09542796,  0.        ]]]), 'num': array([ 8.12052856e-01,  5.83245231e-01,  1.15559406e-05,  4.97407880e-04,
        5.17505168e-04,  4.97407880e-04,  1.98198199e-02, -1.50729661e-05,
        5.16751520e-04,  5.59646669e-04,  5.97475627e-04,  2.79129001e-07,
        6.18938326e-04,  5.00355012e-04])}
{'img': array([[[ 0.00000000e+00, -9.57165399e-02, -1.95248986e-01, ...,
         -8.96502783e-01, -9.15372794e-01, -6.08160050e-01],
        [ 9.57165399e-02,  0.00000000e+00, -1.00478175e-01, ...,
         -9.34792683e-01, -9.49706159e-01, -6.81348934e-01],
        [ 1.95248986e-01,  1.00478175e-01,  0.00000000e+00, ...,
         -9.65751168e-01, -9.76363930e-01, -7.51446686e-01],
        ...,
        [ 8.96502783e-01,  9.34792683e-01,  9.65751168e-01, ...,
          0.00000000e+00,  4.46064473e-02, -4.42218775e-01],
        [ 9.15372794e-01,  9.49706159e-01,  9.76363930e-01, ...,
         -4.46064473e-02,  0.00000000e+00, -4.81786451e-01],
        [ 6.08160050e-01,  6.81348934e-01,  7.51446686e-01, ...,
          4.42218775e-01,  4.81786451e-01,  0.00000000e+00]],

       [[ 0.00000000e+00, -5.71521012e-02,  1.41774499e-02, ...,
         -6.98013033e-02, -1.13222381e-01, -8.68101917e-02],
        [ 5.71521012e-02,  0.00000000e+00,  7.13006338e-02, ...,
         -1.26745096e-02, -5.62527224e-02, -2.97319544e-02],
        [-1.41774499e-02, -7.13006338e-02,  0.00000000e+00, ...,
         -8.39371579e-02, -1.27297286e-01, -1.00925395e-01],
        ...,
        [ 6.98013033e-02,  1.26745096e-02,  8.39371579e-02, ...,
          0.00000000e+00, -4.35937636e-02, -1.70606599e-02],
        [ 1.13222381e-01,  5.62527224e-02,  1.27297286e-01, ...,
          4.35937636e-02,  0.00000000e+00,  2.65429778e-02],
        [ 8.68101917e-02,  2.97319544e-02,  1.00925395e-01, ...,
          1.70606599e-02, -2.65429778e-02,  0.00000000e+00]],

       [[ 0.00000000e+00, -1.38011532e-01, -4.00565921e-01, ...,
         -5.39313198e-01, -4.16597790e-01, -0.00000000e+00],
        [ 1.38011532e-01,  0.00000000e+00, -2.70277212e-01, ...,
         -6.50372544e-01, -5.38076238e-01, -1.38011532e-01],
        [ 4.00565921e-01,  2.70277212e-01,  0.00000000e+00, ...,
         -8.31474065e-01, -7.45866038e-01, -4.00565921e-01],
        ...,
        [ 5.39313198e-01,  6.50372544e-01,  8.31474065e-01, ...,
          0.00000000e+00, -1.39465534e-01, -5.39313198e-01],
        [ 4.16597790e-01,  5.38076238e-01,  7.45866038e-01, ...,
          1.39465534e-01,  0.00000000e+00, -4.16597790e-01],
        [ 0.00000000e+00,  1.38011532e-01,  4.00565921e-01, ...,
          5.39313198e-01,  4.16597790e-01,  0.00000000e+00]],

       ...,

       [[ 0.00000000e+00,  7.40553599e-02,  0.00000000e+00, ...,
         -9.77201254e-01, -9.98456684e-01, -9.99806917e-01],
        [-7.40553599e-02,  0.00000000e+00, -7.40553599e-02, ...,
         -9.58794916e-01, -9.99827794e-01, -9.98516780e-01],
        [ 0.00000000e+00,  7.40553599e-02,  0.00000000e+00, ...,
         -9.77201254e-01, -9.98456684e-01, -9.99806917e-01],
        ...,
        [ 9.77201254e-01,  9.58794916e-01,  9.77201254e-01, ...,
          0.00000000e+00,  2.66257315e-01,  2.31476300e-01],
        [ 9.98456684e-01,  9.99827794e-01,  9.98456684e-01, ...,
         -2.66257315e-01,  0.00000000e+00, -3.59054454e-02],
        [ 9.99806917e-01,  9.98516780e-01,  9.99806917e-01, ...,
         -2.31476300e-01,  3.59054454e-02,  0.00000000e+00]],

       [[ 0.00000000e+00, -1.34357727e-03, -5.40599328e-02, ...,
         -9.97572945e-01, -9.98023609e-01, -9.97527530e-01],
        [ 1.34357727e-03,  0.00000000e+00, -5.27182715e-02, ...,
         -9.97478493e-01, -9.97938277e-01, -9.97432207e-01],
        [ 5.40599328e-02,  5.27182715e-02,  0.00000000e+00, ...,
         -9.92350040e-01, -9.93167060e-01, -9.92269679e-01],
        ...,
        [ 9.97572945e-01,  9.97478493e-01,  9.92350040e-01, ...,
          0.00000000e+00, -6.80396599e-03,  6.49231143e-04],
        [ 9.98023609e-01,  9.97938277e-01,  9.93167060e-01, ...,
          6.80396599e-03,  0.00000000e+00,  7.45318067e-03],
        [ 9.97527530e-01,  9.97432207e-01,  9.92269679e-01, ...,
         -6.49231143e-04, -7.45318067e-03,  0.00000000e+00]],

       [[ 0.00000000e+00, -6.51340373e-03, -1.07602754e-02, ...,
         -9.65666956e-01, -9.36469395e-01, -8.81927853e-01],
        [ 6.51340373e-03,  0.00000000e+00, -4.24702053e-03, ...,
         -9.67338545e-01, -9.38734102e-01, -8.84979462e-01],
        [ 1.07602754e-02,  4.24702053e-03,  0.00000000e+00, ...,
         -9.68406389e-01, -9.40189338e-01, -8.86949021e-01],
        ...,
        [ 9.65666956e-01,  9.67338545e-01,  9.68406389e-01, ...,
          0.00000000e+00, -9.54279602e-02, -2.26090276e-01],
        [ 9.36469395e-01,  9.38734102e-01,  9.40189338e-01, ...,
          9.54279602e-02,  0.00000000e+00, -1.32101494e-01],
        [ 8.81927853e-01,  8.84979462e-01,  8.86949021e-01, ...,
          2.26090276e-01,  1.32101494e-01,  0.00000000e+00]]]), 'num': array([ 7.70171043e-01,  6.37342194e-01,  6.95439000e-06,  4.58030514e-04,
        4.76016005e-04,  4.53234383e-04,  2.50888492e-02, -1.67864586e-05,
        4.82011169e-04,  5.28533640e-04,  5.66582947e-04,  2.37171315e-07,
        5.91386750e-04,  4.65680531e-04])}
{'img': array([[[ 0.        , -0.09647096, -0.02861003, ..., -0.99215674,
         -0.9482293 , -0.66143783],
        [ 0.09647096,  0.        ,  0.06795488, ..., -0.99958799,
         -0.97444444, -0.73070597],
        [ 0.02861003, -0.06795488,  0.        , ..., -0.99532686,
         -0.9569273 , -0.68262459],
        ...,
        [ 0.99215674,  0.99958799,  0.99532686, ...,  0.        ,
         -0.19656694, -0.66143783],
        [ 0.9482293 ,  0.97444444,  0.9569273 , ...,  0.19656694,
          0.        , -0.50110824],
        [ 0.66143783,  0.73070597,  0.68262459, ...,  0.66143783,
          0.50110824,  0.        ]],

       [[ 0.        ,  0.07130063, -0.07244723, ..., -0.05625272,
         -0.02973195,  0.12642789],
        [-0.07130063,  0.        , -0.14337612, ..., -0.12729729,
         -0.1009254 ,  0.05537761],
        [ 0.07244723,  0.14337612,  0.        , ...,  0.01622761,
          0.04276138,  0.19796157],
        ...,
        [ 0.05625272,  0.12729729, -0.01622761, ...,  0.        ,
          0.02654298,  0.18202904],
        [ 0.02973195,  0.1009254 , -0.04276138, ..., -0.02654298,
          0.        ,  0.15586538],
        [-0.12642789, -0.05537761, -0.19796157, ..., -0.18202904,
         -0.15586538,  0.        ]],

       [[ 0.        , -0.36890955, -0.50438097, ..., -0.59109983,
         -0.449937  , -0.        ],
        [ 0.36890955,  0.        , -0.15025815, ..., -0.84696863,
         -0.7476593 , -0.36890955],
        [ 0.50438097,  0.15025815,  0.        , ..., -0.9172365 ,
         -0.83895478, -0.50438097],
        ...,
        [ 0.59109983,  0.84696863,  0.9172365 , ...,  0.        ,
         -0.16496932, -0.59109983],
        [ 0.449937  ,  0.7476593 ,  0.83895478, ...,  0.16496932,
          0.        , -0.449937  ],
        [ 0.        ,  0.36890955,  0.50438097, ...,  0.59109983,
          0.449937  ,  0.        ]],

       ...,

       [[ 0.        , -0.07371303, -0.07371303, ..., -0.99985656,
         -0.99990573, -0.95755776],
        [ 0.07371303,  0.        ,  0.        , ..., -0.99588796,
         -0.99819762, -0.97619987],
        [ 0.07371303,  0.        ,  0.        , ..., -0.99588796,
         -0.99819762, -0.97619987],
        ...,
        [ 0.99985656,  0.99588796,  0.99588796, ...,  0.        ,
         -0.0306643 , -0.30441833],
        [ 0.99990573,  0.99819762,  0.99819762, ...,  0.0306643 ,
          0.        , -0.27506624],
        [ 0.95755776,  0.97619987,  0.97619987, ...,  0.30441833,
          0.27506624,  0.        ]],

       [[ 0.        , -0.05271827, -0.10698463, ..., -0.99793828,
         -0.99743221, -0.99682568],
        [ 0.05271827,  0.        , -0.05442015, ..., -0.99316706,
         -0.99226968, -0.99124234],
        [ 0.10698463,  0.05442015,  0.        , ..., -0.98534441,
         -0.9840457 , -0.98258697],
        ...,
        [ 0.99793828,  0.99316706,  0.98534441, ...,  0.        ,
          0.00745318,  0.01547377],
        [ 0.99743221,  0.99226968,  0.9840457 , ..., -0.00745318,
          0.        ,  0.00802106],
        [ 0.99682568,  0.99124234,  0.98258697, ..., -0.01547377,
         -0.00802106,  0.        ]],

       [[ 0.        , -0.00424702,  0.03805426, ..., -0.9387341 ,
         -0.88497946, -0.78433564],
        [ 0.00424702,  0.        ,  0.04229786, ..., -0.94018934,
         -0.88694902, -0.78696315],
        [-0.03805426, -0.04229786,  0.        , ..., -0.92493905,
         -0.86661924, -0.76016108],
        ...,
        [ 0.9387341 ,  0.94018934,  0.92493905, ...,  0.        ,
         -0.13210149, -0.31201599],
        [ 0.88497946,  0.88694902,  0.86661924, ...,  0.13210149,
          0.        , -0.18377497],
        [ 0.78433564,  0.78696315,  0.76016108, ...,  0.31201599,
          0.18377497,  0.        ]]]), 'num': array([ 9.73702012e-01,  2.27427047e-01,  3.93812646e-05,  5.78059616e-04,
        5.87210956e-04,  5.67383053e-04,  1.33459781e-02, -4.57566979e-06,
        6.01243010e-04,  6.64463514e-04,  7.16016060e-04,  2.62404002e-07,
        7.48918887e-04,  5.80008141e-04])}
