state_0,state_1,state_2,state_3,state_4,state_5,state_6,state_7,state_8,state_9,state_10,state_11,state_12,state_13,state_14,state_15,state_16,state_17,state_18,state_19,state_20,state_21,state_22,state_23,state_24,state_25,state_26,state_27,state_28,state_29,state_30,state_31,state_32,state_33,state_34,state_35,state_36,state_37,state_38,state_39,state_40,state_41,state_42,state_43,state_44,state_45,state_46,state_47,state_48,state_49,state_50,state_51,state_52,state_53,state_54,state_55,state_56,state_57,state_58,state_59,state_60,state_61,state_62,state_63,state_64,state_65,state_66,state_67,state_68,state_69,state_70,state_71,state_72,state_73,state_74,state_75,state_76,state_77,state_78,state_79,state_80,state_81,state_82,state_83,state_84,state_85,state_86,state_87,state_88,state_89,state_90,state_91,state_92,state_93,state_94,state_95,state_96,state_97,state_98,state_99,state_100,state_101,state_102,state_103,state_104,state_105,state_106,state_107,state_108,state_109,state_110,state_111,state_112,state_113,state_114,state_115,state_116,state_117,state_118,state_119,state_120,state_121,state_122,state_123,state_124,state_125,state_126,state_127,state_128,state_129,state_130,state_131,state_132,state_133,state_134,state_135,state_136,state_137,state_138,state_139,state_140,state_141,state_142,state_143,state_144,state_145,state_146,state_147,state_148,state_149,state_150,state_151,state_152,state_153,state_154,state_155,state_156,state_157,state_158,state_159,state_160,state_161,state_162,state_163,state_164,state_165,state_166,state_167,state_168,state_169,state_170,state_171,state_172,state_173,state_174,state_175,state_176,state_177,state_178,state_179,state_180,state_181,state_182,state_183,state_184,state_185,state_186,state_187,state_188,state_189,state_190,state_191,state_192,state_193,state_194,state_195,state_196,state_197,state_198,state_199,state_200,state_201,state_202,state_203,state_204,state_205,state_206,state_207,state_208,state_209,state_210,state_211,state_212,state_213,state_214,state_215,state_216,state_217,state_218,state_219,state_220,state_221,state_222,state_223,state_224,state_225,state_226,state_227,state_228,state_229,state_230,state_231,state_232,state_233,state_234,state_235,state_236,state_237,state_238,state_239,state_240,state_241,state_242,state_243,state_244,state_245,state_246,state_247,state_248,state_249,state_250,state_251,state_252,state_253,state_254,state_255,state_256,state_257,state_258,state_259,state_260,state_261,state_262,state_263,state_264,state_265,state_266,state_267,state_268,state_269,state_270,state_271,state_272,state_273,state_274,state_275,state_276,state_277,state_278,state_279,state_280,state_281,state_282,state_283,state_284,state_285,state_286,state_287
{'img': array([[[ 0.        ,  0.40268406,  0.42604703, ...,  0.16932909,
          0.80101758,  0.985203  ],
        [-0.40268406,  0.        ,  0.0256688 , ...,  0.55186265,
          0.97426578,  0.97081139],
        [-0.42604703, -0.0256688 ,  0.        , ...,  0.57308693,
          0.97973056,  0.964335  ],
        ...,
        [-0.16932909, -0.55186265, -0.57308693, ...,  0.        ,
         -0.68808323, -0.94195467],
        [-0.80101758, -0.97426578, -0.97973056, ...,  0.68808323,
          0.        , -0.45249512],
        [-0.985203  , -0.97081139, -0.964335  , ...,  0.94195467,
          0.45249512,  0.        ]],

       [[ 0.        ,  0.10092552,  0.38023176, ...,  0.43571998,
          0.93819991,  0.65855574],
        [-0.10092552,  0.        ,  0.28494516, ...,  0.34265391,
          0.89847975,  0.73114282],
        [-0.38023176, -0.28494516,  0.        , ...,  0.06075372,
          0.73613702,  0.89522898],
        ...,
        [-0.43571998, -0.34265391, -0.06075372, ...,  0.        ,
          0.69365712,  0.92064755],
        [-0.93819991, -0.89847975, -0.73613702, ..., -0.69365712,
          0.        ,  0.93394748],
        [-0.65855574, -0.73114282, -0.89522898, ..., -0.92064755,
         -0.93394748,  0.        ]],

       [[ 0.        ,  0.23023809,  0.41689375, ...,  0.        ,
          0.07720906,  0.4625999 ],
        [-0.23023809,  0.        ,  0.19641751, ...,  0.23023809,
          0.3046856 ,  0.65429337],
        [-0.41689375, -0.19641751,  0.        , ...,  0.41689375,
          0.48582887,  0.7900869 ],
        ...,
        [-0.        , -0.23023809, -0.41689375, ...,  0.        ,
         -0.07720906, -0.4625999 ],
        [-0.07720906, -0.3046856 , -0.48582887, ...,  0.07720906,
          0.        , -0.39276799],
        [-0.4625999 , -0.65429337, -0.7900869 , ...,  0.4625999 ,
          0.39276799,  0.        ]],

       ...,

       [[ 0.        ,  0.78534648,  0.97064579, ...,  0.6860949 ,
          0.9591162 ,  0.90434616],
        [-0.78534648,  0.        ,  0.41199812, ...,  0.99608051,
          0.81601001,  0.22465566],
        [-0.97064579, -0.41199812,  0.        , ...,  0.8711716 ,
          0.50538535, -0.19676392],
        ...,
        [-0.6860949 , -0.99608051, -0.8711716 , ...,  0.        ,
         -0.50359513, -0.95074786],
        [-0.9591162 , -0.81601001, -0.50538535, ...,  0.50359513,
          0.        , -0.66529187],
        [-0.90434616, -0.22465566,  0.19676392, ...,  0.95074786,
          0.66529187,  0.        ]],

       [[ 0.        ,  0.1529164 ,  0.22566549, ...,  0.15903815,
          0.        ,  0.03274463],
        [-0.1529164 ,  0.        ,  0.07403957, ...,  0.30813787,
          0.1529164 ,  0.18519392],
        [-0.22566549, -0.07403957,  0.        , ...,  0.37772905,
          0.22566549,  0.25744445],
        ...,
        [-0.15903815, -0.30813787, -0.37772905, ...,  0.        ,
          0.15903815,  0.12662499],
        [-0.        , -0.1529164 , -0.22566549, ..., -0.15903815,
          0.        , -0.03274463],
        [-0.03274463, -0.18519392, -0.25744445, ..., -0.12662499,
          0.03274463,  0.        ]],

       [[ 0.        ,  0.06902773,  0.07902794, ...,  0.59053148,
          0.31889955,  0.55288997],
        [-0.06902773,  0.        ,  0.0100276 , ...,  0.64482929,
          0.38356258,  0.60908883],
        [-0.07902794, -0.0100276 ,  0.        , ...,  0.65246123,
          0.39280393,  0.61701112],
        ...,
        [-0.59053148, -0.64482929, -0.65246123, ...,  0.        ,
          0.30234236,  0.04587259],
        [-0.31889955, -0.38356258, -0.39280393, ..., -0.30234236,
          0.        , -0.25829835],
        [-0.55288997, -0.60908883, -0.61701112, ..., -0.04587259,
          0.25829835,  0.        ]]]), 'num': array([6.70097396e-01, 6.66072739e-01, 7.93818070e-08, 4.02465762e-03,
       4.04847216e-03, 3.92939945e-03, 3.27393593e-01, 5.55672649e-05,
       4.14849324e-03, 4.10046724e-03, 3.76322687e-03, 4.41010039e-06,
       4.39794150e-03, 3.80299299e-03])}
{'img': array([[[ 0.        ,  0.0256688 , -0.55186265, ...,  0.97426578,
          0.97081139,  0.99123046],
        [-0.0256688 ,  0.        , -0.57308693, ...,  0.97973056,
          0.964335  ,  0.98751186],
        [ 0.55186265,  0.57308693,  0.        , ...,  0.68808323,
          0.94195467,  0.89954743],
        ...,
        [-0.97426578, -0.97973056, -0.68808323, ...,  0.        ,
         -0.45249512, -0.35216954],
        [-0.97081139, -0.964335  , -0.94195467, ...,  0.45249512,
          0.        ,  0.10945345],
        [-0.99123046, -0.98751186, -0.89954743, ...,  0.35216954,
         -0.10945345,  0.        ]],

       [[ 0.        ,  0.28494516, -0.18718644, ...,  0.89847975,
          0.73114282,  0.47997954],
        [-0.28494516,  0.        , -0.45933499, ...,  0.73613702,
          0.89522898,  0.21010481],
        [ 0.18718644,  0.45933499,  0.        , ...,  0.96477623,
          0.59051627,  0.63571047],
        ...,
        [-0.89847975, -0.73613702, -0.96477623, ...,  0.        ,
          0.93394748, -0.57749983],
        [-0.73114282, -0.89522898, -0.59051627, ..., -0.93394748,
          0.        , -0.96887051],
        [-0.47997954, -0.21010481, -0.63571047, ...,  0.57749983,
          0.96887051,  0.        ]],

       [[ 0.        ,  0.35478728,  0.42926833, ...,  0.07773212,
          0.46554788,  0.60758961],
        [-0.35478728,  0.        ,  0.08090745, ...,  0.42638921,
          0.74925742,  0.84985431],
        [-0.42926833, -0.08090745,  0.        , ...,  0.49817535,
          0.80038436,  0.88970782],
        ...,
        [-0.07773212, -0.42638921, -0.49817535, ...,  0.        ,
         -0.39534458, -0.54401239],
        [-0.46554788, -0.74925742, -0.80038436, ...,  0.39534458,
          0.        , -0.16796866],
        [-0.60758961, -0.84985431, -0.88970782, ...,  0.54401239,
          0.16796866,  0.        ]],

       ...,

       [[ 0.        ,  0.50672249, -0.61121627, ...,  0.90069358,
          0.29171965,  0.51544087],
        [-0.50672249,  0.        , -0.92798761, ...,  0.55634816,
         -0.23318782,  0.01014308],
        [ 0.61121627,  0.92798761,  0.        , ...,  0.97841212,
          0.81551622,  0.93171929],
        ...,
        [-0.90069358, -0.55634816, -0.97841212, ...,  0.        ,
         -0.73477785, -0.54789115],
        [-0.29171965,  0.23318782, -0.81551622, ...,  0.73477785,
          0.        ,  0.24303928],
        [-0.51544087, -0.01014308, -0.93171929, ...,  0.54789115,
         -0.24303928,  0.        ]],

       [[ 0.        ,  0.16743743,  0.15202416, ...,  0.        ,
          0.03284131,  0.03450985],
        [-0.16743743,  0.        , -0.01561328, ...,  0.16743743,
          0.19972479,  0.20136036],
        [-0.15202416,  0.01561328,  0.        , ...,  0.15202416,
          0.18440174,  0.18604235],
        ...,
        [-0.        , -0.16743743, -0.15202416, ...,  0.        ,
         -0.03284131, -0.03450985],
        [-0.03284131, -0.19972479, -0.18440174, ...,  0.03284131,
          0.        , -0.00166949],
        [-0.03450985, -0.20136036, -0.18604235, ...,  0.03450985,
          0.00166949,  0.        ]],

       [[ 0.        ,  0.0100276 ,  0.04973279, ...,  0.38356258,
          0.60908883,  0.60206872],
        [-0.0100276 ,  0.        ,  0.0397151 , ...,  0.39280393,
          0.61701112,  0.61004493],
        [-0.04973279, -0.0397151 ,  0.        , ...,  0.42901692,
          0.6477783 ,  0.64103256],
        ...,
        [-0.38356258, -0.39280393, -0.42901692, ...,  0.        ,
         -0.25829835, -0.24976608],
        [-0.60908883, -0.61701112, -0.6477783 , ...,  0.25829835,
          0.        ,  0.00882158],
        [-0.60206872, -0.61004493, -0.64103256, ...,  0.24976608,
         -0.00882158,  0.        ]]]), 'num': array([ 8.23577824e-01,  5.62447230e-01,  5.38969235e-06,  4.13181320e-04,
        4.40044502e-04,  4.10196522e-04,  7.32885420e-02, -1.91879870e-05,
        4.37400824e-04,  4.39724702e-04,  4.05214752e-04,  3.57531029e-07,
        4.73510927e-04,  4.05938478e-04])}
{'img': array([[[ 0.00000000e+00, -5.73086927e-01,  1.58343174e-01, ...,
          9.64334999e-01,  9.87511857e-01,  8.78482576e-01],
        [ 5.73086927e-01,  0.00000000e+00,  6.95618316e-01, ...,
          9.41954672e-01,  8.99547428e-01,  9.93717968e-01],
        [-1.58343174e-01, -6.95618316e-01,  0.00000000e+00, ...,
          9.10258062e-01,  9.50107417e-01,  7.91747449e-01],
        ...,
        [-9.64334999e-01, -9.41954672e-01, -9.10258062e-01, ...,
          0.00000000e+00,  1.09453446e-01, -2.28213633e-01],
        [-9.87511857e-01, -8.99547428e-01, -9.50107417e-01, ...,
         -1.09453446e-01,  0.00000000e+00, -3.33407595e-01],
        [-8.78482576e-01, -9.93717968e-01, -7.91747449e-01, ...,
          2.28213633e-01,  3.33407595e-01,  0.00000000e+00]],

       [[ 0.00000000e+00, -4.59334994e-01, -6.97021788e-03, ...,
          8.95228983e-01,  2.10104813e-01,  9.98379071e-01],
        [ 4.59334994e-01,  0.00000000e+00,  4.53132448e-01, ...,
          5.90516271e-01,  6.35710473e-01,  9.12966003e-01],
        [ 6.97021788e-03, -4.53132448e-01,  0.00000000e+00, ...,
          8.92101262e-01,  2.16914344e-01,  9.98751523e-01],
        ...,
        [-8.95228983e-01, -5.90516271e-01, -8.92101262e-01, ...,
          0.00000000e+00, -9.68870509e-01, -4.95835377e-01],
        [-2.10104813e-01, -6.35710473e-01, -2.16914344e-01, ...,
          9.68870509e-01,  0.00000000e+00,  9.64136166e-01],
        [-9.98379071e-01, -9.12966003e-01, -9.98751523e-01, ...,
          4.95835377e-01, -9.64136166e-01,  0.00000000e+00]],

       [[ 0.00000000e+00,  2.54161298e-01,  4.87113729e-01, ...,
          4.72823508e-01,  6.16526886e-01,  7.71975032e-01],
        [-2.54161298e-01,  0.00000000e+00,  2.49148954e-01, ...,
          6.81252902e-01,  7.96391075e-01,  9.08183150e-01],
        [-4.87113729e-01, -2.49148954e-01,  0.00000000e+00, ...,
          8.42158742e-01,  9.21957824e-01,  9.83830783e-01],
        ...,
        [-4.72823508e-01, -6.81252902e-01, -8.42158742e-01, ...,
          0.00000000e+00, -1.70987121e-01, -3.79679710e-01],
        [-6.16526886e-01, -7.96391075e-01, -9.21957824e-01, ...,
          1.70987121e-01,  0.00000000e+00, -2.15905003e-01],
        [-7.71975032e-01, -9.08183150e-01, -9.83830783e-01, ...,
          3.79679710e-01,  2.15905003e-01,  0.00000000e+00]],

       ...,

       [[ 0.00000000e+00, -7.50925504e-01,  1.41753773e-01, ...,
         -2.17139256e-01,  9.55246946e-03, -9.47603223e-01],
        [ 7.50925504e-01,  0.00000000e+00,  8.36954957e-01, ...,
          5.89612974e-01,  7.57199568e-01, -3.85901826e-01],
        [-1.41753773e-01, -8.36954957e-01,  0.00000000e+00, ...,
         -3.53318191e-01, -1.32291297e-01, -9.83317482e-01],
        ...,
        [ 2.17139256e-01, -5.89612974e-01,  3.53318191e-01, ...,
          0.00000000e+00,  2.26453903e-01, -8.55628937e-01],
        [-9.55246946e-03, -7.57199568e-01,  1.32291297e-01, ...,
         -2.26453903e-01,  0.00000000e+00, -9.50611522e-01],
        [ 9.47603223e-01,  3.85901826e-01,  9.83317482e-01, ...,
          8.55628937e-01,  9.50611522e-01,  0.00000000e+00]],

       [[ 0.00000000e+00, -7.04499411e-02,  1.74535167e-01, ...,
          2.65823199e-01,  2.66096735e-01,  7.04499411e-02],
        [ 7.04499411e-02,  0.00000000e+00,  2.43470103e-01, ...,
          1.97247434e-01,  1.97525606e-01,  0.00000000e+00],
        [-1.74535167e-01, -2.43470103e-01,  0.00000000e+00, ...,
          4.29998769e-01,  4.30254934e-01,  2.43470103e-01],
        ...,
        [-2.65823199e-01, -1.97247434e-01, -4.29998769e-01, ...,
          0.00000000e+00, -2.83755238e-04,  1.97247434e-01],
        [-2.66096735e-01, -1.97525606e-01, -4.30254934e-01, ...,
          2.83755238e-04,  0.00000000e+00,  1.97525606e-01],
        [-7.04499411e-02, -0.00000000e+00, -2.43470103e-01, ...,
         -1.97247434e-01, -1.97525606e-01,  0.00000000e+00]],

       [[ 0.00000000e+00,  3.97150980e-02,  2.88924627e-02, ...,
          6.17011119e-01,  6.10044931e-01,  7.51602939e-01],
        [-3.97150980e-02,  0.00000000e+00, -1.08288502e-02, ...,
          6.47778297e-01,  6.41032559e-01,  7.77206664e-01],
        [-2.88924627e-02,  1.08288502e-02,  0.00000000e+00, ...,
          6.39490584e-01,  6.32683682e-01,  7.70347089e-01],
        ...,
        [-6.17011119e-01, -6.47778297e-01, -6.39490584e-01, ...,
          0.00000000e+00,  8.82157743e-03, -1.84486973e-01],
        [-6.10044931e-01, -6.41032559e-01, -6.32683682e-01, ...,
         -8.82157743e-03,  0.00000000e+00, -1.93149949e-01],
        [-7.51602939e-01, -7.77206664e-01, -7.70347089e-01, ...,
          1.84486973e-01,  1.93149949e-01,  0.00000000e+00]]]), 'num': array([ 7.57567877e-01,  6.49143232e-01,  2.26356252e-06,  3.76474460e-04,
        3.82762134e-04,  3.73723603e-04,  6.85766778e-02, -4.32277564e-06,
        3.92586624e-04,  4.04710045e-04,  3.74227927e-04,  2.91299566e-07,
        4.37433968e-04,  3.71986121e-04])}
{'img': array([[[ 0.        ,  0.69561832,  0.74427792, ...,  0.89954743,
          0.99371797,  0.99947203],
        [-0.69561832,  0.        ,  0.07011522, ...,  0.95010742,
          0.79174745,  0.74063357],
        [-0.74427792, -0.07011522,  0.        , ...,  0.92589856,
          0.7469691 ,  0.69169973],
        ...,
        [-0.89954743, -0.95010742, -0.92589856, ...,  0.        ,
         -0.3334076 , -0.4073653 ],
        [-0.99371797, -0.79174745, -0.7469691 , ...,  0.3334076 ,
          0.        , -0.0795674 ],
        [-0.99947203, -0.74063357, -0.69169973, ...,  0.4073653 ,
          0.0795674 ,  0.        ]],

       [[ 0.        ,  0.45313245,  0.62025907, ...,  0.63571047,
          0.912966  ,  0.88192928],
        [-0.45313245,  0.        ,  0.19748998, ...,  0.21691434,
          0.99875152,  0.99978822],
        [-0.62025907, -0.19748998,  0.        , ...,  0.01985432,
          0.96921562,  0.9841615 ],
        ...,
        [-0.63571047, -0.21691434, -0.01985432, ...,  0.        ,
          0.96413617,  0.98044785],
        [-0.912966  , -0.99875152, -0.96921562, ..., -0.96413617,
          0.        ,  0.07049692],
        [-0.88192928, -0.99978822, -0.9841615 , ..., -0.98044785,
         -0.07049692,  0.        ]],

       [[ 0.        ,  0.4262392 ,  0.55076829, ...,  0.6210338 ,
          0.77694316,  0.90912006],
        [-0.4262392 ,  0.        ,  0.14246674, ...,  0.89587307,
          0.97117867,  0.99994274],
        [-0.55076829, -0.14246674,  0.        , ...,  0.9500342 ,
          0.99522957,  0.98821832],
        ...,
        [-0.6210338 , -0.89587307, -0.9500342 , ...,  0.        ,
         -0.21797074, -0.45387175],
        [-0.77694316, -0.97117867, -0.99522957, ...,  0.21797074,
          0.        , -0.24873201],
        [-0.90912006, -0.99994274, -0.98821832, ...,  0.45387175,
          0.24873201,  0.        ]],

       ...,

       [[ 0.        ,  0.67418329,  0.69983654, ...,  0.58483966,
         -0.10370198, -0.70217133],
        [-0.67418329,  0.        ,  0.03530296, ..., -0.11492149,
         -0.74713894, -0.99862243],
        [-0.69983654, -0.03530296,  0.        , ..., -0.14991892,
         -0.77013796, -0.99985234],
        ...,
        [-0.58483966,  0.11492149,  0.14991892, ...,  0.        ,
         -0.6658042 , -0.98597605],
        [ 0.10370198,  0.74713894,  0.77013796, ...,  0.6658042 ,
          0.        , -0.62454887],
        [ 0.70217133,  0.99862243,  0.99985234, ...,  0.98597605,
          0.62454887,  0.        ]],

       [[ 0.        ,  0.24220376,  0.26186258, ...,  0.28192647,
          0.20419262,  0.        ],
        [-0.24220376,  0.        ,  0.02031363, ...,  0.50591123,
          0.43521357,  0.24220376],
        [-0.26186258, -0.02031363,  0.        , ...,  0.52332908,
          0.45341268,  0.26186258],
        ...,
        [-0.28192647, -0.50591123, -0.52332908, ...,  0.        ,
          0.08007673,  0.28192647],
        [-0.20419262, -0.43521357, -0.45341268, ..., -0.08007673,
          0.        ,  0.20419262],
        [-0.        , -0.24220376, -0.26186258, ..., -0.28192647,
         -0.20419262,  0.        ]],

       [[ 0.        , -0.01082885, -0.01970755, ...,  0.64103256,
          0.77720666,  0.84758857],
        [ 0.01082885,  0.        , -0.00887965, ...,  0.63268368,
          0.77034709,  0.8417925 ],
        [ 0.01970755,  0.00887965,  0.        , ...,  0.62578225,
          0.76465484,  0.83696607],
        ...,
        [-0.64103256, -0.63268368, -0.62578225, ...,  0.        ,
         -0.19314995, -0.31036937],
        [-0.77720666, -0.77034709, -0.76465484, ...,  0.19314995,
          0.        , -0.12091344],
        [-0.84758857, -0.8417925 , -0.83696607, ...,  0.31036937,
          0.12091344,  0.        ]]]), 'num': array([7.50725082e-01, 6.59545870e-01, 1.83829055e-06, 3.84722410e-04,
       3.84722410e-04, 3.73863310e-04, 3.75485815e-02, 1.31860504e-05,
       3.82628155e-04, 3.99517935e-04, 3.70463378e-04, 3.36602839e-07,
       4.31582668e-04, 3.67453202e-04])}
{'img': array([[[ 0.        ,  0.15034728, -0.0276352 , ...,  0.94824884,
          0.91574227,  0.99108812],
        [-0.15034728,  0.        , -0.17761093, ...,  0.88973083,
          0.84492879,  0.95979521],
        [ 0.0276352 ,  0.17761093,  0.        , ...,  0.95666163,
          0.92649541,  0.99439082],
        ...,
        [-0.94824884, -0.88973083, -0.95666163, ...,  0.        ,
         -0.09020038,  0.18838416],
        [-0.91574227, -0.84492879, -0.92649541, ...,  0.09020038,
          0.        ,  0.27620161],
        [-0.99108812, -0.95979521, -0.99439082, ..., -0.18838416,
         -0.27620161,  0.        ]],

       [[ 0.        ,  0.19748998, -0.48915695, ...,  0.99875152,
          0.99978822,  0.38953834],
        [-0.19748998,  0.        , -0.65177289, ...,  0.96921562,
          0.9841615 ,  0.19997604],
        [ 0.48915695,  0.65177289,  0.        , ...,  0.89554218,
          0.86194458,  0.79027226],
        ...,
        [-0.99875152, -0.96921562, -0.89554218, ...,  0.        ,
          0.07049692, -0.90040142],
        [-0.99978822, -0.9841615 , -0.86194458, ..., -0.07049692,
          0.        , -0.92883162],
        [-0.38953834, -0.19997604, -0.79027226, ...,  0.90040142,
          0.92883162,  0.        ]],

       [[ 0.        ,  0.37618582,  0.43277388, ...,  0.79161642,
          0.92194863,  0.95888162],
        [-0.37618582,  0.        ,  0.06185169, ...,  0.96332408,
          0.99992754,  0.99521016],
        [-0.43277388, -0.06185169,  0.        , ...,  0.97807698,
          0.9987576 ,  0.98725815],
        ...,
        [-0.79161642, -0.96332408, -0.97807698, ...,  0.        ,
         -0.25672485, -0.36122852],
        [-0.92194863, -0.99992754, -0.9987576 , ...,  0.25672485,
          0.        , -0.10973167],
        [-0.95888162, -0.99521016, -0.98725815, ...,  0.36122852,
          0.10973167,  0.        ]],

       ...,

       [[ 0.        ,  0.03530296, -0.06933707, ..., -0.74713894,
         -0.99862243, -0.67699245],
        [-0.03530296,  0.        , -0.10451184, ..., -0.77013796,
         -0.99985234, -0.70255308],
        [ 0.06933707,  0.10451184,  0.        , ..., -0.69925467,
         -0.99258082, -0.62433175],
        ...,
        [ 0.74713894,  0.77013796,  0.69925467, ...,  0.        ,
         -0.62454887,  0.09991161],
        [ 0.99862243,  0.99985234,  0.99258082, ...,  0.62454887,
          0.        ,  0.69945336],
        [ 0.67699245,  0.70255308,  0.62433175, ..., -0.09991161,
         -0.69945336,  0.        ]],

       [[ 0.        ,  0.03966899, -0.11090062, ...,  0.31266815,
          0.11090062,  0.17902367],
        [-0.03966899,  0.        , -0.15023762, ...,  0.35010213,
          0.15023762,  0.21791088],
        [ 0.11090062,  0.15023762,  0.        , ...,  0.20539913,
          0.        ,  0.06881037],
        ...,
        [-0.31266815, -0.35010213, -0.20539913, ...,  0.        ,
          0.20539913,  0.13756907],
        [-0.11090062, -0.15023762, -0.        , ..., -0.20539913,
          0.        , -0.06881037],
        [-0.17902367, -0.21791088, -0.06881037, ..., -0.13756907,
          0.06881037,  0.        ]],

       [[ 0.        , -0.00887965,  0.009269  , ...,  0.77034709,
          0.8417925 ,  0.83180843],
        [ 0.00887965,  0.        ,  0.0181479 , ...,  0.76465484,
          0.83696607,  0.82684688],
        [-0.009269  , -0.0181479 ,  0.        , ...,  0.77622414,
          0.84675976,  0.83691758],
        ...,
        [-0.77034709, -0.76465484, -0.77622414, ...,  0.        ,
         -0.12091344, -0.10279064],
        [-0.8417925 , -0.83696607, -0.84675976, ...,  0.12091344,
          0.        ,  0.01823649],
        [-0.83180843, -0.82684688, -0.83691758, ...,  0.10279064,
         -0.01823649,  0.        ]]]), 'num': array([7.19807010e-01, 6.93206150e-01, 5.27794839e-07, 3.74659998e-04,
       3.79863609e-04, 3.73173252e-04, 3.66329537e-02, 5.94698410e-06,
       3.67300605e-04, 3.83468968e-04, 3.56001336e-04, 3.00303005e-07,
       4.13109051e-04, 3.53828886e-04])}
{'img': array([[[ 0.        , -0.17761093, -0.20754605, ...,  0.84492879,
          0.95979521,  0.98890531],
        [ 0.17761093,  0.        , -0.03050273, ...,  0.92649541,
          0.99439082,  0.99956611],
        [ 0.20754605,  0.03050273,  0.        , ...,  0.93754266,
          0.99715433,  0.99820254],
        ...,
        [-0.84492879, -0.92649541, -0.93754266, ...,  0.        ,
          0.27620161,  0.40343264],
        [-0.95979521, -0.99439082, -0.99715433, ..., -0.27620161,
          0.        ,  0.13501194],
        [-0.98890531, -0.99956611, -0.99820254, ..., -0.40343264,
         -0.13501194,  0.        ]],

       [[ 0.        , -0.65177289, -0.82440837, ...,  0.9841615 ,
          0.19997604,  0.22125142],
        [ 0.65177289,  0.        , -0.25634253, ...,  0.86194458,
          0.79027226,  0.80342009],
        [ 0.82440837,  0.25634253,  0.        , ...,  0.70317726,
          0.9209415 ,  0.92920419],
        ...,
        [-0.9841615 , -0.86194458, -0.70317726, ...,  0.        ,
         -0.92883162, -0.92054866],
        [-0.19997604, -0.79027226, -0.9209415 , ...,  0.92883162,
          0.        ,  0.02176232],
        [-0.22125142, -0.80342009, -0.92920419, ...,  0.92054866,
         -0.02176232,  0.        ]],

       [[ 0.        ,  0.22653311,  0.3023208 , ...,  0.93141791,
          0.96654446,  0.96275819],
        [-0.22653311,  0.        ,  0.07852874, ...,  0.98965133,
          0.9995232 ,  0.9989762 ],
        [-0.3023208 , -0.07852874,  0.        , ...,  0.99786346,
          0.99886123,  0.99944376],
        ...,
        [-0.93141791, -0.98965133, -0.99786346, ...,  0.        ,
         -0.11286739, -0.09857543],
        [-0.96654446, -0.9995232 , -0.99886123, ...,  0.11286739,
          0.        ,  0.01437214],
        [-0.96275819, -0.9989762 , -0.99944376, ...,  0.09857543,
         -0.01437214,  0.        ]],

       ...,

       [[ 0.        , -0.10451184, -0.17083741, ..., -0.99985234,
         -0.70255308, -0.84059697],
        [ 0.10451184,  0.        , -0.06692641, ..., -0.99258082,
         -0.62433175, -0.77938357],
        [ 0.17083741,  0.06692641,  0.        , ..., -0.98221802,
         -0.57065175, -0.73570357],
        ...,
        [ 0.99985234,  0.99258082,  0.98221802, ...,  0.        ,
          0.69945336,  0.52713601],
        [ 0.70255308,  0.62433175,  0.57065175, ..., -0.69945336,
          0.        , -0.21764949],
        [ 0.84059697,  0.77938357,  0.73570357, ..., -0.52713601,
          0.21764949,  0.        ]],

       [[ 0.        , -0.15023762, -0.05921889, ...,  0.15023762,
          0.21791088,  0.31048367],
        [ 0.15023762,  0.        ,  0.0914272 , ...,  0.        ,
          0.06881037,  0.16414698],
        [ 0.05921889, -0.0914272 ,  0.        , ...,  0.0914272 ,
          0.15973267,  0.25364656],
        ...,
        [-0.15023762, -0.        , -0.0914272 , ...,  0.        ,
         -0.06881037, -0.16414698],
        [-0.21791088, -0.06881037, -0.15973267, ...,  0.06881037,
          0.        , -0.09588089],
        [-0.31048367, -0.16414698, -0.25364656, ...,  0.16414698,
          0.09588089,  0.        ]],

       [[ 0.        ,  0.0181479 ,  0.01260386, ...,  0.83696607,
          0.82684688,  0.76560234],
        [-0.0181479 ,  0.        , -0.00554467, ...,  0.84675976,
          0.83691758,  0.77715105],
        [-0.01260386,  0.00554467,  0.        , ...,  0.84379711,
          0.83386995,  0.77364976],
        ...,
        [-0.83696607, -0.84675976, -0.84379711, ...,  0.        ,
          0.01823649,  0.11945255],
        [-0.82684688, -0.83691758, -0.83386995, ..., -0.01823649,
          0.        ,  0.10132677],
        [-0.76560234, -0.77715105, -0.77364976, ..., -0.11945255,
         -0.10132677,  0.        ]]]), 'num': array([ 7.14333411e-01,  6.99605083e-01,  2.95156864e-07,  3.68208188e-04,
        3.76325002e-04,  3.65994511e-04,  1.67152940e-02, -3.68946080e-06,
        3.63411889e-04,  3.80752355e-04,  3.54218982e-04,  2.76709560e-07,
        4.09968598e-04,  3.51536111e-04])}
{'img': array([[[ 0.        , -0.03050273, -0.03050273, ...,  0.99439082,
          0.99956611,  0.99844839],
        [ 0.03050273,  0.        ,  0.        , ...,  0.99715433,
          0.99820254,  0.99968234],
        [ 0.03050273,  0.        ,  0.        , ...,  0.99715433,
          0.99820254,  0.99968234],
        ...,
        [-0.99439082, -0.99715433, -0.99715433, ...,  0.        ,
          0.13501194,  0.05023144],
        [-0.99956611, -0.99820254, -0.99820254, ..., -0.13501194,
          0.        , -0.08506998],
        [-0.99844839, -0.99968234, -0.99968234, ..., -0.05023144,
          0.08506998,  0.        ]],

       [[ 0.        , -0.25634253, -0.13826149, ...,  0.79027226,
          0.80342009,  0.18687578],
        [ 0.25634253,  0.        ,  0.12023894, ...,  0.9209415 ,
          0.92920419,  0.43245821],
        [ 0.13826149, -0.12023894,  0.        , ...,  0.86740283,
          0.87802648,  0.32090679],
        ...,
        [-0.79027226, -0.9209415 , -0.86740283, ...,  0.        ,
          0.02176232, -0.66184123],
        [-0.80342009, -0.92920419, -0.87802648, ..., -0.02176232,
          0.        , -0.67799848],
        [-0.18687578, -0.43245821, -0.32090679, ...,  0.66184123,
          0.67799848,  0.        ]],

       [[ 0.        ,  0.20420146,  0.40580516, ...,  0.96908996,
          0.965405  ,  0.97255808],
        [-0.20420146,  0.        ,  0.2106225 , ...,  0.99904821,
          0.9983094 ,  0.99957476],
        [-0.40580516, -0.2106225 ,  0.        , ...,  0.98582431,
          0.98815692,  0.98329353],
        ...,
        [-0.96908996, -0.99904821, -0.98582431, ...,  0.        ,
          0.01452231, -0.01446882],
        [-0.965405  , -0.9983094 , -0.98815692, ..., -0.01452231,
          0.        , -0.02898808],
        [-0.97255808, -0.99957476, -0.98329353, ...,  0.01446882,
          0.02898808,  0.        ]],

       ...,

       [[ 0.        , -0.06692641, -0.06692641, ..., -0.62433175,
         -0.77938357, -0.94902757],
        [ 0.06692641,  0.        ,  0.        , ..., -0.57065175,
         -0.73570357, -0.92580502],
        [ 0.06692641,  0.        ,  0.        , ..., -0.57065175,
         -0.73570357, -0.92580502],
        ...,
        [ 0.62433175,  0.57065175,  0.57065175, ...,  0.        ,
         -0.21764949, -0.54455667],
        [ 0.77938357,  0.73570357,  0.73570357, ...,  0.21764949,
          0.        , -0.34895415],
        [ 0.94902757,  0.92580502,  0.92580502, ...,  0.54455667,
          0.34895415,  0.        ]],

       [[ 0.        ,  0.0914272 ,  0.23885778, ...,  0.06881037,
          0.16414698,  0.17616365],
        [-0.0914272 ,  0.        ,  0.14907659, ...,  0.15973267,
          0.25364656,  0.26542319],
        [-0.23885778, -0.14907659,  0.        , ...,  0.30511025,
          0.39501356,  0.40618677],
        ...,
        [-0.06881037, -0.15973267, -0.30511025, ...,  0.        ,
         -0.09588089, -0.10801186],
        [-0.16414698, -0.25364656, -0.39501356, ...,  0.09588089,
          0.        , -0.01219428],
        [-0.17616365, -0.26542319, -0.40618677, ...,  0.10801186,
          0.01219428,  0.        ]],

       [[ 0.        , -0.00554467, -0.00196741, ...,  0.83691758,
          0.77715105,  0.76318347],
        [ 0.00554467,  0.        ,  0.00357728, ...,  0.83386995,
          0.77364976,  0.75958887],
        [ 0.00196741, -0.00357728,  0.        , ...,  0.83583913,
          0.77591143,  0.76191069],
        ...,
        [-0.83691758, -0.83386995, -0.83583913, ...,  0.        ,
          0.10132677,  0.12308855],
        [-0.77715105, -0.77364976, -0.77591143, ..., -0.10132677,
          0.        ,  0.02189879],
        [-0.76318347, -0.75958887, -0.76191069, ..., -0.12308855,
         -0.02189879,  0.        ]]]), 'num': array([7.14481190e-01, 6.99460804e-01, 2.95095994e-07, 3.75509652e-04,
       3.76247392e-04, 3.64074683e-04, 1.64346927e-02, 7.37739985e-06,
       3.66951868e-04, 3.81319355e-04, 3.55160324e-04, 2.96951944e-07,
       4.09454126e-04, 3.53184583e-04])}
{'img': array([[[ 0.        ,  0.        , -0.25396612, ...,  0.99820254,
          0.99968234,  0.98912767],
        [ 0.        ,  0.        , -0.25396612, ...,  0.99820254,
          0.99968234,  0.98912767],
        [ 0.25396612,  0.25396612,  0.        , ...,  0.95025421,
          0.97330673,  0.91934917],
        ...,
        [-0.99820254, -0.99820254, -0.95025421, ...,  0.        ,
         -0.08506998,  0.08751585],
        [-0.99968234, -0.99968234, -0.97330673, ...,  0.08506998,
          0.        ,  0.17194218],
        [-0.98912767, -0.98912767, -0.91934917, ..., -0.08751585,
         -0.17194218,  0.        ]],

       [[ 0.        ,  0.12023894,  0.25100306, ...,  0.92920419,
          0.43245821,  0.42029634],
        [-0.12023894,  0.        ,  0.13279238, ...,  0.87802648,
          0.32090679,  0.30814384],
        [-0.25100306, -0.13279238,  0.        , ...,  0.80669453,
          0.19229571,  0.1790842 ],
        ...,
        [-0.92920419, -0.87802648, -0.80669453, ...,  0.        ,
         -0.67799848, -0.68782016],
        [-0.43245821, -0.32090679, -0.19229571, ...,  0.67799848,
          0.        , -0.01344505],
        [-0.42029634, -0.30814384, -0.1790842 , ...,  0.68782016,
          0.01344505,  0.        ]],

       [[ 0.        ,  0.35638564,  0.32710878, ...,  0.96749667,
          0.97447644,  0.95026375],
        [-0.35638564,  0.        , -0.03114921, ...,  0.99409396,
          0.99049623,  0.99886343],
        [-0.32710878,  0.03114921,  0.        , ...,  0.99699197,
          0.99429985,  0.99986342],
        ...,
        [-0.96749667, -0.99409396, -0.99699197, ...,  0.        ,
         -0.02923614,  0.061017  ],
        [-0.97447644, -0.99049623, -0.99429985, ...,  0.02923614,
          0.        ,  0.09017258],
        [-0.95026375, -0.99886343, -0.99986342, ..., -0.061017  ,
         -0.09017258,  0.        ]],

       ...,

       [[ 0.        ,  0.        ,  0.43650241, ..., -0.73570357,
         -0.92580502, -0.74417019],
        [ 0.        ,  0.        ,  0.43650241, ..., -0.73570357,
         -0.92580502, -0.74417019],
        [-0.43650241, -0.43650241,  0.        , ..., -0.95755946,
         -0.99794816, -0.96111149],
        ...,
        [ 0.73570357,  0.73570357,  0.95755946, ...,  0.        ,
         -0.34895415, -0.01258652],
        [ 0.92580502,  0.92580502,  0.99794816, ...,  0.34895415,
          0.        ,  0.33713118],
        [ 0.74417019,  0.74417019,  0.96111149, ...,  0.01258652,
         -0.33713118,  0.        ]],

       [[ 0.        ,  0.22136579,  0.25506946, ...,  0.16431795,
          0.17634693,  0.22273873],
        [-0.22136579,  0.        ,  0.03469778, ...,  0.37859822,
          0.38986848,  0.43301745],
        [-0.25506946, -0.03469778,  0.        , ...,  0.41048517,
          0.42158589,  0.46403279],
        ...,
        [-0.16431795, -0.37859822, -0.41048517, ...,  0.        ,
         -0.01220716, -0.05952116],
        [-0.17634693, -0.38986848, -0.42158589, ...,  0.01220716,
          0.        , -0.04733121],
        [-0.22273873, -0.43301745, -0.46403279, ...,  0.05952116,
          0.04733121,  0.        ]],

       [[ 0.        ,  0.00357728, -0.00204529, ...,  0.77364976,
          0.75958887,  0.6567643 ],
        [-0.00357728,  0.        , -0.00562255, ...,  0.77591143,
          0.76191069,  0.65945771],
        [ 0.00204529,  0.00562255,  0.        , ...,  0.77235222,
          0.75825702,  0.65522058],
        ...,
        [-0.77364976, -0.77591143, -0.77235222, ...,  0.        ,
          0.02189879,  0.16727142],
        [-0.75958887, -0.76191069, -0.75825702, ..., -0.02189879,
          0.        ,  0.14564105],
        [-0.6567643 , -0.65945771, -0.65522058, ..., -0.16727142,
         -0.14564105,  0.        ]]]), 'num': array([ 8.30679822e-01,  5.56272963e-01,  5.42306047e-06,  4.34876164e-04,
        4.44329994e-04,  4.34876164e-04,  2.30194650e-02, -2.57831718e-06,
        4.32125959e-04,  4.44136620e-04,  4.14894206e-04,  3.66693999e-07,
        4.77001007e-04,  4.11272233e-04])}
{'img': array([[[ 0.00000000e+00, -2.53966121e-01,  1.50355107e-01, ...,
          9.99682339e-01,  9.89127674e-01,  9.95521734e-01],
        [ 2.53966121e-01,  0.00000000e+00,  3.96504479e-01, ...,
          9.73306728e-01,  9.19349173e-01,  9.38873512e-01],
        [-1.50355107e-01, -3.96504479e-01,  0.00000000e+00, ...,
          9.84528516e-01,  9.99994446e-01,  9.98418209e-01],
        ...,
        [-9.99682339e-01, -9.73306728e-01, -9.84528516e-01, ...,
          0.00000000e+00,  1.71942181e-01,  1.19593641e-01],
        [-9.89127674e-01, -9.19349173e-01, -9.99994446e-01, ...,
         -1.71942181e-01,  0.00000000e+00, -5.28956009e-02],
        [-9.95521734e-01, -9.38873512e-01, -9.98418209e-01, ...,
         -1.19593641e-01,  5.28956009e-02,  0.00000000e+00]],

       [[ 0.00000000e+00,  1.32792380e-01,  7.95616104e-01, ...,
          3.20906794e-01,  3.08143837e-01,  4.47873253e-01],
        [-1.32792380e-01,  0.00000000e+00,  7.08124255e-01, ...,
          1.92295709e-01,  1.79084204e-01,  3.25177556e-01],
        [-7.95616104e-01, -7.08124255e-01,  0.00000000e+00, ...,
         -5.59130889e-01, -5.70227363e-01, -4.40035892e-01],
        ...,
        [-3.20906794e-01, -1.92295709e-01,  5.59130889e-01, ...,
          0.00000000e+00, -1.34450488e-02,  1.37263766e-01],
        [-3.08143837e-01, -1.79084204e-01,  5.70227363e-01, ...,
          1.34450488e-02,  0.00000000e+00,  1.50569144e-01],
        [-4.47873253e-01, -3.25177556e-01,  4.40035892e-01, ...,
         -1.37263766e-01, -1.50569144e-01,  0.00000000e+00]],

       [[ 0.00000000e+00, -7.66201681e-02, -1.80246486e-01, ...,
          9.99688704e-01,  9.93154994e-01,  9.75512413e-01],
        [ 7.66201681e-02,  0.00000000e+00, -1.04351383e-01, ...,
          9.94838313e-01,  9.81285934e-01,  9.55792576e-01],
        [ 1.80246486e-01,  1.04351383e-01,  0.00000000e+00, ...,
          9.78818156e-01,  9.55835082e-01,  9.19890755e-01],
        ...,
        [-9.99688704e-01, -9.94838313e-01, -9.78818156e-01, ...,
          0.00000000e+00,  9.19885086e-02,  1.95537039e-01],
        [-9.93154994e-01, -9.81285934e-01, -9.55835082e-01, ...,
         -9.19885086e-02,  0.00000000e+00,  1.04495183e-01],
        [-9.75512413e-01, -9.55792576e-01, -9.19890755e-01, ...,
         -1.95537039e-01, -1.04495183e-01,  0.00000000e+00]],

       ...,

       [[ 0.00000000e+00,  4.36502413e-01,  2.83554741e-01, ...,
         -9.25805022e-01, -7.44170189e-01, -6.09551443e-01],
        [-4.36502413e-01,  0.00000000e+00, -1.63471556e-01, ...,
         -9.97948160e-01, -9.61111492e-01, -8.94451082e-01],
        [-2.83554741e-01,  1.63471556e-01,  0.00000000e+00, ...,
         -9.94990418e-01, -9.03038256e-01, -8.09320078e-01],
        ...,
        [ 9.25805022e-01,  9.97948160e-01,  9.94990418e-01, ...,
          0.00000000e+00,  3.37131183e-01,  5.03517404e-01],
        [ 7.44170189e-01,  9.61111492e-01,  9.03038256e-01, ...,
         -3.37131183e-01,  0.00000000e+00,  1.82764014e-01],
        [ 6.09551443e-01,  8.94451082e-01,  8.09320078e-01, ...,
         -5.03517404e-01, -1.82764014e-01,  0.00000000e+00]],

       [[ 0.00000000e+00,  1.29127217e-01,  2.75452530e-01, ...,
          1.77442169e-01,  2.24115301e-01,  2.23907268e-01],
        [-1.29127217e-01,  0.00000000e+00,  1.49014563e-01, ...,
          3.03034757e-01,  3.48081577e-01,  3.47881460e-01],
        [-2.75452530e-01, -1.49014563e-01,  0.00000000e+00, ...,
          4.41659198e-01,  4.83891072e-01,  4.83704258e-01],
        ...,
        [-1.77442169e-01, -3.03034757e-01, -4.41659198e-01, ...,
          0.00000000e+00, -4.76303587e-02, -4.74171422e-02],
        [-2.24115301e-01, -3.48081577e-01, -4.83891072e-01, ...,
          4.76303587e-02,  0.00000000e+00,  2.13457748e-04],
        [-2.23907268e-01, -3.47881460e-01, -4.83704258e-01, ...,
          4.74171422e-02, -2.13457748e-04,  0.00000000e+00]],

       [[ 0.00000000e+00, -5.62255253e-03, -2.86031712e-03, ...,
