state_0,state_1,state_2,state_3,state_4,state_5,state_6,state_7,state_8,state_9,state_10,state_11,state_12,state_13,state_14,state_15,state_16,state_17,state_18,state_19,state_20,state_21,state_22,state_23,state_24,state_25,state_26,state_27,state_28,state_29,state_30,state_31,state_32,state_33,state_34,state_35,state_36,state_37,state_38,state_39,state_40,state_41,state_42,state_43,state_44,state_45,state_46,state_47,state_48,state_49,state_50,state_51,state_52,state_53,state_54,state_55,state_56,state_57,state_58,state_59,state_60,state_61,state_62,state_63,state_64,state_65,state_66,state_67,state_68,state_69,state_70,state_71,state_72,state_73,state_74,state_75,state_76,state_77,state_78,state_79,state_80,state_81,state_82,state_83,state_84,state_85,state_86,state_87,state_88,state_89,state_90,state_91,state_92,state_93,state_94,state_95,state_96,state_97,state_98,state_99,state_100,state_101,state_102,state_103,state_104,state_105,state_106,state_107,state_108,state_109,state_110,state_111,state_112,state_113,state_114,state_115,state_116,state_117,state_118,state_119,state_120,state_121,state_122,state_123,state_124,state_125,state_126,state_127,state_128,state_129,state_130,state_131,state_132,state_133,state_134,state_135,state_136,state_137,state_138,state_139,state_140,state_141,state_142,state_143,state_144,state_145,state_146,state_147,state_148,state_149,state_150,state_151,state_152,state_153,state_154,state_155,state_156,state_157,state_158,state_159,state_160,state_161,state_162,state_163,state_164,state_165,state_166,state_167,state_168,state_169,state_170,state_171,state_172,state_173,state_174,state_175,state_176,state_177,state_178,state_179,state_180,state_181,state_182,state_183,state_184,state_185,state_186,state_187,state_188,state_189,state_190,state_191,state_192,state_193,state_194,state_195,state_196,state_197,state_198,state_199,state_200,state_201,state_202,state_203,state_204,state_205,state_206,state_207,state_208,state_209,state_210,state_211,state_212,state_213,state_214,state_215,state_216,state_217,state_218,state_219,state_220,state_221,state_222,state_223,state_224,state_225,state_226,state_227,state_228,state_229,state_230,state_231,state_232,state_233,state_234,state_235,state_236,state_237,state_238,state_239,state_240,state_241,state_242,state_243,state_244,state_245,state_246,state_247,state_248,state_249,state_250,state_251,state_252,state_253,state_254,state_255,state_256,state_257,state_258,state_259,state_260,state_261,state_262,state_263,state_264,state_265,state_266,state_267,state_268,state_269,state_270,state_271,state_272,state_273,state_274,state_275,state_276,state_277,state_278,state_279,state_280,state_281,state_282,state_283,state_284,state_285,state_286,state_287
{'img': array([[[ 0.        ,  0.66556324,  0.79258911, ...,  0.6       ,
          0.9797959 ,  0.99903582],
        [-0.66556324,  0.        ,  0.18571088, ..., -0.08464571,
          0.59814966,  0.71640201],
        [-0.79258911, -0.18571088,  0.        , ..., -0.26821763,
          0.4389187 ,  0.57437159],
        ...,
        [-0.6       ,  0.08464571,  0.26821763, ...,  0.        ,
          0.66383672,  0.7728872 ],
        [-0.9797959 , -0.59814966, -0.4389187 , ..., -0.66383672,
          0.        ,  0.15679173],
        [-0.99903582, -0.71640201, -0.57437159, ..., -0.7728872 ,
         -0.15679173,  0.        ]],

       [[ 0.        ,  0.1335297 ,  0.64084765, ..., -0.11656577,
          0.83449565,  0.53551732],
        [-0.1335297 ,  0.        ,  0.53260225, ..., -0.24814133,
          0.75344578,  0.64349074],
        [-0.64084765, -0.53260225,  0.        , ..., -0.7259628 ,
          0.28749932,  0.95231093],
        ...,
        [ 0.11656577,  0.24814133,  0.7259628 , ...,  0.        ,
          0.89303631,  0.43342407],
        [-0.83449565, -0.75344578, -0.28749932, ..., -0.89303631,
          0.        ,  0.99982963],
        [-0.53551732, -0.64349074, -0.95231093, ..., -0.43342407,
         -0.99982963,  0.        ]],

       [[ 0.        ,  0.47897153,  0.67850351, ...,  0.89917037,
          0.93785597,  0.96542972],
        [-0.47897153,  0.        ,  0.24375991, ...,  0.57972178,
          0.65706354,  0.72263319],
        [-0.67850351, -0.24375991,  0.        , ...,  0.36361571,
          0.45348882,  0.53234082],
        ...,
        [-0.89917037, -0.57972178, -0.36361571, ...,  0.        ,
          0.09837022,  0.18808992],
        [-0.93785597, -0.65706354, -0.45348882, ..., -0.09837022,
          0.        ,  0.09056318],
        [-0.96542972, -0.72263319, -0.53234082, ..., -0.18808992,
         -0.09056318,  0.        ]],

       ...,

       [[ 0.        ,  0.09323362,  0.17166419, ..., -0.91186606,
         -0.58017772, -0.50159162],
        [-0.09323362,  0.        ,  0.07906684, ..., -0.94616548,
         -0.65358846, -0.58006365],
        [-0.17166419, -0.07906684,  0.        , ..., -0.96879595,
         -0.71138404, -0.64265322],
        ...,
        [ 0.91186606,  0.94616548,  0.96879595, ...,  0.        ,
          0.50454978,  0.58296218],
        [ 0.58017772,  0.65358846,  0.71138404, ..., -0.50454978,
          0.        ,  0.09337306],
        [ 0.50159162,  0.58006365,  0.64265322, ..., -0.58296218,
         -0.09337306,  0.        ]],

       [[ 0.        ,  0.43816232,  0.63310541, ...,  0.70099868,
          0.76927384,  0.81202931],
        [-0.43816232,  0.        ,  0.22992947, ...,  0.94260579,
          0.9714474 ,  0.98564862],
        [-0.63310541, -0.22992947,  0.        , ...,  0.99412604,
          0.99997162,  0.99805481],
        ...,
        [-0.70099868, -0.94260579, -0.99412604, ...,  0.        ,
         -0.10073577, -0.16999439],
        [-0.76927384, -0.9714474 , -0.99997162, ...,  0.10073577,
          0.        , -0.0698601 ],
        [-0.81202931, -0.98564862, -0.99805481, ...,  0.16999439,
          0.0698601 ,  0.        ]],

       [[ 0.        ,  0.03032843, -0.02118769, ...,  0.95896582,
          0.95938092,  0.9614289 ],
        [-0.03032843,  0.        , -0.05149957, ...,  0.94992591,
          0.95038352,  0.95264469],
        [ 0.02118769,  0.05149957,  0.        , ...,  0.96475771,
          0.9651429 ,  0.96704083],
        ...,
        [-0.95896582, -0.94992591, -0.96475771, ...,  0.        ,
          0.00146776,  0.00881901],
        [-0.95938092, -0.95038352, -0.9651429 , ..., -0.00146776,
          0.        ,  0.0073513 ],
        [-0.9614289 , -0.95264469, -0.96704083, ..., -0.00881901,
         -0.0073513 ,  0.        ]]]), 'num': array([7.71761141e-01, 6.35709104e-01, 2.44258596e-05, 7.49598005e-05,
       7.95354436e-05, 7.22682457e-05, 1.60820263e-02, 5.38310955e-07,
       7.02899529e-05, 7.33314098e-05, 7.58614713e-05, 6.21457711e-07,
       8.45431652e-05, 6.21196545e-05])}
{'img': array([[[ 0.        ,  0.3099934 ,  0.45794813, ...,  0.77322244,
          0.87389753,  0.8943372 ],
        [-0.3099934 ,  0.        ,  0.15981142, ...,  0.53855488,
          0.68015726,  0.71159196],
        [-0.45794813, -0.15981142,  0.        , ...,  0.39697756,
          0.55426323,  0.59016389],
        ...,
        [-0.77322244, -0.53855488, -0.39697756, ...,  0.        ,
          0.17829761,  0.22119571],
        [-0.87389753, -0.68015726, -0.55426323, ..., -0.17829761,
          0.        ,  0.04377032],
        [-0.8943372 , -0.71159196, -0.59016389, ..., -0.22119571,
         -0.04377032,  0.        ]],

       [[ 0.        ,  0.53260225, -0.09513211, ...,  0.75344578,
          0.64349074,  0.37035188],
        [-0.53260225,  0.        , -0.61070326, ...,  0.28749932,
          0.95231093, -0.1812766 ],
        [ 0.09513211,  0.61070326,  0.        , ...,  0.81257896,
          0.56775304,  0.45703962],
        ...,
        [-0.75344578, -0.28749932, -0.81257896, ...,  0.        ,
          0.99982963, -0.45635932],
        [-0.64349074, -0.95231093, -0.56775304, ..., -0.99982963,
          0.        , -0.88122039],
        [-0.37035188,  0.1812766 , -0.45703962, ...,  0.45635932,
          0.88122039,  0.        ]],

       [[ 0.        ,  0.53087822,  0.72341885, ...,  0.9005943 ,
          0.93945187,  0.9638612 ],
        [-0.53087822,  0.        ,  0.24653662, ...,  0.53245506,
          0.61421491,  0.67539378],
        [-0.72341885, -0.24653662,  0.        , ...,  0.30733706,
          0.40070462,  0.4727365 ],
        ...,
        [-0.9005943 , -0.53245506, -0.30733706, ...,  0.        ,
          0.09972635,  0.1790298 ],
        [-0.93945187, -0.61421491, -0.40070462, ..., -0.09972635,
          0.        ,  0.08002218],
        [-0.9638612 , -0.67539378, -0.4727365 , ..., -0.1790298 ,
         -0.08002218,  0.        ]],

       ...,

       [[ 0.        ,  0.07906684,  0.07906684, ..., -0.65358846,
         -0.58006365, -0.56214566],
        [-0.07906684,  0.        ,  0.        , ..., -0.71138404,
         -0.64265322, -0.62577706],
        [-0.07906684,  0.        ,  0.        , ..., -0.71138404,
         -0.64265322, -0.62577706],
        ...,
        [ 0.65358846,  0.71138404,  0.71138404, ...,  0.        ,
          0.09337306,  0.11508264],
        [ 0.58006365,  0.64265322,  0.64265322, ..., -0.09337306,
          0.        ,  0.02182718],
        [ 0.56214566,  0.62577706,  0.62577706, ..., -0.11508264,
         -0.02182718,  0.        ]],

       [[ 0.        ,  0.49564834,  0.67497707, ...,  0.78484355,
          0.82751277,  0.86171763],
        [-0.49564834,  0.        ,  0.22052478, ...,  0.98880519,
          0.99699434,  0.99990793],
        [-0.67497707, -0.22052478,  0.        , ...,  0.99736716,
          0.98953473,  0.97828398],
        ...,
        [-0.78484355, -0.98880519, -0.99736716, ...,  0.        ,
         -0.07215669, -0.1357809 ],
        [-0.82751277, -0.99699434, -0.98953473, ...,  0.07215669,
          0.        , -0.06393852],
        [-0.86171763, -0.99990793, -0.97828398, ...,  0.1357809 ,
          0.06393852,  0.        ]],

       [[ 0.        , -0.05149957, -0.06726798, ...,  0.95038352,
          0.95264469,  0.95555515],
        [ 0.05149957,  0.        , -0.0157958 , ...,  0.9651429 ,
          0.96704083,  0.96946986],
        [ 0.06726798,  0.0157958 ,  0.        , ...,  0.96915662,
          0.97094213,  0.9732222 ],
        ...,
        [-0.95038352, -0.9651429 , -0.96915662, ...,  0.        ,
          0.0073513 ,  0.01706985],
        [-0.95264469, -0.96704083, -0.97094213, ..., -0.0073513 ,
          0.        ,  0.00971915],
        [-0.95555515, -0.96946986, -0.9732222 , ..., -0.01706985,
         -0.00971915,  0.        ]]]), 'num': array([ 7.11844903e-01,  7.02127086e-01,  1.84049569e-06,  1.14327262e-04,
        1.20823129e-04,  1.09563626e-04,  1.71545675e-02, -6.27933825e-06,
        1.14781973e-04,  1.17250402e-04,  1.22226958e-04,  8.12837215e-07,
        1.34612321e-04,  9.98884831e-05])}
{'img': array([[[ 0.        ,  0.15981142,  0.46794621, ...,  0.68015726,
          0.71159196,  0.44670083],
        [-0.15981142,  0.        ,  0.3206975 , ...,  0.55426323,
          0.59016389,  0.29797901],
        [-0.46794621, -0.3206975 ,  0.        , ...,  0.25805815,
          0.30009862, -0.02388873],
        ...,
        [-0.68015726, -0.55426323, -0.25805815, ...,  0.        ,
          0.04377032, -0.28106411],
        [-0.71159196, -0.59016389, -0.30009862, ..., -0.04377032,
          0.        , -0.32280064],
        [-0.44670083, -0.29797901,  0.02388873, ...,  0.28106411,
          0.32280064,  0.        ]],

       [[ 0.        , -0.61070326, -0.4873766 , ...,  0.95231093,
         -0.1812766 , -0.41131169],
        [ 0.61070326,  0.        ,  0.14732731, ...,  0.56775304,
          0.45703962,  0.23095174],
        [ 0.4873766 , -0.14732731,  0.        , ...,  0.68283729,
          0.32101257,  0.08508719],
        ...,
        [-0.95231093, -0.56775304, -0.68283729, ...,  0.        ,
         -0.88122039, -0.74252318],
        [ 0.1812766 , -0.45703962, -0.32101257, ...,  0.88122039,
          0.        , -0.23926447],
        [ 0.41131169, -0.23095174, -0.08508719, ...,  0.74252318,
          0.23926447,  0.        ]],

       [[ 0.        ,  0.55777243,  0.68943527, ...,  0.89122986,
          0.92864184,  0.96108298],
        [-0.55777243,  0.        ,  0.16820614, ...,  0.48673662,
          0.56384605,  0.6436029 ],
        [-0.68943527, -0.16820614,  0.        , ...,  0.33286526,
          0.41689421,  0.50569456],
        ...,
        [-0.89122986, -0.48673662, -0.33286526, ...,  0.        ,
          0.09056103,  0.18968998],
        [-0.92864184, -0.56384605, -0.41689421, ..., -0.09056103,
          0.        ,  0.09999372],
        [-0.96108298, -0.6436029 , -0.50569456, ..., -0.18968998,
         -0.09999372,  0.        ]],

       ...,

       [[ 0.        ,  0.        ,  0.22224365, ..., -0.64265322,
         -0.62577706, -0.81408287],
        [ 0.        ,  0.        ,  0.22224365, ..., -0.64265322,
         -0.62577706, -0.81408287],
        [-0.22224365, -0.22224365,  0.        , ..., -0.79685478,
         -0.78347759, -0.92279132],
        ...,
        [ 0.64265322,  0.64265322,  0.79685478, ...,  0.        ,
          0.02182718, -0.2504954 ],
        [ 0.62577706,  0.62577706,  0.78347759, ..., -0.02182718,
          0.        , -0.27156701],
        [ 0.81408287,  0.81408287,  0.92279132, ...,  0.2504954 ,
          0.27156701,  0.        ]],

       [[ 0.        ,  0.51009188,  0.73953074, ...,  0.84762951,
          0.88120946,  0.91505673],
        [-0.51009188,  0.        ,  0.29273065, ...,  0.99971194,
          0.99907951,  0.99279141],
        [-0.73953074, -0.29273065,  0.        , ...,  0.96294529,
          0.94275759,  0.91421689],
        ...,
        [-0.84762951, -0.99971194, -0.96294529, ...,  0.        ,
         -0.06686313, -0.14364832],
        [-0.88120946, -0.99907951, -0.94275759, ...,  0.06686313,
          0.        , -0.07715717],
        [-0.91505673, -0.99279141, -0.91421689, ...,  0.14364832,
          0.07715717,  0.        ]],

       [[ 0.        , -0.0157958 , -0.25369097, ...,  0.96704083,
          0.96946986,  0.96889921],
        [ 0.0157958 ,  0.        , -0.23838028, ...,  0.97094213,
          0.9732222 ,  0.97268709],
        [ 0.25369097,  0.23838028,  0.        , ...,  0.99999954,
          0.99996165,  0.99997926],
        ...,
        [-0.96704083, -0.97094213, -0.99999954, ...,  0.        ,
          0.00971915,  0.00740266],
        [-0.96946986, -0.9732222 , -0.99996165, ..., -0.00971915,
          0.        , -0.00231657],
        [-0.96889921, -0.97268709, -0.99997926, ..., -0.00740266,
          0.00231657,  0.        ]]]), 'num': array([ 7.68163540e-01,  6.40190186e-01,  2.48491950e-05,  1.20843583e-04,
        1.24597946e-04,  1.18731753e-04,  9.00976902e-03, -3.05042054e-06,
        1.26240481e-04,  1.26134889e-04,  1.32532951e-04,  8.89270073e-07,
        1.44243994e-04,  1.08025784e-04])}
{'img': array([[[ 0.        ,  0.3206975 ,  0.13889048, ...,  0.59016389,
          0.29797901,  0.13889048],
        [-0.3206975 ,  0.        , -0.1860347 , ...,  0.30009862,
         -0.02388873, -0.1860347 ],
        [-0.13889048,  0.1860347 ,  0.        , ...,  0.47231988,
          0.1625099 ,  0.        ],
        ...,
        [-0.59016389, -0.30009862, -0.47231988, ...,  0.        ,
         -0.32280064, -0.47231988],
        [-0.29797901,  0.02388873, -0.1625099 , ...,  0.32280064,
          0.        , -0.1625099 ],
        [-0.13889048,  0.1860347 ,  0.        , ...,  0.47231988,
          0.1625099 ,  0.        ]],

       [[ 0.        ,  0.14732731, -0.01190058, ...,  0.45703962,
          0.23095174, -0.08734884],
        [-0.14732731,  0.        , -0.1590876 , ...,  0.32101257,
          0.08508719, -0.23315986],
        [ 0.01190058,  0.1590876 ,  0.        , ...,  0.46759218,
          0.24251423, -0.07548756],
        ...,
        [-0.45703962, -0.32101257, -0.46759218, ...,  0.        ,
         -0.23926447, -0.53298482],
        [-0.23095174, -0.08508719, -0.24251423, ...,  0.23926447,
          0.        , -0.31505637],
        [ 0.08734884,  0.23315986,  0.07548756, ...,  0.53298482,
          0.31505637,  0.        ]],

       [[ 0.        ,  0.46646659,  0.68845188, ...,  0.86698107,
          0.91875671,  0.95703268],
        [-0.46646659,  0.        ,  0.27064259, ...,  0.53441895,
          0.6285037 ,  0.71126653],
        [-0.68845188, -0.27064259,  0.        , ...,  0.28572193,
          0.39454029,  0.49448125],
        ...,
        [-0.86698107, -0.53441895, -0.28572193, ...,  0.        ,
          0.11554914,  0.22552144],
        [-0.91875671, -0.6285037 , -0.39454029, ..., -0.11554914,
          0.        ,  0.11143846],
        [-0.95703268, -0.71126653, -0.49448125, ..., -0.22552144,
         -0.11143846,  0.        ]],

       ...,

       [[ 0.        ,  0.22224365,  0.04897098, ..., -0.62577706,
         -0.81408287, -0.80723378],
        [-0.22224365,  0.        , -0.17423073, ..., -0.78347759,
         -0.92279132, -0.91822108],
        [-0.04897098,  0.17423073,  0.        , ..., -0.66322372,
         -0.84154597, -0.83516949],
        ...,
        [ 0.62577706,  0.78347759,  0.66322372, ...,  0.        ,
         -0.27156701, -0.26029039],
        [ 0.81408287,  0.92279132,  0.84154597, ...,  0.27156701,
          0.        ,  0.01169764],
        [ 0.80723378,  0.91822108,  0.83516949, ...,  0.26029039,
         -0.01169764,  0.        ]],

       [[ 0.        ,  0.6014097 ,  0.74324204, ...,  0.90135775,
          0.93354681,  0.96031259],
        [-0.6014097 ,  0.        ,  0.19144968, ...,  0.98058714,
          0.96142724,  0.93498171],
        [-0.74324204, -0.19144968,  0.        , ...,  0.92490849,
          0.89098315,  0.84978041],
        ...,
        [-0.90135775, -0.98058714, -0.92490849, ...,  0.        ,
         -0.08119939, -0.16447549],
        [-0.93354681, -0.96142724, -0.89098315, ...,  0.08119939,
          0.        , -0.08383883],
        [-0.96031259, -0.93498171, -0.84978041, ...,  0.16447549,
          0.08383883,  0.        ]],

       [[ 0.        , -0.23838028, -0.1447586 , ...,  0.9732222 ,
          0.97268709,  0.97079403],
        [ 0.23838028,  0.        ,  0.09528393, ...,  0.99996165,
          0.99997926,  0.99999875],
        [ 0.1447586 , -0.09528393,  0.        , ...,  0.99624639,
          0.99604318,  0.99529834],
        ...,
        [-0.9732222 , -0.99996165, -0.99624639, ...,  0.        ,
         -0.00231657, -0.01033718],
        [-0.97268709, -0.99997926, -0.99604318, ...,  0.00231657,
          0.        , -0.0080207 ],
        [-0.97079403, -0.99999875, -0.99529834, ...,  0.01033718,
          0.0080207 ,  0.        ]]]), 'num': array([7.18397072e-01, 6.95606120e-01, 4.36608285e-06, 1.14527400e-04,
       1.15624405e-04, 1.11016981e-04, 6.13706699e-03, 1.53580804e-06,
       1.17379614e-04, 1.17269914e-04, 1.23983589e-04, 1.04319037e-06,
       1.33620968e-04, 1.00918860e-04])}
{'img': array([[[ 0.        , -0.1860347 , -0.55723966, ..., -0.02388873,
         -0.1860347 , -0.09716508],
        [ 0.1860347 ,  0.        , -0.39303779, ...,  0.1625099 ,
          0.        ,  0.08968555],
        [ 0.55723966,  0.39303779,  0.        , ...,  0.53724459,
          0.39303779,  0.47392176],
        ...,
        [ 0.02388873, -0.1625099 , -0.53724459, ...,  0.        ,
         -0.1625099 , -0.07336166],
        [ 0.1860347 ,  0.        , -0.39303779, ...,  0.1625099 ,
          0.        ,  0.08968555],
        [ 0.09716508, -0.08968555, -0.47392176, ...,  0.07336166,
         -0.08968555,  0.        ]],

       [[ 0.        , -0.1590876 , -0.21727591, ...,  0.08508719,
         -0.23315986, -0.3434915 ],
        [ 0.1590876 ,  0.        , -0.05922175, ...,  0.24251423,
         -0.07548756, -0.18970891],
        [ 0.21727591,  0.05922175,  0.        , ...,  0.29954244,
         -0.01630229, -0.13122964],
        ...,
        [-0.08508719, -0.24251423, -0.29954244, ...,  0.        ,
         -0.31505637, -0.42215596],
        [ 0.23315986,  0.07548756,  0.01630229, ...,  0.31505637,
          0.        , -0.11505089],
        [ 0.3434915 ,  0.18970891,  0.13122964, ...,  0.42215596,
          0.11505089,  0.        ]],

       [[ 0.        ,  0.55629346,  0.59049369, ...,  0.8771143 ,
          0.9294238 ,  0.91151465],
        [-0.55629346,  0.        ,  0.04173962, ...,  0.46169207,
          0.56705797,  0.52867036],
        [-0.59049369, -0.04173962,  0.        , ...,  0.42426499,
          0.53218379,  0.49277991],
        ...,
        [-0.8771143 , -0.46169207, -0.42426499, ...,  0.        ,
          0.1227177 ,  0.0770551 ],
        [-0.9294238 , -0.56705797, -0.53218379, ..., -0.1227177 ,
          0.        , -0.04588016],
        [-0.91151465, -0.52867036, -0.49277991, ..., -0.0770551 ,
          0.04588016,  0.        ]],

       ...,

       [[ 0.        , -0.17423073, -0.0229496 , ..., -0.92279132,
         -0.91822108, -0.75601871],
        [ 0.17423073,  0.        ,  0.15158626, ..., -0.84154597,
         -0.83516949, -0.63041257],
        [ 0.0229496 , -0.15158626,  0.        , ..., -0.91370579,
         -0.90888963, -0.74079793],
        ...,
        [ 0.92279132,  0.84154597,  0.91370579, ...,  0.        ,
          0.01169764,  0.31271896],
        [ 0.91822108,  0.83516949,  0.90888963, ..., -0.01169764,
          0.        ,  0.30158661],
        [ 0.75601871,  0.63041257,  0.74079793, ..., -0.31271896,
         -0.30158661,  0.        ]],

       [[ 0.        ,  0.51770119,  0.6174922 , ...,  0.95800452,
          0.9801343 ,  0.99204343],
        [-0.51770119,  0.        ,  0.1210907 , ...,  0.9680842 ,
          0.94124342,  0.91393073],
        [-0.6174922 , -0.1210907 ,  0.        , ...,  0.93061212,
          0.8934214 ,  0.85805842],
        ...,
        [-0.95800452, -0.9680842 , -0.93061212, ...,  0.        ,
         -0.09105073, -0.16386247],
        [-0.9801343 , -0.94124342, -0.8934214 , ...,  0.09105073,
          0.        , -0.0733618 ],
        [-0.99204343, -0.91393073, -0.85805842, ...,  0.16386247,
          0.0733618 ,  0.        ]],

       [[ 0.        ,  0.09528393,  0.25727478, ...,  0.99997926,
          0.99999875,  0.99998758],
        [-0.09528393,  0.        ,  0.1640277 , ...,  0.99604318,
          0.99529834,  0.99496287],
        [-0.25727478, -0.1640277 ,  0.        , ...,  0.96797528,
          0.96593058,  0.96504401],
        ...,
        [-0.99997926, -0.99604318, -0.96797528, ...,  0.        ,
         -0.0080207 , -0.0114246 ],
        [-0.99999875, -0.99529834, -0.96593058, ...,  0.0080207 ,
          0.        , -0.00340405],
        [-0.99998758, -0.99496287, -0.96504401, ...,  0.0114246 ,
          0.00340405,  0.        ]]]), 'num': array([7.15346077e-01, 6.98732815e-01, 3.12279377e-06, 1.16176663e-04,
       1.20980961e-04, 1.13556137e-04, 7.23413739e-03, 2.18377187e-06,
       1.15914611e-04, 1.16187582e-04, 1.23412227e-04, 1.14669102e-06,
       1.31781135e-04, 1.00594029e-04])}
{'img': array([[[ 0.        , -0.39303779, -0.52784119, ...,  0.        ,
          0.08968555,  0.20920559],
        [ 0.39303779,  0.        , -0.15153782, ...,  0.39303779,
          0.47392176,  0.57670973],
        [ 0.52784119,  0.15153782,  0.        , ...,  0.52784119,
          0.60188785,  0.69384827],
        ...,
        [ 0.        , -0.39303779, -0.52784119, ...,  0.        ,
          0.08968555,  0.20920559],
        [-0.08968555, -0.47392176, -0.60188785, ..., -0.08968555,
          0.        ,  0.12066156],
        [-0.20920559, -0.57670973, -0.69384827, ..., -0.20920559,
         -0.12066156,  0.        ]],

       [[ 0.        , -0.05922175, -0.0385154 , ..., -0.07548756,
         -0.18970891, -0.13012248],
        [ 0.05922175,  0.        ,  0.02073001, ..., -0.01630229,
         -0.13122964, -0.07117585],
        [ 0.0385154 , -0.02073001,  0.        , ..., -0.03702604,
         -0.15175218, -0.09183799],
        ...,
        [ 0.07548756,  0.01630229,  0.03702604, ...,  0.        ,
         -0.11505089, -0.05490545],
        [ 0.18970891,  0.13122964,  0.15175218, ...,  0.11505089,
          0.        ,  0.06033649],
        [ 0.13012248,  0.07117585,  0.09183799, ...,  0.05490545,
         -0.06033649,  0.        ]],

       [[ 0.        ,  0.05523843, -0.02473043, ...,  0.63867016,
          0.600115  ,  0.54182633],
        [-0.05523843,  0.        , -0.07991421, ...,  0.59519013,
          0.55501276,  0.49457169],
        [ 0.02473043,  0.07991421,  0.        , ...,  0.65750441,
          0.61971367,  0.5624463 ],
        ...,
        [-0.63867016, -0.59519013, -0.65750441, ...,  0.        ,
         -0.04910417, -0.11987132],
        [-0.600115  , -0.55501276, -0.61971367, ...,  0.04910417,
          0.        , -0.07097662],
        [-0.54182633, -0.49457169, -0.5624463 , ...,  0.11987132,
          0.07097662,  0.        ]],

       ...,

       [[ 0.        ,  0.15158626,  0.19612057, ..., -0.83516949,
         -0.63041257, -0.50105683],
        [-0.15158626,  0.        ,  0.04521179, ..., -0.90888963,
         -0.74079793, -0.62645156],
        [-0.19612057, -0.04521179,  0.        , ..., -0.9268152 ,
         -0.77041043, -0.66105176],
        ...,
        [ 0.83516949,  0.90888963,  0.9268152 , ...,  0.        ,
          0.30158661,  0.44719012],
        [ 0.63041257,  0.74079793,  0.77041043, ..., -0.30158661,
          0.        ,  0.1566176 ],
        [ 0.50105683,  0.62645156,  0.66105176, ..., -0.44719012,
         -0.1566176 ,  0.        ]],

       [[ 0.        ,  0.3783914 ,  0.4929126 , ...,  0.99071808,
          0.99832499,  0.99983008],
        [-0.3783914 ,  0.        ,  0.12703208, ...,  0.96848968,
          0.94598711,  0.91851309],
        [-0.4929126 , -0.12703208,  0.        , ...,  0.92900575,
          0.89713895,  0.86084457],
        ...,
        [-0.99071808, -0.96848968, -0.92900575, ...,  0.        ,
         -0.07838688, -0.15417259],
        [-0.99832499, -0.94598711, -0.89713895, ...,  0.07838688,
          0.        , -0.07624853],
        [-0.99983008, -0.91851309, -0.86084457, ...,  0.15417259,
          0.07624853,  0.        ]],

       [[ 0.        ,  0.23980217,  0.3311115 , ...,  0.99999254,
          0.99997353,  0.99999877],
        [-0.23980217,  0.        ,  0.09517493, ...,  0.96988799,
          0.96905139,  0.97044448],
        [-0.3311115 , -0.09517493,  0.        , ...,  0.94230526,
          0.94115764,  0.94307117],
        ...,
        [-0.99999254, -0.96988799, -0.94230526, ...,  0.        ,
         -0.00341185,  0.0022954 ],
        [-0.99997353, -0.96905139, -0.94115764, ...,  0.00341185,
          0.        ,  0.00570723],
        [-0.99999877, -0.97044448, -0.94307117, ..., -0.0022954 ,
         -0.00570723,  0.        ]]]), 'num': array([7.13590488e-01, 7.00515309e-01, 2.37299080e-06, 1.19955773e-04,
       1.21479712e-04, 1.14513134e-04, 8.17353821e-03, 4.13640598e-06,
       1.15296874e-04, 1.15503694e-04, 1.23163302e-04, 1.28305569e-06,
       1.30401009e-04, 1.00606380e-04])}
{'img': array([[[ 0.        , -0.15153782, -0.04237442, ...,  0.47392176,
          0.57670973,  0.73797574],
        [ 0.15153782,  0.        ,  0.10951665, ...,  0.60188785,
          0.69384827,  0.83171504],
        [ 0.04237442, -0.10951665,  0.        , ...,  0.5108096 ,
          0.61080948,  0.7659083 ],
        ...,
        [-0.47392176, -0.60188785, -0.5108096 , ...,  0.        ,
          0.12066156,  0.33002173],
        [-0.57670973, -0.69384827, -0.61080948, ..., -0.12066156,
          0.        ,  0.2137092 ],
        [-0.73797574, -0.83171504, -0.7659083 , ..., -0.33002173,
         -0.2137092 ,  0.        ]],

       [[ 0.        ,  0.02073001,  0.14816994, ..., -0.13122964,
         -0.07117585, -0.02482107],
        [-0.02073001,  0.        ,  0.12763691, ..., -0.15175218,
         -0.09183799, -0.04553936],
        [-0.14816994, -0.12763691,  0.        , ..., -0.27666968,
         -0.21818436, -0.17267138],
        ...,
        [ 0.13122964,  0.15175218,  0.27666968, ...,  0.        ,
          0.06033649,  0.10658279],
        [ 0.07117585,  0.09183799,  0.21818436, ..., -0.06033649,
          0.        ,  0.04639581],
        [ 0.02482107,  0.04553936,  0.17267138, ..., -0.10658279,
         -0.04639581,  0.        ]],

       [[ 0.        , -0.07991421, -0.23274006, ...,  0.55501276,
          0.49457169,  0.47632952],
        [ 0.07991421,  0.        , -0.15427602, ...,  0.61971367,
          0.5624463 ,  0.54507201],
        [ 0.23274006,  0.15427602,  0.        , ...,  0.73337446,
          0.68327321,  0.66788965],
        ...,
        [-0.55501276, -0.61971367, -0.73337446, ...,  0.        ,
         -0.07097662, -0.09177349],
        [-0.49457169, -0.5624463 , -0.68327321, ...,  0.07097662,
          0.        , -0.02086495],
        [-0.47632952, -0.54507201, -0.66788965, ...,  0.09177349,
          0.02086495,  0.        ]],

       ...,

       [[ 0.        ,  0.04521179, -0.08742482, ..., -0.74079793,
         -0.62645156, -0.44830442],
        [-0.04521179,  0.        , -0.1323741 , ..., -0.77041043,
         -0.66105176, -0.48825995],
        [ 0.08742482,  0.1323741 ,  0.        , ..., -0.67923581,
         -0.55590877, -0.36844054],
        ...,
        [ 0.74079793,  0.77041043,  0.67923581, ...,  0.        ,
          0.1566176 ,  0.36104655],
        [ 0.62645156,  0.66105176,  0.55590877, ..., -0.1566176 ,
          0.        ,  0.21053759],
        [ 0.44830442,  0.48825995,  0.36844054, ..., -0.36104655,
         -0.21053759,  0.        ]],

       [[ 0.        ,  0.33480468,  0.46625477, ...,  0.99976936,
          0.99833058,  0.9925958 ],
        [-0.33480468,  0.        ,  0.14316095, ...,  0.94926061,
          0.92137664,  0.89464386],
        [-0.46625477, -0.14316095,  0.        , ...,  0.89445992,
          0.85624342,  0.82146706],
        ...,
        [-0.99976936, -0.94926061, -0.89445992, ...,  0.        ,
         -0.0791858 , -0.14275364],
        [-0.99833058, -0.92137664, -0.85624342, ...,  0.0791858 ,
          0.        , -0.06393058],
        [-0.9925958 , -0.89464386, -0.82146706, ...,  0.14275364,
          0.06393058,  0.        ]],

       [[ 0.        ,  0.23345871,  0.34017804, ...,  0.99975381,
          0.99986557,  0.99999349],
        [-0.23345871,  0.        ,  0.11124233, ...,  0.96694726,
          0.96840805,  0.97151777],
        [-0.34017804, -0.11124233,  0.        , ...,  0.93258154,
          0.93465684,  0.93912713],
        ...,
        [-0.99975381, -0.96694726, -0.93258154, ...,  0.        ,
          0.00579274,  0.01857985],
        [-0.99986557, -0.96840805, -0.93465684, ..., -0.00579274,
          0.        ,  0.01278779],
        [-0.99999349, -0.97151777, -0.93912713, ..., -0.01857985,
         -0.01278779,  0.        ]]]), 'num': array([7.19603187e-01, 6.93975754e-01, 4.47250145e-06, 1.25624673e-04,
       1.28694037e-04, 1.21678348e-04, 2.38492851e-02, 4.82328588e-06,
       1.18082808e-04, 1.16230228e-04, 1.24336637e-04, 1.45611735e-06,
       1.30991481e-04, 1.01468974e-04])}
{'img': array([[[ 0.        ,  0.10951665,  0.90651708, ...,  0.69384827,
          0.83171504,  0.93968752],
        [-0.10951665,  0.        ,  0.85482979, ...,  0.61080948,
          0.7659083 ,  0.89657682],
        [-0.90651708, -0.85482979,  0.        , ..., -0.35988086,
         -0.15217634,  0.08664726],
        ...,
        [-0.69384827, -0.61080948,  0.35988086, ...,  0.        ,
          0.2137092 ,  0.43936911],
        [-0.83171504, -0.7659083 ,  0.15217634, ..., -0.2137092 ,
          0.        ,  0.23724212],
        [-0.93968752, -0.89657682, -0.08664726, ..., -0.43936911,
         -0.23724212,  0.        ]],

       [[ 0.        ,  0.12763691,  0.89267875, ..., -0.09183799,
         -0.04553936,  0.44801171],
        [-0.12763691,  0.        ,  0.82785237, ..., -0.21818436,
         -0.17267138,  0.33023648],
        [-0.89267875, -0.82785237,  0.        , ..., -0.93029705,
         -0.91227693, -0.59616355],
        ...,
        [ 0.09183799,  0.21818436,  0.93029705, ...,  0.        ,
          0.04639581,  0.5282241 ],
        [ 0.04553936,  0.17267138,  0.91227693, ..., -0.04639581,
          0.        ,  0.48826036],
        [-0.44801171, -0.33023648,  0.59616355, ..., -0.5282241 ,
         -0.48826036,  0.        ]],

       [[ 0.        , -0.15427602,  0.11267626, ...,  0.5624463 ,
          0.54507201,  0.66477137],
        [ 0.15427602,  0.        ,  0.26462083, ...,  0.68327321,
          0.66788965,  0.77206401],
        [-0.11267626, -0.26462083,  0.        , ...,  0.46569996,
          0.4471343 ,  0.5763635 ],
        ...,
        [-0.5624463 , -0.68327321, -0.46569996, ...,  0.        ,
         -0.02086495,  0.12948171],
        [-0.54507201, -0.66788965, -0.4471343 , ...,  0.02086495,
          0.        ,  0.15014282],
        [-0.66477137, -0.77206401, -0.5763635 , ..., -0.12948171,
         -0.15014282,  0.        ]],

       ...,

       [[ 0.        , -0.1323741 ,  0.23361944, ..., -0.66105176,
         -0.48825995, -0.23140691],
        [ 0.1323741 ,  0.        ,  0.3602746 , ..., -0.55590877,
         -0.36844054, -0.10058942],
        [-0.23361944, -0.3602746 ,  0.        , ..., -0.81805329,
         -0.67862815, -0.45228176],
        ...,
        [ 0.66105176,  0.55590877,  0.81805329, ...,  0.        ,
          0.21053759,  0.46947494],
        [ 0.48825995,  0.36844054,  0.67862815, ..., -0.21053759,
          0.        ,  0.27305873],
        [ 0.23140691,  0.10058942,  0.45228176, ..., -0.46947494,
         -0.27305873,  0.        ]],

       [[ 0.        ,  0.33937731,  0.74253122, ...,  0.99601477,
          0.98794785,  0.98425471],
        [-0.33937731,  0.        ,  0.47114343, ...,  0.90663309,
          0.87678226,  0.86585256],
        [-0.74253122, -0.47114343,  0.        , ...,  0.6009169 ,
          0.54680455,  0.52801826],
        ...,
        [-0.99601477, -0.90663309, -0.6009169 , ...,  0.        ,
         -0.06605668, -0.0882674 ],
        [-0.98794785, -0.87678226, -0.54680455, ...,  0.06605668,
          0.        , -0.02227576],
        [-0.98425471, -0.86585256, -0.52801826, ...,  0.0882674 ,
          0.02227576,  0.        ]],

       [[ 0.        ,  0.19276349, -0.07110122, ...,  0.99495434,
          0.99617045,  0.9966878 ],
        [-0.19276349,  0.        , -0.26204336, ...,  0.95695449,
          0.96063373,  0.96231906],
        [ 0.07110122,  0.26204336,  0.        , ...,  0.99956971,
          0.9998658 ,  0.99994745],
        ...,
        [-0.99495434, -0.95695449, -0.99956971, ...,  0.        ,
          0.01295327,  0.0190838 ],
        [-0.99617045, -0.96063373, -0.9998658 , ..., -0.01295327,
          0.        ,  0.00613129],
        [-0.9966878 , -0.96231906, -0.99994745, ..., -0.0190838 ,
         -0.00613129,  0.        ]]]), 'num': array([7.14442107e-01, 6.99624618e-01, 2.54596043e-06, 1.26645211e-04,
       1.28168436e-04, 1.21857935e-04, 9.88696534e-03, 1.95843110e-06,
       1.20117108e-04, 1.15090468e-04, 1.23767406e-04, 1.44661473e-06,
       1.28650952e-04, 1.01529983e-04])}
{'img': array([[[ 0.        ,  0.85482979,  0.72142247, ...,  0.7659083 ,
          0.89657682,  0.93566189],
        [-0.85482979,  0.        , -0.21761328, ..., -0.15217634,
          0.08664726,  0.18385539],
        [-0.72142247,  0.21761328,  0.        , ...,  0.06654938,
          0.30136562,  0.393353  ],
        ...,
        [-0.7659083 ,  0.15217634, -0.06654938, ...,  0.        ,
          0.23724212,  0.33129632],
        [-0.89657682, -0.08664726, -0.30136562, ..., -0.23724212,
          0.        ,  0.0979937 ],
        [-0.93566189, -0.18385539, -0.393353  , ..., -0.33129632,
         -0.0979937 ,  0.        ]],

       [[ 0.        ,  0.82785237,  0.2735664 , ..., -0.17267138,
          0.33023648, -0.09886454],
        [-0.82785237,  0.        , -0.6428164 , ..., -0.91227693,
         -0.59616355, -0.87925431],
        [-0.2735664 ,  0.6428164 ,  0.        , ..., -0.4355418 ,
          0.05942014, -0.36731934],
        ...,
        [ 0.17267138,  0.91227693,  0.4355418 , ...,  0.        ,
          0.48826036,  0.0744459 ],
        [-0.33023648,  0.59616355, -0.05942014, ..., -0.48826036,
          0.        , -0.42193668],
        [ 0.09886454,  0.87925431,  0.36731934, ..., -0.0744459 ,
          0.42193668,  0.        ]],

       [[ 0.        ,  0.26462083,  0.40997594, ...,  0.66788965,
          0.77206401,  0.88644634],
        [-0.26462083,  0.        ,  0.15400165, ...,  0.4471343 ,
          0.5763635 ,  0.73237195],
        [-0.40997594, -0.15400165,  0.        , ...,  0.30405088,
          0.44363869,  0.61877473],
        ...,
        [-0.66788965, -0.4471343 , -0.30405088, ...,  0.        ,
          0.15014282,  0.35062654],
        [-0.77206401, -0.5763635 , -0.44363869, ..., -0.15014282,
          0.        ,  0.20604089],
        [-0.88644634, -0.73237195, -0.61877473, ..., -0.35062654,
         -0.20604089,  0.        ]],

       ...,

       [[ 0.        ,  0.3602746 ,  0.01504778, ..., -0.36844054,
         -0.10058942, -0.09804151],
        [-0.3602746 ,  0.        , -0.34619655, ..., -0.67862815,
         -0.45228176, -0.44999657],
        [-0.01504778,  0.34619655,  0.        , ..., -0.38238801,
         -0.11554948, -0.11300569],
        ...,
        [ 0.36844054,  0.67862815,  0.38238801, ...,  0.        ,
          0.27305873,  0.27552109],
        [ 0.10058942,  0.45228176,  0.11554948, ..., -0.27305873,
          0.        ,  0.00256056],
        [ 0.09804151,  0.44999657,  0.11300569, ..., -0.27552109,
         -0.00256056,  0.        ]],

       [[ 0.        ,  0.69306174,  0.83290801, ...,  0.98176412,
          0.97710799,  0.95161854],
        [-0.69306174,  0.        ,  0.21687694, ...,  0.57597913,
          0.5569312 ,  0.47303576],
        [-0.83290801, -0.21687694,  0.        , ...,  0.38498105,
          0.36354664,  0.27069906],
        ...,
        [-0.98176412, -0.57597913, -0.38498105, ...,  0.        ,
         -0.02311301, -0.12077262],
        [-0.97710799, -0.5569312 , -0.36354664, ...,  0.02311301,
          0.        , -0.09779653],
        [-0.95161854, -0.47303576, -0.27069906, ...,  0.12077262,
          0.09779653,  0.        ]],

       [[ 0.        , -0.26204336, -0.06583388, ...,  0.96063373,
          0.96231906,  0.97075895],
        [ 0.26204336,  0.        ,  0.19794149, ...,  0.9998658 ,
          0.99994745,  0.99974203],
        [ 0.06583388, -0.19794149,  0.        , ...,  0.97683957,
          0.97813314,  0.98445682],
        ...,
        [-0.96063373, -0.9998658 , -0.97683957, ...,  0.        ,
          0.00613129,  0.03908804],
        [-0.96231906, -0.99994745, -0.97813314, ..., -0.00613129,
          0.        ,  0.0329607 ],
        [-0.97075895, -0.99974203, -0.98445682, ..., -0.03908804,
         -0.0329607 ,  0.        ]]]), 'num': array([7.14528507e-01, 6.99509805e-01, 2.54554263e-06, 1.28364970e-04,
       1.30975783e-04, 1.26189293e-04, 1.16157026e-02, 1.74054197e-06,
       1.23056317e-04, 1.15060702e-04, 1.24118773e-04, 1.41799990e-06,
       1.28575863e-04, 1.01545542e-04])}
{'img': array([[[ 0.        , -0.21761328, -0.23945607, ...,  0.08664726,
          0.18385539,  0.27001544],
        [ 0.21761328,  0.        , -0.02243522, ...,  0.30136562,
          0.393353  ,  0.47307479],
        [ 0.23945607,  0.02243522,  0.        , ...,  0.32268194,
          0.41388065,  0.49272165],
        ...,
        [-0.08664726, -0.30136562, -0.32268194, ...,  0.        ,
          0.0979937 ,  0.18557109],
        [-0.18385539, -0.393353  , -0.41388065, ..., -0.0979937 ,
          0.        ,  0.08838631],
        [-0.27001544, -0.47307479, -0.49272165, ..., -0.18557109,
         -0.08838631,  0.        ]],

       [[ 0.        , -0.6428164 , -0.81048214, ..., -0.59616355,
         -0.87925431, -0.8451849 ],
