state_0,state_1,state_2,state_3,state_4,state_5,state_6,state_7,state_8,state_9,state_10,state_11,state_12,state_13,state_14,state_15,state_16,state_17,state_18,state_19,state_20,state_21,state_22,state_23,state_24,state_25,state_26,state_27,state_28,state_29,state_30,state_31,state_32,state_33,state_34,state_35,state_36,state_37,state_38,state_39,state_40,state_41,state_42,state_43,state_44,state_45,state_46,state_47,state_48,state_49,state_50,state_51,state_52,state_53,state_54,state_55,state_56,state_57,state_58,state_59,state_60,state_61,state_62,state_63,state_64,state_65,state_66,state_67,state_68,state_69,state_70,state_71,state_72,state_73,state_74,state_75,state_76,state_77,state_78,state_79,state_80,state_81,state_82,state_83,state_84,state_85,state_86,state_87,state_88,state_89,state_90,state_91,state_92,state_93,state_94,state_95,state_96,state_97,state_98,state_99,state_100,state_101,state_102,state_103,state_104,state_105,state_106,state_107,state_108,state_109,state_110,state_111,state_112,state_113,state_114,state_115,state_116,state_117,state_118,state_119,state_120,state_121,state_122,state_123,state_124,state_125,state_126,state_127,state_128,state_129,state_130,state_131,state_132,state_133,state_134,state_135,state_136,state_137,state_138,state_139,state_140,state_141,state_142,state_143,state_144,state_145,state_146,state_147,state_148,state_149,state_150,state_151,state_152,state_153,state_154,state_155,state_156,state_157,state_158,state_159,state_160,state_161,state_162,state_163,state_164,state_165,state_166,state_167,state_168,state_169,state_170,state_171,state_172,state_173,state_174,state_175,state_176,state_177,state_178,state_179,state_180,state_181,state_182,state_183,state_184,state_185,state_186,state_187,state_188,state_189,state_190,state_191,state_192,state_193,state_194,state_195,state_196,state_197,state_198,state_199,state_200,state_201,state_202,state_203,state_204,state_205,state_206,state_207,state_208,state_209,state_210,state_211,state_212,state_213,state_214,state_215,state_216,state_217,state_218,state_219,state_220,state_221,state_222,state_223,state_224,state_225,state_226,state_227,state_228,state_229,state_230,state_231,state_232,state_233,state_234,state_235,state_236,state_237,state_238,state_239,state_240,state_241,state_242,state_243,state_244,state_245,state_246,state_247,state_248,state_249,state_250,state_251,state_252,state_253,state_254,state_255,state_256,state_257,state_258,state_259,state_260,state_261,state_262,state_263,state_264,state_265,state_266,state_267,state_268,state_269,state_270,state_271,state_272,state_273,state_274,state_275,state_276,state_277,state_278,state_279,state_280,state_281,state_282,state_283,state_284,state_285,state_286,state_287
{'img': array([[[ 0.00000000e+00,  0.00000000e+00, -1.65827660e-02, ...,
         -9.51894998e-01, -9.91253383e-01, -9.99159612e-01],
        [ 0.00000000e+00,  0.00000000e+00, -1.65827660e-02, ...,
         -9.51894998e-01, -9.91253383e-01, -9.99159612e-01],
        [ 1.65827660e-02,  1.65827660e-02,  0.00000000e+00, ...,
         -9.46682745e-01, -9.88928614e-01, -9.99701929e-01],
        ...,
        [ 9.51894998e-01,  9.51894998e-01,  9.46682745e-01, ...,
          0.00000000e+00, -1.78120298e-01, -3.45183773e-01],
        [ 9.91253383e-01,  9.91253383e-01,  9.88928614e-01, ...,
          1.78120298e-01,  0.00000000e+00, -1.72491688e-01],
        [ 9.99159612e-01,  9.99159612e-01,  9.99701929e-01, ...,
          3.45183773e-01,  1.72491688e-01,  0.00000000e+00]],

       [[ 0.00000000e+00,  6.95759784e-01,  9.20681873e-01, ...,
         -5.36414285e-01, -4.31572584e-01, -3.42691809e-01],
        [-6.95759784e-01,  0.00000000e+00,  3.89737687e-01, ...,
         -9.72482540e-01, -9.37617345e-01, -8.99776859e-01],
        [-9.20681873e-01, -3.89737687e-01,  0.00000000e+00, ...,
         -9.86383807e-01, -9.98975810e-01, -9.98689990e-01],
        ...,
        [ 5.36414285e-01,  9.72482540e-01,  9.86383807e-01, ...,
          0.00000000e+00,  1.19659884e-01,  2.14716865e-01],
        [ 4.31572584e-01,  9.37617345e-01,  9.98975810e-01, ...,
         -1.19659884e-01,  0.00000000e+00,  9.63051355e-02],
        [ 3.42691809e-01,  8.99776859e-01,  9.98689990e-01, ...,
         -2.14716865e-01, -9.63051355e-02,  0.00000000e+00]],

       [[ 0.00000000e+00, -5.17420593e-01, -6.84248404e-01, ...,
         -8.69421476e-01, -8.57889637e-01, -7.81020067e-01],
        [ 5.17420593e-01,  0.00000000e+00, -2.08204269e-01, ...,
         -9.99633690e-01, -9.99991239e-01, -9.91475487e-01],
        [ 6.84248404e-01,  2.08204269e-01,  0.00000000e+00, ...,
         -9.72092145e-01, -9.77205259e-01, -9.96875297e-01],
        ...,
        [ 8.69421476e-01,  9.99633690e-01,  9.72092145e-01, ...,
          0.00000000e+00, -2.28797916e-02, -1.57079387e-01],
        [ 8.57889637e-01,  9.99991239e-01,  9.77205259e-01, ...,
          2.28797916e-02,  0.00000000e+00, -1.34442505e-01],
        [ 7.81020067e-01,  9.91475487e-01,  9.96875297e-01, ...,
          1.57079387e-01,  1.34442505e-01,  0.00000000e+00]],

       ...,

       [[ 0.00000000e+00,  0.00000000e+00, -3.35673241e-01, ...,
          9.99963723e-01,  8.86489801e-01,  3.66061404e-01],
        [ 0.00000000e+00,  0.00000000e+00, -3.35673241e-01, ...,
          9.99963723e-01,  8.86489801e-01,  3.66061404e-01],
        [ 3.35673241e-01,  3.35673241e-01,  0.00000000e+00, ...,
          9.39085136e-01,  9.90386489e-01,  6.57196364e-01],
        ...,
        [-9.99963723e-01, -9.99963723e-01, -9.39085136e-01, ...,
          0.00000000e+00, -4.70282246e-01, -9.33674961e-01],
        [-8.86489801e-01, -8.86489801e-01, -9.90386489e-01, ...,
          4.70282246e-01,  0.00000000e+00, -6.55564933e-01],
        [-3.66061404e-01, -3.66061404e-01, -6.57196364e-01, ...,
          9.33674961e-01,  6.55564933e-01,  0.00000000e+00]],

       [[ 0.00000000e+00,  3.29765336e-02,  1.42304739e-01, ...,
         -7.39515575e-01, -7.39409571e-01, -6.45657153e-01],
        [-3.29765336e-02,  0.00000000e+00,  1.09586416e-01, ...,
         -7.16915566e-01, -7.16805780e-01, -6.20124212e-01],
        [-1.42304739e-01, -1.09586416e-01,  0.00000000e+00, ...,
         -6.36198513e-01, -6.36077018e-01, -5.30418431e-01],
        ...,
        [ 7.39515575e-01,  7.16915566e-01,  6.36198513e-01, ...,
          0.00000000e+00, -1.57463334e-04, -1.30097073e-01],
        [ 7.39409571e-01,  7.16805780e-01,  6.36077018e-01, ...,
          1.57463334e-04,  0.00000000e+00, -1.29940946e-01],
        [ 6.45657153e-01,  6.20124212e-01,  5.30418431e-01, ...,
          1.30097073e-01,  1.29940946e-01,  0.00000000e+00]],

       [[ 0.00000000e+00, -4.95587626e-01, -6.61028898e-01, ...,
         -5.77418054e-01, -5.78915436e-01, -7.02448117e-01],
        [ 4.95587626e-01,  0.00000000e+00, -2.02272551e-01, ...,
         -9.06142885e-01, -9.06917600e-01, -9.62843929e-01],
        [ 6.61028898e-01,  2.02272551e-01,  0.00000000e+00, ...,
         -9.72967816e-01, -9.73390002e-01, -9.97566652e-01],
        ...,
        [ 5.77418054e-01,  9.06142885e-01,  9.72967816e-01, ...,
          0.00000000e+00,  1.83520874e-03,  1.62544202e-01],
        [ 5.78915436e-01,  9.06917600e-01,  9.73390002e-01, ...,
         -1.83520874e-03,  0.00000000e+00,  1.60733126e-01],
        [ 7.02448117e-01,  9.62843929e-01,  9.97566652e-01, ...,
         -1.62544202e-01, -1.60733126e-01,  0.00000000e+00]]]), 'num': array([ 8.59588563e-01,  5.10981503e-01,  5.08915416e-06,  6.83543255e-04,
        7.23458189e-04,  6.83543255e-04,  1.05380417e-03, -3.49255678e-05,
        7.32638624e-04,  7.48355130e-04,  7.84511408e-04,  2.55269930e-07,
        7.97894191e-04,  6.98816069e-04])}
{'img': array([[[ 0.        , -0.01658277,  0.57870919, ..., -0.99125338,
         -0.99915961, -0.80162469],
        [ 0.01658277,  0.        ,  0.59215342, ..., -0.98892861,
         -0.99970193, -0.8114281 ],
        [-0.57870919, -0.59215342,  0.        , ..., -0.88477449,
         -0.79112811, -0.30778383],
        ...,
        [ 0.99125338,  0.98892861,  0.88477449, ...,  0.        ,
         -0.17249169, -0.69839103],
        [ 0.99915961,  0.99970193,  0.79112811, ...,  0.17249169,
          0.        , -0.5644677 ],
        [ 0.80162469,  0.8114281 ,  0.30778383, ...,  0.69839103,
          0.5644677 ,  0.        ]],

       [[ 0.        ,  0.38973769,  0.95965064, ..., -0.93761735,
         -0.89977686, -0.66023795],
        [-0.38973769,  0.        ,  0.77417485, ..., -0.99897581,
         -0.99868999, -0.90074526],
        [-0.95965064, -0.77417485,  0.        , ..., -0.59729409,
         -0.67175664, -0.90640747],
        ...,
        [ 0.93761735,  0.99897581,  0.59729409, ...,  0.        ,
          0.09630514,  0.47465934],
        [ 0.89977686,  0.99868999,  0.67175664, ..., -0.09630514,
          0.        ,  0.3876882 ],
        [ 0.66023795,  0.90074526,  0.90640747, ..., -0.47465934,
         -0.3876882 ,  0.        ]],

       [[ 0.        , -0.50403236, -0.6724428 , ..., -0.87942453,
         -0.80349303, -0.60311125],
        [ 0.50403236,  0.        , -0.20771951, ..., -0.9994843 ,
         -0.99402229, -0.92294298],
        [ 0.6724428 ,  0.20771951,  0.        , ..., -0.97101382,
         -0.99501936, -0.98277101],
        ...,
        [ 0.87942453,  0.9994843 ,  0.97101382, ...,  0.        ,
         -0.14104039, -0.41437513],
        [ 0.80349303,  0.99402229,  0.99501936, ...,  0.14104039,
          0.        , -0.28187123],
        [ 0.60311125,  0.92294298,  0.98277101, ...,  0.41437513,
          0.28187123,  0.        ]],

       ...,

       [[ 0.        , -0.33567324,  0.20584909, ...,  0.8864898 ,
          0.3660614 , -0.23056122],
        [ 0.33567324,  0.        ,  0.5223898 , ...,  0.99038649,
          0.65719636,  0.10944576],
        [-0.20584909, -0.5223898 ,  0.        , ...,  0.77224823,
          0.16666049, -0.42592654],
        ...,
        [-0.8864898 , -0.99038649, -0.77224823, ...,  0.        ,
         -0.65556493, -0.96929761],
        [-0.3660614 , -0.65719636, -0.16666049, ...,  0.65556493,
          0.        , -0.57075704],
        [ 0.23056122, -0.10944576,  0.42592654, ...,  0.96929761,
          0.57075704,  0.        ]],

       [[ 0.        ,  0.10958642, -0.02963811, ..., -0.71680578,
         -0.62012421, -0.70254033],
        [-0.10958642,  0.        , -0.13899788, ..., -0.63607702,
         -0.53041843, -0.62032261],
        [ 0.02963811,  0.13899788,  0.        , ..., -0.73715673,
         -0.64310299, -0.72332348],
        ...,
        [ 0.71680578,  0.63607702,  0.73715673, ...,  0.        ,
         -0.12994095, -0.02024817],
        [ 0.62012421,  0.53041843,  0.64310299, ...,  0.12994095,
          0.        ,  0.10983781],
        [ 0.70254033,  0.62032261,  0.72332348, ...,  0.02024817,
         -0.10983781,  0.        ]],

       [[ 0.        , -0.48684568, -0.58273369, ..., -0.59678499,
         -0.72241743, -0.6205983 ],
        [ 0.48684568,  0.        , -0.11336933, ..., -0.91193008,
         -0.9676559 , -0.92383481],
        [ 0.58273369,  0.11336933,  0.        , ..., -0.9525714 ,
         -0.99001745, -0.96127557],
        ...,
        [ 0.59678499,  0.91193008,  0.9525714 , ...,  0.        ,
          0.16701732,  0.03001259],
        [ 0.72241743,  0.9676559 ,  0.99001745, ..., -0.16701732,
          0.        , -0.13735105],
        [ 0.6205983 ,  0.92383481,  0.96127557, ..., -0.03001259,
          0.13735105,  0.        ]]]), 'num': array([ 7.07062217e-01,  7.07062217e-01,  0.00000000e+00,  3.53531108e-03,
        3.70687765e-03,  3.53531108e-03,  3.37830168e-03, -2.59949344e-05,
        3.71415623e-03,  3.88780240e-03,  4.07115333e-03,  1.17884005e-06,
        4.18552963e-03,  3.59007516e-03])}
{'img': array([[[ 0.00000000e+00,  5.92153425e-01, -2.98614385e-01, ...,
         -9.99701929e-01, -8.11428096e-01, -5.92153425e-01],
        [-5.92153425e-01,  0.00000000e+00, -8.05766754e-01, ...,
         -7.91128108e-01, -3.07783835e-01, -0.00000000e+00],
        [ 2.98614385e-01,  8.05766754e-01,  0.00000000e+00, ...,
         -9.61379807e-01, -9.48931610e-01, -8.05766754e-01],
        ...,
        [ 9.99701929e-01,  7.91128108e-01,  9.61379807e-01, ...,
          0.00000000e+00, -5.64467699e-01, -7.91128108e-01],
        [ 8.11428096e-01,  3.07783835e-01,  9.48931610e-01, ...,
          5.64467699e-01,  0.00000000e+00, -3.07783835e-01],
        [ 5.92153425e-01,  0.00000000e+00,  8.05766754e-01, ...,
          7.91128108e-01,  3.07783835e-01,  0.00000000e+00]],

       [[ 0.00000000e+00,  7.74174846e-01, -7.19369819e-01, ...,
         -9.98689990e-01, -9.00745257e-01, -9.98047750e-01],
        [-7.74174846e-01,  0.00000000e+00, -9.93103785e-01, ...,
         -6.71756644e-01, -9.06407468e-01, -6.80087557e-01],
        [ 7.19369819e-01,  9.93103785e-01,  0.00000000e+00, ...,
         -6.56907617e-01, -3.13225558e-01, -6.48342604e-01],
        ...,
        [ 9.98689990e-01,  6.71756644e-01,  6.56907617e-01, ...,
          0.00000000e+00,  3.87688201e-01,  1.13042003e-02],
        [ 9.00745257e-01,  9.06407468e-01,  3.13225558e-01, ...,
         -3.87688201e-01,  0.00000000e+00, -3.77243325e-01],
        [ 9.98047750e-01,  6.80087557e-01,  6.48342604e-01, ...,
         -1.13042003e-02,  3.77243325e-01,  0.00000000e+00]],

       [[ 0.00000000e+00, -4.96508509e-01, -6.89078038e-01, ...,
         -8.29444385e-01, -6.32275013e-01, -0.00000000e+00],
        [ 4.96508509e-01,  0.00000000e+00, -2.38328353e-01, ...,
         -9.97328491e-01, -9.33501854e-01, -4.96508509e-01],
        [ 6.89078038e-01,  2.38328353e-01,  0.00000000e+00, ...,
         -9.85999306e-01, -9.92060668e-01, -6.89078038e-01],
        ...,
        [ 8.29444385e-01,  9.97328491e-01,  9.85999306e-01, ...,
          0.00000000e+00, -2.89425022e-01, -8.29444385e-01],
        [ 6.32275013e-01,  9.33501854e-01,  9.92060668e-01, ...,
          2.89425022e-01,  0.00000000e+00, -6.32275013e-01],
        [ 0.00000000e+00,  4.96508509e-01,  6.89078038e-01, ...,
          8.29444385e-01,  6.32275013e-01,  0.00000000e+00]],

       ...,

       [[ 0.00000000e+00,  4.52806330e-01,  5.87729325e-01, ...,
          5.87620201e-01,  8.12517970e-02, -4.07662072e-01],
        [-4.52806330e-01,  0.00000000e+00,  1.57678281e-01, ...,
          1.57545096e-01, -3.78864349e-01, -7.76947474e-01],
        [-5.87729325e-01, -1.57678281e-01,  0.00000000e+00, ...,
         -1.34871020e-04, -5.20048674e-01, -8.66497072e-01],
        ...,
        [-5.87620201e-01, -1.57545096e-01,  1.34871020e-04, ...,
          0.00000000e+00, -5.19933471e-01, -8.66429739e-01],
        [-8.12517970e-02,  3.78864349e-01,  5.20048674e-01, ...,
          5.19933471e-01,  0.00000000e+00, -4.80507867e-01],
        [ 4.07662072e-01,  7.76947474e-01,  8.66497072e-01, ...,
          8.66429739e-01,  4.80507867e-01,  0.00000000e+00]],

       [[ 0.00000000e+00, -1.38997879e-01, -5.43581177e-02, ...,
         -5.30418431e-01, -6.20322609e-01, -6.88350006e-01],
        [ 1.38997879e-01,  0.00000000e+00,  8.49619256e-02, ...,
         -6.43102992e-01, -7.23323476e-01, -7.82494074e-01],
        [ 5.43581177e-02, -8.49619256e-02,  0.00000000e+00, ...,
         -5.75715542e-01, -6.62041079e-01, -7.26762505e-01],
        ...,
        [ 5.30418431e-01,  6.43102992e-01,  5.75715542e-01, ...,
          0.00000000e+00,  1.09837809e-01,  1.98784830e-01],
        [ 6.20322609e-01,  7.23323476e-01,  6.62041079e-01, ...,
         -1.09837809e-01,  0.00000000e+00,  8.99362941e-02],
        [ 6.88350006e-01,  7.82494074e-01,  7.26762505e-01, ...,
         -1.98784830e-01, -8.99362941e-02,  0.00000000e+00]],

       [[ 0.00000000e+00, -3.54468829e-01, -6.31313894e-01, ...,
         -7.41799188e-01, -6.38584871e-01, -4.78515053e-01],
        [ 3.54468829e-01,  0.00000000e+00, -3.15421020e-01, ...,
         -9.31347179e-01, -8.69902156e-01, -7.58695792e-01],
        [ 6.31313894e-01,  3.15421020e-01,  0.00000000e+00, ...,
         -9.98658637e-01, -9.81068566e-01, -9.25445234e-01],
        ...,
        [ 7.41799188e-01,  9.31347179e-01,  9.98658637e-01, ...,
          0.00000000e+00, -1.42603496e-01, -3.30455791e-01],
        [ 6.38584871e-01,  8.69902156e-01,  9.81068566e-01, ...,
          1.42603496e-01,  0.00000000e+00, -1.92486257e-01],
        [ 4.78515053e-01,  7.58695792e-01,  9.25445234e-01, ...,
          3.30455791e-01,  1.92486257e-01,  0.00000000e+00]]]), 'num': array([7.07063088e-01, 7.07063088e-01, 0.00000000e+00, 3.66529027e-03,
       3.67048926e-03, 3.52491745e-03, 2.99633580e-03, 1.29974832e-04,
       3.66529027e-03, 3.88000869e-03, 4.05720771e-03, 1.65301325e-06,
       4.19212327e-03, 3.56789411e-03])}
{'img': array([[[ 0.        , -0.80576675, -0.83291692, ..., -0.30778383,
         -0.        , -0.65308855],
        [ 0.80576675,  0.        , -0.04737113, ..., -0.94893161,
         -0.80576675, -0.99697289],
        [ 0.83291692,  0.04737113,  0.        , ..., -0.96281103,
         -0.83291692, -0.99217055],
        ...,
        [ 0.30778383,  0.94893161,  0.96281103, ...,  0.        ,
         -0.30778383,  0.3883062 ],
        [ 0.        ,  0.80576675,  0.83291692, ...,  0.30778383,
          0.        ,  0.65308855],
        [ 0.65308855,  0.99697289,  0.99217055, ..., -0.3883062 ,
         -0.65308855,  0.        ]],

       [[ 0.        , -0.99310378, -0.70678964, ..., -0.90640747,
         -0.68008756, -0.61397491],
        [ 0.99310378,  0.        , -0.61968226, ..., -0.31322556,
         -0.6483426 , -0.71190067],
        [ 0.70678964,  0.61968226,  0.        , ...,  0.34266312,
         -0.03705921, -0.12354666],
        ...,
        [ 0.90640747,  0.31322556, -0.34266312, ...,  0.        ,
         -0.37724332, -0.45610484],
        [ 0.68008756,  0.6483426 ,  0.03705921, ...,  0.37724332,
          0.        , -0.0866865 ],
        [ 0.61397491,  0.71190067,  0.12354666, ...,  0.45610484,
          0.0866865 ,  0.        ]],

       [[ 0.        , -0.5188938 , -0.6097072 , ..., -0.74809249,
         -0.45261691, -0.        ],
        [ 0.5188938 ,  0.        , -0.10991222, ..., -0.98383348,
         -0.84961469, -0.5188938 ],
        [ 0.6097072 ,  0.10991222,  0.        , ..., -0.99755643,
         -0.90243526, -0.6097072 ],
        ...,
        [ 0.74809249,  0.98383348,  0.99755643, ...,  0.        ,
         -0.36672379, -0.74809249],
        [ 0.45261691,  0.84961469,  0.90243526, ...,  0.36672379,
          0.        , -0.45261691],
        [ 0.        ,  0.5188938 ,  0.6097072 , ...,  0.74809249,
          0.45261691,  0.        ]],

       ...,

       [[ 0.        ,  0.15767828,  0.13818599, ..., -0.37886435,
         -0.77694747,  0.0197913 ],
        [-0.15767828,  0.        , -0.0197082 , ..., -0.52004867,
         -0.86649707, -0.13810368],
        [-0.13818599,  0.0197082 ,  0.        , ..., -0.50311417,
         -0.85649079, -0.1185575 ],
        ...,
        [ 0.37886435,  0.52004867,  0.50311417, ...,  0.        ,
         -0.48050787,  0.39710604],
        [ 0.77694747,  0.86649707,  0.85649079, ...,  0.48050787,
          0.        ,  0.78925521],
        [-0.0197913 ,  0.13810368,  0.1185575 , ..., -0.39710604,
         -0.78925521,  0.        ]],

       [[ 0.        ,  0.08496193,  0.3198561 , ..., -0.72332348,
         -0.78249407, -0.79423951],
        [-0.08496193,  0.        ,  0.23820102, ..., -0.66204108,
         -0.72676251, -0.73974442],
        [-0.3198561 , -0.23820102,  0.        , ..., -0.46446087,
         -0.54222566, -0.55816893],
        ...,
        [ 0.72332348,  0.66204108,  0.46446087, ...,  0.        ,
          0.08993629,  0.10893498],
        [ 0.78249407,  0.72676251,  0.54222566, ..., -0.08993629,
          0.        ,  0.01909245],
        [ 0.79423951,  0.73974442,  0.55816893, ..., -0.10893498,
         -0.01909245,  0.        ]],

       [[ 0.        , -0.55008887, -0.72741371, ..., -0.64779043,
         -0.48594707, -0.38486713],
        [ 0.55008887,  0.        , -0.22999713, ..., -0.96004168,
         -0.88658858, -0.82912151],
        [ 0.72741371,  0.22999713,  0.        , ..., -0.99867054,
         -0.9692075 , -0.93547798],
        ...,
        [ 0.64779043,  0.96004168,  0.99867054, ...,  0.        ,
         -0.19595771, -0.30469349],
        [ 0.48594707,  0.88658858,  0.9692075 , ...,  0.19595771,
          0.        , -0.11214619],
        [ 0.38486713,  0.82912151,  0.93547798, ...,  0.30469349,
          0.11214619,  0.        ]]]), 'num': array([7.07062957e-01, 7.07062957e-01, 0.00000000e+00, 3.73287649e-03,
       3.73807548e-03, 3.60290168e-03, 2.83838986e-03, 6.75869003e-05,
       3.64761302e-03, 3.87974803e-03, 4.04264979e-03, 1.95941922e-06,
       4.19234325e-03, 3.56715280e-03])}
{'img': array([[[ 0.00000000e+00, -5.16596147e-02, -5.16596147e-02, ...,
         -7.61435052e-01, -9.99812616e-01, -9.80222676e-01],
        [ 5.16596147e-02,  0.00000000e+00,  0.00000000e+00, ...,
         -7.93906238e-01, -9.97477590e-01, -9.68690515e-01],
        [ 5.16596147e-02,  0.00000000e+00,  0.00000000e+00, ...,
         -7.93906238e-01, -9.97477590e-01, -9.68690515e-01],
        ...,
        [ 7.61435052e-01,  7.93906238e-01,  7.93906238e-01, ...,
          0.00000000e+00,  6.62859596e-01,  7.86106986e-01],
        [ 9.99812616e-01,  9.97477590e-01,  9.97477590e-01, ...,
         -6.62859596e-01,  0.00000000e+00,  1.78885480e-01],
        [ 9.80222676e-01,  9.68690515e-01,  9.68690515e-01, ...,
         -7.86106986e-01, -1.78885480e-01,  0.00000000e+00]],

       [[ 0.00000000e+00, -7.32865425e-01, -6.61696609e-01, ...,
         -7.61805527e-01, -8.23565286e-01, -8.48381205e-01],
        [ 7.32865425e-01,  0.00000000e+00,  9.92808335e-02, ...,
         -4.35579240e-02, -1.44635079e-01, -1.89247642e-01],
        [ 6.61696609e-01, -9.92808335e-02,  0.00000000e+00, ...,
         -1.42529330e-01, -2.42157404e-01, -2.85799424e-01],
        ...,
        [ 7.61805527e-01,  4.35579240e-02,  1.42529330e-01, ...,
          0.00000000e+00, -1.01397891e-01, -1.46297222e-01],
        [ 8.23565286e-01,  1.44635079e-01,  2.42157404e-01, ...,
          1.01397891e-01,  0.00000000e+00, -4.52362807e-02],
        [ 8.48381205e-01,  1.89247642e-01,  2.85799424e-01, ...,
          1.46297222e-01,  4.52362807e-02,  0.00000000e+00]],

       [[ 0.00000000e+00, -3.56470524e-01, -4.95490883e-01, ...,
         -5.35898779e-01, -2.84629939e-01, -0.00000000e+00],
        [ 3.56470524e-01,  0.00000000e+00, -1.53305406e-01, ...,
         -8.01655482e-01, -6.07657623e-01, -3.56470524e-01],
        [ 4.95490883e-01,  1.53305406e-01,  0.00000000e+00, ...,
         -8.83822873e-01, -7.22229431e-01, -4.95490883e-01],
        ...,
        [ 5.35898779e-01,  8.01655482e-01,  8.83822873e-01, ...,
          0.00000000e+00, -2.73424648e-01, -5.35898779e-01],
        [ 2.84629939e-01,  6.07657623e-01,  7.22229431e-01, ...,
          2.73424648e-01,  0.00000000e+00, -2.84629939e-01],
        [ 0.00000000e+00,  3.56470524e-01,  4.95490883e-01, ...,
          5.35898779e-01,  2.84629939e-01,  0.00000000e+00]],

       ...,

       [[ 0.00000000e+00, -1.97082033e-02, -2.50748481e-01, ...,
         -8.66497072e-01, -1.38103679e-01,  1.48813827e-01],
        [ 1.97082033e-02,  0.00000000e+00, -2.31621208e-01, ...,
         -8.56490793e-01, -1.18557501e-01,  1.68273680e-01],
        [ 2.50748481e-01,  2.31621208e-01,  0.00000000e+00, ...,
         -7.13645291e-01,  1.14654173e-01,  3.92016017e-01],
        ...,
        [ 8.66497072e-01,  8.56490793e-01,  7.13645291e-01, ...,
          0.00000000e+00,  7.89255212e-01,  9.31134034e-01],
        [ 1.38103679e-01,  1.18557501e-01, -1.14654173e-01, ...,
         -7.89255212e-01,  0.00000000e+00,  2.83953786e-01],
        [-1.48813827e-01, -1.68273680e-01, -3.92016017e-01, ...,
         -9.31134034e-01, -2.83953786e-01,  0.00000000e+00]],

       [[ 0.00000000e+00,  2.38201022e-01, -6.30018725e-02, ...,
         -7.26762505e-01, -7.39744424e-01, -7.40168417e-01],
        [-2.38201022e-01,  0.00000000e+00, -2.98916232e-01, ...,
         -5.42225661e-01, -5.58168932e-01, -5.58691821e-01],
        [ 6.30018725e-02,  2.98916232e-01,  0.00000000e+00, ...,
         -7.68594007e-01, -7.80668055e-01, -7.81061821e-01],
        ...,
        [ 7.26762505e-01,  5.42225661e-01,  7.68594007e-01, ...,
          0.00000000e+00,  1.90924517e-02,  1.97226609e-02],
        [ 7.39744424e-01,  5.58168932e-01,  7.80668055e-01, ...,
         -1.90924517e-02,  0.00000000e+00,  6.30327838e-04],
        [ 7.40168417e-01,  5.58691821e-01,  7.81061821e-01, ...,
         -1.97226609e-02, -6.30327838e-04,  0.00000000e+00]],

       [[ 0.00000000e+00, -5.46110778e-01, -6.97533865e-01, ...,
         -5.05775012e-01, -4.01062665e-01, -3.96967062e-01],
        [ 5.46110778e-01,  0.00000000e+00, -1.93016495e-01, ...,
         -8.94805174e-01, -8.36240512e-01, -8.33782871e-01],
        [ 6.97533865e-01,  1.93016495e-01,  0.00000000e+00, ...,
         -9.64152353e-01, -9.26358511e-01, -9.24666970e-01],
        ...,
        [ 5.05775012e-01,  8.94805174e-01,  9.64152353e-01, ...,
          0.00000000e+00, -1.17332619e-01, -1.21767164e-01],
        [ 4.01062665e-01,  8.36240512e-01,  9.26358511e-01, ...,
          1.17332619e-01,  0.00000000e+00, -4.46656740e-03],
        [ 3.96967062e-01,  8.33782871e-01,  9.24666970e-01, ...,
          1.21767164e-01,  4.46656740e-03,  0.00000000e+00]]]), 'num': array([7.07063369e-01, 7.07063369e-01, 0.00000000e+00, 3.74847566e-03,
       3.76407264e-03, 3.66009273e-03, 2.51381824e-03, 1.55969861e-05,
       3.64865494e-03, 3.87637094e-03, 4.03199420e-03, 2.01752059e-06,
       4.19308152e-03, 3.55966036e-03])}
{'img': array([[[ 0.00000000e+00,  0.00000000e+00,  4.08677368e-01, ...,
         -9.97477590e-01, -9.68690515e-01, -9.58615607e-01],
        [ 0.00000000e+00,  0.00000000e+00,  4.08677368e-01, ...,
         -9.97477590e-01, -9.68690515e-01, -9.58615607e-01],
        [-4.08677368e-01, -4.08677368e-01,  0.00000000e+00, ...,
         -9.39385541e-01, -9.85566313e-01, -9.91260158e-01],
        ...,
        [ 9.97477590e-01,  9.97477590e-01,  9.39385541e-01, ...,
          0.00000000e+00,  1.78885480e-01,  2.15940887e-01],
        [ 9.68690515e-01,  9.68690515e-01,  9.85566313e-01, ...,
         -1.78885480e-01,  0.00000000e+00,  3.77928049e-02],
        [ 9.58615607e-01,  9.58615607e-01,  9.91260158e-01, ...,
         -2.15940887e-01, -3.77928049e-02,  0.00000000e+00]],

       [[ 0.00000000e+00,  9.92808335e-02,  8.98422099e-02, ...,
         -1.44635079e-01, -1.89247642e-01, -2.87724100e-01],
        [-9.92808335e-02,  0.00000000e+00, -9.48100268e-03, ...,
         -2.42157404e-01, -2.85799424e-01, -3.81385164e-01],
        [-8.98422099e-02,  9.48100268e-03,  0.00000000e+00, ...,
         -2.32947701e-01, -2.76701033e-01, -3.72603630e-01],
        ...,
        [ 1.44635079e-01,  2.42157404e-01,  2.32947701e-01, ...,
          0.00000000e+00, -4.52362807e-02, -1.46179755e-01],
        [ 1.89247642e-01,  2.85799424e-01,  2.76701033e-01, ...,
          4.52362807e-02,  0.00000000e+00, -1.01279759e-01],
        [ 2.87724100e-01,  3.81385164e-01,  3.72603630e-01, ...,
          1.46179755e-01,  1.01279759e-01,  0.00000000e+00]],

       [[ 0.00000000e+00, -1.78506856e-01, -1.73122651e-01, ...,
         -5.48700751e-01, -2.86339981e-01, -3.52840697e-01],
        [ 1.78506856e-01,  0.00000000e+00,  5.46938122e-03, ...,
         -6.89122980e-01, -4.52773411e-01, -5.14199509e-01],
        [ 1.73122651e-01, -5.46938122e-03,  0.00000000e+00, ...,
         -6.85149316e-01, -4.47889998e-01, -5.09500890e-01],
        ...,
        [ 5.48700751e-01,  6.89122980e-01,  6.85149316e-01, ...,
          0.00000000e+00, -2.86339981e-01, -2.18428723e-01],
        [ 2.86339981e-01,  4.52773411e-01,  4.47889998e-01, ...,
          2.86339981e-01,  0.00000000e+00,  7.01430092e-02],
        [ 3.52840697e-01,  5.14199509e-01,  5.09500890e-01, ...,
          2.18428723e-01, -7.01430092e-02,  0.00000000e+00]],

       ...,

       [[ 0.00000000e+00, -2.31621208e-01, -6.56354083e-02, ...,
         -1.18557501e-01,  1.68273680e-01,  2.17634002e-01],
        [ 2.31621208e-01,  0.00000000e+00,  1.67271234e-01, ...,
          1.14654173e-01,  3.92016017e-01,  4.37785026e-01],
        [ 6.56354083e-02, -1.67271234e-01,  0.00000000e+00, ...,
         -5.31293581e-02,  2.32610295e-01,  2.81226869e-01],
        ...,
        [ 1.18557501e-01, -1.14654173e-01,  5.31293581e-02, ...,
          0.00000000e+00,  2.83953786e-01,  3.31814801e-01],
        [-1.68273680e-01, -3.92016017e-01, -2.32610295e-01, ...,
         -2.83953786e-01,  0.00000000e+00,  5.02903733e-02],
        [-2.17634002e-01, -4.37785026e-01, -2.81226869e-01, ...,
         -3.31814801e-01, -5.02903733e-02,  0.00000000e+00]],

       [[ 0.00000000e+00, -2.98916232e-01, -4.84597074e-01, ...,
         -5.58168932e-01, -5.58691821e-01, -5.60429638e-01],
        [ 2.98916232e-01,  0.00000000e+00, -2.00967748e-01, ...,
         -7.80668055e-01, -7.81061821e-01, -7.82369467e-01],
        [ 4.84597074e-01,  2.00967748e-01,  0.00000000e+00, ...,
         -8.90334727e-01, -8.90621542e-01, -8.91573101e-01],
        ...,
        [ 5.58168932e-01,  7.80668055e-01,  8.90334727e-01, ...,
          0.00000000e+00,  6.30327838e-04,  2.72713961e-03],
        [ 5.58691821e-01,  7.81061821e-01,  8.90621542e-01, ...,
         -6.30327838e-04,  0.00000000e+00,  2.09681358e-03],
        [ 5.60429638e-01,  7.82369467e-01,  8.91573101e-01, ...,
         -2.72713961e-03, -2.09681358e-03,  0.00000000e+00]],

       [[ 0.00000000e+00, -4.96320794e-01, -5.59861331e-01, ...,
         -4.17586631e-01, -4.13340059e-01, -3.67044273e-01],
        [ 4.96320794e-01,  0.00000000e+00, -7.47929480e-02, ...,
         -8.13498817e-01, -8.10774877e-01, -7.80324847e-01],
        [ 5.59861331e-01,  7.47929480e-02,  0.00000000e+00, ...,
         -8.54717354e-01, -8.52284623e-01, -8.24912818e-01],
        ...,
        [ 4.17586631e-01,  8.13498817e-01,  8.54717354e-01, ...,
          0.00000000e+00, -4.66855380e-03, -5.49304856e-02],
        [ 4.13340059e-01,  8.10774877e-01,  8.52284623e-01, ...,
          4.66855380e-03,  0.00000000e+00, -5.02683819e-02],
        [ 3.67044273e-01,  7.80324847e-01,  8.24912818e-01, ...,
          5.49304856e-02,  5.02683819e-02,  0.00000000e+00]]]), 'num': array([ 7.07064262e-01,  7.07064262e-01,  0.00000000e+00,  3.61330634e-03,
        3.74848039e-03,  3.61330634e-03,  2.37667174e-03, -1.35174050e-04,
        3.65905756e-03,  3.85843928e-03,  4.01943504e-03,  1.93105786e-06,
        4.19165069e-03,  3.52522787e-03])}
{'img': array([[[ 0.        ,  0.40867737,  0.79390624, ..., -0.96869051,
         -0.95861561, -0.99526529],
        [-0.40867737,  0.        ,  0.47608922, ..., -0.98556631,
         -0.99126016, -0.86863595],
        [-0.79390624, -0.47608922,  0.        , ..., -0.78610699,
         -0.80890476, -0.52799701],
        ...,
        [ 0.96869051,  0.98556631,  0.78610699, ...,  0.        ,
          0.0377928 , -0.34124849],
        [ 0.95861561,  0.99126016,  0.80890476, ..., -0.0377928 ,
          0.        , -0.37652892],
        [ 0.99526529,  0.86863595,  0.52799701, ...,  0.34124849,
          0.37652892,  0.        ]],

       [[ 0.        , -0.009481  , -0.15774373, ..., -0.28579942,
         -0.38138516, -0.42483521],
        [ 0.009481  ,  0.        , -0.14837434, ..., -0.27670103,
         -0.37260363, -0.41623324],
        [ 0.15774373,  0.14837434,  0.        , ..., -0.13105708,
         -0.23078939, -0.27671553],
        ...,
        [ 0.28579942,  0.27670103,  0.13105708, ...,  0.        ,
         -0.10127976, -0.14838926],
        [ 0.38138516,  0.37260363,  0.23078939, ...,  0.10127976,
          0.        , -0.04746774],
        [ 0.42483521,  0.41623324,  0.27671553, ...,  0.14838926,
          0.04746774,  0.        ]],

       [[ 0.        ,  0.00546938, -0.03165282, ..., -0.45277341,
         -0.51419951, -0.64664939],
        [-0.00546938,  0.        , -0.03711898, ..., -0.44789   ,
         -0.50950089, -0.64246775],
        [ 0.03165282,  0.03711898,  0.        , ..., -0.480769  ,
         -0.54108954, -0.67046974],
        ...,
        [ 0.45277341,  0.44789   ,  0.480769  , ...,  0.        ,
          0.07014301,  0.23119933],
        [ 0.51419951,  0.50950089,  0.54108954, ..., -0.07014301,
          0.        ,  0.16238729],
        [ 0.64664939,  0.64246775,  0.67046974, ..., -0.23119933,
         -0.16238729,  0.        ]],

       ...,

       [[ 0.        ,  0.16727123,  0.31846375, ...,  0.39201602,
          0.43778503,  0.36897296],
        [-0.16727123,  0.        ,  0.15541462, ...,  0.2326103 ,
          0.28122687,  0.20830587],
        [-0.31846375, -0.15541462,  0.        , ...,  0.07863232,
          0.12866748,  0.05376941],
        ...,
        [-0.39201602, -0.2326103 , -0.07863232, ...,  0.        ,
          0.05029037, -0.02491565],
        [-0.43778503, -0.28122687, -0.12866748, ..., -0.05029037,
          0.        , -0.07515888],
        [-0.36897296, -0.20830587, -0.05376941, ...,  0.02491565,
          0.07515888,  0.        ]],

       [[ 0.        , -0.39519502, -0.61002813, ..., -0.5645724 ,
         -0.56632385, -0.56289808],
        [ 0.39519502,  0.        , -0.24722562, ..., -0.84480212,
         -0.84593647, -0.84371571],
        [ 0.61002813,  0.24722562,  0.        , ..., -0.95086293,
         -0.95151825, -0.95023335],
        ...,
        [ 0.5645724 ,  0.84480212,  0.95086293, ...,  0.        ,
          0.00212353, -0.00202714],
        [ 0.56632385,  0.84593647,  0.95151825, ..., -0.00212353,
          0.        , -0.00415066],
        [ 0.56289808,  0.84371571,  0.95023335, ...,  0.00202714,
          0.00415066,  0.        ]],

       [[ 0.        , -0.28639228, -0.134247  , ..., -0.46803939,
         -0.42648881, -0.        ],
        [ 0.28639228,  0.        ,  0.15517611, ..., -0.70152141,
         -0.66766401, -0.28639228],
        [ 0.134247  , -0.15517611,  0.        , ..., -0.58243775,
         -0.54405364, -0.134247  ],
        ...,
        [ 0.46803939,  0.70152141,  0.58243775, ...,  0.        ,
         -0.04644688, -0.46803939],
        [ 0.42648881,  0.66766401,  0.54405364, ...,  0.04644688,
          0.        , -0.42648881],
        [ 0.        ,  0.28639228,  0.134247  , ...,  0.46803939,
          0.42648881,  0.        ]]]), 'num': array([7.07065214e-01, 7.07065214e-01, 0.00000000e+00, 3.64970427e-03,
       3.66010229e-03, 3.58211715e-03, 1.97723509e-03, 3.63930625e-05,
       3.68193812e-03, 3.84102780e-03, 4.00748273e-03, 2.00705926e-06,
       4.17960425e-03, 3.50245135e-03])}
{'img': array([[[ 0.        ,  0.47608922, -0.14842167, ..., -0.99126016,
         -0.86863595, -0.92234148],
        [-0.47608922,  0.        , -0.6013377 , ..., -0.80890476,
         -0.52799701, -0.62715501],
        [ 0.14842167,  0.6013377 ,  0.        , ..., -0.99986114,
         -0.93255073, -0.96947231],
        ...,
        [ 0.99126016,  0.80890476,  0.99986114, ...,  0.        ,
         -0.37652892, -0.26132212],
        [ 0.86863595,  0.52799701,  0.93255073, ...,  0.37652892,
          0.        ,  0.12135507],
        [ 0.92234148,  0.62715501,  0.96947231, ...,  0.26132212,
         -0.12135507,  0.        ]],

       [[ 0.        , -0.14837434, -0.2877665 , ..., -0.37260363,
         -0.41623324, -0.56043961],
        [ 0.14837434,  0.        , -0.14248309, ..., -0.23078939,
         -0.27671553, -0.43135332],
        [ 0.2877665 ,  0.14248309,  0.        , ..., -0.08979812,
         -0.13697286, -0.29840649],
        ...,
        [ 0.37260363,  0.23078939,  0.08979812, ...,  0.        ,
         -0.04746774, -0.21149411],
        [ 0.41623324,  0.27671553,  0.13697286, ...,  0.04746774,
          0.        , -0.16486172],
        [ 0.56043961,  0.43135332,  0.29840649, ...,  0.21149411,
          0.16486172,  0.        ]],

       [[ 0.        , -0.03711898,  0.04611789, ..., -0.50950089,
         -0.64246775, -0.76457095],
        [ 0.03711898,  0.        ,  0.08316559, ..., -0.54108954,
         -0.67046974, -0.7879687 ],
        [-0.04611789, -0.08316559,  0.        , ..., -0.46927572,
         -0.60644344, -0.73403265],
        ...,
        [ 0.50950089,  0.54108954,  0.46927572, ...,  0.        ,
          0.16238729,  0.32949698],
        [ 0.64246775,  0.67046974,  0.60644344, ..., -0.16238729,
          0.        ,  0.17180456],
        [ 0.76457095,  0.7879687 ,  0.73403265, ..., -0.32949698,
         -0.17180456,  0.        ]],

       ...,

       [[ 0.        ,  0.15541462, -0.28341732, ...,  0.28122687,
          0.20830587,  0.27258169],
        [-0.15541462,  0.        , -0.42901572, ...,  0.12866748,
          0.05376941,  0.11974016],
        [ 0.28341732,  0.42901572,  0.        , ...,  0.5416746 ,
          0.47696484,  0.53408999],
        ...,
        [-0.28122687, -0.12866748, -0.5416746 , ...,  0.        ,
         -0.07515888, -0.0089969 ],
        [-0.20830587, -0.05376941, -0.47696484, ...,  0.07515888,
          0.        ,  0.06618439],
        [-0.27258169, -0.11974016, -0.53408999, ...,  0.0089969 ,
         -0.06618439,  0.        ]],

       [[ 0.        , -0.49581648, -0.65654444, ..., -0.57702967,
         -0.57355632, -0.54310068],
        [ 0.49581648,  0.        , -0.19617304, ..., -0.90605315,
         -0.90424804, -0.8879645 ],
        [ 0.65654444,  0.19617304,  0.        , ..., -0.97146124,
         -0.97044524, -0.96093305],
        ...,
        [ 0.57702967,  0.90605315,  0.97146124, ...,  0.        ,
         -0.00424642, -0.04095019],
        [ 0.57355632,  0.90424804,  0.97044524, ...,  0.00424642,
          0.        , -0.03670696],
        [ 0.54310068,  0.8879645 ,  0.96093305, ...,  0.04095019,
          0.03670696,  0.        ]],

       [[ 0.        ,  0.2508352 ,  0.17877446, ..., -0.72899392,
         -0.56968827, -0.2508352 ],
        [-0.2508352 ,  0.        , -0.07373526, ..., -0.53398608,
         -0.34532359, -0.        ],
        [-0.17877446,  0.07373526,  0.        , ..., -0.59487516,
         -0.4135829 , -0.07373526],
        ...,
        [ 0.72899392,  0.53398608,  0.59487516, ...,  0.        ,
         -0.20916846, -0.53398608],
        [ 0.56968827,  0.34532359,  0.4135829 , ...,  0.20916846,
          0.        , -0.34532359],
        [ 0.2508352 ,  0.        ,  0.07373526, ...,  0.53398608,
          0.34532359,  0.        ]]]), 'num': array([ 7.07059813e-01,  7.07059813e-01,  0.00000000e+00,  3.56649288e-03,
        3.63407948e-03,  3.52490113e-03,  4.60009995e-03, -8.31835074e-05,
        3.66215392e-03,  3.81812299e-03,  3.99176856e-03,  1.91784198e-06,
        4.16584659e-03,  3.47039939e-03])}
{'img': array([[[ 0.        , -0.6013377 , -0.51147782, ..., -0.52799701,
         -0.62715501, -0.34200401],
        [ 0.6013377 ,  0.        ,  0.10805917, ..., -0.93255073,
         -0.96947231, -0.83833562],
        [ 0.51147782, -0.10805917,  0.        , ..., -0.88807658,
         -0.93729933, -0.77451778],
        ...,
        [ 0.52799701,  0.93255073,  0.88807658, ...,  0.        ,
          0.12135507, -0.20571237],
        [ 0.62715501,  0.96947231,  0.93729933, ..., -0.12135507,
          0.        , -0.32295158],
        [ 0.34200401,  0.83833562,  0.77451778, ...,  0.20571237,
          0.32295158,  0.        ]],

       [[ 0.        , -0.14248309, -0.18967389, ..., -0.27671553,
         -0.43135332,  0.29157709],
        [ 0.14248309,  0.        , -0.04784208, ..., -0.13697286,
         -0.29840649,  0.42489403],
        [ 0.18967389,  0.04784208,  0.        , ..., -0.08942486,
         -0.25240245,  0.46771619],
        ...,
        [ 0.27671553,  0.13697286,  0.08942486, ...,  0.        ,
         -0.16486172,  0.54488306],
        [ 0.43135332,  0.29840649,  0.25240245, ...,  0.16486172,
          0.        ,  0.67566579],
        [-0.29157709, -0.42489403, -0.46771619, ..., -0.54488306,
         -0.67566579,  0.        ]],

       [[ 0.        ,  0.08316559,  0.27551464, ..., -0.67046974,
