state_0,state_1,state_2,state_3,state_4,state_5,state_6,state_7,state_8,state_9,state_10,state_11,state_12,state_13,state_14,state_15,state_16,state_17,state_18,state_19,state_20,state_21,state_22,state_23,state_24,state_25,state_26,state_27,state_28,state_29,state_30,state_31,state_32,state_33,state_34,state_35,state_36,state_37,state_38,state_39,state_40,state_41,state_42,state_43,state_44,state_45,state_46,state_47,state_48,state_49,state_50,state_51,state_52,state_53,state_54,state_55,state_56,state_57,state_58,state_59,state_60,state_61,state_62,state_63,state_64,state_65,state_66,state_67,state_68,state_69,state_70,state_71,state_72,state_73,state_74,state_75,state_76,state_77,state_78,state_79,state_80,state_81,state_82,state_83,state_84,state_85,state_86,state_87,state_88,state_89,state_90,state_91,state_92,state_93,state_94,state_95,state_96,state_97,state_98,state_99,state_100,state_101,state_102,state_103,state_104,state_105,state_106,state_107,state_108,state_109,state_110,state_111,state_112,state_113,state_114,state_115,state_116,state_117,state_118,state_119,state_120,state_121,state_122,state_123,state_124,state_125,state_126,state_127,state_128,state_129,state_130,state_131,state_132,state_133,state_134,state_135,state_136,state_137,state_138,state_139,state_140,state_141,state_142,state_143,state_144,state_145,state_146,state_147,state_148,state_149,state_150,state_151,state_152,state_153,state_154,state_155,state_156,state_157,state_158,state_159,state_160,state_161,state_162,state_163,state_164,state_165,state_166,state_167,state_168,state_169,state_170,state_171,state_172,state_173,state_174,state_175,state_176,state_177,state_178,state_179,state_180,state_181,state_182,state_183,state_184,state_185,state_186,state_187,state_188,state_189,state_190,state_191,state_192,state_193,state_194,state_195,state_196,state_197,state_198,state_199,state_200,state_201,state_202,state_203,state_204,state_205,state_206,state_207,state_208,state_209,state_210,state_211,state_212,state_213,state_214,state_215,state_216,state_217,state_218,state_219,state_220,state_221,state_222,state_223,state_224,state_225,state_226,state_227,state_228,state_229,state_230,state_231,state_232,state_233,state_234,state_235,state_236,state_237,state_238,state_239,state_240,state_241,state_242,state_243,state_244,state_245,state_246,state_247,state_248,state_249,state_250,state_251,state_252,state_253,state_254,state_255,state_256,state_257,state_258,state_259,state_260,state_261,state_262,state_263,state_264,state_265,state_266,state_267,state_268,state_269,state_270,state_271,state_272,state_273,state_274,state_275,state_276,state_277,state_278,state_279,state_280,state_281,state_282,state_283,state_284,state_285,state_286,state_287
{'img': array([[[ 0.00000000e+00, -1.36544957e-01, -1.58155861e-01, ...,
         -6.31393071e-01, -6.46534704e-01, -5.84647448e-01],
        [ 1.36544957e-01,  0.00000000e+00, -2.18481288e-02, ...,
         -5.19593809e-01, -5.36311137e-01, -4.68394354e-01],
        [ 1.58155861e-01,  2.18481288e-02,  0.00000000e+00, ...,
         -5.00802449e-01, -5.17742855e-01, -4.48979301e-01],
        ...,
        [ 6.31393071e-01,  5.19593809e-01,  5.00802449e-01, ...,
          0.00000000e+00, -1.96836739e-02,  5.88688525e-02],
        [ 6.46534704e-01,  5.36311137e-01,  5.17742855e-01, ...,
          1.96836739e-02,  0.00000000e+00,  7.85069841e-02],
        [ 5.84647448e-01,  4.68394354e-01,  4.48979301e-01, ...,
         -5.88688525e-02, -7.85069841e-02,  0.00000000e+00]],

       [[ 0.00000000e+00,  6.08434194e-03, -4.28820887e-01, ...,
          2.12409180e-01, -7.10433692e-02, -1.11752497e-01],
        [-6.08434194e-03,  0.00000000e+00, -4.34309481e-01, ...,
          2.06459746e-01, -7.71110224e-02, -1.17796658e-01],
        [ 4.28820887e-01,  4.34309481e-01,  0.00000000e+00, ...,
          6.10923773e-01,  3.63557519e-01,  3.25178748e-01],
        ...,
        [-2.12409180e-01, -2.06459746e-01, -6.10923773e-01, ...,
          0.00000000e+00, -2.81294688e-01, -3.20281060e-01],
        [ 7.10433692e-02,  7.71110224e-02, -3.63557519e-01, ...,
          2.81294688e-01,  0.00000000e+00, -4.08717649e-02],
        [ 1.11752497e-01,  1.17796658e-01, -3.25178748e-01, ...,
          3.20281060e-01,  4.08717649e-02,  0.00000000e+00]],

       [[ 0.00000000e+00, -9.40388376e-02, -2.11294094e-01, ...,
         -9.39696018e-01, -9.27644526e-01, -9.14612873e-01],
        [ 9.40388376e-02,  0.00000000e+00, -1.18442072e-01, ...,
         -9.03369483e-01, -8.88413542e-01, -8.72537006e-01],
        [ 2.11294094e-01,  1.18442072e-01,  0.00000000e+00, ...,
         -8.46215196e-01, -8.27789846e-01, -8.08530546e-01],
        ...,
        [ 9.39696018e-01,  9.03369483e-01,  8.46215196e-01, ...,
          0.00000000e+00,  3.36785219e-02,  6.71404334e-02],
        [ 9.27644526e-01,  8.88413542e-01,  8.27789846e-01, ...,
         -3.36785219e-02,  0.00000000e+00,  3.34998183e-02],
        [ 9.14612873e-01,  8.72537006e-01,  8.08530546e-01, ...,
         -6.71404334e-02, -3.34998183e-02,  0.00000000e+00]],

       ...,

       [[ 0.00000000e+00, -1.80075353e-01, -6.41699773e-02, ...,
          3.11973269e-01,  2.51917321e-01,  6.58486593e-01],
        [ 1.80075353e-01,  0.00000000e+00,  1.16583235e-01, ...,
          4.77961335e-01,  4.22066882e-01,  7.83245546e-01],
        [ 6.41699773e-02, -1.16583235e-01,  0.00000000e+00, ...,
          3.72297597e-01,  3.13498531e-01,  7.05423282e-01],
        ...,
        [-3.11973269e-01, -4.77961335e-01, -3.72297597e-01, ...,
          0.00000000e+00, -6.25673952e-02,  3.90833378e-01],
        [-2.51917321e-01, -4.22066882e-01, -3.13498531e-01, ...,
          6.25673952e-02,  0.00000000e+00,  4.47658509e-01],
        [-6.58486593e-01, -7.83245546e-01, -7.05423282e-01, ...,
         -3.90833378e-01, -4.47658509e-01,  0.00000000e+00]],

       [[ 0.00000000e+00, -9.06951898e-02, -1.40792711e-01, ...,
         -9.83562888e-01, -9.98085608e-01, -9.97910219e-01],
        [ 9.06951898e-02,  0.00000000e+00, -5.04206780e-02, ...,
         -9.95885788e-01, -9.99581471e-01, -9.87937192e-01],
        [ 1.40792711e-01,  5.04206780e-02,  0.00000000e+00, ...,
         -9.99188076e-01, -9.96851457e-01, -9.78872704e-01],
        ...,
        [ 9.83562888e-01,  9.95885788e-01,  9.99188076e-01, ...,
          0.00000000e+00,  1.19389280e-01,  2.43742213e-01],
        [ 9.98085608e-01,  9.99581471e-01,  9.96851457e-01, ...,
         -1.19389280e-01,  0.00000000e+00,  1.26210346e-01],
        [ 9.97910219e-01,  9.87937192e-01,  9.78872704e-01, ...,
         -2.43742213e-01, -1.26210346e-01,  0.00000000e+00]],

       [[ 0.00000000e+00,  4.53899267e-02, -1.17018195e-01, ...,
         -9.96571475e-01, -9.97008614e-01, -9.97007930e-01],
        [-4.53899267e-02,  0.00000000e+00, -1.61975678e-01, ...,
         -9.91788960e-01, -9.92472832e-01, -9.92471748e-01],
        [ 1.17018195e-01,  1.61975678e-01,  0.00000000e+00, ...,
         -9.99406453e-01, -9.99203333e-01, -9.99203686e-01],
        ...,
        [ 9.96571475e-01,  9.91788960e-01,  9.99406453e-01, ...,
          0.00000000e+00,  5.46328186e-03,  5.45443053e-03],
        [ 9.97008614e-01,  9.92472832e-01,  9.99203333e-01, ...,
         -5.46328186e-03,  0.00000000e+00, -8.85147003e-06],
        [ 9.97007930e-01,  9.92471748e-01,  9.99203686e-01, ...,
         -5.45443053e-03,  8.85147003e-06,  0.00000000e+00]]]), 'num': array([ 9.57105217e-01,  2.80094318e-01,  8.87301310e-06,  3.67142570e-04,
        3.74360314e-04,  3.66661387e-04,  7.41328792e-02, -6.73656092e-06,
        3.71376980e-04,  3.67431280e-04,  3.74504669e-04,  2.32481637e-07,
        3.76051843e-04,  3.58810716e-04])}
{'img': array([[[ 0.00000000e+00, -2.18481288e-02,  6.70430565e-02, ...,
         -5.36311137e-01, -4.68394354e-01, -6.93543137e-01],
        [ 2.18481288e-02,  0.00000000e+00,  8.88260256e-02, ...,
         -5.17742855e-01, -4.48979301e-01, -6.77637868e-01],
        [-6.70430565e-02, -8.88260256e-02,  0.00000000e+00, ...,
         -5.91690186e-01, -5.26574354e-01, -7.40281553e-01],
        ...,
        [ 5.36311137e-01,  5.17742855e-01,  5.91690186e-01, ...,
          0.00000000e+00,  7.85069841e-02, -1.98997886e-01],
        [ 4.68394354e-01,  4.48979301e-01,  5.26574354e-01, ...,
         -7.85069841e-02,  0.00000000e+00, -2.75320529e-01],
        [ 6.93543137e-01,  6.77637868e-01,  7.40281553e-01, ...,
          1.98997886e-01,  2.75320529e-01,  0.00000000e+00]],

       [[ 0.00000000e+00, -4.34309481e-01, -5.87609665e-01, ...,
         -7.71110224e-02, -1.17796658e-01,  1.20124553e-01],
        [ 4.34309481e-01,  0.00000000e+00, -1.77878323e-01, ...,
          3.63557519e-01,  3.25178748e-01,  5.39368411e-01],
        [ 5.87609665e-01,  1.77878323e-01,  0.00000000e+00, ...,
          5.23466102e-01,  4.88204050e-01,  6.80552809e-01],
        ...,
        [ 7.71110224e-02, -3.63557519e-01, -5.23466102e-01, ...,
          0.00000000e+00, -4.08717649e-02,  1.96319532e-01],
        [ 1.17796658e-01, -3.25178748e-01, -4.88204050e-01, ...,
          4.08717649e-02,  0.00000000e+00,  2.36231887e-01],
        [-1.20124553e-01, -5.39368411e-01, -6.80552809e-01, ...,
         -1.96319532e-01, -2.36231887e-01,  0.00000000e+00]],

       [[ 0.00000000e+00, -1.18442072e-01, -2.15940512e-01, ...,
         -8.88413542e-01, -8.72537006e-01, -8.67833666e-01],
        [ 1.18442072e-01,  0.00000000e+00, -9.87728867e-02, ...,
         -8.27789846e-01, -8.08530546e-01, -8.02876437e-01],
        [ 2.15940512e-01,  9.87728867e-02,  0.00000000e+00, ...,
         -7.68326583e-01, -7.46453513e-01, -7.40067364e-01],
        ...,
        [ 8.88413542e-01,  8.27789846e-01,  7.68326583e-01, ...,
          0.00000000e+00,  3.34998183e-02,  4.30387411e-02],
        [ 8.72537006e-01,  8.08530546e-01,  7.46453513e-01, ...,
         -3.34998183e-02,  0.00000000e+00,  9.54580692e-03],
        [ 8.67833666e-01,  8.02876437e-01,  7.40067364e-01, ...,
         -4.30387411e-02, -9.54580692e-03,  0.00000000e+00]],

       ...,

       [[ 0.00000000e+00,  1.16583235e-01,  1.16583235e-01, ...,
          4.22066882e-01,  7.83245546e-01,  2.03122160e-01],
        [-1.16583235e-01,  0.00000000e+00,  0.00000000e+00, ...,
          3.13498531e-01,  7.05423282e-01,  8.75841825e-02],
        [-1.16583235e-01,  0.00000000e+00,  0.00000000e+00, ...,
          3.13498531e-01,  7.05423282e-01,  8.75841825e-02],
        ...,
        [-4.22066882e-01, -3.13498531e-01, -3.13498531e-01, ...,
          0.00000000e+00,  4.47658509e-01, -2.29124845e-01],
        [-7.83245546e-01, -7.05423282e-01, -7.05423282e-01, ...,
         -4.47658509e-01,  0.00000000e+00, -6.40633959e-01],
        [-2.03122160e-01, -8.75841825e-02, -8.75841825e-02, ...,
          2.29124845e-01,  6.40633959e-01,  0.00000000e+00]],

       [[ 0.00000000e+00, -5.04206780e-02, -9.50076261e-02, ...,
         -9.99581471e-01, -9.87937192e-01, -9.93641814e-01],
        [ 5.04206780e-02,  0.00000000e+00, -4.46941806e-02, ...,
         -9.96851457e-01, -9.78872704e-01, -9.86701232e-01],
        [ 9.50076261e-02,  4.46941806e-02,  0.00000000e+00, ...,
         -9.92311442e-01, -9.68755886e-01, -9.78450449e-01],
        ...,
        [ 9.99581471e-01,  9.96851457e-01,  9.92311442e-01, ...,
          0.00000000e+00,  1.26210346e-01,  8.37953978e-02],
        [ 9.87937192e-01,  9.78872704e-01,  9.68755886e-01, ...,
         -1.26210346e-01,  0.00000000e+00, -4.26411333e-02],
        [ 9.93641814e-01,  9.86701232e-01,  9.78450449e-01, ...,
         -8.37953978e-02,  4.26411333e-02,  0.00000000e+00]],

       [[ 0.00000000e+00, -1.61975678e-01, -1.71937016e-01, ...,
         -9.92472832e-01, -9.92471748e-01, -9.97459894e-01],
        [ 1.61975678e-01,  0.00000000e+00, -1.01030180e-02, ...,
         -9.99203333e-01, -9.99203686e-01, -9.95825768e-01],
        [ 1.71937016e-01,  1.01030180e-02,  0.00000000e+00, ...,
         -9.98749139e-01, -9.98749582e-01, -9.94852796e-01],
        ...,
        [ 9.92472832e-01,  9.99203333e-01,  9.98749139e-01, ...,
          0.00000000e+00, -8.85147003e-06,  5.14597599e-02],
        [ 9.92471748e-01,  9.99203686e-01,  9.98749582e-01, ...,
          8.85147003e-06,  0.00000000e+00,  5.14685997e-02],
        [ 9.97459894e-01,  9.95825768e-01,  9.94852796e-01, ...,
         -5.14597599e-02, -5.14685997e-02,  0.00000000e+00]]]), 'num': array([ 6.93675372e-01,  6.93675372e-01,  0.00000000e+00,  5.99083276e-04,
        6.08785029e-04,  5.96657838e-04,  1.93974094e-01, -1.77865480e-05,
        6.18971870e-04,  6.17274064e-04,  6.28431080e-04,  2.79858273e-07,
        6.32142174e-04,  6.02405953e-04])}
{'img': array([[[ 0.        ,  0.08882603,  0.27992314, ..., -0.4489793 ,
         -0.67763787, -0.95140292],
        [-0.08882603,  0.        ,  0.19354168, ..., -0.52657435,
         -0.74028155, -0.97499604],
        [-0.27992314, -0.19354168,  0.        , ..., -0.68115332,
         -0.85640183, -0.99957013],
        ...,
        [ 0.4489793 ,  0.52657435,  0.68115332, ...,  0.        ,
         -0.27532053, -0.71185596],
        [ 0.67763787,  0.74028155,  0.85640183, ...,  0.27532053,
          0.        , -0.49097988],
        [ 0.95140292,  0.97499604,  0.99957013, ...,  0.71185596,
          0.49097988,  0.        ]],

       [[ 0.        , -0.17787832,  0.35571759, ...,  0.32517875,
          0.53936841,  0.82564577],
        [ 0.17787832,  0.        ,  0.5162887 , ...,  0.48820405,
          0.68055281,  0.91283574],
        [-0.35571759, -0.5162887 ,  0.        , ..., -0.03247531,
          0.20455113,  0.57095127],
        ...,
        [-0.32517875, -0.48820405,  0.03247531, ...,  0.        ,
          0.23623189,  0.59731182],
        [-0.53936841, -0.68055281, -0.20455113, ..., -0.23623189,
          0.        ,  0.39094581],
        [-0.82564577, -0.91283574, -0.57095127, ..., -0.59731182,
         -0.39094581,  0.        ]],

       [[ 0.        , -0.09877289, -0.08615782, ..., -0.80853055,
         -0.80287644, -0.88281573],
        [ 0.09877289,  0.        ,  0.01266909, ..., -0.74645351,
         -0.74006736, -0.83210322],
        [ 0.08615782, -0.01266909,  0.        , ..., -0.75482409,
         -0.74852835, -0.83906298],
        ...,
        [ 0.80853055,  0.74645351,  0.75482409, ...,  0.        ,
          0.00954581, -0.1397141 ],
        [ 0.80287644,  0.74006736,  0.74852835, ..., -0.00954581,
          0.        , -0.14915991],
        [ 0.88281573,  0.83210322,  0.83906298, ...,  0.1397141 ,
          0.14915991,  0.        ]],

       ...,

       [[ 0.        ,  0.        , -0.03616254, ...,  0.70542328,
          0.08758418, -0.54027888],
        [ 0.        ,  0.        , -0.03616254, ...,  0.70542328,
          0.08758418, -0.54027888],
        [ 0.03616254,  0.03616254,  0.        , ...,  0.73059339,
          0.12355047, -0.50949522],
        ...,
        [-0.70542328, -0.70542328, -0.73059339, ...,  0.        ,
         -0.64063396, -0.97654609],
        [-0.08758418, -0.08758418, -0.12355047, ...,  0.64063396,
          0.        , -0.61190352],
        [ 0.54027888,  0.54027888,  0.50949522, ...,  0.97654609,
          0.61190352,  0.        ]],

       [[ 0.        , -0.04469418, -0.08217538, ..., -0.9788727 ,
         -0.98670123, -0.98281683],
        [ 0.04469418,  0.        , -0.03755024, ..., -0.96875589,
         -0.97845045, -0.97358491],
        [ 0.08217538,  0.03755024,  0.        , ..., -0.95875959,
         -0.97000695, -0.96432461],
        ...,
        [ 0.9788727 ,  0.96875589,  0.95875959, ...,  0.        ,
         -0.04264113, -0.02027337],
        [ 0.98670123,  0.97845045,  0.97000695, ...,  0.04264113,
          0.        ,  0.02237744],
        [ 0.98281683,  0.97358491,  0.96432461, ...,  0.02027337,
         -0.02237744,  0.        ]],

       [[ 0.        , -0.01204314,  0.13438796, ..., -0.99990404,
         -0.99785941, -0.99858284],
        [ 0.01204314,  0.        ,  0.14631211, ..., -0.9996647 ,
         -0.99699947, -0.99786949],
        [-0.13438796, -0.14631211,  0.        , ..., -0.99269537,
         -0.99759602, -0.99667655],
        ...,
        [ 0.99990404,  0.9996647 ,  0.99269537, ...,  0.        ,
          0.05156624,  0.03938114],
        [ 0.99785941,  0.99699947,  0.99759602, ..., -0.05156624,
          0.        , -0.01219749],
        [ 0.99858284,  0.99786949,  0.99667655, ..., -0.03938114,
          0.01219749,  0.        ]]]), 'num': array([6.97766089e-01, 6.97766089e-01, 0.00000000e+00, 6.02616168e-04,
       6.08308898e-04, 5.99363179e-04, 1.61993644e-01, 0.00000000e+00,
       6.17254618e-04, 6.20710918e-04, 6.31337348e-04, 3.18227161e-07,
       6.36521205e-04, 6.04900631e-04])}
{'img': array([[[ 0.        ,  0.19354168,  0.09378006, ..., -0.74028155,
         -0.97499604, -0.97499604],
        [-0.19354168,  0.        , -0.10068185, ..., -0.85640183,
         -0.99957013, -0.99957013],
        [-0.09378006,  0.10068185,  0.        , ..., -0.80006714,
         -0.99153919, -0.99153919],
        ...,
        [ 0.74028155,  0.85640183,  0.80006714, ...,  0.        ,
         -0.49097988, -0.49097988],
        [ 0.97499604,  0.99957013,  0.99153919, ...,  0.49097988,
          0.        ,  0.        ],
        [ 0.97499604,  0.99957013,  0.99153919, ...,  0.49097988,
          0.        ,  0.        ]],

       [[ 0.        ,  0.5162887 ,  0.70362911, ...,  0.68055281,
          0.91283574,  0.82699867],
        [-0.5162887 ,  0.        ,  0.23574031, ...,  0.20455113,
          0.57095127,  0.41799423],
        [-0.70362911, -0.23574031,  0.        , ..., -0.03196971,
          0.36132061,  0.1920553 ],
        ...,
        [-0.68055281, -0.20455113,  0.03196971, ...,  0.        ,
          0.39094581,  0.2233317 ],
        [-0.91283574, -0.57095127, -0.36132061, ..., -0.39094581,
          0.        , -0.17551394],
        [-0.82699867, -0.41799423, -0.1920553 , ..., -0.2233317 ,
          0.17551394,  0.        ]],

       [[ 0.        ,  0.01266909,  0.01905724, ..., -0.74006736,
         -0.83210322, -0.91251446],
        [-0.01266909,  0.        ,  0.00638892, ..., -0.74852835,
         -0.83906298, -0.91762344],
        [-0.01905724, -0.00638892,  0.        , ..., -0.75274958,
         -0.84252165, -0.920144  ],
        ...,
        [ 0.74006736,  0.74852835,  0.75274958, ...,  0.        ,
         -0.14915991, -0.3109754 ],
        [ 0.83210322,  0.83906298,  0.84252165, ...,  0.14915991,
          0.        , -0.16573229],
        [ 0.91251446,  0.91762344,  0.920144  , ...,  0.3109754 ,
          0.16573229,  0.        ]],

       ...,

       [[ 0.        , -0.03616254,  0.13170918, ...,  0.08758418,
         -0.54027888, -0.34007375],
        [ 0.03616254,  0.        ,  0.16747053, ...,  0.12355047,
         -0.50949522, -0.30584411],
        [-0.13170918, -0.16747053,  0.        , ..., -0.04438185,
         -0.64640362, -0.46097031],
        ...,
        [-0.08758418, -0.12355047,  0.04438185, ...,  0.        ,
         -0.61190352, -0.42113095],
        [ 0.54027888,  0.50949522,  0.64640362, ...,  0.61190352,
          0.        ,  0.22191029],
        [ 0.34007375,  0.30584411,  0.46097031, ...,  0.42113095,
         -0.22191029,  0.        ]],

       [[ 0.        , -0.03755024, -0.04484334, ..., -0.97845045,
         -0.97358491, -0.96227768],
        [ 0.03755024,  0.        , -0.00729924, ..., -0.97000695,
         -0.96432461, -0.95138276],
        [ 0.04484334,  0.00729924,  0.        , ..., -0.96820683,
         -0.96236664, -0.94910917],
        ...,
        [ 0.97845045,  0.97000695,  0.96820683, ...,  0.        ,
          0.02237744,  0.06751346],
        [ 0.97358491,  0.96432461,  0.96236664, ..., -0.02237744,
          0.        ,  0.04517017],
        [ 0.96227768,  0.95138276,  0.94910917, ..., -0.06751346,
         -0.04517017,  0.        ]],

       [[ 0.        ,  0.14631211,  0.0948061 , ..., -0.99699947,
         -0.99786949, -0.99929168],
        [-0.14631211,  0.        , -0.05186724, ..., -0.99759602,
         -0.99667655, -0.99404374],
        [-0.0948061 ,  0.05186724,  0.        , ..., -0.99984753,
         -0.99956016, -0.99835833],
        ...,
        [ 0.99699947,  0.99759602,  0.99984753, ...,  0.        ,
         -0.01219749, -0.03983481],
        [ 0.99786949,  0.99667655,  0.99956016, ...,  0.01219749,
          0.        , -0.02764403],
        [ 0.99929168,  0.99404374,  0.99835833, ...,  0.03983481,
          0.02764403,  0.        ]]]), 'num': array([ 7.01183720e-01,  7.01183720e-01,  0.00000000e+00,  5.98212684e-04,
        6.04750528e-04,  5.95760993e-04,  1.29150155e-01, -7.35507399e-06,
        6.13576617e-04,  6.22320982e-04,  6.33448937e-04,  2.80665001e-07,
        6.41629078e-04,  6.03012886e-04])}
{'img': array([[[ 0.00000000e+00, -1.00681851e-01, -3.00615508e-01, ...,
         -9.99570132e-01, -9.99570132e-01, -9.60160510e-01],
        [ 1.00681851e-01,  0.00000000e+00, -2.03063129e-01, ...,
         -9.91539190e-01, -9.91539190e-01, -9.83417072e-01],
        [ 3.00615508e-01,  2.03063129e-01,  0.00000000e+00, ...,
         -9.44521959e-01, -9.44521959e-01, -9.99755415e-01],
        ...,
        [ 9.99570132e-01,  9.91539190e-01,  9.44521959e-01, ...,
          0.00000000e+00,  0.00000000e+00, -3.07479036e-01],
        [ 9.99570132e-01,  9.91539190e-01,  9.44521959e-01, ...,
          0.00000000e+00,  0.00000000e+00, -3.07479036e-01],
        [ 9.60160510e-01,  9.83417072e-01,  9.99755415e-01, ...,
          3.07479036e-01,  3.07479036e-01,  0.00000000e+00]],

       [[ 0.00000000e+00,  2.54206513e-01,  2.89920220e-01, ...,
          5.97473349e-01,  4.42755744e-01,  2.43795107e-01],
        [-2.54206513e-01,  0.00000000e+00,  3.71077787e-02, ...,
          3.74000979e-01,  2.00278898e-01, -1.07498504e-02],
        [-2.89920220e-01, -3.71077787e-02,  0.00000000e+00, ...,
          3.39328588e-01,  1.63785024e-01, -4.78480812e-02],
        ...,
        [-5.97473349e-01, -3.74000979e-01, -3.39328588e-01, ...,
          0.00000000e+00, -1.80678998e-01, -3.83949084e-01],
        [-4.42755744e-01, -2.00278898e-01, -1.63785024e-01, ...,
          1.80678998e-01,  0.00000000e+00, -2.10799372e-01],
        [-2.43795107e-01,  1.07498504e-02,  4.78480812e-02, ...,
          3.83949084e-01,  2.10799372e-01,  0.00000000e+00]],

       [[ 0.00000000e+00,  6.38892268e-03, -6.35246574e-03, ...,
         -8.39062979e-01, -9.17623443e-01, -9.83636992e-01],
        [-6.38892268e-03,  0.00000000e+00, -1.27411299e-02, ...,
         -8.42521647e-01, -9.20143998e-01, -9.84767956e-01],
        [ 6.35246574e-03,  1.27411299e-02,  0.00000000e+00, ...,
         -8.35590090e-01, -9.15080135e-01, -9.82472673e-01],
        ...,
        [ 8.39062979e-01,  8.42521647e-01,  8.35590090e-01, ...,
          0.00000000e+00, -1.65732289e-01, -3.83965176e-01],
        [ 9.17623443e-01,  9.20143998e-01,  9.15080135e-01, ...,
          1.65732289e-01,  0.00000000e+00, -2.25626729e-01],
        [ 9.83636992e-01,  9.84767956e-01,  9.82472673e-01, ...,
          3.83965176e-01,  2.25626729e-01,  0.00000000e+00]],

       ...,

       [[ 0.00000000e+00,  1.67470535e-01,  0.00000000e+00, ...,
         -5.09495224e-01, -3.05844107e-01, -5.21579791e-01],
        [-1.67470535e-01,  0.00000000e+00, -1.67470535e-01, ...,
         -6.46403619e-01, -4.60970311e-01, -6.57099842e-01],
        [ 0.00000000e+00,  1.67470535e-01,  0.00000000e+00, ...,
         -5.09495224e-01, -3.05844107e-01, -5.21579791e-01],
        ...,
        [ 5.09495224e-01,  6.46403619e-01,  5.09495224e-01, ...,
          0.00000000e+00,  2.21910287e-01, -1.41029758e-02],
        [ 3.05844107e-01,  4.60970311e-01,  3.05844107e-01, ...,
         -2.21910287e-01,  0.00000000e+00, -2.35639565e-01],
        [ 5.21579791e-01,  6.57099842e-01,  5.21579791e-01, ...,
          1.41029758e-02,  2.35639565e-01,  0.00000000e+00]],

       [[ 0.00000000e+00, -7.29924178e-03, -7.25165372e-03, ...,
         -9.64324607e-01, -9.51382763e-01, -9.06977624e-01],
        [ 7.29924178e-03,  0.00000000e+00,  4.75893274e-05, ...,
         -9.62366644e-01, -9.49109171e-01, -9.03879176e-01],
        [ 7.25165372e-03, -4.75893274e-05,  0.00000000e+00, ...,
         -9.62379575e-01, -9.49124158e-01, -9.03899533e-01],
        ...,
        [ 9.64324607e-01,  9.62366644e-01,  9.62379575e-01, ...,
          0.00000000e+00,  4.51701705e-02,  1.66055621e-01],
        [ 9.51382763e-01,  9.49109171e-01,  9.49124158e-01, ...,
         -4.51701705e-02,  0.00000000e+00,  1.21343084e-01],
        [ 9.06977624e-01,  9.03879176e-01,  9.03899533e-01, ...,
         -1.66055621e-01, -1.21343084e-01,  0.00000000e+00]],

       [[ 0.00000000e+00, -5.18672389e-02, -2.20675691e-01, ...,
         -9.96676547e-01, -9.94043742e-01, -9.72100920e-01],
        [ 5.18672389e-02,  0.00000000e+00, -1.69790091e-01, ...,
         -9.99560156e-01, -9.98358335e-01, -9.82958597e-01],
        [ 2.20675691e-01,  1.69790091e-01,  0.00000000e+00, ...,
         -9.90082137e-01, -9.93587461e-01, -9.99898302e-01],
        ...,
        [ 9.96676547e-01,  9.99560156e-01,  9.90082137e-01, ...,
          0.00000000e+00, -2.76440340e-02, -1.54595325e-01],
        [ 9.94043742e-01,  9.98358335e-01,  9.93587461e-01, ...,
          2.76440340e-02,  0.00000000e+00, -1.27224550e-01],
        [ 9.72100920e-01,  9.82958597e-01,  9.99898302e-01, ...,
          1.54595325e-01,  1.27224550e-01,  0.00000000e+00]]]), 'num': array([ 6.93652051e-01,  6.93652051e-01,  0.00000000e+00,  5.83702541e-04,
        5.90170160e-04,  5.77234923e-04,  1.94141090e-01, -8.08452273e-06,
        5.98092992e-04,  6.13776966e-04,  6.25432153e-04,  2.77650276e-07,
        6.37217063e-04,  5.90336869e-04])}
{'img': array([[[ 0.00000000e+00, -1.96820351e-01, -2.95324121e-01, ...,
         -9.76531283e-01, -9.99503468e-01, -7.94337546e-01],
        [ 1.96820351e-01,  0.00000000e+00, -1.01505857e-01, ...,
         -9.15039608e-01, -9.86154362e-01, -8.98363726e-01],
        [ 2.95324121e-01,  1.01505857e-01,  0.00000000e+00, ...,
         -8.69369567e-01, -9.64228105e-01, -9.38310310e-01],
        ...,
        [ 9.76531283e-01,  9.15039608e-01,  8.69369567e-01, ...,
          0.00000000e+00, -2.46038190e-01, -7.64300871e-01],
        [ 9.99503468e-01,  9.86154362e-01,  9.64228105e-01, ...,
          2.46038190e-01,  0.00000000e+00, -5.82146224e-01],
        [ 7.94337546e-01,  8.98363726e-01,  9.38310310e-01, ...,
          7.64300871e-01,  5.82146224e-01,  0.00000000e+00]],

       [[ 0.00000000e+00,  3.71077787e-02,  3.22720875e-01, ...,
          2.00278898e-01, -1.07498504e-02,  3.74845422e-01],
        [-3.71077787e-02,  0.00000000e+00,  2.87376310e-01, ...,
          1.63785024e-01, -4.78480812e-02,  3.40185103e-01],
        [-3.22720875e-01, -2.87376310e-01,  0.00000000e+00, ...,
         -1.26619391e-01, -3.32876898e-01,  5.55985790e-02],
        ...,
        [-2.00278898e-01, -1.63785024e-01,  1.26619391e-01, ...,
          0.00000000e+00, -2.10799372e-01,  1.81574624e-01],
        [ 1.07498504e-02,  4.78480812e-02,  3.32876898e-01, ...,
          2.10799372e-01,  0.00000000e+00,  3.84789813e-01],
        [-3.74845422e-01, -3.40185103e-01, -5.55985790e-02, ...,
         -1.81574624e-01, -3.84789813e-01,  0.00000000e+00]],

       [[ 0.00000000e+00, -1.27411299e-02, -5.01165813e-02, ...,
         -9.20143998e-01, -9.84767956e-01, -9.74392603e-01],
        [ 1.27411299e-02,  0.00000000e+00, -3.73873943e-02, ...,
         -9.15080135e-01, -9.82472673e-01, -9.77178397e-01],
        [ 5.01165813e-02,  3.73873943e-02,  0.00000000e+00, ...,
         -8.99363062e-01, -9.74816515e-01, -9.84437041e-01],
        ...,
        [ 9.20143998e-01,  9.15080135e-01,  8.99363062e-01, ...,
          0.00000000e+00, -2.25626729e-01, -5.88450327e-01],
        [ 9.84767956e-01,  9.82472673e-01,  9.74816515e-01, ...,
          2.25626729e-01,  0.00000000e+00, -3.90849705e-01],
        [ 9.74392603e-01,  9.77178397e-01,  9.84437041e-01, ...,
          5.88450327e-01,  3.90849705e-01,  0.00000000e+00]],

       ...,

       [[ 0.00000000e+00, -1.67470535e-01, -1.36503291e-01, ...,
         -4.60970311e-01, -6.57099842e-01, -6.57099842e-01],
        [ 1.67470535e-01,  0.00000000e+00,  3.13274802e-02, ...,
         -3.05844107e-01, -5.21579791e-01, -5.21579791e-01],
        [ 1.36503291e-01, -3.13274802e-02,  0.00000000e+00, ...,
         -3.35520308e-01, -5.48052471e-01, -5.48052471e-01],
        ...,
        [ 4.60970311e-01,  3.05844107e-01,  3.35520308e-01, ...,
          0.00000000e+00, -2.35639565e-01, -2.35639565e-01],
        [ 6.57099842e-01,  5.21579791e-01,  5.48052471e-01, ...,
          2.35639565e-01,  0.00000000e+00,  0.00000000e+00],
        [ 6.57099842e-01,  5.21579791e-01,  5.48052471e-01, ...,
          2.35639565e-01,  0.00000000e+00,  0.00000000e+00]],

       [[ 0.00000000e+00,  4.75893274e-05,  1.25676212e-02, ...,
         -9.49109171e-01, -9.03879176e-01, -8.39762254e-01],
        [-4.75893274e-05,  0.00000000e+00,  1.25200356e-02, ...,
         -9.49124158e-01, -9.03899533e-01, -8.39788091e-01],
        [-1.25676212e-02, -1.25200356e-02,  0.00000000e+00, ...,
         -9.52992352e-01, -9.09184067e-01, -8.46519577e-01],
        ...,
        [ 9.49109171e-01,  9.49124158e-01,  9.52992352e-01, ...,
          0.00000000e+00,  1.21343084e-01,  2.50842066e-01],
        [ 9.03879176e-01,  9.03899533e-01,  9.09184067e-01, ...,
         -1.21343084e-01,  0.00000000e+00,  1.31524994e-01],
        [ 8.39762254e-01,  8.39788091e-01,  8.46519577e-01, ...,
         -2.50842066e-01, -1.31524994e-01,  0.00000000e+00]],

       [[ 0.00000000e+00, -2.14711325e-01, -3.56689482e-01, ...,
         -9.94109347e-01, -9.72225161e-01, -9.18082809e-01],
        [ 2.14711325e-01,  0.00000000e+00, -1.47782353e-01, ...,
         -9.94195078e-01, -9.99803144e-01, -9.81780004e-01],
        [ 3.56689482e-01,  1.47782353e-01,  0.00000000e+00, ...,
         -9.67378451e-01, -9.91757391e-01, -9.99081735e-01],
        ...,
        [ 9.94109347e-01,  9.94195078e-01,  9.67378451e-01, ...,
          0.00000000e+00, -1.27297342e-01, -2.94550223e-01],
        [ 9.72225161e-01,  9.99803144e-01,  9.91757391e-01, ...,
          1.27297342e-01,  0.00000000e+00, -1.70504016e-01],
        [ 9.18082809e-01,  9.81780004e-01,  9.99081735e-01, ...,
          2.94550223e-01,  1.70504016e-01,  0.00000000e+00]]]), 'num': array([ 7.76431507e-01,  6.06264803e-01,  2.38662979e-06,  6.47021688e-04,
        6.60633645e-04,  6.46114225e-04,  1.72027567e-01, -8.16717419e-06,
        6.62267080e-04,  6.86813976e-04,  7.00592301e-04,  2.85683048e-07,
        7.18837421e-04,  6.54790531e-04])}
{'img': array([[[ 0.        , -0.09589685, -0.03895651, ..., -0.94619478,
         -0.99815519, -0.87575346],
        [ 0.09589685,  0.        ,  0.05704708, ..., -0.91080204,
         -0.98773268, -0.91801238],
        [ 0.03895651, -0.05704708,  0.        , ..., -0.93287029,
         -0.99503229, -0.89389527],
        ...,
        [ 0.94619478,  0.91080204,  0.93287029, ...,  0.        ,
         -0.26555327, -0.74017545],
        [ 0.99815519,  0.98773268,  0.99503229, ...,  0.26555327,
          0.        , -0.53503864],
        [ 0.87575346,  0.91801238,  0.89389527, ...,  0.74017545,
          0.53503864,  0.        ]],

       [[ 0.        ,  0.28737631, -0.52621789, ..., -0.04784808,
          0.3401851 ,  0.11796394],
        [-0.28737631,  0.        , -0.74839122, ..., -0.3328769 ,
          0.05559858, -0.17238186],
        [ 0.52621789,  0.74839122,  0.        , ...,  0.48492757,
          0.78410979,  0.62285438],
        ...,
        [ 0.04784808,  0.3328769 , -0.48492757, ...,  0.        ,
          0.38478981,  0.16534282],
        [-0.3401851 , -0.05559858, -0.78410979, ..., -0.38478981,
          0.        , -0.2268815 ],
        [-0.11796394,  0.17238186, -0.62285438, ..., -0.16534282,
          0.2268815 ,  0.        ]],

       [[ 0.        , -0.03621049, -0.07701577, ..., -0.9649726 ,
         -0.99786528, -0.73237744],
        [ 0.03621049,  0.        , -0.04086232, ..., -0.95483991,
         -0.99957563, -0.75655282],
        [ 0.07701577,  0.04086232,  0.        , ..., -0.94190137,
         -0.99993109, -0.78264214],
        ...,
        [ 0.9649726 ,  0.95483991,  0.94190137, ...,  0.        ,
         -0.32480927, -0.84918848],
        [ 0.99786528,  0.99957563,  0.99993109, ...,  0.32480927,
          0.        , -0.6316166 ],
        [ 0.73237744,  0.75655282,  0.78264214, ...,  0.84918848,
          0.6316166 ,  0.        ]],

       ...,

       [[ 0.        ,  0.03132748,  0.10313785, ..., -0.52157979,
         -0.52157979, -0.64726115],
        [-0.03132748,  0.        ,  0.07192682, ..., -0.54805247,
         -0.54805247, -0.6708234 ],
        [-0.10313785, -0.07192682,  0.        , ..., -0.60679572,
         -0.60679572, -0.72242807],
        ...,
        [ 0.52157979,  0.54805247,  0.60679572, ...,  0.        ,
          0.        , -0.15466108],
        [ 0.52157979,  0.54805247,  0.60679572, ...,  0.        ,
          0.        , -0.15466108],
        [ 0.64726115,  0.6708234 ,  0.72242807, ...,  0.15466108,
          0.15466108,  0.        ]],

       [[ 0.        ,  0.01252004,  0.01900754, ..., -0.90389953,
         -0.83978809, -0.74960888],
        [-0.01252004,  0.        ,  0.00648828, ..., -0.90918407,
         -0.84651958, -0.75783691],
        [-0.01900754, -0.00648828,  0.        , ..., -0.91186661,
         -0.84995584, -0.76205419],
        ...,
        [ 0.90389953,  0.90918407,  0.91186661, ...,  0.        ,
          0.13152499,  0.27763265],
        [ 0.83978809,  0.84651958,  0.84995584, ..., -0.13152499,
          0.        ,  0.14886642],
        [ 0.74960888,  0.75783691,  0.76205419, ..., -0.27763265,
         -0.14886642,  0.        ]],

       [[ 0.        , -0.28994097, -0.35353729, ..., -0.97435641,
         -0.92112507, -0.81852826],
        [ 0.28994097,  0.        , -0.06713422, ..., -0.99774215,
         -0.99442209, -0.9499293 ],
        [ 0.35353729,  0.06713422,  0.        , ..., -0.99098239,
         -0.99925952, -0.96876331],
        ...,
        [ 0.97435641,  0.99774215,  0.99098239, ...,  0.        ,
         -0.17202203, -0.37555769],
        [ 0.92112507,  0.99442209,  0.99925952, ...,  0.17202203,
          0.        , -0.21052944],
        [ 0.81852826,  0.9499293 ,  0.96876331, ...,  0.37555769,
          0.21052944,  0.        ]]]), 'num': array([7.61479860e-01, 6.36656721e-01, 1.74333993e-06, 6.36852749e-04,
       6.41300045e-04, 6.34184372e-04, 1.21709427e-01, 2.66837744e-06,
       6.44679990e-04, 6.70963507e-04, 6.85461691e-04, 2.37776208e-07,
       7.05837906e-04, 6.36089108e-04])}
{'img': array([[[ 0.00000000e+00,  5.70470811e-02,  7.63869241e-02, ...,
         -9.87732680e-01, -9.18012380e-01, -9.96413318e-01],
        [-5.70470811e-02,  0.00000000e+00,  1.93821234e-02, ...,
         -9.95032291e-01, -8.93895269e-01, -9.89963340e-01],
        [-7.63869241e-02, -1.93821234e-02,  0.00000000e+00, ...,
         -9.96774916e-01, -8.85038812e-01, -9.87038208e-01],
        ...,
        [ 9.87732680e-01,  9.95032291e-01,  9.96774916e-01, ...,
          0.00000000e+00, -5.35038643e-01, -2.39175860e-01],
        [ 9.18012380e-01,  8.93895269e-01,  8.85038812e-01, ...,
          5.35038643e-01,  0.00000000e+00,  3.17447459e-01],
        [ 9.96413318e-01,  9.89963340e-01,  9.87038208e-01, ...,
          2.39175860e-01, -3.17447459e-01,  0.00000000e+00]],

       [[ 0.00000000e+00, -7.48391220e-01, -7.37881640e-01, ...,
          5.55985790e-02, -1.72381861e-01, -4.53518620e-01],
        [ 7.48391220e-01,  0.00000000e+00,  1.57062157e-02, ...,
          7.84109788e-01,  6.22854381e-01,  3.66201631e-01],
        [ 7.37881640e-01, -1.57062157e-02,  0.00000000e+00, ...,
          7.74265443e-01,  6.10489986e-01,  3.51541269e-01],
        ...,
        [-5.55985790e-02, -7.84109788e-01, -7.74265443e-01, ...,
          0.00000000e+00, -2.26881501e-01, -5.02369174e-01],
        [ 1.72381861e-01, -6.22854381e-01, -6.10489986e-01, ...,
          2.26881501e-01,  0.00000000e+00, -2.93094754e-01],
        [ 4.53518620e-01, -3.66201631e-01, -3.51541269e-01, ...,
          5.02369174e-01,  2.93094754e-01,  0.00000000e+00]],

       [[ 0.00000000e+00, -3.95299377e-02, -1.14722749e-01, ...,
         -9.96431462e-01, -9.63259672e-01, -7.40242090e-01],
        [ 3.95299377e-02,  0.00000000e+00, -7.53641370e-02, ...,
         -9.92316081e-01, -9.73123402e-01, -7.66241082e-01],
        [ 1.14722749e-01,  7.53641370e-02,  0.00000000e+00, ...,
         -9.80169304e-01, -9.87711091e-01, -8.12487420e-01],
        ...,
        [ 9.96431462e-01,  9.92316081e-01,  9.80169304e-01, ...,
          0.00000000e+00, -3.48918097e-01, -7.32421893e-01],
        [ 9.63259672e-01,  9.73123402e-01,  9.87711091e-01, ...,
          3.48918097e-01,  0.00000000e+00, -4.48830279e-01],
        [ 7.40242090e-01,  7.66241082e-01,  8.12487420e-01, ...,
          7.32421893e-01,  4.48830279e-01,  0.00000000e+00]],

       ...,

       [[ 0.00000000e+00,  7.19268177e-02,  7.19268177e-02, ...,
         -5.48052471e-01, -6.70823403e-01, -8.63671311e-01],
        [-7.19268177e-02,  0.00000000e+00,  0.00000000e+00, ...,
         -6.06795718e-01, -7.22428071e-01, -8.97689429e-01],
        [-7.19268177e-02,  0.00000000e+00,  0.00000000e+00, ...,
         -6.06795718e-01, -7.22428071e-01, -8.97689429e-01],
        ...,
        [ 5.48052471e-01,  6.06795718e-01,  6.06795718e-01, ...,
          0.00000000e+00, -1.54661082e-01, -4.46163829e-01],
        [ 6.70823403e-01,  7.22428071e-01,  7.22428071e-01, ...,
          1.54661082e-01,  0.00000000e+00, -3.02381264e-01],
        [ 8.63671311e-01,  8.97689429e-01,  8.97689429e-01, ...,
          4.46163829e-01,  3.02381264e-01,  0.00000000e+00]],

       [[ 0.00000000e+00,  6.48828082e-03,  1.80688878e-04, ...,
         -8.46519577e-01, -7.57836905e-01, -7.24228819e-01],
        [-6.48828082e-03,  0.00000000e+00, -6.30759564e-03, ...,
         -8.49955844e-01, -7.62054193e-01, -7.28687632e-01],
        [-1.80688878e-04,  6.30759564e-03,  0.00000000e+00, ...,
         -8.46615754e-01, -7.57954782e-01, -7.24353403e-01],
        ...,
        [ 8.46519577e-01,  8.49955844e-01,  8.46615754e-01, ...,
          0.00000000e+00,  1.48866422e-01,  1.98177098e-01],
        [ 7.57836905e-01,  7.62054193e-01,  7.57954782e-01, ...,
         -1.48866422e-01,  0.00000000e+00,  5.00550328e-02],
        [ 7.24228819e-01,  7.28687632e-01,  7.24353403e-01, ...,
         -1.98177098e-01, -5.00550328e-02,  0.00000000e+00]],

       [[ 0.00000000e+00, -2.09067223e-01, -2.85843279e-01, ...,
         -9.26675783e-01, -8.25004504e-01, -7.08543230e-01],
        [ 2.09067223e-01,  0.00000000e+00, -7.91823251e-02, ...,
         -9.84777781e-01, -9.24922308e-01, -8.40417250e-01],
        [ 2.85843279e-01,  7.91823251e-02,  0.00000000e+00, ...,
         -9.95449046e-01, -9.52119842e-01, -8.80690527e-01],
        ...,
        [ 9.26675783e-01,  9.84777781e-01,  9.95449046e-01, ...,
          0.00000000e+00, -2.13601151e-01, -3.87610658e-01],
        [ 8.25004504e-01,  9.24922308e-01,  9.52119842e-01, ...,
          2.13601151e-01,  0.00000000e+00, -1.81762481e-01],
        [ 7.08543230e-01,  8.40417250e-01,  8.80690527e-01, ...,
          3.87610658e-01,  1.81762481e-01,  0.00000000e+00]]]), 'num': array([ 7.49148303e-01,  6.50895718e-01,  1.37416204e-06,  6.25812648e-04,
        6.33690010e-04,  6.25812648e-04,  1.22915617e-01, -8.75262445e-07,
        6.29838855e-04,  6.57715964e-04,  6.73368574e-04,  2.12184835e-07,
        6.94265796e-04,  6.21166132e-04])}
{'img': array([[[ 0.        ,  0.01938212, -0.03820963, ..., -0.89389527,
         -0.98996334, -0.97977504],
        [-0.01938212,  0.        , -0.05757042, ..., -0.88503881,
         -0.98703821, -0.97571258],
        [ 0.03820963,  0.05757042,  0.        , ..., -0.91037095,
         -0.99464037, -0.98670538],
        ...,
        [ 0.89389527,  0.88503881,  0.91037095, ...,  0.        ,
          0.31744746,  0.26033912],
