state_0,state_1,state_2,state_3,state_4,state_5,state_6,state_7,state_8,state_9,state_10,state_11,state_12,state_13,state_14,state_15,state_16,state_17,state_18,state_19,state_20,state_21,state_22,state_23,state_24,state_25,state_26,state_27,state_28,state_29,state_30,state_31,state_32,state_33,state_34,state_35,state_36,state_37,state_38,state_39,state_40,state_41,state_42,state_43,state_44,state_45,state_46,state_47,state_48,state_49,state_50,state_51,state_52,state_53,state_54,state_55,state_56,state_57,state_58,state_59,state_60,state_61,state_62,state_63,state_64,state_65,state_66,state_67,state_68,state_69,state_70,state_71,state_72,state_73,state_74,state_75,state_76,state_77,state_78,state_79,state_80,state_81,state_82,state_83,state_84,state_85,state_86,state_87,state_88,state_89,state_90,state_91,state_92,state_93,state_94,state_95,state_96,state_97,state_98,state_99,state_100,state_101,state_102,state_103,state_104,state_105,state_106,state_107,state_108,state_109,state_110,state_111,state_112,state_113,state_114,state_115,state_116,state_117,state_118,state_119,state_120,state_121,state_122,state_123,state_124,state_125,state_126,state_127,state_128,state_129,state_130,state_131,state_132,state_133,state_134,state_135,state_136,state_137,state_138,state_139,state_140,state_141,state_142,state_143,state_144,state_145,state_146,state_147,state_148,state_149,state_150,state_151,state_152,state_153,state_154,state_155,state_156,state_157,state_158,state_159,state_160,state_161,state_162,state_163,state_164,state_165,state_166,state_167,state_168,state_169,state_170,state_171,state_172,state_173,state_174,state_175,state_176,state_177,state_178,state_179,state_180,state_181,state_182,state_183,state_184,state_185,state_186,state_187,state_188,state_189,state_190,state_191,state_192,state_193,state_194,state_195,state_196,state_197,state_198,state_199,state_200,state_201,state_202,state_203,state_204,state_205,state_206,state_207,state_208,state_209,state_210,state_211,state_212,state_213,state_214,state_215,state_216,state_217,state_218,state_219,state_220,state_221,state_222,state_223,state_224,state_225,state_226,state_227,state_228,state_229,state_230,state_231,state_232,state_233,state_234,state_235,state_236,state_237,state_238,state_239,state_240,state_241,state_242,state_243,state_244,state_245,state_246,state_247,state_248,state_249,state_250,state_251,state_252,state_253,state_254,state_255,state_256,state_257,state_258,state_259,state_260,state_261,state_262,state_263,state_264,state_265,state_266,state_267,state_268,state_269,state_270,state_271,state_272,state_273,state_274,state_275,state_276,state_277,state_278,state_279,state_280,state_281,state_282,state_283,state_284,state_285,state_286,state_287
{'img': array([[[ 0.        ,  0.38415846,  0.63135609, ..., -0.71958305,
         -0.6379155 , -0.36975604],
        [-0.38415846,  0.        ,  0.28499813, ..., -0.9311295 ,
         -0.88480932, -0.69831633],
        [-0.63135609, -0.28499813,  0.        , ..., -0.99644936,
         -0.98091039, -0.87335442],
        ...,
        [ 0.71958305,  0.9311295 ,  0.99644936, ...,  0.        ,
          0.11118288,  0.41182442],
        [ 0.6379155 ,  0.88480932,  0.98091039, ..., -0.11118288,
          0.        ,  0.30795423],
        [ 0.36975604,  0.69831633,  0.87335442, ..., -0.41182442,
         -0.30795423,  0.        ]],

       [[ 0.        ,  0.50913096,  0.72278158, ..., -0.49929806,
         -0.36974839,  0.86811507],
        [-0.50913096,  0.        ,  0.27024173, ..., -0.87086687,
         -0.79128823,  0.49446338],
        [-0.72278158, -0.27024173,  0.        , ..., -0.97129303,
         -0.92708388,  0.24117194],
        ...,
        [ 0.49929806,  0.87086687,  0.97129303, ...,  0.        ,
          0.14355255,  0.99999427],
        [ 0.36974839,  0.79128823,  0.92708388, ..., -0.14355255,
          0.        ,  0.99012284],
        [-0.86811507, -0.49446338, -0.24117194, ..., -0.99999427,
         -0.99012284,  0.        ]],

       [[ 0.        ,  0.13504296,  0.38115503, ..., -0.53062514,
         -0.55746124, -0.48824389],
        [-0.13504296,  0.        ,  0.25281483, ..., -0.64022778,
         -0.66446782, -0.60162442],
        [-0.38115503, -0.25281483,  0.        , ..., -0.81363837,
         -0.83181516, -0.78402366],
        ...,
        [ 0.53062514,  0.64022778,  0.81363837, ...,  0.        ,
         -0.03198126,  0.04924165],
        [ 0.55746124,  0.66446782,  0.83181516, ...,  0.03198126,
          0.        ,  0.08115892],
        [ 0.48824389,  0.60162442,  0.78402366, ..., -0.04924165,
         -0.08115892,  0.        ]],

       ...,

       [[ 0.        ,  0.44723095,  0.06195327, ..., -0.47293566,
         -0.32582306, -0.20344914],
        [-0.44723095,  0.        , -0.39095969, ..., -0.81705625,
         -0.71424808, -0.61984602],
        [-0.06195327,  0.39095969,  0.        , ..., -0.52661402,
         -0.3837697 , -0.26371587],
        ...,
        [ 0.47293566,  0.81705625,  0.52661402, ...,  0.        ,
          0.16004622,  0.28378604],
        [ 0.32582306,  0.71424808,  0.3837697 , ..., -0.16004622,
          0.        ,  0.12666157],
        [ 0.20344914,  0.61984602,  0.26371587, ..., -0.28378604,
         -0.12666157,  0.        ]],

       [[ 0.        ,  0.24049942,  0.46151247, ..., -0.99011124,
         -0.91688851, -0.99999411],
        [-0.24049942,  0.        ,  0.23461161, ..., -0.92731244,
         -0.79398342, -0.96981816],
        [-0.46151247, -0.23461161,  0.        , ..., -0.81361804,
         -0.62919306, -0.88554457],
        ...,
        [ 0.99011124,  0.92731244,  0.81361804, ...,  0.        ,
         -0.26657116,  0.13688553],
        [ 0.91688851,  0.79398342,  0.62919306, ...,  0.26657116,
          0.        ,  0.39599425],
        [ 0.99999411,  0.96981816,  0.88554457, ..., -0.13688553,
         -0.39599425,  0.        ]],

       [[ 0.        ,  0.36155105,  0.64773693, ...,  0.89388124,
          0.89911945,  0.88171983],
        [-0.36155105,  0.        ,  0.32846626, ...,  0.67132753,
          0.680044  ,  0.65150336],
        [-0.64773693, -0.32846626,  0.        , ...,  0.39063307,
          0.4014902 ,  0.36616562],
        ...,
        [-0.89388124, -0.67132753, -0.39063307, ...,  0.        ,
          0.01182389, -0.02643102],
        [-0.89911945, -0.680044  , -0.4014902 , ..., -0.01182389,
          0.        , -0.03824893],
        [-0.88171983, -0.65150336, -0.36616562, ...,  0.02643102,
          0.03824893,  0.        ]]]), 'num': array([7.29778862e-01, 6.83676037e-01, 1.18516260e-05, 6.35901037e-05,
       6.50613401e-05, 6.25275442e-05, 3.13963468e-03, 3.26941407e-07,
       6.22986852e-05, 6.10399608e-05, 6.32686113e-05, 1.19333614e-06,
       6.37520969e-05, 5.83278246e-05])}
{'img': array([[[ 0.        ,  0.28499813,  0.22610189, ..., -0.88480932,
         -0.69831633, -0.64820384],
        [-0.28499813,  0.        , -0.06089272, ..., -0.98091039,
         -0.87335442, -0.83833821],
        [-0.22610189,  0.06089272,  0.        , ..., -0.96724891,
         -0.8420738 , -0.80358683],
        ...,
        [ 0.88480932,  0.98091039,  0.96724891, ...,  0.        ,
          0.30795423,  0.37172026],
        [ 0.69831633,  0.87335442,  0.8420738 , ..., -0.30795423,
          0.        ,  0.06776738],
        [ 0.64820384,  0.83833821,  0.80358683, ..., -0.37172026,
         -0.06776738,  0.        ]],

       [[ 0.        ,  0.27024173, -0.54281237, ..., -0.79128823,
          0.49446338,  0.7699639 ],
        [-0.27024173,  0.        , -0.74957928, ..., -0.92708388,
          0.24117194,  0.56887761],
        [ 0.54281237,  0.74957928,  0.        , ..., -0.33266758,
          0.88708872,  0.99301902],
        ...,
        [ 0.79128823,  0.92708388,  0.33266758, ...,  0.        ,
          0.99012284,  0.97570037],
        [-0.49446338, -0.24117194, -0.88708872, ..., -0.99012284,
          0.        ,  0.35374056],
        [-0.7699639 , -0.56887761, -0.99301902, ..., -0.97570037,
         -0.35374056,  0.        ]],

       [[ 0.        ,  0.25281483,  0.49146002, ..., -0.66446782,
         -0.60162442, -0.49344646],
        [-0.25281483,  0.        ,  0.25531832, ..., -0.83181516,
         -0.78402366, -0.69730901],
        [-0.49146002, -0.25531832,  0.        , ..., -0.94596148,
         -0.91652278, -0.8572028 ],
        ...,
        [ 0.66446782,  0.83181516,  0.94596148, ...,  0.        ,
          0.08115892,  0.20917741],
        [ 0.60162442,  0.78402366,  0.91652278, ..., -0.08115892,
          0.        ,  0.12912387],
        [ 0.49344646,  0.69730901,  0.8572028 , ..., -0.20917741,
         -0.12912387,  0.        ]],

       ...,

       [[ 0.        , -0.39095969, -0.51494198, ..., -0.71424808,
         -0.61984602, -0.49602001],
        [ 0.39095969,  0.        , -0.13881618, ..., -0.3837697 ,
         -0.26371587, -0.11706605],
        [ 0.51494198,  0.13881618,  0.        , ..., -0.25186724,
         -0.12726048,  0.02192906],
        ...,
        [ 0.71424808,  0.3837697 ,  0.25186724, ...,  0.        ,
          0.12666157,  0.27302878],
        [ 0.61984602,  0.26371587,  0.12726048, ..., -0.12666157,
          0.        ,  0.14898064],
        [ 0.49602001,  0.11706605, -0.02192906, ..., -0.27302878,
         -0.14898064,  0.        ]],

       [[ 0.        ,  0.23461161,  0.41152536, ..., -0.79398342,
         -0.96981816, -0.99993324],
        [-0.23461161,  0.        ,  0.18621473, ..., -0.62919306,
         -0.88554457, -0.96931345],
        [-0.41152536, -0.18621473,  0.        , ..., -0.47345267,
         -0.78354869, -0.90658246],
        ...,
        [ 0.79398342,  0.62919306,  0.47345267, ...,  0.        ,
          0.39599425,  0.59872466],
        [ 0.96981816,  0.88554457,  0.78354869, ..., -0.39599425,
          0.        ,  0.23260717],
        [ 0.99993324,  0.96931345,  0.90658246, ..., -0.59872466,
         -0.23260717,  0.        ]],

       [[ 0.        ,  0.56725338,  0.79607029, ...,  0.87282441,
          0.85215027,  0.82235201],
        [-0.56725338,  0.        ,  0.31229426, ...,  0.44196956,
          0.40494058,  0.35448722],
        [-0.79607029, -0.31229426,  0.        , ...,  0.13972731,
          0.09914358,  0.04474355],
        ...,
        [-0.87282441, -0.44196956, -0.13972731, ...,  0.        ,
         -0.04086791, -0.09528275],
        [-0.85215027, -0.40494058, -0.09914358, ...,  0.04086791,
          0.        , -0.05452118],
        [-0.82235201, -0.35448722, -0.04474355, ...,  0.09528275,
          0.05452118,  0.        ]]]), 'num': array([8.18931049e-01, 5.73890560e-01, 6.28308945e-05, 4.46991041e-05,
       4.52148630e-05, 4.42406518e-05, 1.24241733e-03, 1.14613087e-07,
       4.39885030e-05, 4.29082746e-05, 4.43247014e-05, 8.20388416e-07,
       4.49741338e-05, 4.08424154e-05])}
{'img': array([[[ 0.        , -0.06089272,  0.53086304, ..., -0.87335442,
         -0.83833821, -0.81936835],
        [ 0.06089272,  0.        ,  0.58148193, ..., -0.8420738 ,
         -0.80358683, -0.78294005],
        [-0.53086304, -0.58148193,  0.        , ..., -0.99870643,
         -0.99985635, -0.99870643],
        ...,
        [ 0.87335442,  0.8420738 ,  0.99870643, ...,  0.        ,
          0.06776738,  0.10156337],
        [ 0.83833821,  0.80358683,  0.99985635, ..., -0.06776738,
          0.        ,  0.03391293],
        [ 0.81936835,  0.78294005,  0.99870643, ..., -0.10156337,
         -0.03391293,  0.        ]],

       [[ 0.        , -0.74957928, -0.25516757, ...,  0.24117194,
          0.56887761, -0.48819652],
        [ 0.74957928,  0.        ,  0.55586671, ...,  0.88708872,
          0.99301902,  0.33103872],
        [ 0.25516757, -0.55586671,  0.        , ...,  0.48082402,
          0.75990144, -0.24934233],
        ...,
        [-0.24117194, -0.88708872, -0.48082402, ...,  0.        ,
          0.35374056, -0.68426502],
        [-0.56887761, -0.99301902, -0.75990144, ..., -0.35374056,
          0.        , -0.89798233],
        [ 0.48819652, -0.33103872,  0.24934233, ...,  0.68426502,
          0.89798233,  0.        ]],

       [[ 0.        ,  0.25531832,  0.56936216, ..., -0.78402366,
         -0.69730901, -0.61254668],
        [-0.25531832,  0.        ,  0.340598  , ..., -0.91652278,
         -0.8572028 , -0.79405746],
        [-0.56936216, -0.340598  ,  0.        , ..., -0.99795622,
         -0.98135062, -0.95361   ],
        ...,
        [ 0.78402366,  0.91652278,  0.99795622, ...,  0.        ,
          0.12912387,  0.23949261],
        [ 0.69730901,  0.8572028 ,  0.98135062, ..., -0.12912387,
          0.        ,  0.11212157],
        [ 0.61254668,  0.79405746,  0.95361   , ..., -0.23949261,
         -0.11212157,  0.        ]],

       ...,

       [[ 0.        , -0.3567534 , -0.45784568, ..., -0.51249173,
         -0.3249124 , -0.43996432],
        [ 0.3567534 ,  0.        , -0.11055372, ..., -0.17242771,
          0.03386472, -0.09064405],
        [ 0.45784568,  0.11055372,  0.        , ..., -0.06247289,
          0.14414744,  0.02001019],
        ...,
        [ 0.51249173,  0.17242771,  0.06247289, ...,  0.        ,
          0.20568631,  0.08243149],
        [ 0.3249124 , -0.03386472, -0.14414744, ..., -0.20568631,
          0.        , -0.12431737],
        [ 0.43996432,  0.09064405, -0.02001019, ..., -0.08243149,
          0.12431737,  0.        ]],

       [[ 0.        ,  0.18621473,  0.3908081 , ..., -0.88554457,
         -0.96931345, -0.99924883],
        [-0.18621473,  0.        ,  0.21256703, ..., -0.78354869,
         -0.90658246, -0.97455468],
        [-0.3908081 , -0.21256703,  0.        , ..., -0.6335675 ,
         -0.79615447, -0.90463582],
        ...,
        [ 0.88554457,  0.78354869,  0.6335675 , ...,  0.        ,
          0.23260717,  0.4298881 ],
        [ 0.96931345,  0.90658246,  0.79615447, ..., -0.23260717,
          0.        ,  0.20807973],
        [ 0.99924883,  0.97455468,  0.90463582, ..., -0.4298881 ,
         -0.20807973,  0.        ]],

       [[ 0.        ,  0.64929918,  0.88816499, ...,  0.74172849,
          0.69314039,  0.66518388],
        [-0.64929918,  0.        ,  0.37710985, ...,  0.12862392,
          0.05913965,  0.02107591],
        [-0.88816499, -0.37710985,  0.        , ..., -0.25484994,
         -0.32167652, -0.35750625],
        ...,
        [-0.74172849, -0.12862392,  0.25484994, ...,  0.        ,
         -0.06975038, -0.10769451],
        [-0.69314039, -0.05913965,  0.32167652, ...,  0.06975038,
          0.        , -0.0380875 ],
        [-0.66518388, -0.02107591,  0.35750625, ...,  0.10769451,
          0.0380875 ,  0.        ]]]), 'num': array([7.84027481e-01, 6.20725472e-01, 4.16586757e-05, 4.29742129e-05,
       4.35223533e-05, 4.26453286e-05, 8.83448959e-04, 2.19256188e-07,
       4.24479980e-05, 4.12229041e-05, 4.23575548e-05, 8.48733631e-07,
       4.32109167e-05, 3.92348914e-05])}
{'img': array([[[ 0.        ,  0.58148193, -0.0285768 , ..., -0.80358683,
         -0.78294005, -0.73882365],
        [-0.58148193,  0.        , -0.60449337, ..., -0.99985635,
         -0.99870643, -0.99293685],
        [ 0.0285768 ,  0.60449337,  0.        , ..., -0.78625009,
         -0.76484275, -0.71926404],
        ...,
        [ 0.80358683,  0.99985635,  0.78625009, ...,  0.        ,
          0.03391293,  0.10179759],
        [ 0.78294005,  0.99870643,  0.76484275, ..., -0.03391293,
          0.        ,  0.06800228],
        [ 0.73882365,  0.99293685,  0.71926404, ..., -0.10179759,
         -0.06800228,  0.        ]],

       [[ 0.        ,  0.55586671,  0.20019936, ...,  0.99301902,
          0.33103872,  0.03080882],
        [-0.55586671,  0.        , -0.37819327, ...,  0.75990144,
         -0.24934233, -0.52999234],
        [-0.20019936,  0.37819327,  0.        , ...,  0.94930114,
          0.13542535, -0.16991923],
        ...,
        [-0.99301902, -0.75990144, -0.94930114, ...,  0.        ,
         -0.89798233, -0.98891359],
        [-0.33103872,  0.24934233, -0.13542535, ...,  0.89798233,
          0.        , -0.30180985],
        [-0.03080882,  0.52999234,  0.16991923, ...,  0.98891359,
          0.30180985,  0.        ]],

       [[ 0.        ,  0.340598  ,  0.73679761, ..., -0.8572028 ,
         -0.79405746, -0.70251126],
        [-0.340598  ,  0.        ,  0.4624609 , ..., -0.98135062,
         -0.95361   , -0.9029017 ],
        [-0.73679761, -0.4624609 ,  0.        , ..., -0.95900155,
         -0.98472991, -0.99933594],
        ...,
        [ 0.8572028 ,  0.98135062,  0.95900155, ...,  0.        ,
          0.11212157,  0.24826924],
        [ 0.79405746,  0.95361   ,  0.98472991, ..., -0.11212157,
          0.        ,  0.13809262],
        [ 0.70251126,  0.9029017 ,  0.99933594, ..., -0.24826924,
         -0.13809262,  0.        ]],

       ...,

       [[ 0.        , -0.07652099, -0.23742733, ...,  0.02111088,
         -0.06198085,  0.53124846],
        [ 0.07652099,  0.        , -0.16239829, ...,  0.09755291,
          0.01457474,  0.59452064],
        [ 0.23742733,  0.16239829,  0.        , ...,  0.25788163,
          0.1767623 ,  0.71720982],
        ...,
        [-0.02111088, -0.09755291, -0.25788163, ...,  0.        ,
         -0.08303733,  0.5132446 ],
        [ 0.06198085, -0.01457474, -0.1767623 , ...,  0.08303733,
          0.        ,  0.58273823],
        [-0.53124846, -0.59452064, -0.71720982, ..., -0.5132446 ,
         -0.58273823,  0.        ]],

       [[ 0.        ,  0.21256703,  0.31351675, ..., -0.90658246,
         -0.97455468, -0.99547284],
        [-0.21256703,  0.        ,  0.10450183, ..., -0.79615447,
         -0.90463582, -0.95251904],
        [-0.31351675, -0.10450183,  0.        , ..., -0.72856191,
         -0.8551455 , -0.9154851 ],
        ...,
        [ 0.90658246,  0.79615447,  0.72856191, ...,  0.        ,
          0.20807973,  0.33395068],
        [ 0.97455468,  0.90463582,  0.8551455 , ..., -0.20807973,
          0.        ,  0.13050714],
        [ 0.99547284,  0.95251904,  0.9154851 , ..., -0.33395068,
         -0.13050714,  0.        ]],

       [[ 0.        ,  0.52434033,  0.77566203, ...,  0.10499203,
          0.03952297,  0.23233663],
        [-0.52434033,  0.        ,  0.32954643, ..., -0.4320407 ,
         -0.49027649, -0.3121553 ],
        [-0.77566203, -0.32954643,  0.        , ..., -0.70510944,
         -0.75011112, -0.60779747],
        ...,
        [-0.10499203,  0.4320407 ,  0.70510944, ...,  0.        ,
         -0.06560547,  0.12893355],
        [-0.03952297,  0.49027649,  0.75011112, ...,  0.06560547,
          0.        ,  0.19371366],
        [-0.23233663,  0.3121553 ,  0.60779747, ..., -0.12893355,
         -0.19371366,  0.        ]]]), 'num': array([7.69039348e-01, 6.39200678e-01, 3.31221097e-05, 4.21554123e-05,
       4.28006482e-05, 4.21554123e-05, 9.79296038e-04, 0.00000000e+00,
       4.19403337e-05, 4.05934037e-05, 4.15137611e-05, 8.60314537e-07,
       4.25691662e-05, 3.86176413e-05])}
{'img': array([[[ 0.        , -0.60449337, -0.77892375, ..., -0.99870643,
         -0.99293685, -0.99293685],
        [ 0.60449337,  0.        , -0.24140952, ..., -0.76484275,
         -0.71926404, -0.71926404],
        [ 0.77892375,  0.24140952,  0.        , ..., -0.58670113,
         -0.53027453, -0.53027453],
        ...,
        [ 0.99870643,  0.76484275,  0.58670113, ...,  0.        ,
          0.06800228,  0.06800228],
        [ 0.99293685,  0.71926404,  0.53027453, ..., -0.06800228,
          0.        ,  0.        ],
        [ 0.99293685,  0.71926404,  0.53027453, ..., -0.06800228,
          0.        ,  0.        ]],

       [[ 0.        , -0.37819327, -0.56359097, ..., -0.24934233,
         -0.52999234, -0.42692167],
        [ 0.37819327,  0.        , -0.20932312, ...,  0.13542535,
         -0.16991923, -0.0532169 ],
        [ 0.56359097,  0.20932312,  0.        , ...,  0.33981994,
          0.04012421,  0.15698854],
        ...,
        [ 0.24934233, -0.13542535, -0.33981994, ...,  0.        ,
         -0.30180985, -0.18796009],
        [ 0.52999234,  0.16991923, -0.04012421, ...,  0.30180985,
          0.        ,  0.11723543],
        [ 0.42692167,  0.0532169 , -0.15698854, ...,  0.18796009,
         -0.11723543,  0.        ]],

       [[ 0.        ,  0.4624609 ,  0.34611385, ..., -0.95361   ,
         -0.9029017 , -0.84843867],
        [-0.4624609 ,  0.        , -0.12699909, ..., -0.98472991,
         -0.99933594, -0.99703703],
        [-0.34611385,  0.12699909,  0.        , ..., -0.99886554,
         -0.99587165, -0.9791947 ],
        ...,
        [ 0.95361   ,  0.98472991,  0.99886554, ...,  0.        ,
          0.13809262,  0.2493217 ],
        [ 0.9029017 ,  0.99933594,  0.99587165, ..., -0.13809262,
          0.        ,  0.11320128],
        [ 0.84843867,  0.99703703,  0.9791947 , ..., -0.2493217 ,
         -0.11320128,  0.        ]],

       ...,

       [[ 0.        , -0.14053924, -0.41956738, ...,  0.01217938,
          0.34062286,  0.68089744],
        [ 0.14053924,  0.        , -0.28783235, ...,  0.15258731,
          0.46937721,  0.77706756],
        [ 0.41956738,  0.28783235,  0.        , ...,  0.43059178,
          0.70366887,  0.92534932],
        ...,
        [-0.01217938, -0.15258731, -0.43059178, ...,  0.        ,
          0.32914655,  0.67192702],
        [-0.34062286, -0.46937721, -0.70366887, ..., -0.32914655,
          0.        ,  0.39071483],
        [-0.68089744, -0.77706756, -0.92534932, ..., -0.67192702,
         -0.39071483,  0.        ]],

       [[ 0.        ,  0.10450183,  0.08295133, ..., -0.90463582,
         -0.95251904, -0.98127287],
        [-0.10450183,  0.        , -0.02164453, ..., -0.8551455 ,
         -0.9154851 , -0.95577067],
        [-0.08295133,  0.02164453,  0.        , ..., -0.86616543,
         -0.92397934, -0.96191269],
        ...,
        [ 0.90463582,  0.8551455 ,  0.86616543, ...,  0.        ,
          0.13050714,  0.24395073],
        [ 0.95251904,  0.9154851 ,  0.92397934, ..., -0.13050714,
          0.        ,  0.1153001 ],
        [ 0.98127287,  0.95577067,  0.96191269, ..., -0.24395073,
         -0.1153001 ,  0.        ]],

       [[ 0.        ,  0.32954643,  0.55312801, ..., -0.49027649,
         -0.3121553 , -0.19534395],
        [-0.32954643,  0.        ,  0.24768603, ..., -0.75011112,
         -0.60779747, -0.50762957],
        [-0.55312801, -0.24768603,  0.        , ..., -0.89053562,
         -0.78554423, -0.70521221],
        ...,
        [ 0.49027649,  0.75011112,  0.89053562, ...,  0.        ,
          0.19371366,  0.31057588],
        [ 0.3121553 ,  0.60779747,  0.78554423, ..., -0.19371366,
          0.        ,  0.12055874],
        [ 0.19534395,  0.50762957,  0.70521221, ..., -0.31057588,
         -0.12055874,  0.        ]]]), 'num': array([ 7.70857680e-01,  6.37004253e-01,  3.53175269e-05,  4.10971528e-05,
        4.22357283e-05,  4.10429350e-05,  2.00081326e-03, -1.40966487e-06,
        4.21164490e-05,  4.10239587e-05,  4.17893344e-05,  5.54227215e-07,
        4.28617049e-05,  3.91862125e-05])}
{'img': array([[[ 0.        , -0.58460126, -0.58460126, ..., -0.96945152,
         -0.96945152, -0.96945152],
        [ 0.58460126,  0.        ,  0.        , ..., -0.64314337,
         -0.64314337, -0.9299289 ],
        [ 0.58460126,  0.        ,  0.        , ..., -0.64314337,
         -0.64314337, -0.9299289 ],
        ...,
        [ 0.96945152,  0.64314337,  0.64314337, ...,  0.        ,
          0.        , -0.47557999],
        [ 0.96945152,  0.64314337,  0.64314337, ...,  0.        ,
          0.        , -0.47557999],
        [ 0.96945152,  0.9299289 ,  0.9299289 , ...,  0.47557999,
          0.47557999,  0.        ]],

       [[ 0.        , -0.20932312, -0.74267997, ..., -0.16991923,
         -0.0532169 ,  0.88850365],
        [ 0.20932312,  0.        , -0.58605454, ...,  0.04012421,
          0.15698854,  0.96487221],
        [ 0.74267997,  0.58605454,  0.        , ...,  0.6180941 ,
          0.70599107,  0.9357766 ],
        ...,
        [ 0.16991923, -0.04012421, -0.6180941 , ...,  0.        ,
          0.11723543,  0.95355378],
        [ 0.0532169 , -0.15698854, -0.70599107, ..., -0.11723543,
          0.        ,  0.91166423],
        [-0.88850365, -0.96487221, -0.9357766 , ..., -0.95355378,
         -0.91166423,  0.        ]],

       [[ 0.        , -0.12699909, -0.34317562, ..., -0.99933594,
         -0.99703703, -0.99992624],
        [ 0.12699909,  0.        , -0.22111028, ..., -0.99587165,
         -0.9791947 , -0.99028717],
        [ 0.34317562,  0.22111028,  0.        , ..., -0.9511519 ,
         -0.9100901 , -0.93503385],
        ...,
        [ 0.99933594,  0.99587165,  0.9511519 , ...,  0.        ,
          0.11320128,  0.04857224],
        [ 0.99703703,  0.9791947 ,  0.9100901 , ..., -0.11320128,
          0.        , -0.06480764],
        [ 0.99992624,  0.99028717,  0.93503385, ..., -0.04857224,
          0.06480764,  0.        ]],

       ...,

       [[ 0.        , -0.28783235, -0.28783235, ...,  0.46937721,
          0.77706756, -0.53997331],
        [ 0.28783235,  0.        ,  0.        , ...,  0.70366887,
          0.92534932, -0.27485873],
        [ 0.28783235,  0.        ,  0.        , ...,  0.70366887,
          0.92534932, -0.27485873],
        ...,
        [-0.46937721, -0.70366887, -0.70366887, ...,  0.        ,
          0.39071483, -0.87186164],
        [-0.77706756, -0.92534932, -0.92534932, ..., -0.39071483,
          0.        , -0.99391237],
        [ 0.53997331,  0.27485873,  0.27485873, ...,  0.87186164,
          0.99391237,  0.        ]],

       [[ 0.        , -0.02164453, -0.17684187, ..., -0.9154851 ,
         -0.95577067, -0.94375068],
        [ 0.02164453,  0.        , -0.15549704, ..., -0.92397934,
         -0.96191269, -0.95068652],
        [ 0.17684187,  0.15549704,  0.        , ..., -0.97220905,
         -0.99271851, -0.98735065],
        ...,
        [ 0.9154851 ,  0.92397934,  0.97220905, ...,  0.        ,
          0.1153001 ,  0.07700747],
        [ 0.95577067,  0.96191269,  0.99271851, ..., -0.1153001 ,
          0.        , -0.03846383],
        [ 0.94375068,  0.95068652,  0.98735065, ..., -0.07700747,
          0.03846383,  0.        ]],

       [[ 0.        ,  0.24768603,  0.50684921, ..., -0.60779747,
         -0.50762957, -0.33415527],
        [-0.24768603,  0.        ,  0.27754201, ..., -0.78554423,
         -0.70521221, -0.55719166],
        [-0.50684921, -0.27754201,  0.        , ..., -0.92642747,
         -0.87428314, -0.76576797],
        ...,
        [ 0.60779747,  0.78554423,  0.92642747, ...,  0.        ,
          0.12055874,  0.30751003],
        [ 0.50762957,  0.70521221,  0.87428314, ..., -0.12055874,
          0.        ,  0.19055006],
        [ 0.33415527,  0.55719166,  0.76576797, ..., -0.30751003,
         -0.19055006,  0.        ]]]), 'num': array([7.49033293e-01, 6.62532177e-01, 2.24678224e-05, 4.04967772e-05,
       4.06019636e-05, 3.98656586e-05, 4.77620042e-04, 6.31118606e-07,
       4.07702619e-05, 3.98893255e-05, 4.04897648e-05, 5.69759852e-07,
       4.16088825e-05, 3.81697686e-05])}
{'img': array([[[ 0.        ,  0.        , -0.20305822, ..., -0.92702481,
         -0.9860133 , -0.99652173],
        [ 0.        ,  0.        , -0.20305822, ..., -0.92702481,
         -0.9860133 , -0.99652173],
        [ 0.20305822,  0.20305822,  0.        , ..., -0.83156496,
         -0.99931439, -0.95883934],
        ...,
        [ 0.92702481,  0.92702481,  0.83156496, ...,  0.        ,
         -0.52425912, -0.29644358],
        [ 0.9860133 ,  0.9860133 ,  0.99931439, ...,  0.52425912,
          0.        ,  0.24825473],
        [ 0.99652173,  0.99652173,  0.95883934, ...,  0.29644358,
         -0.24825473,  0.        ]],

       [[ 0.        , -0.58605454, -0.3638983 , ...,  0.15698854,
          0.96487221, -0.3977354 ],
        [ 0.58605454,  0.        ,  0.25101741, ...,  0.70599107,
          0.9357766 ,  0.21543144],
        [ 0.3638983 , -0.25101741,  0.        , ...,  0.50561132,
          0.99432254, -0.03658938],
        ...,
        [-0.15698854, -0.70599107, -0.50561132, ...,  0.        ,
          0.91166423, -0.53684066],
        [-0.96487221, -0.9357766 , -0.99432254, ..., -0.91166423,
          0.        , -0.98976332],
        [ 0.3977354 , -0.21543144,  0.03658938, ...,  0.53684066,
          0.98976332,  0.        ]],

       [[ 0.        , -0.32077782, -0.43923136, ..., -0.99668961,
         -0.99986779, -0.99986779],
        [ 0.32077782,  0.        , -0.1278415 , ..., -0.91793952,
         -0.94181335, -0.95224515],
        [ 0.43923136,  0.1278415 ,  0.        , ..., -0.85969015,
         -0.89111324, -0.90539719],
        ...,
        [ 0.99668961,  0.91793952,  0.85969015, ...,  0.        ,
         -0.06508373, -0.0974964 ],
        [ 0.99986779,  0.94181335,  0.89111324, ...,  0.06508373,
          0.        , -0.03251603],
        [ 0.99986779,  0.95224515,  0.90539719, ...,  0.0974964 ,
          0.03251603,  0.        ]],

       ...,

       [[ 0.        ,  0.        ,  0.19691348, ...,  0.92534932,
         -0.27485873, -0.18208085],
        [ 0.        ,  0.        ,  0.19691348, ...,  0.92534932,
         -0.27485873, -0.18208085],
        [-0.19691348, -0.19691348,  0.        , ...,  0.83257882,
         -0.45880652, -0.37213766],
        ...,
        [-0.92534932, -0.92534932, -0.83257882, ...,  0.        ,
         -0.99391237, -0.97891047],
        [ 0.27485873,  0.27485873,  0.45880652, ...,  0.99391237,
          0.        ,  0.09519614],
        [ 0.18208085,  0.18208085,  0.37213766, ...,  0.97891047,
         -0.09519614,  0.        ]],

       [[ 0.        , -0.15549704, -0.07925439, ..., -0.96191269,
         -0.95068652, -0.95675076],
        [ 0.15549704,  0.        ,  0.07671755, ..., -0.99271851,
         -0.98735065, -0.99034866],
        [ 0.07925439, -0.07671755,  0.        , ..., -0.98055166,
         -0.97227708, -0.97679704],
        ...,
        [ 0.96191269,  0.99271851,  0.98055166, ...,  0.        ,
         -0.03846383, -0.01829457],
        [ 0.95068652,  0.98735065,  0.97227708, ...,  0.03846383,
          0.        ,  0.02017636],
        [ 0.95675076,  0.99034866,  0.97679704, ...,  0.01829457,
         -0.02017636,  0.        ]],

       [[ 0.        ,  0.27754201,  0.40489439, ..., -0.70521221,
         -0.55719166, -0.46091271],
        [-0.27754201,  0.        ,  0.13521324, ..., -0.87428314,
         -0.76576797, -0.68910846],
        [-0.40489439, -0.13521324,  0.        , ..., -0.93188889,
         -0.84569348, -0.78076343],
        ...,
        [ 0.70521221,  0.87428314,  0.93188889, ...,  0.        ,
          0.19055006,  0.29905198],
        [ 0.55719166,  0.76576797,  0.84569348, ..., -0.19055006,
          0.        ,  0.11174271],
        [ 0.46091271,  0.68910846,  0.78076343, ..., -0.29905198,
         -0.11174271,  0.        ]]]), 'num': array([7.44567475e-01, 6.64397492e-01, 1.91565073e-05, 4.33820254e-05,
       4.64918481e-05, 3.94429168e-05, 6.47706183e-02, 3.47263525e-06,
       4.07697745e-05, 3.95828588e-05, 3.99223478e-05, 7.55059811e-07,
       4.19312039e-05, 3.72345137e-05])}
{'img': array([[[ 0.        , -0.02110834, -0.10232945, ..., -0.83838685,
         -0.70809914,  0.78973715],
        [ 0.02110834,  0.        , -0.08130912, ..., -0.82669441,
         -0.69303649,  0.80251001],
        [ 0.10232945,  0.08130912,  0.        , ..., -0.7782085 ,
         -0.63212586,  0.84836501],
        ...,
        [ 0.83838685,  0.82669441,  0.7782085 , ...,  0.        ,
          0.20602827,  0.94477105],
        [ 0.70809914,  0.69303649,  0.63212586, ..., -0.20602827,
          0.        ,  0.99202384],
        [-0.78973715, -0.80251001, -0.84836501, ..., -0.94477105,
         -0.99202384,  0.        ]],

       [[ 0.        ,  0.04099406,  0.03621361, ...,  0.22791343,
          0.03520457,  0.09899964],
        [-0.04099406,  0.        , -0.004784  , ...,  0.18780669,
         -0.00579367,  0.1397091 ],
        [-0.03621361,  0.004784  ,  0.        , ...,  0.19250341,
         -0.00100969,  0.13497042],
        ...,
        [-0.22791343, -0.18780669, -0.19250341, ...,  0.        ,
         -0.19349412,  0.32318791],
        [-0.03520457,  0.00579367,  0.00100969, ...,  0.19349412,
          0.        ,  0.1339699 ],
        [-0.09899964, -0.1397091 , -0.13497042, ..., -0.32318791,
         -0.1339699 ,  0.        ]],

       [[ 0.        , -0.3125673 , -0.54695692, ..., -0.99903851,
         -0.99994552, -0.96864876],
        [ 0.3125673 ,  0.        , -0.25788291, ..., -0.93527893,
         -0.94658116, -0.8424628 ],
        [ 0.54695692,  0.25788291,  0.        , ..., -0.8123765 ,
         -0.83140578, -0.6750319 ],
        ...,
        [ 0.99903851,  0.93527893,  0.8123765 , ...,  0.        ,
         -0.03341057,  0.20572851],
        [ 0.99994552,  0.94658116,  0.83140578, ...,  0.03341057,
          0.        ,  0.23830955],
        [ 0.96864876,  0.8424628 ,  0.6750319 , ..., -0.20572851,
         -0.23830955,  0.        ]],

       ...,

       [[ 0.        ,  0.19691348,  0.11911397, ..., -0.27485873,
         -0.18208085,  0.4837537 ],
        [-0.19691348,  0.        , -0.07872975, ..., -0.45880652,
         -0.37213766,  0.30194272],
        [-0.11911397,  0.07872975,  0.        , ..., -0.38742815,
         -0.29790735,  0.37606061],
        ...,
        [ 0.27485873,  0.45880652,  0.38742815, ...,  0.        ,
          0.09519614,  0.70567925],
        [ 0.18208085,  0.37213766,  0.29790735, ..., -0.09519614,
          0.        ,  0.63502498],
        [-0.4837537 , -0.30194272, -0.37606061, ..., -0.70567925,
         -0.63502498,  0.        ]],

       [[ 0.        ,  0.07671755,  0.09386472, ..., -0.98735065,
         -0.99034866, -0.91813334],
        [-0.07671755,  0.        ,  0.01720925, ..., -0.97227708,
         -0.97679704, -0.94582846],
        [-0.09386472, -0.01720925,  0.        , ..., -0.96810903,
         -0.97296673, -0.95127567],
        ...,
        [ 0.98735065,  0.97227708,  0.96810903, ...,  0.        ,
          0.02017636,  0.53683077],
        [ 0.99034866,  0.97679704,  0.97296673, ..., -0.02017636,
          0.        ,  0.5196989 ],
        [ 0.91813334,  0.94582846,  0.95127567, ..., -0.53683077,
         -0.5196989 ,  0.        ]],

       [[ 0.        ,  0.13521324,  0.26990095, ..., -0.76576797,
         -0.68910846, -0.87006808],
        [-0.13521324,  0.        ,  0.13722711, ..., -0.84569348,
         -0.78076343, -0.92872871],
        [-0.26990095, -0.13722711,  0.        , ..., -0.91092673,
         -0.85912027, -0.9708209 ],
        ...,
        [ 0.76576797,  0.84569348,  0.91092673, ...,  0.        ,
          0.11174271, -0.18208433],
        [ 0.68910846,  0.78076343,  0.85912027, ..., -0.11174271,
          0.        , -0.29081867],
        [ 0.87006808,  0.92872871,  0.9708209 , ...,  0.18208433,
          0.29081867,  0.        ]]]), 'num': array([ 7.35150879e-01,  6.77216090e-01,  1.39601902e-05,  4.25053481e-05,
        4.51683338e-05,  4.14811228e-05,  3.05211240e-02, -3.58478839e-07,
        4.07539229e-05,  3.93430526e-05,  3.94591315e-05,  7.15139527e-07,
        4.20174134e-05,  3.66686918e-05])}
{'img': array([[[ 0.        , -0.08130912, -0.08130912, ..., -0.69303649,
          0.80251001,  0.42732593],
        [ 0.08130912,  0.        ,  0.        , ..., -0.63212586,
          0.84836501,  0.49942241],
        [ 0.08130912,  0.        ,  0.        , ..., -0.63212586,
          0.84836501,  0.49942241],
        ...,
        [ 0.69303649,  0.63212586,  0.63212586, ...,  0.        ,
          0.99202384,  0.93463299],
        [-0.80251001, -0.84836501, -0.84836501, ..., -0.99202384,
          0.        , -0.47058824],
        [-0.42732593, -0.49942241, -0.49942241, ..., -0.93463299,
          0.47058824,  0.        ]],

       [[ 0.        , -0.004784  , -0.03098672, ..., -0.00579367,
          0.1397091 ,  0.98214281],
        [ 0.004784  ,  0.        , -0.02620467, ..., -0.00100969,
          0.13497042,  0.98303162],
        [ 0.03098672,  0.02620467,  0.        , ...,  0.02519531,
          0.10895918,  0.98750093],
        ...,
        [ 0.00579367,  0.00100969, -0.02519531, ...,  0.        ,
          0.1339699 ,  0.98321633],
        [-0.1397091 , -0.13497042, -0.10895918, ..., -0.1339699 ,
          0.        , -0.99879497],
        [-0.98214281, -0.98303162, -0.98750093, ..., -0.98321633,
          0.99879497,  0.        ]],

       [[ 0.        , -0.46678978, -0.57217941, ..., -0.99933721,
         -0.95984996, -0.87862302],
        [ 0.46678978,  0.        , -0.12318975, ..., -0.86678981,
         -0.71791985, -0.55412674],
        [ 0.57217941,  0.12318975,  0.        , ..., -0.7987561 ,
         -0.626696  , -0.4473589 ],
        ...,
        [ 0.99933721,  0.86678981,  0.7987561 , ...,  0.        ,
          0.24538699,  0.44521543],
        [ 0.95984996,  0.71791985,  0.626696  , ..., -0.24538699,
          0.        ,  0.21187778],
        [ 0.87862302,  0.55412674,  0.4473589 , ..., -0.44521543,
         -0.21187778,  0.        ]],

       ...,

       [[ 0.        , -0.07872975, -0.14514457, ..., -0.37213766,
          0.30194272,  0.1688242 ],
        [ 0.07872975,  0.        , -0.06679799, ..., -0.29790735,
          0.37606061,  0.24589985],
        [ 0.14514457,  0.06679799,  0.        , ..., -0.23347696,
          0.43711538,  0.31009761],
        ...,
        [ 0.37213766,  0.29790735,  0.23347696, ...,  0.        ,
          0.63502498,  0.52349489],
        [-0.30194272, -0.37606061, -0.43711538, ..., -0.63502498,
          0.        , -0.13666418],
        [-0.1688242 , -0.24589985, -0.31009761, ..., -0.52349489,
          0.13666418,  0.        ]],

       [[ 0.        ,  0.01720925,  0.15806998, ..., -0.97679704,
         -0.94582846, -0.77772538],
        [-0.01720925,  0.        ,  0.14105367, ..., -0.97296673,
         -0.95127567, -0.78842802],
        [-0.15806998, -0.14105367,  0.        , ..., -0.93066327,
         -0.9852575 , -0.8673112 ],
        ...,
        [ 0.97679704,  0.97296673,  0.93066327, ...,  0.        ,
          0.5196989 ,  0.78058191],
        [ 0.94582846,  0.95127567,  0.9852575 , ..., -0.5196989 ,
          0.        ,  0.34205014],
        [ 0.77772538,  0.78842802,  0.8673112 , ..., -0.78058191,
         -0.34205014,  0.        ]],

       [[ 0.        ,  0.13722711,  0.19389922, ..., -0.78076343,
         -0.92872871, -0.96547309],
        [-0.13722711,  0.        ,  0.05744213, ..., -0.85912027,
         -0.9708209 , -0.99208739],
        [-0.19389922, -0.05744213,  0.        , ..., -0.8870991 ,
         -0.98299286, -0.99766111],
        ...,
        [ 0.78076343,  0.85912027,  0.8870991 , ...,  0.        ,
         -0.29081867, -0.39986236],
        [ 0.92872871,  0.9708209 ,  0.98299286, ...,  0.29081867,
          0.        , -0.1160224 ],
        [ 0.96547309,  0.99208739,  0.99766111, ...,  0.39986236,
          0.1160224 ,  0.        ]]]), 'num': array([ 8.09863265e-01,  5.86569604e-01,  5.65300408e-05,  4.51919978e-05,
        4.69653547e-05,  4.44483320e-05,  7.58757626e-03, -2.28820242e-06,
        4.55924332e-05,  4.41108222e-05,  4.40555239e-05,  6.68336351e-07,
        4.69942977e-05,  4.12273466e-05])}
{'img': array([[[ 0.        ,  0.        , -0.11474271, ...,  0.84836501,
          0.49942241, -0.33936912],
        [ 0.        ,  0.        , -0.11474271, ...,  0.84836501,
          0.49942241, -0.33936912],
        [ 0.11474271,  0.11474271,  0.        , ...,  0.9035079 ,
          0.59553218, -0.22919456],
        ...,
        [-0.84836501, -0.84836501, -0.9035079 , ...,  0.        ,
         -0.47058824, -0.97768333],
        [-0.49942241, -0.49942241, -0.59553218, ...,  0.47058824,
          0.        , -0.76379869],
        [ 0.33936912,  0.33936912,  0.22919456, ...,  0.97768333,
          0.76379869,  0.        ]],

       [[ 0.        , -0.02620467, -0.00851589, ...,  0.13497042,
          0.98303162,  0.49705433],
