state_0,state_1,state_2,state_3,state_4,state_5,state_6,state_7,state_8,state_9,state_10,state_11,state_12,state_13,state_14,state_15,state_16,state_17,state_18,state_19,state_20,state_21,state_22,state_23,state_24,state_25,state_26,state_27,state_28,state_29,state_30,state_31,state_32,state_33,state_34,state_35,state_36,state_37,state_38,state_39,state_40,state_41,state_42,state_43,state_44,state_45,state_46,state_47,state_48,state_49,state_50,state_51,state_52,state_53,state_54,state_55,state_56,state_57,state_58,state_59,state_60,state_61,state_62,state_63,state_64,state_65,state_66,state_67,state_68,state_69,state_70,state_71,state_72,state_73,state_74,state_75,state_76,state_77,state_78,state_79,state_80,state_81,state_82,state_83,state_84,state_85,state_86,state_87,state_88,state_89,state_90,state_91,state_92,state_93,state_94,state_95,state_96,state_97,state_98,state_99,state_100,state_101,state_102,state_103,state_104,state_105,state_106,state_107,state_108,state_109,state_110,state_111,state_112,state_113,state_114,state_115,state_116,state_117,state_118,state_119,state_120,state_121,state_122,state_123,state_124,state_125,state_126,state_127,state_128,state_129,state_130,state_131,state_132,state_133,state_134,state_135,state_136,state_137,state_138,state_139,state_140,state_141,state_142,state_143,state_144,state_145,state_146,state_147,state_148,state_149,state_150,state_151,state_152,state_153,state_154,state_155,state_156,state_157,state_158,state_159,state_160,state_161,state_162,state_163,state_164,state_165,state_166,state_167,state_168,state_169,state_170,state_171,state_172,state_173,state_174,state_175,state_176,state_177,state_178,state_179,state_180,state_181,state_182,state_183,state_184,state_185,state_186,state_187,state_188,state_189,state_190,state_191,state_192,state_193,state_194,state_195,state_196,state_197,state_198,state_199,state_200,state_201,state_202,state_203,state_204,state_205,state_206,state_207,state_208,state_209,state_210,state_211,state_212,state_213,state_214,state_215,state_216,state_217,state_218,state_219,state_220,state_221,state_222,state_223,state_224,state_225,state_226,state_227,state_228,state_229,state_230,state_231,state_232,state_233,state_234,state_235,state_236,state_237,state_238,state_239,state_240,state_241,state_242,state_243,state_244,state_245,state_246,state_247,state_248,state_249,state_250,state_251,state_252,state_253,state_254,state_255,state_256,state_257,state_258,state_259,state_260,state_261,state_262,state_263,state_264,state_265,state_266,state_267,state_268,state_269,state_270,state_271,state_272,state_273,state_274,state_275,state_276,state_277,state_278,state_279,state_280,state_281,state_282,state_283,state_284,state_285,state_286,state_287
{'img': array([[[ 0.        ,  0.77892375,  0.55700599, ...,  0.98025448,
          0.99998404,  0.99537697],
        [-0.77892375,  0.        , -0.29759393, ...,  0.76876033,
          0.63150933,  0.54940757],
        [-0.55700599,  0.29759393,  0.        , ...,  0.92425208,
          0.83364215,  0.77317126],
        ...,
        [-0.98025448, -0.76876033, -0.92425208, ...,  0.        ,
         -0.1921988 , -0.29097469],
        [-0.99998404, -0.63150933, -0.83364215, ...,  0.1921988 ,
          0.        , -0.10166726],
        [-0.99537697, -0.54940757, -0.77317126, ...,  0.29097469,
          0.10166726,  0.        ]],

       [[ 0.        ,  0.35373809, -0.18914358, ..., -0.35139388,
         -0.28604866,  0.12170361],
        [-0.35373809,  0.        , -0.52426733, ..., -0.65985374,
         -0.60651123, -0.23727377],
        [ 0.18914358,  0.52426733,  0.        , ..., -0.16796956,
         -0.09964509,  0.30724437],
        ...,
        [ 0.35139388,  0.65985374,  0.16796956, ...,  0.        ,
          0.06890423,  0.46272408],
        [ 0.28604866,  0.60651123,  0.09964509, ..., -0.06890423,
          0.        ,  0.40054055],
        [-0.12170361,  0.23727377, -0.30724437, ..., -0.46272408,
         -0.40054055,  0.        ]],

       [[ 0.        ,  0.43500768,  0.38435267, ...,  0.90234717,
          0.94247322,  0.97137449],
        [-0.43500768,  0.        , -0.05551173, ...,  0.99999017,
          0.99404318,  0.9779891 ],
        [-0.38435267,  0.05551173,  0.        , ...,  0.99869441,
          0.99856045,  0.98806393],
        ...,
        [-0.90234717, -0.99999017, -0.99869441, ...,  0.        ,
         -0.10457724, -0.20431649],
        [-0.94247322, -0.99404318, -0.99856045, ...,  0.10457724,
          0.        , -0.100825  ],
        [-0.97137449, -0.9779891 , -0.98806393, ...,  0.20431649,
          0.100825  ,  0.        ]],

       ...,

       [[ 0.        ,  0.21775366, -0.08756289, ..., -0.74947033,
         -0.59518669, -0.66294883],
        [-0.21775366,  0.        , -0.30237898, ..., -0.87564704,
         -0.75588856, -0.81006503],
        [ 0.08756289,  0.30237898,  0.        , ..., -0.68862165,
         -0.52253614, -0.59484719],
        ...,
        [ 0.74947033,  0.87564704,  0.68862165, ...,  0.        ,
          0.20822878,  0.12220471],
        [ 0.59518669,  0.75588856,  0.52253614, ..., -0.20822878,
          0.        , -0.08714209],
        [ 0.66294883,  0.81006503,  0.59484719, ..., -0.12220471,
          0.08714209,  0.        ]],

       [[ 0.        ,  0.12008337,  0.14090607, ...,  0.95512932,
          0.97767437,  0.98402592],
        [-0.12008337,  0.        ,  0.02100115, ...,  0.98378521,
          0.99583234,  0.9982832 ],
        [-0.14090607, -0.02100115,  0.        , ...,  0.98733481,
          0.99752808,  0.9992931 ],
        ...,
        [-0.95512932, -0.98378521, -0.98733481, ...,  0.        ,
         -0.08887924, -0.12142064],
        [-0.97767437, -0.99583234, -0.99752808, ...,  0.08887924,
          0.        , -0.03271847],
        [-0.98402592, -0.9982832 , -0.9992931 , ...,  0.12142064,
          0.03271847,  0.        ]],

       [[ 0.        ,  0.43850565,  0.59477036, ...,  0.44445703,
          0.46042348,  0.52349644],
        [-0.43850565,  0.        ,  0.18202424, ...,  0.79225961,
          0.80305688,  0.84410017],
        [-0.59477036, -0.18202424,  0.        , ...,  0.89009246,
          0.89810972,  0.92759743],
        ...,
        [-0.44445703, -0.79225961, -0.89009246, ...,  0.        ,
         -0.0179032 , -0.09025843],
        [-0.46042348, -0.80305688, -0.89810972, ...,  0.0179032 ,
          0.        , -0.07241384],
        [-0.52349644, -0.84410017, -0.92759743, ...,  0.09025843,
          0.07241384,  0.        ]]]), 'num': array([ 7.30338599e-01,  6.83029333e-01,  1.01196290e-06,  4.59313260e-04,
        4.75524316e-04,  4.58330772e-04,  8.64021787e-03, -1.47373238e-05,
        4.76408555e-04,  4.84317586e-04,  4.77431981e-04,  3.69009674e-07,
        5.07571445e-04,  4.61063726e-04])}
{'img': array([[[ 0.        , -0.35813066, -0.71986158, ...,  0.66827831,
          0.58553816,  0.24776614],
        [ 0.35813066,  0.        , -0.42352941, ...,  0.89036986,
          0.83701705,  0.57829628],
        [ 0.71986158,  0.42352941,  0.        , ...,  0.99937697,
          0.98998445,  0.86939505],
        ...,
        [-0.66827831, -0.89036986, -0.99937697, ...,  0.        ,
         -0.10614789, -0.46312527],
        [-0.58553816, -0.83701705, -0.98998445, ...,  0.10614789,
          0.        , -0.36643066],
        [-0.24776614, -0.57829628, -0.86939505, ...,  0.46312527,
          0.36643066,  0.        ]],

       [[ 0.        , -0.52426733, -0.77467159, ..., -0.60651123,
         -0.23727377,  0.48665074],
        [ 0.52426733,  0.        , -0.32814682, ..., -0.09964509,
          0.30724437,  0.87240743],
        [ 0.77467159,  0.32814682,  0.        , ...,  0.23238623,
          0.60250582,  0.98449078],
        ...,
        [ 0.60651123,  0.09964509, -0.23238623, ...,  0.        ,
          0.40054055,  0.91676996],
        [ 0.23727377, -0.30724437, -0.60250582, ..., -0.40054055,
          0.        ,  0.68003493],
        [-0.48665074, -0.87240743, -0.98449078, ..., -0.91676996,
         -0.68003493,  0.        ]],

       [[ 0.        , -0.10543749, -0.27367983, ...,  0.99916385,
          0.998038  ,  0.97841576],
        [ 0.10543749,  0.        , -0.17074234, ...,  0.9892836 ,
          0.99907643,  0.99475025],
        [ 0.27367983,  0.17074234,  0.        , ...,  0.94982714,
          0.97706916,  0.99761554],
        ...,
        [-0.99916385, -0.9892836 , -0.94982714, ...,  0.        ,
         -0.10336387, -0.24647612],
        [-0.998038  , -0.99907643, -0.97706916, ...,  0.10336387,
          0.        , -0.14498091],
        [-0.97841576, -0.99475025, -0.99761554, ...,  0.24647612,
          0.14498091,  0.        ]],

       ...,

       [[ 0.        , -0.30237898, -0.69969146, ..., -0.75588856,
         -0.81006503, -0.98499184],
        [ 0.30237898,  0.        , -0.45090416, ..., -0.52253614,
         -0.59484719, -0.8866913 ],
        [ 0.69969146,  0.45090416,  0.        , ..., -0.0819527 ,
         -0.16848991, -0.58295524],
        ...,
        [ 0.75588856,  0.52253614,  0.0819527 , ...,  0.        ,
         -0.08714209, -0.51440738],
        [ 0.81006503,  0.59484719,  0.16848991, ...,  0.08714209,
          0.        , -0.43772217],
        [ 0.98499184,  0.8866913 ,  0.58295524, ...,  0.51440738,
          0.43772217,  0.        ]],

       [[ 0.        ,  0.02100115, -0.00136133, ...,  0.99583234,
          0.9982832 ,  0.99942035],
        [-0.02100115,  0.        , -0.02236216, ...,  0.99752808,
          0.9992931 ,  0.99991488],
        [ 0.00136133,  0.02236216,  0.        , ...,  0.99570726,
          0.99820253,  0.99937308],
        ...,
        [-0.99583234, -0.99752808, -0.99570726, ...,  0.        ,
         -0.03271847, -0.05724827],
        [-0.9982832 , -0.9992931 , -0.99820253, ...,  0.03271847,
          0.        , -0.02455281],
        [-0.99942035, -0.99991488, -0.99937308, ...,  0.05724827,
          0.02455281,  0.        ]],

       [[ 0.        ,  0.43566441,  0.60047227, ...,  0.47179238,
          0.53612982,  0.66503081],
        [-0.43566441,  0.        ,  0.19211347, ...,  0.80879418,
          0.85033519,  0.92396145],
        [-0.60047227, -0.19211347,  0.        , ...,  0.9067089 ,
          0.93559383,  0.9802312 ],
        ...,
        [-0.47179238, -0.80879418, -0.9067089 , ...,  0.        ,
         -0.07445413, -0.23402203],
        [-0.53612982, -0.85033519, -0.93559383, ...,  0.07445413,
          0.        , -0.16098586],
        [-0.66503081, -0.92396145, -0.9802312 , ...,  0.23402203,
          0.16098586,  0.        ]]]), 'num': array([ 7.05096828e-01,  7.05096828e-01,  0.00000000e+00,  4.58312938e-03,
        4.67250785e-03,  4.50864732e-03,  7.41391439e-02, -5.95856474e-05,
        4.75493466e-03,  4.86889221e-03,  4.82627193e-03,  3.78321571e-06,
        5.11858134e-03,  4.61920309e-03])}
{'img': array([[[ 0.        , -0.42352941,  0.31076405, ...,  0.83701705,
          0.57829628,  0.43052027],
        [ 0.42352941,  0.        ,  0.68407491, ...,  0.98998445,
          0.86939505,  0.77227028],
        [-0.31076405, -0.68407491,  0.        , ...,  0.62553102,
          0.29613349,  0.12871426],
        ...,
        [-0.83701705, -0.98998445, -0.62553102, ...,  0.        ,
         -0.36643066, -0.5199049 ],
        [-0.57829628, -0.86939505, -0.29613349, ...,  0.36643066,
          0.        , -0.17072919],
        [-0.43052027, -0.77227028, -0.12871426, ...,  0.5199049 ,
          0.17072919,  0.        ]],

       [[ 0.        , -0.32814682,  0.45371932, ...,  0.30724437,
          0.87240743,  0.71051262],
        [ 0.32814682,  0.        ,  0.72102168, ...,  0.60250582,
          0.98449078,  0.90208103],
        [-0.45371932, -0.72102168,  0.        , ..., -0.15797403,
          0.55567256,  0.31389429],
        ...,
        [-0.30724437, -0.60250582,  0.15797403, ...,  0.        ,
          0.68003493,  0.4599425 ],
        [-0.87240743, -0.98449078, -0.55567256, ..., -0.68003493,
          0.        , -0.26661563],
        [-0.71051262, -0.90208103, -0.31389429, ..., -0.4599425 ,
          0.26661563,  0.        ]],

       [[ 0.        , -0.17074234,  0.2123723 , ...,  0.99907643,
          0.99475025,  0.96051777],
        [ 0.17074234,  0.        ,  0.37610128, ...,  0.97706916,
          0.99761554,  0.99391695],
        [-0.2123723 , -0.37610128,  0.        , ...,  0.98541164,
          0.95032624,  0.87952129],
        ...,
        [-0.99907643, -0.97706916, -0.98541164, ...,  0.        ,
         -0.14498091, -0.31923369],
        [-0.99475025, -0.99761554, -0.95032624, ...,  0.14498091,
          0.        , -0.17846588],
        [-0.96051777, -0.99391695, -0.87952129, ...,  0.31923369,
          0.17846588,  0.        ]],

       ...,

       [[ 0.        , -0.45090416, -0.40068084, ..., -0.59484719,
         -0.8866913 , -0.87547379],
        [ 0.45090416,  0.        ,  0.05548973, ..., -0.16848991,
         -0.58295524, -0.56351724],
        [ 0.40068084, -0.05548973,  0.        , ..., -0.22292672,
         -0.62714269, -0.60848931],
        ...,
        [ 0.59484719,  0.16848991,  0.22292672, ...,  0.        ,
         -0.43772217, -0.41627061],
        [ 0.8866913 ,  0.58295524,  0.62714269, ...,  0.43772217,
          0.        ,  0.02372166],
        [ 0.87547379,  0.56351724,  0.60848931, ...,  0.41627061,
         -0.02372166,  0.        ]],

       [[ 0.        , -0.02236216,  0.06484257, ...,  0.9992931 ,
          0.99991488,  0.9996735 ],
        [ 0.02236216,  0.        ,  0.08714146, ...,  0.99820253,
          0.99937308,  0.99999491],
        [-0.06484257, -0.08714146,  0.        , ...,  0.99962778,
          0.99865657,  0.99591283],
        ...,
        [-0.9992931 , -0.99820253, -0.99962778, ...,  0.        ,
         -0.02455281, -0.06311546],
        [-0.99991488, -0.99937308, -0.99865657, ...,  0.02455281,
          0.        , -0.03859258],
        [-0.9996735 , -0.99999491, -0.99591283, ...,  0.06311546,
          0.03859258,  0.        ]],

       [[ 0.        ,  0.44755795,  0.55885061, ...,  0.54881844,
          0.67968324,  0.78330081],
        [-0.44755795,  0.        ,  0.12860927, ...,  0.8649159 ,
          0.93609642,  0.97869181],
        [-0.55885061, -0.12860927,  0.        , ...,  0.92228422,
          0.97355994,  0.99697206],
        ...,
        [-0.54881844, -0.8649159 , -0.92228422, ...,  0.        ,
         -0.16561399, -0.31362465],
        [-0.67968324, -0.93609642, -0.97355994, ...,  0.16561399,
          0.        , -0.15203542],
        [-0.78330081, -0.97869181, -0.99697206, ...,  0.31362465,
          0.15203542,  0.        ]]]), 'num': array([7.06263839e-01, 7.06263839e-01, 0.00000000e+00, 4.63547815e-03,
       4.71008349e-03, 4.58574126e-03, 4.69228763e-02, 4.47632011e-05,
       4.70411506e-03, 4.85357442e-03, 4.83691256e-03, 4.36116573e-06,
       5.10218475e-03, 4.60496409e-03])}
{'img': array([[[ 0.        ,  0.68407491,  0.8       , ...,  0.86939505,
          0.77227028,  0.84836501],
        [-0.68407491,  0.        ,  0.17308447, ...,  0.29613349,
          0.12871426,  0.25665011],
        [-0.8       , -0.17308447,  0.        , ...,  0.12634291,
         -0.04487313,  0.08548959],
        ...,
        [-0.86939505, -0.29613349, -0.12634291, ...,  0.        ,
         -0.17072919, -0.04107585],
        [-0.77227028, -0.12871426,  0.04487313, ...,  0.17072919,
          0.        ,  0.13011233],
        [-0.84836501, -0.25665011, -0.08548959, ...,  0.04107585,
         -0.13011233,  0.        ]],

       [[ 0.        ,  0.72102168,  0.53156749, ...,  0.98449078,
          0.90208103,  0.55204529],
        [-0.72102168,  0.        , -0.2423871 , ...,  0.55567256,
          0.31389429, -0.21867897],
        [-0.53156749,  0.2423871 ,  0.        , ...,  0.74062313,
          0.5346702 ,  0.02436269],
        ...,
        [-0.98449078, -0.55567256, -0.74062313, ...,  0.        ,
         -0.26661563, -0.7240335 ],
        [-0.90208103, -0.31389429, -0.5346702 , ...,  0.26661563,
          0.        , -0.51392355],
        [-0.55204529,  0.21867897, -0.02436269, ...,  0.7240335 ,
          0.51392355,  0.        ]],

       [[ 0.        ,  0.37610128,  0.59168752, ...,  0.99761554,
          0.99391695,  0.9589998 ],
        [-0.37610128,  0.        ,  0.24504438, ...,  0.95032624,
          0.87952129,  0.78199901],
        [-0.59168752, -0.24504438,  0.        , ...,  0.84508113,
          0.73609962,  0.60542613],
        ...,
        [-0.99761554, -0.95032624, -0.84508113, ...,  0.        ,
         -0.17846588, -0.34891746],
        [-0.99391695, -0.87952129, -0.73609962, ...,  0.17846588,
          0.        , -0.17606606],
        [-0.9589998 , -0.78199901, -0.60542613, ...,  0.34891746,
          0.17606606,  0.        ]],

       ...,

       [[ 0.        ,  0.05548973,  0.14120561, ..., -0.58295524,
         -0.56351724, -0.35245141],
        [-0.05548973,  0.        ,  0.08605431, ..., -0.62714269,
         -0.60848931, -0.40383733],
        [-0.14120561, -0.08605431,  0.        , ..., -0.69184435,
         -0.67452152, -0.48106441],
        ...,
        [ 0.58295524,  0.62714269,  0.69184435, ...,  0.        ,
          0.02372166,  0.25917879],
        [ 0.56351724,  0.60848931,  0.67452152, ..., -0.02372166,
          0.        ,  0.23619477],
        [ 0.35245141,  0.40383733,  0.48106441, ..., -0.25917879,
         -0.23619477,  0.        ]],

       [[ 0.        ,  0.08714146,  0.1318736 , ...,  0.99937308,
          0.99999491,  0.99670108],
        [-0.08714146,  0.        ,  0.04499154, ...,  0.99865657,
          0.99591283,  0.98583717],
        [-0.1318736 , -0.04499154,  0.        , ...,  0.99531395,
          0.99084072,  0.97729356],
        ...,
        [-0.99937308, -0.99865657, -0.99531395, ...,  0.        ,
         -0.03859258, -0.11639642],
        [-0.99999491, -0.99591283, -0.99084072, ...,  0.03859258,
          0.        , -0.07797944],
        [-0.99670108, -0.98583717, -0.97729356, ...,  0.11639642,
          0.07797944,  0.        ]],

       [[ 0.        ,  0.36403415,  0.58846717, ...,  0.69539372,
          0.79960868,  0.84300985],
        [-0.36403415,  0.        ,  0.25376056, ...,  0.90928518,
          0.96335431,  0.98098052],
        [-0.58846717, -0.25376056,  0.        , ...,  0.98513005,
          0.99988763,  0.99812665],
        ...,
        [-0.69539372, -0.90928518, -0.98513005, ...,  0.        ,
         -0.15702313, -0.23176032],
        [-0.79960868, -0.96335431, -0.99988763, ...,  0.15702313,
          0.        , -0.07613747],
        [-0.84300985, -0.98098052, -0.99812665, ...,  0.23176032,
          0.07613747,  0.        ]]]), 'num': array([ 7.06574823e-01,  7.06574823e-01,  0.00000000e+00,  4.59273635e-03,
        4.67732629e-03,  4.58278459e-03,  3.63965648e-02, -4.47829113e-05,
        4.65543242e-03,  4.83406648e-03,  4.84161323e-03,  4.12287120e-06,
        5.09491837e-03,  4.57321460e-03])}
{'img': array([[[ 0.00000000e+00,  2.77296777e-01,  3.24236155e-02, ...,
          2.14250202e-01,  3.87224398e-01,  2.14250202e-01],
        [-2.77296777e-01,  0.00000000e+00, -2.45998878e-01, ...,
         -6.50093836e-02,  1.16375519e-01, -6.50093836e-02],
        [-3.24236155e-02,  2.45998878e-01,  0.00000000e+00, ...,
          1.82466852e-01,  3.57126698e-01,  1.82466852e-01],
        ...,
        [-2.14250202e-01,  6.50093836e-02, -1.82466852e-01, ...,
          0.00000000e+00,  1.80697008e-01,  0.00000000e+00],
        [-3.87224398e-01, -1.16375519e-01, -3.57126698e-01, ...,
         -1.80697008e-01,  0.00000000e+00, -1.80697008e-01],
        [-2.14250202e-01,  6.50093836e-02, -1.82466852e-01, ...,
          0.00000000e+00,  1.80697008e-01,  0.00000000e+00]],

       [[ 0.00000000e+00, -2.42387101e-01, -4.37455849e-01, ...,
          3.13894285e-01, -2.18678975e-01, -4.36940213e-01],
        [ 2.42387101e-01,  0.00000000e+00, -2.06446599e-01, ...,
          5.34670195e-01,  2.43626867e-02, -2.05885583e-01],
        [ 4.37455849e-01,  2.06446599e-01,  0.00000000e+00, ...,
          6.97612191e-01,  2.30223185e-01,  5.73332441e-04],
        ...,
        [-3.13894285e-01, -5.34670195e-01, -6.97612191e-01, ...,
          0.00000000e+00, -5.13923546e-01, -6.97201298e-01],
        [ 2.18678975e-01, -2.43626867e-02, -2.30223185e-01, ...,
          5.13923546e-01,  0.00000000e+00, -2.29665216e-01],
        [ 4.36940213e-01,  2.05885583e-01, -5.73332441e-04, ...,
          6.97201298e-01,  2.29665216e-01,  0.00000000e+00]],

       [[ 0.00000000e+00,  4.84122918e-01,  4.72934549e-01, ...,
          9.88312878e-01,  9.43167728e-01,  8.72952691e-01],
        [-4.84122918e-01,  0.00000000e+00, -1.27417918e-02, ...,
          7.90974542e-01,  6.64389451e-01,  5.27676084e-01],
        [-4.72934549e-01,  1.27417918e-02,  0.00000000e+00, ...,
          7.98706385e-01,  6.73858559e-01,  5.38456707e-01],
        ...,
        [-9.88312878e-01, -7.90974542e-01, -7.98706385e-01, ...,
          0.00000000e+00, -1.84657675e-01, -3.49031786e-01],
        [-9.43167728e-01, -6.64389451e-01, -6.73858559e-01, ...,
          1.84657675e-01,  0.00000000e+00, -1.69984735e-01],
        [-8.72952691e-01, -5.27676084e-01, -5.38456707e-01, ...,
          3.49031786e-01,  1.69984735e-01,  0.00000000e+00]],

       ...,

       [[ 0.00000000e+00,  8.60543111e-02,  9.69676424e-02, ...,
         -6.08489308e-01, -4.03837333e-01, -4.90792969e-01],
        [-8.60543111e-02,  0.00000000e+00,  1.09591527e-02, ...,
         -6.74521522e-01, -4.81064413e-01, -5.63949422e-01],
        [-9.69676424e-02, -1.09591527e-02,  0.00000000e+00, ...,
         -6.82571666e-01, -4.90643251e-01, -5.72965725e-01],
        ...,
        [ 6.08489308e-01,  6.74521522e-01,  6.82571666e-01, ...,
          0.00000000e+00,  2.36194774e-01,  1.40687582e-01],
        [ 4.03837333e-01,  4.81064413e-01,  4.90643251e-01, ...,
         -2.36194774e-01,  0.00000000e+00, -9.71386607e-02],
        [ 4.90792969e-01,  5.63949422e-01,  5.72965725e-01, ...,
         -1.40687582e-01,  9.71386607e-02,  0.00000000e+00]],

       [[ 0.00000000e+00,  4.49915397e-02, -1.00978906e-02, ...,
          9.95912833e-01,  9.85837174e-01,  9.80529874e-01],
        [-4.49915397e-02,  0.00000000e+00, -5.50769110e-02, ...,
          9.90840722e-01,  9.77293564e-01,  9.70701971e-01],
        [ 1.00978906e-02,  5.50769110e-02,  0.00000000e+00, ...,
          9.96774094e-01,  9.87480381e-01,  9.82462804e-01],
        ...,
        [-9.95912833e-01, -9.90840722e-01, -9.96774094e-01, ...,
          0.00000000e+00, -7.79794444e-02, -1.07006317e-01],
        [-9.85837174e-01, -9.77293564e-01, -9.87480381e-01, ...,
          7.79794444e-02,  0.00000000e+00, -2.91487660e-02],
        [-9.80529874e-01, -9.70701971e-01, -9.82462804e-01, ...,
          1.07006317e-01,  2.91487660e-02,  0.00000000e+00]],

       [[ 0.00000000e+00,  4.88130551e-01,  7.10143541e-01, ...,
          8.10072635e-01,  8.53262596e-01,  9.06858040e-01],
        [-4.88130551e-01,  0.00000000e+00,  2.76120728e-01, ...,
          9.93212961e-01,  9.99253576e-01,  9.97194958e-01],
        [-7.10143541e-01, -2.76120728e-01,  0.00000000e+00, ...,
          9.86715381e-01,  9.71072149e-01,  9.37759897e-01],
        ...,
        [-8.10072635e-01, -9.93212961e-01, -9.86715381e-01, ...,
          0.00000000e+00, -7.78551793e-02, -1.90323698e-01],
        [-8.53262596e-01, -9.99253576e-01, -9.71072149e-01, ...,
          7.78551793e-02,  0.00000000e+00, -1.13313910e-01],
        [-9.06858040e-01, -9.97194958e-01, -9.37759897e-01, ...,
          1.90323698e-01,  1.13313910e-01,  0.00000000e+00]]]), 'num': array([ 7.06229389e-01,  7.06229389e-01,  0.00000000e+00,  4.47610176e-03,
        4.59546447e-03,  4.43134074e-03,  4.80116622e-02, -1.14389267e-04,
        4.58850165e-03,  4.81429612e-03,  4.83800288e-03,  2.93120996e-06,
        5.11768450e-03,  4.51090773e-03])}
{'img': array([[[ 0.00000000e+00, -1.83951800e-01, -3.41486132e-01, ...,
          9.65773411e-02, -5.16867645e-02, -7.34126852e-01],
        [ 1.83951800e-01,  0.00000000e+00, -1.62764891e-01, ...,
          2.78021189e-01,  1.32901177e-01, -5.96693628e-01],
        [ 3.41486132e-01,  1.62764891e-01,  0.00000000e+00, ...,
          4.30661619e-01,  2.92449975e-01, -4.58122847e-01],
        ...,
        [-9.65773411e-02, -2.78021189e-01, -4.30661619e-01, ...,
          0.00000000e+00, -1.47893404e-01, -7.96272370e-01],
        [ 5.16867645e-02, -1.32901177e-01, -2.92449975e-01, ...,
          1.47893404e-01,  0.00000000e+00, -6.98049627e-01],
        [ 7.34126852e-01,  5.96693628e-01,  4.58122847e-01, ...,
          7.96272370e-01,  6.98049627e-01,  0.00000000e+00]],

       [[ 0.00000000e+00, -2.06446599e-01, -2.00660571e-01, ...,
          2.43626867e-02, -2.05885583e-01,  4.69531525e-02],
        [ 2.06446599e-01,  0.00000000e+00,  5.90973102e-03, ...,
          2.30223185e-01,  5.73332441e-04,  2.52160589e-01],
        [ 2.00660571e-01, -5.90973102e-03,  0.00000000e+00, ...,
          2.24468182e-01, -5.33640762e-03,  2.46437425e-01],
        ...,
        [-2.43626867e-02, -2.30223185e-01, -2.24468182e-01, ...,
          0.00000000e+00, -2.29665216e-01,  2.26033992e-02],
        [ 2.05885583e-01, -5.73332441e-04,  5.33640762e-03, ...,
          2.29665216e-01,  0.00000000e+00,  2.51605742e-01],
        [-4.69531525e-02, -2.52160589e-01, -2.46437425e-01, ...,
         -2.26033992e-02, -2.51605742e-01,  0.00000000e+00]],

       [[ 0.00000000e+00, -1.13683487e-01,  1.27861258e-01, ...,
          8.55874654e-01,  7.41878735e-01,  5.15761347e-01],
        [ 1.13683487e-01,  0.00000000e+00,  2.39782716e-01, ...,
          9.09121236e-01,  8.13297800e-01,  6.09813991e-01],
        [-1.27861258e-01, -2.39782716e-01,  0.00000000e+00, ...,
          7.82721981e-01,  6.50054112e-01,  4.01985142e-01],
        ...,
        [-8.55874654e-01, -9.09121236e-01, -7.82721981e-01, ...,
          0.00000000e+00, -1.90205817e-01, -4.66512300e-01],
        [-7.41878735e-01, -8.13297800e-01, -6.50054112e-01, ...,
          1.90205817e-01,  0.00000000e+00, -2.89755918e-01],
        [-5.15761347e-01, -6.09813991e-01, -4.01985142e-01, ...,
          4.66512300e-01,  2.89755918e-01,  0.00000000e+00]],

       ...,

       [[ 0.00000000e+00,  1.09591527e-02,  3.32882757e-02, ...,
         -4.81064413e-01, -5.63949422e-01, -9.28906825e-01],
        [-1.09591527e-02,  0.00000000e+00,  2.23331977e-02, ...,
         -4.90643251e-01, -5.72965725e-01, -9.32909364e-01],
        [-3.32882757e-02, -2.23331977e-02,  0.00000000e+00, ...,
         -5.09981143e-01, -5.91126645e-01, -9.40719116e-01],
        ...,
        [ 4.81064413e-01,  4.90643251e-01,  5.09981143e-01, ...,
          0.00000000e+00, -9.71386607e-02, -6.36214253e-01],
        [ 5.63949422e-01,  5.72965725e-01,  5.91126645e-01, ...,
          9.71386607e-02,  0.00000000e+00, -5.58261822e-01],
        [ 9.28906825e-01,  9.32909364e-01,  9.40719116e-01, ...,
          6.36214253e-01,  5.58261822e-01,  0.00000000e+00]],

       [[ 0.00000000e+00, -5.50769110e-02, -1.95177397e-01, ...,
          9.77293564e-01,  9.70701971e-01,  9.86515529e-01],
        [ 5.50769110e-02,  0.00000000e+00, -1.40863470e-01, ...,
          9.87480381e-01,  9.82462804e-01,  9.94032423e-01],
        [ 1.95177397e-01,  1.40863470e-01,  0.00000000e+00, ...,
          9.99854312e-01,  9.98931915e-01,  9.99487052e-01],
        ...,
        [-9.77293564e-01, -9.87480381e-01, -9.99854312e-01, ...,
          0.00000000e+00, -2.91487660e-02,  4.90812091e-02],
        [-9.70701971e-01, -9.82462804e-01, -9.98931915e-01, ...,
          2.91487660e-02,  0.00000000e+00,  7.81739893e-02],
        [-9.86515529e-01, -9.94032423e-01, -9.99487052e-01, ...,
         -4.90812091e-02, -7.81739893e-02,  0.00000000e+00]],

       [[ 0.00000000e+00,  5.72614885e-01,  7.84159464e-01, ...,
          8.72299120e-01,  9.24108303e-01,  9.81390171e-01],
        [-5.72614885e-01,  0.00000000e+00,  2.87531598e-01, ...,
          9.95125194e-01,  9.76420324e-01,  9.14523670e-01],
        [-7.84159464e-01, -2.87531598e-01,  0.00000000e+00, ...,
          9.24745920e-01,  8.73115445e-01,  7.59588543e-01],
        ...,
        [-8.72299120e-01, -9.95125194e-01, -9.24745920e-01, ...,
          0.00000000e+00, -1.18531437e-01, -3.12370314e-01],
        [-9.24108303e-01, -9.76420324e-01, -8.73115445e-01, ...,
          1.18531437e-01,  0.00000000e+00, -1.97568024e-01],
        [-9.81390171e-01, -9.14523670e-01, -7.59588543e-01, ...,
          3.12370314e-01,  1.97568024e-01,  0.00000000e+00]]]), 'num': array([7.06849467e-01, 7.06849467e-01, 0.00000000e+00, 4.49496528e-03,
       4.54474341e-03, 4.47007621e-03, 2.35200676e-02, 1.49334395e-05,
       4.56067241e-03, 4.80184746e-03, 4.84034254e-03, 1.83539479e-06,
       5.13652942e-03, 4.46716549e-03])}
{'img': array([[[ 0.00000000e+00, -1.62764891e-01,  7.85999172e-02, ...,
          1.32901177e-01, -5.96693628e-01, -3.58221142e-01],
        [ 1.62764891e-01,  0.00000000e+00,  2.39813114e-01, ...,
          2.92449975e-01, -4.58122847e-01, -2.01480935e-01],
        [-7.85999172e-02, -2.39813114e-01,  0.00000000e+00, ...,
          5.45873318e-02, -6.57921610e-01, -4.30496665e-01],
        ...,
        [-1.32901177e-01, -2.92449975e-01, -5.45873318e-02, ...,
          0.00000000e+00, -6.98049627e-01, -4.79124893e-01],
        [ 5.96693628e-01,  4.58122847e-01,  6.57921610e-01, ...,
          6.98049627e-01,  0.00000000e+00,  2.69633700e-01],
        [ 3.58221142e-01,  2.01480935e-01,  4.30496665e-01, ...,
          4.79124893e-01, -2.69633700e-01,  0.00000000e+00]],

       [[ 0.00000000e+00,  5.90973102e-03,  5.35043917e-01, ...,
          5.73332441e-04,  2.52160589e-01, -3.44417623e-01],
        [-5.90973102e-03,  0.00000000e+00,  5.30041890e-01, ...,
         -5.33640762e-03,  2.46437425e-01, -3.49959761e-01],
        [-5.35043917e-01, -5.30041890e-01,  0.00000000e+00, ...,
         -5.34559464e-01, -3.04722809e-01, -7.93280439e-01],
        ...,
        [-5.73332441e-04,  5.33640762e-03,  5.34559464e-01, ...,
          0.00000000e+00,  2.51605742e-01, -3.44955820e-01],
        [-2.52160589e-01, -2.46437425e-01,  3.04722809e-01, ...,
         -2.51605742e-01,  0.00000000e+00, -5.70020438e-01],
        [ 3.44417623e-01,  3.49959761e-01,  7.93280439e-01, ...,
          3.44955820e-01,  5.70020438e-01,  0.00000000e+00]],

       [[ 0.00000000e+00,  2.39782716e-01,  4.74853551e-01, ...,
          8.13297800e-01,  6.09813991e-01,  4.43504217e-01],
        [-2.39782716e-01,  0.00000000e+00,  2.49976114e-01, ...,
          6.50054112e-01,  4.01985142e-01,  2.15655079e-01],
        [-4.74853551e-01, -2.49976114e-01,  0.00000000e+00, ...,
          4.39462367e-01,  1.60333242e-01, -3.52856143e-02],
        ...,
        [-8.13297800e-01, -6.50054112e-01, -4.39462367e-01, ...,
          0.00000000e+00, -2.89755918e-01, -4.70884392e-01],
        [-6.09813991e-01, -4.01985142e-01, -1.60333242e-01, ...,
          2.89755918e-01,  0.00000000e+00, -1.95062520e-01],
        [-4.43504217e-01, -2.15655079e-01,  3.52856143e-02, ...,
          4.70884392e-01,  1.95062520e-01,  0.00000000e+00]],

       ...,

       [[ 0.00000000e+00,  2.04044976e-02, -5.82879775e-02, ...,
         -5.14794379e-01, -8.38920169e-01, -9.49343466e-01],
        [-2.04044976e-02,  0.00000000e+00, -7.86456483e-02, ...,
         -5.32180257e-01, -8.49850751e-01, -9.42733903e-01],
        [ 5.82879775e-02,  7.86456483e-02,  0.00000000e+00, ...,
         -4.63948051e-01, -8.05770352e-01, -9.66045835e-01],
        ...,
        [ 5.14794379e-01,  5.32180257e-01,  4.63948051e-01, ...,
          0.00000000e+00, -4.39038586e-01, -9.75654296e-01],
        [ 8.38920169e-01,  8.49850751e-01,  8.05770352e-01, ...,
          4.39038586e-01,  0.00000000e+00, -7.80306994e-01],
        [ 9.49343466e-01,  9.42733903e-01,  9.66045835e-01, ...,
          9.75654296e-01,  7.80306994e-01,  0.00000000e+00]],

       [[ 0.00000000e+00, -1.40863470e-01, -5.27983488e-01, ...,
          9.82462804e-01,  9.94032423e-01,  9.97979995e-01],
        [ 1.40863470e-01,  0.00000000e+00, -4.03090026e-01, ...,
          9.98931915e-01,  9.99487052e-01,  9.96978078e-01],
        [ 5.27983488e-01,  4.03090026e-01,  0.00000000e+00, ...,
          9.32808194e-01,  9.01781736e-01,  8.81081379e-01],
        ...,
        [-9.82462804e-01, -9.98931915e-01, -9.32808194e-01, ...,
          0.00000000e+00,  7.81739893e-02,  1.23667189e-01],
        [-9.94032423e-01, -9.99487052e-01, -9.01781736e-01, ...,
         -7.81739893e-02,  0.00000000e+00,  4.57148282e-02],
        [-9.97979995e-01, -9.96978078e-01, -8.81081379e-01, ...,
         -1.23667189e-01, -4.57148282e-02,  0.00000000e+00]],

       [[ 0.00000000e+00,  6.24523238e-01,  8.50023278e-01, ...,
          9.47093691e-01,  9.93704939e-01,  9.98555131e-01],
        [-6.24523238e-01,  0.00000000e+00,  3.34908900e-01, ...,
          9.40131314e-01,  8.46054450e-01,  7.46317857e-01],
        [-8.50023278e-01, -3.34908900e-01,  0.00000000e+00, ...,
          7.71698097e-01,  6.18656481e-01,  4.80306467e-01],
        ...,
        [-9.47093691e-01, -9.40131314e-01, -7.71698097e-01, ...,
          0.00000000e+00, -2.12834831e-01, -3.71387323e-01],
        [-9.93704939e-01, -8.46054450e-01, -6.18656481e-01, ...,
          2.12834831e-01,  0.00000000e+00, -1.65265703e-01],
        [-9.98555131e-01, -7.46317857e-01, -4.80306467e-01, ...,
          3.71387323e-01,  1.65265703e-01,  0.00000000e+00]]]), 'num': array([ 7.85225421e-01,  6.17961088e-01,  3.77571858e-06,  4.91953920e-03,
        5.04724733e-03,  4.90843415e-03,  3.64865454e-02, -9.43929644e-05,
        5.04613683e-03,  5.32792759e-03,  5.39640876e-03,  2.10613105e-06,
        5.74137990e-03,  4.91447528e-03])}
{'img': array([[[ 0.        ,  0.16956419,  0.66582078, ..., -0.16712768,
         -0.10749321, -0.67410409],
        [-0.16956419,  0.        ,  0.5296653 , ..., -0.33188685,
         -0.27451832, -0.78958876],
        [-0.66582078, -0.5296653 ,  0.        , ..., -0.78115211,
         -0.74216484, -0.9947564 ],
        ...,
        [ 0.16712768,  0.33188685,  0.78115211, ...,  0.        ,
          0.06017797, -0.5411764 ],
        [ 0.10749321,  0.27451832,  0.74216484, ..., -0.06017797,
          0.        , -0.59079982],
        [ 0.67410409,  0.78958876,  0.9947564 , ...,  0.5411764 ,
          0.59079982,  0.        ]],

       [[ 0.        ,  0.53004189,  0.99718082, ...,  0.24643743,
         -0.34995976, -0.09504503],
        [-0.53004189,  0.        ,  0.80580861, ..., -0.30472281,
         -0.79328044, -0.60823785],
        [-0.99718082, -0.80580861,  0.        , ..., -0.94793477,
         -0.96038343, -0.99979836],
        ...,
        [-0.24643743,  0.30472281,  0.94793477, ...,  0.        ,
         -0.57002044, -0.33743551],
        [ 0.34995976,  0.79328044,  0.96038343, ...,  0.57002044,
          0.        ,  0.25934065],
        [ 0.09504503,  0.60823785,  0.99979836, ...,  0.33743551,
         -0.25934065,  0.        ]],

       [[ 0.        ,  0.22266897,  0.46915872, ...,  0.3689829 ,
          0.19040307, -0.29665756],
        [-0.22266897,  0.        ,  0.26073801, ...,  0.15276265,
         -0.03297264, -0.501855  ],
        [-0.46915872, -0.26073801,  0.        , ..., -0.11019917,
         -0.29242834, -0.71002143],
        ...,
        [-0.3689829 , -0.15276265,  0.11019917, ...,  0.        ,
         -0.18526522, -0.628097  ],
        [-0.19040307,  0.03297264,  0.29242834, ...,  0.18526522,
          0.        , -0.47306237],
        [ 0.29665756,  0.501855  ,  0.71002143, ...,  0.628097  ,
          0.47306237,  0.        ]],

       ...,

       [[ 0.        , -0.07864565,  0.46896551, ..., -0.84985075,
         -0.9427339 , -0.98875506],
        [ 0.07864565,  0.        ,  0.53697408, ..., -0.80577035,
         -0.96604584, -0.99745352],
        [-0.46896551, -0.53697408,  0.        , ..., -0.997758  ,
         -0.67621665, -0.80315376],
        ...,
        [ 0.84985075,  0.80577035,  0.997758  , ...,  0.        ,
         -0.78030699, -0.64818722],
        [ 0.9427339 ,  0.96604584,  0.67621665, ...,  0.78030699,
          0.        ,  0.18881483],
        [ 0.98875506,  0.99745352,  0.80315376, ...,  0.64818722,
         -0.18881483,  0.        ]],

       [[ 0.        , -0.40309003,  0.24453233, ...,  0.99948705,
          0.99697808,  0.99370862],
        [ 0.40309003,  0.        ,  0.61463896, ...,  0.90178174,
          0.88108138,  0.86425812],
        [-0.24453233, -0.61463896,  0.        , ...,  0.97697504,
          0.98570707,  0.99092748],
        ...,
        [-0.99948705, -0.90178174, -0.97697504, ...,  0.        ,
          0.04571483,  0.08011483],
        [-0.99697808, -0.88108138, -0.98570707, ..., -0.04571483,
          0.        ,  0.03446319],
        [-0.99370862, -0.86425812, -0.99092748, ..., -0.08011483,
         -0.03446319,  0.        ]],

       [[ 0.        ,  0.6996612 ,  0.54344504, ...,  0.99999596,
          0.98305608,  0.90624254],
        [-0.6996612 ,  0.        , -0.19904914, ...,  0.71646134,
          0.57411732,  0.35169996],
        [-0.54344504,  0.19904914,  0.        , ...,  0.84098661,
          0.72560502,  0.53099472],
        ...,
        [-0.99999596, -0.71646134, -0.84098661, ...,  0.        ,
         -0.18609961, -0.4253333 ],
        [-0.98305608, -0.57411732, -0.72560502, ...,  0.18609961,
          0.        , -0.24947611],
        [-0.90624254, -0.35169996, -0.53099472, ...,  0.4253333 ,
          0.24947611,  0.        ]]]), 'num': array([ 7.41526370e-01,  6.68997369e-01,  1.68280745e-06,  4.53306258e-03,
        4.68030823e-03,  4.52254503e-03,  4.89296251e-02, -1.26210559e-04,
        4.70555034e-03,  5.01686972e-03,  5.10679475e-03,  1.08605101e-06,
        5.46582238e-03,  4.56791706e-03])}
{'img': array([[[ 0.        ,  0.44703668,  0.43806647, ..., -0.19632986,
         -0.41675063, -0.9075241 ],
        [-0.44703668,  0.        , -0.010003  , ..., -0.61395654,
         -0.77915562, -0.9995499 ],
        [-0.43806647,  0.010003  ,  0.        , ..., -0.60603005,
         -0.77284645, -0.99979998],
        ...,
        [ 0.19632986,  0.61395654,  0.60603005, ...,  0.        ,
         -0.23017185, -0.80740324],
        [ 0.41675063,  0.77915562,  0.77284645, ...,  0.23017185,
          0.        , -0.64992307],
        [ 0.9075241 ,  0.9995499 ,  0.99979998, ...,  0.80740324,
          0.64992307,  0.        ]],

       [[ 0.        ,  0.80580861,  0.13697121, ..., -0.79328044,
         -0.60823785, -0.33887826],
        [-0.80580861,  0.        , -0.71710281, ..., -0.96038343,
         -0.99979836, -0.95880469],
        [-0.13697121,  0.71710281,  0.        , ..., -0.8691996 ,
         -0.71122679, -0.464551  ],
        ...,
        [ 0.79328044,  0.96038343,  0.8691996 , ...,  0.        ,
          0.25934065,  0.54001401],
        [ 0.60823785,  0.99979836,  0.71122679, ..., -0.25934065,
          0.        ,  0.3032623 ],
        [ 0.33887826,  0.95880469,  0.464551  , ..., -0.54001401,
         -0.3032623 ,  0.        ]],

       [[ 0.        ,  0.18101047,  0.30231167, ..., -0.01979759,
         -0.17974048, -0.73662577],
        [-0.18101047,  0.        ,  0.12477701, ..., -0.20044555,
         -0.35483392, -0.84687506],
        [-0.30231167, -0.12477701,  0.        , ..., -0.32112367,
         -0.46871851, -0.90661197],
        ...,
        [ 0.01979759,  0.20044555,  0.32112367, ...,  0.        ,
         -0.16023009, -0.72309228],
        [ 0.17974048,  0.35483392,  0.46871851, ...,  0.16023009,
          0.        , -0.60307054],
        [ 0.73662577,  0.84687506,  0.90661197, ...,  0.72309228,
          0.60307054,  0.        ]],

       ...,

       [[ 0.        ,  0.49777586,  0.46782904, ..., -0.9376337 ,
         -0.92905524, -0.93745039],
        [-0.49777586,  0.        , -0.03419295, ..., -0.98625433,
         -0.98992263, -0.63977088],
        [-0.46782904,  0.03419295,  0.        , ..., -0.99132747,
