state_0,state_1,state_2,state_3,state_4,state_5,state_6,state_7,state_8,state_9,state_10,state_11,state_12,state_13,state_14,state_15,state_16,state_17,state_18,state_19,state_20,state_21,state_22,state_23,state_24,state_25,state_26,state_27,state_28,state_29,state_30,state_31,state_32,state_33,state_34,state_35,state_36,state_37,state_38,state_39,state_40,state_41,state_42,state_43,state_44,state_45,state_46,state_47,state_48,state_49,state_50,state_51,state_52,state_53,state_54,state_55,state_56,state_57,state_58,state_59,state_60,state_61,state_62,state_63,state_64,state_65,state_66,state_67,state_68,state_69,state_70,state_71,state_72,state_73,state_74,state_75,state_76,state_77,state_78,state_79,state_80,state_81,state_82,state_83,state_84,state_85,state_86,state_87,state_88,state_89,state_90,state_91,state_92,state_93,state_94,state_95,state_96,state_97,state_98,state_99,state_100,state_101,state_102,state_103,state_104,state_105,state_106,state_107,state_108,state_109,state_110,state_111,state_112,state_113,state_114,state_115,state_116,state_117,state_118,state_119,state_120,state_121,state_122,state_123,state_124,state_125,state_126,state_127,state_128,state_129,state_130,state_131,state_132,state_133,state_134,state_135,state_136,state_137,state_138,state_139,state_140,state_141,state_142,state_143,state_144,state_145,state_146,state_147,state_148,state_149,state_150,state_151,state_152,state_153,state_154,state_155,state_156,state_157,state_158,state_159,state_160,state_161,state_162,state_163,state_164,state_165,state_166,state_167,state_168,state_169,state_170,state_171,state_172,state_173,state_174,state_175,state_176,state_177,state_178,state_179,state_180,state_181,state_182,state_183,state_184,state_185,state_186,state_187,state_188,state_189,state_190,state_191,state_192,state_193,state_194,state_195,state_196,state_197,state_198,state_199,state_200,state_201,state_202,state_203,state_204,state_205,state_206,state_207,state_208,state_209,state_210,state_211,state_212,state_213,state_214,state_215,state_216,state_217,state_218,state_219,state_220,state_221,state_222,state_223,state_224,state_225,state_226,state_227,state_228,state_229,state_230,state_231,state_232,state_233,state_234,state_235,state_236,state_237,state_238,state_239,state_240,state_241,state_242,state_243,state_244,state_245,state_246,state_247,state_248,state_249,state_250,state_251,state_252,state_253,state_254,state_255,state_256,state_257,state_258,state_259,state_260,state_261,state_262,state_263,state_264,state_265,state_266,state_267,state_268,state_269,state_270,state_271,state_272,state_273,state_274,state_275,state_276,state_277,state_278,state_279,state_280,state_281,state_282,state_283,state_284,state_285,state_286,state_287
{'img': array([[[ 0.        ,  0.13123851, -0.26079028, ...,  0.26119444,
          0.36052399, -0.08942261],
        [-0.13123851,  0.        , -0.38523172, ...,  0.1322526 ,
          0.23499305, -0.21936192],
        [ 0.26079028,  0.38523172,  0.        , ...,  0.50389319,
          0.59130035,  0.17341731],
        ...,
        [-0.26119444, -0.1322526 , -0.50389319, ...,  0.        ,
          0.10437974, -0.34646645],
        [-0.36052399, -0.23499305, -0.59130035, ..., -0.10437974,
          0.        , -0.44248859],
        [ 0.08942261,  0.21936192, -0.17341731, ...,  0.34646645,
          0.44248859,  0.        ]],

       [[ 0.        ,  0.10220778,  0.1296577 , ...,  0.0972892 ,
          0.08820773,  0.31241053],
        [-0.10220778,  0.        ,  0.02763366, ..., -0.00494322,
         -0.01406359,  0.21368246],
        [-0.1296577 , -0.02763366,  0.        , ..., -0.03257465,
         -0.04168915,  0.18660545],
        ...,
        [-0.0972892 ,  0.00494322,  0.03257465, ...,  0.        ,
         -0.00912069,  0.2185089 ],
        [-0.08820773,  0.01406359,  0.04168915, ...,  0.00912069,
          0.        ,  0.2274001 ],
        [-0.31241053, -0.21368246, -0.18660545, ..., -0.2185089 ,
         -0.2274001 ,  0.        ]],

       [[ 0.        ,  0.22488324,  0.27532563, ...,  0.68273333,
          0.8588369 ,  0.9617649 ],
        [-0.22488324,  0.        ,  0.05208162, ...,  0.50093069,
          0.72164216,  0.87553976],
        [-0.27532563, -0.05208162,  0.        , ...,  0.45517486,
          0.68460842,  0.84918848],
        ...,
        [-0.68273333, -0.50093069, -0.45517486, ...,  0.        ,
          0.27779478,  0.51574594],
        [-0.8588369 , -0.72164216, -0.68460842, ..., -0.27779478,
          0.        ,  0.25744807],
        [-0.9617649 , -0.87553976, -0.84918848, ..., -0.51574594,
         -0.25744807,  0.        ]],

       ...,

       [[ 0.        ,  0.37151627,  0.39959678, ...,  0.68842847,
          0.7879726 ,  0.74606525],
        [-0.37151627,  0.        ,  0.03043059, ...,  0.36969287,
          0.5028282 ,  0.44528412],
        [-0.39959678, -0.03043059,  0.        , ...,  0.34124696,
          0.47629155,  0.41783067],
        ...,
        [-0.68842847, -0.36969287, -0.34124696, ...,  0.        ,
          0.14764736,  0.08271847],
        [-0.7879726 , -0.5028282 , -0.47629155, ..., -0.14764736,
          0.        , -0.06532949],
        [-0.74606525, -0.44528412, -0.41783067, ..., -0.08271847,
          0.06532949,  0.        ]],

       [[ 0.        ,  0.01928315, -0.03605332, ..., -0.16725337,
         -0.03383853, -0.00994072],
        [-0.01928315,  0.        , -0.05531723, ..., -0.1862338 ,
         -0.05310435, -0.02922107],
        [ 0.03605332,  0.05531723,  0.        , ..., -0.13159916,
          0.00221614,  0.02611728],
        ...,
        [ 0.16725337,  0.1862338 ,  0.13159916, ...,  0.        ,
          0.13379571,  0.15744441],
        [ 0.03383853,  0.05310435, -0.00221614, ..., -0.13379571,
          0.        ,  0.02390183],
        [ 0.00994072,  0.02922107, -0.02611728, ..., -0.15744441,
         -0.02390183,  0.        ]],

       [[ 0.        , -0.01254498, -0.03217787, ..., -0.53053447,
         -0.5892788 , -0.58816143],
        [ 0.01254498,  0.        , -0.01963685, ..., -0.5198588 ,
         -0.57909697, -0.57796947],
        [ 0.03217787,  0.01963685,  0.        , ..., -0.50298374,
         -0.5629762 , -0.56183321],
        ...,
        [ 0.53053447,  0.5198588 ,  0.50298374, ...,  0.        ,
         -0.07087547, -0.06949656],
        [ 0.5892788 ,  0.57909697,  0.5629762 , ...,  0.07087547,
          0.        ,  0.00138232],
        [ 0.58816143,  0.57796947,  0.56183321, ...,  0.06949656,
         -0.00138232,  0.        ]]]), 'num': array([ 9.99947173e-01,  7.16071620e-03,  3.93962880e-07,  2.62641920e-03,
        2.63163035e-03,  2.56492764e-03,  3.46324638e-04, -3.12668952e-06,
        2.68019826e-03,  2.58879470e-03,  2.55351522e-03,  6.16595138e-08,
        2.73487488e-03,  2.44271452e-03])}
{'img': array([[[ 0.        , -0.38523172, -0.36134954, ...,  0.23499305,
         -0.21936192, -0.23528476],
        [ 0.38523172,  0.        ,  0.02574124, ...,  0.59130035,
          0.17341731,  0.15729146],
        [ 0.36134954, -0.02574124,  0.        , ...,  0.57034535,
          0.14800862,  0.13181851],
        ...,
        [-0.23499305, -0.59130035, -0.57034535, ...,  0.        ,
         -0.44248859, -0.45709206],
        [ 0.21936192, -0.17341731, -0.14800862, ...,  0.44248859,
          0.        , -0.01635041],
        [ 0.23528476, -0.15729146, -0.13181851, ...,  0.45709206,
          0.01635041,  0.        ]],

       [[ 0.        ,  0.02763366,  0.54887586, ..., -0.01406359,
          0.21368246,  0.25282367],
        [-0.02763366,  0.        ,  0.57176534, ..., -0.04168915,
          0.18660545,  0.22599121],
        [-0.54887586, -0.57176534,  0.        , ..., -0.53706576,
         -0.71481657, -0.74238047],
        ...,
        [ 0.01406359,  0.04168915,  0.53706576, ...,  0.        ,
          0.2274001 ,  0.26640536],
        [-0.21368246, -0.18660545,  0.71481657, ..., -0.2274001 ,
          0.        ,  0.04024381],
        [-0.25282367, -0.22599121,  0.74238047, ..., -0.26640536,
         -0.04024381,  0.        ]],

       [[ 0.        ,  0.05208162,  0.09895736, ...,  0.72164216,
          0.87553976,  0.64212192],
        [-0.05208162,  0.        ,  0.04699707, ...,  0.68460842,
          0.84918848,  0.60132454],
        [-0.09895736, -0.04699707,  0.        , ...,  0.64959527,
          0.82343147,  0.56310921],
        ...,
        [-0.72164216, -0.68460842, -0.64959527, ...,  0.        ,
          0.25744807, -0.10869337],
        [-0.87553976, -0.84918848, -0.82343147, ..., -0.25744807,
          0.        , -0.36095232],
        [-0.64212192, -0.60132454, -0.56310921, ...,  0.10869337,
          0.36095232,  0.        ]],

       ...,

       [[ 0.        ,  0.03043059,  0.19065997, ...,  0.5028282 ,
          0.44528412,  0.17495645],
        [-0.03043059,  0.        ,  0.16069929, ...,  0.47629155,
          0.41783067,  0.14491418],
        [-0.19065997, -0.16069929,  0.        , ...,  0.32880052,
          0.26640099, -0.01597219],
        ...,
        [-0.5028282 , -0.47629155, -0.32880052, ...,  0.        ,
         -0.06532949, -0.3438427 ],
        [-0.44528412, -0.41783067, -0.26640099, ...,  0.06532949,
          0.        , -0.281762  ],
        [-0.17495645, -0.14491418,  0.01597219, ...,  0.3438427 ,
          0.281762  ,  0.        ]],

       [[ 0.        , -0.05531723, -0.16146752, ..., -0.05310435,
         -0.02922107,  0.01041975],
        [ 0.05531723,  0.        , -0.10662893, ...,  0.00221614,
          0.02611728,  0.06571802],
        [ 0.16146752,  0.10662893,  0.        , ...,  0.10883217,
          0.13256094,  0.17174178],
        ...,
        [ 0.05310435, -0.00221614, -0.10883217, ...,  0.        ,
          0.02390183,  0.06350651],
        [ 0.02922107, -0.02611728, -0.13256094, ..., -0.02390183,
          0.        ,  0.03963478],
        [-0.01041975, -0.06571802, -0.17174178, ..., -0.06350651,
         -0.03963478,  0.        ]],

       [[ 0.        , -0.01963685,  0.02964305, ..., -0.57909697,
         -0.57796947, -0.52509201],
        [ 0.01963685,  0.        ,  0.04926555, ..., -0.5629762 ,
         -0.56183321, -0.5082789 ],
        [-0.02964305, -0.04926555,  0.        , ..., -0.60300924,
         -0.60190594, -0.55008883],
        ...,
        [ 0.57909697,  0.5629762 ,  0.60300924, ...,  0.        ,
          0.00138232,  0.06475204],
        [ 0.57796947,  0.56183321,  0.60190594, ..., -0.00138232,
          0.        ,  0.06337256],
        [ 0.52509201,  0.5082789 ,  0.55008883, ..., -0.06475204,
         -0.06337256,  0.        ]]]), 'num': array([7.75350930e-01, 5.51668309e-01, 8.58007750e-08, 1.11841310e-01,
       1.11884211e-01, 1.08108976e-01, 1.54840798e-02, 3.73233371e-03,
       1.10048074e-01, 1.06892750e-01, 1.05140985e-01, 2.91197659e-06,
       1.13289385e-01, 1.00496116e-01])}
{'img': array([[[ 0.        ,  0.02574124,  0.00513381, ...,  0.17341731,
          0.15729146,  0.67038358],
        [-0.02574124,  0.        , -0.02060879, ...,  0.14800862,
          0.13181851,  0.65106106],
        [-0.00513381,  0.02060879,  0.        , ...,  0.168359  ,
          0.15221947,  0.66656538],
        ...,
        [-0.17341731, -0.14800862, -0.168359  , ...,  0.        ,
         -0.01635041,  0.53154802],
        [-0.15729146, -0.13181851, -0.15221947, ...,  0.01635041,
          0.        ,  0.54532622],
        [-0.67038358, -0.65106106, -0.66656538, ..., -0.53154802,
         -0.54532622,  0.        ]],

       [[ 0.        ,  0.57176534,  0.62100024, ...,  0.18660545,
          0.22599121,  0.28892763],
        [-0.57176534,  0.        , -0.95763489, ..., -0.71481657,
         -0.74238047, -0.78442129],
        [-0.62100024,  0.95763489,  0.        , ..., -0.46382904,
         -0.4278003 , -0.36805069],
        ...,
        [-0.18660545,  0.71481657,  0.46382904, ...,  0.        ,
          0.04024381,  0.1052057 ],
        [-0.22599121,  0.74238047,  0.4278003 , ..., -0.04024381,
          0.        ,  0.06509999],
        [-0.28892763,  0.78442129,  0.36805069, ..., -0.1052057 ,
         -0.06509999,  0.        ]],

       [[ 0.        ,  0.04699707,  0.00995436, ...,  0.84918848,
          0.60132454,  0.51056905],
        [-0.04699707,  0.        , -0.03705137, ...,  0.82343147,
          0.56310921,  0.46959508],
        [-0.00995436,  0.03705137,  0.        , ...,  0.84388961,
          0.59334117,  0.50198463],
        ...,
        [-0.84918848, -0.82343147, -0.84388961, ...,  0.        ,
         -0.36095232, -0.46053711],
        [-0.60132454, -0.56310921, -0.59334117, ...,  0.36095232,
          0.        , -0.10909378],
        [-0.51056905, -0.46959508, -0.50198463, ...,  0.46053711,
          0.10909378,  0.        ]],

       ...,

       [[ 0.        ,  0.16069929,  0.15047646, ...,  0.41783067,
          0.14491418,  0.47682764],
        [-0.16069929,  0.        , -0.01034872, ...,  0.26640099,
         -0.01597219,  0.32937634],
        [-0.15047646,  0.01034872,  0.        , ...,  0.27636146,
         -0.00562394,  0.33912995],
        ...,
        [-0.41783067, -0.26640099, -0.27636146, ...,  0.        ,
         -0.281762  ,  0.06593796],
        [-0.14491418,  0.01597219,  0.00562394, ...,  0.281762  ,
          0.        ,  0.34441525],
        [-0.47682764, -0.32937634, -0.33912995, ..., -0.06593796,
         -0.34441525,  0.        ]],

       [[ 0.        , -0.10662893, -0.17055671, ...,  0.02611728,
          0.06571802,  0.25584636],
        [ 0.10662893,  0.        , -0.06451776, ...,  0.13256094,
          0.17174178,  0.35746779],
        [ 0.17055671,  0.06451776,  0.        , ...,  0.19623313,
          0.23494312,  0.41697781],
        ...,
        [-0.02611728, -0.13256094, -0.19623313, ...,  0.        ,
          0.03963478,  0.23051105],
        [-0.06571802, -0.17174178, -0.23494312, ..., -0.03963478,
          0.        ,  0.19176252],
        [-0.25584636, -0.35746779, -0.41697781, ..., -0.23051105,
         -0.19176252,  0.        ]],

       [[ 0.        ,  0.04926555,  0.05891317, ..., -0.56183321,
         -0.5082789 , -0.52204897],
        [-0.04926555,  0.        ,  0.00966164, ..., -0.60190594,
         -0.55008883, -0.56343441],
        [-0.05891317, -0.00966164,  0.        , ..., -0.60959332,
         -0.55813166, -0.57139018],
        ...,
        [ 0.56183321,  0.60190594,  0.60959332, ...,  0.        ,
          0.06337256,  0.04733098],
        [ 0.5082789 ,  0.55008883,  0.55813166, ..., -0.06337256,
          0.        , -0.0160657 ],
        [ 0.52204897,  0.56343441,  0.57139018, ..., -0.04733098,
          0.0160657 ,  0.        ]]]), 'num': array([8.22814500e-01, 4.63436090e-01, 1.35614494e-07, 1.19792803e-01,
       1.21239358e-01, 1.18527068e-01, 2.74038921e-02, 1.94380775e-03,
       1.16583260e-01, 1.13061804e-01, 1.10909301e-01, 3.07667864e-06,
       1.20448605e-01, 1.05675003e-01])}
{'img': array([[[ 0.        , -0.01987377, -0.51119595, ...,  0.12663942,
          0.61276102,  0.96746313],
        [ 0.01987377,  0.        , -0.49401419, ...,  0.14632817,
          0.6283456 ,  0.97230035],
        [ 0.51119595,  0.49401419,  0.        , ...,  0.61592227,
          0.93062809,  0.96083865],
        ...,
        [-0.12663942, -0.14632817, -0.61592227, ...,  0.        ,
          0.50774845,  0.92763261],
        [-0.61276102, -0.6283456 , -0.93062809, ..., -0.50774845,
          0.        ,  0.60951949],
        [-0.96746313, -0.97230035, -0.96083865, ..., -0.92763261,
         -0.60951949,  0.        ]],

       [[ 0.        , -0.95763489, -0.973042  , ..., -0.74238047,
         -0.78442129, -0.98097536],
        [ 0.95763489,  0.        ,  0.0593642 , ..., -0.4278003 ,
         -0.36805069,  0.09659847],
        [ 0.973042  , -0.0593642 ,  0.        , ..., -0.48070354,
         -0.42259876,  0.03734153],
        ...,
        [ 0.74238047,  0.4278003 ,  0.48070354, ...,  0.        ,
          0.06509999,  0.51311244],
        [ 0.78442129,  0.36805069,  0.42259876, ..., -0.06509999,
          0.        ,  0.45614728],
        [ 0.98097536, -0.09659847, -0.03734153, ..., -0.51311244,
         -0.45614728,  0.        ]],

       [[ 0.        , -0.03705137, -0.27385342, ...,  0.56310921,
          0.46959508,  0.71135513],
        [ 0.03705137,  0.        , -0.23803043, ...,  0.59334117,
          0.50198463,  0.73690761],
        [ 0.27385342,  0.23803043,  0.        , ...,  0.76789003,
          0.69342337,  0.8766342 ],
        ...,
        [-0.56310921, -0.59334117, -0.76789003, ...,  0.        ,
         -0.10909378,  0.19207982],
        [-0.46959508, -0.50198463, -0.69342337, ...,  0.10909378,
          0.        ,  0.29799577],
        [-0.71135513, -0.73690761, -0.8766342 , ..., -0.19207982,
         -0.29799577,  0.        ]],

       ...,

       [[ 0.        , -0.01034872, -0.47982972, ..., -0.01597219,
          0.32937634,  0.33706894],
        [ 0.01034872,  0.        , -0.47072446, ..., -0.00562394,
          0.33912995,  0.346794  ],
        [ 0.47982972,  0.47072446,  0.        , ...,  0.46575513,
          0.74203678,  0.74748143],
        ...,
        [ 0.01597219,  0.00562394, -0.46575513, ...,  0.        ,
          0.34441525,  0.35206344],
        [-0.32937634, -0.33912995, -0.74203678, ..., -0.34441525,
          0.        ,  0.00815883],
        [-0.33706894, -0.346794  , -0.74748143, ..., -0.35206344,
         -0.00815883,  0.        ]],

       [[ 0.        , -0.06451776, -0.21062721, ...,  0.17174178,
          0.35746779,  0.67514822],
        [ 0.06451776,  0.        , -0.14711798, ...,  0.23494312,
          0.41697781,  0.72133518],
        [ 0.21062721,  0.14711798,  0.        , ...,  0.37538671,
          0.54615864,  0.81537817],
        ...,
        [-0.17174178, -0.23494312, -0.37538671, ...,  0.        ,
          0.19176252,  0.53842603],
        [-0.35746779, -0.41697781, -0.54615864, ..., -0.19176252,
          0.        ,  0.36684052],
        [-0.67514822, -0.72133518, -0.81537817, ..., -0.53842603,
         -0.36684052,  0.        ]],

       [[ 0.        ,  0.00966164, -0.13318326, ..., -0.55008883,
         -0.56343441, -0.61514003],
        [-0.00966164,  0.        , -0.14275262, ..., -0.55813166,
         -0.57139018, -0.62272873],
        [ 0.13318326,  0.14275262,  0.        , ..., -0.43396617,
         -0.44838422, -0.50465595],
        ...,
        [ 0.55008883,  0.55813166,  0.43396617, ...,  0.        ,
         -0.0160657 , -0.08000735],
        [ 0.56343441,  0.57139018,  0.44838422, ...,  0.0160657 ,
          0.        , -0.06398282],
        [ 0.61514003,  0.62272873,  0.50465595, ...,  0.08000735,
          0.06398282,  0.        ]]]), 'num': array([8.22940162e-01, 4.63506867e-01, 1.35635206e-07, 1.19811098e-01,
       1.19811098e-01, 1.19811098e-01, 0.00000000e+00, 0.00000000e+00,
       1.17098394e-01, 1.13583182e-01, 1.11043036e-01, 3.17368651e-06,
       1.21353914e-01, 1.05812450e-01])}
{'img': array([[[ 0.00000000e+00, -4.94014193e-01, -4.45679351e-01, ...,
          6.28345605e-01,  9.72300354e-01,  9.72300354e-01],
        [ 4.94014193e-01,  0.00000000e+00,  5.47402619e-02, ...,
          9.30628091e-01,  9.60838652e-01,  9.60838652e-01],
        [ 4.45679351e-01, -5.47402619e-02,  0.00000000e+00, ...,
          9.09199641e-01,  9.74566986e-01,  9.74566986e-01],
        ...,
        [-6.28345605e-01, -9.30628091e-01, -9.09199641e-01, ...,
          0.00000000e+00,  6.09519489e-01,  6.09519489e-01],
        [-9.72300354e-01, -9.60838652e-01, -9.74566986e-01, ...,
         -6.09519489e-01,  0.00000000e+00,  0.00000000e+00],
        [-9.72300354e-01, -9.60838652e-01, -9.74566986e-01, ...,
         -6.09519489e-01,  0.00000000e+00,  0.00000000e+00]],

       [[ 0.00000000e+00,  2.29732155e-01,  9.29015398e-02, ...,
         -6.97958925e-01,  5.69838651e-01, -5.69838651e-01],
        [-2.29732155e-01,  0.00000000e+00, -1.38321848e-01, ...,
         -8.43811118e-01,  3.65813769e-01, -3.65813769e-01],
        [-9.29015398e-02,  1.38321848e-01,  0.00000000e+00, ...,
         -7.61470766e-01,  4.91031816e-01, -4.91031816e-01],
        ...,
        [ 6.97958925e-01,  8.43811118e-01,  7.61470766e-01, ...,
          0.00000000e+00,  9.81635348e-01, -9.81635348e-01],
        [-5.69838651e-01, -3.65813769e-01, -4.91031816e-01, ...,
         -9.81635348e-01,  0.00000000e+00, -0.00000000e+00],
        [ 5.69838651e-01,  3.65813769e-01,  4.91031816e-01, ...,
          9.81635348e-01,  0.00000000e+00,  0.00000000e+00]],

       [[ 0.00000000e+00, -2.26171795e-01, -4.41019069e-01, ...,
          4.51454216e-01,  6.19883085e-01,  8.71461895e-01],
        [ 2.26171795e-01,  0.00000000e+00, -2.26602457e-01, ...,
          6.41567677e-01,  7.81296012e-01,  9.59809023e-01],
        [ 4.41019069e-01,  2.26602457e-01,  0.00000000e+00, ...,
          7.98697930e-01,  9.02408761e-01,  9.98438706e-01],
        ...,
        [-4.51454216e-01, -6.41567677e-01, -7.98697930e-01, ...,
          0.00000000e+00,  1.98864637e-01,  5.56178782e-01],
        [-6.19883085e-01, -7.81296012e-01, -9.02408761e-01, ...,
         -1.98864637e-01,  0.00000000e+00,  3.79801229e-01],
        [-8.71461895e-01, -9.59809023e-01, -9.98438706e-01, ...,
         -5.56178782e-01, -3.79801229e-01,  0.00000000e+00]],

       ...,

       [[ 0.00000000e+00, -4.70724459e-01, -6.99126346e-01, ...,
          3.39129952e-01,  3.46793999e-01,  4.37800064e-01],
        [ 4.70724459e-01,  0.00000000e+00, -2.80258268e-01, ...,
          7.42036777e-01,  7.47481426e-01,  8.09477710e-01],
        [ 6.99126346e-01,  2.80258268e-01,  0.00000000e+00, ...,
          9.00173082e-01,  9.03696556e-01,  9.41591407e-01],
        ...,
        [-3.39129952e-01, -7.42036777e-01, -9.00173082e-01, ...,
          0.00000000e+00,  8.15883086e-03,  1.06953465e-01],
        [-3.46793999e-01, -7.47481426e-01, -9.03696556e-01, ...,
         -8.15883086e-03,  0.00000000e+00,  9.88378730e-02],
        [-4.37800064e-01, -8.09477710e-01, -9.41591407e-01, ...,
         -1.06953465e-01, -9.88378730e-02,  0.00000000e+00]],

       [[ 0.00000000e+00, -1.38959497e-01, -3.11285707e-01, ...,
          3.83153586e-01,  6.41984665e-01,  9.59923885e-01],
        [ 1.38959497e-01,  0.00000000e+00, -1.76210148e-01, ...,
          5.07791010e-01,  7.42298847e-01,  9.89555671e-01],
        [ 3.11285707e-01,  1.76210148e-01,  0.00000000e+00, ...,
          6.51646955e-01,  8.48756730e-01,  9.99472576e-01],
        ...,
        [-3.83153586e-01, -5.07791010e-01, -6.51646955e-01, ...,
          0.00000000e+00,  2.99220828e-01,  7.79284012e-01],
        [-6.41984665e-01, -7.42298847e-01, -8.48756730e-01, ...,
         -2.99220828e-01,  0.00000000e+00,  5.56067262e-01],
        [-9.59923885e-01, -9.89555671e-01, -9.99472576e-01, ...,
         -7.79284012e-01, -5.56067262e-01,  0.00000000e+00]],

       [[ 0.00000000e+00, -1.42752618e-01, -1.42375134e-01, ...,
         -5.71390180e-01, -6.22728731e-01, -5.94846688e-01],
        [ 1.42752618e-01,  0.00000000e+00,  3.81380133e-04, ...,
         -4.48384220e-01, -5.04655946e-01, -4.74004359e-01],
        [ 1.42375134e-01, -3.81380133e-04,  0.00000000e+00, ...,
         -4.48725081e-01, -5.04985163e-01, -4.74340138e-01],
        ...,
        [ 5.71390180e-01,  4.48384220e-01,  4.48725081e-01, ...,
          0.00000000e+00, -6.39828225e-02, -2.88720992e-02],
        [ 6.22728731e-01,  5.04655946e-01,  5.04985163e-01, ...,
          6.39828225e-02,  0.00000000e+00,  3.51432087e-02],
        [ 5.94846688e-01,  4.74004359e-01,  4.74340138e-01, ...,
          2.88720992e-02, -3.51432087e-02,  0.00000000e+00]]]), 'num': array([8.65551341e-01, 3.61481646e-01, 1.90214979e-07, 1.26017424e-01,
       1.26017424e-01, 1.26017424e-01, 0.00000000e+00, 0.00000000e+00,
       1.24372064e-01, 1.20047051e-01, 1.16921185e-01, 3.34464453e-06,
       1.28349585e-01, 1.11744517e-01])}
{'img': array([[[ 0.00000000e+00,  5.47402619e-02, -7.09465207e-02, ...,
          9.60838652e-01,  9.60838652e-01,  9.60838652e-01],
        [-5.47402619e-02,  0.00000000e+00, -1.25442469e-01, ...,
          9.74566986e-01,  9.74566986e-01,  9.74566986e-01],
        [ 7.09465207e-02,  1.25442469e-01,  0.00000000e+00, ...,
          9.38757576e-01,  9.38757576e-01,  9.38757576e-01],
        ...,
        [-9.60838652e-01, -9.74566986e-01, -9.38757576e-01, ...,
          0.00000000e+00,  0.00000000e+00,  0.00000000e+00],
        [-9.60838652e-01, -9.74566986e-01, -9.38757576e-01, ...,
          0.00000000e+00,  0.00000000e+00,  0.00000000e+00],
        [-9.60838652e-01, -9.74566986e-01, -9.38757576e-01, ...,
          0.00000000e+00,  0.00000000e+00,  0.00000000e+00]],

       [[ 0.00000000e+00, -1.38321848e-01, -7.90715600e-01, ...,
          3.65813769e-01, -3.65813769e-01, -3.65813769e-01],
        [ 1.38321848e-01,  0.00000000e+00, -6.98436338e-01, ...,
          4.91031816e-01, -4.91031816e-01, -4.91031816e-01],
        [ 7.90715600e-01,  6.98436338e-01,  0.00000000e+00, ...,
          9.59854791e-01, -9.59854791e-01, -9.59854791e-01],
        ...,
        [-3.65813769e-01, -4.91031816e-01, -9.59854791e-01, ...,
          0.00000000e+00, -0.00000000e+00, -0.00000000e+00],
        [ 3.65813769e-01,  4.91031816e-01,  9.59854791e-01, ...,
          0.00000000e+00,  0.00000000e+00,  0.00000000e+00],
        [ 3.65813769e-01,  4.91031816e-01,  9.59854791e-01, ...,
          0.00000000e+00,  0.00000000e+00,  0.00000000e+00]],

       [[ 0.00000000e+00, -2.06371378e-01, -3.50422337e-01, ...,
          6.45744748e-01,  7.30479072e-01,  9.83906626e-01],
        [ 2.06371378e-01,  0.00000000e+00, -1.49593315e-01, ...,
          7.89419834e-01,  8.55692841e-01,  9.99601929e-01],
        [ 3.50422337e-01,  1.49593315e-01,  0.00000000e+00, ...,
          8.72365381e-01,  9.23476411e-01,  9.84133520e-01],
        ...,
        [-6.45744748e-01, -7.89419834e-01, -8.72365381e-01, ...,
          0.00000000e+00,  1.16758001e-01,  6.35881344e-01],
        [-7.30479072e-01, -8.55692841e-01, -9.23476411e-01, ...,
         -1.16758001e-01,  0.00000000e+00,  5.41419878e-01],
        [-9.83906626e-01, -9.99601929e-01, -9.84133520e-01, ...,
         -6.35881344e-01, -5.41419878e-01,  0.00000000e+00]],

       ...,

       [[ 0.00000000e+00, -2.80258268e-01, -3.00231672e-01, ...,
          7.47481426e-01,  8.09477710e-01,  8.13380777e-01],
        [ 2.80258268e-01,  0.00000000e+00, -2.08708571e-02, ...,
          9.03696556e-01,  9.41591407e-01,  9.43819349e-01],
        [ 3.00231672e-01,  2.08708571e-02,  0.00000000e+00, ...,
          9.12436060e-01,  9.48414728e-01,  9.50510788e-01],
        ...,
        [-7.47481426e-01, -9.03696556e-01, -9.12436060e-01, ...,
          0.00000000e+00,  9.88378730e-02,  1.05481184e-01],
        [-8.09477710e-01, -9.41591407e-01, -9.48414728e-01, ...,
         -9.88378730e-02,  0.00000000e+00,  6.67821421e-03],
        [-8.13380777e-01, -9.43819349e-01, -9.50510788e-01, ...,
         -1.05481184e-01, -6.67821421e-03,  0.00000000e+00]],

       [[ 0.00000000e+00, -1.65401321e-01, -1.79803236e-01, ...,
          6.66540068e-01,  8.41072938e-01,  9.97174588e-01],
        [ 1.65401321e-01,  0.00000000e+00, -1.46209800e-02, ...,
          7.80660966e-01,  9.18957457e-01,  9.95864605e-01],
        [ 1.79803236e-01,  1.46209800e-02,  0.00000000e+00, ...,
          7.89714970e-01,  9.24625109e-01,  9.94429842e-01],
        ...,
        [-6.66540068e-01, -7.80660966e-01, -7.89714970e-01, ...,
          0.00000000e+00,  2.66447973e-01,  6.93293230e-01],
        [-8.41072938e-01, -9.18957457e-01, -9.24625109e-01, ...,
         -2.66447973e-01,  0.00000000e+00,  4.76212972e-01],
        [-9.97174588e-01, -9.95864605e-01, -9.94429842e-01, ...,
         -6.93293230e-01, -4.76212972e-01,  0.00000000e+00]],

       [[ 0.00000000e+00,  3.81380133e-04, -2.29625091e-01, ...,
         -5.04655946e-01, -4.74004359e-01, -3.56074480e-01],
        [-3.81380133e-04,  0.00000000e+00, -2.29996264e-01, ...,
         -5.04985163e-01, -4.74340138e-01, -3.56430837e-01],
        [ 2.29625091e-01,  2.29996264e-01,  0.00000000e+00, ...,
         -2.92931053e-01, -2.59148504e-01, -1.31984963e-01],
        ...,
        [ 5.04655946e-01,  5.04985163e-01,  2.92931053e-01, ...,
          0.00000000e+00,  3.51432087e-02,  1.64173157e-01],
        [ 4.74004359e-01,  4.74340138e-01,  2.59148504e-01, ...,
         -3.51432087e-02,  0.00000000e+00,  1.29405375e-01],
        [ 3.56074480e-01,  3.56430837e-01,  1.31984963e-01, ...,
         -1.64173157e-01, -1.29405375e-01,  0.00000000e+00]]]), 'num': array([8.65178657e-01, 3.61326001e-01, 1.90133078e-07, 1.25963164e-01,
       1.25963164e-01, 1.25963164e-01, 0.00000000e+00, 0.00000000e+00,
       1.25554378e-01, 1.20717868e-01, 1.17080780e-01, 3.32354135e-06,
       1.28432637e-01, 1.13003098e-01])}
