state_0,state_1,state_2,state_3,state_4,state_5,state_6,state_7,state_8,state_9,state_10,state_11,state_12,state_13,state_14,state_15,state_16,state_17,state_18,state_19,state_20,state_21,state_22,state_23,state_24,state_25,state_26,state_27,state_28,state_29,state_30,state_31,state_32,state_33,state_34,state_35,state_36,state_37,state_38,state_39,state_40,state_41,state_42,state_43,state_44,state_45,state_46,state_47,state_48,state_49,state_50,state_51,state_52,state_53,state_54,state_55,state_56,state_57,state_58,state_59,state_60,state_61,state_62,state_63,state_64,state_65,state_66,state_67,state_68,state_69,state_70,state_71,state_72,state_73,state_74,state_75,state_76,state_77,state_78,state_79,state_80,state_81,state_82,state_83,state_84,state_85,state_86,state_87,state_88,state_89,state_90,state_91,state_92,state_93,state_94,state_95,state_96,state_97,state_98,state_99,state_100,state_101,state_102,state_103,state_104,state_105,state_106,state_107,state_108,state_109,state_110,state_111,state_112,state_113,state_114,state_115,state_116,state_117,state_118,state_119,state_120,state_121,state_122,state_123,state_124,state_125,state_126,state_127,state_128,state_129,state_130,state_131,state_132,state_133,state_134,state_135,state_136,state_137,state_138,state_139,state_140,state_141,state_142,state_143,state_144,state_145,state_146,state_147,state_148,state_149,state_150,state_151,state_152,state_153,state_154,state_155,state_156,state_157,state_158,state_159,state_160,state_161,state_162,state_163,state_164,state_165,state_166,state_167,state_168,state_169,state_170,state_171,state_172,state_173,state_174,state_175,state_176,state_177,state_178,state_179,state_180,state_181,state_182,state_183,state_184,state_185,state_186,state_187,state_188,state_189,state_190,state_191,state_192,state_193,state_194,state_195,state_196,state_197,state_198,state_199,state_200,state_201,state_202,state_203,state_204,state_205,state_206,state_207,state_208,state_209,state_210,state_211,state_212,state_213,state_214,state_215,state_216,state_217,state_218,state_219,state_220,state_221,state_222,state_223,state_224,state_225,state_226,state_227,state_228,state_229,state_230,state_231,state_232,state_233,state_234,state_235,state_236,state_237,state_238,state_239,state_240,state_241,state_242,state_243,state_244,state_245,state_246,state_247,state_248,state_249,state_250,state_251,state_252,state_253,state_254,state_255,state_256,state_257,state_258,state_259,state_260,state_261,state_262,state_263,state_264,state_265,state_266,state_267,state_268,state_269,state_270,state_271,state_272,state_273,state_274,state_275,state_276,state_277,state_278,state_279,state_280,state_281,state_282,state_283,state_284,state_285,state_286,state_287
{'img': array([[[ 0.00000000e+00, -2.30153399e-01,  2.75550583e-02, ...,
          9.95418333e-01,  9.76075562e-01,  9.76075562e-01],
        [ 2.30153399e-01,  0.00000000e+00,  2.56881332e-01, ...,
          9.46689437e-01,  8.99829571e-01,  8.99829571e-01],
        [-2.75550583e-02, -2.56881332e-01,  0.00000000e+00, ...,
          9.97675053e-01,  9.81696274e-01,  9.81696274e-01],
        ...,
        [-9.95418333e-01, -9.46689437e-01, -9.97675053e-01, ...,
          0.00000000e+00,  1.23107342e-01,  1.23107342e-01],
        [-9.76075562e-01, -8.99829571e-01, -9.81696274e-01, ...,
         -1.23107342e-01,  0.00000000e+00,  0.00000000e+00],
        [-9.76075562e-01, -8.99829571e-01, -9.81696274e-01, ...,
         -1.23107342e-01,  0.00000000e+00,  0.00000000e+00]],

       [[ 0.00000000e+00, -5.19044538e-01, -2.89653208e-01, ...,
         -6.57093731e-01, -7.95250854e-01, -8.59506473e-01],
        [ 5.19044538e-01,  0.00000000e+00,  2.49213695e-01, ...,
         -1.70388641e-01, -3.65051839e-01, -4.69364179e-01],
        [ 2.89653208e-01, -2.49213695e-01,  0.00000000e+00, ...,
         -4.10582055e-01, -5.85548672e-01, -6.74611904e-01],
        ...,
        [ 6.57093731e-01,  1.70388641e-01,  4.10582055e-01, ...,
          0.00000000e+00, -2.01084021e-01, -3.12046671e-01],
        [ 7.95250854e-01,  3.65051839e-01,  5.85548672e-01, ...,
          2.01084021e-01,  0.00000000e+00, -1.14629557e-01],
        [ 8.59506473e-01,  4.69364179e-01,  6.74611904e-01, ...,
          3.12046671e-01,  1.14629557e-01,  0.00000000e+00]],

       [[ 0.00000000e+00,  1.30836104e-01,  2.85251432e-01, ...,
          8.84231588e-01,  8.61005296e-01,  8.45241853e-01],
        [-1.30836104e-01,  0.00000000e+00,  1.57399194e-01, ...,
          9.37737577e-01,  9.20146822e-01,  9.07892878e-01],
        [-2.85251432e-01, -1.57399194e-01,  0.00000000e+00, ...,
          9.80720486e-01,  9.70310604e-01,  9.62558143e-01],
        ...,
        [-8.84231588e-01, -9.37737577e-01, -9.80720486e-01, ...,
          0.00000000e+00,  4.75852253e-02,  7.77500552e-02],
        [-8.61005296e-01, -9.20146822e-01, -9.70310604e-01, ...,
         -4.75852253e-02,  0.00000000e+00,  3.02207992e-02],
        [-8.45241853e-01, -9.07892878e-01, -9.62558143e-01, ...,
         -7.77500552e-02, -3.02207992e-02,  0.00000000e+00]],

       ...,

       [[ 0.00000000e+00, -2.31243188e-01, -1.37927636e-01, ...,
         -3.68495664e-01,  1.00945278e-01, -6.64280799e-02],
        [ 2.31243188e-01,  0.00000000e+00,  9.48437950e-02, ...,
         -1.43537468e-01,  3.28271249e-01,  1.66104810e-01],
        [ 1.37927636e-01, -9.48437950e-02,  0.00000000e+00, ...,
         -2.36752102e-01,  2.37203573e-01,  7.18298024e-02],
        ...,
        [ 3.68495664e-01,  1.43537468e-01,  2.36752102e-01, ...,
          0.00000000e+00,  4.60455086e-01,  3.05928236e-01],
        [-1.00945278e-01, -3.28271249e-01, -2.37203573e-01, ...,
         -4.60455086e-01,  0.00000000e+00, -1.66811076e-01],
        [ 6.64280799e-02, -1.66104810e-01, -7.18298024e-02, ...,
         -3.05928236e-01,  1.66811076e-01,  0.00000000e+00]],

       [[ 0.00000000e+00, -9.11989736e-02, -2.44901200e-01, ...,
          9.07172574e-01,  9.07236678e-01,  9.08204534e-01],
        [ 9.11989736e-02,  0.00000000e+00, -1.55458835e-01, ...,
          8.65019339e-01,  8.65095784e-01,  8.66250567e-01],
        [ 2.44901200e-01,  1.55458835e-01,  0.00000000e+00, ...,
          7.76503069e-01,  7.76599077e-01,  7.78050256e-01],
        ...,
        [-9.07172574e-01, -8.65019339e-01, -7.76503069e-01, ...,
          0.00000000e+00, -1.52380128e-04, -2.45913594e-03],
        [-9.07236678e-01, -8.65095784e-01, -7.76599077e-01, ...,
          1.52380128e-04,  0.00000000e+00, -2.30675624e-03],
        [-9.08204534e-01, -8.66250567e-01, -7.78050256e-01, ...,
          2.45913594e-03,  2.30675624e-03,  0.00000000e+00]],

       [[ 0.00000000e+00, -1.19863872e-01, -4.76252333e-02, ...,
          4.09088082e-01,  4.04229869e-01,  4.38269565e-01],
        [ 1.19863872e-01,  0.00000000e+00,  7.24459884e-02, ...,
          2.96763522e-01,  2.91681126e-01,  3.27370916e-01],
        [ 4.76252333e-02, -7.24459884e-02,  0.00000000e+00, ...,
          3.65166097e-01,  3.60210406e-01,  3.94964614e-01],
        ...,
        [-4.09088082e-01, -2.96763522e-01, -3.65166097e-01, ...,
          0.00000000e+00,  5.31775967e-03, -3.22125446e-02],
        [-4.04229869e-01, -2.91681126e-01, -3.60210406e-01, ...,
         -5.31775967e-03,  0.00000000e+00, -3.75270891e-02],
        [-4.38269565e-01, -3.27370916e-01, -3.94964614e-01, ...,
          3.22125446e-02,  3.75270891e-02,  0.00000000e+00]]]), 'num': array([9.99998711e-01, 1.56074200e-03, 7.47893611e-07, 1.36138256e-04,
       1.36648137e-04, 1.32467112e-04, 1.89471820e-05, 3.67114399e-06,
       1.32569088e-04, 1.34277190e-04, 1.25546326e-04, 5.02116422e-09,
       1.40972882e-04, 1.27581498e-04])}
{'img': array([[[ 0.        ,  0.25688133,  0.65953044, ...,  0.89982957,
          0.89982957,  0.73519806],
        [-0.25688133,  0.        ,  0.44430654, ...,  0.98169627,
          0.98169627,  0.8846546 ],
        [-0.65953044, -0.44430654,  0.        , ...,  0.96409658,
          0.96409658,  0.99969636],
        ...,
        [-0.89982957, -0.98169627, -0.96409658, ...,  0.        ,
          0.        ,  0.2892276 ],
        [-0.89982957, -0.98169627, -0.96409658, ...,  0.        ,
          0.        ,  0.2892276 ],
        [-0.73519806, -0.8846546 , -0.99969636, ..., -0.2892276 ,
         -0.2892276 ,  0.        ]],

       [[ 0.        ,  0.2492137 ,  0.22533446, ..., -0.36505184,
         -0.46936418, -0.23011156],
        [-0.2492137 ,  0.        , -0.02457946, ..., -0.58554867,
         -0.6746119 , -0.46537706],
        [-0.22533446,  0.02457946,  0.        , ..., -0.56544674,
         -0.6562642 , -0.44348087],
        ...,
        [ 0.36505184,  0.58554867,  0.56544674, ...,  0.        ,
         -0.11462956,  0.14102449],
        [ 0.46936418,  0.6746119 ,  0.6562642 , ...,  0.11462956,
          0.        ,  0.25357886],
        [ 0.23011156,  0.46537706,  0.44348087, ..., -0.14102449,
         -0.25357886,  0.        ]],

       [[ 0.        ,  0.25513108,  0.46028775, ...,  0.86225475,
          0.84650919,  0.80107712],
        [-0.25513108,  0.        ,  0.21855754, ...,  0.96293717,
          0.9543204 ,  0.92727821],
        [-0.46028775, -0.21855754,  0.        , ...,  0.99860787,
          0.99655056,  0.98668242],
        ...,
        [-0.86225475, -0.96293717, -0.99860787, ...,  0.        ,
          0.03030651,  0.11038681],
        [-0.84650919, -0.9543204 , -0.99655056, ..., -0.03030651,
          0.        ,  0.08021481],
        [-0.80107712, -0.92727821, -0.98668242, ..., -0.11038681,
         -0.08021481,  0.        ]],

       ...,

       [[ 0.        ,  0.09484379,  0.48615506, ...,  0.32827125,
          0.16610481,  0.57125564],
        [-0.09484379,  0.        ,  0.40108217, ...,  0.23720357,
          0.0718298 ,  0.49083536],
        [-0.48615506, -0.40108217,  0.        , ..., -0.17234681,
         -0.33424701,  0.10018207],
        ...,
        [-0.32827125, -0.23720357,  0.17234681, ...,  0.        ,
         -0.16681108,  0.27016273],
        [-0.16610481, -0.0718298 ,  0.33424701, ...,  0.16681108,
          0.        ,  0.4269856 ],
        [-0.57125564, -0.49083536, -0.10018207, ..., -0.27016273,
         -0.4269856 ,  0.        ]],

       [[ 0.        , -0.15545884, -0.25102844, ...,  0.86509578,
          0.86625057,  0.85411082],
        [ 0.15545884,  0.        , -0.09749553, ...,  0.77659908,
          0.77805026,  0.76287411],
        [ 0.25102844,  0.09749553,  0.        , ...,  0.71147762,
          0.7130967 ,  0.6962043 ],
        ...,
        [-0.86509578, -0.77659908, -0.71147762, ...,  0.        ,
         -0.00230676,  0.02150086],
        [-0.86625057, -0.77805026, -0.7130967 , ...,  0.00230676,
          0.        ,  0.02380703],
        [-0.85411082, -0.76287411, -0.6962043 , ..., -0.02150086,
         -0.02380703,  0.        ]],

       [[ 0.        ,  0.07244599,  0.14214265, ...,  0.29168113,
          0.32737092,  0.32381205],
        [-0.07244599,  0.        ,  0.07005876, ...,  0.36021041,
          0.39496461,  0.39150388],
        [-0.14214265, -0.07005876,  0.        , ...,  0.42468111,
          0.45835686,  0.45500833],
        ...,
        [-0.29168113, -0.36021041, -0.42468111, ...,  0.        ,
         -0.03752709, -0.03376551],
        [-0.32737092, -0.39496461, -0.45835686, ...,  0.03752709,
          0.        ,  0.00376396],
        [-0.32381205, -0.39150388, -0.45500833, ...,  0.03376551,
         -0.00376396,  0.        ]]]), 'num': array([ 7.05971583e-01,  7.05971583e-01,  0.00000000e+00,  2.02337860e-02,
        2.05692368e-02,  2.02337860e-02,  2.58989411e-03, -1.21982131e-04,
        1.99501775e-02,  2.00431889e-02,  1.88335328e-02,  6.97259668e-07,
        2.09708498e-02,  1.91155280e-02])}
{'img': array([[[ 0.        ,  0.62381759,  0.67937809, ...,  0.90443042,
          0.7402289 ,  0.78637656],
        [-0.62381759,  0.        ,  0.0732314 , ...,  0.97300944,
          0.99796752,  0.99997002],
        [-0.67937809, -0.0732314 ,  0.        , ...,  0.95349762,
          0.9999546 ,  0.99671807],
        ...,
        [-0.90443042, -0.97300944, -0.95349762, ...,  0.        ,
          0.29230096,  0.2232247 ],
        [-0.7402289 , -0.99796752, -0.9999546 , ..., -0.29230096,
          0.        , -0.07144967],
        [-0.78637656, -0.99997002, -0.99671807, ..., -0.2232247 ,
          0.07144967,  0.        ]],

       [[ 0.        , -0.02457946, -0.20780794, ..., -0.6746119 ,
         -0.46537706, -0.53649423],
        [ 0.02457946,  0.        , -0.18370227, ..., -0.6562642 ,
         -0.44348087, -0.51558944],
        [ 0.20780794,  0.18370227,  0.        , ..., -0.50648677,
         -0.2712843 , -0.34941243],
        ...,
        [ 0.6746119 ,  0.6562642 ,  0.50648677, ...,  0.        ,
          0.25357886,  0.17328234],
        [ 0.46537706,  0.44348087,  0.2712843 , ..., -0.25357886,
          0.        , -0.08212421],
        [ 0.53649423,  0.51558944,  0.34941243, ..., -0.17328234,
          0.08212421,  0.        ]],

       [[ 0.        ,  0.39301556,  0.52790239, ...,  0.85140662,
          0.80607979,  0.75713771],
        [-0.39301556,  0.        ,  0.15163295, ...,  0.98903458,
          0.97380532,  0.95295171],
        [-0.52790239, -0.15163295,  0.        , ...,  0.99999202,
          0.9970239 ,  0.98789591],
        ...,
        [-0.85140662, -0.98903458, -0.99999202, ...,  0.        ,
          0.08107443,  0.15906245],
        [-0.80607979, -0.97380532, -0.9970239 , ..., -0.08107443,
          0.        ,  0.07849659],
        [-0.75713771, -0.95295171, -0.98789591, ..., -0.15906245,
         -0.07849659,  0.        ]],

       ...,

       [[ 0.        ,  0.40108217,  0.66459282, ...,  0.0718298 ,
          0.49083536,  0.38692059],
        [-0.40108217,  0.        ,  0.3091041 , ..., -0.33424701,
          0.10018207, -0.01540755],
        [-0.66459282, -0.3091041 ,  0.        , ..., -0.60920447,
         -0.21227306, -0.32372043],
        ...,
        [-0.0718298 ,  0.33424701,  0.60920447, ...,  0.        ,
          0.4269856 ,  0.31968594],
        [-0.49083536, -0.10018207,  0.21227306, ..., -0.4269856 ,
          0.        , -0.11550021],
        [-0.38692059,  0.01540755,  0.32372043, ..., -0.31968594,
          0.11550021,  0.        ]],

       [[ 0.        , -0.09749553, -0.07400972, ...,  0.77805026,
          0.76287411,  0.85412879],
        [ 0.09749553,  0.        ,  0.02357102, ...,  0.7130967 ,
          0.6962043 ,  0.79935601],
        [ 0.07400972, -0.02357102,  0.        , ...,  0.72942341,
          0.71293118,  0.81329675],
        ...,
        [-0.77805026, -0.7130967 , -0.72942341, ...,  0.        ,
          0.02380703, -0.13193143],
        [-0.76287411, -0.6962043 , -0.71293118, ..., -0.02380703,
          0.        , -0.15549297],
        [-0.85412879, -0.79935601, -0.81329675, ...,  0.13193143,
          0.15549297,  0.        ]],

       [[ 0.        ,  0.07005876,  0.07912404, ...,  0.39496461,
          0.39150388,  0.2060698 ],
        [-0.07005876,  0.        ,  0.00909051, ...,  0.45835686,
          0.45500833,  0.27411857],
        [-0.07912404, -0.00909051,  0.        , ...,  0.46641728,
          0.46308451,  0.28284955],
        ...,
        [-0.39496461, -0.45835686, -0.46641728, ...,  0.        ,
          0.00376396,  0.19717204],
        [-0.39150388, -0.45500833, -0.46308451, ..., -0.00376396,
          0.        ,  0.19348057],
        [-0.2060698 , -0.27411857, -0.28284955, ..., -0.19717204,
         -0.19348057,  0.        ]]]), 'num': array([ 7.05976691e-01,  7.05976691e-01,  0.00000000e+00,  1.95782737e-02,
        2.02034366e-02,  1.95782737e-02,  8.14245765e-03, -6.55658698e-04,
        1.99564210e-02,  1.99678569e-02,  1.88829705e-02,  6.33587571e-07,
        2.07820122e-02,  1.91537017e-02])}
{'img': array([[[ 0.00000000e+00,  1.19434388e-01, -3.77034384e-01, ...,
          9.50665767e-01,  9.71241614e-01,  9.93526007e-01],
        [-1.19434388e-01,  0.00000000e+00, -4.84955650e-01, ...,
          9.80911572e-01,  9.92726415e-01,  9.72846112e-01],
        [ 3.77034384e-01,  4.84955650e-01,  0.00000000e+00, ...,
          7.63543448e-01,  8.09792869e-01,  9.63036008e-01],
        ...,
        [-9.50665767e-01, -9.80911572e-01, -7.63543448e-01, ...,
          0.00000000e+00, -7.49459183e-02, -4.16208965e-01],
        [-9.71241614e-01, -9.92726415e-01, -8.09792869e-01, ...,
          7.49459183e-02,  0.00000000e+00, -3.46892420e-01],
        [-9.93526007e-01, -9.72846112e-01, -9.63036008e-01, ...,
          4.16208965e-01,  3.46892420e-01,  0.00000000e+00]],

       [[ 0.00000000e+00, -1.83702270e-01, -4.17581518e-01, ...,
         -4.43480866e-01, -5.15589439e-01,  6.35933665e-01],
        [ 1.83702270e-01,  0.00000000e+00, -2.43555955e-01, ...,
         -2.71284303e-01, -3.49412427e-01,  7.66882375e-01],
        [ 4.17581518e-01,  2.43555955e-01,  0.00000000e+00, ...,
         -2.86926508e-02, -1.10686132e-01,  9.00100340e-01],
        ...,
        [ 4.43480866e-01,  2.71284303e-01,  2.86926508e-02, ...,
          0.00000000e+00, -8.21242143e-02,  9.12230642e-01],
        [ 5.15589439e-01,  3.49412427e-01,  1.10686132e-01, ...,
          8.21242143e-02,  0.00000000e+00,  9.42793622e-01],
        [-6.35933665e-01, -7.66882375e-01, -9.00100340e-01, ...,
         -9.12230642e-01, -9.42793622e-01,  0.00000000e+00]],

       [[ 0.00000000e+00,  3.75483032e-01,  4.52492334e-01, ...,
          8.18367593e-01,  7.69439656e-01,  7.66898597e-01],
        [-3.75483032e-01,  0.00000000e+00,  8.45392761e-02, ...,
          9.74275304e-01,  9.52967533e-01,  9.51757170e-01],
        [-4.52492334e-01, -8.45392761e-02,  0.00000000e+00, ...,
          9.89839408e-01,  9.75177571e-01,  9.74291085e-01],
        ...,
        [-8.18367593e-01, -9.74275304e-01, -9.89839408e-01, ...,
          0.00000000e+00,  8.05141325e-02,  8.44694899e-02],
        [-7.69439656e-01, -9.52967533e-01, -9.75177571e-01, ...,
         -8.05141325e-02,  0.00000000e+00,  3.96887661e-03],
        [-7.66898597e-01, -9.51757170e-01, -9.74291085e-01, ...,
         -8.44694899e-02, -3.96887661e-03,  0.00000000e+00]],

       ...,

       [[ 0.00000000e+00,  3.09104103e-01, -3.40906523e-02, ...,
          1.00182069e-01, -1.54075512e-02, -1.61135722e-01],
        [-3.09104103e-01,  0.00000000e+00, -3.41345607e-01, ...,
         -2.12273065e-01, -3.23720427e-01, -4.58309427e-01],
        [ 3.40906523e-02,  3.41345607e-01,  0.00000000e+00, ...,
          1.34042984e-01,  1.86880102e-02, -1.27396897e-01],
        ...,
        [-1.00182069e-01,  2.12273065e-01, -1.34042984e-01, ...,
          0.00000000e+00, -1.15500214e-01, -2.59197983e-01],
        [ 1.54075512e-02,  3.23720427e-01, -1.86880102e-02, ...,
          1.15500214e-01,  0.00000000e+00, -1.45910386e-01],
        [ 1.61135722e-01,  4.58309427e-01,  1.27396897e-01, ...,
          2.59197983e-01,  1.45910386e-01,  0.00000000e+00]],

       [[ 0.00000000e+00,  2.35710217e-02, -2.15421163e-02, ...,
          6.96204300e-01,  7.99356014e-01,  9.01552760e-01],
        [-2.35710217e-02,  0.00000000e+00, -4.51016830e-02, ...,
          7.12931179e-01,  8.13296754e-01,  9.11500732e-01],
        [ 2.15421163e-02,  4.51016830e-02,  0.00000000e+00, ...,
          6.80578868e-01,  7.86226770e-01,  8.92022937e-01],
        ...,
        [-6.96204300e-01, -7.12931179e-01, -6.80578868e-01, ...,
          0.00000000e+00, -1.55492969e-01, -3.45947821e-01],
        [-7.99356014e-01, -8.13296754e-01, -7.86226770e-01, ...,
          1.55492969e-01,  0.00000000e+00, -1.95848196e-01],
        [-9.01552760e-01, -9.11500732e-01, -8.92022937e-01, ...,
          3.45947821e-01,  1.95848196e-01,  0.00000000e+00]],

       [[ 0.00000000e+00,  9.03608286e-03,  7.13542444e-04, ...,
          5.29463127e-01,  4.47544256e-01,  2.42023306e-01],
        [-9.03608286e-03,  0.00000000e+00, -8.32256724e-03, ...,
          5.37107118e-01,  4.55606608e-01,  2.50780869e-01],
        [-7.13542444e-04,  8.32256724e-03,  0.00000000e+00, ...,
          5.30068314e-01,  4.48182236e-01,  2.42715573e-01],
        ...,
        [-5.29463127e-01, -5.37107118e-01, -5.30068314e-01, ...,
          0.00000000e+00,  9.38121012e-02,  3.08406074e-01],
        [-4.47544256e-01, -4.55606608e-01, -4.48182236e-01, ...,
         -9.38121012e-02,  0.00000000e+00,  2.17806767e-01],
        [-2.42023306e-01, -2.50780869e-01, -2.42715573e-01, ...,
         -3.08406074e-01, -2.17806767e-01,  0.00000000e+00]]]), 'num': array([7.05986248e-01, 7.05986248e-01, 0.00000000e+00, 2.01427178e-02,
       2.01579659e-02, 1.96395310e-02, 3.84423998e-03, 5.64179075e-04,
       2.00237827e-02, 1.99444927e-02, 1.89337989e-02, 7.24908869e-07,
       2.07079939e-02, 1.91809915e-02])}
{'img': array([[[ 0.        , -0.48495565,  0.02964357, ...,  0.99272641,
          0.97284611,  0.99775494],
        [ 0.48495565,  0.        ,  0.51066698, ...,  0.80979287,
          0.96303601,  0.8400975 ],
        [-0.02964357, -0.51066698,  0.        , ...,  0.995859  ,
          0.96555749,  0.99930171],
        ...,
        [-0.99272641, -0.80979287, -0.995859  , ...,  0.        ,
         -0.34689242, -0.05363819],
        [-0.97284611, -0.96303601, -0.96555749, ...,  0.34689242,
          0.        ,  0.29608552],
        [-0.99775494, -0.8400975 , -0.99930171, ...,  0.05363819,
         -0.29608552,  0.        ]],

       [[ 0.        , -0.24355595, -0.28769332, ..., -0.34941243,
          0.76688238,  0.00139471],
        [ 0.24355595,  0.        , -0.04577093, ..., -0.11068613,
          0.90010034,  0.24490843],
        [ 0.28769332,  0.04577093,  0.        , ..., -0.06508044,
          0.9190986 ,  0.28902879],
        ...,
        [ 0.34941243,  0.11068613,  0.06508044, ...,  0.        ,
          0.94279362,  0.35071889],
        [-0.76688238, -0.90010034, -0.9190986 , ..., -0.94279362,
          0.        , -0.76598652],
        [-0.00139471, -0.24490843, -0.28902879, ..., -0.35071889,
          0.76598652,  0.        ]],

       [[ 0.        ,  0.26732079,  0.45435093, ...,  0.78062475,
          0.77808052,  0.74864182],
        [-0.26732079,  0.        ,  0.19968056, ...,  0.91929143,
          0.91768574,  0.89862385],
        [-0.45435093, -0.19968056,  0.        , ...,  0.97936764,
          0.978539  ,  0.96813035],
        ...,
        [-0.78062475, -0.91929143, -0.97936764, ...,  0.        ,
          0.00406048,  0.04963331],
        [-0.77808052, -0.91768574, -0.978539  , ..., -0.00406048,
          0.        ,  0.04557743],
        [-0.74864182, -0.89862385, -0.96813035, ..., -0.04963331,
         -0.04557743,  0.        ]],

       ...,

       [[ 0.        , -0.34134561, -0.37781261, ..., -0.32372043,
         -0.45830943, -0.26600127],
        [ 0.34134561,  0.        , -0.0390746 , ...,  0.01868801,
         -0.1273969 ,  0.07902318],
        [ 0.37781261,  0.0390746 ,  0.        , ...,  0.05774151,
         -0.08854339,  0.11791523],
        ...,
        [ 0.32372043, -0.01868801, -0.05774151, ...,  0.        ,
         -0.14591039,  0.06037981],
        [ 0.45830943,  0.1273969 ,  0.08854339, ...,  0.14591039,
          0.        ,  0.20537778],
        [ 0.26600127, -0.07902318, -0.11791523, ..., -0.06037981,
         -0.20537778,  0.        ]],

       [[ 0.        , -0.04510168, -0.07539241, ...,  0.81329675,
          0.91150073,  0.93633322],
        [ 0.04510168,  0.        , -0.03034237, ...,  0.78622677,
          0.89202294,  0.91954464],
        [ 0.07539241,  0.03034237,  0.        , ...,  0.76711506,
          0.87789777,  0.90719713],
        ...,
        [-0.81329675, -0.78622677, -0.76711506, ...,  0.        ,
         -0.1958482 , -0.25924587],
        [-0.91150073, -0.89202294, -0.87789777, ...,  0.1958482 ,
          0.        , -0.06507296],
        [-0.93633322, -0.91954464, -0.90719713, ...,  0.25924587,
          0.06507296,  0.        ]],

       [[ 0.        , -0.00828674,  0.00523901, ...,  0.5130797 ,
          0.42286849,  0.24973514],
        [ 0.00828674,  0.        ,  0.01352546, ...,  0.50594923,
          0.4153446 ,  0.24170239],
        [-0.00523901, -0.01352546,  0.        , ...,  0.51756951,
          0.42761023,  0.25480471],
        ...,
        [-0.5130797 , -0.50594923, -0.51756951, ...,  0.        ,
          0.10198289,  0.28246445],
        [-0.42286849, -0.4153446 , -0.42761023, ..., -0.10198289,
          0.        ,  0.18316181],
        [-0.24973514, -0.24170239, -0.25480471, ..., -0.28246445,
         -0.18316181,  0.        ]]]), 'num': array([ 7.05990815e-01,  7.05990815e-01,  0.00000000e+00,  1.98226363e-02,
        2.01580963e-02,  1.97311472e-02,  3.50140948e-03, -3.20211817e-04,
        2.00269619e-02,  1.99217495e-02,  1.89773787e-02,  7.10357062e-07,
        2.06709614e-02,  1.91725375e-02])}
{'img': array([[[ 0.        ,  0.51066698,  0.67073463, ...,  0.96303601,
          0.8400975 ,  0.92188909],
        [-0.51066698,  0.        ,  0.1979229 , ...,  0.96555749,
          0.99930171,  0.99048041],
        [-0.67073463, -0.1979229 ,  0.        , ...,  0.89495891,
          0.98692837,  0.94364149],
        ...,
        [-0.96303601, -0.96555749, -0.89495891, ...,  0.        ,
          0.29608552,  0.12480028],
        [-0.8400975 , -0.99930171, -0.98692837, ..., -0.29608552,
          0.        , -0.17456627],
        [-0.92188909, -0.99048041, -0.94364149, ..., -0.12480028,
          0.17456627,  0.        ]],

       [[ 0.        , -0.04577093,  0.27046561, ...,  0.90010034,
          0.24490843,  0.16113932],
        [ 0.04577093,  0.        ,  0.31424718, ...,  0.9190986 ,
          0.28902879,  0.20614322],
        [-0.27046561, -0.31424718,  0.        , ...,  0.7487161 ,
         -0.0264483 , -0.11179747],
        ...,
        [-0.90010034, -0.9190986 , -0.7487161 , ...,  0.        ,
         -0.76598652, -0.81813192],
        [-0.24490843, -0.28902879,  0.0264483 , ...,  0.76598652,
          0.        , -0.08547587],
        [-0.16113932, -0.20614322,  0.11179747, ...,  0.81813192,
          0.08547587,  0.        ]],

       [[ 0.        ,  0.37785144,  0.55175713, ...,  0.78359406,
          0.75412714,  0.75272065],
        [-0.37785144,  0.        ,  0.19572337, ...,  0.96025225,
          0.94636665,  0.94567337],
        [-0.55175713, -0.19572337,  0.        , ...,  0.99631314,
          0.99130029,  0.99101648],
        ...,
        [-0.78359406, -0.96025225, -0.99631314, ...,  0.        ,
          0.04608955,  0.04822621],
        [-0.75412714, -0.94636665, -0.99130029, ..., -0.04608955,
          0.        ,  0.00213904],
        [-0.75272065, -0.94567337, -0.99101648, ..., -0.04822621,
         -0.00213904,  0.        ]],

       ...,

       [[ 0.        , -0.0390746 ,  0.22256258, ..., -0.1273969 ,
          0.07902318,  0.04745469],
        [ 0.0390746 ,  0.        ,  0.26048715, ..., -0.08854339,
          0.11791523,  0.08644902],
        [-0.22256258, -0.26048715,  0.        , ..., -0.34495068,
         -0.14482543, -0.17604739],
        ...,
        [ 0.1273969 ,  0.08854339,  0.34495068, ...,  0.        ,
          0.20537778,  0.17432139],
        [-0.07902318, -0.11791523,  0.14482543, ..., -0.20537778,
          0.        , -0.03162786],
        [-0.04745469, -0.08644902,  0.17604739, ..., -0.17432139,
          0.03162786,  0.        ]],

       [[ 0.        , -0.03034237, -0.07821224, ...,  0.89202294,
          0.91954464,  0.93124862],
        [ 0.03034237,  0.        , -0.04792681, ...,  0.87789777,
          0.90719713,  0.91976355],
        [ 0.07821224,  0.04792681,  0.        , ...,  0.85393927,
          0.88599154,  0.89989663],
        ...,
        [-0.89202294, -0.87789777, -0.85393927, ...,  0.        ,
         -0.06507296, -0.09587592],
        [-0.91954464, -0.90719713, -0.88599154, ...,  0.06507296,
          0.        , -0.03089952],
        [-0.93124862, -0.91976355, -0.89989663, ...,  0.09587592,
          0.03089952,  0.        ]],

       [[ 0.        ,  0.01352546,  0.04655315, ...,  0.4153446 ,
          0.24170239,  0.34081777],
        [-0.01352546,  0.        ,  0.0330381 , ...,  0.42761023,
          0.25480471,  0.35350227],
        [-0.04655315, -0.0330381 ,  0.        , ...,  0.45724201,
          0.28661321,  0.38421424],
        ...,
        [-0.4153446 , -0.42761023, -0.45724201, ...,  0.        ,
          0.18316181,  0.08044795],
        [-0.24170239, -0.25480471, -0.28661321, ..., -0.18316181,
          0.        , -0.10348115],
        [-0.34081777, -0.35350227, -0.38421424, ..., -0.08044795,
          0.10348115,  0.        ]]]), 'num': array([ 7.06005119e-01,  7.06005119e-01,  0.00000000e+00,  1.96705530e-02,
        1.97772924e-02,  1.96095590e-02,  2.54184716e-03, -1.52484907e-04,
        1.98901313e-02,  1.98825070e-02,  1.90230004e-02,  7.30919389e-07,
        2.05960256e-02,  1.91689884e-02])}
{'img': array([[[ 0.        ,  0.1979229 ,  0.04187846, ...,  0.99930171,
          0.99048041,  0.97656443],
        [-0.1979229 ,  0.        , -0.15669926, ...,  0.98692837,
          0.94364149,  0.91464763],
        [-0.04187846,  0.15669926,  0.        , ...,  0.9999898 ,
          0.98384674,  0.9666944 ],
        ...,
        [-0.99930171, -0.98692837, -0.9999898 , ...,  0.        ,
         -0.17456627, -0.25156363],
        [-0.99048041, -0.94364149, -0.98384674, ...,  0.17456627,
          0.        , -0.07874863],
        [-0.97656443, -0.91464763, -0.9666944 , ...,  0.25156363,
          0.07874863,  0.        ]],

       [[ 0.        ,  0.31424718,  0.61127883, ...,  0.28902879,
          0.20614322, -0.08260547],
        [-0.31424718,  0.        ,  0.33161214, ..., -0.0264483 ,
         -0.11179747, -0.39159397],
        [-0.61127883, -0.33161214,  0.        , ..., -0.35644788,
         -0.43500477, -0.67456491],
        ...,
        [-0.28902879,  0.0264483 ,  0.35644788, ...,  0.        ,
         -0.08547587, -0.36712089],
        [-0.20614322,  0.11179747,  0.43500477, ...,  0.08547587,
          0.        , -0.28626995],
        [ 0.08260547,  0.39159397,  0.67456491, ...,  0.36712089,
          0.28626995,  0.        ]],

       [[ 0.        ,  0.42625614,  0.46650449, ...,  0.7654338 ,
          0.76402361,  0.82173176],
        [-0.42625614,  0.        ,  0.04496955, ...,  0.96671541,
          0.96615314,  0.98625311],
        [-0.46650449, -0.04496955,  0.        , ...,  0.97724308,
          0.9767765 ,  0.99268622],
        ...,
        [-0.7654338 , -0.96671541, -0.97724308, ...,  0.        ,
          0.00218854, -0.09259523],
        [-0.76402361, -0.96615314, -0.9767765 , ..., -0.00218854,
          0.        , -0.09477415],
        [-0.82173176, -0.98625311, -0.99268622, ...,  0.09259523,
          0.09477415,  0.        ]],

       ...,

       [[ 0.        ,  0.26048715,  0.48126552, ...,  0.11791523,
          0.08644902,  0.1307215 ],
        [-0.26048715,  0.        ,  0.23631445, ..., -0.14482543,
         -0.17604739, -0.13204331],
        [-0.48126552, -0.23631445,  0.        , ..., -0.37454653,
         -0.40368476, -0.36254867],
        ...,
        [-0.11791523,  0.14482543,  0.37454653, ...,  0.        ,
         -0.03162786,  0.01290612],
        [-0.08644902,  0.17604739,  0.40368476, ...,  0.03162786,
          0.        ,  0.0445249 ],
        [-0.1307215 ,  0.13204331,  0.36254867, ..., -0.01290612,
         -0.0445249 ,  0.        ]],

       [[ 0.        , -0.04792681, -0.15544125, ...,  0.90719713,
          0.91976355,  0.9416075 ],
        [ 0.04792681,  0.        , -0.10791836, ...,  0.88599154,
          0.89989663,  0.92438789],
        [ 0.15544125,  0.10791836,  0.        , ...,  0.83077525,
          0.84757747,  0.87782337],
        ...,
        [-0.90719713, -0.88599154, -0.83077525, ...,  0.        ,
         -0.03089952, -0.09067509],
        [-0.91976355, -0.89989663, -0.84757747, ...,  0.03089952,
          0.        , -0.05985956],
        [-0.9416075 , -0.92438789, -0.87782337, ...,  0.09067509,
          0.05985956,  0.        ]],

       [[ 0.        ,  0.0330381 ,  0.07810552, ...,  0.25480471,
          0.35350227,  0.37360308],
        [-0.0330381 ,  0.        ,  0.04512572, ...,  0.28661321,
          0.38421424,  0.40404489],
        [-0.07810552, -0.04512572,  0.        , ...,  0.32955377,
          0.42548489,  0.44491156],
        ...,
        [-0.25480471, -0.28661321, -0.32955377, ...,  0.        ,
         -0.10348115, -0.12491743],
        [-0.35350227, -0.38421424, -0.42548489, ...,  0.10348115,
          0.        , -0.0215762 ],
        [-0.37360308, -0.40404489, -0.44491156, ...,  0.12491743,
          0.0215762 ,  0.        ]]]), 'num': array([ 7.06020532e-01,  7.06020532e-01,  0.00000000e+00,  1.93507571e-02,
        1.95184942e-02,  1.93202595e-02,  2.93861604e-03, -3.20225295e-04,
        1.97136791e-02,  1.98303326e-02,  1.90584880e-02,  7.82682981e-07,
        2.05378830e-02,  1.91227823e-02])}
{'img': array([[[ 0.        , -0.15669926, -0.50067592, ...,  0.94364149,
          0.91464763,  0.83872769],
        [ 0.15669926,  0.        , -0.35884642, ...,  0.98384674,
          0.9666944 ,  0.9136971 ],
        [ 0.50067592,  0.35884642,  0.        , ...,  0.98255733,
          0.99415009,  0.99867549],
        ...,
        [-0.94364149, -0.98384674, -0.98255733, ...,  0.        ,
         -0.07874863, -0.23626778],
        [-0.91464763, -0.9666944 , -0.99415009, ...,  0.07874863,
          0.        , -0.15901495],
        [-0.83872769, -0.9136971 , -0.99867549, ...,  0.23626778,
          0.15901495,  0.        ]],

       [[ 0.        ,  0.33161214, -0.21608707, ..., -0.11179747,
         -0.39159397, -0.26638114],
        [-0.33161214,  0.        , -0.52763746, ..., -0.43500477,
         -0.67456491, -0.57093843],
        [ 0.21608707,  0.52763746,  0.        , ...,  0.10557626,
         -0.18351226, -0.05180828],
        ...,
        [ 0.11179747,  0.43500477, -0.10557626, ...,  0.        ,
         -0.28626995, -0.15695322],
        [ 0.39159397,  0.67456491,  0.18351226, ...,  0.28626995,
          0.        ,  0.13233737],
        [ 0.26638114,  0.57093843,  0.05180828, ...,  0.15695322,
         -0.13233737,  0.        ]],

       [[ 0.        ,  0.06230219, -0.01162387, ...,  0.92728257,
          0.9590197 ,  0.98533607],
        [-0.06230219,  0.        , -0.07389928, ...,  0.94880475,
          0.97480931,  0.99405219],
        [ 0.01162387,  0.07389928,  0.        , ...,  0.92286839,
          0.95566141,  0.98328618],
        ...,
        [-0.92728257, -0.94880475, -0.92286839, ...,  0.        ,
         -0.09628501, -0.21065513],
        [-0.9590197 , -0.97480931, -0.95566141, ...,  0.09628501,
          0.        , -0.11555197],
        [-0.98533607, -0.99405219, -0.98328618, ...,  0.21065513,
          0.11555197,  0.        ]],

       ...,

       [[ 0.        ,  0.23631445,  0.26846338, ..., -0.17604739,
         -0.13204331, -0.02320273],
        [-0.23631445,  0.        ,  0.03322027, ..., -0.40368476,
         -0.36254867, -0.25879638],
        [-0.26846338, -0.03322027,  0.        , ..., -0.43385511,
         -0.39330869, -0.29074206],
        ...,
        [ 0.17604739,  0.40368476,  0.43385511, ...,  0.        ,
          0.0445249 ,  0.15315966],
        [ 0.13204331,  0.36254867,  0.39330869, ..., -0.0445249 ,
          0.        ,  0.1090082 ],
        [ 0.02320273,  0.25879638,  0.29074206, ..., -0.15315966,
         -0.1090082 ,  0.        ]],

       [[ 0.        , -0.10791836, -0.33241418, ...,  0.89989663,
          0.92438789,  0.94041668],
        [ 0.10791836,  0.        , -0.22869138, ...,  0.84757747,
          0.87782337,  0.89822956],
        [ 0.33241418,  0.22869138,  0.        , ...,  0.70375576,
          0.74502053,  0.77390961],
        ...,
        [-0.89989663, -0.84757747, -0.70375576, ...,  0.        ,
         -0.05985956, -0.10413213],
        [-0.92438789, -0.87782337, -0.74502053, ...,  0.05985956,
          0.        , -0.04441127],
        [-0.94041668, -0.89822956, -0.77390961, ...,  0.10413213,
          0.04441127,  0.        ]],

       [[ 0.        ,  0.04512572,  0.05978368, ...,  0.38421424,
          0.40404489,  0.53424031],
        [-0.04512572,  0.        ,  0.01467778, ...,  0.42548489,
          0.44491156,  0.57184233],
        [-0.05978368, -0.01467778,  0.        , ...,  0.43872194,
          0.45800868,  0.58382185],
        ...,
        [-0.38421424, -0.42548489, -0.43872194, ...,  0.        ,
         -0.0215762 , -0.1684453 ],
        [-0.40404489, -0.44491156, -0.45800868, ...,  0.0215762 ,
          0.        , -0.14713819],
        [-0.53424031, -0.57184233, -0.58382185, ...,  0.1684453 ,
          0.14713819,  0.        ]]]), 'num': array([ 7.06027182e-01,  7.06027182e-01,  0.00000000e+00,  1.92441966e-02,
        1.94424332e-02,  1.92441966e-02,  2.99042921e-03, -1.06742771e-04,
        1.96467694e-02,  1.97679987e-02,  1.90878947e-02,  7.35459038e-07,
        2.04503128e-02,  1.90856845e-02])}
{'img': array([[[ 0.        , -0.35884642, -0.15321727, ...,  0.9666944 ,
          0.9136971 ,  0.89128066],
        [ 0.35884642,  0.        ,  0.21159687, ...,  0.99415009,
          0.99867549,  0.99463801],
        [ 0.15321727, -0.21159687,  0.        , ...,  0.99449361,
          0.96517551,  0.95023357],
        ...,
        [-0.9666944 , -0.99415009, -0.99449361, ...,  0.        ,
         -0.15901495, -0.21024105],
        [-0.9136971 , -0.99867549, -0.96517551, ...,  0.15901495,
          0.        , -0.05210508],
        [-0.89128066, -0.99463801, -0.95023357, ...,  0.21024105,
          0.05210508,  0.        ]],

       [[ 0.        , -0.52763746, -0.67299147, ..., -0.67456491,
         -0.57093843, -0.55797955],
        [ 0.52763746,  0.        , -0.18141866, ..., -0.18351226,
         -0.05180828, -0.03612427],
        [ 0.67299147,  0.18141866,  0.        , ..., -0.00212934,
          0.13022645,  0.14577542],
        ...,
        [ 0.67456491,  0.18351226,  0.00212934, ...,  0.        ,
          0.13233737,  0.14788169],
        [ 0.57093843,  0.05180828, -0.13022645, ..., -0.13233737,
          0.        ,  0.01569871],
        [ 0.55797955,  0.03612427, -0.14577542, ..., -0.14788169,
         -0.01569871,  0.        ]],

       [[ 0.        , -0.07389928, -0.0096651 , ...,  0.97480931,
          0.99405219,  0.99775301],
        [ 0.07389928,  0.        ,  0.06425715, ...,  0.95566141,
          0.98328618,  0.99007366],
        [ 0.0096651 , -0.06425715,  0.        , ...,  0.97260807,
          0.99295318,  0.99705885],
        ...,
        [-0.97480931, -0.95566141, -0.97260807, ...,  0.        ,
         -0.11555197, -0.15722708],
        [-0.99405219, -0.98328618, -0.99295318, ...,  0.11555197,
          0.        , -0.0420591 ],
        [-0.99775301, -0.99007366, -0.99705885, ...,  0.15722708,
          0.0420591 ,  0.        ]],

       ...,

       [[ 0.        ,  0.03322027,  0.09521133, ..., -0.36254867,
         -0.25879638, -0.35350154],
        [-0.03322027,  0.        ,  0.06208942, ..., -0.39330869,
         -0.29074206, -0.3843818 ],
        [-0.09521133, -0.06208942,  0.        , ..., -0.44963525,
         -0.34958835, -0.44095952],
        ...,
        [ 0.36254867,  0.39330869,  0.44963525, ...,  0.        ,
          0.1090082 ,  0.00968932],
        [ 0.25879638,  0.29074206,  0.34958835, ..., -0.1090082 ,
          0.        , -0.0993715 ],
        [ 0.35350154,  0.3843818 ,  0.44095952, ..., -0.00968932,
          0.0993715 ,  0.        ]],

       [[ 0.        , -0.22869138, -0.07213853, ...,  0.87782337,
          0.89822956,  0.92438518],
        [ 0.22869138,  0.        ,  0.15786876, ...,  0.74502053,
          0.77390961,  0.81265132],
        [ 0.07213853, -0.15786876,  0.        , ...,  0.84098307,
          0.86418253,  0.89445881],
        ...,
        [-0.87782337, -0.74502053, -0.84098307, ...,  0.        ,
         -0.04441127, -0.10791129],
        [-0.89822956, -0.77390961, -0.86418253, ...,  0.04441127,
          0.        , -0.06365288],
