state_0,state_1,state_2,state_3,state_4,state_5,state_6,state_7,state_8,state_9,state_10,state_11,state_12,state_13,state_14,state_15,state_16,state_17,state_18,state_19,state_20,state_21,state_22,state_23,state_24,state_25,state_26,state_27,state_28,state_29,state_30,state_31,state_32,state_33,state_34,state_35,state_36,state_37,state_38,state_39,state_40,state_41,state_42,state_43,state_44,state_45,state_46,state_47,state_48,state_49,state_50,state_51,state_52,state_53,state_54,state_55,state_56,state_57,state_58,state_59,state_60,state_61,state_62,state_63,state_64,state_65,state_66,state_67,state_68,state_69,state_70,state_71,state_72,state_73,state_74,state_75,state_76,state_77,state_78,state_79,state_80,state_81,state_82,state_83,state_84,state_85,state_86,state_87,state_88,state_89,state_90,state_91,state_92,state_93,state_94,state_95,state_96,state_97,state_98,state_99,state_100,state_101,state_102,state_103,state_104,state_105,state_106,state_107,state_108,state_109,state_110,state_111,state_112,state_113,state_114,state_115,state_116,state_117,state_118,state_119,state_120,state_121,state_122,state_123,state_124,state_125,state_126,state_127,state_128,state_129,state_130,state_131,state_132,state_133,state_134,state_135,state_136,state_137,state_138,state_139,state_140,state_141,state_142,state_143,state_144,state_145,state_146,state_147,state_148,state_149,state_150,state_151,state_152,state_153,state_154,state_155,state_156,state_157,state_158,state_159,state_160,state_161,state_162,state_163,state_164,state_165,state_166,state_167,state_168,state_169,state_170,state_171,state_172,state_173,state_174,state_175,state_176,state_177,state_178,state_179,state_180,state_181,state_182,state_183,state_184,state_185,state_186,state_187,state_188,state_189,state_190,state_191,state_192,state_193,state_194,state_195,state_196,state_197,state_198,state_199,state_200,state_201,state_202,state_203,state_204,state_205,state_206,state_207,state_208,state_209,state_210,state_211,state_212,state_213,state_214,state_215,state_216,state_217,state_218,state_219,state_220,state_221,state_222,state_223,state_224,state_225,state_226,state_227,state_228,state_229,state_230,state_231,state_232,state_233,state_234,state_235,state_236,state_237,state_238,state_239,state_240,state_241,state_242,state_243,state_244,state_245,state_246,state_247,state_248,state_249,state_250,state_251,state_252,state_253,state_254,state_255,state_256,state_257,state_258,state_259,state_260,state_261,state_262,state_263,state_264,state_265,state_266,state_267,state_268,state_269,state_270,state_271,state_272,state_273,state_274,state_275,state_276,state_277,state_278,state_279,state_280,state_281,state_282,state_283,state_284,state_285,state_286,state_287
{'img': array([[[ 0.00000000e+00,  1.49097939e-01,  5.07876562e-01, ...,
          5.45460509e-01,  6.37136615e-01,  5.26730678e-01],
        [-1.49097939e-01,  0.00000000e+00,  3.73762322e-01, ...,
          4.14399160e-01,  5.15097610e-01,  3.94105058e-01],
        [-5.07876562e-01, -3.73762322e-01,  0.00000000e+00, ...,
          4.42060723e-02,  1.57402192e-01,  2.20300861e-02],
        ...,
        [-5.45460509e-01, -4.14399160e-01, -4.42060723e-02, ...,
          0.00000000e+00,  1.13593296e-01, -2.21867936e-02],
        [-6.37136615e-01, -5.15097610e-01, -1.57402192e-01, ...,
         -1.13593296e-01,  0.00000000e+00, -1.35608520e-01],
        [-5.26730678e-01, -3.94105058e-01, -2.20300861e-02, ...,
          2.21867936e-02,  1.35608520e-01,  0.00000000e+00]],

       [[ 0.00000000e+00,  4.17143598e-01,  9.81543731e-01, ...,
          1.60267173e-01,  4.48821285e-01, -3.24556366e-01],
        [-4.17143598e-01,  0.00000000e+00,  9.71840417e-01, ...,
         -2.66094151e-01,  3.51384978e-02, -6.89532095e-01],
        [-9.81543731e-01, -9.71840417e-01,  0.00000000e+00, ...,
         -9.99505119e-01, -9.62960223e-01, -8.66341741e-01],
        ...,
        [-1.60267173e-01,  2.66094151e-01,  9.99505119e-01, ...,
          0.00000000e+00,  2.99801476e-01, -4.71952371e-01],
        [-4.48821285e-01, -3.51384978e-02,  9.62960223e-01, ...,
         -2.99801476e-01,  0.00000000e+00, -7.14555513e-01],
        [ 3.24556366e-01,  6.89532095e-01,  8.66341741e-01, ...,
          4.71952371e-01,  7.14555513e-01,  0.00000000e+00]],

       [[ 0.00000000e+00,  1.56538556e-01,  3.11445924e-01, ...,
          8.15606499e-01,  8.12183368e-01,  7.91262797e-01],
        [-1.56538556e-01,  0.00000000e+00,  1.58853437e-01, ...,
          7.14977277e-01,  7.10845704e-01,  6.85788382e-01],
        [-3.11445924e-01, -1.58853437e-01,  0.00000000e+00, ...,
          5.94836607e-01,  5.90090266e-01,  5.61466672e-01],
        ...,
        [-8.15606499e-01, -7.14977277e-01, -5.94836607e-01, ...,
          0.00000000e+00, -5.89169311e-03, -4.08938130e-02],
        [-8.12183368e-01, -7.10845704e-01, -5.90090266e-01, ...,
          5.89169311e-03,  0.00000000e+00, -3.50063385e-02],
        [-7.91262797e-01, -6.85788382e-01, -5.61466672e-01, ...,
          4.08938130e-02,  3.50063385e-02,  0.00000000e+00]],

       ...,

       [[ 0.00000000e+00,  6.79941861e-02,  4.26043880e-01, ...,
          5.34108378e-01,  5.09818380e-01,  3.59174696e-01],
        [-6.79941861e-02,  0.00000000e+00,  3.63543384e-01, ...,
          4.75388926e-01,  4.50144337e-01,  2.94886506e-01],
        [-4.26043880e-01, -3.63543384e-01,  0.00000000e+00, ...,
          1.23024864e-01,  9.47160558e-02, -7.26678748e-02],
        ...,
        [-5.34108378e-01, -4.75388926e-01, -1.23024864e-01, ...,
          0.00000000e+00, -2.84752311e-02, -1.94815470e-01],
        [-5.09818380e-01, -4.50144337e-01, -9.47160558e-02, ...,
          2.84752311e-02,  0.00000000e+00, -1.66806829e-01],
        [-3.59174696e-01, -2.94886506e-01,  7.26678748e-02, ...,
          1.94815470e-01,  1.66806829e-01,  0.00000000e+00]],

       [[ 0.00000000e+00, -8.16259270e-02, -1.52518839e-01, ...,
          2.53790996e-01,  2.10182785e-01,  1.58381890e-01],
        [ 8.16259270e-02,  0.00000000e+00, -7.13389396e-02, ...,
          3.31897524e-01,  2.89283988e-01,  2.38449015e-01],
        [ 1.52518839e-01,  7.13389396e-02,  0.00000000e+00, ...,
          3.98347017e-01,  3.56835654e-01,  3.07122647e-01],
        ...,
        [-2.53790996e-01, -3.31897524e-01, -3.98347017e-01, ...,
          0.00000000e+00, -4.48206331e-02, -9.73913069e-02],
        [-2.10182785e-01, -2.89283988e-01, -3.56835654e-01, ...,
          4.48206331e-02,  0.00000000e+00, -5.26858703e-02],
        [-1.58381890e-01, -2.38449015e-01, -3.07122647e-01, ...,
          9.73913069e-02,  5.26858703e-02,  0.00000000e+00]],

       [[ 0.00000000e+00,  7.68415750e-04,  3.38742737e-02, ...,
          7.99162932e-01,  8.97392031e-01,  9.56847762e-01],
        [-7.68415750e-04,  0.00000000e+00,  3.31062890e-02, ...,
          7.98700791e-01,  8.97052715e-01,  9.56624186e-01],
        [-3.38742737e-02, -3.31062890e-02,  0.00000000e+00, ...,
          7.78341978e-01,  8.81930534e-01,  9.46455115e-01],
        ...,
        [-7.99162932e-01, -7.98700791e-01, -7.78341978e-01, ...,
          0.00000000e+00,  1.86817388e-01,  3.42946538e-01],
        [-8.97392031e-01, -8.97052715e-01, -8.81930534e-01, ...,
         -1.86817388e-01,  0.00000000e+00,  1.61421014e-01],
        [-9.56847762e-01, -9.56624186e-01, -9.46455115e-01, ...,
         -3.42946538e-01, -1.61421014e-01,  0.00000000e+00]]]), 'num': array([8.83145712e-01, 4.67511976e-01, 2.01763950e-06, 1.29885542e-02,
       1.31146567e-02, 1.28939774e-02, 1.19949298e-02, 6.30512342e-05,
       1.29696389e-02, 1.29617575e-02, 1.27431799e-02, 3.07750072e-06,
       1.35731513e-02, 1.23503637e-02])}
{'img': array([[[ 0.        ,  0.37376232,  0.41439916, ...,  0.51509761,
          0.39410506,  0.43464354],
        [-0.37376232,  0.        ,  0.04420607, ...,  0.15740219,
          0.02203009,  0.06653123],
        [-0.41439916, -0.04420607,  0.        , ...,  0.1135933 ,
         -0.02218679,  0.02235806],
        ...,
        [-0.51509761, -0.15740219, -0.1135933 , ...,  0.        ,
         -0.13560852, -0.09135155],
        [-0.39410506, -0.02203009,  0.02218679, ...,  0.13560852,
          0.        ,  0.04453381],
        [-0.43464354, -0.06653123, -0.02235806, ...,  0.09135155,
         -0.04453381,  0.        ]],

       [[ 0.        ,  0.95887225,  0.62991547, ...,  0.03215973,
         -0.47543576, -0.73557791],
        [-0.95887225,  0.        , -0.56592733, ..., -0.94924811,
         -0.97851502, -0.85836351],
        [-0.62991547,  0.56592733,  0.        , ..., -0.60461235,
         -0.92342211, -0.99802668],
        ...,
        [-0.03215973,  0.94924811,  0.60461235, ...,  0.        ,
         -0.50348238, -0.75698372],
        [ 0.47543576,  0.97851502,  0.92342211, ...,  0.50348238,
          0.        , -0.32504572],
        [ 0.73557791,  0.85836351,  0.99802668, ...,  0.75698372,
          0.32504572,  0.        ]],

       [[ 0.        ,  0.15885344,  0.28389985, ...,  0.7108457 ,
          0.68578838,  0.64737601],
        [-0.15885344,  0.        ,  0.1279777 , ...,  0.59009027,
          0.56146667,  0.5180823 ],
        [-0.28389985, -0.1279777 ,  0.        , ...,  0.48191681,
          0.4509483 ,  0.40435887],
        ...,
        [-0.7108457 , -0.59009027, -0.48191681, ...,  0.        ,
         -0.03500634, -0.08645521],
        [-0.68578838, -0.56146667, -0.4509483 , ...,  0.03500634,
          0.        , -0.05152696],
        [-0.64737601, -0.5180823 , -0.40435887, ...,  0.08645521,
          0.05152696,  0.        ]],

       ...,

       [[ 0.        ,  0.36354338,  0.40393292, ...,  0.45014434,
          0.29488651,  0.23095401],
        [-0.36354338,  0.        ,  0.04372938, ...,  0.09471606,
         -0.07266787, -0.13856336],
        [-0.40393292, -0.04372938,  0.        , ...,  0.05109266,
         -0.11621213, -0.18173836],
        ...,
        [-0.45014434, -0.09471606, -0.05109266, ...,  0.        ,
         -0.16680683, -0.23174281],
        [-0.29488651,  0.07266787,  0.11621213, ...,  0.16680683,
          0.        , -0.06623014],
        [-0.23095401,  0.13856336,  0.18173836, ...,  0.23174281,
          0.06623014,  0.        ]],

       [[ 0.        , -0.07133894, -0.10383333, ...,  0.28928399,
          0.23844901,  0.20426242],
        [ 0.07133894,  0.        , -0.03261544, ...,  0.35683565,
          0.30712265,  0.27357682],
        [ 0.10383333,  0.03261544,  0.        , ...,  0.38711408,
          0.33799838,  0.30480244],
        ...,
        [-0.28928399, -0.35683565, -0.38711408, ...,  0.        ,
         -0.05268587, -0.08765594],
        [-0.23844901, -0.30712265, -0.33799838, ...,  0.05268587,
          0.        , -0.03505113],
        [-0.20426242, -0.27357682, -0.30480244, ...,  0.08765594,
          0.03505113,  0.        ]],

       [[ 0.        ,  0.03310629,  0.04800825, ...,  0.89705271,
          0.95662419,  0.98900329],
        [-0.03310629,  0.        ,  0.01491382, ...,  0.88193053,
          0.94645511,  0.98356495],
        [-0.04800825, -0.01491382,  0.        , ...,  0.87480238,
          0.94153514,  0.9807628 ],
        ...,
        [-0.89705271, -0.88193053, -0.87480238, ...,  0.        ,
          0.16142101,  0.30439557],
        [-0.95662419, -0.94645511, -0.94153514, ..., -0.16142101,
          0.        ,  0.14664272],
        [-0.98900329, -0.98356495, -0.9807628 , ..., -0.30439557,
         -0.14664272,  0.        ]]]), 'num': array([ 7.06935161e-01,  7.06935161e-01,  0.00000000e+00,  6.88331604e-03,
        6.98478999e-03,  6.84949139e-03,  1.00672641e-02, -8.45616221e-05,
        6.95434781e-03,  6.96618643e-03,  6.84075336e-03,  1.80105273e-06,
        7.26104348e-03,  6.67132938e-03])}
{'img': array([[[ 0.        ,  0.04420607,  0.27492024, ...,  0.02203009,
          0.06653123, -0.04363396],
        [-0.04420607,  0.        ,  0.23214881, ..., -0.02218679,
          0.02235806, -0.08775527],
        [-0.27492024, -0.23214881,  0.        , ..., -0.25367232,
         -0.21034353, -0.31661102],
        ...,
        [-0.02203009,  0.02218679,  0.25367232, ...,  0.        ,
          0.04453381, -0.06563247],
        [-0.06653123, -0.02235806,  0.21034353, ..., -0.04453381,
          0.        , -0.11000514],
        [ 0.04363396,  0.08775527,  0.31661102, ...,  0.06563247,
          0.11000514,  0.        ]],

       [[ 0.        , -0.56592733, -0.64871942, ..., -0.97851502,
         -0.85836351, -0.99546251],
        [ 0.56592733,  0.        , -0.1041537 , ..., -0.92342211,
         -0.99802668, -0.76686362],
        [ 0.64871942,  0.1041537 ,  0.        , ..., -0.8784271 ,
         -0.98605869, -0.69584592],
        ...,
        [ 0.97851502,  0.92342211,  0.8784271 , ...,  0.        ,
         -0.32504572,  0.29835019],
        [ 0.85836351,  0.99802668,  0.98605869, ...,  0.32504572,
          0.        ,  0.59239126],
        [ 0.99546251,  0.76686362,  0.69584592, ..., -0.29835019,
         -0.59239126,  0.        ]],

       [[ 0.        ,  0.1279777 ,  0.3143349 , ...,  0.56146667,
          0.5180823 ,  0.51322981],
        [-0.1279777 ,  0.        ,  0.19025935, ...,  0.4509483 ,
          0.40435887,  0.39917253],
        [-0.3143349 , -0.19025935,  0.        , ...,  0.27289521,
          0.22296151,  0.21743698],
        ...,
        [-0.56146667, -0.4509483 , -0.27289521, ...,  0.        ,
         -0.05152696, -0.05718213],
        [-0.5180823 , -0.40435887, -0.22296151, ...,  0.05152696,
          0.        , -0.00566352],
        [-0.51322981, -0.39917253, -0.21743698, ...,  0.05718213,
          0.00566352,  0.        ]],

       ...,

       [[ 0.        ,  0.04372938,  0.19937223, ..., -0.07266787,
         -0.13856336, -0.01251524],
        [-0.04372938,  0.        ,  0.15633005, ..., -0.11621213,
         -0.18173836, -0.05622922],
        [-0.19937223, -0.15633005,  0.        , ..., -0.27005411,
         -0.33323054, -0.21162059],
        ...,
        [ 0.07266787,  0.11621213,  0.27005411, ...,  0.        ,
         -0.06623014,  0.06018003],
        [ 0.13856336,  0.18173836,  0.33323054, ...,  0.06623014,
          0.        ,  0.126158  ],
        [ 0.01251524,  0.05622922,  0.21162059, ..., -0.06018003,
         -0.126158  ,  0.        ]],

       [[ 0.        , -0.03261544,  0.04749968, ...,  0.30712265,
          0.27357682,  0.22437164],
        [ 0.03261544,  0.        ,  0.08005304, ...,  0.33799838,
          0.30480244,  0.25603613],
        [-0.04749968, -0.08005304,  0.        , ...,  0.26157197,
          0.22758045,  0.17782977],
        ...,
        [-0.30712265, -0.33799838, -0.26157197, ...,  0.        ,
         -0.03505113, -0.0857644 ],
        [-0.27357682, -0.30480244, -0.22758045, ...,  0.03505113,
          0.        , -0.05078972],
        [-0.22437164, -0.25603613, -0.17782977, ...,  0.0857644 ,
          0.05078972,  0.        ]],

       [[ 0.        ,  0.01491382, -0.02620868, ...,  0.94645511,
          0.98356495,  0.9997775 ],
        [-0.01491382,  0.        , -0.04111445, ...,  0.94153514,
          0.9807628 ,  0.99935172],
        [ 0.02620868,  0.04111445,  0.        , ...,  0.95459109,
          0.98795919,  0.99998691],
        ...,
        [-0.94645511, -0.94153514, -0.95459109, ...,  0.        ,
          0.14664272,  0.3027994 ],
        [-0.98356495, -0.9807628 , -0.98795919, ..., -0.14664272,
          0.        ,  0.15976751],
        [-0.9997775 , -0.99935172, -0.99998691, ..., -0.3027994 ,
         -0.15976751,  0.        ]]]), 'num': array([7.06941597e-01, 7.06941597e-01, 0.00000000e+00, 7.03559102e-03,
       7.03559102e-03, 6.88337871e-03, 8.87681871e-03, 1.52212306e-04,
       6.97132360e-03, 6.98569920e-03, 6.84278876e-03, 1.82134383e-06,
       7.24251841e-03, 6.72888000e-03])}
{'img': array([[[ 0.        ,  0.23214881,  0.16037051, ...,  0.02235806,
         -0.08775527,  0.1135933 ],
        [-0.23214881,  0.        , -0.07315484, ..., -0.21034353,
         -0.31661102, -0.12015623],
        [-0.16037051,  0.07315484,  0.        , ..., -0.13826175,
         -0.24637126, -0.04720945],
        ...,
        [-0.02235806,  0.21034353,  0.13826175, ...,  0.        ,
         -0.11000514,  0.09135155],
        [ 0.08775527,  0.31661102,  0.24637126, ...,  0.11000514,
          0.        ,  0.20034232],
        [-0.1135933 ,  0.12015623,  0.04720945, ..., -0.09135155,
         -0.20034232,  0.        ]],

       [[ 0.        , -0.1041537 , -0.74278477, ..., -0.99802668,
         -0.76686362, -0.83660143],
        [ 0.1041537 ,  0.        , -0.66901087, ..., -0.98605869,
         -0.69584592, -0.77499469],
        [ 0.74278477,  0.66901087,  0.        , ..., -0.62156869,
         -0.03671165, -0.15322354],
        ...,
        [ 0.99802668,  0.98605869,  0.62156869, ...,  0.        ,
          0.59239126,  0.49419978],
        [ 0.76686362,  0.69584592,  0.03671165, ..., -0.59239126,
          0.        , -0.11684211],
        [ 0.83660143,  0.77499469,  0.15322354, ..., -0.49419978,
          0.11684211,  0.        ]],

       [[ 0.        ,  0.19025935,  0.36801493, ...,  0.40435887,
          0.39917253,  0.42508499],
        [-0.19025935,  0.        ,  0.18438579, ...,  0.22296151,
          0.21743698,  0.24510642],
        [-0.36801493, -0.18438579,  0.        , ...,  0.03939431,
          0.03373455,  0.06214249],
        ...,
        [-0.40435887, -0.22296151, -0.03939431, ...,  0.        ,
         -0.00566352,  0.02277608],
        [-0.39917253, -0.21743698, -0.03373455, ...,  0.00566352,
          0.        ,  0.02843776],
        [-0.42508499, -0.24510642, -0.06214249, ..., -0.02277608,
         -0.02843776,  0.        ]],

       ...,

       [[ 0.        ,  0.15633005,  0.15633005, ..., -0.18173836,
         -0.05622922, -0.03909624],
        [-0.15633005,  0.        ,  0.        , ..., -0.33323054,
         -0.21162059, -0.19482607],
        [-0.15633005,  0.        ,  0.        , ..., -0.33323054,
         -0.21162059, -0.19482607],
        ...,
        [ 0.18173836,  0.33323054,  0.33323054, ...,  0.        ,
          0.126158  ,  0.14315425],
        [ 0.05622922,  0.21162059,  0.21162059, ..., -0.126158  ,
          0.        ,  0.01715185],
        [ 0.03909624,  0.19482607,  0.19482607, ..., -0.14315425,
         -0.01715185,  0.        ]],

       [[ 0.        ,  0.08005304,  0.1661724 , ...,  0.30480244,
          0.25603613,  0.21100453],
        [-0.08005304,  0.        ,  0.08669905, ...,  0.22758045,
          0.17782977,  0.13207669],
        [-0.1661724 , -0.08669905,  0.        , ...,  0.1422995 ,
          0.09184298,  0.04563983],
        ...,
        [-0.30480244, -0.22758045, -0.1422995 , ...,  0.        ,
         -0.05078972, -0.09697583],
        [-0.25603613, -0.17782977, -0.09184298, ...,  0.05078972,
          0.        , -0.04630034],
        [-0.21100453, -0.13207669, -0.04563983, ...,  0.09697583,
          0.04630034,  0.        ]],

       [[ 0.        , -0.04111445, -0.07842962, ...,  0.9807628 ,
          0.99935172,  0.9676212 ],
        [ 0.04111445,  0.        , -0.0373755 , ...,  0.98795919,
          0.99998691,  0.95642545],
        [ 0.07842962,  0.0373755 ,  0.        , ...,  0.99305143,
          0.99909698,  0.94484442],
        ...,
        [-0.9807628 , -0.98795919, -0.99305143, ...,  0.        ,
          0.15976751,  0.43643409],
        [-0.99935172, -0.99998691, -0.99909698, ..., -0.15976751,
          0.        ,  0.28707933],
        [-0.9676212 , -0.95642545, -0.94484442, ..., -0.43643409,
         -0.28707933,  0.        ]]]), 'num': array([ 7.60976642e-01,  6.48304494e-01,  5.46952177e-07,  7.51147656e-03,
        7.63909874e-03,  7.49324482e-03,  1.27811785e-02, -7.29269569e-05,
        7.50053752e-03,  7.54429369e-03,  7.37686555e-03,  1.72721740e-06,
        7.78687861e-03,  7.30170877e-03])}
{'img': array([[[ 0.        , -0.07315484, -0.31661102, ..., -0.31661102,
         -0.12015623, -0.21034353],
        [ 0.07315484,  0.        , -0.24637126, ..., -0.24637126,
         -0.04720945, -0.13826175],
        [ 0.31661102,  0.24637126,  0.        , ...,  0.        ,
          0.20034232,  0.11000514],
        ...,
        [ 0.31661102,  0.24637126,  0.        , ...,  0.        ,
          0.20034232,  0.11000514],
        [ 0.12015623,  0.04720945, -0.20034232, ..., -0.20034232,
          0.        , -0.09135155],
        [ 0.21034353,  0.13826175, -0.11000514, ..., -0.11000514,
          0.09135155,  0.        ]],

       [[ 0.        , -0.66901087, -0.29256062, ..., -0.69584592,
         -0.77499469, -0.58284816],
        [ 0.66901087,  0.        ,  0.42229317, ..., -0.03671165,
         -0.15322354,  0.11042216],
        [ 0.29256062, -0.42229317,  0.        , ..., -0.45528612,
         -0.55619745, -0.31961756],
        ...,
        [ 0.69584592,  0.03671165,  0.45528612, ...,  0.        ,
         -0.11684211,  0.14683488],
        [ 0.77499469,  0.15322354,  0.55619745, ...,  0.11684211,
          0.        ,  0.26140479],
        [ 0.58284816, -0.11042216,  0.31961756, ..., -0.14683488,
         -0.26140479,  0.        ]],

       [[ 0.        ,  0.18438579,  0.27289521, ...,  0.21743698,
          0.24510642,  0.22296151],
        [-0.18438579,  0.        ,  0.09082893, ...,  0.03373455,
          0.06214249,  0.03939431],
        [-0.27289521, -0.09082893,  0.        , ..., -0.05718213,
         -0.02876777, -0.05152696],
        ...,
        [-0.21743698, -0.03373455,  0.05718213, ...,  0.        ,
          0.02843776,  0.00566352],
        [-0.24510642, -0.06214249,  0.02876777, ..., -0.02843776,
          0.        , -0.02277608],
        [-0.22296151, -0.03939431,  0.05152696, ..., -0.00566352,
          0.02277608,  0.        ]],

       ...,

       [[ 0.        ,  0.        ,  0.        , ..., -0.21162059,
         -0.19482607, -0.37170071],
        [ 0.        ,  0.        ,  0.        , ..., -0.21162059,
         -0.19482607, -0.37170071],
        [ 0.        ,  0.        ,  0.        , ..., -0.21162059,
         -0.19482607, -0.37170071],
        ...,
        [ 0.21162059,  0.21162059,  0.21162059, ...,  0.        ,
          0.01715185, -0.16682386],
        [ 0.19482607,  0.19482607,  0.19482607, ..., -0.01715185,
          0.        , -0.18371081],
        [ 0.37170071,  0.37170071,  0.37170071, ...,  0.16682386,
          0.18371081,  0.        ]],

       [[ 0.        ,  0.08669905,  0.11239411, ...,  0.17782977,
          0.13207669,  0.08453863],
        [-0.08669905,  0.        ,  0.0258212 , ...,  0.09184298,
          0.04563983, -0.00216838],
        [-0.11239411, -0.0258212 ,  0.        , ...,  0.0661003 ,
          0.01983033, -0.02798879],
        ...,
        [-0.17782977, -0.09184298, -0.0661003 , ...,  0.        ,
         -0.04630034, -0.09400198],
        [-0.13207669, -0.04563983, -0.01983033, ...,  0.04630034,
          0.        , -0.04780585],
        [-0.08453863,  0.00216838,  0.02798879, ...,  0.09400198,
          0.04780585,  0.        ]],

       [[ 0.        , -0.03677432, -0.04169654, ...,  0.99819799,
          0.9851831 ,  0.8194447 ],
        [ 0.03677432,  0.        , -0.004926  , ...,  0.9997295 ,
          0.9782097 ,  0.79781292],
        [ 0.04169654,  0.004926  ,  0.        , ...,  0.99983194,
          0.9771751 ,  0.79483333],
        ...,
        [-0.99819799, -0.9997295 , -0.99983194, ...,  0.        ,
          0.23031415,  0.62129738],
        [-0.9851831 , -0.9782097 , -0.9771751 , ..., -0.23031415,
          0.        ,  0.42412625],
        [-0.8194447 , -0.79781292, -0.79483333, ..., -0.62129738,
         -0.42412625,  0.        ]]]), 'num': array([ 7.39477545e-01,  6.70818717e-01,  3.56669235e-07,  6.86588277e-03,
        7.34738623e-03,  6.56271392e-03,  5.25691932e-02, -4.81503467e-04,
        7.24751885e-03,  7.36254468e-03,  7.20501577e-03,  1.07743831e-06,
        7.68161416e-03,  7.04347519e-03])}
{'img': array([[[ 0.        , -0.24637126, -0.04720945, ..., -0.04720945,
         -0.13826175, -0.65664605],
        [ 0.24637126,  0.        ,  0.20034232, ...,  0.20034232,
          0.11000514, -0.45059235],
        [ 0.04720945, -0.20034232,  0.        , ...,  0.        ,
         -0.09135155, -0.62030859],
        ...,
        [ 0.04720945, -0.20034232,  0.        , ...,  0.        ,
         -0.09135155, -0.62030859],
        [ 0.13826175, -0.11000514,  0.09135155, ...,  0.09135155,
          0.        , -0.54606258],
        [ 0.65664605,  0.45059235,  0.62030859, ...,  0.62030859,
          0.54606258,  0.        ]],

       [[ 0.        ,  0.38765468,  0.18696584, ..., -0.14133054,
          0.1014728 ,  0.58157918],
        [-0.38765468,  0.        , -0.20847295, ..., -0.51404274,
         -0.29211563,  0.85145553],
        [-0.18696584,  0.20847295,  0.        , ..., -0.32392755,
         -0.08631732,  0.72341866],
        ...,
        [ 0.14133054,  0.51404274,  0.32392755, ...,  0.        ,
          0.2410553 ,  0.4607706 ],
        [-0.1014728 ,  0.29211563,  0.08631732, ..., -0.2410553 ,
          0.        ,  0.66112433],
        [-0.58157918, -0.85145553, -0.72341866, ..., -0.4607706 ,
         -0.66112433,  0.        ]],

       [[ 0.        ,  0.09082893,  0.13147774, ...,  0.06214249,
          0.03939431, -0.09900139],
        [-0.09082893,  0.        ,  0.04089381, ..., -0.02876777,
         -0.05152696, -0.18897489],
        [-0.13147774, -0.04089381,  0.        , ..., -0.06962059,
         -0.09232334, -0.2289738 ],
        ...,
        [-0.06214249,  0.02876777,  0.06962059, ...,  0.        ,
         -0.02277608, -0.16064725],
        [-0.03939431,  0.05152696,  0.09232334, ...,  0.02277608,
          0.        , -0.13812532],
        [ 0.09900139,  0.18897489,  0.2289738 , ...,  0.16064725,
          0.13812532,  0.        ]],

       ...,

       [[ 0.        ,  0.        ,  0.52424607, ..., -0.19482607,
         -0.37170071, -0.786608  ],
        [ 0.        ,  0.        ,  0.52424607, ..., -0.19482607,
         -0.37170071, -0.786608  ],
        [-0.52424607, -0.52424607,  0.        , ..., -0.68010779,
         -0.80321321, -0.99354644],
        ...,
        [ 0.19482607,  0.19482607,  0.68010779, ...,  0.        ,
         -0.18371081, -0.65123897],
        [ 0.37170071,  0.37170071,  0.80321321, ...,  0.18371081,
          0.        , -0.50074198],
        [ 0.786608  ,  0.786608  ,  0.99354644, ...,  0.65123897,
          0.50074198,  0.        ]],

       [[ 0.        ,  0.0258212 ,  0.09065285, ...,  0.04563983,
         -0.00216838,  0.15052856],
        [-0.0258212 ,  0.        ,  0.06490775, ...,  0.01983033,
         -0.02798879,  0.12495139],
        [-0.09065285, -0.06490775,  0.        , ..., -0.04510647,
         -0.09281209,  0.06028885],
        ...,
        [-0.04563983, -0.01983033,  0.04510647, ...,  0.        ,
         -0.04780585,  0.10525191],
        [ 0.00216838,  0.02798879,  0.09281209, ...,  0.04780585,
          0.        ,  0.15267188],
        [-0.15052856, -0.12495139, -0.06028885, ..., -0.10525191,
         -0.15267188,  0.        ]],

       [[ 0.        , -0.004926  , -0.02954784, ...,  0.9782097 ,
          0.79781292,  0.99998347],
        [ 0.004926  ,  0.        , -0.02462363, ...,  0.9771751 ,
          0.79483333,  0.99994301],
        [ 0.02954784,  0.02462363,  0.        , ...,  0.97164789,
          0.77965003,  0.99937693],
        ...,
        [-0.9782097 , -0.9771751 , -0.97164789, ...,  0.        ,
          0.42412625, -0.20199068],
        [-0.79781292, -0.79483333, -0.77965003, ..., -0.42412625,
          0.        , -0.5983073 ],
        [-0.99998347, -0.99994301, -0.99937693, ...,  0.20199068,
          0.5983073 ,  0.        ]]]), 'num': array([ 7.36384742e-01,  6.75876199e-01,  3.20151024e-07,  6.72317151e-03,
        6.93660553e-03,  6.66981301e-03,  2.29812943e-02, -1.24503176e-04,
        7.10735274e-03,  7.31634021e-03,  7.17405087e-03,  8.71159250e-07,
        7.73320110e-03,  6.89947933e-03])}
{'img': array([[[ 0.        ,  0.20034232,  0.2232811 , ...,  0.11000514,
         -0.45059235, -0.58253587],
        [-0.20034232,  0.        ,  0.02346979, ..., -0.09135155,
         -0.62030859, -0.73356475],
        [-0.2232811 , -0.02346979,  0.        , ..., -0.11469804,
         -0.63854643, -0.74931322],
        ...,
        [-0.11000514,  0.09135155,  0.11469804, ...,  0.        ,
         -0.54606258, -0.6684132 ],
        [ 0.45059235,  0.62030859,  0.63854643, ...,  0.54606258,
          0.        , -0.15380343],
        [ 0.58253587,  0.73356475,  0.74931322, ...,  0.6684132 ,
          0.15380343,  0.        ]],

       [[ 0.        , -0.20847295, -0.37295879, ..., -0.29211563,
          0.85145553,  0.25513659],
        [ 0.20847295,  0.        , -0.171333  , ..., -0.08631732,
          0.72341866,  0.45110431],
        [ 0.37295879,  0.171333  ,  0.        , ...,  0.08565257,
          0.59443165,  0.59734368],
        ...,
        [ 0.29211563,  0.08631732, -0.08565257, ...,  0.        ,
          0.66112433,  0.52645637],
        [-0.85145553, -0.72341866, -0.59443165, ..., -0.66112433,
          0.        , -0.9570771 ],
        [-0.25513659, -0.45110431, -0.59734368, ..., -0.52645637,
          0.9570771 ,  0.        ]],

       [[ 0.        ,  0.04089381,  0.07654919, ..., -0.05152696,
         -0.18897489, -0.36375644],
        [-0.04089381,  0.        ,  0.03571133, ..., -0.09232334,
         -0.2289738 , -0.40154451],
        [-0.07654919, -0.03571133,  0.        , ..., -0.12782326,
         -0.26359032, -0.43399423],
        ...,
        [ 0.05152696,  0.09232334,  0.12782326, ...,  0.        ,
         -0.13812532, -0.31527618],
        [ 0.18897489,  0.2289738 ,  0.26359032, ...,  0.13812532,
          0.        , -0.18117326],
        [ 0.36375644,  0.40154451,  0.43399423, ...,  0.31527618,
          0.18117326,  0.        ]],

       ...,

       [[ 0.        ,  0.52424607,  0.7026814 , ..., -0.37170071,
         -0.786608  , -0.90032766],
        [-0.52424607,  0.        ,  0.22537666, ..., -0.80321321,
         -0.99354644, -0.99484772],
        [-0.7026814 , -0.22537666,  0.        , ..., -0.9168029 ,
         -0.99354778, -0.94640318],
        ...,
        [ 0.37170071,  0.80321321,  0.9168029 , ...,  0.        ,
         -0.50074198, -0.67405267],
        [ 0.786608  ,  0.99354644,  0.99354778, ...,  0.50074198,
          0.        , -0.21356797],
        [ 0.90032766,  0.99484772,  0.94640318, ...,  0.67405267,
          0.21356797,  0.        ]],

       [[ 0.        ,  0.06490775,  0.15225422, ..., -0.02798879,
          0.12495139,  0.29177703],
        [-0.06490775,  0.        ,  0.08778214, ..., -0.09281209,
          0.06028885,  0.22907837],
        [-0.15225422, -0.08778214,  0.        , ..., -0.17985705,
         -0.02756635,  0.14274622],
        ...,
        [ 0.02798879,  0.09281209,  0.17985705, ...,  0.        ,
          0.15267188,  0.31843362],
        [-0.12495139, -0.06028885,  0.02756635, ..., -0.15267188,
          0.        ,  0.16997603],
        [-0.29177703, -0.22907837, -0.14274622, ..., -0.31843362,
         -0.16997603,  0.        ]],

       [[ 0.        , -0.02462363, -0.05216361, ...,  0.79483333,
          0.99994301,  0.94330008],
        [ 0.02462363,  0.        , -0.02755768, ...,  0.77965003,
          0.99937693,  0.95118766],
        [ 0.05216361,  0.02755768,  0.        , ...,  0.76209688,
          0.99802472,  0.95933107],
        ...,
        [-0.79483333, -0.77965003, -0.76209688, ...,  0.        ,
         -0.5983073 , -0.83625864],
        [-0.99994301, -0.99937693, -0.99802472, ...,  0.5983073 ,
          0.        , -0.34199328],
        [-0.94330008, -0.95118766, -0.95933107, ...,  0.83625864,
          0.34199328,  0.        ]]]), 'num': array([7.36682704e-01, 6.75415567e-01, 3.19932831e-07, 6.80745968e-03,
       6.86078182e-03, 6.68304136e-03, 2.67242027e-02, 8.88702308e-05,
       7.01719343e-03, 7.28380412e-03, 7.16205190e-03, 1.03089468e-06,
       7.75373860e-03, 6.81386963e-03])}
{'img': array([[[ 0.        ,  0.02346979, -0.20034232, ..., -0.62030859,
         -0.73356475, -0.65375519],
        [-0.02346979,  0.        , -0.2232811 , ..., -0.63854643,
         -0.74931322, -0.67133484],
        [ 0.20034232,  0.2232811 ,  0.        , ..., -0.45059235,
         -0.58253587, -0.48890067],
        ...,
        [ 0.62030859,  0.63854643,  0.45059235, ...,  0.        ,
         -0.15380343, -0.04338672],
        [ 0.73356475,  0.74931322,  0.58253587, ...,  0.15380343,
          0.        ,  0.11078812],
        [ 0.65375519,  0.67133484,  0.48890067, ...,  0.04338672,
         -0.11078812,  0.        ]],

       [[ 0.        , -0.171333  ,  0.06549436, ...,  0.72341866,
          0.45110431,  0.59448855],
        [ 0.171333  ,  0.        ,  0.23549104, ...,  0.59443165,
          0.59734368,  0.72346751],
        [-0.06549436, -0.23549104,  0.        , ...,  0.76708337,
          0.39168393,  0.54054786],
        ...,
        [-0.72341866, -0.59443165, -0.76708337, ...,  0.        ,
         -0.9570771 , -0.99214451],
        [-0.45110431, -0.59734368, -0.39168393, ...,  0.9570771 ,
          0.        ,  0.16782911],
        [-0.59448855, -0.72346751, -0.54054786, ...,  0.99214451,
         -0.16782911,  0.        ]],

       [[ 0.        ,  0.03571133, -0.04667072, ..., -0.2289738 ,
         -0.40154451, -0.51469021],
        [-0.03571133,  0.        , -0.08231337, ..., -0.26359032,
         -0.43399423, -0.54497996],
        [ 0.04667072,  0.08231337,  0.        , ..., -0.18329349,
         -0.35836406, -0.474115  ],
        ...,
        [ 0.2289738 ,  0.26359032,  0.18329349, ...,  0.        ,
         -0.18117326, -0.30469953],
        [ 0.40154451,  0.43399423,  0.35836406, ...,  0.18117326,
          0.        , -0.12709892],
        [ 0.51469021,  0.54497996,  0.474115  , ...,  0.30469953,
          0.12709892,  0.        ]],

       ...,

       [[ 0.        ,  0.22537666, -0.15406072, ..., -0.99354644,
         -0.99484772, -0.99746158],
        [-0.22537666,  0.        , -0.37278297, ..., -0.99354778,
         -0.94640318, -0.98784693],
        [ 0.15406072,  0.37278297,  0.        , ..., -0.96421036,
         -0.99858937, -0.97458311],
        ...,
        [ 0.99354644,  0.99354778,  0.96421036, ...,  0.        ,
         -0.21356797, -0.042391  ],
        [ 0.99484772,  0.94640318,  0.99858937, ...,  0.21356797,
          0.        ,  0.17196302],
        [ 0.99746158,  0.98784693,  0.97458311, ...,  0.042391  ,
         -0.17196302,  0.        ]],

       [[ 0.        ,  0.08778214,  0.11445065, ...,  0.06028885,
          0.22907837,  0.28924364],
        [-0.08778214,  0.        ,  0.02680352, ..., -0.02756635,
          0.14274622,  0.20409713],
        [-0.11445065, -0.02680352,  0.        , ..., -0.05434978,
          0.11616591,  0.17778449],
        ...,
        [-0.06028885,  0.02756635,  0.05434978, ...,  0.        ,
          0.16997603,  0.23100567],
        [-0.22907837, -0.14274622, -0.11616591, ..., -0.16997603,
          0.        ,  0.06226553],
        [-0.28924364, -0.20409713, -0.17778449, ..., -0.23100567,
         -0.06226553,  0.        ]],

       [[ 0.        , -0.02755768, -0.02932929, ...,  0.99937693,
          0.95118766,  0.87807117],
        [ 0.02755768,  0.        , -0.00177233, ...,  0.99802472,
          0.95933107,  0.89092487],
        [ 0.02932929,  0.00177233,  0.        , ...,  0.99791181,
          0.95982987,  0.89172837],
        ...,
        [-0.99937693, -0.99802472, -0.99791181, ...,  0.        ,
         -0.34199328, -0.50922372],
        [-0.95118766, -0.95933107, -0.95982987, ...,  0.34199328,
          0.        , -0.18418764],
        [-0.87807117, -0.89092487, -0.89172837, ...,  0.50922372,
          0.18418764,  0.        ]]]), 'num': array([ 7.26481386e-01,  6.86796964e-01,  2.10527439e-07,  6.61407039e-03,
        6.70179016e-03,  6.57898248e-03,  1.23363465e-02, -1.05263720e-04,
        6.78950992e-03,  7.16758212e-03,  7.05793241e-03,  1.03831560e-06,
        7.69266827e-03,  6.64249596e-03])}
{'img': array([[[ 0.        , -0.2232811 ,  0.52378386, ..., -0.74931322,
         -0.67133484, -0.76418346],
        [ 0.2232811 ,  0.        ,  0.70076274, ..., -0.58253587,
         -0.48890067, -0.60087489],
        [-0.52378386, -0.70076274,  0.        , ..., -0.98516129,
         -0.96008199, -0.98881064],
        ...,
        [ 0.74931322,  0.58253587,  0.98516129, ...,  0.        ,
          0.11078812, -0.02274809],
        [ 0.67133484,  0.48890067,  0.96008199, ..., -0.11078812,
          0.        , -0.1333675 ],
        [ 0.76418346,  0.60087489,  0.98881064, ...,  0.02274809,
          0.1333675 ,  0.        ]],

       [[ 0.        ,  0.23549104,  0.98560145, ...,  0.59734368,
          0.72346751,  0.08814705],
        [-0.23549104,  0.        ,  0.99770094, ...,  0.39168393,
          0.54054786, -0.14890634],
        [-0.98560145, -0.99770094,  0.        , ..., -0.89143987,
         -0.80274586, -0.99666933],
        ...,
        [-0.59734368, -0.39168393,  0.89143987, ...,  0.        ,
          0.16782911, -0.52432586],
        [-0.72346751, -0.54054786,  0.80274586, ..., -0.16782911,
          0.        , -0.65979834],
        [-0.08814705,  0.14890634,  0.99666933, ...,  0.52432586,
          0.65979834,  0.        ]],

       [[ 0.        , -0.08231337,  0.02418926, ..., -0.43399423,
         -0.54497996, -0.70864691],
        [ 0.08231337,  0.        ,  0.10639646, ..., -0.35836406,
         -0.474115  , -0.64816482],
        [-0.02418926, -0.10639646,  0.        , ..., -0.45565972,
         -0.56510196, -0.72550661],
        ...,
        [ 0.43399423,  0.35836406,  0.45565972, ...,  0.        ,
         -0.12709892, -0.33222069],
        [ 0.54497996,  0.474115  ,  0.56510196, ...,  0.12709892,
          0.        , -0.20964648],
        [ 0.70864691,  0.64816482,  0.72550661, ...,  0.33222069,
          0.20964648,  0.        ]],

       ...,

       [[ 0.        , -0.37278297, -0.136395  , ..., -0.94640318,
         -0.98784693, -0.9908836 ],
        [ 0.37278297,  0.        ,  0.24273569, ..., -0.99858937,
         -0.97458311, -0.96968089],
        [ 0.136395  , -0.24273569,  0.        , ..., -0.9816125 ,
         -0.9998149 , -0.99999857],
        ...,
        [ 0.94640318,  0.99858937,  0.9816125 , ...,  0.        ,
          0.17196302,  0.192543  ],
        [ 0.98784693,  0.97458311,  0.9998149 , ..., -0.17196302,
          0.        ,  0.02092943],
        [ 0.9908836 ,  0.96968089,  0.99999857, ..., -0.192543  ,
         -0.02092943,  0.        ]],

       [[ 0.        ,  0.02680352,  0.28300171, ...,  0.14274622,
          0.20409713,  0.29900931],
        [-0.02680352,  0.        ,  0.25719226, ...,  0.11616591,
          0.17778449,  0.27332462],
        [-0.28300171, -0.25719226,  0.        , ..., -0.14319291,
         -0.08129118,  0.0167312 ],
        ...,
        [-0.14274622, -0.11616591,  0.14319291, ...,  0.        ,
          0.06226553,  0.15973164],
        [-0.20409713, -0.17778449,  0.08129118, ..., -0.06226553,
          0.        ,  0.09795563],
        [-0.29900931, -0.27332462, -0.0167312 , ..., -0.15973164,
         -0.09795563,  0.        ]],

       [[ 0.        , -0.00177233, -0.11933465, ...,  0.95933107,
          0.89092487,  0.796019  ],
        [ 0.00177233,  0.        , -0.1175748 , ...,  0.95982987,
          0.89172837,  0.79709049],
        [ 0.11933465,  0.1175748 ,  0.        , ...,  0.98616196,
          0.93875432,  0.8625606 ],
        ...,
        [-0.95933107, -0.95982987, -0.98616196, ...,  0.        ,
         -0.18418764, -0.35595298],
        [-0.89092487, -0.89172837, -0.93875432, ...,  0.18418764,
          0.        , -0.17773895],
        [-0.796019  , -0.79709049, -0.8625606 , ...,  0.35595298,
          0.17773895,  0.        ]]]), 'num': array([ 8.06418215e-01,  5.90434008e-01,  1.17702565e-06,  7.19947358e-03,
