state_0,state_1,state_2,state_3,state_4,state_5,state_6,state_7,state_8,state_9,state_10,state_11,state_12,state_13,state_14,state_15,state_16,state_17,state_18,state_19,state_20,state_21,state_22,state_23,state_24,state_25,state_26,state_27,state_28,state_29,state_30,state_31,state_32,state_33,state_34,state_35,state_36,state_37,state_38,state_39,state_40,state_41,state_42,state_43,state_44,state_45,state_46,state_47,state_48,state_49,state_50,state_51,state_52,state_53,state_54,state_55,state_56,state_57,state_58,state_59,state_60,state_61,state_62,state_63,state_64,state_65,state_66,state_67,state_68,state_69,state_70,state_71,state_72,state_73,state_74,state_75,state_76,state_77,state_78,state_79,state_80,state_81,state_82,state_83,state_84,state_85,state_86,state_87,state_88,state_89,state_90,state_91,state_92,state_93,state_94,state_95,state_96,state_97,state_98,state_99,state_100,state_101,state_102,state_103,state_104,state_105,state_106,state_107,state_108,state_109,state_110,state_111,state_112,state_113,state_114,state_115,state_116,state_117,state_118,state_119,state_120,state_121,state_122,state_123,state_124,state_125,state_126,state_127,state_128,state_129,state_130,state_131,state_132,state_133,state_134,state_135,state_136,state_137,state_138,state_139,state_140,state_141,state_142,state_143,state_144,state_145,state_146,state_147,state_148,state_149,state_150,state_151,state_152,state_153,state_154,state_155,state_156,state_157,state_158,state_159,state_160,state_161,state_162,state_163,state_164,state_165,state_166,state_167,state_168,state_169,state_170,state_171,state_172,state_173,state_174,state_175,state_176,state_177,state_178,state_179,state_180,state_181,state_182,state_183,state_184,state_185,state_186,state_187,state_188,state_189,state_190,state_191,state_192,state_193,state_194,state_195,state_196,state_197,state_198,state_199,state_200,state_201,state_202,state_203,state_204,state_205,state_206,state_207,state_208,state_209,state_210,state_211,state_212,state_213,state_214,state_215,state_216,state_217,state_218,state_219,state_220,state_221,state_222,state_223,state_224,state_225,state_226,state_227,state_228,state_229,state_230,state_231,state_232,state_233,state_234,state_235,state_236,state_237,state_238,state_239,state_240,state_241,state_242,state_243,state_244,state_245,state_246,state_247,state_248,state_249,state_250,state_251,state_252,state_253,state_254,state_255,state_256,state_257,state_258,state_259,state_260,state_261,state_262,state_263,state_264,state_265,state_266,state_267,state_268,state_269,state_270,state_271,state_272,state_273,state_274,state_275,state_276,state_277,state_278,state_279,state_280,state_281,state_282,state_283,state_284,state_285,state_286,state_287
{'img': array([[[ 0.        ,  0.21422048,  0.30332457, ..., -0.82680051,
         -0.84021555, -0.77000576],
        [-0.21422048,  0.        ,  0.09215502, ..., -0.92810461,
         -0.93687183, -0.88881091],
        [-0.30332457, -0.09215502,  0.        , ..., -0.95846634,
         -0.96510925, -0.92726099],
        ...,
        [ 0.82680051,  0.92810461,  0.95846634, ...,  0.        ,
         -0.02428259,  0.09440466],
        [ 0.84021555,  0.93687183,  0.96510925, ...,  0.02428259,
          0.        ,  0.11855096],
        [ 0.77000576,  0.88881091,  0.92726099, ..., -0.09440466,
         -0.11855096,  0.        ]],

       [[ 0.        ,  0.0814573 ,  0.02466294, ..., -0.08533811,
         -0.13555082, -0.49465154],
        [-0.0814573 ,  0.        , -0.05685154, ..., -0.16621466,
         -0.21580584, -0.56380157],
        [-0.02466294,  0.05685154,  0.        , ..., -0.10988512,
         -0.1599449 , -0.51593543],
        ...,
        [ 0.08533811,  0.16621466,  0.10988512, ...,  0.        ,
         -0.05050586, -0.41868046],
        [ 0.13555082,  0.21580584,  0.1599449 , ...,  0.05050586,
          0.        , -0.37228006],
        [ 0.49465154,  0.56380157,  0.51593543, ...,  0.41868046,
          0.37228006,  0.        ]],

       [[ 0.        , -0.01322167,  0.04711241, ..., -0.99322509,
         -0.98782738, -0.96058788],
        [ 0.01322167,  0.        ,  0.06031528, ..., -0.99467471,
         -0.98568435, -0.9568286 ],
        [-0.04711241, -0.06031528,  0.        , ..., -0.98664744,
         -0.99405902, -0.97261738],
        ...,
        [ 0.99322509,  0.99467471,  0.98664744, ...,  0.        ,
          0.26929206,  0.38771966],
        [ 0.98782738,  0.98568435,  0.99405902, ..., -0.26929206,
          0.        ,  0.12516942],
        [ 0.96058788,  0.9568286 ,  0.97261738, ..., -0.38771966,
         -0.12516942,  0.        ]],

       ...,

       [[ 0.        ,  0.08266181,  0.46188446, ..., -0.06346815,
         -0.07749019,  0.08123451],
        [-0.08266181,  0.        ,  0.38698765, ..., -0.1457461 ,
         -0.15963825, -0.00143212],
        [-0.46188446, -0.38698765,  0.        , ..., -0.51724569,
         -0.52922478, -0.38830779],
        ...,
        [ 0.06346815,  0.1457461 ,  0.51724569, ...,  0.        ,
         -0.01405664,  0.14432913],
        [ 0.07749019,  0.15963825,  0.52922478, ...,  0.01405664,
          0.        ,  0.15822433],
        [-0.08123451,  0.00143212,  0.38830779, ..., -0.14432913,
         -0.15822433,  0.        ]],

       [[ 0.        , -0.44016717, -0.61765635, ..., -0.96934271,
         -0.9780208 , -0.98985472],
        [ 0.44016717,  0.        , -0.20843479, ..., -0.76223353,
         -0.78640228, -0.82626588],
        [ 0.61765635,  0.20843479,  0.        , ..., -0.61057175,
         -0.64037671, -0.69071078],
        ...,
        [ 0.96934271,  0.76223353,  0.61057175, ...,  0.        ,
         -0.03819701, -0.10549253],
        [ 0.9780208 ,  0.78640228,  0.64037671, ...,  0.03819701,
          0.        , -0.06743167],
        [ 0.98985472,  0.82626588,  0.69071078, ...,  0.10549253,
          0.06743167,  0.        ]],

       [[ 0.        , -0.04860992, -0.05425966, ..., -0.87122347,
         -0.75360608, -0.49424576],
        [ 0.04860992,  0.        , -0.00565721, ..., -0.8940555 ,
         -0.78466778, -0.53591916],
        [ 0.05425966,  0.00565721,  0.        , ..., -0.89657538,
         -0.78816222, -0.5406868 ],
        ...,
        [ 0.87122347,  0.8940555 ,  0.89657538, ...,  0.        ,
         -0.20274297, -0.5147553 ],
        [ 0.75360608,  0.78466778,  0.78816222, ...,  0.20274297,
          0.        , -0.33024578],
        [ 0.49424576,  0.53591916,  0.5406868 , ...,  0.5147553 ,
          0.33024578,  0.        ]]]), 'num': array([ 7.30878375e-01,  6.82495084e-01,  2.53315655e-06,  1.84669046e-04,
        1.88053034e-04,  1.84185619e-04,  4.11932830e-03, -2.41713411e-06,
        1.85539214e-04,  1.94579296e-04,  1.98801224e-04,  3.22284548e-07,
        2.22461753e-04,  1.66696839e-04])}
{'img': array([[[ 0.        ,  0.09215502, -0.28566055, ..., -0.93687183,
         -0.88881091, -0.93687183],
        [-0.09215502,  0.        , -0.37275997, ..., -0.96510925,
         -0.92726099, -0.96510925],
        [ 0.28566055,  0.37275997,  0.        , ..., -0.79794542,
         -0.7208641 , -0.79794542],
        ...,
        [ 0.93687183,  0.96510925,  0.79794542, ...,  0.        ,
          0.11855096,  0.        ],
        [ 0.88881091,  0.92726099,  0.7208641 , ..., -0.11855096,
          0.        , -0.11855096],
        [ 0.93687183,  0.96510925,  0.79794542, ...,  0.        ,
          0.11855096,  0.        ]],

       [[ 0.        , -0.05685154,  0.1083945 , ..., -0.21580584,
         -0.56380157, -0.29103619],
        [ 0.05685154,  0.        ,  0.16473575, ..., -0.1599449 ,
         -0.51593543, -0.23617493],
        [-0.1083945 , -0.16473575,  0.        , ..., -0.32037462,
         -0.65000376, -0.39302372],
        ...,
        [ 0.21580584,  0.1599449 ,  0.32037462, ...,  0.        ,
         -0.37228006, -0.07771426],
        [ 0.56380157,  0.51593543,  0.65000376, ...,  0.37228006,
          0.        ,  0.29902596],
        [ 0.29103619,  0.23617493,  0.39302372, ...,  0.07771426,
         -0.29902596,  0.        ]],

       [[ 0.        ,  0.06031528,  0.11581399, ..., -0.98568435,
         -0.9568286 , -0.95218198],
        [-0.06031528,  0.        ,  0.05569372, ..., -0.99405902,
         -0.97261738, -0.96887663],
        [-0.11581399, -0.05569372,  0.        , ..., -0.99857798,
         -0.98405168, -0.98115949],
        ...,
        [ 0.98568435,  0.99405902,  0.99857798, ...,  0.        ,
          0.12516942,  0.14061855],
        [ 0.9568286 ,  0.97261738,  0.98405168, ..., -0.12516942,
          0.        ,  0.01558693],
        [ 0.95218198,  0.96887663,  0.98115949, ..., -0.14061855,
         -0.01558693,  0.        ]],

       ...,

       [[ 0.        ,  0.38698765,  0.23616952, ..., -0.15963825,
         -0.00143212,  0.19192704],
        [-0.38698765,  0.        , -0.15827215, ..., -0.52922478,
         -0.38830779, -0.20282022],
        [-0.23616952,  0.15827215,  0.        , ..., -0.38826317,
         -0.23756089, -0.04528116],
        ...,
        [ 0.15963825,  0.52922478,  0.38826317, ...,  0.        ,
          0.15822433,  0.34613613],
        [ 0.00143212,  0.38830779,  0.23756089, ..., -0.15822433,
          0.        ,  0.19333234],
        [-0.19192704,  0.20282022,  0.04528116, ..., -0.34613613,
         -0.19333234,  0.        ]],

       [[ 0.        , -0.47024353, -0.66632427, ..., -0.96186917,
         -0.97907224, -0.99356387],
        [ 0.47024353,  0.        , -0.23741284, ..., -0.72026855,
         -0.76836651, -0.82359057],
        [ 0.66632427,  0.23741284,  0.        , ..., -0.53498307,
         -0.59445141, -0.66538622],
        ...,
        [ 0.96186917,  0.72026855,  0.53498307, ...,  0.        ,
         -0.07203312, -0.16279557],
        [ 0.97907224,  0.76836651,  0.59445141, ...,  0.07203312,
          0.        , -0.09130048],
        [ 0.99356387,  0.82359057,  0.66538622, ...,  0.16279557,
          0.09130048,  0.        ]],

       [[ 0.        , -0.00556651, -0.06258871, ..., -0.86111579,
         -0.78426855, -0.52864222],
        [ 0.00556651,  0.        , -0.05703214, ..., -0.86393252,
         -0.78770998, -0.53335914],
        [ 0.06258871,  0.05703214,  0.        , ..., -0.89124815,
         -0.82156229, -0.58073386],
        ...,
        [ 0.86111579,  0.86393252,  0.89124815, ...,  0.        ,
         -0.13552566, -0.46218722],
        [ 0.78426855,  0.78770998,  0.82156229, ...,  0.13552566,
          0.        , -0.33774123],
        [ 0.52864222,  0.53335914,  0.58073386, ...,  0.46218722,
          0.33774123,  0.        ]]]), 'num': array([ 7.07099424e-01,  7.07099424e-01,  0.00000000e+00,  1.71984828e-04,
        1.74265793e-04,  1.70160055e-04,  4.53366604e-03, -2.28096588e-06,
        1.74357032e-04,  1.82386032e-04,  1.87168457e-04,  3.18274309e-07,
        2.08453151e-04,  1.56318913e-04])}
{'img': array([[[ 0.        , -0.37275997, -0.35011757, ..., -0.92726099,
         -0.96510925, -0.99044888],
        [ 0.37275997,  0.        ,  0.02428259, ..., -0.7208641 ,
         -0.79794542, -0.86766873],
        [ 0.35011757, -0.02428259,  0.        , ..., -0.73748123,
         -0.81234597, -0.8794848 ],
        ...,
        [ 0.92726099,  0.7208641 ,  0.73748123, ...,  0.        ,
         -0.11855096, -0.24298835],
        [ 0.96510925,  0.79794542,  0.81234597, ...,  0.11855096,
          0.        , -0.12627689],
        [ 0.99044888,  0.86766873,  0.8794848 , ...,  0.24298835,
          0.12627689,  0.        ]],

       [[ 0.        ,  0.16473575, -0.06415594, ..., -0.51593543,
         -0.23617493, -0.09520183],
        [-0.16473575,  0.        , -0.2276758 , ..., -0.65000376,
         -0.39302372, -0.25788867],
        [ 0.06415594,  0.2276758 ,  0.        , ..., -0.4599148 ,
         -0.17334738, -0.03114115],
        ...,
        [ 0.51593543,  0.65000376,  0.4599148 , ...,  0.        ,
          0.29902596,  0.43203955],
        [ 0.23617493,  0.39302372,  0.17334738, ..., -0.29902596,
          0.        ,  0.14259361],
        [ 0.09520183,  0.25788867,  0.03114115, ..., -0.43203955,
         -0.14259361,  0.        ]],

       [[ 0.        ,  0.05569372,  0.07713332, ..., -0.97261738,
         -0.96887663, -0.982689  ],
        [-0.05569372,  0.        ,  0.02148581, ..., -0.98405168,
         -0.98115949, -0.99148175],
        [-0.07713332, -0.02148581,  0.        , ..., -0.98764647,
         -0.98508404, -0.9940513 ],
        ...,
        [ 0.97261738,  0.98405168,  0.98764647, ...,  0.        ,
          0.01558693, -0.04819906],
        [ 0.96887663,  0.98115949,  0.98508404, ..., -0.01558693,
          0.        , -0.06376201],
        [ 0.982689  ,  0.99148175,  0.9940513 , ...,  0.04819906,
          0.06376201,  0.        ]],

       ...,

       [[ 0.        , -0.15827215, -0.05373593, ..., -0.38830779,
         -0.20282022, -0.13299837],
        [ 0.15827215,  0.        ,  0.10498485, ..., -0.23756089,
         -0.04528116,  0.0255441 ],
        [ 0.05373593, -0.10498485,  0.        , ..., -0.3382275 ,
         -0.1499081 , -0.07954765],
        ...,
        [ 0.38830779,  0.23756089,  0.3382275 , ...,  0.        ,
          0.19333234,  0.26229621],
        [ 0.20282022,  0.04528116,  0.1499081 , ..., -0.19333234,
          0.        ,  0.07078428],
        [ 0.13299837, -0.0255441 ,  0.07954765, ..., -0.26229621,
         -0.07078428,  0.        ]],

       [[ 0.        , -0.51931164, -0.68884609, ..., -0.96040498,
         -0.98316177, -0.99707172],
        [ 0.51931164,  0.        , -0.21222452, ..., -0.67606338,
         -0.7452976 , -0.81236961],
        [ 0.68884609,  0.21222452,  0.        , ..., -0.50428703,
         -0.58682354, -0.67010737],
        ...,
        [ 0.96040498,  0.67606338,  0.50428703, ...,  0.        ,
         -0.09841462, -0.20434771],
        [ 0.98316177,  0.7452976 ,  0.58682354, ...,  0.09841462,
          0.        , -0.1070178 ],
        [ 0.99707172,  0.81236961,  0.67010737, ...,  0.20434771,
          0.1070178 ,  0.        ]],

       [[ 0.        , -0.05605838, -0.09743512, ..., -0.8657442 ,
         -0.78833156, -0.52568017],
        [ 0.05605838,  0.        , -0.04149026, ..., -0.89243929,
         -0.82158186, -0.57254141],
        [ 0.09743512,  0.04149026,  0.        , ..., -0.91038987,
         -0.84452761, -0.60606525],
        ...,
        [ 0.8657442 ,  0.89243929,  0.91038987, ...,  0.        ,
         -0.13810018, -0.47337731],
        [ 0.78833156,  0.82158186,  0.84452761, ...,  0.13810018,
          0.        , -0.34719464],
        [ 0.52568017,  0.57254141,  0.60606525, ...,  0.47337731,
          0.34719464,  0.        ]]]), 'num': array([ 7.07099865e-01,  7.07099865e-01,  0.00000000e+00,  1.67423000e-04,
        1.71528742e-04,  1.66054420e-04,  4.39451161e-03, -4.56193461e-06,
        1.72897322e-04,  1.80857898e-04,  1.86636348e-04,  2.37076917e-07,
        2.06669701e-04,  1.55046094e-04])}
{'img': array([[[ 0.        ,  0.02428259,  0.        , ..., -0.79794542,
         -0.86766873, -0.97542511],
        [-0.02428259,  0.        , -0.02428259, ..., -0.81234597,
         -0.8794848 , -0.9804877 ],
        [ 0.        ,  0.02428259,  0.        , ..., -0.79794542,
         -0.86766873, -0.97542511],
        ...,
        [ 0.79794542,  0.81234597,  0.79794542, ...,  0.        ,
         -0.12627689, -0.41210539],
        [ 0.86766873,  0.8794848 ,  0.86766873, ...,  0.12627689,
          0.        , -0.29375107],
        [ 0.97542511,  0.9804877 ,  0.97542511, ...,  0.41210539,
          0.29375107,  0.        ]],

       [[ 0.        , -0.2276758 , -0.22490817, ..., -0.39302372,
         -0.25788867, -0.28524458],
        [ 0.2276758 ,  0.        ,  0.00284134, ..., -0.17334738,
         -0.03114115, -0.05953624],
        [ 0.22490817, -0.00284134,  0.        , ..., -0.17614501,
         -0.03398099, -0.0623723 ],
        ...,
        [ 0.39302372,  0.17334738,  0.17614501, ...,  0.        ,
          0.14259361,  0.11440498],
        [ 0.25788867,  0.03114115,  0.03398099, ..., -0.14259361,
          0.        , -0.02842145],
        [ 0.28524458,  0.05953624,  0.0623723 , ..., -0.11440498,
          0.02842145,  0.        ]],

       [[ 0.        ,  0.02148581,  0.        , ..., -0.98115949,
         -0.99148175, -0.99992591],
        [-0.02148581,  0.        , -0.02148581, ..., -0.98508404,
         -0.9940513 , -0.99943353],
        [ 0.        ,  0.02148581,  0.        , ..., -0.98115949,
         -0.99148175, -0.99992591],
        ...,
        [ 0.98115949,  0.98508404,  0.98115949, ...,  0.        ,
         -0.06376201, -0.20512875],
        [ 0.99148175,  0.9940513 ,  0.99148175, ...,  0.06376201,
          0.        , -0.14230523],
        [ 0.99992591,  0.99943353,  0.99992591, ...,  0.20512875,
          0.14230523,  0.        ]],

       ...,

       [[ 0.        ,  0.10498485,  0.26780448, ..., -0.04528116,
          0.0255441 , -0.48255698],
        [-0.10498485,  0.        ,  0.16517444, ..., -0.1499081 ,
         -0.07954765, -0.57184279],
        [-0.26780448, -0.16517444,  0.        , ..., -0.31115697,
         -0.24310603, -0.69949121],
        ...,
        [ 0.04528116,  0.1499081 ,  0.31115697, ...,  0.        ,
          0.07078428, -0.44240185],
        [-0.0255441 ,  0.07954765,  0.24310603, ..., -0.07078428,
          0.        , -0.50477269],
        [ 0.48255698,  0.57184279,  0.69949121, ...,  0.44240185,
          0.50477269,  0.        ]],

       [[ 0.        , -0.5100329 , -0.73610198, ..., -0.96130855,
         -0.98697453, -0.99974846],
        [ 0.5100329 ,  0.        , -0.28793542, ..., -0.68637349,
         -0.76689862, -0.84849952],
        [ 0.73610198,  0.28793542,  0.        , ..., -0.44790464,
         -0.54963251, -0.66019111],
        ...,
        [ 0.96130855,  0.68637349,  0.44790464, ...,  0.        ,
         -0.11723371, -0.25384442],
        [ 0.98697453,  0.76689862,  0.54963251, ...,  0.11723371,
          0.        , -0.13870027],
        [ 0.99974846,  0.84849952,  0.66019111, ...,  0.25384442,
          0.13870027,  0.        ]],

       [[ 0.        , -0.04059975, -0.03707475, ..., -0.90306169,
         -0.83749024, -0.56246414],
        [ 0.04059975,  0.        ,  0.00352766, ..., -0.91975514,
         -0.85898555, -0.59556914],
        [ 0.03707475, -0.00352766,  0.        , ..., -0.91836484,
         -0.85717404, -0.59273165],
        ...,
        [ 0.90306169,  0.91975514,  0.91836484, ...,  0.        ,
         -0.13376896, -0.50508653],
        [ 0.83749024,  0.85898555,  0.85717404, ...,  0.13376896,
          0.        , -0.38509528],
        [ 0.56246414,  0.59556914,  0.59273165, ...,  0.50508653,
          0.38509528,  0.        ]]]), 'num': array([ 7.07100232e-01,  7.07100232e-01,  0.00000000e+00,  1.65598312e-04,
        1.70160249e-04,  1.64685925e-04,  4.27538347e-03, -1.82477479e-06,
        1.71163876e-04,  1.78896359e-04,  1.86180251e-04,  2.92318292e-07,
        2.03031161e-04,  1.54761556e-04])}
{'img': array([[[ 0.        , -0.02428259,  0.07473668, ..., -0.8794848 ,
         -0.9804877 , -0.99910154],
        [ 0.02428259,  0.        ,  0.09892933, ..., -0.86766873,
         -0.97542511, -0.99777783],
        [-0.07473668, -0.09892933,  0.        , ..., -0.91259435,
         -0.99243735, -0.99947474],
        ...,
        [ 0.8794848 ,  0.86766873,  0.91259435, ...,  0.        ,
         -0.29375107, -0.43822628],
        [ 0.9804877 ,  0.97542511,  0.99243735, ...,  0.29375107,
          0.        , -0.15485013],
        [ 0.99910154,  0.99777783,  0.99947474, ...,  0.43822628,
          0.15485013,  0.        ]],

       [[ 0.        ,  0.00284134,  0.40218772, ..., -0.03114115,
         -0.05953624, -0.08469635],
        [-0.00284134,  0.        ,  0.39958468, ..., -0.03398099,
         -0.0623723 , -0.08752714],
        [-0.40218772, -0.39958468,  0.        , ..., -0.43050417,
         -0.45598313, -0.47828694],
        ...,
        [ 0.03114115,  0.03398099,  0.43050417, ...,  0.        ,
         -0.02842145, -0.05362602],
        [ 0.05953624,  0.0623723 ,  0.45598313, ...,  0.02842145,
          0.        , -0.0252238 ],
        [ 0.08469635,  0.08752714,  0.47828694, ...,  0.05362602,
          0.0252238 ,  0.        ]],

       [[ 0.        , -0.02148581, -0.0703021 , ..., -0.9940513 ,
         -0.99943353, -0.96762574],
        [ 0.02148581,  0.        , -0.04885323, ..., -0.99148175,
         -0.99992591, -0.97282516],
        [ 0.0703021 ,  0.04885323,  0.        , ..., -0.98393497,
         -0.99932665, -0.9829751 ],
        ...,
        [ 0.9940513 ,  0.99148175,  0.98393497, ...,  0.        ,
         -0.14230523, -0.35627492],
        [ 0.99943353,  0.99992591,  0.99932665, ...,  0.14230523,
          0.        , -0.21968172],
        [ 0.96762574,  0.97282516,  0.9829751 , ...,  0.35627492,
          0.21968172,  0.        ]],

       ...,

       [[ 0.        ,  0.16517444,  0.08487592, ..., -0.07954765,
         -0.57184279, -0.21178552],
        [-0.16517444,  0.        , -0.08086832, ..., -0.24310603,
         -0.69949121, -0.37030417],
        [-0.08487592,  0.08086832,  0.        , ..., -0.16386756,
         -0.6394084 , -0.29397191],
        ...,
        [ 0.07954765,  0.24310603,  0.16386756, ...,  0.        ,
         -0.50477269, -0.13337118],
        [ 0.57184279,  0.69949121,  0.6394084 , ...,  0.50477269,
          0.        ,  0.38513016],
        [ 0.21178552,  0.37030417,  0.29397191, ...,  0.13337118,
         -0.38513016,  0.        ]],

       [[ 0.        , -0.59606447, -0.81223707, ..., -0.9687215 ,
         -0.9950582 , -0.97889019],
        [ 0.59606447,  0.        , -0.30447407, ..., -0.62990826,
         -0.73978337, -0.90781449],
        [ 0.81223707,  0.30447407,  0.        , ..., -0.36352487,
         -0.49979502, -0.73702414],
        ...,
        [ 0.9687215 ,  0.62990826,  0.36352487, ...,  0.        ,
         -0.15073651, -0.440906  ],
        [ 0.9950582 ,  0.73978337,  0.49979502, ...,  0.15073651,
          0.        , -0.30057415],
        [ 0.97889019,  0.90781449,  0.73702414, ...,  0.440906  ,
          0.30057415,  0.        ]],

       [[ 0.        ,  0.00351093,  0.06493263, ..., -0.87776009,
         -0.73136814, -0.59329447],
        [-0.00351093,  0.        ,  0.06142872, ..., -0.87607259,
         -0.72896924, -0.59046457],
        [-0.06493263, -0.06142872,  0.        , ..., -0.84479845,
         -0.68554175, -0.53977259],
        ...,
        [ 0.87776009,  0.87607259,  0.84479845, ...,  0.        ,
         -0.24821856, -0.42233651],
        [ 0.73136814,  0.72896924,  0.68554175, ...,  0.24821856,
          0.        , -0.18412408],
        [ 0.59329447,  0.59046457,  0.53977259, ...,  0.42233651,
          0.18412408,  0.        ]]]), 'num': array([7.07100217e-01, 7.07100217e-01, 0.00000000e+00, 1.73809795e-04,
       1.73809795e-04, 1.67879277e-04, 4.28016429e-03, 8.21148639e-06,
       1.70616439e-04, 1.77345296e-04, 1.85853309e-04, 4.34876226e-07,
       1.98405195e-04, 1.56285397e-04])}
{'img': array([[[ 0.        ,  0.09892933,  0.02428259, ..., -0.97542511,
         -0.99777783, -0.8125247 ],
        [-0.09892933,  0.        , -0.07473668, ..., -0.99243735,
         -0.99947474, -0.86620738],
        [-0.02428259,  0.07473668,  0.        , ..., -0.9804877 ,
         -0.99910154, -0.82644008],
        ...,
        [ 0.97542511,  0.99243735,  0.9804877 , ...,  0.        ,
         -0.15485013,  0.38957684],
        [ 0.99777783,  0.99947474,  0.99910154, ...,  0.15485013,
          0.        ,  0.52749379],
        [ 0.8125247 ,  0.86620738,  0.82644008, ..., -0.38957684,
         -0.52749379,  0.        ]],

       [[ 0.        ,  0.39958468, -0.04183365, ..., -0.0623723 ,
         -0.08752714, -0.08650142],
        [-0.39958468,  0.        , -0.43758363, ..., -0.45598313,
         -0.47828694, -0.47738247],
        [ 0.04183365,  0.43758363,  0.        , ..., -0.02056551,
         -0.04577743, -0.04474886],
        ...,
        [ 0.0623723 ,  0.45598313,  0.02056551, ...,  0.        ,
         -0.0252238 , -0.02419449],
        [ 0.08752714,  0.47828694,  0.04577743, ...,  0.0252238 ,
          0.        ,  0.00102962],
        [ 0.08650142,  0.47738247,  0.04474886, ...,  0.02419449,
         -0.00102962,  0.        ]],

       [[ 0.        , -0.04885323, -0.13530621, ..., -0.99992591,
         -0.97282516, -0.94511768],
        [ 0.04885323,  0.        , -0.08674069, ..., -0.99932665,
         -0.9829751 , -0.959951  ],
        [ 0.13530621,  0.08674069,  0.        , ..., -0.99237748,
         -0.99520782, -0.98063483],
        ...,
        [ 0.99992591,  0.99932665,  0.99237748, ...,  0.        ,
         -0.21968172, -0.31520112],
        [ 0.97282516,  0.9829751 ,  0.99520782, ...,  0.21968172,
          0.        , -0.09901784],
        [ 0.94511768,  0.959951  ,  0.98063483, ...,  0.31520112,
          0.09901784,  0.        ]],

       ...,

       [[ 0.        , -0.08086832,  0.05258056, ..., -0.69949121,
         -0.37030417,  0.24317374],
        [ 0.08086832,  0.        ,  0.1331648 , ..., -0.6394084 ,
         -0.29397191,  0.32081817],
        [-0.05258056, -0.1331648 ,  0.        , ..., -0.73609983,
         -0.41863456,  0.19183512],
        ...,
        [ 0.69949121,  0.6394084 ,  0.73609983, ...,  0.        ,
          0.38513016,  0.85227638],
        [ 0.37030417,  0.29397191,  0.41863456, ..., -0.38513016,
          0.        ,  0.58507531],
        [-0.24317374, -0.32081817, -0.19183512, ..., -0.85227638,
         -0.58507531,  0.        ]],

       [[ 0.        , -0.654124  , -0.93271807, ..., -0.97562428,
         -0.99308172, -0.83797693],
        [ 0.654124  ,  0.        , -0.4696148 , ..., -0.59440387,
         -0.82796512, -0.9907943 ],
        [ 0.93271807,  0.4696148 ,  0.        , ..., -0.14713361,
         -0.46763634, -0.8111694 ],
        ...,
        [ 0.97562428,  0.59440387,  0.14713361, ...,  0.        ,
         -0.33249239, -0.71629575],
        [ 0.99308172,  0.82796512,  0.46763634, ...,  0.33249239,
          0.        , -0.44353064],
        [ 0.83797693,  0.9907943 ,  0.8111694 , ...,  0.71629575,
          0.44353064,  0.        ]],

       [[ 0.        ,  0.06142872,  0.31084848, ..., -0.72896924,
         -0.59046457, -0.87373987],
        [-0.06142872,  0.        ,  0.25187593, ..., -0.68554175,
         -0.53977259, -0.84221126],
        [-0.31084848, -0.25187593,  0.        , ..., -0.48006549,
         -0.31033817, -0.67925966],
        ...,
        [ 0.72896924,  0.68554175,  0.48006549, ...,  0.        ,
         -0.18412408,  0.24354963],
        [ 0.59046457,  0.53977259,  0.31033817, ...,  0.18412408,
          0.        ,  0.41796548],
        [ 0.87373987,  0.84221126,  0.67925966, ..., -0.24354963,
         -0.41796548,  0.        ]]]), 'num': array([ 7.07094821e-01,  7.07094821e-01,  0.00000000e+00,  1.71983708e-04,
        1.75633230e-04,  1.69702757e-04,  5.79496596e-03, -1.82476083e-06,
        1.70158947e-04,  1.75701658e-04,  1.85502145e-04,  4.51761176e-07,
        1.92653959e-04,  1.58749358e-04])}
{'img': array([[[ 0.        , -0.07473668, -0.16952454, ..., -0.99947474,
         -0.86620738, -0.91259435],
        [ 0.07473668,  0.        , -0.09539548, ..., -0.99910154,
         -0.82644008, -0.8794848 ],
        [ 0.16952454,  0.09539548,  0.        , ..., -0.99050217,
         -0.76896105, -0.83007258],
        ...,
        [ 0.99947474,  0.99910154,  0.99050217, ...,  0.        ,
          0.52749379,  0.43822628],
        [ 0.86620738,  0.82644008,  0.76896105, ..., -0.52749379,
          0.        , -0.10184651],
        [ 0.91259435,  0.8794848 ,  0.83007258, ..., -0.43822628,
          0.10184651,  0.        ]],

       [[ 0.        , -0.43758363, -0.41877957, ..., -0.47828694,
         -0.47738247, -0.21989354],
        [ 0.43758363,  0.        ,  0.02080715, ..., -0.04577743,
         -0.04474886,  0.22914991],
        [ 0.41877957, -0.02080715,  0.        , ..., -0.06655285,
         -0.06552548,  0.2088468 ],
        ...,
        [ 0.47828694,  0.04577743,  0.06655285, ...,  0.        ,
          0.00102962,  0.27346903],
        [ 0.47738247,  0.04474886,  0.06552548, ..., -0.00102962,
          0.        ,  0.2724785 ],
        [ 0.21989354, -0.22914991, -0.2088468 , ..., -0.27346903,
         -0.2724785 ,  0.        ]],

       [[ 0.        , -0.08674069, -0.10608884, ..., -0.9829751 ,
         -0.959951  , -0.92025098],
        [ 0.08674069,  0.        , -0.0194378 , ..., -0.99520782,
         -0.98063483, -0.9507266 ],
        [ 0.10608884,  0.0194378 ,  0.        , ..., -0.99692047,
         -0.98425636, -0.95657329],
        ...,
        [ 0.9829751 ,  0.99520782,  0.99692047, ...,  0.        ,
         -0.09901784, -0.21558051],
        [ 0.959951  ,  0.98063483,  0.98425636, ...,  0.09901784,
          0.        , -0.11783153],
        [ 0.92025098,  0.9507266 ,  0.95657329, ...,  0.21558051,
          0.11783153,  0.        ]],

       ...,

       [[ 0.        ,  0.1331648 ,  0.07447226, ..., -0.29397191,
          0.32081817,  0.38141987],
        [-0.1331648 ,  0.        , -0.05898602, ..., -0.41863456,
          0.19183512,  0.25492511],
        [-0.07447226,  0.05898602,  0.        , ..., -0.3643372 ,
          0.24939158,  0.3115184 ],
        ...,
        [ 0.29397191,  0.41863456,  0.3643372 , ...,  0.        ,
          0.58507531,  0.63631466],
        [-0.32081817, -0.19183512, -0.24939158, ..., -0.58507531,
          0.        ,  0.06469339],
        [-0.38141987, -0.25492511, -0.3115184 , ..., -0.63631466,
         -0.06469339,  0.        ]],

       [[ 0.        , -0.51691815, -0.67989561, ..., -0.86263231,
         -0.99672018, -0.53473634],
        [ 0.51691815,  0.        , -0.20295364, ..., -0.47696983,
         -0.81139549, -0.89455857],
        [ 0.67989561,  0.20295364,  0.        , ..., -0.28866335,
         -0.67588311, -0.96665161],
        ...,
        [ 0.86263231,  0.47696983,  0.28866335, ...,  0.        ,
         -0.43436377, -0.99942714],
        [ 0.99672018,  0.81139549,  0.67588311, ...,  0.43436377,
          0.        , -0.88552109],
        [ 0.53473634,  0.89455857,  0.96665161, ...,  0.99942714,
          0.88552109,  0.        ]],

       [[ 0.        ,  0.25187593,  0.30701574, ..., -0.53977259,
         -0.84221126, -0.9571701 ],
        [-0.25187593,  0.        ,  0.05740596, ..., -0.31033817,
         -0.67925966, -0.85338582],
        [-0.30701574, -0.05740596,  0.        , ..., -0.25525478,
         -0.63600938, -0.82205394],
        ...,
        [ 0.53977259,  0.31033817,  0.25525478, ...,  0.        ,
          0.41796548,  0.64947791],
        [ 0.84221126,  0.67925966,  0.63600938, ..., -0.41796548,
          0.        ,  0.27221381],
        [ 0.9571701 ,  0.85338582,  0.82205394, ..., -0.64947791,
         -0.27221381,  0.        ]]]), 'num': array([7.07102700e-01, 7.07102700e-01, 0.00000000e+00, 1.74266601e-04,
       1.74722796e-04, 1.69248453e-04, 3.36114654e-03, 2.28097645e-06,
       1.70617039e-04, 1.74677177e-04, 1.85162065e-04, 4.86608310e-07,
       1.89192218e-04, 1.60162135e-04])}
{'img': array([[[ 0.        , -0.09539548, -0.02428259, ..., -0.82644008,
         -0.8794848 , -0.81234597],
        [ 0.09539548,  0.        ,  0.07119551, ..., -0.76896105,
         -0.83007258, -0.75300889],
        [ 0.02428259, -0.07119551,  0.        , ..., -0.8125247 ,
         -0.86766873, -0.79794542],
        ...,
        [ 0.82644008,  0.76896105,  0.8125247 , ...,  0.        ,
         -0.10184651,  0.02458903],
        [ 0.8794848 ,  0.83007258,  0.86766873, ...,  0.10184651,
          0.        ,  0.12627689],
        [ 0.81234597,  0.75300889,  0.79794542, ..., -0.02458903,
         -0.12627689,  0.        ]],

       [[ 0.        ,  0.02080715, -0.17202922, ..., -0.04474886,
          0.22914991, -0.28186961],
        [-0.02080715,  0.        , -0.19248893, ..., -0.06552548,
          0.2088468 , -0.30177207],
        [ 0.17202922,  0.19248893,  0.        , ...,  0.12777516,
          0.39318543, -0.11261355],
        ...,
        [ 0.04474886,  0.06552548, -0.12777516, ...,  0.        ,
          0.2724785 , -0.23865284],
        [-0.22914991, -0.2088468 , -0.39318543, ..., -0.2724785 ,
          0.        , -0.49422789],
        [ 0.28186961,  0.30177207,  0.11261355, ...,  0.23865284,
          0.49422789,  0.        ]],

       [[ 0.        , -0.0194378 , -0.02587175, ..., -0.98063483,
         -0.9507266 , -0.98063483],
        [ 0.0194378 ,  0.        , -0.00643557, ..., -0.98425636,
         -0.95657329, -0.98425636],
        [ 0.02587175,  0.00643557,  0.        , ..., -0.98537344,
         -0.9584294 , -0.98537344],
        ...,
        [ 0.98063483,  0.98425636,  0.98537344, ...,  0.        ,
         -0.11783153,  0.        ],
        [ 0.9507266 ,  0.95657329,  0.9584294 , ...,  0.11783153,
          0.        ,  0.11783153],
        [ 0.98063483,  0.98425636,  0.98537344, ...,  0.        ,
         -0.11783153,  0.        ]],

       ...,

       [[ 0.        , -0.05898602,  0.11853451, ...,  0.19183512,
          0.25492511,  0.38021258],
        [ 0.05898602,  0.        ,  0.17689828, ...,  0.24939158,
          0.3115184 ,  0.43410667],
        [-0.11853451, -0.17689828,  0.        , ...,  0.07414968,
          0.13850964,  0.26789959],
        ...,
        [-0.19183512, -0.24939158, -0.07414968, ...,  0.        ,
          0.06469339,  0.19572282],
        [-0.25492511, -0.3115184 , -0.13850964, ..., -0.06469339,
          0.        ,  0.13187065],
        [-0.38021258, -0.43410667, -0.26789959, ..., -0.19572282,
         -0.13187065,  0.        ]],

       [[ 0.        , -0.18259318, -0.34459182, ..., -0.72808281,
         -0.9775078 , -0.85186836],
        [ 0.18259318,  0.        , -0.1673889 , ..., -0.59067704,
         -0.92256572, -0.93318149],
        [ 0.34459182,  0.1673889 ,  0.        , ..., -0.44727569,
         -0.84496385, -0.98017567],
        ...,
        [ 0.72808281,  0.59067704,  0.44727569, ...,  0.        ,
         -0.5165189 , -0.96528425],
        [ 0.9775078 ,  0.92256572,  0.84496385, ...,  0.5165189 ,
          0.        , -0.69163392],
        [ 0.85186836,  0.93318149,  0.98017567, ...,  0.96528425,
          0.69163392,  0.        ]],

       [[ 0.        ,  0.05740596,  0.31033817, ..., -0.67925966,
         -0.85338582, -0.91051893],
        [-0.05740596,  0.        ,  0.25525478, ..., -0.63600938,
         -0.82205394, -0.88528192],
        [-0.31033817, -0.25525478,  0.        , ..., -0.41796548,
         -0.64947791, -0.73724847],
        ...,
        [ 0.67925966,  0.63600938,  0.41796548, ...,  0.        ,
          0.27221381,  0.38737634],
        [ 0.85338582,  0.82205394,  0.64947791, ..., -0.27221381,
          0.        ,  0.12178795],
        [ 0.91051893,  0.88528192,  0.73724847, ..., -0.38737634,
         -0.12178795,  0.        ]]]), 'num': array([7.27341608e-01, 6.86269356e-01, 2.13917981e-06, 1.80141458e-04,
       1.80141458e-04, 1.75450274e-04, 2.88045253e-03, 9.38236759e-07,
       1.77045276e-04, 1.78874838e-04, 1.90094586e-04, 6.11435191e-07,
       1.92003785e-04, 1.65745892e-04])}
{'img': array([[[ 0.        ,  0.07119551, -0.30817813, ..., -0.83007258,
         -0.75300889, -0.7203692 ],
        [-0.07119551,  0.        , -0.37512642, ..., -0.86766873,
         -0.79794542, -0.76792173],
        [ 0.30817813,  0.37512642,  0.        , ..., -0.61781465,
         -0.51357455, -0.47155836],
        ...,
        [ 0.83007258,  0.86766873,  0.61781465, ...,  0.        ,
          0.12627689,  0.17401296],
        [ 0.75300889,  0.79794542,  0.51357455, ..., -0.12627689,
          0.        ,  0.04826966],
        [ 0.7203692 ,  0.76792173,  0.47155836, ..., -0.17401296,
         -0.04826966,  0.        ]],

       [[ 0.        , -0.19231027,  0.60011877, ...,  0.20873854,
         -0.30141703, -0.62985872],
        [ 0.19231027,  0.        ,  0.74274814, ...,  0.39291622,
         -0.11242445, -0.46873263],
        [-0.60011877, -0.74274814,  0.        , ..., -0.41992681,
         -0.81331546, -0.96994894],
        ...,
        [-0.20873854, -0.39291622,  0.41992681, ...,  0.        ,
         -0.49380787, -0.77811312],
        [ 0.30141703,  0.11242445,  0.81331546, ...,  0.49380787,
          0.        , -0.36645197],
        [ 0.62985872,  0.46873263,  0.96994894, ...,  0.77811312,
          0.36645197,  0.        ]],

       [[ 0.        , -0.00643557, -0.1127078 , ..., -0.95657329,
         -0.98425636, -0.9982075 ],
        [ 0.00643557,  0.        , -0.1063109 , ..., -0.9584294 ,
         -0.98537344, -0.99780167],
        [ 0.1127078 ,  0.1063109 ,  0.        , ..., -0.98333159,
         -0.99790559, -0.98510175],
        ...,
        [ 0.95657329,  0.9584294 ,  0.98333159, ...,  0.        ,
          0.11783153,  0.34821847],
        [ 0.98425636,  0.98537344,  0.99790559, ..., -0.11783153,
          0.        ,  0.23533579],
        [ 0.9982075 ,  0.99780167,  0.98510175, ..., -0.34821847,
         -0.23533579,  0.        ]],

       ...,

       [[ 0.        ,  0.17689828, -0.30505363, ...,  0.3115184 ,
          0.43410667,  0.76523294],
        [-0.17689828,  0.        , -0.46870912, ...,  0.13850964,
          0.26789959,  0.63928568],
        [ 0.30505363,  0.46870912,  0.        , ...,  0.58654413,
          0.68822612,  0.92513758],
        ...,
        [-0.3115184 , -0.13850964, -0.58654413, ...,  0.        ,
          0.13187065,  0.52661399],
        [-0.43410667, -0.26789959, -0.68822612, ..., -0.13187065,
          0.        ,  0.40991119],
        [-0.76523294, -0.63928568, -0.92513758, ..., -0.52661399,
         -0.40991119,  0.        ]],

       [[ 0.        , -0.15582016, -0.21742535, ..., -0.85877072,
         -0.98381108, -0.90877348],
        [ 0.15582016,  0.        , -0.06267713, ..., -0.76844519,
         -0.94386994, -0.96269537],
        [ 0.21742535,  0.06267713,  0.        , ..., -0.72682624,
         -0.92131082, -0.97776222],
        ...,
        [ 0.85877072,  0.76844519,  0.72682624, ...,  0.        ,
         -0.35016636, -0.8239755 ],
        [ 0.98381108,  0.94386994,  0.92131082, ...,  0.35016636,
          0.        , -0.57339441],
        [ 0.90877348,  0.96269537,  0.97776222, ...,  0.8239755 ,
          0.57339441,  0.        ]],

       [[ 0.        ,  0.25525478, -0.11919629, ..., -0.82205394,
         -0.88528192, -0.91964724],
        [-0.25525478,  0.        , -0.36868277, ..., -0.64947791,
         -0.73724847, -0.7889327 ],
        [ 0.11919629,  0.36868277,  0.        , ..., -0.88406479,
         -0.93440329, -0.9599046 ],
        ...,
        [ 0.82205394,  0.64947791,  0.88406479, ...,  0.        ,
          0.12178795,  0.20079807],
        [ 0.88528192,  0.73724847,  0.93440329, ..., -0.12178795,
          0.        ,  0.0799959 ],
        [ 0.91964724,  0.7889327 ,  0.9599046 , ..., -0.20079807,
         -0.0799959 ,  0.        ]]]), 'num': array([ 8.10432502e-01,  5.85807340e-01,  1.19164542e-05,  1.98082153e-04,
        2.00709237e-04,  1.97031320e-04,  5.34764018e-03, -3.67791796e-06,
        1.99763487e-04,  1.99001633e-04,  2.12531117e-04,  5.57849991e-07,
        2.08470076e-04,  1.89533190e-04])}
{'img': array([[[ 0.        , -0.37512642, -0.56675702, ..., -0.79794542,
         -0.76792173, -0.86766873],
        [ 0.37512642,  0.        , -0.2163078 , ..., -0.51357455,
         -0.47155836, -0.61781465],
        [ 0.56675702,  0.2163078 ,  0.        , ..., -0.31581397,
         -0.26964656, -0.43310007],
        ...,
        [ 0.79794542,  0.51357455,  0.31581397, ...,  0.        ,
          0.04826966, -0.12627689],
        [ 0.76792173,  0.47155836,  0.26964656, ..., -0.04826966,
          0.        , -0.17401296],
        [ 0.86766873,  0.61781465,  0.43310007, ...,  0.12627689,
          0.17401296,  0.        ]],

       [[ 0.        ,  0.74274814,  0.81034379, ..., -0.11242445,
         -0.46873263,  0.20083492],
