state_0,state_1,state_2,state_3,state_4,state_5,state_6,state_7,state_8,state_9,state_10,state_11,state_12,state_13,state_14,state_15,state_16,state_17,state_18,state_19,state_20,state_21,state_22,state_23,state_24,state_25,state_26,state_27,state_28,state_29,state_30,state_31,state_32,state_33,state_34,state_35,state_36,state_37,state_38,state_39,state_40,state_41,state_42,state_43,state_44,state_45,state_46,state_47,state_48,state_49,state_50,state_51,state_52,state_53,state_54,state_55,state_56,state_57,state_58,state_59,state_60,state_61,state_62,state_63,state_64,state_65,state_66,state_67,state_68,state_69,state_70,state_71,state_72,state_73,state_74,state_75,state_76,state_77,state_78,state_79,state_80,state_81,state_82,state_83,state_84,state_85,state_86,state_87,state_88,state_89,state_90,state_91,state_92,state_93,state_94,state_95,state_96,state_97,state_98,state_99,state_100,state_101,state_102,state_103,state_104,state_105,state_106,state_107,state_108,state_109,state_110,state_111,state_112,state_113,state_114,state_115,state_116,state_117,state_118,state_119,state_120,state_121,state_122,state_123,state_124,state_125,state_126,state_127,state_128,state_129,state_130,state_131,state_132,state_133,state_134,state_135,state_136,state_137,state_138,state_139,state_140,state_141,state_142,state_143,state_144,state_145,state_146,state_147,state_148,state_149,state_150,state_151,state_152,state_153,state_154,state_155,state_156,state_157,state_158,state_159,state_160,state_161,state_162,state_163,state_164,state_165,state_166,state_167,state_168,state_169,state_170,state_171,state_172,state_173,state_174,state_175,state_176,state_177,state_178,state_179,state_180,state_181,state_182,state_183,state_184,state_185,state_186,state_187,state_188,state_189,state_190,state_191,state_192,state_193,state_194,state_195,state_196,state_197,state_198,state_199,state_200,state_201,state_202,state_203,state_204,state_205,state_206,state_207,state_208,state_209,state_210,state_211,state_212,state_213,state_214,state_215,state_216,state_217,state_218,state_219,state_220,state_221,state_222,state_223,state_224,state_225,state_226,state_227,state_228,state_229,state_230,state_231,state_232,state_233,state_234,state_235,state_236,state_237,state_238,state_239,state_240,state_241,state_242,state_243,state_244,state_245,state_246,state_247,state_248,state_249,state_250,state_251,state_252,state_253,state_254,state_255,state_256,state_257,state_258,state_259,state_260,state_261,state_262,state_263,state_264,state_265,state_266,state_267,state_268,state_269,state_270,state_271,state_272,state_273,state_274,state_275,state_276,state_277,state_278,state_279,state_280,state_281,state_282,state_283,state_284,state_285,state_286,state_287
{'img': array([[[ 0.        , -0.04081554,  0.02815517, ...,  0.01397782,
          0.70977   ,  0.37971035],
        [ 0.04081554,  0.        ,  0.06893107, ...,  0.05477772,
          0.73793038,  0.41715262],
        [-0.02815517, -0.06893107,  0.        , ..., -0.01418014,
          0.68965517,  0.35351332],
        ...,
        [-0.01397782, -0.05477772,  0.01418014, ...,  0.        ,
          0.69985421,  0.3667423 ],
        [-0.70977   , -0.73793038, -0.68965517, ..., -0.69985421,
          0.        , -0.38913138],
        [-0.37971035, -0.41715262, -0.35351332, ..., -0.3667423 ,
          0.38913138,  0.        ]],

       [[ 0.        , -0.31854164,  0.09842351, ..., -0.02905668,
          0.65933995, -0.01380266],
        [ 0.31854164,  0.        ,  0.41029151, ...,  0.29086406,
          0.86448811,  0.30542764],
        [-0.09842351, -0.41029151,  0.        , ..., -0.12729755,
          0.58213939, -0.11214977],
        ...,
        [ 0.02905668, -0.29086406,  0.12729755, ...,  0.        ,
          0.68090767,  0.01525709],
        [-0.65933995, -0.86448811, -0.58213939, ..., -0.68090767,
          0.        , -0.6696546 ],
        [ 0.01380266, -0.30542764,  0.11214977, ..., -0.01525709,
          0.6696546 ,  0.        ]],

       [[ 0.        ,  0.20443144,  0.48627169, ...,  0.17640999,
          0.34179273,  0.74977617],
        [-0.20443144,  0.        ,  0.2973683 , ..., -0.02854093,
          0.14245474,  0.598671  ],
        [-0.48627169, -0.2973683 ,  0.        , ..., -0.32449698,
         -0.15832504,  0.3333983 ],
        ...,
        [-0.17640999,  0.02854093,  0.32449698, ...,  0.        ,
          0.17064656,  0.62128827],
        [-0.34179273, -0.14245474,  0.15832504, ..., -0.17064656,
          0.        ,  0.47845981],
        [-0.74977617, -0.598671  , -0.3333983 , ..., -0.62128827,
         -0.47845981,  0.        ]],

       ...,

       [[ 0.        ,  0.343027  ,  0.68674324, ...,  0.88018918,
          0.95299334,  0.99516445],
        [-0.343027  ,  0.        ,  0.39572911, ...,  0.66397567,
          0.99910517,  0.96847645],
        [-0.68674324, -0.39572911,  0.        , ...,  0.31386543,
          0.90080812,  0.79083895],
        ...,
        [-0.88018918, -0.66397567, -0.31386543, ...,  0.        ,
          0.7190022 ,  0.55878259],
        [-0.95299334, -0.99910517, -0.90080812, ..., -0.7190022 ,
          0.        , -0.20792047],
        [-0.99516445, -0.96847645, -0.79083895, ..., -0.55878259,
          0.20792047,  0.        ]],

       [[ 0.        , -0.50448375, -0.74975664, ..., -0.99470459,
         -0.95767905, -0.90450395],
        [ 0.50448375,  0.        , -0.31353198, ..., -0.80700049,
         -0.68167067, -0.5658231 ],
        [ 0.74975664,  0.31353198,  0.        , ..., -0.58115307,
         -0.41790069, -0.27877748],
        ...,
        [ 0.99470459,  0.80700049,  0.58115307, ...,  0.        ,
          0.18788814,  0.33124616],
        [ 0.95767905,  0.68167067,  0.41790069, ..., -0.18788814,
          0.        ,  0.14806601],
        [ 0.90450395,  0.5658231 ,  0.27877748, ..., -0.33124616,
         -0.14806601,  0.        ]],

       [[ 0.        ,  0.07129591,  0.23841583, ..., -0.75488541,
         -0.77064534, -0.76374832],
        [-0.07129591,  0.        ,  0.16856915, ..., -0.79972429,
         -0.81411854, -0.80782726],
        [-0.23841583, -0.16856915,  0.        , ..., -0.88948353,
         -0.90035626, -0.89562503],
        ...,
        [ 0.75488541,  0.79972429,  0.88948353, ...,  0.        ,
         -0.02437139, -0.01362025],
        [ 0.77064534,  0.81411854,  0.90035626, ...,  0.02437139,
          0.        ,  0.01075293],
        [ 0.76374832,  0.80782726,  0.89562503, ...,  0.01362025,
         -0.01075293,  0.        ]]]), 'num': array([ 7.22187314e-01,  6.91688449e-01,  3.48957265e-07,  1.27078604e-03,
        1.31149772e-03,  1.27078604e-03,  5.65398008e-04, -3.05337607e-05,
        1.27892838e-03,  1.19546943e-03,  1.15715683e-03,  1.09049145e-06,
        1.33959953e-03,  1.05133933e-03])}
{'img': array([[[ 0.        ,  0.06893107, -0.207135  , ...,  0.73793038,
          0.41715262,  0.05477772],
        [-0.06893107,  0.        , -0.27407843, ...,  0.68965517,
          0.35351332, -0.01418014],
        [ 0.207135  ,  0.27407843,  0.        , ...,  0.86171703,
          0.5963574 ,  0.26041372],
        ...,
        [-0.73793038, -0.68965517, -0.86171703, ...,  0.        ,
         -0.38913138, -0.69985421],
        [-0.41715262, -0.35351332, -0.5963574 , ...,  0.38913138,
          0.        , -0.3667423 ],
        [-0.05477772,  0.01418014, -0.26041372, ...,  0.69985421,
          0.3667423 ,  0.        ]],

       [[ 0.        ,  0.41029151,  0.12932856, ...,  0.86448811,
          0.30542764, -0.25408437],
        [-0.41029151,  0.        , -0.28890405, ...,  0.58213939,
         -0.11214977, -0.62853996],
        [-0.12932856,  0.28890405,  0.        , ...,  0.79222054,
          0.17971397, -0.37703478],
        ...,
        [-0.86448811, -0.58213939, -0.79222054, ...,  0.        ,
         -0.6696546 , -0.96383373],
        [-0.30542764,  0.11214977, -0.17971397, ...,  0.6696546 ,
          0.        , -0.53734716],
        [ 0.25408437,  0.62853996,  0.37703478, ...,  0.96383373,
          0.53734716,  0.        ]],

       [[ 0.        ,  0.22313535,  0.18773334, ...,  0.11378294,
          0.33766353,  0.68999984],
        [-0.22313535,  0.        , -0.0361679 , ..., -0.11077204,
          0.11912027,  0.51109571],
        [-0.18773334,  0.0361679 ,  0.        , ..., -0.07475425,
          0.15495271,  0.54184848],
        ...,
        [-0.11378294,  0.11077204,  0.07475425, ...,  0.        ,
          0.22837051,  0.60316155],
        [-0.33766353, -0.11912027, -0.15495271, ..., -0.22837051,
          0.        ,  0.40506991],
        [-0.68999984, -0.51109571, -0.54184848, ..., -0.60316155,
         -0.40506991,  0.        ]],

       ...,

       [[ 0.        ,  0.39572911,  0.07360291, ...,  0.99910517,
          0.96847645,  0.6501947 ],
        [-0.39572911,  0.        , -0.32706124, ...,  0.90080812,
          0.79083895,  0.29645536],
        [-0.07360291,  0.32706124,  0.        , ...,  0.99328218,
          0.94751472,  0.59251001],
        ...,
        [-0.99910517, -0.90080812, -0.99328218, ...,  0.        ,
         -0.20792047, -0.73158777],
        [-0.96847645, -0.79083895, -0.94751472, ...,  0.20792047,
          0.        , -0.57385024],
        [-0.6501947 , -0.29645536, -0.59251001, ...,  0.73158777,
          0.57385024,  0.        ]],

       [[ 0.        , -0.6213812 , -0.83165265, ..., -0.92406727,
         -0.84736084, -0.7893028 ],
        [ 0.6213812 ,  0.        , -0.30655622, ..., -0.486504  ,
         -0.33395003, -0.23689473],
        [ 0.83165265,  0.30655622,  0.        , ..., -0.19524854,
         -0.02891413,  0.07234134],
        ...,
        [ 0.92406727,  0.486504  ,  0.19524854, ...,  0.        ,
          0.16680927,  0.26568602],
        [ 0.84736084,  0.33395003,  0.02891413, ..., -0.16680927,
          0.        ,  0.10114946],
        [ 0.7893028 ,  0.23689473, -0.07234134, ..., -0.26568602,
         -0.10114946,  0.        ]],

       [[ 0.        ,  0.16856915,  0.35436381, ..., -0.81411854,
         -0.80782726, -0.78028729],
        [-0.16856915,  0.        ,  0.1916625 , ..., -0.90035626,
         -0.89562503, -0.87454798],
        [-0.35436381, -0.1916625 ,  0.        , ..., -0.96706707,
         -0.96427431, -0.95127926],
        ...,
        [ 0.81411854,  0.90035626,  0.96706707, ...,  0.        ,
          0.01075293,  0.05605521],
        [ 0.80782726,  0.89562503,  0.96427431, ..., -0.01075293,
          0.        ,  0.04531594],
        [ 0.78028729,  0.87454798,  0.95127926, ..., -0.05605521,
         -0.04531594,  0.        ]]]), 'num': array([7.07103462e-01, 7.07103462e-01, 0.00000000e+00, 1.08693269e-03,
       1.08693269e-03, 1.04154429e-03, 9.65685943e-04, 4.29995349e-05,
       1.06447737e-03, 9.89347631e-04, 9.51384616e-04, 9.11007094e-07,
       1.11453659e-03, 8.64158671e-04])}
{'img': array([[[ 0.        , -0.25219469, -0.41689166, ...,  0.29549073,
         -0.01270534,  0.74535599],
        [ 0.25219469,  0.        , -0.17418235, ...,  0.52687252,
          0.23987967,  0.88939328],
        [ 0.41689166,  0.17418235,  0.        , ...,  0.66686374,
          0.40530941,  0.95542371],
        ...,
        [-0.29549073, -0.52687252, -0.66686374, ...,  0.        ,
         -0.30760487,  0.51507875],
        [ 0.01270534, -0.23987967, -0.40530941, ...,  0.30760487,
          0.        ,  0.75376605],
        [-0.74535599, -0.88939328, -0.95542371, ..., -0.51507875,
         -0.75376605,  0.        ]],

       [[ 0.        , -0.28890405, -0.22110878, ..., -0.11214977,
         -0.62853996, -0.02984736],
        [ 0.28890405,  0.        ,  0.07007316, ...,  0.17971397,
         -0.37703478,  0.26020073],
        [ 0.22110878, -0.07007316,  0.        , ...,  0.11033991,
         -0.44100967,  0.19190166],
        ...,
        [ 0.11214977, -0.17971397, -0.11033991, ...,  0.        ,
         -0.53734716,  0.08244074],
        [ 0.62853996,  0.37703478,  0.44100967, ...,  0.53734716,
          0.        ,  0.60504532],
        [ 0.02984736, -0.26020073, -0.19190166, ..., -0.08244074,
         -0.60504532,  0.        ]],

       [[ 0.        , -0.02609108, -0.10031933, ...,  0.07956913,
          0.22278105,  0.6732434 ],
        [ 0.02609108,  0.        , -0.07432571, ...,  0.1055504 ,
          0.24814058,  0.69230651],
        [ 0.10031933,  0.07432571,  0.        , ...,  0.17916897,
          0.31945533,  0.7440253 ],
        ...,
        [-0.07956913, -0.1055504 , -0.17916897, ...,  0.        ,
          0.14450525,  0.61227371],
        [-0.22278105, -0.24814058, -0.31945533, ..., -0.14450525,
          0.        ,  0.49159482],
        [-0.6732434 , -0.69230651, -0.7440253 , ..., -0.61227371,
         -0.49159482,  0.        ]],

       ...,

       [[ 0.        , -0.32706124, -0.53807902, ...,  0.79083895,
          0.29645536,  0.34657896],
        [ 0.32706124,  0.        , -0.23280828, ...,  0.94751472,
          0.59251001,  0.63430846],
        [ 0.53807902,  0.23280828,  0.        , ...,  0.99591116,
          0.76377116,  0.79685878],
        ...,
        [-0.79083895, -0.94751472, -0.99591116, ...,  0.        ,
         -0.57385024, -0.52970863],
        [-0.29645536, -0.59251001, -0.76377116, ...,  0.57385024,
          0.        ,  0.0529178 ],
        [-0.34657896, -0.63430846, -0.79685878, ...,  0.52970863,
         -0.0529178 ,  0.        ]],

       [[ 0.        , -0.66808362, -0.81323898, ..., -0.69721667,
         -0.58653975, -0.1670133 ],
        [ 0.66808362,  0.        , -0.21634211, ..., -0.03986659,
          0.10465843,  0.53442785],
        [ 0.81323898,  0.21634211,  0.        , ...,  0.17724766,
          0.31733388,  0.70462672],
        ...,
        [ 0.69721667,  0.03986659, -0.17724766, ...,  0.        ,
          0.14422288,  0.56769879],
        [ 0.58653975, -0.10465843, -0.31733388, ..., -0.14422288,
          0.        ,  0.44303411],
        [ 0.1670133 , -0.53442785, -0.70462672, ..., -0.56769879,
         -0.44303411,  0.        ]],

       [[ 0.        ,  0.1916625 ,  0.27327968, ..., -0.89562503,
         -0.87454798, -0.87052932],
        [-0.1916625 ,  0.        ,  0.08384653, ..., -0.96427431,
         -0.95127926, -0.94871077],
        [-0.27327968, -0.08384653,  0.        , ..., -0.98309022,
         -0.97378195, -0.97187775],
        ...,
        [ 0.89562503,  0.96427431,  0.98309022, ...,  0.        ,
          0.04531594,  0.05353188],
        [ 0.87454798,  0.95127926,  0.97378195, ..., -0.04531594,
          0.        ,  0.00822593],
        [ 0.87052932,  0.94871077,  0.97187775, ..., -0.05353188,
         -0.00822593,  0.        ]]]), 'num': array([7.07102771e-01, 7.07102771e-01, 0.00000000e+00, 1.12395897e-03,
       1.13231998e-03, 1.08932049e-03, 1.58164079e-03, 3.70273411e-05,
       1.08048170e-03, 9.99320158e-04, 9.52697560e-04, 9.02342584e-07,
       1.13369708e-03, 8.64943239e-04])}
{'img': array([[[ 0.        , -0.14360508,  0.06084585, ...,  0.18586095,
          0.53462146,  0.96294172],
        [ 0.14360508,  0.        ,  0.20355419, ...,  0.32503742,
          0.6504396 ,  0.99169256],
        [-0.06084585, -0.20355419,  0.        , ...,  0.1257309 ,
          0.48221057,  0.94474685],
        ...,
        [-0.18586095, -0.32503742, -0.1257309 , ...,  0.        ,
          0.36823671,  0.89603501],
        [-0.53462146, -0.6504396 , -0.48221057, ..., -0.36823671,
          0.        ,  0.6695815 ],
        [-0.96294172, -0.99169256, -0.94474685, ..., -0.89603501,
         -0.6695815 ,  0.        ]],

       [[ 0.        ,  0.07007316, -0.32164093, ..., -0.37703478,
          0.26020073,  0.73409719],
        [-0.07007316,  0.        , -0.38719988, ..., -0.44100967,
          0.19190166,  0.68470988],
        [ 0.32164093,  0.38719988,  0.        , ..., -0.05909626,
          0.55693596,  0.913497  ],
        ...,
        [ 0.37703478,  0.44100967,  0.05909626, ...,  0.        ,
          0.60504532,  0.93594352],
        [-0.26020073, -0.19190166, -0.55693596, ..., -0.60504532,
          0.        ,  0.53212303],
        [-0.73409719, -0.68470988, -0.913497  , ..., -0.93594352,
         -0.53212303,  0.        ]],

       [[ 0.        , -0.060898  , -0.09278888, ...,  0.18725181,
          0.38149529,  0.79844139],
        [ 0.060898  ,  0.        , -0.03198139, ...,  0.2467251 ,
          0.43707957,  0.83362449],
        [ 0.09278888,  0.03198139,  0.        , ...,  0.27759159,
          0.46562078,  0.8508624 ],
        ...,
        [-0.18725181, -0.2467251 , -0.27759159, ...,  0.        ,
          0.20165728,  0.67157935],
        [-0.38149529, -0.43707957, -0.46562078, ..., -0.20165728,
          0.        ,  0.50836805],
        [-0.79844139, -0.83362449, -0.8508624 , ..., -0.67157935,
         -0.50836805,  0.        ]],

       ...,

       [[ 0.        , -0.23280828,  0.00167314, ...,  0.59251001,
          0.63430846,  0.61040291],
        [ 0.23280828,  0.        ,  0.23443512, ...,  0.76377116,
          0.79685878,  0.77803602],
        [-0.00167314, -0.23443512,  0.        , ...,  0.59116136,
          0.6330141 ,  0.60907677],
        ...,
        [-0.59251001, -0.76377116, -0.59116136, ...,  0.        ,
          0.0529178 ,  0.02239615],
        [-0.63430846, -0.79685878, -0.6330141 , ..., -0.0529178 ,
          0.        , -0.03053976],
        [-0.61040291, -0.77803602, -0.60907677, ..., -0.02239615,
          0.03053976,  0.        ]],

       [[ 0.        , -0.16724226, -0.32606654, ...,  0.07371187,
          0.2944678 ,  0.82352482],
        [ 0.16724226,  0.        , -0.16337223, ...,  0.23946099,
          0.45014744,  0.90679938],
        [ 0.32606654,  0.16337223,  0.        , ...,  0.39486279,
          0.58998341,  0.96348768],
        ...,
        [-0.07371187, -0.23946099, -0.39486279, ...,  0.        ,
          0.22322313,  0.77946919],
        [-0.2944678 , -0.45014744, -0.58998341, ..., -0.22322313,
          0.        ,  0.61996511],
        [-0.82352482, -0.90679938, -0.96348768, ..., -0.77946919,
         -0.61996511,  0.        ]],

       [[ 0.        ,  0.08384653,  0.29520169, ..., -0.95127926,
         -0.94871077, -0.94454748],
        [-0.08384653,  0.        ,  0.21405229, ..., -0.97378195,
         -0.97187775, -0.96875452],
        [-0.29520169, -0.21405229,  0.        , ..., -0.99990518,
         -0.99975807, -0.9993905 ],
        ...,
        [ 0.95127926,  0.97378195,  0.99990518, ...,  0.        ,
          0.00822593,  0.0211433 ],
        [ 0.94871077,  0.97187775,  0.99975807, ..., -0.00822593,
          0.        ,  0.0129185 ],
        [ 0.94454748,  0.96875452,  0.9993905 , ..., -0.0211433 ,
         -0.0129185 ,  0.        ]]]), 'num': array([ 7.07103478e-01,  7.07103478e-01,  0.00000000e+00,  1.10365475e-03,
        1.12873782e-03,  1.09171044e-03,  6.90859209e-04, -2.03053364e-05,
        1.08549939e-03,  1.00911550e-03,  9.54111923e-04,  8.38539701e-07,
        1.14392714e-03,  8.74303853e-04])}
{'img': array([[[ 0.        ,  0.20355419, -0.05835687, ...,  0.6504396 ,
          0.99169256,  0.78591294],
        [-0.20355419,  0.        , -0.26034238, ...,  0.48221057,
          0.94474685,  0.64359369],
        [ 0.05835687,  0.26034238,  0.        , ...,  0.69365653,
          0.99750899,  0.82065779],
        ...,
        [-0.6504396 , -0.48221057, -0.69365653, ...,  0.        ,
          0.6695815 ,  0.19475547],
        [-0.99169256, -0.94474685, -0.99750899, ..., -0.6695815 ,
          0.        , -0.51210784],
        [-0.78591294, -0.64359369, -0.82065779, ..., -0.19475547,
          0.51210784,  0.        ]],

       [[ 0.        , -0.38719988, -0.01411306, ...,  0.19190166,
          0.68470988, -0.10807501],
        [ 0.38719988,  0.        ,  0.37414914, ...,  0.55693596,
          0.913497  ,  0.28528724],
        [ 0.01411306, -0.37414914,  0.        , ...,  0.2057333 ,
          0.69492751, -0.09403386],
        ...,
        [-0.19190166, -0.55693596, -0.2057333 , ...,  0.        ,
          0.53212303, -0.29684399],
        [-0.68470988, -0.913497  , -0.69492751, ..., -0.53212303,
          0.        , -0.75946613],
        [ 0.10807501, -0.28528724,  0.09403386, ...,  0.29684399,
          0.75946613,  0.        ]],

       [[ 0.        , -0.03057119, -0.12351507, ...,  0.405972  ,
          0.66826643,  0.85461038],
        [ 0.03057119,  0.        , -0.09312024, ...,  0.43372082,
          0.69069666,  0.87008562],
        [ 0.12351507,  0.09312024,  0.        , ...,  0.51574199,
          0.7550349 ,  0.91220401],
        ...,
        [-0.405972  , -0.43372082, -0.51574199, ...,  0.        ,
          0.3087075 ,  0.57020705],
        [-0.66826643, -0.69069666, -0.7550349 , ..., -0.3087075 ,
          0.        ,  0.28875292],
        [-0.85461038, -0.87008562, -0.91220401, ..., -0.57020705,
         -0.28875292,  0.        ]],

       ...,

       [[ 0.        ,  0.23443512,  0.12104626, ...,  0.79685878,
          0.77803602,  0.63544325],
        [-0.23443512,  0.        , -0.11503837, ...,  0.6330141 ,
          0.60907677,  0.43671606],
        [-0.12104626,  0.11503837,  0.        , ...,  0.71786738,
          0.69627137,  0.53730517],
        ...,
        [-0.79685878, -0.6330141 , -0.71786738, ...,  0.        ,
         -0.03053976, -0.23137961],
        [-0.77803602, -0.60907677, -0.69627137, ...,  0.03053976,
          0.        , -0.20156067],
        [-0.63544325, -0.43671606, -0.53730517, ...,  0.23137961,
          0.20156067,  0.        ]],

       [[ 0.        , -0.15073005, -0.2897317 , ...,  0.39560192,
          0.68067322,  0.9388648 ],
        [ 0.15073005,  0.        , -0.14215659, ...,  0.52951595,
          0.7833194 ,  0.98003249],
        [ 0.2897317 ,  0.14215659,  0.        , ...,  0.64472971,
          0.86373145,  0.99834551],
        ...,
        [-0.39560192, -0.52951595, -0.64472971, ...,  0.        ,
          0.33533242,  0.72607394],
        [-0.68067322, -0.7833194 , -0.86373145, ..., -0.33533242,
          0.        ,  0.45345401],
        [-0.9388648 , -0.98003249, -0.99834551, ..., -0.72607394,
         -0.45345401,  0.        ]],

       [[ 0.        ,  0.21405229,  0.43679519, ..., -0.97187775,
         -0.96875452, -0.92092958],
        [-0.21405229,  0.        ,  0.23411815, ..., -0.99975807,
         -0.9993905 , -0.98300685],
        [-0.43679519, -0.23411815,  0.        , ..., -0.97712244,
         -0.97978838, -0.99866408],
        ...,
        [ 0.97187775,  0.99975807,  0.97712244, ...,  0.        ,
          0.0129185 ,  0.16190296],
        [ 0.96875452,  0.9993905 ,  0.97978838, ..., -0.0129185 ,
          0.        ,  0.14914138],
        [ 0.92092958,  0.98300685,  0.99866408, ..., -0.16190296,
         -0.14914138,  0.        ]]]), 'num': array([7.07103419e-01, 7.07103419e-01, 0.00000000e+00, 1.11082125e-03,
       1.12873772e-03, 1.09648807e-03, 7.29176512e-04, 7.16658870e-06,
       1.09386032e-03, 1.02058195e-03, 9.55983119e-04, 8.42844774e-07,
       1.14887629e-03, 8.92287616e-04])}
{'img': array([[[ 0.        , -0.26034238, -0.17887045, ...,  0.94474685,
          0.64359369,  0.72167379],
        [ 0.26034238,  0.        ,  0.0834414 , ...,  0.99750899,
          0.82065779,  0.87700552],
        [ 0.17887045, -0.0834414 ,  0.        , ...,  0.98814446,
          0.77011582,  0.83385518],
        ...,
        [-0.94474685, -0.99750899, -0.98814446, ...,  0.        ,
         -0.51210784, -0.41741996],
        [-0.64359369, -0.82065779, -0.77011582, ...,  0.51210784,
          0.        ,  0.10682857],
        [-0.72167379, -0.87700552, -0.83385518, ...,  0.41741996,
         -0.10682857,  0.        ]],

       [[ 0.        ,  0.37414914, -0.25841989, ...,  0.913497  ,
          0.28528724,  0.32961164],
        [-0.37414914,  0.        , -0.60109078, ...,  0.69492751,
         -0.09403386, -0.04756894],
        [ 0.25841989,  0.60109078,  0.        , ...,  0.98760493,
          0.5232773 ,  0.56239414],
        ...,
        [-0.913497  , -0.69492751, -0.98760493, ...,  0.        ,
         -0.75946613, -0.72834669],
        [-0.28528724,  0.09403386, -0.5232773 , ...,  0.75946613,
          0.        ,  0.04656924],
        [-0.32961164,  0.04756894, -0.56239414, ...,  0.72834669,
         -0.04656924,  0.        ]],

       [[ 0.        , -0.08762658, -0.16164851, ...,  0.59759026,
          0.67490088,  0.89715109],
        [ 0.08762658,  0.        , -0.07455257, ...,  0.6655507 ,
          0.73696519,  0.93240685],
        [ 0.16164851,  0.07455257,  0.        , ...,  0.71934103,
          0.78530665,  0.95675611],
        ...,
        [-0.59759026, -0.6655507 , -0.71934103, ...,  0.        ,
          0.10016977,  0.45536739],
        [-0.67490088, -0.73696519, -0.78530665, ..., -0.10016977,
          0.        ,  0.36389554],
        [-0.89715109, -0.93240685, -0.95675611, ..., -0.45536739,
         -0.36389554,  0.        ]],

       ...,

       [[ 0.        , -0.11503837,  0.01630197, ...,  0.60907677,
          0.43671606,  0.44816438],
        [ 0.11503837,  0.        ,  0.13121683, ...,  0.69627137,
          0.53730517,  0.54802773],
        [-0.01630197, -0.13121683,  0.        , ...,  0.59606656,
          0.42199278,  0.43353166],
        ...,
        [-0.60907677, -0.69627137, -0.59606656, ...,  0.        ,
         -0.20156067, -0.18904067],
        [-0.43671606, -0.53730517, -0.42199278, ...,  0.20156067,
          0.        ,  0.01276558],
        [-0.44816438, -0.54802773, -0.43353166, ...,  0.18904067,
         -0.01276558,  0.        ]],

       [[ 0.        , -0.13807018, -0.16204302, ...,  0.74033412,
          0.88210955,  0.98576762],
        [ 0.13807018,  0.        , -0.02424564, ...,  0.82605971,
          0.93869828,  0.99953786],
        [ 0.16204302,  0.02424564,  0.        , ...,  0.83948129,
          0.94678077,  0.99998106],
        ...,
        [-0.74033412, -0.82605971, -0.83948129, ...,  0.        ,
          0.24425835,  0.53821126],
        [-0.88210955, -0.93869828, -0.94678077, ..., -0.24425835,
          0.        ,  0.31604557],
        [-0.98576762, -0.99953786, -0.99998106, ..., -0.53821126,
         -0.31604557,  0.        ]],

       [[ 0.        ,  0.23411815,  0.22035179, ..., -0.9993905 ,
         -0.98300685, -0.89561024],
        [-0.23411815,  0.        , -0.01413583, ..., -0.97978838,
         -0.99866408, -0.97486461],
        [-0.22035179,  0.01413583,  0.        , ..., -0.98251817,
         -0.99929473, -0.97161777],
        ...,
        [ 0.9993905 ,  0.97978838,  0.98251817, ...,  0.        ,
          0.14914138,  0.4133038 ],
        [ 0.98300685,  0.99866408,  0.99929473, ..., -0.14914138,
          0.        ,  0.27287423],
        [ 0.89561024,  0.97486461,  0.97161777, ..., -0.4133038 ,
         -0.27287423,  0.        ]]]), 'num': array([7.62396639e-01, 6.47101710e-01, 1.23574415e-06, 1.20098884e-03,
       1.21772288e-03, 1.19069098e-03, 4.03946741e-04, 3.86170046e-06,
       1.19403778e-03, 1.11281335e-03, 1.03182491e-03, 9.09851782e-07,
       1.23740399e-03, 9.88222713e-04])}
{'img': array([[[ 0.        ,  0.0834414 ,  0.10018956, ...,  0.82065779,
          0.87700552,  0.90601069],
        [-0.0834414 ,  0.        ,  0.01681862, ...,  0.77011582,
          0.83385518,  0.86753417],
        [-0.10018956, -0.01681862,  0.        , ...,  0.75927823,
          0.82445364,  0.85904626],
        ...,
        [-0.82065779, -0.77011582, -0.75927823, ...,  0.        ,
          0.10682857,  0.17036525],
        [-0.87700552, -0.83385518, -0.82445364, ..., -0.10682857,
          0.        ,  0.06412349],
        [-0.90601069, -0.86753417, -0.85904626, ..., -0.17036525,
         -0.06412349,  0.        ]],

       [[ 0.        , -0.60109078, -0.77152647, ..., -0.09403386,
         -0.04756894, -0.64709101],
        [ 0.60109078,  0.        , -0.23417682, ...,  0.5232773 ,
          0.56239414, -0.0588634 ],
        [ 0.77152647,  0.23417682,  0.        , ...,  0.70828376,
          0.74038984,  0.17654413],
        ...,
        [ 0.09403386, -0.5232773 , -0.70828376, ...,  0.        ,
          0.04656924, -0.57253114],
        [ 0.04756894, -0.56239414, -0.74038984, ..., -0.04656924,
          0.        , -0.61009131],
        [ 0.64709101,  0.0588634 , -0.17654413, ...,  0.57253114,
          0.61009131,  0.        ]],

       [[ 0.        , -0.06888352, -0.09153572, ...,  0.62934518,
          0.7227962 ,  0.95791948],
        [ 0.06888352,  0.        , -0.02272396, ...,  0.68138148,
          0.76868209,  0.97541627],
        [ 0.09153572,  0.02272396,  0.        , ...,  0.69783784,
          0.78301854,  0.98017208],
        ...,
        [-0.62934518, -0.68138148, -0.69783784, ...,  0.        ,
          0.12678757,  0.56377865],
        [-0.7227962 , -0.76868209, -0.78301854, ..., -0.12678757,
          0.        ,  0.45451175],
        [-0.95791948, -0.97541627, -0.98017208, ..., -0.56377865,
         -0.45451175,  0.        ]],

       ...,

       [[ 0.        ,  0.13121683,  0.20833758, ...,  0.53730517,
          0.54802773,  0.5515446 ],
        [-0.13121683,  0.        ,  0.07819869, ...,  0.42199278,
          0.43353166,  0.43732186],
        [-0.20833758, -0.07819869,  0.        , ...,  0.34980569,
          0.36173626,  0.36565821],
        ...,
        [-0.53730517, -0.42199278, -0.34980569, ...,  0.        ,
          0.01276558,  0.0169754 ],
        [-0.54802773, -0.43353166, -0.36173626, ..., -0.01276558,
          0.        ,  0.00421027],
        [-0.5515446 , -0.43732186, -0.36565821, ..., -0.0169754 ,
         -0.00421027,  0.        ]],

       [[ 0.        , -0.02424564, -0.02096744, ...,  0.93869828,
          0.99953786,  0.98887255],
        [ 0.02424564,  0.        ,  0.00327903, ...,  0.94678077,
          0.99998106,  0.99218876],
        [ 0.02096744, -0.00327903,  0.        , ...,  0.94572022,
          0.9999555 ,  0.99177438],
        ...,
        [-0.93869828, -0.94678077, -0.94572022, ...,  0.        ,
          0.31604557,  0.20125815],
        [-0.99953786, -0.99998106, -0.9999555 , ..., -0.31604557,
          0.        , -0.11863626],
        [-0.98887255, -0.99218876, -0.99177438, ..., -0.20125815,
          0.11863626,  0.        ]],

       [[ 0.        , -0.01413583,  0.03425498, ..., -0.99866408,
         -0.97486461, -0.81643716],
        [ 0.01413583,  0.        ,  0.04837909, ..., -0.99929473,
         -0.97161777, -0.80819308],
        [-0.03425498, -0.04837909,  0.        , ..., -0.99630795,
         -0.98192443, -0.83573802],
        ...,
        [ 0.99866408,  0.99929473,  0.99630795, ...,  0.        ,
          0.27287423,  0.61885031],
        [ 0.97486461,  0.97161777,  0.98192443, ..., -0.27287423,
          0.        ,  0.38101961],
        [ 0.81643716,  0.80819308,  0.83573802, ..., -0.61885031,
         -0.38101961,  0.        ]]]), 'num': array([ 8.26471093e-01,  5.62967599e-01,  2.89882831e-06,  1.27914317e-03,
        1.30587994e-03,  1.27492158e-03,  7.22751072e-04, -3.37727570e-05,
        1.30503562e-03,  1.22686576e-03,  1.12986290e-03,  8.67679528e-07,
        1.34830060e-03,  1.10543091e-03])}
{'img': array([[[ 0.        ,  0.01681862,  0.10158358, ...,  0.83385518,
          0.86753417,  0.62153792],
        [-0.01681862,  0.        ,  0.0848376 , ...,  0.82445364,
          0.85904626,  0.60827457],
        [-0.10158358, -0.0848376 ,  0.        , ...,  0.77346921,
          0.81252103,  0.53874374],
        ...,
        [-0.83385518, -0.82445364, -0.77346921, ...,  0.        ,
          0.06412349, -0.31015033],
        [-0.86753417, -0.85904626, -0.81252103, ..., -0.06412349,
          0.        , -0.37047343],
        [-0.62153792, -0.60827457, -0.53874374, ...,  0.31015033,
          0.37047343,  0.        ]],

       [[ 0.        , -0.23417682,  0.35029108, ...,  0.56239414,
         -0.0588634 ,  0.43419708],
        [ 0.23417682,  0.        ,  0.55989049, ...,  0.74038984,
          0.17654413,  0.63307448],
        [-0.35029108, -0.55989049,  0.        , ...,  0.2371164 ,
         -0.40481756,  0.09113826],
        ...,
        [-0.56239414, -0.74038984, -0.2371164 , ...,  0.        ,
         -0.61009131, -0.14759047],
        [ 0.0588634 , -0.17654413,  0.40481756, ...,  0.61009131,
          0.        ,  0.4864694 ],
        [-0.43419708, -0.63307448, -0.09113826, ...,  0.14759047,
         -0.4864694 ,  0.        ]],

       [[ 0.        , -0.02272396,  0.00569924, ...,  0.76868209,
          0.97541627,  0.96020484],
        [ 0.02272396,  0.        ,  0.02842136, ...,  0.78301854,
          0.98017208,  0.96630362],
        [-0.00569924, -0.02842136,  0.        , ...,  0.76502419,
          0.97414448,  0.95859747],
        ...,
        [-0.76868209, -0.78301854, -0.76502419, ...,  0.        ,
          0.45451175,  0.39948641],
        [-0.97541627, -0.98017208, -0.97414448, ..., -0.45451175,
          0.        , -0.06082988],
        [-0.96020484, -0.96630362, -0.95859747, ..., -0.39948641,
          0.06082988,  0.        ]],

       ...,

       [[ 0.        ,  0.07819869,  0.08482069, ...,  0.43353166,
          0.43732186,  0.15495214],
        [-0.07819869,  0.        ,  0.00664407, ...,  0.36173626,
          0.36565821,  0.07722344],
        [-0.08482069, -0.00664407,  0.        , ...,  0.35553414,
          0.35946618,  0.0705975 ],
        ...,
        [-0.43353166, -0.36173626, -0.35553414, ...,  0.        ,
          0.00421027, -0.28866215],
        [-0.43732186, -0.36565821, -0.35946618, ..., -0.00421027,
          0.        , -0.29269064],
        [-0.15495214, -0.07722344, -0.0705975 , ...,  0.28866215,
          0.29269064,  0.        ]],

       [[ 0.        ,  0.00327903,  0.0151612 , ...,  0.99998106,
          0.99218876,  0.95218453],
        [-0.00327903,  0.        ,  0.01188246, ...,  0.9999555 ,
          0.99177438,  0.95117759],
        [-0.0151612 , -0.01188246,  0.        , ...,  0.9997728 ,
          0.99018343,  0.94744299],
        ...,
        [-0.99998106, -0.9999555 , -0.9997728 , ...,  0.        ,
         -0.11863626, -0.299657  ],
        [-0.99218876, -0.99177438, -0.99018343, ...,  0.11863626,
          0.        , -0.18435619],
        [-0.95218453, -0.95117759, -0.94744299, ...,  0.299657  ,
          0.18435619,  0.        ]],

       [[ 0.        ,  0.04837909,  0.18763319, ..., -0.97161777,
         -0.80819308, -0.5062841 ],
        [-0.04837909,  0.        ,  0.13989364, ..., -0.98192443,
         -0.83573802, -0.54741178],
        [-0.18763319, -0.13989364,  0.        , ..., -0.99874686,
         -0.90433939, -0.6591007 ],
        ...,
        [ 0.97161777,  0.98192443,  0.99874686, ...,  0.        ,
          0.38101961,  0.71812614],
        [ 0.80819308,  0.83573802,  0.90433939, ..., -0.38101961,
          0.        ,  0.39879921],
        [ 0.5062841 ,  0.54741178,  0.6591007 , ..., -0.71812614,
         -0.39879921,  0.        ]]]), 'num': array([8.21534629e-01, 5.70147185e-01, 2.69151439e-06, 1.29581157e-03,
       1.29719895e-03, 1.26112711e-03, 8.38129258e-04, 3.46844638e-05,
       1.28471254e-03, 1.21985259e-03, 1.11614605e-03, 8.75683802e-07,
       1.33193312e-03, 1.10777207e-03])}
{'img': array([[[ 0.        ,  0.0848376 , -0.30345543, ...,  0.85904626,
          0.60827457,  0.87103858],
        [-0.0848376 ,  0.        , -0.38319854, ...,  0.81252103,
          0.53874374,  0.82622483],
        [ 0.30345543,  0.38319854,  0.        , ...,  0.97387669,
          0.82045244,  0.97902705],
        ...,
        [-0.85904626, -0.81252103, -0.97387669, ...,  0.        ,
         -0.37047343,  0.02390679],
        [-0.60827457, -0.53874374, -0.82045244, ...,  0.37047343,
          0.        ,  0.39257321],
        [-0.87103858, -0.82622483, -0.97902705, ..., -0.02390679,
         -0.39257321,  0.        ]],

       [[ 0.        ,  0.55989049,  0.98130299, ...,  0.17654413,
          0.63307448,  0.73424985],
        [-0.55989049,  0.        ,  0.70531314, ..., -0.40481756,
          0.09113826,  0.22827683],
        [-0.98130299, -0.70531314,  0.        , ..., -0.93191006,
         -0.63777027, -0.52486574],
        ...,
        [-0.17654413,  0.40481756,  0.93191006, ...,  0.        ,
          0.4864694 ,  0.60286462],
        [-0.63307448, -0.09113826,  0.63777027, ..., -0.4864694 ,
          0.        ,  0.13859493],
        [-0.73424985, -0.22827683,  0.52486574, ..., -0.60286462,
         -0.13859493,  0.        ]],

       [[ 0.        ,  0.02842136, -0.07686377, ...,  0.98017208,
          0.96630362,  0.93166982],
        [-0.02842136,  0.        , -0.10517   , ...,  0.97414448,
          0.95859747,  0.9209678 ],
        [ 0.07686377,  0.10517   ,  0.        , ...,  0.99250276,
          0.98323003,  0.95683865],
        ...,
        [-0.98017208, -0.97414448, -0.99250276, ...,  0.        ,
         -0.06082988, -0.17149388],
        [-0.96630362, -0.95859747, -0.98323003, ...,  0.06082988,
          0.        , -0.1112476 ],
        [-0.93166982, -0.9209678 , -0.95683865, ...,  0.17149388,
          0.1112476 ,  0.        ]],

       ...,

       [[ 0.        ,  0.00664407, -0.33105097, ...,  0.36565821,
          0.07722344,  0.12249828],
        [-0.00664407,  0.        , -0.33731309, ...,  0.35946618,
          0.0705975 ,  0.11590155],
        [ 0.33105097,  0.33731309,  0.        , ...,  0.65316522,
          0.40293141,  0.44414869],
        ...,
        [-0.36565821, -0.35946618, -0.65316522, ...,  0.        ,
         -0.29269064, -0.24888916],
        [-0.07722344, -0.0705975 , -0.40293141, ...,  0.29269064,
          0.        ,  0.04549064],
        [-0.12249828, -0.11590155, -0.44414869, ...,  0.24888916,
         -0.04549064,  0.        ]],

       [[ 0.        ,  0.01188246,  0.02530542, ...,  0.99177438,
          0.95117759,  0.97539394],
        [-0.01188246,  0.        ,  0.01342497, ...,  0.99018343,
          0.94744299,  0.97270536],
        [-0.02530542, -0.01342497,  0.        , ...,  0.98821773,
          0.94306262,  0.96950252],
        ...,
        [-0.99177438, -0.99018343, -0.98821773, ...,  0.        ,
         -0.18435619, -0.0938069 ],
        [-0.95117759, -0.94744299, -0.94306262, ...,  0.18435619,
          0.        ,  0.09134425],
        [-0.97539394, -0.97270536, -0.96950252, ...,  0.0938069 ,
         -0.09134425,  0.        ]],

       [[ 0.        ,  0.13989364, -0.28099267, ..., -0.83573802,
         -0.54741178, -0.01882391],
        [-0.13989364,  0.        , -0.41248686, ..., -0.90433939,
         -0.6591007 , -0.15850766],
        [ 0.28099267,  0.41248686,  0.        , ..., -0.64776501,
         -0.29020403,  0.26287739],
        ...,
        [ 0.83573802,  0.90433939,  0.64776501, ...,  0.        ,
          0.39879921,  0.82525319],
        [ 0.54741178,  0.6591007 ,  0.29020403, ..., -0.39879921,
          0.        ,  0.53156175],
        [ 0.01882391,  0.15850766, -0.26287739, ..., -0.82525319,
         -0.53156175,  0.        ]]]), 'num': array([ 8.04215363e-01,  5.94327215e-01,  2.35037119e-06,  1.22741607e-03,
        1.27552308e-03,  1.22054364e-03,  9.60697042e-04, -5.63539291e-05,
        1.26425229e-03,  1.21325886e-03,  1.10696527e-03,  8.00577854e-07,
        1.31888916e-03,  1.10762855e-03])}
{'img': array([[[ 0.        , -0.38319854, -0.56354277, ...,  0.53874374,
          0.82622483,  0.37989402],
        [ 0.38319854,  0.        , -0.20397001, ...,  0.82045244,
          0.97902705,  0.70536535],
        [ 0.56354277,  0.20397001,  0.        , ...,  0.91981685,
          0.99999997,  0.83511945],
        ...,
        [-0.53874374, -0.82045244, -0.91981685, ...,  0.        ,
          0.39257321, -0.17830494],
        [-0.82622483, -0.97902705, -0.99999997, ..., -0.39257321,
          0.        , -0.55027308],
        [-0.37989402, -0.70536535, -0.83511945, ...,  0.17830494,
          0.55027308,  0.        ]],

       [[ 0.        ,  0.71708182,  0.54010906, ...,  0.09499749,
          0.23617029,  0.36149302],
