state_0,state_1,state_2,state_3,state_4,state_5,state_6,state_7,state_8,state_9,state_10,state_11,state_12,state_13,state_14,state_15,state_16,state_17,state_18,state_19,state_20,state_21,state_22,state_23,state_24,state_25,state_26,state_27,state_28,state_29,state_30,state_31,state_32,state_33,state_34,state_35,state_36,state_37,state_38,state_39,state_40,state_41,state_42,state_43,state_44,state_45,state_46,state_47,state_48,state_49,state_50,state_51,state_52,state_53,state_54,state_55,state_56,state_57,state_58,state_59,state_60,state_61,state_62,state_63,state_64,state_65,state_66,state_67,state_68,state_69,state_70,state_71,state_72,state_73,state_74,state_75,state_76,state_77,state_78,state_79,state_80,state_81,state_82,state_83,state_84,state_85,state_86,state_87,state_88,state_89,state_90,state_91,state_92,state_93,state_94,state_95,state_96,state_97,state_98,state_99,state_100,state_101,state_102,state_103,state_104,state_105,state_106,state_107,state_108,state_109,state_110,state_111,state_112,state_113,state_114,state_115,state_116,state_117,state_118,state_119,state_120,state_121,state_122,state_123,state_124,state_125,state_126,state_127,state_128,state_129,state_130,state_131,state_132,state_133,state_134,state_135,state_136,state_137,state_138,state_139,state_140,state_141,state_142,state_143,state_144,state_145,state_146,state_147,state_148,state_149,state_150,state_151,state_152,state_153,state_154,state_155,state_156,state_157,state_158,state_159,state_160,state_161,state_162,state_163,state_164,state_165,state_166,state_167,state_168,state_169,state_170,state_171,state_172,state_173,state_174,state_175,state_176,state_177,state_178,state_179,state_180,state_181,state_182,state_183,state_184,state_185,state_186,state_187,state_188,state_189,state_190,state_191,state_192,state_193,state_194,state_195,state_196,state_197,state_198,state_199,state_200,state_201,state_202,state_203,state_204,state_205,state_206,state_207,state_208,state_209,state_210,state_211,state_212,state_213,state_214,state_215,state_216,state_217,state_218,state_219,state_220,state_221,state_222,state_223,state_224,state_225,state_226,state_227,state_228,state_229,state_230,state_231,state_232,state_233,state_234,state_235,state_236,state_237,state_238,state_239,state_240,state_241,state_242,state_243,state_244,state_245,state_246,state_247,state_248,state_249,state_250,state_251,state_252,state_253,state_254,state_255,state_256,state_257,state_258,state_259,state_260,state_261,state_262,state_263,state_264,state_265,state_266,state_267,state_268,state_269,state_270,state_271,state_272,state_273,state_274,state_275,state_276,state_277,state_278,state_279,state_280,state_281,state_282,state_283,state_284,state_285,state_286,state_287
{'img': array([[[ 0.        ,  0.02338267,  0.30896146, ...,  0.7284874 ,
          0.77025555,  0.69660085],
        [-0.02338267,  0.        ,  0.28663832, ...,  0.7122697 ,
          0.755133  ,  0.67963428],
        [-0.30896146, -0.28663832,  0.        , ...,  0.48118894,
          0.53553481,  0.4408522 ],
        ...,
        [-0.7284874 , -0.7122697 , -0.48118894, ...,  0.        ,
          0.06308848, -0.04544694],
        [-0.77025555, -0.755133  , -0.53553481, ..., -0.06308848,
          0.        , -0.1083797 ],
        [-0.69660085, -0.67963428, -0.4408522 , ...,  0.04544694,
          0.1083797 ,  0.        ]],

       [[ 0.        , -0.36530327,  0.08157074, ...,  0.02342543,
         -0.18255576, -0.45833985],
        [ 0.36530327,  0.        ,  0.44001919, ...,  0.38700949,
          0.18922547, -0.10199017],
        [-0.08157074, -0.44001919,  0.        , ..., -0.058201  ,
         -0.26214739, -0.52931066],
        ...,
        [-0.02342543, -0.38700949,  0.058201  , ...,  0.        ,
         -0.20553744, -0.47903406],
        [ 0.18255576, -0.18922547,  0.26214739, ...,  0.20553744,
          0.        , -0.28838632],
        [ 0.45833985,  0.10199017,  0.52931066, ...,  0.47903406,
          0.28838632,  0.        ]],

       [[ 0.        ,  0.44032891,  0.68004209, ...,  0.99570822,
          0.99999928,  0.99840314],
        [-0.44032891,  0.        ,  0.28772933, ...,  0.85323162,
          0.89730665,  0.92127717],
        [-0.68004209, -0.28772933,  0.        , ...,  0.66708987,
          0.73235519,  0.77041814],
        ...,
        [-0.99570822, -0.85323162, -0.66708987, ...,  0.        ,
          0.09135125,  0.14864823],
        [-0.99999928, -0.89730665, -0.73235519, ..., -0.09135125,
          0.        ,  0.05769035],
        [-0.99840314, -0.92127717, -0.77041814, ..., -0.14864823,
         -0.05769035,  0.        ]],

       ...,

       [[ 0.        , -0.11089534, -0.03200295, ..., -0.33312255,
         -0.19180236, -0.24912954],
        [ 0.11089534,  0.        ,  0.07903298, ..., -0.22650649,
         -0.08178293, -0.14019411],
        [ 0.03200295, -0.07903298,  0.        , ..., -0.30277686,
         -0.16029534, -0.21800803],
        ...,
        [ 0.33312255,  0.22650649,  0.30277686, ...,  0.        ,
          0.14609036,  0.0877191 ],
        [ 0.19180236,  0.08178293,  0.16029534, ..., -0.14609036,
          0.        , -0.05874923],
        [ 0.24912954,  0.14019411,  0.21800803, ..., -0.0877191 ,
          0.05874923,  0.        ]],

       [[ 0.        ,  0.33657298,  0.54322023, ...,  0.99422966,
          0.99587582,  0.99333025],
        [-0.33657298,  0.        ,  0.22894395, ...,  0.90011869,
          0.90723765,  0.89656856],
        [-0.54322023, -0.22894395,  0.        , ...,  0.77647295,
          0.78684303,  0.77135494],
        ...,
        [-0.99422966, -0.90011869, -0.77647295, ...,  0.        ,
          0.01662683, -0.00808165],
        [-0.99587582, -0.90723765, -0.78684303, ..., -0.01662683,
          0.        , -0.02470682],
        [-0.99333025, -0.89656856, -0.77135494, ...,  0.00808165,
          0.02470682,  0.        ]],

       [[ 0.        ,  0.01479165, -0.01612987, ...,  0.99968036,
          0.97185236,  0.64969974],
        [-0.01479165,  0.        , -0.03091784, ...,  0.99994495,
          0.97523081,  0.66087314],
        [ 0.01612987,  0.03091784,  0.        , ...,  0.99914251,
          0.96792588,  0.63735343],
        ...,
        [-0.99968036, -0.99994495, -0.99914251, ...,  0.        ,
          0.21094501,  0.74352221],
        [-0.97185236, -0.97523081, -0.96792588, ..., -0.21094501,
          0.        ,  0.58573012],
        [-0.64969974, -0.66087314, -0.63735343, ..., -0.74352221,
         -0.58573012,  0.        ]]]), 'num': array([ 9.99434972e-01,  3.36084275e-02,  8.17804050e-06,  1.62843801e-04,
        1.66290960e-04,  1.62292255e-04,  4.18512705e-05, -8.27318210e-07,
        1.63946892e-04,  1.58748576e-04,  1.58226906e-04,  8.95871884e-08,
        1.68334247e-04,  1.49162904e-04])}
{'img': array([[[ 0.        ,  0.28663832,  0.6016735 , ...,  0.755133  ,
          0.67963428,  0.65922656],
        [-0.28663832,  0.        ,  0.3474765 , ...,  0.53553481,
          0.4408522 ,  0.4160286 ],
        [-0.6016735 , -0.3474765 ,  0.        , ...,  0.20871646,
          0.10149426,  0.07412702],
        ...,
        [-0.755133  , -0.53553481, -0.20871646, ...,  0.        ,
         -0.1083797 , -0.13564778],
        [-0.67963428, -0.4408522 , -0.10149426, ...,  0.1083797 ,
          0.        , -0.0274708 ],
        [-0.65922656, -0.4160286 , -0.07412702, ...,  0.13564778,
          0.0274708 ,  0.        ]],

       [[ 0.        ,  0.44001919,  0.88627775, ...,  0.18922547,
         -0.10199017, -0.11336639],
        [-0.44001919,  0.        ,  0.59207041, ..., -0.26214739,
         -0.52931066, -0.5389842 ],
        [-0.88627775, -0.59207041,  0.        , ..., -0.78262541,
         -0.92889334, -0.93307025],
        ...,
        [-0.18922547,  0.26214739,  0.78262541, ...,  0.        ,
         -0.28838632, -0.29932385],
        [ 0.10199017,  0.52931066,  0.92889334, ...,  0.28838632,
          0.        , -0.01144256],
        [ 0.11336639,  0.5389842 ,  0.93307025, ...,  0.29932385,
          0.01144256,  0.        ]],

       [[ 0.        ,  0.56297716,  0.79249403, ...,  0.99848094,
          0.99998376,  0.99696138],
        [-0.56297716,  0.        ,  0.31162616, ...,  0.79419798,
          0.82966789,  0.86781558],
        [-0.79249403, -0.31162616,  0.        , ...,  0.56528826,
          0.61438683,  0.66975971],
        ...,
        [-0.99848094, -0.79419798, -0.56528826, ...,  0.        ,
          0.06078842,  0.13270981],
        [-0.99998376, -0.82966789, -0.61438683, ..., -0.06078842,
          0.        ,  0.07221365],
        [-0.99696138, -0.86781558, -0.66975971, ..., -0.13270981,
         -0.07221365,  0.        ]],

       ...,

       [[ 0.        ,  0.07903298,  0.26482617, ..., -0.08178293,
         -0.14019411, -0.08178293],
        [-0.07903298,  0.        ,  0.1877866 , ..., -0.16029534,
         -0.21800803, -0.16029534],
        [-0.26482617, -0.1877866 ,  0.        , ..., -0.34280202,
         -0.3973994 , -0.34280202],
        ...,
        [ 0.08178293,  0.16029534,  0.34280202, ...,  0.        ,
         -0.05874923,  0.        ],
        [ 0.14019411,  0.21800803,  0.3973994 , ...,  0.05874923,
          0.        ,  0.05874923],
        [ 0.08178293,  0.16029534,  0.34280202, ...,  0.        ,
         -0.05874923,  0.        ]],

       [[ 0.        ,  0.44633497,  0.71039022, ...,  0.99234448,
          0.98886483,  0.98947242],
        [-0.44633497,  0.        ,  0.3215699 , ...,  0.83289261,
          0.8184795 ,  0.82085092],
        [-0.71039022, -0.3215699 ,  0.        , ...,  0.61068629,
          0.59025324,  0.59358987],
        ...,
        [-0.99234448, -0.83289261, -0.61068629, ...,  0.        ,
         -0.02555166, -0.02141304],
        [-0.98886483, -0.8184795 , -0.59025324, ...,  0.02555166,
          0.        ,  0.00413975],
        [-0.98947242, -0.82085092, -0.59358987, ...,  0.02141304,
         -0.00413975,  0.        ]],

       [[ 0.        , -0.03022568, -0.20650803, ...,  0.99215508,
          0.8937476 ,  0.64959999],
        [ 0.03022568,  0.        , -0.17683951, ...,  0.98792315,
          0.8797809 ,  0.62632332],
        [ 0.20650803,  0.17683951,  0.        , ...,  0.94495285,
          0.78184943,  0.47859467],
        ...,
        [-0.99215508, -0.98792315, -0.94495285, ...,  0.        ,
          0.33332095,  0.67310327],
        [-0.8937476 , -0.8797809 , -0.78184943, ..., -0.33332095,
          0.        ,  0.38810379],
        [-0.64959999, -0.62632332, -0.47859467, ..., -0.67310327,
         -0.38810379,  0.        ]]]), 'num': array([ 7.68930495e-01,  6.39313288e-01,  1.12710615e-06,  1.72822943e-03,
        1.77932491e-03,  1.65308902e-03,  6.01333673e-04, -4.65870542e-05,
        1.78112828e-03,  1.73085934e-03,  1.72700214e-03,  7.13197112e-07,
        1.83509781e-03,  1.62662088e-03])}
{'img': array([[[ 0.        ,  0.3474765 ,  0.49304143, ...,  0.4408522 ,
          0.4160286 ,  0.27994058],
        [-0.3474765 ,  0.        ,  0.16001278, ...,  0.10149426,
          0.07412702, -0.07108635],
        [-0.49304143, -0.16001278,  0.        , ..., -0.05899999,
         -0.08640067, -0.22977837],
        ...,
        [-0.4408522 , -0.10149426,  0.05899999, ...,  0.        ,
         -0.0274708 , -0.17195677],
        [-0.4160286 , -0.07412702,  0.08640067, ...,  0.0274708 ,
          0.        , -0.14483027],
        [-0.27994058,  0.07108635,  0.22977837, ...,  0.17195677,
          0.14483027,  0.        ]],

       [[ 0.        ,  0.59207041,  0.35058903, ..., -0.52931066,
         -0.5389842 , -0.39177848],
        [-0.59207041,  0.        , -0.27195647, ..., -0.92889334,
         -0.93307025, -0.86046893],
        [-0.35058903,  0.27195647,  0.        , ..., -0.79316458,
         -0.80008125, -0.68947486],
        ...,
        [ 0.52931066,  0.92889334,  0.79316458, ...,  0.        ,
         -0.01144256,  0.15460148],
        [ 0.5389842 ,  0.93307025,  0.80008125, ...,  0.01144256,
          0.        ,  0.16589634],
        [ 0.39177848,  0.86046893,  0.68947486, ..., -0.15460148,
         -0.16589634,  0.        ]],

       [[ 0.        ,  0.36386049,  0.58196242, ...,  0.87935526,
          0.91250962,  0.90201479],
        [-0.36386049,  0.        ,  0.24617386, ...,  0.6458204 ,
          0.7011212 ,  0.68310435],
        [-0.58196242, -0.24617386,  0.        , ...,  0.43799459,
          0.50401235,  0.48229639],
        ...,
        [-0.87935526, -0.6458204 , -0.43799459, ...,  0.        ,
          0.07480144,  0.04988685],
        [-0.91250962, -0.7011212 , -0.50401235, ..., -0.07480144,
          0.        , -0.02496121],
        [-0.90201479, -0.68310435, -0.48229639, ..., -0.04988685,
          0.02496121,  0.        ]],

       ...,

       [[ 0.        ,  0.1877866 ,  0.35847963, ..., -0.21800803,
         -0.16029534, -0.609696  ],
        [-0.1877866 ,  0.        ,  0.17679638, ..., -0.3973994 ,
         -0.34280202, -0.74769571],
        [-0.35847963, -0.17679638,  0.        , ..., -0.55337579,
         -0.50348589, -0.85331773],
        ...,
        [ 0.21800803,  0.3973994 ,  0.55337579, ...,  0.        ,
          0.05874923, -0.4222301 ],
        [ 0.16029534,  0.34280202,  0.50348589, ..., -0.05874923,
          0.        , -0.47475633],
        [ 0.609696  ,  0.74769571,  0.85331773, ...,  0.4222301 ,
          0.47475633,  0.        ]],

       [[ 0.        ,  0.60220503,  0.8103241 , ...,  0.97714868,
          0.97807886,  0.97842934],
        [-0.60220503,  0.        ,  0.29403405, ...,  0.65209544,
          0.65544085,  0.65671613],
        [-0.8103241 , -0.29403405,  0.        , ...,  0.40035146,
          0.40439886,  0.40594374],
        ...,
        [-0.97714868, -0.65209544, -0.40035146, ...,  0.        ,
          0.00442108,  0.00611086],
        [-0.97807886, -0.65544085, -0.40439886, ..., -0.00442108,
          0.        ,  0.0016898 ],
        [-0.97842934, -0.65671613, -0.40594374, ..., -0.00611086,
         -0.0016898 ,  0.        ]],

       [[ 0.        , -0.17657702, -0.38306074, ...,  0.88561313,
          0.70377001,  0.62556949],
        [ 0.17657702,  0.        , -0.21393336, ...,  0.78969078,
          0.56726631,  0.47798   ],
        [ 0.38306074,  0.21393336,  0.        , ...,  0.64015887,
          0.37795163,  0.27900113],
        ...,
        [-0.88561313, -0.78969078, -0.64015887, ...,  0.        ,
          0.30231678,  0.40039812],
        [-0.70377001, -0.56726631, -0.37795163, ..., -0.30231678,
          0.        ,  0.10463715],
        [-0.62556949, -0.47798   , -0.27900113, ..., -0.40039812,
         -0.10463715,  0.        ]]]), 'num': array([7.54997240e-01, 6.55709934e-01, 8.37867560e-07, 1.74188256e-03,
       1.74188256e-03, 1.68896461e-03, 4.61341638e-04, 5.14480081e-05,
       1.73864868e-03, 1.69396241e-03, 1.69143901e-03, 7.96408794e-07,
       1.79736703e-03, 1.59055779e-03])}
{'img': array([[[ 0.        ,  0.16001278,  0.20431919, ...,  0.07412702,
         -0.07108635,  0.09239736],
        [-0.16001278,  0.        ,  0.04504932, ..., -0.08640067,
         -0.22977837, -0.06812147],
        [-0.20431919, -0.04504932,  0.        , ..., -0.1311938 ,
         -0.27338902, -0.11299698],
        ...,
        [-0.07412702,  0.08640067,  0.1311938 , ...,  0.        ,
         -0.14483027,  0.01833324],
        [ 0.07108635,  0.22977837,  0.27338902, ...,  0.14483027,
          0.        ,  0.16294587],
        [-0.09239736,  0.06812147,  0.11299698, ..., -0.01833324,
         -0.16294587,  0.        ]],

       [[ 0.        , -0.27195647, -0.31050442, ..., -0.93307025,
         -0.86046893, -0.92557382],
        [ 0.27195647,  0.        , -0.04028718, ..., -0.80008125,
         -0.68947486, -0.78773474],
        [ 0.31050442,  0.04028718,  0.        , ..., -0.77526376,
         -0.65973471, -0.76227772],
        ...,
        [ 0.93307025,  0.80008125,  0.77526376, ...,  0.        ,
          0.16589634,  0.02030625],
        [ 0.86046893,  0.68947486,  0.65973471, ..., -0.16589634,
          0.        , -0.14583726],
        [ 0.92557382,  0.78773474,  0.76227772, ..., -0.02030625,
          0.14583726,  0.        ]],

       [[ 0.        ,  0.24617386,  0.46067542, ...,  0.7011212 ,
          0.68310435,  0.6715105 ],
        [-0.24617386,  0.        ,  0.22800224, ...,  0.50401235,
          0.48229639,  0.46843161],
        [-0.46067542, -0.22800224,  0.        , ...,  0.29381224,
          0.26986119,  0.25465348],
        ...,
        [-0.7011212 , -0.50401235, -0.29381224, ...,  0.        ,
         -0.02496121, -0.04071207],
        [-0.68310435, -0.48229639, -0.26986119, ...,  0.02496121,
          0.        , -0.01575886],
        [-0.6715105 , -0.46843161, -0.25465348, ...,  0.04071207,
          0.01575886,  0.        ]],

       ...,

       [[ 0.        ,  0.17679638,  0.18682695, ..., -0.34280202,
         -0.74769571, -0.61319186],
        [-0.17679638,  0.        ,  0.01020045, ..., -0.50348589,
         -0.85331773, -0.74319   ],
        [-0.18682695, -0.01020045,  0.        , ..., -0.51227292,
         -0.85859176, -0.74997625],
        ...,
        [ 0.34280202,  0.50348589,  0.51227292, ...,  0.        ,
         -0.47475633, -0.30524617],
        [ 0.74769571,  0.85331773,  0.85859176, ...,  0.47475633,
          0.        ,  0.18344543],
        [ 0.61319186,  0.74319   ,  0.74997625, ...,  0.30524617,
         -0.18344543,  0.        ]],

       [[ 0.        ,  0.64542059,  0.83021425, ...,  0.93907172,
          0.93974258,  0.94339832],
        [-0.64542059,  0.        ,  0.27435426, ...,  0.49544391,
          0.49714289,  0.50653205],
        [-0.83021425, -0.27435426,  0.        , ...,  0.23811801,
          0.24001826,  0.25054171],
        ...,
        [-0.93907172, -0.49544391, -0.23811801, ...,  0.        ,
          0.001957  ,  0.01281176],
        [-0.93974258, -0.49714289, -0.24001826, ..., -0.001957  ,
          0.        ,  0.01085489],
        [-0.94339832, -0.50653205, -0.25054171, ..., -0.01281176,
         -0.01085489,  0.        ]],

       [[ 0.        , -0.21393336, -0.47798   , ...,  0.56726631,
          0.47798   ,  0.54475625],
        [ 0.21393336,  0.        , -0.27900113, ...,  0.37795163,
          0.27900113,  0.35274087],
        [ 0.47798   ,  0.27900113,  0.        , ...,  0.10463715,
          0.        ,  0.07766658],
        ...,
        [-0.56726631, -0.37795163, -0.10463715, ...,  0.        ,
          0.10463715,  0.02708085],
        [-0.47798   , -0.27900113, -0.        , ..., -0.10463715,
          0.        , -0.07766658],
        [-0.54475625, -0.35274087, -0.07766658, ..., -0.02708085,
          0.07766658,  0.        ]]]), 'num': array([ 7.26844651e-01,  6.86785856e-01,  3.39769253e-07,  1.66911646e-03,
        1.69743056e-03,  1.64504947e-03,  4.44984466e-04, -8.49423133e-06,
        1.66543562e-03,  1.63528110e-03,  1.62935874e-03,  8.06998091e-07,
        1.73448922e-03,  1.53607299e-03])}
{'img': array([[[ 0.        ,  0.04504932, -0.12310625, ..., -0.22977837,
         -0.06812147, -0.09555854],
        [-0.04504932,  0.        , -0.16768792, ..., -0.27338902,
         -0.11299698, -0.14030469],
        [ 0.12310625,  0.16768792,  0.        , ..., -0.10821827,
          0.05521698,  0.02771121],
        ...,
        [ 0.22977837,  0.27338902,  0.10821827, ...,  0.        ,
          0.16294587,  0.13572518],
        [ 0.06812147,  0.11299698, -0.05521698, ..., -0.16294587,
          0.        , -0.02752683],
        [ 0.09555854,  0.14030469, -0.02771121, ..., -0.13572518,
          0.02752683,  0.        ]],

       [[ 0.        , -0.04028718,  0.14936244, ..., -0.68947486,
         -0.78773474, -0.78717683],
        [ 0.04028718,  0.        ,  0.18907643, ..., -0.65973471,
         -0.76227772, -0.76169155],
        [-0.14936244, -0.18907643,  0.        , ..., -0.78992534,
         -0.87090778, -0.87046259],
        ...,
        [ 0.68947486,  0.65973471,  0.78992534, ...,  0.        ,
         -0.14583726, -0.14494174],
        [ 0.78773474,  0.76227772,  0.87090778, ...,  0.14583726,
          0.        ,  0.00090514],
        [ 0.78717683,  0.76169155,  0.87046259, ...,  0.14494174,
         -0.00090514,  0.        ]],

       [[ 0.        ,  0.22800224,  0.38402899, ...,  0.48229639,
          0.46843161,  0.43089353],
        [-0.22800224,  0.        ,  0.16339464, ...,  0.26986119,
          0.25465348,  0.2137942 ],
        [-0.38402899, -0.16339464,  0.        , ...,  0.1089019 ,
          0.09322324,  0.05130424],
        ...,
        [-0.48229639, -0.26986119, -0.1089019 , ...,  0.        ,
         -0.01575886, -0.05775938],
        [-0.46843161, -0.25465348, -0.09322324, ...,  0.01575886,
          0.        , -0.04201965],
        [-0.43089353, -0.2137942 , -0.05130424, ...,  0.05775938,
          0.04201965,  0.        ]],

       ...,

       [[ 0.        ,  0.01020045, -0.32164545, ..., -0.85331773,
         -0.74319   , -0.68835847],
        [-0.01020045,  0.        , -0.33128712, ..., -0.85859176,
         -0.74997625, -0.69572176],
        [ 0.32164545,  0.33128712,  0.        , ..., -0.64026946,
         -0.48849034, -0.41846704],
        ...,
        [ 0.85331773,  0.85859176,  0.64026946, ...,  0.        ,
          0.18344543,  0.26006758],
        [ 0.74319   ,  0.74997625,  0.48849034, ..., -0.18344543,
          0.        ,  0.07852105],
        [ 0.68835847,  0.69572176,  0.41846704, ..., -0.26006758,
         -0.07852105,  0.        ]],

       [[ 0.        ,  0.64286103,  0.7639733 , ...,  0.85321582,
          0.86019307,  0.87018641],
        [-0.64286103,  0.        ,  0.17038573, ...,  0.31825935,
          0.33105425,  0.34979566],
        [-0.7639733 , -0.17038573,  0.        , ...,  0.15207928,
          0.16543542,  0.18505897],
        ...,
        [-0.85321582, -0.31825935, -0.15207928, ...,  0.        ,
          0.0135274 ,  0.03345394],
        [-0.86019307, -0.33105425, -0.16543542, ..., -0.0135274 ,
          0.        ,  0.01993105],
        [-0.87018641, -0.34979566, -0.18505897, ..., -0.03345394,
         -0.01993105,  0.        ]],

       [[ 0.        , -0.27738418,  0.12005127, ...,  0.47827955,
          0.49002027,  0.27738418],
        [ 0.27738418,  0.        ,  0.3907184 , ...,  0.2159105 ,
          0.22899257,  0.        ],
        [-0.12005127, -0.3907184 ,  0.        , ...,  0.58025042,
          0.59112631,  0.3907184 ],
        ...,
        [-0.47827955, -0.2159105 , -0.58025042, ...,  0.        ,
         -0.01341799,  0.2159105 ],
        [-0.49002027, -0.22899257, -0.59112631, ...,  0.01341799,
          0.        ,  0.22899257],
        [-0.27738418, -0.        , -0.3907184 , ..., -0.2159105 ,
         -0.22899257,  0.        ]]]), 'num': array([ 8.49098609e-01,  5.28205918e-01,  2.73332786e-06,  1.94480419e-03,
        1.96633950e-03,  1.91829919e-03,  4.94102849e-04, -8.28281170e-06,
        1.94447287e-03,  1.91921030e-03,  1.90584736e-03,  8.84626828e-07,
        2.02950041e-03,  1.80892019e-03])}
{'img': array([[[ 0.00000000e+00, -1.67687915e-01, -5.40828828e-02, ...,
         -1.12996975e-01, -1.40304691e-01, -1.63118735e-01],
        [ 1.67687915e-01,  0.00000000e+00,  1.14125419e-01, ...,
          5.52169769e-02,  2.77112138e-02,  4.63298315e-03],
        [ 5.40828828e-02, -1.14125419e-01,  0.00000000e+00, ...,
         -5.90950986e-02, -8.65514333e-02, -1.09521482e-01],
        ...,
        [ 1.12996975e-01, -5.52169769e-02,  5.90950986e-02, ...,
          0.00000000e+00, -2.75268350e-02, -5.05904693e-02],
        [ 1.40304691e-01, -2.77112138e-02,  8.65514333e-02, ...,
          2.75268350e-02,  0.00000000e+00, -2.30797124e-02],
        [ 1.63118735e-01, -4.63298315e-03,  1.09521482e-01, ...,
          5.05904693e-02,  2.30797124e-02,  0.00000000e+00]],

       [[ 0.00000000e+00,  1.89076433e-01,  5.57818494e-02, ...,
         -7.62277718e-01, -7.61691552e-01, -7.81943957e-01],
        [-1.89076433e-01,  0.00000000e+00, -1.34006360e-01, ...,
         -8.70907776e-01, -8.70462590e-01, -8.85700100e-01],
        [-5.57818494e-02,  1.34006360e-01,  0.00000000e+00, ...,
         -7.97195644e-01, -7.96648864e-01, -8.15498001e-01],
        ...,
        [ 7.62277718e-01,  8.70907776e-01,  7.97195644e-01, ...,
          0.00000000e+00,  9.05142651e-04, -3.09484450e-02],
        [ 7.61691552e-01,  8.70462590e-01,  7.96648864e-01, ...,
         -9.05142651e-04,  0.00000000e+00, -3.18531414e-02],
        [ 7.81943957e-01,  8.85700100e-01,  8.15498001e-01, ...,
          3.09484450e-02,  3.18531414e-02,  0.00000000e+00]],

       [[ 0.00000000e+00,  1.63394636e-01,  2.95068477e-01, ...,
          2.54653481e-01,  2.13794204e-01,  1.97068069e-01],
        [-1.63394636e-01,  0.00000000e+00,  1.34983319e-01, ...,
          9.32232379e-02,  5.13042363e-02,  3.42291943e-02],
        [-2.95068477e-01, -1.34983319e-01,  0.00000000e+00, ...,
         -4.20254512e-02, -8.39708622e-02, -1.00988296e-01],
        ...,
        [-2.54653481e-01, -9.32232379e-02,  4.20254512e-02, ...,
          0.00000000e+00, -4.20196512e-02, -5.90884758e-02],
        [-2.13794204e-01, -5.13042363e-02,  8.39708622e-02, ...,
          4.20196512e-02,  0.00000000e+00, -1.70900556e-02],
        [-1.97068069e-01, -3.42291943e-02,  1.00988296e-01, ...,
          5.90884758e-02,  1.70900556e-02,  0.00000000e+00]],

       ...,

       [[ 0.00000000e+00, -3.31287116e-01, -3.11074488e-01, ...,
         -7.49976255e-01, -6.95721760e-01, -7.64015106e-01],
        [ 3.31287116e-01,  0.00000000e+00,  2.13423736e-02, ...,
         -4.88490340e-01, -4.18467043e-01, -5.07125264e-01],
        [ 3.11074488e-01, -2.13423736e-02,  0.00000000e+00, ...,
         -5.07001774e-01, -4.37755553e-01, -5.25404156e-01],
        ...,
        [ 7.49976255e-01,  4.88490340e-01,  5.07001774e-01, ...,
          0.00000000e+00,  7.85210542e-02, -2.14856156e-02],
        [ 6.95721760e-01,  4.18467043e-01,  4.37755553e-01, ...,
         -7.85210542e-02,  0.00000000e+00, -9.99222060e-02],
        [ 7.64015106e-01,  5.07125264e-01,  5.25404156e-01, ...,
          2.14856156e-02,  9.99222060e-02,  0.00000000e+00]],

       [[ 0.00000000e+00,  2.06034643e-01,  4.04197404e-01, ...,
          3.85448775e-01,  4.05710994e-01,  4.05306551e-01],
        [-2.06034643e-01,  0.00000000e+00,  2.07071153e-01, ...,
          1.87064666e-01,  2.08690387e-01,  2.08257654e-01],
        [-4.04197404e-01, -2.07071153e-01,  0.00000000e+00, ...,
         -2.04056459e-02,  1.65539630e-03,  1.21294278e-03],
        ...,
        [-3.85448775e-01, -1.87064666e-01,  2.04056459e-02, ...,
          0.00000000e+00,  2.20606696e-02,  2.16183211e-02],
        [-4.05710994e-01, -2.08690387e-01, -1.65539630e-03, ...,
         -2.20606696e-02,  0.00000000e+00, -4.42453958e-04],
        [-4.05306551e-01, -2.08257654e-01, -1.21294278e-03, ...,
         -2.16183211e-02,  4.42453958e-04,  0.00000000e+00]],

       [[ 0.00000000e+00,  3.85021964e-01,  4.50733588e-01, ...,
          4.05903538e-01,  3.42037141e-01,  0.00000000e+00],
        [-3.85021964e-01,  0.00000000e+00,  7.22922322e-02, ...,
          7.26489087e-01,  6.77468528e-01,  3.85021964e-01],
        [-4.50733588e-01, -7.22922322e-02,  0.00000000e+00, ...,
          7.74265855e-01,  7.28870606e-01,  4.50733588e-01],
        ...,
        [-4.05903538e-01, -7.26489087e-01, -7.74265855e-01, ...,
          0.00000000e+00,  6.88288580e-02,  4.05903538e-01],
        [-3.42037141e-01, -6.77468528e-01, -7.28870606e-01, ...,
         -6.88288580e-02,  0.00000000e+00,  3.42037141e-01],
        [-0.00000000e+00, -3.85021964e-01, -4.50733588e-01, ...,
         -4.05903538e-01, -3.42037141e-01,  0.00000000e+00]]]), 'num': array([8.37071399e-01, 5.47066888e-01, 2.46392958e-06, 1.92055968e-03,
       1.93361361e-03, 1.89282007e-03, 5.29565367e-04, 4.89522432e-06,
       1.91403271e-03, 1.89738895e-03, 1.87639387e-03, 8.21782827e-07,
       1.99451033e-03, 1.80026757e-03])}
{'img': array([[[ 0.00000000e+00,  1.14125419e-01,  1.63253788e-01, ...,
          2.77112138e-02,  4.63298315e-03,  1.84971761e-02],
        [-1.14125419e-01,  0.00000000e+00,  4.95928198e-02, ...,
         -8.65514333e-02, -1.09521482e-01, -9.57295718e-02],
        [-1.63253788e-01, -4.95928198e-02,  0.00000000e+00, ...,
         -1.35851650e-01, -1.58681208e-01, -1.44976837e-01],
        ...,
        [-2.77112138e-02,  8.65514333e-02,  1.35851650e-01, ...,
          0.00000000e+00, -2.30797124e-02, -9.21640009e-03],
        [-4.63298315e-03,  1.09521482e-01,  1.58681208e-01, ...,
          2.30797124e-02,  0.00000000e+00,  1.38647871e-02],
        [-1.84971761e-02,  9.57295718e-02,  1.44976837e-01, ...,
          9.21640009e-03, -1.38647871e-02,  0.00000000e+00]],

       [[ 0.00000000e+00, -1.34006360e-01, -4.30059401e-01, ...,
         -8.70462590e-01, -8.85700100e-01, -8.60795973e-01],
        [ 1.34006360e-01,  0.00000000e+00, -3.05199447e-01, ...,
         -7.96648864e-01, -8.15498001e-01, -7.84829437e-01],
        [ 4.30059401e-01,  3.05199447e-01,  0.00000000e+00, ...,
         -5.74164035e-01, -5.99952131e-01, -5.58248302e-01],
        ...,
        [ 8.70462590e-01,  7.96648864e-01,  5.74164035e-01, ...,
          0.00000000e+00, -3.18531414e-02,  1.93085558e-02],
        [ 8.85700100e-01,  8.15498001e-01,  5.99952131e-01, ...,
          3.18531414e-02,  0.00000000e+00,  5.11459610e-02],
        [ 8.60795973e-01,  7.84829437e-01,  5.58248302e-01, ...,
         -1.93085558e-02, -5.11459610e-02,  0.00000000e+00]],

       [[ 0.00000000e+00,  1.34983319e-01,  1.92142898e-01, ...,
          5.13042363e-02,  3.42291943e-02,  2.89700394e-02],
        [-1.34983319e-01,  0.00000000e+00,  5.79162125e-02, ...,
         -8.39708622e-02, -1.00988296e-01, -1.06221762e-01],
        [-1.92142898e-01, -5.79162125e-02,  0.00000000e+00, ...,
         -1.41541577e-01, -1.58438904e-01, -1.63632013e-01],
        ...,
        [-5.13042363e-02,  8.39708622e-02,  1.41541577e-01, ...,
          0.00000000e+00, -1.70900556e-02, -2.23508149e-02],
        [-3.42291943e-02,  1.00988296e-01,  1.58438904e-01, ...,
          1.70900556e-02,  0.00000000e+00, -5.26176436e-03],
        [-2.89700394e-02,  1.06221762e-01,  1.63632013e-01, ...,
          2.23508149e-02,  5.26176436e-03,  0.00000000e+00]],

       ...,

       [[ 0.00000000e+00,  2.13423736e-02,  2.83216493e-01, ...,
         -4.18467043e-01, -5.07125264e-01, -5.77217693e-01],
        [-2.13423736e-02,  0.00000000e+00,  2.62683452e-01, ...,
         -4.37755553e-01, -5.25404156e-01, -5.94514193e-01],
        [-2.83216493e-01, -2.62683452e-01,  0.00000000e+00, ...,
         -6.58559606e-01, -7.30457996e-01, -7.84855938e-01],
        ...,
        [ 4.18467043e-01,  4.37755553e-01,  6.58559606e-01, ...,
          0.00000000e+00, -9.99222060e-02, -1.82531438e-01],
        [ 5.07125264e-01,  5.25404156e-01,  7.30457996e-01, ...,
          9.99222060e-02,  0.00000000e+00, -8.33743993e-02],
        [ 5.77217693e-01,  5.94514193e-01,  7.84855938e-01, ...,
          1.82531438e-01,  8.33743993e-02,  0.00000000e+00]],

       [[ 0.00000000e+00,  2.07071153e-01,  3.78932198e-01, ...,
          2.08690387e-01,  2.08257654e-01,  1.83230683e-01],
        [-2.07071153e-01,  0.00000000e+00,  1.79090473e-01, ...,
          1.65539630e-03,  1.21294278e-03, -2.43061068e-02],
        [-3.78932198e-01, -1.79090473e-01,  0.00000000e+00, ...,
         -1.77461594e-01, -1.77897008e-01, -2.02950703e-01],
        ...,
        [-2.08690387e-01, -1.65539630e-03,  1.77461594e-01, ...,
          0.00000000e+00, -4.42453958e-04, -2.59609807e-02],
        [-2.08257654e-01, -1.21294278e-03,  1.77897008e-01, ...,
          4.42453958e-04,  0.00000000e+00, -2.55186733e-02],
        [-1.83230683e-01,  2.43061068e-02,  2.02950703e-01, ...,
          2.59609807e-02,  2.55186733e-02,  0.00000000e+00]],

       [[ 0.00000000e+00,  2.42840781e-01,  3.19283624e-01, ...,
          5.37608757e-01,  4.29893087e-01,  0.00000000e+00],
        [-2.42840781e-01,  0.00000000e+00,  7.95959378e-02, ...,
          7.26278053e-01,  6.36280772e-01,  2.42840781e-01],
        [-3.19283624e-01, -7.95959378e-02,  0.00000000e+00, ...,
          7.78688056e-01,  6.95666875e-01,  3.19283624e-01],
        ...,
        [-5.37608757e-01, -7.26278053e-01, -7.78688056e-01, ...,
          0.00000000e+00,  1.22912636e-01,  5.37608757e-01],
        [-4.29893087e-01, -6.36280772e-01, -6.95666875e-01, ...,
         -1.22912636e-01,  0.00000000e+00,  4.29893087e-01],
        [-0.00000000e+00, -2.42840781e-01, -3.19283624e-01, ...,
         -5.37608757e-01, -4.29893087e-01,  0.00000000e+00]]]), 'num': array([7.20611772e-01, 6.93322453e-01, 2.24603450e-07, 1.70558245e-03,
       1.70979377e-03, 1.63539387e-03, 8.13008339e-04, 5.33433194e-05,
       1.66487308e-03, 1.64213198e-03, 1.61522635e-03, 7.71150826e-07,
       1.71018001e-03, 1.57408394e-03])}
{'img': array([[[ 0.        ,  0.04959282,  0.12551225, ..., -0.10952148,
         -0.09572957,  0.07648763],
        [-0.04959282,  0.        ,  0.07615717, ..., -0.15868121,
         -0.14497684,  0.02694598],
        [-0.12551225, -0.07615717,  0.        , ..., -0.23341262,
         -0.21990837, -0.0492618 ],
        ...,
        [ 0.10952148,  0.15868121,  0.23341262, ...,  0.        ,
          0.01386479,  0.18522816],
        [ 0.09572957,  0.14497684,  0.21990837, ..., -0.01386479,
          0.        ,  0.17158549],
        [-0.07648763, -0.02694598,  0.0492618 , ..., -0.18522816,
         -0.17158549,  0.        ]],

       [[ 0.        , -0.30519945, -0.35998322, ..., -0.815498  ,
         -0.78482944, -0.51442567],
        [ 0.30519945,  0.        , -0.05806936, ..., -0.59995213,
         -0.5582483 , -0.22816243],
        [ 0.35998322,  0.05806936,  0.        , ..., -0.55248217,
         -0.50912766, -0.17123975],
        ...,
        [ 0.815498  ,  0.59995213,  0.55248217, ...,  0.        ,
          0.05114596,  0.40158911],
        [ 0.78482944,  0.5582483 ,  0.50912766, ..., -0.05114596,
          0.        ,  0.35422301],
        [ 0.51442567,  0.22816243,  0.17123975, ..., -0.40158911,
         -0.35422301,  0.        ]],

       [[ 0.        ,  0.05791621,  0.09221154, ..., -0.1009883 ,
         -0.10622176, -0.02102274],
        [-0.05791621,  0.        ,  0.03438731, ..., -0.1584389 ,
         -0.16363201, -0.07889086],
        [-0.09221154, -0.03438731,  0.        , ..., -0.19229815,
         -0.19745905, -0.11312433],
        ...,
        [ 0.1009883 ,  0.1584389 ,  0.19229815, ...,  0.        ,
         -0.00526176,  0.08005072],
        [ 0.10622176,  0.16363201,  0.19745905, ...,  0.00526176,
          0.        ,  0.08529449],
        [ 0.02102274,  0.07889086,  0.11312433, ..., -0.08005072,
         -0.08529449,  0.        ]],

       ...,

       [[ 0.        ,  0.26268345,  0.24080542, ..., -0.52540416,
         -0.59451419, -0.48887784],
        [-0.26268345,  0.        , -0.02260474, ..., -0.730458  ,
         -0.78485594, -0.70086196],
        [-0.24080542,  0.02260474,  0.        , ..., -0.71483327,
         -0.77064772, -0.68455898],
        ...,
        [ 0.52540416,  0.730458  ,  0.71483327, ...,  0.        ,
         -0.0833744 ,  0.04237443],
        [ 0.59451419,  0.78485594,  0.77064772, ...,  0.0833744 ,
          0.        ,  0.12552641],
        [ 0.48887784,  0.70086196,  0.68455898, ..., -0.04237443,
         -0.12552641,  0.        ]],

       [[ 0.        ,  0.17909047,  0.34175099, ...,  0.00121294,
         -0.02430611, -0.06189279],
        [-0.17909047,  0.        ,  0.16791824, ..., -0.17789701,
         -0.2029507 , -0.23963926],
        [-0.34175099, -0.16791824,  0.        , ..., -0.34061083,
         -0.36449268, -0.39926205],
        ...,
        [-0.00121294,  0.17789701,  0.34061083, ...,  0.        ,
         -0.02551867, -0.06310336],
        [ 0.02430611,  0.2029507 ,  0.36449268, ...,  0.02551867,
          0.        , -0.03761499],
        [ 0.06189279,  0.23963926,  0.39926205, ...,  0.06310336,
          0.03761499,  0.        ]],

       [[ 0.        ,  0.2042842 ,  0.31060376, ...,  0.64671818,
          0.52005295,  0.        ],
        [-0.2042842 ,  0.        ,  0.10987343, ...,  0.78889344,
          0.68357196,  0.2042842 ],
        [-0.31060376, -0.10987343,  0.        , ...,  0.85163768,
          0.7596281 ,  0.31060376],
        ...,
        [-0.64671818, -0.78889344, -0.85163768, ...,  0.        ,
          0.15572452,  0.64671818],
        [-0.52005295, -0.68357196, -0.7596281 , ..., -0.15572452,
          0.        ,  0.52005295],
        [-0.        , -0.2042842 , -0.31060376, ..., -0.64671818,
         -0.52005295,  0.        ]]]), 'num': array([7.13825043e-01, 7.00308469e-01, 1.11247525e-07, 1.68957179e-03,
       1.68957179e-03, 1.68957179e-03, 0.00000000e+00, 0.00000000e+00,
       1.65758812e-03, 1.63019342e-03, 1.60045788e-03, 9.14288223e-07,
       1.70283569e-03, 1.55755115e-03])}
{'img': array([[[ 0.        ,  0.07615717, -0.13129235, ..., -0.14497684,
          0.02694598,  0.02694598],
        [-0.07615717,  0.        , -0.20640899, ..., -0.21990837,
         -0.0492618 , -0.0492618 ],
        [ 0.13129235,  0.20640899,  0.        , ..., -0.01381662,
          0.1579574 ,  0.1579574 ],
        ...,
        [ 0.14497684,  0.21990837,  0.01381662, ...,  0.        ,
          0.17158549,  0.17158549],
        [-0.02694598,  0.0492618 , -0.1579574 , ..., -0.17158549,
          0.        ,  0.        ],
        [-0.02694598,  0.0492618 , -0.1579574 , ..., -0.17158549,
          0.        ,  0.        ]],

       [[ 0.        , -0.05048628,  0.45697073, ..., -0.45089657,
         -0.19466598, -0.93775464],
        [ 0.05048628,  0.        ,  0.50129461, ..., -0.40525872,
         -0.14489727, -0.91902496],
        [-0.45697073, -0.50129461,  0.        , ..., -0.80894547,
         -0.62138053, -0.99282086],
        ...,
        [ 0.45089657,  0.40525872,  0.80894547, ...,  0.        ,
          0.26851652, -0.68042178],
        [ 0.19466598,  0.14489727,  0.62138053, ..., -0.26851652,
          0.        , -0.85220781],
        [ 0.93775464,  0.91902496,  0.99282086, ...,  0.68042178,
          0.85220781,  0.        ]],

       [[ 0.        ,  0.03438731, -0.00527948, ..., -0.16363201,
         -0.07889086, -0.03952595],
        [-0.03438731,  0.        , -0.03966318, ..., -0.19745905,
         -0.11312433, -0.07386301],
        [ 0.00527948,  0.03966318,  0.        , ..., -0.15842141,
         -0.07362674, -0.03425004],
        ...,
        [ 0.16363201,  0.19745905,  0.15842141, ...,  0.        ,
          0.08529449,  0.12451095],
        [ 0.07889086,  0.11312433,  0.07362674, ..., -0.08529449,
          0.        ,  0.03942645],
        [ 0.03952595,  0.07386301,  0.03425004, ..., -0.12451095,
         -0.03942645,  0.        ]],

       ...,

       [[ 0.        , -0.02260474, -0.05734257, ..., -0.78485594,
         -0.70086196, -0.44712147],
        [ 0.02260474,  0.        , -0.03476037, ..., -0.77064772,
         -0.68455898, -0.42678789],
        [ 0.05734257,  0.03476037,  0.        , ..., -0.74803056,
         -0.65880645, -0.39509436],
        ...,
        [ 0.78485594,  0.77064772,  0.74803056, ...,  0.        ,
          0.12552641,  0.42496118],
        [ 0.70086196,  0.68455898,  0.65880645, ..., -0.12552641,
          0.        ,  0.3079719 ],
        [ 0.44712147,  0.42678789,  0.39509436, ..., -0.42496118,
         -0.3079719 ,  0.        ]],

       [[ 0.        ,  0.16791824,  0.23814187, ..., -0.2029507 ,
         -0.23963926, -0.18312963],
        [-0.16791824,  0.        ,  0.07167318, ..., -0.36449268,
         -0.39926205, -0.34560789],
        [-0.23814187, -0.07167318,  0.        , ..., -0.43029777,
         -0.46394782, -0.41197565],
        ...,
        [ 0.2029507 ,  0.36449268,  0.43029777, ...,  0.        ,
         -0.03761499,  0.02020005],
        [ 0.23963926,  0.39926205,  0.46394782, ...,  0.03761499,
          0.        ,  0.05779307],
