state_0,state_1,state_2,state_3,state_4,state_5,state_6,state_7,state_8,state_9,state_10,state_11,state_12,state_13,state_14,state_15,state_16,state_17,state_18,state_19,state_20,state_21,state_22,state_23,state_24,state_25,state_26,state_27,state_28,state_29,state_30,state_31,state_32,state_33,state_34,state_35,state_36,state_37,state_38,state_39,state_40,state_41,state_42,state_43,state_44,state_45,state_46,state_47,state_48,state_49,state_50,state_51,state_52,state_53,state_54,state_55,state_56,state_57,state_58,state_59,state_60,state_61,state_62,state_63,state_64,state_65,state_66,state_67,state_68,state_69,state_70,state_71,state_72,state_73,state_74,state_75,state_76,state_77,state_78,state_79,state_80,state_81,state_82,state_83,state_84,state_85,state_86,state_87,state_88,state_89,state_90,state_91,state_92,state_93,state_94,state_95,state_96,state_97,state_98,state_99,state_100,state_101,state_102,state_103,state_104,state_105,state_106,state_107,state_108,state_109,state_110,state_111,state_112,state_113,state_114,state_115,state_116,state_117,state_118,state_119,state_120,state_121,state_122,state_123,state_124,state_125,state_126,state_127,state_128,state_129,state_130,state_131,state_132,state_133,state_134,state_135,state_136,state_137,state_138,state_139,state_140,state_141,state_142,state_143,state_144,state_145,state_146,state_147,state_148,state_149,state_150,state_151,state_152,state_153,state_154,state_155,state_156,state_157,state_158,state_159,state_160,state_161,state_162,state_163,state_164,state_165,state_166,state_167,state_168,state_169,state_170,state_171,state_172,state_173,state_174,state_175,state_176,state_177,state_178,state_179,state_180,state_181,state_182,state_183,state_184,state_185,state_186,state_187,state_188,state_189,state_190,state_191,state_192,state_193,state_194,state_195,state_196,state_197,state_198,state_199,state_200,state_201,state_202,state_203,state_204,state_205,state_206,state_207,state_208,state_209,state_210,state_211,state_212,state_213,state_214,state_215,state_216,state_217,state_218,state_219,state_220,state_221,state_222,state_223,state_224,state_225,state_226,state_227,state_228,state_229,state_230,state_231,state_232,state_233,state_234,state_235,state_236,state_237,state_238,state_239,state_240,state_241,state_242,state_243,state_244,state_245,state_246,state_247,state_248,state_249,state_250,state_251,state_252,state_253,state_254,state_255,state_256,state_257,state_258,state_259,state_260,state_261,state_262,state_263,state_264,state_265,state_266,state_267,state_268,state_269,state_270,state_271,state_272,state_273,state_274,state_275,state_276,state_277,state_278,state_279,state_280,state_281,state_282,state_283,state_284,state_285,state_286,state_287
{'img': array([[[ 0.        ,  0.91267073,  0.93428703, ...,  0.99454086,
          0.98318567,  0.95794361],
        [-0.91267073,  0.        ,  0.05645209, ...,  0.31122932,
          0.2351621 ,  0.12961057],
        [-0.93428703, -0.05645209,  0.        , ...,  0.25708462,
          0.17991813,  0.07342797],
        ...,
        [-0.99454086, -0.31122932, -0.25708462, ...,  0.        ,
         -0.07901852, -0.18543065],
        [-0.98318567, -0.2351621 , -0.17991813, ...,  0.07901852,
          0.        , -0.10720271],
        [-0.95794361, -0.12961057, -0.07342797, ...,  0.18543065,
          0.10720271,  0.        ]],

       [[ 0.        ,  0.8206146 ,  0.59081836, ..., -0.01142052,
          0.16176128,  0.46761708],
        [-0.8206146 ,  0.        , -0.32443358, ..., -0.82708771,
         -0.71736338, -0.45813207],
        [-0.59081836,  0.32443358,  0.        , ..., -0.59999396,
         -0.45252749, -0.14496715],
        ...,
        [ 0.01142052,  0.82708771,  0.59999396, ...,  0.        ,
          0.17302084,  0.47768153],
        [-0.16176128,  0.71736338,  0.45252749, ..., -0.17302084,
          0.        ,  0.31847269],
        [-0.46761708,  0.45813207,  0.14496715, ..., -0.47768153,
         -0.31847269,  0.        ]],

       [[ 0.        ,  0.50350711,  0.58883987, ...,  0.99996955,
          0.99668295,  0.99258945],
        [-0.50350711,  0.        ,  0.10179291, ...,  0.86789404,
          0.82014857,  0.79640418],
        [-0.58883987, -0.10179291,  0.        , ...,  0.81282029,
          0.75764753,  0.73070659],
        ...,
        [-0.99996955, -0.86789404, -0.81282029, ...,  0.        ,
         -0.08915781, -0.12925842],
        [-0.99668295, -0.82014857, -0.75764753, ...,  0.08915781,
          0.        , -0.04033379],
        [-0.99258945, -0.79640418, -0.73070659, ...,  0.12925842,
          0.04033379,  0.        ]],

       ...,

       [[ 0.        ,  0.1807679 ,  0.21617188, ..., -0.92590448,
         -0.9345239 , -0.89146379],
        [-0.1807679 ,  0.        ,  0.03611691, ..., -0.9789374 ,
         -0.98346371, -0.79487314],
        [-0.21617188, -0.03611691,  0.        , ..., -0.98567236,
         -0.98936304, -0.77243968],
        ...,
        [ 0.92590448,  0.9789374 ,  0.98567236, ...,  0.        ,
         -0.02349385, -0.75627719],
        [ 0.9345239 ,  0.98346371,  0.98936304, ...,  0.02349385,
          0.        , -0.74069756],
        [ 0.89146379,  0.79487314,  0.77243968, ...,  0.75627719,
          0.74069756,  0.        ]],

       [[ 0.        ,  0.38571575,  0.5017836 , ...,  0.39552463,
          0.34292899,  0.27979874],
        [-0.38571575,  0.        ,  0.12931292, ...,  0.71918071,
          0.6787188 ,  0.62845701],
        [-0.5017836 , -0.12931292,  0.        , ...,  0.80299195,
          0.76798735,  0.7237657 ],
        ...,
        [-0.39552463, -0.71918071, -0.80299195, ...,  0.        ,
          0.05657557,  0.1227442 ],
        [-0.34292899, -0.6787188 , -0.76798735, ..., -0.05657557,
          0.        ,  0.06639984],
        [-0.27979874, -0.62845701, -0.7237657 , ..., -0.1227442 ,
         -0.06639984,  0.        ]],

       [[ 0.        ,  0.40044655,  0.57394939, ...,  0.87110186,
          0.9074822 ,  0.94086164],
        [-0.40044655,  0.        ,  0.19799939, ...,  0.99486841,
          0.999768  ,  0.99779816],
        [-0.57394939, -0.19799939,  0.        , ...,  0.99520519,
          0.9842395 ,  0.96491183],
        ...,
        [-0.87110186, -0.99486841, -0.99520519, ...,  0.        ,
         -0.07972504, -0.16693789],
        [-0.9074822 , -0.999768  , -0.9842395 , ...,  0.07972504,
          0.        , -0.08780022],
        [-0.94086164, -0.99779816, -0.96491183, ...,  0.16693789,
          0.08780022,  0.        ]]]), 'num': array([8.31869132e-01, 5.54293887e-01, 5.86220159e-05, 1.00570741e-03,
       1.00889339e-03, 9.30305904e-04, 2.72728309e-02, 3.71697564e-05,
       9.87865927e-04, 1.04091248e-03, 1.04222227e-03, 7.01220285e-06,
       1.12906756e-03, 9.52757397e-04])}
{'img': array([[[ 0.        ,  0.37770515,  0.31036556, ...,  0.73412685,
          0.56196576,  0.91865458],
        [-0.37770515,  0.        , -0.07167753, ...,  0.42328063,
          0.20791589,  0.70138924],
        [-0.31036556,  0.07167753,  0.        , ...,  0.48713163,
          0.27749224,  0.75067536],
        ...,
        [-0.73412685, -0.42328063, -0.48713163, ...,  0.        ,
         -0.22565904,  0.33375238],
        [-0.56196576, -0.20791589, -0.27749224, ...,  0.22565904,
          0.        ,  0.53786361],
        [-0.91865458, -0.70138924, -0.75067536, ..., -0.33375238,
         -0.53786361,  0.        ]],

       [[ 0.        , -0.32443358, -0.70555047, ..., -0.71736338,
         -0.45813207, -0.50406283],
        [ 0.32443358,  0.        , -0.43747318, ..., -0.45252749,
         -0.14496715, -0.19659473],
        [ 0.70555047,  0.43747318,  0.        , ..., -0.01681005,
          0.3024929 ,  0.25215165],
        ...,
        [ 0.71736338,  0.45252749,  0.01681005, ...,  0.        ,
          0.31847269,  0.2683829 ],
        [ 0.45813207,  0.14496715, -0.3024929 , ..., -0.31847269,
          0.        , -0.05237991],
        [ 0.50406283,  0.19659473, -0.25215165, ..., -0.2683829 ,
          0.05237991,  0.        ]],

       [[ 0.        ,  0.34064667,  0.5041153 , ...,  0.98707044,
          0.97910626,  0.98420483],
        [-0.34064667,  0.        ,  0.17977001, ...,  0.87343386,
          0.85127702,  0.86503503],
        [-0.5041153 , -0.17977001,  0.        , ...,  0.77166676,
          0.74308029,  0.76074979],
        ...,
        [-0.98707044, -0.87343386, -0.77166676, ...,  0.        ,
         -0.04378198, -0.01698921],
        [-0.97910626, -0.85127702, -0.74308029, ...,  0.04378198,
          0.        ,  0.02680274],
        [-0.98420483, -0.86503503, -0.76074979, ...,  0.01698921,
         -0.02680274,  0.        ]],

       ...,

       [[ 0.        ,  0.03611691,  0.00259286, ..., -0.98346371,
         -0.79487314, -0.91564255],
        [-0.03611691,  0.        , -0.03352562, ..., -0.98936304,
         -0.77243968, -0.92956392],
        [-0.00259286,  0.03352562,  0.        , ..., -0.98392999,
         -0.79329718, -0.91668179],
        ...,
        [ 0.98346371,  0.98936304,  0.98392999, ...,  0.        ,
         -0.74069756,  0.22951824],
        [ 0.79487314,  0.77243968,  0.79329718, ...,  0.74069756,
          0.        ,  0.87512338],
        [ 0.91564255,  0.92956392,  0.91668179, ..., -0.22951824,
         -0.87512338,  0.        ]],

       [[ 0.        ,  0.34101948,  0.41776984, ...,  0.34954194,
          0.28525687,  0.34614935],
        [-0.34101948,  0.        ,  0.08289291, ...,  0.64809729,
          0.595008  ,  0.64533731],
        [-0.41776984, -0.08289291,  0.        , ...,  0.70899456,
          0.65958292,  0.70643806],
        ...,
        [-0.34954194, -0.64809729, -0.70899456, ...,  0.        ,
          0.06775578,  0.00361856],
        [-0.28525687, -0.595008  , -0.65958292, ..., -0.06775578,
          0.        , -0.0641451 ],
        [-0.34614935, -0.64533731, -0.70643806, ..., -0.00361856,
          0.0641451 ,  0.        ]],

       [[ 0.        ,  0.43934951,  0.61436716, ...,  0.91878099,
          0.95076327,  0.95959601],
        [-0.43934951,  0.        ,  0.20524031, ...,  0.99879682,
          0.9902484 ,  0.98564543],
        [-0.61436716, -0.20524031,  0.        , ...,  0.9674691 ,
          0.94057497,  0.9300122 ],
        ...,
        [-0.91878099, -0.99879682, -0.9674691 , ...,  0.        ,
         -0.09058376, -0.12028957],
        [-0.95076327, -0.9902484 , -0.94057497, ...,  0.09058376,
          0.        , -0.02986902],
        [-0.95959601, -0.98564543, -0.9300122 , ...,  0.12028957,
          0.02986902,  0.        ]]]), 'num': array([ 8.03270761e-01,  5.95609653e-01,  4.58413042e-05,  1.43809632e-04,
        1.49523922e-04,  1.43809632e-04,  2.24565248e-03, -6.50794138e-06,
        1.46730269e-04,  1.54833449e-04,  1.55796413e-04,  1.02358777e-06,
        1.68872772e-04,  1.40794126e-04])}
{'img': array([[[ 0.        , -0.07167753, -0.07167753, ...,  0.20791589,
          0.70138924,  0.060832  ],
        [ 0.07167753,  0.        ,  0.        , ...,  0.27749224,
          0.75067536,  0.13222032],
        [ 0.07167753,  0.        ,  0.        , ...,  0.27749224,
          0.75067536,  0.13222032],
        ...,
        [-0.20791589, -0.27749224, -0.27749224, ...,  0.        ,
          0.53786361, -0.14802821],
        [-0.70138924, -0.75067536, -0.75067536, ..., -0.53786361,
          0.        , -0.65673054],
        [-0.060832  , -0.13222032, -0.13222032, ...,  0.14802821,
          0.65673054,  0.        ]],

       [[ 0.        , -0.43747318, -0.04074135, ..., -0.14496715,
         -0.19659473, -0.52279112],
        [ 0.43747318,  0.        ,  0.40047405, ...,  0.3024929 ,
          0.25215165, -0.09718147],
        [ 0.04074135, -0.40047405,  0.        , ..., -0.1045358 ,
         -0.15648523, -0.48762665],
        ...,
        [ 0.14496715, -0.3024929 ,  0.1045358 , ...,  0.        ,
         -0.05237991, -0.39368978],
        [ 0.19659473, -0.25215165,  0.15648523, ...,  0.05237991,
          0.        , -0.34499945],
        [ 0.52279112,  0.09718147,  0.48762665, ...,  0.39368978,
          0.34499945,  0.        ]],

       [[ 0.        ,  0.38936137,  0.66870646, ...,  0.97066304,
          0.97698306,  0.95857699],
        [-0.38936137,  0.        ,  0.32643504, ...,  0.80044368,
          0.81682716,  0.77202779],
        [-0.66870646, -0.32643504,  0.        , ...,  0.56092731,
          0.58376642,  0.52225738],
        ...,
        [-0.97066304, -0.80044368, -0.56092731, ...,  0.        ,
          0.02785079, -0.0459934 ],
        [-0.97698306, -0.81682716, -0.58376642, ..., -0.02785079,
          0.        , -0.07379688],
        [-0.95857699, -0.77202779, -0.52225738, ...,  0.0459934 ,
          0.07379688,  0.        ]],

       ...,

       [[ 0.        , -0.03352562, -0.03352562, ..., -0.77243968,
         -0.92956392, -0.93901733],
        [ 0.03352562,  0.        ,  0.        , ..., -0.79329718,
         -0.91668179, -0.92696102],
        [ 0.03352562,  0.        ,  0.        , ..., -0.79329718,
         -0.91668179, -0.92696102],
        ...,
        [ 0.77243968,  0.79329718,  0.79329718, ...,  0.        ,
          0.87512338,  0.86197746],
        [ 0.92956392,  0.91668179,  0.91668179, ..., -0.87512338,
          0.        , -0.02653007],
        [ 0.93901733,  0.92696102,  0.92696102, ..., -0.86197746,
          0.02653007,  0.        ]],

       [[ 0.        ,  0.25278195,  0.29133771, ...,  0.28953533,
          0.35128309,  0.32484909],
        [-0.25278195,  0.        ,  0.04005967, ...,  0.5220868 ,
          0.57654655,  0.5533716 ],
        [-0.29133771, -0.04005967,  0.        , ...,  0.5558343 ,
          0.60881508,  0.58629448],
        ...,
        [-0.28953533, -0.5220868 , -0.5558343 , ...,  0.        ,
         -0.06515366, -0.0371023 ],
        [-0.35128309, -0.57654655, -0.60881508, ...,  0.06515366,
          0.        ,  0.02808533],
        [-0.32484909, -0.5533716 , -0.58629448, ...,  0.0371023 ,
         -0.02808533,  0.        ]],

       [[ 0.        ,  0.46587679,  0.64406415, ...,  0.96202719,
          0.97005423,  0.98712706],
        [-0.46587679,  0.        ,  0.21351744, ...,  0.97841214,
          0.97150818,  0.9479704 ],
        [-0.64406415, -0.21351744,  0.        , ...,  0.91172302,
          0.89849955,  0.8581344 ],
        ...,
        [-0.96202719, -0.97841214, -0.91172302, ...,  0.        ,
         -0.03111457, -0.11557519],
        [-0.97005423, -0.97150818, -0.89849955, ...,  0.03111457,
          0.        , -0.08461317],
        [-0.98712706, -0.9479704 , -0.8581344 , ...,  0.11557519,
          0.08461317,  0.        ]]]), 'num': array([7.56239313e-01, 6.54293583e-01, 2.22346195e-05, 1.36839907e-04,
       1.39078291e-04, 1.34303071e-04, 1.35950522e-03, 1.64148198e-06,
       1.37466654e-04, 1.44965243e-04, 1.46499780e-04, 8.09867765e-07,
       1.58600734e-04, 1.31329751e-04])}
{'img': array([[[ 0.        ,  0.        , -0.31036556, ...,  0.75067536,
          0.13222032,  0.37417431],
        [ 0.        ,  0.        , -0.31036556, ...,  0.75067536,
          0.13222032,  0.37417431],
        [ 0.31036556,  0.31036556,  0.        , ...,  0.91865458,
          0.43333157,  0.64351667],
        ...,
        [-0.75067536, -0.75067536, -0.91865458, ...,  0.        ,
         -0.65673054, -0.44893889],
        [-0.13222032, -0.13222032, -0.43333157, ...,  0.65673054,
          0.        ,  0.24827357],
        [-0.37417431, -0.37417431, -0.64351667, ...,  0.44893889,
         -0.24827357,  0.        ]],

       [[ 0.        ,  0.40047405, -0.54838555, ...,  0.25215165,
         -0.09718147, -0.36777964],
        [-0.40047405,  0.        , -0.83737679, ..., -0.15648523,
         -0.48762665, -0.70940548],
        [ 0.54838555,  0.83737679,  0.        , ...,  0.74152164,
          0.46452423,  0.20240408],
        ...,
        [-0.25215165,  0.15648523, -0.74152164, ...,  0.        ,
         -0.34499945, -0.59037494],
        [ 0.09718147,  0.48762665, -0.46452423, ...,  0.34499945,
          0.        , -0.27566851],
        [ 0.36777964,  0.70940548, -0.20240408, ...,  0.59037494,
          0.27566851,  0.        ]],

       [[ 0.        ,  0.57925327,  0.7679041 , ...,  0.96475278,
          0.94128525,  0.92552332],
        [-0.57925327,  0.        ,  0.25490593, ...,  0.63398087,
          0.57172339,  0.53508035],
        [-0.7679041 , -0.25490593,  0.        , ...,  0.41590667,
          0.34370034,  0.3020596 ],
        ...,
        [-0.96475278, -0.63398087, -0.41590667, ...,  0.        ,
         -0.07800578, -0.12178407],
        [-0.94128525, -0.57172339, -0.34370034, ...,  0.07800578,
          0.        , -0.04398783],
        [-0.92552332, -0.53508035, -0.3020596 , ...,  0.12178407,
          0.04398783,  0.        ]],

       ...,

       [[ 0.        ,  0.        , -0.12430831, ..., -0.91668179,
         -0.92696102, -0.98085429],
        [ 0.        ,  0.        , -0.12430831, ..., -0.91668179,
         -0.92696102, -0.98085429],
        [ 0.12430831,  0.12430831,  0.        , ..., -0.85989585,
         -0.87313597, -0.94903825],
        ...,
        [ 0.91668179,  0.91668179,  0.85989585, ...,  0.        ,
         -0.02653007, -0.21344955],
        [ 0.92696102,  0.92696102,  0.87313597, ...,  0.02653007,
          0.        , -0.18745576],
        [ 0.98085429,  0.98085429,  0.94903825, ...,  0.21344955,
          0.18745576,  0.        ]],

       [[ 0.        ,  0.14846924,  0.29481861, ...,  0.35407421,
          0.32744381,  0.36540009],
        [-0.14846924,  0.        ,  0.14968088, ...,  0.48900102,
          0.46409899,  0.49955304],
        [-0.29481861, -0.14968088,  0.        , ...,  0.61405623,
          0.59145544,  0.6235913 ],
        ...,
        [-0.35407421, -0.48900102, -0.61405623, ...,  0.        ,
          0.02832321, -0.01213831],
        [-0.32744381, -0.46409899, -0.59145544, ..., -0.02832321,
          0.        , -0.04045456],
        [-0.36540009, -0.49955304, -0.6235913 , ...,  0.01213831,
          0.04045456,  0.        ]],

       [[ 0.        ,  0.48808121,  0.61209915, ...,  0.98047686,
          0.99408373,  0.99882431],
        [-0.48808121,  0.        ,  0.14827368, ...,  0.95173206,
          0.92064815,  0.8954327 ],
        [-0.61209915, -0.14827368,  0.        , ...,  0.8957023 ,
          0.85258659,  0.81952393],
        ...,
        [-0.98047686, -0.95173206, -0.8957023 , ...,  0.        ,
         -0.08897524, -0.14887291],
        [-0.99408373, -0.92064815, -0.85258659, ...,  0.08897524,
          0.        , -0.06029873],
        [-0.99882431, -0.8954327 , -0.81952393, ...,  0.14887291,
          0.06029873,  0.        ]]]), 'num': array([8.24044429e-01, 5.66523281e-01, 5.48500847e-05, 1.51572188e-04,
       1.51733607e-04, 1.46729626e-04, 1.39998465e-03, 3.55121208e-06,
       1.49183191e-04, 1.56027345e-04, 1.58569690e-04, 1.11021028e-06,
       1.70129616e-04, 1.41925075e-04])}
{'img': array([[[ 0.        , -0.31036556,  0.48713163, ...,  0.13222032,
          0.37417431,  0.6733519 ],
        [ 0.31036556,  0.        ,  0.73412685, ...,  0.43333157,
          0.64351667,  0.86956008],
        [-0.48713163, -0.73412685,  0.        , ..., -0.36738301,
         -0.12496849,  0.22791025],
        ...,
        [-0.13222032, -0.43333157,  0.36738301, ...,  0.        ,
          0.24827357,  0.5696867 ],
        [-0.37417431, -0.64351667,  0.12496849, ..., -0.24827357,
          0.        ,  0.34780319],
        [-0.6733519 , -0.86956008, -0.22791025, ..., -0.5696867 ,
         -0.34780319,  0.        ]],

       [[ 0.        , -0.83737679,  0.50148413, ..., -0.48762665,
         -0.70940548, -0.74050418],
        [ 0.83737679,  0.        ,  0.99859496, ...,  0.46452423,
          0.20240408,  0.15798162],
        [-0.50148413, -0.99859496,  0.        , ..., -0.85970026,
         -0.96720041, -0.97768295],
        ...,
        [ 0.48762665, -0.46452423,  0.85970026, ...,  0.        ,
         -0.27566851, -0.3187885 ],
        [ 0.70940548, -0.20240408,  0.96720041, ...,  0.27566851,
          0.        , -0.04515057],
        [ 0.74050418, -0.15798162,  0.97768295, ...,  0.3187885 ,
          0.04515057,  0.        ]],

       [[ 0.        ,  0.58967874,  0.67905468, ...,  0.88061467,
          0.85471669,  0.87908668],
        [-0.58967874,  0.        ,  0.1155544 , ...,  0.43180849,
          0.38420245,  0.42890631],
        [-0.67905468, -0.1155544 ,  0.        , ...,  0.32468981,
          0.27494328,  0.32164718],
        ...,
        [-0.88061467, -0.43180849, -0.32468981, ...,  0.        ,
         -0.05212941, -0.00321514],
        [-0.85471669, -0.38420245, -0.27494328, ...,  0.05212941,
          0.        ,  0.04891837],
        [-0.87908668, -0.42890631, -0.32164718, ...,  0.00321514,
         -0.04891837,  0.        ]],

       ...,

       [[ 0.        , -0.12430831,  0.07952642, ..., -0.92696102,
         -0.98085429, -0.89717738],
        [ 0.12430831,  0.        ,  0.20282419, ..., -0.87313597,
         -0.94903825, -0.83531525],
        [-0.07952642, -0.20282419,  0.        , ..., -0.95386006,
         -0.99323491, -0.92946027],
        ...,
        [ 0.92696102,  0.87313597,  0.95386006, ...,  0.        ,
         -0.18745576,  0.0728283 ],
        [ 0.98085429,  0.94903825,  0.99323491, ...,  0.18745576,
          0.        ,  0.25849524],
        [ 0.89717738,  0.83531525,  0.92946027, ..., -0.0728283 ,
         -0.25849524,  0.        ]],

       [[ 0.        ,  0.25685371,  0.48066596, ...,  0.32832893,
          0.36638018,  0.58084902],
        [-0.25685371,  0.        ,  0.23930377, ...,  0.55992821,
          0.59308168,  0.77044353],
        [-0.48066596, -0.23930377,  0.        , ...,  0.74193237,
          0.76852313,  0.90061623],
        ...,
        [-0.32832893, -0.55992821, -0.74193237, ...,  0.        ,
         -0.04057067, -0.2813853 ],
        [-0.36638018, -0.59308168, -0.76852313, ...,  0.04057067,
          0.        , -0.24222222],
        [-0.58084902, -0.77044353, -0.90061623, ...,  0.2813853 ,
          0.24222222,  0.        ]],

       [[ 0.        ,  0.40927262,  0.53352826, ...,  0.99884382,
          0.99986956,  0.99971352],
        [-0.40927262,  0.        ,  0.14064215, ...,  0.93103221,
          0.90568284,  0.90235494],
        [-0.53352826, -0.14064215,  0.        , ...,  0.87045269,
          0.83705473,  0.8327701 ],
        ...,
        [-0.99884382, -0.93103221, -0.87045269, ...,  0.        ,
         -0.06419941, -0.07196629],
        [-0.99986956, -0.90568284, -0.83705473, ...,  0.06419941,
          0.        , -0.00778489],
        [-0.99971352, -0.90235494, -0.8327701 , ...,  0.07196629,
          0.00778489,  0.        ]]]), 'num': array([7.36650605e-01, 6.76272517e-01, 1.28464017e-05, 1.35681096e-04,
       1.37124512e-04, 1.33371631e-04, 1.10314505e-03, 1.44341592e-07,
       1.34208812e-04, 1.38856611e-04, 1.41885379e-04, 1.04851911e-06,
       1.50789044e-04, 1.26924179e-04])}
{'img': array([[[ 0.00000000e+00,  7.34126852e-01,  8.55066399e-01, ...,
          6.43516668e-01,  8.69560082e-01,  8.76456264e-01],
        [-7.34126852e-01,  0.00000000e+00,  1.99942273e-01, ...,
         -1.24968495e-01,  2.27910252e-01,  2.41656140e-01],
        [-8.55066399e-01, -1.99942273e-01,  0.00000000e+00, ...,
         -3.20819959e-01,  2.86279937e-02,  4.27601673e-02],
        ...,
        [-6.43516668e-01,  1.24968495e-01,  3.20819959e-01, ...,
          0.00000000e+00,  3.47803189e-01,  3.61026399e-01],
        [-8.69560082e-01, -2.27910252e-01, -2.86279937e-02, ...,
         -3.47803189e-01,  0.00000000e+00,  1.41408319e-02],
        [-8.76456264e-01, -2.41656140e-01, -4.27601673e-02, ...,
         -3.61026399e-01, -1.41408319e-02,  0.00000000e+00]],

       [[ 0.00000000e+00,  9.86507310e-01,  7.35446355e-01, ...,
          1.18681322e-01,  8.08176973e-02, -1.14665565e-01],
        [-9.86507310e-01,  0.00000000e+00, -5.48035307e-01, ...,
         -9.60104892e-01, -9.70049098e-01, -9.98773185e-01],
        [-7.35446355e-01,  5.48035307e-01,  0.00000000e+00, ...,
         -6.49832071e-01, -6.78279942e-01, -8.08290894e-01],
        ...,
        [-1.18681322e-01,  9.60104892e-01,  6.49832071e-01, ...,
          0.00000000e+00, -3.80465937e-02, -2.31753672e-01],
        [-8.08176973e-02,  9.70049098e-01,  6.78279942e-01, ...,
          3.80465937e-02,  0.00000000e+00, -1.94575118e-01],
        [ 1.14665565e-01,  9.98773185e-01,  8.08290894e-01, ...,
          2.31753672e-01,  1.94575118e-01,  0.00000000e+00]],

       [[ 0.00000000e+00,  3.95135499e-01,  5.78987437e-01, ...,
          7.32514737e-01,  7.73494660e-01,  8.37677042e-01],
        [-3.95135499e-01,  0.00000000e+00,  2.09702708e-01, ...,
          4.03915819e-01,  4.60111875e-01,  5.53699741e-01],
        [-5.78987437e-01, -2.09702708e-01,  0.00000000e+00, ...,
          2.03099598e-01,  2.63694532e-01,  3.66765452e-01],
        ...,
        [-7.32514737e-01, -4.03915819e-01, -2.03099598e-01, ...,
          0.00000000e+00,  6.22874942e-02,  1.70175071e-01],
        [-7.73494660e-01, -4.60111875e-01, -2.63694532e-01, ...,
         -6.22874942e-02,  0.00000000e+00,  1.08465674e-01],
        [-8.37677042e-01, -5.53699741e-01, -3.66765452e-01, ...,
         -1.70175071e-01, -1.08465674e-01,  0.00000000e+00]],

       ...,

       [[ 0.00000000e+00,  2.02824185e-01,  2.65201612e-01, ...,
         -9.49038250e-01, -8.35315246e-01, -7.98794367e-01],
        [-2.02824185e-01,  0.00000000e+00,  6.41277861e-02, ...,
         -9.93234907e-01, -9.29460269e-01, -9.04211435e-01],
        [-2.65201612e-01, -6.41277861e-02,  0.00000000e+00, ...,
         -9.98637201e-01, -9.51205322e-01, -9.29738314e-01],
        ...,
        [ 9.49038250e-01,  9.93234907e-01,  9.98637201e-01, ...,
          0.00000000e+00,  2.58495240e-01,  3.19196593e-01],
        [ 8.35315246e-01,  9.29460269e-01,  9.51205322e-01, ...,
         -2.58495240e-01,  0.00000000e+00,  6.33749368e-02],
        [ 7.98794367e-01,  9.04211435e-01,  9.29738314e-01, ...,
         -3.19196593e-01, -6.33749368e-02,  0.00000000e+00]],

       [[ 0.00000000e+00,  4.16958060e-01,  6.63526475e-01, ...,
          3.69378826e-01,  5.85270448e-01,  7.27064930e-01],
        [-4.16958060e-01,  0.00000000e+00,  2.91147942e-01, ...,
          7.23208247e-01,  8.70052868e-01,  9.47118375e-01],
        [-6.63526475e-01, -2.91147942e-01,  0.00000000e+00, ...,
          8.92952960e-01,  9.75884305e-01,  9.99512179e-01],
        ...,
        [-3.69378826e-01, -7.23208247e-01, -8.92952960e-01, ...,
          0.00000000e+00, -2.44373038e-01, -4.22042159e-01],
        [-5.85270448e-01, -8.70052868e-01, -9.75884305e-01, ...,
          2.44373038e-01,  0.00000000e+00, -1.87703608e-01],
        [-7.27064930e-01, -9.47118375e-01, -9.99512179e-01, ...,
          4.22042159e-01,  1.87703608e-01,  0.00000000e+00]],

       [[ 0.00000000e+00,  2.24641018e-01,  2.05336715e-01, ...,
          9.69076311e-01,  9.67052361e-01,  9.67288295e-01],
        [-2.24641018e-01,  0.00000000e+00, -1.97655947e-02, ...,
          8.88875568e-01,  8.85147481e-01,  8.85579095e-01],
        [-2.05336715e-01,  1.97655947e-02,  0.00000000e+00, ...,
          8.97757500e-01,  8.94171700e-01,  8.94586983e-01],
        ...,
        [-9.69076311e-01, -8.88875568e-01, -8.97757500e-01, ...,
          0.00000000e+00, -8.07404589e-03, -7.14567061e-03],
        [-9.67052361e-01, -8.85147481e-01, -8.94171700e-01, ...,
          8.07404589e-03,  0.00000000e+00,  9.28402061e-04],
        [-9.67288295e-01, -8.85579095e-01, -8.94586983e-01, ...,
          7.14567061e-03, -9.28402061e-04,  0.00000000e+00]]]), 'num': array([ 7.29220672e-01,  6.84278149e-01,  9.69633714e-06,  1.32573813e-04,
        1.34432993e-04,  1.31572716e-04,  6.93302407e-04, -1.85917969e-06,
        1.32402197e-04,  1.36628255e-04,  1.40649327e-04,  9.61976382e-07,
        1.46721941e-04,  1.26534569e-04])}
{'img': array([[[ 0.00000000e+00,  2.30606483e-01,  4.92269233e-01, ...,
          2.61632887e-01,  2.76791243e-01,  5.85857044e-02],
        [-2.30606483e-01,  0.00000000e+00,  2.78271351e-01, ...,
          3.20072468e-02,  4.77342107e-02, -1.73203740e-01],
        [-4.92269233e-01, -2.78271351e-01,  0.00000000e+00, ...,
         -2.47385734e-01, -2.32105313e-01, -4.40428187e-01],
        ...,
        [-2.61632887e-01, -3.20072468e-02,  2.47385734e-01, ...,
          0.00000000e+00,  1.57389925e-02, -2.04638486e-01],
        [-2.76791243e-01, -4.77342107e-02,  2.32105313e-01, ...,
         -1.57389925e-02,  0.00000000e+00, -2.20019056e-01],
        [-5.85857044e-02,  1.73203740e-01,  4.40428187e-01, ...,
          2.04638486e-01,  2.20019056e-01,  0.00000000e+00]],

       [[ 0.00000000e+00, -5.29266001e-01, -4.82914620e-01, ...,
         -9.22188656e-01, -9.41999459e-01, -9.99735395e-01],
        [ 5.29266001e-01,  0.00000000e+00,  5.37292231e-02, ...,
         -5.77747945e-01, -6.21615759e-01, -8.36056722e-01],
        [ 4.82914620e-01, -5.37292231e-02,  0.00000000e+00, ...,
         -6.20768023e-01, -6.62805161e-01, -8.64327236e-01],
        ...,
        [ 9.22188656e-01,  5.77747945e-01,  6.20768023e-01, ...,
          0.00000000e+00, -5.48093963e-02, -3.65424861e-01],
        [ 9.41999459e-01,  6.21615759e-01,  6.62805161e-01, ...,
          5.48093963e-02,  0.00000000e+00, -3.13856742e-01],
        [ 9.99735395e-01,  8.36056722e-01,  8.64327236e-01, ...,
          3.65424861e-01,  3.13856742e-01,  0.00000000e+00]],

       [[ 0.00000000e+00,  4.51378104e-01,  6.97946316e-01, ...,
          7.11091470e-01,  7.91054629e-01,  7.35984517e-01],
        [-4.51378104e-01,  0.00000000e+00,  2.99545918e-01, ...,
          3.17166511e-01,  4.29755454e-01,  3.51160877e-01],
        [-6.97946316e-01, -2.99545918e-01,  0.00000000e+00, ...,
          1.85225004e-02,  1.39548309e-01,  5.45668540e-02],
        ...,
        [-7.11091470e-01, -3.17166511e-01, -1.85225004e-02, ...,
          0.00000000e+00,  1.21183106e-01,  3.60625886e-02],
        [-7.91054629e-01, -4.29755454e-01, -1.39548309e-01, ...,
         -1.21183106e-01,  0.00000000e+00, -8.53074671e-02],
        [-7.35984517e-01, -3.51160877e-01, -5.45668540e-02, ...,
         -3.60625886e-02,  8.53074671e-02,  0.00000000e+00]],

       ...,

       [[ 0.00000000e+00,  6.41277861e-02,  1.59652394e-01, ...,
         -9.29460269e-01, -9.04211435e-01, -9.38524092e-01],
        [-6.41277861e-02,  0.00000000e+00,  9.60185424e-02, ...,
         -9.51205322e-01, -9.29738314e-01, -9.58730117e-01],
        [-1.59652394e-01, -9.60185424e-02,  0.00000000e+00, ...,
         -9.76437672e-01, -9.60798539e-01, -9.81600120e-01],
        ...,
        [ 9.29460269e-01,  9.51205322e-01,  9.76437672e-01, ...,
          0.00000000e+00,  6.33749368e-02, -2.53799366e-02],
        [ 9.04211435e-01,  9.29738314e-01,  9.60798539e-01, ...,
         -6.33749368e-02,  0.00000000e+00, -8.86834399e-02],
        [ 9.38524092e-01,  9.58730117e-01,  9.81600120e-01, ...,
          2.53799366e-02,  8.86834399e-02,  0.00000000e+00]],

       [[ 0.00000000e+00,  5.55439951e-01,  7.78110068e-01, ...,
          5.97574634e-01,  7.40900332e-01,  9.12460229e-01],
        [-5.55439951e-01,  0.00000000e+00,  2.98155243e-01, ...,
          9.42276297e-01,  9.89142396e-01,  9.86029184e-01],
        [-7.78110068e-01, -2.98155243e-01,  0.00000000e+00, ...,
          9.99252326e-01,  9.87970594e-01,  8.91517496e-01],
        ...,
        [-5.97574634e-01, -9.42276297e-01, -9.99252326e-01, ...,
          0.00000000e+00, -1.92723652e-01, -4.87115873e-01],
        [-7.40900332e-01, -9.89142396e-01, -9.87970594e-01, ...,
          1.92723652e-01,  0.00000000e+00, -3.09671184e-01],
        [-9.12460229e-01, -9.86029184e-01, -8.91517496e-01, ...,
          4.87115873e-01,  3.09671184e-01,  0.00000000e+00]],

       [[ 0.00000000e+00, -1.97655947e-02, -5.61378919e-02, ...,
          8.85147481e-01,  8.85579095e-01,  9.08636113e-01],
        [ 1.97655947e-02,  0.00000000e+00, -3.63925000e-02, ...,
          8.94171700e-01,  8.94586983e-01,  9.16712494e-01],
        [ 5.61378919e-02,  3.63925000e-02,  0.00000000e+00, ...,
          9.09873180e-01,  9.10257970e-01,  9.30645772e-01],
        ...,
        [-8.85147481e-01, -8.94171700e-01, -9.09873180e-01, ...,
          0.00000000e+00,  9.28402061e-04,  5.31703148e-02],
        [-8.85579095e-01, -8.94586983e-01, -9.10257970e-01, ...,
         -9.28402061e-04,  0.00000000e+00,  5.22432030e-02],
        [-9.08636113e-01, -9.16712494e-01, -9.30645772e-01, ...,
         -5.31703148e-02, -5.22432030e-02,  0.00000000e+00]]]), 'num': array([7.63287002e-01, 6.46056145e-01, 2.45252839e-05, 1.42443326e-04,
       1.44082318e-04, 1.38569344e-04, 2.06086885e-03, 4.32097955e-06,
       1.39433540e-04, 1.41884579e-04, 1.46615306e-04, 1.31880227e-06,
       1.51492376e-04, 1.32276781e-04])}
{'img': array([[[ 0.        ,  0.27827135,  0.56570453, ...,  0.04773421,
         -0.17320374,  0.27827135],
        [-0.27827135,  0.        ,  0.31389583, ..., -0.23210531,
         -0.44042819,  0.        ],
        [-0.56570453, -0.31389583,  0.        , ..., -0.52569766,
         -0.69997968, -0.31389583],
        ...,
        [-0.04773421,  0.23210531,  0.52569766, ...,  0.        ,
         -0.22001906,  0.23210531],
        [ 0.17320374,  0.44042819,  0.69997968, ...,  0.22001906,
          0.        ,  0.44042819],
        [-0.27827135,  0.        ,  0.31389583, ..., -0.23210531,
         -0.44042819,  0.        ]],

       [[ 0.        ,  0.05372922,  0.54603893, ..., -0.62161576,
         -0.83605672, -0.4005286 ],
        [-0.05372922,  0.        ,  0.50023801, ..., -0.66280516,
         -0.86432724, -0.44918129],
        [-0.54603893, -0.50023801,  0.        , ..., -0.94848917,
         -0.99999516, -0.83587364],
        ...,
        [ 0.62161576,  0.66280516,  0.94848917, ...,  0.        ,
         -0.31385674,  0.25583375],
        [ 0.83605672,  0.86432724,  0.99999516, ...,  0.31385674,
          0.        ,  0.54631839],
        [ 0.4005286 ,  0.44918129,  0.83587364, ..., -0.25583375,
         -0.54631839,  0.        ]],

       [[ 0.        ,  0.5811547 ,  0.83854809, ...,  0.71074645,
          0.63511962,  0.8       ],
        [-0.5811547 ,  0.        ,  0.36577554, ...,  0.16958829,
          0.06796406,  0.30234166],
        [-0.83854809, -0.36577554,  0.        , ..., -0.20264093,
         -0.30167542, -0.06726679],
        ...,
        [-0.71074645, -0.16958829,  0.20264093, ...,  0.        ,
         -0.10221656,  0.13631075],
        [-0.63511962, -0.06796406,  0.30167542, ...,  0.10221656,
          0.        ,  0.23685926],
        [-0.8       , -0.30234166,  0.06726679, ..., -0.13631075,
         -0.23685926,  0.        ]],

       ...,

       [[ 0.        ,  0.09601854,  0.18254388, ..., -0.92973831,
         -0.95873012, -0.81164463],
        [-0.09601854,  0.        ,  0.08729524, ..., -0.96079854,
         -0.98160012, -0.86398384],
        [-0.18254388, -0.08729524,  0.        , ..., -0.98133306,
         -0.99452171, -0.90464043],
        ...,
        [ 0.92973831,  0.96079854,  0.98133306, ...,  0.        ,
         -0.08868344,  0.24424348],
        [ 0.95873012,  0.98160012,  0.99452171, ...,  0.08868344,
          0.        ,  0.3292787 ],
        [ 0.81164463,  0.86398384,  0.90464043, ..., -0.24424348,
         -0.3292787 ,  0.        ]],

       [[ 0.        ,  0.6284345 ,  0.86448193, ...,  0.76719469,
          0.93493162,  0.97679217],
        [-0.6284345 ,  0.        ,  0.35655676, ...,  0.99985886,
          0.95023437,  0.89441396],
        [-0.86448193, -0.35655676,  0.        , ...,  0.94013215,
          0.77669871,  0.67616094],
        ...,
        [-0.76719469, -0.99985886, -0.94013215, ...,  0.        ,
         -0.32745641, -0.46220357],
        [-0.93493162, -0.95023437, -0.77669871, ...,  0.32745641,
          0.        , -0.14634079],
        [-0.97679217, -0.89441396, -0.67616094, ...,  0.46220357,
          0.14634079,  0.        ]],

       [[ 0.        , -0.0363925 , -0.1133658 , ...,  0.89458698,
          0.91671249,  0.92782721],
        [ 0.0363925 ,  0.        , -0.07713281, ...,  0.91025797,
          0.93064577,  0.94078737],
        [ 0.1133658 ,  0.07713281,  0.        , ...,  0.93948234,
          0.95609776,  0.96413241],
        ...,
        [-0.89458698, -0.91025797, -0.93948234, ...,  0.        ,
          0.0522432 ,  0.08095015],
        [-0.91671249, -0.93064577, -0.95609776, ..., -0.0522432 ,
          0.        ,  0.02876786],
        [-0.92782721, -0.94078737, -0.96413241, ..., -0.08095015,
         -0.02876786,  0.        ]]]), 'num': array([7.55822780e-01, 6.54768534e-01, 2.04149991e-05, 1.45401792e-04,
       1.46870497e-04, 1.41876900e-04, 3.15125339e-03, 4.99359691e-06,
       1.39585721e-04, 1.39916179e-04, 1.44650305e-04, 1.62145029e-06,
       1.49508195e-04, 1.30324164e-04])}
{'img': array([[[ 0.        ,  0.31389583,  0.04128331, ..., -0.44042819,
          0.        ,  0.43433436],
        [-0.31389583,  0.        , -0.27443148, ..., -0.69997968,
         -0.31389583,  0.12963978],
        [-0.04128331,  0.27443148,  0.        , ..., -0.47711637,
         -0.04128331,  0.39677807],
        ...,
        [ 0.44042819,  0.69997968,  0.47711637, ...,  0.        ,
          0.44042819,  0.78665656],
        [ 0.        ,  0.31389583,  0.04128331, ..., -0.44042819,
          0.        ,  0.43433436],
        [-0.43433436, -0.12963978, -0.39677807, ..., -0.78665656,
         -0.43433436,  0.        ]],

       [[ 0.        ,  0.50023801,  0.04261247, ..., -0.86432724,
         -0.44918129, -0.2454931 ],
        [-0.50023801,  0.        , -0.46288601, ..., -0.99999516,
         -0.83587364, -0.69749942],
        [-0.04261247,  0.46288601,  0.        , ..., -0.88497323,
         -0.48684501, -0.28657857],
        ...,
        [ 0.86432724,  0.99999516,  0.88497323, ...,  0.        ,
          0.54631839,  0.71441158],
        [ 0.44918129,  0.83587364,  0.48684501, ..., -0.54631839,
          0.        ,  0.21610209],
        [ 0.2454931 ,  0.69749942,  0.28657857, ..., -0.71441158,
         -0.21610209,  0.        ]],

       [[ 0.        ,  0.5238251 ,  0.73554569, ...,  0.12932844,
          0.4510934 ,  0.72414978],
        [-0.5238251 ,  0.        ,  0.27167836, ..., -0.4092606 ,
         -0.0832487 ,  0.25559732],
        [-0.73554569, -0.27167836,  0.        , ..., -0.64175164,
         -0.35085287, -0.01667029],
        ...,
        [-0.12932844,  0.4092606 ,  0.64175164, ...,  0.        ,
          0.3318824 ,  0.62887781],
        [-0.4510934 ,  0.0832487 ,  0.35085287, ..., -0.3318824 ,
          0.        ,  0.33519355],
        [-0.72414978, -0.25559732,  0.01667029, ..., -0.62887781,
         -0.33519355,  0.        ]],

       ...,

       [[ 0.        ,  0.08729524, -0.13435155, ..., -0.98160012,
         -0.86398384, -0.65532186],
        [-0.08729524,  0.        , -0.22034246, ..., -0.99452171,
         -0.90464043, -0.7187586 ],
        [ 0.13435155,  0.22034246,  0.        , ..., -0.94704649,
         -0.78850211, -0.54789813],
        ...,
        [ 0.98160012,  0.99452171,  0.94704649, ...,  0.        ,
          0.3292787 ,  0.61631891],
        [ 0.86398384,  0.90464043,  0.78850211, ..., -0.3292787 ,
          0.        ,  0.32264263],
        [ 0.65532186,  0.7187586 ,  0.54789813, ..., -0.61631891,
         -0.32264263,  0.        ]],

       [[ 0.        ,  0.72341227,  0.85389841, ...,  0.96166812,
          0.99324862,  0.99055482],
        [-0.72341227,  0.        ,  0.2130529 , ...,  0.86232259,
          0.76967456,  0.78308751],
        [-0.85389841, -0.2130529 ,  0.        , ...,  0.73464291,
          0.61598261,  0.63260828],
        ...,
        [-0.96166812, -0.86232259, -0.73464291, ...,  0.        ,
         -0.16080627, -0.13976471],
        [-0.99324862, -0.76967456, -0.61598261, ...,  0.16080627,
          0.        ,  0.0212821 ],
