state_0,state_1,state_2,state_3,state_4,state_5,state_6,state_7,state_8,state_9,state_10,state_11,state_12,state_13,state_14,state_15,state_16,state_17,state_18,state_19,state_20,state_21,state_22,state_23,state_24,state_25,state_26,state_27,state_28,state_29,state_30,state_31,state_32,state_33,state_34,state_35,state_36,state_37,state_38,state_39,state_40,state_41,state_42,state_43,state_44,state_45,state_46,state_47,state_48,state_49,state_50,state_51,state_52,state_53,state_54,state_55,state_56,state_57,state_58,state_59,state_60,state_61,state_62,state_63,state_64,state_65,state_66,state_67,state_68,state_69,state_70,state_71,state_72,state_73,state_74,state_75,state_76,state_77,state_78,state_79,state_80,state_81,state_82,state_83,state_84,state_85,state_86,state_87,state_88,state_89,state_90,state_91,state_92,state_93,state_94,state_95,state_96,state_97,state_98,state_99,state_100,state_101,state_102,state_103,state_104,state_105,state_106,state_107,state_108,state_109,state_110,state_111,state_112,state_113,state_114,state_115,state_116,state_117,state_118,state_119,state_120,state_121,state_122,state_123,state_124,state_125,state_126,state_127,state_128,state_129,state_130,state_131,state_132,state_133,state_134,state_135,state_136,state_137,state_138,state_139,state_140,state_141,state_142,state_143,state_144,state_145,state_146,state_147,state_148,state_149,state_150,state_151,state_152,state_153,state_154,state_155,state_156,state_157,state_158,state_159,state_160,state_161,state_162,state_163,state_164,state_165,state_166,state_167,state_168,state_169,state_170,state_171,state_172,state_173,state_174,state_175,state_176,state_177,state_178,state_179,state_180,state_181,state_182,state_183,state_184,state_185,state_186,state_187,state_188,state_189,state_190,state_191,state_192,state_193,state_194,state_195,state_196,state_197,state_198,state_199,state_200,state_201,state_202,state_203,state_204,state_205,state_206,state_207,state_208,state_209,state_210,state_211,state_212,state_213,state_214,state_215,state_216,state_217,state_218,state_219,state_220,state_221,state_222,state_223,state_224,state_225,state_226,state_227,state_228,state_229,state_230,state_231,state_232,state_233,state_234,state_235,state_236,state_237,state_238,state_239,state_240,state_241,state_242,state_243,state_244,state_245,state_246,state_247,state_248,state_249,state_250,state_251,state_252,state_253,state_254,state_255,state_256,state_257,state_258,state_259,state_260,state_261,state_262,state_263,state_264,state_265,state_266,state_267,state_268,state_269,state_270,state_271,state_272,state_273,state_274,state_275,state_276,state_277,state_278,state_279,state_280,state_281,state_282,state_283,state_284,state_285,state_286,state_287
{'img': array([[[ 0.00000000e+00, -2.31785274e-02, -2.45990148e-02, ...,
         -5.58394218e-01, -5.53925214e-01, -5.20055814e-01],
        [ 2.31785274e-02,  0.00000000e+00, -1.42089247e-03, ...,
         -5.77472544e-01, -5.73074061e-01, -5.39713626e-01],
        [ 2.45990148e-02,  1.42089247e-03,  0.00000000e+00, ...,
         -5.78631992e-01, -5.74237909e-01, -5.40909257e-01],
        ...,
        [ 5.58394218e-01,  5.77472544e-01,  5.78631992e-01, ...,
          0.00000000e+00, -5.37736321e-03, -4.55168420e-02],
        [ 5.53925214e-01,  5.73074061e-01,  5.74237909e-01, ...,
          5.37736321e-03,  0.00000000e+00, -4.01443939e-02],
        [ 5.20055814e-01,  5.39713626e-01,  5.40909257e-01, ...,
          4.55168420e-02,  4.01443939e-02,  0.00000000e+00]],

       [[ 0.00000000e+00,  5.68311282e-03,  5.66054480e-04, ...,
          6.05080207e-01,  5.37020916e-01,  8.44423458e-01],
        [-5.68311282e-03,  0.00000000e+00, -5.11706657e-03, ...,
          6.00545743e-01,  5.32218147e-01,  8.41365513e-01],
        [-5.66054480e-04,  5.11706657e-03,  0.00000000e+00, ...,
          6.04629438e-01,  5.36543324e-01,  8.44120100e-01],
        ...,
        [-6.05080207e-01, -6.00545743e-01, -6.04629438e-01, ...,
          0.00000000e+00, -8.28698610e-02,  3.48172912e-01],
        [-5.37020916e-01, -5.32218147e-01, -5.36543324e-01, ...,
          8.28698610e-02,  0.00000000e+00,  4.24660050e-01],
        [-8.44423458e-01, -8.41365513e-01, -8.44120100e-01, ...,
         -3.48172912e-01, -4.24660050e-01,  0.00000000e+00]],

       [[ 0.00000000e+00,  1.04315246e-02,  3.78205515e-02, ...,
         -5.88788578e-01, -5.84671505e-01, -5.65673955e-01],
        [-1.04315246e-02,  0.00000000e+00,  2.73944323e-02, ...,
         -5.80324876e-01, -5.76176909e-01, -5.57041039e-01],
        [-3.78205515e-02, -2.73944323e-02,  0.00000000e+00, ...,
         -5.57797464e-01, -5.53570516e-01, -5.34081319e-01],
        ...,
        [ 5.88788578e-01,  5.80324876e-01,  5.57797464e-01, ...,
          0.00000000e+00, -5.08416293e-03, -2.83051807e-02],
        [ 5.84671505e-01,  5.76176909e-01,  5.53570516e-01, ...,
          5.08416293e-03,  0.00000000e+00, -2.32226890e-02],
        [ 5.65673955e-01,  5.57041039e-01,  5.34081319e-01, ...,
          2.83051807e-02,  2.32226890e-02,  0.00000000e+00]],

       ...,

       [[ 0.00000000e+00, -1.91786182e-02, -1.40370966e-01, ...,
         -1.20627758e-01, -8.35884604e-02, -8.35884604e-02],
        [ 1.91786182e-02,  0.00000000e+00, -1.21356418e-01, ...,
         -1.01566999e-01, -6.44615863e-02, -6.44615863e-02],
        [ 1.40370966e-01,  1.21356418e-01,  0.00000000e+00, ...,
          1.99125301e-02,  5.71188689e-02,  5.71188689e-02],
        ...,
        [ 1.20627758e-01,  1.01566999e-01, -1.99125301e-02, ...,
          0.00000000e+00,  3.72275232e-02,  3.72275232e-02],
        [ 8.35884604e-02,  6.44615863e-02, -5.71188689e-02, ...,
         -3.72275232e-02,  0.00000000e+00,  0.00000000e+00],
        [ 8.35884604e-02,  6.44615863e-02, -5.71188689e-02, ...,
         -3.72275232e-02,  0.00000000e+00,  0.00000000e+00]],

       [[ 0.00000000e+00, -5.83714065e-03, -1.30371522e-02, ...,
         -9.73064571e-01, -9.70337095e-01, -9.64934278e-01],
        [ 5.83714065e-03,  0.00000000e+00, -7.20028553e-03, ...,
         -9.74393646e-01, -9.71731728e-01, -9.66450040e-01],
        [ 1.30371522e-02,  7.20028553e-03,  0.00000000e+00, ...,
         -9.75987363e-01, -9.73406438e-01, -9.68274414e-01],
        ...,
        [ 9.73064571e-01,  9.74393646e-01,  9.75987363e-01, ...,
          0.00000000e+00, -1.15496532e-02, -3.29723395e-02],
        [ 9.70337095e-01,  9.71731728e-01,  9.73406438e-01, ...,
          1.15496532e-02,  0.00000000e+00, -2.14267670e-02],
        [ 9.64934278e-01,  9.66450040e-01,  9.68274414e-01, ...,
          3.29723395e-02,  2.14267670e-02,  0.00000000e+00]],

       [[ 0.00000000e+00, -7.79436253e-03, -8.57643875e-03, ...,
         -9.99225217e-01, -9.99227423e-01, -9.99225378e-01],
        [ 7.79436253e-03,  0.00000000e+00, -7.82102357e-04, ...,
         -9.99501626e-01, -9.99503395e-01, -9.99501755e-01],
        [ 8.57643875e-03,  7.82102357e-04,  0.00000000e+00, ...,
         -9.99526009e-01, -9.99527734e-01, -9.99526135e-01],
        ...,
        [ 9.99225217e-01,  9.99501626e-01,  9.99526009e-01, ...,
          0.00000000e+00,  5.60875457e-05,  4.10017039e-06],
        [ 9.99227423e-01,  9.99503395e-01,  9.99527734e-01, ...,
         -5.60875457e-05,  0.00000000e+00, -5.19873753e-05],
        [ 9.99225378e-01,  9.99501755e-01,  9.99526135e-01, ...,
         -4.10017039e-06,  5.19873753e-05,  0.00000000e+00]]]), 'num': array([6.62934449e-01, 6.58748980e-01, 9.17866012e-08, 1.39515634e-03,
       1.41045411e-03, 1.38291813e-03, 3.54983579e-01, 2.14168736e-05,
       1.40035758e-03, 1.43722520e-03, 2.32452117e-02, 1.23639486e-06,
       1.51000464e-03, 1.36444576e-03])}
{'img': array([[[ 0.00000000e+00, -1.42089247e-03,  8.59238285e-03, ...,
         -5.73074061e-01, -5.39713626e-01, -5.67019348e-01],
        [ 1.42089247e-03,  0.00000000e+00,  1.00132142e-02, ...,
         -5.74237909e-01, -5.40909257e-01, -5.68189171e-01],
        [-8.59238285e-03, -1.00132142e-02,  0.00000000e+00, ...,
         -5.66011418e-01, -5.32460216e-01, -5.59920832e-01],
        ...,
        [ 5.73074061e-01,  5.74237909e-01,  5.66011418e-01, ...,
          0.00000000e+00, -4.01443939e-02, -7.36928125e-03],
        [ 5.39713626e-01,  5.40909257e-01,  5.32460216e-01, ...,
          4.01443939e-02,  0.00000000e+00,  3.27799631e-02],
        [ 5.67019348e-01,  5.68189171e-01,  5.59920832e-01, ...,
          7.36928125e-03, -3.27799631e-02,  0.00000000e+00]],

       [[ 0.00000000e+00, -5.11706657e-03,  7.69894586e-03, ...,
          5.32218147e-01,  8.41365513e-01,  6.93041410e-01],
        [ 5.11706657e-03,  0.00000000e+00,  1.28157600e-02, ...,
          5.36543324e-01,  8.44120100e-01,  6.96721218e-01],
        [-7.69894586e-03, -1.28157600e-02,  0.00000000e+00, ...,
          5.25684390e-01,  8.37179554e-01,  6.87470717e-01],
        ...,
        [-5.32218147e-01, -5.36543324e-01, -5.25684390e-01, ...,
          0.00000000e+00,  4.24660050e-01,  2.03059007e-01],
        [-8.41365513e-01, -8.44120100e-01, -8.37179554e-01, ...,
         -4.24660050e-01,  0.00000000e+00, -2.31972839e-01],
        [-6.93041410e-01, -6.96721218e-01, -6.87470717e-01, ...,
         -2.03059007e-01,  2.31972839e-01,  0.00000000e+00]],

       [[ 0.00000000e+00,  2.73944323e-02,  3.11550679e-02, ...,
         -5.76176909e-01, -5.57041039e-01, -5.60296906e-01],
        [-2.73944323e-02,  0.00000000e+00,  3.76224136e-03, ...,
         -5.53570516e-01, -5.34081319e-01, -5.37396042e-01],
        [-3.11550679e-02, -3.76224136e-03,  0.00000000e+00, ...,
         -5.50433395e-01, -5.30896815e-01, -5.34219428e-01],
        ...,
        [ 5.76176909e-01,  5.53570516e-01,  5.50433395e-01, ...,
          0.00000000e+00, -2.32226890e-02, -1.92979607e-02],
        [ 5.57041039e-01,  5.34081319e-01,  5.30896815e-01, ...,
          2.32226890e-02,  0.00000000e+00,  3.92560800e-03],
        [ 5.60296906e-01,  5.37396042e-01,  5.34219428e-01, ...,
          1.92979607e-02, -3.92560800e-03,  0.00000000e+00]],

       ...,

       [[ 0.00000000e+00, -1.21356418e-01,  1.63078534e-01, ...,
         -6.44615863e-02, -6.44615863e-02,  8.69189722e-03],
        [ 1.21356418e-01,  0.00000000e+00,  2.81605050e-01, ...,
          5.71188689e-02,  5.71188689e-02,  1.29979489e-01],
        [-1.63078534e-01, -2.81605050e-01,  0.00000000e+00, ...,
         -2.26338006e-01, -2.26338006e-01, -1.54496834e-01],
        ...,
        [ 6.44615863e-02, -5.71188689e-02,  2.26338006e-01, ...,
          0.00000000e+00,  0.00000000e+00,  7.31329710e-02],
        [ 6.44615863e-02, -5.71188689e-02,  2.26338006e-01, ...,
          0.00000000e+00,  0.00000000e+00,  7.31329710e-02],
        [-8.69189722e-03, -1.29979489e-01,  1.54496834e-01, ...,
         -7.31329710e-02, -7.31329710e-02,  0.00000000e+00]],

       [[ 0.00000000e+00, -7.19974875e-03, -1.41697853e-02, ...,
         -9.73443112e-01, -9.71217880e-01, -9.66431581e-01],
        [ 7.19974875e-03,  0.00000000e+00, -6.97039208e-03, ...,
         -9.75066113e-01, -9.72907636e-01, -9.68256322e-01],
        [ 1.41697853e-02,  6.97039208e-03,  0.00000000e+00, ...,
         -9.76589257e-01, -9.74495514e-01, -9.69975115e-01],
        ...,
        [ 9.73443112e-01,  9.75066113e-01,  9.76589257e-01, ...,
          0.00000000e+00, -9.52719942e-03, -2.88567453e-02],
        [ 9.71217880e-01,  9.72907636e-01,  9.74495514e-01, ...,
          9.52719942e-03,  0.00000000e+00, -1.93322037e-02],
        [ 9.66431581e-01,  9.68256322e-01,  9.69975115e-01, ...,
          2.88567453e-02,  1.93322037e-02,  0.00000000e+00]],

       [[ 0.00000000e+00, -7.82102357e-04,  2.87124230e-03, ...,
         -9.99503395e-01, -9.99501755e-01, -9.99501387e-01],
        [ 7.82102357e-04,  0.00000000e+00,  3.65334055e-03, ...,
         -9.99527734e-01, -9.99526135e-01, -9.99525776e-01],
        [-2.87124230e-03, -3.65334055e-03,  0.00000000e+00, ...,
         -9.99408798e-01, -9.99407009e-01, -9.99406608e-01],
        ...,
        [ 9.99503395e-01,  9.99527734e-01,  9.99408798e-01, ...,
          0.00000000e+00, -5.19873753e-05, -6.36497471e-05],
        [ 9.99501755e-01,  9.99526135e-01,  9.99407009e-01, ...,
          5.19873753e-05,  0.00000000e+00, -1.16623718e-05],
        [ 9.99501387e-01,  9.99525776e-01,  9.99406608e-01, ...,
          6.36497471e-05,  1.16623718e-05,  0.00000000e+00]]]), 'num': array([6.90285419e-01, 6.90285419e-01, 0.00000000e+00, 9.51196872e-04,
       9.56332924e-04, 9.47088030e-04, 2.16303093e-01, 1.43809462e-05,
       9.40924768e-04, 9.61366255e-04, 1.47876531e-02, 9.37329531e-07,
       1.00198408e-03, 9.20748427e-04])}
{'img': array([[[ 0.00000000e+00,  1.00132142e-02,  7.05867422e-02, ...,
         -5.40909257e-01, -5.68189171e-01, -5.79313360e-01],
        [-1.00132142e-02,  0.00000000e+00,  6.05949658e-02, ...,
         -5.32460216e-01, -5.59920832e-01, -5.71122497e-01],
        [-7.05867422e-02, -6.05949658e-02,  0.00000000e+00, ...,
         -4.80190873e-01, -5.08686219e-01, -5.20332746e-01],
        ...,
        [ 5.40909257e-01,  5.32460216e-01,  4.80190873e-01, ...,
          0.00000000e+00,  3.27799631e-02,  4.63516380e-02],
        [ 5.68189171e-01,  5.59920832e-01,  5.08686219e-01, ...,
         -3.27799631e-02,  0.00000000e+00,  1.35819976e-02],
        [ 5.79313360e-01,  5.71122497e-01,  5.20332746e-01, ...,
         -4.63516380e-02, -1.35819976e-02,  0.00000000e+00]],

       [[ 0.00000000e+00,  1.28157600e-02,  1.26684255e-03, ...,
          8.44120100e-01,  6.96721218e-01,  6.64049726e-01],
        [-1.28157600e-02,  0.00000000e+00, -1.15490112e-02, ...,
          8.37179554e-01,  6.87470717e-01,  6.54412995e-01],
        [-1.26684255e-03,  1.15490112e-02,  0.00000000e+00, ...,
          8.43440200e-01,  6.95811900e-01,  6.63101989e-01],
        ...,
        [-8.44120100e-01, -8.37179554e-01, -8.43440200e-01, ...,
          0.00000000e+00, -2.31972839e-01, -2.75105811e-01],
        [-6.96721218e-01, -6.87470717e-01, -6.95811900e-01, ...,
          2.31972839e-01,  0.00000000e+00, -4.45796232e-02],
        [-6.64049726e-01, -6.54412995e-01, -6.63101989e-01, ...,
          2.75105811e-01,  4.45796232e-02,  0.00000000e+00]],

       [[ 0.00000000e+00,  3.76224136e-03,  2.44210378e-02, ...,
         -5.34081319e-01, -5.37396042e-01, -5.40702497e-01],
        [-3.76224136e-03,  0.00000000e+00,  2.06597456e-02, ...,
         -5.30896815e-01, -5.34219428e-01, -5.37533821e-01],
        [-2.44210378e-02, -2.06597456e-02,  0.00000000e+00, ...,
         -5.13275681e-01, -5.16640777e-01, -5.19997923e-01],
        ...,
        [ 5.34081319e-01,  5.30896815e-01,  5.13275681e-01, ...,
          0.00000000e+00,  3.92560800e-03,  7.85117063e-03],
        [ 5.37396042e-01,  5.34219428e-01,  5.16640777e-01, ...,
         -3.92560800e-03,  0.00000000e+00,  3.92562312e-03],
        [ 5.40702497e-01,  5.37533821e-01,  5.19997923e-01, ...,
         -7.85117063e-03, -3.92562312e-03,  0.00000000e+00]],

       ...,

       [[ 0.00000000e+00,  2.81605050e-01,  3.24802079e-01, ...,
          5.71188689e-02,  1.29979489e-01,  2.79048551e-01],
        [-2.81605050e-01,  0.00000000e+00,  4.53204798e-02, ...,
         -2.26338006e-01, -1.54496834e-01, -2.66328226e-03],
        [-3.24802079e-01, -4.53204798e-02,  0.00000000e+00, ...,
         -2.70249804e-01, -1.99114418e-01, -4.79808648e-02],
        ...,
        [-5.71188689e-02,  2.26338006e-01,  2.70249804e-01, ...,
          0.00000000e+00,  7.31329710e-02,  2.23743037e-01],
        [-1.29979489e-01,  1.54496834e-01,  1.99114418e-01, ...,
         -7.31329710e-02,  0.00000000e+00,  1.51864981e-01],
        [-2.79048551e-01,  2.66328226e-03,  4.79808648e-02, ...,
         -2.23743037e-01, -1.51864981e-01,  0.00000000e+00]],

       [[ 0.00000000e+00, -6.96959777e-03, -1.16068490e-02, ...,
         -9.75446755e-01, -9.73914331e-01, -9.68228809e-01],
        [ 6.96959777e-03,  0.00000000e+00, -4.63743883e-03, ...,
         -9.76958015e-01, -9.75472189e-01, -9.69948152e-01],
        [ 1.16068490e-02,  4.63743883e-03,  0.00000000e+00, ...,
         -9.77937286e-01, -9.76482506e-01, -9.71066065e-01],
        ...,
        [ 9.75446755e-01,  9.76958015e-01,  9.77937286e-01, ...,
          0.00000000e+00, -6.85408235e-03, -3.06877549e-02],
        [ 9.73914331e-01,  9.75472189e-01,  9.76482506e-01, ...,
          6.85408235e-03,  0.00000000e+00, -2.38361799e-02],
        [ 9.68228809e-01,  9.69948152e-01,  9.71066065e-01, ...,
          3.06877549e-02,  2.38361799e-02,  0.00000000e+00]],

       [[ 0.00000000e+00,  3.65334055e-03,  1.21207735e-02, ...,
         -9.99526135e-01, -9.99525776e-01, -9.99529314e-01],
        [-3.65334055e-03,  0.00000000e+00,  8.46762045e-03, ...,
         -9.99407009e-01, -9.99406608e-01, -9.99410566e-01],
        [-1.21207735e-02, -8.46762045e-03,  0.00000000e+00, ...,
         -9.99079614e-01, -9.99079114e-01, -9.99084047e-01],
        ...,
        [ 9.99526135e-01,  9.99407009e-01,  9.99079614e-01, ...,
          0.00000000e+00, -1.16623718e-05,  1.03453558e-04],
        [ 9.99525776e-01,  9.99406608e-01,  9.99079114e-01, ...,
          1.16623718e-05,  0.00000000e+00,  1.15115929e-04],
        [ 9.99529314e-01,  9.99410566e-01,  9.99084047e-01, ...,
         -1.03453558e-04, -1.15115929e-04,  0.00000000e+00]]]), 'num': array([ 8.08975058e-01,  5.21446511e-01,  6.25062059e-06,  1.11014883e-03,
        1.12100898e-03,  1.09566863e-03,  2.70878173e-01, -7.24010107e-06,
        1.10411541e-03,  1.12523237e-03,  1.64071953e-02,  1.05310561e-06,
        1.16386510e-03,  1.08659965e-03])}
{'img': array([[[ 0.00000000e+00,  6.05949658e-02,  1.05470229e-01, ...,
         -5.59920832e-01, -5.71122497e-01, -5.66790294e-01],
        [-6.05949658e-02,  0.00000000e+00,  4.50194255e-02, ...,
         -5.08686219e-01, -5.20332746e-01, -5.15826885e-01],
        [-1.05470229e-01, -4.50194255e-02,  0.00000000e+00, ...,
         -4.69410904e-01, -4.81360236e-01, -4.76736074e-01],
        ...,
        [ 5.59920832e-01,  5.08686219e-01,  4.69410904e-01, ...,
          0.00000000e+00,  1.35819976e-02,  8.31434082e-03],
        [ 5.71122497e-01,  5.20332746e-01,  4.81360236e-01, ...,
         -1.35819976e-02,  0.00000000e+00, -5.26795423e-03],
        [ 5.66790294e-01,  5.15826885e-01,  4.76736074e-01, ...,
         -8.31434082e-03,  5.26795423e-03,  0.00000000e+00]],

       [[ 0.00000000e+00, -1.15490112e-02, -2.57404985e-02, ...,
          6.87470717e-01,  6.54412995e-01,  6.76116868e-01],
        [ 1.15490112e-02,  0.00000000e+00, -1.41935973e-02, ...,
          6.95811900e-01,  6.63101989e-01,  6.84581023e-01],
        [ 2.57404985e-02,  1.41935973e-02,  0.00000000e+00, ...,
          7.05935991e-01,  6.73659512e-01,  6.94858297e-01],
        ...,
        [-6.87470717e-01, -6.95811900e-01, -7.05935991e-01, ...,
          0.00000000e+00, -4.45796232e-02, -1.55203209e-02],
        [-6.54412995e-01, -6.63101989e-01, -6.73659512e-01, ...,
          4.45796232e-02,  0.00000000e+00,  2.90693626e-02],
        [-6.76116868e-01, -6.84581023e-01, -6.94858297e-01, ...,
          1.55203209e-02, -2.90693626e-02,  0.00000000e+00]],

       [[ 0.00000000e+00,  2.06597027e-02,  3.80185154e-02, ...,
         -5.35592350e-01, -5.38314092e-01, -5.30895877e-01],
        [-2.06597027e-02,  0.00000000e+00,  1.73656345e-02, ...,
         -5.18031399e-01, -5.20788351e-01, -5.13274768e-01],
        [-3.80185154e-02, -1.73656345e-02,  0.00000000e+00, ...,
         -5.03099387e-01, -5.05885023e-01, -4.98293759e-01],
        ...,
        [ 5.35592350e-01,  5.18031399e-01,  5.03099387e-01, ...,
          0.00000000e+00,  3.22629372e-03, -5.55162669e-03],
        [ 5.38314092e-01,  5.20788351e-01,  5.05885023e-01, ...,
         -3.22629372e-03,  0.00000000e+00, -8.77784180e-03],
        [ 5.30895877e-01,  5.13274768e-01,  4.98293759e-01, ...,
          5.55162669e-03,  8.77784180e-03,  0.00000000e+00]],

       ...,

       [[ 0.00000000e+00,  4.53204798e-02,  1.94352468e-01, ...,
         -1.54496834e-01, -2.66328226e-03, -6.14163961e-02],
        [-4.53204798e-02,  0.00000000e+00,  1.49696473e-01, ...,
         -1.99114418e-01, -4.79808648e-02, -1.06588216e-01],
        [-1.94352468e-01, -1.49696473e-01,  0.00000000e+00, ...,
         -3.43569784e-01, -1.96964277e-01, -2.54230869e-01],
        ...,
        [ 1.54496834e-01,  1.99114418e-01,  3.43569784e-01, ...,
          0.00000000e+00,  1.51864981e-01,  9.35261929e-02],
        [ 2.66328226e-03,  4.79808648e-02,  1.96964277e-01, ...,
         -1.51864981e-01,  0.00000000e+00, -5.87579237e-02],
        [ 6.14163961e-02,  1.06588216e-01,  2.54230869e-01, ...,
         -9.35261929e-02,  5.87579237e-02,  0.00000000e+00]],

       [[ 0.00000000e+00, -4.63694035e-03, -6.15118991e-03, ...,
         -9.77467078e-01, -9.75286621e-01, -9.69922823e-01],
        [ 4.63694035e-03,  0.00000000e+00, -1.51427116e-03, ...,
         -9.78435372e-01, -9.76300637e-01, -9.71041086e-01],
        [ 6.15118991e-03,  1.51427116e-03,  0.00000000e+00, ...,
         -9.78747027e-01, -9.76627234e-01, -9.71401751e-01],
        ...,
        [ 9.77467078e-01,  9.78435372e-01,  9.78747027e-01, ...,
          0.00000000e+00, -1.00937204e-02, -3.31888550e-02],
        [ 9.75286621e-01,  9.76300637e-01,  9.76627234e-01, ...,
          1.00937204e-02,  0.00000000e+00, -2.30990046e-02],
        [ 9.69922823e-01,  9.71041086e-01,  9.71401751e-01, ...,
          3.31888550e-02,  2.30990046e-02,  0.00000000e+00]],

       [[ 0.00000000e+00,  8.46762045e-03,  1.20126980e-02, ...,
         -9.99406608e-01, -9.99410566e-01, -9.99414239e-01],
        [-8.46762045e-03,  0.00000000e+00,  3.54525782e-03, ...,
         -9.99079114e-01, -9.99084047e-01, -9.99088626e-01],
        [-1.20126980e-02, -3.54525782e-03,  0.00000000e+00, ...,
         -9.98920723e-01, -9.98926063e-01, -9.98931021e-01],
        ...,
        [ 9.99406608e-01,  9.99079114e-01,  9.98920723e-01, ...,
          0.00000000e+00,  1.15115929e-04,  2.22256125e-04],
        [ 9.99410566e-01,  9.99084047e-01,  9.98926063e-01, ...,
         -1.15115929e-04,  0.00000000e+00,  1.07140197e-04],
        [ 9.99414239e-01,  9.99088626e-01,  9.98931021e-01, ...,
         -2.22256125e-04, -1.07140197e-04,  0.00000000e+00]]]), 'num': array([ 7.25414056e-01,  6.38616739e-01,  1.90763333e-06,  9.86333140e-04,
        1.00259138e-03,  9.85249257e-04,  2.56405516e-01, -1.08388257e-05,
        9.89801564e-04,  1.00779401e-03,  1.38687472e-02,  8.62035262e-07,
        1.04028591e-03,  9.75302115e-04])}
{'img': array([[[ 0.00000000e+00,  4.50194255e-02,  1.45833758e-02, ...,
         -5.20332746e-01, -5.15826885e-01, -5.06590671e-01],
        [-4.50194255e-02,  0.00000000e+00, -3.04460482e-02, ...,
         -4.81360236e-01, -4.76736074e-01, -4.67261895e-01],
        [-1.45833758e-02,  3.04460482e-02,  0.00000000e+00, ...,
         -5.07823740e-01, -5.03278556e-01, -4.93963206e-01],
        ...,
        [ 5.20332746e-01,  4.81360236e-01,  5.07823740e-01, ...,
          0.00000000e+00, -5.26795423e-03, -1.60139750e-02],
        [ 5.15826885e-01,  4.76736074e-01,  5.03278556e-01, ...,
          5.26795423e-03,  0.00000000e+00, -1.07464741e-02],
        [ 5.06590671e-01,  4.67261895e-01,  4.93963206e-01, ...,
          1.60139750e-02,  1.07464741e-02,  0.00000000e+00]],

       [[ 0.00000000e+00, -1.41935973e-02, -1.48634250e-02, ...,
          6.63101989e-01,  6.84581023e-01,  7.02362829e-01],
        [ 1.41935973e-02,  0.00000000e+00, -6.69898342e-04, ...,
          6.73659512e-01,  6.94858297e-01,  7.12395351e-01],
        [ 1.48634250e-02,  6.69898342e-04,  0.00000000e+00, ...,
          6.74154444e-01,  6.95339897e-01,  7.12865311e-01],
        ...,
        [-6.63101989e-01, -6.73659512e-01, -6.74154444e-01, ...,
          0.00000000e+00,  2.90693626e-02,  5.37303136e-02],
        [-6.84581023e-01, -6.94858297e-01, -6.95339897e-01, ...,
         -2.90693626e-02,  0.00000000e+00,  2.46802355e-02],
        [-7.02362829e-01, -7.12395351e-01, -7.12865311e-01, ...,
         -5.37303136e-02, -2.46802355e-02,  0.00000000e+00]],

       [[ 0.00000000e+00,  1.73653113e-02,  3.46287413e-02, ...,
         -5.25816536e-01, -5.23337821e-01, -5.13266549e-01],
        [-1.73653113e-02,  0.00000000e+00,  1.72686234e-02, ...,
         -5.10966350e-01, -5.08461487e-01, -4.98285736e-01],
        [-3.46287413e-02, -1.72686234e-02,  0.00000000e+00, ...,
         -4.96046037e-01, -4.93515920e-01, -4.83239316e-01],
        ...,
        [ 5.25816536e-01,  5.10966350e-01,  4.96046037e-01, ...,
          0.00000000e+00, -2.91146556e-03, -1.46876294e-02],
        [ 5.23337821e-01,  5.08461487e-01,  4.93515920e-01, ...,
          2.91146556e-03,  0.00000000e+00, -1.17764157e-02],
        [ 5.13266549e-01,  4.98285736e-01,  4.83239316e-01, ...,
          1.46876294e-02,  1.17764157e-02,  0.00000000e+00]],

       ...,

       [[ 0.00000000e+00,  1.49696473e-01,  3.50949076e-01, ...,
         -4.79808648e-02, -1.06588216e-01, -2.17251470e-01],
        [-1.49696473e-01,  0.00000000e+00,  2.06819621e-01, ...,
         -1.96964277e-01, -2.54230869e-01, -3.60924553e-01],
        [-3.50949076e-01, -2.06819621e-01,  0.00000000e+00, ...,
         -3.95473892e-01, -4.48758431e-01, -5.45999984e-01],
        ...,
        [ 4.79808648e-02,  1.96964277e-01,  3.95473892e-01, ...,
          0.00000000e+00, -5.87579237e-02, -1.70166378e-01],
        [ 1.06588216e-01,  2.54230869e-01,  4.48758431e-01, ...,
          5.87579237e-02,  0.00000000e+00, -1.11971415e-01],
        [ 2.17251470e-01,  3.60924553e-01,  5.45999984e-01, ...,
          1.70166378e-01,  1.11971415e-01,  0.00000000e+00]],

       [[ 0.00000000e+00, -1.51420041e-03, -6.50912136e-03, ...,
         -9.77267444e-01, -9.74552794e-01, -9.71030252e-01],
        [ 1.51420041e-03,  0.00000000e+00, -4.99494557e-03, ...,
         -9.77587350e-01, -9.74891097e-01, -9.71390967e-01],
        [ 6.50912136e-03,  4.99494557e-03,  0.00000000e+00, ...,
         -9.78626741e-01, -9.75991221e-01, -9.72565078e-01],
        ...,
        [ 9.77267444e-01,  9.77587350e-01,  9.78626741e-01, ...,
          0.00000000e+00, -1.24472336e-02, -2.76561329e-02],
        [ 9.74552794e-01,  9.74891097e-01,  9.75991221e-01, ...,
          1.24472336e-02,  0.00000000e+00, -1.52115179e-02],
        [ 9.71030252e-01,  9.71390967e-01,  9.72565078e-01, ...,
          2.76561329e-02,  1.52115179e-02,  0.00000000e+00]],

       [[ 0.00000000e+00,  3.54525782e-03,  1.78838278e-02, ...,
         -9.99084047e-01, -9.99088626e-01, -9.99087892e-01],
        [-3.54525782e-03,  0.00000000e+00,  1.43390246e-02, ...,
         -9.98926063e-01, -9.98931021e-01, -9.98930227e-01],
        [-1.78838278e-02, -1.43390246e-02,  0.00000000e+00, ...,
         -9.98158998e-01, -9.98165491e-01, -9.98164450e-01],
        ...,
        [ 9.99084047e-01,  9.98926063e-01,  9.98158998e-01, ...,
          0.00000000e+00,  1.07140197e-04,  8.99588957e-05],
        [ 9.99088626e-01,  9.98931021e-01,  9.98165491e-01, ...,
         -1.07140197e-04,  0.00000000e+00, -1.71813014e-05],
        [ 9.99087892e-01,  9.98930227e-01,  9.98164450e-01, ...,
         -8.99588957e-05,  1.71813014e-05,  0.00000000e+00]]]), 'num': array([8.04043732e-01, 5.26788399e-01, 5.96248027e-06, 1.10902133e-03,
       1.10902133e-03, 1.09113389e-03, 2.75308917e-01, 2.38499211e-05,
       1.09661937e-03, 1.10741146e-03, 1.42872157e-02, 1.17251009e-06,
       1.14083774e-03, 1.07398518e-03])}
{'img': array([[[ 0.00000000e+00, -3.04460482e-02,  9.89534912e-02, ...,
         -4.76736074e-01, -4.67261895e-01, -4.84164502e-01],
        [ 3.04460482e-02,  0.00000000e+00,  1.29204238e-01, ...,
         -5.03278556e-01, -4.93963206e-01, -5.10579641e-01],
        [-9.89534912e-02, -1.29204238e-01,  0.00000000e+00, ...,
         -3.87411564e-01, -3.77481944e-01, -3.95206224e-01],
        ...,
        [ 4.76736074e-01,  5.03278556e-01,  3.87411564e-01, ...,
          0.00000000e+00, -1.07464741e-02,  8.47000629e-03],
        [ 4.67261895e-01,  4.93963206e-01,  3.77481944e-01, ...,
          1.07464741e-02,  0.00000000e+00,  1.92156058e-02],
        [ 4.84164502e-01,  5.10579641e-01,  3.95206224e-01, ...,
         -8.47000629e-03, -1.92156058e-02,  0.00000000e+00]],

       [[ 0.00000000e+00, -6.69898342e-04,  3.06607719e-02, ...,
          6.94858297e-01,  7.12395351e-01,  7.04226976e-01],
        [ 6.69898342e-04,  0.00000000e+00,  3.13303484e-02, ...,
          6.95339897e-01,  7.12865311e-01,  7.04702429e-01],
        [-3.06607719e-02, -3.13303484e-02,  0.00000000e+00, ...,
          6.72482016e-01,  6.90543350e-01,  6.82127503e-01],
        ...,
        [-6.94858297e-01, -6.95339897e-01, -6.72482016e-01, ...,
          0.00000000e+00,  2.46802355e-02,  1.31105369e-02],
        [-7.12395351e-01, -7.12865311e-01, -6.90543350e-01, ...,
         -2.46802355e-02,  0.00000000e+00, -1.15715709e-02],
        [-7.04226976e-01, -7.04702429e-01, -6.82127503e-01, ...,
         -1.31105369e-02,  1.15715709e-02,  0.00000000e+00]],

       [[ 0.00000000e+00,  1.72686234e-02,  5.86628901e-02, ...,
         -5.08461487e-01, -4.98285736e-01, -5.17414761e-01],
        [-1.72686234e-02,  0.00000000e+00,  4.14152585e-02, ...,
         -4.93515920e-01, -4.83239316e-01, -5.02560246e-01],
        [-5.86628901e-02, -4.14152585e-02,  0.00000000e+00, ...,
         -4.57072121e-01, -4.46566132e-01, -4.66323821e-01],
        ...,
        [ 5.08461487e-01,  4.93515920e-01,  4.57072121e-01, ...,
          0.00000000e+00, -1.17764157e-02,  1.04297866e-02],
        [ 4.98285736e-01,  4.83239316e-01,  4.46566132e-01, ...,
          1.17764157e-02,  0.00000000e+00,  2.22048385e-02],
        [ 5.17414761e-01,  5.02560246e-01,  4.66323821e-01, ...,
         -1.04297866e-02, -2.22048385e-02,  0.00000000e+00]],

       ...,

       [[ 0.00000000e+00,  2.06819621e-01,  3.97130407e-01, ...,
         -2.54230869e-01, -3.60924553e-01, -9.06782542e-02],
        [-2.06819621e-01,  0.00000000e+00,  1.98732858e-01, ...,
         -4.48758431e-01, -5.45999984e-01, -2.94685282e-01],
        [-3.97130407e-01, -1.98732858e-01,  0.00000000e+00, ...,
         -6.17405595e-01, -7.01604748e-01, -4.78715399e-01],
        ...,
        [ 2.54230869e-01,  4.48758431e-01,  6.17405595e-01, ...,
          0.00000000e+00, -1.11971415e-01,  1.65484610e-01],
        [ 3.60924553e-01,  5.45999984e-01,  7.01604748e-01, ...,
          1.11971415e-01,  0.00000000e+00,  2.74871543e-01],
        [ 9.06782542e-02,  2.94685282e-01,  4.78715399e-01, ...,
         -1.65484610e-01, -2.74871543e-01,  0.00000000e+00]],

       [[ 0.00000000e+00, -4.99479266e-03, -3.29687687e-03, ...,
         -9.75843853e-01, -9.74231289e-01, -9.71383918e-01],
        [ 4.99479266e-03,  0.00000000e+00,  1.69792977e-03, ...,
         -9.76922888e-01, -9.75345718e-01, -9.72558138e-01],
        [ 3.29687687e-03, -1.69792977e-03,  0.00000000e+00, ...,
         -9.76558815e-01, -9.74969609e-01, -9.72161696e-01],
        ...,
        [ 9.75843853e-01,  9.76922888e-01,  9.76558815e-01, ...,
          0.00000000e+00, -7.26337033e-03, -1.95599324e-02],
        [ 9.74231289e-01,  9.75345718e-01,  9.74969609e-01, ...,
          7.26337033e-03,  0.00000000e+00, -1.22974356e-02],
        [ 9.71383918e-01,  9.72558138e-01,  9.72161696e-01, ...,
          1.95599324e-02,  1.22974356e-02,  0.00000000e+00]],

       [[ 0.00000000e+00,  1.43390246e-02,  7.13212400e-03, ...,
         -9.98931021e-01, -9.98930227e-01, -9.98931183e-01],
        [-1.43390246e-02,  0.00000000e+00, -7.20726910e-03, ...,
         -9.98165491e-01, -9.98164450e-01, -9.98165703e-01],
        [-7.13212400e-03,  7.20726910e-03,  0.00000000e+00, ...,
         -9.98575927e-01, -9.98575010e-01, -9.98576114e-01],
        ...,
        [ 9.98931021e-01,  9.98165491e-01,  9.98575927e-01, ...,
          0.00000000e+00, -1.71813014e-05,  3.50795348e-06],
        [ 9.98930227e-01,  9.98164450e-01,  9.98575010e-01, ...,
          1.71813014e-05,  0.00000000e+00,  2.06892549e-05],
        [ 9.98931183e-01,  9.98165703e-01,  9.98576114e-01, ...,
         -3.50795348e-06, -2.06892549e-05,  0.00000000e+00]]]), 'num': array([ 7.67144459e-01,  6.16973721e-01,  3.26103665e-06,  1.05014502e-03,
        1.06724836e-03,  1.04900480e-03,  1.75108979e-01, -1.02620034e-05,
        1.05060111e-03,  1.05824060e-03,  1.27217867e-02,  1.02053073e-06,
        1.09036899e-03,  1.02611221e-03])}
{'img': array([[[ 0.00000000e+00,  1.29204238e-01,  3.48748512e-01, ...,
         -4.93963206e-01, -5.10579641e-01, -5.04076664e-01],
        [-1.29204238e-01,  0.00000000e+00,  2.24732980e-01, ...,
         -3.77481944e-01, -3.95206224e-01, -3.88263103e-01],
        [-3.48748512e-01, -2.24732980e-01,  0.00000000e+00, ...,
         -1.59719554e-01, -1.78658988e-01, -1.71229127e-01],
        ...,
        [ 4.93963206e-01,  3.77481944e-01,  1.59719554e-01, ...,
          0.00000000e+00,  1.92156058e-02,  1.16702674e-02],
        [ 5.10579641e-01,  3.95206224e-01,  1.78658988e-01, ...,
         -1.92156058e-02,  0.00000000e+00, -7.54618450e-03],
        [ 5.04076664e-01,  3.88263103e-01,  1.71229127e-01, ...,
         -1.16702674e-02,  7.54618450e-03,  0.00000000e+00]],

       [[ 0.00000000e+00,  3.13303484e-02,  4.82898141e-02, ...,
          7.12865311e-01,  7.04702429e-01,  5.73995316e-01],
        [-3.13303484e-02,  0.00000000e+00,  1.69723105e-02, ...,
          6.90543350e-01,  6.82127503e-01,  5.48058408e-01],
        [-4.82898141e-02, -1.69723105e-02,  0.00000000e+00, ...,
          6.78167965e-01,  6.69618532e-01,  5.33783145e-01],
        ...,
        [-7.12865311e-01, -6.90543350e-01, -6.78167965e-01, ...,
          0.00000000e+00, -1.15715709e-02, -1.81192407e-01],
        [-7.04702429e-01, -6.82127503e-01, -6.69618532e-01, ...,
          1.15715709e-02,  0.00000000e+00, -1.69800241e-01],
        [-5.73995316e-01, -5.48058408e-01, -5.33783145e-01, ...,
          1.81192407e-01,  1.69800241e-01,  0.00000000e+00]],

       [[ 0.00000000e+00,  4.14152585e-02,  1.11408983e-01, ...,
         -4.83239316e-01, -5.02560246e-01, -5.05090950e-01],
        [-4.14152585e-02,  0.00000000e+00,  7.01559630e-02, ...,
         -4.46566132e-01, -4.66323821e-01, -4.68913486e-01],
        [-1.11408983e-01, -7.01559630e-02,  0.00000000e+00, ...,
         -3.82693717e-01, -4.03113862e-01, -4.05793259e-01],
        ...,
        [ 4.83239316e-01,  4.46566132e-01,  3.82693717e-01, ...,
          0.00000000e+00,  2.22048385e-02,  2.51337348e-02],
        [ 5.02560246e-01,  4.66323821e-01,  4.03113862e-01, ...,
         -2.22048385e-02,  0.00000000e+00,  2.92971392e-03],
        [ 5.05090950e-01,  4.68913486e-01,  4.05793259e-01, ...,
         -2.51337348e-02, -2.92971392e-03,  0.00000000e+00]],

       ...,

       [[ 0.00000000e+00,  1.98732858e-01,  4.35349020e-01, ...,
         -5.45999984e-01, -2.94685282e-01, -4.19169522e-01],
        [-1.98732858e-01,  0.00000000e+00,  2.47753826e-01, ...,
         -7.01604748e-01, -4.78715399e-01, -5.91239789e-01],
        [-4.35349020e-01, -2.47753826e-01,  0.00000000e+00, ...,
         -8.56271865e-01, -6.81310959e-01, -7.72619143e-01],
        ...,
        [ 5.45999984e-01,  7.01604748e-01,  8.56271865e-01, ...,
          0.00000000e+00,  2.74871543e-01,  1.44543730e-01],
        [ 2.94685282e-01,  4.78715399e-01,  6.81310959e-01, ...,
         -2.74871543e-01,  0.00000000e+00, -1.33008911e-01],
        [ 4.19169522e-01,  5.91239789e-01,  7.72619143e-01, ...,
         -1.44543730e-01,  1.33008911e-01,  0.00000000e+00]],

       [[ 0.00000000e+00,  1.69792300e-03,  9.34569008e-03, ...,
         -9.75515844e-01, -9.73580100e-01, -9.72557235e-01],
        [-1.69792300e-03,  0.00000000e+00,  7.64782776e-03, ...,
         -9.75141015e-01, -9.73190983e-01, -9.72160787e-01],
        [-9.34569008e-03, -7.64782776e-03,  0.00000000e+00, ...,
         -9.73417851e-01, -9.71403533e-01, -9.70340358e-01],
        ...,
        [ 9.75515844e-01,  9.75141015e-01,  9.73417851e-01, ...,
          0.00000000e+00, -8.63625181e-03, -1.30734816e-02],
        [ 9.73580100e-01,  9.73190983e-01,  9.71403533e-01, ...,
          8.63625181e-03,  0.00000000e+00, -4.43748032e-03],
        [ 9.72557235e-01,  9.72160787e-01,  9.70340358e-01, ...,
          1.30734816e-02,  4.43748032e-03,  0.00000000e+00]],

       [[ 0.00000000e+00, -7.20726910e-03, -4.11330739e-02, ...,
         -9.98164450e-01, -9.98165703e-01, -9.98164608e-01],
        [ 7.20726910e-03,  0.00000000e+00, -3.39308362e-02, ...,
         -9.98575010e-01, -9.98576114e-01, -9.98575149e-01],
        [ 4.11330739e-02,  3.39308362e-02,  0.00000000e+00, ...,
         -9.99810773e-01, -9.99811176e-01, -9.99810824e-01],
        ...,
        [ 9.98164450e-01,  9.98575010e-01,  9.99810773e-01, ...,
          0.00000000e+00,  2.06892549e-05,  2.59728046e-06],
        [ 9.98165703e-01,  9.98576114e-01,  9.99811176e-01, ...,
         -2.06892549e-05,  0.00000000e+00, -1.80919744e-05],
        [ 9.98164608e-01,  9.98575149e-01,  9.99810824e-01, ...,
         -2.59728046e-06,  1.80919744e-05,  0.00000000e+00]]]), 'num': array([ 7.20594961e-01,  6.66548943e-01,  1.17875720e-06,  9.82654869e-04,
        9.90156051e-04,  9.77296882e-04,  1.90593317e-01, -4.28638983e-06,
        9.85441023e-04,  9.93317264e-04,  1.10798534e-02,  8.00470390e-07,
        1.02334093e-03,  9.63293597e-04])}
{'img': array([[[ 0.00000000e+00,  2.24732980e-01,  2.97697792e-02, ...,
         -3.95206224e-01, -3.88263103e-01, -3.84731499e-01],
        [-2.24732980e-01,  0.00000000e+00, -1.95625094e-01, ...,
         -1.78658988e-01, -1.71229127e-01, -1.67455263e-01],
        [-2.97697792e-02,  1.95625094e-01,  0.00000000e+00, ...,
         -3.67684768e-01, -3.60656721e-01, -3.57082624e-01],
        ...,
        [ 3.95206224e-01,  1.78658988e-01,  3.67684768e-01, ...,
          0.00000000e+00, -7.54618450e-03, -1.13751807e-02],
        [ 3.88263103e-01,  1.71229127e-01,  3.60656721e-01, ...,
          7.54618450e-03,  0.00000000e+00, -3.82916053e-03],
        [ 3.84731499e-01,  1.67455263e-01,  3.57082624e-01, ...,
          1.13751807e-02,  3.82916053e-03,  0.00000000e+00]],

       [[ 0.00000000e+00,  1.69723105e-02, -8.52576661e-03, ...,
          6.82127503e-01,  5.48058408e-01,  5.94665651e-01],
        [-1.69723105e-02,  0.00000000e+00, -2.54962322e-02, ...,
          6.69618532e-01,  5.33783145e-01,  5.80934714e-01],
        [ 8.52576661e-03,  2.54962322e-02,  0.00000000e+00, ...,
          6.88337035e-01,  5.55169781e-01,  6.01498525e-01],
        ...,
        [-6.82127503e-01, -6.69618532e-01, -6.88337035e-01, ...,
          0.00000000e+00, -1.69800241e-01, -1.13572873e-01],
        [-5.48058408e-01, -5.33783145e-01, -5.55169781e-01, ...,
          1.69800241e-01,  0.00000000e+00,  5.67779528e-02],
        [-5.94665651e-01, -5.80934714e-01, -6.01498525e-01, ...,
          1.13572873e-01, -5.67779528e-02,  0.00000000e+00]],

       [[ 0.00000000e+00,  7.01559630e-02,  1.08435230e-01, ...,
         -4.66323821e-01, -4.68913486e-01, -4.66323821e-01],
        [-7.01559630e-02,  0.00000000e+00,  3.84257603e-02, ...,
         -4.03113862e-01, -4.05793259e-01, -4.03113862e-01],
        [-1.08435230e-01, -3.84257603e-02,  0.00000000e+00, ...,
         -3.67650817e-01, -3.70373767e-01, -3.67650817e-01],
        ...,
        [ 4.66323821e-01,  4.03113862e-01,  3.67650817e-01, ...,
          0.00000000e+00,  2.92971392e-03,  0.00000000e+00],
        [ 4.68913486e-01,  4.05793259e-01,  3.70373767e-01, ...,
         -2.92971392e-03,  0.00000000e+00, -2.92971392e-03],
        [ 4.66323821e-01,  4.03113862e-01,  3.67650817e-01, ...,
          0.00000000e+00,  2.92971392e-03,  0.00000000e+00]],

       ...,

       [[ 0.00000000e+00,  2.47753826e-01,  7.15876217e-02, ...,
         -4.78715399e-01, -5.91239789e-01, -7.49160899e-01],
        [-2.47753826e-01,  0.00000000e+00, -1.77762431e-01, ...,
         -6.81310959e-01, -7.72619143e-01, -8.89913501e-01],
        [-7.15876217e-02,  1.77762431e-01,  0.00000000e+00, ...,
         -5.40338960e-01, -6.47457972e-01, -7.94657574e-01],
        ...,
        [ 4.78715399e-01,  6.81310959e-01,  5.40338960e-01, ...,
