state_0,state_1,state_2,state_3,state_4,state_5,state_6,state_7,state_8,state_9,state_10,state_11,state_12,state_13,state_14,state_15,state_16,state_17,state_18,state_19,state_20,state_21,state_22,state_23,state_24,state_25,state_26,state_27,state_28,state_29,state_30,state_31,state_32,state_33,state_34,state_35,state_36,state_37,state_38,state_39,state_40,state_41,state_42,state_43,state_44,state_45,state_46,state_47,state_48,state_49,state_50,state_51,state_52,state_53,state_54,state_55,state_56,state_57,state_58,state_59,state_60,state_61,state_62,state_63,state_64,state_65,state_66,state_67,state_68,state_69,state_70,state_71,state_72,state_73,state_74,state_75,state_76,state_77,state_78,state_79,state_80,state_81,state_82,state_83,state_84,state_85,state_86,state_87,state_88,state_89,state_90,state_91,state_92,state_93,state_94,state_95,state_96,state_97,state_98,state_99,state_100,state_101,state_102,state_103,state_104,state_105,state_106,state_107,state_108,state_109,state_110,state_111,state_112,state_113,state_114,state_115,state_116,state_117,state_118,state_119,state_120,state_121,state_122,state_123,state_124,state_125,state_126,state_127,state_128,state_129,state_130,state_131,state_132,state_133,state_134,state_135,state_136,state_137,state_138,state_139,state_140,state_141,state_142,state_143,state_144,state_145,state_146,state_147,state_148,state_149,state_150,state_151,state_152,state_153,state_154,state_155,state_156,state_157,state_158,state_159,state_160,state_161,state_162,state_163,state_164,state_165,state_166,state_167,state_168,state_169,state_170,state_171,state_172,state_173,state_174,state_175,state_176,state_177,state_178,state_179,state_180,state_181,state_182,state_183,state_184,state_185,state_186,state_187,state_188,state_189,state_190,state_191,state_192,state_193,state_194,state_195,state_196,state_197,state_198,state_199,state_200,state_201,state_202,state_203,state_204,state_205,state_206,state_207,state_208,state_209,state_210,state_211,state_212,state_213,state_214,state_215,state_216,state_217,state_218,state_219,state_220,state_221,state_222,state_223,state_224,state_225,state_226,state_227,state_228,state_229,state_230,state_231,state_232,state_233,state_234,state_235,state_236,state_237,state_238,state_239,state_240,state_241,state_242,state_243,state_244,state_245,state_246,state_247,state_248,state_249,state_250,state_251,state_252,state_253,state_254,state_255,state_256,state_257,state_258,state_259,state_260,state_261,state_262,state_263,state_264,state_265,state_266,state_267,state_268,state_269,state_270,state_271,state_272,state_273,state_274,state_275,state_276,state_277,state_278,state_279,state_280,state_281,state_282,state_283,state_284,state_285,state_286,state_287
{'img': array([[[ 0.        ,  0.04308222, -0.12855539, ...,  0.99978899,
          0.9723162 ,  0.95613198],
        [-0.04308222,  0.        , -0.17116077, ...,  0.99797573,
          0.98148041,  0.96786458],
        [ 0.12855539,  0.17116077,  0.        , ...,  0.99413384,
          0.93420883,  0.91053978],
        ...,
        [-0.99978899, -0.99797573, -0.99413384, ...,  0.        ,
          0.25359284,  0.31251511],
        [-0.9723162 , -0.98148041, -0.93420883, ..., -0.25359284,
          0.        ,  0.06140823],
        [-0.95613198, -0.96786458, -0.91053978, ..., -0.31251511,
         -0.06140823,  0.        ]],

       [[ 0.        ,  0.12227755,  0.45967835, ...,  0.14902567,
          0.37521778,  0.28453253],
        [-0.12227755,  0.        ,  0.34763598, ...,  0.02699526,
          0.25905858,  0.165174  ],
        [-0.45967835, -0.34763598,  0.        , ..., -0.32219774,
         -0.09286727, -0.18798898],
        ...,
        [-0.14902567, -0.02699526,  0.32219774, ...,  0.        ,
          0.23289048,  0.13848934],
        [-0.37521778, -0.25905858,  0.09286727, ..., -0.23289048,
          0.        , -0.09596503],
        [-0.28453253, -0.165174  ,  0.18798898, ..., -0.13848934,
          0.09596503,  0.        ]],

       [[ 0.        ,  0.        , -0.01781883, ...,  0.99167685,
          0.98075715,  0.95419799],
        [ 0.        ,  0.        , -0.01781883, ...,  0.99167685,
          0.98075715,  0.95419799],
        [ 0.01781883,  0.01781883,  0.        , ...,  0.9892252 ,
          0.97712263,  0.94871553],
        ...,
        [-0.99167685, -0.99167685, -0.9892252 , ...,  0.        ,
          0.06733254,  0.1738311 ],
        [-0.98075715, -0.98075715, -0.97712263, ..., -0.06733254,
          0.        ,  0.10712917],
        [-0.95419799, -0.95419799, -0.94871553, ..., -0.1738311 ,
         -0.10712917,  0.        ]],

       ...,

       [[ 0.        ,  0.30414481, -0.03755711, ...,  0.63020012,
          0.75486566,  0.73601556],
        [-0.30414481,  0.        , -0.3397081 , ...,  0.36419691,
          0.51962218,  0.49525214],
        [ 0.03755711,  0.3397081 ,  0.        , ...,  0.65891607,
          0.77896602,  0.76092112],
        ...,
        [-0.63020012, -0.36419691, -0.65891607, ...,  0.        ,
          0.17276711,  0.1448434 ],
        [-0.75486566, -0.51962218, -0.77896602, ..., -0.17276711,
          0.        , -0.02827987],
        [-0.73601556, -0.49525214, -0.76092112, ..., -0.1448434 ,
          0.02827987,  0.        ]],

       [[ 0.        , -0.00202226,  0.01534187, ...,  0.98990498,
          0.99594269,  0.99865312],
        [ 0.00202226,  0.        ,  0.01736386, ...,  0.98961634,
          0.99575867,  0.99854616],
        [-0.01534187, -0.01736386,  0.        , ...,  0.99196292,
          0.99720609,  0.99933158],
        ...,
        [-0.98990498, -0.98961634, -0.99196292, ...,  0.        ,
         -0.05207623, -0.09018153],
        [-0.99594269, -0.99575867, -0.99720609, ...,  0.05207623,
          0.        , -0.03819512],
        [-0.99865312, -0.99854616, -0.99933158, ...,  0.09018153,
          0.03819512,  0.        ]],

       [[ 0.        , -0.00384172, -0.03025319, ...,  0.99922203,
          0.99053678,  0.94211611],
        [ 0.00384172,  0.        , -0.02641301, ...,  0.99906315,
          0.99000221,  0.94082108],
        [ 0.03025319,  0.02641301,  0.        , ...,  0.99757154,
          0.9859312 ,  0.93154138],
        ...,
        [-0.99922203, -0.99906315, -0.99757154, ...,  0.        ,
          0.09807625,  0.29787104],
        [-0.99053678, -0.99000221, -0.9859312 , ..., -0.09807625,
          0.        ,  0.20281079],
        [-0.94211611, -0.94082108, -0.93154138, ..., -0.29787104,
         -0.20281079,  0.        ]]]), 'num': array([7.10565377e-01, 7.03630718e-01, 1.44171704e-06, 4.36142073e-05,
       4.41582515e-05, 4.27528041e-05, 8.02147786e-04, 2.72022083e-07,
       4.25533212e-05, 4.20364793e-05, 3.47530880e-05, 4.67762841e-07,
       4.41798414e-05, 3.98931171e-05])}
{'img': array([[[ 0.00000000e+00, -1.71160768e-01, -8.85739893e-02, ...,
          9.81480412e-01,  9.67864581e-01,  9.54111605e-01],
        [ 1.71160768e-01,  0.00000000e+00,  8.32211251e-02, ...,
          9.34208827e-01,  9.10539777e-01,  8.88777583e-01],
        [ 8.85739893e-02, -8.32211251e-02,  0.00000000e+00, ...,
          9.60655344e-01,  9.41786611e-01,  9.23837974e-01],
        ...,
        [-9.81480412e-01, -9.34208827e-01, -9.60655344e-01, ...,
          0.00000000e+00,  6.14082297e-02,  1.11133497e-01],
        [-9.67864581e-01, -9.10539777e-01, -9.41786611e-01, ...,
         -6.14082297e-02,  0.00000000e+00,  4.98959230e-02],
        [-9.54111605e-01, -8.88777583e-01, -9.23837974e-01, ...,
         -1.11133497e-01, -4.98959230e-02,  0.00000000e+00]],

       [[ 0.00000000e+00,  4.45672049e-01,  2.58122235e-01, ...,
          3.56765863e-01,  2.58381225e-01,  2.70908540e-01],
        [-4.45672049e-01,  0.00000000e+00, -1.99499163e-01, ...,
         -9.69685981e-02, -1.99236461e-01, -1.86489860e-01],
        [-2.58122235e-01,  1.99499163e-01,  0.00000000e+00, ...,
          1.03539677e-01,  2.68084202e-04,  1.32582865e-02],
        ...,
        [-3.56765863e-01,  9.69685981e-02, -1.03539677e-01, ...,
          0.00000000e+00, -1.03273030e-01, -9.03435485e-02],
        [-2.58381225e-01,  1.99236461e-01, -2.68084202e-04, ...,
          1.03273030e-01,  0.00000000e+00,  1.29902254e-02],
        [-2.70908540e-01,  1.86489860e-01, -1.32582865e-02, ...,
          9.03435485e-02, -1.29902254e-02,  0.00000000e+00]],

       [[ 0.00000000e+00, -1.78188259e-02, -1.94592662e-02, ...,
          9.80757146e-01,  9.54197986e-01,  9.23426836e-01],
        [ 1.78188259e-02,  0.00000000e+00, -1.64072484e-03, ...,
          9.77122633e-01,  9.48715527e-01,  9.16441814e-01],
        [ 1.94592662e-02,  1.64072484e-03,  0.00000000e+00, ...,
          9.76772374e-01,  9.48195566e-01,  9.15784015e-01],
        ...,
        [-9.80757146e-01, -9.77122633e-01, -9.76772374e-01, ...,
          0.00000000e+00,  1.07129172e-01,  1.96107398e-01],
        [-9.54197986e-01, -9.48715527e-01, -9.48195566e-01, ...,
         -1.07129172e-01,  0.00000000e+00,  8.99298387e-02],
        [-9.23426836e-01, -9.16441814e-01, -9.15784015e-01, ...,
         -1.96107398e-01, -8.99298387e-02,  0.00000000e+00]],

       ...,

       [[ 0.00000000e+00, -3.39708103e-01,  1.03269885e-01, ...,
          5.19622179e-01,  4.95252143e-01,  5.31270479e-01],
        [ 3.39708103e-01,  0.00000000e+00,  4.35020330e-01, ...,
          7.78966021e-01,  7.60921122e-01,  7.87477785e-01],
        [-1.03269885e-01, -4.35020330e-01,  0.00000000e+00, ...,
          4.28610560e-01,  4.02888576e-01,  4.40939493e-01],
        ...,
        [-5.19622179e-01, -7.78966021e-01, -4.28610560e-01, ...,
          0.00000000e+00, -2.82798676e-02,  1.36903675e-02],
        [-4.95252143e-01, -7.60921122e-01, -4.02888576e-01, ...,
          2.82798676e-02,  0.00000000e+00,  4.19621093e-02],
        [-5.31270479e-01, -7.87477785e-01, -4.40939493e-01, ...,
         -1.36903675e-02, -4.19621093e-02,  0.00000000e+00]],

       [[ 0.00000000e+00,  1.73638594e-02,  1.75738353e-02, ...,
          9.95758673e-01,  9.98546157e-01,  9.96932206e-01],
        [-1.73638594e-02,  0.00000000e+00,  2.10007949e-04, ...,
          9.97206087e-01,  9.99331584e-01,  9.98140972e-01],
        [-1.75738353e-02, -2.10007949e-04,  0.00000000e+00, ...,
          9.97221753e-01,  9.99339239e-01,  9.98153750e-01],
        ...,
        [-9.95758673e-01, -9.97206087e-01, -9.97221753e-01, ...,
          0.00000000e+00, -3.81951219e-02, -1.37834328e-02],
        [-9.98546157e-01, -9.99331584e-01, -9.99339239e-01, ...,
          3.81951219e-02,  0.00000000e+00,  2.44181184e-02],
        [-9.96932206e-01, -9.98140972e-01, -9.98153750e-01, ...,
          1.37834328e-02, -2.44181184e-02,  0.00000000e+00]],

       [[ 0.00000000e+00, -2.64130133e-02, -3.77115841e-02, ...,
          9.90002206e-01,  9.40821082e-01,  9.63924946e-01],
        [ 2.64130133e-02,  0.00000000e+00, -1.13042024e-02, ...,
          9.85931204e-01,  9.31541377e-01,  9.56558185e-01],
        [ 3.77115841e-02,  1.13042024e-02,  0.00000000e+00, ...,
          9.83978693e-01,  9.27371249e-01,  9.53201422e-01],
        ...,
        [-9.90002206e-01, -9.85931204e-01, -9.83978693e-01, ...,
          0.00000000e+00,  2.02810793e-01,  1.27549610e-01],
        [-9.40821082e-01, -9.31541377e-01, -9.27371249e-01, ...,
         -2.02810793e-01,  0.00000000e+00, -7.62554065e-02],
        [-9.63924946e-01, -9.56558185e-01, -9.53201422e-01, ...,
         -1.27549610e-01,  7.62554065e-02,  0.00000000e+00]]]), 'num': array([7.07103406e-01, 7.07103406e-01, 0.00000000e+00, 8.64828226e-05,
       8.79005738e-05, 8.57739470e-05, 3.08072017e-03, 1.24053229e-06,
       8.41789769e-05, 8.23447613e-05, 6.84640911e-05, 9.70324009e-07,
       8.69357571e-05, 7.77537656e-05])}
{'img': array([[[ 0.00000000e+00,  8.32211251e-02,  1.06259367e-01, ...,
          9.10539777e-01,  8.88777583e-01,  8.18149705e-01],
        [-8.32211251e-02,  0.00000000e+00,  2.31407999e-02, ...,
          9.41786611e-01,  9.23837974e-01,  8.63164216e-01],
        [-1.06259367e-01, -2.31407999e-02,  0.00000000e+00, ...,
          9.49314611e-01,  9.32448507e-01,  8.74617403e-01],
        ...,
        [-9.10539777e-01, -9.41786611e-01, -9.49314611e-01, ...,
          0.00000000e+00,  4.98959230e-02,  1.85324513e-01],
        [-8.88777583e-01, -9.23837974e-01, -9.32448507e-01, ...,
         -4.98959230e-02,  0.00000000e+00,  1.36062082e-01],
        [-8.18149705e-01, -8.63164216e-01, -8.74617403e-01, ...,
         -1.85324513e-01, -1.36062082e-01,  0.00000000e+00]],

       [[ 0.00000000e+00, -2.03974198e-01, -3.10810600e-01, ...,
         -2.03700996e-01, -1.90470366e-01, -2.97157010e-02],
        [ 2.03974198e-01,  0.00000000e+00, -1.10404463e-01, ...,
          2.79060775e-04,  1.37740641e-02,  1.74793155e-01],
        [ 3.10810600e-01,  1.10404463e-01,  0.00000000e+00, ...,
          1.10681814e-01,  1.24083849e-01,  2.82429405e-01],
        ...,
        [ 2.03700996e-01, -2.79060775e-04, -1.10681814e-01, ...,
          0.00000000e+00,  1.34950293e-02,  1.74518384e-01],
        [ 1.90470366e-01, -1.37740641e-02, -1.24083849e-01, ...,
         -1.34950293e-02,  0.00000000e+00,  1.61214558e-01],
        [ 2.97157010e-02, -1.74793155e-01, -2.82429405e-01, ...,
         -1.74518384e-01, -1.61214558e-01,  0.00000000e+00]],

       [[ 0.00000000e+00, -1.64072484e-03, -8.23955366e-03, ...,
          9.48715527e-01,  9.16441814e-01,  8.56290302e-01],
        [ 1.64072484e-03,  0.00000000e+00, -6.59887343e-03, ...,
          9.48195566e-01,  9.15784015e-01,  8.55441723e-01],
        [ 8.23955366e-03,  6.59887343e-03,  0.00000000e+00, ...,
          9.46078543e-01,  9.13113499e-01,  8.52005547e-01],
        ...,
        [-9.48715527e-01, -9.48195566e-01, -9.46078543e-01, ...,
          0.00000000e+00,  8.99298387e-02,  2.19306711e-01],
        [-9.16441814e-01, -9.15784015e-01, -9.13113499e-01, ...,
         -8.99298387e-02,  0.00000000e+00,  1.30677519e-01],
        [-8.56290302e-01, -8.55441723e-01, -8.52005547e-01, ...,
         -2.19306711e-01, -1.30677519e-01,  0.00000000e+00]],

       ...,

       [[ 0.00000000e+00,  4.35020330e-01,  4.77067009e-01, ...,
          7.60921122e-01,  7.87477785e-01,  8.50157598e-01],
        [-4.35020330e-01,  0.00000000e+00,  4.72359987e-02, ...,
          4.02888576e-01,  4.40939493e-01,  5.36448923e-01],
        [-4.77067009e-01, -4.72359987e-02,  0.00000000e+00, ...,
          3.59206152e-01,  3.98051248e-01,  4.95986108e-01],
        ...,
        [-7.60921122e-01, -4.02888576e-01, -3.59206152e-01, ...,
          0.00000000e+00,  4.19621093e-02,  1.50973480e-01],
        [-7.87477785e-01, -4.40939493e-01, -3.98051248e-01, ...,
         -4.19621093e-02,  0.00000000e+00,  1.09359371e-01],
        [-8.50157598e-01, -5.36448923e-01, -4.95986108e-01, ...,
         -1.50973480e-01, -1.09359371e-01,  0.00000000e+00]],

       [[ 0.00000000e+00,  2.10007949e-04, -3.91196907e-03, ...,
          9.99331584e-01,  9.98140972e-01,  9.95462276e-01],
        [-2.10007949e-04,  0.00000000e+00, -4.12197533e-03, ...,
          9.99339239e-01,  9.98153750e-01,  9.95482238e-01],
        [ 3.91196907e-03,  4.12197533e-03,  0.00000000e+00, ...,
          9.99180929e-01,  9.97894910e-01,  9.95082408e-01],
        ...,
        [-9.99331584e-01, -9.99339239e-01, -9.99180929e-01, ...,
          0.00000000e+00,  2.44181184e-02,  5.87026750e-02],
        [-9.98140972e-01, -9.98153750e-01, -9.97894910e-01, ...,
         -2.44181184e-02,  0.00000000e+00,  3.43091622e-02],
        [-9.95462276e-01, -9.95482238e-01, -9.95082408e-01, ...,
         -5.87026750e-02, -3.43091622e-02,  0.00000000e+00]],

       [[ 0.00000000e+00, -1.13042024e-02, -1.90077418e-02, ...,
          9.31541377e-01,  9.56558185e-01,  9.79630003e-01],
        [ 1.13042024e-02,  0.00000000e+00, -7.70436715e-03, ...,
          9.27371249e-01,  9.53201422e-01,  9.77297402e-01],
        [ 1.90077418e-02,  7.70436715e-03,  0.00000000e+00, ...,
          9.24461195e-01,  9.50843825e-01,  9.75636056e-01],
        ...,
        [-9.31541377e-01, -9.27371249e-01, -9.24461195e-01, ...,
          0.00000000e+00, -7.62554065e-02, -1.69164340e-01],
        [-9.56558185e-01, -9.53201422e-01, -9.50843825e-01, ...,
          7.62554065e-02,  0.00000000e+00, -9.35153840e-02],
        [-9.79630003e-01, -9.77297402e-01, -9.75636056e-01, ...,
          1.69164340e-01,  9.35153840e-02,  0.00000000e+00]]]), 'num': array([ 7.07106163e-01,  7.07106163e-01,  0.00000000e+00,  8.63945499e-05,
        8.67489891e-05,  8.55084520e-05,  1.30183738e-03, -8.86097948e-08,
        8.53666763e-05,  8.25090104e-05,  6.90358911e-05,  1.04588610e-06,
        8.74213108e-05,  7.75967101e-05])}
{'img': array([[[ 0.        ,  0.0231408 ,  0.01550848, ...,  0.92383797,
          0.86316422,  0.86870099],
        [-0.0231408 ,  0.        , -0.00763369, ...,  0.93244851,
          0.8746174 ,  0.87993086],
        [-0.01550848,  0.00763369,  0.        , ...,  0.92966326,
          0.870891  ,  0.87627844],
        ...,
        [-0.92383797, -0.93244851, -0.92966326, ...,  0.        ,
          0.13606208,  0.12508636],
        [-0.86316422, -0.8746174 , -0.870891  , ..., -0.13606208,
          0.        , -0.01107033],
        [-0.86870099, -0.87993086, -0.87627844, ..., -0.12508636,
          0.01107033,  0.        ]],

       [[ 0.        , -0.11040446, -0.04257894, ...,  0.01377406,
          0.17479316, -0.0259664 ],
        [ 0.11040446,  0.        ,  0.0679857 , ...,  0.12408385,
          0.28242941,  0.08455958],
        [ 0.04257894, -0.0679857 ,  0.        , ...,  0.05633647,
          0.21655808,  0.01662173],
        ...,
        [-0.01377406, -0.12408385, -0.05633647, ...,  0.        ,
          0.16121456, -0.03973335],
        [-0.17479316, -0.28242941, -0.21655808, ..., -0.16121456,
          0.        , -0.20030087],
        [ 0.0259664 , -0.08455958, -0.01662173, ...,  0.03973335,
          0.20030087,  0.        ]],

       [[ 0.        , -0.00659887, -0.01325646, ...,  0.91578402,
          0.85544172,  0.67881563],
        [ 0.00659887,  0.        , -0.00665788, ...,  0.9131135 ,
          0.85200555,  0.67395524],
        [ 0.01325646,  0.00665788,  0.        , ...,  0.91037881,
          0.84850104,  0.66902164],
        ...,
        [-0.91578402, -0.9131135 , -0.91037881, ...,  0.        ,
          0.13067752,  0.39980763],
        [-0.85544172, -0.85200555, -0.84850104, ..., -0.13067752,
          0.        ,  0.27660036],
        [-0.67881563, -0.67395524, -0.66902164, ..., -0.39980763,
         -0.27660036,  0.        ]],

       ...,

       [[ 0.        ,  0.047236  , -0.22678867, ...,  0.44093949,
          0.53644892,  0.65133663],
        [-0.047236  ,  0.        , -0.27254074, ...,  0.39805125,
          0.49598611,  0.61476743],
        [ 0.22678867,  0.27254074,  0.        , ...,  0.63300155,
          0.7138656 ,  0.80645012],
        ...,
        [-0.44093949, -0.39805125, -0.63300155, ...,  0.        ,
          0.10935937,  0.25001862],
        [-0.53644892, -0.49598611, -0.7138656 , ..., -0.10935937,
          0.        ,  0.14263285],
        [-0.65133663, -0.61476743, -0.80645012, ..., -0.25001862,
         -0.14263285,  0.        ]],

       [[ 0.        , -0.00412198, -0.00929026, ...,  0.99815375,
          0.99548224,  0.9923141 ],
        [ 0.00412198,  0.        , -0.00516838, ...,  0.99789491,
          0.99508241,  0.9917956 ],
        [ 0.00929026,  0.00516838,  0.        , ...,  0.9975464 ,
          0.99455719,  0.99112166],
        ...,
        [-0.99815375, -0.99789491, -0.9975464 , ...,  0.        ,
          0.03430916,  0.06324508],
        [-0.99548224, -0.99508241, -0.99455719, ..., -0.03430916,
          0.        ,  0.02896737],
        [-0.9923141 , -0.9917956 , -0.99112166, ..., -0.06324508,
         -0.02896737,  0.        ]],

       [[ 0.        , -0.00770437, -0.01533377, ...,  0.95320142,
          0.9772974 ,  0.98566402],
        [ 0.00770437,  0.        , -0.00762985, ...,  0.95084382,
          0.97563606,  0.98433489],
        [ 0.01533377,  0.00762985,  0.        , ...,  0.9484534 ,
          0.9739337 ,  0.98296103],
        ...,
        [-0.95320142, -0.95084382, -0.9484534 , ...,  0.        ,
         -0.09351538, -0.13717757],
        [-0.9772974 , -0.97563606, -0.9739337 , ...,  0.09351538,
          0.        , -0.0439451 ],
        [-0.98566402, -0.98433489, -0.98296103, ...,  0.13717757,
          0.0439451 ,  0.        ]]]), 'num': array([7.07105625e-01, 7.07105625e-01, 0.00000000e+00, 8.67489232e-05,
       8.71033621e-05, 8.60400453e-05, 1.79305328e-03, 3.54438910e-07,
       8.59159917e-05, 8.27526245e-05, 6.95985104e-05, 1.26707630e-06,
       8.79879223e-05, 7.75173266e-05])}
{'img': array([[[ 0.        , -0.00763369, -0.21268951, ...,  0.8746174 ,
          0.87993086,  0.85711505],
        [ 0.00763369,  0.        , -0.20522428, ...,  0.870891  ,
          0.87627844,  0.85315777],
        [ 0.21268951,  0.20522428,  0.        , ...,  0.75149121,
          0.75874874,  0.72794242],
        ...,
        [-0.8746174 , -0.870891  , -0.75149121, ...,  0.        ,
         -0.01107033,  0.03499614],
        [-0.87993086, -0.87627844, -0.75874874, ...,  0.01107033,
          0.        ,  0.04605754],
        [-0.85711505, -0.85315777, -0.72794242, ..., -0.03499614,
         -0.04605754,  0.        ]],

       [[ 0.        ,  0.0679857 ,  0.13981821, ...,  0.28242941,
          0.08455958,  0.15337797],
        [-0.0679857 ,  0.        ,  0.2068126 , ...,  0.21655808,
          0.01662173,  0.08584184],
        [-0.13981821, -0.2068126 ,  0.        , ..., -0.4137811 ,
         -0.22304641, -0.2900352 ],
        ...,
        [-0.28242941, -0.21655808,  0.4137811 , ...,  0.        ,
         -0.20030087, -0.13195392],
        [-0.08455958, -0.01662173,  0.22304641, ...,  0.20030087,
          0.        ,  0.0692696 ],
        [-0.15337797, -0.08584184,  0.2900352 , ...,  0.13195392,
         -0.0692696 ,  0.        ]],

       [[ 0.        , -0.00661091, -0.06362199, ...,  0.88053233,
          0.77236519,  0.5938279 ],
        [ 0.00661091,  0.        , -0.05702309, ...,  0.87737961,
          0.76814921,  0.58849584],
        [ 0.06362199,  0.05702309,  0.        , ...,  0.8485925 ,
          0.7303891 ,  0.5414351 ],
        ...,
        [-0.88053233, -0.87737961, -0.8485925 , ...,  0.        ,
          0.19320504,  0.42700318],
        [-0.77236519, -0.76814921, -0.7303891 , ..., -0.19320504,
          0.        ,  0.24425208],
        [-0.5938279 , -0.58849584, -0.5414351 , ..., -0.42700318,
         -0.24425208,  0.        ]],

       ...,

       [[ 0.        , -0.27254074, -0.47706701, ...,  0.49598611,
          0.61476743,  0.8816333 ],
        [ 0.27254074,  0.        , -0.21948024, ...,  0.7138656 ,
          0.80645012,  0.97687994],
        [ 0.47706701,  0.21948024,  0.        , ...,  0.8501576 ,
          0.91656554,  0.99998301],
        ...,
        [-0.49598611, -0.7138656 , -0.8501576 , ...,  0.        ,
          0.14263285,  0.53147579],
        [-0.61476743, -0.80645012, -0.91656554, ..., -0.14263285,
          0.        ,  0.4052213 ],
        [-0.8816333 , -0.97687994, -0.99998301, ..., -0.53147579,
         -0.4052213 ,  0.        ]],

       [[ 0.        , -0.00516838, -0.00896382, ...,  0.99508241,
          0.9917956 ,  0.98676774],
        [ 0.00516838,  0.        , -0.00379552, ...,  0.99455719,
          0.99112166,  0.98591656],
        [ 0.00896382,  0.00379552,  0.        , ...,  0.99415456,
          0.99060987,  0.9852747 ],
        ...,
        [-0.99508241, -0.99455719, -0.99415456, ...,  0.        ,
          0.02896737,  0.06360295],
        [-0.9917956 , -0.99112166, -0.99060987, ..., -0.02896737,
          0.        ,  0.03466755],
        [-0.98676774, -0.98591656, -0.9852747 , ..., -0.06360295,
         -0.03466755,  0.        ]],

       [[ 0.        , -0.00762985, -0.0347172 , ...,  0.97563606,
          0.98433489,  0.98751872],
        [ 0.00762985,  0.        , -0.02709094, ...,  0.9739337 ,
          0.98296103,  0.98628827],
        [ 0.0347172 ,  0.02709094,  0.        , ...,  0.96743113,
          0.97762056,  0.98145541],
        ...,
        [-0.97563606, -0.9739337 , -0.96743113, ...,  0.        ,
         -0.0439451 , -0.06299265],
        [-0.98433489, -0.98296103, -0.97762056, ...,  0.0439451 ,
          0.        , -0.01907397],
        [-0.98751872, -0.98628827, -0.98145541, ...,  0.06299265,
          0.01907397,  0.        ]]]), 'num': array([ 7.07104692e-01,  7.07104692e-01,  0.00000000e+00,  8.43563492e-05,
        8.67488087e-05,  8.41791300e-05,  2.41982213e-03, -2.39245948e-06,
        8.58449906e-05,  8.27968200e-05,  7.01167848e-05,  1.17091271e-06,
        8.80705139e-05,  7.75231262e-05])}
{'img': array([[[ 0.        , -0.20522428, -0.08986772, ...,  0.87627844,
          0.85315777,  0.95650492],
        [ 0.20522428,  0.        ,  0.116439  , ...,  0.75874874,
          0.72794242,  0.87627844],
        [ 0.08986772, -0.116439  ,  0.        , ...,  0.82943404,
          0.80282588,  0.92641876],
        ...,
        [-0.87627844, -0.75874874, -0.82943404, ...,  0.        ,
          0.04605754, -0.20522428],
        [-0.85315777, -0.72794242, -0.80282588, ..., -0.04605754,
          0.        , -0.25008371],
        [-0.95650492, -0.87627844, -0.92641876, ...,  0.20522428,
          0.25008371,  0.        ]],

       [[ 0.        ,  0.2068126 ,  0.13813797, ...,  0.01662173,
          0.08584184,  0.15551596],
        [-0.2068126 ,  0.        , -0.33998139, ..., -0.22304641,
         -0.2900352 , -0.35645018],
        [-0.13813797,  0.33998139,  0.        , ..., -0.1216565 ,
         -0.05260919,  0.01756773],
        ...,
        [-0.01662173,  0.22304641,  0.1216565 , ...,  0.        ,
          0.0692696 ,  0.13907497],
        [-0.08584184,  0.2900352 ,  0.05260919, ..., -0.0692696 ,
          0.        ,  0.07014448],
        [-0.15551596,  0.35645018, -0.01756773, ..., -0.13907497,
         -0.07014448,  0.        ]],

       [[ 0.        , -0.05702309, -0.05522391, ...,  0.76814921,
          0.58849584,  0.65760549],
        [ 0.05702309,  0.        ,  0.00180202, ...,  0.7303891 ,
          0.5414351 ,  0.61357642],
        [ 0.05522391, -0.00180202,  0.        , ...,  0.73161875,
          0.54294925,  0.61499836],
        ...,
        [-0.76814921, -0.7303891 , -0.73161875, ...,  0.        ,
          0.24425208,  0.15764915],
        [-0.58849584, -0.5414351 , -0.54294925, ..., -0.24425208,
          0.        , -0.08832351],
        [-0.65760549, -0.61357642, -0.61499836, ..., -0.15764915,
          0.08832351,  0.        ]],

       ...,

       [[ 0.        , -0.21948024,  0.29102325, ...,  0.80645012,
          0.97687994,  0.9213607 ],
        [ 0.21948024,  0.        ,  0.49390747, ...,  0.91656554,
          0.99998301,  0.98420899],
        [-0.29102325, -0.49390747,  0.        , ...,  0.59946105,
          0.87237918,  0.76835722],
        ...,
        [-0.80645012, -0.91656554, -0.59946105, ...,  0.        ,
          0.4052213 ,  0.23132834],
        [-0.97687994, -0.99998301, -0.87237918, ..., -0.4052213 ,
          0.        , -0.1827453 ],
        [-0.9213607 , -0.98420899, -0.76835722, ..., -0.23132834,
          0.1827453 ,  0.        ]],

       [[ 0.        , -0.00379552, -0.02928174, ...,  0.99112166,
          0.98591656,  0.98504343],
        [ 0.00379552,  0.        , -0.02548763, ...,  0.99060987,
          0.9852747 ,  0.98438234],
        [ 0.02928174,  0.02548763,  0.        , ...,  0.98680342,
          0.98059678,  0.97957561],
        ...,
        [-0.99112166, -0.99060987, -0.98680342, ...,  0.        ,
          0.03466755,  0.03980693],
        [-0.98591656, -0.9852747 , -0.98059678, ..., -0.03466755,
          0.        ,  0.00514293],
        [-0.98504343, -0.98438234, -0.97957561, ..., -0.03980693,
         -0.00514293,  0.        ]],

       [[ 0.        , -0.02709094, -0.03486946, ...,  0.98296103,
          0.98628827,  0.9860619 ],
        [ 0.02709094,  0.        , -0.0077822 , ...,  0.97762056,
          0.98145541,  0.98119263],
        [ 0.03486946,  0.0077822 ,  0.        , ...,  0.97595376,
          0.97993391,  0.97966072],
        ...,
        [-0.98296103, -0.97762056, -0.97595376, ...,  0.        ,
         -0.01907397, -0.01770816],
        [-0.98628827, -0.98145541, -0.97993391, ...,  0.01907397,
          0.        ,  0.00136604],
        [-0.9860619 , -0.98119263, -0.97966072, ...,  0.01770816,
         -0.00136604,  0.        ]]]), 'num': array([ 7.09260834e-01,  7.04939751e-01,  9.60240636e-07,  8.00200530e-05,
        8.33986774e-05,  7.75305402e-05,  2.99427925e-03, -4.62338084e-06,
        8.50346429e-05,  8.28385370e-05,  7.07999646e-05,  8.13763250e-07,
        8.82269061e-05,  7.74501680e-05])}
{'img': array([[[ 0.        ,  0.116439  ,  0.20522428, ...,  0.72794242,
          0.87627844,  0.9853801 ],
        [-0.116439  ,  0.        ,  0.08986772, ...,  0.80282588,
          0.92641876,  0.99851514],
        [-0.20522428, -0.08986772,  0.        , ...,  0.85315777,
          0.95650492,  0.99937039],
        ...,
        [-0.72794242, -0.80282588, -0.85315777, ...,  0.        ,
         -0.25008371, -0.55159447],
        [-0.87627844, -0.92641876, -0.95650492, ...,  0.25008371,
          0.        , -0.3254692 ],
        [-0.9853801 , -0.99851514, -0.99937039, ...,  0.55159447,
          0.3254692 ,  0.        ]],

       [[ 0.        , -0.33998139, -0.27544347, ..., -0.2900352 ,
         -0.35645018, -0.40599491],
        [ 0.33998139,  0.        , -0.06779408, ..., -0.05260919,
          0.01756773,  0.07111007],
        [ 0.27544347,  0.06779408,  0.        , ...,  0.01521204,
          0.08531093,  0.13856892],
        ...,
        [ 0.2900352 ,  0.05260919, -0.01521204, ...,  0.        ,
          0.07014448,  0.1234876 ],
        [ 0.35645018, -0.01756773, -0.08531093, ..., -0.07014448,
          0.        ,  0.05357583],
        [ 0.40599491, -0.07111007, -0.13856892, ..., -0.1234876 ,
         -0.05357583,  0.        ]],

       [[ 0.        ,  0.00180202,  0.00539105, ...,  0.5414351 ,
          0.61357642,  0.80354339],
        [-0.00180202,  0.        ,  0.00358905, ...,  0.54294925,
          0.61499836,  0.80461473],
        [-0.00539105, -0.00358905,  0.        , ...,  0.54595971,
          0.61782446,  0.80674071],
        ...,
        [-0.5414351 , -0.54294925, -0.54595971, ...,  0.        ,
         -0.08832351, -0.35328594],
        [-0.61357642, -0.61499836, -0.61782446, ...,  0.08832351,
          0.        , -0.26927724],
        [-0.80354339, -0.80461473, -0.80674071, ...,  0.35328594,
          0.26927724,  0.        ]],

       ...,

       [[ 0.        ,  0.49390747,  0.47515005, ...,  0.99998301,
          0.98420899,  0.63729608],
        [-0.49390747,  0.        , -0.02144171, ...,  0.87237918,
          0.76835722,  0.17352367],
        [-0.47515005,  0.02144171,  0.        , ...,  0.88265997,
          0.78190373,  0.19460021],
        ...,
        [-0.99998301, -0.87237918, -0.88265997, ...,  0.        ,
         -0.1827453 , -0.77432139],
        [-0.98420899, -0.76835722, -0.78190373, ...,  0.1827453 ,
          0.        , -0.64564218],
        [-0.63729608, -0.17352367, -0.19460021, ...,  0.77432139,
          0.64564218,  0.        ]],

       [[ 0.        , -0.02548763, -0.04611114, ...,  0.9852747 ,
          0.98438234,  0.98590492],
        [ 0.02548763,  0.        , -0.02063564, ...,  0.98059678,
          0.97957561,  0.98132039],
        [ 0.04611114,  0.02063564,  0.        , ...,  0.97634265,
          0.97521769,  0.97714153],
        ...,
        [-0.9852747 , -0.98059678, -0.97634265, ...,  0.        ,
          0.00514293, -0.00372592],
        [-0.98438234, -0.97957561, -0.97521769, ..., -0.00514293,
          0.        , -0.00886877],
        [-0.98590492, -0.98132039, -0.97714153, ...,  0.00372592,
          0.00886877,  0.        ]],

       [[ 0.        , -0.0077822 , -0.0090804 , ...,  0.98145541,
          0.98119263,  0.99205739],
        [ 0.0077822 ,  0.        , -0.00129825, ...,  0.97993391,
          0.97966072,  0.99104845],
        [ 0.0090804 ,  0.00129825,  0.        , ...,  0.97967432,
          0.97939938,  0.9908743 ],
        ...,
        [-0.98145541, -0.97993391, -0.97967432, ...,  0.        ,
          0.00136604, -0.06671462],
        [-0.98119263, -0.97966072, -0.97939938, ..., -0.00136604,
          0.        , -0.06807755],
        [-0.99205739, -0.99104845, -0.9908743 , ...,  0.06671462,
          0.06807755,  0.        ]]]), 'num': array([7.08623257e-01, 7.05585220e-01, 6.75119459e-07, 7.99483570e-05,
       8.20803132e-05, 7.79052323e-05, 1.58924897e-03, 0.00000000e+00,
       8.36082151e-05, 8.25244707e-05, 7.12147393e-05, 7.83579239e-07,
       8.79607848e-05, 7.70881566e-05])}
{'img': array([[[ 0.        ,  0.08986772,  0.        , ...,  0.92641876,
          0.99851514,  0.99851514],
        [-0.08986772,  0.        , -0.08986772, ...,  0.95650492,
          0.99937039,  0.99937039],
        [ 0.        ,  0.08986772,  0.        , ...,  0.92641876,
          0.99851514,  0.99851514],
        ...,
        [-0.92641876, -0.95650492, -0.92641876, ...,  0.        ,
         -0.3254692 , -0.3254692 ],
        [-0.99851514, -0.99937039, -0.99851514, ...,  0.3254692 ,
          0.        ,  0.        ],
        [-0.99851514, -0.99937039, -0.99851514, ...,  0.3254692 ,
          0.        ,  0.        ]],

       [[ 0.        , -0.0812556 ,  0.11094205, ...,  0.0210956 ,
          0.08545687, -0.09551464],
        [ 0.0812556 ,  0.        ,  0.1913292 , ...,  0.10226336,
          0.16613264, -0.0143147 ],
        [-0.11094205, -0.1913292 ,  0.        , ..., -0.08995199,
         -0.02560688, -0.20535985],
        ...,
        [-0.0210956 , -0.10226336,  0.08995199, ...,  0.        ,
          0.06441942, -0.11649254],
        [-0.08545687, -0.16613264,  0.02560688, ..., -0.06441942,
          0.        , -0.1802314 ],
        [ 0.09551464,  0.0143147 ,  0.20535985, ...,  0.11649254,
          0.1802314 ,  0.        ]],

       [[ 0.        ,  0.00358905, -0.01825271, ...,  0.61499836,
          0.80461473,  0.8943592 ],
        [-0.00358905,  0.        , -0.02184104, ...,  0.61782446,
          0.80674071,  0.895959  ],
        [ 0.01825271,  0.02184104,  0.        , ...,  0.60050312,
          0.79364227,  0.88604486],
        ...,
        [-0.61499836, -0.61782446, -0.60050312, ...,  0.        ,
         -0.26927724, -0.43010838],
        [-0.80461473, -0.80674071, -0.79364227, ...,  0.26927724,
          0.        , -0.17112397],
        [-0.8943592 , -0.895959  , -0.88604486, ...,  0.43010838,
          0.17112397,  0.        ]],

       ...,

       [[ 0.        , -0.02144171, -0.270738  , ...,  0.76835722,
          0.17352367,  0.10751108],
        [ 0.02144171,  0.        , -0.25003483, ...,  0.78190373,
          0.19460021,  0.12880379],
        [ 0.270738  ,  0.25003483,  0.        , ...,  0.91293951,
          0.43367391,  0.37266463],
        ...,
        [-0.76835722, -0.78190373, -0.91293951, ...,  0.        ,
         -0.64564218, -0.69509437],
        [-0.17352367, -0.19460021, -0.43367391, ...,  0.64564218,
          0.        , -0.06663781],
        [-0.10751108, -0.12880379, -0.37266463, ...,  0.69509437,
          0.06663781,  0.        ]],

       [[ 0.        , -0.02063564, -0.03445201, ...,  0.97957561,
          0.98132039,  0.98346599],
        [ 0.02063564,  0.        , -0.01382128, ...,  0.97521769,
          0.97714153,  0.97951961],
        [ 0.03445201,  0.01382128,  0.        , ...,  0.97206661,
          0.97410993,  0.97664314],
        ...,
        [-0.97957561, -0.97521769, -0.97206661, ...,  0.        ,
         -0.00886877, -0.02035735],
        [-0.98132039, -0.97714153, -0.97410993, ...,  0.00886877,
          0.        , -0.01148962],
        [-0.98346599, -0.97951961, -0.97664314, ...,  0.02035735,
          0.01148962,  0.        ]],

       [[ 0.        , -0.00129825, -0.01039137, ...,  0.97966072,
          0.99104845,  0.99638413],
        [ 0.00129825,  0.        , -0.00909318, ...,  0.97939938,
          0.9908743 ,  0.99627298],
        [ 0.01039137,  0.00909318,  0.        , ...,  0.97752268,
          0.98960767,  0.99544745],
        ...,
        [-0.97966072, -0.97939938, -0.97752268, ...,  0.        ,
         -0.06807755, -0.11670084],
        [-0.99104845, -0.9908743 , -0.98960767, ...,  0.06807755,
          0.        , -0.04881771],
        [-0.99638413, -0.99627298, -0.99544745, ...,  0.11670084,
          0.04881771,  0.        ]]]), 'num': array([7.08102349e-01, 7.06102144e-01, 4.26028899e-07, 8.33419034e-05,
       8.86672646e-05, 8.15667830e-05, 3.28207339e-03, 3.46148481e-06,
       8.28981233e-05, 8.24010896e-05, 7.16719659e-05, 1.02270312e-06,
       8.77757485e-05, 7.70264307e-05])}
{'img': array([[[ 0.00000000e+00, -8.98677237e-02, -3.00116676e-01, ...,
          9.99370391e-01,  9.99370391e-01,  9.79649905e-01],
        [ 8.98677237e-02,  0.00000000e+00, -2.13177270e-01, ...,
          9.98515144e-01,  9.98515144e-01,  9.57648257e-01],
        [ 3.00116676e-01,  2.13177270e-01,  0.00000000e+00, ...,
          9.63950018e-01,  9.63950018e-01,  8.74252910e-01],
        ...,
        [-9.99370391e-01, -9.98515144e-01, -9.63950018e-01, ...,
          0.00000000e+00,  0.00000000e+00,  2.35345372e-01],
        [-9.99370391e-01, -9.98515144e-01, -9.63950018e-01, ...,
          0.00000000e+00,  0.00000000e+00,  2.35345372e-01],
        [-9.79649905e-01, -9.57648257e-01, -8.74252910e-01, ...,
         -2.35345372e-01, -2.35345372e-01,  0.00000000e+00]],

       [[ 0.00000000e+00,  1.91329200e-01,  8.47224063e-02, ...,
          1.66132642e-01, -1.43147008e-02,  1.96200040e-01],
        [-1.91329200e-01,  0.00000000e+00, -1.07484056e-01, ...,
         -2.56068823e-02, -2.05359846e-01,  4.96492100e-03],
        [-8.47224063e-02,  1.07484056e-01,  0.00000000e+00, ...,
          8.19902739e-02, -9.89769593e-02,  1.12418889e-01],
        ...,
        [-1.66132642e-01,  2.56068823e-02, -8.19902739e-02, ...,
          0.00000000e+00, -1.80231396e-01,  3.05698596e-02],
        [ 1.43147008e-02,  2.05359846e-01,  9.89769593e-02, ...,
          1.80231396e-01,  0.00000000e+00,  2.10216416e-01],
        [-1.96200040e-01, -4.96492100e-03, -1.12418889e-01, ...,
         -3.05698596e-02, -2.10216416e-01,  0.00000000e+00]],

       [[ 0.00000000e+00, -2.18410435e-02, -8.21372798e-02, ...,
          8.06740713e-01,  8.95958998e-01,  9.23152686e-01],
        [ 2.18410435e-02,  0.00000000e+00, -6.03504433e-02, ...,
          7.93642275e-01,  8.86044862e-01,  9.14536045e-01],
        [ 8.21372798e-02,  6.03504433e-02,  0.00000000e+00, ...,
          7.55479378e-01,  8.56451389e-01,  8.88457054e-01],
        ...,
        [-8.06740713e-01, -7.93642275e-01, -7.55479378e-01, ...,
          0.00000000e+00, -1.71123968e-01, -2.35357929e-01],
        [-8.95958998e-01, -8.86044862e-01, -8.56451389e-01, ...,
          1.71123968e-01,  0.00000000e+00, -6.55693991e-02],
        [-9.23152686e-01, -9.14536045e-01, -8.88457054e-01, ...,
          2.35357929e-01,  6.55693991e-02,  0.00000000e+00]],

       ...,

       [[ 0.00000000e+00, -2.50034828e-01, -3.37039242e-01, ...,
          1.94600205e-01,  1.28803787e-01,  5.79041520e-01],
        [ 2.50034828e-01,  0.00000000e+00, -9.09283712e-02, ...,
          4.33673911e-01,  3.72664635e-01,  7.64502242e-01],
        [ 3.37039242e-01,  9.09283712e-02,  0.00000000e+00, ...,
          5.13810206e-01,  4.55499293e-01,  8.19949586e-01],
        ...,
        [-1.94600205e-01, -4.33673911e-01, -5.13810206e-01, ...,
          0.00000000e+00, -6.66378054e-02,  4.09314608e-01],
        [-1.28803787e-01, -3.72664635e-01, -4.55499293e-01, ...,
          6.66378054e-02,  0.00000000e+00,  4.69204684e-01],
        [-5.79041520e-01, -7.64502242e-01, -8.19949586e-01, ...,
