state_0,state_1,state_2,state_3,state_4,state_5,state_6,state_7,state_8,state_9,state_10,state_11,state_12,state_13,state_14,state_15,state_16,state_17,state_18,state_19,state_20,state_21,state_22,state_23,state_24,state_25,state_26,state_27,state_28,state_29,state_30,state_31,state_32,state_33,state_34,state_35,state_36,state_37,state_38,state_39,state_40,state_41,state_42,state_43,state_44,state_45,state_46,state_47,state_48,state_49,state_50,state_51,state_52,state_53,state_54,state_55,state_56,state_57,state_58,state_59,state_60,state_61,state_62,state_63,state_64,state_65,state_66,state_67,state_68,state_69,state_70,state_71,state_72,state_73,state_74,state_75,state_76,state_77,state_78,state_79,state_80,state_81,state_82,state_83,state_84,state_85,state_86,state_87,state_88,state_89,state_90,state_91,state_92,state_93,state_94,state_95,state_96,state_97,state_98,state_99,state_100,state_101,state_102,state_103,state_104,state_105,state_106,state_107,state_108,state_109,state_110,state_111,state_112,state_113,state_114,state_115,state_116,state_117,state_118,state_119,state_120,state_121,state_122,state_123,state_124,state_125,state_126,state_127,state_128,state_129,state_130,state_131,state_132,state_133,state_134,state_135,state_136,state_137,state_138,state_139,state_140,state_141,state_142,state_143,state_144,state_145,state_146,state_147,state_148,state_149,state_150,state_151,state_152,state_153,state_154,state_155,state_156,state_157,state_158,state_159,state_160,state_161,state_162,state_163,state_164,state_165,state_166,state_167,state_168,state_169,state_170,state_171,state_172,state_173,state_174,state_175,state_176,state_177,state_178,state_179,state_180,state_181,state_182,state_183,state_184,state_185,state_186,state_187,state_188,state_189,state_190,state_191,state_192,state_193,state_194,state_195,state_196,state_197,state_198,state_199,state_200,state_201,state_202,state_203,state_204,state_205,state_206,state_207,state_208,state_209,state_210,state_211,state_212,state_213,state_214,state_215,state_216,state_217,state_218,state_219,state_220,state_221,state_222,state_223,state_224,state_225,state_226,state_227,state_228,state_229,state_230,state_231,state_232,state_233,state_234,state_235,state_236,state_237,state_238,state_239,state_240,state_241,state_242,state_243,state_244,state_245,state_246,state_247,state_248,state_249,state_250,state_251,state_252,state_253,state_254,state_255,state_256,state_257,state_258,state_259,state_260,state_261,state_262,state_263,state_264,state_265,state_266,state_267,state_268,state_269,state_270,state_271,state_272,state_273,state_274,state_275,state_276,state_277,state_278,state_279,state_280,state_281,state_282,state_283,state_284,state_285,state_286,state_287
{'img': array([[[ 0.        ,  0.4313725 ,  0.57915508, ...,  0.54726939,
          0.78494518,  0.        ],
        [-0.4313725 ,  0.        ,  0.17083624, ...,  0.85477219,
          0.97542046,  0.4313725 ],
        [-0.57915508, -0.17083624,  0.        , ...,  0.93087114,
          0.99872531,  0.57915508],
        ...,
        [-0.54726939, -0.85477219, -0.93087114, ...,  0.        ,
         -0.31789591,  0.54726939],
        [-0.78494518, -0.97542046, -0.99872531, ...,  0.31789591,
          0.        ,  0.78494518],
        [-0.        , -0.4313725 , -0.57915508, ..., -0.54726939,
         -0.78494518,  0.        ]],

       [[ 0.        , -0.25837406,  0.05796594, ...,  0.16190198,
         -0.18466646,  0.74419841],
        [ 0.25837406,  0.        ,  0.31393733, ...,  0.41136988,
          0.07553426,  0.54634593],
        [-0.05796594, -0.31393733,  0.        , ...,  0.10442857,
         -0.24132495,  0.78166594],
        ...,
        [-0.16190198, -0.41136988, -0.10442857, ...,  0.        ,
         -0.34134759,  0.84252391],
        [ 0.18466646, -0.07553426,  0.24132495, ...,  0.34134759,
          0.        ,  0.60804958],
        [-0.74419841, -0.54634593, -0.78166594, ..., -0.84252391,
         -0.60804958,  0.        ]],

       [[ 0.        ,  0.25506494,  0.40570922, ...,  0.27893939,
          0.40070466,  0.3398959 ],
        [-0.25506494,  0.        ,  0.15916003, ...,  0.51465425,
          0.62114328,  0.56853263],
        [-0.40570922, -0.15916003,  0.        , ...,  0.64455731,
          0.73795868,  0.69222014],
        ...,
        [-0.27893939, -0.51465425, -0.64455731, ...,  0.        ,
         -0.12923388, -0.0640728 ],
        [-0.40070466, -0.62114328, -0.73795868, ...,  0.12923388,
          0.        ,  0.06543284],
        [-0.3398959 , -0.56853263, -0.69222014, ...,  0.0640728 ,
         -0.06543284,  0.        ]],

       ...,

       [[ 0.        ,  0.71304753,  0.80663176, ...,  0.78460564,
          0.65841324,  0.92611407],
        [-0.71304753,  0.        ,  0.14409236, ...,  0.10801332,
         -0.0750561 ,  0.3803205 ],
        [-0.80663176, -0.14409236,  0.        , ..., -0.03636323,
         -0.21795875,  0.24308706],
        ...,
        [-0.78460564, -0.10801332,  0.03636323, ...,  0.        ,
         -0.18232563,  0.27819879],
        [-0.65841324,  0.0750561 ,  0.21795875, ...,  0.18232563,
          0.        ,  0.44866373],
        [-0.92611407, -0.3803205 , -0.24308706, ..., -0.27819879,
         -0.44866373,  0.        ]],

       [[ 0.        , -0.24167325, -0.4648532 , ...,  0.90132255,
          0.87569619,  0.86657919],
        [ 0.24167325,  0.        , -0.23709933, ...,  0.97928568,
          0.96643348,  0.9614963 ],
        [ 0.4648532 ,  0.23709933,  0.        , ...,  0.99937045,
          0.99979087,  0.99923876],
        ...,
        [-0.90132255, -0.97928568, -0.99937045, ...,  0.        ,
         -0.05590832, -0.07443811],
        [-0.87569619, -0.96643348, -0.99979087, ...,  0.05590832,
          0.        , -0.01856847],
        [-0.86657919, -0.9614963 , -0.99923876, ...,  0.07443811,
          0.01856847,  0.        ]],

       [[ 0.        ,  0.29071601,  0.41551064, ...,  0.43828724,
          0.34044389,  0.        ],
        [-0.29071601,  0.        ,  0.1331326 , ...,  0.68066305,
          0.59908995,  0.29071601],
        [-0.41551064, -0.1331326 ,  0.        , ...,  0.77213644,
          0.70035383,  0.41551064],
        ...,
        [-0.43828724, -0.68066305, -0.77213644, ...,  0.        ,
          0.1061032 ,  0.43828724],
        [-0.34044389, -0.59908995, -0.70035383, ..., -0.1061032 ,
          0.        ,  0.34044389],
        [-0.        , -0.29071601, -0.41551064, ..., -0.43828724,
         -0.34044389,  0.        ]]]), 'num': array([7.11933818e-01, 7.01889051e-01, 4.11670778e-06, 7.55245638e-05,
       8.27984460e-05, 7.22745314e-05, 2.24043928e-02, 1.23810760e-06,
       7.27697744e-05, 7.20191717e-05, 6.22974476e-05, 1.80557359e-06,
       7.66685450e-05, 6.73697984e-05])}
{'img': array([[[ 0.        ,  0.4089243 ,  0.76892062, ...,  0.84796349,
          0.4089243 ,  0.        ],
        [-0.4089243 ,  0.        ,  0.44024918, ...,  0.99057683,
          0.74634272,  0.4089243 ],
        [-0.76892062, -0.44024918,  0.        , ...,  0.94971053,
          0.96313599,  0.76892062],
        ...,
        [-0.84796349, -0.99057683, -0.94971053, ...,  0.        ,
          0.55707237,  0.84796349],
        [-0.4089243 , -0.74634272, -0.96313599, ..., -0.55707237,
          0.        ,  0.4089243 ],
        [-0.        , -0.4089243 , -0.76892062, ..., -0.84796349,
         -0.4089243 ,  0.        ]],

       [[ 0.        ,  0.23425519,  0.48920357, ...,  0.05652226,
          0.96329734,  0.42481555],
        [-0.23425519,  0.        ,  0.27128128, ..., -0.17893116,
          0.87361106,  0.62506164],
        [-0.48920357, -0.27128128,  0.        , ..., -0.4391245 ,
          0.70883853,  0.81337739],
        ...,
        [-0.05652226,  0.17893116,  0.4391245 , ...,  0.        ,
          0.94658471,  0.47530488],
        [-0.96329734, -0.87361106, -0.70883853, ..., -0.94658471,
          0.        ,  0.98608981],
        [-0.42481555, -0.62506164, -0.81337739, ..., -0.47530488,
         -0.98608981,  0.        ]],

       [[ 0.        ,  0.32361648,  0.51984584, ...,  0.40391118,
          0.34265342,  0.28122706],
        [-0.32361648,  0.        ,  0.21541943, ...,  0.67821982,
          0.62824002,  0.57664949],
        [-0.51984584, -0.21541943,  0.        , ...,  0.82059924,
          0.7810905 ,  0.73910657],
        ...,
        [-0.40391118, -0.67821982, -0.82059924, ...,  0.        ,
          0.06600042,  0.13034382],
        [-0.34265342, -0.62824002, -0.7810905 , ..., -0.06600042,
          0.        ,  0.06462226],
        [-0.28122706, -0.57664949, -0.73910657, ..., -0.13034382,
         -0.06462226,  0.        ]],

       ...,

       [[ 0.        ,  0.26901539,  0.80130568, ..., -0.3378907 ,
          0.57912796,  0.76761306],
        [-0.26901539,  0.        ,  0.61082641, ..., -0.578628  ,
          0.33846771,  0.56690007],
        [-0.80130568, -0.61082641,  0.        , ..., -0.95632202,
         -0.30678749, -0.05433921],
        ...,
        [ 0.3378907 ,  0.578628  ,  0.95632202, ...,  0.        ,
          0.82052764,  0.9390249 ],
        [-0.57912796, -0.33846771,  0.30678749, ..., -0.82052764,
          0.        ,  0.25461535],
        [-0.76761306, -0.56690007,  0.05433921, ..., -0.9390249 ,
         -0.25461535,  0.        ]],

       [[ 0.        , -0.23709933, -0.52235244, ...,  0.96643348,
          0.9614963 ,  0.96526058],
        [ 0.23709933,  0.        , -0.30527613, ...,  0.99979087,
          0.99923876,  0.99968805],
        [ 0.52235244,  0.30527613,  0.        , ...,  0.95830773,
          0.96344823,  0.95959138],
        ...,
        [-0.96643348, -0.99979087, -0.95830773, ...,  0.        ,
         -0.01856847, -0.00452674],
        [-0.9614963 , -0.99923876, -0.96344823, ...,  0.01856847,
          0.        ,  0.01404232],
        [-0.96526058, -0.99968805, -0.95959138, ...,  0.00452674,
         -0.01404232,  0.        ]],

       [[ 0.        ,  0.30325787,  0.47639183, ...,  0.45229638,
          0.30783759,  0.        ],
        [-0.30325787,  0.        ,  0.18732349, ...,  0.70146298,
          0.58187241,  0.30325787],
        [-0.47639183, -0.18732349,  0.        , ...,  0.82255243,
          0.72391873,  0.47639183],
        ...,
        [-0.45229638, -0.70146298, -0.82255243, ...,  0.        ,
          0.15578198,  0.45229638],
        [-0.30783759, -0.58187241, -0.72391873, ..., -0.15578198,
          0.        ,  0.30783759],
        [-0.        , -0.30325787, -0.47639183, ..., -0.45229638,
         -0.30783759,  0.        ]]]), 'num': array([9.83185696e-01, 1.82127260e-01, 3.24315156e-04, 1.92377146e-04,
       1.98997412e-04, 1.86146307e-04, 1.32353140e-02, 2.33656453e-06,
       1.84744368e-04, 1.81628949e-04, 1.57984214e-04, 4.88434392e-06,
       1.94251204e-04, 1.69006694e-04])}
{'img': array([[[ 0.        ,  0.69005503,  0.81453779, ...,  0.53428585,
          0.35805197,  0.        ],
        [-0.69005503,  0.        ,  0.18921919, ...,  0.96999926,
          0.90344811,  0.69005503],
        [-0.81453779, -0.18921919,  0.        , ...,  0.99847678,
          0.96824499,  0.81453779],
        ...,
        [-0.53428585, -0.96999926, -0.99847678, ...,  0.        ,
          0.19620087,  0.53428585],
        [-0.35805197, -0.90344811, -0.96824499, ..., -0.19620087,
          0.        ,  0.35805197],
        [-0.        , -0.69005503, -0.81453779, ..., -0.53428585,
         -0.35805197,  0.        ]],

       [[ 0.        ,  0.27128128, -0.07703878, ...,  0.87361106,
          0.62506164,  0.30565066],
        [-0.27128128,  0.        , -0.34462489, ...,  0.70883853,
          0.81337739,  0.03589002],
        [ 0.07703878,  0.34462489,  0.        , ...,  0.90850375,
          0.56306944,  0.37809429],
        ...,
        [-0.87361106, -0.70883853, -0.90850375, ...,  0.        ,
          0.98608981, -0.68306609],
        [-0.62506164, -0.81337739, -0.56306944, ..., -0.98608981,
          0.        , -0.8337319 ],
        [-0.30565066, -0.03589002, -0.37809429, ...,  0.68306609,
          0.8337319 ,  0.        ]],

       [[ 0.        ,  0.42358719,  0.64309495, ...,  0.36472914,
          0.30678276,  0.        ],
        [-0.42358719,  0.        ,  0.25817366, ...,  0.72479966,
          0.68106243,  0.42358719],
        [-0.64309495, -0.25817366,  0.        , ...,  0.87809913,
          0.84701471,  0.64309495],
        ...,
        [-0.36472914, -0.72479966, -0.87809913, ...,  0.        ,
          0.06149212,  0.36472914],
        [-0.30678276, -0.68106243, -0.84701471, ..., -0.06149212,
          0.        ,  0.30678276],
        [-0.        , -0.42358719, -0.64309495, ..., -0.36472914,
         -0.30678276,  0.        ]],

       ...,

       [[ 0.        ,  0.61082641,  0.99827495, ...,  0.33846771,
          0.56690007,  0.701854  ],
        [-0.61082641,  0.        ,  0.82626171, ..., -0.30678749,
         -0.05433921,  0.12059875],
        [-0.99827495, -0.82626171,  0.        , ..., -0.95922697,
         -0.85564947, -0.75229946],
        ...,
        [-0.33846771,  0.30678749,  0.95922697, ...,  0.        ,
          0.25461535,  0.41933159],
        [-0.56690007,  0.05433921,  0.85564947, ..., -0.25461535,
          0.        ,  0.17436317],
        [-0.701854  , -0.12059875,  0.75229946, ..., -0.41933159,
         -0.17436317,  0.        ]],

       [[ 0.        , -0.30527613, -0.56974853, ...,  0.99923876,
          0.99968805,  0.99796451],
        [ 0.30527613,  0.        , -0.29166919, ...,  0.96344823,
          0.95959138,  0.93085757],
        [ 0.56974853,  0.29166919,  0.        , ...,  0.84342019,
          0.83579273,  0.78381244],
        ...,
        [-0.99923876, -0.96344823, -0.84342019, ...,  0.        ,
          0.01404232,  0.1026552 ],
        [-0.99968805, -0.95959138, -0.83579273, ..., -0.01404232,
          0.        ,  0.08867695],
        [-0.99796451, -0.93085757, -0.78381244, ..., -0.1026552 ,
         -0.08867695,  0.        ]],

       [[ 0.        ,  0.38106564,  0.48949347, ...,  0.31143352,
          0.        ,  0.15383333],
        [-0.38106564,  0.        ,  0.12026831, ...,  0.6500497 ,
          0.38106564,  0.51875604],
        [-0.48949347, -0.12026831,  0.        , ...,  0.73672215,
          0.48949347,  0.61781067],
        ...,
        [-0.31143352, -0.6500497 , -0.73672215, ...,  0.        ,
          0.31143352,  0.16154359],
        [-0.        , -0.38106564, -0.48949347, ..., -0.31143352,
          0.        , -0.15383333],
        [-0.15383333, -0.51875604, -0.61781067, ..., -0.16154359,
          0.15383333,  0.        ]]]), 'num': array([9.85050293e-01, 1.72063436e-01, 3.29144477e-04, 1.92742261e-04,
       1.98984926e-04, 1.84548764e-04, 8.34948551e-03, 0.00000000e+00,
       1.87357963e-04, 1.82324815e-04, 1.59461057e-04, 5.97358397e-06,
       1.95734515e-04, 1.68915115e-04])}
{'img': array([[[ 0.        ,  0.5527708 ,  0.5120186 , ...,  0.38461538,
          0.        ,  0.        ],
        [-0.5527708 ,  0.        , -0.04813377, ...,  0.83076279,
          0.5527708 ,  0.5527708 ],
        [-0.5120186 ,  0.04813377,  0.        , ...,  0.80300731,
          0.5120186 ,  0.5120186 ],
        ...,
        [-0.38461538, -0.83076279, -0.80300731, ...,  0.        ,
          0.38461538,  0.38461538],
        [-0.        , -0.5527708 , -0.5120186 , ..., -0.38461538,
          0.        ,  0.        ],
        [-0.        , -0.5527708 , -0.5120186 , ..., -0.38461538,
          0.        ,  0.        ]],

       [[ 0.        , -0.34462489, -0.53905009, ...,  0.81337739,
          0.03589002, -0.19407023],
        [ 0.34462489,  0.        , -0.21575965, ...,  0.56306944,
          0.37809429,  0.15589118],
        [ 0.53905009,  0.21575965,  0.        , ...,  0.37150135,
          0.56893203,  0.36534122],
        ...,
        [-0.81337739, -0.56306944, -0.37150135, ...,  0.        ,
         -0.8337319 , -0.68501546],
        [-0.03589002, -0.37809429, -0.56893203, ...,  0.8337319 ,
          0.        , -0.22915287],
        [ 0.19407023, -0.15589118, -0.36534122, ...,  0.68501546,
          0.22915287,  0.        ]],

       [[ 0.        ,  0.51369246,  0.67852741, ...,  0.46826974,
          0.36122257,  0.        ],
        [-0.51369246,  0.        ,  0.20481345, ...,  0.85565469,
          0.78892747,  0.51369246],
        [-0.67852741, -0.20481345,  0.        , ...,  0.94351631,
          0.89805808,  0.67852741],
        ...,
        [-0.46826974, -0.85565469, -0.94351631, ...,  0.        ,
          0.11748095,  0.46826974],
        [-0.36122257, -0.78892747, -0.89805808, ..., -0.11748095,
          0.        ,  0.36122257],
        [-0.        , -0.51369246, -0.67852741, ..., -0.46826974,
         -0.36122257,  0.        ]],

       ...,

       [[ 0.        ,  0.82626171,  0.82626171, ..., -0.05433921,
          0.12059875,  0.61642525],
        [-0.82626171,  0.        ,  0.        , ..., -0.85564947,
         -0.75229946, -0.30338559],
        [-0.82626171,  0.        ,  0.        , ..., -0.85564947,
         -0.75229946, -0.30338559],
        ...,
        [ 0.05433921,  0.85564947,  0.85564947, ...,  0.        ,
          0.17436317,  0.65830192],
        [-0.12059875,  0.75229946,  0.75229946, ..., -0.17436317,
          0.        ,  0.51696509],
        [-0.61642525,  0.30338559,  0.30338559, ..., -0.65830192,
         -0.51696509,  0.        ]],

       [[ 0.        , -0.29166919, -0.61282261, ...,  0.95959138,
          0.93085757,  0.89608551],
        [ 0.29166919,  0.        , -0.35569364, ...,  0.83579273,
          0.78381244,  0.72765649],
        [ 0.61282261,  0.35569364,  0.        , ...,  0.58584222,
          0.51166823,  0.43608454],
        ...,
        [-0.95959138, -0.83579273, -0.58584222, ...,  0.        ,
          0.08867695,  0.17378888],
        [-0.93085757, -0.78381244, -0.51166823, ..., -0.08867695,
          0.        ,  0.08577668],
        [-0.89608551, -0.72765649, -0.43608454, ..., -0.17378888,
         -0.08577668,  0.        ]],

       [[ 0.        ,  0.32591492,  0.38696426, ...,  0.        ,
          0.15680146,  0.20986424],
        [-0.32591492,  0.        ,  0.06531123, ...,  0.32591492,
          0.47012336,  0.51706243],
        [-0.38696426, -0.06531123,  0.        , ...,  0.38696426,
          0.52676336,  0.57186147],
        ...,
        [-0.        , -0.32591492, -0.38696426, ...,  0.        ,
         -0.15680146, -0.20986424],
        [-0.15680146, -0.47012336, -0.52676336, ...,  0.15680146,
          0.        , -0.05395867],
        [-0.20986424, -0.51706243, -0.57186147, ...,  0.20986424,
          0.05395867,  0.        ]]]), 'num': array([ 9.73956943e-01,  2.26597484e-01,  3.03804658e-04,  1.90410053e-04,
        1.93506152e-04,  1.88087979e-04,  7.81617788e-03, -7.74024607e-07,
        1.89481224e-04,  1.81121758e-04,  1.59165260e-04,  5.06093012e-06,
        1.94959274e-04,  1.67284241e-04])}
{'img': array([[[ 0.        , -0.12166918,  0.37753598, ...,  0.28373034,
          0.28373034,  0.49887667],
        [ 0.12166918,  0.        ,  0.4873962 , ...,  0.16495335,
          0.16495335,  0.38972297],
        [-0.37753598, -0.4873962 ,  0.        , ...,  0.62475366,
          0.62475366,  0.78915749],
        ...,
        [-0.28373034, -0.16495335, -0.62475366, ...,  0.        ,
          0.        , -0.23247346],
        [-0.28373034, -0.16495335, -0.62475366, ...,  0.        ,
          0.        , -0.23247346],
        [-0.49887667, -0.38972297, -0.78915749, ...,  0.23247346,
          0.23247346,  0.        ]],

       [[ 0.        , -0.21575965, -0.06312669, ...,  0.37809429,
          0.15589118,  0.13119797],
        [ 0.21575965,  0.        ,  0.15368949, ...,  0.56893203,
          0.36534122,  0.34200246],
        [ 0.06312669, -0.15368949,  0.        , ...,  0.4357808 ,
          0.21793518,  0.19351733],
        ...,
        [-0.37809429, -0.56893203, -0.4357808 , ...,  0.        ,
         -0.22915287, -0.25336735],
        [-0.15589118, -0.36534122, -0.21793518, ...,  0.22915287,
          0.        , -0.02494972],
        [-0.13119797, -0.34200246, -0.19351733, ...,  0.25336735,
          0.02494972,  0.        ]],

       [[ 0.        ,  0.48492415,  0.6781633 , ...,  0.57219394,
          0.45837789,  0.        ],
        [-0.48492415,  0.        ,  0.23671572, ...,  0.89811095,
          0.83185716,  0.48492415],
        [-0.6781633 , -0.23671572,  0.        , ...,  0.97668592,
          0.93958972,  0.6781633 ],
        ...,
        [-0.57219394, -0.89811095, -0.97668592, ...,  0.        ,
          0.13261748,  0.57219394],
        [-0.45837789, -0.83185716, -0.93958972, ..., -0.13261748,
          0.        ,  0.45837789],
        [-0.        , -0.48492415, -0.6781633 , ..., -0.57219394,
         -0.45837789,  0.        ]],

       ...,

       [[ 0.        ,  0.        ,  0.7802121 , ..., -0.75229946,
         -0.30338559, -0.67983901],
        [ 0.        ,  0.        ,  0.7802121 , ..., -0.75229946,
         -0.30338559, -0.67983901],
        [-0.7802121 , -0.7802121 ,  0.        , ..., -0.984595  ,
         -0.9332113 , -0.99742696],
        ...,
        [ 0.75229946,  0.75229946,  0.984595  , ...,  0.        ,
          0.51696509,  0.10381495],
        [ 0.30338559,  0.30338559,  0.9332113 , ..., -0.51696509,
          0.        , -0.42530547],
        [ 0.67983901,  0.67983901,  0.99742696, ..., -0.10381495,
          0.42530547,  0.        ]],

       [[ 0.        , -0.35569364, -0.16558539, ...,  0.78381244,
          0.72765649,  0.67505106],
        [ 0.35569364,  0.        ,  0.19602692, ...,  0.51166823,
          0.43608454,  0.36848402],
        [ 0.16558539, -0.19602692,  0.        , ...,  0.67016413,
          0.6040296 ,  0.54356819],
        ...,
        [-0.78381244, -0.51166823, -0.67016413, ...,  0.        ,
          0.08577668,  0.15906899],
        [-0.72765649, -0.43608454, -0.6040296 , ..., -0.08577668,
          0.        ,  0.07379819],
        [-0.67505106, -0.36848402, -0.54356819, ..., -0.15906899,
         -0.07379819,  0.        ]],

       [[ 0.        ,  0.10009198,  0.07353749, ...,  0.34103151,
          0.39173009,  0.41820758],
        [-0.10009198,  0.        , -0.02665278, ...,  0.43341057,
          0.48185555,  0.50702612],
        [-0.07353749,  0.02665278,  0.        , ...,  0.4092372 ,
          0.45832985,  0.48387315],
        ...,
        [-0.34103151, -0.43341057, -0.4092372 , ...,  0.        ,
         -0.05447028, -0.08336034],
        [-0.39173009, -0.48185555, -0.45832985, ...,  0.05447028,
          0.        , -0.02895589],
        [-0.41820758, -0.50702612, -0.48387315, ...,  0.08336034,
          0.02895589,  0.        ]]]), 'num': array([ 9.07812335e-01,  4.19355999e-01,  2.01841461e-04,  1.76210799e-04,
        1.79123375e-04,  1.73298224e-04,  4.12733750e-03, -2.91257520e-06,
        1.78540859e-04,  1.70622296e-04,  1.50537663e-04,  4.42087306e-06,
        1.83880263e-04,  1.57364329e-04])}
{'img': array([[[ 0.00000000e+00,  4.87396197e-01, -1.64953350e-01, ...,
          1.64953350e-01,  3.89722975e-01,  6.40617238e-01],
        [-4.87396197e-01,  0.00000000e+00, -6.24753658e-01, ...,
          6.24753658e-01,  7.89157494e-01,  9.33626986e-01],
        [ 1.64953350e-01,  6.24753658e-01,  0.00000000e+00, ...,
          0.00000000e+00,  2.32473462e-01,  5.05180518e-01],
        ...,
        [-1.64953350e-01, -6.24753658e-01, -0.00000000e+00, ...,
          0.00000000e+00, -2.32473462e-01, -5.05180518e-01],
        [-3.89722975e-01, -7.89157494e-01, -2.32473462e-01, ...,
          2.32473462e-01,  0.00000000e+00, -2.90712174e-01],
        [-6.40617238e-01, -9.33626986e-01, -5.05180518e-01, ...,
          5.05180518e-01,  2.90712174e-01,  0.00000000e+00]],

       [[ 0.00000000e+00,  1.53689488e-01,  6.67692743e-02, ...,
          3.65341224e-01,  3.42002459e-01,  1.35506040e-01],
        [-1.53689488e-01,  0.00000000e+00, -8.73705199e-02, ...,
          2.17935177e-01,  1.93517326e-01, -1.83758175e-02],
        [-6.67692743e-02,  8.73705199e-02,  0.00000000e+00, ...,
          3.02372184e-01,  2.78496236e-01,  6.90502212e-02],
        ...,
        [-3.65341224e-01, -2.17935177e-01, -3.02372184e-01, ...,
          0.00000000e+00, -2.49497194e-02, -2.35832501e-01],
        [-3.42002459e-01, -1.93517326e-01, -2.78496236e-01, ...,
          2.49497194e-02,  0.00000000e+00, -2.11513108e-01],
        [-1.35506040e-01,  1.83758175e-02, -6.90502212e-02, ...,
          2.35832501e-01,  2.11513108e-01,  0.00000000e+00]],

       [[ 0.00000000e+00,  5.23934115e-01,  6.45430391e-01, ...,
          4.89756437e-01,  1.41419571e-01,  0.00000000e+00],
        [-5.23934115e-01,  0.00000000e+00,  1.49560129e-01, ...,
          8.73951181e-01,  6.39123808e-01,  5.23934115e-01],
        [-6.45430391e-01, -1.49560129e-01,  0.00000000e+00, ...,
          9.36809805e-01,  7.46962622e-01,  6.45430391e-01],
        ...,
        [-4.89756437e-01, -8.73951181e-01, -9.36809805e-01, ...,
          0.00000000e+00,  3.61536294e-01,  4.89756437e-01],
        [-1.41419571e-01, -6.39123808e-01, -7.46962622e-01, ...,
         -3.61536294e-01,  0.00000000e+00,  1.41419571e-01],
        [-0.00000000e+00, -5.23934115e-01, -6.45430391e-01, ...,
         -4.89756437e-01, -1.41419571e-01,  0.00000000e+00]],

       ...,

       [[ 0.00000000e+00,  7.80212098e-01, -3.80845882e-02, ...,
         -3.03385590e-01, -6.79839007e-01, -8.01911310e-01],
        [-7.80212098e-01,  0.00000000e+00, -8.03468552e-01, ...,
         -9.33211296e-01, -9.97426960e-01, -9.67739926e-01],
        [ 3.80845882e-02,  8.03468552e-01,  0.00000000e+00, ...,
         -2.66875909e-01, -6.51416030e-01, -7.78576164e-01],
        ...,
        [ 3.03385590e-01,  9.33211296e-01,  2.66875909e-01, ...,
          0.00000000e+00, -4.25305471e-01, -5.82859898e-01],
        [ 6.79839007e-01,  9.97426960e-01,  6.51416030e-01, ...,
          4.25305471e-01,  0.00000000e+00, -1.81925671e-01],
        [ 8.01911310e-01,  9.67739926e-01,  7.78576164e-01, ...,
          5.82859898e-01,  1.81925671e-01,  0.00000000e+00]],

       [[ 0.00000000e+00,  1.96026923e-01,  3.42127123e-01, ...,
          4.36084544e-01,  3.68484016e-01,  3.17307385e-01],
        [-1.96026923e-01,  0.00000000e+00,  1.51291930e-01, ...,
          6.04029601e-01,  5.43568188e-01,  4.97047939e-01],
        [-3.42127123e-01, -1.51291930e-01,  0.00000000e+00, ...,
          7.17650594e-01,  6.64300395e-01,  6.22605982e-01],
        ...,
        [-4.36084544e-01, -6.04029601e-01, -7.17650594e-01, ...,
          0.00000000e+00,  7.37981887e-02,  1.28002166e-01],
        [-3.68484016e-01, -5.43568188e-01, -6.64300395e-01, ...,
         -7.37981887e-02,  0.00000000e+00,  5.44620129e-02],
        [-3.17307385e-01, -4.97047939e-01, -6.22605982e-01, ...,
         -1.28002166e-01, -5.44620129e-02,  0.00000000e+00]],

       [[ 0.00000000e+00, -2.66527811e-02, -6.94430487e-02, ...,
          4.81855550e-01,  5.07026118e-01,  5.07405255e-01],
        [ 2.66527811e-02,  0.00000000e+00, -4.28299400e-02, ...,
          4.58329854e-01,  4.83873148e-01,  4.84258097e-01],
        [ 6.94430487e-02,  4.28299400e-02,  0.00000000e+00, ...,
          4.19842793e-01,  4.45947021e-01,  4.46340737e-01],
        ...,
        [-4.81855550e-01, -4.58329854e-01, -4.19842793e-01, ...,
          0.00000000e+00, -2.89558866e-02, -2.93956254e-02],
        [-5.07026118e-01, -4.83873148e-01, -4.45947021e-01, ...,
          2.89558866e-02,  0.00000000e+00, -4.39926127e-04],
        [-5.07405255e-01, -4.84258097e-01, -4.46340737e-01, ...,
          2.93956254e-02,  4.39926127e-04,  0.00000000e+00]]]), 'num': array([ 9.17604909e-01,  3.97463550e-01,  2.20398881e-04,  1.76199648e-04,
        1.81052604e-04,  1.75079735e-04,  4.86467815e-03, -4.47965206e-06,
        1.81873873e-04,  1.74967743e-04,  1.55120396e-04,  3.95263417e-06,
        1.88567708e-04,  1.61367779e-04])}
{'img': array([[[ 0.00000000e+00, -6.24753658e-01, -4.87396197e-01, ...,
          7.89157494e-01,  9.33626986e-01,  9.95136546e-01],
        [ 6.24753658e-01,  0.00000000e+00,  1.64953350e-01, ...,
          2.32473462e-01,  5.05180518e-01,  7.15483006e-01],
        [ 4.87396197e-01, -1.64953350e-01,  0.00000000e+00, ...,
          3.89722975e-01,  6.40617238e-01,  8.20923251e-01],
        ...,
        [-7.89157494e-01, -2.32473462e-01, -3.89722975e-01, ...,
          0.00000000e+00, -2.90712174e-01, -5.33467765e-01],
        [-9.33626986e-01, -5.05180518e-01, -6.40617238e-01, ...,
          2.90712174e-01,  0.00000000e+00, -2.64537301e-01],
        [-9.95136546e-01, -7.15483006e-01, -8.20923251e-01, ...,
          5.33467765e-01,  2.64537301e-01,  0.00000000e+00]],

       [[ 0.00000000e+00, -8.73705199e-02, -1.27292304e-01, ...,
          1.93517326e-01, -1.83758175e-02,  2.78373214e-02],
        [ 8.73705199e-02,  0.00000000e+00, -4.01457413e-02, ...,
          2.78496236e-01,  6.90502212e-02,  1.15067529e-01],
        [ 1.27292304e-01,  4.01457413e-02,  0.00000000e+00, ...,
          3.16829190e-01,  1.09044476e-01,  1.54853846e-01],
        ...,
        [-1.93517326e-01, -2.78496236e-01, -3.16829190e-01, ...,
          0.00000000e+00, -2.11513108e-01, -1.66131223e-01],
        [ 1.83758175e-02, -6.90502212e-02, -1.09044476e-01, ...,
          2.11513108e-01,  0.00000000e+00,  4.62013173e-02],
        [-2.78373214e-02, -1.15067529e-01, -1.54853846e-01, ...,
          1.66131223e-01, -4.62013173e-02,  0.00000000e+00]],

       [[ 0.00000000e+00,  4.25368265e-01,  4.83816246e-01, ...,
          1.46941507e-01,  0.00000000e+00,  2.91467497e-01],
        [-4.25368265e-01,  0.00000000e+00,  6.55941723e-02, ...,
          5.53736025e-01,  4.25368265e-01,  6.70683104e-01],
        [-4.83816246e-01, -6.55941723e-02,  0.00000000e+00, ...,
          6.07163250e-01,  4.83816246e-01,  7.17892794e-01],
        ...,
        [-1.46941507e-01, -5.53736025e-01, -6.07163250e-01, ...,
          0.00000000e+00,  1.46941507e-01, -1.47742256e-01],
        [-0.00000000e+00, -4.25368265e-01, -4.83816246e-01, ...,
         -1.46941507e-01,  0.00000000e+00, -2.91467497e-01],
        [-2.91467497e-01, -6.70683104e-01, -7.17892794e-01, ...,
          1.47742256e-01,  2.91467497e-01,  0.00000000e+00]],

       ...,

       [[ 0.00000000e+00, -8.03468552e-01, -8.63634980e-01, ...,
         -9.97426960e-01, -9.67739926e-01, -8.33863436e-01],
        [ 8.03468552e-01,  0.00000000e+00, -1.09119974e-01, ...,
         -6.51416030e-01, -7.78576164e-01, -9.39929444e-01],
        [ 8.63634980e-01,  1.09119974e-01,  0.00000000e+00, ...,
         -5.64734568e-01, -7.05448711e-01, -8.97066585e-01],
        ...,
        [ 9.97426960e-01,  6.51416030e-01,  5.64734568e-01, ...,
          0.00000000e+00, -1.81925671e-01, -4.90770868e-01],
        [ 9.67739926e-01,  7.78576164e-01,  7.05448711e-01, ...,
          1.81925671e-01,  0.00000000e+00, -3.24071247e-01],
        [ 8.33863436e-01,  9.39929444e-01,  8.97066585e-01, ...,
          4.90770868e-01,  3.24071247e-01,  0.00000000e+00]],

       [[ 0.00000000e+00,  2.84574001e-01,  4.12755670e-01, ...,
          3.70218269e-01,  3.18816306e-01,  3.15999039e-01],
        [-2.84574001e-01,  0.00000000e+00,  1.36488015e-01, ...,
          6.19264790e-01,  5.75358492e-01,  5.72926056e-01],
        [-4.12755670e-01, -1.36488015e-01,  0.00000000e+00, ...,
          7.20637500e-01,  6.81607858e-01,  6.79430996e-01],
        ...,
        [-3.70218269e-01, -6.19264790e-01, -7.20637500e-01, ...,
          0.00000000e+00,  5.47362445e-02,  5.77024407e-02],
        [-3.18816306e-01, -5.75358492e-01, -6.81607858e-01, ...,
         -5.47362445e-02,  0.00000000e+00,  2.97089154e-03],
        [-3.15999039e-01, -5.72926056e-01, -6.79430996e-01, ...,
         -5.77024407e-02, -2.97089154e-03,  0.00000000e+00]],

       [[ 0.00000000e+00, -4.28299400e-02, -9.88634150e-02, ...,
          4.83873148e-01,  4.84258097e-01,  4.83056591e-01],
        [ 4.28299400e-02,  0.00000000e+00, -5.61525789e-02, ...,
          4.45947021e-01,  4.46340737e-01,  4.45111897e-01],
        [ 9.88634150e-02,  5.61525789e-02,  0.00000000e+00, ...,
          3.94983514e-01,  3.95387630e-01,  3.94126371e-01],
        ...,
        [-4.83873148e-01, -4.45947021e-01, -3.94983514e-01, ...,
          0.00000000e+00, -4.39926127e-04,  9.32820393e-04],
        [-4.84258097e-01, -4.46340737e-01, -3.95387630e-01, ...,
          4.39926127e-04,  0.00000000e+00,  1.37274624e-03],
        [-4.83056591e-01, -4.45111897e-01, -3.94126371e-01, ...,
         -9.32820393e-04, -1.37274624e-03,  0.00000000e+00]]]), 'num': array([ 9.82654978e-01,  1.85306913e-01,  3.41476687e-04,  1.88320280e-04,
        1.93562600e-04,  1.85497492e-04,  7.08132642e-03, -2.01627708e-06,
        1.94288460e-04,  1.89187279e-04,  1.68258323e-04,  4.09759537e-06,
        2.03749825e-04,  1.74624732e-04])}
{'img': array([[[ 0.        ,  0.16495335,  0.54931336, ...,  0.50518052,
          0.71548301,  0.77648398],
        [-0.16495335,  0.        ,  0.40395079, ...,  0.64061724,
          0.82092325,  0.86979042],
        [-0.54931336, -0.40395079,  0.        , ...,  0.8962021 ,
          0.98163623,  0.99498545],
        ...,
        [-0.50518052, -0.64061724, -0.8962021 , ...,  0.        ,
         -0.2645373 , -0.35178339],
        [-0.71548301, -0.82092325, -0.98163623, ...,  0.2645373 ,
          0.        , -0.09162281],
        [-0.77648398, -0.86979042, -0.99498545, ...,  0.35178339,
          0.09162281,  0.        ]],

       [[ 0.        , -0.04014574,  0.21938531, ...,  0.06905022,
          0.11506753,  0.22307079],
        [ 0.04014574,  0.        ,  0.25837617, ...,  0.10904448,
          0.15485385,  0.26202511],
        [-0.21938531, -0.25837617,  0.        , ..., -0.15149363,
         -0.10566379,  0.00377911],
        ...,
        [-0.06905022, -0.10904448,  0.15149363, ...,  0.        ,
          0.04620132,  0.15522805],
        [-0.11506753, -0.15485385,  0.10566379, ..., -0.04620132,
          0.        ,  0.10942099],
        [-0.22307079, -0.26202511, -0.00377911, ..., -0.15522805,
         -0.10942099,  0.        ]],

       [[ 0.        ,  0.24838665,  0.33273621, ...,  0.        ,
          0.29847979,  0.47958967],
        [-0.24838665,  0.        ,  0.08807502, ...,  0.24838665,
          0.52618991,  0.68251731],
        [-0.33273621, -0.08807502,  0.        , ...,  0.33273621,
          0.59904115,  0.74423628],
        ...,
        [-0.        , -0.24838665, -0.33273621, ...,  0.        ,
         -0.29847979, -0.47958967],
        [-0.29847979, -0.52618991, -0.59904115, ...,  0.29847979,
          0.        , -0.19581414],
        [-0.47958967, -0.68251731, -0.74423628, ...,  0.47958967,
          0.19581414,  0.        ]],

       ...,

       [[ 0.        , -0.13003454, -0.17758042, ..., -0.83494375,
         -0.9723162 , -0.99171343],
        [ 0.13003454,  0.        , -0.04810486, ..., -0.75629204,
         -0.93367567, -0.96658776],
        [ 0.17758042,  0.04810486,  0.        , ..., -0.72394463,
         -0.91536744, -0.95313772],
        ...,
        [ 0.83494375,  0.75629204,  0.72394463, ...,  0.        ,
         -0.33999942, -0.43850992],
        [ 0.9723162 ,  0.93367567,  0.91536744, ...,  0.33999942,
          0.        , -0.10681953],
        [ 0.99171343,  0.96658776,  0.95313772, ...,  0.43850992,
          0.10681953,  0.        ]],

       [[ 0.        ,  0.30864156,  0.53187449, ...,  0.32207263,
          0.31922826,  0.31344726],
        [-0.30864156,  0.        ,  0.24454271, ...,  0.59854411,
          0.5961358 ,  0.59123202],
        [-0.53187449, -0.24454271,  0.        , ...,  0.77627211,
          0.77437557,  0.77050541],
        ...,
        [-0.32207263, -0.59854411, -0.77627211, ...,  0.        ,
          0.00300293,  0.00909676],
        [-0.31922826, -0.5961358 , -0.77437557, ..., -0.00300293,
          0.        ,  0.00609392],
        [-0.31344726, -0.59123202, -0.77050541, ..., -0.00909676,
         -0.00609392,  0.        ]],

       [[ 0.        , -0.05615258, -0.21807265, ...,  0.44634074,
          0.4451119 ,  0.41542434],
        [ 0.05615258,  0.        , -0.16292745, ...,  0.39538763,
          0.39412637,  0.36369094],
        [ 0.21807265,  0.16292745,  0.        , ...,  0.24045328,
          0.23912059,  0.2070612 ],
        ...,
        [-0.44634074, -0.39538763, -0.24045328, ...,  0.        ,
          0.00137275,  0.034256  ],
        [-0.4451119 , -0.39412637, -0.23912059, ..., -0.00137275,
          0.        ,  0.03288403],
        [-0.41542434, -0.36369094, -0.2070612 , ..., -0.034256  ,
         -0.03288403,  0.        ]]]), 'num': array([ 9.19451343e-01,  3.93178177e-01,  2.28318076e-04,  1.75307517e-04,
        1.80631389e-04,  1.74927240e-04,  4.45524469e-03, -2.28165965e-06,
        1.80707445e-04,  1.78634937e-04,  1.59386603e-04,  3.68575790e-06,
        1.91997480e-04,  1.65272394e-04])}
{'img': array([[[ 0.        ,  0.52955459,  0.60908696, ...,  0.71750658,
          0.77854708,  0.83854809],
        [-0.52955459,  0.        ,  0.09668219, ...,  0.97750568,
          0.99276385,  0.99983605],
        [-0.60908696, -0.09668219,  0.        , ...,  0.99331751,
          0.99972294,  0.99690276],
        ...,
        [-0.71750658, -0.97750568, -0.99331751, ...,  0.        ,
         -0.09200108, -0.19317474],
        [-0.77854708, -0.99276385, -0.99972294, ...,  0.09200108,
          0.        , -0.10208729],
        [-0.83854809, -0.99983605, -0.99690276, ...,  0.19317474,
          0.10208729,  0.        ]],

       [[ 0.        ,  0.25837617,  0.1255721 , ...,  0.15485385,
          0.26202511,  0.11963261],
        [-0.25837617,  0.        , -0.13502276, ..., -0.10566379,
          0.00377911, -0.14095016],
        [-0.1255721 ,  0.13502276,  0.        , ...,  0.02957072,
          0.13876631, -0.00598461],
        ...,
        [-0.15485385,  0.10566379, -0.02957072, ...,  0.        ,
          0.10942099, -0.03555219],
        [-0.26202511, -0.00377911, -0.13876631, ..., -0.10942099,
          0.        , -0.14469053],
        [-0.11963261,  0.14095016,  0.00598461, ...,  0.03555219,
          0.14469053,  0.        ]],

       [[ 0.        ,  0.22675945,  0.36620181, ...,  0.3007903 ,
          0.48314076,  0.62574344],
        [-0.22675945,  0.        ,  0.14565484, ...,  0.50921324,
          0.66909291,  0.78632225],
        [-0.36620181, -0.14565484,  0.        , ...,  0.62913915,
          0.77020493,  0.86792446],
        ...,
        [-0.3007903 , -0.50921324, -0.62913915, ...,  0.        ,
         -0.19741191, -0.36214031],
        [-0.48314076, -0.66909291, -0.77020493, ...,  0.19741191,
          0.        , -0.17100131],
        [-0.62574344, -0.78632225, -0.86792446, ...,  0.36214031,
          0.17100131,  0.        ]],

       ...,

       [[ 0.        , -0.04810486, -0.04810486, ..., -0.93367567,
         -0.96658776, -0.99151468],
        [ 0.04810486,  0.        ,  0.        , ..., -0.91536744,
         -0.95313772, -0.98411342],
        [ 0.04810486,  0.        ,  0.        , ..., -0.91536744,
         -0.95313772, -0.98411342],
        ...,
        [ 0.93367567,  0.91536744,  0.91536744, ...,  0.        ,
         -0.10681953, -0.23370806],
        [ 0.96658776,  0.95313772,  0.95313772, ...,  0.10681953,
          0.        , -0.12850952],
        [ 0.99151468,  0.98411342,  0.98411342, ...,  0.23370806,
          0.12850952,  0.        ]],

       [[ 0.        ,  0.44998991,  0.59678611, ...,  0.32308874,
          0.31724186,  0.33358983],
        [-0.44998991,  0.        ,  0.17187801, ...,  0.71438547,
          0.71005319,  0.72212067],
        [-0.59678611, -0.17187801,  0.        , ...,  0.8240262 ,
          0.82051391,  0.8302738 ],
        ...,
        [-0.32308874, -0.71438547, -0.8240262 , ...,  0.        ,
          0.00617172, -0.0111173 ],
        [-0.31724186, -0.71005319, -0.82051391, ..., -0.00617172,
          0.        , -0.01728842],
