state_0,state_1,state_2,state_3,state_4,state_5,state_6,state_7,state_8,state_9,state_10,state_11,state_12,state_13,state_14,state_15,state_16,state_17,state_18,state_19,state_20,state_21,state_22,state_23,state_24,state_25,state_26,state_27,state_28,state_29,state_30,state_31,state_32,state_33,state_34,state_35,state_36,state_37,state_38,state_39,state_40,state_41,state_42,state_43,state_44,state_45,state_46,state_47,state_48,state_49,state_50,state_51,state_52,state_53,state_54,state_55,state_56,state_57,state_58,state_59,state_60,state_61,state_62,state_63,state_64,state_65,state_66,state_67,state_68,state_69,state_70,state_71,state_72,state_73,state_74,state_75,state_76,state_77,state_78,state_79,state_80,state_81,state_82,state_83,state_84,state_85,state_86,state_87,state_88,state_89,state_90,state_91,state_92,state_93,state_94,state_95,state_96,state_97,state_98,state_99,state_100,state_101,state_102,state_103,state_104,state_105,state_106,state_107,state_108,state_109,state_110,state_111,state_112,state_113,state_114,state_115,state_116,state_117,state_118,state_119,state_120,state_121,state_122,state_123,state_124,state_125,state_126,state_127,state_128,state_129,state_130,state_131,state_132,state_133,state_134,state_135,state_136,state_137,state_138,state_139,state_140,state_141,state_142,state_143,state_144,state_145,state_146,state_147,state_148,state_149,state_150,state_151,state_152,state_153,state_154,state_155,state_156,state_157,state_158,state_159,state_160,state_161,state_162,state_163,state_164,state_165,state_166,state_167,state_168,state_169,state_170,state_171,state_172,state_173,state_174,state_175,state_176,state_177,state_178,state_179,state_180,state_181,state_182,state_183,state_184,state_185,state_186,state_187,state_188,state_189,state_190,state_191,state_192,state_193,state_194,state_195,state_196,state_197,state_198,state_199,state_200,state_201,state_202,state_203,state_204,state_205,state_206,state_207,state_208,state_209,state_210,state_211,state_212,state_213,state_214,state_215,state_216,state_217,state_218,state_219,state_220,state_221,state_222,state_223,state_224,state_225,state_226,state_227,state_228,state_229,state_230,state_231,state_232,state_233,state_234,state_235,state_236,state_237,state_238,state_239,state_240,state_241,state_242,state_243,state_244,state_245,state_246,state_247,state_248,state_249,state_250,state_251,state_252,state_253,state_254,state_255,state_256,state_257,state_258,state_259,state_260,state_261,state_262,state_263,state_264,state_265,state_266,state_267,state_268,state_269,state_270,state_271,state_272,state_273,state_274,state_275,state_276,state_277,state_278,state_279,state_280,state_281,state_282,state_283,state_284,state_285,state_286,state_287
{'img': array([[[ 0.        , -0.45812285, -0.28431335, ...,  0.87567728,
          0.99832568,  0.99360551],
        [ 0.45812285,  0.        ,  0.18649379, ...,  0.55715375,
          0.86090134,  0.83147942],
        [ 0.28431335, -0.18649379,  0.        , ...,  0.70224531,
          0.94068061,  0.92049972],
        ...,
        [-0.87567728, -0.55715375, -0.70224531, ...,  0.        ,
         -0.43143634, -0.38093843],
        [-0.99832568, -0.86090134, -0.94068061, ...,  0.43143634,
          0.        ,  0.05524514],
        [-0.99360551, -0.83147942, -0.92049972, ...,  0.38093843,
         -0.05524514,  0.        ]],

       [[ 0.        , -0.23048917, -0.38504598, ..., -0.36206283,
          0.6601781 ,  0.14107356],
        [ 0.23048917,  0.        , -0.16196072, ..., -0.13746291,
          0.81552524,  0.36545922],
        [ 0.38504598,  0.16196072,  0.        , ...,  0.0247752 ,
          0.89848818,  0.5113916 ],
        ...,
        [ 0.36206283,  0.13746291, -0.0247752 , ...,  0.        ,
          0.88733613,  0.48994412],
        [-0.6601781 , -0.81552524, -0.89848818, ..., -0.88733613,
          0.        , -0.54761409],
        [-0.14107356, -0.36545922, -0.5113916 , ..., -0.48994412,
          0.54761409,  0.        ]],

       [[ 0.        , -0.17957529, -0.4454879 , ...,  0.4454879 ,
          0.74222848,  0.85467343],
        [ 0.17957529,  0.        , -0.27747456, ...,  0.27747456,
          0.60982116,  0.74755067],
        [ 0.4454879 ,  0.27747456,  0.        , ...,  0.        ,
          0.36596587,  0.53389666],
        ...,
        [-0.4454879 , -0.27747456, -0.        , ...,  0.        ,
         -0.36596587, -0.53389666],
        [-0.74222848, -0.60982116, -0.36596587, ...,  0.36596587,
          0.        , -0.18741698],
        [-0.85467343, -0.74755067, -0.53389666, ...,  0.53389666,
          0.18741698,  0.        ]],

       ...,

       [[ 0.        , -0.64775688, -0.20953241, ...,  0.95578865,
          0.80169901,  0.7210246 ],
        [ 0.64775688,  0.        ,  0.47374612, ...,  0.91864065,
          0.99795447,  0.99814738],
        [ 0.20953241, -0.47374612,  0.        , ...,  0.99618572,
          0.90914603,  0.85020607],
        ...,
        [-0.95578865, -0.91864065, -0.99618572, ...,  0.        ,
         -0.33555839, -0.45025448],
        [-0.80169901, -0.99795447, -0.90914603, ...,  0.33555839,
          0.        , -0.12452828],
        [-0.7210246 , -0.99814738, -0.85020607, ...,  0.45025448,
          0.12452828,  0.        ]],

       [[ 0.        ,  0.0392226 , -0.01620489, ...,  0.60163554,
          0.74108271,  0.8024876 ],
        [-0.0392226 ,  0.        , -0.05540987, ...,  0.63250245,
          0.76684704,  0.82527298],
        [ 0.01620489,  0.05540987,  0.        , ...,  0.58861255,
          0.73010521,  0.79271327],
        ...,
        [-0.60163554, -0.63250245, -0.58861255, ...,  0.        ,
         -0.1880088 , -0.28202644],
        [-0.74108271, -0.76684704, -0.73010521, ...,  0.1880088 ,
          0.        , -0.09662027],
        [-0.8024876 , -0.82527298, -0.79271327, ...,  0.28202644,
          0.09662027,  0.        ]],

       [[ 0.        , -0.2017357 , -0.37258759, ...,  0.96704634,
          0.90951307,  0.63251082],
        [ 0.2017357 ,  0.        , -0.17771706, ...,  0.89580188,
          0.80695692,  0.46325171],
        [ 0.37258759,  0.17771706,  0.        , ...,  0.80255518,
          0.68914995,  0.29837988],
        ...,
        [-0.96704634, -0.89580188, -0.80255518, ...,  0.        ,
          0.17041491,  0.5879897 ],
        [-0.90951307, -0.80695692, -0.68914995, ..., -0.17041491,
          0.        ,  0.44154559],
        [-0.63251082, -0.46325171, -0.29837988, ..., -0.5879897 ,
         -0.44154559,  0.        ]]]), 'num': array([ 7.35210958e-01,  6.77829412e-01,  6.03381133e-07,  1.17105195e-03,
        1.19321697e-03,  1.11563940e-03,  1.08519944e-03, -1.84708510e-05,
        1.20109787e-03,  1.19654173e-03,  1.07785625e-03,  5.53019491e-07,
        1.28972501e-03,  1.10335845e-03])}
{'img': array([[[ 0.        ,  0.18649379,  0.45812285, ...,  0.86090134,
          0.83147942,  0.88381516],
        [-0.18649379,  0.        ,  0.28431335, ...,  0.94068061,
          0.92049972,  0.95555819],
        [-0.45812285, -0.28431335,  0.        , ...,  0.99832568,
          0.99360551,  0.99993995],
        ...,
        [-0.86090134, -0.94068061, -0.99832568, ...,  0.        ,
          0.05524514, -0.04689948],
        [-0.83147942, -0.92049972, -0.99360551, ..., -0.05524514,
          0.        , -0.1020122 ],
        [-0.88381516, -0.95555819, -0.99993995, ...,  0.04689948,
          0.1020122 ,  0.        ]],

       [[ 0.        , -0.16196072,  0.45291303, ...,  0.81552524,
          0.36545922,  0.1978451 ],
        [ 0.16196072,  0.        ,  0.59133015, ...,  0.89848818,
          0.5113916 ,  0.35399228],
        [-0.45291303, -0.59133015,  0.        , ...,  0.46497486,
         -0.09575695, -0.2675707 ],
        ...,
        [-0.81552524, -0.89848818, -0.46497486, ...,  0.        ,
         -0.54761409, -0.68490779],
        [-0.36545922, -0.5113916 ,  0.09575695, ...,  0.54761409,
          0.        , -0.17407567],
        [-0.1978451 , -0.35399228,  0.2675707 , ...,  0.68490779,
          0.17407567,  0.        ]],

       [[ 0.        , -0.27747456, -0.16592385, ...,  0.60982116,
          0.74755067,  0.8618132 ],
        [ 0.27747456,  0.        ,  0.11421985, ...,  0.36596587,
          0.53389666,  0.68723011],
        [ 0.16592385, -0.11421985,  0.        , ...,  0.46986703,
          0.62698114,  0.76570638],
        ...,
        [-0.60982116, -0.36596587, -0.46986703, ...,  0.        ,
         -0.18741698, -0.3737036 ],
        [-0.74755067, -0.53389666, -0.62698114, ...,  0.18741698,
          0.        , -0.19324347],
        [-0.8618132 , -0.68723011, -0.76570638, ...,  0.3737036 ,
          0.19324347,  0.        ]],

       ...,

       [[ 0.        ,  0.47374612,  0.73435667, ...,  0.99795447,
          0.99814738,  0.97726351],
        [-0.47374612,  0.        ,  0.32515791, ...,  0.90914603,
          0.85020607,  0.76019071],
        [-0.73435667, -0.32515791,  0.        , ...,  0.72432185,
          0.63282626,  0.50762665],
        ...,
        [-0.99795447, -0.90914603, -0.72432185, ...,  0.        ,
         -0.12452828, -0.27406987],
        [-0.99814738, -0.85020607, -0.63282626, ...,  0.12452828,
          0.        , -0.15217646],
        [-0.97726351, -0.76019071, -0.50762665, ...,  0.27406987,
          0.15217646,  0.        ]],

       [[ 0.        , -0.05540987, -0.17577358, ...,  0.76684704,
          0.82527298,  0.86529185],
        [ 0.05540987,  0.        , -0.12095637, ...,  0.73010521,
          0.79271327,  0.83618727],
        [ 0.17577358,  0.12095637,  0.        , ...,  0.64209096,
          0.71315867,  0.76371005],
        ...,
        [-0.76684704, -0.73010521, -0.64209096, ...,  0.        ,
         -0.09662027, -0.17097399],
        [-0.82527298, -0.79271327, -0.71315867, ...,  0.09662027,
          0.        , -0.07497646],
        [-0.86529185, -0.83618727, -0.76371005, ...,  0.17097399,
          0.07497646,  0.        ]],

       [[ 0.        , -0.17416853, -0.22617665, ...,  0.879117  ,
          0.7623288 ,  0.45478296],
        [ 0.17416853,  0.        , -0.05306456, ...,  0.78267069,
          0.63795714,  0.2927171 ],
        [ 0.22617665,  0.05306456,  0.        , ...,  0.74853868,
          0.59619478,  0.2415644 ],
        ...,
        [-0.879117  , -0.78267069, -0.74853868, ...,  0.        ,
          0.20562518,  0.56619133],
        [-0.7623288 , -0.63795714, -0.59619478, ..., -0.20562518,
          0.        ,  0.38460083],
        [-0.45478296, -0.2927171 , -0.2415644 , ..., -0.56619133,
         -0.38460083,  0.        ]]]), 'num': array([ 7.07105393e-01,  7.07105393e-01,  0.00000000e+00,  6.68497010e-04,
        6.79221561e-04,  6.57772459e-04,  5.07743141e-04, -1.14395210e-05,
        6.89660124e-04,  6.95344136e-04,  6.28625513e-04,  2.98077898e-07,
        7.47962192e-04,  6.42726079e-04])}
{'img': array([[[ 0.        ,  0.42412273,  0.58475571, ...,  0.83409394,
          0.88629201,  0.92953592],
        [-0.42412273,  0.        ,  0.18550517, ...,  0.98931502,
          0.99905285,  0.99817956],
        [-0.58475571, -0.18550517,  0.        , ...,  0.99918924,
          0.98978451,  0.9696662 ],
        ...,
        [-0.83409394, -0.98931502, -0.99918924, ...,  0.        ,
         -0.10260725, -0.20519609],
        [-0.88629201, -0.99905285, -0.98978451, ...,  0.10260725,
          0.        , -0.1036892 ],
        [-0.92953592, -0.99817956, -0.9696662 , ...,  0.20519609,
          0.1036892 ,  0.        ]],

       [[ 0.        ,  0.59133015,  0.58747038, ...,  0.5113916 ,
          0.35399228,  0.11943108],
        [-0.59133015,  0.        , -0.00477788, ..., -0.09575695,
         -0.2675707 , -0.49078495],
        [-0.58747038,  0.00477788,  0.        , ..., -0.09099993,
         -0.26296398, -0.48661647],
        ...,
        [-0.5113916 ,  0.09575695,  0.09099993, ...,  0.        ,
         -0.17407567, -0.40509848],
        [-0.35399228,  0.2675707 ,  0.26296398, ...,  0.17407567,
          0.        , -0.23976086],
        [-0.11943108,  0.49078495,  0.48661647, ...,  0.40509848,
          0.23976086,  0.        ]],

       [[ 0.        ,  0.11421985,  0.21579003, ...,  0.53389666,
          0.68723011,  0.75497015],
        [-0.11421985,  0.        ,  0.10284898, ...,  0.62698114,
          0.76570638,  0.82492996],
        [-0.21579003, -0.10284898,  0.        , ...,  0.70377914,
          0.82779729,  0.87868918],
        ...,
        [-0.53389666, -0.62698114, -0.70377914, ...,  0.        ,
         -0.19324347, -0.28825718],
        [-0.68723011, -0.76570638, -0.82779729, ...,  0.19324347,
          0.        , -0.09778291],
        [-0.75497015, -0.82492996, -0.87868918, ...,  0.28825718,
          0.09778291,  0.        ]],

       ...,

       [[ 0.        ,  0.61912711,  0.80633722, ...,  0.99175365,
          0.9573477 ,  0.92054843],
        [-0.61912711,  0.        ,  0.26702269, ...,  0.69946839,
          0.57290675,  0.48104953],
        [-0.80633722, -0.26702269,  0.        , ...,  0.48323948,
          0.33324735,  0.2294857 ],
        ...,
        [-0.99175365, -0.69946839, -0.48323948, ...,  0.        ,
         -0.16386311, -0.26943077],
        [-0.9573477 , -0.57290675, -0.33324735, ...,  0.16386311,
          0.        , -0.10798549],
        [-0.92054843, -0.48104953, -0.2294857 , ...,  0.26943077,
          0.10798549,  0.        ]],

       [[ 0.        , -0.12095637, -0.2346721 , ...,  0.79271327,
          0.83618727,  0.85033214],
        [ 0.12095637,  0.        , -0.11537048, ...,  0.71315867,
          0.76371005,  0.78043601],
        [ 0.2346721 ,  0.11537048,  0.        , ...,  0.62752156,
          0.68413189,  0.70309093],
        ...,
        [-0.79271327, -0.71315867, -0.62752156, ...,  0.        ,
         -0.07497646, -0.10119547],
        [-0.83618727, -0.76371005, -0.68413189, ...,  0.07497646,
          0.        , -0.02631906],
        [-0.85033214, -0.78043601, -0.70309093, ...,  0.10119547,
          0.02631906,  0.        ]],

       [[ 0.        , -0.05268594, -0.05575372, ...,  0.68501612,
          0.50723137,  0.29070977],
        [ 0.05268594,  0.        , -0.0030723 , ...,  0.64568155,
          0.46112163,  0.23989552],
        [ 0.05575372,  0.0030723 ,  0.        , ...,  0.64333247,
          0.45839329,  0.2369118 ],
        ...,
        [-0.68501612, -0.64568155, -0.64333247, ...,  0.        ,
          0.22082147,  0.44364097],
        [-0.50723137, -0.46112163, -0.45839329, ..., -0.22082147,
          0.        ,  0.23478814],
        [-0.29070977, -0.23989552, -0.2369118 , ..., -0.44364097,
         -0.23478814,  0.        ]]]), 'num': array([ 7.07105448e-01,  7.07105448e-01,  0.00000000e+00,  6.48477899e-04,
        6.82796464e-04,  6.39183287e-04,  4.06939543e-04, -2.00191633e-05,
        6.74502811e-04,  6.95165447e-04,  6.31056460e-04,  2.75581475e-07,
        7.48391311e-04,  6.41939583e-04])}
{'img': array([[[ 0.        ,  0.43396695,  0.47058824, ...,  0.89968848,
          0.9413394 ,  0.98644592],
        [-0.43396695,  0.        ,  0.04105448, ...,  0.99999594,
          0.99452682,  0.95992573],
        [-0.47058824, -0.04105448,  0.        , ...,  0.99926984,
          0.98939891,  0.94761073],
        ...,
        [-0.89968848, -0.99999594, -0.99926984, ...,  0.        ,
         -0.1073152 , -0.28298881],
        [-0.9413394 , -0.99452682, -0.98939891, ...,  0.1073152 ,
          0.        , -0.17842606],
        [-0.98644592, -0.95992573, -0.94761073, ...,  0.28298881,
          0.17842606,  0.        ]],

       [[ 0.        , -0.00477788, -0.30507002, ..., -0.2675707 ,
         -0.49078495, -0.66848445],
        [ 0.00477788,  0.        , -0.30051643, ..., -0.26296398,
         -0.48661647, -0.66492339],
        [ 0.30507002,  0.30051643,  0.        , ...,  0.03913104,
         -0.20158755, -0.4097292 ],
        ...,
        [ 0.2675707 ,  0.26296398, -0.03913104, ...,  0.        ,
         -0.23976086, -0.44511101],
        [ 0.49078495,  0.48661647,  0.20158755, ...,  0.23976086,
          0.        , -0.21742805],
        [ 0.66848445,  0.66492339,  0.4097292 , ...,  0.44511101,
          0.21742805,  0.        ]],

       [[ 0.        ,  0.18398832,  0.28684277, ...,  0.68817821,
          0.75595029,  0.85693164],
        [-0.18398832,  0.        ,  0.10568921, ...,  0.80992112,
          0.86348912,  0.93713559],
        [-0.28684277, -0.10568921,  0.        , ...,  0.86737575,
          0.9119591 ,  0.96876877],
        ...,
        [-0.68817821, -0.80992112, -0.86737575, ...,  0.        ,
         -0.09797203, -0.26703189],
        [-0.75595029, -0.86348912, -0.9119591 , ...,  0.09797203,
          0.        , -0.17133281],
        [-0.85693164, -0.93713559, -0.96876877, ...,  0.26703189,
          0.17133281,  0.        ]],

       ...,

       [[ 0.        ,  0.62220591,  0.67481902, ...,  0.89604986,
          0.82992611,  0.74306476],
        [-0.62220591,  0.        ,  0.06910697, ...,  0.42524544,
          0.30259858,  0.1653186 ],
        [-0.67481902, -0.06910697,  0.        , ...,  0.36168159,
          0.23600804,  0.09676729],
        ...,
        [-0.89604986, -0.42524544, -0.36168159, ...,  0.        ,
         -0.13143379, -0.26976792],
        [-0.82992611, -0.30259858, -0.23600804, ...,  0.13143379,
          0.        , -0.14086674],
        [-0.74306476, -0.1653186 , -0.09676729, ...,  0.26976792,
          0.14086674,  0.        ]],

       [[ 0.        , -0.11537048, -0.24993219, ...,  0.76371005,
          0.78043601,  0.7724721 ],
        [ 0.11537048,  0.        , -0.13655426, ...,  0.68413189,
          0.70309093,  0.69404807],
        [ 0.24993219,  0.13655426,  0.        , ...,  0.57812637,
          0.59940106,  0.58923731],
        ...,
        [-0.76371005, -0.68413189, -0.57812637, ...,  0.        ,
         -0.02631906, -0.01368357],
        [-0.78043601, -0.70309093, -0.59940106, ...,  0.02631906,
          0.        ,  0.01263776],
        [-0.7724721 , -0.69404807, -0.58923731, ...,  0.01368357,
         -0.01263776,  0.        ]],

       [[ 0.        , -0.0030723 ,  0.00347401, ...,  0.46112163,
          0.23989552,  0.37769518],
        [ 0.0030723 ,  0.        ,  0.00654627, ...,  0.45839329,
          0.2369118 ,  0.37484866],
        [-0.00347401, -0.00654627,  0.        , ...,  0.46420147,
          0.24326663,  0.38090959],
        ...,
        [-0.46112163, -0.45839329, -0.46420147, ...,  0.        ,
          0.23478814,  0.09182347],
        [-0.23989552, -0.2369118 , -0.24326663, ..., -0.23478814,
          0.        , -0.14453954],
        [-0.37769518, -0.37484866, -0.38090959, ..., -0.09182347,
          0.14453954,  0.        ]]]), 'num': array([7.07105350e-01, 7.07105350e-01, 0.00000000e+00, 6.57057449e-04,
       6.57057449e-04, 6.24883798e-04, 6.98618656e-04, 8.57964025e-06,
       6.68925951e-04, 6.95415590e-04, 6.33439606e-04, 2.93175538e-07,
       7.47869789e-04, 6.42961392e-04])}
{'img': array([[[ 0.        ,  0.08199019,  0.43175235, ...,  0.99307109,
          0.99771103,  0.99994081],
        [-0.08199019,  0.        ,  0.35634419, ...,  0.99936265,
          0.98880754,  0.99746623],
        [-0.43175235, -0.35634419,  0.        , ...,  0.94647979,
          0.87073167,  0.90663642],
        ...,
        [-0.99307109, -0.99936265, -0.94647979, ...,  0.        ,
         -0.18439939, -0.10670318],
        [-0.99771103, -0.98880754, -0.87073167, ...,  0.18439939,
          0.        ,  0.07847327],
        [-0.99994081, -0.99746623, -0.90663642, ...,  0.10670318,
         -0.07847327,  0.        ]],

       [[ 0.        , -0.30051643,  0.13635693, ..., -0.48661647,
         -0.66492339, -0.13479544],
        [ 0.30051643,  0.        ,  0.42776359, ..., -0.20158755,
         -0.4097292 ,  0.169209  ],
        [-0.13635693, -0.42776359,  0.        , ..., -0.60119492,
         -0.76055943, -0.26864888],
        ...,
        [ 0.48661647,  0.20158755,  0.60119492, ...,  0.        ,
         -0.21742805,  0.36441593],
        [ 0.66492339,  0.4097292 ,  0.76055943, ...,  0.21742805,
          0.        ,  0.55817466],
        [ 0.13479544, -0.169209  ,  0.26864888, ..., -0.36441593,
         -0.55817466,  0.        ]],

       [[ 0.        ,  0.22293008,  0.45323567, ...,  0.75851496,
          0.85942712,  0.88812466],
        [-0.22293008,  0.        ,  0.24311193, ...,  0.88470014,
          0.951774  ,  0.96823375],
        [-0.45323567, -0.24311193,  0.        , ...,  0.97148677,
          0.99780585,  0.9999744 ],
        ...,
        [-0.75851496, -0.88470014, -0.97148677, ...,  0.        ,
         -0.17225347, -0.23013595],
        [-0.85942712, -0.951774  , -0.99780585, ...,  0.17225347,
          0.        , -0.0590661 ],
        [-0.88812466, -0.96823375, -0.9999744 , ...,  0.23013595,
          0.0590661 ,  0.        ]],

       ...,

       [[ 0.        ,  0.31326863,  0.83207879, ...,  0.66412927,
          0.48856841,  0.63216081],
        [-0.31326863,  0.        ,  0.61643895, ...,  0.39649483,
          0.19064121,  0.35760851],
        [-0.83207879, -0.61643895,  0.        , ..., -0.25371263,
         -0.45502192, -0.29409291],
        ...,
        [-0.66412927, -0.39649483,  0.25371263, ...,  0.        ,
         -0.21420736, -0.04197743],
        [-0.48856841, -0.19064121,  0.45502192, ...,  0.21420736,
          0.        ,  0.17301549],
        [-0.63216081, -0.35760851,  0.29409291, ...,  0.04197743,
         -0.17301549,  0.        ]],

       [[ 0.        , -0.13655426, -0.20603235, ...,  0.70309093,
          0.69404807,  0.70498669],
        [ 0.13655426,  0.        , -0.07047785, ...,  0.59940106,
          0.58923731,  0.60153571],
        [ 0.20603235,  0.07047785,  0.        , ...,  0.54149664,
          0.5308288 ,  0.54373895],
        ...,
        [-0.70309093, -0.59940106, -0.54149664, ...,  0.        ,
          0.01263776, -0.00266948],
        [-0.69404807, -0.58923731, -0.5308288 , ..., -0.01263776,
          0.        , -0.01530698],
        [-0.70498669, -0.60153571, -0.54373895, ...,  0.00266948,
          0.01530698,  0.        ]],

       [[ 0.        ,  0.00654106,  0.02423739, ...,  0.31288511,
          0.39332108,  0.2367286 ],
        [-0.00654106,  0.        ,  0.01769774, ...,  0.31909105,
          0.39932652,  0.24307867],
        [-0.02423739, -0.01769774,  0.        , ...,  0.33581365,
          0.41548943,  0.26020752],
        ...,
        [-0.31288511, -0.31909105, -0.33581365, ...,  0.        ,
         -0.08590588,  0.07914892],
        [-0.39332108, -0.39932652, -0.41548943, ...,  0.08590588,
          0.        ,  0.1644927 ],
        [-0.2367286 , -0.24307867, -0.26020752, ..., -0.07914892,
         -0.1644927 ,  0.        ]]]), 'num': array([ 7.07105493e-01,  7.07105493e-01,  0.00000000e+00,  6.55627641e-04,
        6.60632432e-04,  6.36323447e-04,  2.74376950e-04, -1.42994033e-06,
        6.61919379e-04,  6.95058246e-04,  6.35608476e-04,  3.20290103e-07,
        7.48485752e-04,  6.41630740e-04])}
{'img': array([[[ 0.        ,  0.35634419,  0.51292818, ...,  0.98880754,
          0.99746623,  0.99644286],
        [-0.35634419,  0.        ,  0.1733598 , ...,  0.87073167,
          0.90663642,  0.90100162],
        [-0.51292818, -0.1733598 ,  0.        , ...,  0.7722964 ,
          0.81976592,  0.81215295],
        ...,
        [-0.98880754, -0.87073167, -0.7722964 , ...,  0.        ,
          0.07847327,  0.06533805],
        [-0.99746623, -0.90663642, -0.81976592, ..., -0.07847327,
          0.        , -0.01316903],
        [-0.99644286, -0.90100162, -0.81215295, ..., -0.06533805,
          0.01316903,  0.        ]],

       [[ 0.        ,  0.42776359,  0.22366626, ..., -0.4097292 ,
          0.169209  , -0.70559865],
        [-0.42776359,  0.        , -0.2147567 , ..., -0.76055943,
         -0.26864888, -0.94090231],
        [-0.22366626,  0.2147567 ,  0.        , ..., -0.60337901,
         -0.0555188 , -0.8462154 ],
        ...,
        [ 0.4097292 ,  0.76055943,  0.60337901, ...,  0.        ,
          0.55817466, -0.35331327],
        [-0.169209  ,  0.26864888,  0.0555188 , ..., -0.55817466,
          0.        , -0.81532754],
        [ 0.70559865,  0.94090231,  0.8462154 , ...,  0.35331327,
          0.81532754,  0.        ]],

       [[ 0.        ,  0.402334  ,  0.58523298, ...,  0.86310168,
          0.89165462,  0.9220845 ],
        [-0.402334  ,  0.        ,  0.20953804, ...,  0.99335432,
          0.99844668,  0.99986054],
        [-0.58523298, -0.20953804,  0.        , ...,  0.99541943,
          0.9879562 ,  0.97416472],
        ...,
        [-0.86310168, -0.99335432, -0.99541943, ...,  0.        ,
         -0.05957229, -0.13166999],
        [-0.89165462, -0.99844668, -0.9879562 , ...,  0.05957229,
          0.        , -0.07238251],
        [-0.9220845 , -0.99986054, -0.97416472, ...,  0.13166999,
          0.07238251,  0.        ]],

       ...,

       [[ 0.        ,  0.80387756,  0.92957177, ...,  0.38987095,
          0.57141815,  0.7457522 ],
        [-0.80387756,  0.        ,  0.25656209, ..., -0.50837311,
         -0.31983286, -0.09199254],
        [-0.92957177, -0.25656209,  0.        , ..., -0.7122918 ,
         -0.55221323, -0.34438752],
        ...,
        [-0.38987095,  0.50837311,  0.7122918 , ...,  0.        ,
          0.20625042,  0.42699929],
        [-0.57141815,  0.31983286,  0.55221323, ..., -0.20625042,
          0.        ,  0.23131613],
        [-0.7457522 ,  0.09199254,  0.34438752, ..., -0.42699929,
         -0.23131613,  0.        ]],

       [[ 0.        , -0.07047785, -0.11427447, ...,  0.58923731,
          0.60153571,  0.58694421],
        [ 0.07047785,  0.        , -0.04397414, ...,  0.5308288 ,
          0.54373895,  0.52842389],
        [ 0.11427447,  0.04397414,  0.        , ...,  0.49304815,
          0.50630749,  0.49057953],
        ...,
        [-0.58923731, -0.5308288 , -0.49304815, ...,  0.        ,
         -0.01530698,  0.0028352 ],
        [-0.60153571, -0.54373895, -0.50630749, ...,  0.01530698,
          0.        ,  0.01814179],
        [-0.58694421, -0.52842389, -0.49057953, ..., -0.0028352 ,
         -0.01814179,  0.        ]],

       [[ 0.        ,  0.01769774,  0.03235876, ...,  0.39932652,
          0.24307867,  0.42066155],
        [-0.01769774,  0.        ,  0.01466522, ...,  0.41548943,
          0.26020752,  0.43665137],
        [-0.03235876, -0.01466522,  0.        , ...,  0.4287842 ,
          0.27433959,  0.4497977 ],
        ...,
        [-0.39932652, -0.41548943, -0.4287842 , ...,  0.        ,
          0.1644927 , -0.02339013],
        [-0.24307867, -0.26020752, -0.27433959, ..., -0.1644927 ,
          0.        , -0.18751921],
        [-0.42066155, -0.43665137, -0.4497977 , ...,  0.02339013,
          0.18751921,  0.        ]]]), 'num': array([ 7.07105472e-01,  7.07105472e-01,  0.00000000e+00,  6.52767741e-04,
        6.55627622e-04,  6.35608458e-04,  3.96837029e-04, -2.85988057e-06,
        6.56485586e-04,  6.93163554e-04,  6.37693787e-04,  3.37866989e-07,
        7.49678767e-04,  6.36648341e-04])}
{'img': array([[[ 0.        ,  0.1733598 ,  0.03159251, ...,  0.90663642,
          0.90100162,  0.88930991],
        [-0.1733598 ,  0.        , -0.14215911, ...,  0.81976592,
          0.81215295,  0.79656617],
        [-0.03159251,  0.14215911,  0.        , ...,  0.89285457,
          0.88684654,  0.87441859],
        ...,
        [-0.90663642, -0.81976592, -0.89285457, ...,  0.        ,
         -0.01316903, -0.03939815],
        [-0.90100162, -0.81215295, -0.88684654, ...,  0.01316903,
          0.        , -0.02623593],
        [-0.88930991, -0.79656617, -0.87441859, ...,  0.03939815,
          0.02623593,  0.        ]],

       [[ 0.        , -0.2147567 , -0.6720673 , ..., -0.26864888,
         -0.94090231, -0.77571518],
        [ 0.2147567 ,  0.        , -0.49736114, ..., -0.0555188 ,
         -0.8462154 , -0.62208653],
        [ 0.6720673 ,  0.49736114,  0.        , ...,  0.44842905,
         -0.46911435, -0.15027903],
        ...,
        [ 0.26864888,  0.0555188 , -0.44842905, ...,  0.        ,
         -0.81532754, -0.57765869],
        [ 0.94090231,  0.8462154 ,  0.46911435, ...,  0.81532754,
          0.        ,  0.33106988],
        [ 0.77571518,  0.62208653,  0.15027903, ...,  0.57765869,
         -0.33106988,  0.        ]],

       [[ 0.        ,  0.45448125,  0.56523494, ...,  0.9035079 ,
          0.93297392,  0.95179892],
        [-0.45448125,  0.        ,  0.12857138, ...,  0.99958304,
          0.99464019,  0.9872206 ],
        [-0.56523494, -0.12857138,  0.        , ...,  0.9875743 ,
          0.97309106,  0.95853784],
        ...,
        [-0.9035079 , -0.99958304, -0.9875743 , ...,  0.        ,
         -0.07463374, -0.13078745],
        [-0.93297392, -0.99464019, -0.97309106, ...,  0.07463374,
          0.        , -0.05643002],
        [-0.95179892, -0.9872206 , -0.95853784, ...,  0.13078745,
          0.05643002,  0.        ]],

       ...,

       [[ 0.        ,  0.27874576,  0.32817145, ..., -0.37874643,
         -0.10380378,  0.03910361],
        [-0.27874576,  0.        ,  0.05185604, ..., -0.62171412,
         -0.37692942, -0.24097882],
        [-0.32817145, -0.05185604,  0.        , ..., -0.6614936 ,
         -0.42445354, -0.29098247],
        ...,
        [ 0.37874643,  0.62171412,  0.6614936 , ...,  0.        ,
          0.28062992,  0.41464716],
        [ 0.10380378,  0.37692942,  0.42445354, ..., -0.28062992,
          0.        ,  0.14261675],
        [-0.03910361,  0.24097882,  0.29098247, ..., -0.41464716,
         -0.14261675,  0.        ]],

       [[ 0.        , -0.04397414, -0.09786424, ...,  0.54373895,
          0.52842389,  0.49595737],
        [ 0.04397414,  0.        , -0.05400652, ...,  0.50630749,
          0.49057953,  0.45729281],
        [ 0.09786424,  0.05400652,  0.        , ...,  0.45899589,
          0.44280249,  0.40859656],
        ...,
        [-0.54373895, -0.50630749, -0.45899589, ...,  0.        ,
          0.01814179,  0.05591961],
        [-0.52842389, -0.49057953, -0.44280249, ..., -0.01814179,
          0.        ,  0.037797  ],
        [-0.49595737, -0.45729281, -0.40859656, ..., -0.05591961,
         -0.037797  ,  0.        ]],

       [[ 0.        ,  0.01466522,  0.02100141, ...,  0.26020752,
          0.43665137,  0.62600657],
        [-0.01466522,  0.        ,  0.00633717, ...,  0.27433959,
          0.4497977 ,  0.63737545],
        [-0.02100141, -0.00633717,  0.        , ...,  0.28042811,
          0.45544858,  0.64224578],
        ...,
        [-0.26020752, -0.27433959, -0.28042811, ...,  0.        ,
         -0.18751921, -0.40152789],
        [-0.43665137, -0.4497977 , -0.45544858, ...,  0.18751921,
          0.        , -0.22266629],
        [-0.62600657, -0.63737545, -0.64224578, ...,  0.40152789,
          0.22266629,  0.        ]]]), 'num': array([ 7.07105480e-01,  7.07105480e-01,  0.00000000e+00,  6.45618047e-04,
        6.59917450e-04,  6.32033614e-04,  3.97602051e-04, -7.14970152e-06,
        6.51909784e-04,  6.90232184e-04,  6.39362058e-04,  2.32167429e-07,
        7.50125008e-04,  6.30339361e-04])}
{'img': array([[[ 0.        , -0.14215911, -0.02686624, ...,  0.81215295,
          0.79656617,  0.75553155],
        [ 0.14215911,  0.        ,  0.11551441, ...,  0.88684654,
          0.87441859,  0.84098841],
        [ 0.02686624, -0.11551441,  0.        , ...,  0.82753475,
          0.81252067,  0.77285924],
        ...,
        [-0.81215295, -0.88684654, -0.82753475, ...,  0.        ,
         -0.02623593, -0.09124056],
        [-0.79656617, -0.87441859, -0.81252067, ...,  0.02623593,
          0.        , -0.06508266],
        [-0.75553155, -0.84098841, -0.77285924, ...,  0.09124056,
          0.06508266,  0.        ]],

       [[ 0.        , -0.49736114, -0.60655823, ..., -0.8462154 ,
         -0.62208653, -0.62067076],
        [ 0.49736114,  0.        , -0.13079417, ..., -0.46911435,
         -0.15027903, -0.14849235],
        [ 0.60655823,  0.13079417,  0.        , ..., -0.34957522,
         -0.01967924, -0.0178726 ],
        ...,
        [ 0.8462154 ,  0.46911435,  0.34957522, ...,  0.        ,
          0.33106988,  0.33277439],
        [ 0.62208653,  0.15027903,  0.01967924, ..., -0.33106988,
          0.        ,  0.00180696],
        [ 0.62067076,  0.14849235,  0.0178726 , ..., -0.33277439,
         -0.00180696,  0.        ]],

       [[ 0.        ,  0.36662102,  0.49888765, ...,  0.9464116 ,
          0.96378882,  0.97566663],
        [-0.36662102,  0.        ,  0.14641207, ...,  0.99891833,
          0.99444617,  0.98811638],
        [-0.49888765, -0.14641207,  0.        , ...,  0.98134562,
          0.96832035,  0.95496348],
        ...,
        [-0.9464116 , -0.99891833, -0.98134562, ...,  0.        ,
         -0.05889167, -0.10759468],
        [-0.96378882, -0.99444617, -0.96832035, ...,  0.05889167,
          0.        , -0.04885815],
        [-0.97566663, -0.98811638, -0.95496348, ...,  0.10759468,
          0.04885815,  0.        ]],

       ...,

       [[ 0.        ,  0.04336632,  0.0624623 , ..., -0.29673327,
         -0.19394104, -0.96493164],
        [-0.04336632,  0.        ,  0.0191219 , ..., -0.33786723,
         -0.23630152, -0.97540758],
        [-0.0624623 , -0.0191219 ,  0.        , ..., -0.35580286,
         -0.25483868, -0.97944387],
        ...,
        [ 0.29673327,  0.33786723,  0.35580286, ...,  0.        ,
          0.10589323, -0.84357864],
        [ 0.19394104,  0.23630152,  0.25483868, ..., -0.10589323,
          0.        , -0.89570088],
        [ 0.96493164,  0.97540758,  0.97944387, ...,  0.84357864,
          0.89570088,  0.        ]],

       [[ 0.        , -0.05400652, -0.02865093, ...,  0.49057953,
          0.45729281,  0.44368449],
        [ 0.05400652,  0.        ,  0.02537524, ...,  0.44280249,
          0.40859656,  0.39463725],
        [ 0.02865093, -0.02537524,  0.        , ...,  0.46541182,
          0.43162535,  0.41782588],
        ...,
        [-0.49057953, -0.44280249, -0.46541182, ...,  0.        ,
          0.037797  ,  0.05302399],
        [-0.45729281, -0.40859656, -0.43162535, ..., -0.037797  ,
          0.        ,  0.01524227],
        [-0.44368449, -0.39463725, -0.41782588, ..., -0.05302399,
         -0.01524227,  0.        ]],

       [[ 0.        ,  0.00633717,  0.00215078, ...,  0.4497977 ,
          0.63737545,  0.76203371],
        [-0.00633717,  0.        , -0.00418641, ...,  0.45544858,
          0.64224578,  0.76612196],
        [-0.00215078,  0.00418641,  0.        , ...,  0.45171759,
          0.63903127,  0.76342466],
        ...,
        [-0.4497977 , -0.45544858, -0.45171759, ...,  0.        ,
         -0.22266629, -0.38933471],
        [-0.63737545, -0.64224578, -0.63903127, ...,  0.22266629,
          0.        , -0.17446325],
        [-0.76203371, -0.76612196, -0.76342466, ...,  0.38933471,
          0.17446325,  0.        ]]]), 'num': array([ 8.20768076e-01,  5.71257261e-01,  2.78783034e-06,  7.44808404e-04,
        7.64780920e-04,  7.44808404e-04,  3.95930161e-04, -6.65750529e-06,
        7.56791913e-04,  7.99358338e-04,  7.45765420e-04,  2.34639519e-07,
        8.72727843e-04,  7.25988833e-04])}
{'img': array([[[ 0.00000000e+00,  1.15514413e-01,  2.09665803e-01, ...,
          8.74418587e-01,  8.40988411e-01,  8.11861439e-01],
        [-1.15514413e-01,  0.00000000e+00,  9.53153720e-02, ...,
          8.12520667e-01,  7.72859235e-01,  7.38983572e-01],
        [-2.09665803e-01, -9.53153720e-02,  0.00000000e+00, ...,
          7.53258945e-01,  7.08855514e-01,  6.71402872e-01],
        ...,
        [-8.74418587e-01, -8.12520667e-01, -7.53258945e-01, ...,
          0.00000000e+00, -6.50826554e-02, -1.16636766e-01],
        [-8.40988411e-01, -7.72859235e-01, -7.08855514e-01, ...,
          6.50826554e-02,  0.00000000e+00, -5.17510392e-02],
        [-8.11861439e-01, -7.38983572e-01, -6.71402872e-01, ...,
          1.16636766e-01,  5.17510392e-02,  0.00000000e+00]],

       [[ 0.00000000e+00, -1.30794167e-01, -1.48025114e-01, ...,
         -1.50279028e-01, -1.48492346e-01, -2.88534065e-01],
        [ 1.30794167e-01,  0.00000000e+00, -1.74002247e-02, ...,
         -1.96792436e-02, -1.78726038e-02, -1.60823983e-01],
        [ 1.48025114e-01,  1.74002247e-02,  0.00000000e+00, ...,
         -2.27940918e-03, -4.72452493e-04, -1.43625908e-01],
        ...,
        [ 1.50279028e-01,  1.96792436e-02,  2.27940918e-03, ...,
          0.00000000e+00,  1.80695766e-03, -1.41369758e-01],
        [ 1.48492346e-01,  1.78726038e-02,  4.72452493e-04, ...,
         -1.80695766e-03,  0.00000000e+00, -1.43158337e-01],
        [ 2.88534065e-01,  1.60823983e-01,  1.43625908e-01, ...,
          1.41369758e-01,  1.43158337e-01,  0.00000000e+00]],

       [[ 0.00000000e+00,  2.00864321e-01,  3.53173839e-01, ...,
          9.99681974e-01,  9.99698542e-01,  9.99072057e-01],
        [-2.00864321e-01,  0.00000000e+00,  1.58055663e-01, ...,
          9.84372935e-01,  9.74392037e-01,  9.70058813e-01],
        [-3.53173839e-01, -1.58055663e-01,  0.00000000e+00, ...,
          9.44166543e-01,  9.26604386e-01,  9.19478373e-01],
        ...,
        [-9.99681974e-01, -9.84372935e-01, -9.44166543e-01, ...,
          0.00000000e+00, -4.97551429e-02, -6.82509650e-02],
        [-9.99698542e-01, -9.74392037e-01, -9.26604386e-01, ...,
          4.97551429e-02,  0.00000000e+00, -1.85273094e-02],
        [-9.99072057e-01, -9.70058813e-01, -9.19478373e-01, ...,
          6.82509650e-02,  1.85273094e-02,  0.00000000e+00]],

       ...,

       [[ 0.00000000e+00,  1.74295388e-02,  2.52278111e-01, ...,
         -2.12323064e-01, -7.76067718e-01, -9.91557889e-01],
        [-1.74295388e-02,  0.00000000e+00,  2.35374012e-01, ...,
         -2.29322948e-01, -7.86941760e-01, -9.93667263e-01],
        [-2.52278111e-01, -2.35374012e-01,  0.00000000e+00, ...,
         -4.51981477e-01, -9.10064715e-01, -9.92197305e-01],
        ...,
        [ 2.12323064e-01,  2.29322948e-01,  4.51981477e-01, ...,
          0.00000000e+00, -6.24471555e-01, -9.41419080e-01],
        [ 7.76067718e-01,  7.86941760e-01,  9.10064715e-01, ...,
          6.24471555e-01,  0.00000000e+00, -5.24696928e-01],
        [ 9.91557889e-01,  9.93667263e-01,  9.92197305e-01, ...,
          9.41419080e-01,  5.24696928e-01,  0.00000000e+00]],

       [[ 0.00000000e+00,  2.53752360e-02,  1.16736796e-01, ...,
          4.08596558e-01,  3.94637245e-01,  4.04887104e-01],
        [-2.53752360e-02,  0.00000000e+00,  9.14974642e-02, ...,
          4.31625349e-01,  4.17825877e-01,  4.27959000e-01],
        [-1.16736796e-01, -9.14974642e-02,  0.00000000e+00, ...,
          5.12350374e-01,  4.99201154e-01,  5.08859083e-01],
        ...,
        [-4.08596558e-01, -4.31625349e-01, -5.12350374e-01, ...,
          0.00000000e+00,  1.52422657e-02,  4.06050577e-03],
        [-3.94637245e-01, -4.17825877e-01, -4.99201154e-01, ...,
         -1.52422657e-02,  0.00000000e+00, -1.11821059e-02],
        [-4.04887104e-01, -4.27959000e-01, -5.08859083e-01, ...,
         -4.06050577e-03,  1.11821059e-02,  0.00000000e+00]],

       [[ 0.00000000e+00, -4.18641277e-03, -3.48449809e-02, ...,
          6.42245781e-01,  7.66121961e-01,  8.50289685e-01],
        [ 4.18641277e-03,  0.00000000e+00, -3.06608050e-02, ...,
          6.39031273e-01,  7.63424660e-01,  8.48078862e-01],
        [ 3.48449809e-02,  3.06608050e-02,  0.00000000e+00, ...,
          6.15147129e-01,  7.43262015e-01,  8.31433894e-01],
        ...,
        [-6.42245781e-01, -6.39031273e-01, -6.15147129e-01, ...,
          0.00000000e+00, -1.74463246e-01, -3.13722423e-01],
        [-7.66121961e-01, -7.63424660e-01, -7.43262015e-01, ...,
          1.74463246e-01,  0.00000000e+00, -1.43255654e-01],
        [-8.50289685e-01, -8.48078862e-01, -8.31433894e-01, ...,
          3.13722423e-01,  1.43255654e-01,  0.00000000e+00]]]), 'num': array([ 7.91605386e-01,  6.11028574e-01,  2.02440373e-06,  7.16574654e-04,
