state_0,state_1,state_2,state_3,state_4,state_5,state_6,state_7,state_8,state_9,state_10,state_11,state_12,state_13,state_14,state_15,state_16,state_17,state_18,state_19,state_20,state_21,state_22,state_23,state_24,state_25,state_26,state_27,state_28,state_29,state_30,state_31,state_32,state_33,state_34,state_35,state_36,state_37,state_38,state_39,state_40,state_41,state_42,state_43,state_44,state_45,state_46,state_47,state_48,state_49,state_50,state_51,state_52,state_53,state_54,state_55,state_56,state_57,state_58,state_59,state_60,state_61,state_62,state_63,state_64,state_65,state_66,state_67,state_68,state_69,state_70,state_71,state_72,state_73,state_74,state_75,state_76,state_77,state_78,state_79,state_80,state_81,state_82,state_83,state_84,state_85,state_86,state_87,state_88,state_89,state_90,state_91,state_92,state_93,state_94,state_95,state_96,state_97,state_98,state_99,state_100,state_101,state_102,state_103,state_104,state_105,state_106,state_107,state_108,state_109,state_110,state_111,state_112,state_113,state_114,state_115,state_116,state_117,state_118,state_119,state_120,state_121,state_122,state_123,state_124,state_125,state_126,state_127,state_128,state_129,state_130,state_131,state_132,state_133,state_134,state_135,state_136,state_137,state_138,state_139,state_140,state_141,state_142,state_143,state_144,state_145,state_146,state_147,state_148,state_149,state_150,state_151,state_152,state_153,state_154,state_155,state_156,state_157,state_158,state_159,state_160,state_161,state_162,state_163,state_164,state_165,state_166,state_167,state_168,state_169,state_170,state_171,state_172,state_173,state_174,state_175,state_176,state_177,state_178,state_179,state_180,state_181,state_182,state_183,state_184,state_185,state_186,state_187,state_188,state_189,state_190,state_191,state_192,state_193,state_194,state_195,state_196,state_197,state_198,state_199,state_200,state_201,state_202,state_203,state_204,state_205,state_206,state_207,state_208,state_209,state_210,state_211,state_212,state_213,state_214,state_215,state_216,state_217,state_218,state_219,state_220,state_221,state_222,state_223,state_224,state_225,state_226,state_227,state_228,state_229,state_230,state_231,state_232,state_233,state_234,state_235,state_236,state_237,state_238,state_239,state_240,state_241,state_242,state_243,state_244,state_245,state_246,state_247,state_248,state_249,state_250,state_251,state_252,state_253,state_254,state_255,state_256,state_257,state_258,state_259,state_260,state_261,state_262,state_263,state_264,state_265,state_266,state_267,state_268,state_269,state_270,state_271,state_272,state_273,state_274,state_275,state_276,state_277,state_278,state_279,state_280,state_281,state_282,state_283,state_284,state_285,state_286,state_287
{'img': array([[[ 0.        , -0.65084989,  0.        , ..., -0.95181698,
         -0.93809193, -0.99986587],
        [ 0.65084989,  0.        ,  0.65084989, ..., -0.92221954,
         -0.48675989, -0.74844487],
        [ 0.        , -0.65084989,  0.        , ..., -0.95181698,
         -0.93809193, -0.99986587],
        ...,
        [ 0.95181698,  0.92221954,  0.95181698, ...,  0.        ,
          0.61737797,  0.32221456],
        [ 0.93809193,  0.48675989,  0.93809193, ..., -0.61737797,
          0.        , -0.33097569],
        [ 0.99986587,  0.74844487,  0.99986587, ..., -0.32221456,
          0.33097569,  0.        ]],

       [[ 0.        ,  0.66085673,  0.11576189, ...,  0.46929996,
          0.03610206,  0.63571881],
        [-0.66085673,  0.        , -0.56953308, ..., -0.23134686,
         -0.63333089, -0.03301435],
        [-0.11576189,  0.56953308,  0.        , ...,  0.3639226 ,
         -0.07982709,  0.54208586],
        ...,
        [-0.46929996,  0.23134686, -0.3639226 , ...,  0.        ,
         -0.43711451,  0.19910203],
        [-0.03610206,  0.63333089,  0.07982709, ...,  0.43711451,
          0.        ,  0.60743647],
        [-0.63571881,  0.03301435, -0.54208586, ..., -0.19910203,
         -0.60743647,  0.        ]],

       [[ 0.        ,  0.04439614,  0.13196224, ..., -0.53892494,
         -0.71877809, -0.9782832 ],
        [-0.04439614,  0.        ,  0.08782424, ..., -0.57579082,
         -0.74893533, -0.98652072],
        [-0.13196224, -0.08782424,  0.        , ..., -0.64537079,
         -0.80423756, -0.99708003],
        ...,
        [ 0.53892494,  0.57579082,  0.64537079, ...,  0.        ,
         -0.2307835 , -0.71235612],
        [ 0.71877809,  0.74893533,  0.80423756, ...,  0.2307835 ,
          0.        , -0.5311581 ],
        [ 0.9782832 ,  0.98652072,  0.99708003, ...,  0.71235612,
          0.5311581 ,  0.        ]],

       ...,

       [[ 0.        , -0.09874769,  0.25303247, ..., -0.61436432,
         -0.33468367, -0.35839761],
        [ 0.09874769,  0.        ,  0.34733   , ..., -0.53344747,
         -0.23999494, -0.26445816],
        [-0.25303247, -0.34733   ,  0.        , ..., -0.79401985,
         -0.56223255, -0.58295784],
        ...,
        [ 0.61436432,  0.53344747,  0.79401985, ...,  0.        ,
          0.31486132,  0.29076774],
        [ 0.33468367,  0.23999494,  0.56223255, ..., -0.31486132,
          0.        , -0.0252787 ],
        [ 0.35839761,  0.26445816,  0.58295784, ..., -0.29076774,
          0.0252787 ,  0.        ]],

       [[ 0.        , -0.51464946, -0.7771337 , ..., -0.99905152,
         -0.9992043 , -0.99615489],
        [ 0.51464946,  0.        , -0.34242777, ..., -0.83417769,
         -0.83619191, -0.80901567],
        [ 0.7771337 ,  0.34242777,  0.        , ..., -0.59489931,
         -0.59783918, -0.55883133],
        ...,
        [ 0.99905152,  0.83417769,  0.59489931, ...,  0.        ,
         -0.00366243,  0.04415015],
        [ 0.9992043 ,  0.83619191,  0.59783918, ...,  0.00366243,
          0.        ,  0.04780871],
        [ 0.99615489,  0.80901567,  0.55883133, ..., -0.04415015,
         -0.04780871,  0.        ]],

       [[ 0.        , -0.04386682,  0.11933548, ..., -0.13618443,
         -0.38531368, -0.75743411],
        [ 0.04386682,  0.        ,  0.16277396, ..., -0.0925952 ,
         -0.3444631 , -0.72806384],
        [-0.11933548, -0.16277396,  0.        , ..., -0.25343495,
         -0.4926813 , -0.829937  ],
        ...,
        [ 0.13618443,  0.0925952 ,  0.25343495, ...,  0.        ,
         -0.25605487, -0.66146108],
        [ 0.38531368,  0.3444631 ,  0.4926813 , ...,  0.25605487,
          0.        , -0.44737356],
        [ 0.75743411,  0.72806384,  0.829937  , ...,  0.66146108,
          0.44737356,  0.        ]]]), 'num': array([7.16656075e-01, 6.97423014e-01, 4.32689784e-07, 4.57930022e-04,
       4.59475342e-04, 4.40416388e-04, 1.89166823e-03, 2.06042754e-05,
       4.44022136e-04, 4.51980537e-04, 4.54350029e-04, 5.58549635e-07,
       4.68169897e-04, 4.35791178e-04])}
{'img': array([[[ 0.        ,  0.65084989,  0.65084989, ..., -0.48675989,
         -0.74844487,  0.49453892],
        [-0.65084989,  0.        ,  0.        , ..., -0.93809193,
         -0.99986587, -0.19023262],
        [-0.65084989,  0.        ,  0.        , ..., -0.93809193,
         -0.99986587, -0.19023262],
        ...,
        [ 0.48675989,  0.93809193,  0.93809193, ...,  0.        ,
         -0.33097569,  0.85506748],
        [ 0.74844487,  0.99986587,  0.99986587, ...,  0.33097569,
          0.        ,  0.9784917 ],
        [-0.49453892,  0.19023262,  0.19023262, ..., -0.85506748,
         -0.9784917 ,  0.        ]],

       [[ 0.        , -0.4974235 , -0.5242288 , ..., -0.55747251,
         -0.02738864,  0.99338567],
        [ 0.4974235 ,  0.        , -0.03117795, ..., -0.07065307,
          0.47347704,  0.8046529 ],
        [ 0.5242288 ,  0.03117795,  0.        , ..., -0.03951869,
          0.50070858,  0.78574995],
        ...,
        [ 0.55747251,  0.07065307,  0.03951869, ...,  0.        ,
          0.53452545,  0.76069209],
        [ 0.02738864, -0.47347704, -0.50070858, ..., -0.53452545,
          0.        ,  0.98986809],
        [-0.99338567, -0.8046529 , -0.78574995, ..., -0.76069209,
         -0.98986809,  0.        ]],

       [[ 0.        ,  0.08675712,  0.1865397 , ..., -0.73297988,
         -0.93596784, -0.98852167],
        [-0.08675712,  0.        ,  0.10060204, ..., -0.78923273,
         -0.96298469, -0.99790163],
        [-0.1865397 , -0.10060204,  0.        , ..., -0.84700789,
         -0.98521712, -0.99935283],
        ...,
        [ 0.73297988,  0.78923273,  0.84700789, ...,  0.        ,
         -0.37862082, -0.56170421],
        [ 0.93596784,  0.96298469,  0.98521712, ...,  0.37862082,
          0.        , -0.20663894],
        [ 0.98852167,  0.99790163,  0.99935283, ...,  0.56170421,
          0.20663894,  0.        ]],

       ...,

       [[ 0.        ,  0.34733   ,  0.33239073, ..., -0.23999494,
         -0.26445816,  0.52080942],
        [-0.34733   ,  0.        , -0.01588436, ..., -0.56223255,
         -0.58295784,  0.19187914],
        [-0.33239073,  0.01588436,  0.        , ..., -0.54902558,
         -0.56997821,  0.20744414],
        ...,
        [ 0.23999494,  0.56223255,  0.54902558, ...,  0.        ,
         -0.0252787 ,  0.71046551],
        [ 0.26445816,  0.58295784,  0.56997821, ...,  0.0252787 ,
          0.        ,  0.72802791],
        [-0.52080942, -0.19187914, -0.20744414, ..., -0.71046551,
         -0.72802791,  0.        ]],

       [[ 0.        , -0.34242777, -0.52094982, ..., -0.83619191,
         -0.80901567, -0.81251215],
        [ 0.34242777,  0.        , -0.19716336, ..., -0.59783918,
         -0.55883133, -0.56377474],
        [ 0.52094982,  0.19716336,  0.        , ..., -0.42805467,
         -0.38435794, -0.38986536],
        ...,
        [ 0.83619191,  0.59783918,  0.42805467, ...,  0.        ,
          0.04780871,  0.04184158],
        [ 0.80901567,  0.55883133,  0.38435794, ..., -0.04780871,
          0.        , -0.0059731 ],
        [ 0.81251215,  0.56377474,  0.38986536, ..., -0.04184158,
          0.0059731 ,  0.        ]],

       [[ 0.        ,  0.16277396,  0.2592564 , ..., -0.3444631 ,
         -0.72806384, -0.72523708],
        [-0.16277396,  0.        ,  0.09859031, ..., -0.4926813 ,
         -0.829937  , -0.82763462],
        [-0.2592564 , -0.09859031,  0.        , ..., -0.57607527,
         -0.88089295, -0.87893799],
        ...,
        [ 0.3444631 ,  0.4926813 ,  0.57607527, ...,  0.        ,
         -0.44737356, -0.44368989],
        [ 0.72806384,  0.829937  ,  0.88089295, ...,  0.44737356,
          0.        ,  0.0041146 ],
        [ 0.72523708,  0.82763462,  0.87893799, ...,  0.44368989,
         -0.0041146 ,  0.        ]]]), 'num': array([ 7.07101072e-01,  7.07101072e-01,  0.00000000e+00,  1.28089620e-03,
        1.30118189e-03,  1.26640643e-03,  1.77627267e-03, -7.24488803e-06,
        1.25307583e-03,  1.27097071e-03,  1.27840879e-03,  1.48389273e-06,
        1.31597097e-03,  1.22597045e-03])}
{'img': array([[[ 0.        ,  0.        , -0.36943889, ..., -0.99986587,
         -0.19023262, -0.3193303 ],
        [ 0.        ,  0.        , -0.36943889, ..., -0.99986587,
         -0.19023262, -0.3193303 ],
        [ 0.36943889,  0.36943889,  0.        , ..., -0.92307965,
          0.18591796,  0.05335707],
        ...,
        [ 0.99986587,  0.99986587,  0.92307965, ...,  0.        ,
          0.9784917 ,  0.94228632],
        [ 0.19023262,  0.19023262, -0.18591796, ..., -0.9784917 ,
          0.        , -0.13322632],
        [ 0.3193303 ,  0.3193303 , -0.05335707, ..., -0.94228632,
          0.13322632,  0.        ]],

       [[ 0.        , -0.03117795,  0.30732972, ...,  0.47347704,
          0.8046529 ,  0.20993249],
        [ 0.03117795,  0.        ,  0.33684934, ...,  0.50070858,
          0.78574995,  0.24031361],
        [-0.30732972, -0.33684934,  0.        , ...,  0.1798643 ,
          0.94818582, -0.10070874],
        ...,
        [-0.47347704, -0.50070858, -0.1798643 , ...,  0.        ,
          0.98986809, -0.27801619],
        [-0.8046529 , -0.78574995, -0.94818582, ..., -0.98986809,
          0.        , -0.91136839],
        [-0.20993249, -0.24031361,  0.10070874, ...,  0.27801619,
          0.91136839,  0.        ]],

       [[ 0.        ,  0.10060204,  0.        , ..., -0.96298469,
         -0.99790163, -0.86907449],
        [-0.10060204,  0.        , -0.10060204, ..., -0.98521712,
         -0.99935283, -0.9144314 ],
        [ 0.        ,  0.10060204,  0.        , ..., -0.96298469,
         -0.99790163, -0.86907449],
        ...,
        [ 0.96298469,  0.98521712,  0.96298469, ...,  0.        ,
         -0.20663894,  0.24210613],
        [ 0.99790163,  0.99935283,  0.99790163, ...,  0.20663894,
          0.        ,  0.43737221],
        [ 0.86907449,  0.9144314 ,  0.86907449, ..., -0.24210613,
         -0.43737221,  0.        ]],

       ...,

       [[ 0.        , -0.01588436, -0.18610931, ..., -0.58295784,
          0.19187914,  0.06589033],
        [ 0.01588436,  0.        , -0.17047899, ..., -0.56997821,
          0.20744414,  0.08173186],
        [ 0.18610931,  0.17047899,  0.        , ..., -0.42155875,
          0.37117796,  0.25044404],
        ...,
        [ 0.58295784,  0.56997821,  0.42155875, ...,  0.        ,
          0.72802791,  0.63522705],
        [-0.19187914, -0.20744414, -0.37117796, ..., -0.72802791,
          0.        , -0.12679616],
        [-0.06589033, -0.08173186, -0.25044404, ..., -0.63522705,
          0.12679616,  0.        ]],

       [[ 0.        , -0.19716336, -0.3268137 , ..., -0.55883133,
         -0.56377474, -0.58979875],
        [ 0.19716336,  0.        , -0.13406168, ..., -0.38435794,
         -0.38986536, -0.41900207],
        [ 0.3268137 ,  0.13406168,  0.        , ..., -0.25712472,
         -0.26289241, -0.2934937 ],
        ...,
        [ 0.55883133,  0.38435794,  0.25712472, ...,  0.        ,
         -0.0059731 , -0.03782471],
        [ 0.56377474,  0.38986536,  0.26289241, ...,  0.0059731 ,
          0.        , -0.03185521],
        [ 0.58979875,  0.41900207,  0.2934937 , ...,  0.03782471,
          0.03185521,  0.        ]],

       [[ 0.        ,  0.09859031,  0.10509935, ..., -0.829937  ,
         -0.82763462, -0.82135767],
        [-0.09859031,  0.        ,  0.00654302, ..., -0.88089295,
         -0.87893799, -0.87359335],
        [-0.10509935, -0.00654302,  0.        , ..., -0.883971  ,
         -0.88203978, -0.87675885],
        ...,
        [ 0.829937  ,  0.88089295,  0.883971  , ...,  0.        ,
          0.0041146 ,  0.01520706],
        [ 0.82763462,  0.87893799,  0.88203978, ..., -0.0041146 ,
          0.        ,  0.01109281],
        [ 0.82135767,  0.87359335,  0.87675885, ..., -0.01520706,
         -0.01109281,  0.        ]]]), 'num': array([ 7.07101514e-01,  7.07101514e-01,  0.00000000e+00,  1.26785620e-03,
        1.28089701e-03,  1.25916233e-03,  1.41655037e-03, -1.30408066e-05,
        1.26119090e-03,  1.26887048e-03,  1.27790245e-03,  1.34548005e-06,
        1.31018137e-03,  1.22755960e-03])}
{'img': array([[[ 0.        , -0.36943889, -0.71540746, ..., -0.19023262,
         -0.3193303 , -0.53778988],
        [ 0.36943889,  0.        , -0.40666626, ...,  0.18591796,
          0.05335707, -0.18827781],
        [ 0.71540746,  0.40666626,  0.        , ...,  0.56942648,
          0.45483274,  0.22738713],
        ...,
        [ 0.19023262, -0.18591796, -0.56942648, ...,  0.        ,
         -0.13322632, -0.3675882 ],
        [ 0.3193303 , -0.05335707, -0.45483274, ...,  0.13322632,
          0.        , -0.24041243],
        [ 0.53778988,  0.18827781, -0.22738713, ...,  0.3675882 ,
          0.24041243,  0.        ]],

       [[ 0.        ,  0.33684934,  0.26452315, ...,  0.78574995,
          0.24031361,  0.07864435],
        [-0.33684934,  0.        , -0.07578651, ...,  0.94818582,
         -0.10070874, -0.26175777],
        [-0.26452315,  0.07578651,  0.        , ...,  0.92138029,
         -0.0250179 , -0.18786087],
        ...,
        [-0.78574995, -0.94818582, -0.92138029, ...,  0.        ,
         -0.91136839, -0.83196129],
        [-0.24031361,  0.10070874,  0.0250179 , ...,  0.91136839,
          0.        , -0.1632296 ],
        [-0.07864435,  0.26175777,  0.18786087, ...,  0.83196129,
          0.1632296 ,  0.        ]],

       [[ 0.        , -0.10060204, -0.3078053 , ..., -0.99935283,
         -0.9144314 , -0.72315456],
        [ 0.10060204,  0.        , -0.21052597, ..., -0.99790163,
         -0.86907449, -0.65000137],
        [ 0.3078053 ,  0.21052597,  0.        , ..., -0.96190575,
         -0.74545377, -0.47544807],
        ...,
        [ 0.99935283,  0.99790163,  0.96190575, ...,  0.        ,
          0.43737221,  0.716252  ],
        [ 0.9144314 ,  0.86907449,  0.74545377, ..., -0.43737221,
          0.        ,  0.33889493],
        [ 0.72315456,  0.65000137,  0.47544807, ..., -0.716252  ,
         -0.33889493,  0.        ]],

       ...,

       [[ 0.        , -0.17047899, -0.34675192, ...,  0.20744414,
          0.08173186, -0.11696286],
        [ 0.17047899,  0.        , -0.18177398, ...,  0.37117796,
          0.25044404,  0.05405819],
        [ 0.34675192,  0.18177398,  0.        , ...,  0.53378263,
          0.42225277,  0.23466579],
        ...,
        [-0.20744414, -0.37117796, -0.53378263, ...,  0.        ,
         -0.12679616, -0.32043886],
        [-0.08173186, -0.25044404, -0.42225277, ...,  0.12679616,
          0.        , -0.19774243],
        [ 0.11696286, -0.05405819, -0.23466579, ...,  0.32043886,
          0.19774243,  0.        ]],

       [[ 0.        , -0.13406168, -0.20119313, ..., -0.38986536,
         -0.41900207, -0.58626332],
        [ 0.13406168,  0.        , -0.06805663, ..., -0.26289241,
         -0.2934937 , -0.47236499],
        [ 0.20119313,  0.06805663,  0.        , ..., -0.19662014,
         -0.22775374, -0.41128447],
        ...,
        [ 0.38986536,  0.26289241,  0.19662014, ...,  0.        ,
         -0.03185521, -0.22403545],
        [ 0.41900207,  0.2934937 ,  0.22775374, ...,  0.03185521,
          0.        , -0.19287627],
        [ 0.58626332,  0.47236499,  0.41128447, ...,  0.22403545,
          0.19287627,  0.        ]],

       [[ 0.        ,  0.00654302, -0.1225847 , ..., -0.87893799,
         -0.87359335, -0.79578682],
        [-0.00654302,  0.        , -0.12907575, ..., -0.88203978,
         -0.87675885, -0.79973209],
        [ 0.1225847 ,  0.12907575,  0.        , ..., -0.81384402,
         -0.8073481 , -0.71555059],
        ...,
        [ 0.87893799,  0.88203978,  0.81384402, ...,  0.        ,
          0.01109281,  0.15272506],
        [ 0.87359335,  0.87675885,  0.8073481 , ..., -0.01109281,
          0.        ,  0.14175299],
        [ 0.79578682,  0.79973209,  0.71555059, ..., -0.15272506,
         -0.14175299,  0.        ]]]), 'num': array([7.07101863e-01, 7.07101863e-01, 0.00000000e+00, 1.27220376e-03,
       1.27510172e-03, 1.25626499e-03, 1.01379281e-03, 4.34693769e-06,
       1.26785682e-03, 1.26713234e-03, 1.27746839e-03, 1.55453401e-06,
       1.30463263e-03, 1.22963204e-03])}
{'img': array([[[ 0.        , -0.40666626, -0.35170847, ...,  0.05335707,
         -0.18827781, -0.10729017],
        [ 0.40666626,  0.        ,  0.05937148, ...,  0.45483274,
          0.22738713,  0.30630107],
        [ 0.35170847, -0.05937148,  0.        , ...,  0.40115553,
          0.16916979,  0.24924297],
        ...,
        [-0.05335707, -0.45483274, -0.40115553, ...,  0.        ,
         -0.24041243, -0.16018642],
        [ 0.18827781, -0.22738713, -0.16916979, ...,  0.24041243,
          0.        ,  0.08181965],
        [ 0.10729017, -0.30630107, -0.24924297, ...,  0.16018642,
         -0.08181965,  0.        ]],

       [[ 0.        , -0.07578651,  0.51953272, ..., -0.10070874,
         -0.26175777, -0.45609979],
        [ 0.07578651,  0.        ,  0.58279441, ..., -0.0250179 ,
         -0.18786087, -0.38734349],
        [-0.51953272, -0.58279441,  0.        , ..., -0.60294203,
         -0.72507756, -0.85206177],
        ...,
        [ 0.10070874,  0.0250179 ,  0.60294203, ...,  0.        ,
         -0.1632296 , -0.36415736],
        [ 0.26175777,  0.18786087,  0.72507756, ...,  0.1632296 ,
          0.        , -0.20725149],
        [ 0.45609979,  0.38734349,  0.85206177, ...,  0.36415736,
          0.20725149,  0.        ]],

       [[ 0.        , -0.21052597, -0.2178394 , ..., -0.86907449,
         -0.65000137, -0.47644704],
        [ 0.21052597,  0.        , -0.00748712, ..., -0.74545377,
         -0.47544807, -0.28067393],
        [ 0.2178394 ,  0.00748712,  0.        , ..., -0.74044228,
         -0.46884799, -0.2734799 ],
        ...,
        [ 0.86907449,  0.74545377,  0.74044228, ...,  0.        ,
          0.33889493,  0.52840364],
        [ 0.65000137,  0.47544807,  0.46884799, ..., -0.33889493,
          0.        ,  0.20941542],
        [ 0.47644704,  0.28067393,  0.2734799 , ..., -0.52840364,
         -0.20941542,  0.        ]],

       ...,

       [[ 0.        , -0.18177398, -0.0569856 , ...,  0.25044404,
          0.05405819,  0.34834267],
        [ 0.18177398,  0.        ,  0.12544236, ...,  0.42225277,
          0.23466579,  0.51292838],
        [ 0.0569856 , -0.12544236,  0.        , ...,  0.3052066 ,
          0.11087262,  0.40119305],
        ...,
        [-0.25044404, -0.42225277, -0.3052066 , ...,  0.        ,
         -0.19774243,  0.10248332],
        [-0.05405819, -0.23466579, -0.11087262, ...,  0.19774243,
          0.        ,  0.29716094],
        [-0.34834267, -0.51292838, -0.40119305, ..., -0.10248332,
         -0.29716094,  0.        ]],

       [[ 0.        , -0.06805663, -0.2347413 , ..., -0.2934937 ,
         -0.47236499, -0.63836353],
        [ 0.06805663,  0.        , -0.16804206, ..., -0.22775374,
         -0.41128447, -0.58449789],
        [ 0.2347413 ,  0.16804206,  0.        , ..., -0.06088933,
         -0.25226441, -0.4398377 ],
        ...,
        [ 0.2934937 ,  0.22775374,  0.06088933, ...,  0.        ,
         -0.19287627, -0.38433827],
        [ 0.47236499,  0.41128447,  0.25226441, ...,  0.19287627,
          0.        , -0.19905969],
        [ 0.63836353,  0.58449789,  0.4398377 , ...,  0.38433827,
          0.19905969,  0.        ]],

       [[ 0.        , -0.12907575, -0.15935539, ..., -0.87675885,
         -0.79973209, -0.70375822],
        [ 0.12907575,  0.        , -0.03059602, ..., -0.8073481 ,
         -0.71555059, -0.60617058],
        [ 0.15935539,  0.03059602,  0.        , ..., -0.78891617,
         -0.69384241, -0.58155272],
        ...,
        [ 0.87675885,  0.8073481 ,  0.78891617, ...,  0.        ,
          0.14175299,  0.28442555],
        [ 0.79973209,  0.71555059,  0.69384241, ..., -0.14175299,
          0.        ,  0.14565511],
        [ 0.70375822,  0.60617058,  0.58155272, ..., -0.28442555,
         -0.14565511,  0.        ]]]), 'num': array([7.07101212e-01, 7.07101212e-01, 0.00000000e+00, 1.28379441e-03,
       1.28814135e-03, 1.27220259e-03, 1.65629765e-03, 1.15918232e-05,
       1.27857809e-03, 1.26655158e-03, 1.27756381e-03, 1.59759101e-06,
       1.30261803e-03, 1.23048512e-03])}
{'img': array([[[ 0.        ,  0.05937148,  0.33190324, ...,  0.22738713,
          0.30630107,  0.50167051],
        [-0.05937148,  0.        ,  0.27531183, ...,  0.16916979,
          0.24924297,  0.44942573],
        [-0.33190324, -0.27531183,  0.        , ..., -0.10871152,
         -0.0270123 ,  0.18611673],
        ...,
        [-0.22738713, -0.16916979,  0.10871152, ...,  0.        ,
          0.08181965,  0.29182575],
        [-0.30630107, -0.24924297,  0.0270123 , ..., -0.08181965,
          0.        ,  0.21258914],
        [-0.50167051, -0.44942573, -0.18611673, ..., -0.29182575,
         -0.21258914,  0.        ]],

       [[ 0.        ,  0.58279441, -0.25159407, ..., -0.18786087,
         -0.38734349, -0.07802254],
        [-0.58279441,  0.        , -0.76849785, ..., -0.72507756,
         -0.85206177, -0.64442047],
        [ 0.25159407,  0.76849785,  0.        , ...,  0.06529668,
         -0.14293026,  0.17531433],
        ...,
        [ 0.18786087,  0.72507756, -0.06529668, ...,  0.        ,
         -0.20725149,  0.11065479],
        [ 0.38734349,  0.85206177,  0.14293026, ...,  0.20725149,
          0.        ,  0.31423096],
        [ 0.07802254,  0.64442047, -0.17531433, ..., -0.11065479,
         -0.31423096,  0.        ]],

       [[ 0.        , -0.00748712, -0.1373171 , ..., -0.47544807,
         -0.28067393,  0.00747123],
        [ 0.00748712,  0.        , -0.12989705, ..., -0.46884799,
         -0.2734799 ,  0.01495793],
        [ 0.1373171 ,  0.12989705,  0.        , ..., -0.35014035,
         -0.14621776,  0.14471372],
        ...,
        [ 0.47544807,  0.46884799,  0.35014035, ...,  0.        ,
          0.20941542,  0.48200756],
        [ 0.28067393,  0.2734799 ,  0.14621776, ..., -0.20941542,
          0.        ,  0.287837  ],
        [-0.00747123, -0.01495793, -0.14471372, ..., -0.48200756,
         -0.287837  ,  0.        ]],

       ...,

       [[ 0.        ,  0.12544236,  0.41422379, ...,  0.23466579,
          0.51292838,  0.56644721],
        [-0.12544236,  0.        ,  0.29677729, ...,  0.11087262,
          0.40119305,  0.45859599],
        [-0.41422379, -0.29677729,  0.        , ..., -0.1890701 ,
          0.11127191,  0.17420512],
        ...,
        [-0.23466579, -0.11087262,  0.1890701 , ...,  0.        ,
          0.29716094,  0.35724219],
        [-0.51292838, -0.40119305, -0.11127191, ..., -0.29716094,
          0.        ,  0.06355281],
        [-0.56644721, -0.45859599, -0.17420512, ..., -0.35724219,
         -0.06355281,  0.        ]],

       [[ 0.        , -0.16804206, -0.19894148, ..., -0.41128447,
         -0.58449789, -0.64653651],
        [ 0.16804206,  0.        , -0.03142936, ..., -0.25226441,
         -0.4398377 , -0.5091462 ],
        [ 0.19894148,  0.03142936,  0.        , ..., -0.2217269 ,
         -0.41139442, -0.48184405],
        ...,
        [ 0.41128447,  0.25226441,  0.2217269 , ...,  0.        ,
         -0.19905969, -0.27556063],
        [ 0.58449789,  0.4398377 ,  0.41139442, ...,  0.19905969,
          0.        , -0.0786931 ],
        [ 0.64653651,  0.5091462 ,  0.48184405, ...,  0.27556063,
          0.0786931 ,  0.        ]],

       [[ 0.        , -0.03059602, -0.05725513, ..., -0.71555059,
         -0.60617058, -0.56312511],
        [ 0.03059602,  0.        , -0.0266825 , ..., -0.69384241,
         -0.58155272, -0.53757779],
        [ 0.05725513,  0.0266825 ,  0.        , ..., -0.67438059,
         -0.55963922, -0.51488733],
        ...,
        [ 0.71555059,  0.69384241,  0.67438059, ...,  0.        ,
          0.14565511,  0.19793353],
        [ 0.60617058,  0.58155272,  0.55963922, ..., -0.14565511,
          0.        ,  0.05304927],
        [ 0.56312511,  0.53757779,  0.51488733, ..., -0.19793353,
         -0.05304927,  0.        ]]]), 'num': array([7.07099409e-01, 7.07099409e-01, 0.00000000e+00, 1.29393396e-03,
       1.30407678e-03, 1.27654627e-03, 2.78521821e-03, 1.01428194e-05,
       1.27973401e-03, 1.26676569e-03, 1.27818844e-03, 1.64574847e-06,
       1.30343219e-03, 1.23009920e-03])}
{'img': array([[[ 0.        ,  0.27531183, -0.15167882, ...,  0.24924297,
          0.44942573,  0.60897334],
        [-0.27531183,  0.        , -0.41794362, ..., -0.0270123 ,
          0.18611673,  0.36706477],
        [ 0.15167882,  0.41794362,  0.        , ...,  0.39325117,
          0.57972317,  0.72223765],
        ...,
        [-0.24924297,  0.0270123 , -0.39325117, ...,  0.        ,
          0.21258914,  0.39205754],
        [-0.44942573, -0.18611673, -0.57972317, ..., -0.21258914,
          0.        ,  0.18752637],
        [-0.60897334, -0.36706477, -0.72223765, ..., -0.39205754,
         -0.18752637,  0.        ]],

       [[ 0.        , -0.76849785, -0.98935415, ..., -0.85206177,
         -0.64442047, -0.23071279],
        [ 0.76849785,  0.        , -0.52120272, ..., -0.14293026,
          0.17531433,  0.60014312],
        [ 0.98935415,  0.52120272,  0.        , ...,  0.39387002,
          0.66274961,  0.9290881 ],
        ...,
        [ 0.85206177,  0.14293026, -0.39387002, ...,  0.        ,
          0.31423096,  0.70831017],
        [ 0.64442047, -0.17531433, -0.66274961, ..., -0.31423096,
          0.        ,  0.45061577],
        [ 0.23071279, -0.60014312, -0.9290881 , ..., -0.70831017,
         -0.45061577,  0.        ]],

       [[ 0.        , -0.12989705, -0.39047679, ..., -0.2734799 ,
          0.01495793,  0.04467998],
        [ 0.12989705,  0.        , -0.26758359, ..., -0.14621776,
          0.14471372,  0.17406876],
        [ 0.39047679,  0.26758359,  0.        , ...,  0.12382184,
          0.40420357,  0.4312198 ],
        ...,
        [ 0.2734799 ,  0.14621776, -0.12382184, ...,  0.        ,
          0.287837  ,  0.31618346],
        [-0.01495793, -0.14471372, -0.40420357, ..., -0.287837  ,
          0.        ,  0.02973199],
        [-0.04467998, -0.17406876, -0.4312198 , ..., -0.31618346,
         -0.02973199,  0.        ]],

       ...,

       [[ 0.        ,  0.29677729,  0.2310753 , ...,  0.40119305,
          0.45859599,  0.52175321],
        [-0.29677729,  0.        , -0.06808067, ...,  0.11127191,
          0.17420512,  0.24506686],
        [-0.2310753 ,  0.06808067,  0.        , ...,  0.17867163,
          0.24084061,  0.31050289],
        ...,
        [-0.40119305, -0.11127191, -0.17867163, ...,  0.        ,
          0.06355281,  0.13566619],
        [-0.45859599, -0.17420512, -0.24084061, ..., -0.06355281,
          0.        ,  0.07242669],
        [-0.52175321, -0.24506686, -0.31050289, ..., -0.13566619,
         -0.07242669,  0.        ]],

       [[ 0.        , -0.03142936, -0.09141411, ..., -0.4398377 ,
         -0.5091462 , -0.48091233],
        [ 0.03142936,  0.        , -0.06007118, ..., -0.41139442,
         -0.48184405, -0.45311847],
        [ 0.09141411,  0.06007118,  0.        , ..., -0.35589915,
         -0.42833609, -0.39874971],
        ...,
        [ 0.4398377 ,  0.41139442,  0.35589915, ...,  0.        ,
         -0.0786931 , -0.04626051],
        [ 0.5091462 ,  0.48184405,  0.42833609, ...,  0.0786931 ,
          0.        ,  0.0324918 ],
        [ 0.48091233,  0.45311847,  0.39874971, ...,  0.04626051,
         -0.0324918 ,  0.        ]],

       [[ 0.        , -0.0266825 , -0.15445481, ..., -0.58155272,
         -0.53757779, -0.5571488 ],
        [ 0.0266825 ,  0.        , -0.12803751, ..., -0.55963922,
         -0.51488733, -0.53479295],
        [ 0.15445481,  0.12803751,  0.        , ..., -0.44892367,
         -0.4008883 , -0.42220171],
        ...,
        [ 0.58155272,  0.55963922,  0.44892367, ...,  0.        ,
          0.05304927,  0.02968334],
        [ 0.53757779,  0.51488733,  0.4008883 , ..., -0.05304927,
          0.        , -0.02338435],
        [ 0.5571488 ,  0.53479295,  0.42220171, ..., -0.02968334,
          0.02338435,  0.        ]]]), 'num': array([7.07100988e-01, 7.07100988e-01, 0.00000000e+00, 1.30552867e-03,
       1.30552867e-03, 1.28669196e-03, 1.78989284e-03, 1.15918195e-05,
       1.28466339e-03, 1.26865219e-03, 1.27896408e-03, 1.69761853e-06,
       1.30903137e-03, 1.22827301e-03])}
{'img': array([[[ 0.        , -0.41794362, -0.59525125, ...,  0.18611673,
          0.36706477,  0.56694817],
        [ 0.41794362,  0.        , -0.2049354 , ...,  0.57972317,
          0.72223765,  0.85933959],
        [ 0.59525125,  0.2049354 ,  0.        , ...,  0.73440297,
          0.84865106,  0.94590561],
        ...,
        [-0.18611673, -0.57972317, -0.73440297, ...,  0.        ,
          0.18752637,  0.40372795],
        [-0.36706477, -0.72223765, -0.84865106, ..., -0.18752637,
          0.        ,  0.22500169],
        [-0.56694817, -0.85933959, -0.94590561, ..., -0.40372795,
         -0.22500169,  0.        ]],

       [[ 0.        , -0.52120272, -0.39715743, ...,  0.17531433,
          0.60014312,  0.23308573],
        [ 0.52120272,  0.        ,  0.13938683, ...,  0.66274961,
          0.9290881 ,  0.70576984],
        [ 0.39715743, -0.13938683,  0.        , ...,  0.55190128,
          0.86846495,  0.60013275],
        ...,
        [-0.17531433, -0.66274961, -0.55190128, ...,  0.        ,
          0.45061577,  0.05899031],
        [-0.60014312, -0.9290881 , -0.86846495, ..., -0.45061577,
          0.        , -0.39716933],
        [-0.23308573, -0.70576984, -0.60013275, ..., -0.05899031,
          0.39716933,  0.        ]],

       [[ 0.        , -0.26758359, -0.49886701, ...,  0.14471372,
          0.17406876,  0.29484681],
        [ 0.26758359,  0.        , -0.24876669, ...,  0.40420357,
          0.4312198 ,  0.53978315],
        [ 0.49886701,  0.24876669,  0.        , ...,  0.61903599,
          0.64211271,  0.73222705],
        ...,
        [-0.14471372, -0.40420357, -0.61903599, ...,  0.        ,
          0.02973199,  0.15346272],
        [-0.17406876, -0.4312198 , -0.64211271, ..., -0.02973199,
          0.        ,  0.12401508],
        [-0.29484681, -0.53978315, -0.73222705, ..., -0.15346272,
         -0.12401508,  0.        ]],

       ...,

       [[ 0.        , -0.06808067, -0.05484969, ...,  0.17420512,
          0.24506686,  0.32197389],
        [ 0.06808067,  0.        ,  0.01325576, ...,  0.24084061,
          0.31050289,  0.38568213],
        [ 0.05484969, -0.01325576,  0.        , ...,  0.22795388,
          0.29787505,  0.37341806],
        ...,
        [-0.17420512, -0.24084061, -0.22795388, ...,  0.        ,
          0.07242669,  0.15212227],
        [-0.24506686, -0.31050289, -0.29787505, ..., -0.07242669,
          0.        ,  0.08013898],
        [-0.32197389, -0.38568213, -0.37341806, ..., -0.15212227,
         -0.08013898,  0.        ]],

       [[ 0.        , -0.06007118, -0.12425853, ..., -0.48184405,
         -0.45311847, -0.26052023],
        [ 0.06007118,  0.        , -0.06442851, ..., -0.42833609,
         -0.39874971, -0.20205293],
        [ 0.12425853,  0.06442851,  0.        , ..., -0.36922729,
         -0.33883644, -0.13853349],
        ...,
        [ 0.48184405,  0.42833609,  0.36922729, ...,  0.        ,
          0.0324918 ,  0.23692252],
        [ 0.45311847,  0.39874971,  0.33883644, ..., -0.0324918 ,
          0.        ,  0.20523072],
        [ 0.26052023,  0.20205293,  0.13853349, ..., -0.23692252,
         -0.20523072,  0.        ]],

       [[ 0.        , -0.12803751, -0.30365667, ..., -0.51488733,
         -0.53479295, -0.63361623],
        [ 0.12803751,  0.        , -0.17916559, ..., -0.4008883 ,
         -0.42220171, -0.52934524],
        [ 0.30365667,  0.17916559,  0.        , ..., -0.23026307,
         -0.25295608, -0.36877461],
        ...,
        [ 0.51488733,  0.4008883 ,  0.23026307, ...,  0.        ,
         -0.02338435, -0.14483119],
        [ 0.53479295,  0.42220171,  0.25295608, ...,  0.02338435,
          0.        , -0.12165379],
        [ 0.63361623,  0.52934524,  0.36877461, ...,  0.14483119,
          0.12165379,  0.        ]]]), 'num': array([7.07101135e-01, 7.07101135e-01, 0.00000000e+00, 1.31277383e-03,
       1.31277383e-03, 1.29828405e-03, 1.63725790e-03, 7.24488867e-06,
       1.29364732e-03, 1.27053613e-03, 1.27961639e-03, 1.71165791e-06,
       1.31522740e-03, 1.22584485e-03])}
{'img': array([[[ 0.00000000e+00, -2.04935405e-01, -6.50768576e-02, ...,
          7.22237647e-01,  8.59339589e-01,  9.27976992e-01],
        [ 2.04935405e-01,  0.00000000e+00,  1.40805360e-01, ...,
          8.48651059e-01,  9.45905606e-01,  9.84647761e-01],
        [ 6.50768576e-02, -1.40805360e-01,  0.00000000e+00, ...,
          7.65716769e-01,  8.90798664e-01,  9.50259995e-01],
        ...,
        [-7.22237647e-01, -8.48651059e-01, -7.65716769e-01, ...,
          0.00000000e+00,  2.25001691e-01,  3.72697804e-01],
        [-8.59339589e-01, -9.45905606e-01, -8.90798664e-01, ...,
         -2.25001691e-01,  0.00000000e+00,  1.54350283e-01],
        [-9.27976992e-01, -9.84647761e-01, -9.50259995e-01, ...,
         -3.72697804e-01, -1.54350283e-01,  0.00000000e+00]],

       [[ 0.00000000e+00,  1.39386828e-01,  2.75583472e-01, ...,
          9.29088104e-01,  7.05769839e-01,  6.56319514e-01],
        [-1.39386828e-01,  0.00000000e+00,  1.38903856e-01, ...,
          8.68464953e-01,  6.00132747e-01,  5.44747526e-01],
        [-2.75583472e-01, -1.38903856e-01,  0.00000000e+00, ...,
          7.91184276e-01,  4.83205730e-01,  4.22981886e-01],
        ...,
        [-9.29088104e-01, -8.68464953e-01, -7.91184276e-01, ...,
          0.00000000e+00, -3.97169332e-01, -4.58235903e-01],
        [-7.05769839e-01, -6.00132747e-01, -4.83205730e-01, ...,
          3.97169332e-01,  0.00000000e+00, -6.75276072e-02],
        [-6.56319514e-01, -5.44747526e-01, -4.22981886e-01, ...,
          4.58235903e-01,  6.75276072e-02,  0.00000000e+00]],

       [[ 0.00000000e+00, -2.48766692e-01, -3.09750086e-01, ...,
          4.31219803e-01,  5.39783154e-01,  7.12929736e-01],
        [ 2.48766692e-01,  0.00000000e+00, -6.34807576e-02, ...,
          6.42112713e-01,  7.32227049e-01,  8.64961705e-01],
        [ 3.09750086e-01,  6.34807576e-02,  0.00000000e+00, ...,
          6.89482611e-01,  7.73984436e-01,  8.95074180e-01],
        ...,
        [-4.31219803e-01, -6.42112713e-01, -6.89482611e-01, ...,
          0.00000000e+00,  1.24015082e-01,  3.40852027e-01],
        [-5.39783154e-01, -7.32227049e-01, -7.73984436e-01, ...,
         -1.24015082e-01,  0.00000000e+00,  2.21632081e-01],
        [-7.12929736e-01, -8.64961705e-01, -8.95074180e-01, ...,
         -3.40852027e-01, -2.21632081e-01,  0.00000000e+00]],

       ...,

       [[ 0.00000000e+00,  1.32557555e-02, -3.46482879e-04, ...,
          3.10502891e-01,  3.85682128e-01,  4.06061602e-01],
        [-1.32557555e-02,  0.00000000e+00, -1.36022072e-02, ...,
          2.97875054e-01,  3.73418061e-01,  3.93912210e-01],
        [ 3.46482879e-04,  1.36022072e-02,  0.00000000e+00, ...,
          3.10832229e-01,  3.86001781e-01,  4.06378210e-01],
        ...,
        [-3.10502891e-01, -2.97875054e-01, -3.10832229e-01, ...,
          0.00000000e+00,  8.01389829e-02,  1.02239233e-01],
        [-3.85682128e-01, -3.73418061e-01, -3.86001781e-01, ...,
         -8.01389829e-02,  0.00000000e+00,  2.21913586e-02],
        [-4.06061602e-01, -3.93912210e-01, -4.06378210e-01, ...,
         -1.02239233e-01, -2.21913586e-02,  0.00000000e+00]],

       [[ 0.00000000e+00, -6.44285073e-02, -1.55424976e-01, ...,
         -3.98749709e-01, -2.02052933e-01,  6.18981904e-03],
        [ 6.44285073e-02,  0.00000000e+00, -9.14565009e-02, ...,
         -3.38836443e-01, -1.38533489e-01,  7.06042317e-02],
        [ 1.55424976e-01,  9.14565009e-02,  0.00000000e+00, ...,
         -2.51369986e-01, -4.73782509e-02,  1.61536597e-01],
        ...,
        [ 3.98749709e-01,  3.38836443e-01,  2.51369986e-01, ...,
          0.00000000e+00,  2.05230716e-01,  4.04418505e-01],
        [ 2.02052933e-01,  1.38533489e-01,  4.73782509e-02, ...,
         -2.05230716e-01,  0.00000000e+00,  2.08111214e-01],
        [-6.18981904e-03, -7.06042317e-02, -1.61536597e-01, ...,
         -4.04418505e-01, -2.08111214e-01,  0.00000000e+00]],

       [[ 0.00000000e+00, -1.79165592e-01, -2.90339676e-01, ...,
         -4.22201710e-01, -5.29345239e-01, -6.94168655e-01],
        [ 1.79165592e-01,  0.00000000e+00, -1.14193878e-01, ...,
         -2.52956084e-01, -3.68774611e-01, -5.53970651e-01],
        [ 2.90339676e-01,  1.14193878e-01,  0.00000000e+00, ...,
         -1.40821330e-01, -2.60216904e-01, -4.55276306e-01],
        ...,
        [ 4.22201710e-01,  2.52956084e-01,  1.40821330e-01, ...,
          0.00000000e+00, -1.21653789e-01, -3.25359190e-01],
        [ 5.29345239e-01,  3.68774611e-01,  2.60216904e-01, ...,
          1.21653789e-01,  0.00000000e+00, -2.07907949e-01],
        [ 6.94168655e-01,  5.53970651e-01,  4.55276306e-01, ...,
          3.25359190e-01,  2.07907949e-01,  0.00000000e+00]]]), 'num': array([ 7.07101242e-01,  7.07101242e-01,  0.00000000e+00,  1.31132505e-03,
        1.32001892e-03,  1.29973323e-03,  1.52473052e-03, -1.44897795e-06,
