state_0,state_1,state_2,state_3,state_4,state_5,state_6,state_7,state_8,state_9,state_10,state_11,state_12,state_13,state_14,state_15,state_16,state_17,state_18,state_19,state_20,state_21,state_22,state_23,state_24,state_25,state_26,state_27,state_28,state_29,state_30,state_31,state_32,state_33,state_34,state_35,state_36,state_37,state_38,state_39,state_40,state_41,state_42,state_43,state_44,state_45,state_46,state_47,state_48,state_49,state_50,state_51,state_52,state_53,state_54,state_55,state_56,state_57,state_58,state_59,state_60,state_61,state_62,state_63,state_64,state_65,state_66,state_67,state_68,state_69,state_70,state_71,state_72,state_73,state_74,state_75,state_76,state_77,state_78,state_79,state_80,state_81,state_82,state_83,state_84,state_85,state_86,state_87,state_88,state_89,state_90,state_91,state_92,state_93,state_94,state_95,state_96,state_97,state_98,state_99,state_100,state_101,state_102,state_103,state_104,state_105,state_106,state_107,state_108,state_109,state_110,state_111,state_112,state_113,state_114,state_115,state_116,state_117,state_118,state_119,state_120,state_121,state_122,state_123,state_124,state_125,state_126,state_127,state_128,state_129,state_130,state_131,state_132,state_133,state_134,state_135,state_136,state_137,state_138,state_139,state_140,state_141,state_142,state_143,state_144,state_145,state_146,state_147,state_148,state_149,state_150,state_151,state_152,state_153,state_154,state_155,state_156,state_157,state_158,state_159,state_160,state_161,state_162,state_163,state_164,state_165,state_166,state_167,state_168,state_169,state_170,state_171,state_172,state_173,state_174,state_175,state_176,state_177,state_178,state_179,state_180,state_181,state_182,state_183,state_184,state_185,state_186,state_187,state_188,state_189,state_190,state_191,state_192,state_193,state_194,state_195,state_196,state_197,state_198,state_199,state_200,state_201,state_202,state_203,state_204,state_205,state_206,state_207,state_208,state_209,state_210,state_211,state_212,state_213,state_214,state_215,state_216,state_217,state_218,state_219,state_220,state_221,state_222,state_223,state_224,state_225,state_226,state_227,state_228,state_229,state_230,state_231,state_232,state_233,state_234,state_235,state_236,state_237,state_238,state_239,state_240,state_241,state_242,state_243,state_244,state_245,state_246,state_247,state_248,state_249,state_250,state_251,state_252,state_253,state_254,state_255,state_256,state_257,state_258,state_259,state_260,state_261,state_262,state_263,state_264,state_265,state_266,state_267,state_268,state_269,state_270,state_271,state_272,state_273,state_274,state_275,state_276,state_277,state_278,state_279,state_280,state_281,state_282,state_283,state_284,state_285,state_286,state_287
{'img': array([[[ 0.        , -0.15430058,  0.        , ...,  0.98296124,
          0.9730144 ,  0.85681291],
        [ 0.15430058,  0.        ,  0.15430058, ...,  0.99955169,
          0.99696553,  0.92611329],
        [ 0.        , -0.15430058,  0.        , ...,  0.98296124,
          0.9730144 ,  0.85681291],
        ...,
        [-0.98296124, -0.99955169, -0.98296124, ...,  0.        ,
         -0.04796015, -0.34934844],
        [-0.9730144 , -0.99696553, -0.9730144 , ...,  0.04796015,
          0.        , -0.30400812],
        [-0.85681291, -0.92611329, -0.85681291, ...,  0.34934844,
          0.30400812,  0.        ]],

       [[ 0.        , -0.24217731,  0.13975268, ...,  0.48734047,
          0.22914608,  0.4749797 ],
        [ 0.24217731,  0.        ,  0.37539322, ...,  0.68430547,
          0.45805833,  0.67395576],
        [-0.13975268, -0.37539322,  0.        , ...,  0.3605242 ,
          0.09086319,  0.34733656],
        ...,
        [-0.48734047, -0.68430547, -0.3605242 , ...,  0.        ,
         -0.27428023, -0.01410004],
        [-0.22914608, -0.45805833, -0.09086319, ...,  0.27428023,
          0.        ,  0.26069366],
        [-0.4749797 , -0.67395576, -0.34733656, ...,  0.01410004,
         -0.26069366,  0.        ]],

       [[ 0.        , -0.1641735 , -0.03722293, ...,  0.81469945,
          0.88790939,  0.92984158],
        [ 0.1641735 ,  0.        ,  0.12734185, ...,  0.89884667,
          0.9513846 ,  0.9776343 ],
        [ 0.03722293, -0.12734185,  0.        , ...,  0.83571981,
          0.90441729,  0.94289374],
        ...,
        [-0.81469945, -0.89884667, -0.83571981, ...,  0.        ,
          0.14010723,  0.23942286],
        [-0.88790939, -0.9513846 , -0.90441729, ..., -0.14010723,
          0.        ,  0.101029  ],
        [-0.92984158, -0.9776343 , -0.94289374, ..., -0.23942286,
         -0.101029  ,  0.        ]],

       ...,

       [[ 0.        , -0.25424025, -0.49987217, ...,  0.52864499,
          0.46445889,  0.33365838],
        [ 0.25424025,  0.        , -0.26324965, ...,  0.72708436,
          0.67435109,  0.5623655 ],
        [ 0.49987217,  0.26324965,  0.        , ...,  0.882172  ,
          0.84495161,  0.76020778],
        ...,
        [-0.52864499, -0.72708436, -0.882172  , ...,  0.        ,
         -0.07391251, -0.2151269 ],
        [-0.46445889, -0.67435109, -0.84495161, ...,  0.07391251,
          0.        , -0.14235655],
        [-0.33365838, -0.5623655 , -0.76020778, ...,  0.2151269 ,
          0.14235655,  0.        ]],

       [[ 0.        , -0.15559104, -0.18448596, ...,  0.62654507,
          0.7114779 ,  0.72510029],
        [ 0.15559104,  0.        , -0.02931886, ...,  0.74018008,
          0.81214835,  0.82341643],
        [ 0.18448596,  0.02931886,  0.        , ...,  0.75957614,
          0.82890533,  0.83969907],
        ...,
        [-0.62654507, -0.74018008, -0.75957614, ...,  0.        ,
          0.11423681,  0.13366638],
        [-0.7114779 , -0.81214835, -0.82890533, ..., -0.11423681,
          0.        ,  0.01957965],
        [-0.72510029, -0.82341643, -0.83969907, ..., -0.13366638,
         -0.01957965,  0.        ]],

       [[ 0.        , -0.00655991, -0.00867625, ...,  0.20211825,
          0.1663772 ,  0.16438975],
        [ 0.00655991,  0.        , -0.0021164 , ...,  0.20853842,
          0.1728421 ,  0.17085688],
        [ 0.00867625,  0.0021164 ,  0.        , ...,  0.21060782,
          0.17492626,  0.17294178],
        ...,
        [-0.20211825, -0.20853842, -0.21060782, ...,  0.        ,
         -0.0363578 , -0.03837159],
        [-0.1663772 , -0.1728421 , -0.17492626, ...,  0.0363578 ,
          0.        , -0.0020152 ],
        [-0.16438975, -0.17085688, -0.17294178, ...,  0.03837159,
          0.0020152 ,  0.        ]]]), 'num': array([ 8.92227540e-01,  4.49983886e-01,  7.04209640e-05,  5.52804567e-04,
        5.60726926e-04,  5.41361161e-04,  3.79746809e-02, -2.64078615e-06,
        5.65304289e-04,  5.39248532e-04,  5.74238948e-04,  4.80142936e-06,
        5.75015346e-04,  5.03481718e-04])}
{'img': array([[[ 0.00000000e+00,  1.54300584e-01,  8.14018945e-01, ...,
          9.96965528e-01,  9.26113290e-01,  9.10652257e-01],
        [-1.54300584e-01,  0.00000000e+00,  7.14646522e-01, ...,
          9.73014398e-01,  8.56812911e-01,  8.35993306e-01],
        [-8.14018945e-01, -7.14646522e-01,  0.00000000e+00, ...,
          5.15709041e-01,  2.30837100e-01,  1.92610549e-01],
        ...,
        [-9.96965528e-01, -9.73014398e-01, -5.15709041e-01, ...,
          0.00000000e+00, -3.04008117e-01, -3.41030791e-01],
        [-9.26113290e-01, -8.56812911e-01, -2.30837100e-01, ...,
          3.04008117e-01,  0.00000000e+00, -3.91061367e-02],
        [-9.10652257e-01, -8.35993306e-01, -1.92610549e-01, ...,
          3.41030791e-01,  3.91061367e-02,  0.00000000e+00]],

       [[ 0.00000000e+00,  3.75393216e-01,  8.53139785e-01, ...,
          4.58058328e-01,  6.73955758e-01,  4.65581797e-01],
        [-3.75393216e-01,  0.00000000e+00,  5.94909935e-01, ...,
          9.08631905e-02,  3.47336555e-01,  9.93069571e-02],
        [-8.53139785e-01, -5.94909935e-01,  0.00000000e+00, ...,
         -5.19413882e-01, -2.78684691e-01, -5.12147030e-01],
        ...,
        [-4.58058328e-01, -9.08631905e-02,  5.19413882e-01, ...,
          0.00000000e+00,  2.60693660e-01,  8.48212259e-03],
        [-6.73955758e-01, -3.47336555e-01,  2.78684691e-01, ...,
         -2.60693660e-01,  0.00000000e+00, -2.52495458e-01],
        [-4.65581797e-01, -9.93069571e-02,  5.12147030e-01, ...,
         -8.48212259e-03,  2.52495458e-01,  0.00000000e+00]],

       [[ 0.00000000e+00,  1.27341853e-01,  4.68787983e-01, ...,
          9.51384600e-01,  9.77634303e-01,  9.88175927e-01],
        [-1.27341853e-01,  0.00000000e+00,  3.52489104e-01, ...,
          9.04417289e-01,  9.42893743e-01,  9.60606477e-01],
        [-4.68787983e-01, -3.52489104e-01,  0.00000000e+00, ...,
          6.95978972e-01,  7.64963085e-01,  8.00989805e-01],
        ...,
        [-9.51384600e-01, -9.04417289e-01, -6.95978972e-01, ...,
          0.00000000e+00,  1.01029001e-01,  1.58493183e-01],
        [-9.77634303e-01, -9.42893743e-01, -7.64963085e-01, ...,
         -1.01029001e-01,  0.00000000e+00,  5.79302475e-02],
        [-9.88175927e-01, -9.60606477e-01, -8.00989805e-01, ...,
         -1.58493183e-01, -5.79302475e-02,  0.00000000e+00]],

       ...,

       [[ 0.00000000e+00, -2.63249645e-01,  3.13250775e-01, ...,
          6.74351089e-01,  5.62365502e-01,  3.37794306e-01],
        [ 2.63249645e-01,  0.00000000e+00,  5.52202122e-01, ...,
          8.44951605e-01,  7.60207780e-01,  5.73655359e-01],
        [-3.13250775e-01, -5.52202122e-01,  0.00000000e+00, ...,
          4.09103522e-01,  2.75038347e-01,  2.59553869e-02],
        ...,
        [-6.74351089e-01, -8.44951605e-01, -4.09103522e-01, ...,
          0.00000000e+00, -1.42356546e-01, -3.85281717e-01],
        [-5.62365502e-01, -7.60207780e-01, -2.75038347e-01, ...,
          1.42356546e-01,  0.00000000e+00, -2.49991315e-01],
        [-3.37794306e-01, -5.73655359e-01, -2.59553869e-02, ...,
          3.85281717e-01,  2.49991315e-01,  0.00000000e+00]],

       [[ 0.00000000e+00, -2.93188589e-02,  2.69712433e-01, ...,
          8.12148349e-01,  8.23416425e-01,  8.27697761e-01],
        [ 2.93188589e-02,  0.00000000e+00,  2.97828815e-01, ...,
          8.28905332e-01,  8.39699069e-01,  8.43794928e-01],
        [-2.69712433e-01, -2.97828815e-01,  0.00000000e+00, ...,
          6.24686887e-01,  6.39856399e-01,  6.45668396e-01],
        ...,
        [-8.12148349e-01, -8.28905332e-01, -6.24686887e-01, ...,
          0.00000000e+00,  1.95796483e-02,  2.71644279e-02],
        [-8.23416425e-01, -8.39699069e-01, -6.39856399e-01, ...,
         -1.95796483e-02,  0.00000000e+00,  7.58679747e-03],
        [-8.27697761e-01, -8.43794928e-01, -6.45668396e-01, ...,
         -2.71644279e-02, -7.58679747e-03,  0.00000000e+00]],

       [[ 0.00000000e+00, -2.11639682e-03,  2.29155951e-03, ...,
          1.72842099e-01,  1.70856882e-01,  1.69980560e-01],
        [ 2.11639682e-03,  0.00000000e+00,  4.40794564e-03, ...,
          1.74926256e-01,  1.72941776e-01,  1.72065777e-01],
        [-2.29155951e-03, -4.40794564e-03,  0.00000000e+00, ...,
          1.70584575e-01,  1.68598569e-01,  1.67721902e-01],
        ...,
        [-1.72842099e-01, -1.74926256e-01, -1.70584575e-01, ...,
          0.00000000e+00, -2.01519598e-03, -2.90452442e-03],
        [-1.70856882e-01, -1.72941776e-01, -1.68598569e-01, ...,
          2.01519598e-03,  0.00000000e+00, -8.89331034e-04],
        [-1.69980560e-01, -1.72065777e-01, -1.67721902e-01, ...,
          2.90452442e-03,  8.89331034e-04,  0.00000000e+00]]]), 'num': array([ 7.07101277e-01,  7.07101277e-01,  0.00000000e+00,  6.54122741e-05,
        6.69259465e-05,  6.48716768e-05,  3.94113817e-03, -2.48674761e-06,
        6.87639774e-05,  6.61312685e-05,  7.05785823e-05,  5.14579254e-07,
        7.05002982e-05,  6.17622388e-05])}
{'img': array([[[ 0.00000000e+00,  8.07138999e-01,  9.22690217e-01, ...,
          9.22690217e-01,  9.06741577e-01,  7.15321812e-01],
        [-8.07138999e-01,  0.00000000e+00,  8.55906850e-01, ...,
          2.33534610e-01,  1.94945450e-01, -1.41726423e-01],
        [-9.22690217e-01, -8.55906850e-01,  0.00000000e+00, ...,
         -7.11471974e-01, -7.38673350e-01, -9.20558200e-01],
        ...,
        [-9.22690217e-01, -2.33534610e-01,  7.11471974e-01, ...,
          0.00000000e+00, -3.94991220e-02, -3.68984754e-01],
        [-9.06741577e-01, -1.94945450e-01,  7.38673350e-01, ...,
          3.94991220e-02,  0.00000000e+00, -3.31984916e-01],
        [-7.15321812e-01,  1.41726423e-01,  9.20558200e-01, ...,
          3.68984754e-01,  3.31984916e-01,  0.00000000e+00]],

       [[ 0.00000000e+00,  6.20171032e-01,  9.99972655e-01, ...,
          3.70372155e-01,  1.10182936e-01,  3.30906030e-02],
        [-6.20171032e-01,  0.00000000e+00,  7.79858874e-01, ...,
         -2.85522013e-01, -5.29960175e-01, -5.93872925e-01],
        [-9.99972655e-01, -7.79858874e-01,  0.00000000e+00, ...,
         -9.26119066e-01, -9.93069318e-01, -9.99180314e-01],
        ...,
        [-3.70372155e-01,  2.85522013e-01,  9.26119066e-01, ...,
          0.00000000e+00, -2.65769973e-01, -3.39432010e-01],
        [-1.10182936e-01,  5.29960175e-01,  9.93069318e-01, ...,
          2.65769973e-01,  0.00000000e+00, -7.72334701e-02],
        [-3.30906030e-02,  5.93872925e-01,  9.99180314e-01, ...,
          3.39432010e-01,  7.72334701e-02,  0.00000000e+00]],

       [[ 0.00000000e+00,  4.53987261e-01,  7.98360473e-01, ...,
          9.76557026e-01,  9.87433007e-01,  9.70149703e-01],
        [-4.53987261e-01,  0.00000000e+00,  4.37963733e-01, ...,
          7.72395515e-01,  8.08063576e-01,  7.54316312e-01],
        [-7.98360473e-01, -4.37963733e-01,  0.00000000e+00, ...,
          4.16208789e-01,  4.68440837e-01,  3.90596736e-01],
        ...,
        [-9.76557026e-01, -7.72395515e-01, -4.16208789e-01, ...,
          0.00000000e+00,  5.82204362e-02, -2.79884163e-02],
        [-9.87433007e-01, -8.08063576e-01, -4.68440837e-01, ...,
         -5.82204362e-02,  0.00000000e+00, -8.61385692e-02],
        [-9.70149703e-01, -7.54316312e-01, -3.90596736e-01, ...,
          2.79884163e-02,  8.61385692e-02,  0.00000000e+00]],

       ...,

       [[ 0.00000000e+00,  5.52202122e-01,  8.89843240e-01, ...,
          7.60207780e-01,  5.73655359e-01,  3.60306163e-01],
        [-5.52202122e-01,  0.00000000e+00,  4.89920187e-01, ...,
          2.75038347e-01,  2.59553869e-02, -2.14722024e-01],
        [-8.89843240e-01, -4.89920187e-01,  0.00000000e+00, ...,
         -2.31256126e-01, -4.67128077e-01, -6.65680535e-01],
        ...,
        [-7.60207780e-01, -2.75038347e-01,  2.31256126e-01, ...,
          0.00000000e+00, -2.49991315e-01, -4.75064028e-01],
        [-5.73655359e-01, -2.59553869e-02,  4.67128077e-01, ...,
          2.49991315e-01,  0.00000000e+00, -2.39999667e-01],
        [-3.60306163e-01,  2.14722024e-01,  6.65680535e-01, ...,
          4.75064028e-01,  2.39999667e-01,  0.00000000e+00]],

       [[ 0.00000000e+00,  2.97828815e-01,  7.99938947e-01, ...,
          8.39699069e-01,  8.43794928e-01,  8.35320841e-01],
        [-2.97828815e-01,  0.00000000e+00,  5.84915622e-01, ...,
          6.39856399e-01,  6.45668396e-01,  6.33678201e-01],
        [-7.99938947e-01, -5.84915622e-01,  0.00000000e+00, ...,
          6.94793446e-02,  7.70458082e-02,  6.14838530e-02],
        ...,
        [-8.39699069e-01, -6.39856399e-01, -6.94793446e-02, ...,
          0.00000000e+00,  7.58679747e-03, -8.01262464e-03],
        [-8.43794928e-01, -6.45668396e-01, -7.70458082e-02, ...,
         -7.58679747e-03,  0.00000000e+00, -1.55989480e-02],
        [-8.35320841e-01, -6.33678201e-01, -6.14838530e-02, ...,
          8.01262464e-03,  1.55989480e-02,  0.00000000e+00]],

       [[ 0.00000000e+00,  4.40794564e-03, -2.62988115e-01, ...,
          1.72941776e-01,  1.72065777e-01,  1.63178854e-01],
        [-4.40794564e-03,  0.00000000e+00, -2.67238342e-01, ...,
          1.68598569e-01,  1.67721902e-01,  1.58828405e-01],
        [ 2.62988115e-01,  2.67238342e-01,  0.00000000e+00, ...,
          4.25879489e-01,  4.25074671e-01,  4.16897962e-01],
        ...,
        [-1.72941776e-01, -1.68598569e-01, -4.25879489e-01, ...,
          0.00000000e+00, -8.89331034e-04, -9.90366823e-03],
        [-1.72065777e-01, -1.67721902e-01, -4.25074671e-01, ...,
          8.89331034e-04,  0.00000000e+00, -9.01437690e-03],
        [-1.63178854e-01, -1.58828405e-01, -4.16897962e-01, ...,
          9.90366823e-03,  9.01437690e-03,  0.00000000e+00]]]), 'num': array([7.07094268e-01, 7.07094268e-01, 0.00000000e+00, 6.56278625e-05,
       6.59522177e-05, 6.30330212e-05, 5.94605733e-03, 2.16236779e-07,
       6.76172409e-05, 6.61792663e-05, 7.06265361e-05, 5.43578644e-07,
       7.05028665e-05, 6.18556661e-05])}
{'img': array([[[ 0.00000000e+00,  8.85687011e-01,  9.55257752e-01, ...,
          2.14114158e-01, -1.62434853e-01, -1.24046616e-01],
        [-8.85687011e-01,  0.00000000e+00,  1.81546001e-01, ...,
         -7.65737208e-01, -9.49340150e-01, -9.36439022e-01],
        [-9.55257752e-01, -1.81546001e-01,  0.00000000e+00, ...,
         -8.69774495e-01, -9.90615339e-01, -9.84569556e-01],
        ...,
        [-2.14114158e-01,  7.65737208e-01,  8.69774495e-01, ...,
          0.00000000e+00, -3.69938334e-01, -3.33630230e-01],
        [ 1.62434853e-01,  9.49340150e-01,  9.90615339e-01, ...,
          3.69938334e-01,  0.00000000e+00,  3.87810842e-02],
        [ 1.24046616e-01,  9.36439022e-01,  9.84569556e-01, ...,
          3.33630230e-01, -3.87810842e-02,  0.00000000e+00]],

       [[ 0.00000000e+00,  7.79858874e-01,  1.57485656e-01, ...,
         -5.29960175e-01, -5.93872925e-01, -4.31072865e-01],
        [-7.79858874e-01,  0.00000000e+00, -6.71548236e-01, ...,
         -9.93069318e-01, -9.99180314e-01, -9.73512392e-01],
        [-1.57485656e-01,  6.71548236e-01,  0.00000000e+00, ...,
         -6.56898332e-01, -7.13168627e-01, -5.67795628e-01],
        ...,
        [ 5.29960175e-01,  9.93069318e-01,  6.56898332e-01, ...,
          0.00000000e+00, -7.72334701e-02,  1.12632637e-01],
        [ 5.93872925e-01,  9.99180314e-01,  7.13168627e-01, ...,
          7.72334701e-02,  0.00000000e+00,  1.89038218e-01],
        [ 4.31072865e-01,  9.73512392e-01,  5.67795628e-01, ...,
         -1.12632637e-01, -1.89038218e-01,  0.00000000e+00]],

       [[ 0.00000000e+00,  7.19469058e-01,  9.45490936e-01, ...,
          9.74408649e-01,  9.49382944e-01,  8.84331878e-01],
        [-7.19469058e-01,  0.00000000e+00,  4.22372657e-01, ...,
          5.15025643e-01,  4.33369343e-01,  2.78299698e-01],
        [-9.45490936e-01, -4.22372657e-01,  0.00000000e+00, ...,
          1.04783528e-01,  1.21664571e-02, -1.53429480e-01],
        ...,
        [-9.74408649e-01, -5.15025643e-01, -1.04783528e-01, ...,
          0.00000000e+00, -9.26762915e-02, -2.56127708e-01],
        [-9.49382944e-01, -4.33369343e-01, -1.21664571e-02, ...,
          9.26762915e-02,  0.00000000e+00, -1.65440525e-01],
        [-8.84331878e-01, -2.78299698e-01,  1.53429480e-01, ...,
          2.56127708e-01,  1.65440525e-01,  0.00000000e+00]],

       ...,

       [[ 0.00000000e+00,  4.89920187e-01,  7.62659143e-01, ...,
          2.59553869e-02, -2.14722024e-01, -1.21995351e-01],
        [-4.89920187e-01,  0.00000000e+00,  3.47980619e-01, ...,
         -4.67128077e-01, -6.65680535e-01, -5.92612369e-01],
        [-7.62659143e-01, -3.47980619e-01,  0.00000000e+00, ...,
         -7.45614245e-01, -8.83752610e-01, -8.35869259e-01],
        ...,
        [-2.59553869e-02,  4.67128077e-01,  7.45614245e-01, ...,
          0.00000000e+00, -2.39999667e-01, -1.47715769e-01],
        [ 2.14722024e-01,  6.65680535e-01,  8.83752610e-01, ...,
          2.39999667e-01,  0.00000000e+00,  9.39683602e-02],
        [ 1.21995351e-01,  5.92612369e-01,  8.35869259e-01, ...,
          1.47715769e-01, -9.39683602e-02,  0.00000000e+00]],

       [[ 0.00000000e+00,  7.70673073e-01,  9.36942433e-01, ...,
          8.20014494e-01,  8.10496234e-01,  8.10745673e-01],
        [-7.70673073e-01,  0.00000000e+00,  3.27710820e-01, ...,
          8.14492917e-02,  6.50561030e-02,  6.54811701e-02],
        [-9.36942433e-01, -3.27710820e-01,  0.00000000e+00, ...,
         -2.49670491e-01, -2.65553020e-01, -2.65142314e-01],
        ...,
        [-8.20014494e-01, -8.14492917e-02,  2.49670491e-01, ...,
          0.00000000e+00, -1.64367969e-02, -1.60108776e-02],
        [-8.10496234e-01, -6.50561030e-02,  2.65553020e-01, ...,
          1.64367969e-02,  0.00000000e+00,  4.25975346e-04],
        [-8.10745673e-01, -6.54811701e-02,  2.65142314e-01, ...,
          1.60108776e-02, -4.25975346e-04,  0.00000000e+00]],

       [[ 0.00000000e+00, -2.67238342e-01, -4.41679807e-01, ...,
          1.67721902e-01,  1.58828405e-01,  1.69460759e-01],
        [ 2.67238342e-01,  0.00000000e+00, -1.85857158e-01, ...,
          4.25074671e-01,  4.16897962e-01,  4.26670807e-01],
        [ 4.41679807e-01,  1.85857158e-01,  0.00000000e+00, ...,
          5.85898646e-01,  5.78569730e-01,  5.87327339e-01],
        ...,
        [-1.67721902e-01, -4.25074671e-01, -5.85898646e-01, ...,
          0.00000000e+00, -9.01437690e-03,  1.76410778e-03],
        [-1.58828405e-01, -4.16897962e-01, -5.78569730e-01, ...,
          9.01437690e-03,  0.00000000e+00,  1.07783990e-02],
        [-1.69460759e-01, -4.26670807e-01, -5.87327339e-01, ...,
         -1.76410778e-03, -1.07783990e-02,  0.00000000e+00]]]), 'num': array([ 7.49917237e-01,  6.61510150e-01,  1.45886282e-05,  6.95024266e-05,
        7.16815456e-05,  6.86995933e-05,  5.33090494e-03, -1.14690473e-07,
        7.05805171e-05,  7.02421802e-05,  7.49043479e-05,  5.57253146e-07,
        7.47891765e-05,  6.56951838e-05])}
{'img': array([[[ 0.00000000e+00,  1.81546001e-01,  3.78973911e-01, ...,
         -9.49340150e-01, -9.36439022e-01, -9.42993533e-01],
        [-1.81546001e-01,  0.00000000e+00,  2.04672289e-01, ...,
         -9.90615339e-01, -9.84569556e-01, -9.87743810e-01],
        [-3.78973911e-01, -2.04672289e-01,  0.00000000e+00, ...,
         -9.97619041e-01, -9.99543122e-01, -9.98779858e-01],
        ...,
        [ 9.49340150e-01,  9.90615339e-01,  9.97619041e-01, ...,
          0.00000000e+00,  3.87810842e-02,  1.96148500e-02],
        [ 9.36439022e-01,  9.84569556e-01,  9.99543122e-01, ...,
         -3.87810842e-02,  0.00000000e+00, -1.91735287e-02],
        [ 9.42993533e-01,  9.87743810e-01,  9.98779858e-01, ...,
         -1.96148500e-02,  1.91735287e-02,  0.00000000e+00]],

       [[ 0.00000000e+00, -6.71548236e-01, -5.31077755e-01, ...,
         -9.99180314e-01, -9.73512392e-01, -9.88461564e-01],
        [ 6.71548236e-01,  0.00000000e+00,  1.75510507e-01, ...,
         -7.13168627e-01, -5.67795628e-01, -6.30690625e-01],
        [ 5.31077755e-01, -1.75510507e-01,  0.00000000e+00, ...,
         -8.25130060e-01, -7.03456960e-01, -7.57102951e-01],
        ...,
        [ 9.99180314e-01,  7.13168627e-01,  8.25130060e-01, ...,
          0.00000000e+00,  1.89038218e-01,  1.11333954e-01],
        [ 9.73512392e-01,  5.67795628e-01,  7.03456960e-01, ...,
         -1.89038218e-01,  0.00000000e+00, -7.85364039e-02],
        [ 9.88461564e-01,  6.30690625e-01,  7.57102951e-01, ...,
         -1.11333954e-01,  7.85364039e-02,  0.00000000e+00]],

       [[ 0.00000000e+00,  4.82214112e-01,  8.12665458e-01, ...,
          4.93837219e-01,  3.26218337e-01,  1.34229942e-01],
        [-4.82214112e-01,  0.00000000e+00,  4.30937456e-01, ...,
          1.33163846e-02, -1.70049641e-01, -3.60257580e-01],
        [-8.12665458e-01, -4.30937456e-01,  0.00000000e+00, ...,
         -4.18882783e-01, -5.78110767e-01, -7.27091125e-01],
        ...,
        [-4.93837219e-01, -1.33163846e-02,  4.18882783e-01, ...,
          0.00000000e+00, -1.83157002e-01, -3.72647864e-01],
        [-3.26218337e-01,  1.70049641e-01,  5.78110767e-01, ...,
          1.83157002e-01,  0.00000000e+00, -1.96379311e-01],
        [-1.34229942e-01,  3.60257580e-01,  7.27091125e-01, ...,
          3.72647864e-01,  1.96379311e-01,  0.00000000e+00]],

       ...,

       [[ 0.00000000e+00,  3.47980619e-01,  5.88441226e-01, ...,
         -6.65680535e-01, -5.92612369e-01, -6.39138777e-01],
        [-3.47980619e-01,  0.00000000e+00,  2.70308418e-01, ...,
         -8.83752610e-01, -8.35869259e-01, -8.66822619e-01],
        [-5.88441226e-01, -2.70308418e-01,  0.00000000e+00, ...,
         -9.77345859e-01, -9.53133025e-01, -9.69334366e-01],
        ...,
        [ 6.65680535e-01,  8.83752610e-01,  9.77345859e-01, ...,
          0.00000000e+00,  9.39683602e-02,  3.50202900e-02],
        [ 5.92612369e-01,  8.35869259e-01,  9.53133025e-01, ...,
         -9.39683602e-02,  0.00000000e+00, -5.90453885e-02],
        [ 6.39138777e-01,  8.66822619e-01,  9.69334366e-01, ...,
         -3.50202900e-02,  5.90453885e-02,  0.00000000e+00]],

       [[ 0.00000000e+00,  4.42333896e-01,  7.04682627e-01, ...,
          1.00282632e-01,  1.00908725e-01,  1.01039361e-01],
        [-4.42333896e-01,  0.00000000e+00,  3.18149010e-01, ...,
         -3.50165564e-01, -3.49576050e-01, -3.49453025e-01],
        [-7.04682627e-01, -3.18149010e-01,  0.00000000e+00, ...,
         -6.29977517e-01, -6.29488680e-01, -6.29386649e-01],
        ...,
        [-1.00282632e-01,  3.50165564e-01,  6.29977517e-01, ...,
          0.00000000e+00,  6.29285314e-04,  7.60591631e-04],
        [-1.00908725e-01,  3.49576050e-01,  6.29488680e-01, ...,
         -6.29285314e-04,  0.00000000e+00,  1.31306348e-04],
        [-1.01039361e-01,  3.49453025e-01,  6.29386649e-01, ...,
         -7.60591631e-04, -1.31306348e-04,  0.00000000e+00]],

       [[ 0.00000000e+00, -1.85857158e-01, -3.52299580e-01, ...,
          4.16897962e-01,  4.26670807e-01,  4.34412024e-01],
        [ 1.85857158e-01,  0.00000000e+00, -1.72220035e-01, ...,
          5.78569730e-01,  5.87327339e-01,  5.94247359e-01],
        [ 3.52299580e-01,  1.72220035e-01,  0.00000000e+00, ...,
          7.10393365e-01,  7.17937988e-01,  7.23881947e-01],
        ...,
        [-4.16897962e-01, -5.78569730e-01, -7.10393365e-01, ...,
          0.00000000e+00,  1.07783990e-02,  1.93542965e-02],
        [-4.26670807e-01, -5.87327339e-01, -7.17937988e-01, ...,
         -1.07783990e-02,  0.00000000e+00,  8.57679222e-03],
        [-4.34412024e-01, -5.94247359e-01, -7.23881947e-01, ...,
         -1.93542965e-02, -8.57679222e-03,  0.00000000e+00]]]), 'num': array([ 8.21226134e-01,  5.70549737e-01,  4.24875249e-05,  7.47172569e-05,
        7.72500452e-05,  7.44639780e-05,  7.78365124e-03, -2.02623069e-06,
        7.68954549e-05,  7.74906601e-05,  8.24865852e-05,  5.98406043e-07,
        8.26272274e-05,  7.23540929e-05])}
{'img': array([[[ 0.00000000e+00,  2.04672289e-01,  3.29024255e-01, ...,
         -9.84569556e-01, -9.87743810e-01, -9.62799992e-01],
        [-2.04672289e-01,  0.00000000e+00,  1.28782557e-01, ...,
         -9.99543122e-01, -9.98779858e-01, -8.87112516e-01],
        [-3.29024255e-01, -1.28782557e-01,  0.00000000e+00, ...,
         -9.87327338e-01, -9.84103057e-01, -8.20285398e-01],
        ...,
        [ 9.84569556e-01,  9.99543122e-01,  9.87327338e-01, ...,
          0.00000000e+00, -1.91735287e-02, -4.34529433e-01],
        [ 9.87743810e-01,  9.98779858e-01,  9.84103057e-01, ...,
          1.91735287e-02,  0.00000000e+00, -4.17180769e-01],
        [ 9.62799992e-01,  8.87112516e-01,  8.20285398e-01, ...,
          4.34529433e-01,  4.17180769e-01,  0.00000000e+00]],

       [[ 0.00000000e+00,  1.75510507e-01, -3.76979898e-01, ...,
         -5.67795628e-01, -6.30690625e-01, -5.22838009e-01],
        [-1.75510507e-01,  0.00000000e+00, -5.33689844e-01, ...,
         -7.03456960e-01, -7.57102951e-01, -6.64333069e-01],
        [ 3.76979898e-01,  5.33689844e-01,  0.00000000e+00, ...,
         -2.15586108e-01, -2.91609823e-01, -1.62914023e-01],
        ...,
        [ 5.67795628e-01,  7.03456960e-01,  2.15586108e-01, ...,
          0.00000000e+00, -7.85364039e-02,  5.36228630e-02],
        [ 6.30690625e-01,  7.57102951e-01,  2.91609823e-01, ...,
          7.85364039e-02,  0.00000000e+00,  1.31880646e-01],
        [ 5.22838009e-01,  6.64333069e-01,  1.62914023e-01, ...,
         -5.36228630e-02, -1.31880646e-01,  0.00000000e+00]],

       [[ 0.00000000e+00,  4.30937456e-01,  7.94521321e-01, ...,
         -1.70049641e-01, -3.60257580e-01, -5.36507811e-01],
        [-4.30937456e-01,  0.00000000e+00,  4.55280730e-01, ...,
         -5.78110767e-01, -7.27091125e-01, -8.47801000e-01],
        [-7.94521321e-01, -4.55280730e-01,  0.00000000e+00, ...,
         -8.86209820e-01, -9.59932958e-01, -9.96279846e-01],
        ...,
        [ 1.70049641e-01,  5.78110767e-01,  8.86209820e-01, ...,
          0.00000000e+00, -1.96379311e-01, -3.85189740e-01],
        [ 3.60257580e-01,  7.27091125e-01,  9.59932958e-01, ...,
          1.96379311e-01,  0.00000000e+00, -1.96463154e-01],
        [ 5.36507811e-01,  8.47801000e-01,  9.96279846e-01, ...,
          3.85189740e-01,  1.96463154e-01,  0.00000000e+00]],

       ...,

       [[ 0.00000000e+00,  2.70308418e-01,  6.30452422e-01, ...,
         -8.35869259e-01, -8.66822619e-01, -8.89333847e-01],
        [-2.70308418e-01,  0.00000000e+00,  3.97162131e-01, ...,
         -9.53133025e-01, -9.69334366e-01, -9.79828127e-01],
        [-6.30452422e-01, -3.97162131e-01,  0.00000000e+00, ...,
         -9.94898385e-01, -9.87205960e-01, -9.78605449e-01],
        ...,
        [ 8.35869259e-01,  9.53133025e-01,  9.94898385e-01, ...,
          0.00000000e+00, -5.90453885e-02, -1.05972464e-01],
        [ 8.66822619e-01,  9.69334366e-01,  9.87205960e-01, ...,
          5.90453885e-02,  0.00000000e+00, -4.70746657e-02],
        [ 8.89333847e-01,  9.79828127e-01,  9.78605449e-01, ...,
          1.05972464e-01,  4.70746657e-02,  0.00000000e+00]],

       [[ 0.00000000e+00,  3.18149010e-01,  5.58273712e-01, ...,
         -3.49576050e-01, -3.49453025e-01, -3.42363680e-01],
        [-3.18149010e-01,  0.00000000e+00,  2.65311712e-01, ...,
         -6.29488680e-01, -6.29386649e-01, -6.23497183e-01],
        [-5.58273712e-01, -2.65311712e-01,  0.00000000e+00, ...,
         -8.13079262e-01, -8.13002814e-01, -8.08580210e-01],
        ...,
        [ 3.49576050e-01,  6.29488680e-01,  8.13079262e-01, ...,
          0.00000000e+00,  1.31306348e-04,  7.68703233e-03],
        [ 3.49453025e-01,  6.29386649e-01,  8.13002814e-01, ...,
         -1.31306348e-04,  0.00000000e+00,  7.55572980e-03],
        [ 3.42363680e-01,  6.23497183e-01,  8.08580210e-01, ...,
         -7.68703233e-03, -7.55572980e-03,  0.00000000e+00]],

       [[ 0.00000000e+00, -1.72220035e-01, -3.76877841e-01, ...,
          5.87327339e-01,  5.94247359e-01,  5.79568158e-01],
        [ 1.72220035e-01,  0.00000000e+00, -2.11725682e-01, ...,
          7.17937988e-01,  7.23881947e-01,  7.11254744e-01],
        [ 3.76877841e-01,  2.11725682e-01,  0.00000000e+00, ...,
          8.49045455e-01,  8.53545515e-01,  8.43959235e-01],
        ...,
        [-5.87327339e-01, -7.17937988e-01, -8.49045455e-01, ...,
          0.00000000e+00,  8.57679222e-03, -9.55381642e-03],
        [-5.94247359e-01, -7.23881947e-01, -8.53545515e-01, ...,
         -8.57679222e-03,  0.00000000e+00, -1.81298658e-02],
        [-5.79568158e-01, -7.11254744e-01, -8.43959235e-01, ...,
          9.55381642e-03,  1.81298658e-02,  0.00000000e+00]]]), 'num': array([ 8.72565730e-01,  4.88349579e-01,  6.89795604e-05,  7.69047540e-05,
        8.18752588e-05,  7.66286149e-05,  1.19865103e-02, -4.55629602e-06,
        8.18752588e-05,  8.42776694e-05,  8.95841435e-05,  5.82058018e-07,
        9.06273090e-05,  7.79280299e-05])}
