state_0,state_1,state_2,state_3,state_4,state_5,state_6,state_7,state_8,state_9,state_10,state_11,state_12,state_13,state_14,state_15,state_16,state_17,state_18,state_19,state_20,state_21,state_22,state_23,state_24,state_25,state_26,state_27,state_28,state_29,state_30,state_31,state_32,state_33,state_34,state_35,state_36,state_37,state_38,state_39,state_40,state_41,state_42,state_43,state_44,state_45,state_46,state_47,state_48,state_49,state_50,state_51,state_52,state_53,state_54,state_55,state_56,state_57,state_58,state_59,state_60,state_61,state_62,state_63,state_64,state_65,state_66,state_67,state_68,state_69,state_70,state_71,state_72,state_73,state_74,state_75,state_76,state_77,state_78,state_79,state_80,state_81,state_82,state_83,state_84,state_85,state_86,state_87,state_88,state_89,state_90,state_91,state_92,state_93,state_94,state_95,state_96,state_97,state_98,state_99,state_100,state_101,state_102,state_103,state_104,state_105,state_106,state_107,state_108,state_109,state_110,state_111,state_112,state_113,state_114,state_115,state_116,state_117,state_118,state_119,state_120,state_121,state_122,state_123,state_124,state_125,state_126,state_127,state_128,state_129,state_130,state_131,state_132,state_133,state_134,state_135,state_136,state_137,state_138,state_139,state_140,state_141,state_142,state_143,state_144,state_145,state_146,state_147,state_148,state_149,state_150,state_151,state_152,state_153,state_154,state_155,state_156,state_157,state_158,state_159,state_160,state_161,state_162,state_163,state_164,state_165,state_166,state_167,state_168,state_169,state_170,state_171,state_172,state_173,state_174,state_175,state_176,state_177,state_178,state_179,state_180,state_181,state_182,state_183,state_184,state_185,state_186,state_187,state_188,state_189,state_190,state_191,state_192,state_193,state_194,state_195,state_196,state_197,state_198,state_199,state_200,state_201,state_202,state_203,state_204,state_205,state_206,state_207,state_208,state_209,state_210,state_211,state_212,state_213,state_214,state_215,state_216,state_217,state_218,state_219,state_220,state_221,state_222,state_223,state_224,state_225,state_226,state_227,state_228,state_229,state_230,state_231,state_232,state_233,state_234,state_235,state_236,state_237,state_238,state_239,state_240,state_241,state_242,state_243,state_244,state_245,state_246,state_247,state_248,state_249,state_250,state_251,state_252,state_253,state_254,state_255,state_256,state_257,state_258,state_259,state_260,state_261,state_262,state_263,state_264,state_265,state_266,state_267,state_268,state_269,state_270,state_271,state_272,state_273,state_274,state_275,state_276,state_277,state_278,state_279,state_280,state_281,state_282,state_283,state_284,state_285,state_286,state_287
{'img': array([[[ 0.        , -0.16078534, -0.14979217, ...,  0.65355752,
          0.54398784,  0.51787191],
        [ 0.16078534,  0.        ,  0.011128  , ...,  0.76674904,
          0.67182411,  0.64867922],
        [ 0.14979217, -0.011128  ,  0.        , ...,  0.75955799,
          0.66353988,  0.64016996],
        ...,
        [-0.65355752, -0.76674904, -0.75955799, ...,  0.        ,
         -0.13666379, -0.16712586],
        [-0.54398784, -0.67182411, -0.66353988, ...,  0.13666379,
          0.        , -0.03081611],
        [-0.51787191, -0.64867922, -0.64016996, ...,  0.16712586,
          0.03081611,  0.        ]],

       [[ 0.        ,  0.37138192, -0.09818879, ..., -0.04662976,
         -0.54057712, -0.08818966],
        [-0.37138192,  0.        , -0.46075368, ..., -0.41427276,
         -0.81435671, -0.45181726],
        [ 0.09818879,  0.46075368,  0.        , ...,  0.05167754,
         -0.45535927,  0.0100427 ],
        ...,
        [ 0.04662976,  0.41427276, -0.05167754, ...,  0.        ,
         -0.50075975, -0.04164565],
        [ 0.54057712,  0.81435671,  0.45535927, ...,  0.50075975,
          0.        ,  0.4642774 ],
        [ 0.08818966,  0.45181726, -0.0100427 , ...,  0.04164565,
         -0.4642774 ,  0.        ]],

       [[ 0.        , -0.14237924, -0.23340658, ...,  0.61527104,
          0.56345603,  0.51483256],
        [ 0.14237924,  0.        , -0.09258206, ...,  0.72124255,
          0.67534169,  0.63164794],
        [ 0.23340658,  0.09258206,  0.        , ...,  0.78227484,
          0.74072087,  0.70070979],
        ...,
        [-0.61527104, -0.72124255, -0.78227484, ...,  0.        ,
         -0.06412254, -0.12161562],
        [-0.56345603, -0.67534169, -0.74072087, ...,  0.06412254,
          0.        , -0.05771876],
        [-0.51483256, -0.63164794, -0.70070979, ...,  0.12161562,
          0.05771876,  0.        ]],

       ...,

       [[ 0.        ,  0.01289379,  0.12131376, ..., -0.20201857,
         -0.07545403, -0.15794198],
        [-0.01289379,  0.        ,  0.10850511, ..., -0.21462972,
         -0.0883048 , -0.17066081],
        [-0.12131376, -0.10850511,  0.        , ..., -0.31933897,
         -0.19586467, -0.27656653],
        ...,
        [ 0.20201857,  0.21462972,  0.31933897, ...,  0.        ,
          0.12754437,  0.04479743],
        [ 0.07545403,  0.0883048 ,  0.19586467, ..., -0.12754437,
          0.        , -0.08298477],
        [ 0.15794198,  0.17066081,  0.27656653, ..., -0.04479743,
          0.08298477,  0.        ]],

       [[ 0.        , -0.0581348 , -0.09873677, ...,  0.80362019,
          0.82821382,  0.86363818],
        [ 0.0581348 ,  0.        , -0.04071905, ...,  0.83685955,
          0.85939255,  0.89148401],
        [ 0.09873677,  0.04071905,  0.        , ...,  0.85845581,
          0.87950011,  0.9091925 ],
        ...,
        [-0.80362019, -0.83685955, -0.85845581, ...,  0.        ,
          0.04254666,  0.10887307],
        [-0.82821382, -0.85939255, -0.87950011, ..., -0.04254666,
          0.        ,  0.06648073],
        [-0.86363818, -0.89148401, -0.9091925 , ..., -0.10887307,
         -0.06648073,  0.        ]],

       [[ 0.        , -0.06514226, -0.12847621, ...,  0.77792077,
          0.70603951,  0.65737996],
        [ 0.06514226,  0.        , -0.06360093, ...,  0.81720141,
          0.75067183,  0.70507224],
        [ 0.12847621,  0.06360093,  0.        , ...,  0.85220344,
          0.79117159,  0.74874643],
        ...,
        [-0.77792077, -0.81720141, -0.85220344, ...,  0.        ,
         -0.10725339, -0.17313658],
        [-0.70603951, -0.75067183, -0.79117159, ...,  0.10725339,
          0.        , -0.06650425],
        [-0.65737996, -0.70507224, -0.74874643, ...,  0.17313658,
          0.06650425,  0.        ]]]), 'num': array([7.03509571e-01, 6.99603586e-01, 8.74800644e-08, 4.88248109e-04,
       4.91528612e-04, 4.82780605e-04, 1.25008761e-01, 1.09350080e-05,
       4.82343205e-04, 5.00030581e-04, 4.66651468e-04, 4.45211042e-07,
       5.27089975e-04, 4.72971186e-04])}
{'img': array([[[ 0.        ,  0.011128  ,  0.05502784, ...,  0.67182411,
          0.64867922,  0.79406512],
        [-0.011128  ,  0.        ,  0.0439133 , ...,  0.66353988,
          0.64016996,  0.78725199],
        [-0.05502784, -0.0439133 ,  0.        , ...,  0.63004646,
          0.60581676,  0.75941425],
        ...,
        [-0.67182411, -0.66353988, -0.63004646, ...,  0.        ,
         -0.03081611,  0.17981589],
        [-0.64867922, -0.64016996, -0.60581676, ...,  0.03081611,
          0.        ,  0.2100443 ],
        [-0.79406512, -0.78725199, -0.75941425, ..., -0.17981589,
         -0.2100443 ,  0.        ]],

       [[ 0.        , -0.46075368, -0.30602135, ..., -0.81435671,
         -0.45181726, -0.37150507],
        [ 0.46075368,  0.        ,  0.16704633, ..., -0.45535927,
          0.0100427 ,  0.09805679],
        [ 0.30602135, -0.16704633,  0.        , ..., -0.59768368,
         -0.15713631, -0.0695623 ],
        ...,
        [ 0.81435671,  0.45535927,  0.59768368, ...,  0.        ,
          0.4642774 ,  0.54046553],
        [ 0.45181726, -0.0100427 ,  0.15713631, ..., -0.4642774 ,
          0.        ,  0.08805754],
        [ 0.37150507, -0.09805679,  0.0695623 , ..., -0.54046553,
         -0.08805754,  0.        ]],

       [[ 0.        , -0.09258206, -0.14265046, ...,  0.67534169,
          0.63164794,  0.64634799],
        [ 0.09258206,  0.        , -0.05040254, ...,  0.74072087,
          0.70070979,  0.71421603],
        [ 0.14265046,  0.05040254,  0.        , ...,  0.77364048,
          0.73577869,  0.74858627],
        ...,
        [-0.67534169, -0.74072087, -0.77364048, ...,  0.        ,
         -0.05771876, -0.03862973],
        [-0.63164794, -0.70070979, -0.73577869, ...,  0.05771876,
          0.        ,  0.01911034],
        [-0.64634799, -0.71421603, -0.74858627, ...,  0.03862973,
         -0.01911034,  0.        ]],

       ...,

       [[ 0.        ,  0.10850511,  0.07201537, ..., -0.0883048 ,
         -0.17066081,  0.18205185],
        [-0.10850511,  0.        , -0.0366332 , ..., -0.19586467,
         -0.27656653,  0.07428512],
        [-0.07201537,  0.0366332 ,  0.        , ..., -0.15980955,
         -0.24117658,  0.11076724],
        ...,
        [ 0.0883048 ,  0.19586467,  0.15980955, ...,  0.        ,
         -0.08298477,  0.26816979],
        [ 0.17066081,  0.27656653,  0.24117658, ...,  0.08298477,
          0.        ,  0.34719   ],
        [-0.18205185, -0.07428512, -0.11076724, ..., -0.26816979,
         -0.34719   ,  0.        ]],

       [[ 0.        , -0.04071905, -0.08299533, ...,  0.85939255,
          0.89148401,  0.89450257],
        [ 0.04071905,  0.        , -0.04234792, ...,  0.87950011,
          0.9091925 ,  0.91196468],
        [ 0.08299533,  0.04234792,  0.        , ...,  0.89886446,
          0.92600954,  0.9285206 ],
        ...,
        [-0.85939255, -0.87950011, -0.89886446, ...,  0.        ,
          0.06648073,  0.07317139],
        [-0.89148401, -0.9091925 , -0.92600954, ..., -0.06648073,
          0.        ,  0.00670699],
        [-0.89450257, -0.91196468, -0.9285206 , ..., -0.07317139,
         -0.00670699,  0.        ]],

       [[ 0.        , -0.06360093, -0.11127139, ...,  0.75067183,
          0.70507224,  0.69547276],
        [ 0.06360093,  0.        , -0.04784014, ...,  0.79117159,
          0.74874643,  0.73976531],
        [ 0.11127139,  0.04784014,  0.        , ...,  0.81952446,
          0.77960027,  0.77110824],
        ...,
        [-0.75067183, -0.79117159, -0.81952446, ...,  0.        ,
         -0.06650425, -0.07991544],
        [-0.70507224, -0.74874643, -0.77960027, ...,  0.06650425,
          0.        , -0.01344698],
        [-0.69547276, -0.73976531, -0.77110824, ...,  0.07991544,
          0.01344698,  0.        ]]]), 'num': array([ 6.32803911e-01,  6.32803911e-01,  0.00000000e+00,  2.41290883e-03,
        2.44592468e-03,  2.40465486e-03,  4.46173144e-01, -4.40211416e-05,
        2.42556490e-03,  2.51016803e-03,  2.35160021e-03,  1.52628046e-06,
        2.65322907e-03,  2.36710700e-03])}
{'img': array([[[ 0.        ,  0.0439133 , -0.05626952, ...,  0.64016996,
          0.78725199,  0.6712327 ],
        [-0.0439133 ,  0.        , -0.10005896, ...,  0.60581676,
          0.75941425,  0.6380346 ],
        [ 0.05626952,  0.10005896,  0.        , ...,  0.6823838 ,
          0.82070224,  0.7118788 ],
        ...,
        [-0.64016996, -0.60581676, -0.6823838 , ...,  0.        ,
          0.2100443 ,  0.04113945],
        [-0.78725199, -0.75941425, -0.82070224, ..., -0.2100443 ,
          0.        , -0.16964477],
        [-0.6712327 , -0.6380346 , -0.7118788 , ..., -0.04113945,
          0.16964477,  0.        ]],

       [[ 0.        ,  0.16704633,  0.7995939 , ...,  0.0100427 ,
          0.09805679, -0.38100876],
        [-0.16704633,  0.        ,  0.88867702, ..., -0.15713631,
         -0.0695623 , -0.53010149],
        [-0.7995939 , -0.88867702,  0.        , ..., -0.80558463,
         -0.85462764, -0.51047025],
        ...,
        [-0.0100427 ,  0.15713631,  0.80558463, ...,  0.        ,
          0.08805754, -0.39027474],
        [-0.09805679,  0.0695623 ,  0.85462764, ..., -0.08805754,
          0.        , -0.46983312],
        [ 0.38100876,  0.53010149,  0.51047025, ...,  0.39027474,
          0.46983312,  0.        ]],

       [[ 0.        , -0.05040254, -0.07607403, ...,  0.70070979,
          0.71421603,  0.70917069],
        [ 0.05040254,  0.        , -0.02572086, ...,  0.73577869,
          0.74858627,  0.74380497],
        [ 0.07607403,  0.02572086,  0.        , ...,  0.752954  ,
          0.7653925 ,  0.76075063],
        ...,
        [-0.70070979, -0.73577869, -0.752954  , ...,  0.        ,
          0.01911034,  0.01192907],
        [-0.71421603, -0.74858627, -0.7653925 , ..., -0.01911034,
          0.        , -0.00718209],
        [-0.70917069, -0.74380497, -0.76075063, ..., -0.01192907,
          0.00718209,  0.        ]],

       ...,

       [[ 0.        , -0.0366332 , -0.09338676, ..., -0.27656653,
          0.07428512, -0.34168846],
        [ 0.0366332 ,  0.        , -0.05685097, ..., -0.24117658,
          0.11076724, -0.30703075],
        [ 0.09338676,  0.05685097,  0.        , ..., -0.18561372,
          0.16708922, -0.25242914],
        ...,
        [ 0.27656653,  0.24117658,  0.18561372, ...,  0.        ,
          0.34719   , -0.06843993],
        [-0.07428512, -0.11076724, -0.16708922, ..., -0.34719   ,
          0.        , -0.41055853],
        [ 0.34168846,  0.30703075,  0.25242914, ...,  0.06843993,
          0.41055853,  0.        ]],

       [[ 0.        , -0.04234792, -0.09557338, ...,  0.9091925 ,
          0.91196468,  0.91704488],
        [ 0.04234792,  0.        , -0.05333357, ...,  0.92600954,
          0.9285206 ,  0.9331099 ],
        [ 0.09557338,  0.05333357,  0.        , ...,  0.94482503,
          0.94700082,  0.95096014],
        ...,
        [-0.9091925 , -0.92600954, -0.94482503, ...,  0.        ,
          0.00670699,  0.01926408],
        [-0.91196468, -0.9285206 , -0.94700082, ..., -0.00670699,
          0.        ,  0.0125579 ],
        [-0.91704488, -0.9331099 , -0.95096014, ..., -0.01926408,
         -0.0125579 ,  0.        ]],

       [[ 0.        , -0.04784014, -0.09991511, ...,  0.74874643,
          0.73976531,  0.69051387],
        [ 0.04784014,  0.        , -0.05219996, ...,  0.77960027,
          0.77110824,  0.72432693],
        [ 0.09991511,  0.05219996,  0.        , ...,  0.81122906,
          0.80329288,  0.75932903],
        ...,
        [-0.74874643, -0.77960027, -0.81122906, ...,  0.        ,
         -0.01344698, -0.083871  ],
        [-0.73976531, -0.77110824, -0.80329288, ...,  0.01344698,
          0.        , -0.07046382],
        [-0.69051387, -0.72432693, -0.75932903, ...,  0.083871  ,
          0.07046382,  0.        ]]]), 'num': array([4.73476759e-01, 4.73476759e-01, 0.00000000e+00, 1.80538747e-03,
       1.82391482e-03, 1.79303590e-03, 7.42706391e-01, 0.00000000e+00,
       1.80991638e-03, 1.87332109e-03, 1.76198543e-03, 1.12011765e-06,
       1.98426387e-03, 1.76237831e-03])}
{'img': array([[[ 0.        , -0.10005896, -0.35481245, ...,  0.75941425,
          0.6380346 ,  0.6380346 ],
        [ 0.10005896,  0.        , -0.25948296, ...,  0.82070224,
          0.7118788 ,  0.7118788 ],
        [ 0.35481245,  0.25948296,  0.        , ...,  0.94084847,
          0.86973079,  0.86973079],
        ...,
        [-0.75941425, -0.82070224, -0.94084847, ...,  0.        ,
         -0.16964477, -0.16964477],
        [-0.6380346 , -0.7118788 , -0.86973079, ...,  0.16964477,
          0.        ,  0.        ],
        [-0.6380346 , -0.7118788 , -0.86973079, ...,  0.16964477,
          0.        ,  0.        ]],

       [[ 0.        ,  0.88867702,  0.722676  , ..., -0.0695623 ,
         -0.53010149,  0.59315112],
        [-0.88867702,  0.        , -0.94561326, ..., -0.85462764,
         -0.51047025, -0.98744577],
        [-0.722676  ,  0.94561326,  0.        , ..., -0.76900595,
         -0.97918093, -0.17184174],
        ...,
        [ 0.0695623 ,  0.85462764,  0.76900595, ...,  0.        ,
         -0.46983312,  0.64771826],
        [ 0.53010149,  0.51047025,  0.97918093, ...,  0.46983312,
          0.        ,  0.92973313],
        [-0.59315112,  0.98744577,  0.17184174, ..., -0.64771826,
         -0.92973313,  0.        ]],

       [[ 0.        , -0.02572086, -0.13245214, ...,  0.74858627,
          0.74380497,  0.72442277],
        [ 0.02572086,  0.        , -0.10691408, ...,  0.7653925 ,
          0.76075063,  0.74191393],
        [ 0.13245214,  0.10691408,  0.        , ...,  0.8298115 ,
          0.82578218,  0.80934684],
        ...,
        [-0.74858627, -0.7653925 , -0.8298115 , ...,  0.        ,
         -0.00718209, -0.03572302],
        [-0.74380497, -0.76075063, -0.82578218, ...,  0.00718209,
          0.        , -0.0285446 ],
        [-0.72442277, -0.74191393, -0.80934684, ...,  0.03572302,
          0.0285446 ,  0.        ]],

       ...,

       [[ 0.        , -0.05685097, -0.24086666, ...,  0.11076724,
         -0.30703075, -0.32631465],
        [ 0.05685097,  0.        , -0.18529992, ...,  0.16708922,
         -0.25242914, -0.27204788],
        [ 0.24086666,  0.18529992,  0.        , ...,  0.34689051,
         -0.06875852, -0.08902546],
        ...,
        [-0.11076724, -0.16708922, -0.34689051, ...,  0.        ,
         -0.41055853, -0.4290106 ],
        [ 0.30703075,  0.25242914,  0.06875852, ...,  0.41055853,
          0.        , -0.02032926],
        [ 0.32631465,  0.27204788,  0.08902546, ...,  0.4290106 ,
          0.02032926,  0.        ]],

       [[ 0.        , -0.05333357, -0.07466288, ...,  0.9285206 ,
          0.9331099 ,  0.92629908],
        [ 0.05333357,  0.        , -0.0213719 , ...,  0.94700082,
          0.95096014,  0.94507624],
        [ 0.07466288,  0.0213719 ,  0.        , ...,  0.95364984,
          0.95735355,  0.95184578],
        ...,
        [-0.9285206 , -0.94700082, -0.95364984, ...,  0.        ,
          0.0125579 , -0.00593928],
        [-0.9331099 , -0.95096014, -0.95735355, ..., -0.0125579 ,
          0.        , -0.01849649],
        [-0.92629908, -0.94507624, -0.95184578, ...,  0.00593928,
          0.01849649,  0.        ]],

       [[ 0.        , -0.05219996, -0.15683032, ...,  0.77110824,
          0.72432693,  0.68114155],
        [ 0.05219996,  0.        , -0.10506248, ...,  0.80329288,
          0.75932903,  0.71843121],
        [ 0.15683032,  0.10506248,  0.        , ...,  0.86142071,
          0.8234915 ,  0.7875364 ],
        ...,
        [-0.77110824, -0.80329288, -0.86142071, ...,  0.        ,
         -0.07046382, -0.13088266],
        [-0.72432693, -0.75932903, -0.8234915 , ...,  0.07046382,
          0.        , -0.06069965],
        [-0.68114155, -0.71843121, -0.7875364 , ...,  0.13088266,
          0.06069965,  0.        ]]]), 'num': array([4.91600318e-01, 4.91600318e-01, 0.00000000e+00, 1.88945514e-03,
       1.89159253e-03, 1.86808121e-03, 7.18769381e-01, 1.49617488e-05,
       1.88261548e-03, 1.93797395e-03, 1.83210177e-03, 1.23015407e-06,
       2.04854225e-03, 1.82740565e-03])}
{'img': array([[[ 0.        , -0.25948296, -0.20657167, ...,  0.7118788 ,
          0.7118788 ,  0.76136343],
        [ 0.25948296,  0.        ,  0.05439018, ...,  0.86973079,
          0.86973079,  0.90351435],
        [ 0.20657167, -0.05439018,  0.        , ...,  0.84160039,
          0.84160039,  0.87886759],
        ...,
        [-0.7118788 , -0.86973079, -0.84160039, ...,  0.        ,
          0.        ,  0.07317827],
        [-0.7118788 , -0.86973079, -0.84160039, ...,  0.        ,
          0.        ,  0.07317827],
        [-0.76136343, -0.90351435, -0.87886759, ..., -0.07317827,
         -0.07317827,  0.        ]],

       [[ 0.        , -0.94561326, -0.86083135, ..., -0.51047025,
         -0.98744577, -0.99947489],
        [ 0.94561326,  0.        , -0.76123591, ..., -0.97918093,
         -0.17184174, -0.29448167],
        [ 0.86083135,  0.76123591,  0.        , ..., -0.48045155,
          0.63847712,  0.53651651],
        ...,
        [ 0.51047025,  0.97918093,  0.48045155, ...,  0.        ,
          0.92973313,  0.87598456],
        [ 0.98744577,  0.17184174, -0.63847712, ..., -0.92973313,
          0.        , -0.12587935],
        [ 0.99947489,  0.29448167, -0.53651651, ..., -0.87598456,
          0.12587935,  0.        ]],

       [[ 0.        , -0.10691408, -0.16597424, ...,  0.76075063,
          0.74191393,  0.75451931],
        [ 0.10691408,  0.        , -0.05959173, ...,  0.82578218,
          0.80934684,  0.82035994],
        [ 0.16597424,  0.05959173,  0.        , ...,  0.85792371,
          0.84290857,  0.85297941],
        ...,
        [-0.76075063, -0.82578218, -0.85792371, ...,  0.        ,
         -0.0285446 , -0.00954734],
        [-0.74191393, -0.80934684, -0.84290857, ...,  0.0285446 ,
          0.        ,  0.01899985],
        [-0.75451931, -0.82035994, -0.85297941, ...,  0.00954734,
         -0.01899985,  0.        ]],

       ...,

       [[ 0.        , -0.18529992, -0.25797817, ..., -0.25242914,
         -0.27204788, -0.21477688],
        [ 0.18529992,  0.        , -0.07448284, ..., -0.06875852,
         -0.08902546, -0.03008177],
        [ 0.25797817,  0.07448284,  0.        , ...,  0.00573904,
         -0.01459107,  0.04445092],
        ...,
        [ 0.25242914,  0.06875852, -0.00573904, ...,  0.        ,
         -0.02032926,  0.03871682],
        [ 0.27204788,  0.08902546,  0.01459107, ...,  0.02032926,
          0.        ,  0.05902284],
        [ 0.21477688,  0.03008177, -0.04445092, ..., -0.03871682,
         -0.05902284,  0.        ]],

       [[ 0.        , -0.0213719 , -0.05617401, ...,  0.95096014,
          0.94507624,  0.87490804],
        [ 0.0213719 ,  0.        , -0.03482302, ...,  0.95735355,
          0.95184578,  0.88505839],
        [ 0.05617401,  0.03482302,  0.        , ...,  0.96683394,
          0.96194443,  0.90073101],
        ...,
        [-0.95096014, -0.95735355, -0.96683394, ...,  0.        ,
         -0.01849649, -0.18991878],
        [-0.94507624, -0.95184578, -0.96194443, ...,  0.01849649,
          0.        , -0.17172644],
        [-0.87490804, -0.88505839, -0.90073101, ...,  0.18991878,
          0.17172644,  0.        ]],

       [[ 0.        , -0.10506248, -0.18494112, ...,  0.75932903,
          0.71843121,  0.70728779],
        [ 0.10506248,  0.        , -0.08066747, ...,  0.8234915 ,
          0.7875364 ,  0.77764476],
        [ 0.18494112,  0.08066747,  0.        , ...,  0.86657276,
          0.83468266,  0.82582643],
        ...,
        [-0.75932903, -0.8234915 , -0.86657276, ...,  0.        ,
         -0.06069965, -0.07655221],
        [-0.71843121, -0.7875364 , -0.83468266, ...,  0.06069965,
          0.        , -0.01588952],
        [-0.70728779, -0.77764476, -0.82582643, ...,  0.07655221,
          0.01588952,  0.        ]]]), 'num': array([ 6.31550408e-01,  6.31550408e-01,  0.00000000e+00,  2.39989155e-03,
        2.42460439e-03,  2.38616219e-03,  4.49711998e-01, -2.74587134e-05,
        2.41911265e-03,  2.48322875e-03,  2.35705596e-03,  1.36346715e-06,
        2.62922314e-03,  2.33723435e-03])}
{'img': array([[[ 0.        ,  0.05439018, -0.01405908, ...,  0.86973079,
          0.90351435,  0.85406584],
        [-0.05439018,  0.        , -0.06842307, ...,  0.84160039,
          0.87886759,  0.82450975],
        [ 0.01405908,  0.06842307,  0.        , ...,  0.87658336,
          0.90945018,  0.86129447],
        ...,
        [-0.86973079, -0.84160039, -0.87658336, ...,  0.        ,
          0.07317827, -0.03089938],
        [-0.90351435, -0.87886759, -0.90945018, ..., -0.07317827,
          0.        , -0.10395986],
        [-0.85406584, -0.82450975, -0.86129447, ...,  0.03089938,
          0.10395986,  0.        ]],

       [[ 0.        , -0.84772585, -0.88072765, ..., -0.21508684,
         -0.35990294, -0.99958786],
        [ 0.84772585,  0.        , -0.06566593, ...,  0.71379526,
          0.60001454, -0.50588015],
        [ 0.88072765,  0.06566593,  0.        , ...,  0.75824407,
          0.65125154, -0.44814462],
        ...,
        [ 0.21508684, -0.71379526, -0.75824407, ...,  0.        ,
         -0.15080557, -0.97001789],
        [ 0.35990294, -0.60001454, -0.65125154, ...,  0.15080557,
          0.        , -0.92227342],
        [ 0.99958786,  0.50588015,  0.44814462, ...,  0.97001789,
          0.92227342,  0.        ]],

       [[ 0.        , -0.05959173, -0.14043989, ...,  0.80934684,
          0.82035994,  0.82172081],
        [ 0.05959173,  0.        , -0.08118918, ...,  0.84290857,
          0.85297941,  0.85422122],
        [ 0.14043989,  0.08118918,  0.        , ...,  0.88381027,
          0.89253972,  0.89361223],
        ...,
        [-0.80934684, -0.84290857, -0.88381027, ...,  0.        ,
          0.01899985,  0.02138321],
        [-0.82035994, -0.85297941, -0.89253972, ..., -0.01899985,
          0.        ,  0.00238385],
        [-0.82172081, -0.85422122, -0.89361223, ..., -0.02138321,
         -0.00238385,  0.        ]],

       ...,

       [[ 0.        , -0.07448284, -0.13686857, ..., -0.08902546,
         -0.03008177, -0.18457895],
        [ 0.07448284,  0.        , -0.06270649, ..., -0.01459107,
          0.04445092, -0.11086319],
        [ 0.13686857,  0.06270649,  0.        , ...,  0.04813745,
          0.10700795, -0.04832507],
        ...,
        [ 0.08902546,  0.01459107, -0.04813745, ...,  0.        ,
          0.05902284, -0.09635026],
        [ 0.03008177, -0.04445092, -0.10700795, ..., -0.05902284,
          0.        , -0.15493052],
        [ 0.18457895,  0.11086319,  0.04832507, ...,  0.09635026,
          0.15493052,  0.        ]],

       [[ 0.        , -0.03482302, -0.04186468, ...,  0.95184578,
          0.88505839,  0.87384118],
        [ 0.03482302,  0.        , -0.0070468 , ...,  0.96194443,
          0.90073101,  0.89024254],
        [ 0.04186468,  0.0070468 ,  0.        , ...,  0.96384605,
          0.90376962,  0.89343016],
        ...,
        [-0.95184578, -0.96194443, -0.96384605, ...,  0.        ,
         -0.17172644, -0.19489853],
        [-0.88505839, -0.90073101, -0.90376962, ...,  0.17172644,
          0.        , -0.02356994],
        [-0.87384118, -0.89024254, -0.89343016, ...,  0.19489853,
          0.02356994,  0.        ]],

       [[ 0.        , -0.08066747, -0.17769974, ...,  0.7875364 ,
          0.77764476,  0.74400131],
        [ 0.08066747,  0.        , -0.09773699, ...,  0.83468266,
          0.82582643,  0.79547691],
        [ 0.17769974,  0.09773699,  0.        , ...,  0.88451325,
          0.87698888,  0.85089543],
        ...,
        [-0.7875364 , -0.83468266, -0.88451325, ...,  0.        ,
         -0.01588952, -0.06771031],
        [-0.77764476, -0.82582643, -0.87698888, ...,  0.01588952,
          0.        , -0.0518487 ],
        [-0.74400131, -0.79547691, -0.85089543, ...,  0.06771031,
          0.0518487 ,  0.        ]]]), 'num': array([6.40451308e-01, 6.40451308e-01, 0.00000000e+00, 2.44485325e-03,
       2.44485325e-03, 2.42536126e-03, 4.23787355e-01, 1.11382836e-05,
       2.44485325e-03, 2.51182218e-03, 2.39487021e-03, 1.62602681e-06,
       2.66093043e-03, 2.36271394e-03])}
{'img': array([[[ 0.        , -0.06842307, -0.0133496 , ...,  0.87886759,
          0.82450975,  0.84715085],
        [ 0.06842307,  0.        ,  0.05509866, ...,  0.90945018,
          0.86129447,  0.88152223],
        [ 0.0133496 , -0.05509866,  0.        , ...,  0.88515791,
          0.83199012,  0.8541687 ],
        ...,
        [-0.87886759, -0.90945018, -0.88515791, ...,  0.        ,
         -0.10395986, -0.06284177],
        [-0.82450975, -0.86129447, -0.83199012, ...,  0.10395986,
          0.        ,  0.04125311],
        [-0.84715085, -0.88152223, -0.8541687 , ...,  0.06284177,
         -0.04125311,  0.        ]],

       [[ 0.        , -0.06566593, -0.22131942, ...,  0.60001454,
         -0.50588015, -0.61898823],
        [ 0.06566593,  0.        , -0.15680424, ...,  0.65125154,
         -0.44814462, -0.56607821],
        [ 0.22131942,  0.15680424,  0.        , ...,  0.76218813,
         -0.30242405, -0.42981384],
        ...,
        [-0.60001454, -0.65125154, -0.76218813, ...,  0.        ,
         -0.92227342, -0.96643541],
        [ 0.50588015,  0.44814462,  0.30242405, ...,  0.92227342,
          0.        , -0.13662318],
        [ 0.61898823,  0.56607821,  0.42981384, ...,  0.96643541,
          0.13662318,  0.        ]],

       [[ 0.        , -0.08118918, -0.16870448, ...,  0.85297941,
          0.85422122,  0.83519827],
        [ 0.08118918,  0.        , -0.08812207, ...,  0.89253972,
          0.89361223,  0.87709094],
        [ 0.16870448,  0.08812207,  0.        , ...,  0.92880776,
          0.92968849,  0.91600595],
        ...,
        [-0.85297941, -0.89253972, -0.92880776, ...,  0.        ,
          0.00238385, -0.03316794],
        [-0.85422122, -0.89361223, -0.92968849, ..., -0.00238385,
          0.        , -0.03555038],
        [-0.83519827, -0.87709094, -0.91600595, ...,  0.03316794,
          0.03555038,  0.        ]],

       ...,

       [[ 0.        , -0.06270649,  0.00145087, ...,  0.04445092,
         -0.11086319,  0.0597158 ],
        [ 0.06270649,  0.        ,  0.06415443, ...,  0.10700795,
         -0.04832507,  0.12219286],
        [-0.00145087, -0.06415443,  0.        , ...,  0.04300144,
         -0.112305  ,  0.05826746],
        ...,
        [-0.04445092, -0.10700795, -0.04300144, ...,  0.        ,
         -0.15493052,  0.01528518],
        [ 0.11086319,  0.04832507,  0.112305  , ...,  0.15493052,
          0.        ,  0.17001304],
        [-0.0597158 , -0.12219286, -0.05826746, ..., -0.01528518,
         -0.17001304,  0.        ]],

       [[ 0.        , -0.0070468 , -0.01015535, ...,  0.90073101,
          0.89024254,  0.86799038],
        [ 0.0070468 ,  0.        , -0.00310866, ...,  0.90376962,
          0.89343016,  0.87146813],
        [ 0.01015535,  0.00310866,  0.        , ...,  0.90509582,
          0.89482226,  0.87298857],
        ...,
        [-0.90073101, -0.90376962, -0.90509582, ...,  0.        ,
         -0.02356994, -0.0702506 ],
        [-0.89024254, -0.89343016, -0.89482226, ...,  0.02356994,
          0.        , -0.04671938],
        [-0.86799038, -0.87146813, -0.87298857, ...,  0.0702506 ,
          0.04671938,  0.        ]],

       [[ 0.        , -0.09773699, -0.17891904, ...,  0.82582643,
          0.79547691,  0.77325064],
        [ 0.09773699,  0.        , -0.08190253, ...,  0.87698888,
          0.85089543,  0.8315236 ],
        [ 0.17891904,  0.08190253,  0.        , ...,  0.91339754,
          0.89106299,  0.87422596],
        ...,
        [-0.82582643, -0.87698888, -0.91339754, ...,  0.        ,
         -0.0518487 , -0.08760207],
        [-0.79547691, -0.85089543, -0.89106299, ...,  0.0518487 ,
          0.        , -0.03583487],
        [-0.77325064, -0.8315236 , -0.87422596, ...,  0.08760207,
          0.03583487,  0.        ]]]), 'num': array([6.04874461e-01, 6.04874461e-01, 0.00000000e+00, 2.31693217e-03,
       2.32482184e-03, 2.26696428e-03, 5.17890463e-01, 7.88966688e-06,
       2.31114642e-03, 2.36729455e-03, 2.26613149e-03, 1.61550322e-06,
       2.50852987e-03, 2.22605923e-03])}
{'img': array([[[ 0.        ,  0.05509866, -0.07353669, ...,  0.86129447,
          0.88152223,  0.8958565 ],
        [-0.05509866,  0.        , -0.12837446, ...,  0.83199012,
          0.8541687 ,  0.87001289],
        [ 0.07353669,  0.12837446,  0.        , ...,  0.89632696,
          0.91385532,  0.92610653],
        ...,
        [-0.86129447, -0.83199012, -0.89632696, ...,  0.        ,
          0.04125311,  0.0724796 ],
        [-0.88152223, -0.8541687 , -0.91385532, ..., -0.04125311,
          0.        ,  0.03127329],
        [-0.8958565 , -0.87001289, -0.92610653, ..., -0.0724796 ,
         -0.03127329,  0.        ]],

       [[ 0.        , -0.15680424,  0.11808389, ..., -0.44814462,
         -0.56607821, -0.17119615],
        [ 0.15680424,  0.        ,  0.27233034, ..., -0.30242405,
         -0.42981384, -0.01458908],
        [-0.11808389, -0.27233034,  0.        , ..., -0.55057163,
         -0.65946035, -0.28633902],
        ...,
        [ 0.44814462,  0.30242405,  0.55057163, ...,  0.        ,
         -0.13662318,  0.28848595],
        [ 0.56607821,  0.42981384,  0.65946035, ...,  0.13662318,
          0.        ,  0.41659537],
        [ 0.17119615,  0.01458908,  0.28633902, ..., -0.28848595,
         -0.41659537,  0.        ]],

       [[ 0.        , -0.08812207, -0.18546916, ...,  0.89361223,
          0.87709094,  0.88158677],
        [ 0.08812207,  0.        , -0.09815447, ...,  0.92968849,
          0.91600595,  0.91975267],
        [ 0.18546916,  0.09815447,  0.        , ...,  0.96135408,
          0.95095884,  0.95383684],
        ...,
        [-0.89361223, -0.92968849, -0.96135408, ...,  0.        ,
         -0.03555038, -0.02611338],
        [-0.87709094, -0.91600595, -0.95095884, ...,  0.03555038,
          0.        ,  0.00944138],
        [-0.88158677, -0.91975267, -0.95383684, ...,  0.02611338,
         -0.00944138,  0.        ]],

       ...,

       [[ 0.        ,  0.06415443,  0.16751952, ..., -0.04832507,
          0.12219286,  0.1752773 ],
        [-0.06415443,  0.        ,  0.10392658, ..., -0.112305  ,
          0.05826746,  0.11175496],
        [-0.16751952, -0.10392658,  0.        , ..., -0.21496598,
         -0.04579807,  0.00787424],
        ...,
        [ 0.04832507,  0.112305  ,  0.21496598, ...,  0.        ,
          0.17001304,  0.22264947],
        [-0.12219286, -0.05826746,  0.04579807, ..., -0.17001304,
          0.        ,  0.05366263],
        [-0.1752773 , -0.11175496, -0.00787424, ..., -0.22264947,
         -0.05366263,  0.        ]],

       [[ 0.        , -0.00310866, -0.01650005, ...,  0.89343016,
          0.87146813,  0.85134731],
        [ 0.00310866,  0.        , -0.01339173, ...,  0.89482226,
          0.87298857,  0.85297401],
        [ 0.01650005,  0.01339173,  0.        , ...,  0.90072039,
          0.87944198,  0.85988738],
        ...,
        [-0.89343016, -0.89482226, -0.90072039, ...,  0.        ,
         -0.04671938, -0.08626865],
        [-0.87146813, -0.87298857, -0.87944198, ...,  0.04671938,
          0.        , -0.03962924],
        [-0.85134731, -0.85297401, -0.85988738, ...,  0.08626865,
          0.03962924,  0.        ]],

       [[ 0.        , -0.08190253, -0.18042806, ...,  0.85089543,
          0.8315236 ,  0.81617358],
        [ 0.08190253,  0.        , -0.09926352, ...,  0.89106299,
          0.87422596,  0.86075536],
        [ 0.18042806,  0.09926352,  0.        , ...,  0.93171588,
          0.91810267,  0.90703125],
        ...,
        [-0.85089543, -0.89106299, -0.93171588, ...,  0.        ,
         -0.03583487, -0.06288852],
        [-0.8315236 , -0.87422596, -0.91810267, ...,  0.03583487,
          0.        , -0.02708419],
        [-0.81617358, -0.86075536, -0.90703125, ...,  0.06288852,
          0.02708419,  0.        ]]]), 'num': array([4.31183094e-01, 4.31183094e-01, 0.00000000e+00, 1.71910825e-03,
       1.73410592e-03, 1.65161872e-03, 7.92552620e-01, 6.74895277e-05,
       1.66249203e-03, 1.68555095e-03, 1.61974866e-03, 2.07135691e-06,
       1.78205678e-03, 1.58904512e-03])}
{'img': array([[[ 0.        , -0.12837446, -0.12837446, ...,  0.8541687 ,
          0.87001289,  0.99520662],
        [ 0.12837446,  0.        ,  0.        , ...,  0.91385532,
          0.92610653,  0.99952638],
        [ 0.12837446,  0.        ,  0.        , ...,  0.91385532,
          0.92610653,  0.99952638],
        ...,
        [-0.8541687 , -0.91385532, -0.91385532, ...,  0.        ,
          0.03127329,  0.43397035],
        [-0.87001289, -0.92610653, -0.92610653, ..., -0.03127329,
          0.        ,  0.40558313],
        [-0.99520662, -0.99952638, -0.99952638, ..., -0.43397035,
         -0.40558313,  0.        ]],

       [[ 0.        ,  0.27233034,  0.59998398, ..., -0.42981384,
         -0.01458908,  0.99378099],
        [-0.27233034,  0.        ,  0.35943933, ..., -0.65946035,
         -0.28633902,  0.92589524],
        [-0.59998398, -0.35943933,  0.        , ..., -0.88559229,
         -0.61159156,  0.72822711],
        ...,
        [ 0.42981384,  0.65946035,  0.88559229, ...,  0.        ,
          0.41659537,  0.94516305],
        [ 0.01458908,  0.28633902,  0.61159156, ..., -0.41659537,
          0.        ,  0.99529975],
        [-0.99378099, -0.92589524, -0.72822711, ..., -0.94516305,
         -0.99529975,  0.        ]],

       [[ 0.        , -0.09815447, -0.12173306, ...,  0.91600595,
          0.91975267,  0.95319953],
        [ 0.09815447,  0.        , -0.02372075, ...,  0.95095884,
          0.95383684,  0.97827293],
        [ 0.12173306,  0.02372075,  0.        , ...,  0.9580285 ,
          0.96069239,  0.98291548],
        ...,
        [-0.91600595, -0.95095884, -0.9580285 , ...,  0.        ,
          0.00944138,  0.10544296],
        [-0.91975267, -0.95383684, -0.96069239, ..., -0.00944138,
          0.        ,  0.09604951],
        [-0.95319953, -0.97827293, -0.98291548, ..., -0.10544296,
         -0.09604951,  0.        ]],

       ...,

       [[ 0.        ,  0.10392658, -0.73227493, ...,  0.05826746,
          0.11175496,  0.7432286 ],
        [-0.10392658,  0.        , -0.79908459, ..., -0.04579807,
          0.00787424,  0.66967321],
        [ 0.73227493,  0.79908459,  0.        , ...,  0.77071147,
          0.80379396,  0.99606488],
        ...,
        [-0.05826746,  0.04579807, -0.77071147, ...,  0.        ,
          0.05366263,  0.70298275],
        [-0.11175496, -0.00787424, -0.80379396, ..., -0.05366263,
          0.        ,  0.6638046 ],
        [-0.7432286 , -0.66967321, -0.99606488, ..., -0.70298275,
         -0.6638046 ,  0.        ]],

       [[ 0.        , -0.01339173, -0.0375751 , ...,  0.87298857,
          0.85297401,  0.81499444],
        [ 0.01339173,  0.        , -0.02418946, ...,  0.87944198,
          0.85988738,  0.82268144],
        [ 0.0375751 ,  0.02418946,  0.        , ...,  0.89069898,
          0.87198409,  0.83619249],
        ...,
        [-0.87298857, -0.87944198, -0.89069898, ...,  0.        ,
         -0.03962924, -0.1083637 ],
        [-0.85297401, -0.85988738, -0.87198409, ...,  0.03962924,
          0.        , -0.0688827 ],
        [-0.81499444, -0.82268144, -0.83619249, ...,  0.1083637 ,
          0.0688827 ,  0.        ]],

       [[ 0.        , -0.09926352, -0.19051946, ...,  0.87422596,
          0.86075536,  0.86851897],
        [ 0.09926352,  0.        , -0.09213316, ...,  0.91810267,
          0.90703125,  0.91343007],
        [ 0.19051946,  0.09213316,  0.        , ...,  0.950714  ,
          0.94196726,  0.94704277],
        ...,
        [-0.87422596, -0.91810267, -0.950714  , ...,  0.        ,
         -0.02708419, -0.01163257],
        [-0.86075536, -0.90703125, -0.94196726, ...,  0.02708419,
          0.        ,  0.01545405],
        [-0.86851897, -0.91343007, -0.94704277, ...,  0.01163257,
         -0.01545405,  0.        ]]]), 'num': array([5.60033218e-01, 5.60033218e-01, 0.00000000e+00, 2.26691707e-03,
       2.28883141e-03, 2.25230751e-03, 6.10480572e-01, 3.40889785e-05,
       2.18218161e-03, 2.18826893e-03, 2.10982369e-03, 2.97958177e-06,
       2.31085100e-03, 2.06568685e-03])}
{'img': array([[[ 0.        ,  0.        ,  0.04484776, ...,  0.92610653,
          0.99952638,  0.97130902],
        [ 0.        ,  0.        ,  0.04484776, ...,  0.92610653,
          0.99952638,  0.97130902],
        [-0.04484776, -0.04484776,  0.        , ...,  0.90825535,
          0.99990082,  0.98099746],
        ...,
        [-0.92610653, -0.92610653, -0.90825535, ...,  0.        ,
          0.40558313,  0.58668559],
        [-0.99952638, -0.99952638, -0.99990082, ..., -0.40558313,
          0.        ,  0.20781753],
        [-0.97130902, -0.97130902, -0.98099746, ..., -0.58668559,
         -0.20781753,  0.        ]],

       [[ 0.        ,  0.35943933, -0.30355041, ..., -0.28633902,
          0.92589524,  0.07576745],
