state_0,state_1,state_2,state_3,state_4,state_5,state_6,state_7,state_8,state_9,state_10,state_11,state_12,state_13,state_14,state_15,state_16,state_17,state_18,state_19,state_20,state_21,state_22,state_23,state_24,state_25,state_26,state_27,state_28,state_29,state_30,state_31,state_32,state_33,state_34,state_35,state_36,state_37,state_38,state_39,state_40,state_41,state_42,state_43,state_44,state_45,state_46,state_47,state_48,state_49,state_50,state_51,state_52,state_53,state_54,state_55,state_56,state_57,state_58,state_59,state_60,state_61,state_62,state_63,state_64,state_65,state_66,state_67,state_68,state_69,state_70,state_71,state_72,state_73,state_74,state_75,state_76,state_77,state_78,state_79,state_80,state_81,state_82,state_83,state_84,state_85,state_86,state_87,state_88,state_89,state_90,state_91,state_92,state_93,state_94,state_95,state_96,state_97,state_98,state_99,state_100,state_101,state_102,state_103,state_104,state_105,state_106,state_107,state_108,state_109,state_110,state_111,state_112,state_113,state_114,state_115,state_116,state_117,state_118,state_119,state_120,state_121,state_122,state_123,state_124,state_125,state_126,state_127,state_128,state_129,state_130,state_131,state_132,state_133,state_134,state_135,state_136,state_137,state_138,state_139,state_140,state_141,state_142,state_143,state_144,state_145,state_146,state_147,state_148,state_149,state_150,state_151,state_152,state_153,state_154,state_155,state_156,state_157,state_158,state_159,state_160,state_161,state_162,state_163,state_164,state_165,state_166,state_167,state_168,state_169,state_170,state_171,state_172,state_173,state_174,state_175,state_176,state_177,state_178,state_179,state_180,state_181,state_182,state_183,state_184,state_185,state_186,state_187,state_188,state_189,state_190,state_191,state_192,state_193,state_194,state_195,state_196,state_197,state_198,state_199,state_200,state_201,state_202,state_203,state_204,state_205,state_206,state_207,state_208,state_209,state_210,state_211,state_212,state_213,state_214,state_215,state_216,state_217,state_218,state_219,state_220,state_221,state_222,state_223,state_224,state_225,state_226,state_227,state_228,state_229,state_230,state_231,state_232,state_233,state_234,state_235,state_236,state_237,state_238,state_239,state_240,state_241,state_242,state_243,state_244,state_245,state_246,state_247,state_248,state_249,state_250,state_251,state_252,state_253,state_254,state_255,state_256,state_257,state_258,state_259,state_260,state_261,state_262,state_263,state_264,state_265,state_266,state_267,state_268,state_269,state_270,state_271,state_272,state_273,state_274,state_275,state_276,state_277,state_278,state_279,state_280,state_281,state_282,state_283,state_284,state_285,state_286,state_287
{'img': array([[[ 0.00000000e+00, -1.01630412e-01, -4.28134123e-01, ...,
         -9.92425107e-01, -9.99672668e-01, -7.33270830e-01],
        [ 1.01630412e-01,  0.00000000e+00, -3.34072392e-01, ...,
         -9.99771967e-01, -9.91896444e-01, -6.60371874e-01],
        [ 4.28134123e-01,  3.34072392e-01,  0.00000000e+00, ...,
         -9.49466431e-01, -8.92465875e-01, -3.71563905e-01],
        ...,
        [ 9.92425107e-01,  9.99771967e-01,  9.49466431e-01, ...,
          0.00000000e+00,  1.48201451e-01,  7.64869401e-01],
        [ 9.99672668e-01,  9.91896444e-01,  8.92465875e-01, ...,
         -1.48201451e-01,  0.00000000e+00,  6.60953888e-01],
        [ 7.33270830e-01,  6.60371874e-01,  3.71563905e-01, ...,
         -7.64869401e-01, -6.60953888e-01,  0.00000000e+00]],

       [[ 0.00000000e+00, -1.83859016e-01, -2.07703053e-01, ...,
         -1.23108028e-01,  1.48864979e-01,  7.59346855e-01],
        [ 1.83859016e-01,  0.00000000e+00, -2.43128570e-02, ...,
          6.14510912e-02,  3.28137594e-01,  6.26767485e-01],
        [ 2.07703053e-01,  2.43128570e-02,  0.00000000e+00, ...,
          8.56998343e-02,  3.51007249e-01,  6.07637480e-01],
        ...,
        [ 1.23108028e-01, -6.14510912e-02, -8.56998343e-02, ...,
          0.00000000e+00,  2.69468905e-01,  6.73466034e-01],
        [-1.48864979e-01, -3.28137594e-01, -3.51007249e-01, ...,
         -2.69468905e-01,  0.00000000e+00,  8.47750224e-01],
        [-7.59346855e-01, -6.26767485e-01, -6.07637480e-01, ...,
         -6.73466034e-01, -8.47750224e-01,  0.00000000e+00]],

       [[ 0.00000000e+00, -2.33660111e-01, -4.74888196e-01, ...,
         -3.34685539e-01, -4.83340349e-01, -8.02754908e-01],
        [ 2.33660111e-01,  0.00000000e+00, -2.56110824e-01, ...,
         -5.45605790e-01, -6.74514346e-01, -9.19866973e-01],
        [ 4.74888196e-01,  2.56110824e-01,  0.00000000e+00, ...,
         -7.42040049e-01, -8.41094379e-01, -9.89641514e-01],
        ...,
        [ 3.34685539e-01,  5.45605790e-01,  7.42040049e-01, ...,
          0.00000000e+00,  1.62471442e-01,  5.56883894e-01],
        [ 4.83340349e-01,  6.74514346e-01,  8.41094379e-01, ...,
         -1.62471442e-01,  0.00000000e+00,  4.14537503e-01],
        [ 8.02754908e-01,  9.19866973e-01,  9.89641514e-01, ...,
         -5.56883894e-01, -4.14537503e-01,  0.00000000e+00]],

       ...,

       [[ 0.00000000e+00,  2.38445577e-02,  3.61354289e-02, ...,
          5.67234433e-01,  5.45870043e-01,  8.62888773e-01],
        [-2.38445577e-02,  0.00000000e+00,  1.22961699e-02, ...,
          5.47435818e-01,  5.25736204e-01,  8.50592542e-01],
        [-3.61354289e-02, -1.22961699e-02,  0.00000000e+00, ...,
          5.37104410e-01,  5.15236749e-01,  8.44062598e-01],
        ...,
        [-5.67234433e-01, -5.47435818e-01, -5.37104410e-01, ...,
          0.00000000e+00, -2.57138809e-02,  4.23960742e-01],
        [-5.45870043e-01, -5.25736204e-01, -5.15236749e-01, ...,
          2.57138809e-02,  0.00000000e+00,  4.47109119e-01],
        [-8.62888773e-01, -8.50592542e-01, -8.44062598e-01, ...,
         -4.23960742e-01, -4.47109119e-01,  0.00000000e+00]],

       [[ 0.00000000e+00, -1.52927694e-01, -1.12827884e-01, ...,
         -3.50949793e-01, -3.70351932e-01, -7.06685678e-01],
        [ 1.52927694e-01,  0.00000000e+00,  4.04504487e-02, ...,
         -4.90022322e-01, -5.08048861e-01, -8.06573773e-01],
        [ 1.12827884e-01, -4.04504487e-02,  0.00000000e+00, ...,
         -4.54360205e-01, -4.72791932e-01, -7.82002016e-01],
        ...,
        [ 3.50949793e-01,  4.90022322e-01,  4.54360205e-01, ...,
          0.00000000e+00,  2.08011454e-02,  4.13429748e-01],
        [ 3.70351932e-01,  5.08048861e-01,  4.72791932e-01, ...,
         -2.08011454e-02,  0.00000000e+00,  3.94400103e-01],
        [ 7.06685678e-01,  8.06573773e-01,  7.82002016e-01, ...,
         -4.13429748e-01, -3.94400103e-01,  0.00000000e+00]],

       [[ 0.00000000e+00, -8.43423908e-02, -2.23991528e-01, ...,
         -8.55054769e-01, -8.55135719e-01, -7.96793999e-01],
        [ 8.43423908e-02,  0.00000000e+00, -1.40994066e-01, ...,
         -8.95742775e-01, -8.95812176e-01, -8.44918866e-01],
        [ 2.23991528e-01,  1.40994066e-01,  0.00000000e+00, ...,
         -9.49476811e-01, -9.49525800e-01, -9.11895447e-01],
        ...,
        [ 8.55054769e-01,  8.95742775e-01,  9.49476811e-01, ...,
          0.00000000e+00,  1.56131247e-04, -1.03500013e-01],
        [ 8.55135719e-01,  8.95812176e-01,  9.49525800e-01, ...,
         -1.56131247e-04,  0.00000000e+00, -1.03655304e-01],
        [ 7.96793999e-01,  8.44918866e-01,  9.11895447e-01, ...,
          1.03500013e-01,  1.03655304e-01,  0.00000000e+00]]]), 'num': array([ 9.96861669e-01,  7.89981082e-02,  1.72530744e-05,  9.24706388e-05,
        9.57731616e-05,  9.09062859e-05,  5.10348584e-03, -2.95488883e-06,
        9.05934153e-05,  8.87075009e-05,  9.26980493e-05,  9.43906834e-08,
        9.40972572e-05,  8.33177447e-05])}
{'img': array([[[ 0.        , -0.33407239, -0.45373081, ..., -0.99189644,
         -0.66037187, -0.87499789],
        [ 0.33407239,  0.        , -0.12995793, ..., -0.89246588,
         -0.3715639 , -0.66299363],
        [ 0.45373081,  0.12995793,  0.        , ..., -0.82627136,
         -0.24775895, -0.56008135],
        ...,
        [ 0.99189644,  0.89246588,  0.82627136, ...,  0.        ,
          0.66095389,  0.36903599],
        [ 0.66037187,  0.3715639 ,  0.24775895, ..., -0.66095389,
          0.        , -0.33736613],
        [ 0.87499789,  0.66299363,  0.56008135, ..., -0.36903599,
          0.33736613,  0.        ]],

       [[ 0.        , -0.02431286, -0.12048177, ...,  0.32813759,
          0.62676749,  0.55492673],
        [ 0.02431286,  0.        , -0.09631041, ...,  0.35100725,
          0.60763748,  0.57498854],
        [ 0.12048177,  0.09631041,  0.        , ...,  0.43955798,
          0.52832166,  0.65111309],
        ...,
        [-0.32813759, -0.35100725, -0.43955798, ...,  0.        ,
          0.84775022,  0.251223  ],
        [-0.62676749, -0.60763748, -0.52832166, ..., -0.84775022,
          0.        , -0.95380981],
        [-0.55492673, -0.57498854, -0.65111309, ..., -0.251223  ,
          0.95380981,  0.        ]],

       [[ 0.        , -0.42235018, -0.6015563 , ..., -0.48649347,
         -0.80693279, -0.94114191],
        [ 0.42235018,  0.        , -0.20788416, ..., -0.8099743 ,
         -0.9808886 , -0.99584115],
        [ 0.6015563 ,  0.20788416,  0.        , ..., -0.91419602,
         -0.99990763, -0.95514584],
        ...,
        [ 0.48649347,  0.8099743 ,  0.91419602, ...,  0.        ,
          0.41766034,  0.65782034],
        [ 0.80693279,  0.9808886 ,  0.99990763, ..., -0.41766034,
          0.        ,  0.28312642],
        [ 0.94114191,  0.99584115,  0.95514584, ..., -0.65782034,
         -0.28312642,  0.        ]],

       ...,

       [[ 0.        ,  0.01229617,  0.        , ...,  0.5257362 ,
          0.85059254,  0.57964588],
        [-0.01229617,  0.        , -0.01229617, ...,  0.51523675,
          0.8440626 ,  0.5695823 ],
        [ 0.        ,  0.01229617,  0.        , ...,  0.5257362 ,
          0.85059254,  0.57964588],
        ...,
        [-0.5257362 , -0.51523675, -0.5257362 , ...,  0.        ,
          0.44710912,  0.06466855],
        [-0.85059254, -0.8440626 , -0.85059254, ..., -0.44710912,
          0.        , -0.38832855],
        [-0.57964588, -0.5695823 , -0.57964588, ..., -0.06466855,
          0.38832855,  0.        ]],

       [[ 0.        ,  0.10372888, -0.10570424, ..., -0.46525101,
         -0.77709901, -0.82783635],
        [-0.10372888,  0.        , -0.20828178, ..., -0.37092267,
         -0.70762233, -0.76518193],
        [ 0.10570424,  0.20828178,  0.        , ..., -0.55621165,
         -0.83927337, -0.88249537],
        ...,
        [ 0.46525101,  0.37092267,  0.55621165, ...,  0.        ,
          0.39505264,  0.47179148],
        [ 0.77709901,  0.70762233,  0.83927337, ..., -0.39505264,
          0.        ,  0.08509331],
        [ 0.82783635,  0.76518193,  0.88249537, ..., -0.47179148,
         -0.08509331,  0.        ]],

       [[ 0.        , -0.14099407, -0.2676524 , ..., -0.89581218,
         -0.84491887, -0.87255243],
        [ 0.14099407,  0.        , -0.12912869, ..., -0.9495258 ,
         -0.91189545, -0.9327145 ],
        [ 0.2676524 ,  0.12912869,  0.        , ..., -0.98208247,
         -0.95725825, -0.9714715 ],
        ...,
        [ 0.89581218,  0.9495258 ,  0.98208247, ...,  0.        ,
         -0.1036553 , -0.04983165],
        [ 0.84491887,  0.91189545,  0.95725825, ...,  0.1036553 ,
          0.        ,  0.05396331],
        [ 0.87255243,  0.9327145 ,  0.9714715 , ...,  0.04983165,
         -0.05396331,  0.        ]]]), 'num': array([7.06925567e-01, 7.06925567e-01, 0.00000000e+00, 5.60701379e-04,
       5.65961242e-04, 5.50181654e-04, 2.25844519e-02, 1.05197257e-06,
       5.53968755e-04, 5.38136568e-04, 5.60289357e-04, 5.44377413e-07,
       5.72353825e-04, 5.03919310e-04])}
{'img': array([[[ 0.        , -0.12995793,  0.02807464, ..., -0.3715639 ,
         -0.66299363, -0.64815267],
        [ 0.12995793,  0.        ,  0.15774326, ..., -0.24775895,
         -0.56008135, -0.5436917 ],
        [-0.02807464, -0.15774326,  0.        , ..., -0.39748214,
         -0.68374967, -0.66927631],
        ...,
        [ 0.3715639 ,  0.24775895,  0.39748214, ...,  0.        ,
         -0.33736613, -0.31879994],
        [ 0.66299363,  0.56008135,  0.68374967, ...,  0.33736613,
          0.        ,  0.01965324],
        [ 0.64815267,  0.5436917 ,  0.66927631, ...,  0.31879994,
         -0.01965324,  0.        ]],

       [[ 0.        , -0.09631041, -0.06976224, ...,  0.60763748,
          0.57498854,  0.33085624],
        [ 0.09631041,  0.        ,  0.02663783, ...,  0.52832166,
          0.65111309,  0.42020453],
        [ 0.06976224, -0.02663783,  0.        , ...,  0.55075088,
          0.63066444,  0.39588347],
        ...,
        [-0.60763748, -0.52832166, -0.55075088, ...,  0.        ,
         -0.95380981, -0.83618688],
        [-0.57498854, -0.65111309, -0.63066444, ...,  0.95380981,
          0.        , -0.27191203],
        [-0.33085624, -0.42020453, -0.39588347, ...,  0.83618688,
          0.27191203,  0.        ]],

       [[ 0.        , -0.22804343, -0.27450282, ..., -0.96971026,
         -0.99909194, -0.98466787],
        [ 0.22804343,  0.        , -0.04798649, ..., -0.99986078,
         -0.96305074, -0.91894301],
        [ 0.27450282,  0.04798649,  0.        , ..., -0.99950963,
         -0.94901757, -0.89895897],
        ...,
        [ 0.96971026,  0.99986078,  0.99950963, ...,  0.        ,
          0.28535203,  0.40966897],
        [ 0.99909194,  0.96305074,  0.94901757, ..., -0.28535203,
          0.        ,  0.13232817],
        [ 0.98466787,  0.91894301,  0.89895897, ..., -0.40966897,
         -0.13232817,  0.        ]],

       ...,

       [[ 0.        , -0.01229617,  0.20089139, ...,  0.8440626 ,
          0.5695823 ,  0.48167853],
        [ 0.01229617,  0.        ,  0.2129217 , ...,  0.85059254,
          0.57964588,  0.49241784],
        [-0.20089139, -0.2129217 ,  0.        , ...,  0.7191282 ,
          0.39285099,  0.29580803],
        ...,
        [-0.8440626 , -0.85059254, -0.7191282 , ...,  0.        ,
         -0.38832855, -0.48139502],
        [-0.5695823 , -0.57964588, -0.39285099, ...,  0.38832855,
          0.        , -0.10324419],
        [-0.48167853, -0.49241784, -0.29580803, ...,  0.48139502,
          0.10324419,  0.        ]],

       [[ 0.        , -0.20828178, -0.28577832, ..., -0.70762233,
         -0.76518193, -0.81867947],
        [ 0.20828178,  0.        , -0.07991533, ..., -0.83927337,
         -0.88249537, -0.92033087],
        [ 0.28577832,  0.07991533,  0.        , ..., -0.88003982,
         -0.91725871, -0.94864548],
        ...,
        [ 0.70762233,  0.83927337,  0.88003982, ...,  0.        ,
          0.08509331,  0.17211878],
        [ 0.76518193,  0.88249537,  0.91725871, ..., -0.08509331,
          0.        ,  0.0876711 ],
        [ 0.81867947,  0.92033087,  0.94864548, ..., -0.17211878,
         -0.0876711 ,  0.        ]],

       [[ 0.        , -0.12912869, -0.18640686, ..., -0.91189545,
         -0.9327145 , -0.92947345],
        [ 0.12912869,  0.        , -0.05798082, ..., -0.95725825,
         -0.9714715 , -0.96932591],
        [ 0.18640686,  0.05798082,  0.        , ..., -0.97241791,
         -0.98358771, -0.98194568],
        ...,
        [ 0.91189545,  0.95725825,  0.97241791, ...,  0.        ,
          0.05396331,  0.04508869],
        [ 0.9327145 ,  0.9714715 ,  0.98358771, ..., -0.05396331,
          0.        , -0.00888544],
        [ 0.92947345,  0.96932591,  0.98194568, ..., -0.04508869,
          0.00888544,  0.        ]]]), 'num': array([ 7.06712088e-01,  7.06712088e-01,  0.00000000e+00,  5.44757234e-04,
        5.78410191e-04,  5.36343995e-04,  3.33711551e-02, -1.57748234e-05,
        5.56325438e-04,  5.38999424e-04,  5.59296363e-04,  4.95684472e-07,
        5.72725383e-04,  5.05273465e-04])}
{'img': array([[[ 0.        ,  0.15774326,  0.21553851, ..., -0.56008135,
         -0.5436917 , -0.76480338],
        [-0.15774326,  0.        ,  0.05880445, ..., -0.68374967,
         -0.66927631, -0.85685643],
        [-0.21553851, -0.05880445,  0.        , ..., -0.72547704,
         -0.71181065, -0.88569059],
        ...,
        [ 0.56008135,  0.68374967,  0.72547704, ...,  0.        ,
          0.01965324, -0.27275177],
        [ 0.5436917 ,  0.66927631,  0.71181065, ..., -0.01965324,
          0.        , -0.29160717],
        [ 0.76480338,  0.85685643,  0.88569059, ...,  0.27275177,
          0.29160717,  0.        ]],

       [[ 0.        ,  0.02663783, -0.22636986, ...,  0.65111309,
          0.42020453,  0.70774421],
        [-0.02663783,  0.        , -0.25223588, ...,  0.63066444,
          0.39588347,  0.68867428],
        [ 0.22636986,  0.25223588,  0.        , ...,  0.80602148,
          0.61471129,  0.84929542],
        ...,
        [-0.65111309, -0.63066444, -0.80602148, ...,  0.        ,
         -0.27191203,  0.07717315],
        [-0.42020453, -0.39588347, -0.61471129, ...,  0.27191203,
          0.        ,  0.34536654],
        [-0.70774421, -0.68867428, -0.84929542, ..., -0.07717315,
         -0.34536654,  0.        ]],

       [[ 0.        , -0.04798649, -0.11464397, ..., -0.96305074,
         -0.91894301, -0.89467312],
        [ 0.04798649,  0.        , -0.0668418 , ..., -0.94901757,
         -0.89895897, -0.87220586],
        [ 0.11464397,  0.0668418 ,  0.        , ..., -0.92582509,
         -0.86766962, -0.83756031],
        ...,
        [ 0.96305074,  0.94901757,  0.92582509, ...,  0.        ,
          0.13232817,  0.18926199],
        [ 0.91894301,  0.89895897,  0.86766962, ..., -0.13232817,
          0.        ,  0.05766106],
        [ 0.89467312,  0.87220586,  0.83756031, ..., -0.18926199,
         -0.05766106,  0.        ]],

       ...,

       [[ 0.        ,  0.2129217 ,  0.25026607, ...,  0.57964588,
          0.49241784,  0.33660345],
        [-0.2129217 ,  0.        ,  0.03838138, ...,  0.39285099,
          0.29580803,  0.12838792],
        [-0.25026607, -0.03838138,  0.        , ...,  0.35726593,
          0.25892636,  0.09022958],
        ...,
        [-0.57964588, -0.39285099, -0.35726593, ...,  0.        ,
         -0.10324419, -0.27153397],
        [-0.49241784, -0.29580803, -0.25892636, ...,  0.10324419,
          0.        , -0.17071771],
        [-0.33660345, -0.12838792, -0.09022958, ...,  0.27153397,
          0.17071771,  0.        ]],

       [[ 0.        , -0.19895974, -0.38992244, ..., -0.76848731,
         -0.82197027, -0.83109036],
        [ 0.19895974,  0.        , -0.19891536, ..., -0.88043083,
         -0.91885078, -0.92512388],
        [ 0.38992244,  0.19891536,  0.        , ..., -0.95715751,
         -0.97898212, -0.9821581 ],
        ...,
        [ 0.76848731,  0.88043083,  0.95715751, ...,  0.        ,
          0.08827314,  0.10440113],
        [ 0.82197027,  0.91885078,  0.97898212, ..., -0.08827314,
          0.        ,  0.01620282],
        [ 0.83109036,  0.92512388,  0.9821581 , ..., -0.10440113,
         -0.01620282,  0.        ]],

       [[ 0.        , -0.05798082, -0.07486641, ..., -0.9714715 ,
         -0.96932591, -0.97826259],
        [ 0.05798082,  0.        , -0.01692236, ..., -0.98358771,
         -0.98194568, -0.98864034],
        [ 0.07486641,  0.01692236,  0.        , ..., -0.98650018,
         -0.98500615, -0.99104221],
        ...,
        [ 0.9714715 ,  0.98358771,  0.98650018, ...,  0.        ,
         -0.00888544,  0.03054714],
        [ 0.96932591,  0.98194568,  0.98500615, ...,  0.00888544,
          0.        ,  0.03942723],
        [ 0.97826259,  0.98864034,  0.99104221, ..., -0.03054714,
         -0.03942723,  0.        ]]]), 'num': array([7.06808920e-01, 7.06808920e-01, 0.00000000e+00, 5.54298066e-04,
       5.67971453e-04, 5.38521082e-04, 2.89806593e-02, 9.46619089e-06,
       5.59346701e-04, 5.40572090e-04, 5.58794507e-04, 5.56046598e-07,
       5.74211410e-04, 5.06932769e-04])}
{'img': array([[[ 0.        ,  0.05880445, -0.13307518, ..., -0.66927631,
         -0.85685643, -0.75192164],
        [-0.05880445,  0.        , -0.19112634, ..., -0.71181065,
         -0.88569059, -0.78938743],
        [ 0.13307518,  0.19112634,  0.        , ..., -0.56444706,
         -0.78062791, -0.65750386],
        ...,
        [ 0.66927631,  0.71181065,  0.56444706, ...,  0.        ,
         -0.29160717, -0.11746592],
        [ 0.85685643,  0.88569059,  0.78062791, ...,  0.29160717,
          0.        ,  0.17722771],
        [ 0.75192164,  0.78938743,  0.65750386, ...,  0.11746592,
         -0.17722771,  0.        ]],

       [[ 0.        , -0.25223588, -0.21367613, ...,  0.39588347,
          0.68867428,  0.58285524],
        [ 0.25223588,  0.        ,  0.0396433 , ...,  0.61471129,
          0.84929542,  0.76896989],
        [ 0.21367613, -0.0396433 ,  0.        , ...,  0.58295932,
          0.82769937,  0.74302204],
        ...,
        [-0.39588347, -0.61471129, -0.58295932, ...,  0.        ,
          0.34536654,  0.213551  ],
        [-0.68867428, -0.84929542, -0.82769937, ..., -0.34536654,
          0.        , -0.13698885],
        [-0.58285524, -0.76896989, -0.74302204, ..., -0.213551  ,
          0.13698885,  0.        ]],

       [[ 0.        , -0.0668418 , -0.16126231, ..., -0.89895897,
         -0.87220586, -0.83766072],
        [ 0.0668418 ,  0.        , -0.09493471, ..., -0.86766962,
         -0.83756031, -0.79927897],
        [ 0.16126231,  0.09493471,  0.        , ..., -0.81655483,
         -0.78191038, -0.73861705],
        ...,
        [ 0.89895897,  0.86766962,  0.81655483, ...,  0.        ,
          0.05766106,  0.12408032],
        [ 0.87220586,  0.83756031,  0.78191038, ..., -0.05766106,
          0.        ,  0.06665841],
        [ 0.83766072,  0.79927897,  0.73861705, ..., -0.12408032,
         -0.06665841,  0.        ]],

       ...,

       [[ 0.        ,  0.03838138,  0.03838138, ...,  0.29580803,
          0.12838792,  0.33781596],
        [-0.03838138,  0.        ,  0.        , ...,  0.25892636,
          0.09022958,  0.30144202],
        [-0.03838138,  0.        ,  0.        , ...,  0.25892636,
          0.09022958,  0.30144202],
        ...,
        [-0.29580803, -0.25892636, -0.25892636, ...,  0.        ,
         -0.17071771,  0.0442797 ],
        [-0.12838792, -0.09022958, -0.09022958, ...,  0.17071771,
          0.        ,  0.21417993],
        [-0.33781596, -0.30144202, -0.30144202, ..., -0.0442797 ,
         -0.21417993,  0.        ]],

       [[ 0.        , -0.34050503, -0.58891789, ..., -0.82496494,
         -0.83407195, -0.85617683],
        [ 0.34050503,  0.        , -0.278532  , ..., -0.96811522,
         -0.97207159, -0.98094714],
        [ 0.58891789,  0.278532  ,  0.        , ..., -0.9995777 ,
         -0.9989709 , -0.99623982],
        ...,
        [ 0.82496494,  0.96811522,  0.9995777 , ...,  0.        ,
          0.01630746,  0.05765208],
        [ 0.83407195,  0.97207159,  0.9989709 , ..., -0.01630746,
          0.        ,  0.04136408],
        [ 0.85617683,  0.98094714,  0.99623982, ..., -0.05765208,
         -0.04136408,  0.        ]],

       [[ 0.        , -0.01692236,  0.01003164, ..., -0.98194568,
         -0.98864034, -0.993893  ],
        [ 0.01692236,  0.        ,  0.02695171, ..., -0.98500615,
         -0.99104221, -0.99561803],
        [-0.01003164, -0.02695171,  0.        , ..., -0.97999865,
         -0.98708283, -0.99273602],
        ...,
        [ 0.98194568,  0.98500615,  0.97999865, ...,  0.        ,
          0.03942723,  0.07965209],
        [ 0.98864034,  0.99104221,  0.98708283, ..., -0.03942723,
          0.        ,  0.0402882 ],
        [ 0.993893  ,  0.99561803,  0.99273602, ..., -0.07965209,
         -0.0402882 ,  0.        ]]]), 'num': array([ 7.07016413e-01,  7.07016413e-01,  0.00000000e+00,  5.44991819e-04,
        5.63929758e-04,  5.44991819e-04,  1.59113728e-02, -9.46896982e-06,
        5.52987838e-04,  5.41309441e-04,  5.58116863e-04,  5.74506210e-07,
        5.74833564e-04,  5.07785319e-04])}
{'img': array([[[ 0.        , -0.19112634,  0.34806887, ..., -0.88569059,
         -0.78938743, -0.88569059],
        [ 0.19112634,  0.        ,  0.52082739, ..., -0.78062791,
         -0.65750386, -0.78062791],
        [-0.34806887, -0.52082739,  0.        , ..., -0.99190745,
         -0.95370407, -0.99190745],
        ...,
        [ 0.88569059,  0.78062791,  0.99190745, ...,  0.        ,
          0.17722771,  0.        ],
        [ 0.78938743,  0.65750386,  0.95370407, ..., -0.17722771,
          0.        , -0.17722771],
        [ 0.88569059,  0.78062791,  0.99190745, ...,  0.        ,
          0.17722771,  0.        ]],

       [[ 0.        ,  0.0396433 ,  0.58057569, ...,  0.84929542,
          0.76896989,  0.38729816],
        [-0.0396433 ,  0.        ,  0.54784148, ...,  0.82769937,
          0.74302204,  0.35044438],
        [-0.58057569, -0.54784148,  0.        , ...,  0.38500536,
          0.25494679, -0.21992379],
        ...,
        [-0.84929542, -0.82769937, -0.38500536, ...,  0.        ,
         -0.13698885, -0.57855012],
        [-0.76896989, -0.74302204, -0.25494679, ...,  0.13698885,
          0.        , -0.46136137],
        [-0.38729816, -0.35044438,  0.21992379, ...,  0.57855012,
          0.46136137,  0.        ]],

       [[ 0.        , -0.09493471, -0.01417807, ..., -0.83756031,
         -0.79927897, -0.87946031],
        [ 0.09493471,  0.        ,  0.08081114, ..., -0.78191038,
         -0.73861705, -0.83030194],
        [ 0.01417807, -0.08081114,  0.        , ..., -0.82973001,
         -0.79067818, -0.87262354],
        ...,
        [ 0.83756031,  0.78191038,  0.82973001, ...,  0.        ,
          0.06665841, -0.08183318],
        [ 0.79927897,  0.73861705,  0.79067818, ..., -0.06665841,
          0.        , -0.14808601],
        [ 0.87946031,  0.83030194,  0.87262354, ...,  0.08183318,
          0.14808601,  0.        ]],

       ...,

       [[ 0.        ,  0.        ,  0.51194404, ...,  0.09022958,
          0.30144202,  0.36910738],
        [ 0.        ,  0.        ,  0.51194404, ...,  0.09022958,
          0.30144202,  0.36910738],
        [-0.51194404, -0.51194404,  0.        , ..., -0.43234691,
         -0.22918634, -0.15872383],
        ...,
        [-0.09022958, -0.09022958,  0.43234691, ...,  0.        ,
          0.21417993,  0.28374361],
        [-0.30144202, -0.30144202,  0.22918634, ..., -0.21417993,
          0.        ,  0.07178194],
        [-0.36910738, -0.36910738,  0.15872383, ..., -0.28374361,
         -0.07178194,  0.        ]],

       [[ 0.        , -0.5036922 , -0.67808325, ..., -0.84304236,
         -0.86498525, -0.87161921],
        [ 0.5036922 ,  0.        , -0.21557845, ..., -0.99919955,
         -0.9999976 , -0.99987884],
        [ 0.67808325,  0.21557845,  0.        , ..., -0.98432874,
         -0.97601161, -0.97301242],
        ...,
        [ 0.84304236,  0.99919955,  0.98432874, ...,  0.        ,
          0.0421935 ,  0.0555524 ],
        [ 0.86498525,  0.9999976 ,  0.97601161, ..., -0.0421935 ,
          0.        ,  0.01337459],
        [ 0.87161921,  0.99987884,  0.97301242, ..., -0.0555524 ,
         -0.01337459,  0.        ]],

       [[ 0.        ,  0.02695171,  0.13840263, ..., -0.99104221,
         -0.99561803, -0.99709775],
        [-0.02695171,  0.        ,  0.11166003, ..., -0.98708283,
         -0.99273602, -0.99468365],
        [-0.13840263, -0.11166003,  0.        , ..., -0.96302093,
         -0.97309377, -0.97696485],
        ...,
        [ 0.99104221,  0.98708283,  0.96302093, ...,  0.        ,
          0.0402882 ,  0.05771138],
        [ 0.99561803,  0.99273602,  0.97309377, ..., -0.0402882 ,
          0.        ,  0.01744347],
        [ 0.99709775,  0.99468365,  0.97696485, ..., -0.05771138,
         -0.01744347,  0.        ]]]), 'num': array([7.15997434e-01, 6.98003718e-01, 3.40790070e-07, 5.62303615e-04,
       5.66563491e-04, 5.54848832e-04, 1.16620705e-02, 1.06496897e-05,
       5.58895714e-04, 5.48565515e-04, 5.64229434e-04, 6.08553696e-07,
       5.83072153e-04, 5.14058877e-04])}
{'img': array([[[ 0.        ,  0.52082739,  0.31913455, ..., -0.65750386,
         -0.78062791, -0.64259812],
        [-0.52082739,  0.        , -0.22115998, ..., -0.95370407,
         -0.99190745, -0.94762132],
        [-0.31913455,  0.22115998,  0.        , ..., -0.8635749 ,
         -0.93926626, -0.85351827],
        ...,
        [ 0.65750386,  0.95370407,  0.8635749 , ...,  0.        ,
         -0.17722771,  0.01961539],
        [ 0.78062791,  0.99190745,  0.93926626, ...,  0.17722771,
          0.        ,  0.19649848],
        [ 0.64259812,  0.94762132,  0.85351827, ..., -0.01961539,
         -0.19649848,  0.        ]],

       [[ 0.        ,  0.54784148,  0.13991771, ...,  0.74302204,
          0.35044438,  0.12877868],
        [-0.54784148,  0.        , -0.42539977, ...,  0.25494679,
         -0.21992379, -0.43554585],
        [-0.13991771,  0.42539977,  0.        , ...,  0.64207073,
          0.21595248, -0.01124077],
        ...,
        [-0.74302204, -0.25494679, -0.64207073, ...,  0.        ,
         -0.46136137, -0.65064785],
        [-0.35044438,  0.21992379, -0.21595248, ...,  0.46136137,
          0.        , -0.22691437],
        [-0.12877868,  0.43554585,  0.01124077, ...,  0.65064785,
          0.22691437,  0.        ]],

       [[ 0.        ,  0.08081114,  0.1689437 , ..., -0.73861705,
         -0.83030194, -0.84100195],
        [-0.08081114,  0.        ,  0.08874162, ..., -0.79067818,
         -0.87262354, -0.88197282],
        [-0.1689437 , -0.08874162,  0.        , ..., -0.84188917,
         -0.91252159, -0.9203171 ],
        ...,
        [ 0.73861705,  0.79067818,  0.84188917, ...,  0.        ,
         -0.14808601, -0.16732513],
        [ 0.83030194,  0.87262354,  0.91252159, ...,  0.14808601,
          0.        , -0.01948202],
        [ 0.84100195,  0.88197282,  0.9203171 , ...,  0.16732513,
          0.01948202,  0.        ]],

       ...,

       [[ 0.        ,  0.51194404,  0.31942468, ...,  0.30144202,
          0.36910738,  0.4718609 ],
        [-0.51194404,  0.        , -0.21073234, ..., -0.22918634,
         -0.15872383, -0.04602985],
        [-0.31942468,  0.21073234,  0.        , ..., -0.0189165 ,
          0.05290139,  0.16551278],
        ...,
        [-0.30144202,  0.22918634,  0.0189165 , ...,  0.        ,
          0.07178194,  0.18413876],
        [-0.36910738,  0.15872383, -0.05290139, ..., -0.07178194,
          0.        ,  0.11310926],
        [-0.4718609 ,  0.04602985, -0.16551278, ..., -0.18413876,
         -0.11310926,  0.        ]],

       [[ 0.        , -0.26177207, -0.36619854, ..., -0.99370495,
         -0.99514232, -0.99801438],
        [ 0.26177207,  0.        , -0.10984057, ..., -0.98838022,
         -0.98621205, -0.97970146],
        [ 0.36619854,  0.10984057,  0.        , ..., -0.96570379,
         -0.96206756, -0.95175463],
        ...,
        [ 0.99370495,  0.98838022,  0.96570379, ...,  0.        ,
          0.01365767,  0.04921641],
        [ 0.99514232,  0.98621205,  0.96206756, ..., -0.01365767,
          0.        ,  0.0355707 ],
        [ 0.99801438,  0.97970146,  0.95175463, ..., -0.04921641,
         -0.0355707 ,  0.        ]],

       [[ 0.        ,  0.11166003,  0.15560346, ..., -0.99273602,
         -0.99468365, -0.99484833],
        [-0.11166003,  0.        ,  0.04433042, ..., -0.97309377,
         -0.97696485, -0.97730753],
        [-0.15560346, -0.04433042,  0.        , ..., -0.96192299,
         -0.9665443 , -0.96695645],
        ...,
        [ 0.99273602,  0.97309377,  0.96192299, ...,  0.        ,
          0.01744347,  0.01905493],
        [ 0.99468365,  0.97696485,  0.9665443 , ..., -0.01744347,
          0.        ,  0.00161173],
        [ 0.99484833,  0.97730753,  0.96695645, ..., -0.01905493,
         -0.00161173,  0.        ]]]), 'num': array([ 7.13109122e-01,  7.00834053e-01,  2.33366320e-07,  5.57957656e-04,
        5.63261436e-04,  5.50532364e-04,  1.74515365e-02, -2.12151200e-06,
        5.55199690e-04,  5.46766680e-04,  5.61378594e-04,  5.95856765e-07,
        5.81466375e-04,  5.12066986e-04])}
{'img': array([[[ 0.        , -0.22115998,  0.14582482, ..., -0.99190745,
         -0.94762132, -0.95942411],
        [ 0.22115998,  0.        ,  0.36100971, ..., -0.93926626,
         -0.85351827, -0.87330659],
        [-0.14582482, -0.36100971,  0.        , ..., -0.99981874,
         -0.98406752, -0.99028606],
        ...,
        [ 0.99190745,  0.93926626,  0.99981874, ...,  0.        ,
          0.19649848,  0.15787381],
        [ 0.94762132,  0.85351827,  0.98406752, ..., -0.19649848,
          0.        , -0.03923833],
        [ 0.95942411,  0.87330659,  0.99028606, ..., -0.15787381,
          0.03923833,  0.        ]],

       [[ 0.        , -0.42539977, -0.2849269 , ..., -0.21992379,
         -0.43554585, -0.1601945 ],
        [ 0.42539977,  0.        ,  0.14990621, ...,  0.21595248,
         -0.01124077,  0.27492902],
        [ 0.2849269 , -0.14990621,  0.        , ...,  0.06714326,
         -0.16101049,  0.12769288],
        ...,
        [ 0.21992379, -0.21595248, -0.06714326, ...,  0.        ,
         -0.22691437,  0.06081112],
        [ 0.43554585,  0.01124077,  0.16101049, ...,  0.22691437,
          0.        ,  0.28571925],
        [ 0.1601945 , -0.27492902, -0.12769288, ..., -0.06081112,
         -0.28571925,  0.        ]],

       [[ 0.        ,  0.08874162,  0.19749066, ..., -0.87262354,
         -0.88197282, -0.89763108],
        [-0.08874162,  0.        ,  0.10971766, ..., -0.91252159,
         -0.9203171 , -0.93320229],
        [-0.19749066, -0.10971766,  0.        , ..., -0.95189016,
         -0.95767956, -0.96699556],
        ...,
        [ 0.87262354,  0.91252159,  0.95189016, ...,  0.        ,
         -0.01948202, -0.05379039],
        [ 0.88197282,  0.9203171 ,  0.95767956, ...,  0.01948202,
          0.        , -0.03432637],
        [ 0.89763108,  0.93320229,  0.96699556, ...,  0.05379039,
          0.03432637,  0.        ]],

       ...,

       [[ 0.        , -0.21073234,  0.10014878, ..., -0.15872383,
         -0.04602985, -0.09067163],
        [ 0.21073234,  0.        ,  0.3075727 , ...,  0.05290139,
          0.16551278,  0.12122881],
        [-0.10014878, -0.3075727 ,  0.        , ..., -0.25680504,
         -0.14584106, -0.18995202],
        ...,
        [ 0.15872383, -0.05290139,  0.25680504, ...,  0.        ,
          0.11310926,  0.06854784],
        [ 0.04602985, -0.16551278,  0.14584106, ..., -0.11310926,
          0.        , -0.04473528],
        [ 0.09067163, -0.12122881,  0.18995202, ..., -0.06854784,
          0.04473528,  0.        ]],

       [[ 0.        , -0.10984057, -0.15762907, ..., -0.98621205,
         -0.97970146, -0.97541439],
        [ 0.10984057,  0.        , -0.0482079 , ..., -0.96206756,
         -0.95175463, -0.94530585],
        [ 0.15762907,  0.0482079 ,  0.        , ..., -0.94779732,
         -0.93585497, -0.92848206],
        ...,
        [ 0.98621205,  0.96206756,  0.94779732, ...,  0.        ,
          0.0355707 ,  0.05592215],
        [ 0.97970146,  0.95175463,  0.93585497, ..., -0.0355707 ,
          0.        ,  0.02037172],
        [ 0.97541439,  0.94530585,  0.92848206, ..., -0.05592215,
         -0.02037172,  0.        ]],

       [[ 0.        ,  0.04433042,  0.07741833, ..., -0.97696485,
         -0.97730753, -0.9775225 ],
        [-0.04433042,  0.        ,  0.03314484, ..., -0.9665443 ,
         -0.96695645, -0.96721529],
        [-0.07741833, -0.03314484,  0.        , ..., -0.9575116 ,
         -0.95797517, -0.95826647],
        ...,
        [ 0.97696485,  0.9665443 ,  0.9575116 , ...,  0.        ,
          0.00161173,  0.00262897],
        [ 0.97730753,  0.96695645,  0.95797517, ..., -0.00161173,
          0.        ,  0.00101724],
        [ 0.9775225 ,  0.96721529,  0.95826647, ..., -0.00262897,
         -0.00101724,  0.        ]]]), 'num': array([ 7.08636440e-01,  7.05372579e-01,  6.32531156e-08,  5.43976794e-04,
        5.53464761e-04,  5.33434608e-04,  1.67789642e-02, -1.05421859e-05,
        5.51356324e-04,  5.42764443e-04,  5.56847046e-04,  5.83184753e-07,
        5.76716338e-04,  5.08812548e-04])}
{'img': array([[[ 0.        ,  0.36100971,  0.36100971, ..., -0.85351827,
         -0.87330659, -0.9523462 ],
        [-0.36100971,  0.        ,  0.        , ..., -0.98406752,
         -0.99028606, -0.99823683],
        [-0.36100971,  0.        ,  0.        , ..., -0.98406752,
         -0.99028606, -0.99823683],
        ...,
        [ 0.85351827,  0.98406752,  0.98406752, ...,  0.        ,
         -0.03923833, -0.23589282],
        [ 0.87330659,  0.99028606,  0.99028606, ...,  0.03923833,
          0.        , -0.19758017],
        [ 0.9523462 ,  0.99823683,  0.99823683, ...,  0.23589282,
          0.19758017,  0.        ]],

       [[ 0.        ,  0.14990621, -0.08902267, ..., -0.01124077,
          0.27492902,  0.25170208],
        [-0.14990621,  0.        , -0.23732775, ..., -0.16101049,
          0.12769288,  0.10377796],
        [ 0.08902267,  0.23732775,  0.        , ...,  0.0778209 ,
          0.35942958,  0.33685928],
        ...,
        [ 0.01124077,  0.16101049, -0.0778209 , ...,  0.        ,
          0.28571925,  0.26256505],
        [-0.27492902, -0.12769288, -0.35942958, ..., -0.28571925,
          0.        , -0.024075  ],
        [-0.25170208, -0.10377796, -0.33685928, ..., -0.26256505,
          0.024075  ,  0.        ]],

       [[ 0.        ,  0.10971766,  0.22020597, ..., -0.9203171 ,
         -0.93320229, -0.93670377],
        [-0.10971766,  0.        ,  0.11185208, ..., -0.95767956,
         -0.96699556, -0.96946336],
        [-0.22020597, -0.11185208,  0.        , ..., -0.98386511,
         -0.98942669, -0.99081003],
        ...,
        [ 0.9203171 ,  0.95767956,  0.98386511, ...,  0.        ,
         -0.03432637, -0.04418927],
        [ 0.93320229,  0.96699556,  0.98942669, ...,  0.03432637,
          0.        , -0.00987039],
        [ 0.93670377,  0.96946336,  0.99081003, ...,  0.04418927,
          0.00987039,  0.        ]],

       ...,

       [[ 0.        ,  0.3075727 , -0.17438331, ...,  0.16551278,
          0.12122881,  0.08355843],
        [-0.3075727 ,  0.        , -0.46879003, ..., -0.14584106,
         -0.18995202, -0.22698917],
        [ 0.17438331,  0.46879003,  0.        , ...,  0.33495493,
          0.29246849,  0.25605161],
        ...,
        [-0.16551278,  0.14584106, -0.33495493, ...,  0.        ,
         -0.04473528, -0.082528  ],
        [-0.12122881,  0.18995202, -0.29246849, ...,  0.04473528,
          0.        , -0.0378627 ],
        [-0.08355843,  0.22698917, -0.25605161, ...,  0.082528  ,
          0.0378627 ,  0.        ]],

       [[ 0.        , -0.0482079 , -0.0482079 , ..., -0.95175463,
         -0.94530585, -0.95591697],
        [ 0.0482079 ,  0.        ,  0.        , ..., -0.93585497,
         -0.92848206, -0.94064992],
        [ 0.0482079 ,  0.        ,  0.        , ..., -0.93585497,
         -0.92848206, -0.94064992],
        ...,
        [ 0.95175463,  0.93585497,  0.93585497, ...,  0.        ,
          0.02037172, -0.0138623 ],
        [ 0.94530585,  0.92848206,  0.92848206, ..., -0.02037172,
          0.        , -0.03422919],
        [ 0.95591697,  0.94064992,  0.94064992, ...,  0.0138623 ,
          0.03422919,  0.        ]],

       [[ 0.        ,  0.03314484,  0.03314484, ..., -0.96695645,
         -0.96721529, -0.96659764],
        [-0.03314484,  0.        ,  0.        , ..., -0.95797517,
         -0.95826647, -0.95757157],
        [-0.03314484,  0.        ,  0.        , ..., -0.95797517,
         -0.95826647, -0.95757157],
        ...,
        [ 0.96695645,  0.95797517,  0.95797517, ...,  0.        ,
          0.00101724, -0.00140371],
        [ 0.96721529,  0.95826647,  0.95826647, ..., -0.00101724,
          0.        , -0.00242095],
        [ 0.96659764,  0.95757157,  0.95757157, ...,  0.00140371,
          0.00242095,  0.        ]]]), 'num': array([ 7.07862133e-01,  7.06260348e-01,  3.15933883e-08,  5.33928262e-04,
