state_0,state_1,state_2,state_3,state_4,state_5,state_6,state_7,state_8,state_9,state_10,state_11,state_12,state_13,state_14,state_15,state_16,state_17,state_18,state_19,state_20,state_21,state_22,state_23,state_24,state_25,state_26,state_27,state_28,state_29,state_30,state_31,state_32,state_33,state_34,state_35,state_36,state_37,state_38,state_39,state_40,state_41,state_42,state_43,state_44,state_45,state_46,state_47,state_48,state_49,state_50,state_51,state_52,state_53,state_54,state_55,state_56,state_57,state_58,state_59,state_60,state_61,state_62,state_63,state_64,state_65,state_66,state_67,state_68,state_69,state_70,state_71,state_72,state_73,state_74,state_75,state_76,state_77,state_78,state_79,state_80,state_81,state_82,state_83,state_84,state_85,state_86,state_87,state_88,state_89,state_90,state_91,state_92,state_93,state_94,state_95,state_96,state_97,state_98,state_99,state_100,state_101,state_102,state_103,state_104,state_105,state_106,state_107,state_108,state_109,state_110,state_111,state_112,state_113,state_114,state_115,state_116,state_117,state_118,state_119,state_120,state_121,state_122,state_123,state_124,state_125,state_126,state_127,state_128,state_129,state_130,state_131,state_132,state_133,state_134,state_135,state_136,state_137,state_138,state_139,state_140,state_141,state_142,state_143,state_144,state_145,state_146,state_147,state_148,state_149,state_150,state_151,state_152,state_153,state_154,state_155,state_156,state_157,state_158,state_159,state_160,state_161,state_162,state_163,state_164,state_165,state_166,state_167,state_168,state_169,state_170,state_171,state_172,state_173,state_174,state_175,state_176,state_177,state_178,state_179,state_180,state_181,state_182,state_183,state_184,state_185,state_186,state_187,state_188,state_189,state_190,state_191,state_192,state_193,state_194,state_195,state_196,state_197,state_198,state_199,state_200,state_201,state_202,state_203,state_204,state_205,state_206,state_207,state_208,state_209,state_210,state_211,state_212,state_213,state_214,state_215,state_216,state_217,state_218,state_219,state_220,state_221,state_222,state_223,state_224,state_225,state_226,state_227,state_228,state_229,state_230,state_231,state_232,state_233,state_234,state_235,state_236,state_237,state_238,state_239,state_240,state_241,state_242,state_243,state_244,state_245,state_246,state_247,state_248,state_249,state_250,state_251,state_252,state_253,state_254,state_255,state_256,state_257,state_258,state_259,state_260,state_261,state_262,state_263,state_264,state_265,state_266,state_267,state_268,state_269,state_270,state_271,state_272,state_273,state_274,state_275,state_276,state_277,state_278,state_279,state_280,state_281,state_282,state_283,state_284,state_285,state_286,state_287
{'img': array([[[ 0.        ,  0.00952732,  0.160712  , ..., -0.89672099,
         -0.82620599, -0.88444531],
        [-0.00952732,  0.        ,  0.15130123, ..., -0.90089704,
         -0.83153588, -0.88885104],
        [-0.160712  , -0.15130123,  0.        , ..., -0.95619535,
         -0.90600644, -0.94794398],
        ...,
        [ 0.89672099,  0.90089704,  0.95619535, ...,  0.        ,
          0.13950833,  0.02699712],
        [ 0.82620599,  0.83153588,  0.90600644, ..., -0.13950833,
          0.        , -0.11272436],
        [ 0.88444531,  0.88885104,  0.94794398, ..., -0.02699712,
          0.11272436,  0.        ]],

       [[ 0.        , -0.18431639, -0.33754648, ...,  0.11510367,
          0.50367352,  0.84138748],
        [ 0.18431639,  0.        , -0.15826463, ...,  0.29622292,
          0.65427391,  0.9265825 ],
        [ 0.33754648,  0.15826463,  0.        , ...,  0.44365107,
          0.76571675,  0.97442652],
        ...,
        [-0.11510367, -0.29622292, -0.44365107, ...,  0.        ,
          0.40088847,  0.77358944],
        [-0.50367352, -0.65427391, -0.76571675, ..., -0.40088847,
          0.        ,  0.45466821],
        [-0.84138748, -0.9265825 , -0.97442652, ..., -0.77358944,
         -0.45466821,  0.        ]],

       [[ 0.        , -0.03078198,  0.        , ..., -0.9984826 ,
         -0.98339431, -0.97843323],
        [ 0.03078198,  0.        ,  0.03078198, ..., -0.99631434,
         -0.97734194, -0.97161114],
        [ 0.        , -0.03078198,  0.        , ..., -0.9984826 ,
         -0.98339431, -0.97843323],
        ...,
        [ 0.9984826 ,  0.99631434,  0.9984826 , ...,  0.        ,
          0.12705269,  0.15236945],
        [ 0.98339431,  0.97734194,  0.98339431, ..., -0.12705269,
          0.        ,  0.02556547],
        [ 0.97843323,  0.97161114,  0.97843323, ..., -0.15236945,
         -0.02556547,  0.        ]],

       ...,

       [[ 0.        ,  0.13620812,  0.16717687, ...,  0.09220746,
          0.48472269,  0.97832541],
        [-0.13620812,  0.        ,  0.03132757, ..., -0.04427974,
          0.36106832,  0.94100257],
        [-0.16717687, -0.03132757,  0.        , ..., -0.07555485,
          0.3316769 ,  0.92993947],
        ...,
        [-0.09220746,  0.04427974,  0.07555485, ...,  0.        ,
          0.40200677,  0.95506385],
        [-0.48472269, -0.36106832, -0.3316769 , ..., -0.40200677,
          0.        ,  0.75533664],
        [-0.97832541, -0.94100257, -0.92993947, ..., -0.95506385,
         -0.75533664,  0.        ]],

       [[ 0.        , -0.37556913, -0.53586383, ..., -0.32100869,
         -0.25823485, -0.        ],
        [ 0.37556913,  0.        , -0.17954091, ..., -0.65320166,
         -0.60216125, -0.37556913],
        [ 0.53586383,  0.17954091,  0.        , ..., -0.77853296,
         -0.73571732, -0.53586383],
        ...,
        [ 0.32100869,  0.65320166,  0.77853296, ...,  0.        ,
         -0.06555268, -0.32100869],
        [ 0.25823485,  0.60216125,  0.73571732, ...,  0.06555268,
          0.        , -0.25823485],
        [ 0.        ,  0.37556913,  0.53586383, ...,  0.32100869,
          0.25823485,  0.        ]],

       [[ 0.        , -0.02469918,  0.00831863, ..., -0.67041066,
         -0.69755076, -0.73243178],
        [ 0.02469918,  0.        ,  0.03301442, ..., -0.68853269,
         -0.7150358 , -0.74902454],
        [-0.00831863, -0.03301442,  0.        , ..., -0.66421512,
         -0.69156603, -0.72674278],
        ...,
        [ 0.67041066,  0.68853269,  0.66421512, ...,  0.        ,
          0.03720293,  0.08701457],
        [ 0.69755076,  0.7150358 ,  0.69156603, ..., -0.03720293,
          0.        ,  0.04989251],
        [ 0.73243178,  0.74902454,  0.72674278, ..., -0.08701457,
         -0.04989251,  0.        ]]]), 'num': array([ 9.99506485e-01,  3.11594870e-02,  8.68472644e-07,  1.39130316e-03,
        1.41376366e-03,  1.39130316e-03,  2.54760710e-04, -2.37083049e-05,
        1.40727507e-03,  1.38231896e-03,  1.48834083e-03,  7.59206975e-08,
        1.44854723e-03,  1.31609069e-03])}
{'img': array([[[ 0.        ,  0.15130123,  0.82376657, ..., -0.83153588,
         -0.88885104, -0.95631573],
        [-0.15130123,  0.        ,  0.72850605, ..., -0.90600644,
         -0.94794398, -0.98953711],
        [-0.82376657, -0.72850605,  0.        , ..., -0.92900039,
         -0.88136233, -0.78297971],
        ...,
        [ 0.83153588,  0.90600644,  0.92900039, ...,  0.        ,
         -0.11272436, -0.28811799],
        [ 0.88885104,  0.94794398,  0.88136233, ...,  0.11272436,
          0.        , -0.17833733],
        [ 0.95631573,  0.98953711,  0.78297971, ...,  0.28811799,
          0.17833733,  0.        ]],

       [[ 0.        , -0.15826463,  0.41151082, ...,  0.65427391,
          0.9265825 ,  0.41655697],
        [ 0.15826463,  0.        ,  0.5505676 , ...,  0.76571675,
          0.97442652,  0.55518689],
        [-0.41151082, -0.5505676 ,  0.        , ...,  0.28510021,
          0.68972604,  0.00554361],
        ...,
        [-0.65427391, -0.76571675, -0.28510021, ...,  0.        ,
          0.45466821, -0.2797823 ],
        [-0.9265825 , -0.97442652, -0.68972604, ..., -0.45466821,
          0.        , -0.68570149],
        [-0.41655697, -0.55518689, -0.00554361, ...,  0.2797823 ,
          0.68570149,  0.        ]],

       [[ 0.        ,  0.03078198,  0.24529468, ..., -0.97734194,
         -0.97161114, -0.97824265],
        [-0.03078198,  0.        ,  0.2153369 , ..., -0.98339431,
         -0.97843323, -0.98416523],
        [-0.24529468, -0.2153369 ,  0.        , ..., -0.99940342,
         -0.99995972, -0.99924575],
        ...,
        [ 0.97734194,  0.98339431,  0.99940342, ...,  0.        ,
          0.02556547, -0.00429797],
        [ 0.97161114,  0.97843323,  0.99995972, ..., -0.02556547,
          0.        , -0.0298618 ],
        [ 0.97824265,  0.98416523,  0.99924575, ...,  0.00429797,
          0.0298618 ,  0.        ]],

       ...,

       [[ 0.        ,  0.03021914,  0.76628379, ...,  0.34492382,
          0.81370529,  0.95176874],
        [-0.03021914,  0.        ,  0.74651796, ...,  0.31640169,
          0.79576795,  0.94206234],
        [-0.76628379, -0.74651796,  0.        , ..., -0.49764314,
          0.07738385,  0.37640517],
        ...,
        [-0.34492382, -0.31640169,  0.49764314, ...,  0.        ,
          0.56327224,  0.78753107],
        [-0.81370529, -0.79576795, -0.07738385, ..., -0.56327224,
          0.        ,  0.30358381],
        [-0.95176874, -0.94206234, -0.37640517, ..., -0.78753107,
         -0.30358381,  0.        ]],

       [[ 0.        , -0.4019275 , -0.57085917, ..., -0.35447589,
         -0.24414417, -0.        ],
        [ 0.4019275 ,  0.        , -0.1927177 , ..., -0.70041187,
         -0.61332061, -0.4019275 ],
        [ 0.57085917,  0.1927177 ,  0.        , ..., -0.82483223,
         -0.75403845, -0.57085917],
        ...,
        [ 0.35447589,  0.70041187,  0.82483223, ...,  0.        ,
         -0.11545837, -0.35447589],
        [ 0.24414417,  0.61332061,  0.75403845, ...,  0.11545837,
          0.        , -0.24414417],
        [ 0.        ,  0.4019275 ,  0.57085917, ...,  0.35447589,
          0.24414417,  0.        ]],

       [[ 0.        ,  0.03301442,  0.17176866, ..., -0.7150358 ,
         -0.74902454, -0.75957411],
        [-0.03301442,  0.        ,  0.13915128, ..., -0.69156603,
         -0.72674278, -0.73768679],
        [-0.17176866, -0.13915128,  0.        , ..., -0.58432707,
         -0.62408803, -0.6365629 ],
        ...,
        [ 0.7150358 ,  0.69156603,  0.58432707, ...,  0.        ,
          0.04989251,  0.0659349 ],
        [ 0.74902454,  0.72674278,  0.62408803, ..., -0.04989251,
          0.        ,  0.01606884],
        [ 0.75957411,  0.73768679,  0.6365629 , ..., -0.0659349 ,
         -0.01606884,  0.        ]]]), 'num': array([7.05691748e-01, 7.05691748e-01, 0.00000000e+00, 2.22808294e-02,
       2.22808294e-02, 2.20033101e-02, 3.31185498e-03, 1.78405217e-04,
       2.24037307e-02, 2.19795228e-02, 2.35970634e-02, 1.24600469e-06,
       2.30401149e-02, 2.09189306e-02])}
{'img': array([[[ 0.        ,  0.72850605,  0.25908562, ..., -0.94794398,
         -0.98953711, -0.97312578],
        [-0.72850605,  0.        , -0.52614689, ..., -0.88136233,
         -0.78297971, -0.83438564],
        [-0.25908562,  0.52614689,  0.        , ..., -0.99807831,
         -0.99312924, -0.99955852],
        ...,
        [ 0.94794398,  0.88136233,  0.99807831, ...,  0.        ,
         -0.17833733, -0.09159232],
        [ 0.98953711,  0.78297971,  0.99312924, ...,  0.17833733,
          0.        ,  0.08746367],
        [ 0.97312578,  0.83438564,  0.99955852, ...,  0.09159232,
         -0.08746367,  0.        ]],

       [[ 0.        ,  0.5505676 ,  0.55422109, ...,  0.97442652,
          0.55518689,  0.35153547],
        [-0.5505676 ,  0.        ,  0.00438287, ...,  0.68972604,
          0.00554361, -0.22196888],
        [-0.55422109, -0.00438287,  0.        , ...,  0.68654591,
          0.00116075, -0.22624028],
        ...,
        [-0.97442652, -0.68972604, -0.68654591, ...,  0.        ,
         -0.68570149, -0.83324107],
        [-0.55518689, -0.00554361, -0.00116075, ...,  0.68570149,
          0.        , -0.22737078],
        [-0.35153547,  0.22196888,  0.22624028, ...,  0.83324107,
          0.22737078,  0.        ]],

       [[ 0.        ,  0.2153369 ,  0.44846165, ..., -0.97843323,
         -0.98416523, -0.97929945],
        [-0.2153369 ,  0.        ,  0.24547209, ..., -0.99995972,
         -0.99924575, -0.99991273],
        [-0.44846165, -0.24547209,  0.        , ..., -0.96716139,
         -0.95914031, -0.96607609],
        ...,
        [ 0.97843323,  0.99995972,  0.96716139, ...,  0.        ,
         -0.0298618 , -0.00423598],
        [ 0.98416523,  0.99924575,  0.95914031, ...,  0.0298618 ,
          0.        ,  0.02562744],
        [ 0.97929945,  0.99991273,  0.96607609, ...,  0.00423598,
         -0.02562744,  0.        ]],

       ...,

       [[ 0.        ,  0.66249805, -0.15761787, ...,  0.69851054,
          0.7671342 ,  0.96024524],
        [-0.66249805,  0.        , -0.77228276, ...,  0.0491454 ,
          0.14964869,  0.53434329],
        [ 0.15761787,  0.77228276,  0.        , ...,  0.8025706 ,
          0.85865492,  0.99224261],
        ...,
        [-0.69851054, -0.0491454 , -0.8025706 , ...,  0.        ,
          0.10087587,  0.49215659],
        [-0.7671342 , -0.14964869, -0.85865492, ..., -0.10087587,
          0.        ,  0.40183299],
        [-0.96024524, -0.53434329, -0.99224261, ..., -0.49215659,
         -0.40183299,  0.        ]],

       [[ 0.        , -0.43338029, -0.46412727, ..., -0.24937559,
         -0.        , -0.17226536],
        [ 0.43338029,  0.        , -0.03440205, ..., -0.6444285 ,
         -0.43338029, -0.58214897],
        [ 0.46412727,  0.03440205,  0.        , ..., -0.67035307,
         -0.46412727, -0.60977607],
        ...,
        [ 0.24937559,  0.6444285 ,  0.67035307, ...,  0.        ,
         -0.24937559, -0.07882462],
        [ 0.        ,  0.43338029,  0.46412727, ...,  0.24937559,
          0.        ,  0.17226536],
        [ 0.17226536,  0.58214897,  0.60977607, ...,  0.07882462,
         -0.17226536,  0.        ]],

       [[ 0.        ,  0.13915128,  0.14775681, ..., -0.72674278,
         -0.73768679, -0.74904377],
        [-0.13915128,  0.        ,  0.00869539, ..., -0.62408803,
         -0.6365629 , -0.64956585],
        [-0.14775681, -0.00869539,  0.        , ..., -0.61727026,
         -0.62983274, -0.64293014],
        ...,
        [ 0.72674278,  0.62408803,  0.61727026, ...,  0.        ,
          0.01606884,  0.03304344],
        [ 0.73768679,  0.6365629 ,  0.62983274, ..., -0.01606884,
          0.        ,  0.01697911],
        [ 0.74904377,  0.64956585,  0.64293014, ..., -0.03304344,
         -0.01697911,  0.        ]]]), 'num': array([ 7.05687998e-01,  7.05687998e-01,  0.00000000e+00,  2.22608882e-02,
        2.23600017e-02,  2.20626613e-02,  4.61781610e-03, -1.98226966e-05,
        2.23718953e-02,  2.19714769e-02,  2.35447382e-02,  1.32957111e-06,
        2.30210994e-02,  2.09218543e-02])}
{'img': array([[[ 0.        , -0.52614689, -0.80700019, ..., -0.78297971,
         -0.83438564, -0.82913049],
        [ 0.52614689,  0.        , -0.37555121, ..., -0.99312924,
         -0.99955852, -0.99923246],
        [ 0.80700019,  0.37555121,  0.        , ..., -0.96438184,
         -0.93755068, -0.94080158],
        ...,
        [ 0.78297971,  0.99312924,  0.96438184, ...,  0.        ,
          0.08746367,  0.07802952],
        [ 0.83438564,  0.99955852,  0.93755068, ..., -0.08746367,
          0.        , -0.0094665 ],
        [ 0.82913049,  0.99923246,  0.94080158, ..., -0.07802952,
          0.0094665 ,  0.        ]],

       [[ 0.        ,  0.00438287,  0.05911157, ...,  0.00554361,
         -0.22196888,  0.15813335],
        [-0.00438287,  0.        ,  0.0547358 , ...,  0.00116075,
         -0.22624028,  0.15380411],
        [-0.05911157, -0.0547358 ,  0.        , ..., -0.05357675,
         -0.2792177 ,  0.09948902],
        ...,
        [-0.00554361, -0.00116075,  0.05357675, ...,  0.        ,
         -0.22737078,  0.15265707],
        [ 0.22196888,  0.22624028,  0.2792177 , ...,  0.22737078,
          0.        ,  0.37336453],
        [-0.15813335, -0.15380411, -0.09948902, ..., -0.15265707,
         -0.37336453,  0.        ]],

       [[ 0.        ,  0.24547209,  0.27718587, ..., -0.99924575,
         -0.99991273, -0.99954231],
        [-0.24547209,  0.        ,  0.0328514 , ..., -0.95914031,
         -0.96607609, -0.96153397],
        [-0.27718587, -0.0328514 ,  0.        , ..., -0.94932794,
         -0.95707052, -0.95199115],
        ...,
        [ 0.99924575,  0.95914031,  0.94932794, ...,  0.        ,
          0.02562744,  0.00858514],
        [ 0.99991273,  0.96607609,  0.95707052, ..., -0.02562744,
          0.        , -0.01704417],
        [ 0.99954231,  0.96153397,  0.95199115, ..., -0.00858514,
          0.01704417,  0.        ]],

       ...,

       [[ 0.        , -0.67145364, -0.8363863 , ...,  0.09443966,
          0.22211954,  0.71837417],
        [ 0.67145364,  0.        , -0.25175029, ...,  0.73843683,
          0.81928127,  0.99945008],
        [ 0.8363863 ,  0.25175029,  0.        , ...,  0.88441434,
          0.93724561,  0.97560786],
        ...,
        [-0.09443966, -0.73843683, -0.88441434, ...,  0.        ,
          0.12904628,  0.64946585],
        [-0.22211954, -0.81928127, -0.93724561, ..., -0.12904628,
          0.        ,  0.54590978],
        [-0.71837417, -0.99945008, -0.97560786, ..., -0.64946585,
         -0.54590978,  0.        ]],

       [[ 0.        , -0.1795165 , -0.28354591, ..., -0.        ,
         -0.17664965, -0.10212895],
        [ 0.1795165 ,  0.        , -0.1067908 , ..., -0.1795165 ,
         -0.35047335, -0.2790477 ],
        [ 0.28354591,  0.1067908 ,  0.        , ..., -0.28354591,
         -0.44848652, -0.38000074],
        ...,
        [ 0.        ,  0.1795165 ,  0.28354591, ...,  0.        ,
          0.17664965,  0.10212895],
        [ 0.17664965,  0.35047335,  0.44848652, ..., -0.17664965,
          0.        , -0.07520313],
        [ 0.10212895,  0.2790477 ,  0.38000074, ..., -0.10212895,
          0.07520313,  0.        ]],

       [[ 0.        ,  0.00869539, -0.04337103, ..., -0.6365629 ,
         -0.64956585, -0.65291834],
        [-0.00869539,  0.        , -0.05205659, ..., -0.62983274,
         -0.64293014, -0.64630752],
        [ 0.04337103,  0.05205659,  0.        , ..., -0.66941273,
         -0.68192985, -0.68515441],
        ...,
        [ 0.6365629 ,  0.62983274,  0.66941273, ...,  0.        ,
          0.01697911,  0.02139604],
        [ 0.64956585,  0.64293014,  0.68192985, ..., -0.01697911,
          0.        ,  0.00441774],
        [ 0.65291834,  0.64630752,  0.68515441, ..., -0.02139604,
         -0.00441774,  0.        ]]]), 'num': array([7.40462933e-01, 6.68754070e-01, 6.22472764e-08, 2.39029541e-02,
       2.40066996e-02, 2.32597323e-02, 7.13277016e-03, 6.01723672e-04,
       2.34381745e-02, 2.29962188e-02, 2.45866367e-02, 1.49436467e-06,
       2.40878735e-02, 2.19045641e-02])}
{'img': array([[[ 0.        , -0.54291478, -0.44578307, ..., -0.94828327,
         -0.94510248, -0.99790556],
        [ 0.54291478,  0.        ,  0.11162211, ..., -0.96869162,
         -0.97109601, -0.87314883],
        [ 0.44578307, -0.11162211,  0.        , ..., -0.9903501 ,
         -0.99167036, -0.92210289],
        ...,
        [ 0.94828327,  0.96869162,  0.9903501 , ...,  0.        ,
         -0.00987493,  0.25541822],
        [ 0.94510248,  0.97109601,  0.99167036, ...,  0.00987493,
          0.        ,  0.26495315],
        [ 0.99790556,  0.87314883,  0.92210289, ..., -0.25541822,
         -0.26495315,  0.        ]],

       [[ 0.        ,  0.0547358 ,  0.01667012, ..., -0.22624028,
          0.15380411,  0.62244061],
        [-0.0547358 ,  0.        , -0.03808306, ..., -0.2792177 ,
          0.09948902,  0.57866759],
        [-0.01667012,  0.03808306,  0.        , ..., -0.24244673,
          0.13731097,  0.60930697],
        ...,
        [ 0.22624028,  0.2792177 ,  0.24244673, ...,  0.        ,
          0.37336453,  0.78337249],
        [-0.15380411, -0.09948902, -0.13731097, ..., -0.37336453,
          0.        ,  0.49465701],
        [-0.62244061, -0.57866759, -0.60930697, ..., -0.78337249,
         -0.49465701,  0.        ]],

       [[ 0.        ,  0.0328514 ,  0.24184298, ..., -0.96607609,
         -0.96153397, -0.96441068],
        [-0.0328514 ,  0.        ,  0.20983622, ..., -0.95707052,
         -0.95199115, -0.95520394],
        [-0.24184298, -0.20983622,  0.        , ..., -0.87494071,
         -0.86656032, -0.87183712],
        ...,
        [ 0.96607609,  0.95707052,  0.87494071, ...,  0.        ,
         -0.01704417, -0.00637265],
        [ 0.96153397,  0.95199115,  0.86656032, ...,  0.01704417,
          0.        ,  0.0106721 ],
        [ 0.96441068,  0.95520394,  0.87183712, ...,  0.00637265,
         -0.0106721 ,  0.        ]],

       ...,

       [[ 0.        , -0.23265321,  0.00597126, ...,  0.71868191,
          0.85680055,  0.99839686],
        [ 0.23265321,  0.        ,  0.23845647, ...,  0.86073396,
          0.95325689,  0.95783213],
        [-0.00597126, -0.23845647,  0.        , ...,  0.71451705,
          0.85370621,  0.99871704],
        ...,
        [-0.71868191, -0.86073396, -0.71451705, ...,  0.        ,
          0.22517998,  0.73490262],
        [-0.85680055, -0.95325689, -0.85370621, ..., -0.22517998,
          0.        ,  0.56331735],
        [-0.99839686, -0.95783213, -0.99871704, ..., -0.73490262,
         -0.56331735,  0.        ]],

       [[ 0.        , -0.22220205, -0.31107447, ..., -0.17736572,
         -0.10254517, -0.02841781],
        [ 0.22220205,  0.        , -0.0921202 , ..., -0.39161072,
         -0.32101228, -0.24981969],
        [ 0.31107447,  0.0921202 ,  0.        , ..., -0.4747082 ,
         -0.40689204, -0.33795672],
        ...,
        [ 0.17736572,  0.39161072,  0.4747082 , ...,  0.        ,
         -0.07551139, -0.14932683],
        [ 0.10254517,  0.32101228,  0.40689204, ...,  0.07551139,
          0.        , -0.07423575],
        [ 0.02841781,  0.24981969,  0.33795672, ...,  0.14932683,
          0.07423575,  0.        ]],

       [[ 0.        , -0.05205659, -0.07061983, ..., -0.64293014,
         -0.64630752, -0.65146659],
        [ 0.05205659,  0.        , -0.01859745, ..., -0.68192985,
         -0.68515441, -0.69007745],
        [ 0.07061983,  0.01859745,  0.        , ..., -0.69541442,
         -0.69858226, -0.70341774],
        ...,
        [ 0.64293014,  0.68192985,  0.69541442, ...,  0.        ,
          0.00441774,  0.01119792],
        [ 0.64630752,  0.68515441,  0.69858226, ..., -0.00441774,
          0.        ,  0.00678035],
        [ 0.65146659,  0.69007745,  0.70341774, ..., -0.01119792,
         -0.00678035,  0.        ]]]), 'num': array([7.40598542e-01, 6.68595518e-01, 6.22325185e-08, 2.40010080e-02,
       2.40010080e-02, 2.37313337e-02, 5.68307359e-03, 1.03720864e-04,
       2.35280408e-02, 2.30094365e-02, 2.45306758e-02, 1.46562091e-06,
       2.41551911e-02, 2.18636819e-02])}
{'img': array([[[ 0.        ,  0.11162211,  0.15203398, ..., -0.97109601,
         -0.87314883, -0.85108579],
        [-0.11162211,  0.        ,  0.04075934, ..., -0.99167036,
         -0.92210289, -0.90437171],
        [-0.15203398, -0.04075934,  0.        , ..., -0.99609615,
         -0.93710823, -0.92101404],
        ...,
        [ 0.97109601,  0.99167036,  0.99609615, ...,  0.        ,
          0.26495315,  0.30670627],
        [ 0.87314883,  0.92210289,  0.93710823, ..., -0.26495315,
          0.        ,  0.04356146],
        [ 0.85108579,  0.90437171,  0.92101404, ..., -0.30670627,
         -0.04356146,  0.        ]],

       [[ 0.        , -0.03808306,  0.08649102, ...,  0.09948902,
          0.57866759,  0.29468431],
        [ 0.03808306,  0.        ,  0.12436863, ...,  0.13731097,
          0.60930697,  0.33086251],
        [-0.08649102, -0.12436863,  0.        , ...,  0.01305429,
          0.50596019,  0.21092966],
        ...,
        [-0.09948902, -0.13731097, -0.01305429, ...,  0.        ,
          0.49465701,  0.1981511 ],
        [-0.57866759, -0.60930697, -0.50596019, ..., -0.49465701,
          0.        , -0.31263789],
        [-0.29468431, -0.33086251, -0.21092966, ..., -0.1981511 ,
          0.31263789,  0.        ]],

       [[ 0.        ,  0.20983622,  0.20983622, ..., -0.95199115,
         -0.95520394, -0.96838068],
        [-0.20983622,  0.        ,  0.        , ..., -0.86656032,
         -0.87183712, -0.89447183],
        [-0.20983622,  0.        ,  0.        , ..., -0.86656032,
         -0.87183712, -0.89447183],
        ...,
        [ 0.95199115,  0.86656032,  0.86656032, ...,  0.        ,
          0.0106721 ,  0.05894599],
        [ 0.95520394,  0.87183712,  0.87183712, ..., -0.0106721 ,
          0.        ,  0.04828909],
        [ 0.96838068,  0.89447183,  0.89447183, ..., -0.05894599,
         -0.04828909,  0.        ]],

       ...,

       [[ 0.        ,  0.23845647,  0.48904857, ...,  0.95325689,
          0.95783213,  0.99980272],
        [-0.23845647,  0.        ,  0.26694586, ...,  0.85370621,
          0.99871704,  0.96622527],
        [-0.48904857, -0.26694586,  0.        , ...,  0.68371314,
          0.9759929 ,  0.86237078],
        ...,
        [-0.95325689, -0.85370621, -0.68371314, ...,  0.        ,
          0.56331735,  0.28316743],
        [-0.95783213, -0.99871704, -0.9759929 , ..., -0.56331735,
          0.        , -0.30629661],
        [-0.99980272, -0.96622527, -0.86237078, ..., -0.28316743,
          0.30629661,  0.        ]],

       [[ 0.        , -0.22188288, -0.24759916, ..., -0.1031904 ,
         -0.02859707, -0.27998299],
        [ 0.22188288,  0.        , -0.02645332, ..., -0.3213166 ,
         -0.24967638, -0.48601261],
        [ 0.24759916,  0.02645332,  0.        , ..., -0.3462547 ,
         -0.27520453, -0.50896146],
        ...,
        [ 0.1031904 ,  0.3213166 ,  0.3462547 , ...,  0.        ,
         -0.0747038 ,  0.17942503],
        [ 0.02859707,  0.24967638,  0.27520453, ...,  0.0747038 ,
          0.        ,  0.25241515],
        [ 0.27998299,  0.48601261,  0.50896146, ..., -0.17942503,
         -0.25241515,  0.        ]],

       [[ 0.        , -0.01859745, -0.03035027, ..., -0.68515441,
         -0.69007745, -0.6515773 ],
        [ 0.01859745,  0.        , -0.01175613, ..., -0.69858226,
         -0.70341774, -0.66557231],
        [ 0.03035027,  0.01175613,  0.        , ..., -0.70694585,
         -0.71172511, -0.67430031],
        ...,
        [ 0.68515441,  0.69858226,  0.70694585, ...,  0.        ,
          0.00678035, -0.04513845],
        [ 0.69007745,  0.70341774,  0.71172511, ..., -0.00678035,
          0.        , -0.05191085],
        [ 0.6515773 ,  0.66557231,  0.67430031, ...,  0.04513845,
          0.05191085,  0.        ]]]), 'num': array([7.29372981e-01, 6.80837333e-01, 4.07862590e-08, 2.42678241e-02,
       2.43086103e-02, 2.31462020e-02, 8.89691060e-03, 6.72973273e-04,
       2.34357844e-02, 2.27108087e-02, 2.40887044e-02, 1.51240912e-06,
       2.40424207e-02, 2.13791966e-02])}
{'img': array([[[ 0.        ,  0.04075934, -0.12320211, ..., -0.92210289,
         -0.90437171, -0.75135227],
        [-0.04075934,  0.        , -0.16354855, ..., -0.93710823,
         -0.92101404, -0.77762503],
        [ 0.12320211,  0.16354855,  0.        , ..., -0.86740553,
         -0.84490588, -0.66432693],
        ...,
        [ 0.92210289,  0.93710823,  0.86740553, ...,  0.        ,
          0.04356146,  0.31776509],
        [ 0.90437171,  0.92101404,  0.84490588, ..., -0.04356146,
          0.        ,  0.27615981],
        [ 0.75135227,  0.77762503,  0.66432693, ..., -0.31776509,
         -0.27615981,  0.        ]],

       [[ 0.        ,  0.12436863, -0.05393264, ...,  0.60930697,
          0.33086251,  0.88567039],
        [-0.12436863,  0.        , -0.17770153, ...,  0.50596019,
          0.21092966,  0.82104796],
        [ 0.05393264,  0.17770153,  0.        , ...,  0.65118521,
          0.38127606,  0.90942307],
        ...,
        [-0.60930697, -0.50596019, -0.65118521, ...,  0.        ,
         -0.31263789,  0.41936849],
        [-0.33086251, -0.21092966, -0.38127606, ...,  0.31263789,
          0.        ,  0.68216426],
        [-0.88567039, -0.82104796, -0.90942307, ..., -0.41936849,
         -0.68216426,  0.        ]],

       [[ 0.        ,  0.        , -0.43242531, ..., -0.87183712,
         -0.89447183, -0.95139356],
        [ 0.        ,  0.        , -0.43242531, ..., -0.87183712,
         -0.89447183, -0.95139356],
        [ 0.43242531,  0.43242531,  0.        , ..., -0.99790931,
         -0.99986606, -0.99102017],
        ...,
        [ 0.87183712,  0.87183712,  0.99790931, ...,  0.        ,
          0.04828909,  0.19748226],
        [ 0.89447183,  0.89447183,  0.99986606, ..., -0.04828909,
          0.        ,  0.14991378],
        [ 0.95139356,  0.95139356,  0.99102017, ..., -0.19748226,
         -0.14991378,  0.        ]],

       ...,

       [[ 0.        ,  0.25678859,  0.31686606, ...,  0.95593452,
          0.91819769,  0.99637647],
        [-0.25678859,  0.        ,  0.06268444, ...,  0.84849176,
          0.7856886 ,  0.9848061 ],
        [-0.31686606, -0.06268444,  0.        , ...,  0.81364997,
          0.74536548,  0.97198375],
        ...,
        [-0.95593452, -0.84849176, -0.81364997, ...,  0.        ,
         -0.10910267,  0.37382083],
        [-0.91819769, -0.7856886 , -0.74536548, ...,  0.10910267,
          0.        ,  0.47278214],
        [-0.99637647, -0.9848061 , -0.97198375, ..., -0.37382083,
         -0.47278214,  0.        ]],

       [[ 0.        , -0.11197654, -0.24019855, ..., -0.02877692,
         -0.28170795, -0.60761733],
        [ 0.11197654,  0.        , -0.12998961, ..., -0.14052611,
         -0.38737776, -0.69273106],
        [ 0.24019855,  0.12998961,  0.        , ..., -0.26803352,
         -0.50393116, -0.78060147],
        ...,
        [ 0.02877692,  0.14052611,  0.26803352, ...,  0.        ,
          0.25397982,  0.5845102 ],
        [ 0.28170795,  0.38737776,  0.50393116, ..., -0.25397982,
          0.        ,  0.35926807],
        [ 0.60761733,  0.69273106,  0.78060147, ..., -0.5845102 ,
         -0.35926807,  0.        ]],

       [[ 0.        , -0.01173871, -0.04850477, ..., -0.71329718,
         -0.67761991, -0.39065791],
        [ 0.01173871,  0.        , -0.03677653, ..., -0.72147524,
         -0.68620601, -0.40143689],
        [ 0.04850477,  0.03677653,  0.        , ..., -0.74645273,
         -0.71249332, -0.43484846],
        ...,
        [ 0.71329718,  0.72147524,  0.74645273, ...,  0.        ,
         -0.04964968, -0.38281851],
        [ 0.67761991,  0.68620601,  0.71249332, ...,  0.04964968,
          0.        , -0.33647884],
        [ 0.39065791,  0.40143689,  0.43484846, ...,  0.38281851,
          0.33647884,  0.        ]]]), 'num': array([ 7.28641677e-01,  6.81679464e-01,  4.08367077e-08,  2.34811069e-02,
        2.39507291e-02,  2.34811069e-02,  4.19309273e-03, -8.16734154e-04,
        2.35709477e-02,  2.28113849e-02,  2.40749407e-02,  1.29177341e-06,
        2.41405304e-02,  2.14822395e-02])}
{'img': array([[[ 0.        , -0.16354855,  0.23129683, ..., -0.92101404,
         -0.77762503, -0.94310081],
        [ 0.16354855,  0.        ,  0.38729612, ..., -0.84490588,
         -0.66432693, -0.8760212 ],
        [-0.23129683, -0.38729612,  0.        , ..., -0.98613602,
         -0.90196122, -0.99443476],
        ...,
        [ 0.92101404,  0.84490588,  0.98613602, ...,  0.        ,
          0.27615981, -0.06112192],
        [ 0.77762503,  0.66432693,  0.90196122, ..., -0.27615981,
          0.        , -0.33438847],
        [ 0.94310081,  0.8760212 ,  0.99443476, ...,  0.06112192,
          0.33438847,  0.        ]],

       [[ 0.        , -0.17770153, -0.36496215, ...,  0.21092966,
          0.82104796, -0.13314034],
        [ 0.17770153,  0.        , -0.19370947, ...,  0.38127606,
          0.90942307,  0.04509815],
        [ 0.36496215,  0.19370947,  0.        , ...,  0.55313118,
          0.97275602,  0.23775633],
        ...,
        [-0.21092966, -0.38127606, -0.55313118, ...,  0.        ,
          0.68216426, -0.33919664],
        [-0.82104796, -0.90942307, -0.97275602, ..., -0.68216426,
          0.        , -0.88974272],
        [ 0.13314034, -0.04509815, -0.23775633, ...,  0.33919664,
          0.88974272,  0.        ]],

       [[ 0.        , -0.43242531, -0.4585226 , ..., -0.89447183,
         -0.95139356, -0.96567852],
        [ 0.43242531,  0.        , -0.02914706, ..., -0.99986606,
         -0.99102017, -0.98304138],
        [ 0.4585226 ,  0.02914706,  0.        , ..., -0.99991828,
         -0.9867018 , -0.97727862],
        ...,
        [ 0.89447183,  0.99986606,  0.99991828, ...,  0.        ,
          0.14991378,  0.19944799],
        [ 0.95139356,  0.99102017,  0.9867018 , ..., -0.14991378,
          0.        ,  0.05029227],
        [ 0.96567852,  0.98304138,  0.97727862, ..., -0.19944799,
         -0.05029227,  0.        ]],

       ...,

       [[ 0.        ,  0.06268444,  0.32325105, ...,  0.7856886 ,
          0.9848061 ,  0.48686645],
        [-0.06268444,  0.        ,  0.26329623, ...,  0.74536548,
          0.97198375,  0.4311556 ],
        [-0.32325105, -0.26329623,  0.        , ...,  0.54353725,
          0.87580006,  0.178376  ],
        ...,
        [-0.7856886 , -0.74536548, -0.54353725, ...,  0.        ,
          0.47278214, -0.38509407],
        [-0.9848061 , -0.97198375, -0.87580006, ..., -0.47278214,
          0.        , -0.77565686],
        [-0.48686645, -0.4311556 , -0.178376  , ...,  0.38509407,
          0.77565686,  0.        ]],

       [[ 0.        , -0.21351211, -0.13902841, ..., -0.28214272,
         -0.60846485, -0.65534203],
        [ 0.21351211,  0.        ,  0.0756161 , ..., -0.48047427,
         -0.76387302, -0.8015027 ],
        [ 0.13902841, -0.0756161 ,  0.        , ..., -0.41278269,
         -0.71288595, -0.75399025],
        ...,
        [ 0.28214272,  0.48047427,  0.41278269, ...,  0.        ,
          0.35984135,  0.41560558],
        [ 0.60846485,  0.76387302,  0.71288595, ..., -0.35984135,
          0.        ,  0.06047374],
        [ 0.65534203,  0.8015027 ,  0.75399025, ..., -0.41560558,
         -0.06047374,  0.        ]],

       [[ 0.        , -0.03677653, -0.01148567, ..., -0.68620601,
         -0.40143689, -0.63895837],
        [ 0.03677653,  0.        ,  0.02529621, ..., -0.71249332,
         -0.43484846, -0.66681615],
        [ 0.01148567, -0.02529621,  0.        , ..., -0.6945155 ,
         -0.41192998, -0.64775147],
        ...,
        [ 0.68620601,  0.71249332,  0.6945155 , ...,  0.        ,
         -0.33647884, -0.06307507],
        [ 0.40143689,  0.43484846,  0.41192998, ...,  0.33647884,
          0.        ,  0.27641161],
        [ 0.63895837,  0.66681615,  0.64775147, ...,  0.06307507,
         -0.27641161,  0.        ]]]), 'num': array([ 7.28555719e-01,  6.81790100e-01,  4.08433355e-08,  2.33828096e-02,
        2.34849179e-02,  2.30764845e-02,  5.11920156e-03, -1.02108339e-04,
        2.36646286e-02,  2.28824787e-02,  2.40325590e-02,  1.25030619e-06,
        2.41831642e-02,  2.15817932e-02])}
{'img': array([[[ 0.        ,  0.38729612,  0.4721078 , ..., -0.66432693,
         -0.8760212 , -0.89656812],
        [-0.38729612,  0.        ,  0.09384498, ..., -0.90196122,
         -0.99443476, -0.99813152],
        [-0.4721078 , -0.09384498,  0.        , ..., -0.93850457,
         -0.99993311, -0.99946071],
        ...,
        [ 0.66432693,  0.90196122,  0.93850457, ...,  0.        ,
         -0.33438847, -0.3758985 ],
        [ 0.8760212 ,  0.99443476,  0.99993311, ...,  0.33438847,
          0.        , -0.04439532],
        [ 0.89656812,  0.99813152,  0.99946071, ...,  0.3758985 ,
          0.04439532,  0.        ]],

       [[ 0.        , -0.19370947, -0.20779981, ...,  0.90942307,
          0.04509815,  0.27627539],
        [ 0.19370947,  0.        , -0.0143828 , ...,  0.97275602,
          0.23775633,  0.45721246],
        [ 0.20779981,  0.0143828 ,  0.        , ...,  0.97598978,
          0.2517021 ,  0.46995661],
        ...,
        [-0.90942307, -0.97275602, -0.97598978, ...,  0.        ,
         -0.88974272, -0.75913172],
        [-0.04509815, -0.23775633, -0.2517021 , ...,  0.88974272,
          0.        ,  0.23265144],
        [-0.27627539, -0.45721246, -0.46995661, ...,  0.75913172,
         -0.23265144,  0.        ]],

       [[ 0.        , -0.04262474,  0.29301818, ..., -0.99998715,
         -0.99840374, -0.99505109],
        [ 0.04262474,  0.        ,  0.33350568, ..., -0.99886225,
         -0.9950889 , -0.98991135],
        [-0.29301818, -0.33350568,  0.        , ..., -0.95757989,
         -0.97113031, -0.98049082],
        ...,
        [ 0.99998715,  0.99886225,  0.95757989, ...,  0.        ,
          0.0514183 ,  0.09431944],
        [ 0.99840374,  0.9950889 ,  0.97113031, ..., -0.0514183 ,
          0.        ,  0.04300559],
        [ 0.99505109,  0.98991135,  0.98049082, ..., -0.09431944,
         -0.04300559,  0.        ]],

       ...,

       [[ 0.        ,  0.26329623,  0.14148177, ...,  0.97198375,
          0.4311556 ,  0.35192726],
        [-0.26329623,  0.        , -0.12415811, ...,  0.87580006,
          0.178376  ,  0.09305705],
        [-0.14148177,  0.12415811,  0.        , ...,  0.92895141,
          0.29916272,  0.21595637],
        ...,
        [-0.97198375, -0.87580006, -0.92895141, ...,  0.        ,
         -0.77565686, -0.82708354],
        [-0.4311556 , -0.178376  , -0.29916272, ...,  0.77565686,
          0.        , -0.08603735],
        [-0.35192726, -0.09305705, -0.21595637, ...,  0.82708354,
          0.08603735,  0.        ]],

       [[ 0.        ,  0.16323696, -0.24860384, ..., -0.73097456,
         -0.77101018, -0.79131671],
        [-0.16323696,  0.        , -0.40338147, ..., -0.60977625,
         -0.65671551, -0.68089856],
        [ 0.24860384,  0.40338147,  0.        , ..., -0.87767423,
         -0.9051211 , -0.91847151],
        ...,
        [ 0.73097456,  0.60977625,  0.87767423, ...,  0.        ,
          0.06063969,  0.09307567],
        [ 0.77101018,  0.65671551,  0.9051211 , ..., -0.06063969,
          0.        ,  0.03252793],
        [ 0.79131671,  0.68089856,  0.91847151, ..., -0.09307567,
         -0.03252793,  0.        ]],

       [[ 0.        ,  0.02529621,  0.12760065, ..., -0.43484846,
         -0.66681615, -0.76567038],
        [-0.02529621,  0.        ,  0.10247038, ..., -0.41192998,
         -0.64775147, -0.749154  ],
        [-0.12760065, -0.10247038,  0.        , ..., -0.316389  ,
         -0.5662745 , -0.67733454],
        ...,
        [ 0.43484846,  0.41192998,  0.316389  , ...,  0.        ,
          0.27641161,  0.40978003],
        [ 0.66681615,  0.64775147,  0.5662745 , ..., -0.27641161,
          0.        ,  0.14167637],
        [ 0.76567038,  0.749154  ,  0.67733454, ..., -0.40978003,
         -0.14167637,  0.        ]]]), 'num': array([ 7.39864636e-01,  6.69415102e-01,  6.22895965e-08,  2.34831779e-02,
        2.37530995e-02,  2.33585987e-02,  4.10382549e-03, -2.90684784e-04,
        2.39731894e-02,  2.33316065e-02,  2.43870691e-02,  1.07932047e-06,
        2.45538590e-02,  2.21093541e-02])}
{'img': array([[[ 0.        ,  0.09384498, -0.38729612, ..., -0.99443476,
         -0.99813152, -0.99771796],
        [-0.09384498,  0.        , -0.4721078 , ..., -0.99993311,
         -0.99946071, -0.98697849],
        [ 0.38729612,  0.4721078 ,  0.        , ..., -0.8760212 ,
         -0.89656812, -0.94600146],
        ...,
        [ 0.99443476,  0.99993311,  0.8760212 , ...,  0.        ,
         -0.04439532, -0.17225748],
        [ 0.99813152,  0.99946071,  0.89656812, ...,  0.04439532,
          0.        , -0.12835594],
        [ 0.99771796,  0.98697849,  0.94600146, ...,  0.17225748,
          0.12835594,  0.        ]],

       [[ 0.        , -0.0143828 , -0.18854142, ...,  0.23775633,
          0.45721246,  0.19507941],
