state_0,state_1,state_2,state_3,state_4,state_5,state_6,state_7,state_8,state_9,state_10,state_11,state_12,state_13,state_14,state_15,state_16,state_17,state_18,state_19,state_20,state_21,state_22,state_23,state_24,state_25,state_26,state_27,state_28,state_29,state_30,state_31,state_32,state_33,state_34,state_35,state_36,state_37,state_38,state_39,state_40,state_41,state_42,state_43,state_44,state_45,state_46,state_47,state_48,state_49,state_50,state_51,state_52,state_53,state_54,state_55,state_56,state_57,state_58,state_59,state_60,state_61,state_62,state_63,state_64,state_65,state_66,state_67,state_68,state_69,state_70,state_71,state_72,state_73,state_74,state_75,state_76,state_77,state_78,state_79,state_80,state_81,state_82,state_83,state_84,state_85,state_86,state_87,state_88,state_89,state_90,state_91,state_92,state_93,state_94,state_95,state_96,state_97,state_98,state_99,state_100,state_101,state_102,state_103,state_104,state_105,state_106,state_107,state_108,state_109,state_110,state_111,state_112,state_113,state_114,state_115,state_116,state_117,state_118,state_119,state_120,state_121,state_122,state_123,state_124,state_125,state_126,state_127,state_128,state_129,state_130,state_131,state_132,state_133,state_134,state_135,state_136,state_137,state_138,state_139,state_140,state_141,state_142,state_143,state_144,state_145,state_146,state_147,state_148,state_149,state_150,state_151,state_152,state_153,state_154,state_155,state_156,state_157,state_158,state_159,state_160,state_161,state_162,state_163,state_164,state_165,state_166,state_167,state_168,state_169,state_170,state_171,state_172,state_173,state_174,state_175,state_176,state_177,state_178,state_179,state_180,state_181,state_182,state_183,state_184,state_185,state_186,state_187,state_188,state_189,state_190,state_191,state_192,state_193,state_194,state_195,state_196,state_197,state_198,state_199,state_200,state_201,state_202,state_203,state_204,state_205,state_206,state_207,state_208,state_209,state_210,state_211,state_212,state_213,state_214,state_215,state_216,state_217,state_218,state_219,state_220,state_221,state_222,state_223,state_224,state_225,state_226,state_227,state_228,state_229,state_230,state_231,state_232,state_233,state_234,state_235,state_236,state_237,state_238,state_239,state_240,state_241,state_242,state_243,state_244,state_245,state_246,state_247,state_248,state_249,state_250,state_251,state_252,state_253,state_254,state_255,state_256,state_257,state_258,state_259,state_260,state_261,state_262,state_263,state_264,state_265,state_266,state_267,state_268,state_269,state_270,state_271,state_272,state_273,state_274,state_275,state_276,state_277,state_278,state_279,state_280,state_281,state_282,state_283,state_284,state_285,state_286,state_287
{'img': array([[[ 0.        , -0.65197349, -0.14757349, ...,  0.26258054,
          0.42764854,  0.54995311],
        [ 0.65197349,  0.        ,  0.53293871, ...,  0.82819533,
          0.91360922,  0.96152276],
        [ 0.14757349, -0.53293871,  0.        , ...,  0.40210072,
          0.55636459,  0.66718445],
        ...,
        [-0.26258054, -0.82819533, -0.40210072, ...,  0.        ,
          0.17528399,  0.31134921],
        [-0.42764854, -0.91360922, -0.55636459, ..., -0.17528399,
          0.        ,  0.13995727],
        [-0.54995311, -0.96152276, -0.66718445, ..., -0.31134921,
         -0.13995727,  0.        ]],

       [[ 0.        ,  0.02338797,  0.18074838, ..., -0.2047967 ,
         -0.55495021, -0.06336945],
        [-0.02338797,  0.        ,  0.15769618, ..., -0.22763293,
         -0.57425447, -0.08669307],
        [-0.18074838, -0.15769618,  0.        , ..., -0.3783409 ,
         -0.69617143, -0.24271081],
        ...,
        [ 0.2047967 ,  0.22763293,  0.3783409 , ...,  0.        ,
         -0.37282077,  0.14235879],
        [ 0.55495021,  0.57425447,  0.69617143, ...,  0.37282077,
          0.        ,  0.50111883],
        [ 0.06336945,  0.08669307,  0.24271081, ..., -0.14235879,
         -0.50111883,  0.        ]],

       [[ 0.        , -0.19895992, -0.37188125, ...,  0.0601103 ,
          0.20986278,  0.32505504],
        [ 0.19895992,  0.        , -0.17975588, ...,  0.2575087 ,
          0.40019638,  0.50671184],
        [ 0.37188125,  0.17975588,  0.        , ...,  0.427008  ,
          0.55841126,  0.65342846],
        ...,
        [-0.0601103 , -0.2575087 , -0.427008  , ...,  0.        ,
          0.1507116 ,  0.26762124],
        [-0.20986278, -0.40019638, -0.55841126, ..., -0.1507116 ,
          0.        ,  0.11935013],
        [-0.32505504, -0.50671184, -0.65342846, ..., -0.26762124,
         -0.11935013,  0.        ]],

       ...,

       [[ 0.        , -0.26113569,  0.03352563, ...,  0.33566606,
          0.43622029,  0.57767113],
        [ 0.26113569,  0.        ,  0.29335126, ...,  0.57000403,
          0.65606468,  0.77078428],
        [-0.03352563, -0.29335126,  0.        , ...,  0.30389686,
          0.40580737,  0.54998044],
        ...,
        [-0.33566606, -0.57000403, -0.30389686, ...,  0.        ,
          0.10886553,  0.27016125],
        [-0.43622029, -0.65606468, -0.40580737, ..., -0.10886553,
          0.        ,  0.16373817],
        [-0.57767113, -0.77078428, -0.54998044, ..., -0.27016125,
         -0.16373817,  0.        ]],

       [[ 0.        ,  0.05604076,  0.00143117, ...,  0.26948861,
          0.15788072,  0.06482472],
        [-0.05604076,  0.        , -0.05461178, ...,  0.21509766,
          0.1022947 ,  0.00879996],
        [-0.00143117,  0.05461178,  0.        , ...,  0.26811011,
          0.15646733,  0.06339649],
        ...,
        [-0.26948861, -0.21509766, -0.26811011, ...,  0.        ,
         -0.11406905, -0.20649535],
        [-0.15788072, -0.1022947 , -0.15646733, ...,  0.11406905,
          0.        , -0.09353694],
        [-0.06482472, -0.00879996, -0.06339649, ...,  0.20649535,
          0.09353694,  0.        ]],

       [[ 0.        , -0.20501993, -0.3135885 , ...,  0.05585406,
          0.04367005,  0.04752152],
        [ 0.20501993,  0.        , -0.11224868, ...,  0.25936748,
          0.24756674,  0.25130036],
        [ 0.3135885 ,  0.11224868,  0.        , ...,  0.3661357 ,
          0.35475663,  0.3583587 ],
        ...,
        [-0.05585406, -0.25936748, -0.3661357 , ...,  0.        ,
         -0.0121989 , -0.00834362],
        [-0.04367005, -0.24756674, -0.35475663, ...,  0.0121989 ,
          0.        ,  0.00385548],
        [-0.04752152, -0.25130036, -0.3583587 , ...,  0.00834362,
         -0.00385548,  0.        ]]]), 'num': array([8.27488382e-01, 5.61365353e-01, 1.11581983e-05, 3.94256340e-04,
       4.00042072e-04, 3.88470607e-04, 1.14312187e-02, 0.00000000e+00,
       3.87974687e-04, 3.94008380e-04, 4.02714530e-04, 6.75446492e-07,
       4.16106978e-04, 3.71909781e-04])}
{'img': array([[[ 0.        ,  0.53293871,  0.29322339, ...,  0.91360922,
          0.96152276,  0.96152276],
        [-0.53293871,  0.        , -0.26140074, ...,  0.55636459,
          0.66718445,  0.66718445],
        [-0.29322339,  0.26140074,  0.        , ...,  0.75422787,
          0.83870215,  0.83870215],
        ...,
        [-0.91360922, -0.55636459, -0.75422787, ...,  0.        ,
          0.13995727,  0.13995727],
        [-0.96152276, -0.66718445, -0.83870215, ..., -0.13995727,
          0.        ,  0.        ],
        [-0.96152276, -0.66718445, -0.83870215, ..., -0.13995727,
          0.        ,  0.        ]],

       [[ 0.        ,  0.15769618, -0.12179132, ..., -0.57425447,
         -0.08669307, -0.33014439],
        [-0.15769618,  0.        , -0.27678968, ..., -0.69617143,
         -0.24271081, -0.47486774],
        [ 0.12179132,  0.27678968,  0.        , ..., -0.47027183,
          0.03528508, -0.21272417],
        ...,
        [ 0.57425447,  0.69617143,  0.47027183, ...,  0.        ,
          0.50111883,  0.27177471],
        [ 0.08669307,  0.24271081, -0.03528508, ..., -0.50111883,
          0.        , -0.24706919],
        [ 0.33014439,  0.47486774,  0.21272417, ..., -0.27177471,
          0.24706919,  0.        ]],

       [[ 0.        , -0.17975588, -0.39621313, ...,  0.40019638,
          0.50671184,  0.59822547],
        [ 0.17975588,  0.        , -0.22471491, ...,  0.55841126,
          0.65342846,  0.73252451],
        [ 0.39621313,  0.22471491,  0.        , ...,  0.7305451 ,
          0.80682329,  0.86676245],
        ...,
        [-0.40019638, -0.55841126, -0.7305451 , ...,  0.        ,
          0.11935013,  0.22754291],
        [-0.50671184, -0.65342846, -0.80682329, ..., -0.11935013,
          0.        ,  0.10969714],
        [-0.59822547, -0.73252451, -0.86676245, ..., -0.22754291,
         -0.10969714,  0.        ]],

       ...,

       [[ 0.        ,  0.29335126,  0.2823641 , ...,  0.65606468,
          0.77078428,  0.56010719],
        [-0.29335126,  0.        , -0.0114726 , ...,  0.40580737,
          0.54998044,  0.29244703],
        [-0.2823641 ,  0.0114726 ,  0.        , ...,  0.41626614,
          0.5595259 ,  0.30339882],
        ...,
        [-0.65606468, -0.40580737, -0.41626614, ...,  0.        ,
          0.16373817, -0.12078168],
        [-0.77078428, -0.54998044, -0.5595259 , ..., -0.16373817,
          0.        , -0.28169105],
        [-0.56010719, -0.29244703, -0.30339882, ...,  0.12078168,
          0.28169105,  0.        ]],

       [[ 0.        , -0.05461178, -0.04959869, ...,  0.1022947 ,
          0.00879996, -0.06387971],
        [ 0.05461178,  0.        ,  0.00501989, ...,  0.15646733,
          0.06339649, -0.00928414],
        [ 0.04959869, -0.00501989,  0.        , ...,  0.1515073 ,
          0.0583859 , -0.0143037 ],
        ...,
        [-0.1022947 , -0.15646733, -0.1515073 , ...,  0.        ,
         -0.09353694, -0.16563038],
        [-0.00879996, -0.06339649, -0.0583859 , ...,  0.09353694,
          0.        , -0.07265923],
        [ 0.06387971,  0.00928414,  0.0143037 , ...,  0.16563038,
          0.07265923,  0.        ]],

       [[ 0.        , -0.11224868, -0.25648614, ...,  0.24756674,
          0.25130036,  0.25020195],
        [ 0.11224868,  0.        , -0.14637147, ...,  0.35475663,
          0.3583587 ,  0.35729916],
        [ 0.25648614,  0.14637147,  0.        , ...,  0.48778706,
          0.49114913,  0.49016043],
        ...,
        [-0.24756674, -0.35475663, -0.48778706, ...,  0.        ,
          0.00385548,  0.00272082],
        [-0.25130036, -0.3583587 , -0.49114913, ..., -0.00385548,
          0.        , -0.00113467],
        [-0.25020195, -0.35729916, -0.49016043, ..., -0.00272082,
          0.00113467,  0.        ]]]), 'num': array([ 7.06952250e-01,  7.06952250e-01,  0.00000000e+00,  8.76326226e-04,
        8.91054398e-04,  8.72644183e-04,  2.07566335e-02, -1.84102148e-06,
        8.70803162e-04,  8.76142124e-04,  8.97988912e-04,  1.25622642e-06,
        9.23637624e-04,  8.28646624e-04])}
{'img': array([[[ 0.00000000e+00, -4.60537113e-01,  8.98025139e-02, ...,
          7.06094745e-01,  7.06094745e-01,  6.89133928e-01],
        [ 4.60537113e-01,  0.00000000e+00,  5.38388699e-01, ...,
          9.52872586e-01,  9.52872586e-01,  9.45423999e-01],
        [-8.98025139e-02, -5.38388699e-01,  0.00000000e+00, ...,
          6.39651114e-01,  6.39651114e-01,  6.21275591e-01],
        ...,
        [-7.06094745e-01, -9.52872586e-01, -6.39651114e-01, ...,
          0.00000000e+00,  0.00000000e+00, -2.36725511e-02],
        [-7.06094745e-01, -9.52872586e-01, -6.39651114e-01, ...,
          0.00000000e+00,  0.00000000e+00, -2.36725511e-02],
        [-6.89133928e-01, -9.45423999e-01, -6.21275591e-01, ...,
          2.36725511e-02,  2.36725511e-02,  0.00000000e+00]],

       [[ 0.00000000e+00, -2.71630682e-01, -3.79523368e-01, ...,
         -2.38444914e-01, -4.60712671e-01, -7.02475814e-01],
        [ 2.71630682e-01,  0.00000000e+00, -1.13946025e-01, ...,
          3.43160145e-02, -2.02304962e-01, -4.82742197e-01],
        [ 3.79523368e-01,  1.13946025e-01,  0.00000000e+00, ...,
          1.47971427e-01, -8.93974240e-02, -3.79808413e-01],
        ...,
        [ 2.38444914e-01, -3.43160145e-02, -1.47971427e-01, ...,
          0.00000000e+00, -2.35792259e-01, -5.12510557e-01],
        [ 4.60712671e-01,  2.02304962e-01,  8.93974240e-02, ...,
          2.35792259e-01,  0.00000000e+00, -2.95589230e-01],
        [ 7.02475814e-01,  4.82742197e-01,  3.79808413e-01, ...,
          5.12510557e-01,  2.95589230e-01,  0.00000000e+00]],

       [[ 0.00000000e+00, -2.24714912e-01, -2.24714912e-01, ...,
          6.53428463e-01,  7.32524511e-01,  7.98838642e-01],
        [ 2.24714912e-01,  0.00000000e+00,  0.00000000e+00, ...,
          8.06823290e-01,  8.66762446e-01,  9.13584199e-01],
        [ 2.24714912e-01,  0.00000000e+00,  0.00000000e+00, ...,
          8.06823290e-01,  8.66762446e-01,  9.13584199e-01],
        ...,
        [-6.53428463e-01, -8.06823290e-01, -8.06823290e-01, ...,
          0.00000000e+00,  1.09697144e-01,  2.11644621e-01],
        [-7.32524511e-01, -8.66762446e-01, -8.66762446e-01, ...,
         -1.09697144e-01,  0.00000000e+00,  1.03155218e-01],
        [-7.98838642e-01, -9.13584199e-01, -9.13584199e-01, ...,
         -2.11644621e-01, -1.03155218e-01,  0.00000000e+00]],

       ...,

       [[ 0.00000000e+00, -1.14725982e-02, -3.76632118e-02, ...,
          5.49980441e-01,  2.92447030e-01,  9.68708525e-02],
        [ 1.14725982e-02,  0.00000000e+00, -2.61962749e-02, ...,
          5.59525902e-01,  3.03398819e-01,  1.08283119e-01],
        [ 3.76632118e-02,  2.61962749e-02,  0.00000000e+00, ...,
          5.81045693e-01,  3.28256177e-01,  1.34288202e-01],
        ...,
        [-5.49980441e-01, -5.59525902e-01, -5.81045693e-01, ...,
          0.00000000e+00, -2.81691055e-01, -4.66489501e-01],
        [-2.92447030e-01, -3.03398819e-01, -3.28256177e-01, ...,
          2.81691055e-01,  0.00000000e+00, -1.98435814e-01],
        [-9.68708525e-02, -1.08283119e-01, -1.34288202e-01, ...,
          4.66489501e-01,  1.98435814e-01,  0.00000000e+00]],

       [[ 0.00000000e+00,  5.01988960e-03, -3.82427421e-06, ...,
          6.33964941e-02, -9.28414436e-03, -1.21022719e-01],
        [-5.01988960e-03,  0.00000000e+00, -5.02371383e-03, ...,
          5.83859037e-02, -1.43037006e-02, -1.26004187e-01],
        [ 3.82427421e-06,  5.02371383e-03,  0.00000000e+00, ...,
          6.34003107e-02, -9.28032025e-03, -1.21018923e-01],
        ...,
        [-6.33964941e-02, -5.83859037e-02, -6.34003107e-02, ...,
          0.00000000e+00, -7.26592304e-02, -1.83709786e-01],
        [ 9.28414436e-03,  1.43037006e-02,  9.28032025e-03, ...,
          7.26592304e-02,  0.00000000e+00, -1.11801600e-01],
        [ 1.21022719e-01,  1.26004187e-01,  1.21018923e-01, ...,
          1.83709786e-01,  1.11801600e-01,  0.00000000e+00]],

       [[ 0.00000000e+00, -1.46371466e-01, -2.24417472e-01, ...,
          3.58358703e-01,  3.57299164e-01,  3.62599529e-01],
        [ 1.46371466e-01,  0.00000000e+00, -7.93624451e-02, ...,
          4.91149126e-01,  4.90160428e-01,  4.95104386e-01],
        [ 2.24417472e-01,  7.93624451e-02,  0.00000000e+00, ...,
          5.58730639e-01,  5.57789243e-01,  5.62495491e-01],
        ...,
        [-3.58358703e-01, -4.91149126e-01, -5.58730639e-01, ...,
          0.00000000e+00, -1.13466818e-03,  4.54648959e-03],
        [-3.57299164e-01, -4.90160428e-01, -5.57789243e-01, ...,
          1.13466818e-03,  0.00000000e+00,  5.68114312e-03],
        [-3.62599529e-01, -4.95104386e-01, -5.62495491e-01, ...,
         -4.54648959e-03, -5.68114312e-03,  0.00000000e+00]]]), 'num': array([7.06891751e-01, 7.06891751e-01, 0.00000000e+00, 8.79932961e-04,
       8.83614689e-04, 8.65206049e-04, 2.45341509e-02, 3.68172787e-06,
       8.75883060e-04, 8.75054672e-04, 8.98740454e-04, 1.56347348e-06,
       9.21293348e-04, 8.28815995e-04])}
{'img': array([[[ 0.        ,  0.5383887 ,  0.6316166 , ...,  0.95287259,
          0.945424  ,  0.95973737],
        [-0.5383887 ,  0.        ,  0.1148587 , ...,  0.63965111,
          0.62127559,  0.65753467],
        [-0.6316166 , -0.1148587 ,  0.        , ...,  0.54712989,
          0.52716151,  0.56664566],
        ...,
        [-0.95287259, -0.63965111, -0.54712989, ...,  0.        ,
         -0.02367255,  0.02349544],
        [-0.945424  , -0.62127559, -0.52716151, ...,  0.02367255,
          0.        ,  0.04715487],
        [-0.95973737, -0.65753467, -0.56664566, ..., -0.02349544,
         -0.04715487,  0.        ]],

       [[ 0.        , -0.11394603, -0.17453688, ..., -0.20230496,
         -0.4827422 , -0.23288404],
        [ 0.11394603,  0.        , -0.06120308, ..., -0.08939742,
         -0.37980841, -0.12055423],
        [ 0.17453688,  0.06120308,  0.        , ..., -0.02827181,
         -0.32247956, -0.05957152],
        ...,
        [ 0.20230496,  0.08939742,  0.02827181, ...,  0.        ,
         -0.29558923, -0.03132611],
        [ 0.4827422 ,  0.37980841,  0.32247956, ...,  0.29558923,
          0.        ,  0.26551785],
        [ 0.23288404,  0.12055423,  0.05957152, ...,  0.03132611,
         -0.26551785,  0.        ]],

       [[ 0.        ,  0.        ,  0.10101492, ...,  0.86676245,
          0.9135842 ,  0.94220449],
        [ 0.        ,  0.        ,  0.10101492, ...,  0.86676245,
          0.9135842 ,  0.94220449],
        [-0.10101492, -0.10101492,  0.        , ...,  0.81195059,
          0.86783345,  0.90354115],
        ...,
        [-0.86676245, -0.86676245, -0.81195059, ...,  0.        ,
          0.10315522,  0.17949871],
        [-0.9135842 , -0.9135842 , -0.86783345, ..., -0.10315522,
          0.        ,  0.07706134],
        [-0.94220449, -0.94220449, -0.90354115, ..., -0.17949871,
         -0.07706134,  0.        ]],

       ...,

       [[ 0.        , -0.02619627, -0.17703646, ...,  0.30339882,
          0.10828312,  0.34608866],
        [ 0.02619627,  0.        , -0.15119322, ...,  0.32825618,
          0.1342882 ,  0.37054728],
        [ 0.17703646,  0.15119322,  0.        , ...,  0.46729803,
          0.28256821,  0.50671787],
        ...,
        [-0.30339882, -0.32825618, -0.46729803, ...,  0.        ,
         -0.19843581,  0.04512599],
        [-0.10828312, -0.1342882 , -0.28256821, ...,  0.19843581,
          0.        ,  0.24246228],
        [-0.34608866, -0.37054728, -0.50671787, ..., -0.04512599,
         -0.24246228,  0.        ]],

       [[ 0.        , -0.00502371, -0.0491451 , ..., -0.0143037 ,
         -0.12600419, -0.2180782 ],
        [ 0.00502371,  0.        , -0.04412684, ..., -0.00928032,
         -0.12101892, -0.21317264],
        [ 0.0491451 ,  0.04412684,  0.        , ...,  0.03485366,
         -0.07709853, -0.16985243],
        ...,
        [ 0.0143037 ,  0.00928032, -0.03485366, ...,  0.        ,
         -0.1118016 , -0.20409646],
        [ 0.12600419,  0.12101892,  0.07709853, ...,  0.1118016 ,
          0.        , -0.09336862],
        [ 0.2180782 ,  0.21317264,  0.16985243, ...,  0.20409646,
          0.09336862,  0.        ]],

       [[ 0.        , -0.07936245, -0.1410232 , ...,  0.49016043,
          0.49510439,  0.499769  ],
        [ 0.07936245,  0.        , -0.06200907, ...,  0.55778924,
          0.56249549,  0.56693311],
        [ 0.1410232 ,  0.06200907,  0.        , ...,  0.60818227,
          0.61268214,  0.61692293],
        ...,
        [-0.49016043, -0.55778924, -0.60818227, ...,  0.        ,
          0.00568114,  0.01105803],
        [-0.49510439, -0.56249549, -0.61268214, ..., -0.00568114,
          0.        ,  0.00537706],
        [-0.499769  , -0.56693311, -0.61692293, ..., -0.01105803,
         -0.00537706,  0.        ]]]), 'num': array([ 8.33650932e-01,  5.51663341e-01,  1.19486267e-05,  1.02915179e-03,
        1.04877545e-03,  1.02915179e-03,  2.61730743e-02, -1.30824380e-05,
        1.03787341e-03,  1.03525693e-03,  1.06545555e-03,  1.87757212e-06,
        1.08955911e-03,  9.80954740e-04])}
{'img': array([[[ 0.00000000e+00,  1.82059571e-01,  1.82059571e-01, ...,
          7.47461976e-01,  7.80674542e-01,  6.72330760e-01],
        [-1.82059571e-01,  0.00000000e+00,  0.00000000e+00, ...,
          6.14027010e-01,  6.53851613e-01,  5.26324678e-01],
        [-1.82059571e-01,  0.00000000e+00,  0.00000000e+00, ...,
          6.14027010e-01,  6.53851613e-01,  5.26324678e-01],
        ...,
        [-7.47461976e-01, -6.14027010e-01, -6.14027010e-01, ...,
          0.00000000e+00,  5.14884395e-02, -1.06676964e-01],
        [-7.80674542e-01, -6.53851613e-01, -6.53851613e-01, ...,
         -5.14884395e-02,  0.00000000e+00, -1.57730100e-01],
        [-6.72330760e-01, -5.26324678e-01, -5.26324678e-01, ...,
          1.06676964e-01,  1.57730100e-01,  0.00000000e+00]],

       [[ 0.00000000e+00, -6.12030805e-02,  1.14649345e-01, ...,
         -3.79808413e-01, -1.20554234e-01, -2.27717506e-01],
        [ 6.12030805e-02,  0.00000000e+00,  1.75233925e-01, ...,
         -3.22479561e-01, -5.95715244e-02, -1.67695506e-01],
        [-1.14649345e-01, -1.75233925e-01,  0.00000000e+00, ...,
         -4.83362081e-01, -2.33572480e-01, -3.37853133e-01],
        ...,
        [ 3.79808413e-01,  3.22479561e-01,  4.83362081e-01, ...,
          0.00000000e+00,  2.65517849e-01,  1.59176263e-01],
        [ 1.20554234e-01,  5.95715244e-02,  2.33572480e-01, ...,
         -2.65517849e-01,  0.00000000e+00, -1.08669763e-01],
        [ 2.27717506e-01,  1.67695506e-01,  3.37853133e-01, ...,
         -1.59176263e-01,  1.08669763e-01,  0.00000000e+00]],

       [[ 0.00000000e+00,  1.01014924e-01,  3.58567410e-01, ...,
          9.13584199e-01,  9.42204487e-01,  9.44007751e-01],
        [-1.01014924e-01,  0.00000000e+00,  2.62435487e-01, ...,
          8.67833454e-01,  9.03541152e-01,  9.05851892e-01],
        [-3.58567410e-01, -2.62435487e-01,  0.00000000e+00, ...,
          7.07023055e-01,  7.59417665e-01,  7.62935123e-01],
        ...,
        [-9.13584199e-01, -8.67833454e-01, -7.07023055e-01, ...,
          0.00000000e+00,  7.70613383e-02,  8.24676998e-02],
        [-9.42204487e-01, -9.03541152e-01, -7.59417665e-01, ...,
         -7.70613383e-02,  0.00000000e+00,  5.42362285e-03],
        [-9.44007751e-01, -9.05851892e-01, -7.62935123e-01, ...,
         -8.24676998e-02, -5.42362285e-03,  0.00000000e+00]],

       ...,

       [[ 0.00000000e+00, -1.51193217e-01, -9.33913955e-03, ...,
          1.34288202e-01,  3.70547284e-01,  3.85743777e-01],
        [ 1.51193217e-01,  0.00000000e+00,  1.41954845e-01, ...,
          2.82568213e-01,  5.06717874e-01,  5.20801117e-01],
        [ 9.33913955e-03, -1.41954845e-01,  0.00000000e+00, ...,
          1.43536894e-01,  3.79205444e-01,  3.94343300e-01],
        ...,
        [-1.34288202e-01, -2.82568213e-01, -1.43536894e-01, ...,
          0.00000000e+00,  2.42462276e-01,  2.58354738e-01],
        [-3.70547284e-01, -5.06717874e-01, -3.79205444e-01, ...,
         -2.42462276e-01,  0.00000000e+00,  1.64149383e-02],
        [-3.85743777e-01, -5.20801117e-01, -3.94343300e-01, ...,
         -2.58354738e-01, -1.64149383e-02,  0.00000000e+00]],

       [[ 0.00000000e+00, -4.41268413e-02, -2.12811428e-01, ...,
         -1.21018923e-01, -2.13172644e-01, -2.79146450e-01],
        [ 4.41268413e-02,  0.00000000e+00, -1.69488096e-01, ...,
         -7.70985251e-02, -1.69852434e-01, -2.36501809e-01],
        [ 2.12811428e-01,  1.69488096e-01,  0.00000000e+00, ...,
          9.30005289e-02, -3.69699096e-04, -6.84002600e-02],
        ...,
        [ 1.21018923e-01,  7.70985251e-02, -9.30005289e-02, ...,
          0.00000000e+00, -9.33686194e-02, -1.60886535e-01],
        [ 2.13172644e-01,  1.69852434e-01,  3.69699096e-04, ...,
          9.33686194e-02,  0.00000000e+00, -6.80314221e-02],
        [ 2.79146450e-01,  2.36501809e-01,  6.84002600e-02, ...,
          1.60886535e-01,  6.80314221e-02,  0.00000000e+00]],

       [[ 0.00000000e+00, -6.20090674e-02, -9.92723632e-02, ...,
          5.62495491e-01,  5.66933112e-01,  5.55461664e-01],
        [ 6.20090674e-02,  0.00000000e+00, -3.73785609e-02, ...,
          6.12682136e-01,  6.16922925e-01,  6.05955879e-01],
        [ 9.92723632e-02,  3.73785609e-02,  0.00000000e+00, ...,
          6.41795356e-01,  6.45909614e-01,  6.35267003e-01],
        ...,
        [-5.62495491e-01, -6.12682136e-01, -6.41795356e-01, ...,
          0.00000000e+00,  5.37705693e-03, -8.48280821e-03],
        [-5.66933112e-01, -6.16922925e-01, -6.45909614e-01, ...,
         -5.37705693e-03,  0.00000000e+00, -1.38595490e-02],
        [-5.55461664e-01, -6.05955879e-01, -6.35267003e-01, ...,
          8.48280821e-03,  1.38595490e-02,  0.00000000e+00]]]), 'num': array([7.71461796e-01, 6.35715515e-01, 5.72769117e-06, 9.55959724e-04,
       9.64026894e-04, 9.43858968e-04, 2.65537780e-02, 4.03358533e-06,
       9.58783234e-04, 9.56766441e-04, 9.86211614e-04, 1.73668257e-06,
       1.00655141e-03, 9.06981474e-04])}
{'img': array([[[ 0.00000000e+00,  0.00000000e+00,  6.14027010e-01, ...,
          6.53851613e-01,  5.26324678e-01,  5.71586286e-01],
        [ 0.00000000e+00,  0.00000000e+00,  6.14027010e-01, ...,
          6.53851613e-01,  5.26324678e-01,  5.71586286e-01],
        [-6.14027010e-01, -6.14027010e-01,  0.00000000e+00, ...,
          5.14884395e-02, -1.06676964e-01, -5.26904415e-02],
        ...,
        [-6.53851613e-01, -6.53851613e-01, -5.14884395e-02, ...,
          0.00000000e+00, -1.57730100e-01, -1.04037469e-01],
        [-5.26324678e-01, -5.26324678e-01,  1.06676964e-01, ...,
          1.57730100e-01,  0.00000000e+00,  5.41390031e-02],
        [-5.71586286e-01, -5.71586286e-01,  5.26904415e-02, ...,
          1.04037469e-01, -5.41390031e-02,  0.00000000e+00]],

       [[ 0.00000000e+00,  1.75233925e-01,  7.70668693e-01, ...,
         -5.95715244e-02, -1.67695506e-01, -7.03749140e-02],
        [-1.75233925e-01,  0.00000000e+00,  8.70409374e-01, ...,
         -2.33572480e-01, -3.37853133e-01, -2.44085442e-01],
        [-7.70668693e-01, -8.70409374e-01,  0.00000000e+00, ...,
         -7.31338894e-01, -6.52893510e-01, -7.23912475e-01],
        ...,
        [ 5.95715244e-02,  2.33572480e-01,  7.31338894e-01, ...,
          0.00000000e+00, -1.08669763e-01, -1.08261075e-02],
        [ 1.67695506e-01,  3.37853133e-01,  6.52893510e-01, ...,
          1.08669763e-01,  0.00000000e+00,  9.79013998e-02],
        [ 7.03749140e-02,  2.44085442e-01,  7.23912475e-01, ...,
          1.08261075e-02, -9.79013998e-02,  0.00000000e+00]],

       [[ 0.00000000e+00,  3.45383759e-01,  5.86075549e-01, ...,
          9.40980227e-01,  9.42809042e-01,  9.37227716e-01],
        [-3.45383759e-01,  0.00000000e+00,  2.70159957e-01, ...,
          7.66174633e-01,  7.69662104e-01,  7.59110649e-01],
        [-5.86075549e-01, -2.70159957e-01,  0.00000000e+00, ...,
          5.64071228e-01,  5.68558553e-01,  5.55019702e-01],
        ...,
        [-9.40980227e-01, -7.66174633e-01, -5.64071228e-01, ...,
          0.00000000e+00,  5.44452313e-03, -1.09211597e-02],
        [-9.42809042e-01, -7.69662104e-01, -5.68558553e-01, ...,
         -5.44452313e-03,  0.00000000e+00, -1.63651962e-02],
        [-9.37227716e-01, -7.59110649e-01, -5.55019702e-01, ...,
          1.09211597e-02,  1.63651962e-02,  0.00000000e+00]],

       ...,

       [[ 0.00000000e+00,  1.41954845e-01,  5.58539532e-01, ...,
          5.06717874e-01,  5.20801117e-01,  5.20801117e-01],
        [-1.41954845e-01,  0.00000000e+00,  4.35134870e-01, ...,
          3.79205444e-01,  3.94343300e-01,  3.94343300e-01],
        [-5.58539532e-01, -4.35134870e-01,  0.00000000e+00, ...,
         -6.12123193e-02, -4.48199154e-02, -4.48199154e-02],
        ...,
        [-5.06717874e-01, -3.79205444e-01,  6.12123193e-02, ...,
          0.00000000e+00,  1.64149383e-02,  1.64149383e-02],
        [-5.20801117e-01, -3.94343300e-01,  4.48199154e-02, ...,
         -1.64149383e-02,  0.00000000e+00,  0.00000000e+00],
        [-5.20801117e-01, -3.94343300e-01,  4.48199154e-02, ...,
         -1.64149383e-02,  0.00000000e+00,  0.00000000e+00]],

       [[ 0.00000000e+00, -1.69488096e-01, -4.58797597e-01, ...,
         -1.69852434e-01, -2.36501809e-01, -2.98973719e-01],
        [ 1.69488096e-01,  0.00000000e+00, -3.01562732e-01, ...,
         -3.69699096e-04, -6.84002600e-02, -1.32912299e-01],
        [ 4.58797597e-01,  3.01562732e-01,  0.00000000e+00, ...,
          3.01210223e-01,  2.35640482e-01,  1.72162463e-01],
        ...,
        [ 1.69852434e-01,  3.69699096e-04, -3.01210223e-01, ...,
          0.00000000e+00, -6.80314221e-02, -1.32545871e-01],
        [ 2.36501809e-01,  6.84002600e-02, -2.35640482e-01, ...,
          6.80314221e-02,  0.00000000e+00, -6.48076135e-02],
        [ 2.98973719e-01,  1.32912299e-01, -1.72162463e-01, ...,
          1.32545871e-01,  6.48076135e-02,  0.00000000e+00]],

       [[ 0.00000000e+00, -3.73785609e-02,  4.61280152e-03, ...,
          6.16922925e-01,  6.05955879e-01,  6.00035784e-01],
        [ 3.73785609e-02,  0.00000000e+00,  4.19877412e-02, ...,
          6.45909614e-01,  6.35267003e-01,  6.29518311e-01],
        [-4.61280152e-03, -4.19877412e-02,  0.00000000e+00, ...,
          6.13285978e-01,  6.02279957e-01,  5.96339283e-01],
        ...,
        [-6.16922925e-01, -6.45909614e-01, -6.13285978e-01, ...,
          0.00000000e+00, -1.38595490e-02, -2.12794751e-02],
        [-6.05955879e-01, -6.35267003e-01, -6.02279957e-01, ...,
          1.38595490e-02,  0.00000000e+00, -7.42102051e-03],
        [-6.00035784e-01, -6.29518311e-01, -5.96339283e-01, ...,
          2.12794751e-02,  7.42102051e-03,  0.00000000e+00]]]), 'num': array([ 7.58224918e-01,  6.51497645e-01,  4.52234208e-06,  9.36204150e-04,
        9.38187633e-04,  9.16369316e-04,  2.52727120e-02, -3.96696674e-06,
        9.40964510e-04,  9.40766161e-04,  9.70452296e-04,  1.83546222e-06,
        9.89772252e-04,  8.91760071e-04])}
{'img': array([[[ 0.        ,  0.61402701,  0.74294995, ...,  0.52632468,
          0.57158629,  0.52632468],
        [-0.61402701,  0.        ,  0.17540214, ..., -0.10667696,
         -0.05269044, -0.10667696],
        [-0.74294995, -0.17540214,  0.        , ..., -0.27942438,
         -0.22703206, -0.27942438],
        ...,
        [-0.52632468,  0.10667696,  0.27942438, ...,  0.        ,
          0.054139  ,  0.        ],
        [-0.57158629,  0.05269044,  0.22703206, ..., -0.054139  ,
          0.        , -0.054139  ],
        [-0.52632468,  0.10667696,  0.27942438, ...,  0.        ,
          0.054139  ,  0.        ]],

       [[ 0.        ,  0.87040937,  0.80226135, ..., -0.33785313,
         -0.24408544, -0.2739625 ],
        [-0.87040937,  0.        , -0.91458714, ..., -0.65289351,
         -0.72391247, -0.70222825],
        [-0.80226135,  0.91458714,  0.        , ..., -0.95677664,
         -0.92370835, -0.93511534],
        ...,
        [ 0.33785313,  0.65289351,  0.95677664, ...,  0.        ,
          0.0979014 ,  0.06707381],
        [ 0.24408544,  0.72391247,  0.92370835, ..., -0.0979014 ,
          0.        , -0.03092933],
        [ 0.2739625 ,  0.70222825,  0.93511534, ..., -0.06707381,
          0.03092933,  0.        ]],

       [[ 0.        ,  0.49704482,  0.74058955, ...,  0.926757  ,
          0.92016347,  0.9084519 ],
        [-0.49704482,  0.        ,  0.30863489, ...,  0.61744955,
          0.60383859,  0.58052683],
        [-0.74058955, -0.30863489,  0.        , ...,  0.34453058,
          0.32834463,  0.30088262],
        ...,
        [-0.926757  , -0.61744955, -0.34453058, ...,  0.        ,
         -0.01718736, -0.04610433],
        [-0.92016347, -0.60383859, -0.32834463, ...,  0.01718736,
          0.        , -0.02892844],
        [-0.9084519 , -0.58052683, -0.30088262, ...,  0.04610433,
          0.02892844,  0.        ]],

       ...,

       [[ 0.        ,  0.43513487,  0.69053358, ...,  0.3943433 ,
          0.3943433 ,  0.47371355],
        [-0.43513487,  0.        ,  0.30699926, ..., -0.04481992,
         -0.04481992,  0.0433011 ],
        [-0.69053358, -0.30699926,  0.        , ..., -0.3493463 ,
         -0.3493463 , -0.26550123],
        ...,
        [-0.3943433 ,  0.04481992,  0.3493463 , ...,  0.        ,
          0.        ,  0.08803547],
        [-0.3943433 ,  0.04481992,  0.3493463 , ...,  0.        ,
          0.        ,  0.08803547],
        [-0.47371355, -0.0433011 ,  0.26550123, ..., -0.08803547,
         -0.08803547,  0.        ]],

       [[ 0.        , -0.30156273, -0.44537677, ..., -0.06840026,
         -0.1329123 , -0.14190091],
        [ 0.30156273,  0.        , -0.15464069, ...,  0.23564048,
          0.17216246,  0.16321627],
        [ 0.44537677,  0.15464069,  0.        , ...,  0.38309197,
          0.32242317,  0.31381992],
        ...,
        [ 0.06840026, -0.23564048, -0.38309197, ...,  0.        ,
         -0.06480761, -0.07386047],
        [ 0.1329123 , -0.17216246, -0.32242317, ...,  0.06480761,
          0.        , -0.0090746 ],
        [ 0.14190091, -0.16321627, -0.31381992, ...,  0.07386047,
          0.0090746 ,  0.        ]],

       [[ 0.        ,  0.04198774,  0.04772272, ...,  0.635267  ,
          0.62951831,  0.62562344],
        [-0.04198774,  0.        ,  0.00574074, ...,  0.60227996,
          0.59633928,  0.59231603],
        [-0.04772272, -0.00574074,  0.        , ...,  0.59768729,
          0.59172118,  0.58768092],
        ...,
        [-0.635267  , -0.60227996, -0.59768729, ...,  0.        ,
         -0.00742102, -0.01242345],
        [-0.62951831, -0.59633928, -0.59172118, ...,  0.00742102,
          0.        , -0.00500266],
        [-0.62562344, -0.59231603, -0.58768092, ...,  0.01242345,
          0.00500266,  0.        ]]]), 'num': array([7.50009382e-01, 6.61044565e-01, 3.72237731e-06, 9.36471764e-04,
       9.36471764e-04, 9.22757743e-04, 2.23390442e-02, 1.17548757e-05,
       9.30202497e-04, 9.27655608e-04, 9.59263162e-04, 2.23041231e-06,
       9.72886004e-04, 8.82425211e-04])}
{'img': array([[[ 0.        ,  0.17540214,  0.22317581, ..., -0.05269044,
         -0.10667696,  0.05148844],
        [-0.17540214,  0.        ,  0.04873771, ..., -0.22703206,
         -0.27942438, -0.12447927],
        [-0.22317581, -0.04873771,  0.        , ..., -0.27422729,
         -0.32588869, -0.17268998],
        ...,
        [ 0.05269044,  0.22703206,  0.27422729, ...,  0.        ,
         -0.054139  ,  0.10403747],
        [ 0.10667696,  0.27942438,  0.32588869, ...,  0.054139  ,
          0.        ,  0.1577301 ],
        [-0.05148844,  0.12447927,  0.17268998, ..., -0.10403747,
         -0.1577301 ,  0.        ]],

       [[ 0.        , -0.91458714, -0.91808427, ..., -0.72391247,
         -0.70222825, -0.57976092],
        [ 0.91458714,  0.        , -0.73379193, ..., -0.92370835,
         -0.93511534, -0.97964226],
        [ 0.91808427,  0.73379193,  0.        , ..., -0.34643061,
         -0.37527891, -0.51823413],
        ...,
        [ 0.72391247,  0.92370835,  0.34643061, ...,  0.        ,
         -0.03092933, -0.1898619 ],
        [ 0.70222825,  0.93511534,  0.37527891, ...,  0.03092933,
          0.        , -0.15940432],
        [ 0.57976092,  0.97964226,  0.51823413, ...,  0.1898619 ,
          0.15940432,  0.        ]],

       [[ 0.        ,  0.61263202,  0.79312019, ...,  0.87167466,
          0.85513001,  0.86189773],
        [-0.61263202,  0.        ,  0.25372422, ...,  0.38870224,
          0.35827086,  0.37056185],
        [-0.79312019, -0.25372422,  0.        , ...,  0.14221036,
          0.1096656 ,  0.12277478],
        ...,
        [-0.87167466, -0.38870224, -0.14221036, ...,  0.        ,
         -0.03280161, -0.01960753],
        [-0.85513001, -0.35827086, -0.1096656 , ...,  0.03280161,
          0.        ,  0.01319833],
        [-0.86189773, -0.37056185, -0.12277478, ...,  0.01960753,
         -0.01319833,  0.        ]],

       ...,

       [[ 0.        ,  0.30699926,  0.50972481, ..., -0.04481992,
          0.0433011 ,  0.32221157],
        [-0.30699926,  0.        ,  0.2209871 , ..., -0.3493463 ,
         -0.26550123,  0.01602561],
        [-0.50972481, -0.2209871 ,  0.        , ..., -0.54777284,
         -0.47199316, -0.20532931],
        ...,
        [ 0.04481992,  0.3493463 ,  0.54777284, ...,  0.        ,
          0.08803547,  0.36431734],
        [-0.0433011 ,  0.26550123,  0.47199316, ..., -0.08803547,
          0.        ,  0.2809176 ],
        [-0.32221157, -0.01602561,  0.20532931, ..., -0.36431734,
         -0.2809176 ,  0.        ]],

       [[ 0.        , -0.0402715 ,  0.03291812, ...,  0.11116055,
          0.1043387 , -0.31214065],
        [ 0.0402715 ,  0.        ,  0.07314109, ...,  0.15109229,
          0.14430575, -0.27362806],
        [-0.03291812, -0.07314109,  0.        , ...,  0.0783862 ,
          0.07154371, -0.34324488],
        ...,
        [-0.11116055, -0.15109229, -0.0783862 , ...,  0.        ,
         -0.00686176, -0.41581266],
        [-0.1043387 , -0.14430575, -0.07154371, ...,  0.00686176,
          0.        , -0.40956244],
        [ 0.31214065,  0.27362806,  0.34324488, ...,  0.41581266,
          0.40956244,  0.        ]],

       [[ 0.        ,  0.00574074, -0.00447905, ...,  0.59633928,
          0.59231603,  0.61916929],
        [-0.00574074,  0.        , -0.01021965, ...,  0.59172118,
          0.58768092,  0.61465112],
        [ 0.00447905,  0.01021965,  0.        , ...,  0.59992878,
          0.59591888,  0.62268028],
        ...,
        [-0.59633928, -0.59172118, -0.59992878, ...,  0.        ,
         -0.00500266,  0.02874739],
        [-0.59231603, -0.58768092, -0.59591888, ...,  0.00500266,
          0.        ,  0.03374762],
        [-0.61916929, -0.61465112, -0.62268028, ..., -0.02874739,
         -0.03374762,  0.        ]]]), 'num': array([ 7.32496543e-01,  6.77873243e-01,  2.38010025e-06,  8.81020979e-04,
        9.15570822e-04,  8.75262672e-04,  6.26908425e-02, -3.64692780e-05,
        9.04054208e-04,  9.04630038e-04,  9.39275852e-04,  2.15209456e-06,
        9.42127382e-04,  8.67132694e-04])}
{'img': array([[[ 0.        ,  0.04873771,  0.3295122 , ..., -0.27942438,
         -0.12447927, -0.64646074],
        [-0.04873771,  0.        ,  0.28310484, ..., -0.32588869,
         -0.17268998, -0.68287679],
        [-0.3295122 , -0.28310484,  0.        , ..., -0.58020587,
         -0.44447659, -0.86175719],
        ...,
        [ 0.27942438,  0.32588869,  0.58020587, ...,  0.        ,
          0.1577301 , -0.40752466],
        [ 0.12447927,  0.17268998,  0.44447659, ..., -0.1577301 ,
          0.        , -0.54646159],
        [ 0.64646074,  0.68287679,  0.86175719, ...,  0.40752466,
          0.54646159,  0.        ]],

       [[ 0.        , -0.73379193, -0.07484945, ..., -0.93511534,
         -0.97964226, -0.5152411 ],
        [ 0.73379193,  0.        ,  0.68088273, ..., -0.37527891,
         -0.51823413,  0.27885136],
        [ 0.07484945, -0.68088273,  0.        , ..., -0.90596978,
         -0.96186809, -0.4496464 ],
        ...,
        [ 0.93511534,  0.37527891,  0.90596978, ...,  0.        ,
         -0.15940432,  0.61886385],
        [ 0.97964226,  0.51823413,  0.96186809, ...,  0.15940432,
          0.        ,  0.7361625 ],
        [ 0.5152411 , -0.27885136,  0.4496464 , ..., -0.61886385,
         -0.7361625 ,  0.        ]],

       [[ 0.        ,  0.2641485 ,  0.516078  , ...,  0.3711004 ,
          0.38361774,  0.25702144],
        [-0.2641485 ,  0.        ,  0.27149377, ...,  0.11263327,
          0.12605339, -0.00738207],
        [-0.516078  , -0.27149377,  0.        , ..., -0.16136336,
         -0.14800934, -0.27859117],
        ...,
        [-0.3711004 , -0.11263327,  0.16136336, ...,  0.        ,
          0.01351641, -0.1199653 ],
        [-0.38361774, -0.12605339,  0.14800934, ..., -0.01351641,
          0.        , -0.13337314],
        [-0.25702144,  0.00738207,  0.27859117, ...,  0.1199653 ,
          0.13337314,  0.        ]],

       ...,

       [[ 0.        ,  0.2209871 ,  0.33861357, ..., -0.26550123,
          0.01602561, -0.00695783],
        [-0.2209871 ,  0.        ,  0.12230954, ..., -0.47199316,
         -0.20532931, -0.22776755],
        [-0.33861357, -0.12230954,  0.        , ..., -0.5762778 ,
         -0.32349118, -0.34515217],
        ...,
