state_0,state_1,state_2,state_3,state_4,state_5,state_6,state_7,state_8,state_9,state_10,state_11,state_12,state_13,state_14,state_15,state_16,state_17,state_18,state_19,state_20,state_21,state_22,state_23,state_24,state_25,state_26,state_27,state_28,state_29,state_30,state_31,state_32,state_33,state_34,state_35,state_36,state_37,state_38,state_39,state_40,state_41,state_42,state_43,state_44,state_45,state_46,state_47,state_48,state_49,state_50,state_51,state_52,state_53,state_54,state_55,state_56,state_57,state_58,state_59,state_60,state_61,state_62,state_63,state_64,state_65,state_66,state_67,state_68,state_69,state_70,state_71,state_72,state_73,state_74,state_75,state_76,state_77,state_78,state_79,state_80,state_81,state_82,state_83,state_84,state_85,state_86,state_87,state_88,state_89,state_90,state_91,state_92,state_93,state_94,state_95,state_96,state_97,state_98,state_99,state_100,state_101,state_102,state_103,state_104,state_105,state_106,state_107,state_108,state_109,state_110,state_111,state_112,state_113,state_114,state_115,state_116,state_117,state_118,state_119,state_120,state_121,state_122,state_123,state_124,state_125,state_126,state_127,state_128,state_129,state_130,state_131,state_132,state_133,state_134,state_135,state_136,state_137,state_138,state_139,state_140,state_141,state_142,state_143,state_144,state_145,state_146,state_147,state_148,state_149,state_150,state_151,state_152,state_153,state_154,state_155,state_156,state_157,state_158,state_159,state_160,state_161,state_162,state_163,state_164,state_165,state_166,state_167,state_168,state_169,state_170,state_171,state_172,state_173,state_174,state_175,state_176,state_177,state_178,state_179,state_180,state_181,state_182,state_183,state_184,state_185,state_186,state_187,state_188,state_189,state_190,state_191,state_192,state_193,state_194,state_195,state_196,state_197,state_198,state_199,state_200,state_201,state_202,state_203,state_204,state_205,state_206,state_207,state_208,state_209,state_210,state_211,state_212,state_213,state_214,state_215,state_216,state_217,state_218,state_219,state_220,state_221,state_222,state_223,state_224,state_225,state_226,state_227,state_228,state_229,state_230,state_231,state_232,state_233,state_234,state_235,state_236,state_237,state_238,state_239,state_240,state_241,state_242,state_243,state_244,state_245,state_246,state_247,state_248,state_249,state_250,state_251,state_252,state_253,state_254,state_255,state_256,state_257,state_258,state_259,state_260,state_261,state_262,state_263,state_264,state_265,state_266,state_267,state_268,state_269,state_270,state_271,state_272,state_273,state_274,state_275,state_276,state_277,state_278,state_279,state_280,state_281,state_282,state_283,state_284,state_285,state_286,state_287
{'img': array([[[ 0.        , -0.1701781 , -0.13225997, ...,  0.79395738,
          0.95912148,  0.98496758],
        [ 0.1701781 ,  0.        ,  0.03835236, ...,  0.67891241,
          0.89697159,  0.94120372],
        [ 0.13225997, -0.03835236,  0.        , ...,  0.70657196,
          0.91326679,  0.9534682 ],
        ...,
        [-0.79395738, -0.67891241, -0.70657196, ...,  0.        ,
         -0.35843466, -0.46168645],
        [-0.95912148, -0.89697159, -0.91326679, ...,  0.35843466,
          0.        , -0.11306259],
        [-0.98496758, -0.94120372, -0.9534682 , ...,  0.46168645,
          0.11306259,  0.        ]],

       [[ 0.        ,  0.03639997, -0.34838453, ...,  0.22055162,
         -0.354554  , -0.45021554],
        [-0.03639997,  0.        , -0.38227323, ...,  0.18490183,
         -0.38835431, -0.48241944],
        [ 0.34838453,  0.38227323,  0.        , ...,  0.54654011,
         -0.00658988, -0.11093081],
        ...,
        [-0.22055162, -0.18490183, -0.54654011, ...,  0.        ,
         -0.55204682, -0.63606405],
        [ 0.354554  ,  0.38835431,  0.00658988, ...,  0.55204682,
          0.        , -0.1043792 ],
        [ 0.45021554,  0.48241944,  0.11093081, ...,  0.63606405,
          0.1043792 ,  0.        ]],

       [[ 0.        , -0.04944244, -0.07076586, ...,  0.94918665,
          0.89718225,  0.73124099],
        [ 0.04944244,  0.        , -0.02136083, ...,  0.93246556,
          0.8742482 ,  0.69662103],
        [ 0.07076586,  0.02136083,  0.        , ...,  0.92453601,
          0.86367849,  0.68113699],
        ...,
        [-0.94918665, -0.93246556, -0.92453601, ...,  0.        ,
          0.13686273,  0.41732689],
        [-0.89718225, -0.8742482 , -0.86367849, ..., -0.13686273,
          0.        ,  0.28902497],
        [-0.73124099, -0.69662103, -0.68113699, ..., -0.41732689,
         -0.28902497,  0.        ]],

       ...,

       [[ 0.        , -0.45268176, -0.56571179, ..., -0.27096364,
         -0.12404934, -0.24642693],
        [ 0.45268176,  0.        , -0.1311467 , ...,  0.19413601,
          0.33857393,  0.21898964],
        [ 0.56571179,  0.1311467 ,  0.        , ...,  0.32111084,
          0.45905081,  0.34506162],
        ...,
        [ 0.27096364, -0.19413601, -0.32111084, ...,  0.        ,
          0.14946213,  0.0253995 ],
        [ 0.12404934, -0.33857393, -0.45905081, ..., -0.14946213,
          0.        , -0.12429972],
        [ 0.24642693, -0.21898964, -0.34506162, ..., -0.0253995 ,
          0.12429972,  0.        ]],

       [[ 0.        ,  0.22076472,  0.3101343 , ...,  0.54744191,
          0.37708711,  0.        ],
        [-0.22076472,  0.        ,  0.09260297, ...,  0.71868049,
          0.57225065,  0.22076472],
        [-0.3101343 , -0.09260297,  0.        , ...,  0.77998299,
          0.64573349,  0.3101343 ],
        ...,
        [-0.54744191, -0.71868049, -0.77998299, ...,  0.        ,
          0.19146558,  0.54744191],
        [-0.37708711, -0.57225065, -0.64573349, ..., -0.19146558,
          0.        ,  0.37708711],
        [-0.        , -0.22076472, -0.3101343 , ..., -0.54744191,
         -0.37708711,  0.        ]],

       [[ 0.        ,  0.23790092,  0.37008265, ...,  0.81898652,
          0.76551673,  0.71857383],
        [-0.23790092,  0.        ,  0.13844769, ...,  0.93198354,
          0.89660756,  0.86339152],
        [-0.37008265, -0.13844769,  0.        , ...,  0.97319567,
          0.94928124,  0.92492848],
        ...,
        [-0.81898652, -0.93198354, -0.97319567, ...,  0.        ,
          0.08768577,  0.15723791],
        [-0.76551673, -0.89660756, -0.94928124, ..., -0.08768577,
          0.        ,  0.07003724],
        [-0.71857383, -0.86339152, -0.92492848, ..., -0.15723791,
         -0.07003724,  0.        ]]]), 'num': array([ 8.67481866e-01,  4.97262394e-01,  9.46852870e-06,  1.40767860e-03,
        1.44908091e-03,  1.40587850e-03,  1.38190116e-02, -7.20040205e-06,
        1.41667910e-03,  1.27816137e-03,  1.11348217e-03,  3.04438052e-06,
        1.55443188e-03,  1.00189086e-03])}
{'img': array([[[ 0.        ,  0.03835236, -0.14910779, ...,  0.89697159,
          0.94120372,  0.95827204],
        [-0.03835236,  0.        , -0.18692171, ...,  0.91326679,
          0.9534682 ,  0.96853034],
        [ 0.14910779,  0.18692171,  0.        , ...,  0.8210255 ,
          0.88030745,  0.90493583],
        ...,
        [-0.89697159, -0.91326679, -0.8210255 , ...,  0.        ,
         -0.11306259, -0.16723439],
        [-0.94120372, -0.9534682 , -0.88030745, ...,  0.11306259,
          0.        , -0.05469172],
        [-0.95827204, -0.96853034, -0.90493583, ...,  0.16723439,
          0.05469172,  0.        ]],

       [[ 0.        , -0.38227323, -0.35934567, ..., -0.38835431,
         -0.48241944, -0.60006314],
        [ 0.38227323,  0.        ,  0.02468598, ..., -0.00658988,
         -0.11093081, -0.24868746],
        [ 0.35934567, -0.02468598,  0.        , ..., -0.03127332,
         -0.13543064, -0.27252212],
        ...,
        [ 0.38835431,  0.00658988,  0.03127332, ...,  0.        ,
         -0.1043792 , -0.24229922],
        [ 0.48241944,  0.11093081,  0.13543064, ...,  0.1043792 ,
          0.        , -0.13970681],
        [ 0.60006314,  0.24868746,  0.27252212, ...,  0.24229922,
          0.13970681,  0.        ]],

       [[ 0.        , -0.02124335, -0.06749506, ...,  0.89947363,
          0.82023183,  0.69385305],
        [ 0.02124335,  0.        , -0.04628492, ...,  0.88998784,
          0.80789487,  0.67839878],
        [ 0.06749506,  0.04628492,  0.        , ...,  0.86792883,
          0.7797521 ,  0.64366648],
        ...,
        [-0.89947363, -0.88998784, -0.86792883, ...,  0.        ,
          0.15610619,  0.34452945],
        [-0.82023183, -0.80789487, -0.7797521 , ..., -0.15610619,
          0.        ,  0.19375695],
        [-0.69385305, -0.67839878, -0.64366648, ..., -0.34452945,
         -0.19375695,  0.        ]],

       ...,

       [[ 0.        , -0.1311467 , -0.34889949, ...,  0.33857393,
          0.21898964,  0.55747451],
        [ 0.1311467 ,  0.        , -0.22298057, ...,  0.45905081,
          0.34506162,  0.6615368 ],
        [ 0.34889949,  0.22298057,  0.        , ...,  0.64559141,
          0.54565908,  0.81209718],
        ...,
        [-0.33857393, -0.45905081, -0.64559141, ...,  0.        ,
         -0.12429972,  0.24346789],
        [-0.21898964, -0.34506162, -0.54565908, ...,  0.12429972,
          0.        ,  0.36213914],
        [-0.55747451, -0.6615368 , -0.81209718, ..., -0.24346789,
         -0.36213914,  0.        ]],

       [[ 0.        ,  0.10323883,  0.11821404, ...,  0.6402628 ,
          0.49661166,  0.18190033],
        [-0.10323883,  0.        ,  0.01506744, ...,  0.71614514,
          0.58356656,  0.28244485],
        [-0.11821404, -0.01506744,  0.        , ...,  0.72658018,
          0.59573606,  0.29686674],
        ...,
        [-0.6402628 , -0.71614514, -0.72658018, ...,  0.        ,
          0.17425553,  0.48985346],
        [-0.49661166, -0.58356656, -0.59573606, ..., -0.17425553,
          0.        ,  0.33044213],
        [-0.18190033, -0.28244485, -0.29686674, ..., -0.48985346,
         -0.33044213,  0.        ]],

       [[ 0.        ,  0.28977938,  0.45825693, ...,  0.7698519 ,
          0.72284031,  0.61517718],
        [-0.28977938,  0.        ,  0.18103307, ...,  0.92176397,
          0.89206767,  0.8172409 ],
        [-0.45825693, -0.18103307,  0.        , ...,  0.9767295 ,
          0.95913722,  0.90806631],
        ...,
        [-0.7698519 , -0.92176397, -0.9767295 , ...,  0.        ,
          0.0706463 ,  0.21432272],
        [-0.72284031, -0.89206767, -0.95913722, ..., -0.0706463 ,
          0.        ,  0.14478253],
        [-0.61517718, -0.8172409 , -0.90806631, ..., -0.21432272,
         -0.14478253,  0.        ]]]), 'num': array([ 7.34282388e-01,  6.78771733e-01,  1.48028413e-06,  6.53066530e-04,
        6.80059946e-04,  6.50454264e-04,  9.74866368e-03, -2.78641719e-05,
        6.81627306e-04,  6.23678536e-04,  5.41638867e-04,  1.32266639e-06,
        7.53730887e-04,  4.93626185e-04])}
{'img': array([[[ 0.        , -0.18692171, -0.130863  , ...,  0.9534682 ,
          0.96853034,  0.99681002],
        [ 0.18692171,  0.        ,  0.05675775, ...,  0.88030745,
          0.90493583,  0.99415945],
        [ 0.130863  , -0.05675775,  0.        , ...,  0.90581446,
          0.92763021,  0.99868221],
        ...,
        [-0.9534682 , -0.88030745, -0.90581446, ...,  0.        ,
         -0.05469172, -0.376629  ],
        [-0.96853034, -0.90493583, -0.92763021, ...,  0.05469172,
          0.        , -0.32540085],
        [-0.99681002, -0.99415945, -0.99868221, ...,  0.376629  ,
          0.32540085,  0.        ]],

       [[ 0.        ,  0.02468598, -0.24409263, ..., -0.11093081,
         -0.24868746,  0.03647951],
        [-0.02468598,  0.        , -0.26795752, ..., -0.13543064,
         -0.27252212,  0.01179884],
        [ 0.24409263,  0.26795752,  0.        , ...,  0.13501075,
         -0.00474098,  0.27930624],
        ...,
        [ 0.11093081,  0.13543064, -0.13501075, ...,  0.        ,
         -0.13970681,  0.14711134],
        [ 0.24868746,  0.27252212,  0.00474098, ...,  0.13970681,
          0.        ,  0.2838554 ],
        [-0.03647951, -0.01179884, -0.27930624, ..., -0.14711134,
         -0.2838554 ,  0.        ]],

       [[ 0.        , -0.04628492, -0.07855364, ...,  0.80789487,
          0.67839878,  0.83802445],
        [ 0.04628492,  0.        , -0.03232756, ...,  0.7797521 ,
          0.64366648,  0.81187176],
        [ 0.07855364,  0.03232756,  0.        , ...,  0.75910463,
          0.61858957,  0.79257343],
        ...,
        [-0.80789487, -0.7797521 , -0.75910463, ...,  0.        ,
          0.19375695, -0.05305628],
        [-0.67839878, -0.64366648, -0.61858957, ..., -0.19375695,
          0.        , -0.24553489],
        [-0.83802445, -0.81187176, -0.79257343, ...,  0.05305628,
          0.24553489,  0.        ]],

       ...,

       [[ 0.        , -0.22298057, -0.27363761, ...,  0.34506162,
          0.6615368 ,  0.23776064],
        [ 0.22298057,  0.        , -0.05227816, ...,  0.54565908,
          0.81209718,  0.44836084],
        [ 0.27363761,  0.05227816,  0.        , ...,  0.5887224 ,
          0.84149215,  0.49447671],
        ...,
        [-0.34506162, -0.54565908, -0.5887224 , ...,  0.        ,
          0.36213914, -0.11200917],
        [-0.6615368 , -0.81209718, -0.84149215, ..., -0.36213914,
          0.        , -0.4642667 ],
        [-0.23776064, -0.44836084, -0.49447671, ...,  0.11200917,
          0.4642667 ,  0.        ]],

       [[ 0.        ,  0.01501082,  0.01666848, ...,  0.61538352,
          0.44113035,  0.28142761],
        [-0.01501082,  0.        ,  0.00165786, ...,  0.62714614,
          0.45455201,  0.29580003],
        [-0.01666848, -0.00165786,  0.        , ...,  0.62843658,
          0.45602808,  0.29738329],
        ...,
        [-0.61538352, -0.62714614, -0.62843658, ...,  0.        ,
          0.20456043,  0.36868215],
        [-0.44113035, -0.45455201, -0.45602808, ..., -0.20456043,
          0.        ,  0.1707357 ],
        [-0.28142761, -0.29580003, -0.29738329, ..., -0.36868215,
         -0.1707357 ,  0.        ]],

       [[ 0.        ,  0.36697831,  0.55042336, ...,  0.72925591,
          0.62107693,  0.32924848],
        [-0.36697831,  0.        ,  0.20563511, ...,  0.92947698,
          0.86536319,  0.65279347],
        [-0.55042336, -0.20563511,  0.        , ...,  0.98546759,
          0.94992234,  0.79461843],
        ...,
        [-0.72925591, -0.92947698, -0.98546759, ...,  0.        ,
          0.1465877 ,  0.46330969],
        [-0.62107693, -0.86536319, -0.94992234, ..., -0.1465877 ,
          0.        ,  0.32839937],
        [-0.32924848, -0.65279347, -0.79461843, ..., -0.46330969,
         -0.32839937,  0.        ]]]), 'num': array([7.29850533e-01, 6.83504225e-01, 1.17332426e-06, 6.81563357e-04,
       6.95367172e-04, 6.48779297e-04, 1.16986295e-02, 3.45095371e-05,
       6.73108520e-04, 6.23803019e-04, 5.40160529e-04, 1.16981482e-06,
       7.53026692e-04, 4.94579346e-04])}
{'img': array([[[ 0.        ,  0.05675775, -0.01193105, ...,  0.90493583,
          0.99415945,  0.8496425 ],
        [-0.05675775,  0.        , -0.06866553, ...,  0.92763021,
          0.99868221,  0.87820458],
        [ 0.01193105,  0.06866553,  0.        , ...,  0.89979418,
          0.99280108,  0.84329008],
        ...,
        [-0.90493583, -0.92763021, -0.89979418, ...,  0.        ,
         -0.32540085,  0.11566243],
        [-0.99415945, -0.99868221, -0.99280108, ...,  0.32540085,
          0.        ,  0.43258458],
        [-0.8496425 , -0.87820458, -0.84329008, ..., -0.11566243,
         -0.43258458,  0.        ]],

       [[ 0.        , -0.26795752, -0.2352204 , ..., -0.27252212,
          0.01179884,  0.15395883],
        [ 0.26795752,  0.        ,  0.03382062, ..., -0.00474098,
          0.27930624,  0.4130914 ],
        [ 0.2352204 , -0.03382062,  0.        , ..., -0.03855852,
          0.24667182,  0.38205499],
        ...,
        [ 0.27252212,  0.00474098,  0.03855852, ...,  0.        ,
          0.2838554 ,  0.41740433],
        [-0.01179884, -0.27930624, -0.24667182, ..., -0.2838554 ,
          0.        ,  0.14228995],
        [-0.15395883, -0.4130914 , -0.38205499, ..., -0.41740433,
         -0.14228995,  0.        ]],

       [[ 0.        , -0.03232756, -0.11685197, ...,  0.64366648,
          0.81187176,  0.84971074],
        [ 0.03232756,  0.        , -0.0846848 , ...,  0.61858957,
          0.79257343,  0.83222194],
        [ 0.11685197,  0.0846848 ,  0.        , ...,  0.54982942,
          0.73808754,  0.78227957],
        ...,
        [-0.64366648, -0.61858957, -0.54982942, ...,  0.        ,
         -0.24553489, -0.31091623],
        [-0.81187176, -0.79257343, -0.73808754, ...,  0.24553489,
          0.        , -0.06803287],
        [-0.84971074, -0.83222194, -0.78227957, ...,  0.31091623,
          0.06803287,  0.        ]],

       ...,

       [[ 0.        , -0.05227816, -0.16166183, ...,  0.81209718,
          0.44836084,  0.16241227],
        [ 0.05227816,  0.        , -0.10985026, ...,  0.84149215,
          0.49447671,  0.21377424],
        [ 0.16166183,  0.10985026,  0.        , ...,  0.89574829,
          0.58696505,  0.31979137],
        ...,
        [-0.81209718, -0.84149215, -0.89574829, ...,  0.        ,
         -0.4642667 , -0.70654379],
        [-0.44836084, -0.49447671, -0.58696505, ...,  0.4642667 ,
          0.        , -0.29723531],
        [-0.16241227, -0.21377424, -0.31979137, ...,  0.70654379,
          0.29723531,  0.        ]],

       [[ 0.        ,  0.00163665, -0.0168477 , ...,  0.61023724,
          0.57549752,  0.29218222],
        [-0.00163665,  0.        , -0.0184841 , ...,  0.61153301,
          0.57683521,  0.29374706],
        [ 0.0168477 ,  0.0184841 ,  0.        , ...,  0.59680356,
          0.56163773,  0.27602824],
        ...,
        [-0.61023724, -0.61153301, -0.59680356, ...,  0.        ,
          0.04313426,  0.35213588],
        [-0.57549752, -0.57683521, -0.56163773, ..., -0.04313426,
          0.        ,  0.31143669],
        [-0.29218222, -0.29374706, -0.27602824, ..., -0.35213588,
         -0.31143669,  0.        ]],

       [[ 0.        ,  0.42884075,  0.58947766, ...,  0.6759809 ,
          0.43679534,  0.        ],
        [-0.42884075,  0.        ,  0.18611141, ...,  0.92668865,
          0.78036059,  0.42884075],
        [-0.58947766, -0.18611141,  0.        , ...,  0.98044439,
          0.88310764,  0.58947766],
        ...,
        [-0.6759809 , -0.92668865, -0.98044439, ...,  0.        ,
          0.28620315,  0.6759809 ],
        [-0.43679534, -0.78036059, -0.88310764, ..., -0.28620315,
          0.        ,  0.43679534],
        [-0.        , -0.42884075, -0.58947766, ..., -0.6759809 ,
         -0.43679534,  0.        ]]]), 'num': array([ 7.58425706e-01,  6.51711739e-01,  2.70847631e-06,  7.06715010e-04,
        7.21961400e-04,  7.06715010e-04,  7.65539169e-03, -1.79369292e-06,
        6.98822761e-04,  6.55863816e-04,  5.65401903e-04,  1.18539706e-06,
        7.85842953e-04,  5.25884678e-04])}
{'img': array([[[ 0.        , -0.06866553,  0.36761592, ...,  0.99868221,
          0.87820458,  0.89286458],
        [ 0.06866553,  0.        ,  0.43060566, ...,  0.99280108,
          0.84329008,  0.85983536],
        [-0.36761592, -0.43060566,  0.        , ...,  0.9476186 ,
          0.99253593,  0.99589089],
        ...,
        [-0.99868221, -0.99280108, -0.9476186 , ...,  0.        ,
          0.43258458,  0.40390915],
        [-0.87820458, -0.84329008, -0.99253593, ..., -0.43258458,
          0.        , -0.03156618],
        [-0.89286458, -0.85983536, -0.99589089, ..., -0.40390915,
          0.03156618,  0.        ]],

       [[ 0.        ,  0.03382062,  0.99553427, ...,  0.27930624,
          0.4130914 ,  0.08078013],
        [-0.03382062,  0.        ,  0.99815744, ...,  0.24667182,
          0.38205499,  0.04702382],
        [-0.99553427, -0.99815744,  0.        , ..., -0.98228081,
         -0.94561884, -0.99990652],
        ...,
        [-0.27930624, -0.24667182,  0.98228081, ...,  0.        ,
          0.14228995, -0.2008282 ],
        [-0.4130914 , -0.38205499,  0.94561884, ..., -0.14228995,
          0.        , -0.33817578],
        [-0.08078013, -0.04702382,  0.99990652, ...,  0.2008282 ,
          0.33817578,  0.        ]],

       [[ 0.        , -0.0846848 , -0.00236007, ...,  0.79257343,
          0.83222194,  0.84457067],
        [ 0.0846848 ,  0.        ,  0.08233297, ...,  0.73808754,
          0.78227957,  0.79619282],
        [ 0.00236007, -0.08233297,  0.        , ...,  0.7911321 ,
          0.8309111 ,  0.84330463],
        ...,
        [-0.79257343, -0.73808754, -0.7911321 , ...,  0.        ,
         -0.06803287, -0.09062057],
        [-0.83222194, -0.78227957, -0.8309111 , ...,  0.06803287,
          0.        , -0.02265766],
        [-0.84457067, -0.79619282, -0.84330463, ...,  0.09062057,
          0.02265766,  0.        ]],

       ...,

       [[ 0.        , -0.10985026,  0.25888438, ...,  0.49447671,
          0.21377424,  0.1577227 ],
        [ 0.10985026,  0.        ,  0.36342293, ...,  0.58696505,
          0.31979137,  0.2652435 ],
        [-0.25888438, -0.36342293,  0.        , ...,  0.25259922,
         -0.04641346, -0.10329838],
        ...,
        [-0.49447671, -0.58696505, -0.25259922, ...,  0.        ,
         -0.29723531, -0.35119643],
        [-0.21377424, -0.31979137,  0.04641346, ...,  0.29723531,
          0.        , -0.05702189],
        [-0.1577227 , -0.2652435 ,  0.10329838, ...,  0.35119643,
          0.05702189,  0.        ]],

       [[ 0.        , -0.01837482,  0.04056256, ...,  0.62792355,
          0.48970831,  0.2920839 ],
        [ 0.01837482,  0.        ,  0.05891541, ...,  0.61351687,
          0.47360488,  0.27446105],
        [-0.04056256, -0.05891541,  0.        , ...,  0.6589756 ,
          0.52467122,  0.33063726],
        ...,
        [-0.62792355, -0.61351687, -0.6589756 , ...,  0.        ,
          0.16635021,  0.37321989],
        [-0.48970831, -0.47360488, -0.52467122, ..., -0.16635021,
          0.        ,  0.21368949],
        [-0.2920839 , -0.27446105, -0.33063726, ..., -0.37321989,
         -0.21368949,  0.        ]],

       [[ 0.        ,  0.22685133,  0.43621049, ...,  0.87200397,
          0.79237877,  0.28110574],
        [-0.22685133,  0.        ,  0.22070727, ...,  0.96031376,
          0.91010696,  0.4914811 ],
        [-0.43621049, -0.22070727,  0.        , ...,  0.99819263,
          0.97911903,  0.67157259],
        ...,
        [-0.87200397, -0.96031376, -0.99819263, ...,  0.        ,
          0.14407961,  0.69924106],
        [-0.79237877, -0.91010696, -0.97911903, ..., -0.14407961,
          0.        ,  0.58894476],
        [-0.28110574, -0.4914811 , -0.67157259, ..., -0.69924106,
         -0.58894476,  0.        ]]]), 'num': array([ 7.67720908e-01,  6.40701881e-01,  3.38717406e-06,  6.86589337e-04,
        7.26869245e-04,  6.85673885e-04,  1.00994545e-02, -3.47871931e-05,
        7.06729291e-04,  6.76290497e-04,  5.80442626e-04,  1.01403964e-06,
        7.97243732e-04,  5.55337263e-04])}
{'img': array([[[ 0.        ,  0.43060566,  0.2692478 , ...,  0.84329008,
          0.85983536,  0.99280108],
        [-0.43060566,  0.        , -0.17169683, ...,  0.99253593,
          0.99589089,  0.9476186 ],
        [-0.2692478 ,  0.17169683,  0.        , ...,  0.95685774,
          0.96555267,  0.98838698],
        ...,
        [-0.84329008, -0.99253593, -0.95685774, ...,  0.        ,
         -0.03156618, -0.43258458],
        [-0.85983536, -0.99589089, -0.96555267, ...,  0.03156618,
          0.        , -0.40390915],
        [-0.99280108, -0.9476186 , -0.98838698, ...,  0.43258458,
          0.40390915,  0.        ]],

       [[ 0.        ,  0.99815744,  0.42177115, ...,  0.38205499,
          0.04702382,  0.23617926],
        [-0.99815744,  0.        , -0.93062356, ..., -0.94561884,
         -0.99990652, -0.98424977],
        [-0.42177115,  0.93062356,  0.        , ..., -0.04336527,
         -0.37866797, -0.19569475],
        ...,
        [-0.38205499,  0.94561884,  0.04336527, ...,  0.        ,
         -0.33817578, -0.15298387],
        [-0.04702382,  0.99990652,  0.37866797, ...,  0.33817578,
          0.        ,  0.1902245 ],
        [-0.23617926,  0.98424977,  0.19569475, ...,  0.15298387,
         -0.1902245 ,  0.        ]],

       [[ 0.        ,  0.08233297,  0.10094129, ...,  0.78227957,
          0.79619282,  0.86947494],
        [-0.08233297,  0.        ,  0.01868614, ...,  0.8309111 ,
          0.84330463,  0.90719356],
        [-0.10094129, -0.01868614,  0.        , ...,  0.84116309,
          0.85319999,  0.91489668],
        ...,
        [-0.78227957, -0.8309111 , -0.84116309, ...,  0.        ,
         -0.02265766, -0.1551917 ],
        [-0.79619282, -0.84330463, -0.85319999, ...,  0.02265766,
          0.        , -0.13276871],
        [-0.86947494, -0.90719356, -0.91489668, ...,  0.1551917 ,
          0.13276871,  0.        ]],

       ...,

       [[ 0.        ,  0.36342293,  0.12870176, ...,  0.31979137,
          0.2652435 , -0.06763249],
        [-0.36342293,  0.        , -0.24049879, ..., -0.04641346,
         -0.10329838, -0.42559887],
        [-0.12870176,  0.24049879,  0.        , ...,  0.19518841,
          0.13894571, -0.19547708],
        ...,
        [-0.31979137,  0.04641346, -0.19518841, ...,  0.        ,
         -0.05702189, -0.38314012],
        [-0.2652435 ,  0.10329838, -0.13894571, ...,  0.05702189,
          0.        , -0.32984616],
        [ 0.06763249,  0.42559887,  0.19547708, ...,  0.38314012,
          0.32984616,  0.        ]],

       [[ 0.        ,  0.05891541,  0.00591034, ...,  0.47360488,
          0.27446105,  0.5216288 ],
        [-0.05891541,  0.        , -0.05301431, ...,  0.52467122,
          0.33063726,  0.57098773],
        [-0.00591034,  0.05301431,  0.        , ...,  0.47880207,
          0.28013963,  0.52666223],
        ...,
        [-0.47360488, -0.52467122, -0.47880207, ...,  0.        ,
          0.21368949, -0.05535132],
        [-0.27446105, -0.33063726, -0.28013963, ..., -0.21368949,
          0.        , -0.26743469],
        [-0.5216288 , -0.57098773, -0.52666223, ...,  0.05535132,
          0.26743469,  0.        ]],

       [[ 0.        ,  0.20481246,  0.39988218, ...,  0.99110516,
          0.93697267,  0.46069556],
        [-0.20481246,  0.        ,  0.20368092, ...,  0.99735161,
          0.98867202,  0.63271237],
        [-0.39988218, -0.20368092,  0.        , ...,  0.96163058,
          0.9985177 ,  0.77717686],
        ...,
        [-0.99110516, -0.99735161, -0.96163058, ...,  0.        ,
          0.22160146,  0.81835368],
        [-0.93697267, -0.98867202, -0.9985177 , ..., -0.22160146,
          0.        ,  0.67064955],
        [-0.46069556, -0.63271237, -0.77717686, ..., -0.81835368,
         -0.67064955,  0.        ]]]), 'num': array([ 7.53432621e-01,  6.57244397e-01,  2.73650709e-06,  6.37008108e-04,
        6.75971620e-04,  6.24322314e-04,  1.91218779e-02, -4.25880243e-05,
        6.85214127e-04,  6.73570380e-04,  5.77188546e-04,  6.25919865e-07,
        7.82168661e-04,  5.64972100e-04])}
{'img': array([[[ 0.        , -0.17169683,  0.02309351, ...,  0.99589089,
          0.9476186 ,  0.77273357],
        [ 0.17169683,  0.        ,  0.19440161, ...,  0.96555267,
          0.98838698,  0.87023957],
        [-0.02309351, -0.19440161,  0.        , ...,  0.99771667,
          0.93998972,  0.75786933],
        ...,
        [-0.99589089, -0.96555267, -0.99771667, ...,  0.        ,
         -0.40390915, -0.70210205],
        [-0.9476186 , -0.98838698, -0.93998972, ...,  0.40390915,
          0.        , -0.35466817],
        [-0.77273357, -0.87023957, -0.75786933, ...,  0.70210205,
          0.35466817,  0.        ]],

       [[ 0.        , -0.93062356, -0.7916673 , ..., -0.99990652,
         -0.98424977, -0.76591485],
        [ 0.93062356,  0.        ,  0.27883404, ..., -0.37866797,
         -0.19569475,  0.31802913],
        [ 0.7916673 , -0.27883404,  0.        , ..., -0.62171972,
         -0.46137611,  0.04105864],
        ...,
        [ 0.99990652,  0.37866797,  0.62171972, ...,  0.        ,
          0.1902245 ,  0.65335421],
        [ 0.98424977,  0.19569475,  0.46137611, ..., -0.1902245 ,
          0.        ,  0.49741446],
        [ 0.76591485, -0.31802913, -0.04105864, ..., -0.65335421,
         -0.49741446,  0.        ]],

       [[ 0.        ,  0.01868614,  0.12678952, ...,  0.84330463,
          0.90719356,  0.9752524 ],
        [-0.01868614,  0.        ,  0.10823205, ...,  0.85319999,
          0.91489668,  0.97921352],
        [-0.12678952, -0.10823205,  0.        , ...,  0.9046401 ,
          0.95321425,  0.99541422],
        ...,
        [-0.84330463, -0.85319999, -0.9046401 , ...,  0.        ,
         -0.13276871, -0.33768562],
        [-0.90719356, -0.91489668, -0.95321425, ...,  0.13276871,
          0.        , -0.20972637],
        [-0.9752524 , -0.97921352, -0.99541422, ...,  0.33768562,
          0.20972637,  0.        ]],

       ...,

       [[ 0.        , -0.24049879, -0.34946263, ..., -0.10329838,
         -0.42559887, -0.89787921],
        [ 0.24049879,  0.        , -0.11387029, ...,  0.13894571,
         -0.19547708, -0.76564831],
        [ 0.34946263,  0.11387029,  0.        , ...,  0.2508077 ,
         -0.08253209, -0.68742011],
        ...,
        [ 0.10329838, -0.13894571, -0.2508077 , ...,  0.        ,
         -0.32984616, -0.84759966],
        [ 0.42559887,  0.19547708,  0.08253209, ...,  0.32984616,
          0.        , -0.62513516],
        [ 0.89787921,  0.76564831,  0.68742011, ...,  0.84759966,
          0.62513516,  0.        ]],

       [[ 0.        , -0.05301431,  0.02427633, ...,  0.33063726,
          0.57098773,  0.68977147],
        [ 0.05301431,  0.        ,  0.07724088, ...,  0.28013963,
          0.52666223,  0.65041769],
        [-0.02427633, -0.07724088,  0.        , ...,  0.3534508 ,
          0.59074931,  0.70714491],
        ...,
        [-0.33063726, -0.28013963, -0.3534508 , ...,  0.        ,
         -0.26743469, -0.41158694],
        [-0.57098773, -0.52666223, -0.59074931, ...,  0.26743469,
          0.        , -0.1528632 ],
        [-0.68977147, -0.65041769, -0.70714491, ...,  0.41158694,
          0.1528632 ,  0.        ]],

       [[ 0.        ,  0.19207256,  0.27028589, ...,  0.99920178,
          0.95901033,  0.60490347],
        [-0.19207256,  0.        ,  0.08032973, ...,  0.97292453,
          0.99558207,  0.74658776],
        [-0.27028589, -0.08032973,  0.        , ...,  0.95121432,
          0.99990728,  0.79761737],
        ...,
        [-0.99920178, -0.97292453, -0.95121432, ...,  0.        ,
          0.32145509,  0.81982762],
        [-0.95901033, -0.99558207, -0.99990728, ..., -0.32145509,
          0.        ,  0.5922466 ],
        [-0.60490347, -0.74658776, -0.79761737, ..., -0.81982762,
         -0.5922466 ,  0.        ]]]), 'num': array([ 7.47551524e-01,  6.64141136e-01,  2.41419356e-06,  6.22465580e-04,
        6.33275402e-04,  6.08953302e-04,  8.94141628e-03, -1.08098219e-05,
        6.70569287e-04,  6.74397766e-04,  5.75547950e-04,  6.12414154e-07,
        7.63503742e-04,  5.85291789e-04])}
{'img': array([[[ 0.        ,  0.19440161,  0.2530483 , ...,  0.98838698,
          0.87023957,  0.82612226],
        [-0.19440161,  0.        ,  0.06014611, ...,  0.93998972,
          0.75786933,  0.70081797],
        [-0.2530483 , -0.06014611,  0.        , ...,  0.91776593,
          0.71725757,  0.65664457],
        ...,
        [-0.98838698, -0.93998972, -0.91776593, ...,  0.        ,
         -0.35466817, -0.43141138],
        [-0.87023957, -0.75786933, -0.71725757, ...,  0.35466817,
          0.        , -0.08340051],
        [-0.82612226, -0.70081797, -0.65664457, ...,  0.43141138,
          0.08340051,  0.        ]],

       [[ 0.        ,  0.27883404,  0.57087642, ..., -0.19569475,
          0.31802913, -0.27126369],
        [-0.27883404,  0.        ,  0.31930228, ..., -0.46137611,
          0.04105864, -0.52888436],
        [-0.57087642, -0.31930228,  0.        , ..., -0.72051089,
         -0.28012369, -0.77218871],
        ...,
        [ 0.19569475,  0.46137611,  0.72051089, ...,  0.        ,
          0.49741446, -0.07766157],
        [-0.31802913, -0.04105864,  0.28012369, ..., -0.49741446,
          0.        , -0.56328458],
        [ 0.27126369,  0.52888436,  0.77218871, ...,  0.07766157,
          0.56328458,  0.        ]],

       [[ 0.        ,  0.10823205,  0.2103416 , ...,  0.91489668,
          0.97921352,  0.99699597],
        [-0.10823205,  0.        ,  0.1032953 , ...,  0.95321425,
          0.99541422,  0.99952222],
        [-0.2103416 , -0.1032953 ,  0.        , ...,  0.97934096,
          0.99997055,  0.9909828 ],
        ...,
        [-0.91489668, -0.95321425, -0.97934096, ...,  0.        ,
         -0.20972637, -0.33161356],
        [-0.97921352, -0.99541422, -0.99997055, ...,  0.20972637,
          0.        , -0.12637944],
        [-0.99699597, -0.99952222, -0.9909828 , ...,  0.33161356,
          0.12637944,  0.        ]],

       ...,

       [[ 0.        , -0.11387029, -0.1744511 , ..., -0.19547708,
         -0.76564831, -0.77877116],
        [ 0.11387029,  0.        , -0.06119222, ..., -0.08253209,
         -0.68742011, -0.70227398],
        [ 0.1744511 ,  0.06119222,  0.        , ..., -0.02139397,
         -0.64169043, -0.65739476],
        ...,
        [ 0.19547708,  0.08253209,  0.02139397, ...,  0.        ,
         -0.62513516, -0.64112295],
        [ 0.76564831,  0.68742011,  0.64169043, ...,  0.62513516,
          0.        , -0.02065446],
        [ 0.77877116,  0.70227398,  0.65739476, ...,  0.64112295,
          0.02065446,  0.        ]],

       [[ 0.        ,  0.07724088,  0.13612199, ...,  0.52666223,
          0.65041769,  0.79498563],
        [-0.07724088,  0.        ,  0.05919339, ...,  0.59074931,
          0.70714491,  0.83946708],
        [-0.13612199, -0.05919339,  0.        , ...,  0.63747395,
          0.74775875,  0.87016142],
        ...,
        [-0.52666223, -0.59074931, -0.63747395, ...,  0.        ,
         -0.1528632 , -0.35630894],
        [-0.65041769, -0.70714491, -0.74775875, ...,  0.1528632 ,
          0.        , -0.20929085],
        [-0.79498563, -0.83946708, -0.87016142, ...,  0.35630894,
          0.20929085,  0.        ]],

       [[ 0.        ,  0.07381373,  0.15861954, ...,  0.98432668,
          0.99888844,  0.70501647],
        [-0.07381373,  0.        ,  0.0853076 , ...,  0.96862409,
          0.99964287,  0.75544124],
        [-0.15861954, -0.0853076 ,  0.        , ...,  0.94389159,
          0.99371913,  0.80858234],
        ...,
        [-0.98432668, -0.96862409, -0.94389159, ...,  0.        ,
          0.22255684,  0.82240852],
        [-0.99888844, -0.99964287, -0.99371913, ..., -0.22255684,
          0.        ,  0.67517028],
        [-0.70501647, -0.75544124, -0.80858234, ..., -0.82240852,
         -0.67517028,  0.        ]]]), 'num': array([7.30934487e-01, 6.82367375e-01, 1.37195231e-06, 6.22655279e-04,
       6.36726585e-04, 6.00668864e-04, 1.03116112e-02, 1.49507624e-05,
       6.40244411e-04, 6.63769876e-04, 5.64156757e-04, 7.02201789e-07,
       7.23902782e-04, 6.03636970e-04])}
{'img': array([[[ 0.        ,  0.06014611, -0.12696571, ...,  0.75786933,
          0.70081797,  0.78054686],
        [-0.06014611,  0.        , -0.1863952 , ...,  0.71725757,
          0.65664457,  0.74153658],
        [ 0.12696571,  0.1863952 ,  0.        , ...,  0.83456921,
          0.78571606,  0.8535959 ],
        ...,
        [-0.75786933, -0.71725757, -0.83456921, ...,  0.        ,
         -0.08340051,  0.0354917 ],
        [-0.70081797, -0.65664457, -0.78571606, ...,  0.08340051,
          0.        ,  0.11871602],
        [-0.78054686, -0.74153658, -0.8535959 , ..., -0.0354917 ,
         -0.11871602,  0.        ]],

       [[ 0.        ,  0.31930228, -0.14240585, ...,  0.04105864,
         -0.52888436, -0.42113191],
        [-0.31930228,  0.        , -0.45099939, ..., -0.28012369,
         -0.77218871, -0.68869387],
        [ 0.14240585,  0.45099939,  0.        , ...,  0.18292594,
         -0.40263518, -0.28767786],
        ...,
        [-0.04105864,  0.28012369, -0.18292594, ...,  0.        ,
         -0.56328458, -0.45801695],
        [ 0.52888436,  0.77218871,  0.40263518, ...,  0.56328458,
          0.        ,  0.12228571],
        [ 0.42113191,  0.68869387,  0.28767786, ...,  0.45801695,
         -0.12228571,  0.        ]],

       [[ 0.        ,  0.1032953 ,  0.16649675, ...,  0.99541422,
          0.99952222,  0.98289067],
        [-0.1032953 ,  0.        ,  0.0637526 , ...,  0.99997055,
          0.9909828 ,  0.95860698],
        [-0.16649675, -0.0637526 ,  0.        , ...,  0.99744704,
          0.98042472,  0.93850447],
        ...,
        [-0.99541422, -0.99997055, -0.99744704, ...,  0.        ,
         -0.12637944, -0.27736696],
        [-0.99952222, -0.9909828 , -0.98042472, ...,  0.12637944,
          0.        , -0.1537222 ],
        [-0.98289067, -0.95860698, -0.93850447, ...,  0.27736696,
          0.1537222 ,  0.        ]],

       ...,

       [[ 0.        , -0.06119222, -0.27289748, ..., -0.68742011,
         -0.70227398, -0.53760536],
        [ 0.06119222,  0.        , -0.21351651, ..., -0.64169043,
         -0.65739476, -0.48500081],
        [ 0.27289748,  0.21351651,  0.        , ..., -0.46313327,
         -0.48134029, -0.28709332],
        ...,
        [ 0.68742011,  0.64169043,  0.46313327, ...,  0.        ,
         -0.02065446,  0.18918903],
        [ 0.70227398,  0.65739476,  0.48134029, ...,  0.02065446,
          0.        ,  0.20943012],
        [ 0.53760536,  0.48500081,  0.28709332, ..., -0.18918903,
         -0.20943012,  0.        ]],

       [[ 0.        ,  0.05919339,  0.05061251, ...,  0.70714491,
          0.83946708,  0.94549677],
        [-0.05919339,  0.        , -0.00859376, ...,  0.74775875,
          0.87016142,  0.9631141 ],
        [-0.05061251,  0.00859376,  0.        , ...,  0.74202513,
          0.86589456,  0.96076601],
        ...,
        [-0.70714491, -0.74775875, -0.74202513, ...,  0.        ,
         -0.20929085, -0.43826247],
        [-0.83946708, -0.87016142, -0.86589456, ...,  0.20929085,
          0.        , -0.240436  ],
        [-0.94549677, -0.9631141 , -0.96076601, ...,  0.43826247,
          0.240436  ,  0.        ]],

       [[ 0.        ,  0.07706437,  0.1512747 , ...,  0.95663166,
          0.99977168,  0.70560456],
        [-0.07706437,  0.        ,  0.07464733, ...,  0.93133788,
          0.99515175,  0.75811443],
        [-0.1512747 , -0.07464733,  0.        , ...,  0.90155616,
          0.98503361,  0.80467842],
        ...,
        [-0.95663166, -0.93133788, -0.90155616, ...,  0.        ,
          0.27079235,  0.88341758],
        [-0.99977168, -0.99515175, -0.98503361, ..., -0.27079235,
          0.        ,  0.72352148],
        [-0.70560456, -0.75811443, -0.80467842, ..., -0.88341758,
         -0.72352148,  0.        ]]]), 'num': array([7.60671316e-01, 6.49063039e-01, 3.12628227e-06, 6.52679983e-04,
       6.75532923e-04, 6.41710571e-04, 9.63425127e-03, 5.48470574e-06,
       6.51948689e-04, 6.90295923e-04, 5.88463220e-04, 7.63515869e-07,
       7.51829756e-04, 6.28762090e-04])}
{'img': array([[[ 0.        , -0.1863952 , -0.2530483 , ...,  0.65664457,
          0.74153658,  0.76986696],
        [ 0.1863952 ,  0.        , -0.06828488, ...,  0.78571606,
          0.8535959 ,  0.87533316],
        [ 0.2530483 ,  0.06828488,  0.        , ...,  0.82612226,
          0.88717552,  0.90630714],
        ...,
        [-0.65664457, -0.78571606, -0.82612226, ...,  0.        ,
          0.11871602,  0.16156034],
        [-0.74153658, -0.8535959 , -0.88717552, ..., -0.11871602,
          0.        ,  0.04326141],
        [-0.76986696, -0.87533316, -0.90630714, ..., -0.16156034,
         -0.04326141,  0.        ]],

       [[ 0.        , -0.45099939, -0.62705492, ..., -0.77218871,
         -0.68869387, -0.74338357],
