state_0,state_1,state_2,state_3,state_4,state_5,state_6,state_7,state_8,state_9,state_10,state_11,state_12,state_13,state_14,state_15,state_16,state_17,state_18,state_19,state_20,state_21,state_22,state_23,state_24,state_25,state_26,state_27,state_28,state_29,state_30,state_31,state_32,state_33,state_34,state_35,state_36,state_37,state_38,state_39,state_40,state_41,state_42,state_43,state_44,state_45,state_46,state_47,state_48,state_49,state_50,state_51,state_52,state_53,state_54,state_55,state_56,state_57,state_58,state_59,state_60,state_61,state_62,state_63,state_64,state_65,state_66,state_67,state_68,state_69,state_70,state_71,state_72,state_73,state_74,state_75,state_76,state_77,state_78,state_79,state_80,state_81,state_82,state_83,state_84,state_85,state_86,state_87,state_88,state_89,state_90,state_91,state_92,state_93,state_94,state_95,state_96,state_97,state_98,state_99,state_100,state_101,state_102,state_103,state_104,state_105,state_106,state_107,state_108,state_109,state_110,state_111,state_112,state_113,state_114,state_115,state_116,state_117,state_118,state_119,state_120,state_121,state_122,state_123,state_124,state_125,state_126,state_127,state_128,state_129,state_130,state_131,state_132,state_133,state_134,state_135,state_136,state_137,state_138,state_139,state_140,state_141,state_142,state_143,state_144,state_145,state_146,state_147,state_148,state_149,state_150,state_151,state_152,state_153,state_154,state_155,state_156,state_157,state_158,state_159,state_160,state_161,state_162,state_163,state_164,state_165,state_166,state_167,state_168,state_169,state_170,state_171,state_172,state_173,state_174,state_175,state_176,state_177,state_178,state_179,state_180,state_181,state_182,state_183,state_184,state_185,state_186,state_187,state_188,state_189,state_190,state_191,state_192,state_193,state_194,state_195,state_196,state_197,state_198,state_199,state_200,state_201,state_202,state_203,state_204,state_205,state_206,state_207,state_208,state_209,state_210,state_211,state_212,state_213,state_214,state_215,state_216,state_217,state_218,state_219,state_220,state_221,state_222,state_223,state_224,state_225,state_226,state_227,state_228,state_229,state_230,state_231,state_232,state_233,state_234,state_235,state_236,state_237,state_238,state_239,state_240,state_241,state_242,state_243,state_244,state_245,state_246,state_247,state_248,state_249,state_250,state_251,state_252,state_253,state_254,state_255,state_256,state_257,state_258,state_259,state_260,state_261,state_262,state_263,state_264,state_265,state_266,state_267,state_268,state_269,state_270,state_271,state_272,state_273,state_274,state_275,state_276,state_277,state_278,state_279,state_280,state_281,state_282,state_283,state_284,state_285,state_286,state_287
{'img': array([[[ 0.        ,  0.04651252, -0.0709822 , ...,  0.        ,
          0.92148644,  0.95973737],
        [-0.04651252,  0.        , -0.11730058, ..., -0.04651252,
          0.90242317,  0.97176397],
        [ 0.0709822 ,  0.11730058,  0.        , ...,  0.0709822 ,
          0.94673231,  0.93737769],
        ...,
        [ 0.        ,  0.04651252, -0.0709822 , ...,  0.        ,
          0.92148644,  0.95973737],
        [-0.92148644, -0.90242317, -0.94673231, ..., -0.92148644,
          0.        ,  0.6316166 ],
        [-0.95973737, -0.97176397, -0.93737769, ..., -0.95973737,
         -0.6316166 ,  0.        ]],

       [[ 0.        ,  0.06338634, -0.10313935, ...,  0.26245352,
          0.19933956,  0.98683094],
        [-0.06338634,  0.        , -0.16598024, ...,  0.20076143,
          0.26105291,  0.99509955],
        [ 0.10313935,  0.16598024,  0.        , ...,  0.3605776 ,
          0.09720707,  0.96488477],
        ...,
        [-0.26245352, -0.20076143, -0.3605776 , ...,  0.        ,
          0.44953784,  0.99469041],
        [-0.19933956, -0.26105291, -0.09720707, ..., -0.44953784,
          0.        , -0.93478153],
        [-0.98683094, -0.99509955, -0.96488477, ..., -0.99469041,
          0.93478153,  0.        ]],

       [[ 0.        ,  0.        ,  0.13925675, ..., -0.49953894,
          0.09917751,  0.66843938],
        [ 0.        ,  0.        ,  0.13925675, ..., -0.49953894,
          0.09917751,  0.66843938],
        [-0.13925675, -0.13925675,  0.        , ..., -0.61530851,
         -0.04035902,  0.55835179],
        ...,
        [ 0.49953894,  0.49953894,  0.61530851, ...,  0.        ,
          0.58299272,  0.9506037 ],
        [-0.09917751, -0.09917751,  0.04035902, ..., -0.58299272,
          0.        ,  0.59137889],
        [-0.66843938, -0.66843938, -0.55835179, ..., -0.9506037 ,
         -0.59137889,  0.        ]],

       ...,

       [[ 0.        ,  0.13515547,  0.45142035, ...,  0.63332902,
          0.95344081,  0.99965308],
        [-0.13515547,  0.        ,  0.32667753, ...,  0.52292337,
          0.90393221,  0.99404048],
        [-0.45142035, -0.32667753,  0.        , ...,  0.21578033,
          0.71462669,  0.90389168],
        ...,
        [-0.63332902, -0.52292337, -0.21578033, ...,  0.        ,
          0.54685182,  0.79029524],
        [-0.95344081, -0.90393221, -0.71462669, ..., -0.54685182,
          0.        ,  0.32658797],
        [-0.99965308, -0.99404048, -0.90389168, ..., -0.79029524,
         -0.32658797,  0.        ]],

       [[ 0.        , -0.46366979, -0.81679433, ..., -0.44838956,
         -0.73345966, -0.89687534],
        [ 0.46366979,  0.        , -0.45618186, ..., -0.81172256,
         -0.96502284, -0.99971226],
        [ 0.81679433,  0.45618186,  0.        , ..., -0.98877093,
         -0.97835616, -0.87868795],
        ...,
        [ 0.44838956,  0.81172256,  0.98877093, ...,  0.        ,
          0.35080913,  0.6033462 ],
        [ 0.73345966,  0.96502284,  0.97835616, ..., -0.35080913,
          0.        ,  0.28523869],
        [ 0.89687534,  0.99971226,  0.87868795, ..., -0.6033462 ,
         -0.28523869,  0.        ]],

       [[ 0.        , -0.18760736,  0.16118434, ...,  0.54483759,
          0.24115524, -0.43773194],
        [ 0.18760736,  0.        ,  0.34347663, ...,  0.69248008,
          0.41894373, -0.2612808 ],
        [-0.16118434, -0.34347663,  0.        , ...,  0.40255369,
          0.08157474, -0.57693003],
        ...,
        [-0.54483759, -0.69248008, -0.40255369, ...,  0.        ,
         -0.32653885, -0.85692292],
        [-0.24115524, -0.41894373, -0.08157474, ...,  0.32653885,
          0.        , -0.64163697],
        [ 0.43773194,  0.2612808 ,  0.57693003, ...,  0.85692292,
          0.64163697,  0.        ]]]), 'num': array([7.13871950e-01, 7.00220442e-01, 2.84702992e-06, 5.43884800e-05,
       5.61466060e-05, 5.33676326e-05, 8.84030013e-03, 3.96996204e-07,
       5.08268569e-05, 4.70752428e-05, 4.80724594e-05, 8.49594118e-07,
       5.34290528e-05, 4.07214327e-05])}
{'img': array([[[ 0.        , -0.11389964, -0.31685572, ...,  0.86984056,
          0.99238709,  0.96428554],
        [ 0.11389964,  0.        , -0.20676288, ...,  0.92037031,
          0.99995653,  0.92784221],
        [ 0.31685572,  0.20676288,  0.        , ...,  0.9813363 ,
          0.98027638,  0.83067558],
        ...,
        [-0.86984056, -0.92037031, -0.9813363 , ...,  0.        ,
          0.38244953,  0.70610403],
        [-0.99238709, -0.99995653, -0.98027638, ..., -0.38244953,
          0.        ,  0.38160784],
        [-0.96428554, -0.92784221, -0.83067558, ..., -0.70610403,
         -0.38160784,  0.        ]],

       [[ 0.        , -0.16598024, -0.12041067, ...,  0.26105291,
          0.99509955,  0.37877491],
        [ 0.16598024,  0.        ,  0.04603213, ...,  0.09720707,
          0.96488477,  0.52713381],
        [ 0.12041067, -0.04603213,  0.        , ...,  0.14291816,
          0.97595338,  0.48745774],
        ...,
        [-0.26105291, -0.09720707, -0.14291816, ...,  0.        ,
         -0.93478153, -0.60724225],
        [-0.99509955, -0.96488477, -0.97595338, ...,  0.93478153,
          0.        , -0.95840608],
        [-0.37877491, -0.52713381, -0.48745774, ...,  0.60724225,
          0.95840608,  0.        ]],

       [[ 0.        ,  0.12926575,  0.08539361, ...,  0.09216665,
          0.61157349,  0.98284506],
        [-0.12926575,  0.        , -0.04411642, ..., -0.03732217,
          0.50416892,  0.99843987],
        [-0.08539361,  0.04411642,  0.        , ...,  0.00679985,
          0.54177722,  0.99500443],
        ...,
        [-0.09216665,  0.03732217, -0.00679985, ...,  0.        ,
          0.53604927,  0.99566026],
        [-0.61157349, -0.50416892, -0.54177722, ..., -0.53604927,
          0.        ,  0.89040929],
        [-0.98284506, -0.99843987, -0.99500443, ..., -0.99566026,
         -0.89040929,  0.        ]],

       ...,

       [[ 0.        ,  0.32667753,  0.28314234, ...,  0.90393221,
          0.99404048,  0.99624593],
        [-0.32667753,  0.        , -0.04570122, ...,  0.71462669,
          0.90389168,  0.91330786],
        [-0.28314234,  0.04570122,  0.        , ...,  0.74584829,
          0.92249647,  0.93096632],
        ...,
        [-0.90393221, -0.71462669, -0.74584829, ...,  0.        ,
          0.32658797,  0.34781843],
        [-0.99404048, -0.90389168, -0.92249647, ..., -0.32658797,
          0.        ,  0.02255   ],
        [-0.99624593, -0.91330786, -0.93096632, ..., -0.34781843,
         -0.02255   ,  0.        ]],

       [[ 0.        , -0.74033341, -0.92932828, ..., -0.75093531,
         -0.91272494, -0.98183057],
        [ 0.74033341,  0.        , -0.35136   , ..., -0.9937069 ,
         -0.9160515 , -0.80051108],
        [ 0.92932828,  0.35136   ,  0.        , ..., -0.89099219,
         -0.71672778, -0.53889448],
        ...,
        [ 0.75093531,  0.9937069 ,  0.89099219, ...,  0.        ,
          0.29592837,  0.50587987],
        [ 0.91272494,  0.9160515 ,  0.71672778, ..., -0.29592837,
          0.        ,  0.22795261],
        [ 0.98183057,  0.80051108,  0.53889448, ..., -0.50587987,
         -0.22795261,  0.        ]],

       [[ 0.        ,  0.20211581,  0.34394353, ...,  0.26044121,
         -0.05598391, -0.59260611],
        [-0.20211581,  0.        ,  0.1470603 , ...,  0.05992539,
         -0.25662732, -0.74317844],
        [-0.34394353, -0.1470603 ,  0.        , ..., -0.08752216,
         -0.39597246, -0.83349531],
        ...,
        [-0.26044121, -0.05992539,  0.08752216, ...,  0.        ,
         -0.31408464, -0.78193851],
        [ 0.05598391,  0.25662732,  0.39597246, ...,  0.31408464,
          0.        , -0.5465821 ],
        [ 0.59260611,  0.74317844,  0.83349531, ...,  0.78193851,
          0.5465821 ,  0.        ]]]), 'num': array([ 7.07072123e-01,  7.07072123e-01,  0.00000000e+00,  9.54547366e-05,
        9.74749426e-05,  9.46466541e-05,  9.89755517e-03, -1.41414425e-06,
        9.34547325e-05,  8.42981486e-05,  8.57931010e-05,  1.51913133e-06,
        9.66646276e-05,  7.19316695e-05])}
{'img': array([[[ 0.        , -0.20676288, -0.10717958, ...,  0.99995653,
          0.92784221,  0.98469869],
        [ 0.20676288,  0.        ,  0.10070831, ...,  0.98027638,
          0.83067558,  0.99945207],
        [ 0.10717958, -0.10070831,  0.        , ...,  0.99519579,
          0.88252245,  0.99770422],
        ...,
        [-0.99995653, -0.98027638, -0.99519579, ...,  0.        ,
          0.38160784, -0.16507681],
        [-0.92784221, -0.83067558, -0.88252245, ..., -0.38160784,
          0.        , -0.52895697],
        [-0.98469869, -0.99945207, -0.99770422, ...,  0.16507681,
          0.52895697,  0.        ]],

       [[ 0.        ,  0.04603213,  0.03432502, ...,  0.96488477,
          0.52713381,  0.39014131],
        [-0.04603213,  0.        , -0.01171637, ...,  0.97595338,
          0.48745774,  0.34734343],
        [-0.03432502,  0.01171637,  0.        , ...,  0.97333246,
          0.49765439,  0.35830648],
        ...,
        [-0.96488477, -0.97595338, -0.97333246, ...,  0.        ,
         -0.95840608, -0.99090226],
        [-0.52713381, -0.48745774, -0.49765439, ...,  0.95840608,
          0.        , -0.15382591],
        [-0.39014131, -0.34734343, -0.35830648, ...,  0.99090226,
          0.15382591,  0.        ]],

       [[ 0.        , -0.03657361, -0.05356788, ...,  0.40186755,
          0.78037471,  0.97031419],
        [ 0.03657361,  0.        , -0.01701095, ...,  0.43508906,
          0.80272253,  0.96081977],
        [ 0.05356788,  0.01701095,  0.        , ...,  0.45034254,
          0.8127509 ,  0.95596575],
        ...,
        [-0.40186755, -0.43508906, -0.45034254, ...,  0.        ,
          0.46329474,  0.98570537],
        [-0.78037471, -0.80272253, -0.8127509 , ..., -0.46329474,
          0.        ,  0.7954812 ],
        [-0.97031419, -0.96081977, -0.95596575, ..., -0.98570537,
         -0.7954812 ,  0.        ]],

       ...,

       [[ 0.        , -0.04570122,  0.01785644, ...,  0.90389168,
          0.91330786,  0.92013093],
        [ 0.04570122,  0.        ,  0.06353172, ...,  0.92249647,
          0.93096632,  0.93706663],
        [-0.01785644, -0.06353172,  0.        , ...,  0.89610927,
          0.90588985,  0.91299144],
        ...,
        [-0.90389168, -0.92249647, -0.89610927, ...,  0.        ,
          0.02255   ,  0.03962269],
        [-0.91330786, -0.93096632, -0.90588985, ..., -0.02255   ,
          0.        ,  0.01708032],
        [-0.92013093, -0.93706663, -0.91299144, ..., -0.03962269,
         -0.01708032,  0.        ]],

       [[ 0.        , -0.77034326, -0.97906281, ..., -0.95621816,
         -0.99952087, -0.99023983],
        [ 0.77034326,  0.        , -0.46746939, ..., -0.83515746,
         -0.66116759, -0.52404031],
        [ 0.97906281,  0.46746939,  0.        , ..., -0.48117366,
         -0.23376486, -0.06511586],
        ...,
        [ 0.95621816,  0.83515746,  0.48117366, ...,  0.        ,
          0.26291767,  0.42307026],
        [ 0.99952087,  0.66116759,  0.23376486, ..., -0.26291767,
          0.        ,  0.16995704],
        [ 0.99023983,  0.52404031,  0.06511586, ..., -0.42307026,
         -0.16995704,  0.        ]],

       [[ 0.        ,  0.1324316 ,  0.3694677 , ..., -0.21868126,
         -0.48991641, -0.80238806],
        [-0.1324316 ,  0.        ,  0.24315227, ..., -0.34598141,
         -0.60105111, -0.87435627],
        [-0.3694677 , -0.24315227,  0.        , ..., -0.56373338,
         -0.77734231, -0.96611325],
        ...,
        [ 0.21868126,  0.34598141,  0.56373338, ...,  0.        ,
         -0.28741901, -0.65245778],
        [ 0.48991641,  0.60105111,  0.77734231, ...,  0.28741901,
          0.        , -0.40711396],
        [ 0.80238806,  0.87435627,  0.96611325, ...,  0.65245778,
          0.40711396,  0.        ]]]), 'num': array([7.07081733e-01, 7.07081733e-01, 0.00000000e+00, 9.66681741e-05,
       9.68701974e-05, 9.49509756e-05, 8.41306048e-03, 1.21214011e-06,
       9.58600807e-05, 8.48548585e-05, 8.60047081e-05, 1.77535673e-06,
       9.83448875e-05, 7.13648296e-05])}
{'img': array([[[ 0.        ,  0.10070831,  0.18379882, ...,  0.83067558,
          0.99945207,  0.92786512],
        [-0.10070831,  0.        ,  0.08387175, ...,  0.88252245,
          0.99770422,  0.96070359],
        [-0.18379882, -0.08387175,  0.        , ...,  0.91885532,
          0.98850889,  0.98059942],
        ...,
        [-0.83067558, -0.88252245, -0.91885532, ...,  0.        ,
         -0.52895697, -0.20682299],
        [-0.99945207, -0.99770422, -0.98850889, ...,  0.52895697,
          0.        ,  0.34200001],
        [-0.92786512, -0.96070359, -0.98059942, ...,  0.20682299,
         -0.34200001,  0.        ]],

       [[ 0.        , -0.01171637, -0.0656856 , ...,  0.48745774,
          0.34734343,  0.30325952],
        [ 0.01171637,  0.        , -0.05399002, ...,  0.49765439,
          0.35830648,  0.31440333],
        [ 0.0656856 ,  0.05399002,  0.        , ...,  0.54375817,
          0.40818918,  0.36519692],
        ...,
        [-0.48745774, -0.49765439, -0.54375817, ...,  0.        ,
         -0.15382591, -0.19971237],
        [-0.34734343, -0.35830648, -0.40818918, ...,  0.15382591,
          0.        , -0.04660837],
        [-0.30325952, -0.31440333, -0.36519692, ...,  0.19971237,
          0.04660837,  0.        ]],

       [[ 0.        , -0.01520555, -0.0356286 , ...,  0.70317143,
          0.9296861 ,  0.9258963 ],
        [ 0.01520555,  0.        , -0.02042858, ...,  0.7139016 ,
          0.93517962,  0.92004493],
        [ 0.0356286 ,  0.02042858,  0.        , ...,  0.72805765,
          0.94221973,  0.91184875],
        ...,
        [-0.70317143, -0.7139016 , -0.72805765, ...,  0.        ,
          0.40201059,  0.92397365],
        [-0.9296861 , -0.93517962, -0.94221973, ..., -0.40201059,
          0.        ,  0.69227121],
        [-0.9258963 , -0.92004493, -0.91184875, ..., -0.92397365,
         -0.69227121,  0.        ]],

       ...,

       [[ 0.        ,  0.05798851, -0.09733331, ...,  0.84079572,
          0.84683521,  0.94133579],
        [-0.05798851,  0.        , -0.1548827 , ...,  0.80798864,
          0.81456869,  0.95932122],
        [ 0.09733331,  0.1548827 ,  0.        , ...,  0.88949512,
          0.89458154,  0.90401898],
        ...,
        [-0.84079572, -0.80798864, -0.88949512, ...,  0.        ,
          0.01125466,  0.79333899],
        [-0.84683521, -0.81456869, -0.89458154, ..., -0.01125466,
          0.        ,  0.78643713],
        [-0.94133579, -0.95932122, -0.90401898, ..., -0.79333899,
         -0.78643713,  0.        ]],

       [[ 0.        , -0.88273092, -0.99921969, ..., -0.9830241 ,
         -0.92018163, -0.78173006],
        [ 0.88273092,  0.        , -0.50437743, ..., -0.29994183,
         -0.08679203,  0.18316756],
        [ 0.99921969,  0.50437743,  0.        , ...,  0.22215987,
          0.42753068,  0.65400636],
        ...,
        [ 0.9830241 ,  0.29994183, -0.22215987, ...,  0.        ,
          0.21601408,  0.4696014 ],
        [ 0.92018163,  0.08679203, -0.42753068, ..., -0.21601408,
          0.        ,  0.26780002],
        [ 0.78173006, -0.18316756, -0.65400636, ..., -0.4696014 ,
         -0.26780002,  0.        ]],

       [[ 0.        ,  0.22868588,  0.46826901, ..., -0.52455162,
         -0.66636561, -0.90454706],
        [-0.22868588,  0.        ,  0.25379638, ..., -0.70534941,
         -0.81922105, -0.97808247],
        [-0.46826901, -0.25379638,  0.        , ..., -0.86216068,
         -0.93794445, -0.99890271],
        ...,
        [ 0.52455162,  0.70534941,  0.86216068, ...,  0.        ,
         -0.17621058, -0.546457  ],
        [ 0.66636561,  0.81922105,  0.93794445, ...,  0.17621058,
          0.        , -0.39033221],
        [ 0.90454706,  0.97808247,  0.99890271, ...,  0.546457  ,
          0.39033221,  0.        ]]]), 'num': array([7.07077293e-01, 7.07077293e-01, 0.00000000e+00, 9.67685781e-05,
       9.73746444e-05, 9.57584677e-05, 9.12887291e-03, 1.01011042e-07,
       9.63847361e-05, 8.54805942e-05, 8.62449111e-05, 1.80756601e-06,
       9.99279101e-05, 7.10332783e-05])}
{'img': array([[[ 0.        ,  0.08387175, -0.10070831, ...,  0.99770422,
          0.96070359,  0.94194444],
        [-0.08387175,  0.        , -0.18379882, ...,  0.98850889,
          0.98059942,  0.96678707],
        [ 0.10070831,  0.18379882,  0.        , ...,  0.99945207,
          0.92786512,  0.90334088],
        ...,
        [-0.99770422, -0.98850889, -0.99945207, ...,  0.        ,
          0.34200001,  0.39878845],
        [-0.96070359, -0.98059942, -0.92786512, ..., -0.34200001,
          0.        ,  0.06111279],
        [-0.94194444, -0.96678707, -0.90334088, ..., -0.39878845,
         -0.06111279,  0.        ]],

       [[ 0.        , -0.05399002, -0.00549461, ...,  0.35830648,
          0.31440333,  0.33616198],
        [ 0.05399002,  0.        ,  0.04850261, ...,  0.40818918,
          0.36519692,  0.38651971],
        [ 0.00549461, -0.04850261,  0.        , ...,  0.36343086,
          0.31961455,  0.34133175],
        ...,
        [-0.35830648, -0.40818918, -0.36343086, ...,  0.        ,
         -0.04660837, -0.02361237],
        [-0.31440333, -0.36519692, -0.31961455, ...,  0.04660837,
          0.        ,  0.02300866],
        [-0.33616198, -0.38651971, -0.34133175, ...,  0.02361237,
         -0.02300866,  0.        ]],

       [[ 0.        , -0.01999921, -0.08888135, ...,  0.91580923,
          0.99704471,  0.91219263],
        [ 0.01999921,  0.        , -0.06894351, ...,  0.92365802,
          0.99530888,  0.90381528],
        [ 0.08888135,  0.06894351,  0.        , ...,  0.94788061,
          0.98627045,  0.87216221],
        ...,
        [-0.91580923, -0.92365802, -0.94788061, ...,  0.        ,
          0.47078235,  0.74161242],
        [-0.99704471, -0.99530888, -0.98627045, ..., -0.47078235,
          0.        ,  0.33847283],
        [-0.91219263, -0.90381528, -0.87216221, ..., -0.74161242,
         -0.33847283,  0.        ]],

       ...,

       [[ 0.        , -0.15222555, -0.19730232, ...,  0.7969142 ,
          0.99999264,  0.95420118],
        [ 0.15222555,  0.        , -0.0457697 , ...,  0.8795851 ,
          0.98892245,  0.89754005],
        [ 0.19730232,  0.0457697 ,  0.        , ...,  0.90043787,
          0.98109234,  0.87641808],
        ...,
        [-0.7969142 , -0.8795851 , -0.90043787, ...,  0.        ,
          0.60103108,  0.81483516],
        [-0.99999264, -0.98892245, -0.98109234, ..., -0.60103108,
          0.        ,  0.30282381],
        [-0.95420118, -0.89754005, -0.87641808, ..., -0.81483516,
         -0.30282381,  0.        ]],

       [[ 0.        , -0.56072856, -0.76918868, ..., -0.10203973,
          0.22707791,  0.80337857],
        [ 0.56072856,  0.        , -0.27857025, ...,  0.47331287,
          0.73410086,  0.99909346],
        [ 0.76918868,  0.27857025,  0.        , ...,  0.69996816,
          0.89420257,  0.97140409],
        ...,
        [ 0.10203973, -0.47331287, -0.69996816, ...,  0.        ,
          0.32526675,  0.85994665],
        [-0.22707791, -0.73410086, -0.89420257, ..., -0.32526675,
          0.        ,  0.64717381],
        [-0.80337857, -0.99909346, -0.97140409, ..., -0.85994665,
         -0.64717381,  0.        ]],

       [[ 0.        ,  0.24773411,  0.31917498, ..., -0.77594348,
         -0.88525533, -0.98350046],
        [-0.24773411,  0.        ,  0.0744491 , ..., -0.9080271 ,
         -0.97288267, -0.99765934],
        [-0.31917498, -0.0744491 ,  0.        , ..., -0.93669474,
         -0.98740276, -0.9897998 ],
        ...,
        [ 0.77594348,  0.9080271 ,  0.93669474, ...,  0.        ,
         -0.19752574, -0.48002196],
        [ 0.88525533,  0.97288267,  0.98740276, ...,  0.19752574,
          0.        , -0.29728368],
        [ 0.98350046,  0.99765934,  0.9897998 , ...,  0.48002196,
          0.29728368,  0.        ]]]), 'num': array([ 7.06950000e-01,  7.06950000e-01,  0.00000000e+00,  9.47313000e-05,
        9.97809429e-05,  9.33174000e-05,  2.10553342e-02, -2.01985714e-06,
        9.60846043e-05,  8.59297725e-05,  8.64229543e-05,  1.66149539e-06,
        1.00928388e-04,  7.09311567e-05])}
{'img': array([[[ 0.        , -0.18379882, -0.09611226, ...,  0.98059942,
          0.96678707,  0.96059651],
        [ 0.18379882,  0.        ,  0.08847304, ...,  0.92786512,
          0.90334088,  0.99531794],
        [ 0.09611226, -0.08847304,  0.        , ...,  0.95721957,
          0.93774665,  0.98286351],
        ...,
        [-0.98059942, -0.92786512, -0.95721957, ...,  0.        ,
          0.06111279, -0.46085277],
        [-0.96678707, -0.90334088, -0.93774665, ..., -0.06111279,
          0.        , -0.51422755],
        [-0.96059651, -0.99531794, -0.98286351, ...,  0.46085277,
          0.51422755,  0.        ]],

       [[ 0.        ,  0.04850261,  0.00441609, ...,  0.36519692,
          0.38651971,  0.63798054],
        [-0.04850261,  0.        , -0.04409125, ...,  0.31961455,
          0.34133175,  0.59988011],
        [-0.00441609,  0.04409125,  0.        , ...,  0.36108229,
          0.38244306,  0.63457369],
        ...,
        [-0.36519692, -0.31961455, -0.36108229, ...,  0.        ,
          0.02300866,  0.31269461],
        [-0.38651971, -0.34133175, -0.38244306, ..., -0.02300866,
          0.        ,  0.29075696],
        [-0.63798054, -0.59988011, -0.63457369, ..., -0.31269461,
         -0.29075696,  0.        ]],

       [[ 0.        , -0.06894351, -0.09507925, ...,  0.99530888,
          0.90381528,  0.9821171 ],
        [ 0.06894351,  0.        , -0.02622183, ...,  0.98627045,
          0.87216221,  0.96680015],
        [ 0.09507925,  0.02622183,  0.        , ...,  0.98160109,
          0.85903416,  0.95976715],
        ...,
        [-0.99530888, -0.98627045, -0.98160109, ...,  0.        ,
          0.33847283,  0.09236976],
        [-0.90381528, -0.87216221, -0.85903416, ..., -0.33847283,
          0.        , -0.25010804],
        [-0.9821171 , -0.96680015, -0.95976715, ..., -0.09236976,
          0.25010804,  0.        ]],

       ...,

       [[ 0.        , -0.0457697 , -0.25771331, ...,  0.98892245,
          0.89754005,  0.97859078],
        [ 0.0457697 ,  0.        , -0.21321956, ...,  0.98109234,
          0.87641808,  0.98698536],
        [ 0.25771331,  0.21321956,  0.        , ...,  0.91726488,
          0.75358815,  0.99857682],
        ...,
        [-0.98892245, -0.98109234, -0.91726488, ...,  0.        ,
          0.30282381, -0.34879098],
        [-0.89754005, -0.87641808, -0.75358815, ..., -0.30282381,
          0.        , -0.61622068],
        [-0.97859078, -0.98698536, -0.99857682, ...,  0.34879098,
          0.61622068,  0.        ]],

       [[ 0.        , -0.2613433 , -0.49007456, ...,  0.66113369,
          0.87372071,  0.99950502],
        [ 0.2613433 ,  0.        , -0.24523461, ...,  0.83423414,
          0.97048003,  0.95654639],
        [ 0.49007456,  0.24523461,  0.        , ...,  0.94398467,
          0.99999127,  0.85583152],
        ...,
        [-0.66113369, -0.83423414, -0.94398467, ...,  0.        ,
          0.33393091,  0.77069574],
        [-0.87372071, -0.97048003, -0.99999127, ..., -0.33393091,
          0.        ,  0.51367403],
        [-0.99950502, -0.95654639, -0.85583152, ..., -0.77069574,
         -0.51367403,  0.        ]],

       [[ 0.        ,  0.07404225,  0.15342163, ..., -0.96499909,
         -0.99665672, -0.99725611],
        [-0.07404225,  0.        ,  0.07983485, ..., -0.98176809,
         -0.99997048, -0.98903749],
        [-0.15342163, -0.07983485,  0.        , ..., -0.99380961,
         -0.99739213, -0.9740918 ],
        ...,
        [ 0.96499909,  0.98176809,  0.99380961, ...,  0.        ,
         -0.18253313, -0.33297134],
        [ 0.99665672,  0.99997048,  0.99739213, ...,  0.18253313,
          0.        , -0.15526008],
        [ 0.99725611,  0.98903749,  0.9740918 , ...,  0.33297134,
          0.15526008,  0.        ]]]), 'num': array([7.06526534e-01, 7.06526534e-01, 0.00000000e+00, 1.00023971e-04,
       1.02749145e-04, 9.30596378e-05, 4.05024006e-02, 5.34941519e-06,
       9.66730163e-05, 8.66958523e-05, 8.66420217e-05, 1.71756087e-06,
       1.02853289e-04, 7.05384158e-05])}
{'img': array([[[ 0.        ,  0.07986598,  0.01171749, ...,  0.99159522,
          0.93505034,  0.78292205],
        [-0.07986598,  0.        , -0.06818044, ...,  0.9780947 ,
          0.90374974,  0.8301073 ],
        [-0.01171749,  0.06818044,  0.        , ...,  0.99001115,
          0.93083212,  0.79015798],
        ...,
        [-0.99159522, -0.9780947 , -0.99001115, ...,  0.        ,
         -0.23055949,  0.71818469],
        [-0.93505034, -0.90374974, -0.93083212, ...,  0.23055949,
          0.        ,  0.85927093],
        [-0.78292205, -0.8301073 , -0.79015798, ..., -0.71818469,
         -0.85927093,  0.        ]],

       [[ 0.        , -0.04409125,  0.00806062, ...,  0.34133175,
          0.59988011,  0.83631736],
        [ 0.04409125,  0.        ,  0.0521426 , ...,  0.38244306,
          0.63457369,  0.85967688],
        [-0.00806062, -0.0521426 ,  0.        , ...,  0.33374413,
          0.5934114 ,  0.83187099],
        ...,
        [-0.34133175, -0.38244306, -0.33374413, ...,  0.        ,
          0.29075696,  0.59895692],
        [-0.59988011, -0.63457369, -0.5934114 , ..., -0.29075696,
          0.        ,  0.34024742],
        [-0.83631736, -0.85967688, -0.83187099, ..., -0.59895692,
         -0.34024742,  0.        ]],

       [[ 0.        , -0.02587201, -0.0232672 , ...,  0.97157431,
          0.98974323,  0.86634627],
        [ 0.02587201,  0.        ,  0.00260559, ...,  0.96512429,
          0.98571591,  0.85313466],
        [ 0.0232672 , -0.00260559,  0.        , ...,  0.96580314,
          0.98615139,  0.85449108],
        ...,
        [-0.97157431, -0.96512429, -0.96580314, ...,  0.        ,
         -0.0955097 ,  0.28015251],
        [-0.98974323, -0.98571591, -0.98615139, ...,  0.0955097 ,
          0.        ,  0.37055685],
        [-0.86634627, -0.85313466, -0.85449108, ..., -0.28015251,
         -0.37055685,  0.        ]],

       ...,

       [[ 0.        , -0.21321956, -0.26030971, ...,  0.87641808,
          0.98698536,  0.99993313],
        [ 0.21321956,  0.        , -0.04845485, ...,  0.75358815,
          0.99857682,  0.97940479],
        [ 0.26030971,  0.04845485,  0.        , ...,  0.72085132,
          0.99481965,  0.968471  ],
        ...,
        [-0.87641808, -0.75358815, -0.72085132, ...,  0.        ,
         -0.61622068, -0.49165427],
        [-0.98698536, -0.99857682, -0.99481965, ...,  0.61622068,
          0.        ,  0.14938522],
        [-0.99993313, -0.97940479, -0.968471  , ...,  0.49165427,
         -0.14938522,  0.        ]],

       [[ 0.        , -0.22449776, -0.2430485 , ...,  0.87789712,
          0.94759447,  0.92590307],
        [ 0.22449776,  0.        , -0.01907859, ...,  0.96298904,
          0.99512833,  0.81746249],
        [ 0.2430485 ,  0.01907859,  0.        , ...,  0.96795622,
          0.99682812,  0.80632478],
        ...,
        [-0.87789712, -0.96298904, -0.96795622, ...,  0.        ,
          0.17328816,  0.77500348],
        [-0.94759447, -0.99512833, -0.99682812, ..., -0.17328816,
          0.        ,  0.65376792],
        [-0.92590307, -0.81746249, -0.80632478, ..., -0.77500348,
         -0.65376792,  0.        ]],

       [[ 0.        ,  0.07828427,  0.04058408, ..., -0.98473979,
         -0.9905227 , -0.98587759],
        [-0.07828427,  0.        , -0.03776024, ..., -0.99534176,
         -0.99823514, -0.96974193],
        [-0.04058408,  0.03776024,  0.        , ..., -0.99099146,
         -0.99528082, -0.97826883],
        ...,
        [ 0.98473979,  0.99534176,  0.99099146, ...,  0.        ,
         -0.03713067, -0.33648739],
        [ 0.9905227 ,  0.99823514,  0.99528082, ...,  0.03713067,
          0.        , -0.30128985],
        [ 0.98587759,  0.96974193,  0.97826883, ...,  0.33648739,
          0.30128985,  0.        ]]]), 'num': array([7.53419309e-01, 6.53696437e-01, 1.92887567e-05, 1.10680213e-04,
       1.20527969e-04, 1.04043682e-04, 7.09945705e-02, 4.60275549e-06,
       1.04429029e-04, 9.30238293e-05, 9.22763276e-05, 1.90727289e-06,
       1.11931430e-04, 7.41162287e-05])}
{'img': array([[[ 0.        , -0.06099225,  0.        , ...,  0.8117602 ,
          0.98799931,  0.77597047],
        [ 0.06099225,  0.        ,  0.06099225, ...,  0.84586782,
          0.99558065,  0.73605377],
        [ 0.        , -0.06099225,  0.        , ...,  0.8117602 ,
          0.98799931,  0.77597047],
        ...,
        [-0.8117602 , -0.84586782, -0.8117602 , ...,  0.        ,
          0.45159953,  0.96519305],
        [-0.98799931, -0.99558065, -0.98799931, ..., -0.45159953,
          0.        ,  0.74305463],
        [-0.77597047, -0.73605377, -0.77597047, ..., -0.96519305,
         -0.74305463,  0.        ]],

       [[ 0.        ,  0.0521426 , -0.01258134, ...,  0.63457369,
          0.85967688,  0.99009776],
        [-0.0521426 ,  0.        , -0.0647027 , ...,  0.5934114 ,
          0.83187099,  0.98143112],
        [ 0.01258134,  0.0647027 ,  0.        , ...,  0.64424711,
          0.86603587,  0.99178555],
        ...,
        [-0.63457369, -0.5934114 , -0.64424711, ...,  0.        ,
          0.34024742,  0.67612808],
        [-0.85967688, -0.83187099, -0.86603587, ..., -0.34024742,
          0.        ,  0.38509864],
        [-0.99009776, -0.98143112, -0.99178555, ..., -0.67612808,
         -0.38509864,  0.        ]],

       [[ 0.        ,  0.00245091,  0.        , ...,  0.99340784,
          0.99995483,  0.82524334],
        [-0.00245091,  0.        , -0.00245091, ...,  0.9931239 ,
          0.99992853,  0.82662508],
        [ 0.        ,  0.00245091,  0.        , ...,  0.99340784,
          0.99995483,  0.82524334],
        ...,
        [-0.99340784, -0.9931239 , -0.99340784, ...,  0.        ,
          0.10518646,  0.65565486],
        [-0.99995483, -0.99992853, -0.99995483, ..., -0.10518646,
          0.        ,  0.57259546],
        [-0.82524334, -0.82662508, -0.82524334, ..., -0.65565486,
         -0.57259546,  0.        ]],

       ...,

       [[ 0.        , -0.04845485,  0.32463079, ...,  0.99857682,
          0.97940479,  0.84350219],
        [ 0.04845485,  0.        ,  0.37008005, ...,  0.99481965,
          0.968471  ,  0.81648504],
        [-0.32463079, -0.37008005,  0.        , ...,  0.96180805,
          0.99190611,  0.97218635],
        ...,
        [-0.99857682, -0.99481965, -0.96180805, ...,  0.        ,
          0.14938522,  0.49137533],
        [-0.97940479, -0.968471  , -0.99190611, ..., -0.14938522,
          0.        ,  0.35575489],
        [-0.84350219, -0.81648504, -0.97218635, ..., -0.49137533,
         -0.35575489,  0.        ]],

       [[ 0.        , -0.01735728, -0.02743882, ...,  0.93986504,
          0.99663149,  0.77169415],
        [ 0.01735728,  0.        , -0.01008394, ...,  0.94565176,
          0.99790482,  0.76053877],
        [ 0.02743882,  0.01008394,  0.        , ...,  0.94888279,
          0.99850651,  0.75395267],
        ...,
        [-0.93986504, -0.94565176, -0.94888279, ...,  0.        ,
          0.26331703,  0.86131745],
        [-0.99663149, -0.99790482, -0.99850651, ..., -0.26331703,
          0.        ,  0.69713826],
        [-0.77169415, -0.76053877, -0.75395267, ..., -0.86131745,
         -0.69713826,  0.        ]],

       [[ 0.        , -0.03649546, -0.05863644, ..., -0.97337313,
         -0.99143879, -0.96131344],
        [ 0.03649546,  0.        , -0.02216472, ..., -0.96435897,
         -0.98601302, -0.97072596],
        [ 0.05863644,  0.02216472,  0.        , ..., -0.95825733,
         -0.98207663, -0.97581122],
        ...,
        [ 0.97337313,  0.96435897,  0.95825733, ...,  0.        ,
         -0.10016838, -0.48848069],
        [ 0.99143879,  0.98601302,  0.98207663, ...,  0.10016838,
          0.        , -0.39861949],
        [ 0.96131344,  0.97072596,  0.97581122, ...,  0.48848069,
          0.39861949,  0.        ]]]), 'num': array([ 7.34520739e-01,  6.78390995e-01,  1.08989793e-05,  1.07528244e-04,
        1.08363415e-04,  1.06066695e-04,  1.62745772e-02, -4.17585415e-07,
        1.03373269e-04,  9.18374723e-05,  9.03585240e-05,  1.84894747e-06,
        1.11475878e-04,  7.21990669e-05])}
{'img': array([[[ 0.00000000e+00,  6.09922529e-02,  2.69137483e-01, ...,
          9.95580653e-01,  7.36053767e-01,  8.80033178e-01],
        [-6.09922529e-02,  0.00000000e+00,  2.09894667e-01, ...,
          9.87999313e-01,  7.75970475e-01,  9.07360732e-01],
        [-2.69137483e-01, -2.09894667e-01,  0.00000000e+00, ...,
          9.33570676e-01,  8.91080057e-01,  9.75378186e-01],
        ...,
        [-9.95580653e-01, -9.87999313e-01, -9.33570676e-01, ...,
          0.00000000e+00,  7.43054626e-01,  5.55457679e-01],
        [-7.36053767e-01, -7.75970475e-01, -8.91080057e-01, ...,
         -7.43054626e-01,  0.00000000e+00, -2.46153846e-01],
        [-8.80033178e-01, -9.07360732e-01, -9.75378186e-01, ...,
         -5.55457679e-01,  2.46153846e-01,  0.00000000e+00]],

       [[ 0.00000000e+00, -6.47027003e-02,  1.28020071e-01, ...,
          8.31870988e-01,  9.81431117e-01,  4.95461028e-01],
        [ 6.47027003e-02,  0.00000000e+00,  1.91922115e-01, ...,
          8.66035870e-01,  9.91785555e-01,  5.50625549e-01],
        [-1.28020071e-01, -1.91922115e-01,  0.00000000e+00, ...,
          7.53978823e-01,  9.48799328e-01,  3.80182069e-01],
        ...,
        [-8.31870988e-01, -8.66035870e-01, -7.53978823e-01, ...,
          0.00000000e+00,  3.85098641e-01, -4.47622695e-01],
        [-9.81431117e-01, -9.91785555e-01, -9.48799328e-01, ...,
         -3.85098641e-01,  0.00000000e+00, -7.57463861e-01],
        [-4.95461028e-01, -5.50625549e-01, -3.80182069e-01, ...,
          4.47622695e-01,  7.57463861e-01,  0.00000000e+00]],

       [[ 0.00000000e+00, -2.34271480e-03,  3.23836253e-02, ...,
          9.85868098e-01,  9.94621713e-01,  8.05322516e-01],
        [ 2.34271480e-03,  0.00000000e+00,  3.47250225e-02, ...,
          9.86257852e-01,  9.94376338e-01,  8.03931458e-01],
        [-3.23836253e-02, -3.47250225e-02,  0.00000000e+00, ...,
          9.79926007e-01,  9.97454160e-01,  8.24098344e-01],
        ...,
        [-9.85868098e-01, -9.86257852e-01, -9.79926007e-01, ...,
          0.00000000e+00,  2.68733080e-01,  7.19369408e-01],
        [-9.94621713e-01, -9.94376338e-01, -9.97454160e-01, ...,
         -2.68733080e-01,  0.00000000e+00,  5.06237735e-01],
        [-8.05322516e-01, -8.03931458e-01, -8.24098344e-01, ...,
         -7.19369408e-01, -5.06237735e-01,  0.00000000e+00]],

       ...,

       [[ 0.00000000e+00,  3.70080047e-01,  5.85793497e-01, ...,
          9.68471001e-01,  8.16485040e-01,  8.61508598e-01],
        [-3.70080047e-01,  0.00000000e+00,  2.44266879e-01, ...,
          9.91906112e-01,  9.72186351e-01,  9.88246922e-01],
        [-5.85793497e-01, -2.44266879e-01,  0.00000000e+00, ...,
          9.30843920e-01,  9.99946345e-01,  9.95651097e-01],
        ...,
        [-9.68471001e-01, -9.91906112e-01, -9.30843920e-01, ...,
          0.00000000e+00,  3.55754893e-01,  2.77109894e-01],
        [-8.16485040e-01, -9.72186351e-01, -9.99946345e-01, ...,
         -3.55754893e-01,  0.00000000e+00, -8.28417333e-02],
        [-8.61508598e-01, -9.88246922e-01, -9.95651097e-01, ...,
         -2.77109894e-01,  8.28417333e-02,  0.00000000e+00]],

       [[ 0.00000000e+00, -9.43573945e-03, -1.04573620e-02, ...,
          9.69314095e-01,  9.95412768e-01,  7.27452074e-01],
        [ 9.43573945e-03,  0.00000000e+00, -1.02167293e-03, ...,
          9.71590489e-01,  9.94465704e-01,  7.20945277e-01],
        [ 1.04573620e-02,  1.02167293e-03,  0.00000000e+00, ...,
          9.71831779e-01,  9.94357846e-01,  7.20236890e-01],
        ...,
        [-9.69314095e-01, -9.71590489e-01, -9.71831779e-01, ...,
          0.00000000e+00,  3.37435551e-01,  8.43929384e-01],
        [-9.95412768e-01, -9.94465704e-01, -9.94357846e-01, ...,
         -3.37435551e-01,  0.00000000e+00,  6.13413026e-01],
        [-7.27452074e-01, -7.20945277e-01, -7.20236890e-01, ...,
         -8.43929384e-01, -6.13413026e-01,  0.00000000e+00]],

       [[ 0.00000000e+00, -2.20699127e-02, -2.23648233e-02, ...,
         -9.82388642e-01, -9.94860028e-01, -9.69727332e-01],
        [ 2.20699127e-02,  0.00000000e+00, -2.94983427e-04, ...,
         -9.78025620e-01, -9.96852503e-01, -9.74880394e-01],
        [ 2.23648233e-02,  2.94983427e-04,  0.00000000e+00, ...,
         -9.77964078e-01, -9.96875845e-01, -9.74946053e-01],
        ...,
        [ 9.82388642e-01,  9.78025620e-01,  9.77964078e-01, ...,
          0.00000000e+00, -2.85364983e-01, -4.21082376e-01],
        [ 9.94860028e-01,  9.96852503e-01,  9.96875845e-01, ...,
          2.85364983e-01,  0.00000000e+00, -1.44740884e-01],
        [ 9.69727332e-01,  9.74880394e-01,  9.74946053e-01, ...,
          4.21082376e-01,  1.44740884e-01,  0.00000000e+00]]]), 'num': array([7.12483741e-01, 7.00466202e-01, 2.26746016e-06, 1.07299454e-04,
       1.10741135e-04, 1.03857773e-04, 4.13997735e-02, 3.03677700e-06,
