state_0,state_1,state_2,state_3,state_4,state_5,state_6,state_7,state_8,state_9,state_10,state_11,state_12,state_13,state_14,state_15,state_16,state_17,state_18,state_19,state_20,state_21,state_22,state_23,state_24,state_25,state_26,state_27,state_28,state_29,state_30,state_31,state_32,state_33,state_34,state_35,state_36,state_37,state_38,state_39,state_40,state_41,state_42,state_43,state_44,state_45,state_46,state_47,state_48,state_49,state_50,state_51,state_52,state_53,state_54,state_55,state_56,state_57,state_58,state_59,state_60,state_61,state_62,state_63,state_64,state_65,state_66,state_67,state_68,state_69,state_70,state_71,state_72,state_73,state_74,state_75,state_76,state_77,state_78,state_79,state_80,state_81,state_82,state_83,state_84,state_85,state_86,state_87,state_88,state_89,state_90,state_91,state_92,state_93,state_94,state_95,state_96,state_97,state_98,state_99,state_100,state_101,state_102,state_103,state_104,state_105,state_106,state_107,state_108,state_109,state_110,state_111,state_112,state_113,state_114,state_115,state_116,state_117,state_118,state_119,state_120,state_121,state_122,state_123,state_124,state_125,state_126,state_127,state_128,state_129,state_130,state_131,state_132,state_133,state_134,state_135,state_136,state_137,state_138,state_139,state_140,state_141,state_142,state_143,state_144,state_145,state_146,state_147,state_148,state_149,state_150,state_151,state_152,state_153,state_154,state_155,state_156,state_157,state_158,state_159,state_160,state_161,state_162,state_163,state_164,state_165,state_166,state_167,state_168,state_169,state_170,state_171,state_172,state_173,state_174,state_175,state_176,state_177,state_178,state_179,state_180,state_181,state_182,state_183,state_184,state_185,state_186,state_187,state_188,state_189,state_190,state_191,state_192,state_193,state_194,state_195,state_196,state_197,state_198,state_199,state_200,state_201,state_202,state_203,state_204,state_205,state_206,state_207,state_208,state_209,state_210,state_211,state_212,state_213,state_214,state_215,state_216,state_217,state_218,state_219,state_220,state_221,state_222,state_223,state_224,state_225,state_226,state_227,state_228,state_229,state_230,state_231,state_232,state_233,state_234,state_235,state_236,state_237,state_238,state_239,state_240,state_241,state_242,state_243,state_244,state_245,state_246,state_247,state_248,state_249,state_250,state_251,state_252,state_253,state_254,state_255,state_256,state_257,state_258,state_259,state_260,state_261,state_262,state_263,state_264,state_265,state_266,state_267,state_268,state_269,state_270,state_271,state_272,state_273,state_274,state_275,state_276,state_277,state_278,state_279,state_280,state_281,state_282,state_283,state_284,state_285,state_286,state_287
{'img': array([[[ 0.        ,  0.39572897,  0.60540396, ...,  0.        ,
          0.28278381,  0.28278381],
        [-0.39572897,  0.        ,  0.24101527, ...,  0.39572897,
          0.63927618,  0.63927618],
        [-0.60540396, -0.24101527,  0.        , ...,  0.60540396,
          0.80576642,  0.80576642],
        ...,
        [-0.        , -0.39572897, -0.60540396, ...,  0.        ,
         -0.28278381, -0.28278381],
        [-0.28278381, -0.63927618, -0.80576642, ...,  0.28278381,
          0.        ,  0.        ],
        [-0.28278381, -0.63927618, -0.80576642, ...,  0.28278381,
          0.        ,  0.        ]],

       [[ 0.        , -0.24121944,  0.17218671, ...,  0.45397874,
          0.2321097 ,  0.18939407],
        [ 0.24121944,  0.        ,  0.40471881, ...,  0.65550256,
          0.45988729,  0.42065503],
        [-0.17218671, -0.40471881,  0.        , ...,  0.29377775,
          0.06115877,  0.01749502],
        ...,
        [-0.45397874, -0.65550256, -0.29377775, ...,  0.        ,
         -0.23476775, -0.27700976],
        [-0.2321097 , -0.45988729, -0.06115877, ...,  0.23476775,
          0.        , -0.04368714],
        [-0.18939407, -0.42065503, -0.01749502, ...,  0.27700976,
          0.04368714,  0.        ]],

       [[ 0.        , -0.22989988,  0.03608049, ...,  0.68563927,
          0.50717599,  0.22989988],
        [ 0.22989988,  0.        ,  0.26486423, ...,  0.49992027,
          0.29545343,  0.        ],
        [-0.03608049, -0.26486423,  0.        , ...,  0.71145732,
          0.53794146,  0.26486423],
        ...,
        [-0.68563927, -0.49992027, -0.71145732, ...,  0.        ,
          0.22171863,  0.49992027],
        [-0.50717599, -0.29545343, -0.53794146, ..., -0.22171863,
          0.        ,  0.29545343],
        [-0.22989988, -0.        , -0.26486423, ..., -0.49992027,
         -0.29545343,  0.        ]],

       ...,

       [[ 0.        ,  0.18698028,  0.45771778, ...,  0.9753499 ,
          0.9906472 ,  0.99996454],
        [-0.18698028,  0.        ,  0.28340161, ...,  0.99940811,
          0.94766267,  0.98390342],
        [-0.45771778, -0.28340161,  0.        , ...,  0.968183  ,
          0.81832718,  0.89292051],
        ...,
        [-0.9753499 , -0.99940811, -0.968183  , ...,  0.        ,
         -0.35168491, -0.21244256],
        [-0.9906472 , -0.94766267, -0.81832718, ...,  0.35168491,
          0.        ,  0.1447858 ],
        [-0.99996454, -0.98390342, -0.89292051, ...,  0.21244256,
         -0.1447858 ,  0.        ]],

       [[ 0.        , -0.09346367, -0.14443235, ...,  0.97423936,
          0.88848121,  0.6129108 ],
        [ 0.09346367,  0.        , -0.05131645, ...,  0.94889722,
          0.84170036,  0.53637738],
        [ 0.14443235,  0.05131645,  0.        , ...,  0.93145228,
          0.81288331,  0.49236071],
        ...,
        [-0.97423936, -0.94889722, -0.93145228, ...,  0.        ,
          0.24672399,  0.63157583],
        [-0.88848121, -0.84170036, -0.81288331, ..., -0.24672399,
          0.        ,  0.42076256],
        [-0.6129108 , -0.53637738, -0.49236071, ..., -0.63157583,
         -0.42076256,  0.        ]],

       [[ 0.        ,  0.24729202,  0.31277435, ...,  0.99749812,
          0.98833744,  0.93513942],
        [-0.24729202,  0.        ,  0.06817514, ...,  0.98399864,
          0.99529822,  0.99370552],
        [-0.31277435, -0.06817514,  0.        , ...,  0.96956207,
          0.98637923,  0.99903077],
        ...,
        [-0.99749812, -0.98399864, -0.96956207, ...,  0.        ,
          0.08203016,  0.2872857 ],
        [-0.98833744, -0.99529822, -0.98637923, ..., -0.08203016,
          0.        ,  0.20774533],
        [-0.93513942, -0.99370552, -0.99903077, ..., -0.2872857 ,
         -0.20774533,  0.        ]]]), 'num': array([9.50369548e-01, 3.11063320e-01, 4.13790459e-06, 1.21772621e-03,
       1.22166707e-03, 1.19802190e-03, 5.13426472e-03, 7.88172303e-06,
       1.20984448e-03, 1.13910602e-03, 1.08629848e-03, 6.87124572e-07,
       1.25130575e-03, 1.02690630e-03])}
{'img': array([[[ 0.        ,  0.48412292,  0.39965263, ...,  0.39965263,
          0.39965263,  0.        ],
        [-0.48412292,  0.        , -0.09408329, ...,  0.79347539,
          0.79347539,  0.48412292],
        [-0.39965263,  0.09408329,  0.        , ...,  0.73269648,
          0.73269648,  0.39965263],
        ...,
        [-0.39965263, -0.79347539, -0.73269648, ...,  0.        ,
          0.        ,  0.39965263],
        [-0.39965263, -0.79347539, -0.73269648, ...,  0.        ,
          0.        ,  0.39965263],
        [-0.        , -0.48412292, -0.39965263, ..., -0.39965263,
         -0.39965263,  0.        ]],

       [[ 0.        ,  0.40471881,  0.19953076, ...,  0.45988729,
          0.42065503,  0.83377803],
        [-0.40471881,  0.        , -0.2141214 , ...,  0.06115877,
          0.01749502,  0.5389958 ],
        [-0.19953076,  0.2141214 ,  0.        , ...,  0.27346089,
          0.23117788,  0.70685116],
        ...,
        [-0.45988729, -0.06115877, -0.27346089, ...,  0.        ,
         -0.04368714,  0.48647228],
        [-0.42065503, -0.01749502, -0.23117788, ...,  0.04368714,
          0.        ,  0.5241771 ],
        [-0.83377803, -0.5389958 , -0.70685116, ..., -0.48647228,
         -0.5241771 ,  0.        ]],

       [[ 0.        ,  0.26089211,  0.26089211, ...,  0.44384435,
          0.34283965,  0.        ],
        [-0.26089211,  0.        ,  0.        , ...,  0.66225955,
          0.57604688,  0.26089211],
        [-0.26089211,  0.        ,  0.        , ...,  0.66225955,
          0.57604688,  0.26089211],
        ...,
        [-0.44384435, -0.66225955, -0.66225955, ...,  0.        ,
          0.10972475,  0.44384435],
        [-0.34283965, -0.57604688, -0.57604688, ..., -0.10972475,
          0.        ,  0.34283965],
        [-0.        , -0.26089211, -0.26089211, ..., -0.44384435,
         -0.34283965,  0.        ]],

       ...,

       [[ 0.        ,  0.28340161,  0.19825021, ...,  0.94766267,
          0.98390342,  0.98815192],
        [-0.28340161,  0.        , -0.08765429, ...,  0.81832718,
          0.89292051,  0.90414281],
        [-0.19825021,  0.08765429,  0.        , ...,  0.86555694,
          0.92894684,  0.9381113 ],
        ...,
        [-0.94766267, -0.81832718, -0.86555694, ...,  0.        ,
          0.1447858 ,  0.17004428],
        [-0.98390342, -0.89292051, -0.92894684, ..., -0.1447858 ,
          0.        ,  0.02557533],
        [-0.98815192, -0.90414281, -0.9381113 , ..., -0.17004428,
         -0.02557533,  0.        ]],

       [[ 0.        , -0.05046241, -0.21840886, ...,  0.89779727,
          0.78930689,  0.52875213],
        [ 0.05046241,  0.        , -0.16888648, ...,  0.87442934,
          0.75731742,  0.48524718],
        [ 0.21840886,  0.16888648,  0.        , ...,  0.77993284,
          0.63614813,  0.33060639],
        ...,
        [-0.89779727, -0.87442934, -0.77993284, ...,  0.        ,
          0.20362869,  0.52916185],
        [-0.78930689, -0.75731742, -0.63614813, ..., -0.20362869,
          0.        ,  0.34529175],
        [-0.52875213, -0.48524718, -0.33060639, ..., -0.52916185,
         -0.34529175,  0.        ]],

       [[ 0.        ,  0.19609473,  0.41338445, ...,  0.99030538,
          0.9389352 ,  0.75114961],
        [-0.19609473,  0.        ,  0.22680323, ...,  0.99831756,
          0.98818075,  0.86601441],
        [-0.41338445, -0.22680323,  0.        , ...,  0.95915124,
          0.99719675,  0.95685253],
        ...,
        [-0.99030538, -0.99831756, -0.95915124, ...,  0.        ,
          0.21033313,  0.54939204],
        [-0.9389352 , -0.98818075, -0.99719675, ..., -0.21033313,
          0.        ,  0.36135508],
        [-0.75114961, -0.86601441, -0.95685253, ..., -0.54939204,
         -0.36135508,  0.        ]]]), 'num': array([7.06962950e-01, 7.06962950e-01, 0.00000000e+00, 6.17599656e-03,
       6.17599656e-03, 6.09656252e-03, 1.11638188e-02, 3.97170197e-05,
       6.12436444e-03, 5.78577684e-03, 5.49054700e-03, 3.48734807e-06,
       6.33686749e-03, 5.23468620e-03])}
{'img': array([[[ 0.        , -0.09208763,  0.14802105, ...,  0.87645392,
          0.78186394,  0.47497368],
        [ 0.09208763,  0.        ,  0.23846531, ...,  0.82839091,
          0.72112978,  0.39191836],
        [-0.14802105, -0.23846531,  0.        , ...,  0.93806912,
          0.86553469,  0.6       ],
        ...,
        [-0.87645392, -0.82839091, -0.93806912, ...,  0.        ,
          0.16996807,  0.5425864 ],
        [-0.78186394, -0.72112978, -0.86553469, ..., -0.16996807,
          0.        ,  0.39191836],
        [-0.47497368, -0.39191836, -0.6       , ..., -0.5425864 ,
         -0.39191836,  0.        ]],

       [[ 0.        , -0.2141214 ,  0.45031011, ...,  0.01749502,
          0.5389958 , -0.22399624],
        [ 0.2141214 ,  0.        ,  0.63104914, ...,  0.23117788,
          0.70685116, -0.01012054],
        [-0.45031011, -0.63104914,  0.        , ..., -0.43462037,
          0.10195437, -0.63886775],
        ...,
        [-0.01749502, -0.23117788,  0.43462037, ...,  0.        ,
          0.5241771 , -0.24101243],
        [-0.5389958 , -0.70685116, -0.10195437, ..., -0.5241771 ,
          0.        , -0.71397385],
        [ 0.22399624,  0.01012054,  0.63886775, ...,  0.24101243,
          0.71397385,  0.        ]],

       [[ 0.        ,  0.        ,  0.28921238, ...,  0.47433972,
          0.3407031 ,  0.        ],
        [ 0.        ,  0.        ,  0.28921238, ...,  0.47433972,
          0.3407031 ,  0.        ],
        [-0.28921238, -0.28921238,  0.        , ...,  0.70867457,
          0.59805222,  0.28921238],
        ...,
        [-0.47433972, -0.47433972, -0.70867457, ...,  0.        ,
          0.14602522,  0.47433972],
        [-0.3407031 , -0.3407031 , -0.59805222, ..., -0.14602522,
          0.        ,  0.3407031 ],
        [-0.        , -0.        , -0.28921238, ..., -0.47433972,
         -0.3407031 ,  0.        ]],

       ...,

       [[ 0.        , -0.08765429,  0.02382973, ...,  0.89292051,
          0.90414281,  0.9248614 ],
        [ 0.08765429,  0.        ,  0.11136741, ...,  0.92894684,
          0.9381113 ,  0.95463688],
        [-0.02382973, -0.11136741,  0.        , ...,  0.88193846,
          0.89370528,  0.91553622],
        ...,
        [-0.89292051, -0.92894684, -0.88193846, ...,  0.        ,
          0.02557533,  0.07680435],
        [-0.90414281, -0.9381113 , -0.89370528, ..., -0.02557533,
          0.        ,  0.05127944],
        [-0.9248614 , -0.95463688, -0.91553622, ..., -0.07680435,
         -0.05127944,  0.        ]],

       [[ 0.        , -0.16603691, -0.47785761, ...,  0.84246108,
          0.75767414,  0.47785761],
        [ 0.16603691,  0.        , -0.32537171, ...,  0.74131375,
          0.63879611,  0.32537171],
        [ 0.47785761,  0.32537171,  0.        , ...,  0.48260001,
          0.35370357,  0.        ],
        ...,
        [-0.84246108, -0.74131375, -0.48260001, ...,  0.        ,
          0.14161554,  0.48260001],
        [-0.75767414, -0.63879611, -0.35370357, ..., -0.14161554,
          0.        ,  0.35370357],
        [-0.47785761, -0.32537171, -0.        , ..., -0.48260001,
         -0.35370357,  0.        ]],

       [[ 0.        ,  0.36936308,  0.51089083, ...,  0.94126657,
          0.75406449,  0.32734523],
        [-0.36936308,  0.        ,  0.15724192, ...,  0.99942582,
          0.94333876,  0.65321002],
        [-0.51089083, -0.15724192,  0.        , ...,  0.98166531,
          0.98378152,  0.76414409],
        ...,
        [-0.94126657, -0.99942582, -0.98166531, ...,  0.        ,
          0.36360352,  0.77887449],
        [-0.75406449, -0.94333876, -0.98378152, ..., -0.36360352,
          0.        ,  0.49751869],
        [-0.32734523, -0.65321002, -0.76414409, ..., -0.77887449,
         -0.49751869,  0.        ]]]), 'num': array([7.06927798e-01, 7.06927798e-01, 0.00000000e+00, 6.25511956e-03,
       6.27497708e-03, 6.17568947e-03, 1.47883735e-02, 7.94300896e-05,
       6.15186044e-03, 5.83314721e-03, 5.50715288e-03, 3.61045862e-06,
       6.37345795e-03, 5.29283646e-03])}
{'img': array([[[ 0.        ,  0.22901926,  0.22901926, ...,  0.87575156,
          0.80673291,  0.37770515],
        [-0.22901926,  0.        ,  0.        , ...,  0.96303755,
          0.92062267,  0.57972133],
        [-0.22901926,  0.        ,  0.        , ...,  0.96303755,
          0.92062267,  0.57972133],
        ...,
        [-0.87575156, -0.96303755, -0.96303755, ...,  0.        ,
          0.1280358 ,  0.62853936],
        [-0.80673291, -0.92062267, -0.92062267, ..., -0.1280358 ,
          0.        ,  0.5237828 ],
        [-0.37770515, -0.57972133, -0.57972133, ..., -0.62853936,
         -0.5237828 ,  0.        ]],

       [[ 0.        ,  0.63104914,  0.31079289, ...,  0.70685116,
         -0.01012054,  0.22086227],
        [-0.63104914,  0.        , -0.35870274, ...,  0.10195437,
         -0.63886775, -0.44413305],
        [-0.31079289,  0.35870274,  0.        , ...,  0.45200306,
         -0.32039632, -0.09319321],
        ...,
        [-0.70685116, -0.10195437, -0.45200306, ...,  0.        ,
         -0.71397385, -0.53316583],
        [ 0.01012054,  0.63886775,  0.32039632, ...,  0.71397385,
          0.        ,  0.23072157],
        [-0.22086227,  0.44413305,  0.09319321, ...,  0.53316583,
         -0.23072157,  0.        ]],

       [[ 0.        ,  0.2850716 ,  0.43503211, ...,  0.46783197,
          0.33586898,  0.        ],
        [-0.2850716 ,  0.        ,  0.16029826, ...,  0.70037111,
          0.59044394,  0.2850716 ],
        [-0.43503211, -0.16029826,  0.        , ...,  0.80573186,
          0.71218199,  0.43503211],
        ...,
        [-0.46783197, -0.70037111, -0.80573186, ...,  0.        ,
          0.14380815,  0.46783197],
        [-0.33586898, -0.59044394, -0.71218199, ..., -0.14380815,
          0.        ,  0.33586898],
        [-0.        , -0.2850716 , -0.43503211, ..., -0.46783197,
         -0.33586898,  0.        ]],

       ...,

       [[ 0.        ,  0.11008821,  0.01061263, ...,  0.92407656,
          0.9405414 ,  0.99303637],
        [-0.11008821,  0.        , -0.09953388, ...,  0.87638332,
          0.89742996,  0.99996981],
        [-0.01061263,  0.09953388,  0.        , ...,  0.91996829,
          0.93688355,  0.9942307 ],
        ...,
        [-0.92407656, -0.87638332, -0.91996829, ...,  0.        ,
          0.04559245,  0.48840969],
        [-0.9405414 , -0.89742996, -0.93688355, ..., -0.04559245,
          0.        ,  0.44811718],
        [-0.99303637, -0.99996981, -0.9942307 , ..., -0.48840969,
         -0.44811718,  0.        ]],

       [[ 0.        , -0.31952107, -0.10747527, ...,  0.75254643,
          0.65210689,  0.31952107],
        [ 0.31952107,  0.        ,  0.215829  , ...,  0.50268017,
          0.37568535,  0.        ],
        [ 0.10747527, -0.215829  ,  0.        , ...,  0.67741082,
          0.56684983,  0.215829  ],
        ...,
        [-0.75254643, -0.50268017, -0.67741082, ...,  0.        ,
          0.14108784,  0.50268017],
        [-0.65210689, -0.37568535, -0.56684983, ..., -0.14108784,
          0.        ,  0.37568535],
        [-0.31952107, -0.        , -0.215829  , ..., -0.50268017,
         -0.37568535,  0.        ]],

       [[ 0.        ,  0.35368811,  0.30330712, ...,  0.88152384,
          0.67310579,  0.        ],
        [-0.35368811,  0.        , -0.05332449, ...,  0.99153528,
          0.89116723,  0.35368811],
        [-0.30330712,  0.05332449,  0.        , ...,  0.98320104,
          0.86570733,  0.30330712],
        ...,
        [-0.88152384, -0.99153528, -0.98320104, ...,  0.        ,
          0.33412778,  0.88152384],
        [-0.67310579, -0.89116723, -0.86570733, ..., -0.33412778,
          0.        ,  0.67310579],
        [-0.        , -0.35368811, -0.30330712, ..., -0.88152384,
         -0.67310579,  0.        ]]]), 'num': array([ 7.06946452e-01,  7.06946452e-01,  0.00000000e+00,  6.21556853e-03,
        6.25528462e-03,  6.17585243e-03,  1.28375518e-02, -3.97160928e-05,
        6.17585243e-03,  5.87401013e-03,  5.52384658e-03,  3.69452026e-06,
        6.40054427e-03,  5.34747598e-03])}
{'img': array([[[ 0.        ,  0.        , -0.0670507 , ...,  0.92062267,
          0.57972133,  0.84453876],
        [ 0.        ,  0.        , -0.0670507 , ...,  0.92062267,
          0.57972133,  0.84453876],
        [ 0.0670507 ,  0.0670507 ,  0.        , ...,  0.8923707 ,
          0.5237828 ,  0.80673291],
        ...,
        [-0.92062267, -0.92062267, -0.8923707 , ...,  0.        ,
          0.5237828 ,  0.16323524],
        [-0.57972133, -0.57972133, -0.5237828 , ..., -0.5237828 ,
          0.        , -0.37770515],
        [-0.84453876, -0.84453876, -0.80673291, ..., -0.16323524,
          0.37770515,  0.        ]],

       [[ 0.        , -0.35870274, -0.43875823, ..., -0.63886775,
         -0.44413305, -0.54739563],
        [ 0.35870274,  0.        , -0.08722755, ..., -0.32039632,
         -0.09319321, -0.21077848],
        [ 0.43875823,  0.08722755,  0.        , ..., -0.23654587,
         -0.00599006, -0.1247072 ],
        ...,
        [ 0.63886775,  0.32039632,  0.23654587, ...,  0.        ,
          0.23072157,  0.11353125],
        [ 0.44413305,  0.09319321,  0.00599006, ..., -0.23072157,
          0.        , -0.11876166],
        [ 0.54739563,  0.21077848,  0.1247072 , ..., -0.11353125,
          0.11876166,  0.        ]],

       [[ 0.        ,  0.33519504,  0.41659779, ...,  0.45092472,
          0.31098988,  0.        ],
        [-0.33519504,  0.        ,  0.08777433, ...,  0.72402052,
          0.61157253,  0.33519504],
        [-0.41659779, -0.08777433,  0.        , ...,  0.78177092,
          0.67865812,  0.41659779],
        ...,
        [-0.45092472, -0.72402052, -0.78177092, ...,  0.        ,
          0.15098708,  0.45092472],
        [-0.31098988, -0.61157253, -0.67865812, ..., -0.15098708,
          0.        ,  0.31098988],
        [-0.        , -0.33519504, -0.41659779, ..., -0.45092472,
         -0.31098988,  0.        ]],

       ...,

       [[ 0.        , -0.09630854,  0.40568752, ...,  0.85097962,
          0.94500395,  0.99910298],
        [ 0.09630854,  0.        ,  0.49182884, ...,  0.89760499,
          0.9721097 ,  0.99038034],
        [-0.40568752, -0.49182884,  0.        , ...,  0.56473888,
          0.73106108,  0.93037142],
        ...,
        [-0.85097962, -0.89760499, -0.56473888, ...,  0.        ,
          0.2179944 ,  0.56076367],
        [-0.94500395, -0.9721097 , -0.73106108, ..., -0.2179944 ,
          0.        ,  0.3667832 ],
        [-0.99910298, -0.99038034, -0.93037142, ..., -0.56076367,
         -0.3667832 ,  0.        ]],

       [[ 0.        ,  0.21303573,  0.27557021, ...,  0.48119106,
          0.31838193,  0.        ],
        [-0.21303573,  0.        ,  0.06445714, ...,  0.65689552,
          0.51302318,  0.21303573],
        [-0.27557021, -0.06445714,  0.        , ...,  0.70412898,
          0.56728472,  0.27557021],
        ...,
        [-0.48119106, -0.65689552, -0.70412898, ...,  0.        ,
          0.17705248,  0.48119106],
        [-0.31838193, -0.51302318, -0.56728472, ..., -0.17705248,
          0.        ,  0.31838193],
        [-0.        , -0.21303573, -0.27557021, ..., -0.48119106,
         -0.31838193,  0.        ]],

       [[ 0.        , -0.061275  , -0.10377338, ...,  0.95861005,
          0.82160672,  0.28652732],
        [ 0.061275  ,  0.        , -0.04263421, ...,  0.93936239,
          0.78513275,  0.22728304],
        [ 0.10377338,  0.04263421,  0.        , ...,  0.92388789,
          0.75801433,  0.18555797],
        ...,
        [-0.95861005, -0.93936239, -0.92388789, ...,  0.        ,
          0.31253046,  0.8368368 ],
        [-0.82160672, -0.78513275, -0.75801433, ..., -0.31253046,
          0.        ,  0.6238222 ],
        [-0.28652732, -0.22728304, -0.18555797, ..., -0.8368368 ,
         -0.6238222 ,  0.        ]]]), 'num': array([7.13181838e-01, 7.00641025e-01, 8.01329889e-08, 6.27040638e-03,
       6.37057261e-03, 6.23033988e-03, 1.33291611e-02, 0.00000000e+00,
       6.25437978e-03, 5.95888938e-03, 5.58827431e-03, 3.67276199e-06,
       6.48944527e-03, 5.42833350e-03])}
{'img': array([[[ 0.        , -0.0670507 ,  0.11796206, ...,  0.57972133,
          0.84453876,  0.84453876],
        [ 0.0670507 ,  0.        ,  0.18427915, ...,  0.5237828 ,
          0.80673291,  0.80673291],
        [-0.11796206, -0.18427915,  0.        , ...,  0.67179101,
          0.9018103 ,  0.9018103 ],
        ...,
        [-0.57972133, -0.5237828 , -0.67179101, ...,  0.        ,
         -0.37770515, -0.37770515],
        [-0.84453876, -0.80673291, -0.9018103 , ...,  0.37770515,
          0.        ,  0.        ],
        [-0.84453876, -0.80673291, -0.9018103 , ...,  0.37770515,
          0.        ,  0.        ]],

       [[ 0.        , -0.08722755,  0.17704916, ..., -0.09319321,
         -0.21077848, -0.18742737],
        [ 0.08722755,  0.        ,  0.26222385, ..., -0.00599006,
         -0.1247072 , -0.10103123],
        [-0.17704916, -0.26222385,  0.        , ..., -0.26799959,
         -0.38052015, -0.35837797],
        ...,
        [ 0.09319321,  0.00599006,  0.26799959, ...,  0.        ,
         -0.11876166, -0.09507001],
        [ 0.21077848,  0.1247072 ,  0.38052015, ...,  0.11876166,
          0.        ,  0.02382657],
        [ 0.18742737,  0.10103123,  0.35837797, ...,  0.09507001,
         -0.02382657,  0.        ]],

       [[ 0.        ,  0.25551542,  0.35829101, ...,  0.43503211,
          0.31161798,  0.        ],
        [-0.25551542,  0.        ,  0.10784578, ...,  0.65066112,
          0.54406648,  0.25551542],
        [-0.35829101, -0.10784578,  0.        , ...,  0.72876089,
          0.63138044,  0.35829101],
        ...,
        [-0.43503211, -0.65066112, -0.72876089, ...,  0.        ,
          0.13278528,  0.43503211],
        [-0.31161798, -0.54406648, -0.63138044, ..., -0.13278528,
          0.        ,  0.31161798],
        [-0.        , -0.25551542, -0.35829101, ..., -0.43503211,
         -0.31161798,  0.        ]],

       ...,

       [[ 0.        ,  0.49182884,  0.597488  , ...,  0.9721097 ,
          0.99038034,  0.98700746],
        [-0.49182884,  0.        ,  0.1258413 , ...,  0.73106108,
          0.93037142,  0.78035509],
        [-0.597488  , -0.1258413 ,  0.        , ...,  0.63938639,
          0.8768396 ,  0.69545839],
        ...,
        [-0.9721097 , -0.73106108, -0.63938639, ...,  0.        ,
          0.3667832 ,  0.07528637],
        [-0.99038034, -0.93037142, -0.8768396 , ..., -0.3667832 ,
          0.        , -0.29570286],
        [-0.98700746, -0.78035509, -0.69545839, ..., -0.07528637,
          0.29570286,  0.        ]],

       [[ 0.        ,  0.17516272,  0.3448095 , ...,  0.45982373,
          0.34378721,  0.        ],
        [-0.17516272,  0.        ,  0.17505811, ...,  0.60826091,
          0.50295821,  0.17516272],
        [-0.3448095 , -0.17505811,  0.        , ...,  0.73781834,
          0.64649619,  0.3448095 ],
        ...,
        [-0.45982373, -0.60826091, -0.73781834, ...,  0.        ,
          0.12650981,  0.45982373],
        [-0.34378721, -0.50295821, -0.64649619, ..., -0.12650981,
          0.        ,  0.34378721],
        [-0.        , -0.17516272, -0.3448095 , ..., -0.45982373,
         -0.34378721,  0.        ]],

       [[ 0.        , -0.04126251, -0.22013314, ...,  0.8717381 ,
          0.66549861,  0.22013314],
        [ 0.04126251,  0.        , -0.17969533, ...,  0.85077819,
          0.63413353,  0.17969533],
        [ 0.22013314,  0.17969533,  0.        , ...,  0.74249511,
          0.48486664,  0.        ],
        ...,
        [-0.8717381 , -0.85077819, -0.74249511, ...,  0.        ,
          0.32458875,  0.74249511],
        [-0.66549861, -0.63413353, -0.48486664, ..., -0.32458875,
          0.        ,  0.48486664],
        [-0.22013314, -0.17969533, -0.        , ..., -0.74249511,
         -0.48486664,  0.        ]]]), 'num': array([ 7.15982170e-01,  6.97390910e-01,  1.20722466e-07,  6.19708659e-03,
        6.31780906e-03,  6.07636413e-03,  2.68347531e-02, -1.00602055e-04,
        6.27756824e-03,  6.01399085e-03,  5.62667294e-03,  3.04854712e-06,
        6.52584082e-03,  5.50214088e-03])}
{'img': array([[[ 0.        ,  0.18427915,  0.1280358 , ...,  0.80673291,
          0.80673291,  0.96025367],
        [-0.18427915,  0.        , -0.0569194 , ...,  0.9018103 ,
          0.9018103 ,  0.99524593],
        [-0.1280358 ,  0.0569194 ,  0.        , ...,  0.87575156,
          0.87575156,  0.98808883],
        ...,
        [-0.80673291, -0.9018103 , -0.87575156, ...,  0.        ,
          0.        , -0.34224712],
        [-0.80673291, -0.9018103 , -0.87575156, ...,  0.        ,
          0.        , -0.34224712],
        [-0.96025367, -0.99524593, -0.98808883, ...,  0.34224712,
          0.34224712,  0.        ]],

       [[ 0.        ,  0.26222385, -0.31059013, ..., -0.1247072 ,
         -0.10103123,  0.5524097 ],
        [-0.26222385,  0.        , -0.54897696, ..., -0.38052015,
         -0.35837797,  0.31449661],
        [ 0.31059013,  0.54897696,  0.        , ...,  0.18962586,
          0.2129663 ,  0.78398915],
        ...,
        [ 0.1247072 ,  0.38052015, -0.18962586, ...,  0.        ,
          0.02382657,  0.65204988],
        [ 0.10103123,  0.35837797, -0.2129663 , ..., -0.02382657,
          0.        ,  0.63380004],
        [-0.5524097 , -0.31449661, -0.78398915, ..., -0.65204988,
         -0.63380004,  0.        ]],

       [[ 0.        ,  0.25762595,  0.36119721, ...,  0.31416895,
          0.        ,  0.12963959],
        [-0.25762595,  0.        ,  0.10877142, ...,  0.54814569,
          0.25762595,  0.38071546],
        [-0.36119721, -0.10877142,  0.        , ...,  0.63586798,
          0.36119721,  0.47903668],
        ...,
        [-0.31416895, -0.54814569, -0.63586798, ...,  0.        ,
          0.31416895,  0.18844218],
        [-0.        , -0.25762595, -0.36119721, ..., -0.31416895,
          0.        , -0.12963959],
        [-0.12963959, -0.38071546, -0.47903668, ..., -0.18844218,
          0.12963959,  0.        ]],

       ...,

       [[ 0.        ,  0.1258413 ,  0.        , ...,  0.93037142,
          0.78035509,  0.06999   ],
        [-0.1258413 ,  0.        , -0.1258413 , ...,  0.8768396 ,
          0.69545839, -0.0560991 ],
        [ 0.        ,  0.1258413 ,  0.        , ...,  0.93037142,
          0.78035509,  0.06999   ],
        ...,
        [-0.93037142, -0.8768396 , -0.93037142, ...,  0.        ,
         -0.29570286, -0.90243025],
        [-0.78035509, -0.69545839, -0.78035509, ...,  0.29570286,
          0.        , -0.73467411],
        [-0.06999   ,  0.0560991 , -0.06999   , ...,  0.90243025,
          0.73467411,  0.        ]],

       [[ 0.        ,  0.29939637,  0.39346718, ...,  0.38294761,
          0.17409829,  0.        ],
        [-0.29939637,  0.        ,  0.10017171, ...,  0.64195476,
          0.46093627,  0.29939637],
        [-0.39346718, -0.10017171,  0.        , ...,  0.71553175,
          0.54751355,  0.39346718],
        ...,
        [-0.38294761, -0.64195476, -0.71553175, ...,  0.        ,
          0.21627256,  0.38294761],
        [-0.17409829, -0.46093627, -0.54751355, ..., -0.21627256,
          0.        ,  0.17409829],
        [-0.        , -0.29939637, -0.39346718, ..., -0.38294761,
         -0.17409829,  0.        ]],

       [[ 0.        , -0.17193727,  0.10833587, ...,  0.81163174,
          0.69248027,  0.17193727],
        [ 0.17193727,  0.        ,  0.27764783, ...,  0.69910434,
          0.55812591,  0.        ],
        [-0.10833587, -0.27764783,  0.        , ...,  0.87014126,
          0.76656206,  0.27764783],
        ...,
        [-0.81163174, -0.69910434, -0.87014126, ...,  0.        ,
          0.18101521,  0.69910434],
        [-0.69248027, -0.55812591, -0.76656206, ..., -0.18101521,
          0.        ,  0.55812591],
        [-0.17193727, -0.        , -0.27764783, ..., -0.69910434,
         -0.55812591,  0.        ]]]), 'num': array([ 7.13045175e-01,  7.00780443e-01,  8.01616504e-08,  6.13236626e-03,
        6.23256832e-03,  6.09228543e-03,  1.34285995e-02, -4.00808252e-05,
        6.23256832e-03,  6.01613186e-03,  5.61799567e-03,  2.79351206e-06,
        6.49836932e-03,  5.53389441e-03])}
{'img': array([[[ 0.        , -0.0569194 , -0.11796206, ...,  0.9018103 ,
          0.99524593,  0.99997622],
        [ 0.0569194 ,  0.        , -0.06124882, ...,  0.87575156,
          0.98808883,  0.99874757],
        [ 0.11796206,  0.06124882,  0.        , ...,  0.84453876,
          0.97680847,  0.99380799],
        ...,
        [-0.9018103 , -0.87575156, -0.84453876, ...,  0.        ,
         -0.34224712, -0.438341  ],
        [-0.99524593, -0.98808883, -0.97680847, ...,  0.34224712,
          0.        , -0.10425488],
        [-0.99997622, -0.99874757, -0.99380799, ...,  0.438341  ,
          0.10425488,  0.        ]],

       [[ 0.        , -0.54897696, -0.31395928, ..., -0.35837797,
          0.31449661, -0.35288082],
        [ 0.54897696,  0.        ,  0.2587998 , ...,  0.2129663 ,
          0.78398915,  0.21870931],
        [ 0.31395928, -0.2587998 ,  0.        , ..., -0.04715207,
          0.5966231 , -0.04127617],
        ...,
        [ 0.35837797, -0.2129663 ,  0.04715207, ...,  0.        ,
          0.63380004,  0.00588162],
        [-0.31449661, -0.78398915, -0.5966231 , ..., -0.63380004,
          0.        , -0.62923966],
        [ 0.35288082, -0.21870931,  0.04127617, ..., -0.00588162,
          0.62923966,  0.        ]],

       [[ 0.        ,  0.11990987,  0.11990987, ...,  0.224056  ,
          0.34876715,  0.51947605],
        [-0.11990987,  0.        ,  0.        , ...,  0.3393007 ,
          0.45863137,  0.6181891 ],
        [-0.11990987,  0.        ,  0.        , ...,  0.3393007 ,
          0.45863137,  0.6181891 ],
        ...,
        [-0.224056  , -0.3393007 , -0.3393007 , ...,  0.        ,
         -0.12991279, -0.31481654],
        [-0.34876715, -0.45863137, -0.45863137, ...,  0.12991279,
          0.        , -0.18884154],
        [-0.51947605, -0.6181891 , -0.6181891 , ...,  0.31481654,
          0.18884154,  0.        ]],

       ...,

       [[ 0.        , -0.1258413 , -0.36162929, ...,  0.69545839,
         -0.0560991 , -0.26518234],
        [ 0.1258413 ,  0.        , -0.24142986, ...,  0.78035509,
          0.06999   , -0.14173827],
        [ 0.36162929,  0.24142986,  0.        , ...,  0.90824578,
          0.30875737,  0.10144702],
        ...,
        [-0.69545839, -0.78035509, -0.90824578, ...,  0.        ,
         -0.73467411, -0.8611109 ],
        [ 0.0560991 , -0.06999   , -0.30875737, ...,  0.73467411,
          0.        , -0.21067407],
        [ 0.26518234,  0.14173827, -0.10144702, ...,  0.8611109 ,
          0.21067407,  0.        ]],

       [[ 0.        ,  0.26447268,  0.34909679, ...,  0.17611392,
          0.        ,  0.07652583],
        [-0.26447268,  0.        ,  0.08883274, ...,  0.43018198,
          0.26447268,  0.33749813],
        [-0.34909679, -0.08883274,  0.        , ...,  0.50867434,
          0.34909679,  0.41978443],
        ...,
        [-0.17611392, -0.43018198, -0.50867434, ...,  0.        ,
          0.17611392,  0.10026777],
        [-0.        , -0.26447268, -0.34909679, ..., -0.17611392,
          0.        , -0.07652583],
        [-0.07652583, -0.33749813, -0.41978443, ..., -0.10026777,
          0.07652583,  0.        ]],

       [[ 0.        ,  0.26600028,  0.35925828, ...,  0.73631077,
          0.55381256,  0.        ],
        [-0.26600028,  0.        ,  0.09807364, ...,  0.88977103,
          0.75534317,  0.26600028],
        [-0.35925828, -0.09807364,  0.        , ...,  0.9302431 ,
          0.81597233,  0.35925828],
        ...,
        [-0.73631077, -0.88977103, -0.9302431 , ...,  0.        ,
          0.23834913,  0.73631077],
        [-0.55381256, -0.75534317, -0.81597233, ..., -0.23834913,
          0.        ,  0.55381256],
        [-0.        , -0.26600028, -0.35925828, ..., -0.73631077,
         -0.55381256,  0.        ]]]), 'num': array([7.71271480e-01, 6.36103060e-01, 8.63695975e-07, 6.75842100e-03,
       6.75842100e-03, 6.62886661e-03, 1.29670995e-02, 1.51146796e-04,
       6.70659924e-03, 6.51766575e-03, 6.06926359e-03, 3.11890213e-06,
       7.00972143e-03, 6.02561007e-03])}
{'img': array([[[ 0.        , -0.06124882,  0.11030063, ...,  0.98808883,
          0.99874757,  0.87575156],
        [ 0.06124882,  0.        ,  0.17096863, ...,  0.97680847,
          0.99380799,  0.84453876],
        [-0.11030063, -0.17096863,  0.        , ...,  0.99903334,
          0.99817215,  0.92365692],
        ...,
        [-0.98808883, -0.97680847, -0.99903334, ...,  0.        ,
         -0.10425488,  0.34224712],
        [-0.99874757, -0.99380799, -0.99817215, ...,  0.10425488,
          0.        ,  0.438341  ],
        [-0.87575156, -0.84453876, -0.92365692, ..., -0.34224712,
         -0.438341  ,  0.        ]],

       [[ 0.        ,  0.2587998 ,  0.36876488, ...,  0.78398915,
          0.21870931,  0.1301052 ],
        [-0.2587998 ,  0.        ,  0.11564114, ...,  0.5966231 ,
         -0.04127617, -0.1309274 ],
        [-0.36876488, -0.11564114,  0.        , ...,  0.49981588,
         -0.15654184, -0.24469471],
        ...,
        [-0.78398915, -0.5966231 , -0.49981588, ...,  0.        ,
         -0.62923966, -0.6965594 ],
        [-0.21870931,  0.04127617,  0.15654184, ...,  0.62923966,
          0.        , -0.08989496],
        [-0.1301052 ,  0.1309274 ,  0.24469471, ...,  0.6965594 ,
          0.08989496,  0.        ]],

       [[ 0.        ,  0.        ,  0.06843089, ...,  0.45863137,
          0.6181891 ,  0.65676141],
        [ 0.        ,  0.        ,  0.06843089, ...,  0.45863137,
          0.6181891 ,  0.65676141],
        [-0.06843089, -0.06843089,  0.        , ...,  0.51836578,
          0.67052867,  0.70682549],
        ...,
        [-0.45863137, -0.45863137, -0.51836578, ...,  0.        ,
         -0.18884154, -0.23776246],
        [-0.6181891 , -0.6181891 , -0.67052867, ...,  0.18884154,
          0.        , -0.05005835],
        [-0.65676141, -0.65676141, -0.70682549, ...,  0.23776246,
          0.05005835,  0.        ]],

       ...,

       [[ 0.        , -0.24142986, -0.48805423, ...,  0.06999   ,
         -0.14173827, -0.05563125],
        [ 0.24142986,  0.        , -0.26289355, ...,  0.30875737,
          0.10144702,  0.1870704 ],
        [ 0.48805423,  0.26289355,  0.        , ...,  0.54794557,
          0.35941587,  0.43874273],
        ...,
        [-0.06999   , -0.30875737, -0.54794557, ...,  0.        ,
         -0.21067407, -0.12537643],
        [ 0.14173827, -0.10144702, -0.35941587, ...,  0.21067407,
          0.        ,  0.08644917],
        [ 0.05563125, -0.1870704 , -0.43874273, ...,  0.12537643,
         -0.08644917,  0.        ]],

       [[ 0.        ,  0.23348383,  0.35989501, ...,  0.15229479,
          0.17044626,  0.        ],
        [-0.23348383,  0.        ,  0.13210903, ...,  0.37884573,
          0.3958025 ,  0.23348383],
        [-0.35989501, -0.13210903,  0.        , ...,  0.49778682,
          0.5136538 ,  0.35989501],
        ...,
        [-0.15229479, -0.37884573, -0.49778682, ...,  0.        ,
         -0.01839177,  0.15229479],
        [-0.17044626, -0.3958025 , -0.5136538 , ...,  0.01839177,
          0.        ,  0.17044626],
        [-0.        , -0.23348383, -0.35989501, ..., -0.15229479,
         -0.17044626,  0.        ]],

       [[ 0.        ,  0.2375795 ,  0.34946588, ...,  0.73901414,
          0.55836134,  0.        ],
        [-0.2375795 ,  0.        ,  0.11686011, ...,  0.87790967,
          0.73946983,  0.2375795 ],
        [-0.34946588, -0.11686011,  0.        , ...,  0.92785026,
          0.81307229,  0.34946588],
        ...,
        [-0.73901414, -0.87790967, -0.92785026, ...,  0.        ,
          0.23692215,  0.73901414],
        [-0.55836134, -0.73946983, -0.81307229, ..., -0.23692215,
          0.        ,  0.55836134],
        [-0.        , -0.2375795 , -0.34946588, ..., -0.73901414,
         -0.55836134,  0.        ]]]), 'num': array([7.68264640e-01, 6.39672899e-01, 8.16455496e-07, 6.76798634e-03,
       6.81095769e-03, 6.72501500e-03, 1.55298859e-02, 4.29713419e-05,
       6.68204366e-03, 6.52412398e-03, 6.05645254e-03, 2.99497231e-06,
       6.97302027e-03, 6.07522769e-03])}
{'img': array([[[ 0.        ,  0.17096863,  0.39612453, ...,  0.99380799,
          0.84453876,  0.57972133],
        [-0.17096863,  0.        ,  0.23330932, ...,  0.99817215,
          0.92365692,  0.71049356],
        [-0.39612453, -0.23330932,  0.        , ...,  0.95652515,
          0.98757526,  0.8550664 ],
        ...,
        [-0.99380799, -0.99817215, -0.95652515, ...,  0.        ,
          0.438341  ,  0.74535599],
        [-0.84453876, -0.92365692, -0.98757526, ..., -0.438341  ,
          0.        ,  0.37770515],
        [-0.57972133, -0.71049356, -0.8550664 , ..., -0.74535599,
         -0.37770515,  0.        ]],

       [[ 0.        ,  0.11564114,  0.45068012, ..., -0.04127617,
         -0.1309274 ,  0.02245444],
