state_0,state_1,state_2,state_3,state_4,state_5,state_6,state_7,state_8,state_9,state_10,state_11,state_12,state_13,state_14,state_15,state_16,state_17,state_18,state_19,state_20,state_21,state_22,state_23,state_24,state_25,state_26,state_27,state_28,state_29,state_30,state_31,state_32,state_33,state_34,state_35,state_36,state_37,state_38,state_39,state_40,state_41,state_42,state_43,state_44,state_45,state_46,state_47,state_48,state_49,state_50,state_51,state_52,state_53,state_54,state_55,state_56,state_57,state_58,state_59,state_60,state_61,state_62,state_63,state_64,state_65,state_66,state_67,state_68,state_69,state_70,state_71,state_72,state_73,state_74,state_75,state_76,state_77,state_78,state_79,state_80,state_81,state_82,state_83,state_84,state_85,state_86,state_87,state_88,state_89,state_90,state_91,state_92,state_93,state_94,state_95,state_96,state_97,state_98,state_99,state_100,state_101,state_102,state_103,state_104,state_105,state_106,state_107,state_108,state_109,state_110,state_111,state_112,state_113,state_114,state_115,state_116,state_117,state_118,state_119,state_120,state_121,state_122,state_123,state_124,state_125,state_126,state_127,state_128,state_129,state_130,state_131,state_132,state_133,state_134,state_135,state_136,state_137,state_138,state_139,state_140,state_141,state_142,state_143,state_144,state_145,state_146,state_147,state_148,state_149,state_150,state_151,state_152,state_153,state_154,state_155,state_156,state_157,state_158,state_159,state_160,state_161,state_162,state_163,state_164,state_165,state_166,state_167,state_168,state_169,state_170,state_171,state_172,state_173,state_174,state_175,state_176,state_177,state_178,state_179,state_180,state_181,state_182,state_183,state_184,state_185,state_186,state_187,state_188,state_189,state_190,state_191,state_192,state_193,state_194,state_195,state_196,state_197,state_198,state_199,state_200,state_201,state_202,state_203,state_204,state_205,state_206,state_207,state_208,state_209,state_210,state_211,state_212,state_213,state_214,state_215,state_216,state_217,state_218,state_219,state_220,state_221,state_222,state_223,state_224,state_225,state_226,state_227,state_228,state_229,state_230,state_231,state_232,state_233,state_234,state_235,state_236,state_237,state_238,state_239,state_240,state_241,state_242,state_243,state_244,state_245,state_246,state_247,state_248,state_249,state_250,state_251,state_252,state_253,state_254,state_255,state_256,state_257,state_258,state_259,state_260,state_261,state_262,state_263,state_264,state_265,state_266,state_267,state_268,state_269,state_270,state_271,state_272,state_273,state_274,state_275,state_276,state_277,state_278,state_279,state_280,state_281,state_282,state_283,state_284,state_285,state_286,state_287
{'img': array([[[ 0.        , -0.97383115, -0.75879526, ..., -0.09235458,
          0.19100055,  0.24021335],
        [ 0.97383115,  0.        ,  0.80673815, ...,  0.99065885,
          0.91249363,  0.89072354],
        [ 0.75879526, -0.80673815,  0.        , ...,  0.69539907,
          0.86923003,  0.8930358 ],
        ...,
        [ 0.09235458, -0.99065885, -0.69539907, ...,  0.        ,
          0.28083858,  0.32883718],
        [-0.19100055, -0.91249363, -0.86923003, ..., -0.28083858,
          0.        ,  0.05038293],
        [-0.24021335, -0.89072354, -0.8930358 , ..., -0.32883718,
         -0.05038293,  0.        ]],

       [[ 0.        ,  0.99998407,  0.36502461, ..., -0.15227311,
          0.99780628,  0.18865616],
        [-0.99998407,  0.        , -0.9289228 , ..., -0.98918216,
         -0.0605686 , -0.98096276],
        [-0.36502461,  0.9289228 ,  0.        , ..., -0.5025338 ,
          0.90479039, -0.18283145],
        ...,
        [ 0.15227311,  0.98918216,  0.5025338 , ...,  0.        ,
          0.99625101,  0.33599492],
        [-0.99780628,  0.0605686 , -0.90479039, ..., -0.99625101,
          0.        , -0.96739958],
        [-0.18865616,  0.98096276,  0.18283145, ..., -0.33599492,
          0.96739958,  0.        ]],

       [[ 0.        , -0.91701882, -0.99516019, ..., -0.95555969,
         -0.94811785, -0.92196079],
        [ 0.91701882,  0.        , -0.48702528, ..., -0.11078415,
         -0.08661328, -0.01257245],
        [ 0.99516019,  0.48702528,  0.        , ...,  0.38726985,
          0.40954806,  0.47600616],
        ...,
        [ 0.95555969,  0.11078415, -0.38726985, ...,  0.        ,
          0.0242877 ,  0.09828034],
        [ 0.94811785,  0.08661328, -0.40954806, ..., -0.0242877 ,
          0.        ,  0.07408123],
        [ 0.92196079,  0.01257245, -0.47600616, ..., -0.09828034,
         -0.07408123,  0.        ]],

       ...,

       [[ 0.        , -0.52792994, -0.59997185, ...,  0.28552555,
          0.4661545 ,  0.71218631],
        [ 0.52792994,  0.        , -0.08719375, ...,  0.7484462 ,
          0.86296077,  0.97545304],
        [ 0.59997185,  0.08719375,  0.        , ...,  0.80342215,
          0.90373054,  0.99093862],
        ...,
        [-0.28552555, -0.7484462 , -0.80342215, ...,  0.        ,
          0.1941436 ,  0.48210256],
        [-0.4661545 , -0.86296077, -0.90373054, ..., -0.1941436 ,
          0.        ,  0.30283757],
        [-0.71218631, -0.97545304, -0.99093862, ..., -0.48210256,
         -0.30283757,  0.        ]],

       [[ 0.        ,  0.39797876,  0.6137286 , ..., -0.98412839,
         -0.99094217, -0.99485046],
        [-0.39797876,  0.        ,  0.24882029, ..., -0.97345858,
         -0.96252932, -0.95300708],
        [-0.6137286 , -0.24882029,  0.        , ..., -0.88589716,
         -0.86478295, -0.84765508],
        ...,
        [ 0.98412839,  0.97345858,  0.88589716, ...,  0.        ,
         -0.04369259, -0.07679904],
        [ 0.99094217,  0.96252932,  0.86478295, ...,  0.04369259,
          0.        , -0.03316214],
        [ 0.99485046,  0.95300708,  0.84765508, ...,  0.07679904,
          0.03316214,  0.        ]],

       [[ 0.        , -0.92961064, -0.99999815, ..., -0.74360191,
         -0.74853459, -0.75172654],
        [ 0.92961064,  0.        , -0.36675447, ...,  0.34750929,
          0.34055355,  0.33601125],
        [ 0.99999815,  0.36675447,  0.        , ...,  0.66719113,
          0.66165478,  0.65802786],
        ...,
        [ 0.74360191, -0.34750929, -0.66719113, ...,  0.        ,
         -0.00740789, -0.01223453],
        [ 0.74853459, -0.34055355, -0.66165478, ...,  0.00740789,
          0.        , -0.00482686],
        [ 0.75172654, -0.33601125, -0.65802786, ...,  0.01223453,
          0.00482686,  0.        ]]]), 'num': array([ 7.77745709e-01,  6.28548046e-01,  2.48249023e-06,  2.07218976e-03,
        2.10322089e-03,  2.07218976e-03,  1.97999284e-03, -3.10311279e-05,
        2.09287718e-03,  2.10649640e-03,  2.08264840e-03,  1.44589485e-06,
        2.14504359e-03,  2.06794921e-03])}
{'img': array([[[ 0.        ,  0.80673815,  0.83814041, ...,  0.91249363,
          0.89072354,  0.99896641],
        [-0.80673815,  0.        ,  0.05522579, ...,  0.86923003,
          0.8930358 ,  0.62696825],
        [-0.83814041, -0.05522579,  0.        , ...,  0.84059942,
          0.86682212,  0.58298806],
        ...,
        [-0.91249363, -0.86923003, -0.84059942, ...,  0.        ,
          0.05038293, -0.36719109],
        [-0.89072354, -0.8930358 , -0.86682212, ..., -0.05038293,
          0.        , -0.41358821],
        [-0.99896641, -0.62696825, -0.58298806, ...,  0.36719109,
          0.41358821,  0.        ]],

       [[ 0.        , -0.9289228 , -0.92957706, ..., -0.0605686 ,
         -0.98096276, -0.95658464],
        [ 0.9289228 ,  0.        , -0.68662452, ...,  0.90479039,
         -0.18283145, -0.08345902],
        [ 0.92957706,  0.68662452,  0.        , ...,  0.95019767,
          0.54213027,  0.6235533 ],
        ...,
        [ 0.0605686 , -0.90479039, -0.95019767, ...,  0.        ,
         -0.96739958, -0.93717539],
        [ 0.98096276,  0.18283145, -0.54213027, ...,  0.96739958,
          0.        ,  0.10014133],
        [ 0.95658464,  0.08345902, -0.6235533 , ...,  0.93717539,
         -0.10014133,  0.        ]],

       [[ 0.        , -0.50347711, -0.81483609, ..., -0.09079658,
         -0.01321759, -0.14096573],
        [ 0.50347711,  0.        , -0.412164  , ...,  0.42294845,
          0.49201301,  0.37665403],
        [ 0.81483609,  0.412164  ,  0.        , ...,  0.75883638,
          0.80710278,  0.7249829 ],
        ...,
        [ 0.09079658, -0.42294845, -0.75883638, ...,  0.        ,
          0.07762565, -0.05049353],
        [ 0.01321759, -0.49201301, -0.80710278, ..., -0.07762565,
          0.        , -0.1278678 ],
        [ 0.14096573, -0.37665403, -0.7249829 , ...,  0.05049353,
          0.1278678 ,  0.        ]],

       ...,

       [[ 0.        , -0.08719375, -0.54191995, ...,  0.86296077,
          0.97545304,  0.67131447],
        [ 0.08719375,  0.        , -0.46657573, ...,  0.90373054,
          0.99093862,  0.7333833 ],
        [ 0.54191995,  0.46657573,  0.        , ...,  0.99907461,
          0.93913498,  0.96584913],
        ...,
        [-0.86296077, -0.90373054, -0.99907461, ...,  0.        ,
          0.30283757, -0.30040722],
        [-0.97545304, -0.99093862, -0.93913498, ..., -0.30283757,
          0.        , -0.57515057],
        [-0.67131447, -0.7333833 , -0.96584913, ...,  0.30040722,
          0.57515057,  0.        ]],

       [[ 0.        ,  0.24882029,  0.40480067, ..., -0.96252932,
         -0.95300708, -0.95520754],
        [-0.24882029,  0.        ,  0.16454705, ..., -0.86478295,
         -0.84765508, -0.85153088],
        [-0.40480067, -0.16454705,  0.        , ..., -0.77036869,
         -0.74880083, -0.75365112],
        ...,
        [ 0.96252932,  0.86478295,  0.77036869, ...,  0.        ,
         -0.03316214, -0.02581686],
        [ 0.95300708,  0.84765508,  0.74880083, ...,  0.03316214,
          0.        ,  0.00734843],
        [ 0.95520754,  0.85153088,  0.75365112, ...,  0.02581686,
         -0.00734843,  0.        ]],

       [[ 0.        , -0.44344531, -0.71945752, ...,  0.51610361,
          0.50731214,  0.34163592],
        [ 0.44344531,  0.        , -0.33686187, ...,  0.84240692,
          0.83684908,  0.72297303],
        [ 0.71945752,  0.33686187,  0.        , ...,  0.97468696,
          0.97234819,  0.91344807],
        ...,
        [-0.51610361, -0.84240692, -0.97468696, ...,  0.        ,
         -0.01023256, -0.19243078],
        [-0.50731214, -0.83684908, -0.97234819, ...,  0.01023256,
          0.        , -0.18237939],
        [-0.34163592, -0.72297303, -0.91344807, ...,  0.19243078,
          0.18237939,  0.        ]]]), 'num': array([7.07105723e-01, 7.07105723e-01, 0.00000000e+00, 5.71965733e-04,
       5.76724183e-04, 5.62448832e-04, 5.84413839e-04, 0.00000000e+00,
       5.75582155e-04, 5.80864035e-04, 5.75217341e-04, 3.60985889e-07,
       5.92225078e-04, 5.69502992e-04])}
{'img': array([[[ 0.00000000e+00,  6.21581158e-02, -6.58276627e-02, ...,
          9.21776884e-01,  6.66666667e-01,  6.66666667e-01],
        [-6.21581158e-02,  0.00000000e+00, -1.27723668e-01, ...,
          8.95894467e-01,  6.19047619e-01,  6.19047619e-01],
        [ 6.58276627e-02,  1.27723668e-01,  0.00000000e+00, ...,
          9.45300307e-01,  7.14285714e-01,  7.14285714e-01],
        ...,
        [-9.21776884e-01, -8.95894467e-01, -9.45300307e-01, ...,
          0.00000000e+00, -4.28571429e-01, -4.28571429e-01],
        [-6.66666667e-01, -6.19047619e-01, -7.14285714e-01, ...,
          4.28571429e-01,  0.00000000e+00,  0.00000000e+00],
        [-6.66666667e-01, -6.19047619e-01, -7.14285714e-01, ...,
          4.28571429e-01,  0.00000000e+00,  0.00000000e+00]],

       [[ 0.00000000e+00, -6.86624519e-01, -6.10700656e-01, ...,
         -1.82831448e-01, -8.34590245e-02, -1.85814948e-02],
        [ 6.86624519e-01,  0.00000000e+00,  9.97247126e-02, ...,
          5.42130266e-01,  6.23553299e-01,  6.72996999e-01],
        [ 6.10700656e-01, -9.97247126e-02,  0.00000000e+00, ...,
          4.55629659e-01,  5.42482057e-01,  5.95881247e-01],
        ...,
        [ 1.82831448e-01, -5.42130266e-01, -4.55629659e-01, ...,
          0.00000000e+00,  1.00141325e-01,  1.64531592e-01],
        [ 8.34590245e-02, -6.23553299e-01, -5.42482057e-01, ...,
         -1.00141325e-01,  0.00000000e+00,  6.49279473e-02],
        [ 1.85814948e-02, -6.72996999e-01, -5.95881247e-01, ...,
         -1.64531592e-01, -6.49279473e-02,  0.00000000e+00]],

       [[ 0.00000000e+00, -4.12163997e-01, -7.26588827e-01, ...,
          4.92013015e-01,  3.76654033e-01,  2.48395803e-01],
        [ 4.12163997e-01,  0.00000000e+00, -3.78815545e-01, ...,
          8.07102783e-01,  7.24982903e-01,  6.25562029e-01],
        [ 7.26588827e-01,  3.78815545e-01,  0.00000000e+00, ...,
          9.70608032e-01,  9.31867112e-01,  8.74482467e-01],
        ...,
        [-4.92013015e-01, -8.07102783e-01, -9.70608032e-01, ...,
          0.00000000e+00, -1.27867803e-01, -2.60342282e-01],
        [-3.76654033e-01, -7.24982903e-01, -9.31867112e-01, ...,
          1.27867803e-01,  0.00000000e+00, -1.34746730e-01],
        [-2.48395803e-01, -6.25562029e-01, -8.74482467e-01, ...,
          2.60342282e-01,  1.34746730e-01,  0.00000000e+00]],

       ...,

       [[ 0.00000000e+00, -4.66575727e-01, -2.55884181e-01, ...,
          9.90938622e-01,  7.33383304e-01,  5.85516271e-01],
        [ 4.66575727e-01,  0.00000000e+00,  2.24717467e-01, ...,
          9.39134977e-01,  9.65849133e-01,  8.96112750e-01],
        [ 2.55884181e-01, -2.24717467e-01,  0.00000000e+00, ...,
          9.92316950e-01,  8.82921098e-01,  7.73458176e-01],
        ...,
        [-9.90938622e-01, -9.39134977e-01, -9.92316950e-01, ...,
          0.00000000e+00, -5.75150573e-01, -7.24671055e-01],
        [-7.33383304e-01, -9.65849133e-01, -8.82921098e-01, ...,
          5.75150573e-01,  0.00000000e+00, -1.96482032e-01],
        [-5.85516271e-01, -8.96112750e-01, -7.73458176e-01, ...,
          7.24671055e-01,  1.96482032e-01,  0.00000000e+00]],

       [[ 0.00000000e+00,  1.64547046e-01,  6.39787453e-04, ...,
         -8.47655079e-01, -8.51530885e-01, -8.55297176e-01],
        [-1.64547046e-01,  0.00000000e+00, -1.63915945e-01, ...,
         -7.48800835e-01, -7.53651120e-01, -7.58380784e-01],
        [-6.39787453e-04,  1.63915945e-01,  0.00000000e+00, ...,
         -8.47315467e-01, -8.51195267e-01, -8.54965503e-01],
        ...,
        [ 8.47655079e-01,  7.48800835e-01,  8.47315467e-01, ...,
          0.00000000e+00,  7.34843004e-03,  1.45738490e-02],
        [ 8.51530885e-01,  7.53651120e-01,  8.51195267e-01, ...,
         -7.34843004e-03,  0.00000000e+00,  7.22580589e-03],
        [ 8.55297176e-01,  7.58380784e-01,  8.54965503e-01, ...,
         -1.45738490e-02, -7.22580589e-03,  0.00000000e+00]],

       [[ 0.00000000e+00, -3.36861872e-01, -6.28832720e-01, ...,
          8.36849080e-01,  7.22973025e-01,  6.29910679e-01],
        [ 3.36861872e-01,  0.00000000e+00, -3.30156223e-01, ...,
          9.72348192e-01,  9.13448069e-01,  8.54724664e-01],
        [ 6.28832720e-01,  3.30156223e-01,  0.00000000e+00, ...,
          9.94928350e-01,  9.96586489e-01,  9.78175127e-01],
        ...,
        [-8.36849080e-01, -9.72348192e-01, -9.94928350e-01, ...,
          0.00000000e+00, -1.82379388e-01, -3.05119241e-01],
        [-7.22973025e-01, -9.13448069e-01, -9.96586489e-01, ...,
          1.82379388e-01,  0.00000000e+00, -1.26319380e-01],
        [-6.29910679e-01, -8.54724664e-01, -9.78175127e-01, ...,
          3.05119241e-01,  1.26319380e-01,  0.00000000e+00]]]), 'num': array([ 7.07105787e-01,  7.07105787e-01,  0.00000000e+00,  5.63400573e-04,
        5.71014095e-04,  5.60545503e-04,  4.29973613e-04, -8.56521142e-06,
        5.73488489e-04,  5.79864813e-04,  5.75296700e-04,  2.82533016e-07,
        5.93459000e-04,  5.66270626e-04])}
{'img': array([[[ 0.        , -0.12772367, -0.12772367, ...,  0.61904762,
          0.61904762,  0.22273437],
        [ 0.12772367,  0.        ,  0.        , ...,  0.71428571,
          0.71428571,  0.34542527],
        [ 0.12772367,  0.        ,  0.        , ...,  0.71428571,
          0.71428571,  0.34542527],
        ...,
        [-0.61904762, -0.71428571, -0.71428571, ...,  0.        ,
          0.        , -0.42857143],
        [-0.61904762, -0.71428571, -0.71428571, ...,  0.        ,
          0.        , -0.42857143],
        [-0.22273437, -0.34542527, -0.34542527, ...,  0.42857143,
          0.42857143,  0.        ]],

       [[ 0.        ,  0.09972471,  0.12756448, ...,  0.6235533 ,
          0.672997  ,  0.44867645],
        [-0.09972471,  0.        ,  0.02801859, ...,  0.54248206,
          0.59588125,  0.35731642],
        [-0.12756448, -0.02801859,  0.        , ...,  0.51873158,
          0.57314635,  0.33100725],
        ...,
        [-0.6235533 , -0.54248206, -0.51873158, ...,  0.        ,
          0.06492795, -0.20649936],
        [-0.672997  , -0.59588125, -0.57314635, ..., -0.06492795,
          0.        , -0.26959217],
        [-0.44867645, -0.35731642, -0.33100725, ...,  0.20649936,
          0.26959217,  0.        ]],

       [[ 0.        , -0.37881555, -0.87934216, ...,  0.7249829 ,
          0.62556203,  0.51752371],
        [ 0.37881555,  0.        , -0.63341836, ...,  0.93186711,
          0.87448247,  0.80309447],
        [ 0.87934216,  0.63341836,  0.        , ...,  0.95089169,
          0.98392695,  0.99886557],
        ...,
        [-0.7249829 , -0.93186711, -0.95089169, ...,  0.        ,
         -0.13474673, -0.26389212],
        [-0.62556203, -0.87448247, -0.98392695, ...,  0.13474673,
          0.        , -0.13151519],
        [-0.51752371, -0.80309447, -0.99886557, ...,  0.26389212,
          0.13151519,  0.        ]],

       ...,

       [[ 0.        ,  0.22471747,  0.56053752, ...,  0.96584913,
          0.89611275,  0.5664549 ],
        [-0.22471747,  0.        ,  0.36010613, ...,  0.8829211 ,
          0.77345818,  0.36677919],
        [-0.56053752, -0.36010613,  0.        , ...,  0.65460958,
          0.4933156 ,  0.00716285],
        ...,
        [-0.96584913, -0.8829211 , -0.65460958, ...,  0.        ,
         -0.19648203, -0.64917791],
        [-0.89611275, -0.77345818, -0.4933156 , ...,  0.19648203,
          0.        , -0.48707233],
        [-0.5664549 , -0.36677919, -0.00716285, ...,  0.64917791,
          0.48707233,  0.        ]],

       [[ 0.        , -0.16391595, -0.28307155, ..., -0.75365112,
         -0.75838078, -0.79474321],
        [ 0.16391595,  0.        , -0.12203123, ..., -0.85119527,
         -0.8549655 , -0.88348186],
        [ 0.28307155,  0.12203123,  0.        , ..., -0.90888164,
         -0.91187147, -0.93404635],
        ...,
        [ 0.75365112,  0.85119527,  0.90888164, ...,  0.        ,
          0.00722581,  0.06493918],
        [ 0.75838078,  0.8549655 ,  0.91187147, ..., -0.00722581,
          0.        ,  0.05772693],
        [ 0.79474321,  0.88348186,  0.93404635, ..., -0.06493918,
         -0.05772693,  0.        ]],

       [[ 0.        , -0.33015622, -0.64218002, ...,  0.91344807,
          0.85472466,  0.69282215],
        [ 0.33015622,  0.        , -0.35308809, ...,  0.99658649,
          0.97817513,  0.89205151],
        [ 0.64218002,  0.35308809,  0.        , ...,  0.96154571,
          0.98853635,  0.99416696],
        ...,
        [-0.91344807, -0.99658649, -0.96154571, ...,  0.        ,
         -0.12631938, -0.37674752],
        [-0.85472466, -0.97817513, -0.98853635, ...,  0.12631938,
          0.        , -0.25671797],
        [-0.69282215, -0.89205151, -0.99416696, ...,  0.37674752,
          0.25671797,  0.        ]]]), 'num': array([7.07105693e-01, 7.07105693e-01, 0.00000000e+00, 5.74820778e-04,
       5.75772468e-04, 5.61497118e-04, 6.59178583e-04, 1.14202804e-05,
       5.72536722e-04, 5.79579229e-04, 5.75550407e-04, 3.72959607e-07,
       5.93344233e-04, 5.65814224e-04])}
{'img': array([[[ 0.        ,  0.        ,  0.71428571, ...,  0.71428571,
          0.34542527,  0.80693869],
        [ 0.        ,  0.        ,  0.71428571, ...,  0.71428571,
          0.34542527,  0.80693869],
        [-0.71428571, -0.71428571,  0.        , ...,  0.        ,
         -0.42857143,  0.14285714],
        ...,
        [-0.71428571, -0.71428571,  0.        , ...,  0.        ,
         -0.42857143,  0.14285714],
        [-0.34542527, -0.34542527,  0.42857143, ...,  0.42857143,
          0.        ,  0.55324827],
        [-0.80693869, -0.80693869, -0.14285714, ..., -0.14285714,
         -0.55324827,  0.        ]],

       [[ 0.        ,  0.02801859,  0.28305779, ...,  0.59588125,
          0.35731642,  0.69229492],
        [-0.02801859,  0.        ,  0.25607396, ...,  0.57314635,
          0.33100725,  0.67180451],
        [-0.28305779, -0.25607396,  0.        , ...,  0.34419546,
          0.07833193,  0.45972338],
        ...,
        [-0.59588125, -0.57314635, -0.34419546, ...,  0.        ,
         -0.26959217,  0.1259664 ],
        [-0.35731642, -0.33100725, -0.07833193, ...,  0.26959217,
          0.        ,  0.38874719],
        [-0.69229492, -0.67180451, -0.45972338, ..., -0.1259664 ,
         -0.38874719,  0.        ]],

       [[ 0.        , -0.63341836,  0.07200668, ...,  0.87448247,
          0.80309447,  0.76621399],
        [ 0.63341836,  0.        ,  0.68749356, ...,  0.98392695,
          0.99886557,  0.99992914],
        [-0.07200668, -0.68749356,  0.        , ...,  0.83728509,
          0.75810445,  0.71795457],
        ...,
        [-0.87448247, -0.98392695, -0.83728509, ...,  0.        ,
         -0.13151519, -0.19027219],
        [-0.80309447, -0.99886557, -0.75810445, ...,  0.13151519,
          0.        , -0.05950693],
        [-0.76621399, -0.99992914, -0.71795457, ...,  0.19027219,
          0.05950693,  0.        ]],

       ...,

       [[ 0.        ,  0.52385084,  0.75654442, ...,  0.88660398,
          0.53044167,  0.91487374],
        [-0.52385084,  0.        ,  0.30186389, ...,  0.51292177,
          0.00775594,  0.56779904],
        [-0.75654442, -0.30186389,  0.        , ...,  0.22986387,
         -0.29446068,  0.29282734],
        ...,
        [-0.88660398, -0.51292177, -0.22986387, ...,  0.        ,
         -0.50624838,  0.06519838],
        [-0.53044167, -0.00775594,  0.29446068, ...,  0.50624838,
          0.        ,  0.56139752],
        [-0.91487374, -0.56779904, -0.29282734, ..., -0.06519838,
         -0.56139752,  0.        ]],

       [[ 0.        , -0.23316124, -0.38831069, ..., -0.76041199,
         -0.79677996, -0.79357824],
        [ 0.23316124,  0.        , -0.16274337, ..., -0.89087805,
         -0.91571142, -0.91357691],
        [ 0.38831069,  0.16274337,  0.        , ..., -0.95292621,
         -0.96889978, -0.96757969],
        ...,
        [ 0.76041199,  0.89087805,  0.95292621, ...,  0.        ,
          0.05796776,  0.05269571],
        [ 0.79677996,  0.91571142,  0.96889978, ..., -0.05796776,
          0.        , -0.00528011],
        [ 0.79357824,  0.91357691,  0.96757969, ..., -0.05269571,
          0.00528011,  0.        ]],

       [[ 0.        , -0.35308809, -0.5361264 , ...,  0.97817513,
          0.89205151,  0.87674004],
        [ 0.35308809,  0.        , -0.20353957, ...,  0.98853635,
          0.99416696,  0.99009214],
        [ 0.5361264 ,  0.20353957,  0.        , ...,  0.93711201,
          0.99530793,  0.99794713],
        ...,
        [-0.97817513, -0.98853635, -0.93711201, ...,  0.        ,
         -0.25671797, -0.28829663],
        [-0.89205151, -0.99416696, -0.99530793, ...,  0.25671797,
          0.        , -0.03281674],
        [-0.87674004, -0.99009214, -0.99794713, ...,  0.28829663,
          0.03281674,  0.        ]]]), 'num': array([ 7.07105817e-01,  7.07105817e-01,  0.00000000e+00,  5.67207358e-04,
        5.76724260e-04,  5.67207358e-04,  2.96965409e-04, -7.61352159e-06,
        5.69872091e-04,  5.78865563e-04,  5.75709124e-04,  3.21195442e-07,
        5.93607548e-04,  5.64123578e-04])}
{'img': array([[[ 0.        ,  0.71428571,  0.7468018 , ...,  0.34542527,
          0.80693869,  0.5271122 ],
        [-0.71428571,  0.        ,  0.04761905, ..., -0.42857143,
          0.14285714, -0.23809524],
        [-0.7468018 , -0.04761905,  0.        , ..., -0.47110943,
          0.09556445, -0.28407475],
        ...,
        [-0.34542527,  0.42857143,  0.47110943, ...,  0.        ,
          0.55324827,  0.20112556],
        [-0.80693869, -0.14285714, -0.09556445, ..., -0.55324827,
          0.        , -0.374402  ],
        [-0.5271122 ,  0.23809524,  0.28407475, ..., -0.20112556,
          0.374402  ,  0.        ]],

       [[ 0.        ,  0.25607396,  0.01537579, ...,  0.33100725,
          0.67180451,  0.06961371],
        [-0.25607396,  0.        , -0.24118057, ...,  0.07833193,
          0.45972338, -0.18816013],
        [-0.01537579,  0.24118057,  0.        , ...,  0.31645909,
          0.6603358 ,  0.054267  ],
        ...,
        [-0.33100725, -0.07833193, -0.31645909, ...,  0.        ,
          0.38874719, -0.26451477],
        [-0.67180451, -0.45972338, -0.6603358 , ..., -0.38874719,
          0.        , -0.61860986],
        [-0.06961371,  0.18816013, -0.054267  , ...,  0.26451477,
          0.61860986,  0.        ]],

       [[ 0.        ,  0.68749356,  0.83672778, ...,  0.99886557,
          0.99992914,  0.98392695],
        [-0.68749356,  0.        ,  0.23113918, ...,  0.75810445,
          0.71795457,  0.59175167],
        [-0.83672778, -0.23113918,  0.        , ...,  0.58684199,
          0.5376192 ,  0.38940146],
        ...,
        [-0.99886557, -0.75810445, -0.58684199, ...,  0.        ,
         -0.05950693, -0.22522252],
        [-0.99992914, -0.71795457, -0.5376192 , ...,  0.05950693,
          0.        , -0.16684536],
        [-0.98392695, -0.59175167, -0.38940146, ...,  0.22522252,
          0.16684536,  0.        ]],

       ...,

       [[ 0.        ,  0.61784738,  0.92358272, ...,  0.09387238,
          0.85654429,  0.61237585],
        [-0.61784738,  0.        ,  0.48932909, ..., -0.54130745,
          0.35464442, -0.00693968],
        [-0.92358272, -0.48932909,  0.        , ..., -0.88351381,
         -0.14823819, -0.49536939],
        ...,
        [-0.09387238,  0.54130745,  0.88351381, ...,  0.        ,
          0.80431694,  0.53545936],
        [-0.85654429, -0.35464442,  0.14823819, ..., -0.80431694,
          0.        , -0.36112449],
        [-0.61237585,  0.00693968,  0.49536939, ..., -0.53545936,
          0.36112449,  0.        ]],

       [[ 0.        , -0.31713907, -0.50346127, ..., -0.8009436 ,
         -0.79774335, -0.80503564],
        [ 0.31713907,  0.        , -0.20345832, ..., -0.94948191,
         -0.94779703, -0.95161421],
        [ 0.50346127,  0.20345832,  0.        , ..., -0.99347182,
         -0.99285015, -0.99423166],
        ...,
        [ 0.8009436 ,  0.94948191,  0.99347182, ...,  0.        ,
         -0.005326  ,  0.00686595],
        [ 0.79774335,  0.94779703,  0.99285015, ...,  0.005326  ,
          0.        ,  0.01219173],
        [ 0.80503564,  0.95161421,  0.99423166, ..., -0.00686595,
         -0.01219173,  0.        ]],

       [[ 0.        , -0.20353957, -0.42181336, ...,  0.99416696,
          0.99009214,  0.96704638],
        [ 0.20353957,  0.        , -0.22843762, ...,  0.99530793,
          0.99794713,  0.99862416],
        [ 0.42181336,  0.22843762,  0.        , ...,  0.94688737,
          0.95693009,  0.984198  ],
        ...,
        [-0.99416696, -0.99530793, -0.94688737, ...,  0.        ,
         -0.03281674, -0.14881733],
        [-0.99009214, -0.99794713, -0.95693009, ...,  0.03281674,
          0.        , -0.11628585],
        [-0.96704638, -0.99862416, -0.984198  , ...,  0.14881733,
          0.11628585,  0.        ]]]), 'num': array([7.07105469e-01, 7.07105469e-01, 0.00000000e+00, 5.68158769e-04,
       5.69110458e-04, 5.58641871e-04, 1.04509808e-03, 9.51689730e-07,
       5.69110458e-04, 5.78532187e-04, 5.75883317e-04, 3.46068993e-07,
       5.93911917e-04, 5.63152457e-04])}
{'img': array([[[ 0.        ,  0.04761905, -0.0952381 , ...,  0.14285714,
         -0.23809524, -0.19047619],
        [-0.04761905,  0.        , -0.14253265, ...,  0.09556445,
         -0.28407475, -0.23700734],
        [ 0.0952381 ,  0.14253265,  0.        , ...,  0.23646906,
         -0.14451376, -0.09611593],
        ...,
        [-0.14285714, -0.09556445, -0.23646906, ...,  0.        ,
         -0.374402  , -0.32876422],
        [ 0.23809524,  0.28407475,  0.14451376, ...,  0.374402  ,
          0.        ,  0.04873771],
        [ 0.19047619,  0.23700734,  0.09611593, ...,  0.32876422,
         -0.04873771,  0.        ]],

       [[ 0.        , -0.24118057, -0.8652681 , ...,  0.45972338,
         -0.18816013,  0.92026775],
        [ 0.24118057,  0.        , -0.71881952, ...,  0.6603358 ,
          0.054267  ,  0.98747305],
        [ 0.8652681 ,  0.71881952,  0.        , ...,  0.99887552,
          0.75548655,  0.79990897],
        ...,
        [-0.45972338, -0.6603358 , -0.99887552, ...,  0.        ,
         -0.61860986,  0.63737017],
        [ 0.18816013, -0.054267  , -0.75548655, ...,  0.61860986,
          0.        ,  0.9774553 ],
        [-0.92026775, -0.98747305, -0.79990897, ..., -0.63737017,
         -0.9774553 ,  0.        ]],

       [[ 0.        ,  0.60908696,  0.76722394, ...,  0.98502461,
          0.93080457,  0.90720462],
        [-0.60908696,  0.        ,  0.21783218, ...,  0.67621142,
          0.51559253,  0.46327053],
        [-0.76722394, -0.21783218,  0.        , ...,  0.49949442,
          0.31656521,  0.25909909],
        ...,
        [-0.98502461, -0.67621142, -0.49949442, ...,  0.        ,
         -0.19955993, -0.25797508],
        [-0.93080457, -0.51559253, -0.31656521, ...,  0.19955993,
          0.        , -0.05998092],
        [-0.90720462, -0.46327053, -0.25909909, ...,  0.25797508,
          0.05998092,  0.        ]],

       ...,

       [[ 0.        ,  0.49203639,  0.03858643, ...,  0.3569832 ,
         -0.00701325,  0.18619044],
        [-0.49203639,  0.        , -0.45807759, ..., -0.14883599,
         -0.49812985, -0.32133981],
        [-0.03858643,  0.45807759,  0.        , ...,  0.32067335,
         -0.04559351,  0.14814008],
        ...,
        [-0.3569832 ,  0.14883599, -0.32067335, ...,  0.        ,
         -0.36352558, -0.17681838],
        [ 0.00701325,  0.49812985,  0.04559351, ...,  0.36352558,
          0.        ,  0.19307648],
        [-0.18619044,  0.32133981, -0.14814008, ...,  0.17681838,
         -0.19307648,  0.        ]],

       [[ 0.        , -0.40705498, -0.66807027, ..., -0.80558602,
         -0.81286706, -0.82106114],
        [ 0.40705498,  0.        , -0.30732895, ..., -0.97699668,
         -0.97956462, -0.98232362],
        [ 0.66807027,  0.30732895,  0.        , ..., -0.99525259,
         -0.99396994, -0.99231152],
        ...,
        [ 0.80558602,  0.97699668,  0.99525259, ...,  0.        ,
          0.01239353,  0.0266004 ],
        [ 0.81286706,  0.97956462,  0.99396994, ..., -0.01239353,
          0.        ,  0.01420921],
        [ 0.82106114,  0.98232362,  0.99231152, ..., -0.0266004 ,
         -0.01420921,  0.        ]],

       [[ 0.        , -0.22843762, -0.46121712, ...,  0.99794713,
          0.99862416,  0.99321312],
        [ 0.22843762,  0.        , -0.24633207, ...,  0.95693009,
          0.984198  ,  0.99352039],
        [ 0.46121712,  0.24633207,  0.        , ...,  0.85592802,
          0.91025205,  0.93490893],
        ...,
        [-0.99794713, -0.95693009, -0.85592802, ...,  0.        ,
         -0.11628585, -0.17967838],
        [-0.99862416, -0.984198  , -0.91025205, ...,  0.11628585,
          0.        , -0.06406606],
        [-0.99321312, -0.99352039, -0.93490893, ...,  0.17967838,
          0.06406606,  0.        ]]]), 'num': array([ 7.07105776e-01,  7.07105776e-01,  0.00000000e+00,  5.62448874e-04,
        5.67207325e-04,  5.60545494e-04,  4.85371490e-04, -5.71014086e-06,
        5.67207325e-04,  5.77580748e-04,  5.75724952e-04,  3.70101722e-07,
        5.94400643e-04,  5.60760853e-04])}
{'img': array([[[ 0.        , -0.14253265, -0.09513005, ..., -0.28407475,
         -0.23700734, -0.51752371],
        [ 0.14253265,  0.        ,  0.04772746, ..., -0.14451376,
         -0.09611593, -0.39027909],
        [ 0.09513005, -0.04772746,  0.        , ..., -0.19157553,
         -0.14351288, -0.43377684],
        ...,
        [ 0.28407475,  0.14451376,  0.19157553, ...,  0.        ,
          0.04873771, -0.25312892],
        [ 0.23700734,  0.09611593,  0.14351288, ..., -0.04873771,
          0.        , -0.29997855],
        [ 0.51752371,  0.39027909,  0.43377684, ...,  0.25312892,
          0.29997855,  0.        ]],

       [[ 0.        , -0.71881952, -0.03691343, ...,  0.054267  ,
          0.98747305,  0.41031365],
        [ 0.71881952,  0.        ,  0.69266753, ...,  0.75548655,
          0.79990897,  0.94077219],
        [ 0.03691343, -0.69266753,  0.        , ...,  0.09108905,
          0.99262454,  0.44369701],
        ...,
        [-0.054267  , -0.75548655, -0.09108905, ...,  0.        ,
          0.9774553 ,  0.36022055],
        [-0.98747305, -0.79990897, -0.99262454, ..., -0.9774553 ,
          0.        , -0.8357781 ],
        [-0.41031365, -0.94077219, -0.44369701, ..., -0.36022055,
          0.8357781 ,  0.        ]],

       [[ 0.        ,  0.2362262 ,  0.46311524, ...,  0.54425398,
          0.49107517,  0.34092304],
        [-0.2362262 ,  0.        ,  0.24064137, ...,  0.33067555,
          0.27139609,  0.10920009],
        [-0.46311524, -0.24064137,  0.        , ...,  0.09385438,
          0.03181132, -0.13321113],
        ...,
        [-0.54425398, -0.33067555, -0.09385438, ...,  0.        ,
         -0.06213598, -0.22564105],
        [-0.49107517, -0.27139609, -0.03181132, ...,  0.06213598,
          0.        , -0.16467152],
        [-0.34092304, -0.10920009,  0.13321113, ...,  0.22564105,
          0.16467152,  0.        ]],

       ...,

       [[ 0.        , -0.45807759, -0.17708691, ..., -0.49812985,
         -0.32133981, -0.16648461],
        [ 0.45807759,  0.        ,  0.29342306, ..., -0.04559351,
          0.14814008,  0.30369449],
        [ 0.17708691, -0.29342306,  0.        , ..., -0.33670452,
         -0.14856618,  0.01076214],
        ...,
        [ 0.49812985,  0.04559351,  0.33670452, ...,  0.        ,
          0.19307648,  0.34681877],
        [ 0.32133981, -0.14814008,  0.14856618, ..., -0.19307648,
          0.        ,  0.15920029],
        [ 0.16648461, -0.30369449, -0.01076214, ..., -0.34681877,
         -0.15920029,  0.        ]],

       [[ 0.        , -0.56799479, -0.82722443, ..., -0.82608069,
         -0.83422945, -0.84676813],
        [ 0.56799479,  0.        , -0.36169213, ..., -0.99998548,
         -0.99979991, -0.99906913],
        [ 0.82722443,  0.36169213,  0.        , ..., -0.93033518,
         -0.92487587, -0.91582709],
        ...,
        [ 0.82608069,  0.99998548,  0.93033518, ...,  0.        ,
          0.01461625,  0.03775409],
        [ 0.83422945,  0.99979991,  0.92487587, ..., -0.01461625,
          0.        ,  0.02314423],
        [ 0.84676813,  0.99906913,  0.91582709, ..., -0.03775409,
         -0.02314423,  0.        ]],

       [[ 0.        , -0.24633207,  0.12446641, ...,  0.984198  ,
          0.99352039,  0.99926973],
        [ 0.24633207,  0.        ,  0.36504759, ...,  0.91025205,
          0.93490893,  0.97789009],
        [-0.12446641, -0.36504759,  0.        , ...,  0.99858415,
          0.99994071,  0.98674335],
        ...,
        [-0.984198  , -0.91025205, -0.99858415, ...,  0.        ,
         -0.06406606, -0.21454843],
        [-0.99352039, -0.93490893, -0.99994071, ...,  0.06406606,
          0.        , -0.1515335 ],
        [-0.99926973, -0.97789009, -0.98674335, ...,  0.21454843,
          0.1515335 ,  0.        ]]]), 'num': array([7.14802702e-01, 6.99324168e-01, 2.59706939e-07, 5.73279022e-04,
       5.75202777e-04, 5.63660246e-04, 3.74305031e-04, 4.80938777e-06,
       5.74048524e-04, 5.82849704e-04, 5.81791638e-04, 4.12233237e-07,
       6.00039884e-04, 5.65659523e-04])}
{'img': array([[[ 0.        ,  0.04772746,  0.4672774 , ..., -0.09611593,
         -0.39027909, -0.14451376],
        [-0.04772746,  0.        ,  0.42454853, ..., -0.14351288,
         -0.43377684, -0.19157553],
        [-0.4672774 , -0.42454853,  0.        , ..., -0.5500911 ,
         -0.77527066, -0.59013847],
        ...,
        [ 0.09611593,  0.14351288,  0.5500911 , ...,  0.        ,
         -0.29997855, -0.04873771],
        [ 0.39027909,  0.43377684,  0.77527066, ...,  0.29997855,
          0.        ,  0.25312892],
        [ 0.14451376,  0.19157553,  0.59013847, ...,  0.04873771,
         -0.25312892,  0.        ]],

       [[ 0.        ,  0.69266753,  0.73158391, ...,  0.79990897,
          0.94077219,  0.84671393],
        [-0.69266753,  0.        ,  0.05543298, ...,  0.99262454,
          0.44369701,  0.24216571],
        [-0.73158391, -0.05543298,  0.        , ...,  0.98437819,
          0.39333703,  0.18801035],
        ...,
        [-0.79990897, -0.99262454, -0.98437819, ...,  0.        ,
         -0.8357781 , -0.93372141],
        [-0.94077219, -0.44369701, -0.39333703, ...,  0.8357781 ,
          0.        , -0.21346702],
        [-0.84671393, -0.24216571, -0.18801035, ...,  0.93372141,
          0.21346702,  0.        ]],

       [[ 0.        ,  0.24064137,  0.55373346, ...,  0.27139609,
          0.10920009,  0.17670673],
        [-0.24064137,  0.        ,  0.33708089, ...,  0.03181132,
         -0.13321113, -0.06534048],
        [-0.55373346, -0.33708089,  0.        , ..., -0.3069607 ,
         -0.45949175, -0.39787703],
        ...,
        [-0.27139609, -0.03181132,  0.3069607 , ...,  0.        ,
         -0.16467152, -0.09705075],
        [-0.10920009,  0.13321113,  0.45949175, ...,  0.16467152,
          0.        ,  0.06816831],
        [-0.17670673,  0.06534048,  0.39787703, ...,  0.09705075,
         -0.06816831,  0.        ]],

       ...,

       [[ 0.        ,  0.29342306,  0.29342306, ...,  0.14814008,
          0.30369449,  0.50740526],
        [-0.29342306,  0.        ,  0.        , ..., -0.14856618,
          0.01076214,  0.23222579],
        [-0.29342306,  0.        ,  0.        , ..., -0.14856618,
          0.01076214,  0.23222579],
        ...,
        [-0.14814008,  0.14856618,  0.14856618, ...,  0.        ,
          0.15920029,  0.37415332],
        [-0.30369449, -0.01076214, -0.01076214, ..., -0.15920029,
          0.        ,  0.22174441],
        [-0.50740526, -0.23222579, -0.23222579, ..., -0.37415332,
         -0.22174441,  0.        ]],

       [[ 0.        , -0.70066769, -0.89626848, ..., -0.86143252,
         -0.8736649 , -0.85549619],
        [ 0.70066769,  0.        , -0.32872214, ..., -0.9704711 ,
         -0.96424377, -0.97319817],
        [ 0.89626848,  0.32872214,  0.        , ..., -0.83724528,
         -0.82354063, -0.84351872],
        ...,
        [ 0.86143252,  0.9704711 ,  0.83724528, ...,  0.        ,
          0.02459881, -0.011575  ],
        [ 0.8736649 ,  0.96424377,  0.82354063, ..., -0.02459881,
          0.        , -0.03616866],
        [ 0.85549619,  0.97319817,  0.84351872, ...,  0.011575  ,
          0.03616866,  0.        ]],

       [[ 0.        ,  0.36504759,  0.59484263, ...,  0.93490893,
          0.97789009,  0.98978775],
        [-0.36504759,  0.        ,  0.26035121, ...,  0.99994071,
          0.98674335,  0.97351853],
        [-0.59484263, -0.26035121,  0.        , ...,  0.96262157,
          0.9104625 ,  0.88042734],
        ...,
        [-0.93490893, -0.99994071, -0.96262157, ...,  0.        ,
         -0.1515335 , -0.21799322],
        [-0.97789009, -0.98674335, -0.9104625 , ...,  0.1515335 ,
          0.        , -0.0675867 ],
        [-0.98978775, -0.97351853, -0.88042734, ...,  0.21799322,
          0.0675867 ,  0.        ]]]), 'num': array([7.11868108e-01, 7.02309773e-01, 1.53178450e-07, 5.97395956e-04,
       5.97395956e-04, 5.75376554e-04, 1.43412367e-03, 2.68062288e-05,
