state_0,state_1,state_2,state_3,state_4,state_5,state_6,state_7,state_8,state_9,state_10,state_11,state_12,state_13,state_14,state_15,state_16,state_17,state_18,state_19,state_20,state_21,state_22,state_23,state_24,state_25,state_26,state_27,state_28,state_29,state_30,state_31,state_32,state_33,state_34,state_35,state_36,state_37,state_38,state_39,state_40,state_41,state_42,state_43,state_44,state_45,state_46,state_47,state_48,state_49,state_50,state_51,state_52,state_53,state_54,state_55,state_56,state_57,state_58,state_59,state_60,state_61,state_62,state_63,state_64,state_65,state_66,state_67,state_68,state_69,state_70,state_71,state_72,state_73,state_74,state_75,state_76,state_77,state_78,state_79,state_80,state_81,state_82,state_83,state_84,state_85,state_86,state_87,state_88,state_89,state_90,state_91,state_92,state_93,state_94,state_95,state_96,state_97,state_98,state_99,state_100,state_101,state_102,state_103,state_104,state_105,state_106,state_107,state_108,state_109,state_110,state_111,state_112,state_113,state_114,state_115,state_116,state_117,state_118,state_119,state_120,state_121,state_122,state_123,state_124,state_125,state_126,state_127,state_128,state_129,state_130,state_131,state_132,state_133,state_134,state_135,state_136,state_137,state_138,state_139,state_140,state_141,state_142,state_143,state_144,state_145,state_146,state_147,state_148,state_149,state_150,state_151,state_152,state_153,state_154,state_155,state_156,state_157,state_158,state_159,state_160,state_161,state_162,state_163,state_164,state_165,state_166,state_167,state_168,state_169,state_170,state_171,state_172,state_173,state_174,state_175,state_176,state_177,state_178,state_179,state_180,state_181,state_182,state_183,state_184,state_185,state_186,state_187,state_188,state_189,state_190,state_191,state_192,state_193,state_194,state_195,state_196,state_197,state_198,state_199,state_200,state_201,state_202,state_203,state_204,state_205,state_206,state_207,state_208,state_209,state_210,state_211,state_212,state_213,state_214,state_215,state_216,state_217,state_218,state_219,state_220,state_221,state_222,state_223,state_224,state_225,state_226,state_227,state_228,state_229,state_230,state_231,state_232,state_233,state_234,state_235,state_236,state_237,state_238,state_239,state_240,state_241,state_242,state_243,state_244,state_245,state_246,state_247,state_248,state_249,state_250,state_251,state_252,state_253,state_254,state_255,state_256,state_257,state_258,state_259,state_260,state_261,state_262,state_263,state_264,state_265,state_266,state_267,state_268,state_269,state_270,state_271,state_272,state_273,state_274,state_275,state_276,state_277,state_278,state_279,state_280,state_281,state_282,state_283,state_284,state_285,state_286,state_287
{'img': array([[[ 0.        ,  0.12616055,  0.18520031, ...,  0.21382699,
          0.32291495,  0.12616055],
        [-0.12616055,  0.        ,  0.05974246, ...,  0.08887583,
          0.20093294,  0.        ],
        [-0.18520031, -0.05974246,  0.        , ...,  0.02921104,
          0.14205002, -0.05974246],
        ...,
        [-0.21382699, -0.08887583, -0.02921104, ...,  0.        ,
          0.11307458, -0.08887583],
        [-0.32291495, -0.20093294, -0.14205002, ..., -0.11307458,
          0.        , -0.20093294],
        [-0.12616055,  0.        ,  0.05974246, ...,  0.08887583,
          0.20093294,  0.        ]],

       [[ 0.        ,  0.24274229, -0.17350479, ..., -0.44002823,
         -0.50847772, -0.51307301],
        [-0.24274229,  0.        , -0.40737602, ..., -0.64484602,
         -0.70228892, -0.70608403],
        [ 0.17350479,  0.40737602,  0.        , ..., -0.27754982,
         -0.35136499, -0.35636428],
        ...,
        [ 0.44002823,  0.64484602,  0.27754982, ...,  0.        ,
         -0.07770745, -0.0830353 ],
        [ 0.50847772,  0.70228892,  0.35136499, ...,  0.07770745,
          0.        , -0.00534512],
        [ 0.51307301,  0.70608403,  0.35636428, ...,  0.0830353 ,
          0.00534512,  0.        ]],

       [[ 0.        , -0.08265104, -0.1689363 , ...,  0.36495918,
          0.2361044 ,  0.09243355],
        [ 0.08265104,  0.        , -0.0868952 , ...,  0.44066055,
          0.31561088,  0.17441449],
        [ 0.1689363 ,  0.0868952 ,  0.        , ...,  0.51699728,
          0.39687094,  0.25931805],
        ...,
        [-0.36495918, -0.44066055, -0.51699728, ...,  0.        ,
         -0.13482219, -0.27733893],
        [-0.2361044 , -0.31561088, -0.39687094, ...,  0.13482219,
          0.        , -0.14527337],
        [-0.09243355, -0.17441449, -0.25931805, ...,  0.27733893,
          0.14527337,  0.        ]],

       ...,

       [[ 0.        ,  0.10597702,  0.05541335, ...,  0.00628455,
          0.13168289, -0.56993253],
        [-0.10597702,  0.        , -0.0507129 , ..., -0.09972577,
          0.02588716, -0.65380342],
        [-0.05541335,  0.0507129 ,  0.        , ..., -0.04913736,
          0.07654975, -0.61458951],
        ...,
        [-0.00628455,  0.09972577,  0.04913736, ...,  0.        ,
          0.12545046, -0.57508524],
        [-0.13168289, -0.02588716, -0.07654975, ..., -0.12545046,
          0.        , -0.67317221],
        [ 0.56993253,  0.65380342,  0.61458951, ...,  0.57508524,
          0.67317221,  0.        ]],

       [[ 0.        , -0.02835376, -0.04460674, ...,  0.70354462,
          0.71117414,  0.7342062 ],
        [ 0.02835376,  0.        , -0.01626327, ...,  0.72341139,
          0.73082135,  0.75316113],
        [ 0.04460674,  0.01626327,  0.        , ...,  0.73454416,
          0.7418255 ,  0.76376008],
        ...,
        [-0.70354462, -0.72341139, -0.73454416, ...,  0.        ,
          0.01079362,  0.0441093 ],
        [-0.71117414, -0.73082135, -0.7418255 , ..., -0.01079362,
          0.        ,  0.03332362],
        [-0.7342062 , -0.75316113, -0.76376008, ..., -0.0441093 ,
         -0.03332362,  0.        ]],

       [[ 0.        ,  0.04740853,  0.0803072 , ...,  0.61347494,
          0.53501043,  0.42473367],
        [-0.04740853,  0.        ,  0.03296149, ...,  0.57534595,
          0.49435597,  0.38133628],
        [-0.0803072 , -0.03296149,  0.        , ...,  0.54807378,
          0.46543526,  0.35065827],
        ...,
        [-0.61347494, -0.57534595, -0.54807378, ...,  0.        ,
         -0.09578619, -0.21997191],
        [-0.53501043, -0.49435597, -0.46543526, ...,  0.09578619,
          0.        , -0.12552044],
        [-0.42473367, -0.38133628, -0.35065827, ...,  0.21997191,
          0.12552044,  0.        ]]]), 'num': array([7.42965116e-01, 6.69329320e-01, 1.35359921e-06, 3.30205367e-04,
       3.31419357e-04, 3.20493444e-04, 4.33127466e-04, 0.00000000e+00,
       3.32147751e-04, 3.45380246e-04, 3.46351438e-04, 1.33895991e-07,
       3.62109543e-04, 3.28650948e-04])}
{'img': array([[[ 0.        ,  0.05974246,  0.        , ...,  0.20093294,
          0.        ,  0.        ],
        [-0.05974246,  0.        , -0.05974246, ...,  0.14205002,
         -0.05974246, -0.05974246],
        [ 0.        ,  0.05974246,  0.        , ...,  0.20093294,
          0.        ,  0.        ],
        ...,
        [-0.20093294, -0.14205002, -0.20093294, ...,  0.        ,
         -0.20093294, -0.20093294],
        [ 0.        ,  0.05974246,  0.        , ...,  0.20093294,
          0.        ,  0.        ],
        [ 0.        ,  0.05974246,  0.        , ...,  0.20093294,
          0.        ,  0.        ]],

       [[ 0.        , -0.40737602, -0.40187197, ..., -0.70228892,
         -0.70608403, -0.05464165],
        [ 0.40737602,  0.        ,  0.00601874, ..., -0.35136499,
         -0.35636428,  0.35686536],
        [ 0.40187197, -0.00601874,  0.        , ..., -0.3569936 ,
         -0.36198142,  0.35123646],
        ...,
        [ 0.70228892,  0.35136499,  0.3569936 , ...,  0.        ,
         -0.00534512,  0.66234077],
        [ 0.70608403,  0.35636428,  0.36198142, ...,  0.00534512,
          0.        ,  0.66633588],
        [ 0.05464165, -0.35686536, -0.35123646, ..., -0.66234077,
         -0.66633588,  0.        ]],

       [[ 0.        , -0.0868952 , -0.0868952 , ...,  0.31561088,
          0.17441449,  0.0279914 ],
        [ 0.0868952 ,  0.        ,  0.        , ...,  0.39687094,
          0.25931805,  0.11474667],
        [ 0.0868952 ,  0.        ,  0.        , ...,  0.39687094,
          0.25931805,  0.11474667],
        ...,
        [-0.31561088, -0.39687094, -0.39687094, ...,  0.        ,
         -0.14527337, -0.28892649],
        [-0.17441449, -0.25931805, -0.25931805, ...,  0.14527337,
          0.        , -0.14678379],
        [-0.0279914 , -0.11474667, -0.11474667, ...,  0.28892649,
          0.14678379,  0.        ]],

       ...,

       [[ 0.        , -0.05042216,  0.08841775, ...,  0.02574945,
         -0.64293325, -0.81327868],
        [ 0.05042216,  0.        ,  0.13852996, ...,  0.07612214,
         -0.60349598, -0.78290482],
        [-0.08841775, -0.13852996,  0.        , ..., -0.06273984,
         -0.70813631, -0.86154148],
        ...,
        [-0.02574945, -0.07612214,  0.06273984, ...,  0.        ,
         -0.66244214, -0.82799196],
        [ 0.64293325,  0.60349598,  0.70813631, ...,  0.66244214,
          0.        , -0.24880182],
        [ 0.81327868,  0.78290482,  0.86154148, ...,  0.82799196,
          0.24880182,  0.        ]],

       [[ 0.        , -0.01626327, -0.04323394, ...,  0.73082135,
          0.75316113,  0.75508061],
        [ 0.01626327,  0.        , -0.02698016, ...,  0.7418255 ,
          0.76376008,  0.76564347],
        [ 0.04323394,  0.02698016,  0.        , ...,  0.75964815,
          0.78089775,  0.78272015],
        ...,
        [-0.73082135, -0.7418255 , -0.75964815, ...,  0.        ,
          0.03332362,  0.03624462],
        [-0.75316113, -0.76376008, -0.78089775, ..., -0.03332362,
          0.        ,  0.00292277],
        [-0.75508061, -0.76564347, -0.78272015, ..., -0.03624462,
         -0.00292277,  0.        ]],

       [[ 0.        ,  0.03296149,  0.07195656, ...,  0.49435597,
          0.38133628,  0.28389659],
        [-0.03296149,  0.        ,  0.03904141, ...,  0.46543526,
          0.35065827,  0.25213704],
        [-0.07195656, -0.03904141,  0.        , ...,  0.43052556,
          0.31382851,  0.21416477],
        ...,
        [-0.49435597, -0.46543526, -0.43052556, ...,  0.        ,
         -0.12552044, -0.22723582],
        [-0.38133628, -0.35065827, -0.31382851, ...,  0.12552044,
          0.        , -0.10320182],
        [-0.28389659, -0.25213704, -0.21416477, ...,  0.22723582,
          0.10320182,  0.        ]]]), 'num': array([ 7.55300160e-01,  6.55376951e-01,  1.84700942e-06,  5.43060921e-04,
        5.49083778e-04,  5.38041873e-04,  4.81728162e-04, -3.01142840e-06,
        5.47477682e-04,  5.69310538e-04,  5.72723490e-04,  2.24733462e-07,
        5.99198280e-04,  5.39422796e-04])}
{'img': array([[[ 0.        , -0.05974246, -0.28566464, ..., -0.05974246,
         -0.05974246, -0.15301293],
        [ 0.05974246,  0.        , -0.22790142, ...,  0.        ,
          0.        , -0.09370067],
        [ 0.28566464,  0.22790142,  0.        , ...,  0.22790142,
          0.22790142,  0.13566389],
        ...,
        [ 0.05974246,  0.        , -0.22790142, ...,  0.        ,
          0.        , -0.09370067],
        [ 0.05974246,  0.        , -0.22790142, ...,  0.        ,
          0.        , -0.09370067],
        [ 0.15301293,  0.09370067, -0.13566389, ...,  0.09370067,
          0.09370067,  0.        ]],

       [[ 0.        ,  0.00601874,  0.01758958, ..., -0.35636428,
          0.35686536,  0.06496134],
        [-0.00601874,  0.        ,  0.01157146, ..., -0.36198142,
          0.35123646,  0.05895414],
        [-0.01758958, -0.01157146,  0.        , ..., -0.37274392,
          0.34037874,  0.04739886],
        ...,
        [ 0.35636428,  0.36198142,  0.37274392, ...,  0.        ,
          0.66633588,  0.416308  ],
        [-0.35686536, -0.35123646, -0.34037874, ..., -0.66633588,
          0.        , -0.29542757],
        [-0.06496134, -0.05895414, -0.04739886, ..., -0.416308  ,
          0.29542757,  0.        ]],

       [[ 0.        ,  0.        , -0.06888793, ...,  0.25931805,
          0.11474667,  0.05132245],
        [ 0.        ,  0.        , -0.06888793, ...,  0.25931805,
          0.11474667,  0.05132245],
        [ 0.06888793,  0.06888793,  0.        , ...,  0.32523343,
          0.18290699,  0.11999768],
        ...,
        [-0.25931805, -0.25931805, -0.32523343, ...,  0.        ,
         -0.14678379, -0.20940949],
        [-0.11474667, -0.11474667, -0.18290699, ...,  0.14678379,
          0.        , -0.063612  ],
        [-0.05132245, -0.05132245, -0.11999768, ...,  0.20940949,
          0.063612  ,  0.        ]],

       ...,

       [[ 0.        ,  0.13852996,  0.07501673, ..., -0.60349598,
         -0.78290482, -0.69169011],
        [-0.13852996,  0.        , -0.06384618, ..., -0.70813631,
         -0.86154148, -0.78506657],
        [-0.07501673,  0.06384618,  0.        , ..., -0.66161129,
         -0.82736983, -0.74391778],
        ...,
        [ 0.60349598,  0.70813631,  0.66161129, ...,  0.        ,
         -0.24880182, -0.11568876],
        [ 0.78290482,  0.86154148,  0.82736983, ...,  0.24880182,
          0.        ,  0.13508038],
        [ 0.69169011,  0.78506657,  0.74391778, ...,  0.11568876,
         -0.13508038,  0.        ]],

       [[ 0.        , -0.02698016, -0.0323717 , ...,  0.76376008,
          0.76564347,  0.77334399],
        [ 0.02698016,  0.        , -0.0053939 , ...,  0.78089775,
          0.78272015,  0.79016753],
        [ 0.0323717 ,  0.0053939 ,  0.        , ...,  0.78425573,
          0.78606578,  0.7934619 ],
        ...,
        [-0.76376008, -0.78089775, -0.78425573, ...,  0.        ,
          0.00292277,  0.01498002],
        [-0.76564347, -0.78272015, -0.78606578, ..., -0.00292277,
          0.        ,  0.01205752],
        [-0.77334399, -0.79016753, -0.7934619 , ..., -0.01498002,
         -0.01205752,  0.        ]],

       [[ 0.        ,  0.03904141,  0.04508377, ...,  0.35065827,
          0.25213704,  0.14555567],
        [-0.03904141,  0.        ,  0.00604768, ...,  0.31382851,
          0.21416477,  0.10681908],
        [-0.04508377, -0.00604768,  0.        , ...,  0.30808062,
          0.20825349,  0.10080405],
        ...,
        [-0.35065827, -0.31382851, -0.30808062, ...,  0.        ,
         -0.10320182, -0.21061039],
        [-0.25213704, -0.21416477, -0.20825349, ...,  0.10320182,
          0.        , -0.1085988 ],
        [-0.14555567, -0.10681908, -0.10080405, ...,  0.21061039,
          0.1085988 ,  0.        ]]]), 'num': array([ 8.10985326e-01,  5.85062672e-01,  4.19930583e-06,  5.80778030e-04,
        6.11004396e-04,  5.80778030e-04,  1.25700661e-03, -3.23853920e-06,
        5.86823304e-04,  6.10464640e-04,  6.15772246e-04,  1.66078933e-07,
        6.45321379e-04,  5.75607900e-04])}
{'img': array([[[ 0.        , -0.22790142, -0.37681206, ...,  0.        ,
         -0.09370067, -0.19319861],
        [ 0.22790142,  0.        , -0.15579321, ...,  0.22790142,
          0.13566389,  0.03549325],
        [ 0.37681206,  0.15579321,  0.        , ...,  0.37681206,
          0.28836027,  0.19075491],
        ...,
        [ 0.        , -0.22790142, -0.37681206, ...,  0.        ,
         -0.09370067, -0.19319861],
        [ 0.09370067, -0.13566389, -0.28836027, ...,  0.09370067,
          0.        , -0.10041329],
        [ 0.19319861, -0.03549325, -0.19075491, ...,  0.19319861,
          0.10041329,  0.        ]],

       [[ 0.        ,  0.01157146,  0.00788012, ...,  0.35123646,
          0.05895414,  0.7361639 ],
        [-0.01157146,  0.        , -0.0036915 , ...,  0.34037874,
          0.04739886,  0.72828301],
        [-0.00788012,  0.0036915 ,  0.        , ...,  0.34384749,
          0.05108589,  0.73080774],
        ...,
        [-0.35123646, -0.34037874, -0.34384749, ...,  0.        ,
         -0.29542757,  0.45154253],
        [-0.05895414, -0.04739886, -0.05108589, ...,  0.29542757,
          0.        ,  0.69498312],
        [-0.7361639 , -0.72828301, -0.73080774, ..., -0.45154253,
         -0.69498312,  0.        ]],

       [[ 0.        , -0.06888793, -0.12505328, ...,  0.11474667,
          0.05132245, -0.01501238],
        [ 0.06888793,  0.        , -0.05640904, ...,  0.18290699,
          0.11999768,  0.05390346],
        [ 0.12505328,  0.05640904,  0.        , ...,  0.23807319,
          0.17580805,  0.11014466],
        ...,
        [-0.11474667, -0.18290699, -0.23807319, ...,  0.        ,
         -0.063612  , -0.12964696],
        [-0.05132245, -0.11999768, -0.17580805, ...,  0.063612  ,
          0.        , -0.06630926],
        [ 0.01501238, -0.05390346, -0.11014466, ...,  0.12964696,
          0.06630926,  0.        ]],

       ...,

       [[ 0.        , -0.05397434,  0.08953697, ..., -0.5562036 ,
         -0.54378377, -0.9251794 ],
        [ 0.05397434,  0.        ,  0.143164  , ..., -0.51053767,
         -0.49769447, -0.9033459 ],
        [-0.08953697, -0.143164  ,  0.        , ..., -0.62837895,
         -0.61674135, -0.95544539],
        ...,
        [ 0.5562036 ,  0.51053767,  0.62837895, ...,  0.        ,
          0.01487081, -0.55777071],
        [ 0.54378377,  0.49769447,  0.61674135, ..., -0.01487081,
          0.        , -0.57005173],
        [ 0.9251794 ,  0.9033459 ,  0.95544539, ...,  0.55777071,
          0.57005173,  0.        ]],

       [[ 0.        , -0.0053939 ,  0.03986395, ...,  0.78272015,
          0.79016753,  0.80748166],
        [ 0.0053939 ,  0.        ,  0.04525298, ...,  0.78606578,
          0.7934619 ,  0.81065173],
        [-0.03986395, -0.04525298,  0.        , ...,  0.7572877 ,
          0.76510719,  0.78332435],
        ...,
        [-0.78272015, -0.78606578, -0.7572877 , ...,  0.        ,
          0.01205752,  0.04083456],
        [-0.79016753, -0.7934619 , -0.76510719, ..., -0.01205752,
          0.        ,  0.02878414],
        [-0.80748166, -0.81065173, -0.78332435, ..., -0.04083456,
         -0.02878414,  0.        ]],

       [[ 0.        ,  0.00604768, -0.06413102, ...,  0.21416477,
          0.10681908, -0.00672926],
        [-0.00604768,  0.        , -0.07016508, ...,  0.20825349,
          0.10080405, -0.01277668],
        [ 0.06413102,  0.07016508,  0.        , ...,  0.27636693,
          0.17036328,  0.05741416],
        ...,
        [-0.21416477, -0.20825349, -0.27636693, ...,  0.        ,
         -0.1085988 , -0.22073304],
        [-0.10681908, -0.10080405, -0.17036328, ...,  0.1085988 ,
          0.        , -0.11350742],
        [ 0.00672926,  0.01277668, -0.05741416, ...,  0.22073304,
          0.11350742,  0.        ]]]), 'num': array([9.51271561e-01, 3.08345122e-01, 1.18840377e-05, 6.82512143e-04,
       6.93866319e-04, 6.69896392e-04, 1.34163468e-03, 3.78472538e-06,
       6.83269088e-04, 7.11654529e-04, 7.19560400e-04, 2.48492070e-07,
       7.54480498e-04, 6.68828559e-04])}
{'img': array([[[ 0.        , -0.15579321, -0.07479686, ...,  0.13566389,
          0.03549325,  0.13566389],
        [ 0.15579321,  0.        ,  0.08147323, ...,  0.28836027,
          0.19075491,  0.28836027],
        [ 0.07479686, -0.08147323,  0.        , ...,  0.20938922,
          0.11014356,  0.20938922],
        ...,
        [-0.13566389, -0.28836027, -0.20938922, ...,  0.        ,
         -0.10041329,  0.        ],
        [-0.03549325, -0.19075491, -0.11014356, ...,  0.10041329,
          0.        ,  0.10041329],
        [-0.13566389, -0.28836027, -0.20938922, ...,  0.        ,
         -0.10041329,  0.        ]],

       [[ 0.        , -0.0036915 ,  0.46811984, ...,  0.04739886,
          0.72828301,  0.65642766],
        [ 0.0036915 ,  0.        ,  0.4713787 , ...,  0.05108589,
          0.73080774,  0.65920802],
        [-0.46811984, -0.4713787 ,  0.        , ..., -0.42570898,
          0.32276668,  0.2269177 ],
        ...,
        [-0.04739886, -0.05108589,  0.42570898, ...,  0.        ,
          0.69498312,  0.61993268],
        [-0.72828301, -0.73080774, -0.32276668, ..., -0.69498312,
          0.        , -0.09957423],
        [-0.65642766, -0.65920802, -0.2269177 , ..., -0.61993268,
          0.09957423,  0.        ]],

       [[ 0.        , -0.05640904, -0.13327977, ...,  0.11999768,
          0.05390346, -0.02384793],
        [ 0.05640904,  0.        , -0.07716177, ...,  0.17580805,
          0.11014466,  0.03258304],
        [ 0.13327977,  0.07716177,  0.        , ...,  0.25124382,
          0.18650855,  0.10960669],
        ...,
        [-0.11999768, -0.17580805, -0.25124382, ...,  0.        ,
         -0.06630926, -0.14363916],
        [-0.05390346, -0.11014466, -0.18650855, ...,  0.06630926,
          0.        , -0.07770139],
        [ 0.02384793, -0.03258304, -0.10960669, ...,  0.14363916,
          0.07770139,  0.        ]],

       ...,

       [[ 0.        ,  0.143164  , -0.11402227, ..., -0.49769447,
         -0.9033459 , -0.60868221],
        [-0.143164  ,  0.        , -0.25507804, ..., -0.61674135,
         -0.95544539, -0.7160005 ],
        [ 0.11402227,  0.25507804,  0.        , ..., -0.39555112,
         -0.84854885, -0.51424563],
        ...,
        [ 0.49769447,  0.61674135,  0.39555112, ...,  0.        ,
         -0.57005173, -0.13306416],
        [ 0.9033459 ,  0.95544539,  0.84854885, ...,  0.57005173,
          0.        ,  0.45565582],
        [ 0.60868221,  0.7160005 ,  0.51424563, ...,  0.13306416,
         -0.45565582,  0.        ]],

       [[ 0.        ,  0.04525298, -0.02836489, ...,  0.7934619 ,
          0.81065173,  0.81564858],
        [-0.04525298,  0.        , -0.0735706 , ...,  0.76510719,
          0.78332435,  0.78863199],
        [ 0.02836489,  0.0735706 ,  0.        , ...,  0.81040608,
          0.82693401,  0.83173083],
        ...,
        [-0.7934619 , -0.76510719, -0.81040608, ...,  0.        ,
          0.02878414,  0.03736445],
        [-0.81065173, -0.78332435, -0.82693401, ..., -0.02878414,
          0.        ,  0.00858493],
        [-0.81564858, -0.78863199, -0.83173083, ..., -0.03736445,
         -0.00858493,  0.        ]],

       [[ 0.        , -0.07016508, -0.11464153, ...,  0.10080405,
         -0.01277668, -0.09852814],
        [ 0.07016508,  0.        , -0.04465651, ...,  0.17036328,
          0.05741416, -0.02846164],
        [ 0.11464153,  0.04465651,  0.        , ...,  0.21419702,
          0.10193973,  0.01620518],
        ...,
        [-0.10080405, -0.17036328, -0.21419702, ...,  0.        ,
         -0.11350742, -0.19833983],
        [ 0.01277668, -0.05741416, -0.10193973, ...,  0.11350742,
          0.        , -0.08580559],
        [ 0.09852814,  0.02846164, -0.01620518, ...,  0.19833983,
          0.08580559,  0.        ]]]), 'num': array([9.81335605e-01, 1.92289172e-01, 1.42170528e-05, 7.07664962e-04,
       7.19140610e-04, 6.94914242e-04, 1.11420892e-03, 1.78510081e-05,
       6.93384156e-04, 7.18375567e-04, 7.27641091e-04, 4.35784103e-07,
       7.61843368e-04, 6.74907766e-04])}
{'img': array([[[ 0.        ,  0.08147323, -0.61378441, ...,  0.19075491,
          0.28836027,  0.64256238],
        [-0.08147323,  0.        , -0.67606487, ...,  0.11014356,
          0.20938922,  0.57799869],
        [ 0.61378441,  0.67606487,  0.        , ...,  0.7531099 ,
          0.81536491,  0.97758819],
        ...,
        [-0.19075491, -0.11014356, -0.7531099 , ...,  0.        ,
          0.10041329,  0.48460067],
        [-0.28836027, -0.20938922, -0.81536491, ..., -0.10041329,
          0.        ,  0.39431634],
        [-0.64256238, -0.57799869, -0.97758819, ..., -0.48460067,
         -0.39431634,  0.        ]],

       [[ 0.        ,  0.4713787 ,  0.51560791, ...,  0.73080774,
          0.65920802,  0.50247758],
        [-0.4713787 ,  0.        ,  0.05084166, ...,  0.32276668,
          0.2269177 ,  0.03560108],
        [-0.51560791, -0.05084166,  0.        , ...,  0.27422871,
          0.17710883, -0.0152544 ],
        ...,
        [-0.73080774, -0.32276668, -0.27422871, ...,  0.        ,
         -0.09957423, -0.28886641],
        [-0.65920802, -0.2269177 , -0.17710883, ...,  0.09957423,
          0.        , -0.19210146],
        [-0.50247758, -0.03560108,  0.0152544 , ...,  0.28886641,
          0.19210146,  0.        ]],

       [[ 0.        , -0.07716177, -0.28676199, ...,  0.11014466,
          0.03258304,  0.11762255],
        [ 0.07716177,  0.        , -0.21198592, ...,  0.18650855,
          0.10960669,  0.19389801],
        [ 0.28676199,  0.21198592,  0.        , ...,  0.39053599,
          0.31782434,  0.39745402],
        ...,
        [-0.11014466, -0.18650855, -0.39053599, ...,  0.        ,
         -0.07770139,  0.00752681],
        [-0.03258304, -0.10960669, -0.31782434, ...,  0.07770139,
          0.        ,  0.08520324],
        [-0.11762255, -0.19389801, -0.39745402, ..., -0.00752681,
         -0.08520324,  0.        ]],

       ...,

       [[ 0.        , -0.25507804, -0.49243101, ..., -0.95544539,
         -0.7160005 , -0.24620375],
        [ 0.25507804,  0.        , -0.25413408, ..., -0.84854885,
         -0.51424563,  0.0091668 ],
        [ 0.49243101,  0.25413408,  0.        , ..., -0.68622347,
         -0.27940612,  0.26298925],
        ...,
        [ 0.95544539,  0.84854885,  0.68622347, ...,  0.        ,
          0.45565582,  0.85336351],
        [ 0.7160005 ,  0.51424563,  0.27940612, ..., -0.45565582,
          0.        ,  0.52208586],
        [ 0.24620375, -0.0091668 , -0.26298925, ..., -0.85336351,
         -0.52208586,  0.        ]],

       [[ 0.        , -0.0735706 , -0.11580106, ...,  0.78332435,
          0.78863199,  0.77709316],
        [ 0.0735706 ,  0.        , -0.04241159, ...,  0.82693401,
          0.83173083,  0.82129152],
        [ 0.11580106,  0.04241159,  0.        , ...,  0.85003795,
          0.85452849,  0.84474873],
        ...,
        [-0.78332435, -0.82693401, -0.85003795, ...,  0.        ,
          0.00858493, -0.0099617 ],
        [-0.78863199, -0.83173083, -0.85452849, ..., -0.00858493,
          0.        , -0.01854584],
        [-0.77709316, -0.82129152, -0.84474873, ...,  0.0099617 ,
          0.01854584,  0.        ]],

       [[ 0.        , -0.04465651, -0.14146056, ...,  0.05741416,
         -0.02846164, -0.05264697],
        [ 0.04465651,  0.        , -0.097112  , ...,  0.10193973,
          0.01620518, -0.00799987],
        [ 0.14146056,  0.097112  ,  0.        , ...,  0.19806401,
          0.11322783,  0.08914683],
        ...,
        [-0.05741416, -0.10193973, -0.19806401, ...,  0.        ,
         -0.08580559, -0.10989466],
        [ 0.02846164, -0.01620518, -0.11322783, ...,  0.08580559,
          0.        , -0.02420348],
        [ 0.05264697,  0.00799987, -0.08914683, ...,  0.10989466,
          0.02420348,  0.        ]]]), 'num': array([9.87887454e-01, 1.55153996e-01, 1.45328701e-05, 7.16021890e-04,
       7.17271492e-04, 6.88530648e-04, 1.28187912e-03, 2.24928342e-05,
       6.86781206e-04, 7.03525871e-04, 7.13939220e-04, 5.35543673e-07,
       7.45308194e-04, 6.61743548e-04])}
{'img': array([[[ 0.00000000e+00, -6.76064873e-01, -2.75831065e-01, ...,
          2.09389222e-01,  5.77998694e-01,  8.88782276e-01],
        [ 6.76064873e-01,  0.00000000e+00,  4.46593757e-01, ...,
          8.15364915e-01,  9.77588191e-01,  9.64752778e-01],
        [ 2.75831065e-01, -4.46593757e-01,  0.00000000e+00, ...,
          4.70982749e-01,  7.80664432e-01,  9.80724527e-01],
        ...,
        [-2.09389222e-01, -8.15364915e-01, -4.70982749e-01, ...,
          0.00000000e+00,  3.94316339e-01,  7.73110796e-01],
        [-5.77998694e-01, -9.77588191e-01, -7.80664432e-01, ...,
         -3.94316339e-01,  0.00000000e+00,  4.60365898e-01],
        [-8.88782276e-01, -9.64752778e-01, -9.80724527e-01, ...,
         -7.73110796e-01, -4.60365898e-01,  0.00000000e+00]],

       [[ 0.00000000e+00,  5.08416614e-02, -2.15686382e-01, ...,
          2.26917695e-01,  3.56010770e-02,  1.90158922e-01],
        [-5.08416614e-02,  0.00000000e+00, -2.65052426e-01, ...,
          1.77108826e-01, -1.52543968e-02,  1.39999025e-01],
        [ 2.15686382e-01,  2.65052426e-01,  0.00000000e+00, ...,
          4.31636637e-01,  2.50312777e-01,  3.97433914e-01],
        ...,
        [-2.26917695e-01, -1.77108826e-01, -4.31636637e-01, ...,
          0.00000000e+00, -1.92101463e-01, -3.75787762e-02],
        [-3.56010770e-02,  1.52543968e-02, -2.50312777e-01, ...,
          1.92101463e-01,  0.00000000e+00,  1.55086901e-01],
        [-1.90158922e-01, -1.39999025e-01, -3.97433914e-01, ...,
          3.75787762e-02, -1.55086901e-01,  0.00000000e+00]],

       [[ 0.00000000e+00, -2.11985919e-01, -4.21977435e-01, ...,
          1.09606690e-01,  1.93898007e-01,  3.88681259e-01],
        [ 2.11985919e-01,  0.00000000e+00, -2.20199258e-01, ...,
          3.17824340e-01,  3.97454018e-01,  5.75165541e-01],
        [ 4.21977435e-01,  2.20199258e-01,  0.00000000e+00, ...,
          5.18805156e-01,  5.89758179e-01,  7.41179203e-01],
        ...,
        [-1.09606690e-01, -3.17824340e-01, -5.18805156e-01, ...,
          0.00000000e+00,  8.52032376e-02,  2.85350903e-01],
        [-1.93898007e-01, -3.97454018e-01, -5.89758179e-01, ...,
         -8.52032376e-02,  0.00000000e+00,  2.02652498e-01],
        [-3.88681259e-01, -5.75165541e-01, -7.41179203e-01, ...,
         -2.85350903e-01, -2.02652498e-01,  0.00000000e+00]],

       ...,

       [[ 0.00000000e+00, -2.54134081e-01, -1.16320312e-01, ...,
         -5.14245625e-01,  9.16680304e-03,  2.49955625e-01],
        [ 2.54134081e-01,  0.00000000e+00,  1.39907556e-01, ...,
         -2.79406122e-01,  2.62989251e-01,  4.87816508e-01],
        [ 1.16320312e-01, -1.39907556e-01,  0.00000000e+00, ...,
         -4.10993502e-01,  1.25420002e-01,  3.60886855e-01],
        ...,
        [ 5.14245625e-01,  2.79406122e-01,  4.10993502e-01, ...,
          0.00000000e+00,  5.22085863e-01,  7.12294757e-01],
        [-9.16680304e-03, -2.62989251e-01, -1.25420002e-01, ...,
         -5.22085863e-01,  0.00000000e+00,  2.41069299e-01],
        [-2.49955625e-01, -4.87816508e-01, -3.60886855e-01, ...,
         -7.12294757e-01, -2.41069299e-01,  0.00000000e+00]],

       [[ 0.00000000e+00, -4.24115897e-02, -2.21834337e-01, ...,
          8.31730833e-01,  8.21291523e-01,  8.00822459e-01],
        [ 4.24115897e-02,  0.00000000e+00, -1.80279858e-01, ...,
          8.54528489e-01,  8.44748728e-01,  8.25502276e-01],
        [ 2.21834337e-01,  1.80279858e-01,  0.00000000e+00, ...,
          9.34165520e-01,  9.27386957e-01,  9.13726450e-01],
        ...,
        [-8.31730833e-01, -8.54528489e-01, -9.34165520e-01, ...,
          0.00000000e+00, -1.85458372e-02, -5.35252257e-02],
        [-8.21291523e-01, -8.44748728e-01, -9.27386957e-01, ...,
          1.85458372e-02,  0.00000000e+00, -3.49967682e-02],
        [-8.00822459e-01, -8.25502276e-01, -9.13726450e-01, ...,
          5.35252257e-02,  3.49967682e-02,  0.00000000e+00]],

       [[ 0.00000000e+00, -9.71119970e-02, -1.23805720e-01, ...,
          1.62051765e-02, -7.99986878e-03, -6.91580658e-04],
        [ 9.71119970e-02,  0.00000000e+00, -2.68556840e-02, ...,
          1.13227827e-01,  8.91468324e-02,  9.64236619e-02],
        [ 1.23805720e-01,  2.68556840e-02,  0.00000000e+00, ...,
          1.39869965e-01,  1.15863437e-01,  1.23119431e-01],
        ...,
        [-1.62051765e-02, -1.13227827e-01, -1.39869965e-01, ...,
          0.00000000e+00, -2.42034762e-02, -1.68966624e-02],
        [ 7.99986878e-03, -8.91468324e-02, -1.15863437e-01, ...,
          2.42034762e-02,  0.00000000e+00,  7.30830834e-03],
        [ 6.91580658e-04, -9.64236619e-02, -1.23119431e-01, ...,
          1.68966624e-02, -7.30830834e-03,  0.00000000e+00]]]), 'num': array([7.55833000e-01, 6.54762391e-01, 1.76081200e-06, 5.49296786e-04,
       5.54081601e-04, 5.40684119e-04, 5.75957777e-04, 9.56963042e-07,
       5.32262844e-04, 5.38387408e-04, 5.47366911e-04, 4.45099089e-07,
       5.69681123e-04, 5.07093692e-04])}
{'img': array([[[ 0.        ,  0.44659376,  0.5393132 , ...,  0.97758819,
          0.96475278,  0.95718597],
        [-0.44659376,  0.        ,  0.10646443, ...,  0.78066443,
          0.98072453,  0.98570669],
        [-0.5393132 , -0.10646443,  0.        , ...,  0.70969254,
          0.95434792,  0.96216832],
        ...,
        [-0.97758819, -0.78066443, -0.70969254, ...,  0.        ,
          0.4603659 ,  0.48449889],
        [-0.96475278, -0.98072453, -0.95434792, ..., -0.4603659 ,
          0.        ,  0.0273795 ],
        [-0.95718597, -0.98570669, -0.96216832, ..., -0.48449889,
         -0.0273795 ,  0.        ]],

       [[ 0.        , -0.26505243, -0.29459754, ..., -0.0152544 ,
          0.13999902, -0.3190985 ],
        [ 0.26505243,  0.        , -0.0307712 , ...,  0.25031278,
          0.39743391, -0.05648973],
        [ 0.29459754,  0.0307712 ,  0.        , ...,  0.27998584,
          0.42548231, -0.02574092],
        ...,
        [ 0.0152544 , -0.25031278, -0.27998584, ...,  0.        ,
          0.1550869 , -0.30460445],
        [-0.13999902, -0.39743391, -0.42548231, ..., -0.1550869 ,
          0.        , -0.448636  ],
        [ 0.3190985 ,  0.05648973,  0.02574092, ...,  0.30460445,
          0.448636  ,  0.        ]],

       [[ 0.        , -0.22019926, -0.37006084, ...,  0.39745402,
          0.57516554,  0.73409434],
        [ 0.22019926,  0.        , -0.15641089, ...,  0.58975818,
          0.7411792 ,  0.86560168],
        [ 0.37006084,  0.15641089,  0.        , ...,  0.70881377,
          0.83705659,  0.93326805],
        ...,
        [-0.39745402, -0.58975818, -0.70881377, ...,  0.        ,
          0.2026525 ,  0.40373102],
        [-0.57516554, -0.7411792 , -0.83705659, ..., -0.2026525 ,
          0.        ,  0.20995164],
        [-0.73409434, -0.86560168, -0.93326805, ..., -0.40373102,
         -0.20995164,  0.        ]],

       ...,

       [[ 0.        ,  0.13990756,  0.30932739, ...,  0.26298925,
          0.48781651,  0.56947441],
        [-0.13990756,  0.        ,  0.17323914, ...,  0.12542   ,
          0.36088685,  0.4488681 ],
        [-0.30932739, -0.17323914,  0.        , ..., -0.04834758,
          0.19386568,  0.28727496],
        ...,
        [-0.26298925, -0.12542   ,  0.04834758, ...,  0.        ,
          0.2410693 ,  0.33324866],
        [-0.48781651, -0.36088685, -0.19386568, ..., -0.2410693 ,
          0.        ,  0.09613092],
        [-0.56947441, -0.4488681 , -0.28727496, ..., -0.33324866,
         -0.09613092,  0.        ]],

       [[ 0.        , -0.18027986, -0.28277876, ...,  0.84474873,
          0.82550228,  0.8037469 ],
        [ 0.18027986,  0.        , -0.10522377, ...,  0.92738696,
          0.91372645,  0.89783915],
        [ 0.28277876,  0.10522377,  0.        , ...,  0.96160321,
          0.95140952,  0.93918736],
        ...,
        [-0.84474873, -0.92738696, -0.96160321, ...,  0.        ,
         -0.03499677, -0.07246558],
        [-0.82550228, -0.91372645, -0.95140952, ...,  0.03499677,
          0.        , -0.03751643],
        [-0.8037469 , -0.89783915, -0.93918736, ...,  0.07246558,
          0.03751643,  0.        ]],

       [[ 0.        , -0.02685568, -0.06874317, ...,  0.08914683,
          0.09642366,  0.10599381],
        [ 0.02685568,  0.        , -0.04192622, ...,  0.11586344,
          0.12311943,  0.13265998],
        [ 0.06874317,  0.04192622,  0.        , ...,  0.15740541,
          0.16461841,  0.174099  ],
        ...,
        [-0.08914683, -0.11586344, -0.15740541, ...,  0.        ,
          0.00730831,  0.01692715],
        [-0.09642366, -0.12311943, -0.16461841, ..., -0.00730831,
          0.        ,  0.00961944],
        [-0.10599381, -0.13265998, -0.174099  , ..., -0.01692715,
         -0.00961944,  0.        ]]]), 'num': array([ 7.79219982e-01,  6.26747992e-01,  2.66559423e-06,  5.64711075e-04,
        5.77545417e-04,  5.58787532e-04,  8.08445113e-04, -1.97451425e-06,
        5.55825760e-04,  5.55134680e-04,  5.65467972e-04,  4.87534382e-07,
        5.86961131e-04,  5.23308230e-04])}
{'img': array([[[ 0.        ,  0.3286711 ,  0.3286711 , ...,  0.97499604,
          0.96824584,  0.98091353],
        [-0.3286711 ,  0.        ,  0.        , ...,  0.99386762,
          0.99662218,  0.99032661],
        [-0.3286711 ,  0.        ,  0.        , ...,  0.99386762,
          0.99662218,  0.99032661],
        ...,
        [-0.97499604, -0.99386762, -0.99386762, ...,  0.        ,
          0.02858327, -0.02839822],
        [-0.96824584, -0.99662218, -0.99662218, ..., -0.02858327,
          0.        , -0.05695836],
        [-0.98091353, -0.99032661, -0.99032661, ...,  0.02839822,
          0.05695836,  0.        ]],

       [[ 0.        , -0.0307712 , -0.08810488, ...,  0.39743391,
         -0.05648973,  0.19328332],
        [ 0.0307712 ,  0.        , -0.05741162, ...,  0.42548231,
         -0.02574092,  0.22338273],
        [ 0.08810488,  0.05741162,  0.        , ...,  0.47673612,
          0.03169414,  0.27897516],
        ...,
        [-0.39743391, -0.42548231, -0.47673612, ...,  0.        ,
         -0.448636  , -0.21257677],
        [ 0.05648973,  0.02574092, -0.03169414, ...,  0.448636  ,
          0.        ,  0.24839918],
        [-0.19328332, -0.22338273, -0.27897516, ...,  0.21257677,
         -0.24839918,  0.        ]],

       [[ 0.        , -0.15641089, -0.30805737, ...,  0.7411792 ,
          0.86560168,  0.95042704],
        [ 0.15641089,  0.        , -0.15546154, ...,  0.83705659,
          0.93326805,  0.98736485],
        [ 0.30805737,  0.15546154,  0.        , ...,  0.91193515,
          0.9777601 ,  0.99999538],
        ...,
        [-0.7411792 , -0.83705659, -0.91193515, ...,  0.        ,
          0.20995164,  0.40756061],
        [-0.86560168, -0.93326805, -0.9777601 , ..., -0.20995164,
          0.        ,  0.20675356],
        [-0.95042704, -0.98736485, -0.99999538, ..., -0.40756061,
         -0.20675356,  0.        ]],

       ...,

       [[ 0.        ,  0.17323914, -0.02067206, ...,  0.36088685,
          0.4488681 ,  0.51391007],
        [-0.17323914,  0.        , -0.19356162, ...,  0.19386568,
          0.28727496,  0.35752747],
        [ 0.02067206,  0.19356162,  0.        , ...,  0.3800887 ,
          0.46724469,  0.53153365],
        ...,
        [-0.36088685, -0.19386568, -0.3800887 , ...,  0.        ,
          0.09613092,  0.16969282],
        [-0.4488681 , -0.28727496, -0.46724469, ..., -0.09613092,
          0.        ,  0.07417018],
        [-0.51391007, -0.35752747, -0.53153365, ..., -0.16969282,
         -0.07417018,  0.        ]],

       [[ 0.        , -0.10522377, -0.22029486, ...,  0.91372645,
          0.89783915,  0.88647624],
        [ 0.10522377,  0.        , -0.11643315, ...,  0.95140952,
          0.93918736,  0.93024987],
        [ 0.22029486,  0.11643315,  0.        , ...,  0.98079162,
          0.97278325,  0.96664523],
        ...,
        [-0.91372645, -0.95140952, -0.98079162, ...,  0.        ,
         -0.03751643, -0.06264715],
        [-0.89783915, -0.93918736, -0.97278325, ...,  0.03751643,
          0.        , -0.02516031],
        [-0.88647624, -0.93024987, -0.96664523, ...,  0.06264715,
          0.02516031,  0.        ]],

       [[ 0.        , -0.04192622, -0.08141033, ...,  0.12311943,
          0.13265998,  0.13730176],
        [ 0.04192622,  0.        , -0.03955169, ...,  0.16461841,
          0.174099  ,  0.17871018],
        [ 0.08141033,  0.03955169,  0.        , ...,  0.2035017 ,
          0.21291043,  0.21748532],
        ...,
        [-0.12311943, -0.16461841, -0.2035017 , ...,  0.        ,
          0.00961944,  0.01430375],
        [-0.13265998, -0.174099  , -0.21291043, ..., -0.00961944,
          0.        ,  0.00468464],
        [-0.13730176, -0.17871018, -0.21748532, ..., -0.01430375,
         -0.00468464,  0.        ]]]), 'num': array([9.31858329e-01, 3.62816728e-01, 9.81106208e-06, 6.79047256e-04,
       6.82559569e-04, 6.66168774e-04, 7.11009308e-04, 9.36616905e-06,
