state_0,state_1,state_2,state_3,state_4,state_5,state_6,state_7,state_8,state_9,state_10,state_11,state_12,state_13,state_14,state_15,state_16,state_17,state_18,state_19,state_20,state_21,state_22,state_23,state_24,state_25,state_26,state_27,state_28,state_29,state_30,state_31,state_32,state_33,state_34,state_35,state_36,state_37,state_38,state_39,state_40,state_41,state_42,state_43,state_44,state_45,state_46,state_47,state_48,state_49,state_50,state_51,state_52,state_53,state_54,state_55,state_56,state_57,state_58,state_59,state_60,state_61,state_62,state_63,state_64,state_65,state_66,state_67,state_68,state_69,state_70,state_71,state_72,state_73,state_74,state_75,state_76,state_77,state_78,state_79,state_80,state_81,state_82,state_83,state_84,state_85,state_86,state_87,state_88,state_89,state_90,state_91,state_92,state_93,state_94,state_95,state_96,state_97,state_98,state_99,state_100,state_101,state_102,state_103,state_104,state_105,state_106,state_107,state_108,state_109,state_110,state_111,state_112,state_113,state_114,state_115,state_116,state_117,state_118,state_119,state_120,state_121,state_122,state_123,state_124,state_125,state_126,state_127,state_128,state_129,state_130,state_131,state_132,state_133,state_134,state_135,state_136,state_137,state_138,state_139,state_140,state_141,state_142,state_143,state_144,state_145,state_146,state_147,state_148,state_149,state_150,state_151,state_152,state_153,state_154,state_155,state_156,state_157,state_158,state_159,state_160,state_161,state_162,state_163,state_164,state_165,state_166,state_167,state_168,state_169,state_170,state_171,state_172,state_173,state_174,state_175,state_176,state_177,state_178,state_179,state_180,state_181,state_182,state_183,state_184,state_185,state_186,state_187,state_188,state_189,state_190,state_191,state_192,state_193,state_194,state_195,state_196,state_197,state_198,state_199,state_200,state_201,state_202,state_203,state_204,state_205,state_206,state_207,state_208,state_209,state_210,state_211,state_212,state_213,state_214,state_215,state_216,state_217,state_218,state_219,state_220,state_221,state_222,state_223,state_224,state_225,state_226,state_227,state_228,state_229,state_230,state_231,state_232,state_233,state_234,state_235,state_236,state_237,state_238,state_239,state_240,state_241,state_242,state_243,state_244,state_245,state_246,state_247,state_248,state_249,state_250,state_251,state_252,state_253,state_254,state_255,state_256,state_257,state_258,state_259,state_260,state_261,state_262,state_263,state_264,state_265,state_266,state_267,state_268,state_269,state_270,state_271,state_272,state_273,state_274,state_275,state_276,state_277,state_278,state_279,state_280,state_281,state_282,state_283,state_284,state_285,state_286,state_287
{'img': array([[[ 0.        , -0.35672215,  0.        , ..., -0.64621206,
         -0.        , -0.44659376],
        [ 0.35672215,  0.        ,  0.35672215, ..., -0.87593343,
         -0.35672215, -0.73638504],
        [ 0.        , -0.35672215,  0.        , ..., -0.64621206,
         -0.        , -0.44659376],
        ...,
        [ 0.64621206,  0.87593343,  0.64621206, ...,  0.        ,
         -0.64621206, -0.23736819],
        [ 0.        ,  0.35672215,  0.        , ...,  0.64621206,
          0.        ,  0.44659376],
        [ 0.44659376,  0.73638504,  0.44659376, ...,  0.23736819,
         -0.44659376,  0.        ]],

       [[ 0.        , -0.6794139 , -0.67067135, ..., -0.73087291,
         -0.54310819, -0.77781473],
        [ 0.6794139 ,  0.        ,  0.01184979, ..., -0.07257262,
          0.17197004, -0.14371832],
        [ 0.67067135, -0.01184979,  0.        , ..., -0.08438607,
          0.16028471, -0.15543501],
        ...,
        [ 0.73087291,  0.07257262,  0.08438607, ...,  0.        ,
          0.24300803, -0.07152014],
        [ 0.54310819, -0.17197004, -0.16028471, ..., -0.24300803,
          0.        , -0.31176199],
        [ 0.77781473,  0.14371832,  0.15543501, ...,  0.07152014,
          0.31176199,  0.        ]],

       [[ 0.        ,  0.08372258,  0.3692264 , ..., -0.88869952,
         -0.74418746, -0.3692264 ],
        [-0.08372258,  0.        ,  0.29012339, ..., -0.84719341,
         -0.68565046, -0.29012339],
        [-0.3692264 , -0.29012339,  0.        , ..., -0.6566169 ,
         -0.44497032, -0.        ],
        ...,
        [ 0.88869952,  0.84719341,  0.6566169 , ...,  0.        ,
         -0.25242277, -0.6566169 ],
        [ 0.74418746,  0.68565046,  0.44497032, ...,  0.25242277,
          0.        , -0.44497032],
        [ 0.3692264 ,  0.29012339,  0.        , ...,  0.6566169 ,
          0.44497032,  0.        ]],

       ...,

       [[ 0.        , -0.06069467,  0.73352377, ..., -0.91823527,
         -0.94306022, -0.92269557],
        [ 0.06069467,  0.        ,  0.7734234 , ..., -0.89250516,
         -0.92113319, -0.89759489],
        [-0.73352377, -0.7734234 ,  0.        , ..., -0.91459261,
         -0.88495006, -0.90991772],
        ...,
        [ 0.91823527,  0.89250516,  0.91459261, ...,  0.        ,
         -0.0680599 , -0.01141341],
        [ 0.94306022,  0.92113319,  0.88495006, ...,  0.0680599 ,
          0.        ,  0.05666852],
        [ 0.92269557,  0.89759489,  0.90991772, ...,  0.01141341,
         -0.05666852,  0.        ]],

       [[ 0.        ,  0.29002218,  0.17995038, ..., -0.5249865 ,
         -0.66002467, -0.68565344],
        [-0.29002218,  0.        , -0.11307167, ..., -0.2555816 ,
         -0.41377935, -0.4450687 ],
        [-0.17995038,  0.11307167,  0.        , ..., -0.36325879,
         -0.51406358, -0.54346968],
        ...,
        [ 0.5249865 ,  0.2555816 ,  0.36325879, ...,  0.        ,
          0.16736103,  0.20141444],
        [ 0.66002467,  0.41377935,  0.51406358, ..., -0.16736103,
          0.        ,  0.03464247],
        [ 0.68565344,  0.4450687 ,  0.54346968, ..., -0.20141444,
         -0.03464247,  0.        ]],

       [[ 0.        , -0.00494564, -0.00110664, ..., -0.91557658,
         -0.99870542, -0.88453143],
        [ 0.00494564,  0.        ,  0.00383901, ..., -0.91357653,
         -0.99844164, -0.88682766],
        [ 0.00110664, -0.00383901,  0.        , ..., -0.915131  ,
         -0.99864852, -0.88504711],
        ...,
        [ 0.91557658,  0.91357653,  0.915131  , ...,  0.        ,
         -0.35505016, -0.78280742],
        [ 0.99870542,  0.99844164,  0.99864852, ...,  0.35505016,
          0.        , -0.51087041],
        [ 0.88453143,  0.88682766,  0.88504711, ...,  0.78280742,
          0.51087041,  0.        ]]]), 'num': array([7.10591434e-01, 7.00276111e-01, 5.13200156e-07, 1.28941539e-03,
       1.29262289e-03, 1.22847287e-03, 6.82581868e-02, 5.13200156e-05,
       1.26247238e-03, 1.34057503e-03, 1.46636253e-03, 2.50768258e-06,
       1.44207559e-03, 1.23907448e-03])}
{'img': array([[[ 0.        ,  0.35672215, -0.12650283, ..., -0.35672215,
         -0.73638504, -0.92537835],
        [-0.35672215,  0.        , -0.47203661, ..., -0.        ,
         -0.44659376, -0.72928455],
        [ 0.12650283,  0.47203661,  0.        , ..., -0.47203661,
         -0.8160562 , -0.96589432],
        ...,
        [ 0.35672215,  0.        ,  0.47203661, ...,  0.        ,
          0.44659376,  0.72928455],
        [ 0.73638504,  0.44659376,  0.8160562 , ..., -0.44659376,
          0.        ,  0.34695361],
        [ 0.92537835,  0.72928455,  0.96589432, ..., -0.72928455,
         -0.34695361,  0.        ]],

       [[ 0.        ,  0.01184979,  0.43674038, ...,  0.17197004,
         -0.14371832, -0.07550869],
        [-0.01184979,  0.        ,  0.42604979, ...,  0.16028471,
         -0.15543501, -0.08731935],
        [-0.43674038, -0.42604979,  0.        , ..., -0.27553179,
         -0.56149364, -0.50342023],
        ...,
        [-0.17197004, -0.16028471,  0.27553179, ...,  0.        ,
         -0.31176199, -0.24586286],
        [ 0.14371832,  0.15543501,  0.56149364, ...,  0.31176199,
          0.        ,  0.06858322],
        [ 0.07550869,  0.08731935,  0.50342023, ...,  0.24586286,
         -0.06858322,  0.        ]],

       [[ 0.        ,  0.28565228,  0.03309451, ..., -0.76430724,
         -0.60128489, -0.28565228],
        [-0.28565228,  0.        , -0.25378023, ..., -0.54825759,
         -0.34798527, -0.        ],
        [-0.03309451,  0.25378023,  0.        , ..., -0.7425475 ,
         -0.57451187, -0.25378023],
        ...,
        [ 0.76430724,  0.54825759,  0.7425475 , ...,  0.        ,
         -0.22296809, -0.54825759],
        [ 0.60128489,  0.34798527,  0.57451187, ...,  0.22296809,
          0.        , -0.34798527],
        [ 0.28565228,  0.        ,  0.25378023, ...,  0.54825759,
          0.34798527,  0.        ]],

       ...,

       [[ 0.        ,  0.7734234 ,  0.24351923, ..., -0.92113319,
         -0.89759489, -0.75477392],
        [-0.7734234 ,  0.        , -0.59577597, ..., -0.88495006,
         -0.90991772, -0.98579762],
        [-0.24351923,  0.59577597,  0.        , ..., -0.98819272,
         -0.97792222, -0.89179722],
        ...,
        [ 0.92113319,  0.88495006,  0.98819272, ...,  0.        ,
          0.05666852,  0.31045568],
        [ 0.89759489,  0.90991772,  0.97792222, ..., -0.05666852,
          0.        ,  0.25608839],
        [ 0.75477392,  0.98579762,  0.89179722, ..., -0.31045568,
         -0.25608839,  0.        ]],

       [[ 0.        , -0.11307167, -0.30969697, ..., -0.41377935,
         -0.4450687 , -0.37872562],
        [ 0.11307167,  0.        , -0.20019829, ..., -0.51406358,
         -0.54346968, -0.48094564],
        [ 0.30969697,  0.20019829,  0.        , ..., -0.67537707,
         -0.70051956, -0.64673302],
        ...,
        [ 0.41377935,  0.51406358,  0.67537707, ...,  0.        ,
          0.03464247, -0.03817334],
        [ 0.4450687 ,  0.54346968,  0.70051956, ..., -0.03464247,
          0.        , -0.07276765],
        [ 0.37872562,  0.48094564,  0.64673302, ...,  0.03817334,
          0.07276765,  0.        ]],

       [[ 0.        ,  0.00378586,  0.02739579, ..., -0.99359258,
         -0.97866185, -0.88105924],
        [-0.00378586,  0.        ,  0.02361116, ..., -0.99401334,
         -0.97787693, -0.87926219],
        [-0.02739579, -0.02361116,  0.        , ..., -0.99631595,
         -0.9726653 , -0.86777017],
        ...,
        [ 0.99359258,  0.99401334,  0.99631595, ...,  0.        ,
         -0.31477041, -0.56955356],
        [ 0.97866185,  0.97787693,  0.9726653 , ...,  0.31477041,
          0.        , -0.28187505],
        [ 0.88105924,  0.87926219,  0.86777017, ...,  0.56955356,
          0.28187505,  0.        ]]]), 'num': array([7.07078961e-01, 7.07078961e-01, 0.00000000e+00, 2.22719061e-04,
       2.23800222e-04, 2.17313259e-04, 8.84752552e-03, 5.40580246e-06,
       2.13421081e-04, 2.25448991e-04, 2.46117176e-04, 4.34394840e-07,
       2.42338902e-04, 2.08559081e-04])}
{'img': array([[[ 0.00000000e+00, -4.72036608e-01, -6.90131265e-01, ...,
         -4.46593757e-01, -7.29284551e-01, -8.33425664e-01],
        [ 4.72036608e-01,  0.00000000e+00, -2.66799754e-01, ...,
         -8.16056198e-01, -9.65894323e-01, -9.95592856e-01],
        [ 6.90131265e-01,  2.66799754e-01,  0.00000000e+00, ...,
         -9.40678719e-01, -9.99966791e-01, -9.84525325e-01],
        ...,
        [ 4.46593757e-01,  8.16056198e-01,  9.40678719e-01, ...,
          0.00000000e+00,  3.46953607e-01,  4.98894834e-01],
        [ 7.29284551e-01,  9.65894323e-01,  9.99966791e-01, ...,
         -3.46953607e-01,  0.00000000e+00,  1.67212940e-01],
        [ 8.33425664e-01,  9.95592856e-01,  9.84525325e-01, ...,
         -4.98894834e-01, -1.67212940e-01,  0.00000000e+00]],

       [[ 0.00000000e+00,  4.26049794e-01,  7.22733621e-01, ...,
         -1.55435006e-01, -8.73193470e-02, -2.90969918e-01],
        [-4.26049794e-01,  0.00000000e+00,  3.59402512e-01, ...,
         -5.61493642e-01, -5.03420230e-01, -6.70855959e-01],
        [-7.22733621e-01, -3.59402512e-01,  0.00000000e+00, ...,
         -8.21374886e-01, -7.80321778e-01, -8.92559607e-01],
        ...,
        [ 1.55435006e-01,  5.61493642e-01,  8.21374886e-01, ...,
          0.00000000e+00,  6.85832234e-02, -1.38723830e-01],
        [ 8.73193470e-02,  5.03420230e-01,  7.80321778e-01, ...,
         -6.85832234e-02,  0.00000000e+00, -2.06317290e-01],
        [ 2.90969918e-01,  6.70855959e-01,  8.92559607e-01, ...,
          1.38723830e-01,  2.06317290e-01,  0.00000000e+00]],

       [[ 0.00000000e+00, -2.53780235e-01, -3.78514802e-01, ...,
         -3.47985273e-01, -0.00000000e+00, -1.88136674e-01],
        [ 2.53780235e-01,  0.00000000e+00, -1.31225171e-01, ...,
         -5.74511868e-01, -2.53780235e-01, -4.31225883e-01],
        [ 3.78514802e-01,  1.31225171e-01,  0.00000000e+00, ...,
         -6.76951138e-01, -3.78514802e-01, -5.45894019e-01],
        ...,
        [ 3.47985273e-01,  5.74511868e-01,  6.76951138e-01, ...,
          0.00000000e+00, -3.47985273e-01, -1.65393118e-01],
        [ 0.00000000e+00,  2.53780235e-01,  3.78514802e-01, ...,
          3.47985273e-01,  0.00000000e+00,  1.88136674e-01],
        [ 1.88136674e-01,  4.31225883e-01,  5.45894019e-01, ...,
          1.65393118e-01, -1.88136674e-01,  0.00000000e+00]],

       ...,

       [[ 0.00000000e+00, -5.95775970e-01, -5.17574432e-01, ...,
         -9.09917720e-01, -9.85797624e-01, -9.91739916e-01],
        [ 5.95775970e-01,  0.00000000e+00,  9.40784216e-02, ...,
         -9.77922219e-01, -8.91797219e-01, -8.72933847e-01],
        [ 5.17574432e-01, -9.40784216e-02,  0.00000000e+00, ...,
         -9.93244422e-01, -9.30406312e-01, -9.14957287e-01],
        ...,
        [ 9.09917720e-01,  9.77922219e-01,  9.93244422e-01, ...,
          0.00000000e+00,  2.56088387e-01,  2.94651902e-01],
        [ 9.85797624e-01,  8.91797219e-01,  9.30406312e-01, ...,
         -2.56088387e-01,  0.00000000e+00,  4.01069999e-02],
        [ 9.91739916e-01,  8.72933847e-01,  9.14957287e-01, ...,
         -2.94651902e-01, -4.01069999e-02,  0.00000000e+00]],

       [[ 0.00000000e+00, -2.89721642e-01, -3.07036552e-01, ...,
         -4.45744466e-01, -3.79310691e-01, -3.12674962e-01],
        [ 2.89721642e-01,  0.00000000e+00, -1.81406188e-02, ...,
         -6.85974206e-01, -6.31112976e-01, -5.74459682e-01],
        [ 3.07036552e-01,  1.81406188e-02,  0.00000000e+00, ...,
         -6.99060909e-01, -6.45080637e-01, -5.89213845e-01],
        ...,
        [ 4.45744466e-01,  6.85974206e-01,  6.99060909e-01, ...,
          0.00000000e+00, -7.28898463e-02, -1.43500723e-01],
        [ 3.79310691e-01,  6.31112976e-01,  6.45080637e-01, ...,
          7.28898463e-02,  0.00000000e+00, -7.09835594e-02],
        [ 3.12674962e-01,  5.74459682e-01,  5.89213845e-01, ...,
          1.43500723e-01,  7.09835594e-02,  0.00000000e+00]],

       [[ 0.00000000e+00,  2.35175711e-02,  2.31449985e-02, ...,
         -9.84589049e-01, -9.40633413e-01, -8.77583127e-01],
        [-2.35175711e-02,  0.00000000e+00, -3.72674060e-04, ...,
         -9.80203889e-01, -9.32390824e-01, -8.66065509e-01],
        [-2.31449985e-02,  3.72674060e-04,  0.00000000e+00, ...,
         -9.80277607e-01, -9.32525463e-01, -8.66251760e-01],
        ...,
        [ 9.84589049e-01,  9.80203889e-01,  9.80277607e-01, ...,
          0.00000000e+00, -1.69691634e-01, -3.18560893e-01],
        [ 9.40633413e-01,  9.32390824e-01,  9.32525463e-01, ...,
          1.69691634e-01,  0.00000000e+00, -1.53089764e-01],
        [ 8.77583127e-01,  8.66065509e-01,  8.66251760e-01, ...,
          3.18560893e-01,  1.53089764e-01,  0.00000000e+00]]]), 'num': array([9.42960950e-01, 3.32829351e-01, 2.96180388e-05, 2.97045569e-04,
       2.99208522e-04, 2.91277694e-04, 6.96760757e-03, 0.00000000e+00,
       2.86951787e-04, 2.99821359e-04, 3.26834241e-04, 5.55620998e-07,
       3.21495426e-04, 2.78147292e-04])}
{'img': array([[[ 0.00000000e+00, -5.54523849e-01, -7.34765065e-01, ...,
         -7.47434362e-01, -8.51425525e-01, -8.51425525e-01],
        [ 5.54523849e-01,  0.00000000e+00, -2.35302303e-01, ...,
         -9.90380802e-01, -9.99363120e-01, -9.99363120e-01],
        [ 7.34765065e-01,  2.35302303e-01,  0.00000000e+00, ...,
         -9.95131568e-01, -9.62906684e-01, -9.62906684e-01],
        ...,
        [ 7.47434362e-01,  9.90380802e-01,  9.95131568e-01, ...,
          0.00000000e+00,  1.73621313e-01,  1.73621313e-01],
        [ 8.51425525e-01,  9.99363120e-01,  9.62906684e-01, ...,
         -1.73621313e-01,  0.00000000e+00,  0.00000000e+00],
        [ 8.51425525e-01,  9.99363120e-01,  9.62906684e-01, ...,
         -1.73621313e-01,  0.00000000e+00,  0.00000000e+00]],

       [[ 0.00000000e+00,  3.59402512e-01, -9.00624824e-02, ...,
         -5.03420230e-01, -6.70855959e-01, -9.17815854e-01],
        [-3.59402512e-01,  0.00000000e+00, -4.41986688e-01, ...,
         -7.80321778e-01, -8.92559607e-01, -9.99174906e-01],
        [ 9.00624824e-02,  4.41986688e-01,  0.00000000e+00, ...,
         -4.23556648e-01, -6.01340452e-01, -8.78330579e-01],
        ...,
        [ 5.03420230e-01,  7.80321778e-01,  4.23556648e-01, ...,
          0.00000000e+00, -2.06317290e-01, -5.93170139e-01],
        [ 6.70855959e-01,  8.92559607e-01,  6.01340452e-01, ...,
          2.06317290e-01,  0.00000000e+00, -4.14306837e-01],
        [ 9.17815854e-01,  9.99174906e-01,  8.78330579e-01, ...,
          5.93170139e-01,  4.14306837e-01,  0.00000000e+00]],

       [[ 0.00000000e+00, -2.87968308e-01, -5.08914717e-01, ...,
         -0.00000000e+00, -1.89681428e-01, -3.58748675e-01],
        [ 2.87968308e-01,  0.00000000e+00, -2.39469060e-01, ...,
         -2.87968308e-01, -4.64386953e-01, -6.12351524e-01],
        [ 5.08914717e-01,  2.39469060e-01,  0.00000000e+00, ...,
         -5.08914717e-01, -6.62956708e-01, -7.83855335e-01],
        ...,
        [ 0.00000000e+00,  2.87968308e-01,  5.08914717e-01, ...,
          0.00000000e+00,  1.89681428e-01,  3.58748675e-01],
        [ 1.89681428e-01,  4.64386953e-01,  6.62956708e-01, ...,
         -1.89681428e-01,  0.00000000e+00,  1.75180709e-01],
        [ 3.58748675e-01,  6.12351524e-01,  7.83855335e-01, ...,
         -3.58748675e-01, -1.75180709e-01,  0.00000000e+00]],

       ...,

       [[ 0.00000000e+00,  3.31574202e-01,  1.41578341e-01, ...,
         -9.72611737e-01, -9.61746759e-01, -9.77513380e-01],
        [-3.31574202e-01,  0.00000000e+00, -1.94665140e-01, ...,
         -9.94659978e-01, -9.98171387e-01, -9.92134791e-01],
        [-1.41578341e-01,  1.94665140e-01,  0.00000000e+00, ...,
         -9.95722549e-01, -9.90843120e-01, -9.97522047e-01],
        ...,
        [ 9.72611737e-01,  9.94659978e-01,  9.95722549e-01, ...,
          0.00000000e+00,  4.28929503e-02, -2.21111734e-02],
        [ 9.61746759e-01,  9.98171387e-01,  9.90843120e-01, ...,
         -4.28929503e-02,  0.00000000e+00, -6.49732877e-02],
        [ 9.77513380e-01,  9.92134791e-01,  9.97522047e-01, ...,
          2.21111734e-02,  6.49732877e-02,  0.00000000e+00]],

       [[ 0.00000000e+00, -1.05038604e-01, -4.69120529e-02, ...,
         -3.83281245e-01, -3.15993376e-01, -1.01975302e-01],
        [ 1.05038604e-01,  0.00000000e+00,  5.82704164e-02, ...,
         -4.78177971e-01, -4.13901918e-01, -2.05902219e-01],
        [ 4.69120529e-02, -5.82704164e-02,  0.00000000e+00, ...,
         -4.26188720e-01, -3.60153819e-01, -1.48530527e-01],
        ...,
        [ 3.83281245e-01,  4.78177971e-01,  4.26188720e-01, ...,
          0.00000000e+00, -7.17809560e-02, -2.87095554e-01],
        [ 3.15993376e-01,  4.13901918e-01,  3.60153819e-01, ...,
          7.17809560e-02,  0.00000000e+00, -2.17595850e-01],
        [ 1.01975302e-01,  2.05902219e-01,  1.48530527e-01, ...,
          2.87095554e-01,  2.17595850e-01,  0.00000000e+00]],

       [[ 0.00000000e+00, -3.72622063e-04,  1.52483811e-02, ...,
         -9.33317879e-01, -8.80107723e-01, -8.66005097e-01],
        [ 3.72622063e-04,  0.00000000e+00,  1.56209588e-02, ...,
         -9.33451604e-01, -8.80284573e-01, -8.66191361e-01],
        [-1.52483811e-02, -1.56209588e-02,  0.00000000e+00, ...,
         -9.27734419e-01, -8.72765863e-01, -8.58279686e-01],
        ...,
        [ 9.33317879e-01,  9.33451604e-01,  9.27734419e-01, ...,
          0.00000000e+00, -1.27111405e-01, -1.55751628e-01],
        [ 8.80107723e-01,  8.80284573e-01,  8.72765863e-01, ...,
          1.27111405e-01,  0.00000000e+00, -2.89280710e-02],
        [ 8.66005097e-01,  8.66191361e-01,  8.58279686e-01, ...,
          1.55751628e-01,  2.89280710e-02,  0.00000000e+00]]]), 'num': array([9.87777177e-01, 1.55665369e-01, 3.98139621e-05, 3.11885985e-04,
       3.14124401e-04, 3.05170736e-04, 7.98481843e-03, 4.47683232e-06,
       3.02932320e-04, 3.09908717e-04, 3.36956246e-04, 7.09201159e-07,
       3.31968571e-04, 2.87848864e-04])}
{'img': array([[[ 0.        , -0.55468403, -0.63684439, ..., -0.87676666,
         -0.87676666, -0.92110553],
        [ 0.55468403,  0.        , -0.10223626, ..., -0.99627985,
         -0.99627985, -0.98236175],
        [ 0.63684439,  0.10223626,  0.        , ..., -0.98224907,
         -0.98224907, -0.95809712],
        ...,
        [ 0.87676666,  0.99627985,  0.98224907, ...,  0.        ,
          0.        ,  0.10163778],
        [ 0.87676666,  0.99627985,  0.98224907, ...,  0.        ,
          0.        ,  0.10163778],
        [ 0.92110553,  0.98236175,  0.95809712, ..., -0.10163778,
         -0.10163778,  0.        ]],

       [[ 0.        , -0.44198669, -0.53355662, ..., -0.89255961,
         -0.99917491, -0.99089615],
        [ 0.44198669,  0.        , -0.10479523, ..., -0.60134045,
         -0.87833058, -0.82935126],
        [ 0.53355662,  0.10479523,  0.        , ..., -0.51429872,
         -0.82339658, -0.76623272],
        ...,
        [ 0.89255961,  0.60134045,  0.51429872, ...,  0.        ,
         -0.41430684, -0.32666028],
        [ 0.99917491,  0.87833058,  0.82339658, ...,  0.41430684,
          0.        ,  0.09427302],
        [ 0.99089615,  0.82935126,  0.76623272, ...,  0.32666028,
         -0.09427302,  0.        ]],

       [[ 0.        , -0.43364891, -0.59292862, ..., -0.19170364,
         -0.36247417, -0.5887074 ],
        [ 0.43364891,  0.        , -0.18507929, ..., -0.59834665,
         -0.73077703, -0.88101205],
        [ 0.59292862,  0.18507929,  0.        , ..., -0.73630181,
         -0.84448995, -0.95335119],
        ...,
        [ 0.19170364,  0.59834665,  0.73630181, ...,  0.        ,
          0.17708471,  0.42282565],
        [ 0.36247417,  0.73077703,  0.84448995, ..., -0.17708471,
          0.        ,  0.25566703],
        [ 0.5887074 ,  0.88101205,  0.95335119, ..., -0.42282565,
         -0.25566703,  0.        ]],

       ...,

       [[ 0.        , -0.19466514, -0.64099468, ..., -0.99817139,
         -0.99213479, -0.973579  ],
        [ 0.19466514,  0.        , -0.47931798, ..., -0.99084312,
         -0.99752205, -0.91050232],
        [ 0.64099468,  0.47931798,  0.        , ..., -0.80488821,
         -0.84174435, -0.60089458],
        ...,
        [ 0.99817139,  0.99084312,  0.80488821, ...,  0.        ,
         -0.06497329,  0.28678317],
        [ 0.99213479,  0.99752205,  0.84174435, ...,  0.06497329,
          0.        ,  0.34842132],
        [ 0.973579  ,  0.91050232,  0.60089458, ..., -0.28678317,
         -0.34842132,  0.        ]],

       [[ 0.        ,  0.09373059,  0.09373059, ..., -0.44036196,
         -0.28573026, -0.09373059],
        [-0.09373059,  0.        ,  0.        , ..., -0.35427009,
         -0.1946494 , -0.        ],
        [-0.09373059,  0.        ,  0.        , ..., -0.35427009,
         -0.1946494 , -0.        ],
        ...,
        [ 0.44036196,  0.35427009,  0.35427009, ...,  0.        ,
         -0.16546887, -0.35427009],
        [ 0.28573026,  0.1946494 ,  0.1946494 , ...,  0.16546887,
          0.        , -0.1946494 ],
        [ 0.09373059,  0.        ,  0.        , ...,  0.35427009,
          0.1946494 ,  0.        ]],

       [[ 0.        ,  0.01562052,  0.01562052, ..., -0.88159212,
         -0.87260373, -0.86617916],
        [-0.01562052,  0.        ,  0.        , ..., -0.87411148,
         -0.86486775, -0.85826738],
        [-0.01562052,  0.        ,  0.        , ..., -0.87411148,
         -0.86486775, -0.85826738],
        ...,
        [ 0.88159212,  0.87411148,  0.87411148, ...,  0.        ,
         -0.01871558, -0.03171423],
        [ 0.87260373,  0.86486775,  0.86486775, ...,  0.01871558,
          0.        , -0.0130025 ],
        [ 0.86617916,  0.85826738,  0.85826738, ...,  0.03171423,
          0.0130025 ,  0.        ]]]), 'num': array([ 9.89671508e-01,  1.43092339e-01,  4.07989961e-05,  3.12160460e-04,
        3.18178012e-04,  3.09903879e-04,  8.60742980e-03, -2.25658164e-06,
        3.09753440e-04,  3.12423728e-04,  3.38512319e-04,  6.86468202e-07,
        3.34662605e-04,  2.90184852e-04])}
{'img': array([[[ 0.        , -0.14013564, -0.25128006, ..., -0.99749616,
         -0.99940673, -0.99984606],
        [ 0.14013564,  0.        , -0.1131612 , ..., -0.99756366,
         -0.98471847, -0.99243867],
        [ 0.25128006,  0.1131612 ,  0.        , ..., -0.9832616 ,
         -0.95868582, -0.97217429],
        ...,
        [ 0.99749616,  0.99756366,  0.9832616 , ...,  0.        ,
          0.10503353,  0.05320801],
        [ 0.99940673,  0.98471847,  0.95868582, ..., -0.10503353,
          0.        , -0.05197105],
        [ 0.99984606,  0.99243867,  0.97217429, ..., -0.05320801,
          0.05197105,  0.        ]],

       [[ 0.        , -0.10479523, -0.30972985, ..., -0.87833058,
         -0.82935126, -0.79671153],
        [ 0.10479523,  0.        , -0.20838253, ..., -0.82339658,
         -0.76623272, -0.72899067],
        [ 0.30972985,  0.20838253,  0.        , ..., -0.6870708 ,
         -0.61551297, -0.57034467],
        ...,
        [ 0.87833058,  0.82339658,  0.6870708 , ...,  0.        ,
          0.09427302,  0.14995673],
        [ 0.82935126,  0.76623272,  0.61551297, ..., -0.09427302,
          0.        ,  0.05608184],
        [ 0.79671153,  0.72899067,  0.57034467, ..., -0.14995673,
         -0.05608184,  0.        ]],

       [[ 0.        , -0.43756457, -0.63912161, ..., -0.37144419,
         -0.60216192, -0.71013549],
        [ 0.43756457,  0.        , -0.23815644, ..., -0.74025692,
         -0.89079634, -0.94661852],
        [ 0.63912161,  0.23815644,  0.        , ..., -0.87907568,
         -0.97338423, -0.99615243],
        ...,
        [ 0.37144419,  0.74025692,  0.87907568, ...,  0.        ,
          0.26252904,  0.39780818],
        [ 0.60216192,  0.89079634,  0.97338423, ..., -0.26252904,
          0.        ,  0.14299254],
        [ 0.71013549,  0.94661852,  0.99615243, ..., -0.39780818,
         -0.14299254,  0.        ]],

       ...,

       [[ 0.        , -0.61998282, -0.85299849, ..., -0.99316422,
         -0.97072014, -0.98628544],
        [ 0.61998282,  0.        , -0.34569841, ..., -0.85161971,
         -0.61271387, -0.67152747],
        [ 0.85299849,  0.34569841,  0.        , ..., -0.61791235,
         -0.30173029, -0.37396941],
        ...,
        [ 0.99316422,  0.85161971,  0.61791235, ...,  0.        ,
          0.35187898,  0.27904495],
        [ 0.97072014,  0.61271387,  0.30173029, ..., -0.35187898,
          0.        , -0.07670289],
        [ 0.98628544,  0.67152747,  0.37396941, ..., -0.27904495,
          0.07670289,  0.        ]],

       [[ 0.        ,  0.        , -0.03499451, ..., -0.1946494 ,
         -0.        , -0.        ],
        [ 0.        ,  0.        , -0.03499451, ..., -0.1946494 ,
         -0.        , -0.        ],
        [ 0.03499451,  0.03499451,  0.        , ..., -0.22885534,
         -0.03499451, -0.03499451],
        ...,
        [ 0.1946494 ,  0.1946494 ,  0.22885534, ...,  0.        ,
         -0.1946494 , -0.1946494 ],
        [ 0.        ,  0.        ,  0.03499451, ...,  0.1946494 ,
          0.        ,  0.        ],
        [ 0.        ,  0.        ,  0.03499451, ...,  0.1946494 ,
          0.        ,  0.        ]],

       [[ 0.        ,  0.        , -0.00461627, ..., -0.86486775,
         -0.85826738, -0.85826738],
        [ 0.        ,  0.        , -0.00461627, ..., -0.86486775,
         -0.85826738, -0.85826738],
        [ 0.00461627,  0.00461627,  0.        , ..., -0.8671759 ,
         -0.86062732, -0.86062732],
        ...,
        [ 0.86486775,  0.86486775,  0.8671759 , ...,  0.        ,
         -0.0130025 , -0.0130025 ],
        [ 0.85826738,  0.85826738,  0.86062732, ...,  0.0130025 ,
          0.        ,  0.        ],
        [ 0.85826738,  0.85826738,  0.86062732, ...,  0.0130025 ,
          0.        ,  0.        ]]]), 'num': array([9.17127629e-01, 3.98435992e-01, 2.46409342e-05, 2.91236196e-04,
       2.97462148e-04, 2.89160878e-04, 1.11798174e-02, 4.15063462e-06,
       2.87500624e-04, 2.87327681e-04, 3.10432881e-04, 6.78961836e-07,
       3.07780177e-04, 2.66875186e-04])}
{'img': array([[[ 0.        , -0.1131612 , -0.05901279, ..., -0.98471847,
         -0.99243867, -0.97456674],
        [ 0.1131612 ,  0.        ,  0.05433026, ..., -0.95868582,
         -0.97217429, -0.9429476 ],
        [ 0.05901279, -0.05433026,  0.        , ..., -0.97272503,
         -0.98346575, -0.95964367],
        ...,
        [ 0.98471847,  0.95868582,  0.97272503, ...,  0.        ,
         -0.05197105,  0.05094844],
        [ 0.99243867,  0.97217429,  0.98346575, ...,  0.05197105,
          0.        ,  0.10278314],
        [ 0.97456674,  0.9429476 ,  0.95964367, ..., -0.05094844,
         -0.10278314,  0.        ]],

       [[ 0.        , -0.20838253, -0.25973975, ..., -0.76623272,
         -0.72899067, -0.52258305],
        [ 0.20838253,  0.        , -0.05280722, ..., -0.61551297,
         -0.57034467, -0.33344647],
        [ 0.25973975,  0.05280722,  0.        , ..., -0.57303538,
         -0.52617274, -0.28319621],
        ...,
        [ 0.76623272,  0.61551297,  0.57303538, ...,  0.        ,
          0.05608184,  0.31748849],
        [ 0.72899067,  0.57034467,  0.52617274, ..., -0.05608184,
          0.        ,  0.26380854],
        [ 0.52258305,  0.33344647,  0.28319621, ..., -0.31748849,
         -0.26380854,  0.        ]],

       [[ 0.        , -0.50518052, -0.64557293, ..., -0.6160958 ,
         -0.72537286, -0.78199263],
        [ 0.50518052,  0.        , -0.17133261, ..., -0.92961527,
         -0.97375084, -0.98974314],
        [ 0.64557293,  0.17133261,  0.        , ..., -0.97901074,
         -0.99835037, -0.99958435],
        ...,
        [ 0.6160958 ,  0.92961527,  0.97901074, ...,  0.        ,
          0.147262  ,  0.23194819],
        [ 0.72537286,  0.97375084,  0.99835037, ..., -0.147262  ,
          0.        ,  0.08617349],
        [ 0.78199263,  0.98974314,  0.99958435, ..., -0.23194819,
         -0.08617349,  0.        ]],

       ...,

       [[ 0.        , -0.70861774, -0.72524938, ..., -0.92085968,
         -0.95214142, -0.88853323],
        [ 0.70861774,  0.        , -0.023857  , ..., -0.37346583,
         -0.45522934, -0.30181995],
        [ 0.72524938,  0.023857  ,  0.        , ..., -0.35122874,
         -0.43385812, -0.27898962],
        ...,
        [ 0.92085968,  0.37346583,  0.35122874, ...,  0.        ,
         -0.08976639,  0.07606779],
        [ 0.95214142,  0.45522934,  0.43385812, ...,  0.08976639,
          0.        ,  0.165267  ],
        [ 0.88853323,  0.30181995,  0.27898962, ..., -0.07606779,
         -0.165267  ,  0.        ]],

       [[ 0.        , -0.03499451, -0.12812919, ..., -0.        ,
         -0.        , -0.        ],
        [ 0.03499451,  0.        , -0.09334465, ..., -0.03499451,
         -0.03499451, -0.03499451],
        [ 0.12812919,  0.09334465,  0.        , ..., -0.12812919,
         -0.12812919, -0.12812919],
        ...,
        [ 0.        ,  0.03499451,  0.12812919, ...,  0.        ,
          0.        ,  0.        ],
        [ 0.        ,  0.03499451,  0.12812919, ...,  0.        ,
          0.        ,  0.        ],
        [ 0.        ,  0.03499451,  0.12812919, ...,  0.        ,
          0.        ,  0.        ]],

       [[ 0.        , -0.00461627,  0.05962334, ..., -0.85826738,
         -0.85826738, -0.85826738],
        [ 0.00461627,  0.        ,  0.06423077, ..., -0.86062732,
         -0.86062732, -0.86062732],
        [-0.05962334, -0.06423077,  0.        , ..., -0.82614161,
         -0.82614161, -0.82614161],
        ...,
        [ 0.85826738,  0.86062732,  0.82614161, ...,  0.        ,
          0.        ,  0.        ],
        [ 0.85826738,  0.86062732,  0.82614161, ...,  0.        ,
          0.        ,  0.        ],
        [ 0.85826738,  0.86062732,  0.82614161, ...,  0.        ,
          0.        ,  0.        ]]]), 'num': array([8.88534275e-01, 4.58789941e-01, 2.03670300e-05, 2.82540653e-04,
       2.82540653e-04, 2.77853960e-04, 4.24199306e-03, 6.69527614e-07,
       2.79594732e-04, 2.77954389e-04, 2.99647084e-04, 6.37645347e-07,
       2.97590049e-04, 2.58318730e-04])}
{'img': array([[[ 0.        ,  0.05433026, -0.0257761 , ..., -0.97217429,
         -0.9429476 , -0.93722309],
        [-0.05433026,  0.        , -0.08005023, ..., -0.98346575,
         -0.95964367, -0.95478544],
        [ 0.0257761 ,  0.08005023,  0.        , ..., -0.965813  ,
         -0.93405238, -0.92792278],
        ...,
        [ 0.97217429,  0.98346575,  0.965813  , ...,  0.        ,
          0.10278314,  0.11947403],
        [ 0.9429476 ,  0.95964367,  0.93405238, ..., -0.10278314,
          0.        ,  0.01679434],
        [ 0.93722309,  0.95478544,  0.92792278, ..., -0.11947403,
         -0.01679434,  0.        ]],

       [[ 0.        , -0.04991891, -0.25550706, ..., -0.51781179,
         -0.31021336, -0.89529097],
        [ 0.04991891,  0.        , -0.20692655, ..., -0.47446087,
         -0.26237035, -0.87193682],
        [ 0.25550706,  0.20692655,  0.        , ..., -0.28203926,
         -0.05701439, -0.75174999],
        ...,
        [ 0.51781179,  0.47446087,  0.28203926, ...,  0.        ,
          0.22688072, -0.5352408 ],
        [ 0.31021336,  0.26237035,  0.05701439, ..., -0.22688072,
          0.        , -0.71292912],
        [ 0.89529097,  0.87193682,  0.75174999, ...,  0.5352408 ,
          0.71292912,  0.        ]],

       [[ 0.        , -0.4492972 , -0.57257415, ..., -0.74645029,
         -0.80328989, -0.8292866 ],
        [ 0.4492972 ,  0.        , -0.14317001, ..., -0.96584638,
         -0.98524114, -0.99194786],
        [ 0.57257415,  0.14317001,  0.        , ..., -0.99299388,
         -0.99959801, -0.99986096],
        ...,
        [ 0.74645029,  0.96584638,  0.99299388, ...,  0.        ,
          0.08996516,  0.13470746],
        [ 0.80328989,  0.98524114,  0.99959801, ..., -0.08996516,
          0.        ,  0.04501605],
        [ 0.8292866 ,  0.99194786,  0.99986096, ..., -0.13470746,
         -0.04501605,  0.        ]],

       ...,

       [[ 0.        , -0.0394464 , -0.90100733, ..., -0.58902183,
         -0.41638607, -0.49451308],
        [ 0.0394464 ,  0.        , -0.88319406, ..., -0.55668607,
         -0.3801978 , -0.45984255],
        [ 0.90100733,  0.88319406,  0.        , ...,  0.47259951,
          0.63855508,  0.56860703],
        ...,
        [ 0.58902183,  0.55668607, -0.47259951, ...,  0.        ,
          0.19904281,  0.11233573],
        [ 0.41638607,  0.3801978 , -0.63855508, ..., -0.19904281,
          0.        , -0.08769495],
        [ 0.49451308,  0.45984255, -0.56860703, ..., -0.11233573,
          0.08769495,  0.        ]],

       [[ 0.        , -0.12305716, -0.16098742, ..., -0.12911062,
         -0.12911062, -0.        ],
        [ 0.12305716,  0.        , -0.03831179, ..., -0.25015652,
         -0.25015652, -0.12305716],
        [ 0.16098742,  0.03831179,  0.        , ..., -0.28706655,
         -0.28706655, -0.16098742],
        ...,
        [ 0.12911062,  0.25015652,  0.28706655, ...,  0.        ,
          0.        , -0.12911062],
        [ 0.12911062,  0.25015652,  0.28706655, ...,  0.        ,
          0.        , -0.12911062],
        [ 0.        ,  0.12305716,  0.16098742, ...,  0.12911062,
          0.12911062,  0.        ]],

       [[ 0.        ,  0.06423077,  0.10713143, ..., -0.86062732,
         -0.86062732, -0.88134443],
        [-0.06423077,  0.        ,  0.0430491 , ..., -0.82614161,
         -0.82614161, -0.84917713],
        [-0.10713143, -0.0430491 ,  0.        , ..., -0.80111919,
         -0.80111919, -0.82565533],
        ...,
        [ 0.86062732,  0.82614161,  0.80111919, ...,  0.        ,
          0.        ,  0.04218741],
        [ 0.86062732,  0.82614161,  0.80111919, ...,  0.        ,
          0.        ,  0.04218741],
        [ 0.88134443,  0.84917713,  0.82565533, ..., -0.04218741,
         -0.04218741,  0.        ]]]), 'num': array([ 7.17424862e-01,  6.96614505e-01,  9.95710849e-07,  2.26199530e-04,
        2.31611002e-04,  2.26199530e-04,  5.42049834e-03, -2.16458880e-06,
        2.26632448e-04,  2.24224342e-04,  2.41541053e-04,  5.10516227e-07,
        2.39416129e-04,  2.09032556e-04])}
{'img': array([[[ 0.        , -0.08005023, -0.21888572, ..., -0.95964367,
         -0.95478544, -0.97272503],
        [ 0.08005023,  0.        , -0.14007422, ..., -0.93405238,
         -0.92792278, -0.95103483],
        [ 0.21888572,  0.14007422,  0.        , ..., -0.87481801,
         -0.86655858, -0.89836393],
        ...,
        [ 0.95964367,  0.93405238,  0.87481801, ...,  0.        ,
          0.01679434, -0.05094844],
        [ 0.95478544,  0.92792278,  0.86655858, ..., -0.01679434,
          0.        , -0.06771378],
        [ 0.97272503,  0.95103483,  0.89836393, ...,  0.05094844,
          0.06771378,  0.        ]],

       [[ 0.        , -0.20692655, -0.19612144, ..., -0.26237035,
         -0.87193682, -0.5492656 ],
        [ 0.20692655,  0.        ,  0.01103127, ..., -0.05701439,
         -0.75174999, -0.36445984],
        [ 0.19612144, -0.01103127,  0.        , ..., -0.06802425,
         -0.7589788 , -0.37471019],
        ...,
        [ 0.26237035,  0.05701439,  0.06802425, ...,  0.        ,
         -0.71292912, -0.3107741 ],
        [ 0.87193682,  0.75174999,  0.7589788 , ...,  0.71292912,
          0.        ,  0.45970157],
        [ 0.5492656 ,  0.36445984,  0.37471019, ...,  0.3107741 ,
         -0.45970157,  0.        ]],

       [[ 0.        , -0.38640289, -0.5033585 , ..., -0.81968431,
         -0.84549674, -0.85977109],
        [ 0.38640289,  0.        , -0.13038059, ..., -0.97735708,
         -0.98615873, -0.99032083],
        [ 0.5033585 ,  0.13038059,  0.        , ..., -0.99660247,
         -0.99935852, -0.99996393],
        ...,
        [ 0.81968431,  0.97735708,  0.99660247, ...,  0.        ,
          0.04661816,  0.07389417],
        [ 0.84549674,  0.98615873,  0.99935852, ..., -0.04661816,
          0.        ,  0.02732312],
        [ 0.85977109,  0.99032083,  0.99996393, ..., -0.07389417,
         -0.02732312,  0.        ]],

       ...,

       [[ 0.        , -0.88319406, -0.95396983, ..., -0.3801978 ,
         -0.45984255, -0.48285265],
        [ 0.88319406,  0.        , -0.18254704, ...,  0.63855508,
          0.56860703,  0.54695284],
        [ 0.95396983,  0.18254704,  0.        , ...,  0.76830935,
          0.70921768,  0.69058416],
        ...,
        [ 0.3801978 , -0.63855508, -0.76830935, ...,  0.        ,
         -0.08769495, -0.11365311],
        [ 0.45984255, -0.56860703, -0.70921768, ...,  0.08769495,
          0.        , -0.02608852],
        [ 0.48285265, -0.54695284, -0.69058416, ...,  0.11365311,
          0.02608852,  0.        ]],

       [[ 0.        , -0.10338175, -0.26320758, ..., -0.30268229,
         -0.27539625, -0.        ],
        [ 0.10338175,  0.        , -0.16206082, ..., -0.39959271,
         -0.37330467, -0.10338175],
        [ 0.26320758,  0.16206082,  0.        , ..., -0.54287039,
         -0.51871512, -0.26320758],
        ...,
        [ 0.30268229,  0.39959271,  0.54287039, ...,  0.        ,
         -0.02849998, -0.30268229],
        [ 0.27539625,  0.37330467,  0.51871512, ...,  0.02849998,
          0.        , -0.27539625],
