state_0,state_1,state_2,state_3,state_4,state_5,state_6,state_7,state_8,state_9,state_10,state_11,state_12,state_13,state_14,state_15,state_16,state_17,state_18,state_19,state_20,state_21,state_22,state_23,state_24,state_25,state_26,state_27,state_28,state_29,state_30,state_31,state_32,state_33,state_34,state_35,state_36,state_37,state_38,state_39,state_40,state_41,state_42,state_43,state_44,state_45,state_46,state_47,state_48,state_49,state_50,state_51,state_52,state_53,state_54,state_55,state_56,state_57,state_58,state_59,state_60,state_61,state_62,state_63,state_64,state_65,state_66,state_67,state_68,state_69,state_70,state_71,state_72,state_73,state_74,state_75,state_76,state_77,state_78,state_79,state_80,state_81,state_82,state_83,state_84,state_85,state_86,state_87,state_88,state_89,state_90,state_91,state_92,state_93,state_94,state_95,state_96,state_97,state_98,state_99,state_100,state_101,state_102,state_103,state_104,state_105,state_106,state_107,state_108,state_109,state_110,state_111,state_112,state_113,state_114,state_115,state_116,state_117,state_118,state_119,state_120,state_121,state_122,state_123,state_124,state_125,state_126,state_127,state_128,state_129,state_130,state_131,state_132,state_133,state_134,state_135,state_136,state_137,state_138,state_139,state_140,state_141,state_142,state_143,state_144,state_145,state_146,state_147,state_148,state_149,state_150,state_151,state_152,state_153,state_154,state_155,state_156,state_157,state_158,state_159,state_160,state_161,state_162,state_163,state_164,state_165,state_166,state_167,state_168,state_169,state_170,state_171,state_172,state_173,state_174,state_175,state_176,state_177,state_178,state_179,state_180,state_181,state_182,state_183,state_184,state_185,state_186,state_187,state_188,state_189,state_190,state_191,state_192,state_193,state_194,state_195,state_196,state_197,state_198,state_199,state_200,state_201,state_202,state_203,state_204,state_205,state_206,state_207,state_208,state_209,state_210,state_211,state_212,state_213,state_214,state_215,state_216,state_217,state_218,state_219,state_220,state_221,state_222,state_223,state_224,state_225,state_226,state_227,state_228,state_229,state_230,state_231,state_232,state_233,state_234,state_235,state_236,state_237,state_238,state_239,state_240,state_241,state_242,state_243,state_244,state_245,state_246,state_247,state_248,state_249,state_250,state_251,state_252,state_253,state_254,state_255,state_256,state_257,state_258,state_259,state_260,state_261,state_262,state_263,state_264,state_265,state_266,state_267,state_268,state_269,state_270,state_271,state_272,state_273,state_274,state_275,state_276,state_277,state_278,state_279,state_280,state_281,state_282,state_283,state_284,state_285,state_286,state_287
{'img': array([[[ 0.        ,  0.88878038,  0.79685798, ...,  0.93518232,
          0.91832237,  0.84059338],
        [-0.88878038,  0.        , -0.1717449 , ...,  0.11384885,
          0.06908885, -0.09615074],
        [-0.79685798,  0.1717449 ,  0.        , ...,  0.28278545,
          0.23939681,  0.07622709],
        ...,
        [-0.93518232, -0.11384885, -0.28278545, ...,  0.        ,
         -0.04493716, -0.20884694],
        [-0.91832237, -0.06908885, -0.23939681, ...,  0.04493716,
          0.        , -0.16468974],
        [-0.84059338,  0.09615074, -0.07622709, ...,  0.20884694,
          0.16468974,  0.        ]],

       [[ 0.        ,  0.69994401, -0.23634257, ..., -0.52991457,
         -0.97464619, -0.54644066],
        [-0.69994401,  0.        , -0.84890977, ..., -0.97205201,
         -0.85270372, -0.97646826],
        [ 0.23634257,  0.84890977,  0.        , ..., -0.31447142,
         -0.89415223, -0.3330235 ],
        ...,
        [ 0.52991457,  0.97205201,  0.31447142, ...,  0.        ,
         -0.70798045, -0.01960726],
        [ 0.97464619,  0.85270372,  0.89415223, ...,  0.70798045,
          0.        ,  0.69399707],
        [ 0.54644066,  0.97646826,  0.3330235 , ...,  0.01960726,
         -0.69399707,  0.        ]],

       [[ 0.        ,  0.43410544,  0.56764148, ...,  0.96242385,
          0.96362962,  0.96362962],
        [-0.43410544,  0.        ,  0.15397815, ...,  0.74912906,
          0.75208644,  0.75208644],
        [-0.56764148, -0.15397815,  0.        , ...,  0.6381963 ,
          0.64163571,  0.64163571],
        ...,
        [-0.96242385, -0.74912906, -0.6381963 , ...,  0.        ,
          0.00447581,  0.00447581],
        [-0.96362962, -0.75208644, -0.64163571, ..., -0.00447581,
          0.        ,  0.        ],
        [-0.96362962, -0.75208644, -0.64163571, ..., -0.00447581,
          0.        ,  0.        ]],

       ...,

       [[ 0.        ,  0.3002827 ,  0.23796556, ..., -0.27491073,
         -0.23979359, -0.06797119],
        [-0.3002827 ,  0.        , -0.06467315, ..., -0.5509364 ,
         -0.52024879, -0.36442257],
        [-0.23796556,  0.06467315,  0.        , ..., -0.49581022,
         -0.46392783, -0.30343383],
        ...,
        [ 0.27491073,  0.5509364 ,  0.49581022, ...,  0.        ,
          0.03633562,  0.20892269],
        [ 0.23979359,  0.52024879,  0.46392783, ..., -0.03633562,
          0.        ,  0.17325096],
        [ 0.06797119,  0.36442257,  0.30343383, ..., -0.20892269,
         -0.17325096,  0.        ]],

       [[ 0.        , -0.23582679, -0.53760936, ...,  0.88805324,
          0.76868105,  0.58878218],
        [ 0.23582679,  0.        , -0.32359841, ...,  0.97142495,
          0.89784291,  0.76279249],
        [ 0.53760936,  0.32359841,  0.        , ...,  0.99596205,
          0.99201957,  0.93100283],
        ...,
        [-0.88805324, -0.97142495, -0.99596205, ...,  0.        ,
         -0.21463361, -0.44711902],
        [-0.76868105, -0.89784291, -0.99201957, ...,  0.21463361,
          0.        , -0.24471446],
        [-0.58878218, -0.76279249, -0.93100283, ...,  0.44711902,
          0.24471446,  0.        ]],

       [[ 0.        ,  0.43593147,  0.57936395, ...,  0.85944109,
          0.89736673,  0.93884199],
        [-0.43593147,  0.        ,  0.16610168, ...,  0.55061634,
          0.61524172,  0.69482664],
        [-0.57936395, -0.16610168,  0.        , ...,  0.40431274,
          0.47575081,  0.56571799],
        ...,
        [-0.85944109, -0.55061634, -0.40431274, ...,  0.        ,
          0.07950615,  0.18402165],
        [-0.89736673, -0.61524172, -0.47575081, ..., -0.07950615,
          0.        ,  0.10529075],
        [-0.93884199, -0.69482664, -0.56571799, ..., -0.18402165,
         -0.10529075,  0.        ]]]), 'num': array([7.73870689e-01, 6.11593420e-01, 3.68393347e-06, 4.29304946e-04,
       4.30766824e-04, 4.24919311e-04, 1.64548366e-01, 4.38563509e-06,
       4.29110028e-04, 4.29304946e-04, 4.39294448e-04, 5.31592132e-07,
       4.46752477e-04, 4.11857414e-04])}
{'img': array([[[ 0.        , -0.18451146,  0.04913701, ...,  0.07319571,
         -0.1027913 ,  0.12035397],
        [ 0.18451146,  0.        ,  0.23258193, ...,  0.25595549,
          0.08250769,  0.30145779],
        [-0.04913701, -0.23258193,  0.        , ...,  0.02410208,
         -0.15154386,  0.07142875],
        ...,
        [-0.07319571, -0.25595549, -0.02410208, ...,  0.        ,
         -0.17532356,  0.04736748],
        [ 0.1027913 , -0.08250769,  0.15154386, ...,  0.17532356,
          0.        ,  0.22176056],
        [-0.12035397, -0.30145779, -0.07142875, ..., -0.04736748,
         -0.22176056,  0.        ]],

       [[ 0.        , -0.84890977, -0.55819073, ..., -0.85270372,
         -0.97646826,  0.55433955],
        [ 0.84890977,  0.        ,  0.4093263 , ..., -0.89415223,
         -0.3330235 ,  0.99952904],
        [ 0.55819073, -0.4093263 ,  0.        , ..., -0.99909503,
         -0.68980801,  0.92451945],
        ...,
        [ 0.85270372,  0.89415223,  0.99909503, ...,  0.        ,
          0.69399707,  0.42011317],
        [ 0.97646826,  0.3330235 ,  0.68980801, ..., -0.69399707,
          0.        ,  0.93225488],
        [-0.55433955, -0.99952904, -0.92451945, ..., -0.42011317,
         -0.93225488,  0.        ]],

       [[ 0.        ,  0.39572897,  0.68569269, ...,  0.94280904,
          0.94280904,  0.92918519],
        [-0.39572897,  0.        ,  0.34167016, ...,  0.73393538,
          0.73393538,  0.70706617],
        [-0.68569269, -0.34167016,  0.        , ...,  0.45769813,
          0.45769813,  0.42290371],
        ...,
        [-0.94280904, -0.73393538, -0.45769813, ...,  0.        ,
          0.        , -0.03874751],
        [-0.94280904, -0.73393538, -0.45769813, ...,  0.        ,
          0.        , -0.03874751],
        [-0.92918519, -0.70706617, -0.42290371, ...,  0.03874751,
          0.03874751,  0.        ]],

       ...,

       [[ 0.        , -0.06467315,  0.31931898, ..., -0.52024879,
         -0.36442257, -0.09318919],
        [ 0.06467315,  0.        ,  0.37993782, ..., -0.46392783,
         -0.30343383, -0.02860239],
        [-0.31931898, -0.37993782,  0.        , ..., -0.76571548,
         -0.64270465, -0.40623993],
        ...,
        [ 0.52024879,  0.46392783,  0.76571548, ...,  0.        ,
          0.17325096,  0.43839994],
        [ 0.36442257,  0.30343383,  0.64270465, ..., -0.17325096,
          0.        ,  0.27605583],
        [ 0.09318919,  0.02860239,  0.40623993, ..., -0.43839994,
         -0.27605583,  0.        ]],

       [[ 0.        , -0.32359841, -0.56584322, ...,  0.89784291,
          0.76279249,  0.66233381],
        [ 0.32359841,  0.        , -0.26858671, ...,  0.99201957,
          0.93100283,  0.86913942],
        [ 0.56584322,  0.26858671,  0.        , ...,  0.9894328 ,
          0.99483097,  0.9700375 ],
        ...,
        [-0.89784291, -0.99201957, -0.9894328 , ...,  0.        ,
         -0.24471446, -0.38103574],
        [-0.76279249, -0.93100283, -0.99483097, ...,  0.24471446,
          0.        , -0.14319714],
        [-0.66233381, -0.86913942, -0.9700375 , ...,  0.38103574,
          0.14319714,  0.        ]],

       [[ 0.        ,  0.2575386 ,  0.30631273, ...,  0.73867813,
          0.80995429,  0.8444666 ],
        [-0.2575386 ,  0.        ,  0.05082123, ...,  0.54016501,
          0.63158834,  0.67804128],
        [-0.30631273, -0.05082123,  0.        , ...,  0.49669792,
          0.59137028,  0.63981028],
        ...,
        [-0.73867813, -0.54016501, -0.49669792, ...,  0.        ,
          0.11272688,  0.17357767],
        [-0.80995429, -0.63158834, -0.59137028, ..., -0.11272688,
          0.        ,  0.06145559],
        [-0.8444666 , -0.67804128, -0.63981028, ..., -0.17357767,
         -0.06145559,  0.        ]]]), 'num': array([6.67180327e-01, 6.67180327e-01, 0.00000000e+00, 2.53931133e-03,
       2.55369022e-03, 2.51630511e-03, 3.31193663e-01, 5.75155454e-06,
       2.52838338e-03, 2.52665791e-03, 2.59284872e-03, 3.34278383e-06,
       2.60592510e-03, 2.44739072e-03])}
{'img': array([[[ 0.        ,  0.23258193,  0.36678975, ...,  0.08250769,
          0.30145779,  0.34538713],
        [-0.23258193,  0.        ,  0.14035933, ..., -0.15154386,
          0.07142875,  0.11764661],
        [-0.36678975, -0.14035933,  0.        , ..., -0.28878193,
         -0.06927917, -0.02290263],
        ...,
        [-0.08250769,  0.15154386,  0.28878193, ...,  0.        ,
          0.22176056,  0.26677932],
        [-0.30145779, -0.07142875,  0.06927917, ..., -0.22176056,
          0.        ,  0.04641339],
        [-0.34538713, -0.11764661,  0.02290263, ..., -0.26677932,
         -0.04641339,  0.        ]],

       [[ 0.        ,  0.4093263 ,  0.2869032 , ..., -0.3330235 ,
          0.99952904, -0.73709557],
        [-0.4093263 ,  0.        , -0.13035099, ..., -0.68980801,
          0.92451945, -0.94913522],
        [-0.2869032 ,  0.13035099,  0.        , ..., -0.58954939,
          0.96631268, -0.89999365],
        ...,
        [ 0.3330235 ,  0.68980801,  0.58954939, ...,  0.        ,
          0.93225488, -0.46996762],
        [-0.99952904, -0.92451945, -0.96631268, ..., -0.93225488,
          0.        , -0.65285082],
        [ 0.73709557,  0.94913522,  0.89999365, ...,  0.46996762,
          0.65285082,  0.        ]],

       [[ 0.        ,  0.59810407,  0.76385316, ...,  0.92078482,
          0.90382799,  0.88740382],
        [-0.59810407,  0.        ,  0.22615558, ...,  0.50463092,
          0.46841808,  0.43546005],
        [-0.76385316, -0.22615558,  0.        , ...,  0.29630847,
          0.25647191,  0.22059072],
        ...,
        [-0.92078482, -0.50463092, -0.29630847, ...,  0.        ,
         -0.04144311, -0.07832484],
        [-0.90382799, -0.46841808, -0.25647191, ...,  0.04144311,
          0.        , -0.03694176],
        [-0.88740382, -0.43546005, -0.22059072, ...,  0.07832484,
          0.03694176,  0.        ]],

       ...,

       [[ 0.        ,  0.37993782,  0.56270048, ..., -0.30343383,
         -0.02860239,  0.10960443],
        [-0.37993782,  0.        ,  0.20642499, ..., -0.64270465,
         -0.40623993, -0.27626339],
        [-0.56270048, -0.20642499,  0.        , ..., -0.78700744,
         -0.58611473, -0.46870468],
        ...,
        [ 0.30343383,  0.64270465,  0.78700744, ...,  0.        ,
          0.27605583,  0.40604259],
        [ 0.02860239,  0.40623993,  0.58611473, ..., -0.27605583,
          0.        ,  0.13798965],
        [-0.10960443,  0.27626339,  0.46870468, ..., -0.40604259,
         -0.13798965,  0.        ]],

       [[ 0.        , -0.26858671,  0.17466164, ...,  0.93100283,
          0.86913942,  0.71352125],
        [ 0.26858671,  0.        ,  0.43270192, ...,  0.99483097,
          0.9700375 ,  0.87548414],
        [-0.17466164, -0.43270192,  0.        , ...,  0.85293835,
          0.76939754,  0.58017955],
        ...,
        [-0.93100283, -0.99483097, -0.85293835, ...,  0.        ,
         -0.14319714, -0.39184807],
        [-0.86913942, -0.9700375 , -0.76939754, ...,  0.14319714,
          0.        , -0.2560641 ],
        [-0.71352125, -0.87548414, -0.58017955, ...,  0.39184807,
          0.2560641 ,  0.        ]],

       [[ 0.        ,  0.05082123,  0.0038275 , ...,  0.63158834,
          0.67804128,  0.78660229],
        [-0.05082123,  0.        , -0.0469983 , ...,  0.59137028,
          0.63981028,  0.75420574],
        [-0.0038275 ,  0.0469983 ,  0.        , ...,  0.62861624,
          0.67522301,  0.7842332 ],
        ...,
        [-0.63158834, -0.59137028, -0.62861624, ...,  0.        ,
          0.06145559,  0.2198753 ],
        [-0.67804128, -0.63981028, -0.67522301, ..., -0.06145559,
          0.        ,  0.15950806],
        [-0.78660229, -0.75420574, -0.7842332 , ..., -0.2198753 ,
         -0.15950806,  0.        ]]]), 'num': array([ 5.91111063e-01,  5.91111063e-01,  0.00000000e+00,  2.21157070e-03,
        2.25233698e-03,  2.19373545e-03,  5.48758057e-01, -3.82183877e-05,
        2.23348258e-03,  2.23360997e-03,  2.29717989e-03,  2.86374695e-06,
        2.29631660e-03,  2.17090334e-03])}
{'img': array([[[ 0.        ,  0.14035933,  0.39431393, ...,  0.07142875,
          0.11764661, -0.26054578],
        [-0.14035933,  0.        ,  0.26142364, ..., -0.06927917,
         -0.02290263, -0.39347808],
        [-0.39431393, -0.26142364,  0.        , ..., -0.32766544,
         -0.28346124, -0.62013019],
        ...,
        [-0.07142875,  0.06927917,  0.32766544, ...,  0.        ,
          0.04641339, -0.32884198],
        [-0.11764661,  0.02290263,  0.28346124, ..., -0.04641339,
          0.        , -0.3723197 ],
        [ 0.26054578,  0.39347808,  0.62013019, ...,  0.32884198,
          0.3723197 ,  0.        ]],

       [[ 0.        , -0.13035099, -0.5739249 , ...,  0.92451945,
         -0.94913522, -0.27736252],
        [ 0.13035099,  0.        , -0.46228266, ...,  0.96631268,
         -0.89999365, -0.14975932],
        [ 0.5739249 ,  0.46228266,  0.        , ...,  0.9758391 ,
         -0.59654333,  0.32427279],
        ...,
        [-0.92451945, -0.96631268, -0.9758391 , ...,  0.        ,
         -0.65285082, -0.99395877],
        [ 0.94913522,  0.89999365,  0.59654333, ...,  0.65285082,
          0.        ,  0.82456342],
        [ 0.27736252,  0.14975932, -0.32427279, ...,  0.99395877,
         -0.82456342,  0.        ]],

       [[ 0.        ,  0.34742435,  0.62370301, ...,  0.62370301,
          0.58926672,  0.51914477],
        [-0.34742435,  0.        ,  0.3132831 , ...,  0.3132831 ,
          0.27186259,  0.18986737],
        [-0.62370301, -0.3132831 ,  0.        , ...,  0.        ,
         -0.04330666, -0.127275  ],
        ...,
        [-0.62370301, -0.3132831 ,  0.        , ...,  0.        ,
         -0.04330666, -0.127275  ],
        [-0.58926672, -0.27186259,  0.04330666, ...,  0.04330666,
          0.        , -0.08420113],
        [-0.51914477, -0.18986737,  0.127275  , ...,  0.127275  ,
          0.08420113,  0.        ]],

       ...,

       [[ 0.        ,  0.20642499,  0.16425421, ..., -0.40623993,
         -0.27626339, -0.34753019],
        [-0.20642499,  0.        , -0.04290476, ..., -0.58611473,
         -0.46870468, -0.5336035 ],
        [-0.16425421,  0.04290476,  0.        , ..., -0.55081238,
         -0.43037295, -0.49682609],
        ...,
        [ 0.40623993,  0.58611473,  0.55081238, ...,  0.        ,
          0.13798965,  0.06335708],
        [ 0.27626339,  0.46870468,  0.43037295, ..., -0.13798965,
          0.        , -0.07496143],
        [ 0.34753019,  0.5336035 ,  0.49682609, ..., -0.06335708,
          0.07496143,  0.        ]],

       [[ 0.        ,  0.43270192,  0.65307846, ...,  0.9700375 ,
          0.87548414,  0.8045004 ],
        [-0.43270192,  0.        ,  0.26109348, ...,  0.76939754,
          0.58017955,  0.46828271],
        [-0.65307846, -0.26109348,  0.        , ...,  0.57593111,
          0.3473975 ,  0.22134299],
        ...,
        [-0.9700375 , -0.76939754, -0.57593111, ...,  0.        ,
         -0.2560641 , -0.38069822],
        [-0.87548414, -0.58017955, -0.3473975 , ...,  0.2560641 ,
          0.        , -0.13122336],
        [-0.8045004 , -0.46828271, -0.22134299, ...,  0.38069822,
          0.13122336,  0.        ]],

       [[ 0.        , -0.0469983 , -0.22453922, ...,  0.63981028,
          0.75420574,  0.77158976],
        [ 0.0469983 ,  0.        , -0.17849289, ...,  0.67522301,
          0.7842332 ,  0.80063371],
        [ 0.22453922,  0.17849289,  0.        , ...,  0.79603853,
          0.88238816,  0.89472125],
        ...,
        [-0.63981028, -0.67522301, -0.79603853, ...,  0.        ,
          0.15950806,  0.18599571],
        [-0.75420574, -0.7842332 , -0.88238816, ..., -0.15950806,
          0.        ,  0.0268896 ],
        [-0.77158976, -0.80063371, -0.89472125, ..., -0.18599571,
         -0.0268896 ,  0.        ]]]), 'num': array([6.05410194e-01, 6.05410194e-01, 0.00000000e+00, 2.29638350e-03,
       2.31204066e-03, 2.28333586e-03, 5.16637906e-01, 3.13143204e-05,
       2.28803301e-03, 2.28451015e-03, 2.35283626e-03, 2.97019299e-06,
       2.34002564e-03, 2.22899465e-03])}
{'img': array([[[ 0.        ,  0.26142364,  0.28216258, ..., -0.02290263,
         -0.39347808, -0.09276407],
        [-0.26142364,  0.        ,  0.02154903, ..., -0.28346124,
         -0.62013019, -0.34983453],
        [-0.28216258, -0.02154903,  0.        , ..., -0.30406059,
         -0.63689138, -0.36994067],
        ...,
        [ 0.02290263,  0.28346124,  0.30406059, ...,  0.        ,
         -0.3723197 , -0.06993585],
        [ 0.39347808,  0.62013019,  0.63689138, ...,  0.3723197 ,
          0.        ,  0.30650029],
        [ 0.09276407,  0.34983453,  0.36994067, ...,  0.06993585,
         -0.30650029,  0.        ]],

       [[ 0.        , -0.46228266, -0.77750774, ..., -0.89999365,
         -0.14975932, -0.28919168],
        [ 0.46228266,  0.        , -0.39872421, ..., -0.59654333,
          0.32427279,  0.18609419],
        [ 0.77750774,  0.39872421,  0.        , ..., -0.22706409,
          0.67455973,  0.56242083],
        ...,
        [ 0.89999365,  0.59654333,  0.22706409, ...,  0.        ,
          0.82456342,  0.7354785 ],
        [ 0.14975932, -0.32427279, -0.67455973, ..., -0.82456342,
          0.        , -0.14257002],
        [ 0.28919168, -0.18609419, -0.56242083, ..., -0.7354785 ,
          0.14257002,  0.        ]],

       [[ 0.        ,  0.3132831 ,  0.42784638, ...,  0.27186259,
          0.18986737,  0.19643128],
        [-0.3132831 ,  0.        ,  0.12314711, ..., -0.04330666,
         -0.127275  , -0.12063671],
        [-0.42784638, -0.12314711,  0.        , ..., -0.16600861,
         -0.24845186, -0.24196621],
        ...,
        [-0.27186259,  0.04330666,  0.16600861, ...,  0.        ,
         -0.08420113, -0.07753315],
        [-0.18986737,  0.127275  ,  0.24845186, ...,  0.08420113,
          0.        ,  0.00668985],
        [-0.19643128,  0.12063671,  0.24196621, ...,  0.07753315,
         -0.00668985,  0.        ]],

       ...,

       [[ 0.        , -0.04290476, -0.28797272, ..., -0.46870468,
         -0.5336035 , -0.5100417 ],
        [ 0.04290476,  0.        , -0.2466203 , ..., -0.43037295,
         -0.49682609, -0.47266753],
        [ 0.28797272,  0.2466203 ,  0.        , ..., -0.19446758,
         -0.26745077, -0.24073598],
        ...,
        [ 0.46870468,  0.43037295,  0.19446758, ...,  0.        ,
         -0.07496143, -0.04739167],
        [ 0.5336035 ,  0.49682609,  0.26745077, ...,  0.07496143,
          0.        ,  0.02761887],
        [ 0.5100417 ,  0.47266753,  0.24073598, ...,  0.04739167,
         -0.02761887,  0.        ]],

       [[ 0.        ,  0.52954155,  0.70591841, ...,  0.82845851,
          0.73645358,  0.62045292],
        [-0.52954155,  0.        ,  0.22374863, ...,  0.40619813,
          0.26649324,  0.11103067],
        [-0.70591841, -0.22374863,  0.        , ...,  0.19144159,
          0.04407964, -0.11414949],
        ...,
        [-0.82845851, -0.40619813, -0.19144159, ...,  0.        ,
         -0.14799117, -0.30222843],
        [-0.73645358, -0.26649324, -0.04407964, ...,  0.14799117,
          0.        , -0.15783006],
        [-0.62045292, -0.11103067,  0.11414949, ...,  0.30222843,
          0.15783006,  0.        ]],

       [[ 0.        , -0.17849289, -0.36580196, ...,  0.7842332 ,
          0.80063371,  0.83344331],
        [ 0.17849289,  0.        , -0.19380559, ...,  0.88238816,
          0.89472125,  0.91869527],
        [ 0.36580196,  0.19380559,  0.        , ...,  0.95684787,
          0.96431571,  0.9778236 ],
        ...,
        [-0.7842332 , -0.88238816, -0.95684787, ...,  0.        ,
          0.0268896 ,  0.08375224],
        [-0.80063371, -0.89472125, -0.96431571, ..., -0.0268896 ,
          0.        ,  0.05692683],
        [-0.83344331, -0.91869527, -0.9778236 , ..., -0.08375224,
         -0.05692683,  0.        ]]]), 'num': array([ 6.47683496e-01,  6.47683496e-01,  0.00000000e+00,  2.44556354e-03,
        2.50419007e-03,  2.43718833e-03,  4.01202907e-01, -1.11669568e-05,
        2.45003033e-03,  2.44081759e-03,  2.51675289e-03,  2.83987264e-06,
        2.49202451e-03,  2.38961067e-03])}
{'img': array([[[ 0.        ,  0.02154903, -0.08654946, ..., -0.62013019,
         -0.34983453, -0.43899334],
        [-0.02154903,  0.        , -0.10799753, ..., -0.63689138,
         -0.36994067, -0.458253  ],
        [ 0.08654946,  0.10799753,  0.        , ..., -0.54990522,
         -0.26744126, -0.35958219],
        ...,
        [ 0.62013019,  0.63689138,  0.54990522, ...,  0.        ,
          0.30650029,  0.21279116],
        [ 0.34983453,  0.36994067,  0.26744126, ..., -0.30650029,
          0.        , -0.09693108],
        [ 0.43899334,  0.458253  ,  0.35958219, ..., -0.21279116,
          0.09693108,  0.        ]],

       [[ 0.        , -0.39872421, -0.03227112, ...,  0.32427279,
          0.18609419, -0.29471238],
        [ 0.39872421,  0.        ,  0.36892163, ...,  0.67455973,
          0.56242083,  0.11074314],
        [ 0.03227112, -0.36892163,  0.        , ...,  0.3546312 ,
          0.21770468, -0.26372104],
        ...,
        [-0.32427279, -0.67455973, -0.3546312 , ...,  0.        ,
         -0.14257002, -0.58865772],
        [-0.18609419, -0.56242083, -0.21770468, ...,  0.14257002,
          0.        , -0.46739332],
        [ 0.29471238, -0.11074314,  0.26372104, ...,  0.58865772,
          0.46739332,  0.        ]],

       [[ 0.        ,  0.12314711,  0.24807612, ..., -0.127275  ,
         -0.12063671, -0.09439463],
        [-0.12314711,  0.        ,  0.12689027, ..., -0.24845186,
         -0.24196621, -0.21627338],
        [-0.24807612, -0.12689027,  0.        , ..., -0.36935509,
         -0.36313002, -0.33841233],
        ...,
        [ 0.127275  ,  0.24845186,  0.36935509, ...,  0.        ,
          0.00668985,  0.03307974],
        [ 0.12063671,  0.24196621,  0.36313002, ..., -0.00668985,
          0.        ,  0.02639281],
        [ 0.09439463,  0.21627338,  0.33841233, ..., -0.03307974,
         -0.02639281,  0.        ]],

       ...,

       [[ 0.        , -0.2466203 , -0.41811303, ..., -0.49682609,
         -0.47266753, -0.66111542],
        [ 0.2466203 ,  0.        , -0.18116979, ..., -0.26745077,
         -0.24073598, -0.4556597 ],
        [ 0.41811303,  0.18116979,  0.        , ..., -0.08845489,
         -0.06091054, -0.28685034],
        ...,
        [ 0.49682609,  0.26745077,  0.08845489, ...,  0.        ,
          0.02761887, -0.20098833],
        [ 0.47266753,  0.24073598,  0.06091054, ..., -0.02761887,
          0.        , -0.22796692],
        [ 0.66111542,  0.4556597 ,  0.28685034, ...,  0.20098833,
          0.22796692,  0.        ]],

       [[ 0.        ,  0.34358392,  0.49058465, ...,  0.39589615,
          0.19153499, -0.26218915],
        [-0.34358392,  0.        ,  0.16132202, ...,  0.05628328,
         -0.15734802, -0.57779175],
        [-0.49058465, -0.16132202,  0.        , ..., -0.10552022,
         -0.31459951, -0.70189222],
        ...,
        [-0.39589615, -0.05628328,  0.10552022, ...,  0.        ,
         -0.21268077, -0.62281339],
        [-0.19153499,  0.15734802,  0.31459951, ...,  0.21268077,
          0.        , -0.44216935],
        [ 0.26218915,  0.57779175,  0.70189222, ...,  0.62281339,
          0.44216935,  0.        ]],

       [[ 0.        , -0.19380559, -0.29707189, ...,  0.89472125,
          0.91869527,  0.93631647],
        [ 0.19380559,  0.        , -0.10638313, ...,  0.96431571,
          0.9778236 ,  0.98662012],
        [ 0.29707189,  0.10638313,  0.        , ...,  0.98700889,
          0.9945545 ,  0.99836554],
        ...,
        [-0.89472125, -0.96431571, -0.98700889, ...,  0.        ,
          0.05692683,  0.10399441],
        [-0.91869527, -0.9778236 , -0.9945545 , ..., -0.05692683,
          0.        ,  0.0472076 ],
        [-0.93631647, -0.98662012, -0.99836554, ..., -0.10399441,
         -0.0472076 ,  0.        ]]]), 'num': array([ 6.07434109e-01,  6.07434109e-01,  0.00000000e+00,  2.26478666e-03,
        2.28573266e-03,  2.25693190e-03,  5.11864877e-01, -2.88007552e-05,
        2.28939821e-03,  2.28730361e-03,  2.35900003e-03,  2.73410226e-06,
        2.33610151e-03,  2.23850571e-03])}
{'img': array([[[ 0.        , -0.10799753, -0.48042407, ..., -0.36994067,
         -0.458253  , -0.70481558],
        [ 0.10799753,  0.        , -0.38289639, ..., -0.26744126,
         -0.35958219, -0.6240808 ],
        [ 0.48042407,  0.38289639,  0.        , ...,  0.12188916,
          0.02510686, -0.27734056],
        ...,
        [ 0.36994067,  0.26744126, -0.12188916, ...,  0.        ,
         -0.09693108, -0.39238028],
        [ 0.458253  ,  0.35958219, -0.02510686, ...,  0.09693108,
          0.        , -0.30137509],
        [ 0.70481558,  0.6240808 ,  0.27734056, ...,  0.39238028,
          0.30137509,  0.        ]],

       [[ 0.        ,  0.36892163,  0.78541634, ...,  0.56242083,
          0.11074314,  0.54526639],
        [-0.36892163,  0.        ,  0.95836409, ...,  0.21770468,
         -0.26372104,  0.19755029],
        [-0.78541634, -0.95836409,  0.        , ..., -0.9975428 ,
         -0.84913174, -0.99588767],
        ...,
        [-0.56242083, -0.21770468,  0.9975428 , ...,  0.        ,
         -0.46739332, -0.02060233],
        [-0.11074314,  0.26372104,  0.84913174, ...,  0.46739332,
          0.        ,  0.44908063],
        [-0.54526639, -0.19755029,  0.99588767, ...,  0.02060233,
         -0.44908063,  0.        ]],

       [[ 0.        ,  0.12689027,  0.11076514, ..., -0.24196621,
         -0.21627338, -0.3216059 ],
        [-0.12689027,  0.        , -0.01623967, ..., -0.36313002,
         -0.33841233, -0.43915534],
        [-0.11076514,  0.01623967,  0.        , ..., -0.34795102,
         -0.32308621, -0.42450753],
        ...,
        [ 0.24196621,  0.36313002,  0.34795102, ...,  0.        ,
          0.02639281, -0.08293786],
        [ 0.21627338,  0.33841233,  0.32308621, ..., -0.02639281,
          0.        , -0.10921085],
        [ 0.3216059 ,  0.43915534,  0.42450753, ...,  0.08293786,
          0.10921085,  0.        ]],

       ...,

       [[ 0.        , -0.18116979, -0.50738589, ..., -0.24073598,
         -0.4556597 , -0.40996695],
        [ 0.18116979,  0.        , -0.34287214, ..., -0.06091054,
         -0.28685034, -0.23793771],
        [ 0.50738589,  0.34287214,  0.        , ...,  0.28501723,
          0.05900101,  0.10951057],
        ...,
        [ 0.24073598,  0.06091054, -0.28501723, ...,  0.        ,
         -0.22796692, -0.1783347 ],
        [ 0.4556597 ,  0.28685034, -0.05900101, ...,  0.22796692,
          0.        ,  0.05067364],
        [ 0.40996695,  0.23793771, -0.10951057, ...,  0.1783347 ,
         -0.05067364,  0.        ]],

       [[ 0.        ,  0.15788785,  0.1997504 , ..., -0.15187012,
         -0.46983649, -0.59061747],
        [-0.15788785,  0.        ,  0.04253903, ..., -0.30602164,
         -0.6033194 , -0.71061725],
        [-0.1997504 , -0.04253903,  0.        , ..., -0.34624284,
         -0.63669814, -0.73990356],
        ...,
        [ 0.15187012,  0.30602164,  0.34624284, ...,  0.        ,
         -0.33032273, -0.46121473],
        [ 0.46983649,  0.6033194 ,  0.63669814, ...,  0.33032273,
          0.        , -0.14223427],
        [ 0.59061747,  0.71061725,  0.73990356, ...,  0.46121473,
          0.14223427,  0.        ]],

       [[ 0.        , -0.10638313,  0.14233595, ...,  0.9778236 ,
          0.98662012,  0.98198098],
        [ 0.10638313,  0.        ,  0.2468282 , ...,  0.9945545 ,
          0.99836554,  0.99651271],
        [-0.14233595, -0.2468282 ,  0.        , ...,  0.93805835,
          0.95336887,  0.94508423],
        ...,
        [-0.9778236 , -0.9945545 , -0.93805835, ...,  0.        ,
          0.0472076 ,  0.02086758],
        [-0.98662012, -0.99836554, -0.95336887, ..., -0.0472076 ,
          0.        , -0.02635301],
        [-0.98198098, -0.99651271, -0.94508423, ..., -0.02086758,
          0.02635301,  0.        ]]]), 'num': array([5.68249236e-01, 5.53134646e-01, 3.42734463e-07, 2.15922712e-03,
       2.15922712e-03, 2.11271316e-03, 6.09178047e-01, 4.16177563e-05,
       2.14013191e-03, 2.14013191e-03, 2.20508825e-03, 2.61693802e-06,
       2.18641596e-03, 2.09384787e-03])}
{'img': array([[[ 0.        , -0.38289639, -0.26744126, ..., -0.35958219,
         -0.6240808 , -0.22198436],
        [ 0.38289639,  0.        ,  0.12188916, ...,  0.02510686,
         -0.27734056,  0.16827599],
        [ 0.26744126, -0.12188916,  0.        , ..., -0.09693108,
         -0.39238028,  0.04687026],
        ...,
        [ 0.35958219, -0.02510686,  0.09693108, ...,  0.        ,
         -0.30137509,  0.14347411],
        [ 0.6240808 ,  0.27734056,  0.39238028, ...,  0.30137509,
          0.        ,  0.43506046],
        [ 0.22198436, -0.16827599, -0.04687026, ..., -0.14347411,
         -0.43506046,  0.        ]],

       [[ 0.        ,  0.95836409,  0.1228112 , ..., -0.26372104,
          0.19755029,  0.59701667],
        [-0.95836409,  0.        , -0.98617795, ..., -0.84913174,
         -0.99588767, -0.93930486],
        [-0.1228112 ,  0.98617795,  0.        , ..., -0.38018825,
          0.07566391,  0.4939746 ],
        ...,
        [ 0.26372104,  0.84913174,  0.38018825, ...,  0.        ,
          0.44908063,  0.7874463 ],
        [-0.19755029,  0.99588767, -0.07566391, ..., -0.44908063,
          0.        ,  0.42677058],
        [-0.59701667,  0.93930486, -0.4939746 , ..., -0.7874463 ,
         -0.42677058,  0.        ]],

       [[ 0.        , -0.01623967, -0.03803285, ..., -0.33841233,
         -0.43915534, -0.44563162],
        [ 0.01623967,  0.        , -0.02179992, ..., -0.32308621,
         -0.42450753, -0.43103484],
        [ 0.03803285,  0.02179992,  0.        , ..., -0.30237865,
         -0.40466847, -0.41126157],
        ...,
        [ 0.33841233,  0.32308621,  0.30237865, ...,  0.        ,
         -0.10921085, -0.11638616],
        [ 0.43915534,  0.42450753,  0.40466847, ...,  0.10921085,
          0.        , -0.00722135],
        [ 0.44563162,  0.43103484,  0.41126157, ...,  0.11638616,
          0.00722135,  0.        ]],

       ...,

       [[ 0.        , -0.34287214,  0.08847901, ..., -0.28685034,
         -0.23793771, -0.1924148 ],
        [ 0.34287214,  0.        ,  0.424643  , ...,  0.05900101,
          0.10951057,  0.1557141 ],
        [-0.08847901, -0.424643  ,  0.        , ..., -0.37048604,
         -0.32294245, -0.27848582],
        ...,
        [ 0.28685034, -0.05900101,  0.37048604, ...,  0.        ,
          0.05067364,  0.09716151],
        [ 0.23793771, -0.10951057,  0.32294245, ..., -0.05067364,
          0.        ,  0.0466028 ],
        [ 0.1924148 , -0.1557141 ,  0.27848582, ..., -0.09716151,
         -0.0466028 ,  0.        ]],

       [[ 0.        ,  0.04253903,  0.05171311, ..., -0.6033194 ,
         -0.71061725, -0.54894416],
        [-0.04253903,  0.        ,  0.00918419, ..., -0.63669814,
         -0.73990356, -0.58400389],
        [-0.05171311, -0.00918419,  0.        , ..., -0.64375333,
         -0.74605068, -0.59143453],
        ...,
        [ 0.6033194 ,  0.63669814,  0.64375333, ...,  0.        ,
         -0.14223427,  0.06650719],
        [ 0.71061725,  0.73990356,  0.74605068, ...,  0.14223427,
          0.        ,  0.20775037],
        [ 0.54894416,  0.58400389,  0.59143453, ..., -0.06650719,
         -0.20775037,  0.        ]],

       [[ 0.        ,  0.2468282 ,  0.53190544, ...,  0.99836554,
          0.99651271,  0.99720721],
        [-0.2468282 ,  0.        ,  0.30643284, ...,  0.95336887,
          0.94508423,  0.94791865],
        [-0.53190544, -0.30643284,  0.        , ...,  0.81502072,
          0.79946789,  0.80471374],
        ...,
        [-0.99836554, -0.95336887, -0.81502072, ...,  0.        ,
         -0.02635301, -0.01757093],
        [-0.99651271, -0.94508423, -0.79946789, ...,  0.02635301,
          0.        ,  0.00878411],
        [-0.99720721, -0.94791865, -0.80471374, ...,  0.01757093,
         -0.00878411,  0.        ]]]), 'num': array([4.75298971e-01, 4.62210676e-01, 2.86395960e-07, 1.86975648e-03,
       1.88612197e-03, 1.81861435e-03, 7.48615719e-01, 6.54619338e-05,
       1.80715851e-03, 1.79345242e-03, 1.84336714e-03, 2.55710679e-06,
       1.84473510e-03, 1.74216973e-03])}
{'img': array([[[ 0.        ,  0.12188916,  0.07419806, ..., -0.27734056,
          0.16827599,  0.76564527],
        [-0.12188916,  0.        , -0.04790836, ..., -0.39238028,
          0.04687026,  0.68152962],
        [-0.07419806,  0.04790836,  0.        , ..., -0.34786347,
          0.09467215,  0.71580593],
        ...,
        [ 0.27734056,  0.39238028,  0.34786347, ...,  0.        ,
          0.43506046,  0.91401322],
        [-0.16827599, -0.04687026, -0.09467215, ..., -0.43506046,
          0.        ,  0.64648139],
        [-0.76564527, -0.68152962, -0.71580593, ..., -0.91401322,
         -0.64648139,  0.        ]],

       [[ 0.        , -0.94797296, -0.75967978, ..., -0.92355756,
         -0.70413481,  0.60640055],
        [ 0.94797296,  0.        ,  0.37461958, ...,  0.06949419,
          0.44896174,  0.94683769],
        [ 0.75967978, -0.37461958,  0.        , ..., -0.30928037,
          0.08152602,  0.99840714],
        ...,
        [ 0.92355756, -0.06949419,  0.30928037, ...,  0.        ,
          0.38577971,  0.96690566],
        [ 0.70413481, -0.44896174, -0.08152602, ..., -0.38577971,
          0.        ,  0.99048397],
        [-0.60640055, -0.94683769, -0.99840714, ..., -0.96690566,
         -0.99048397,  0.        ]],

       [[ 0.        , -0.02179992, -0.12209514, ..., -0.42450753,
         -0.43103484, -0.15063659],
        [ 0.02179992,  0.        , -0.10042931, ..., -0.40466847,
         -0.41126157, -0.12904963],
        [ 0.12209514,  0.10042931,  0.        , ..., -0.31078361,
         -0.31763925, -0.02880765],
        ...,
        [ 0.42450753,  0.40466847,  0.31078361, ...,  0.        ,
         -0.00722135,  0.28327351],
        [ 0.43103484,  0.41126157,  0.31763925, ...,  0.00722135,
          0.        ,  0.29019168],
        [ 0.15063659,  0.12904963,  0.02880765, ..., -0.28327351,
         -0.29019168,  0.        ]],

       ...,

       [[ 0.        ,  0.424643  ,  0.40627375, ...,  0.10951057,
          0.1557141 ,  0.49329519],
        [-0.424643  ,  0.        , -0.02019378, ..., -0.32294245,
         -0.27848582,  0.07722937],
        [-0.40627375,  0.02019378,  0.        , ..., -0.30376483,
         -0.25903411,  0.09734709],
        ...,
        [-0.10951057,  0.32294245,  0.30376483, ...,  0.        ,
          0.0466028 ,  0.39506925],
        [-0.1557141 ,  0.27848582,  0.25903411, ..., -0.0466028 ,
          0.        ,  0.35182828],
        [-0.49329519, -0.07722937, -0.09734709, ..., -0.39506925,
         -0.35182828,  0.        ]],

       [[ 0.        ,  0.00918419, -0.05900923, ..., -0.73990356,
         -0.58400389, -0.12596972],
        [-0.00918419,  0.        , -0.06817492, ..., -0.74605068,
         -0.59143453, -0.13507543],
        [ 0.05900923,  0.06817492,  0.        , ..., -0.69891796,
         -0.53508544, -0.06721105],
        ...,
        [ 0.73990356,  0.74605068,  0.69891796, ...,  0.        ,
          0.20775037,  0.64926809],
        [ 0.58400389,  0.59143453,  0.53508544, ..., -0.20775037,
          0.        ,  0.47709574],
        [ 0.12596972,  0.13507543,  0.06721105, ..., -0.64926809,
         -0.47709574,  0.        ]],

       [[ 0.        ,  0.48263163,  0.73480318, ...,  0.99494051,
          0.9957985 ,  0.98181553],
        [-0.48263163,  0.        ,  0.31619829, ...,  0.82290427,
          0.82794838,  0.76827549],
        [-0.73480318, -0.31619829,  0.        , ...,  0.60102606,
          0.60814357,  0.52645303],
        ...,
        [-0.99494051, -0.82290427, -0.60102606, ...,  0.        ,
          0.00893549, -0.09023814],
        [-0.9957985 , -0.82794838, -0.60814357, ..., -0.00893549,
          0.        , -0.09913357],
        [-0.98181553, -0.76827549, -0.52645303, ...,  0.09023814,
          0.09913357,  0.        ]]]), 'num': array([6.11953080e-01, 5.94886671e-01, 3.68604942e-07, 2.43805840e-03,
       2.44858997e-03, 2.41436237e-03, 5.21131666e-01, 3.15947093e-05,
       2.35011979e-03, 2.31786686e-03, 2.37473734e-03, 3.58073372e-06,
       2.39897149e-03, 2.23676223e-03])}
{'img': array([[[ 0.        , -0.04790836,  0.15988061, ...,  0.04687026,
          0.68152962,  0.86195311],
        [ 0.04790836,  0.        ,  0.20698911, ...,  0.09467215,
          0.71580593,  0.88525232],
        [-0.15988061, -0.20698911,  0.        , ..., -0.11343756,
          0.55576355,  0.7698077 ],
        ...,
        [-0.04687026, -0.09467215,  0.11343756, ...,  0.        ,
          0.64648139,  0.83724315],
        [-0.68152962, -0.71580593, -0.55576355, ..., -0.64648139,
          0.        ,  0.28524178],
        [-0.86195311, -0.88525232, -0.7698077 , ..., -0.83724315,
         -0.28524178,  0.        ]],

       [[ 0.        ,  0.37461958, -0.21445684, ...,  0.44896174,
          0.94683769,  0.08791715],
