state_0,state_1,state_2,state_3,state_4,state_5,state_6,state_7,state_8,state_9,state_10,state_11,state_12,state_13,state_14,state_15,state_16,state_17,state_18,state_19,state_20,state_21,state_22,state_23,state_24,state_25,state_26,state_27,state_28,state_29,state_30,state_31,state_32,state_33,state_34,state_35,state_36,state_37,state_38,state_39,state_40,state_41,state_42,state_43,state_44,state_45,state_46,state_47,state_48,state_49,state_50,state_51,state_52,state_53,state_54,state_55,state_56,state_57,state_58,state_59,state_60,state_61,state_62,state_63,state_64,state_65,state_66,state_67,state_68,state_69,state_70,state_71,state_72,state_73,state_74,state_75,state_76,state_77,state_78,state_79,state_80,state_81,state_82,state_83,state_84,state_85,state_86,state_87,state_88,state_89,state_90,state_91,state_92,state_93,state_94,state_95,state_96,state_97,state_98,state_99,state_100,state_101,state_102,state_103,state_104,state_105,state_106,state_107,state_108,state_109,state_110,state_111,state_112,state_113,state_114,state_115,state_116,state_117,state_118,state_119,state_120,state_121,state_122,state_123,state_124,state_125,state_126,state_127,state_128,state_129,state_130,state_131,state_132,state_133,state_134,state_135,state_136,state_137,state_138,state_139,state_140,state_141,state_142,state_143,state_144,state_145,state_146,state_147,state_148,state_149,state_150,state_151,state_152,state_153,state_154,state_155,state_156,state_157,state_158,state_159,state_160,state_161,state_162,state_163,state_164,state_165,state_166,state_167,state_168,state_169,state_170,state_171,state_172,state_173,state_174,state_175,state_176,state_177,state_178,state_179,state_180,state_181,state_182,state_183,state_184,state_185,state_186,state_187,state_188,state_189,state_190,state_191,state_192,state_193,state_194,state_195,state_196,state_197,state_198,state_199,state_200,state_201,state_202,state_203,state_204,state_205,state_206,state_207,state_208,state_209,state_210,state_211,state_212,state_213,state_214,state_215,state_216,state_217,state_218,state_219,state_220,state_221,state_222,state_223,state_224,state_225,state_226,state_227,state_228,state_229,state_230,state_231,state_232,state_233,state_234,state_235,state_236,state_237,state_238,state_239,state_240,state_241,state_242,state_243,state_244,state_245,state_246,state_247,state_248,state_249,state_250,state_251,state_252,state_253,state_254,state_255,state_256,state_257,state_258,state_259,state_260,state_261,state_262,state_263,state_264,state_265,state_266,state_267,state_268,state_269,state_270,state_271,state_272,state_273,state_274,state_275,state_276,state_277,state_278,state_279,state_280,state_281,state_282,state_283,state_284,state_285,state_286,state_287
{'img': array([[[ 0.        ,  0.56580739,  0.79258911, ..., -0.90762762,
         -0.66611593, -0.62890615],
        [-0.56580739,  0.        ,  0.30851489, ..., -0.98588547,
         -0.97124396, -0.95846129],
        [-0.79258911, -0.30851489,  0.        , ..., -0.88614157,
         -0.99731943, -0.99970251],
        ...,
        [ 0.90762762,  0.98588547,  0.88614157, ...,  0.        ,
          0.39733279,  0.44166357],
        [ 0.66611593,  0.97124396,  0.99731943, ..., -0.39733279,
          0.        ,  0.0488241 ],
        [ 0.62890615,  0.95846129,  0.99970251, ..., -0.44166357,
         -0.0488241 ,  0.        ]],

       [[ 0.        , -0.57779887, -0.81784528, ..., -0.83752681,
         -0.21946253, -0.55045898],
        [ 0.57779887,  0.        , -0.33502076, ..., -0.36786483,
          0.38459192,  0.03310928],
        [ 0.81784528,  0.33502076,  0.        , ..., -0.03507733,
          0.67161985,  0.36603301],
        ...,
        [ 0.83752681,  0.36786483,  0.03507733, ...,  0.        ,
          0.69719519,  0.39845078],
        [ 0.21946253, -0.38459192, -0.67161985, ..., -0.69719519,
          0.        , -0.35381832],
        [ 0.55045898, -0.03310928, -0.36603301, ..., -0.39845078,
          0.35381832,  0.        ]],

       [[ 0.        , -0.20765732, -0.18008405, ..., -0.93412417,
         -0.94963721, -0.96591603],
        [ 0.20765732,  0.        ,  0.02810386, ..., -0.9878847 ,
         -0.99400641, -0.9986139 ],
        [ 0.18008405, -0.02810386,  0.        , ..., -0.98313307,
         -0.99054142, -0.99674025],
        ...,
        [ 0.93412417,  0.9878847 ,  0.98313307, ...,  0.        ,
          0.04626211,  0.10297876],
        [ 0.94963721,  0.99400641,  0.99054142, ..., -0.04626211,
          0.        ,  0.05685234],
        [ 0.96591603,  0.9986139 ,  0.99674025, ..., -0.10297876,
         -0.05685234,  0.        ]],

       ...,

       [[ 0.        , -0.05139856,  0.08503511, ...,  0.56811712,
          0.84249975,  0.93011409],
        [ 0.05139856,  0.        ,  0.13613511, ...,  0.60966452,
          0.86907439,  0.94776187],
        [-0.08503511, -0.13613511,  0.        , ...,  0.49607992,
          0.79364004,  0.89551426],
        ...,
        [-0.56811712, -0.60966452, -0.49607992, ...,  0.        ,
          0.38729041,  0.55678248],
        [-0.84249975, -0.86907439, -0.79364004, ..., -0.38729041,
          0.        ,  0.19162392],
        [-0.93011409, -0.94776187, -0.89551426, ..., -0.55678248,
         -0.19162392,  0.        ]],

       [[ 0.        , -0.40628535, -0.5115703 , ..., -0.60437586,
         -0.59332533, -0.63331002],
        [ 0.40628535,  0.        , -0.11834825, ..., -0.87593345,
         -0.86919338, -0.89310816],
        [ 0.5115703 ,  0.11834825,  0.        , ..., -0.92687249,
         -0.92160475, -0.94006954],
        ...,
        [ 0.60437586,  0.87593345,  0.92687249, ...,  0.        ,
         -0.01379817,  0.03683228],
        [ 0.59332533,  0.86919338,  0.92160475, ...,  0.01379817,
          0.        ,  0.05061758],
        [ 0.63331002,  0.89310816,  0.94006954, ..., -0.03683228,
         -0.05061758,  0.        ]],

       [[ 0.        , -0.05916961, -0.13408947, ..., -0.96493882,
         -0.99208786, -0.99451176],
        [ 0.05916961,  0.        , -0.07521927, ..., -0.97877873,
         -0.99777815, -0.99895993],
        [ 0.13408947,  0.07521927,  0.        , ..., -0.9914198 ,
         -0.99996287, -0.99955964],
        ...,
        [ 0.96493882,  0.97877873,  0.9914198 , ...,  0.        ,
          0.13925444,  0.16007784],
        [ 0.99208786,  0.99777815,  0.99996287, ..., -0.13925444,
          0.        ,  0.02105948],
        [ 0.99451176,  0.99895993,  0.99955964, ..., -0.16007784,
         -0.02105948,  0.        ]]]), 'num': array([6.48313539e-01, 5.50943974e-01, 6.57902468e-06, 4.86847826e-02,
       4.93426851e-02, 4.81913558e-02, 5.07890836e-01, 0.00000000e+00,
       4.77966143e-02, 4.65959423e-02, 4.75252295e-02, 2.21098370e-04,
       4.91569074e-02, 4.40349772e-02])}
{'img': array([[[ 0.        ,  0.30851489, -0.51267068, ..., -0.97124396,
         -0.95846129, -0.95846129],
        [-0.30851489,  0.        , -0.75254871, ..., -0.99731943,
         -0.99970251, -0.99970251],
        [ 0.51267068,  0.75254871,  0.        , ..., -0.71183587,
         -0.67669553, -0.67669553],
        ...,
        [ 0.97124396,  0.99731943,  0.71183587, ...,  0.        ,
          0.0488241 ,  0.0488241 ],
        [ 0.95846129,  0.99970251,  0.67669553, ..., -0.0488241 ,
          0.        ,  0.        ],
        [ 0.95846129,  0.99970251,  0.67669553, ..., -0.0488241 ,
          0.        ,  0.        ]],

       [[ 0.        , -0.33502076,  0.08742642, ...,  0.38459192,
          0.03310928, -0.39038648],
        [ 0.33502076,  0.        ,  0.41611208, ...,  0.67161985,
          0.36603301, -0.05938911],
        [-0.08742642, -0.41611208,  0.        , ...,  0.30241714,
         -0.05439598, -0.46938091],
        ...,
        [-0.38459192, -0.67161985, -0.30241714, ...,  0.        ,
         -0.35381832, -0.71443553],
        [-0.03310928, -0.36603301,  0.05439598, ...,  0.35381832,
          0.        , -0.42065454],
        [ 0.39038648,  0.05938911,  0.46938091, ...,  0.71443553,
          0.42065454,  0.        ]],

       [[ 0.        ,  0.10468439, -0.28587037, ..., -0.97846855,
         -0.98867492, -0.99383652],
        [-0.10468439,  0.        , -0.38461538, ..., -0.95148591,
         -0.96753234, -0.97677102],
        [ 0.28587037,  0.38461538,  0.        , ..., -0.99663788,
         -0.99031726, -0.98405237],
        ...,
        [ 0.97846855,  0.95148591,  0.99663788, ...,  0.        ,
          0.05721681,  0.09665509],
        [ 0.98867492,  0.96753234,  0.99031726, ..., -0.05721681,
          0.        ,  0.03954783],
        [ 0.99383652,  0.97677102,  0.98405237, ..., -0.09665509,
         -0.03954783,  0.        ]],

       ...,

       [[ 0.        ,  0.13613511, -0.03364085, ...,  0.86907439,
          0.94776187,  0.9190259 ],
        [-0.13613511,  0.        , -0.16938572, ...,  0.79364004,
          0.89551426,  0.85680595],
        [ 0.03364085,  0.16938572,  0.        , ...,  0.88522399,
          0.95795614,  0.93176684],
        ...,
        [-0.86907439, -0.79364004, -0.88522399, ...,  0.        ,
          0.19162392,  0.11203838],
        [-0.94776187, -0.89551426, -0.95795614, ..., -0.19162392,
          0.        , -0.0804553 ],
        [-0.9190259 , -0.85680595, -0.93176684, ..., -0.11203838,
          0.0804553 ,  0.        ]],

       [[ 0.        , -0.33268332, -0.42646822, ..., -0.60506995,
         -0.64556226, -0.68318499],
        [ 0.33268332,  0.        , -0.10126309, ..., -0.83547757,
         -0.86286293, -0.88721027],
        [ 0.42646822,  0.10126309,  0.        , ..., -0.8868295 ,
         -0.90960975, -0.929369  ],
        ...,
        [ 0.60506995,  0.83547757,  0.8868295 , ...,  0.        ,
          0.05188225,  0.10208346],
        [ 0.64556226,  0.86286293,  0.90960975, ..., -0.05188225,
          0.        ,  0.05033476],
        [ 0.68318499,  0.88721027,  0.929369  , ..., -0.10208346,
         -0.05033476,  0.        ]],

       [[ 0.        , -0.07521927, -0.23972599, ..., -0.99777815,
         -0.99895993, -0.99865884],
        [ 0.07521927,  0.        , -0.16602093, ..., -0.99996287,
         -0.99955964, -0.99972404],
        [ 0.23972599,  0.16602093,  0.        , ..., -0.98465505,
         -0.98076155, -0.98195005],
        ...,
        [ 0.99777815,  0.99996287,  0.98465505, ...,  0.        ,
          0.02105948,  0.01487603],
        [ 0.99895993,  0.99955964,  0.98076155, ..., -0.02105948,
          0.        , -0.00618442],
        [ 0.99865884,  0.99972404,  0.98195005, ..., -0.01487603,
          0.00618442,  0.        ]]]), 'num': array([ 7.07049373e-01,  7.07049373e-01,  0.00000000e+00,  9.66300809e-04,
        9.89869122e-04,  9.56200104e-04,  1.24458197e-02, -3.03021160e-05,
        9.77074895e-04,  9.55863414e-04,  9.70116631e-04,  3.86203439e-06,
        1.00692057e-03,  9.04806261e-04])}
{'img': array([[[ 0.00000000e+00, -7.52548713e-01, -3.75483032e-01, ...,
         -9.99702514e-01, -9.99702514e-01, -9.69799773e-01],
        [ 7.52548713e-01,  0.00000000e+00,  4.50214859e-01, ...,
         -6.76695526e-01, -6.76695526e-01, -8.22197098e-01],
        [ 3.75483032e-01, -4.50214859e-01,  0.00000000e+00, ...,
         -9.35711672e-01, -9.35711672e-01, -9.90420042e-01],
        ...,
        [ 9.99702514e-01,  6.76695526e-01,  9.35711672e-01, ...,
          0.00000000e+00,  0.00000000e+00, -2.20176228e-01],
        [ 9.99702514e-01,  6.76695526e-01,  9.35711672e-01, ...,
          0.00000000e+00,  0.00000000e+00, -2.20176228e-01],
        [ 9.69799773e-01,  8.22197098e-01,  9.90420042e-01, ...,
          2.20176228e-01,  2.20176228e-01,  0.00000000e+00]],

       [[ 0.00000000e+00,  4.16112076e-01,  6.54408890e-01, ...,
          3.66033005e-01, -5.93891144e-02,  8.05484453e-02],
        [-4.16112076e-01,  0.00000000e+00,  2.80423385e-01, ...,
         -5.43959832e-02, -4.69380914e-01, -3.41516226e-01],
        [-6.54408890e-01, -2.80423385e-01,  0.00000000e+00, ...,
         -3.32221623e-01, -6.98160335e-01, -5.91376545e-01],
        ...,
        [-3.66033005e-01,  5.43959832e-02,  3.32221623e-01, ...,
          0.00000000e+00, -4.20654545e-01, -2.89885119e-01],
        [ 5.93891144e-02,  4.69380914e-01,  6.98160335e-01, ...,
          4.20654545e-01,  0.00000000e+00,  1.39602411e-01],
        [-8.05484453e-02,  3.41516226e-01,  5.91376545e-01, ...,
          2.89885119e-01, -1.39602411e-01,  0.00000000e+00]],

       [[ 0.00000000e+00, -3.84615385e-01, -4.44851398e-01, ...,
         -9.67532339e-01, -9.76771024e-01, -9.74295283e-01],
        [ 3.84615385e-01,  0.00000000e+00, -6.61688309e-02, ...,
         -9.90317256e-01, -9.84052373e-01, -9.85993617e-01],
        [ 4.44851398e-01,  6.61688309e-02,  0.00000000e+00, ...,
         -9.78961184e-01, -9.70125722e-01, -9.72796914e-01],
        ...,
        [ 9.67532339e-01,  9.90317256e-01,  9.78961184e-01, ...,
          0.00000000e+00,  3.95478345e-02,  2.82898743e-02],
        [ 9.76771024e-01,  9.84052373e-01,  9.70125722e-01, ...,
         -3.95478345e-02,  0.00000000e+00, -1.12642634e-02],
        [ 9.74295283e-01,  9.85993617e-01,  9.72796914e-01, ...,
         -2.82898743e-02,  1.12642634e-02,  0.00000000e+00]],

       ...,

       [[ 0.00000000e+00, -1.69385718e-01,  8.90382530e-02, ...,
          8.95514265e-01,  8.56805952e-01,  6.35051703e-01],
        [ 1.69385718e-01,  0.00000000e+00,  2.56464589e-01, ...,
          9.57956138e-01,  9.31766845e-01,  7.56720425e-01],
        [-8.90382530e-02, -2.56464589e-01,  0.00000000e+00, ...,
          8.52332524e-01,  8.07491302e-01,  5.63750063e-01],
        ...,
        [-8.95514265e-01, -9.57956138e-01, -8.52332524e-01, ...,
          0.00000000e+00, -8.04553042e-02, -4.09138732e-01],
        [-8.56805952e-01, -9.31766845e-01, -8.07491302e-01, ...,
          8.04553042e-02,  0.00000000e+00, -3.34399166e-01],
        [-6.35051703e-01, -7.56720425e-01, -5.63750063e-01, ...,
          4.09138732e-01,  3.34399166e-01,  0.00000000e+00]],

       [[ 0.00000000e+00, -2.78851504e-01, -4.94339727e-01, ...,
         -6.53668987e-01, -6.91540885e-01, -6.95204360e-01],
        [ 2.78851504e-01,  0.00000000e+00, -2.32334452e-01, ...,
         -8.38770110e-01, -8.65535234e-01, -8.68070393e-01],
        [ 4.94339727e-01,  2.32334452e-01,  0.00000000e+00, ...,
         -9.42320760e-01, -9.58214944e-01, -9.59656854e-01],
        ...,
        [ 6.53668987e-01,  8.38770110e-01,  9.42320760e-01, ...,
          0.00000000e+00,  5.11752119e-02,  5.62519566e-02],
        [ 6.91540885e-01,  8.65535234e-01,  9.58214944e-01, ...,
         -5.11752119e-02,  0.00000000e+00,  5.08406783e-03],
        [ 6.95204360e-01,  8.68070393e-01,  9.59656854e-01, ...,
         -5.62519566e-02, -5.08406783e-03,  0.00000000e+00]],

       [[ 0.00000000e+00, -1.66020926e-01, -1.65556889e-01, ...,
         -9.99559642e-01, -9.99724041e-01, -9.98476789e-01],
        [ 1.66020926e-01,  0.00000000e+00,  4.70549074e-04, ...,
         -9.80761547e-01, -9.81950049e-01, -9.75460221e-01],
        [ 1.65556889e-01, -4.70549074e-04,  0.00000000e+00, ...,
         -9.80853294e-01, -9.82038940e-01, -9.75563717e-01],
        ...,
        [ 9.99559642e-01,  9.80761547e-01,  9.80853294e-01, ...,
          0.00000000e+00, -6.18441739e-03,  2.55207018e-02],
        [ 9.99724041e-01,  9.81950049e-01,  9.82038940e-01, ...,
          6.18441739e-03,  0.00000000e+00,  3.17026168e-02],
        [ 9.98476789e-01,  9.75460221e-01,  9.75563717e-01, ...,
         -2.55207018e-02, -3.17026168e-02,  0.00000000e+00]]]), 'num': array([7.07081816e-01, 7.07081816e-01, 0.00000000e+00, 9.73079260e-04,
       9.76446317e-04, 9.46142810e-04, 7.94685885e-03, 6.73411253e-06,
       9.84527252e-04, 9.58095860e-04, 9.67411382e-04, 3.81934740e-06,
       1.00814962e-03, 9.08042103e-04])}
{'img': array([[[ 0.00000000e+00,  6.92394650e-01,  7.61532649e-02, ...,
         -7.12696691e-01, -8.53611723e-01, -8.25621299e-01],
        [-6.92394650e-01,  0.00000000e+00, -6.35437995e-01, ...,
         -9.99919881e-01, -9.76572229e-01, -9.86367582e-01],
        [-7.61532649e-02,  6.35437995e-01,  0.00000000e+00, ...,
         -7.64046516e-01, -8.90801923e-01, -8.66191347e-01],
        ...,
        [ 7.12696691e-01,  9.99919881e-01,  7.64046516e-01, ...,
          0.00000000e+00, -2.27534306e-01, -1.77029444e-01],
        [ 8.53611723e-01,  9.76572229e-01,  8.90801923e-01, ...,
          2.27534306e-01,  0.00000000e+00,  5.15545559e-02],
        [ 8.25621299e-01,  9.86367582e-01,  8.66191347e-01, ...,
          1.77029444e-01, -5.15545559e-02,  0.00000000e+00]],

       [[ 0.00000000e+00,  2.80423385e-01, -5.39737699e-02, ...,
         -4.69380914e-01, -3.41516226e-01, -6.63797882e-01],
        [-2.80423385e-01,  0.00000000e+00, -3.31822776e-01, ...,
         -6.98160335e-01, -5.91376545e-01, -8.46895946e-01],
        [ 5.39737699e-02,  3.31822776e-01,  0.00000000e+00, ...,
         -4.21038111e-01, -2.90289771e-01, -6.22462669e-01],
        ...,
        [ 4.69380914e-01,  6.98160335e-01,  4.21038111e-01, ...,
          0.00000000e+00,  1.39602411e-01, -2.35075111e-01],
        [ 3.41516226e-01,  5.91376545e-01,  2.90289771e-01, ...,
         -1.39602411e-01,  0.00000000e+00, -3.68463532e-01],
        [ 6.63797882e-01,  8.46895946e-01,  6.22462669e-01, ...,
          2.35075111e-01,  3.68463532e-01,  0.00000000e+00]],

       [[ 0.00000000e+00, -2.37332110e-01, -1.06751667e-01, ...,
         -9.83139494e-01, -9.80944984e-01, -9.91325643e-01],
        [ 2.37332110e-01,  0.00000000e+00,  1.32274308e-01, ...,
         -9.98447666e-01, -9.99028223e-01, -9.94194273e-01],
        [ 1.06751667e-01, -1.32274308e-01,  0.00000000e+00, ...,
         -9.97041859e-01, -9.96079908e-01, -9.99691144e-01],
        ...,
        [ 9.83139494e-01,  9.98447666e-01,  9.97041859e-01, ...,
          0.00000000e+00, -1.16371619e-02,  5.20583555e-02],
        [ 9.80944984e-01,  9.99028223e-01,  9.96079908e-01, ...,
          1.16371619e-02,  0.00000000e+00,  6.36762128e-02],
        [ 9.91325643e-01,  9.94194273e-01,  9.99691144e-01, ...,
         -5.20583555e-02, -6.36762128e-02,  0.00000000e+00]],

       ...,

       [[ 0.00000000e+00,  2.56464589e-01,  3.64306701e-01, ...,
          9.31766845e-01,  7.56720425e-01,  7.43343348e-01],
        [-2.56464589e-01,  0.00000000e+00,  1.13281870e-01, ...,
          8.07491302e-01,  5.63750063e-01,  5.46929467e-01],
        [-3.64306701e-01, -1.13281870e-01,  0.00000000e+00, ...,
          7.35470742e-01,  4.66556498e-01,  4.48571655e-01],
        ...,
        [-9.31766845e-01, -8.07491302e-01, -7.35470742e-01, ...,
          0.00000000e+00, -3.34399166e-01, -3.53392043e-01],
        [-7.56720425e-01, -5.63750063e-01, -4.66556498e-01, ...,
          3.34399166e-01,  0.00000000e+00, -2.02256405e-02],
        [-7.43343348e-01, -5.46929467e-01, -4.48571655e-01, ...,
          3.53392043e-01,  2.02256405e-02,  0.00000000e+00]],

       [[ 0.00000000e+00, -4.20932583e-01, -5.11297863e-01, ...,
         -6.97362040e-01, -7.01039405e-01, -7.07605095e-01],
        [ 4.20932583e-01,  0.00000000e+00, -1.02043199e-01, ...,
         -9.34261873e-01, -9.36083695e-01, -9.39297247e-01],
        [ 5.11297863e-01,  1.02043199e-01,  0.00000000e+00, ...,
         -9.65772341e-01, -9.67093796e-01, -9.69405564e-01],
        ...,
        [ 6.97362040e-01,  9.34261873e-01,  9.65772341e-01, ...,
          0.00000000e+00,  5.14370393e-03,  1.43923689e-02],
        [ 7.01039405e-01,  9.36083695e-01,  9.67093796e-01, ...,
         -5.14370393e-03,  0.00000000e+00,  9.24900738e-03],
        [ 7.07605095e-01,  9.39297247e-01,  9.69405564e-01, ...,
         -1.43923689e-02, -9.24900738e-03,  0.00000000e+00]],

       [[ 0.00000000e+00,  4.70549074e-04, -8.79739740e-02, ...,
         -9.81950049e-01, -9.75460221e-01, -9.68548456e-01],
        [-4.70549074e-04,  0.00000000e+00, -8.84426889e-02, ...,
         -9.82038940e-01, -9.75563717e-01, -9.68665434e-01],
        [ 8.79739740e-02,  8.84426889e-02,  0.00000000e+00, ...,
         -9.61503371e-01, -9.52308406e-01, -9.42903049e-01],
        ...,
        [ 9.81950049e-01,  9.82038940e-01,  9.61503371e-01, ...,
          0.00000000e+00,  3.17026168e-02,  6.11420662e-02],
        [ 9.75460221e-01,  9.75563717e-01,  9.52308406e-01, ...,
         -3.17026168e-02,  0.00000000e+00,  2.94680293e-02],
        [ 9.68548456e-01,  9.68665434e-01,  9.42903049e-01, ...,
         -6.11420662e-02, -2.94680293e-02,  0.00000000e+00]]]), 'num': array([ 7.19192213e-01,  6.94779305e-01,  1.71318654e-06,  9.76516326e-04,
        9.93648191e-04,  9.73089952e-04,  6.04720583e-03, -1.37054923e-05,
        9.95704015e-04,  9.76516326e-04,  9.82226947e-04,  3.57534581e-06,
        1.02564626e-03,  9.27386389e-04])}
{'img': array([[[ 0.        , -0.63543799, -0.66500889, ..., -0.97657223,
         -0.98636758, -0.96402191],
        [ 0.63543799,  0.        , -0.03892026, ..., -0.89080192,
         -0.86619135, -0.91328525],
        [ 0.66500889,  0.03892026,  0.        , ..., -0.87244193,
         -0.84608611, -0.89674025],
        ...,
        [ 0.97657223,  0.89080192,  0.87244193, ...,  0.        ,
          0.05155456, -0.0521474 ],
        [ 0.98636758,  0.86619135,  0.84608611, ..., -0.05155456,
          0.        , -0.10356246],
        [ 0.96402191,  0.91328525,  0.89674025, ...,  0.0521474 ,
          0.10356246,  0.        ]],

       [[ 0.        , -0.32231019, -0.11703489, ..., -0.57049081,
         -0.80263313, -0.969549  ],
        [ 0.32231019,  0.        ,  0.20930599, ..., -0.27533141,
         -0.56755057, -0.83887522],
        [ 0.11703489, -0.20930599,  0.        , ..., -0.47044906,
         -0.72730913, -0.93422452],
        ...,
        [ 0.57049081,  0.27533141,  0.47044906, ...,  0.        ,
         -0.31892343, -0.65658273],
        [ 0.80263313,  0.56755057,  0.72730913, ...,  0.31892343,
          0.        , -0.38174703],
        [ 0.969549  ,  0.83887522,  0.93422452, ...,  0.65658273,
          0.38174703,  0.        ]],

       [[ 0.        ,  0.21288453, -0.14195454, ..., -0.9997721 ,
         -0.99637043, -0.99945504],
        [-0.21288453,  0.        , -0.34942925, ..., -0.98139941,
         -0.99165242, -0.98357209],
        [ 0.14195454,  0.34942925,  0.        , ..., -0.9866171 ,
         -0.97419673, -0.9846479 ],
        ...,
        [ 0.9997721 ,  0.98139941,  0.9866171 , ...,  0.        ,
          0.06383306,  0.01166524],
        [ 0.99637043,  0.99165242,  0.97419673, ..., -0.06383306,
          0.        , -0.05218727],
        [ 0.99945504,  0.98357209,  0.9846479 , ..., -0.01166524,
          0.05218727,  0.        ]],

       ...,

       [[ 0.        ,  0.11328187, -0.00533881, ...,  0.56375006,
          0.54692947,  0.42375497],
        [-0.11328187,  0.        , -0.1185847 , ...,  0.4665565 ,
          0.44857165,  0.31841911],
        [ 0.00533881,  0.1185847 ,  0.        , ...,  0.5681516 ,
          0.55139121,  0.4285847 ],
        ...,
        [-0.56375006, -0.4665565 , -0.5681516 , ...,  0.        ,
         -0.02022564, -0.16063328],
        [-0.54692947, -0.44857165, -0.55139121, ...,  0.02022564,
          0.        , -0.14063743],
        [-0.42375497, -0.31841911, -0.4285847 , ...,  0.16063328,
          0.14063743,  0.        ]],

       [[ 0.        , -0.31228518, -0.44134883, ..., -0.71497826,
         -0.72159551, -0.72015634],
        [ 0.31228518,  0.        , -0.13905166, ..., -0.8975542 ,
         -0.90170705, -0.90080732],
        [ 0.44134883,  0.13905166,  0.        , ..., -0.95014303,
         -0.95306572, -0.95243497],
        ...,
        [ 0.71497826,  0.8975542 ,  0.95014303, ...,  0.        ,
          0.00951101,  0.00743455],
        [ 0.72159551,  0.90170705,  0.95306572, ..., -0.00951101,
          0.        , -0.00207653],
        [ 0.72015634,  0.90080732,  0.95243497, ..., -0.00743455,
          0.00207653,  0.        ]],

       [[ 0.        , -0.08844269, -0.15961344, ..., -0.97556372,
         -0.96866543, -0.96079041],
        [ 0.08844269,  0.        , -0.07167914, ..., -0.95230841,
         -0.94290305, -0.93250232],
        [ 0.15961344,  0.07167914,  0.        , ..., -0.92798685,
         -0.91660368, -0.90421576],
        ...,
        [ 0.97556372,  0.95230841,  0.92798685, ...,  0.        ,
          0.02946803,  0.05939836],
        [ 0.96866543,  0.94290305,  0.91660368, ..., -0.02946803,
          0.        ,  0.02995657],
        [ 0.96079041,  0.93250232,  0.90421576, ..., -0.05939836,
         -0.02995657,  0.        ]]]), 'num': array([ 7.08510382e-01,  7.05664548e-01,  2.02550464e-07,  9.48611339e-04,
        9.65490544e-04,  9.38483815e-04,  6.57350523e-03, -1.35033643e-05,
        9.70891890e-04,  9.63127455e-04,  9.64702848e-04,  3.28206770e-06,
        1.00946879e-03,  9.16786120e-04])}
{'img': array([[[ 0.        , -0.04114822,  0.41237359, ..., -0.87875907,
         -0.92388163, -0.95970907],
        [ 0.04114822,  0.        ,  0.44951097, ..., -0.85837617,
         -0.90735261, -0.94733378],
        [-0.41237359, -0.44951097,  0.        , ..., -0.99737429,
         -0.99947632, -0.99018434],
        ...,
        [ 0.87875907,  0.85837617,  0.99737429, ...,  0.        ,
         -0.10465487, -0.21110879],
        [ 0.92388163,  0.90735261,  0.99947632, ...,  0.10465487,
          0.        , -0.10765329],
        [ 0.95970907,  0.94733378,  0.99018434, ...,  0.21110879,
          0.10765329,  0.        ]],

       [[ 0.        ,  0.20930599,  0.07943001, ..., -0.56755057,
         -0.83887522, -0.70286021],
        [-0.20930599,  0.        , -0.13097402, ..., -0.72730913,
         -0.93422452, -0.8361772 ],
        [-0.07943001,  0.13097402,  0.        , ..., -0.63115516,
         -0.87946039, -0.75714027],
        ...,
        [ 0.56755057,  0.72730913,  0.63115516, ...,  0.        ,
         -0.38174703, -0.17497728],
        [ 0.83887522,  0.93422452,  0.87946039, ...,  0.38174703,
          0.        ,  0.21413192],
        [ 0.70286021,  0.8361772 ,  0.75714027, ...,  0.17497728,
         -0.21413192,  0.        ]],

       [[ 0.        , -0.34942925, -0.41829886, ..., -0.99165242,
         -0.98357209, -0.96384165],
        [ 0.34942925,  0.        , -0.07454055, ..., -0.97419673,
         -0.9846479 , -0.99619811],
        [ 0.41829886,  0.07454055,  0.        , ..., -0.95466265,
         -0.96889737, -0.98693294],
        ...,
        [ 0.99165242,  0.97419673,  0.95466265, ...,  0.        ,
         -0.05218727, -0.13997364],
        [ 0.98357209,  0.9846479 ,  0.96889737, ...,  0.05218727,
          0.        , -0.0881094 ],
        [ 0.96384165,  0.99619811,  0.98693294, ...,  0.13997364,
          0.0881094 ,  0.        ]],

       ...,

       [[ 0.        , -0.1185847 ,  0.12526923, ...,  0.44857165,
          0.31841911,  0.21425242],
        [ 0.1185847 ,  0.        ,  0.24203591, ...,  0.55139121,
          0.4285847 ,  0.32857161],
        [-0.12526923, -0.24203591,  0.        , ...,  0.33307918,
          0.19716189,  0.09020444],
        ...,
        [-0.44857165, -0.55139121, -0.33307918, ...,  0.        ,
         -0.14063743, -0.24666764],
        [-0.31841911, -0.4285847 , -0.19716189, ...,  0.14063743,
          0.        , -0.10792429],
        [-0.21425242, -0.32857161, -0.09020444, ...,  0.24666764,
          0.10792429,  0.        ]],

       [[ 0.        , -0.3241759 , -0.61908624, ..., -0.72908453,
         -0.72764022, -0.72173412],
        [ 0.3241759 ,  0.        , -0.33107082, ..., -0.9115853 ,
         -0.9107167 , -0.90714315],
        [ 0.61908624,  0.33107082,  0.        , ..., -0.99628413,
         -0.99610037, -0.99530758],
        ...,
        [ 0.72908453,  0.9115853 ,  0.99628413, ...,  0.        ,
         -0.00210789, -0.01067882],
        [ 0.72764022,  0.9107167 ,  0.99610037, ...,  0.00210789,
          0.        , -0.00857102],
        [ 0.72173412,  0.90714315,  0.99530758, ...,  0.01067882,
          0.00857102,  0.        ]],

       [[ 0.        , -0.07167914,  0.03655579, ..., -0.94290305,
         -0.93250232, -0.92216875],
        [ 0.07167914,  0.        ,  0.10809299, ..., -0.91660368,
         -0.90421576, -0.89207207],
        [-0.03655579, -0.10809299,  0.        , ..., -0.95444837,
         -0.94508169, -0.93569172],
        ...,
        [ 0.94290305,  0.91660368,  0.95444837, ...,  0.        ,
          0.02995657,  0.05755913],
        [ 0.93250232,  0.90421576,  0.94508169, ..., -0.02995657,
          0.        ,  0.02762639],
        [ 0.92216875,  0.89207207,  0.93569172, ..., -0.05755913,
         -0.02762639,  0.        ]]]), 'num': array([ 7.29584751e-01,  6.83826620e-01,  3.26843794e-06,  9.73577259e-04,
        9.90962568e-04,  9.59669013e-04,  8.91456018e-03, -3.47706164e-06,
        9.88876331e-04,  9.93570364e-04,  9.90962568e-04,  2.62204648e-06,
        1.03648779e-03,  9.50652943e-04])}
{'img': array([[[ 0.        ,  0.44951097,  0.29396146, ..., -0.90735261,
         -0.94733378, -0.95581727],
        [-0.44951097,  0.        , -0.16706199, ..., -0.99947632,
         -0.99018434, -0.98594639],
        [-0.29396146,  0.16706199,  0.        , ..., -0.99083598,
         -0.99961853, -1.        ],
        ...,
        [ 0.90735261,  0.99947632,  0.99083598, ...,  0.        ,
         -0.10765329, -0.13507055],
        [ 0.94733378,  0.99018434,  0.99961853, ...,  0.10765329,
          0.        , -0.02761883],
        [ 0.95581727,  0.98594639,  1.        , ...,  0.13507055,
          0.02761883,  0.        ]],

       [[ 0.        , -0.13097402, -0.18788044, ..., -0.93422452,
         -0.8361772 , -0.68259097],
        [ 0.13097402,  0.        , -0.05762037, ..., -0.87946039,
         -0.75714027, -0.5809951 ],
        [ 0.18788044,  0.05762037,  0.        , ..., -0.85057354,
         -0.71824169, -0.53313219],
        ...,
        [ 0.93422452,  0.87946039,  0.85057354, ...,  0.        ,
          0.21413192,  0.43926158],
        [ 0.8361772 ,  0.75714027,  0.71824169, ..., -0.21413192,
          0.        ,  0.23670541],
        [ 0.68259097,  0.5809951 ,  0.53313219, ..., -0.43926158,
         -0.23670541,  0.        ]],

       [[ 0.        , -0.10894718,  0.06358289, ..., -0.99863602,
         -0.99929803, -0.99082704],
        [ 0.10894718,  0.        ,  0.17193115, ..., -0.98700334,
         -0.9974312 , -0.99965188],
        [-0.06358289, -0.17193115,  0.        , ..., -0.99993513,
         -0.99489403, -0.98022982],
        ...,
        [ 0.99863602,  0.98700334,  0.99993513, ...,  0.        ,
         -0.08958685, -0.18668484],
        [ 0.99929803,  0.9974312 ,  0.99489403, ...,  0.08958685,
          0.        , -0.09792228],
        [ 0.99082704,  0.99965188,  0.98022982, ...,  0.18668484,
          0.09792228,  0.        ]],

       ...,

       [[ 0.        ,  0.24203591,  0.16051003, ...,  0.4285847 ,
          0.32857161,  0.00306422],
        [-0.24203591,  0.        , -0.08316009, ...,  0.19716189,
          0.09020444, -0.23906166],
        [-0.16051003,  0.08316009,  0.        , ...,  0.27800669,
          0.17271306, -0.15748479],
        ...,
        [-0.4285847 , -0.19716189, -0.27800669, ...,  0.        ,
         -0.10792429, -0.42581416],
        [-0.32857161, -0.09020444, -0.17271306, ...,  0.10792429,
          0.        , -0.32567598],
        [-0.00306422,  0.23906166,  0.15748479, ...,  0.42581416,
          0.32567598,  0.        ]],

       [[ 0.        , -0.5504512 , -0.69967062, ..., -0.73575845,
         -0.72983078, -0.71140618],
        [ 0.5504512 ,  0.        , -0.19085373, ..., -0.9870505 ,
         -0.98561565, -0.98077647],
        [ 0.69967062,  0.19085373,  0.        , ..., -0.99952183,
         -0.99975327, -0.99999048],
        ...,
        [ 0.73575845,  0.9870505 ,  0.99952183, ...,  0.        ,
         -0.00871141, -0.03528152],
        [ 0.72983078,  0.98561565,  0.99975327, ...,  0.00871141,
          0.        , -0.02657419],
        [ 0.71140618,  0.98077647,  0.99999048, ...,  0.03528152,
          0.02657419,  0.        ]],

       [[ 0.        ,  0.10809299,  0.17374274, ..., -0.90421576,
         -0.89207207, -0.86598468],
        [-0.10809299,  0.        ,  0.06627573, ..., -0.94508169,
         -0.93569172, -0.91496482],
        [-0.17374274, -0.06627573,  0.        , ..., -0.96466495,
         -0.95701777, -0.93969761],
        ...,
        [ 0.90421576,  0.94508169,  0.96466495, ...,  0.        ,
          0.02762639,  0.08233043],
        [ 0.89207207,  0.93569172,  0.95701777, ..., -0.02762639,
          0.        ,  0.0547664 ],
        [ 0.86598468,  0.91496482,  0.93969761, ..., -0.08233043,
         -0.0547664 ,  0.        ]]]), 'num': array([ 7.26532357e-01,  6.87050672e-01,  2.84040901e-06,  9.62967934e-04,
        9.83751415e-04,  9.59504020e-04,  1.02186139e-02, -6.92782686e-06,
        9.78901936e-04,  9.90332850e-04,  9.84501929e-04,  2.89709123e-06,
        1.03148787e-03,  9.49177826e-04])}
{'img': array([[[ 0.        , -0.16706199, -0.28115726, ..., -0.99018434,
         -0.98594639, -0.97499604],
        [ 0.16706199,  0.        , -0.11688299, ..., -0.99961853,
         -1.        , -0.99841872],
        [ 0.28115726,  0.11688299,  0.        , ..., -0.98953866,
         -0.99314569, -0.99814576],
        ...,
        [ 0.99018434,  0.99961853,  0.98953866, ...,  0.        ,
         -0.02761883, -0.08376814],
        [ 0.98594639,  1.        ,  0.99314569, ...,  0.02761883,
          0.        , -0.05621442],
        [ 0.97499604,  0.99841872,  0.99814576, ...,  0.08376814,
          0.05621442,  0.        ]],

       [[ 0.        , -0.05762037, -0.41522376, ..., -0.75714027,
         -0.5809951 , -0.49553296],
        [ 0.05762037,  0.        , -0.36211553, ..., -0.71824169,
         -0.53313219, -0.44466124],
        [ 0.41522376,  0.36211553,  0.        , ..., -0.41753924,
         -0.19058891, -0.09013705],
        ...,
        [ 0.75714027,  0.71824169,  0.41753924, ...,  0.        ,
          0.23670541,  0.33393575],
        [ 0.5809951 ,  0.53313219,  0.19058891, ..., -0.23670541,
          0.        ,  0.10132826],
        [ 0.49553296,  0.44466124,  0.09013705, ..., -0.33393575,
         -0.10132826,  0.        ]],

       [[ 0.        ,  0.17193115,  0.01878893, ..., -0.9974312 ,
         -0.99965188, -0.99655059],
        [-0.17193115,  0.        , -0.15339165, ..., -0.99489403,
         -0.98022982, -0.96744279],
        [-0.01878893,  0.15339165,  0.        , ..., -0.99860099,
         -0.99897969, -0.99481542],
        ...,
        [ 0.9974312 ,  0.99489403,  0.99860099, ...,  0.        ,
         -0.09792228, -0.15415831],
        [ 0.99965188,  0.98022982,  0.99897969, ...,  0.09792228,
          0.        , -0.0566657 ],
        [ 0.99655059,  0.96744279,  0.99481542, ...,  0.15415831,
          0.0566657 ,  0.        ]],

       ...,

       [[ 0.        , -0.08316009,  0.11645296, ...,  0.09020444,
         -0.23906166, -0.11454615],
        [ 0.08316009,  0.        ,  0.19864388, ...,  0.17271306,
         -0.15748479, -0.03153666],
        [-0.11645296, -0.19864388,  0.        , ..., -0.0263875 ,
         -0.35051147, -0.22945326],
        ...,
        [-0.09020444, -0.17271306,  0.0263875 , ...,  0.        ,
         -0.32567598, -0.20368988],
        [ 0.23906166,  0.15748479,  0.35051147, ...,  0.32567598,
          0.        ,  0.12626333],
        [ 0.11454615,  0.03153666,  0.22945326, ...,  0.20368988,
         -0.12626333,  0.        ]],

       [[ 0.        , -0.49522913, -0.7336878 , ..., -0.75549424,
         -0.73687203, -0.73041626],
        [ 0.49522913,  0.        , -0.30089876, ..., -0.98079697,
         -0.97495758, -0.9728008 ],
        [ 0.7336878 ,  0.30089876,  0.        , ..., -0.99402775,
         -0.99669138, -0.99741858],
        ...,
        [ 0.75549424,  0.98079697,  0.99402775, ...,  0.        ,
         -0.02797287, -0.03746821],
        [ 0.73687203,  0.97495758,  0.99669138, ...,  0.02797287,
          0.        , -0.00950032],
        [ 0.73041626,  0.9728008 ,  0.99741858, ...,  0.03746821,
          0.00950032,  0.        ]],

       [[ 0.        ,  0.06627573,  0.25702755, ..., -0.93569172,
         -0.91496482, -0.90752509],
        [-0.06627573,  0.        ,  0.19241331, ..., -0.95701777,
         -0.93969761, -0.93336542],
        [-0.25702755, -0.19241331,  0.        , ..., -0.99494041,
         -0.98794499, -0.98498697],
        ...,
        [ 0.93569172,  0.95701777,  0.99494041, ...,  0.        ,
          0.0547664 ,  0.07279673],
        [ 0.91496482,  0.93969761,  0.98794499, ..., -0.0547664 ,
          0.        ,  0.01806639],
        [ 0.90752509,  0.93336542,  0.98498697, ..., -0.07279673,
         -0.01806639,  0.        ]]]), 'num': array([9.83751556e-01, 1.79142245e-01, 5.58756466e-05, 1.31257636e-03,
       1.31257636e-03, 1.26244324e-03, 1.12890682e-02, 4.55755682e-05,
       1.28705405e-03, 1.30551215e-03, 1.29191544e-03, 4.69998047e-06,
       1.35646515e-03, 1.25455915e-03])}
{'img': array([[[ 0.        , -0.11688299,  0.38461538, ..., -1.        ,
         -0.99841872, -0.97711997],
        [ 0.11688299,  0.        ,  0.48987111, ..., -0.99314569,
         -0.99814576, -0.94556278],
        [-0.38461538, -0.48987111,  0.        , ..., -0.92307692,
         -0.89999635, -0.98376031],
        ...,
        [ 1.        ,  0.99314569,  0.92307692, ...,  0.        ,
         -0.05621442,  0.21268888],
        [ 0.99841872,  0.99814576,  0.89999635, ...,  0.05621442,
          0.        ,  0.26728079],
        [ 0.97711997,  0.94556278,  0.98376031, ..., -0.21268888,
         -0.26728079,  0.        ]],

       [[ 0.        , -0.36211553,  0.05975064, ..., -0.53313219,
         -0.44466124, -0.55480549],
        [ 0.36211553,  0.        ,  0.41716411, ..., -0.19058891,
         -0.09013705, -0.21587971],
        [-0.05975064, -0.41716411,  0.        , ..., -0.58273061,
         -0.49738536, -0.60352558],
        ...,
        [ 0.53313219,  0.19058891,  0.58273061, ...,  0.        ,
          0.10132826, -0.02582781],
        [ 0.44466124,  0.09013705,  0.49738536, ..., -0.10132826,
          0.        , -0.12698933],
        [ 0.55480549,  0.21587971,  0.60352558, ...,  0.02582781,
          0.12698933,  0.        ]],

       [[ 0.        , -0.15339165,  0.15249596, ..., -0.98022982,
         -0.96744279, -0.96580776],
        [ 0.15339165,  0.        ,  0.30228884, ..., -0.99897969,
         -0.99481542, -0.99414609],
        [-0.15249596, -0.30228884,  0.        , ..., -0.93859194,
         -0.91753249, -0.91497578],
        ...,
        [ 0.98022982,  0.99897969,  0.93859194, ...,  0.        ,
         -0.0566657 , -0.06303668],
        [ 0.96744279,  0.99481542,  0.91753249, ...,  0.0566657 ,
          0.        , -0.00638239],
        [ 0.96580776,  0.99414609,  0.91497578, ...,  0.06303668,
          0.00638239,  0.        ]],

       ...,

       [[ 0.        ,  0.19864388,  0.11688195, ..., -0.15748479,
         -0.03153666,  0.26002855],
        [-0.19864388,  0.        , -0.08272964, ..., -0.35051147,
         -0.22945326,  0.06303592],
        [-0.11688195,  0.08272964,  0.        , ..., -0.27182879,
         -0.14814431,  0.14538495],
        ...,
        [ 0.15748479,  0.35051147,  0.27182879, ...,  0.        ,
          0.12626333,  0.40885122],
        [ 0.03153666,  0.22945326,  0.14814431, ..., -0.12626333,
          0.        ,  0.29035104],
        [-0.26002855, -0.06303592, -0.14538495, ..., -0.40885122,
         -0.29035104,  0.        ]],

       [[ 0.        , -0.60340874, -0.77594833, ..., -0.75711556,
         -0.75061444, -0.74741645],
        [ 0.60340874,  0.        , -0.23813798, ..., -0.99794367,
         -0.99726059, -0.99689195],
        [ 0.77594833,  0.23813798,  0.        , ..., -0.9844981 ,
         -0.9861854 , -0.98697344],
        ...,
        [ 0.75711556,  0.99794367,  0.9844981 , ...,  0.        ,
         -0.00989476, -0.01472118],
        [ 0.75061444,  0.99726059,  0.9861854 , ...,  0.00989476,
          0.        , -0.00482678],
