state_0,state_1,state_2,state_3,state_4,state_5,state_6,state_7,state_8,state_9,state_10,state_11,state_12,state_13,state_14,state_15,state_16,state_17,state_18,state_19,state_20,state_21,state_22,state_23,state_24,state_25,state_26,state_27,state_28,state_29,state_30,state_31,state_32,state_33,state_34,state_35,state_36,state_37,state_38,state_39,state_40,state_41,state_42,state_43,state_44,state_45,state_46,state_47,state_48,state_49,state_50,state_51,state_52,state_53,state_54,state_55,state_56,state_57,state_58,state_59,state_60,state_61,state_62,state_63,state_64,state_65,state_66,state_67,state_68,state_69,state_70,state_71,state_72,state_73,state_74,state_75,state_76,state_77,state_78,state_79,state_80,state_81,state_82,state_83,state_84,state_85,state_86,state_87,state_88,state_89,state_90,state_91,state_92,state_93,state_94,state_95,state_96,state_97,state_98,state_99,state_100,state_101,state_102,state_103,state_104,state_105,state_106,state_107,state_108,state_109,state_110,state_111,state_112,state_113,state_114,state_115,state_116,state_117,state_118,state_119,state_120,state_121,state_122,state_123,state_124,state_125,state_126,state_127,state_128,state_129,state_130,state_131,state_132,state_133,state_134,state_135,state_136,state_137,state_138,state_139,state_140,state_141,state_142,state_143,state_144,state_145,state_146,state_147,state_148,state_149,state_150,state_151,state_152,state_153,state_154,state_155,state_156,state_157,state_158,state_159,state_160,state_161,state_162,state_163,state_164,state_165,state_166,state_167,state_168,state_169,state_170,state_171,state_172,state_173,state_174,state_175,state_176,state_177,state_178,state_179,state_180,state_181,state_182,state_183,state_184,state_185,state_186,state_187,state_188,state_189,state_190,state_191,state_192,state_193,state_194,state_195,state_196,state_197,state_198,state_199,state_200,state_201,state_202,state_203,state_204,state_205,state_206,state_207,state_208,state_209,state_210,state_211,state_212,state_213,state_214,state_215,state_216,state_217,state_218,state_219,state_220,state_221,state_222,state_223,state_224,state_225,state_226,state_227,state_228,state_229,state_230,state_231,state_232,state_233,state_234,state_235,state_236,state_237,state_238,state_239,state_240,state_241,state_242,state_243,state_244,state_245,state_246,state_247,state_248,state_249,state_250,state_251,state_252,state_253,state_254,state_255,state_256,state_257,state_258,state_259,state_260,state_261,state_262,state_263,state_264,state_265,state_266,state_267,state_268,state_269,state_270,state_271,state_272,state_273,state_274,state_275,state_276,state_277,state_278,state_279,state_280,state_281,state_282,state_283,state_284,state_285,state_286,state_287
{'img': array([[[ 0.        ,  0.15186892,  0.05791485, ...,  0.93628726,
          0.90473698,  0.83341218],
        [-0.15186892,  0.        , -0.09437094, ...,  0.87208522,
          0.82955091,  0.73981448],
        [-0.05791485,  0.09437094,  0.        , ...,  0.91437399,
          0.87854838,  0.80000656],
        ...,
        [-0.93628726, -0.87208522, -0.91437399, ...,  0.        ,
         -0.08105542, -0.22471726],
        [-0.90473698, -0.82955091, -0.87854838, ...,  0.08105542,
          0.        , -0.14499551],
        [-0.83341218, -0.73981448, -0.80000656, ...,  0.22471726,
          0.14499551,  0.        ]],

       [[ 0.        ,  0.02654955, -0.78338512, ..., -0.99998024,
         -0.69832135, -0.7166878 ],
        [-0.02654955,  0.        , -0.79961049, ..., -0.99946085,
         -0.71707894, -0.73495067],
        [ 0.78338512,  0.79961049,  0.        , ..., -0.62644888,
          0.12670256,  0.10088049],
        ...,
        [ 0.99998024,  0.99946085,  0.62644888, ...,  0.        ,
          0.72016007,  0.70188564],
        [ 0.69832135,  0.71707894, -0.12670256, ..., -0.72016007,
          0.        , -0.02598872],
        [ 0.7166878 ,  0.73495067, -0.10088049, ..., -0.70188564,
          0.02598872,  0.        ]],

       [[ 0.        ,  0.02012043, -0.02034722, ...,  0.95005511,
          0.996645  ,  0.99997973],
        [-0.02012043,  0.        , -0.04045937, ...,  0.95614201,
          0.99809001,  0.9996492 ],
        [ 0.02034722,  0.04045937,  0.        , ...,  0.94350841,
          0.99477333,  0.99990226],
        ...,
        [-0.95005511, -0.95614201, -0.94350841, ...,  0.        ,
         -0.23327706, -0.31812461],
        [-0.996645  , -0.99809001, -0.99477333, ...,  0.23327706,
          0.        , -0.08818959],
        [-0.99997973, -0.9996492 , -0.99990226, ...,  0.31812461,
          0.08818959,  0.        ]],

       ...,

       [[ 0.        , -0.11621729, -0.23688598, ...,  0.91728981,
          0.79762207,  0.64837441],
        [ 0.11621729,  0.        , -0.12237134, ...,  0.95735417,
          0.86231457,  0.73245964],
        [ 0.23688598,  0.12237134,  0.        , ...,  0.98551422,
          0.91779928,  0.81026644],
        ...,
        [-0.91728981, -0.95735417, -0.98551422, ...,  0.        ,
         -0.23564099, -0.44015673],
        [-0.79762207, -0.86231457, -0.91779928, ...,  0.23564099,
          0.        , -0.21617501],
        [-0.64837441, -0.73245964, -0.81026644, ...,  0.44015673,
          0.21617501,  0.        ]],

       [[ 0.        , -0.0194496 , -0.02304146, ...,  0.85310353,
          0.91779406,  0.95046472],
        [ 0.0194496 ,  0.        , -0.00359267, ...,  0.86308982,
          0.92534304,  0.95633049],
        [ 0.02304146,  0.00359267,  0.        , ...,  0.86489873,
          0.92669916,  0.95737441],
        ...,
        [-0.85310353, -0.86308982, -0.86489873, ...,  0.        ,
          0.14012089,  0.23072478],
        [-0.91779406, -0.92534304, -0.92669916, ..., -0.14012089,
          0.        ,  0.09210824],
        [-0.95046472, -0.95633049, -0.95737441, ..., -0.23072478,
         -0.09210824,  0.        ]],

       [[ 0.        ,  0.12970821,  0.15497856, ...,  0.20741291,
          0.55329939,  0.97151269],
        [-0.12970821,  0.        ,  0.02552828, ...,  0.07877322,
          0.44058057,  0.93256632],
        [-0.15497856, -0.02552828,  0.        , ...,  0.0532986 ,
          0.41751991,  0.92304672],
        ...,
        [-0.20741291, -0.07877322, -0.0532986 , ...,  0.        ,
          0.36849574,  0.90123139],
        [-0.55329939, -0.44058057, -0.41751991, ..., -0.36849574,
          0.        ,  0.67812797],
        [-0.97151269, -0.93256632, -0.92304672, ..., -0.90123139,
         -0.67812797,  0.        ]]]), 'num': array([6.38636384e-01, 6.24311021e-01, 2.57187846e-07, 7.16268150e-03,
       7.16268150e-03, 6.86691548e-03, 4.49435374e-01, 1.28593923e-04,
       7.11381581e-03, 6.91545968e-03, 6.52946359e-03, 8.53048795e-06,
       7.49473891e-03, 6.33618046e-03])}
{'img': array([[[ 0.        , -0.09437094,  0.09265019, ...,  0.82955091,
          0.73981448,  0.88581409],
        [ 0.09437094,  0.        ,  0.18620173, ...,  0.87854838,
          0.80000656,  0.92565271],
        [-0.09265019, -0.18620173,  0.        , ...,  0.77424403,
          0.67429627,  0.83901053],
        ...,
        [-0.82955091, -0.87854838, -0.77424403, ...,  0.        ,
         -0.14499551,  0.10972108],
        [-0.73981448, -0.80000656, -0.67429627, ...,  0.14499551,
          0.        ,  0.25268166],
        [-0.88581409, -0.92565271, -0.83901053, ..., -0.10972108,
         -0.25268166,  0.        ]],

       [[ 0.        , -0.79961049, -0.81058796, ..., -0.71707894,
         -0.73495067, -0.43412446],
        [ 0.79961049,  0.        , -0.01850805, ...,  0.12670256,
          0.10088049,  0.45963145],
        [ 0.81058796,  0.01850805,  0.        , ...,  0.14503974,
          0.11927684,  0.4759899 ],
        ...,
        [ 0.71707894, -0.12670256, -0.14503974, ...,  0.        ,
         -0.02598872,  0.3434014 ],
        [ 0.73495067, -0.10088049, -0.11927684, ...,  0.02598872,
          0.        ,  0.36769372],
        [ 0.43412446, -0.45963145, -0.4759899 , ..., -0.3434014 ,
         -0.36769372,  0.        ]],

       [[ 0.        , -0.04045937,  0.08082885, ...,  0.99809001,
          0.9996492 ,  0.9962593 ],
        [ 0.04045937,  0.        ,  0.12108965, ...,  0.99477333,
          0.99990226,  0.99893981],
        [-0.08082885, -0.12108965,  0.        , ...,  0.99981757,
          0.99423755,  0.98601477],
        ...,
        [-0.99809001, -0.99477333, -0.99981757, ...,  0.        ,
         -0.08818959, -0.14779443],
        [-0.9996492 , -0.99990226, -0.99423755, ...,  0.08818959,
          0.        , -0.05999748],
        [-0.9962593 , -0.99893981, -0.98601477, ...,  0.14779443,
          0.05999748,  0.        ]],

       ...,

       [[ 0.        , -0.12237134, -0.00589824, ...,  0.86231457,
          0.73245964,  0.77937719],
        [ 0.12237134,  0.        ,  0.1165153 , ...,  0.91779928,
          0.81026644,  0.85019207],
        [ 0.00589824, -0.1165153 ,  0.        , ...,  0.86528628,
          0.73646248,  0.78305921],
        ...,
        [-0.86231457, -0.91779928, -0.86528628, ...,  0.        ,
         -0.21617501, -0.14563198],
        [-0.73245964, -0.81026644, -0.73646248, ...,  0.21617501,
          0.        ,  0.07168188],
        [-0.77937719, -0.85019207, -0.78305921, ...,  0.14563198,
         -0.07168188,  0.        ]],

       [[ 0.        , -0.00354601, -0.01961532, ...,  0.87846798,
          0.88822516,  0.95992481],
        [ 0.00354601,  0.        , -0.01606987, ...,  0.88015674,
          0.88984864,  0.96091257],
        [ 0.01961532,  0.01606987,  0.        , ...,  0.88767119,
          0.89706571,  0.96523747],
        ...,
        [-0.87846798, -0.88015674, -0.88767119, ...,  0.        ,
          0.02081952,  0.21245587],
        [-0.88822516, -0.88984864, -0.89706571, ..., -0.02081952,
          0.        ,  0.1920656 ],
        [-0.95992481, -0.96091257, -0.96523747, ..., -0.21245587,
         -0.1920656 ,  0.        ]],

       [[ 0.        ,  0.02113794,  0.13785362, ...,  0.34485524,
          0.60902447,  0.98180517],
        [-0.02113794,  0.        ,  0.11688669, ...,  0.32493694,
          0.59212281,  0.9775719 ],
        [-0.13785362, -0.11688669,  0.        , ...,  0.21216567,
          0.49387109,  0.94625434],
        ...,
        [-0.34485524, -0.32493694, -0.21216567, ...,  0.        ,
          0.29814197,  0.85609228],
        [-0.60902447, -0.59212281, -0.49387109, ..., -0.29814197,
          0.        ,  0.6630719 ],
        [-0.98180517, -0.9775719 , -0.94625434, ..., -0.85609228,
         -0.6630719 ,  0.        ]]]), 'num': array([ 7.06613617e-01,  7.06613617e-01,  0.00000000e+00,  7.06613617e-04,
        7.24865629e-04,  7.06613617e-04,  3.72883395e-02, -1.95557274e-05,
        7.18347053e-04,  7.04364708e-04,  6.62797923e-04,  7.53007894e-07,
        7.56329615e-04,  6.52399801e-04])}
{'img': array([[[ 0.00000000e+00,  1.86201726e-01,  1.31400640e-01, ...,
          8.00006562e-01,  9.25652712e-01,  7.29293007e-01],
        [-1.86201726e-01,  0.00000000e+00, -5.54845901e-02, ...,
          6.74296269e-01,  8.39010533e-01,  5.89139290e-01],
        [-1.31400640e-01,  5.54845901e-02,  0.00000000e+00, ...,
          7.14230747e-01,  8.67908081e-01,  6.33065043e-01],
        ...,
        [-8.00006562e-01, -6.74296269e-01, -7.14230747e-01, ...,
          0.00000000e+00,  2.52681662e-01, -1.09796276e-01],
        [-9.25652712e-01, -8.39010533e-01, -8.67908081e-01, ...,
         -2.52681662e-01,  0.00000000e+00, -3.57387306e-01],
        [-7.29293007e-01, -5.89139290e-01, -6.33065043e-01, ...,
          1.09796276e-01,  3.57387306e-01,  0.00000000e+00]],

       [[ 0.00000000e+00, -1.85080522e-02,  1.80712457e-01, ...,
          1.00880489e-01,  4.59631453e-01,  2.50141730e-01],
        [ 1.85080522e-02,  0.00000000e+00,  1.98884838e-01, ...,
          1.19276843e-01,  4.75989905e-01,  2.68018551e-01],
        [-1.80712457e-01, -1.98884838e-01,  0.00000000e+00, ...,
         -8.05709719e-02,  2.91571573e-01,  7.10559208e-02],
        ...,
        [-1.00880489e-01, -1.19276843e-01,  8.05709719e-02, ...,
          0.00000000e+00,  3.67693721e-01,  1.51192224e-01],
        [-4.59631453e-01, -4.75989905e-01, -2.91571573e-01, ...,
         -3.67693721e-01,  0.00000000e+00, -2.22866106e-01],
        [-2.50141730e-01, -2.68018551e-01, -7.10559208e-02, ...,
         -1.51192224e-01,  2.22866106e-01,  0.00000000e+00]],

       [[ 0.00000000e+00,  1.21089652e-01,  2.45713679e-01, ...,
          9.99902255e-01,  9.98939809e-01,  9.91496293e-01],
        [-1.21089652e-01,  0.00000000e+00,  1.26528273e-01, ...,
          9.94237553e-01,  9.86014775e-01,  9.68442448e-01],
        [-2.45713679e-01, -1.26528273e-01,  0.00000000e+00, ...,
          9.72683125e-01,  9.57003236e-01,  9.29123513e-01],
        ...,
        [-9.99902255e-01, -9.94237553e-01, -9.72683125e-01, ...,
          0.00000000e+00, -5.99974788e-02, -1.43984722e-01],
        [-9.98939809e-01, -9.86014775e-01, -9.57003236e-01, ...,
          5.99974788e-02,  0.00000000e+00, -8.43530383e-02],
        [-9.91496293e-01, -9.68442448e-01, -9.29123513e-01, ...,
          1.43984722e-01,  8.43530383e-02,  0.00000000e+00]],

       ...,

       [[ 0.00000000e+00,  1.16515296e-01,  2.10010114e-01, ...,
          8.10266441e-01,  8.50192070e-01,  6.68078922e-01],
        [-1.16515296e-01,  0.00000000e+00,  9.46628004e-02, ...,
          7.36462483e-01,  7.83059209e-01,  5.76830652e-01],
        [-2.10010114e-01, -9.46628004e-02,  0.00000000e+00, ...,
          6.69117982e-01,  7.20667538e-01,  4.96913722e-01],
        ...,
        [-8.10266441e-01, -7.36462483e-01, -6.69117982e-01, ...,
          0.00000000e+00,  7.16818793e-02, -2.11376041e-01],
        [-8.50192070e-01, -7.83059209e-01, -7.20667538e-01, ...,
         -7.16818793e-02,  0.00000000e+00, -2.80894499e-01],
        [-6.68078922e-01, -5.76830652e-01, -4.96913722e-01, ...,
          2.11376041e-01,  2.80894499e-01,  0.00000000e+00]],

       [[ 0.00000000e+00, -1.60698736e-02, -1.59897521e-02, ...,
          8.89848642e-01,  9.60912571e-01,  7.89580829e-01],
        [ 1.60698736e-02,  0.00000000e+00,  8.01317990e-05, ...,
          8.97065711e-01,  9.65237466e-01,  7.99340095e-01],
        [ 1.59897521e-02, -8.01317990e-05,  0.00000000e+00, ...,
          8.97030298e-01,  9.65216519e-01,  7.99291942e-01],
        ...,
        [-8.89848642e-01, -8.97065711e-01, -8.97030298e-01, ...,
          0.00000000e+00,  1.92065597e-01, -1.85801701e-01],
        [-9.60912571e-01, -9.65237466e-01, -9.65216519e-01, ...,
         -1.92065597e-01,  0.00000000e+00, -3.71063670e-01],
        [-7.89580829e-01, -7.99340095e-01, -7.99291942e-01, ...,
          1.85801701e-01,  3.71063670e-01,  0.00000000e+00]],

       [[ 0.00000000e+00,  9.52500339e-02,  8.69572620e-02, ...,
          4.56009338e-01,  6.71177149e-01,  9.99783271e-01],
        [-9.52500339e-02,  0.00000000e+00, -8.32733048e-03, ...,
          3.69165889e-01,  5.97516997e-01,  9.93254669e-01],
        [-8.69572620e-02,  8.32733048e-03,  0.00000000e+00, ...,
          3.76892206e-01,  6.04173601e-01,  9.94185811e-01],
        ...,
        [-4.56009338e-01, -3.69165889e-01, -3.76892206e-01, ...,
          0.00000000e+00,  2.59292524e-01,  8.80288657e-01],
        [-6.71177149e-01, -5.97516997e-01, -6.04173601e-01, ...,
         -2.59292524e-01,  0.00000000e+00,  7.27163405e-01],
        [-9.99783271e-01, -9.93254669e-01, -9.94185811e-01, ...,
         -8.80288657e-01, -7.27163405e-01,  0.00000000e+00]]]), 'num': array([7.62270169e-01, 6.46275220e-01, 2.07133837e-06, 7.83749654e-04,
       7.83749654e-04, 7.66955018e-04, 3.56071463e-02, 2.51919532e-05,
       7.72273320e-04, 7.60202175e-04, 7.12943937e-04, 8.32791840e-07,
       8.11432839e-04, 7.08971511e-04])}
{'img': array([[[ 0.00000000e+00, -5.54845901e-02, -1.29959689e-01, ...,
          8.39010533e-01,  5.89139290e-01,  8.86151129e-01],
        [ 5.54845901e-02,  0.00000000e+00, -7.47454512e-02, ...,
          8.67908081e-01,  6.33065043e-01,  9.10497409e-01],
        [ 1.29959689e-01,  7.47454512e-02,  0.00000000e+00, ...,
          9.02608157e-01,  6.89154486e-01,  9.38858774e-01],
        ...,
        [-8.39010533e-01, -8.67908081e-01, -9.02608157e-01, ...,
          0.00000000e+00, -3.57387306e-01,  9.33738614e-02],
        [-5.89139290e-01, -6.33065043e-01, -6.89154486e-01, ...,
          3.57387306e-01,  0.00000000e+00,  4.43033026e-01],
        [-8.86151129e-01, -9.10497409e-01, -9.38858774e-01, ...,
         -9.33738614e-02, -4.43033026e-01,  0.00000000e+00]],

       [[ 0.00000000e+00,  1.98884838e-01,  4.39821895e-01, ...,
          4.75989905e-01,  2.68018551e-01,  1.44256878e-01],
        [-1.98884838e-01,  0.00000000e+00,  2.52420021e-01, ...,
          2.91571573e-01,  7.10559208e-02, -5.54295178e-02],
        [-4.39821895e-01, -2.52420021e-01,  0.00000000e+00, ...,
          4.06777102e-02, -1.83027017e-01, -3.05666537e-01],
        ...,
        [-4.75989905e-01, -2.91571573e-01, -4.06777102e-02, ...,
          0.00000000e+00, -2.22866106e-01, -3.44144362e-01],
        [-2.68018551e-01, -7.10559208e-02,  1.83027017e-01, ...,
          2.22866106e-01,  0.00000000e+00, -1.26236090e-01],
        [-1.44256878e-01,  5.54295178e-02,  3.05666537e-01, ...,
          3.44144362e-01,  1.26236090e-01,  0.00000000e+00]],

       [[ 0.00000000e+00,  1.26528273e-01,  1.53759393e-01, ...,
          9.86014775e-01,  9.68442448e-01,  9.75386543e-01],
        [-1.26528273e-01,  0.00000000e+00,  2.74999892e-02, ...,
          9.57003236e-01,  9.29123513e-01,  9.39647637e-01],
        [-1.53759393e-01, -2.74999892e-02,  0.00000000e+00, ...,
          9.48664180e-01,  9.18603465e-01,  9.29883318e-01],
        ...,
        [-9.86014775e-01, -9.57003236e-01, -9.48664180e-01, ...,
          0.00000000e+00, -8.43530383e-02, -5.48622410e-02],
        [-9.68442448e-01, -9.29123513e-01, -9.18603465e-01, ...,
          8.43530383e-02,  0.00000000e+00,  2.95592888e-02],
        [-9.75386543e-01, -9.39647637e-01, -9.29883318e-01, ...,
          5.48622410e-02, -2.95592888e-02,  0.00000000e+00]],

       ...,

       [[ 0.00000000e+00,  9.46628004e-02, -9.75554844e-02, ...,
          7.83059209e-01,  5.76830652e-01,  6.22646817e-01],
        [-9.46628004e-02,  0.00000000e+00, -1.91328668e-01, ...,
          7.20667538e-01,  4.96913722e-01,  5.45776830e-01],
        [ 9.75554844e-02,  1.91328668e-01,  0.00000000e+00, ...,
          8.39998442e-01,  6.53768760e-01,  6.96014305e-01],
        ...,
        [-7.83059209e-01, -7.20667538e-01, -8.39998442e-01, ...,
          0.00000000e+00, -2.80894499e-01, -2.25492756e-01],
        [-5.76830652e-01, -4.96913722e-01, -6.53768760e-01, ...,
          2.80894499e-01,  0.00000000e+00,  5.72459040e-02],
        [-6.22646817e-01, -5.45776830e-01, -6.96014305e-01, ...,
          2.25492756e-01, -5.72459040e-02,  0.00000000e+00]],

       [[ 0.00000000e+00,  8.01317990e-05, -4.32340100e-03, ...,
          9.65237466e-01,  7.99340095e-01,  7.84324916e-01],
        [-8.01317990e-05,  0.00000000e+00, -4.40353203e-03, ...,
          9.65216519e-01,  7.99291942e-01,  7.84275204e-01],
        [ 4.32340100e-03,  4.40353203e-03,  0.00000000e+00, ...,
          9.66358472e-01,  8.01930464e-01,  7.86999609e-01],
        ...,
        [-9.65237466e-01, -9.65216519e-01, -9.66358472e-01, ...,
          0.00000000e+00, -3.71063670e-01, -3.93782758e-01],
        [-7.99340095e-01, -7.99291942e-01, -8.01930464e-01, ...,
          3.71063670e-01,  0.00000000e+00, -2.45865553e-02],
        [-7.84324916e-01, -7.84275204e-01, -7.86999609e-01, ...,
          3.93782758e-01,  2.45865553e-02,  0.00000000e+00]],

       [[ 0.00000000e+00, -7.35301952e-03, -5.22926956e-02, ...,
          5.05755932e-01,  7.82311922e-01,  9.99964115e-01],
        [ 7.35301952e-03,  0.00000000e+00, -4.49483228e-02, ...,
          5.12085538e-01,  7.86870872e-01,  9.99874791e-01],
        [ 5.22926956e-02,  4.49483228e-02,  0.00000000e+00, ...,
          5.50175643e-01,  8.13813997e-01,  9.98152962e-01],
        ...,
        [-5.05755932e-01, -5.12085538e-01, -5.50175643e-01, ...,
          0.00000000e+00,  3.59853467e-01,  8.66930222e-01],
        [-7.82311922e-01, -7.86870872e-01, -8.13813997e-01, ...,
         -3.59853467e-01,  0.00000000e+00,  6.29491963e-01],
        [-9.99964115e-01, -9.99874791e-01, -9.98152962e-01, ...,
         -8.66930222e-01, -6.29491963e-01,  0.00000000e+00]]]), 'num': array([ 7.52797983e-01,  6.57400846e-01,  1.73134550e-06,  7.63177095e-04,
        7.82568164e-04,  7.61792018e-04,  3.33878483e-02, -1.24656876e-05,
        7.63731125e-04,  7.55974697e-04,  7.06539012e-04,  7.73065896e-07,
        7.98110169e-04,  7.13839225e-04])}
{'img': array([[[ 0.        , -0.07474545, -0.60844433, ...,  0.63306504,
          0.91049741,  0.77734906],
        [ 0.07474545,  0.        , -0.54742456, ...,  0.68915449,
          0.93885877,  0.82219463],
        [ 0.60844433,  0.54742456,  0.        , ...,  0.97339415,
          0.97416833,  0.99965531],
        ...,
        [-0.63306504, -0.68915449, -0.97339415, ...,  0.        ,
          0.44303303,  0.20350292],
        [-0.91049741, -0.93885877, -0.97416833, ..., -0.44303303,
          0.        , -0.25132082],
        [-0.77734906, -0.82219463, -0.99965531, ..., -0.20350292,
          0.25132082,  0.        ]],

       [[ 0.        ,  0.25242002,  0.97611709, ...,  0.07105592,
         -0.05542952, -0.11354058],
        [-0.25242002,  0.        ,  0.99934524, ..., -0.18302702,
         -0.30566654, -0.36065159],
        [-0.97611709, -0.99934524,  0.        , ..., -0.98908634,
         -0.96257462, -0.94513876],
        ...,
        [-0.07105592,  0.18302702,  0.98908634, ...,  0.        ,
         -0.12623609, -0.18385001],
        [ 0.05542952,  0.30566654,  0.96257462, ...,  0.12623609,
          0.        , -0.05829495],
        [ 0.11354058,  0.36065159,  0.94513876, ...,  0.18385001,
          0.05829495,  0.        ]],

       [[ 0.        ,  0.02749999, -0.10748287, ...,  0.92912351,
          0.93964764,  0.93443563],
        [-0.02749999,  0.        , -0.1347829 , ...,  0.91860346,
          0.92988332,  0.9242886 ],
        [ 0.10748287,  0.1347829 ,  0.        , ...,  0.96348493,
          0.97097879,  0.96730048],
        ...,
        [-0.92912351, -0.91860346, -0.96348493, ...,  0.        ,
          0.02955929,  0.01463513],
        [-0.93964764, -0.92988332, -0.97097879, ..., -0.02955929,
          0.        , -0.01492739],
        [-0.93443563, -0.9242886 , -0.96730048, ..., -0.01463513,
          0.01492739,  0.        ]],

       ...,

       [[ 0.        , -0.19132867, -0.47961852, ...,  0.49691372,
          0.54577683,  0.44050953],
        [ 0.19132867,  0.        , -0.30287154, ...,  0.65376876,
          0.69601431,  0.60413649],
        [ 0.47961852,  0.30287154,  0.        , ...,  0.85224335,
          0.8807937 ,  0.81711357],
        ...,
        [-0.49691372, -0.65376876, -0.85224335, ...,  0.        ,
          0.0572459 , -0.06382912],
        [-0.54577683, -0.69601431, -0.8807937 , ..., -0.0572459 ,
          0.        , -0.12085361],
        [-0.44050953, -0.60413649, -0.81711357, ...,  0.06382912,
          0.12085361,  0.        ]],

       [[ 0.        , -0.00440353,  0.04603266, ...,  0.79929194,
          0.7842752 ,  0.64811865],
        [ 0.00440353,  0.        ,  0.05043108, ...,  0.80193046,
          0.78699961,  0.65146583],
        [-0.04603266, -0.05043108,  0.        , ...,  0.77078164,
          0.75488456,  0.61237592],
        ...,
        [-0.79929194, -0.80193046, -0.77078164, ...,  0.        ,
         -0.02458656, -0.21920997],
        [-0.7842752 , -0.78699961, -0.75488456, ...,  0.02458656,
          0.        , -0.19515515],
        [-0.64811865, -0.65146583, -0.61237592, ...,  0.21920997,
          0.19515515,  0.        ]],

       [[ 0.        , -0.03931277, -0.23382269, ...,  0.6543597 ,
          0.8206308 ,  0.98849135],
        [ 0.03931277,  0.        , -0.19541895, ...,  0.68358151,
          0.84246204,  0.98178006],
        [ 0.23382269,  0.19541895,  0.        , ...,  0.81303321,
          0.93150232,  0.92571753],
        ...,
        [-0.6543597 , -0.68358151, -0.81303321, ...,  0.        ,
          0.24660784,  0.84647063],
        [-0.8206308 , -0.84246204, -0.93150232, ..., -0.24660784,
          0.        ,  0.68902494],
        [-0.98849135, -0.98178006, -0.92571753, ..., -0.84647063,
         -0.68902494,  0.        ]]]), 'num': array([7.60237863e-01, 6.48829702e-01, 1.99656203e-06, 7.79078051e-04,
       7.88851432e-04, 7.76285657e-04, 3.24609153e-02, 9.77338057e-06,
       7.72934783e-04, 7.65116079e-04, 7.13421877e-04, 7.93293877e-07,
       8.02932152e-04, 7.27300006e-04])}
{'img': array([[[ 0.        , -0.54742456, -0.97334218, ...,  0.93885877,
          0.82219463,  0.91506181],
        [ 0.54742456,  0.        , -0.68899021, ...,  0.97416833,
          0.99965531,  0.98655787],
        [ 0.97334218,  0.68899021,  0.        , ...,  0.55045872,
          0.74260941,  0.60243872],
        ...,
        [-0.93885877, -0.97416833, -0.55045872, ...,  0.        ,
         -0.25132082, -0.06359647],
        [-0.82219463, -0.99965531, -0.74260941, ...,  0.25132082,
          0.        ,  0.18925681],
        [-0.91506181, -0.98655787, -0.60243872, ...,  0.06359647,
         -0.18925681,  0.        ]],

       [[ 0.        ,  0.99934524,  0.99510595, ..., -0.30566654,
         -0.36065159, -0.39708046],
        [-0.99934524,  0.        , -0.0627448 , ..., -0.96257462,
         -0.94513876, -0.93154976],
        [-0.99510595,  0.0627448 ,  0.        , ..., -0.97768286,
         -0.96377325, -0.95252912],
        ...,
        [ 0.30566654,  0.96257462,  0.97768286, ...,  0.        ,
         -0.05829495, -0.09753985],
        [ 0.36065159,  0.94513876,  0.96377325, ...,  0.05829495,
          0.        , -0.039357  ],
        [ 0.39708046,  0.93154976,  0.95252912, ...,  0.09753985,
          0.039357  ,  0.        ]],

       [[ 0.        , -0.1347829 , -0.32440218, ...,  0.92988332,
          0.9242886 ,  0.95377051],
        [ 0.1347829 ,  0.        , -0.19394832, ...,  0.97097879,
          0.96730048,  0.9855746 ],
        [ 0.32440218,  0.19394832,  0.        , ...,  0.99892737,
          0.99812486,  0.99968438],
        ...,
        [-0.92988332, -0.97097879, -0.99892737, ...,  0.        ,
         -0.01492739,  0.07138559],
        [-0.9242886 , -0.96730048, -0.99812486, ...,  0.01492739,
          0.        ,  0.08626694],
        [-0.95377051, -0.9855746 , -0.99968438, ..., -0.07138559,
         -0.08626694,  0.        ]],

       ...,

       [[ 0.        , -0.30287154, -0.43302974, ...,  0.69601431,
          0.60413649,  0.63010511],
        [ 0.30287154,  0.        , -0.1396887 , ...,  0.8807937 ,
          0.81711357,  0.83569268],
        [ 0.43302974,  0.1396887 ,  0.        , ...,  0.93830056,
          0.88962944,  0.90421578],
        ...,
        [-0.69601431, -0.8807937 , -0.93830056, ...,  0.        ,
         -0.12085361, -0.0880289 ],
        [-0.60413649, -0.81711357, -0.88962944, ...,  0.12085361,
          0.        ,  0.03300077],
        [-0.63010511, -0.83569268, -0.90421578, ...,  0.0880289 ,
         -0.03300077,  0.        ]],

       [[ 0.        ,  0.05043108,  0.08969662, ...,  0.78699961,
          0.65146583,  0.61159691],
        [-0.05043108,  0.        ,  0.03935469, ...,  0.75488456,
          0.61237592,  0.57091915],
        [-0.08969662, -0.03935469,  0.        , ...,  0.72848868,
          0.58078901,  0.53816642],
        ...,
        [-0.78699961, -0.75488456, -0.72848868, ...,  0.        ,
         -0.19515515, -0.24532325],
        [-0.65146583, -0.61237592, -0.58078901, ...,  0.19515515,
          0.        , -0.0514148 ],
        [-0.61159691, -0.57091915, -0.53816642, ...,  0.24532325,
          0.0514148 ,  0.        ]],

       [[ 0.        , -0.18358335, -0.46858434, ...,  0.77405236,
          0.95087821,  0.96707223],
        [ 0.18358335,  0.        , -0.29843937, ...,  0.87712726,
          0.99154825,  0.90391367],
        [ 0.46858434,  0.29843937,  0.        , ...,  0.98048324,
          0.98508107,  0.73507406],
        ...,
        [-0.77405236, -0.87712726, -0.98048324, ...,  0.        ,
          0.36240182,  0.80927223],
        [-0.95087821, -0.99154825, -0.98508107, ..., -0.36240182,
          0.        ,  0.54137241],
        [-0.96707223, -0.90391367, -0.73507406, ..., -0.80927223,
         -0.54137241,  0.        ]]]), 'num': array([7.43934712e-01, 6.67692109e-01, 1.36635489e-06, 7.62426030e-04,
       7.70624159e-04, 7.56960610e-04, 2.72742882e-02, 0.00000000e+00,
       7.56687339e-04, 7.51358555e-04, 6.99448456e-04, 7.06336003e-07,
       7.84331618e-04, 7.18385493e-04])}
{'img': array([[[ 0.        , -0.68899021, -0.24514861, ...,  0.99965531,
          0.98655787,  0.98655787],
        [ 0.68899021,  0.        ,  0.49028951, ...,  0.74260941,
          0.60243872,  0.60243872],
        [ 0.24514861, -0.49028951,  0.        , ...,  0.97558741,
          0.91639327,  0.91639327],
        ...,
        [-0.99965531, -0.74260941, -0.97558741, ...,  0.        ,
          0.18925681,  0.18925681],
        [-0.98655787, -0.60243872, -0.91639327, ..., -0.18925681,
          0.        ,  0.        ],
        [-0.98655787, -0.60243872, -0.91639327, ..., -0.18925681,
          0.        ,  0.        ]],

       [[ 0.        , -0.0627448 , -0.74547617, ..., -0.94513876,
         -0.93154976, -0.85499907],
        [ 0.0627448 ,  0.        , -0.70218585, ..., -0.96377325,
         -0.95252912, -0.88585569],
        [ 0.74547617,  0.70218585,  0.        , ..., -0.87348955,
         -0.89197346, -0.95651043],
        ...,
        [ 0.94513876,  0.96377325,  0.87348955, ...,  0.        ,
         -0.039357  , -0.21087506],
        [ 0.93154976,  0.95252912,  0.89197346, ...,  0.039357  ,
          0.        , -0.1722397 ],
        [ 0.85499907,  0.88585569,  0.95651043, ...,  0.21087506,
          0.1722397 ,  0.        ]],

       [[ 0.        , -0.19394832, -0.42535926, ...,  0.96730048,
          0.9855746 ,  0.98696881],
        [ 0.19394832,  0.        , -0.24175443, ...,  0.99812486,
          0.99968438,  0.99943655],
        [ 0.42535926,  0.24175443,  0.        , ...,  0.98331593,
          0.96395771,  0.9616763 ],
        ...,
        [-0.96730048, -0.99812486, -0.98331593, ...,  0.        ,
          0.08626694,  0.09467809],
        [-0.9855746 , -0.99968438, -0.96395771, ..., -0.08626694,
          0.        ,  0.00844571],
        [-0.98696881, -0.99943655, -0.9616763 , ..., -0.09467809,
         -0.00844571,  0.        ]],

       ...,

       [[ 0.        , -0.1396887 , -0.51170543, ...,  0.81711357,
          0.83569268,  0.730946  ],
        [ 0.1396887 ,  0.        , -0.38667332, ...,  0.88962944,
          0.90421578,  0.81910792],
        [ 0.51170543,  0.38667332,  0.        , ...,  0.99701835,
          0.9990218 ,  0.97720612],
        ...,
        [-0.81711357, -0.88962944, -0.99701835, ...,  0.        ,
          0.03300077, -0.1362538 ],
        [-0.83569268, -0.90421578, -0.9990218 , ..., -0.03300077,
          0.        , -0.16887259],
        [-0.730946  , -0.81910792, -0.97720612, ...,  0.1362538 ,
          0.16887259,  0.        ]],

       [[ 0.        ,  0.03935469, -0.0057919 , ...,  0.61237592,
          0.57091915,  0.53361515],
        [-0.03935469,  0.        , -0.04514144, ...,  0.58078901,
          0.53816642,  0.49991842],
        [ 0.0057919 ,  0.04514144,  0.        , ...,  0.61694453,
          0.57566476,  0.53850457],
        ...,
        [-0.61237592, -0.58078901, -0.61694453, ...,  0.        ,
         -0.0514148 , -0.09604473],
        [-0.57091915, -0.53816642, -0.57566476, ...,  0.0514148 ,
          0.        , -0.04474059],
        [-0.53361515, -0.49991842, -0.53850457, ...,  0.09604473,
          0.04474059,  0.        ]],

       [[ 0.        , -0.28624005, -0.49760083, ...,  0.96041907,
          0.99946042,  0.88528597],
        [ 0.28624005,  0.        , -0.22849381, ...,  0.99996795,
          0.96704284,  0.71512868],
        [ 0.49760083,  0.22849381,  0.        , ...,  0.97168467,
          0.88328243,  0.53649468],
        ...,
        [-0.96041907, -0.99996795, -0.97168467, ...,  0.        ,
          0.24686268,  0.69324457],
        [-0.99946042, -0.96704284, -0.88328243, ..., -0.24686268,
          0.        ,  0.49387445],
        [-0.88528597, -0.71512868, -0.53649468, ..., -0.69324457,
         -0.49387445,  0.        ]]]), 'num': array([7.43931546e-01, 6.66875216e-01, 1.34949790e-06, 7.78346768e-04,
       7.78346768e-04, 7.63352347e-04, 4.28804593e-02, 1.77206795e-05,
       7.62807095e-04, 7.52788096e-04, 6.99978199e-04, 7.46475509e-07,
       7.83726925e-04, 7.21849267e-04])}
{'img': array([[[ 0.        ,  0.4861527 ,  0.72027013, ...,  0.64311958,
          0.64311958,  0.        ],
        [-0.4861527 ,  0.        ,  0.29218418, ...,  0.9342845 ,
          0.9342845 ,  0.4861527 ],
        [-0.72027013, -0.29218418,  0.        , ...,  0.9976862 ,
          0.9976862 ,  0.72027013],
        ...,
        [-0.64311958, -0.9342845 , -0.9976862 , ...,  0.        ,
          0.        ,  0.64311958],
        [-0.64311958, -0.9342845 , -0.9976862 , ...,  0.        ,
          0.        ,  0.64311958],
        [-0.        , -0.4861527 , -0.72027013, ..., -0.64311958,
         -0.64311958,  0.        ]],

       [[ 0.        , -0.70218585, -0.24622113, ..., -0.95252912,
         -0.88585569, -0.99980586],
        [ 0.70218585,  0.        ,  0.50526024, ..., -0.89197346,
         -0.95651043, -0.69801964],
        [ 0.24622113, -0.50526024,  0.        , ..., -0.99816566,
         -0.97282043, -0.96417398],
        ...,
        [ 0.95252912,  0.89197346,  0.99816566, ...,  0.        ,
         -0.1722397 ,  0.32315698],
        [ 0.88585569,  0.95651043,  0.97282043, ...,  0.1722397 ,
          0.        ,  0.48132566],
        [ 0.99980586,  0.69801964,  0.96417398, ..., -0.32315698,
         -0.48132566,  0.        ]],

       [[ 0.        , -0.24175443, -0.44401058, ...,  0.99968438,
          0.99943655,  0.92401197],
        [ 0.24175443,  0.        , -0.21422292, ...,  0.96395771,
          0.9616763 ,  0.80416535],
        [ 0.44401058,  0.21422292,  0.        , ...,  0.88458405,
          0.88061359,  0.65816118],
        ...,
        [-0.99968438, -0.96395771, -0.88458405, ...,  0.        ,
          0.00844571,  0.3590293 ],
        [-0.99943655, -0.9616763 , -0.88061359, ..., -0.00844571,
          0.        ,  0.35113389],
        [-0.92401197, -0.80416535, -0.65816118, ..., -0.3590293 ,
         -0.35113389,  0.        ]],

       ...,

       [[ 0.        , -0.38667332,  0.31122223, ...,  0.90421578,
          0.81910792,  0.87326486],
        [ 0.38667332,  0.        ,  0.65448438, ...,  0.9990218 ,
          0.97720612,  0.99374444],
        [-0.31122223, -0.65448438,  0.        , ...,  0.72639434,
          0.59989934,  0.67825432],
        ...,
        [-0.90421578, -0.9990218 , -0.72639434, ...,  0.        ,
         -0.16887259, -0.06762497],
        [-0.81910792, -0.97720612, -0.59989934, ...,  0.16887259,
          0.        ,  0.10183228],
        [-0.87326486, -0.99374444, -0.67825432, ...,  0.06762497,
         -0.10183228,  0.        ]],

       [[ 0.        , -0.04514144, -0.15375065, ...,  0.53816642,
          0.49991842,  0.5330846 ],
        [ 0.04514144,  0.        , -0.10898922, ...,  0.57566476,
          0.53850457,  0.57073363],
        [ 0.15375065,  0.10898922,  0.        , ...,  0.66135443,
          0.62713344,  0.65682862],
        ...,
        [-0.53816642, -0.57566476, -0.66135443, ...,  0.        ,
         -0.04474059, -0.00601785],
        [-0.49991842, -0.53850457, -0.62713344, ...,  0.04474059,
          0.        ,  0.03872796],
        [-0.5330846 , -0.57073363, -0.65682862, ...,  0.00601785,
         -0.03872796,  0.        ]],

       [[ 0.        , -0.22231628, -0.34342253, ...,  0.99317815,
          0.93907585,  0.70058708],
        [ 0.22231628,  0.        , -0.12603302, ...,  0.94239985,
          0.83916278,  0.52441706],
        [ 0.34342253,  0.12603302,  0.        , ...,  0.89272861,
          0.76392445,  0.41292312],
        ...,
        [-0.99317815, -0.94239985, -0.89272861, ...,  0.        ,
          0.2318625 ,  0.62700577],
        [-0.93907585, -0.83916278, -0.76392445, ..., -0.2318625 ,
          0.        ,  0.42929469],
        [-0.70058708, -0.52441706, -0.41292312, ..., -0.62700577,
         -0.42929469,  0.        ]]]), 'num': array([7.32312554e-01, 6.79531456e-01, 9.11590633e-07, 7.76192612e-04,
       7.88257782e-04, 7.65468016e-04, 4.41679067e-02, 1.07245957e-05,
       7.55279651e-04, 7.44018825e-04, 6.91054963e-04, 7.24342652e-07,
       7.73032276e-04, 7.15005374e-04])}
{'img': array([[[ 0.        ,  0.57031141,  0.37115374, ...,  0.78062475,
          0.51507875,  0.        ],
        [-0.57031141,  0.        , -0.22469859, ...,  0.9976721 ,
          0.91193875,  0.57031141],
        [-0.37115374,  0.22469859,  0.        , ...,  0.95683693,
          0.7964192 ,  0.37115374],
        ...,
        [-0.78062475, -0.9976721 , -0.95683693, ...,  0.        ,
          0.34718271,  0.78062475],
        [-0.51507875, -0.91193875, -0.7964192 , ..., -0.34718271,
          0.        ,  0.51507875],
        [-0.        , -0.57031141, -0.37115374, ..., -0.78062475,
         -0.51507875,  0.        ]],

       [[ 0.        ,  0.50526024, -0.48754506, ..., -0.95651043,
         -0.69801964, -0.65979643],
        [-0.50526024,  0.        , -0.86187693, ..., -0.97282043,
         -0.96417398, -0.94905753],
        [ 0.48754506,  0.86187693,  0.        , ..., -0.6929112 ,
         -0.26031883, -0.20970382],
        ...,
        [ 0.95651043,  0.97282043,  0.6929112 , ...,  0.        ,
          0.48132566,  0.52630303],
        [ 0.69801964,  0.96417398,  0.26031883, ..., -0.48132566,
          0.        ,  0.05205683],
        [ 0.65979643,  0.94905753,  0.20970382, ..., -0.52630303,
         -0.05205683,  0.        ]],

       [[ 0.        , -0.2104398 , -0.66924625, ...,  0.98295854,
          0.90837955,  0.66924625],
        [ 0.2104398 ,  0.        , -0.49789436, ...,  0.92226237,
          0.80004336,  0.49789436],
        [ 0.66924625,  0.49789436,  0.        , ...,  0.60735239,
          0.39511992,  0.        ],
        ...,
        [-0.98295854, -0.92226237, -0.60735239, ...,  0.        ,
          0.24403573,  0.60735239],
        [-0.90837955, -0.80004336, -0.39511992, ..., -0.24403573,
          0.        ,  0.39511992],
        [-0.66924625, -0.49789436, -0.        , ..., -0.60735239,
         -0.39511992,  0.        ]],

       ...,

       [[ 0.        ,  0.65448438,  0.80631296, ...,  0.97720612,
          0.99374444,  0.99076167],
        [-0.65448438,  0.        ,  0.22251308, ...,  0.59989934,
          0.67825432,  0.66033301],
        [-0.80631296, -0.22251308,  0.        , ...,  0.40683243,
          0.49774161,  0.47667697],
        ...,
        [-0.97720612, -0.59989934, -0.40683243, ...,  0.        ,
          0.10183228,  0.0778081 ],
        [-0.99374444, -0.67825432, -0.49774161, ..., -0.10183228,
          0.        , -0.02411994],
        [-0.99076167, -0.66033301, -0.47667697, ..., -0.0778081 ,
          0.02411994,  0.        ]],

       [[ 0.        , -0.10898922, -0.16797772, ...,  0.53850457,
          0.57073363,  0.63262862],
        [ 0.10898922,  0.        , -0.0595365 , ...,  0.62713344,
          0.65682862,  0.71326729],
        [ 0.16797772,  0.0595365 ,  0.        , ...,  0.67239467,
          0.70055639,  0.75373071],
        ...,
        [-0.53850457, -0.62713344, -0.67239467, ...,  0.        ,
          0.03872796,  0.11601945],
        [-0.57073363, -0.65682862, -0.70055639, ..., -0.03872796,
          0.        ,  0.07746598],
