state_0,state_1,state_2,state_3,state_4,state_5,state_6,state_7,state_8,state_9,state_10,state_11,state_12,state_13,state_14,state_15,state_16,state_17,state_18,state_19,state_20,state_21,state_22,state_23,state_24,state_25,state_26,state_27,state_28,state_29,state_30,state_31,state_32,state_33,state_34,state_35,state_36,state_37,state_38,state_39,state_40,state_41,state_42,state_43,state_44,state_45,state_46,state_47,state_48,state_49,state_50,state_51,state_52,state_53,state_54,state_55,state_56,state_57,state_58,state_59,state_60,state_61,state_62,state_63,state_64,state_65,state_66,state_67,state_68,state_69,state_70,state_71,state_72,state_73,state_74,state_75,state_76,state_77,state_78,state_79,state_80,state_81,state_82,state_83,state_84,state_85,state_86,state_87,state_88,state_89,state_90,state_91,state_92,state_93,state_94,state_95,state_96,state_97,state_98,state_99,state_100,state_101,state_102,state_103,state_104,state_105,state_106,state_107,state_108,state_109,state_110,state_111,state_112,state_113,state_114,state_115,state_116,state_117,state_118,state_119,state_120,state_121,state_122,state_123,state_124,state_125,state_126,state_127,state_128,state_129,state_130,state_131,state_132,state_133,state_134,state_135,state_136,state_137,state_138,state_139,state_140,state_141,state_142,state_143,state_144,state_145,state_146,state_147,state_148,state_149,state_150,state_151,state_152,state_153,state_154,state_155,state_156,state_157,state_158,state_159,state_160,state_161,state_162,state_163,state_164,state_165,state_166,state_167,state_168,state_169,state_170,state_171,state_172,state_173,state_174,state_175,state_176,state_177,state_178,state_179,state_180,state_181,state_182,state_183,state_184,state_185,state_186,state_187,state_188,state_189,state_190,state_191,state_192,state_193,state_194,state_195,state_196,state_197,state_198,state_199,state_200,state_201,state_202,state_203,state_204,state_205,state_206,state_207,state_208,state_209,state_210,state_211,state_212,state_213,state_214,state_215,state_216,state_217,state_218,state_219,state_220,state_221,state_222,state_223,state_224,state_225,state_226,state_227,state_228,state_229,state_230,state_231,state_232,state_233,state_234,state_235,state_236,state_237,state_238,state_239,state_240,state_241,state_242,state_243,state_244,state_245,state_246,state_247,state_248,state_249,state_250,state_251,state_252,state_253,state_254,state_255,state_256,state_257,state_258,state_259,state_260,state_261,state_262,state_263,state_264,state_265,state_266,state_267,state_268,state_269,state_270,state_271,state_272,state_273,state_274,state_275,state_276,state_277,state_278,state_279,state_280,state_281,state_282,state_283,state_284,state_285,state_286,state_287
{'img': array([[[ 0.00000000e+00, -2.22441614e-01, -1.41422242e-01, ...,
          4.83902439e-01,  5.15176005e-01,  4.04743527e-01],
        [ 2.22441614e-01,  0.00000000e+00,  8.23268833e-02, ...,
          6.66442293e-01,  6.92920031e-01,  5.98010428e-01],
        [ 1.41422242e-01, -8.23268833e-02,  0.00000000e+00, ...,
          6.02800622e-01,  6.31208959e-01,  5.29996374e-01],
        ...,
        [-4.83902439e-01, -6.66442293e-01, -6.02800622e-01, ...,
          0.00000000e+00,  3.60965950e-02, -8.82950820e-02],
        [-5.15176005e-01, -6.92920031e-01, -6.31208959e-01, ...,
         -3.60965950e-02,  0.00000000e+00, -1.24193155e-01],
        [-4.04743527e-01, -5.98010428e-01, -5.29996374e-01, ...,
          8.82950820e-02,  1.24193155e-01,  0.00000000e+00]],

       [[ 0.00000000e+00, -7.03358318e-01, -7.75119387e-01, ...,
         -8.87311051e-01, -9.20306265e-01, -9.52039299e-01],
        [ 7.03358318e-01,  0.00000000e+00, -1.06590167e-01, ...,
         -3.06363405e-01, -3.79033523e-01, -4.61532704e-01],
        [ 7.75119387e-01,  1.06590167e-01,  0.00000000e+00, ...,
         -2.03153326e-01, -2.78237462e-01, -3.64344761e-01],
        ...,
        [ 8.87311051e-01,  3.06363405e-01,  2.03153326e-01, ...,
          0.00000000e+00, -7.73040872e-02, -1.67557651e-01],
        [ 9.20306265e-01,  3.79033523e-01,  2.78237462e-01, ...,
          7.73040872e-02,  0.00000000e+00, -9.08450613e-02],
        [ 9.52039299e-01,  4.61532704e-01,  3.64344761e-01, ...,
          1.67557651e-01,  9.08450613e-02,  0.00000000e+00]],

       [[ 0.00000000e+00,  4.74040307e-01,  5.84601260e-01, ...,
          8.69030276e-01,  9.12621743e-01,  9.28605224e-01],
        [-4.74040307e-01,  0.00000000e+00,  1.30144508e-01, ...,
          5.30648226e-01,  6.09776252e-01,  6.41738071e-01],
        [-5.84601260e-01, -1.30144508e-01,  0.00000000e+00, ...,
          4.15825618e-01,  5.01441025e-01,  5.36469180e-01],
        ...,
        [-8.69030276e-01, -5.30648226e-01, -4.15825618e-01, ...,
          0.00000000e+00,  9.62637894e-02,  1.36965354e-01],
        [-9.12621743e-01, -6.09776252e-01, -5.01441025e-01, ...,
         -9.62637894e-02,  0.00000000e+00,  4.09726837e-02],
        [-9.28605224e-01, -6.41738071e-01, -5.36469180e-01, ...,
         -1.36965354e-01, -4.09726837e-02,  0.00000000e+00]],

       ...,

       [[ 0.00000000e+00, -1.08652722e-01,  1.75289991e-02, ...,
          1.72228745e-01, -3.04456511e-02, -1.12553722e-01],
        [ 1.08652722e-01,  0.00000000e+00,  1.26061251e-01, ...,
          2.78238233e-01,  7.83369473e-02, -3.92507447e-03],
        [-1.75289991e-02, -1.26061251e-01,  0.00000000e+00, ...,
          1.54935220e-01, -4.79618464e-02, -1.29954042e-01],
        ...,
        [-1.72228745e-01, -2.78238233e-01, -1.54935220e-01, ...,
          0.00000000e+00, -2.02139605e-01, -2.82006171e-01],
        [ 3.04456511e-02, -7.83369473e-02,  4.79618464e-02, ...,
          2.02139605e-01,  0.00000000e+00, -8.22493564e-02],
        [ 1.12553722e-01,  3.92507447e-03,  1.29954042e-01, ...,
          2.82006171e-01,  8.22493564e-02,  0.00000000e+00]],

       [[ 0.00000000e+00, -3.01981844e-01, -4.38523282e-01, ...,
          3.70321309e-01,  3.75554859e-01,  3.78404382e-01],
        [ 3.01981844e-01,  0.00000000e+00, -1.46653172e-01, ...,
          6.33544428e-01,  6.37898407e-01,  6.40264664e-01],
        [ 4.38523282e-01,  1.46653172e-01,  0.00000000e+00, ...,
          7.40161014e-01,  7.43942050e-01,  7.45994382e-01],
        ...,
        [-3.70321309e-01, -6.33544428e-01, -7.40161014e-01, ...,
          0.00000000e+00,  5.64045610e-03,  8.71688039e-03],
        [-3.75554859e-01, -6.37898407e-01, -7.43942050e-01, ...,
         -5.64045610e-03,  0.00000000e+00,  3.07649993e-03],
        [-3.78404382e-01, -6.40264664e-01, -7.45994382e-01, ...,
         -8.71688039e-03, -3.07649993e-03,  0.00000000e+00]],

       [[ 0.00000000e+00,  5.17485523e-02,  5.70825577e-02, ...,
          6.11613389e-01,  6.10434672e-01,  6.10619677e-01],
        [-5.17485523e-02,  0.00000000e+00,  5.34190119e-03, ...,
          5.69852698e-01,  5.68628478e-01,  5.68820616e-01],
        [-5.70825577e-02, -5.34190119e-03,  0.00000000e+00, ...,
          5.65454877e-01,  5.64226147e-01,  5.64418991e-01],
        ...,
        [-6.11613389e-01, -5.69852698e-01, -5.65454877e-01, ...,
          0.00000000e+00, -1.48900864e-03, -1.25541488e-03],
        [-6.10434672e-01, -5.68628478e-01, -5.64226147e-01, ...,
          1.48900864e-03,  0.00000000e+00,  2.33593974e-04],
        [-6.10619677e-01, -5.68820616e-01, -5.64418991e-01, ...,
          1.25541488e-03, -2.33593974e-04,  0.00000000e+00]]]), 'num': array([ 7.13336784e-01,  7.00818033e-01,  2.08994177e-06,  7.72762421e-05,
        7.93403821e-05,  7.71472333e-05,  2.16032895e-03, -1.03207001e-06,
        7.86953384e-05,  7.74568543e-05,  8.42900179e-05,  5.96361209e-07,
        8.10043839e-05,  7.39093248e-05])}
{'img': array([[[ 0.00000000e+00,  8.23268833e-02,  9.99909457e-01, ...,
          6.92920031e-01,  5.98010428e-01,  5.05860891e-01],
        [-8.23268833e-02,  0.00000000e+00,  9.97622980e-01, ...,
          6.31208959e-01,  5.29996374e-01,  4.33127276e-01],
        [-9.99909457e-01, -9.97622980e-01,  0.00000000e+00, ...,
         -7.30273471e-01, -8.09462905e-01, -8.69344105e-01],
        ...,
        [-6.92920031e-01, -6.31208959e-01,  7.30273471e-01, ...,
          0.00000000e+00, -1.24193155e-01, -2.32990251e-01],
        [-5.98010428e-01, -5.29996374e-01,  8.09462905e-01, ...,
          1.24193155e-01,  0.00000000e+00, -1.10411211e-01],
        [-5.05860891e-01, -4.33127276e-01,  8.69344105e-01, ...,
          2.32990251e-01,  1.10411211e-01,  0.00000000e+00]],

       [[ 0.00000000e+00, -1.06590167e-01,  5.04794104e-01, ...,
         -3.79033523e-01, -4.61532704e-01, -4.60894066e-01],
        [ 1.06590167e-01,  0.00000000e+00,  4.09905440e-01, ...,
         -2.78237462e-01, -3.64344761e-01, -3.63674378e-01],
        [-5.04794104e-01, -4.09905440e-01,  0.00000000e+00, ...,
         -1.39931038e-01, -4.94011693e-02, -5.01200405e-02],
        ...,
        [ 3.79033523e-01,  2.78237462e-01,  1.39931038e-01, ...,
          0.00000000e+00, -9.08450613e-02, -9.01282511e-02],
        [ 4.61532704e-01,  3.64344761e-01,  4.94011693e-02, ...,
          9.08450613e-02,  0.00000000e+00,  7.19762840e-04],
        [ 4.60894066e-01,  3.63674378e-01,  5.01200405e-02, ...,
          9.01282511e-02, -7.19762840e-04,  0.00000000e+00]],

       [[ 0.00000000e+00,  3.76488222e-01,  7.82071743e-01, ...,
          8.66988722e-01,  8.88852224e-01,  8.86539302e-01],
        [-3.76488222e-01,  0.00000000e+00,  4.89904908e-01, ...,
          6.15582378e-01,  6.50947090e-01,  6.47125472e-01],
        [-7.82071743e-01, -4.89904908e-01,  0.00000000e+00, ...,
          1.50569261e-01,  1.95581836e-01,  1.90652951e-01],
        ...,
        [-8.66988722e-01, -6.15582378e-01, -1.50569261e-01, ...,
          0.00000000e+00,  4.56907240e-02,  4.06719603e-02],
        [-8.88852224e-01, -6.50947090e-01, -1.95581836e-01, ...,
         -4.56907240e-02,  0.00000000e+00, -5.02343354e-03],
        [-8.86539302e-01, -6.47125472e-01, -1.90652951e-01, ...,
         -4.06719603e-02,  5.02343354e-03,  0.00000000e+00]],

       ...,

       [[ 0.00000000e+00,  1.26061251e-01,  7.56753757e-01, ...,
          7.83369473e-02, -3.92507447e-03, -3.35881085e-01],
        [-1.26061251e-01,  0.00000000e+00,  6.68310477e-01, ...,
         -4.79618464e-02, -1.29954042e-01, -4.51939228e-01],
        [-7.56753757e-01, -6.68310477e-01,  0.00000000e+00, ...,
         -7.03219341e-01, -7.59313749e-01, -9.32355174e-01],
        ...,
        [-7.83369473e-02,  4.79618464e-02,  7.03219341e-01, ...,
          0.00000000e+00, -8.22493564e-02, -4.08634818e-01],
        [ 3.92507447e-03,  1.29954042e-01,  7.59313749e-01, ...,
          8.22493564e-02,  0.00000000e+00, -3.32181453e-01],
        [ 3.35881085e-01,  4.51939228e-01,  9.32355174e-01, ...,
          4.08634818e-01,  3.32181453e-01,  0.00000000e+00]],

       [[ 0.00000000e+00, -1.46653172e-01,  6.50282756e-01, ...,
          6.37898407e-01,  6.40264664e-01,  6.41230136e-01],
        [ 1.46653172e-01,  0.00000000e+00,  7.54663161e-01, ...,
          7.43942050e-01,  7.45994382e-01,  7.46831249e-01],
        [-6.50282756e-01, -7.54663161e-01,  0.00000000e+00, ...,
         -1.61896117e-02, -1.31134383e-02, -1.18560036e-02],
        ...,
        [-6.37898407e-01, -7.43942050e-01,  1.61896117e-02, ...,
          0.00000000e+00,  3.07649993e-03,  4.33402408e-03],
        [-6.40264664e-01, -7.45994382e-01,  1.31134383e-02, ...,
         -3.07649993e-03,  0.00000000e+00,  1.25753254e-03],
        [-6.41230136e-01, -7.46831249e-01,  1.18560036e-02, ...,
         -4.33402408e-03, -1.25753254e-03,  0.00000000e+00]],

       [[ 0.00000000e+00,  5.34190119e-03, -2.30824154e-01, ...,
          5.68628478e-01,  5.68820616e-01,  5.72563680e-01],
        [-5.34190119e-03,  0.00000000e+00, -2.36018506e-01, ...,
          5.64226147e-01,  5.64418991e-01,  5.68175898e-01],
        [ 2.30824154e-01,  2.36018506e-01,  0.00000000e+00, ...,
          7.43147612e-01,  7.43303896e-01,  7.46345423e-01],
        ...,
        [-5.68628478e-01, -5.64226147e-01, -7.43147612e-01, ...,
          0.00000000e+00,  2.33593974e-04,  4.79182672e-03],
        [-5.68820616e-01, -5.64418991e-01, -7.43303896e-01, ...,
         -2.33593974e-04,  0.00000000e+00,  4.55823530e-03],
        [-5.72563680e-01, -5.68175898e-01, -7.46345423e-01, ...,
         -4.79182672e-03, -4.55823530e-03,  0.00000000e+00]]]), 'num': array([ 7.07101868e-01,  7.07101868e-01,  0.00000000e+00,  9.26983657e-05,
        9.53875674e-05,  9.23819890e-05,  3.71794795e-03, -2.05644839e-06,
        9.56406688e-05,  9.50237343e-05,  1.03383988e-04,  6.18997842e-07,
        9.92507682e-05,  9.07967003e-05])}
{'img': array([[[ 0.00000000e+00,  9.97622980e-01,  7.49011568e-01, ...,
          5.29996374e-01,  4.33127276e-01,  2.26845490e-01],
        [-9.97622980e-01,  0.00000000e+00,  7.12595320e-01, ...,
         -8.09462905e-01, -8.69344105e-01, -9.55984109e-01],
        [-7.49011568e-01, -7.12595320e-01,  0.00000000e+00, ...,
         -9.86314505e-01, -9.62080145e-01, -8.79783454e-01],
        ...,
        [-5.29996374e-01,  8.09462905e-01,  9.86314505e-01, ...,
          0.00000000e+00, -1.10411211e-01, -3.23814817e-01],
        [-4.33127276e-01,  8.69344105e-01,  9.62080145e-01, ...,
          1.10411211e-01,  0.00000000e+00, -2.17372702e-01],
        [-2.26845490e-01,  9.55984109e-01,  8.79783454e-01, ...,
          3.23814817e-01,  2.17372702e-01,  0.00000000e+00]],

       [[ 0.00000000e+00,  4.09905440e-01,  9.78565644e-01, ...,
         -3.64344761e-01, -3.63674378e-01, -2.79262250e-01],
        [-4.09905440e-01,  0.00000000e+00, -8.08163214e-01, ...,
         -4.94011693e-02, -5.01200405e-02, -1.38874375e-01],
        [-9.78565644e-01,  8.08163214e-01,  0.00000000e+00, ...,
         -8.36271704e-01, -8.36666144e-01, -8.82123373e-01],
        ...,
        [ 3.64344761e-01,  4.94011693e-02,  8.36271704e-01, ...,
          0.00000000e+00,  7.19762840e-04,  8.97823390e-02],
        [ 3.63674378e-01,  5.01200405e-02,  8.36666144e-01, ...,
         -7.19762840e-04,  0.00000000e+00,  8.90654597e-02],
        [ 2.79262250e-01,  1.38874375e-01,  8.82123373e-01, ...,
         -8.97823390e-02, -8.90654597e-02,  0.00000000e+00]],

       [[ 0.00000000e+00,  7.28368905e-01,  9.82264603e-01, ...,
          8.57856754e-01,  8.55066399e-01,  8.13890337e-01],
        [-7.28368905e-01,  0.00000000e+00,  5.36463984e-01, ...,
          2.13490051e-01,  2.08206063e-01,  1.34469779e-01],
        [-9.82264603e-01, -5.36463984e-01,  0.00000000e+00, ...,
         -3.43926724e-01, -3.48997437e-01, -4.18109486e-01],
        ...,
        [-8.57856754e-01, -2.13490051e-01,  3.43926724e-01, ...,
          0.00000000e+00, -5.40549155e-03, -8.01814590e-02],
        [-8.55066399e-01, -2.08206063e-01,  3.48997437e-01, ...,
          5.40549155e-03,  0.00000000e+00, -7.47922002e-02],
        [-8.13890337e-01, -1.34469779e-01,  4.18109486e-01, ...,
          8.01814590e-02,  7.47922002e-02,  0.00000000e+00]],

       ...,

       [[ 0.00000000e+00,  6.68310477e-01,  7.77413038e-01, ...,
         -1.29954042e-01, -4.51939228e-01, -6.48301815e-01],
        [-6.68310477e-01,  0.00000000e+00,  1.57943020e-01, ...,
         -7.59313749e-01, -9.32355174e-01, -9.91100882e-01],
        [-7.77413038e-01, -1.57943020e-01,  0.00000000e+00, ...,
         -8.52560439e-01, -9.77755764e-01, -9.99685061e-01],
        ...,
        [ 1.29954042e-01,  7.59313749e-01,  8.52560439e-01, ...,
          0.00000000e+00, -3.32181453e-01, -5.43859371e-01],
        [ 4.51939228e-01,  9.32355174e-01,  9.77755764e-01, ...,
          3.32181453e-01,  0.00000000e+00, -2.34217762e-01],
        [ 6.48301815e-01,  9.91100882e-01,  9.99685061e-01, ...,
          5.43859371e-01,  2.34217762e-01,  0.00000000e+00]],

       [[ 0.00000000e+00,  7.54663161e-01,  9.78780959e-01, ...,
          7.45994382e-01,  7.46831249e-01,  7.43204178e-01],
        [-7.54663161e-01,  0.00000000e+00,  4.87552822e-01, ...,
         -1.31134383e-02, -1.18560036e-02, -1.72929741e-02],
        [-9.78780959e-01, -4.87552822e-01,  0.00000000e+00, ...,
         -4.98960158e-01, -4.97869954e-01, -5.02578299e-01],
        ...,
        [-7.45994382e-01,  1.31134383e-02,  4.98960158e-01, ...,
          0.00000000e+00,  1.25753254e-03, -4.18000969e-03],
        [-7.46831249e-01,  1.18560036e-02,  4.97869954e-01, ...,
         -1.25753254e-03,  0.00000000e+00, -5.43752793e-03],
        [-7.43204178e-01,  1.72929741e-02,  5.02578299e-01, ...,
          4.18000969e-03,  5.43752793e-03,  0.00000000e+00]],

       [[ 0.00000000e+00, -2.36018506e-01, -5.36323339e-01, ...,
          5.64418991e-01,  5.68175898e-01,  5.75019735e-01],
        [ 2.36018506e-01,  0.00000000e+00, -3.21968839e-01, ...,
          7.43303896e-01,  7.46345423e-01,  7.51870672e-01],
        [ 5.36323339e-01,  3.21968839e-01,  0.00000000e+00, ...,
          9.19105471e-01,  9.20891921e-01,  9.24111233e-01],
        ...,
        [-5.64418991e-01, -7.43303896e-01, -9.19105471e-01, ...,
          0.00000000e+00,  4.55823530e-03,  1.28986645e-02],
        [-5.68175898e-01, -7.46345423e-01, -9.20891921e-01, ...,
         -4.55823530e-03,  0.00000000e+00,  8.34067442e-03],
        [-5.75019735e-01, -7.51870672e-01, -9.24111233e-01, ...,
         -1.28986645e-02, -8.34067442e-03,  0.00000000e+00]]]), 'num': array([7.07103418e-01, 7.07103418e-01, 0.00000000e+00, 9.58623426e-05,
       9.58623426e-05, 9.28567576e-05, 3.07216662e-03, 3.16377368e-06,
       9.53877765e-05, 9.52216784e-05, 1.03460672e-04, 7.67333169e-07,
       9.92103866e-05, 9.12329703e-05])}
{'img': array([[[ 0.        ,  0.71259532,  0.97775374, ..., -0.86934411,
         -0.95598411, -0.81713901],
        [-0.71259532,  0.        ,  0.53649667, ..., -0.96208014,
         -0.87978345, -0.98405347],
        [-0.97775374, -0.53649667,  0.        , ..., -0.66556324,
         -0.48741448, -0.73501691],
        ...,
        [ 0.86934411,  0.96208014,  0.66556324, ...,  0.        ,
         -0.2173727 ,  0.09728925],
        [ 0.95598411,  0.87978345,  0.48741448, ...,  0.2173727 ,
          0.        ,  0.31130446],
        [ 0.81713901,  0.98405347,  0.73501691, ..., -0.09728925,
         -0.31130446,  0.        ]],

       [[ 0.        , -0.80816321, -0.8943674 , ..., -0.05012004,
         -0.13887437, -0.09575855],
        [ 0.80816321,  0.        , -0.88826356, ..., -0.83666614,
         -0.88212337, -0.8608472 ],
        [ 0.8943674 ,  0.88826356,  0.        , ..., -0.87082301,
         -0.82357788, -0.84742144],
        ...,
        [ 0.05012004,  0.83666614,  0.87082301, ...,  0.        ,
          0.08906546,  0.04574849],
        [ 0.13887437,  0.88212337,  0.82357788, ..., -0.08906546,
          0.        , -0.04340554],
        [ 0.09575855,  0.8608472 ,  0.84742144, ..., -0.04574849,
          0.04340554,  0.        ]],

       [[ 0.        ,  0.65416284,  0.9386464 , ...,  0.28509841,
          0.19068644,  0.1603287 ],
        [-0.65416284,  0.        ,  0.48434034, ..., -0.41137869,
         -0.4979332 , -0.52443517],
        [-0.9386464 , -0.48434034,  0.        , ..., -0.80136589,
         -0.85565903, -0.87120944],
        ...,
        [-0.28509841,  0.41137869,  0.80136589, ...,  0.        ,
         -0.09709452, -0.12773551],
        [-0.19068644,  0.4979332 ,  0.85565903, ...,  0.09709452,
          0.        , -0.03083284],
        [-0.1603287 ,  0.52443517,  0.87120944, ...,  0.12773551,
          0.03083284,  0.        ]],

       ...,

       [[ 0.        ,  0.15794302,  0.57088693, ..., -0.93235517,
         -0.99110088, -0.90369505],
        [-0.15794302,  0.        ,  0.43404554, ..., -0.97775576,
         -0.99968506, -0.95997959],
        [-0.57088693, -0.43404554,  0.        , ..., -0.97189091,
         -0.88971467, -0.98640003],
        ...,
        [ 0.93235517,  0.97775576,  0.97189091, ...,  0.        ,
         -0.23421776,  0.0724875 ],
        [ 0.99110088,  0.99968506,  0.88971467, ...,  0.23421776,
          0.        ,  0.30407281],
        [ 0.90369505,  0.95997959,  0.98640003, ..., -0.0724875 ,
         -0.30407281,  0.        ]],

       [[ 0.        ,  0.77168371,  0.97426844, ..., -0.04957127,
         -0.07692865, -0.0937113 ],
        [-0.77168371,  0.        ,  0.44571065, ..., -0.80226264,
         -0.81832402, -0.82788884],
        [-0.97426844, -0.44571065,  0.        , ..., -0.98424357,
         -0.9887203 , -0.99110275],
        ...,
        [ 0.04957127,  0.80226264,  0.98424357, ...,  0.        ,
         -0.0274097 , -0.04424296],
        [ 0.07692865,  0.81832402,  0.9887203 , ...,  0.0274097 ,
          0.        , -0.01684348],
        [ 0.0937113 ,  0.82788884,  0.99110275, ...,  0.04424296,
          0.01684348,  0.        ]],

       [[ 0.        , -0.32196884, -0.60485265, ...,  0.74634542,
          0.75187067,  0.76583348],
        [ 0.32196884,  0.        , -0.31624857, ...,  0.92089192,
          0.92411123,  0.93209155],
        [ 0.60485265,  0.31624857,  0.        , ...,  0.99690778,
          0.99752852,  0.99880566],
        ...,
        [-0.74634542, -0.92089192, -0.99690778, ...,  0.        ,
          0.00834067,  0.02977804],
        [-0.75187067, -0.92411123, -0.99752852, ..., -0.00834067,
          0.        ,  0.02144003],
        [-0.76583348, -0.93209155, -0.99880566, ..., -0.02977804,
         -0.02144003,  0.        ]]]), 'num': array([ 7.07105081e-01,  7.07105081e-01,  0.00000000e+00,  9.44388665e-05,
        9.61789461e-05,  9.41224884e-05,  2.17596956e-03, -1.42370151e-06,
        9.47552446e-05,  9.54117292e-05,  1.03197267e-04,  7.06802166e-07,
        9.88313581e-05,  9.19921004e-05])}
{'img': array([[[ 0.        ,  0.53649667, -0.36455523, ..., -0.87978345,
         -0.98405347, -0.95351979],
        [-0.53649667,  0.        , -0.80722496, ..., -0.48741448,
         -0.73501691, -0.64301491],
        [ 0.36455523,  0.80722496,  0.        , ..., -0.99253863,
         -0.98117715, -0.99775182],
        ...,
        [ 0.87978345,  0.48741448,  0.99253863, ...,  0.        ,
          0.31130446,  0.18817364],
        [ 0.98405347,  0.73501691,  0.98117715, ..., -0.31130446,
          0.        , -0.12691991],
        [ 0.95351979,  0.64301491,  0.99775182, ..., -0.18817364,
          0.12691991,  0.        ]],

       [[ 0.        , -0.95320089, -0.82842294, ..., -0.1741885 ,
         -0.13300894, -0.        ],
        [ 0.95320089,  0.        , -0.28342727, ..., -0.88596491,
         -0.90451793, -0.95320089],
        [ 0.82842294,  0.28342727,  0.        , ..., -0.71819477,
         -0.74656355, -0.82842294],
        ...,
        [ 0.1741885 ,  0.88596491,  0.71819477, ...,  0.        ,
         -0.04166526, -0.1741885 ],
        [ 0.13300894,  0.90451793,  0.74656355, ...,  0.04166526,
          0.        , -0.13300894],
        [ 0.        ,  0.95320089,  0.82842294, ...,  0.1741885 ,
          0.13300894,  0.        ]],

       [[ 0.        ,  0.48434034,  0.81846572, ..., -0.4979332 ,
         -0.52443517, -0.59286241],
        [-0.48434034,  0.        ,  0.43777867, ..., -0.85565903,
         -0.87120944, -0.90872437],
        [-0.81846572, -0.43777867,  0.        , ..., -0.99587626,
         -0.99819999, -0.99974581],
        ...,
        [ 0.4979332 ,  0.85565903,  0.99587626, ...,  0.        ,
         -0.03083284, -0.11315193],
        [ 0.52443517,  0.87120944,  0.99819999, ...,  0.03083284,
          0.        , -0.08246331],
        [ 0.59286241,  0.90872437,  0.99974581, ...,  0.11315193,
          0.08246331,  0.        ]],

       ...,

       [[ 0.        ,  0.43404554, -0.0562761 , ..., -0.99968506,
         -0.95997959, -0.98699571],
        [-0.43404554,  0.        , -0.48405631, ..., -0.88971467,
         -0.98640003, -0.95894684],
        [ 0.0562761 ,  0.48405631,  0.        , ..., -0.99951308,
         -0.94269701, -0.97638537],
        ...,
        [ 0.99968506,  0.88971467,  0.99951308, ...,  0.        ,
          0.30407281,  0.18546503],
        [ 0.95997959,  0.98640003,  0.94269701, ..., -0.30407281,
          0.        , -0.12211438],
        [ 0.98699571,  0.95894684,  0.97638537, ..., -0.18546503,
          0.12211438,  0.        ]],

       [[ 0.        ,  0.44208388,  0.65381494, ..., -0.7838765 ,
         -0.79097806, -0.90539614],
        [-0.44208388,  0.        ,  0.25195006, ..., -0.97761391,
         -0.97997312, -0.99981113],
        [-0.65381494, -0.25195006,  0.        , ..., -0.99908834,
         -0.99853019, -0.96266084],
        ...,
        [ 0.7838765 ,  0.97761391,  0.99908834, ...,  0.        ,
         -0.011521  , -0.22936691],
        [ 0.79097806,  0.97997312,  0.99853019, ...,  0.011521  ,
          0.        , -0.21813784],
        [ 0.90539614,  0.99981113,  0.96266084, ...,  0.22936691,
          0.21813784,  0.        ]],

       [[ 0.        , -0.31624857, -0.45643003, ...,  0.92411123,
          0.93209155,  0.94506702],
        [ 0.31624857,  0.        , -0.15161927, ...,  0.99752852,
          0.99880566,  0.99993701],
        [ 0.45643003,  0.15161927,  0.        , ...,  0.99664925,
          0.99466649,  0.99007849],
        ...,
        [-0.92411123, -0.99752852, -0.99664925, ...,  0.        ,
          0.02144003,  0.05906202],
        [-0.93209155, -0.99880566, -0.99466649, ..., -0.02144003,
          0.        ,  0.03764585],
        [-0.94506702, -0.99993701, -0.99007849, ..., -0.05906202,
         -0.03764585,  0.        ]]]), 'num': array([ 7.07105941e-01,  7.07105941e-01,  0.00000000e+00,  9.39644137e-05,
        9.50717384e-05,  9.34898459e-05,  1.51722472e-03, -4.74567746e-07,
        9.43440679e-05,  9.53960264e-05,  1.02754463e-04,  6.79545364e-07,
        9.88392871e-05,  9.19527657e-05])}
{'img': array([[[ 0.        , -0.80722496, -0.82783233, ..., -0.73501691,
         -0.64301491, -0.60644957],
        [ 0.80722496,  0.        , -0.03578947, ..., -0.98117715,
         -0.99775182, -0.99979545],
        [ 0.82783233,  0.03578947,  0.        , ..., -0.97363726,
         -0.9947141 , -0.99843107],
        ...,
        [ 0.73501691,  0.98117715,  0.97363726, ...,  0.        ,
         -0.12691991, -0.17322568],
        [ 0.64301491,  0.99775182,  0.9947141 , ...,  0.12691991,
          0.        , -0.04682365],
        [ 0.60644957,  0.99979545,  0.99843107, ...,  0.17322568,
          0.04682365,  0.        ]],

       [[ 0.        , -0.44442298, -0.71752078, ..., -0.99988434,
         -0.99528294, -0.96906325],
        [ 0.44442298,  0.        , -0.33321027, ..., -0.90247265,
         -0.93470705, -0.97779255],
        [ 0.71752078,  0.33321027,  0.        , ..., -0.70736926,
         -0.76286162, -0.85208161],
        ...,
        [ 0.99988434,  0.90247265,  0.70736926, ...,  0.        ,
         -0.08186638, -0.23204554],
        [ 0.99528294,  0.93470705,  0.76286162, ...,  0.08186638,
          0.        , -0.15163481],
        [ 0.96906325,  0.97779255,  0.85208161, ...,  0.23204554,
          0.15163481,  0.        ]],

       [[ 0.        ,  0.43777867,  0.98132508, ..., -0.87120944,
         -0.90872437, -0.93180501],
        [-0.43777867,  0.        ,  0.79808282, ..., -0.99819999,
         -0.99974581, -0.99666565],
        [-0.98132508, -0.79808282,  0.        , ..., -0.64932674,
         -0.58440107, -0.53541994],
        ...,
        [ 0.87120944,  0.99819999,  0.64932674, ...,  0.        ,
         -0.08246331, -0.14122029],
        [ 0.90872437,  0.99974581,  0.58440107, ...,  0.08246331,
          0.        , -0.05910243],
        [ 0.93180501,  0.99666565,  0.53541994, ...,  0.14122029,
          0.05910243,  0.        ]],

       ...,

       [[ 0.        , -0.48405631, -0.53823277, ..., -0.98640003,
         -0.95894684, -0.94140736],
        [ 0.48405631,  0.        , -0.06301268, ..., -0.94269701,
         -0.97638537, -0.98702462],
        [ 0.53823277,  0.06301268,  0.        , ..., -0.91979943,
         -0.960832  , -0.97494524],
        ...,
        [ 0.98640003,  0.94269701,  0.91979943, ...,  0.        ,
         -0.12211438, -0.17795286],
        [ 0.95894684,  0.97638537,  0.960832  , ...,  0.12211438,
          0.        , -0.05645576],
        [ 0.94140736,  0.98702462,  0.97494524, ...,  0.17795286,
          0.05645576,  0.        ]],

       [[ 0.        ,  0.25195006,  0.46516885, ..., -0.97997312,
         -0.99981113, -0.99992733],
        [-0.25195006,  0.        ,  0.22713089, ..., -0.99853019,
         -0.96266084, -0.97070734],
        [-0.46516885, -0.22713089,  0.        , ..., -0.96012272,
         -0.87601428, -0.89076558],
        ...,
        [ 0.97997312,  0.99853019,  0.96012272, ...,  0.        ,
         -0.21813784, -0.18730106],
        [ 0.99981113,  0.96266084,  0.87601428, ...,  0.21813784,
          0.        ,  0.03148688],
        [ 0.99992733,  0.97070734,  0.89076558, ...,  0.18730106,
         -0.03148688,  0.        ]],

       [[ 0.        , -0.15161927, -0.33390425, ...,  0.99880566,
          0.99993701,  0.99991297],
        [ 0.15161927,  0.        , -0.18712658, ...,  0.99466649,
          0.99007849,  0.9903532 ],
        [ 0.33390425,  0.18712658,  0.        , ...,  0.95779562,
          0.94629538,  0.94693002],
        ...,
        [-0.99880566, -0.99466649, -0.95779562, ...,  0.        ,
          0.03764585,  0.0356785 ],
        [-0.99993701, -0.99007849, -0.94629538, ..., -0.03764585,
          0.        , -0.00196867],
        [-0.99991297, -0.9903532 , -0.94693002, ..., -0.0356785 ,
          0.00196867,  0.        ]]]), 'num': array([7.07104852e-01, 7.07104852e-01, 0.00000000e+00, 9.44388359e-05,
       9.50715920e-05, 9.38060799e-05, 2.32011068e-03, 4.74567015e-07,
       9.42806469e-05, 9.54433361e-05, 1.02277101e-04, 7.03062244e-07,
       9.88054014e-05, 9.20812708e-05])}
{'img': array([[[ 0.        , -0.04769524, -0.49018215, ..., -0.9931292 ,
         -0.98612454, -0.9931292 ],
        [ 0.04769524,  0.        , -0.44805217, ..., -0.99758039,
         -0.99292002, -0.99758039],
        [ 0.49018215,  0.44805217,  0.        , ..., -0.92299391,
         -0.94089965, -0.92299391],
        ...,
        [ 0.9931292 ,  0.99758039,  0.92299391, ...,  0.        ,
         -0.04946727,  0.        ],
        [ 0.98612454,  0.99292002,  0.94089965, ...,  0.04946727,
          0.        ,  0.04946727],
        [ 0.9931292 ,  0.99758039,  0.92299391, ...,  0.        ,
         -0.04946727,  0.        ]],

       [[ 0.        , -0.33321027, -0.55978703, ..., -0.93470705,
         -0.97779255, -0.9289504 ],
        [ 0.33321027,  0.        , -0.25168643, ..., -0.76286162,
         -0.85208161, -0.7525074 ],
        [ 0.55978703,  0.25168643,  0.        , ..., -0.57557339,
         -0.69291718, -0.5625267 ],
        ...,
        [ 0.93470705,  0.76286162,  0.57557339, ...,  0.        ,
         -0.15163481,  0.01586577],
        [ 0.97779255,  0.85208161,  0.69291718, ...,  0.15163481,
          0.        ,  0.16729803],
        [ 0.9289504 ,  0.7525074 ,  0.5625267 , ..., -0.01586577,
         -0.16729803,  0.        ]],

       [[ 0.        ,  0.79808282,  0.79808282, ..., -0.99974581,
         -0.99666565, -0.99583739],
        [-0.79808282,  0.        ,  0.        , ..., -0.58440107,
         -0.53541994, -0.52729622],
        [-0.79808282,  0.        ,  0.        , ..., -0.58440107,
         -0.53541994, -0.52729622],
        ...,
        [ 0.99974581,  0.58440107,  0.58440107, ...,  0.        ,
         -0.05910243, -0.06867238],
        [ 0.99666565,  0.53541994,  0.53541994, ...,  0.05910243,
          0.        , -0.00958944],
        [ 0.99583739,  0.52729622,  0.52729622, ...,  0.06867238,
          0.00958944,  0.        ]],

       ...,

       [[ 0.        , -0.25999235, -0.67256117, ..., -0.9717919 ,
         -0.95608066, -0.96985156],
        [ 0.25999235,  0.        , -0.45702712, ..., -0.99968923,
         -0.99940641, -0.99985823],
        [ 0.67256117,  0.45702712,  0.        , ..., -0.87778318,
         -0.90466956, -0.8816312 ],
        ...,
        [ 0.9717919 ,  0.99968923,  0.87778318, ...,  0.        ,
         -0.05935375, -0.00809247],
        [ 0.95608066,  0.99940641,  0.90466956, ...,  0.05935375,
          0.        ,  0.0512736 ],
        [ 0.96985156,  0.99985823,  0.8816312 , ...,  0.00809247,
         -0.0512736 ,  0.        ]],

       [[ 0.        ,  0.22699747,  0.36630486, ..., -0.97646342,
         -0.97817299, -0.96249198],
        [-0.22699747,  0.        ,  0.14552261, ..., -0.90201366,
         -0.90546982, -0.87577974],
        [-0.36630486, -0.14552261,  0.        , ..., -0.82958846,
         -0.83406969, -0.79621165],
        ...,
        [ 0.97646342,  0.90201366,  0.82958846, ...,  0.        ,
          0.0080739 , -0.05733119],
        [ 0.97817299,  0.90546982,  0.83406969, ..., -0.0080739 ,
          0.        , -0.06538994],
        [ 0.96249198,  0.87577974,  0.79621165, ...,  0.05733119,
          0.06538994,  0.        ]],

       [[ 0.        , -0.18712658,  0.06032377, ...,  0.99007849,
          0.9903532 ,  0.98944243],
        [ 0.18712658,  0.        ,  0.246044  , ...,  0.94629538,
          0.94693002,  0.94484514],
        [-0.06032377, -0.246044  ,  0.        , ...,  0.99675184,
          0.99690845,  0.99638303],
        ...,
        [-0.99007849, -0.94629538, -0.99675184, ...,  0.        ,
         -0.00196867,  0.00445662],
        [-0.9903532 , -0.94693002, -0.99690845, ...,  0.00196867,
          0.        ,  0.00642526],
        [-0.98944243, -0.94484514, -0.99638303, ..., -0.00445662,
         -0.00642526,  0.        ]]]), 'num': array([7.07098663e-01, 7.07098663e-01, 0.00000000e+00, 9.72853865e-05,
       9.72853865e-05, 9.47543845e-05, 4.78416311e-03, 2.84737716e-06,
       9.51973099e-05, 9.55057757e-05, 1.01957194e-04, 8.47802932e-07,
       9.89553904e-05, 9.20561611e-05])}
{'img': array([[[ 0.        , -0.44805217, -0.36318846, ..., -0.99292002,
         -0.99758039, -0.98276294],
        [ 0.44805217,  0.        ,  0.09276407, ..., -0.94089965,
         -0.92299391, -0.79576585],
        [ 0.36318846, -0.09276407,  0.        , ..., -0.96826045,
         -0.95471103, -0.84851293],
        ...,
        [ 0.99292002,  0.94089965,  0.96826045, ...,  0.        ,
          0.04946727,  0.30029867],
        [ 0.99758039,  0.92299391,  0.95471103, ..., -0.04946727,
          0.        ,  0.25274691],
        [ 0.98276294,  0.79576585,  0.84851293, ..., -0.30029867,
         -0.25274691,  0.        ]],

       [[ 0.        , -0.25168643, -0.22919172, ..., -0.85208161,
         -0.7525074 , -0.6285156 ],
        [ 0.25168643,  0.        ,  0.02317309, ..., -0.69291718,
         -0.5625267 , -0.41252201],
        [ 0.22919172, -0.02317309,  0.        , ..., -0.7094393 ,
         -0.58153467, -0.4335207 ],
        ...,
        [ 0.85208161,  0.69291718,  0.7094393 , ...,  0.        ,
          0.16729803,  0.33377581],
        [ 0.7525074 ,  0.5625267 ,  0.58153467, ..., -0.16729803,
          0.        ,  0.17136779],
        [ 0.6285156 ,  0.41252201,  0.4335207 , ..., -0.33377581,
         -0.17136779,  0.        ]],

       [[ 0.        ,  0.        , -0.51899534, ..., -0.53541994,
         -0.52729622, -0.63098359],
        [ 0.        ,  0.        , -0.51899534, ..., -0.53541994,
         -0.52729622, -0.63098359],
        [ 0.51899534,  0.51899534,  0.        , ..., -0.89600088,
         -0.89170147, -0.9419849 ],
        ...,
        [ 0.53541994,  0.53541994,  0.89600088, ...,  0.        ,
         -0.00958944,  0.11754316],
        [ 0.52729622,  0.52729622,  0.89170147, ...,  0.00958944,
          0.        ,  0.12706071],
        [ 0.63098359,  0.63098359,  0.9419849 , ..., -0.11754316,
         -0.12706071,  0.        ]],

       ...,

       [[ 0.        , -0.63745884, -0.63475692, ..., -0.95978497,
         -0.97308072, -0.99687879],
        [ 0.63745884,  0.        ,  0.00350171, ..., -0.91845712,
         -0.89665519, -0.71775393],
        [ 0.63475692, -0.00350171,  0.        , ..., -0.91983649,
         -0.8982    , -0.72018775],
        ...,
        [ 0.95978497,  0.91845712,  0.91983649, ...,  0.        ,
          0.05198256,  0.35563237],
        [ 0.97308072,  0.89665519,  0.8982    , ..., -0.05198256,
          0.        ,  0.3065673 ],
        [ 0.99687879,  0.71775393,  0.72018775, ..., -0.35563237,
         -0.3065673 ,  0.        ]],

       [[ 0.        ,  0.14552261,  0.29456073, ..., -0.90546982,
         -0.87577974, -0.93402292],
        [-0.14552261,  0.        ,  0.15235894, ..., -0.83406969,
         -0.79621165, -0.8720976 ],
        [-0.29456073, -0.15235894,  0.        , ..., -0.74028192,
         -0.69473612, -0.78736196],
        ...,
        [ 0.90546982,  0.83406969,  0.74028192, ...,  0.        ,
         -0.06538994,  0.07296362],
        [ 0.87577974,  0.79621165,  0.69473612, ...,  0.06538994,
          0.        ,  0.13802311],
        [ 0.93402292,  0.8720976 ,  0.78736196, ..., -0.07296362,
         -0.13802311,  0.        ]],

       [[ 0.        ,  0.246044  ,  0.40440687, ...,  0.94693002,
          0.94484514,  0.94524236],
        [-0.246044  ,  0.        ,  0.16694814, ...,  0.99690845,
          0.99638303,  0.99648554],
        [-0.40440687, -0.16694814,  0.        , ...,  0.99603494,
          0.99658599,  0.99648495],
        ...,
        [-0.94693002, -0.99690845, -0.99603494, ...,  0.        ,
          0.00642526,  0.00521032],
        [-0.94484514, -0.99638303, -0.99658599, ..., -0.00642526,
          0.        , -0.00121495],
        [-0.94524236, -0.99648554, -0.99648495, ..., -0.00521032,
          0.00121495,  0.        ]]]), 'num': array([ 7.07104467e-01,  7.07104467e-01,  0.00000000e+00,  9.68116183e-05,
        9.76025629e-05,  9.63370515e-05,  2.54386764e-03, -4.74566756e-07,
        9.53879180e-05,  9.55144691e-05,  1.01639017e-04,  1.01339776e-06,
        9.89753014e-05,  9.20536369e-05])}
{'img': array([[[ 0.00000000e+00,  9.27640652e-02, -1.98270118e-01, ...,
         -9.22993909e-01, -7.95765849e-01, -8.18823088e-01],
        [-9.27640652e-02,  0.00000000e+00, -2.88337659e-01, ...,
         -9.54711031e-01, -8.48512928e-01, -8.68543255e-01],
        [ 1.98270118e-01,  2.88337659e-01,  0.00000000e+00, ...,
         -8.28372869e-01, -6.59894582e-01, -6.88751177e-01],
        ...,
        [ 9.22993909e-01,  9.54711031e-01,  8.28372869e-01, ...,
          0.00000000e+00,  2.52746909e-01,  2.14745870e-01],
        [ 7.95765849e-01,  8.48512928e-01,  6.59894582e-01, ...,
         -2.52746909e-01,  0.00000000e+00, -3.90767206e-02],
        [ 8.18823088e-01,  8.68543255e-01,  6.88751177e-01, ...,
         -2.14745870e-01,  3.90767206e-02,  0.00000000e+00]],

       [[ 0.00000000e+00,  2.31730880e-02, -1.32046156e-01, ...,
         -5.62526703e-01, -4.12522006e-01, -5.44163216e-01],
        [-2.31730880e-02,  0.00000000e+00, -1.54980872e-01, ...,
         -5.81534672e-01, -4.33520700e-01, -5.63458834e-01],
        [ 1.32046156e-01,  1.54980872e-01,  0.00000000e+00, ...,
         -4.48427972e-01, -2.88622651e-01, -4.28614287e-01],
        ...,
        [ 5.62526703e-01,  5.81534672e-01,  4.48427972e-01, ...,
          0.00000000e+00,  1.71367791e-01,  2.20455194e-02],
        [ 4.12522006e-01,  4.33520700e-01,  2.88622651e-01, ...,
         -1.71367791e-01,  0.00000000e+00, -1.49606740e-01],
        [ 5.44163216e-01,  5.63458834e-01,  4.28614287e-01, ...,
         -2.20455194e-02,  1.49606740e-01,  0.00000000e+00]],

       [[ 0.00000000e+00, -5.18995338e-01, -7.98082818e-01, ...,
         -5.27296216e-01, -6.30983589e-01, -6.49326742e-01],
        [ 5.18995338e-01,  0.00000000e+00, -3.69463409e-01, ...,
         -8.91701467e-01, -9.41984903e-01, -9.49730523e-01],
        [ 7.98082818e-01,  3.69463409e-01,  0.00000000e+00, ...,
         -9.95837388e-01, -9.99347355e-01, -9.98199989e-01],
        ...,
        [ 5.27296216e-01,  8.91701467e-01,  9.95837388e-01, ...,
          0.00000000e+00,  1.27060711e-01,  1.50707128e-01],
        [ 6.30983589e-01,  9.41984903e-01,  9.99347355e-01, ...,
         -1.27060711e-01,  0.00000000e+00,  2.38761571e-02],
