state_0,state_1,state_2,state_3,state_4,state_5,state_6,state_7,state_8,state_9,state_10,state_11,state_12,state_13,state_14,state_15,state_16,state_17,state_18,state_19,state_20,state_21,state_22,state_23,state_24,state_25,state_26,state_27,state_28,state_29,state_30,state_31,state_32,state_33,state_34,state_35,state_36,state_37,state_38,state_39,state_40,state_41,state_42,state_43,state_44,state_45,state_46,state_47,state_48,state_49,state_50,state_51,state_52,state_53,state_54,state_55,state_56,state_57,state_58,state_59,state_60,state_61,state_62,state_63,state_64,state_65,state_66,state_67,state_68,state_69,state_70,state_71,state_72,state_73,state_74,state_75,state_76,state_77,state_78,state_79,state_80,state_81,state_82,state_83,state_84,state_85,state_86,state_87,state_88,state_89,state_90,state_91,state_92,state_93,state_94,state_95,state_96,state_97,state_98,state_99,state_100,state_101,state_102,state_103,state_104,state_105,state_106,state_107,state_108,state_109,state_110,state_111,state_112,state_113,state_114,state_115,state_116,state_117,state_118,state_119,state_120,state_121,state_122,state_123,state_124,state_125,state_126,state_127,state_128,state_129,state_130,state_131,state_132,state_133,state_134,state_135,state_136,state_137,state_138,state_139,state_140,state_141,state_142,state_143,state_144,state_145,state_146,state_147,state_148,state_149,state_150,state_151,state_152,state_153,state_154,state_155,state_156,state_157,state_158,state_159,state_160,state_161,state_162,state_163,state_164,state_165,state_166,state_167,state_168,state_169,state_170,state_171,state_172,state_173,state_174,state_175,state_176,state_177,state_178,state_179,state_180,state_181,state_182,state_183,state_184,state_185,state_186,state_187,state_188,state_189,state_190,state_191,state_192,state_193,state_194,state_195,state_196,state_197,state_198,state_199,state_200,state_201,state_202,state_203,state_204,state_205,state_206,state_207,state_208,state_209,state_210,state_211,state_212,state_213,state_214,state_215,state_216,state_217,state_218,state_219,state_220,state_221,state_222,state_223,state_224,state_225,state_226,state_227,state_228,state_229,state_230,state_231,state_232,state_233,state_234,state_235,state_236,state_237,state_238,state_239,state_240,state_241,state_242,state_243,state_244,state_245,state_246,state_247,state_248,state_249,state_250,state_251,state_252,state_253,state_254,state_255,state_256,state_257,state_258,state_259,state_260,state_261,state_262,state_263,state_264,state_265,state_266,state_267,state_268,state_269,state_270,state_271,state_272,state_273,state_274,state_275,state_276,state_277,state_278,state_279,state_280,state_281,state_282,state_283,state_284,state_285,state_286,state_287
{'img': array([[[ 0.        ,  0.12569226,  0.76017574, ..., -0.81829275,
         -0.77644407, -0.86893604],
        [-0.12569226,  0.        ,  0.67248253, ..., -0.88405122,
         -0.84949584, -0.92425292],
        [-0.76017574, -0.67248253,  0.        , ..., -0.96860943,
         -0.98352154, -0.94079248],
        ...,
        [ 0.81829275,  0.88405122,  0.96860943, ...,  0.        ,
          0.0693754 , -0.09447286],
        [ 0.77644407,  0.84949584,  0.98352154, ..., -0.0693754 ,
          0.        , -0.16331036],
        [ 0.86893604,  0.92425292,  0.94079248, ...,  0.09447286,
          0.16331036,  0.        ]],

       [[ 0.        , -0.35726323,  0.29066162, ...,  0.12477114,
          0.16084201,  0.05106319],
        [ 0.35726323,  0.        ,  0.61331776, ...,  0.47100812,
          0.50283875,  0.40449036],
        [-0.29066162, -0.61331776,  0.        , ..., -0.16900601,
         -0.13297946, -0.24142385],
        ...,
        [-0.12477114, -0.47100812,  0.16900601, ...,  0.        ,
          0.03643848, -0.0739442 ],
        [-0.16084201, -0.50283875,  0.13297946, ..., -0.03643848,
          0.        , -0.11023382],
        [-0.05106319, -0.40449036,  0.24142385, ...,  0.0739442 ,
          0.11023382,  0.        ]],

       [[ 0.        , -0.07650116, -0.02300645, ..., -0.99771234,
         -0.98473859, -0.98914947],
        [ 0.07650116,  0.        ,  0.05354188, ..., -0.98961688,
         -0.96853855, -0.97501177],
        [ 0.02300645, -0.05354188,  0.        , ..., -0.99589298,
         -0.98047391, -0.98550772],
        ...,
        [ 0.99771234,  0.98961688,  0.99589298, ...,  0.        ,
          0.10707117,  0.07970774],
        [ 0.98473859,  0.96853855,  0.98047391, ..., -0.10707117,
          0.        , -0.02748097],
        [ 0.98914947,  0.97501177,  0.98550772, ..., -0.07970774,
          0.02748097,  0.        ]],

       ...,

       [[ 0.        ,  0.23044239,  0.69407825, ...,  0.42101958,
          0.44009459,  0.12943705],
        [-0.23044239,  0.        ,  0.50950242, ...,  0.20066511,
          0.22132379, -0.10255046],
        [-0.69407825, -0.50950242,  0.        , ..., -0.32647293,
         -0.30642465, -0.59505774],
        ...,
        [-0.42101958, -0.20066511,  0.32647293, ...,  0.        ,
          0.02113335, -0.30007174],
        [-0.44009459, -0.22132379,  0.30642465, ..., -0.02113335,
          0.        , -0.32016417],
        [-0.12943705,  0.10255046,  0.59505774, ...,  0.30007174,
          0.32016417,  0.        ]],

       [[ 0.        ,  0.06456064,  0.40522328, ..., -0.7334517 ,
         -0.85609375, -0.89002795],
        [-0.06456064,  0.        ,  0.34535541, ..., -0.68803702,
         -0.82094149, -0.85873758],
        [-0.40522328, -0.34535541,  0.        , ..., -0.39508746,
         -0.57322838, -0.62893565],
        ...,
        [ 0.7334517 ,  0.68803702,  0.39508746, ...,  0.        ,
          0.20285958,  0.27060399],
        [ 0.85609375,  0.82094149,  0.57322838, ..., -0.20285958,
          0.        ,  0.06968651],
        [ 0.89002795,  0.85873758,  0.62893565, ..., -0.27060399,
         -0.06968651,  0.        ]],

       [[ 0.        ,  0.01814081,  0.05867102, ..., -0.99370676,
         -0.99725749, -0.99275531],
        [-0.01814081,  0.        ,  0.0405518 , ..., -0.99557524,
         -0.99843599, -0.99477163],
        [-0.05867102, -0.0405518 ,  0.        , ..., -0.99856688,
         -0.99988184, -0.9980947 ],
        ...,
        [ 0.99370676,  0.99557524,  0.99856688, ...,  0.        ,
         -0.03816133,  0.00819609],
        [ 0.99725749,  0.99843599,  0.99988184, ...,  0.03816133,
          0.        ,  0.04635017],
        [ 0.99275531,  0.99477163,  0.9980947 , ..., -0.00819609,
         -0.04635017,  0.        ]]]), 'num': array([9.78485551e-01, 2.04736986e-01, 1.78283080e-04, 7.70665902e-04,
       7.76880949e-04, 7.54684351e-04, 2.53799459e-02, 7.99077548e-06,
       7.71908911e-04, 7.27249355e-04, 8.11892384e-04, 1.14242633e-05,
       8.00683593e-04, 6.53815116e-04])}
{'img': array([[[ 0.        ,  0.67248253,  0.30419458, ..., -0.84949584,
         -0.92425292, -0.90249067],
        [-0.67248253,  0.        , -0.41547517, ..., -0.98352154,
         -0.94079248, -0.95758962],
        [-0.30419458,  0.41547517,  0.        , ..., -0.9697298 ,
         -0.99658813, -0.99074103],
        ...,
        [ 0.84949584,  0.98352154,  0.9697298 , ...,  0.        ,
         -0.16331036, -0.11026402],
        [ 0.92425292,  0.94079248,  0.99658813, ...,  0.16331036,
          0.        ,  0.05353085],
        [ 0.90249067,  0.95758962,  0.99074103, ...,  0.11026402,
         -0.05353085,  0.        ]],

       [[ 0.        ,  0.61331776,  0.29322202, ...,  0.50283875,
          0.40449036,  0.45067509],
        [-0.61331776,  0.        , -0.35476161, ..., -0.13297946,
         -0.24142385, -0.19154191],
        [-0.29322202,  0.35476161,  0.        , ...,  0.22728084,
          0.1185468 ,  0.16910959],
        ...,
        [-0.50283875,  0.13297946, -0.22728084, ...,  0.        ,
         -0.11023382, -0.05932351],
        [-0.40449036,  0.24142385, -0.1185468 , ...,  0.11023382,
          0.        ,  0.0510777 ],
        [-0.45067509,  0.19154191, -0.16910959, ...,  0.05932351,
         -0.0510777 ,  0.        ]],

       [[ 0.        ,  0.05354188,  0.14570508, ..., -0.96853855,
         -0.97501177, -0.97531753],
        [-0.05354188,  0.        ,  0.09252559, ..., -0.98047391,
         -0.98550772, -0.98574096],
        [-0.14570508, -0.09252559,  0.        , ..., -0.99446306,
         -0.99697536, -0.9970817 ],
        ...,
        [ 0.96853855,  0.98047391,  0.99446306, ...,  0.        ,
         -0.02748097, -0.02886093],
        [ 0.97501177,  0.98550772,  0.99697536, ...,  0.02748097,
          0.        , -0.00138051],
        [ 0.97531753,  0.98574096,  0.9970817 , ...,  0.02886093,
          0.00138051,  0.        ]],

       ...,

       [[ 0.        ,  0.50950242,  0.23674438, ...,  0.22132379,
         -0.10255046, -0.03074236],
        [-0.50950242,  0.        , -0.29130702, ..., -0.30642465,
         -0.59505774, -0.53571446],
        [-0.23674438,  0.29130702,  0.        , ..., -0.01584121,
         -0.33513136, -0.26650089],
        ...,
        [-0.22132379,  0.30642465,  0.01584121, ...,  0.        ,
         -0.32016417, -0.25119914],
        [ 0.10255046,  0.59505774,  0.33513136, ...,  0.32016417,
          0.        ,  0.0719217 ],
        [ 0.03074236,  0.53571446,  0.26650089, ...,  0.25119914,
         -0.0719217 ,  0.        ]],

       [[ 0.        ,  0.34535541,  0.09629512, ..., -0.82094149,
         -0.85873758, -0.8770877 ],
        [-0.34535541,  0.        , -0.25338021, ..., -0.57322838,
         -0.62893565, -0.65723756],
        [-0.09629512,  0.25338021,  0.        , ..., -0.76214073,
         -0.80540376, -0.82675826],
        ...,
        [ 0.82094149,  0.57322838,  0.76214073, ...,  0.        ,
          0.06968651,  0.10650484],
        [ 0.85873758,  0.62893565,  0.80540376, ..., -0.06968651,
          0.        ,  0.03695577],
        [ 0.8770877 ,  0.65723756,  0.82675826, ..., -0.10650484,
         -0.03695577,  0.        ]],

       [[ 0.        ,  0.0405518 ,  0.1922908 , ..., -0.99843599,
         -0.99477163, -0.97649243],
        [-0.0405518 ,  0.        ,  0.15233761, ..., -0.99988184,
         -0.9980947 , -0.98443021],
        [-0.1922908 , -0.15233761,  0.        , ..., -0.99055354,
         -0.99584478, -0.99971773],
        ...,
        [ 0.99843599,  0.99988184,  0.99055354, ...,  0.        ,
          0.04635017,  0.16062196],
        [ 0.99477163,  0.9980947 ,  0.99584478, ..., -0.04635017,
          0.        ,  0.11470097],
        [ 0.97649243,  0.98443021,  0.99971773, ..., -0.16062196,
         -0.11470097,  0.        ]]]), 'num': array([7.85355014e-01, 6.19042486e-01, 3.77125914e-05, 5.65881347e-05,
       5.76146768e-05, 5.49841626e-05, 1.96871532e-03, 8.98224360e-07,
       5.60876954e-05, 5.29182466e-05, 5.84893763e-05, 8.52581128e-07,
       5.82784285e-05, 4.75580647e-05])}
{'img': array([[[ 0.        , -0.41547517, -0.52173543, ..., -0.94079248,
         -0.95758962, -0.97790719],
        [ 0.41547517,  0.        , -0.12012799, ..., -0.99658813,
         -0.99074103, -0.97635954],
        [ 0.52173543,  0.12012799,  0.        , ..., -0.97945644,
         -0.96725729, -0.94332314],
        ...,
        [ 0.94079248,  0.99658813,  0.97945644, ...,  0.        ,
          0.05353085,  0.13483113],
        [ 0.95758962,  0.99074103,  0.96725729, ..., -0.05353085,
          0.        ,  0.08159577],
        [ 0.97790719,  0.97635954,  0.94332314, ..., -0.13483113,
         -0.08159577,  0.        ]],

       [[ 0.        , -0.35476161, -0.52232873, ..., -0.24142385,
         -0.19154191, -0.15604097],
        [ 0.35476161,  0.        , -0.18583389, ...,  0.1185468 ,
          0.16910959,  0.20452442],
        [ 0.52232873,  0.18583389,  0.        , ...,  0.30100533,
          0.34932127,  0.38286748],
        ...,
        [ 0.24142385, -0.1185468 , -0.30100533, ...,  0.        ,
          0.0510777 ,  0.08704131],
        [ 0.19154191, -0.16910959, -0.34932127, ..., -0.0510777 ,
          0.        ,  0.03604385],
        [ 0.15604097, -0.20452442, -0.38286748, ..., -0.08704131,
         -0.03604385,  0.        ]],

       [[ 0.        ,  0.09252559,  0.2764111 , ..., -0.98550772,
         -0.98574096, -0.97965882],
        [-0.09252559,  0.        ,  0.18630463, ..., -0.99697536,
         -0.9970817 , -0.99402353],
        [-0.2764111 , -0.18630463,  0.        , ..., -0.99399961,
         -0.99384766, -0.99695833],
        ...,
        [ 0.98550772,  0.99697536,  0.99399961, ...,  0.        ,
         -0.00138051,  0.0315821 ],
        [ 0.98574096,  0.9970817 ,  0.99384766, ...,  0.00138051,
          0.        ,  0.03296189],
        [ 0.97965882,  0.99402353,  0.99695833, ..., -0.0315821 ,
         -0.03296189,  0.        ]],

       ...,

       [[ 0.        , -0.29130702, -0.64510718, ..., -0.59505774,
         -0.53571446, -0.46781964],
        [ 0.29130702,  0.        , -0.39454324, ..., -0.33513136,
         -0.26650089, -0.190066  ],
        [ 0.64510718,  0.39454324,  0.        , ...,  0.06378273,
          0.13539281,  0.21270389],
        ...,
        [ 0.59505774,  0.33513136, -0.06378273, ...,  0.        ,
          0.0719217 ,  0.14994761],
        [ 0.53571446,  0.26650089, -0.13539281, ..., -0.0719217 ,
          0.        ,  0.07845073],
        [ 0.46781964,  0.190066  , -0.21270389, ..., -0.14994761,
         -0.07845073,  0.        ]],

       [[ 0.        , -0.25338021, -0.32135427, ..., -0.62893565,
         -0.65723756, -0.7118121 ],
        [ 0.25338021,  0.        , -0.07092676, ..., -0.80540376,
         -0.82675826, -0.86655002],
        [ 0.32135427,  0.07092676,  0.        , ..., -0.84541555,
         -0.86457646, -0.89976649],
        ...,
        [ 0.62893565,  0.80540376,  0.84541555, ...,  0.        ,
          0.03695577,  0.11165807],
        [ 0.65723756,  0.82675826,  0.86457646, ..., -0.03695577,
          0.        ,  0.07485712],
        [ 0.7118121 ,  0.86655002,  0.89976649, ..., -0.11165807,
         -0.07485712,  0.        ]],

       [[ 0.        ,  0.15233761,  0.26793284, ..., -0.9980947 ,
         -0.98443021, -0.97402009],
        [-0.15233761,  0.        ,  0.11803788, ..., -0.99584478,
         -0.99971773, -0.99715045],
        [-0.26793284, -0.11803788,  0.        , ..., -0.97813359,
         -0.9955332 , -0.99908408],
        ...,
        [ 0.9980947 ,  0.99584478,  0.97813359, ...,  0.        ,
          0.11470097,  0.16593247],
        [ 0.98443021,  0.99971773,  0.9955332 , ..., -0.11470097,
          0.        ,  0.05172643],
        [ 0.97402009,  0.99715045,  0.99908408, ..., -0.16593247,
         -0.05172643,  0.        ]]]), 'num': array([7.68611498e-01, 6.39679354e-01, 2.69450667e-05, 5.93064141e-05,
       5.98021835e-05, 5.41628066e-05, 6.83109497e-03, 4.64783809e-06,
       5.51915281e-05, 5.16932553e-05, 5.63514219e-05, 8.77018962e-07,
       5.77413721e-05, 4.56451385e-05])}
{'img': array([[[ 0.        , -0.33888334, -0.5687865 , ..., -0.96708912,
         -0.98516712, -0.96224371],
        [ 0.33888334,  0.        , -0.25640396, ..., -0.99608967,
         -0.98502479, -0.81306578],
        [ 0.5687865 ,  0.25640396,  0.        , ..., -0.94013732,
         -0.9078878 , -0.63661359],
        ...,
        [ 0.96708912,  0.99608967,  0.94013732, ...,  0.        ,
          0.08471362,  0.5080626 ],
        [ 0.98516712,  0.98502479,  0.9078878 , ..., -0.08471362,
          0.        ,  0.43327074],
        [ 0.96224371,  0.81306578,  0.63661359, ..., -0.5080626 ,
         -0.43327074,  0.        ]],

       [[ 0.        , -0.18583389,  0.21476281, ...,  0.16910959,
          0.20452442,  0.94572834],
        [ 0.18583389,  0.        ,  0.39251958, ...,  0.34932127,
          0.38286748,  0.98964313],
        [-0.21476281, -0.39251958,  0.        , ..., -0.04650601,
         -0.01047094,  0.85387198],
        ...,
        [-0.16910959, -0.34932127,  0.04650601, ...,  0.        ,
          0.03604385,  0.87715369],
        [-0.20452442, -0.38286748,  0.01047094, ..., -0.03604385,
          0.        ,  0.85927511],
        [-0.94572834, -0.98964313, -0.85387198, ..., -0.87715369,
         -0.85927511,  0.        ]],

       [[ 0.        ,  0.18630463,  0.3826714 , ..., -0.9970817 ,
         -0.99402353, -0.9759167 ],
        [-0.18630463,  0.        ,  0.20384764, ..., -0.99384766,
         -0.99695833, -0.99947153],
        [-0.3826714 , -0.20384764,  0.        , ..., -0.95040218,
         -0.96013767, -0.98511161],
        ...,
        [ 0.9970817 ,  0.99384766,  0.95040218, ...,  0.        ,
          0.03296189,  0.14300363],
        [ 0.99402353,  0.99695833,  0.96013767, ..., -0.03296189,
          0.        ,  0.11030281],
        [ 0.9759167 ,  0.99947153,  0.98511161, ..., -0.14300363,
         -0.11030281,  0.        ]],

       ...,

       [[ 0.        , -0.39454324, -0.75849713, ..., -0.26650089,
         -0.190066  , -0.00654819],
        [ 0.39454324,  0.        , -0.43985135, ...,  0.13539281,
          0.21270389,  0.3885178 ],
        [ 0.75849713,  0.43985135,  0.        , ...,  0.5573935 ,
          0.62080921,  0.75421357],
        ...,
        [ 0.26650089, -0.13539281, -0.5573935 , ...,  0.        ,
          0.07845073,  0.26018381],
        [ 0.190066  , -0.21270389, -0.62080921, ..., -0.07845073,
          0.        ,  0.1836331 ],
        [ 0.00654819, -0.3885178 , -0.75421357, ..., -0.26018381,
         -0.1836331 ,  0.        ]],

       [[ 0.        , -0.20263776, -0.17645363, ..., -0.66189364,
         -0.71664992, -0.85976577],
        [ 0.20263776,  0.        ,  0.02666528, ..., -0.80005866,
         -0.84310841, -0.94541366],
        [ 0.17645363, -0.02666528,  0.        , ..., -0.78377708,
         -0.82846953, -0.936388  ],
        ...,
        [ 0.66189364,  0.80005866,  0.78377708, ...,  0.        ,
          0.07557266,  0.30645698],
        [ 0.71664992,  0.84310841,  0.82846953, ..., -0.07557266,
          0.        ,  0.23364416],
        [ 0.85976577,  0.94541366,  0.936388  , ..., -0.30645698,
         -0.23364416,  0.        ]],

       [[ 0.        ,  0.11803788,  0.14677172, ..., -0.99971773,
         -0.99715045, -0.99967342],
        [-0.11803788,  0.        ,  0.02898607, ..., -0.9955332 ,
         -0.99908408, -0.99570123],
        [-0.14677172, -0.02898607,  0.        , ..., -0.99237826,
         -0.99742395, -0.99259807],
        ...,
        [ 0.99971773,  0.9955332 ,  0.99237826, ...,  0.        ,
          0.05172643,  0.00179671],
        [ 0.99715045,  0.99908408,  0.99742395, ..., -0.05172643,
          0.        , -0.04993204],
        [ 0.99967342,  0.99570123,  0.99259807, ..., -0.00179671,
          0.04993204,  0.        ]]]), 'num': array([ 7.37991145e-01,  6.74797779e-01,  1.32898770e-05,  5.66248791e-05,
        5.76371009e-05,  5.43027232e-05,  4.12361304e-03, -3.57254758e-07,
        5.37906580e-05,  5.02062020e-05,  5.40149346e-05,  8.92215185e-07,
        5.64808134e-05,  4.39315906e-05])}
{'img': array([[[ 0.        , -0.47857114, -0.50029735, ..., -0.98923414,
         -0.95041789, -0.96161842],
        [ 0.47857114,  0.        , -0.02491291, ..., -0.93863063,
         -0.68568932, -0.71303263],
        [ 0.50029735,  0.02491291,  0.        , ..., -0.92974624,
         -0.66734253, -0.69534412],
        ...,
        [ 0.98923414,  0.93863063,  0.92974624, ...,  0.        ,
          0.44671323,  0.41216084],
        [ 0.95041789,  0.68568932,  0.66734253, ..., -0.44671323,
          0.        , -0.03825448],
        [ 0.96161842,  0.71303263,  0.69534412, ..., -0.41216084,
          0.03825448,  0.        ]],

       [[ 0.        ,  0.39251958, -0.10039325, ...,  0.38286748,
          0.98964313,  0.80152088],
        [-0.39251958,  0.        , -0.48287256, ..., -0.01047094,
          0.85387198,  0.50248006],
        [ 0.10039325,  0.48287256,  0.        , ...,  0.47367678,
          0.9990547 ,  0.85750329],
        ...,
        [-0.38286748,  0.01047094, -0.47367678, ...,  0.        ,
          0.85927511,  0.51150558],
        [-0.98964313, -0.85387198, -0.9990547 , ..., -0.85927511,
          0.        , -0.47671577],
        [-0.80152088, -0.50248006, -0.85750329, ..., -0.51150558,
          0.47671577,  0.        ]],

       [[ 0.        ,  0.20384764,  0.13242812, ..., -0.99695833,
         -0.99947153, -0.99313452],
        [-0.20384764,  0.        , -0.0724048 , ..., -0.96013767,
         -0.98511161, -0.99612696],
        [-0.13242812,  0.0724048 ,  0.        , ..., -0.97785676,
         -0.99497356, -0.99987876],
        ...,
        [ 0.99695833,  0.96013767,  0.97785676, ...,  0.        ,
          0.11030281,  0.19402339],
        [ 0.99947153,  0.98511161,  0.99497356, ..., -0.11030281,
          0.        ,  0.08463275],
        [ 0.99313452,  0.99612696,  0.99987876, ..., -0.19402339,
         -0.08463275,  0.        ]],

       ...,

       [[ 0.        , -0.43985135, -0.37850343, ...,  0.21270389,
          0.3885178 ,  0.60135133],
        [ 0.43985135,  0.        ,  0.06720356, ...,  0.62080921,
          0.75421357,  0.89149045],
        [ 0.37850343, -0.06720356,  0.        , ...,  0.56672072,
          0.70838069,  0.85902918],
        ...,
        [-0.21270389, -0.62080921, -0.56672072, ...,  0.        ,
          0.1836331 ,  0.41764327],
        [-0.3885178 , -0.75421357, -0.70838069, ..., -0.1836331 ,
          0.        ,  0.24369012],
        [-0.60135133, -0.89149045, -0.85902918, ..., -0.41764327,
         -0.24369012,  0.        ]],

       [[ 0.        ,  0.10081848,  0.00258655, ..., -0.78538023,
         -0.90875676, -0.96118403],
        [-0.10081848,  0.        , -0.09824477, ..., -0.71897058,
         -0.86205231, -0.92847001],
        [-0.00258655,  0.09824477,  0.        , ..., -0.7837765 ,
         -0.90767429, -0.96046717],
        ...,
        [ 0.78538023,  0.71897058,  0.7837765 , ...,  0.        ,
          0.2347731 ,  0.37829329],
        [ 0.90875676,  0.86205231,  0.90767429, ..., -0.2347731 ,
          0.        ,  0.15039395],
        [ 0.96118403,  0.92847001,  0.96046717, ..., -0.37829329,
         -0.15039395,  0.        ]],

       [[ 0.        ,  0.02898607,  0.0798697 , ..., -0.99908408,
         -0.99570123, -0.9968827 ],
        [-0.02898607,  0.        ,  0.05094267, ..., -0.99742395,
         -0.99259807, -0.99417689],
        [-0.0798697 , -0.05094267,  0.        , ..., -0.99247466,
         -0.98512248, -0.98739643],
        ...,
        [ 0.99908408,  0.99742395,  0.99247466, ...,  0.        ,
         -0.04993204, -0.03616868],
        [ 0.99570123,  0.99259807,  0.98512248, ...,  0.04993204,
          0.        ,  0.01377581],
        [ 0.9968827 ,  0.99417689,  0.98739643, ...,  0.03616868,
         -0.01377581,  0.        ]]]), 'num': array([8.67712899e-01, 4.96970194e-01, 7.12966739e-05, 7.01499914e-05,
       7.10943182e-05, 6.41467710e-05, 9.74237684e-03, 6.00322042e-06,
       6.33778192e-05, 5.77590746e-05, 6.11564028e-05, 1.11354533e-06,
       6.66346907e-05, 4.88834586e-05])}
{'img': array([[[ 0.        , -0.16064048, -0.44384435, ..., -0.9182057 ,
         -0.93404977, -0.35447647],
        [ 0.16064048,  0.        , -0.29412958, ..., -0.84265063,
         -0.86454766, -0.1996636 ],
        [ 0.44384435,  0.29412958,  0.        , ..., -0.64699923,
         -0.6784898 ,  0.09737554],
        ...,
        [ 0.9182057 ,  0.84265063,  0.64699923, ...,  0.        ,
         -0.04205015,  0.71817244],
        [ 0.93404977,  0.86454766,  0.6784898 , ...,  0.04205015,
          0.        ,  0.74679845],
        [ 0.35447647,  0.1996636 , -0.09737554, ..., -0.71817244,
         -0.74679845,  0.        ]],

       [[ 0.        , -0.48287256, -0.46934126, ...,  0.85387198,
          0.50248006,  0.99697172],
        [ 0.48287256,  0.        ,  0.01538687, ...,  0.9990547 ,
          0.85750329,  0.91058937],
        [ 0.46934126, -0.01538687,  0.        , ...,  0.99826754,
          0.84948556,  0.91684115],
        ...,
        [-0.85387198, -0.9990547 , -0.99826754, ...,  0.        ,
         -0.47671577,  0.4525056 ],
        [-0.50248006, -0.85750329, -0.84948556, ...,  0.47671577,
          0.        ,  0.82289523],
        [-0.99697172, -0.91058937, -0.91684115, ..., -0.4525056 ,
         -0.82289523,  0.        ]],

       [[ 0.        , -0.0724048 , -0.40115429, ..., -0.98511161,
         -0.99612696, -0.98874565],
        [ 0.0724048 ,  0.        , -0.33377784, ..., -0.99497356,
         -0.99987876, -0.9753183 ],
        [ 0.40115429,  0.33377784,  0.        , ..., -0.97133742,
         -0.94773485, -0.84568618],
        ...,
        [ 0.98511161,  0.99497356,  0.97133742, ...,  0.        ,
          0.08463275,  0.31736011],
        [ 0.99612696,  0.99987876,  0.94773485, ..., -0.08463275,
          0.        ,  0.23596382],
        [ 0.98874565,  0.9753183 ,  0.84568618, ..., -0.31736011,
         -0.23596382,  0.        ]],

       ...,

       [[ 0.        ,  0.06217579, -0.03763959, ...,  0.67379623,
          0.78468801,  0.99949485],
        [-0.06217579,  0.        , -0.0996985 , ...,  0.62654982,
          0.7446276 ,  0.99558501],
        [ 0.03763959,  0.0996985 ,  0.        , ...,  0.70113131,
          0.80746441,  0.99998282],
        ...,
        [-0.67379623, -0.62654982, -0.70113131, ...,  0.        ,
          0.16213932,  0.71712982],
        [-0.78468801, -0.7446276 , -0.80746441, ..., -0.16213932,
          0.        ,  0.59463936],
        [-0.99949485, -0.99558501, -0.99998282, ..., -0.71712982,
         -0.59463936,  0.        ]],

       [[ 0.        , -0.09824477, -0.25169493, ..., -0.86205231,
         -0.92847001, -0.99847179],
        [ 0.09824477,  0.        , -0.15539536, ..., -0.90767429,
         -0.96046717, -0.99907084],
        [ 0.25169493,  0.15539536,  0.        , ..., -0.96186379,
         -0.99206078, -0.98023723],
        ...,
        [ 0.86205231,  0.90767429,  0.96186379, ...,  0.        ,
          0.15039395,  0.4584045 ],
        [ 0.92847001,  0.96046717,  0.99206078, ..., -0.15039395,
          0.        ,  0.319529  ],
        [ 0.99847179,  0.99907084,  0.98023723, ..., -0.4584045 ,
         -0.319529  ,  0.        ]],

       [[ 0.        ,  0.05094267,  0.13297756, ..., -0.99259807,
         -0.99417689, -0.96454973],
        [-0.05094267,  0.        ,  0.08231465, ..., -0.98512248,
         -0.98739643, -0.9498535 ],
        [-0.13297756, -0.08231465,  0.        , ..., -0.96763328,
         -0.97101794, -0.92089067],
        ...,
        [ 0.99259807,  0.98512248,  0.96763328, ...,  0.        ,
          0.01377581, -0.14480728],
        [ 0.99417689,  0.98739643,  0.97101794, ..., -0.01377581,
          0.        , -0.15842415],
        [ 0.96454973,  0.9498535 ,  0.92089067, ...,  0.14480728,
          0.15842415,  0.        ]]]), 'num': array([8.51868566e-01, 5.23710312e-01, 6.29862292e-05, 6.89552961e-05,
       6.98817588e-05, 6.61759080e-05, 6.88613263e-03, 1.32351816e-07,
       6.44818047e-05, 5.75002464e-05, 5.99906664e-05, 1.06400479e-06,
       6.74700286e-05, 4.75304643e-05])}
{'img': array([[[ 0.        , -0.41789196, -0.22716532, ..., -0.93060971,
         -0.31912564, -0.27729678],
        [ 0.41789196,  0.        ,  0.20058772, ..., -0.69250196,
          0.1061168 ,  0.14958082],
        [ 0.22716532, -0.20058772,  0.        , ..., -0.82313457,
         -0.09549509, -0.05179031],
        ...,
        [ 0.93060971,  0.69250196,  0.82313457, ...,  0.        ,
          0.76514622,  0.79262097],
        [ 0.31912564, -0.1061168 ,  0.09549509, ..., -0.76514622,
          0.        ,  0.04381331],
        [ 0.27729678, -0.14958082,  0.05179031, ..., -0.79262097,
         -0.04381331,  0.        ]],

       [[ 0.        ,  0.01538687,  0.13396497, ...,  0.85750329,
          0.91058937,  0.99288416],
        [-0.01538687,  0.        ,  0.11870093, ...,  0.84948556,
          0.91684115,  0.99093428],
        [-0.13396497, -0.11870093,  0.        , ...,  0.78085172,
          0.95775074,  0.96798125],
        ...,
        [-0.85750329, -0.84948556, -0.78085172, ...,  0.        ,
          0.82289523,  0.40870242],
        [-0.91058937, -0.91684115, -0.95775074, ..., -0.82289523,
          0.        , -0.51880799],
        [-0.99288416, -0.99093428, -0.96798125, ..., -0.40870242,
          0.51880799,  0.        ]],

       [[ 0.        , -0.39535535, -0.49088909, ..., -0.99623203,
         -0.98851589, -0.92508362],
        [ 0.39535535,  0.        , -0.10645319, ..., -0.94935564,
         -0.84823488, -0.69957392],
        [ 0.49088909,  0.10645319,  0.        , ..., -0.91051316,
         -0.78703521, -0.61953153],
        ...,
        [ 0.99623203,  0.94935564,  0.91051316, ...,  0.        ,
          0.23627954,  0.45856317],
        [ 0.98851589,  0.84823488,  0.78703521, ..., -0.23627954,
          0.        ,  0.23560641],
        [ 0.92508362,  0.69957392,  0.61953153, ..., -0.45856317,
         -0.23560641,  0.        ]],

       ...,

       [[ 0.        , -0.0996985 , -0.0996985 , ...,  0.7446276 ,
          0.99558501,  0.90970398],
        [ 0.0996985 ,  0.        ,  0.        , ...,  0.80746441,
          0.99998282,  0.94657209],
        [ 0.0996985 ,  0.        ,  0.        , ...,  0.80746441,
          0.99998282,  0.94657209],
        ...,
        [-0.7446276 , -0.80746441, -0.80746441, ...,  0.        ,
          0.59463936,  0.29799726],
        [-0.99558501, -0.99998282, -0.99998282, ..., -0.59463936,
          0.        , -0.32803536],
        [-0.90970398, -0.94657209, -0.94657209, ..., -0.29799726,
          0.32803536,  0.        ]],

       [[ 0.        , -0.23257688, -0.42012752, ..., -0.92907826,
         -0.99859594, -0.97930379],
        [ 0.23257688,  0.        , -0.19755139, ..., -0.98962737,
         -0.98353277, -0.90537673],
        [ 0.42012752,  0.19755139,  0.        , ..., -0.99850419,
         -0.92844639, -0.8036519 ],
        ...,
        [ 0.92907826,  0.98962737,  0.99850419, ...,  0.        ,
          0.32014773,  0.55026964],
        [ 0.99859594,  0.98353277,  0.92844639, ..., -0.32014773,
          0.        ,  0.25398844],
        [ 0.97930379,  0.90537673,  0.8036519 , ..., -0.55026964,
         -0.25398844,  0.        ]],

       [[ 0.        ,  0.08231465,  0.25931519, ..., -0.98739643,
         -0.9498535 , -0.91384054],
        [-0.08231465,  0.        ,  0.17893629, ..., -0.97101794,
         -0.92089067, -0.87731354],
        [-0.25931519, -0.17893629,  0.        , ..., -0.91257939,
         -0.83627499, -0.7772796 ],
        ...,
        [ 0.98739643,  0.97101794,  0.91257939, ...,  0.        ,
         -0.15842415, -0.25632489],
        [ 0.9498535 ,  0.92089067,  0.83627499, ...,  0.15842415,
          0.        , -0.09995649],
        [ 0.91384054,  0.87731354,  0.7772796 , ...,  0.25632489,
          0.09995649,  0.        ]]]), 'num': array([ 9.29826591e-01,  3.67983966e-01,  1.10598942e-04,  7.45248209e-05,
        7.58451425e-05,  7.36446065e-05,  3.20315896e-03, -1.90713124e-06,
        7.34392231e-05,  6.45783979e-05,  6.64561887e-05,  1.10798920e-06,
        7.62043575e-05,  5.29524384e-05])}
{'img': array([[[ 0.        ,  0.35786109,  0.08303407, ...,  0.13487864,
          0.20164625, -0.25014822],
        [-0.35786109,  0.        , -0.27909017, ..., -0.22864472,
         -0.16221786, -0.58006592],
        [-0.08303407,  0.27909017,  0.        , ...,  0.05213755,
          0.11962149, -0.3296786 ],
        ...,
        [-0.13487864,  0.22864472, -0.05213755, ...,  0.        ,
          0.06769561, -0.37845291],
        [-0.20164625,  0.16221786, -0.11962149, ..., -0.06769561,
          0.        , -0.4402452 ],
        [ 0.25014822,  0.58006592,  0.3296786 , ...,  0.37845291,
          0.4402452 ,  0.        ]],

       [[ 0.        ,  0.11870093,  0.15383006, ...,  0.91684115,
          0.99093428,  0.6276848 ],
        [-0.11870093,  0.        ,  0.03545441, ...,  0.95775074,
          0.96798125,  0.53084226],
        [-0.15383006, -0.03545441,  0.        , ...,  0.96734527,
          0.95847282,  0.50046195],
        ...,
        [-0.91684115, -0.95775074, -0.96734527, ...,  0.        ,
         -0.51880799, -0.96433565],
        [-0.99093428, -0.96798125, -0.95847282, ...,  0.51880799,
          0.        , -0.68708234],
        [-0.6276848 , -0.53084226, -0.50046195, ...,  0.96433565,
          0.68708234,  0.        ]],

       [[ 0.        , -0.31015828, -0.421455  , ..., -0.9797959 ,
         -0.89880135, -0.78308252],
        [ 0.31015828,  0.        , -0.11940409, ..., -0.86944554,
         -0.71851711, -0.5515718 ],
        [ 0.421455  ,  0.11940409,  0.        , ..., -0.80423624,
         -0.63032999, -0.44802748],
        ...,
        [ 0.9797959 ,  0.86944554,  0.80423624, ...,  0.        ,
          0.2497393 ,  0.45273601],
        [ 0.89880135,  0.71851711,  0.63032999, ..., -0.2497393 ,
          0.        ,  0.21571152],
        [ 0.78308252,  0.5515718 ,  0.44802748, ..., -0.45273601,
         -0.21571152,  0.        ]],

       ...,

       [[ 0.        ,  0.        , -0.04759283, ...,  0.99998282,
          0.94657209,  0.8228647 ],
        [ 0.        ,  0.        , -0.04759283, ...,  0.99998282,
          0.94657209,  0.8228647 ],
        [ 0.04759283,  0.04759283,  0.        , ...,  0.99857068,
          0.96084778,  0.84897627],
        ...,
        [-0.99998282, -0.99998282, -0.99857068, ...,  0.        ,
         -0.32803536, -0.57305107],
        [-0.94657209, -0.94657209, -0.96084778, ...,  0.32803536,
          0.        , -0.27251011],
        [-0.8228647 , -0.8228647 , -0.84897627, ...,  0.57305107,
          0.27251011,  0.        ]],

       [[ 0.        , -0.35732035, -0.55137632, ..., -0.99920735,
         -0.97569991, -0.92611944],
        [ 0.35732035,  0.        , -0.21687861, ..., -0.94746574,
         -0.83299319, -0.73018669],
        [ 0.55137632,  0.21687861,  0.        , ..., -0.85554451,
         -0.69317147, -0.5646254 ],
        ...,
        [ 0.99920735,  0.94746574,  0.85554451, ...,  0.        ,
          0.25777799,  0.41379825],
        [ 0.97569991,  0.83299319,  0.69317147, ..., -0.25777799,
          0.        ,  0.16514061],
        [ 0.92611944,  0.73018669,  0.5646254 , ..., -0.41379825,
         -0.16514061,  0.        ]],

       [[ 0.        ,  0.17893629,  0.55507522, ..., -0.92089067,
         -0.87731354, -0.90419566],
        [-0.17893629,  0.        ,  0.39727744, ..., -0.83627499,
         -0.7772796 , -0.81317554],
        [-0.55507522, -0.39727744,  0.        , ..., -0.54961706,
         -0.46335915, -0.51502719],
        ...,
        [ 0.92089067,  0.83627499,  0.54961706, ...,  0.        ,
         -0.09995649, -0.04085504],
        [ 0.87731354,  0.7772796 ,  0.46335915, ...,  0.09995649,
          0.        ,  0.0592226 ],
        [ 0.90419566,  0.81317554,  0.51502719, ...,  0.04085504,
         -0.0592226 ,  0.        ]]]), 'num': array([ 8.34322861e-01,  5.51263529e-01,  5.81230660e-05,  6.50711107e-05,
        6.76098193e-05,  6.46702619e-05,  3.72151970e-03, -2.80594112e-06,
        6.71154392e-05,  5.94525476e-05,  6.04613503e-05,  9.35313706e-07,
        6.99424780e-05,  4.89626172e-05])}
{'img': array([[[ 0.        , -0.27909017, -0.44798767, ..., -0.16221786,
         -0.58006592, -0.84394873],
        [ 0.27909017,  0.        , -0.18066914, ...,  0.11962149,
         -0.3296786 , -0.66070373],
        [ 0.44798767,  0.18066914,  0.        , ...,  0.29702484,
         -0.15368487, -0.51421243],
        ...,
        [ 0.16221786, -0.11962149, -0.29702484, ...,  0.        ,
         -0.4402452 , -0.74575307],
        [ 0.58006592,  0.3296786 ,  0.15368487, ...,  0.4402452 ,
          0.        , -0.37629374],
        [ 0.84394873,  0.66070373,  0.51421243, ...,  0.74575307,
          0.37629374,  0.        ]],

       [[ 0.        ,  0.03545441,  0.09510551, ...,  0.96798125,
          0.53084226,  0.66241034],
        [-0.03545441,  0.        ,  0.05975201, ...,  0.95847282,
          0.50046195,  0.63543352],
        [-0.09510551, -0.05975201,  0.        , ...,  0.93971996,
          0.44783693,  0.58816031],
        ...,
        [-0.96798125, -0.95847282, -0.93971996, ...,  0.        ,
         -0.68708234, -0.55887474],
        [-0.53084226, -0.50046195, -0.44783693, ...,  0.68708234,
          0.        ,  0.16369751],
        [-0.66241034, -0.63543352, -0.58816031, ...,  0.55887474,
         -0.16369751,  0.        ]],

       [[ 0.        , -0.29642485, -0.38201214, ..., -0.88013736,
         -0.74868904, -0.72684857],
        [ 0.29642485,  0.        , -0.09089987, ..., -0.69986209,
         -0.51853374, -0.4905973 ],
        [ 0.38201214,  0.09089987,  0.        , ..., -0.63203691,
         -0.43866244, -0.40935733],
        ...,
        [ 0.88013736,  0.69986209,  0.63203691, ...,  0.        ,
          0.22804486,  0.25942746],
        [ 0.74868904,  0.51853374,  0.43866244, ..., -0.22804486,
          0.        ,  0.03235452],
        [ 0.72684857,  0.4905973 ,  0.40935733, ..., -0.25942746,
         -0.03235452,  0.        ]],

       ...,

       [[ 0.        , -0.04759283, -0.14332604, ...,  0.94657209,
          0.8228647 ,  0.68168743],
        [ 0.04759283,  0.        , -0.09606217, ...,  0.96084778,
          0.84897627,  0.71573594],
        [ 0.14332604,  0.09606217,  0.        , ...,  0.98302078,
          0.89581226,  0.77951293],
        ...,
        [-0.94657209, -0.96084778, -0.98302078, ...,  0.        ,
         -0.27251011, -0.47271441],
        [-0.8228647 , -0.84897627, -0.89581226, ...,  0.27251011,
          0.        , -0.21468337],
        [-0.68168743, -0.71573594, -0.77951293, ...,  0.47271441,
          0.21468337,  0.        ]],

       [[ 0.        , -0.44229312, -0.44983414, ..., -0.96541271,
         -0.90554823, -0.87057574],
        [ 0.44229312,  0.        , -0.00842566, ..., -0.75053269,
         -0.62451964, -0.56317031],
        [ 0.44983414,  0.00842566,  0.        , ..., -0.7449381 ,
         -0.61791696, -0.55618785],
        ...,
        [ 0.96541271,  0.75053269,  0.7449381 , ...,  0.        ,
          0.17346948,  0.24803412],
        [ 0.90554823,  0.62451964,  0.61791696, ..., -0.17346948,
          0.        ,  0.07622495],
        [ 0.87057574,  0.56317031,  0.55618785, ..., -0.24803412,
         -0.07622495,  0.        ]],

       [[ 0.        ,  0.39727744,  0.49052126, ..., -0.7772796 ,
         -0.81317554, -0.88856787],
        [-0.39727744,  0.        ,  0.10395148, ..., -0.46335915,
         -0.51502719, -0.63318833],
        [-0.49052126, -0.10395148,  0.        , ..., -0.36873009,
         -0.42313247, -0.54929974],
        ...,
        [ 0.7772796 ,  0.46335915,  0.36873009, ...,  0.        ,
          0.0592226 ,  0.20247393],
        [ 0.81317554,  0.51502719,  0.42313247, ..., -0.0592226 ,
          0.        ,  0.14412258],
        [ 0.88856787,  0.63318833,  0.54929974, ..., -0.20247393,
         -0.14412258,  0.        ]]]), 'num': array([8.23634373e-01, 5.67112559e-01, 5.19274927e-05, 6.48765337e-05,
       6.67151399e-05, 6.23156179e-05, 3.11957630e-03, 9.19303109e-07,
       6.64524818e-05, 5.90028434e-05, 5.93650926e-05, 8.58262862e-07,
       6.94179444e-05, 4.85877425e-05])}
{'img': array([[[ 0.        , -0.2026134 , -0.54235313, ..., -0.35805334,
         -0.68961819, -0.60107189],
        [ 0.2026134 ,  0.        , -0.3608783 , ..., -0.16144652,
         -0.5285875 , -0.42667733],
        [ 0.54235313,  0.3608783 ,  0.        , ...,  0.20557699,
         -0.18662558, -0.07154504],
        ...,
        [ 0.35805334,  0.16144652, -0.20557699, ...,  0.        ,
         -0.38460467, -0.27506708],
        [ 0.68961819,  0.5285875 ,  0.18662558, ...,  0.38460467,
          0.        ,  0.11585925],
        [ 0.60107189,  0.42667733,  0.07154504, ...,  0.27506708,
         -0.11585925,  0.        ]],

       [[ 0.        ,  0.05975201,  0.3916024 , ...,  0.50046195,
          0.63543352,  0.54653901],
