state_0,state_1,state_2,state_3,state_4,state_5,state_6,state_7,state_8,state_9,state_10,state_11,state_12,state_13,state_14,state_15,state_16,state_17,state_18,state_19,state_20,state_21,state_22,state_23,state_24,state_25,state_26,state_27,state_28,state_29,state_30,state_31,state_32,state_33,state_34,state_35,state_36,state_37,state_38,state_39,state_40,state_41,state_42,state_43,state_44,state_45,state_46,state_47,state_48,state_49,state_50,state_51,state_52,state_53,state_54,state_55,state_56,state_57,state_58,state_59,state_60,state_61,state_62,state_63,state_64,state_65,state_66,state_67,state_68,state_69,state_70,state_71,state_72,state_73,state_74,state_75,state_76,state_77,state_78,state_79,state_80,state_81,state_82,state_83,state_84,state_85,state_86,state_87,state_88,state_89,state_90,state_91,state_92,state_93,state_94,state_95,state_96,state_97,state_98,state_99,state_100,state_101,state_102,state_103,state_104,state_105,state_106,state_107,state_108,state_109,state_110,state_111,state_112,state_113,state_114,state_115,state_116,state_117,state_118,state_119,state_120,state_121,state_122,state_123,state_124,state_125,state_126,state_127,state_128,state_129,state_130,state_131,state_132,state_133,state_134,state_135,state_136,state_137,state_138,state_139,state_140,state_141,state_142,state_143,state_144,state_145,state_146,state_147,state_148,state_149,state_150,state_151,state_152,state_153,state_154,state_155,state_156,state_157,state_158,state_159,state_160,state_161,state_162,state_163,state_164,state_165,state_166,state_167,state_168,state_169,state_170,state_171,state_172,state_173,state_174,state_175,state_176,state_177,state_178,state_179,state_180,state_181,state_182,state_183,state_184,state_185,state_186,state_187,state_188,state_189,state_190,state_191,state_192,state_193,state_194,state_195,state_196,state_197,state_198,state_199,state_200,state_201,state_202,state_203,state_204,state_205,state_206,state_207,state_208,state_209,state_210,state_211,state_212,state_213,state_214,state_215,state_216,state_217,state_218,state_219,state_220,state_221,state_222,state_223,state_224,state_225,state_226,state_227,state_228,state_229,state_230,state_231,state_232,state_233,state_234,state_235,state_236,state_237,state_238,state_239,state_240,state_241,state_242,state_243,state_244,state_245,state_246,state_247,state_248,state_249,state_250,state_251,state_252,state_253,state_254,state_255,state_256,state_257,state_258,state_259,state_260,state_261,state_262,state_263,state_264,state_265,state_266,state_267,state_268,state_269,state_270,state_271,state_272,state_273,state_274,state_275,state_276,state_277,state_278,state_279,state_280,state_281,state_282,state_283,state_284,state_285,state_286,state_287
{'img': array([[[ 0.00000000e+00,  6.12333338e-01,  5.42715582e-01, ...,
          8.81597098e-01,  6.99806273e-01,  7.98560935e-01],
        [-6.12333338e-01,  0.00000000e+00, -8.52381237e-02, ...,
          9.86013394e-01,  9.90676344e-01,  9.99914028e-01],
        [-5.42715582e-01,  8.52381237e-02,  0.00000000e+00, ...,
          9.96631210e-01,  9.75458342e-01,  9.97392632e-01],
        ...,
        [-8.81597098e-01, -9.86013394e-01, -9.96631210e-01, ...,
          0.00000000e+00,  2.99443163e-01,  1.53722690e-01],
        [-6.99806273e-01, -9.90676344e-01, -9.75458342e-01, ...,
         -2.99443163e-01,  0.00000000e+00, -1.49214998e-01],
        [-7.98560935e-01, -9.99914028e-01, -9.97392632e-01, ...,
         -1.53722690e-01,  1.49214998e-01,  0.00000000e+00]],

       [[ 0.00000000e+00,  2.53680840e-01, -3.58404151e-01, ...,
         -1.66007080e-01,  6.50422438e-02, -1.02911163e-01],
        [-2.53680840e-01,  0.00000000e+00, -5.83507968e-01, ...,
         -4.10737560e-01, -1.90229093e-01, -3.51878665e-01],
        [ 3.58404151e-01,  5.83507968e-01,  0.00000000e+00, ...,
          1.98452482e-01,  4.18366496e-01,  2.60426805e-01],
        ...,
        [ 1.66007080e-01,  4.10737560e-01, -1.98452482e-01, ...,
          0.00000000e+00,  2.29795316e-01,  6.36424484e-02],
        [-6.50422438e-02,  1.90229093e-01, -4.18366496e-01, ...,
         -2.29795316e-01,  0.00000000e+00, -1.67390156e-01],
        [ 1.02911163e-01,  3.51878665e-01, -2.60426805e-01, ...,
         -6.36424484e-02,  1.67390156e-01,  0.00000000e+00]],

       [[ 0.00000000e+00,  4.26722800e-01,  5.32208140e-01, ...,
          5.02560862e-01,  5.65568686e-01,  5.88132019e-01],
        [-4.26722800e-01,  0.00000000e+00,  1.20050410e-01, ...,
          8.23426945e-01,  8.63409208e-01,  8.77014727e-01],
        [-5.32208140e-01, -1.20050410e-01,  0.00000000e+00, ...,
          8.85591034e-01,  9.17730800e-01,  9.28351818e-01],
        ...,
        [-5.02560862e-01, -8.23426945e-01, -8.85591034e-01, ...,
          0.00000000e+00, -7.44952451e-02, -1.02011128e-01],
        [-5.65568686e-01, -8.63409208e-01, -9.17730800e-01, ...,
          7.44952451e-02,  0.00000000e+00, -2.76210542e-02],
        [-5.88132019e-01, -8.77014727e-01, -9.28351818e-01, ...,
          1.02011128e-01,  2.76210542e-02,  0.00000000e+00]],

       ...,

       [[ 0.00000000e+00,  6.11683683e-01,  4.26616776e-01, ...,
          8.43637054e-01,  8.77549389e-01,  8.41373510e-01],
        [-6.11683683e-01,  0.00000000e+00, -2.15729022e-01, ...,
          3.38981870e-01,  4.00937544e-01,  3.35025693e-01],
        [-4.26616776e-01,  2.15729022e-01,  0.00000000e+00, ...,
          5.33956289e-01,  5.89127297e-01,  5.30398758e-01],
        ...,
        [-8.43637054e-01, -3.38981870e-01, -5.33956289e-01, ...,
          0.00000000e+00,  6.66560796e-02, -4.20197092e-03],
        [-8.77549389e-01, -4.00937544e-01, -5.89127297e-01, ...,
         -6.66560796e-02,  0.00000000e+00, -7.08481169e-02],
        [-8.41373510e-01, -3.35025693e-01, -5.30398758e-01, ...,
          4.20197092e-03,  7.08481169e-02,  0.00000000e+00]],

       [[ 0.00000000e+00,  6.60430439e-02, -1.20056770e-01, ...,
          6.81219100e-01,  5.33892614e-01,  3.95865365e-01],
        [-6.60430439e-02,  0.00000000e+00, -1.85360016e-01, ...,
          7.28080610e-01,  5.88569853e-01,  4.55648994e-01],
        [ 1.20056770e-01,  1.85360016e-01,  0.00000000e+00, ...,
          5.88400749e-01,  4.28516706e-01,  2.82752922e-01],
        ...,
        [-6.81219100e-01, -7.28080610e-01, -5.88400749e-01, ...,
          0.00000000e+00,  1.85154481e-01,  3.35764374e-01],
        [-5.33892614e-01, -5.88569853e-01, -4.28516706e-01, ...,
         -1.85154481e-01,  0.00000000e+00,  1.55553292e-01],
        [-3.95865365e-01, -4.55648994e-01, -2.82752922e-01, ...,
         -3.35764374e-01, -1.55553292e-01,  0.00000000e+00]],

       [[ 0.00000000e+00,  3.58382922e-04,  6.26531498e-02, ...,
          9.84615509e-01,  9.99985514e-01,  8.69982658e-01],
        [-3.58382922e-04,  0.00000000e+00,  6.22954670e-02, ...,
          9.84552824e-01,  9.99983521e-01,  8.70159314e-01],
        [-6.26531498e-02, -6.22954670e-02,  0.00000000e+00, ...,
          9.71733401e-01,  9.97683674e-01,  8.99166617e-01],
        ...,
        [-9.84615509e-01, -9.84552824e-01, -9.71733401e-01, ...,
          0.00000000e+00,  1.69432715e-01,  6.37512867e-01],
        [-9.99985514e-01, -9.99983521e-01, -9.97683674e-01, ...,
         -1.69432715e-01,  0.00000000e+00,  4.97757859e-01],
        [-8.69982658e-01, -8.70159314e-01, -8.99166617e-01, ...,
         -6.37512867e-01, -4.97757859e-01,  0.00000000e+00]]]), 'num': array([5.92120435e-01, 5.77499532e-01, 2.52956805e-07, 1.82761291e-03,
       1.84342272e-03, 1.81812703e-03, 5.62015982e-01, 9.48588018e-06,
       1.81812703e-03, 1.77638916e-03, 1.69523219e-03, 1.93705661e-06,
       1.89188687e-03, 1.66089146e-03])}
{'img': array([[[ 0.        , -0.08523812, -0.10021151, ...,  0.99067634,
          0.99991403,  0.99729573],
        [ 0.08523812,  0.        , -0.01503775, ...,  0.97545834,
          0.99739263,  0.98740176],
        [ 0.10021151,  0.01503775,  0.        , ...,  0.97203697,
          0.99619464,  0.98491064],
        ...,
        [-0.99067634, -0.97545834, -0.97203697, ...,  0.        ,
         -0.149215  , -0.0630602 ],
        [-0.99991403, -0.99739263, -0.99619464, ...,  0.149215  ,
          0.        ,  0.08656379],
        [-0.99729573, -0.98740176, -0.98491064, ...,  0.0630602 ,
         -0.08656379,  0.        ]],

       [[ 0.        , -0.58350797, -0.58019967, ..., -0.19022909,
         -0.35187867, -0.40870668],
        [ 0.58350797,  0.        ,  0.00406777, ...,  0.4183665 ,
          0.26042681,  0.20063404],
        [ 0.58019967, -0.00406777,  0.        , ...,  0.41466837,
          0.25649724,  0.19664732],
        ...,
        [ 0.19022909, -0.4183665 , -0.41466837, ...,  0.        ,
         -0.16739016, -0.227628  ],
        [ 0.35187867, -0.26042681, -0.25649724, ...,  0.16739016,
          0.        , -0.06142048],
        [ 0.40870668, -0.20063404, -0.19664732, ...,  0.227628  ,
          0.06142048,  0.        ]],

       [[ 0.        ,  0.34301331,  0.51408276, ...,  0.57819363,
          0.60111414,  0.54102862],
        [-0.34301331,  0.        ,  0.18867721, ...,  0.82297935,
          0.83876848,  0.79668033],
        [-0.51408276, -0.18867721,  0.        , ...,  0.91538005,
          0.92643601,  0.89640796],
        ...,
        [-0.57819363, -0.82297935, -0.91538005, ...,  0.        ,
         -0.02837772,  0.04483824],
        [-0.60111414, -0.83876848, -0.92643601, ...,  0.02837772,
          0.        ,  0.07316936],
        [-0.54102862, -0.79668033, -0.89640796, ..., -0.04483824,
         -0.07316936,  0.        ]],

       ...,

       [[ 0.        , -0.21572902, -0.30307761, ...,  0.40093754,
          0.33502569,  0.22904584],
        [ 0.21572902,  0.        , -0.09035872, ...,  0.5891273 ,
          0.53039876,  0.43364656],
        [ 0.30307761,  0.09035872,  0.        , ...,  0.65973083,
          0.6048305 ,  0.51329335],
        ...,
        [-0.40093754, -0.5891273 , -0.65973083, ...,  0.        ,
         -0.07084812, -0.18044875],
        [-0.33502569, -0.53039876, -0.6048305 , ...,  0.07084812,
          0.        , -0.1103102 ],
        [-0.22904584, -0.43364656, -0.51329335, ...,  0.18044875,
          0.1103102 ,  0.        ]],

       [[ 0.        , -0.18424509, -0.20284635, ...,  0.6722417 ,
          0.63421667,  0.45313041],
        [ 0.18424509,  0.        , -0.01895894, ...,  0.52433066,
          0.48090901,  0.28112874],
        [ 0.20284635,  0.01895894,  0.        , ...,  0.5080926 ,
          0.46419993,  0.26288388],
        ...,
        [-0.6722417 , -0.52433066, -0.5080926 , ...,  0.        ,
          0.05021655,  0.26379917],
        [-0.63421667, -0.48090901, -0.46419993, ..., -0.05021655,
          0.        ,  0.21502859],
        [-0.45313041, -0.28112874, -0.26288388, ..., -0.26379917,
         -0.21502859,  0.        ]],

       [[ 0.        ,  0.06020416,  0.0631912 , ...,  0.99029915,
          0.99534929,  0.85551836],
        [-0.06020416,  0.        ,  0.00299274, ...,  0.98013736,
          0.99934338,  0.88513858],
        [-0.0631912 , -0.00299274,  0.        , ...,  0.97953945,
          0.99944734,  0.88652722],
        ...,
        [-0.99029915, -0.98013736, -0.97953945, ...,  0.        ,
          0.23370277,  0.63162544],
        [-0.99534929, -0.99934338, -0.99944734, ..., -0.23370277,
          0.        ,  0.43295091],
        [-0.85551836, -0.88513858, -0.88652722, ..., -0.63162544,
         -0.43295091,  0.        ]]]), 'num': array([8.15227000e-01, 4.12610314e-01, 6.91781247e-06, 9.49567655e-04,
       9.70777929e-04, 9.43041417e-04, 4.06387416e-01, 6.52623818e-06,
       9.41083546e-04, 9.20199583e-04, 8.76881677e-04, 1.07772741e-06,
       9.78644952e-04, 8.61754215e-04])}
{'img': array([[[ 0.        , -0.01503775, -0.65445892, ...,  0.99739263,
          0.98740176,  0.9579433 ],
        [ 0.01503775,  0.        , -0.64301491, ...,  0.99619464,
          0.98491064,  0.95351979],
        [ 0.65445892,  0.64301491,  0.        , ...,  0.70689643,
          0.64301491,  0.53649667],
        ...,
        [-0.99739263, -0.99619464, -0.70689643, ...,  0.        ,
          0.08656379,  0.21707837],
        [-0.98740176, -0.98491064, -0.64301491, ..., -0.08656379,
          0.        ,  0.13176392],
        [-0.9579433 , -0.95351979, -0.53649667, ..., -0.21707837,
         -0.13176392,  0.        ]],

       [[ 0.        ,  0.00406777,  0.31563254, ...,  0.26042681,
          0.20063404,  0.57233781],
        [-0.00406777,  0.        ,  0.31177009, ...,  0.25649724,
          0.19664732,  0.56899743],
        [-0.31563254, -0.31177009,  0.        , ..., -0.05762701,
         -0.11883662,  0.28425642],
        ...,
        [-0.26042681, -0.25649724,  0.05762701, ...,  0.        ,
         -0.06142048,  0.33903384],
        [-0.20063404, -0.19664732,  0.11883662, ...,  0.06142048,
          0.        ,  0.39617654],
        [-0.57233781, -0.56899743, -0.28425642, ..., -0.33903384,
         -0.39617654,  0.        ]],

       [[ 0.        ,  0.40150323,  0.48044902, ...,  0.60937747,
          0.54868342,  0.48436655],
        [-0.40150323,  0.        ,  0.08789546, ...,  0.87644697,
          0.83818472,  0.79487198],
        [-0.48044902, -0.08789546,  0.        , ...,  0.91537639,
          0.88287769,  0.84512855],
        ...,
        [-0.60937747, -0.87644697, -0.91537639, ...,  0.        ,
          0.07441771,  0.14907843],
        [-0.54868342, -0.83818472, -0.88287769, ..., -0.07441771,
          0.        ,  0.07507894],
        [-0.48436655, -0.79487198, -0.84512855, ..., -0.14907843,
         -0.07507894,  0.        ]],

       ...,

       [[ 0.        , -0.09035872, -0.41024564, ...,  0.53039876,
          0.43364656,  0.60779451],
        [ 0.09035872,  0.        , -0.32616255, ...,  0.6048305 ,
          0.51329335,  0.67706155],
        [ 0.41024564,  0.32616255,  0.        , ...,  0.83149548,
          0.76514025,  0.88006719],
        ...,
        [-0.53039876, -0.6048305 , -0.83149548, ...,  0.        ,
         -0.1103102 ,  0.0940701 ],
        [-0.43364656, -0.51329335, -0.76514025, ...,  0.1103102 ,
          0.        ,  0.20331705],
        [-0.60779451, -0.67706155, -0.88006719, ..., -0.0940701 ,
         -0.20331705,  0.        ]],

       [[ 0.        , -0.01880515, -0.03149516, ...,  0.5770336 ,
          0.51003422,  0.27893608],
        [ 0.01880515,  0.        , -0.01269377, ...,  0.56157301,
          0.4937687 ,  0.26082798],
        [ 0.03149516,  0.01269377,  0.        , ...,  0.55102459,
          0.4826905 ,  0.24855259],
        ...,
        [-0.5770336 , -0.56157301, -0.55102459, ...,  0.        ,
          0.07978246,  0.32631816],
        [-0.51003422, -0.4937687 , -0.4826905 , ..., -0.07978246,
          0.        ,  0.24986278],
        [-0.27893608, -0.26082798, -0.24855259, ..., -0.32631816,
         -0.24986278,  0.        ]],

       [[ 0.        ,  0.00290816, -0.00845918, ...,  0.99544353,
          0.99506995,  0.87314085],
        [-0.00290816,  0.        , -0.0113672 , ...,  0.99516202,
          0.99535416,  0.8745548 ],
        [ 0.00845918,  0.0113672 ,  0.        , ...,  0.99621452,
          0.9941954 ,  0.86898603],
        ...,
        [-0.99544353, -0.99516202, -0.99621452, ...,  0.        ,
          0.19360657,  0.56850342],
        [-0.99506995, -0.99535416, -0.9941954 , ..., -0.19360657,
          0.        ,  0.39847048],
        [-0.87314085, -0.8745548 , -0.86898603, ..., -0.56850342,
         -0.39847048,  0.        ]]]), 'num': array([7.68046954e-01, 5.73652787e-01, 3.29481638e-06, 9.04158914e-04,
       9.04158914e-04, 8.84236769e-04, 2.84640475e-01, 1.22597819e-05,
       8.90366660e-04, 8.67609439e-04, 8.25926181e-04, 1.10448485e-06,
       9.23751302e-04, 8.11467577e-04])}
{'img': array([[[ 0.        , -0.64301491, -0.47991683, ...,  0.98491064,
          0.95351979,  0.64301491],
        [ 0.64301491,  0.        ,  0.19657992, ...,  0.64301491,
          0.53649667,  0.        ],
        [ 0.47991683, -0.19657992,  0.        , ...,  0.78101973,
          0.69192271,  0.19657992],
        ...,
        [-0.98491064, -0.64301491, -0.78101973, ...,  0.        ,
          0.13176392,  0.64301491],
        [-0.95351979, -0.53649667, -0.69192271, ..., -0.13176392,
          0.        ,  0.53649667],
        [-0.64301491, -0.        , -0.19657992, ..., -0.64301491,
         -0.53649667,  0.        ]],

       [[ 0.        ,  0.31177009, -0.04873476, ...,  0.19664732,
          0.56899743,  0.2458678 ],
        [-0.31177009,  0.        , -0.35770533, ..., -0.11883662,
          0.28425642, -0.06858665],
        [ 0.04873476,  0.35770533,  0.        , ...,  0.24419683,
          0.60839783,  0.29281441],
        ...,
        [-0.19664732,  0.11883662, -0.24419683, ...,  0.        ,
          0.39617654,  0.05045615],
        [-0.56899743, -0.28425642, -0.60839783, ..., -0.39617654,
          0.        , -0.34934438],
        [-0.2458678 ,  0.06858665, -0.29281441, ..., -0.05045615,
          0.34934438,  0.        ]],

       [[ 0.        ,  0.18037621,  0.18740417, ...,  0.66421412,
          0.60495962,  0.39190133],
        [-0.18037621,  0.        ,  0.00714984, ...,  0.78815834,
          0.73866256,  0.55142067],
        [-0.18740417, -0.00714984,  0.        , ...,  0.79253873,
          0.74346321,  0.55737117],
        ...,
        [-0.66421412, -0.78815834, -0.79253873, ...,  0.        ,
          0.07665163,  0.31811896],
        [-0.60495962, -0.73866256, -0.74346321, ..., -0.07665163,
          0.        ,  0.2445134 ],
        [-0.39190133, -0.55142067, -0.55737117, ..., -0.31811896,
         -0.2445134 ,  0.        ]],

       ...,

       [[ 0.        , -0.32616255,  0.15409597, ...,  0.51329335,
          0.67706155,  0.85072362],
        [ 0.32616255,  0.        ,  0.46793586, ...,  0.76514025,
          0.88006719,  0.97563606],
        [-0.15409597, -0.46793586,  0.        , ...,  0.37491531,
          0.55557136,  0.75956758],
        ...,
        [-0.51329335, -0.76514025, -0.37491531, ...,  0.        ,
          0.20331705,  0.46030845],
        [-0.67706155, -0.88006719, -0.55557136, ..., -0.20331705,
          0.        ,  0.27019742],
        [-0.85072362, -0.97563606, -0.75956758, ..., -0.46030845,
         -0.27019742,  0.        ]],

       [[ 0.        , -0.01249561, -0.09272726, ...,  0.63765137,
          0.57351993,  0.25689059],
        [ 0.01249561,  0.        , -0.08027825, ...,  0.62797591,
          0.56323886,  0.24479428],
        [ 0.09272726,  0.08027825,  0.        , ...,  0.56347394,
          0.49508755,  0.16616841],
        ...,
        [-0.63765137, -0.62797591, -0.56347394, ...,  0.        ,
          0.08056186,  0.41836284],
        [-0.57351993, -0.56323886, -0.49508755, ..., -0.08056186,
          0.        ,  0.34383027],
        [-0.25689059, -0.24479428, -0.16616841, ..., -0.41836284,
         -0.34383027,  0.        ]],

       [[ 0.        , -0.01122456, -0.01761761, ...,  0.99968236,
          0.97062477,  0.86914477],
        [ 0.01122456,  0.        , -0.00639369, ...,  0.99933649,
          0.96786302,  0.86353883],
        [ 0.01761761,  0.00639369,  0.        , ...,  0.99908319,
          0.96623536,  0.86029695],
        ...,
        [-0.99968236, -0.99933649, -0.99908319, ...,  0.        ,
          0.21605941,  0.47249575],
        [-0.97062477, -0.96786302, -0.96623536, ..., -0.21605941,
          0.        ,  0.27091523],
        [-0.86914477, -0.86353883, -0.86029695, ..., -0.47249575,
         -0.27091523,  0.        ]]]), 'num': array([ 7.35040186e-01,  5.95424228e-01,  2.37846607e-06,  8.61826904e-04,
        8.75040604e-04,  8.51549581e-04,  3.24315007e-01, -4.40456680e-06,
        8.55073235e-04,  8.34812228e-04,  7.93421535e-04,  1.02643297e-06,
        8.86649070e-04,  7.82975385e-04])}
{'img': array([[[ 0.        ,  0.19657992,  0.4308176 , ...,  0.53649667,
          0.        ,  0.33711517],
        [-0.19657992,  0.        ,  0.24501002, ...,  0.69192271,
          0.19657992,  0.51561012],
        [-0.4308176 , -0.24501002,  0.        , ...,  0.84772355,
          0.4308176 ,  0.7098249 ],
        ...,
        [-0.53649667, -0.69192271, -0.84772355, ...,  0.        ,
          0.53649667,  0.22059967],
        [-0.        , -0.19657992, -0.4308176 , ..., -0.53649667,
          0.        , -0.33711517],
        [-0.33711517, -0.51561012, -0.7098249 , ..., -0.22059967,
          0.33711517,  0.        ]],

       [[ 0.        , -0.35770533, -0.29871911, ...,  0.28425642,
         -0.06858665,  0.13592592],
        [ 0.35770533,  0.        ,  0.06241868, ...,  0.60839783,
          0.29281441,  0.48131778],
        [ 0.29871911, -0.06241868,  0.        , ...,  0.55767401,
          0.23256062,  0.42566638],
        ...,
        [-0.28425642, -0.60839783, -0.55767401, ...,  0.        ,
         -0.34934438, -0.1512995 ],
        [ 0.06858665, -0.29281441, -0.23256062, ...,  0.34934438,
          0.        ,  0.20355593],
        [-0.13592592, -0.48131778, -0.42566638, ...,  0.1512995 ,
         -0.20355593,  0.        ]],

       [[ 0.        ,  0.00714984, -0.21887461, ...,  0.73866256,
          0.55142067,  0.39873525],
        [-0.00714984,  0.        , -0.22584549, ...,  0.74346321,
          0.55737117,  0.40528193],
        [ 0.21887461,  0.22584549,  0.        , ...,  0.57321422,
          0.35545919,  0.18834463],
        ...,
        [-0.73866256, -0.74346321, -0.57321422, ...,  0.        ,
          0.2445134 ,  0.40862476],
        [-0.55142067, -0.55737117, -0.35545919, ..., -0.2445134 ,
          0.        ,  0.17305335],
        [-0.39873525, -0.40528193, -0.18834463, ..., -0.40862476,
         -0.17305335,  0.        ]],

       ...,

       [[ 0.        ,  0.46793586,  0.38484982, ...,  0.88006719,
          0.97563606,  0.94831102],
        [-0.46793586,  0.        , -0.09177925, ...,  0.55557136,
          0.75956758,  0.68958576],
        [-0.38484982,  0.09177925,  0.        , ...,  0.62953809,
          0.81605757,  0.75314218],
        ...,
        [-0.88006719, -0.55557136, -0.62953809, ...,  0.        ,
          0.27019742,  0.17102207],
        [-0.97563606, -0.75956758, -0.81605757, ..., -0.27019742,
          0.        , -0.10155576],
        [-0.94831102, -0.68958576, -0.75314218, ..., -0.17102207,
          0.10155576,  0.        ]],

       [[ 0.        , -0.07981496, -0.24341518, ...,  0.61028465,
          0.44388365,  0.24341518],
        [ 0.07981496,  0.        , -0.1652243 , ...,  0.54510966,
          0.37094658,  0.1652243 ],
        [ 0.24341518,  0.1652243 ,  0.        , ...,  0.39909945,
          0.21241205,  0.        ],
        ...,
        [-0.61028465, -0.54510966, -0.39909945, ...,  0.        ,
          0.19522985,  0.39909945],
        [-0.44388365, -0.37094658, -0.21241205, ..., -0.19522985,
          0.        ,  0.21241205],
        [-0.24341518, -0.1652243 , -0.        , ..., -0.39909945,
         -0.21241205,  0.        ]],

       [[ 0.        , -0.00618065, -0.00380419, ...,  0.99954456,
          0.99441667,  0.84852104],
        [ 0.00618065,  0.        ,  0.00237649, ...,  0.99933896,
          0.99374546,  0.84523427],
        [ 0.00380419, -0.00237649,  0.        , ...,  0.99942253,
          0.99400804,  0.84650187],
        ...,
        [-0.99954456, -0.99933896, -0.99942253, ...,  0.        ,
          0.07546797,  0.50331459],
        [-0.99441667, -0.99374546, -0.99400804, ..., -0.07546797,
          0.        ,  0.43666713],
        [-0.84852104, -0.84523427, -0.84650187, ..., -0.50331459,
         -0.43666713,  0.        ]]]), 'num': array([ 7.03058894e-01,  6.76161336e-01,  4.63750998e-07,  8.15077512e-04,
        8.20698737e-04,  8.10861594e-04,  2.20247266e-01, -9.83714239e-06,
        8.19855553e-04,  8.01586574e-04,  7.61605617e-04,  8.61744280e-07,
        8.49005191e-04,  7.54167958e-04])}
{'img': array([[[ 0.00000000e+00,  3.89131382e-01,  6.09086956e-01, ...,
          0.00000000e+00,  3.38721447e-01,  5.96038757e-01],
        [-3.89131382e-01,  0.00000000e+00,  2.52458661e-01, ...,
          3.89131382e-01,  6.78152732e-01,  8.61515581e-01],
        [-6.09086956e-01, -2.52458661e-01,  0.00000000e+00, ...,
          6.09086956e-01,  8.41722964e-01,  9.61790216e-01],
        ...,
        [-0.00000000e+00, -3.89131382e-01, -6.09086956e-01, ...,
          0.00000000e+00, -3.38721447e-01, -5.96038757e-01],
        [-3.38721447e-01, -6.78152732e-01, -8.41722964e-01, ...,
          3.38721447e-01,  0.00000000e+00, -2.88826634e-01],
        [-5.96038757e-01, -8.61515581e-01, -9.61790216e-01, ...,
          5.96038757e-01,  2.88826634e-01,  0.00000000e+00]],

       [[ 0.00000000e+00,  6.24186777e-02,  3.48920668e-01, ...,
          2.92814414e-01,  4.81317781e-01,  1.02962950e-01],
        [-6.24186777e-02,  0.00000000e+00,  2.89744486e-01, ...,
          2.32560618e-01,  4.25666383e-01,  4.06752429e-02],
        [-3.48920668e-01, -2.89744486e-01,  0.00000000e+00, ...,
         -5.92155376e-02,  1.45222972e-01, -2.50574260e-01],
        ...,
        [-2.92814414e-01, -2.32560618e-01,  5.92155376e-02, ...,
          0.00000000e+00,  2.03555929e-01, -1.92808151e-01],
        [-4.81317781e-01, -4.25666383e-01, -1.45222972e-01, ...,
         -2.03555929e-01,  0.00000000e+00, -3.88507890e-01],
        [-1.02962950e-01, -4.06752429e-02,  2.50574260e-01, ...,
          1.92808151e-01,  3.88507890e-01,  0.00000000e+00]],

       [[ 0.00000000e+00, -2.24844967e-01, -3.15610324e-01, ...,
          6.04523588e-01,  5.07525647e-01,  3.15610324e-01],
        [ 2.24844967e-01,  0.00000000e+00, -9.41760893e-02, ...,
          4.09935859e-01,  3.00795561e-01,  9.41760893e-02],
        [ 3.15610324e-01,  9.41760893e-02,  0.00000000e+00, ...,
          3.22214559e-01,  2.09644025e-01,  0.00000000e+00],
        ...,
        [-6.04523588e-01, -4.09935859e-01, -3.22214559e-01, ...,
          0.00000000e+00,  1.16591225e-01,  3.22214559e-01],
        [-5.07525647e-01, -3.00795561e-01, -2.09644025e-01, ...,
         -1.16591225e-01,  0.00000000e+00,  2.09644025e-01],
        [-3.15610324e-01, -9.41760893e-02, -0.00000000e+00, ...,
         -3.22214559e-01, -2.09644025e-01,  0.00000000e+00]],

       ...,

       [[ 0.00000000e+00, -9.17792550e-02,  2.20204811e-01, ...,
          7.59567585e-01,  6.89585757e-01,  3.77246816e-01],
        [ 9.17792550e-02,  0.00000000e+00,  3.08801820e-01, ...,
          8.16057569e-01,  7.53142183e-01,  4.60652538e-01],
        [-2.20204811e-01, -3.08801820e-01,  0.00000000e+00, ...,
          5.97695520e-01,  5.13185738e-01,  1.64052302e-01],
        ...,
        [-7.59567585e-01, -8.16057569e-01, -5.97695520e-01, ...,
          0.00000000e+00, -1.01555759e-01, -4.58073193e-01],
        [-6.89585757e-01, -7.53142183e-01, -5.13185738e-01, ...,
          1.01555759e-01,  0.00000000e+00, -3.65430501e-01],
        [-3.77246816e-01, -4.60652538e-01, -1.64052302e-01, ...,
          4.58073193e-01,  3.65430501e-01,  0.00000000e+00]],

       [[ 0.00000000e+00, -1.65027819e-01, -1.64622655e-04, ...,
          3.90405414e-01,  2.60627785e-01,  1.65027819e-01],
        [ 1.65027819e-01,  0.00000000e+00,  1.64865452e-01, ...,
          2.33120817e-01,  9.77299424e-02,  0.00000000e+00],
        [ 1.64622655e-04, -1.64865452e-01,  0.00000000e+00, ...,
          3.90253850e-01,  2.60468848e-01,  1.64865452e-01],
        ...,
        [-3.90405414e-01, -2.33120817e-01, -3.90253850e-01, ...,
          0.00000000e+00,  1.36967596e-01,  2.33120817e-01],
        [-2.60627785e-01, -9.77299424e-02, -2.60468848e-01, ...,
         -1.36967596e-01,  0.00000000e+00,  9.77299424e-02],
        [-1.65027819e-01, -0.00000000e+00, -1.64865452e-01, ...,
         -2.33120817e-01, -9.77299424e-02,  0.00000000e+00]],

       [[ 0.00000000e+00,  2.31011615e-03, -1.48759982e-03, ...,
          9.99694950e-01,  9.85435478e-01,  8.32308384e-01],
        [-2.31011615e-03,  0.00000000e+00, -3.79770945e-03, ...,
          9.99635227e-01,  9.85825683e-01,  8.33586690e-01],
        [ 1.48759982e-03,  3.79770945e-03,  0.00000000e+00, ...,
          9.99730585e-01,  9.85181421e-01,  8.31482868e-01],
        ...,
        [-9.99694950e-01, -9.99635227e-01, -9.99730585e-01, ...,
          0.00000000e+00,  1.94336466e-01,  5.74700378e-01],
        [-9.85435478e-01, -9.85825683e-01, -9.85181421e-01, ...,
         -1.94336466e-01,  0.00000000e+00,  4.04705726e-01],
        [-8.32308384e-01, -8.33586690e-01, -8.31482868e-01, ...,
         -5.74700378e-01, -4.04705726e-01,  0.00000000e+00]]]), 'num': array([7.02633144e-01, 6.16583183e-01, 1.47345825e-06, 8.19523443e-04,
       8.40572846e-04, 8.13910269e-04, 3.55143080e-01, 5.61317427e-06,
       8.20365419e-04, 8.03385567e-04, 7.62748524e-04, 6.84105614e-07,
       8.47686102e-04, 7.59085031e-04])}
{'img': array([[[ 0.        ,  0.49888765,  0.64509478, ...,  0.34538376,
          0.60677741,  0.48063075],
        [-0.49888765,  0.        ,  0.17788081, ...,  0.76751946,
          0.92242548,  0.85403274],
        [-0.64509478, -0.17788081,  0.        , ...,  0.86930525,
          0.97640782,  0.93294968],
        ...,
        [-0.34538376, -0.76751946, -0.86930525, ...,  0.        ,
         -0.29490146, -0.14817848],
        [-0.60677741, -0.92242548, -0.97640782, ...,  0.29490146,
          0.        ,  0.15005729],
        [-0.48063075, -0.85403274, -0.93294968, ...,  0.14817848,
         -0.15005729,  0.        ]],

       [[ 0.        ,  0.28974449,  0.79625227, ...,  0.42566638,
          0.04067524,  0.5749843 ],
        [-0.28974449,  0.        ,  0.58681106, ...,  0.14522297,
         -0.25057426,  0.31326116],
        [-0.79625227, -0.58681106,  0.        , ..., -0.46299974,
         -0.77098622, -0.30362007],
        ...,
        [-0.42566638, -0.14522297,  0.46299974, ...,  0.        ,
         -0.38850789,  0.1720268 ],
        [-0.04067524,  0.25057426,  0.77098622, ...,  0.38850789,
          0.        ,  0.54122942],
        [-0.5749843 , -0.31326116,  0.30362007, ..., -0.1720268 ,
         -0.54122942,  0.        ]],

       [[ 0.        , -0.09355583,  0.10512067, ...,  0.39455715,
          0.31799569,  0.09355583],
        [ 0.09355583,  0.        ,  0.19769709, ...,  0.30686086,
          0.22790142,  0.        ],
        [-0.10512067, -0.19769709,  0.        , ...,  0.48896347,
          0.41589791,  0.19769709],
        ...,
        [-0.39455715, -0.30686086, -0.48896347, ...,  0.        ,
          0.0818794 ,  0.30686086],
        [-0.31799569, -0.22790142, -0.41589791, ..., -0.0818794 ,
          0.        ,  0.22790142],
        [-0.09355583, -0.        , -0.19769709, ..., -0.30686086,
         -0.22790142,  0.        ]],

       ...,

       [[ 0.        ,  0.30880182,  0.41526919, ...,  0.75314218,
          0.46065254, -0.07646682],
        [-0.30880182,  0.        ,  0.11405691, ...,  0.51318574,
          0.1640523 , -0.3806273 ],
        [-0.41526919, -0.11405691,  0.        , ...,  0.41194431,
          0.0504701 , -0.48361509],
        ...,
        [-0.75314218, -0.51318574, -0.41194431, ...,  0.        ,
         -0.3654305 , -0.80124137],
        [-0.46065254, -0.1640523 , -0.0504701 , ...,  0.3654305 ,
          0.        , -0.52717427],
        [ 0.07646682,  0.3806273 ,  0.48361509, ...,  0.80124137,
          0.52717427,  0.        ]],

       [[ 0.        ,  0.16486545,  0.25772188, ...,  0.09772994,
          0.        ,  0.05462749],
        [-0.16486545,  0.        ,  0.09489908, ...,  0.26046885,
          0.16486545,  0.21849924],
        [-0.25772188, -0.09489908,  0.        , ...,  0.3509167 ,
          0.25772188,  0.31011918],
        ...,
        [-0.09772994, -0.26046885, -0.3509167 , ...,  0.        ,
          0.09772994,  0.04321803],
        [-0.        , -0.16486545, -0.25772188, ..., -0.09772994,
          0.        , -0.05462749],
        [-0.05462749, -0.21849924, -0.31011918, ..., -0.04321803,
          0.05462749,  0.        ]],

       [[ 0.        , -0.00367149, -0.01675277, ...,  0.99999366,
          0.98799279,  0.81783085],
        [ 0.00367149,  0.        , -0.01308169, ...,  0.99999999,
          0.98741889,  0.81571254],
        [ 0.01675277,  0.01308169,  0.        , ...,  0.999913  ,
          0.98526583,  0.80807554],
        ...,
        [-0.99999366, -0.99999999, -0.999913  , ...,  0.        ,
          0.15801845,  0.57836833],
        [-0.98799279, -0.98741889, -0.98526583, ..., -0.15801845,
          0.        ,  0.44219419],
        [-0.81783085, -0.81571254, -0.80807554, ..., -0.57836833,
         -0.44219419,  0.        ]]]), 'num': array([ 7.25300232e-01,  6.43150193e-01,  1.42128095e-06,  8.38265701e-04,
        8.58569714e-04,  8.38265701e-04,  2.45543962e-01, -8.70172008e-06,
        8.46677364e-04,  8.32101982e-04,  7.90357898e-04,  6.19024802e-07,
        8.76099722e-04,  7.88104243e-04])}
{'img': array([[[ 0.        ,  0.45574596,  0.56633401, ...,  0.62550547,
          0.49633362,  0.6766947 ],
        [-0.45574596,  0.        ,  0.1284847 , ...,  0.91235062,
          0.83743906,  0.93788187],
        [-0.56633401, -0.1284847 ,  0.        , ...,  0.95739148,
          0.90071877,  0.9746866 ],
        ...,
        [-0.62550547, -0.91235062, -0.95739148, ...,  0.        ,
          0.15577193, -0.06743359],
        [-0.49633362, -0.83743906, -0.90071877, ..., -0.15577193,
          0.        , -0.22202779],
        [-0.6766947 , -0.93788187, -0.9746866 , ...,  0.06743359,
          0.22202779,  0.        ]],

       [[ 0.        ,  0.58681106,  0.4234278 , ..., -0.25057426,
          0.31326116, -0.16443977],
        [-0.58681106,  0.        , -0.18875005, ..., -0.77098622,
         -0.30362007, -0.71197369],
        [-0.4234278 ,  0.18875005,  0.        , ..., -0.63692205,
         -0.11832278, -0.56663463],
        ...,
        [ 0.25057426,  0.77098622,  0.63692205, ...,  0.        ,
          0.54122942,  0.08796951],
        [-0.31326116,  0.30362007,  0.11832278, ..., -0.54122942,
          0.        , -0.4651598 ],
        [ 0.16443977,  0.71197369,  0.56663463, ..., -0.08796951,
          0.4651598 ,  0.        ]],

       [[ 0.        ,  0.19769709,  0.44659376, ...,  0.22790142,
          0.        ,  0.18649379],
        [-0.19769709,  0.        ,  0.26089253, ...,  0.41589791,
          0.19769709,  0.37704171],
        [-0.44659376, -0.26089253,  0.        , ...,  0.63875309,
          0.44659376,  0.60562164],
        ...,
        [-0.22790142, -0.41589791, -0.63875309, ...,  0.        ,
          0.22790142,  0.0423171 ],
        [-0.        , -0.19769709, -0.44659376, ..., -0.22790142,
          0.        , -0.18649379],
        [-0.18649379, -0.37704171, -0.60562164, ..., -0.0423171 ,
          0.18649379,  0.        ]],

       ...,

       [[ 0.        ,  0.11405691,  0.30543999, ...,  0.1640523 ,
         -0.3806273 , -0.6633928 ],
        [-0.11405691,  0.        ,  0.19484047, ...,  0.0504701 ,
         -0.48361509, -0.74440916],
        [-0.30543999, -0.19484047,  0.        , ..., -0.14508932,
         -0.6448867 , -0.86024213],
        ...,
        [-0.1640523 , -0.0504701 ,  0.14508932, ...,  0.        ,
         -0.52717427, -0.77716055],
        [ 0.3806273 ,  0.48361509,  0.6448867 , ...,  0.52717427,
          0.        , -0.32864575],
        [ 0.6633928 ,  0.74440916,  0.86024213, ...,  0.77716055,
          0.32864575,  0.        ]],

       [[ 0.        ,  0.20015313,  0.29714901, ...,  0.        ,
          0.05481519,  0.04751747],
        [-0.20015313,  0.        ,  0.10002365, ...,  0.20015313,
          0.25355819,  0.24648298],
        [-0.29714901, -0.10002365,  0.        , ...,  0.29714901,
          0.3490415 ,  0.34218451],
        ...,
        [-0.        , -0.20015313, -0.29714901, ...,  0.        ,
         -0.05481519, -0.04751747],
        [-0.05481519, -0.25355819, -0.3490415 , ...,  0.05481519,
          0.        ,  0.00730724],
        [-0.04751747, -0.24648298, -0.34218451, ...,  0.04751747,
         -0.00730724,  0.        ]],

       [[ 0.        , -0.01284128, -0.03113934, ...,  0.99809478,
          0.9584376 ,  0.80688574],
        [ 0.01284128,  0.        , -0.01830172, ...,  0.99722019,
          0.95469493,  0.79923378],
        [ 0.03113934,  0.01830172,  0.        , ...,  0.99568949,
          0.94908868,  0.78810021],
        ...,
        [-0.99809478, -0.99722019, -0.99568949, ...,  0.        ,
          0.22562375,  0.53979783],
        [-0.9584376 , -0.95469493, -0.94908868, ..., -0.22562375,
          0.        ,  0.33595   ],
        [-0.80688574, -0.79923378, -0.78810021, ..., -0.53979783,
         -0.33595   ,  0.        ]]]), 'num': array([ 8.44223734e-01,  4.58499551e-02,  1.44110790e-05,  9.73626559e-04,
        1.01229043e-03,  9.71869111e-04,  5.34018860e-01, -4.21787679e-05,
        1.01334490e-03,  1.00895128e-03,  9.59361934e-04,  5.80289653e-07,
        1.06033254e-03,  9.57570018e-04])}
{'img': array([[[ 0.        ,  0.1284847 ,  0.29741432, ...,  0.83743906,
          0.93788187,  0.96564783],
        [-0.1284847 ,  0.        ,  0.17227863, ...,  0.90071877,
          0.9746866 ,  0.92425675],
        [-0.29741432, -0.17227863,  0.        , ...,  0.96208976,
          0.99863063,  0.84466644],
        ...,
        [-0.83743906, -0.90071877, -0.96208976, ...,  0.        ,
         -0.22202779, -0.74536835],
        [-0.93788187, -0.9746866 , -0.99863063, ...,  0.22202779,
          0.        , -0.57874876],
        [-0.96564783, -0.92425675, -0.84466644, ...,  0.74536835,
          0.57874876,  0.        ]],

       [[ 0.        , -0.18875005, -0.71110133, ..., -0.30362007,
         -0.71197369, -0.04722409],
        [ 0.18875005,  0.        , -0.56561122, ..., -0.11832278,
         -0.56663463,  0.14216422],
        [ 0.71110133,  0.56561122,  0.        , ...,  0.46406041,
         -0.00124153,  0.67710521],
        ...,
        [ 0.30362007,  0.11832278, -0.46406041, ...,  0.        ,
         -0.4651598 ,  0.25828653],
        [ 0.71197369,  0.56663463,  0.00124153, ...,  0.4651598 ,
          0.        ,  0.67801831],
        [ 0.04722409, -0.14216422, -0.67710521, ..., -0.25828653,
         -0.67801831,  0.        ]],

       [[ 0.        ,  0.40656634,  0.58708705, ...,  0.        ,
          0.18741259,  0.56831243],
        [-0.40656634,  0.        ,  0.20725008, ...,  0.40656634,
          0.57058663,  0.85375033],
        [-0.58708705, -0.20725008,  0.        , ...,  0.58708705,
          0.72839957,  0.94312521],
        ...,
        [-0.        , -0.40656634, -0.58708705, ...,  0.        ,
         -0.18741259, -0.56831243],
        [-0.18741259, -0.57058663, -0.72839957, ...,  0.18741259,
          0.        , -0.40403718],
        [-0.56831243, -0.85375033, -0.94312521, ...,  0.56831243,
          0.40403718,  0.        ]],

       ...,

       [[ 0.        ,  0.18146054,  0.43693376, ..., -0.43886438,
         -0.66713076, -0.99831871],
        [-0.18146054,  0.        ,  0.26645728, ..., -0.59463042,
         -0.79123254, -0.97122679],
        [-0.43693376, -0.26645728,  0.        , ..., -0.78736402,
         -0.92556962, -0.87265523],
        ...,
        [ 0.43886438,  0.59463042,  0.78736402, ...,  0.        ,
         -0.27252465, -0.92248064],
        [ 0.66713076,  0.79123254,  0.92556962, ...,  0.27252465,
          0.        , -0.78235731],
        [ 0.99831871,  0.97122679,  0.87265523, ...,  0.92248064,
          0.78235731,  0.        ]],

       [[ 0.        ,  0.22302972,  0.38444836, ...,  0.0550944 ,
          0.04775956,  0.18168209],
        [-0.22302972,  0.        ,  0.16887564, ...,  0.27639764,
          0.26933179,  0.39642372],
        [-0.38444836, -0.16887564,  0.        , ...,  0.43472465,
          0.42809872,  0.5457693 ],
        ...,
        [-0.0550944 , -0.27639764, -0.43472465, ...,  0.        ,
          0.00734451, -0.12722866],
        [-0.04775956, -0.26933179, -0.42809872, ..., -0.00734451,
          0.        , -0.13451005],
