state_0,state_1,state_2,state_3,state_4,state_5,state_6,state_7,state_8,state_9,state_10,state_11,state_12,state_13,state_14,state_15,state_16,state_17,state_18,state_19,state_20,state_21,state_22,state_23,state_24,state_25,state_26,state_27,state_28,state_29,state_30,state_31,state_32,state_33,state_34,state_35,state_36,state_37,state_38,state_39,state_40,state_41,state_42,state_43,state_44,state_45,state_46,state_47,state_48,state_49,state_50,state_51,state_52,state_53,state_54,state_55,state_56,state_57,state_58,state_59,state_60,state_61,state_62,state_63,state_64,state_65,state_66,state_67,state_68,state_69,state_70,state_71,state_72,state_73,state_74,state_75,state_76,state_77,state_78,state_79,state_80,state_81,state_82,state_83,state_84,state_85,state_86,state_87,state_88,state_89,state_90,state_91,state_92,state_93,state_94,state_95,state_96,state_97,state_98,state_99,state_100,state_101,state_102,state_103,state_104,state_105,state_106,state_107,state_108,state_109,state_110,state_111,state_112,state_113,state_114,state_115,state_116,state_117,state_118,state_119,state_120,state_121,state_122,state_123,state_124,state_125,state_126,state_127,state_128,state_129,state_130,state_131,state_132,state_133,state_134,state_135,state_136,state_137,state_138,state_139,state_140,state_141,state_142,state_143,state_144,state_145,state_146,state_147,state_148,state_149,state_150,state_151,state_152,state_153,state_154,state_155,state_156,state_157,state_158,state_159,state_160,state_161,state_162,state_163,state_164,state_165,state_166,state_167,state_168,state_169,state_170,state_171,state_172,state_173,state_174,state_175,state_176,state_177,state_178,state_179,state_180,state_181,state_182,state_183,state_184,state_185,state_186,state_187,state_188,state_189,state_190,state_191,state_192,state_193,state_194,state_195,state_196,state_197,state_198,state_199,state_200,state_201,state_202,state_203,state_204,state_205,state_206,state_207,state_208,state_209,state_210,state_211,state_212,state_213,state_214,state_215,state_216,state_217,state_218,state_219,state_220,state_221,state_222,state_223,state_224,state_225,state_226,state_227,state_228,state_229,state_230,state_231,state_232,state_233,state_234,state_235,state_236,state_237,state_238,state_239,state_240,state_241,state_242,state_243,state_244,state_245,state_246,state_247,state_248,state_249,state_250,state_251,state_252,state_253,state_254,state_255,state_256,state_257,state_258,state_259,state_260,state_261,state_262,state_263,state_264,state_265,state_266,state_267,state_268,state_269,state_270,state_271,state_272,state_273,state_274,state_275,state_276,state_277,state_278,state_279,state_280,state_281,state_282,state_283,state_284,state_285,state_286,state_287
{'img': array([[[ 0.        , -0.28274221, -0.04388953, ..., -0.92500796,
         -0.81196192, -0.99934331],
        [ 0.28274221,  0.        ,  0.2403711 , ..., -0.99469114,
         -0.94387014, -0.96881107],
        [ 0.04388953, -0.2403711 ,  0.        , ..., -0.94079234,
         -0.83679828, -0.99997065],
        ...,
        [ 0.92500796,  0.99469114,  0.94079234, ...,  0.        ,
         -0.2314337 ,  0.34618099],
        [ 0.81196192,  0.94387014,  0.83679828, ...,  0.2314337 ,
          0.        ,  0.55390604],
        [ 0.99934331,  0.96881107,  0.99997065, ..., -0.34618099,
         -0.55390604,  0.        ]],

       [[ 0.        ,  0.03868742, -0.27517553, ...,  0.05605961,
         -0.16042599, -0.23857041],
        [-0.03868742,  0.        , -0.31216338, ...,  0.01739106,
         -0.19849222, -0.27596213],
        [ 0.27517553,  0.31216338,  0.        , ...,  0.32863817,
          0.11737884,  0.03786974],
        ...,
        [-0.05605961, -0.01739106, -0.32863817, ...,  0.        ,
         -0.21550723, -0.29263614],
        [ 0.16042599,  0.19849222, -0.11737884, ...,  0.21550723,
          0.        , -0.07968669],
        [ 0.23857041,  0.27596213, -0.03786974, ...,  0.29263614,
          0.07968669,  0.        ]],

       [[ 0.        , -0.12137815, -0.15140378, ..., -0.90490542,
         -0.72865283, -0.60937747],
        [ 0.12137815,  0.        , -0.03030544, ..., -0.94987494,
         -0.80639528, -0.70111028],
        [ 0.15140378,  0.03030544,  0.        , ..., -0.95891304,
         -0.82394683, -0.72239763],
        ...,
        [ 0.90490542,  0.94987494,  0.95891304, ...,  0.        ,
         -0.30963065, -0.45812285],
        [ 0.72865283,  0.80639528,  0.82394683, ...,  0.30963065,
          0.        , -0.16038203],
        [ 0.60937747,  0.70111028,  0.72239763, ...,  0.45812285,
          0.16038203,  0.        ]],

       ...,

       [[ 0.        , -0.33538654, -0.0982196 , ..., -0.00814757,
         -0.00814757,  0.24934384],
        [ 0.33538654,  0.        ,  0.24123409, ...,  0.32769974,
          0.32769974,  0.55969536],
        [ 0.0982196 , -0.24123409,  0.        , ...,  0.09010816,
          0.09010816,  0.34325554],
        ...,
        [ 0.00814757, -0.32769974, -0.09010816, ...,  0.        ,
          0.        ,  0.2572258 ],
        [ 0.00814757, -0.32769974, -0.09010816, ...,  0.        ,
          0.        ,  0.2572258 ],
        [-0.24934384, -0.55969536, -0.34325554, ..., -0.2572258 ,
         -0.2572258 ,  0.        ]],

       [[ 0.        ,  0.04551452, -0.06283429, ..., -0.98477285,
         -0.90001525, -0.5145546 ],
        [-0.04551452,  0.        , -0.10819375, ..., -0.97583979,
         -0.87924465, -0.47499458],
        [ 0.06283429,  0.10819375,  0.        , ..., -0.9937504 ,
         -0.92562365, -0.56741556],
        ...,
        [ 0.98477285,  0.97583979,  0.9937504 , ...,  0.        ,
         -0.27275748, -0.75494772],
        [ 0.90001525,  0.87924465,  0.92562365, ...,  0.27275748,
          0.        , -0.54745198],
        [ 0.5145546 ,  0.47499458,  0.56741556, ...,  0.75494772,
          0.54745198,  0.        ]],

       [[ 0.        , -0.43301895, -0.45464939, ..., -0.0716612 ,
         -0.13409907, -0.28295737],
        [ 0.43301895,  0.        , -0.02413686, ..., -0.49649998,
         -0.54998275, -0.67037602],
        [ 0.45464939,  0.02413686,  0.        , ..., -0.51730702,
         -0.56998105, -0.68809078],
        ...,
        [ 0.0716612 ,  0.49649998,  0.51730702, ...,  0.        ,
          0.06274036,  0.21349731],
        [ 0.13409907,  0.54998275,  0.56998105, ..., -0.06274036,
          0.        ,  0.15178291],
        [ 0.28295737,  0.67037602,  0.68809078, ..., -0.21349731,
         -0.15178291,  0.        ]]]), 'num': array([ 7.74718665e-01,  6.32305472e-01,  4.37521330e-05,  5.48798431e-05,
        5.79146732e-05,  5.48798431e-05,  8.65803289e-04, -1.18021168e-06,
        5.49641440e-05,  5.87281762e-05,  7.16514941e-05,  6.65784998e-07,
        6.59922036e-05,  5.14641489e-05])}
{'img': array([[[ 0.        ,  0.2403711 ,  0.22989634, ..., -0.94387014,
         -0.96881107, -0.99236605],
        [-0.2403711 ,  0.        , -0.01077677, ..., -0.83679828,
         -0.99997065, -0.99291526],
        [-0.22989634,  0.01077677,  0.        , ..., -0.84265009,
         -0.99983002, -0.99413814],
        ...,
        [ 0.94387014,  0.83679828,  0.84265009, ...,  0.        ,
          0.55390604,  0.4442001 ],
        [ 0.96881107,  0.99997065,  0.99983002, ..., -0.55390604,
          0.        , -0.12642795],
        [ 0.99236605,  0.99291526,  0.99413814, ..., -0.4442001 ,
          0.12642795,  0.        ]],

       [[ 0.        , -0.31216338, -0.43990781, ..., -0.19849222,
         -0.27596213, -0.42175072],
        [ 0.31216338,  0.        , -0.13758881, ...,  0.11737884,
          0.03786974, -0.11763295],
        [ 0.43990781,  0.13758881,  0.        , ...,  0.25290019,
          0.1749997 ,  0.02011936],
        ...,
        [ 0.19849222, -0.11737884, -0.25290019, ...,  0.        ,
         -0.07968669, -0.23338367],
        [ 0.27596213, -0.03786974, -0.1749997 , ...,  0.07968669,
          0.        , -0.15515538],
        [ 0.42175072,  0.11763295, -0.02011936, ...,  0.23338367,
          0.15515538,  0.        ]],

       [[ 0.        , -0.0301909 , -0.06094618, ..., -0.84234845,
         -0.80452523, -0.69922857],
        [ 0.0301909 ,  0.        , -0.03078362, ..., -0.85823535,
         -0.82208942, -0.72049325],
        [ 0.06094618,  0.03078362,  0.        , ..., -0.8736285 ,
         -0.83922672, -0.74149905],
        ...,
        [ 0.84234845,  0.85823535,  0.8736285 , ...,  0.        ,
         -0.06670089, -0.22535583],
        [ 0.80452523,  0.82208942,  0.83922672, ...,  0.06670089,
          0.        , -0.15986885],
        [ 0.69922857,  0.72049325,  0.74149905, ...,  0.22535583,
          0.15986885,  0.        ]],

       ...,

       [[ 0.        ,  0.24123409,  0.4264261 , ...,  0.32769974,
          0.55969536,  0.53597854],
        [-0.24123409,  0.        ,  0.1956308 , ...,  0.09010816,
          0.34325554,  0.31649202],
        [-0.4264261 , -0.1956308 ,  0.        , ..., -0.10646792,
          0.15287834,  0.1248022 ],
        ...,
        [-0.32769974, -0.09010816,  0.10646792, ...,  0.        ,
          0.2572258 ,  0.22972836],
        [-0.55969536, -0.34325554, -0.15287834, ..., -0.2572258 ,
          0.        , -0.02834793],
        [-0.53597854, -0.31649202, -0.1248022 , ..., -0.22972836,
          0.02834793,  0.        ]],

       [[ 0.        , -0.1040985 , -0.13988377, ..., -0.95190151,
         -0.84703171, -0.45922491],
        [ 0.1040985 ,  0.        , -0.03604879, ..., -0.97862604,
         -0.89776254, -0.54920272],
        [ 0.13988377,  0.03604879,  0.        , ..., -0.98540332,
         -0.91305778, -0.57897133],
        ...,
        [ 0.95190151,  0.97862604,  0.98540332, ...,  0.        ,
         -0.24644194, -0.70488476],
        [ 0.84703171,  0.89776254,  0.91305778, ...,  0.24644194,
          0.        , -0.50833774],
        [ 0.45922491,  0.54920272,  0.57897133, ...,  0.70488476,
          0.50833774,  0.        ]],

       [[ 0.        , -0.14970982, -0.26318674, ..., -0.13751645,
         -0.29004537, -0.3648518 ],
        [ 0.14970982,  0.        , -0.11578883, ..., -0.28425414,
         -0.43005078, -0.50012958],
        [ 0.26318674,  0.11578883,  0.        , ..., -0.39335463,
         -0.5316929 , -0.59703304],
        ...,
        [ 0.13751645,  0.28425414,  0.39335463, ...,  0.        ,
          0.15568477,  0.23334868],
        [ 0.29004537,  0.43005078,  0.5316929 , ..., -0.15568477,
          0.        ,  0.0791166 ],
        [ 0.3648518 ,  0.50012958,  0.59703304, ..., -0.23334868,
         -0.0791166 ,  0.        ]]]), 'num': array([7.07106221e-01, 7.07106221e-01, 0.00000000e+00, 7.47770476e-05,
       7.65843479e-05, 7.31956599e-05, 1.23894950e-03, 1.24251892e-06,
       7.31956599e-05, 7.79002884e-05, 9.55177006e-05, 1.05896499e-06,
       8.60842095e-05, 6.97163673e-05])}
{'img': array([[[ 0.        , -0.01077677,  0.08912169, ..., -0.99997065,
         -0.99291526, -0.99985006],
        [ 0.01077677,  0.        ,  0.0998504 , ..., -0.99983002,
         -0.99413814, -0.99997861],
        [-0.08912169, -0.0998504 ,  0.        , ..., -0.99667429,
         -0.97837435, -0.99432811],
        ...,
        [ 0.99997065,  0.99983002,  0.99667429, ...,  0.        ,
         -0.12642795, -0.02497605],
        [ 0.99291526,  0.99413814,  0.97837435, ...,  0.12642795,
          0.        ,  0.10161287],
        [ 0.99985006,  0.99997861,  0.99432811, ...,  0.02497605,
         -0.10161287,  0.        ]],

       [[ 0.        , -0.13758881, -0.07766431, ...,  0.03786974,
         -0.11763295, -0.09576666],
        [ 0.13758881,  0.        ,  0.06024756, ...,  0.1749997 ,
          0.02011936,  0.04210057],
        [ 0.07766431, -0.06024756,  0.        , ...,  0.11536395,
         -0.04015255, -0.01817005],
        ...,
        [-0.03786974, -0.1749997 , -0.11536395, ...,  0.        ,
         -0.15515538, -0.13339365],
        [ 0.11763295, -0.02011936,  0.04015255, ...,  0.15515538,
          0.        ,  0.02199052],
        [ 0.09576666, -0.04210057,  0.01817005, ...,  0.13339365,
         -0.02199052,  0.        ]],

       [[ 0.        , -0.0305894 , -0.02338685, ..., -0.87296589,
         -0.84486532, -0.71735035],
        [ 0.0305894 ,  0.        ,  0.00720512, ..., -0.8874783 ,
         -0.86083464, -0.73832668],
        [ 0.02338685, -0.00720512,  0.        , ..., -0.88413479,
         -0.85714572, -0.73344807],
        ...,
        [ 0.87296589,  0.8874783 ,  0.88413479, ...,  0.        ,
         -0.05490898, -0.25829629],
        [ 0.84486532,  0.86083464,  0.85714572, ...,  0.05490898,
          0.        , -0.20486092],
        [ 0.71735035,  0.73832668,  0.73344807, ...,  0.25829629,
          0.20486092,  0.        ]],

       ...,

       [[ 0.        ,  0.1956308 ,  0.49336204, ...,  0.34325554,
          0.31649202,  0.5496971 ],
        [-0.1956308 ,  0.        ,  0.31366473, ...,  0.15287834,
          0.1248022 ,  0.3756527 ],
        [-0.49336204, -0.31366473,  0.        , ..., -0.16481445,
         -0.19270847,  0.06600285],
        ...,
        [-0.34325554, -0.15287834,  0.16481445, ...,  0.        ,
         -0.02834793,  0.2295553 ],
        [-0.31649202, -0.1248022 ,  0.19270847, ...,  0.02834793,
          0.        ,  0.25705396],
        [-0.5496971 , -0.3756527 , -0.06600285, ..., -0.2295553 ,
         -0.25705396,  0.        ]],

       [[ 0.        , -0.03480627, -0.05813787, ..., -0.96146419,
         -0.87564576, -0.53331842],
        [ 0.03480627,  0.        , -0.02335524, ..., -0.97045091,
         -0.89192501, -0.5624384 ],
        [ 0.05813787,  0.02335524,  0.        , ..., -0.97582179,
         -0.90224257, -0.58159602],
        ...,
        [ 0.96146419,  0.97045091,  0.97582179, ...,  0.        ,
         -0.22360146, -0.66669123],
        [ 0.87564576,  0.89192501,  0.90224257, ...,  0.22360146,
          0.        , -0.48315327],
        [ 0.53331842,  0.5624384 ,  0.58159602, ...,  0.66669123,
          0.48315327,  0.        ]],

       [[ 0.        , -0.21831207, -0.25951479, ..., -0.29084794,
         -0.36584712, -0.45137447],
        [ 0.21831207,  0.        , -0.04242252, ..., -0.49270669,
         -0.56020011, -0.63529429],
        [ 0.25951479,  0.04242252,  0.        , ..., -0.52917902,
         -0.5948368 , -0.66748402],
        ...,
        [ 0.29084794,  0.49270669,  0.52917902, ...,  0.        ,
          0.0793464 ,  0.17232754],
        [ 0.36584712,  0.56020011,  0.5948368 , ..., -0.0793464 ,
          0.        ,  0.09362486],
        [ 0.45137447,  0.63529429,  0.66748402, ..., -0.17232754,
         -0.09362486,  0.        ]]]), 'num': array([7.07106409e-01, 7.07106409e-01, 0.00000000e+00, 7.65843683e-05,
       7.65843683e-05, 7.43252424e-05, 1.00101869e-03, 1.80730073e-06,
       7.41896948e-05, 7.73694145e-05, 9.49680054e-05, 1.06270409e-06,
       8.43615735e-05, 7.03772556e-05])}
{'img': array([[[ 0.        ,  0.0998504 ,  0.21966042, ..., -0.99413814,
         -0.99997861, -0.99311213],
        [-0.0998504 ,  0.        ,  0.12115097, ..., -0.97837435,
         -0.99432811, -0.99984827],
        [-0.21966042, -0.12115097,  0.        , ..., -0.94610861,
         -0.97411885, -0.99459388],
        ...,
        [ 0.99413814,  0.97837435,  0.94610861, ...,  0.        ,
          0.10161287,  0.2238536 ],
        [ 0.99997861,  0.99432811,  0.97411885, ..., -0.10161287,
          0.        ,  0.12366072],
        [ 0.99311213,  0.99984827,  0.99459388, ..., -0.2238536 ,
         -0.12366072,  0.        ]],

       [[ 0.        ,  0.06024756,  0.53204659, ...,  0.02011936,
          0.04210057, -0.02972685],
        [-0.06024756,  0.        ,  0.48006759, ..., -0.04015255,
         -0.01817005, -0.08989378],
        [-0.53204659, -0.48006759,  0.        , ..., -0.51490353,
         -0.49592768, -0.55698163],
        ...,
        [-0.02011936,  0.04015255,  0.51490353, ...,  0.        ,
          0.02199052, -0.0498313 ],
        [-0.04210057,  0.01817005,  0.49592768, ..., -0.02199052,
          0.        , -0.07178245],
        [ 0.02972685,  0.08989378,  0.55698163, ...,  0.0498313 ,
          0.07178245,  0.        ]],

       [[ 0.        ,  0.00720512,  0.04847102, ..., -0.86083464,
         -0.73832668, -0.90748936],
        [-0.00720512,  0.        ,  0.04127311, ..., -0.85714572,
         -0.73344807, -0.90443911],
        [-0.04847102, -0.04127311,  0.        , ..., -0.83515665,
         -0.70476789, -0.88606122],
        ...,
        [ 0.86083464,  0.85714572,  0.83515665, ...,  0.        ,
         -0.20486092,  0.10019235],
        [ 0.73832668,  0.73344807,  0.70476789, ...,  0.20486092,
          0.        ,  0.30189746],
        [ 0.90748936,  0.90443911,  0.88606122, ..., -0.10019235,
         -0.30189746,  0.        ]],

       ...,

       [[ 0.        ,  0.31366473,  0.41594882, ...,  0.1248022 ,
          0.3756527 ,  0.38106836],
        [-0.31366473,  0.        ,  0.10971452, ..., -0.19270847,
          0.06600285,  0.07183954],
        [-0.41594882, -0.10971452,  0.        , ..., -0.29920316,
         -0.04387087, -0.03802518],
        ...,
        [-0.1248022 ,  0.19270847,  0.29920316, ...,  0.        ,
          0.25705396,  0.26270354],
        [-0.3756527 , -0.06600285,  0.04387087, ..., -0.25705396,
          0.        ,  0.00585058],
        [-0.38106836, -0.07183954,  0.03802518, ..., -0.26270354,
         -0.00585058,  0.        ]],

       [[ 0.        , -0.02278879, -0.03443709, ..., -0.94518909,
         -0.84439254, -0.55112165],
        [ 0.02278879,  0.        , -0.01165287, ..., -0.9523847 ,
         -0.85638178, -0.56999406],
        [ 0.03443709,  0.01165287,  0.        , ..., -0.95587298,
         -0.86234051, -0.57952993],
        ...,
        [ 0.94518909,  0.9523847 ,  0.95587298, ...,  0.        ,
         -0.23064739, -0.60873515],
        [ 0.84439254,  0.85638178,  0.86234051, ...,  0.23064739,
          0.        , -0.40933254],
        [ 0.55112165,  0.56999406,  0.57952993, ...,  0.60873515,
          0.40933254,  0.        ]],

       [[ 0.        , -0.05519033, -0.06143766, ..., -0.50885315,
         -0.5874487 , -0.64224854],
        [ 0.05519033,  0.        , -0.00625796, ..., -0.55558836,
         -0.63121674, -0.68357285],
        [ 0.06143766,  0.00625796,  0.        , ..., -0.56078071,
         -0.63605809, -0.68812704],
        ...,
        [ 0.50885315,  0.55558836,  0.56078071, ...,  0.        ,
          0.09391196,  0.16284767],
        [ 0.5874487 ,  0.63121674,  0.63605809, ..., -0.09391196,
          0.        ,  0.06946962],
        [ 0.64224854,  0.68357285,  0.68812704, ..., -0.16284767,
         -0.06946962,  0.        ]]]), 'num': array([7.07106091e-01, 7.07106091e-01, 0.00000000e+00, 7.87305025e-05,
       7.90693712e-05, 7.50029464e-05, 1.37906020e-03, 2.14616865e-06,
       7.57484576e-05, 7.71378194e-05, 9.44577769e-05, 1.21151808e-06,
       8.36081124e-05, 7.06675264e-05])}
{'img': array([[[ 0.        ,  0.12115097,  0.10845896, ..., -0.99432811,
         -0.99984827, -0.98968737],
        [-0.12115097,  0.        , -0.01277623, ..., -0.97411885,
         -0.99459388, -0.9997516 ],
        [-0.10845896,  0.01277623,  0.        , ..., -0.97692723,
         -0.9958394 , -0.99938525],
        ...,
        [ 0.99432811,  0.97411885,  0.97692723, ...,  0.        ,
          0.12366072,  0.24769099],
        [ 0.99984827,  0.99459388,  0.9958394 , ..., -0.12366072,
          0.        ,  0.12598251],
        [ 0.98968737,  0.9997516 ,  0.99938525, ..., -0.24769099,
         -0.12598251,  0.        ]],

       [[ 0.        ,  0.48006759,  0.48696931, ..., -0.01817005,
         -0.08989378,  0.01776384],
        [-0.48006759,  0.        ,  0.00788462, ..., -0.49592768,
         -0.55698163, -0.46440884],
        [-0.48696931, -0.00788462,  0.        , ..., -0.50275899,
         -0.56351269, -0.47137719],
        ...,
        [ 0.01817005,  0.49592768,  0.50275899, ...,  0.        ,
         -0.07178245,  0.0359281 ],
        [ 0.08989378,  0.55698163,  0.56351269, ...,  0.07178245,
          0.        ,  0.10757152],
        [-0.01776384,  0.46440884,  0.47137719, ..., -0.0359281 ,
         -0.10757152,  0.        ]],

       [[ 0.        ,  0.04127311,  0.17301922, ..., -0.73344807,
         -0.90443911, -0.96820619],
        [-0.04127311,  0.        ,  0.13222114, ..., -0.70476789,
         -0.88606122, -0.95705657],
        [-0.17301922, -0.13222114,  0.        , ..., -0.6047775 ,
         -0.8169883 , -0.91032278],
        ...,
        [ 0.73344807,  0.70476789,  0.6047775 , ...,  0.        ,
          0.30189746,  0.47465919],
        [ 0.90443911,  0.88606122,  0.8169883 , ..., -0.30189746,
          0.        ,  0.1867908 ],
        [ 0.96820619,  0.95705657,  0.91032278, ..., -0.47465919,
         -0.1867908 ,  0.        ]],

       ...,

       [[ 0.        ,  0.10971452, -0.03510956, ...,  0.06600285,
          0.07183954,  0.30566518],
        [-0.10971452,  0.        , -0.14454448, ..., -0.04387087,
         -0.03802518,  0.19935644],
        [ 0.03510956,  0.14454448,  0.        , ...,  0.10099516,
          0.1068141 ,  0.33890591],
        ...,
        [-0.06600285,  0.04387087, -0.10099516, ...,  0.        ,
          0.00585058,  0.24215476],
        [-0.07183954,  0.03802518, -0.1068141 , ..., -0.00585058,
          0.        ,  0.23647417],
        [-0.30566518, -0.19935644, -0.33890591, ..., -0.24215476,
         -0.23647417,  0.        ]],

       [[ 0.        , -0.011532  , -0.03958613, ..., -0.89255629,
         -0.76797901, -0.56513023],
        [ 0.011532  ,  0.        , -0.02806053, ..., -0.89769713,
         -0.7753139 , -0.57460657],
        [ 0.03958613,  0.02806053,  0.        , ..., -0.90970748,
         -0.79273096, -0.59734588],
        ...,
        [ 0.89255629,  0.89769713,  0.90970748, ...,  0.        ,
         -0.22535062, -0.4815229 ],
        [ 0.76797901,  0.7753139 ,  0.79273096, ...,  0.22535062,
          0.        , -0.2716322 ],
        [ 0.56513023,  0.57460657,  0.59734588, ...,  0.4815229 ,
          0.2716322 ,  0.        ]],

       [[ 0.        , -0.00625796, -0.0031389 , ..., -0.63121674,
         -0.68357285, -0.70380089],
        [ 0.00625796,  0.        ,  0.00311908, ..., -0.63605809,
         -0.68812704, -0.70823274],
        [ 0.0031389 , -0.00311908,  0.        , ..., -0.63364819,
         -0.68586051, -0.70602729],
        ...,
        [ 0.63121674,  0.63605809,  0.63364819, ...,  0.        ,
          0.06946962,  0.09745787],
        [ 0.68357285,  0.68812704,  0.68586051, ..., -0.06946962,
          0.        ,  0.0280835 ],
        [ 0.70380089,  0.70823274,  0.70602729, ..., -0.09745787,
         -0.0280835 ,  0.        ]]]), 'num': array([7.07105780e-01, 7.07105780e-01, 0.00000000e+00, 7.95211612e-05,
       8.01988984e-05, 7.74879497e-05, 1.66718825e-03, 7.90693365e-07,
       7.66294826e-05, 7.69796469e-05, 9.39268413e-05, 1.13719412e-06,
       8.30417229e-05, 7.09175708e-05])}
{'img': array([[[ 0.        , -0.01277623,  0.05284485, ..., -0.99459388,
         -0.9997516 , -0.99788376],
        [ 0.01277623,  0.        ,  0.06559891, ..., -0.9958394 ,
         -0.99938525, -0.99697157],
        [-0.05284485, -0.06559891,  0.        , ..., -0.98771669,
         -0.99953246, -0.99992559],
        ...,
        [ 0.99459388,  0.9958394 ,  0.98771669, ...,  0.        ,
          0.12598251,  0.16829306],
        [ 0.9997516 ,  0.99938525,  0.99953246, ..., -0.12598251,
          0.        ,  0.04276656],
        [ 0.99788376,  0.99697157,  0.99992559, ..., -0.16829306,
         -0.04276656,  0.        ]],

       [[ 0.        ,  0.00788462, -0.36774882, ..., -0.55698163,
         -0.46440884, -0.40596253],
        [-0.00788462,  0.        , -0.3750695 , ..., -0.56351269,
         -0.47137719, -0.41315559],
        [ 0.36774882,  0.3750695 ,  0.        , ..., -0.21252671,
         -0.10617941, -0.0414329 ],
        ...,
        [ 0.55698163,  0.56351269,  0.21252671, ...,  0.        ,
          0.10757152,  0.17185783],
        [ 0.46440884,  0.47137719,  0.10617941, ..., -0.10757152,
          0.        ,  0.06488955],
        [ 0.40596253,  0.41315559,  0.0414329 , ..., -0.17185783,
         -0.06488955,  0.        ]],

       [[ 0.        ,  0.13222114,  0.21260128, ..., -0.88606122,
         -0.95705657, -0.9774007 ],
        [-0.13222114,  0.        ,  0.08153625, ..., -0.8169883 ,
         -0.91032278, -0.94086847],
        [-0.21260128, -0.08153625,  0.        , ..., -0.76724981,
         -0.87354397, -0.91011352],
        ...,
        [ 0.88606122,  0.8169883 ,  0.76724981, ...,  0.        ,
          0.1867908 ,  0.26578297],
        [ 0.95705657,  0.91032278,  0.87354397, ..., -0.1867908 ,
          0.        ,  0.08103264],
        [ 0.9774007 ,  0.94086847,  0.91011352, ..., -0.26578297,
         -0.08103264,  0.        ]],

       ...,

       [[ 0.        , -0.14454448, -0.06927875, ..., -0.03802518,
          0.19935644,  0.07962016],
        [ 0.14454448,  0.        ,  0.07564598, ...,  0.1068141 ,
          0.33890591,  0.22286961],
        [ 0.06927875, -0.07564598,  0.        , ...,  0.03129483,
          0.26676558,  0.14848767],
        ...,
        [ 0.03802518, -0.1068141 , -0.03129483, ...,  0.        ,
          0.23647417,  0.11746704],
        [-0.19935644, -0.33890591, -0.26676558, ..., -0.23647417,
          0.        , -0.12070159],
        [-0.07962016, -0.22286961, -0.14848767, ..., -0.11746704,
          0.12070159,  0.        ]],

       [[ 0.        , -0.02784407, -0.04603761, ..., -0.82493471,
         -0.74753883, -0.57098584],
        [ 0.02784407,  0.        , -0.01820521, ..., -0.84035311,
         -0.76574353, -0.59362332],
        [ 0.04603761,  0.01820521,  0.        , ..., -0.85008178,
         -0.77732523, -0.60817546],
        ...,
        [ 0.82493471,  0.84035311,  0.85008178, ...,  0.        ,
         -0.12540667, -0.35450111],
        [ 0.74753883,  0.76574353,  0.77732523, ...,  0.12540667,
          0.        , -0.23444027],
        [ 0.57098584,  0.59362332,  0.60817546, ...,  0.35450111,
          0.23444027,  0.        ]],

       [[ 0.        ,  0.00311908,  0.01319176, ..., -0.68812704,
         -0.70823274, -0.72444503],
        [-0.00311908,  0.        ,  0.01007288, ..., -0.68586051,
         -0.70602729, -0.72229142],
        [-0.01319176, -0.01007288,  0.        , ..., -0.67849535,
         -0.69885801, -0.71528848],
        ...,
        [ 0.68812704,  0.68586051,  0.67849535, ...,  0.        ,
          0.0280835 ,  0.05130185],
        [ 0.70823274,  0.70602729,  0.69885801, ..., -0.0280835 ,
          0.        ,  0.0232351 ],
        [ 0.72444503,  0.72229142,  0.71528848, ..., -0.05130185,
         -0.0232351 ,  0.        ]]]), 'num': array([ 7.07106353e-01,  7.07106353e-01,  0.00000000e+00,  7.86175754e-05,
        8.05378322e-05,  7.71491436e-05,  1.07674451e-03, -9.03650292e-07,
        7.76461513e-05,  7.67763879e-05,  9.33433099e-05,  1.19789941e-06,
        8.23092170e-05,  7.12435588e-05])}
{'img': array([[[ 0.        ,  0.06559891,  0.18136455, ..., -0.99938525,
         -0.99697157, -0.9995849 ],
        [-0.06559891,  0.        ,  0.11646289, ..., -0.99953246,
         -0.99992559, -0.99932178],
        [-0.18136455, -0.11646289,  0.        , ..., -0.9891698 ,
         -0.99454189, -0.98823285],
        ...,
        [ 0.99938525,  0.99953246,  0.9891698 , ...,  0.        ,
          0.04276656, -0.00625186],
        [ 0.99697157,  0.99992559,  0.99454189, ..., -0.04276656,
          0.        , -0.04901186],
        [ 0.9995849 ,  0.99932178,  0.98823285, ...,  0.00625186,
          0.04901186,  0.        ]],

       [[ 0.        , -0.3750695 , -0.33343708, ..., -0.47137719,
         -0.41315559, -0.54285242],
        [ 0.3750695 ,  0.        ,  0.04451008, ..., -0.10617941,
         -0.0414329 , -0.18822849],
        [ 0.33343708, -0.04451008,  0.        , ..., -0.15033265,
         -0.0858637 , -0.23175643],
        ...,
        [ 0.47137719,  0.10617941,  0.15033265, ...,  0.        ,
          0.06488955, -0.08288295],
        [ 0.41315559,  0.0414329 ,  0.0858637 , ..., -0.06488955,
          0.        , -0.14737456],
        [ 0.54285242,  0.18822849,  0.23175643, ...,  0.08288295,
          0.14737456,  0.        ]],

       [[ 0.        ,  0.08153625,  0.21734448, ..., -0.91032278,
         -0.94086847, -0.9655868 ],
        [-0.08153625,  0.        ,  0.13703368, ..., -0.87354397,
         -0.91011352, -0.94116572],
        [-0.21734448, -0.13703368,  0.        , ..., -0.7986028 ,
         -0.84474673, -0.88597724],
        ...,
        [ 0.91032278,  0.87354397,  0.7986028 , ...,  0.        ,
          0.08103264,  0.1628978 ],
        [ 0.94086847,  0.91011352,  0.84474673, ..., -0.08103264,
          0.        ,  0.08241182],
        [ 0.9655868 ,  0.94116572,  0.88597724, ..., -0.1628978 ,
         -0.08241182,  0.        ]],

       ...,

       [[ 0.        ,  0.07564598,  0.25946385, ...,  0.33890591,
          0.22286961,  0.31762411],
        [-0.07564598,  0.        ,  0.18566509, ...,  0.26676558,
          0.14848767,  0.24498524],
        [-0.25946385, -0.18566509,  0.        , ...,  0.0831905 ,
         -0.03770092,  0.06071842],
        ...,
        [-0.33890591, -0.26676558, -0.0831905 , ...,  0.        ,
         -0.12070159, -0.02252905],
        [-0.22286961, -0.14848767,  0.03770092, ...,  0.12070159,
          0.        ,  0.09830662],
        [-0.31762411, -0.24498524, -0.06071842, ...,  0.02252905,
         -0.09830662,  0.        ]],

       [[ 0.        , -0.01802555, -0.07422776, ..., -0.83379756,
         -0.78122224, -0.58890794],
        [ 0.01802555,  0.        , -0.05623987, ..., -0.84361346,
         -0.79234782, -0.60338051],
        [ 0.07422776,  0.05623987,  0.        , ..., -0.87247631,
         -0.825404  , -0.64727421],
        ...,
        [ 0.83379756,  0.84361346,  0.87247631, ...,  0.        ,
         -0.08921102, -0.3487567 ],
        [ 0.78122224,  0.79234782,  0.825404  , ...,  0.08921102,
          0.        , -0.26375636],
        [ 0.58890794,  0.60338051,  0.64727421, ...,  0.3487567 ,
          0.26375636,  0.        ]],

       [[ 0.        ,  0.01007288,  0.16195475, ..., -0.70602729,
         -0.72229142, -0.74212768],
        [-0.01007288,  0.        ,  0.15200664, ..., -0.69885801,
         -0.71528848, -0.7353386 ],
        [-0.16195475, -0.15200664,  0.        , ..., -0.58201258,
         -0.60074976, -0.6237787 ],
        ...,
        [ 0.70602729,  0.69885801,  0.58201258, ...,  0.        ,
          0.0232351 ,  0.0523426 ],
        [ 0.72229142,  0.71528848,  0.60074976, ..., -0.0232351 ,
          0.        ,  0.02912523],
        [ 0.74212768,  0.7353386 ,  0.6237787 , ..., -0.0523426 ,
         -0.02912523,  0.        ]]]), 'num': array([7.74082137e-01, 6.33083424e-01, 4.00564527e-05, 8.68753626e-05,
       8.71221676e-05, 8.26796775e-05, 1.46982254e-03, 9.87220030e-07,
       8.58634621e-05, 8.37471091e-05, 1.01358703e-04, 1.34077461e-06,
       8.94055008e-05, 7.80887175e-05])}
{'img': array([[[ 0.        ,  0.11646289,  0.0137087 , ..., -0.99992559,
         -0.99932178, -0.99992559],
        [-0.11646289,  0.        , -0.10283654, ..., -0.99454189,
         -0.98823285, -0.99454189],
        [-0.0137087 ,  0.10283654,  0.        , ..., -0.99999886,
         -0.99872307, -0.99999886],
        ...,
        [ 0.99992559,  0.99454189,  0.99999886, ...,  0.        ,
         -0.04901186,  0.        ],
        [ 0.99932178,  0.98823285,  0.99872307, ...,  0.04901186,
          0.        ,  0.04901186],
        [ 0.99992559,  0.99454189,  0.99999886, ...,  0.        ,
         -0.04901186,  0.        ]],

       [[ 0.        ,  0.04451008, -0.09861608, ..., -0.0414329 ,
         -0.18822849, -0.1144447 ],
        [-0.04451008,  0.        , -0.14281147, ..., -0.0858637 ,
         -0.23175643, -0.15854892],
        [ 0.09861608,  0.14281147,  0.        , ...,  0.05730046,
         -0.09045764, -0.01591871],
        ...,
        [ 0.0414329 ,  0.0858637 , -0.05730046, ...,  0.        ,
         -0.14737456, -0.07318576],
        [ 0.18822849,  0.23175643,  0.09045764, ...,  0.14737456,
          0.        ,  0.07459273],
        [ 0.1144447 ,  0.15854892,  0.01591871, ...,  0.07318576,
         -0.07459273,  0.        ]],

       [[ 0.        ,  0.13703368,  0.21969403, ..., -0.91011352,
         -0.94116572, -0.96242323],
        [-0.13703368,  0.        ,  0.08393574, ..., -0.84474673,
         -0.88597724, -0.91613208],
        [-0.21969403, -0.08393574,  0.        , ..., -0.79684618,
         -0.84392736, -0.87925133],
        ...,
        [ 0.91011352,  0.84474673,  0.79684618, ...,  0.        ,
          0.08241182,  0.15164385],
        [ 0.94116572,  0.88597724,  0.84392736, ..., -0.08241182,
          0.        ,  0.06966926],
        [ 0.96242323,  0.91613208,  0.87925133, ..., -0.15164385,
         -0.06966926,  0.        ]],

       ...,

       [[ 0.        ,  0.18566509,  0.12063604, ...,  0.14848767,
          0.24498524,  0.29202855],
        [-0.18566509,  0.        , -0.06577059, ..., -0.03770092,
          0.06071842,  0.1093792 ],
        [-0.12063604,  0.06577059,  0.        , ...,  0.02810454,
          0.12623619,  0.17451834],
        ...,
        [-0.14848767,  0.03770092, -0.02810454, ...,  0.        ,
          0.09830662,  0.14677616],
        [-0.24498524, -0.06071842, -0.12623619, ..., -0.09830662,
          0.        ,  0.04882327],
        [-0.29202855, -0.1093792 , -0.17451834, ..., -0.14677616,
         -0.04882327,  0.        ]],

       [[ 0.        , -0.05588322, -0.06464472, ..., -0.83322337,
         -0.75571888, -0.60034905],
        [ 0.05588322,  0.        , -0.00877737, ..., -0.86282118,
         -0.79113563, -0.64410283],
        [ 0.06464472,  0.00877737,  0.        , ..., -0.86722498,
         -0.79647375, -0.65079217],
        ...,
        [ 0.83322337,  0.86282118,  0.86722498, ...,  0.        ,
         -0.12781021, -0.33440555],
        [ 0.75571888,  0.79113563,  0.79647375, ...,  0.12781021,
          0.        , -0.21121089],
        [ 0.60034905,  0.64410283,  0.65079217, ...,  0.33440555,
          0.21121089,  0.        ]],

       [[ 0.        ,  0.15200664,  0.20501521, ..., -0.71528848,
         -0.7353386 , -0.74892296],
        [-0.15200664,  0.        ,  0.05385499, ..., -0.60074976,
         -0.6237787 , -0.63949181],
        [-0.20501521, -0.05385499,  0.        , ..., -0.55682426,
         -0.58078033, -0.59716015],
        ...,
        [ 0.71528848,  0.60074976,  0.55682426, ...,  0.        ,
          0.02912523,  0.04937834],
        [ 0.7353386 ,  0.6237787 ,  0.58078033, ..., -0.02912523,
          0.        ,  0.02026769],
        [ 0.74892296,  0.63949181,  0.59716015, ..., -0.04937834,
         -0.02026769,  0.        ]]]), 'num': array([7.73571311e-01, 6.33707158e-01, 3.97341345e-05, 8.68182207e-05,
       8.70648634e-05, 8.47217580e-05, 1.61311707e-03, 0.00000000e+00,
       8.64482567e-05, 8.38276783e-05, 1.00654875e-04, 1.15892340e-06,
       8.96433614e-05, 7.80119952e-05])}
{'img': array([[[ 0.        , -0.10283654, -0.38612244, ..., -0.98823285,
         -0.99454189, -0.99454189],
        [ 0.10283654,  0.        , -0.28921401, ..., -0.99872307,
         -0.99999886, -0.99999886],
        [ 0.38612244,  0.28921401,  0.        , ..., -0.97065309,
         -0.95769998, -0.95769998],
        ...,
        [ 0.98823285,  0.99872307,  0.97065309, ...,  0.        ,
          0.04901186,  0.04901186],
        [ 0.99454189,  0.99999886,  0.95769998, ..., -0.04901186,
          0.        ,  0.        ],
        [ 0.99454189,  0.99999886,  0.95769998, ..., -0.04901186,
          0.        ,  0.        ]],

       [[ 0.        , -0.14281147,  0.10414452, ..., -0.23175643,
         -0.15854892, -0.1272073 ],
        [ 0.14281147,  0.        ,  0.24511191, ..., -0.09045764,
         -0.01591871,  0.01574788],
        [-0.10414452, -0.24511191,  0.        , ..., -0.33180524,
         -0.26051397, -0.22981403],
        ...,
        [ 0.23175643,  0.09045764,  0.33180524, ...,  0.        ,
          0.07459273,  0.10612974],
        [ 0.15854892,  0.01591871,  0.26051397, ..., -0.07459273,
          0.        ,  0.03166262],
        [ 0.1272073 , -0.01574788,  0.22981403, ..., -0.10612974,
         -0.03166262,  0.        ]],

       [[ 0.        ,  0.08393574, -0.02233159, ..., -0.88597724,
         -0.91613208, -0.93162293],
        [-0.08393574,  0.        , -0.10616759, ..., -0.84392736,
         -0.87925133, -0.89783092],
        [ 0.02233159,  0.10616759,  0.        , ..., -0.89611209,
         -0.92485582, -0.93950648],
        ...,
        [ 0.88597724,  0.84392736,  0.89611209, ...,  0.        ,
          0.06966926,  0.11003283],
        [ 0.91613208,  0.87925133,  0.92485582, ..., -0.06966926,
          0.        ,  0.04051924],
        [ 0.93162293,  0.89783092,  0.93950648, ..., -0.11003283,
         -0.04051924,  0.        ]],

       ...,

       [[ 0.        , -0.06577059, -0.25034085, ...,  0.06071842,
          0.1093792 , -0.15665882],
        [ 0.06577059,  0.        , -0.18612249, ...,  0.12623619,
          0.17451834, -0.09136111],
        [ 0.25034085,  0.18612249,  0.        , ...,  0.30866396,
          0.35473515,  0.09557938],
        ...,
        [-0.06071842, -0.12623619, -0.30866396, ...,  0.        ,
          0.04882327, -0.21633849],
        [-0.1093792 , -0.17451834, -0.35473515, ..., -0.04882327,
          0.        , -0.26374755],
        [ 0.15665882,  0.09136111, -0.09557938, ...,  0.21633849,
          0.26374755,  0.        ]],

       [[ 0.        , -0.00877737, -0.01141342, ..., -0.79113563,
         -0.64410283, -0.75861658],
        [ 0.00877737,  0.        , -0.00263618, ..., -0.79647375,
         -0.65079217, -0.76430614],
        [ 0.01141342,  0.00263618,  0.        , ..., -0.79806501,
         -0.65279145, -0.76600343],
        ...,
        [ 0.79113563,  0.79647375,  0.79806501, ...,  0.        ,
         -0.21121089, -0.05145358],
        [ 0.64410283,  0.65079217,  0.65279145, ...,  0.21121089,
          0.        ,  0.16063831],
        [ 0.75861658,  0.76430614,  0.76600343, ...,  0.05145358,
         -0.16063831,  0.        ]],

       [[ 0.        ,  0.05385499, -0.14873599, ..., -0.6237787 ,
         -0.63949181, -0.63796821],
        [-0.05385499,  0.        , -0.2017761 , ..., -0.58078033,
         -0.59716015, -0.59557065],
        [ 0.14873599,  0.2017761 ,  0.        , ..., -0.73309257,
         -0.74672663, -0.74540809],
        ...,
        [ 0.6237787 ,  0.58078033,  0.73309257, ...,  0.        ,
          0.02026769,  0.01828789],
        [ 0.63949181,  0.59716015,  0.74672663, ..., -0.02026769,
          0.        , -0.00198016],
        [ 0.63796821,  0.59557065,  0.74540809, ..., -0.01828789,
          0.00198016,  0.        ]]]), 'num': array([7.61244013e-01, 6.48464134e-01, 3.20397384e-05, 8.54393023e-05,
       8.66529287e-05, 8.42256758e-05, 1.32651799e-03, 0.00000000e+00,
       8.52451220e-05, 8.25387351e-05, 9.83967874e-05, 1.37192556e-06,
       8.83357041e-05, 7.67417660e-05])}
{'img': array([[[ 0.        , -0.28921401, -0.41892906, ..., -0.99999886,
         -0.99999886, -0.99999886],
        [ 0.28921401,  0.        , -0.1384141 , ..., -0.95769998,
         -0.95769998, -0.95769998],
        [ 0.41892906,  0.1384141 ,  0.        , ..., -0.90865036,
         -0.90865036, -0.90865036],
        ...,
        [ 0.99999886,  0.95769998,  0.90865036, ...,  0.        ,
          0.        ,  0.        ],
        [ 0.99999886,  0.95769998,  0.90865036, ...,  0.        ,
          0.        ,  0.        ],
        [ 0.99999886,  0.95769998,  0.90865036, ...,  0.        ,
          0.        ,  0.        ]],

       [[ 0.        ,  0.24511191,  0.26948825, ..., -0.01591871,
          0.01574788, -0.04469096],
