state_0,state_1,state_2,state_3,state_4,state_5,state_6,state_7,state_8,state_9,state_10,state_11,state_12,state_13,state_14,state_15,state_16,state_17,state_18,state_19,state_20,state_21,state_22,state_23,state_24,state_25,state_26,state_27,state_28,state_29,state_30,state_31,state_32,state_33,state_34,state_35,state_36,state_37,state_38,state_39,state_40,state_41,state_42,state_43,state_44,state_45,state_46,state_47,state_48,state_49,state_50,state_51,state_52,state_53,state_54,state_55,state_56,state_57,state_58,state_59,state_60,state_61,state_62,state_63,state_64,state_65,state_66,state_67,state_68,state_69,state_70,state_71,state_72,state_73,state_74,state_75,state_76,state_77,state_78,state_79,state_80,state_81,state_82,state_83,state_84,state_85,state_86,state_87,state_88,state_89,state_90,state_91,state_92,state_93,state_94,state_95,state_96,state_97,state_98,state_99,state_100,state_101,state_102,state_103,state_104,state_105,state_106,state_107,state_108,state_109,state_110,state_111,state_112,state_113,state_114,state_115,state_116,state_117,state_118,state_119,state_120,state_121,state_122,state_123,state_124,state_125,state_126,state_127,state_128,state_129,state_130,state_131,state_132,state_133,state_134,state_135,state_136,state_137,state_138,state_139,state_140,state_141,state_142,state_143,state_144,state_145,state_146,state_147,state_148,state_149,state_150,state_151,state_152,state_153,state_154,state_155,state_156,state_157,state_158,state_159,state_160,state_161,state_162,state_163,state_164,state_165,state_166,state_167,state_168,state_169,state_170,state_171,state_172,state_173,state_174,state_175,state_176,state_177,state_178,state_179,state_180,state_181,state_182,state_183,state_184,state_185,state_186,state_187,state_188,state_189,state_190,state_191,state_192,state_193,state_194,state_195,state_196,state_197,state_198,state_199,state_200,state_201,state_202,state_203,state_204,state_205,state_206,state_207,state_208,state_209,state_210,state_211,state_212,state_213,state_214,state_215,state_216,state_217,state_218,state_219,state_220,state_221,state_222,state_223,state_224,state_225,state_226,state_227,state_228,state_229,state_230,state_231,state_232,state_233,state_234,state_235,state_236,state_237,state_238,state_239,state_240,state_241,state_242,state_243,state_244,state_245,state_246,state_247,state_248,state_249,state_250,state_251,state_252,state_253,state_254,state_255,state_256,state_257,state_258,state_259,state_260,state_261,state_262,state_263,state_264,state_265,state_266,state_267,state_268,state_269,state_270,state_271,state_272,state_273,state_274,state_275,state_276,state_277,state_278,state_279,state_280,state_281,state_282,state_283,state_284,state_285,state_286,state_287
{'img': array([[[ 0.        , -0.13176753,  0.        , ...,  0.90513533,
          0.81918497,  0.98245989],
        [ 0.13176753,  0.        ,  0.13176753, ...,  0.84122565,
          0.73646965,  0.94932226],
        [ 0.        , -0.13176753,  0.        , ...,  0.90513533,
          0.81918497,  0.98245989],
        ...,
        [-0.90513533, -0.84122565, -0.90513533, ...,  0.        ,
          0.17086691, -0.24888263],
        [-0.81918497, -0.73646965, -0.81918497, ..., -0.17086691,
          0.        , -0.41071294],
        [-0.98245989, -0.94932226, -0.98245989, ...,  0.24888263,
          0.41071294,  0.        ]],

       [[ 0.        , -0.01935169, -0.11130255, ...,  0.3588658 ,
          0.43138076,  0.08502019],
        [ 0.01935169,  0.        , -0.09205025, ...,  0.37686125,
          0.44875849,  0.10428589],
        [ 0.11130255,  0.09205025,  0.        , ...,  0.4605246 ,
          0.52911422,  0.19539147],
        ...,
        [-0.3588658 , -0.37686125, -0.4605246 , ...,  0.        ,
          0.07888818, -0.2782095 ],
        [-0.43138076, -0.44875849, -0.52911422, ..., -0.07888818,
          0.        , -0.35311616],
        [-0.08502019, -0.10428589, -0.19539147, ...,  0.2782095 ,
          0.35311616,  0.        ]],

       [[ 0.        , -0.01604187,  0.0198137 , ...,  0.99065313,
          0.99768567,  0.83147942],
        [ 0.01604187,  0.        ,  0.03584988, ...,  0.99271385,
          0.99646653,  0.82246027],
        [-0.0198137 , -0.03584988,  0.        , ...,  0.98775596,
          0.99883705,  0.8423238 ],
        ...,
        [-0.99065313, -0.99271385, -0.98775596, ...,  0.        ,
          0.2034488 ,  0.66378095],
        [-0.99768567, -0.99646653, -0.99883705, ..., -0.2034488 ,
          0.        ,  0.49773351],
        [-0.83147942, -0.82246027, -0.8423238 , ..., -0.66378095,
         -0.49773351,  0.        ]],

       ...,

       [[ 0.        , -0.25838695, -0.08970594, ..., -0.3138613 ,
         -0.3138613 , -0.324922  ],
        [ 0.25838695,  0.        ,  0.17068555, ..., -0.05787268,
         -0.05787268, -0.06952105],
        [ 0.08970594, -0.17068555,  0.        , ..., -0.22742291,
         -0.22742291, -0.23877344],
        ...,
        [ 0.3138613 ,  0.05787268,  0.22742291, ...,  0.        ,
          0.        , -0.01167188],
        [ 0.3138613 ,  0.05787268,  0.22742291, ...,  0.        ,
          0.        , -0.01167188],
        [ 0.324922  ,  0.06952105,  0.23877344, ...,  0.01167188,
          0.01167188,  0.        ]],

       [[ 0.        ,  0.01355096,  0.03799467, ...,  0.97791377,
          0.91313837,  0.73866735],
        [-0.01355096,  0.        ,  0.02445001, ...,  0.98065625,
          0.91857858,  0.74773383],
        [-0.03799467, -0.02445001,  0.        , ...,  0.98514888,
          0.92796755,  0.76374507],
        ...,
        [-0.97791377, -0.98065625, -0.98514888, ...,  0.        ,
          0.20779238,  0.50479453],
        [-0.91313837, -0.91857858, -0.92796755, ..., -0.20779238,
          0.        ,  0.31440175],
        [-0.73866735, -0.74773383, -0.76374507, ..., -0.50479453,
         -0.31440175,  0.        ]],

       [[ 0.        ,  0.01094042,  0.05715858, ...,  0.98327507,
          0.98618155,  0.98949833],
        [-0.01094042,  0.        ,  0.04623262, ...,  0.98520877,
          0.98793501,  0.99102048],
        [-0.05715858, -0.04623262,  0.        , ...,  0.99207763,
          0.99403861,  0.99614256],
        ...,
        [-0.98327507, -0.98520877, -0.99207763, ...,  0.        ,
         -0.01671261, -0.03808724],
        [-0.98618155, -0.98793501, -0.99403861, ...,  0.01671261,
          0.        , -0.02138144],
        [-0.98949833, -0.99102048, -0.99614256, ...,  0.03808724,
          0.02138144,  0.        ]]]), 'num': array([9.05069843e-01, 4.25256637e-01, 7.01481295e-06, 6.86428048e-04,
       6.89438698e-04, 6.64349953e-04, 1.35617710e-03, 4.01419911e-06,
       6.86227338e-04, 6.56622620e-04, 6.13570334e-04, 5.75900725e-07,
       7.01219541e-04, 6.12025699e-04])}
{'img': array([[[ 0.        ,  0.13176753,  0.05833977, ...,  0.73646965,
          0.94932226,  0.87766614],
        [-0.13176753,  0.        , -0.07371202, ...,  0.81918497,
          0.98245989,  0.93316602],
        [-0.05833977,  0.07371202,  0.        , ...,  0.77468042,
          0.96604181,  0.90413194],
        ...,
        [-0.73646965, -0.81918497, -0.77468042, ...,  0.        ,
         -0.41071294, -0.24074567],
        [-0.94932226, -0.98245989, -0.96604181, ...,  0.41071294,
          0.        ,  0.17912975],
        [-0.87766614, -0.93316602, -0.90413194, ...,  0.24074567,
         -0.17912975,  0.        ]],

       [[ 0.        , -0.09205025, -0.18163227, ...,  0.44875849,
          0.10428589,  0.16994547],
        [ 0.09205025,  0.        , -0.09034199, ...,  0.52911422,
          0.19539147,  0.25993518],
        [ 0.18163227,  0.09034199,  0.        , ...,  0.60361031,
          0.28319315,  0.34610883],
        ...,
        [-0.44875849, -0.52911422, -0.60361031, ...,  0.        ,
         -0.35311616, -0.29035832],
        [-0.10428589, -0.19539147, -0.28319315, ...,  0.35311616,
          0.        ,  0.06624992],
        [-0.16994547, -0.25993518, -0.34610883, ...,  0.29035832,
         -0.06624992,  0.        ]],

       [[ 0.        ,  0.03447941, -0.051416  , ...,  0.99710174,
          0.9895643 ,  0.80418153],
        [-0.03447941,  0.        , -0.08581924, ...,  0.99388569,
          0.99394412,  0.82419737],
        [ 0.051416  ,  0.08581924,  0.        , ...,  0.99969461,
          0.98084679,  0.77255702],
        ...,
        [-0.99710174, -0.99388569, -0.99969461, ...,  0.        ,
          0.2189601 ,  0.65384298],
        [-0.9895643 , -0.99394412, -0.98084679, ..., -0.2189601 ,
          0.        ,  0.47230487],
        [-0.80418153, -0.82419737, -0.77255702, ..., -0.65384298,
         -0.47230487,  0.        ]],

       ...,

       [[ 0.        ,  0.17068555,  0.02260342, ..., -0.05787268,
         -0.06952105, -0.07807555],
        [-0.17068555,  0.        , -0.14837021, ..., -0.22742291,
         -0.23877344, -0.24709436],
        [-0.02260342,  0.14837021,  0.        , ..., -0.08042343,
         -0.09205202, -0.10059002],
        ...,
        [ 0.05787268,  0.22742291,  0.08042343, ...,  0.        ,
         -0.01167188, -0.02024867],
        [ 0.06952105,  0.23877344,  0.09205202, ...,  0.01167188,
          0.        , -0.00857781],
        [ 0.07807555,  0.24709436,  0.10059002, ...,  0.02024867,
          0.00857781,  0.        ]],

       [[ 0.        ,  0.02402806,  0.03358365, ...,  0.96272332,
          0.92111798,  0.73912377],
        [-0.02402806,  0.        ,  0.00955946, ...,  0.96894467,
          0.93020577,  0.75509495],
        [-0.03358365, -0.00955946,  0.        , ...,  0.97126424,
          0.93367195,  0.76132777],
        ...,
        [-0.96272332, -0.96894467, -0.97126424, ...,  0.        ,
          0.12562089,  0.44853701],
        [-0.92111798, -0.93020577, -0.93367195, ..., -0.12562089,
          0.        ,  0.33270838],
        [-0.73912377, -0.75509495, -0.76132777, ..., -0.44853701,
         -0.33270838,  0.        ]],

       [[ 0.        ,  0.04623262,  0.09509219, ...,  0.98793501,
          0.99102048,  0.99390506],
        [-0.04623262,  0.        ,  0.04896739, ...,  0.99403861,
          0.99614256,  0.99793893],
        [-0.09509219, -0.04896739,  0.        , ...,  0.99818499,
          0.99924443,  0.99988406],
        ...,
        [-0.98793501, -0.99403861, -0.99818499, ...,  0.        ,
         -0.02138144, -0.04501569],
        [-0.99102048, -0.99614256, -0.99924443, ...,  0.02138144,
          0.        , -0.02364564],
        [-0.99390506, -0.99793893, -0.99988406, ...,  0.04501569,
          0.02364564,  0.        ]]]), 'num': array([ 7.07105258e-01,  7.07105258e-01,  0.00000000e+00,  6.45950209e-04,
        6.64105614e-04,  6.41172470e-04,  1.04529268e-03, -7.64438117e-06,
        6.51874604e-04,  6.25644821e-04,  5.85878113e-04,  5.71066936e-07,
        6.68760567e-04,  5.82529076e-04])}
{'img': array([[[ 0.        , -0.07371202,  0.        , ...,  0.98245989,
          0.93316602,  0.99810298],
        [ 0.07371202,  0.        ,  0.07371202, ...,  0.96604181,
          0.90413194,  0.99084952],
        [ 0.        , -0.07371202,  0.        , ...,  0.98245989,
          0.93316602,  0.99810298],
        ...,
        [-0.98245989, -0.96604181, -0.98245989, ...,  0.        ,
          0.17912975, -0.12563361],
        [-0.93316602, -0.90413194, -0.93316602, ..., -0.17912975,
          0.        , -0.301312  ],
        [-0.99810298, -0.99084952, -0.99810298, ...,  0.12563361,
          0.301312  ,  0.        ]],

       [[ 0.        , -0.09034199, -0.05452938, ...,  0.19539147,
          0.25993518,  0.15304544],
        [ 0.09034199,  0.        ,  0.03590118, ...,  0.28319315,
          0.34610883,  0.24169729],
        [ 0.05452938, -0.03590118,  0.        , ...,  0.2485791 ,
          0.31220343,  0.2067047 ],
        ...,
        [-0.19539147, -0.28319315, -0.2485791 , ...,  0.        ,
          0.06624992, -0.04299406],
        [-0.25993518, -0.34610883, -0.31220343, ..., -0.06624992,
          0.        , -0.10908826],
        [-0.15304544, -0.24169729, -0.2067047 , ...,  0.04299406,
          0.10908826,  0.        ]],

       [[ 0.        , -0.08581924, -0.13083247, ...,  0.99394412,
          0.82419737,  0.92936283],
        [ 0.08581924,  0.        , -0.04526821, ...,  0.98084679,
          0.77255702,  0.89425247],
        [ 0.13083247,  0.04526821,  0.        , ...,  0.97102392,
          0.7430222 ,  0.87307537],
        ...,
        [-0.99394412, -0.98084679, -0.97102392, ...,  0.        ,
          0.47230487,  0.26480737],
        [-0.82419737, -0.77255702, -0.7430222 , ..., -0.47230487,
          0.        , -0.22203366],
        [-0.92936283, -0.89425247, -0.87307537, ..., -0.26480737,
          0.22203366,  0.        ]],

       ...,

       [[ 0.        , -0.14837021, -0.19276473, ..., -0.23877344,
         -0.24709436, -0.16400791],
        [ 0.14837021,  0.        , -0.04504366, ..., -0.09205202,
         -0.10059002, -0.01583151],
        [ 0.19276473,  0.04504366,  0.        , ..., -0.04710618,
         -0.05567273,  0.02922257],
        ...,
        [ 0.23877344,  0.09205202,  0.04710618, ...,  0.        ,
         -0.00857781,  0.07627619],
        [ 0.24709436,  0.10059002,  0.05567273, ...,  0.00857781,
          0.        ,  0.0848262 ],
        [ 0.16400791,  0.01583151, -0.02922257, ..., -0.07627619,
         -0.0848262 ,  0.        ]],

       [[ 0.        ,  0.00950774,  0.01491339, ...,  0.94568403,
          0.86291188,  0.75241358],
        [-0.00950774,  0.        ,  0.00540604, ...,  0.94873213,
          0.86767765,  0.75864223],
        [-0.01491339, -0.00540604,  0.        , ...,  0.95042701,
          0.87035246,  0.76215322],
        ...,
        [-0.94568403, -0.94873213, -0.95042701, ...,  0.        ,
          0.19738394,  0.37831347],
        [-0.86291188, -0.86767765, -0.87035246, ..., -0.19738394,
          0.        ,  0.18815674],
        [-0.75241358, -0.75864223, -0.76215322, ..., -0.37831347,
         -0.18815674,  0.        ]],

       [[ 0.        ,  0.04896739,  0.12068858, ...,  0.99614256,
          0.99793893,  0.99841565],
        [-0.04896739,  0.        ,  0.07193434, ...,  0.99924443,
          0.99988406,  0.99997327],
        [-0.12068858, -0.07193434,  0.        , ...,  0.99945156,
          0.99838909,  0.99790866],
        ...,
        [-0.99614256, -0.99924443, -0.99945156, ...,  0.        ,
         -0.02364564, -0.03155879],
        [-0.99793893, -0.99988406, -0.99838909, ...,  0.02364564,
          0.        , -0.00791611],
        [-0.99841565, -0.99997327, -0.99790866, ...,  0.03155879,
          0.00791611,  0.        ]]]), 'num': array([7.07105411e-01, 7.07105411e-01, 0.00000000e+00, 6.54550279e-04,
       6.58372471e-04, 6.37350418e-04, 8.09444586e-04, 8.59993068e-06,
       6.51874745e-04, 6.26409395e-04, 5.87566375e-04, 6.44848244e-07,
       6.70981273e-04, 5.81837517e-04])}
{'img': array([[[ 0.        ,  0.07371202,  0.07371202, ...,  0.90413194,
          0.99084952,  0.87133626],
        [-0.07371202,  0.        ,  0.        , ...,  0.93316602,
          0.99810298,  0.90513533],
        [-0.07371202,  0.        ,  0.        , ...,  0.93316602,
          0.99810298,  0.90513533],
        ...,
        [-0.90413194, -0.93316602, -0.93316602, ...,  0.        ,
         -0.301312  ,  0.07136388],
        [-0.99084952, -0.99810298, -0.99810298, ...,  0.301312  ,
          0.        ,  0.36859104],
        [-0.87133626, -0.90513533, -0.90513533, ..., -0.07136388,
         -0.36859104,  0.        ]],

       [[ 0.        ,  0.03590118,  0.04612145, ...,  0.34610883,
          0.24169729,  0.11759355],
        [-0.03590118,  0.        ,  0.01022874, ...,  0.31220343,
          0.2067047 ,  0.08186565],
        [-0.04612145, -0.01022874,  0.        , ...,  0.30246963,
          0.19668606,  0.07166696],
        ...,
        [-0.34610883, -0.31220343, -0.30246963, ...,  0.        ,
         -0.10908826, -0.23338186],
        [-0.24169729, -0.2067047 , -0.19668606, ...,  0.10908826,
          0.        , -0.12591324],
        [-0.11759355, -0.08186565, -0.07166696, ...,  0.23338186,
          0.12591324,  0.        ]],

       [[ 0.        , -0.04526821, -0.04526821, ...,  0.77255702,
          0.89425247,  0.89425247],
        [ 0.04526821,  0.        ,  0.        , ...,  0.7430222 ,
          0.87307537,  0.87307537],
        [ 0.04526821,  0.        ,  0.        , ...,  0.7430222 ,
          0.87307537,  0.87307537],
        ...,
        [-0.77255702, -0.7430222 , -0.7430222 , ...,  0.        ,
         -0.22203366, -0.22203366],
        [-0.89425247, -0.87307537, -0.87307537, ...,  0.22203366,
          0.        ,  0.        ],
        [-0.89425247, -0.87307537, -0.87307537, ...,  0.22203366,
          0.        ,  0.        ]],

       ...,

       [[ 0.        , -0.04504366, -0.12605025, ..., -0.10059002,
         -0.01583151,  0.26704789],
        [ 0.04504366,  0.        , -0.08123792, ..., -0.05567273,
          0.02922257,  0.31018466],
        [ 0.12605025,  0.08123792,  0.        , ...,  0.02562321,
          0.11032921,  0.38639039],
        ...,
        [ 0.10059002,  0.05567273, -0.02562321, ...,  0.        ,
          0.0848262 ,  0.36263033],
        [ 0.01583151, -0.02922257, -0.11032921, ..., -0.0848262 ,
          0.        ,  0.28227098],
        [-0.26704789, -0.31018466, -0.38639039, ..., -0.36263033,
         -0.28227098,  0.        ]],

       [[ 0.        ,  0.00534695,  0.00908184, ...,  0.92522349,
          0.90099348,  0.75321043],
        [-0.00534695,  0.        ,  0.00373498, ...,  0.92723902,
          0.90330028,  0.75671678],
        [-0.00908184, -0.00373498,  0.        , ...,  0.92863119,
          0.90489632,  0.75915322],
        ...,
        [-0.92522349, -0.92723902, -0.92863119, ...,  0.        ,
          0.05953487,  0.32280812],
        [-0.90099348, -0.90330028, -0.90489632, ..., -0.05953487,
          0.        ,  0.2658879 ],
        [-0.75321043, -0.75671678, -0.75915322, ..., -0.32280812,
         -0.2658879 ,  0.        ]],

       [[ 0.        ,  0.07193434,  0.13500163, ...,  0.99988406,
          0.99997327,  0.99985813],
        [-0.07193434,  0.        ,  0.06337608, ...,  0.99838909,
          0.99790866,  0.9960562 ],
        [-0.13500163, -0.06337608,  0.        , ...,  0.9927862 ,
          0.99180597,  0.98843083],
        ...,
        [-0.99988406, -0.99838909, -0.9927862 , ...,  0.        ,
         -0.00791611, -0.03206722],
        [-0.99997327, -0.99790866, -0.99180597, ...,  0.00791611,
          0.        , -0.02415417],
        [-0.99985813, -0.9960562 , -0.98843083, ...,  0.03206722,
          0.02415417,  0.        ]]]), 'num': array([9.63628538e-01, 2.67214415e-01, 9.90631753e-06, 8.98598868e-04,
       9.06268275e-04, 8.71755943e-04, 3.25396327e-03, 2.30082214e-05,
       8.76357587e-04, 8.40886579e-04, 7.88713307e-04, 8.82056570e-07,
       9.06120511e-04, 7.75652647e-04])}
{'img': array([[[ 0.        ,  0.        , -0.28237435, ...,  0.9806256 ,
          0.99954093,  0.78387787],
        [ 0.        ,  0.        , -0.28237435, ...,  0.9806256 ,
          0.99954093,  0.78387787],
        [ 0.28237435,  0.28237435,  0.        , ...,  0.99603305,
          0.96741912,  0.57664693],
        ...,
        [-0.9806256 , -0.9806256 , -0.99603305, ...,  0.        ,
          0.16609099,  0.76244008],
        [-0.99954093, -0.99954093, -0.96741912, ..., -0.16609099,
          0.        ,  0.64437948],
        [-0.78387787, -0.78387787, -0.57664693, ..., -0.76244008,
         -0.64437948,  0.        ]],

       [[ 0.        ,  0.01022874,  0.39353735, ...,  0.2067047 ,
          0.08186565,  0.64919444],
        [-0.01022874,  0.        ,  0.38411339, ...,  0.19668606,
          0.07166696,  0.64138027],
        [-0.39353735, -0.38411339,  0.        , ..., -0.19501285,
         -0.31695659,  0.29747669],
        ...,
        [-0.2067047 , -0.19668606,  0.19501285, ...,  0.        ,
         -0.12591324,  0.47794979],
        [-0.08186565, -0.07166696,  0.31695659, ...,  0.12591324,
          0.        ,  0.58474648],
        [-0.64919444, -0.64138027, -0.29747669, ..., -0.47794979,
         -0.58474648,  0.        ]],

       [[ 0.        ,  0.        , -0.03383707, ...,  0.91530483,
          0.91530483,  0.73887168],
        [ 0.        ,  0.        , -0.03383707, ...,  0.91530483,
          0.91530483,  0.73887168],
        [ 0.03383707,  0.03383707,  0.        , ...,  0.90115241,
          0.90115241,  0.71564759],
        ...,
        [-0.91530483, -0.91530483, -0.90115241, ...,  0.        ,
          0.        ,  0.31918535],
        [-0.91530483, -0.91530483, -0.90115241, ...,  0.        ,
          0.        ,  0.31918535],
        [-0.73887168, -0.73887168, -0.71564759, ..., -0.31918535,
         -0.31918535,  0.        ]],

       ...,

       [[ 0.        , -0.08123792, -0.39860587, ...,  0.02922257,
          0.31018466,  0.36658915],
        [ 0.08123792,  0.        , -0.32278326, ...,  0.11032921,
          0.38639039,  0.44095985],
        [ 0.39860587,  0.32278326,  0.        , ...,  0.42523631,
          0.66342244,  0.70706319],
        ...,
        [-0.02922257, -0.11032921, -0.42523631, ...,  0.        ,
          0.28227098,  0.33924441],
        [-0.31018466, -0.38639039, -0.66342244, ..., -0.28227098,
          0.        ,  0.05991711],
        [-0.36658915, -0.44095985, -0.70706319, ..., -0.33924441,
         -0.05991711,  0.        ]],

       [[ 0.        ,  0.00362311, -0.02294716, ...,  0.97715172,
          0.95890152,  0.74164061],
        [-0.00362311,  0.        , -0.02656917, ...,  0.97791538,
          0.95992325,  0.74406612],
        [ 0.02294716,  0.02656917,  0.        , ...,  0.97201716,
          0.95213802,  0.72605243],
        ...,
        [-0.97715172, -0.97791538, -0.97201716, ...,  0.        ,
          0.07344837,  0.49784038],
        [-0.95890152, -0.95992325, -0.95213802, ..., -0.07344837,
          0.        ,  0.43279624],
        [-0.74164061, -0.74406612, -0.72605243, ..., -0.49784038,
         -0.43279624,  0.        ]],

       [[ 0.        ,  0.06337608,  0.13130636, ...,  0.99790866,
          0.9960562 ,  0.9880366 ],
        [-0.06337608,  0.        ,  0.06821504, ...,  0.99180597,
          0.98843083,  0.97627654],
        [-0.13130636, -0.06821504,  0.        , ...,  0.980781  ,
          0.97578209,  0.95923201],
        ...,
        [-0.99790866, -0.99180597, -0.980781  , ...,  0.        ,
         -0.02415417, -0.09003059],
        [-0.9960562 , -0.98843083, -0.97578209, ...,  0.02415417,
          0.        , -0.06594824],
        [-0.9880366 , -0.97627654, -0.95923201, ...,  0.09003059,
          0.06594824,  0.        ]]]), 'num': array([ 9.40143501e-01,  3.40760815e-01,  8.57485960e-06,  8.75011221e-04,
        8.95040090e-04,  8.68752199e-04,  2.55761148e-03, -5.00721729e-06,
        8.62993899e-04,  8.26065672e-04,  7.74908602e-04,  9.11808086e-07,
        8.93783079e-04,  7.58348265e-04])}
{'img': array([[[ 0.        , -0.28237435, -0.19933112, ...,  0.99954093,
          0.78387787,  0.9410407 ],
        [ 0.28237435,  0.        ,  0.08548853, ...,  0.96741912,
          0.57664693,  0.80721901],
        [ 0.19933112, -0.08548853,  0.        , ...,  0.98552156,
          0.64437948,  0.85472369],
        ...,
        [-0.99954093, -0.96741912, -0.98552156, ...,  0.        ,
          0.64437948,  0.36664918],
        [-0.78387787, -0.57664693, -0.64437948, ..., -0.64437948,
          0.        , -0.31912564],
        [-0.9410407 , -0.80721901, -0.85472369, ..., -0.36664918,
          0.31912564,  0.        ]],

       [[ 0.        ,  0.38411339, -0.0573194 , ...,  0.07166696,
          0.64138027,  0.52041871],
        [-0.38411339,  0.        , -0.43640406, ..., -0.31695659,
          0.29747669,  0.15249653],
        [ 0.0573194 ,  0.43640406,  0.        , ...,  0.12872114,
          0.68430254,  0.56850876],
        ...,
        [-0.07166696,  0.31695659, -0.12872114, ...,  0.        ,
          0.58474648,  0.45788329],
        [-0.64138027, -0.29747669, -0.68430254, ..., -0.58474648,
          0.        , -0.14840453],
        [-0.52041871, -0.15249653, -0.56850876, ..., -0.45788329,
          0.14840453,  0.        ]],

       [[ 0.        , -0.03326553, -0.0808373 , ...,  0.95999848,
          0.91578205,  0.73031632],
        [ 0.03326553,  0.        , -0.0476359 , ...,  0.95015264,
          0.90191326,  0.70718814],
        [ 0.0808373 ,  0.0476359 ,  0.        , ...,  0.93422183,
          0.88031461,  0.67270553],
        ...,
        [-0.95999848, -0.95015264, -0.93422183, ...,  0.        ,
          0.12918415,  0.45129132],
        [-0.91578205, -0.90191326, -0.88031461, ..., -0.12918415,
          0.        ,  0.33222886],
        [-0.73031632, -0.70718814, -0.67270553, ..., -0.45129132,
         -0.33222886,  0.        ]],

       ...,

       [[ 0.        , -0.32278326, -0.23681515, ...,  0.38639039,
          0.44095985,  0.57881782],
        [ 0.32278326,  0.        ,  0.08946248, ...,  0.66342244,
          0.70706319,  0.81105122],
        [ 0.23681515, -0.08946248,  0.        , ...,  0.59382239,
          0.64096458,  0.75546574],
        ...,
        [-0.38639039, -0.66342244, -0.59382239, ...,  0.        ,
          0.05991711,  0.21877942],
        [-0.44095985, -0.70706319, -0.64096458, ..., -0.05991711,
          0.        ,  0.15992078],
        [-0.57881782, -0.81105122, -0.75546574, ..., -0.21877942,
         -0.15992078,  0.        ]],

       [[ 0.        , -0.02599264, -0.04126895, ...,  0.98709877,
          0.93422643,  0.73307799],
        [ 0.02599264,  0.        , -0.01528451, ...,  0.98260351,
          0.92463971,  0.71515156],
        [ 0.04126895,  0.01528451,  0.        , ...,  0.97965016,
          0.91871071,  0.70438461],
        ...,
        [-0.98709877, -0.98260351, -0.97965016, ...,  0.        ,
          0.20249754,  0.55399491],
        [-0.93422643, -0.92463971, -0.91871071, ..., -0.20249754,
          0.        ,  0.37393442],
        [-0.73307799, -0.71515156, -0.70438461, ..., -0.55399491,
         -0.37393442,  0.        ]],

       [[ 0.        ,  0.06821504,  0.11703753, ...,  0.98843083,
          0.97627654,  0.96927199],
        [-0.06821504,  0.        ,  0.04901868, ...,  0.97578209,
          0.95923201,  0.95023389],
        [-0.11703753, -0.04901868,  0.        , ...,  0.96388648,
          0.94422524,  0.93382042],
        ...,
        [-0.98843083, -0.97578209, -0.96388648, ...,  0.        ,
         -0.06594824, -0.09613384],
        [-0.97627654, -0.95923201, -0.94422524, ...,  0.06594824,
          0.        , -0.03028176],
        [-0.96927199, -0.95023389, -0.93382042, ...,  0.09613384,
          0.03028176,  0.        ]]]), 'num': array([8.29677943e-01, 5.58236777e-01, 3.87773095e-06, 7.73336656e-04,
       7.83279556e-04, 7.67812822e-04, 1.31927919e-03, 1.10476665e-06,
       7.65161383e-04, 7.31631715e-04, 6.86115329e-04, 8.94334908e-07,
       7.94286206e-04, 6.68977224e-04])}
{'img': array([[[ 0.        ,  0.08548853, -0.2142502 , ...,  0.57664693,
          0.80721901,  0.78058298],
        [-0.08548853,  0.        , -0.29696925, ...,  0.64437948,
          0.85472369,  0.83116017],
        [ 0.2142502 ,  0.29696925,  0.        , ...,  0.38821549,
          0.66201281,  0.62853936],
        ...,
        [-0.57664693, -0.64437948, -0.38821549, ...,  0.        ,
         -0.31912564, -0.27729678],
        [-0.80721901, -0.85472369, -0.66201281, ...,  0.31912564,
          0.        ,  0.04381331],
        [-0.78058298, -0.83116017, -0.62853936, ...,  0.27729678,
         -0.04381331,  0.        ]],

       [[ 0.        , -0.43640406, -0.17756991, ...,  0.29747669,
          0.15249653, -0.15112232],
        [ 0.43640406,  0.        ,  0.26970014, ...,  0.68430254,
          0.56850876,  0.29541957],
        [ 0.17756991, -0.26970014,  0.        , ...,  0.46228041,
          0.32556614,  0.02680982],
        ...,
        [-0.29747669, -0.68430254, -0.46228041, ...,  0.        ,
         -0.14840453, -0.43834107],
        [-0.15249653, -0.56850876, -0.32556614, ...,  0.14840453,
          0.        , -0.30009991],
        [ 0.15112232, -0.29541957, -0.02680982, ...,  0.43834107,
          0.30009991,  0.        ]],

       [[ 0.        , -0.04698882, -0.13431793, ...,  0.94309353,
          0.88320658,  0.70027966],
        [ 0.04698882,  0.        , -0.08760654, ...,  0.92642673,
          0.86019399,  0.6659623 ],
        [ 0.13431793,  0.08760654,  0.        , ...,  0.88988308,
          0.81221024,  0.59804858],
        ...,
        [-0.94309353, -0.92642673, -0.88988308, ...,  0.        ,
          0.14860538,  0.44038257],
        [-0.88320658, -0.86019399, -0.81221024, ..., -0.14860538,
          0.        ,  0.30207339],
        [-0.70027966, -0.6659623 , -0.59804858, ..., -0.44038257,
         -0.30207339,  0.        ]],

       ...,

       [[ 0.        ,  0.08946248, -0.21741197, ...,  0.70706319,
          0.81105122,  0.98376792],
        [-0.08946248,  0.        , -0.30386272, ...,  0.64096458,
          0.75546574,  0.96376956],
        [ 0.21741197,  0.30386272,  0.        , ...,  0.84389315,
          0.91883142,  0.99924972],
        ...,
        [-0.70706319, -0.64096458, -0.84389315, ...,  0.        ,
          0.15992078,  0.56879255],
        [-0.81105122, -0.75546574, -0.91883142, ..., -0.15992078,
          0.        ,  0.4299403 ],
        [-0.98376792, -0.96376956, -0.99924972, ..., -0.56879255,
         -0.4299403 ,  0.        ]],

       [[ 0.        , -0.01497792, -0.02879335, ...,  0.96729402,
          0.9142178 ,  0.70498846],
        [ 0.01497792,  0.        , -0.01381841, ...,  0.96338624,
          0.90804584,  0.69428675],
        [ 0.02879335,  0.01381841,  0.        , ...,  0.9595893 ,
          0.90217102,  0.68427537],
        ...,
        [-0.96729402, -0.96338624, -0.9595893 , ...,  0.        ,
          0.16007146,  0.50719725],
        [-0.9142178 , -0.90804584, -0.90217102, ..., -0.16007146,
          0.        ,  0.36270277],
        [-0.70498846, -0.69428675, -0.68427537, ..., -0.50719725,
         -0.36270277,  0.        ]],

       [[ 0.        ,  0.04901868,  0.07558964, ...,  0.95923201,
          0.95023389,  0.94776252],
        [-0.04901868,  0.        ,  0.02662033, ...,  0.94422524,
          0.93382042,  0.93098736],
        [-0.07558964, -0.02662033,  0.        , ...,  0.93512453,
          0.92396628,  0.92093964],
        ...,
        [-0.95923201, -0.94422524, -0.93512453, ...,  0.        ,
         -0.03028176, -0.03811632],
        [-0.95023389, -0.93382042, -0.92396628, ...,  0.03028176,
          0.        , -0.00783908],
        [-0.94776252, -0.93098736, -0.92093964, ...,  0.03811632,
          0.00783908,  0.        ]]]), 'num': array([7.97273299e-01, 6.03613922e-01, 2.75868058e-06, 7.44843757e-04,
       7.53332005e-04, 7.31050354e-04, 1.17431727e-03, 2.12206199e-06,
       7.40387427e-04, 7.05002044e-04, 6.61393670e-04, 8.35963813e-07,
       7.67857631e-04, 6.42146456e-04])}
{'img': array([[[ 0.        , -0.29696925, -0.13211922, ...,  0.85472369,
          0.83116017,  0.7591971 ],
        [ 0.29696925,  0.        ,  0.16820704, ...,  0.66201281,
          0.62853936,  0.53166184],
        [ 0.13211922, -0.16820704,  0.        , ...,  0.77865016,
          0.75041143,  0.66655063],
        ...,
        [-0.85472369, -0.66201281, -0.77865016, ...,  0.        ,
          0.04381331,  0.16221964],
        [-0.83116017, -0.62853936, -0.75041143, ..., -0.04381331,
          0.        ,  0.11883088],
        [-0.7591971 , -0.53166184, -0.66655063, ..., -0.16221964,
         -0.11883088,  0.        ]],

       [[ 0.        ,  0.26970014, -0.30969757, ...,  0.56850876,
          0.29541957,  0.25824956],
        [-0.26970014,  0.        , -0.55466189, ...,  0.32556614,
          0.02680982, -0.01187149],
        [ 0.30969757,  0.55466189,  0.        , ...,  0.79533922,
          0.57677032,  0.54474483],
        ...,
        [-0.56850876, -0.32556614, -0.79533922, ...,  0.        ,
         -0.30009991, -0.33676792],
        [-0.29541957, -0.02680982, -0.57677032, ...,  0.30009991,
          0.        , -0.03867515],
        [-0.25824956,  0.01187149, -0.54474483, ...,  0.33676792,
          0.03867515,  0.        ]],

       [[ 0.        , -0.08579481, -0.17160165, ...,  0.93410186,
          0.89100332,  0.65540887],
        [ 0.08579481,  0.        , -0.08644676, ...,  0.90002836,
          0.84876747,  0.58819366],
        [ 0.17160165,  0.08644676,  0.        , ...,  0.85898287,
          0.79987995,  0.5160805 ],
        ...,
        [-0.93410186, -0.90002836, -0.85898287, ...,  0.        ,
          0.10598519,  0.47151781],
        [-0.89100332, -0.84876747, -0.79987995, ..., -0.10598519,
          0.        ,  0.37539835],
        [-0.65540887, -0.58819366, -0.5160805 , ..., -0.47151781,
         -0.37539835,  0.        ]],

       ...,

       [[ 0.        , -0.30386272, -0.28372674, ...,  0.75546574,
          0.96376956,  0.91543799],
        [ 0.30386272,  0.        ,  0.02106458, ...,  0.91883142,
          0.99924972,  0.99444456],
        [ 0.28372674, -0.02106458,  0.        , ...,  0.91031441,
          0.99984383,  0.99200662],
        ...,
        [-0.75546574, -0.91883142, -0.91031441, ...,  0.        ,
          0.4299403 ,  0.2957401 ],
        [-0.96376956, -0.99924972, -0.99984383, ..., -0.4299403 ,
          0.        , -0.14369728],
        [-0.91543799, -0.99444456, -0.99200662, ..., -0.2957401 ,
          0.14369728,  0.        ]],

       [[ 0.        , -0.01356587, -0.02747   , ...,  0.95441303,
          0.89608891,  0.6850498 ],
        [ 0.01356587,  0.        , -0.01390672, ...,  0.95027594,
          0.88998491,  0.67510408],
        [ 0.02747   ,  0.01390672,  0.        , ...,  0.94585337,
          0.88355752,  0.6647795 ],
        ...,
        [-0.95441303, -0.95027594, -0.94585337, ...,  0.        ,
          0.1561669 ,  0.49080638],
        [-0.89608891, -0.88998491, -0.88355752, ..., -0.1561669 ,
          0.        ,  0.34872119],
        [-0.6850498 , -0.67510408, -0.6647795 , ..., -0.49080638,
         -0.34872119,  0.        ]],

       [[ 0.        ,  0.02662033,  0.05746879, ...,  0.93382042,
          0.93098736,  0.92746894],
        [-0.02662033,  0.        ,  0.03087208, ...,  0.92396628,
          0.92093964,  0.91718691],
        [-0.05746879, -0.03087208,  0.        , ...,  0.91171809,
          0.90846966,  0.90444852],
        ...,
        [-0.93382042, -0.92396628, -0.91171809, ...,  0.        ,
         -0.00783908, -0.01736095],
        [-0.93098736, -0.92093964, -0.90846966, ...,  0.00783908,
          0.        , -0.00952252],
        [-0.92746894, -0.91718691, -0.90444852, ...,  0.01736095,
          0.00952252,  0.        ]]]), 'num': array([ 7.82625037e-01,  6.22489294e-01,  2.29420835e-06,  7.27889741e-04,
        7.41446427e-04,  7.20589987e-04,  1.05504385e-03, -4.17128791e-06,
        7.30392514e-04,  6.95770824e-04,  6.52302528e-04,  7.44872842e-07,
        7.58446420e-04,  6.33095228e-04])}
{'img': array([[[ 0.        ,  0.16820704, -0.07382046, ...,  0.62853936,
          0.53166184,  0.6905462 ],
        [-0.16820704,  0.        , -0.24051674, ...,  0.75041143,
          0.66655063,  0.80236926],
        [ 0.07382046,  0.24051674,  0.        , ...,  0.56940851,
          0.46768848,  0.6352686 ],
        ...,
        [-0.62853936, -0.75041143, -0.56940851, ...,  0.        ,
          0.11883088, -0.08247633],
        [-0.53166184, -0.66655063, -0.46768848, ..., -0.11883088,
          0.        , -0.20031797],
        [-0.6905462 , -0.80236926, -0.6352686 , ...,  0.08247633,
          0.20031797,  0.        ]],

       [[ 0.        , -0.55466189, -0.06084774, ...,  0.02680982,
         -0.01187149, -0.05671925],
        [ 0.55466189,  0.        ,  0.5030042 , ...,  0.57677032,
          0.54474483,  0.50657426],
        [ 0.06084774, -0.5030042 ,  0.        , ...,  0.08758602,
          0.04899397,  0.00413564],
        ...,
        [-0.02680982, -0.57677032, -0.08758602, ...,  0.        ,
         -0.03867515, -0.08346553],
        [ 0.01187149, -0.54474483, -0.04899397, ...,  0.03867515,
          0.        , -0.04486288],
        [ 0.05671925, -0.50657426, -0.00413564, ...,  0.08346553,
          0.04486288,  0.        ]],

       [[ 0.        , -0.08559927, -0.2393026 , ...,  0.88728248,
          0.77818312,  0.58344216],
        [ 0.08559927,  0.        , -0.15531209, ...,  0.8445452 ,
          0.72156737,  0.51178087],
        [ 0.2393026 ,  0.15531209,  0.        , ...,  0.75112985,
          0.60528205,  0.37213954],
        ...,
        [-0.88728248, -0.8445452 , -0.75112985, ...,  0.        ,
          0.19832803,  0.45151171],
        [-0.77818312, -0.72156737, -0.60528205, ..., -0.19832803,
          0.        ,  0.26558155],
        [-0.58344216, -0.51178087, -0.37213954, ..., -0.45151171,
         -0.26558155,  0.        ]],

       ...,

       [[ 0.        ,  0.02106458, -0.05393823, ...,  0.99924972,
          0.99444456,  0.89305877],
        [-0.02106458,  0.        , -0.07496018, ...,  0.99984383,
          0.99200662,  0.88338282],
        [ 0.05393823,  0.07496018,  0.        , ...,  0.99570607,
          0.99867455,  0.91602769],
        ...,
        [-0.99924972, -0.99984383, -0.99570607, ...,  0.        ,
         -0.14369728, -0.48419042],
        [-0.99444456, -0.99200662, -0.99867455, ...,  0.14369728,
          0.        , -0.35343559],
        [-0.89305877, -0.88338282, -0.91602769, ...,  0.48419042,
          0.35343559,  0.        ]],

       [[ 0.        , -0.0137192 ,  0.00258785, ...,  0.93251699,
          0.86201712,  0.6683301 ],
        [ 0.0137192 ,  0.        ,  0.01630676, ...,  0.92747486,
          0.85498201,  0.65806197],
        [-0.00258785, -0.01630676,  0.        , ...,  0.9334484 ,
          0.86332596,  0.67025287],
        ...,
        [-0.93251699, -0.92747486, -0.9334484 , ...,  0.        ,
          0.16137654,  0.45231513],
        [-0.86201712, -0.85498201, -0.86332596, ..., -0.16137654,
          0.        ,  0.30246161],
        [-0.6683301 , -0.65806197, -0.67025287, ..., -0.45231513,
         -0.30246161,  0.        ]],

       [[ 0.        ,  0.03087208, -0.00518146, ...,  0.92093964,
          0.91718691,  0.93815013],
        [-0.03087208,  0.        , -0.03605066, ...,  0.90846966,
          0.90444852,  0.92701415],
        [ 0.00518146,  0.03605066,  0.        , ...,  0.92294652,
          0.91923919,  0.93993151],
        ...,
        [-0.92093964, -0.90846966, -0.92294652, ...,  0.        ,
         -0.00952252,  0.04674626],
        [-0.91718691, -0.90444852, -0.91923919, ...,  0.00952252,
          0.        ,  0.05625625],
        [-0.93815013, -0.92701415, -0.93993151, ..., -0.04674626,
         -0.05625625,  0.        ]]]), 'num': array([ 7.70654575e-01,  6.37249530e-01,  1.92226290e-06,  7.13395966e-04,
        7.23675446e-04,  7.12368018e-04,  8.11164107e-04, -4.11179231e-06,
        7.18124527e-04,  6.89239186e-04,  6.45362935e-04,  7.75809870e-07,
        7.49222400e-04,  6.29255971e-04])}
{'img': array([[[ 0.        , -0.24051674, -0.20274016, ...,  0.66655063,
          0.80236926,  0.87121024],
        [ 0.24051674,  0.        ,  0.0387331 , ...,  0.46768848,
          0.6352686 ,  0.72756376],
        [ 0.20274016, -0.0387331 ,  0.        , ...,  0.50157345,
          0.66470512,  0.75359025],
        ...,
        [-0.66655063, -0.46768848, -0.50157345, ...,  0.        ,
         -0.20031797, -0.32223574],
        [-0.80236926, -0.6352686 , -0.66470512, ...,  0.20031797,
          0.        , -0.12607142],
        [-0.87121024, -0.72756376, -0.75359025, ...,  0.32223574,
          0.12607142,  0.        ]],

       [[ 0.        ,  0.5030042 ,  0.47955419, ...,  0.54474483,
          0.50657426,  0.39783883],
