state_0,state_1,state_2,state_3,state_4,state_5,state_6,state_7,state_8,state_9,state_10,state_11,state_12,state_13,state_14,state_15,state_16,state_17,state_18,state_19,state_20,state_21,state_22,state_23,state_24,state_25,state_26,state_27,state_28,state_29,state_30,state_31,state_32,state_33,state_34,state_35,state_36,state_37,state_38,state_39,state_40,state_41,state_42,state_43,state_44,state_45,state_46,state_47,state_48,state_49,state_50,state_51,state_52,state_53,state_54,state_55,state_56,state_57,state_58,state_59,state_60,state_61,state_62,state_63,state_64,state_65,state_66,state_67,state_68,state_69,state_70,state_71,state_72,state_73,state_74,state_75,state_76,state_77,state_78,state_79,state_80,state_81,state_82,state_83,state_84,state_85,state_86,state_87,state_88,state_89,state_90,state_91,state_92,state_93,state_94,state_95,state_96,state_97,state_98,state_99,state_100,state_101,state_102,state_103,state_104,state_105,state_106,state_107,state_108,state_109,state_110,state_111,state_112,state_113,state_114,state_115,state_116,state_117,state_118,state_119,state_120,state_121,state_122,state_123,state_124,state_125,state_126,state_127,state_128,state_129,state_130,state_131,state_132,state_133,state_134,state_135,state_136,state_137,state_138,state_139,state_140,state_141,state_142,state_143,state_144,state_145,state_146,state_147,state_148,state_149,state_150,state_151,state_152,state_153,state_154,state_155,state_156,state_157,state_158,state_159,state_160,state_161,state_162,state_163,state_164,state_165,state_166,state_167,state_168,state_169,state_170,state_171,state_172,state_173,state_174,state_175,state_176,state_177,state_178,state_179,state_180,state_181,state_182,state_183,state_184,state_185,state_186,state_187,state_188,state_189,state_190,state_191,state_192,state_193,state_194,state_195,state_196,state_197,state_198,state_199,state_200,state_201,state_202,state_203,state_204,state_205,state_206,state_207,state_208,state_209,state_210,state_211,state_212,state_213,state_214,state_215,state_216,state_217,state_218,state_219,state_220,state_221,state_222,state_223,state_224,state_225,state_226,state_227,state_228,state_229,state_230,state_231,state_232,state_233,state_234,state_235,state_236,state_237,state_238,state_239,state_240,state_241,state_242,state_243,state_244,state_245,state_246,state_247,state_248,state_249,state_250,state_251,state_252,state_253,state_254,state_255,state_256,state_257,state_258,state_259,state_260,state_261,state_262,state_263,state_264,state_265,state_266,state_267,state_268,state_269,state_270,state_271,state_272,state_273,state_274,state_275,state_276,state_277,state_278,state_279,state_280,state_281,state_282,state_283,state_284,state_285,state_286,state_287
{'img': array([[[ 0.00000000e+00,  5.44700257e-01,  3.08882380e-01, ...,
          9.96739683e-01,  9.89540653e-01,  9.90241178e-01],
        [-5.44700257e-01,  0.00000000e+00, -2.59026268e-01, ...,
          7.91947684e-01,  9.08434619e-01,  9.06358530e-01],
        [-3.08882380e-01,  2.59026268e-01,  0.00000000e+00, ...,
          9.23077306e-01,  9.85709962e-01,  9.84865804e-01],
        ...,
        [-9.96739683e-01, -7.91947684e-01, -9.23077306e-01, ...,
          0.00000000e+00,  2.23624652e-01,  2.18807141e-01],
        [-9.89540653e-01, -9.08434619e-01, -9.85709962e-01, ...,
         -2.23624652e-01,  0.00000000e+00, -4.93988342e-03],
        [-9.90241178e-01, -9.06358530e-01, -9.84865804e-01, ...,
         -2.18807141e-01,  4.93988342e-03,  0.00000000e+00]],

       [[ 0.00000000e+00,  6.59088929e-01,  1.33546458e-01, ...,
         -2.25108455e-01, -6.17072398e-02, -6.51050902e-01],
        [-6.59088929e-01,  0.00000000e+00, -5.52749557e-01, ...,
         -8.11468756e-01, -7.04240755e-01, -9.89903559e-01],
        [-1.33546458e-01,  5.52749557e-01,  0.00000000e+00, ...,
         -3.53210874e-01, -1.94446458e-01, -7.46585461e-01],
        ...,
        [ 2.25108455e-01,  8.11468756e-01,  3.53210874e-01, ...,
          0.00000000e+00,  1.64556020e-01, -4.63475855e-01],
        [ 6.17072398e-02,  7.04240755e-01,  1.94446458e-01, ...,
         -1.64556020e-01,  0.00000000e+00, -6.02972292e-01],
        [ 6.51050902e-01,  9.89903559e-01,  7.46585461e-01, ...,
          4.63475855e-01,  6.02972292e-01,  0.00000000e+00]],

       [[ 0.00000000e+00,  2.34989760e-01,  2.71973319e-01, ...,
          9.97431926e-01,  9.96600086e-01,  9.95549695e-01],
        [-2.34989760e-01,  0.00000000e+00,  3.82257073e-02, ...,
          9.86331861e-01,  9.88054167e-01,  9.89817129e-01],
        [-2.71973319e-01, -3.82257073e-02,  0.00000000e+00, ...,
          9.79312495e-01,  9.81441180e-01,  9.83652470e-01],
        ...,
        [-9.97431926e-01, -9.86331861e-01, -9.79312495e-01, ...,
          0.00000000e+00,  1.08019781e-02,  2.26938490e-02],
        [-9.96600086e-01, -9.88054167e-01, -9.81441180e-01, ...,
         -1.08019781e-02,  0.00000000e+00,  1.18933288e-02],
        [-9.95549695e-01, -9.89817129e-01, -9.83652470e-01, ...,
         -2.26938490e-02, -1.18933288e-02,  0.00000000e+00]],

       ...,

       [[ 0.00000000e+00,  1.90568892e-01,  2.24651551e-02, ...,
         -1.83348707e-01, -4.60976604e-01, -4.41035243e-01],
        [-1.90568892e-01,  0.00000000e+00, -1.68467343e-01, ...,
         -3.67326983e-01, -6.21641842e-01, -6.03986387e-01],
        [-2.24651551e-02,  1.68467343e-01,  0.00000000e+00, ...,
         -2.05386759e-01, -4.80796121e-01, -4.61086184e-01],
        ...,
        [ 1.83348707e-01,  3.67326983e-01,  2.05386759e-01, ...,
          0.00000000e+00, -2.90456205e-01, -2.69005195e-01],
        [ 4.60976604e-01,  6.21641842e-01,  4.80796121e-01, ...,
          2.90456205e-01,  0.00000000e+00,  2.23416992e-02],
        [ 4.41035243e-01,  6.03986387e-01,  4.61086184e-01, ...,
          2.69005195e-01, -2.23416992e-02,  0.00000000e+00]],

       [[ 0.00000000e+00, -7.64728171e-02, -7.75825053e-02, ...,
          9.62068723e-01,  9.76661722e-01,  9.81434734e-01],
        [ 7.64728171e-02,  0.00000000e+00, -1.11299476e-03, ...,
          9.38389129e-01,  9.57376645e-01,  9.63893553e-01],
        [ 7.75825053e-02,  1.11299476e-03,  0.00000000e+00, ...,
          9.38003919e-01,  9.57054571e-01,  9.63596579e-01],
        ...,
        [-9.62068723e-01, -9.38389129e-01, -9.38003919e-01, ...,
          0.00000000e+00, -5.98040306e-02, -8.32211400e-02],
        [-9.76661722e-01, -9.57376645e-01, -9.57054571e-01, ...,
          5.98040306e-02,  0.00000000e+00, -2.34756089e-02],
        [-9.81434734e-01, -9.63893553e-01, -9.63596579e-01, ...,
          8.32211400e-02,  2.34756089e-02,  0.00000000e+00]],

       [[ 0.00000000e+00,  1.16054264e-03,  6.28232222e-04, ...,
          9.96884123e-01,  9.97468091e-01,  9.98849784e-01],
        [-1.16054264e-03,  0.00000000e+00, -5.32310608e-04, ...,
          9.96974995e-01,  9.97549952e-01,  9.98904758e-01],
        [-6.28232222e-04,  5.32310608e-04,  0.00000000e+00, ...,
          9.96933481e-01,  9.97512571e-01,  9.98879710e-01],
        ...,
        [-9.96884123e-01, -9.96974995e-01, -9.96933481e-01, ...,
          0.00000000e+00, -7.78636117e-03, -3.09895900e-02],
        [-9.97468091e-01, -9.97549952e-01, -9.97512571e-01, ...,
          7.78636117e-03,  0.00000000e+00, -2.32060292e-02],
        [-9.98849784e-01, -9.98904758e-01, -9.98879710e-01, ...,
          3.09895900e-02,  2.32060292e-02,  0.00000000e+00]]]), 'num': array([ 9.95842648e-01,  9.10807058e-02,  8.69127721e-06,  4.09579881e-04,
        4.30039203e-04,  4.06825742e-04,  5.28873465e-04, -1.77051822e-05,
        4.18786576e-04,  4.34091723e-04,  4.29291651e-04,  1.38789274e-07,
        4.64807025e-04,  4.03376421e-04])}
{'img': array([[[ 0.00000000e+00, -4.66138464e-01,  1.75018247e-01, ...,
          9.35260090e-01,  9.33460952e-01,  8.29323670e-01],
        [ 4.66138464e-01,  0.00000000e+00,  6.13784410e-01, ...,
          9.92430570e-01,  9.93037995e-01,  9.94175916e-01],
        [-1.75018247e-01, -6.13784410e-01,  0.00000000e+00, ...,
          8.58874851e-01,  8.56277783e-01,  7.18728531e-01],
        ...,
        [-9.35260090e-01, -9.92430570e-01, -8.58874851e-01, ...,
          0.00000000e+00, -5.04918534e-03, -2.29045450e-01],
        [-9.33460952e-01, -9.93037995e-01, -8.56277783e-01, ...,
          5.04918534e-03,  0.00000000e+00, -2.24127573e-01],
        [-8.29323670e-01, -9.94175916e-01, -7.18728531e-01, ...,
          2.29045450e-01,  2.24127573e-01,  0.00000000e+00]],

       [[ 0.00000000e+00, -5.52749557e-01,  3.00036376e-01, ...,
         -7.04240755e-01, -9.89903559e-01, -7.66707231e-01],
        [ 5.52749557e-01,  0.00000000e+00,  7.77317688e-01, ...,
         -1.94446458e-01, -7.46585461e-01, -2.84069992e-01],
        [-3.00036376e-01, -7.77317688e-01,  0.00000000e+00, ...,
         -8.84809003e-01, -9.86824400e-01, -9.24005736e-01],
        ...,
        [ 7.04240755e-01,  1.94446458e-01,  8.84809003e-01, ...,
          0.00000000e+00, -6.02972292e-01, -9.22120322e-02],
        [ 9.89903559e-01,  7.46585461e-01,  9.86824400e-01, ...,
          6.02972292e-01,  0.00000000e+00,  5.26839997e-01],
        [ 7.66707231e-01,  2.84069992e-01,  9.24005736e-01, ...,
          9.22120322e-02, -5.26839997e-01,  0.00000000e+00]],

       [[ 0.00000000e+00,  1.39874031e-01,  3.44377559e-01, ...,
          9.97591625e-01,  9.96683449e-01,  9.96945577e-01],
        [-1.39874031e-01,  0.00000000e+00,  2.09673979e-01, ...,
          9.97486411e-01,  9.98267791e-01,  9.98068988e-01],
        [-3.44377559e-01, -2.09673979e-01,  0.00000000e+00, ...,
          9.60456556e-01,  9.63741729e-01,  9.62859333e-01],
        ...,
        [-9.97591625e-01, -9.97486411e-01, -9.60456556e-01, ...,
          0.00000000e+00,  1.20493469e-02,  8.76215954e-03],
        [-9.96683449e-01, -9.98267791e-01, -9.63741729e-01, ...,
         -1.20493469e-02,  0.00000000e+00, -3.28736086e-03],
        [-9.96945577e-01, -9.98068988e-01, -9.62859333e-01, ...,
         -8.76215954e-03,  3.28736086e-03,  0.00000000e+00]],

       ...,

       [[ 0.00000000e+00, -1.68467343e-01,  1.19496917e-01, ...,
         -6.21641842e-01, -6.03986387e-01, -6.95189546e-01],
        [ 1.68467343e-01,  0.00000000e+00,  2.85049178e-01, ...,
         -4.80796121e-01, -4.61086184e-01, -5.64154580e-01],
        [-1.19496917e-01, -2.85049178e-01,  0.00000000e+00, ...,
         -7.10789641e-01, -6.94896968e-01, -7.76105762e-01],
        ...,
        [ 6.21641842e-01,  4.80796121e-01,  7.10789641e-01, ...,
          0.00000000e+00,  2.23416992e-02, -9.76904817e-02],
        [ 6.03986387e-01,  4.61086184e-01,  6.94896968e-01, ...,
         -2.23416992e-02,  0.00000000e+00, -1.19900933e-01],
        [ 6.95189546e-01,  5.64154580e-01,  7.76105762e-01, ...,
          9.76904817e-02,  1.19900933e-01,  0.00000000e+00]],

       [[ 0.00000000e+00, -1.11299476e-03,  6.93157364e-02, ...,
          9.57376645e-01,  9.63893553e-01,  9.81464638e-01],
        [ 1.11299476e-03,  0.00000000e+00,  7.04260112e-02, ...,
          9.57054571e-01,  9.63596579e-01,  9.81250732e-01],
        [-6.93157364e-02, -7.04260112e-02,  0.00000000e+00, ...,
          9.75095262e-01,  9.80033108e-01,  9.92387890e-01],
        ...,
        [-9.57376645e-01, -9.57054571e-01, -9.75095262e-01, ...,
          0.00000000e+00, -2.34756089e-02, -1.00013807e-01],
        [-9.63893553e-01, -9.63596579e-01, -9.80033108e-01, ...,
          2.34756089e-02,  0.00000000e+00, -7.66283411e-02],
        [-9.81464638e-01, -9.81250732e-01, -9.92387890e-01, ...,
          1.00013807e-01,  7.66283411e-02,  0.00000000e+00]],

       [[ 0.00000000e+00, -5.32310608e-04,  1.07901584e-03, ...,
          9.97549952e-01,  9.98904758e-01,  9.99922719e-01],
        [ 5.32310608e-04,  0.00000000e+00,  1.61132598e-03, ...,
          9.97512571e-01,  9.98879710e-01,  9.99915959e-01],
        [-1.07901584e-03, -1.61132598e-03,  0.00000000e+00, ...,
          9.97624857e-01,  9.98954664e-01,  9.99935551e-01],
        ...,
        [-9.97549952e-01, -9.97512571e-01, -9.97624857e-01, ...,
          0.00000000e+00, -2.32060292e-02, -5.75507622e-02],
        [-9.98904758e-01, -9.98879710e-01, -9.98954664e-01, ...,
          2.32060292e-02,  0.00000000e+00, -3.43676969e-02],
        [-9.99922719e-01, -9.99915959e-01, -9.99935551e-01, ...,
          5.75507622e-02,  3.43676969e-02,  0.00000000e+00]]]), 'num': array([ 7.07101502e-01,  7.07101502e-01,  0.00000000e+00,  1.24401925e-03,
        1.26319489e-03,  1.22843905e-03,  1.30752656e-03, -3.59543137e-06,
        1.26870788e-03,  1.31928362e-03,  1.31069453e-03,  4.24136384e-07,
        1.41865927e-03,  1.21990796e-03])}
{'img': array([[[ 0.        ,  0.61378441,  0.40393663, ...,  0.99303799,
          0.99417592,  0.99243057],
        [-0.61378441,  0.        , -0.24258464, ...,  0.85627778,
          0.71872853,  0.70812079],
        [-0.40393663,  0.24258464,  0.        , ...,  0.95599972,
          0.86592715,  0.8582563 ],
        ...,
        [-0.99303799, -0.85627778, -0.95599972, ...,  0.        ,
         -0.22412757, -0.23885488],
        [-0.99417592, -0.71872853, -0.86592715, ...,  0.22412757,
          0.        , -0.01513811],
        [-0.99243057, -0.70812079, -0.8582563 , ...,  0.23885488,
          0.01513811,  0.        ]],

       [[ 0.        ,  0.77731769, -0.31398192, ..., -0.74658546,
         -0.28406999, -0.42777472],
        [-0.77731769,  0.        , -0.93553655, ..., -0.9868244 ,
         -0.92400574, -0.97172271],
        [ 0.31398192,  0.93553655,  0.        , ..., -0.49994098,
          0.0313427 , -0.12233805],
        ...,
        [ 0.74658546,  0.9868244 ,  0.49994098, ...,  0.        ,
          0.52684   ,  0.39023364],
        [ 0.28406999,  0.92400574, -0.0313427 , ..., -0.52684   ,
          0.        , -0.15338521],
        [ 0.42777472,  0.97172271,  0.12233805, ..., -0.39023364,
          0.15338521,  0.        ]],

       [[ 0.        ,  0.31705144,  0.30360144, ...,  0.99704354,
          0.99729186,  0.99912966],
        [-0.31705144,  0.        , -0.0141482 , ...,  0.96996621,
          0.96915764,  0.96080788],
        [-0.30360144,  0.0141482 ,  0.        , ...,  0.97331053,
          0.97254734,  0.96463381],
        ...,
        [-0.99704354, -0.96996621, -0.97331053, ...,  0.        ,
         -0.00330243, -0.03518268],
        [-0.99729186, -0.96915764, -0.97254734, ...,  0.00330243,
          0.        , -0.0318821 ],
        [-0.99912966, -0.96080788, -0.96463381, ...,  0.03518268,
          0.0318821 ,  0.        ]],

       ...,

       [[ 0.        ,  0.28504918,  0.18129475, ..., -0.46108618,
         -0.56415458, -0.55321161],
        [-0.28504918,  0.        , -0.10655222, ..., -0.69489697,
         -0.77610576, -0.76771805],
        [-0.18129475,  0.10655222,  0.        , ..., -0.6143183 ,
         -0.70449535, -0.69507015],
        ...,
        [ 0.46108618,  0.69489697,  0.6143183 , ...,  0.        ,
         -0.11990093, -0.1067917 ],
        [ 0.56415458,  0.77610576,  0.70449535, ...,  0.11990093,
          0.        ,  0.01319398],
        [ 0.55321161,  0.76771805,  0.69507015, ...,  0.1067917 ,
         -0.01319398,  0.        ]],

       [[ 0.        ,  0.07042601, -0.17568037, ...,  0.96359658,
          0.98125073,  0.97811085],
        [-0.07042601,  0.        , -0.24457485, ...,  0.98003311,
          0.99238789,  0.99033677],
        [ 0.17568037,  0.24457485,  0.        , ...,  0.90164002,
          0.93212974,  0.92634219],
        ...,
        [-0.96359658, -0.98003311, -0.90164002, ...,  0.        ,
         -0.07662834, -0.06099869],
        [-0.98125073, -0.99238789, -0.93212974, ...,  0.07662834,
          0.        ,  0.01566631],
        [-0.97811085, -0.99033677, -0.92634219, ...,  0.06099869,
         -0.01566631,  0.        ]],

       [[ 0.        ,  0.00161133,  0.00630972, ...,  0.99887971,
          0.99991596,  0.99877833],
        [-0.00161133,  0.        ,  0.00469841, ...,  0.99895466,
          0.99993555,  0.99869741],
        [-0.00630972, -0.00469841,  0.        , ...,  0.99915841,
          0.99997786,  0.99844666],
        ...,
        [-0.99887971, -0.99895466, -0.99915841, ...,  0.        ,
         -0.0343677 , -0.09662334],
        [-0.99991596, -0.99993555, -0.99997786, ...,  0.0343677 ,
          0.        , -0.06235937],
        [-0.99877833, -0.99869741, -0.99844666, ...,  0.09662334,
          0.06235937,  0.        ]]]), 'num': array([ 7.07101867e-01,  7.07101867e-01,  0.00000000e+00,  1.23203512e-03,
        1.25960011e-03,  1.22604273e-03,  8.67973535e-04, -1.19847774e-05,
        1.26559249e-03,  1.31479001e-03,  1.31399102e-03,  4.17361258e-07,
        1.42116589e-03,  1.20841412e-03])}
{'img': array([[[ 0.        , -0.49461894,  0.32687903, ...,  0.78063352,
          0.77058198,  0.73544461],
        [ 0.49461894,  0.        ,  0.75154146, ...,  0.98758778,
          0.98496134,  0.97432853],
        [-0.32687903, -0.75154146,  0.        , ...,  0.53345454,
          0.5199176 ,  0.47355556],
        ...,
        [-0.78063352, -0.98758778, -0.53345454, ...,  0.        ,
         -0.01592438, -0.06930062],
        [-0.77058198, -0.98496134, -0.5199176 , ...,  0.01592438,
          0.        , -0.05340574],
        [-0.73544461, -0.97432853, -0.47355556, ...,  0.06930062,
          0.05340574,  0.        ]],

       [[ 0.        , -0.93553655,  0.19381615, ..., -0.92400574,
         -0.97172271, -0.99867123],
        [ 0.93553655,  0.        ,  0.98625844, ...,  0.0313427 ,
         -0.12233805, -0.40097273],
        [-0.19381615, -0.98625844,  0.        , ..., -0.98059577,
         -0.9990616 , -0.96974612],
        ...,
        [ 0.92400574, -0.0313427 ,  0.98059577, ...,  0.        ,
         -0.15338521, -0.42948847],
        [ 0.97172271,  0.12233805,  0.9990616 , ...,  0.15338521,
          0.        , -0.28588816],
        [ 0.99867123,  0.40097273,  0.96974612, ...,  0.42948847,
          0.28588816,  0.        ]],

       [[ 0.        , -0.09472906,  0.3559768 , ...,  0.99904545,
          0.997089  ,  0.99586812],
        [ 0.09472906,  0.        ,  0.44289982, ...,  0.99869086,
          0.99982794,  0.99999226],
        [-0.3559768 , -0.44289982,  0.        , ...,  0.91805273,
          0.90463252,  0.89830689],
        ...,
        [-0.99904545, -0.99869086, -0.91805273, ...,  0.        ,
         -0.03261807, -0.04722229],
        [-0.997089  , -0.99982794, -0.90463252, ...,  0.03261807,
          0.        , -0.01461549],
        [-0.99586812, -0.99999226, -0.89830689, ...,  0.04722229,
          0.01461549,  0.        ]],

       ...,

       [[ 0.        , -0.10655222,  0.19896378, ..., -0.77610576,
         -0.76771805, -0.81073446],
        [ 0.10655222,  0.        ,  0.302253  , ..., -0.70449535,
         -0.69507015, -0.74374186],
        [-0.19896378, -0.302253  ,  0.        , ..., -0.88605607,
         -0.8798625 , -0.91100151],
        ...,
        [ 0.77610576,  0.70449535,  0.88605607, ...,  0.        ,
          0.01319398, -0.05690815],
        [ 0.76771805,  0.69507015,  0.8798625 , ..., -0.01319398,
          0.        , -0.07007579],
        [ 0.81073446,  0.74374186,  0.91100151, ...,  0.05690815,
          0.07007579,  0.        ]],

       [[ 0.        , -0.24457485,  0.00948951, ...,  0.99238789,
          0.99033677,  0.98829584],
        [ 0.24457485,  0.        ,  0.25376516, ...,  0.93212974,
          0.92634219,  0.92097194],
        [-0.00948951, -0.25376516,  0.        , ...,  0.99351185,
          0.99160822,  0.98969896],
        ...,
        [-0.99238789, -0.93212974, -0.99351185, ...,  0.        ,
          0.01566631,  0.02967818],
        [-0.99033677, -0.92634219, -0.99160822, ..., -0.01566631,
          0.        ,  0.01401513],
        [-0.98829584, -0.92097194, -0.98969896, ..., -0.02967818,
         -0.01401513,  0.        ]],

       [[ 0.        ,  0.00469841, -0.01316619, ...,  0.99993555,
          0.99869741,  0.9919439 ],
        [-0.00469841,  0.        , -0.01786405, ...,  0.99997786,
          0.99844666,  0.99133777],
        [ 0.01316619,  0.01786405,  0.        , ...,  0.9996994 ,
          0.99928264,  0.99352579],
        ...,
        [-0.99993555, -0.99997786, -0.9996994 , ...,  0.        ,
         -0.06235937, -0.13793143],
        [-0.99869741, -0.99844666, -0.99928264, ...,  0.06235937,
          0.        , -0.07589966],
        [-0.9919439 , -0.99133777, -0.99352579, ...,  0.13793143,
          0.07589966,  0.        ]]]), 'num': array([ 7.07100650e-01,  7.07100650e-01,  0.00000000e+00,  1.19847568e-03,
        1.24281928e-03,  1.16371988e-03,  2.13532412e-03, -3.35573190e-05,
        1.24473684e-03,  1.30855567e-03,  1.31588635e-03,  3.86490677e-07,
        1.42625129e-03,  1.19086005e-03])}
{'img': array([[[ 0.        ,  0.75154146,  0.89810036, ...,  0.98496134,
          0.97432853,  0.92834179],
        [-0.75154146,  0.        ,  0.26194326, ...,  0.5199176 ,
          0.47355556,  0.33304514],
        [-0.89810036, -0.26194326,  0.        , ...,  0.27800754,
          0.22631037,  0.07442715],
        ...,
        [-0.98496134, -0.5199176 , -0.27800754, ...,  0.        ,
         -0.05340574, -0.20574333],
        [-0.97432853, -0.47355556, -0.22631037, ...,  0.05340574,
          0.        , -0.15318654],
        [-0.92834179, -0.33304514, -0.07442715, ...,  0.20574333,
          0.15318654,  0.        ]],

       [[ 0.        ,  0.98625844,  0.76340812, ..., -0.12233805,
         -0.40097273,  0.25831221],
        [-0.98625844,  0.        ,  0.76316306, ..., -0.9990616 ,
         -0.96974612, -0.91011058],
        [-0.76340812, -0.76316306,  0.        , ..., -0.67865362,
         -0.44035566, -0.90434729],
        ...,
        [ 0.12233805,  0.9990616 ,  0.67865362, ...,  0.        ,
         -0.28588816,  0.37455797],
        [ 0.40097273,  0.96974612,  0.44035566, ...,  0.28588816,
          0.        ,  0.62400154],
        [-0.25831221,  0.91011058,  0.90434729, ..., -0.37455797,
         -0.62400154,  0.        ]],

       [[ 0.        ,  0.44289982,  0.62199128, ...,  0.99982794,
          0.99999226,  0.99558418],
        [-0.44289982,  0.        ,  0.21085814, ...,  0.90463252,
          0.89830689,  0.8510357 ],
        [-0.62199128, -0.21085814,  0.        , ...,  0.79442722,
          0.78546552,  0.72117832],
        ...,
        [-0.99982794, -0.90463252, -0.79442722, ...,  0.        ,
         -0.01461549, -0.11232465],
        [-0.99999226, -0.89830689, -0.78546552, ...,  0.01461549,
          0.        , -0.09778966],
        [-0.99558418, -0.8510357 , -0.72117832, ...,  0.11232465,
          0.09778966,  0.        ]],

       ...,

       [[ 0.        ,  0.29091205,  0.49202579, ..., -0.63200613,
         -0.66985088, -0.93273767],
        [-0.29091205,  0.        ,  0.21748318, ..., -0.83011793,
         -0.85688063, -0.99728659],
        [-0.49202579, -0.21748318,  0.        , ..., -0.93151426,
         -0.94848621, -0.98942606],
        ...,
        [ 0.63200613,  0.83011793,  0.93151426, ...,  0.        ,
         -0.04984809, -0.49496411],
        [ 0.66985088,  0.85688063,  0.94848621, ...,  0.04984809,
          0.        , -0.4510351 ],
        [ 0.93273767,  0.99728659,  0.98942606, ...,  0.49496411,
          0.4510351 ,  0.        ]],

       [[ 0.        ,  0.25376516,  0.49419144, ...,  0.92634219,
          0.92097194,  0.90940418],
        [-0.25376516,  0.        ,  0.25740298, ...,  0.99160822,
          0.98969896,  0.98517997],
        [-0.49419144, -0.25740298,  0.        , ...,  0.99147202,
          0.99320108,  0.99613424],
        ...,
        [-0.92634219, -0.99160822, -0.99147202, ...,  0.        ,
          0.01401513,  0.04272104],
        [-0.92097194, -0.98969896, -0.99320108, ..., -0.01401513,
          0.        ,  0.02871451],
        [-0.90940418, -0.98517997, -0.99613424, ..., -0.04272104,
         -0.02871451,  0.        ]],

       [[ 0.        , -0.01786405, -0.07954201, ...,  0.99844666,
          0.99133777,  0.97156419],
        [ 0.01786405,  0.        , -0.06172187, ...,  0.99928264,
          0.99352579,  0.97563894],
        [ 0.07954201,  0.06172187,  0.        , ...,  0.99971486,
          0.99864355,  0.98731947],
        ...,
        [-0.99844666, -0.99928264, -0.99971486, ...,  0.        ,
         -0.07589966, -0.18227681],
        [-0.99133777, -0.99352579, -0.99864355, ...,  0.07589966,
          0.        , -0.1071229 ],
        [-0.97156419, -0.97563894, -0.98731947, ...,  0.18227681,
          0.1071229 ,  0.        ]]]), 'num': array([ 7.07101537e-01,  7.07101537e-01,  0.00000000e+00,  1.15533200e-03,
        1.21166043e-03,  1.15533200e-03,  1.55112909e-03, -4.31451785e-05,
        1.21549556e-03,  1.29621300e-03,  1.31756586e-03,  2.88458691e-07,
        1.42342891e-03,  1.16899708e-03])}
{'img': array([[[ 0.        ,  0.67805001,  0.79329856, ...,  0.87926079,
          0.75736063,  0.47473983],
        [-0.67805001,  0.        ,  0.17026787, ...,  0.32328774,
          0.11390749, -0.24782831],
        [-0.79329856, -0.17026787,  0.        , ...,  0.15744243,
         -0.05691546, -0.40916566],
        ...,
        [-0.87926079, -0.32328774, -0.15744243, ...,  0.        ,
         -0.21339284, -0.54772255],
        [-0.75736063, -0.11390749,  0.05691546, ...,  0.21339284,
          0.        , -0.35656931],
        [-0.47473983,  0.24782831,  0.40916566, ...,  0.54772255,
          0.35656931,  0.        ]],

       [[ 0.        ,  0.76316306, -0.88682608, ..., -0.96974612,
         -0.91011058, -0.9858237 ],
        [-0.76316306,  0.        , -0.92573251, ..., -0.44035566,
         -0.90434729, -0.76509205],
        [ 0.88682608,  0.92573251,  0.        , ..., -0.66461108,
         -0.05309507, -0.30675681],
        ...,
        [ 0.96974612,  0.44035566,  0.66461108, ...,  0.        ,
          0.62400154,  0.40336334],
        [ 0.91011058,  0.90434729,  0.05309507, ..., -0.62400154,
          0.        , -0.25578887],
        [ 0.9858237 ,  0.76509205,  0.30675681, ..., -0.40336334,
          0.25578887,  0.        ]],

       [[ 0.        ,  0.47449014,  0.70466157, ...,  0.99872985,
          0.98814446,  0.95451515],
        [-0.47449014,  0.        ,  0.28361454, ...,  0.85523543,
          0.79697781,  0.69874716],
        [-0.70466157, -0.28361454,  0.        , ...,  0.67313776,
          0.59294699,  0.46716649],
        ...,
        [-0.99872985, -0.85523543, -0.67313776, ...,  0.        ,
         -0.10354402, -0.24969018],
        [-0.98814446, -0.79697781, -0.59294699, ...,  0.10354402,
          0.        , -0.14808372],
        [-0.95451515, -0.69874716, -0.46716649, ...,  0.24969018,
          0.14808372,  0.        ]],

       ...,

       [[ 0.        ,  0.18891939,  0.40539621, ..., -0.67973787,
         -0.76448714, -0.99655676],
        [-0.18891939,  0.        ,  0.2253971 , ..., -0.80606145,
         -0.87250552, -0.96294743],
        [-0.40539621, -0.2253971 ,  0.        , ..., -0.91871624,
         -0.9601833 , -0.87738072],
        ...,
        [ 0.67973787,  0.80606145,  0.91871624, ...,  0.        ,
         -0.12253149, -0.787289  ],
        [ 0.76448714,  0.87250552,  0.9601833 , ...,  0.12253149,
          0.        , -0.70580551],
        [ 0.99655676,  0.96294743,  0.87738072, ...,  0.787289  ,
          0.70580551,  0.        ]],

       [[ 0.        ,  0.4349429 ,  0.62173404, ...,  0.92520294,
          0.91378658,  0.92023691],
        [-0.4349429 ,  0.        ,  0.21918576, ...,  0.99815537,
          0.99949794,  0.99885474],
        [-0.62173404, -0.21918576,  0.        , ...,  0.96057634,
          0.96824867,  0.96407865],
        ...,
        [-0.92520294, -0.99815537, -0.96057634, ...,  0.        ,
          0.02905543,  0.01288429],
        [-0.91378658, -0.99949794, -0.96824867, ..., -0.02905543,
          0.        , -0.01617416],
        [-0.92023691, -0.99885474, -0.96407865, ..., -0.01288429,
          0.01617416,  0.        ]],

       [[ 0.        , -0.06172187, -0.13831561, ...,  0.99352579,
          0.97563894,  0.94117384],
        [ 0.06172187,  0.        , -0.07692329, ...,  0.99864355,
          0.98731947,  0.96023662],
        [ 0.13831561,  0.07692329,  0.        , ...,  0.99968982,
          0.99660531,  0.97886747],
        ...,
        [-0.99352579, -0.99864355, -0.99968982, ...,  0.        ,
         -0.1071229 , -0.22881122],
        [-0.97563894, -0.98731947, -0.99660531, ...,  0.1071229 ,
          0.        , -0.12321358],
        [-0.94117384, -0.96023662, -0.97886747, ...,  0.22881122,
          0.12321358,  0.        ]]]), 'num': array([7.07101167e-01, 7.07101167e-01, 0.00000000e+00, 1.21046132e-03,
       1.22604152e-03, 1.11698015e-03, 1.86095844e-03, 5.51299215e-05,
       1.20806437e-03, 1.28680428e-03, 1.31886352e-03, 3.62696852e-07,
       1.41010439e-03, 1.16350416e-03])}
{'img': array([[[ 0.        ,  0.21457524,  0.14639223, ...,  0.14639223,
         -0.53375751,  0.24207732],
        [-0.21457524,  0.        , -0.06928115, ..., -0.06928115,
         -0.70277783,  0.02824561],
        [-0.14639223,  0.06928115,  0.        , ...,  0.        ,
         -0.65180191,  0.09743125],
        ...,
        [-0.14639223,  0.06928115,  0.        , ...,  0.        ,
         -0.65180191,  0.09743125],
        [ 0.53375751,  0.70277783,  0.65180191, ...,  0.65180191,
          0.        ,  0.72259162],
        [-0.24207732, -0.02824561, -0.09743125, ..., -0.09743125,
         -0.72259162,  0.        ]],

       [[ 0.        , -0.92573251, -0.63567772, ..., -0.90434729,
         -0.76509205, -0.84876575],
        [ 0.92573251,  0.        , -0.47422349, ..., -0.05309507,
         -0.30675681, -0.16851334],
        [ 0.63567772,  0.47422349,  0.        , ...,  0.42680944,
          0.18129012,  0.31908189],
        ...,
        [ 0.90434729,  0.05309507, -0.42680944, ...,  0.        ,
         -0.25578887, -0.11593987],
        [ 0.76509205,  0.30675681, -0.18129012, ...,  0.25578887,
          0.        ,  0.14198103],
        [ 0.84876575,  0.16851334, -0.31908189, ...,  0.11593987,
         -0.14198103,  0.        ]],

       [[ 0.        ,  0.57463317,  0.71549987, ...,  0.97389799,
          0.92464413,  0.90755912],
        [-0.57463317,  0.        ,  0.18412691, ...,  0.66661517,
          0.53790016,  0.501454  ],
        [-0.71549987, -0.18412691,  0.        , ...,  0.51796912,
          0.37348283,  0.33357666],
        ...,
        [-0.97389799, -0.66661517, -0.51796912, ...,  0.        ,
         -0.1610104 , -0.20296014],
        [-0.92464413, -0.53790016, -0.37348283, ...,  0.1610104 ,
          0.        , -0.04265277],
        [-0.90755912, -0.501454  , -0.33357666, ...,  0.20296014,
          0.04265277,  0.        ]],

       ...,

       [[ 0.        ,  0.2253971 ,  0.90055233, ..., -0.87250552,
         -0.96294743, -0.91935092],
        [-0.2253971 ,  0.        ,  0.77938754, ..., -0.9601833 ,
         -0.87738072, -0.98437315],
        [-0.90055233, -0.77938754,  0.        , ..., -0.81933341,
         -0.17576989, -0.75399763],
        ...,
        [ 0.87250552,  0.9601833 ,  0.81933341, ...,  0.        ,
         -0.70580551, -0.10592148],
        [ 0.96294743,  0.87738072,  0.17576989, ...,  0.70580551,
          0.        ,  0.62679963],
        [ 0.91935092,  0.98437315,  0.75399763, ...,  0.10592148,
         -0.62679963,  0.        ]],

       [[ 0.        ,  0.48116479,  0.62198957, ...,  0.92698744,
          0.93315179,  0.95827756],
        [-0.48116479,  0.        ,  0.16849051, ...,  0.99310639,
          0.99099937,  0.97759083],
        [-0.62198957, -0.16849051,  0.        , ...,  0.95915837,
          0.95427609,  0.92814486],
        ...,
        [-0.92698744, -0.99310639, -0.95915837, ...,  0.        ,
         -0.01678227, -0.09447314],
        [-0.93315179, -0.99099937, -0.95427609, ...,  0.01678227,
          0.        , -0.07775263],
        [-0.95827756, -0.97759083, -0.92814486, ...,  0.09447314,
          0.07775263,  0.        ]],

       [[ 0.        , -0.07692329, -0.13170309, ...,  0.98731947,
          0.96023662,  0.95151507],
        [ 0.07692329,  0.        , -0.05505963, ...,  0.99660531,
          0.97886747,  0.97235751],
        [ 0.13170309,  0.05505963,  0.        , ...,  0.99962646,
          0.98864205,  0.98373877],
        ...,
        [-0.98731947, -0.99660531, -0.99962646, ...,  0.        ,
         -0.12321358, -0.15265244],
        [-0.96023662, -0.97886747, -0.98864205, ...,  0.12321358,
          0.        , -0.02971974],
        [-0.95151507, -0.97235751, -0.98373877, ...,  0.15265244,
          0.02971974,  0.        ]]]), 'num': array([ 7.07101515e-01,  7.07101515e-01,  0.00000000e+00,  1.15653044e-03,
        1.21046192e-03,  1.14814110e-03,  1.64024780e-03, -5.39314715e-05,
        1.19056719e-03,  1.27679763e-03,  1.31842473e-03,  3.69503677e-07,
        1.40802354e-03,  1.14557171e-03])}
{'img': array([[[ 0.        , -0.06928115,  0.44708554, ..., -0.70277783,
          0.02824561, -0.61577792],
        [ 0.06928115,  0.        ,  0.50798265, ..., -0.65180191,
          0.09743125, -0.55971033],
        [-0.44708554, -0.50798265,  0.        , ..., -0.94668944,
         -0.42164171, -0.90307547],
        ...,
        [ 0.70277783,  0.65180191,  0.94668944, ...,  0.        ,
          0.72259162,  0.11566234],
        [-0.02824561, -0.09743125,  0.42164171, ..., -0.72259162,
          0.        , -0.63778751],
        [ 0.61577792,  0.55971033,  0.90307547, ..., -0.11566234,
          0.63778751,  0.        ]],

       [[ 0.        , -0.54399849,  0.15070282, ..., -0.35772642,
         -0.19883286, -0.31131646],
        [ 0.54399849,  0.        ,  0.6642382 , ...,  0.20783687,
          0.36629878,  0.25574384],
        [-0.15070282, -0.6642382 ,  0.        , ..., -0.49437114,
         -0.34425582, -0.45097479],
        ...,
        [ 0.35772642, -0.20783687,  0.49437114, ...,  0.        ,
          0.16490846,  0.04923413],
        [ 0.19883286, -0.36629878,  0.34425582, ..., -0.16490846,
          0.        , -0.11614841],
        [ 0.31131646, -0.25574384,  0.45097479, ..., -0.04923413,
          0.11614841,  0.        ]],

       [[ 0.        ,  0.49614696,  0.79112811, ...,  0.85494176,
          0.82732752,  0.74864765],
        [-0.49614696,  0.        ,  0.3834194 , ...,  0.48493007,
          0.43962207,  0.32107514],
        [-0.79112811, -0.3834194 ,  0.        , ...,  0.11254841,
          0.06164293, -0.066582  ],
        ...,
        [-0.85494176, -0.48493007, -0.11254841, ...,  0.        ,
         -0.05108311, -0.17845762],
        [-0.82732752, -0.43962207, -0.06164293, ...,  0.05108311,
          0.        , -0.12796152],
        [-0.74864765, -0.32107514,  0.066582  , ...,  0.17845762,
          0.12796152,  0.        ]],

       ...,

       [[ 0.        ,  0.77938754,  0.87738072, ..., -0.87738072,
         -0.98437315, -0.97830099],
        [-0.77938754,  0.        ,  0.17576989, ..., -0.17576989,
         -0.75399763, -0.77442713],
        [-0.87738072, -0.17576989,  0.        , ..., -0.        ,
         -0.62679963, -0.65116716],
        ...,
        [ 0.87738072,  0.17576989,  0.        , ...,  0.        ,
          0.62679963,  0.65116716],
        [ 0.98437315,  0.75399763,  0.62679963, ..., -0.62679963,
          0.        ,  0.03167698],
        [ 0.97830099,  0.77442713,  0.65116716, ..., -0.65116716,
         -0.03167698,  0.        ]],

       [[ 0.        ,  0.43539032,  0.7229799 , ...,  0.94830014,
          0.97104655,  0.9739812 ],
        [-0.43539032,  0.        ,  0.35005901, ...,  0.99188138,
          0.97818722,  0.97549057],
        [-0.7229799 , -0.35005901,  0.        , ...,  0.88460692,
          0.84357893,  0.83674157],
        ...,
        [-0.94830014, -0.99188138, -0.88460692, ...,  0.        ,
         -0.08164608, -0.09420504],
        [-0.97104655, -0.97818722, -0.84357893, ...,  0.08164608,
          0.        , -0.01260753],
        [-0.9739812 , -0.97549057, -0.83674157, ...,  0.09420504,
          0.01260753,  0.        ]],

       [[ 0.        , -0.05505963, -0.20450132, ...,  0.97886747,
          0.97235751,  0.94604458],
        [ 0.05505963,  0.        , -0.15029509, ...,  0.98864205,
          0.98373877,  0.96245083],
        [ 0.20450132,  0.15029509,  0.        , ...,  1.        ,
          0.99955844,  0.99231704],
        ...,
        [-0.97886747, -0.98864205, -1.        , ...,  0.        ,
         -0.02971974, -0.12372675],
        [-0.97235751, -0.98373877, -0.99955844, ...,  0.02971974,
          0.        , -0.09418071],
        [-0.94604458, -0.96245083, -0.99231704, ...,  0.12372675,
          0.09418071,  0.        ]]]), 'num': array([ 7.07102261e-01,  7.07102261e-01,  0.00000000e+00,  1.14574536e-03,
        1.17331036e-03,  1.14574536e-03,  9.05102879e-04, -1.07863057e-05,
        1.17331036e-03,  1.26649206e-03,  1.31740742e-03,  3.92663866e-07,
        1.40470499e-03,  1.12827912e-03])}
{'img': array([[[ 0.        ,  0.48051107,  0.40613186, ...,  0.08909946,
         -0.4197382 , -0.70175506],
        [-0.48051107,  0.        , -0.08292493, ..., -0.40046073,
         -0.80423922, -0.95775611],
        [-0.40613186,  0.08292493,  0.        , ..., -0.32309619,
         -0.75218649, -0.93060971],
        ...,
        [-0.08909946,  0.40046073,  0.32309619, ...,  0.        ,
         -0.49893949, -0.76244008],
        [ 0.4197382 ,  0.80423922,  0.75218649, ...,  0.49893949,
          0.        , -0.33791545],
        [ 0.70175506,  0.95775611,  0.93060971, ...,  0.76244008,
          0.33791545,  0.        ]],

       [[ 0.        ,  0.6642382 ,  0.46886897, ...,  0.36629878,
          0.25574384, -0.22811039],
        [-0.6642382 ,  0.        , -0.23621078, ..., -0.34425582,
         -0.45097479, -0.81724304],
        [-0.46886897,  0.23621078,  0.        , ..., -0.11274141,
         -0.22738625, -0.65798991],
        ...,
        [-0.36629878,  0.34425582,  0.11274141, ...,  0.        ,
         -0.11614841, -0.56889751],
        [-0.25574384,  0.45097479,  0.22738625, ...,  0.11614841,
          0.        , -0.46952571],
        [ 0.22811039,  0.81724304,  0.65798991, ...,  0.56889751,
          0.46952571,  0.        ]],

       [[ 0.        ,  0.68841659,  0.82511886, ...,  0.74067508,
          0.62546477,  0.4614684 ],
        [-0.68841659,  0.        ,  0.20954425, ...,  0.07470122,
         -0.08347941, -0.27602316],
        [-0.82511886, -0.20954425,  0.        , ..., -0.13591599,
         -0.29043893, -0.47129888],
        ...,
        [-0.74067508, -0.07470122,  0.13591599, ...,  0.        ,
         -0.15768663, -0.34705109],
        [-0.62546477,  0.08347941,  0.29043893, ...,  0.15768663,
          0.        , -0.19482339],
        [-0.4614684 ,  0.27602316,  0.47129888, ...,  0.34705109,
          0.19482339,  0.        ]],

       ...,

       [[ 0.        ,  0.17576989, -0.47573421, ..., -0.75399763,
         -0.77442713, -0.83378645],
        [-0.17576989,  0.        , -0.62293292, ..., -0.62679963,
         -0.65116716, -0.72376518],
        [ 0.47573421,  0.62293292,  0.        , ..., -0.97570701,
         -0.98215714, -0.99603618],
        ...,
        [ 0.75399763,  0.62679963,  0.97570701, ...,  0.        ,
          0.03167698,  0.1314229 ],
        [ 0.77442713,  0.65116716,  0.98215714, ..., -0.03167698,
          0.        ,  0.09995472],
        [ 0.83378645,  0.72376518,  0.99603618, ..., -0.1314229 ,
         -0.09995472,  0.        ]],

       [[ 0.        ,  0.62623332,  0.79148239, ...,  0.98001292,
          0.98254432,  0.986219  ],
        [-0.62623332,  0.        ,  0.23431916, ...,  0.88863207,
          0.88252398,  0.8724988 ],
        [-0.79148239, -0.23431916,  0.        , ...,  0.75642867,
          0.74776161,  0.73371604],
        ...,
        [-0.98001292, -0.88863207, -0.75642867, ...,  0.        ,
         -0.01315083, -0.03405398],
        [-0.98254432, -0.88252398, -0.74776161, ...,  0.01315083,
