state_0,state_1,state_2,state_3,state_4,state_5,state_6,state_7,state_8,state_9,state_10,state_11,state_12,state_13,state_14,state_15,state_16,state_17,state_18,state_19,state_20,state_21,state_22,state_23,state_24,state_25,state_26,state_27,state_28,state_29,state_30,state_31,state_32,state_33,state_34,state_35,state_36,state_37,state_38,state_39,state_40,state_41,state_42,state_43,state_44,state_45,state_46,state_47,state_48,state_49,state_50,state_51,state_52,state_53,state_54,state_55,state_56,state_57,state_58,state_59,state_60,state_61,state_62,state_63,state_64,state_65,state_66,state_67,state_68,state_69,state_70,state_71,state_72,state_73,state_74,state_75,state_76,state_77,state_78,state_79,state_80,state_81,state_82,state_83,state_84,state_85,state_86,state_87,state_88,state_89,state_90,state_91,state_92,state_93,state_94,state_95,state_96,state_97,state_98,state_99,state_100,state_101,state_102,state_103,state_104,state_105,state_106,state_107,state_108,state_109,state_110,state_111,state_112,state_113,state_114,state_115,state_116,state_117,state_118,state_119,state_120,state_121,state_122,state_123,state_124,state_125,state_126,state_127,state_128,state_129,state_130,state_131,state_132,state_133,state_134,state_135,state_136,state_137,state_138,state_139,state_140,state_141,state_142,state_143,state_144,state_145,state_146,state_147,state_148,state_149,state_150,state_151,state_152,state_153,state_154,state_155,state_156,state_157,state_158,state_159,state_160,state_161,state_162,state_163,state_164,state_165,state_166,state_167,state_168,state_169,state_170,state_171,state_172,state_173,state_174,state_175,state_176,state_177,state_178,state_179,state_180,state_181,state_182,state_183,state_184,state_185,state_186,state_187,state_188,state_189,state_190,state_191,state_192,state_193,state_194,state_195,state_196,state_197,state_198,state_199,state_200,state_201,state_202,state_203,state_204,state_205,state_206,state_207,state_208,state_209,state_210,state_211,state_212,state_213,state_214,state_215,state_216,state_217,state_218,state_219,state_220,state_221,state_222,state_223,state_224,state_225,state_226,state_227,state_228,state_229,state_230,state_231,state_232,state_233,state_234,state_235,state_236,state_237,state_238,state_239,state_240,state_241,state_242,state_243,state_244,state_245,state_246,state_247,state_248,state_249,state_250,state_251,state_252,state_253,state_254,state_255,state_256,state_257,state_258,state_259,state_260,state_261,state_262,state_263,state_264,state_265,state_266,state_267,state_268,state_269,state_270,state_271,state_272,state_273,state_274,state_275,state_276,state_277,state_278,state_279,state_280,state_281,state_282,state_283,state_284,state_285,state_286,state_287
{'img': array([[[ 0.        , -0.03915041, -0.11114759, ...,  0.93265397,
          0.81877015,  0.93572617],
        [ 0.03915041,  0.        , -0.07215455, ...,  0.94606331,
          0.84061951,  0.92119936],
        [ 0.11114759,  0.07215455,  0.        , ...,  0.96697412,
          0.87750919,  0.89072354],
        ...,
        [-0.93265397, -0.94606331, -0.96697412, ...,  0.        ,
         -0.24006716,  0.66655646],
        [-0.81877015, -0.84061951, -0.87750919, ...,  0.24006716,
          0.        ,  0.82602303],
        [-0.93572617, -0.92119936, -0.89072354, ..., -0.66655646,
         -0.82602303,  0.        ]],

       [[ 0.        ,  0.01875832, -0.2531027 , ..., -0.14726518,
          0.06595582,  0.32105964],
        [-0.01875832,  0.        , -0.2712057 , ..., -0.16579306,
          0.04722675,  0.30323792],
        [ 0.2531027 ,  0.2712057 ,  0.        , ...,  0.10787299,
          0.31635984,  0.55030893],
        ...,
        [ 0.14726518,  0.16579306, -0.10787299, ...,  0.        ,
          0.21218122,  0.45702795],
        [-0.06595582, -0.04722675, -0.31635984, ..., -0.21218122,
          0.        ,  0.25789649],
        [-0.32105964, -0.30323792, -0.55030893, ..., -0.45702795,
         -0.25789649,  0.        ]],

       [[ 0.        , -0.02966031, -0.08603983, ...,  0.9729259 ,
          0.98399794,  0.95416038],
        [ 0.02966031,  0.        , -0.05645165, ...,  0.97935286,
          0.98884989,  0.94486338],
        [ 0.08603983,  0.05645165,  0.        , ...,  0.98920329,
          0.99567954,  0.92487071],
        ...,
        [-0.9729259 , -0.97935286, -0.98920329, ...,  0.        ,
          0.05406314,  0.51171555],
        [-0.98399794, -0.98884989, -0.99567954, ..., -0.05406314,
          0.        ,  0.46451857],
        [-0.95416038, -0.94486338, -0.92487071, ..., -0.51171555,
         -0.46451857,  0.        ]],

       ...,

       [[ 0.        , -0.07813532, -0.07813532, ...,  0.67170601,
          0.07628597,  0.31419438],
        [ 0.07813532,  0.        ,  0.        , ...,  0.72753649,
          0.15396038,  0.38741226],
        [ 0.07813532,  0.        ,  0.        , ...,  0.72753649,
          0.15396038,  0.38741226],
        ...,
        [-0.67170601, -0.72753649, -0.72753649, ...,  0.        ,
         -0.61323465, -0.40492914],
        [-0.07628597, -0.15396038, -0.15396038, ...,  0.61323465,
          0.        ,  0.24085606],
        [-0.31419438, -0.38741226, -0.38741226, ...,  0.40492914,
         -0.24085606,  0.        ]],

       [[ 0.        ,  0.04800667,  0.06687371, ...,  0.99108021,
          0.99824366,  0.88587049],
        [-0.04800667,  0.        ,  0.0188974 , ...,  0.98353981,
          0.9942487 ,  0.90712096],
        [-0.06687371, -0.0188974 ,  0.        , ...,  0.97994958,
          0.99204732,  0.91491232],
        ...,
        [-0.99108021, -0.98353981, -0.97994958, ...,  0.        ,
          0.07431932,  0.57785152],
        [-0.99824366, -0.9942487 , -0.99204732, ..., -0.07431932,
          0.        ,  0.51559835],
        [-0.88587049, -0.90712096, -0.91491232, ..., -0.57785152,
         -0.51559835,  0.        ]],

       [[ 0.        ,  0.40237844,  0.5903339 , ...,  0.57449239,
          0.47843889,  0.4849732 ],
        [-0.40237844,  0.        ,  0.21565156, ...,  0.85528326,
          0.79133498,  0.7958717 ],
        [-0.5903339 , -0.21565156,  0.        , ...,  0.94690094,
          0.90456083,  0.90771468],
        ...,
        [-0.57449239, -0.85528326, -0.94690094, ...,  0.        ,
          0.11286677,  0.10545489],
        [-0.47843889, -0.79133498, -0.90456083, ..., -0.11286677,
          0.        , -0.00745639],
        [-0.4849732 , -0.7958717 , -0.90771468, ..., -0.10545489,
          0.00745639,  0.        ]]]), 'num': array([9.95538994e-01, 9.40820149e-02, 7.04263265e-06, 8.03437593e-04,
       8.09714449e-04, 7.84607024e-04, 6.78792410e-03, 1.56921405e-05,
       7.75819426e-04, 7.33764489e-04, 6.83497332e-04, 4.94135488e-07,
       7.99013609e-04, 6.68515369e-04])}
{'img': array([[[ 0.        , -0.06794771, -0.27934265, ...,  0.78567521,
          0.99155063,  0.89799777],
        [ 0.06794771,  0.        , -0.21345425, ...,  0.82589454,
          0.99807324,  0.8660254 ],
        [ 0.27934265,  0.21345425,  0.        , ...,  0.92721096,
          0.98831487,  0.73933904],
        ...,
        [-0.78567521, -0.82589454, -0.92721096, ...,  0.        ,
          0.51149409,  0.90123372],
        [-0.99155063, -0.99807324, -0.98831487, ..., -0.51149409,
          0.        ,  0.5527708 ],
        [-0.89799777, -0.8660254 , -0.73933904, ..., -0.90123372,
         -0.5527708 ,  0.        ]],

       [[ 0.        , -0.2712057 ,  0.22614138, ...,  0.04722675,
          0.30323792,  0.32587104],
        [ 0.2712057 ,  0.        ,  0.4818459 , ...,  0.31635984,
          0.55030893,  0.57005958],
        [-0.22614138, -0.4818459 ,  0.        , ..., -0.17988574,
          0.07988889,  0.10363191],
        ...,
        [-0.04722675, -0.31635984,  0.17988574, ...,  0.        ,
          0.25789649,  0.2808586 ],
        [-0.30323792, -0.55030893, -0.07988889, ..., -0.25789649,
          0.        ,  0.02384192],
        [-0.32587104, -0.57005958, -0.10363191, ..., -0.2808586 ,
         -0.02384192,  0.        ]],

       [[ 0.        , -0.0543724 , -0.18416347, ...,  0.95857351,
          0.99662063,  0.93248682],
        [ 0.0543724 ,  0.        , -0.13044865, ...,  0.97264324,
          0.99961262,  0.91146788],
        [ 0.18416347,  0.13044865,  0.        , ...,  0.9946358 ,
          0.99470163,  0.85001663],
        ...,
        [-0.95857351, -0.97264324, -0.9946358 , ...,  0.        ,
          0.20514347,  0.61185506],
        [-0.99662063, -0.99961262, -0.99470163, ..., -0.20514347,
          0.        ,  0.43657977],
        [-0.93248682, -0.91146788, -0.85001663, ..., -0.61185506,
         -0.43657977,  0.        ]],

       ...,

       [[ 0.        ,  0.        , -0.29953936, ...,  0.15396038,
          0.38741226,  0.48017235],
        [ 0.        ,  0.        , -0.29953936, ...,  0.15396038,
          0.38741226,  0.48017235],
        [ 0.29953936,  0.29953936,  0.        , ...,  0.44285908,
          0.64577112,  0.72087292],
        ...,
        [-0.15396038, -0.15396038, -0.44285908, ...,  0.        ,
          0.24085606,  0.3393972 ],
        [-0.38741226, -0.38741226, -0.64577112, ..., -0.24085606,
          0.        ,  0.10284603],
        [-0.48017235, -0.48017235, -0.72087292, ..., -0.3393972 ,
         -0.10284603,  0.        ]],

       [[ 0.        ,  0.01781285, -0.00235605, ...,  0.95522675,
          0.99580602,  0.88372217],
        [-0.01781285,  0.        , -0.02016848, ...,  0.94980482,
          0.99401833,  0.89191858],
        [ 0.00235605,  0.02016848,  0.        , ...,  0.9559212 ,
          0.99601881,  0.88261705],
        ...,
        [-0.95522675, -0.94980482, -0.9559212 , ...,  0.        ,
          0.20724042,  0.70852853],
        [-0.99580602, -0.99401833, -0.99601881, ..., -0.20724042,
          0.        ,  0.54690054],
        [-0.88372217, -0.89191858, -0.88261705, ..., -0.70852853,
         -0.54690054,  0.        ]],

       [[ 0.        ,  0.46194994,  0.65432794, ...,  0.48818078,
          0.4948258 ,  0.53730424],
        [-0.46194994,  0.        ,  0.23099579, ...,  0.83613382,
          0.84029486,  0.86614162],
        [-0.65432794, -0.23099579,  0.        , ...,  0.94022746,
          0.94279854,  0.95816799],
        ...,
        [-0.48818078, -0.83613382, -0.94022746, ...,  0.        ,
         -0.00763023, -0.05720221],
        [-0.4948258 , -0.84029486, -0.94279854, ...,  0.00763023,
          0.        , -0.04958281],
        [-0.53730424, -0.86614162, -0.95816799, ...,  0.05720221,
          0.04958281,  0.        ]]]), 'num': array([ 7.16130164e-01,  6.97936753e-01,  1.43255203e-07,  1.13708817e-03,
        1.15499507e-03,  1.13261145e-03,  5.69333782e-03, -8.95345019e-06,
        1.11380920e-03,  1.05494027e-03,  9.78030132e-04,  7.04846079e-07,
        1.14923991e-03,  9.60640629e-04])}
{'img': array([[[ 0.        , -0.21345425, -0.13625016, ...,  0.99807324,
          0.8660254 ,  0.98779587],
        [ 0.21345425,  0.        ,  0.07835366, ...,  0.98831487,
          0.73933904,  0.93178384],
        [ 0.13625016, -0.07835366,  0.        , ...,  0.99721957,
          0.78982417,  0.95736263],
        ...,
        [-0.99807324, -0.98831487, -0.99721957, ...,  0.        ,
          0.5527708 ,  0.21674359],
        [-0.8660254 , -0.73933904, -0.78982417, ..., -0.5527708 ,
          0.        , -0.35901099],
        [-0.98779587, -0.93178384, -0.95736263, ..., -0.21674359,
          0.35901099,  0.        ]],

       [[ 0.        ,  0.4818459 , -0.03133088, ...,  0.55030893,
          0.57005958,  0.23526157],
        [-0.4818459 ,  0.        , -0.50906322, ...,  0.07988889,
          0.10363191, -0.26217213],
        [ 0.03133088,  0.50906322,  0.        , ...,  0.57619883,
          0.59552128,  0.26559756],
        ...,
        [-0.55030893, -0.07988889, -0.57619883, ...,  0.        ,
          0.02384192, -0.33842864],
        [-0.57005958, -0.10363191, -0.59552128, ..., -0.02384192,
          0.        , -0.3607675 ],
        [-0.23526157,  0.26217213, -0.26559756, ...,  0.33842864,
          0.3607675 ,  0.        ]],

       [[ 0.        , -0.12759231, -0.15064918, ...,  0.99131567,
          0.99654104,  0.90262839],
        [ 0.12759231,  0.        , -0.02328174, ...,  0.99999222,
          0.97779283,  0.84033256],
        [ 0.15064918,  0.02328174,  0.        , ...,  0.99981301,
          0.97264855,  0.82748442],
        ...,
        [-0.99131567, -0.99999222, -0.99981301, ...,  0.        ,
          0.2134293 ,  0.54538186],
        [-0.99654104, -0.97779283, -0.97264855, ..., -0.2134293 ,
          0.        ,  0.35392163],
        [-0.90262839, -0.84033256, -0.82748442, ..., -0.54538186,
         -0.35392163,  0.        ]],

       ...,

       [[ 0.        , -0.29953936, -0.20506373, ...,  0.38741226,
          0.48017235,  0.48017235],
        [ 0.29953936,  0.        ,  0.09752572, ...,  0.64577112,
          0.72087292,  0.72087292],
        [ 0.20506373, -0.09752572,  0.        , ...,  0.56822882,
          0.64984464,  0.64984464],
        ...,
        [-0.38741226, -0.64577112, -0.56822882, ...,  0.        ,
          0.10284603,  0.10284603],
        [-0.48017235, -0.72087292, -0.64984464, ..., -0.10284603,
          0.        ,  0.        ],
        [-0.48017235, -0.72087292, -0.64984464, ..., -0.10284603,
          0.        ,  0.        ]],

       [[ 0.        , -0.01956585, -0.01517187, ...,  0.9767673 ,
          0.99718614,  0.87937069],
        [ 0.01956585,  0.        ,  0.00439463, ...,  0.98077333,
          0.99552849,  0.86988631],
        [ 0.01517187, -0.00439463,  0.        , ...,  0.97990625,
          0.995934  ,  0.87204558],
        ...,
        [-0.9767673 , -0.98077333, -0.97990625, ...,  0.        ,
          0.28692331,  0.65352731],
        [-0.99718614, -0.99552849, -0.995934  , ..., -0.28692331,
          0.        ,  0.40887572],
        [-0.87937069, -0.86988631, -0.87204558, ..., -0.65352731,
         -0.40887572,  0.        ]],

       [[ 0.        ,  0.50780584,  0.61835345, ...,  0.50836774,
          0.55176173,  0.32526854],
        [-0.50780584,  0.        ,  0.13360923, ...,  0.87523631,
          0.89883802,  0.76040181],
        [-0.61835345, -0.13360923,  0.        , ...,  0.93201521,
          0.9493375 ,  0.84035702],
        ...,
        [-0.50836774, -0.87523631, -0.93201521, ...,  0.        ,
         -0.05116453,  0.20062178],
        [-0.55176173, -0.89883802, -0.9493375 , ...,  0.05116453,
          0.        ,  0.25048331],
        [-0.32526854, -0.76040181, -0.84035702, ..., -0.20062178,
         -0.25048331,  0.        ]]]), 'num': array([7.13990840e-01, 7.00123800e-01, 1.07081391e-07, 1.15558668e-03,
       1.16004841e-03, 1.13773978e-03, 5.84424356e-03, 2.23086232e-05,
       1.12346226e-03, 1.06077503e-03, 9.78322361e-04, 7.17375334e-07,
       1.15704391e-03, 9.64506150e-04])}
{'img': array([[[ 0.00000000e+00,  7.60779217e-02, -1.30791625e-01, ...,
          9.49241983e-01,  9.82232676e-01,  7.24866952e-01],
        [-7.60779217e-02,  0.00000000e+00, -2.05836978e-01, ...,
          9.70421024e-01,  9.93663372e-01,  7.75175433e-01],
        [ 1.30791625e-01,  2.05836978e-01,  0.00000000e+00, ...,
          8.99947800e-01,  9.49249884e-01,  6.28539361e-01],
        ...,
        [-9.49241983e-01, -9.70421024e-01, -8.99947800e-01, ...,
          0.00000000e+00, -1.30816531e-01,  4.25917710e-01],
        [-9.82232676e-01, -9.93663372e-01, -9.49249884e-01, ...,
          1.30816531e-01,  0.00000000e+00,  5.40615440e-01],
        [-7.24866952e-01, -7.75175433e-01, -6.28539361e-01, ...,
         -4.25917710e-01, -5.40615440e-01,  0.00000000e+00]],

       [[ 0.00000000e+00, -5.09063215e-01, -3.36571776e-01, ...,
          1.03631906e-01, -2.62172133e-01, -2.44676940e-01],
        [ 5.09063215e-01,  0.00000000e+00,  1.89666221e-01, ...,
          5.95521276e-01,  2.65597564e-01,  2.82989495e-01],
        [ 3.36571776e-01, -1.89666221e-01,  0.00000000e+00, ...,
          4.32345373e-01,  7.79224365e-02,  9.59396104e-02],
        ...,
        [-1.03631906e-01, -5.95521276e-01, -4.32345373e-01, ...,
          0.00000000e+00, -3.60767503e-01, -3.43841509e-01],
        [ 2.62172133e-01, -2.65597564e-01, -7.79224365e-02, ...,
          3.60767503e-01,  0.00000000e+00,  1.80849063e-02],
        [ 2.44676940e-01, -2.82989495e-01, -9.59396104e-02, ...,
          3.43841509e-01, -1.80849063e-02,  0.00000000e+00]],

       [[ 0.00000000e+00, -2.24216439e-02, -1.28049436e-01, ...,
          9.99995409e-01,  9.92645816e-01,  8.22843190e-01],
        [ 2.24216439e-02,  0.00000000e+00, -1.05780181e-01, ...,
          9.99676070e-01,  9.89682019e-01,  8.09894816e-01],
        [ 1.28049436e-01,  1.05780181e-01,  0.00000000e+00, ...,
          9.91375212e-01,  9.68973134e-01,  7.43302908e-01],
        ...,
        [-9.99995409e-01, -9.99676070e-01, -9.91375212e-01, ...,
          0.00000000e+00,  1.18046366e-01,  5.65772474e-01],
        [-9.92645816e-01, -9.89682019e-01, -9.68973134e-01, ...,
         -1.18046366e-01,  0.00000000e+00,  4.64480163e-01],
        [-8.22843190e-01, -8.09894816e-01, -7.43302908e-01, ...,
         -5.65772474e-01, -4.64480163e-01,  0.00000000e+00]],

       ...,

       [[ 0.00000000e+00,  9.75257196e-02, -9.30244736e-04, ...,
          7.20872919e-01,  7.20872919e-01,  7.68793056e-01],
        [-9.75257196e-02,  0.00000000e+00, -9.84514877e-02, ...,
          6.49844638e-01,  6.49844638e-01,  7.02760755e-01],
        [ 9.30244736e-04,  9.84514877e-02,  0.00000000e+00, ...,
          7.21517330e-01,  7.21517330e-01,  7.69387613e-01],
        ...,
        [-7.20872919e-01, -6.49844638e-01, -7.21517330e-01, ...,
          0.00000000e+00,  0.00000000e+00,  7.18287674e-02],
        [-7.20872919e-01, -6.49844638e-01, -7.21517330e-01, ...,
          0.00000000e+00,  0.00000000e+00,  7.18287674e-02],
        [-7.68793056e-01, -7.02760755e-01, -7.69387613e-01, ...,
         -7.18287674e-02, -7.18287674e-02,  0.00000000e+00]],

       [[ 0.00000000e+00,  4.24432738e-03,  2.64369725e-03, ...,
          9.97393907e-01,  9.95937417e-01,  8.54713394e-01],
        [-4.24432738e-03,  0.00000000e+00, -1.60063910e-03, ...,
          9.97078702e-01,  9.96310640e-01,  8.56908927e-01],
        [-2.64369725e-03,  1.60063910e-03,  0.00000000e+00, ...,
          9.97199683e-01,  9.96171996e-01,  8.56082751e-01],
        ...,
        [-9.97393907e-01, -9.97078702e-01, -9.97199683e-01, ...,
          0.00000000e+00,  1.61668738e-01,  5.79413588e-01],
        [-9.95937417e-01, -9.96310640e-01, -9.96171996e-01, ...,
         -1.61668738e-01,  0.00000000e+00,  4.40025984e-01],
        [-8.54713394e-01, -8.56908927e-01, -8.56082751e-01, ...,
         -5.79413588e-01, -4.40025984e-01,  0.00000000e+00]],

       [[ 0.00000000e+00,  1.79951110e-01,  2.37629952e-01, ...,
          8.58655869e-01,  7.36319049e-01,  3.39244960e-01],
        [-1.79951110e-01,  0.00000000e+00,  5.89542283e-02, ...,
          9.36873186e-01,  8.46060180e-01,  5.02986636e-01],
        [-2.37629952e-01, -5.89542283e-02,  0.00000000e+00, ...,
          9.55858155e-01,  8.76016372e-01,  5.53065582e-01],
        ...,
        [-8.58655869e-01, -9.36873186e-01, -9.55858155e-01, ...,
          0.00000000e+00,  2.03593999e-01,  6.33855055e-01],
        [-7.36319049e-01, -8.46060180e-01, -8.76016372e-01, ...,
         -2.03593999e-01,  0.00000000e+00,  4.63109061e-01],
        [-3.39244960e-01, -5.02986636e-01, -5.53065582e-01, ...,
         -6.33855055e-01, -4.63109061e-01,  0.00000000e+00]]]), 'num': array([7.11138577e-01, 7.03020172e-01, 6.22099952e-08, 1.15977205e-03,
       1.17310277e-03, 1.15088491e-03, 5.90233326e-03, 8.88714217e-06,
       1.13844291e-03, 1.06556835e-03, 9.78429917e-04, 7.10971374e-07,
       1.16431565e-03, 9.66821039e-04])}
{'img': array([[[ 0.00000000e+00, -2.02163062e-01, -5.28811193e-01, ...,
          9.99556352e-01,  9.40783661e-01,  7.65801587e-01],
        [ 2.02163062e-01,  0.00000000e+00, -3.46308459e-01, ...,
          9.72896119e-01,  8.52823443e-01,  6.19982821e-01],
        [ 5.28811193e-01,  3.46308459e-01,  0.00000000e+00, ...,
          8.32612720e-01,  6.19209269e-01,  3.09899774e-01],
        ...,
        [-9.99556352e-01, -9.72896119e-01, -8.32612720e-01, ...,
          0.00000000e+00,  3.10836621e-01,  6.19982821e-01],
        [-9.40783661e-01, -8.52823443e-01, -6.19209269e-01, ...,
         -3.10836621e-01,  0.00000000e+00,  3.45383759e-01],
        [-7.65801587e-01, -6.19982821e-01, -3.09899774e-01, ...,
         -6.19982821e-01, -3.45383759e-01,  0.00000000e+00]],

       [[ 0.00000000e+00,  1.89666221e-01,  5.14587623e-01, ...,
          2.65597564e-01,  2.82989495e-01,  2.91261756e-01],
        [-1.89666221e-01,  0.00000000e+00,  3.42620164e-01, ...,
          7.79224365e-02,  9.59396104e-02,  1.04532017e-01],
        [-5.14587623e-01, -3.42620164e-01,  0.00000000e+00, ...,
         -2.68372297e-01, -2.50906940e-01, -2.42538014e-01],
        ...,
        [-2.65597564e-01, -7.79224365e-02,  2.68372297e-01, ...,
          0.00000000e+00,  1.80849063e-02,  2.67186390e-02],
        [-2.82989495e-01, -9.59396104e-02,  2.50906940e-01, ...,
         -1.80849063e-02,  0.00000000e+00,  8.63581936e-03],
        [-2.91261756e-01, -1.04532017e-01,  2.42538014e-01, ...,
         -2.67186390e-02, -8.63581936e-03,  0.00000000e+00]],

       [[ 0.00000000e+00, -1.00734354e-01, -2.59928166e-01, ...,
          9.97455057e-01,  9.94696413e-01,  7.85723031e-01],
        [ 1.00734354e-01,  0.00000000e+00, -1.61334095e-01, ...,
          9.99563521e-01,  9.79275769e-01,  7.19414237e-01],
        [ 2.59928166e-01,  1.61334095e-01,  0.00000000e+00, ...,
          9.81702853e-01,  9.33771886e-01,  5.97930158e-01],
        ...,
        [-9.97455057e-01, -9.99563521e-01, -9.81702853e-01, ...,
          0.00000000e+00,  1.73512620e-01,  6.73024722e-01],
        [-9.94696413e-01, -9.79275769e-01, -9.33771886e-01, ...,
         -1.73512620e-01,  0.00000000e+00,  5.34482643e-01],
        [-7.85723031e-01, -7.19414237e-01, -5.97930158e-01, ...,
         -6.73024722e-01, -5.34482643e-01,  0.00000000e+00]],

       ...,

       [[ 0.00000000e+00, -9.84514877e-02, -3.38144925e-01, ...,
          6.49844638e-01,  7.02760755e-01,  6.90393363e-01],
        [ 9.84514877e-02,  0.00000000e+00, -2.43850057e-01, ...,
          7.21517330e-01,  7.69387613e-01,  7.58262500e-01],
        [ 3.38144925e-01,  2.43850057e-01,  0.00000000e+00, ...,
          8.68577743e-01,  9.01929144e-01,  8.94350680e-01],
        ...,
        [-6.49844638e-01, -7.21517330e-01, -8.68577743e-01, ...,
          0.00000000e+00,  7.18287674e-02,  5.46254393e-02],
        [-7.02760755e-01, -7.69387613e-01, -9.01929144e-01, ...,
         -7.18287674e-02,  0.00000000e+00, -1.72371805e-02],
        [-6.90393363e-01, -7.58262500e-01, -8.94350680e-01, ...,
         -5.46254393e-02,  1.72371805e-02,  0.00000000e+00]],

       [[ 0.00000000e+00, -1.54779999e-03, -6.11290208e-04, ...,
          9.97669047e-01,  9.92926834e-01,  8.41857979e-01],
        [ 1.54779999e-03,  0.00000000e+00,  9.36510226e-04, ...,
          9.97773471e-01,  9.92741877e-01,  8.41021625e-01],
        [ 6.11290208e-04, -9.36510226e-04,  0.00000000e+00, ...,
          9.97710574e-01,  9.92854071e-01,  8.41527909e-01],
        ...,
        [-9.97669047e-01, -9.97773471e-01, -9.97710574e-01, ...,
          0.00000000e+00,  1.86206795e-01,  5.95888110e-01],
        [-9.92926834e-01, -9.92741877e-01, -9.92854071e-01, ...,
         -1.86206795e-01,  0.00000000e+00,  4.35929750e-01],
        [-8.41857979e-01, -8.41021625e-01, -8.41527909e-01, ...,
         -5.95888110e-01, -4.35929750e-01,  0.00000000e+00]],

       [[ 0.00000000e+00,  5.74155475e-02,  4.96602144e-02, ...,
          9.18435409e-01,  8.16383379e-01,  4.91655526e-01],
        [-5.74155475e-02,  0.00000000e+00, -7.76641332e-03, ...,
          9.39632252e-01,  8.48194718e-01,  5.40841347e-01],
        [-4.96602144e-02,  7.76641332e-03,  0.00000000e+00, ...,
          9.36946356e-01,  8.44055388e-01,  5.34292514e-01],
        ...,
        [-9.18435409e-01, -9.39632252e-01, -9.36946356e-01, ...,
          0.00000000e+00,  2.07468361e-01,  6.05279512e-01],
        [-8.16383379e-01, -8.48194718e-01, -8.44055388e-01, ...,
         -2.07468361e-01,  0.00000000e+00,  4.26962161e-01],
        [-4.91655526e-01, -5.40841347e-01, -5.34292514e-01, ...,
         -6.05279512e-01, -4.26962161e-01,  0.00000000e+00]]]), 'num': array([9.68663887e-01, 2.48217759e-01, 5.52065998e-06, 1.57992572e-03,
       1.58597907e-03, 1.55571230e-03, 7.75235046e-03, 0.00000000e+00,
       1.56297632e-03, 1.46218796e-03, 1.33827578e-03, 9.88302897e-07,
       1.60199164e-03, 1.32238428e-03])}
{'img': array([[[ 0.00000000e+00, -3.46308459e-01, -6.19982821e-01, ...,
          8.52823443e-01,  6.19982821e-01,  6.19982821e-01],
        [ 3.46308459e-01,  0.00000000e+00, -3.09899774e-01, ...,
          6.19209269e-01,  3.09899774e-01,  3.09899774e-01],
        [ 6.19982821e-01,  3.09899774e-01,  0.00000000e+00, ...,
          3.45383759e-01,  0.00000000e+00,  0.00000000e+00],
        ...,
        [-8.52823443e-01, -6.19209269e-01, -3.45383759e-01, ...,
          0.00000000e+00,  3.45383759e-01,  3.45383759e-01],
        [-6.19982821e-01, -3.09899774e-01, -0.00000000e+00, ...,
         -3.45383759e-01,  0.00000000e+00,  0.00000000e+00],
        [-6.19982821e-01, -3.09899774e-01, -0.00000000e+00, ...,
         -3.45383759e-01,  0.00000000e+00,  0.00000000e+00]],

       [[ 0.00000000e+00,  3.42620164e-01, -5.21746976e-03, ...,
          9.59396104e-02,  1.04532017e-01,  8.21649954e-02],
        [-3.42620164e-01,  0.00000000e+00, -3.47517178e-01, ...,
         -2.50906940e-01, -2.42538014e-01, -2.64269798e-01],
        [ 5.21746976e-03,  3.47517178e-01,  0.00000000e+00, ...,
          1.01131707e-01,  1.09719480e-01,  8.73637052e-02],
        ...,
        [-9.59396104e-02,  2.50906940e-01, -1.01131707e-01, ...,
          0.00000000e+00,  8.63581936e-03, -1.38292325e-02],
        [-1.04532017e-01,  2.42538014e-01, -1.09719480e-01, ...,
         -8.63581936e-03,  0.00000000e+00, -2.24637104e-02],
        [-8.21649954e-02,  2.64269798e-01, -8.73637052e-02, ...,
          1.38292325e-02,  2.24637104e-02,  0.00000000e+00]],

       [[ 0.00000000e+00, -1.58210269e-01, -3.53727766e-01, ...,
          9.93936084e-01,  9.16514370e-01,  7.09244470e-01],
        [ 1.58210269e-01,  0.00000000e+00, -2.01290996e-01, ...,
          9.64021199e-01,  8.41686892e-01,  5.88779526e-01],
        [ 3.53727766e-01,  2.01290996e-01,  0.00000000e+00, ...,
          8.90780866e-01,  7.15768539e-01,  4.14025846e-01],
        ...,
        [-9.93936084e-01, -9.64021199e-01, -8.90780866e-01, ...,
          0.00000000e+00,  2.96796847e-01,  6.22699705e-01],
        [-9.16514370e-01, -8.41686892e-01, -7.15768539e-01, ...,
         -2.96796847e-01,  0.00000000e+00,  3.62409325e-01],
        [-7.09244470e-01, -5.88779526e-01, -4.14025846e-01, ...,
         -6.22699705e-01, -3.62409325e-01,  0.00000000e+00]],

       ...,

       [[ 0.00000000e+00, -2.43850057e-01, -2.97471263e-01, ...,
          7.69387613e-01,  7.58262500e-01,  8.04024089e-01],
        [ 2.43850057e-01,  0.00000000e+00, -5.56803286e-02, ...,
          9.01929144e-01,  8.94350680e-01,  9.24745415e-01],
        [ 2.97471263e-01,  5.56803286e-02,  0.00000000e+00, ...,
          9.24577378e-01,  9.17872745e-01,  9.44501978e-01],
        ...,
        [-7.69387613e-01, -9.01929144e-01, -9.24577378e-01, ...,
          0.00000000e+00, -1.72371805e-02,  5.61209240e-02],
        [-7.58262500e-01, -8.94350680e-01, -9.17872745e-01, ...,
          1.72371805e-02,  0.00000000e+00,  7.33226004e-02],
        [-8.04024089e-01, -9.24745415e-01, -9.44501978e-01, ...,
         -5.61209240e-02, -7.33226004e-02,  0.00000000e+00]],

       [[ 0.00000000e+00,  9.08266429e-04,  7.91040609e-03, ...,
          9.99652744e-01,  9.86750067e-01,  8.26935539e-01],
        [-9.08266429e-04,  0.00000000e+00,  7.00216481e-03, ...,
          9.99628397e-01,  9.86897024e-01,  8.27445913e-01],
        [-7.91040609e-03, -7.00216481e-03,  0.00000000e+00, ...,
          9.99413017e-01,  9.88002639e-01,  8.31357661e-01],
        ...,
        [-9.99652744e-01, -9.99628397e-01, -9.99413017e-01, ...,
          0.00000000e+00,  1.88193489e-01,  5.83892312e-01],
        [-9.86750067e-01, -9.86897024e-01, -9.88002639e-01, ...,
         -1.88193489e-01,  0.00000000e+00,  4.20677977e-01],
        [-8.26935539e-01, -8.27445913e-01, -8.31357661e-01, ...,
         -5.83892312e-01, -4.20677977e-01,  0.00000000e+00]],

       [[ 0.00000000e+00, -7.64339248e-03, -6.89539188e-02, ...,
          8.99928350e-01,  7.86628595e-01,  5.33598404e-01],
        [ 7.64339248e-03,  0.00000000e+00, -6.13267045e-02, ...,
          8.96569254e-01,  7.81886384e-01,  5.27118510e-01],
        [ 6.89539188e-02,  6.13267045e-02,  0.00000000e+00, ...,
          8.67719867e-01,  7.42182323e-01,  4.74011410e-01],
        ...,
        [-8.99928350e-01, -8.96569254e-01, -8.67719867e-01, ...,
          0.00000000e+00,  2.12639787e-01,  5.28434517e-01],
        [-7.86628595e-01, -7.81886384e-01, -7.42182323e-01, ...,
         -2.12639787e-01,  0.00000000e+00,  3.35823903e-01],
        [-5.33598404e-01, -5.27118510e-01, -4.74011410e-01, ...,
         -5.28434517e-01, -3.35823903e-01,  0.00000000e+00]]]), 'num': array([ 9.75312933e-01,  2.20454573e-01,  5.92045772e-06,  1.58251228e-03,
        1.61354194e-03,  1.57630635e-03,  1.20645772e-02, -3.72355832e-05,
        1.60113008e-03,  1.50711023e-03,  1.37738559e-03,  8.83151652e-07,
        1.65015794e-03,  1.36406252e-03])}
{'img': array([[[ 0.        , -0.30989977,  0.34630846, ...,  0.30989977,
          0.30989977,  0.80310647],
        [ 0.30989977,  0.        ,  0.61998282, ...,  0.        ,
          0.        ,  0.57891962],
        [-0.34630846, -0.61998282,  0.        , ...,  0.61998282,
          0.61998282,  0.9597537 ],
        ...,
        [-0.30989977, -0.        , -0.61998282, ...,  0.        ,
          0.        , -0.57891962],
        [-0.30989977, -0.        , -0.61998282, ...,  0.        ,
          0.        , -0.57891962],
        [-0.80310647, -0.57891962, -0.9597537 , ...,  0.57891962,
          0.57891962,  0.        ]],

       [[ 0.        , -0.34751718, -0.35955741, ..., -0.24253801,
         -0.2642698 ,  0.01433297],
        [ 0.34751718,  0.        , -0.01287124, ...,  0.10971948,
          0.08736371,  0.36092113],
        [ 0.35955741,  0.01287124,  0.        , ...,  0.12250392,
          0.1001785 ,  0.3728949 ],
        ...,
        [ 0.24253801, -0.10971948, -0.12250392, ...,  0.        ,
         -0.02246371,  0.25641811],
        [ 0.2642698 , -0.08736371, -0.1001785 , ...,  0.02246371,
          0.        ,  0.27806607],
        [-0.01433297, -0.36092113, -0.3728949 , ..., -0.25641811,
         -0.27806607,  0.        ]],

       [[ 0.        , -0.201291  , -0.24862861, ...,  0.84168689,
          0.58877953,  0.67886587],
        [ 0.201291  ,  0.        , -0.04856932, ...,  0.71576854,
          0.41402585,  0.5171701 ],
        [ 0.24862861,  0.04856932,  0.        , ...,  0.68100602,
          0.36932626,  0.47499011],
        ...,
        [-0.84168689, -0.71576854, -0.68100602, ...,  0.        ,
          0.36240933,  0.25145454],
        [-0.58877953, -0.41402585, -0.36932626, ..., -0.36240933,
          0.        , -0.11640438],
        [-0.67886587, -0.5171701 , -0.47499011, ..., -0.25145454,
          0.11640438,  0.        ]],

       ...,

       [[ 0.        , -0.05568033,  0.04512681, ...,  0.89435068,
          0.92474542,  0.68806104],
        [ 0.05568033,  0.        ,  0.10068041, ...,  0.91787274,
          0.94450198,  0.7273982 ],
        [-0.04512681, -0.10068041,  0.        , ...,  0.87325135,
          0.9066287 ,  0.65461369],
        ...,
        [-0.89435068, -0.91787274, -0.87325135, ...,  0.        ,
          0.0733226 , -0.34117257],
        [-0.92474542, -0.94450198, -0.9066287 , ..., -0.0733226 ,
          0.        , -0.40917753],
        [-0.68806104, -0.7273982 , -0.65461369, ...,  0.34117257,
          0.40917753,  0.        ]],

       [[ 0.        ,  0.00690452,  0.00164587, ...,  0.996496  ,
          0.95172333,  0.82090321],
        [-0.00690452,  0.        , -0.00525868, ...,  0.99704974,
          0.95382004,  0.82482659],
        [-0.00164587,  0.00525868,  0.        , ...,  0.99663231,
          0.95222726,  0.821842  ],
        ...,
        [-0.996496  , -0.99704974, -0.99663231, ...,  0.        ,
          0.22627899,  0.5004056 ],
        [-0.95172333, -0.95382004, -0.95222726, ..., -0.22627899,
          0.        ,  0.29151601],
        [-0.82090321, -0.82482659, -0.821842  , ..., -0.5004056 ,
         -0.29151601,  0.        ]],

       [[ 0.        , -0.05991512,  0.02886566, ...,  0.8820164 ,
          0.81852648,  0.51665402],
        [ 0.05991512,  0.        ,  0.08870395, ...,  0.85219871,
          0.78263662,  0.46442686],
        [-0.02886566, -0.08870395,  0.        , ...,  0.8952509 ,
          0.83476782,  0.54115334],
        ...,
        [-0.8820164 , -0.85219871, -0.8952509 , ...,  0.        ,
          0.1209859 ,  0.51172034],
        [-0.81852648, -0.78263662, -0.83476782, ..., -0.1209859 ,
          0.        ,  0.40401607],
        [-0.51665402, -0.46442686, -0.54115334, ..., -0.51172034,
         -0.40401607,  0.        ]]]), 'num': array([8.83111631e-01, 4.68335169e-01, 3.14224592e-06, 1.46048050e-03,
       1.47154474e-03, 1.42175564e-03, 2.75785188e-02, 4.97891079e-05,
       1.43835201e-03, 1.35315731e-03, 1.23395850e-03, 8.25130225e-07,
       1.48525348e-03, 1.22106115e-03])}
{'img': array([[[ 0.        ,  0.60776407,  0.49201232, ...,  0.41071294,
          0.67774815,  0.        ],
        [-0.60776407,  0.        , -0.13839658, ...,  0.88029222,
          0.98509711,  0.60776407],
        [-0.49201232,  0.13839658,  0.        , ...,  0.80616133,
          0.95181334,  0.49201232],
        ...,
        [-0.41071294, -0.88029222, -0.80616133, ...,  0.        ,
         -0.31595204,  0.41071294],
        [-0.67774815, -0.98509711, -0.95181334, ...,  0.31595204,
          0.        ,  0.67774815],
        [-0.        , -0.60776407, -0.49201232, ..., -0.41071294,
         -0.67774815,  0.        ]],

       [[ 0.        , -0.01287124, -0.19350611, ...,  0.08736371,
          0.36092113,  0.99446612],
        [ 0.01287124,  0.        , -0.18086211, ...,  0.1001785 ,
          0.3728949 ,  0.99573596],
        [ 0.19350611,  0.18086211,  0.        , ...,  0.27847868,
          0.53456247,  0.99599911],
        ...,
        [-0.08736371, -0.1001785 , -0.27847868, ...,  0.        ,
          0.27806607,  0.98148552],
        [-0.36092113, -0.3728949 , -0.53456247, ..., -0.27806607,
          0.        ,  0.88951789],
        [-0.99446612, -0.99573596, -0.99599911, ..., -0.98148552,
         -0.88951789,  0.        ]],

       [[ 0.        , -0.04781404, -0.21292077, ...,  0.69376079,
          0.7072748 ,  0.40811895],
        [ 0.04781404,  0.        , -0.16595961, ...,  0.65853137,
          0.67266427,  0.36400136],
        [ 0.21292077,  0.16595961,  0.        , ...,  0.52450577,
          0.54053468,  0.20437907],
        ...,
        [-0.69376079, -0.65853137, -0.52450577, ...,  0.        ,
         -0.01893685,  0.33942466],
        [-0.7072748 , -0.67266427, -0.54053468, ...,  0.01893685,
          0.        ,  0.35717642],
        [-0.40811895, -0.36400136, -0.20437907, ..., -0.33942466,
         -0.35717642,  0.        ]],

       ...,

       [[ 0.        ,  0.10068041, -0.28023811, ...,  0.94450198,
          0.7273982 ,  0.80888655],
        [-0.10068041,  0.        , -0.37546037, ...,  0.9066287 ,
          0.65461369,  0.74557992],
        [ 0.28023811,  0.37546037,  0.        , ...,  0.9987161 ,
          0.8905555 ,  0.94124502],
        ...,
        [-0.94450198, -0.9066287 , -0.9987161 , ...,  0.        ,
         -0.40917753, -0.28961   ],
        [-0.7273982 , -0.65461369, -0.8905555 , ...,  0.40917753,
          0.        ,  0.12738608],
        [-0.80888655, -0.74557992, -0.94124502, ...,  0.28961   ,
         -0.12738608,  0.        ]],

       [[ 0.        , -0.00511512, -0.00625178, ...,  0.99349493,
          0.97859557,  0.81179224],
        [ 0.00511512,  0.        , -0.00113668, ...,  0.99289945,
          0.97753011,  0.80879466],
        [ 0.00625178,  0.00113668,  0.        , ...,  0.99276359,
          0.97728987,  0.80812567],
        ...,
        [-0.99349493, -0.99289945, -0.99276359, ...,  0.        ,
          0.09301534,  0.48770385],
        [-0.97859557, -0.97753011, -0.97728987, ..., -0.09301534,
          0.        ,  0.40438625],
        [-0.81179224, -0.80879466, -0.80812567, ..., -0.48770385,
         -0.40438625,  0.        ]],

       [[ 0.        ,  0.08734853,  0.10184381, ...,  0.84721051,
          0.7274244 ,  0.45818045],
        [-0.08734853,  0.        ,  0.01456019, ...,  0.89037686,
          0.78458155,  0.53406975],
        [-0.10184381, -0.01456019,  0.        , ...,  0.89691063,
          0.79352607,  0.5463229 ],
        ...,
        [-0.84721051, -0.89037686, -0.89691063, ...,  0.        ,
          0.194896  ,  0.50963913],
        [-0.7274244 , -0.78458155, -0.79352607, ..., -0.194896  ,
          0.        ,  0.33218002],
        [-0.45818045, -0.53406975, -0.5463229 , ..., -0.50963913,
         -0.33218002,  0.        ]]]), 'num': array([7.70365304e-01, 6.37498041e-01, 9.80570207e-07, 1.30262023e-03,
       1.30742694e-03, 1.25935978e-03, 1.10248681e-02, 3.36470169e-05,
       1.26128246e-03, 1.18629768e-03, 1.07816258e-03, 7.39494877e-07,
       1.30677667e-03, 1.06581869e-03])}
{'img': array([[[ 0.        , -0.13895486,  0.19280169, ...,  0.99993913,
          0.93870767,  0.5607916 ],
        [ 0.13895486,  0.        ,  0.32727902, ...,  0.98870532,
          0.88170127,  0.44030256],
        [-0.19280169, -0.32727902,  0.        , ...,  0.98330523,
          0.98755688,  0.7099014 ],
        ...,
        [-0.99993913, -0.98870532, -0.98330523, ...,  0.        ,
          0.33433634,  0.82171928],
        [-0.93870767, -0.88170127, -0.98755688, ..., -0.33433634,
          0.        ,  0.58389671],
        [-0.5607916 , -0.44030256, -0.7099014 , ..., -0.82171928,
         -0.58389671,  0.        ]],

       [[ 0.        , -0.18086211,  0.1813481 , ...,  0.3728949 ,
          0.99573596,  0.49114676],
        [ 0.18086211,  0.        ,  0.35622062, ...,  0.53456247,
          0.99599911,  0.64059179],
        [-0.1813481 , -0.35622062,  0.        , ...,  0.19844381,
          0.96249644,  0.32503491],
        ...,
        [-0.3728949 , -0.53456247, -0.19844381, ...,  0.        ,
          0.88951789,  0.13090199],
        [-0.99573596, -0.99599911, -0.96249644, ..., -0.88951789,
          0.        , -0.82205471],
        [-0.49114676, -0.64059179, -0.32503491, ..., -0.13090199,
          0.82205471,  0.        ]],

       [[ 0.        , -0.16273158, -0.04936735, ...,  0.78335704,
          0.68752401,  0.35724646],
        [ 0.16273158,  0.        ,  0.11382386, ...,  0.67176578,
          0.56019014,  0.20049155],
        [ 0.04936735, -0.11382386,  0.        , ...,  0.75171652,
          0.65083703,  0.31070126],
        ...,
        [-0.78335704, -0.67176578, -0.75171652, ...,  0.        ,
          0.14149815,  0.50960902],
        [-0.68752401, -0.56019014, -0.65083703, ..., -0.14149815,
          0.        ,  0.38273573],
        [-0.35724646, -0.20049155, -0.31070126, ..., -0.50960902,
         -0.38273573,  0.        ]],

       ...,

       [[ 0.        , -0.37546037, -0.36574924, ...,  0.65461369,
          0.74557992,  0.80359892],
        [ 0.37546037,  0.        ,  0.01045555, ...,  0.8905555 ,
          0.94124502,  0.96826958],
        [ 0.36574924, -0.01045555,  0.        , ...,  0.88575085,
          0.93766247,  0.96560373],
        ...,
