state_0,state_1,state_2,state_3,state_4,state_5,state_6,state_7,state_8,state_9,state_10,state_11,state_12,state_13,state_14,state_15,state_16,state_17,state_18,state_19,state_20,state_21,state_22,state_23,state_24,state_25,state_26,state_27,state_28,state_29,state_30,state_31,state_32,state_33,state_34,state_35,state_36,state_37,state_38,state_39,state_40,state_41,state_42,state_43,state_44,state_45,state_46,state_47,state_48,state_49,state_50,state_51,state_52,state_53,state_54,state_55,state_56,state_57,state_58,state_59,state_60,state_61,state_62,state_63,state_64,state_65,state_66,state_67,state_68,state_69,state_70,state_71,state_72,state_73,state_74,state_75,state_76,state_77,state_78,state_79,state_80,state_81,state_82,state_83,state_84,state_85,state_86,state_87,state_88,state_89,state_90,state_91,state_92,state_93,state_94,state_95,state_96,state_97,state_98,state_99,state_100,state_101,state_102,state_103,state_104,state_105,state_106,state_107,state_108,state_109,state_110,state_111,state_112,state_113,state_114,state_115,state_116,state_117,state_118,state_119,state_120,state_121,state_122,state_123,state_124,state_125,state_126,state_127,state_128,state_129,state_130,state_131,state_132,state_133,state_134,state_135,state_136,state_137,state_138,state_139,state_140,state_141,state_142,state_143,state_144,state_145,state_146,state_147,state_148,state_149,state_150,state_151,state_152,state_153,state_154,state_155,state_156,state_157,state_158,state_159,state_160,state_161,state_162,state_163,state_164,state_165,state_166,state_167,state_168,state_169,state_170,state_171,state_172,state_173,state_174,state_175,state_176,state_177,state_178,state_179,state_180,state_181,state_182,state_183,state_184,state_185,state_186,state_187,state_188,state_189,state_190,state_191,state_192,state_193,state_194,state_195,state_196,state_197,state_198,state_199,state_200,state_201,state_202,state_203,state_204,state_205,state_206,state_207,state_208,state_209,state_210,state_211,state_212,state_213,state_214,state_215,state_216,state_217,state_218,state_219,state_220,state_221,state_222,state_223,state_224,state_225,state_226,state_227,state_228,state_229,state_230,state_231,state_232,state_233,state_234,state_235,state_236,state_237,state_238,state_239,state_240,state_241,state_242,state_243,state_244,state_245,state_246,state_247,state_248,state_249,state_250,state_251,state_252,state_253,state_254,state_255,state_256,state_257,state_258,state_259,state_260,state_261,state_262,state_263,state_264,state_265,state_266,state_267,state_268,state_269,state_270,state_271,state_272,state_273,state_274,state_275,state_276,state_277,state_278,state_279,state_280,state_281,state_282,state_283,state_284,state_285,state_286,state_287
{'img': array([[[ 0.        , -0.24748572,  0.03946432, ..., -0.98005392,
         -0.95069749, -0.96218791],
        [ 0.24748572,  0.        ,  0.28552957, ..., -0.99874923,
         -0.99787298, -0.86484395],
        [-0.03946432, -0.28552957,  0.        , ..., -0.97144762,
         -0.93771821, -0.9721879 ],
        ...,
        [ 0.98005392,  0.99874923,  0.97144762, ...,  0.        ,
         -0.11500032,  0.45817079],
        [ 0.95069749,  0.99787298,  0.93771821, ...,  0.11500032,
          0.        ,  0.5573507 ],
        [ 0.96218791,  0.86484395,  0.9721879 , ..., -0.45817079,
         -0.5573507 ,  0.        ]],

       [[ 0.        ,  0.07889085, -0.33511863, ..., -0.64486065,
         -0.67532066, -0.53774376],
        [-0.07889085,  0.        , -0.40840321, ..., -0.70314708,
         -0.73139977, -0.60258128],
        [ 0.33511863,  0.40840321,  0.        , ..., -0.35144097,
         -0.38911277, -0.22410793],
        ...,
        [ 0.64486065,  0.70314708,  0.35144097, ...,  0.        ,
         -0.04054733,  0.13268974],
        [ 0.67532066,  0.73139977,  0.38911277, ...,  0.04054733,
          0.        ,  0.17276941],
        [ 0.53774376,  0.60258128,  0.22410793, ..., -0.13268974,
         -0.17276941,  0.        ]],

       [[ 0.        , -0.62574344, -0.78622132, ..., -0.36620181,
         -0.        , -0.35876007],
        [ 0.62574344,  0.        , -0.22660036, ..., -0.86792446,
         -0.62574344, -0.86393081],
        [ 0.78622132,  0.22660036,  0.        , ..., -0.9578994 ,
         -0.78622132, -0.95557641],
        ...,
        [ 0.36620181,  0.86792446,  0.9578994 , ...,  0.        ,
         -0.36620181, -0.00798472],
        [ 0.        ,  0.62574344,  0.78622132, ...,  0.36620181,
          0.        ,  0.35876007],
        [ 0.35876007,  0.86393081,  0.95557641, ...,  0.00798472,
         -0.35876007,  0.        ]],

       ...,

       [[ 0.        , -0.11752966, -0.27389217, ..., -0.43968028,
         -0.5226158 , -0.02538096],
        [ 0.11752966,  0.        , -0.15895855, ..., -0.33107325,
         -0.41879168,  0.09228674],
        [ 0.27389217,  0.15895855,  0.        , ..., -0.17686964,
         -0.2691194 ,  0.24939353],
        ...,
        [ 0.43968028,  0.33107325,  0.17686964, ...,  0.        ,
         -0.09453218,  0.41674262],
        [ 0.5226158 ,  0.41879168,  0.2691194 , ...,  0.09453218,
          0.        ,  0.50080844],
        [ 0.02538096, -0.09228674, -0.24939353, ..., -0.41674262,
         -0.50080844,  0.        ]],

       [[ 0.        ,  0.1210696 ,  0.15603351, ..., -0.9523366 ,
         -0.95356766, -0.95450604],
        [-0.1210696 ,  0.        ,  0.03529901, ..., -0.90839905,
         -0.91008963, -0.91138278],
        [-0.15603351, -0.03529901,  0.        , ..., -0.89307426,
         -0.89489414, -0.89628715],
        ...,
        [ 0.9523366 ,  0.90839905,  0.89307426, ...,  0.        ,
          0.00406136,  0.00719253],
        [ 0.95356766,  0.91008963,  0.89489414, ..., -0.00406136,
          0.        ,  0.00313122],
        [ 0.95450604,  0.91138278,  0.89628715, ..., -0.00719253,
         -0.00313122,  0.        ]],

       [[ 0.        , -0.51234601, -0.59928246, ..., -0.77410095,
         -0.76945353, -0.78392955],
        [ 0.51234601,  0.        , -0.10449898, ..., -0.98912861,
         -0.98802745, -0.99131224],
        [ 0.59928246,  0.10449898,  0.        , ..., -0.99908002,
         -0.99873991, -0.99962951],
        ...,
        [ 0.77410095,  0.98912861,  0.99908002, ...,  0.        ,
         -0.00730852,  0.01567573],
        [ 0.76945353,  0.98802745,  0.99873991, ...,  0.00730852,
          0.        ,  0.02298293],
        [ 0.78392955,  0.99131224,  0.99962951, ..., -0.01567573,
         -0.02298293,  0.        ]]]), 'num': array([ 7.09800151e-01,  7.04186972e-01,  1.28154763e-07,  5.61317863e-03,
        5.75414887e-03,  5.60036316e-03,  6.99109865e-03, -3.20386908e-05,
        5.54910125e-03,  5.63784842e-03,  5.77839148e-03,  5.70871218e-06,
        5.80811952e-03,  5.46757732e-03])}
{'img': array([[[ 0.00000000e+00,  2.85529575e-01,  6.77959371e-02, ...,
         -9.97872975e-01, -8.64843952e-01, -9.09815253e-01],
        [-2.85529575e-01,  0.00000000e+00, -2.19899045e-01, ...,
         -9.37718212e-01, -9.72187899e-01, -9.90438180e-01],
        [-6.77959371e-02,  2.19899045e-01,  0.00000000e+00, ...,
         -9.91157571e-01, -8.96890451e-01, -9.35858187e-01],
        ...,
        [ 9.97872975e-01,  9.37718212e-01,  9.91157571e-01, ...,
          0.00000000e+00,  5.57350697e-01,  4.73440138e-01],
        [ 8.64843952e-01,  9.72187899e-01,  8.96890451e-01, ...,
         -5.57350697e-01,  0.00000000e+00, -9.78424395e-02],
        [ 9.09815253e-01,  9.90438180e-01,  9.35858187e-01, ...,
         -4.73440138e-01,  9.78424395e-02,  0.00000000e+00]],

       [[ 0.00000000e+00, -4.08403211e-01, -4.25865383e-01, ...,
         -7.31399775e-01, -6.02581284e-01, -6.38857174e-01],
        [ 4.08403211e-01,  0.00000000e+00, -1.92128897e-02, ...,
         -3.89112766e-01, -2.24107927e-01, -2.68954923e-01],
        [ 4.25865383e-01,  1.92128897e-02,  0.00000000e+00, ...,
         -3.71342218e-01, -2.05342363e-01, -2.50400330e-01],
        ...,
        [ 7.31399775e-01,  3.89112766e-01,  3.71342218e-01, ...,
          0.00000000e+00,  1.72769413e-01,  1.27016417e-01],
        [ 6.02581284e-01,  2.24107927e-01,  2.05342363e-01, ...,
         -1.72769413e-01,  0.00000000e+00, -4.62637047e-02],
        [ 6.38857174e-01,  2.68954923e-01,  2.50400330e-01, ...,
         -1.27016417e-01,  4.62637047e-02,  0.00000000e+00]],

       [[ 0.00000000e+00, -5.75380047e-01, -7.46807159e-01, ...,
         -0.00000000e+00, -3.79471926e-01, -4.44185264e-01],
        [ 5.75380047e-01,  0.00000000e+00, -2.28152133e-01, ...,
         -5.75380047e-01, -8.42708334e-01, -8.78796087e-01],
        [ 7.46807159e-01,  2.28152133e-01,  0.00000000e+00, ...,
         -7.46807159e-01, -9.43312669e-01, -9.64491899e-01],
        ...,
        [ 0.00000000e+00,  5.75380047e-01,  7.46807159e-01, ...,
          0.00000000e+00,  3.79471926e-01,  4.44185264e-01],
        [ 3.79471926e-01,  8.42708334e-01,  9.43312669e-01, ...,
         -3.79471926e-01,  0.00000000e+00,  7.09794862e-02],
        [ 4.44185264e-01,  8.78796087e-01,  9.64491899e-01, ...,
         -4.44185264e-01, -7.09794862e-02,  0.00000000e+00]],

       ...,

       [[ 0.00000000e+00, -1.58958555e-01, -1.58958555e-01, ...,
         -4.18791682e-01,  9.22867418e-02,  1.46060112e-01],
        [ 1.58958555e-01,  0.00000000e+00,  0.00000000e+00, ...,
         -2.69119398e-01,  2.49393534e-01,  3.01456834e-01],
        [ 1.58958555e-01,  0.00000000e+00,  0.00000000e+00, ...,
         -2.69119398e-01,  2.49393534e-01,  3.01456834e-01],
        ...,
        [ 4.18791682e-01,  2.69119398e-01,  2.69119398e-01, ...,
          0.00000000e+00,  5.00808437e-01,  5.46935050e-01],
        [-9.22867418e-02, -2.49393534e-01, -2.49393534e-01, ...,
         -5.00808437e-01,  0.00000000e+00,  5.41397642e-02],
        [-1.46060112e-01, -3.01456834e-01, -3.01456834e-01, ...,
         -5.46935050e-01, -5.41397642e-02,  0.00000000e+00]],

       [[ 0.00000000e+00,  3.52990130e-02,  1.04925673e-01, ...,
         -9.10089626e-01, -9.11382777e-01, -9.11616714e-01],
        [-3.52990130e-02,  0.00000000e+00,  6.97561179e-02, ...,
         -8.94894138e-01, -8.96287147e-01, -8.96539238e-01],
        [-1.04925673e-01, -6.97561179e-02,  0.00000000e+00, ...,
         -8.61583589e-01, -8.63168821e-01, -8.63455864e-01],
        ...,
        [ 9.10089626e-01,  8.94894138e-01,  8.61583589e-01, ...,
          0.00000000e+00,  3.13121788e-03,  3.69998746e-03],
        [ 9.11382777e-01,  8.96287147e-01,  8.63168821e-01, ...,
         -3.13121788e-03,  0.00000000e+00,  5.68772873e-04],
        [ 9.11616714e-01,  8.96539238e-01,  8.63455864e-01, ...,
         -3.69998746e-03, -5.68772873e-04,  0.00000000e+00]],

       [[ 0.00000000e+00, -3.48433128e-01, -5.43471022e-01, ...,
         -7.91435094e-01, -8.05905769e-01, -8.10083075e-01],
        [ 3.48433128e-01,  0.00000000e+00, -2.16929172e-01, ...,
         -9.54819608e-01, -9.61690271e-01, -9.63609727e-01],
        [ 5.43471022e-01,  2.16929172e-01,  0.00000000e+00, ...,
         -9.96551131e-01, -9.98258474e-01, -9.98651632e-01],
        ...,
        [ 7.91435094e-01,  9.54819608e-01,  9.96551131e-01, ...,
          0.00000000e+00,  2.40482323e-02,  3.11355272e-02],
        [ 8.05905769e-01,  9.61690271e-01,  9.98258474e-01, ...,
         -2.40482323e-02,  0.00000000e+00,  7.08994976e-03],
        [ 8.10083075e-01,  9.63609727e-01,  9.98651632e-01, ...,
         -3.11355272e-02, -7.08994976e-03,  0.00000000e+00]]]), 'num': array([ 7.06705430e-01,  7.06705430e-01,  0.00000000e+00,  1.10044131e-02,
        1.11053710e-02,  1.09917934e-02,  1.22537674e-02, -5.04789593e-05,
        1.09741257e-02,  1.11003231e-02,  1.13647067e-02,  1.08485483e-05,
        1.14381364e-02,  1.07625099e-02])}
{'img': array([[[ 0.00000000e+00, -2.19899045e-01, -2.85529575e-01, ...,
         -9.72187899e-01, -9.90438180e-01, -9.98574230e-01],
        [ 2.19899045e-01,  0.00000000e+00, -6.77959371e-02, ...,
         -8.96890451e-01, -9.35858187e-01, -9.62393380e-01],
        [ 2.85529575e-01,  6.77959371e-02,  0.00000000e+00, ...,
         -8.64843952e-01, -9.09815253e-01, -9.41761692e-01],
        ...,
        [ 9.72187899e-01,  8.96890451e-01,  8.64843952e-01, ...,
          0.00000000e+00, -9.78424395e-02, -1.81972173e-01],
        [ 9.90438180e-01,  9.35858187e-01,  9.09815253e-01, ...,
          9.78424395e-02,  0.00000000e+00, -8.48902247e-02],
        [ 9.98574230e-01,  9.62393380e-01,  9.41761692e-01, ...,
          1.81972173e-01,  8.48902247e-02,  0.00000000e+00]],

       [[ 0.00000000e+00, -1.92128897e-02, -3.24522568e-02, ...,
         -2.24107927e-01, -2.68954923e-01, -3.23218264e-01],
        [ 1.92128897e-02,  0.00000000e+00, -1.32434966e-02, ...,
         -2.05342363e-01, -2.50400330e-01, -3.04976975e-01],
        [ 3.24522568e-02,  1.32434966e-02,  0.00000000e+00, ...,
         -1.92363074e-01, -2.37556780e-01, -2.92337656e-01],
        ...,
        [ 2.24107927e-01,  2.05342363e-01,  1.92363074e-01, ...,
          0.00000000e+00, -4.62637047e-02, -1.02918182e-01],
        [ 2.68954923e-01,  2.50400330e-01,  2.37556780e-01, ...,
          4.62637047e-02,  0.00000000e+00, -5.67899468e-02],
        [ 3.23218264e-01,  3.04976975e-01,  2.92337656e-01, ...,
          1.02918182e-01,  5.67899468e-02,  0.00000000e+00]],

       [[ 0.00000000e+00, -5.55011647e-01, -7.44822213e-01, ...,
         -3.97250544e-01, -4.64620625e-01, -5.70771239e-01],
        [ 5.55011647e-01,  0.00000000e+00, -2.49236109e-01, ...,
         -8.39789764e-01, -8.77959492e-01, -9.30516945e-01],
        [ 7.44822213e-01,  2.49236109e-01,  0.00000000e+00, ...,
         -9.48601518e-01, -9.69571536e-01, -9.92434827e-01],
        ...,
        [ 3.97250544e-01,  8.39789764e-01,  9.48601518e-01, ...,
          0.00000000e+00,  7.46178198e-02,  1.97616540e-01],
        [ 4.64620625e-01,  8.77959492e-01,  9.69571536e-01, ...,
         -7.46178198e-02,  0.00000000e+00,  1.23919314e-01],
        [ 5.70771239e-01,  9.30516945e-01,  9.92434827e-01, ...,
         -1.97616540e-01, -1.23919314e-01,  0.00000000e+00]],

       ...,

       [[ 0.00000000e+00,  0.00000000e+00,  1.39304334e-02, ...,
          2.49393534e-01,  3.01456834e-01,  2.49393534e-01],
        [ 0.00000000e+00,  0.00000000e+00,  1.39304334e-02, ...,
          2.49393534e-01,  3.01456834e-01,  2.49393534e-01],
        [-1.39304334e-02, -1.39304334e-02,  0.00000000e+00, ...,
          2.35879072e-01,  2.88145195e-01,  2.35879072e-01],
        ...,
        [-2.49393534e-01, -2.49393534e-01, -2.35879072e-01, ...,
          0.00000000e+00,  5.41397642e-02,  0.00000000e+00],
        [-3.01456834e-01, -3.01456834e-01, -2.88145195e-01, ...,
         -5.41397642e-02,  0.00000000e+00, -5.41397642e-02],
        [-2.49393534e-01, -2.49393534e-01, -2.35879072e-01, ...,
          0.00000000e+00,  5.41397642e-02,  0.00000000e+00]],

       [[ 0.00000000e+00,  6.97561179e-02,  1.65130575e-01, ...,
         -8.96287147e-01, -8.96539238e-01, -8.96042036e-01],
        [-6.97561179e-02,  0.00000000e+00,  9.59298434e-02, ...,
         -8.63168821e-01, -8.63455864e-01, -8.62889776e-01],
        [-1.65130575e-01, -9.59298434e-02,  0.00000000e+00, ...,
         -8.10751513e-01, -8.11084336e-01, -8.10428022e-01],
        ...,
        [ 8.96287147e-01,  8.63168821e-01,  8.10751513e-01, ...,
          0.00000000e+00,  5.68772873e-04, -5.52396532e-04],
        [ 8.96539238e-01,  8.63455864e-01,  8.11084336e-01, ...,
         -5.68772873e-04,  0.00000000e+00, -1.12116923e-03],
        [ 8.96042036e-01,  8.62889776e-01,  8.10428022e-01, ...,
          5.52396532e-04,  1.12116923e-03,  0.00000000e+00]],

       [[ 0.00000000e+00, -4.38097706e-01, -5.90124462e-01, ...,
         -8.15435613e-01, -8.19601668e-01, -8.14607709e-01],
        [ 4.38097706e-01,  0.00000000e+00, -1.76797368e-01, ...,
         -9.86609271e-01, -9.87763335e-01, -9.86375221e-01],
        [ 5.90124462e-01,  1.76797368e-01,  0.00000000e+00, ...,
         -9.99903424e-01, -9.99776726e-01, -9.99922261e-01],
        ...,
        [ 8.15435613e-01,  9.86609271e-01,  9.99903424e-01, ...,
          0.00000000e+00,  7.23401172e-03, -1.42882491e-03],
        [ 8.19601668e-01,  9.87763335e-01,  9.99776726e-01, ...,
         -7.23401172e-03,  0.00000000e+00, -8.66279186e-03],
        [ 8.14607709e-01,  9.86375221e-01,  9.99922261e-01, ...,
          1.42882491e-03,  8.66279186e-03,  0.00000000e+00]]]), 'num': array([ 7.06710164e-01,  7.06710164e-01,  0.00000000e+00,  1.09666274e-02,
        1.10802058e-02,  1.09413877e-02,  1.18363857e-02, -3.78594731e-05,
        1.09943910e-02,  1.10877777e-02,  1.13452221e-02,  1.03153347e-05,
        1.14257817e-02,  1.07497736e-02])}
{'img': array([[[ 0.00000000e+00, -6.77959371e-02,  2.00446987e-01, ...,
         -9.35858187e-01, -9.62393380e-01, -9.78850643e-01],
        [ 6.77959371e-02,  0.00000000e+00,  2.66405788e-01, ...,
         -9.09815253e-01, -9.41761692e-01, -9.62729078e-01],
        [-2.00446987e-01, -2.66405788e-01,  0.00000000e+00, ...,
         -9.87497405e-01, -9.97314538e-01, -9.99991110e-01],
        ...,
        [ 9.35858187e-01,  9.09815253e-01,  9.87497405e-01, ...,
          0.00000000e+00, -8.48902247e-02, -1.53470015e-01],
        [ 9.62393380e-01,  9.41761692e-01,  9.97314538e-01, ...,
          8.48902247e-02,  0.00000000e+00, -6.90314802e-02],
        [ 9.78850643e-01,  9.62729078e-01,  9.99991110e-01, ...,
          1.53470015e-01,  6.90314802e-02,  0.00000000e+00]],

       [[ 0.00000000e+00, -1.32434966e-02, -1.89825394e-01, ...,
         -2.50400330e-01, -3.04976975e-01, -3.21072175e-01],
        [ 1.32434966e-02,  0.00000000e+00, -1.76806045e-01, ...,
         -2.37556780e-01, -2.92337656e-01, -3.08501702e-01],
        [ 1.89825394e-01,  1.76806045e-01,  0.00000000e+00, ...,
         -6.20695073e-02, -1.18649782e-01, -1.35459360e-01],
        ...,
        [ 2.50400330e-01,  2.37556780e-01,  6.20695073e-02, ...,
          0.00000000e+00, -5.67899468e-02, -7.37007648e-02],
        [ 3.04976975e-01,  2.92337656e-01,  1.18649782e-01, ...,
          5.67899468e-02,  0.00000000e+00, -1.69463218e-02],
        [ 3.21072175e-01,  3.08501702e-01,  1.35459360e-01, ...,
          7.37007648e-02,  1.69463218e-02,  0.00000000e+00]],

       [[ 0.00000000e+00, -3.53468996e-01, -3.47847813e-01, ...,
         -7.35360221e-01, -8.16077867e-01, -8.44019212e-01],
        [ 3.53468996e-01,  0.00000000e+00,  6.00228559e-03, ...,
         -9.27427562e-01, -9.67681539e-01, -9.79104595e-01],
        [ 3.47847813e-01, -6.00228559e-03,  0.00000000e+00, ...,
         -9.25165983e-01, -9.66150478e-01, -9.77866349e-01],
        ...,
        [ 7.35360221e-01,  9.27427562e-01,  9.25165983e-01, ...,
          0.00000000e+00,  1.28041206e-01,  1.77588726e-01],
        [ 8.16077867e-01,  9.67681539e-01,  9.66150478e-01, ...,
         -1.28041206e-01,  0.00000000e+00,  5.01210017e-02],
        [ 8.44019212e-01,  9.79104595e-01,  9.77866349e-01, ...,
         -1.77588726e-01, -5.01210017e-02,  0.00000000e+00]],

       ...,

       [[ 0.00000000e+00,  1.39304334e-02,  2.50341038e-01, ...,
          3.01456834e-01,  2.49393534e-01,  1.78132060e-01],
        [-1.39304334e-02,  0.00000000e+00,  2.36829890e-01, ...,
          2.88145195e-01,  2.35879072e-01,  1.64407137e-01],
        [-2.50341038e-01, -2.36829890e-01,  0.00000000e+00, ...,
          5.31626309e-02, -9.78542585e-04, -7.38773028e-02],
        ...,
        [-3.01456834e-01, -2.88145195e-01, -5.31626309e-02, ...,
          0.00000000e+00, -5.41397642e-02, -1.26790186e-01],
        [-2.49393534e-01, -2.35879072e-01,  9.78542585e-04, ...,
          5.41397642e-02,  0.00000000e+00, -7.29013989e-02],
        [-1.78132060e-01, -1.64407137e-01,  7.38773028e-02, ...,
          1.26790186e-01,  7.29013989e-02,  0.00000000e+00]],

       [[ 0.00000000e+00,  9.59298434e-02,  1.12764876e-01, ...,
         -8.63455864e-01, -8.62889776e-01, -8.52244981e-01],
        [-9.59298434e-02,  0.00000000e+00,  1.69268418e-02, ...,
         -8.11084336e-01, -8.10428022e-01, -7.98129494e-01],
        [-1.12764876e-01, -1.69268418e-02,  0.00000000e+00, ...,
         -8.01067128e-01, -8.00395522e-01, -7.87816963e-01],
        ...,
        [ 8.63455864e-01,  8.11084336e-01,  8.01067128e-01, ...,
          0.00000000e+00, -1.12116923e-03, -2.18176432e-02],
        [ 8.62889776e-01,  8.10428022e-01,  8.00395522e-01, ...,
          1.12116923e-03,  0.00000000e+00, -2.06967271e-02],
        [ 8.52244981e-01,  7.98129494e-01,  7.87816963e-01, ...,
          2.18176432e-02,  2.06967271e-02,  0.00000000e+00]],

       [[ 0.00000000e+00, -4.28569960e-01, -5.16653954e-01, ...,
         -8.35031151e-01, -8.30070831e-01, -8.18415345e-01],
        [ 4.28569960e-01,  0.00000000e+00, -9.98621311e-02, ...,
         -9.90258162e-01, -9.88971589e-01, -9.85713222e-01],
        [ 5.16653954e-01,  9.98621311e-02,  0.00000000e+00, ...,
         -9.99213302e-01, -9.98818117e-01, -9.97605931e-01],
        ...,
        [ 8.35031151e-01,  9.90258162e-01,  9.99213302e-01, ...,
          0.00000000e+00, -8.95459247e-03, -2.95372362e-02],
        [ 8.30070831e-01,  9.88971589e-01,  9.98818117e-01, ...,
          8.95459247e-03,  0.00000000e+00, -2.05853665e-02],
        [ 8.18415345e-01,  9.85713222e-01,  9.97605931e-01, ...,
          2.95372362e-02,  2.05853665e-02,  0.00000000e+00]]]), 'num': array([ 7.06640519e-01,  7.06640519e-01,  0.00000000e+00,  1.07888865e-02,
        1.09529280e-02,  1.07762679e-02,  1.86987176e-02, -1.76660130e-04,
        1.09857364e-02,  1.10608169e-02,  1.13241246e-02,  9.48917268e-06,
        1.14067111e-02,  1.07149228e-02])}
{'img': array([[[ 0.00000000e+00,  2.66405788e-01,  2.47485724e-01, ...,
         -9.41761692e-01, -9.62729078e-01, -9.70966984e-01],
        [-2.66405788e-01,  0.00000000e+00, -1.95764866e-02, ...,
         -9.97314538e-01, -9.99991110e-01, -8.72149302e-01],
        [-2.47485724e-01,  1.95764866e-02,  0.00000000e+00, ...,
         -9.95689684e-01, -9.99716929e-01, -8.81559762e-01],
        ...,
        [ 9.41761692e-01,  9.97314538e-01,  9.95689684e-01, ...,
          0.00000000e+00, -6.90314802e-02, -5.51799900e-01],
        [ 9.62729078e-01,  9.99991110e-01,  9.99716929e-01, ...,
          6.90314802e-02,  0.00000000e+00, -4.92912937e-01],
        [ 9.70966984e-01,  8.72149302e-01,  8.81559762e-01, ...,
          5.51799900e-01,  4.92912937e-01,  0.00000000e+00]],

       [[ 0.00000000e+00, -1.76806045e-01, -1.28958702e-01, ...,
         -2.92337656e-01, -3.08501702e-01, -8.66050956e-02],
        [ 1.76806045e-01,  0.00000000e+00,  4.84026592e-02, ...,
         -1.18649782e-01, -1.35459360e-01,  9.09010416e-02],
        [ 1.28958702e-01, -4.84026592e-02,  0.00000000e+00, ...,
         -1.66571464e-01, -1.83257116e-01,  4.25922281e-02],
        ...,
        [ 2.92337656e-01,  1.18649782e-01,  1.66571464e-01, ...,
          0.00000000e+00, -1.69463218e-02,  2.08417496e-01],
        [ 3.08501702e-01,  1.35459360e-01,  1.83257116e-01, ...,
          1.69463218e-02,  0.00000000e+00,  2.24961747e-01],
        [ 8.66050956e-02, -9.09010416e-02, -4.25922281e-02, ...,
         -2.08417496e-01, -2.24961747e-01,  0.00000000e+00]],

       [[ 0.00000000e+00,  6.00228559e-03,  9.52227886e-02, ...,
         -9.67681539e-01, -9.79104595e-01, -9.75192629e-01],
        [-6.00228559e-03,  0.00000000e+00,  8.92460621e-02, ...,
         -9.66150478e-01, -9.77866349e-01, -9.73846408e-01],
        [-9.52227886e-02, -8.92460621e-02,  0.00000000e+00, ...,
         -9.39271535e-01, -9.55291281e-01, -9.49683020e-01],
        ...,
        [ 9.67681539e-01,  9.66150478e-01,  9.39271535e-01, ...,
          0.00000000e+00,  5.01210017e-02,  3.17156152e-02],
        [ 9.79104595e-01,  9.77866349e-01,  9.55291281e-01, ...,
         -5.01210017e-02,  0.00000000e+00, -1.84200340e-02],
        [ 9.75192629e-01,  9.73846408e-01,  9.49683020e-01, ...,
         -3.17156152e-02,  1.84200340e-02,  0.00000000e+00]],

       ...,

       [[ 0.00000000e+00,  2.36829890e-01, -1.99642209e-01, ...,
          2.35879072e-01,  1.64407137e-01,  5.19608325e-02],
        [-2.36829890e-01,  0.00000000e+00, -4.26024849e-01, ...,
         -9.78542585e-04, -7.38773028e-02, -1.86027356e-01],
        [ 1.99642209e-01,  4.26024849e-01,  0.00000000e+00, ...,
          4.25139346e-01,  3.58023025e-01,  2.50287319e-01],
        ...,
        [-2.35879072e-01,  9.78542585e-04, -4.25139346e-01, ...,
          0.00000000e+00, -7.29013989e-02, -1.85065805e-01],
        [-1.64407137e-01,  7.38773028e-02, -3.58023025e-01, ...,
          7.29013989e-02,  0.00000000e+00, -1.12931264e-01],
        [-5.19608325e-02,  1.86027356e-01, -2.50287319e-01, ...,
          1.85065805e-01,  1.12931264e-01,  0.00000000e+00]],

       [[ 0.00000000e+00,  1.69268418e-02,  3.51453137e-02, ...,
         -8.10428022e-01, -7.98129494e-01, -7.79134875e-01],
        [-1.69268418e-02,  0.00000000e+00,  1.82238939e-02, ...,
         -8.00395522e-01, -7.87816963e-01, -7.68412551e-01],
        [-3.51453137e-02, -1.82238939e-02,  0.00000000e+00, ...,
         -7.89337882e-01, -7.76461862e-01, -7.56622473e-01],
        ...,
        [ 8.10428022e-01,  8.00395522e-01,  7.89337882e-01, ...,
          0.00000000e+00, -2.06967271e-02, -5.15749386e-02],
        [ 7.98129494e-01,  7.87816963e-01,  7.76461862e-01, ...,
          2.06967271e-02,  0.00000000e+00, -3.08947088e-02],
        [ 7.79134875e-01,  7.68412551e-01,  7.56622473e-01, ...,
          5.15749386e-02,  3.08947088e-02,  0.00000000e+00]],

       [[ 0.00000000e+00, -3.11374502e-01, -4.27400716e-01, ...,
         -8.44703159e-01, -8.33138508e-01, -7.99919656e-01],
        [ 3.11374502e-01,  0.00000000e+00, -1.24651519e-01, ...,
         -9.69369221e-01, -9.63931080e-01, -9.47011529e-01],
        [ 4.27400716e-01,  1.24651519e-01,  0.00000000e+00, ...,
         -9.92424123e-01, -9.89589228e-01, -9.79663406e-01],
        ...,
        [ 8.44703159e-01,  9.69369221e-01,  9.92424123e-01, ...,
          0.00000000e+00, -2.12503002e-02, -7.87673239e-02],
        [ 8.33138508e-01,  9.63931080e-01,  9.89589228e-01, ...,
          2.12503002e-02,  0.00000000e+00, -5.75652611e-02],
        [ 7.99919656e-01,  9.47011529e-01,  9.79663406e-01, ...,
          7.87673239e-02,  5.75652611e-02,  0.00000000e+00]]]), 'num': array([ 7.39102533e-01,  6.72186822e-01,  1.58568037e-06,  1.11526186e-02,
        1.12319026e-02,  1.10204786e-02,  2.91516764e-02, -1.45354034e-04,
        1.14063274e-02,  1.15470566e-02,  1.18360028e-02,  8.60912321e-06,
        1.19305155e-02,  1.11635977e-02])}
{'img': array([[[ 0.        , -0.01871755,  0.75163922, ..., -0.98891854,
         -0.98814989, -0.75163922],
        [ 0.01871755,  0.        ,  0.76385316, ..., -0.9859665 ,
         -0.99084977, -0.76385316],
        [-0.75163922, -0.76385316,  0.        , ..., -0.76385316,
         -0.53638781, -0.        ],
        ...,
        [ 0.98891854,  0.9859665 ,  0.76385316, ...,  0.        ,
         -0.29849103, -0.76385316],
        [ 0.98814989,  0.99084977,  0.53638781, ...,  0.29849103,
          0.        , -0.53638781],
        [ 0.75163922,  0.76385316,  0.        , ...,  0.76385316,
          0.53638781,  0.        ]],

       [[ 0.        ,  0.04840266,  0.01872318, ..., -0.13545936,
          0.09090104,  0.30786982],
        [-0.04840266,  0.        , -0.02969294, ..., -0.18325712,
          0.04259223,  0.26145729],
        [-0.01872318,  0.02969294,  0.        , ..., -0.15398622,
          0.07223945,  0.29000209],
        ...,
        [ 0.13545936,  0.18325712,  0.15398622, ...,  0.        ,
          0.22496175,  0.43391205],
        [-0.09090104, -0.04259223, -0.07223945, ..., -0.22496175,
          0.        ,  0.22010937],
        [-0.30786982, -0.26145729, -0.29000209, ..., -0.43391205,
         -0.22010937,  0.        ]],

       [[ 0.        ,  0.08924606,  0.26778917, ..., -0.97786635,
         -0.97384641, -0.86997262],
        [-0.08924606,  0.        ,  0.18073402, ..., -0.95529128,
         -0.94968302, -0.82249385],
        [-0.26778917, -0.18073402,  0.        , ..., -0.8861226 ,
         -0.87743547, -0.70615222],
        ...,
        [ 0.97786635,  0.95529128,  0.8861226 , ...,  0.        ,
         -0.01842003, -0.30016112],
        [ 0.97384641,  0.94968302,  0.87743547, ...,  0.01842003,
          0.        , -0.28253954],
        [ 0.86997262,  0.82249385,  0.70615222, ...,  0.30016112,
          0.28253954,  0.        ]],

       ...,

       [[ 0.        , -0.42602485,  0.02165   , ..., -0.0738773 ,
         -0.18602736, -0.35675667],
        [ 0.42602485,  0.        ,  0.445512  , ...,  0.35802302,
          0.25028732,  0.07522943],
        [-0.02165   , -0.445512  ,  0.        , ..., -0.09545083,
         -0.20725585, -0.37689843],
        ...,
        [ 0.0738773 , -0.35802302,  0.09545083, ...,  0.        ,
         -0.11293126, -0.2867658 ],
        [ 0.18602736, -0.25028732,  0.20725585, ...,  0.11293126,
          0.        , -0.17674307],
        [ 0.35675667, -0.07522943,  0.37689843, ...,  0.2867658 ,
          0.17674307,  0.        ]],

       [[ 0.        ,  0.01822389,  0.02038382, ..., -0.78781696,
         -0.76841255, -0.75240067],
        [-0.01822389,  0.        ,  0.00216033, ..., -0.77646186,
         -0.75662247, -0.74027154],
        [-0.02038382, -0.00216033,  0.        , ..., -0.77509869,
         -0.75520817, -0.7388174 ],
        ...,
        [ 0.78781696,  0.77646186,  0.77509869, ...,  0.        ,
         -0.03089471, -0.05552887],
        [ 0.76841255,  0.75662247,  0.75520817, ...,  0.03089471,
          0.        , -0.02465532],
        [ 0.75240067,  0.74027154,  0.7388174 , ...,  0.05552887,
          0.02465532,  0.        ]],

       [[ 0.        , -0.30423586, -0.30069553, ..., -0.84058992,
         -0.80746618, -0.74459671],
        [ 0.30423586,  0.        ,  0.0037143 , ..., -0.96553927,
         -0.9486626 , -0.91238227],
        [ 0.30069553, -0.0037143 ,  0.        , ..., -0.96456593,
         -0.94748126, -0.91085557],
        ...,
        [ 0.84058992,  0.96553927,  0.96456593, ...,  0.        ,
         -0.0584938 , -0.15777883],
        [ 0.80746618,  0.9486626 ,  0.94748126, ...,  0.0584938 ,
          0.        , -0.09974755],
        [ 0.74459671,  0.91238227,  0.91085557, ...,  0.15777883,
          0.09974755,  0.        ]]]), 'num': array([ 7.43864702e-01,  6.66962621e-01,  1.86655534e-06,  1.09860114e-02,
        1.13193249e-02,  1.09726789e-02,  2.79548661e-02, -2.66650763e-04,
        1.13699885e-02,  1.16019747e-02,  1.19117340e-02,  7.90757436e-06,
        1.20596984e-02,  1.11442510e-02])}
{'img': array([[[ 0.        ,  0.72434185,  0.23169978, ..., -0.98909576,
         -0.99918671, -0.72434185],
        [-0.72434185,  0.        , -0.54488726, ..., -0.78859976,
         -0.65967295, -0.        ],
        [-0.23169978,  0.54488726,  0.        , ..., -0.99630315,
         -0.96265345, -0.54488726],
        ...,
        [ 0.98909576,  0.78859976,  0.99630315, ...,  0.        ,
         -0.18703695, -0.78859976],
        [ 0.99918671,  0.65967295,  0.96265345, ...,  0.18703695,
          0.        , -0.65967295],
        [ 0.72434185,  0.        ,  0.54488726, ...,  0.78859976,
          0.65967295,  0.        ]],

       [[ 0.        , -0.02969294, -0.23844832, ...,  0.04259223,
          0.26145729,  0.2319558 ],
        [ 0.02969294,  0.        , -0.20950672, ...,  0.07223945,
          0.29000209,  0.26073663],
        [ 0.23844832,  0.20950672,  0.        , ...,  0.2795956 ,
          0.48406951,  0.45721004],
        ...,
        [-0.04259223, -0.07223945, -0.2795956 , ...,  0.        ,
          0.22010937,  0.19031473],
        [-0.26145729, -0.29000209, -0.48406951, ..., -0.22010937,
          0.        , -0.03043916],
        [-0.2319558 , -0.26073663, -0.45721004, ..., -0.19031473,
          0.03043916,  0.        ]],

       [[ 0.        ,  0.17486946,  0.54369062, ..., -0.98457627,
         -0.92989488, -0.54369062],
        [-0.17486946,  0.        ,  0.38854779, ..., -0.93881112,
         -0.85124529, -0.38854779],
        [-0.54369062, -0.38854779,  0.        , ..., -0.73121893,
         -0.58046428, -0.        ],
        ...,
        [ 0.98457627,  0.93881112,  0.73121893, ...,  0.        ,
         -0.19946157, -0.73121893],
        [ 0.92989488,  0.85124529,  0.58046428, ...,  0.19946157,
          0.        , -0.58046428],
        [ 0.54369062,  0.38854779,  0.        , ...,  0.73121893,
          0.58046428,  0.        ]],

       ...,

       [[ 0.        ,  0.445512  ,  0.29965658, ...,  0.25028732,
          0.07522943, -0.03230043],
        [-0.445512  ,  0.        , -0.15676411, ..., -0.20725585,
         -0.37689843, -0.47419733],
        [-0.29965658,  0.15676411,  0.        , ..., -0.05133309,
         -0.22703501, -0.33031635],
        ...,
        [-0.25028732,  0.20725585,  0.05133309, ...,  0.        ,
         -0.17674307, -0.28142908],
        [-0.07522943,  0.37689843,  0.22703501, ...,  0.17674307,
          0.        , -0.10739907],
        [ 0.03230043,  0.47419733,  0.33031635, ...,  0.28142908,
          0.10739907,  0.        ]],

       [[ 0.        ,  0.00216033, -0.13558674, ..., -0.75662247,
         -0.74027154, -0.76475897],
        [-0.00216033,  0.        , -0.1377268 , ..., -0.75520817,
         -0.7388174 , -0.76336525],
        [ 0.13558674,  0.1377268 ,  0.        , ..., -0.83828909,
         -0.82459153, -0.84505756],
        ...,
        [ 0.75662247,  0.75520817,  0.83828909, ...,  0.        ,
         -0.02465532,  0.01253485],
        [ 0.74027154,  0.7388174 ,  0.82459153, ...,  0.02465532,
          0.        ,  0.03718443],
        [ 0.76475897,  0.76336525,  0.84505756, ..., -0.01253485,
         -0.03718443,  0.        ]],

       [[ 0.        ,  0.04794587, -0.15314934, ..., -0.84135572,
         -0.78234546, -0.60415902],
        [-0.04794587,  0.        , -0.20035346, ..., -0.81447424,
         -0.75158288, -0.56525787],
        [ 0.15314934,  0.20035346,  0.        , ..., -0.91420472,
         -0.86850443, -0.71907095],
        ...,
        [ 0.84135572,  0.81447424,  0.91420472, ...,  0.        ,
         -0.10119052, -0.34390895],
        [ 0.78234546,  0.75158288,  0.86850443, ...,  0.10119052,
          0.        , -0.24712548],
        [ 0.60415902,  0.56525787,  0.71907095, ...,  0.34390895,
          0.24712548,  0.        ]]]), 'num': array([7.60861787e-01, 6.48026123e-01, 2.72549914e-06, 1.12835664e-02,
       1.12971939e-02, 1.10655265e-02, 8.64773623e-03, 5.45099828e-05,
       1.15016064e-02, 1.18177643e-02, 1.21452784e-02, 8.89572636e-06,
       1.23340719e-02, 1.13014566e-02])}
{'img': array([[[ 0.        , -0.54488726, -0.95644107, ..., -0.65967295,
         -0.        , -0.31130346],
        [ 0.54488726,  0.        , -0.64291828, ..., -0.96265345,
         -0.54488726, -0.77884296],
        [ 0.95644107,  0.64291828,  0.        , ..., -0.91139129,
         -0.95644107, -0.99979346],
        ...,
        [ 0.65967295,  0.96265345,  0.91139129, ...,  0.        ,
         -0.65967295, -0.39293318],
        [ 0.        ,  0.54488726,  0.95644107, ...,  0.65967295,
          0.        ,  0.31130346],
        [ 0.31130346,  0.77884296,  0.99979346, ...,  0.39293318,
         -0.31130346,  0.        ]],

       [[ 0.        , -0.20950672,  0.50279179, ...,  0.29000209,
          0.26073663, -0.35780001],
        [ 0.20950672,  0.        ,  0.67273263, ...,  0.48406951,
          0.45721004, -0.15422242],
        [-0.50279179, -0.67273263,  0.        , ..., -0.23050483,
         -0.26001749, -0.77879111],
        ...,
        [-0.29000209, -0.48406951,  0.23050483, ...,  0.        ,
         -0.03043916, -0.61322735],
        [-0.26073663, -0.45721004,  0.26001749, ...,  0.03043916,
          0.        , -0.5888991 ],
        [ 0.35780001,  0.15422242,  0.77879111, ...,  0.61322735,
          0.5888991 ,  0.        ]],

       [[ 0.        ,  0.37468464,  0.03704864, ..., -0.93355137,
         -0.80200323, -0.37468464],
        [-0.37468464,  0.        , -0.34007767, ..., -0.73124099,
         -0.51977263, -0.        ],
        [-0.03704864,  0.34007767,  0.        , ..., -0.9196306 ,
         -0.77932274, -0.34007767],
        ...,
        [ 0.93355137,  0.73124099,  0.9196306 , ...,  0.        ,
         -0.27015568, -0.73124099],
        [ 0.80200323,  0.51977263,  0.77932274, ...,  0.27015568,
          0.        , -0.51977263],
        [ 0.37468464,  0.        ,  0.34007767, ...,  0.73124099,
          0.51977263,  0.        ]],

       ...,

       [[ 0.        , -0.15676411, -0.55564674, ..., -0.37689843,
         -0.47419733, -0.37478399],
        [ 0.15676411,  0.        , -0.41844018, ..., -0.22703501,
         -0.33031635, -0.22481227],
        [ 0.55564674,  0.41844018,  0.        , ...,  0.20131002,
          0.09494528,  0.20354451],
        ...,
        [ 0.37689843,  0.22703501, -0.20131002, ...,  0.        ,
         -0.10739907,  0.00228173],
        [ 0.47419733,  0.33031635, -0.09494528, ...,  0.10739907,
          0.        ,  0.10966732],
        [ 0.37478399,  0.22481227, -0.20354451, ..., -0.00228173,
         -0.10966732,  0.        ]],

       [[ 0.        , -0.1377268 , -0.08246425, ..., -0.7388174 ,
         -0.76336525, -0.77107966],
        [ 0.1377268 ,  0.        ,  0.05557932, ..., -0.82459153,
         -0.84505756, -0.85142745],
        [ 0.08246425, -0.05557932,  0.        , ..., -0.79187413,
         -0.81403444, -0.82096156],
        ...,
        [ 0.7388174 ,  0.82459153,  0.79187413, ...,  0.        ,
          0.03718443,  0.04920133],
        [ 0.76336525,  0.84505756,  0.81403444, ..., -0.03718443,
          0.        ,  0.01202791],
        [ 0.77107966,  0.85142745,  0.82096156, ..., -0.04920133,
         -0.01202791,  0.        ]],

       [[ 0.        , -0.20035346, -0.57643206, ..., -0.75158288,
         -0.56525787, -0.32470927],
        [ 0.20035346,  0.        , -0.40102629, ..., -0.86850443,
         -0.71907095, -0.50762244],
        [ 0.57643206,  0.40102629,  0.        , ..., -0.99438913,
         -0.93740471, -0.81053202],
        ...,
        [ 0.75158288,  0.86850443,  0.99438913, ...,  0.        ,
         -0.24712548, -0.49666673],
        [ 0.56525787,  0.71907095,  0.93740471, ...,  0.24712548,
          0.        , -0.26677144],
        [ 0.32470927,  0.50762244,  0.81053202, ...,  0.49666673,
          0.26677144,  0.        ]]]), 'num': array([ 7.49423060e-01,  6.60886115e-01,  2.14895496e-06,  1.10671180e-02,
        1.11208419e-02,  1.09193774e-02,  2.35890786e-02, -5.37238739e-05,
        1.12148587e-02,  1.16043568e-02,  1.19340870e-02,  8.02127284e-06,
        1.21550592e-02,  1.10536543e-02])}
{'img': array([[[ 0.        , -0.914137  , -0.96996532, ..., -0.        ,
         -0.32432432, -0.        ],
        [ 0.914137  ,  0.        , -0.17087154, ..., -0.914137  ,
         -0.99620702, -0.914137  ],
        [ 0.96996532,  0.17087154,  0.        , ..., -0.96996532,
         -0.99642446, -0.96996532],
        ...,
        [ 0.        ,  0.914137  ,  0.96996532, ...,  0.        ,
          0.32432432,  0.        ],
        [ 0.32432432,  0.99620702,  0.99642446, ..., -0.32432432,
          0.        , -0.32432432],
        [ 0.        ,  0.914137  ,  0.96996532, ...,  0.        ,
          0.32432432,  0.        ]],

       [[ 0.        ,  0.67273263,  0.41496909, ...,  0.45721004,
         -0.15422242,  0.36529331],
        [-0.67273263,  0.        , -0.30504635, ..., -0.26001749,
         -0.77879111, -0.35596645],
        [-0.41496909,  0.30504635,  0.        , ...,  0.04692954,
         -0.55032149, -0.05393477],
        ...,
        [-0.45721004,  0.26001749, -0.04692954, ...,  0.        ,
         -0.5888991 , -0.10073658],
        [ 0.15422242,  0.77879111,  0.55032149, ...,  0.5888991 ,
          0.        ,  0.50448749],
        [-0.36529331,  0.35596645,  0.05393477, ...,  0.10073658,
         -0.50448749,  0.        ]],

