state_0,state_1,state_2,state_3,state_4,state_5,state_6,state_7,state_8,state_9,state_10,state_11,state_12,state_13,state_14,state_15,state_16,state_17,state_18,state_19,state_20,state_21,state_22,state_23,state_24,state_25,state_26,state_27,state_28,state_29,state_30,state_31,state_32,state_33,state_34,state_35,state_36,state_37,state_38,state_39,state_40,state_41,state_42,state_43,state_44,state_45,state_46,state_47,state_48,state_49,state_50,state_51,state_52,state_53,state_54,state_55,state_56,state_57,state_58,state_59,state_60,state_61,state_62,state_63,state_64,state_65,state_66,state_67,state_68,state_69,state_70,state_71,state_72,state_73,state_74,state_75,state_76,state_77,state_78,state_79,state_80,state_81,state_82,state_83,state_84,state_85,state_86,state_87,state_88,state_89,state_90,state_91,state_92,state_93,state_94,state_95,state_96,state_97,state_98,state_99,state_100,state_101,state_102,state_103,state_104,state_105,state_106,state_107,state_108,state_109,state_110,state_111,state_112,state_113,state_114,state_115,state_116,state_117,state_118,state_119,state_120,state_121,state_122,state_123,state_124,state_125,state_126,state_127,state_128,state_129,state_130,state_131,state_132,state_133,state_134,state_135,state_136,state_137,state_138,state_139,state_140,state_141,state_142,state_143,state_144,state_145,state_146,state_147,state_148,state_149,state_150,state_151,state_152,state_153,state_154,state_155,state_156,state_157,state_158,state_159,state_160,state_161,state_162,state_163,state_164,state_165,state_166,state_167,state_168,state_169,state_170,state_171,state_172,state_173,state_174,state_175,state_176,state_177,state_178,state_179,state_180,state_181,state_182,state_183,state_184,state_185,state_186,state_187,state_188,state_189,state_190,state_191,state_192,state_193,state_194,state_195,state_196,state_197,state_198,state_199,state_200,state_201,state_202,state_203,state_204,state_205,state_206,state_207,state_208,state_209,state_210,state_211,state_212,state_213,state_214,state_215,state_216,state_217,state_218,state_219,state_220,state_221,state_222,state_223,state_224,state_225,state_226,state_227,state_228,state_229,state_230,state_231,state_232,state_233,state_234,state_235,state_236,state_237,state_238,state_239,state_240,state_241,state_242,state_243,state_244,state_245,state_246,state_247,state_248,state_249,state_250,state_251,state_252,state_253,state_254,state_255,state_256,state_257,state_258,state_259,state_260,state_261,state_262,state_263,state_264,state_265,state_266,state_267,state_268,state_269,state_270,state_271,state_272,state_273,state_274,state_275,state_276,state_277,state_278,state_279,state_280,state_281,state_282,state_283,state_284,state_285,state_286,state_287
{'img': array([[[ 0.        , -0.47586549, -0.85533684, ..., -0.88273056,
         -0.86947559, -0.6781324 ],
        [ 0.47586549,  0.        , -0.50575148, ..., -0.99997692,
         -0.99978558, -0.94616217],
        [ 0.85533684,  0.50575148,  0.        , ..., -0.8592235 ,
         -0.872967  , -0.97994265],
        ...,
        [ 0.88273056,  0.99997692,  0.8592235 , ...,  0.        ,
         -0.02749885, -0.33011326],
        [ 0.86947559,  0.99978558,  0.872967  , ...,  0.02749885,
          0.        , -0.30403112],
        [ 0.6781324 ,  0.94616217,  0.97994265, ...,  0.33011326,
          0.30403112,  0.        ]],

       [[ 0.        , -0.50223769,  0.07433728, ..., -0.92949531,
         -0.91053248, -0.73030375],
        [ 0.50223769,  0.        ,  0.56512972, ..., -0.61851982,
         -0.57972049, -0.28842538],
        [-0.07433728, -0.56512972,  0.        , ..., -0.95434165,
         -0.938747  , -0.77906458],
        ...,
        [ 0.92949531,  0.61851982,  0.95434165, ...,  0.        ,
          0.04845298,  0.36559842],
        [ 0.91053248,  0.57972049,  0.938747  , ..., -0.04845298,
          0.        ,  0.3200703 ],
        [ 0.73030375,  0.28842538,  0.77906458, ..., -0.36559842,
         -0.3200703 ,  0.        ]],

       [[ 0.        ,  0.38769436,  0.48348235, ..., -0.9987483 ,
         -0.99992995, -0.99817856],
        [-0.38769436,  0.        ,  0.10629837, ..., -0.94002598,
         -0.92631215, -0.89671987],
        [-0.48348235, -0.10629837,  0.        , ..., -0.89844138,
         -0.88101528, -0.8445918 ],
        ...,
        [ 0.9987483 ,  0.94002598,  0.89844138, ...,  0.        ,
         -0.03819361, -0.11018043],
        [ 0.99992995,  0.92631215,  0.88101528, ...,  0.03819361,
          0.        , -0.07213897],
        [ 0.99817856,  0.89671987,  0.8445918 , ...,  0.11018043,
          0.07213897,  0.        ]],

       ...,

       [[ 0.        , -0.05552549, -0.02836928, ..., -0.96731982,
         -0.92076672, -0.70722505],
        [ 0.05552549,  0.        ,  0.02717763, ..., -0.95174849,
         -0.89768498, -0.74538988],
        [ 0.02836928, -0.02717763,  0.        , ..., -0.95973718,
         -0.90932888, -0.72699715],
        ...,
        [ 0.96731982,  0.95174849,  0.95973718, ...,  0.        ,
          0.14389557, -0.86320754],
        [ 0.92076672,  0.89768498,  0.90932888, ..., -0.14389557,
          0.        , -0.92686961],
        [ 0.70722505,  0.74538988,  0.72699715, ...,  0.86320754,
          0.92686961,  0.        ]],

       [[ 0.        ,  0.31131358,  0.49593636, ..., -0.94773209,
         -0.94385029, -0.9254177 ],
        [-0.31131358,  0.        ,  0.20096   , ..., -0.99996662,
         -0.99979751, -0.997403  ],
        [-0.49593636, -0.20096   ,  0.        , ..., -0.9812086 ,
         -0.98344499, -0.99152908],
        ...,
        [ 0.94773209,  0.99996662,  0.9812086 , ...,  0.        ,
          0.01195385,  0.06387136],
        [ 0.94385029,  0.99979751,  0.98344499, ..., -0.01195385,
          0.        ,  0.05193735],
        [ 0.9254177 ,  0.997403  ,  0.99152908, ..., -0.06387136,
         -0.05193735,  0.        ]],

       [[ 0.        , -0.01105076,  0.02563535, ...,  0.36186077,
          0.29495168,  0.14416672],
        [ 0.01105076,  0.        ,  0.03668091, ...,  0.37214055,
          0.3054928 ,  0.15509323],
        [-0.02563535, -0.03668091,  0.        , ...,  0.33784375,
          0.27035985,  0.11875179],
        ...,
        [-0.36186077, -0.37214055, -0.33784375, ...,  0.        ,
         -0.07079894, -0.22368371],
        [-0.29495168, -0.3054928 , -0.27035985, ...,  0.07079894,
          0.        , -0.15411738],
        [-0.14416672, -0.15509323, -0.11875179, ...,  0.22368371,
          0.15411738,  0.        ]]]), 'num': array([7.68034941e-01, 6.40280459e-01, 1.02614042e-06, 3.36196006e-03,
       3.40246560e-03, 3.34845821e-03, 8.07864150e-03, 2.70036952e-05,
       3.44297114e-03, 3.60566841e-03, 3.58991625e-03, 5.94996675e-07,
       3.89010270e-03, 3.32123411e-03])}
{'img': array([[[ 0.        , -0.78822698, -0.98809481, ..., -0.8871202 ,
         -0.696096  , -0.74535599],
        [ 0.78822698,  0.        , -0.48679266, ..., -0.90971719,
         -0.99427332, -0.98416527],
        [ 0.98809481,  0.48679266,  0.        , ..., -0.59252379,
         -0.8164931 , -0.77340003],
        ...,
        [ 0.8871202 ,  0.90971719,  0.59252379, ...,  0.        ,
         -0.31563173, -0.24740301],
        [ 0.696096  ,  0.99427332,  0.8164931 , ...,  0.31563173,
          0.        ,  0.07106338],
        [ 0.74535599,  0.98416527,  0.77340003, ...,  0.24740301,
         -0.07106338,  0.        ]],

       [[ 0.        ,  0.56512972,  0.94062757, ..., -0.57972049,
         -0.28842538, -0.88548009],
        [-0.56512972,  0.        ,  0.96784753, ..., -0.938747  ,
         -0.77906458, -0.99312586],
        [-0.94062757, -0.96784753,  0.        , ..., -0.5696573 ,
         -0.80274992, -0.1365206 ],
        ...,
        [ 0.57972049,  0.938747  ,  0.5696573 , ...,  0.        ,
          0.3200703 , -0.45211986],
        [ 0.28842538,  0.77906458,  0.80274992, ..., -0.3200703 ,
          0.        , -0.71382456],
        [ 0.88548009,  0.99312586,  0.1365206 , ...,  0.45211986,
          0.71382456,  0.        ]],

       [[ 0.        ,  0.10629837, -0.47522654, ..., -0.92631215,
         -0.89671987, -0.86425794],
        [-0.10629837,  0.        , -0.56606209, ..., -0.88101528,
         -0.8445918 , -0.80588802],
        [ 0.47522654,  0.56606209,  0.        , ..., -0.99407313,
         -0.99932564, -0.99949119],
        ...,
        [ 0.92631215,  0.88101528,  0.99407313, ...,  0.        ,
         -0.07213897, -0.14036514],
        [ 0.89671987,  0.8445918 ,  0.99932564, ...,  0.07213897,
          0.        , -0.06857465],
        [ 0.86425794,  0.80588802,  0.99949119, ...,  0.14036514,
          0.06857465,  0.        ]],

       ...,

       [[ 0.        ,  0.02717763, -0.36874435, ..., -0.89768498,
         -0.74538988, -0.97202043],
        [-0.02717763,  0.        , -0.39387059, ..., -0.90932888,
         -0.72699715, -0.96527746],
        [ 0.36874435,  0.39387059,  0.        , ..., -0.67194318,
         -0.93867848, -0.99013967],
        ...,
        [ 0.89768498,  0.90932888,  0.67194318, ...,  0.        ,
         -0.92686961, -0.63917186],
        [ 0.74538988,  0.72699715,  0.93867848, ...,  0.92686961,
          0.        ,  0.47288745],
        [ 0.97202043,  0.96527746,  0.99013967, ...,  0.63917186,
         -0.47288745,  0.        ]],

       [[ 0.        ,  0.20096   ,  0.20664785, ..., -0.99979751,
         -0.997403  , -0.99452048],
        [-0.20096   ,  0.        ,  0.00580977, ..., -0.98344499,
         -0.99152908, -0.99524046],
        [-0.20664785, -0.00580977,  0.        , ..., -0.98237562,
         -0.99075775, -0.99465751],
        ...,
        [ 0.99979751,  0.98344499,  0.98237562, ...,  0.        ,
          0.05193735,  0.08450816],
        [ 0.997403  ,  0.99152908,  0.99075775, ..., -0.05193735,
          0.        ,  0.03264255],
        [ 0.99452048,  0.99524046,  0.99465751, ..., -0.08450816,
         -0.03264255,  0.        ]],

       [[ 0.        ,  0.03668091,  0.04074493, ...,  0.3054928 ,
          0.15509323,  0.01982413],
        [-0.03668091,  0.        ,  0.00406705, ...,  0.27035985,
          0.11875179, -0.01686291],
        [-0.04074493, -0.00406705,  0.        , ...,  0.26644202,
          0.11471253, -0.02092925],
        ...,
        [-0.3054928 , -0.27035985, -0.26644202, ...,  0.        ,
         -0.15411738, -0.28655634],
        [-0.15509323, -0.11875179, -0.11471253, ...,  0.15411738,
          0.        , -0.1354785 ],
        [-0.01982413,  0.01686291,  0.02092925, ...,  0.28655634,
          0.1354785 ,  0.        ]]]), 'num': array([ 7.07097377e-01,  7.07097377e-01,  0.00000000e+00,  1.20639873e-03,
        1.23594319e-03,  1.20147465e-03,  3.71145368e-03, -1.96963058e-05,
        1.23692800e-03,  1.30931193e-03,  1.30356717e-03,  2.28617835e-07,
        1.42326574e-03,  1.19535811e-03])}
{'img': array([[[ 0.00000000e+00, -9.03507903e-01, -9.03507903e-01, ...,
         -7.59254650e-01, -8.09368177e-01, -6.99854212e-01],
        [ 9.03507903e-01,  0.00000000e+00,  0.00000000e+00, ...,
         -9.13392057e-01, -8.77503701e-01, -9.45300307e-01],
        [ 9.03507903e-01,  0.00000000e+00,  0.00000000e+00, ...,
         -9.13392057e-01, -8.77503701e-01, -9.45300307e-01],
        ...,
        [ 7.59254650e-01,  9.13392057e-01,  9.13392057e-01, ...,
          0.00000000e+00,  8.08202093e-02, -8.68640725e-02],
        [ 8.09368177e-01,  8.77503701e-01,  8.77503701e-01, ...,
         -8.08202093e-02,  0.00000000e+00, -1.67094637e-01],
        [ 6.99854212e-01,  9.45300307e-01,  9.45300307e-01, ...,
          8.68640725e-02,  1.67094637e-01,  0.00000000e+00]],

       [[ 0.00000000e+00,  9.67847530e-01, -2.55501809e-01, ...,
         -7.79064580e-01, -9.93125861e-01, -9.88829776e-01],
        [-9.67847530e-01,  0.00000000e+00, -9.99991603e-01, ...,
         -8.02749919e-01, -1.36520602e-01, -3.92984787e-01],
        [ 2.55501809e-01,  9.99991603e-01,  0.00000000e+00, ...,
         -5.93021074e-01, -9.90069438e-01, -9.17926761e-01],
        ...,
        [ 7.79064580e-01,  8.02749919e-01,  5.93021074e-01, ...,
          0.00000000e+00, -7.13824561e-01, -5.03821603e-01],
        [ 9.93125861e-01,  1.36520602e-01,  9.90069438e-01, ...,
          7.13824561e-01,  0.00000000e+00,  2.63768528e-01],
        [ 9.88829776e-01,  3.92984787e-01,  9.17926761e-01, ...,
          5.03821603e-01, -2.63768528e-01,  0.00000000e+00]],

       [[ 0.00000000e+00, -5.66062093e-01, -7.61022732e-01, ...,
         -8.44591803e-01, -8.05888018e-01, -7.14420409e-01],
        [ 5.66062093e-01,  0.00000000e+00, -2.60139931e-01, ...,
         -9.99325638e-01, -9.99491191e-01, -9.85024578e-01],
        [ 7.61022732e-01,  2.60139931e-01,  0.00000000e+00, ...,
         -9.55367760e-01, -9.73377074e-01, -9.95962857e-01],
        ...,
        [ 8.44591803e-01,  9.99325638e-01,  9.55367760e-01, ...,
          0.00000000e+00, -6.85746499e-02, -2.08466623e-01],
        [ 8.05888018e-01,  9.99491191e-01,  9.73377074e-01, ...,
          6.85746499e-02,  0.00000000e+00, -1.40907861e-01],
        [ 7.14420409e-01,  9.85024578e-01,  9.95962857e-01, ...,
          2.08466623e-01,  1.40907861e-01,  0.00000000e+00]],

       ...,

       [[ 0.00000000e+00, -3.93870588e-01, -3.30470967e-01, ...,
         -7.26997155e-01, -9.65277460e-01, -9.84742868e-01],
        [ 3.93870588e-01,  0.00000000e+00,  6.79837795e-02, ...,
         -9.38678483e-01, -9.90139671e-01, -9.73681757e-01],
        [ 3.30470967e-01, -6.79837795e-02,  0.00000000e+00, ...,
         -9.13066402e-01, -9.97372327e-01, -9.86923386e-01],
        ...,
        [ 7.26997155e-01,  9.38678483e-01,  9.13066402e-01, ...,
          0.00000000e+00,  4.72887451e-01,  5.49655348e-01],
        [ 9.65277460e-01,  9.90139671e-01,  9.97372327e-01, ...,
         -4.72887451e-01,  0.00000000e+00,  8.92677128e-02],
        [ 9.84742868e-01,  9.73681757e-01,  9.86923386e-01, ...,
         -5.49655348e-01, -8.92677128e-02,  0.00000000e+00]],

       [[ 0.00000000e+00,  5.80976565e-03, -1.05250260e-03, ...,
         -9.91529085e-01, -9.95240461e-01, -9.98009414e-01],
        [-5.80976565e-03,  0.00000000e+00, -6.86224727e-03, ...,
         -9.90757750e-01, -9.94657505e-01, -9.97626177e-01],
        [ 1.05250260e-03,  6.86224727e-03,  0.00000000e+00, ...,
         -9.91665240e-01, -9.95342476e-01, -9.98075238e-01],
        ...,
        [ 9.91529085e-01,  9.90757750e-01,  9.91665240e-01, ...,
          0.00000000e+00,  3.26425470e-02,  6.70954035e-02],
        [ 9.95240461e-01,  9.94657505e-01,  9.95342476e-01, ...,
         -3.26425470e-02,  0.00000000e+00,  3.44906586e-02],
        [ 9.98009414e-01,  9.97626177e-01,  9.98075238e-01, ...,
         -6.70954035e-02, -3.44906586e-02,  0.00000000e+00]],

       [[ 0.00000000e+00,  4.06705414e-03,  2.95295314e-04, ...,
          1.18751789e-01, -1.68629146e-02, -1.95483842e-01],
        [-4.06705414e-03,  0.00000000e+00, -3.77176109e-03, ...,
          1.14712531e-01, -2.09292510e-02, -1.99470814e-01],
        [-2.95295314e-04,  3.77176109e-03,  0.00000000e+00, ...,
          1.18458578e-01, -1.71581672e-02, -1.95773432e-01],
        ...,
        [-1.18751789e-01, -1.14712531e-01, -1.18458578e-01, ...,
          0.00000000e+00, -1.35478496e-01, -3.10561294e-01],
        [ 1.68629146e-02,  2.09292510e-02,  1.71581672e-02, ...,
          1.35478496e-01,  0.00000000e+00, -1.78918469e-01],
        [ 1.95483842e-01,  1.99470814e-01,  1.95773432e-01, ...,
          3.10561294e-01,  1.78918469e-01,  0.00000000e+00]]]), 'num': array([ 8.02963064e-01,  5.95983538e-01,  1.70353520e-06,  1.36170741e-03,
        1.37291488e-03,  1.34489621e-03,  6.13510270e-03, -1.12074684e-05,
        1.39084683e-03,  1.48246788e-03,  1.47826508e-03,  2.03772153e-07,
        1.62309705e-03,  1.34183872e-03])}
{'img': array([[[ 0.        ,  0.        ,  0.74535599, ..., -0.95652515,
         -0.99380799, -0.99997622],
        [ 0.        ,  0.        ,  0.74535599, ..., -0.95652515,
         -0.99380799, -0.99997622],
        [-0.74535599, -0.74535599,  0.        , ..., -0.8550664 ,
         -0.74535599, -0.67179101],
        ...,
        [ 0.95652515,  0.95652515,  0.8550664 , ...,  0.        ,
         -0.18356338, -0.28504644],
        [ 0.99380799,  0.99380799,  0.74535599, ...,  0.18356338,
          0.        , -0.10425488],
        [ 0.99997622,  0.99997622,  0.67179101, ...,  0.28504644,
          0.10425488,  0.        ]],

       [[ 0.        , -0.9999916 , -0.9942677 , ..., -0.1365206 ,
         -0.39298479, -0.64580271],
        [ 0.9999916 ,  0.        , -0.10284378, ..., -0.99006944,
         -0.91792676, -0.76085135],
        [ 0.9942677 ,  0.10284378,  0.        , ..., -0.97036192,
         -0.87225622, -0.69007893],
        ...,
        [ 0.1365206 ,  0.99006944,  0.97036192, ...,  0.        ,
          0.26376853,  0.53552214],
        [ 0.39298479,  0.91792676,  0.87225622, ..., -0.26376853,
          0.        ,  0.29379905],
        [ 0.64580271,  0.76085135,  0.69007893, ..., -0.53552214,
         -0.29379905,  0.        ]],

       [[ 0.        , -0.58993134, -0.77875419, ..., -0.83331726,
         -0.74163155, -0.64524566],
        [ 0.58993134,  0.        , -0.25872658, ..., -0.99897598,
         -0.99456327, -0.9716987 ],
        [ 0.77875419,  0.25872658,  0.        , ..., -0.95325569,
         -0.98764124, -0.99973029],
        ...,
        [ 0.83331726,  0.99897598,  0.95325569, ...,  0.        ,
         -0.14902519, -0.27994509],
        [ 0.74163155,  0.99456327,  0.98764124, ...,  0.14902519,
          0.        , -0.13375248],
        [ 0.64524566,  0.9716987 ,  0.99973029, ...,  0.27994509,
          0.13375248,  0.        ]],

       ...,

       [[ 0.        ,  0.06724714,  0.37187277, ..., -0.9826356 ,
         -0.96439156, -0.93502119],
        [-0.06724714,  0.        ,  0.30860656, ..., -0.99288868,
         -0.97999394, -0.90905934],
        [-0.37187277, -0.30860656,  0.        , ..., -0.98116409,
         -0.99358135, -0.73610189],
        ...,
        [ 0.9826356 ,  0.99288868,  0.98116409, ...,  0.        ,
          0.08094715, -0.52192391],
        [ 0.96439156,  0.97999394,  0.99358135, ..., -0.08094715,
          0.        , -0.58925844],
        [ 0.93502119,  0.90905934,  0.73610189, ...,  0.52192391,
          0.58925844,  0.        ]],

       [[ 0.        , -0.00686225,  0.17214038, ..., -0.99465751,
         -0.99762618, -0.9989148 ],
        [ 0.00686225,  0.        ,  0.17889614, ..., -0.99534248,
         -0.99807524, -0.99921089],
        [-0.17214038, -0.17889614,  0.        , ..., -0.96203962,
         -0.97088007, -0.975986  ],
        ...,
        [ 0.99465751,  0.99534248,  0.96203962, ...,  0.        ,
          0.03449066,  0.05679194],
        [ 0.99762618,  0.99807524,  0.97088007, ..., -0.03449066,
          0.        ,  0.02232315],
        [ 0.9989148 ,  0.99921089,  0.975986  , ..., -0.05679194,
         -0.02232315,  0.        ]],

       [[ 0.        , -0.00377176,  0.01621543, ..., -0.02092925,
         -0.19947081, -0.37518357],
        [ 0.00377176,  0.        ,  0.01998658, ..., -0.01715817,
         -0.19577343, -0.37168467],
        [-0.01621543, -0.01998658,  0.        , ..., -0.03713838,
         -0.21533415, -0.39016515],
        ...,
        [ 0.02092925,  0.01715817,  0.03713838, ...,  0.        ,
         -0.17891847, -0.35570101],
        [ 0.19947081,  0.19577343,  0.21533415, ...,  0.17891847,
          0.        , -0.18274422],
        [ 0.37518357,  0.37168467,  0.39016515, ...,  0.35570101,
          0.18274422,  0.        ]]]), 'num': array([8.60875259e-01, 5.08783143e-01, 2.87422135e-06, 1.46705048e-03,
       1.47902641e-03, 1.45507456e-03, 3.86284572e-03, 1.19759223e-05,
       1.47184085e-03, 1.57333679e-03, 1.57603138e-03, 2.61292850e-07,
       1.72472093e-03, 1.42195266e-03])}
{'img': array([[[ 0.00000000e+00,  7.45355992e-01,  0.00000000e+00, ...,
         -9.93807990e-01, -9.99976220e-01, -9.93807990e-01],
        [-7.45355992e-01,  0.00000000e+00, -7.45355992e-01, ...,
         -7.45355992e-01, -6.71791005e-01, -7.45355992e-01],
        [ 0.00000000e+00,  7.45355992e-01,  0.00000000e+00, ...,
         -9.93807990e-01, -9.99976220e-01, -9.93807990e-01],
        ...,
        [ 9.93807990e-01,  7.45355992e-01,  9.93807990e-01, ...,
          0.00000000e+00, -1.04254880e-01,  0.00000000e+00],
        [ 9.99976220e-01,  6.71791005e-01,  9.99976220e-01, ...,
          1.04254880e-01,  0.00000000e+00,  1.04254880e-01],
        [ 9.93807990e-01,  7.45355992e-01,  9.93807990e-01, ...,
          0.00000000e+00, -1.04254880e-01,  0.00000000e+00]],

       [[ 0.00000000e+00, -1.05569695e-01, -2.43401889e-01, ...,
         -9.26422887e-01, -7.72103577e-01, -9.73987462e-01],
        [ 1.05569695e-01,  0.00000000e+00, -1.39646994e-01, ...,
         -8.81500588e-01, -7.00699796e-01, -9.44622435e-01],
        [ 2.43401889e-01,  1.39646994e-01,  0.00000000e+00, ...,
         -8.06924147e-01, -5.94201866e-01, -8.89539967e-01],
        ...,
        [ 9.26422887e-01,  8.81500588e-01,  8.06924147e-01, ...,
          0.00000000e+00,  2.98053610e-01, -1.56762062e-01],
        [ 7.72103577e-01,  7.00699796e-01,  5.94201866e-01, ...,
         -2.98053610e-01,  0.00000000e+00, -4.44005684e-01],
        [ 9.73987462e-01,  9.44622435e-01,  8.89539967e-01, ...,
          1.56762062e-01,  4.44005684e-01,  0.00000000e+00]],

       [[ 0.00000000e+00, -5.99082525e-01, -8.18937187e-01, ...,
         -7.71904229e-01, -6.73890083e-01, -5.70488137e-01],
        [ 5.99082525e-01,  0.00000000e+00, -3.11909220e-01, ...,
         -9.98913925e-01, -9.82196331e-01, -9.48812575e-01],
        [ 8.18937187e-01,  3.11909220e-01,  0.00000000e+00, ...,
         -9.63613010e-01, -9.91790856e-01, -9.99991432e-01],
        ...,
        [ 7.71904229e-01,  9.98913925e-01,  9.63613010e-01, ...,
          0.00000000e+00, -1.41889154e-01, -2.71287991e-01],
        [ 6.73890083e-01,  9.82196331e-01,  9.91790856e-01, ...,
          1.41889154e-01,  0.00000000e+00, -1.31975191e-01],
        [ 5.70488137e-01,  9.48812575e-01,  9.99991432e-01, ...,
          2.71287991e-01,  1.31975191e-01,  0.00000000e+00]],

       ...,

       [[ 0.00000000e+00,  3.08606558e-01,  1.10006087e-01, ...,
         -9.79993944e-01, -9.09059343e-01, -9.94664474e-01],
        [-3.08606558e-01,  0.00000000e+00, -2.02096932e-01, ...,
         -9.93581354e-01, -7.36101888e-01, -9.77951428e-01],
        [-1.10006087e-01,  2.02096932e-01,  0.00000000e+00, ...,
         -9.95940492e-01, -8.57706314e-01, -9.99976316e-01],
        ...,
        [ 9.79993944e-01,  9.93581354e-01,  9.95940492e-01, ...,
          0.00000000e+00, -5.89258443e-01, -9.68663711e-02],
        [ 9.09059343e-01,  7.36101888e-01,  8.57706314e-01, ...,
          5.89258443e-01,  0.00000000e+00,  5.08224732e-01],
        [ 9.94664474e-01,  9.77951428e-01,  9.99976316e-01, ...,
          9.68663711e-02, -5.08224732e-01,  0.00000000e+00]],

       [[ 0.00000000e+00,  1.78896138e-01,  2.40582673e-02, ...,
         -9.98075238e-01, -9.99210888e-01, -9.95030885e-01],
        [-1.78896138e-01,  0.00000000e+00, -1.55174199e-01, ...,
         -9.70880066e-01, -9.75986000e-01, -9.61166906e-01],
        [-2.40582673e-02,  1.55174199e-01,  0.00000000e+00, ...,
         -9.96294387e-01, -9.97966103e-01, -9.92347478e-01],
        ...,
        [ 9.98075238e-01,  9.70880066e-01,  9.96294387e-01, ...,
          0.00000000e+00,  2.23231543e-02, -3.76685858e-02],
        [ 9.99210888e-01,  9.75986000e-01,  9.97966103e-01, ...,
         -2.23231543e-02,  0.00000000e+00, -5.99665104e-02],
        [ 9.95030885e-01,  9.61166906e-01,  9.92347478e-01, ...,
          3.76685858e-02,  5.99665104e-02,  0.00000000e+00]],

       [[ 0.00000000e+00,  1.99865837e-02, -6.56990925e-04, ...,
         -1.95773432e-01, -3.71684666e-01, -4.73919806e-01],
        [-1.99865837e-02,  0.00000000e+00, -2.06434391e-02, ...,
         -2.15334152e-01, -3.90165147e-01, -4.91424686e-01],
        [ 6.56990925e-04,  2.06434391e-02,  0.00000000e+00, ...,
         -1.95129112e-01, -3.71074662e-01, -4.73341179e-01],
        ...,
        [ 1.95773432e-01,  2.15334152e-01,  1.95129112e-01, ...,
          0.00000000e+00, -1.82744218e-01, -2.92357236e-01],
        [ 3.71684666e-01,  3.90165147e-01,  3.71074662e-01, ...,
          1.82744218e-01,  0.00000000e+00, -1.12674111e-01],
        [ 4.73919806e-01,  4.91424686e-01,  4.73341179e-01, ...,
          2.92357236e-01,  1.12674111e-01,  0.00000000e+00]]]), 'num': array([ 9.26132742e-01,  3.77137152e-01,  4.51848222e-06,  1.57305327e-03,
        1.61836756e-03,  1.56657980e-03,  4.91191385e-03, -1.29469405e-05,
        1.58600021e-03,  1.69087043e-03,  1.69971750e-03,  2.72567168e-07,
        1.85995568e-03,  1.52178517e-03])}
{'img': array([[[ 0.        , -0.74535599, -0.98270364, ..., -0.67179101,
         -0.74535599, -0.67179101],
        [ 0.74535599,  0.        , -0.51710687, ..., -0.99997622,
         -0.99380799, -0.99997622],
        [ 0.98270364,  0.51710687,  0.        , ..., -0.85233437,
         -0.79316465, -0.85233437],
        ...,
        [ 0.67179101,  0.99997622,  0.85233437, ...,  0.        ,
          0.10425488,  0.        ],
        [ 0.74535599,  0.99380799,  0.79316465, ..., -0.10425488,
          0.        , -0.10425488],
        [ 0.67179101,  0.99997622,  0.85233437, ...,  0.        ,
          0.10425488,  0.        ]],

       [[ 0.        , -0.13964699,  0.99661927, ..., -0.7006998 ,
         -0.94462243, -0.87869406],
        [ 0.13964699,  0.        ,  0.97538055, ..., -0.59420187,
         -0.88953997, -0.80341862],
        [-0.99661927, -0.97538055,  0.        , ..., -0.65347572,
         -0.24944093, -0.40357915],
        ...,
        [ 0.7006998 ,  0.59420187,  0.65347572, ...,  0.        ,
         -0.44400568, -0.29240595],
        [ 0.94462243,  0.88953997,  0.24944093, ...,  0.44400568,
          0.        ,  0.16259736],
        [ 0.87869406,  0.80341862,  0.40357915, ...,  0.29240595,
         -0.16259736,  0.        ]],

       [[ 0.        , -0.66359547, -0.85931281, ..., -0.70427863,
         -0.59795896, -0.55468403],
        [ 0.66359547,  0.        , -0.30344854, ..., -0.99796706,
         -0.97921758, -0.96710643],
        [ 0.85931281,  0.30344854,  0.        , ..., -0.97025007,
         -0.99458852, -0.9986941 ],
        ...,
        [ 0.70427863,  0.99796706,  0.97025007, ...,  0.        ,
         -0.13999292, -0.19221951],
        [ 0.59795896,  0.97921758,  0.99458852, ...,  0.13999292,
          0.        , -0.0529443 ],
        [ 0.55468403,  0.96710643,  0.9986941 , ...,  0.19221951,
          0.0529443 ,  0.        ]],

       ...,

       [[ 0.        , -0.20209693, -0.3015412 , ..., -0.73610189,
         -0.97795143, -0.96349866],
        [ 0.20209693,  0.        , -0.1026291 , ..., -0.85770631,
         -0.99997632, -0.99772138],
        [ 0.3015412 ,  0.1026291 ,  0.        , ..., -0.90594308,
         -0.99540246, -0.99937738],
        ...,
        [ 0.73610189,  0.85770631,  0.90594308, ...,  0.        ,
          0.50822473,  0.4550999 ],
        [ 0.97795143,  0.99997632,  0.99540246, ..., -0.50822473,
          0.        , -0.06060065],
        [ 0.96349866,  0.99772138,  0.99937738, ..., -0.4550999 ,
          0.06060065,  0.        ]],

       [[ 0.        , -0.1551742 , -0.18974246, ..., -0.975986  ,
         -0.96116691, -0.95343491],
        [ 0.1551742 ,  0.        , -0.03508884, ..., -0.9979661 ,
         -0.99234748, -0.98868643],
        [ 0.18974246,  0.03508884,  0.        , ..., -0.99958835,
         -0.99606904, -0.99334082],
        ...,
        [ 0.975986  ,  0.9979661 ,  0.99958835, ...,  0.        ,
         -0.05996651, -0.08666643],
        [ 0.96116691,  0.99234748,  0.99606904, ...,  0.05996651,
          0.        , -0.02676959],
        [ 0.95343491,  0.98868643,  0.99334082, ...,  0.08666643,
          0.02676959,  0.        ]],

       [[ 0.        , -0.02064344, -0.10652403, ..., -0.39016515,
         -0.49142469, -0.60900788],
        [ 0.02064344,  0.        , -0.08597535, ..., -0.37107466,
         -0.47334118, -0.59250447],
        [ 0.10652403,  0.08597535,  0.        , ..., -0.2898637 ,
         -0.39585462, -0.52105166],
        ...,
        [ 0.39016515,  0.37107466,  0.2898637 , ...,  0.        ,
         -0.11267411, -0.25127588],
        [ 0.49142469,  0.47334118,  0.39585462, ...,  0.11267411,
          0.        , -0.14061674],
        [ 0.60900788,  0.59250447,  0.52105166, ...,  0.25127588,
          0.14061674,  0.        ]]]), 'num': array([ 9.25160156e-01,  3.79518531e-01,  4.54701354e-06,  1.56344305e-03,
        1.59601478e-03,  1.56344305e-03,  4.78718445e-03, -1.95430382e-05,
        1.58428896e-03,  1.68754134e-03,  1.70502151e-03,  3.47431789e-07,
        1.85471906e-03,  1.52036363e-03])}
{'img': array([[[ 0.        , -0.57519169, -0.46959369, ..., -0.99999384,
         -0.99378644, -0.95448147],
        [ 0.57519169,  0.        ,  0.12369036, ..., -0.82003194,
         -0.87695682, -0.9523462 ],
        [ 0.46959369, -0.12369036,  0.        , ..., -0.88452499,
         -0.92966432, -0.98276094],
        ...,
        [ 0.99999384,  0.82003194,  0.88452499, ...,  0.        ,
         -0.10781589, -0.29491914],
        [ 0.99378644,  0.87695682,  0.92966432, ...,  0.10781589,
          0.        , -0.19017954],
        [ 0.95448147,  0.9523462 ,  0.98276094, ...,  0.29491914,
          0.19017954,  0.        ]],

       [[ 0.        ,  0.97538055,  0.74257477, ..., -0.88953997,
         -0.80341862, -0.82022889],
        [-0.97538055,  0.        , -0.81703282, ..., -0.24944093,
         -0.40357915, -0.37706847],
        [-0.74257477,  0.81703282,  0.        , ..., -0.93503186,
         -0.98024005, -0.97413821],
        ...,
        [ 0.88953997,  0.24944093,  0.93503186, ...,  0.        ,
          0.16259736,  0.1341208 ],
        [ 0.80341862,  0.40357915,  0.98024005, ..., -0.16259736,
          0.        , -0.0287923 ],
        [ 0.82022889,  0.37706847,  0.97413821, ..., -0.1341208 ,
          0.0287923 ,  0.        ]],

       [[ 0.        , -0.68423921, -0.76677045, ..., -0.63449646,
         -0.58937407, -0.4627997 ],
        [ 0.68423921,  0.        , -0.11994542, ..., -0.99157751,
         -0.98257521, -0.94405287],
        [ 0.76677045,  0.11994542,  0.        , ..., -0.99995349,
         -0.9977752 , -0.97679457],
        ...,
        [ 0.63449646,  0.99157751,  0.99995349, ...,  0.        ,
         -0.05704207, -0.20474776],
        [ 0.58937407,  0.98257521,  0.9977752 , ...,  0.05704207,
          0.        , -0.14858076],
        [ 0.4627997 ,  0.94405287,  0.97679457, ...,  0.20474776,
          0.14858076,  0.        ]],

       ...,

       [[ 0.        , -0.1026291 , -0.43561896, ..., -0.99997632,
         -0.99772138, -0.95875354],
        [ 0.1026291 ,  0.        , -0.34093911, ..., -0.99540246,
         -0.99937738, -0.92451986],
        [ 0.43561896,  0.34093911,  0.        , ..., -0.90310793,
         -0.92747085, -0.73918416],
        ...,
        [ 0.99997632,  0.99540246,  0.90310793, ...,  0.        ,
         -0.06060065,  0.29083048],
        [ 0.99772138,  0.99937738,  0.92747085, ...,  0.06060065,
          0.        ,  0.34827712],
        [ 0.95875354,  0.92451986,  0.73918416, ..., -0.29083048,
         -0.34827712,  0.        ]],

       [[ 0.        , -0.11019589, -0.12327714, ..., -0.96242266,
         -0.95477065, -0.92005272],
        [ 0.11019589,  0.        , -0.01317102, ..., -0.98648574,
         -0.98172199, -0.95762365],
        [ 0.12327714,  0.01317102,  0.        , ..., -0.98855821,
         -0.98414355, -0.96133413],
        ...,
        [ 0.96242266,  0.98648574,  0.98855821, ...,  0.        ,
         -0.02689625, -0.12722619],
        [ 0.95477065,  0.98172199,  0.98414355, ...,  0.02689625,
          0.        , -0.10050248],
        [ 0.92005272,  0.95762365,  0.96133413, ...,  0.12722619,
          0.10050248,  0.        ]],

       [[ 0.        , -0.08597535, -0.07247344, ..., -0.47334118,
         -0.59250447, -0.6740962 ],
        [ 0.08597535,  0.        ,  0.01354418, ..., -0.39585462,
         -0.52105166, -0.60809506],
        [ 0.07247344, -0.01354418,  0.        , ..., -0.40825611,
         -0.53256416, -0.61879152],
        ...,
        [ 0.47334118,  0.39585462,  0.40825611, ...,  0.        ,
         -0.14061674, -0.24416689],
        [ 0.59250447,  0.52105166,  0.53256416, ...,  0.14061674,
          0.        , -0.10538015],
        [ 0.6740962 ,  0.60809506,  0.61879152, ...,  0.24416689,
          0.10538015,  0.        ]]]), 'num': array([9.43303727e-01, 3.31861873e-01, 5.07420625e-06, 1.59645393e-03,
       1.61632680e-03, 1.58320535e-03, 4.87771656e-03, 6.62429015e-06,
       1.60572793e-03, 1.70244257e-03, 1.72938135e-03, 3.53295475e-07,
       1.86492008e-03, 1.53996506e-03])}
{'img': array([[[ 0.        ,  0.12369036,  0.3401628 , ..., -0.87695682,
         -0.9523462 , -0.92896475],
        [-0.12369036,  0.        ,  0.22123636, ..., -0.92966432,
         -0.98276094, -0.96761734],
        [-0.3401628 , -0.22123636,  0.        , ..., -0.98813263,
         -0.99931071, -0.99948484],
        ...,
        [ 0.87695682,  0.92966432,  0.98813263, ...,  0.        ,
         -0.19017954, -0.1218103 ],
        [ 0.9523462 ,  0.98276094,  0.99931071, ...,  0.19017954,
          0.        ,  0.06917617],
        [ 0.92896475,  0.96761734,  0.99948484, ...,  0.1218103 ,
         -0.06917617,  0.        ]],

       [[ 0.        , -0.81703282, -0.97837535, ..., -0.40357915,
         -0.37706847, -0.37876167],
        [ 0.81703282,  0.        , -0.73311544, ..., -0.98024005,
         -0.97413821, -0.97454981],
        [ 0.97837535,  0.73311544,  0.        , ..., -0.81168416,
         -0.82816513, -0.82713872],
        ...,
        [ 0.40357915,  0.98024005,  0.81168416, ...,  0.        ,
         -0.0287923 , -0.02696419],
        [ 0.37706847,  0.97413821,  0.82816513, ...,  0.0287923 ,
          0.        ,  0.00182882],
        [ 0.37876167,  0.97454981,  0.82713872, ...,  0.02696419,
         -0.00182882,  0.        ]],

       [[ 0.        , -0.24781845, -0.3344796 , ..., -0.81632434,
         -0.71411123, -0.65011378],
        [ 0.24781845,  0.        , -0.09050115, ..., -0.93399871,
         -0.8653165 , -0.81813605],
        [ 0.3344796 ,  0.09050115,  0.        , ..., -0.96249983,
         -0.90712706, -0.8668191 ],
        ...,
        [ 0.81632434,  0.93399871,  0.96249983, ...,  0.        ,
         -0.15898716, -0.24477165],
        [ 0.71411123,  0.8653165 ,  0.90712706, ...,  0.15898716,
          0.        , -0.08750742],
        [ 0.65011378,  0.81813605,  0.8668191 , ...,  0.24477165,
          0.08750742,  0.        ]],

       ...,

       [[ 0.        , -0.34093911, -0.18796504, ..., -0.99937738,
         -0.92451986, -0.92451986],
        [ 0.34093911,  0.        ,  0.15815893, ..., -0.92747085,
         -0.73918416, -0.73918416],
        [ 0.18796504, -0.15815893,  0.        , ..., -0.9749323 ,
         -0.83640111, -0.83640111],
        ...,
        [ 0.99937738,  0.92747085,  0.9749323 , ...,  0.        ,
          0.34827712,  0.34827712],
        [ 0.92451986,  0.73918416,  0.83640111, ..., -0.34827712,
          0.        ,  0.        ],
        [ 0.92451986,  0.73918416,  0.83640111, ..., -0.34827712,
          0.        ,  0.        ]],

       [[ 0.        , -0.0555178 , -0.06858669, ..., -0.95543638,
         -0.92084158, -0.86270276],
        [ 0.0555178 ,  0.        , -0.01309385, ..., -0.9703515 ,
         -0.9410698 , -0.88944819],
        [ 0.06858669,  0.01309385,  0.        , ..., -0.97343307,
         -0.94541763, -0.8953563 ],
        ...,
        [ 0.95543638,  0.9703515 ,  0.97343307, ...,  0.        ,
         -0.10073014, -0.22850765],
        [ 0.92084158,  0.9410698 ,  0.94541763, ...,  0.10073014,
          0.        , -0.12928038],
        [ 0.86270276,  0.88944819,  0.8953563 , ...,  0.22850765,
          0.12928038,  0.        ]],

       [[ 0.        ,  0.01354418,  0.04280531, ..., -0.52105166,
         -0.60809506, -0.65441634],
        [-0.01354418,  0.        ,  0.02926962, ..., -0.53256416,
         -0.61879152, -0.66459753],
        [-0.04280531, -0.02926962,  0.        , ..., -0.55710949,
         -0.6415193 , -0.68618309],
        ...,
        [ 0.52105166,  0.53256416,  0.55710949, ...,  0.        ,
         -0.10538015, -0.16457571],
        [ 0.60809506,  0.61879152,  0.6415193 , ...,  0.10538015,
          0.        , -0.05971611],
        [ 0.65441634,  0.66459753,  0.68618309, ...,  0.16457571,
          0.05971611,  0.        ]]]), 'num': array([ 9.46770477e-01,  3.21684671e-01,  5.34261372e-06,  1.58651220e-03,
        1.63397196e-03,  1.57973223e-03,  1.10521864e-02, -4.74597666e-05,
        1.63125998e-03,  1.72855250e-03,  1.76618131e-03,  2.92469150e-07,
        1.89815875e-03,  1.55894624e-03])}
{'img': array([[[ 0.00000000e+00,  2.15653018e-01,  0.00000000e+00, ...,
         -9.61354947e-01, -9.43924872e-01, -9.18152835e-01],
        [-2.15653018e-01,  0.00000000e+00, -2.15653018e-01, ...,
         -9.98106173e-01, -9.92914444e-01, -8.11101331e-01],
        [ 0.00000000e+00,  2.15653018e-01,  0.00000000e+00, ...,
         -9.61354947e-01, -9.43924872e-01, -9.18152835e-01],
        ...,
        [ 9.61354947e-01,  9.98106173e-01,  9.61354947e-01, ...,
          0.00000000e+00,  5.75274667e-02, -6.33692665e-01],
        [ 9.43924872e-01,  9.92914444e-01,  9.43924872e-01, ...,
         -5.75274667e-02,  0.00000000e+00, -6.77145602e-01],
        [ 9.18152835e-01,  8.11101331e-01,  9.18152835e-01, ...,
          6.33692665e-01,  6.77145602e-01,  0.00000000e+00]],

       [[ 0.00000000e+00, -7.82294878e-01, -9.43996324e-01, ...,
         -9.42284957e-01, -9.42915030e-01, -9.43988463e-01],
        [ 7.82294878e-01,  0.00000000e+00, -3.29900262e-01, ...,
         -8.48878795e-01, -8.47879902e-01, -3.29877771e-01],
        [ 9.43996324e-01,  3.29900262e-01,  0.00000000e+00, ...,
         -6.26973819e-01, -6.25502747e-01,  2.38249004e-05],
        ...,
        [ 9.42284957e-01,  8.48878795e-01,  6.26973819e-01, ...,
          0.00000000e+00,  1.88687969e-03,  6.26992379e-01],
        [ 9.42915030e-01,  8.47879902e-01,  6.25502747e-01, ...,
         -1.88687969e-03,  0.00000000e+00,  6.25521336e-01],
        [ 9.43988463e-01,  3.29877771e-01, -2.38249004e-05, ...,
         -6.26992379e-01, -6.25521336e-01,  0.00000000e+00]],

       [[ 0.00000000e+00, -9.05011517e-02, -3.56430955e-01, ...,
         -8.65316500e-01, -8.18136050e-01, -5.07950706e-01],
        [ 9.05011517e-02,  0.00000000e+00, -2.70411100e-01, ...,
         -9.07127062e-01, -8.66819104e-01, -5.83822693e-01],
        [ 3.56430955e-01,  2.70411100e-01,  0.00000000e+00, ...,
         -9.87136362e-01, -9.69358839e-01, -7.81614034e-01],
        ...,
        [ 8.65316500e-01,  9.07127062e-01,  9.87136362e-01, ...,
          0.00000000e+00, -8.75074208e-02, -4.90773613e-01],
        [ 8.18136050e-01,  8.66819104e-01,  9.69358839e-01, ...,
          8.75074208e-02,  0.00000000e+00, -4.12646851e-01],
        [ 5.07950706e-01,  5.83822693e-01,  7.81614034e-01, ...,
          4.90773613e-01,  4.12646851e-01,  0.00000000e+00]],

       ...,

       [[ 0.00000000e+00,  1.58158926e-01, -2.61513209e-01, ...,
         -7.39184161e-01, -7.39184161e-01, -9.11123046e-01],
        [-1.58158926e-01,  0.00000000e+00, -4.10876696e-01, ...,
         -8.36401112e-01, -8.36401112e-01, -9.64838090e-01],
        [ 2.61513209e-01,  4.10876696e-01,  0.00000000e+00, ...,
         -5.37330451e-01, -5.37330451e-01, -7.71637271e-01],
        ...,
        [ 7.39184161e-01,  8.36401112e-01,  5.37330451e-01, ...,
          0.00000000e+00,  0.00000000e+00, -3.09001185e-01],
        [ 7.39184161e-01,  8.36401112e-01,  5.37330451e-01, ...,
          0.00000000e+00,  0.00000000e+00, -3.09001185e-01],
        [ 9.11123046e-01,  9.64838090e-01,  7.71637271e-01, ...,
