state_0,state_1,state_2,state_3,state_4,state_5,state_6,state_7,state_8,state_9,state_10,state_11,state_12,state_13,state_14,state_15,state_16,state_17,state_18,state_19,state_20,state_21,state_22,state_23,state_24,state_25,state_26,state_27,state_28,state_29,state_30,state_31,state_32,state_33,state_34,state_35,state_36,state_37,state_38,state_39,state_40,state_41,state_42,state_43,state_44,state_45,state_46,state_47,state_48,state_49,state_50,state_51,state_52,state_53,state_54,state_55,state_56,state_57,state_58,state_59,state_60,state_61,state_62,state_63,state_64,state_65,state_66,state_67,state_68,state_69,state_70,state_71,state_72,state_73,state_74,state_75,state_76,state_77,state_78,state_79,state_80,state_81,state_82,state_83,state_84,state_85,state_86,state_87,state_88,state_89,state_90,state_91,state_92,state_93,state_94,state_95,state_96,state_97,state_98,state_99,state_100,state_101,state_102,state_103,state_104,state_105,state_106,state_107,state_108,state_109,state_110,state_111,state_112,state_113,state_114,state_115,state_116,state_117,state_118,state_119,state_120,state_121,state_122,state_123,state_124,state_125,state_126,state_127,state_128,state_129,state_130,state_131,state_132,state_133,state_134,state_135,state_136,state_137,state_138,state_139,state_140,state_141,state_142,state_143,state_144,state_145,state_146,state_147,state_148,state_149,state_150,state_151,state_152,state_153,state_154,state_155,state_156,state_157,state_158,state_159,state_160,state_161,state_162,state_163,state_164,state_165,state_166,state_167,state_168,state_169,state_170,state_171,state_172,state_173,state_174,state_175,state_176,state_177,state_178,state_179,state_180,state_181,state_182,state_183,state_184,state_185,state_186,state_187,state_188,state_189,state_190,state_191,state_192,state_193,state_194,state_195,state_196,state_197,state_198,state_199,state_200,state_201,state_202,state_203,state_204,state_205,state_206,state_207,state_208,state_209,state_210,state_211,state_212,state_213,state_214,state_215,state_216,state_217,state_218,state_219,state_220,state_221,state_222,state_223,state_224,state_225,state_226,state_227,state_228,state_229,state_230,state_231,state_232,state_233,state_234,state_235,state_236,state_237,state_238,state_239,state_240,state_241,state_242,state_243,state_244,state_245,state_246,state_247,state_248,state_249,state_250,state_251,state_252,state_253,state_254,state_255,state_256,state_257,state_258,state_259,state_260,state_261,state_262,state_263,state_264,state_265,state_266,state_267,state_268,state_269,state_270,state_271,state_272,state_273,state_274,state_275,state_276,state_277,state_278,state_279,state_280,state_281,state_282,state_283,state_284,state_285,state_286,state_287
{'img': array([[[ 0.00000000e+00, -3.97879894e-02, -1.66724688e-01, ...,
         -9.71624950e-01, -9.60371758e-01, -9.78209613e-01],
        [ 3.97879894e-02,  0.00000000e+00, -1.27361569e-01, ...,
         -9.61444636e-01, -9.48521485e-01, -9.69174240e-01],
        [ 1.66724688e-01,  1.27361569e-01,  0.00000000e+00, ...,
         -9.18590723e-01, -9.00460025e-01, -9.29902755e-01],
        ...,
        [ 9.71624950e-01,  9.61444636e-01,  9.18590723e-01, ...,
          0.00000000e+00,  4.36597641e-02, -2.96443344e-02],
        [ 9.60371758e-01,  9.48521485e-01,  9.00460025e-01, ...,
         -4.36597641e-02,  0.00000000e+00, -7.32566433e-02],
        [ 9.78209613e-01,  9.69174240e-01,  9.29902755e-01, ...,
          2.96443344e-02,  7.32566433e-02,  0.00000000e+00]],

       [[ 0.00000000e+00,  3.20152709e-01,  4.95831977e-01, ...,
         -5.22839245e-01, -6.25132985e-01, -4.54427370e-01],
        [-3.20152709e-01,  0.00000000e+00,  1.91707804e-01, ...,
         -7.68228288e-01, -8.42114739e-01, -7.15695862e-01],
        [-4.95831977e-01, -1.91707804e-01,  0.00000000e+00, ...,
         -8.76705958e-01, -9.29882945e-01, -8.36312214e-01],
        ...,
        [ 5.22839245e-01,  7.68228288e-01,  8.76705958e-01, ...,
          0.00000000e+00, -1.24797348e-01,  7.83686105e-02],
        [ 6.25132985e-01,  8.42114739e-01,  9.29882945e-01, ...,
          1.24797348e-01,  0.00000000e+00,  2.02169472e-01],
        [ 4.54427370e-01,  7.15695862e-01,  8.36312214e-01, ...,
         -7.83686105e-02, -2.02169472e-01,  0.00000000e+00]],

       [[ 0.00000000e+00, -3.87934969e-01, -5.60265254e-01, ...,
         -9.12247913e-01, -8.76210980e-01, -8.44126170e-01],
        [ 3.87934969e-01,  0.00000000e+00, -1.95057383e-01, ...,
         -9.99719931e-01, -9.94548660e-01, -9.86009134e-01],
        [ 5.60265254e-01,  1.95057383e-01,  0.00000000e+00, ...,
         -9.85133285e-01, -9.95784519e-01, -9.99584072e-01],
        ...,
        [ 9.12247913e-01,  9.99719931e-01,  9.85133285e-01, ...,
          0.00000000e+00, -8.07077494e-02, -1.43310149e-01],
        [ 8.76210980e-01,  9.94548660e-01,  9.95784519e-01, ...,
          8.07077494e-02,  0.00000000e+00, -6.29679736e-02],
        [ 8.44126170e-01,  9.86009134e-01,  9.99584072e-01, ...,
          1.43310149e-01,  6.29679736e-02,  0.00000000e+00]],

       ...,

       [[ 0.00000000e+00,  1.59038850e-01,  4.06793900e-02, ...,
         -1.29355872e-01, -1.71303179e-01, -3.71576668e-01],
        [-1.59038850e-01,  0.00000000e+00, -1.18745570e-01, ...,
         -2.85412116e-01, -3.25810883e-01, -5.14499391e-01],
        [-4.06793900e-02,  1.18745570e-01,  0.00000000e+00, ...,
         -1.69586410e-01, -2.11239465e-01, -4.09035934e-01],
        ...,
        [ 1.29355872e-01,  2.85412116e-01,  1.69586410e-01, ...,
          0.00000000e+00, -4.24201493e-02, -2.48360482e-01],
        [ 1.71303179e-01,  3.25810883e-01,  2.11239465e-01, ...,
          4.24201493e-02,  0.00000000e+00, -2.07045896e-01],
        [ 3.71576668e-01,  5.14499391e-01,  4.09035934e-01, ...,
          2.48360482e-01,  2.07045896e-01,  0.00000000e+00]],

       [[ 0.00000000e+00, -1.40576605e-03, -5.05335772e-04, ...,
         -7.13625850e-01, -7.16444312e-01, -7.27234194e-01],
        [ 1.40576605e-03,  0.00000000e+00,  9.00430596e-04, ...,
         -7.14609922e-01, -7.17424328e-01, -7.28198378e-01],
        [ 5.05335772e-04, -9.00430596e-04,  0.00000000e+00, ...,
         -7.13979760e-01, -7.16796765e-01, -7.27580958e-01],
        ...,
        [ 7.13625850e-01,  7.14609922e-01,  7.13979760e-01, ...,
          0.00000000e+00,  4.03162384e-03,  1.96219955e-02],
        [ 7.16444312e-01,  7.17424328e-01,  7.16796765e-01, ...,
         -4.03162384e-03,  0.00000000e+00,  1.55909884e-02],
        [ 7.27234194e-01,  7.28198378e-01,  7.27580958e-01, ...,
         -1.96219955e-02, -1.55909884e-02,  0.00000000e+00]],

       [[ 0.00000000e+00,  6.00263619e-02,  6.54982129e-02, ...,
         -8.94897457e-01, -8.98664898e-01, -9.10531795e-01],
        [-6.00263619e-02,  0.00000000e+00,  5.48263947e-03, ...,
         -9.20071845e-01, -9.23374132e-01, -9.33707159e-01],
        [-6.54982129e-02, -5.48263947e-03,  0.00000000e+00, ...,
         -9.22205838e-01, -9.25465046e-01, -9.35656117e-01],
        ...,
        [ 8.94897457e-01,  9.20071845e-01,  9.22205838e-01, ...,
          0.00000000e+00, -8.51472559e-03, -3.63591297e-02],
        [ 8.98664898e-01,  9.23374132e-01,  9.25465046e-01, ...,
          8.51472559e-03,  0.00000000e+00, -2.78487161e-02],
        [ 9.10531795e-01,  9.33707159e-01,  9.35656117e-01, ...,
          3.63591297e-02,  2.78487161e-02,  0.00000000e+00]]]), 'num': array([ 7.14179121e-01,  6.99961649e-01,  3.50615829e-06,  6.31887638e-05,
        6.35004223e-05,  6.09292396e-05,  1.35638460e-03, -7.79146286e-08,
        6.35471711e-05,  6.45717485e-05,  6.57456622e-05,  6.09766659e-07,
        6.66100017e-05,  6.25334952e-05])}
{'img': array([[[ 0.00000000e+00, -1.27361569e-01, -1.92603009e-02, ...,
         -9.48521485e-01, -9.69174240e-01, -9.72761050e-01],
        [ 1.27361569e-01,  0.00000000e+00,  1.08234492e-01, ...,
         -9.00460025e-01, -9.29902755e-01, -9.35315527e-01],
        [ 1.92603009e-02, -1.08234492e-01,  0.00000000e+00, ...,
         -9.42245554e-01, -9.64249179e-01, -9.68115873e-01],
        ...,
        [ 9.48521485e-01,  9.00460025e-01,  9.42245554e-01, ...,
          0.00000000e+00, -7.32566433e-02, -8.82089715e-02],
        [ 9.69174240e-01,  9.29902755e-01,  9.64249179e-01, ...,
          7.32566433e-02,  0.00000000e+00, -1.50008765e-02],
        [ 9.72761050e-01,  9.35315527e-01,  9.68115873e-01, ...,
          8.82089715e-02,  1.50008765e-02,  0.00000000e+00]],

       [[ 0.00000000e+00,  1.91707804e-01, -2.88187340e-01, ...,
         -8.42114739e-01, -7.15695862e-01, -4.61855204e-01],
        [-1.91707804e-01,  0.00000000e+00, -4.66416472e-01, ...,
         -9.29882945e-01, -8.36312214e-01, -6.23324994e-01],
        [ 2.88187340e-01,  4.66416472e-01,  0.00000000e+00, ...,
         -6.50968247e-01, -4.84058264e-01, -1.86651258e-01],
        ...,
        [ 8.42114739e-01,  9.29882945e-01,  6.50968247e-01, ...,
          0.00000000e+00,  2.02169472e-01,  4.97840389e-01],
        [ 7.15695862e-01,  8.36312214e-01,  4.84058264e-01, ...,
         -2.02169472e-01,  0.00000000e+00,  3.12225011e-01],
        [ 4.61855204e-01,  6.23324994e-01,  1.86651258e-01, ...,
         -4.97840389e-01, -3.12225011e-01,  0.00000000e+00]],

       [[ 0.00000000e+00, -4.30015895e-01, -5.70472628e-01, ...,
         -8.87496193e-01, -8.55839562e-01, -8.12420412e-01],
        [ 4.30015895e-01,  0.00000000e+00, -1.61855649e-01, ...,
         -9.99408276e-01, -9.95092215e-01, -9.84200737e-01],
        [ 5.70472628e-01,  1.61855649e-01,  0.00000000e+00, ...,
         -9.91797739e-01, -9.97987300e-01, -9.99881055e-01],
        ...,
        [ 8.87496193e-01,  9.99408276e-01,  9.91797739e-01, ...,
          0.00000000e+00, -6.46660070e-02, -1.43098719e-01],
        [ 8.55839562e-01,  9.95092215e-01,  9.97987300e-01, ...,
          6.46660070e-02,  0.00000000e+00, -7.87987163e-02],
        [ 8.12420412e-01,  9.84200737e-01,  9.99881055e-01, ...,
          1.43098719e-01,  7.87987163e-02,  0.00000000e+00]],

       ...,

       [[ 0.00000000e+00, -1.18745570e-01,  8.51830854e-02, ...,
         -3.25810883e-01, -5.14499391e-01, -6.45978954e-01],
        [ 1.18745570e-01,  0.00000000e+00,  2.02894358e-01, ...,
         -2.11239465e-01, -4.09035934e-01, -5.50763419e-01],
        [-8.51830854e-02, -2.02894358e-01,  0.00000000e+00, ...,
         -4.05161731e-01, -5.85673056e-01, -7.08655978e-01],
        ...,
        [ 3.25810883e-01,  2.11239465e-01,  4.05161731e-01, ...,
          0.00000000e+00, -2.07045896e-01, -3.62021650e-01],
        [ 5.14499391e-01,  4.09035934e-01,  5.85673056e-01, ...,
          2.07045896e-01,  0.00000000e+00, -1.61175179e-01],
        [ 6.45978954e-01,  5.50763419e-01,  7.08655978e-01, ...,
          3.62021650e-01,  1.61175179e-01,  0.00000000e+00]],

       [[ 0.00000000e+00,  9.00430596e-04,  1.10392028e-02, ...,
         -7.17424328e-01, -7.28198378e-01, -7.30206526e-01],
        [-9.00430596e-04,  0.00000000e+00,  1.01388226e-02, ...,
         -7.16796765e-01, -7.27580958e-01, -7.29591032e-01],
        [-1.10392028e-02, -1.01388226e-02,  0.00000000e+00, ...,
         -7.09690302e-01, -7.20588107e-01, -7.22619756e-01],
        ...,
        [ 7.17424328e-01,  7.16796765e-01,  7.09690302e-01, ...,
          0.00000000e+00,  1.55909884e-02,  1.85251754e-02],
        [ 7.28198378e-01,  7.27580958e-01,  7.20588107e-01, ...,
         -1.55909884e-02,  0.00000000e+00,  2.93461082e-03],
        [ 7.30206526e-01,  7.29591032e-01,  7.22619756e-01, ...,
         -1.85251754e-02, -2.93461082e-03,  0.00000000e+00]],

       [[ 0.00000000e+00,  5.48263947e-03,  2.49749692e-02, ...,
         -9.23374132e-01, -9.33707159e-01, -9.35075004e-01],
        [-5.48263947e-03,  0.00000000e+00,  1.94936646e-02, ...,
         -9.25465046e-01, -9.35656117e-01, -9.37004271e-01],
        [-2.49749692e-02, -1.94936646e-02,  0.00000000e+00, ...,
         -9.32674033e-01, -9.42357893e-01, -9.43635708e-01],
        ...,
        [ 9.23374132e-01,  9.25465046e-01,  9.32674033e-01, ...,
          0.00000000e+00, -2.78487161e-02, -3.16866400e-02],
        [ 9.33707159e-01,  9.35656117e-01,  9.42357893e-01, ...,
          2.78487161e-02,  0.00000000e+00, -3.83961841e-03],
        [ 9.35075004e-01,  9.37004271e-01,  9.43635708e-01, ...,
          3.16866400e-02,  3.83961841e-03,  0.00000000e+00]]]), 'num': array([ 7.07106726e-01,  7.07106726e-01,  0.00000000e+00,  3.05479191e-05,
        3.08507485e-05,  3.00179676e-05,  3.83654609e-04, -1.51414717e-07,
        3.07447582e-05,  3.13579878e-05,  3.18803686e-05,  2.74112849e-07,
        3.23842066e-05,  3.03317690e-05])}
{'img': array([[[ 0.        ,  0.10823449, -0.20572997, ..., -0.92990275,
         -0.93531553, -0.95524618],
        [-0.10823449,  0.        , -0.31044061, ..., -0.96424918,
         -0.96811587, -0.98165154],
        [ 0.20572997,  0.31044061,  0.        , ..., -0.83434241,
         -0.84251771, -0.87395492],
        ...,
        [ 0.92990275,  0.96424918,  0.83434241, ...,  0.        ,
         -0.01500088, -0.07626838],
        [ 0.93531553,  0.96811587,  0.84251771, ...,  0.01500088,
          0.        , -0.06130261],
        [ 0.95524618,  0.98165154,  0.87395492, ...,  0.07626838,
          0.06130261,  0.        ]],

       [[ 0.        , -0.46641647, -0.15352693, ..., -0.83631221,
         -0.62332499, -0.85254295],
        [ 0.46641647,  0.        ,  0.32508227, ..., -0.48405826,
         -0.18665126, -0.51035395],
        [ 0.15352693, -0.32508227,  0.        , ..., -0.74222561,
         -0.49588278, -0.76219365],
        ...,
        [ 0.83631221,  0.48405826,  0.74222561, ...,  0.        ,
          0.31222501, -0.03030506],
        [ 0.62332499,  0.18665126,  0.49588278, ..., -0.31222501,
          0.        , -0.34087166],
        [ 0.85254295,  0.51035395,  0.76219365, ...,  0.03030506,
          0.34087166,  0.        ]],

       [[ 0.        , -0.40496365, -0.58795146, ..., -0.87026349,
         -0.82728718, -0.78634123],
        [ 0.40496365,  0.        , -0.21000973, ..., -0.99519007,
         -0.98391597, -0.96916104],
        [ 0.58795146,  0.21000973,  0.        , ..., -0.99356979,
         -0.99948839, -0.99930039],
        ...,
        [ 0.87026349,  0.99519007,  0.99356979, ...,  0.        ,
         -0.08138548, -0.15030113],
        [ 0.82728718,  0.98391597,  0.99948839, ...,  0.08138548,
          0.        , -0.06934157],
        [ 0.78634123,  0.96916104,  0.99930039, ...,  0.15030113,
          0.06934157,  0.        ]],

       ...,

       [[ 0.        ,  0.20289436, -0.12128525, ..., -0.40903593,
         -0.55076342, -0.64336531],
        [-0.20289436,  0.        , -0.32015913, ..., -0.58567306,
         -0.70865598, -0.78531139],
        [ 0.12128525,  0.32015913,  0.        , ..., -0.2953413 ,
         -0.4454654 , -0.54576474],
        ...,
        [ 0.40903593,  0.58567306,  0.2953413 , ...,  0.        ,
         -0.16117518, -0.27394134],
        [ 0.55076342,  0.70865598,  0.4454654 , ...,  0.16117518,
          0.        , -0.11535013],
        [ 0.64336531,  0.78531139,  0.54576474, ...,  0.27394134,
          0.11535013,  0.        ]],

       [[ 0.        ,  0.01013882,  0.01224438, ..., -0.72758096,
         -0.72959103, -0.74376232],
        [-0.01013882,  0.        ,  0.00210569, ..., -0.72058811,
         -0.72261976, -0.73694685],
        [-0.01224438, -0.00210569,  0.        , ..., -0.7191265 ,
         -0.72116261, -0.73552188],
        ...,
        [ 0.72758096,  0.72058811,  0.7191265 , ...,  0.        ,
          0.00293461,  0.02388993],
        [ 0.72959103,  0.72261976,  0.72116261, ..., -0.00293461,
          0.        ,  0.02095606],
        [ 0.74376232,  0.73694685,  0.73552188, ..., -0.02388993,
         -0.02095606,  0.        ]],

       [[ 0.        ,  0.01949366, -0.03956317, ..., -0.93565612,
         -0.93700427, -0.94626743],
        [-0.01949366,  0.        , -0.05903405, ..., -0.94235789,
         -0.94363571, -0.95239158],
        [ 0.03956317,  0.05903405,  0.        , ..., -0.92096121,
         -0.92245054, -0.93273243],
        ...,
        [ 0.93565612,  0.94235789,  0.92096121, ...,  0.        ,
         -0.00383962, -0.03137285],
        [ 0.93700427,  0.94363571,  0.92245054, ...,  0.00383962,
          0.        , -0.02753489],
        [ 0.94626743,  0.95239158,  0.93273243, ...,  0.03137285,
          0.02753489,  0.        ]]]), 'num': array([ 7.22629427e-01,  6.91235565e-01,  7.79971717e-06,  3.11447040e-05,
        3.12220821e-05,  3.07965023e-05,  3.11122052e-04, -7.73781465e-08,
        3.13536250e-05,  3.20094048e-05,  3.25246143e-05,  2.02835918e-07,
        3.31299929e-05,  3.08888167e-05])}
{'img': array([[[ 0.        , -0.31044061, -0.09098001, ..., -0.96811587,
         -0.98165154, -0.98718263],
        [ 0.31044061,  0.        ,  0.22266818, ..., -0.84251771,
         -0.87395492, -0.88886402],
        [ 0.09098001, -0.22266818,  0.        , ..., -0.94131008,
         -0.96023196, -0.96856858],
        ...,
        [ 0.96811587,  0.84251771,  0.94131008, ...,  0.        ,
         -0.06130261, -0.09278591],
        [ 0.98165154,  0.87395492,  0.96023196, ...,  0.06130261,
          0.        , -0.03157324],
        [ 0.98718263,  0.88886402,  0.96856858, ...,  0.09278591,
          0.03157324,  0.        ]],

       [[ 0.        ,  0.32398962,  0.98252648, ..., -0.18552897,
         -0.50441397, -0.7364244 ],
        [-0.32398962,  0.        ,  0.86922775, ..., -0.49388643,
         -0.75695891, -0.91588754],
        [-0.98252648, -0.86922775,  0.        , ..., -0.99999982,
         -0.9422572 , -0.80176408],
        ...,
        [ 0.18552897,  0.49388643,  0.99999982, ...,  0.        ,
         -0.33545953, -0.59812515],
        [ 0.50441397,  0.75695891,  0.9422572 , ...,  0.33545953,
          0.        , -0.29462839],
        [ 0.7364244 ,  0.91588754,  0.80176408, ...,  0.59812515,
          0.29462839,  0.        ]],

       [[ 0.        , -0.45626276, -0.50638693, ..., -0.84026968,
         -0.79948319, -0.77523777],
        [ 0.45626276,  0.        , -0.05716764, ..., -0.99508123,
         -0.98548797, -0.97804881],
        [ 0.50638693,  0.05716764,  0.        , ..., -0.99911703,
         -0.99358023, -0.98836166],
        ...,
        [ 0.84026968,  0.99508123,  0.99911703, ...,  0.        ,
         -0.07128557, -0.11046312],
        [ 0.79948319,  0.98548797,  0.99358023, ...,  0.07128557,
          0.        , -0.03933278],
        [ 0.77523777,  0.97804881,  0.98836166, ...,  0.11046312,
          0.03933278,  0.        ]],

       ...,

       [[ 0.        , -0.32015913, -0.36896254, ..., -0.70865598,
         -0.78531139, -0.98379935],
        [ 0.32015913,  0.        , -0.05197169, ..., -0.4454654 ,
         -0.54576474, -0.87461995],
        [ 0.36896254,  0.05197169,  0.        , ..., -0.39833317,
         -0.5014781 , -0.8482416 ],
        ...,
        [ 0.70865598,  0.4454654 ,  0.39833317, ...,  0.        ,
         -0.11535013, -0.56708079],
        [ 0.78531139,  0.54576474,  0.5014781 , ...,  0.11535013,
          0.        , -0.46828593],
        [ 0.98379935,  0.87461995,  0.8482416 , ...,  0.56708079,
          0.46828593,  0.        ]],

       [[ 0.        ,  0.00210569,  0.00404794, ..., -0.72261976,
         -0.73694685, -0.75495192],
        [-0.00210569,  0.        ,  0.00194226, ..., -0.72116261,
         -0.73552188, -0.75356938],
        [-0.00404794, -0.00194226,  0.        , ..., -0.71981571,
         -0.73420461, -0.75229118],
        ...,
        [ 0.72261976,  0.72116261,  0.71981571, ...,  0.        ,
          0.02095606,  0.04797762],
        [ 0.73694685,  0.73552188,  0.73420461, ..., -0.02095606,
          0.        ,  0.02703516],
        [ 0.75495192,  0.75356938,  0.75229118, ..., -0.04797762,
         -0.02703516,  0.        ]],

       [[ 0.        , -0.05903405, -0.05414797, ..., -0.94363571,
         -0.95239158, -0.96963168],
        [ 0.05903405,  0.        ,  0.00489391, ..., -0.92245054,
         -0.93273243, -0.95350267],
        [ 0.05414797, -0.00489391,  0.        , ..., -0.92432911,
         -0.93448585, -0.9549662 ],
        ...,
        [ 0.94363571,  0.92245054,  0.92432911, ...,  0.        ,
         -0.02753489, -0.09014956],
        [ 0.95239158,  0.93273243,  0.93448585, ...,  0.02753489,
          0.        , -0.06269261],
        [ 0.96963168,  0.95350267,  0.9549662 , ...,  0.09014956,
          0.06269261,  0.        ]]]), 'num': array([ 7.21496274e-01,  6.92418003e-01,  7.51376498e-06,  2.99467255e-05,
        3.09526878e-05,  2.99467255e-05,  6.53720767e-04, -1.19941665e-06,
        3.10223314e-05,  3.19354357e-05,  3.24429308e-05,  1.64512317e-07,
        3.33579550e-05,  3.05129164e-05])}
{'img': array([[[ 0.        ,  0.22266818,  0.88069476, ..., -0.87395492,
         -0.88886402, -0.96547189],
        [-0.22266818,  0.        ,  0.7531099 , ..., -0.96023196,
         -0.96856858, -0.88322636],
        [-0.88069476, -0.7531099 ,  0.        , ..., -0.84200246,
         -0.82454974, -0.22790142],
        ...,
        [ 0.87395492,  0.96023196,  0.84200246, ...,  0.        ,
         -0.03157324, -0.69689768],
        [ 0.88886402,  0.96856858,  0.82454974, ...,  0.03157324,
          0.        , -0.67390684],
        [ 0.96547189,  0.88322636,  0.22790142, ...,  0.69689768,
          0.67390684,  0.        ]],

       [[ 0.        ,  0.86922775,  0.2526421 , ..., -0.75695891,
         -0.91588754, -0.50979947],
        [-0.86922775,  0.        , -0.71612057, ..., -0.9422572 ,
         -0.80176408, -0.9998417 ],
        [-0.2526421 ,  0.71612057,  0.        , ..., -0.89749515,
         -0.98759534, -0.71060777],
        ...,
        [ 0.75695891,  0.9422572 ,  0.89749515, ...,  0.        ,
         -0.29462839,  0.31807183],
        [ 0.91588754,  0.80176408,  0.98759534, ...,  0.29462839,
          0.        ,  0.58328057],
        [ 0.50979947,  0.9998417 ,  0.71060777, ..., -0.31807183,
         -0.58328057,  0.        ]],

       [[ 0.        , -0.06487671,  0.12147772, ..., -0.97475425,
         -0.96512888, -0.88835544],
        [ 0.06487671,  0.        ,  0.18561804, ..., -0.98718642,
         -0.98007874, -0.91627249],
        [-0.12147772, -0.18561804,  0.        , ..., -0.94041177,
         -0.92618144, -0.82599915],
        ...,
        [ 0.97475425,  0.98718642,  0.94041177, ...,  0.        ,
         -0.03967205, -0.24921225],
        [ 0.96512888,  0.98007874,  0.92618144, ...,  0.03967205,
          0.        , -0.21059571],
        [ 0.88835544,  0.91627249,  0.82599915, ...,  0.24921225,
          0.21059571,  0.        ]],

       ...,

       [[ 0.        , -0.05182426,  0.26930506, ..., -0.54387354,
         -0.87119611, -0.99580704],
        [ 0.05182426,  0.        ,  0.31885278, ..., -0.49965348,
         -0.84458306, -0.99920971],
        [-0.26930506, -0.31885278,  0.        , ..., -0.74977206,
         -0.97122103, -0.93438122],
        ...,
        [ 0.54387354,  0.49965348,  0.74977206, ...,  0.        ,
         -0.46407254, -0.88540139],
        [ 0.87119611,  0.84458306,  0.97122103, ...,  0.46407254,
          0.        , -0.5685725 ],
        [ 0.99580704,  0.99920971,  0.93438122, ...,  0.88540139,
          0.5685725 ,  0.        ]],

       [[ 0.        ,  0.00194226,  0.25652643, ..., -0.73552188,
         -0.75356938, -0.85491894],
        [-0.00194226,  0.        ,  0.25464868, ..., -0.73420461,
         -0.75229118, -0.85390976],
        [-0.25652643, -0.25464868,  0.        , ..., -0.53711236,
         -0.55972049, -0.69323492],
        ...,
        [ 0.73552188,  0.73420461,  0.53711236, ...,  0.        ,
          0.02703516,  0.19764791],
        [ 0.75356938,  0.75229118,  0.55972049, ..., -0.02703516,
          0.        ,  0.17107382],
        [ 0.85491894,  0.85390976,  0.69323492, ..., -0.19764791,
         -0.17107382,  0.        ]],

       [[ 0.        ,  0.00489391,  0.0458185 , ..., -0.93273243,
         -0.95350267, -0.99701545],
        [-0.00489391,  0.        ,  0.04092918, ..., -0.93448585,
         -0.9549662 , -0.99738133],
        [-0.0458185 , -0.04092918,  0.        , ..., -0.9482736 ,
         -0.96631027, -0.99950566],
        ...,
        [ 0.93273243,  0.93448585,  0.9482736 , ...,  0.        ,
         -0.06269261, -0.28748408],
        [ 0.95350267,  0.9549662 ,  0.96631027, ...,  0.06269261,
          0.        , -0.22687249],
        [ 0.99701545,  0.99738133,  0.99950566, ...,  0.28748408,
          0.22687249,  0.        ]]]), 'num': array([7.19543530e-01, 6.94447180e-01, 6.41850381e-06, 3.01638821e-05,
       3.04724640e-05, 2.97781547e-05, 4.62880585e-04, 3.08581914e-07,
       3.06961859e-05, 3.17665794e-05, 3.22783111e-05, 2.07699365e-07,
       3.33600537e-05, 3.01731050e-05])}
{'img': array([[[ 0.        ,  0.7531099 ,  0.21205195, ..., -0.96856858,
         -0.88322636, -0.98021877],
        [-0.7531099 ,  0.        , -0.5964751 , ..., -0.82454974,
         -0.22790142, -0.49582747],
        [-0.21205195,  0.5964751 ,  0.        , ..., -0.99928899,
         -0.76369927, -0.91595832],
        ...,
        [ 0.96856858,  0.82454974,  0.99928899, ...,  0.        ,
         -0.67390684, -0.43552239],
        [ 0.88322636,  0.22790142,  0.76369927, ...,  0.67390684,
          0.        ,  0.28486498],
        [ 0.98021877,  0.49582747,  0.91595832, ...,  0.43552239,
         -0.28486498,  0.        ]],

       [[ 0.        , -0.71612057, -0.05583447, ..., -0.80176408,
         -0.9998417 , -0.97413661],
        [ 0.71612057,  0.        ,  0.6760323 , ..., -0.98759534,
         -0.71060777, -0.84173906],
        [ 0.05583447, -0.6760323 ,  0.        , ..., -0.83388231,
         -0.99927543, -0.98523335],
        ...,
        [ 0.80176408,  0.98759534,  0.83388231, ...,  0.        ,
          0.58328057,  0.40101716],
        [ 0.9998417 ,  0.71060777,  0.99927543, ..., -0.58328057,
          0.        , -0.20859164],
        [ 0.97413661,  0.84173906,  0.98523335, ..., -0.40101716,
          0.20859164,  0.        ]],

       [[ 0.        ,  0.18561804,  0.45924982, ..., -0.98007874,
         -0.91627249, -0.82448125],
        [-0.18561804,  0.        ,  0.28638313, ..., -0.92618144,
         -0.82599915, -0.70511414],
        [-0.45924982, -0.28638313,  0.        , ..., -0.77939968,
         -0.62997636, -0.47250805],
        ...,
        [ 0.98007874,  0.92618144,  0.77939968, ...,  0.        ,
         -0.21059571, -0.3908664 ],
        [ 0.91627249,  0.82599915,  0.62997636, ...,  0.21059571,
          0.        , -0.18825825],
        [ 0.82448125,  0.70511414,  0.47250805, ...,  0.3908664 ,
          0.18825825,  0.        ]],

       ...,

       [[ 0.        ,  0.31885278, -0.57475034, ..., -0.84458306,
         -0.99920971, -0.82059564],
        [-0.31885278,  0.        , -0.80567724, ..., -0.97122103,
         -0.93438122, -0.95999134],
        [ 0.57475034,  0.80567724,  0.        , ..., -0.38341121,
         -0.84052768, -0.34304193],
        ...,
        [ 0.84458306,  0.97122103,  0.38341121, ...,  0.        ,
         -0.5685725 ,  0.04331997],
        [ 0.99920971,  0.93438122,  0.84052768, ...,  0.5685725 ,
          0.        ,  0.6036752 ],
        [ 0.82059564,  0.95999134,  0.34304193, ..., -0.04331997,
         -0.6036752 ,  0.        ]],

       [[ 0.        ,  0.25464868,  0.12539935, ..., -0.75229118,
         -0.85390976, -0.88788408],
        [-0.25464868,  0.        , -0.13137318, ..., -0.55972049,
         -0.69323492, -0.74145826],
        [-0.12539935,  0.13137318,  0.        , ..., -0.6637359 ,
         -0.78190882, -0.8231833 ],
        ...,
        [ 0.75229118,  0.55972049,  0.6637359 , ...,  0.        ,
          0.17107382,  0.23886083],
        [ 0.85390976,  0.69323492,  0.78190882, ..., -0.17107382,
          0.        ,  0.06921771],
        [ 0.88788408,  0.74145826,  0.8231833 , ..., -0.23886083,
         -0.06921771,  0.        ]],

       [[ 0.        ,  0.04092918,  0.157013  , ..., -0.9549662 ,
         -0.99738133, -0.99455775],
        [-0.04092918,  0.        ,  0.11645992, ..., -0.96631027,
         -0.99950566, -0.98946009],
        [-0.157013  , -0.11645992,  0.        , ..., -0.98970936,
         -0.99636585, -0.96586312],
        ...,
        [ 0.9549662 ,  0.96631027,  0.98970936, ...,  0.        ,
         -0.22687249, -0.39459462],
        [ 0.99738133,  0.99950566,  0.99636585, ...,  0.22687249,
          0.        , -0.17584236],
        [ 0.99455775,  0.98946009,  0.96586312, ...,  0.39459462,
          0.17584236,  0.        ]]]), 'num': array([ 7.18728310e-01,  6.95290610e-01,  6.25839774e-06,  2.88997528e-05,
        3.01730396e-05,  2.86682461e-05,  7.59712380e-04, -1.27328684e-06,
        3.02270579e-05,  3.16238149e-05,  3.21922925e-05,  1.82494019e-07,
        3.36478479e-05,  2.95997820e-05])}
{'img': array([[[ 0.        , -0.55988337, -0.87411763, ..., -0.69985421,
         -0.78233559, -0.        ],
        [ 0.55988337,  0.        , -0.45232554, ..., -0.9797959 ,
         -0.99694828, -0.55988337],
        [ 0.87411763,  0.45232554,  0.        , ..., -0.96429893,
         -0.92444198, -0.87411763],
        ...,
        [ 0.69985421,  0.9797959 ,  0.96429893, ...,  0.        ,
          0.12290194, -0.69985421],
        [ 0.78233559,  0.99694828,  0.92444198, ..., -0.12290194,
          0.        , -0.78233559],
        [ 0.        ,  0.55988337,  0.87411763, ...,  0.69985421,
          0.78233559,  0.        ]],

       [[ 0.        ,  0.6760323 ,  0.19237708, ..., -0.71060777,
         -0.84173906, -0.64038487],
        [-0.6760323 ,  0.        , -0.52164746, ..., -0.99927543,
         -0.98523335, -0.9911111 ],
        [-0.19237708,  0.52164746,  0.        , ..., -0.83268866,
         -0.9298777 , -0.77617919],
        ...,
        [ 0.71060777,  0.99927543,  0.83268866, ...,  0.        ,
         -0.20859164,  0.09521792],
        [ 0.84173906,  0.98523335,  0.9298777 , ...,  0.20859164,
          0.        ,  0.30076729],
        [ 0.64038487,  0.9911111 ,  0.77617919, ..., -0.09521792,
         -0.30076729,  0.        ]],

       [[ 0.        ,  0.27977171, -0.11854036, ..., -0.88548644,
         -0.80609448, -0.27977171],
        [-0.27977171,  0.        , -0.39160574, ..., -0.72012573,
         -0.60833913, -0.        ],
        [ 0.11854036,  0.39160574,  0.        , ..., -0.93432466,
         -0.87056153, -0.39160574],
        ...,
        [ 0.88548644,  0.72012573,  0.93432466, ...,  0.        ,
         -0.14945517, -0.72012573],
        [ 0.80609448,  0.60833913,  0.87056153, ...,  0.14945517,
          0.        , -0.60833913],
        [ 0.27977171,  0.        ,  0.39160574, ...,  0.72012573,
          0.60833913,  0.        ]],

       ...,

       [[ 0.        , -0.80567724, -0.92136632, ..., -0.93438122,
         -0.95999134, -0.99863149],
        [ 0.80567724,  0.        , -0.23261271, ..., -0.84052768,
         -0.34304193, -0.54940835],
        [ 0.92136632,  0.23261271,  0.        , ..., -0.69144928,
         -0.1151343 , -0.33997729],
        ...,
        [ 0.93438122,  0.84052768,  0.69144928, ...,  0.        ,
          0.6036752 ,  0.40465407],
        [ 0.95999134,  0.34304193,  0.1151343 , ..., -0.6036752 ,
          0.        , -0.22944025],
        [ 0.99863149,  0.54940835,  0.33997729, ..., -0.40465407,
          0.22944025,  0.        ]],

       [[ 0.        , -0.13137318, -0.1200048 , ..., -0.69323492,
         -0.74145826, -0.84279534],
        [ 0.13137318,  0.        ,  0.01145906, ..., -0.78190882,
         -0.8231833 , -0.90620035],
        [ 0.1200048 , -0.01145906,  0.        , ..., -0.77471399,
         -0.81662307, -0.9012954 ],
        ...,
        [ 0.69323492,  0.78190882,  0.77471399, ...,  0.        ,
          0.06921771,  0.23428974],
        [ 0.74145826,  0.8231833 ,  0.81662307, ..., -0.06921771,
          0.        ,  0.16643666],
        [ 0.84279534,  0.90620035,  0.9012954 , ..., -0.23428974,
         -0.16643666,  0.        ]],

       [[ 0.        ,  0.11456961,  0.10860477, ..., -0.99675301,
         -0.99675968, -0.65366827],
        [-0.11456961,  0.        , -0.0060023 , ..., -0.99941473,
         -0.98098057, -0.56265988],
        [-0.10860477,  0.0060023 ,  0.        , ..., -0.99960206,
         -0.98212799, -0.56761178],
        ...,
        [ 0.99675301,  0.99941473,  0.99960206, ...,  0.        ,
         -0.16043493, -0.80695718],
        [ 0.99675968,  0.98098057,  0.98212799, ...,  0.16043493,
          0.        , -0.70174973],
        [ 0.65366827,  0.56265988,  0.56761178, ...,  0.80695718,
          0.70174973,  0.        ]]]), 'num': array([ 7.17436739e-01,  6.96623423e-01,  5.62522056e-06,  2.85113919e-05,
        2.91663833e-05,  2.82031606e-05,  5.68887032e-04, -3.46760172e-07,
        2.96672591e-05,  3.13933542e-05,  3.20277969e-05,  7.42038228e-08,
        3.37911528e-05,  2.89955557e-05])}
{'img': array([[[ 0.        , -0.76420754, -0.58552979, ..., -0.86431052,
         -0.44908085, -0.        ],
        [ 0.76420754,  0.        ,  0.24185613, ..., -0.94181945,
         -0.97245652, -0.76420754],
        [ 0.58552979, -0.24185613,  0.        , ..., -0.99515132,
         -0.88721346, -0.58552979],
        ...,
        [ 0.86431052,  0.94181945,  0.99515132, ...,  0.        ,
         -0.54638471, -0.86431052],
        [ 0.44908085,  0.97245652,  0.88721346, ...,  0.54638471,
          0.        , -0.44908085],
        [ 0.        ,  0.76420754,  0.58552979, ...,  0.86431052,
          0.44908085,  0.        ]],

       [[ 0.        , -0.52164746, -0.99705964, ..., -0.98523335,
         -0.9911111 , -0.99902405],
        [ 0.52164746,  0.        , -0.81067897, ..., -0.9298777 ,
         -0.77617919, -0.87536946],
        [ 0.99705964,  0.81067897,  0.        , ..., -0.24621143,
          0.05669727, -0.12059443],
        ...,
        [ 0.98523335,  0.9298777 ,  0.24621143, ...,  0.        ,
          0.30076729,  0.12753248],
        [ 0.9911111 ,  0.77617919, -0.05669727, ..., -0.30076729,
          0.        , -0.17668392],
        [ 0.99902405,  0.87536946,  0.12059443, ..., -0.12753248,
          0.17668392,  0.        ]],

       [[ 0.        , -0.37222204, -0.29631644, ..., -0.78948298,
         -0.60079757, -0.        ],
        [ 0.37222204,  0.        ,  0.08048124, ..., -0.9612133 ,
         -0.85518124, -0.37222204],
        [ 0.29631644, -0.08048124,  0.        , ..., -0.93589803,
         -0.81069137, -0.29631644],
        ...,
        [ 0.78948298,  0.9612133 ,  0.93589803, ...,  0.        ,
         -0.26236064, -0.78948298],
        [ 0.60079757,  0.85518124,  0.81069137, ...,  0.26236064,
          0.        , -0.60079757],
        [ 0.        ,  0.37222204,  0.29631644, ...,  0.78948298,
          0.60079757,  0.        ]],

       ...,

       [[ 0.        , -0.15923568,  0.07530964, ..., -0.22752213,
         -0.33783684, -0.96113481],
        [ 0.15923568,  0.        ,  0.23313221, ..., -0.0695597 ,
         -0.18365288, -0.9049096 ],
        [-0.07530964, -0.23313221,  0.        , ..., -0.3002105 ,
         -0.40775924, -0.97919682],
        ...,
        [ 0.22752213,  0.0695597 ,  0.3002105 , ...,  0.        ,
         -0.11483147, -0.87311285],
        [ 0.33783684,  0.18365288,  0.40775924, ...,  0.11483147,
          0.        , -0.81135477],
        [ 0.96113481,  0.9049096 ,  0.97919682, ...,  0.87311285,
          0.81135477,  0.        ]],

       [[ 0.        ,  0.05374949, -0.20899619, ..., -0.7774646 ,
         -0.87148239, -0.91841327],
        [-0.05374949,  0.        , -0.26125659, ..., -0.74253624,
         -0.84386243, -0.89582116],
        [ 0.20899619,  0.26125659,  0.        , ..., -0.89173871,
         -0.9547343 , -0.98081502],
        ...,
        [ 0.7774646 ,  0.74253624,  0.89173871, ...,  0.        ,
          0.16680908,  0.27003224],
        [ 0.87148239,  0.84386243,  0.9547343 , ..., -0.16680908,
          0.        ,  0.10563654],
        [ 0.91841327,  0.89582116,  0.98081502, ..., -0.27003224,
         -0.10563654,  0.        ]],

       [[ 0.        , -0.00559195,  0.14650453, ..., -0.99951608,
         -0.95577575, -0.53028868],
        [ 0.00559195,  0.        ,  0.15203386, ..., -0.9993265 ,
         -0.95740538, -0.53502134],
        [-0.14650453, -0.15203386,  0.        , ..., -0.99328853,
         -0.90237647, -0.4003578 ],
        ...,
        [ 0.99951608,  0.9993265 ,  0.99328853, ...,  0.        ,
         -0.3236849 , -0.86390227],
        [ 0.95577575,  0.95740538,  0.90237647, ...,  0.3236849 ,
          0.        , -0.65436706],
        [ 0.53028868,  0.53502134,  0.4003578 , ...,  0.86390227,
          0.65436706,  0.        ]]]), 'num': array([7.18007189e-01, 6.96035610e-01, 5.92225852e-06, 2.86088270e-05,
       2.89172779e-05, 2.83774887e-05, 3.13702342e-04, 7.71127411e-08,
       2.92025951e-05, 3.12287323e-05, 3.19433104e-05, 8.96659781e-08,
       3.38781442e-05, 2.85793205e-05])}
{'img': array([[[ 0.        ,  0.36184873,  0.40181938, ..., -0.92246055,
         -0.6371974 , -0.79382403],
        [-0.36184873,  0.        ,  0.04323908, ..., -0.72024502,
         -0.31514183, -0.51997458],
        [-0.40181938, -0.04323908,  0.        , ..., -0.68957561,
         -0.27381128, -0.48255424],
        ...,
        [ 0.92246055,  0.72024502,  0.68957561, ...,  0.        ,
         -0.46492452, -0.25450351],
        [ 0.6371974 ,  0.31514183,  0.27381128, ...,  0.46492452,
          0.        ,  0.22429066],
        [ 0.79382403,  0.51997458,  0.48255424, ...,  0.25450351,
         -0.22429066,  0.        ]],

       [[ 0.        , -0.81067897, -0.65211716, ..., -0.77617919,
         -0.87536946, -0.99962368],
        [ 0.81067897,  0.        ,  0.23278181, ...,  0.05669727,
         -0.12059443, -0.56303222],
        [ 0.65211716, -0.23278181,  0.        , ..., -0.17726763,
         -0.34836451, -0.73994418],
        ...,
        [ 0.77617919, -0.05669727,  0.17726763, ...,  0.        ,
         -0.17668392, -0.60898314],
        [ 0.87536946,  0.12059443,  0.34836451, ...,  0.17668392,
          0.        , -0.45925969],
        [ 0.99962368,  0.56303222,  0.73994418, ...,  0.60898314,
          0.45925969,  0.        ]],

       [[ 0.        ,  0.2228168 ,  0.0750059 , ..., -0.89349371,
         -0.73592026, -0.2228168 ],
        [-0.2228168 ,  0.        , -0.14906887, ..., -0.77096996,
         -0.5665573 , -0.        ],
        [-0.0750059 ,  0.14906887,  0.        , ..., -0.85729349,
         -0.68306313, -0.14906887],
        ...,
        [ 0.89349371,  0.77096996,  0.85729349, ...,  0.        ,
         -0.27447228, -0.77096996],
        [ 0.73592026,  0.5665573 ,  0.68306313, ...,  0.27447228,
          0.        , -0.5665573 ],
        [ 0.2228168 ,  0.        ,  0.14906887, ...,  0.77096996,
          0.5665573 ,  0.        ]],

       ...,

       [[ 0.        ,  0.23313221,  0.29758566, ..., -0.18365288,
         -0.9049096 , -0.70703811],
        [-0.23313221,  0.        ,  0.06681552, ..., -0.40775924,
         -0.97919682, -0.85242108],
        [-0.29758566, -0.06681552,  0.        , ..., -0.46785658,
         -0.99056638, -0.88545111],
        ...,
        [ 0.18365288,  0.40775924,  0.46785658, ...,  0.        ,
         -0.81135477, -0.5651374 ],
        [ 0.9049096 ,  0.97919682,  0.99056638, ...,  0.81135477,
          0.        ,  0.33901173],
        [ 0.70703811,  0.85242108,  0.88545111, ...,  0.5651374 ,
         -0.33901173,  0.        ]],

       [[ 0.        , -0.26125659, -0.32557021, ..., -0.84386243,
         -0.89582116, -0.91018337],
        [ 0.26125659,  0.        , -0.06724019, ..., -0.9547343 ,
         -0.98081502, -0.98678607],
        [ 0.32557021,  0.06724019,  0.        , ..., -0.97257483,
         -0.99170311, -0.99544763],
        ...,
        [ 0.84386243,  0.9547343 ,  0.97257483, ...,  0.        ,
          0.10563654,  0.13883513],
        [ 0.89582116,  0.98081502,  0.99170311, ..., -0.10563654,
          0.        ,  0.03344482],
