state_0,state_1,state_2,state_3,state_4,state_5,state_6,state_7,state_8,state_9,state_10,state_11,state_12,state_13,state_14,state_15,state_16,state_17,state_18,state_19,state_20,state_21,state_22,state_23,state_24,state_25,state_26,state_27,state_28,state_29,state_30,state_31,state_32,state_33,state_34,state_35,state_36,state_37,state_38,state_39,state_40,state_41,state_42,state_43,state_44,state_45,state_46,state_47,state_48,state_49,state_50,state_51,state_52,state_53,state_54,state_55,state_56,state_57,state_58,state_59,state_60,state_61,state_62,state_63,state_64,state_65,state_66,state_67,state_68,state_69,state_70,state_71,state_72,state_73,state_74,state_75,state_76,state_77,state_78,state_79,state_80,state_81,state_82,state_83,state_84,state_85,state_86,state_87,state_88,state_89,state_90,state_91,state_92,state_93,state_94,state_95,state_96,state_97,state_98,state_99,state_100,state_101,state_102,state_103,state_104,state_105,state_106,state_107,state_108,state_109,state_110,state_111,state_112,state_113,state_114,state_115,state_116,state_117,state_118,state_119,state_120,state_121,state_122,state_123,state_124,state_125,state_126,state_127,state_128,state_129,state_130,state_131,state_132,state_133,state_134,state_135,state_136,state_137,state_138,state_139,state_140,state_141,state_142,state_143,state_144,state_145,state_146,state_147,state_148,state_149,state_150,state_151,state_152,state_153,state_154,state_155,state_156,state_157,state_158,state_159,state_160,state_161,state_162,state_163,state_164,state_165,state_166,state_167,state_168,state_169,state_170,state_171,state_172,state_173,state_174,state_175,state_176,state_177,state_178,state_179,state_180,state_181,state_182,state_183,state_184,state_185,state_186,state_187,state_188,state_189,state_190,state_191,state_192,state_193,state_194,state_195,state_196,state_197,state_198,state_199,state_200,state_201,state_202,state_203,state_204,state_205,state_206,state_207,state_208,state_209,state_210,state_211,state_212,state_213,state_214,state_215,state_216,state_217,state_218,state_219,state_220,state_221,state_222,state_223,state_224,state_225,state_226,state_227,state_228,state_229,state_230,state_231,state_232,state_233,state_234,state_235,state_236,state_237,state_238,state_239,state_240,state_241,state_242,state_243,state_244,state_245,state_246,state_247,state_248,state_249,state_250,state_251,state_252,state_253,state_254,state_255,state_256,state_257,state_258,state_259,state_260,state_261,state_262,state_263,state_264,state_265,state_266,state_267,state_268,state_269,state_270,state_271,state_272,state_273,state_274,state_275,state_276,state_277,state_278,state_279,state_280,state_281,state_282,state_283,state_284,state_285,state_286,state_287
{'img': array([[[ 0.00000000e+00,  2.79386492e-01,  3.74389129e-01, ...,
          8.85889853e-01,  9.55759703e-01,  9.89009122e-01],
        [-2.79386492e-01,  0.00000000e+00,  1.00413294e-01, ...,
          9.80218768e-01,  9.99881276e-01,  9.90934073e-01],
        [-3.74389129e-01, -1.00413294e-01,  0.00000000e+00, ...,
          9.95138064e-01,  9.96374944e-01,  9.72435279e-01],
        ...,
        [-8.85889853e-01, -9.80218768e-01, -9.95138064e-01, ...,
          0.00000000e+00, -1.82789514e-01, -3.27814209e-01],
        [-9.55759703e-01, -9.99881276e-01, -9.96374944e-01, ...,
          1.82789514e-01,  0.00000000e+00, -1.49602249e-01],
        [-9.89009122e-01, -9.90934073e-01, -9.72435279e-01, ...,
          3.27814209e-01,  1.49602249e-01,  0.00000000e+00]],

       [[ 0.00000000e+00,  4.51438643e-01,  3.41287322e-01, ...,
         -1.36643412e-02, -4.28009527e-02, -4.28386278e-02],
        [-4.51438643e-01,  0.00000000e+00, -1.19802410e-01, ...,
         -4.63589217e-01, -4.89216336e-01, -4.89249225e-01],
        [-3.41287322e-01,  1.19802410e-01,  0.00000000e+00, ...,
         -3.54099380e-01, -3.81205715e-01, -3.81240577e-01],
        ...,
        [ 1.36643412e-02,  4.63589217e-01,  3.54099380e-01, ...,
          0.00000000e+00, -2.91451374e-02, -2.91828309e-02],
        [ 4.28009527e-02,  4.89216336e-01,  3.81205715e-01, ...,
          2.91451374e-02,  0.00000000e+00, -3.77095954e-05],
        [ 4.28386278e-02,  4.89249225e-01,  3.81240577e-01, ...,
          2.91828309e-02,  3.77095954e-05,  0.00000000e+00]],

       [[ 0.00000000e+00, -3.54468576e-02,  6.25495736e-02, ...,
          5.76923962e-01,  6.58065776e-01,  7.05638634e-01],
        [ 3.54468576e-02,  0.00000000e+00,  9.78877127e-02, ...,
          5.47608484e-01,  6.30962141e-01,  6.80078537e-01],
        [-6.25495736e-02, -9.78877127e-02,  0.00000000e+00, ...,
          6.26884621e-01,  7.03874545e-01,  7.48577762e-01],
        ...,
        [-5.76923962e-01, -5.47608484e-01, -6.26884621e-01, ...,
          0.00000000e+00, -1.03105792e-01, -1.67572024e-01],
        [-6.58065776e-01, -6.30962141e-01, -7.03874545e-01, ...,
          1.03105792e-01,  0.00000000e+00, -6.50310724e-02],
        [-7.05638634e-01, -6.80078537e-01, -7.48577762e-01, ...,
          1.67572024e-01,  6.50310724e-02,  0.00000000e+00]],

       ...,

       [[ 0.00000000e+00,  8.22878973e-02,  8.22878973e-02, ...,
          3.09330621e-01,  1.76597439e-01, -2.02365814e-01],
        [-8.22878973e-02,  0.00000000e+00,  0.00000000e+00, ...,
          2.30029507e-01,  9.50039346e-02, -2.82264871e-01],
        [-8.22878973e-02,  0.00000000e+00,  0.00000000e+00, ...,
          2.30029507e-01,  9.50039346e-02, -2.82264871e-01],
        ...,
        [-3.09330621e-01, -2.30029507e-01, -2.30029507e-01, ...,
          0.00000000e+00, -1.36532783e-01, -4.95371264e-01],
        [-1.76597439e-01, -9.50039346e-02, -9.50039346e-02, ...,
          1.36532783e-01,  0.00000000e+00, -3.72128902e-01],
        [ 2.02365814e-01,  2.82264871e-01,  2.82264871e-01, ...,
          4.95371264e-01,  3.72128902e-01,  0.00000000e+00]],

       [[ 0.00000000e+00,  2.47665081e-01,  4.20372462e-01, ...,
          3.13837333e-01,  0.00000000e+00,  1.31806157e-01],
        [-2.47665081e-01,  0.00000000e+00,  1.82556739e-01, ...,
          5.39212194e-01,  2.47665081e-01,  3.73204159e-01],
        [-4.20372462e-01, -1.82556739e-01,  0.00000000e+00, ...,
          6.83894704e-01,  4.20372462e-01,  5.36299459e-01],
        ...,
        [-3.13837333e-01, -5.39212194e-01, -6.83894704e-01, ...,
          0.00000000e+00,  3.13837333e-01,  1.85952380e-01],
        [-0.00000000e+00, -2.47665081e-01, -4.20372462e-01, ...,
         -3.13837333e-01,  0.00000000e+00, -1.31806157e-01],
        [-1.31806157e-01, -3.73204159e-01, -5.36299459e-01, ...,
         -1.85952380e-01,  1.31806157e-01,  0.00000000e+00]],

       [[ 0.00000000e+00,  5.21491715e-01,  5.98722076e-01, ...,
          9.99985566e-01,  9.84096499e-01,  8.76534045e-01],
        [-5.21491715e-01,  0.00000000e+00,  9.31710500e-02, ...,
          8.56045900e-01,  9.32321598e-01,  9.98922989e-01],
        [-5.98722076e-01, -9.31710500e-02,  0.00000000e+00, ...,
          8.04162102e-01,  8.94572638e-01,  9.90254752e-01],
        ...,
        [-9.99985566e-01, -8.56045900e-01, -8.04162102e-01, ...,
          0.00000000e+00,  1.72344768e-01,  4.76623480e-01],
        [-9.84096499e-01, -9.32321598e-01, -8.94572638e-01, ...,
         -1.72344768e-01,  0.00000000e+00,  3.17982031e-01],
        [-8.76534045e-01, -9.98922989e-01, -9.90254752e-01, ...,
         -4.76623480e-01, -3.17982031e-01,  0.00000000e+00]]]), 'num': array([ 7.32178162e-01,  6.81110566e-01,  8.69976080e-07,  6.63215531e-04,
        6.66605048e-04,  6.55306657e-04,  3.28319934e-04, -1.12983906e-06,
        6.69542630e-04,  6.49996414e-04,  6.27625600e-04,  7.20477084e-07,
        7.02238980e-04,  5.97753848e-04])}
{'img': array([[[ 0.00000000e+00,  1.00413294e-01,  2.79635443e-01, ...,
          9.99881276e-01,  9.90934073e-01,  9.85721758e-01],
        [-1.00413294e-01,  0.00000000e+00,  1.81814682e-01, ...,
          9.96374944e-01,  9.72435279e-01,  9.63831909e-01],
        [-2.79635443e-01, -1.81814682e-01,  0.00000000e+00, ...,
          9.64301131e-01,  9.13833250e-01,  8.99311951e-01],
        ...,
        [-9.99881276e-01, -9.96374944e-01, -9.64301131e-01, ...,
          0.00000000e+00, -1.49602249e-01, -1.83551214e-01],
        [-9.90934073e-01, -9.72435279e-01, -9.13833250e-01, ...,
          1.49602249e-01,  0.00000000e+00, -3.44250472e-02],
        [-9.85721758e-01, -9.63831909e-01, -8.99311951e-01, ...,
          1.83551214e-01,  3.44250472e-02,  0.00000000e+00]],

       [[ 0.00000000e+00, -1.18579237e-01, -3.48741449e-01, ...,
         -4.81846689e-01, -4.81878740e-01, -8.86137825e-01],
        [ 1.18579237e-01,  0.00000000e+00, -2.35146226e-01, ...,
         -3.74541351e-01, -3.74575267e-01, -8.24933559e-01],
        [ 3.48741449e-01,  2.35146226e-01,  0.00000000e+00, ...,
         -1.46009232e-01, -1.46045418e-01, -6.68890794e-01],
        ...,
        [ 4.81846689e-01,  3.74541351e-01,  1.46009232e-01, ...,
          0.00000000e+00, -3.65784842e-05, -5.53184922e-01],
        [ 4.81878740e-01,  3.74575267e-01,  1.46045418e-01, ...,
          3.65784842e-05,  0.00000000e+00, -5.53154449e-01],
        [ 8.86137825e-01,  8.24933559e-01,  6.68890794e-01, ...,
          5.53184922e-01,  5.53154449e-01,  0.00000000e+00]],

       [[ 0.00000000e+00,  9.78877127e-02,  3.16698575e-01, ...,
          6.30962141e-01,  6.80078537e-01,  7.11025309e-01],
        [-9.78877127e-02,  0.00000000e+00,  2.22328556e-01, ...,
          7.03874545e-01,  7.48577762e-01,  7.76441938e-01],
        [-3.16698575e-01, -2.22328556e-01,  0.00000000e+00, ...,
          8.44183211e-01,  8.77256493e-01,  8.97117960e-01],
        ...,
        [-6.30962141e-01, -7.03874545e-01, -8.44183211e-01, ...,
          0.00000000e+00, -6.50310724e-02, -1.07951733e-01],
        [-6.80078537e-01, -7.48577762e-01, -8.77256493e-01, ...,
          6.50310724e-02,  0.00000000e+00, -4.30721854e-02],
        [-7.11025309e-01, -7.76441938e-01, -8.97117960e-01, ...,
          1.07951733e-01,  4.30721854e-02,  0.00000000e+00]],

       ...,

       [[ 0.00000000e+00,  0.00000000e+00,  7.08670026e-02, ...,
          9.50039346e-02, -2.82264871e-01, -3.76905861e-01],
        [ 0.00000000e+00,  0.00000000e+00,  7.08670026e-02, ...,
          9.50039346e-02, -2.82264871e-01, -3.76905861e-01],
        [-7.08670026e-02, -7.08670026e-02,  0.00000000e+00, ...,
          2.42186093e-02, -3.49540497e-01, -4.41598907e-01],
        ...,
        [-9.50039346e-02, -9.50039346e-02, -2.42186093e-02, ...,
          0.00000000e+00, -3.72128902e-01, -4.63198621e-01],
        [ 2.82264871e-01,  2.82264871e-01,  3.49540497e-01, ...,
          3.72128902e-01,  0.00000000e+00, -1.00131274e-01],
        [ 3.76905861e-01,  3.76905861e-01,  4.41598907e-01, ...,
          4.63198621e-01,  1.00131274e-01,  0.00000000e+00]],

       [[ 0.00000000e+00,  3.47896709e-01,  5.12761475e-01, ...,
          0.00000000e+00,  1.32840285e-01,  2.55546866e-01],
        [-3.47896709e-01,  0.00000000e+00,  1.82050588e-01, ...,
          3.47896709e-01,  4.69355593e-01,  5.75928966e-01],
        [-5.12761475e-01, -1.82050588e-01,  0.00000000e+00, ...,
          5.12761475e-01,  6.22264622e-01,  7.15131021e-01],
        ...,
        [-0.00000000e+00, -3.47896709e-01, -5.12761475e-01, ...,
          0.00000000e+00, -1.32840285e-01, -2.55546866e-01],
        [-1.32840285e-01, -4.69355593e-01, -6.22264622e-01, ...,
          1.32840285e-01,  0.00000000e+00, -1.24852526e-01],
        [-2.55546866e-01, -5.75928966e-01, -7.15131021e-01, ...,
          2.55546866e-01,  1.24852526e-01,  0.00000000e+00]],

       [[ 0.00000000e+00,  3.31203490e-01,  4.68685607e-01, ...,
          9.93649625e-01,  8.97864658e-01,  6.35401771e-01],
        [-3.31203490e-01,  0.00000000e+00,  1.49659101e-01, ...,
          9.74833930e-01,  9.93008075e-01,  8.55288559e-01],
        [-4.68685607e-01, -1.49659101e-01,  0.00000000e+00, ...,
          9.30491169e-01,  9.99491202e-01,  9.23202166e-01],
        ...,
        [-9.93649625e-01, -9.74833930e-01, -9.30491169e-01, ...,
          0.00000000e+00,  3.36449253e-01,  6.95783579e-01],
        [-8.97864658e-01, -9.93008075e-01, -9.99491202e-01, ...,
         -3.36449253e-01,  0.00000000e+00,  4.13565330e-01],
        [-6.35401771e-01, -8.55288559e-01, -9.23202166e-01, ...,
         -6.95783579e-01, -4.13565330e-01,  0.00000000e+00]]]), 'num': array([7.42361286e-01, 6.69997829e-01, 1.23067104e-06, 5.65339507e-04,
       5.71108277e-04, 5.48994657e-04, 3.79354347e-04, 9.61461747e-07,
       5.67454723e-04, 5.55869109e-04, 5.34893218e-04, 5.97271691e-07,
       5.96036007e-04, 5.15702210e-04])}
{'img': array([[[ 0.        ,  0.18181468,  0.18181468, ...,  0.97243528,
          0.96383191,  0.97243528],
        [-0.18181468,  0.        ,  0.        , ...,  0.91383325,
          0.89931195,  0.91383325],
        [-0.18181468,  0.        ,  0.        , ...,  0.91383325,
          0.89931195,  0.91383325],
        ...,
        [-0.97243528, -0.91383325, -0.91383325, ...,  0.        ,
         -0.03442505,  0.        ],
        [-0.96383191, -0.89931195, -0.89931195, ...,  0.03442505,
          0.        ,  0.03442505],
        [-0.97243528, -0.91383325, -0.91383325, ...,  0.        ,
         -0.03442505,  0.        ]],

       [[ 0.        , -0.23514623, -0.36375734, ..., -0.37457527,
         -0.82493356, -0.48581945],
        [ 0.23514623,  0.        , -0.13452034, ..., -0.14604542,
         -0.66889079, -0.26666535],
        [ 0.36375734,  0.13452034,  0.        , ..., -0.01163999,
         -0.562814  , -0.13459234],
        ...,
        [ 0.37457527,  0.14604542,  0.01163999, ...,  0.        ,
         -0.55315445, -0.12304914],
        [ 0.82493356,  0.66889079,  0.562814  , ...,  0.55315445,
          0.        ,  0.44644117],
        [ 0.48581945,  0.26666535,  0.13459234, ...,  0.12304914,
         -0.44644117,  0.        ]],

       [[ 0.        ,  0.22232856,  0.38540977, ...,  0.74857776,
          0.77644194,  0.85896179],
        [-0.22232856,  0.        ,  0.17061098, ...,  0.87725649,
          0.89711796,  0.95130457],
        [-0.38540977, -0.17061098,  0.        , ...,  0.94629158,
          0.95933924,  0.98994825],
        ...,
        [-0.74857776, -0.87725649, -0.94629158, ...,  0.        ,
         -0.04307219, -0.18623052],
        [-0.77644194, -0.89711796, -0.95933924, ...,  0.04307219,
          0.        , -0.14373901],
        [-0.85896179, -0.95130457, -0.98994825, ...,  0.18623052,
          0.14373901,  0.        ]],

       ...,

       [[ 0.        ,  0.070867  , -0.0534105 , ..., -0.28226487,
         -0.37690586, -0.42160398],
        [-0.070867  ,  0.        , -0.12404207, ..., -0.3495405 ,
         -0.44159891, -0.48480476],
        [ 0.0534105 ,  0.12404207,  0.        , ..., -0.23062333,
         -0.32689632, -0.37257062],
        ...,
        [ 0.28226487,  0.3495405 ,  0.23062333, ...,  0.        ,
         -0.10013127, -0.14850793],
        [ 0.37690586,  0.44159891,  0.32689632, ...,  0.10013127,
          0.        , -0.04874063],
        [ 0.42160398,  0.48480476,  0.37257062, ...,  0.14850793,
          0.04874063,  0.        ]],

       [[ 0.        ,  0.39553435,  0.52410545, ...,  0.13495504,
          0.25956301,  0.38805836],
        [-0.39553435,  0.        ,  0.1445071 , ...,  0.51586551,
          0.62037383,  0.72095089],
        [-0.52410545, -0.1445071 ,  0.        , ...,  0.6342457 ,
          0.72720006,  0.81352504],
        ...,
        [-0.13495504, -0.51586551, -0.6342457 , ...,  0.        ,
         -0.12685884, -0.26012904],
        [-0.25956301, -0.62037383, -0.72720006, ...,  0.12685884,
          0.        , -0.13553582],
        [-0.38805836, -0.72095089, -0.81352504, ...,  0.26012904,
          0.13553582,  0.        ]],

       [[ 0.        ,  0.33551088,  0.5049065 , ...,  0.94308567,
          0.75808108,  0.        ],
        [-0.33551088,  0.        ,  0.18603599, ...,  0.99999507,
          0.9329468 ,  0.33551088],
        [-0.5049065 , -0.18603599,  0.        , ...,  0.98195366,
          0.98363589,  0.5049065 ],
        ...,
        [-0.94308567, -0.99999507, -0.98195366, ...,  0.        ,
          0.36294328,  0.94308567],
        [-0.75808108, -0.9329468 , -0.98363589, ..., -0.36294328,
          0.        ,  0.75808108],
        [-0.        , -0.33551088, -0.5049065 , ..., -0.94308567,
         -0.75808108,  0.        ]]]), 'num': array([7.35570051e-01, 6.77446627e-01, 9.70340966e-07, 5.69837489e-04,
       5.72691433e-04, 5.52713825e-04, 5.39243209e-04, 1.04644614e-05,
       5.62036708e-04, 5.53237048e-04, 5.30167667e-04, 6.16344717e-07,
       5.88078939e-04, 5.18395156e-04])}
{'img': array([[[ 0.        ,  0.        , -0.18181468, ...,  0.89931195,
          0.91383325,  0.99409552],
        [ 0.        ,  0.        , -0.18181468, ...,  0.89931195,
          0.91383325,  0.99409552],
        [ 0.18181468,  0.18181468,  0.        , ...,  0.96383191,
          0.97243528,  0.95779831],
        ...,
        [-0.89931195, -0.89931195, -0.96383191, ...,  0.        ,
          0.03442505,  0.53230861],
        [-0.91383325, -0.91383325, -0.97243528, ..., -0.03442505,
          0.        ,  0.50285056],
        [-0.99409552, -0.99409552, -0.95779831, ..., -0.53230861,
         -0.50285056,  0.        ]],

       [[ 0.        , -0.13452034, -0.03386743, ..., -0.66889079,
         -0.26666535,  0.03352772],
        [ 0.13452034,  0.        ,  0.10088357, ..., -0.562814  ,
         -0.13459234,  0.16766769],
        [ 0.03386743, -0.10088357,  0.        , ..., -0.64333136,
         -0.23387132,  0.06735687],
        ...,
        [ 0.66889079,  0.562814  ,  0.64333136, ...,  0.        ,
          0.44644117,  0.69343792],
        [ 0.26666535,  0.13459234,  0.23387132, ..., -0.44644117,
          0.        ,  0.29882909],
        [-0.03352772, -0.16766769, -0.06735687, ..., -0.69343792,
         -0.29882909,  0.        ]],

       [[ 0.        ,  0.17061098,  0.24864378, ...,  0.89711796,
          0.95130457,  0.94063031],
        [-0.17061098,  0.        ,  0.07974535, ...,  0.95933924,
          0.98994825,  0.98475019],
        [-0.24864378, -0.07974535,  0.        , ...,  0.97879258,
          0.99807392,  0.99548767],
        ...,
        [-0.89711796, -0.95933924, -0.97879258, ...,  0.        ,
         -0.14373901, -0.11105083],
        [-0.95130457, -0.98994825, -0.99807392, ...,  0.14373901,
          0.        ,  0.03295231],
        [-0.94063031, -0.98475019, -0.99548767, ...,  0.11105083,
         -0.03295231,  0.        ]],

       ...,

       [[ 0.        , -0.12404207, -0.270833  , ..., -0.44159891,
         -0.48480476, -0.41417465],
        [ 0.12404207,  0.        , -0.14933518, ..., -0.32689632,
         -0.37257062, -0.29807319],
        [ 0.270833  ,  0.14933518,  0.        , ..., -0.18209997,
         -0.22980922, -0.15218393],
        ...,
        [ 0.44159891,  0.32689632,  0.18209997, ...,  0.        ,
         -0.04874063,  0.03033949],
        [ 0.48480476,  0.37257062,  0.22980922, ...,  0.04874063,
          0.        ,  0.07902162],
        [ 0.41417465,  0.29807319,  0.15218393, ..., -0.03033949,
         -0.07902162,  0.        ]],

       [[ 0.        ,  0.15060737,  0.15551578, ...,  0.60347241,
          0.70619599,  0.77948566],
        [-0.15060737,  0.        ,  0.00496692, ...,  0.71668089,
          0.80477336,  0.86493806],
        [-0.15551578, -0.00496692,  0.        , ...,  0.72013599,
          0.80771171,  0.86742018],
        ...,
        [-0.60347241, -0.71668089, -0.72013599, ...,  0.        ,
         -0.13584093, -0.24352207],
        [-0.70619599, -0.80477336, -0.80771171, ...,  0.13584093,
          0.        , -0.10951329],
        [-0.77948566, -0.86493806, -0.86742018, ...,  0.24352207,
          0.10951329,  0.        ]],

       [[ 0.        ,  0.36026365,  0.63740019, ...,  0.93394272,
          0.75683982,  0.        ],
        [-0.36026365,  0.        ,  0.3170041 , ...,  0.99999537,
          0.94148689,  0.36026365],
        [-0.63740019, -0.3170041 ,  0.        , ...,  0.94745493,
          0.99977503,  0.63740019],
        ...,
        [-0.93394272, -0.99999537, -0.94745493, ...,  0.        ,
          0.3399136 ,  0.93394272],
        [-0.75683982, -0.94148689, -0.99977503, ..., -0.3399136 ,
          0.        ,  0.75683982],
        [-0.        , -0.36026365, -0.63740019, ..., -0.93394272,
         -0.75683982,  0.        ]]]), 'num': array([ 7.29584106e-01,  6.83889267e-01,  7.74488807e-07,  5.57254141e-04,
        5.64810130e-04,  5.57254141e-04,  2.42282767e-04, -8.50048690e-06,
        5.57631941e-04,  5.51823275e-04,  5.27045930e-04,  5.49961178e-07,
        5.80339468e-04,  5.23307082e-04])}
{'img': array([[[ 0.        , -0.18181468, -0.21382699, ...,  0.91383325,
          0.99409552,  0.94075546],
        [ 0.18181468,  0.        , -0.03265351, ...,  0.97243528,
          0.95779831,  0.98672649],
        [ 0.21382699,  0.03265351,  0.        , ...,  0.97953062,
          0.94790158,  0.99150293],
        ...,
        [-0.91383325, -0.97243528, -0.97953062, ...,  0.        ,
          0.50285056,  0.0721632 ],
        [-0.99409552, -0.95779831, -0.94790158, ..., -0.50285056,
          0.        , -0.4391636 ],
        [-0.94075546, -0.98672649, -0.99150293, ..., -0.0721632 ,
          0.4391636 ,  0.        ]],

       [[ 0.        ,  0.09326041, -0.17735078, ..., -0.12025502,
          0.15603896, -0.60577389],
        [-0.09326041,  0.        , -0.26835986, ..., -0.21231455,
          0.06324085, -0.6773352 ],
        [ 0.17735078,  0.26835986,  0.        , ...,  0.05771504,
          0.32874377, -0.45506418],
        ...,
        [ 0.12025502,  0.21231455, -0.05771504, ...,  0.        ,
          0.2736886 , -0.50569849],
        [-0.15603896, -0.06324085, -0.32874377, ..., -0.2736886 ,
          0.        , -0.72250406],
        [ 0.60577389,  0.6773352 ,  0.45506418, ...,  0.50569849,
          0.72250406,  0.        ]],

       [[ 0.        ,  0.07974535,  0.09504423, ...,  0.98994825,
          0.98475019,  0.98836216],
        [-0.07974535,  0.        ,  0.01535719, ...,  0.99807392,
          0.99548767,  0.99734529],
        [-0.09504423, -0.01535719,  0.        , ...,  0.99890892,
          0.99682753,  0.99834595],
        ...,
        [-0.98994825, -0.99807392, -0.99890892, ...,  0.        ,
          0.03295231,  0.01080594],
        [-0.98475019, -0.99548767, -0.99682753, ..., -0.03295231,
          0.        , -0.02215031],
        [-0.98836216, -0.99734529, -0.99834595, ..., -0.01080594,
          0.02215031,  0.        ]],

       ...,

       [[ 0.        , -0.14933518, -0.40889615, ..., -0.37257062,
         -0.29807319, -0.47649579],
        [ 0.14933518,  0.        , -0.26803061, ..., -0.22980922,
         -0.15218393, -0.33986065],
        [ 0.40889615,  0.26803061,  0.        , ...,  0.03945636,
          0.11829306, -0.07534898],
        ...,
        [ 0.37257062,  0.22980922, -0.03945636, ...,  0.        ,
          0.07902162, -0.1146345 ],
        [ 0.29807319,  0.15218393, -0.11829306, ..., -0.07902162,
          0.        , -0.19277672],
        [ 0.47649579,  0.33986065,  0.07534898, ...,  0.1146345 ,
          0.19277672,  0.        ]],

       [[ 0.        ,  0.00496692, -0.0039531 , ...,  0.80477336,
          0.86493806,  0.94144361],
        [-0.00496692,  0.        , -0.00891993, ...,  0.80771171,
          0.86742018,  0.9431067 ],
        [ 0.0039531 ,  0.00891993,  0.        , ...,  0.80242059,
          0.86294733,  0.94010339],
        ...,
        [-0.80477336, -0.80771171, -0.80242059, ...,  0.        ,
         -0.10951329, -0.28747836],
        [-0.86493806, -0.86742018, -0.86294733, ...,  0.10951329,
          0.        , -0.18085885],
        [-0.94144361, -0.9431067 , -0.94010339, ...,  0.28747836,
          0.18085885,  0.        ]],

       [[ 0.        ,  0.51193302,  0.68712214, ...,  0.92586672,
          0.73441362,  0.        ],
        [-0.51193302,  0.        ,  0.21831454, ...,  0.98877702,
          0.97832998,  0.51193302],
        [-0.68712214, -0.21831454,  0.        , ...,  0.93231027,
          0.99993357,  0.68712214],
        ...,
        [-0.92586672, -0.98877702, -0.93231027, ...,  0.        ,
          0.35088937,  0.92586672],
        [-0.73441362, -0.97832998, -0.99993357, ..., -0.35088937,
          0.        ,  0.73441362],
        [-0.        , -0.51193302, -0.68712214, ..., -0.92586672,
         -0.73441362,  0.        ]]]), 'num': array([ 7.39726477e-01,  6.72905763e-01,  1.14028522e-06,  5.61518602e-04,
        5.66309716e-04,  5.55769265e-04,  2.70880023e-04, -3.83289148e-06,
        5.65351494e-04,  5.62189358e-04,  5.35327177e-04,  5.25854014e-07,
        5.82326635e-04,  5.42052082e-04])}
{'img': array([[[ 0.        , -0.03265351,  0.        , ...,  0.95779831,
          0.98672649,  0.95436718],
        [ 0.03265351,  0.        ,  0.03265351, ...,  0.94790158,
          0.99150293,  0.96360975],
        [ 0.        , -0.03265351,  0.        , ...,  0.95779831,
          0.98672649,  0.95436718],
        ...,
        [-0.95779831, -0.94790158, -0.95779831, ...,  0.        ,
         -0.4391636 , -0.56035716],
        [-0.98672649, -0.99150293, -0.98672649, ...,  0.4391636 ,
          0.        , -0.13969112],
        [-0.95436718, -0.96360975, -0.95436718, ...,  0.56035716,
          0.13969112,  0.        ]],

       [[ 0.        , -0.26835986, -0.11666159, ...,  0.06324085,
         -0.6773352 , -0.49295231],
        [ 0.26835986,  0.        ,  0.15414512, ...,  0.32874377,
         -0.45506418, -0.241382  ],
        [ 0.11666159, -0.15414512,  0.        , ...,  0.17923709,
         -0.58688521, -0.38808414],
        ...,
        [-0.06324085, -0.32874377, -0.17923709, ...,  0.        ,
         -0.72250406, -0.54698867],
        [ 0.6773352 ,  0.45506418,  0.58688521, ...,  0.72250406,
          0.        ,  0.22666732],
        [ 0.49295231,  0.241382  ,  0.38808414, ...,  0.54698867,
         -0.22666732,  0.        ]],

       [[ 0.        ,  0.01535719,  0.01535719, ...,  0.99548767,
          0.99734529,  0.99867743],
        [-0.01535719,  0.        ,  0.        , ...,  0.99682753,
          0.99834595,  0.99934923],
        [-0.01535719,  0.        ,  0.        , ...,  0.99682753,
          0.99834595,  0.99934923],
        ...,
        [-0.99548767, -0.99682753, -0.99682753, ...,  0.        ,
         -0.02215031, -0.04358357],
        [-0.99734529, -0.99834595, -0.99834595, ...,  0.02215031,
          0.        , -0.02144362],
        [-0.99867743, -0.99934923, -0.99934923, ...,  0.04358357,
          0.02144362,  0.        ]],

       ...,

       [[ 0.        , -0.26803061, -0.21181733, ..., -0.15218393,
         -0.33986065, -0.43146431],
        [ 0.26803061,  0.        ,  0.05788178, ...,  0.11829306,
         -0.07534898, -0.17387875],
        [ 0.21181733, -0.05788178,  0.        , ...,  0.06061936,
         -0.13293989, -0.2305873 ],
        ...,
        [ 0.15218393, -0.11829306, -0.06061936, ...,  0.        ,
         -0.19277672, -0.28914901],
        [ 0.33986065,  0.07534898,  0.13293989, ...,  0.19277672,
          0.        , -0.09918326],
        [ 0.43146431,  0.17387875,  0.2305873 , ...,  0.28914901,
          0.09918326,  0.        ]],

       [[ 0.        , -0.00891993, -0.04163295, ...,  0.86742018,
          0.9431067 ,  0.99638689],
        [ 0.00891993,  0.        , -0.0327191 , ...,  0.86294733,
          0.94010339,  0.99558967],
        [ 0.04163295,  0.0327191 ,  0.        , ...,  0.84595253,
          0.92844645,  0.99198709],
        ...,
        [-0.86742018, -0.86294733, -0.84595253, ...,  0.        ,
         -0.18085885, -0.42210822],
        [-0.9431067 , -0.94010339, -0.92844645, ...,  0.18085885,
          0.        , -0.25119049],
        [-0.99638689, -0.99558967, -0.99198709, ...,  0.42210822,
          0.25119049,  0.        ]],

       [[ 0.        ,  0.46904573,  0.65770346, ...,  0.93448828,
          0.76894104,  0.        ],
        [-0.46904573,  0.        ,  0.22754518, ...,  0.99229306,
          0.97897882,  0.46904573],
        [-0.65770346, -0.22754518,  0.        , ...,  0.9380669 ,
          0.99970834,  0.65770346],
        ...,
        [-0.93448828, -0.99229306, -0.9380669 , ...,  0.        ,
          0.32369846,  0.93448828],
        [-0.76894104, -0.97897882, -0.99970834, ..., -0.32369846,
          0.        ,  0.76894104],
        [-0.        , -0.46904573, -0.65770346, ..., -0.93448828,
         -0.76894104,  0.        ]]]), 'num': array([7.34798190e-01, 6.78283903e-01, 9.61127340e-07, 5.59547402e-04,
       5.67160292e-04, 5.55740957e-04, 2.90212876e-04, 1.90322246e-06,
       5.61640946e-04, 5.59499821e-04, 5.32378901e-04, 4.48616722e-07,
       5.76612691e-04, 5.42386951e-04])}
{'img': array([[[ 0.        ,  0.03265351,  0.24189172, ...,  0.99150293,
          0.96360975,  0.97953062],
        [-0.03265351,  0.        ,  0.21007893, ...,  0.98672649,
          0.95436718,  0.97243528],
        [-0.24189172, -0.21007893,  0.        , ...,  0.9305922 ,
          0.87033286,  0.90175011],
        ...,
        [-0.99150293, -0.98672649, -0.9305922 , ...,  0.        ,
         -0.13969112, -0.0721632 ],
        [-0.96360975, -0.95436718, -0.87033286, ...,  0.13969112,
          0.        ,  0.06787128],
        [-0.97953062, -0.97243528, -0.90175011, ...,  0.0721632 ,
         -0.06787128,  0.        ]],

       [[ 0.        ,  0.15414512,  0.35808239, ..., -0.45506418,
         -0.241382  , -0.16005212],
        [-0.15414512,  0.        ,  0.20987891, ..., -0.58688521,
         -0.38808414, -0.31029718],
        [-0.35808239, -0.20987891,  0.        , ..., -0.74374643,
         -0.57286992, -0.50290526],
        ...,
        [ 0.45506418,  0.58688521,  0.74374643, ...,  0.        ,
          0.22666732,  0.30667795],
        [ 0.241382  ,  0.38808414,  0.57286992, ..., -0.22666732,
          0.        ,  0.08295084],
        [ 0.16005212,  0.31029718,  0.50290526, ..., -0.30667795,
         -0.08295084,  0.        ]],

       [[ 0.        ,  0.        ,  0.00761181, ...,  0.99834595,
          0.99934923,  0.99890892],
        [ 0.        ,  0.        ,  0.00761181, ...,  0.99834595,
          0.99934923,  0.99890892],
        [-0.00761181, -0.00761181,  0.        , ...,  0.99875464,
          0.99959484,  0.99923546],
        ...,
        [-0.99834595, -0.99834595, -0.99875464, ...,  0.        ,
         -0.02144362, -0.01080594],
        [-0.99934923, -0.99934923, -0.99959484, ...,  0.02144362,
          0.        ,  0.01063891],
        [-0.99890892, -0.99890892, -0.99923546, ...,  0.01080594,
         -0.01063891,  0.        ]],

       ...,

       [[ 0.        ,  0.05788178,  0.05788178, ..., -0.07534898,
         -0.17387875, -0.40047067],
        [-0.05788178,  0.        ,  0.        , ..., -0.13293989,
         -0.2305873 , -0.45283688],
        [-0.05788178,  0.        ,  0.        , ..., -0.13293989,
         -0.2305873 , -0.45283688],
        ...,
        [ 0.07534898,  0.13293989,  0.13293989, ...,  0.        ,
         -0.09918326, -0.33028922],
        [ 0.17387875,  0.2305873 ,  0.2305873 , ...,  0.09918326,
          0.        , -0.23504356],
        [ 0.40047067,  0.45283688,  0.45283688, ...,  0.33028922,
          0.23504356,  0.        ]],

       [[ 0.        , -0.0327191 , -0.01942962, ...,  0.94010339,
          0.99558967,  0.9993955 ],
        [ 0.0327191 ,  0.        ,  0.01329371, ...,  0.92844645,
          0.99198709,  0.99772291],
        [ 0.01942962, -0.01329371,  0.        , ...,  0.93330257,
          0.99357895,  0.99853135],
        ...,
        [-0.94010339, -0.92844645, -0.93330257, ...,  0.        ,
         -0.25119049, -0.30800017],
        [-0.99558967, -0.99198709, -0.99357895, ...,  0.25119049,
          0.        , -0.05914578],
        [-0.9993955 , -0.99772291, -0.99853135, ...,  0.30800017,
          0.05914578,  0.        ]],

       [[ 0.        ,  0.49104365,  0.65543738, ...,  0.85993775,
          0.49618995,  0.        ],
        [-0.49104365,  0.        ,  0.20011394, ...,  0.99975   ,
          0.85857938,  0.49104365],
        [-0.65543738, -0.20011394,  0.        , ...,  0.98400211,
          0.94380713,  0.65543738],
        ...,
        [-0.85993775, -0.99975   , -0.98400211, ...,  0.        ,
          0.49335517,  0.85993775],
        [-0.49618995, -0.85857938, -0.94380713, ..., -0.49335517,
          0.        ,  0.49618995],
        [-0.        , -0.49104365, -0.65543738, ..., -0.85993775,
         -0.49618995,  0.        ]]]), 'num': array([7.30329963e-01, 6.83092618e-01, 7.93904955e-07, 5.62349343e-04,
       5.64239593e-04, 5.56678593e-04, 3.90204285e-04, 6.61587462e-06,
       5.59135918e-04, 5.56962131e-04, 5.29616516e-04, 4.30865784e-07,
       5.71799087e-04, 5.42125174e-04])}
{'img': array([[[ 0.        ,  0.21007893,  0.09370067, ...,  0.95436718,
          0.97243528,  0.99885704],
        [-0.21007893,  0.        , -0.11754498, ...,  0.87033286,
          0.90175011,  0.98660824],
        [-0.09370067,  0.11754498,  0.        , ...,  0.92218599,
          0.9463085 ,  0.99894115],
        ...,
        [-0.95436718, -0.87033286, -0.92218599, ...,  0.        ,
          0.06787128,  0.34391081],
        [-0.97243528, -0.90175011, -0.9463085 , ..., -0.06787128,
          0.        ,  0.27938649],
        [-0.99885704, -0.98660824, -0.99894115, ..., -0.34391081,
         -0.27938649,  0.        ]],

       [[ 0.        ,  0.20987891,  0.02448093, ..., -0.38808414,
         -0.31029718, -0.06201939],
        [-0.20987891,  0.        , -0.18588033, ..., -0.57286992,
         -0.50290526, -0.27011294],
        [-0.02448093,  0.18588033,  0.        , ..., -0.41053004,
         -0.33347673, -0.0864346 ],
        ...,
        [ 0.38808414,  0.57286992,  0.41053004, ...,  0.        ,
          0.08295084,  0.3301785 ],
        [ 0.31029718,  0.50290526,  0.33347673, ..., -0.08295084,
          0.        ,  0.25074176],
        [ 0.06201939,  0.27011294,  0.0864346 , ..., -0.3301785 ,
         -0.25074176,  0.        ]],

       [[ 0.        ,  0.00761181, -0.01535719, ...,  0.99934923,
          0.99890892,  0.99201364],
        [-0.00761181,  0.        , -0.02296766, ...,  0.99959484,
          0.99923546,  0.99294498],
        [ 0.01535719,  0.02296766,  0.        , ...,  0.99867743,
          0.99807392,  0.98995964],
        ...,
        [-0.99934923, -0.99959484, -0.99867743, ...,  0.        ,
          0.01063891,  0.09026564],
        [-0.99890892, -0.99923546, -0.99807392, ..., -0.01063891,
          0.        ,  0.07966505],
        [-0.99201364, -0.99294498, -0.98995964, ..., -0.09026564,
         -0.07966505,  0.        ]],

       ...,

       [[ 0.        ,  0.        , -0.18038249, ..., -0.2305873 ,
         -0.45283688, -0.49690126],
        [ 0.        ,  0.        , -0.18038249, ..., -0.2305873 ,
         -0.45283688, -0.49690126],
        [ 0.18038249,  0.18038249,  0.        , ..., -0.05128339,
         -0.28458095, -0.33221315],
        ...,
        [ 0.2305873 ,  0.2305873 ,  0.05128339, ...,  0.        ,
         -0.23504356, -0.28340529],
        [ 0.45283688,  0.45283688,  0.28458095, ...,  0.23504356,
          0.        , -0.05005882],
        [ 0.49690126,  0.49690126,  0.33221315, ...,  0.28340529,
          0.05005882,  0.        ]],

       [[ 0.        ,  0.01329371, -0.07529459, ...,  0.99198709,
          0.99772291,  0.99930264],
        [-0.01329371,  0.        , -0.08854391, ...,  0.99357895,
          0.99853135,  0.99971071],
        [ 0.07529459,  0.08854391,  0.        , ...,  0.9796585 ,
          0.98981237,  0.99365448],
        ...,
        [-0.99198709, -0.99357895, -0.9796585 , ...,  0.        ,
         -0.05914578, -0.08921085],
        [-0.99772291, -0.99853135, -0.98981237, ...,  0.05914578,
          0.        , -0.03014472],
        [-0.99930264, -0.99971071, -0.99365448, ...,  0.08921085,
          0.03014472,  0.        ]],

       [[ 0.        ,  0.21963194,  0.42755887, ...,  0.89993325,
          0.77620642,  0.40753908],
        [-0.21963194,  0.        ,  0.21857456, ...,  0.97372501,
          0.89572693,  0.59815332],
        [-0.42755887, -0.21857456,  0.        , ...,  0.99995592,
          0.97124774,  0.75885177],
        ...,
        [-0.89993325, -0.97372501, -0.99995592, ...,  0.        ,
          0.2289414 ,  0.64410971],
        [-0.77620642, -0.89572693, -0.97124774, ..., -0.2289414 ,
          0.        ,  0.45187743],
        [-0.40753908, -0.59815332, -0.75885177, ..., -0.64410971,
         -0.45187743,  0.        ]]]), 'num': array([ 7.24843258e-01,  6.88911990e-01,  6.10038498e-07,  5.52788732e-04,
        5.58419856e-04,  5.49034649e-04,  3.13860115e-04, -5.63112460e-06,
        5.53351844e-04,  5.53868031e-04,  5.26666570e-04,  4.15630625e-07,
        5.66588709e-04,  5.41147352e-04])}
{'img': array([[[ 0.        , -0.11754498, -0.17877089, ...,  0.90175011,
          0.98660824,  0.91652416],
        [ 0.11754498,  0.        , -0.06188015, ...,  0.9463085 ,
          0.99894115,  0.95718597],
        [ 0.17877089,  0.06188015,  0.        , ...,  0.96449867,
          0.99987364,  0.97326429],
        ...,
        [-0.90175011, -0.9463085 , -0.96449867, ...,  0.        ,
          0.27938649,  0.03549325],
        [-0.98660824, -0.99894115, -0.99987364, ..., -0.27938649,
          0.        , -0.24513059],
        [-0.91652416, -0.95718597, -0.97326429, ..., -0.03549325,
          0.24513059,  0.        ]],

       [[ 0.        , -0.18588033, -0.34798522, ..., -0.50290526,
         -0.27011294, -0.42813656],
        [ 0.18588033,  0.        , -0.16765785, ..., -0.33347673,
         -0.0864346 , -0.2526925 ],
        [ 0.34798522,  0.16765785,  0.        , ..., -0.17069561,
          0.08181925, -0.08689891],
        ...,
        [ 0.50290526,  0.33347673,  0.17069561, ...,  0.        ,
          0.25074176,  0.08442633],
        [ 0.27011294,  0.0864346 , -0.08181925, ..., -0.25074176,
          0.        , -0.16811729],
        [ 0.42813656,  0.2526925 ,  0.08689891, ..., -0.08442633,
          0.16811729,  0.        ]],

       [[ 0.        , -0.02296766, -0.01526743, ...,  0.99923546,
          0.99294498,  0.99997069],
        [ 0.02296766,  0.        ,  0.00770158, ...,  0.99807392,
          0.98995964,  0.99953107],
        [ 0.01526743, -0.00770158,  0.        , ...,  0.99852209,
          0.9910189 ,  0.99973726],
        ...,
        [-0.99923546, -0.99807392, -0.99852209, ...,  0.        ,
          0.07966505, -0.03144499],
        [-0.99294498, -0.98995964, -0.9910189 , ..., -0.07966505,
          0.        , -0.1109707 ],
        [-0.99997069, -0.99953107, -0.99973726, ...,  0.03144499,
          0.1109707 ,  0.        ]],

       ...,

       [[ 0.        , -0.18038249, -0.31604464, ..., -0.45283688,
         -0.49690126, -0.53364358],
        [ 0.18038249,  0.        , -0.13972355, ..., -0.28458095,
         -0.33221315, -0.37233879],
        [ 0.31604464,  0.13972355,  0.        , ..., -0.14784311,
         -0.19716647, -0.23900936],
        ...,
        [ 0.45283688,  0.28458095,  0.14784311, ...,  0.        ,
         -0.05005882, -0.09282464],
        [ 0.49690126,  0.33221315,  0.19716647, ...,  0.05005882,
          0.        , -0.04286557],
        [ 0.53364358,  0.37233879,  0.23900936, ...,  0.09282464,
          0.04286557,  0.        ]],

       [[ 0.        , -0.08854391, -0.1288615 , ...,  0.99853135,
          0.99971071,  0.99985829],
        [ 0.08854391,  0.        , -0.04054969, ...,  0.98981237,
          0.99365448,  0.9974217 ],
        [ 0.1288615 ,  0.04054969,  0.        , ...,  0.98322489,
          0.98827638,  0.99369137],
        ...,
        [-0.99853135, -0.98981237, -0.98322489, ...,  0.        ,
         -0.03014472, -0.0709788 ],
        [-0.99971071, -0.99365448, -0.98827638, ...,  0.03014472,
          0.        , -0.04087785],
