state_0,state_1,state_2,state_3,state_4,state_5,state_6,state_7,state_8,state_9,state_10,state_11,state_12,state_13,state_14,state_15,state_16,state_17,state_18,state_19,state_20,state_21,state_22,state_23,state_24,state_25,state_26,state_27,state_28,state_29,state_30,state_31,state_32,state_33,state_34,state_35,state_36,state_37,state_38,state_39,state_40,state_41,state_42,state_43,state_44,state_45,state_46,state_47,state_48,state_49,state_50,state_51,state_52,state_53,state_54,state_55,state_56,state_57,state_58,state_59,state_60,state_61,state_62,state_63,state_64,state_65,state_66,state_67,state_68,state_69,state_70,state_71,state_72,state_73,state_74,state_75,state_76,state_77,state_78,state_79,state_80,state_81,state_82,state_83,state_84,state_85,state_86,state_87,state_88,state_89,state_90,state_91,state_92,state_93,state_94,state_95,state_96,state_97,state_98,state_99,state_100,state_101,state_102,state_103,state_104,state_105,state_106,state_107,state_108,state_109,state_110,state_111,state_112,state_113,state_114,state_115,state_116,state_117,state_118,state_119,state_120,state_121,state_122,state_123,state_124,state_125,state_126,state_127,state_128,state_129,state_130,state_131,state_132,state_133,state_134,state_135,state_136,state_137,state_138,state_139,state_140,state_141,state_142,state_143,state_144,state_145,state_146,state_147,state_148,state_149,state_150,state_151,state_152,state_153,state_154,state_155,state_156,state_157,state_158,state_159,state_160,state_161,state_162,state_163,state_164,state_165,state_166,state_167,state_168,state_169,state_170,state_171,state_172,state_173,state_174,state_175,state_176,state_177,state_178,state_179,state_180,state_181,state_182,state_183,state_184,state_185,state_186,state_187,state_188,state_189,state_190,state_191,state_192,state_193,state_194,state_195,state_196,state_197,state_198,state_199,state_200,state_201,state_202,state_203,state_204,state_205,state_206,state_207,state_208,state_209,state_210,state_211,state_212,state_213,state_214,state_215,state_216,state_217,state_218,state_219,state_220,state_221,state_222,state_223,state_224,state_225,state_226,state_227,state_228,state_229,state_230,state_231,state_232,state_233,state_234,state_235,state_236,state_237,state_238,state_239,state_240,state_241,state_242,state_243,state_244,state_245,state_246,state_247,state_248,state_249,state_250,state_251,state_252,state_253,state_254,state_255,state_256,state_257,state_258,state_259,state_260,state_261,state_262,state_263,state_264,state_265,state_266,state_267,state_268,state_269,state_270,state_271,state_272,state_273,state_274,state_275,state_276,state_277,state_278,state_279,state_280,state_281,state_282,state_283,state_284,state_285,state_286,state_287
{'img': array([[[ 0.        , -0.10781175, -0.13757923, ...,  0.92438167,
          0.88111217,  0.93044728],
        [ 0.10781175,  0.        , -0.02999079, ...,  0.96012058,
          0.92696142,  0.96452901],
        [ 0.13757923,  0.02999079,  0.        , ...,  0.96807371,
          0.93779569,  0.97201201],
        ...,
        [-0.92438167, -0.96012058, -0.96807371, ...,  0.        ,
         -0.10102999,  0.0162194 ],
        [-0.88111217, -0.92696142, -0.93779569, ...,  0.10102999,
          0.        ,  0.11715311],
        [-0.93044728, -0.96452901, -0.97201201, ..., -0.0162194 ,
         -0.11715311,  0.        ]],

       [[ 0.        , -0.08284158, -0.14025745, ...,  0.34796349,
          0.26294863,  0.28920358],
        [ 0.08284158,  0.        , -0.05775265, ...,  0.4244321 ,
          0.34197118,  0.36751107],
        [ 0.14025745,  0.05775265,  0.        , ...,  0.47601639,
          0.39567117,  0.42060874],
        ...,
        [-0.34796349, -0.4244321 , -0.47601639, ...,  0.        ,
         -0.08920213, -0.06196349],
        [-0.26294863, -0.34197118, -0.39567117, ...,  0.08920213,
          0.        ,  0.02731424],
        [-0.28920358, -0.36751107, -0.42060874, ...,  0.06196349,
         -0.02731424,  0.        ]],

       [[ 0.        ,  0.01544264,  0.02517981, ...,  0.97655394,
          0.99865267,  0.99904772],
        [-0.01544264,  0.        ,  0.00973906, ...,  0.97976187,
          0.99933494,  0.99825481],
        [-0.02517981, -0.00973906,  0.        , ...,  0.98166484,
          0.99964268,  0.99763234],
        ...,
        [-0.97655394, -0.97976187, -0.98166484, ...,  0.        ,
         -0.16430685, -0.25767578],
        [-0.99865267, -0.99933494, -0.99964268, ...,  0.16430685,
          0.        , -0.09541534],
        [-0.99904772, -0.99825481, -0.99763234, ...,  0.25767578,
          0.09541534,  0.        ]],

       ...,

       [[ 0.        , -0.29262748, -0.19113027, ..., -0.39091116,
         -0.47669837, -0.44635146],
        [ 0.29262748,  0.        ,  0.10446896, ..., -0.10445697,
         -0.19859249, -0.16495315],
        [ 0.19113027, -0.10446896,  0.        , ..., -0.20778286,
         -0.29989399, -0.26708843],
        ...,
        [ 0.39091116,  0.10445697,  0.20778286, ...,  0.        ,
         -0.09512966, -0.06102469],
        [ 0.47669837,  0.19859249,  0.29989399, ...,  0.09512966,
          0.        ,  0.03420442],
        [ 0.44635146,  0.16495315,  0.26708843, ...,  0.06102469,
         -0.03420442,  0.        ]],

       [[ 0.        , -0.0252593 , -0.07072526, ...,  0.81964496,
          0.81729257,  0.81822953],
        [ 0.0252593 ,  0.        , -0.04550665, ...,  0.8049131 ,
          0.80247681,  0.8034471 ],
        [ 0.07072526,  0.04550665,  0.        , ...,  0.77707593,
          0.77449242,  0.77552118],
        ...,
        [-0.81964496, -0.8049131 , -0.77707593, ...,  0.        ,
          0.00409433,  0.00246642],
        [-0.81729257, -0.80247681, -0.77449242, ..., -0.00409433,
          0.        , -0.00162792],
        [-0.81822953, -0.8034471 , -0.77552118, ..., -0.00246642,
          0.00162792,  0.        ]],

       [[ 0.        ,  0.00586055,  0.01938568, ...,  0.96057749,
          0.98287224,  0.97266905],
        [-0.00586055,  0.        ,  0.0135259 , ...,  0.9621903 ,
          0.98393539,  0.97401314],
        [-0.01938568, -0.0135259 ,  0.        , ...,  0.96578644,
          0.98626009,  0.97698754],
        ...,
        [-0.96057749, -0.9621903 , -0.96578644, ...,  0.        ,
         -0.0962275 , -0.04737193],
        [-0.98287224, -0.98393539, -0.98626009, ...,  0.0962275 ,
          0.        ,  0.04896737],
        [-0.97266905, -0.97401314, -0.97698754, ...,  0.04737193,
         -0.04896737,  0.        ]]]), 'num': array([ 7.11047698e-01,  7.03063066e-01,  1.49245455e-06,  4.36318679e-05,
        4.55891854e-05,  4.28163190e-05,  1.06527246e-02, -1.22332340e-06,
        4.43658620e-05,  4.74567924e-05,  3.50305452e-05,  3.67857964e-07,
        5.47985268e-05,  4.01150580e-05])}
{'img': array([[[ 0.        , -0.02999079, -0.01481186, ...,  0.92696142,
          0.96452901,  0.94021027],
        [ 0.02999079,  0.        ,  0.0151823 , ...,  0.93779569,
          0.97201201,  0.95000204],
        [ 0.01481186, -0.0151823 ,  0.        , ...,  0.9324165 ,
          0.96833319,  0.94515197],
        ...,
        [-0.92696142, -0.93779569, -0.9324165 , ...,  0.        ,
          0.11715311,  0.03700815],
        [-0.96452901, -0.97201201, -0.96833319, ..., -0.11715311,
          0.        , -0.08031954],
        [-0.94021027, -0.95000204, -0.94515197, ..., -0.03700815,
          0.08031954,  0.        ]],

       [[ 0.        , -0.05775265, -0.01880041, ...,  0.34197118,
          0.36751107,  0.28639257],
        [ 0.05775265,  0.        ,  0.03897342, ...,  0.39567117,
          0.42060874,  0.34124809],
        [ 0.01880041, -0.03897342,  0.        , ...,  0.35957768,
          0.38493085,  0.30435486],
        ...,
        [-0.34197118, -0.39567117, -0.35957768, ...,  0.        ,
          0.02731424, -0.05852073],
        [-0.36751107, -0.42060874, -0.38493085, ..., -0.02731424,
          0.        , -0.08576632],
        [-0.28639257, -0.34124809, -0.30435486, ...,  0.05852073,
          0.08576632,  0.        ]],

       [[ 0.        ,  0.00973906, -0.00547332, ...,  0.99933494,
          0.99825481,  0.98940996],
        [-0.00973906,  0.        , -0.01521197, ...,  0.99964268,
          0.99763234,  0.98794944],
        [ 0.00547332,  0.01521197,  0.        , ...,  0.99912039,
          0.99856308,  0.99018958],
        ...,
        [-0.99933494, -0.99964268, -0.99912039, ...,  0.        ,
         -0.09541534, -0.18112986],
        [-0.99825481, -0.99763234, -0.99856308, ...,  0.09541534,
          0.        , -0.08646638],
        [-0.98940996, -0.98794944, -0.99018958, ...,  0.18112986,
          0.08646638,  0.        ]],

       ...,

       [[ 0.        ,  0.10446896,  0.07833625, ..., -0.19859249,
         -0.16495315, -0.29563737],
        [-0.10446896,  0.        , -0.02624033, ..., -0.29989399,
         -0.26708843, -0.39381891],
        [-0.07833625,  0.02624033,  0.        , ..., -0.27475817,
         -0.24170939, -0.36956351],
        ...,
        [ 0.19859249,  0.29989399,  0.27475817, ...,  0.        ,
          0.03420442, -0.10003346],
        [ 0.16495315,  0.26708843,  0.24170939, ..., -0.03420442,
          0.        , -0.13400778],
        [ 0.29563737,  0.39381891,  0.36956351, ...,  0.10003346,
          0.13400778,  0.        ]],

       [[ 0.        , -0.04550665, -0.07478714, ...,  0.80247681,
          0.8034471 ,  0.80003976],
        [ 0.04550665,  0.        , -0.02933045, ...,  0.77449242,
          0.77552118,  0.77190936],
        [ 0.07478714,  0.02933045,  0.        , ...,  0.75560526,
          0.75667059,  0.75293094],
        ...,
        [-0.80247681, -0.77449242, -0.75560526, ...,  0.        ,
         -0.00162792,  0.00407318],
        [-0.8034471 , -0.77552118, -0.75667059, ...,  0.00162792,
          0.        ,  0.00570108],
        [-0.80003976, -0.77190936, -0.75293094, ..., -0.00407318,
         -0.00570108,  0.        ]],

       [[ 0.        ,  0.0135259 ,  0.02130957, ...,  0.98393539,
          0.97401314,  0.99025378],
        [-0.0135259 ,  0.        ,  0.00778479, ...,  0.98626009,
          0.97698754,  0.99204701],
        [-0.02130957, -0.00778479,  0.        , ...,  0.98751625,
          0.97861841,  0.9929968 ],
        ...,
        [-0.98393539, -0.98626009, -0.98751625, ...,  0.        ,
          0.04896737, -0.03974764],
        [-0.97401314, -0.97698754, -0.97861841, ..., -0.04896737,
          0.        , -0.08862864],
        [-0.99025378, -0.99204701, -0.9929968 , ...,  0.03974764,
          0.08862864,  0.        ]]]), 'num': array([ 7.07004813e-01,  7.07004813e-01,  0.00000000e+00,  7.99187980e-05,
        8.36862840e-05,  7.82354532e-05,  1.69803158e-02, -5.85162714e-06,
        8.52413739e-05,  9.29166246e-05,  6.93097179e-05,  5.76318925e-07,
        1.08294782e-04,  7.75384671e-05])}
{'img': array([[[ 0.00000000e+00,  1.51822979e-02, -8.87452805e-02, ...,
          9.72012014e-01,  9.50002042e-01,  8.73464110e-01],
        [-1.51822979e-02,  0.00000000e+00, -1.03857446e-01, ...,
          9.68333188e-01,  9.45151970e-01,  8.65971350e-01],
        [ 8.87452805e-02,  1.03857446e-01,  0.00000000e+00, ...,
          9.89025829e-01,  9.73963823e-01,  9.13226789e-01],
        ...,
        [-9.72012014e-01, -9.68333188e-01, -9.89025829e-01, ...,
          0.00000000e+00, -8.03195445e-02, -2.68057582e-01],
        [-9.50002042e-01, -9.45151970e-01, -9.73963823e-01, ...,
          8.03195445e-02,  0.00000000e+00, -1.89811451e-01],
        [-8.73464110e-01, -8.65971350e-01, -9.13226789e-01, ...,
          2.68057582e-01,  1.89811451e-01,  0.00000000e+00]],

       [[ 0.00000000e+00,  3.89734151e-02,  4.57983623e-02, ...,
          4.20608736e-01,  3.41248089e-01,  3.03905978e-01],
        [-3.89734151e-02,  0.00000000e+00,  6.83104650e-03, ...,
          3.84930853e-01,  3.04354857e-01,  2.66545034e-01],
        [-4.57983623e-02, -6.83104650e-03,  0.00000000e+00, ...,
          3.78617189e-01,  2.97840783e-01,  2.59954899e-01],
        ...,
        [-4.20608736e-01, -3.84930853e-01, -3.78617189e-01, ...,
          0.00000000e+00, -8.57663228e-02, -1.24998488e-01],
        [-3.41248089e-01, -3.04354857e-01, -2.97840783e-01, ...,
          8.57663228e-02,  0.00000000e+00, -3.94442515e-02],
        [-3.03905978e-01, -2.66545034e-01, -2.59954899e-01, ...,
          1.24998488e-01,  3.94442515e-02,  0.00000000e+00]],

       [[ 0.00000000e+00, -1.52119723e-02, -5.37111181e-02, ...,
          9.97632342e-01,  9.87949436e-01,  9.72420684e-01],
        [ 1.52119723e-02,  0.00000000e+00, -3.85148892e-02, ...,
          9.98563079e-01,  9.90189585e-01,  9.75856113e-01],
        [ 5.37111181e-02,  3.85148892e-02,  0.00000000e+00, ...,
          9.99886145e-01,  9.94836591e-01,  9.83544260e-01],
        ...,
        [-9.97632342e-01, -9.98563079e-01, -9.99886145e-01, ...,
          0.00000000e+00, -8.64663807e-02, -1.65805422e-01],
        [-9.87949436e-01, -9.90189585e-01, -9.94836591e-01, ...,
          8.64663807e-02,  0.00000000e+00, -7.99148870e-02],
        [-9.72420684e-01, -9.75856113e-01, -9.83544260e-01, ...,
          1.65805422e-01,  7.99148870e-02,  0.00000000e+00]],

       ...,

       [[ 0.00000000e+00, -2.62403255e-02, -4.55777205e-01, ...,
         -2.67088431e-01, -3.93818912e-01, -6.64362635e-01],
        [ 2.62403255e-02,  0.00000000e+00, -4.32263911e-01, ...,
         -2.41709395e-01, -3.69563512e-01, -6.44521579e-01],
        [ 4.55777205e-01,  4.32263911e-01,  0.00000000e+00, ...,
          2.01485961e-01,  6.84091500e-02, -2.50692507e-01],
        ...,
        [ 2.67088431e-01,  2.41709395e-01, -2.01485961e-01, ...,
          0.00000000e+00, -1.34007775e-01, -4.40603018e-01],
        [ 3.93818912e-01,  3.69563512e-01, -6.84091500e-02, ...,
          1.34007775e-01,  0.00000000e+00, -3.16329847e-01],
        [ 6.64362635e-01,  6.44521579e-01,  2.50692507e-01, ...,
          4.40603018e-01,  3.16329847e-01,  0.00000000e+00]],

       [[ 0.00000000e+00, -2.93304481e-02, -2.84360977e-02, ...,
          7.75521183e-01,  7.71909363e-01,  7.32071223e-01],
        [ 2.93304481e-02,  0.00000000e+00,  8.94723562e-04, ...,
          7.56670587e-01,  7.52930943e-01,  7.11775539e-01],
        [ 2.84360977e-02, -8.94723562e-04,  0.00000000e+00, ...,
          7.57255251e-01,  7.53519459e-01,  7.12403714e-01],
        ...,
        [-7.75521183e-01, -7.56670587e-01, -7.57255251e-01, ...,
          0.00000000e+00,  5.70108299e-03,  6.61344854e-02],
        [-7.71909363e-01, -7.52930943e-01, -7.53519459e-01, ...,
         -5.70108299e-03,  0.00000000e+00,  6.04448089e-02],
        [-7.32071223e-01, -7.11775539e-01, -7.12403714e-01, ...,
         -6.61344854e-02, -6.04448089e-02,  0.00000000e+00]],

       [[ 0.00000000e+00,  7.78479047e-03,  5.79629690e-03, ...,
          9.76987545e-01,  9.92047010e-01,  9.94572827e-01],
        [-7.78479047e-03,  0.00000000e+00, -1.98853843e-03, ...,
          9.78618407e-01,  9.92996804e-01,  9.93732739e-01],
        [-5.79629690e-03,  1.98853843e-03,  0.00000000e+00, ...,
          9.78207461e-01,  9.92759912e-01,  9.93953057e-01],
        ...,
        [-9.76987545e-01, -9.78618407e-01, -9.78207461e-01, ...,
          0.00000000e+00, -8.86286382e-02, -3.13787227e-01],
        [-9.92047010e-01, -9.92996804e-01, -9.92759912e-01, ...,
          8.86286382e-02,  0.00000000e+00, -2.28400092e-01],
        [-9.94572827e-01, -9.93732739e-01, -9.93953057e-01, ...,
          3.13787227e-01,  2.28400092e-01,  0.00000000e+00]]]), 'num': array([ 7.06845570e-01,  7.06845570e-01,  0.00000000e+00,  7.80575494e-05,
        8.44688470e-05,  7.66150074e-05,  2.71776191e-02, -1.84324809e-06,
        8.32987852e-05,  9.23106655e-05,  6.97188553e-05,  6.04398376e-07,
        1.08956310e-04,  7.56650214e-05])}
{'img': array([[[ 0.00000000e+00, -1.03857446e-01, -9.19305086e-02, ...,
          9.45151970e-01,  8.65971350e-01,  8.34605383e-01],
        [ 1.03857446e-01,  0.00000000e+00,  1.19842875e-02, ...,
          9.73963823e-01,  9.13226789e-01,  8.87301696e-01],
        [ 9.19305086e-02, -1.19842875e-02,  0.00000000e+00, ...,
          9.71176999e-01,  9.08278189e-01,  8.81710949e-01],
        ...,
        [-9.45151970e-01, -9.73963823e-01, -9.71176999e-01, ...,
          0.00000000e+00, -1.89811451e-01, -2.48027442e-01],
        [-8.65971350e-01, -9.13226789e-01, -9.08278189e-01, ...,
          1.89811451e-01,  0.00000000e+00, -5.96380283e-02],
        [-8.34605383e-01, -8.87301696e-01, -8.81710949e-01, ...,
          2.48027442e-01,  5.96380283e-02,  0.00000000e+00]],

       [[ 0.00000000e+00,  6.83104650e-03, -1.91675372e-02, ...,
          3.04354857e-01,  2.66545034e-01,  3.56619099e-01],
        [-6.83104650e-03,  0.00000000e+00, -2.59968815e-02, ...,
          2.97840783e-01,  2.59954899e-01,  3.50228874e-01],
        [ 1.91675372e-02,  2.59968815e-02,  0.00000000e+00, ...,
          3.22557147e-01,  2.84970168e-01,  3.74460852e-01],
        ...,
        [-3.04354857e-01, -2.97840783e-01, -3.22557147e-01, ...,
          0.00000000e+00, -3.94442515e-02,  5.53571482e-02],
        [-2.66545034e-01, -2.59954899e-01, -2.84970168e-01, ...,
          3.94442515e-02,  0.00000000e+00,  9.46978361e-02],
        [-3.56619099e-01, -3.50228874e-01, -3.74460852e-01, ...,
         -5.53571482e-02, -9.46978361e-02,  0.00000000e+00]],

       [[ 0.00000000e+00, -3.85148892e-02, -9.23006206e-02, ...,
          9.90189585e-01,  9.75856113e-01,  9.56512750e-01],
        [ 3.85148892e-02,  0.00000000e+00, -5.38816597e-02, ...,
          9.94836591e-01,  9.83544260e-01,  9.67037471e-01],
        [ 9.23006206e-02,  5.38816597e-02,  0.00000000e+00, ...,
          9.98859853e-01,  9.91850149e-01,  9.79352792e-01],
        ...,
        [-9.90189585e-01, -9.94836591e-01, -9.98859853e-01, ...,
          0.00000000e+00, -7.99148870e-02, -1.55175000e-01],
        [-9.75856113e-01, -9.83544260e-01, -9.91850149e-01, ...,
          7.99148870e-02,  0.00000000e+00, -7.57318246e-02],
        [-9.56512750e-01, -9.67037471e-01, -9.79352792e-01, ...,
          1.55175000e-01,  7.57318246e-02,  0.00000000e+00]],

       ...,

       [[ 0.00000000e+00, -4.32263911e-01, -5.61324735e-01, ...,
         -3.69563512e-01, -6.44521579e-01, -5.90205734e-01],
        [ 4.32263911e-01,  0.00000000e+00, -1.48433249e-01, ...,
          6.84091500e-02, -2.50692507e-01, -1.83270054e-01],
        [ 5.61324735e-01,  1.48433249e-01,  0.00000000e+00, ...,
          2.15736865e-01, -1.04222147e-01, -3.53206901e-02],
        ...,
        [ 3.69563512e-01, -6.84091500e-02, -2.15736865e-01, ...,
          0.00000000e+00, -3.16329847e-01, -2.50091193e-01],
        [ 6.44521579e-01,  2.50692507e-01,  1.04222147e-01, ...,
          3.16329847e-01,  0.00000000e+00,  6.90287806e-02],
        [ 5.90205734e-01,  1.83270054e-01,  3.53206901e-02, ...,
          2.50091193e-01, -6.90287806e-02,  0.00000000e+00]],

       [[ 0.00000000e+00,  8.94723562e-04, -5.87742818e-03, ...,
          7.52930943e-01,  7.11775539e-01,  6.42980869e-01],
        [-8.94723562e-04,  0.00000000e+00, -6.77213394e-03, ...,
          7.53519459e-01,  7.12403714e-01,  6.43665864e-01],
        [ 5.87742818e-03,  6.77213394e-03,  0.00000000e+00, ...,
          7.49050005e-01,  7.07634898e-01,  6.38468345e-01],
        ...,
        [-7.52930943e-01, -7.53519459e-01, -7.49050005e-01, ...,
          0.00000000e+00,  6.04448089e-02,  1.53511026e-01],
        [-7.11775539e-01, -7.12403714e-01, -7.07634898e-01, ...,
         -6.04448089e-02,  0.00000000e+00,  9.35019850e-02],
        [-6.42980869e-01, -6.43665864e-01, -6.38468345e-01, ...,
         -1.53511026e-01, -9.35019850e-02,  0.00000000e+00]],

       [[ 0.00000000e+00, -1.98853843e-03,  6.82508385e-03, ...,
          9.92996804e-01,  9.93732739e-01,  9.56970067e-01],
        [ 1.98853843e-03,  0.00000000e+00,  8.81356247e-03, ...,
          9.92759912e-01,  9.93953057e-01,  9.57545222e-01],
        [-6.82508385e-03, -8.81356247e-03,  0.00000000e+00, ...,
          9.93780000e-01,  9.92946671e-01,  9.54967229e-01],
        ...,
        [-9.92996804e-01, -9.92759912e-01, -9.93780000e-01, ...,
          0.00000000e+00, -2.28400092e-01, -4.01212024e-01],
        [-9.93732739e-01, -9.93953057e-01, -9.92946671e-01, ...,
          2.28400092e-01,  0.00000000e+00, -1.81395823e-01],
        [-9.56970067e-01, -9.57545222e-01, -9.54967229e-01, ...,
          4.01212024e-01,  1.81395823e-01,  0.00000000e+00]]]), 'num': array([7.06933561e-01, 7.06933561e-01, 0.00000000e+00, 7.90290807e-05,
       8.17542214e-05, 7.75863591e-05, 2.21319418e-02, 9.61814369e-07,
       8.21870379e-05, 9.20255973e-05, 7.01643582e-05, 6.92299026e-07,
       1.09383488e-04, 7.46677068e-05])}
{'img': array([[[ 0.00000000e+00,  1.19842875e-02, -5.81968914e-02, ...,
          9.13226789e-01,  8.87301696e-01,  9.01229443e-01],
        [-1.19842875e-02,  0.00000000e+00, -7.01566877e-02, ...,
          9.08278189e-01,  8.81710949e-01,  8.95971424e-01],
        [ 5.81968914e-02,  7.01566877e-02,  0.00000000e+00, ...,
          9.35391402e-01,  9.12637622e-01,  9.24921142e-01],
        ...,
        [-9.13226789e-01, -9.08278189e-01, -9.35391402e-01, ...,
          0.00000000e+00, -5.96380283e-02, -2.85323307e-02],
        [-8.87301696e-01, -8.81710949e-01, -9.12637622e-01, ...,
          5.96380283e-02,  0.00000000e+00,  3.11322028e-02],
        [-9.01229443e-01, -8.95971424e-01, -9.24921142e-01, ...,
          2.85323307e-02, -3.11322028e-02,  0.00000000e+00]],

       [[ 0.00000000e+00, -2.59968815e-02, -2.14518657e-02, ...,
          2.59954899e-01,  3.50228874e-01,  3.08467947e-01],
        [ 2.59968815e-02,  0.00000000e+00,  4.54628375e-03, ...,
          2.84970168e-01,  3.74460852e-01,  3.33092829e-01],
        [ 2.14518657e-02, -4.54628375e-03,  0.00000000e+00, ...,
          2.80609445e-01,  3.70241473e-01,  3.28802723e-01],
        ...,
        [-2.59954899e-01, -2.84970168e-01, -2.80609445e-01, ...,
          0.00000000e+00,  9.46978361e-02,  5.05849239e-02],
        [-3.50228874e-01, -3.74460852e-01, -3.70241473e-01, ...,
         -9.46978361e-02,  0.00000000e+00, -4.42190020e-02],
        [-3.08467947e-01, -3.33092829e-01, -3.28802723e-01, ...,
         -5.05849239e-02,  4.42190020e-02,  0.00000000e+00]],

       [[ 0.00000000e+00, -5.38816597e-02, -9.53208070e-02, ...,
          9.83544260e-01,  9.67037471e-01,  9.55068951e-01],
        [ 5.38816597e-02,  0.00000000e+00, -4.15460219e-02, ...,
          9.91850149e-01,  9.79352792e-01,  9.69651195e-01],
        [ 9.53208070e-02,  4.15460219e-02,  0.00000000e+00, ...,
          9.96287151e-01,  9.86906096e-01,  9.78971679e-01],
        ...,
        [-9.83544260e-01, -9.91850149e-01, -9.96287151e-01, ...,
          0.00000000e+00, -7.57318246e-02, -1.18956718e-01],
        [-9.67037471e-01, -9.79352792e-01, -9.86906096e-01, ...,
          7.57318246e-02,  0.00000000e+00, -4.34210146e-02],
        [-9.55068951e-01, -9.69651195e-01, -9.78971679e-01, ...,
          1.18956718e-01,  4.34210146e-02,  0.00000000e+00]],

       ...,

       [[ 0.00000000e+00, -1.48433249e-01, -2.62157500e-01, ...,
         -2.50692507e-01, -1.83270054e-01,  7.12933463e-03],
        [ 1.48433249e-01,  0.00000000e+00, -1.16011620e-01, ...,
         -1.04222147e-01, -3.53206901e-02,  1.55479836e-01],
        [ 2.62157500e-01,  1.16011620e-01,  0.00000000e+00, ...,
          1.18614017e-02,  8.08570328e-02,  2.69030824e-01],
        ...,
        [ 2.50692507e-01,  1.04222147e-01, -1.18614017e-02, ...,
          0.00000000e+00,  6.90287806e-02,  2.57587808e-01],
        [ 1.83270054e-01,  3.53206901e-02, -8.08570328e-02, ...,
         -6.90287806e-02,  0.00000000e+00,  1.90273978e-01],
        [-7.12933463e-03, -1.55479836e-01, -2.69030824e-01, ...,
         -2.57587808e-01, -1.90273978e-01,  0.00000000e+00]],

       [[ 0.00000000e+00, -6.77213394e-03, -8.50454422e-04, ...,
          7.12403714e-01,  6.43665864e-01,  5.74723428e-01],
        [ 6.77213394e-03,  0.00000000e+00,  5.92169657e-03, ...,
          7.07634898e-01,  6.38468345e-01,  5.69168289e-01],
        [ 8.50454422e-04, -5.92169657e-03,  0.00000000e+00, ...,
          7.11806633e-01,  6.43014773e-01,  5.74027253e-01],
        ...,
        [-7.12403714e-01, -7.07634898e-01, -7.11806633e-01, ...,
          0.00000000e+00,  9.35019850e-02,  1.79670366e-01],
        [-6.43665864e-01, -6.38468345e-01, -6.43014773e-01, ...,
         -9.35019850e-02,  0.00000000e+00,  8.69028320e-02],
        [-5.74723428e-01, -5.69168289e-01, -5.74027253e-01, ...,
         -1.79670366e-01, -8.69028320e-02,  0.00000000e+00]],

       [[ 0.00000000e+00,  8.81356247e-03, -9.13285906e-04, ...,
          9.93953057e-01,  9.57545222e-01,  9.31919039e-01],
        [-8.81356247e-03,  0.00000000e+00, -9.72680923e-03, ...,
          9.92946671e-01,  9.54967229e-01,  9.28686460e-01],
        [ 9.13285906e-04,  9.72680923e-03,  0.00000000e+00, ...,
          9.94052926e-01,  9.57808107e-01,  9.32249868e-01],
        ...,
        [-9.93953057e-01, -9.92946671e-01, -9.94052926e-01, ...,
          0.00000000e+00, -1.81395823e-01, -2.58143214e-01],
        [-9.57545222e-01, -9.54967229e-01, -9.57808107e-01, ...,
          1.81395823e-01,  0.00000000e+00, -7.86129489e-02],
        [-9.31919039e-01, -9.28686460e-01, -9.32249868e-01, ...,
          2.58143214e-01,  7.86129489e-02,  0.00000000e+00]]]), 'num': array([ 7.07036867e-01,  7.07036867e-01,  0.00000000e+00,  7.53531355e-05,
        8.16058425e-05,  7.48721580e-05,  1.40599492e-02, -3.68749386e-06,
        7.96338349e-05,  9.14378234e-05,  7.05754260e-05,  2.59717840e-07,
        1.10180198e-04,  7.26954487e-05])}
{'img': array([[[ 0.00000000e+00, -7.01566877e-02, -5.95486767e-03, ...,
          8.81710949e-01,  8.95971424e-01,  8.36549023e-01],
        [ 7.01566877e-02,  0.00000000e+00,  6.42152490e-02, ...,
          9.12637622e-01,  9.24921142e-01,  8.72926046e-01],
        [ 5.95486767e-03, -6.42152490e-02,  0.00000000e+00, ...,
          8.84504763e-01,  8.98600164e-01,  8.39796815e-01],
        ...,
        [-8.81710949e-01, -9.12637622e-01, -8.84504763e-01, ...,
          0.00000000e+00,  3.11322028e-02, -8.84069847e-02],
        [-8.95971424e-01, -9.24921142e-01, -8.98600164e-01, ...,
         -3.11322028e-02,  0.00000000e+00, -1.19374434e-01],
        [-8.36549023e-01, -8.72926046e-01, -8.39796815e-01, ...,
          8.84069847e-02,  1.19374434e-01,  0.00000000e+00]],

       [[ 0.00000000e+00,  4.54628375e-03, -2.12887566e-03, ...,
          3.74460852e-01,  3.33092829e-01,  2.54032823e-01],
        [-4.54628375e-03,  0.00000000e+00, -6.67512710e-03, ...,
          3.70241473e-01,  3.28802723e-01,  2.49633052e-01],
        [ 2.12887566e-03,  6.67512710e-03,  0.00000000e+00, ...,
          3.76433988e-01,  3.35099379e-01,  2.56091287e-01],
        ...,
        [-3.74460852e-01, -3.70241473e-01, -3.76433988e-01, ...,
          0.00000000e+00, -4.42190020e-02, -1.26626800e-01],
        [-3.33092829e-01, -3.28802723e-01, -3.35099379e-01, ...,
          4.42190020e-02,  0.00000000e+00, -8.26398839e-02],
        [-2.54032823e-01, -2.49633052e-01, -2.56091287e-01, ...,
          1.26626800e-01,  8.26398839e-02,  0.00000000e+00]],

       [[ 0.00000000e+00, -4.15460219e-02, -6.29869968e-02, ...,
          9.79352792e-01,  9.69651195e-01,  9.41169408e-01],
        [ 4.15460219e-02,  0.00000000e+00, -2.14690873e-02, ...,
          9.86906096e-01,  9.78971679e-01,  9.54396654e-01],
        [ 6.29869968e-02,  2.14690873e-02,  0.00000000e+00, ...,
          9.90141502e-01,  9.83125650e-01,  9.60586091e-01],
        ...,
        [-9.79352792e-01, -9.86906096e-01, -9.90141502e-01, ...,
          0.00000000e+00, -4.34210146e-02, -1.40692190e-01],
        [-9.69651195e-01, -9.78971679e-01, -9.83125650e-01, ...,
          4.34210146e-02,  0.00000000e+00, -9.75703759e-02],
        [-9.41169408e-01, -9.54396654e-01, -9.60586091e-01, ...,
          1.40692190e-01,  9.75703759e-02,  0.00000000e+00]],

       ...,

       [[ 0.00000000e+00, -8.28669024e-02,  1.07719555e-01, ...,
         -2.58005400e-02,  1.18933568e-01, -8.87556625e-01],
        [ 8.28669024e-02,  0.00000000e+00,  1.89733793e-01, ...,
          5.71275147e-02,  2.00803242e-01, -8.46327315e-01],
        [-1.07719555e-01, -1.89733793e-01,  0.00000000e+00, ...,
         -1.33334111e-01,  1.12865476e-02, -9.32018470e-01],
        ...,
        [ 2.58005400e-02, -5.71275147e-02,  1.33334111e-01, ...,
          0.00000000e+00,  1.44511390e-01, -8.75374894e-01],
        [-1.18933568e-01, -2.00803242e-01, -1.12865476e-02, ...,
         -1.44511390e-01,  0.00000000e+00, -9.36049471e-01],
        [ 8.87556625e-01,  8.46327315e-01,  9.32018470e-01, ...,
          8.75374894e-01,  9.36049471e-01,  0.00000000e+00]],

       [[ 0.00000000e+00,  5.89119949e-03,  6.59322478e-03, ...,
          6.95105140e-01,  6.54515639e-01,  4.64154423e-01],
        [-5.89119949e-03,  0.00000000e+00,  7.02038925e-04, ...,
          6.99328309e-01,  6.58958313e-01,  4.69364524e-01],
        [-6.59322478e-03, -7.02038925e-04,  0.00000000e+00, ...,
          6.99829955e-01,  6.59486210e-01,  4.69984312e-01],
        ...,
        [-6.95105140e-01, -6.99328309e-01, -6.99829955e-01, ...,
          0.00000000e+00,  5.49965847e-02,  2.82007993e-01],
        [-6.54515639e-01, -6.58958313e-01, -6.59486210e-01, ...,
         -5.49965847e-02,  0.00000000e+00,  2.28816800e-01],
        [-4.64154423e-01, -4.69364524e-01, -4.69984312e-01, ...,
         -2.82007993e-01, -2.28816800e-01,  0.00000000e+00]],

       [[ 0.00000000e+00, -9.72680923e-03, -1.23193752e-02, ...,
          9.54967229e-01,  9.28686460e-01,  8.70612414e-01],
        [ 9.72680923e-03,  0.00000000e+00, -2.59272132e-03, ...,
          9.57808107e-01,  9.32249868e-01,  8.75356522e-01],
        [ 1.23193752e-02,  2.59272132e-03,  0.00000000e+00, ...,
          9.58550058e-01,  9.33184820e-01,  8.76607104e-01],
        ...,
        [-9.54967229e-01, -9.57808107e-01, -9.58550058e-01, ...,
          0.00000000e+00, -7.86129489e-02, -2.11494251e-01],
        [-9.28686460e-01, -9.32249868e-01, -9.33184820e-01, ...,
          7.86129489e-02,  0.00000000e+00, -1.34005057e-01],
        [-8.70612414e-01, -8.75356522e-01, -8.76607104e-01, ...,
          2.11494251e-01,  1.34005057e-01,  0.00000000e+00]]]), 'num': array([7.06839290e-01, 7.06839290e-01, 0.00000000e+00, 7.95795255e-05,
       7.95795255e-05, 7.30080038e-05, 2.75023795e-02, 4.24744698e-06,
       7.83774179e-05, 9.09434497e-05, 7.10245262e-05, 3.98797462e-07,
       1.10359866e-04, 7.15270334e-05])}
{'img': array([[[ 0.00000000e+00,  6.42152490e-02,  1.36357359e-02, ...,
          9.24921142e-01,  8.72926046e-01,  9.31671414e-01],
        [-6.42152490e-02,  0.00000000e+00, -5.06016862e-02, ...,
          8.98600164e-01,  8.39796815e-01,  9.06418979e-01],
        [-1.36357359e-02,  5.06016862e-02,  0.00000000e+00, ...,
          9.19651403e-01,  8.66192661e-01,  9.26630905e-01],
        ...,
        [-9.24921142e-01, -8.98600164e-01, -9.19651403e-01, ...,
          0.00000000e+00, -1.19374434e-01,  1.81575487e-02],
        [-8.72926046e-01, -8.39796815e-01, -8.66192661e-01, ...,
          1.19374434e-01,  0.00000000e+00,  1.37382464e-01],
        [-9.31671414e-01, -9.06418979e-01, -9.26630905e-01, ...,
         -1.81575487e-02, -1.37382464e-01,  0.00000000e+00]],

       [[ 0.00000000e+00, -6.67512710e-03, -7.35482386e-03, ...,
          3.28802723e-01,  2.49633052e-01,  3.72753071e-01],
        [ 6.67512710e-03,  0.00000000e+00, -6.79713448e-04, ...,
          3.35099379e-01,  2.56091287e-01,  3.78938821e-01],
        [ 7.35482386e-03,  6.79713448e-04,  0.00000000e+00, ...,
          3.35739716e-01,  2.56748274e-01,  3.79567755e-01],
        ...,
        [-3.28802723e-01, -3.35099379e-01, -3.35739716e-01, ...,
          0.00000000e+00, -8.26398839e-02,  4.69213896e-02],
        [-2.49633052e-01, -2.56091287e-01, -2.56748274e-01, ...,
          8.26398839e-02,  0.00000000e+00,  1.29309757e-01],
        [-3.72753071e-01, -3.78938821e-01, -3.79567755e-01, ...,
         -4.69213896e-02, -1.29309757e-01,  0.00000000e+00]],

       [[ 0.00000000e+00, -2.14690873e-02, -6.13203915e-02, ...,
          9.78971679e-01,  9.54396654e-01,  9.39488870e-01],
        [ 2.14690873e-02,  0.00000000e+00, -3.98775725e-02, ...,
          9.83125650e-01,  9.60586091e-01,  9.46627198e-01],
        [ 6.13203915e-02,  3.98775725e-02,  0.00000000e+00, ...,
          9.89638512e-01,  9.70907289e-01,  9.58727983e-01],
        ...,
        [-9.78971679e-01, -9.83125650e-01, -9.89638512e-01, ...,
          0.00000000e+00, -9.75703759e-02, -1.43723389e-01],
        [-9.54396654e-01, -9.60586091e-01, -9.70907289e-01, ...,
          9.75703759e-02,  0.00000000e+00, -4.64802407e-02],
        [-9.39488870e-01, -9.46627198e-01, -9.58727983e-01, ...,
          1.43723389e-01,  4.64802407e-02,  0.00000000e+00]],

       ...,

       [[ 0.00000000e+00,  1.89733793e-01,  1.98032611e-01, ...,
          2.00803242e-01, -8.46327315e-01, -3.44321201e-01],
        [-1.89733793e-01,  0.00000000e+00,  8.45926499e-03, ...,
          1.12865476e-02, -9.32018470e-01, -5.16198737e-01],
        [-1.98032611e-01, -8.45926499e-03,  0.00000000e+00, ...,
          2.82741763e-03, -9.35050851e-01, -5.23425364e-01],
        ...,
        [-2.00803242e-01, -1.12865476e-02, -2.82741763e-03, ...,
          0.00000000e+00, -9.36049471e-01, -5.25832434e-01],
        [ 8.46327315e-01,  9.32018470e-01,  9.35050851e-01, ...,
          9.36049471e-01,  0.00000000e+00,  6.11168787e-01],
        [ 3.44321201e-01,  5.16198737e-01,  5.23425364e-01, ...,
          5.25832434e-01, -6.11168787e-01,  0.00000000e+00]],

       [[ 0.00000000e+00,  7.00709039e-04,  1.34987563e-04, ...,
          6.79809884e-01,  5.70531782e-01,  4.68579217e-01],
        [-7.00709039e-04,  0.00000000e+00, -5.65721503e-04, ...,
          6.80323609e-01,  5.71107117e-01,  4.69198124e-01],
        [-1.34987563e-04,  5.65721503e-04,  0.00000000e+00, ...,
          6.79908876e-01,  5.70642639e-01,  4.68698464e-01],
        ...,
        [-6.79809884e-01, -6.80323609e-01, -6.79908876e-01, ...,
          0.00000000e+00,  1.39889837e-01,  2.56908101e-01],
        [-5.70531782e-01, -5.71107117e-01, -5.70642639e-01, ...,
         -1.39889837e-01,  0.00000000e+00,  1.19187391e-01],
        [-4.68579217e-01, -4.69198124e-01, -4.68698464e-01, ...,
         -2.56908101e-01, -1.19187391e-01,  0.00000000e+00]],

       [[ 0.00000000e+00, -2.59272132e-03, -1.88152412e-03, ...,
          9.32249868e-01,  8.75356522e-01,  8.39590329e-01],
        [ 2.59272132e-03,  0.00000000e+00,  7.11198938e-04, ...,
          9.33184820e-01,  8.76607104e-01,  8.40995925e-01],
        [ 1.88152412e-03, -7.11198938e-04,  0.00000000e+00, ...,
          9.32928982e-01,  8.76264648e-01,  8.40610924e-01],
        ...,
        [-9.32249868e-01, -9.33184820e-01, -9.32928982e-01, ...,
          0.00000000e+00, -1.34005057e-01, -2.02640391e-01],
        [-8.75356522e-01, -8.76607104e-01, -8.76264648e-01, ...,
          1.34005057e-01,  0.00000000e+00, -6.95878223e-02],
        [-8.39590329e-01, -8.40995925e-01, -8.40610924e-01, ...,
          2.02640391e-01,  6.95878223e-02,  0.00000000e+00]]]), 'num': array([ 7.07024567e-01,  7.07024567e-01,  0.00000000e+00,  7.87987698e-05,
        8.17647458e-05,  7.81574776e-05,  1.52469126e-02, -8.01615155e-07,
        7.81735099e-05,  9.02097615e-05,  7.15134240e-05,  4.58482985e-07,
        1.10278035e-04,  7.01414882e-05])}
{'img': array([[[ 0.00000000e+00, -5.06016862e-02, -2.17716256e-01, ...,
          8.39796815e-01,  9.06418979e-01,  8.95158253e-01],
        [ 5.06016862e-02,  0.00000000e+00, -1.68049485e-01, ...,
          8.66192661e-01,  9.26630905e-01,  9.16567103e-01],
        [ 2.17716256e-01,  1.68049485e-01,  0.00000000e+00, ...,
          9.37850194e-01,  9.76634830e-01,  9.70731981e-01],
        ...,
        [-8.39796815e-01, -8.66192661e-01, -9.37850194e-01, ...,
          0.00000000e+00,  1.37382464e-01,  1.11644008e-01],
        [-9.06418979e-01, -9.26630905e-01, -9.76634830e-01, ...,
         -1.37382464e-01,  0.00000000e+00, -2.59381770e-02],
        [-8.95158253e-01, -9.16567103e-01, -9.70731981e-01, ...,
         -1.11644008e-01,  2.59381770e-02,  0.00000000e+00]],

       [[ 0.00000000e+00, -6.79713448e-04,  4.00387084e-02, ...,
          2.56091287e-01,  3.78938821e-01,  2.69045344e-01],
        [ 6.79713448e-04,  0.00000000e+00,  4.07178675e-02, ...,
          2.56748274e-01,  3.79567755e-01,  2.69699933e-01],
        [-4.00387084e-02, -4.07178675e-02,  0.00000000e+00, ...,
          2.17182413e-01,  3.41582270e-01,  2.30267223e-01],
        ...,
        [-2.56091287e-01, -2.56748274e-01, -2.17182413e-01, ...,
          0.00000000e+00,  1.29309757e-01,  1.34248187e-02],
        [-3.78938821e-01, -3.79567755e-01, -3.41582270e-01, ...,
         -1.29309757e-01,  0.00000000e+00, -1.15985997e-01],
        [-2.69045344e-01, -2.69699933e-01, -2.30267223e-01, ...,
         -1.34248187e-02,  1.15985997e-01,  0.00000000e+00]],

       [[ 0.00000000e+00, -3.98775725e-02, -8.59189272e-02, ...,
          9.60586091e-01,  9.46627198e-01,  9.43876572e-01],
        [ 3.98775725e-02,  0.00000000e+00, -4.61204745e-02, ...,
          9.70907289e-01,  9.58727983e-01,  9.56297285e-01],
        [ 8.59189272e-02,  4.61204745e-02,  0.00000000e+00, ...,
          9.80917943e-01,  9.70820985e-01,  9.68765123e-01],
        ...,
        [-9.60586091e-01, -9.70907289e-01, -9.80917943e-01, ...,
          0.00000000e+00, -4.64802407e-02, -5.48986995e-02],
        [-9.46627198e-01, -9.58727983e-01, -9.70820985e-01, ...,
          4.64802407e-02,  0.00000000e+00, -8.42922022e-03],
        [-9.43876572e-01, -9.56297285e-01, -9.68765123e-01, ...,
          5.48986995e-02,  8.42922022e-03,  0.00000000e+00]],

       ...,

       [[ 0.00000000e+00,  8.45926499e-03, -1.08655148e-01, ...,
         -9.32018470e-01, -5.16198737e-01, -3.96498811e-01],
        [-8.45926499e-03,  0.00000000e+00, -1.17060442e-01, ...,
         -9.35050851e-01, -5.23425364e-01, -4.04250528e-01],
        [ 1.08655148e-01,  1.17060442e-01,  0.00000000e+00, ...,
         -8.87122661e-01, -4.20082836e-01, -2.94402087e-01],
        ...,
        [ 9.32018470e-01,  9.35050851e-01,  8.87122661e-01, ...,
          0.00000000e+00,  6.11168787e-01,  7.11930353e-01],
        [ 5.16198737e-01,  5.23425364e-01,  4.20082836e-01, ...,
         -6.11168787e-01,  0.00000000e+00,  1.34299754e-01],
        [ 3.96498811e-01,  4.04250528e-01,  2.94402087e-01, ...,
         -7.11930353e-01, -1.34299754e-01,  0.00000000e+00]],

       [[ 0.00000000e+00, -5.65721503e-04,  1.77086643e-02, ...,
          5.71107117e-01,  4.69198124e-01,  5.43849239e-01],
        [ 5.65721503e-04,  0.00000000e+00,  1.82742943e-02, ...,
          5.70642639e-01,  4.68698464e-01,  5.43374408e-01],
        [-1.77086643e-02, -1.82742943e-02,  0.00000000e+00, ...,
          5.85554171e-01,  4.84762945e-01,  5.58624767e-01],
        ...,
        [-5.71107117e-01, -5.70642639e-01, -5.85554171e-01, ...,
          0.00000000e+00,  1.19187391e-01,  3.28308083e-02],
        [-4.69198124e-01, -4.68698464e-01, -4.84762945e-01, ...,
         -1.19187391e-01,  0.00000000e+00, -8.65263567e-02],
        [-5.43849239e-01, -5.43374408e-01, -5.58624767e-01, ...,
         -3.28308083e-02,  8.65263567e-02,  0.00000000e+00]],

       [[ 0.00000000e+00,  7.11198938e-04, -1.98797318e-02, ...,
          8.76607104e-01,  8.40995925e-01,  7.95317115e-01],
        [-7.11198938e-04,  0.00000000e+00, -2.05907851e-02, ...,
          8.76264648e-01,  8.40610924e-01,  7.94885790e-01],
        [ 1.98797318e-02,  2.05907851e-02,  0.00000000e+00, ...,
          8.86000130e-01,  8.51585485e-01,  8.07210910e-01],
        ...,
        [-8.76607104e-01, -8.76264648e-01, -8.86000130e-01, ...,
          0.00000000e+00, -6.95878223e-02, -1.48681615e-01],
        [-8.40995925e-01, -8.40610924e-01, -8.51585485e-01, ...,
          6.95878223e-02,  0.00000000e+00, -7.95068236e-02],
