state_0,state_1,state_2,state_3,state_4,state_5,state_6,state_7,state_8,state_9,state_10,state_11,state_12,state_13,state_14,state_15,state_16,state_17,state_18,state_19,state_20,state_21,state_22,state_23,state_24,state_25,state_26,state_27,state_28,state_29,state_30,state_31,state_32,state_33,state_34,state_35,state_36,state_37,state_38,state_39,state_40,state_41,state_42,state_43,state_44,state_45,state_46,state_47,state_48,state_49,state_50,state_51,state_52,state_53,state_54,state_55,state_56,state_57,state_58,state_59,state_60,state_61,state_62,state_63,state_64,state_65,state_66,state_67,state_68,state_69,state_70,state_71,state_72,state_73,state_74,state_75,state_76,state_77,state_78,state_79,state_80,state_81,state_82,state_83,state_84,state_85,state_86,state_87,state_88,state_89,state_90,state_91,state_92,state_93,state_94,state_95,state_96,state_97,state_98,state_99,state_100,state_101,state_102,state_103,state_104,state_105,state_106,state_107,state_108,state_109,state_110,state_111,state_112,state_113,state_114,state_115,state_116,state_117,state_118,state_119,state_120,state_121,state_122,state_123,state_124,state_125,state_126,state_127,state_128,state_129,state_130,state_131,state_132,state_133,state_134,state_135,state_136,state_137,state_138,state_139,state_140,state_141,state_142,state_143,state_144,state_145,state_146,state_147,state_148,state_149,state_150,state_151,state_152,state_153,state_154,state_155,state_156,state_157,state_158,state_159,state_160,state_161,state_162,state_163,state_164,state_165,state_166,state_167,state_168,state_169,state_170,state_171,state_172,state_173,state_174,state_175,state_176,state_177,state_178,state_179,state_180,state_181,state_182,state_183,state_184,state_185,state_186,state_187,state_188,state_189,state_190,state_191,state_192,state_193,state_194,state_195,state_196,state_197,state_198,state_199,state_200,state_201,state_202,state_203,state_204,state_205,state_206,state_207,state_208,state_209,state_210,state_211,state_212,state_213,state_214,state_215,state_216,state_217,state_218,state_219,state_220,state_221,state_222,state_223,state_224,state_225,state_226,state_227,state_228,state_229,state_230,state_231,state_232,state_233,state_234,state_235,state_236,state_237,state_238,state_239,state_240,state_241,state_242,state_243,state_244,state_245,state_246,state_247,state_248,state_249,state_250,state_251,state_252,state_253,state_254,state_255,state_256,state_257,state_258,state_259,state_260,state_261,state_262,state_263,state_264,state_265,state_266,state_267,state_268,state_269,state_270,state_271,state_272,state_273,state_274,state_275,state_276,state_277,state_278,state_279,state_280,state_281,state_282,state_283,state_284,state_285,state_286,state_287
{'img': array([[[ 0.        , -0.07341117,  0.32752745, ...,  0.32752745,
          0.32062398,  0.36130346],
        [ 0.07341117,  0.        ,  0.39600563, ...,  0.39600563,
          0.3892944 ,  0.4287807 ],
        [-0.32752745, -0.39600563,  0.        , ...,  0.        ,
         -0.00729725,  0.03597216],
        ...,
        [-0.32752745, -0.39600563,  0.        , ...,  0.        ,
         -0.00729725,  0.03597216],
        [-0.32062398, -0.3892944 ,  0.00729725, ...,  0.00729725,
          0.        ,  0.04326373],
        [-0.36130346, -0.4287807 , -0.03597216, ..., -0.03597216,
         -0.04326373,  0.        ]],

       [[ 0.        ,  0.02401905, -0.1963281 , ..., -0.37729636,
         -0.10782164, -0.6432617 ],
        [-0.02401905,  0.        , -0.21982306, ..., -0.39943138,
         -0.13166956, -0.66146622],
        [ 0.1963281 ,  0.21982306,  0.        , ..., -0.18813552,
          0.08946031, -0.48042481],
        ...,
        [ 0.37729636,  0.39943138,  0.18813552, ...,  0.        ,
          0.275244  , -0.30684429],
        [ 0.10782164,  0.13166956, -0.08946031, ..., -0.275244  ,
          0.        , -0.5569584 ],
        [ 0.6432617 ,  0.66146622,  0.48042481, ...,  0.30684429,
          0.5569584 ,  0.        ]],

       [[ 0.        ,  0.25361087,  0.4993812 , ...,  0.91952359,
          0.88873456,  0.83556219],
        [-0.25361087,  0.        ,  0.26333061, ...,  0.78978308,
          0.74341771,  0.66891182],
        [-0.4993812 , -0.26333061,  0.        , ...,  0.60038482,
          0.54105654,  0.44955838],
        ...,
        [-0.91952359, -0.78978308, -0.60038482, ...,  0.        ,
         -0.07222637, -0.17677743],
        [-0.88873456, -0.74341771, -0.54105654, ...,  0.07222637,
          0.        , -0.10522687],
        [-0.83556219, -0.66891182, -0.44955838, ...,  0.17677743,
          0.10522687,  0.        ]],

       ...,

       [[ 0.        ,  0.04799799,  0.50123503, ..., -0.05066233,
         -0.08490668,  0.19638599],
        [-0.04799799,  0.        ,  0.45912413, ..., -0.09854029,
         -0.13263349,  0.14909633],
        [-0.50123503, -0.45912413,  0.        , ..., -0.54443005,
         -0.57289573, -0.32153933],
        ...,
        [ 0.05066233,  0.09854029,  0.54443005, ...,  0.        ,
         -0.03431826,  0.24580957],
        [ 0.08490668,  0.13263349,  0.57289573, ...,  0.03431826,
          0.        ,  0.27893008],
        [-0.19638599, -0.14909633,  0.32153933, ..., -0.24580957,
         -0.27893008,  0.        ]],

       [[ 0.        , -0.00986206,  0.03252506, ...,  0.8534409 ,
          0.8291437 ,  0.78180873],
        [ 0.00986206,  0.        ,  0.04238031, ...,  0.8585394 ,
          0.83461662,  0.78791989],
        [-0.03252506, -0.04238031,  0.        , ...,  0.83603764,
          0.81052235,  0.76111512],
        ...,
        [-0.8534409 , -0.8585394 , -0.83603764, ...,  0.        ,
         -0.04496269, -0.12466544],
        [-0.8291437 , -0.83461662, -0.81052235, ...,  0.04496269,
          0.        , -0.07992743],
        [-0.78180873, -0.78791989, -0.76111512, ...,  0.12466544,
          0.07992743,  0.        ]],

       [[ 0.        , -0.02179145, -0.02334938, ...,  0.32167306,
          0.28064717,  0.28414166],
        [ 0.02179145,  0.        , -0.00155833, ...,  0.34222993,
          0.30149621,  0.30496744],
        [ 0.02334938,  0.00155833,  0.        , ...,  0.34369374,
          0.30298166,  0.30645117],
        ...,
        [-0.32167306, -0.34222993, -0.34369374, ...,  0.        ,
         -0.04301434, -0.03937468],
        [-0.28064717, -0.30149621, -0.30298166, ...,  0.04301434,
          0.        ,  0.00364274],
        [-0.28414166, -0.30496744, -0.30645117, ...,  0.03937468,
         -0.00364274,  0.        ]]]), 'num': array([9.92029990e-01, 1.24844189e-01, 3.74432556e-07, 5.98059173e-03,
       6.02190843e-03, 5.93927503e-03, 5.68708825e-04, 1.54937610e-05,
       5.98369048e-03, 6.02500718e-03, 6.16376242e-03, 1.37777321e-07,
       6.24882872e-03, 5.80118563e-03])}
{'img': array([[[ 0.        ,  0.39600563,  0.11220163, ...,  0.3892944 ,
          0.4287807 ,  0.46648125],
        [-0.39600563,  0.        , -0.29047611, ..., -0.00729725,
          0.03597216,  0.07806622],
        [-0.11220163,  0.29047611,  0.        , ...,  0.28348577,
          0.32470923,  0.36428981],
        ...,
        [-0.3892944 ,  0.00729725, -0.28348577, ...,  0.        ,
          0.04326373,  0.08533912],
        [-0.4287807 , -0.03597216, -0.32470923, ..., -0.04326373,
          0.        ,  0.04215332],
        [-0.46648125, -0.07806622, -0.36428981, ..., -0.08533912,
         -0.04215332,  0.        ]],

       [[ 0.        , -0.21982306, -0.29801708, ..., -0.13166956,
         -0.66146622, -0.29221289],
        [ 0.21982306,  0.        , -0.08089309, ...,  0.08946031,
         -0.48042481, -0.07483678],
        [ 0.29801708,  0.08089309,  0.        , ...,  0.16973587,
         -0.40790421,  0.00607473],
        ...,
        [ 0.13166956, -0.08946031, -0.16973587, ...,  0.        ,
         -0.5569584 , -0.16374616],
        [ 0.66146622,  0.48042481,  0.40790421, ...,  0.5569584 ,
          0.        ,  0.41344306],
        [ 0.29221289,  0.07483678, -0.00607473, ...,  0.16374616,
         -0.41344306,  0.        ]],

       [[ 0.        ,  0.44122026,  0.34307953, ...,  0.87580839,
          0.81805183,  0.74963655],
        [-0.44122026,  0.        , -0.10656182, ...,  0.57299052,
          0.48035336,  0.38070148],
        [-0.34307953,  0.10656182,  0.        , ...,  0.65706198,
          0.57108098,  0.47707129],
        ...,
        [-0.87580839, -0.57299052, -0.65706198, ...,  0.        ,
         -0.10887634, -0.21783473],
        [-0.81805183, -0.48035336, -0.57108098, ...,  0.10887634,
          0.        , -0.11027802],
        [-0.74963655, -0.38070148, -0.47707129, ...,  0.21783473,
          0.11027802,  0.        ]],

       ...,

       [[ 0.        ,  0.45912413,  0.22398749, ..., -0.13263349,
          0.14909633,  0.25840722],
        [-0.45912413,  0.        , -0.24847447, ..., -0.57289573,
         -0.32153933, -0.2139687 ],
        [-0.22398749,  0.24847447,  0.        , ..., -0.35127213,
         -0.07617582,  0.03546162],
        ...,
        [ 0.13263349,  0.57289573,  0.35127213, ...,  0.        ,
          0.27893008,  0.38425297],
        [-0.14909633,  0.32153933,  0.07617582, ..., -0.27893008,
          0.        ,  0.11148649],
        [-0.25840722,  0.2139687 , -0.03546162, ..., -0.38425297,
         -0.11148649,  0.        ]],

       [[ 0.        ,  0.04238031,  0.02229034, ...,  0.83461662,
          0.78791989,  0.69907511],
        [-0.04238031,  0.        , -0.02009947, ...,  0.81052235,
          0.76111512,  0.66814306],
        [-0.02229034,  0.02009947,  0.        , ...,  0.82213103,
          0.77399822,  0.68296275],
        ...,
        [-0.83461662, -0.81052235, -0.82213103, ...,  0.        ,
         -0.07992743, -0.21171871],
        [-0.78791989, -0.76111512, -0.77399822, ...,  0.07992743,
          0.        , -0.13292582],
        [-0.69907511, -0.66814306, -0.68296275, ...,  0.21171871,
          0.13292582,  0.        ]],

       [[ 0.        , -0.00155833, -0.01184162, ...,  0.30149621,
          0.30496744,  0.37827016],
        [ 0.00155833,  0.        , -0.01028339, ...,  0.30298166,
          0.30645117,  0.37971224],
        [ 0.01184162,  0.01028339,  0.        , ...,  0.31276567,
          0.31622358,  0.38920538],
        ...,
        [-0.30149621, -0.30298166, -0.31276567, ...,  0.        ,
          0.00364274,  0.08157466],
        [-0.30496744, -0.30645117, -0.31622358, ..., -0.00364274,
          0.        ,  0.07794351],
        [-0.37827016, -0.37971224, -0.38920538, ..., -0.08157466,
         -0.07794351,  0.        ]]]), 'num': array([7.05396409e-01, 7.05396409e-01, 0.00000000e+00, 2.44677799e-02,
       2.45520063e-02, 2.43730252e-02, 2.24078118e-03, 8.42264369e-05,
       2.43393346e-02, 2.45304233e-02, 2.51419423e-02, 7.16907901e-07,
       2.54027231e-02, 2.36581236e-02])}
{'img': array([[[ 0.00000000e+00, -2.90476112e-01, -2.81415031e-01, ...,
          3.59721584e-02,  7.80662210e-02,  1.32505261e-01],
        [ 2.90476112e-01,  0.00000000e+00,  9.45580709e-03, ...,
          3.24709233e-01,  3.64289810e-01,  4.14706712e-01],
        [ 2.81415031e-01, -9.45580709e-03,  0.00000000e+00, ...,
          3.15751282e-01,  3.55467467e-01,  4.06083811e-01],
        ...,
        [-3.59721584e-02, -3.24709233e-01, -3.15751282e-01, ...,
          0.00000000e+00,  4.21533183e-02,  9.67645353e-02],
        [-7.80662210e-02, -3.64289810e-01, -3.55467467e-01, ...,
         -4.21533183e-02,  0.00000000e+00,  5.47230211e-02],
        [-1.32505261e-01, -4.14706712e-01, -4.06083811e-01, ...,
         -9.67645353e-02, -5.47230211e-02,  0.00000000e+00]],

       [[ 0.00000000e+00, -8.08930896e-02, -3.41721258e-01, ...,
         -4.80424811e-01, -7.48367799e-02, -1.14148224e-01],
        [ 8.08930896e-02,  0.00000000e+00, -2.64577929e-01, ...,
         -4.07904210e-01,  6.07472528e-03, -3.34097856e-02],
        [ 3.41721258e-01,  2.64577929e-01,  0.00000000e+00, ...,
         -1.51802069e-01,  2.70431295e-01,  2.32211020e-01],
        ...,
        [ 4.80424811e-01,  4.07904210e-01,  1.51802069e-01, ...,
          0.00000000e+00,  4.13443058e-01,  3.77172532e-01],
        [ 7.48367799e-02, -6.07472528e-03, -2.70431295e-01, ...,
         -4.13443058e-01,  0.00000000e+00, -3.94805031e-02],
        [ 1.14148224e-01,  3.34097856e-02, -2.32211020e-01, ...,
         -3.77172532e-01,  3.94805031e-02,  0.00000000e+00]],

       [[ 0.00000000e+00, -1.25179394e-01, -3.96143856e-01, ...,
          5.05053951e-01,  4.03776161e-01,  3.52645011e-01],
        [ 1.25179394e-01,  0.00000000e+00, -2.78089562e-01, ...,
          6.09122064e-01,  5.15121454e-01,  4.67008665e-01],
        [ 3.96143856e-01,  2.78089562e-01,  0.00000000e+00, ...,
          8.05641628e-01,  7.33157911e-01,  6.94489035e-01],
        ...,
        [-5.05053951e-01, -6.09122064e-01, -8.05641628e-01, ...,
          0.00000000e+00, -1.13558283e-01, -1.68244263e-01],
        [-4.03776161e-01, -5.15121454e-01, -7.33157911e-01, ...,
          1.13558283e-01,  0.00000000e+00, -5.52163993e-02],
        [-3.52645011e-01, -4.67008665e-01, -6.94489035e-01, ...,
          1.68244263e-01,  5.52163993e-02,  0.00000000e+00]],

       ...,

       [[ 0.00000000e+00, -2.48474472e-01, -2.04965112e-01, ...,
         -3.21539328e-01, -2.13968701e-01,  2.18518286e-01],
        [ 2.48474472e-01,  0.00000000e+00,  4.46620925e-02, ...,
         -7.61758157e-02,  3.54616212e-02,  4.54134765e-01],
        [ 2.04965112e-01, -4.46620925e-02,  0.00000000e+00, ...,
         -1.20632126e-01, -9.20776593e-03,  4.13890675e-01],
        ...,
        [ 3.21539328e-01,  7.61758157e-02,  1.20632126e-01, ...,
          0.00000000e+00,  1.11486488e-01,  5.20682780e-01],
        [ 2.13968701e-01, -3.54616212e-02,  9.20776593e-03, ...,
         -1.11486488e-01,  0.00000000e+00,  4.22255203e-01],
        [-2.18518286e-01, -4.54134765e-01, -4.13890675e-01, ...,
         -5.20682780e-01, -4.22255203e-01,  0.00000000e+00]],

       [[ 0.00000000e+00, -2.00994686e-02, -6.98392337e-02, ...,
          7.61115125e-01,  6.68143059e-01,  6.31360108e-01],
        [ 2.00994686e-02,  0.00000000e+00, -4.97747343e-02, ...,
          7.73998222e-01,  6.82962749e-01,  6.46819497e-01],
        [ 6.98392337e-02,  4.97747343e-02,  0.00000000e+00, ...,
          8.04555580e-01,  7.18474310e-01,  6.83978104e-01],
        ...,
        [-7.61115125e-01, -7.73998222e-01, -8.04555580e-01, ...,
          0.00000000e+00, -1.32925821e-01, -1.80726228e-01],
        [-6.68143059e-01, -6.82962749e-01, -7.18474310e-01, ...,
          1.32925821e-01,  0.00000000e+00, -4.83854719e-02],
        [-6.31360108e-01, -6.46819497e-01, -6.83978104e-01, ...,
          1.80726228e-01,  4.83854719e-02,  0.00000000e+00]],

       [[ 0.00000000e+00, -1.02833902e-02, -1.05123116e-02, ...,
          3.06451166e-01,  3.79712242e-01,  3.85831043e-01],
        [ 1.02833902e-02,  0.00000000e+00, -2.28933783e-04, ...,
          3.16223581e-01,  3.89205377e-01,  3.95297783e-01],
        [ 1.05123116e-02,  2.28933783e-04,  0.00000000e+00, ...,
          3.16440759e-01,  3.89416249e-01,  3.95508061e-01],
        ...,
        [-3.06451166e-01, -3.16223581e-01, -3.16440759e-01, ...,
          0.00000000e+00,  7.79435135e-02,  8.45448287e-02],
        [-3.79712242e-01, -3.89205377e-01, -3.89416249e-01, ...,
         -7.79435135e-02,  0.00000000e+00,  6.62317396e-03],
        [-3.85831043e-01, -3.95297783e-01, -3.95508061e-01, ...,
         -8.45448287e-02, -6.62317396e-03,  0.00000000e+00]]]), 'num': array([ 9.20594792e-01,  3.79821081e-01,  2.34914731e-07,  3.18102183e-02,
        3.20313145e-02,  3.14371184e-02,  2.19534725e-03, -3.04007299e-04,
        3.19373486e-02,  3.21390989e-02,  3.29983801e-02,  8.29110815e-07,
        3.32398925e-02,  3.10383053e-02])}
{'img': array([[[ 0.00000000e+00,  9.45580709e-03, -9.56461401e-03, ...,
          3.64289810e-01,  4.14706712e-01,  2.69355786e-01],
        [-9.45580709e-03,  0.00000000e+00, -1.90195610e-02, ...,
          3.55467467e-01,  4.06083811e-01,  2.60237416e-01],
        [ 9.56461401e-03,  1.90195610e-02,  0.00000000e+00, ...,
          3.73180535e-01,  4.23391112e-01,  2.78554578e-01],
        ...,
        [-3.64289810e-01, -3.55467467e-01, -3.73180535e-01, ...,
          0.00000000e+00,  5.47230211e-02, -9.99787533e-02],
        [-4.14706712e-01, -4.06083811e-01, -4.23391112e-01, ...,
         -5.47230211e-02,  0.00000000e+00, -1.54277778e-01],
        [-2.69355786e-01, -2.60237416e-01, -2.78554578e-01, ...,
          9.99787533e-02,  1.54277778e-01,  0.00000000e+00]],

       [[ 0.00000000e+00, -2.64577929e-01, -8.52864106e-02, ...,
          6.07472528e-03, -3.34097856e-02, -3.50617207e-01],
        [ 2.64577929e-01,  0.00000000e+00,  1.81366763e-01, ...,
          2.70431295e-01,  2.32211020e-01, -9.03405002e-02],
        [ 8.52864106e-02, -1.81366763e-01,  0.00000000e+00, ...,
          9.13374289e-02,  5.19507422e-02, -2.69467393e-01],
        ...,
        [-6.07472528e-03, -2.70431295e-01, -9.13374289e-02, ...,
          0.00000000e+00, -3.94805031e-02, -3.56299832e-01],
        [ 3.34097856e-02, -2.32211020e-01, -5.19507422e-02, ...,
          3.94805031e-02,  0.00000000e+00, -3.19132576e-01],
        [ 3.50617207e-01,  9.03405002e-02,  2.69467393e-01, ...,
          3.56299832e-01,  3.19132576e-01,  0.00000000e+00]],

       [[ 0.00000000e+00, -2.78089562e-01, -1.87037984e-01, ...,
          5.15121454e-01,  4.67008665e-01,  4.61400625e-01],
        [ 2.78089562e-01,  0.00000000e+00,  9.35217284e-02, ...,
          7.33157911e-01,  6.94489035e-01,  6.89919553e-01],
        [ 1.87037984e-01, -9.35217284e-02,  0.00000000e+00, ...,
          6.66344415e-01,  6.24156065e-01,  6.19196726e-01],
        ...,
        [-5.15121454e-01, -7.33157911e-01, -6.66344415e-01, ...,
          0.00000000e+00, -5.52163993e-02, -6.15371704e-02],
        [-4.67008665e-01, -6.94489035e-01, -6.24156065e-01, ...,
          5.52163993e-02,  0.00000000e+00, -6.33153717e-03],
        [-4.61400625e-01, -6.89919553e-01, -6.19196726e-01, ...,
          6.15371704e-02,  6.33153717e-03,  0.00000000e+00]],

       ...,

       [[ 0.00000000e+00,  4.46620925e-02,  4.46620925e-02, ...,
          3.54616212e-02,  4.54134765e-01,  2.23397841e-01],
        [-4.46620925e-02,  0.00000000e+00,  0.00000000e+00, ...,
         -9.20776593e-03,  4.13890675e-01,  1.79641560e-01],
        [-4.46620925e-02,  0.00000000e+00,  0.00000000e+00, ...,
         -9.20776593e-03,  4.13890675e-01,  1.79641560e-01],
        ...,
        [-3.54616212e-02,  9.20776593e-03,  9.20776593e-03, ...,
          0.00000000e+00,  4.22255203e-01,  1.88691920e-01],
        [-4.54134765e-01, -4.13890675e-01, -4.13890675e-01, ...,
         -4.22255203e-01,  0.00000000e+00, -2.43625067e-01],
        [-2.23397841e-01, -1.79641560e-01, -1.79641560e-01, ...,
         -1.88691920e-01,  2.43625067e-01,  0.00000000e+00]],

       [[ 0.00000000e+00, -4.97747343e-02, -1.64607960e-01, ...,
          6.82962749e-01,  6.46819497e-01,  6.06902064e-01],
        [ 4.97747343e-02,  0.00000000e+00, -1.15308162e-01, ...,
          7.18474310e-01,  6.83978104e-01,  6.45709585e-01],
        [ 1.64607960e-01,  1.15308162e-01,  0.00000000e+00, ...,
          7.93884915e-01,  7.63533408e-01,  7.29449915e-01],
        ...,
        [-6.82962749e-01, -7.18474310e-01, -7.93884915e-01, ...,
          0.00000000e+00, -4.83854719e-02, -9.94892721e-02],
        [-6.46819497e-01, -6.83978104e-01, -7.63533408e-01, ...,
          4.83854719e-02,  0.00000000e+00, -5.12273302e-02],
        [-6.06902064e-01, -6.45709585e-01, -7.29449915e-01, ...,
          9.94892721e-02,  5.12273302e-02,  0.00000000e+00]],

       [[ 0.00000000e+00, -2.28933783e-04,  2.36827374e-02, ...,
          3.89205377e-01,  3.95297783e-01,  3.85088501e-01],
        [ 2.28933783e-04,  0.00000000e+00,  2.39116063e-02, ...,
          3.89416249e-01,  3.95508061e-01,  3.85299770e-01],
        [-2.36827374e-02, -2.39116063e-02,  0.00000000e+00, ...,
          3.67280837e-01,  3.73433062e-01,  3.63124177e-01],
        ...,
        [-3.89205377e-01, -3.89416249e-01, -3.67280837e-01, ...,
          0.00000000e+00,  6.62317396e-03, -4.46506101e-03],
        [-3.95297783e-01, -3.95508061e-01, -3.73433062e-01, ...,
         -6.62317396e-03,  0.00000000e+00, -1.10880710e-02],
        [-3.85088501e-01, -3.85299770e-01, -3.63124177e-01, ...,
          4.46506101e-03,  1.10880710e-02,  0.00000000e+00]]]), 'num': array([8.08823163e-01, 5.82604552e-01, 9.67573186e-08, 2.82773264e-02,
       2.83619890e-02, 2.77935398e-02, 2.83404605e-03, 4.35407934e-04,
       2.80354331e-02, 2.81049774e-02, 2.88957669e-02, 6.76481253e-07,
       2.90255037e-02, 2.71844510e-02])}
{'img': array([[[ 0.        , -0.01901956,  0.12272247, ...,  0.40608381,
          0.26023742,  0.4888144 ],
        [ 0.01901956,  0.        ,  0.14157607, ...,  0.42339111,
          0.27855458,  0.50531841],
        [-0.12272247, -0.14157607,  0.        , ...,  0.29086604,
          0.13977626,  0.37805787],
        ...,
        [-0.40608381, -0.42339111, -0.29086604, ...,  0.        ,
         -0.15427778,  0.09243355],
        [-0.26023742, -0.27855458, -0.13977626, ...,  0.15427778,
          0.        ,  0.24494418],
        [-0.4888144 , -0.50531841, -0.37805787, ..., -0.09243355,
         -0.24494418,  0.        ]],

       [[ 0.        ,  0.18136676,  0.12438476, ...,  0.23221102,
         -0.0903405 ,  0.34011105],
        [-0.18136676,  0.        , -0.05763637, ...,  0.05195074,
         -0.26946739,  0.16391585],
        [-0.12438476,  0.05763637,  0.        , ...,  0.10942293,
         -0.21351507,  0.22050017],
        ...,
        [-0.23221102, -0.05195074, -0.10942293, ...,  0.        ,
         -0.31913258,  0.11244644],
        [ 0.0903405 ,  0.26946739,  0.21351507, ...,  0.31913258,
          0.        ,  0.42367519],
        [-0.34011105, -0.16391585, -0.22050017, ..., -0.11244644,
         -0.42367519,  0.        ]],

       [[ 0.        ,  0.09352173,  0.28799036, ...,  0.69448904,
          0.68991955,  0.73853535],
        [-0.09352173,  0.        ,  0.19716864, ...,  0.62415606,
          0.61919673,  0.6722448 ],
        [-0.28799036, -0.19716864,  0.        , ...,  0.45785582,
          0.45221774,  0.5130787 ],
        ...,
        [-0.69448904, -0.62415606, -0.45785582, ...,  0.        ,
         -0.00633154,  0.06314386],
        [-0.68991955, -0.61919673, -0.45221774, ...,  0.00633154,
          0.        ,  0.06946149],
        [-0.73853535, -0.6722448 , -0.5130787 , ..., -0.06314386,
         -0.06946149,  0.        ]],

       ...,

       [[ 0.        ,  0.        , -0.10346964, ...,  0.41389067,
          0.17964156,  0.0637011 ],
        [ 0.        ,  0.        , -0.10346964, ...,  0.41389067,
          0.17964156,  0.0637011 ],
        [ 0.10346964,  0.10346964,  0.        , ...,  0.50586033,
          0.28046376,  0.16661869],
        ...,
        [-0.41389067, -0.41389067, -0.50586033, ...,  0.        ,
         -0.24362507, -0.35506126],
        [-0.17964156, -0.17964156, -0.28046376, ...,  0.24362507,
          0.        , -0.11661189],
        [-0.0637011 , -0.0637011 , -0.16661869, ...,  0.35506126,
          0.11661189,  0.        ]],

       [[ 0.        , -0.11530816, -0.26138423, ...,  0.6839781 ,
          0.64570959,  0.61473136],
        [ 0.11530816,  0.        , -0.14834128, ...,  0.76353341,
          0.72944992,  0.70157872],
        [ 0.26138423,  0.14834128,  0.        , ...,  0.85087995,
          0.82284996,  0.79952342],
        ...,
        [-0.6839781 , -0.76353341, -0.85087995, ...,  0.        ,
         -0.05122733, -0.09103045],
        [-0.64570959, -0.72944992, -0.82284996, ...,  0.05122733,
          0.        , -0.03989629],
        [-0.61473136, -0.70157872, -0.79952342, ...,  0.09103045,
          0.03989629,  0.        ]],

       [[ 0.        ,  0.02391161,  0.05905903, ...,  0.39550806,
          0.38529977,  0.40125205],
        [-0.02391161,  0.        ,  0.03517228, ...,  0.37343306,
          0.36312418,  0.37923506],
        [-0.05905903, -0.03517228,  0.        , ...,  0.34057419,
          0.33012805,  0.34645549],
        ...,
        [-0.39550806, -0.37343306, -0.34057419, ...,  0.        ,
         -0.01108807,  0.00626236],
        [-0.38529977, -0.36312418, -0.33012805, ...,  0.01108807,
          0.        ,  0.01734983],
        [-0.40125205, -0.37923506, -0.34645549, ..., -0.00626236,
         -0.01734983,  0.        ]]]), 'num': array([7.56240760e-01, 6.49993866e-01, 4.52114441e-08, 2.65617234e-02,
       2.66634492e-02, 2.63921805e-02, 2.44391591e-03, 1.35634332e-04,
       2.62904547e-02, 2.62446782e-02, 2.70191125e-02, 5.59656225e-07,
       2.70552273e-02, 2.54341290e-02])}
{'img': array([[[ 0.        ,  0.14157607,  0.09971448, ...,  0.27855458,
          0.50531841,  0.57006545],
        [-0.14157607,  0.        , -0.04216037, ...,  0.13977626,
          0.37805787,  0.4480046 ],
        [-0.09971448,  0.04216037,  0.        , ...,  0.18139847,
          0.41675303,  0.48529895],
        ...,
        [-0.27855458, -0.13977626, -0.18139847, ...,  0.        ,
          0.24494418,  0.31864224],
        [-0.50531841, -0.37805787, -0.41675303, ..., -0.24494418,
          0.        ,  0.07675902],
        [-0.57006545, -0.4480046 , -0.48529895, ..., -0.31864224,
         -0.07675902,  0.        ]],

       [[ 0.        , -0.05763637,  0.65532815, ..., -0.26946739,
          0.16391585,  0.0700912 ],
        [ 0.05763637,  0.        ,  0.69777407, ..., -0.21351507,
          0.22050017,  0.1274693 ],
        [-0.65532815, -0.69777407,  0.        , ..., -0.83462791,
         -0.52265149, -0.60077344],
        ...,
        [ 0.26946739,  0.21351507,  0.83462791, ...,  0.        ,
          0.42367519,  0.33630315],
        [-0.16391585, -0.22050017,  0.52265149, ..., -0.42367519,
          0.        , -0.09436955],
        [-0.0700912 , -0.1274693 ,  0.60077344, ..., -0.33630315,
          0.09436955,  0.        ]],

       [[ 0.        ,  0.27328662,  0.        , ...,  0.68592522,
          0.73516182,  0.78513355],
        [-0.27328662,  0.        , -0.27328662, ...,  0.46095083,
          0.52191744,  0.58599195],
        [ 0.        ,  0.27328662,  0.        , ...,  0.68592522,
          0.73516182,  0.78513355],
        ...,
        [-0.68592522, -0.46095083, -0.68592522, ...,  0.        ,
          0.06997372,  0.14650806],
        [-0.73516182, -0.52191744, -0.73516182, ..., -0.06997372,
          0.        ,  0.07693028],
        [-0.78513355, -0.58599195, -0.78513355, ..., -0.14650806,
         -0.07693028,  0.        ]],

       ...,

       [[ 0.        , -0.10346964, -0.2247974 , ...,  0.17964156,
          0.0637011 , -0.11705161],
        [ 0.10346964,  0.        , -0.12276944, ...,  0.28046376,
          0.16661869, -0.01366498],
        [ 0.2247974 ,  0.12276944,  0.        , ...,  0.39618416,
          0.28641155,  0.10919637],
        ...,
        [-0.17964156, -0.28046376, -0.39618416, ...,  0.        ,
         -0.11661189, -0.29355411],
        [-0.0637011 , -0.16661869, -0.28641155, ...,  0.11661189,
          0.        , -0.18007709],
        [ 0.11705161,  0.01366498, -0.10919637, ...,  0.29355411,
          0.18007709,  0.        ]],

       [[ 0.        , -0.14834128, -0.3200683 , ...,  0.72944992,
          0.70157872,  0.66871819],
        [ 0.14834128,  0.        , -0.17598943, ...,  0.82284996,
          0.79952342,  0.77161376],
        [ 0.3200683 ,  0.17598943,  0.        , ...,  0.91001449,
          0.8927499 ,  0.87151581],
        ...,
        [-0.72944992, -0.82284996, -0.91001449, ...,  0.        ,
         -0.03989629, -0.08493152],
        [-0.70157872, -0.79952342, -0.8927499 , ...,  0.03989629,
          0.        , -0.04511177],
        [-0.66871819, -0.77161376, -0.87151581, ...,  0.08493152,
          0.04511177,  0.        ]],

       [[ 0.        ,  0.03517228,  0.04400904, ...,  0.36312418,
          0.37923506,  0.40663628],
        [-0.03517228,  0.        ,  0.00884361, ...,  0.33012805,
          0.34645549,  0.37425163],
        [-0.04400904, -0.00884361,  0.        , ...,  0.32176734,
          0.33814605,  0.36603608],
        ...,
        [-0.36312418, -0.33012805, -0.32176734, ...,  0.        ,
          0.01734983,  0.04713293],
        [-0.37923506, -0.34645549, -0.33814605, ..., -0.01734983,
          0.        ,  0.02979529],
        [-0.40663628, -0.37425163, -0.36603608, ..., -0.04713293,
         -0.02979529,  0.        ]]]), 'num': array([7.30983413e-01, 6.78492385e-01, 2.18167195e-08, 2.62455136e-02,
       2.63000554e-02, 2.56346455e-02, 2.11109487e-03, 6.10868147e-04,
       2.55691953e-02, 2.53788444e-02, 2.61011596e-02, 6.75890527e-07,
       2.62554715e-02, 2.45022174e-02])}
{'img': array([[[ 0.00000000e+00, -4.21603706e-02,  3.16427728e-01, ...,
          3.78057871e-01,  4.48004598e-01,  7.23359294e-01],
        [ 4.21603706e-02,  0.00000000e+00,  3.56140407e-01, ...,
          4.16753034e-01,  4.85298946e-01,  7.51826671e-01],
        [-3.16427728e-01, -3.56140407e-01,  0.00000000e+00, ...,
          6.56888963e-02,  1.42088329e-01,  4.67706220e-01],
        ...,
        [-3.78057871e-01, -4.16753034e-01, -6.56888963e-02, ...,
          0.00000000e+00,  7.67590245e-02,  4.08634682e-01],
        [-4.48004598e-01, -4.85298946e-01, -1.42088329e-01, ...,
         -7.67590245e-02,  0.00000000e+00,  3.37371266e-01],
        [-7.23359294e-01, -7.51826671e-01, -4.67706220e-01, ...,
         -4.08634682e-01, -3.37371266e-01,  0.00000000e+00]],

       [[ 0.00000000e+00,  6.97774070e-01,  1.78819549e-01, ...,
          2.20500169e-01,  1.27469303e-01,  2.24715271e-03],
        [-6.97774070e-01,  0.00000000e+00, -5.58435624e-01, ...,
         -5.22651492e-01, -6.00773445e-01, -6.96162633e-01],
        [-1.78819549e-01,  5.58435624e-01,  0.00000000e+00, ...,
          4.25278706e-02, -5.19460930e-02, -1.76608164e-01],
        ...,
        [-2.20500169e-01,  5.22651492e-01, -4.25278706e-02, ...,
          0.00000000e+00, -9.43695497e-02, -2.18307769e-01],
        [-1.27469303e-01,  6.00773445e-01,  5.19460930e-02, ...,
          9.43695497e-02,  0.00000000e+00, -1.25240159e-01],
        [-2.24715271e-03,  6.96162633e-01,  1.76608164e-01, ...,
          2.18307769e-01,  1.25240159e-01,  0.00000000e+00]],

       [[ 0.00000000e+00, -2.73286620e-01,  1.41420814e-01, ...,
          5.21917441e-01,  5.85991947e-01,  7.06613786e-01],
        [ 2.73286620e-01,  0.00000000e+00,  4.06577270e-01, ...,
          7.35161822e-01,  7.85133546e-01,  8.73092329e-01],
        [-1.41420814e-01, -4.06577270e-01,  0.00000000e+00, ...,
          3.96040558e-01,  4.65506804e-01,  5.99442726e-01],
        ...,
        [-5.21917441e-01, -7.35161822e-01, -3.96040558e-01, ...,
          0.00000000e+00,  7.69302799e-02,  2.33430251e-01],
        [-5.85991947e-01, -7.85133546e-01, -4.65506804e-01, ...,
         -7.69302799e-02,  0.00000000e+00,  1.57933505e-01],
        [-7.06613786e-01, -8.73092329e-01, -5.99442726e-01, ...,
         -2.33430251e-01, -1.57933505e-01,  0.00000000e+00]],

       ...,

       [[ 0.00000000e+00, -1.22769443e-01,  2.10760585e-01, ...,
          1.66618686e-01, -1.36649812e-02,  3.35214224e-01],
        [ 1.22769443e-01,  0.00000000e+00,  3.29177988e-01, ...,
          2.86411551e-01,  1.09196372e-01,  4.48344642e-01],
        [-2.10760585e-01, -3.29177988e-01,  0.00000000e+00, ...,
         -4.49383990e-02, -2.24098940e-01,  1.29118160e-01],
        ...,
        [-1.66618686e-01, -2.86411551e-01,  4.49383990e-02, ...,
          0.00000000e+00, -1.80077093e-01,  1.73549949e-01],
        [ 1.36649812e-02, -1.09196372e-01,  2.24098940e-01, ...,
          1.80077093e-01,  0.00000000e+00,  3.48057276e-01],
        [-3.35214224e-01, -4.48344642e-01, -1.29118160e-01, ...,
         -1.73549949e-01, -3.48057276e-01,  0.00000000e+00]],

       [[ 0.00000000e+00, -1.75989434e-01,  1.68756600e-01, ...,
          7.99523417e-01,  7.71613756e-01,  8.28617976e-01],
        [ 1.75989434e-01,  0.00000000e+00,  3.39588006e-01, ...,
          8.92749899e-01,  8.71515808e-01,  9.14206386e-01],
        [-1.68756600e-01, -3.39588006e-01,  0.00000000e+00, ...,
          6.86695349e-01,  6.53202468e-01,  7.22261346e-01],
        ...,
        [-7.99523417e-01, -8.92749899e-01, -6.86695349e-01, ...,
          0.00000000e+00, -4.51117677e-02,  5.01121072e-02],
        [-7.71613756e-01, -8.71515808e-01, -6.53202468e-01, ...,
          4.51117677e-02,  0.00000000e+00,  9.51161795e-02],
        [-8.28617976e-01, -9.14206386e-01, -7.22261346e-01, ...,
         -5.01121072e-02, -9.51161795e-02,  0.00000000e+00]],

       [[ 0.00000000e+00,  8.84361307e-03,  8.12662636e-03, ...,
          3.46455491e-01,  3.74251634e-01,  3.30652534e-01],
        [-8.84361307e-03,  0.00000000e+00, -7.17012476e-04, ...,
          3.38146046e-01,  3.66036076e-01,  3.22293421e-01],
        [-8.12662636e-03,  7.17012476e-04,  0.00000000e+00, ...,
          3.38820735e-01,  3.66703234e-01,  3.22972091e-01],
        ...,
        [-3.46455491e-01, -3.38146046e-01, -3.38820735e-01, ...,
          0.00000000e+00,  2.97952910e-02, -1.67942216e-02],
        [-3.74251634e-01, -3.66036076e-01, -3.66703234e-01, ...,
         -2.97952910e-02,  0.00000000e+00, -4.65778542e-02],
        [-3.30652534e-01, -3.22293421e-01, -3.22972091e-01, ...,
          1.67942216e-02,  4.65778542e-02,  0.00000000e+00]]]), 'num': array([7.18269384e-01, 6.91983145e-01, 1.07115889e-08, 2.62862391e-02,
       2.63397970e-02, 2.60184494e-02, 2.33362675e-03, 5.14156266e-04,
       2.53864656e-02, 2.50062042e-02, 2.56606823e-02, 7.35529103e-07,
       2.60366903e-02, 2.39757182e-02])}
{'img': array([[[ 0.00000000e+00,  3.56140407e-01,  7.55829962e-01, ...,
          4.85298946e-01,  7.51826671e-01,  9.12982571e-01],
        [-3.56140407e-01,  0.00000000e+00,  4.73082722e-01, ...,
          1.42088329e-01,  4.67706220e-01,  7.07815772e-01],
        [-7.55829962e-01, -4.73082722e-01,  0.00000000e+00, ...,
         -3.43100439e-01, -6.09263616e-03,  2.89414191e-01],
        ...,
        [-4.85298946e-01, -1.42088329e-01,  3.43100439e-01, ...,
          0.00000000e+00,  3.37371266e-01,  6.00263480e-01],
        [-7.51826671e-01, -4.67706220e-01,  6.09263616e-03, ...,
         -3.37371266e-01,  0.00000000e+00,  2.95240715e-01],
        [-9.12982571e-01, -7.07815772e-01, -2.89414191e-01, ...,
         -6.00263480e-01, -2.95240715e-01,  0.00000000e+00]],

       [[ 0.00000000e+00, -5.58435624e-01, -2.22862833e-01, ...,
         -6.00773445e-01, -6.96162633e-01, -5.93768790e-01],
        [ 5.58435624e-01,  0.00000000e+00,  3.59515477e-01, ...,
         -5.19460930e-02, -1.76608164e-01, -4.32223852e-02],
        [ 2.22862833e-01, -3.59515477e-01,  0.00000000e+00, ...,
         -4.07503024e-01, -5.18664327e-01, -3.99512000e-01],
        ...,
        [ 6.00773445e-01,  5.19460930e-02,  4.07503024e-01, ...,
          0.00000000e+00, -1.25240159e-01,  8.73351790e-03],
        [ 6.96162633e-01,  1.76608164e-01,  5.18664327e-01, ...,
          1.25240159e-01,  0.00000000e+00,  1.33900137e-01],
        [ 5.93768790e-01,  4.32223852e-02,  3.99512000e-01, ...,
         -8.73351790e-03, -1.33900137e-01,  0.00000000e+00]],

       [[ 0.00000000e+00,  4.06577270e-01,  7.01132765e-01, ...,
          7.85133546e-01,  8.73092329e-01,  9.54809598e-01],
        [-4.06577270e-01,  0.00000000e+00,  3.50664297e-01, ...,
          4.65506804e-01,  5.99442726e-01,  7.51487560e-01],
        [-7.01132765e-01, -3.50664297e-01,  0.00000000e+00, ...,
          1.25594257e-01,  2.80700957e-01,  4.72419214e-01],
        ...,
        [-7.85133546e-01, -4.65506804e-01, -1.25594257e-01, ...,
          0.00000000e+00,  1.57933505e-01,  3.57982943e-01],
        [-8.73092329e-01, -5.99442726e-01, -2.80700957e-01, ...,
         -1.57933505e-01,  0.00000000e+00,  2.06023211e-01],
        [-9.54809598e-01, -7.51487560e-01, -4.72419214e-01, ...,
         -3.57982943e-01, -2.06023211e-01,  0.00000000e+00]],

       ...,

       [[ 0.00000000e+00,  3.29177988e-01,  7.91685084e-01, ...,
          1.09196372e-01,  4.48344642e-01,  6.22547655e-01],
        [-3.29177988e-01,  0.00000000e+00,  5.46458297e-01, ...,
         -2.24098940e-01,  1.29118160e-01,  3.30243030e-01],
        [-7.91685084e-01, -5.46458297e-01,  0.00000000e+00, ...,
         -7.20239690e-01, -4.33749320e-01, -2.39225747e-01],
        ...,
        [-1.09196372e-01,  2.24098940e-01,  7.20239690e-01, ...,
          0.00000000e+00,  3.48057276e-01,  5.33369840e-01],
        [-4.48344642e-01, -1.29118160e-01,  4.33749320e-01, ...,
         -3.48057276e-01,  0.00000000e+00,  2.05604530e-01],
        [-6.22547655e-01, -3.30243030e-01,  2.39225747e-01, ...,
         -5.33369840e-01, -2.05604530e-01,  0.00000000e+00]],

       [[ 0.00000000e+00,  3.39588006e-01,  6.89020289e-01, ...,
          8.71515808e-01,  9.14206386e-01,  9.67614524e-01],
        [-3.39588006e-01,  0.00000000e+00,  4.01961057e-01, ...,
          6.53202468e-01,  7.22261346e-01,  8.24390313e-01],
        [-6.89020289e-01, -4.01961057e-01,  0.00000000e+00, ...,
          2.93751061e-01,  3.83339086e-01,  5.27339868e-01],
        ...,
        [-8.71515808e-01, -6.53202468e-01, -2.93751061e-01, ...,
          0.00000000e+00,  9.51161795e-02,  2.54487772e-01],
        [-9.14206386e-01, -7.22261346e-01, -3.83339086e-01, ...,
         -9.51161795e-02,  0.00000000e+00,  1.61349396e-01],
        [-9.67614524e-01, -8.24390313e-01, -5.27339868e-01, ...,
         -2.54487772e-01, -1.61349396e-01,  0.00000000e+00]],

       [[ 0.00000000e+00, -7.17012476e-04, -2.93759455e-01, ...,
          3.66036076e-01,  3.22293421e-01,  2.32781474e-01],
        [ 7.17012476e-04,  0.00000000e+00, -2.93074002e-01, ...,
          3.66703234e-01,  3.22972091e-01,  2.33478730e-01],
        [ 2.93759455e-01,  2.93074002e-01,  0.00000000e+00, ...,
          6.23259079e-01,  5.86158033e-01,  5.08200619e-01],
        ...,
        [-3.66036076e-01, -3.66703234e-01, -6.23259079e-01, ...,
          0.00000000e+00, -4.65778542e-02, -1.39354129e-01],
        [-3.22293421e-01, -3.22972091e-01, -5.86158033e-01, ...,
          4.65778542e-02,  0.00000000e+00, -9.30795072e-02],
        [-2.32781474e-01, -2.33478730e-01, -5.08200619e-01, ...,
          1.39354129e-01,  9.30795072e-02,  0.00000000e+00]]]), 'num': array([8.14814392e-01, 5.73785551e-01, 9.67987313e-08, 3.01286051e-02,
       3.03585021e-02, 2.99471075e-02, 2.51065660e-03, 4.35594291e-04,
       2.91315782e-02, 2.84037727e-02, 2.90289312e-02, 8.63220394e-07,
       2.96887389e-02, 2.71188066e-02])}
{'img': array([[[ 0.        ,  0.47308272,  0.28762544, ...,  0.46770622,
          0.70781577,  0.85974738],
        [-0.47308272,  0.        , -0.19968846, ..., -0.00609264,
          0.28941419,  0.51584033],
        [-0.28762544,  0.19968846,  0.        , ...,  0.19371483,
          0.47472781,  0.67652108],
        ...,
        [-0.46770622,  0.00609264, -0.19371483, ...,  0.        ,
          0.29524071,  0.52105023],
        [-0.70781577, -0.28941419, -0.47472781, ..., -0.29524071,
          0.        ,  0.24582769],
        [-0.85974738, -0.51584033, -0.67652108, ..., -0.52105023,
         -0.24582769,  0.        ]],

       [[ 0.        ,  0.35951548, -0.14321469, ..., -0.17660816,
         -0.04322239, -0.09900004],
        [-0.35951548,  0.        , -0.48944869, ..., -0.51866433,
         -0.399512  , -0.45013014],
        [ 0.14321469,  0.48944869,  0.        , ..., -0.03382409,
          0.10030402,  0.04453163],
        ...,
        [ 0.17660816,  0.51866433,  0.03382409, ...,  0.        ,
          0.13390014,  0.07829669],
        [ 0.04322239,  0.399512  , -0.10030402, ..., -0.13390014,
          0.        , -0.05589747],
        [ 0.09900004,  0.45013014, -0.04453163, ..., -0.07829669,
          0.05589747,  0.        ]],

       [[ 0.        ,  0.41207332,  0.59760254, ...,  0.66469362,
          0.80910053,  0.9425327 ],
