state_0,state_1,state_2,state_3,state_4,state_5,state_6,state_7,state_8,state_9,state_10,state_11,state_12,state_13,state_14,state_15,state_16,state_17,state_18,state_19,state_20,state_21,state_22,state_23,state_24,state_25,state_26,state_27,state_28,state_29,state_30,state_31,state_32,state_33,state_34,state_35,state_36,state_37,state_38,state_39,state_40,state_41,state_42,state_43,state_44,state_45,state_46,state_47,state_48,state_49,state_50,state_51,state_52,state_53,state_54,state_55,state_56,state_57,state_58,state_59,state_60,state_61,state_62,state_63,state_64,state_65,state_66,state_67,state_68,state_69,state_70,state_71,state_72,state_73,state_74,state_75,state_76,state_77,state_78,state_79,state_80,state_81,state_82,state_83,state_84,state_85,state_86,state_87,state_88,state_89,state_90,state_91,state_92,state_93,state_94,state_95,state_96,state_97,state_98,state_99,state_100,state_101,state_102,state_103,state_104,state_105,state_106,state_107,state_108,state_109,state_110,state_111,state_112,state_113,state_114,state_115,state_116,state_117,state_118,state_119,state_120,state_121,state_122,state_123,state_124,state_125,state_126,state_127,state_128,state_129,state_130,state_131,state_132,state_133,state_134,state_135,state_136,state_137,state_138,state_139,state_140,state_141,state_142,state_143,state_144,state_145,state_146,state_147,state_148,state_149,state_150,state_151,state_152,state_153,state_154,state_155,state_156,state_157,state_158,state_159,state_160,state_161,state_162,state_163,state_164,state_165,state_166,state_167,state_168,state_169,state_170,state_171,state_172,state_173,state_174,state_175,state_176,state_177,state_178,state_179,state_180,state_181,state_182,state_183,state_184,state_185,state_186,state_187,state_188,state_189,state_190,state_191,state_192,state_193,state_194,state_195,state_196,state_197,state_198,state_199,state_200,state_201,state_202,state_203,state_204,state_205,state_206,state_207,state_208,state_209,state_210,state_211,state_212,state_213,state_214,state_215,state_216,state_217,state_218,state_219,state_220,state_221,state_222,state_223,state_224,state_225,state_226,state_227,state_228,state_229,state_230,state_231,state_232,state_233,state_234,state_235,state_236,state_237,state_238,state_239,state_240,state_241,state_242,state_243,state_244,state_245,state_246,state_247,state_248,state_249,state_250,state_251,state_252,state_253,state_254,state_255,state_256,state_257,state_258,state_259,state_260,state_261,state_262,state_263,state_264,state_265,state_266,state_267,state_268,state_269,state_270,state_271,state_272,state_273,state_274,state_275,state_276,state_277,state_278,state_279,state_280,state_281,state_282,state_283,state_284,state_285,state_286,state_287
{'img': array([[[ 0.        ,  0.        , -0.11302718, ...,  0.99639756,
          0.99515554,  0.99639756],
        [ 0.        ,  0.        , -0.11302718, ...,  0.99639756,
          0.99515554,  0.99639756],
        [ 0.11302718,  0.11302718,  0.        , ...,  0.99959782,
          0.97766645,  0.99959782],
        ...,
        [-0.99639756, -0.99639756, -0.99959782, ...,  0.        ,
          0.18235309,  0.        ],
        [-0.99515554, -0.99515554, -0.97766645, ..., -0.18235309,
          0.        , -0.18235309],
        [-0.99639756, -0.99639756, -0.99959782, ...,  0.        ,
          0.18235309,  0.        ]],

       [[ 0.        , -0.05684171, -0.17966064, ..., -0.58667577,
         -0.60332757, -0.68788384],
        [ 0.05684171,  0.        , -0.12345335, ..., -0.53969557,
         -0.55702121, -0.64551477],
        [ 0.17966064,  0.12345335,  0.        , ..., -0.43163664,
         -0.45023242, -0.54628961],
        ...,
        [ 0.58667577,  0.53969557,  0.43163664, ...,  0.        ,
         -0.02071779, -0.13124194],
        [ 0.60332757,  0.55702121,  0.45023242, ...,  0.02071779,
          0.        , -0.11067518],
        [ 0.68788384,  0.64551477,  0.54628961, ...,  0.13124194,
          0.11067518,  0.        ]],

       [[ 0.        , -0.04476778, -0.08261823, ...,  0.80126162,
          0.84120726,  0.87722146],
        [ 0.04476778,  0.        , -0.03792066, ...,  0.77367309,
          0.81615736,  0.8548496 ],
        [ 0.08261823,  0.03792066,  0.        , ...,  0.74909067,
          0.79365866,  0.83455863],
        ...,
        [-0.80126162, -0.77367309, -0.74909067, ...,  0.        ,
         -0.07005377, -0.14017958],
        [-0.84120726, -0.81615736, -0.79365866, ...,  0.07005377,
          0.        , -0.07047312],
        [-0.87722146, -0.8548496 , -0.83455863, ...,  0.14017958,
          0.07047312,  0.        ]],

       ...,

       [[ 0.        ,  0.0349697 ,  0.17806841, ...,  0.77224425,
          0.81886926,  0.76865002],
        [-0.0349697 ,  0.        ,  0.14354868, ...,  0.74955477,
          0.79829651,  0.74581084],
        [-0.17806841, -0.14354868,  0.        , ...,  0.64677088,
          0.70357446,  0.6424606 ],
        ...,
        [-0.77224425, -0.74955477, -0.64677088, ...,  0.        ,
          0.07699592, -0.00563798],
        [-0.81886926, -0.79829651, -0.70357446, ..., -0.07699592,
          0.        , -0.08261594],
        [-0.76865002, -0.74581084, -0.6424606 , ...,  0.00563798,
          0.08261594,  0.        ]],

       [[ 0.        , -0.4772848 , -0.66740849, ..., -0.97846089,
         -0.97503874, -0.97657621],
        [ 0.4772848 ,  0.        , -0.23105423, ..., -0.76129422,
         -0.75084014, -0.75546679],
        [ 0.66740849,  0.23105423,  0.        , ..., -0.59087717,
         -0.57791544, -0.58364081],
        ...,
        [ 0.97846089,  0.76129422,  0.59087717, ...,  0.        ,
          0.01597293,  0.00894037],
        [ 0.97503874,  0.75084014,  0.57791544, ..., -0.01597293,
          0.        , -0.00703306],
        [ 0.97657621,  0.75546679,  0.58364081, ..., -0.00894037,
          0.00703306,  0.        ]],

       [[ 0.        , -0.16409381, -0.33059751, ...,  0.99900409,
          0.98248316,  0.82671337],
        [ 0.16409381,  0.        , -0.17124906, ...,  0.97814069,
          0.93858623,  0.72318405],
        [ 0.33059751,  0.17124906,  0.        , ...,  0.92808113,
          0.86563262,  0.59422693],
        ...,
        [-0.99900409, -0.97814069, -0.92808113, ...,  0.        ,
          0.14232878,  0.52517619],
        [-0.98248316, -0.93858623, -0.86563262, ..., -0.14232878,
          0.        ,  0.39870873],
        [-0.82671337, -0.72318405, -0.59422693, ..., -0.52517619,
         -0.39870873,  0.        ]]]), 'num': array([7.13942244e-01, 7.00203196e-01, 2.75607788e-07, 4.29345258e-04,
       4.33220992e-04, 4.20732515e-04, 7.36096727e-04, 8.61274339e-06,
       4.25038886e-04, 4.19246816e-04, 3.95095248e-04, 5.15292340e-07,
       4.44209624e-04, 3.94284009e-04])}
{'img': array([[[ 0.        , -0.11302718, -0.72302558, ...,  0.99515554,
          0.99639756,  0.97643597],
        [ 0.11302718,  0.        , -0.64031078, ...,  0.97766645,
          0.99959782,  0.94578678],
        [ 0.72302558,  0.64031078,  0.        , ...,  0.6163918 ,
          0.74964888,  0.51850852],
        ...,
        [-0.99515554, -0.97766645, -0.6163918 , ...,  0.        ,
         -0.18235309,  0.11876551],
        [-0.99639756, -0.99959782, -0.74964888, ...,  0.18235309,
          0.        ,  0.29783664],
        [-0.97643597, -0.94578678, -0.51850852, ..., -0.11876551,
         -0.29783664,  0.        ]],

       [[ 0.        , -0.12345335,  0.70667462, ..., -0.55702121,
         -0.64551477, -0.49409171],
        [ 0.12345335,  0.        ,  0.78861684, ..., -0.45023242,
         -0.54628961, -0.38298055],
        [-0.70667462, -0.78861684,  0.        , ..., -0.9810061 ,
         -0.99644784, -0.96397883],
        ...,
        [ 0.55702121,  0.45023242,  0.9810061 , ...,  0.        ,
         -0.11067518,  0.07393738],
        [ 0.64551477,  0.54628961,  0.99644784, ...,  0.11067518,
          0.        ,  0.18385541],
        [ 0.49409171,  0.38298055,  0.96397883, ..., -0.07393738,
         -0.18385541,  0.        ]],

       [[ 0.        , -0.03792066, -0.23479213, ...,  0.81615736,
          0.8548496 ,  0.88431012],
        [ 0.03792066,  0.        , -0.19776264, ...,  0.79365866,
          0.83455863,  0.86596893],
        [ 0.23479213,  0.19776264,  0.        , ...,  0.65767231,
          0.70912482,  0.74996532],
        ...,
        [-0.81615736, -0.79365866, -0.65767231, ...,  0.        ,
         -0.07047312, -0.12991678],
        [-0.8548496 , -0.83455863, -0.70912482, ...,  0.07047312,
          0.        , -0.05971791],
        [-0.88431012, -0.86596893, -0.74996532, ...,  0.12991678,
          0.05971791,  0.        ]],

       ...,

       [[ 0.        ,  0.14354868, -0.800099  , ...,  0.79829651,
          0.74581084,  0.81487375],
        [-0.14354868,  0.        , -0.87792283, ...,  0.70357446,
          0.6424606 ,  0.72322798],
        [ 0.800099  ,  0.87792283,  0.        , ...,  0.96074384,
          0.98038022,  0.95258484],
        ...,
        [-0.79829651, -0.70357446, -0.96074384, ...,  0.        ,
         -0.08261594,  0.02804626],
        [-0.74581084, -0.6424606 , -0.98038022, ...,  0.08261594,
          0.        ,  0.11053383],
        [-0.81487375, -0.72322798, -0.95258484, ..., -0.02804626,
         -0.11053383,  0.        ]],

       [[ 0.        , -0.51483157, -0.73805994, ..., -0.95365477,
         -0.95592928, -0.95480798],
        [ 0.51483157,  0.        , -0.28535744, ..., -0.66264566,
         -0.6683569 , -0.66552864],
        [ 0.73805994,  0.28535744,  0.        , ..., -0.42138   ,
         -0.4283069 , -0.42487385],
        ...,
        [ 0.95365477,  0.66264566,  0.42138   , ...,  0.        ,
         -0.00765174, -0.00385604],
        [ 0.95592928,  0.6683569 ,  0.4283069 , ...,  0.00765174,
          0.        ,  0.00379576],
        [ 0.95480798,  0.66552864,  0.42487385, ...,  0.00385604,
         -0.00379576,  0.        ]],

       [[ 0.        , -0.16675405, -0.36780926, ...,  0.98228666,
          0.93943465,  0.70931209],
        [ 0.16675405,  0.        , -0.20759459, ...,  0.93728608,
          0.86912988,  0.58183665],
        [ 0.36780926,  0.20759459,  0.        , ...,  0.84450787,
          0.7475229 ,  0.40032346],
        ...,
        [-0.98228666, -0.93728608, -0.84450787, ...,  0.        ,
          0.1606218 ,  0.55949448],
        [-0.93943465, -0.86912988, -0.7475229 , ..., -0.1606218 ,
          0.        ,  0.4191012 ],
        [-0.70931209, -0.58183665, -0.40032346, ..., -0.55949448,
         -0.4191012 ,  0.        ]]]), 'num': array([ 7.07105940e-01,  7.07105940e-01,  0.00000000e+00,  4.62116789e-04,
        4.79890512e-04,  4.61636418e-04,  8.03401087e-04, -1.68129809e-05,
        4.71051688e-04,  4.68769926e-04,  4.41725045e-04,  5.15340411e-07,
        4.93746025e-04,  4.43793827e-04])}
{'img': array([[[ 0.        , -0.64031078,  0.20168752, ...,  0.99959782,
          0.94578678,  0.98852051],
        [ 0.64031078,  0.        ,  0.78207174, ...,  0.74964888,
          0.51850852,  0.85604083],
        [-0.20168752, -0.78207174,  0.        , ...,  0.98477553,
          0.99185651,  0.93773403],
        ...,
        [-0.99959782, -0.74964888, -0.98477553, ...,  0.        ,
          0.29783664, -0.17905876],
        [-0.94578678, -0.51850852, -0.99185651, ..., -0.29783664,
          0.        , -0.46395563],
        [-0.98852051, -0.85604083, -0.93773403, ...,  0.17905876,
          0.46395563,  0.        ]],

       [[ 0.        ,  0.78861684,  0.60830474, ..., -0.54628961,
         -0.38298055, -0.40001357],
        [-0.78861684,  0.        , -0.25189058, ..., -0.99644784,
         -0.96397883, -0.96873692],
        [-0.60830474,  0.25189058,  0.        , ..., -0.94310585,
         -0.86589843, -0.8750091 ],
        ...,
        [ 0.54628961,  0.99644784,  0.94310585, ...,  0.        ,
          0.18385541,  0.16562955],
        [ 0.38298055,  0.96397883,  0.86589843, ..., -0.18385541,
          0.        , -0.0185099 ],
        [ 0.40001357,  0.96873692,  0.8750091 , ..., -0.16562955,
          0.0185099 ,  0.        ]],

       [[ 0.        , -0.19776264, -0.15913372, ...,  0.83455863,
          0.86596893,  0.91711803],
        [ 0.19776264,  0.        ,  0.03925175, ...,  0.70912482,
          0.74996532,  0.82017358],
        [ 0.15913372, -0.03925175,  0.        , ...,  0.73625408,
          0.7753515 ,  0.84199802],
        ...,
        [-0.83455863, -0.70912482, -0.73625408, ...,  0.        ,
         -0.05971791, -0.17258965],
        [-0.86596893, -0.74996532, -0.7753515 , ...,  0.05971791,
          0.        , -0.11345985],
        [-0.91711803, -0.82017358, -0.84199802, ...,  0.17258965,
          0.11345985,  0.        ]],

       ...,

       [[ 0.        , -0.87792283, -0.26862487, ...,  0.6424606 ,
          0.72322798,  0.59626002],
        [ 0.87792283,  0.        ,  0.7170365 , ...,  0.98038022,
          0.95258484,  0.99027946],
        [ 0.26862487, -0.7170365 ,  0.        , ...,  0.82469914,
          0.88216049,  0.78999413],
        ...,
        [-0.6424606 , -0.98038022, -0.82469914, ...,  0.        ,
          0.11053383, -0.05883662],
        [-0.72322798, -0.95258484, -0.88216049, ..., -0.11053383,
          0.        , -0.16881843],
        [-0.59626002, -0.99027946, -0.78999413, ...,  0.05883662,
          0.16881843,  0.        ]],

       [[ 0.        , -0.59541712, -0.80584749, ..., -0.91954142,
         -0.91786268, -0.93457537],
        [ 0.59541712,  0.        , -0.29487111, ..., -0.50478016,
         -0.50110633, -0.5390248 ],
        [ 0.80584749,  0.29487111,  0.        , ..., -0.22778927,
         -0.22364841, -0.26669121],
        ...,
        [ 0.91954142,  0.50478016,  0.22778927, ...,  0.        ,
          0.00425054, -0.04014081],
        [ 0.91786268,  0.50110633,  0.22364841, ..., -0.00425054,
          0.        , -0.04438756],
        [ 0.93457537,  0.5390248 ,  0.26669121, ...,  0.04014081,
          0.04438756,  0.        ]],

       [[ 0.        , -0.20221285, -0.23043062, ...,  0.94012351,
          0.86736836,  0.56893295],
        [ 0.20221285,  0.        , -0.02889924, ...,  0.85178106,
          0.74881531,  0.39088312],
        [ 0.23043062,  0.02889924,  0.        , ...,  0.83628504,
          0.72934875,  0.36411983],
        ...,
        [-0.94012351, -0.85178106, -0.83628504, ...,  0.        ,
          0.17223958,  0.57923079],
        [-0.86736836, -0.74881531, -0.72934875, ..., -0.17223958,
          0.        ,  0.4301708 ],
        [-0.56893295, -0.39088312, -0.36411983, ..., -0.57923079,
         -0.4301708 ,  0.        ]]]), 'num': array([7.30622209e-01, 6.82780452e-01, 9.92567570e-07, 4.78417569e-04,
       4.79906420e-04, 4.64521623e-04, 4.62010427e-04, 9.92567570e-07,
       4.85365542e-04, 4.85564055e-04, 4.57474393e-04, 4.70390718e-07,
       5.07283829e-04, 4.63844282e-04])}
{'img': array([[[ 0.        ,  0.78207174,  0.56354267, ...,  0.51850852,
          0.85604083,  0.84407071],
        [-0.78207174,  0.        , -0.29486601, ...,  0.99185651,
          0.93773403,  0.94538689],
        [-0.56354267,  0.29486601,  0.        , ...,  0.91020294,
          0.998464  ,  0.99946535],
        ...,
        [-0.51850852, -0.99185651, -0.91020294, ...,  0.        ,
         -0.46395563, -0.44370082],
        [-0.85604083, -0.93773403, -0.998464  , ...,  0.46395563,
          0.        ,  0.0227293 ],
        [-0.84407071, -0.94538689, -0.99946535, ...,  0.44370082,
         -0.0227293 ,  0.        ]],

       [[ 0.        , -0.25189058, -0.7598775 , ..., -0.96397883,
         -0.96873692, -0.96415615],
        [ 0.25189058,  0.        , -0.57163022, ..., -0.86589843,
         -0.8750091 , -0.99990314],
        [ 0.7598775 ,  0.57163022,  0.        , ..., -0.42453871,
         -0.44122502, -0.82838787],
        ...,
        [ 0.96397883,  0.86589843,  0.42453871, ...,  0.        ,
         -0.0185099 , -0.51222304],
        [ 0.96873692,  0.8750091 ,  0.44122502, ...,  0.0185099 ,
          0.        , -0.49623802],
        [ 0.96415615,  0.99990314,  0.82838787, ...,  0.51222304,
          0.49623802,  0.        ]],

       [[ 0.        ,  0.03925175, -0.2116296 , ...,  0.74996532,
          0.82017358,  0.84364239],
        [-0.03925175,  0.        , -0.2498292 , ...,  0.7753515 ,
          0.84199802,  0.86406672],
        [ 0.2116296 ,  0.2498292 ,  0.        , ...,  0.59299042,
          0.68052019,  0.71090875],
        ...,
        [-0.74996532, -0.7753515 , -0.59299042, ...,  0.        ,
         -0.11345985, -0.15538966],
        [-0.82017358, -0.84199802, -0.68052019, ...,  0.11345985,
          0.        , -0.04230456],
        [-0.84364239, -0.86406672, -0.71090875, ...,  0.15538966,
          0.04230456,  0.        ]],

       ...,

       [[ 0.        ,  0.7170365 ,  0.57870964, ...,  0.95258484,
          0.99027946,  0.99961704],
        [-0.7170365 ,  0.        , -0.18138617, ...,  0.88216049,
          0.78999413,  0.67692655],
        [-0.57870964,  0.18138617,  0.        , ...,  0.95295078,
          0.88810014,  0.79920705],
        ...,
        [-0.95258484, -0.88216049, -0.95295078, ...,  0.        ,
         -0.16881843, -0.33051692],
        [-0.99027946, -0.78999413, -0.88810014, ...,  0.16881843,
          0.        , -0.16644222],
        [-0.99961704, -0.67692655, -0.79920705, ...,  0.33051692,
          0.16644222,  0.        ]],

       [[ 0.        , -0.64322866, -0.83178309, ..., -0.83571173,
         -0.86396506, -0.90137352],
        [ 0.64322866,  0.        , -0.27981805, ..., -0.28664202,
         -0.33761677, -0.41161306],
        [ 0.83178309,  0.27981805,  0.        , ..., -0.00711529,
         -0.06074185, -0.14015575],
        ...,
        [ 0.83571173,  0.28664202,  0.00711529, ...,  0.        ,
         -0.05363817, -0.13310715],
        [ 0.86396506,  0.33761677,  0.06074185, ...,  0.05363817,
          0.        , -0.07975466],
        [ 0.90137352,  0.41161306,  0.14015575, ...,  0.13310715,
          0.07975466,  0.        ]],

       [[ 0.        , -0.02799342, -0.14390098, ...,  0.86755305,
          0.77227927,  0.37952872],
        [ 0.02799342,  0.        , -0.11614253, ...,  0.85329069,
          0.75419287,  0.35348104],
        [ 0.14390098,  0.11614253,  0.        , ...,  0.78695525,
          0.67282358,  0.24244432],
        ...,
        [-0.86755305, -0.85329069, -0.78695525, ...,  0.        ,
          0.1670529 ,  0.61388611],
        [-0.77227927, -0.75419287, -0.67282358, ..., -0.1670529 ,
          0.        ,  0.47338909],
        [-0.37952872, -0.35348104, -0.24244432, ..., -0.61388611,
         -0.47338909,  0.        ]]]), 'num': array([8.76028926e-01, 4.82254274e-01, 7.94701619e-06, 5.82506882e-04,
       5.86033664e-04, 5.67811956e-04, 1.22804912e-03, 1.58705205e-05,
       5.74983080e-04, 5.76188064e-04, 5.43653497e-04, 6.71768063e-07,
       6.01225389e-04, 5.51150738e-04])}
{'img': array([[[ 0.        , -0.62853936,  0.13943469, ...,  0.9821242 ,
          0.98638296,  0.97772789],
        [ 0.62853936,  0.        ,  0.73084854, ...,  0.88218688,
          0.87055931,  0.62853936],
        [-0.13943469, -0.73084854,  0.        , ...,  0.94628374,
          0.95381516,  0.99744081],
        ...,
        [-0.9821242 , -0.88218688, -0.94628374, ...,  0.        ,
          0.02414604,  0.3901665 ],
        [-0.98638296, -0.87055931, -0.95381516, ..., -0.02414604,
          0.        ,  0.36782042],
        [-0.97772789, -0.62853936, -0.99744081, ..., -0.3901665 ,
         -0.36782042,  0.        ]],

       [[ 0.        , -0.57163022, -0.21124104, ..., -0.8750091 ,
         -0.99990314, -0.76465292],
        [ 0.57163022,  0.        ,  0.38540513, ..., -0.44122502,
         -0.82838787, -0.25902371],
        [ 0.21124104, -0.38540513,  0.        , ..., -0.75300049,
         -0.98027939, -0.6112651 ],
        ...,
        [ 0.8750091 ,  0.44122502,  0.75300049, ...,  0.        ,
         -0.49623802,  0.19371947],
        [ 0.99990314,  0.82838787,  0.98027939, ...,  0.49623802,
          0.        ,  0.65502239],
        [ 0.76465292,  0.25902371,  0.6112651 , ..., -0.19371947,
         -0.65502239,  0.        ]],

       [[ 0.        , -0.2498292 ,  0.01753643, ...,  0.84199802,
          0.86406672,  0.86245599],
        [ 0.2498292 ,  0.        ,  0.26677113, ...,  0.68052019,
          0.71090875,  0.70866088],
        [-0.01753643, -0.26677113,  0.        , ...,  0.85132911,
          0.87276129,  0.87119912],
        ...,
        [-0.84199802, -0.68052019, -0.85132911, ...,  0.        ,
         -0.04230456, -0.03911609],
        [-0.86406672, -0.71090875, -0.87276129, ...,  0.04230456,
          0.        ,  0.00319111],
        [-0.86245599, -0.70866088, -0.87119912, ...,  0.03911609,
         -0.00319111,  0.        ]],

       ...,

       [[ 0.        , -0.49399978,  0.24003148, ...,  0.89380311,
          0.79659202,  0.93538427],
        [ 0.49399978,  0.        ,  0.688256  , ...,  0.9986668 ,
          0.99123792,  0.98797571],
        [-0.24003148, -0.688256  ,  0.        , ...,  0.76002845,
          0.62820056,  0.82315538],
        ...,
        [-0.89380311, -0.9986668 , -0.76002845, ...,  0.        ,
         -0.18308009,  0.10340383],
        [-0.79659202, -0.99123792, -0.62820056, ...,  0.18308009,
          0.        ,  0.28375478],
        [-0.93538427, -0.98797571, -0.82315538, ..., -0.10340383,
         -0.28375478,  0.        ]],

       [[ 0.        , -0.64818713, -0.81249967, ..., -0.7111    ,
         -0.78204324, -0.77432082],
        [ 0.64818713,  0.        , -0.2408349 , ..., -0.08575474,
         -0.19154524, -0.17946223],
        [ 0.81249967,  0.2408349 ,  0.        , ...,  0.15671709,
          0.05046823,  0.06274495],
        ...,
        [ 0.7111    ,  0.08575474, -0.15671709, ...,  0.        ,
         -0.10667276, -0.09443864],
        [ 0.78204324,  0.19154524, -0.05046823, ...,  0.10667276,
          0.        ,  0.01229621],
        [ 0.77432082,  0.17946223, -0.06274495, ...,  0.09443864,
         -0.01229621,  0.        ]],

       [[ 0.        , -0.11516734, -0.15448805, ...,  0.79142242,
          0.57714897,  0.35066369],
        [ 0.11516734,  0.        , -0.03967539, ...,  0.71575808,
          0.47925855,  0.24047602],
        [ 0.15448805,  0.03967539,  0.        , ...,  0.68748727,
          0.44405914,  0.20177556],
        ...,
        [-0.79142242, -0.71575808, -0.68748727, ...,  0.        ,
          0.2935127 ,  0.52681819],
        [-0.57714897, -0.47925855, -0.44405914, ..., -0.2935127 ,
          0.        ,  0.25413525],
        [-0.35066369, -0.24047602, -0.20177556, ..., -0.52681819,
         -0.25413525,  0.        ]]]), 'num': array([ 9.73124833e-01,  2.30270319e-01,  1.51602962e-05,  6.45399230e-04,
        6.57253502e-04,  6.37496383e-04,  5.84652674e-04, -7.24427707e-06,
        6.44608946e-04,  6.46420015e-04,  6.10604748e-04,  5.98122130e-07,
        6.73331229e-04,  6.19508800e-04])}
{'img': array([[[ 0.        ,  0.73084854,  0.78535345, ...,  0.87055931,
          0.62853936,  0.75005482],
        [-0.73084854,  0.        ,  0.08360485, ...,  0.95381516,
          0.99744081,  0.99530761],
        [-0.78535345, -0.08360485,  0.        , ...,  0.92536143,
          0.99992626,  0.98373331],
        ...,
        [-0.87055931, -0.95381516, -0.92536143, ...,  0.        ,
          0.36782042,  0.20669215],
        [-0.62853936, -0.99744081, -0.99992626, ..., -0.36782042,
          0.        , -0.16767534],
        [-0.75005482, -0.99530761, -0.98373331, ..., -0.20669215,
          0.16767534,  0.        ]],

       [[ 0.        ,  0.38540513,  0.31978289, ..., -0.82838787,
         -0.25902371, -0.85954992],
        [-0.38540513,  0.        , -0.07008898, ..., -0.98027939,
         -0.6112651 , -0.99010949],
        [-0.31978289,  0.07008898,  0.        , ..., -0.96401789,
         -0.5542916 , -0.9778413 ],
        ...,
        [ 0.82838787,  0.98027939,  0.96401789, ...,  0.        ,
          0.65502239, -0.05813201],
        [ 0.25902371,  0.6112651 ,  0.5542916 , ..., -0.65502239,
          0.        , -0.69783978],
        [ 0.85954992,  0.99010949,  0.9778413 , ...,  0.05813201,
          0.69783978,  0.        ]],

       [[ 0.        ,  0.26677113,  0.44443775, ...,  0.71090875,
          0.70866088,  0.7018302 ],
        [-0.26677113,  0.        ,  0.1893551 , ...,  0.87276129,
          0.87119912,  0.8664287 ],
        [-0.44443775, -0.1893551 ,  0.        , ...,  0.94940505,
          0.94839804,  0.94529901],
        ...,
        [-0.71090875, -0.87276129, -0.94940505, ...,  0.        ,
          0.00319111,  0.01282565],
        [-0.70866088, -0.87119912, -0.94839804, ..., -0.00319111,
          0.        ,  0.00963474],
        [-0.7018302 , -0.8664287 , -0.94529901, ..., -0.01282565,
         -0.00963474,  0.        ]],

       ...,

       [[ 0.        ,  0.688256  ,  0.74038771, ...,  0.99123792,
          0.98797571,  0.98172194],
        [-0.688256  ,  0.        ,  0.07449556, ...,  0.62820056,
          0.82315538,  0.58121829],
        [-0.74038771, -0.07449556,  0.        , ...,  0.56849363,
          0.77856832,  0.51898269],
        ...,
        [-0.99123792, -0.62820056, -0.56849363, ...,  0.        ,
          0.28375478, -0.05897903],
        [-0.98797571, -0.82315538, -0.77856832, ..., -0.28375478,
          0.        , -0.33981563],
        [-0.98172194, -0.58121829, -0.51898269, ...,  0.05897903,
          0.33981563,  0.        ]],

       [[ 0.        , -0.38026668, -0.59324945, ..., -0.31509957,
         -0.2984917 , -0.30909483],
        [ 0.38026668,  0.        , -0.24256092, ...,  0.06946706,
          0.0868631 ,  0.07577082],
        [ 0.59324945,  0.24256092,  0.        , ...,  0.30936746,
          0.32591314,  0.31537163],
        ...,
        [ 0.31509957, -0.06946706, -0.30936746, ...,  0.        ,
          0.01744877,  0.00632041],
        [ 0.2984917 , -0.0868631 , -0.32591314, ..., -0.01744877,
          0.        , -0.01112897],
        [ 0.30909483, -0.07577082, -0.31537163, ..., -0.00632041,
          0.01112897,  0.        ]],

       [[ 0.        , -0.03934854, -0.03210165, ...,  0.56682635,
          0.47613013,  0.23854704],
        [ 0.03934854,  0.        ,  0.00725147, ...,  0.53397058,
          0.44115927,  0.20014972],
        [ 0.03210165, -0.00725147,  0.        , ...,  0.54008768,
          0.44765535,  0.20724919],
        ...,
        [-0.56682635, -0.53397058, -0.54008768, ...,  0.        ,
          0.10619908,  0.35393866],
        [-0.47613013, -0.44115927, -0.44765535, ..., -0.10619908,
          0.        ,  0.25261243],
        [-0.23854704, -0.20014972, -0.20724919, ..., -0.35393866,
         -0.25261243,  0.        ]]]), 'num': array([ 9.88897059e-01,  1.48590180e-01,  1.72194033e-05,  6.55465585e-04,
        6.63524588e-04,  6.48749749e-04,  3.83984634e-04, -2.68633436e-06,
        6.54525368e-04,  6.59998774e-04,  6.24382457e-04,  5.94831180e-07,
        6.85970484e-04,  6.34027064e-04])}
{'img': array([[[ 0.        ,  0.38111339,  0.38111339, ...,  0.6771456 ,
          0.80188063,  0.83702162],
        [-0.38111339,  0.        ,  0.        , ...,  0.9064822 ,
          0.96907059,  0.98238392],
        [-0.38111339,  0.        ,  0.        , ...,  0.9064822 ,
          0.96907059,  0.98238392],
        ...,
        [-0.6771456 , -0.9064822 , -0.9064822 , ...,  0.        ,
         -0.18547925, -0.24540794],
        [-0.80188063, -0.96907059, -0.96907059, ...,  0.18547925,
          0.        , -0.06134239],
        [-0.83702162, -0.98238392, -0.98238392, ...,  0.24540794,
          0.06134239,  0.        ]],

       [[ 0.        , -0.06743537,  0.07355904, ..., -0.58316958,
         -0.94540131, -0.98902482],
        [ 0.06743537,  0.        ,  0.14064427, ..., -0.52706093,
         -0.92127148, -0.99673699],
        [-0.07355904, -0.14064427,  0.        , ..., -0.64134541,
         -0.96681361, -0.97547711],
        ...,
        [ 0.58316958,  0.52706093,  0.64134541, ...,  0.        ,
         -0.57793724, -0.88959773],
        [ 0.94540131,  0.92127148,  0.96681361, ...,  0.57793724,
          0.        , -0.46201413],
        [ 0.98902482,  0.99673699,  0.97547711, ...,  0.88959773,
          0.46201413,  0.        ]],

       [[ 0.        ,  0.36553945,  0.59160444, ...,  0.71402977,
          0.7071778 ,  0.75249947],
        [-0.36553945,  0.        ,  0.25595468, ...,  0.92053572,
          0.91668762,  0.94116505],
        [-0.59160444, -0.25595468,  0.        , ...,  0.9898624 ,
          0.9884323 ,  0.99631288],
        ...,
        [-0.71402977, -0.92053572, -0.9898624 , ...,  0.        ,
          0.00973855, -0.05658153],
        [-0.7071778 , -0.91668762, -0.9884323 , ..., -0.00973855,
          0.        , -0.06630179],
        [-0.75249947, -0.94116505, -0.99631288, ...,  0.05658153,
          0.06630179,  0.        ]],

       ...,

       [[ 0.        ,  0.34600208,  0.91363907, ...,  0.99979792,
          0.92510643,  0.90842739],
        [-0.34600208,  0.        ,  0.71654806, ...,  0.94499968,
          0.73658635,  0.7076736 ],
        [-0.91363907, -0.71654806,  0.        , ...,  0.42481064,
          0.02916413, -0.01264049],
        ...,
        [-0.99979792, -0.94499968, -0.42481064, ...,  0.        ,
         -0.39822818, -0.43621991],
        [-0.92510643, -0.73658635, -0.02916413, ...,  0.39822818,
          0.        , -0.0417969 ],
        [-0.90842739, -0.7076736 ,  0.01264049, ...,  0.43621991,
          0.0417969 ,  0.        ]],

       [[ 0.        , -0.24256092, -0.32264382, ...,  0.0868631 ,
          0.07577082,  0.05089637],
        [ 0.24256092,  0.        , -0.08341957, ...,  0.32591314,
          0.31537163,  0.29162296],
        [ 0.32264382,  0.08341957,  0.        , ...,  0.403642  ,
          0.39343493,  0.37040011],
        ...,
        [-0.0868631 , -0.32591314, -0.403642  , ...,  0.        ,
         -0.01112897, -0.03604652],
        [-0.07577082, -0.31537163, -0.39343493, ...,  0.01112897,
          0.        , -0.02492256],
        [-0.05089637, -0.29162296, -0.37040011, ...,  0.03604652,
          0.02492256,  0.        ]],

       [[ 0.        ,  0.00718592, -0.19837732, ...,  0.53892507,
          0.45058196,  0.19837732],
        [-0.00718592,  0.        , -0.20541531, ...,  0.54496424,
          0.45698545,  0.20541531],
        [ 0.19837732,  0.20541531,  0.        , ...,  0.36111045,
          0.26452858,  0.        ],
        ...,
        [-0.53892507, -0.54496424, -0.36111045, ...,  0.        ,
          0.10156792,  0.36111045],
        [-0.45058196, -0.45698545, -0.26452858, ..., -0.10156792,
          0.        ,  0.26452858],
        [-0.19837732, -0.20541531, -0.        , ..., -0.36111045,
         -0.26452858,  0.        ]]]), 'num': array([8.56215133e-01, 5.16616372e-01, 6.90241384e-06, 5.70754220e-04,
       5.73074359e-04, 5.57413420e-04, 7.81411250e-04, 4.64027821e-06,
       5.67854046e-04, 5.70986234e-04, 5.40534408e-04, 5.01195098e-07,
       5.91765408e-04, 5.50207060e-04])}
{'img': array([[[ 0.        ,  0.        ,  0.75115074, ...,  0.81340388,
          0.84836501,  0.77334376],
        [ 0.        ,  0.        ,  0.75115074, ...,  0.81340388,
          0.84836501,  0.77334376],
        [-0.75115074, -0.75115074,  0.        , ...,  0.97389678,
          0.95769984,  0.98672772],
        ...,
        [-0.81340388, -0.81340388, -0.97389678, ...,  0.        ,
         -0.06286779,  0.06583387],
        [-0.84836501, -0.84836501, -0.95769984, ...,  0.06286779,
          0.        ,  0.12843504],
        [-0.77334376, -0.77334376, -0.98672772, ..., -0.06583387,
         -0.12843504,  0.        ]],

       [[ 0.        ,  0.14064427, -0.18838584, ..., -0.92127148,
         -0.99673699, -0.77585815],
        [-0.14064427,  0.        , -0.32463937, ..., -0.96681361,
         -0.97547711, -0.85687978],
        [ 0.18838584,  0.32463937,  0.        , ..., -0.83150916,
         -0.99409661, -0.64311247],
        ...,
        [ 0.92127148,  0.96681361,  0.83150916, ...,  0.        ,
         -0.46201413,  0.27949014],
        [ 0.99673699,  0.97547711,  0.99409661, ...,  0.46201413,
          0.        ,  0.69147434],
        [ 0.77585815,  0.85687978,  0.64311247, ..., -0.27949014,
         -0.69147434,  0.        ]],

       [[ 0.        ,  0.4913402 ,  0.63440748, ...,  0.71752258,
          0.76303596,  0.71519523],
        [-0.4913402 ,  0.        ,  0.17274306, ...,  0.96717479,
          0.98216041,  0.96632179],
        [-0.63440748, -0.17274306,  0.        , ...,  0.99653126,
          0.99987899,  0.99624814],
        ...,
        [-0.71752258, -0.96717479, -0.99653126, ...,  0.        ,
         -0.06770639,  0.00333559],
        [-0.76303596, -0.98216041, -0.99987899, ...,  0.06770639,
          0.        ,  0.07103395],
        [-0.71519523, -0.96632179, -0.99624814, ..., -0.00333559,
         -0.07103395,  0.        ]],

       ...,

       [[ 0.        ,  0.81543207,  0.94589308, ...,  0.83266848,
          0.8077155 ,  0.78168369],
        [-0.81543207,  0.        ,  0.28294268, ...,  0.03042918,
         -0.01320793, -0.05608489],
        [-0.94589308, -0.28294268,  0.        , ..., -0.25362591,
         -0.29558621, -0.33629041],
        ...,
        [-0.83266848, -0.03042918,  0.25362591, ...,  0.        ,
         -0.04362834, -0.0864402 ],
        [-0.8077155 ,  0.01320793,  0.29558621, ...,  0.04362834,
          0.        , -0.04289286],
        [-0.78168369,  0.05608489,  0.33629041, ...,  0.0864402 ,
          0.04289286,  0.        ]],

       [[ 0.        , -0.08341957, -0.29532171, ...,  0.31537163,
          0.29162296,  0.2636169 ],
        [ 0.08341957,  0.        , -0.2145935 , ...,  0.39343493,
          0.37040011,  0.34316687],
        [ 0.29532171,  0.2145935 ,  0.        , ...,  0.58155631,
          0.56110102,  0.53673446],
        ...,
        [-0.31537163, -0.39343493, -0.58155631, ...,  0.        ,
         -0.02492256, -0.05405207],
        [-0.29162296, -0.37040011, -0.56110102, ...,  0.02492256,
          0.        , -0.02914916],
        [-0.2636169 , -0.34316687, -0.53673446, ...,  0.05405207,
          0.02914916,  0.        ]],

       [[ 0.        , -0.20305584,  0.07114434, ...,  0.57258446,
          0.48776341,  0.20305584],
        [ 0.20305584,  0.        ,  0.2722035 , ...,  0.39418143,
          0.30033906,  0.        ],
        [-0.07114434, -0.2722035 ,  0.        , ...,  0.62946093,
          0.54863472,  0.2722035 ],
        ...,
        [-0.57258446, -0.39418143, -0.62946093, ...,  0.        ,
          0.09996166,  0.39418143],
        [-0.48776341, -0.30033906, -0.54863472, ..., -0.09996166,
          0.        ,  0.30033906],
        [-0.20305584, -0.        , -0.2722035 , ..., -0.39418143,
         -0.30033906,  0.        ]]]), 'num': array([ 8.96609000e-01,  4.42818185e-01,  9.36616801e-06,  5.93190641e-04,
        5.99924487e-04,  5.85844627e-04,  1.23317539e-03, -9.18251766e-06,
        5.99924487e-04,  6.03413844e-04,  5.71601522e-04,  5.11576884e-07,
        6.22589849e-04,  5.84237839e-04])}
{'img': array([[[ 0.        ,  0.75115074,  0.84006635, ...,  0.84836501,
          0.77334376,  0.89901955],
        [-0.75115074,  0.        ,  0.1470666 , ...,  0.95769984,
          0.98672772,  0.92240571],
        [-0.84006635, -0.1470666 ,  0.        , ...,  0.90496516,
          0.95211744,  0.85557561],
        ...,
        [-0.84836501, -0.95769984, -0.90496516, ...,  0.        ,
          0.12843504, -0.10444528],
        [-0.77334376, -0.98672772, -0.95211744, ..., -0.12843504,
          0.        , -0.23131284],
        [-0.89901955, -0.92240571, -0.85557561, ...,  0.10444528,
          0.23131284,  0.        ]],

       [[ 0.        , -0.32463937, -0.28837991, ..., -0.97547711,
         -0.85687978, -0.664327  ],
        [ 0.32463937,  0.        ,  0.03808677, ..., -0.99409661,
         -0.64311247, -0.38569653],
        [ 0.28837991, -0.03808677,  0.        , ..., -0.99750769,
         -0.67181162, -0.42055651],
        ...,
        [ 0.97547711,  0.99409661,  0.99750769, ...,  0.        ,
          0.69147434,  0.87533158],
        [ 0.85687978,  0.64311247,  0.67181162, ..., -0.69147434,
          0.        ,  0.29799659],
        [ 0.664327  ,  0.38569653,  0.42055651, ..., -0.87533158,
         -0.29799659,  0.        ]],

       [[ 0.        ,  0.44551478,  0.70022644, ...,  0.78304362,
          0.73491344,  0.72291946],
        [-0.44551478,  0.        ,  0.30883266, ...,  0.97813445,
          0.96008004,  0.95503197],
        [-0.70022644, -0.30883266,  0.        , ...,  0.99454873,
          0.99953621,  0.99991632],
        ...,
        [-0.78304362, -0.97813445, -0.99454873, ...,  0.        ,
          0.07393782,  0.09139824],
        [-0.73491344, -0.96008004, -0.99953621, ..., -0.07393782,
          0.        ,  0.01751972],
        [-0.72291946, -0.95503197, -0.99991632, ..., -0.09139824,
         -0.01751972,  0.        ]],

       ...,

       [[ 0.        ,  0.28294268,  0.60594673, ..., -0.01320793,
         -0.05608489, -0.11382464],
        [-0.28294268,  0.        ,  0.35610344, ..., -0.29558621,
         -0.33629041, -0.3902772 ],
        [-0.60594673, -0.35610344,  0.        , ..., -0.61640085,
         -0.64960879, -0.69255669],
        ...,
        [ 0.01320793,  0.29558621,  0.61640085, ...,  0.        ,
         -0.04289286, -0.10069263],
        [ 0.05608489,  0.33629041,  0.64960879, ...,  0.04289286,
          0.        , -0.0579251 ],
        [ 0.11382464,  0.3902772 ,  0.69255669, ...,  0.10069263,
          0.0579251 ,  0.        ]],

       [[ 0.        , -0.2145935 , -0.4406767 , ...,  0.37040011,
          0.34316687,  0.27336065],
        [ 0.2145935 ,  0.        , -0.2377772 , ...,  0.56110102,
          0.53673446,  0.47341227],
        [ 0.4406767 ,  0.2377772 ,  0.        , ...,  0.74182793,
          0.72196556,  0.66927857],
        ...,
        [-0.37040011, -0.56110102, -0.74182793, ...,  0.        ,
         -0.02914916, -0.10237503],
        [-0.34316687, -0.53673446, -0.72196556, ...,  0.02914916,
          0.        , -0.07333552],
        [-0.27336065, -0.47341227, -0.66927857, ...,  0.10237503,
          0.07333552,  0.        ]],

       [[ 0.        ,  0.26831595,  0.43457851, ...,  0.44128406,
          0.33504889,  0.        ],
        [-0.26831595,  0.        ,  0.17698848, ...,  0.66588061,
          0.57557046,  0.26831595],
        [-0.43457851, -0.17698848,  0.        , ...,  0.78741202,
          0.7112166 ,  0.43457851],
        ...,
        [-0.44128406, -0.66588061, -0.78741202, ...,  0.        ,
          0.11511619,  0.44128406],
        [-0.33504889, -0.57557046, -0.7112166 , ..., -0.11511619,
          0.        ,  0.33504889],
        [-0.        , -0.26831595, -0.43457851, ..., -0.44128406,
         -0.33504889,  0.        ]]]), 'num': array([8.64322570e-01, 5.02934933e-01, 7.42069070e-06, 5.73631170e-04,
       5.79520607e-04, 5.71275395e-04, 5.57458776e-04, 2.94471853e-06,
       5.75162424e-04, 5.80462917e-04, 5.51045179e-04, 5.34886072e-07,
       5.98991352e-04, 5.61934482e-04])}
{'img': array([[[ 0.00000000e+00,  1.52156397e-01,  1.79625868e-02, ...,
          9.90258597e-01,  9.30458830e-01,  9.55230030e-01],
        [-1.52156397e-01,  0.00000000e+00, -1.34378410e-01, ...,
          9.57542121e-01,  8.63875401e-01,  8.99090119e-01],
        [-1.79625868e-02,  1.34378410e-01,  0.00000000e+00, ...,
          9.87597709e-01,  9.23727281e-01,  9.49761427e-01],
        ...,
        [-9.90258597e-01, -9.57542121e-01, -9.87597709e-01, ...,
          0.00000000e+00, -2.33269709e-01, -1.59975321e-01],
        [-9.30458830e-01, -8.63875401e-01, -9.23727281e-01, ...,
          2.33269709e-01,  0.00000000e+00,  7.47034981e-02],
        [-9.55230030e-01, -8.99090119e-01, -9.49761427e-01, ...,
