state_0,state_1,state_2,state_3,state_4,state_5,state_6,state_7,state_8,state_9,state_10,state_11,state_12,state_13,state_14,state_15,state_16,state_17,state_18,state_19,state_20,state_21,state_22,state_23,state_24,state_25,state_26,state_27,state_28,state_29,state_30,state_31,state_32,state_33,state_34,state_35,state_36,state_37,state_38,state_39,state_40,state_41,state_42,state_43,state_44,state_45,state_46,state_47,state_48,state_49,state_50,state_51,state_52,state_53,state_54,state_55,state_56,state_57,state_58,state_59,state_60,state_61,state_62,state_63,state_64,state_65,state_66,state_67,state_68,state_69,state_70,state_71,state_72,state_73,state_74,state_75,state_76,state_77,state_78,state_79,state_80,state_81,state_82,state_83,state_84,state_85,state_86,state_87,state_88,state_89,state_90,state_91,state_92,state_93,state_94,state_95,state_96,state_97,state_98,state_99,state_100,state_101,state_102,state_103,state_104,state_105,state_106,state_107,state_108,state_109,state_110,state_111,state_112,state_113,state_114,state_115,state_116,state_117,state_118,state_119,state_120,state_121,state_122,state_123,state_124,state_125,state_126,state_127,state_128,state_129,state_130,state_131,state_132,state_133,state_134,state_135,state_136,state_137,state_138,state_139,state_140,state_141,state_142,state_143,state_144,state_145,state_146,state_147,state_148,state_149,state_150,state_151,state_152,state_153,state_154,state_155,state_156,state_157,state_158,state_159,state_160,state_161,state_162,state_163,state_164,state_165,state_166,state_167,state_168,state_169,state_170,state_171,state_172,state_173,state_174,state_175,state_176,state_177,state_178,state_179,state_180,state_181,state_182,state_183,state_184,state_185,state_186,state_187,state_188,state_189,state_190,state_191,state_192,state_193,state_194,state_195,state_196,state_197,state_198,state_199,state_200,state_201,state_202,state_203,state_204,state_205,state_206,state_207,state_208,state_209,state_210,state_211,state_212,state_213,state_214,state_215,state_216,state_217,state_218,state_219,state_220,state_221,state_222,state_223,state_224,state_225,state_226,state_227,state_228,state_229,state_230,state_231,state_232,state_233,state_234,state_235,state_236,state_237,state_238,state_239,state_240,state_241,state_242,state_243,state_244,state_245,state_246,state_247,state_248,state_249,state_250,state_251,state_252,state_253,state_254,state_255,state_256,state_257,state_258,state_259,state_260,state_261,state_262,state_263,state_264,state_265,state_266,state_267,state_268,state_269,state_270,state_271,state_272,state_273,state_274,state_275,state_276,state_277,state_278,state_279,state_280,state_281,state_282,state_283,state_284,state_285,state_286,state_287
{'img': array([[[ 0.        ,  0.06387622,  0.        , ...,  0.98100264,
          0.99942895,  0.99535721],
        [-0.06387622,  0.        , -0.06387622, ...,  0.96660764,
          0.99522955,  0.99947259],
        [ 0.        ,  0.06387622,  0.        , ...,  0.98100264,
          0.99942895,  0.99535721],
        ...,
        [-0.98100264, -0.96660764, -0.98100264, ...,  0.        ,
          0.16073529,  0.287515  ],
        [-0.99942895, -0.99522955, -0.99942895, ..., -0.16073529,
          0.        ,  0.12982817],
        [-0.99535721, -0.99947259, -0.99535721, ..., -0.287515  ,
         -0.12982817,  0.        ]],

       [[ 0.        , -0.21741304, -0.55814342, ...,  0.47909853,
          0.33458597,  0.22788162],
        [ 0.21741304,  0.        , -0.36439519, ...,  0.65847507,
          0.53146506,  0.43412328],
        [ 0.55814342,  0.36439519,  0.        , ...,  0.88744597,
          0.80359582,  0.73254155],
        ...,
        [-0.47909853, -0.65847507, -0.88744597, ...,  0.        ,
         -0.15779924, -0.26646726],
        [-0.33458597, -0.53146506, -0.80359582, ...,  0.15779924,
          0.        , -0.1110349 ],
        [-0.22788162, -0.43412328, -0.73254155, ...,  0.26646726,
          0.1110349 ,  0.        ]],

       [[ 0.        ,  0.06211723,  0.11690347, ...,  0.9144831 ,
          0.9508827 ,  0.96429704],
        [-0.06211723,  0.        ,  0.05498641, ...,  0.93785123,
          0.96827489,  0.97888491],
        [-0.11690347, -0.05498641,  0.        , ...,  0.9555147 ,
          0.98055041,  0.98864385],
        ...,
        [-0.9144831 , -0.93785123, -0.9555147 , ...,  0.        ,
         -0.10167052, -0.14800166],
        [-0.9508827 , -0.96827489, -0.98055041, ...,  0.10167052,
          0.        , -0.0466839 ],
        [-0.96429704, -0.97888491, -0.98864385, ...,  0.14800166,
          0.0466839 ,  0.        ]],

       ...,

       [[ 0.        ,  0.0726841 ,  0.00410067, ..., -0.96159677,
         -0.70475588, -0.66249954],
        [-0.0726841 ,  0.        , -0.06859367, ..., -0.97900268,
         -0.75445754, -0.71519216],
        [-0.00410067,  0.06859367,  0.        , ..., -0.96271418,
         -0.70765917, -0.66556563],
        ...,
        [ 0.96159677,  0.97900268,  0.96271418, ...,  0.        ,
          0.48877312,  0.53846224],
        [ 0.70475588,  0.75445754,  0.70765917, ..., -0.48877312,
          0.        ,  0.05789584],
        [ 0.66249954,  0.71519216,  0.66556563, ..., -0.53846224,
         -0.05789584,  0.        ]],

       [[ 0.        ,  0.18564484,  0.16747467, ...,  0.61385911,
          0.67844754,  0.69136016],
        [-0.18564484,  0.        , -0.01845942, ...,  0.74973928,
          0.8030378 ,  0.81347249],
        [-0.16747467,  0.01845942,  0.        , ...,  0.73739631,
          0.79190048,  0.80259782],
        ...,
        [-0.61385911, -0.74973928, -0.73739631, ...,  0.        ,
         -0.08460618, -0.10225097],
        [-0.67844754, -0.8030378 , -0.79190048, ...,  0.08460618,
          0.        , -0.01772161],
        [-0.69136016, -0.81347249, -0.80259782, ...,  0.10225097,
          0.01772161,  0.        ]],

       [[ 0.        , -0.00598088,  0.04662331, ...,  0.93693818,
          0.79451815,  0.60311316],
        [ 0.00598088,  0.        ,  0.05259685, ...,  0.93483113,
          0.7908721 ,  0.59833169],
        [-0.04662331, -0.05259685,  0.        , ...,  0.95221392,
          0.8219657 ,  0.63964665],
        ...,
        [-0.93693818, -0.93483113, -0.95221392, ...,  0.        ,
          0.29126649,  0.5365689 ],
        [-0.79451815, -0.7908721 , -0.8219657 , ..., -0.29126649,
          0.        ,  0.26751719],
        [-0.60311316, -0.59833169, -0.63964665, ..., -0.5365689 ,
         -0.26751719,  0.        ]]]), 'num': array([ 9.98633881e-01,  5.22511608e-02,  8.56454923e-06,  9.21412413e-05,
        9.30584845e-05,  9.13907697e-05,  3.48124619e-04, -1.66771478e-07,
        9.10739039e-05,  9.38548183e-05,  8.45281234e-05,  3.49056581e-08,
        9.76608909e-05,  9.00487457e-05])}
{'img': array([[[ 0.        , -0.06387622, -0.19660151, ...,  0.99522955,
          0.99947259,  0.99991442],
        [ 0.06387622,  0.        , -0.13357044, ...,  0.99942895,
          0.99535721,  0.99703677],
        [ 0.19660151,  0.13357044,  0.        , ...,  0.99498676,
          0.97358201,  0.97782753],
        ...,
        [-0.99522955, -0.99942895, -0.99498676, ...,  0.        ,
          0.12982817,  0.11057266],
        [-0.99947259, -0.99535721, -0.97358201, ..., -0.12982817,
          0.        , -0.01939524],
        [-0.99991442, -0.99703677, -0.97782753, ..., -0.11057266,
          0.01939524,  0.        ]],

       [[ 0.        , -0.36439519, -0.03205069, ...,  0.53146506,
          0.43412328,  0.23090264],
        [ 0.36439519,  0.        ,  0.33436096, ...,  0.80359582,
          0.73254155,  0.56957488],
        [ 0.03205069, -0.33436096,  0.        , ...,  0.55834152,
          0.46277322,  0.26196859],
        ...,
        [-0.53146506, -0.80359582, -0.55834152, ...,  0.        ,
         -0.1110349 , -0.32151015],
        [-0.43412328, -0.73254155, -0.46277322, ...,  0.1110349 ,
          0.        , -0.21438246],
        [-0.23090264, -0.56957488, -0.26196859, ...,  0.32151015,
          0.21438246,  0.        ]],

       [[ 0.        ,  0.05498641,  0.09581452, ...,  0.96827489,
          0.97888491,  0.98615739],
        [-0.05498641,  0.        ,  0.04093614, ...,  0.98055041,
          0.98864385,  0.99378284],
        [-0.09581452, -0.04093614,  0.        , ...,  0.9877629 ,
          0.99396692,  0.99750747],
        ...,
        [-0.96827489, -0.98055041, -0.9877629 , ...,  0.        ,
         -0.0466839 , -0.08587677],
        [-0.97888491, -0.98864385, -0.99396692, ...,  0.0466839 ,
          0.        , -0.03927171],
        [-0.98615739, -0.99378284, -0.99750747, ...,  0.08587677,
          0.03927171,  0.        ]],

       ...,

       [[ 0.        , -0.06859367, -0.13391229, ..., -0.75445754,
         -0.71519216, -0.63730367],
        [ 0.06859367,  0.        , -0.06562103, ..., -0.70765917,
         -0.66556563, -0.58294346],
        [ 0.13391229,  0.06562103,  0.        , ..., -0.6597691 ,
         -0.61515553, -0.52836907],
        ...,
        [ 0.75445754,  0.70765917,  0.6597691 , ...,  0.        ,
          0.05789584,  0.16310107],
        [ 0.71519216,  0.66556563,  0.61515553, ..., -0.05789584,
          0.        ,  0.10570691],
        [ 0.63730367,  0.58294346,  0.52836907, ..., -0.16310107,
         -0.10570691,  0.        ]],

       [[ 0.        , -0.02598064, -0.01991756, ...,  0.77481783,
          0.7859241 ,  0.79467404],
        [ 0.02598064,  0.        ,  0.00606465, ...,  0.75813173,
          0.76959438,  0.77863459],
        [ 0.01991756, -0.00606465,  0.        , ...,  0.76207255,
          0.77345271,  0.78242571],
        ...,
        [-0.77481783, -0.75813173, -0.76207255, ...,  0.        ,
         -0.01776141, -0.03203804],
        [-0.7859241 , -0.76959438, -0.77345271, ...,  0.01776141,
          0.        , -0.01428069],
        [-0.79467404, -0.77863459, -0.78242571, ...,  0.03203804,
          0.01428069,  0.        ]],

       [[ 0.        ,  0.05259685,  0.0581833 , ...,  0.7908721 ,
          0.59833169,  0.74929463],
        [-0.05259685,  0.        ,  0.00559502, ...,  0.8219657 ,
          0.63964665,  0.78308905],
        [-0.0581833 , -0.00559502,  0.        , ...,  0.8251394 ,
          0.64393735,  0.78655639],
        ...,
        [-0.7908721 , -0.8219657 , -0.8251394 , ...,  0.        ,
          0.26751719,  0.06519017],
        [-0.59833169, -0.63964665, -0.64393735, ..., -0.26751719,
          0.        , -0.20413396],
        [-0.74929463, -0.78308905, -0.78655639, ..., -0.06519017,
          0.20413396,  0.        ]]]), 'num': array([7.07064371e-01, 7.07064371e-01, 0.00000000e+00, 1.54771533e-03,
       1.55176341e-03, 1.48429543e-03, 1.00949496e-02, 5.66730984e-05,
       1.49131210e-03, 1.51850170e-03, 1.37301826e-03, 7.18207468e-07,
       1.57953259e-03, 1.45747081e-03])}
{'img': array([[[ 0.        , -0.13357044, -0.56210237, ...,  0.99535721,
          0.99703677,  0.81080848],
        [ 0.13357044,  0.        , -0.44659376, ...,  0.97358201,
          0.97782753,  0.72536276],
        [ 0.56210237,  0.44659376,  0.        , ...,  0.76912552,
          0.7813763 ,  0.34158847],
        ...,
        [-0.99535721, -0.97358201, -0.76912552, ...,  0.        ,
         -0.01939524,  0.50455391],
        [-0.99703677, -0.97782753, -0.7813763 , ...,  0.01939524,
          0.        ,  0.52120447],
        [-0.81080848, -0.72536276, -0.34158847, ..., -0.50455391,
         -0.52120447,  0.        ]],

       [[ 0.        ,  0.33436096,  0.63356012, ...,  0.73254155,
          0.56957488,  0.84770399],
        [-0.33436096,  0.        ,  0.33840273, ...,  0.46277322,
          0.26196859,  0.62154616],
        [-0.63356012, -0.33840273,  0.        , ...,  0.1354841 ,
         -0.08007169,  0.3197787 ],
        ...,
        [-0.73254155, -0.46277322, -0.1354841 , ...,  0.        ,
         -0.21438246,  0.18846005],
        [-0.56957488, -0.26196859,  0.08007169, ...,  0.21438246,
          0.        ,  0.39461923],
        [-0.84770399, -0.62154616, -0.3197787 , ..., -0.18846005,
         -0.39461923,  0.        ]],

       [[ 0.        ,  0.04093614, -0.0267732 , ...,  0.98864385,
          0.99378284,  0.97037519],
        [-0.04093614,  0.        , -0.06767222, ...,  0.99396692,
          0.99750747,  0.97945208],
        [ 0.0267732 ,  0.06767222,  0.        , ...,  0.98426605,
          0.99044578,  0.96355885],
        ...,
        [-0.98864385, -0.99396692, -0.98426605, ...,  0.        ,
         -0.03927171,  0.09303372],
        [-0.99378284, -0.99750747, -0.99044578, ...,  0.03927171,
          0.        ,  0.13206333],
        [-0.97037519, -0.97945208, -0.96355885, ..., -0.09303372,
         -0.13206333,  0.        ]],

       ...,

       [[ 0.        , -0.06562103, -0.51711778, ..., -0.66556563,
         -0.58294346, -0.09897534],
        [ 0.06562103,  0.        , -0.45983721, ..., -0.61515553,
         -0.52836907, -0.03346318],
        [ 0.51711778,  0.45983721,  0.        , ..., -0.18372177,
         -0.07878484,  0.42986427],
        ...,
        [ 0.66556563,  0.61515553,  0.18372177, ...,  0.        ,
          0.10570691,  0.58842844],
        [ 0.58294346,  0.52836907,  0.07878484, ..., -0.10570691,
          0.        ,  0.49966242],
        [ 0.09897534,  0.03346318, -0.42986427, ..., -0.58842844,
         -0.49966242,  0.        ]],

       [[ 0.        ,  0.00606465, -0.01141905, ...,  0.76959438,
          0.77863459,  0.78230026],
        [-0.00606465,  0.        , -0.01748309, ...,  0.77345271,
          0.78242571,  0.78606355],
        [ 0.01141905,  0.01748309,  0.        , ...,  0.76225276,
          0.77141863,  0.77513631],
        ...,
        [-0.76959438, -0.77345271, -0.76225276, ...,  0.        ,
         -0.01428069, -0.02014308],
        [-0.77863459, -0.78242571, -0.77141863, ...,  0.01428069,
          0.        , -0.00586323],
        [-0.78230026, -0.78606355, -0.77513631, ...,  0.02014308,
          0.00586323,  0.        ]],

       [[ 0.        ,  0.00559502, -0.02038129, ...,  0.63964665,
          0.78308905,  0.77696909],
        [-0.00559502,  0.        , -0.02597483, ...,  0.64393735,
          0.78655639,  0.78047921],
        [ 0.02038129,  0.02597483,  0.        , ...,  0.62384731,
          0.77025106,  0.76397689],
        ...,
        [-0.63964665, -0.64393735, -0.62384731, ...,  0.        ,
         -0.20413396, -0.19454978],
        [-0.78308905, -0.78655639, -0.77025106, ...,  0.20413396,
          0.        ,  0.00978036],
        [-0.77696909, -0.78047921, -0.76397689, ...,  0.19454978,
         -0.00978036,  0.        ]]]), 'num': array([ 7.07032597e-01,  7.07032597e-01,  0.00000000e+00,  1.54629648e-03,
        1.57733036e-03,  1.54494718e-03,  1.38358723e-02, -1.34929885e-06,
        1.51067499e-03,  1.51944543e-03,  1.37821882e-03,  6.59919088e-07,
        1.58160639e-03,  1.45728448e-03])}
{'img': array([[[ 0.        , -0.44659376, -0.44659376, ...,  0.97782753,
          0.72536276,  0.73991574],
        [ 0.44659376,  0.        ,  0.        , ...,  0.7813763 ,
          0.34158847,  0.36160646],
        [ 0.44659376,  0.        ,  0.        , ...,  0.7813763 ,
          0.34158847,  0.36160646],
        ...,
        [-0.97782753, -0.7813763 , -0.7813763 , ...,  0.        ,
          0.52120447,  0.50283704],
        [-0.72536276, -0.34158847, -0.34158847, ..., -0.52120447,
          0.        , -0.02138223],
        [-0.73991574, -0.36160646, -0.36160646, ..., -0.50283704,
          0.02138223,  0.        ]],

       [[ 0.        ,  0.35150842,  0.09209261, ...,  0.27370056,
          0.63582088,  0.81928657],
        [-0.35150842,  0.        , -0.26379897, ..., -0.08185177,
          0.32393872,  0.56545417],
        [-0.09209261,  0.26379897,  0.        , ...,  0.18396141,
          0.56203848,  0.76300051],
        ...,
        [-0.27370056,  0.08185177, -0.18396141, ...,  0.        ,
          0.40028991,  0.63106647],
        [-0.63582088, -0.32393872, -0.56203848, ..., -0.40028991,
          0.        ,  0.2677857 ],
        [-0.81928657, -0.56545417, -0.76300051, ..., -0.63106647,
         -0.2677857 ,  0.        ]],

       [[ 0.        , -0.06767222, -0.15335475, ...,  0.99750747,
          0.97945208,  0.93142193],
        [ 0.06767222,  0.        , -0.08613147, ...,  0.99044578,
          0.96355885,  0.90465804],
        [ 0.15335475,  0.08613147,  0.        , ...,  0.9748873 ,
          0.9369382 ,  0.86459222],
        ...,
        [-0.99750747, -0.99044578, -0.9748873 , ...,  0.        ,
          0.13206333,  0.29731207],
        [-0.97945208, -0.96355885, -0.9369382 , ..., -0.13206333,
          0.        ,  0.16861653],
        [-0.93142193, -0.90465804, -0.86459222, ..., -0.29731207,
         -0.16861653,  0.        ]],

       ...,

       [[ 0.        , -0.45983721, -0.54220726, ..., -0.52836907,
         -0.03346318, -0.20887653],
        [ 0.45983721,  0.        , -0.09510598, ..., -0.07878484,
          0.42986427,  0.2642111 ],
        [ 0.54220726,  0.09510598,  0.        , ...,  0.01638263,
          0.51378633,  0.35473984],
        ...,
        [ 0.52836907,  0.07878484, -0.01638263, ...,  0.        ,
          0.49966242,  0.33937505],
        [ 0.03346318, -0.42986427, -0.51378633, ..., -0.49966242,
          0.        , -0.1760345 ],
        [ 0.20887653, -0.2642111 , -0.35473984, ..., -0.33937505,
          0.1760345 ,  0.        ]],

       [[ 0.        , -0.01748309, -0.03892917, ...,  0.78242571,
          0.78606355,  0.77655498],
        [ 0.01748309,  0.        , -0.02145338, ...,  0.77141863,
          0.77513631,  0.76542108],
        [ 0.03892917,  0.02145338,  0.        , ...,  0.7575897 ,
          0.76140379,  0.75143903],
        ...,
        [-0.78242571, -0.77141863, -0.7575897 , ...,  0.        ,
         -0.00586323,  0.00937201],
        [-0.78606355, -0.77513631, -0.76140379, ...,  0.00586323,
          0.        ,  0.01523483],
        [-0.77655498, -0.76542108, -0.75143903, ..., -0.00937201,
         -0.01523483,  0.        ]],

       [[ 0.        , -0.02597483, -0.04975032, ...,  0.78655639,
          0.78047921,  0.78305954],
        [ 0.02597483,  0.        , -0.02379088, ...,  0.77025106,
          0.76397689,  0.76664037],
        [ 0.04975032,  0.02379088,  0.        , ...,  0.75486064,
          0.74840974,  0.75114781],
        ...,
        [-0.78655639, -0.77025106, -0.75486064, ...,  0.        ,
          0.00978036,  0.00564246],
        [-0.78047921, -0.76397689, -0.74840974, ..., -0.00978036,
          0.        , -0.00413801],
        [-0.78305954, -0.76664037, -0.75114781, ..., -0.00564246,
          0.00413801,  0.        ]]]), 'num': array([ 7.90432815e-01,  6.12491967e-01,  1.55406854e-06,  1.72758105e-03,
        1.73663387e-03,  1.70645778e-03,  6.83106669e-03, -1.50880441e-06,
        1.70494898e-03,  1.69996992e-03,  1.54722863e-03,  7.21021575e-07,
        1.77046258e-03,  1.62947727e-03])}
{'img': array([[[ 0.        ,  0.        ,  0.34158847, ...,  0.34158847,
          0.36160646,  0.38042438],
        [ 0.        ,  0.        ,  0.34158847, ...,  0.34158847,
          0.36160646,  0.38042438],
        [-0.34158847, -0.34158847,  0.        , ...,  0.64208359,
          0.65832915,  0.67344684],
        ...,
        [-0.34158847, -0.34158847, -0.64208359, ...,  0.        ,
         -0.02138223, -0.04163658],
        [-0.36160646, -0.36160646, -0.65832915, ...,  0.02138223,
          0.        , -0.02026338],
        [-0.38042438, -0.38042438, -0.67344684, ...,  0.04163658,
          0.02026338,  0.        ]],

       [[ 0.        , -0.26379897, -0.04933651, ...,  0.32393872,
          0.56545417, -0.02811886],
        [ 0.26379897,  0.        ,  0.21588883, ...,  0.56203848,
          0.76300051,  0.23657184],
        [ 0.04933651, -0.21588883,  0.        , ...,  0.37022042,
          0.60545731,  0.02123238],
        ...,
        [-0.32393872, -0.56203848, -0.37022042, ...,  0.        ,
          0.2677857 , -0.35041326],
        [-0.56545417, -0.76300051, -0.60545731, ..., -0.2677857 ,
          0.        , -0.58842244],
        [ 0.02811886, -0.23657184, -0.02123238, ...,  0.35041326,
          0.58842244,  0.        ]],

       [[ 0.        , -0.08613147, -0.17866904, ...,  0.96355885,
          0.90465804,  0.83041561],
        [ 0.08613147,  0.        , -0.09325952, ...,  0.9369382 ,
          0.86459222,  0.77934193],
        [ 0.17866904,  0.09325952,  0.        , ...,  0.90026112,
          0.81396368,  0.71750912],
        ...,
        [-0.96355885, -0.9369382 , -0.90026112, ...,  0.        ,
          0.16861653,  0.31470825],
        [-0.90465804, -0.86459222, -0.81396368, ..., -0.16861653,
          0.        ,  0.15015331],
        [-0.83041561, -0.77934193, -0.71750912, ..., -0.31470825,
         -0.15015331,  0.        ]],

       ...,

       [[ 0.        , -0.09510598,  0.18962004, ...,  0.42986427,
          0.2642111 ,  0.21672087],
        [ 0.09510598,  0.        ,  0.28214104, ...,  0.51378633,
          0.35473984,  0.30858416],
        [-0.18962004, -0.28214104,  0.        , ...,  0.25085877,
          0.0765358 ,  0.02767557],
        ...,
        [-0.42986427, -0.51378633, -0.25085877, ...,  0.        ,
         -0.1760345 , -0.22397208],
        [-0.2642111 , -0.35473984, -0.0765358 , ...,  0.1760345 ,
          0.        , -0.04891209],
        [-0.21672087, -0.30858416, -0.02767557, ...,  0.22397208,
          0.04891209,  0.        ]],

       [[ 0.        , -0.02145338, -0.03807512, ...,  0.77513631,
          0.76542108,  0.75753375],
        [ 0.02145338,  0.        , -0.01662853, ...,  0.76140379,
          0.75143903,  0.74335472],
        [ 0.03807512,  0.01662853,  0.        , ...,  0.75051861,
          0.74036358,  0.73212916],
        ...,
        [-0.77513631, -0.76140379, -0.75051861, ...,  0.        ,
          0.01523483,  0.02740059],
        [-0.76542108, -0.75143903, -0.74036358, ..., -0.01523483,
          0.        ,  0.0121683 ],
        [-0.75753375, -0.74335472, -0.73212916, ..., -0.02740059,
         -0.0121683 ,  0.        ]],

       [[ 0.        , -0.02379088, -0.02863635, ...,  0.76397689,
          0.76664037,  0.76815046],
        [ 0.02379088,  0.        , -0.00484713, ...,  0.74840974,
          0.75114781,  0.75270047],
        [ 0.02863635,  0.00484713,  0.        , ...,  0.74518615,
          0.74793923,  0.74950045],
        ...,
        [-0.76397689, -0.74840974, -0.74518615, ...,  0.        ,
         -0.00413801, -0.00649316],
        [-0.76664037, -0.75114781, -0.74793923, ...,  0.00413801,
          0.        , -0.00235518],
        [-0.76815046, -0.75270047, -0.74950045, ...,  0.00649316,
          0.00235518,  0.        ]]]), 'num': array([7.79805858e-01, 6.25976610e-01, 1.33880982e-06, 1.70921386e-03,
       1.72408953e-03, 1.69731333e-03, 5.80296702e-03, 5.95026585e-06,
       1.69344566e-03, 1.67671054e-03, 1.53189594e-03, 8.16703156e-07,
       1.74721099e-03, 1.60621009e-03])}
{'img': array([[[ 0.        ,  0.34158847,  0.1727688 , ...,  0.36160646,
          0.38042438,  0.29696869],
        [-0.34158847,  0.        , -0.17407511, ...,  0.65832915,
          0.67344684,  0.60528437],
        [-0.1727688 ,  0.17407511,  0.        , ...,  0.51724644,
          0.53448238,  0.45747771],
        ...,
        [-0.36160646, -0.65832915, -0.51724644, ...,  0.        ,
         -0.02026338,  0.06842032],
        [-0.38042438, -0.67344684, -0.53448238, ...,  0.02026338,
          0.        ,  0.08862216],
        [-0.29696869, -0.60528437, -0.45747771, ..., -0.06842032,
         -0.08862216,  0.        ]],

       [[ 0.        ,  0.21588883, -0.11682624, ...,  0.76300051,
          0.23657184,  0.13957932],
        [-0.21588883,  0.        , -0.32848174, ...,  0.60545731,
          0.02123238, -0.07748771],
        [ 0.11682624,  0.32848174,  0.        , ...,  0.833292  ,
          0.34846189,  0.25430615],
        ...,
        [-0.76300051, -0.60545731, -0.833292  , ...,  0.        ,
         -0.58842244, -0.66530764],
        [-0.23657184, -0.02123238, -0.34846189, ...,  0.58842244,
          0.        , -0.09863879],
        [-0.13957932,  0.07748771, -0.25430615, ...,  0.66530764,
          0.09863879,  0.        ]],

       [[ 0.        , -0.09325952, -0.24069596, ...,  0.86459222,
          0.77934193,  0.66747792],
        [ 0.09325952,  0.        , -0.14912922, ...,  0.81396368,
          0.71750912,  0.59512514],
        [ 0.24069596,  0.14912922,  0.        , ...,  0.71823019,
          0.60560991,  0.46862511],
        ...,
        [-0.86459222, -0.81396368, -0.71823019, ...,  0.        ,
          0.15015331,  0.30841053],
        [-0.77934193, -0.71750912, -0.60560991, ..., -0.15015331,
          0.        ,  0.16208015],
        [-0.66747792, -0.59512514, -0.46862511, ..., -0.30841053,
         -0.16208015,  0.        ]],

       ...,

       [[ 0.        ,  0.28214104,  0.20456071, ...,  0.35473984,
          0.30858416,  0.56857702],
        [-0.28214104,  0.        , -0.07992483, ...,  0.0765358 ,
          0.02767557,  0.31337972],
        [-0.20456071,  0.07992483,  0.        , ...,  0.15598135,
          0.10748125,  0.38827603],
        ...,
        [-0.35473984, -0.0765358 , -0.15598135, ...,  0.        ,
         -0.04891209,  0.23977999],
        [-0.30858416, -0.02767557, -0.10748125, ...,  0.04891209,
          0.        ,  0.28697818],
        [-0.56857702, -0.31337972, -0.38827603, ..., -0.23977999,
         -0.28697818,  0.        ]],

       [[ 0.        , -0.01662853, -0.03235963, ...,  0.75143903,
          0.74335472,  0.73592218],
        [ 0.01662853,  0.        , -0.01573534, ...,  0.74036358,
          0.73212916,  0.72456181],
        [ 0.03235963,  0.01573534,  0.        , ...,  0.72969452,
          0.72132014,  0.71362716],
        ...,
        [-0.75143903, -0.74036358, -0.72969452, ...,  0.        ,
          0.0121683 ,  0.02321059],
        [-0.74335472, -0.73212916, -0.72132014, ..., -0.0121683 ,
          0.        ,  0.01104386],
        [-0.73592218, -0.72456181, -0.71362716, ..., -0.02321059,
         -0.01104386,  0.        ]],

       [[ 0.        , -0.00484713, -0.02117795, ...,  0.75114781,
          0.75270047,  0.75912545],
        [ 0.00484713,  0.        , -0.01633166, ...,  0.74793923,
          0.74950045,  0.75596132],
        [ 0.02117795,  0.01633166,  0.        , ...,  0.73699906,
          0.73858887,  0.74516953],
        ...,
        [-0.75114781, -0.74793923, -0.73699906, ...,  0.        ,
         -0.00235518, -0.01216913],
        [-0.75270047, -0.74950045, -0.73858887, ...,  0.00235518,
          0.        , -0.00981409],
        [-0.75912545, -0.75596132, -0.74516953, ...,  0.01216913,
          0.00981409,  0.        ]]]), 'num': array([ 7.68710188e-01,  6.39356174e-01,  1.16535147e-06,  1.63739257e-03,
        1.69492258e-03,  1.63296719e-03,  1.69317308e-02, -5.75300094e-05,
        1.68076135e-03,  1.65966701e-03,  1.52452066e-03,  7.47576407e-07,
        1.72845230e-03,  1.59088173e-03])}
{'img': array([[[ 0.        , -0.20216331, -0.02441106, ...,  0.65750539,
          0.5880065 ,  0.92306643],
        [ 0.20216331,  0.        ,  0.17819605, ...,  0.49160919,
          0.4123442 ,  0.82624658],
        [ 0.02441106, -0.17819605,  0.        , ...,  0.63891695,
          0.56808624,  0.91340187],
        ...,
        [-0.65750539, -0.49160919, -0.63891695, ...,  0.        ,
          0.08879391, -0.442581  ],
        [-0.5880065 , -0.4123442 , -0.56808624, ..., -0.08879391,
          0.        , -0.52045685],
        [-0.92306643, -0.82624658, -0.91340187, ...,  0.442581  ,
          0.52045685,  0.        ]],

       [[ 0.        , -0.32848174, -0.36680807, ...,  0.02123238,
         -0.07748771,  0.69034719],
        [ 0.32848174,  0.        , -0.04086855, ...,  0.34846189,
          0.25430615,  0.88968943],
        [ 0.36680807,  0.04086855,  0.        , ...,  0.3864778 ,
          0.29361863,  0.90760533],
        ...,
        [-0.02123238, -0.34846189, -0.3864778 , ...,  0.        ,
         -0.09863879,  0.67483039],
        [ 0.07748771, -0.25430615, -0.29361863, ...,  0.09863879,
          0.        ,  0.7443322 ],
        [-0.69034719, -0.88968943, -0.90760533, ..., -0.67483039,
         -0.7443322 ,  0.        ]],

       [[ 0.        , -0.14912922, -0.2941275 , ...,  0.71750912,
          0.59512514,  0.57515838],
        [ 0.14912922,  0.        , -0.14830581, ...,  0.60560991,
          0.46862511,  0.44673282],
        [ 0.2941275 ,  0.14830581,  0.        , ...,  0.48089672,
          0.33242991,  0.30910826],
        ...,
        [-0.71750912, -0.60560991, -0.48089672, ...,  0.        ,
          0.16208015,  0.1863266 ],
        [-0.59512514, -0.46862511, -0.33242991, ..., -0.16208015,
          0.        ,  0.02462113],
        [-0.57515838, -0.44673282, -0.30910826, ..., -0.1863266 ,
         -0.02462113,  0.        ]],

       ...,

       [[ 0.        , -0.07992483,  0.3169558 , ...,  0.02767557,
          0.31337972,  0.1505164 ],
        [ 0.07992483,  0.        ,  0.39174576, ...,  0.10748125,
          0.38827603,  0.22904917],
        [-0.3169558 , -0.39174576,  0.        , ..., -0.29058576,
         -0.00376811, -0.17058906],
        ...,
        [-0.02767557, -0.10748125,  0.29058576, ...,  0.        ,
          0.28697818,  0.12309847],
        [-0.31337972, -0.38827603,  0.00376811, ..., -0.28697818,
          0.        , -0.16687497],
        [-0.1505164 , -0.22904917,  0.17058906, ..., -0.12309847,
          0.16687497,  0.        ]],

       [[ 0.        , -0.01573534, -0.063731  , ...,  0.73212916,
          0.72456181,  0.7432016 ],
        [ 0.01573534,  0.        , -0.04801976, ...,  0.72132014,
          0.71362716,  0.73258158],
        [ 0.063731  ,  0.04801976,  0.        , ...,  0.68722944,
          0.67916483,  0.69905041],
        ...,
        [-0.73212916, -0.72132014, -0.68722944, ...,  0.        ,
          0.01104386, -0.01639967],
        [-0.72456181, -0.71362716, -0.67916483, ..., -0.01104386,
          0.        , -0.02744104],
        [-0.7432016 , -0.73258158, -0.69905041, ...,  0.01639967,
          0.02744104,  0.        ]],

       [[ 0.        , -0.01633166, -0.02142127, ...,  0.74950045,
          0.75596132,  0.78760551],
        [ 0.01633166,  0.        , -0.0050905 , ...,  0.73858887,
          0.74516953,  0.77743723],
        [ 0.02142127,  0.0050905 ,  0.        , ...,  0.73514751,
          0.74176515,  0.77422543],
        ...,
        [-0.74950045, -0.73858887, -0.73514751, ...,  0.        ,
         -0.00981409, -0.05957081],
        [-0.75596132, -0.74516953, -0.74176515, ...,  0.00981409,
          0.        , -0.04977128],
        [-0.78760551, -0.77743723, -0.77422543, ...,  0.05957081,
          0.04977128,  0.        ]]]), 'num': array([7.33574552e-01, 6.79331182e-01, 4.77915159e-07, 1.59539325e-03,
       1.59539325e-03, 1.51808345e-03, 1.89192133e-02, 3.51408205e-05,
       1.59820452e-03, 1.58112608e-03, 1.45827377e-03, 6.99577625e-07,
       1.64629213e-03, 1.51596003e-03])}
{'img': array([[[ 0.00000000e+00,  1.78196048e-01, -1.22626995e-01, ...,
          4.12344196e-01,  8.26246580e-01,  6.28431962e-01],
        [-1.78196048e-01,  0.00000000e+00, -2.97515522e-01, ...,
          5.68086242e-01,  9.13401875e-01,  7.56986301e-01],
        [ 1.22626995e-01,  2.97515522e-01,  0.00000000e+00, ...,
          2.97515522e-01,  7.50933915e-01,  5.28301887e-01],
        ...,
        [-4.12344196e-01, -5.68086242e-01, -2.97515522e-01, ...,
          0.00000000e+00, -5.20456846e-01, -2.51771264e-01],
        [-8.26246580e-01, -9.13401875e-01, -7.50933915e-01, ...,
          5.20456846e-01,  0.00000000e+00,  2.88706795e-01],
        [-6.28431962e-01, -7.56986301e-01, -5.28301887e-01, ...,
          2.51771264e-01, -2.88706795e-01,  0.00000000e+00]],

       [[ 0.00000000e+00, -4.08685545e-02, -2.57270102e-01, ...,
          2.54306149e-01,  8.89689432e-01,  9.56024597e-01],
        [ 4.08685545e-02,  0.00000000e+00, -2.17562262e-01, ...,
          2.93618634e-01,  9.07605326e-01,  9.67212064e-01],
        [ 2.57270102e-01,  2.17562262e-01,  0.00000000e+00, ...,
          4.94558116e-01,  9.77202909e-01,  9.99298211e-01],
        ...,
        [-2.54306149e-01, -2.93618634e-01, -4.94558116e-01, ...,
          0.00000000e+00,  7.44332198e-01,  8.50009550e-01],
        [-8.89689432e-01, -9.07605326e-01, -9.77202909e-01, ...,
         -7.44332198e-01,  0.00000000e+00,  1.75554640e-01],
        [-9.56024597e-01, -9.67212064e-01, -9.99298211e-01, ...,
         -8.50009550e-01, -1.75554640e-01,  0.00000000e+00]],

       [[ 0.00000000e+00, -1.48305813e-01, -9.25051338e-02, ...,
          4.68625112e-01,  4.46732816e-01,  4.96504565e-01],
        [ 1.48305813e-01,  0.00000000e+00,  5.61877385e-02, ...,
          3.32429913e-01,  3.09108264e-01,  3.62279489e-01],
        [ 9.25051338e-02, -5.61877385e-02,  0.00000000e+00, ...,
          3.84896975e-01,  3.62055989e-01,  4.14078045e-01],
        ...,
        [-4.68625112e-01, -3.32429913e-01, -3.84896975e-01, ...,
          0.00000000e+00,  2.46211283e-02, -3.18281297e-02],
        [-4.46732816e-01, -3.09108264e-01, -3.62055989e-01, ...,
         -2.46211283e-02,  0.00000000e+00, -5.64271353e-02],
        [-4.96504565e-01, -3.62279489e-01, -4.14078045e-01, ...,
          3.18281297e-02,  5.64271353e-02,  0.00000000e+00]],

       ...,

       [[ 0.00000000e+00,  3.91745756e-01,  4.07914338e-02, ...,
          3.88276034e-01,  2.29049172e-01,  1.92044131e-01],
        [-3.91745756e-01,  0.00000000e+00, -3.53888582e-01, ...,
         -3.76811330e-03, -1.70589062e-01, -2.07759197e-01],
        [-4.07914338e-02,  3.53888582e-01,  0.00000000e+00, ...,
          3.50361800e-01,  1.89151543e-01,  1.51852135e-01],
        ...,
        [-3.88276034e-01,  3.76811330e-03, -3.50361800e-01, ...,
          0.00000000e+00, -1.66874970e-01, -2.04071829e-01],
        [-2.29049172e-01,  1.70589062e-01, -1.89151543e-01, ...,
          1.66874970e-01,  0.00000000e+00, -3.78471082e-02],
        [-1.92044131e-01,  2.07759197e-01, -1.51852135e-01, ...,
          2.04071829e-01,  3.78471082e-02,  0.00000000e+00]],

       [[ 0.00000000e+00, -4.80197573e-02, -1.25871929e-03, ...,
          7.13627156e-01,  7.32581577e-01,  7.35964032e-01],
        [ 4.80197573e-02,  0.00000000e+00,  4.67624521e-02, ...,
          6.79164831e-01,  6.99050408e-01,  7.02604647e-01],
        [ 1.25871929e-03, -4.67624521e-02,  0.00000000e+00, ...,
          7.12744826e-01,  7.31724212e-01,  7.35111270e-01],
        ...,
        [-7.13627156e-01, -6.79164831e-01, -7.12744826e-01, ...,
          0.00000000e+00, -2.74410417e-02, -3.24214205e-02],
        [-7.32581577e-01, -6.99050408e-01, -7.31724212e-01, ...,
          2.74410417e-02,  0.00000000e+00, -4.98259573e-03],
        [-7.35964032e-01, -7.02604647e-01, -7.35111270e-01, ...,
          3.24214205e-02,  4.98259573e-03,  0.00000000e+00]],

       [[ 0.00000000e+00, -5.09050009e-03, -1.54735313e-02, ...,
          7.45169530e-01,  7.77437226e-01,  7.77008828e-01],
        [ 5.09050009e-03,  0.00000000e+00, -1.03834401e-02, ...,
          7.41765148e-01,  7.74225429e-01,  7.73794344e-01],
        [ 1.54735313e-02,  1.03834401e-02,  0.00000000e+00, ...,
          7.34761405e-01,  7.67611909e-01,  7.67175375e-01],
        ...,
        [-7.45169530e-01, -7.41765148e-01, -7.34761405e-01, ...,
          0.00000000e+00, -4.97712822e-02, -4.90912807e-02],
        [-7.77437226e-01, -7.74225429e-01, -7.67611909e-01, ...,
          4.97712822e-02,  0.00000000e+00,  6.80833777e-04],
        [-7.77008828e-01, -7.73794344e-01, -7.67175375e-01, ...,
          4.90912807e-02, -6.80833777e-04,  0.00000000e+00]]]), 'num': array([ 7.24655269e-01,  6.89043684e-01,  3.19673115e-07,  1.54832979e-03,
        1.58863640e-03,  1.54832979e-03,  8.62154223e-03, -2.91875453e-05,
        1.57140184e-03,  1.56222862e-03,  1.44709997e-03,  6.17725827e-07,
        1.62686042e-03,  1.49759681e-03])}
{'img': array([[[ 0.00000000e+00, -2.97515522e-01,  1.08049674e-01, ...,
          9.13401875e-01,  7.56986301e-01,  8.95971642e-01],
        [ 2.97515522e-01,  0.00000000e+00,  3.98930575e-01, ...,
          7.50933915e-01,  5.28301887e-01,  7.23269346e-01],
        [-1.08049674e-01, -3.98930575e-01,  0.00000000e+00, ...,
          9.52036950e-01,  8.23157501e-01,  9.38712250e-01],
        ...,
        [-9.13401875e-01, -7.50933915e-01, -9.52036950e-01, ...,
          0.00000000e+00,  2.88706795e-01,  4.09387577e-02],
        [-7.56986301e-01, -5.28301887e-01, -8.23157501e-01, ...,
         -2.88706795e-01,  0.00000000e+00, -2.49269274e-01],
        [-8.95971642e-01, -7.23269346e-01, -9.38712250e-01, ...,
         -4.09387577e-02,  2.49269274e-01,  0.00000000e+00]],

       [[ 0.00000000e+00, -2.17562262e-01,  2.11021215e-01, ...,
          9.07605326e-01,  9.67212064e-01,  5.76040730e-01],
        [ 2.17562262e-01,  0.00000000e+00,  4.18629588e-01, ...,
          9.77202909e-01,  9.99298211e-01,  7.40082466e-01],
        [-2.11021215e-01, -4.18629588e-01,  0.00000000e+00, ...,
          7.98575532e-01,  8.91838797e-01,  3.90575976e-01],
        ...,
        [-9.07605326e-01, -9.77202909e-01, -7.98575532e-01, ...,
          0.00000000e+00,  1.75554640e-01, -5.00059660e-01],
        [-9.67212064e-01, -9.99298211e-01, -8.91838797e-01, ...,
         -1.75554640e-01,  0.00000000e+00, -6.44322309e-01],
        [-5.76040730e-01, -7.40082466e-01, -3.90575976e-01, ...,
          5.00059660e-01,  6.44322309e-01,  0.00000000e+00]],

       [[ 0.00000000e+00,  5.61877385e-02,  2.01624592e-01, ...,
          3.09108264e-01,  3.62279489e-01,  4.72153053e-01],
        [-5.61877385e-02,  0.00000000e+00,  1.46272266e-01, ...,
          3.62055989e-01,  4.14078045e-01,  5.20937579e-01],
        [-2.01624592e-01, -1.46272266e-01,  0.00000000e+00, ...,
          4.94510471e-01,  5.42767445e-01,  6.40191809e-01],
        ...,
        [-3.09108264e-01, -3.62055989e-01, -4.94510471e-01, ...,
          0.00000000e+00, -5.64271353e-02, -1.76546172e-01],
        [-3.62279489e-01, -4.14078045e-01, -5.42767445e-01, ...,
          5.64271353e-02,  0.00000000e+00, -1.20724086e-01],
        [-4.72153053e-01, -5.20937579e-01, -6.40191809e-01, ...,
          1.76546172e-01,  1.20724086e-01,  0.00000000e+00]],

       ...,

       [[ 0.00000000e+00, -3.53888582e-01, -1.98292429e-01, ...,
         -1.70589062e-01, -2.07759197e-01, -4.37017706e-01],
        [ 3.53888582e-01,  0.00000000e+00,  1.61400935e-01, ...,
          1.89151543e-01,  1.51852135e-01, -9.04311235e-02],
        [ 1.98292429e-01, -1.61400935e-01,  0.00000000e+00, ...,
          2.81842516e-02, -9.66801451e-03, -2.49985102e-01],
        ...,
        [ 1.70589062e-01, -1.89151543e-01, -2.81842516e-02, ...,
          0.00000000e+00, -3.78471082e-02, -2.77175187e-01],
        [ 2.07759197e-01, -1.51852135e-01,  9.66801451e-03, ...,
          3.78471082e-02,  0.00000000e+00, -2.40612367e-01],
        [ 4.37017706e-01,  9.04311235e-02,  2.49985102e-01, ...,
          2.77175187e-01,  2.40612367e-01,  0.00000000e+00]],

       [[ 0.00000000e+00,  4.67624521e-02,  5.98332180e-03, ...,
          6.99050408e-01,  7.02604647e-01,  7.07400092e-01],
        [-4.67624521e-02,  0.00000000e+00, -4.07848388e-02, ...,
          7.31724212e-01,  7.35111270e-01,  7.39678548e-01],
        [-5.98332180e-03,  4.07848388e-02,  0.00000000e+00, ...,
          7.03316403e-01,  7.06849685e-01,  7.11616521e-01],
        ...,
        [-6.99050408e-01, -7.31724212e-01, -7.03316403e-01, ...,
          0.00000000e+00, -4.98259573e-03, -1.17441159e-02],
        [-7.02604647e-01, -7.35111270e-01, -7.06849685e-01, ...,
          4.98259573e-03,  0.00000000e+00, -6.76171805e-03],
        [-7.07400092e-01, -7.39678548e-01, -7.11616521e-01, ...,
          1.17441159e-02,  6.76171805e-03,  0.00000000e+00]],

