state_0,state_1,state_2,state_3,state_4,state_5,state_6,state_7,state_8,state_9,state_10,state_11,state_12,state_13,state_14,state_15,state_16,state_17,state_18,state_19,state_20,state_21,state_22,state_23,state_24,state_25,state_26,state_27,state_28,state_29,state_30,state_31,state_32,state_33,state_34,state_35,state_36,state_37,state_38,state_39,state_40,state_41,state_42,state_43,state_44,state_45,state_46,state_47,state_48,state_49,state_50,state_51,state_52,state_53,state_54,state_55,state_56,state_57,state_58,state_59,state_60,state_61,state_62,state_63,state_64,state_65,state_66,state_67,state_68,state_69,state_70,state_71,state_72,state_73,state_74,state_75,state_76,state_77,state_78,state_79,state_80,state_81,state_82,state_83,state_84,state_85,state_86,state_87,state_88,state_89,state_90,state_91,state_92,state_93,state_94,state_95,state_96,state_97,state_98,state_99,state_100,state_101,state_102,state_103,state_104,state_105,state_106,state_107,state_108,state_109,state_110,state_111,state_112,state_113,state_114,state_115,state_116,state_117,state_118,state_119,state_120,state_121,state_122,state_123,state_124,state_125,state_126,state_127,state_128,state_129,state_130,state_131,state_132,state_133,state_134,state_135,state_136,state_137,state_138,state_139,state_140,state_141,state_142,state_143,state_144,state_145,state_146,state_147,state_148,state_149,state_150,state_151,state_152,state_153,state_154,state_155,state_156,state_157,state_158,state_159,state_160,state_161,state_162,state_163,state_164,state_165,state_166,state_167,state_168,state_169,state_170,state_171,state_172,state_173,state_174,state_175,state_176,state_177,state_178,state_179,state_180,state_181,state_182,state_183,state_184,state_185,state_186,state_187,state_188,state_189,state_190,state_191,state_192,state_193,state_194,state_195,state_196,state_197,state_198,state_199,state_200,state_201,state_202,state_203,state_204,state_205,state_206,state_207,state_208,state_209,state_210,state_211,state_212,state_213,state_214,state_215,state_216,state_217,state_218,state_219,state_220,state_221,state_222,state_223,state_224,state_225,state_226,state_227,state_228,state_229,state_230,state_231,state_232,state_233,state_234,state_235,state_236,state_237,state_238,state_239,state_240,state_241,state_242,state_243,state_244,state_245,state_246,state_247,state_248,state_249,state_250,state_251,state_252,state_253,state_254,state_255,state_256,state_257,state_258,state_259,state_260,state_261,state_262,state_263,state_264,state_265,state_266,state_267,state_268,state_269,state_270,state_271,state_272,state_273,state_274,state_275,state_276,state_277,state_278,state_279,state_280,state_281,state_282,state_283,state_284,state_285,state_286,state_287
{'img': array([[[ 0.        ,  0.55670174,  0.61844264, ...,  0.86809234,
          0.96799143,  0.96799143],
        [-0.55670174,  0.        ,  0.07627511, ...,  0.44478684,
          0.66439973,  0.66439973],
        [-0.61844264, -0.07627511,  0.        , ...,  0.37517632,
          0.60545791,  0.60545791],
        ...,
        [-0.86809234, -0.44478684, -0.37517632, ...,  0.        ,
          0.26263698,  0.26263698],
        [-0.96799143, -0.66439973, -0.60545791, ..., -0.26263698,
          0.        ,  0.        ],
        [-0.96799143, -0.66439973, -0.60545791, ..., -0.26263698,
          0.        ,  0.        ]],

       [[ 0.        ,  0.27315934,  0.16225099, ...,  0.17182005,
          0.14065376, -0.02093102],
        [-0.27315934,  0.        , -0.11345946, ..., -0.10381148,
         -0.13513929, -0.29323448],
        [-0.16225099,  0.11345946,  0.        , ...,  0.0097053 ,
         -0.021848  , -0.18286912],
        ...,
        [-0.17182005,  0.10381148, -0.0097053 , ...,  0.        ,
         -0.03154996, -0.19240215],
        [-0.14065376,  0.13513929,  0.021848  , ...,  0.03154996,
          0.        , -0.16134588],
        [ 0.02093102,  0.29323448,  0.18286912, ...,  0.19240215,
          0.16134588,  0.        ]],

       [[ 0.        ,  0.3913829 ,  0.51912084, ...,  0.86019129,
          0.89861091,  0.95148591],
        [-0.3913829 ,  0.        ,  0.14319419, ...,  0.59197791,
          0.65520899,  0.7551584 ],
        [-0.51912084, -0.14319419,  0.        , ...,  0.47046939,
          0.54028109,  0.65350633],
        ...,
        [-0.86019129, -0.59197791, -0.47046939, ...,  0.        ,
          0.0808601 ,  0.22055646],
        [-0.89861091, -0.65520899, -0.54028109, ..., -0.0808601 ,
          0.        ,  0.14096539],
        [-0.95148591, -0.7551584 , -0.65350633, ..., -0.22055646,
         -0.14096539,  0.        ]],

       ...,

       [[ 0.        ,  0.41727789,  0.53447606, ...,  0.99923927,
          0.95753018,  0.98772577],
        [-0.41727789,  0.        ,  0.13304415, ...,  0.89181446,
          0.99049828,  0.96280234],
        [-0.53447606, -0.13304415,  0.        , ...,  0.82369698,
          0.96339594,  0.91829371],
        ...,
        [-0.99923927, -0.89181446, -0.82369698, ...,  0.        ,
          0.32545583,  0.19459882],
        [-0.95753018, -0.99049828, -0.96339594, ..., -0.32545583,
          0.        , -0.13522974],
        [-0.98772577, -0.96280234, -0.91829371, ..., -0.19459882,
          0.13522974,  0.        ]],

       [[ 0.        , -0.06649098, -0.13986955, ..., -0.98107798,
         -0.99812703, -0.97661445],
        [ 0.06649098,  0.        , -0.07372266, ..., -0.9917804 ,
         -0.9918506 , -0.96015779],
        [ 0.13986955,  0.07372266,  0.        , ..., -0.99851449,
         -0.97975882, -0.93694257],
        ...,
        [ 0.98107798,  0.9917804 ,  0.99851449, ...,  0.        ,
          0.25326818,  0.40001525],
        [ 0.99812703,  0.9918506 ,  0.97975882, ..., -0.25326818,
          0.        ,  0.15485077],
        [ 0.97661445,  0.96015779,  0.93694257, ..., -0.40001525,
         -0.15485077,  0.        ]],

       [[ 0.        , -0.0975373 , -0.17065037, ...,  0.55501909,
          0.51216564,  0.51521445],
        [ 0.0975373 ,  0.        , -0.0737301 , ...,  0.63350788,
          0.59349705,  0.59635328],
        [ 0.17065037,  0.0737301 ,  0.        , ...,  0.68883127,
          0.65122234,  0.65391493],
        ...,
        [-0.55501909, -0.63350788, -0.68883127, ...,  0.        ,
         -0.05065987, -0.04711062],
        [-0.51216564, -0.59349705, -0.65122234, ...,  0.05065987,
          0.        ,  0.00355349],
        [-0.51521445, -0.59635328, -0.65391493, ...,  0.04711062,
         -0.00355349,  0.        ]]]), 'num': array([ 7.12218357e-01,  7.01714428e-01,  2.88173617e-07,  2.62598208e-03,
        2.63678860e-03,  2.60076689e-03,  1.69892756e-02, -3.60217021e-06,
        2.58275604e-03,  2.52638208e-03,  2.60274809e-03,  4.09206536e-06,
        2.65419112e-03,  2.39857304e-03])}
{'img': array([[[ 0.        ,  0.07627511, -0.08303332, ...,  0.66439973,
          0.66439973,  0.65412308],
        [-0.07627511,  0.        , -0.15880315, ...,  0.60545791,
          0.60545791,  0.59452391],
        [ 0.08303332,  0.15880315,  0.        , ...,  0.72416264,
          0.72416264,  0.71466966],
        ...,
        [-0.66439973, -0.60545791, -0.72416264, ...,  0.        ,
          0.        , -0.01366725],
        [-0.66439973, -0.60545791, -0.72416264, ...,  0.        ,
          0.        , -0.01366725],
        [-0.65412308, -0.59452391, -0.71466966, ...,  0.01366725,
          0.01366725,  0.        ]],

       [[ 0.        , -0.11345946,  0.08170462, ..., -0.13513929,
         -0.29323448, -0.44730968],
        [ 0.11345946,  0.        ,  0.19425714, ..., -0.021848  ,
         -0.18286912, -0.34294546],
        [-0.08170462, -0.19425714,  0.        , ..., -0.21564258,
         -0.37036701, -0.51888905],
        ...,
        [ 0.13513929,  0.021848  ,  0.21564258, ...,  0.        ,
         -0.16134588, -0.32234057],
        [ 0.29323448,  0.18286912,  0.37036701, ...,  0.16134588,
          0.        , -0.16538339],
        [ 0.44730968,  0.34294546,  0.51888905, ...,  0.32234057,
          0.16538339,  0.        ]],

       [[ 0.        ,  0.36309855,  0.48345191, ...,  0.86688031,
          0.93217118,  0.97284585],
        [-0.36309855,  0.        ,  0.13261077, ...,  0.62670582,
          0.73710305,  0.82240923],
        [-0.48345191, -0.13261077,  0.        , ...,  0.51783315,
          0.64097734,  0.73970408],
        ...,
        [-0.86688031, -0.62670582, -0.51783315, ...,  0.        ,
          0.15087644,  0.28433661],
        [-0.93217118, -0.73710305, -0.64097734, ..., -0.15087644,
          0.        ,  0.13643276],
        [-0.97284585, -0.82240923, -0.73970408, ..., -0.28433661,
         -0.13643276,  0.        ]],

       ...,

       [[ 0.        ,  0.13304415, -0.06485721, ...,  0.99049828,
          0.96280234,  0.83287186],
        [-0.13304415,  0.        , -0.19704467, ...,  0.96339594,
          0.91829371,  0.75183232],
        [ 0.06485721,  0.19704467,  0.        , ...,  0.99733233,
          0.97830006,  0.86701454],
        ...,
        [-0.99049828, -0.96339594, -0.99733233, ...,  0.        ,
         -0.13522974, -0.43366617],
        [-0.96280234, -0.91829371, -0.97830006, ...,  0.13522974,
          0.        , -0.30783068],
        [-0.83287186, -0.75183232, -0.86701454, ...,  0.43366617,
          0.30783068,  0.        ]],

       [[ 0.        , -0.07372266, -0.10633516, ..., -0.9918506 ,
         -0.96015779, -0.92571958],
        [ 0.07372266,  0.        , -0.03274113, ..., -0.97975882,
         -0.93694257, -0.8953178 ],
        [ 0.10633516,  0.03274113,  0.        , ..., -0.97267937,
         -0.92499777, -0.88025398],
        ...,
        [ 0.9918506 ,  0.97975882,  0.97267937, ...,  0.        ,
          0.15485077,  0.25718581],
        [ 0.96015779,  0.93694257,  0.92499777, ..., -0.15485077,
          0.        ,  0.10444171],
        [ 0.92571958,  0.8953178 ,  0.88025398, ..., -0.25718581,
         -0.10444171,  0.        ]],

       [[ 0.        , -0.0737301 , -0.18339146, ...,  0.59349705,
          0.59635328,  0.60700458],
        [ 0.0737301 ,  0.        , -0.11041267, ...,  0.65122234,
          0.65391493,  0.66394564],
        [ 0.18339146,  0.11041267,  0.        , ...,  0.7310314 ,
          0.73345149,  0.74245065],
        ...,
        [-0.59349705, -0.65122234, -0.7310314 , ...,  0.        ,
          0.00355349,  0.01688812],
        [-0.59635328, -0.65391493, -0.73345149, ..., -0.00355349,
          0.        ,  0.01333503],
        [-0.60700458, -0.66394564, -0.74245065, ..., -0.01688812,
         -0.01333503,  0.        ]]]), 'num': array([ 7.30367380e-01,  6.83039595e-01,  1.32016139e-06,  4.55074863e-04,
        4.72211573e-04,  4.51901398e-04,  4.32996433e-03, -7.61631569e-06,
        4.59136898e-04,  4.45903549e-04,  4.58957068e-04,  6.24928467e-07,
        4.68683546e-04,  4.23123553e-04])}
{'img': array([[[ 0.        , -0.15880315, -0.73921511, ...,  0.60545791,
          0.59452391,  0.4532168 ],
        [ 0.15880315,  0.        , -0.62288561, ...,  0.72416264,
          0.71466966,  0.58902277],
        [ 0.73921511,  0.62288561,  0.        , ...,  0.99608192,
          0.99478021,  0.96416423],
        ...,
        [-0.60545791, -0.72416264, -0.99608192, ...,  0.        ,
         -0.01366725, -0.17900041],
        [-0.59452391, -0.71466966, -0.99478021, ...,  0.01366725,
          0.        , -0.16553718],
        [-0.4532168 , -0.58902277, -0.96416423, ...,  0.17900041,
          0.16553718,  0.        ]],

       [[ 0.        ,  0.19425714,  0.09211006, ..., -0.18286912,
         -0.34294546, -0.05414327],
        [-0.19425714,  0.        , -0.10307589, ..., -0.37036701,
         -0.51888905, -0.24708407],
        [-0.09211006,  0.10307589,  0.        , ..., -0.27264854,
         -0.42801162, -0.14588804],
        ...,
        [ 0.18286912,  0.37036701,  0.27264854, ...,  0.        ,
         -0.16538339,  0.12937062],
        [ 0.34294546,  0.51888905,  0.42801162, ...,  0.16538339,
          0.        ,  0.29158266],
        [ 0.05414327,  0.24708407,  0.14588804, ..., -0.12937062,
         -0.29158266,  0.        ]],

       [[ 0.        ,  0.33665444,  0.39877065, ...,  0.91202336,
          0.96145521,  0.9842735 ],
        [-0.33665444,  0.        ,  0.06676453, ...,  0.72071211,
          0.81276636,  0.8673493 ],
        [-0.39877065, -0.06676453,  0.        , ...,  0.67282056,
          0.77205655,  0.83218533],
        ...,
        [-0.91202336, -0.72071211, -0.67282056, ...,  0.        ,
          0.14355815,  0.24257809],
        [-0.96145521, -0.81276636, -0.77205655, ..., -0.14355815,
          0.        ,  0.10079509],
        [-0.9842735 , -0.8673493 , -0.83218533, ..., -0.24257809,
         -0.10079509,  0.        ]],

       ...,

       [[ 0.        , -0.19704467, -0.25360687, ...,  0.91829371,
          0.75183232,  0.55721838],
        [ 0.19704467,  0.        , -0.05803202, ...,  0.97830006,
          0.86701454,  0.70991303],
        [ 0.25360687,  0.05803202,  0.        , ...,  0.98867519,
          0.89446974,  0.74958797],
        ...,
        [-0.91829371, -0.97830006, -0.98867519, ...,  0.        ,
         -0.30783068, -0.54191721],
        [-0.75183232, -0.86701454, -0.89446974, ...,  0.30783068,
          0.        , -0.25689163],
        [-0.55721838, -0.70991303, -0.74958797, ...,  0.54191721,
          0.25689163,  0.        ]],

       [[ 0.        , -0.03274113, -0.09906653, ..., -0.93694257,
         -0.8953178 , -0.87690161],
        [ 0.03274113,  0.        , -0.06643335, ..., -0.92499777,
         -0.88025398, -0.86069379],
        [ 0.09906653,  0.06643335,  0.        , ..., -0.89771148,
         -0.84678657, -0.82496966],
        ...,
        [ 0.93694257,  0.92499777,  0.89771148, ...,  0.        ,
          0.10444171,  0.1438976 ],
        [ 0.8953178 ,  0.88025398,  0.84678657, ..., -0.10444171,
          0.        ,  0.03975588],
        [ 0.87690161,  0.86069379,  0.82496966, ..., -0.1438976 ,
         -0.03975588,  0.        ]],

       [[ 0.        , -0.11041267, -0.27640421, ...,  0.65391493,
          0.66394564,  0.67654377],
        [ 0.11041267,  0.        , -0.16860307, ...,  0.73345149,
          0.74245065,  0.75371543],
        [ 0.27640421,  0.16860307,  0.        , ...,  0.83755797,
          0.84476907,  0.85373135],
        ...,
        [-0.65391493, -0.73345149, -0.83755797, ...,  0.        ,
          0.01333503,  0.03030689],
        [-0.66394564, -0.74245065, -0.84476907, ..., -0.01333503,
          0.        ,  0.01697529],
        [-0.67654377, -0.75371543, -0.85373135, ..., -0.03030689,
         -0.01697529,  0.        ]]]), 'num': array([ 9.94338078e-01,  1.06060759e-01,  2.53431485e-05,  6.18147080e-04,
        6.35783231e-04,  6.15501658e-04,  6.30619366e-03, -1.41089205e-05,
        6.36135954e-04,  6.20395689e-04,  6.37855479e-04,  8.48656873e-07,
        6.50837724e-04,  5.89953655e-04])}
{'img': array([[[ 0.        , -0.62288561, -0.33442648, ...,  0.71466966,
          0.58902277,  0.38416254],
        [ 0.62288561,  0.        ,  0.32539485, ...,  0.99478021,
          0.96416423,  0.8756241 ],
        [ 0.33442648, -0.32539485,  0.        , ...,  0.90743896,
          0.82536346,  0.67080759],
        ...,
        [-0.71466966, -0.99478021, -0.90743896, ...,  0.        ,
         -0.16553718, -0.39112268],
        [-0.58902277, -0.96416423, -0.82536346, ...,  0.16553718,
          0.        , -0.23337633],
        [-0.38416254, -0.8756241 , -0.67080759, ...,  0.39112268,
          0.23337633,  0.        ]],

       [[ 0.        , -0.10307589, -0.52582796, ..., -0.51888905,
         -0.24708407, -0.21073904],
        [ 0.10307589,  0.        , -0.43535172, ..., -0.42801162,
         -0.14588804, -0.10885549],
        [ 0.52582796,  0.43535172,  0.        , ...,  0.00813729,
          0.2993567 ,  0.33476638],
        ...,
        [ 0.51888905,  0.42801162, -0.00813729, ...,  0.        ,
          0.29158266,  0.32708752],
        [ 0.24708407,  0.14588804, -0.2993567 , ..., -0.29158266,
          0.        ,  0.03733026],
        [ 0.21073904,  0.10885549, -0.33476638, ..., -0.32708752,
         -0.03733026,  0.        ]],

       [[ 0.        ,  0.08949913,  0.11732619, ...,  0.85932688,
          0.90737119,  0.89349491],
        [-0.08949913,  0.        ,  0.02797435, ...,  0.81010607,
          0.86611063,  0.84971755],
        [-0.11732619, -0.02797435,  0.        , ...,  0.79338813,
          0.85178862,  0.83463586],
        ...,
        [-0.85932688, -0.81010607, -0.79338813, ...,  0.        ,
          0.1028528 ,  0.0710564 ],
        [-0.90737119, -0.86611063, -0.85178862, ..., -0.1028528 ,
          0.        , -0.03191326],
        [-0.89349491, -0.84971755, -0.83463586, ..., -0.0710564 ,
          0.03191326,  0.        ]],

       ...,

       [[ 0.        , -0.05803202,  0.06810694, ...,  0.86701454,
          0.70991303,  0.68332491],
        [ 0.05803202,  0.        ,  0.12588943, ...,  0.89446974,
          0.74958797,  0.72454333],
        [-0.06810694, -0.12588943,  0.        , ...,  0.83106484,
          0.66029764,  0.63201239],
        ...,
        [-0.86701454, -0.89446974, -0.83106484, ...,  0.        ,
         -0.25689163, -0.29253075],
        [-0.70991303, -0.74958797, -0.66029764, ...,  0.25689163,
          0.        , -0.03705929],
        [-0.68332491, -0.72454333, -0.63201239, ...,  0.29253075,
          0.03705929,  0.        ]],

       [[ 0.        , -0.06643335, -0.15951481, ..., -0.88025398,
         -0.86069379, -0.86522028],
        [ 0.06643335,  0.        , -0.09357972, ..., -0.84678657,
         -0.82496966, -0.82999975],
        [ 0.15951481,  0.09357972,  0.        , ..., -0.79329257,
         -0.76846042, -0.77416216],
        ...,
        [ 0.88025398,  0.84678657,  0.79329257, ...,  0.        ,
          0.03975588,  0.03080278],
        [ 0.86069379,  0.82496966,  0.76846042, ..., -0.03975588,
          0.        , -0.00895859],
        [ 0.86522028,  0.82999975,  0.77416216, ..., -0.03080278,
          0.00895859,  0.        ]],

       [[ 0.        , -0.16860307, -0.30016445, ...,  0.74245065,
          0.75371543,  0.78627964],
        [ 0.16860307,  0.        , -0.13503895, ...,  0.84476907,
          0.85373135,  0.8791982 ],
        [ 0.30016445,  0.13503895,  0.        , ...,  0.90929477,
          0.91622806,  0.93548515],
        ...,
        [-0.74245065, -0.84476907, -0.90929477, ...,  0.        ,
          0.01697529,  0.06799075],
        [-0.75371543, -0.85373135, -0.91622806, ..., -0.01697529,
          0.        ,  0.05104495],
        [-0.78627964, -0.8791982 , -0.93548515, ..., -0.06799075,
         -0.05104495,  0.        ]]]), 'num': array([9.99473487e-01, 3.17742834e-02, 2.73747997e-05, 6.21515202e-04,
       6.28547905e-04, 6.11845234e-04, 6.32698959e-03, 5.27452788e-06,
       6.30130264e-04, 6.19669117e-04, 6.36298531e-04, 8.32113813e-07,
       6.48504811e-04, 5.90833423e-04])}
{'img': array([[[ 0.        ,  0.32539485,  0.39572897, ...,  0.96416423,
          0.8756241 ,  0.91592015],
        [-0.32539485,  0.        ,  0.07536069, ...,  0.82536346,
          0.67080759,  0.7354735 ],
        [-0.39572897, -0.07536069,  0.        , ...,  0.78046763,
          0.61301019,  0.68232116],
        ...,
        [-0.96416423, -0.82536346, -0.78046763, ...,  0.        ,
         -0.23337633, -0.14397826],
        [-0.8756241 , -0.67080759, -0.61301019, ...,  0.23337633,
          0.        ,  0.09094223],
        [-0.91592015, -0.7354735 , -0.68232116, ...,  0.14397826,
         -0.09094223,  0.        ]],

       [[ 0.        , -0.43535172, -0.39223635, ..., -0.14588804,
         -0.10885549, -0.10380694],
        [ 0.43535172,  0.        ,  0.0473497 , ...,  0.2993567 ,
          0.33476638,  0.33954643],
        [ 0.39223635, -0.0473497 ,  0.        , ...,  0.25384263,
          0.28977322,  0.29462896],
        ...,
        [ 0.14588804, -0.2993567 , -0.25384263, ...,  0.        ,
          0.03733026,  0.04240356],
        [ 0.10885549, -0.33476638, -0.28977322, ..., -0.03733026,
          0.        ,  0.00507731],
        [ 0.10380694, -0.33954643, -0.29462896, ..., -0.04240356,
         -0.00507731,  0.        ]],

       [[ 0.        ,  0.02797435, -0.13296673, ...,  0.86611063,
          0.84971755,  0.8081864 ],
        [-0.02797435,  0.        , -0.16064065, ...,  0.85178862,
          0.83463586,  0.79139526],
        [ 0.13296673,  0.16064065,  0.        , ...,  0.92488373,
          0.91227762,  0.87931778],
        ...,
        [-0.86611063, -0.85178862, -0.92488373, ...,  0.        ,
         -0.03191326, -0.10610186],
        [-0.84971755, -0.83463586, -0.91227762, ...,  0.03191326,
          0.        , -0.0743147 ],
        [-0.8081864 , -0.79139526, -0.87931778, ...,  0.10610186,
          0.0743147 ,  0.        ]],

       ...,

       [[ 0.        ,  0.12588943,  0.05803202, ...,  0.74958797,
          0.72454333,  0.70611607],
        [-0.12588943,  0.        , -0.06810694, ...,  0.66029764,
          0.63201239,  0.61135659],
        [-0.05803202,  0.06810694,  0.        , ...,  0.70991303,
          0.68332491,  0.66383382],
        ...,
        [-0.74958797, -0.66029764, -0.70991303, ...,  0.        ,
         -0.03705929, -0.06339875],
        [-0.72454333, -0.63201239, -0.68332491, ...,  0.03705929,
          0.        , -0.02637047],
        [-0.70611607, -0.61135659, -0.66383382, ...,  0.06339875,
          0.02637047,  0.        ]],

       [[ 0.        , -0.09357972, -0.2261592 , ..., -0.82496966,
         -0.82999975, -0.8350319 ],
        [ 0.09357972,  0.        , -0.13401166, ..., -0.76846042,
         -0.77416216, -0.7798799 ],
        [ 0.2261592 ,  0.13401166,  0.        , ..., -0.67577501,
         -0.68235134, -0.68896338],
        ...,
        [ 0.82496966,  0.76846042,  0.67577501, ...,  0.        ,
         -0.00895859, -0.01804125],
        [ 0.82999975,  0.77416216,  0.68235134, ...,  0.00895859,
          0.        , -0.0090834 ],
        [ 0.8350319 ,  0.7798799 ,  0.68896338, ...,  0.01804125,
          0.0090834 ,  0.        ]],

       [[ 0.        , -0.13503895, -0.19786603, ...,  0.85373135,
          0.8791982 ,  0.90899451],
        [ 0.13503895,  0.        , -0.06368452, ...,  0.91622806,
          0.93548515,  0.95695371],
        [ 0.19786603,  0.06368452,  0.        , ...,  0.93988385,
          0.95609013,  0.97349501],
        ...,
        [-0.85373135, -0.91622806, -0.93988385, ...,  0.        ,
          0.05104495,  0.11748378],
        [-0.8791982 , -0.93548515, -0.95609013, ..., -0.05104495,
          0.        ,  0.06663918],
        [-0.90899451, -0.95695371, -0.97349501, ..., -0.11748378,
         -0.06663918,  0.        ]]]), 'num': array([ 9.99954114e-01,  2.59310371e-03,  2.85776794e-05,  6.21796141e-04,
        6.37830999e-04,  6.20905316e-04,  9.04765053e-03, -8.01742875e-06,
        6.32842376e-04,  6.29145451e-04,  6.45313932e-04,  7.89016798e-07,
        6.55092031e-04,  6.03198870e-04])}
{'img': array([[[ 0.        ,  0.23486511,  0.59436446, ...,  0.85142552,
          0.89772344,  0.8241074 ],
        [-0.23486511,  0.        ,  0.38886134, ...,  0.70442842,
          0.76914025,  0.66801997],
        [-0.59436446, -0.38886134,  0.        , ...,  0.37298322,
          0.46009255,  0.32607574],
        ...,
        [-0.85142552, -0.70442842, -0.37298322, ...,  0.        ,
          0.09573042, -0.05005183],
        [-0.89772344, -0.76914025, -0.46009255, ..., -0.09573042,
          0.        , -0.14543239],
        [-0.8241074 , -0.66801997, -0.32607574, ...,  0.05005183,
          0.14543239,  0.        ]],

       [[ 0.        ,  0.0473497 ,  0.37845879, ...,  0.33476638,
          0.33954643,  0.59373981],
        [-0.0473497 ,  0.        ,  0.33420655, ...,  0.28977322,
          0.29462896,  0.55497358],
        [-0.37845879, -0.33420655,  0.        , ..., -0.04675631,
         -0.04168395,  0.24504679],
        ...,
        [-0.33476638, -0.28977322,  0.04675631, ...,  0.        ,
          0.00507731,  0.29010956],
        [-0.33954643, -0.29462896,  0.04168395, ..., -0.00507731,
          0.        ,  0.28524686],
        [-0.59373981, -0.55497358, -0.24504679, ..., -0.29010956,
         -0.28524686,  0.        ]],

       [[ 0.        , -0.16064065, -0.34772248, ...,  0.83463586,
          0.79139526,  0.7218836 ],
        [ 0.16064065,  0.        , -0.19259032, ...,  0.91227762,
          0.87931778,  0.82367413],
        [ 0.34772248,  0.19259032,  0.        , ...,  0.97407878,
          0.95457464,  0.91746526],
        ...,
        [-0.83463586, -0.91227762, -0.97407878, ...,  0.        ,
         -0.0743147 , -0.1799651 ],
        [-0.79139526, -0.87931778, -0.95457464, ...,  0.0743147 ,
          0.        , -0.1063661 ],
        [-0.7218836 , -0.82367413, -0.91746526, ...,  0.1799651 ,
          0.1063661 ,  0.        ]],

       ...,

       [[ 0.        , -0.06810694,  0.22715319, ...,  0.63201239,
          0.61135659,  0.52831534],
        [ 0.06810694,  0.        ,  0.2929523 , ...,  0.68332491,
          0.66383382,  0.58491468],
        [-0.22715319, -0.2929523 ,  0.        , ...,  0.43945673,
          0.41561627,  0.32164066],
        ...,
        [-0.63201239, -0.68332491, -0.43945673, ...,  0.        ,
         -0.02637047, -0.12718665],
        [-0.61135659, -0.66383382, -0.41561627, ...,  0.02637047,
          0.        , -0.10098611],
        [-0.52831534, -0.58491468, -0.32164066, ...,  0.12718665,
          0.10098611,  0.        ]],

       [[ 0.        , -0.13401166, -0.27884561, ..., -0.77416216,
         -0.7798799 , -0.8156156 ],
        [ 0.13401166,  0.        , -0.14763414, ..., -0.68235134,
         -0.68896338, -0.73072018],
        [ 0.27884561,  0.14763414,  0.        , ..., -0.56695001,
         -0.57440909, -0.62192654],
        ...,
        [ 0.77416216,  0.68235134,  0.56695001, ...,  0.        ,
         -0.0090834 , -0.06834864],
        [ 0.7798799 ,  0.68896338,  0.57440909, ...,  0.0090834 ,
          0.        , -0.05928366],
        [ 0.8156156 ,  0.73072018,  0.62192654, ...,  0.06834864,
          0.05928366,  0.        ]],

       [[ 0.        , -0.06368452, -0.01715698, ...,  0.93548515,
          0.95695371,  0.98324639],
        [ 0.06368452,  0.        ,  0.04655299, ...,  0.95609013,
          0.97349501,  0.99285899],
        [ 0.01715698, -0.04655299,  0.        , ...,  0.94141014,
          0.96179251,  0.98622907],
        ...,
        [-0.93548515, -0.95609013, -0.94141014, ...,  0.        ,
          0.06663918,  0.17692427],
        [-0.95695371, -0.97349501, -0.96179251, ..., -0.06663918,
          0.        ,  0.11094308],
        [-0.98324639, -0.99285899, -0.98622907, ..., -0.17692427,
         -0.11094308,  0.        ]]]), 'num': array([ 9.99971251e-01,  2.60805526e-03,  2.87424552e-05,  6.21797503e-04,
        6.28965198e-04,  6.17317694e-04,  6.89265220e-03, -3.58384728e-06,
        6.30219545e-04,  6.33176219e-04,  6.49437926e-04,  8.88794126e-07,
        6.58314934e-04,  6.08037503e-04])}
