state_0,state_1,state_2,state_3,state_4,state_5,state_6,state_7,state_8,state_9,state_10,state_11,state_12,state_13,state_14,state_15,state_16,state_17,state_18,state_19,state_20,state_21,state_22,state_23,state_24,state_25,state_26,state_27,state_28,state_29,state_30,state_31,state_32,state_33,state_34,state_35,state_36,state_37,state_38,state_39,state_40,state_41,state_42,state_43,state_44,state_45,state_46,state_47,state_48,state_49,state_50,state_51,state_52,state_53,state_54,state_55,state_56,state_57,state_58,state_59,state_60,state_61,state_62,state_63,state_64,state_65,state_66,state_67,state_68,state_69,state_70,state_71,state_72,state_73,state_74,state_75,state_76,state_77,state_78,state_79,state_80,state_81,state_82,state_83,state_84,state_85,state_86,state_87,state_88,state_89,state_90,state_91,state_92,state_93,state_94,state_95,state_96,state_97,state_98,state_99,state_100,state_101,state_102,state_103,state_104,state_105,state_106,state_107,state_108,state_109,state_110,state_111,state_112,state_113,state_114,state_115,state_116,state_117,state_118,state_119,state_120,state_121,state_122,state_123,state_124,state_125,state_126,state_127,state_128,state_129,state_130,state_131,state_132,state_133,state_134,state_135,state_136,state_137,state_138,state_139,state_140,state_141,state_142,state_143,state_144,state_145,state_146,state_147,state_148,state_149,state_150,state_151,state_152,state_153,state_154,state_155,state_156,state_157,state_158,state_159,state_160,state_161,state_162,state_163,state_164,state_165,state_166,state_167,state_168,state_169,state_170,state_171,state_172,state_173,state_174,state_175,state_176,state_177,state_178,state_179,state_180,state_181,state_182,state_183,state_184,state_185,state_186,state_187,state_188,state_189,state_190,state_191,state_192,state_193,state_194,state_195,state_196,state_197,state_198,state_199,state_200,state_201,state_202,state_203,state_204,state_205,state_206,state_207,state_208,state_209,state_210,state_211,state_212,state_213,state_214,state_215,state_216,state_217,state_218,state_219,state_220,state_221,state_222,state_223,state_224,state_225,state_226,state_227,state_228,state_229,state_230,state_231,state_232,state_233,state_234,state_235,state_236,state_237,state_238,state_239,state_240,state_241,state_242,state_243,state_244,state_245,state_246,state_247,state_248,state_249,state_250,state_251,state_252,state_253,state_254,state_255,state_256,state_257,state_258,state_259,state_260,state_261,state_262,state_263,state_264,state_265,state_266,state_267,state_268,state_269,state_270,state_271,state_272,state_273,state_274,state_275,state_276,state_277,state_278,state_279,state_280,state_281,state_282,state_283,state_284,state_285,state_286,state_287
{'img': array([[[ 0.        ,  0.2816719 , -0.23959151, ...,  0.66647436,
          0.23959151,  0.59613089],
        [-0.2816719 ,  0.        , -0.5033585 , ...,  0.84948361,
          0.5033585 ,  0.7981448 ],
        [ 0.23959151,  0.5033585 ,  0.        , ...,  0.46844031,
          0.        ,  0.38640289],
        ...,
        [-0.66647436, -0.84948361, -0.46844031, ...,  0.        ,
          0.46844031,  0.09067152],
        [-0.23959151, -0.5033585 , -0.        , ..., -0.46844031,
          0.        , -0.38640289],
        [-0.59613089, -0.7981448 , -0.38640289, ..., -0.09067152,
          0.38640289,  0.        ]],

       [[ 0.        , -0.16170463, -0.3316788 , ...,  0.11245013,
          0.53754576, -0.05555222],
        [ 0.16170463,  0.        , -0.17476273, ...,  0.27164919,
          0.66682616,  0.10663381],
        [ 0.3316788 ,  0.17476273,  0.        , ...,  0.43565968,
          0.7867996 ,  0.27875907],
        ...,
        [-0.11245013, -0.27164919, -0.43565968, ...,  0.        ,
          0.43931447, -0.16747635],
        [-0.53754576, -0.66682616, -0.7867996 , ..., -0.43931447,
          0.        , -0.58355923],
        [ 0.05555222, -0.10663381, -0.27875907, ...,  0.16747635,
          0.58355923,  0.        ]],

       [[ 0.        , -0.04680519, -0.25141229, ...,  0.81229253,
          0.66022283,  0.25141229],
        [ 0.04680519,  0.        , -0.20583494, ...,  0.78410315,
          0.62434529,  0.20583494],
        [ 0.25141229,  0.20583494,  0.        , ...,  0.63956549,
          0.45018835,  0.        ],
        ...,
        [-0.81229253, -0.78410315, -0.63956549, ...,  0.        ,
          0.22501326,  0.63956549],
        [-0.66022283, -0.62434529, -0.45018835, ..., -0.22501326,
          0.        ,  0.45018835],
        [-0.25141229, -0.20583494, -0.        , ..., -0.63956549,
         -0.45018835,  0.        ]],

       ...,

       [[ 0.        ,  0.48988424,  0.52635028, ...,  0.95959478,
          0.90105643,  0.86640232],
        [-0.48988424,  0.        ,  0.04233278, ...,  0.9744091 ,
          0.99799344,  0.99994073],
        [-0.52635028, -0.04233278,  0.        , ...,  0.96401997,
          0.9944184 ,  0.99950524],
        ...,
        [-0.95959478, -0.9744091 , -0.96401997, ...,  0.        ,
          0.16263374,  0.23537724],
        [-0.90105643, -0.99799344, -0.9944184 , ..., -0.16263374,
          0.        ,  0.07417915],
        [-0.86640232, -0.99994073, -0.99950524, ..., -0.23537724,
         -0.07417915,  0.        ]],

       [[ 0.        , -0.01269564, -0.03221932, ...,  0.9012865 ,
          0.98019059,  0.99807065],
        [ 0.01269564,  0.        , -0.01952768, ...,  0.90671391,
          0.98262605,  0.99720196],
        [ 0.03221932,  0.01952768,  0.        , ...,  0.91477674,
          0.98606295,  0.99555202],
        ...,
        [-0.9012865 , -0.90671391, -0.91477674, ...,  0.        ,
          0.24613595,  0.48834724],
        [-0.98019059, -0.98262605, -0.98606295, ..., -0.24613595,
          0.        ,  0.258533  ],
        [-0.99807065, -0.99720196, -0.99555202, ..., -0.48834724,
         -0.258533  ,  0.        ]],

       [[ 0.        , -0.09659724, -0.25227087, ...,  0.91928467,
          0.90715318,  0.66900304],
        [ 0.09659724,  0.        , -0.15761818, ...,  0.87696566,
          0.86226276,  0.59407765],
        [ 0.25227087,  0.15761818,  0.        , ...,  0.79025981,
          0.7716571 ,  0.45986248],
        ...,
        [-0.91928467, -0.87696566, -0.79025981, ...,  0.        ,
          0.02978608,  0.41995211],
        [-0.90715318, -0.86226276, -0.7716571 , ..., -0.02978608,
          0.        ,  0.39273353],
        [-0.66900304, -0.59407765, -0.45986248, ..., -0.41995211,
         -0.39273353,  0.        ]]]), 'num': array([ 9.99865123e-01,  1.20942863e-02,  1.89591326e-05,  4.98874145e-05,
        5.10364528e-05,  4.97916613e-05,  1.11105209e-02, -7.66025558e-07,
        5.04236324e-05,  4.89873344e-05,  4.58761535e-05,  6.01877224e-08,
        5.08572450e-05,  4.71174238e-05])}
{'img': array([[[ 0.        , -0.5033585 ,  0.        , ...,  0.5033585 ,
          0.7981448 ,  0.94051404],
        [ 0.5033585 ,  0.        ,  0.5033585 , ...,  0.        ,
          0.38640289,  0.6416587 ],
        [ 0.        , -0.5033585 ,  0.        , ...,  0.5033585 ,
          0.7981448 ,  0.94051404],
        ...,
        [-0.5033585 , -0.        , -0.5033585 , ...,  0.        ,
         -0.38640289, -0.6416587 ],
        [-0.7981448 , -0.38640289, -0.7981448 , ...,  0.38640289,
          0.        , -0.29545387],
        [-0.94051404, -0.6416587 , -0.94051404, ...,  0.6416587 ,
          0.29545387,  0.        ]],

       [[ 0.        , -0.17476273,  0.03905738, ...,  0.66682616,
          0.10663381,  0.38908537],
        [ 0.17476273,  0.        ,  0.21308569, ...,  0.7867996 ,
          0.27875907,  0.5440893 ],
        [-0.03905738, -0.21308569,  0.        , ...,  0.63721127,
          0.06771775,  0.35280876],
        ...,
        [-0.66682616, -0.7867996 , -0.63721127, ...,  0.        ,
         -0.58355923, -0.3243298 ],
        [-0.10663381, -0.27875907, -0.06771775, ...,  0.58355923,
          0.        ,  0.2886357 ],
        [-0.38908537, -0.5440893 , -0.35280876, ...,  0.3243298 ,
         -0.2886357 ,  0.        ]],

       [[ 0.        , -0.2039006 ,  0.        , ...,  0.67902971,
          0.4628647 ,  0.2039006 ],
        [ 0.2039006 ,  0.        ,  0.2039006 , ...,  0.51507875,
          0.27239726,  0.        ],
        [ 0.        , -0.2039006 ,  0.        , ...,  0.67902971,
          0.4628647 ,  0.2039006 ],
        ...,
        [-0.67902971, -0.51507875, -0.67902971, ...,  0.        ,
          0.26211762,  0.51507875],
        [-0.4628647 , -0.27239726, -0.4628647 , ..., -0.26211762,
          0.        ,  0.27239726],
        [-0.2039006 , -0.        , -0.2039006 , ..., -0.51507875,
         -0.27239726,  0.        ]],

       ...,

       [[ 0.        ,  0.12845413, -0.11434497, ...,  0.95722638,
          0.93193563,  0.99954624],
        [-0.12845413,  0.        , -0.24100928, ...,  0.98646311,
          0.97079548,  0.99513471],
        [ 0.11434497,  0.24100928,  0.        , ...,  0.91786346,
          0.88435896,  0.98954604],
        ...,
        [-0.95722638, -0.98646311, -0.91786346, ...,  0.        ,
          0.07746673, -0.26037538],
        [-0.93193563, -0.97079548, -0.88435896, ..., -0.07746673,
          0.        , -0.33438764],
        [-0.99954624, -0.99513471, -0.98954604, ...,  0.26037538,
          0.33438764,  0.        ]],

       [[ 0.        , -0.0195006 , -0.03545492, ...,  0.98075771,
          0.99999905,  0.99709661],
        [ 0.0195006 ,  0.        , -0.01595984, ...,  0.9843783 ,
          0.99983581,  0.9954221 ],
        [ 0.03545492,  0.01595984,  0.        , ...,  0.98706291,
          0.99941927,  0.99376993],
        ...,
        [-0.98075771, -0.9843783 , -0.98706291, ...,  0.        ,
          0.19387467,  0.2693437 ],
        [-0.99999905, -0.99983581, -0.99941927, ..., -0.19387467,
          0.        ,  0.0775234 ],
        [-0.99709661, -0.9954221 , -0.99376993, ..., -0.2693437 ,
         -0.0775234 ,  0.        ]],

       [[ 0.        , -0.15441923, -0.26297728, ...,  0.925748  ,
          0.84874102,  0.58400612],
        [ 0.15441923,  0.        , -0.110839  , ...,  0.85625179,
          0.75690249,  0.45165152],
        [ 0.26297728,  0.110839  ,  0.        , ...,  0.79372104,
          0.67980238,  0.34997868],
        ...,
        [-0.925748  , -0.85625179, -0.79372104, ...,  0.        ,
          0.16859981,  0.53063856],
        [-0.84874102, -0.75690249, -0.67980238, ..., -0.16859981,
          0.        ,  0.38013735],
        [-0.58400612, -0.45165152, -0.34997868, ..., -0.53063856,
         -0.38013735,  0.        ]]]), 'num': array([ 7.02956861e-01,  7.02956861e-01,  0.00000000e+00,  6.81815302e-04,
        6.89743386e-04,  6.79172607e-04,  1.08164871e-01, -6.60673742e-06,
        6.93971698e-04,  6.77058451e-04,  6.34808365e-04,  7.00714575e-07,
        7.01981180e-04,  6.52135721e-04])}
{'img': array([[[ 0.        ,  0.5033585 ,  0.56477824, ...,  0.38640289,
          0.6416587 ,  0.74244871],
        [-0.5033585 ,  0.        ,  0.07261932, ...,  0.7981448 ,
          0.94051404,  0.97873468],
        [-0.56477824, -0.07261932,  0.        , ...,  0.83978813,
          0.9627036 ,  0.99104698],
        ...,
        [-0.38640289, -0.7981448 , -0.83978813, ...,  0.        ,
         -0.29545387, -0.42593037],
        [-0.6416587 , -0.94051404, -0.9627036 , ...,  0.29545387,
          0.        , -0.13960192],
        [-0.74244871, -0.97873468, -0.99104698, ...,  0.42593037,
          0.13960192,  0.        ]],

       [[ 0.        ,  0.21308569,  0.31252036, ...,  0.27875907,
          0.5440893 ,  0.13576906],
        [-0.21308569,  0.        ,  0.10293041, ...,  0.06771775,
          0.35280876, -0.0784617 ],
        [-0.31252036, -0.10293041,  0.        , ..., -0.03533606,
          0.25462332, -0.18065805],
        ...,
        [-0.27875907, -0.06771775,  0.03533606, ...,  0.        ,
          0.2886357 , -0.14579059],
        [-0.5440893 , -0.35280876, -0.25462332, ..., -0.2886357 ,
          0.        , -0.42513736],
        [-0.13576906,  0.0784617 ,  0.18065805, ...,  0.14579059,
          0.42513736,  0.        ]],

       [[ 0.        ,  0.2039006 ,  0.37636717, ...,  0.27239726,
          0.        ,  0.24074567],
        [-0.2039006 ,  0.        ,  0.17955239, ...,  0.4628647 ,
          0.2039006 ,  0.43359151],
        [-0.37636717, -0.17955239,  0.        , ...,  0.61450285,
          0.37636717,  0.58834133],
        ...,
        [-0.27239726, -0.4628647 , -0.61450285, ...,  0.        ,
          0.27239726,  0.03274374],
        [-0.        , -0.2039006 , -0.37636717, ..., -0.27239726,
          0.        , -0.24074567],
        [-0.24074567, -0.43359151, -0.58834133, ..., -0.03274374,
          0.24074567,  0.        ]],

       ...,

       [[ 0.        , -0.24100928,  0.11672   , ...,  0.97079548,
          0.99513471,  0.91255788],
        [ 0.24100928,  0.        ,  0.35264137, ...,  0.88435896,
          0.98954604,  0.9842184 ],
        [-0.11672   , -0.35264137,  0.        , ...,  0.99216209,
          0.97683316,  0.85858807],
        ...,
        [-0.97079548, -0.88435896, -0.99216209, ...,  0.        ,
         -0.33438764, -0.61593493],
        [-0.99513471, -0.98954604, -0.97683316, ...,  0.33438764,
          0.        , -0.31704943],
        [-0.91255788, -0.9842184 , -0.85858807, ...,  0.61593493,
          0.31704943,  0.        ]],

       [[ 0.        , -0.01593723, -0.03867194, ...,  0.99990667,
          0.99983748,  0.99528527],
        [ 0.01593723,  0.        , -0.02274172, ...,  0.99999741,
          0.99942318,  0.9936131 ],
        [ 0.03867194,  0.02274172,  0.        , ...,  0.99968703,
          0.99839239,  0.99078993],
        ...,
        [-0.99990667, -0.99999741, -0.99968703, ...,  0.        ,
          0.03168592,  0.11057926],
        [-0.99983748, -0.99942318, -0.99839239, ..., -0.03168592,
          0.        ,  0.07903213],
        [-0.99528527, -0.9936131 , -0.99078993, ..., -0.11057926,
         -0.07903213,  0.        ]],

       [[ 0.        , -0.10973146, -0.21794754, ...,  0.8085251 ,
          0.67545759,  0.44755296],
        [ 0.10973146,  0.        , -0.10953784, ...,  0.73906988,
          0.59046284,  0.34672213],
        [ 0.21794754,  0.10953784,  0.        , ...,  0.66083478,
          0.49850566,  0.2418928 ],
        ...,
        [-0.8085251 , -0.73906988, -0.66083478, ...,  0.        ,
          0.19872456,  0.45966181],
        [-0.67545759, -0.59046284, -0.49850566, ..., -0.19872456,
          0.        ,  0.27400794],
        [-0.44755296, -0.34672213, -0.2418928 , ..., -0.45966181,
         -0.27400794,  0.        ]]]), 'num': array([7.04419725e-01, 7.04419725e-01, 0.00000000e+00, 6.96475142e-04,
       6.96475142e-04, 6.83234170e-04, 8.70745934e-02, 1.32409723e-05,
       6.95151045e-04, 6.80122541e-04, 6.38247966e-04, 7.84004938e-07,
       7.05263309e-04, 6.54981773e-04])}
{'img': array([[[ 0.        ,  0.08773675, -0.05097406, ...,  0.90529559,
          0.95632359,  0.81953047],
        [-0.08773675,  0.        , -0.13840018, ...,  0.9390735 ,
          0.97828205,  0.86664639],
        [ 0.05097406,  0.13840018,  0.        , ...,  0.88246581,
          0.94018011,  0.78925511],
        ...,
        [-0.90529559, -0.9390735 , -0.88246581, ...,  0.        ,
         -0.14160216,  0.17064467],
        [-0.95632359, -0.97828205, -0.94018011, ...,  0.14160216,
          0.        ,  0.30845042],
        [-0.81953047, -0.86664639, -0.78925511, ..., -0.17064467,
         -0.30845042,  0.        ]],

       [[ 0.        ,  0.10293041, -0.42425863, ...,  0.35280876,
         -0.0784617 , -0.32584492],
        [-0.10293041,  0.        , -0.51521292, ...,  0.25462332,
         -0.18065805, -0.42142702],
        [ 0.42425863,  0.51521292,  0.        , ...,  0.71645969,
          0.3519004 ,  0.10603801],
        ...,
        [-0.35280876, -0.25462332, -0.71645969, ...,  0.        ,
         -0.42513736, -0.63844521],
        [ 0.0784617 ,  0.18065805, -0.3519004 , ...,  0.42513736,
          0.        , -0.25066086],
        [ 0.32584492,  0.42142702, -0.10603801, ...,  0.63844521,
          0.25066086,  0.        ]],

       [[ 0.        ,  0.32146505,  0.37304522, ...,  0.        ,
          0.24200097,  0.25843098],
        [-0.32146505,  0.        ,  0.05498501, ...,  0.32146505,
          0.54106573,  0.55525863],
        [-0.37304522, -0.05498501,  0.        , ...,  0.37304522,
          0.58648851,  0.60014843],
        ...,
        [-0.        , -0.32146505, -0.37304522, ...,  0.        ,
         -0.24200097, -0.25843098],
        [-0.24200097, -0.54106573, -0.58648851, ...,  0.24200097,
          0.        , -0.01696926],
        [-0.25843098, -0.55525863, -0.60014843, ...,  0.25843098,
          0.01696926,  0.        ]],

       ...,

       [[ 0.        ,  0.35264137,  0.54926612, ...,  0.98954604,
          0.9842184 ,  0.99968662],
        [-0.35264137,  0.        ,  0.21929659, ...,  0.97683316,
          0.85858807,  0.94429304],
        [-0.54926612, -0.21929659,  0.        , ...,  0.90612535,
          0.72526259,  0.8491355 ],
        ...,
        [-0.98954604, -0.97683316, -0.90612535, ...,  0.        ,
         -0.31704943, -0.11940062],
        [-0.9842184 , -0.85858807, -0.72526259, ...,  0.31704943,
          0.        ,  0.20154068],
        [-0.99968662, -0.94429304, -0.8491355 , ...,  0.11940062,
         -0.20154068,  0.        ]],

       [[ 0.        , -0.02242182, -0.07076144, ...,  0.99054981,
          0.99212745,  0.99190975],
        [ 0.02242182,  0.        , -0.04837804, ...,  0.99337602,
          0.99468596,  0.98881405],
        [ 0.07076144,  0.04837804,  0.        , ...,  0.99777194,
          0.99850207,  0.98044048],
        ...,
        [-0.99054981, -0.99337602, -0.99777194, ...,  0.        ,
          0.01202487,  0.26178924],
        [-0.99212745, -0.99468596, -0.99850207, ..., -0.01202487,
          0.        ,  0.25016481],
        [-0.99190975, -0.98881405, -0.98044048, ..., -0.26178924,
         -0.25016481,  0.        ]],

       [[ 0.        , -0.10872827, -0.34428618, ...,  0.65833081,
          0.55847391,  0.34428618],
        [ 0.10872827,  0.        , -0.24016395, ...,  0.57258501,
          0.4649705 ,  0.24016395],
        [ 0.34428618,  0.24016395,  0.        , ...,  0.35892949,
          0.23873847,  0.        ],
        ...,
        [-0.65833081, -0.57258501, -0.35892949, ...,  0.        ,
          0.12572059,  0.35892949],
        [-0.55847391, -0.4649705 , -0.23873847, ..., -0.12572059,
          0.        ,  0.23873847],
        [-0.34428618, -0.24016395, -0.        , ..., -0.35892949,
         -0.23873847,  0.        ]]]), 'num': array([ 7.04697311e-01,  7.04697311e-01,  0.00000000e+00,  6.95424978e-04,
        6.95424978e-04,  6.88801883e-04,  8.24601293e-02, -1.32461901e-06,
        6.93305587e-04,  6.81582709e-04,  6.40442251e-04,  8.27886878e-07,
        7.07206128e-04,  6.55959291e-04])}
{'img': array([[[ 0.        , -0.13840018,  0.19019751, ...,  0.97828205,
          0.86664639,  0.88492133],
        [ 0.13840018,  0.        ,  0.32424093, ...,  0.94018011,
          0.78925511,  0.81194662],
        [-0.19019751, -0.32424093,  0.        , ...,  0.99984813,
          0.94572038,  0.95735053],
        ...,
        [-0.97828205, -0.94018011, -0.99984813, ...,  0.        ,
          0.30845042,  0.27220074],
        [-0.86664639, -0.78925511, -0.94572038, ..., -0.30845042,
          0.        , -0.03787514],
        [-0.88492133, -0.81194662, -0.95735053, ..., -0.27220074,
          0.03787514,  0.        ]],

       [[ 0.        , -0.51521292, -0.14610959, ..., -0.18065805,
         -0.42142702, -0.47917107],
        [ 0.51521292,  0.        ,  0.38445886, ...,  0.3519004 ,
          0.10603801,  0.04153405],
        [ 0.14610959, -0.38445886,  0.        , ..., -0.03501381,
         -0.28440315, -0.34578527],
        ...,
        [ 0.18065805, -0.3519004 ,  0.03501381, ...,  0.        ,
         -0.25066086, -0.31271932],
        [ 0.42142702, -0.10603801,  0.28440315, ...,  0.25066086,
          0.        , -0.06464663],
        [ 0.47917107, -0.04153405,  0.34578527, ...,  0.31271932,
          0.06464663,  0.        ]],

       [[ 0.        ,  0.19716274,  0.31929492, ...,  0.24522715,
          0.26186837,  0.36703483],
        [-0.19716274,  0.        ,  0.12618508, ...,  0.43155603,
          0.44701057,  0.54323242],
        [-0.31929492, -0.12618508,  0.        , ...,  0.54193629,
          0.55631365,  0.64483298],
        ...,
        [-0.24522715, -0.43155603, -0.54193629, ...,  0.        ,
         -0.01720278, -0.1277156 ],
        [-0.26186837, -0.44701057, -0.55631365, ...,  0.01720278,
          0.        , -0.1106348 ],
        [-0.36703483, -0.54323242, -0.64483298, ...,  0.1277156 ,
          0.1106348 ,  0.        ]],

       ...,

       [[ 0.        ,  0.44290897,  0.62724791, ...,  0.97638952,
          0.99997319,  0.99460271],
        [-0.44290897,  0.        ,  0.2174233 , ...,  0.77972218,
          0.89329923,  0.93768231],
        [-0.62724791, -0.2174233 ,  0.        , ...,  0.6249349 ,
          0.77420559,  0.83969728],
        ...,
        [-0.97638952, -0.77972218, -0.6249349 , ...,  0.        ,
          0.20886173,  0.31615837],
        [-0.99997319, -0.89329923, -0.77420559, ..., -0.20886173,
          0.        ,  0.11103709],
        [-0.99460271, -0.93768231, -0.83969728, ..., -0.31615837,
         -0.11103709,  0.        ]],

       [[ 0.        , -0.04779017, -0.12165067, ...,  0.9827402 ,
          0.99697067,  0.98689934],
        [ 0.04779017,  0.        , -0.07407644, ...,  0.99045808,
          0.99954857,  0.97806138],
        [ 0.12165067,  0.07407644,  0.        , ...,  0.99794566,
          0.99902794,  0.95994284],
        ...,
        [-0.9827402 , -0.99045808, -0.99794566, ...,  0.        ,
          0.10799467,  0.34112009],
        [-0.99697067, -0.99954857, -0.99902794, ..., -0.10799467,
          0.        ,  0.23760792],
        [-0.98689934, -0.97806138, -0.95994284, ..., -0.34112009,
         -0.23760792,  0.        ]],

       [[ 0.        , -0.23934211, -0.09765941, ...,  0.50947237,
          0.39716772,  0.23934211],
        [ 0.23934211,  0.        ,  0.14337706, ...,  0.28871393,
          0.16596889,  0.        ],
        [ 0.09765941, -0.14337706,  0.        , ...,  0.42300238,
          0.30564268,  0.14337706],
        ...,
        [-0.50947237, -0.28871393, -0.42300238, ...,  0.        ,
          0.12580859,  0.28871393],
        [-0.39716772, -0.16596889, -0.30564268, ..., -0.12580859,
          0.        ,  0.16596889],
        [-0.23934211, -0.        , -0.14337706, ..., -0.28871393,
         -0.16596889,  0.        ]]]), 'num': array([8.41247403e-01, 5.06348992e-01, 6.34277294e-06, 8.33080625e-04,
       8.33080625e-04, 8.18880387e-04, 1.89494570e-01, 4.73341264e-06,
       8.25507165e-04, 8.13673633e-04, 7.65195599e-04, 9.94232793e-07,
       8.44706279e-04, 7.82640988e-04])}
{'img': array([[[ 0.00000000e+00,  3.24240926e-01,  3.38589041e-01, ...,
          7.89255109e-01,  8.11946618e-01,  7.34764168e-01],
        [-3.24240926e-01,  0.00000000e+00,  1.52071846e-02, ...,
          9.45720384e-01,  9.57350529e-01,  9.15008157e-01],
        [-3.38589041e-01, -1.52071846e-02,  0.00000000e+00, ...,
          9.50553078e-01,  9.61633622e-01,  9.21037465e-01],
        ...,
        [-7.89255109e-01, -9.45720384e-01, -9.50553078e-01, ...,
          0.00000000e+00, -3.78751417e-02,  8.41763295e-02],
        [-8.11946618e-01, -9.57350529e-01, -9.61633622e-01, ...,
          3.78751417e-02,  0.00000000e+00,  1.21856649e-01],
        [-7.34764168e-01, -9.15008157e-01, -9.21037465e-01, ...,
         -8.41763295e-02, -1.21856649e-01,  0.00000000e+00]],

       [[ 0.00000000e+00,  3.84458861e-01,  1.05255048e-01, ...,
          1.06038013e-01,  4.15340513e-02,  7.49654511e-01],
        [-3.84458861e-01,  0.00000000e+00, -2.85157923e-01, ...,
         -2.84403155e-01, -3.45785275e-01,  4.37591494e-01],
        [-1.05255048e-01,  2.85157923e-01,  0.00000000e+00, ...,
          7.87371032e-04, -6.38608821e-02,  6.75829493e-01],
        ...,
        [-1.06038013e-01,  2.84403155e-01, -7.87371032e-04, ...,
          0.00000000e+00, -6.46466262e-02,  6.75248946e-01],
        [-4.15340513e-02,  3.45785275e-01,  6.38608821e-02, ...,
          6.46466262e-02,  0.00000000e+00,  7.21519171e-01],
        [-7.49654511e-01, -4.37591494e-01, -6.75829493e-01, ...,
         -6.75248946e-01, -7.21519171e-01,  0.00000000e+00]],

       [[ 0.00000000e+00,  2.54926807e-01,  4.34066033e-01, ...,
          2.63139815e-01,  3.68783252e-01,  3.79698885e-01],
        [-2.54926807e-01,  0.00000000e+00,  1.90065913e-01, ...,
          5.00388371e-01,  5.93557181e-01,  6.02989140e-01],
        [-4.34066033e-01, -1.90065913e-01,  0.00000000e+00, ...,
          6.55826226e-01,  7.35700916e-01,  7.43622418e-01],
        ...,
        [-2.63139815e-01, -5.00388371e-01, -6.55826226e-01, ...,
          0.00000000e+00, -1.11193970e-01, -1.22884117e-01],
        [-3.68783252e-01, -5.93557181e-01, -7.35700916e-01, ...,
          1.11193970e-01,  0.00000000e+00, -1.17708454e-02],
        [-3.79698885e-01, -6.02989140e-01, -7.43622418e-01, ...,
          1.22884117e-01,  1.17708454e-02,  0.00000000e+00]],

       ...,

       [[ 0.00000000e+00,  4.82617042e-01,  7.83573125e-01, ...,
          9.98060008e-01,  9.98493064e-01,  9.97319429e-01],
        [-4.82617042e-01,  0.00000000e+00,  3.86428253e-01, ...,
          8.44084977e-01,  9.00996746e-01,  9.08797199e-01],
        [-7.83573125e-01, -3.86428253e-01,  0.00000000e+00, ...,
          5.71309536e-01,  6.63364278e-01,  6.76968753e-01],
        ...,
        [-9.98060008e-01, -8.44084977e-01, -5.71309536e-01, ...,
          0.00000000e+00,  1.16937072e-01,  1.35121197e-01],
        [-9.98493064e-01, -9.00996746e-01, -6.63364278e-01, ...,
         -1.16937072e-01,  0.00000000e+00,  1.83295238e-02],
        [-9.97319429e-01, -9.08797199e-01, -6.76968753e-01, ...,
         -1.35121197e-01, -1.83295238e-02,  0.00000000e+00]],

       [[ 0.00000000e+00, -7.30978930e-02, -1.61725544e-01, ...,
          9.91764213e-01,  9.99404355e-01,  9.75184383e-01],
        [ 7.30978930e-02,  0.00000000e+00, -8.91572754e-02, ...,
          9.98473183e-01,  9.99253322e-01,  9.56392087e-01],
        [ 1.61725544e-01,  8.91572754e-02,  0.00000000e+00, ...,
          9.99421747e-01,  9.91829108e-01,  9.26541729e-01],
        ...,
        [-9.91764213e-01, -9.98473183e-01, -9.99421747e-01, ...,
          0.00000000e+00,  9.37751135e-02,  3.44469702e-01],
        [-9.99404355e-01, -9.99253322e-01, -9.91829108e-01, ...,
         -9.37751135e-02,  0.00000000e+00,  2.54915928e-01],
        [-9.75184383e-01, -9.56392087e-01, -9.26541729e-01, ...,
         -3.44469702e-01, -2.54915928e-01,  0.00000000e+00]],

       [[ 0.00000000e+00,  1.42631020e-01,  2.59703539e-01, ...,
          2.60739224e-01,  2.03217691e-01,  0.00000000e+00],
        [-1.42631020e-01,  0.00000000e+00,  1.19311192e-01, ...,
          3.95770716e-01,  3.40794801e-01,  1.42631020e-01],
        [-2.59703539e-01, -1.19311192e-01,  0.00000000e+00, ...,
          5.02513046e-01,  4.50529422e-01,  2.59703539e-01],
        ...,
        [-2.60739224e-01, -3.95770716e-01, -5.02513046e-01, ...,
          0.00000000e+00,  5.91102872e-02,  2.60739224e-01],
        [-2.03217691e-01, -3.40794801e-01, -4.50529422e-01, ...,
         -5.91102872e-02,  0.00000000e+00,  2.03217691e-01],
        [-0.00000000e+00, -1.42631020e-01, -2.59703539e-01, ...,
         -2.60739224e-01, -2.03217691e-01,  0.00000000e+00]]]), 'num': array([8.68201342e-01, 4.70782598e-01, 7.40072150e-06, 8.67726516e-04,
       8.67726516e-04, 8.49951858e-04, 1.56794465e-01, 1.45429025e-05,
       8.50598209e-04, 8.36378482e-04, 7.86380522e-04, 1.05653565e-06,
       8.68992009e-04, 8.03764955e-04])}
{'img': array([[[ 0.        ,  0.01487386, -0.13037085, ...,  0.98239192,
          0.96003816,  0.63763947],
        [-0.01487386,  0.        , -0.14510335, ...,  0.98506215,
          0.96409469,  0.64902679],
        [ 0.13037085,  0.14510335,  0.        , ...,  0.94965007,
          0.91535774,  0.53176819],
        ...,
        [-0.98239192, -0.98506215, -0.94965007, ...,  0.        ,
          0.09557551,  0.63763947],
        [-0.96003816, -0.96409469, -0.91535774, ..., -0.09557551,
          0.        ,  0.56109532],
        [-0.63763947, -0.64902679, -0.53176819, ..., -0.63763947,
         -0.56109532,  0.        ]],

       [[ 0.        , -0.28515792, -0.05290373, ..., -0.34578527,
          0.43759149,  0.16840209],
        [ 0.28515792,  0.        ,  0.23405139, ..., -0.06386088,
          0.67582949,  0.44249553],
        [ 0.05290373, -0.23405139,  0.        , ..., -0.29566075,
          0.48454836,  0.22031445],
        ...,
        [ 0.34578527,  0.06386088,  0.29566075, ...,  0.        ,
          0.72151917,  0.49886089],
        [-0.43759149, -0.67582949, -0.48454836, ..., -0.72151917,
          0.        , -0.27991922],
        [-0.16840209, -0.44249553, -0.22031445, ..., -0.49886089,
          0.27991922,  0.        ]],

       [[ 0.        ,  0.2820086 ,  0.32026434, ...,  0.45737875,
          0.4678927 ,  0.18803225],
        [-0.2820086 ,  0.        ,  0.04011071, ...,  0.68959695,
          0.69813686,  0.45737875],
        [-0.32026434, -0.04011071,  0.        , ...,  0.7180899 ,
          0.72629286,  0.49268   ],
        ...,
        [-0.45737875, -0.68959695, -0.7180899 , ...,  0.        ,
         -0.01185927,  0.2820086 ],
        [-0.4678927 , -0.69813686, -0.72629286, ...,  0.01185927,
          0.        ,  0.29336669],
        [-0.18803225, -0.45737875, -0.49268   , ..., -0.2820086 ,
         -0.29336669,  0.        ]],

       ...,

       [[ 0.        ,  0.68491855,  0.59870477, ...,  0.99997048,
          0.99993014,  0.99480113],
        [-0.68491855,  0.        , -0.11237101, ...,  0.72333576,
          0.7366647 ,  0.79458148],
        [-0.59870477,  0.11237101,  0.        , ...,  0.79634617,
          0.80799072,  0.85777576],
        ...,
        [-0.99997048, -0.72333576, -0.79634617, ...,  0.        ,
          0.01950266,  0.10947696],
        [-0.99993014, -0.7366647 , -0.80799072, ..., -0.01950266,
          0.        ,  0.0900707 ],
        [-0.99480113, -0.79458148, -0.85777576, ..., -0.10947696,
         -0.0900707 ,  0.        ]],

       [[ 0.        , -0.08740653, -0.14314453, ...,  0.99510687,
          0.999949  ,  0.95049625],
        [ 0.08740653,  0.        , -0.05609027, ...,  0.99993448,
          0.99700464,  0.91969808],
        [ 0.14314453,  0.05609027,  0.        , ...,  0.99900237,
          0.99109694,  0.89622769],
        ...,
        [-0.99510687, -0.99993448, -0.99900237, ...,  0.        ,
          0.08874986,  0.4031288 ],
        [-0.999949  , -0.99700464, -0.99109694, ..., -0.08874986,
          0.        ,  0.3203192 ],
        [-0.95049625, -0.91969808, -0.89622769, ..., -0.4031288 ,
         -0.3203192 ,  0.        ]],

       [[ 0.        ,  0.21683973,  0.21525763, ...,  0.32760079,
          0.26067239,  0.        ],
        [-0.21683973,  0.        , -0.00162037, ...,  0.52467995,
          0.46381326,  0.21683973],
        [-0.21525763,  0.00162037,  0.        , ...,  0.52329984,
          0.46237711,  0.21525763],
        ...,
        [-0.32760079, -0.52467995, -0.52329984, ...,  0.        ,
          0.06998724,  0.32760079],
        [-0.26067239, -0.46381326, -0.46237711, ..., -0.06998724,
          0.        ,  0.26067239],
        [-0.        , -0.21683973, -0.21525763, ..., -0.32760079,
         -0.26067239,  0.        ]]]), 'num': array([ 8.58681531e-01,  4.97275900e-01,  6.75524545e-06,  8.56411449e-04,
        8.61213756e-04,  8.51609142e-04,  1.24004440e-01, -3.20153813e-06,
        8.48727757e-04,  8.31119298e-04,  7.81442098e-04,  1.04665670e-06,
        8.63731014e-04,  7.98507581e-04])}
{'img': array([[[ 0.        , -0.14510335, -0.18169741, ...,  0.96409469,
          0.64902679,  0.83265266],
        [ 0.14510335,  0.        , -0.03708639, ...,  0.91535774,
          0.53176819,  0.74348269],
        [ 0.18169741,  0.03708639,  0.        , ...,  0.89979552,
          0.49999428,  0.7181695 ],
        ...,
        [-0.96409469, -0.91535774, -0.89979552, ...,  0.        ,
          0.56109532,  0.31279323],
        [-0.64902679, -0.53176819, -0.49999428, ..., -0.56109532,
          0.        , -0.27402528],
        [-0.83265266, -0.74348269, -0.7181695 , ..., -0.31279323,
          0.27402528,  0.        ]],

       [[ 0.        ,  0.23405139, -0.34375145, ...,  0.67582949,
          0.44249553,  0.18892722],
        [-0.23405139,  0.        , -0.55399194, ...,  0.48454836,
          0.22031445, -0.04615677],
        [ 0.34375145,  0.55399194,  0.        , ...,  0.88800965,
          0.72379638,  0.51497498],
        ...,
        [-0.67582949, -0.48454836, -0.88800965, ...,  0.        ,
         -0.27991922, -0.52440823],
        [-0.44249553, -0.22031445, -0.72379638, ...,  0.27991922,
          0.        , -0.26510228],
        [-0.18892722,  0.04615677, -0.51497498, ...,  0.52440823,
          0.26510228,  0.        ]],

       [[ 0.        ,  0.03929667,  0.04462101, ...,  0.80070657,
          0.70314502,  0.36436374],
        [-0.03929667,  0.        ,  0.00532902, ...,  0.82362903,
          0.73054366,  0.40067758],
        [-0.04462101, -0.00532902,  0.        , ...,  0.82663957,
          0.73417229,  0.40555444],
        ...,
        [-0.80070657, -0.82362903, -0.82663957, ...,  0.        ,
          0.14811581,  0.52738881],
        [-0.70314502, -0.73054366, -0.73417229, ..., -0.14811581,
          0.        ,  0.39572897],
        [-0.36436374, -0.40067758, -0.40555444, ..., -0.52738881,
         -0.39572897,  0.        ]],

       ...,

       [[ 0.        , -0.39272902, -0.12210392, ...,  0.87703644,
          0.9206637 ,  0.9206637 ],
        [ 0.39272902,  0.        ,  0.27749698, ...,  0.99524667,
          0.99999668,  0.99999668],
        [ 0.12210392, -0.27749698,  0.        , ...,  0.92913549,
          0.96143875,  0.96143875],
        ...,
        [-0.87703644, -0.99524667, -0.92913549, ...,  0.        ,
          0.09995175,  0.09995175],
        [-0.9206637 , -0.99999668, -0.96143875, ..., -0.09995175,
          0.        ,  0.        ],
        [-0.9206637 , -0.99999668, -0.96143875, ..., -0.09995175,
          0.        ,  0.        ]],

       [[ 0.        , -0.05533451, -0.16931237, ...,  0.99993628,
          0.99042033,  0.91464598],
        [ 0.05533451,  0.        , -0.11451735, ...,  0.99902889,
          0.981262  ,  0.89087533],
        [ 0.16931237,  0.11451735,  0.        , ...,  0.9874109 ,
          0.95274152,  0.83299522],
        ...,
        [-0.99993628, -0.99902889, -0.9874109 , ...,  0.        ,
          0.14925678,  0.41455489],
        [-0.99042033, -0.981262  , -0.95274152, ..., -0.14925678,
          0.        ,  0.27408394],
        [-0.91464598, -0.89087533, -0.83299522, ..., -0.41455489,
         -0.27408394,  0.        ]],

       [[ 0.        , -0.00203608,  0.13995981, ...,  0.51830547,
          0.42228225,  0.17071023],
        [ 0.00203608,  0.        ,  0.14197556, ...,  0.51656315,
          0.42043574,  0.16870368],
        [-0.13995981, -0.14197556,  0.        , ...,  0.6328969 ,
          0.54499439,  0.30693534],
        ...,
        [-0.51830547, -0.51656315, -0.6328969 , ...,  0.        ,
          0.10869155,  0.36470679],
        [-0.42228225, -0.42043574, -0.54499439, ..., -0.10869155,
          0.        ,  0.26134095],
        [-0.17071023, -0.16870368, -0.30693534, ..., -0.36470679,
         -0.26134095,  0.        ]]]), 'num': array([8.87706940e-01, 4.36167654e-01, 8.43998665e-06, 8.85371149e-04,
       8.85371149e-04, 8.72131954e-04, 1.47404814e-01, 0.00000000e+00,
       8.80406451e-04, 8.61126873e-04, 8.10349045e-04, 1.18873051e-06,
       8.96205665e-04, 8.26048082e-04])}
{'img': array([[[ 0.        , -0.03708639, -0.19140319, ...,  0.53176819,
          0.74348269,  0.74348269],
        [ 0.03708639,  0.        , -0.1548708 , ...,  0.49999428,
          0.7181695 ,  0.7181695 ],
        [ 0.19140319,  0.1548708 ,  0.        , ...,  0.35983915,
          0.60173493,  0.60173493],
        ...,
        [-0.53176819, -0.49999428, -0.35983915, ...,  0.        ,
         -0.27402528, -0.27402528],
        [-0.74348269, -0.7181695 , -0.60173493, ...,  0.27402528,
          0.        ,  0.        ],
        [-0.74348269, -0.7181695 , -0.60173493, ...,  0.27402528,
          0.        ,  0.        ]],

       [[ 0.        , -0.55399194, -0.01541944, ...,  0.22031445,
         -0.04615677,  0.11742338],
        [ 0.55399194,  0.        ,  0.54108906, ...,  0.72379638,
          0.51497498,  0.64791695],
        [ 0.01541944, -0.54108906,  0.        , ...,  0.23532882,
         -0.03074828,  0.13272219],
        ...,
        [-0.22031445, -0.72379638, -0.23532882, ...,  0.        ,
         -0.26510228, -0.10425214],
        [ 0.04615677, -0.51497498,  0.03074828, ...,  0.26510228,
          0.        ,  0.16313568],
        [-0.11742338, -0.64791695, -0.13272219, ...,  0.10425214,
         -0.16313568,  0.        ]],

       [[ 0.        ,  0.00527602,  0.00527602, ...,  0.78271681,
          0.63235872,  0.39702402],
        [-0.00527602,  0.        ,  0.        , ...,  0.7859896 ,
          0.63643712,  0.40186087],
        [-0.00527602,  0.        ,  0.        , ...,  0.7859896 ,
          0.63643712,  0.40186087],
        ...,
        [-0.78271681, -0.7859896 , -0.7859896 , ...,  0.        ,
          0.21278554,  0.4712849 ],
        [-0.63235872, -0.63643712, -0.63643712, ..., -0.21278554,
          0.        ,  0.27281917],
        [-0.39702402, -0.40186087, -0.40186087, ..., -0.4712849 ,
         -0.27281917,  0.        ]],

       ...,

       [[ 0.        ,  0.27749698,  0.64040478, ...,  0.99999668,
          0.99999668,  0.96162285],
        [-0.27749698,  0.        ,  0.40212575, ...,  0.96143875,
          0.96143875,  0.99999472],
        [-0.64040478, -0.40212575,  0.        , ...,  0.76968608,
          0.76968608,  0.91427338],
        ...,
        [-0.99999668, -0.96143875, -0.76968608, ...,  0.        ,
          0.        ,  0.27189462],
        [-0.99999668, -0.96143875, -0.76968608, ...,  0.        ,
          0.        ,  0.27189462],
        [-0.96162285, -0.99999472, -0.91427338, ..., -0.27189462,
         -0.27189462,  0.        ]],

       [[ 0.        , -0.11294838, -0.25644494, ...,  0.9964412 ,
          0.98093848,  0.88502712],
        [ 0.11294838,  0.        , -0.14563266, ...,  0.98054432,
          0.95271336,  0.82678177],
        [ 0.25644494,  0.14563266,  0.        , ...,  0.94150309,
          0.89830276,  0.73604554],
        ...,
        [-0.9964412 , -0.98054432, -0.94150309, ...,  0.        ,
          0.11094288,  0.38928305],
        [-0.98093848, -0.95271336, -0.89830276, ..., -0.11094288,
          0.        ,  0.28468842],
        [-0.88502712, -0.82678177, -0.73604554, ..., -0.38928305,
         -0.28468842,  0.        ]],

       [[ 0.        ,  0.14168937,  0.2667808 , ...,  0.44585205,
          0.29137889,  0.1683688 ],
        [-0.14168937,  0.        ,  0.12753513, ...,  0.56818103,
          0.42398037,  0.30633678],
        [-0.2667808 , -0.12753513,  0.        , ...,  0.66849041,
          0.53602309,  0.42523891],
        ...,
        [-0.44585205, -0.56818103, -0.66849041, ...,  0.        ,
          0.16569033,  0.28877906],
        [-0.29137889, -0.42398037, -0.53602309, ..., -0.16569033,
          0.        ,  0.12615629],
        [-0.1683688 , -0.30633678, -0.42523891, ..., -0.28877906,
         -0.12615629,  0.        ]]]), 'num': array([ 9.58313817e-01,  1.69864198e-01,  1.51624927e-05,  9.51085185e-04,
        9.76691325e-04,  9.51085185e-04,  2.29724933e-01, -2.74351496e-05,
