state_0,state_1,state_2,state_3,state_4,state_5,state_6,state_7,state_8,state_9,state_10,state_11,state_12,state_13,state_14,state_15,state_16,state_17,state_18,state_19,state_20,state_21,state_22,state_23,state_24,state_25,state_26,state_27,state_28,state_29,state_30,state_31,state_32,state_33,state_34,state_35,state_36,state_37,state_38,state_39,state_40,state_41,state_42,state_43,state_44,state_45,state_46,state_47,state_48,state_49,state_50,state_51,state_52,state_53,state_54,state_55,state_56,state_57,state_58,state_59,state_60,state_61,state_62,state_63,state_64,state_65,state_66,state_67,state_68,state_69,state_70,state_71,state_72,state_73,state_74,state_75,state_76,state_77,state_78,state_79,state_80,state_81,state_82,state_83,state_84,state_85,state_86,state_87,state_88,state_89,state_90,state_91,state_92,state_93,state_94,state_95,state_96,state_97,state_98,state_99,state_100,state_101,state_102,state_103,state_104,state_105,state_106,state_107,state_108,state_109,state_110,state_111,state_112,state_113,state_114,state_115,state_116,state_117,state_118,state_119,state_120,state_121,state_122,state_123,state_124,state_125,state_126,state_127,state_128,state_129,state_130,state_131,state_132,state_133,state_134,state_135,state_136,state_137,state_138,state_139,state_140,state_141,state_142,state_143,state_144,state_145,state_146,state_147,state_148,state_149,state_150,state_151,state_152,state_153,state_154,state_155,state_156,state_157,state_158,state_159,state_160,state_161,state_162,state_163,state_164,state_165,state_166,state_167,state_168,state_169,state_170,state_171,state_172,state_173,state_174,state_175,state_176,state_177,state_178,state_179,state_180,state_181,state_182,state_183,state_184,state_185,state_186,state_187,state_188,state_189,state_190,state_191,state_192,state_193,state_194,state_195,state_196,state_197,state_198,state_199,state_200,state_201,state_202,state_203,state_204,state_205,state_206,state_207,state_208,state_209,state_210,state_211,state_212,state_213,state_214,state_215,state_216,state_217,state_218,state_219,state_220,state_221,state_222,state_223,state_224,state_225,state_226,state_227,state_228,state_229,state_230,state_231,state_232,state_233,state_234,state_235,state_236,state_237,state_238,state_239,state_240,state_241,state_242,state_243,state_244,state_245,state_246,state_247,state_248,state_249,state_250,state_251,state_252,state_253,state_254,state_255,state_256,state_257,state_258,state_259,state_260,state_261,state_262,state_263,state_264,state_265,state_266,state_267,state_268,state_269,state_270,state_271,state_272,state_273,state_274,state_275,state_276,state_277,state_278,state_279,state_280,state_281,state_282,state_283,state_284,state_285,state_286,state_287
{'img': array([[[ 0.00000000e+00, -8.80881223e-02, -2.42877392e-01, ...,
          9.25108446e-01,  7.15720472e-01,  6.51731714e-01],
        [ 8.80881223e-02,  0.00000000e+00, -1.56482752e-01, ...,
          9.54959582e-01,  7.74457829e-01,  7.16008628e-01],
        [ 2.42877392e-01,  1.56482752e-01,  0.00000000e+00, ...,
          9.89629191e-01,  8.63912029e-01,  8.16427165e-01],
        ...,
        [-9.25108446e-01, -9.54959582e-01, -9.89629191e-01, ...,
          0.00000000e+00, -3.74322376e-01, -4.54183633e-01],
        [-7.15720472e-01, -7.74457829e-01, -8.63912029e-01, ...,
          3.74322376e-01,  0.00000000e+00, -8.76770296e-02],
        [-6.51731714e-01, -7.16008628e-01, -8.16427165e-01, ...,
          4.54183633e-01,  8.76770296e-02,  0.00000000e+00]],

       [[ 0.00000000e+00,  3.39031049e-01,  2.11459790e-01, ...,
          4.43011792e-01, -7.20386189e-03, -2.64737064e-02],
        [-3.39031049e-01,  0.00000000e+00, -1.32428314e-01, ...,
          1.12827814e-01, -3.45799466e-01, -3.63818028e-01],
        [-2.11459790e-01,  1.32428314e-01,  0.00000000e+00, ...,
          2.43416793e-01, -2.18495262e-01, -2.37260724e-01],
        ...,
        [-4.43011792e-01, -1.12827814e-01, -2.43416793e-01, ...,
          0.00000000e+00, -4.49458673e-01, -4.66590617e-01],
        [ 7.20386189e-03,  3.45799466e-01,  2.18495262e-01, ...,
          4.49458673e-01,  0.00000000e+00, -1.92716825e-02],
        [ 2.64737064e-02,  3.63818028e-01,  2.37260724e-01, ...,
          4.66590617e-01,  1.92716825e-02,  0.00000000e+00]],

       [[ 0.00000000e+00, -6.46766169e-02, -1.34025451e-01, ...,
          9.65208694e-01,  9.97906276e-01,  9.10482877e-01],
        [ 6.46766169e-02,  0.00000000e+00, -6.96517413e-02, ...,
          9.80099502e-01,  1.00000000e+00,  9.35323383e-01],
        [ 1.34025451e-01,  6.96517413e-02,  0.00000000e+00, ...,
          9.91545549e-01,  9.97571368e-01,  9.57694193e-01],
        ...,
        [-9.65208694e-01, -9.80099502e-01, -9.91545549e-01, ...,
          0.00000000e+00,  1.98506839e-01, -1.61085200e-01],
        [-9.97906276e-01, -1.00000000e+00, -9.97571368e-01, ...,
         -1.98506839e-01,  0.00000000e+00, -3.53793964e-01],
        [-9.10482877e-01, -9.35323383e-01, -9.57694193e-01, ...,
          1.61085200e-01,  3.53793964e-01,  0.00000000e+00]],

       ...,

       [[ 0.00000000e+00,  0.00000000e+00, -1.29056593e-01, ...,
          4.88534491e-01,  3.26276735e-01,  2.77751720e-01],
        [ 0.00000000e+00,  0.00000000e+00, -1.29056593e-01, ...,
          4.88534491e-01,  3.26276735e-01,  2.77751720e-01],
        [ 1.29056593e-01,  1.29056593e-01,  0.00000000e+00, ...,
          5.97056620e-01,  4.45542037e-01,  3.99407535e-01],
        ...,
        [-4.88534491e-01, -4.88534491e-01, -5.97056620e-01, ...,
          0.00000000e+00, -1.77108098e-01, -2.26961313e-01],
        [-3.26276735e-01, -3.26276735e-01, -4.45542037e-01, ...,
          1.77108098e-01,  0.00000000e+00, -5.08871283e-02],
        [-2.77751720e-01, -2.77751720e-01, -3.99407535e-01, ...,
          2.26961313e-01,  5.08871283e-02,  0.00000000e+00]],

       [[ 0.00000000e+00, -1.43491743e-02,  5.63962094e-02, ...,
          9.99720122e-01,  9.99942434e-01,  9.99698564e-01],
        [ 1.43491743e-02,  0.00000000e+00,  7.07167403e-02, ...,
          9.99956662e-01,  9.99685522e-01,  9.99947936e-01],
        [-5.63962094e-02, -7.07167403e-02,  0.00000000e+00, ...,
          9.96794842e-01,  9.98956113e-01,  9.96722894e-01],
        ...,
        [-9.99720122e-01, -9.99956662e-01, -9.96794842e-01, ...,
          0.00000000e+00,  3.43829287e-02, -8.94365767e-04],
        [-9.99942434e-01, -9.99685522e-01, -9.98956113e-01, ...,
         -3.43829287e-02,  0.00000000e+00, -3.52767519e-02],
        [-9.99698564e-01, -9.99947936e-01, -9.96722894e-01, ...,
          8.94365767e-04,  3.52767519e-02,  0.00000000e+00]],

       [[ 0.00000000e+00, -5.57697513e-02, -1.66480149e-01, ...,
          6.23391563e-01,  6.67781525e-01,  8.66006850e-01],
        [ 5.57697513e-02,  0.00000000e+00, -1.11229575e-01, ...,
          6.66028268e-01,  7.08254850e-01,  8.92545714e-01],
        [ 1.66480149e-01,  1.11229575e-01,  0.00000000e+00, ...,
          7.44864476e-01,  7.82383224e-01,  9.37166981e-01],
        ...,
        [-6.23391563e-01, -6.66028268e-01, -7.44864476e-01, ...,
          0.00000000e+00,  5.81188486e-02,  3.65423442e-01],
        [-6.67781525e-01, -7.08254850e-01, -7.82383224e-01, ...,
         -5.81188486e-02,  0.00000000e+00,  3.10706326e-01],
        [-8.66006850e-01, -8.92545714e-01, -9.37166981e-01, ...,
         -3.65423442e-01, -3.10706326e-01,  0.00000000e+00]]]), 'num': array([ 9.15137299e-01,  4.03121817e-01,  8.49113569e-06,  1.38009564e-03,
        1.39611665e-03,  1.36636334e-03,  1.07095879e-03, -2.05984424e-05,
        1.40572926e-03,  1.40069408e-03,  1.33889875e-03,  1.13302763e-06,
        1.43860671e-03,  1.36278145e-03])}
{'img': array([[[ 0.        , -0.15648275, -0.20176779, ...,  0.77445783,
          0.71600863,  0.53464406],
        [ 0.15648275,  0.        , -0.04601772, ...,  0.86391203,
          0.81642717,  0.66029764],
        [ 0.20176779,  0.04601772,  0.        , ...,  0.88617331,
          0.84213512,  0.69415763],
        ...,
        [-0.77445783, -0.86391203, -0.88617331, ...,  0.        ,
         -0.08767703, -0.31624729],
        [-0.71600863, -0.81642717, -0.84213512, ...,  0.08767703,
          0.        , -0.23185224],
        [-0.53464406, -0.66029764, -0.69415763, ...,  0.31624729,
          0.23185224,  0.        ]],

       [[ 0.        , -0.13242831, -0.51382004, ..., -0.34579947,
         -0.36381803, -0.21485369],
        [ 0.13242831,  0.        , -0.39568463, ..., -0.21849526,
         -0.23726072, -0.08362577],
        [ 0.51382004,  0.39568463,  0.        , ...,  0.18546101,
          0.16648922,  0.31749786],
        ...,
        [ 0.34579947,  0.21849526, -0.18546101, ...,  0.        ,
         -0.01927168,  0.13612472],
        [ 0.36381803,  0.23726072, -0.16648922, ...,  0.01927168,
          0.        ,  0.15519174],
        [ 0.21485369,  0.08362577, -0.31749786, ..., -0.13612472,
         -0.15519174,  0.        ]],

       [[ 0.        , -0.06965174, -0.13930348, ...,  1.        ,
          0.93532338,  0.80597015],
        [ 0.06965174,  0.        , -0.06999255, ...,  0.99757137,
          0.95769419,  0.84524352],
        [ 0.13930348,  0.06999255,  0.        , ...,  0.99024974,
          0.97548846,  0.88057328],
        ...,
        [-1.        , -0.99757137, -0.99024974, ...,  0.        ,
         -0.35379396, -0.59195618],
        [-0.93532338, -0.95769419, -0.97548846, ...,  0.35379396,
          0.        , -0.26852308],
        [-0.80597015, -0.84524352, -0.88057328, ...,  0.59195618,
          0.26852308,  0.        ]],

       ...,

       [[ 0.        , -0.12905659, -0.20058603, ...,  0.32627673,
          0.27775172,  0.26213239],
        [ 0.12905659,  0.        , -0.07247492, ...,  0.44554204,
          0.39940754,  0.38448397],
        [ 0.20058603,  0.07247492,  0.        , ...,  0.50925433,
          0.46480027,  0.45037676],
        ...,
        [-0.32627673, -0.44554204, -0.50925433, ...,  0.        ,
         -0.05088713, -0.06708046],
        [-0.27775172, -0.39940754, -0.46480027, ...,  0.05088713,
          0.        , -0.01622104],
        [-0.26213239, -0.38448397, -0.45037676, ...,  0.06708046,
          0.01622104,  0.        ]],

       [[ 0.        ,  0.07071674,  0.13376625, ...,  0.99968552,
          0.99994794,  0.99998742],
        [-0.07071674,  0.        ,  0.06335016, ...,  0.99895611,
          0.99672289,  0.99783861],
        [-0.13376625, -0.06335016,  0.        , ...,  0.99405572,
          0.98959633,  0.99167142],
        ...,
        [-0.99968552, -0.99895611, -0.99405572, ...,  0.        ,
         -0.03527675, -0.02006226],
        [-0.99994794, -0.99672289, -0.98959633, ...,  0.03527675,
          0.        ,  0.01521988],
        [-0.99998742, -0.99783861, -0.99167142, ...,  0.02006226,
         -0.01521988,  0.        ]],

       [[ 0.        , -0.11122958, -0.21373892, ...,  0.70825485,
          0.89254571,  0.78616415],
        [ 0.11122958,  0.        , -0.10375346, ...,  0.78238322,
          0.93716698,  0.85002764],
        [ 0.21373892,  0.10375346,  0.        , ...,  0.84277811,
          0.96830676,  0.90009098],
        ...,
        [-0.70825485, -0.78238322, -0.84277811, ...,  0.        ,
          0.31070633,  0.11728389],
        [-0.89254571, -0.93716698, -0.96830676, ..., -0.31070633,
          0.        , -0.19708292],
        [-0.78616415, -0.85002764, -0.90009098, ..., -0.11728389,
          0.19708292,  0.        ]]]), 'num': array([ 7.08453740e-01,  7.05754423e-01,  4.48391522e-08,  6.74829241e-04,
        6.86039029e-04,  6.72587283e-04,  5.48707915e-04, -1.12097881e-06,
        6.85366441e-04,  6.86263224e-04,  6.56220992e-04,  5.13781952e-07,
        7.04165224e-04,  6.68361225e-04])}
{'img': array([[[ 0.        , -0.04601772, -0.04601772, ...,  0.81642717,
          0.66029764,  0.64194036],
        [ 0.04601772,  0.        ,  0.        , ...,  0.84213512,
          0.69415763,  0.6765446 ],
        [ 0.04601772,  0.        ,  0.        , ...,  0.84213512,
          0.69415763,  0.6765446 ],
        ...,
        [-0.81642717, -0.84213512, -0.84213512, ...,  0.        ,
         -0.23185224, -0.25531181],
        [-0.66029764, -0.69415763, -0.69415763, ...,  0.23185224,
          0.        , -0.02418645],
        [-0.64194036, -0.6765446 , -0.6765446 , ...,  0.25531181,
          0.02418645,  0.        ]],

       [[ 0.        , -0.39568463, -0.13762914, ..., -0.23726072,
         -0.08362577, -0.04987518],
        [ 0.39568463,  0.        ,  0.26552249, ...,  0.16648922,
          0.31749786,  0.34938749],
        [ 0.13762914, -0.26552249,  0.        , ..., -0.10130363,
          0.05431708,  0.0880573 ],
        ...,
        [ 0.23726072, -0.16648922,  0.10130363, ...,  0.        ,
          0.15519174,  0.1885144 ],
        [ 0.08362577, -0.31749786, -0.05431708, ..., -0.15519174,
          0.        ,  0.03382122],
        [ 0.04987518, -0.34938749, -0.0880573 , ..., -0.1885144 ,
         -0.03382122,  0.        ]],

       [[ 0.        , -0.06999255, -0.13026306, ...,  0.95769419,
          0.84524352,  0.78165898],
        [ 0.06999255,  0.        , -0.06054742, ...,  0.97548846,
          0.88057328,  0.82339675],
        [ 0.13026306,  0.06054742,  0.        , ...,  0.98702225,
          0.90765175,  0.85624469],
        ...,
        [-0.95769419, -0.97548846, -0.98702225, ...,  0.        ,
         -0.26852308, -0.37236772],
        [-0.84524352, -0.88057328, -0.90765175, ...,  0.26852308,
          0.        , -0.10947955],
        [-0.78165898, -0.82339675, -0.85624469, ...,  0.37236772,
          0.10947955,  0.        ]],

       ...,

       [[ 0.        , -0.07247492, -0.56998226, ...,  0.39940754,
          0.38448397,  0.27150704],
        [ 0.07247492,  0.        , -0.50893382, ...,  0.46480027,
          0.45037676,  0.34054554],
        [ 0.56998226,  0.50893382,  0.        , ...,  0.85072062,
          0.84208262,  0.77165737],
        ...,
        [-0.39940754, -0.46480027, -0.85072062, ...,  0.        ,
         -0.01622104, -0.13549392],
        [-0.38448397, -0.45037676, -0.84208262, ...,  0.01622104,
          0.        , -0.11940464],
        [-0.27150704, -0.34054554, -0.77165737, ...,  0.13549392,
          0.11940464,  0.        ]],

       [[ 0.        ,  0.06335016,  0.01496486, ...,  0.99672289,
          0.99783861,  0.99461639],
        [-0.06335016,  0.        , -0.04840826, ...,  0.98959633,
          0.99167142,  0.98605387],
        [-0.01496486,  0.04840826,  0.        , ...,  0.99540075,
          0.99674349,  0.99295427],
        ...,
        [-0.99672289, -0.98959633, -0.99540075, ...,  0.        ,
          0.01521988, -0.02282965],
        [-0.99783861, -0.99167142, -0.99674349, ..., -0.01521988,
          0.        , -0.03804292],
        [-0.99461639, -0.98605387, -0.99295427, ...,  0.02282965,
          0.03804292,  0.        ]],

       [[ 0.        , -0.10344454, -0.16931686, ...,  0.902642  ,
          0.84093165,  0.93821389],
        [ 0.10344454,  0.        , -0.06645755, ...,  0.94232125,
          0.89239836,  0.96897817],
        [ 0.16931686,  0.06645755,  0.        , ...,  0.96248201,
          0.92041436,  0.98326075],
        ...,
        [-0.902642  , -0.94232125, -0.96248201, ...,  0.        ,
         -0.12652652,  0.09143529],
        [-0.84093165, -0.89239836, -0.92041436, ...,  0.12652652,
          0.        ,  0.21669695],
        [-0.93821389, -0.96897817, -0.98326075, ..., -0.09143529,
         -0.21669695,  0.        ]]]), 'num': array([7.08460439e-01, 7.05747696e-01, 4.48387248e-08, 6.78185713e-04,
       6.82669586e-04, 6.71459905e-04, 5.55506962e-04, 3.36290436e-06,
       6.80876037e-04, 6.86592974e-04, 6.56849953e-04, 5.72668497e-07,
       7.03600687e-04, 6.69585261e-04])}
{'img': array([[[ 0.        ,  0.        ,  0.26611959, ...,  0.69415763,
          0.6765446 ,  0.72874972],
        [ 0.        ,  0.        ,  0.26611959, ...,  0.69415763,
          0.6765446 ,  0.72874972],
        [-0.26611959, -0.26611959,  0.        , ...,  0.47756731,
          0.45617751,  0.52023762],
        ...,
        [-0.69415763, -0.69415763, -0.47756731, ...,  0.        ,
         -0.02418645,  0.04922547],
        [-0.6765446 , -0.6765446 , -0.45617751, ...,  0.02418645,
          0.        ,  0.0733682 ],
        [-0.72874972, -0.72874972, -0.52023762, ..., -0.04922547,
         -0.0733682 ,  0.        ]],

       [[ 0.        ,  0.26552249,  0.36905414, ...,  0.31749786,
          0.34938749,  0.35805735],
        [-0.26552249,  0.        ,  0.10902812, ...,  0.05431708,
          0.0880573 ,  0.09728652],
        [-0.36905414, -0.10902812,  0.        , ..., -0.05487388,
         -0.02107223, -0.01180437],
        ...,
        [-0.31749786, -0.05431708,  0.05487388, ...,  0.        ,
          0.03382122,  0.04308348],
        [-0.34938749, -0.0880573 ,  0.02107223, ..., -0.03382122,
          0.        ,  0.00926902],
        [-0.35805735, -0.09728652,  0.01180437, ..., -0.04308348,
         -0.00926902,  0.        ]],

       [[ 0.        , -0.06054742, -0.06561661, ...,  0.88057328,
          0.82339675,  0.73801199],
        [ 0.06054742,  0.        , -0.00507928, ...,  0.90765175,
          0.85624469,  0.77751463],
        [ 0.06561661,  0.00507928,  0.        , ...,  0.90977194,
          0.85885746,  0.78069878],
        ...,
        [-0.88057328, -0.90765175, -0.90977194, ...,  0.        ,
         -0.10947955, -0.24444866],
        [-0.82339675, -0.85624469, -0.85885746, ...,  0.10947955,
          0.        , -0.13682111],
        [-0.73801199, -0.77751463, -0.78069878, ...,  0.24444866,
          0.13682111,  0.        ]],

       ...,

       [[ 0.        , -0.50893382,  0.22390622, ...,  0.45037676,
          0.34054554,  0.49614273],
        [ 0.50893382,  0.        ,  0.68875208, ...,  0.84208262,
          0.77165737,  0.86895966],
        [-0.22390622, -0.68875208,  0.        , ...,  0.23902989,
          0.12137643,  0.28914146],
        ...,
        [-0.45037676, -0.84208262, -0.23902989, ...,  0.        ,
         -0.11940464,  0.05193983],
        [-0.34054554, -0.77165737, -0.12137643, ...,  0.11940464,
          0.        ,  0.17081171],
        [-0.49614273, -0.86895966, -0.28914146, ..., -0.05193983,
         -0.17081171,  0.        ]],

       [[ 0.        , -0.04840826, -0.12361111, ...,  0.99167142,
          0.98605387,  0.97761951],
        [ 0.04840826,  0.        , -0.07542918, ...,  0.99674349,
          0.99295427,  0.98665755],
        [ 0.12361111,  0.07542918,  0.        , ...,  0.99998635,
          0.99906372,  0.9961273 ],
        ...,
        [-0.99167142, -0.99674349, -0.99998635, ...,  0.        ,
         -0.03804292, -0.08271751],
        [-0.98605387, -0.99295427, -0.99906372, ...,  0.03804292,
          0.        , -0.04474508],
        [-0.97761951, -0.98665755, -0.9961273 , ...,  0.08271751,
          0.04474508,  0.        ]],

       [[ 0.        , -0.06511264, -0.06795064, ...,  0.84501259,
          0.88524721,  0.97388992],
        [ 0.06511264,  0.        , -0.00284431, ...,  0.87803815,
          0.91365389,  0.98660517],
        [ 0.06795064,  0.00284431,  0.        , ...,  0.87939586,
          0.91480638,  0.98706516],
        ...,
        [-0.84501259, -0.87803815, -0.87939586, ...,  0.        ,
          0.08034982,  0.32894876],
        [-0.88524721, -0.91365389, -0.91480638, ..., -0.08034982,
          0.        ,  0.25200701],
        [-0.97388992, -0.98660517, -0.98706516, ..., -0.32894876,
         -0.25200701,  0.        ]]]), 'num': array([ 7.08438175e-01,  7.05770186e-01,  4.48401537e-08,  6.66997286e-04,
        6.88296359e-04,  6.66997286e-04,  3.63485496e-04, -1.12100384e-05,
        6.76413719e-04,  6.85605950e-04,  6.57356653e-04,  5.04451729e-07,
        7.04635300e-04,  6.66576600e-04])}
{'img': array([[[ 0.        ,  0.26611959,  0.2872599 , ...,  0.6765446 ,
          0.72874972,  0.54790398],
        [-0.26611959,  0.        ,  0.02199796, ...,  0.45617751,
          0.52023762,  0.30552657],
        [-0.2872599 , -0.02199796,  0.        , ...,  0.43649138,
          0.501325  ,  0.28450654],
        ...,
        [-0.6765446 , -0.45617751, -0.43649138, ...,  0.        ,
          0.0733682 , -0.16248005],
        [-0.72874972, -0.52023762, -0.501325  , ..., -0.0733682 ,
          0.        , -0.23443543],
        [-0.54790398, -0.30552657, -0.28450654, ...,  0.16248005,
          0.23443543,  0.        ]],

       [[ 0.        ,  0.10902812, -0.21260389, ...,  0.0880573 ,
          0.09728652, -0.23353398],
        [-0.10902812,  0.        , -0.31787205, ..., -0.02107223,
         -0.01180437, -0.33815514],
        [ 0.21260389,  0.31787205,  0.        , ...,  0.29782218,
          0.30665779, -0.02146993],
        ...,
        [-0.0880573 ,  0.02107223, -0.29782218, ...,  0.        ,
          0.00926902, -0.31824919],
        [-0.09728652,  0.01180437, -0.30665779, ..., -0.00926902,
          0.        , -0.32702261],
        [ 0.23353398,  0.33815514,  0.02146993, ...,  0.31824919,
          0.32702261,  0.        ]],

       [[ 0.        , -0.00507928,  0.01520652, ...,  0.85624469,
          0.77751463,  0.69440369],
        [ 0.00507928,  0.        ,  0.02028502, ...,  0.85885746,
          0.78069878,  0.69804971],
        [-0.01520652, -0.02028502,  0.        , ...,  0.84829045,
          0.76786188,  0.68338101],
        ...,
        [-0.85624469, -0.85885746, -0.84829045, ...,  0.        ,
         -0.13682111, -0.25743298],
        [-0.77751463, -0.78069878, -0.76786188, ...,  0.13682111,
          0.        , -0.1228023 ],
        [-0.69440369, -0.69804971, -0.68338101, ...,  0.25743298,
          0.1228023 ,  0.        ]],

       ...,

       [[ 0.        ,  0.68875208,  0.78115067, ...,  0.77165737,
          0.86895966,  0.75412464],
        [-0.68875208,  0.        ,  0.13631462, ...,  0.12137643,
          0.28914146,  0.094413  ],
        [-0.78115067, -0.13631462,  0.        , ..., -0.01506333,
          0.15595037, -0.042174  ],
        ...,
        [-0.77165737, -0.12137643,  0.01506333, ...,  0.        ,
          0.17081171, -0.02711929],
        [-0.86895966, -0.28914146, -0.15595037, ..., -0.17081171,
          0.        , -0.19746962],
        [-0.75412464, -0.094413  ,  0.042174  , ...,  0.02711929,
          0.19746962,  0.        ]],

       [[ 0.        , -0.07542918, -0.12175993, ...,  0.99295427,
          0.98665755,  0.99682541],
        [ 0.07542918,  0.        , -0.04654509, ...,  0.99906372,
          0.9961273 ,  0.99999117],
        [ 0.12175993,  0.04654509,  0.        , ...,  0.9999946 ,
          0.99914006,  0.99910295],
        ...,
        [-0.99295427, -0.99906372, -0.9999946 , ...,  0.        ,
         -0.04474508,  0.03906448],
        [-0.98665755, -0.9961273 , -0.99914006, ...,  0.04474508,
          0.        ,  0.08373629],
        [-0.99682541, -0.99999117, -0.99910295, ..., -0.03906448,
         -0.08373629,  0.        ]],

       [[ 0.        , -0.00284431, -0.00765498, ...,  0.91365389,
          0.98660517,  0.84446136],
        [ 0.00284431,  0.        , -0.00481073, ...,  0.91480638,
          0.98706516,  0.84598141],
        [ 0.00765498,  0.00481073,  0.        , ...,  0.91673881,
          0.98782499,  0.84853676],
        ...,
        [-0.91365389, -0.91480638, -0.91673881, ...,  0.        ,
          0.25200701, -0.14610042],
        [-0.98660517, -0.98706516, -0.98782499, ..., -0.25200701,
          0.        , -0.390688  ],
        [-0.84446136, -0.84598141, -0.84853676, ...,  0.14610042,
          0.390688  ,  0.        ]]]), 'num': array([7.96173060e-01, 6.05064517e-01, 3.17984264e-06, 7.55369734e-04,
       7.65424572e-04, 7.46571750e-04, 8.88256992e-04, 7.54112879e-06,
       7.55621105e-04, 7.68001125e-04, 7.37689976e-04, 5.51477106e-07,
       7.90108554e-04, 7.45893695e-04])}
{'img': array([[[ 0.        ,  0.02199796, -0.06615436, ...,  0.52023762,
          0.30552657,  0.43475289],
        [-0.02199796,  0.        , -0.08808812, ...,  0.501325  ,
          0.28450654,  0.41483743],
        [ 0.06615436,  0.08808812,  0.        , ...,  0.57559524,
          0.36784837,  0.49337582],
        ...,
        [-0.52023762, -0.501325  , -0.57559524, ...,  0.        ,
         -0.23443543, -0.09721154],
        [-0.30552657, -0.28450654, -0.36784837, ...,  0.23443543,
          0.        ,  0.13882267],
        [-0.43475289, -0.41483743, -0.49337582, ...,  0.09721154,
         -0.13882267,  0.        ]],

       [[ 0.        , -0.31787205, -0.09294159, ..., -0.01180437,
         -0.33815514,  0.26268431],
        [ 0.31787205,  0.        ,  0.22837511, ...,  0.30665779,
         -0.02146993,  0.55576879],
        [ 0.09294159, -0.22837511,  0.        , ...,  0.08118185,
         -0.24922502,  0.35122495],
        ...,
        [ 0.01180437, -0.30665779, -0.08118185, ...,  0.        ,
         -0.32702261,  0.27405583],
        [ 0.33815514,  0.02146993,  0.24922502, ...,  0.32702261,
          0.        ,  0.57348943],
        [-0.26268431, -0.55576879, -0.35122495, ..., -0.27405583,
         -0.57348943,  0.        ]],

       [[ 0.        ,  0.02028502,  0.05557963, ...,  0.78069878,
          0.69804971,  0.65109625],
        [-0.02028502,  0.        ,  0.03531453, ...,  0.76786188,
          0.68338101,  0.63556605],
        [-0.05557963, -0.03531453,  0.        , ...,  0.7447599 ,
          0.65717295,  0.60790516],
        ...,
        [-0.78069878, -0.76786188, -0.7447599 , ...,  0.        ,
         -0.1228023 , -0.18567166],
        [-0.69804971, -0.68338101, -0.65717295, ...,  0.1228023 ,
          0.        , -0.06359935],
        [-0.65109625, -0.63556605, -0.60790516, ...,  0.18567166,
          0.06359935,  0.        ]],

       ...,

       [[ 0.        ,  0.13631462, -0.0340052 , ...,  0.28914146,
          0.094413  ,  0.05794279],
        [-0.13631462,  0.        , -0.16992356, ...,  0.15595037,
         -0.042174  , -0.07868367],
        [ 0.0340052 ,  0.16992356,  0.        , ...,  0.32152695,
          0.1282117 ,  0.09185735],
        ...,
        [-0.28914146, -0.15595037, -0.32152695, ...,  0.        ,
         -0.19746962, -0.23318784],
        [-0.094413  ,  0.042174  , -0.1282117 , ...,  0.19746962,
          0.        , -0.03657042],
        [-0.05794279,  0.07868367, -0.09185735, ...,  0.23318784,
          0.03657042,  0.        ]],

       [[ 0.        , -0.04654509, -0.06865095, ...,  0.9961273 ,
          0.99999117,  0.99999748],
        [ 0.04654509,  0.        , -0.02214126, ...,  0.99914006,
          0.99910295,  0.99880922],
        [ 0.06865095,  0.02214126,  0.        , ...,  0.99981315,
          0.9979204 ,  0.99748416],
        ...,
        [-0.9961273 , -0.99914006, -0.99981315, ...,  0.        ,
          0.08373629,  0.09015804],
        [-0.99999117, -0.99910295, -0.9979204 , ..., -0.08373629,
          0.        ,  0.00644613],
        [-0.99999748, -0.99880922, -0.99748416, ..., -0.09015804,
         -0.00644613,  0.        ]],

       [[ 0.        , -0.00481073, -0.02292224, ...,  0.98706516,
          0.84598141,  0.80057814],
        [ 0.00481073,  0.        , -0.01811251, ...,  0.98782499,
          0.84853676,  0.8034516 ],
        [ 0.02292224,  0.01811251,  0.        , ...,  0.99048069,
          0.85798155,  0.81410344],
        ...,
        [-0.98706516, -0.98782499, -0.99048069, ...,  0.        ,
         -0.390688  , -0.4631291 ],
        [-0.84598141, -0.84853676, -0.85798155, ...,  0.390688  ,
          0.        , -0.08005787],
        [-0.80057814, -0.8034516 , -0.81410344, ...,  0.4631291 ,
          0.08005787,  0.        ]]]), 'num': array([ 7.85870936e-01,  6.18386733e-01,  2.82435417e-06,  7.37815868e-04,
        7.52746375e-04,  7.31594824e-04,  5.04862639e-04, -9.95367107e-06,
        7.45529963e-04,  7.59091840e-04,  7.30516509e-04,  4.90505425e-07,
        7.83049243e-04,  7.35134437e-04])}
{'img': array([[[ 0.        , -0.08808812,  0.021982  , ...,  0.28450654,
          0.41483743,  0.24091817],
        [ 0.08808812,  0.        ,  0.10996339, ...,  0.36784837,
          0.49337582,  0.32547517],
        [-0.021982  , -0.10996339,  0.        , ...,  0.26336422,
          0.39473586,  0.21952542],
        ...,
        [-0.28450654, -0.36784837, -0.26336422, ...,  0.        ,
          0.13882267, -0.04516452],
        [-0.41483743, -0.49337582, -0.39473586, ..., -0.13882267,
          0.        , -0.18340821],
        [-0.24091817, -0.32547517, -0.21952542, ...,  0.04516452,
          0.18340821,  0.        ]],

       [[ 0.        ,  0.22837511, -0.36741667, ..., -0.02146993,
          0.55576879,  0.16028689],
        [-0.22837511,  0.        , -0.57010877, ..., -0.24922502,
          0.35122495, -0.06937131],
        [ 0.36741667,  0.57010877,  0.        , ...,  0.34736373,
          0.82234338,  0.511742  ],
        ...,
        [ 0.02146993,  0.24922502, -0.34736373, ...,  0.        ,
          0.57348943,  0.18144228],
        [-0.55576879, -0.35122495, -0.82234338, ..., -0.57348943,
          0.        , -0.41533056],
        [-0.16028689,  0.06937131, -0.511742  , ..., -0.18144228,
          0.41533056,  0.        ]],

       [[ 0.        ,  0.03531453,  0.10525377, ...,  0.68338101,
          0.63556605,  0.59138198],
        [-0.03531453,  0.        ,  0.07006975, ...,  0.65717295,
          0.60790516,  0.56253577],
        [-0.10525377, -0.07006975,  0.        , ...,  0.60274333,
          0.55077493,  0.50322134],
        ...,
        [-0.68338101, -0.65717295, -0.60274333, ...,  0.        ,
         -0.06359935, -0.11932721],
        [-0.63556605, -0.60790516, -0.55077493, ...,  0.06359935,
          0.        , -0.05594071],
        [-0.59138198, -0.56253577, -0.50322134, ...,  0.11932721,
          0.05594071,  0.        ]],

       ...,

       [[ 0.        , -0.16992356, -0.24085318, ..., -0.042174  ,
         -0.07868367, -0.22349567],
        [ 0.16992356,  0.        , -0.07242924, ...,  0.1282117 ,
          0.09185735, -0.05462009],
        [ 0.24085318,  0.07242924,  0.        , ...,  0.19970643,
          0.16373911,  0.01784448],
        ...,
        [ 0.042174  , -0.1282117 , -0.19970643, ...,  0.        ,
         -0.03657042, -0.18218961],
        [ 0.07868367, -0.09185735, -0.16373911, ...,  0.03657042,
          0.        , -0.14610939],
        [ 0.22349567,  0.05462009, -0.01784448, ...,  0.18218961,
          0.14610939,  0.        ]],

       [[ 0.        , -0.02214126, -0.03803261, ...,  0.99910295,
          0.99880922,  0.99197671],
        [ 0.02214126,  0.        , -0.01589805, ...,  0.9979204 ,
          0.99748416,  0.98893442],
        [ 0.03803261,  0.01589805,  0.        , ...,  0.99676952,
          0.99623109,  0.98645091],
        ...,
        [-0.99910295, -0.9979204 , -0.99676952, ...,  0.        ,
          0.00644613,  0.08429979],
        [-0.99880922, -0.99748416, -0.99623109, ..., -0.00644613,
          0.        ,  0.07787485],
        [-0.99197671, -0.98893442, -0.98645091, ..., -0.08429979,
         -0.07787485,  0.        ]],

       [[ 0.        , -0.01811251, -0.02175893, ...,  0.84853676,
          0.8034516 ,  0.70816304],
        [ 0.01811251,  0.        , -0.00364714, ...,  0.85798155,
          0.81410344,  0.72083519],
        [ 0.02175893,  0.00364714,  0.        , ...,  0.85984931,
          0.816216  ,  0.72335825],
        ...,
        [-0.84853676, -0.85798155, -0.85984931, ...,  0.        ,
         -0.08005787, -0.22439361],
        [-0.8034516 , -0.81410344, -0.816216  , ...,  0.08005787,
          0.        , -0.14565707],
        [-0.70816304, -0.72083519, -0.72335825, ...,  0.22439361,
          0.14565707,  0.        ]]]), 'num': array([7.78338146e-01, 6.27841648e-01, 2.50827497e-06, 7.37727932e-04,
       7.37727932e-04, 7.22973374e-04, 4.82019136e-04, 8.60682588e-06,
       7.36252477e-04, 7.49900443e-04, 7.22276631e-04, 4.98778319e-07,
       7.73980729e-04, 7.25820158e-04])}
{'img': array([[[ 0.        ,  0.10996339,  0.06615436, ...,  0.49337582,
          0.32547517,  0.47262915],
        [-0.10996339,  0.        , -0.04396933, ...,  0.39473586,
          0.21952542,  0.37285646],
        [-0.06615436,  0.04396933,  0.        , ...,  0.43475289,
          0.26220988,  0.41329452],
        ...,
        [-0.49337582, -0.39473586, -0.43475289, ...,  0.        ,
         -0.18340821, -0.02369256],
        [-0.32547517, -0.21952542, -0.26220988, ...,  0.18340821,
          0.        ,  0.16006606],
        [-0.47262915, -0.37285646, -0.41329452, ...,  0.02369256,
         -0.16006606,  0.        ]],

       [[ 0.        , -0.57010877, -0.04872224, ...,  0.35122495,
         -0.06937131, -0.09575649],
        [ 0.57010877,  0.        ,  0.529403  , ...,  0.82234338,
          0.511742  ,  0.48881842],
        [ 0.04872224, -0.529403  ,  0.        , ...,  0.39642602,
         -0.02068406, -0.04714442],
        ...,
        [-0.35122495, -0.82234338, -0.39642602, ...,  0.        ,
         -0.41533056, -0.43926694],
        [ 0.06937131, -0.511742  ,  0.02068406, ...,  0.41533056,
          0.        , -0.02647327],
        [ 0.09575649, -0.48881842,  0.04714442, ...,  0.43926694,
          0.02647327,  0.        ]],

       [[ 0.        ,  0.07006975,  0.12954658, ...,  0.60790516,
          0.56253577,  0.55340001],
        [-0.07006975,  0.        ,  0.05974888, ...,  0.55077493,
          0.50322134,  0.49367762],
        [-0.12954658, -0.05974888,  0.        , ...,  0.49992131,
          0.45068986,  0.44083532],
        ...,
        [-0.60790516, -0.55077493, -0.49992131, ...,  0.        ,
         -0.05594071, -0.06692875],
        [-0.56253577, -0.50322134, -0.45068986, ...,  0.05594071,
          0.        , -0.01100867],
        [-0.55340001, -0.49367762, -0.44083532, ...,  0.06692875,
          0.01100867,  0.        ]],

       ...,

       [[ 0.        , -0.07242924,  0.03055162, ...,  0.09185735,
         -0.05462009, -0.01669373],
        [ 0.07242924,  0.        ,  0.1028668 , ...,  0.16373911,
          0.01784448,  0.05576926],
        [-0.03055162, -0.1028668 ,  0.        , ...,  0.06139201,
         -0.08510061, -0.0472333 ],
        ...,
        [-0.09185735, -0.16373911, -0.06139201, ...,  0.        ,
         -0.14610939, -0.1084677 ],
        [ 0.05462009, -0.01784448,  0.08510061, ...,  0.14610939,
          0.        ,  0.03794367],
        [ 0.01669373, -0.05576926,  0.0472333 , ...,  0.1084677 ,
         -0.03794367,  0.        ]],

       [[ 0.        , -0.01589805, -0.0429724 , ...,  0.99748416,
          0.98893442,  0.9864986 ],
        [ 0.01589805,  0.        , -0.02708361, ...,  0.99623109,
          0.98645091,  0.9837703 ],
        [ 0.0429724 ,  0.02708361,  0.        , ...,  0.99351644,
          0.9816458 ,  0.97854975],
        ...,
        [-0.99748416, -0.99623109, -0.99351644, ...,  0.        ,
          0.07787485,  0.09342511],
        [-0.98893442, -0.98645091, -0.9816458 , ..., -0.07787485,
          0.        ,  0.01560714],
        [-0.9864986 , -0.9837703 , -0.97854975, ..., -0.09342511,
         -0.01560714,  0.        ]],

       [[ 0.        , -0.00364714, -0.0106041 , ...,  0.81410344,
          0.72083519,  0.70253786],
        [ 0.00364714,  0.        , -0.00695709, ...,  0.816216  ,
          0.72335825,  0.70512866],
        [ 0.0106041 ,  0.00695709,  0.        , ...,  0.82021568,
          0.72814443,  0.71004473],
        ...,
        [-0.81410344, -0.816216  , -0.82021568, ...,  0.        ,
         -0.14565707, -0.17137606],
        [-0.72083519, -0.72335825, -0.72814443, ...,  0.14565707,
          0.        , -0.02604618],
        [-0.70253786, -0.70512866, -0.71004473, ...,  0.17137606,
          0.02604618,  0.        ]]]), 'num': array([ 7.52350039e-01,  6.58760373e-01,  1.57029640e-06,  7.09012618e-04,
        7.17339947e-04,  7.01874907e-04,  3.32391301e-04, -4.75847394e-06,
        7.10202236e-04,  7.24715582e-04,  6.99178438e-04,  5.06471237e-07,
        7.49102471e-04,  7.00328693e-04])}
{'img': array([[[ 0.        , -0.04396933, -0.06596198, ...,  0.21952542,
          0.37285646,  0.28527487],
        [ 0.04396933,  0.        , -0.02202462, ...,  0.26220988,
          0.41329452,  0.32714119],
        [ 0.06596198,  0.02202462,  0.        , ...,  0.28340028,
          0.43324983,  0.34787456],
        ...,
        [-0.21952542, -0.26220988, -0.28340028, ...,  0.        ,
          0.16006606,  0.0679129 ],
        [-0.37285646, -0.41329452, -0.43324983, ..., -0.16006606,
          0.        , -0.09265926],
        [-0.28527487, -0.32714119, -0.34787456, ..., -0.0679129 ,
          0.09265926,  0.        ]],

       [[ 0.        ,  0.529403  ,  0.87901858, ...,  0.511742  ,
          0.48881842,  0.19421219],
        [-0.529403  ,  0.        ,  0.49332067, ..., -0.02068406,
         -0.04714442, -0.35455904],
        [-0.87901858, -0.49332067,  0.        , ..., -0.51120711,
         -0.53378059, -0.76968372],
        ...,
        [-0.511742  ,  0.02068406,  0.51120711, ...,  0.        ,
         -0.02647327, -0.33514289],
        [-0.48881842,  0.04714442,  0.53378059, ...,  0.02647327,
          0.        , -0.31008318],
        [-0.19421219,  0.35455904,  0.76968372, ...,  0.33514289,
          0.31008318,  0.        ]],

       [[ 0.        ,  0.05974888,  0.05478067, ...,  0.50322134,
          0.49367762,  0.45060202],
        [-0.05974888,  0.        , -0.00497636, ...,  0.45068986,
          0.44083532,  0.39645768],
        [-0.05478067,  0.00497636,  0.        , ...,  0.45512658,
          0.44529658,  0.40102133],
        ...,
        [-0.50322134, -0.45068986, -0.45512658, ...,  0.        ,
         -0.01100867, -0.0598471 ],
        [-0.49367762, -0.44083532, -0.44529658, ...,  0.01100867,
          0.        , -0.04885454],
        [-0.45060202, -0.39645768, -0.40102133, ...,  0.0598471 ,
          0.04885454,  0.        ]],

       ...,

       [[ 0.        ,  0.1028668 , -0.00379732, ...,  0.01784448,
          0.05576926,  0.12157972],
        [-0.1028668 ,  0.        , -0.10664324, ..., -0.08510061,
         -0.0472333 ,  0.01883106],
        [ 0.00379732,  0.10664324,  0.        , ...,  0.02164107,
          0.05956027,  0.125348  ],
        ...,
        [-0.01784448,  0.08510061, -0.02164107, ...,  0.        ,
          0.03794367,  0.10384826],
        [-0.05576926,  0.0472333 , -0.05956027, ..., -0.03794367,
          0.        ,  0.06603496],
        [-0.12157972, -0.01883106, -0.125348  , ..., -0.10384826,
         -0.06603496,  0.        ]],

       [[ 0.        , -0.02708361, -0.19957552, ...,  0.98645091,
          0.9837703 ,  0.97851487],
        [ 0.02708361,  0.        , -0.17296356, ...,  0.9816458 ,
          0.97854975,  0.97257193],
        [ 0.19957552,  0.17296356,  0.        , ...,  0.93386422,
          0.92816893,  0.91768181],
        ...,
        [-0.98645091, -0.9816458 , -0.93386422, ...,  0.        ,
          0.01560714,  0.04285081],
        [-0.9837703 , -0.97854975, -0.92816893, ..., -0.01560714,
          0.        ,  0.02725278],
        [-0.97851487, -0.97257193, -0.91768181, ..., -0.04285081,
         -0.02725278,  0.        ]],

       [[ 0.        , -0.00695709,  0.01872403, ...,  0.72335825,
          0.70512866,  0.65037128],
        [ 0.00695709,  0.        ,  0.02567945, ...,  0.72814443,
          0.71004473,  0.65564026],
        [-0.01872403, -0.02567945,  0.        , ...,  0.710303  ,
          0.69172822,  0.63603418],
        ...,
        [-0.72335825, -0.72814443, -0.710303  , ...,  0.        ,
         -0.02604618, -0.1004111 ],
        [-0.70512866, -0.71004473, -0.69172822, ...,  0.02604618,
          0.        , -0.07446249],
        [-0.65037128, -0.65564026, -0.63603418, ...,  0.1004111 ,
          0.07446249,  0.        ]]]), 'num': array([7.47214685e-01, 6.64578555e-01, 1.31586195e-06, 7.37822591e-04,
       7.37822591e-04, 6.99051659e-04, 1.20616370e-03, 3.75960556e-05,
