state_0,state_1,state_2,state_3,state_4,state_5,state_6,state_7,state_8,state_9,state_10,state_11,state_12,state_13,state_14,state_15,state_16,state_17,state_18,state_19,state_20,state_21,state_22,state_23,state_24,state_25,state_26,state_27,state_28,state_29,state_30,state_31,state_32,state_33,state_34,state_35,state_36,state_37,state_38,state_39,state_40,state_41,state_42,state_43,state_44,state_45,state_46,state_47,state_48,state_49,state_50,state_51,state_52,state_53,state_54,state_55,state_56,state_57,state_58,state_59,state_60,state_61,state_62,state_63,state_64,state_65,state_66,state_67,state_68,state_69,state_70,state_71,state_72,state_73,state_74,state_75,state_76,state_77,state_78,state_79,state_80,state_81,state_82,state_83,state_84,state_85,state_86,state_87,state_88,state_89,state_90,state_91,state_92,state_93,state_94,state_95,state_96,state_97,state_98,state_99,state_100,state_101,state_102,state_103,state_104,state_105,state_106,state_107,state_108,state_109,state_110,state_111,state_112,state_113,state_114,state_115,state_116,state_117,state_118,state_119,state_120,state_121,state_122,state_123,state_124,state_125,state_126,state_127,state_128,state_129,state_130,state_131,state_132,state_133,state_134,state_135,state_136,state_137,state_138,state_139,state_140,state_141,state_142,state_143,state_144,state_145,state_146,state_147,state_148,state_149,state_150,state_151,state_152,state_153,state_154,state_155,state_156,state_157,state_158,state_159,state_160,state_161,state_162,state_163,state_164,state_165,state_166,state_167,state_168,state_169,state_170,state_171,state_172,state_173,state_174,state_175,state_176,state_177,state_178,state_179,state_180,state_181,state_182,state_183,state_184,state_185,state_186,state_187,state_188,state_189,state_190,state_191,state_192,state_193,state_194,state_195,state_196,state_197,state_198,state_199,state_200,state_201,state_202,state_203,state_204,state_205,state_206,state_207,state_208,state_209,state_210,state_211,state_212,state_213,state_214,state_215,state_216,state_217,state_218,state_219,state_220,state_221,state_222,state_223,state_224,state_225,state_226,state_227,state_228,state_229,state_230,state_231,state_232,state_233,state_234,state_235,state_236,state_237,state_238,state_239,state_240,state_241,state_242,state_243,state_244,state_245,state_246,state_247,state_248,state_249,state_250,state_251,state_252,state_253,state_254,state_255,state_256,state_257,state_258,state_259,state_260,state_261,state_262,state_263,state_264,state_265,state_266,state_267,state_268,state_269,state_270,state_271,state_272,state_273,state_274,state_275,state_276,state_277,state_278,state_279,state_280,state_281,state_282,state_283,state_284,state_285,state_286,state_287
{'img': array([[[ 0.        ,  0.40867737,  0.79390624, ..., -0.96869051,
         -0.95861561, -0.99526529],
        [-0.40867737,  0.        ,  0.47608922, ..., -0.98556631,
         -0.99126016, -0.86863595],
        [-0.79390624, -0.47608922,  0.        , ..., -0.78610699,
         -0.80890476, -0.52799701],
        ...,
        [ 0.96869051,  0.98556631,  0.78610699, ...,  0.        ,
          0.0377928 , -0.34124849],
        [ 0.95861561,  0.99126016,  0.80890476, ..., -0.0377928 ,
          0.        , -0.37652892],
        [ 0.99526529,  0.86863595,  0.52799701, ...,  0.34124849,
          0.37652892,  0.        ]],

       [[ 0.        , -0.009481  , -0.15774373, ..., -0.28579942,
         -0.38138516, -0.42483521],
        [ 0.009481  ,  0.        , -0.14837434, ..., -0.27670103,
         -0.37260363, -0.41623324],
        [ 0.15774373,  0.14837434,  0.        , ..., -0.13105708,
         -0.23078939, -0.27671553],
        ...,
        [ 0.28579942,  0.27670103,  0.13105708, ...,  0.        ,
         -0.10127976, -0.14838926],
        [ 0.38138516,  0.37260363,  0.23078939, ...,  0.10127976,
          0.        , -0.04746774],
        [ 0.42483521,  0.41623324,  0.27671553, ...,  0.14838926,
          0.04746774,  0.        ]],

       [[ 0.        ,  0.00546938, -0.03165282, ..., -0.45277341,
         -0.51419951, -0.64664939],
        [-0.00546938,  0.        , -0.03711898, ..., -0.44789   ,
         -0.50950089, -0.64246775],
        [ 0.03165282,  0.03711898,  0.        , ..., -0.480769  ,
         -0.54108954, -0.67046974],
        ...,
        [ 0.45277341,  0.44789   ,  0.480769  , ...,  0.        ,
          0.07014301,  0.23119933],
        [ 0.51419951,  0.50950089,  0.54108954, ..., -0.07014301,
          0.        ,  0.16238729],
        [ 0.64664939,  0.64246775,  0.67046974, ..., -0.23119933,
         -0.16238729,  0.        ]],

       ...,

       [[ 0.        ,  0.16727123,  0.31846375, ...,  0.39201602,
          0.43778503,  0.36897296],
        [-0.16727123,  0.        ,  0.15541462, ...,  0.2326103 ,
          0.28122687,  0.20830587],
        [-0.31846375, -0.15541462,  0.        , ...,  0.07863232,
          0.12866748,  0.05376941],
        ...,
        [-0.39201602, -0.2326103 , -0.07863232, ...,  0.        ,
          0.05029037, -0.02491565],
        [-0.43778503, -0.28122687, -0.12866748, ..., -0.05029037,
          0.        , -0.07515888],
        [-0.36897296, -0.20830587, -0.05376941, ...,  0.02491565,
          0.07515888,  0.        ]],

       [[ 0.        , -0.39519502, -0.61002813, ..., -0.5645724 ,
         -0.56632385, -0.56289808],
        [ 0.39519502,  0.        , -0.24722562, ..., -0.84480212,
         -0.84593647, -0.84371571],
        [ 0.61002813,  0.24722562,  0.        , ..., -0.95086293,
         -0.95151825, -0.95023335],
        ...,
        [ 0.5645724 ,  0.84480212,  0.95086293, ...,  0.        ,
          0.00212353, -0.00202714],
        [ 0.56632385,  0.84593647,  0.95151825, ..., -0.00212353,
          0.        , -0.00415066],
        [ 0.56289808,  0.84371571,  0.95023335, ...,  0.00202714,
          0.00415066,  0.        ]],

       [[ 0.        , -0.28639228, -0.134247  , ..., -0.46803939,
         -0.42648881, -0.        ],
        [ 0.28639228,  0.        ,  0.15517611, ..., -0.70152141,
         -0.66766401, -0.28639228],
        [ 0.134247  , -0.15517611,  0.        , ..., -0.58243775,
         -0.54405364, -0.134247  ],
        ...,
        [ 0.46803939,  0.70152141,  0.58243775, ...,  0.        ,
         -0.04644688, -0.46803939],
        [ 0.42648881,  0.66766401,  0.54405364, ...,  0.04644688,
          0.        , -0.42648881],
        [ 0.        ,  0.28639228,  0.134247  , ...,  0.46803939,
          0.42648881,  0.        ]]]), 'num': array([7.75283009e-01, 6.31607243e-01, 2.04666333e-06, 9.84080588e-04,
       9.86884236e-04, 9.65856873e-04, 5.33127761e-04, 9.81276939e-06,
       9.92771898e-04, 1.03566772e-03, 1.08054946e-03, 5.41169342e-07,
       1.12695909e-03, 9.44376346e-04])}
{'img': array([[[ 0.        ,  0.47608922, -0.14842167, ..., -0.99126016,
         -0.86863595, -0.92234148],
        [-0.47608922,  0.        , -0.6013377 , ..., -0.80890476,
         -0.52799701, -0.62715501],
        [ 0.14842167,  0.6013377 ,  0.        , ..., -0.99986114,
         -0.93255073, -0.96947231],
        ...,
        [ 0.99126016,  0.80890476,  0.99986114, ...,  0.        ,
         -0.37652892, -0.26132212],
        [ 0.86863595,  0.52799701,  0.93255073, ...,  0.37652892,
          0.        ,  0.12135507],
        [ 0.92234148,  0.62715501,  0.96947231, ...,  0.26132212,
         -0.12135507,  0.        ]],

       [[ 0.        , -0.14837434, -0.2877665 , ..., -0.37260363,
         -0.41623324, -0.56043961],
        [ 0.14837434,  0.        , -0.14248309, ..., -0.23078939,
         -0.27671553, -0.43135332],
        [ 0.2877665 ,  0.14248309,  0.        , ..., -0.08979812,
         -0.13697286, -0.29840649],
        ...,
        [ 0.37260363,  0.23078939,  0.08979812, ...,  0.        ,
         -0.04746774, -0.21149411],
        [ 0.41623324,  0.27671553,  0.13697286, ...,  0.04746774,
          0.        , -0.16486172],
        [ 0.56043961,  0.43135332,  0.29840649, ...,  0.21149411,
          0.16486172,  0.        ]],

       [[ 0.        , -0.03711898,  0.04611789, ..., -0.50950089,
         -0.64246775, -0.76457095],
        [ 0.03711898,  0.        ,  0.08316559, ..., -0.54108954,
         -0.67046974, -0.7879687 ],
        [-0.04611789, -0.08316559,  0.        , ..., -0.46927572,
         -0.60644344, -0.73403265],
        ...,
        [ 0.50950089,  0.54108954,  0.46927572, ...,  0.        ,
          0.16238729,  0.32949698],
        [ 0.64246775,  0.67046974,  0.60644344, ..., -0.16238729,
          0.        ,  0.17180456],
        [ 0.76457095,  0.7879687 ,  0.73403265, ..., -0.32949698,
         -0.17180456,  0.        ]],

       ...,

       [[ 0.        ,  0.15541462, -0.28341732, ...,  0.28122687,
          0.20830587,  0.27258169],
        [-0.15541462,  0.        , -0.42901572, ...,  0.12866748,
          0.05376941,  0.11974016],
        [ 0.28341732,  0.42901572,  0.        , ...,  0.5416746 ,
          0.47696484,  0.53408999],
        ...,
        [-0.28122687, -0.12866748, -0.5416746 , ...,  0.        ,
         -0.07515888, -0.0089969 ],
        [-0.20830587, -0.05376941, -0.47696484, ...,  0.07515888,
          0.        ,  0.06618439],
        [-0.27258169, -0.11974016, -0.53408999, ...,  0.0089969 ,
         -0.06618439,  0.        ]],

       [[ 0.        , -0.49581648, -0.65654444, ..., -0.57702967,
         -0.57355632, -0.54310068],
        [ 0.49581648,  0.        , -0.19617304, ..., -0.90605315,
         -0.90424804, -0.8879645 ],
        [ 0.65654444,  0.19617304,  0.        , ..., -0.97146124,
         -0.97044524, -0.96093305],
        ...,
        [ 0.57702967,  0.90605315,  0.97146124, ...,  0.        ,
         -0.00424642, -0.04095019],
        [ 0.57355632,  0.90424804,  0.97044524, ...,  0.00424642,
          0.        , -0.03670696],
        [ 0.54310068,  0.8879645 ,  0.96093305, ...,  0.04095019,
          0.03670696,  0.        ]],

       [[ 0.        ,  0.2508352 ,  0.17877446, ..., -0.72899392,
         -0.56968827, -0.2508352 ],
        [-0.2508352 ,  0.        , -0.07373526, ..., -0.53398608,
         -0.34532359, -0.        ],
        [-0.17877446,  0.07373526,  0.        , ..., -0.59487516,
         -0.4135829 , -0.07373526],
        ...,
        [ 0.72899392,  0.53398608,  0.59487516, ...,  0.        ,
         -0.20916846, -0.53398608],
        [ 0.56968827,  0.34532359,  0.4135829 , ...,  0.20916846,
          0.        , -0.34532359],
        [ 0.2508352 ,  0.        ,  0.07373526, ...,  0.53398608,
          0.34532359,  0.        ]]]), 'num': array([ 7.43833304e-01,  6.68337349e-01,  1.10052412e-06,  1.88739887e-03,
        1.92316590e-03,  1.86538839e-03,  2.43438687e-03, -4.40209649e-05,
        1.93802298e-03,  2.02056229e-03,  2.11245605e-03,  1.01492780e-06,
        2.20457868e-03,  1.83654590e-03])}
{'img': array([[[ 0.        , -0.6013377 , -0.51147782, ..., -0.52799701,
         -0.62715501, -0.34200401],
        [ 0.6013377 ,  0.        ,  0.10805917, ..., -0.93255073,
         -0.96947231, -0.83833562],
        [ 0.51147782, -0.10805917,  0.        , ..., -0.88807658,
         -0.93729933, -0.77451778],
        ...,
        [ 0.52799701,  0.93255073,  0.88807658, ...,  0.        ,
          0.12135507, -0.20571237],
        [ 0.62715501,  0.96947231,  0.93729933, ..., -0.12135507,
          0.        , -0.32295158],
        [ 0.34200401,  0.83833562,  0.77451778, ...,  0.20571237,
          0.32295158,  0.        ]],

       [[ 0.        , -0.14248309, -0.18967389, ..., -0.27671553,
         -0.43135332,  0.29157709],
        [ 0.14248309,  0.        , -0.04784208, ..., -0.13697286,
         -0.29840649,  0.42489403],
        [ 0.18967389,  0.04784208,  0.        , ..., -0.08942486,
         -0.25240245,  0.46771619],
        ...,
        [ 0.27671553,  0.13697286,  0.08942486, ...,  0.        ,
         -0.16486172,  0.54488306],
        [ 0.43135332,  0.29840649,  0.25240245, ...,  0.16486172,
          0.        ,  0.67566579],
        [-0.29157709, -0.42489403, -0.46771619, ..., -0.54488306,
         -0.67566579,  0.        ]],

       [[ 0.        ,  0.08316559,  0.27551464, ..., -0.67046974,
         -0.7879687 , -0.69246841],
        [-0.08316559,  0.        ,  0.19461336, ..., -0.60644344,
         -0.73403265, -0.63006985],
        [-0.27551464, -0.19461336,  0.        , ..., -0.440106  ,
         -0.58783327, -0.46689817],
        ...,
        [ 0.67046974,  0.60644344,  0.440106  , ...,  0.        ,
          0.17180456,  0.03005866],
        [ 0.7879687 ,  0.73403265,  0.58783327, ..., -0.17180456,
          0.        , -0.14211521],
        [ 0.69246841,  0.63006985,  0.46689817, ..., -0.03005866,
          0.14211521,  0.        ]],

       ...,

       [[ 0.        , -0.42901572, -0.1002532 , ...,  0.05376941,
          0.11974016,  0.04209496],
        [ 0.42901572,  0.        ,  0.3362959 , ...,  0.47696484,
          0.53408999,  0.46665969],
        [ 0.1002532 , -0.3362959 ,  0.        , ...,  0.15360669,
          0.21866881,  0.14204722],
        ...,
        [-0.05376941, -0.47696484, -0.15360669, ...,  0.        ,
          0.06618439, -0.01168769],
        [-0.11974016, -0.53408999, -0.21866881, ..., -0.06618439,
          0.        , -0.07784193],
        [-0.04209496, -0.46665969, -0.14204722, ...,  0.01168769,
          0.07784193,  0.        ]],

       [[ 0.        , -0.47898625, -0.51639149, ..., -0.59132684,
         -0.56017079, -0.52130583],
        [ 0.47898625,  0.        , -0.04311888, ..., -0.90534979,
         -0.88851173, -0.8663664 ],
        [ 0.51639149,  0.04311888,  0.        , ..., -0.92281891,
         -0.90747063, -0.88709459],
        ...,
        [ 0.59132684,  0.90534979,  0.92281891, ...,  0.        ,
         -0.03810199, -0.08422283],
        [ 0.56017079,  0.88851173,  0.90747063, ...,  0.03810199,
          0.        , -0.04619507],
        [ 0.52130583,  0.8663664 ,  0.88709459, ...,  0.08422283,
          0.04619507,  0.        ]],

       [[ 0.        , -0.07219307, -0.31267672, ..., -0.51341704,
         -0.3986437 , -0.        ],
        [ 0.07219307,  0.        , -0.24328757, ..., -0.57402907,
         -0.4638122 , -0.07219307],
        [ 0.31267672,  0.24328757,  0.        , ..., -0.75599427,
         -0.66541321, -0.31267672],
        ...,
        [ 0.51341704,  0.57402907,  0.75599427, ...,  0.        ,
         -0.12876598, -0.51341704],
        [ 0.3986437 ,  0.4638122 ,  0.66541321, ...,  0.12876598,
          0.        , -0.3986437 ],
        [ 0.        ,  0.07219307,  0.31267672, ...,  0.51341704,
          0.3986437 ,  0.        ]]]), 'num': array([ 7.80937178e-01,  6.24575353e-01,  2.28265437e-06,  1.97926360e-03,
        1.98504247e-03,  1.91858545e-03,  2.97487654e-03, -2.88943592e-06,
        2.01624838e-03,  2.10885480e-03,  2.20916639e-03,  7.70516244e-07,
        2.30338295e-03,  1.91432666e-03])}
{'img': array([[[ 0.        ,  0.35429123, -0.21366961, ..., -0.87542092,
         -0.66262036, -0.63842743],
        [-0.35429123,  0.        , -0.54591919, ..., -0.64738616,
         -0.35429123, -0.32432432],
        [ 0.21366961,  0.54591919,  0.        , ..., -0.95848357,
         -0.80734681, -0.78814123],
        ...,
        [ 0.87542092,  0.64738616,  0.95848357, ...,  0.        ,
         -0.33536617, -0.36520458],
        [ 0.66262036,  0.35429123,  0.80734681, ...,  0.33536617,
          0.        , -0.03185329],
        [ 0.63842743,  0.32432432,  0.78814123, ...,  0.36520458,
          0.03185329,  0.        ]],

       [[ 0.        , -0.04784208,  0.07816999, ..., -0.29840649,
          0.42489403,  0.55933788],
        [ 0.04784208,  0.        ,  0.12577616, ..., -0.25240245,
          0.46771619,  0.59835559],
        [-0.07816999, -0.12577616,  0.        , ..., -0.37210185,
          0.35283103,  0.49282812],
        ...,
        [ 0.29840649,  0.25240245,  0.37210185, ...,  0.        ,
          0.67566579,  0.78121482],
        [-0.42489403, -0.46771619, -0.35283103, ..., -0.67566579,
          0.        ,  0.1541252 ],
        [-0.55933788, -0.59835559, -0.49282812, ..., -0.78121482,
         -0.1541252 ,  0.        ]],

       [[ 0.        ,  0.19234529,  0.40171637, ..., -0.79503268,
         -0.72747163, -0.40171637],
        [-0.19234529,  0.        ,  0.21807232, ..., -0.66351705,
         -0.58191241, -0.21807232],
        [-0.40171637, -0.21807232,  0.        , ..., -0.48439469,
         -0.39055966, -0.        ],
        ...,
        [ 0.79503268,  0.66351705,  0.48439469, ...,  0.        ,
         -0.10424195, -0.48439469],
        [ 0.72747163,  0.58191241,  0.39055966, ...,  0.10424195,
          0.        , -0.39055966],
        [ 0.40171637,  0.21807232,  0.        , ...,  0.48439469,
          0.39055966,  0.        ]],

       ...,

       [[ 0.        ,  0.3362959 ,  0.30236238, ...,  0.53408999,
          0.46665969, -0.0855161 ],
        [-0.3362959 ,  0.        , -0.03580321, ...,  0.21866881,
          0.14204722, -0.4155993 ],
        [-0.30236238,  0.03580321,  0.        , ...,  0.25346536,
          0.17739632, -0.38276811],
        ...,
        [-0.53408999, -0.21866881, -0.25346536, ...,  0.        ,
         -0.07784193, -0.60443118],
        [-0.46665969, -0.14204722, -0.17739632, ...,  0.07784193,
          0.        , -0.54058382],
        [ 0.0855161 ,  0.4155993 ,  0.38276811, ...,  0.60443118,
          0.54058382,  0.        ]],

       [[ 0.        , -0.2126275 , -0.29104689, ..., -0.57633893,
         -0.53661112, -0.46509328],
        [ 0.2126275 ,  0.        , -0.08096902, ..., -0.73692146,
         -0.703762  , -0.64268912],
        [ 0.29104689,  0.08096902,  0.        , ..., -0.78923517,
         -0.75897457, -0.70261149],
        ...,
        [ 0.57633893,  0.73692146,  0.78923517, ...,  0.        ,
         -0.04780751, -0.13013153],
        [ 0.53661112,  0.703762  ,  0.75897457, ...,  0.04780751,
          0.        , -0.08258175],
        [ 0.46509328,  0.64268912,  0.70261149, ...,  0.13013153,
          0.08258175,  0.        ]],

       [[ 0.        , -0.29994958, -0.46272517, ..., -0.51922583,
         -0.35480744, -0.        ],
        [ 0.29994958,  0.        , -0.17551318, ..., -0.75166614,
         -0.61890504, -0.29994958],
        [ 0.46272517,  0.17551318,  0.        , ..., -0.85575671,
         -0.74715743, -0.46272517],
        ...,
        [ 0.51922583,  0.75166614,  0.85575671, ...,  0.        ,
         -0.18221308, -0.51922583],
        [ 0.35480744,  0.61890504,  0.74715743, ...,  0.18221308,
          0.        , -0.35480744],
        [ 0.        ,  0.29994958,  0.46272517, ...,  0.51922583,
          0.35480744,  0.        ]]]), 'num': array([8.01065834e-01, 5.98542272e-01, 2.84843266e-06, 2.08787178e-03,
       2.09961789e-03, 1.99977592e-03, 2.23017595e-03, 7.63497415e-05,
       2.04323654e-03, 2.13500306e-03, 2.23792839e-03, 1.00139682e-06,
       2.32747879e-03, 1.94252734e-03])}
{'img': array([[[ 0.        , -0.54591919, -0.40680838, ..., -0.35429123,
         -0.32432432, -0.74696366],
        [ 0.54591919,  0.        ,  0.1578651 , ..., -0.80734681,
         -0.78814123, -0.9887969 ],
        [ 0.40680838, -0.1578651 ,  0.        , ..., -0.70407064,
         -0.68109339, -0.952834  ],
        ...,
        [ 0.35429123,  0.80734681,  0.70407064, ...,  0.        ,
         -0.03185329,  0.46295617],
        [ 0.32432432,  0.78814123,  0.68109339, ...,  0.03185329,
          0.        ,  0.4909554 ],
        [ 0.74696366,  0.9887969 ,  0.952834  , ..., -0.46295617,
         -0.4909554 ,  0.        ]],

       [[ 0.        ,  0.12577616,  0.0786844 , ...,  0.46771619,
          0.59835559,  0.33667353],
        [-0.12577616,  0.        , -0.04732666, ...,  0.35283103,
          0.49282812,  0.21556636],
        [-0.0786844 ,  0.04732666,  0.        , ...,  0.39671861,
          0.53345608,  0.26153878],
        ...,
        [-0.46771619, -0.35283103, -0.39671861, ...,  0.        ,
          0.1541252 , -0.14283303],
        [-0.59835559, -0.49282812, -0.53345608, ..., -0.1541252 ,
          0.        , -0.29367129],
        [-0.33667353, -0.21556636, -0.26153878, ...,  0.14283303,
          0.29367129,  0.        ]],

       [[ 0.        ,  0.21678764,  0.        , ..., -0.62466701,
         -0.42326433, -0.21678764],
        [-0.21678764,  0.        , -0.21678764, ..., -0.4405241 ,
         -0.21678764, -0.        ],
        [ 0.        ,  0.21678764,  0.        , ..., -0.62466701,
         -0.42326433, -0.21678764],
        ...,
        [ 0.62466701,  0.4405241 ,  0.62466701, ...,  0.        ,
         -0.2354288 , -0.4405241 ],
        [ 0.42326433,  0.21678764,  0.42326433, ...,  0.2354288 ,
          0.        , -0.21678764],
        [ 0.21678764,  0.        ,  0.21678764, ...,  0.4405241 ,
          0.21678764,  0.        ]],

       ...,

       [[ 0.        , -0.03580321, -0.14231626, ...,  0.14204722,
         -0.4155993 ,  0.00970419],
        [ 0.03580321,  0.        , -0.10678624, ...,  0.17739632,
         -0.38276811,  0.0454995 ],
        [ 0.14231626,  0.10678624,  0.        , ...,  0.28147452,
         -0.28192557,  0.15191498],
        ...,
        [-0.14204722, -0.17739632, -0.28147452, ...,  0.        ,
         -0.54058382, -0.13243474],
        [ 0.4155993 ,  0.38276811,  0.28192557, ...,  0.54058382,
          0.        ,  0.42440616],
        [-0.00970419, -0.0454995 , -0.15191498, ...,  0.13243474,
         -0.42440616,  0.        ]],

       [[ 0.        , -0.20222428, -0.37624731, ..., -0.53944089,
         -0.46761042, -0.3659548 ],
        [ 0.20222428,  0.        , -0.18110906, ..., -0.69857322,
         -0.63670228, -0.54659041],
        [ 0.37624731,  0.18110906,  0.        , ..., -0.81661145,
         -0.76582811, -0.6892122 ],
        ...,
        [ 0.53944089,  0.69857322,  0.81661145, ...,  0.        ,
         -0.08309156, -0.19387876],
        [ 0.46761042,  0.63670228,  0.76582811, ...,  0.08309156,
          0.        , -0.11169338],
        [ 0.3659548 ,  0.54659041,  0.6892122 , ...,  0.19387876,
          0.11169338,  0.        ]],

       [[ 0.        , -0.36393459, -0.45063194, ..., -0.39116614,
         -0.16398338, -0.        ],
        [ 0.36393459,  0.        , -0.09484164, ..., -0.69927804,
         -0.51174619, -0.36393459],
        [ 0.45063194,  0.09484164,  0.        , ..., -0.76392348,
         -0.59092136, -0.45063194],
        ...,
        [ 0.39116614,  0.69927804,  0.76392348, ...,  0.        ,
         -0.23495376, -0.39116614],
        [ 0.16398338,  0.51174619,  0.59092136, ...,  0.23495376,
          0.        , -0.16398338],
        [ 0.        ,  0.36393459,  0.45063194, ...,  0.39116614,
          0.16398338,  0.        ]]]), 'num': array([7.98356589e-01, 6.02138193e-01, 2.59548142e-06, 2.18020439e-03,
       2.19750760e-03, 2.03312711e-03, 4.51714703e-03, 1.29774071e-04,
       2.04177872e-03, 2.09527447e-03, 2.19255696e-03, 1.31486713e-06,
       2.28126475e-03, 1.90928420e-03])}
{'img': array([[[ 0.        ,  0.38978957, -0.2088147 , ..., -0.67292242,
         -0.95330195, -0.96672688],
        [-0.38978957,  0.        , -0.57349503, ..., -0.33136448,
         -0.76017574, -0.98997497],
        [ 0.2088147 ,  0.57349503,  0.        , ..., -0.81255096,
         -0.9953526 , -0.89199856],
        ...,
        [ 0.67292242,  0.33136448,  0.81255096, ...,  0.        ,
          0.50193465,  0.88724128],
        [ 0.95330195,  0.76017574,  0.9953526 , ..., -0.50193465,
          0.        ,  0.53583462],
        [ 0.96672688,  0.98997497,  0.89199856, ..., -0.88724128,
         -0.53583462,  0.        ]],

       [[ 0.        , -0.04732666,  0.03706419, ...,  0.49282812,
          0.21556636,  0.87264983],
        [ 0.04732666,  0.        ,  0.0843168 , ...,  0.53345608,
          0.26153878,  0.8947838 ],
        [-0.03706419, -0.0843168 ,  0.        , ...,  0.46023895,
          0.17922545,  0.85395005],
        ...,
        [-0.49282812, -0.53345608, -0.46023895, ...,  0.        ,
         -0.29367129,  0.51864502],
        [-0.21556636, -0.26153878, -0.17922545, ...,  0.29367129,
          0.        ,  0.74686205],
        [-0.87264983, -0.8947838 , -0.85395005, ..., -0.51864502,
         -0.74686205,  0.        ]],

       [[ 0.        , -0.21678764, -0.4639714 , ..., -0.21678764,
         -0.        , -0.5187358 ],
        [ 0.21678764,  0.        , -0.26089623, ..., -0.42326433,
         -0.21678764, -0.69173888],
        [ 0.4639714 ,  0.26089623,  0.        , ..., -0.64497897,
         -0.4639714 , -0.8561874 ],
        ...,
        [ 0.21678764,  0.42326433,  0.64497897, ...,  0.        ,
         -0.21678764,  0.32106038],
        [ 0.        ,  0.21678764,  0.4639714 , ...,  0.21678764,
          0.        ,  0.5187358 ],
        [ 0.5187358 ,  0.69173888,  0.8561874 , ..., -0.32106038,
         -0.5187358 ,  0.        ]],

       ...,

       [[ 0.        , -0.10678624,  0.05457226, ..., -0.38276811,
          0.0454995 ,  0.52955102],
        [ 0.10678624,  0.        ,  0.16088732, ..., -0.28192557,
          0.15191498,  0.61710747],
        [-0.05457226, -0.16088732,  0.        , ..., -0.432614  ,
         -0.00908404,  0.48246944],
        ...,
        [ 0.38276811,  0.28192557,  0.432614  , ...,  0.        ,
          0.42440616,  0.81391657],
        [-0.0454995 , -0.15191498,  0.00908404, ..., -0.42440616,
          0.        ,  0.49040636],
        [-0.52955102, -0.61710747, -0.48246944, ..., -0.81391657,
         -0.49040636,  0.        ]],

       [[ 0.        , -0.32232612, -0.51316911, ..., -0.46989343,
         -0.36779081, -0.32444988],
        [ 0.32232612,  0.        , -0.20913212, ..., -0.72933933,
         -0.64789514, -0.61202277],
        [ 0.51316911,  0.20913212,  0.        , ..., -0.85628992,
         -0.79287061, -0.76387943],
        ...,
        [ 0.46989343,  0.72933933,  0.85628992, ...,  0.        ,
         -0.11230046, -0.15807413],
        [ 0.36779081,  0.64789514,  0.79287061, ...,  0.11230046,
          0.        , -0.04618567],
        [ 0.32444988,  0.61202277,  0.76387943, ...,  0.15807413,
          0.04618567,  0.        ]],

       [[ 0.        , -0.28030578, -0.38605953, ..., -0.16684893,
         -0.        , -0.1228554 ],
        [ 0.28030578,  0.        , -0.11200795, ..., -0.43653667,
         -0.28030578, -0.39611257],
        [ 0.38605953,  0.11200795,  0.        , ..., -0.53456171,
         -0.38605953, -0.49646587],
        ...,
        [ 0.16684893,  0.43653667,  0.53456171, ...,  0.        ,
         -0.16684893, -0.04445171],
        [ 0.        ,  0.28030578,  0.38605953, ...,  0.16684893,
          0.        ,  0.1228554 ],
        [ 0.1228554 ,  0.39611257,  0.49646587, ...,  0.04445171,
         -0.1228554 ,  0.        ]]]), 'num': array([9.83866406e-01, 1.78708802e-01, 1.05249360e-05, 2.69283479e-03,
       2.76323570e-03, 2.64003411e-03, 3.85480181e-03, 3.16804093e-05,
       2.53654478e-03, 2.56030508e-03, 2.67124518e-03, 1.85418034e-06,
       2.79251365e-03, 2.32809651e-03])}
{'img': array([[[ 0.        , -0.57349503, -0.71909164, ..., -0.76017574,
         -0.98997497, -0.99921767],
        [ 0.57349503,  0.        , -0.19055593, ..., -0.9953526 ,
         -0.89199856, -0.84124874],
        [ 0.71909164,  0.19055593,  0.        , ..., -0.99546415,
         -0.78951532, -0.72281025],
        ...,
        [ 0.76017574,  0.9953526 ,  0.99546415, ...,  0.        ,
          0.53583462,  0.61914577],
        [ 0.98997497,  0.89199856,  0.78951532, ..., -0.53583462,
          0.        ,  0.10198089],
        [ 0.99921767,  0.84124874,  0.72281025, ..., -0.61914577,
         -0.10198089,  0.        ]],

       [[ 0.        ,  0.0843168 , -0.02493181, ...,  0.26153878,
          0.8947838 ,  0.58942998],
        [-0.0843168 ,  0.        , -0.10913362, ...,  0.17922545,
          0.85395005,  0.51921826],
        [ 0.02493181,  0.10913362,  0.        , ...,  0.28552149,
          0.9056377 ,  0.60938716],
        ...,
        [-0.26153878, -0.17922545, -0.28552149, ...,  0.        ,
          0.74686205,  0.35763755],
        [-0.8947838 , -0.85395005, -0.9056377 , ..., -0.74686205,
          0.        , -0.45964349],
        [-0.58942998, -0.51921826, -0.60938716, ..., -0.35763755,
          0.45964349,  0.        ]],

       [[ 0.        , -0.41778935, -0.54451902, ..., -0.        ,
         -0.521602  , -0.71260608],
        [ 0.41778935,  0.        , -0.14429926, ..., -0.41778935,
         -0.83035158, -0.94054005],
        [ 0.54451902,  0.14429926,  0.        , ..., -0.54451902,
         -0.90207049, -0.97971242],
        ...,
        [ 0.        ,  0.41778935,  0.54451902, ...,  0.        ,
          0.521602  ,  0.71260608],
        [ 0.521602  ,  0.83035158,  0.90207049, ..., -0.521602  ,
          0.        ,  0.24205023],
        [ 0.71260608,  0.94054005,  0.97971242, ..., -0.71260608,
         -0.24205023,  0.        ]],

       ...,

       [[ 0.        ,  0.16088732,  0.40352819, ...,  0.15191498,
          0.61710747,  0.82379585],
        [-0.16088732,  0.        ,  0.25106472, ..., -0.00908404,
          0.48246944,  0.72185921],
        [-0.40352819, -0.25106472,  0.        , ..., -0.25984744,
          0.24710529,  0.52499147],
        ...,
        [-0.15191498,  0.00908404,  0.25984744, ...,  0.        ,
          0.49040636,  0.72811595],
        [-0.61710747, -0.48246944, -0.24710529, ..., -0.49040636,
          0.        ,  0.29839761],
        [-0.82379585, -0.72185921, -0.52499147, ..., -0.72811595,
         -0.29839761,  0.        ]],

       [[ 0.        , -0.41627939, -0.58716031, ..., -0.37261298,
         -0.32874222, -0.39111831],
        [ 0.41627939,  0.        , -0.19690177, ..., -0.72509521,
         -0.69204696, -0.73873789],
        [ 0.58716031,  0.19690177,  0.        , ..., -0.84649632,
         -0.82063294, -0.85698616],
        ...,
        [ 0.37261298,  0.72509521,  0.84649632, ...,  0.        ,
         -0.04683458,  0.02002187],
        [ 0.32874222,  0.69204696,  0.82063294, ...,  0.04683458,
          0.        ,  0.06682509],
        [ 0.39111831,  0.73873789,  0.85698616, ..., -0.02002187,
         -0.06682509,  0.        ]],

       [[ 0.        , -0.27364768, -0.38822436, ..., -0.05844512,
         -0.13703028, -0.        ],
        [ 0.27364768,  0.        , -0.12122174, ..., -0.32939418,
         -0.40286616, -0.27364768],
        [ 0.38822436,  0.12122174,  0.        , ..., -0.4414217 ,
         -0.51084448, -0.38822436],
        ...,
        [ 0.05844512,  0.32939418,  0.4414217 , ...,  0.        ,
          0.07890225, -0.05844512],
        [ 0.13703028,  0.40286616,  0.51084448, ..., -0.07890225,
          0.        , -0.13703028],
        [ 0.        ,  0.27364768,  0.38822436, ...,  0.05844512,
          0.13703028,  0.        ]]]), 'num': array([ 9.18756487e-01,  3.94758102e-01,  6.90379954e-06,  2.50716931e-03,
        2.55011160e-03,  2.46092376e-03,  2.03084017e-03, -1.98195202e-05,
        2.42855188e-03,  2.40394264e-03,  2.50133356e-03,  1.82248462e-06,
        2.62403824e-03,  2.18384704e-03])}
{'img': array([[[ 0.        , -0.50459866, -0.88486975, ..., -0.99843634,
         -0.99843634, -0.99982638],
        [ 0.50459866,  0.        , -0.52889439, ..., -0.89021142,
         -0.83379666, -0.8726066 ],
        [ 0.88486975,  0.52889439,  0.        , ..., -0.51457486,
         -0.41564533, -0.48224589],
        ...,
        [ 0.99843634,  0.89021142,  0.51457486, ...,  0.        ,
          0.11162642,  0.03728651],
        [ 0.99843634,  0.83379666,  0.41564533, ..., -0.11162642,
          0.        , -0.07449532],
        [ 0.99982638,  0.8726066 ,  0.48224589, ..., -0.03728651,
          0.07449532,  0.        ]],

       [[ 0.        , -0.10913362,  0.69360088, ...,  0.85395005,
          0.51921826, -0.00413734],
        [ 0.10913362,  0.        ,  0.7680735 , ...,  0.9056377 ,
          0.60938716,  0.10502006],
        [-0.69360088, -0.7680735 ,  0.        , ...,  0.25423236,
         -0.21875641, -0.69657531],
        ...,
        [-0.85395005, -0.9056377 , -0.25423236, ...,  0.        ,
         -0.45964349, -0.85609562],
        [-0.51921826, -0.60938716,  0.21875641, ...,  0.45964349,
          0.        , -0.52274976],
        [ 0.00413734, -0.10502006,  0.69657531, ...,  0.85609562,
          0.52274976,  0.        ]],

       [[ 0.        , -0.3754071 , -0.65239228, ..., -0.53293871,
         -0.72640815, -0.86419759],
        [ 0.3754071 ,  0.        , -0.32016224, ..., -0.81161175,
         -0.9312823 , -0.98987726],
        [ 0.65239228,  0.32016224,  0.        , ..., -0.95592861,
         -0.99889671, -0.9832122 ],
        ...,
        [ 0.53293871,  0.81161175,  0.95592861, ...,  0.        ,
          0.2483837 ,  0.46309463],
        [ 0.72640815,  0.9312823 ,  0.99889671, ..., -0.2483837 ,
          0.        ,  0.22843737],
        [ 0.86419759,  0.98987726,  0.9832122 , ..., -0.46309463,
         -0.22843737,  0.        ]],

       ...,

       [[ 0.        ,  0.25106472, -0.02390258, ...,  0.48246944,
          0.72185921,  0.79451282],
        [-0.25106472,  0.        , -0.27412997, ...,  0.24710529,
          0.52499147,  0.61660642],
        [ 0.02390258,  0.27412997,  0.        , ...,  0.50326817,
          0.73819451,  0.80880059],
        ...,
        [-0.48246944, -0.24710529, -0.50326817, ...,  0.        ,
          0.29839761,  0.40294564],
        [-0.72185921, -0.52499147, -0.73819451, ..., -0.29839761,
          0.        ,  0.11148748],
        [-0.79451282, -0.61660642, -0.80880059, ..., -0.40294564,
         -0.11148748,  0.        ]],

       [[ 0.        , -0.44507934, -0.68459842, ..., -0.33623685,
         -0.39991217, -0.42590229],
        [ 0.44507934,  0.        , -0.28862439, ..., -0.72026281,
         -0.76605681, -0.78408579],
        [ 0.68459842,  0.28862439,  0.        , ..., -0.88982927,
         -0.91897521, -0.92985242],
        ...,
        [ 0.33623685,  0.72026281,  0.88982927, ...,  0.        ,
          0.06844921,  0.09688844],
        [ 0.39991217,  0.76605681,  0.91897521, ..., -0.06844921,
          0.        ,  0.02853403],
        [ 0.42590229,  0.78408579,  0.92985242, ..., -0.09688844,
         -0.02853403,  0.        ]],

       [[ 0.        , -0.28331071, -0.38994399, ..., -0.16276764,
         -0.08636992, -0.        ],
        [ 0.28331071,  0.        , -0.11308385, ..., -0.43563134,
         -0.3650832 , -0.28331071],
        [ 0.38994399,  0.11308385,  0.        , ..., -0.53462658,
         -0.46801958, -0.38994399],
        ...,
        [ 0.16276764,  0.43563134,  0.53462658, ...,  0.        ,
         -0.07694127, -0.16276764],
        [ 0.08636992,  0.3650832 ,  0.46801958, ...,  0.07694127,
          0.        , -0.08636992],
        [ 0.        ,  0.28331071,  0.38994399, ...,  0.16276764,
          0.08636992,  0.        ]]]), 'num': array([ 9.87243117e-01,  1.59025583e-01,  1.10429005e-05,  2.68901797e-03,
        2.75713976e-03,  2.63523761e-03,  2.24099172e-03, -3.22682156e-05,
        2.68256433e-03,  2.61014011e-03,  2.70951426e-03,  2.03064484e-06,
        2.85008598e-03,  2.37019424e-03])}
{'img': array([[[ 0.        , -0.52889439, -0.22638204, ..., -0.83379666,
         -0.8726066 , -0.92179553],
        [ 0.52889439,  0.        ,  0.3230359 , ..., -0.41564533,
         -0.48224589, -0.57727659],
        [ 0.22638204, -0.3230359 ,  0.        , ..., -0.68717102,
         -0.73938215, -0.81010143],
        ...,
        [ 0.83379666,  0.41564533,  0.68717102, ...,  0.        ,
         -0.07449532, -0.18565388],
        [ 0.8726066 ,  0.48224589,  0.73938215, ...,  0.07449532,
          0.        , -0.11193778],
        [ 0.92179553,  0.57727659,  0.81010143, ...,  0.18565388,
          0.11193778,  0.        ]],

       [[ 0.        ,  0.7680735 ,  0.23413279, ...,  0.60938716,
          0.10502006,  0.11894255],
        [-0.7680735 ,  0.        , -0.59679495, ..., -0.21875641,
         -0.69657531, -0.6864548 ],
        [-0.23413279,  0.59679495,  0.        , ...,  0.40681149,
         -0.13073707, -0.11683421],
        ...,
        [-0.60938716,  0.21875641, -0.40681149, ...,  0.        ,
         -0.52274976, -0.51075489],
        [-0.10502006,  0.69657531,  0.13073707, ...,  0.52274976,
          0.        ,  0.01401027],
        [-0.11894255,  0.6864548 ,  0.11683421, ...,  0.51075489,
         -0.01401027,  0.        ]],

       [[ 0.        , -0.56570553, -0.66878541, ..., -0.7374583 ,
         -0.87490577, -0.94937795],
        [ 0.56570553,  0.        , -0.13090846, ..., -0.99018689,
         -0.99542105, -0.96057256],
        [ 0.66878541,  0.13090846,  0.        , ..., -0.99996019,
         -0.97434172, -0.91590991],
        ...,
        [ 0.7374583 ,  0.99018689,  0.99996019, ...,  0.        ,
          0.23375891,  0.40954062],
        [ 0.87490577,  0.99542105,  0.97434172, ..., -0.23375891,
          0.        ,  0.18493777],
        [ 0.94937795,  0.96057256,  0.91590991, ..., -0.40954062,
         -0.18493777,  0.        ]],

       ...,

       [[ 0.        , -0.27412997,  0.00594566, ...,  0.52499147,
          0.61660642,  0.66856206],
        [ 0.27412997,  0.        ,  0.27984302, ...,  0.73819451,
          0.80880059,  0.84680972],
        [-0.00594566, -0.27984302,  0.        , ...,  0.5199218 ,
          0.61191467,  0.66412872],
        ...,
        [-0.52499147, -0.73819451, -0.5199218 , ...,  0.        ,
          0.11148748,  0.17860494],
        [-0.61660642, -0.80880059, -0.61191467, ..., -0.11148748,
          0.        ,  0.06779663],
        [-0.66856206, -0.84680972, -0.66412872, ..., -0.17860494,
         -0.06779663,  0.        ]],

       [[ 0.        , -0.56623283, -0.71562481, ..., -0.41029557,
         -0.43688254, -0.44975222],
        [ 0.56623283,  0.        , -0.19434534, ..., -0.85456171,
         -0.86943534, -0.87643893],
        [ 0.71562481,  0.19434534,  0.        , ..., -0.93920116,
         -0.94887365, -0.95330784],
        ...,
        [ 0.41029557,  0.85456171,  0.93920116, ...,  0.        ,
          0.02934769,  0.04369584],
        [ 0.43688254,  0.86943534,  0.94887365, ..., -0.02934769,
          0.        ,  0.01435735],
        [ 0.44975222,  0.87643893,  0.95330784, ..., -0.04369584,
         -0.01435735,  0.        ]],

       [[ 0.        , -0.27646454, -0.33743876, ..., -0.0942513 ,
         -0.03570875, -0.        ],
        [ 0.27646454,  0.        , -0.06403759, ..., -0.36581161,
         -0.31060518, -0.27646454],
        [ 0.33743876,  0.06403759,  0.        , ..., -0.42465985,
         -0.37083789, -0.33743876],
        ...,
        [ 0.0942513 ,  0.36581161,  0.42465985, ...,  0.        ,
         -0.0586414 , -0.0942513 ],
        [ 0.03570875,  0.31060518,  0.37083789, ...,  0.0586414 ,
          0.        , -0.03570875],
        [ 0.        ,  0.27646454,  0.33743876, ...,  0.0942513 ,
          0.03570875,  0.        ]]]), 'num': array([ 7.68046068e-01,  6.40365842e-01,  1.73714593e-06,  2.05935848e-03,
        2.14901763e-03,  2.05935848e-03,  1.52751164e-03, -4.20277242e-05,
        2.10979175e-03,  2.03400176e-03,  2.11296718e-03,  1.74095427e-06,
        2.21144947e-03,  1.85655405e-03])}
{'img': array([[[ 0.        ,  0.3230359 , -0.01398713, ..., -0.48224589,
         -0.57727659, -0.72214926],
        [-0.3230359 ,  0.        , -0.33624154, ..., -0.73938215,
         -0.81010143, -0.90688844],
        [ 0.01398713,  0.33624154,  0.        , ..., -0.46994548,
         -0.56579895, -0.7124032 ],
        ...,
        [ 0.48224589,  0.73938215,  0.46994548, ...,  0.        ,
         -0.11193778, -0.29904123],
        [ 0.57727659,  0.81010143,  0.56579895, ...,  0.11193778,
          0.        , -0.19034629],
        [ 0.72214926,  0.90688844,  0.7124032 , ...,  0.29904123,
          0.19034629,  0.        ]],

       [[ 0.        , -0.59679495, -0.83792904, ..., -0.69657531,
         -0.6864548 , -0.76525734],
