state_0,state_1,state_2,state_3,state_4,state_5,state_6,state_7,state_8,state_9,state_10,state_11,state_12,state_13,state_14,state_15,state_16,state_17,state_18,state_19,state_20,state_21,state_22,state_23,state_24,state_25,state_26,state_27,state_28,state_29,state_30,state_31,state_32,state_33,state_34,state_35,state_36,state_37,state_38,state_39,state_40,state_41,state_42,state_43,state_44,state_45,state_46,state_47,state_48,state_49,state_50,state_51,state_52,state_53,state_54,state_55,state_56,state_57,state_58,state_59,state_60,state_61,state_62,state_63,state_64,state_65,state_66,state_67,state_68,state_69,state_70,state_71,state_72,state_73,state_74,state_75,state_76,state_77,state_78,state_79,state_80,state_81,state_82,state_83,state_84,state_85,state_86,state_87,state_88,state_89,state_90,state_91,state_92,state_93,state_94,state_95,state_96,state_97,state_98,state_99,state_100,state_101,state_102,state_103,state_104,state_105,state_106,state_107,state_108,state_109,state_110,state_111,state_112,state_113,state_114,state_115,state_116,state_117,state_118,state_119,state_120,state_121,state_122,state_123,state_124,state_125,state_126,state_127,state_128,state_129,state_130,state_131,state_132,state_133,state_134,state_135,state_136,state_137,state_138,state_139,state_140,state_141,state_142,state_143,state_144,state_145,state_146,state_147,state_148,state_149,state_150,state_151,state_152,state_153,state_154,state_155,state_156,state_157,state_158,state_159,state_160,state_161,state_162,state_163,state_164,state_165,state_166,state_167,state_168,state_169,state_170,state_171,state_172,state_173,state_174,state_175,state_176,state_177,state_178,state_179,state_180,state_181,state_182,state_183,state_184,state_185,state_186,state_187,state_188,state_189,state_190,state_191,state_192,state_193,state_194,state_195,state_196,state_197,state_198,state_199,state_200,state_201,state_202,state_203,state_204,state_205,state_206,state_207,state_208,state_209,state_210,state_211,state_212,state_213,state_214,state_215,state_216,state_217,state_218,state_219,state_220,state_221,state_222,state_223,state_224,state_225,state_226,state_227,state_228,state_229,state_230,state_231,state_232,state_233,state_234,state_235,state_236,state_237,state_238,state_239,state_240,state_241,state_242,state_243,state_244,state_245,state_246,state_247,state_248,state_249,state_250,state_251,state_252,state_253,state_254,state_255,state_256,state_257,state_258,state_259,state_260,state_261,state_262,state_263,state_264,state_265,state_266,state_267,state_268,state_269,state_270,state_271,state_272,state_273,state_274,state_275,state_276,state_277,state_278,state_279,state_280,state_281,state_282,state_283,state_284,state_285,state_286,state_287
{'img': array([[[ 0.        , -0.51986076, -0.42998925, ..., -0.47014143,
         -0.28166036, -0.41255835],
        [ 0.51986076,  0.        ,  0.10202922, ..., -0.86044327,
         -0.73942241, -0.82598576],
        [ 0.42998925, -0.10202922,  0.        , ..., -0.80396435,
         -0.66687333, -0.76416232],
        ...,
        [ 0.47014143,  0.86044327,  0.80396435, ...,  0.        ,
         -0.20251644, -0.06414615],
        [ 0.28166036,  0.73942241,  0.66687333, ...,  0.20251644,
          0.        ,  0.13928239],
        [ 0.41255835,  0.82598576,  0.76416232, ...,  0.06414615,
         -0.13928239,  0.        ]],

       [[ 0.        ,  0.02451587, -0.06844674, ..., -0.25714964,
          0.07110707, -0.13698767],
        [-0.02451587,  0.        , -0.09288455, ..., -0.28076379,
          0.04663188, -0.16123126],
        [ 0.06844674,  0.09288455,  0.        , ..., -0.19040158,
          0.13921379, -0.06886493],
        ...,
        [ 0.25714964,  0.28076379,  0.19040158, ...,  0.        ,
          0.32521457,  0.12234443],
        [-0.07110707, -0.04663188, -0.13921379, ..., -0.32521457,
          0.        , -0.20707764],
        [ 0.13698767,  0.16123126,  0.06886493, ..., -0.12234443,
          0.20707764,  0.        ]],

       [[ 0.        ,  0.25455324,  0.3908612 , ..., -0.57946686,
         -0.3908612 , -0.47466961],
        [-0.25455324,  0.        ,  0.14368231, ..., -0.35291868,
         -0.14368231, -0.2349848 ],
        [-0.3908612 , -0.14368231,  0.        , ..., -0.21481982,
         -0.        , -0.0928875 ],
        ...,
        [ 0.57946686,  0.35291868,  0.21481982, ...,  0.        ,
         -0.21481982, -0.12317216],
        [ 0.3908612 ,  0.14368231,  0.        , ...,  0.21481982,
          0.        ,  0.0928875 ],
        [ 0.47466961,  0.2349848 ,  0.0928875 , ...,  0.12317216,
         -0.0928875 ,  0.        ]],

       ...,

       [[ 0.        , -0.47001415, -0.40824564, ..., -0.8172541 ,
         -0.89245358, -0.87947455],
        [ 0.47001415,  0.        ,  0.06872117, ..., -0.45049802,
         -0.57569026, -0.55257471],
        [ 0.40824564, -0.06872117,  0.        , ..., -0.51078571,
         -0.63052036, -0.60854494],
        ...,
        [ 0.8172541 ,  0.45049802,  0.51078571, ...,  0.        ,
         -0.14560552, -0.11785263],
        [ 0.89245358,  0.57569026,  0.63052036, ...,  0.14560552,
          0.        ,  0.02799417],
        [ 0.87947455,  0.55257471,  0.60854494, ...,  0.11785263,
         -0.02799417,  0.        ]],

       [[ 0.        ,  0.03011544,  0.07493846, ..., -0.65065066,
         -0.722669  , -0.7256207 ],
        [-0.03011544,  0.        ,  0.04487371, ..., -0.62748656,
         -0.7015256 , -0.7045693 ],
        [-0.07493846, -0.04487371,  0.        , ..., -0.59191458,
         -0.66883994, -0.6720156 ],
        ...,
        [ 0.65065066,  0.62748656,  0.59191458, ...,  0.        ,
          0.09905235,  0.1033104 ],
        [ 0.722669  ,  0.7015256 ,  0.66883994, ..., -0.09905235,
          0.        ,  0.00428001],
        [ 0.7256207 ,  0.7045693 ,  0.6720156 , ..., -0.1033104 ,
         -0.00428001,  0.        ]],

       [[ 0.        , -0.00233078, -0.00350592, ..., -0.86297996,
         -0.85215082, -0.84513361],
        [ 0.00233078,  0.        , -0.00117515, ..., -0.86415522,
         -0.85336819, -0.84637725],
        [ 0.00350592,  0.00117515,  0.        , ..., -0.86474599,
         -0.85398022, -0.84700253],
        ...,
        [ 0.86297996,  0.86415522,  0.86474599, ...,  0.        ,
         -0.02105509, -0.03431663],
        [ 0.85215082,  0.85336819,  0.85398022, ...,  0.02105509,
          0.        , -0.01326633],
        [ 0.84513361,  0.84637725,  0.84700253, ...,  0.03431663,
          0.01326633,  0.        ]]]), 'num': array([ 9.43415810e-01,  3.31607373e-01,  9.72668363e-06,  5.69124093e-04,
        5.87220249e-04,  5.64600055e-04,  5.01308750e-04, -1.17625011e-05,
        5.78896017e-04,  5.98756548e-04,  7.10877312e-04,  3.80787830e-07,
        6.44010960e-04,  5.53502137e-04])}
{'img': array([[[ 0.        ,  0.17420541,  0.37152974, ..., -0.62245428,
         -0.72736336, -0.61061101],
        [-0.17420541,  0.        ,  0.20411284, ..., -0.4765936 ,
         -0.59669259, -0.46331575],
        [-0.37152974, -0.20411284,  0.        , ..., -0.28711961,
         -0.42033623, -0.27267831],
        ...,
        [ 0.62245428,  0.4765936 ,  0.28711961, ...,  0.        ,
          0.14211459, -0.01504217],
        [ 0.72736336,  0.59669259,  0.42033623, ..., -0.14211459,
          0.        , -0.15698801],
        [ 0.61061101,  0.46331575,  0.27267831, ...,  0.01504217,
          0.15698801,  0.        ]],

       [[ 0.        , -0.09288455, -0.30644373, ...,  0.04663188,
         -0.16123126,  0.07137247],
        [ 0.09288455,  0.        , -0.21670318, ...,  0.13921379,
         -0.06886493,  0.16371158],
        [ 0.30644373,  0.21670318,  0.        , ...,  0.35049873,
          0.1489602 ,  0.37360087],
        ...,
        [-0.04663188, -0.13921379, -0.35049873, ...,  0.        ,
         -0.20707764,  0.02478186],
        [ 0.16123126,  0.06886493, -0.1489602 , ...,  0.20707764,
          0.        ,  0.23125875],
        [-0.07137247, -0.16371158, -0.37360087, ..., -0.02478186,
         -0.23125875,  0.        ]],

       [[ 0.        ,  0.14368231,  0.10241294, ..., -0.14368231,
         -0.2349848 , -0.29546051],
        [-0.14368231,  0.        , -0.04157653, ..., -0.        ,
         -0.0928875 , -0.15512717],
        [-0.10241294,  0.04157653,  0.        , ..., -0.04157653,
         -0.13420396, -0.19606626],
        ...,
        [ 0.14368231,  0.        ,  0.04157653, ...,  0.        ,
          0.0928875 ,  0.15512717],
        [ 0.2349848 ,  0.0928875 ,  0.13420396, ..., -0.0928875 ,
          0.        ,  0.06269344],
        [ 0.29546051,  0.15512717,  0.19606626, ..., -0.15512717,
         -0.06269344,  0.        ]],

       ...,

       [[ 0.        ,  0.06872117,  0.02416491, ..., -0.57569026,
         -0.55257471, -0.60347693],
        [-0.06872117,  0.        , -0.04459331, ..., -0.63052036,
         -0.60854494, -0.65684717],
        [-0.02416491,  0.04459331,  0.        , ..., -0.59528102,
         -0.57255392, -0.62256933],
        ...,
        [ 0.57569026,  0.63052036,  0.59528102, ...,  0.        ,
          0.02799417, -0.03439952],
        [ 0.55257471,  0.60854494,  0.57255392, ..., -0.02799417,
          0.        , -0.06236364],
        [ 0.60347693,  0.65684717,  0.62256933, ...,  0.03439952,
          0.06236364,  0.        ]],

       [[ 0.        ,  0.04487371,  0.09321951, ..., -0.7015256 ,
         -0.7045693 , -0.72487939],
        [-0.04487371,  0.        ,  0.04844729, ..., -0.66883994,
         -0.6720156 , -0.69323679],
        [-0.09321951, -0.04844729,  0.        , ..., -0.63203852,
         -0.63534946, -0.6575063 ],
        ...,
        [ 0.7015256 ,  0.66883994,  0.63203852, ...,  0.        ,
          0.00428001,  0.03331713],
        [ 0.7045693 ,  0.6720156 ,  0.63534946, ..., -0.00428001,
          0.        ,  0.02903919],
        [ 0.72487939,  0.69323679,  0.6575063 , ..., -0.03331713,
         -0.02903919,  0.        ]],

       [[ 0.        , -0.00117515,  0.02931892, ..., -0.85336819,
         -0.84637725, -0.8308476 ],
        [ 0.00117515,  0.        ,  0.03049354, ..., -0.85398022,
         -0.84700253, -0.83150099],
        [-0.02931892, -0.03049354,  0.        , ..., -0.83771713,
         -0.83039861, -0.81417445],
        ...,
        [ 0.85336819,  0.85398022,  0.83771713, ...,  0.        ,
         -0.01326633, -0.04177136],
        [ 0.84637725,  0.84700253,  0.83039861, ...,  0.01326633,
          0.        , -0.02851294],
        [ 0.8308476 ,  0.83150099,  0.81417445, ...,  0.04177136,
          0.02851294,  0.        ]]]), 'num': array([7.07104497e-01, 7.07104497e-01, 0.00000000e+00, 8.41165201e-04,
       8.46422484e-04, 8.08307185e-04, 6.08990462e-04, 1.44575269e-05,
       8.38536560e-04, 8.66728737e-04, 1.02302337e-03, 5.73162379e-07,
       9.31882330e-04, 8.01575145e-04])}
{'img': array([[[ 0.        ,  0.20411284, -0.20627825, ..., -0.59669259,
         -0.46331575, -0.58012703],
        [-0.20411284,  0.        , -0.40165861, ..., -0.42033623,
         -0.27267831, -0.40165861],
        [ 0.20627825,  0.40165861,  0.        , ..., -0.74939184,
         -0.63615379, -0.73566946],
        ...,
        [ 0.59669259,  0.42033623,  0.74939184, ...,  0.        ,
         -0.15698801, -0.02048716],
        [ 0.46331575,  0.27267831,  0.63615379, ...,  0.15698801,
          0.        ,  0.13672193],
        [ 0.58012703,  0.40165861,  0.73566946, ...,  0.02048716,
         -0.13672193,  0.        ]],

       [[ 0.        , -0.21670318, -0.01813251, ..., -0.06886493,
          0.16371158,  0.06276579],
        [ 0.21670318,  0.        ,  0.19896592, ...,  0.1489602 ,
          0.37360087,  0.27755022],
        [ 0.01813251, -0.19896592,  0.        , ..., -0.05076415,
          0.18157254,  0.08085222],
        ...,
        [ 0.06886493, -0.1489602 ,  0.05076415, ...,  0.        ,
          0.23125875,  0.13134593],
        [-0.16371158, -0.37360087, -0.18157254, ..., -0.23125875,
          0.        , -0.10146982],
        [-0.06276579, -0.27755022, -0.08085222, ..., -0.13134593,
          0.10146982,  0.        ]],

       [[ 0.        , -0.04157653, -0.27922805, ..., -0.0928875 ,
         -0.15512717, -0.0928875 ],
        [ 0.04157653,  0.        , -0.23906379, ..., -0.13420396,
         -0.19606626, -0.13420396],
        [ 0.27922805,  0.23906379,  0.        , ..., -0.36721372,
         -0.42480481, -0.36721372],
        ...,
        [ 0.0928875 ,  0.13420396,  0.36721372, ...,  0.        ,
          0.06269344,  0.        ],
        [ 0.15512717,  0.19606626,  0.42480481, ..., -0.06269344,
          0.        , -0.06269344],
        [ 0.0928875 ,  0.13420396,  0.36721372, ...,  0.        ,
          0.06269344,  0.        ]],

       ...,

       [[ 0.        , -0.04459331, -0.23122304, ..., -0.60854494,
         -0.65684717, -0.62103252],
        [ 0.04459331,  0.        , -0.18760815, ..., -0.57255392,
         -0.62256933, -0.58546318],
        [ 0.23122304,  0.18760815,  0.        , ..., -0.40857388,
         -0.46469945, -0.42297392],
        ...,
        [ 0.60854494,  0.57255392,  0.40857388, ...,  0.        ,
         -0.06236364, -0.01583309],
        [ 0.65684717,  0.62256933,  0.46469945, ...,  0.06236364,
          0.        ,  0.04655355],
        [ 0.62103252,  0.58546318,  0.42297392, ...,  0.01583309,
         -0.04655355,  0.        ]],

       [[ 0.        ,  0.04840215,  0.0707519 , ..., -0.69264456,
         -0.7095876 , -0.59146608],
        [-0.04840215,  0.        ,  0.02238813, ..., -0.65692127,
         -0.67465093, -0.55174474],
        [-0.0707519 , -0.02238813,  0.        , ..., -0.63987688,
         -0.65795633, -0.53293446],
        ...,
        [ 0.69264456,  0.65692127,  0.63987688, ...,  0.        ,
          0.02376141, -0.13188789],
        [ 0.7095876 ,  0.67465093,  0.65795633, ..., -0.02376141,
          0.        , -0.1554045 ],
        [ 0.59146608,  0.55174474,  0.53293446, ...,  0.13188789,
          0.1554045 ,  0.        ]],

       [[ 0.        ,  0.03049354,  0.08474078, ..., -0.84700253,
         -0.83150099, -0.82340894],
        [-0.03049354,  0.        ,  0.05431752, ..., -0.83039861,
         -0.81417445, -0.80572251],
        [-0.08474078, -0.05431752,  0.        , ..., -0.79890863,
         -0.78143464, -0.77236114],
        ...,
        [ 0.84700253,  0.83039861,  0.79890863, ...,  0.        ,
         -0.02851294, -0.04291523],
        [ 0.83150099,  0.81417445,  0.78143464, ...,  0.02851294,
          0.        , -0.01441111],
        [ 0.82340894,  0.80572251,  0.77236114, ...,  0.04291523,
          0.01441111,  0.        ]]]), 'num': array([ 7.07104557e-01,  7.07104557e-01,  0.00000000e+00,  8.33279348e-04,
        8.58251442e-04,  8.28022065e-04,  4.52691492e-04, -7.88592442e-06,
        8.34593668e-04,  8.63837305e-04,  1.01303461e-03,  5.07100127e-07,
        9.29536911e-04,  7.98137699e-04])}
{'img': array([[[ 0.        , -0.40165861, -0.40165861, ..., -0.27267831,
         -0.40165861, -0.33826017],
        [ 0.40165861,  0.        ,  0.        , ..., -0.63615379,
         -0.73566946, -0.687757  ],
        [ 0.40165861,  0.        ,  0.        , ..., -0.63615379,
         -0.73566946, -0.687757  ],
        ...,
        [ 0.27267831,  0.63615379,  0.63615379, ...,  0.        ,
          0.13672193,  0.06883725],
        [ 0.40165861,  0.73566946,  0.73566946, ..., -0.13672193,
          0.        , -0.06820679],
        [ 0.33826017,  0.687757  ,  0.687757  , ..., -0.06883725,
          0.06820679,  0.        ]],

       [[ 0.        ,  0.19896592, -0.12393955, ...,  0.37360087,
          0.27755022,  0.08766269],
        [-0.19896592,  0.        , -0.3188934 , ...,  0.18157254,
          0.08085222, -0.11228994],
        [ 0.12393955,  0.3188934 ,  0.        , ...,  0.48568535,
          0.39448035,  0.2104492 ],
        ...,
        [-0.37360087, -0.18157254, -0.48568535, ...,  0.        ,
         -0.10146982, -0.29084758],
        [-0.27755022, -0.08085222, -0.39448035, ...,  0.10146982,
          0.        , -0.19226319],
        [-0.08766269,  0.11228994, -0.2104492 , ...,  0.29084758,
          0.19226319,  0.        ]],

       [[ 0.        , -0.27571193, -0.3734543 , ..., -0.20227789,
         -0.16022756, -0.        ],
        [ 0.27571193,  0.        , -0.10321555, ..., -0.46445012,
         -0.42616694, -0.27571193],
        [ 0.3734543 ,  0.10321555,  0.        , ..., -0.55337711,
         -0.51726417, -0.3734543 ],
        ...,
        [ 0.20227789,  0.46445012,  0.55337711, ...,  0.        ,
         -0.04274912, -0.20227789],
        [ 0.16022756,  0.42616694,  0.51726417, ...,  0.04274912,
          0.        , -0.16022756],
        [ 0.        ,  0.27571193,  0.3734543 , ...,  0.20227789,
          0.16022756,  0.        ]],

       ...,

       [[ 0.        , -0.18760815, -0.12942528, ..., -0.62256933,
         -0.58546318, -0.70380889],
        [ 0.18760815,  0.        ,  0.05890301, ..., -0.46469945,
         -0.42297392, -0.55803719],
        [ 0.12942528, -0.05890301,  0.        , ..., -0.51604936,
         -0.475614  , -0.60594693],
        ...,
        [ 0.62256933,  0.46469945,  0.51604936, ...,  0.        ,
          0.04655355, -0.10850932],
        [ 0.58546318,  0.42297392,  0.475614  , ..., -0.04655355,
          0.        , -0.15467035],
        [ 0.70380889,  0.55803719,  0.60594693, ...,  0.10850932,
          0.15467035,  0.        ]],

       [[ 0.        ,  0.02234021,  0.03790468, ..., -0.70574117,
         -0.65094233, -0.55075594],
        [-0.02234021,  0.        ,  0.01557107, ..., -0.68973768,
         -0.63382081, -0.53197186],
        [-0.03790468, -0.01557107,  0.        , ..., -0.67837968,
         -0.62170006, -0.51872238],
        ...,
        [ 0.70574117,  0.68973768,  0.67837968, ...,  0.        ,
         -0.07457436, -0.19886448],
        [ 0.65094233,  0.63382081,  0.62170006, ...,  0.07457436,
          0.        , -0.12522584],
        [ 0.55075594,  0.53197186,  0.51872238, ...,  0.19886448,
          0.12522584,  0.        ]],

       [[ 0.        ,  0.05431752,  0.26410641, ..., -0.81417445,
         -0.80572251, -0.79325375],
        [-0.05431752,  0.        ,  0.21132762, ..., -0.78143464,
         -0.77236114, -0.75900922],
        [-0.26410641, -0.21132762,  0.        , ..., -0.63192044,
         -0.62068573, -0.60427605],
        ...,
        [ 0.81417445,  0.78143464,  0.63192044, ...,  0.        ,
         -0.01441111, -0.03516439],
        [ 0.80572251,  0.77236114,  0.62068573, ...,  0.01441111,
          0.        , -0.02075854],
        [ 0.79325375,  0.75900922,  0.60427605, ...,  0.03516439,
          0.02075854,  0.        ]]]), 'num': array([7.07104478e-01, 7.07104478e-01, 0.00000000e+00, 8.59565666e-04,
       8.63508628e-04, 8.33279254e-04, 6.13077983e-04, 2.62864118e-05,
       8.40902314e-04, 8.63574344e-04, 1.00337424e-03, 4.87570542e-07,
       9.29298128e-04, 7.97850560e-04])}
{'img': array([[[ 0.00000000e+00,  0.00000000e+00, -8.81315941e-01, ...,
         -4.09994684e-01, -3.45383759e-01, -5.25895077e-01],
        [ 0.00000000e+00,  0.00000000e+00, -8.81315941e-01, ...,
         -4.09994684e-01, -3.45383759e-01, -5.25895077e-01],
        [ 8.81315941e-01,  8.81315941e-01,  0.00000000e+00, ...,
         -9.97571368e-01, -9.90284428e-01, -9.98102661e-01],
        ...,
        [ 4.09994684e-01,  4.09994684e-01,  9.97571368e-01, ...,
          0.00000000e+00, -6.97438902e-02,  1.30941790e-01],
        [ 3.45383759e-01,  3.45383759e-01,  9.90284428e-01, ...,
          6.97438902e-02,  0.00000000e+00,  1.99766337e-01],
        [ 5.25895077e-01,  5.25895077e-01,  9.98102661e-01, ...,
         -1.30941790e-01, -1.99766337e-01,  0.00000000e+00]],

       [[ 0.00000000e+00, -3.18893396e-01,  9.32486438e-01, ...,
          8.08522247e-02, -1.12289939e-01,  8.47129926e-02],
        [ 3.18893396e-01,  0.00000000e+00,  9.98987756e-01, ...,
          3.94480348e-01,  2.10449202e-01,  3.98037277e-01],
        [-9.32486438e-01, -9.98987756e-01,  0.00000000e+00, ...,
         -9.00229344e-01, -9.67148600e-01, -8.98535761e-01],
        ...,
        [-8.08522247e-02, -3.94480348e-01,  9.00229344e-01, ...,
          0.00000000e+00, -1.92263186e-01,  3.87405791e-03],
        [ 1.12289939e-01, -2.10449202e-01,  9.67148600e-01, ...,
          1.92263186e-01,  0.00000000e+00,  1.96063525e-01],
        [-8.47129926e-02, -3.98037277e-01,  8.98535761e-01, ...,
         -3.87405791e-03, -1.96063525e-01,  0.00000000e+00]],

       [[ 0.00000000e+00, -2.59495188e-01, -5.14137946e-01, ...,
         -1.61792690e-01, -0.00000000e+00, -2.04245822e-01],
        [ 2.59495188e-01,  0.00000000e+00, -2.73954870e-01, ...,
         -4.12326664e-01, -2.59495188e-01, -4.51274193e-01],
        [ 5.14137946e-01,  2.73954870e-01,  0.00000000e+00, ...,
         -6.46134865e-01, -5.14137946e-01, -6.78482904e-01],
        ...,
        [ 1.61792690e-01,  4.12326664e-01,  6.46134865e-01, ...,
          0.00000000e+00, -1.61792690e-01,  4.31727962e-02],
        [ 0.00000000e+00,  2.59495188e-01,  5.14137946e-01, ...,
          1.61792690e-01,  0.00000000e+00,  2.04245822e-01],
        [ 2.04245822e-01,  4.51274193e-01,  6.78482904e-01, ...,
         -4.31727962e-02, -2.04245822e-01,  0.00000000e+00]],

       ...,

       [[ 0.00000000e+00,  5.89030148e-02, -5.57294195e-01, ...,
         -4.22973920e-01, -5.58037186e-01, -5.96512407e-01],
        [-5.89030148e-02,  0.00000000e+00, -6.05234634e-01, ...,
         -4.75614002e-01, -6.05946933e-01, -6.42752475e-01],
        [ 5.57294195e-01,  6.05234634e-01,  0.00000000e+00, ...,
          1.53785960e-01, -8.95099240e-04, -4.80067950e-02],
        ...,
        [ 4.22973920e-01,  4.75614002e-01, -1.53785960e-01, ...,
          0.00000000e+00, -1.54670349e-01, -2.01044361e-01],
        [ 5.58037186e-01,  6.05946933e-01,  8.95099240e-04, ...,
          1.54670349e-01,  0.00000000e+00, -4.71127086e-02],
        [ 5.96512407e-01,  6.42752475e-01,  4.80067950e-02, ...,
          2.01044361e-01,  4.71127086e-02,  0.00000000e+00]],

       [[ 0.00000000e+00,  1.55676996e-02,  7.25545775e-02, ...,
         -6.38527691e-01, -5.65329528e-01, -5.31874198e-01],
        [-1.55676996e-02,  0.00000000e+00,  5.70191150e-02, ...,
         -6.26469428e-01, -5.52419766e-01, -5.18626651e-01],
        [-7.25545775e-02, -5.70191150e-02,  0.00000000e+00, ...,
         -5.81006896e-01, -5.03991827e-01, -4.69031501e-01],
        ...,
        [ 6.38527691e-01,  6.26469428e-01,  5.81006896e-01, ...,
          0.00000000e+00, -9.16222890e-02, -1.31390407e-01],
        [ 5.65329528e-01,  5.52419766e-01,  5.03991827e-01, ...,
          9.16222890e-02,  0.00000000e+00, -4.00097691e-02],
        [ 5.31874198e-01,  5.18626651e-01,  4.69031501e-01, ...,
          1.31390407e-01,  4.00097691e-02,  0.00000000e+00]],

       [[ 0.00000000e+00,  2.11327624e-01, -1.21135164e-01, ...,
         -7.72361138e-01, -7.59009224e-01, -7.57862666e-01],
        [-2.11327624e-01,  0.00000000e+00, -3.28170772e-01, ...,
         -6.20685729e-01, -6.04276054e-01, -6.02873427e-01],
        [ 1.21135164e-01,  3.28170772e-01,  0.00000000e+00, ...,
         -8.43616564e-01, -8.32288563e-01, -8.31312073e-01],
        ...,
        [ 7.72361138e-01,  6.20685729e-01,  8.43616564e-01, ...,
          0.00000000e+00, -2.07585391e-02, -2.25173341e-02],
        [ 7.59009224e-01,  6.04276054e-01,  8.32288563e-01, ...,
          2.07585391e-02,  0.00000000e+00, -1.75920614e-03],
        [ 7.57862666e-01,  6.02873427e-01,  8.31312073e-01, ...,
          2.25173341e-02,  1.75920614e-03,  0.00000000e+00]]]), 'num': array([7.07103964e-01, 7.07103964e-01, 0.00000000e+00, 9.02937590e-04,
       9.02937590e-04, 8.64822320e-04, 1.27114424e-03, 4.33725480e-05,
       8.52730580e-04, 8.65150900e-04, 9.94874248e-04, 6.34324149e-07,
       9.33028225e-04, 7.97273576e-04])}
{'img': array([[[ 0.00000000e+00, -8.81315941e-01, -8.25203755e-01, ...,
         -3.45383759e-01, -5.25895077e-01, -7.08715389e-01],
        [ 8.81315941e-01,  0.00000000e+00,  1.07866790e-01, ...,
         -9.90284428e-01, -9.98102661e-01, -9.56651045e-01],
        [ 8.25203755e-01, -1.07866790e-01,  0.00000000e+00, ...,
         -9.69506877e-01, -9.98920633e-01, -9.82484088e-01],
        ...,
        [ 3.45383759e-01,  9.90284428e-01,  9.69506877e-01, ...,
          0.00000000e+00,  1.99766337e-01,  4.21435790e-01],
        [ 5.25895077e-01,  9.98102661e-01,  9.98920633e-01, ...,
         -1.99766337e-01,  0.00000000e+00,  2.31781397e-01],
        [ 7.08715389e-01,  9.56651045e-01,  9.82484088e-01, ...,
         -4.21435790e-01, -2.31781397e-01,  0.00000000e+00]],

       [[ 0.00000000e+00,  9.98987756e-01,  8.80098469e-01, ...,
          2.10449202e-01,  3.98037277e-01,  7.42160385e-01],
        [-9.98987756e-01,  0.00000000e+00, -4.34721197e-01, ...,
         -9.67148600e-01, -8.98535761e-01, -6.36159353e-01],
        [-8.80098469e-01,  4.34721197e-01,  0.00000000e+00, ...,
         -7.60469052e-01, -6.18390668e-01, -2.37490419e-01],
        ...,
        [-2.10449202e-01,  9.67148600e-01,  7.60469052e-01, ...,
          0.00000000e+00,  1.96063525e-01,  5.84491797e-01],
        [-3.98037277e-01,  8.98535761e-01,  6.18390668e-01, ...,
         -1.96063525e-01,  0.00000000e+00,  4.14061642e-01],
        [-7.42160385e-01,  6.36159353e-01,  2.37490419e-01, ...,
         -5.84491797e-01, -4.14061642e-01,  0.00000000e+00]],

       [[ 0.00000000e+00, -4.55803499e-01, -6.15414367e-01, ...,
         -0.00000000e+00, -2.05998635e-01, -3.45719785e-01],
        [ 4.55803499e-01,  0.00000000e+00, -1.88502255e-01, ...,
         -4.55803499e-01, -6.29382906e-01, -7.35416068e-01],
        [ 6.15414367e-01,  1.88502255e-01,  0.00000000e+00, ...,
         -6.15414367e-01, -7.64584029e-01, -8.49964197e-01],
        ...,
        [ 0.00000000e+00,  4.55803499e-01,  6.15414367e-01, ...,
          0.00000000e+00,  2.05998635e-01,  3.45719785e-01],
        [ 2.05998635e-01,  6.29382906e-01,  7.64584029e-01, ...,
         -2.05998635e-01,  0.00000000e+00,  1.45008578e-01],
        [ 3.45719785e-01,  7.35416068e-01,  8.49964197e-01, ...,
         -3.45719785e-01, -1.45008578e-01,  0.00000000e+00]],

       ...,

       [[ 0.00000000e+00, -6.05234634e-01, -4.85389238e-01, ...,
         -6.05946933e-01, -6.42752475e-01, -3.47433018e-01],
        [ 6.05234634e-01,  0.00000000e+00,  1.42762820e-01, ...,
         -8.95099240e-04, -4.80067950e-02,  2.90958366e-01],
        [ 4.85389238e-01, -1.42762820e-01,  0.00000000e+00, ...,
         -1.43648694e-01, -1.90113274e-01,  1.51391770e-01],
        ...,
        [ 6.05946933e-01,  8.95099240e-04,  1.43648694e-01, ...,
          0.00000000e+00, -4.71127086e-02,  2.91814623e-01],
        [ 6.42752475e-01,  4.80067950e-02,  1.90113274e-01, ...,
          4.71127086e-02,  0.00000000e+00,  3.36552709e-01],
        [ 3.47433018e-01, -2.90958366e-01, -1.51391770e-01, ...,
         -2.91814623e-01, -3.36552709e-01,  0.00000000e+00]],

       [[ 0.00000000e+00,  5.70191150e-02,  8.44027764e-02, ...,
         -5.52419766e-01, -5.18626651e-01, -6.46984916e-01],
        [-5.70191150e-02,  0.00000000e+00,  2.74498056e-02, ...,
         -5.03991827e-01, -4.69031501e-01, -6.02455093e-01],
        [-8.44027764e-02, -2.74498056e-02,  0.00000000e+00, ...,
         -4.80093286e-01, -4.44611603e-01, -5.80318939e-01],
        ...,
        [ 5.52419766e-01,  5.03991827e-01,  4.80093286e-01, ...,
          0.00000000e+00, -4.00097691e-02,  1.18083059e-01],
        [ 5.18626651e-01,  4.69031501e-01,  4.44611603e-01, ...,
          4.00097691e-02,  0.00000000e+00,  1.57718358e-01],
        [ 6.46984916e-01,  6.02455093e-01,  5.80318939e-01, ...,
         -1.18083059e-01, -1.57718358e-01,  0.00000000e+00]],

       [[ 0.00000000e+00, -3.28170772e-01, -4.10571633e-01, ...,
         -6.04276054e-01, -6.02873427e-01, -6.00041323e-01],
        [ 3.28170772e-01,  0.00000000e+00, -8.85981118e-02, ...,
         -8.32288563e-01, -8.31312073e-01, -8.29336528e-01],
        [ 4.10571633e-01,  8.85981118e-02,  0.00000000e+00, ...,
         -8.78129261e-01, -8.77286257e-01, -8.75579269e-01],
        ...,
        [ 6.04276054e-01,  8.32288563e-01,  8.78129261e-01, ...,
          0.00000000e+00, -1.75920614e-03, -5.30416997e-03],
        [ 6.02873427e-01,  8.31312073e-01,  8.77286257e-01, ...,
          1.75920614e-03,  0.00000000e+00, -3.54498037e-03],
        [ 6.00041323e-01,  8.29336528e-01,  8.75579269e-01, ...,
          5.30416997e-03,  3.54498037e-03,  0.00000000e+00]]]), 'num': array([ 7.85287319e-01,  6.19120984e-01,  2.51767175e-06,  9.71732956e-04,
        1.04093212e-03,  9.23146308e-04,  2.27554829e-03, -3.97527118e-05,
        9.64371343e-04,  9.68346614e-04,  1.10429107e-03,  6.84164805e-07,
        1.04391048e-03,  8.92782746e-04])}
{'img': array([[[ 0.        ,  0.47120734,  0.        , ..., -0.89967552,
         -0.98336136, -0.92241809],
        [-0.47120734,  0.        , -0.47120734, ..., -0.58782411,
         -0.78174717, -0.6316166 ],
        [ 0.        ,  0.47120734,  0.        , ..., -0.89967552,
         -0.98336136, -0.92241809],
        ...,
        [ 0.89967552,  0.58782411,  0.89967552, ...,  0.        ,
          0.26586021,  0.05524193],
        [ 0.98336136,  0.78174717,  0.98336136, ..., -0.26586021,
          0.        , -0.21220038],
        [ 0.92241809,  0.6316166 ,  0.92241809, ..., -0.05524193,
          0.21220038,  0.        ]],

       [[ 0.        , -0.43570711, -0.76336526, ..., -0.90142464,
         -0.63777612, -0.34354813],
        [ 0.43570711,  0.        , -0.40564385, ..., -0.62272865,
         -0.23846383,  0.09996411],
        [ 0.76336526,  0.40564385,  0.        , ..., -0.25180232,
          0.17597819,  0.49498231],
        ...,
        [ 0.90142464,  0.62272865,  0.25180232, ...,  0.        ,
          0.41818065,  0.69782513],
        [ 0.63777612,  0.23846383, -0.17597819, ..., -0.41818065,
          0.        ,  0.33434966],
        [ 0.34354813, -0.09996411, -0.49498231, ..., -0.69782513,
         -0.33434966,  0.        ]],

       [[ 0.        , -0.45164332, -0.65014416, ..., -0.21183722,
         -0.35530145, -0.42447992],
        [ 0.45164332,  0.        , -0.23689419, ..., -0.63039413,
         -0.73917385, -0.78765512],
        [ 0.65014416,  0.23689419,  0.        , ..., -0.79634534,
         -0.87768532, -0.91118927],
        ...,
        [ 0.21183722,  0.63039413,  0.79634534, ...,  0.        ,
          0.14922266,  0.223041  ],
        [ 0.35530145,  0.73917385,  0.87768532, ..., -0.14922266,
          0.        ,  0.07508015],
        [ 0.42447992,  0.78765512,  0.91118927, ..., -0.223041  ,
         -0.07508015,  0.        ]],

       ...,

       [[ 0.        ,  0.14276282,  0.07516052, ..., -0.0480068 ,
          0.29095837,  0.23874038],
        [-0.14276282,  0.        , -0.06796836, ..., -0.19011327,
          0.15139177,  0.09766034],
        [-0.07516052,  0.06796836,  0.        , ..., -0.12294486,
          0.21822662,  0.16507796],
        ...,
        [ 0.0480068 ,  0.19011327,  0.12294486, ...,  0.        ,
          0.33655271,  0.28508372],
        [-0.29095837, -0.15139177, -0.21822662, ..., -0.33655271,
          0.        , -0.0541334 ],
        [-0.23874038, -0.09766034, -0.16507796, ..., -0.28508372,
          0.0541334 ,  0.        ]],

       [[ 0.        ,  0.02744981,  0.07857601, ..., -0.4690315 ,
         -0.60245509, -0.58102958],
        [-0.02744981,  0.        ,  0.05118147, ..., -0.4446116 ,
         -0.58031894, -0.55846972],
        [-0.07857601, -0.05118147,  0.        , ..., -0.39818444,
         -0.53787671, -0.51528147],
        ...,
        [ 0.4690315 ,  0.4446116 ,  0.39818444, ...,  0.        ,
          0.15771836,  0.13141804],
        [ 0.60245509,  0.58031894,  0.53787671, ..., -0.15771836,
          0.        , -0.02657725],
        [ 0.58102958,  0.55846972,  0.51528147, ..., -0.13141804,
          0.02657725,  0.        ]],

       [[ 0.        , -0.25750828, -0.40952203, ..., -0.61041813,
         -0.60756202, -0.60606582],
        [ 0.25750828,  0.        , -0.16078649, ..., -0.79379943,
         -0.79160433, -0.79045273],
        [ 0.40952203,  0.16078649,  0.        , ..., -0.88125855,
         -0.87955095, -0.87865375],
        ...,
        [ 0.61041813,  0.79379943,  0.88125855, ...,  0.        ,
         -0.00360084, -0.00548321],
        [ 0.60756202,  0.79160433,  0.87955095, ...,  0.00360084,
          0.        , -0.00188238],
        [ 0.60606582,  0.79045273,  0.87865375, ...,  0.00548321,
          0.00188238,  0.        ]]]), 'num': array([7.53515046e-01, 6.57424497e-01, 1.40688945e-06, 9.60905492e-04,
       9.73567497e-04, 9.45429708e-04, 8.85031944e-04, 3.23584573e-05,
       9.33611837e-04, 9.26225667e-04, 1.04883608e-03, 8.32878552e-07,
       9.99736280e-04, 8.52715054e-04])}
{'img': array([[[ 0.        , -0.47120734, -0.68308693, ..., -0.78174717,
         -0.6316166 , -0.76328035],
        [ 0.47120734,  0.        , -0.25835783, ..., -0.98336136,
         -0.92241809, -0.97766213],
        [ 0.68308693,  0.25835783,  0.        , ..., -0.99690889,
         -0.99087727, -0.99877215],
        ...,
        [ 0.78174717,  0.98336136,  0.99690889, ...,  0.        ,
         -0.21220038, -0.02908318],
        [ 0.6316166 ,  0.92241809,  0.99087727, ...,  0.21220038,
          0.        ,  0.18368977],
        [ 0.76328035,  0.97766213,  0.99877215, ...,  0.02908318,
         -0.18368977,  0.        ]],

       [[ 0.        , -0.40564385, -0.44200706, ..., -0.23846383,
          0.09996411, -0.47958612],
        [ 0.40564385,  0.        , -0.04014103, ...,  0.17597819,
          0.49498231, -0.08240631],
        [ 0.44200706,  0.04014103,  0.        , ...,  0.21535095,
          0.52946203, -0.04233539],
        ...,
        [ 0.23846383, -0.17597819, -0.21535095, ...,  0.        ,
          0.33434966, -0.25649994],
        [-0.09996411, -0.49498231, -0.52946203, ..., -0.33434966,
          0.        , -0.56490188],
        [ 0.47958612,  0.08240631,  0.04233539, ...,  0.25649994,
          0.56490188,  0.        ]],

       [[ 0.        , -0.5101761 , -0.70101815, ..., -0.36493122,
         -0.43578669, -0.51519754],
        [ 0.5101761 ,  0.        , -0.23909592, ..., -0.78885792,
         -0.83399103, -0.88036331],
        [ 0.70101815,  0.23909592,  0.        , ..., -0.91292037,
         -0.94172979, -0.96823239],
        ...,
        [ 0.36493122,  0.78885792,  0.91292037, ...,  0.        ,
          0.07727611,  0.16689454],
        [ 0.43578669,  0.83399103,  0.94172979, ..., -0.07727611,
          0.        ,  0.09020319],
        [ 0.51519754,  0.88036331,  0.96823239, ..., -0.16689454,
         -0.09020319,  0.        ]],

       ...,

       [[ 0.        , -0.06796836, -0.12693454, ...,  0.15139177,
          0.09766034,  0.46953936],
        [ 0.06796836,  0.        , -0.05922243, ...,  0.21822662,
          0.16507796,  0.5284636 ],
        [ 0.12693454,  0.05922243,  0.        , ...,  0.27563865,
          0.22319814,  0.57781327],
        ...,
        [-0.15139177, -0.21822662, -0.27563865, ...,  0.        ,
         -0.0541334 ,  0.33046184],
        [-0.09766034, -0.16507796, -0.22319814, ...,  0.0541334 ,
          0.        ,  0.38106943],
        [-0.46953936, -0.5284636 , -0.57781327, ..., -0.33046184,
         -0.38106943,  0.        ]],

       [[ 0.        ,  0.05118147,  0.14355349, ..., -0.58031894,
         -0.55846972, -0.59540504],
        [-0.05118147,  0.        ,  0.09271398, ..., -0.53787671,
         -0.51528147, -0.55350417],
        [-0.14355349, -0.09271398,  0.        , ..., -0.4573999 ,
         -0.43360421, -0.4739036 ],
        ...,
        [ 0.58031894,  0.53787671,  0.4573999 , ...,  0.        ,
         -0.02657725,  0.01864834],
        [ 0.55846972,  0.51528147,  0.43360421, ...,  0.02657725,
          0.        ,  0.04521438],
        [ 0.59540504,  0.55350417,  0.4739036 , ..., -0.01864834,
         -0.04521438,  0.        ]],

       [[ 0.        , -0.32678593, -0.51662354, ..., -0.61214728,
         -0.6106435 , -0.60880845],
        [ 0.32678593,  0.        , -0.20846182, ..., -0.83694334,
         -0.8359018 , -0.8346288 ],
        [ 0.51662354,  0.20846182,  0.        , ..., -0.93264509,
         -0.93195778, -0.93111587],
        ...,
        [ 0.61214728,  0.83694334,  0.93264509, ...,  0.        ,
         -0.00190032, -0.00421551],
        [ 0.6106435 ,  0.8359018 ,  0.93195778, ...,  0.00190032,
          0.        , -0.0023152 ],
        [ 0.60880845,  0.8346288 ,  0.93111587, ...,  0.00421551,
          0.0023152 ,  0.        ]]]), 'num': array([ 7.35548569e-01,  6.77466738e-01,  8.51639745e-07,  9.36803719e-04,
        9.38177331e-04,  9.09331469e-04,  4.23855606e-04, -1.37361249e-06,
        9.24715929e-04,  9.04867229e-04,  1.01729741e-03,  7.61135926e-07,
        9.77452609e-04,  8.32281848e-04])}
{'img': array([[[ 0.        , -0.42705047,  0.15361637, ..., -0.7563288 ,
         -0.86665871, -0.86282453],
        [ 0.42705047,  0.        ,  0.56088581, ..., -0.96326638,
         -0.996713  , -0.99606544],
        [-0.15361637, -0.56088581,  0.        , ..., -0.64685705,
         -0.77973253, -0.77492967],
        ...,
        [ 0.7563288 ,  0.96326638,  0.64685705, ...,  0.        ,
          0.18962736,  0.18212573],
        [ 0.86665871,  0.996713  ,  0.77973253, ..., -0.18962736,
          0.        , -0.00763463],
        [ 0.86282453,  0.99606544,  0.77492967, ..., -0.18212573,
          0.00763463,  0.        ]],

       [[ 0.        , -0.04014103, -0.04383096, ...,  0.49498231,
         -0.08240631, -0.56945898],
        [ 0.04014103,  0.        , -0.00369318, ...,  0.52946203,
         -0.04233539, -0.5360033 ],
        [ 0.04383096,  0.00369318,  0.        , ...,  0.53259146,
         -0.03864524, -0.5328818 ],
        ...,
        [-0.49498231, -0.52946203, -0.53259146, ...,  0.        ,
         -0.56490188, -0.90168988],
        [ 0.08240631,  0.04233539,  0.03864524, ...,  0.56490188,
          0.        , -0.49978253],
        [ 0.56945898,  0.5360033 ,  0.5328818 , ...,  0.90168988,
          0.49978253,  0.        ]],

       [[ 0.        , -0.53944565, -0.69891281, ..., -0.45098625,
         -0.53267611, -0.60695786],
        [ 0.53944565,  0.        , -0.20268362, ..., -0.86121154,
         -0.90506737, -0.93978672],
        [ 0.69891281,  0.20268362,  0.        , ..., -0.94634975,
         -0.97247694, -0.98955022],
        ...,
        [ 0.45098625,  0.86121154,  0.94634975, ...,  0.        ,
          0.09375157,  0.18331453],
        [ 0.53267611,  0.90506737,  0.97247694, ..., -0.09375157,
          0.        ,  0.09034426],
        [ 0.60695786,  0.93978672,  0.98955022, ..., -0.18331453,
         -0.09034426,  0.        ]],

       ...,

       [[ 0.        , -0.05922243,  0.12434573, ...,  0.16507796,
          0.5284636 ,  0.42377423],
        [ 0.05922243,  0.        ,  0.18289028, ...,  0.22319814,
          0.57781327,  0.4766722 ],
        [-0.12434573, -0.18289028,  0.        , ...,  0.04115701,
          0.41879811,  0.30785693],
        ...,
        [-0.16507796, -0.22319814, -0.04115701, ...,  0.        ,
          0.38106943,  0.26843796],
        [-0.5284636 , -0.57781327, -0.41879811, ..., -0.38106943,
          0.        , -0.11889967],
        [-0.42377423, -0.4766722 , -0.30785693, ..., -0.26843796,
          0.11889967,  0.        ]],

       [[ 0.        ,  0.09271398,  0.12174869, ..., -0.51528147,
         -0.55350417, -0.57277775],
        [-0.09271398,  0.        ,  0.02920001, ..., -0.43360421,
         -0.4739036 , -0.49431203],
        [-0.12174869, -0.02920001,  0.        , ..., -0.40710709,
         -0.44798867, -0.46871812],
        ...,
        [ 0.51528147,  0.43360421,  0.40710709, ...,  0.        ,
          0.04521438,  0.06850082],
        [ 0.55350417,  0.4739036 ,  0.44798867, ..., -0.04521438,
          0.        ,  0.02332259],
