state_0,state_1,state_2,state_3,state_4,state_5,state_6,state_7,state_8,state_9,state_10,state_11,state_12,state_13,state_14,state_15,state_16,state_17,state_18,state_19,state_20,state_21,state_22,state_23,state_24,state_25,state_26,state_27,state_28,state_29,state_30,state_31,state_32,state_33,state_34,state_35,state_36,state_37,state_38,state_39,state_40,state_41,state_42,state_43,state_44,state_45,state_46,state_47,state_48,state_49,state_50,state_51,state_52,state_53,state_54,state_55,state_56,state_57,state_58,state_59,state_60,state_61,state_62,state_63,state_64,state_65,state_66,state_67,state_68,state_69,state_70,state_71,state_72,state_73,state_74,state_75,state_76,state_77,state_78,state_79,state_80,state_81,state_82,state_83,state_84,state_85,state_86,state_87,state_88,state_89,state_90,state_91,state_92,state_93,state_94,state_95,state_96,state_97,state_98,state_99,state_100,state_101,state_102,state_103,state_104,state_105,state_106,state_107,state_108,state_109,state_110,state_111,state_112,state_113,state_114,state_115,state_116,state_117,state_118,state_119,state_120,state_121,state_122,state_123,state_124,state_125,state_126,state_127,state_128,state_129,state_130,state_131,state_132,state_133,state_134,state_135,state_136,state_137,state_138,state_139,state_140,state_141,state_142,state_143,state_144,state_145,state_146,state_147,state_148,state_149,state_150,state_151,state_152,state_153,state_154,state_155,state_156,state_157,state_158,state_159,state_160,state_161,state_162,state_163,state_164,state_165,state_166,state_167,state_168,state_169,state_170,state_171,state_172,state_173,state_174,state_175,state_176,state_177,state_178,state_179,state_180,state_181,state_182,state_183,state_184,state_185,state_186,state_187,state_188,state_189,state_190,state_191,state_192,state_193,state_194,state_195,state_196,state_197,state_198,state_199,state_200,state_201,state_202,state_203,state_204,state_205,state_206,state_207,state_208,state_209,state_210,state_211,state_212,state_213,state_214,state_215,state_216,state_217,state_218,state_219,state_220,state_221,state_222,state_223,state_224,state_225,state_226,state_227,state_228,state_229,state_230,state_231,state_232,state_233,state_234,state_235,state_236,state_237,state_238,state_239,state_240,state_241,state_242,state_243,state_244,state_245,state_246,state_247,state_248,state_249,state_250,state_251,state_252,state_253,state_254,state_255,state_256,state_257,state_258,state_259,state_260,state_261,state_262,state_263,state_264,state_265,state_266,state_267,state_268,state_269,state_270,state_271,state_272,state_273,state_274,state_275,state_276,state_277,state_278,state_279,state_280,state_281,state_282,state_283,state_284,state_285,state_286,state_287
{'img': array([[[ 0.        ,  0.05956256,  0.18984748, ..., -0.95769961,
         -0.76971315, -0.71341877],
        [-0.05956256,  0.        ,  0.13103109, ..., -0.9731396 ,
         -0.80637072, -0.7538899 ],
        [-0.18984748, -0.13103109,  0.        , ..., -0.99491487,
         -0.87691155, -0.83347758],
        ...,
        [ 0.95769961,  0.9731396 ,  0.99491487, ...,  0.        ,
          0.38988558,  0.46579609],
        [ 0.76971315,  0.80637072,  0.87691155, ..., -0.38988558,
          0.        ,  0.08392786],
        [ 0.71341877,  0.7538899 ,  0.83347758, ..., -0.46579609,
         -0.08392786,  0.        ]],

       [[ 0.        , -0.25822763,  0.00127704, ...,  0.04875009,
         -0.56953582, -0.53742146],
        [ 0.25822763,  0.        ,  0.25946114, ...,  0.30501728,
         -0.33796504, -0.30142741],
        [-0.00127704, -0.25946114,  0.        , ...,  0.04747453,
         -0.57058504, -0.53849797],
        ...,
        [-0.04875009, -0.30501728, -0.04747453, ...,  0.        ,
         -0.60892958, -0.57789409],
        [ 0.56953582,  0.33796504,  0.57058504, ...,  0.60892958,
          0.        ,  0.03855497],
        [ 0.53742146,  0.30142741,  0.53849797, ...,  0.57789409,
         -0.03855497,  0.        ]],

       [[ 0.        , -0.00542582,  0.07300705, ..., -0.72341529,
         -0.81022031, -0.9287106 ],
        [ 0.00542582,  0.        ,  0.07841732, ..., -0.71965858,
         -0.80702818, -0.92668501],
        [-0.07300705, -0.07841732,  0.        , ..., -0.77188983,
         -0.85084947, -0.95330367],
        ...,
        [ 0.72341529,  0.71965858,  0.77188983, ...,  0.        ,
         -0.13537465, -0.37294774],
        [ 0.81022031,  0.80702818,  0.85084947, ...,  0.13537465,
          0.        , -0.24390687],
        [ 0.9287106 ,  0.92668501,  0.95330367, ...,  0.37294774,
          0.24390687,  0.        ]],

       ...,

       [[ 0.        ,  0.08630389,  0.54461405, ..., -0.8494917 ,
         -0.7360201 , -0.62524466],
        [-0.08630389,  0.        ,  0.47020009, ..., -0.89185623,
         -0.79169816, -0.69026583],
        [-0.54461405, -0.47020009,  0.        , ..., -0.99979692,
         -0.98597209, -0.94941693],
        ...,
        [ 0.8494917 ,  0.89185623,  0.99979692, ...,  0.        ,
          0.18674598,  0.33308747],
        [ 0.7360201 ,  0.79169816,  0.98597209, ..., -0.18674598,
          0.        ,  0.15114585],
        [ 0.62524466,  0.69026583,  0.94941693, ..., -0.33308747,
         -0.15114585,  0.        ]],

       [[ 0.        , -0.14669515,  0.16990318, ...,  0.77032876,
          0.71794467,  0.64453527],
        [ 0.14669515,  0.        ,  0.31262744, ...,  0.85553486,
          0.81229228,  0.74972191],
        [-0.16990318, -0.31262744,  0.        , ...,  0.65079052,
          0.58923666,  0.50526056],
        ...,
        [-0.77032876, -0.85553486, -0.65079052, ...,  0.        ,
         -0.07843077, -0.17798785],
        [-0.71794467, -0.81229228, -0.58923666, ...,  0.07843077,
          0.        , -0.10026113],
        [-0.64453527, -0.74972191, -0.50526056, ...,  0.17798785,
          0.10026113,  0.        ]],

       [[ 0.        ,  0.00518251, -0.01878417, ..., -0.3249151 ,
         -0.49290159, -0.74492425],
        [-0.00518251,  0.        , -0.02396552, ..., -0.32981206,
         -0.4974042 , -0.74837176],
        [ 0.01878417,  0.02396552,  0.        , ..., -0.30709277,
         -0.4764708 , -0.73226098],
        ...,
        [ 0.3249151 ,  0.32981206,  0.30709277, ...,  0.        ,
         -0.18345455, -0.48774023],
        [ 0.49290159,  0.4974042 ,  0.4764708 , ...,  0.18345455,
          0.        , -0.31930863],
        [ 0.74492425,  0.74837176,  0.73226098, ...,  0.48774023,
          0.31930863,  0.        ]]]), 'num': array([8.40310356e-01, 5.40170473e-01, 3.60745051e-06, 3.06265186e-03,
       3.07001401e-03, 3.02216007e-03, 4.48698744e-02, 3.31296475e-05,
       3.04351029e-03, 3.22737983e-03, 3.52315396e-03, 1.25491089e-06,
       3.54114776e-03, 2.91361190e-03])}
{'img': array([[[ 0.        ,  0.13103109,  0.02946853, ..., -0.80637072,
         -0.7538899 , -0.66639482],
        [-0.13103109,  0.        , -0.10175972, ..., -0.87691155,
         -0.83347758, -0.75834599],
        [-0.02946853,  0.10175972,  0.        , ..., -0.82344852,
         -0.77292334, -0.68807712],
        ...,
        [ 0.80637072,  0.87691155,  0.82344852, ...,  0.        ,
          0.08392786,  0.20711642],
        [ 0.7538899 ,  0.83347758,  0.77292334, ..., -0.08392786,
          0.        ,  0.12427768],
        [ 0.66639482,  0.75834599,  0.68807712, ..., -0.20711642,
         -0.12427768,  0.        ]],

       [[ 0.        ,  0.25946114, -0.15023854, ..., -0.33796504,
         -0.30142741, -0.51203635],
        [-0.25946114,  0.        , -0.40160961, ..., -0.57058504,
         -0.53849797, -0.71736864],
        [ 0.15023854,  0.40160961,  0.        , ..., -0.19273075,
         -0.15475532, -0.37717515],
        ...,
        [ 0.33796504,  0.57058504,  0.19273075, ...,  0.        ,
          0.03855497, -0.19160772],
        [ 0.30142741,  0.53849797,  0.15475532, ..., -0.03855497,
          0.        , -0.22930587],
        [ 0.51203635,  0.71736864,  0.37717515, ...,  0.19160772,
          0.22930587,  0.        ]],

       [[ 0.        ,  0.07802256,  0.13842523, ..., -0.79460862,
         -0.87946044, -0.92853796],
        [-0.07802256,  0.        ,  0.06073182, ..., -0.83955554,
         -0.91391604, -0.9546723 ],
        [-0.13842523, -0.06073182,  0.        , ..., -0.87099983,
         -0.9368803 , -0.97098745],
        ...,
        [ 0.79460862,  0.83955554,  0.87099983, ...,  0.        ,
         -0.15572835, -0.26874736],
        [ 0.87946044,  0.91391604,  0.9368803 , ...,  0.15572835,
          0.        , -0.11546941],
        [ 0.92853796,  0.9546723 ,  0.97098745, ...,  0.26874736,
          0.11546941,  0.        ]],

       ...,

       [[ 0.        ,  0.47020009,  0.20525203, ..., -0.79169816,
         -0.69026583, -0.66228222],
        [-0.47020009,  0.        , -0.27904193, ..., -0.98597209,
         -0.94941693, -0.93680321],
        [-0.20525203,  0.27904193,  0.        , ..., -0.90023325,
         -0.82408079, -0.80196767],
        ...,
        [ 0.79169816,  0.98597209,  0.90023325, ...,  0.        ,
          0.15114585,  0.18858692],
        [ 0.69026583,  0.94941693,  0.82408079, ..., -0.15114585,
          0.        ,  0.03798657],
        [ 0.66228222,  0.93680321,  0.80196767, ..., -0.18858692,
         -0.03798657,  0.        ]],

       [[ 0.        ,  0.31262744,  0.28327944, ...,  0.81229228,
          0.74972191,  0.66780488],
        [-0.31262744,  0.        , -0.03074112, ...,  0.58923666,
          0.50526056,  0.40163173],
        [-0.28327944,  0.03074112,  0.        , ...,  0.61379579,
          0.53155034,  0.42959467],
        ...,
        [-0.81229228, -0.58923666, -0.61379579, ...,  0.        ,
         -0.10026113, -0.21512111],
        [-0.74972191, -0.50526056, -0.53155034, ...,  0.10026113,
          0.        , -0.1161234 ],
        [-0.66780488, -0.40163173, -0.42959467, ...,  0.21512111,
          0.1161234 ,  0.        ]],

       [[ 0.        , -0.02289613, -0.0185377 , ..., -0.45342843,
         -0.58942075, -0.77034996],
        [ 0.02289613,  0.        ,  0.00435935, ..., -0.43290241,
         -0.57077015, -0.75554895],
        [ 0.0185377 , -0.00435935,  0.        , ..., -0.436828  ,
         -0.57434423, -0.75839755],
        ...,
        [ 0.45342843,  0.43290241,  0.436828  , ...,  0.        ,
         -0.15905504, -0.39749165],
        [ 0.58942075,  0.57077015,  0.57434423, ...,  0.15905504,
          0.        , -0.24648164],
        [ 0.77034996,  0.75554895,  0.75839755, ...,  0.39749165,
          0.24648164,  0.        ]]]), 'num': array([ 7.06004861e-01,  7.06004861e-01,  0.00000000e+00,  3.73820523e-03,
        3.80156464e-03,  3.73367955e-03,  5.47042889e-02, -2.71540331e-05,
        3.71648200e-03,  3.93959764e-03,  4.32488320e-03,  1.63185295e-06,
        4.30508035e-03,  3.57411493e-03])}
{'img': array([[[ 0.        , -0.10175972, -0.04348184, ..., -0.83347758,
         -0.75834599, -0.80808873],
        [ 0.10175972,  0.        ,  0.05840735, ..., -0.77292334,
         -0.68807712, -0.74395128],
        [ 0.04348184, -0.05840735,  0.        , ..., -0.80866326,
         -0.72928503, -0.781711  ],
        ...,
        [ 0.83347758,  0.77292334,  0.80866326, ...,  0.        ,
          0.12427768,  0.04445689],
        [ 0.75834599,  0.68807712,  0.72928503, ..., -0.12427768,
          0.        , -0.08004257],
        [ 0.80808873,  0.74395128,  0.781711  , ..., -0.04445689,
          0.08004257,  0.        ]],

       [[ 0.        , -0.40160961, -0.47515468, ..., -0.53849797,
         -0.71736864, -0.72237566],
        [ 0.40160961,  0.        , -0.08177465, ..., -0.15475532,
         -0.37717515, -0.38384617],
        [ 0.47515468,  0.08177465,  0.        , ..., -0.07344752,
         -0.300177  , -0.30705014],
        ...,
        [ 0.53849797,  0.15475532,  0.07344752, ...,  0.        ,
         -0.22930587, -0.2363213 ],
        [ 0.71736864,  0.37717515,  0.300177  , ...,  0.22930587,
          0.        , -0.00721361],
        [ 0.72237566,  0.38384617,  0.30705014, ...,  0.2363213 ,
          0.00721361,  0.        ]],

       [[ 0.        ,  0.05887805,  0.07053983, ..., -0.82753363,
         -0.83921962, -0.96342618],
        [-0.05887805,  0.        ,  0.01168607, ..., -0.8591531 ,
         -0.86978118, -0.97753259],
        [-0.07053983, -0.01168607,  0.        , ..., -0.86507441,
         -0.87548813, -0.97992908],
        ...,
        [ 0.82753363,  0.8591531 ,  0.86507441, ...,  0.        ,
         -0.02114475, -0.31912564],
        [ 0.83921962,  0.86978118,  0.87548813, ...,  0.02114475,
          0.        , -0.29901514],
        [ 0.96342618,  0.97753259,  0.97992908, ...,  0.31912564,
          0.29901514,  0.        ]],

       ...,

       [[ 0.        , -0.27904193, -0.24387225, ..., -0.94941693,
         -0.93680321, -0.91408278],
        [ 0.27904193,  0.        ,  0.03643154, ..., -0.82408079,
         -0.80196767, -0.7646152 ],
        [ 0.24387225, -0.03643154,  0.        , ..., -0.84417119,
         -0.8231983 , -0.78758727],
        ...,
        [ 0.94941693,  0.82408079,  0.84417119, ...,  0.        ,
          0.03798657,  0.0979761 ],
        [ 0.93680321,  0.80196767,  0.8231983 , ..., -0.03798657,
          0.        ,  0.06010158],
        [ 0.91408278,  0.7646152 ,  0.78758727, ..., -0.0979761 ,
         -0.06010158,  0.        ]],

       [[ 0.        , -0.13645082,  0.03863329, ...,  0.6158079 ,
          0.51238329,  0.31569516],
        [ 0.13645082,  0.        ,  0.1746209 , ...,  0.71755725,
          0.62476897,  0.44221523],
        [-0.03863329, -0.1746209 ,  0.        , ...,  0.58490915,
          0.47882417,  0.27880187],
        ...,
        [-0.6158079 , -0.71755725, -0.58490915, ...,  0.        ,
         -0.12512435, -0.33558084],
        [-0.51238329, -0.62476897, -0.47882417, ...,  0.12512435,
          0.        , -0.21507497],
        [-0.31569516, -0.44221523, -0.27880187, ...,  0.33558084,
          0.21507497,  0.        ]],

       [[ 0.        ,  0.00426195, -0.00299773, ..., -0.53762252,
         -0.64057353, -0.76675524],
        [-0.00426195,  0.        , -0.00725963, ..., -0.54121126,
         -0.64384045, -0.76948419],
        [ 0.00299773,  0.00725963,  0.        , ..., -0.53509247,
         -0.63826871, -0.76482743],
        ...,
        [ 0.53762252,  0.54121126,  0.53509247, ...,  0.        ,
         -0.12728376, -0.30139583],
        [ 0.64057353,  0.64384045,  0.63826871, ...,  0.12728376,
          0.        , -0.17757943],
        [ 0.76675524,  0.76948419,  0.76482743, ...,  0.30139583,
          0.17757943,  0.        ]]]), 'num': array([ 7.05393851e-01,  7.05393851e-01,  0.00000000e+00,  3.63549139e-03,
        3.66262192e-03,  3.61740437e-03,  6.87095664e-02, -9.94786201e-05,
        3.71055253e-03,  3.90295322e-03,  4.31149383e-03,  1.35038851e-06,
        4.25010244e-03,  3.55580401e-03])}
{'img': array([[[ 0.        ,  0.05766061, -0.13213948, ..., -0.67335226,
         -0.72694462, -0.98205167],
        [-0.05766061,  0.        , -0.18907462, ..., -0.71486171,
         -0.76533048, -0.99129326],
        [ 0.13213948,  0.18907462,  0.        , ..., -0.56975412,
         -0.62983048, -0.94851708],
        ...,
        [ 0.67335226,  0.71486171,  0.56975412, ...,  0.        ,
         -0.07505766, -0.59904983],
        [ 0.72694462,  0.76533048,  0.62983048, ...,  0.07505766,
          0.        , -0.53726048],
        [ 0.98205167,  0.99129326,  0.94851708, ...,  0.59904983,
          0.53726048,  0.        ]],

       [[ 0.        , -0.08177465,  0.12550019, ..., -0.37717515,
         -0.38384617, -0.19769174],
        [ 0.08177465,  0.        ,  0.20620798, ..., -0.300177  ,
         -0.30705014, -0.11686888],
        [-0.12550019, -0.20620798,  0.        , ..., -0.49042404,
         -0.49669783, -0.31915206],
        ...,
        [ 0.37717515,  0.300177  ,  0.49042404, ...,  0.        ,
         -0.00721361,  0.18664069],
        [ 0.38384617,  0.30705014,  0.49669783, ...,  0.00721361,
          0.        ,  0.1937227 ],
        [ 0.19769174,  0.11686888,  0.31915206, ..., -0.18664069,
         -0.1937227 ,  0.        ]],

       [[ 0.        ,  0.01165021,  0.00166608, ..., -0.86351274,
         -0.95285571, -0.97816624],
        [-0.01165021,  0.        , -0.00998422, ..., -0.86932965,
         -0.95632599, -0.98052105],
        [-0.00166608,  0.00998422,  0.        , ..., -0.86435179,
         -0.95335991, -0.97851114],
        ...,
        [ 0.86351274,  0.86932965,  0.86435179, ...,  0.        ,
         -0.21854058, -0.31385704],
        [ 0.95285571,  0.95632599,  0.95335991, ...,  0.21854058,
          0.        , -0.09877266],
        [ 0.97816624,  0.98052105,  0.97851114, ...,  0.31385704,
          0.09877266,  0.        ]],

       ...,

       [[ 0.        ,  0.03643154, -0.28052867, ..., -0.80196767,
         -0.7646152 , -0.87477278],
        [-0.03643154,  0.        , -0.3153111 , ..., -0.8231983 ,
         -0.78758727, -0.89184436],
        [ 0.28052867,  0.3153111 ,  0.        , ..., -0.60218649,
         -0.55311547, -0.70372134],
        ...,
        [ 0.80196767,  0.8231983 ,  0.60218649, ...,  0.        ,
          0.06010158, -0.13398068],
        [ 0.7646152 ,  0.78758727,  0.55311547, ..., -0.06010158,
          0.        , -0.19329817],
        [ 0.87477278,  0.89184436,  0.70372134, ...,  0.13398068,
          0.19329817,  0.        ]],

       [[ 0.        ,  0.06659471,  0.06659471, ...,  0.48371855,
          0.29638908, -0.19579106],
        [-0.06659471,  0.        ,  0.        , ...,  0.42435948,
          0.2321287 , -0.26066223],
        [-0.06659471,  0.        ,  0.        , ...,  0.42435948,
          0.2321287 , -0.26066223],
        ...,
        [-0.48371855, -0.42435948, -0.42435948, ...,  0.        ,
         -0.20257704, -0.64571744],
        [-0.29638908, -0.2321287 , -0.2321287 , ...,  0.20257704,
          0.        , -0.47764629],
        [ 0.19579106,  0.26066223,  0.26066223, ...,  0.64571744,
          0.47764629,  0.        ]],

       [[ 0.        , -0.00697169, -0.00697169, ..., -0.57019051,
         -0.6168119 , -0.78909809],
        [ 0.00697169,  0.        ,  0.        , ..., -0.56444933,
         -0.61130942, -0.78479643],
        [ 0.00697169,  0.        ,  0.        , ..., -0.56444933,
         -0.61130942, -0.78479643],
        ...,
        [ 0.57019051,  0.56444933,  0.56444933, ...,  0.        ,
         -0.05791569, -0.29800461],
        [ 0.6168119 ,  0.61130942,  0.61130942, ...,  0.05791569,
          0.        , -0.24222014],
        [ 0.78909809,  0.78479643,  0.78479643, ...,  0.29800461,
          0.24222014,  0.        ]]]), 'num': array([7.05300110e-01, 7.05300110e-01, 0.00000000e+00, 3.75255828e-03,
       3.76612174e-03, 3.63500826e-03, 7.05996820e-02, 1.17550018e-04,
       3.72091020e-03, 3.87847243e-03, 4.30428984e-03, 1.61335806e-06,
       4.19624592e-03, 3.56069894e-03])}
{'img': array([[[ 0.        , -0.18907462,  0.12814403, ..., -0.76533048,
         -0.99129326, -0.73154208],
        [ 0.18907462,  0.        ,  0.31334847, ..., -0.62983048,
         -0.94851708, -0.58943667],
        [-0.12814403, -0.31334847,  0.        , ..., -0.84149907,
         -0.99999367, -0.81287905],
        ...,
        [ 0.76533048,  0.62983048,  0.84149907, ...,  0.        ,
         -0.53726048,  0.05095156],
        [ 0.99129326,  0.94851708,  0.99999367, ...,  0.53726048,
          0.        ,  0.57953603],
        [ 0.73154208,  0.58943667,  0.81287905, ..., -0.05095156,
         -0.57953603,  0.        ]],

       [[ 0.        ,  0.20620798,  0.73993529, ..., -0.30705014,
         -0.11686888, -0.09358948],
        [-0.20620798,  0.        ,  0.58532116, ..., -0.49669783,
         -0.31915206, -0.29688098],
        [-0.73993529, -0.58532116,  0.        , ..., -0.91073738,
         -0.81347991, -0.79964321],
        ...,
        [ 0.30705014,  0.49669783,  0.91073738, ...,  0.        ,
          0.1937227 ,  0.21663397],
        [ 0.11686888,  0.31915206,  0.81347991, ..., -0.1937227 ,
          0.        ,  0.02340778],
        [ 0.09358948,  0.29688098,  0.79964321, ..., -0.21663397,
         -0.02340778,  0.        ]],

       [[ 0.        , -0.00998422,  0.03973873, ..., -0.95632599,
         -0.98052105, -0.9226844 ],
        [ 0.00998422,  0.        ,  0.04971308, ..., -0.95335991,
         -0.97851114, -0.91878893],
        [-0.03973873, -0.04971308,  0.        , ..., -0.96718631,
         -0.98755179, -0.93727708],
        ...,
        [ 0.95632599,  0.95335991,  0.96718631, ...,  0.        ,
         -0.09877266,  0.0990146 ],
        [ 0.98052105,  0.97851114,  0.98755179, ...,  0.09877266,
          0.        ,  0.19681772],
        [ 0.9226844 ,  0.91878893,  0.93727708, ..., -0.0990146 ,
         -0.19681772,  0.        ]],

       ...,

       [[ 0.        , -0.3153111 , -0.14649442, ..., -0.78758727,
         -0.89184436, -0.79450866],
        [ 0.3153111 ,  0.        ,  0.17288787, ..., -0.55311547,
         -0.70372134, -0.56250592],
        [ 0.14649442, -0.17288787,  0.        , ..., -0.68882007,
         -0.81595706, -0.69697795],
        ...,
        [ 0.78758727,  0.55311547,  0.68882007, ...,  0.        ,
         -0.19329817, -0.01131412],
        [ 0.89184436,  0.70372134,  0.81595706, ...,  0.19329817,
          0.        ,  0.18218506],
        [ 0.79450866,  0.56250592,  0.69697795, ...,  0.01131412,
         -0.18218506,  0.        ]],

       [[ 0.        ,  0.        ,  0.14418624, ...,  0.13894196,
         -0.0648589 , -0.5288945 ],
        [ 0.        ,  0.        ,  0.14418624, ...,  0.13894196,
         -0.0648589 , -0.5288945 ],
        [-0.14418624, -0.14418624,  0.        , ..., -0.00529761,
         -0.20806381, -0.64573693],
        ...,
        [-0.13894196, -0.13894196,  0.00529761, ...,  0.        ,
         -0.20287922, -0.64168282],
        [ 0.0648589 ,  0.0648589 ,  0.20806381, ...,  0.20287922,
          0.        , -0.47273594],
        [ 0.5288945 ,  0.5288945 ,  0.64573693, ...,  0.64168282,
          0.47273594,  0.        ]],

       [[ 0.        ,  0.        , -0.01870255, ..., -0.61130942,
         -0.78479643, -0.68695767],
        [ 0.        ,  0.        , -0.01870255, ..., -0.61130942,
         -0.78479643, -0.68695767],
        [ 0.01870255,  0.01870255,  0.        , ..., -0.59640145,
         -0.7730682 , -0.67324643],
        ...,
        [ 0.61130942,  0.61130942,  0.59640145, ...,  0.        ,
         -0.24222014, -0.09941561],
        [ 0.78479643,  0.78479643,  0.7730682 , ...,  0.24222014,
          0.        ,  0.14456504],
        [ 0.68695767,  0.68695767,  0.67324643, ...,  0.09941561,
         -0.14456504,  0.        ]]]), 'num': array([ 7.06431994e-01,  7.06431994e-01,  0.00000000e+00,  3.75405207e-03,
        3.78122253e-03,  3.73141002e-03,  4.22840304e-02, -4.52841022e-06,
        3.73231570e-03,  3.86409244e-03,  4.30387655e-03,  1.80297814e-06,
        4.15935173e-03,  3.56883315e-03])}
{'img': array([[[ 0.00000000e+00,  3.13348467e-01,  2.92999150e-01, ...,
         -9.48517082e-01, -5.89436673e-01, -5.99399606e-01],
        [-3.13348467e-01,  0.00000000e+00, -2.13532598e-02, ...,
         -9.99993668e-01, -8.12879053e-01, -8.20032535e-01],
        [-2.92999150e-01,  2.13532598e-02,  0.00000000e+00, ...,
         -9.99689672e-01, -8.00256878e-01, -8.07624730e-01],
        ...,
        [ 9.48517082e-01,  9.99993668e-01,  9.99689672e-01, ...,
          0.00000000e+00,  5.79536028e-01,  5.69395018e-01],
        [ 5.89436673e-01,  8.12879053e-01,  8.00256878e-01, ...,
         -5.79536028e-01,  0.00000000e+00, -1.23891936e-02],
        [ 5.99399606e-01,  8.20032535e-01,  8.07624730e-01, ...,
         -5.69395018e-01,  1.23891936e-02,  0.00000000e+00]],

       [[ 0.00000000e+00,  5.85321159e-01, -6.18053698e-04, ...,
         -3.19152063e-01, -2.96880979e-01, -6.88813399e-01],
        [-5.85321159e-01,  0.00000000e+00, -5.85822166e-01, ...,
         -8.13479907e-01, -7.99643212e-01, -9.82812919e-01],
        [ 6.18053698e-04,  5.85822166e-01,  0.00000000e+00, ...,
         -3.18566270e-01, -2.96290734e-01, -6.88365217e-01],
        ...,
        [ 3.19152063e-01,  8.13479907e-01,  3.18566270e-01, ...,
          0.00000000e+00,  2.34077808e-02, -4.21425205e-01],
        [ 2.96880979e-01,  7.99643212e-01,  2.96290734e-01, ...,
         -2.34077808e-02,  0.00000000e+00, -4.42537389e-01],
        [ 6.88813399e-01,  9.82812919e-01,  6.88365217e-01, ...,
          4.21425205e-01,  4.42537389e-01,  0.00000000e+00]],

       [[ 0.00000000e+00,  4.97130825e-02,  6.45265743e-02, ...,
         -9.78511138e-01, -9.18788929e-01, -9.00221277e-01],
        [-4.97130825e-02,  0.00000000e+00,  1.48373099e-02, ...,
         -9.87551786e-01, -9.37277081e-01, -9.20754892e-01],
        [-6.45265743e-02, -1.48373099e-02,  0.00000000e+00, ...,
         -9.89776901e-01, -9.42345974e-01, -9.26442188e-01],
        ...,
        [ 9.78511138e-01,  9.87551786e-01,  9.89776901e-01, ...,
          0.00000000e+00,  1.96817719e-01,  2.40455567e-01],
        [ 9.18788929e-01,  9.37277081e-01,  9.42345974e-01, ...,
         -1.96817719e-01,  0.00000000e+00,  4.47091632e-02],
        [ 9.00221277e-01,  9.20754892e-01,  9.26442188e-01, ...,
         -2.40455567e-01, -4.47091632e-02,  0.00000000e+00]],

       ...,

       [[ 0.00000000e+00,  1.72887869e-01,  2.63443513e-01, ...,
         -7.03721344e-01, -5.62505916e-01, -4.56480462e-01],
        [-1.72887869e-01,  0.00000000e+00,  9.26958777e-02, ...,
         -8.15957062e-01, -6.96977953e-01, -6.03430675e-01],
        [-2.63443513e-01, -9.26958777e-02,  0.00000000e+00, ...,
         -8.66032580e-01, -7.60448616e-01, -6.74749711e-01],
        ...,
        [ 7.03721344e-01,  8.15957062e-01,  8.66032580e-01, ...,
          0.00000000e+00,  1.82185062e-01,  3.01805957e-01],
        [ 5.62505916e-01,  6.96977953e-01,  7.60448616e-01, ...,
         -1.82185062e-01,  0.00000000e+00,  1.23065353e-01],
        [ 4.56480462e-01,  6.03430675e-01,  6.74749711e-01, ...,
         -3.01805957e-01, -1.23065353e-01,  0.00000000e+00]],

       [[ 0.00000000e+00,  1.17446741e-01,  2.00816257e-01, ...,
         -4.94260497e-02, -2.65735320e-01, -6.46291767e-01],
        [-1.17446741e-01,  0.00000000e+00,  8.43722200e-02, ...,
         -1.66387177e-01, -3.77120278e-01, -7.31441379e-01],
        [-2.00816257e-01, -8.43722200e-02,  0.00000000e+00, ...,
         -2.48990004e-01, -4.53918120e-01, -7.86367066e-01],
        ...,
        [ 4.94260497e-02,  1.66387177e-01,  2.48990004e-01, ...,
          0.00000000e+00, -2.17761548e-01, -6.07785316e-01],
        [ 2.65735320e-01,  3.77120278e-01,  4.53918120e-01, ...,
          2.17761548e-01,  0.00000000e+00, -4.20274939e-01],
        [ 6.46291767e-01,  7.31441379e-01,  7.86367066e-01, ...,
          6.07785316e-01,  4.20274939e-01,  0.00000000e+00]],

       [[ 0.00000000e+00, -1.87025480e-02, -1.26928838e-02, ...,
         -7.84796434e-01, -6.86957674e-01, -6.65078930e-01],
        [ 1.87025480e-02,  0.00000000e+00,  6.01037770e-03, ...,
         -7.73068195e-01, -6.73246426e-01, -6.50996043e-01],
        [ 1.26928838e-02, -6.01037770e-03,  0.00000000e+00, ...,
         -7.76866752e-01, -6.77678448e-01, -6.55546649e-01],
        ...,
        [ 7.84796434e-01,  7.73068195e-01,  7.76866752e-01, ...,
          0.00000000e+00,  1.44565043e-01,  1.73879764e-01],
        [ 6.86957674e-01,  6.73246426e-01,  6.77678448e-01, ...,
         -1.44565043e-01,  0.00000000e+00,  2.96903416e-02],
        [ 6.65078930e-01,  6.50996043e-01,  6.55546649e-01, ...,
         -1.73879764e-01, -2.96903416e-02,  0.00000000e+00]]]), 'num': array([ 7.06099756e-01,  7.06099756e-01,  0.00000000e+00,  3.64818208e-03,
        3.73870768e-03,  3.64818208e-03,  5.22400663e-02, -1.04104451e-04,
        3.70702372e-03,  3.84168057e-03,  4.29476124e-03,  1.47552756e-06,
        4.13620025e-03,  3.54716088e-03])}
{'img': array([[[ 0.00000000e+00, -2.13532598e-02,  6.40500379e-02, ...,
         -8.12879053e-01, -8.20032535e-01, -9.85160561e-01],
        [ 2.13532598e-02,  0.00000000e+00,  8.53448490e-02, ...,
         -8.00256878e-01, -8.07624730e-01, -9.81270965e-01],
        [-6.40500379e-02, -8.53448490e-02,  0.00000000e+00, ...,
         -8.48514784e-01, -8.55005672e-01, -9.94130966e-01],
        ...,
        [ 8.12879053e-01,  8.00256878e-01,  8.48514784e-01, ...,
          0.00000000e+00, -1.23891936e-02, -4.34270830e-01],
        [ 8.20032535e-01,  8.07624730e-01,  8.55005672e-01, ...,
          1.23891936e-02,  0.00000000e+00, -4.23077533e-01],
        [ 9.85160561e-01,  9.81270965e-01,  9.94130966e-01, ...,
          4.34270830e-01,  4.23077533e-01,  0.00000000e+00]],

       [[ 0.00000000e+00, -5.85822166e-01, -5.86550344e-01, ...,
         -7.99643212e-01, -9.82812919e-01, -9.26554173e-01],
        [ 5.85822166e-01,  0.00000000e+00, -8.98788788e-04, ...,
         -2.96290734e-01, -6.88365217e-01, -5.30552559e-01],
        [ 5.86550344e-01,  8.98788788e-04,  0.00000000e+00, ...,
         -2.95432183e-01, -6.87712989e-01, -5.29790484e-01],
        ...,
        [ 7.99643212e-01,  2.96290734e-01,  2.95432183e-01, ...,
          0.00000000e+00, -4.42537389e-01, -2.55578134e-01],
        [ 9.82812919e-01,  6.88365217e-01,  6.87712989e-01, ...,
          4.42537389e-01,  0.00000000e+00,  1.98650310e-01],
        [ 9.26554173e-01,  5.30552559e-01,  5.29790484e-01, ...,
          2.55578134e-01, -1.98650310e-01,  0.00000000e+00]],

       [[ 0.00000000e+00,  1.47248029e-02,  7.16785206e-02, ...,
         -9.18877879e-01, -9.04076690e-01, -9.88716687e-01],
        [-1.47248029e-02,  0.00000000e+00,  5.69838219e-02, ...,
         -9.24587812e-01, -9.10271617e-01, -9.90815235e-01],
        [-7.16785206e-02, -5.69838219e-02,  0.00000000e+00, ...,
         -9.44794521e-01, -9.32384480e-01, -9.96910765e-01],
        ...,
        [ 9.18877879e-01,  9.24587812e-01,  9.44794521e-01, ...,
          0.00000000e+00,  3.60047904e-02, -2.52444652e-01],
        [ 9.04076690e-01,  9.10271617e-01,  9.32384480e-01, ...,
         -3.60047904e-02,  0.00000000e+00, -2.87119615e-01],
        [ 9.88716687e-01,  9.90815235e-01,  9.96910765e-01, ...,
          2.52444652e-01,  2.87119615e-01,  0.00000000e+00]],

       ...,

       [[ 0.00000000e+00,  9.26958777e-02,  1.80135136e-01, ...,
         -6.96977953e-01, -6.03430675e-01, -7.62079055e-01],
        [-9.26958777e-02,  0.00000000e+00,  8.81800116e-02, ...,
         -7.60448616e-01, -6.74749711e-01, -8.18816996e-01],
        [-1.80135136e-01, -8.81800116e-02,  0.00000000e+00, ...,
         -8.14750264e-01, -7.37202222e-01, -8.66247485e-01],
        ...,
        [ 6.96977953e-01,  7.60448616e-01,  8.14750264e-01, ...,
          0.00000000e+00,  1.23065353e-01, -9.51991533e-02],
        [ 6.03430675e-01,  6.74749711e-01,  7.37202222e-01, ...,
         -1.23065353e-01,  0.00000000e+00, -2.16981924e-01],
        [ 7.62079055e-01,  8.18816996e-01,  8.66247485e-01, ...,
          9.51991533e-02,  2.16981924e-01,  0.00000000e+00]],

       [[ 0.00000000e+00,  7.94163362e-02,  1.20081478e-01, ...,
         -3.38296090e-01, -5.41408458e-01, -7.64278048e-01],
        [-7.94163362e-02,  0.00000000e+00,  4.08605217e-02, ...,
         -4.11961520e-01, -6.06468494e-01, -8.13078654e-01],
        [-1.20081478e-01, -4.08605217e-02,  0.00000000e+00, ...,
         -4.48849633e-01, -6.38450516e-01, -8.36186730e-01],
        ...,
        [ 3.38296090e-01,  4.11961520e-01,  4.48849633e-01, ...,
          0.00000000e+00, -2.25061144e-01, -5.01053297e-01],
        [ 5.41408458e-01,  6.06468494e-01,  6.38450516e-01, ...,
          2.25061144e-01,  0.00000000e+00, -2.93426984e-01],
        [ 7.64278048e-01,  8.13078654e-01,  8.36186730e-01, ...,
          5.01053297e-01,  2.93426984e-01,  0.00000000e+00]],

       [[ 0.00000000e+00,  5.82457806e-03,  1.02779327e-01, ...,
         -6.02799000e-01, -5.88733644e-01, -7.88479335e-01],
        [-5.82457806e-03,  0.00000000e+00,  9.69838512e-02, ...,
         -6.07436165e-01, -5.93431821e-01, -7.92048432e-01],
        [-1.02779327e-01, -9.69838512e-02,  0.00000000e+00, ...,
         -6.81613599e-01, -6.68695133e-01, -8.47519273e-01],
        ...,
        [ 6.02799000e-01,  6.07436165e-01,  6.81613599e-01, ...,
          0.00000000e+00,  1.75122658e-02, -2.58363899e-01],
        [ 5.88733644e-01,  5.93431821e-01,  6.68695133e-01, ...,
         -1.75122658e-02,  0.00000000e+00, -2.75241962e-01],
        [ 7.88479335e-01,  7.92048432e-01,  8.47519273e-01, ...,
          2.58363899e-01,  2.75241962e-01,  0.00000000e+00]]]), 'num': array([7.05715541e-01, 7.05715541e-01, 0.00000000e+00, 3.70048277e-03,
       3.70953041e-03, 3.63262551e-03, 6.17619170e-02, 5.42858109e-05,
       3.69776848e-03, 3.82059013e-03, 4.28292429e-03, 1.56593685e-06,
       4.09892037e-03, 3.54225989e-03])}
{'img': array([[[ 0.00000000e+00,  8.53448490e-02,  1.77595061e-01, ...,
         -8.07624730e-01, -9.81270965e-01, -8.89236323e-01],
        [-8.53448490e-02,  0.00000000e+00,  9.29589234e-02, ...,
         -8.55005672e-01, -9.94130966e-01, -9.25032758e-01],
        [-1.77595061e-01, -9.29589234e-02,  0.00000000e+00, ...,
         -8.99513681e-01, -9.99882925e-01, -9.56341234e-01],
        ...,
        [ 8.07624730e-01,  8.55005672e-01,  8.99513681e-01, ...,
          0.00000000e+00, -4.23077533e-01, -1.54933401e-01],
        [ 9.81270965e-01,  9.94130966e-01,  9.99882925e-01, ...,
          4.23077533e-01,  0.00000000e+00,  2.77584691e-01],
        [ 8.89236323e-01,  9.25032758e-01,  9.56341234e-01, ...,
          1.54933401e-01, -2.77584691e-01,  0.00000000e+00]],

       [[ 0.00000000e+00, -8.98788788e-04, -2.05975182e-01, ...,
         -6.88365217e-01, -5.30552559e-01, -4.03519364e-01],
        [ 8.98788788e-04,  0.00000000e+00, -2.05095582e-01, ...,
         -6.87712989e-01, -5.29790484e-01, -4.02696835e-01],
        [ 2.05975182e-01,  2.05095582e-01,  0.00000000e+00, ...,
         -5.24197712e-01, -3.44580752e-01, -2.06405446e-01],
        ...,
        [ 6.88365217e-01,  6.87712989e-01,  5.24197712e-01, ...,
          0.00000000e+00,  1.98650310e-01,  3.37135753e-01],
        [ 5.30552559e-01,  5.29790484e-01,  3.44580752e-01, ...,
         -1.98650310e-01,  0.00000000e+00,  1.43396249e-01],
        [ 4.03519364e-01,  4.02696835e-01,  2.06405446e-01, ...,
         -3.37135753e-01, -1.43396249e-01,  0.00000000e+00]],

       [[ 0.00000000e+00,  5.65752551e-02,  1.20731913e-01, ...,
         -8.95799070e-01, -9.58560616e-01, -9.91784963e-01],
        [-5.65752551e-02,  0.00000000e+00,  6.43771254e-02, ...,
         -9.19509698e-01, -9.73142974e-01, -9.97433357e-01],
        [-1.20731913e-01, -6.43771254e-02,  0.00000000e+00, ...,
         -9.42906849e-01, -9.85944040e-01, -9.99973787e-01],
        ...,
        [ 8.95799070e-01,  9.19509698e-01,  9.42906849e-01, ...,
          0.00000000e+00, -1.70838141e-01, -3.26220670e-01],
        [ 9.58560616e-01,  9.73142974e-01,  9.85944040e-01, ...,
          1.70838141e-01,  0.00000000e+00, -1.59932726e-01],
        [ 9.91784963e-01,  9.97433357e-01,  9.99973787e-01, ...,
          3.26220670e-01,  1.59932726e-01,  0.00000000e+00]],

       ...,

       [[ 0.00000000e+00,  8.81800116e-02,  9.25547008e-02, ...,
         -6.74749711e-01, -8.18816996e-01, -7.81251333e-01],
        [-8.81800116e-02,  0.00000000e+00,  4.39265131e-03, ...,
         -7.37202222e-01, -8.66247485e-01, -8.33251438e-01],
        [-9.25547008e-02, -4.39265131e-03,  0.00000000e+00, ...,
         -7.40163101e-01, -8.68433763e-01, -8.35672071e-01],
        ...,
        [ 6.74749711e-01,  7.37202222e-01,  7.40163101e-01, ...,
          0.00000000e+00, -2.16981924e-01, -1.55409947e-01],
        [ 8.18816996e-01,  8.66247485e-01,  8.68433763e-01, ...,
          2.16981924e-01,  0.00000000e+00,  6.26382049e-02],
        [ 7.81251333e-01,  8.33251438e-01,  8.35672071e-01, ...,
          1.55409947e-01, -6.26382049e-02,  0.00000000e+00]],

       [[ 0.00000000e+00,  3.78166877e-02,  1.17378566e-01, ...,
         -5.11437263e-01, -5.96546659e-01, -8.50116500e-01],
        [-3.78166877e-02,  0.00000000e+00,  7.97393345e-02, ...,
         -5.43568088e-01, -6.26470802e-01, -8.69422472e-01],
        [-1.17378566e-01, -7.97393345e-02,  0.00000000e+00, ...,
         -6.08767644e-01, -6.86628378e-01, -9.06050777e-01],
        ...,
        [ 5.11437263e-01,  5.43568088e-01,  6.08767644e-01, ...,
          0.00000000e+00, -1.02156345e-01, -4.61202504e-01],
        [ 5.96546659e-01,  6.26470802e-01,  6.86628378e-01, ...,
          1.02156345e-01,  0.00000000e+00, -3.68146852e-01],
        [ 8.50116500e-01,  8.69422472e-01,  9.06050777e-01, ...,
          4.61202504e-01,  3.68146852e-01,  0.00000000e+00]],

       [[ 0.00000000e+00,  9.63413081e-02,  1.34431124e-01, ...,
         -5.82174659e-01, -7.26284482e-01, -7.95580736e-01],
        [-9.63413081e-02,  0.00000000e+00,  3.83389864e-02, ...,
         -6.57798216e-01, -7.89130528e-01, -8.50248127e-01],
        [-1.34431124e-01, -3.83389864e-02,  0.00000000e+00, ...,
         -6.86191299e-01, -8.12099136e-01, -8.69803973e-01],
        ...,
        [ 5.82174659e-01,  6.57798216e-01,  6.86191299e-01, ...,
          0.00000000e+00, -1.90332076e-01, -2.94148749e-01],
        [ 7.26284482e-01,  7.89130528e-01,  8.12099136e-01, ...,
          1.90332076e-01,  0.00000000e+00, -1.06859923e-01],
        [ 7.95580736e-01,  8.50248127e-01,  8.69803973e-01, ...,
          2.94148749e-01,  1.06859923e-01,  0.00000000e+00]]]), 'num': array([ 7.05768104e-01,  7.05768104e-01,  0.00000000e+00,  3.68718593e-03,
        3.76862071e-03,  3.66456516e-03,  6.05469861e-02, -1.35724635e-05,
        3.70799704e-03,  3.80526636e-03,  4.27374256e-03,  1.92871850e-06,
        4.07675936e-03,  3.53377336e-03])}
{'img': array([[[ 0.        ,  0.09295892, -0.04272764, ..., -0.99413097,
         -0.92503276, -0.94348619],
        [-0.09295892,  0.        , -0.13541666, ..., -0.99988293,
         -0.95634123, -0.97020853],
        [ 0.04272764,  0.13541666,  0.        , ..., -0.98860067,
         -0.90795629, -0.92846411],
        ...,
        [ 0.99413097,  0.99988293,  0.98860067, ...,  0.        ,
          0.27758469,  0.22739734],
        [ 0.92503276,  0.95634123,  0.90795629, ..., -0.27758469,
          0.        , -0.05185166],
        [ 0.94348619,  0.97020853,  0.92846411, ..., -0.22739734,
          0.05185166,  0.        ]],

       [[ 0.        , -0.20509558, -0.30709675, ..., -0.52979048,
         -0.40269684, -0.41813161],
        [ 0.20509558,  0.        , -0.10538346, ..., -0.34458075,
         -0.20640545, -0.2229369 ],
        [ 0.30709675,  0.10538346,  0.        , ..., -0.24373258,
         -0.10214192, -0.11896425],
        ...,
        [ 0.52979048,  0.34458075,  0.24373258, ...,  0.        ,
          0.14339625,  0.12662514],
        [ 0.40269684,  0.20640545,  0.10214192, ..., -0.14339625,
          0.        , -0.01692549],
        [ 0.41813161,  0.2229369 ,  0.11896425, ..., -0.12662514,
          0.01692549,  0.        ]],

       [[ 0.        ,  0.06437713,  0.13964079, ..., -0.97314297,
         -0.99743336, -0.9663681 ],
        [-0.06437713,  0.        ,  0.07560475, ..., -0.98594404,
         -0.99997379, -0.98091891],
        [-0.13964079, -0.07560475,  0.        , ..., -0.99575387,
         -0.99765915, -0.99281026],
        ...,
        [ 0.97314297,  0.98594404,  0.99575387, ...,  0.        ,
         -0.15993273,  0.0277967 ],
        [ 0.99743336,  0.99997379,  0.99765915, ...,  0.15993273,
          0.        ,  0.18730983],
        [ 0.9663681 ,  0.98091891,  0.99281026, ..., -0.0277967 ,
         -0.18730983,  0.        ]],

       ...,

       [[ 0.        ,  0.00439265, -0.34658195, ..., -0.86624748,
         -0.83325144, -0.67907802],
        [-0.00439265,  0.        , -0.350699  , ..., -0.86843376,
         -0.83567207, -0.68229597],
        [ 0.34658195,  0.350699  ,  0.        , ..., -0.63939961,
         -0.5899831 , -0.3825745 ],
