state_0,state_1,state_2,state_3,state_4,state_5,state_6,state_7,state_8,state_9,state_10,state_11,state_12,state_13,state_14,state_15,state_16,state_17,state_18,state_19,state_20,state_21,state_22,state_23,state_24,state_25,state_26,state_27,state_28,state_29,state_30,state_31,state_32,state_33,state_34,state_35,state_36,state_37,state_38,state_39,state_40,state_41,state_42,state_43,state_44,state_45,state_46,state_47,state_48,state_49,state_50,state_51,state_52,state_53,state_54,state_55,state_56,state_57,state_58,state_59,state_60,state_61,state_62,state_63,state_64,state_65,state_66,state_67,state_68,state_69,state_70,state_71,state_72,state_73,state_74,state_75,state_76,state_77,state_78,state_79,state_80,state_81,state_82,state_83,state_84,state_85,state_86,state_87,state_88,state_89,state_90,state_91,state_92,state_93,state_94,state_95,state_96,state_97,state_98,state_99,state_100,state_101,state_102,state_103,state_104,state_105,state_106,state_107,state_108,state_109,state_110,state_111,state_112,state_113,state_114,state_115,state_116,state_117,state_118,state_119,state_120,state_121,state_122,state_123,state_124,state_125,state_126,state_127,state_128,state_129,state_130,state_131,state_132,state_133,state_134,state_135,state_136,state_137,state_138,state_139,state_140,state_141,state_142,state_143,state_144,state_145,state_146,state_147,state_148,state_149,state_150,state_151,state_152,state_153,state_154,state_155,state_156,state_157,state_158,state_159,state_160,state_161,state_162,state_163,state_164,state_165,state_166,state_167,state_168,state_169,state_170,state_171,state_172,state_173,state_174,state_175,state_176,state_177,state_178,state_179,state_180,state_181,state_182,state_183,state_184,state_185,state_186,state_187,state_188,state_189,state_190,state_191,state_192,state_193,state_194,state_195,state_196,state_197,state_198,state_199,state_200,state_201,state_202,state_203,state_204,state_205,state_206,state_207,state_208,state_209,state_210,state_211,state_212,state_213,state_214,state_215,state_216,state_217,state_218,state_219,state_220,state_221,state_222,state_223,state_224,state_225,state_226,state_227,state_228,state_229,state_230,state_231,state_232,state_233,state_234,state_235,state_236,state_237,state_238,state_239,state_240,state_241,state_242,state_243,state_244,state_245,state_246,state_247,state_248,state_249,state_250,state_251,state_252,state_253,state_254,state_255,state_256,state_257,state_258,state_259,state_260,state_261,state_262,state_263,state_264,state_265,state_266,state_267,state_268,state_269,state_270,state_271,state_272,state_273,state_274,state_275,state_276,state_277,state_278,state_279,state_280,state_281,state_282,state_283,state_284,state_285,state_286,state_287
{'img': array([[[ 0.00000000e+00, -1.31763915e-01, -1.50033243e-01, ...,
          4.95751116e-01,  4.49465826e-01,  4.54197636e-01],
        [ 1.31763915e-01,  0.00000000e+00, -1.84526483e-02, ...,
          6.05861025e-01,  5.63251370e-01,  5.67626142e-01],
        [ 1.50033243e-01,  1.84526483e-02,  0.00000000e+00, ...,
          6.20438251e-01,  5.78402626e-01,  5.82721310e-01],
        ...,
        [-4.95751116e-01, -6.05861025e-01, -6.20438251e-01, ...,
          0.00000000e+00, -5.25080681e-02, -4.72105548e-02],
        [-4.49465826e-01, -5.63251370e-01, -5.78402626e-01, ...,
          5.25080681e-02,  0.00000000e+00,  5.30409164e-03],
        [-4.54197636e-01, -5.67626142e-01, -5.82721310e-01, ...,
          4.72105548e-02, -5.30409164e-03,  0.00000000e+00]],

       [[ 0.00000000e+00, -2.12699401e-01, -3.47497527e-01, ...,
          3.67954769e-01,  3.92316550e-02,  1.35868097e-02],
        [ 2.12699401e-01,  0.00000000e+00, -1.40101812e-01, ...,
          5.57312307e-01,  2.50869597e-01,  2.25955680e-01],
        [ 3.47497527e-01,  1.40101812e-01,  0.00000000e+00, ...,
          6.68142541e-01,  3.84016777e-01,  3.60205543e-01],
        ...,
        [-3.67954769e-01, -5.57312307e-01, -6.68142541e-01, ...,
          0.00000000e+00, -3.31192189e-01, -3.55287196e-01],
        [-3.92316550e-02, -2.50869597e-01, -3.84016777e-01, ...,
          3.31192189e-01,  0.00000000e+00, -2.56516840e-02],
        [-1.35868097e-02, -2.25955680e-01, -3.60205543e-01, ...,
          3.55287196e-01,  2.56516840e-02,  0.00000000e+00]],

       [[ 0.00000000e+00,  2.60292273e-02,  3.71442877e-02, ...,
          6.04039858e-01,  6.39203960e-01,  6.66471117e-01],
        [-2.60292273e-02,  0.00000000e+00,  1.11204378e-02, ...,
          5.83091099e-01,  6.18969940e-01,  6.46839713e-01],
        [-3.71442877e-02, -1.11204378e-02,  0.00000000e+00, ...,
          5.74020725e-01,  6.10197512e-01,  6.38318982e-01],
        ...,
        [-6.04039858e-01, -5.83091099e-01, -5.74020725e-01, ...,
          0.00000000e+00,  4.48870673e-02,  8.08165450e-02],
        [-6.39203960e-01, -6.18969940e-01, -6.10197512e-01, ...,
         -4.48870673e-02,  0.00000000e+00,  3.59948460e-02],
        [-6.66471117e-01, -6.46839713e-01, -6.38318982e-01, ...,
         -8.08165450e-02, -3.59948460e-02,  0.00000000e+00]],

       ...,

       [[ 0.00000000e+00, -2.06852222e-01, -1.80239134e-01, ...,
         -3.92619946e-01, -3.12719590e-01, -1.02814620e-01],
        [ 2.06852222e-01,  0.00000000e+00,  2.71236084e-02, ...,
         -1.93886284e-01, -1.09478503e-01,  1.05165050e-01],
        [ 1.80239134e-01, -2.71236084e-02,  0.00000000e+00, ...,
         -2.20423862e-01, -1.36398797e-01,  7.81531564e-02],
        ...,
        [ 3.92619946e-01,  1.93886284e-01,  2.20423862e-01, ...,
          0.00000000e+00,  8.53198256e-02,  2.95980582e-01],
        [ 3.12719590e-01,  1.09478503e-01,  1.36398797e-01, ...,
         -8.53198256e-02,  0.00000000e+00,  2.13404341e-01],
        [ 1.02814620e-01, -1.05165050e-01, -7.81531564e-02, ...,
         -2.95980582e-01, -2.13404341e-01,  0.00000000e+00]],

       [[ 0.00000000e+00, -4.01245906e-02, -9.19806171e-02, ...,
          9.92582084e-01,  9.23945714e-01,  8.88839936e-01],
        [ 4.01245906e-02,  0.00000000e+00, -5.19520493e-02, ...,
          9.96660943e-01,  9.38550249e-01,  9.06509942e-01],
        [ 9.19806171e-02,  5.19520493e-02,  0.00000000e+00, ...,
          9.99556994e-01,  9.55213679e-01,  9.27219121e-01],
        ...,
        [-9.92582084e-01, -9.96660943e-01, -9.99556994e-01, ...,
          0.00000000e+00, -2.67356149e-01, -3.46756887e-01],
        [-9.23945714e-01, -9.38550249e-01, -9.55213679e-01, ...,
          2.67356149e-01,  0.00000000e+00, -8.33661199e-02],
        [-8.88839936e-01, -9.06509942e-01, -9.27219121e-01, ...,
          3.46756887e-01,  8.33661199e-02,  0.00000000e+00]],

       [[ 0.00000000e+00, -1.12662820e-02, -1.46702681e-02, ...,
          3.09904820e-02,  1.94606911e-01,  1.94676246e-01],
        [ 1.12662820e-02,  0.00000000e+00, -3.40426748e-03, ...,
          4.22493857e-02,  2.05645446e-01,  2.05714621e-01],
        [ 1.46702681e-02,  3.40426748e-03,  0.00000000e+00, ...,
          4.56503687e-02,  2.08975761e-01,  2.09044886e-01],
        ...,
        [-3.09904820e-02, -4.22493857e-02, -4.56503687e-02, ...,
          0.00000000e+00,  1.64115453e-01,  1.64185181e-01],
        [-1.94606911e-01, -2.05645446e-01, -2.08975761e-01, ...,
         -1.64115453e-01,  0.00000000e+00,  7.06869739e-05],
        [-1.94676246e-01, -2.05714621e-01, -2.09044886e-01, ...,
         -1.64185181e-01, -7.06869739e-05,  0.00000000e+00]]]), 'num': array([7.09819626e-01, 7.04319279e-01, 7.14330793e-07, 1.61774915e-04,
       1.62825401e-04, 1.48118591e-04, 9.50036844e-03, 1.21856429e-05,
       1.51438128e-04, 1.56659046e-04, 1.52558647e-04, 1.06102646e-06,
       1.82375598e-04, 1.30942494e-04])}
{'img': array([[[ 0.00000000e+00, -1.84526483e-02, -1.20587502e-01, ...,
          5.63251370e-01,  5.67626142e-01,  7.81453521e-01],
        [ 1.84526483e-02,  0.00000000e+00, -1.02248977e-01, ...,
          5.78402626e-01,  5.82721310e-01,  7.92834245e-01],
        [ 1.20587502e-01,  1.02248977e-01,  0.00000000e+00, ...,
          6.58780874e-01,  6.62762060e-01,  8.50993216e-01],
        ...,
        [-5.63251370e-01, -5.78402626e-01, -6.58780874e-01, ...,
          0.00000000e+00,  5.30409164e-03,  2.94255521e-01],
        [-5.67626142e-01, -5.82721310e-01, -6.62762060e-01, ...,
         -5.30409164e-03,  0.00000000e+00,  2.89182119e-01],
        [-7.81453521e-01, -7.92834245e-01, -8.50993216e-01, ...,
         -2.94255521e-01, -2.89182119e-01,  0.00000000e+00]],

       [[ 0.00000000e+00, -1.40101812e-01,  2.67314252e-02, ...,
          2.50869597e-01,  2.25955680e-01,  4.90440845e-01],
        [ 1.40101812e-01,  0.00000000e+00,  1.66519523e-01, ...,
          3.84016777e-01,  3.60205543e-01,  6.07698832e-01],
        [-2.67314252e-02, -1.66519523e-01,  0.00000000e+00, ...,
          2.24903371e-01,  1.99834849e-01,  4.66969831e-01],
        ...,
        [-2.50869597e-01, -3.84016777e-01, -2.24903371e-01, ...,
          0.00000000e+00, -2.56516840e-02,  2.56130531e-01],
        [-2.25955680e-01, -3.60205543e-01, -1.99834849e-01, ...,
          2.56516840e-02,  0.00000000e+00,  2.80842249e-01],
        [-4.90440845e-01, -6.07698832e-01, -4.66969831e-01, ...,
         -2.56130531e-01, -2.80842249e-01,  0.00000000e+00]],

       [[ 0.00000000e+00,  1.11204378e-02, -8.51463033e-03, ...,
          6.18969940e-01,  6.46839713e-01,  7.37762679e-01],
        [-1.11204378e-02,  0.00000000e+00, -1.96341385e-02, ...,
          6.10197512e-01,  6.38318982e-01,  7.30210096e-01],
        [ 8.51463033e-03,  1.96341385e-02,  0.00000000e+00, ...,
          6.25635018e-01,  6.53309743e-01,  7.43483823e-01],
        ...,
        [-6.18969940e-01, -6.10197512e-01, -6.25635018e-01, ...,
          0.00000000e+00,  3.59948460e-02,  1.61607684e-01],
        [-6.46839713e-01, -6.38318982e-01, -6.53309743e-01, ...,
         -3.59948460e-02,  0.00000000e+00,  1.25981262e-01],
        [-7.37762679e-01, -7.30210096e-01, -7.43483823e-01, ...,
         -1.61607684e-01, -1.25981262e-01,  0.00000000e+00]],

       ...,

       [[ 0.00000000e+00,  2.71236084e-02,  9.24435623e-02, ...,
         -1.09478503e-01,  1.05165050e-01,  4.11201794e-01],
        [-2.71236084e-02,  0.00000000e+00,  6.54020881e-02, ...,
         -1.36398797e-01,  7.81531564e-02,  3.86326136e-01],
        [-9.24435623e-02, -6.54020881e-02,  0.00000000e+00, ...,
         -2.00897607e-01,  1.27837829e-02,  3.25174591e-01],
        ...,
        [ 1.09478503e-01,  1.36398797e-01,  2.00897607e-01, ...,
          0.00000000e+00,  2.13404341e-01,  5.08524637e-01],
        [-1.05165050e-01, -7.81531564e-02, -1.27837829e-02, ...,
         -2.13404341e-01,  0.00000000e+00,  3.13058984e-01],
        [-4.11201794e-01, -3.86326136e-01, -3.25174591e-01, ...,
         -5.08524637e-01, -3.13058984e-01,  0.00000000e+00]],

       [[ 0.00000000e+00, -5.19520493e-02, -1.01081286e-01, ...,
          9.38550249e-01,  9.06509942e-01,  8.66288846e-01],
        [ 5.19520493e-02,  0.00000000e+00, -4.92588242e-02, ...,
          9.55213679e-01,  9.27219121e-01,  8.91071297e-01],
        [ 1.01081286e-01,  4.92588242e-02,  0.00000000e+00, ...,
          9.68630615e-01,  9.44541901e-01,  9.12346354e-01],
        ...,
        [-9.38550249e-01, -9.55213679e-01, -9.68630615e-01, ...,
          0.00000000e+00, -8.33661199e-02, -1.69853404e-01],
        [-9.06509942e-01, -9.27219121e-01, -9.44541901e-01, ...,
          8.33661199e-02,  0.00000000e+00, -8.71073870e-02],
        [-8.66288846e-01, -8.91071297e-01, -9.12346354e-01, ...,
          1.69853404e-01,  8.71073870e-02,  0.00000000e+00]],

       [[ 0.00000000e+00, -3.40426748e-03, -1.84180014e-02, ...,
          2.05645446e-01,  2.05714621e-01,  2.61836191e-01],
        [ 3.40426748e-03,  0.00000000e+00, -1.50142046e-02, ...,
          2.08975761e-01,  2.09044886e-01,  2.65120174e-01],
        [ 1.84180014e-02,  1.50142046e-02,  0.00000000e+00, ...,
          2.23634908e-01,  2.23703804e-01,  2.79567217e-01],
        ...,
        [-2.05645446e-01, -2.08975761e-01, -2.23634908e-01, ...,
          0.00000000e+00,  7.06869739e-05,  5.77688962e-02],
        [-2.05714621e-01, -2.09044886e-01, -2.23703804e-01, ...,
         -7.06869739e-05,  0.00000000e+00,  5.76983271e-02],
        [-2.61836191e-01, -2.65120174e-01, -2.79567217e-01, ...,
         -5.77688962e-02, -5.76983271e-02,  0.00000000e+00]]]), 'num': array([7.07095232e-01, 7.07095232e-01, 0.00000000e+00, 8.50249481e-05,
       8.66517009e-05, 8.05784904e-05, 5.71077005e-03, 1.51830264e-06,
       8.02097597e-05, 8.04537726e-05, 7.90475352e-05, 6.53075955e-07,
       9.26290682e-05, 6.82784771e-05])}
{'img': array([[[ 0.        , -0.10224898, -0.20256405, ...,  0.58272131,
          0.79283425,  0.83268308],
        [ 0.10224898,  0.        , -0.10137313, ...,  0.66276206,
          0.85099322,  0.8849392 ],
        [ 0.20256405,  0.10137313,  0.        , ...,  0.73525907,
          0.89984811,  0.92759055],
        ...,
        [-0.58272131, -0.66276206, -0.73525907, ...,  0.        ,
          0.28918212,  0.35401643],
        [-0.79283425, -0.85099322, -0.89984811, ..., -0.28918212,
          0.        ,  0.06843631],
        [-0.83268308, -0.8849392 , -0.92759055, ..., -0.35401643,
         -0.06843631,  0.        ]],

       [[ 0.        ,  0.16651952,  0.23242904, ...,  0.36020554,
          0.60769883,  0.66242639],
        [-0.16651952,  0.        ,  0.06722479, ...,  0.19983485,
          0.46696983,  0.52843343],
        [-0.23242904, -0.06722479,  0.        , ...,  0.13351395,
          0.40646839,  0.47016589],
        ...,
        [-0.36020554, -0.19983485, -0.13351395, ...,  0.        ,
          0.28084225,  0.34811997],
        [-0.60769883, -0.46696983, -0.40646839, ..., -0.28084225,
          0.        ,  0.07083395],
        [-0.66242639, -0.52843343, -0.47016589, ..., -0.34811997,
         -0.07083395,  0.        ]],

       [[ 0.        , -0.01963414, -0.07439157, ...,  0.63831898,
          0.7302101 ,  0.80477239],
        [ 0.01963414,  0.        , -0.0547975 , ...,  0.65330974,
          0.74348382,  0.81627175],
        [ 0.07439157,  0.0547975 ,  0.        , ...,  0.69381482,
          0.77901277,  0.84670006],
        ...,
        [-0.63831898, -0.65330974, -0.69381482, ...,  0.        ,
          0.12598126,  0.24059559],
        [-0.7302101 , -0.74348382, -0.77901277, ..., -0.12598126,
          0.        ,  0.11639805],
        [-0.80477239, -0.81627175, -0.84670006, ..., -0.24059559,
         -0.11639805,  0.        ]],

       ...,

       [[ 0.        ,  0.06540209,  0.03554763, ...,  0.07815316,
          0.38632614,  0.60808923],
        [-0.06540209,  0.        , -0.02988923, ...,  0.01278378,
          0.32517459,  0.55486664],
        [-0.03554763,  0.02988923,  0.        , ...,  0.04266486,
          0.35329418,  0.57948476],
        ...,
        [-0.07815316, -0.01278378, -0.04266486, ...,  0.        ,
          0.31305898,  0.54418597],
        [-0.38632614, -0.32517459, -0.35329418, ..., -0.31305898,
          0.        ,  0.25418633],
        [-0.60808923, -0.55486664, -0.57948476, ..., -0.54418597,
         -0.25418633,  0.        ]],

       [[ 0.        , -0.04925882, -0.09753761, ...,  0.92721912,
          0.8910713 ,  0.8556587 ],
        [ 0.04925882,  0.        , -0.04839526, ...,  0.9445419 ,
          0.91234635,  0.88011341],
        [ 0.09753761,  0.04839526,  0.        , ...,  0.95932771,
          0.93109127,  0.90205845],
        ...,
        [-0.92721912, -0.9445419 , -0.95932771, ...,  0.        ,
         -0.08710739, -0.15941277],
        [-0.8910713 , -0.91234635, -0.93109127, ...,  0.08710739,
          0.        , -0.07281337],
        [-0.8556587 , -0.88011341, -0.90205845, ...,  0.15941277,
          0.07281337,  0.        ]],

       [[ 0.        , -0.0150142 , -0.03861102, ...,  0.20904489,
          0.26512017,  0.31992898],
        [ 0.0150142 ,  0.        , -0.02360366, ...,  0.2237038 ,
          0.27956722,  0.334118  ],
        [ 0.03861102,  0.02360366,  0.        , ...,  0.24664695,
          0.30215182,  0.3562721 ],
        ...,
        [-0.20904489, -0.2237038 , -0.24664695, ...,  0.        ,
          0.05769833,  0.11480268],
        [-0.26512017, -0.27956722, -0.30215182, ..., -0.05769833,
          0.        ,  0.05729458],
        [-0.31992898, -0.334118  , -0.3562721 , ..., -0.11480268,
         -0.05729458,  0.        ]]]), 'num': array([7.07048556e-01, 7.07048556e-01, 0.00000000e+00, 9.16343604e-05,
       9.25019046e-05, 8.54531076e-05, 1.28305455e-02, 6.61502483e-06,
       8.28938521e-05, 8.03020637e-05, 7.94544007e-05, 7.00654642e-07,
       9.18483695e-05, 6.87557579e-05])}
{'img': array([[[ 0.        , -0.10137313, -0.24501002, ...,  0.85099322,
          0.8849392 ,  0.98313953],
        [ 0.10137313,  0.        , -0.14546451, ...,  0.89984811,
          0.92759055,  0.99661164],
        [ 0.24501002,  0.14546451,  0.        , ...,  0.95372896,
          0.97206952,  0.99797576],
        ...,
        [-0.85099322, -0.89984811, -0.95372896, ...,  0.        ,
          0.06843631,  0.36071195],
        [-0.8849392 , -0.92759055, -0.97206952, ..., -0.06843631,
          0.        ,  0.29603727],
        [-0.98313953, -0.99661164, -0.99797576, ..., -0.36071195,
         -0.29603727,  0.        ]],

       [[ 0.        ,  0.08878401,  0.30478807, ...,  0.50822521,
          0.56903123,  0.89019368],
        [-0.08878401,  0.        ,  0.21902475, ...,  0.42975524,
          0.49377557,  0.8462298 ],
        [-0.30478807, -0.21902475,  0.        , ...,  0.22155309,
          0.29132476,  0.7089824 ],
        ...,
        [-0.50822521, -0.42975524, -0.22155309, ...,  0.        ,
          0.07214179,  0.53511795],
        [-0.56903123, -0.49377557, -0.29132476, ..., -0.07214179,
          0.        ,  0.47277989],
        [-0.89019368, -0.8462298 , -0.7089824 , ..., -0.53511795,
         -0.47277989,  0.        ]],

       [[ 0.        , -0.0547975 , -0.24133653, ...,  0.74348382,
          0.81627175,  0.8936071 ],
        [ 0.0547975 ,  0.        , -0.18779615, ...,  0.77901277,
          0.84670006,  0.9168603 ],
        [ 0.24133653,  0.18779615,  0.        , ...,  0.8829023 ,
          0.93155639,  0.97551731],
        ...,
        [-0.74348382, -0.77901277, -0.8829023 , ...,  0.        ,
          0.11639805,  0.26389051],
        [-0.81627175, -0.84670006, -0.93155639, ..., -0.11639805,
          0.        ,  0.1498247 ],
        [-0.8936071 , -0.9168603 , -0.97551731, ..., -0.26389051,
         -0.1498247 ,  0.        ]],

       ...,

       [[ 0.        , -0.02988923, -0.09826888, ...,  0.32517459,
          0.55486664,  0.65092196],
        [ 0.02988923,  0.        , -0.06848041, ...,  0.35329418,
          0.57948476,  0.67332139],
        [ 0.09826888,  0.06848041,  0.        , ...,  0.41652907,
          0.63393478,  0.72237173],
        ...,
        [-0.32517459, -0.35329418, -0.41652907, ...,  0.        ,
          0.25418633,  0.36869241],
        [-0.55486664, -0.57948476, -0.63393478, ..., -0.25418633,
          0.        ,  0.12030353],
        [-0.65092196, -0.67332139, -0.72237173, ..., -0.36869241,
         -0.12030353,  0.        ]],

       [[ 0.        , -0.04839526, -0.10701957, ...,  0.91234635,
          0.88011341,  0.86187737],
        [ 0.04839526,  0.        , -0.05877686, ...,  0.93109127,
          0.90205845,  0.88540952],
        [ 0.10701957,  0.05877686,  0.        , ...,  0.95092255,
          0.92586783,  0.91119895],
        ...,
        [-0.91234635, -0.93109127, -0.95092255, ...,  0.        ,
         -0.07281337, -0.10979693],
        [-0.88011341, -0.90205845, -0.92586783, ...,  0.07281337,
          0.        , -0.03713234],
        [-0.86187737, -0.88540952, -0.91119895, ...,  0.10979693,
          0.03713234,  0.        ]],

       [[ 0.        , -0.02360366, -0.04995013, ...,  0.27956722,
          0.334118  ,  0.37167954],
        [ 0.02360366,  0.        , -0.02636202, ...,  0.30215182,
          0.3562721 ,  0.3934887 ],
        [ 0.04995013,  0.02636202,  0.        , ...,  0.32717666,
          0.38078048,  0.41758733],
        ...,
        [-0.27956722, -0.30215182, -0.32717666, ...,  0.        ,
          0.05729458,  0.09731991],
        [-0.334118  , -0.3562721 , -0.38078048, ..., -0.05729458,
          0.        ,  0.04013743],
        [-0.37167954, -0.3934887 , -0.41758733, ..., -0.09731991,
         -0.04013743,  0.        ]]]), 'num': array([ 7.07088924e-01,  7.07088924e-01,  0.00000000e+00,  9.14226938e-05,
        9.41339243e-05,  8.84945648e-05,  7.10263233e-03, -2.16898443e-07,
        8.57616444e-05,  8.02144667e-05,  7.98855041e-05,  7.99310929e-07,
        9.13688843e-05,  6.90600491e-05])}
{'img': array([[[ 0.00000000e+00, -1.45464513e-01,  1.74300391e-01, ...,
          9.27590549e-01,  9.96611645e-01,  9.95731382e-01],
        [ 1.45464513e-01,  0.00000000e+00,  3.15684259e-01, ...,
          9.72069515e-01,  9.97975759e-01,  9.98566413e-01],
        [-1.74300391e-01, -3.15684259e-01,  0.00000000e+00, ...,
          8.48273132e-01,  9.67019656e-01,  9.64401585e-01],
        ...,
        [-9.27590549e-01, -9.72069515e-01, -8.48273132e-01, ...,
          0.00000000e+00,  2.96037266e-01,  2.86388441e-01],
        [-9.96611645e-01, -9.97975759e-01, -9.67019656e-01, ...,
         -2.96037266e-01,  0.00000000e+00, -1.00858516e-02],
        [-9.95731382e-01, -9.98566413e-01, -9.64401585e-01, ...,
         -2.86388441e-01,  1.00858516e-02,  0.00000000e+00]],

       [[ 0.00000000e+00,  2.19024754e-01,  2.19390290e-01, ...,
          4.93775570e-01,  8.46229801e-01,  5.88059771e-01],
        [-2.19024754e-01,  0.00000000e+00,  3.74647955e-04, ...,
          2.91324755e-01,  7.08982399e-01,  3.96630221e-01],
        [-2.19390290e-01, -3.74647955e-04,  0.00000000e+00, ...,
          2.90966338e-01,  7.08718138e-01,  3.96286274e-01],
        ...,
        [-4.93775570e-01, -2.91324755e-01, -2.90966338e-01, ...,
          0.00000000e+00,  4.72779888e-01,  1.11996221e-01],
        [-8.46229801e-01, -7.08982399e-01, -7.08718138e-01, ...,
         -4.72779888e-01,  0.00000000e+00, -3.71116563e-01],
        [-5.88059771e-01, -3.96630221e-01, -3.96286274e-01, ...,
         -1.11996221e-01,  3.71116563e-01,  0.00000000e+00]],

       [[ 0.00000000e+00, -1.87796149e-01, -2.22069323e-01, ...,
          8.46700063e-01,  9.16860302e-01,  9.68599407e-01],
        [ 1.87796149e-01,  0.00000000e+00, -3.50112276e-02, ...,
          9.31556386e-01,  9.75517310e-01,  9.98057230e-01],
        [ 2.22069323e-01,  3.50112276e-02,  0.00000000e+00, ...,
          9.43715240e-01,  9.82619001e-01,  9.99626673e-01],
        ...,
        [-8.46700063e-01, -9.31556386e-01, -9.43715240e-01, ...,
          0.00000000e+00,  1.49824700e-01,  3.04850996e-01],
        [-9.16860302e-01, -9.75517310e-01, -9.82619001e-01, ...,
         -1.49824700e-01,  0.00000000e+00,  1.58716961e-01],
        [-9.68599407e-01, -9.98057230e-01, -9.99626673e-01, ...,
         -3.04850996e-01, -1.58716961e-01,  0.00000000e+00]],

       ...,

       [[ 0.00000000e+00, -6.84804135e-02,  2.33429474e-01, ...,
          5.79484760e-01,  6.73321391e-01,  8.47228343e-01],
        [ 6.84804135e-02,  0.00000000e+00,  2.99470045e-01, ...,
          6.33934775e-01,  7.22371731e-01,  8.81618216e-01],
        [-2.33429474e-01, -2.99470045e-01,  0.00000000e+00, ...,
          3.73234690e-01,  4.82133973e-01,  6.99818108e-01],
        ...,
        [-5.79484760e-01, -6.33934775e-01, -3.73234690e-01, ...,
          0.00000000e+00,  1.20303526e-01,  3.82637714e-01],
        [-6.73321391e-01, -7.22371731e-01, -4.82133973e-01, ...,
         -1.20303526e-01,  0.00000000e+00,  2.68710433e-01],
        [-8.47228343e-01, -8.81618216e-01, -6.99818108e-01, ...,
         -3.82637714e-01, -2.68710433e-01,  0.00000000e+00]],

       [[ 0.00000000e+00, -5.87768576e-02, -1.11257530e-01, ...,
          9.02058450e-01,  8.85409518e-01,  8.74388229e-01],
        [ 5.87768576e-02,  0.00000000e+00, -5.26532338e-02, ...,
          9.25867831e-01,  9.11198950e-01,  9.01396657e-01],
        [ 1.11257530e-01,  5.26532338e-02,  0.00000000e+00, ...,
          9.44478414e-01,  9.31626359e-01,  9.22944841e-01],
        ...,
        [-9.02058450e-01, -9.25867831e-01, -9.44478414e-01, ...,
          0.00000000e+00, -3.71323391e-02, -6.03049916e-02],
        [-8.85409518e-01, -9.11198950e-01, -9.31626359e-01, ...,
          3.71323391e-02,  0.00000000e+00, -2.31986445e-02],
        [-8.74388229e-01, -9.01396657e-01, -9.22944841e-01, ...,
          6.03049916e-02,  2.31986445e-02,  0.00000000e+00]],

       [[ 0.00000000e+00, -2.63620163e-02, -2.50899219e-02, ...,
          3.56272096e-01,  3.93488703e-01,  4.16386434e-01],
        [ 2.63620163e-02,  0.00000000e+00,  1.27251528e-03, ...,
          3.80780478e-01,  4.17587328e-01,  4.40209745e-01],
        [ 2.50899219e-02, -1.27251528e-03,  0.00000000e+00, ...,
          3.79603518e-01,  4.16430736e-01,  4.39066804e-01],
        ...,
        [-3.56272096e-01, -3.80780478e-01, -3.79603518e-01, ...,
          0.00000000e+00,  4.01374297e-02,  6.51458740e-02],
        [-3.93488703e-01, -4.17587328e-01, -4.16430736e-01, ...,
         -4.01374297e-02,  0.00000000e+00,  2.50412096e-02],
        [-4.16386434e-01, -4.40209745e-01, -4.39066804e-01, ...,
         -6.51458740e-02, -2.50412096e-02,  0.00000000e+00]]]), 'num': array([7.06908687e-01, 7.06908687e-01, 0.00000000e+00, 9.23751842e-05,
       9.95310083e-05, 8.39183011e-05, 2.36676606e-02, 9.75794199e-07,
       8.87755878e-05, 8.03566523e-05, 8.03223188e-05, 7.99107184e-07,
       9.21033234e-05, 6.86099812e-05])}
{'img': array([[[ 0.00000000e+00,  3.15684259e-01,  2.45010016e-01, ...,
          9.97975759e-01,  9.98566413e-01,  9.95087389e-01],
        [-3.15684259e-01,  0.00000000e+00, -7.35811196e-02, ...,
          9.67019656e-01,  9.64401585e-01,  9.75455775e-01],
        [-2.45010016e-01,  7.35811196e-02,  0.00000000e+00, ...,
          9.83139533e-01,  9.81245260e-01,  9.89013771e-01],
        ...,
        [-9.97975759e-01, -9.67019656e-01, -9.83139533e-01, ...,
          0.00000000e+00, -1.00858516e-02,  3.55169846e-02],
        [-9.98566413e-01, -9.64401585e-01, -9.81245260e-01, ...,
          1.00858516e-02,  0.00000000e+00,  4.55946663e-02],
        [-9.95087389e-01, -9.75455775e-01, -9.89013771e-01, ...,
         -3.55169846e-02, -4.55946663e-02,  0.00000000e+00]],

       [[ 0.00000000e+00,  3.74647955e-04, -4.05505204e-01, ...,
          7.08982399e-01,  3.96630221e-01,  9.86553903e-01],
        [-3.74647955e-04,  0.00000000e+00, -4.05847639e-01, ...,
          7.08718138e-01,  3.96286274e-01,  9.86492602e-01],
        [ 4.05505204e-01,  4.05847639e-01,  0.00000000e+00, ...,
          9.34048545e-01,  7.34801850e-01,  9.68075992e-01],
        ...,
        [-7.08982399e-01, -7.08718138e-01, -9.34048545e-01, ...,
          0.00000000e+00, -3.71116563e-01,  5.79870233e-01],
        [-3.96630221e-01, -3.96286274e-01, -7.34801850e-01, ...,
          3.71116563e-01,  0.00000000e+00,  8.40811497e-01],
        [-9.86553903e-01, -9.86492602e-01, -9.68075992e-01, ...,
         -5.79870233e-01, -8.40811497e-01,  0.00000000e+00]],

       [[ 0.00000000e+00, -3.50112276e-02, -1.89256362e-01, ...,
          9.75517310e-01,  9.98057230e-01,  9.93900958e-01],
        [ 3.50112276e-02,  0.00000000e+00, -1.54761838e-01, ...,
          9.82619001e-01,  9.99626673e-01,  9.89430703e-01],
        [ 1.89256362e-01,  1.54761838e-01,  0.00000000e+00, ...,
          9.99509242e-01,  9.91811444e-01,  9.55068380e-01],
        ...,
        [-9.75517310e-01, -9.82619001e-01, -9.99509242e-01, ...,
          0.00000000e+00,  1.58716961e-01,  3.26157893e-01],
        [-9.98057230e-01, -9.99626673e-01, -9.91811444e-01, ...,
         -1.58716961e-01,  0.00000000e+00,  1.71985984e-01],
        [-9.93900958e-01, -9.89430703e-01, -9.55068380e-01, ...,
         -3.26157893e-01, -1.71985984e-01,  0.00000000e+00]],

       ...,

       [[ 0.00000000e+00,  2.99470045e-01,  3.57874306e-01, ...,
          7.22371731e-01,  8.81618216e-01,  8.81618216e-01],
        [-2.99470045e-01,  0.00000000e+00,  6.18138422e-02, ...,
          4.82133973e-01,  6.99818108e-01,  6.99818108e-01],
        [-3.57874306e-01, -6.18138422e-02,  0.00000000e+00, ...,
          4.27057033e-01,  6.54324912e-01,  6.54324912e-01],
        ...,
        [-7.22371731e-01, -4.82133973e-01, -4.27057033e-01, ...,
          0.00000000e+00,  2.68710433e-01,  2.68710433e-01],
        [-8.81618216e-01, -6.99818108e-01, -6.54324912e-01, ...,
         -2.68710433e-01,  0.00000000e+00,  0.00000000e+00],
        [-8.81618216e-01, -6.99818108e-01, -6.54324912e-01, ...,
         -2.68710433e-01,  0.00000000e+00,  0.00000000e+00]],

       [[ 0.00000000e+00, -5.26532338e-02, -1.55804708e-01, ...,
          9.11198950e-01,  9.01396657e-01,  9.16512457e-01],
        [ 5.26532338e-02,  0.00000000e+00, -1.03578358e-01, ...,
          9.31626359e-01,  9.22944841e-01,  9.36302740e-01],
        [ 1.55804708e-01,  1.03578358e-01,  0.00000000e+00, ...,
          9.64257612e-01,  9.57851242e-01,  9.67642736e-01],
        ...,
        [-9.11198950e-01, -9.31626359e-01, -9.64257612e-01, ...,
          0.00000000e+00, -2.31986445e-02,  1.30873350e-02],
        [-9.01396657e-01, -9.22944841e-01, -9.57851242e-01, ...,
          2.31986445e-02,  0.00000000e+00,  3.62804705e-02],
        [-9.16512457e-01, -9.36302740e-01, -9.67642736e-01, ...,
         -1.30873350e-02, -3.62804705e-02,  0.00000000e+00]],

       [[ 0.00000000e+00,  1.27251528e-03,  1.58712321e-02, ...,
          4.17587328e-01,  4.40209745e-01,  4.07551137e-01],
        [-1.27251528e-03,  0.00000000e+00,  1.45988642e-02, ...,
          4.16430736e-01,  4.39066804e-01,  4.06388769e-01],
        [-1.58712321e-02, -1.45988642e-02,  0.00000000e+00, ...,
          4.03113545e-01,  4.25903599e-01,  3.93006474e-01],
        ...,
        [-4.17587328e-01, -4.16430736e-01, -4.03113545e-01, ...,
          0.00000000e+00,  2.50412096e-02, -1.10174339e-02],
        [-4.40209745e-01, -4.39066804e-01, -4.25903599e-01, ...,
         -2.50412096e-02,  0.00000000e+00, -3.60536688e-02],
        [-4.07551137e-01, -4.06388769e-01, -3.93006474e-01, ...,
          1.10174339e-02,  3.60536688e-02,  0.00000000e+00]]]), 'num': array([ 7.07063917e-01,  7.07063917e-01,  0.00000000e+00,  9.00096704e-05,
        9.47812674e-05,  8.54549642e-05,  1.10079983e-02, -2.38579849e-06,
        9.00964267e-05,  8.07159008e-05,  8.07719309e-05,  7.76281720e-07,
        9.31486997e-05,  6.82831020e-05])}
{'img': array([[[ 0.        , -0.07358112, -0.07358112, ...,  0.96440159,
          0.97545578,  0.94519595],
        [ 0.07358112,  0.        ,  0.        , ...,  0.98124526,
          0.98901377,  0.96665825],
        [ 0.07358112,  0.        ,  0.        , ...,  0.98124526,
          0.98901377,  0.96665825],
        ...,
        [-0.96440159, -0.98124526, -0.98124526, ...,  0.        ,
          0.04559467, -0.06493109],
        [-0.97545578, -0.98901377, -0.98901377, ..., -0.04559467,
          0.        , -0.11036201],
        [-0.94519595, -0.96665825, -0.96665825, ...,  0.06493109,
          0.11036201,  0.        ]],

       [[ 0.        , -0.40584764, -0.06867774, ...,  0.39628627,
          0.9864926 ,  0.62540119],
        [ 0.40584764,  0.        ,  0.34212201, ...,  0.73480185,
          0.96807599,  0.88826391],
        [ 0.06867774, -0.34212201,  0.        , ...,  0.45840549,
          0.9954132 ,  0.67751403],
        ...,
        [-0.39628627, -0.73480185, -0.45840549, ...,  0.        ,
          0.8408115 ,  0.2649742 ],
        [-0.9864926 , -0.96807599, -0.9954132 , ..., -0.8408115 ,
          0.        , -0.66731915],
        [-0.62540119, -0.88826391, -0.67751403, ..., -0.2649742 ,
          0.66731915,  0.        ]],

       [[ 0.        , -0.15476184, -0.15476184, ...,  0.99962667,
          0.9894307 ,  0.97541575],
        [ 0.15476184,  0.        ,  0.        , ...,  0.99181144,
          0.95506838,  0.92955848],
        [ 0.15476184,  0.        ,  0.        , ...,  0.99181144,
          0.95506838,  0.92955848],
        ...,
        [-0.99962667, -0.99181144, -0.99181144, ...,  0.        ,
          0.17198598,  0.24694109],
        [-0.9894307 , -0.95506838, -0.95506838, ..., -0.17198598,
          0.        ,  0.07660185],
        [-0.97541575, -0.92955848, -0.92955848, ..., -0.24694109,
         -0.07660185,  0.        ]],

       ...,

       [[ 0.        ,  0.06181384, -0.22941873, ...,  0.69981811,
          0.69981811,  0.65014885],
        [-0.06181384,  0.        , -0.28914514, ...,  0.65432491,
          0.65432491,  0.60193899],
        [ 0.22941873,  0.28914514,  0.        , ...,  0.84503107,
          0.84503107,  0.80712189],
        ...,
        [-0.69981811, -0.65432491, -0.84503107, ...,  0.        ,
          0.        , -0.06731157],
        [-0.69981811, -0.65432491, -0.84503107, ...,  0.        ,
          0.        , -0.06731157],
        [-0.65014885, -0.60193899, -0.80712189, ...,  0.06731157,
          0.06731157,  0.        ]],

       [[ 0.        , -0.10357836, -0.25054853, ...,  0.92294484,
          0.93630274,  0.95245159],
        [ 0.10357836,  0.        , -0.14892627, ...,  0.95785124,
          0.96764274,  0.97888792],
        [ 0.25054853,  0.14892627,  0.        , ...,  0.98995083,
          0.99442959,  0.99841185],
        ...,
        [-0.92294484, -0.95785124, -0.98995083, ...,  0.        ,
          0.03628047,  0.08541728],
        [-0.93630274, -0.96764274, -0.99442959, ..., -0.03628047,
          0.        ,  0.04921317],
        [-0.95245159, -0.97888792, -0.99841185, ..., -0.08541728,
         -0.04921317,  0.        ]],

       [[ 0.        ,  0.01459886,  0.03236866, ...,  0.4390668 ,
          0.40638877,  0.38019314],
        [-0.01459886,  0.        ,  0.017774  , ...,  0.4259036 ,
          0.39300647,  0.36665003],
        [-0.03236866, -0.017774  ,  0.        , ...,  0.40975496,
          0.37660056,  0.35005591],
        ...,
        [-0.4390668 , -0.4259036 , -0.40975496, ...,  0.        ,
         -0.03605367, -0.06450981],
        [-0.40638877, -0.39300647, -0.37660056, ...,  0.03605367,
          0.        , -0.0284893 ],
        [-0.38019314, -0.36665003, -0.35005591, ...,  0.06450981,
          0.0284893 ,  0.        ]]]), 'num': array([ 7.07095931e-01,  7.07095931e-01,  0.00000000e+00,  8.73024884e-05,
        8.90376932e-05,  8.46996813e-05,  5.53453312e-03, -2.71125740e-06,
        9.05559973e-05,  8.09256110e-05,  8.11208215e-05,  7.51972437e-07,
        9.36485642e-05,  6.82026578e-05])}
{'img': array([[[ 0.        ,  0.        ,  0.1114909 , ...,  0.98901377,
          0.96665825,  0.9279428 ],
        [ 0.        ,  0.        ,  0.1114909 , ...,  0.98901377,
          0.96665825,  0.9279428 ],
        [-0.1114909 , -0.1114909 ,  0.        , ...,  0.96636676,
          0.9320821 ,  0.88060231],
        ...,
        [-0.98901377, -0.98901377, -0.96636676, ...,  0.        ,
         -0.11036201, -0.23145616],
        [-0.96665825, -0.96665825, -0.9320821 , ...,  0.11036201,
          0.        , -0.12267713],
        [-0.9279428 , -0.9279428 , -0.88060231, ...,  0.23145616,
          0.12267713,  0.        ]],

       [[ 0.        ,  0.34212201,  0.4134841 , ...,  0.96807599,
          0.88826391,  0.64261502],
        [-0.34212201,  0.        ,  0.07702665, ...,  0.9954132 ,
          0.67751403,  0.34170657],
        [-0.4134841 , -0.07702665,  0.        , ...,  0.9850868 ,
          0.61884729,  0.2683012 ],
        ...,
        [-0.96807599, -0.9954132 , -0.9850868 , ...,  0.        ,
         -0.66731915, -0.90280528],
        [-0.88826391, -0.67751403, -0.61884729, ...,  0.66731915,
          0.        , -0.38540367],
        [-0.64261502, -0.34170657, -0.2683012 , ...,  0.90280528,
          0.38540367,  0.        ]],

       [[ 0.        ,  0.        ,  0.21274188, ...,  0.95506838,
          0.92955848,  0.91912077],
        [ 0.        ,  0.        ,  0.21274188, ...,  0.95506838,
          0.92955848,  0.91912077],
        [-0.21274188, -0.21274188,  0.        , ...,  0.99625899,
          0.98671198,  0.98189583],
        ...,
        [-0.95506838, -0.95506838, -0.99625899, ...,  0.        ,
          0.07660185,  0.10385982],
        [-0.92955848, -0.92955848, -0.98671198, ..., -0.07660185,
          0.        ,  0.02736707],
        [-0.91912077, -0.91912077, -0.98189583, ..., -0.10385982,
         -0.02736707,  0.        ]],

       ...,

       [[ 0.        , -0.28914514, -0.1068641 , ...,  0.65432491,
          0.60193899,  0.54604957],
        [ 0.28914514,  0.        ,  0.18518996, ...,  0.84503107,
          0.80712189,  0.76495738],
        [ 0.1068641 , -0.18518996,  0.        , ...,  0.73139009,
          0.68382755,  0.6324484 ],
        ...,
        [-0.65432491, -0.84503107, -0.73139009, ...,  0.        ,
         -0.06731157, -0.1352325 ],
        [-0.60193899, -0.80712189, -0.68382755, ...,  0.06731157,
          0.        , -0.06823256],
        [-0.54604957, -0.76495738, -0.6324484 , ...,  0.1352325 ,
          0.06823256,  0.        ]],

       [[ 0.        , -0.14892627, -0.31569138, ...,  0.96764274,
          0.97888792,  0.98349228],
        [ 0.14892627,  0.        , -0.17086041, ...,  0.99442959,
          0.99841185,  0.99947289],
        [ 0.31569138,  0.17086041,  0.        , ...,  0.99781595,
          0.99335608,  0.99032276],
        ...,
        [-0.96764274, -0.99442959, -0.99781595, ...,  0.        ,
          0.04921317,  0.07306394],
        [-0.97888792, -0.99841185, -0.99335608, ..., -0.04921317,
          0.        ,  0.02389378],
        [-0.98349228, -0.99947289, -0.99032276, ..., -0.07306394,
         -0.02389378,  0.        ]],

       [[ 0.        ,  0.017774  ,  0.02393147, ...,  0.39300647,
          0.36665003,  0.3601645 ],
        [-0.017774  ,  0.        ,  0.00615878, ...,  0.37660056,
          0.35005591,  0.34352644],
        [-0.02393147, -0.00615878,  0.        , ...,  0.37088808,
          0.34428016,  0.33773594],
        ...,
        [-0.39300647, -0.37660056, -0.37088808, ...,  0.        ,
         -0.0284893 , -0.03544723],
        [-0.36665003, -0.35005591, -0.34428016, ...,  0.0284893 ,
          0.        , -0.00696145],
        [-0.3601645 , -0.34352644, -0.33773594, ...,  0.03544723,
          0.00696145,  0.        ]]]), 'num': array([ 7.59198035e-01,  6.50851463e-01,  1.39802029e-05,  9.07425233e-05,
        9.33184401e-05,  9.03912619e-05,  3.26356949e-03, -3.51261381e-06,
        9.61285311e-05,  8.76455688e-05,  8.79090148e-05,  7.74097616e-07,
        1.01420405e-04,  7.38707324e-05])}
{'img': array([[[ 0.        ,  0.1114909 ,  0.37119259, ...,  0.96665825,
          0.9279428 ,  0.86360436],
        [-0.1114909 ,  0.        ,  0.26535284, ...,  0.9320821 ,
          0.88060231,  0.8020098 ],
        [-0.37119259, -0.26535284,  0.        , ...,  0.80254495,
          0.72329488,  0.61476071],
        ...,
        [-0.96665825, -0.9320821 , -0.80254495, ...,  0.        ,
         -0.12267713, -0.26621706],
        [-0.9279428 , -0.88060231, -0.72329488, ...,  0.12267713,
          0.        , -0.14595613],
        [-0.86360436, -0.8020098 , -0.61476071, ...,  0.26621706,
          0.14595613,  0.        ]],

       [[ 0.        ,  0.20039576,  0.75051619, ...,  0.83820014,
          0.53161627,  0.21433288],
        [-0.20039576,  0.        ,  0.60286004, ...,  0.7119089 ,
          0.35110019,  0.01424645],
        [-0.75051619, -0.60286004,  0.        , ...,  0.14462272,
         -0.28435648, -0.59143237],
        ...,
        [-0.83820014, -0.7119089 , -0.14462272, ...,  0.        ,
         -0.42001951, -0.70183177],
        [-0.53161627, -0.35110019,  0.28435648, ...,  0.42001951,
          0.        , -0.33772507],
        [-0.21433288, -0.01424645,  0.59143237, ...,  0.70183177,
          0.33772507,  0.        ]],

       [[ 0.        ,  0.21274188,  0.43087915, ...,  0.92955848,
