state_0,state_1,state_2,state_3,state_4,state_5,state_6,state_7,state_8,state_9,state_10,state_11,state_12,state_13,state_14,state_15,state_16,state_17,state_18,state_19,state_20,state_21,state_22,state_23,state_24,state_25,state_26,state_27,state_28,state_29,state_30,state_31,state_32,state_33,state_34,state_35,state_36,state_37,state_38,state_39,state_40,state_41,state_42,state_43,state_44,state_45,state_46,state_47,state_48,state_49,state_50,state_51,state_52,state_53,state_54,state_55,state_56,state_57,state_58,state_59,state_60,state_61,state_62,state_63,state_64,state_65,state_66,state_67,state_68,state_69,state_70,state_71,state_72,state_73,state_74,state_75,state_76,state_77,state_78,state_79,state_80,state_81,state_82,state_83,state_84,state_85,state_86,state_87,state_88,state_89,state_90,state_91,state_92,state_93,state_94,state_95,state_96,state_97,state_98,state_99,state_100,state_101,state_102,state_103,state_104,state_105,state_106,state_107,state_108,state_109,state_110,state_111,state_112,state_113,state_114,state_115,state_116,state_117,state_118,state_119,state_120,state_121,state_122,state_123,state_124,state_125,state_126,state_127,state_128,state_129,state_130,state_131,state_132,state_133,state_134,state_135,state_136,state_137,state_138,state_139,state_140,state_141,state_142,state_143,state_144,state_145,state_146,state_147,state_148,state_149,state_150,state_151,state_152,state_153,state_154,state_155,state_156,state_157,state_158,state_159,state_160,state_161,state_162,state_163,state_164,state_165,state_166,state_167,state_168,state_169,state_170,state_171,state_172,state_173,state_174,state_175,state_176,state_177,state_178,state_179,state_180,state_181,state_182,state_183,state_184,state_185,state_186,state_187,state_188,state_189,state_190,state_191,state_192,state_193,state_194,state_195,state_196,state_197,state_198,state_199,state_200,state_201,state_202,state_203,state_204,state_205,state_206,state_207,state_208,state_209,state_210,state_211,state_212,state_213,state_214,state_215,state_216,state_217,state_218,state_219,state_220,state_221,state_222,state_223,state_224,state_225,state_226,state_227,state_228,state_229,state_230,state_231,state_232,state_233,state_234,state_235,state_236,state_237,state_238,state_239,state_240,state_241,state_242,state_243,state_244,state_245,state_246,state_247,state_248,state_249,state_250,state_251,state_252,state_253,state_254,state_255,state_256,state_257,state_258,state_259,state_260,state_261,state_262,state_263,state_264,state_265,state_266,state_267,state_268,state_269,state_270,state_271,state_272,state_273,state_274,state_275,state_276,state_277,state_278,state_279,state_280,state_281,state_282,state_283,state_284,state_285,state_286,state_287
{'img': array([[[ 0.        ,  0.13328554,  0.0584461 , ...,  0.94471597,
          0.66073024,  0.99997673],
        [-0.13328554,  0.        , -0.07513307, ...,  0.97998989,
          0.75488224,  0.99196385],
        [-0.0584461 ,  0.07513307,  0.        , ...,  0.96226493,
          0.70347178,  0.99866604],
        ...,
        [-0.94471597, -0.97998989, -0.96226493, ...,  0.        ,
          0.49247924, -0.32143759],
        [-0.66073024, -0.75488224, -0.70347178, ..., -0.49247924,
          0.        , -0.74609866],
        [-0.99997673, -0.99196385, -0.99866604, ...,  0.32143759,
          0.74609866,  0.        ]],

       [[ 0.        , -0.12008579, -0.06070345, ...,  0.14398247,
          0.11239374,  0.4654267 ],
        [ 0.12008579,  0.        ,  0.05960016, ...,  0.26177506,
          0.2309053 ,  0.56834495],
        [ 0.06070345, -0.05960016,  0.        , ...,  0.20378787,
          0.17250528,  0.51829618],
        ...,
        [-0.14398247, -0.26177506, -0.20378787, ...,  0.        ,
         -0.03184753,  0.33314014],
        [-0.11239374, -0.2309053 , -0.17250528, ...,  0.03184753,
          0.        ,  0.36299947],
        [-0.4654267 , -0.56834495, -0.51829618, ..., -0.33314014,
         -0.36299947,  0.        ]],

       [[ 0.        ,  0.03226191,  0.04624433, ...,  0.99641592,
          0.90118788,  0.66588877],
        [-0.03226191,  0.        ,  0.01399286, ...,  0.99862624,
          0.91470201,  0.68961118],
        [-0.04624433, -0.01399286,  0.        , ...,  0.99926168,
          0.92026737,  0.69967701],
        ...,
        [-0.99641592, -0.99862624, -0.99926168, ...,  0.        ,
          0.35564454,  0.68705019],
        [-0.90118788, -0.91470201, -0.92026737, ..., -0.35564454,
          0.        ,  0.38371687],
        [-0.66588877, -0.68961118, -0.69967701, ..., -0.68705019,
         -0.38371687,  0.        ]],

       ...,

       [[ 0.        ,  0.01434721, -0.05998727, ...,  0.68362831,
          0.74332319,  0.50120983],
        [-0.01434721,  0.        , -0.07430247, ...,  0.67308691,
          0.73364937,  0.48874323],
        [ 0.05998727,  0.07430247,  0.        , ...,  0.72617772,
          0.782112  ,  0.55221576],
        ...,
        [-0.68362831, -0.67308691, -0.72617772, ...,  0.        ,
          0.08519866, -0.22576305],
        [-0.74332319, -0.73364937, -0.782112  , ..., -0.08519866,
          0.        , -0.30794119],
        [-0.50120983, -0.48874323, -0.55221576, ...,  0.22576305,
          0.30794119,  0.        ]],

       [[ 0.        ,  0.01106737,  0.01250082, ...,  0.9899842 ,
          0.82393417,  0.63874804],
        [-0.01106737,  0.        ,  0.00143355, ...,  0.99148604,
          0.83015542,  0.64722433],
        [-0.01250082, -0.00143355,  0.        , ...,  0.99167169,
          0.83095382,  0.64831646],
        ...,
        [-0.9899842 , -0.99148604, -0.99167169, ...,  0.        ,
          0.44468818,  0.67153236],
        [-0.82393417, -0.83015542, -0.83095382, ..., -0.44468818,
          0.        ,  0.27197883],
        [-0.63874804, -0.64722433, -0.64831646, ..., -0.67153236,
         -0.27197883,  0.        ]],

       [[ 0.        ,  0.07005974,  0.1280122 , ...,  0.69638545,
          0.80413435,  0.74314962],
        [-0.07005974,  0.        ,  0.05821432, ...,  0.74495392,
          0.84380527,  0.78820229],
        [-0.1280122 , -0.05821432,  0.        , ...,  0.78252626,
          0.87361495,  0.82269162],
        ...,
        [-0.69638545, -0.74495392, -0.78252626, ...,  0.        ,
         -0.16313679, -0.06736556],
        [-0.80413435, -0.84380527, -0.87361495, ...,  0.16313679,
          0.        ,  0.09630311],
        [-0.74314962, -0.78820229, -0.82269162, ...,  0.06736556,
         -0.09630311,  0.        ]]]), 'num': array([ 9.77966064e-01,  1.14979819e-01,  4.70805371e-07,  6.16418746e-02,
        6.35923540e-02,  6.10701824e-02,  1.11725477e-02, -1.34515820e-03,
        6.33704029e-02,  6.13694801e-02,  5.77173756e-02,  1.84357082e-06,
        6.42301085e-02,  5.85088517e-02])}
{'img': array([[[ 0.00000000e+00, -7.51330713e-02, -3.15166857e-01, ...,
          7.54882244e-01,  9.91963855e-01,  9.32207112e-01],
        [ 7.51330713e-02,  0.00000000e+00, -2.42972033e-01, ...,
          7.03471779e-01,  9.98666040e-01,  9.56764801e-01],
        [ 3.15166857e-01,  2.42972033e-01,  0.00000000e+00, ...,
          5.09705189e-01,  9.81285092e-01,  9.98765215e-01],
        ...,
        [-7.54882244e-01, -7.03471779e-01, -5.09705189e-01, ...,
          0.00000000e+00, -7.46098656e-01, -8.84608641e-01],
        [-9.91963855e-01, -9.98666040e-01, -9.81285092e-01, ...,
          7.46098656e-01,  0.00000000e+00, -2.41072465e-01],
        [-9.32207112e-01, -9.56764801e-01, -9.98765215e-01, ...,
          8.84608641e-01,  2.41072465e-01,  0.00000000e+00]],

       [[ 0.00000000e+00,  5.96001623e-02,  1.25543219e-01, ...,
          2.30905298e-01,  5.68344949e-01,  6.12751146e-01],
        [-5.96001623e-02,  0.00000000e+00,  6.61914299e-02, ...,
          1.72505283e-01,  5.18296179e-01,  5.64561303e-01],
        [-1.25543219e-01, -6.61914299e-02,  0.00000000e+00, ...,
          1.06927842e-01,  4.60552536e-01,  5.08689368e-01],
        ...,
        [-2.30905298e-01, -1.72505283e-01, -1.06927842e-01, ...,
          0.00000000e+00,  3.62999467e-01,  4.13713402e-01],
        [-5.68344949e-01, -5.18296179e-01, -4.60552536e-01, ...,
         -3.62999467e-01,  0.00000000e+00,  5.50164228e-02],
        [-6.12751146e-01, -5.64561303e-01, -5.08689368e-01, ...,
         -4.13713402e-01, -5.50164228e-02,  0.00000000e+00]],

       [[ 0.00000000e+00,  1.39928618e-02, -9.26110326e-02, ...,
          9.14702005e-01,  6.89611176e-01,  8.53439431e-01],
        [-1.39928618e-02,  0.00000000e+00, -1.06534691e-01, ...,
          9.20267372e-01,  6.99677008e-01,  8.60648844e-01],
        [ 9.26110326e-02,  1.06534691e-01,  0.00000000e+00, ...,
          8.73344145e-01,  6.19580436e-01,  8.01503526e-01],
        ...,
        [-9.14702005e-01, -9.20267372e-01, -8.73344145e-01, ...,
          0.00000000e+00,  3.83716873e-01,  1.31835782e-01],
        [-6.89611176e-01, -6.99677008e-01, -6.19580436e-01, ...,
         -3.83716873e-01,  0.00000000e+00, -2.58623771e-01],
        [-8.53439431e-01, -8.60648844e-01, -8.01503526e-01, ...,
         -1.31835782e-01,  2.58623771e-01,  0.00000000e+00]],

       ...,

       [[ 0.00000000e+00, -7.43024712e-02, -7.42495857e-01, ...,
          7.33649365e-01,  4.88743232e-01,  2.03746635e-01],
        [ 7.43024712e-02,  0.00000000e+00, -6.90671854e-01, ...,
          7.82112002e-01,  5.52215756e-01,  2.75927305e-01],
        [ 7.42495857e-01,  6.90671854e-01,  0.00000000e+00, ...,
          9.95982401e-01,  9.75158911e-01,  8.63400822e-01],
        ...,
        [-7.33649365e-01, -7.82112002e-01, -9.95982401e-01, ...,
          0.00000000e+00, -3.07941191e-01, -5.79808491e-01],
        [-4.88743232e-01, -5.52215756e-01, -9.75158911e-01, ...,
          3.07941191e-01,  0.00000000e+00, -3.00736980e-01],
        [-2.03746635e-01, -2.75927305e-01, -8.63400822e-01, ...,
          5.79808491e-01,  3.00736980e-01,  0.00000000e+00]],

       [[ 0.00000000e+00,  1.43031480e-03,  2.19535119e-03, ...,
          8.44311906e-01,  7.37016249e-01,  6.46110018e-01],
        [-1.43031480e-03,  0.00000000e+00,  7.65037586e-04, ...,
          8.45077479e-01,  7.37982209e-01,  6.47201036e-01],
        [-2.19535119e-03, -7.65037586e-04,  0.00000000e+00, ...,
          8.45486255e-01,  7.38498256e-01,  6.47784050e-01],
        ...,
        [-8.44311906e-01, -8.45077479e-01, -8.45486255e-01, ...,
          0.00000000e+00,  1.75717673e-01,  2.98196872e-01],
        [-7.37016249e-01, -7.37982209e-01, -7.38498256e-01, ...,
         -1.75717673e-01,  0.00000000e+00,  1.25833818e-01],
        [-6.46110018e-01, -6.47201036e-01, -6.47784050e-01, ...,
         -2.98196872e-01, -1.25833818e-01,  0.00000000e+00]],

       [[ 0.00000000e+00,  5.82143199e-02,  5.30915439e-02, ...,
          8.43805267e-01,  7.88202291e-01,  7.57551913e-01],
        [-5.82143199e-02,  0.00000000e+00, -5.13071094e-03, ...,
          8.73614950e-01,  8.22691624e-01,  7.94268035e-01],
        [-5.30915439e-02,  5.13071094e-03,  0.00000000e+00, ...,
          8.71106756e-01,  8.19764048e-01,  7.91140328e-01],
        ...,
        [-8.43805267e-01, -8.73614950e-01, -8.71106756e-01, ...,
          0.00000000e+00,  9.63031092e-02,  1.44275073e-01],
        [-7.88202291e-01, -8.22691624e-01, -8.19764048e-01, ...,
         -9.63031092e-02,  0.00000000e+00,  4.83089403e-02],
        [-7.57551913e-01, -7.94268035e-01, -7.91140328e-01, ...,
         -1.44275073e-01, -4.83089403e-02,  0.00000000e+00]]]), 'num': array([7.06626283e-01, 7.06626283e-01, 0.00000000e+00, 1.31505073e-02,
       1.33284091e-02, 1.30153018e-02, 1.16001991e-03, 1.06741130e-04,
       1.33896074e-02, 1.30049835e-02, 1.22417844e-02, 4.02048820e-07,
       1.36061041e-02, 1.24038630e-02])}
{'img': array([[[ 0.00000000e+00, -2.42972033e-01, -1.88213164e-01, ...,
          9.98666040e-01,  9.56764801e-01,  9.78348718e-01],
        [ 2.42972033e-01,  0.00000000e+00,  5.60566498e-02, ...,
          9.81285092e-01,  9.98765215e-01,  9.99317111e-01],
        [ 1.88213164e-01, -5.60566498e-02,  0.00000000e+00, ...,
          9.90536409e-01,  9.94409885e-01,  9.99817075e-01],
        ...,
        [-9.98666040e-01, -9.81285092e-01, -9.90536409e-01, ...,
          0.00000000e+00, -2.41072465e-01, -1.56170445e-01],
        [-9.56764801e-01, -9.98765215e-01, -9.94409885e-01, ...,
          2.41072465e-01,  0.00000000e+00,  8.65500058e-02],
        [-9.78348718e-01, -9.99317111e-01, -9.99817075e-01, ...,
          1.56170445e-01, -8.65500058e-02,  0.00000000e+00]],

       [[ 0.00000000e+00,  6.61914299e-02,  3.79732955e-01, ...,
          5.18296179e-01,  5.64561303e-01, -1.85699680e-01],
        [-6.61914299e-02,  0.00000000e+00,  3.17666742e-01, ...,
          4.60552536e-01,  5.08689368e-01, -2.50332562e-01],
        [-3.79732955e-01, -3.17666742e-01,  0.00000000e+00, ...,
          1.54725725e-01,  2.08845270e-01, -5.44918147e-01],
        ...,
        [-5.18296179e-01, -4.60552536e-01, -1.54725725e-01, ...,
          0.00000000e+00,  5.50164228e-02, -6.68091806e-01],
        [-5.64561303e-01, -5.08689368e-01, -2.08845270e-01, ...,
         -5.50164228e-02,  0.00000000e+00, -7.08016504e-01],
        [ 1.85699680e-01,  2.50332562e-01,  5.44918147e-01, ...,
          6.68091806e-01,  7.08016504e-01,  0.00000000e+00]],

       [[ 0.00000000e+00, -1.06534691e-01, -2.03768285e-01, ...,
          6.99677008e-01,  8.60648844e-01,  8.89292986e-01],
        [ 1.06534691e-01,  0.00000000e+00, -9.83091347e-02, ...,
          6.19580436e-01,  8.01503526e-01,  8.35509651e-01],
        [ 2.03768285e-01,  9.83091347e-02,  0.00000000e+00, ...,
          5.39413041e-01,  7.38833099e-01,  7.77443892e-01],
        ...,
        [-6.99677008e-01, -6.19580436e-01, -5.39413041e-01, ...,
          0.00000000e+00, -2.58623771e-01, -3.15374803e-01],
        [-8.60648844e-01, -8.01503526e-01, -7.38833099e-01, ...,
          2.58623771e-01,  0.00000000e+00, -5.92196883e-02],
        [-8.89292986e-01, -8.35509651e-01, -7.77443892e-01, ...,
          3.15374803e-01,  5.92196883e-02,  0.00000000e+00]],

       ...,

       [[ 0.00000000e+00, -6.90671854e-01, -8.93376725e-01, ...,
          5.52215756e-01,  2.75927305e-01,  3.33126020e-01],
        [ 6.90671854e-01,  0.00000000e+00, -3.35737071e-01, ...,
          9.75158911e-01,  8.63400822e-01,  8.92128452e-01],
        [ 8.93376725e-01,  3.35737071e-01,  0.00000000e+00, ...,
          9.92924455e-01,  9.82670959e-01,  9.92025427e-01],
        ...,
        [-5.52215756e-01, -9.75158911e-01, -9.92924455e-01, ...,
          0.00000000e+00, -3.00736980e-01, -2.42946893e-01],
        [-2.75927305e-01, -8.63400822e-01, -9.82670959e-01, ...,
          3.00736980e-01,  0.00000000e+00,  6.00265948e-02],
        [-3.33126020e-01, -8.92128452e-01, -9.92025427e-01, ...,
          2.42946893e-01, -6.00265948e-02,  0.00000000e+00]],

       [[ 0.00000000e+00,  7.61441135e-04, -1.21388081e-03, ...,
          7.97026933e-01,  7.72666056e-01,  6.44877714e-01],
        [-7.61441135e-04,  0.00000000e+00, -1.97532104e-03, ...,
          7.97486570e-01,  7.73149205e-01,  6.45459486e-01],
        [ 1.21388081e-03,  1.97532104e-03,  0.00000000e+00, ...,
          7.96293230e-01,  7.71894900e-01,  6.43949487e-01],
        ...,
        [-7.97026933e-01, -7.97486570e-01, -7.96293230e-01, ...,
          0.00000000e+00,  3.93159750e-02,  2.19686468e-01],
        [-7.72666056e-01, -7.73149205e-01, -7.71894900e-01, ...,
         -3.93159750e-02,  0.00000000e+00,  1.81161106e-01],
        [-6.44877714e-01, -6.45459486e-01, -6.43949487e-01, ...,
         -2.19686468e-01, -1.81161106e-01,  0.00000000e+00]],

       [[ 0.00000000e+00, -5.13071094e-03,  9.61234674e-03, ...,
          8.22691624e-01,  7.94268035e-01,  7.58226668e-01],
        [ 5.13071094e-03,  0.00000000e+00,  1.47426941e-02, ...,
          8.19764048e-01,  7.91140328e-01,  7.54871510e-01],
        [-9.61234674e-03, -1.47426941e-02,  0.00000000e+00, ...,
          8.28118118e-01,  8.00071490e-01,  7.64458802e-01],
        ...,
        [-8.22691624e-01, -8.19764048e-01, -8.28118118e-01, ...,
          0.00000000e+00,  4.83089403e-02,  1.05344884e-01],
        [-7.94268035e-01, -7.91140328e-01, -8.00071490e-01, ...,
         -4.83089403e-02,  0.00000000e+00,  5.71817506e-02],
        [-7.58226668e-01, -7.54871510e-01, -7.64458802e-01, ...,
         -1.05344884e-01, -5.71817506e-02,  0.00000000e+00]]]), 'num': array([ 7.06626298e-01,  7.06626298e-01,  0.00000000e+00,  1.31433915e-02,
        1.33426416e-02,  1.30295343e-02,  1.26316033e-03, -7.11607551e-06,
        1.32942523e-02,  1.30174369e-02,  1.22714350e-02,  4.13003837e-07,
        1.36191911e-02,  1.24156828e-02])}
{'img': array([[[ 0.        ,  0.05605665,  0.35192246, ...,  0.99876522,
          0.99931711,  0.99951834],
        [-0.05605665,  0.        ,  0.29889844, ...,  0.99440988,
          0.99981707,  0.99968633],
        [-0.35192246, -0.29889844,  0.        , ...,  0.91739006,
          0.94839353,  0.9464998 ],
        ...,
        [-0.99876522, -0.99440988, -0.91739006, ...,  0.        ,
          0.08655001,  0.08065099],
        [-0.99931711, -0.99981707, -0.94839353, ..., -0.08655001,
          0.        , -0.00591971],
        [-0.99951834, -0.99968633, -0.9464998 , ..., -0.08065099,
          0.00591971,  0.        ]],

       [[ 0.        ,  0.31766674, -0.03136483, ...,  0.50868937,
         -0.25033256, -0.1697073 ],
        [-0.31766674,  0.        , -0.34725066, ...,  0.20884527,
         -0.54491815, -0.4739757 ],
        [ 0.03136483,  0.34725066,  0.        , ...,  0.53544265,
         -0.21984322, -0.13871393],
        ...,
        [-0.50868937, -0.20884527, -0.53544265, ...,  0.        ,
         -0.7080165 , -0.6474201 ],
        [ 0.25033256,  0.54491815,  0.21984322, ...,  0.7080165 ,
          0.        ,  0.08239757],
        [ 0.1697073 ,  0.4739757 ,  0.13871393, ...,  0.6474201 ,
         -0.08239757,  0.        ]],

       [[ 0.        , -0.09830913, -0.04439346, ...,  0.80150353,
          0.83550965,  0.92789772],
        [ 0.09830913,  0.        ,  0.0540338 , ...,  0.7388331 ,
          0.77744389,  0.88674984],
        [ 0.04439346, -0.0540338 ,  0.        , ...,  0.7741665 ,
          0.81029281,  0.9104315 ],
        ...,
        [-0.80150353, -0.7388331 , -0.7741665 , ...,  0.        ,
         -0.05921969, -0.25604515],
        [-0.83550965, -0.77744389, -0.81029281, ...,  0.05921969,
          0.        , -0.19835019],
        [-0.92789772, -0.88674984, -0.9104315 , ...,  0.25604515,
          0.19835019,  0.        ]],

       ...,

       [[ 0.        , -0.33573707,  0.48272809, ...,  0.86340082,
          0.89212845,  0.91549698],
        [ 0.33573707,  0.        ,  0.74873705, ...,  0.98267096,
          0.99202543,  0.997433  ],
        [-0.48272809, -0.74873705,  0.        , ...,  0.51259548,
          0.56321181,  0.60755154],
        ...,
        [-0.86340082, -0.98267096, -0.51259548, ...,  0.        ,
          0.06002659,  0.11451765],
        [-0.89212845, -0.99202543, -0.56321181, ..., -0.06002659,
          0.        ,  0.05467946],
        [-0.91549698, -0.997433  , -0.60755154, ..., -0.11451765,
         -0.05467946,  0.        ]],

       [[ 0.        , -0.0019671 ,  0.00771857, ...,  0.81281272,
          0.76460729,  0.64340377],
        [ 0.0019671 ,  0.        ,  0.0096856 , ...,  0.81166527,
          0.76333802,  0.64189666],
        [-0.00771857, -0.0096856 ,  0.        , ...,  0.81728477,
          0.76955911,  0.64929338],
        ...,
        [-0.81281272, -0.81166527, -0.81728477, ...,  0.        ,
          0.07845199,  0.24743125],
        [-0.76460729, -0.76333802, -0.76955911, ..., -0.07845199,
          0.        ,  0.17065607],
        [-0.64340377, -0.64189666, -0.64929338, ..., -0.24743125,
         -0.17065607,  0.        ]],

       [[ 0.        ,  0.01474269,  0.0263751 , ...,  0.79114033,
          0.75487151,  0.73336965],
        [-0.01474269,  0.        ,  0.01163467, ...,  0.80007149,
          0.7644588 ,  0.74331248],
        [-0.0263751 , -0.01163467,  0.        , ...,  0.80699703,
          0.77190761,  0.75104511],
        ...,
        [-0.79114033, -0.80007149, -0.80699703, ...,  0.        ,
          0.05718175,  0.08928669],
        [-0.75487151, -0.7644588 , -0.77190761, ..., -0.05718175,
          0.        ,  0.03218723],
        [-0.73336965, -0.74331248, -0.75104511, ..., -0.08928669,
         -0.03218723,  0.        ]]]), 'num': array([7.06621559e-01, 7.06621559e-01, 0.00000000e+00, 1.33354361e-02,
       1.34919887e-02, 1.31717674e-02, 1.34050308e-03, 1.92132750e-04,
       1.32002315e-02, 1.30418999e-02, 1.23077631e-02, 4.23216389e-07,
       1.36534127e-02, 1.24303871e-02])}
{'img': array([[[ 0.        ,  0.29889844,  0.43930874, ...,  0.99981707,
          0.99968633,  0.9895939 ],
        [-0.29889844,  0.        ,  0.15071444, ...,  0.94839353,
          0.9464998 ,  0.98736261],
        [-0.43930874, -0.15071444,  0.        , ...,  0.88976945,
          0.88705205,  0.95219947],
        ...,
        [-0.99981707, -0.94839353, -0.88976945, ...,  0.        ,
         -0.00591971,  0.16278954],
        [-0.99968633, -0.9464998 , -0.88705205, ...,  0.00591971,
          0.        ,  0.16862743],
        [-0.9895939 , -0.98736261, -0.95219947, ..., -0.16278954,
         -0.16862743,  0.        ]],

       [[ 0.        , -0.34725066, -0.17887198, ..., -0.54491815,
         -0.4739757 , -0.42192463],
        [ 0.34725066,  0.        ,  0.17390913, ..., -0.21984322,
         -0.13871393, -0.08084107],
        [ 0.17887198, -0.17390913,  0.        , ..., -0.38614767,
         -0.30882803, -0.25294912],
        ...,
        [ 0.54491815,  0.21984322,  0.38614767, ...,  0.        ,
          0.08239757,  0.14026037],
        [ 0.4739757 ,  0.13871393,  0.30882803, ..., -0.08239757,
          0.        ,  0.05820038],
        [ 0.42192463,  0.08084107,  0.25294912, ..., -0.14026037,
         -0.05820038,  0.        ]],

       [[ 0.        ,  0.0540338 ,  0.11566655, ...,  0.77744389,
          0.88674984,  0.94382347],
        [-0.0540338 ,  0.        ,  0.06182644, ...,  0.81029281,
          0.9104315 ,  0.96030012],
        [-0.11566655, -0.06182644,  0.        , ...,  0.84497451,
          0.93426488,  0.97571064],
        ...,
        [-0.77744389, -0.81029281, -0.84497451, ...,  0.        ,
         -0.19835019, -0.33671355],
        [-0.88674984, -0.9104315 , -0.93426488, ...,  0.19835019,
          0.        , -0.1432555 ],
        [-0.94382347, -0.96030012, -0.97571064, ...,  0.33671355,
          0.1432555 ,  0.        ]],

       ...,

       [[ 0.        ,  0.74873705,  0.96569797, ...,  0.99202543,
          0.997433  ,  0.99978264],
        [-0.74873705,  0.        ,  0.83455245, ...,  0.56321181,
          0.60755154,  0.64711272],
        [-0.96569797, -0.83455245,  0.        , ..., -0.37931174,
         -0.32815107, -0.27974523],
        ...,
        [-0.99202543, -0.56321181,  0.37931174, ...,  0.        ,
          0.05467946,  0.10532788],
        [-0.997433  , -0.60755154,  0.32815107, ..., -0.05467946,
          0.        ,  0.05079499],
        [-0.99978264, -0.64711272,  0.27974523, ..., -0.10532788,
         -0.05079499,  0.        ]],

       [[ 0.        ,  0.00958169,  0.04791139, ...,  0.84916238,
          0.82243753,  0.63660326],
        [-0.00958169,  0.        ,  0.03833851, ...,  0.85418379,
          0.82785037,  0.64396335],
        [-0.04791139, -0.03833851,  0.        , ...,  0.87349072,
          0.8487477 ,  0.67282104],
        ...,
        [-0.84916238, -0.85418379, -0.87349072, ...,  0.        ,
          0.04869517,  0.31865633],
        [-0.82243753, -0.82785037, -0.8487477 , ..., -0.04869517,
          0.        ,  0.27212159],
        [-0.63660326, -0.64396335, -0.67282104, ..., -0.31865633,
         -0.27212159,  0.        ]],

       [[ 0.        ,  0.01163467,  0.02765398, ...,  0.7644588 ,
          0.74331248,  0.71315035],
        [-0.01163467,  0.        ,  0.01602189, ...,  0.77190761,
          0.75104511,  0.72125811],
        [-0.02765398, -0.01602189,  0.        , ...,  0.7819942 ,
          0.76152718,  0.73226336],
        ...,
        [-0.7644588 , -0.77190761, -0.7819942 , ...,  0.        ,
          0.03218723,  0.07614563],
        [-0.74331248, -0.75104511, -0.76152718, ..., -0.03218723,
          0.        ,  0.0440124 ],
        [-0.71315035, -0.72125811, -0.73226336, ..., -0.07614563,
         -0.0440124 ,  0.        ]]]), 'num': array([ 7.06624056e-01,  7.06624056e-01,  0.00000000e+00,  1.32358585e-02,
        1.33141350e-02,  1.31220016e-02,  1.30721892e-03, -9.96247410e-05,
        1.31817764e-02,  1.30600919e-02,  1.23418450e-02,  4.05851612e-07,
        1.36720080e-02,  1.24481759e-02])}
{'img': array([[[ 0.        ,  0.15071444,  0.22283967, ...,  0.9464998 ,
          0.98736261,  0.96898223],
        [-0.15071444,  0.        ,  0.07336951, ...,  0.88705205,
          0.95219947,  0.92066776],
        [-0.22283967, -0.07336951,  0.        , ...,  0.85078882,
          0.92722043,  0.88954682],
        ...,
        [-0.9464998 , -0.88705205, -0.85078882, ...,  0.        ,
          0.16862743,  0.07878595],
        [-0.98736261, -0.95219947, -0.92722043, ..., -0.16862743,
          0.        , -0.09044555],
        [-0.96898223, -0.92066776, -0.88954682, ..., -0.07878595,
          0.09044555,  0.        ]],

       [[ 0.        ,  0.17390913,  0.01313871, ..., -0.13871393,
         -0.08084107, -0.10546409],
        [-0.17390913,  0.        , -0.16095562, ..., -0.30882803,
         -0.25294912, -0.27679626],
        [-0.01313871,  0.16095562,  0.        , ..., -0.15171365,
         -0.0939298 , -0.11852043],
        ...,
        [ 0.13871393,  0.30882803,  0.15171365, ...,  0.        ,
          0.05820038,  0.03349582],
        [ 0.08084107,  0.25294912,  0.0939298 , ..., -0.05820038,
          0.        , -0.02472868],
        [ 0.10546409,  0.27679626,  0.11852043, ..., -0.03349582,
          0.02472868,  0.        ]],

       [[ 0.        ,  0.06182644,  0.16080903, ...,  0.9104315 ,
          0.96030012,  0.9670293 ],
        [-0.06182644,  0.        ,  0.09947959, ...,  0.93426488,
          0.97571064,  0.98092433],
        [-0.16080903, -0.09947959,  0.        , ...,  0.96510297,
          0.99266306,  0.99539639],
        ...,
        [-0.9104315 , -0.93426488, -0.96510297, ...,  0.        ,
         -0.1432555 , -0.16816605],
        [-0.96030012, -0.97571064, -0.99266306, ...,  0.1432555 ,
          0.        , -0.02521618],
        [-0.9670293 , -0.98092433, -0.99539639, ...,  0.16816605,
          0.02521618,  0.        ]],

       ...,

       [[ 0.        ,  0.99921925,  0.99100714, ...,  0.90489005,
          0.92978232,  0.88502632],
        [-0.99921925,  0.        ,  0.17285733, ..., -0.38956258,
         -0.3310885 , -0.43021182],
        [-0.99100714, -0.17285733,  0.        , ..., -0.54290005,
         -0.4892127 , -0.57977893],
        ...,
        [-0.90489005,  0.38956258,  0.54290005, ...,  0.        ,
          0.06265864, -0.04455605],
        [-0.92978232,  0.3310885 ,  0.4892127 , ..., -0.06265864,
          0.        , -0.1070649 ],
        [-0.88502632,  0.43021182,  0.57977893, ...,  0.04455605,
          0.1070649 ,  0.        ]],

       [[ 0.        ,  0.03811743,  0.08339604, ...,  0.86082182,
          0.78162862,  0.64113477],
        [-0.03811743,  0.        ,  0.04535078, ...,  0.87959444,
          0.8048361 ,  0.66992123],
        [-0.08339604, -0.04535078,  0.        , ...,  0.90026392,
          0.83092359,  0.70290184],
        ...,
        [-0.86082182, -0.87959444, -0.90026392, ...,  0.        ,
          0.13915667,  0.3343414 ],
        [-0.78162862, -0.8048361 , -0.83092359, ..., -0.13915667,
          0.        ,  0.1999399 ],
        [-0.64113477, -0.66992123, -0.70290184, ..., -0.3343414 ,
         -0.1999399 ,  0.        ]],

       [[ 0.        ,  0.01602189,  0.01203218, ...,  0.75104511,
          0.72125811,  0.67787589],
        [-0.01602189,  0.        , -0.00399009, ...,  0.76152718,
          0.73226336,  0.68956779],
        [-0.01203218,  0.00399009,  0.        , ...,  0.758935  ,
          0.72954019,  0.68667259],
        ...,
        [-0.75104511, -0.76152718, -0.758935  , ...,  0.        ,
          0.0440124 ,  0.10458246],
        [-0.72125811, -0.73226336, -0.72954019, ..., -0.0440124 ,
          0.        ,  0.06071007],
        [-0.67787589, -0.68956779, -0.68667259, ..., -0.10458246,
         -0.06071007,  0.        ]]]), 'num': array([7.06616191e-01, 7.06616191e-01, 0.00000000e+00, 1.35416980e-02,
       1.35416980e-02, 1.31645514e-02, 1.25389150e-03, 3.05986870e-04,
       1.32812534e-02, 1.31029982e-02, 1.23759829e-02, 4.23529038e-07,
       1.37232120e-02, 1.24827845e-02])}
{'img': array([[[ 0.        ,  0.07336951,  0.02290366, ...,  0.95219947,
          0.92066776,  0.9957497 ],
        [-0.07336951,  0.        , -0.05050834, ...,  0.92722043,
          0.88954682,  0.9863086 ],
        [-0.02290366,  0.05050834,  0.        , ...,  0.94495315,
          0.91148587,  0.99337905],
        ...,
        [-0.95219947, -0.92722043, -0.94495315, ...,  0.        ,
         -0.09044555,  0.21648038],
        [-0.92066776, -0.88954682, -0.91148587, ...,  0.09044555,
          0.        ,  0.30389392],
        [-0.9957497 , -0.9863086 , -0.99337905, ..., -0.21648038,
         -0.30389392,  0.        ]],

       [[ 0.        , -0.16095562, -0.18515051, ..., -0.25294912,
         -0.27679626, -0.31562425],
        [ 0.16095562,  0.        , -0.02456373, ..., -0.0939298 ,
         -0.11852043, -0.15878078],
        [ 0.18515051,  0.02456373,  0.        , ..., -0.06944633,
         -0.09409407, -0.13448076],
        ...,
        [ 0.25294912,  0.0939298 ,  0.06944633, ...,  0.        ,
         -0.02472868, -0.06534059],
        [ 0.27679626,  0.11852043,  0.09409407, ...,  0.02472868,
          0.        , -0.04064477],
        [ 0.31562425,  0.15878078,  0.13448076, ...,  0.06534059,
          0.04064477,  0.        ]],

       [[ 0.        ,  0.09947959,  0.22112499, ...,  0.97571064,
          0.98092433,  0.94174299],
        [-0.09947959,  0.        ,  0.1230111 , ...,  0.99266306,
          0.99539639,  0.97052988],
        [-0.22112499, -0.1230111 ,  0.        , ...,  0.99999777,
          0.99962649,  0.9928023 ],
        ...,
        [-0.97571064, -0.99266306, -0.99999777, ...,  0.        ,
         -0.02521618,  0.12186271],
        [-0.98092433, -0.99539639, -0.99962649, ...,  0.02521618,
          0.        ,  0.1468522 ],
        [-0.94174299, -0.97052988, -0.9928023 , ..., -0.12186271,
         -0.1468522 ,  0.        ]],

       ...,

       [[ 0.        ,  0.17285733, -0.03689832, ..., -0.3310885 ,
         -0.43021182, -0.32927305],
        [-0.17285733,  0.        , -0.20908251, ..., -0.4892127 ,
         -0.57977893, -0.48753436],
        [ 0.03689832,  0.20908251,  0.        , ..., -0.29604578,
         -0.39660971, -0.29420814],
        ...,
        [ 0.3310885 ,  0.4892127 ,  0.29604578, ...,  0.        ,
         -0.1070649 ,  0.00192331],
        [ 0.43021182,  0.57977893,  0.39660971, ...,  0.1070649 ,
          0.        ,  0.10897696],
        [ 0.32927305,  0.48753436,  0.29420814, ..., -0.00192331,
         -0.10897696,  0.        ]],

       [[ 0.        ,  0.04463449,  0.06955431, ...,  0.89605164,
          0.86986041,  0.66207584],
        [-0.04463449,  0.        ,  0.0249586 , ...,  0.9149741 ,
          0.8910116 ,  0.69486673],
        [-0.06955431, -0.0249586 ,  0.        , ...,  0.92476018,
          0.90206475,  0.71259896],
        ...,
        [-0.89605164, -0.9149741 , -0.92476018, ...,  0.        ,
          0.05584605,  0.37760565],
        [-0.86986041, -0.8910116 , -0.90206475, ..., -0.05584605,
          0.        ,  0.32530479],
        [-0.66207584, -0.69486673, -0.71259896, ..., -0.37760565,
         -0.32530479,  0.        ]],

       [[ 0.        , -0.00399009, -0.00273521, ...,  0.73226336,
          0.68956779,  0.54235943],
        [ 0.00399009,  0.        ,  0.00125489, ...,  0.72954019,
          0.68667259,  0.53900285],
        [ 0.00273521, -0.00125489,  0.        , ...,  0.73039788,
          0.68758432,  0.54005942],
        ...,
        [-0.73226336, -0.72954019, -0.73039788, ...,  0.        ,
          0.06071007,  0.24585008],
        [-0.68956779, -0.68667259, -0.68758432, ..., -0.06071007,
          0.        ,  0.18654984],
        [-0.54235943, -0.53900285, -0.54005942, ..., -0.24585008,
         -0.18654984,  0.        ]]]), 'num': array([7.06608649e-01, 7.06608649e-01, 0.00000000e+00, 1.35771329e-02,
       1.37265668e-02, 1.34775104e-02, 1.57243551e-03, 3.55794889e-05,
       1.33665024e-02, 1.31419958e-02, 1.24077537e-02, 4.43862930e-07,
       1.37779879e-02, 1.25060037e-02])}
{'img': array([[[ 0.00000000e+00, -5.05083368e-02, -2.10416013e-01, ...,
          8.89546819e-01,  9.86308601e-01,  9.92667450e-01],
        [ 5.05083368e-02,  0.00000000e+00, -1.60769893e-01, ...,
          9.11485868e-01,  9.93379051e-01,  9.97505763e-01],
        [ 2.10416013e-01,  1.60769893e-01,  0.00000000e+00, ...,
          9.65758886e-01,  9.98926790e-01,  9.95878079e-01],
        ...,
        [-8.89546819e-01, -9.11485868e-01, -9.65758886e-01, ...,
          0.00000000e+00,  3.03893925e-01,  3.45968128e-01],
        [-9.86308601e-01, -9.93379051e-01, -9.98926790e-01, ...,
         -3.03893925e-01,  0.00000000e+00,  4.44785277e-02],
        [-9.92667450e-01, -9.97505763e-01, -9.95878079e-01, ...,
         -3.45968128e-01, -4.44785277e-02,  0.00000000e+00]],

       [[ 0.00000000e+00, -2.45637309e-02, -5.45330860e-04, ...,
         -1.18520427e-01, -1.58780781e-01,  6.75021227e-02],
        [ 2.45637309e-02,  0.00000000e+00,  2.40185609e-02, ...,
         -9.40940688e-02, -1.34480759e-01,  9.19894592e-02],
        [ 5.45330860e-04, -2.40185609e-02,  0.00000000e+00, ...,
         -1.17978922e-01, -1.58242345e-01,  6.80461997e-02],
        ...,
        [ 1.18520427e-01,  9.40940688e-02,  1.17978922e-01, ...,
          0.00000000e+00, -4.06447725e-02,  1.85276439e-01],
        [ 1.58780781e-01,  1.34480759e-01,  1.58242345e-01, ...,
          4.06447725e-02,  0.00000000e+00,  2.25064404e-01],
        [-6.75021227e-02, -9.19894592e-02, -6.80461997e-02, ...,
         -1.85276439e-01, -2.25064404e-01,  0.00000000e+00]],

       [[ 0.00000000e+00,  1.23011098e-01,  1.86882465e-01, ...,
          9.95396389e-01,  9.70529876e-01,  9.17989447e-01],
        [-1.23011098e-01,  0.00000000e+00,  6.46192250e-02, ...,
          9.99626495e-01,  9.92802304e-01,  9.59804381e-01],
        [-1.86882465e-01, -6.46192250e-02,  0.00000000e+00, ...,
          9.95771294e-01,  9.98466444e-01,  9.75935050e-01],
        ...,
        [-9.95396389e-01, -9.99626495e-01, -9.95771294e-01, ...,
          0.00000000e+00,  1.46852205e-01,  3.06795428e-01],
        [-9.70529876e-01, -9.92802304e-01, -9.98466444e-01, ...,
         -1.46852205e-01,  0.00000000e+00,  1.63698961e-01],
        [-9.17989447e-01, -9.59804381e-01, -9.75935050e-01, ...,
         -3.06795428e-01, -1.63698961e-01,  0.00000000e+00]],

       ...,

       [[ 0.00000000e+00, -2.09082506e-01, -5.69924213e-01, ...,
         -5.79778935e-01, -4.87534357e-01, -3.77244619e-01],
        [ 2.09082506e-01,  0.00000000e+00, -3.85525228e-01, ...,
         -3.96609710e-01, -2.94208144e-01, -1.75272597e-01],
        [ 5.69924213e-01,  3.85525228e-01,  0.00000000e+00, ...,
         -1.20434322e-02,  9.69973510e-02,  2.17833724e-01],
        ...,
        [ 5.79778935e-01,  3.96609710e-01,  1.20434322e-02, ...,
          0.00000000e+00,  1.08976959e-01,  2.29572146e-01],
        [ 4.87534357e-01,  2.94208144e-01, -9.69973510e-02, ...,
         -1.08976959e-01,  0.00000000e+00,  1.22138513e-01],
        [ 3.77244619e-01,  1.75272597e-01, -2.17833724e-01, ...,
         -2.29572146e-01, -1.22138513e-01,  0.00000000e+00]],

       [[ 0.00000000e+00,  2.45448019e-02, -1.02521061e-01, ...,
          9.42096299e-01,  8.88733037e-01,  6.86556679e-01],
        [-2.45448019e-02,  0.00000000e+00, -1.26905645e-01, ...,
          9.50043388e-01,  8.99717243e-01,  7.04195785e-01],
        [ 1.02521061e-01,  1.26905645e-01,  0.00000000e+00, ...,
          9.02752573e-01,  8.37051926e-01,  6.08398466e-01],
        ...,
        [-9.42096299e-01, -9.50043388e-01, -9.02752573e-01, ...,
          0.00000000e+00,  1.33850686e-01,  4.54744274e-01],
        [-8.88733037e-01, -8.99717243e-01, -8.37051926e-01, ...,
         -1.33850686e-01,  0.00000000e+00,  3.31441889e-01],
        [-6.86556679e-01, -7.04195785e-01, -6.08398466e-01, ...,
         -4.54744274e-01, -3.31441889e-01,  0.00000000e+00]],

       [[ 0.00000000e+00,  1.24849555e-03,  6.74770244e-02, ...,
          7.26058863e-01,  6.28540225e-01,  4.36329356e-01],
        [-1.24849555e-03,  0.00000000e+00,  6.62313218e-02, ...,
          7.26916803e-01,  6.29510786e-01,  4.37452396e-01],
        [-6.74770244e-02, -6.62313218e-02,  0.00000000e+00, ...,
          7.70803449e-01,  6.79589757e-01,  4.96049838e-01],
        ...,
        [-7.26058863e-01, -7.26916803e-01, -7.70803449e-01, ...,
          0.00000000e+00,  1.32507223e-01,  3.53264076e-01],
        [-6.28540225e-01, -6.29510786e-01, -6.79589757e-01, ...,
         -1.32507223e-01,  0.00000000e+00,  2.26185368e-01],
        [-4.36329356e-01, -4.37452396e-01, -4.96049838e-01, ...,
         -3.53264076e-01, -2.26185368e-01,  0.00000000e+00]]]), 'num': array([7.06595726e-01, 7.06595726e-01, 0.00000000e+00, 1.40180622e-02,
       1.40180622e-02, 1.36338108e-02, 1.91184310e-03, 4.41177593e-04,
       1.35413058e-02, 1.32025953e-02, 1.24452404e-02, 5.12465834e-07,
       1.39237480e-02, 1.24814425e-02])}
{'img': array([[[ 0.        , -0.15358435, -0.08917057, ...,  0.96463395,
          0.9726958 ,  0.85574283],
        [ 0.15358435,  0.        ,  0.06485992, ...,  0.99367287,
          0.99679973,  0.76612515],
        [ 0.08917057, -0.06485992,  0.        , ...,  0.98429595,
          0.98951598,  0.8061969 ],
        ...,
        [-0.96463395, -0.99367287, -0.98429595, ...,  0.        ,
          0.03252004,  0.72467089],
        [-0.9726958 , -0.99679973, -0.98951598, ..., -0.03252004,
          0.        ,  0.7018782 ],
        [-0.85574283, -0.76612515, -0.8061969 , ..., -0.72467089,
         -0.7018782 ,  0.        ]],

       [[ 0.        ,  0.02401856, -0.33669568, ..., -0.13448076,
          0.09198946,  0.30238035],
        [-0.02401856,  0.        , -0.35921475, ..., -0.15824234,
          0.0680462 ,  0.27939892],
        [ 0.33669568,  0.35921475,  0.        , ...,  0.2070083 ,
          0.4218866 ,  0.60565948],
        ...,
        [ 0.13448076,  0.15824234, -0.2070083 , ...,  0.        ,
          0.2250644 ,  0.42781894],
        [-0.09198946, -0.0680462 , -0.4218866 , ..., -0.2250644 ,
          0.        ,  0.21341506],
        [-0.30238035, -0.27939892, -0.60565948, ..., -0.42781894,
         -0.21341506,  0.        ]],

       [[ 0.        ,  0.06307267,  0.08154393, ...,  0.99989466,
          0.99049674,  0.77703576],
        [-0.06307267,  0.        ,  0.01851895, ...,  0.99881926,
          0.99719938,  0.81519013],
        [-0.08154393, -0.01851895,  0.        , ...,  0.99774831,
          0.99841338,  0.82577638],
        ...,
        [-0.99989466, -0.99881926, -0.99774831, ...,  0.        ,
          0.12314537,  0.61811205],
        [-0.99049674, -0.99719938, -0.99841338, ..., -0.12314537,
          0.        ,  0.51660403],
        [-0.77703576, -0.81519013, -0.82577638, ..., -0.61811205,
         -0.51660403,  0.        ]],

       ...,

       [[ 0.        , -0.38552523, -0.39874691, ..., -0.29420814,
         -0.1752726 ,  0.23454427],
        [ 0.38552523,  0.        , -0.01437254, ...,  0.09699735,
          0.21783372,  0.59118453],
        [ 0.39874691,  0.01437254,  0.        , ...,  0.1112921 ,
          0.23183862,  0.60271544],
        ...,
