state_0,state_1,state_2,state_3,state_4,state_5,state_6,state_7,state_8,state_9,state_10,state_11,state_12,state_13,state_14,state_15,state_16,state_17,state_18,state_19,state_20,state_21,state_22,state_23,state_24,state_25,state_26,state_27,state_28,state_29,state_30,state_31,state_32,state_33,state_34,state_35,state_36,state_37,state_38,state_39,state_40,state_41,state_42,state_43,state_44,state_45,state_46,state_47,state_48,state_49,state_50,state_51,state_52,state_53,state_54,state_55,state_56,state_57,state_58,state_59,state_60,state_61,state_62,state_63,state_64,state_65,state_66,state_67,state_68,state_69,state_70,state_71,state_72,state_73,state_74,state_75,state_76,state_77,state_78,state_79,state_80,state_81,state_82,state_83,state_84,state_85,state_86,state_87,state_88,state_89,state_90,state_91,state_92,state_93,state_94,state_95,state_96,state_97,state_98,state_99,state_100,state_101,state_102,state_103,state_104,state_105,state_106,state_107,state_108,state_109,state_110,state_111,state_112,state_113,state_114,state_115,state_116,state_117,state_118,state_119,state_120,state_121,state_122,state_123,state_124,state_125,state_126,state_127,state_128,state_129,state_130,state_131,state_132,state_133,state_134,state_135,state_136,state_137,state_138,state_139,state_140,state_141,state_142,state_143,state_144,state_145,state_146,state_147,state_148,state_149,state_150,state_151,state_152,state_153,state_154,state_155,state_156,state_157,state_158,state_159,state_160,state_161,state_162,state_163,state_164,state_165,state_166,state_167,state_168,state_169,state_170,state_171,state_172,state_173,state_174,state_175,state_176,state_177,state_178,state_179,state_180,state_181,state_182,state_183,state_184,state_185,state_186,state_187,state_188,state_189,state_190,state_191,state_192,state_193,state_194,state_195,state_196,state_197,state_198,state_199,state_200,state_201,state_202,state_203,state_204,state_205,state_206,state_207,state_208,state_209,state_210,state_211,state_212,state_213,state_214,state_215,state_216,state_217,state_218,state_219,state_220,state_221,state_222,state_223,state_224,state_225,state_226,state_227,state_228,state_229,state_230,state_231,state_232,state_233,state_234,state_235,state_236,state_237,state_238,state_239,state_240,state_241,state_242,state_243,state_244,state_245,state_246,state_247,state_248,state_249,state_250,state_251,state_252,state_253,state_254,state_255,state_256,state_257,state_258,state_259,state_260,state_261,state_262,state_263,state_264,state_265,state_266,state_267,state_268,state_269,state_270,state_271,state_272,state_273,state_274,state_275,state_276,state_277,state_278,state_279,state_280,state_281,state_282,state_283,state_284,state_285,state_286,state_287
{'img': array([[[ 0.        , -0.57834897, -0.5108849 , ..., -0.8660254 ,
         -0.70367063, -0.72928455],
        [ 0.57834897,  0.        ,  0.08040266, ..., -0.99566889,
         -0.98497926, -0.99065511],
        [ 0.5108849 , -0.08040266,  0.        , ..., -0.99992043,
         -0.96790701, -0.97648165],
        ...,
        [ 0.8660254 ,  0.99566889,  0.99992043, ...,  0.        ,
         -0.26349852, -0.22790142],
        [ 0.70367063,  0.98497926,  0.96790701, ...,  0.26349852,
          0.        ,  0.03671701],
        [ 0.72928455,  0.99065511,  0.97648165, ...,  0.22790142,
         -0.03671701,  0.        ]],

       [[ 0.        , -0.51411345, -0.74259905, ..., -0.92063452,
         -0.80077185, -0.96718817],
        [ 0.51411345,  0.        , -0.29262327, ..., -0.58892565,
         -0.37890152, -0.69896254],
        [ 0.74259905,  0.29262327,  0.        , ..., -0.3266527 ,
         -0.09151177, -0.45909546],
        ...,
        [ 0.92063452,  0.58892565,  0.3266527 , ...,  0.        ,
          0.23879023, -0.14371753],
        [ 0.80077185,  0.37890152,  0.09151177, ..., -0.23879023,
          0.        , -0.37587123],
        [ 0.96718817,  0.69896254,  0.45909546, ...,  0.14371753,
          0.37587123,  0.        ]],

       [[ 0.        , -0.5807303 , -0.63411592, ..., -0.6162657 ,
         -0.5383887 , -0.48711086],
        [ 0.5807303 ,  0.        , -0.06718851, ..., -0.95904681,
         -0.92767956, -0.90373009],
        [ 0.63411592,  0.06718851,  0.        , ..., -0.97591064,
         -0.95066995, -0.93045152],
        ...,
        [ 0.6162657 ,  0.95904681,  0.97591064, ...,  0.        ,
         -0.09532331, -0.15459111],
        [ 0.5383887 ,  0.92767956,  0.95066995, ...,  0.09532331,
          0.        , -0.05970978],
        [ 0.48711086,  0.90373009,  0.93045152, ...,  0.15459111,
          0.05970978,  0.        ]],

       ...,

       [[ 0.        , -0.18307371, -0.17536576, ..., -0.99801796,
         -0.98583023, -0.99810256],
        [ 0.18307371,  0.        ,  0.00783474, ..., -0.96962987,
         -0.9998788 , -0.99250627],
        [ 0.17536576, -0.00783474,  0.        , ..., -0.97151631,
         -0.99997009, -0.99343317],
        ...,
        [ 0.99801796,  0.96962987,  0.97151631, ...,  0.        ,
         -0.22945164, -0.12426156],
        [ 0.98583023,  0.9998788 ,  0.99997009, ...,  0.22945164,
          0.        ,  0.10672701],
        [ 0.99810256,  0.99250627,  0.99343317, ...,  0.12426156,
         -0.10672701,  0.        ]],

       [[ 0.        ,  0.11042668,  0.23204684, ..., -0.66330225,
         -0.54032717, -0.36980039],
        [-0.11042668,  0.        ,  0.12321516, ..., -0.5766077 ,
         -0.44410359, -0.26494013],
        [-0.23204684, -0.12321516,  0.        , ..., -0.47154454,
         -0.33032175, -0.14410922],
        ...,
        [ 0.66330225,  0.5766077 ,  0.47154454, ...,  0.        ,
         -0.1537843 , -0.33954085],
        [ 0.54032717,  0.44410359,  0.33032175, ...,  0.1537843 ,
          0.        , -0.19085365],
        [ 0.36980039,  0.26494013,  0.14410922, ...,  0.33954085,
          0.19085365,  0.        ]],

       [[ 0.        ,  0.56522104,  0.76300568, ...,  0.76802628,
          0.79478175,  0.82211441],
        [-0.56522104,  0.        ,  0.26407929, ...,  0.99555313,
          0.99867688,  0.9999876 ],
        [-0.76300568, -0.26407929,  0.        , ...,  0.98508869,
          0.97680499,  0.96580416],
        ...,
        [-0.76802628, -0.99555313, -0.98508869, ...,  0.        ,
         -0.04288121, -0.08924263],
        [-0.79478175, -0.99867688, -0.97680499, ...,  0.04288121,
          0.        , -0.04645043],
        [-0.82211441, -0.9999876 , -0.96580416, ...,  0.08924263,
          0.04645043,  0.        ]]]), 'num': array([7.09120499e-01, 7.05073677e-01, 6.59091592e-07, 2.02341119e-04,
       2.05307031e-04, 1.99375207e-04, 4.34450109e-03, 3.29545796e-07,
       2.05043394e-04, 2.14287154e-04, 2.22168791e-04, 9.48333226e-07,
       2.31571038e-04, 1.97003270e-04])}
{'img': array([[[ 0.        ,  0.09427117,  0.5161433 , ..., -0.97164081,
         -0.97976477, -0.9821187 ],
        [-0.09427117,  0.        ,  0.43310122, ..., -0.94502214,
         -0.95653283, -0.95999715],
        [-0.5161433 , -0.43310122,  0.        , ..., -0.71016441,
         -0.73586337, -0.74401633],
        ...,
        [ 0.97164081,  0.94502214,  0.71016441, ...,  0.        ,
          0.03720055,  0.04930972],
        [ 0.97976477,  0.95653283,  0.73586337, ..., -0.03720055,
          0.        ,  0.01212028],
        [ 0.9821187 ,  0.95999715,  0.74401633, ..., -0.04930972,
         -0.01212028,  0.        ]],

       [[ 0.        , -0.29262327, -0.09299995, ..., -0.37890152,
         -0.69896254, -0.59714109],
        [ 0.29262327,  0.        ,  0.20242593, ..., -0.09151177,
         -0.45909546, -0.3362792 ],
        [ 0.09299995, -0.20242593,  0.        , ..., -0.29119381,
         -0.62942363, -0.51995452],
        ...,
        [ 0.37890152,  0.09151177,  0.29119381, ...,  0.        ,
         -0.37587123, -0.24868583],
        [ 0.69896254,  0.45909546,  0.62942363, ...,  0.37587123,
          0.        ,  0.13361277],
        [ 0.59714109,  0.3362792 ,  0.51995452, ...,  0.24868583,
         -0.13361277,  0.        ]],

       [[ 0.        , -0.14049806,  0.01861664, ..., -0.74651938,
         -0.70354139, -0.70663717],
        [ 0.14049806,  0.        ,  0.15890569, ..., -0.83259692,
         -0.79640848, -0.79904107],
        [-0.01861664, -0.15890569,  0.        , ..., -0.73400317,
         -0.69018947, -0.69334202],
        ...,
        [ 0.74651938,  0.83259692,  0.73400317, ...,  0.        ,
         -0.06240631, -0.05804855],
        [ 0.70354139,  0.79640848,  0.69018947, ...,  0.06240631,
          0.        ,  0.00436568],
        [ 0.70663717,  0.79904107,  0.69334202, ...,  0.05804855,
         -0.00436568,  0.        ]],

       ...,

       [[ 0.        ,  0.00783474,  0.09175303, ..., -0.9998788 ,
         -0.99250627, -0.98452024],
        [-0.00783474,  0.        ,  0.08394852, ..., -0.99997009,
         -0.99343317, -0.98586323],
        [-0.09175303, -0.08394852,  0.        , ..., -0.99708957,
         -0.99953132, -0.99644897],
        ...,
        [ 0.9998788 ,  0.99997009,  0.99708957, ...,  0.        ,
          0.10672701,  0.15992212],
        [ 0.99250627,  0.99343317,  0.99953132, ..., -0.10672701,
          0.        ,  0.05365531],
        [ 0.98452024,  0.98586323,  0.99644897, ..., -0.15992212,
         -0.05365531,  0.        ]],

       [[ 0.        ,  0.12297803,  0.26444241, ..., -0.47588378,
         -0.38145052, -0.26444241],
        [-0.12297803,  0.        ,  0.14383494, ..., -0.36411135,
         -0.26487552, -0.14383494],
        [-0.26444241, -0.14383494,  0.        , ..., -0.22636376,
         -0.12342373, -0.        ],
        ...,
        [ 0.47588378,  0.36411135,  0.22636376, ...,  0.        ,
         -0.104413  , -0.22636376],
        [ 0.38145052,  0.26487552,  0.12342373, ...,  0.104413  ,
          0.        , -0.12342373],
        [ 0.26444241,  0.14383494,  0.        , ...,  0.22636376,
          0.12342373,  0.        ]],

       [[ 0.        ,  0.59418991,  0.81199532, ...,  0.82220872,
          0.84923889,  0.87252274],
        [-0.59418991,  0.        ,  0.30630073, ...,  0.99952749,
          0.99680139,  0.99209711],
        [-0.81199532, -0.30630073,  0.        , ...,  0.94207004,
          0.9244108 ,  0.90597946],
        ...,
        [-0.82220872, -0.99952749, -0.94207004, ...,  0.        ,
         -0.04924154, -0.09491844],
        [-0.84923889, -0.99680139, -0.9244108 , ...,  0.04924154,
          0.        , -0.04578407],
        [-0.87252274, -0.99209711, -0.90597946, ...,  0.09491844,
          0.04578407,  0.        ]]]), 'num': array([7.07103224e-01, 7.07103224e-01, 0.00000000e+00, 1.36765733e-04,
       1.37652383e-04, 1.32110822e-04, 3.14716350e-03, 6.64987358e-07,
       1.36898731e-04, 1.43404524e-04, 1.48820476e-04, 6.71231370e-07,
       1.54951818e-04, 1.31857229e-04])}
{'img': array([[[ 0.        ,  0.43310122, -0.27298732, ..., -0.95653283,
         -0.95999715, -0.96935547],
        [-0.43310122,  0.        , -0.66270684, ..., -0.73586337,
         -0.74401633, -0.76732734],
        [ 0.27298732,  0.66270684,  0.        , ..., -0.99981128,
         -0.9999733 , -0.99959975],
        ...,
        [ 0.95653283,  0.73586337,  0.99981128, ...,  0.        ,
          0.01212028,  0.04770388],
        [ 0.95999715,  0.74401633,  0.9999733 , ..., -0.01212028,
          0.        ,  0.0355939 ],
        [ 0.96935547,  0.76732734,  0.99959975, ..., -0.04770388,
         -0.0355939 ,  0.        ]],

       [[ 0.        ,  0.20242593,  0.08064817, ..., -0.45909546,
         -0.3362792 , -0.29876701],
        [-0.20242593,  0.        , -0.122788  , ..., -0.62942363,
         -0.51995452, -0.48576215],
        [-0.08064817,  0.122788  ,  0.        , ..., -0.5292468 ,
         -0.41113522, -0.37475847],
        ...,
        [ 0.45909546,  0.62942363,  0.5292468 , ...,  0.        ,
          0.13361277,  0.17270607],
        [ 0.3362792 ,  0.51995452,  0.41113522, ..., -0.13361277,
          0.        ,  0.03955249],
        [ 0.29876701,  0.48576215,  0.37475847, ..., -0.17270607,
         -0.03955249,  0.        ]],

       [[ 0.        ,  0.15890569,  0.38091036, ..., -0.79640848,
         -0.79904107, -0.72781246],
        [-0.15890569,  0.        ,  0.22914431, ..., -0.69018947,
         -0.69334202, -0.60959096],
        [-0.38091036, -0.22914431,  0.        , ..., -0.50600982,
         -0.50977052, -0.41172486],
        ...,
        [ 0.79640848,  0.69018947,  0.50600982, ...,  0.        ,
          0.00436568, -0.1060068 ],
        [ 0.79904107,  0.69334202,  0.50977052, ..., -0.00436568,
          0.        , -0.11034687],
        [ 0.72781246,  0.60959096,  0.41172486, ...,  0.1060068 ,
          0.11034687,  0.        ]],

       ...,

       [[ 0.        ,  0.08394852, -0.09568582, ..., -0.99343317,
         -0.98586323, -0.97417421],
        [-0.08394852,  0.        , -0.17891138, ..., -0.99953132,
         -0.99644897, -0.98969085],
        [ 0.09568582,  0.17891138,  0.        , ..., -0.9779271 ,
         -0.96530733, -0.94809865],
        ...,
        [ 0.99343317,  0.99953132,  0.9779271 , ...,  0.        ,
          0.05365531,  0.11285588],
        [ 0.98586323,  0.99644897,  0.96530733, ..., -0.05365531,
          0.        ,  0.05938079],
        [ 0.97417421,  0.98969085,  0.94809865, ..., -0.11285588,
         -0.05938079,  0.        ]],

       [[ 0.        ,  0.14290631, -0.15385986, ..., -0.39187172,
         -0.36289904, -0.14290631],
        [-0.14290631,  0.        , -0.29348535, ..., -0.256373  ,
         -0.22601016, -0.        ],
        [ 0.15385986,  0.29348535,  0.        , ..., -0.52875971,
         -0.50194888, -0.29348535],
        ...,
        [ 0.39187172,  0.256373  ,  0.52875971, ...,  0.        ,
         -0.0312829 , -0.256373  ],
        [ 0.36289904,  0.22601016,  0.50194888, ...,  0.0312829 ,
          0.        , -0.22601016],
        [ 0.14290631,  0.        ,  0.29348535, ...,  0.256373  ,
          0.22601016,  0.        ]],

       [[ 0.        ,  0.65525362,  0.88813851, ...,  0.87899968,
          0.90134089,  0.9136647 ],
        [-0.65525362,  0.        ,  0.36976904, ...,  0.97644381,
          0.96467812,  0.9565306 ],
        [-0.88813851, -0.36976904,  0.        , ...,  0.82745134,
          0.79889653,  0.78089877],
        ...,
        [-0.87899968, -0.97644381, -0.82745134, ...,  0.        ,
         -0.04907561, -0.07836988],
        [-0.90134089, -0.96467812, -0.79889653, ...,  0.04907561,
          0.        , -0.02935078],
        [-0.9136647 , -0.9565306 , -0.78089877, ...,  0.07836988,
          0.02935078,  0.        ]]]), 'num': array([7.07098683e-01, 7.07098683e-01, 0.00000000e+00, 1.40754753e-04,
       1.42306381e-04, 1.35878211e-04, 4.76917004e-03, 3.98989852e-06,
       1.36942184e-04, 1.42794035e-04, 1.48250591e-04, 9.38980748e-07,
       1.53519864e-04, 1.32068206e-04])}
{'img': array([[[ 0.        , -0.66270684, -0.71894471, ..., -0.74401633,
         -0.76732734, -0.87736661],
        [ 0.66270684,  0.        , -0.07777671, ..., -0.9999733 ,
         -0.99959975, -0.97502177],
        [ 0.71894471,  0.07777671,  0.        , ..., -0.99751252,
         -0.99437144, -0.95479331],
        ...,
        [ 0.74401633,  0.9999733 ,  0.99751252, ...,  0.        ,
          0.0355939 ,  0.22922815],
        [ 0.76732734,  0.99959975,  0.99437144, ..., -0.0355939 ,
          0.        ,  0.19443677],
        [ 0.87736661,  0.97502177,  0.95479331, ..., -0.22922815,
         -0.19443677,  0.        ]],

       [[ 0.        , -0.122788  , -0.20520365, ..., -0.51995452,
         -0.48576215, -0.33007781],
        [ 0.122788  ,  0.        , -0.08347587, ..., -0.41113522,
         -0.37475847, -0.2116739 ],
        [ 0.20520365,  0.08347587,  0.        , ..., -0.33360581,
         -0.29605813, -0.12935078],
        ...,
        [ 0.51995452,  0.41113522,  0.33360581, ...,  0.        ,
          0.03955249,  0.20886254],
        [ 0.48576215,  0.37475847,  0.29605813, ..., -0.03955249,
          0.        ,  0.17001894],
        [ 0.33007781,  0.2116739 ,  0.12935078, ..., -0.20886254,
         -0.17001894,  0.        ]],

       [[ 0.        ,  0.22914431, -0.18662884, ..., -0.69334202,
         -0.60959096, -0.61382616],
        [-0.22914431,  0.        , -0.40678147, ..., -0.50977052,
         -0.41172486, -0.41659779],
        [ 0.18662884,  0.40678147,  0.        , ..., -0.8156467 ,
         -0.74682444, -0.75037404],
        ...,
        [ 0.69334202,  0.50977052,  0.8156467 , ...,  0.        ,
         -0.11034687, -0.10502432],
        [ 0.60959096,  0.41172486,  0.74682444, ...,  0.11034687,
          0.        ,  0.00535366],
        [ 0.61382616,  0.41659779,  0.75037404, ...,  0.10502432,
         -0.00535366,  0.        ]],

       ...,

       [[ 0.        , -0.17891138, -0.46927005, ..., -0.99644897,
         -0.98969085, -0.83887143],
        [ 0.17891138,  0.        , -0.30370992, ..., -0.96530733,
         -0.94809865, -0.72794963],
        [ 0.46927005,  0.30370992,  0.        , ..., -0.84040696,
         -0.80674221, -0.48533178],
        ...,
        [ 0.99644897,  0.96530733,  0.84040696, ...,  0.        ,
          0.05938079,  0.47176467],
        [ 0.98969085,  0.94809865,  0.80674221, ..., -0.05938079,
          0.        ,  0.4185747 ],
        [ 0.83887143,  0.72794963,  0.48533178, ..., -0.47176467,
         -0.4185747 ,  0.        ]],

       [[ 0.        , -0.29026026, -0.28445524, ..., -0.3675465 ,
         -0.29563195, -0.        ],
        [ 0.29026026,  0.        ,  0.00606062, ..., -0.62166633,
         -0.56019051, -0.29026026],
        [ 0.28445524, -0.00606062,  0.        , ..., -0.61690774,
         -0.55515982, -0.28445524],
        ...,
        [ 0.3675465 ,  0.62166633,  0.61690774, ...,  0.        ,
         -0.07617865, -0.3675465 ],
        [ 0.29563195,  0.56019051,  0.55515982, ...,  0.07617865,
          0.        , -0.29563195],
        [ 0.        ,  0.29026026,  0.28445524, ...,  0.3675465 ,
          0.29563195,  0.        ]],

       [[ 0.        ,  0.74866649,  0.86739581, ...,  0.93519907,
          0.94613628,  0.94271002],
        [-0.74866649,  0.        ,  0.20248674, ...,  0.88510685,
          0.86963278,  0.87473168],
        [-0.86739581, -0.20248674,  0.        , ...,  0.772537  ,
          0.75165082,  0.75848502],
        ...,
        [-0.93519907, -0.88510685, -0.772537  , ...,  0.        ,
         -0.03225994, -0.02183996],
        [-0.94613628, -0.86963278, -0.75165082, ...,  0.03225994,
          0.        ,  0.01042366],
        [-0.94271002, -0.87473168, -0.75848502, ...,  0.02183996,
         -0.01042366,  0.        ]]]), 'num': array([ 7.07103856e-01,  7.07103856e-01,  0.00000000e+00,  1.37209181e-04,
        1.39425807e-04,  1.36100868e-04,  2.84874189e-03, -3.54660241e-06,
        1.37342178e-04,  1.42107925e-04,  1.47582993e-04,  7.72902664e-07,
        1.52407871e-04,  1.31807980e-04])}
{'img': array([[[ 0.        , -0.34538376, -0.44114489, ..., -0.80759055,
         -0.91425989, -0.8221778 ],
        [ 0.34538376,  0.        , -0.10403772, ..., -0.96158053,
         -0.99792244, -0.9681853 ],
        [ 0.44114489,  0.10403772,  0.        , ..., -0.98492312,
         -0.99920988, -0.98896511],
        ...,
        [ 0.80759055,  0.96158053,  0.98492312, ...,  0.        ,
          0.2120012 ,  0.0251687 ],
        [ 0.91425989,  0.99792244,  0.99920988, ..., -0.2120012 ,
          0.        , -0.18733744],
        [ 0.8221778 ,  0.9681853 ,  0.98896511, ..., -0.0251687 ,
          0.18733744,  0.        ]],

       [[ 0.        , -0.08347587, -0.01140825, ..., -0.37475847,
         -0.2116739 , -0.42543368],
        [ 0.08347587,  0.        ,  0.072102  , ..., -0.29605813,
         -0.12935078, -0.34840404],
        [ 0.01140825, -0.072102  ,  0.        , ..., -0.36415723,
         -0.20051038, -0.41508165],
        ...,
        [ 0.37475847,  0.29605813,  0.36415723, ...,  0.        ,
          0.17001894, -0.05527661],
        [ 0.2116739 ,  0.12935078,  0.20051038, ..., -0.17001894,
          0.        , -0.22423082],
        [ 0.42543368,  0.34840404,  0.41508165, ...,  0.05527661,
          0.22423082,  0.        ]],

       [[ 0.        , -0.40678147, -0.50221118, ..., -0.41172486,
         -0.41659779, -0.45764451],
        [ 0.40678147,  0.        , -0.10702047, ..., -0.74682444,
         -0.75037404, -0.77975367],
        [ 0.50221118,  0.10702047,  0.        , ..., -0.81370618,
         -0.81680648, -0.84227947],
        ...,
        [ 0.41172486,  0.74682444,  0.81370618, ...,  0.        ,
          0.00535366,  0.05097611],
        [ 0.41659779,  0.75037404,  0.81680648, ..., -0.00535366,
          0.        ,  0.04562868],
        [ 0.45764451,  0.77975367,  0.84227947, ..., -0.05097611,
         -0.04562868,  0.        ]],

       ...,

       [[ 0.        , -0.30370992, -0.51146906, ..., -0.94809865,
         -0.72794963, -0.88020899],
        [ 0.30370992,  0.        , -0.22633113, ..., -0.80674221,
         -0.48533178, -0.69449536],
        [ 0.51146906,  0.22633113,  0.        , ..., -0.65206773,
         -0.27484951, -0.51362888],
        ...,
        [ 0.94809865,  0.80674221,  0.65206773, ...,  0.        ,
          0.4185747 ,  0.17006898],
        [ 0.72794963,  0.48533178,  0.27484951, ..., -0.4185747 ,
          0.        , -0.25802332],
        [ 0.88020899,  0.69449536,  0.51362888, ..., -0.17006898,
          0.25802332,  0.        ]],

       [[ 0.        ,  0.05908924, -0.2628568 , ..., -0.44497456,
         -0.31839174, -0.05908924],
        [-0.05908924,  0.        , -0.31940887, ..., -0.39128009,
         -0.26182122, -0.        ],
        [ 0.2628568 ,  0.31940887,  0.        , ..., -0.66472659,
         -0.55637297, -0.31940887],
        ...,
        [ 0.44497456,  0.39128009,  0.66472659, ...,  0.        ,
         -0.13668418, -0.39128009],
        [ 0.31839174,  0.26182122,  0.55637297, ...,  0.13668418,
          0.        , -0.26182122],
        [ 0.05908924,  0.        ,  0.31940887, ...,  0.39128009,
          0.26182122,  0.        ]],

       [[ 0.        ,  0.59844667,  0.89549581, ...,  0.98241561,
          0.98009134,  0.98293601],
        [-0.59844667,  0.        ,  0.45108717, ...,  0.89880898,
          0.90403245,  0.89757458],
        [-0.89549581, -0.45108717,  0.        , ...,  0.60443916,
          0.61400733,  0.60219977],
        ...,
        [-0.98241561, -0.89880898, -0.60443916, ...,  0.        ,
          0.01206572, -0.00280801],
        [-0.98009134, -0.90403245, -0.61400733, ..., -0.01206572,
          0.        , -0.01487347],
        [-0.98293601, -0.89757458, -0.60219977, ...,  0.00280801,
          0.01487347,  0.        ]]]), 'num': array([ 7.07104538e-01,  7.07104538e-01,  0.00000000e+00,  1.36765987e-04,
        1.39647605e-04,  1.35657673e-04,  2.48765583e-03, -4.43325729e-07,
        1.37519641e-04,  1.41387658e-04,  1.47010506e-04,  7.93792690e-07,
        1.51045929e-04,  1.31729387e-04])}
{'img': array([[[ 0.00000000e+00, -2.87861810e-01, -2.04646345e-01, ...,
         -9.22396903e-01, -8.31479419e-01, -8.16942183e-01],
        [ 2.87861810e-01,  0.00000000e+00,  8.57854304e-02, ...,
         -9.94538368e-01, -9.56207751e-01, -9.48378160e-01],
        [ 2.04646345e-01, -8.57854304e-02,  0.00000000e+00, ...,
         -9.81918573e-01, -9.27574385e-01, -9.17675955e-01],
        ...,
        [ 9.22396903e-01,  9.94538368e-01,  9.81918573e-01, ...,
          0.00000000e+00, -1.91289297e-01, -2.16425836e-01],
        [ 8.31479419e-01,  9.56207751e-01,  9.27574385e-01, ...,
          1.91289297e-01,  0.00000000e+00, -2.56736906e-02],
        [ 8.16942183e-01,  9.48378160e-01,  9.17675955e-01, ...,
          2.16425836e-01,  2.56736906e-02,  0.00000000e+00]],

       [[ 0.00000000e+00,  7.13355568e-02,  7.70830192e-04, ...,
         -1.27216373e-01, -3.33739305e-01, -4.61581774e-01],
        [-7.13355568e-02,  0.00000000e+00, -7.05666692e-02, ...,
         -1.97648228e-01, -4.00134624e-01, -5.23687442e-01],
        [-7.70830192e-04,  7.05666692e-02,  0.00000000e+00, ...,
         -1.27980902e-01, -3.34465841e-01, -4.62265439e-01],
        ...,
        [ 1.27216373e-01,  1.97648228e-01,  1.27980902e-01, ...,
          0.00000000e+00, -2.11105195e-01, -3.44978070e-01],
        [ 3.33739305e-01,  4.00134624e-01,  3.34465841e-01, ...,
          2.11105195e-01,  0.00000000e+00, -1.39057815e-01],
        [ 4.61581774e-01,  5.23687442e-01,  4.62265439e-01, ...,
          3.44978070e-01,  1.39057815e-01,  0.00000000e+00]],

       [[ 0.00000000e+00, -3.15230723e-01, -4.53850908e-01, ...,
         -4.25448539e-01, -4.67250177e-01, -4.84384615e-01],
        [ 3.15230723e-01,  0.00000000e+00, -1.49816300e-01, ...,
         -6.89035398e-01, -7.22130866e-01, -7.35469520e-01],
        [ 4.53850908e-01,  1.49816300e-01,  0.00000000e+00, ...,
         -7.89834862e-01, -8.17617183e-01, -8.28678105e-01],
        ...,
        [ 4.25448539e-01,  6.89035398e-01,  7.89834862e-01, ...,
          0.00000000e+00,  4.67035376e-02,  6.61538089e-02],
        [ 4.67250177e-01,  7.22130866e-01,  8.17617183e-01, ...,
         -4.67035376e-02,  0.00000000e+00,  1.94803909e-02],
        [ 4.84384615e-01,  7.35469520e-01,  8.28678105e-01, ...,
         -6.61538089e-02, -1.94803909e-02,  0.00000000e+00]],

       ...,

       [[ 0.00000000e+00, -2.26331130e-01, -8.92623046e-01, ...,
         -4.85331782e-01, -6.94495359e-01, -6.69839250e-01],
        [ 2.26331130e-01,  0.00000000e+00, -7.67428911e-01, ...,
         -2.74849514e-01, -5.13628885e-01, -4.84404947e-01],
        [ 8.92623046e-01,  7.67428911e-01,  0.00000000e+00, ...,
          5.61657737e-01,  3.29158597e-01,  3.60811996e-01],
        ...,
        [ 4.85331782e-01,  2.74849514e-01, -5.61657737e-01, ...,
          0.00000000e+00, -2.58023322e-01, -2.25298764e-01],
        [ 6.94495359e-01,  5.13628885e-01, -3.29158597e-01, ...,
          2.58023322e-01,  0.00000000e+00,  3.37196190e-02],
        [ 6.69839250e-01,  4.84404947e-01, -3.60811996e-01, ...,
          2.25298764e-01, -3.37196190e-02,  0.00000000e+00]],

       [[ 0.00000000e+00, -3.16142706e-01, -4.46258824e-01, ...,
         -3.82268480e-01, -2.86079294e-01, -0.00000000e+00],
        [ 3.16142706e-01,  0.00000000e+00, -1.40453591e-01, ...,
         -6.54794639e-01, -5.74336580e-01, -3.16142706e-01],
        [ 4.46258824e-01,  1.40453591e-01,  0.00000000e+00, ...,
         -7.54459617e-01, -6.83621347e-01, -4.46258824e-01],
        ...,
        [ 3.82268480e-01,  6.54794639e-01,  7.54459617e-01, ...,
          0.00000000e+00, -1.01939987e-01, -3.82268480e-01],
        [ 2.86079294e-01,  5.74336580e-01,  6.83621347e-01, ...,
          1.01939987e-01,  0.00000000e+00, -2.86079294e-01],
        [ 0.00000000e+00,  3.16142706e-01,  4.46258824e-01, ...,
          3.82268480e-01,  2.86079294e-01,  0.00000000e+00]],

       [[ 0.00000000e+00,  7.96531651e-01,  9.72808056e-01, ...,
          9.93923655e-01,  9.95585345e-01,  9.96033869e-01],
        [-7.96531651e-01,  0.00000000e+00,  4.03669747e-01, ...,
          6.88598647e-01,  6.76690723e-01,  6.73070242e-01],
        [-9.72808056e-01, -4.03669747e-01,  0.00000000e+00, ...,
          3.37284024e-01,  3.21898699e-01,  3.17249682e-01],
        ...,
        [-9.93923655e-01, -6.88598647e-01, -3.37284024e-01, ...,
          0.00000000e+00, -1.62954027e-02, -2.12008393e-02],
        [-9.95585345e-01, -6.76690723e-01, -3.21898699e-01, ...,
          1.62954027e-02,  0.00000000e+00, -4.90628418e-03],
        [-9.96033869e-01, -6.73070242e-01, -3.17249682e-01, ...,
          2.12008393e-02,  4.90628418e-03,  0.00000000e+00]]]), 'num': array([ 7.07103547e-01,  7.07103547e-01,  0.00000000e+00,  1.34549170e-04,
        1.38760759e-04,  1.34549170e-04,  2.99880619e-03, -2.21662554e-06,
        1.37209121e-04,  1.40611641e-04,  1.46422894e-04,  8.45188155e-07,
        1.49840127e-04,  1.31383155e-04])}
{'img': array([[[ 0.        ,  0.20572603, -0.51535938, ..., -0.93009702,
         -0.92029157, -0.85802175],
        [-0.20572603,  0.        , -0.68063754, ..., -0.83463585,
         -0.82011934, -0.7340047 ],
        [ 0.51535938,  0.68063754,  0.        , ..., -0.9863678 ,
         -0.9902918 , -0.99999793],
        ...,
        [ 0.93009702,  0.83463585,  0.9863678 , ...,  0.        ,
         -0.0258489 , -0.16254689],
        [ 0.92029157,  0.82011934,  0.9902918 , ...,  0.0258489 ,
          0.        , -0.13698745],
        [ 0.85802175,  0.7340047 ,  0.99999793, ...,  0.16254689,
          0.13698745,  0.        ]],

       [[ 0.        , -0.07056667, -0.08363357, ..., -0.40013462,
         -0.52368744, -0.37568009],
        [ 0.07056667,  0.        , -0.01310563, ..., -0.33446584,
         -0.46226544, -0.30934592],
        [ 0.08363357,  0.01310563,  0.        , ..., -0.32208626,
         -0.45060443, -0.29685656],
        ...,
        [ 0.40013462,  0.33446584,  0.32208626, ...,  0.        ,
         -0.13905781,  0.02653012],
        [ 0.52368744,  0.46226544,  0.45060443, ...,  0.13905781,
          0.        ,  0.16528123],
        [ 0.37568009,  0.30934592,  0.29685656, ..., -0.02653012,
         -0.16528123,  0.        ]],

       [[ 0.        , -0.33966366, -0.60597778, ..., -0.4729413 ,
         -0.49025073, -0.45940232],
        [ 0.33966366,  0.        , -0.29975439, ..., -0.7440991 ,
         -0.75714838, -0.73378833],
        [ 0.60597778,  0.29975439,  0.        , ..., -0.91013944,
         -0.91814441, -0.90369269],
        ...,
        [ 0.4729413 ,  0.7440991 ,  0.91013944, ...,  0.        ,
          0.01975008, -0.01530326],
        [ 0.49025073,  0.75714838,  0.91814441, ..., -0.01975008,
          0.        , -0.03504803],
        [ 0.45940232,  0.73378833,  0.90369269, ...,  0.01530326,
          0.03504803,  0.        ]],

       ...,

       [[ 0.        , -0.76742891, -0.78816531, ..., -0.51362888,
         -0.48440495, -0.41147709],
        [ 0.76742891,  0.        , -0.03299506, ...,  0.3291586 ,
          0.360812  ,  0.43563816],
        [ 0.78816531,  0.03299506,  0.        , ...,  0.36013578,
          0.39138801,  0.46510054],
        ...,
        [ 0.51362888, -0.3291586 , -0.36013578, ...,  0.        ,
          0.03371962,  0.11507922],
        [ 0.48440495, -0.360812  , -0.39138801, ..., -0.03371962,
          0.        ,  0.08151818],
        [ 0.41147709, -0.43563816, -0.46510054, ..., -0.11507922,
         -0.08151818,  0.        ]],

       [[ 0.        , -0.32473542, -0.50411288, ..., -0.39039706,
         -0.27042325, -0.        ],
        [ 0.32473542,  0.        , -0.19633866, ..., -0.66820601,
         -0.56840391, -0.32473542],
        [ 0.50411288,  0.19633866,  0.        , ..., -0.80127145,
         -0.71887815, -0.50411288],
        ...,
        [ 0.39039706,  0.66820601,  0.80127145, ...,  0.        ,
         -0.12688723, -0.39039706],
        [ 0.27042325,  0.56840391,  0.71887815, ...,  0.12688723,
          0.        , -0.27042325],
        [ 0.        ,  0.32473542,  0.50411288, ...,  0.39039706,
          0.27042325,  0.        ]],

       [[ 0.        ,  0.84478518,  0.99891868, ...,  0.99158865,
          0.99077475,  0.98674326],
        [-0.84478518,  0.        ,  0.49525158, ...,  0.42126468,
          0.41568467,  0.39091248],
        [-0.99891868, -0.49525158,  0.        , ..., -0.08318883,
         -0.08930978, -0.11623829],
        ...,
        [-0.99158865, -0.42126468,  0.08318883, ...,  0.        ,
         -0.00614382, -0.03321046],
        [-0.99077475, -0.41568467,  0.08930978, ...,  0.00614382,
          0.        , -0.02706941],
        [-0.98674326, -0.39091248,  0.11623829, ...,  0.03321046,
          0.02706941,  0.        ]]]), 'num': array([ 7.07102420e-01,  7.07102420e-01,  0.00000000e+00,  1.32775658e-04,
        1.34548956e-04,  1.31889009e-04,  3.49029301e-03, -1.77329761e-06,
        1.36410918e-04,  1.39791267e-04,  1.45820479e-04,  8.21545220e-07,
        1.48739696e-04,  1.30842838e-04])}
{'img': array([[[ 0.        , -0.68063754, -0.9112902 , ..., -0.82011934,
         -0.7340047 , -0.64437948],
        [ 0.68063754,  0.        , -0.3873672 , ..., -0.9902918 ,
         -0.99999793, -0.99257303],
        [ 0.9112902 ,  0.3873672 ,  0.        , ..., -0.85912963,
         -0.92113485, -0.9622017 ],
        ...,
        [ 0.82011934,  0.9902918 ,  0.85912963, ...,  0.        ,
         -0.13698745, -0.25844097],
        [ 0.7340047 ,  0.99999793,  0.92113485, ...,  0.13698745,
          0.        , -0.12367101],
        [ 0.64437948,  0.99257303,  0.9622017 , ...,  0.25844097,
          0.12367101,  0.        ]],

       [[ 0.        , -0.01310563,  0.16576964, ..., -0.46226544,
         -0.30934592, -0.24521214],
        [ 0.01310563,  0.        ,  0.17867971, ..., -0.45060443,
         -0.29685656, -0.23248557],
        [-0.16576964, -0.17867971,  0.        , ..., -0.6028646 ,
         -0.46270454, -0.40252811],
        ...,
        [ 0.46226544,  0.45060443,  0.6028646 , ...,  0.        ,
          0.16528123,  0.23071241],
        [ 0.30934592,  0.29685656,  0.46270454, ..., -0.16528123,
          0.        ,  0.06671704],
        [ 0.24521214,  0.23248557,  0.40252811, ..., -0.23071241,
         -0.06671704,  0.        ]],

       [[ 0.        , -0.5259909 , -0.71796575, ..., -0.49718063,
         -0.46596354, -0.37027654],
        [ 0.5259909 ,  0.        , -0.24449191, ..., -0.87922171,
         -0.86169623, -0.80352086],
        [ 0.71796575,  0.24449191,  0.        , ..., -0.96901759,
         -0.95960608, -0.92467539],
        ...,
        [ 0.49718063,  0.87922171,  0.96901759, ...,  0.        ,
         -0.03561548, -0.14057246],
        [ 0.46596354,  0.86169623,  0.95960608, ...,  0.03561548,
          0.        , -0.10522144],
        [ 0.37027654,  0.80352086,  0.92467539, ...,  0.14057246,
          0.10522144,  0.        ]],

       ...,

       [[ 0.        , -0.03299506,  0.07296322, ...,  0.360812  ,
          0.43563816,  0.40174712],
        [ 0.03299506,  0.        ,  0.10583061, ...,  0.39138801,
          0.46510054,  0.43174363],
        [-0.07296322, -0.10583061,  0.        , ...,  0.29180199,
          0.36880124,  0.3338602 ],
        ...,
        [-0.360812  , -0.39138801, -0.29180199, ...,  0.        ,
          0.08151818,  0.04427104],
        [-0.43563816, -0.46510054, -0.36880124, ..., -0.08151818,
          0.        , -0.03731456],
        [-0.40174712, -0.43174363, -0.3338602 , ..., -0.04427104,
          0.03731456,  0.        ]],

       [[ 0.        , -0.39889922, -0.6101798 , ..., -0.37254661,
         -0.2598389 , -0.        ],
        [ 0.39889922,  0.        , -0.24349861, ..., -0.71180715,
         -0.62346874, -0.39889922],
        [ 0.6101798 ,  0.24349861,  0.        , ..., -0.86140997,
         -0.79508208, -0.6101798 ],
        ...,
        [ 0.37254661,  0.71180715,  0.86140997, ...,  0.        ,
         -0.11861637, -0.37254661],
        [ 0.2598389 ,  0.62346874,  0.79508208, ...,  0.11861637,
          0.        , -0.2598389 ],
        [ 0.        ,  0.39889922,  0.6101798 , ...,  0.37254661,
          0.2598389 ,  0.        ]],

       [[ 0.        ,  0.59363517,  0.95820619, ...,  0.50784207,
          0.48046646,  0.43620009],
        [-0.59363517,  0.        ,  0.60127515, ..., -0.10270919,
         -0.13397798, -0.18315725],
        [-0.95820619, -0.60127515,  0.        , ..., -0.68016423,
         -0.70290828, -0.7374541 ],
        ...,
        [-0.50784207,  0.10270919,  0.68016423, ...,  0.        ,
         -0.03148623, -0.08121688],
        [-0.48046646,  0.13397798,  0.70290828, ...,  0.03148623,
          0.        , -0.0497944 ],
        [-0.43620009,  0.18315725,  0.7374541 , ...,  0.08121688,
          0.0497944 ,  0.        ]]]), 'num': array([ 7.07094341e-01,  7.07094341e-01,  0.00000000e+00,  1.31000864e-04,
        1.33660780e-04,  1.29227586e-04,  5.91928844e-03, -1.77327734e-06,
        1.34458755e-04,  1.38880865e-04,  1.45179694e-04,  7.68420182e-07,
        1.47517603e-04,  1.30244127e-04])}
{'img': array([[[ 0.        , -0.40305747, -0.64488858, ..., -0.999444  ,
         -0.9874639 , -0.9536281 ],
        [ 0.40305747,  0.        , -0.2821383 , ..., -0.92810461,
         -0.96732255, -0.99405152],
        [ 0.64488858,  0.2821383 ,  0.        , ..., -0.7853536 ,
         -0.85648799, -0.92293901],
        ...,
        [ 0.999444  ,  0.92810461,  0.7853536 , ...,  0.        ,
         -0.12483311, -0.26902413],
        [ 0.9874639 ,  0.96732255,  0.85648799, ...,  0.12483311,
          0.        , -0.14668882],
        [ 0.9536281 ,  0.99405152,  0.92293901, ...,  0.26902413,
          0.14668882,  0.        ]],

       [[ 0.        ,  0.17867971, -0.01154551, ..., -0.29685656,
         -0.23248557, -0.03432231],
        [-0.17867971,  0.        , -0.19002752, ..., -0.46270454,
         -0.40252811, -0.21234441],
        [ 0.01154551,  0.19002752,  0.        , ..., -0.28581171,
         -0.22124091, -0.02278131],
        ...,
        [ 0.29685656,  0.46270454,  0.28581171, ...,  0.        ,
          0.06671704,  0.26390652],
        [ 0.23248557,  0.40252811,  0.22124091, ..., -0.06671704,
          0.        ,  0.19896672],
        [ 0.03432231,  0.21234441,  0.02278131, ..., -0.26390652,
         -0.19896672,  0.        ]],

       [[ 0.        , -0.54817503, -0.78192173, ..., -0.54419149,
         -0.46423077, -0.        ],
        [ 0.54817503,  0.        , -0.3122514 , ..., -0.91503947,
         -0.87379219, -0.54817503],
        [ 0.78192173,  0.3122514 ,  0.        , ..., -0.99523812,
         -0.98194985, -0.78192173],
        ...,
        [ 0.54419149,  0.91503947,  0.99523812, ...,  0.        ,
         -0.09252665, -0.54419149],
        [ 0.46423077,  0.87379219,  0.98194985, ...,  0.09252665,
          0.        , -0.46423077],
        [ 0.        ,  0.54817503,  0.78192173, ...,  0.54419149,
          0.46423077,  0.        ]],

       ...,

       [[ 0.        ,  0.10583061, -0.2851722 , ...,  0.46510054,
          0.43174363,  0.35334423],
        [-0.10583061,  0.        , -0.38500686, ...,  0.36880124,
          0.3338602 ,  0.25235608],
        [ 0.2851722 ,  0.38500686,  0.        , ...,  0.69823878,
          0.67104032,  0.60544878],
        ...,
        [-0.46510054, -0.36880124, -0.69823878, ...,  0.        ,
         -0.03731456, -0.12229772],
        [-0.43174363, -0.3338602 , -0.67104032, ...,  0.03731456,
          0.        , -0.08517809],
        [-0.35334423, -0.25235608, -0.60544878, ...,  0.12229772,
          0.08517809,  0.        ]],

       [[ 0.        , -0.48878659, -0.66712253, ..., -0.37780096,
         -0.27646581, -0.        ],
        [ 0.48878659,  0.        , -0.21787937, ..., -0.7821559 ,
         -0.71092523, -0.48878659],
        [ 0.66712253,  0.21787937,  0.        , ..., -0.89912204,
         -0.84707326, -0.66712253],
        ...,
        [ 0.37780096,  0.7821559 ,  0.89912204, ...,  0.        ,
         -0.10709964, -0.37780096],
        [ 0.27646581,  0.71092523,  0.84707326, ...,  0.10709964,
          0.        , -0.27646581],
        [ 0.        ,  0.48878659,  0.66712253, ...,  0.37780096,
          0.27646581,  0.        ]],

       [[ 0.        ,  0.60127515,  0.98417555, ..., -0.13397798,
         -0.18315725, -0.23809624],
        [-0.60127515,  0.        ,  0.89294131, ..., -0.70290828,
         -0.7374541 , -0.77423233],
        [-0.98417555, -0.89294131,  0.        , ..., -0.95156214,
         -0.9350721 , -0.91368245],
        ...,
        [ 0.13397798,  0.70290828,  0.95156214, ...,  0.        ,
         -0.0497944 , -0.10582466],
        [ 0.18315725,  0.7374541 ,  0.9350721 , ...,  0.0497944 ,
          0.        , -0.05617858],
        [ 0.23809624,  0.77423233,  0.91368245, ...,  0.10582466,
          0.05617858,  0.        ]]]), 'num': array([7.07094317e-01, 7.07094317e-01, 0.00000000e+00, 1.36099032e-04,
       1.37207330e-04, 1.29670901e-04, 5.92482973e-03, 5.09817219e-06,
