state_0,state_1,state_2,state_3,state_4,state_5,state_6,state_7,state_8,state_9,state_10,state_11,state_12,state_13,state_14,state_15,state_16,state_17,state_18,state_19,state_20,state_21,state_22,state_23,state_24,state_25,state_26,state_27,state_28,state_29,state_30,state_31,state_32,state_33,state_34,state_35,state_36,state_37,state_38,state_39,state_40,state_41,state_42,state_43,state_44,state_45,state_46,state_47,state_48,state_49,state_50,state_51,state_52,state_53,state_54,state_55,state_56,state_57,state_58,state_59,state_60,state_61,state_62,state_63,state_64,state_65,state_66,state_67,state_68,state_69,state_70,state_71,state_72,state_73,state_74,state_75,state_76,state_77,state_78,state_79,state_80,state_81,state_82,state_83,state_84,state_85,state_86,state_87,state_88,state_89,state_90,state_91,state_92,state_93,state_94,state_95,state_96,state_97,state_98,state_99,state_100,state_101,state_102,state_103,state_104,state_105,state_106,state_107,state_108,state_109,state_110,state_111,state_112,state_113,state_114,state_115,state_116,state_117,state_118,state_119,state_120,state_121,state_122,state_123,state_124,state_125,state_126,state_127,state_128,state_129,state_130,state_131,state_132,state_133,state_134,state_135,state_136,state_137,state_138,state_139,state_140,state_141,state_142,state_143,state_144,state_145,state_146,state_147,state_148,state_149,state_150,state_151,state_152,state_153,state_154,state_155,state_156,state_157,state_158,state_159,state_160,state_161,state_162,state_163,state_164,state_165,state_166,state_167,state_168,state_169,state_170,state_171,state_172,state_173,state_174,state_175,state_176,state_177,state_178,state_179,state_180,state_181,state_182,state_183,state_184,state_185,state_186,state_187,state_188,state_189,state_190,state_191,state_192,state_193,state_194,state_195,state_196,state_197,state_198,state_199,state_200,state_201,state_202,state_203,state_204,state_205,state_206,state_207,state_208,state_209,state_210,state_211,state_212,state_213,state_214,state_215,state_216,state_217,state_218,state_219,state_220,state_221,state_222,state_223,state_224,state_225,state_226,state_227,state_228,state_229,state_230,state_231,state_232,state_233,state_234,state_235,state_236,state_237,state_238,state_239,state_240,state_241,state_242,state_243,state_244,state_245,state_246,state_247,state_248,state_249,state_250,state_251,state_252,state_253,state_254,state_255,state_256,state_257,state_258,state_259,state_260,state_261,state_262,state_263,state_264,state_265,state_266,state_267,state_268,state_269,state_270,state_271,state_272,state_273,state_274,state_275,state_276,state_277,state_278,state_279,state_280,state_281,state_282,state_283,state_284,state_285,state_286,state_287
{'img': array([[[ 0.        , -0.63239967, -0.71762838, ..., -0.95437623,
         -0.75782901, -0.86721664],
        [ 0.63239967,  0.        , -0.11548556, ..., -0.55046134,
         -0.1744352 , -0.35689126],
        [ 0.71762838,  0.11548556,  0.        , ..., -0.45036394,
         -0.05955307, -0.24662299],
        ...,
        [ 0.95437623,  0.55046134,  0.45036394, ...,  0.        ,
          0.39639295,  0.21625675],
        [ 0.75782901,  0.1744352 ,  0.05955307, ..., -0.39639295,
          0.        , -0.18847171],
        [ 0.86721664,  0.35689126,  0.24662299, ..., -0.21625675,
          0.18847171,  0.        ]],

       [[ 0.        , -0.28099053, -0.0295328 , ...,  0.12869918,
          0.58287471, -0.68599896],
        [ 0.28099053,  0.        ,  0.25252503, ...,  0.40216768,
          0.78771324, -0.45391102],
        [ 0.0295328 , -0.25252503,  0.        , ...,  0.15793024,
          0.6066177 , -0.6642116 ],
        ...,
        [-0.12869918, -0.40216768, -0.15793024, ...,  0.        ,
          0.47345127, -0.77393583],
        [-0.58287471, -0.78771324, -0.6066177 , ..., -0.47345127,
          0.        , -0.98151783],
        [ 0.68599896,  0.45391102,  0.6642116 , ...,  0.77393583,
          0.98151783,  0.        ]],

       [[ 0.        ,  0.0384192 , -0.08866923, ..., -0.99449736,
         -0.93530535, -0.86995801],
        [-0.0384192 ,  0.        , -0.12687163, ..., -0.99778799,
         -0.94820914, -0.88826122],
        [ 0.08866923,  0.12687163,  0.        , ..., -0.98129102,
         -0.90024644, -0.82280627],
        ...,
        [ 0.99449736,  0.99778799,  0.98129102, ...,  0.        ,
          0.25391041,  0.39927407],
        [ 0.93530535,  0.94820914,  0.90024644, ..., -0.25391041,
          0.        ,  0.15339586],
        [ 0.86995801,  0.88826122,  0.82280627, ..., -0.39927407,
         -0.15339586,  0.        ]],

       ...,

       [[ 0.        , -0.49552876, -0.54432279, ..., -0.99315407,
         -0.83857433, -0.95795126],
        [ 0.49552876,  0.        , -0.05710706, ..., -0.80476159,
         -0.45842083, -0.68988579],
        [ 0.54432279,  0.05710706,  0.        , ..., -0.76954963,
         -0.40691966, -0.6474191 ],
        ...,
        [ 0.99315407,  0.80476159,  0.76954963, ...,  0.        ,
          0.44310223,  0.17306664],
        [ 0.83857433,  0.45842083,  0.40691966, ..., -0.44310223,
          0.        , -0.28126663],
        [ 0.95795126,  0.68988579,  0.6474191 , ..., -0.17306664,
          0.28126663,  0.        ]],

       [[ 0.        , -0.04914883, -0.13061051, ..., -0.92143491,
         -0.9964031 , -0.99835734],
        [ 0.04914883,  0.        , -0.08172486, ..., -0.90122539,
         -0.99103404, -0.99996673],
        [ 0.13061051,  0.08172486,  0.        , ..., -0.86279521,
         -0.97679974, -0.99728839],
        ...,
        [ 0.92143491,  0.90122539,  0.86279521, ...,  0.        ,
         -0.30905288, -0.44068744],
        [ 0.9964031 ,  0.99103404,  0.97679974, ...,  0.30905288,
          0.        , -0.14168892],
        [ 0.99835734,  0.99996673,  0.99728839, ...,  0.44068744,
          0.14168892,  0.        ]],

       [[ 0.        , -0.04666575, -0.10265657, ..., -0.99856265,
         -0.9368248 , -0.95523321],
        [ 0.04666575,  0.        , -0.05612552, ..., -0.99497363,
         -0.91948056, -0.94038629],
        [ 0.10265657,  0.05612552,  0.        , ..., -0.98778501,
         -0.89596626, -0.91981523],
        ...,
        [ 0.99856265,  0.99497363,  0.98778501, ...,  0.        ,
          0.29908511,  0.24423096],
        [ 0.9368248 ,  0.91948056,  0.89596626, ..., -0.29908511,
          0.        , -0.0569763 ],
        [ 0.95523321,  0.94038629,  0.91981523, ..., -0.24423096,
          0.0569763 ,  0.        ]]]), 'num': array([ 7.13848714e-01,  7.00297166e-01,  8.36515321e-07,  2.02261913e-04,
        2.05383239e-04,  2.01013383e-04,  1.88704123e-03, -6.24265165e-07,
        2.01762501e-04,  2.03229524e-04,  2.07828278e-04,  5.51676192e-07,
        2.10663000e-04,  1.95796049e-04])}
{'img': array([[[ 0.        , -0.11548556, -0.41993207, ..., -0.1744352 ,
         -0.35689126, -0.41993207],
        [ 0.11548556,  0.        , -0.31231281, ..., -0.05955307,
         -0.24662299, -0.31231281],
        [ 0.41993207,  0.31231281,  0.        , ...,  0.25518431,
          0.06837919,  0.        ],
        ...,
        [ 0.1744352 ,  0.05955307, -0.25518431, ...,  0.        ,
         -0.18847171, -0.25518431],
        [ 0.35689126,  0.24662299, -0.06837919, ...,  0.18847171,
          0.        , -0.06837919],
        [ 0.41993207,  0.31231281,  0.        , ...,  0.25518431,
          0.06837919,  0.        ]],

       [[ 0.        ,  0.25252503,  0.09988182, ...,  0.78771324,
         -0.45391102,  0.2052105 ],
        [-0.25252503,  0.        , -0.15461754, ...,  0.6066177 ,
         -0.6642116 , -0.04859105],
        [-0.09988182,  0.15461754,  0.        , ...,  0.72224273,
         -0.54064055,  0.10642819],
        ...,
        [-0.78771324, -0.6066177 , -0.72224273, ...,  0.        ,
         -0.98151783, -0.64453071],
        [ 0.45391102,  0.6642116 ,  0.54064055, ...,  0.98151783,
          0.        ,  0.62710303],
        [-0.2052105 ,  0.04859105, -0.10642819, ...,  0.64453071,
         -0.62710303,  0.        ]],

       [[ 0.        , -0.12687163, -0.26258564, ..., -0.94820914,
         -0.88826122, -0.83151296],
        [ 0.12687163,  0.        , -0.13804418, ..., -0.90024644,
         -0.82280627, -0.75431575],
        [ 0.26258564,  0.13804418,  0.        , ..., -0.83152577,
         -0.73647524, -0.65646635],
        ...,
        [ 0.94820914,  0.90024644,  0.83152577, ...,  0.        ,
          0.15339586,  0.2626079 ],
        [ 0.88826122,  0.82280627,  0.73647524, ..., -0.15339586,
          0.        ,  0.11148782],
        [ 0.83151296,  0.75431575,  0.65646635, ..., -0.2626079 ,
         -0.11148782,  0.        ]],

       ...,

       [[ 0.        , -0.05710706, -0.65595073, ..., -0.45842083,
         -0.68988579, -0.41480421],
        [ 0.05710706,  0.        , -0.61177564, ..., -0.40691966,
         -0.6474191 , -0.36216495],
        [ 0.65595073,  0.61177564,  0.        , ...,  0.23694879,
         -0.04587367,  0.28376083],
        ...,
        [ 0.45842083,  0.40691966, -0.23694879, ...,  0.        ,
         -0.28126663,  0.0484709 ],
        [ 0.68988579,  0.6474191 ,  0.04587367, ...,  0.28126663,
          0.        ,  0.32745014],
        [ 0.41480421,  0.36216495, -0.28376083, ..., -0.0484709 ,
         -0.32745014,  0.        ]],

       [[ 0.        , -0.08084796, -0.17307352, ..., -0.97350973,
         -0.98269069, -0.99982837],
        [ 0.08084796,  0.        , -0.09287908, ..., -0.95183736,
         -0.9644964 , -0.99805322],
        [ 0.17307352,  0.09287908,  0.        , ..., -0.91924591,
         -0.93579827, -0.98794634],
        ...,
        [ 0.97350973,  0.95183736,  0.91924591, ...,  0.        ,
         -0.04434142, -0.24664225],
        [ 0.98269069,  0.9644964 ,  0.93579827, ...,  0.04434142,
          0.        , -0.2034281 ],
        [ 0.99982837,  0.99805322,  0.98794634, ...,  0.24664225,
          0.2034281 ,  0.        ]],

       [[ 0.        , -0.05612552, -0.1933869 , ..., -0.91948056,
         -0.94038629, -0.98957931],
        [ 0.05612552,  0.        , -0.13801605, ..., -0.89596626,
         -0.91981523, -0.979938  ],
        [ 0.1933869 ,  0.13801605,  0.        , ..., -0.82609588,
         -0.85686175, -0.94305304],
        ...,
        [ 0.91948056,  0.89596626,  0.82609588, ...,  0.        ,
         -0.0569763 , -0.25664377],
        [ 0.94038629,  0.91981523,  0.85686175, ...,  0.0569763 ,
          0.        , -0.20115892],
        [ 0.98957931,  0.979938  ,  0.94305304, ...,  0.25664377,
          0.20115892,  0.        ]]]), 'num': array([7.07104103e-01, 7.07104103e-01, 0.00000000e+00, 1.74390742e-04,
       1.75450868e-04, 1.70680301e-04, 2.70810270e-03, 2.65031523e-06,
       1.72588528e-04, 1.72641534e-04, 1.76449154e-04, 5.65400582e-07,
       1.79003174e-04, 1.66279894e-04])}
{'img': array([[[ 0.        , -0.31231281, -0.31231281, ..., -0.24662299,
         -0.31231281,  0.        ],
        [ 0.31231281,  0.        ,  0.        , ...,  0.06837919,
          0.        ,  0.31231281],
        [ 0.31231281,  0.        ,  0.        , ...,  0.06837919,
          0.        ,  0.31231281],
        ...,
        [ 0.24662299, -0.06837919, -0.06837919, ...,  0.        ,
         -0.06837919,  0.24662299],
        [ 0.31231281,  0.        ,  0.        , ...,  0.06837919,
          0.        ,  0.31231281],
        [ 0.        , -0.31231281, -0.31231281, ..., -0.24662299,
         -0.31231281,  0.        ]],

       [[ 0.        , -0.15461754,  0.56348736, ..., -0.6642116 ,
         -0.04859105,  0.77034633],
        [ 0.15461754,  0.        ,  0.68444446, ..., -0.54064055,
          0.10642819,  0.85967057],
        [-0.56348736, -0.68444446,  0.        , ..., -0.96995354,
         -0.60296402,  0.27710809],
        ...,
        [ 0.6642116 ,  0.54064055,  0.96995354, ...,  0.        ,
          0.62710303,  0.99938664],
        [ 0.04859105, -0.10642819,  0.60296402, ..., -0.62710303,
          0.        ,  0.80041926],
        [-0.77034633, -0.85967057, -0.27710809, ..., -0.99938664,
         -0.80041926,  0.        ]],

       [[ 0.        , -0.13804418, -0.33599431, ..., -0.82280627,
         -0.75431575, -0.6137736 ],
        [ 0.13804418,  0.        , -0.20275867, ..., -0.73647524,
         -0.65646635, -0.49891396],
        [ 0.33599431,  0.20275867,  0.        , ..., -0.58401867,
         -0.48987863, -0.31282978],
        ...,
        [ 0.82280627,  0.73647524,  0.58401867, ...,  0.        ,
          0.11148782,  0.3007698 ],
        [ 0.75431575,  0.65646635,  0.48987863, ..., -0.11148782,
          0.        ,  0.19256916],
        [ 0.6137736 ,  0.49891396,  0.31282978, ..., -0.3007698 ,
         -0.19256916,  0.        ]],

       ...,

       [[ 0.        , -0.61177564, -0.54870724, ..., -0.6474191 ,
         -0.36216495,  0.04978245],
        [ 0.61177564,  0.        ,  0.07740873, ..., -0.04587367,
          0.28376083,  0.65039657],
        [ 0.54870724, -0.07740873,  0.        , ..., -0.12306326,
          0.20868253,  0.58964574],
        ...,
        [ 0.6474191 ,  0.04587367,  0.12306326, ...,  0.        ,
          0.32745014,  0.68455727],
        [ 0.36216495, -0.28376083, -0.20868253, ..., -0.32745014,
          0.        ,  0.40811882],
        [-0.04978245, -0.65039657, -0.58964574, ..., -0.68455727,
         -0.40811882,  0.        ]],

       [[ 0.        , -0.09287908, -0.15731448, ..., -0.9644964 ,
         -0.99805322, -0.96200566],
        [ 0.09287908,  0.        , -0.06491187, ..., -0.93579827,
         -0.98794634, -0.93248855],
        [ 0.15731448,  0.06491187,  0.        , ..., -0.9109409 ,
         -0.97581462, -0.9070758 ],
        ...,
        [ 0.9644964 ,  0.93579827,  0.9109409 , ...,  0.        ,
         -0.2034281 ,  0.00927415],
        [ 0.99805322,  0.98794634,  0.97581462, ...,  0.2034281 ,
          0.        ,  0.21249957],
        [ 0.96200566,  0.93248855,  0.9070758 , ..., -0.00927415,
         -0.21249957,  0.        ]],

       [[ 0.        , -0.13801605, -0.2803397 , ..., -0.91981523,
         -0.979938  , -0.95539361],
        [ 0.13801605,  0.        , -0.14517513, ..., -0.85686175,
         -0.94305304, -0.90548945],
        [ 0.2803397 ,  0.14517513,  0.        , ..., -0.77293964,
         -0.88477091, -0.83428888],
        ...,
        [ 0.91981523,  0.85686175,  0.77293964, ...,  0.        ,
         -0.20115892, -0.10319634],
        [ 0.979938  ,  0.94305304,  0.88477091, ...,  0.20115892,
          0.        ,  0.09899808],
        [ 0.95539361,  0.90548945,  0.83428888, ...,  0.10319634,
         -0.09899808,  0.        ]]]), 'num': array([7.58573562e-01, 6.51575800e-01, 6.42629198e-06, 1.89041981e-04,
       1.90745062e-04, 1.85068126e-04, 3.85333411e-03, 2.27077455e-06,
       1.86089975e-04, 1.85181665e-04, 1.89013597e-04, 6.76400930e-07,
       1.92186185e-04, 1.78177144e-04])}
{'img': array([[[ 0.        ,  0.        ,  0.51937768, ...,  0.        ,
          0.31231281,  0.51937768],
        [ 0.        ,  0.        ,  0.51937768, ...,  0.        ,
          0.31231281,  0.51937768],
        [-0.51937768, -0.51937768,  0.        , ..., -0.51937768,
         -0.22651277,  0.        ],
        ...,
        [ 0.        ,  0.        ,  0.51937768, ...,  0.        ,
          0.31231281,  0.51937768],
        [-0.31231281, -0.31231281,  0.22651277, ..., -0.31231281,
          0.        ,  0.22651277],
        [-0.51937768, -0.51937768,  0.        , ..., -0.51937768,
         -0.22651277,  0.        ]],

       [[ 0.        ,  0.61441361,  0.10430328, ...,  0.09639841,
          0.77480624,  0.8796292 ],
        [-0.61441361,  0.        , -0.52876868, ..., -0.53549537,
          0.22287827,  0.98626546],
        [-0.10430328,  0.52876868,  0.        , ..., -0.00794492,
          0.70463968,  0.9244442 ],
        ...,
        [-0.09639841,  0.53549537,  0.00794492, ...,  0.        ,
          0.71025488,  0.92138548],
        [-0.77480624, -0.22287827, -0.70463968, ..., -0.71025488,
          0.        ,  0.92464487],
        [-0.8796292 , -0.98626546, -0.9244442 , ..., -0.92138548,
         -0.92464487,  0.        ]],

       [[ 0.        , -0.20275867, -0.33076028, ..., -0.65646635,
         -0.49891396, -0.35649177],
        [ 0.20275867,  0.        , -0.13254361, ..., -0.48987863,
         -0.31282978, -0.15964987],
        [ 0.33076028,  0.13254361,  0.        , ..., -0.37000624,
         -0.18417859, -0.02739774],
        ...,
        [ 0.65646635,  0.48987863,  0.37000624, ...,  0.        ,
          0.19256916,  0.34441404],
        [ 0.49891396,  0.31282978,  0.18417859, ..., -0.19256916,
          0.        ,  0.15718042],
        [ 0.35649177,  0.15964987,  0.02739774, ..., -0.34441404,
         -0.15718042,  0.        ]],

       ...,

       [[ 0.        ,  0.07740873,  0.34868019, ...,  0.28376083,
          0.65039657,  0.85302836],
        [-0.07740873,  0.        ,  0.27508326, ...,  0.20868253,
          0.58964574,  0.81007193],
        [-0.34868019, -0.27508326,  0.        , ..., -0.06839522,
          0.34472316,  0.61752998],
        ...,
        [-0.28376083, -0.20868253,  0.06839522, ...,  0.        ,
          0.40811882,  0.66987999],
        [-0.65039657, -0.58964574, -0.34472316, ..., -0.40811882,
          0.        ,  0.30853701],
        [-0.85302836, -0.81007193, -0.61752998, ..., -0.66987999,
         -0.30853701,  0.        ]],

       [[ 0.        , -0.06491187, -0.08144868, ..., -0.98794634,
         -0.93248855, -0.82018882],
        [ 0.06491187,  0.        , -0.0165807 , ..., -0.97581462,
         -0.9070758 , -0.78132342],
        [ 0.08144868,  0.0165807 ,  0.        , ..., -0.97205594,
         -0.89997117, -0.77086756],
        ...,
        [ 0.98794634,  0.97581462,  0.97205594, ...,  0.        ,
          0.21249957,  0.43823456],
        [ 0.93248855,  0.9070758 ,  0.89997117, ..., -0.21249957,
          0.        ,  0.23721828],
        [ 0.82018882,  0.78132342,  0.77086756, ..., -0.43823456,
         -0.23721828,  0.        ]],

       [[ 0.        , -0.14517513, -0.1501538 , ..., -0.94305304,
         -0.90548945, -0.84241482],
        [ 0.14517513,  0.        , -0.00503384, ..., -0.88477091,
         -0.83428888, -0.75526561],
        [ 0.1501538 ,  0.00503384,  0.        , ..., -0.8824138 ,
         -0.83150302, -0.75195677],
        ...,
        [ 0.94305304,  0.88477091,  0.8824138 , ...,  0.        ,
          0.09899808,  0.22792194],
        [ 0.90548945,  0.83428888,  0.83150302, ..., -0.09899808,
          0.        ,  0.13040992],
        [ 0.84241482,  0.75526561,  0.75195677, ..., -0.22792194,
         -0.13040992,  0.        ]]]), 'num': array([ 8.74587078e-01,  4.84864040e-01,  2.36195781e-05,  2.16874256e-04,
        2.20160230e-04,  2.16874256e-04,  1.98253301e-03, -1.97158415e-06,
        2.15691306e-04,  2.14146898e-04,  2.18878700e-04,  7.24255401e-07,
        2.21677730e-04,  2.06616066e-04])}
{'img': array([[[ 0.        ,  0.51937768,  0.36718749, ...,  0.31231281,
          0.51937768,  0.36718749],
        [-0.51937768,  0.        , -0.1693194 , ..., -0.22651277,
          0.        , -0.1693194 ],
        [-0.36718749,  0.1693194 ,  0.        , ..., -0.05832372,
          0.1693194 ,  0.        ],
        ...,
        [-0.31231281,  0.22651277,  0.05832372, ...,  0.        ,
          0.22651277,  0.05832372],
        [-0.51937768,  0.        , -0.1693194 , ..., -0.22651277,
          0.        , -0.1693194 ],
        [-0.36718749,  0.1693194 ,  0.        , ..., -0.05832372,
          0.1693194 ,  0.        ]],

       [[ 0.        , -0.52876868, -0.88830411, ...,  0.22287827,
          0.98626546, -0.5375774 ],
        [ 0.52876868,  0.        , -0.51112226, ...,  0.70463968,
          0.9244442 , -0.01041203],
        [ 0.88830411,  0.51112226,  0.        , ...,  0.96831808,
          0.59966741,  0.50214533],
        ...,
        [-0.22287827, -0.70463968, -0.96831808, ...,  0.        ,
          0.92464487, -0.7119895 ],
        [-0.98626546, -0.9244442 , -0.59966741, ..., -0.92464487,
          0.        , -0.9204238 ],
        [ 0.5375774 ,  0.01041203, -0.50214533, ...,  0.7119895 ,
          0.9204238 ,  0.        ]],

       [[ 0.        , -0.13254361, -0.14607038, ..., -0.31282978,
         -0.15964987, -0.13254361],
        [ 0.13254361,  0.        , -0.01365965, ..., -0.18417859,
         -0.02739774,  0.        ],
        [ 0.14607038,  0.01365965,  0.        , ..., -0.17073544,
         -0.01374066,  0.01365965],
        ...,
        [ 0.31282978,  0.18417859,  0.17073544, ...,  0.        ,
          0.15718042,  0.18417859],
        [ 0.15964987,  0.02739774,  0.01374066, ..., -0.15718042,
          0.        ,  0.02739774],
        [ 0.13254361,  0.        , -0.01365965, ..., -0.18417859,
         -0.02739774,  0.        ]],

       ...,

       [[ 0.        ,  0.27508326,  0.32538545, ...,  0.58964574,
          0.81007193,  0.65585284],
        [-0.27508326,  0.        ,  0.05271859, ...,  0.34472316,
          0.61752998,  0.42289304],
        [-0.32538545, -0.05271859,  0.        , ...,  0.29475662,
          0.57520558,  0.37453246],
        ...,
        [-0.58964574, -0.34472316, -0.29475662, ...,  0.        ,
          0.30853701,  0.08459046],
        [-0.81007193, -0.61752998, -0.57520558, ..., -0.30853701,
          0.        , -0.22696767],
        [-0.65585284, -0.42289304, -0.37453246, ..., -0.08459046,
          0.22696767,  0.        ]],

       [[ 0.        , -0.01643373, -0.0308778 , ..., -0.88574067,
         -0.76841292, -0.97766003],
        [ 0.01643373,  0.        , -0.01444774, ..., -0.87799284,
         -0.75779231, -0.97407376],
        [ 0.0308778 ,  0.01444774,  0.        , ..., -0.87098544,
         -0.74828613, -0.97070357],
        ...,
        [ 0.88574067,  0.87799284,  0.87098544, ...,  0.        ,
          0.21015136, -0.26763468],
        [ 0.76841292,  0.75779231,  0.74828613, ..., -0.21015136,
          0.        , -0.46414323],
        [ 0.97766003,  0.97407376,  0.97070357, ...,  0.26763468,
          0.46414323,  0.        ]],

       [[ 0.        , -0.00503384,  0.14616323, ..., -0.83428888,
         -0.75526561, -0.58453046],
        [ 0.00503384,  0.        ,  0.15114116, ..., -0.83150302,
         -0.75195677, -0.58043874],
        [-0.14616323, -0.15114116,  0.        , ..., -0.90591284,
         -0.84295256, -0.6968456 ],
        ...,
        [ 0.83428888,  0.83150302,  0.90591284, ...,  0.        ,
          0.13040992,  0.3546507 ],
        [ 0.75526561,  0.75195677,  0.84295256, ..., -0.13040992,
          0.        ,  0.22968892],
        [ 0.58453046,  0.58043874,  0.6968456 , ..., -0.3546507 ,
         -0.22968892,  0.        ]]]), 'num': array([9.37739840e-01, 3.47323562e-01, 3.51438261e-05, 2.34106375e-04,
       2.35499865e-04, 2.28532414e-04, 3.14803400e-03, 4.18047098e-06,
       2.30204602e-04, 2.27069249e-04, 2.32190326e-04, 7.67841609e-07,
       2.35169492e-04, 2.18969006e-04])}
{'img': array([[[ 0.        , -0.1693194 ,  0.2751917 , ...,  0.        ,
         -0.1693194 ,  0.16615107],
        [ 0.1693194 ,  0.        ,  0.43400014, ...,  0.1693194 ,
          0.        ,  0.33071796],
        [-0.2751917 , -0.43400014,  0.        , ..., -0.2751917 ,
         -0.43400014, -0.11163075],
        ...,
        [ 0.        , -0.1693194 ,  0.2751917 , ...,  0.        ,
         -0.1693194 ,  0.16615107],
        [ 0.1693194 ,  0.        ,  0.43400014, ...,  0.1693194 ,
          0.        ,  0.33071796],
        [-0.16615107, -0.33071796,  0.11163075, ..., -0.16615107,
         -0.33071796,  0.        ]],

       [[ 0.        , -0.51112226,  0.12227516, ...,  0.9244442 ,
         -0.01041203,  0.52682505],
        [ 0.51112226,  0.        ,  0.6123834 , ...,  0.59966741,
          0.50214533,  0.88725086],
        [-0.12227516, -0.6123834 ,  0.        , ...,  0.96413303,
         -0.13260243,  0.41894121],
        ...,
        [-0.9244442 , -0.59966741, -0.96413303, ...,  0.        ,
         -0.9204238 , -0.98664083],
        [ 0.01041203, -0.50214533,  0.13260243, ...,  0.9204238 ,
          0.        ,  0.53564645],
        [-0.52682505, -0.88725086, -0.41894121, ...,  0.98664083,
         -0.53564645,  0.        ]],

       [[ 0.        , -0.01365965,  0.10659999, ..., -0.02739774,
          0.        ,  0.1454141 ],
        [ 0.01365965,  0.        ,  0.12017186, ..., -0.01374066,
          0.01365965,  0.158915  ],
        [-0.10659999, -0.12017186,  0.        , ..., -0.1338016 ,
         -0.10659999,  0.03911861],
        ...,
        [ 0.02739774,  0.01374066,  0.1338016 , ...,  0.        ,
          0.02739774,  0.17246604],
        [ 0.        , -0.01365965,  0.10659999, ..., -0.02739774,
          0.        ,  0.1454141 ],
        [-0.1454141 , -0.158915  , -0.03911861, ..., -0.17246604,
         -0.1454141 ,  0.        ]],

       ...,

       [[ 0.        ,  0.05271859,  0.50440804, ...,  0.61752998,
          0.42289304,  0.42289304],
        [-0.05271859,  0.        ,  0.45818594, ...,  0.57520558,
          0.37453246,  0.37453246],
        [-0.50440804, -0.45818594,  0.        , ...,  0.13647498,
         -0.09193076, -0.09193076],
        ...,
        [-0.61752998, -0.57520558, -0.13647498, ...,  0.        ,
         -0.22696767, -0.22696767],
        [-0.42289304, -0.37453246,  0.09193076, ...,  0.22696767,
          0.        ,  0.        ],
        [-0.42289304, -0.37453246,  0.09193076, ...,  0.22696767,
          0.        ,  0.        ]],

       [[ 0.        , -0.01444774,  0.03793277, ..., -0.75779231,
         -0.97407376, -0.90927699],
        [ 0.01444774,  0.        ,  0.05236615, ..., -0.74828613,
         -0.97070357, -0.90316907],
        [-0.03793277, -0.05236615,  0.        , ..., -0.7819979 ,
         -0.98195427, -0.92440988],
        ...,
        [ 0.75779231,  0.74828613,  0.7819979 , ...,  0.        ,
         -0.46414323, -0.27791275],
        [ 0.97407376,  0.97070357,  0.98195427, ...,  0.46414323,
          0.        ,  0.19969488],
        [ 0.90927699,  0.90316907,  0.92440988, ...,  0.27791275,
         -0.19969488,  0.        ]],

       [[ 0.        ,  0.15114116,  0.2759692 , ..., -0.75195677,
         -0.58043874, -0.61378945],
        [-0.15114116,  0.        ,  0.12752711, ..., -0.84295256,
         -0.6968456 , -0.72605973],
        [-0.2759692 , -0.12752711,  0.        , ..., -0.90467796,
         -0.78262106, -0.80782319],
        ...,
        [ 0.75195677,  0.84295256,  0.90467796, ...,  0.        ,
          0.22968892,  0.1890295 ],
        [ 0.58043874,  0.6968456 ,  0.78262106, ..., -0.22968892,
          0.        , -0.04157233],
        [ 0.61378945,  0.72605973,  0.80782319, ..., -0.1890295 ,
          0.04157233,  0.        ]]]), 'num': array([ 8.87378542e-01,  4.61037303e-01,  2.55294155e-05,  2.20902197e-04,
        2.22224964e-04,  2.16272510e-04,  1.88323752e-03, -1.32276764e-06,
        2.19843983e-04,  2.15412711e-04,  2.20417182e-04,  7.76407096e-07,
        2.22622705e-04,  2.08202717e-04])}
{'img': array([[[ 0.        ,  0.43400014,  0.9985737 , ...,  0.        ,
          0.33071796,  0.22397959],
        [-0.43400014,  0.        ,  0.87645626, ..., -0.43400014,
         -0.11163075, -0.22118778],
        [-0.9985737 , -0.87645626,  0.        , ..., -0.9985737 ,
         -0.92472634, -0.96124535],
        ...,
        [ 0.        ,  0.43400014,  0.9985737 , ...,  0.        ,
          0.33071796,  0.22397959],
        [-0.33071796,  0.11163075,  0.92472634, ..., -0.33071796,
          0.        , -0.11093951],
        [-0.22397959,  0.22118778,  0.96124535, ..., -0.22397959,
          0.11093951,  0.        ]],

       [[ 0.        ,  0.6123834 ,  0.99157118, ...,  0.50214533,
          0.88725086,  0.44143409],
        [-0.6123834 ,  0.        ,  0.70455514, ..., -0.13260243,
          0.41894121, -0.20050722],
        [-0.99157118, -0.70455514,  0.        , ..., -0.79243465,
         -0.34244418, -0.83253699],
        ...,
        [-0.50214533,  0.13260243,  0.79243465, ...,  0.        ,
          0.53564645, -0.06882703],
        [-0.88725086, -0.41894121,  0.34244418, ..., -0.53564645,
          0.        , -0.59249668],
        [-0.44143409,  0.20050722,  0.83253699, ...,  0.06882703,
          0.59249668,  0.        ]],

       [[ 0.        ,  0.12017186,  0.45879708, ...,  0.01365965,
          0.158915  ,  0.28367091],
        [-0.12017186,  0.        ,  0.34869459, ..., -0.10659999,
          0.03911861,  0.16637977],
        [-0.45879708, -0.34869459,  0.        , ..., -0.44661711,
         -0.3117643 , -0.18789721],
        ...,
        [-0.01365965,  0.10659999,  0.44661711, ...,  0.        ,
          0.1454141 ,  0.27054591],
        [-0.158915  , -0.03911861,  0.3117643 , ..., -0.1454141 ,
          0.        ,  0.12767906],
        [-0.28367091, -0.16637977,  0.18789721, ..., -0.27054591,
         -0.12767906,  0.        ]],

       ...,

       [[ 0.        ,  0.45818594,  0.99960711, ...,  0.37453246,
          0.37453246,  0.53590886],
        [-0.45818594,  0.        ,  0.90134961, ..., -0.09193076,
         -0.09193076,  0.08951069],
        [-0.99960711, -0.90134961,  0.        , ..., -0.93734726,
         -0.93734726, -0.85896509],
        ...,
        [-0.37453246,  0.09193076,  0.93734726, ...,  0.        ,
          0.        ,  0.18069339],
        [-0.37453246,  0.09193076,  0.93734726, ...,  0.        ,
          0.        ,  0.18069339],
        [-0.53590886, -0.08951069,  0.85896509, ..., -0.18069339,
         -0.18069339,  0.        ]],

       [[ 0.        ,  0.05030352,  0.34660977, ..., -0.84676596,
         -0.81799157, -0.97963205],
        [-0.05030352,  0.        ,  0.29898577, ..., -0.87245368,
         -0.84589208, -0.98849281],
        [-0.34660977, -0.29898577,  0.        , ..., -0.97865892,
         -0.9666642 , -0.98850368],
        ...,
        [ 0.84676596,  0.87245368,  0.97865892, ...,  0.        ,
          0.05194197, -0.35109909],
        [ 0.81799157,  0.84589208,  0.9666642 , ..., -0.05194197,
          0.        , -0.3992604 ],
        [ 0.97963205,  0.98849281,  0.98850368, ...,  0.35109909,
          0.3992604 ,  0.        ]],

       [[ 0.        ,  0.12752711,  0.01507398, ..., -0.6968456 ,
         -0.72605973, -0.60138066],
        [-0.12752711,  0.        , -0.11256172, ..., -0.78262106,
         -0.80782319, -0.69835983],
        [-0.01507398,  0.11256172,  0.        , ..., -0.7075778 ,
         -0.73634258, -0.61335587],
        ...,
        [ 0.6968456 ,  0.78262106,  0.7075778 , ...,  0.        ,
         -0.04157233,  0.12543067],
        [ 0.72605973,  0.80782319,  0.73634258, ...,  0.04157233,
          0.        ,  0.16656624],
        [ 0.60138066,  0.69835983,  0.61335587, ..., -0.12543067,
         -0.16656624,  0.        ]]]), 'num': array([ 8.65689537e-01,  5.00579353e-01,  2.19285396e-05,  2.15150374e-04,
        2.17088666e-04,  2.13212082e-04,  1.25342861e-03, -6.46097219e-07,
        2.15279593e-04,  2.10563084e-04,  2.15354971e-04,  8.72231246e-07,
        2.17848815e-04,  2.03277353e-04])}
{'img': array([[[ 0.        ,  0.87645626,  0.80010246, ..., -0.11163075,
         -0.22118778, -0.2751917 ],
        [-0.87645626,  0.        , -0.14051949, ..., -0.92472634,
         -0.96124535, -0.97511545],
        [-0.80010246,  0.14051949,  0.        , ..., -0.86206482,
         -0.91296736, -0.93428742],
        ...,
        [ 0.11163075,  0.92472634,  0.86206482, ...,  0.        ,
         -0.11093951, -0.16615107],
        [ 0.22118778,  0.96124535,  0.91296736, ...,  0.11093951,
          0.        , -0.05572796],
        [ 0.2751917 ,  0.97511545,  0.93428742, ...,  0.16615107,
          0.05572796,  0.        ]],

       [[ 0.        ,  0.70455514, -0.4019663 , ...,  0.41894121,
         -0.20050722, -0.5963776 ],
        [-0.70455514,  0.        , -0.93038414, ..., -0.34244418,
         -0.83253699, -0.98876817],
        [ 0.4019663 ,  0.93038414,  0.        , ...,  0.74859615,
          0.21020792, -0.22341585],
        ...,
        [-0.41894121,  0.34244418, -0.74859615, ...,  0.        ,
         -0.59249668, -0.87780462],
        [ 0.20050722,  0.83253699, -0.21020792, ...,  0.59249668,
          0.        , -0.42331855],
        [ 0.5963776 ,  0.98876817,  0.22341585, ...,  0.87780462,
          0.42331855,  0.        ]],

       [[ 0.        ,  0.34869459,  0.65037994, ...,  0.03911861,
          0.16637977,  0.21598694],
        [-0.34869459,  0.        ,  0.34468819, ..., -0.3117643 ,
         -0.18789721, -0.13803326],
        [-0.65037994, -0.34468819,  0.        , ..., -0.62016727,
         -0.5149312 , -0.4709629 ],
        ...,
        [-0.03911861,  0.3117643 ,  0.62016727, ...,  0.        ,
          0.12767906,  0.17762635],
        [-0.16637977,  0.18789721,  0.5149312 , ..., -0.12767906,
          0.        ,  0.05052388],
        [-0.21598694,  0.13803326,  0.4709629 , ..., -0.17762635,
         -0.05052388,  0.        ]],

       ...,

       [[ 0.        ,  0.90134961,  0.51677318, ..., -0.09193076,
          0.08951069,  0.64614788],
        [-0.90134961,  0.        , -0.54785511, ..., -0.93734726,
         -0.85896509, -0.40807943],
        [-0.51677318,  0.54785511,  0.        , ..., -0.59328882,
         -0.43806667,  0.15877404],
        ...,
        [ 0.09193076,  0.93734726,  0.59328882, ...,  0.        ,
          0.18069339,  0.71357438],
        [-0.08951069,  0.85896509,  0.43806667, ..., -0.18069339,
          0.        ,  0.5752385 ],
        [-0.64614788,  0.40807943, -0.15877404, ..., -0.71357438,
         -0.5752385 ,  0.        ]],

       [[ 0.        ,  0.29898577,  0.45580563, ..., -0.84589208,
         -0.98849281, -0.88932251],
        [-0.29898577,  0.        ,  0.16883492, ..., -0.9666642 ,
         -0.98850368, -0.9853631 ],
        [-0.45580563, -0.16883492,  0.        , ..., -0.99601686,
         -0.94878577, -0.99999863],
        ...,
        [ 0.84589208,  0.9666642 ,  0.99601686, ...,  0.        ,
         -0.3992604 , -0.08751383],
        [ 0.98849281,  0.98850368,  0.94878577, ...,  0.3992604 ,
          0.        ,  0.31749259],
        [ 0.88932251,  0.9853631 ,  0.99999863, ...,  0.08751383,
         -0.31749259,  0.        ]],

       [[ 0.        , -0.11256172, -0.27469822, ..., -0.80782319,
         -0.69835983, -0.73397513],
        [ 0.11256172,  0.        , -0.16472091, ..., -0.73634258,
         -0.61335587, -0.65286126],
        [ 0.27469822,  0.16472091,  0.        , ..., -0.61483266,
         -0.47487989, -0.51917093],
        ...,
        [ 0.80782319,  0.73634258,  0.61483266, ...,  0.        ,
          0.16656624,  0.1160312 ],
        [ 0.69835983,  0.61335587,  0.47487989, ..., -0.16656624,
          0.        , -0.0510309 ],
        [ 0.73397513,  0.65286126,  0.51917093, ..., -0.1160312 ,
          0.0510309 ,  0.        ]]]), 'num': array([ 7.47896024e-01,  6.63814213e-01,  5.11135629e-06,  1.83986457e-04,
        1.87341834e-04,  1.83427228e-04,  1.39856551e-03, -2.23691742e-06,
        1.85887837e-04,  1.82336731e-04,  1.86316580e-04,  6.76277358e-07,
        1.88688109e-04,  1.75985353e-04])}
{'img': array([[[ 0.        , -0.14051949, -0.33798743, ..., -0.96124535,
         -0.97511545, -0.99998779],
        [ 0.14051949,  0.        , -0.20238388, ..., -0.91296736,
         -0.93428742, -0.9907601 ],
        [ 0.33798743,  0.20238388,  0.        , ..., -0.81149543,
         -0.84279948, -0.94280904],
        ...,
        [ 0.96124535,  0.91296736,  0.81149543, ...,  0.        ,
         -0.05572796, -0.28044025],
        [ 0.97511545,  0.93428742,  0.84279948, ...,  0.05572796,
          0.        , -0.22651277],
        [ 0.99998779,  0.9907601 ,  0.94280904, ...,  0.28044025,
          0.22651277,  0.        ]],

       [[ 0.        , -0.93038414, -0.92208799, ..., -0.83253699,
         -0.98876817, -0.90582173],
        [ 0.93038414,  0.        ,  0.0220157 , ...,  0.21020792,
         -0.22341585,  0.06210404],
        [ 0.92208799, -0.0220157 ,  0.        , ...,  0.18863318,
         -0.24482091,  0.04011579],
        ...,
        [ 0.83253699, -0.21020792, -0.18863318, ...,  0.        ,
         -0.42331855, -0.14908573],
        [ 0.98876817,  0.22341585,  0.24482091, ...,  0.42331855,
          0.        ,  0.28351883],
        [ 0.90582173, -0.06210404, -0.04011579, ...,  0.14908573,
         -0.28351883,  0.        ]],

       [[ 0.        ,  0.34468819,  0.55378433, ..., -0.18789721,
         -0.13803326, -0.18789721],
        [-0.34468819,  0.        ,  0.23283877, ..., -0.5149312 ,
         -0.4709629 , -0.5149312 ],
        [-0.55378433, -0.23283877,  0.        , ..., -0.70037523,
         -0.66341807, -0.70037523],
        ...,
        [ 0.18789721,  0.5149312 ,  0.70037523, ...,  0.        ,
          0.05052388,  0.        ],
        [ 0.13803326,  0.4709629 ,  0.66341807, ..., -0.05052388,
          0.        , -0.05052388],
        [ 0.18789721,  0.5149312 ,  0.70037523, ...,  0.        ,
          0.05052388,  0.        ]],

       ...,

       [[ 0.        , -0.54785511, -0.69263012, ..., -0.85896509,
         -0.40807943, -0.80549102],
        [ 0.54785511,  0.        , -0.1842718 , ..., -0.43806667,
          0.15877404, -0.34918893],
        [ 0.69263012,  0.1842718 ,  0.        , ..., -0.26491518,
          0.33798938, -0.17053686],
        ...,
        [ 0.85896509,  0.43806667,  0.26491518, ...,  0.        ,
          0.5752385 ,  0.09659064],
        [ 0.40807943, -0.15877404, -0.33798938, ..., -0.5752385 ,
          0.        , -0.49353903],
        [ 0.80549102,  0.34918893,  0.17053686, ..., -0.09659064,
          0.49353903,  0.        ]],

       [[ 0.        ,  0.16883492,  0.31928833, ..., -0.98850368,
         -0.9853631 , -0.97335418],
        [-0.16883492,  0.        ,  0.15470705, ..., -0.94878577,
         -0.99999863, -0.99809605],
        [-0.31928833, -0.15470705,  0.        , ..., -0.88848768,
         -0.9882155 , -0.99562151],
        ...,
        [ 0.98850368,  0.94878577,  0.88848768, ...,  0.        ,
          0.31749259,  0.37383872],
        [ 0.9853631 ,  0.99999863,  0.9882155 , ..., -0.31749259,
          0.        ,  0.0600242 ],
        [ 0.97335418,  0.99809605,  0.99562151, ..., -0.37383872,
         -0.0600242 ,  0.        ]],

       [[ 0.        , -0.16472091, -0.27352364, ..., -0.61335587,
         -0.65286126, -0.63711313],
        [ 0.16472091,  0.        , -0.11134804, ..., -0.47487989,
         -0.51917093, -0.50144831],
        [ 0.27352364,  0.11134804,  0.        , ..., -0.37393492,
         -0.42077658, -0.4019931 ],
        ...,
        [ 0.61335587,  0.47487989,  0.37393492, ...,  0.        ,
         -0.0510309 , -0.03043971],
        [ 0.65286126,  0.51917093,  0.42077658, ...,  0.0510309 ,
          0.        ,  0.02060721],
        [ 0.63711313,  0.50144831,  0.4019931 , ...,  0.03043971,
         -0.02060721,  0.        ]]]), 'num': array([ 7.46075799e-01,  6.65857660e-01,  5.01363371e-06,  1.79058347e-04,
        1.86892149e-04,  1.77939232e-04,  2.05213176e-03, -5.03601600e-06,
        1.84877743e-04,  1.82331757e-04,  1.86127421e-04,  5.81939627e-07,
        1.88840686e-04,  1.75822828e-04])}
{'img': array([[[ 0.        , -0.20238388, -0.42363144, ..., -0.93428742,
         -0.9907601 , -0.87312086],
        [ 0.20238388,  0.        , -0.23153859, ..., -0.84279948,
         -0.94280904, -0.95371564],
        [ 0.42363144,  0.23153859,  0.        , ..., -0.69527653,
         -0.84000936, -0.99742506],
        ...,
        [ 0.93428742,  0.84279948,  0.69527653, ...,  0.        ,
         -0.22651277, -0.76675435],
        [ 0.9907601 ,  0.94280904,  0.84000936, ...,  0.22651277,
          0.        , -0.60141727],
        [ 0.87312086,  0.95371564,  0.99742506, ...,  0.76675435,
          0.60141727,  0.        ]],

       [[ 0.        ,  0.0220157 , -0.03650762, ..., -0.22341585,
          0.06210404,  0.50624928],
