state_0,state_1,state_2,state_3,state_4,state_5,state_6,state_7,state_8,state_9,state_10,state_11,state_12,state_13,state_14,state_15,state_16,state_17,state_18,state_19,state_20,state_21,state_22,state_23,state_24,state_25,state_26,state_27,state_28,state_29,state_30,state_31,state_32,state_33,state_34,state_35,state_36,state_37,state_38,state_39,state_40,state_41,state_42,state_43,state_44,state_45,state_46,state_47,state_48,state_49,state_50,state_51,state_52,state_53,state_54,state_55,state_56,state_57,state_58,state_59,state_60,state_61,state_62,state_63,state_64,state_65,state_66,state_67,state_68,state_69,state_70,state_71,state_72,state_73,state_74,state_75,state_76,state_77,state_78,state_79,state_80,state_81,state_82,state_83,state_84,state_85,state_86,state_87,state_88,state_89,state_90,state_91,state_92,state_93,state_94,state_95,state_96,state_97,state_98,state_99,state_100,state_101,state_102,state_103,state_104,state_105,state_106,state_107,state_108,state_109,state_110,state_111,state_112,state_113,state_114,state_115,state_116,state_117,state_118,state_119,state_120,state_121,state_122,state_123,state_124,state_125,state_126,state_127,state_128,state_129,state_130,state_131,state_132,state_133,state_134,state_135,state_136,state_137,state_138,state_139,state_140,state_141,state_142,state_143,state_144,state_145,state_146,state_147,state_148,state_149,state_150,state_151,state_152,state_153,state_154,state_155,state_156,state_157,state_158,state_159,state_160,state_161,state_162,state_163,state_164,state_165,state_166,state_167,state_168,state_169,state_170,state_171,state_172,state_173,state_174,state_175,state_176,state_177,state_178,state_179,state_180,state_181,state_182,state_183,state_184,state_185,state_186,state_187,state_188,state_189,state_190,state_191,state_192,state_193,state_194,state_195,state_196,state_197,state_198,state_199,state_200,state_201,state_202,state_203,state_204,state_205,state_206,state_207,state_208,state_209,state_210,state_211,state_212,state_213,state_214,state_215,state_216,state_217,state_218,state_219,state_220,state_221,state_222,state_223,state_224,state_225,state_226,state_227,state_228,state_229,state_230,state_231,state_232,state_233,state_234,state_235,state_236,state_237,state_238,state_239,state_240,state_241,state_242,state_243,state_244,state_245,state_246,state_247,state_248,state_249,state_250,state_251,state_252,state_253,state_254,state_255,state_256,state_257,state_258,state_259,state_260,state_261,state_262,state_263,state_264,state_265,state_266,state_267,state_268,state_269,state_270,state_271,state_272,state_273,state_274,state_275,state_276,state_277,state_278,state_279,state_280,state_281,state_282,state_283,state_284,state_285,state_286,state_287
{'img': array([[[ 0.        , -0.30760188, -0.65274725, ..., -0.9968914 ,
         -0.99851129, -0.9977753 ],
        [ 0.30760188,  0.        , -0.38806717, ..., -0.92432198,
         -0.93332034, -0.96990511],
        [ 0.65274725,  0.38806717,  0.        , ..., -0.70379219,
         -0.72084355, -0.79940686],
        ...,
        [ 0.9968914 ,  0.92432198,  0.70379219, ...,  0.        ,
         -0.02429469, -0.14507203],
        [ 0.99851129,  0.93332034,  0.72084355, ...,  0.02429469,
          0.        , -0.12099153],
        [ 0.9977753 ,  0.96990511,  0.79940686, ...,  0.14507203,
          0.12099153,  0.        ]],

       [[ 0.        , -0.30981885,  0.44044013, ..., -0.63339243,
         -0.93396826, -0.62487087],
        [ 0.30981885,  0.        ,  0.69691832, ..., -0.36247938,
         -0.7772973 , -0.35224018],
        [-0.44044013, -0.69691832,  0.        , ..., -0.90947443,
         -0.99589379, -0.9048618 ],
        ...,
        [ 0.63339243,  0.36247938,  0.90947443, ...,  0.        ,
         -0.49638679,  0.01096299],
        [ 0.93396826,  0.7772973 ,  0.99589379, ...,  0.49638679,
          0.        ,  0.50587395],
        [ 0.62487087,  0.35224018,  0.9048618 , ..., -0.01096299,
         -0.50587395,  0.        ]],

       [[ 0.        , -0.07516453, -0.21154081, ..., -0.99718619,
         -0.9994707 , -0.99963883],
        [ 0.07516453,  0.        , -0.1374789 , ..., -0.99999998,
         -0.99908858, -0.99883097],
        [ 0.21154081,  0.1374789 ,  0.        , ..., -0.99047712,
         -0.98373365, -0.98270114],
        ...,
        [ 0.99718619,  0.99999998,  0.99047712, ...,  0.        ,
          0.04248467,  0.04813907],
        [ 0.9994707 ,  0.99908858,  0.98373365, ..., -0.04248467,
          0.        ,  0.00566018],
        [ 0.99963883,  0.99883097,  0.98270114, ..., -0.04813907,
         -0.00566018,  0.        ]],

       ...,

       [[ 0.        , -0.41112606, -0.68039703, ..., -0.95937902,
         -0.9737613 , -0.80589729],
        [ 0.41112606,  0.        , -0.31894416, ..., -0.75856226,
         -0.79409917, -0.49122926],
        [ 0.68039703,  0.31894416,  0.        , ..., -0.51112101,
         -0.55877566, -0.18776404],
        ...,
        [ 0.95937902,  0.75856226,  0.51112101, ...,  0.        ,
         -0.05639028,  0.34064546],
        [ 0.9737613 ,  0.79409917,  0.55877566, ...,  0.05639028,
          0.        ,  0.3931211 ],
        [ 0.80589729,  0.49122926,  0.18776404, ..., -0.34064546,
         -0.3931211 ,  0.        ]],

       [[ 0.        ,  0.29772589,  0.61516404, ..., -0.99249686,
         -0.99897571, -0.99513268],
        [-0.29772589,  0.        ,  0.35254037, ..., -0.9838915 ,
         -0.96714553, -0.92066565],
        [-0.61516404, -0.35254037,  0.        , ..., -0.85769986,
         -0.81542751, -0.72394092],
        ...,
        [ 0.99249686,  0.9838915 ,  0.85769986, ...,  0.        ,
         -0.07723483, -0.2194798 ],
        [ 0.99897571,  0.96714553,  0.81542751, ...,  0.07723483,
          0.        , -0.14347258],
        [ 0.99513268,  0.92066565,  0.72394092, ...,  0.2194798 ,
          0.14347258,  0.        ]],

       [[ 0.        , -0.01303545,  0.05491443, ..., -0.09842982,
          0.17318919,  0.43531449],
        [ 0.01303545,  0.        ,  0.06792554, ..., -0.0854493 ,
          0.18601295,  0.44701304],
        [-0.05491443, -0.06792554,  0.        , ..., -0.15292906,
          0.11884327,  0.38521936],
        ...,
        [ 0.09842982,  0.0854493 ,  0.15292906, ...,  0.        ,
          0.26929059,  0.52181485],
        [-0.17318919, -0.18601295, -0.11884327, ..., -0.26929059,
          0.        ,  0.27281777],
        [-0.43531449, -0.44701304, -0.38521936, ..., -0.52181485,
         -0.27281777,  0.        ]]]), 'num': array([7.19643205e-01, 6.94277208e-01, 6.77329699e-08, 3.17074965e-03,
       3.17498296e-03, 3.12418324e-03, 3.83303417e-03, 5.50330380e-05,
       3.14365647e-03, 3.09709005e-03, 3.09017564e-03, 5.84196865e-07,
       3.19412063e-03, 3.00005947e-03])}
{'img': array([[[ 0.        , -0.5983401 , -0.83331726, ..., -0.99673476,
         -0.99905437, -0.99301212],
        [ 0.5983401 ,  0.        , -0.33692955, ..., -0.75031282,
         -0.82649935, -0.72503169],
        [ 0.83331726,  0.33692955,  0.        , ..., -0.48370354,
         -0.58850348, -0.45059038],
        ...,
        [ 0.99673476,  0.75031282,  0.48370354, ...,  0.        ,
         -0.12400528,  0.03744598],
        [ 0.99905437,  0.82649935,  0.58850348, ...,  0.12400528,
          0.        ,  0.16107527],
        [ 0.99301212,  0.72503169,  0.45059038, ..., -0.03744598,
         -0.16107527,  0.        ]],

       [[ 0.        ,  0.69691832,  0.32179927, ..., -0.7772973 ,
         -0.35224018, -0.53071435],
        [-0.69691832,  0.        , -0.42906927, ..., -0.99589379,
         -0.9048618 , -0.97127571],
        [-0.32179927,  0.42906927,  0.        , ..., -0.93840592,
         -0.63467883, -0.77522576],
        ...,
        [ 0.7772973 ,  0.99589379,  0.93840592, ...,  0.        ,
          0.50587395,  0.32490876],
        [ 0.35224018,  0.9048618 ,  0.63467883, ..., -0.50587395,
          0.        , -0.19815924],
        [ 0.53071435,  0.97127571,  0.77522576, ..., -0.32490876,
          0.19815924,  0.        ]],

       [[ 0.        , -0.19815859, -0.44569649, ..., -0.99951436,
         -0.99967493, -0.99985554],
        [ 0.19815859,  0.        , -0.25946989, ..., -0.98586888,
         -0.98490355, -0.98339651],
        [ 0.44569649,  0.25946989,  0.        , ..., -0.90863796,
         -0.90625651, -0.90263039],
        ...,
        [ 0.99951436,  0.98586888,  0.90863796, ...,  0.        ,
          0.00566797,  0.01416806],
        [ 0.99967493,  0.98490355,  0.90625651, ..., -0.00566797,
          0.        ,  0.00850043],
        [ 0.99985554,  0.98339651,  0.90263039, ..., -0.01416806,
         -0.00850043,  0.        ]],

       ...,

       [[ 0.        , -0.58226692, -0.89048645, ..., -0.95871934,
         -0.74622208, -0.55398272],
        [ 0.58226692,  0.        , -0.45902629, ..., -0.61386664,
         -0.21906344,  0.03436694],
        [ 0.89048645,  0.45902629,  0.        , ..., -0.18301323,
          0.25325589,  0.4892875 ],
        ...,
        [ 0.95871934,  0.61386664,  0.18301323, ...,  0.        ,
          0.42602539,  0.64063362],
        [ 0.74622208,  0.21906344, -0.25325589, ..., -0.42602539,
          0.        ,  0.25246623],
        [ 0.55398272, -0.03436694, -0.4892875 , ..., -0.64063362,
         -0.25246623,  0.        ]],

       [[ 0.        ,  0.35254037,  0.43110476, ..., -0.96714553,
         -0.92066565, -0.81246118],
        [-0.35254037,  0.        ,  0.08532853, ..., -0.81542751,
         -0.72394092, -0.55476199],
        [-0.43110476, -0.08532853,  0.        , ..., -0.76306034,
         -0.6624357 , -0.48174459],
        ...,
        [ 0.96714553,  0.81542751,  0.76306034, ...,  0.        ,
         -0.14347258, -0.35731402],
        [ 0.92066565,  0.72394092,  0.6624357 , ...,  0.14347258,
          0.        , -0.21961622],
        [ 0.81246118,  0.55476199,  0.48174459, ...,  0.35731402,
          0.21961622,  0.        ]],

       [[ 0.        ,  0.06792554,  0.24187032, ...,  0.18601295,
          0.44701304,  0.73247409],
        [-0.06792554,  0.        ,  0.17540296, ...,  0.11884327,
          0.38521936,  0.684539  ],
        [-0.24187032, -0.17540296,  0.        , ..., -0.05715907,
          0.21738096,  0.54606182],
        ...,
        [-0.18601295, -0.11884327,  0.05715907, ...,  0.        ,
          0.27281777,  0.59305377],
        [-0.44701304, -0.38521936, -0.21738096, ..., -0.27281777,
          0.        ,  0.35089397],
        [-0.73247409, -0.684539  , -0.54606182, ..., -0.59305377,
         -0.35089397,  0.        ]]]), 'num': array([ 7.07078830e-01,  7.07078830e-01,  0.00000000e+00,  2.92395126e-03,
        2.94354879e-03,  2.90827324e-03,  3.45308453e-03, -1.17585171e-05,
        2.92003175e-03,  2.87280171e-03,  2.85627446e-03,  5.14682568e-07,
        2.96284718e-03,  2.78275624e-03])}
{'img': array([[[ 0.        , -0.68965517, -0.74329344, ..., -0.99807186,
         -0.97043085, -0.9797959 ],
        [ 0.68965517,  0.        , -0.07689144, ..., -0.67993551,
         -0.5362573 , -0.57157634],
        [ 0.74329344,  0.07689144,  0.        , ..., -0.62154021,
         -0.46976912, -0.50679098],
        ...,
        [ 0.99807186,  0.67993551,  0.62154021, ...,  0.        ,
          0.18068026,  0.13879945],
        [ 0.97043085,  0.5362573 ,  0.46976912, ..., -0.18068026,
          0.        , -0.04241629],
        [ 0.9797959 ,  0.57157634,  0.50679098, ..., -0.13879945,
          0.04241629,  0.        ]],

       [[ 0.        , -0.42906927, -0.27831581, ..., -0.9048618 ,
         -0.97127571, -0.97778678],
        [ 0.42906927,  0.        ,  0.16072182, ..., -0.63467883,
         -0.77522576, -0.79327322],
        [ 0.27831581, -0.16072182,  0.        , ..., -0.75062981,
         -0.86667307, -0.88081849],
        ...,
        [ 0.9048618 ,  0.63467883,  0.75062981, ...,  0.        ,
         -0.19815924, -0.22658827],
        [ 0.97127571,  0.77522576,  0.86667307, ...,  0.19815924,
          0.        , -0.02908974],
        [ 0.97778678,  0.79327322,  0.88081849, ...,  0.22658827,
          0.02908974,  0.        ]],

       [[ 0.        , -0.40534657, -0.52942813, ..., -0.99987617,
         -0.99997442, -0.99963051],
        [ 0.40534657,  0.        , -0.14010595, ..., -0.92042873,
         -0.91703918, -0.90280731],
        [ 0.52942813,  0.14010595,  0.        , ..., -0.85658123,
         -0.85212013, -0.83365058],
        ...,
        [ 0.99987617,  0.92042873,  0.85658123, ...,  0.        ,
          0.00858417,  0.04290927],
        [ 0.99997442,  0.91703918,  0.85212013, ..., -0.00858417,
          0.        ,  0.03433143],
        [ 0.99963051,  0.90280731,  0.83365058, ..., -0.04290927,
         -0.03433143,  0.        ]],

       ...,

       [[ 0.        , -0.47094437, -0.47958575, ..., -0.226956  ,
          0.03618913, -0.13811101],
        [ 0.47094437,  0.        , -0.00982142, ...,  0.25844292,
          0.50256059,  0.34459478],
        [ 0.47958575,  0.00982142,  0.        , ...,  0.26791821,
          0.51102738,  0.35379804],
        ...,
        [ 0.226956  , -0.25844292, -0.26791821, ...,  0.        ,
          0.26205211,  0.09027402],
        [-0.03618913, -0.50256059, -0.51102738, ..., -0.26205211,
          0.        , -0.17386287],
        [ 0.13811101, -0.34459478, -0.35379804, ..., -0.09027402,
          0.17386287,  0.        ]],

       [[ 0.        ,  0.08532853, -0.04869799, ..., -0.72394092,
         -0.55476199, -0.60008786],
        [-0.08532853,  0.        , -0.13374767, ..., -0.6624357 ,
         -0.48174459, -0.52964206],
        [ 0.04869799,  0.13374767,  0.        , ..., -0.75667689,
         -0.59462096, -0.63833107],
        ...,
        [ 0.72394092,  0.6624357 ,  0.75667689, ...,  0.        ,
         -0.21961622, -0.16512722],
        [ 0.55476199,  0.48174459,  0.59462096, ...,  0.21961622,
          0.        ,  0.05550553],
        [ 0.60008786,  0.52964206,  0.63833107, ...,  0.16512722,
         -0.05550553,  0.        ]],

       [[ 0.        ,  0.17540296,  0.33849093, ...,  0.38521936,
          0.684539  ,  0.71129518],
        [-0.17540296,  0.        ,  0.16819435, ...,  0.21738096,
          0.54606182,  0.57697819],
        [-0.33849093, -0.16819435,  0.        , ...,  0.05011182,
          0.39737859,  0.43138414],
        ...,
        [-0.38521936, -0.21738096, -0.05011182, ...,  0.        ,
          0.35089397,  0.38563285],
        [-0.684539  , -0.54606182, -0.39737859, ..., -0.35089397,
          0.        ,  0.03735932],
        [-0.71129518, -0.57697819, -0.43138414, ..., -0.38563285,
         -0.03735932,  0.        ]]]), 'num': array([7.07078382e-01, 7.07078382e-01, 0.00000000e+00, 2.93178841e-03,
       2.93178841e-03, 2.89259338e-03, 3.64020727e-03, 7.83900645e-06,
       2.92002990e-03, 2.87711134e-03, 2.85261445e-03, 4.70340387e-07,
       2.96974688e-03, 2.78447581e-03])}
{'img': array([[[ 0.        , -0.352     , -0.66817962, ..., -0.89799777,
         -0.91996522, -0.90566219],
        [ 0.352     ,  0.        , -0.36352812, ..., -0.68564592,
         -0.72310344, -0.69845181],
        [ 0.66817962,  0.36352812,  0.        , ..., -0.37411131,
         -0.42252771, -0.39050451],
        ...,
        [ 0.89799777,  0.68564592,  0.37411131, ...,  0.        ,
         -0.05276957, -0.01774031],
        [ 0.91996522,  0.72310344,  0.42252771, ...,  0.05276957,
          0.        ,  0.03504567],
        [ 0.90566219,  0.69845181,  0.39050451, ...,  0.01774031,
         -0.03504567,  0.        ]],

       [[ 0.        ,  0.16072182,  0.01151889, ..., -0.77522576,
         -0.79327322, -0.75788343],
        [-0.16072182,  0.        , -0.14934201, ..., -0.86667307,
         -0.88081849, -0.85288405],
        [-0.01151889,  0.14934201,  0.        , ..., -0.78245063,
         -0.80023405, -0.76534795],
        ...,
        [ 0.77522576,  0.86667307,  0.78245063, ...,  0.        ,
         -0.02908974,  0.02700649],
        [ 0.79327322,  0.88081849,  0.80023405, ...,  0.02908974,
          0.        ,  0.05607419],
        [ 0.75788343,  0.85288405,  0.76534795, ..., -0.02700649,
         -0.05607419,  0.        ]],

       [[ 0.        , -0.36440477, -0.6454215 , ..., -0.99930153,
         -0.99731408, -0.99731408],
        [ 0.36440477,  0.        , -0.32270068, ..., -0.91697269,
         -0.90204908, -0.90204908],
        [ 0.6454215 ,  0.32270068,  0.        , ..., -0.7391742 ,
         -0.714502  , -0.714502  ],
        ...,
        [ 0.99930153,  0.91697269,  0.7391742 , ...,  0.        ,
          0.03592365,  0.03592365],
        [ 0.99731408,  0.90204908,  0.714502  , ..., -0.03592365,
          0.        ,  0.        ],
        [ 0.99731408,  0.90204908,  0.714502  , ..., -0.03592365,
          0.        ,  0.        ]],

       ...,

       [[ 0.        , -0.00982142,  0.11879897, ...,  0.50256059,
          0.34459478,  0.11487597],
        [ 0.00982142,  0.        ,  0.1285451 , ...,  0.51102738,
          0.35379804,  0.12462683],
        [-0.11879897, -0.1285451 ,  0.        , ...,  0.39629493,
          0.23063177, -0.00395005],
        ...,
        [-0.50256059, -0.51102738, -0.39629493, ...,  0.        ,
         -0.17386287, -0.39991847],
        [-0.34459478, -0.35379804, -0.23063177, ...,  0.17386287,
          0.        , -0.23447352],
        [-0.11487597, -0.12462683,  0.00395005, ...,  0.39991847,
          0.23447352,  0.        ]],

       [[ 0.        , -0.13374767, -0.35517795, ..., -0.48174459,
         -0.52964206, -0.5823123 ],
        [ 0.13374767,  0.        , -0.22695967, ..., -0.59462096,
         -0.63833107, -0.68581267],
        [ 0.35517795,  0.22695967,  0.        , ..., -0.7615808 ,
         -0.7963782 , -0.83309209],
        ...,
        [ 0.48174459,  0.59462096,  0.7615808 , ...,  0.        ,
          0.05550553,  0.11864549],
        [ 0.52964206,  0.63833107,  0.7963782 , ..., -0.05550553,
          0.        ,  0.06334911],
        [ 0.5823123 ,  0.68581267,  0.83309209, ..., -0.11864549,
         -0.06334911,  0.        ]],

       [[ 0.        ,  0.16819435,  0.3814572 , ...,  0.54606182,
          0.57697819,  0.58746422],
        [-0.16819435,  0.        ,  0.22054631, ...,  0.39737859,
          0.43138414,  0.44298381],
        [-0.3814572 , -0.22054631,  0.        , ...,  0.18520836,
          0.22179205,  0.2343497 ],
        ...,
        [-0.54606182, -0.39737859, -0.18520836, ...,  0.        ,
          0.03735932,  0.05024454],
        [-0.57697819, -0.43138414, -0.22179205, ..., -0.03735932,
          0.        ,  0.01289732],
        [-0.58746422, -0.44298381, -0.2343497 , ..., -0.05024454,
         -0.01289732,  0.        ]]]), 'num': array([7.07029378e-01, 7.07029378e-01, 0.00000000e+00, 3.05308141e-03,
       3.07659680e-03, 2.90806984e-03, 1.22416807e-02, 1.21496179e-04,
       2.94569446e-03, 2.88435849e-03, 2.85209015e-03, 5.89682551e-07,
       3.00442970e-03, 2.76428728e-03])}
{'img': array([[[ 0.        , -0.5977898 , -0.52477712, ..., -0.89896692,
         -0.88209349, -0.18106531],
        [ 0.5977898 ,  0.        ,  0.08817329, ..., -0.45881762,
         -0.42552934,  0.44275744],
        [ 0.52477712, -0.08817329,  0.        , ..., -0.53537525,
         -0.50366392,  0.36197314],
        ...,
        [ 0.89896692,  0.45881762,  0.53537525, ...,  0.        ,
          0.03710875,  0.80479836],
        [ 0.88209349,  0.42552934,  0.50366392, ..., -0.03710875,
          0.        ,  0.78221821],
        [ 0.18106531, -0.44275744, -0.36197314, ..., -0.80479836,
         -0.78221821,  0.        ]],

       [[ 0.        , -0.13162739, -0.12988787, ..., -0.83400774,
         -0.80378914,  0.98648955],
        [ 0.13162739,  0.        ,  0.00175458, ..., -0.75412549,
         -0.71848856,  0.99947012],
        [ 0.12988787, -0.00175458,  0.        , ..., -0.75527661,
         -0.71970783,  0.99941147],
        ...,
        [ 0.83400774,  0.75412549,  0.75527661, ...,  0.        ,
          0.05267027,  0.68092897],
        [ 0.80378914,  0.71848856,  0.71970783, ..., -0.05267027,
          0.        ,  0.71855686],
        [-0.98648955, -0.99947012, -0.99941147, ..., -0.68092897,
         -0.71855686,  0.        ]],

       [[ 0.        , -0.56275258, -0.73788853, ..., -0.99376947,
         -0.99376947, -0.97691633],
        [ 0.56275258,  0.        , -0.23014296, ..., -0.75875342,
         -0.75875342, -0.68732734],
        [ 0.73788853,  0.23014296,  0.        , ..., -0.58847603,
         -0.58847603, -0.50171347],
        ...,
        [ 0.99376947,  0.75875342,  0.58847603, ...,  0.        ,
          0.        ,  0.103409  ],
        [ 0.99376947,  0.75875342,  0.58847603, ...,  0.        ,
          0.        ,  0.103409  ],
        [ 0.97691633,  0.68732734,  0.50171347, ..., -0.103409  ,
         -0.103409  ,  0.        ]],

       ...,

       [[ 0.        ,  0.12308549,  0.06179912, ...,  0.3354967 ,
          0.1193503 ,  0.90395934],
        [-0.12308549,  0.        , -0.06152102, ...,  0.21699398,
         -0.00376293,  0.84445208],
        [-0.06179912,  0.06152102,  0.        , ...,  0.2766381 ,
          0.05776478,  0.87580508],
        ...,
        [-0.3354967 , -0.21699398, -0.2766381 , ...,  0.        ,
         -0.22066572,  0.70810254],
        [-0.1193503 ,  0.00376293, -0.05776478, ...,  0.22066572,
          0.        ,  0.84646164],
        [-0.90395934, -0.84445208, -0.87580508, ..., -0.70810254,
         -0.84646164,  0.        ]],

       [[ 0.        , -0.33128821, -0.48311118, ..., -0.53073737,
         -0.58348881, -0.77408719],
        [ 0.33128821,  0.        , -0.16576732, ..., -0.78154522,
         -0.81958514, -0.94010579],
        [ 0.48311118,  0.16576732,  0.        , ..., -0.87414617,
         -0.90322371, -0.98360656],
        ...,
        [ 0.53073737,  0.78154522,  0.87414617, ...,  0.        ,
          0.06350491,  0.32006833],
        [ 0.58348881,  0.81958514,  0.90322371, ..., -0.06350491,
          0.        ,  0.25925808],
        [ 0.77408719,  0.94010579,  0.98360656, ..., -0.32006833,
         -0.25925808,  0.        ]],

       [[ 0.        ,  0.22054631,  0.46927997, ...,  0.43138414,
          0.44298381,  0.3107301 ],
        [-0.22054631,  0.        ,  0.26297136, ...,  0.22179205,
          0.2343497 ,  0.09344997],
        [-0.46927997, -0.26297136,  0.        , ..., -0.04243602,
         -0.02954678, -0.17165972],
        ...,
        [-0.43138414, -0.22179205,  0.04243602, ...,  0.        ,
          0.01289732, -0.12969898],
        [-0.44298381, -0.2343497 ,  0.02954678, ..., -0.01289732,
          0.        , -0.14247658],
        [-0.3107301 , -0.09344997,  0.17165972, ...,  0.12969898,
          0.14247658,  0.        ]]]), 'num': array([ 7.07064763e-01,  7.07064763e-01,  0.00000000e+00,  3.01795936e-03,
        3.09634791e-03,  2.98268451e-03,  7.01376106e-03, -3.52748496e-05,
        2.97249399e-03,  2.88979407e-03,  2.85157965e-03,  5.44734024e-07,
        3.02289543e-03,  2.75669270e-03])}
{'img': array([[[ 0.        ,  0.09273679, -0.24549166, ..., -0.43600339,
          0.57710966,  0.06033735],
        [-0.09273679,  0.        , -0.33433267, ..., -0.51758251,
          0.49888765, -0.03249049],
        [ 0.24549166,  0.33433267,  0.        , ..., -0.20173213,
          0.75993421,  0.30353533],
        ...,
        [ 0.43600339,  0.51758251,  0.20173213, ...,  0.        ,
          0.8754364 ,  0.48950931],
        [-0.57710966, -0.49888765, -0.75993421, ..., -0.8754364 ,
          0.        , -0.52678269],
        [-0.06033735,  0.03249049, -0.30353533, ..., -0.48950931,
          0.52678269,  0.        ]],

       [[ 0.        ,  0.00175458, -0.21984594, ..., -0.71848856,
          0.99947012, -0.06305194],
        [-0.00175458,  0.        , -0.22155725, ..., -0.71970783,
          0.99941147, -0.06480293],
        [ 0.21984594,  0.22155725,  0.        , ..., -0.54799908,
          0.98217362,  0.15789915],
        ...,
        [ 0.71848856,  0.71970783,  0.54799908, ...,  0.        ,
          0.71855686,  0.67320388],
        [-0.99947012, -0.99941147, -0.98217362, ..., -0.71855686,
          0.        , -0.99953374],
        [ 0.06305194,  0.06480293, -0.15789915, ..., -0.67320388,
          0.99953374,  0.        ]],

       [[ 0.        , -0.55191813, -0.73509317, ..., -0.97618291,
         -0.94439486, -0.89599319],
        [ 0.55191813,  0.        , -0.23881117, ..., -0.6942991 ,
         -0.60605111, -0.50207813],
        [ 0.73509317,  0.23881117,  0.        , ..., -0.50234108,
         -0.3985591 , -0.28102181],
        ...,
        [ 0.97618291,  0.6942991 ,  0.50234108, ...,  0.        ,
          0.11609651,  0.23910643],
        [ 0.94439486,  0.60605111,  0.3985591 , ..., -0.11609651,
          0.        ,  0.12476063],
        [ 0.89599319,  0.50207813,  0.28102181, ..., -0.23910643,
         -0.12476063,  0.        ]],

       ...,

       [[ 0.        , -0.06152102, -0.3480821 , ..., -0.00376293,
          0.84445208,  0.39209404],
        [ 0.06152102,  0.        , -0.28974901, ...,  0.05776478,
          0.87580508,  0.44794606],
        [ 0.3480821 ,  0.28974901,  0.        , ...,  0.34455202,
          0.97808707,  0.68778354],
        ...,
        [ 0.00376293, -0.05776478, -0.34455202, ...,  0.        ,
          0.84646164,  0.39555288],
        [-0.84445208, -0.87580508, -0.97808707, ..., -0.84646164,
          0.        , -0.56681493],
        [-0.39209404, -0.44794606, -0.68778354, ..., -0.39555288,
          0.56681493,  0.        ]],

       [[ 0.        , -0.36742163, -0.48241251, ..., -0.59101271,
         -0.7826851 , -0.85066967],
        [ 0.36742163,  0.        , -0.12682909, ..., -0.84605918,
         -0.95662958, -0.98432291],
        [ 0.48241251,  0.12682909,  0.        , ..., -0.90683809,
         -0.98585062, -0.99874367],
        ...,
        [ 0.59101271,  0.84605918,  0.90683809, ...,  0.        ,
          0.26350563,  0.37550738],
        [ 0.7826851 ,  0.95662958,  0.98585062, ..., -0.26350563,
          0.        ,  0.11801401],
        [ 0.85066967,  0.98432291,  0.99874367, ..., -0.37550738,
         -0.11801401,  0.        ]],

       [[ 0.        ,  0.26297136,  0.45951727, ...,  0.2343497 ,
          0.09344997,  0.04155375],
        [-0.26297136,  0.        ,  0.20978097, ..., -0.02954678,
         -0.17165972, -0.22265301],
        [-0.45951727, -0.20978097,  0.        , ..., -0.23857869,
         -0.37450706, -0.42221362],
        ...,
        [-0.2343497 ,  0.02954678,  0.23857869, ...,  0.        ,
         -0.14247658, -0.19375071],
        [-0.09344997,  0.17165972,  0.37450706, ...,  0.14247658,
          0.        , -0.05199734],
        [-0.04155375,  0.22265301,  0.42221362, ...,  0.19375071,
          0.05199734,  0.        ]]]), 'num': array([ 7.07069677e-01,  7.07069677e-01,  0.00000000e+00,  2.93567178e-03,
        3.04149706e-03,  2.93175232e-03,  6.02498619e-03, -8.23085545e-05,
        2.97251465e-03,  2.89706514e-03,  2.85035831e-03,  4.45392611e-07,
        3.02339751e-03,  2.77073277e-03])}
{'img': array([[[ 0.        , -0.33433267, -0.5336946 , ...,  0.49888765,
         -0.03249049, -0.50111152],
        [ 0.33433267,  0.        , -0.22024567, ...,  0.75993421,
          0.30353533, -0.18294941],
        [ 0.5336946 ,  0.22024567,  0.        , ...,  0.88443328,
          0.50593636,  0.03807145],
        ...,
        [-0.49888765, -0.75993421, -0.88443328, ...,  0.        ,
         -0.52678269, -0.8660254 ],
        [ 0.03249049, -0.30353533, -0.50593636, ...,  0.52678269,
          0.        , -0.47273025],
        [ 0.50111152,  0.18294941, -0.03807145, ...,  0.8660254 ,
          0.47273025,  0.        ]],

       [[ 0.        , -0.22155725, -0.16414077, ...,  0.99941147,
         -0.06480293, -0.25871511],
        [ 0.22155725,  0.        ,  0.05849081, ...,  0.98217362,
          0.15789915, -0.03827131],
        [ 0.16414077, -0.05849081,  0.        , ...,  0.99148696,
          0.09987176, -0.09665375],
        ...,
        [-0.99941147, -0.98217362, -0.99148696, ...,  0.        ,
         -0.99953374, -0.97425998],
        [ 0.06480293, -0.15789915, -0.09987176, ...,  0.99953374,
          0.        , -0.19557468],
        [ 0.25871511,  0.03827131,  0.09665375, ...,  0.97425998,
          0.19557468,  0.        ]],

       [[ 0.        , -0.5578459 , -0.72078297, ..., -0.89344721,
         -0.81825082, -0.81825082],
        [ 0.5578459 ,  0.        , -0.21153298, ..., -0.490945  ,
         -0.35841875, -0.35841875],
        [ 0.72078297,  0.21153298,  0.        , ..., -0.2955498 ,
         -0.15282912, -0.15282912],
        ...,
        [ 0.89344721,  0.490945  ,  0.2955498 , ...,  0.        ,
          0.14607603,  0.14607603],
        [ 0.81825082,  0.35841875,  0.15282912, ..., -0.14607603,
          0.        ,  0.        ],
        [ 0.81825082,  0.35841875,  0.15282912, ..., -0.14607603,
          0.        ,  0.        ]],

       ...,

       [[ 0.        , -0.28974901, -0.39052575, ...,  0.87580508,
          0.44794606, -0.0538905 ],
        [ 0.28974901,  0.        , -0.10703261, ...,  0.97808707,
          0.68778354,  0.23774922],
        [ 0.39052575,  0.10703261,  0.        , ...,  0.99475225,
          0.76152924,  0.34034709],
        ...,
        [-0.87580508, -0.97808707, -0.99475225, ...,  0.        ,
         -0.56681493, -0.90054346],
        [-0.44794606, -0.68778354, -0.76152924, ...,  0.56681493,
          0.        , -0.4954765 ],
        [ 0.0538905 , -0.23774922, -0.34034709, ...,  0.90054346,
          0.4954765 ,  0.        ]],

       [[ 0.        , -0.19835286, -0.30076361, ..., -0.88895526,
         -0.93751572, -0.93856829],
        [ 0.19835286,  0.        , -0.10561877, ..., -0.96213675,
         -0.98790339, -0.98836987],
        [ 0.30076361,  0.10561877,  0.        , ..., -0.98554344,
         -0.99875611, -0.99890296],
        ...,
        [ 0.88895526,  0.96213675,  0.98554344, ...,  0.        ,
          0.12007091,  0.12308594],
        [ 0.93751572,  0.98790339,  0.99875611, ..., -0.12007091,
          0.        ,  0.00303756],
        [ 0.93856829,  0.98836987,  0.99890296, ..., -0.12308594,
         -0.00303756,  0.        ]],

       [[ 0.        ,  0.20978097,  0.38673106, ..., -0.17165972,
         -0.22265301, -0.12866499],
        [-0.20978097,  0.        ,  0.18466724, ..., -0.37450706,
         -0.42221362, -0.33383928],
        [-0.38673106, -0.18466724,  0.        , ..., -0.53929386,
         -0.5823522 , -0.50217049],
        ...,
        [ 0.17165972,  0.37450706,  0.53929386, ...,  0.        ,
         -0.05199734,  0.04347778],
        [ 0.22265301,  0.42221362,  0.5823522 , ...,  0.05199734,
          0.        ,  0.09536714],
        [ 0.12866499,  0.33383928,  0.50217049, ..., -0.04347778,
         -0.09536714,  0.        ]]]), 'num': array([7.07075333e-01, 7.07075333e-01, 0.00000000e+00, 2.93961474e-03,
       2.96313166e-03, 2.92393680e-03, 4.54585943e-03, 3.91948632e-06,
       2.97567402e-03, 2.90473132e-03, 2.84900928e-03, 4.47941294e-07,
       3.02157935e-03, 2.78788328e-03])}
{'img': array([[[ 0.        , -0.22024567,  0.0912992 , ...,  0.30353533,
         -0.18294941, -0.16388864],
        [ 0.22024567,  0.        ,  0.30838311, ...,  0.50593636,
          0.03807145,  0.05740343],
        [-0.0912992 , -0.30838311,  0.        , ...,  0.21527589,
         -0.27194361, -0.25326889],
        ...,
        [-0.30353533, -0.50593636, -0.21527589, ...,  0.        ,
         -0.47273025, -0.45558759],
        [ 0.18294941, -0.03807145,  0.27194361, ...,  0.47273025,
          0.        ,  0.01935314],
        [ 0.16388864, -0.05740343,  0.25326889, ...,  0.45558759,
         -0.01935314,  0.        ]],

       [[ 0.        ,  0.05849081,  0.10465583, ...,  0.15789915,
         -0.03827131, -0.34684125],
        [-0.05849081,  0.        ,  0.04630704, ...,  0.09987176,
         -0.09665375, -0.40110737],
        [-0.10465583, -0.04630704,  0.        , ...,  0.0536891 ,
         -0.1426403 , -0.44309577],
        ...,
        [-0.15789915, -0.09987176, -0.0536891 , ...,  0.        ,
         -0.19557468, -0.49058759],
        [ 0.03827131,  0.09665375,  0.1426403 , ...,  0.19557468,
          0.        , -0.31069157],
        [ 0.34684125,  0.40110737,  0.44309577, ...,  0.49058759,
          0.31069157,  0.        ]],

       [[ 0.        , -0.52596688, -0.62853936, ..., -0.69271428,
         -0.69271428, -0.67548499],
        [ 0.52596688,  0.        , -0.12549055, ..., -0.20982331,
         -0.20982331, -0.18666923],
        [ 0.62853936,  0.12549055,  0.        , ..., -0.08546757,
         -0.08546757, -0.0619088 ],
        ...,
        [ 0.69271428,  0.20982331,  0.08546757, ...,  0.        ,
          0.        ,  0.02362136],
        [ 0.69271428,  0.20982331,  0.08546757, ...,  0.        ,
          0.        ,  0.02362136],
        [ 0.67548499,  0.18666923,  0.0619088 , ..., -0.02362136,
         -0.02362136,  0.        ]],

       ...,

       [[ 0.        , -0.10703261, -0.17104713, ...,  0.68778354,
          0.23774922,  0.24851465],
        [ 0.10703261,  0.        , -0.0646093 , ...,  0.76152924,
          0.34034709,  0.35076186],
        [ 0.17104713,  0.0646093 ,  0.        , ...,  0.80181339,
          0.4003881 ,  0.41053332],
        ...,
        [-0.68778354, -0.76152924, -0.80181339, ...,  0.        ,
         -0.4954765 , -0.48580576],
        [-0.23774922, -0.34034709, -0.4003881 , ...,  0.4954765 ,
          0.        ,  0.0110983 ],
        [-0.24851465, -0.35076186, -0.41053332, ...,  0.48580576,
         -0.0110983 ,  0.        ]],

       [[ 0.        , -0.10561877, -0.11153593, ..., -0.98790339,
         -0.98836987, -0.98652912],
        [ 0.10561877,  0.        , -0.00595233, ..., -0.99875611,
         -0.99890296, -0.99828889],
        [ 0.11153593,  0.00595233,  0.        , ..., -0.99903521,
         -0.999164  , -0.99861926],
        ...,
        [ 0.98790339,  0.99875611,  0.99903521, ...,  0.        ,
          0.00303756, -0.00862523],
        [ 0.98836987,  0.99890296,  0.999164  , ..., -0.00303756,
          0.        , -0.01166263],
        [ 0.98652912,  0.99828889,  0.99861926, ...,  0.00862523,
          0.01166263,  0.        ]],

       [[ 0.        ,  0.18466724,  0.22252763, ..., -0.42221362,
         -0.33383928, -0.2132272 ],
        [-0.18466724,  0.        ,  0.03866343, ..., -0.5823522 ,
         -0.50217049, -0.3899803 ],
        [-0.22252763, -0.03866343,  0.        , ..., -0.61334769,
         -0.53522994, -0.4252909 ],
        ...,
        [ 0.42221362,  0.5823522 ,  0.61334769, ...,  0.        ,
          0.09536714,  0.21921415],
        [ 0.33383928,  0.50217049,  0.53522994, ..., -0.09536714,
          0.        ,  0.1251675 ],
        [ 0.2132272 ,  0.3899803 ,  0.4252909 , ..., -0.21921415,
         -0.1251675 ,  0.        ]]]), 'num': array([ 7.07068227e-01,  7.07068227e-01,  0.00000000e+00,  2.90431018e-03,
        2.96310188e-03,  2.88079350e-03,  6.41658145e-03, -3.52750224e-05,
        2.97015689e-03,  2.90979741e-03,  2.84787014e-03,  4.19546433e-07,
        3.01683204e-03,  2.80276277e-03])}
{'img': array([[[ 0.        ,  0.30838311,  0.13687741, ...,  0.03807145,
          0.05740343, -0.10987224],
        [-0.30838311,  0.        , -0.1752743 , ..., -0.27194361,
         -0.25326889, -0.41103339],
        [-0.13687741,  0.1752743 ,  0.        , ..., -0.09906505,
         -0.07978856, -0.24488684],
        ...,
        [-0.03807145,  0.27194361,  0.09906505, ...,  0.        ,
          0.01935314, -0.14763354],
        [-0.05740343,  0.25326889,  0.07978856, ..., -0.01935314,
          0.        , -0.16674696],
        [ 0.10987224,  0.41103339,  0.24488684, ...,  0.14763354,
          0.16674696,  0.        ]],

       [[ 0.        ,  0.04630704, -0.55927015, ..., -0.09665375,
         -0.40110737, -0.01821325],
        [-0.04630704,  0.        , -0.59705806, ..., -0.1426403 ,
         -0.44309577, -0.06449307],
        [ 0.55927015,  0.59705806,  0.        , ...,  0.47652712,
          0.17979664,  0.54407886],
        ...,
        [ 0.09665375,  0.1426403 , -0.47652712, ...,  0.        ,
         -0.31069157,  0.07850975],
        [ 0.40110737,  0.44309577, -0.17979664, ...,  0.31069157,
          0.        ,  0.38435694],
        [ 0.01821325,  0.06449307, -0.54407886, ..., -0.07850975,
         -0.38435694,  0.        ]],

       [[ 0.        , -0.38862175, -0.50985221, ..., -0.50985221,
         -0.47915692, -0.53133537],
        [ 0.38862175,  0.        , -0.13545996, ..., -0.13545996,
         -0.10038924, -0.1603456 ],
        [ 0.50985221,  0.13545996,  0.        , ...,  0.        ,
          0.03531171, -0.02516043],
        ...,
        [ 0.50985221,  0.13545996,  0.        , ...,  0.        ,
          0.03531171, -0.02516043],
        [ 0.47915692,  0.10038924, -0.03531171, ..., -0.03531171,
          0.        , -0.06044527],
        [ 0.53133537,  0.1603456 ,  0.02516043, ...,  0.02516043,
          0.06044527,  0.        ]],

       ...,

       [[ 0.        , -0.0646093 , -0.54434513, ...,  0.34034709,
          0.35076186,  0.23534005],
        [ 0.0646093 ,  0.        , -0.48900955, ...,  0.4003881 ,
          0.41053332,  0.29764296],
        [ 0.54434513,  0.48900955,  0.        , ...,  0.79735168,
          0.80400056,  0.72647383],
        ...,
        [-0.34034709, -0.4003881 , -0.79735168, ...,  0.        ,
          0.0110983 , -0.10949757],
        [-0.35076186, -0.41053332, -0.80400056, ..., -0.0110983 ,
          0.        , -0.12052239],
        [-0.23534005, -0.29764296, -0.72647383, ...,  0.10949757,
          0.12052239,  0.        ]],

       [[ 0.        , -0.00595233, -0.0078438 , ..., -0.99890296,
         -0.99828889, -0.99606366],
        [ 0.00595233,  0.        , -0.00189152, ..., -0.999164  ,
         -0.99861926, -0.99657364],
        [ 0.0078438 ,  0.00189152,  0.        , ..., -0.99923954,
         -0.99871684, -0.9967283 ],
        ...,
        [ 0.99890296,  0.999164  ,  0.99923954, ...,  0.        ,
         -0.01166263, -0.04189971],
        [ 0.99828889,  0.99861926,  0.99871684, ...,  0.01166263,
          0.        , -0.03024447],
        [ 0.99606366,  0.99657364,  0.9967283 , ...,  0.04189971,
          0.03024447,  0.        ]],

       [[ 0.        ,  0.03866343,  0.04655195, ..., -0.50217049,
         -0.3899803 , -0.27585146],
        [-0.03866343,  0.        ,  0.00789562, ..., -0.53522994,
         -0.4252909 , -0.31280851],
        [-0.04655195, -0.00789562,  0.        , ..., -0.54188274,
         -0.43242363, -0.32029815],
        ...,
        [ 0.50217049,  0.53522994,  0.54188274, ...,  0.        ,
          0.1251675 ,  0.24413872],
        [ 0.3899803 ,  0.4252909 ,  0.43242363, ..., -0.1251675 ,
          0.        ,  0.12083875],
        [ 0.27585146,  0.31280851,  0.32029815, ..., -0.24413872,
         -0.12083875,  0.        ]]]), 'num': array([7.07078449e-01, 7.07078449e-01, 0.00000000e+00, 2.93570820e-03,
       2.97882274e-03, 2.92394969e-03, 3.43665995e-03, 3.13560288e-05,
       2.94668281e-03, 2.91336703e-03, 2.84804197e-03, 4.31945295e-07,
       3.01892036e-03, 2.80781370e-03])}
{'img': array([[[ 0.        , -0.1752743 , -0.3945778 , ..., -0.25326889,
         -0.41103339, -0.27194361],
        [ 0.1752743 ,  0.        , -0.22741661, ..., -0.07978856,
         -0.24488684, -0.09906505],
        [ 0.3945778 ,  0.22741661,  0.        , ...,  0.14899366,
         -0.01797806,  0.12982863],
        ...,
        [ 0.25326889,  0.07978856, -0.14899366, ...,  0.        ,
         -0.16674696, -0.01935314],
        [ 0.41103339,  0.24488684,  0.01797806, ...,  0.16674696,
          0.        ,  0.14763354],
        [ 0.27194361,  0.09906505, -0.12982863, ...,  0.01935314,
         -0.14763354,  0.        ]],

       [[ 0.        , -0.59705806, -0.38215782, ..., -0.44309577,
         -0.06449307, -0.67596879],
