state_0,state_1,state_2,state_3,state_4,state_5,state_6,state_7,state_8,state_9,state_10,state_11,state_12,state_13,state_14,state_15,state_16,state_17,state_18,state_19,state_20,state_21,state_22,state_23,state_24,state_25,state_26,state_27,state_28,state_29,state_30,state_31,state_32,state_33,state_34,state_35,state_36,state_37,state_38,state_39,state_40,state_41,state_42,state_43,state_44,state_45,state_46,state_47,state_48,state_49,state_50,state_51,state_52,state_53,state_54,state_55,state_56,state_57,state_58,state_59,state_60,state_61,state_62,state_63,state_64,state_65,state_66,state_67,state_68,state_69,state_70,state_71,state_72,state_73,state_74,state_75,state_76,state_77,state_78,state_79,state_80,state_81,state_82,state_83,state_84,state_85,state_86,state_87,state_88,state_89,state_90,state_91,state_92,state_93,state_94,state_95,state_96,state_97,state_98,state_99,state_100,state_101,state_102,state_103,state_104,state_105,state_106,state_107,state_108,state_109,state_110,state_111,state_112,state_113,state_114,state_115,state_116,state_117,state_118,state_119,state_120,state_121,state_122,state_123,state_124,state_125,state_126,state_127,state_128,state_129,state_130,state_131,state_132,state_133,state_134,state_135,state_136,state_137,state_138,state_139,state_140,state_141,state_142,state_143,state_144,state_145,state_146,state_147,state_148,state_149,state_150,state_151,state_152,state_153,state_154,state_155,state_156,state_157,state_158,state_159,state_160,state_161,state_162,state_163,state_164,state_165,state_166,state_167,state_168,state_169,state_170,state_171,state_172,state_173,state_174,state_175,state_176,state_177,state_178,state_179,state_180,state_181,state_182,state_183,state_184,state_185,state_186,state_187,state_188,state_189,state_190,state_191,state_192,state_193,state_194,state_195,state_196,state_197,state_198,state_199,state_200,state_201,state_202,state_203,state_204,state_205,state_206,state_207,state_208,state_209,state_210,state_211,state_212,state_213,state_214,state_215,state_216,state_217,state_218,state_219,state_220,state_221,state_222,state_223,state_224,state_225,state_226,state_227,state_228,state_229,state_230,state_231,state_232,state_233,state_234,state_235,state_236,state_237,state_238,state_239,state_240,state_241,state_242,state_243,state_244,state_245,state_246,state_247,state_248,state_249,state_250,state_251,state_252,state_253,state_254,state_255,state_256,state_257,state_258,state_259,state_260,state_261,state_262,state_263,state_264,state_265,state_266,state_267,state_268,state_269,state_270,state_271,state_272,state_273,state_274,state_275,state_276,state_277,state_278,state_279,state_280,state_281,state_282,state_283,state_284,state_285,state_286,state_287
{'img': array([[[ 0.00000000e+00, -7.55283930e-03,  7.76025633e-02, ...,
         -9.99695855e-01, -9.04254977e-01, -6.94421811e-01],
        [ 7.55283930e-03,  0.00000000e+00,  8.51304126e-02, ...,
         -9.99481075e-01, -9.01004176e-01, -6.88967221e-01],
        [-7.76025633e-02, -8.51304126e-02,  0.00000000e+00, ...,
         -9.98594955e-01, -9.34663826e-01, -7.48168029e-01],
        ...,
        [ 9.99695855e-01,  9.99481075e-01,  9.98594955e-01, ...,
          0.00000000e+00,  4.04562593e-01,  7.02223712e-01],
        [ 9.04254977e-01,  9.01004176e-01,  9.34663826e-01, ...,
         -4.04562593e-01,  0.00000000e+00,  3.54159914e-01],
        [ 6.94421811e-01,  6.88967221e-01,  7.48168029e-01, ...,
         -7.02223712e-01, -3.54159914e-01,  0.00000000e+00]],

       [[ 0.00000000e+00, -9.24975105e-01, -9.36086727e-01, ...,
         -7.63644826e-01, -7.56561385e-01, -9.37766170e-01],
        [ 9.24975105e-01,  0.00000000e+00,  6.81116734e-01, ...,
         -3.06991563e-01, -3.17347913e-01,  3.51634746e-02],
        [ 9.36086727e-01, -6.81116734e-01,  0.00000000e+00, ...,
         -8.72998628e-01, -8.78263409e-01, -6.54949702e-01],
        ...,
        [ 7.63644826e-01,  3.06991563e-01,  8.72998628e-01, ...,
          0.00000000e+00, -1.09009736e-02,  3.40267221e-01],
        [ 7.56561385e-01,  3.17347913e-01,  8.78263409e-01, ...,
          1.09009736e-02,  0.00000000e+00,  3.50497502e-01],
        [ 9.37766170e-01, -3.51634746e-02,  6.54949702e-01, ...,
         -3.40267221e-01, -3.50497502e-01,  0.00000000e+00]],

       [[ 0.00000000e+00,  3.13155591e-02,  1.38427876e-01, ...,
         -8.74065859e-01, -9.00734535e-01, -8.74982065e-01],
        [-3.13155591e-02,  0.00000000e+00,  1.07345914e-01, ...,
         -8.88850503e-01, -9.13895307e-01, -8.89714523e-01],
        [-1.38427876e-01, -1.07345914e-01,  0.00000000e+00, ...,
         -9.32900098e-01, -9.52191646e-01, -9.33578785e-01],
        ...,
        [ 8.74065859e-01,  8.88850503e-01,  9.32900098e-01, ...,
          0.00000000e+00, -5.79155574e-02, -1.88915671e-03],
        [ 9.00734535e-01,  9.13895307e-01,  9.52191646e-01, ...,
          5.79155574e-02,  0.00000000e+00,  5.60294683e-02],
        [ 8.74982065e-01,  8.89714523e-01,  9.33578785e-01, ...,
          1.88915671e-03, -5.60294683e-02,  0.00000000e+00]],

       ...,

       [[ 0.00000000e+00,  1.73190256e-01,  2.28328818e-01, ...,
         -7.63388214e-02,  1.20654150e-01,  3.17786065e-01],
        [-1.73190256e-01,  0.00000000e+00,  5.62631260e-02, ...,
         -2.47870094e-01, -5.30941617e-02,  1.48771309e-01],
        [-2.28328818e-01, -5.62631260e-02,  0.00000000e+00, ...,
         -3.01984800e-01, -1.09193827e-01,  9.28986421e-02],
        ...,
        [ 7.63388214e-02,  2.47870094e-01,  3.01984800e-01, ...,
          0.00000000e+00,  1.96083209e-01,  3.89240347e-01],
        [-1.20654150e-01,  5.30941617e-02,  1.09193827e-01, ...,
         -1.96083209e-01,  0.00000000e+00,  2.01064778e-01],
        [-3.17786065e-01, -1.48771309e-01, -9.28986421e-02, ...,
         -3.89240347e-01, -2.01064778e-01,  0.00000000e+00]],

       [[ 0.00000000e+00,  4.97405595e-03, -3.71644977e-03, ...,
         -8.89744457e-01, -8.88337560e-01, -8.53049428e-01],
        [-4.97405595e-03,  0.00000000e+00, -8.69042539e-03, ...,
         -8.92003902e-01, -8.90610612e-01, -8.55634488e-01],
        [ 3.71644977e-03,  8.69042539e-03,  0.00000000e+00, ...,
         -8.88041905e-01, -8.86624865e-01, -8.51104182e-01],
        ...,
        [ 8.89744457e-01,  8.92003902e-01,  8.88041905e-01, ...,
          0.00000000e+00,  3.07299446e-03,  7.49133822e-02],
        [ 8.88337560e-01,  8.90610612e-01,  8.86624865e-01, ...,
         -3.07299446e-03,  0.00000000e+00,  7.18486690e-02],
        [ 8.53049428e-01,  8.55634488e-01,  8.51104182e-01, ...,
         -7.49133822e-02, -7.18486690e-02,  0.00000000e+00]],

       [[ 0.00000000e+00,  9.27644805e-02,  2.20197408e-01, ...,
         -8.74669371e-01, -8.63432484e-01, -8.63477587e-01],
        [-9.27644805e-02,  0.00000000e+00,  1.28760327e-01, ...,
         -9.15862666e-01, -9.06505811e-01, -9.06543558e-01],
        [-2.20197408e-01, -1.28760327e-01,  0.00000000e+00, ...,
         -9.59934991e-01, -9.53321576e-01, -9.53348571e-01],
        ...,
        [ 8.74669371e-01,  9.15862666e-01,  9.59934991e-01, ...,
          0.00000000e+00,  2.27165664e-02,  2.26271753e-02],
        [ 8.63432484e-01,  9.06505811e-01,  9.53321576e-01, ...,
         -2.27165664e-02,  0.00000000e+00, -8.94140362e-05],
        [ 8.63477587e-01,  9.06543558e-01,  9.53348571e-01, ...,
         -2.26271753e-02,  8.94140362e-05,  0.00000000e+00]]]), 'num': array([7.15927567e-01, 6.98168257e-01, 1.63680268e-07, 1.04466524e-03,
       1.06007044e-03, 1.03503699e-03, 5.99464540e-04, 0.00000000e+00,
       1.00114555e-03, 1.00258978e-03, 1.06267007e-03, 6.11859826e-07,
       1.07590397e-03, 9.29275599e-04])}
{'img': array([[[ 0.00000000e+00,  8.51304126e-02, -8.08638807e-02, ...,
         -9.01004176e-01, -6.88967221e-01, -6.88967221e-01],
        [-8.51304126e-02,  0.00000000e+00, -1.65421954e-01, ...,
         -9.34663826e-01, -7.48168029e-01, -7.48168029e-01],
        [ 8.08638807e-02,  1.65421954e-01,  0.00000000e+00, ...,
         -8.62973932e-01, -6.28101425e-01, -6.28101425e-01],
        ...,
        [ 9.01004176e-01,  9.34663826e-01,  8.62973932e-01, ...,
          0.00000000e+00,  3.54159914e-01,  3.54159914e-01],
        [ 6.88967221e-01,  7.48168029e-01,  6.28101425e-01, ...,
         -3.54159914e-01,  0.00000000e+00,  0.00000000e+00],
        [ 6.88967221e-01,  7.48168029e-01,  6.28101425e-01, ...,
         -3.54159914e-01,  0.00000000e+00,  0.00000000e+00]],

       [[ 0.00000000e+00,  9.96572438e-01,  5.71202659e-02, ...,
         -4.14084009e-01,  4.85392001e-02, -6.44331500e-01],
        [-9.96572438e-01,  0.00000000e+00, -9.99670596e-01, ...,
         -8.72863795e-01, -9.99413147e-01, -7.08822966e-01],
        [-5.71202659e-02,  9.99670596e-01,  0.00000000e+00, ...,
         -4.65401010e-01, -8.59298666e-03, -6.86962015e-01],
        ...,
        [ 4.14084009e-01,  8.72863795e-01,  4.65401010e-01, ...,
          0.00000000e+00,  4.57778176e-01, -2.69826229e-01],
        [-4.85392001e-02,  9.99413147e-01,  8.59298666e-03, ...,
         -4.57778176e-01,  0.00000000e+00, -6.80692186e-01],
        [ 6.44331500e-01,  7.08822966e-01,  6.86962015e-01, ...,
          2.69826229e-01,  6.80692186e-01,  0.00000000e+00]],

       [[ 0.00000000e+00,  1.07345914e-01,  1.51596163e-01, ...,
         -9.13895307e-01, -8.89714523e-01, -8.40491609e-01],
        [-1.07345914e-01,  0.00000000e+00,  4.46149344e-02, ...,
         -9.52191646e-01, -9.33578785e-01, -8.93797677e-01],
        [-1.51596163e-01, -4.46149344e-02,  0.00000000e+00, ...,
         -9.64873431e-01, -9.48637935e-01, -9.12916163e-01],
        ...,
        [ 9.13895307e-01,  9.52191646e-01,  9.64873431e-01, ...,
          0.00000000e+00,  5.60294683e-02,  1.53973392e-01],
        [ 8.89714523e-01,  9.33578785e-01,  9.48637935e-01, ...,
         -5.60294683e-02,  0.00000000e+00,  9.83702013e-02],
        [ 8.40491609e-01,  8.93797677e-01,  9.12916163e-01, ...,
         -1.53973392e-01, -9.83702013e-02,  0.00000000e+00]],

       ...,

       [[ 0.00000000e+00,  5.62631260e-02, -8.17380482e-02, ...,
         -5.30941617e-02,  1.48771309e-01,  1.88188852e-01],
        [-5.62631260e-02,  0.00000000e+00, -1.37683434e-01, ...,
         -1.09193827e-01,  9.28986421e-02,  1.32632891e-01],
        [ 8.17380482e-02,  1.37683434e-01,  0.00000000e+00, ...,
          2.87062570e-02,  2.29101934e-01,  2.67836767e-01],
        ...,
        [ 5.30941617e-02,  1.09193827e-01, -2.87062570e-02, ...,
          0.00000000e+00,  2.01064778e-01,  2.40068934e-01],
        [-1.48771309e-01, -9.28986421e-02, -2.29101934e-01, ...,
         -2.01064778e-01,  0.00000000e+00,  3.99814257e-02],
        [-1.88188852e-01, -1.32632891e-01, -2.67836767e-01, ...,
         -2.40068934e-01, -3.99814257e-02,  0.00000000e+00]],

       [[ 0.00000000e+00, -8.69042539e-03, -1.56582800e-02, ...,
         -8.90610612e-01, -8.55634488e-01, -8.22715392e-01],
        [ 8.69042539e-03,  0.00000000e+00, -6.96832873e-03, ...,
         -8.86624865e-01, -8.51104182e-01, -8.17744222e-01],
        [ 1.56582800e-02,  6.96832873e-03,  0.00000000e+00, ...,
         -8.83380561e-01, -8.47425167e-01, -8.13713524e-01],
        ...,
        [ 8.90610612e-01,  8.86624865e-01,  8.83380561e-01, ...,
          0.00000000e+00,  7.18486690e-02,  1.32127170e-01],
        [ 8.55634488e-01,  8.51104182e-01,  8.47425167e-01, ...,
         -7.18486690e-02,  0.00000000e+00,  6.05669375e-02],
        [ 8.22715392e-01,  8.17744222e-01,  8.13713524e-01, ...,
         -1.32127170e-01, -6.05669375e-02,  0.00000000e+00]],

       [[ 0.00000000e+00,  1.28760327e-01,  2.07954262e-01, ...,
         -9.06505811e-01, -9.06543558e-01, -9.00434639e-01],
        [-1.28760327e-01,  0.00000000e+00,  8.02777574e-02, ...,
         -9.53321576e-01, -9.53348571e-01, -9.48948816e-01],
        [-2.07954262e-01, -8.02777574e-02,  0.00000000e+00, ...,
         -9.74485185e-01, -9.74505250e-01, -9.71208135e-01],
        ...,
        [ 9.06505811e-01,  9.53321576e-01,  9.74485185e-01, ...,
          0.00000000e+00, -8.94140362e-05,  1.41646669e-02],
        [ 9.06543558e-01,  9.53348571e-01,  9.74505250e-01, ...,
          8.94140362e-05,  0.00000000e+00,  1.42540719e-02],
        [ 9.00434639e-01,  9.48948816e-01,  9.71208135e-01, ...,
         -1.41646669e-02, -1.42540719e-02,  0.00000000e+00]]]), 'num': array([7.07104902e-01, 7.07104902e-01, 0.00000000e+00, 8.15717413e-04,
       8.26204138e-04, 8.00736377e-04, 4.16435350e-04, 2.99620721e-06,
       7.90848893e-04, 7.83246017e-04, 8.25355213e-04, 3.99287944e-07,
       8.40628030e-04, 7.25864005e-04])}
{'img': array([[[ 0.        , -0.16542195, -0.15830463, ..., -0.74816803,
         -0.74816803, -0.73057741],
        [ 0.16542195,  0.        ,  0.00721238, ..., -0.62810143,
         -0.62810143, -0.6075571 ],
        [ 0.15830463, -0.00721238,  0.        , ..., -0.63369727,
         -0.63369727, -0.61326992],
        ...,
        [ 0.74816803,  0.62810143,  0.63369727, ...,  0.        ,
          0.        ,  0.02612658],
        [ 0.74816803,  0.62810143,  0.63369727, ...,  0.        ,
          0.        ,  0.02612658],
        [ 0.73057741,  0.6075571 ,  0.61326992, ..., -0.02612658,
         -0.02612658,  0.        ]],

       [[ 0.        , -0.9996706 , -0.77108795, ..., -0.99941315,
         -0.70882297, -0.6410659 ],
        [ 0.9996706 ,  0.        , -0.61672882, ..., -0.00859299,
         -0.68696202, -0.75077997],
        [ 0.77108795,  0.61672882,  0.        , ...,  0.60994186,
         -0.09258708, -0.18361406],
        ...,
        [ 0.99941315,  0.00859299, -0.60994186, ...,  0.        ,
         -0.68069219, -0.74507614],
        [ 0.70882297,  0.68696202,  0.09258708, ...,  0.68069219,
          0.        , -0.09181241],
        [ 0.6410659 ,  0.75077997,  0.18361406, ...,  0.74507614,
          0.09181241,  0.        ]],

       [[ 0.        ,  0.04461493,  0.16115198, ..., -0.93357878,
         -0.89379768, -0.82476105],
        [-0.04461493,  0.        ,  0.11695971, ..., -0.94863793,
         -0.91291616, -0.84916872],
        [-0.16115198, -0.11695971,  0.        , ..., -0.97912893,
         -0.95438728, -0.90510954],
        ...,
        [ 0.93357878,  0.94863793,  0.97912893, ...,  0.        ,
          0.0983702 ,  0.23234998],
        [ 0.89379768,  0.91291616,  0.95438728, ..., -0.0983702 ,
          0.        ,  0.13554502],
        [ 0.82476105,  0.84916872,  0.90510954, ..., -0.23234998,
         -0.13554502,  0.        ]],

       ...,

       [[ 0.        , -0.13768343, -0.10614863, ...,  0.09289864,
          0.13263289, -0.18774018],
        [ 0.13768343,  0.        ,  0.03176786, ...,  0.22910193,
          0.26783677, -0.05071694],
        [ 0.10614863, -0.03176786,  0.        , ...,  0.19806339,
          0.23709439, -0.08241832],
        ...,
        [-0.09289864, -0.22910193, -0.19806339, ...,  0.        ,
          0.03998143, -0.27817509],
        [-0.13263289, -0.26783677, -0.23709439, ..., -0.03998143,
          0.        , -0.31635604],
        [ 0.18774018,  0.05071694,  0.08241832, ...,  0.27817509,
          0.31635604,  0.        ]],

       [[ 0.        , -0.00696833, -0.02968284, ..., -0.85110418,
         -0.81774422, -0.78712447],
        [ 0.00696833,  0.        , -0.02271686, ..., -0.84742517,
         -0.81371352, -0.78280734],
        [ 0.02968284,  0.02271686,  0.        , ..., -0.83514576,
         -0.80029899, -0.76846943],
        ...,
        [ 0.85110418,  0.84742517,  0.83514576, ...,  0.        ,
          0.06056694,  0.11171826],
        [ 0.81774422,  0.81371352,  0.80029899, ..., -0.06056694,
          0.        ,  0.05132537],
        [ 0.78712447,  0.78280734,  0.76846943, ..., -0.11171826,
         -0.05132537,  0.        ]],

       [[ 0.        ,  0.08027776,  0.19161896, ..., -0.95334857,
         -0.94894882, -0.93727675],
        [-0.08027776,  0.        ,  0.11221035, ..., -0.97450525,
         -0.97120813, -0.96223543],
        [-0.19161896, -0.11221035,  0.        , ..., -0.99352678,
         -0.99180661, -0.98670416],
        ...,
        [ 0.95334857,  0.97450525,  0.99352678, ...,  0.        ,
          0.01425407,  0.0493868 ],
        [ 0.94894882,  0.97120813,  0.99180661, ..., -0.01425407,
          0.        ,  0.0351451 ],
        [ 0.93727675,  0.96223543,  0.98670416, ..., -0.0493868 ,
         -0.0351451 ,  0.        ]]]), 'num': array([7.07104875e-01, 7.07104875e-01, 0.00000000e+00, 8.20211693e-04,
       8.26953159e-04, 8.05230657e-04, 4.38307646e-04, 4.49431065e-06,
       8.07028382e-04, 7.86953794e-04, 8.23919499e-04, 4.07749958e-07,
       8.43825325e-04, 7.30082263e-04])}
{'img': array([[[ 0.        ,  0.00721238,  0.40338565, ..., -0.62810143,
         -0.6075571 , -0.57615251],
        [-0.00721238,  0.        ,  0.39677561, ..., -0.63369727,
         -0.61326992, -0.58203251],
        [-0.40338565, -0.39677561,  0.        , ..., -0.88861876,
         -0.87633255, -0.85690099],
        ...,
        [ 0.62810143,  0.63369727,  0.88861876, ...,  0.        ,
          0.02612658,  0.0650514 ],
        [ 0.6075571 ,  0.61326992,  0.87633255, ..., -0.02612658,
          0.        ,  0.03895795],
        [ 0.57615251,  0.58203251,  0.85690099, ..., -0.0650514 ,
         -0.03895795,  0.        ]],

       [[ 0.        , -0.62362181,  0.33825098, ..., -0.69401499,
         -0.75778502, -0.7298373 ],
        [ 0.62362181,  0.        ,  0.85128265, ..., -0.0935466 ,
         -0.18546448, -0.14421204],
        [-0.33825098, -0.85128265,  0.        , ..., -0.89663429,
         -0.93382831, -0.91805316],
        ...,
        [ 0.69401499,  0.0935466 ,  0.89663429, ...,  0.        ,
         -0.09272754, -0.05101091],
        [ 0.75778502,  0.18546448,  0.93382831, ...,  0.09272754,
          0.        ,  0.04181569],
        [ 0.7298373 ,  0.14421204,  0.91805316, ...,  0.05101091,
         -0.04181569,  0.        ]],

       [[ 0.        ,  0.11695971,  0.1940107 , ..., -0.91291616,
         -0.84916872, -0.74644092],
        [-0.11695971,  0.        ,  0.07794173, ..., -0.95438728,
         -0.90510954, -0.81914888],
        [-0.1940107 , -0.07794173,  0.        , ..., -0.97475513,
         -0.93549527, -0.86136285],
        ...,
        [ 0.91291616,  0.95438728,  0.97475513, ...,  0.        ,
          0.13554502,  0.30284388],
        [ 0.84916872,  0.90510954,  0.93549527, ..., -0.13554502,
          0.        ,  0.17086914],
        [ 0.74644092,  0.81914888,  0.86136285, ..., -0.30284388,
         -0.17086914,  0.        ]],

       ...,

       [[ 0.        ,  0.03176786,  0.11867652, ...,  0.26783677,
         -0.05071694, -0.01663394],
        [-0.03176786,  0.        ,  0.08707327, ...,  0.23709439,
         -0.08241832, -0.04838901],
        [-0.11867652, -0.08707327,  0.        , ...,  0.15160337,
         -0.16888232, -0.13517649],
        ...,
        [-0.26783677, -0.23709439, -0.15160337, ...,  0.        ,
         -0.31635604, -0.28382592],
        [ 0.05071694,  0.08241832,  0.16888232, ...,  0.31635604,
          0.        ,  0.03409739],
        [ 0.01663394,  0.04838901,  0.13517649, ...,  0.28382592,
         -0.03409739,  0.        ]],

       [[ 0.        , -0.02271686,  0.06855737, ..., -0.81371352,
         -0.78280734, -0.75459777],
        [ 0.02271686,  0.        ,  0.09120309, ..., -0.80029899,
         -0.76846943, -0.73949651],
        [-0.06855737, -0.09120309,  0.        , ..., -0.85164907,
         -0.82362632, -0.79780883],
        ...,
        [ 0.81371352,  0.80029899,  0.85164907, ...,  0.        ,
          0.05132537,  0.09532664],
        [ 0.78280734,  0.76846943,  0.82362632, ..., -0.05132537,
          0.        ,  0.04410935],
        [ 0.75459777,  0.73949651,  0.79780883, ..., -0.09532664,
         -0.04410935,  0.        ]],

       [[ 0.        ,  0.11221035,  0.04880156, ..., -0.97120813,
         -0.96223543, -0.94751522],
        [-0.11221035,  0.        , -0.0635833 , ..., -0.99180661,
         -0.98670416, -0.97740601],
        [-0.04880156,  0.0635833 ,  0.        , ..., -0.98167706,
         -0.97437362, -0.96198863],
        ...,
        [ 0.97120813,  0.99180661,  0.98167706, ...,  0.        ,
          0.0351451 ,  0.08477661],
        [ 0.96223543,  0.98670416,  0.97437362, ..., -0.0351451 ,
          0.        ,  0.04970566],
        [ 0.94751522,  0.97740601,  0.96198863, ..., -0.08477661,
         -0.04970566,  0.        ]]]), 'num': array([7.37399325e-01, 6.75452626e-01, 5.62129757e-07, 8.60370823e-04,
       8.65835974e-04, 8.43194636e-04, 5.25606938e-04, 5.46515042e-06,
       8.51938877e-04, 8.24613125e-04, 8.57651260e-04, 4.16177334e-07,
       8.82160501e-04, 7.67065748e-04])}
{'img': array([[[ 0.        ,  0.39677561,  0.4541817 , ..., -0.61326992,
         -0.58203251, -0.54469993],
        [-0.39677561,  0.        ,  0.0634095 , ..., -0.87633255,
         -0.85690099, -0.83273692],
        [-0.4541817 , -0.0634095 ,  0.        , ..., -0.90511379,
         -0.88786294, -0.86616898],
        ...,
        [ 0.61326992,  0.87633255,  0.90511379, ...,  0.        ,
          0.03895795,  0.08406319],
        [ 0.58203251,  0.85690099,  0.88786294, ..., -0.03895795,
          0.        ,  0.04517932],
        [ 0.54469993,  0.83273692,  0.86616898, ..., -0.08406319,
         -0.04517932,  0.        ]],

       [[ 0.        ,  0.85128265,  0.72661565, ..., -0.18546448,
         -0.14421204, -0.02852259],
        [-0.85128265,  0.        , -0.20360819, ..., -0.93382831,
         -0.91805316, -0.86590232],
        [-0.72661565,  0.20360819,  0.        , ..., -0.84143186,
         -0.81810024, -0.7459163 ],
        ...,
        [ 0.18546448,  0.93382831,  0.84143186, ...,  0.        ,
          0.04181569,  0.15736127],
        [ 0.14421204,  0.91805316,  0.81810024, ..., -0.04181569,
          0.        ,  0.11592893],
        [ 0.02852259,  0.86590232,  0.7459163 , ..., -0.15736127,
         -0.11592893,  0.        ]],

       [[ 0.        ,  0.07794173,  0.17834382, ..., -0.90510954,
         -0.81914888, -0.75414396],
        [-0.07794173,  0.        ,  0.10110909, ..., -0.93549527,
         -0.86136285, -0.80303483],
        [-0.17834382, -0.10110909,  0.        , ..., -0.96642699,
         -0.90831109, -0.85917371],
        ...,
        [ 0.90510954,  0.93549527,  0.96642699, ...,  0.        ,
          0.17086914,  0.27374795],
        [ 0.81914888,  0.86136285,  0.90831109, ..., -0.17086914,
          0.        ,  0.10537995],
        [ 0.75414396,  0.80303483,  0.85917371, ..., -0.27374795,
         -0.10537995,  0.        ]],

       ...,

       [[ 0.        ,  0.08707327,  0.16248642, ..., -0.08241832,
         -0.04838901, -0.08241832],
        [-0.08707327,  0.        ,  0.07595316, ..., -0.16888232,
         -0.13517649, -0.16888232],
        [-0.16248642, -0.07595316,  0.        , ..., -0.24325666,
         -0.21004204, -0.24325666],
        ...,
        [ 0.08241832,  0.16888232,  0.24325666, ...,  0.        ,
          0.03409739,  0.        ],
        [ 0.04838901,  0.13517649,  0.21004204, ..., -0.03409739,
          0.        , -0.03409739],
        [ 0.08241832,  0.16888232,  0.24325666, ...,  0.        ,
          0.03409739,  0.        ]],

       [[ 0.        ,  0.09120309,  0.19038417, ..., -0.76846943,
         -0.73949651, -0.71607232],
        [-0.09120309,  0.        ,  0.10005576, ..., -0.82362632,
         -0.79780883, -0.77675009],
        [-0.19038417, -0.10005576,  0.        , ..., -0.87623813,
         -0.85412996, -0.83586824],
        ...,
        [ 0.76846943,  0.82362632,  0.87623813, ...,  0.        ,
          0.04410935,  0.07820671],
        [ 0.73949651,  0.79780883,  0.85412996, ..., -0.04410935,
          0.        ,  0.03415634],
        [ 0.71607232,  0.77675009,  0.83586824, ..., -0.07820671,
         -0.03415634,  0.        ]],

       [[ 0.        , -0.0635833 , -0.11786313, ..., -0.98670416,
         -0.97740601, -0.96104263],
        [ 0.0635833 ,  0.        , -0.05448452, ..., -0.97437362,
         -0.96198863, -0.94152355],
        [ 0.11786313,  0.05448452,  0.        , ..., -0.96067079,
         -0.94568055, -0.92176662],
        ...,
        [ 0.98670416,  0.97437362,  0.96067079, ...,  0.        ,
          0.04970566,  0.11653021],
        [ 0.97740601,  0.96198863,  0.94568055, ..., -0.04970566,
          0.        ,  0.06701915],
        [ 0.96104263,  0.94152355,  0.92176662, ..., -0.11653021,
         -0.06701915,  0.        ]]]), 'num': array([7.59404949e-01, 6.50608824e-01, 9.70527430e-07, 8.99141528e-04,
       9.32027168e-04, 8.89516463e-04, 2.46536426e-03, 1.52396869e-05,
       8.81014322e-04, 8.51978708e-04, 8.80198865e-04, 4.35141284e-07,
       9.11568237e-04, 7.92389179e-04])}
{'img': array([[[ 0.        ,  0.0634095 , -0.24646209, ..., -0.85690099,
         -0.83273692, -0.75920205],
        [-0.0634095 ,  0.        , -0.30741958, ..., -0.88786294,
         -0.86616898, -0.79894461],
        [ 0.24646209,  0.30741958,  0.        , ..., -0.70342114,
         -0.67059062, -0.57537142],
        ...,
        [ 0.85690099,  0.88786294,  0.70342114, ...,  0.        ,
          0.04517932,  0.16636404],
        [ 0.83273692,  0.86616898,  0.67059062, ..., -0.04517932,
          0.        ,  0.12164445],
        [ 0.75920205,  0.79894461,  0.57537142, ..., -0.16636404,
         -0.12164445,  0.        ]],

       [[ 0.        , -0.15168025, -0.51660684, ..., -0.80697682,
         -0.74441534,  0.99989926],
        [ 0.15168025,  0.        , -0.38075742, ..., -0.70805998,
         -0.6345227 ,  0.99048302],
        [ 0.51660684,  0.38075742,  0.        , ..., -0.38585261,
         -0.29243824,  0.86346931],
        ...,
        [ 0.80697682,  0.70805998,  0.38585261, ...,  0.        ,
          0.09919289,  0.60197804],
        [ 0.74441534,  0.6345227 ,  0.29243824, ..., -0.09919289,
          0.        ,  0.678216  ],
        [-0.99989926, -0.99048302, -0.86346931, ..., -0.60197804,
         -0.678216  ,  0.        ]],

       [[ 0.        ,  0.10110909,  0.10110909, ..., -0.86136285,
         -0.80303483, -0.76945706],
        [-0.10110909,  0.        ,  0.        , ..., -0.90831109,
         -0.85917371, -0.83009209],
        [-0.10110909,  0.        ,  0.        , ..., -0.90831109,
         -0.85917371, -0.83009209],
        ...,
        [ 0.86136285,  0.90831109,  0.90831109, ...,  0.        ,
          0.10537995,  0.15927456],
        [ 0.80303483,  0.85917371,  0.85917371, ..., -0.10537995,
          0.        ,  0.05435302],
        [ 0.76945706,  0.83009209,  0.83009209, ..., -0.15927456,
         -0.05435302,  0.        ]],

       ...,

       [[ 0.        ,  0.07595316, -0.10513625, ..., -0.13517649,
         -0.16888232, -0.1407062 ],
        [-0.07595316,  0.        , -0.18036476, ..., -0.21004204,
         -0.24325666, -0.21549728],
        [ 0.10513625,  0.18036476,  0.        , ..., -0.03025606,
         -0.06432025, -0.03583609],
        ...,
        [ 0.13517649,  0.21004204,  0.03025606, ...,  0.        ,
         -0.03409739, -0.00558306],
        [ 0.16888232,  0.24325666,  0.06432025, ...,  0.03409739,
          0.        ,  0.02851705],
        [ 0.1407062 ,  0.21549728,  0.03583609, ...,  0.00558306,
         -0.02851705,  0.        ]],

       [[ 0.        ,  0.10005576,  0.12948811, ..., -0.79780883,
         -0.77675009, -0.73441149],
        [-0.10005576,  0.        ,  0.02962493, ..., -0.85412996,
         -0.83586824, -0.79863438],
        [-0.12948811, -0.02962493,  0.        , ..., -0.8691618 ,
         -0.85176338, -0.81611262],
        ...,
        [ 0.79780883,  0.85412996,  0.8691618 , ...,  0.        ,
          0.03415634,  0.09869203],
        [ 0.77675009,  0.83586824,  0.85176338, ..., -0.03415634,
          0.        ,  0.06464485],
        [ 0.73441149,  0.79863438,  0.81611262, ..., -0.09869203,
         -0.06464485,  0.        ]],

       [[ 0.        , -0.05448452, -0.02761816, ..., -0.96198863,
         -0.94152355, -0.92526589],
        [ 0.05448452,  0.        ,  0.0268866 , ..., -0.94568055,
         -0.92176662, -0.90322449],
        [ 0.02761816, -0.0268866 ,  0.        , ..., -0.95407944,
         -0.93185854, -0.91443684],
        ...,
        [ 0.96198863,  0.94568055,  0.95407944, ...,  0.        ,
          0.06701915,  0.11222033],
        [ 0.94152355,  0.92176662,  0.93185854, ..., -0.06701915,
          0.        ,  0.04537221],
        [ 0.92526589,  0.90322449,  0.91443684, ..., -0.11222033,
         -0.04537221,  0.        ]]]), 'num': array([ 7.26894136e-01,  6.86744703e-01,  3.61056051e-07,  8.54243253e-04,
        8.72680158e-04,  8.25819691e-04,  1.00193054e-03, -6.91383928e-06,
        8.47943977e-04,  8.20019748e-04,  8.41401437e-04,  4.36183834e-07,
        8.75923654e-04,  7.64115843e-04])}
{'img': array([[[ 0.        , -0.30741958, -0.26859869, ..., -0.86616898,
         -0.79894461, -0.83229716],
        [ 0.30741958,  0.        ,  0.04053103, ..., -0.67059062,
         -0.57537142, -0.62158058],
        [ 0.26859869, -0.04053103,  0.        , ..., -0.70010661,
         -0.60804864, -0.6528198 ],
        ...,
        [ 0.86616898,  0.67059062,  0.70010661, ...,  0.        ,
          0.12164445,  0.06420167],
        [ 0.79894461,  0.57537142,  0.60804864, ..., -0.12164445,
          0.        , -0.0576686 ],
        [ 0.83229716,  0.62158058,  0.6528198 , ..., -0.06420167,
          0.0576686 ,  0.        ]],

       [[ 0.        , -0.38075742, -0.56743763, ..., -0.6345227 ,
          0.99048302, -0.1439732 ],
        [ 0.38075742,  0.        , -0.21117347, ..., -0.29243824,
          0.86346931,  0.24366212],
        [ 0.56743763,  0.21117347,  0.        , ..., -0.08390144,
          0.73748068,  0.44297594],
        ...,
        [ 0.6345227 ,  0.29243824,  0.08390144, ...,  0.        ,
          0.678216  ,  0.51663449],
        [-0.99048302, -0.86346931, -0.73748068, ..., -0.678216  ,
          0.        , -0.96034801],
        [ 0.1439732 , -0.24366212, -0.44297594, ..., -0.51663449,
          0.96034801,  0.        ]],

       [[ 0.        ,  0.        ,  0.06727757, ..., -0.85917371,
         -0.83009209, -0.80677132],
        [ 0.        ,  0.        ,  0.06727757, ..., -0.85917371,
         -0.83009209, -0.80677132],
        [-0.06727757, -0.06727757,  0.        , ..., -0.89165194,
         -0.8657271 , -0.8446953 ],
        ...,
        [ 0.85917371,  0.85917371,  0.89165194, ...,  0.        ,
          0.05435302,  0.09484266],
        [ 0.83009209,  0.83009209,  0.8657271 , ..., -0.05435302,
          0.        ,  0.04059445],
        [ 0.80677132,  0.80677132,  0.8446953 , ..., -0.09484266,
         -0.04059445,  0.        ]],

       ...,

       [[ 0.        , -0.18036476, -0.1382573 , ..., -0.24325666,
         -0.21549728, -0.13962475],
        [ 0.18036476,  0.        ,  0.04264275, ..., -0.06432025,
         -0.03583609,  0.04126312],
        [ 0.1382573 , -0.04264275,  0.        , ..., -0.10681619,
         -0.07841885, -0.00138084],
        ...,
        [ 0.24325666,  0.06432025,  0.10681619, ...,  0.        ,
          0.02851705,  0.10544314],
        [ 0.21549728,  0.03583609,  0.07841885, ..., -0.02851705,
          0.        ,  0.07704218],
        [ 0.13962475, -0.04126312,  0.00138084, ..., -0.10544314,
         -0.07704218,  0.        ]],

       [[ 0.        ,  0.02962493,  0.06132496, ..., -0.83586824,
         -0.79863438, -0.77660947],
        [-0.02962493,  0.        ,  0.03172887, ..., -0.85176338,
         -0.81611262, -0.79493179],
        [-0.06132496, -0.03172887,  0.        , ..., -0.86795813,
         -0.8340376 , -0.81378141],
        ...,
        [ 0.83586824,  0.85176338,  0.86795813, ...,  0.        ,
          0.06464485,  0.10027788],
        [ 0.79863438,  0.81611262,  0.8340376 , ..., -0.06464485,
          0.        ,  0.03574913],
        [ 0.77660947,  0.79493179,  0.81378141, ..., -0.10027788,
         -0.03574913,  0.        ]],

       [[ 0.        ,  0.0268866 ,  0.05968183, ..., -0.92176662,
         -0.90322449, -0.87792199],
        [-0.0268866 ,  0.        ,  0.03282159, ..., -0.93185854,
         -0.91443684, -0.89047801],
        [-0.05968183, -0.03282159,  0.        , ..., -0.94326487,
         -0.927228  , -0.90493293],
        ...,
        [ 0.92176662,  0.93185854,  0.94326487, ...,  0.        ,
          0.04537221,  0.10093529],
        [ 0.90322449,  0.91443684,  0.927228  , ..., -0.04537221,
          0.        ,  0.05569084],
        [ 0.87792199,  0.89047801,  0.90493293, ..., -0.10093529,
         -0.05569084,  0.        ]]]), 'num': array([8.61572520e-01, 5.07624640e-01, 3.17442045e-06, 1.01417731e-03,
       1.05056035e-03, 9.95076210e-04, 1.42231318e-03, 2.72872818e-06,
       1.00871985e-03, 9.76111550e-04, 9.94287911e-04, 5.48951191e-07,
       1.03870010e-03, 9.13523000e-04])}
{'img': array([[[ 0.        ,  0.04053103, -0.07003436, ..., -0.57537142,
         -0.62158058, -0.60639806],
        [-0.04053103,  0.        , -0.11040831, ..., -0.60804864,
         -0.6528198 , -0.63812847],
        [ 0.07003436,  0.11040831,  0.        , ..., -0.51667809,
         -0.56519291, -0.54922049],
        ...,
        [ 0.57537142,  0.60804864,  0.51667809, ...,  0.        ,
         -0.0576686 , -0.03845522],
        [ 0.62158058,  0.6528198 ,  0.56519291, ...,  0.0576686 ,
          0.        ,  0.01923472],
        [ 0.60639806,  0.63812847,  0.54922049, ...,  0.03845522,
         -0.01923472,  0.        ]],

       [[ 0.        , -0.21117347, -0.32307908, ...,  0.86346931,
          0.24366212,  0.42347189],
        [ 0.21117347,  0.        , -0.11594454, ...,  0.73748068,
          0.44297594,  0.60522601],
        [ 0.32307908,  0.11594454,  0.        , ...,  0.65420162,
          0.54393654,  0.69344226],
        ...,
        [-0.86346931, -0.73748068, -0.65420162, ...,  0.        ,
         -0.96034801, -0.99582464],
        [-0.24366212, -0.44297594, -0.54393654, ...,  0.96034801,
          0.        ,  0.18997276],
        [-0.42347189, -0.60522601, -0.69344226, ...,  0.99582464,
         -0.18997276,  0.        ]],

       [[ 0.        ,  0.06727757,  0.09923848, ..., -0.83009209,
         -0.80677132, -0.78310304],
        [-0.06727757,  0.        ,  0.03206817, ..., -0.8657271 ,
         -0.8446953 , -0.82316814],
        [-0.09923848, -0.03206817,  0.        , ..., -0.88133248,
         -0.86142526, -0.84095301],
        ...,
        [ 0.83009209,  0.8657271 ,  0.88133248, ...,  0.        ,
          0.04059445,  0.07954874],
        [ 0.80677132,  0.8446953 ,  0.86142526, ..., -0.04059445,
          0.        ,  0.03901736],
        [ 0.78310304,  0.82316814,  0.84095301, ..., -0.07954874,
         -0.03901736,  0.        ]],

       ...,

       [[ 0.        ,  0.04264275, -0.1980332 , ..., -0.03583609,
          0.04126312,  0.15255254],
        [-0.04264275,  0.        , -0.23965128, ..., -0.07841885,
         -0.00138084,  0.11027015],
        [ 0.1980332 ,  0.23965128,  0.        , ...,  0.16277963,
          0.23831045,  0.34524658],
        ...,
        [ 0.03583609,  0.07841885, -0.16277963, ...,  0.        ,
          0.07704218,  0.1878712 ],
        [-0.04126312,  0.00138084, -0.23831045, ..., -0.07704218,
          0.        ,  0.11164247],
        [-0.15255254, -0.11027015, -0.34524658, ..., -0.1878712 ,
         -0.11164247,  0.        ]],

       [[ 0.        ,  0.03172887,  0.04205048, ..., -0.81611262,
         -0.79493179, -0.7848267 ],
        [-0.03172887,  0.        ,  0.01032851, ..., -0.8340376 ,
         -0.81378141, -0.80409442],
        [-0.04205048, -0.01032851,  0.        , ..., -0.83969143,
         -0.81974064, -0.81019184],
        ...,
        [ 0.81611262,  0.8340376 ,  0.83969143, ...,  0.        ,
          0.03574913,  0.05221169],
        [ 0.79493179,  0.81378141,  0.81974064, ..., -0.03574913,
          0.        ,  0.01647795],
        [ 0.7848267 ,  0.80409442,  0.81019184, ..., -0.05221169,
         -0.01647795,  0.        ]],

       [[ 0.        ,  0.03282159,  0.07333886, ..., -0.91443684,
         -0.89047801, -0.85233062],
        [-0.03282159,  0.        ,  0.04056614, ..., -0.927228  ,
         -0.90493293, -0.86903721],
        [-0.07333886, -0.04056614,  0.        , ..., -0.94165667,
         -0.92145113, -0.88839183],
        ...,
        [ 0.91443684,  0.927228  ,  0.94165667, ...,  0.        ,
          0.05569084,  0.13329094],
        [ 0.89047801,  0.90493293,  0.92145113, ..., -0.05569084,
          0.        ,  0.07789017],
        [ 0.85233062,  0.86903721,  0.88839183, ..., -0.13329094,
         -0.07789017,  0.        ]]]), 'num': array([ 7.97533299e-01,  6.03269152e-01,  1.76603771e-06,  9.29493529e-04,
        9.50618382e-04,  9.26113553e-04,  3.62933423e-04, -1.26749118e-05,
        9.37943471e-04,  9.07946179e-04,  9.22142081e-04,  4.88456515e-07,
        9.66925316e-04,  8.48967043e-04])}
{'img': array([[[ 0.        , -0.11040831, -0.07205155, ..., -0.6528198 ,
         -0.63812847, -0.70925115],
        [ 0.11040831,  0.        ,  0.0385103 , ..., -0.56519291,
         -0.54922049, -0.62708202],
        [ 0.07205155, -0.0385103 ,  0.        , ..., -0.59654306,
         -0.58099527, -0.65661458],
        ...,
        [ 0.6528198 ,  0.56519291,  0.59654306, ...,  0.        ,
          0.01923472, -0.07705797],
        [ 0.63812847,  0.54922049,  0.58099527, ..., -0.01923472,
          0.        , -0.09622124],
        [ 0.70925115,  0.62708202,  0.65661458, ...,  0.07705797,
          0.09622124,  0.        ]],

       [[ 0.        , -0.11594454, -0.27982739, ...,  0.44297594,
          0.60522601, -0.39331189],
        [ 0.11594454,  0.        , -0.16662755, ...,  0.54393654,
          0.69344226, -0.28405927],
        [ 0.27982739,  0.16662755,  0.        , ...,  0.67615382,
          0.80380505, -0.12032448],
        ...,
        [-0.44297594, -0.54393654, -0.67615382, ...,  0.        ,
          0.18997276, -0.75989163],
        [-0.60522601, -0.69344226, -0.80380505, ..., -0.18997276,
          0.        , -0.86954527],
        [ 0.39331189,  0.28405927,  0.12032448, ...,  0.75989163,
          0.86954527,  0.        ]],

       [[ 0.        ,  0.03206817, -0.05041453, ..., -0.8446953 ,
         -0.82316814, -0.81888542],
        [-0.03206817,  0.        , -0.08241599, ..., -0.86142526,
         -0.84095301, -0.83687   ],
        [ 0.05041453,  0.08241599,  0.        , ..., -0.81663691,
         -0.79349613, -0.78890833],
        ...,
        [ 0.8446953 ,  0.86142526,  0.81663691, ...,  0.        ,
          0.03901736,  0.04651245],
        [ 0.82316814,  0.84095301,  0.79349613, ..., -0.03901736,
          0.        ,  0.0075019 ],
        [ 0.81888542,  0.83687   ,  0.78890833, ..., -0.04651245,
         -0.0075019 ,  0.        ]],

       ...,

       [[ 0.        , -0.23965128, -0.07849865, ..., -0.00138084,
          0.11027015,  0.03034335],
        [ 0.23965128,  0.        ,  0.16270065, ...,  0.23831045,
          0.34524658,  0.26900005],
        [ 0.07849865, -0.16270065,  0.        , ...,  0.07712199,
          0.18794981,  0.10871222],
        ...,
        [ 0.00138084, -0.23831045, -0.07712199, ...,  0.        ,
          0.11164247,  0.03172353],
        [-0.11027015, -0.34524658, -0.18794981, ..., -0.11164247,
          0.        , -0.08006106],
        [-0.03034335, -0.26900005, -0.10871222, ..., -0.03172353,
          0.08006106,  0.        ]],

       [[ 0.        ,  0.01032851,  0.01787133, ..., -0.81378141,
         -0.80409442, -0.79083235],
        [-0.01032851,  0.        ,  0.00754351, ..., -0.81974064,
         -0.81019184, -0.79711155],
        [-0.01787133, -0.00754351,  0.        , ..., -0.82403775,
         -0.81459053, -0.80164389],
        ...,
        [ 0.81378141,  0.81974064,  0.82403775, ...,  0.        ,
          0.01647795,  0.03845207],
        [ 0.80409442,  0.81019184,  0.81459053, ..., -0.01647795,
          0.        ,  0.02198108],
