state_0,state_1,state_2,state_3,state_4,state_5,state_6,state_7,state_8,state_9,state_10,state_11,state_12,state_13,state_14,state_15,state_16,state_17,state_18,state_19,state_20,state_21,state_22,state_23,state_24,state_25,state_26,state_27,state_28,state_29,state_30,state_31,state_32,state_33,state_34,state_35,state_36,state_37,state_38,state_39,state_40,state_41,state_42,state_43,state_44,state_45,state_46,state_47,state_48,state_49,state_50,state_51,state_52,state_53,state_54,state_55,state_56,state_57,state_58,state_59,state_60,state_61,state_62,state_63,state_64,state_65,state_66,state_67,state_68,state_69,state_70,state_71,state_72,state_73,state_74,state_75,state_76,state_77,state_78,state_79,state_80,state_81,state_82,state_83,state_84,state_85,state_86,state_87,state_88,state_89,state_90,state_91,state_92,state_93,state_94,state_95,state_96,state_97,state_98,state_99,state_100,state_101,state_102,state_103,state_104,state_105,state_106,state_107,state_108,state_109,state_110,state_111,state_112,state_113,state_114,state_115,state_116,state_117,state_118,state_119,state_120,state_121,state_122,state_123,state_124,state_125,state_126,state_127,state_128,state_129,state_130,state_131,state_132,state_133,state_134,state_135,state_136,state_137,state_138,state_139,state_140,state_141,state_142,state_143,state_144,state_145,state_146,state_147,state_148,state_149,state_150,state_151,state_152,state_153,state_154,state_155,state_156,state_157,state_158,state_159,state_160,state_161,state_162,state_163,state_164,state_165,state_166,state_167,state_168,state_169,state_170,state_171,state_172,state_173,state_174,state_175,state_176,state_177,state_178,state_179,state_180,state_181,state_182,state_183,state_184,state_185,state_186,state_187,state_188,state_189,state_190,state_191,state_192,state_193,state_194,state_195,state_196,state_197,state_198,state_199,state_200,state_201,state_202,state_203,state_204,state_205,state_206,state_207,state_208,state_209,state_210,state_211,state_212,state_213,state_214,state_215,state_216,state_217,state_218,state_219,state_220,state_221,state_222,state_223,state_224,state_225,state_226,state_227,state_228,state_229,state_230,state_231,state_232,state_233,state_234,state_235,state_236,state_237,state_238,state_239,state_240,state_241,state_242,state_243,state_244,state_245,state_246,state_247,state_248,state_249,state_250,state_251,state_252,state_253,state_254,state_255,state_256,state_257,state_258,state_259,state_260,state_261,state_262,state_263,state_264,state_265,state_266,state_267,state_268,state_269,state_270,state_271,state_272,state_273,state_274,state_275,state_276,state_277,state_278,state_279,state_280,state_281,state_282,state_283,state_284,state_285,state_286,state_287
{'img': array([[[ 0.        ,  0.0491327 , -0.26604578, ..., -0.66167284,
         -0.47820778, -0.45490568],
        [-0.0491327 ,  0.        , -0.31308645, ..., -0.69771305,
         -0.52078086, -0.49811089],
        [ 0.26604578,  0.31308645,  0.        , ..., -0.43834723,
         -0.22731952, -0.20158675],
        ...,
        [ 0.66167284,  0.69771305,  0.43834723, ...,  0.        ,
          0.22255532,  0.24816093],
        [ 0.47820778,  0.52078086,  0.22731952, ..., -0.22255532,
          0.        ,  0.02634355],
        [ 0.45490568,  0.49811089,  0.20158675, ..., -0.24816093,
         -0.02634355,  0.        ]],

       [[ 0.        , -0.12405178, -0.02199249, ...,  0.57606402,
          0.12618714, -0.02988614],
        [ 0.12405178,  0.        ,  0.10219916, ...,  0.67301485,
          0.2482726 ,  0.09434108],
        [ 0.02199249, -0.10219916,  0.        , ...,  0.59390146,
          0.14797332, -0.00789624],
        ...,
        [-0.57606402, -0.67301485, -0.59390146, ...,  0.        ,
         -0.46831328, -0.60023577],
        [-0.12618714, -0.2482726 , -0.14797332, ...,  0.46831328,
          0.        , -0.15577802],
        [ 0.02988614, -0.09434108,  0.00789624, ...,  0.60023577,
          0.15577802,  0.        ]],

       [[ 0.        ,  0.08143948,  0.08143948, ..., -0.40507909,
         -0.44171479, -0.44171479],
        [-0.08143948,  0.        ,  0.        , ..., -0.47819215,
         -0.51331142, -0.51331142],
        [-0.08143948,  0.        ,  0.        , ..., -0.47819215,
         -0.51331142, -0.51331142],
        ...,
        [ 0.40507909,  0.47819215,  0.47819215, ...,  0.        ,
         -0.04043278, -0.04043278],
        [ 0.44171479,  0.51331142,  0.51331142, ...,  0.04043278,
          0.        ,  0.        ],
        [ 0.44171479,  0.51331142,  0.51331142, ...,  0.04043278,
          0.        ,  0.        ]],

       ...,

       [[ 0.        ,  0.57213949, -0.39362935, ..., -0.81279248,
         -0.88975401, -0.85928   ],
        [-0.57213949,  0.        , -0.84878784, ..., -0.99991866,
         -0.99088494, -0.99739643],
        [ 0.39362935,  0.84878784,  0.        , ..., -0.51786503,
         -0.63825517, -0.58856608],
        ...,
        [ 0.81279248,  0.99991866,  0.51786503, ...,  0.        ,
         -0.14733788, -0.08482859],
        [ 0.88975401,  0.99088494,  0.63825517, ...,  0.14733788,
          0.        ,  0.06290402],
        [ 0.85928   ,  0.99739643,  0.58856608, ...,  0.08482859,
         -0.06290402,  0.        ]],

       [[ 0.        ,  0.21980654,  0.28019137, ...,  0.32183391,
          0.30569752,  0.26475668],
        [-0.21980654,  0.        ,  0.06233687, ...,  0.10585099,
          0.08893712,  0.04631885],
        [-0.28019137, -0.06233687,  0.        , ...,  0.04365847,
          0.02667431, -0.01604119],
        ...,
        [-0.32183391, -0.10585099, -0.04365847, ...,  0.        ,
         -0.01699406, -0.05967875],
        [-0.30569752, -0.08893712, -0.02667431, ...,  0.01699406,
          0.        , -0.04270636],
        [-0.26475668, -0.04631885,  0.01604119, ...,  0.05967875,
          0.04270636,  0.        ]],

       [[ 0.        , -0.11672464, -0.06005526, ...,  0.40141935,
          0.53111683,  0.67896572],
        [ 0.11672464,  0.        ,  0.05686921, ...,  0.50558281,
          0.62638691,  0.76002025],
        [ 0.06005526, -0.05686921,  0.        , ...,  0.45569908,
          0.58104293,  0.72183099],
        ...,
        [-0.40141935, -0.50558281, -0.45569908, ...,  0.        ,
          0.14632487,  0.32715086],
        [-0.53111683, -0.62638691, -0.58104293, ..., -0.14632487,
          0.        ,  0.18535667],
        [-0.67896572, -0.76002025, -0.72183099, ..., -0.32715086,
         -0.18535667,  0.        ]]]), 'num': array([9.96620329e-01, 8.14865336e-02, 5.09823841e-06, 2.73992154e-03,
       2.76281782e-03, 2.72465736e-03, 6.91667626e-03, 3.05283737e-05,
       2.70176108e-03, 2.72732859e-03, 2.79220138e-03, 7.46249136e-07,
       2.88293909e-03, 2.57171808e-03])}
{'img': array([[[ 0.        , -0.31308645, -0.28953194, ..., -0.52078086,
         -0.49811089, -0.40638049],
        [ 0.31308645,  0.        ,  0.02470082, ..., -0.22731952,
         -0.20158675, -0.09988124],
        [ 0.28953194, -0.02470082,  0.        , ..., -0.25130432,
         -0.22571897, -0.12442807],
        ...,
        [ 0.52078086,  0.22731952,  0.25130432, ...,  0.        ,
          0.02634355,  0.1289164 ],
        [ 0.49811089,  0.20158675,  0.22571897, ..., -0.02634355,
          0.        ,  0.10274794],
        [ 0.40638049,  0.09988124,  0.12442807, ..., -0.1289164 ,
         -0.10274794,  0.        ]],

       [[ 0.        ,  0.10219916, -0.01364846, ...,  0.2482726 ,
          0.09434108,  0.13613869],
        [-0.10219916,  0.        , -0.11576664, ...,  0.14797332,
         -0.00789624,  0.0341782 ],
        [ 0.01364846,  0.11576664,  0.        , ...,  0.26147061,
          0.10791988,  0.1496474 ],
        ...,
        [-0.2482726 , -0.14797332, -0.26147061, ...,  0.        ,
         -0.15577802, -0.11408492],
        [-0.09434108,  0.00789624, -0.10791988, ...,  0.15577802,
          0.        ,  0.04206876],
        [-0.13613869, -0.0341782 , -0.1496474 , ...,  0.11408492,
         -0.04206876,  0.        ]],

       [[ 0.        ,  0.        , -0.00581454, ..., -0.51331142,
         -0.51331142, -0.43724652],
        [ 0.        ,  0.        , -0.00581454, ..., -0.51331142,
         -0.51331142, -0.43724652],
        [ 0.00581454,  0.00581454,  0.        , ..., -0.50831269,
         -0.50831269, -0.43200987],
        ...,
        [ 0.51331142,  0.51331142,  0.50831269, ...,  0.        ,
          0.        ,  0.08639634],
        [ 0.51331142,  0.51331142,  0.50831269, ...,  0.        ,
          0.        ,  0.08639634],
        [ 0.43724652,  0.43724652,  0.43200987, ..., -0.08639634,
         -0.08639634,  0.        ]],

       ...,

       [[ 0.        , -0.84878784, -0.79972862, ..., -0.99088494,
         -0.99739643, -0.99449297],
        [ 0.84878784,  0.        ,  0.0867363 , ..., -0.63825517,
         -0.58856608, -0.6147776 ],
        [ 0.79972862, -0.0867363 ,  0.        , ..., -0.70262154,
         -0.65646984, -0.68086966],
        ...,
        [ 0.99088494,  0.63825517,  0.70262154, ...,  0.        ,
          0.06290402,  0.03012109],
        [ 0.99739643,  0.58856608,  0.65646984, ..., -0.06290402,
          0.        , -0.03281404],
        [ 0.99449297,  0.6147776 ,  0.68086966, ..., -0.03012109,
          0.03281404,  0.        ]],

       [[ 0.        ,  0.06233687,  0.1148876 , ...,  0.08893712,
          0.04631885, -0.04863393],
        [-0.06233687,  0.        ,  0.05274006, ...,  0.02667431,
         -0.01604119, -0.11080245],
        [-0.1148876 , -0.05274006,  0.        , ..., -0.02608411,
         -0.06875214, -0.16306355],
        ...,
        [-0.08893712, -0.02667431,  0.02608411, ...,  0.        ,
         -0.04270636, -0.13727308],
        [-0.04631885,  0.01604119,  0.06875214, ...,  0.04270636,
          0.        , -0.09484577],
        [ 0.04863393,  0.11080245,  0.16306355, ...,  0.13727308,
          0.09484577,  0.        ]],

       [[ 0.        ,  0.05686921,  0.25515903, ...,  0.62638691,
          0.76002025,  0.90434158],
        [-0.05686921,  0.        ,  0.1997593 , ...,  0.58104293,
          0.72183099,  0.87860571],
        [-0.25515903, -0.1997593 ,  0.        , ...,  0.40675334,
          0.5690352 ,  0.76550278],
        ...,
        [-0.62638691, -0.58104293, -0.40675334, ...,  0.        ,
          0.18535667,  0.43759755],
        [-0.76002025, -0.72183099, -0.5690352 , ..., -0.18535667,
          0.        ,  0.26334722],
        [-0.90434158, -0.87860571, -0.76550278, ..., -0.43759755,
         -0.26334722,  0.        ]]]), 'num': array([ 7.06456009e-01,  7.06456009e-01,  0.00000000e+00,  1.06567093e-02,
        1.08662513e-02,  1.05968401e-02,  3.03079805e-02, -8.98037299e-05,
        1.05968401e-02,  1.07180752e-02,  1.09415867e-02,  2.72737254e-06,
        1.12915313e-02,  1.01446190e-02])}
{'img': array([[[ 0.        ,  0.02470082,  0.4743399 , ..., -0.20158675,
         -0.09988124, -0.17598001],
        [-0.02470082,  0.        ,  0.45245001, ..., -0.22571897,
         -0.12442807, -0.20024165],
        [-0.4743399 , -0.45245001,  0.        , ..., -0.64206725,
         -0.55989753, -0.62185978],
        ...,
        [ 0.20158675,  0.22571897,  0.64206725, ...,  0.        ,
          0.10274794,  0.02607348],
        [ 0.09988124,  0.12442807,  0.55989753, ..., -0.10274794,
          0.        , -0.07677752],
        [ 0.17598001,  0.20024165,  0.62185978, ..., -0.02607348,
          0.07677752,  0.        ]],

       [[ 0.        , -0.11576664,  0.74564707, ..., -0.00789624,
          0.0341782 ,  0.12648895],
        [ 0.11576664,  0.        ,  0.81777374, ...,  0.10791988,
          0.1496474 ,  0.24047529],
        [-0.74564707, -0.81777374,  0.        , ..., -0.75088542,
         -0.72243709, -0.65537327],
        ...,
        [ 0.00789624, -0.10791988,  0.75088542, ...,  0.        ,
          0.04206876,  0.13431782],
        [-0.0341782 , -0.1496474 ,  0.72243709, ..., -0.04206876,
          0.        ,  0.09251137],
        [-0.12648895, -0.24047529,  0.65537327, ..., -0.13431782,
         -0.09251137,  0.        ]],

       [[ 0.        , -0.00581454,  0.08717093, ..., -0.51331142,
         -0.43724652, -0.43724652],
        [ 0.00581454,  0.        ,  0.09296187, ..., -0.50831269,
         -0.43200987, -0.43200987],
        [-0.08717093, -0.09296187,  0.        , ..., -0.58616774,
         -0.51397854, -0.51397854],
        ...,
        [ 0.51331142,  0.50831269,  0.58616774, ...,  0.        ,
          0.08639634,  0.08639634],
        [ 0.43724652,  0.43200987,  0.51397854, ..., -0.08639634,
          0.        ,  0.        ],
        [ 0.43724652,  0.43200987,  0.51397854, ..., -0.08639634,
          0.        ,  0.        ]],

       ...,

       [[ 0.        ,  0.0994829 ,  0.66497543, ..., -0.62936126,
         -0.65580376, -0.73071062],
        [-0.0994829 ,  0.        ,  0.58737635, ..., -0.70354861,
         -0.72765327, -0.79500148],
        [-0.66497543, -0.58737635,  0.        , ..., -0.98680901,
         -0.99180787, -0.99971266],
        ...,
        [ 0.62936126,  0.70354861,  0.98680901, ...,  0.        ,
         -0.03450896, -0.13818767],
        [ 0.65580376,  0.72765327,  0.99180787, ...,  0.03450896,
          0.        , -0.10392748],
        [ 0.73071062,  0.79500148,  0.99971266, ...,  0.13818767,
          0.10392748,  0.        ]],

       [[ 0.        ,  0.05274006,  0.2491236 , ..., -0.01604119,
         -0.11080245, -0.13812127],
        [-0.05274006,  0.        ,  0.19769963, ..., -0.06875214,
         -0.16306355, -0.19016361],
        [-0.2491236 , -0.19769963,  0.        , ..., -0.26462698,
         -0.35489864, -0.38050238],
        ...,
        [ 0.01604119,  0.06875214,  0.26462698, ...,  0.        ,
         -0.09484577, -0.12221606],
        [ 0.11080245,  0.16306355,  0.35489864, ...,  0.09484577,
          0.        , -0.02753035],
        [ 0.13812127,  0.19016361,  0.38050238, ...,  0.12221606,
          0.02753035,  0.        ]],

       [[ 0.        ,  0.1997593 ,  0.03767775, ...,  0.72183099,
          0.87860571,  0.92189547],
        [-0.1997593 ,  0.        , -0.1626991 , ...,  0.5690352 ,
          0.76550278,  0.82592019],
        [-0.03767775,  0.1626991 ,  0.        , ...,  0.69524283,
          0.85998892,  0.90664306],
        ...,
        [-0.72183099, -0.5690352 , -0.69524283, ...,  0.        ,
          0.26334722,  0.35835037],
        [-0.87860571, -0.76550278, -0.85998892, ..., -0.26334722,
          0.        ,  0.09984341],
        [-0.92189547, -0.82592019, -0.90664306, ..., -0.35835037,
         -0.09984341,  0.        ]]]), 'num': array([ 7.06673405e-01,  7.06673405e-01,  0.00000000e+00,  1.05701573e-02,
        1.06899324e-02,  1.05402135e-02,  1.75797586e-02, -8.98313651e-05,
        1.06420224e-02,  1.07348481e-02,  1.09399631e-02,  2.28143149e-06,
        1.12802856e-02,  1.01894107e-02])}
{'img': array([[[ 0.        ,  0.45245001,  0.67608242, ..., -0.12442807,
         -0.20024165, -0.27700125],
        [-0.45245001,  0.        ,  0.26954645, ..., -0.55989753,
         -0.62185978, -0.68177232],
        [-0.67608242, -0.26954645,  0.        , ..., -0.76251017,
         -0.80993266, -0.85372874],
        ...,
        [ 0.12442807,  0.55989753,  0.76251017, ...,  0.        ,
         -0.07677752, -0.15528942],
        [ 0.20024165,  0.62185978,  0.80993266, ...,  0.07677752,
          0.        , -0.07898491],
        [ 0.27700125,  0.68177232,  0.85372874, ...,  0.15528942,
          0.07898491,  0.        ]],

       [[ 0.        ,  0.81777374,  0.99787127, ...,  0.1496474 ,
          0.24047529, -0.29828848],
        [-0.81777374,  0.        ,  0.52098397, ..., -0.72243709,
         -0.65537327, -0.95222212],
        [-0.99787127, -0.52098397,  0.        , ..., -0.97687549,
         -0.95290652, -0.97189668],
        ...,
        [-0.1496474 ,  0.72243709,  0.97687549, ...,  0.        ,
          0.09251137, -0.4377644 ],
        [-0.24047529,  0.65537327,  0.95290652, ..., -0.09251137,
          0.        , -0.51906312],
        [ 0.29828848,  0.95222212,  0.97189668, ...,  0.4377644 ,
          0.51906312,  0.        ]],

       [[ 0.        ,  0.09296187,  0.20315555, ..., -0.43200987,
         -0.43200987, -0.39098277],
        [-0.09296187,  0.        ,  0.11125254, ..., -0.51397854,
         -0.51397854, -0.4748516 ],
        [-0.20315555, -0.11125254,  0.        , ..., -0.60622061,
         -0.60622061, -0.56981336],
        ...,
        [ 0.43200987,  0.51397854,  0.60622061, ...,  0.        ,
          0.        ,  0.04500582],
        [ 0.43200987,  0.51397854,  0.60622061, ...,  0.        ,
          0.        ,  0.04500582],
        [ 0.39098277,  0.4748516 ,  0.56981336, ..., -0.04500582,
         -0.04500582,  0.        ]],

       ...,

       [[ 0.        ,  0.58737635,  0.39353838, ..., -0.72765327,
         -0.79500148, -0.91703483],
        [-0.58737635,  0.        , -0.22148379, ..., -0.99180787,
         -0.99971266, -0.97641893],
        [-0.39353838,  0.22148379,  0.        , ..., -0.93888334,
         -0.9695747 , -0.99998354],
        ...,
        [ 0.72765327,  0.99180787,  0.93888334, ...,  0.        ,
         -0.10392748, -0.33884227],
        [ 0.79500148,  0.99971266,  0.9695747 , ...,  0.10392748,
          0.        , -0.23922794],
        [ 0.91703483,  0.97641893,  0.99998354, ...,  0.33884227,
          0.23922794,  0.        ]],

       [[ 0.        ,  0.19769963,  0.4415433 , ..., -0.16306355,
         -0.19016361, -0.21563089],
        [-0.19769963,  0.        ,  0.2554444 , ..., -0.35489864,
         -0.38050238, -0.40442365],
        [-0.4415433 , -0.2554444 ,  0.        , ..., -0.58194062,
         -0.60410859, -0.62462862],
        ...,
        [ 0.16306355,  0.35489864,  0.58194062, ...,  0.        ,
         -0.02753035, -0.05351732],
        [ 0.19016361,  0.38050238,  0.60410859, ...,  0.02753035,
          0.        , -0.02600615],
        [ 0.21563089,  0.40442365,  0.62462862, ...,  0.05351732,
          0.02600615,  0.        ]],

       [[ 0.        , -0.1626991 , -0.49074419, ...,  0.76550278,
          0.82592019,  0.8640599 ],
        [ 0.1626991 ,  0.        , -0.34244506, ...,  0.85998892,
          0.90664306,  0.93444788],
        [ 0.49074419,  0.34244506,  0.        , ...,  0.98274621,
          0.99630254,  0.99989382],
        ...,
        [-0.76550278, -0.85998892, -0.98274621, ...,  0.        ,
          0.09984341,  0.17061863],
        [-0.82592019, -0.90664306, -0.99630254, ..., -0.09984341,
          0.        ,  0.07138665],
        [-0.8640599 , -0.93444788, -0.99989382, ..., -0.17061863,
         -0.07138665,  0.        ]]]), 'num': array([7.04732271e-01, 7.04732271e-01, 0.00000000e+00, 1.07800148e-02,
       1.11383533e-02, 1.03918148e-02, 7.60113477e-02, 2.38892295e-04,
       1.06545964e-02, 1.07367156e-02, 1.09084194e-02, 2.68418309e-06,
       1.12183943e-02, 1.02550369e-02])}
{'img': array([[[ 0.        ,  0.26954645,  0.29808842, ..., -0.62185978,
         -0.68177232, -0.51752528],
        [-0.26954645,  0.        ,  0.02976299, ..., -0.80993266,
         -0.85372874, -0.72901257],
        [-0.29808842, -0.02976299,  0.        , ..., -0.82703052,
         -0.86884865, -0.74906238],
        ...,
        [ 0.62185978,  0.80993266,  0.82703052, ...,  0.        ,
         -0.07898491,  0.12681661],
        [ 0.68177232,  0.85372874,  0.86884865, ...,  0.07898491,
          0.        ,  0.20476761],
        [ 0.51752528,  0.72901257,  0.74906238, ..., -0.12681661,
         -0.20476761,  0.        ]],

       [[ 0.        ,  0.52098397, -0.19112831, ..., -0.65537327,
         -0.95222212,  0.21073453],
        [-0.52098397,  0.        , -0.67452038, ..., -0.95290652,
         -0.97189668, -0.32940848],
        [ 0.19112831,  0.67452038,  0.        , ..., -0.4989313 ,
         -0.87629616,  0.39368585],
        ...,
        [ 0.65537327,  0.95290652,  0.4989313 , ...,  0.        ,
         -0.51906312,  0.79982464],
        [ 0.95222212,  0.97189668,  0.87629616, ...,  0.51906312,
          0.        ,  0.99519804],
        [-0.21073453,  0.32940848, -0.39368585, ..., -0.79982464,
         -0.99519804,  0.        ]],

       [[ 0.        ,  0.11125254,  0.21754876, ..., -0.51397854,
         -0.4748516 , -0.43556025],
        [-0.11125254,  0.        ,  0.10761028, ..., -0.60622061,
         -0.56981336, -0.5330014 ],
        [-0.21754876, -0.10761028,  0.        , ..., -0.68828246,
         -0.65493589, -0.62095695],
        ...,
        [ 0.51397854,  0.60622061,  0.68828246, ...,  0.        ,
          0.04500582,  0.0890378 ],
        [ 0.4748516 ,  0.56981336,  0.65493589, ..., -0.04500582,
          0.        ,  0.0441205 ],
        [ 0.43556025,  0.5330014 ,  0.62095695, ..., -0.0890378 ,
         -0.0441205 ,  0.        ]],

       ...,

       [[ 0.        , -0.22148379,  0.06455036, ..., -0.99971266,
         -0.97641893, -0.99998891],
        [ 0.22148379,  0.        ,  0.28396907, ..., -0.9695747 ,
         -0.99998354, -0.97411024],
        [-0.06455036, -0.28396907,  0.        , ..., -0.99917503,
         -0.96044714, -0.99820736],
        ...,
        [ 0.99971266,  0.9695747 ,  0.99917503, ...,  0.        ,
         -0.23922794, -0.01926277],
        [ 0.97641893,  0.99998354,  0.96044714, ...,  0.23922794,
          0.        ,  0.2204801 ],
        [ 0.99998891,  0.97411024,  0.99820736, ...,  0.01926277,
         -0.2204801 ,  0.        ]],

       [[ 0.        ,  0.2554444 ,  0.45272156, ..., -0.38050238,
         -0.40442365, -0.45568547],
        [-0.2554444 ,  0.        ,  0.20993446, ..., -0.60410859,
         -0.62462862, -0.66794903],
        [-0.45272156, -0.20993446,  0.        , ..., -0.7579435 ,
         -0.77465149, -0.80929879],
        ...,
        [ 0.38050238,  0.60410859,  0.7579435 , ...,  0.        ,
         -0.02600615, -0.08270807],
        [ 0.40442365,  0.62462862,  0.77465149, ...,  0.02600615,
          0.        , -0.05676305],
        [ 0.45568547,  0.66794903,  0.80929879, ...,  0.08270807,
          0.05676305,  0.        ]],

       [[ 0.        , -0.34244506, -0.12420472, ...,  0.90664306,
          0.93444788,  0.97949681],
        [ 0.34244506,  0.        ,  0.22309834, ...,  0.99630254,
          0.99989382,  0.9892632 ],
        [ 0.12420472, -0.22309834,  0.        , ...,  0.95202436,
          0.97144138,  0.99693443],
        ...,
        [-0.90664306, -0.99630254, -0.95202436, ...,  0.        ,
          0.07138665,  0.23059628],
        [-0.93444788, -0.99989382, -0.97144138, ..., -0.07138665,
          0.        ,  0.16054521],
        [-0.97949681, -0.9892632 , -0.99693443, ..., -0.23059628,
         -0.16054521,  0.        ]]]), 'num': array([ 7.94115581e-01,  6.04258898e-01,  1.08489533e-06,  1.18660427e-02,
        1.22728784e-02,  1.17982367e-02,  5.54708338e-02, -3.72932770e-04,
        1.20626800e-02,  1.21762549e-02,  1.23661116e-02,  2.30987330e-06,
        1.27408286e-02,  1.16116813e-02])}
{'img': array([[[ 0.        ,  0.02976299,  0.02976299, ..., -0.85372874,
         -0.72901257, -0.89352582],
        [-0.02976299,  0.        ,  0.        , ..., -0.86884865,
         -0.74906238, -0.9064939 ],
        [-0.02976299,  0.        ,  0.        , ..., -0.86884865,
         -0.74906238, -0.9064939 ],
        ...,
        [ 0.85372874,  0.86884865,  0.86884865, ...,  0.        ,
          0.20476761, -0.08194069],
        [ 0.72901257,  0.74906238,  0.74906238, ..., -0.20476761,
          0.        , -0.28428344],
        [ 0.89352582,  0.9064939 ,  0.9064939 , ...,  0.08194069,
          0.28428344,  0.        ]],

       [[ 0.        , -0.67452038, -0.95166683, ..., -0.97189668,
         -0.32940848, -0.74379624],
        [ 0.67452038,  0.        , -0.49540699, ..., -0.87629616,
          0.39368585, -0.09825846],
        [ 0.95166683,  0.49540699,  0.        , ..., -0.52253068,
          0.79737996,  0.40765639],
        ...,
        [ 0.97189668,  0.87629616,  0.52253068, ...,  0.        ,
          0.99519804,  0.82471745],
        [ 0.32940848, -0.39368585, -0.79737996, ..., -0.99519804,
          0.        , -0.48210438],
        [ 0.74379624,  0.09825846, -0.40765639, ..., -0.82471745,
          0.48210438,  0.        ]],

       [[ 0.        ,  0.10761028,  0.2985835 , ..., -0.56981336,
         -0.5330014 , -0.55933592],
        [-0.10761028,  0.        ,  0.19414819, ..., -0.65493589,
         -0.62095695, -0.64529052],
        [-0.2985835 , -0.19414819,  0.        , ..., -0.78918868,
         -0.76132353, -0.78132911],
        ...,
        [ 0.56981336,  0.65493589,  0.78918868, ...,  0.        ,
          0.0441205 ,  0.01269392],
        [ 0.5330014 ,  0.62095695,  0.76132353, ..., -0.0441205 ,
          0.        , -0.03143539],
        [ 0.55933592,  0.64529052,  0.78132911, ..., -0.01269392,
          0.03143539,  0.        ]],

       ...,

       [[ 0.        ,  0.28396907,  0.23515476, ..., -0.99998354,
         -0.97411024, -0.99093298],
        [-0.28396907,  0.        , -0.05053174, ..., -0.96044714,
         -0.99820736, -0.91198641],
        [-0.23515476,  0.05053174,  0.        , ..., -0.97329132,
         -0.99995645, -0.93155046],
        ...,
        [ 0.99998354,  0.96044714,  0.97329132, ...,  0.        ,
          0.2204801 , -0.14004114],
        [ 0.97411024,  0.99820736,  0.99995645, ..., -0.2204801 ,
          0.        , -0.35490236],
        [ 0.99093298,  0.91198641,  0.93155046, ...,  0.14004114,
          0.35490236,  0.        ]],

       [[ 0.        ,  0.20993446,  0.36547057, ..., -0.62462862,
         -0.66794903, -0.6628242 ],
        [-0.20993446,  0.        ,  0.16191443, ..., -0.77465149,
         -0.80929879, -0.80524716],
        [-0.36547057, -0.16191443,  0.        , ..., -0.86682261,
         -0.89372802, -0.89062719],
        ...,
        [ 0.62462862,  0.77465149,  0.86682261, ...,  0.        ,
         -0.05676305, -0.04990764],
        [ 0.66794903,  0.80929879,  0.89372802, ...,  0.05676305,
          0.        ,  0.00686514],
        [ 0.6628242 ,  0.80524716,  0.89062719, ...,  0.04990764,
         -0.00686514,  0.        ]],

       [[ 0.        ,  0.22309834,  0.50793185, ...,  0.99989382,
          0.9892632 ,  0.99510072],
        [-0.22309834,  0.        ,  0.30295361, ...,  0.97144138,
          0.99693443,  0.99207707],
        [-0.50793185, -0.30295361,  0.        , ...,  0.85390405,
          0.92638025,  0.90739441],
        ...,
        [-0.99989382, -0.97144138, -0.85390405, ...,  0.        ,
          0.16054521,  0.11335678],
        [-0.9892632 , -0.99693443, -0.92638025, ..., -0.16054521,
          0.        , -0.04762402],
        [-0.99510072, -0.99207707, -0.90739441, ..., -0.11335678,
          0.04762402,  0.        ]]]), 'num': array([ 7.93753373e-01,  6.06053213e-01,  1.08811687e-06,  1.17312600e-02,
        1.19012783e-02,  1.16972563e-02,  3.86629686e-02, -1.70018261e-04,
        1.20032892e-02,  1.21954098e-02,  1.23756292e-02,  2.48026639e-06,
        1.27969094e-02,  1.15939103e-02])}
{'img': array([[[ 0.        ,  0.        ,  0.26684177, ..., -0.74906238,
         -0.9064939 , -0.95832611],
        [ 0.        ,  0.        ,  0.26684177, ..., -0.74906238,
         -0.9064939 , -0.95832611],
        [-0.26684177, -0.26684177,  0.        , ..., -0.89868418,
         -0.9862904 , -0.99980797],
        ...,
        [ 0.74906238,  0.74906238,  0.89868418, ...,  0.        ,
         -0.28428344, -0.42090102],
        [ 0.9064939 ,  0.9064939 ,  0.9862904 , ...,  0.28428344,
          0.        , -0.14565939],
        [ 0.95832611,  0.95832611,  0.99980797, ...,  0.42090102,
          0.14565939,  0.        ]],

       [[ 0.        , -0.49540699, -0.6684907 , ...,  0.39368585,
         -0.09825846, -0.41236405],
        [ 0.49540699,  0.        , -0.21224746, ...,  0.79737996,
          0.40765639,  0.09312069],
        [ 0.6684907 ,  0.21224746,  0.        , ...,  0.907299  ,
          0.59217899,  0.30232422],
        ...,
        [-0.39368585, -0.79737996, -0.907299  , ...,  0.        ,
         -0.48210438, -0.73771896],
        [ 0.09825846, -0.40765639, -0.59217899, ...,  0.48210438,
          0.        , -0.32085326],
        [ 0.41236405, -0.09312069, -0.30232422, ...,  0.73771896,
          0.32085326,  0.        ]],

       [[ 0.        ,  0.19414819,  0.45208964, ..., -0.62095695,
         -0.64529052, -0.71169146],
        [-0.19414819,  0.        ,  0.27031253, ..., -0.76132353,
         -0.78132911, -0.83453713],
        [-0.45208964, -0.27031253,  0.        , ..., -0.90824458,
         -0.92094953, -0.95239865],
        ...,
        [ 0.62095695,  0.76132353,  0.90824458, ...,  0.        ,
         -0.03143539, -0.12163816],
        [ 0.64529052,  0.78132911,  0.92094953, ...,  0.03143539,
          0.        , -0.09037607],
        [ 0.71169146,  0.83453713,  0.95239865, ...,  0.12163816,
          0.09037607,  0.        ]],

       ...,

       [[ 0.        , -0.05053174, -0.15463756, ..., -0.99820736,
         -0.91198641, -0.94353458],
        [ 0.05053174,  0.        , -0.1045161 , ..., -0.99995645,
         -0.93155046, -0.95906903],
        [ 0.15463756,  0.1045161 ,  0.        , ..., -0.9954553 ,
         -0.96445185, -0.98341247],
        ...,
        [ 0.99820736,  0.99995645,  0.9954553 , ...,  0.        ,
         -0.35490236, -0.27420935],
        [ 0.91198641,  0.93155046,  0.96445185, ...,  0.35490236,
          0.        ,  0.08493972],
        [ 0.94353458,  0.95906903,  0.98341247, ...,  0.27420935,
         -0.08493972,  0.        ]],

       [[ 0.        ,  0.16191443,  0.36673129, ..., -0.80929879,
         -0.80524716, -0.78732883],
        [-0.16191443,  0.        ,  0.21125885, ..., -0.89372802,
         -0.89062719, -0.8767655 ],
        [-0.36673129, -0.21125885,  0.        , ..., -0.96832938,
         -0.96659249, -0.95857525],
        ...,
        [ 0.80929879,  0.89372802,  0.96832938, ...,  0.        ,
          0.00686514,  0.03648492],
        [ 0.80524716,  0.89062719,  0.96659249, ..., -0.00686514,
          0.        ,  0.02962349],
        [ 0.78732883,  0.8767655 ,  0.95857525, ..., -0.03648492,
         -0.02962349,  0.        ]],

       [[ 0.        ,  0.46529813,  0.62741764, ...,  0.99081188,
          0.99617634,  0.99997125],
        [-0.46529813,  0.        ,  0.19304154, ...,  0.93995141,
          0.92242042,  0.88865689],
        [-0.62741764, -0.19304154,  0.        , ...,  0.8563848 ,
          0.83052005,  0.78341819],
        ...,
        [-0.99081188, -0.93995141, -0.8563848 , ...,  0.        ,
         -0.04816751, -0.12773011],
        [-0.99617634, -0.92242042, -0.83052005, ...,  0.04816751,
          0.        , -0.07980889],
        [-0.99997125, -0.88865689, -0.78341819, ...,  0.12773011,
          0.07980889,  0.        ]]]), 'num': array([8.94221637e-01, 4.44856330e-01, 2.60501627e-06, 1.32166267e-02,
       1.34464810e-02, 1.32166267e-02, 3.16448949e-02, 0.00000000e+00,
       1.34388192e-02, 1.37088981e-02, 1.39112977e-02, 3.00653404e-06,
       1.44220129e-02, 1.29957834e-02])}
{'img': array([[[ 0.        ,  0.26684177,  0.81076928, ..., -0.9064939 ,
         -0.95832611, -0.95832611],
        [-0.26684177,  0.        ,  0.62517101, ..., -0.9862904 ,
         -0.99980797, -0.99980797],
        [-0.81076928, -0.62517101,  0.        , ..., -0.87295269,
         -0.79258911, -0.79258911],
        ...,
        [ 0.9064939 ,  0.9862904 ,  0.87295269, ...,  0.        ,
         -0.14565939, -0.14565939],
        [ 0.95832611,  0.99980797,  0.79258911, ...,  0.14565939,
          0.        ,  0.        ],
        [ 0.95832611,  0.99980797,  0.79258911, ...,  0.14565939,
          0.        ,  0.        ]],

       [[ 0.        , -0.21224746,  0.15997652, ...,  0.40765639,
          0.09312069, -0.1746701 ],
        [ 0.21224746,  0.        ,  0.36584549, ...,  0.59217899,
          0.30232422,  0.03829417],
        [-0.15997652, -0.36584549,  0.        , ...,  0.25632589,
         -0.06736002, -0.32993769],
        ...,
        [-0.40765639, -0.59217899, -0.25632589, ...,  0.        ,
         -0.32085326, -0.56088695],
        [-0.09312069, -0.30232422,  0.06736002, ...,  0.32085326,
          0.        , -0.26560028],
        [ 0.1746701 , -0.03829417,  0.32993769, ...,  0.56088695,
          0.26560028,  0.        ]],

       [[ 0.        ,  0.27031253,  0.50943978, ..., -0.78132911,
         -0.83453713, -0.87314203],
        [-0.27031253,  0.        ,  0.25786904, ..., -0.92094953,
         -0.95239865, -0.97240539],
        [-0.50943978, -0.25786904,  0.        , ..., -0.9902898 ,
         -0.99880118, -0.99967874],
        ...,
        [ 0.78132911,  0.92094953,  0.9902898 , ...,  0.        ,
         -0.09037607, -0.16407345],
        [ 0.83453713,  0.95239865,  0.99880118, ...,  0.09037607,
          0.        , -0.0742507 ],
        [ 0.87314203,  0.97240539,  0.99967874, ...,  0.16407345,
          0.0742507 ,  0.        ]],

       ...,

       [[ 0.        , -0.1045161 ,  0.1688012 , ..., -0.93155046,
         -0.95906903, -0.98137079],
        [ 0.1045161 ,  0.        ,  0.27089301, ..., -0.96445185,
         -0.98341247, -0.996076  ],
        [-0.1688012 , -0.27089301,  0.        , ..., -0.85680466,
         -0.89750666, -0.93485759],
        ...,
        [ 0.93155046,  0.96445185,  0.85680466, ...,  0.        ,
          0.08493972,  0.17786573],
        [ 0.95906903,  0.98341247,  0.89750666, ..., -0.08493972,
          0.        ,  0.09363761],
        [ 0.98137079,  0.996076  ,  0.93485759, ..., -0.17786573,
         -0.09363761,  0.        ]],

       [[ 0.        ,  0.21125885,  0.4765855 , ..., -0.89062719,
         -0.8767655 , -0.87346755],
        [-0.21125885,  0.        ,  0.28010545, ..., -0.96659249,
         -0.95857525, -0.95661173],
        [-0.4765855 , -0.28010545,  0.        , ..., -0.99969515,
         -0.99998782, -0.99993097],
        ...,
        [ 0.89062719,  0.96659249,  0.99969515, ...,  0.        ,
          0.02962349,  0.03643509],
        [ 0.8767655 ,  0.95857525,  0.99998782, ..., -0.02962349,
          0.        ,  0.00681528],
        [ 0.87346755,  0.95661173,  0.99993097, ..., -0.03643509,
         -0.00681528,  0.        ]],

       [[ 0.        ,  0.2547953 ,  0.45485409, ...,  0.96667221,
          0.94225348,  0.90707986],
        [-0.2547953 ,  0.        ,  0.21292961, ...,  0.86953521,
          0.82582333,  0.76988344],
        [-0.45485409, -0.21292961,  0.        , ...,  0.74443488,
          0.686808  ,  0.61633973],
        ...,
        [-0.96667221, -0.86953521, -0.74443488, ...,  0.        ,
         -0.0825059 , -0.17470085],
        [-0.94225348, -0.82582333, -0.686808  , ...,  0.0825059 ,
          0.        , -0.09286813],
        [-0.90707986, -0.76988344, -0.61633973, ...,  0.17470085,
          0.09286813,  0.        ]]]), 'num': array([8.96343771e-01, 4.40775834e-01, 2.58112146e-06, 1.33990570e-02,
       1.33990570e-02, 1.30953956e-02, 2.88874559e-02, 3.03661348e-04,
       1.33155501e-02, 1.35622750e-02, 1.37577569e-02, 3.48317428e-06,
       1.42646867e-02, 1.28598632e-02])}
{'img': array([[[ 0.        ,  0.62517101,  0.28636686, ..., -0.99980797,
         -0.99980797, -0.96945194],
        [-0.62517101,  0.        , -0.37548303, ..., -0.79258911,
         -0.79258911, -0.9099882 ],
        [-0.28636686,  0.37548303,  0.        , ..., -0.96354786,
         -0.96354786, -0.99909178],
        ...,
        [ 0.99980797,  0.79258911,  0.96354786, ...,  0.        ,
          0.        ,  0.22623634],
        [ 0.99980797,  0.79258911,  0.96354786, ...,  0.        ,
          0.        ,  0.22623634],
        [ 0.96945194,  0.9099882 ,  0.99909178, ..., -0.22623634,
         -0.22623634,  0.        ]],

       [[ 0.        ,  0.36584549,  0.05633286, ...,  0.30232422,
          0.03829417, -0.03416722],
        [-0.36584549,  0.        , -0.31283692, ..., -0.06736002,
         -0.32993769, -0.39743047],
        [-0.05633286,  0.31283692,  0.        , ...,  0.24814738,
         -0.01805818, -0.09041293],
        ...,
        [-0.30232422,  0.06736002, -0.24814738, ...,  0.        ,
         -0.26560028, -0.33471607],
        [-0.03829417,  0.32993769,  0.01805818, ...,  0.26560028,
          0.        , -0.07241396],
        [ 0.03416722,  0.39743047,  0.09041293, ...,  0.33471607,
          0.07241396,  0.        ]],

       [[ 0.        ,  0.25786904,  0.4475846 , ..., -0.95239865,
         -0.97240539, -0.97240539],
        [-0.25786904,  0.        ,  0.20185001, ..., -0.99880118,
         -0.99967874, -0.99967874],
        [-0.4475846 , -0.20185001,  0.        , ..., -0.98812306,
         -0.97398575, -0.97398575],
        ...,
        [ 0.95239865,  0.99880118,  0.98812306, ...,  0.        ,
         -0.0742507 , -0.0742507 ],
        [ 0.97240539,  0.99967874,  0.97398575, ...,  0.0742507 ,
          0.        ,  0.        ],
        [ 0.97240539,  0.99967874,  0.97398575, ...,  0.0742507 ,
          0.        ,  0.        ]],

       ...,

       [[ 0.        ,  0.27089301, -0.18863133, ..., -0.98341247,
         -0.996076  , -0.99220956],
        [-0.27089301,  0.        , -0.44760824, ..., -0.89750666,
         -0.93485759, -0.98885818],
        [ 0.18863133,  0.44760824,  0.        , ..., -0.9999728 ,
         -0.99488867, -0.95089768],
        ...,
        [ 0.98341247,  0.89750666,  0.9999728 , ...,  0.        ,
          0.09363761,  0.30248391],
        [ 0.996076  ,  0.93485759,  0.99488867, ..., -0.09363761,
          0.        ,  0.21190379],
        [ 0.99220956,  0.98885818,  0.95089768, ..., -0.30248391,
         -0.21190379,  0.        ]],

       [[ 0.        ,  0.28010545,  0.43658071, ..., -0.95857525,
         -0.95661173, -0.96655651],
        [-0.28010545,  0.        ,  0.16710296, ..., -0.99998782,
         -0.99993097, -0.9996986 ],
        [-0.43658071, -0.16710296,  0.        , ..., -0.98675209,
         -0.98783485, -0.9815399 ],
        ...,
        [ 0.95857525,  0.99998782,  0.98675209, ...,  0.        ,
          0.00681528, -0.02948321],
        [ 0.95661173,  0.99993097,  0.98783485, ..., -0.00681528,
          0.        , -0.03629484],
        [ 0.96655651,  0.9996986 ,  0.9815399 , ...,  0.02948321,
          0.03629484,  0.        ]],

       [[ 0.        ,  0.21292961,  0.54300205, ...,  0.82582333,
          0.76988344,  0.75443221],
        [-0.21292961,  0.        ,  0.351746  , ...,  0.686808  ,
          0.61633973,  0.59736891],
        [-0.54300205, -0.351746  ,  0.        , ...,  0.3872552 ,
          0.29995977,  0.27710581],
        ...,
        [-0.82582333, -0.686808  , -0.3872552 , ...,  0.        ,
         -0.09286813, -0.1166061 ],
        [-0.76988344, -0.61633973, -0.29995977, ...,  0.09286813,
          0.        , -0.02386757],
        [-0.75443221, -0.59736891, -0.27710581, ...,  0.1166061 ,
          0.02386757,  0.        ]]]), 'num': array([ 7.60916176e-01,  6.47651901e-01,  6.45380485e-07,  1.13264275e-02,
        1.14555036e-02,  1.12296204e-02,  2.25423013e-02, -6.45380485e-05,
        1.12554357e-02,  1.14942264e-02,  1.16684792e-02,  3.06949255e-06,
        1.20496287e-02,  1.09388241e-02])}
{'img': array([[[ 0.        , -0.37548303, -0.68161896, ..., -0.79258911,
         -0.9099882 , -0.88614157],
        [ 0.37548303,  0.        , -0.35700072, ..., -0.96354786,
         -0.99909178, -0.99530627],
        [ 0.68161896,  0.35700072,  0.        , ..., -0.99556457,
         -0.94846752, -0.96426847],
        ...,
        [ 0.79258911,  0.96354786,  0.99556457, ...,  0.        ,
          0.22623634,  0.17303283],
        [ 0.9099882 ,  0.99909178,  0.94846752, ..., -0.22623634,
          0.        , -0.0542773 ],
        [ 0.88614157,  0.99530627,  0.96426847, ..., -0.17303283,
          0.0542773 ,  0.        ]],

       [[ 0.        , -0.31283692, -0.13438905, ..., -0.32993769,
         -0.39743047, -0.47056104],
