state_0,state_1,state_2,state_3,state_4,state_5,state_6,state_7,state_8,state_9,state_10,state_11,state_12,state_13,state_14,state_15,state_16,state_17,state_18,state_19,state_20,state_21,state_22,state_23,state_24,state_25,state_26,state_27,state_28,state_29,state_30,state_31,state_32,state_33,state_34,state_35,state_36,state_37,state_38,state_39,state_40,state_41,state_42,state_43,state_44,state_45,state_46,state_47,state_48,state_49,state_50,state_51,state_52,state_53,state_54,state_55,state_56,state_57,state_58,state_59,state_60,state_61,state_62,state_63,state_64,state_65,state_66,state_67,state_68,state_69,state_70,state_71,state_72,state_73,state_74,state_75,state_76,state_77,state_78,state_79,state_80,state_81,state_82,state_83,state_84,state_85,state_86,state_87,state_88,state_89,state_90,state_91,state_92,state_93,state_94,state_95,state_96,state_97,state_98,state_99,state_100,state_101,state_102,state_103,state_104,state_105,state_106,state_107,state_108,state_109,state_110,state_111,state_112,state_113,state_114,state_115,state_116,state_117,state_118,state_119,state_120,state_121,state_122,state_123,state_124,state_125,state_126,state_127,state_128,state_129,state_130,state_131,state_132,state_133,state_134,state_135,state_136,state_137,state_138,state_139,state_140,state_141,state_142,state_143,state_144,state_145,state_146,state_147,state_148,state_149,state_150,state_151,state_152,state_153,state_154,state_155,state_156,state_157,state_158,state_159,state_160,state_161,state_162,state_163,state_164,state_165,state_166,state_167,state_168,state_169,state_170,state_171,state_172,state_173,state_174,state_175,state_176,state_177,state_178,state_179,state_180,state_181,state_182,state_183,state_184,state_185,state_186,state_187,state_188,state_189,state_190,state_191,state_192,state_193,state_194,state_195,state_196,state_197,state_198,state_199,state_200,state_201,state_202,state_203,state_204,state_205,state_206,state_207,state_208,state_209,state_210,state_211,state_212,state_213,state_214,state_215,state_216,state_217,state_218,state_219,state_220,state_221,state_222,state_223,state_224,state_225,state_226,state_227,state_228,state_229,state_230,state_231,state_232,state_233,state_234,state_235,state_236,state_237,state_238,state_239,state_240,state_241,state_242,state_243,state_244,state_245,state_246,state_247,state_248,state_249,state_250,state_251,state_252,state_253,state_254,state_255,state_256,state_257,state_258,state_259,state_260,state_261,state_262,state_263,state_264,state_265,state_266,state_267,state_268,state_269,state_270,state_271,state_272,state_273,state_274,state_275,state_276,state_277,state_278,state_279,state_280,state_281,state_282,state_283,state_284,state_285,state_286,state_287
{'img': array([[[ 0.        ,  0.53027439, -0.24017373, ..., -0.99766366,
         -0.99242182, -0.89916092],
        [-0.53027439,  0.        , -0.71837877, ..., -0.80961845,
         -0.77624222, -0.53027439],
        [ 0.24017373,  0.71837877,  0.        , ..., -0.98486994,
         -0.99288555, -0.97794679],
        ...,
        [ 0.99766366,  0.80961845,  0.98486994, ...,  0.        ,
         -0.0547912 , -0.37516764],
        [ 0.99242182,  0.77624222,  0.99288555, ...,  0.0547912 ,
          0.        , -0.32381499],
        [ 0.89916092,  0.53027439,  0.97794679, ...,  0.37516764,
          0.32381499,  0.        ]],

       [[ 0.        , -0.77770978, -0.53521155, ..., -0.89436538,
         -0.97773172, -0.98450077],
        [ 0.77770978,  0.        ,  0.32049894, ..., -0.21432057,
         -0.45141595, -0.48248537],
        [ 0.53521155, -0.32049894,  0.        , ..., -0.51606655,
         -0.71358883, -0.73776003],
        ...,
        [ 0.89436538,  0.21432057,  0.51606655, ...,  0.        ,
         -0.2496854 , -0.28354978],
        [ 0.97773172,  0.45141595,  0.71358883, ...,  0.2496854 ,
          0.        , -0.03513122],
        [ 0.98450077,  0.48248537,  0.73776003, ...,  0.28354978,
          0.03513122,  0.        ]],

       [[ 0.        , -0.4484552 , -0.7150092 , ..., -0.6338557 ,
         -0.60701514, -0.50093186],
        [ 0.4484552 ,  0.        , -0.32555724, ..., -0.91340186,
         -0.89893634, -0.83586758],
        [ 0.7150092 ,  0.32555724,  0.        , ..., -0.99616287,
         -0.99258427, -0.96903997],
        ...,
        [ 0.6338557 ,  0.91340186,  0.99616287, ...,  0.        ,
         -0.03422228, -0.16114728],
        [ 0.60701514,  0.89893634,  0.99258427, ...,  0.03422228,
          0.        , -0.12727787],
        [ 0.50093186,  0.83586758,  0.96903997, ...,  0.16114728,
          0.12727787,  0.        ]],

       ...,

       [[ 0.        , -0.09392352, -0.39305712, ..., -0.89342882,
         -0.8764132 , -0.86722382],
        [ 0.09392352,  0.        , -0.30495557, ..., -0.84728845,
         -0.82730915, -0.81662392],
        [ 0.39305712,  0.30495557,  0.        , ..., -0.64495723,
         -0.61659374, -0.60171408],
        ...,
        [ 0.89342882,  0.84728845,  0.64495723, ...,  0.        ,
          0.03655045,  0.05529366],
        [ 0.8764132 ,  0.82730915,  0.61659374, ..., -0.03655045,
          0.        ,  0.01876218],
        [ 0.86722382,  0.81662392,  0.60171408, ..., -0.05529366,
         -0.01876218,  0.        ]],

       [[ 0.        ,  0.14702075,  0.03232892, ..., -0.2832713 ,
         -0.14702075, -0.23957959],
        [-0.14702075,  0.        , -0.11496629, ..., -0.13919435,
         -0.        , -0.09423715],
        [-0.03232892,  0.11496629,  0.        , ..., -0.25211851,
         -0.11496629, -0.20806697],
        ...,
        [ 0.2832713 ,  0.13919435,  0.25211851, ...,  0.        ,
         -0.13919435, -0.04525514],
        [ 0.14702075,  0.        ,  0.11496629, ...,  0.13919435,
          0.        ,  0.09423715],
        [ 0.23957959,  0.09423715,  0.20806697, ...,  0.04525514,
         -0.09423715,  0.        ]],

       [[ 0.        ,  0.11876031,  0.09021646, ..., -0.99721823,
         -0.99996287, -0.92520167],
        [-0.11876031,  0.        , -0.02869802, ..., -0.99901294,
         -0.99390951, -0.87358732],
        [-0.09021646,  0.02869802,  0.        , ..., -0.99987624,
         -0.99666265, -0.8871939 ],
        ...,
        [ 0.99721823,  0.99901294,  0.99987624, ...,  0.        ,
         -0.06594088, -0.44738216],
        [ 0.99996287,  0.99390951,  0.99666265, ...,  0.06594088,
          0.        , -0.38743468],
        [ 0.92520167,  0.87358732,  0.8871939 , ...,  0.44738216,
          0.38743468,  0.        ]]]), 'num': array([ 7.09622822e-01,  7.04548909e-01,  9.06055878e-08,  3.17119557e-04,
        3.23348691e-04,  3.17119557e-04,  6.74071030e-03, -2.83142462e-06,
        3.22669150e-04,  3.27737400e-04,  3.39903087e-04,  2.09525422e-07,
        3.42455906e-04,  3.13018893e-04])}
{'img': array([[[ 0.        , -0.71837877, -0.56354267, ..., -0.77624222,
         -0.53027439, -0.29166104],
        [ 0.71837877,  0.        ,  0.20141365, ..., -0.99288555,
         -0.97794679, -0.89003954],
        [ 0.56354267, -0.20141365,  0.        , ..., -0.99652047,
         -0.91583893, -0.7799782 ],
        ...,
        [ 0.77624222,  0.99288555,  0.99652047, ...,  0.        ,
         -0.32381499, -0.55861929],
        [ 0.53027439,  0.97794679,  0.91583893, ...,  0.32381499,
          0.        , -0.25994114],
        [ 0.29166104,  0.89003954,  0.7799782 , ...,  0.55861929,
          0.25994114,  0.        ]],

       [[ 0.        ,  0.32049894,  0.13429483, ..., -0.45141595,
         -0.48248537, -0.60695011],
        [-0.32049894,  0.        , -0.19038505, ..., -0.71358883,
         -0.73776003, -0.82964612],
        [-0.13429483,  0.19038505,  0.        , ..., -0.56715987,
         -0.59574411, -0.70818146],
        ...,
        [ 0.45141595,  0.71358883,  0.56715987, ...,  0.        ,
         -0.03513122, -0.18283157],
        [ 0.48248537,  0.73776003,  0.59574411, ...,  0.03513122,
          0.        , -0.14817966],
        [ 0.60695011,  0.82964612,  0.70818146, ...,  0.18283157,
          0.14817966,  0.        ]],

       [[ 0.        , -0.60740474, -0.83913368, ..., -0.62179811,
         -0.51374334, -0.33015928],
        [ 0.60740474,  0.        , -0.33621876, ..., -0.96965754,
         -0.92923308, -0.83562073],
        [ 0.83913368,  0.33621876,  0.        , ..., -0.99540236,
         -0.99936761, -0.97166143],
        ...,
        [ 0.62179811,  0.96965754,  0.99540236, ...,  0.        ,
         -0.13111565, -0.32835758],
        [ 0.51374334,  0.92923308,  0.99936761, ...,  0.13111565,
          0.        , -0.20167715],
        [ 0.33015928,  0.83562073,  0.97166143, ...,  0.32835758,
          0.20167715,  0.        ]],

       ...,

       [[ 0.        , -0.30495557, -0.34660148, ..., -0.82730915,
         -0.81662392, -0.82730915],
        [ 0.30495557,  0.        , -0.04403954, ..., -0.61659374,
         -0.60171408, -0.61659374],
        [ 0.34660148,  0.04403954,  0.        , ..., -0.581324  ,
         -0.5659554 , -0.581324  ],
        ...,
        [ 0.82730915,  0.61659374,  0.581324  , ...,  0.        ,
          0.01876218,  0.        ],
        [ 0.81662392,  0.60171408,  0.5659554 , ..., -0.01876218,
          0.        , -0.01876218],
        [ 0.82730915,  0.61659374,  0.581324  , ...,  0.        ,
          0.01876218,  0.        ]],

       [[ 0.        , -0.11457747, -0.13469296, ..., -0.16406178,
         -0.18872491, -0.        ],
        [ 0.11457747,  0.        , -0.02027254, ..., -0.27600628,
         -0.30000054, -0.11457747],
        [ 0.13469296,  0.02027254,  0.        , ..., -0.29543463,
         -0.31927766, -0.13469296],
        ...,
        [ 0.16406178,  0.27600628,  0.29543463, ...,  0.        ,
          0.02505411, -0.16406178],
        [ 0.18872491,  0.30000054,  0.31927766, ..., -0.02505411,
          0.        , -0.18872491],
        [ 0.        ,  0.11457747,  0.13469296, ...,  0.16406178,
          0.18872491,  0.        ]],

       [[ 0.        , -0.02772449,  0.09500089, ..., -0.99811535,
         -0.99624506, -0.85877188],
        [ 0.02772449,  0.        ,  0.12256347, ..., -0.99603035,
         -0.99826244, -0.87264664],
        [-0.09500089, -0.12256347,  0.        , ..., -0.99943085,
         -0.98351423, -0.80621334],
        ...,
        [ 0.99811535,  0.99603035,  0.99943085, ...,  0.        ,
         -0.14755018, -0.5640916 ],
        [ 0.99624506,  0.99826244,  0.98351423, ...,  0.14755018,
          0.        , -0.43608339],
        [ 0.85877188,  0.87264664,  0.80621334, ...,  0.5640916 ,
          0.43608339,  0.        ]]]), 'num': array([7.06799641e-01, 7.06799641e-01, 0.00000000e+00, 1.33795517e-03,
       1.35213844e-03, 1.31431639e-03, 2.92194281e-02, 1.41832704e-05,
       1.34410126e-03, 1.36561255e-03, 1.41556918e-03, 1.02673506e-06,
       1.42770836e-03, 1.30351675e-03])}
{'img': array([[[ 0.        ,  0.51507875, -0.1255149 , ..., -0.90303584,
         -0.7519032 , -0.92018598],
        [-0.51507875,  0.        , -0.61858957, ..., -0.5527708 ,
         -0.30491068, -0.58708705],
        [ 0.1255149 ,  0.61858957,  0.        , ..., -0.94981122,
         -0.8287056 , -0.96204567],
        ...,
        [ 0.90303584,  0.5527708 ,  0.94981122, ...,  0.        ,
         -0.27235615,  0.04175808],
        [ 0.7519032 ,  0.30491068,  0.8287056 , ...,  0.27235615,
          0.        ,  0.31229807],
        [ 0.92018598,  0.58708705,  0.96204567, ..., -0.04175808,
         -0.31229807,  0.        ]],

       [[ 0.        , -0.19038505, -0.62865434, ..., -0.73776003,
         -0.82964612, -0.80486596],
        [ 0.19038505,  0.        , -0.46909636, ..., -0.59574411,
         -0.70818146, -0.67715927],
        [ 0.62865434,  0.46909636,  0.        , ..., -0.14936348,
         -0.29423201, -0.25285297],
        ...,
        [ 0.73776003,  0.59574411,  0.14936348, ...,  0.        ,
         -0.14817966, -0.10550668],
        [ 0.82964612,  0.70818146,  0.29423201, ...,  0.14817966,
          0.        ,  0.04301068],
        [ 0.80486596,  0.67715927,  0.25285297, ...,  0.10550668,
         -0.04301068,  0.        ]],

       [[ 0.        , -0.69310844, -0.84059338, ..., -0.53999743,
         -0.34798527, -0.27128168],
        [ 0.69310844,  0.        , -0.23049399, ..., -0.97261441,
         -0.90062854, -0.86266575],
        [ 0.84059338,  0.23049399,  0.        , ..., -0.99999803,
         -0.97654831, -0.95601537],
        ...,
        [ 0.53999743,  0.97261441,  0.99999803, ...,  0.        ,
         -0.21335998, -0.29141878],
        [ 0.34798527,  0.90062854,  0.97654831, ...,  0.21335998,
          0.        , -0.08060925],
        [ 0.27128168,  0.86266575,  0.95601537, ...,  0.29141878,
          0.08060925,  0.        ]],

       ...,

       [[ 0.        , -0.04403954, -0.01149906, ..., -0.60171408,
         -0.61659374, -0.33543735],
        [ 0.04403954,  0.        ,  0.03254872, ..., -0.5659554 ,
         -0.581324  , -0.2936239 ],
        [ 0.01149906, -0.03254872,  0.        , ..., -0.59248986,
         -0.60749997, -0.32458233],
        ...,
        [ 0.60171408,  0.5659554 ,  0.59248986, ...,  0.        ,
         -0.01876218,  0.29893459],
        [ 0.61659374,  0.581324  ,  0.60749997, ...,  0.01876218,
          0.        ,  0.31678623],
        [ 0.33543735,  0.2936239 ,  0.32458233, ..., -0.29893459,
         -0.31678623,  0.        ]],

       [[ 0.        , -0.07087565, -0.1635499 , ..., -0.25857288,
         -0.17885319, -0.        ],
        [ 0.07087565,  0.        , -0.09321729, ..., -0.3263879 ,
         -0.24813624, -0.07087565],
        [ 0.1635499 ,  0.09321729,  0.        , ..., -0.41307907,
         -0.33735773, -0.1635499 ],
        ...,
        [ 0.25857288,  0.3263879 ,  0.41307907, ...,  0.        ,
         -0.08163288, -0.25857288],
        [ 0.17885319,  0.24813624,  0.33735773, ...,  0.08163288,
          0.        , -0.17885319],
        [ 0.        ,  0.07087565,  0.1635499 , ...,  0.25857288,
          0.17885319,  0.        ]],

       [[ 0.        ,  0.1204656 ,  0.23510539, ..., -0.99955736,
         -0.98027713, -0.86492793],
        [-0.1204656 ,  0.        ,  0.1163043 , ..., -0.99586197,
         -0.94933091, -0.79816788],
        [-0.23510539, -0.1163043 ,  0.        , ..., -0.9785341 ,
         -0.90633648, -0.72268542],
        ...,
        [ 0.99955736,  0.99586197,  0.9785341 , ...,  0.        ,
         -0.22670382, -0.52740575],
        [ 0.98027713,  0.94933091,  0.90633648, ...,  0.22670382,
          0.        , -0.32106344],
        [ 0.86492793,  0.79816788,  0.72268542, ...,  0.52740575,
          0.32106344,  0.        ]]]), 'num': array([7.06948523e-01, 7.06948523e-01, 0.00000000e+00, 1.34296576e-03,
       1.34769451e-03, 1.32641512e-03, 2.08043601e-02, 4.72875266e-06,
       1.34012850e-03, 1.36270830e-03, 1.41318773e-03, 1.05343500e-06,
       1.42260267e-03, 1.30281393e-03])}
{'img': array([[[ 0.        , -0.61858957,  0.        , ..., -0.30491068,
         -0.58708705, -0.64768907],
        [ 0.61858957,  0.        ,  0.61858957, ..., -0.8287056 ,
         -0.96204567, -0.9802049 ],
        [ 0.        , -0.61858957,  0.        , ..., -0.30491068,
         -0.58708705, -0.64768907],
        ...,
        [ 0.30491068,  0.8287056 ,  0.30491068, ...,  0.        ,
          0.31229807,  0.38453384],
        [ 0.58708705,  0.96204567,  0.58708705, ..., -0.31229807,
          0.        ,  0.07701531],
        [ 0.64768907,  0.9802049 ,  0.64768907, ..., -0.38453384,
         -0.07701531,  0.        ]],

       [[ 0.        , -0.452454  , -0.53843087, ..., -0.67469511,
         -0.64666947, -0.9498101 ],
        [ 0.452454  ,  0.        , -0.09889678, ..., -0.2677301 ,
         -0.23157341, -0.70548914],
        [ 0.53843087,  0.09889678,  0.        , ..., -0.17113115,
         -0.13422966, -0.63194042],
        ...,
        [ 0.67469511,  0.2677301 ,  0.17113115, ...,  0.        ,
          0.03733292, -0.48998865],
        [ 0.64666947,  0.23157341,  0.13422966, ..., -0.03733292,
          0.        , -0.52219125],
        [ 0.9498101 ,  0.70548914,  0.63194042, ...,  0.48998865,
          0.52219125,  0.        ]],

       [[ 0.        , -0.61082251, -0.61704873, ..., -0.3741684 ,
         -0.29200607, -0.        ],
        [ 0.61082251,  0.        , -0.0078877 , ..., -0.86270724,
         -0.81540164, -0.61082251],
        [ 0.61704873,  0.0078877 ,  0.        , ..., -0.86666924,
         -0.81994243, -0.61704873],
        ...,
        [ 0.3741684 ,  0.86270724,  0.86666924, ...,  0.        ,
         -0.08706584, -0.3741684 ],
        [ 0.29200607,  0.81540164,  0.81994243, ...,  0.08706584,
          0.        , -0.29200607],
        [ 0.        ,  0.61082251,  0.61704873, ...,  0.3741684 ,
          0.29200607,  0.        ]],

       ...,

       [[ 0.        ,  0.03254872,  0.42776979, ..., -0.581324  ,
         -0.2936239 , -0.23842846],
        [-0.03254872,  0.        ,  0.39812275, ..., -0.60749997,
         -0.32458233, -0.26991215],
        [-0.42776979, -0.39812275,  0.        , ..., -0.873516  ,
         -0.67431718, -0.6309455 ],
        ...,
        [ 0.581324  ,  0.60749997,  0.873516  , ...,  0.        ,
          0.31678623,  0.37055604],
        [ 0.2936239 ,  0.32458233,  0.67431718, ..., -0.31678623,
          0.        ,  0.05723703],
        [ 0.23842846,  0.26991215,  0.6309455 , ..., -0.37055604,
         -0.05723703,  0.        ]],

       [[ 0.        , -0.14595046, -0.26808915, ..., -0.34778889,
         -0.30189636, -0.        ],
        [ 0.14595046,  0.        , -0.12461061, ..., -0.48090392,
         -0.43780414, -0.14595046],
        [ 0.26808915,  0.12461061,  0.        , ..., -0.58641088,
         -0.54642548, -0.26808915],
        ...,
        [ 0.34778889,  0.48090392,  0.58641088, ...,  0.        ,
         -0.04851149, -0.34778889],
        [ 0.30189636,  0.43780414,  0.54642548, ...,  0.04851149,
          0.        , -0.30189636],
        [ 0.        ,  0.14595046,  0.26808915, ...,  0.34778889,
          0.30189636,  0.        ]],

       [[ 0.        ,  0.11572909,  0.40951881, ..., -0.96178495,
         -0.89178316, -0.79570373],
        [-0.11572909,  0.        ,  0.30118734, ..., -0.92363522,
         -0.83342797, -0.72026176],
        [-0.40951881, -0.30118734,  0.        , ..., -0.76530931,
         -0.62828315, -0.47788202],
        ...,
        [ 0.96178495,  0.92363522,  0.76530931, ...,  0.        ,
         -0.19099656, -0.36467126],
        [ 0.89178316,  0.83342797,  0.62828315, ...,  0.19099656,
          0.        , -0.18011408],
        [ 0.79570373,  0.72026176,  0.47788202, ...,  0.36467126,
          0.18011408,  0.        ]]]), 'num': array([ 7.49902982e-01,  6.61128998e-01,  1.58242397e-06,  1.40911087e-03,
        1.44176406e-03,  1.40659908e-03,  2.31824609e-02, -1.75824885e-05,
        1.41664622e-03,  1.44214083e-03,  1.49790243e-03,  1.11911172e-06,
        1.49860348e-03,  1.38567818e-03])}
{'img': array([[[ 0.        ,  0.61858957, -0.07354069, ..., -0.96204567,
         -0.9802049 , -0.8660254 ],
        [-0.61858957,  0.        , -0.67469654, ..., -0.58708705,
         -0.64768907, -0.37115374],
        [ 0.07354069,  0.67469654,  0.        , ..., -0.97950907,
         -0.99211073, -0.90045074],
        ...,
        [ 0.96204567,  0.58708705,  0.97950907, ...,  0.        ,
          0.07701531, -0.24469447],
        [ 0.9802049 ,  0.64768907,  0.99211073, ..., -0.07701531,
          0.        , -0.31864176],
        [ 0.8660254 ,  0.37115374,  0.90045074, ...,  0.24469447,
          0.31864176,  0.        ]],

       [[ 0.        , -0.09889678,  0.03429962, ..., -0.23157341,
         -0.70548914, -0.55987759],
        [ 0.09889678,  0.        ,  0.13297007, ..., -0.13422966,
         -0.63194042, -0.47518947],
        [-0.03429962, -0.13297007,  0.        , ..., -0.26480443,
         -0.72938288, -0.58796798],
        ...,
        [ 0.23157341,  0.13422966,  0.26480443, ...,  0.        ,
         -0.52219125, -0.35278266],
        [ 0.70548914,  0.63194042,  0.72938288, ...,  0.52219125,
          0.        ,  0.18775404],
        [ 0.55987759,  0.47518947,  0.58796798, ...,  0.35278266,
         -0.18775404,  0.        ]],

       [[ 0.        , -0.10192909, -0.44439019, ..., -0.47458749,
         -0.3748553 , -0.        ],
        [ 0.10192909,  0.        , -0.35076418, ..., -0.56183452,
         -0.46739969, -0.10192909],
        [ 0.44439019,  0.35076418,  0.        , ..., -0.81630724,
         -0.74779461, -0.44439019],
        ...,
        [ 0.47458749,  0.56183452,  0.81630724, ...,  0.        ,
         -0.1100314 , -0.47458749],
        [ 0.3748553 ,  0.46739969,  0.74779461, ...,  0.1100314 ,
          0.        , -0.3748553 ],
        [ 0.        ,  0.10192909,  0.44439019, ...,  0.47458749,
          0.3748553 ,  0.        ]],

       ...,

       [[ 0.        ,  0.39812275,  0.13148651, ..., -0.32458233,
         -0.26991215, -0.26991215],
        [-0.39812275,  0.        , -0.27404943, ..., -0.67431718,
         -0.6309455 , -0.6309455 ],
        [-0.13148651,  0.27404943,  0.        , ..., -0.44613179,
         -0.39417514, -0.39417514],
        ...,
        [ 0.32458233,  0.67431718,  0.44613179, ...,  0.        ,
          0.05723703,  0.05723703],
        [ 0.26991215,  0.6309455 ,  0.39417514, ..., -0.05723703,
          0.        ,  0.        ],
        [ 0.26991215,  0.6309455 ,  0.39417514, ..., -0.05723703,
          0.        ,  0.        ]],

       [[ 0.        , -0.22112344, -0.30495621, ..., -0.51556896,
         -0.43288966, -0.        ],
        [ 0.22112344,  0.        , -0.08681674, ..., -0.69227567,
         -0.62150488, -0.22112344],
        [ 0.30495621,  0.08681674,  0.        , ..., -0.75231168,
         -0.68717139, -0.30495621],
        ...,
        [ 0.51556896,  0.69227567,  0.75231168, ...,  0.        ,
         -0.09383737, -0.51556896],
        [ 0.43288966,  0.62150488,  0.68717139, ...,  0.09383737,
          0.        , -0.43288966],
        [ 0.        ,  0.22112344,  0.30495621, ...,  0.51556896,
          0.43288966,  0.        ]],

       [[ 0.        ,  0.30118734,  0.72026176, ..., -0.83342797,
         -0.72026176, -0.85830599],
        [-0.30118734,  0.        ,  0.47788202, ..., -0.62828315,
         -0.47788202, -0.6638998 ],
        [-0.72026176, -0.47788202,  0.        , ..., -0.18011408,
         -0.        , -0.22581507],
        ...,
        [ 0.83342797,  0.62828315,  0.18011408, ...,  0.        ,
         -0.18011408,  0.04666026],
        [ 0.72026176,  0.47788202,  0.        , ...,  0.18011408,
          0.        ,  0.22581507],
        [ 0.85830599,  0.6638998 ,  0.22581507, ..., -0.04666026,
         -0.22581507,  0.        ]]]), 'num': array([7.40301624e-01, 6.70375805e-01, 1.21188594e-06, 1.42705753e-03,
       1.45426313e-03, 1.37511956e-03, 5.03346933e-02, 3.95717859e-05,
       1.40084122e-03, 1.41704092e-03, 1.47260630e-03, 1.43683270e-06,
       1.46377069e-03, 1.37031114e-03])}
{'img': array([[[ 0.        , -0.67469654, -0.85183542, ..., -0.64768907,
         -0.37115374, -0.83672778],
        [ 0.67469654,  0.        , -0.27532319, ..., -0.99211073,
         -0.90045074, -0.98706147],
        [ 0.85183542,  0.27532319,  0.        , ..., -0.98828317,
         -0.9854039 , -0.90476728],
        ...,
        [ 0.64768907,  0.99211073,  0.98828317, ...,  0.        ,
         -0.31864176,  0.28282001],
        [ 0.37115374,  0.90045074,  0.9854039 , ...,  0.31864176,
          0.        ,  0.57371065],
        [ 0.83672778,  0.98706147,  0.90476728, ..., -0.28282001,
         -0.57371065,  0.        ]],

       [[ 0.        ,  0.13297007,  0.26881104, ..., -0.63194042,
         -0.47518947,  0.33046778],
        [-0.13297007,  0.        ,  0.13834819, ..., -0.72938288,
         -0.58796798,  0.20203379],
        [-0.26881104, -0.13834819,  0.        , ..., -0.81701366,
         -0.69422154,  0.06459572],
        ...,
        [ 0.63194042,  0.72938288,  0.81701366, ...,  0.        ,
          0.18775404,  0.85255442],
        [ 0.47518947,  0.58796798,  0.69422154, ..., -0.18775404,
          0.        ,  0.73926517],
        [-0.33046778, -0.20203379, -0.06459572, ..., -0.85255442,
         -0.73926517,  0.        ]],

       [[ 0.        , -0.43426889, -0.56120588, ..., -0.3753258 ,
         -0.        , -0.34842459],
        [ 0.43426889,  0.        , -0.14609084, ..., -0.74060798,
         -0.43426889, -0.72091126],
        [ 0.56120588,  0.14609084,  0.        , ..., -0.83082602,
         -0.56120588, -0.81442169],
        ...,
        [ 0.3753258 ,  0.74060798,  0.83082602, ...,  0.        ,
         -0.3753258 , -0.0288544 ],
        [ 0.        ,  0.43426889,  0.56120588, ...,  0.3753258 ,
          0.        ,  0.34842459],
        [ 0.34842459,  0.72091126,  0.81442169, ...,  0.0288544 ,
         -0.34842459,  0.        ]],

       ...,

       [[ 0.        , -0.27404943, -0.60856572, ..., -0.6309455 ,
         -0.6309455 ,  0.24195241],
        [ 0.27404943,  0.        , -0.36780798, ..., -0.39417514,
         -0.39417514,  0.49859631],
        [ 0.60856572,  0.36780798,  0.        , ..., -0.02851562,
         -0.02851562,  0.78247417],
        ...,
        [ 0.6309455 ,  0.39417514,  0.02851562, ...,  0.        ,
          0.        ,  0.79991217],
        [ 0.6309455 ,  0.39417514,  0.02851562, ...,  0.        ,
          0.        ,  0.79991217],
        [-0.24195241, -0.49859631, -0.78247417, ..., -0.79991217,
         -0.79991217,  0.        ]],

       [[ 0.        , -0.10269287, -0.08670736, ..., -0.70379265,
         -0.55679351, -0.16317333],
        [ 0.10269287,  0.        ,  0.01605716, ..., -0.77302536,
         -0.63915174, -0.26362717],
        [ 0.08670736, -0.01605716,  0.        , ..., -0.76273943,
         -0.62672009, -0.24810405],
        ...,
        [ 0.70379265,  0.77302536,  0.76273943, ...,  0.        ,
         -0.18905688, -0.57844079],
        [ 0.55679351,  0.63915174,  0.62672009, ...,  0.18905688,
          0.        , -0.41379096],
        [ 0.16317333,  0.26362717,  0.24810405, ...,  0.57844079,
          0.41379096,  0.        ]],

       [[ 0.        ,  0.47788202,  0.27290899, ..., -0.47788202,
         -0.6638998 , -0.83797376],
        [-0.47788202,  0.        , -0.22001174, ..., -0.        ,
         -0.22581507, -0.47531103],
        [-0.27290899,  0.22001174,  0.        , ..., -0.22001174,
         -0.43461085, -0.65723484],
        ...,
        [ 0.47788202,  0.        ,  0.22001174, ...,  0.        ,
          0.22581507,  0.47531103],
        [ 0.6638998 ,  0.22581507,  0.43461085, ..., -0.22581507,
          0.        ,  0.26435771],
        [ 0.83797376,  0.47531103,  0.65723484, ..., -0.47531103,
         -0.26435771,  0.        ]]]), 'num': array([ 7.35766419e-01,  6.76670614e-01,  1.03314346e-06,  1.40704299e-03,
        1.43656138e-03,  1.39720353e-03,  2.73609595e-02, -1.22993268e-05,
        1.39917142e-03,  1.40716598e-03,  1.46177500e-03,  1.31192820e-06,
        1.44947209e-03,  1.36485988e-03])}
{'img': array([[[ 0.        , -0.35509959, -0.25515059, ..., -0.78749443,
         -0.99964823, -0.98313947],
        [ 0.35509959,  0.        ,  0.10482423, ..., -0.95502783,
         -0.94391758, -0.98399931],
        [ 0.25515059, -0.10482423,  0.        , ..., -0.91868427,
         -0.9733283 , -0.997255  ],
        ...,
        [ 0.78749443,  0.95502783,  0.91868427, ...,  0.        ,
          0.59521905,  0.46193118],
        [ 0.99964823,  0.94391758,  0.9733283 , ..., -0.59521905,
          0.        , -0.15671813],
        [ 0.98313947,  0.98399931,  0.997255  , ..., -0.46193118,
          0.15671813,  0.        ]],

       [[ 0.        ,  0.13834819, -0.27913621, ..., -0.58796798,
          0.20203379, -0.36683463],
        [-0.13834819,  0.        , -0.409301  , ..., -0.69422154,
          0.06459572, -0.49201043],
        [ 0.27913621,  0.409301  ,  0.        , ..., -0.33880827,
          0.46738327, -0.09257696],
        ...,
        [ 0.58796798,  0.69422154,  0.33880827, ...,  0.        ,
          0.73926517,  0.25025174],
        [-0.20203379, -0.06459572, -0.46738327, ..., -0.73926517,
          0.        , -0.54721921],
        [ 0.36683463,  0.49201043,  0.09257696, ..., -0.25025174,
          0.54721921,  0.        ]],

       [[ 0.        , -0.38461538, -0.55825366, ..., -0.        ,
         -0.35710059, -0.49633362],
        [ 0.38461538,  0.        , -0.19620709, ..., -0.38461538,
         -0.68888744, -0.79205098],
        [ 0.55825366,  0.19620709,  0.        , ..., -0.55825366,
         -0.81772149, -0.89643106],
        ...,
        [ 0.        ,  0.38461538,  0.55825366, ...,  0.        ,
          0.35710059,  0.49633362],
        [ 0.35710059,  0.68888744,  0.81772149, ..., -0.35710059,
          0.        ,  0.15359792],
        [ 0.49633362,  0.79205098,  0.89643106, ..., -0.49633362,
         -0.15359792,  0.        ]],

       ...,

       [[ 0.        , -0.36780798, -0.63775837, ..., -0.39417514,
          0.49859631,  0.09994318],
        [ 0.36780798,  0.        , -0.3097535 , ..., -0.02851562,
          0.78247417,  0.45890376],
        [ 0.63775837,  0.3097535 ,  0.        , ...,  0.2825144 ,
          0.93686791,  0.71154509],
        ...,
        [ 0.39417514,  0.02851562, -0.2825144 , ...,  0.        ,
          0.79991217,  0.48405288],
        [-0.49859631, -0.78247417, -0.93686791, ..., -0.79991217,
          0.        , -0.40946574],
        [-0.09994318, -0.45890376, -0.71154509, ..., -0.48405288,
          0.40946574,  0.        ]],

       [[ 0.        ,  0.0158623 ,  0.03723832, ..., -0.70975951,
         -0.54208707, -0.26053572],
        [-0.0158623 ,  0.        ,  0.02138233, ..., -0.69849611,
         -0.52868941, -0.24518845],
        [-0.03723832, -0.02138233,  0.        , ..., -0.68303492,
         -0.51041889, -0.22440275],
        ...,
        [ 0.70975951,  0.69849611,  0.68303492, ...,  0.        ,
         -0.21455675, -0.50171457],
        [ 0.54208707,  0.52868941,  0.51041889, ...,  0.21455675,
          0.        , -0.30443168],
        [ 0.26053572,  0.24518845,  0.22440275, ...,  0.50171457,
          0.30443168,  0.        ]],

       [[ 0.        , -0.22001174, -0.39851881, ..., -0.22581507,
         -0.47531103, -0.52945023],
        [ 0.22001174,  0.        , -0.18696799, ..., -0.43461085,
         -0.65723484, -0.7031222 ],
        [ 0.39851881,  0.18696799,  0.        , ..., -0.59533373,
         -0.7865603 , -0.8236705 ],
        ...,
        [ 0.22581507,  0.43461085,  0.59533373, ...,  0.        ,
          0.26435771,  0.32420644],
        [ 0.47531103,  0.65723484,  0.7865603 , ..., -0.26435771,
          0.        ,  0.06259391],
        [ 0.52945023,  0.7031222 ,  0.8236705 , ..., -0.32420644,
         -0.06259391,  0.        ]]]), 'num': array([7.31012436e-01, 6.81524803e-01, 8.54708686e-07, 1.41393237e-03,
       1.42125844e-03, 1.39683819e-03, 3.35989892e-02, 1.70941737e-05,
       1.39537298e-03, 1.39610559e-03, 1.44905683e-03, 1.46521489e-06,
       1.43593680e-03, 1.35627437e-03])}
{'img': array([[[ 0.        ,  0.10482423, -0.1268806 , ..., -0.94391758,
         -0.98399931, -0.92290655],
        [-0.10482423,  0.        , -0.23015863, ..., -0.9733283 ,
         -0.997255  , -0.95818189],
        [ 0.1268806 ,  0.23015863,  0.        , ..., -0.89439525,
         -0.95344002, -0.86659553],
        ...,
        [ 0.94391758,  0.9733283 ,  0.89439525, ...,  0.        ,
         -0.15671813,  0.05870458],
        [ 0.98399931,  0.997255  ,  0.95344002, ...,  0.15671813,
          0.        ,  0.21442704],
        [ 0.92290655,  0.95818189,  0.86659553, ..., -0.05870458,
         -0.21442704,  0.        ]],

       [[ 0.        , -0.409301  , -0.32377844, ...,  0.06459572,
         -0.49201043, -0.29985095],
        [ 0.409301  ,  0.        ,  0.0918379 , ...,  0.46738327,
         -0.09257696,  0.11688361],
        [ 0.32377844, -0.0918379 ,  0.        , ...,  0.38421837,
         -0.18362922,  0.02518126],
        ...,
        [-0.06459572, -0.46738327, -0.38421837, ...,  0.        ,
         -0.54721921, -0.36084813],
        [ 0.49201043,  0.09257696,  0.18362922, ...,  0.54721921,
          0.        ,  0.20832406],
        [ 0.29985095, -0.11688361, -0.02518126, ...,  0.36084813,
         -0.20832406,  0.        ]],

       [[ 0.        , -0.42994067, -0.57643521, ..., -0.36392419,
         -0.50544787, -0.61494317],
        [ 0.42994067,  0.        , -0.1691157 , ..., -0.72903058,
         -0.8273246 , -0.89424476],
        [ 0.57643521,  0.1691157 ,  0.        , ..., -0.83428628,
         -0.91040436, -0.95705676],
        ...,
        [ 0.36392419,  0.72903058,  0.83428628, ...,  0.        ,
          0.156774  ,  0.28579542],
        [ 0.50544787,  0.8273246 ,  0.91040436, ..., -0.156774  ,
          0.        ,  0.13202636],
        [ 0.61494317,  0.89424476,  0.95705676, ..., -0.28579542,
         -0.13202636,  0.        ]],

       ...,

       [[ 0.        , -0.30650107, -0.18435319, ...,  0.76164536,
          0.45069091,  0.96436653],
        [ 0.30650107,  0.        ,  0.12576733, ...,  0.92359849,
          0.70260669,  0.99904281],
        [ 0.18435319, -0.12576733,  0.        , ...,  0.86805059,
          0.60753452,  0.99661164],
        ...,
        [-0.76164536, -0.92359849, -0.86805059, ...,  0.        ,
         -0.38786058,  0.42339542],
        [-0.45069091, -0.70260669, -0.60753452, ...,  0.38786058,
          0.        ,  0.74163155],
        [-0.96436653, -0.99904281, -0.99661164, ..., -0.42339542,
         -0.74163155,  0.        ]],

       [[ 0.        ,  0.02126068,  0.04821106, ..., -0.58171681,
         -0.44241544, -0.24383376],
        [-0.02126068,  0.        ,  0.02696421, ..., -0.56429206,
         -0.42324865, -0.22315968],
        [-0.04821106, -0.02696421,  0.        , ..., -0.54182591,
         -0.39866482, -0.19679432],
        ...,
        [ 0.58171681,  0.56429206,  0.54182591, ...,  0.        ,
         -0.16183266, -0.36582659],
        [ 0.44241544,  0.42324865,  0.39866482, ...,  0.16183266,
          0.        , -0.21038942],
        [ 0.24383376,  0.22315968,  0.19679432, ...,  0.36582659,
          0.21038942,  0.        ]],

       [[ 0.        , -0.33857513, -0.58331933, ..., -0.47806001,
         -0.53245244, -0.56525093],
        [ 0.33857513,  0.        , -0.27386286, ..., -0.74720522,
         -0.78759573, -0.81116391],
        [ 0.58331933,  0.27386286,  0.        , ..., -0.90064608,
         -0.92623716, -0.94031227],
        ...,
        [ 0.47806001,  0.74720522,  0.90064608, ...,  0.        ,
          0.0630088 ,  0.10211446],
        [ 0.53245244,  0.78759573,  0.92623716, ..., -0.0630088 ,
          0.        ,  0.03923212],
        [ 0.56525093,  0.81116391,  0.94031227, ..., -0.10211446,
         -0.03923212,  0.        ]]]), 'num': array([7.23494443e-01, 6.89907887e-01, 5.80078689e-07, 1.39943984e-03,
       1.40427383e-03, 1.39218885e-03, 2.38185627e-02, 0.00000000e+00,
       1.38638807e-03, 1.38179578e-03, 1.43247210e-03, 1.17902172e-06,
       1.42121873e-03, 1.34237282e-03])}
{'img': array([[[ 0.        , -0.23015863, -0.20014411, ..., -0.997255  ,
         -0.95818189, -0.95818189],
        [ 0.23015863,  0.        ,  0.03073084, ..., -0.95344002,
         -0.86659553, -0.86659553],
        [ 0.20014411, -0.03073084,  0.        , ..., -0.9622576 ,
         -0.88152127, -0.88152127],
        ...,
        [ 0.997255  ,  0.95344002,  0.9622576 , ...,  0.        ,
          0.21442704,  0.21442704],
        [ 0.95818189,  0.86659553,  0.88152127, ..., -0.21442704,
          0.        ,  0.        ],
        [ 0.95818189,  0.86659553,  0.88152127, ..., -0.21442704,
          0.        ,  0.        ]],

       [[ 0.        ,  0.0918379 ,  0.13793913, ..., -0.09257696,
          0.11688361, -0.23585039],
        [-0.0918379 ,  0.        ,  0.04639621, ..., -0.18362922,
          0.02518126, -0.32410077],
        [-0.13793913, -0.04639621,  0.        , ..., -0.22903874,
         -0.02122736, -0.36764361],
        ...,
        [ 0.09257696,  0.18362922,  0.22903874, ...,  0.        ,
          0.20832406, -0.14487223],
        [-0.11688361, -0.02518126,  0.02122736, ..., -0.20832406,
          0.        , -0.34782003],
        [ 0.23585039,  0.32410077,  0.36764361, ...,  0.14487223,
          0.34782003,  0.        ]],

       [[ 0.        , -0.41480593, -0.63589962, ..., -0.51721442,
         -0.62853936, -0.70247166],
        [ 0.41480593,  0.        , -0.25847587, ..., -0.8256326 ,
         -0.89454102, -0.93440816],
        [ 0.63589962,  0.25847587,  0.        , ..., -0.9434099 ,
         -0.97967753, -0.99472501],
        ...,
        [ 0.51721442,  0.8256326 ,  0.9434099 , ...,  0.        ,
          0.13566121,  0.23310693],
        [ 0.62853936,  0.89454102,  0.97967753, ..., -0.13566121,
          0.        ,  0.09902803],
        [ 0.70247166,  0.93440816,  0.99472501, ..., -0.23310693,
         -0.09902803,  0.        ]],

       ...,

       [[ 0.        ,  0.12576733, -0.33360532, ...,  0.70260669,
          0.99904281,  0.48471788],
        [-0.12576733,  0.        , -0.44951889, ...,  0.60753452,
          0.99661164,  0.37086413],
        [ 0.33360532,  0.44951889,  0.        , ...,  0.89974269,
          0.92721752,  0.74874452],
        ...,
        [-0.70260669, -0.60753452, -0.89974269, ...,  0.        ,
          0.74163155, -0.26963461],
        [-0.99904281, -0.99661164, -0.92721752, ..., -0.74163155,
          0.        , -0.89503643],
        [-0.48471788, -0.37086413, -0.74874452, ...,  0.26963461,
          0.89503643,  0.        ]],

       [[ 0.        ,  0.02696421,  0.06990742, ..., -0.42324865,
         -0.22315968, -0.22315968],
        [-0.02696421,  0.        ,  0.04298376, ..., -0.39866482,
         -0.19679432, -0.19679432],
        [-0.06990742, -0.04298376,  0.        , ..., -0.35887609,
         -0.15446923, -0.15446923],
        ...,
        [ 0.42324865,  0.39866482,  0.35887609, ...,  0.        ,
         -0.21038942, -0.21038942],
        [ 0.22315968,  0.19679432,  0.15446923, ...,  0.21038942,
          0.        ,  0.        ],
        [ 0.22315968,  0.19679432,  0.15446923, ...,  0.21038942,
          0.        ,  0.        ]],

       [[ 0.        , -0.49763338, -0.6206165 , ..., -0.53980847,
         -0.57294832, -0.57294832],
        [ 0.49763338,  0.        , -0.14811355, ..., -0.88712484,
         -0.90482428, -0.90482428],
        [ 0.6206165 ,  0.14811355,  0.        , ..., -0.94569895,
         -0.95790895, -0.95790895],
        ...,
        [ 0.53980847,  0.88712484,  0.94569895, ...,  0.        ,
          0.03987852,  0.03987852],
        [ 0.57294832,  0.90482428,  0.95790895, ..., -0.03987852,
          0.        ,  0.        ],
        [ 0.57294832,  0.90482428,  0.95790895, ..., -0.03987852,
          0.        ,  0.        ]]]), 'num': array([9.45164700e-01, 3.24979193e-01, 1.06928536e-05, 1.82945577e-03,
       1.83576424e-03, 1.81683884e-03, 3.20254749e-02, 3.15423409e-06,
       1.82125476e-03, 1.80343334e-03, 1.86704373e-03, 1.47729951e-06,
       1.85518105e-03, 1.75168563e-03])}
{'img': array([[[ 0.        ,  0.03073084,  0.19481799, ..., -0.86659553,
         -0.86659553, -0.85192243],
        [-0.03073084,  0.        ,  0.16458396, ..., -0.88152127,
         -0.88152127, -0.86761282],
        [-0.19481799, -0.16458396,  0.        , ..., -0.94720741,
         -0.94720741, -0.93761904],
        ...,
        [ 0.86659553,  0.88152127,  0.94720741, ...,  0.        ,
          0.        ,  0.02868951],
        [ 0.86659553,  0.88152127,  0.94720741, ...,  0.        ,
          0.        ,  0.02868951],
        [ 0.85192243,  0.86761282,  0.93761904, ..., -0.02868951,
         -0.02868951,  0.        ]],

       [[ 0.        ,  0.04639621,  0.30715123, ...,  0.02518126,
         -0.32410077, -0.28633021],
