state_0,state_1,state_2,state_3,state_4,state_5,state_6,state_7,state_8,state_9,state_10,state_11,state_12,state_13,state_14,state_15,state_16,state_17,state_18,state_19,state_20,state_21,state_22,state_23,state_24,state_25,state_26,state_27,state_28,state_29,state_30,state_31,state_32,state_33,state_34,state_35,state_36,state_37,state_38,state_39,state_40,state_41,state_42,state_43,state_44,state_45,state_46,state_47,state_48,state_49,state_50,state_51,state_52,state_53,state_54,state_55,state_56,state_57,state_58,state_59,state_60,state_61,state_62,state_63,state_64,state_65,state_66,state_67,state_68,state_69,state_70,state_71,state_72,state_73,state_74,state_75,state_76,state_77,state_78,state_79,state_80,state_81,state_82,state_83,state_84,state_85,state_86,state_87,state_88,state_89,state_90,state_91,state_92,state_93,state_94,state_95,state_96,state_97,state_98,state_99,state_100,state_101,state_102,state_103,state_104,state_105,state_106,state_107,state_108,state_109,state_110,state_111,state_112,state_113,state_114,state_115,state_116,state_117,state_118,state_119,state_120,state_121,state_122,state_123,state_124,state_125,state_126,state_127,state_128,state_129,state_130,state_131,state_132,state_133,state_134,state_135,state_136,state_137,state_138,state_139,state_140,state_141,state_142,state_143,state_144,state_145,state_146,state_147,state_148,state_149,state_150,state_151,state_152,state_153,state_154,state_155,state_156,state_157,state_158,state_159,state_160,state_161,state_162,state_163,state_164,state_165,state_166,state_167,state_168,state_169,state_170,state_171,state_172,state_173,state_174,state_175,state_176,state_177,state_178,state_179,state_180,state_181,state_182,state_183,state_184,state_185,state_186,state_187,state_188,state_189,state_190,state_191,state_192,state_193,state_194,state_195,state_196,state_197,state_198,state_199,state_200,state_201,state_202,state_203,state_204,state_205,state_206,state_207,state_208,state_209,state_210,state_211,state_212,state_213,state_214,state_215,state_216,state_217,state_218,state_219,state_220,state_221,state_222,state_223,state_224,state_225,state_226,state_227,state_228,state_229,state_230,state_231,state_232,state_233,state_234,state_235,state_236,state_237,state_238,state_239,state_240,state_241,state_242,state_243,state_244,state_245,state_246,state_247,state_248,state_249,state_250,state_251,state_252,state_253,state_254,state_255,state_256,state_257,state_258,state_259,state_260,state_261,state_262,state_263,state_264,state_265,state_266,state_267,state_268,state_269,state_270,state_271,state_272,state_273,state_274,state_275,state_276,state_277,state_278,state_279,state_280,state_281,state_282,state_283,state_284,state_285,state_286,state_287
{'img': array([[[ 0.00000000e+00,  4.02387022e-02,  1.94945450e-01, ...,
         -9.62788149e-01, -9.06741577e-01, -9.06741577e-01],
        [-4.02387022e-02,  0.00000000e+00,  1.55320876e-01, ...,
         -9.72883183e-01, -8.89039075e-01, -8.89039075e-01],
        [-1.94945450e-01, -1.55320876e-01,  0.00000000e+00, ...,
         -9.97001599e-01, -8.07138999e-01, -8.07138999e-01],
        ...,
        [ 9.62788149e-01,  9.72883183e-01,  9.97001599e-01, ...,
          0.00000000e+00, -6.51048486e-01, -6.51048486e-01],
        [ 9.06741577e-01,  8.89039075e-01,  8.07138999e-01, ...,
          6.51048486e-01,  0.00000000e+00,  0.00000000e+00],
        [ 9.06741577e-01,  8.89039075e-01,  8.07138999e-01, ...,
          6.51048486e-01,  0.00000000e+00,  0.00000000e+00]],

       [[ 0.00000000e+00,  2.59441890e-01,  3.97151752e-01, ...,
          6.17641614e-01,  5.58857824e-01,  8.29176830e-01],
        [-2.59441890e-01,  0.00000000e+00,  1.45449207e-01, ...,
          3.92452188e-01,  3.24576130e-01,  6.55760268e-01],
        [-3.97151752e-01, -1.45449207e-01,  0.00000000e+00, ...,
          2.54498575e-01,  1.83549972e-01,  5.38977061e-01],
        ...,
        [-6.17641614e-01, -3.92452188e-01, -2.54498575e-01, ...,
          0.00000000e+00, -7.26684913e-02,  3.06860891e-01],
        [-5.58857824e-01, -3.24576130e-01, -1.83549972e-01, ...,
          7.26684913e-02,  0.00000000e+00,  3.75212152e-01],
        [-8.29176830e-01, -6.55760268e-01, -5.38977061e-01, ...,
         -3.06860891e-01, -3.75212152e-01,  0.00000000e+00]],

       [[ 0.00000000e+00, -4.82539026e-02, -8.18016256e-03, ...,
         -9.99921427e-01, -9.60866720e-01, -7.59000241e-01],
        [ 4.82539026e-02,  0.00000000e+00,  4.00816546e-02, ...,
         -9.98151730e-01, -9.73114274e-01, -7.89533733e-01],
        [ 8.18016256e-03, -4.00816546e-02,  0.00000000e+00, ...,
         -9.99785428e-01, -9.63100567e-01, -7.64300871e-01],
        ...,
        [ 9.99921427e-01,  9.98151730e-01,  9.99785428e-01, ...,
          0.00000000e+00, -2.89034340e-01, -6.60553684e-01],
        [ 9.60866720e-01,  9.73114274e-01,  9.63100567e-01, ...,
          2.89034340e-01,  0.00000000e+00, -4.15359553e-01],
        [ 7.59000241e-01,  7.89533733e-01,  7.64300871e-01, ...,
          6.60553684e-01,  4.15359553e-01,  0.00000000e+00]],

       ...,

       [[ 0.00000000e+00,  4.50556541e-01,  6.22627721e-01, ...,
          2.96261122e-01, -2.64155596e-01, -2.27989926e-01],
        [-4.50556541e-01,  0.00000000e+00,  2.03280898e-01, ...,
         -1.65843205e-01, -6.70377160e-01, -6.42227981e-01],
        [-6.22627721e-01, -2.03280898e-01,  0.00000000e+00, ...,
         -3.62846366e-01, -8.07218593e-01, -7.84636145e-01],
        ...,
        [-2.96261122e-01,  1.65843205e-01,  3.62846366e-01, ...,
          0.00000000e+00, -5.38034804e-01, -5.06213409e-01],
        [ 2.64155596e-01,  6.70377160e-01,  8.07218593e-01, ...,
          5.38034804e-01,  0.00000000e+00,  3.73069182e-02],
        [ 2.27989926e-01,  6.42227981e-01,  7.84636145e-01, ...,
          5.06213409e-01, -3.73069182e-02,  0.00000000e+00]],

       [[ 0.00000000e+00, -5.31863822e-02, -5.62573942e-02, ...,
         -9.81074567e-01, -9.11439383e-01, -6.93212463e-01],
        [ 5.31863822e-02,  0.00000000e+00, -3.07561677e-03, ...,
         -9.89984452e-01, -9.32032040e-01, -7.30564488e-01],
        [ 5.62573942e-02,  3.07561677e-03,  0.00000000e+00, ...,
         -9.90413974e-01, -9.33142161e-01, -7.32661198e-01],
        ...,
        [ 9.81074567e-01,  9.89984452e-01,  9.90413974e-01, ...,
          0.00000000e+00, -2.27165526e-01, -5.72866166e-01],
        [ 9.11439383e-01,  9.32032040e-01,  9.33142161e-01, ...,
          2.27165526e-01,  0.00000000e+00, -3.71693267e-01],
        [ 6.93212463e-01,  7.30564488e-01,  7.32661198e-01, ...,
          5.72866166e-01,  3.71693267e-01,  0.00000000e+00]],

       [[ 0.00000000e+00,  4.23121013e-03,  4.75847092e-03, ...,
         -9.92136974e-01, -9.74478497e-01, -8.55512740e-01],
        [-4.23121013e-03,  0.00000000e+00,  5.27266099e-04, ...,
         -9.91598528e-01, -9.73519948e-01, -8.53314238e-01],
        [-4.75847092e-03, -5.27266099e-04,  0.00000000e+00, ...,
         -9.91530187e-01, -9.73399279e-01, -8.53039205e-01],
        ...,
        [ 9.92136974e-01,  9.91598528e-01,  9.91530187e-01, ...,
          0.00000000e+00, -1.00753157e-01, -4.06637193e-01],
        [ 9.74478497e-01,  9.73519948e-01,  9.73399279e-01, ...,
          1.00753157e-01,  0.00000000e+00, -3.12520951e-01],
        [ 8.55512740e-01,  8.53314238e-01,  8.53039205e-01, ...,
          4.06637193e-01,  3.12520951e-01,  0.00000000e+00]]]), 'num': array([9.33126324e-01, 3.12867005e-01, 8.72375977e-06, 2.09547067e-03,
       2.17504551e-03, 2.08662903e-03, 1.77066181e-01, 2.65249452e-05,
       2.11079620e-03, 2.15559388e-03, 2.27510350e-03, 1.13607773e-06,
       2.25623862e-03, 2.05494915e-03])}
{'img': array([[[ 0.00000000e+00,  1.55320876e-01, -4.02387022e-02, ...,
         -8.89039075e-01, -8.89039075e-01, -9.99984600e-01],
        [-1.55320876e-01,  0.00000000e+00, -1.94945450e-01, ...,
         -8.07138999e-01, -8.07138999e-01, -9.86986856e-01],
        [ 4.02387022e-02,  1.94945450e-01,  0.00000000e+00, ...,
         -9.06741577e-01, -9.06741577e-01, -9.99398025e-01],
        ...,
        [ 8.89039075e-01,  8.07138999e-01,  9.06741577e-01, ...,
          0.00000000e+00,  0.00000000e+00,  4.52890268e-01],
        [ 8.89039075e-01,  8.07138999e-01,  9.06741577e-01, ...,
          0.00000000e+00,  0.00000000e+00,  4.52890268e-01],
        [ 9.99984600e-01,  9.86986856e-01,  9.99398025e-01, ...,
         -4.52890268e-01, -4.52890268e-01,  0.00000000e+00]],

       [[ 0.00000000e+00,  1.45449207e-01,  8.56628749e-02, ...,
          3.24576130e-01,  6.55760268e-01,  7.08612228e-01],
        [-1.45449207e-01,  0.00000000e+00, -6.01626499e-02, ...,
          1.83549972e-01,  5.38977061e-01,  5.98447960e-01],
        [-8.56628749e-02,  6.01626499e-02,  0.00000000e+00, ...,
          2.42357996e-01,  5.88676981e-01,  6.45563933e-01],
        ...,
        [-3.24576130e-01, -1.83549972e-01, -2.42357996e-01, ...,
          0.00000000e+00,  3.75212152e-01,  4.41227352e-01],
        [-6.55760268e-01, -5.38977061e-01, -5.88676981e-01, ...,
         -3.75212152e-01,  0.00000000e+00,  7.22771821e-02],
        [-7.08612228e-01, -5.98447960e-01, -6.45563933e-01, ...,
         -4.41227352e-01, -7.22771821e-02,  0.00000000e+00]],

       [[ 0.00000000e+00,  3.91929668e-02, -7.69086521e-03, ...,
         -9.94329917e-01, -9.56358851e-01, -7.78513687e-01],
        [-3.91929668e-02,  0.00000000e+00, -4.68767637e-02, ...,
         -9.89398187e-01, -9.44172065e-01, -7.53316936e-01],
        [ 7.69086521e-03,  4.68767637e-02,  0.00000000e+00, ...,
         -9.95118350e-01, -9.58577796e-01, -7.83317662e-01],
        ...,
        [ 9.94329917e-01,  9.89398187e-01,  9.95118350e-01, ...,
          0.00000000e+00, -1.88839551e-01, -5.41282440e-01],
        [ 9.56358851e-01,  9.44172065e-01,  9.58577796e-01, ...,
          1.88839551e-01,  0.00000000e+00, -3.72759655e-01],
        [ 7.78513687e-01,  7.53316936e-01,  7.83317662e-01, ...,
          5.41282440e-01,  3.72759655e-01,  0.00000000e+00]],

       ...,

       [[ 0.00000000e+00,  2.03280898e-01,  6.00589058e-01, ...,
         -6.70377160e-01, -6.42227981e-01, -6.72094705e-01],
        [-2.03280898e-01,  0.00000000e+00,  4.25514194e-01, ...,
         -8.07218593e-01, -7.84636145e-01, -8.08584107e-01],
        [-6.00589058e-01, -4.25514194e-01,  0.00000000e+00, ...,
         -9.81654742e-01, -9.73858164e-01, -9.82093904e-01],
        ...,
        [ 6.70377160e-01,  8.07218593e-01,  9.81654742e-01, ...,
          0.00000000e+00,  3.73069182e-02, -2.31711149e-03],
        [ 6.42227981e-01,  7.84636145e-01,  9.73858164e-01, ...,
         -3.73069182e-02,  0.00000000e+00, -3.96223165e-02],
        [ 6.72094705e-01,  8.08584107e-01,  9.82093904e-01, ...,
          2.31711149e-03,  3.96223165e-02,  0.00000000e+00]],

       [[ 0.00000000e+00, -3.07561677e-03,  1.67738107e-03, ...,
         -9.32032040e-01, -7.30564488e-01, -8.04774994e-01],
        [ 3.07561677e-03,  0.00000000e+00,  4.75298559e-03, ...,
         -9.33142161e-01, -7.32661198e-01, -8.06596812e-01],
        [-1.67738107e-03, -4.75298559e-03,  0.00000000e+00, ...,
         -9.31422887e-01, -7.29418071e-01, -8.03778202e-01],
        ...,
        [ 9.32032040e-01,  9.33142161e-01,  9.31422887e-01, ...,
          0.00000000e+00, -3.71693267e-01, -2.61604529e-01],
        [ 7.30564488e-01,  7.32661198e-01,  7.29418071e-01, ...,
          3.71693267e-01,  0.00000000e+00,  1.15887076e-01],
        [ 8.04774994e-01,  8.06596812e-01,  8.03778202e-01, ...,
          2.61604529e-01, -1.15887076e-01,  0.00000000e+00]],

       [[ 0.00000000e+00,  5.20501574e-04,  1.98805129e-02, ...,
         -9.90703684e-01, -9.61287613e-01, -8.47536523e-01],
        [-5.20501574e-04,  0.00000000e+00,  1.93601115e-02, ...,
         -9.90632742e-01, -9.61144060e-01, -8.47260159e-01],
        [-1.98805129e-02, -1.93601115e-02,  0.00000000e+00, ...,
         -9.87803388e-01, -9.55619613e-01, -8.36817693e-01],
        ...,
        [ 9.90703684e-01,  9.90632742e-01,  9.87803388e-01, ...,
          0.00000000e+00, -1.42214186e-01, -4.10506395e-01],
        [ 9.61287613e-01,  9.61144060e-01,  9.55619613e-01, ...,
          1.42214186e-01,  0.00000000e+00, -2.76654867e-01],
        [ 8.47536523e-01,  8.47260159e-01,  8.36817693e-01, ...,
          4.10506395e-01,  2.76654867e-01,  0.00000000e+00]]]), 'num': array([7.33187731e-01, 6.71779591e-01, 8.30962649e-07, 1.39563954e-03,
       1.40130519e-03, 1.35220286e-03, 1.05510689e-01, 5.28794413e-05,
       1.35069201e-03, 1.38251411e-03, 1.45522334e-03, 9.74412197e-07,
       1.44711775e-03, 1.31791046e-03])}
{'img': array([[[ 0.        , -0.19494545, -0.12829853, ..., -0.807139  ,
         -0.98698686, -0.93873057],
        [ 0.19494545,  0.        ,  0.06749733, ..., -0.90674158,
         -0.99939803, -0.85353185],
        [ 0.12829853, -0.06749733,  0.        , ..., -0.87621098,
         -0.99946052, -0.88675419],
        ...,
        [ 0.807139  ,  0.90674158,  0.87621098, ...,  0.        ,
          0.45289027,  0.83237231],
        [ 0.98698686,  0.99939803,  0.99946052, ..., -0.45289027,
          0.        ,  0.49111565],
        [ 0.93873057,  0.85353185,  0.88675419, ..., -0.83237231,
         -0.49111565,  0.        ]],

       [[ 0.        , -0.06016265, -0.11144713, ...,  0.53897706,
          0.59844796,  0.52140963],
        [ 0.06016265,  0.        , -0.0514574 , ...,  0.58867698,
          0.64556393,  0.57180233],
        [ 0.11144713,  0.0514574 ,  0.        , ...,  0.62949363,
          0.68400702,  0.61326001],
        ...,
        [-0.53897706, -0.58867698, -0.62949363, ...,  0.        ,
          0.07227718, -0.02071864],
        [-0.59844796, -0.64556393, -0.68400702, ..., -0.07227718,
          0.        , -0.09292612],
        [-0.52140963, -0.57180233, -0.61326001, ...,  0.02071864,
          0.09292612,  0.        ]],

       [[ 0.        , -0.04666375, -0.04284566, ..., -0.95466683,
         -0.85344496, -0.75108225],
        [ 0.04666375,  0.        ,  0.00382191, ..., -0.96751757,
         -0.87683562, -0.78107187],
        [ 0.04284566, -0.00382191,  0.        , ..., -0.96654431,
         -0.87499168, -0.77867961],
        ...,
        [ 0.95466683,  0.96751757,  0.96654431, ...,  0.        ,
         -0.24350568, -0.40669983],
        [ 0.85344496,  0.87683562,  0.87499168, ...,  0.24350568,
          0.        , -0.17200045],
        [ 0.75108225,  0.78107187,  0.77867961, ...,  0.40669983,
          0.17200045,  0.        ]],

       ...,

       [[ 0.        ,  0.42551419,  0.80954173, ..., -0.78463615,
         -0.80858411, -0.19322301],
        [-0.42551419,  0.        ,  0.48279285, ..., -0.97385816,
         -0.9820939 , -0.59235282],
        [-0.80954173, -0.48279285,  0.        , ..., -0.96251102,
         -0.95100793, -0.90771976],
        ...,
        [ 0.78463615,  0.97385816,  0.96251102, ...,  0.        ,
         -0.03962232,  0.6500597 ],
        [ 0.80858411,  0.9820939 ,  0.95100793, ...,  0.03962232,
          0.        ,  0.67965756],
        [ 0.19322301,  0.59235282,  0.90771976, ..., -0.6500597 ,
         -0.67965756,  0.        ]],

       [[ 0.        ,  0.00475299, -0.0201465 , ..., -0.7326612 ,
         -0.80659681, -0.85224433],
        [-0.00475299,  0.        , -0.0248983 , ..., -0.72941807,
         -0.8037782 , -0.84974821],
        [ 0.0201465 ,  0.0248983 ,  0.        , ..., -0.74622408,
         -0.81834174, -0.86261088],
        ...,
        [ 0.7326612 ,  0.72941807,  0.74622408, ...,  0.        ,
          0.11588708,  0.19674472],
        [ 0.80659681,  0.8037782 ,  0.81834174, ..., -0.11588708,
          0.        ,  0.08179709],
        [ 0.85224433,  0.84974821,  0.86261088, ..., -0.19674472,
         -0.08179709,  0.        ]],

       [[ 0.        ,  0.01936011,  0.11949667, ..., -0.96114406,
         -0.84726016, -0.91546002],
        [-0.01936011,  0.        ,  0.10025289, ..., -0.95561961,
         -0.83681769, -0.90749776],
        [-0.11949667, -0.10025289,  0.        , ..., -0.92127035,
         -0.77771518, -0.86081385],
        ...,
        [ 0.96114406,  0.95561961,  0.92127035, ...,  0.        ,
         -0.27665487, -0.13406272],
        [ 0.84726016,  0.83681769,  0.77771518, ...,  0.27665487,
          0.        ,  0.14532729],
        [ 0.91546002,  0.90749776,  0.86081385, ...,  0.13406272,
         -0.14532729,  0.        ]]]), 'num': array([ 8.76372494e-01,  4.67455218e-01,  5.57108005e-06,  1.66226535e-03,
        1.68038268e-03,  1.63056002e-03,  1.15908178e-01, -1.13233334e-05,
        1.62512482e-03,  1.65671692e-03,  1.74126447e-03,  1.28463549e-06,
        1.73322747e-03,  1.58020637e-03])}
{'img': array([[[ 0.        ,  0.06749733,  0.13727629, ..., -0.99939803,
         -0.85353185, -0.88984408],
        [-0.06749733,  0.        ,  0.0701049 , ..., -0.99946052,
         -0.88675419, -0.9186114 ],
        [-0.13727629, -0.0701049 ,  0.        , ..., -0.99469901,
         -0.91697782, -0.94405408],
        ...,
        [ 0.99939803,  0.99946052,  0.99469901, ...,  0.        ,
          0.49111565,  0.42511893],
        [ 0.85353185,  0.88675419,  0.91697782, ..., -0.49111565,
          0.        , -0.07420847],
        [ 0.88984408,  0.9186114 ,  0.94405408, ..., -0.42511893,
          0.07420847,  0.        ]],

       [[ 0.        , -0.0514574 ,  0.31127181, ...,  0.64556393,
          0.57180233,  0.48175802],
        [ 0.0514574 ,  0.        ,  0.35976048, ...,  0.68400702,
          0.61326001,  0.52621212],
        [-0.31127181, -0.35976048,  0.        , ...,  0.37577269,
          0.28803099,  0.18505591],
        ...,
        [-0.64556393, -0.68400702, -0.37577269, ...,  0.        ,
         -0.09292612, -0.19778884],
        [-0.57180233, -0.61326001, -0.28803099, ...,  0.09292612,
          0.        , -0.10584268],
        [-0.48175802, -0.52621212, -0.18505591, ...,  0.19778884,
          0.10584268,  0.        ]],

       [[ 0.        ,  0.00382191,  0.04270616, ..., -0.87683562,
         -0.78107187, -0.91864795],
        [-0.00382191,  0.        ,  0.03888742, ..., -0.87499168,
         -0.77867961, -0.91713129],
        [-0.04270616, -0.03888742,  0.        , ..., -0.85550295,
         -0.7536918 , -0.90093762],
        ...,
        [ 0.87683562,  0.87499168,  0.85550295, ...,  0.        ,
         -0.17200045,  0.09525931],
        [ 0.78107187,  0.77867961,  0.7536918 , ...,  0.17200045,
          0.        ,  0.26505793],
        [ 0.91864795,  0.91713129,  0.90093762, ..., -0.09525931,
         -0.26505793,  0.        ]],

       ...,

       [[ 0.        ,  0.48279285,  0.01325791, ..., -0.9820939 ,
         -0.59235282, -0.27928151],
        [-0.48279285,  0.        , -0.47114   , ..., -0.95100793,
         -0.90771976, -0.70815864],
        [-0.01325791,  0.47114   ,  0.        , ..., -0.98450527,
         -0.60298238, -0.29198733],
        ...,
        [ 0.9820939 ,  0.95100793,  0.98450527, ...,  0.        ,
          0.67965756,  0.89040125],
        [ 0.59235282,  0.90771976,  0.60298238, ..., -0.67965756,
          0.        ,  0.34377151],
        [ 0.27928151,  0.70815864,  0.29198733, ..., -0.89040125,
         -0.34377151,  0.        ]],

       [[ 0.        , -0.0248983 , -0.00827501, ..., -0.8037782 ,
         -0.84974821, -0.77903449],
        [ 0.0248983 ,  0.        ,  0.01662501, ..., -0.81834174,
         -0.86261088, -0.79440374],
        [ 0.00827501, -0.01662501,  0.        , ..., -0.80867372,
         -0.85408161, -0.78419609],
        ...,
        [ 0.8037782 ,  0.81834174,  0.80867372, ...,  0.        ,
          0.08179709, -0.04048345],
        [ 0.84974821,  0.86261088,  0.85408161, ..., -0.08179709,
          0.        , -0.12207783],
        [ 0.77903449,  0.79440374,  0.78419609, ...,  0.04048345,
          0.12207783,  0.        ]],

       [[ 0.        ,  0.10025289,  0.12619245, ..., -0.83681769,
         -0.90749776, -0.90335017],
        [-0.10025289,  0.        ,  0.02610525, ..., -0.77771518,
         -0.86081385, -0.85580023],
        [-0.12619245, -0.02610525,  0.        , ..., -0.76103993,
         -0.847235  , -0.84200416],
        ...,
        [ 0.83681769,  0.77771518,  0.76103993, ...,  0.        ,
          0.14532729,  0.13565334],
        [ 0.90749776,  0.86081385,  0.847235  , ..., -0.14532729,
          0.        , -0.00977075],
        [ 0.90335017,  0.85580023,  0.84200416, ..., -0.13565334,
          0.00977075,  0.        ]]]), 'num': array([8.44455407e-01, 5.30742880e-01, 4.21090639e-06, 1.61707488e-03,
       1.62141602e-03, 1.59319860e-03, 7.20168312e-02, 2.38762734e-05,
       1.57626816e-03, 1.58983422e-03, 1.66620212e-03, 1.27822474e-06,
       1.66408518e-03, 1.51558326e-03])}
{'img': array([[[ 0.        ,  0.0701049 , -0.05419307, ..., -0.88675419,
         -0.9186114 , -0.8445407 ],
        [-0.0701049 ,  0.        , -0.12406162, ..., -0.91697782,
         -0.94405408, -0.88000339],
        [ 0.05419307,  0.12406162,  0.        , ..., -0.8604008 ,
         -0.89584643, -0.81427971],
        ...,
        [ 0.88675419,  0.91697782,  0.8604008 , ...,  0.        ,
         -0.07420847,  0.08446762],
        [ 0.9186114 ,  0.94405408,  0.89584643, ...,  0.07420847,
          0.        ,  0.15817799],
        [ 0.8445407 ,  0.88000339,  0.81427971, ..., -0.08446762,
         -0.15817799,  0.        ]],

       [[ 0.        ,  0.35976048, -0.02241697, ...,  0.61326001,
          0.52621212,  0.08630152],
        [-0.35976048,  0.        , -0.38058611, ...,  0.28803099,
          0.18505591, -0.27789506],
        [ 0.02241697,  0.38058611,  0.        , ...,  0.63081264,
          0.54514224,  0.10861317],
        ...,
        [-0.61326001, -0.28803099, -0.63081264, ...,  0.        ,
         -0.10584268, -0.54280403],
        [-0.52621212, -0.18505591, -0.54514224, ...,  0.10584268,
          0.        , -0.45086208],
        [-0.08630152,  0.27789506, -0.10861317, ...,  0.54280403,
          0.45086208,  0.        ]],

       [[ 0.        ,  0.03888742,  0.03100986, ..., -0.77867961,
         -0.91713129, -0.99524932],
        [-0.03888742,  0.        , -0.00788231, ..., -0.7536918 ,
         -0.90093762, -0.99071046],
        [-0.03100986,  0.00788231,  0.        , ..., -0.75884886,
         -0.90433015, -0.99175159],
        ...,
        [ 0.77867961,  0.7536918 ,  0.75884886, ...,  0.        ,
          0.26505793,  0.54862953],
        [ 0.91713129,  0.90093762,  0.90433015, ..., -0.26505793,
          0.        ,  0.3074006 ],
        [ 0.99524932,  0.99071046,  0.99175159, ..., -0.54862953,
         -0.3074006 ,  0.        ]],

       ...,

       [[ 0.        , -0.47114   , -0.95025982, ..., -0.90771976,
         -0.70815864, -0.56235181],
        [ 0.47114   ,  0.        , -0.69144423, ..., -0.60298238,
         -0.29198733, -0.1064424 ],
        [ 0.95025982,  0.69144423,  0.        , ...,  0.11599029,
          0.45037224,  0.61061888],
        ...,
        [ 0.90771976,  0.60298238, -0.11599029, ...,  0.        ,
          0.34377151,  0.51464186],
        [ 0.70815864,  0.29198733, -0.45037224, ..., -0.34377151,
          0.        ,  0.18852465],
        [ 0.56235181,  0.1064424 , -0.61061888, ..., -0.51464186,
         -0.18852465,  0.        ]],

       [[ 0.        ,  0.01662501, -0.05513568, ..., -0.86261088,
         -0.79440374, -0.87924956],
        [-0.01662501,  0.        , -0.07172778, ..., -0.85408161,
         -0.78419609, -0.87120853],
        [ 0.05513568,  0.07172778,  0.        , ..., -0.88919012,
         -0.82668422, -0.90417662],
        ...,
        [ 0.86261088,  0.85408161,  0.88919012, ...,  0.        ,
         -0.12207783,  0.03386968],
        [ 0.79440374,  0.78419609,  0.82668422, ...,  0.12207783,
          0.        ,  0.15562414],
        [ 0.87924956,  0.87120853,  0.90417662, ..., -0.03386968,
         -0.15562414,  0.        ]],

       [[ 0.        ,  0.02610525,  0.03594011, ..., -0.86081385,
         -0.85580023, -0.881953  ],
        [-0.02610525,  0.        ,  0.00983947, ..., -0.847235  ,
         -0.84200416, -0.86934805],
        [-0.03594011, -0.00983947,  0.        , ..., -0.84196708,
         -0.83665529, -0.8644433 ],
        ...,
        [ 0.86081385,  0.847235  ,  0.84196708, ...,  0.        ,
         -0.00977075,  0.04310975],
        [ 0.85580023,  0.84200416,  0.83665529, ...,  0.00977075,
          0.        ,  0.05286935],
        [ 0.881953  ,  0.86934805,  0.8644433 , ..., -0.04310975,
         -0.05286935,  0.        ]]]), 'num': array([7.23710673e-01, 6.74680081e-01, 6.31024350e-07, 1.44207623e-03,
       1.44393219e-03, 1.40681311e-03, 1.45031055e-01, 5.93905270e-05,
       1.37563308e-03, 1.36245581e-03, 1.42320737e-03, 1.17266743e-06,
       1.43504141e-03, 1.28987021e-03])}
{'img': array([[[ 0.        , -0.12406162,  0.3208923 , ..., -0.94405408,
         -0.88000339, -0.62063423],
        [ 0.12406162,  0.        ,  0.43591396, ..., -0.89584643,
         -0.81427971, -0.51856278],
        [-0.3208923 , -0.43591396,  0.        , ..., -0.99995572,
         -0.9858784 , -0.83942414],
        ...,
        [ 0.94405408,  0.89584643,  0.99995572, ...,  0.        ,
          0.15817799,  0.53555362],
        [ 0.88000339,  0.81427971,  0.9858784 , ..., -0.15817799,
          0.        ,  0.39522982],
        [ 0.62063423,  0.51856278,  0.83942414, ..., -0.53555362,
         -0.39522982,  0.        ]],

       [[ 0.        , -0.38058611,  0.27818503, ...,  0.18505591,
         -0.27789506,  0.70429123],
        [ 0.38058611,  0.        ,  0.62281377, ...,  0.54514224,
          0.10861317,  0.92147246],
        [-0.27818503, -0.62281377,  0.        , ..., -0.09562892,
         -0.53415357,  0.47900444],
        ...,
        [-0.18505591, -0.54514224,  0.09562892, ...,  0.        ,
         -0.45086208,  0.56075345],
        [ 0.27789506, -0.10861317,  0.53415357, ...,  0.45086208,
          0.        ,  0.87383102],
        [-0.70429123, -0.92147246, -0.47900444, ..., -0.56075345,
         -0.87383102,  0.        ]],

       [[ 0.        , -0.00788231,  0.05677224, ..., -0.90093762,
         -0.99071046, -0.9811602 ],
        [ 0.00788231,  0.        ,  0.06464007, ..., -0.90433015,
         -0.99175159, -0.97960689],
        [-0.05677224, -0.06464007,  0.        , ..., -0.87484832,
         -0.98139225, -0.99054591],
        ...,
        [ 0.90093762,  0.90433015,  0.87484832, ...,  0.        ,
          0.3074006 ,  0.59983058],
        [ 0.99071046,  0.99175159,  0.98139225, ..., -0.3074006 ,
          0.        ,  0.32482737],
        [ 0.9811602 ,  0.97960689,  0.99054591, ..., -0.59983058,
         -0.32482737,  0.        ]],

       ...,

       [[ 0.        , -0.63742229, -0.66680344, ..., -0.25203626,
         -0.08797059,  0.57057778],
        [ 0.63742229,  0.        , -0.03875329, ...,  0.42264726,
          0.56716842,  0.96311749],
        [ 0.66680344,  0.03875329,  0.        , ...,  0.45745165,
          0.59865965,  0.97282179],
        ...,
        [ 0.25203626, -0.42264726, -0.45745165, ...,  0.        ,
          0.16592843,  0.75914142],
        [ 0.08797059, -0.56716842, -0.59865965, ..., -0.16592843,
          0.        ,  0.64061097],
        [-0.57057778, -0.96311749, -0.97282179, ..., -0.75914142,
         -0.64061097,  0.        ]],

       [[ 0.        , -0.07172778,  0.01625205, ..., -0.78419609,
         -0.87120853, -0.98015452],
        [ 0.07172778,  0.        ,  0.0879285 , ..., -0.82668422,
         -0.90417662, -0.99184884],
        [-0.01625205, -0.0879285 ,  0.        , ..., -0.77400791,
         -0.86311512, -0.97680334],
        ...,
        [ 0.78419609,  0.82668422,  0.77400791, ...,  0.        ,
          0.15562414,  0.45274357],
        [ 0.87120853,  0.90417662,  0.86311512, ..., -0.15562414,
          0.        ,  0.30846667],
        [ 0.98015452,  0.99184884,  0.97680334, ..., -0.45274357,
         -0.30846667,  0.        ]],

       [[ 0.        ,  0.00972077, -0.00131221, ..., -0.9205814 ,
         -0.93046667, -0.75502589],
        [-0.00972077,  0.        , -0.01103291, ..., -0.91674145,
         -0.92686124, -0.74861635],
        [ 0.00131221,  0.01103291,  0.        , ..., -0.92109309,
         -0.93094663, -0.75588565],
        ...,
        [ 0.9205814 ,  0.91674145,  0.92109309, ...,  0.        ,
          0.02611501, -0.30874468],
        [ 0.93046667,  0.92686124,  0.93094663, ..., -0.02611501,
          0.        , -0.33347854],
        [ 0.75502589,  0.74861635,  0.75588565, ...,  0.30874468,
          0.33347854,  0.        ]]]), 'num': array([ 7.07397804e-01,  7.03174072e-01,  5.44295293e-08,  1.40791049e-03,
        1.44238253e-03,  1.39702458e-03,  7.15499385e-02, -1.81431764e-06,
        1.36835837e-03,  1.33506564e-03,  1.38964636e-03,  1.00435441e-06,
        1.41329008e-03,  1.25684119e-03])}
{'img': array([[[ 0.        ,  0.43591396,  0.90104051, ..., -0.81427971,
         -0.51856278, -0.52888069],
        [-0.43591396,  0.        ,  0.62185484, ..., -0.9858784 ,
         -0.83942414, -0.84594497],
        [-0.90104051, -0.62185484,  0.        , ..., -0.87621098,
         -0.99534407, -0.99410368],
        ...,
        [ 0.81427971,  0.9858784 ,  0.87621098, ...,  0.        ,
          0.39522982,  0.38407528],
        [ 0.51856278,  0.83942414,  0.99534407, ..., -0.39522982,
          0.        , -0.01211165],
        [ 0.52888069,  0.84594497,  0.99410368, ..., -0.38407528,
          0.01211165,  0.        ]],

       [[ 0.        ,  0.62281377,  0.43748638, ...,  0.10861317,
          0.92147246,  0.28437858],
        [-0.62281377,  0.        , -0.21777347, ..., -0.53415357,
          0.47900444, -0.37460977],
        [-0.43748638,  0.21777347,  0.        , ..., -0.33723057,
          0.65867229, -0.16370313],
        ...,
        [-0.10861317,  0.53415357,  0.33723057, ...,  0.        ,
          0.87383102,  0.17856747],
        [-0.92147246, -0.47900444, -0.65867229, ..., -0.87383102,
          0.        , -0.7729617 ],
        [-0.28437858,  0.37460977,  0.16370313, ..., -0.17856747,
          0.7729617 ,  0.        ]],

       [[ 0.        ,  0.06464007,  0.28765459, ..., -0.99175159,
         -0.97960689, -0.90919714],
        [-0.06464007,  0.        ,  0.22514499, ..., -0.98139225,
         -0.99054591, -0.93420961],
        [-0.28765459, -0.22514499,  0.        , ..., -0.91296436,
         -0.99599967, -0.99053877],
        ...,
        [ 0.99175159,  0.98139225,  0.91296436, ...,  0.        ,
          0.32482737,  0.52946773],
        [ 0.97960689,  0.99054591,  0.99599967, ..., -0.32482737,
          0.        ,  0.22519563],
        [ 0.90919714,  0.93420961,  0.99053877, ..., -0.52946773,
         -0.22519563,  0.        ]],

       ...,

       [[ 0.        , -0.03875329,  0.78944717, ...,  0.56716842,
          0.96311749,  0.33593875],
        [ 0.03875329,  0.        ,  0.81264163, ...,  0.59865965,
          0.97282179,  0.37218749],
        [-0.78944717, -0.81264163,  0.        , ..., -0.30205166,
          0.37875394, -0.53736211],
        ...,
        [-0.56716842, -0.59865965,  0.30205166, ...,  0.        ,
          0.64061097, -0.257527  ],
        [-0.96311749, -0.97282179, -0.37875394, ..., -0.64061097,
          0.        , -0.81674999],
        [-0.33593875, -0.37218749,  0.53736211, ...,  0.257527  ,
          0.81674999,  0.        ]],

       [[ 0.        ,  0.0879285 ,  0.28735449, ..., -0.90417662,
         -0.99184884, -0.99884253],
        [-0.0879285 ,  0.        ,  0.20202145, ..., -0.86311512,
         -0.97680334, -0.99920316],
        [-0.28735449, -0.20202145,  0.        , ..., -0.74329634,
         -0.91340218, -0.97053738],
        ...,
        [ 0.90417662,  0.86311512,  0.74329634, ...,  0.        ,
          0.30846667,  0.47015522],
        [ 0.99184884,  0.97680334,  0.91340218, ..., -0.30846667,
          0.        ,  0.1749805 ],
        [ 0.99884253,  0.99920316,  0.97053738, ..., -0.47015522,
         -0.1749805 ,  0.        ]],

       [[ 0.        , -0.0109032 , -0.06061871, ..., -0.95707533,
         -0.8988494 , -0.74275459],
        [ 0.0109032 ,  0.        , -0.04973196, ..., -0.96017862,
         -0.90357438, -0.75001082],
        [ 0.06061871,  0.04973196,  0.        , ..., -0.97288495,
         -0.92376303, -0.78197675],
        ...,
        [ 0.95707533,  0.96017862,  0.97288495, ...,  0.        ,
         -0.1589237 , -0.4255435 ],
        [ 0.8988494 ,  0.90357438,  0.92376303, ...,  0.1589237 ,
          0.        , -0.27631912],
        [ 0.74275459,  0.75001082,  0.78197675, ...,  0.4255435 ,
          0.27631912,  0.        ]]]), 'num': array([ 7.07872136e-01,  7.03705132e-01,  5.44706362e-08,  1.38900122e-03,
        1.43439342e-03,  1.38173847e-03,  6.08360203e-02, -1.99725666e-05,
        1.37883337e-03,  1.33725412e-03,  1.38900122e-03,  9.59425978e-07,
        1.41794505e-03,  1.25656318e-03])}
{'img': array([[[ 0.        ,  0.62185484, -0.05613786, ..., -0.83942414,
         -0.84594497, -0.90990136],
        [-0.62185484,  0.        , -0.66483757, ..., -0.99534407,
         -0.99410368, -0.97053409],
        [ 0.05613786,  0.66483757,  0.        , ..., -0.80759076,
         -0.81467429, -0.8851791 ],
        ...,
        [ 0.83942414,  0.99534407,  0.80759076, ...,  0.        ,
         -0.01211165, -0.14629649],
        [ 0.84594497,  0.99410368,  0.81467429, ...,  0.01211165,
          0.        , -0.13430442],
        [ 0.90990136,  0.97053409,  0.8851791 , ...,  0.14629649,
          0.13430442,  0.        ]],

       [[ 0.        , -0.21777347, -0.6644507 , ...,  0.47900444,
         -0.37460977, -0.52555215],
        [ 0.21777347,  0.        , -0.48575435, ...,  0.65867229,
         -0.16370313, -0.3276653 ],
        [ 0.6644507 ,  0.48575435,  0.        , ...,  0.94123851,
          0.33610921,  0.17252701],
        ...,
        [-0.47900444, -0.65867229, -0.94123851, ...,  0.        ,
         -0.7729617 , -0.86885472],
        [ 0.37460977,  0.16370313, -0.33610921, ...,  0.7729617 ,
          0.        , -0.16857926],
        [ 0.52555215,  0.3276653 , -0.17252701, ...,  0.86885472,
          0.16857926,  0.        ]],

       [[ 0.        ,  0.22514499,  0.3556369 , ..., -0.99054591,
         -0.93420961, -0.9010645 ],
        [-0.22514499,  0.        ,  0.13608006, ..., -0.99599967,
         -0.99053877, -0.97557194],
        [-0.3556369 , -0.13608006,  0.        , ..., -0.97457504,
         -0.99999932, -0.99639111],
        ...,
        [ 0.99054591,  0.99599967,  0.97457504, ...,  0.        ,
          0.22519563,  0.30597547],
        [ 0.93420961,  0.99053877,  0.99999932, ..., -0.22519563,
          0.        ,  0.08372095],
        [ 0.9010645 ,  0.97557194,  0.99639111, ..., -0.30597547,
         -0.08372095,  0.        ]],

       ...,

       [[ 0.        ,  0.81264163,  0.11275158, ...,  0.97282179,
          0.37218749,  0.22119357],
        [-0.81264163,  0.        , -0.74175206, ...,  0.37875394,
         -0.53736211, -0.66360885],
        [-0.11275158,  0.74175206,  0.        , ...,  0.9405101 ,
          0.2651629 ,  0.10982435],
        ...,
        [-0.97282179, -0.37875394, -0.9405101 , ...,  0.        ,
         -0.81674999, -0.89750642],
        [-0.37218749,  0.53736211, -0.2651629 , ...,  0.81674999,
          0.        , -0.15766589],
        [-0.22119357,  0.66360885, -0.10982435, ...,  0.89750642,
          0.15766589,  0.        ]],

       [[ 0.        ,  0.20202145,  0.18812811, ..., -0.97680334,
         -0.99920316, -0.99992083],
        [-0.20202145,  0.        , -0.01416514, ..., -0.91340218,
         -0.97053738, -0.98184556],
        [-0.18812811,  0.01416514,  0.        , ..., -0.91907657,
         -0.97385311, -0.98443392],
        ...,
        [ 0.97680334,  0.91340218,  0.91907657, ...,  0.        ,
          0.1749805 ,  0.22641235],
        [ 0.99920316,  0.97053738,  0.97385311, ..., -0.1749805 ,
          0.        ,  0.05248271],
        [ 0.99992083,  0.98184556,  0.98443392, ..., -0.22641235,
         -0.05248271,  0.        ]],

       [[ 0.        , -0.0495564 ,  0.10193186, ..., -0.91839389,
         -0.8403439 , -0.74827452],
        [ 0.0495564 ,  0.        ,  0.1511049 , ..., -0.93687334,
         -0.86617362, -0.78023031],
        [-0.10193186, -0.1511049 ,  0.        , ..., -0.87327922,
         -0.78071434, -0.67675654],
        ...,
        [ 0.91839389,  0.93687334,  0.87327922, ...,  0.        ,
         -0.16532209, -0.31318481],
        [ 0.8403439 ,  0.86617362,  0.78071434, ...,  0.16532209,
          0.        , -0.15187017],
        [ 0.74827452,  0.78023031,  0.67675654, ...,  0.31318481,
          0.15187017,  0.        ]]]), 'num': array([ 8.17111933e-01,  5.74041438e-01,  3.21947676e-06,  1.58869605e-03,
        1.60973838e-03,  1.58238335e-03,  5.27682551e-02, -2.10423317e-05,
        1.60679245e-03,  1.55208239e-03,  1.60640668e-03,  1.06355264e-06,
        1.64703345e-03,  1.45713133e-03])}
{'img': array([[[ 0.        , -0.66483757, -0.60637251, ..., -0.99410368,
         -0.97053409, -0.93239313],
        [ 0.66483757,  0.        ,  0.07571307, ..., -0.81467429,
         -0.8851791 , -0.93678917],
        [ 0.60637251, -0.07571307,  0.        , ..., -0.85624332,
         -0.91786386, -0.96059183],
        ...,
        [ 0.99410368,  0.81467429,  0.85624332, ...,  0.        ,
         -0.13430442, -0.25821171],
        [ 0.97053409,  0.8851791 ,  0.91786386, ...,  0.13430442,
          0.        , -0.12612241],
        [ 0.93239313,  0.93678917,  0.96059183, ...,  0.25821171,
          0.12612241,  0.        ]],

       [[ 0.        , -0.48575435, -0.81647995, ..., -0.16370313,
         -0.3276653 , -0.60401488],
        [ 0.48575435,  0.        , -0.43321952, ...,  0.33610921,
          0.17252701, -0.14083349],
        [ 0.81647995,  0.43321952,  0.        , ...,  0.71094746,
          0.5822199 ,  0.30197015],
        ...,
        [ 0.16370313, -0.33610921, -0.71094746, ...,  0.        ,
         -0.16857926, -0.46539953],
        [ 0.3276653 , -0.17252701, -0.5822199 , ...,  0.16857926,
          0.        , -0.30952915],
        [ 0.60401488,  0.14083349, -0.30197015, ...,  0.46539953,
          0.30952915,  0.        ]],

       [[ 0.        ,  0.13608006,  0.31930825, ..., -0.99053877,
         -0.97557194, -0.95900155],
        [-0.13608006,  0.        ,  0.18738161, ..., -0.99999932,
         -0.99639111, -0.98864597],
        [-0.31930825, -0.18738161,  0.        , ..., -0.98250464,
         -0.99464733, -0.99929091],
        ...,
        [ 0.99053877,  0.99999932,  0.98250464, ...,  0.        ,
          0.08372095,  0.14911272],
        [ 0.97557194,  0.99639111,  0.99464733, ..., -0.08372095,
          0.        ,  0.06580425],
        [ 0.95900155,  0.98864597,  0.99929091, ..., -0.14911272,
         -0.06580425,  0.        ]],

       ...,

       [[ 0.        , -0.74175206, -0.53868941, ..., -0.53736211,
         -0.66360885, -0.75781299],
        [ 0.74175206,  0.        ,  0.26364431, ...,  0.2651629 ,
          0.10982435, -0.02427332],
        [ 0.53868941, -0.26364431,  0.        , ...,  0.00157462,
         -0.15611076, -0.28698116],
        ...,
        [ 0.53736211, -0.2651629 , -0.00157462, ...,  0.        ,
         -0.15766589, -0.28848919],
        [ 0.66360885, -0.10982435,  0.15611076, ...,  0.15766589,
          0.        , -0.13391848],
        [ 0.75781299,  0.02427332,  0.28698116, ...,  0.28848919,
          0.13391848,  0.        ]],

       [[ 0.        , -0.01416514, -0.07629828, ..., -0.97053738,
         -0.98184556, -0.98939307],
        [ 0.01416514,  0.        , -0.06216678, ..., -0.97385311,
         -0.98443392, -0.99135147],
        [ 0.07629828,  0.06216678,  0.        , ..., -0.98609242,
         -0.99345594, -0.99759235],
        ...,
        [ 0.97053738,  0.97385311,  0.98609242, ...,  0.        ,
          0.05248271,  0.09741161],
        [ 0.98184556,  0.98443392,  0.99345594, ..., -0.05248271,
          0.        ,  0.04504425],
