state_0,state_1,state_2,state_3,state_4,state_5,state_6,state_7,state_8,state_9,state_10,state_11,state_12,state_13,state_14,state_15,state_16,state_17,state_18,state_19,state_20,state_21,state_22,state_23,state_24,state_25,state_26,state_27,state_28,state_29,state_30,state_31,state_32,state_33,state_34,state_35,state_36,state_37,state_38,state_39,state_40,state_41,state_42,state_43,state_44,state_45,state_46,state_47,state_48,state_49,state_50,state_51,state_52,state_53,state_54,state_55,state_56,state_57,state_58,state_59,state_60,state_61,state_62,state_63,state_64,state_65,state_66,state_67,state_68,state_69,state_70,state_71,state_72,state_73,state_74,state_75,state_76,state_77,state_78,state_79,state_80,state_81,state_82,state_83,state_84,state_85,state_86,state_87,state_88,state_89,state_90,state_91,state_92,state_93,state_94,state_95,state_96,state_97,state_98,state_99,state_100,state_101,state_102,state_103,state_104,state_105,state_106,state_107,state_108,state_109,state_110,state_111,state_112,state_113,state_114,state_115,state_116,state_117,state_118,state_119,state_120,state_121,state_122,state_123,state_124,state_125,state_126,state_127,state_128,state_129,state_130,state_131,state_132,state_133,state_134,state_135,state_136,state_137,state_138,state_139,state_140,state_141,state_142,state_143,state_144,state_145,state_146,state_147,state_148,state_149,state_150,state_151,state_152,state_153,state_154,state_155,state_156,state_157,state_158,state_159,state_160,state_161,state_162,state_163,state_164,state_165,state_166,state_167,state_168,state_169,state_170,state_171,state_172,state_173,state_174,state_175,state_176,state_177,state_178,state_179,state_180,state_181,state_182,state_183,state_184,state_185,state_186,state_187,state_188,state_189,state_190,state_191,state_192,state_193,state_194,state_195,state_196,state_197,state_198,state_199,state_200,state_201,state_202,state_203,state_204,state_205,state_206,state_207,state_208,state_209,state_210,state_211,state_212,state_213,state_214,state_215,state_216,state_217,state_218,state_219,state_220,state_221,state_222,state_223,state_224,state_225,state_226,state_227,state_228,state_229,state_230,state_231,state_232,state_233,state_234,state_235,state_236,state_237,state_238,state_239,state_240,state_241,state_242,state_243,state_244,state_245,state_246,state_247,state_248,state_249,state_250,state_251,state_252,state_253,state_254,state_255,state_256,state_257,state_258,state_259,state_260,state_261,state_262,state_263,state_264,state_265,state_266,state_267,state_268,state_269,state_270,state_271,state_272,state_273,state_274,state_275,state_276,state_277,state_278,state_279,state_280,state_281,state_282,state_283,state_284,state_285,state_286,state_287
{'img': array([[[ 0.        , -0.20861533, -0.31502412, ...,  0.10144129,
         -0.03933816,  0.04002572],
        [ 0.20861533,  0.        , -0.11009948, ...,  0.30674855,
          0.16998122,  0.24759322],
        [ 0.31502412,  0.11009948,  0.        , ...,  0.40967535,
          0.27744507,  0.35275943],
        ...,
        [-0.10144129, -0.30674855, -0.40967535, ...,  0.        ,
         -0.14049801, -0.06154076],
        [ 0.03933816, -0.16998122, -0.27744507, ...,  0.14049801,
          0.        ,  0.07930137],
        [-0.04002572, -0.24759322, -0.35275943, ...,  0.06154076,
         -0.07930137,  0.        ]],

       [[ 0.        , -0.5858821 , -0.43315977, ..., -0.18073837,
         -0.43084587, -0.40294216],
        [ 0.5858821 ,  0.        ,  0.17703451, ...,  0.42976362,
          0.17955906,  0.20967137],
        [ 0.43315977, -0.17703451,  0.        , ...,  0.26312356,
          0.00256566,  0.03326016],
        ...,
        [ 0.18073837, -0.42976362, -0.26312356, ...,  0.        ,
         -0.26064744, -0.23088984],
        [ 0.43084587, -0.17955906, -0.00256566, ...,  0.26064744,
          0.        ,  0.03069581],
        [ 0.40294216, -0.20967137, -0.03326016, ...,  0.23088984,
         -0.03069581,  0.        ]],

       [[ 0.        , -0.21173189, -0.41449333, ...,  0.26151119,
          0.1456903 , -0.00591739],
        [ 0.21173189,  0.        , -0.21240875, ...,  0.45994587,
          0.35185993,  0.20594495],
        [ 0.41449333,  0.21240875,  0.        , ...,  0.63805802,
          0.54265659,  0.40910094],
        ...,
        [-0.26151119, -0.45994587, -0.63805802, ...,  0.        ,
         -0.1181006 , -0.26721808],
        [-0.1456903 , -0.35185993, -0.54265659, ...,  0.1181006 ,
          0.        , -0.151542  ],
        [ 0.00591739, -0.20594495, -0.40910094, ...,  0.26721808,
          0.151542  ,  0.        ]],

       ...,

       [[ 0.        ,  0.31171602, -0.16484341, ...,  0.74426179,
          0.62439974,  0.79165896],
        [-0.31171602,  0.        , -0.4640818 , ...,  0.49898779,
          0.34980629,  0.56176776],
        [ 0.16484341,  0.4640818 ,  0.        , ...,  0.84417704,
          0.7446178 ,  0.88154213],
        ...,
        [-0.74426179, -0.49898779, -0.84417704, ...,  0.        ,
         -0.16431749,  0.07402291],
        [-0.62439974, -0.34980629, -0.7446178 , ...,  0.16431749,
          0.        ,  0.23688345],
        [-0.79165896, -0.56176776, -0.88154213, ..., -0.07402291,
         -0.23688345,  0.        ]],

       [[ 0.        , -0.39149873, -0.59266804, ..., -0.52210237,
         -0.57764834, -0.60822473],
        [ 0.39149873,  0.        , -0.23002906, ..., -0.14652491,
         -0.21196484, -0.24891747],
        [ 0.59266804,  0.23002906,  0.        , ...,  0.0849507 ,
          0.01852144, -0.01945361],
        ...,
        [ 0.52210237,  0.14652491, -0.0849507 , ...,  0.        ,
         -0.06648163, -0.10431791],
        [ 0.57764834,  0.21196484, -0.01852144, ...,  0.06648163,
          0.        , -0.03796821],
        [ 0.60822473,  0.24891747,  0.01945361, ...,  0.10431791,
          0.03796821,  0.        ]],

       [[ 0.        ,  0.21938125,  0.51916691, ..., -0.53133662,
         -0.36011019, -0.19977694],
        [-0.21938125,  0.        ,  0.31902039, ..., -0.70424403,
         -0.55600053, -0.40986905],
        [-0.51916691, -0.31902039,  0.        , ..., -0.89393684,
         -0.79211229, -0.67944516],
        ...,
        [ 0.53133662,  0.70424403,  0.89393684, ...,  0.        ,
          0.19061791,  0.35138243],
        [ 0.36011019,  0.55600053,  0.79211229, ..., -0.19061791,
          0.        ,  0.16647701],
        [ 0.19977694,  0.40986905,  0.67944516, ..., -0.35138243,
         -0.16647701,  0.        ]]]), 'num': array([ 9.61219373e-01,  2.75775257e-01,  2.37177895e-06,  6.74649720e-04,
        6.90990717e-04,  6.71148078e-04,  1.29585971e-03, -3.50164215e-06,
        6.80252348e-04,  6.76458902e-04,  6.50507843e-04,  1.39748077e-07,
        7.23597445e-04,  6.29320359e-04])}
{'img': array([[[ 0.        , -0.11009948, -0.27072826, ...,  0.16998122,
          0.24759322,  0.1892564 ],
        [ 0.11009948,  0.        , -0.16309447, ...,  0.27744507,
          0.35275943,  0.29621556],
        [ 0.27072826,  0.16309447,  0.        , ...,  0.43042184,
          0.50064593,  0.44802435],
        ...,
        [-0.16998122, -0.27744507, -0.43042184, ...,  0.        ,
          0.07930137,  0.01959293],
        [-0.24759322, -0.35275943, -0.50064593, ..., -0.07930137,
          0.        , -0.05975492],
        [-0.1892564 , -0.29621556, -0.44802435, ..., -0.01959293,
          0.05975492,  0.        ]],

       [[ 0.        ,  0.17703451,  0.30235743, ...,  0.17955906,
          0.20967137,  0.2705638 ],
        [-0.17703451,  0.        ,  0.12883324, ...,  0.00256566,
          0.03326016,  0.09585867],
        [-0.30235743, -0.12883324,  0.        , ..., -0.12628854,
         -0.09577898, -0.03318015],
        ...,
        [-0.17955906, -0.00256566,  0.12628854, ...,  0.        ,
          0.03069581,  0.09330451],
        [-0.20967137, -0.03326016,  0.09577898, ..., -0.03069581,
          0.        ,  0.06269864],
        [-0.2705638 , -0.09585867,  0.03318015, ..., -0.09330451,
         -0.06269864,  0.        ]],

       [[ 0.        , -0.21240875, -0.3447033 , ...,  0.35185993,
          0.20594495,  0.07301507],
        [ 0.21240875,  0.        , -0.13744691, ...,  0.54265659,
          0.40910094,  0.28319073],
        [ 0.3447033 ,  0.13744691,  0.        , ...,  0.65295548,
          0.53063703,  0.41232334],
        ...,
        [-0.35185993, -0.54265659, -0.65295548, ...,  0.        ,
         -0.151542  , -0.28257481],
        [-0.20594495, -0.40910094, -0.53063703, ...,  0.151542  ,
          0.        , -0.13394536],
        [-0.07301507, -0.28319073, -0.41232334, ...,  0.28257481,
          0.13394536,  0.        ]],

       ...,

       [[ 0.        , -0.4640818 , -0.44977961, ...,  0.34980629,
          0.56176776,  0.50407309],
        [ 0.4640818 ,  0.        ,  0.0160785 , ...,  0.7446178 ,
          0.88154213,  0.84731344],
        [ 0.44977961, -0.0160785 ,  0.        , ...,  0.73378929,
          0.87383743,  0.83866473],
        ...,
        [-0.34980629, -0.7446178 , -0.73378929, ...,  0.        ,
          0.23688345,  0.17011274],
        [-0.56176776, -0.88154213, -0.87383743, ..., -0.23688345,
          0.        , -0.06815977],
        [-0.50407309, -0.84731344, -0.83866473, ..., -0.17011274,
          0.06815977,  0.        ]],

       [[ 0.        , -0.47404836, -0.53347498, ..., -0.45245294,
         -0.49598474, -0.6104864 ],
        [ 0.47404836,  0.        , -0.06876647, ...,  0.0243665 ,
         -0.02508297, -0.16207357],
        [ 0.53347498,  0.06876647,  0.        , ...,  0.09305487,
          0.04372124, -0.09383263],
        ...,
        [ 0.45245294, -0.0243665 , -0.09305487, ...,  0.        ,
         -0.04943436, -0.1860698 ],
        [ 0.49598474,  0.02508297, -0.04372124, ...,  0.04943436,
          0.        , -0.13727124],
        [ 0.6104864 ,  0.16207357,  0.09383263, ...,  0.1860698 ,
          0.13727124,  0.        ]],

       [[ 0.        ,  0.31902039,  0.43121251, ..., -0.55600053,
         -0.40986905, -0.17251155],
        [-0.31902039,  0.        ,  0.12084446, ..., -0.79211229,
         -0.67944516, -0.47773492],
        [-0.43121251, -0.12084446,  0.        , ..., -0.86006775,
         -0.76313258, -0.58039617],
        ...,
        [ 0.55600053,  0.79211229,  0.86006775, ...,  0.        ,
          0.16647701,  0.40427621],
        [ 0.40986905,  0.67944516,  0.76313258, ..., -0.16647701,
          0.        ,  0.24636865],
        [ 0.17251155,  0.47773492,  0.58039617, ..., -0.40427621,
         -0.24636865,  0.        ]]]), 'num': array([7.07090357e-01, 7.07090357e-01, 0.00000000e+00, 2.24842329e-03,
       2.26392965e-03, 2.22128714e-03, 2.52381637e-03, 7.75318374e-06,
       2.24842329e-03, 2.25055541e-03, 2.16126458e-03, 4.17945061e-07,
       2.40320603e-03, 2.09790479e-03])}
{'img': array([[[ 0.00000000e+00, -1.63094475e-01,  2.58711769e-01, ...,
          3.52759431e-01,  2.96215560e-01,  3.33871723e-01],
        [ 1.63094475e-01,  0.00000000e+00,  4.12789589e-01, ...,
          5.00645934e-01,  4.48024346e-01,  4.83137205e-01],
        [-2.58711769e-01, -4.12789589e-01,  0.00000000e+00, ...,
          9.86693448e-02,  3.90296997e-02,  7.86384103e-02],
        ...,
        [-3.52759431e-01, -5.00645934e-01, -9.86693448e-02, ...,
          0.00000000e+00, -5.97549183e-02, -2.01091097e-02],
        [-2.96215560e-01, -4.48024346e-01, -3.90296997e-02, ...,
          5.97549183e-02,  0.00000000e+00,  3.96696591e-02],
        [-3.33871723e-01, -4.83137205e-01, -7.86384103e-02, ...,
          2.01091097e-02, -3.96696591e-02,  0.00000000e+00]],

       [[ 0.00000000e+00,  1.14514312e-01,  4.15895704e-01, ...,
          2.90991770e-02,  8.47685009e-02, -6.33808778e-01],
        [-1.14514312e-01,  0.00000000e+00,  3.09019049e-01, ...,
         -8.55580679e-02, -2.98912781e-02, -7.18214979e-01],
        [-4.15895704e-01, -3.09019049e-01,  0.00000000e+00, ...,
         -3.89256434e-01, -3.37309240e-01, -8.98084584e-01],
        ...,
        [-2.90991770e-02,  8.55580679e-02,  3.89256434e-01, ...,
          0.00000000e+00,  5.57381644e-02, -6.56048294e-01],
        [-8.47685009e-02,  2.98912781e-02,  3.37309240e-01, ...,
         -5.57381644e-02,  0.00000000e+00, -6.97095062e-01],
        [ 6.33808778e-01,  7.18214979e-01,  8.98084584e-01, ...,
          6.56048294e-01,  6.97095062e-01,  0.00000000e+00]],

       [[ 0.00000000e+00, -1.37446910e-01, -8.31259503e-02, ...,
          4.09100943e-01,  2.83190734e-01,  2.12408750e-01],
        [ 1.37446910e-01,  0.00000000e+00,  5.46341998e-02, ...,
          5.30637033e-01,  4.12323339e-01,  3.44703304e-01],
        [ 8.31259503e-02, -5.46341998e-02,  0.00000000e+00, ...,
          4.83536591e-01,  3.61933699e-01,  2.92902706e-01],
        ...,
        [-4.09100943e-01, -5.30637033e-01, -4.83536591e-01, ...,
          0.00000000e+00, -1.33945360e-01, -2.05944953e-01],
        [-2.83190734e-01, -4.12323339e-01, -3.61933699e-01, ...,
          1.33945360e-01,  0.00000000e+00, -7.30150747e-02],
        [-2.12408750e-01, -3.44703304e-01, -2.92902706e-01, ...,
          2.05944953e-01,  7.30150747e-02,  0.00000000e+00]],

       ...,

       [[ 0.00000000e+00,  1.60784951e-02,  3.51788847e-01, ...,
          8.81542131e-01,  8.47313439e-01,  6.85137231e-01],
        [-1.60784951e-02,  0.00000000e+00,  3.36692624e-01, ...,
          8.73837433e-01,  8.38664731e-01,  6.73336864e-01],
        [-3.51788847e-01, -3.36692624e-01,  0.00000000e+00, ...,
          6.59112012e-01,  6.06319992e-01,  3.85094909e-01],
        ...,
        [-8.81542131e-01, -8.73837433e-01, -6.59112012e-01, ...,
          0.00000000e+00, -6.81597721e-02, -3.18670682e-01],
        [-8.47313439e-01, -8.38664731e-01, -6.06319992e-01, ...,
          6.81597721e-02,  0.00000000e+00, -2.53323292e-01],
        [-6.85137231e-01, -6.73336864e-01, -3.85094909e-01, ...,
          3.18670682e-01,  2.53323292e-01,  0.00000000e+00]],

       [[ 0.00000000e+00, -7.36521181e-02, -1.32644300e-01, ...,
         -2.70311110e-02, -1.71772211e-01, -1.72195370e-01],
        [ 7.36521181e-02,  0.00000000e+00, -5.92827308e-02, ...,
          4.66675108e-02, -9.87482730e-02, -9.91757235e-02],
        [ 1.32644300e-01,  5.92827308e-02,  0.00000000e+00, ...,
          1.05803575e-01, -3.95816145e-02, -4.00108333e-02],
        ...,
        [ 2.70311110e-02, -4.66675108e-02, -1.05803575e-01, ...,
          0.00000000e+00, -1.45080105e-01, -1.45505106e-01],
        [ 1.71772211e-01,  9.87482730e-02,  3.95816145e-02, ...,
          1.45080105e-01,  0.00000000e+00, -4.29559081e-04],
        [ 1.72195370e-01,  9.91757235e-02,  4.00108333e-02, ...,
          1.45505106e-01,  4.29559081e-04,  0.00000000e+00]],

       [[ 0.00000000e+00,  1.20844464e-01,  3.78719393e-01, ...,
         -6.79445161e-01, -4.77734921e-01, -4.07028374e-01],
        [-1.20844464e-01,  0.00000000e+00,  2.64100983e-01, ...,
         -7.63132577e-01, -5.80396169e-01, -5.14426656e-01],
        [-3.78719393e-01, -2.64100983e-01,  0.00000000e+00, ...,
         -9.06710718e-01, -7.74855701e-01, -7.22637628e-01],
        ...,
        [ 6.79445161e-01,  7.63132577e-01,  9.06710718e-01, ...,
          0.00000000e+00,  2.46368645e-01,  3.21968332e-01],
        [ 4.77734921e-01,  5.80396169e-01,  7.74855701e-01, ...,
         -2.46368645e-01,  0.00000000e+00,  7.87944192e-02],
        [ 4.07028374e-01,  5.14426656e-01,  7.22637628e-01, ...,
         -3.21968332e-01, -7.87944192e-02,  0.00000000e+00]]]), 'num': array([ 7.07081720e-01,  7.07081720e-01,  0.00000000e+00,  2.22126001e-03,
        2.27553163e-03,  2.22126001e-03,  5.55393308e-03, -2.71358116e-05,
        2.23986742e-03,  2.25517977e-03,  2.16194888e-03,  3.41661551e-07,
        2.39798980e-03,  2.11236975e-03])}
{'img': array([[[ 0.00000000e+00,  4.12789589e-01,  4.12789589e-01, ...,
          4.48024346e-01,  4.83137205e-01,  3.59720594e-01],
        [-4.12789589e-01,  0.00000000e+00,  0.00000000e+00, ...,
          3.90296997e-02,  7.86384103e-02, -5.75144645e-02],
        [-4.12789589e-01,  0.00000000e+00,  0.00000000e+00, ...,
          3.90296997e-02,  7.86384103e-02, -5.75144645e-02],
        ...,
        [-4.48024346e-01, -3.90296997e-02, -3.90296997e-02, ...,
          0.00000000e+00,  3.96696591e-02, -9.64357342e-02],
        [-4.83137205e-01, -7.86384103e-02, -7.86384103e-02, ...,
         -3.96696591e-02,  0.00000000e+00, -1.35844592e-01],
        [-3.59720594e-01,  5.75144645e-02,  5.75144645e-02, ...,
          9.64357342e-02,  1.35844592e-01,  0.00000000e+00]],

       [[ 0.00000000e+00,  3.09019049e-01, -7.50210087e-02, ...,
         -2.98912781e-02, -7.18214979e-01,  2.22918773e-01],
        [-3.09019049e-01,  0.00000000e+00, -3.79497388e-01, ...,
         -3.37309240e-01, -8.98084584e-01, -8.92350069e-02],
        [ 7.50210087e-02,  3.79497388e-01,  0.00000000e+00, ...,
          4.51804429e-02, -6.63989802e-01,  2.95423834e-01],
        ...,
        [ 2.98912781e-02,  3.37309240e-01, -4.51804429e-02, ...,
          0.00000000e+00, -6.97095062e-01,  2.51958287e-01],
        [ 7.18214979e-01,  8.98084584e-01,  6.63989802e-01, ...,
          6.97095062e-01,  0.00000000e+00,  8.55254176e-01],
        [-2.22918773e-01,  8.92350069e-02, -2.95423834e-01, ...,
         -2.51958287e-01, -8.55254176e-01,  0.00000000e+00]],

       [[ 0.00000000e+00,  5.46341998e-02,  4.09334472e-02, ...,
          4.12323339e-01,  3.44703304e-01,  2.92185872e-01],
        [-5.46341998e-02,  0.00000000e+00, -1.37160990e-02, ...,
          3.61933699e-01,  2.92902706e-01,  2.39499426e-01],
        [-4.09334472e-02,  1.37160990e-02,  0.00000000e+00, ...,
          3.74685852e-01,  3.05989694e-01,  2.52793808e-01],
        ...,
        [-4.12323339e-01, -3.61933699e-01, -3.74685852e-01, ...,
          0.00000000e+00, -7.30150747e-02, -1.28137879e-01],
        [-3.44703304e-01, -2.92902706e-01, -3.05989694e-01, ...,
          7.30150747e-02,  0.00000000e+00, -5.53826935e-02],
        [-2.92185872e-01, -2.39499426e-01, -2.52793808e-01, ...,
          1.28137879e-01,  5.53826935e-02,  0.00000000e+00]],

       ...,

       [[ 0.00000000e+00,  3.36692624e-01,  3.19925252e-01, ...,
          8.38664731e-01,  6.73336864e-01,  3.14236090e-01],
        [-3.36692624e-01,  0.00000000e+00, -1.77507066e-02, ...,
          6.06319992e-01,  3.85094909e-01, -2.37481211e-02],
        [-3.19925252e-01,  1.77507066e-02,  0.00000000e+00, ...,
          6.20340194e-01,  4.01415954e-01, -5.99867899e-03],
        ...,
        [-8.38664731e-01, -6.06319992e-01, -6.20340194e-01, ...,
          0.00000000e+00, -2.53323292e-01, -6.25033993e-01],
        [-6.73336864e-01, -3.85094909e-01, -4.01415954e-01, ...,
          2.53323292e-01,  0.00000000e+00, -4.06902897e-01],
        [-3.14236090e-01,  2.37481211e-02,  5.99867899e-03, ...,
          6.25033993e-01,  4.06902897e-01,  0.00000000e+00]],

       [[ 0.00000000e+00, -5.92827308e-02, -1.13275515e-01, ...,
         -9.87482730e-02, -9.91757235e-02, -1.67319685e-01],
        [ 5.92827308e-02,  0.00000000e+00, -5.41751250e-02, ...,
         -3.95816145e-02, -4.00108333e-02, -1.08578404e-01],
        [ 1.13275515e-01,  5.41751250e-02,  0.00000000e+00, ...,
          1.46091833e-02,  1.41796687e-02, -5.45641159e-02],
        ...,
        [ 9.87482730e-02,  3.95816145e-02, -1.46091833e-02, ...,
          0.00000000e+00, -4.29559081e-04, -6.91457123e-02],
        [ 9.91757235e-02,  4.00108333e-02, -1.41796687e-02, ...,
          4.29559081e-04,  0.00000000e+00, -6.87171750e-02],
        [ 1.67319685e-01,  1.08578404e-01,  5.45641159e-02, ...,
          6.91457123e-02,  6.87171750e-02,  0.00000000e+00]],

       [[ 0.00000000e+00,  2.64100983e-01,  1.27263092e-01, ...,
         -5.80396169e-01, -5.14426656e-01, -3.72326681e-01],
        [-2.64100983e-01,  0.00000000e+00, -1.39208957e-01, ...,
         -7.74855701e-01, -7.22637628e-01, -6.04219818e-01],
        [-1.27263092e-01,  1.39208957e-01,  0.00000000e+00, ...,
         -6.79311661e-01, -6.19376328e-01, -4.87412389e-01],
        ...,
        [ 5.80396169e-01,  7.74855701e-01,  6.79311661e-01, ...,
          0.00000000e+00,  7.87944192e-02,  2.35468322e-01],
        [ 5.14426656e-01,  7.22637628e-01,  6.19376328e-01, ...,
         -7.87944192e-02,  0.00000000e+00,  1.58157345e-01],
        [ 3.72326681e-01,  6.04219818e-01,  4.87412389e-01, ...,
         -2.35468322e-01, -1.58157345e-01,  0.00000000e+00]]]), 'num': array([ 7.07025121e-01,  7.07025121e-01,  0.00000000e+00,  2.10479518e-03,
        2.20945350e-03,  2.10479518e-03,  1.38694916e-02, -1.16287026e-04,
        2.21332974e-03,  2.25267351e-03,  2.16112978e-03,  2.81907943e-07,
        2.40344408e-03,  2.10190295e-03])}
{'img': array([[[ 0.        ,  0.        ,  0.22233449, ...,  0.07863841,
         -0.05751446, -0.57295004],
        [ 0.        ,  0.        ,  0.22233449, ...,  0.07863841,
         -0.05751446, -0.57295004],
        [-0.22233449, -0.22233449,  0.        , ..., -0.14497584,
         -0.27804135, -0.74083255],
        ...,
        [-0.07863841, -0.07863841,  0.14497584, ...,  0.        ,
         -0.13584459, -0.63562701],
        [ 0.05751446,  0.05751446,  0.27804135, ...,  0.13584459,
          0.        , -0.52486332],
        [ 0.57295004,  0.57295004,  0.74083255, ...,  0.63562701,
          0.52486332,  0.        ]],

       [[ 0.        , -0.37949739, -0.30473373, ..., -0.89808458,
         -0.08923501,  0.98363263],
        [ 0.37949739,  0.        ,  0.07951012, ..., -0.6639898 ,
          0.29542383,  0.9784298 ],
        [ 0.30473373, -0.07951012,  0.        , ..., -0.72134068,
          0.21852725,  0.99175731],
        ...,
        [ 0.89808458,  0.6639898 ,  0.72134068, ...,  0.        ,
          0.85525418,  0.59444593],
        [ 0.08923501, -0.29542383, -0.21852725, ..., -0.85525418,
          0.        ,  0.99578739],
        [-0.98363263, -0.9784298 , -0.99175731, ..., -0.59444593,
         -0.99578739,  0.        ]],

       [[ 0.        , -0.0137161 ,  0.07381801, ...,  0.29290271,
          0.23949943,  0.07846969],
        [ 0.0137161 ,  0.        ,  0.08748974, ...,  0.30598969,
          0.25279381,  0.09213611],
        [-0.07381801, -0.08748974,  0.        , ...,  0.22152307,
          0.16717636,  0.00466521],
        ...,
        [-0.29290271, -0.30598969, -0.22152307, ...,  0.        ,
         -0.05538269, -0.21697135],
        [-0.23949943, -0.25279381, -0.16717636, ...,  0.05538269,
          0.        , -0.16257498],
        [-0.07846969, -0.09213611, -0.00466521, ...,  0.21697135,
          0.16257498,  0.        ]],

       ...,

       [[ 0.        , -0.01775071,  0.        , ...,  0.38509491,
         -0.02374812, -0.38892528],
        [ 0.01775071,  0.        ,  0.01775071, ...,  0.40141595,
         -0.00599868, -0.37251082],
        [ 0.        , -0.01775071,  0.        , ...,  0.38509491,
         -0.02374812, -0.38892528],
        ...,
        [-0.38509491, -0.40141595, -0.38509491, ...,  0.        ,
         -0.4069029 , -0.71370631],
        [ 0.02374812,  0.00599868,  0.02374812, ...,  0.4069029 ,
          0.        , -0.36693718],
        [ 0.38892528,  0.37251082,  0.38892528, ...,  0.71370631,
          0.36693718,  0.        ]],

       [[ 0.        , -0.05417512, -0.19543649, ..., -0.04001083,
         -0.1085784 , -0.03360853],
        [ 0.05417512,  0.        , -0.14201905, ...,  0.01417967,
         -0.05456412,  0.02058535],
        [ 0.19543649,  0.14201905,  0.        , ...,  0.15604071,
          0.08779643,  0.16236565],
        ...,
        [ 0.04001083, -0.01417967, -0.15604071, ...,  0.        ,
         -0.06871718,  0.00640662],
        [ 0.1085784 ,  0.05456412, -0.08779643, ...,  0.06871718,
          0.        ,  0.07510724],
        [ 0.03360853, -0.02058535, -0.16236565, ..., -0.00640662,
         -0.07510724,  0.        ]],

       [[ 0.        , -0.13920896, -0.06682001, ..., -0.72263763,
         -0.60421982, -0.69146068],
        [ 0.13920896,  0.        ,  0.07272845, ..., -0.61937633,
         -0.48741239, -0.58416144],
        [ 0.06682001, -0.07272845,  0.        , ..., -0.67483477,
         -0.54962605, -0.64164358],
        ...,
        [ 0.72263763,  0.61937633,  0.67483477, ...,  0.        ,
          0.15815734,  0.04408727],
        [ 0.60421982,  0.48741239,  0.54962605, ..., -0.15815734,
          0.        , -0.11447118],
        [ 0.69146068,  0.58416144,  0.64164358, ..., -0.04408727,
          0.11447118,  0.        ]]]), 'num': array([7.07075760e-01, 7.07075760e-01, 0.00000000e+00, 2.12820500e-03,
       2.15146407e-03, 2.08168686e-03, 7.03872986e-03, 2.32590711e-05,
       2.18867859e-03, 2.25089660e-03, 2.15954014e-03, 2.15361769e-07,
       2.40694775e-03, 2.09484545e-03])}
{'img': array([[[ 0.        ,  0.22233449,  0.30858434, ..., -0.05751446,
         -0.57295004, -0.47828032],
        [-0.22233449,  0.        ,  0.08937672, ..., -0.27804135,
         -0.74083255, -0.66156493],
        [-0.30858434, -0.08937672,  0.        , ..., -0.36278112,
         -0.79790108, -0.7259398 ],
        ...,
        [ 0.05751446,  0.27804135,  0.36278112, ...,  0.        ,
         -0.52486332, -0.42697899],
        [ 0.57295004,  0.74083255,  0.79790108, ...,  0.52486332,
          0.        ,  0.11117496],
        [ 0.47828032,  0.66156493,  0.7259398 , ...,  0.42697899,
         -0.11117496,  0.        ]],

       [[ 0.        ,  0.07951012, -0.27681127, ...,  0.29542383,
          0.9784298 ,  0.53004495],
        [-0.07951012,  0.        , -0.35233811, ...,  0.21852725,
          0.99175731,  0.46094469],
        [ 0.27681127,  0.35233811,  0.        , ...,  0.5483361 ,
          0.8830134 ,  0.7440606 ],
        ...,
        [-0.29542383, -0.21852725, -0.5483361 , ...,  0.        ,
          0.99578739,  0.25587666],
        [-0.9784298 , -0.99175731, -0.8830134 , ..., -0.99578739,
          0.        , -0.93917515],
        [-0.53004495, -0.46094469, -0.7440606 , ..., -0.25587666,
          0.93917515,  0.        ]],

       [[ 0.        ,  0.08748974,  0.22404399, ...,  0.25279381,
          0.09213611, -0.05450714],
        [-0.08748974,  0.        ,  0.13791921, ...,  0.16717636,
          0.00466521, -0.14165781],
        [-0.22404399, -0.13791921,  0.        , ...,  0.02960046,
         -0.13329708, -0.27683244],
        ...,
        [-0.25279381, -0.16717636, -0.02960046, ...,  0.        ,
         -0.16257498, -0.30515476],
        [-0.09213611, -0.00466521,  0.13329708, ...,  0.16257498,
          0.        , -0.14627443],
        [ 0.05450714,  0.14165781,  0.27683244, ...,  0.30515476,
          0.14627443,  0.        ]],

       ...,

       [[ 0.        ,  0.01756438,  0.05165288, ..., -0.00593467,
         -0.36731454, -0.94869967],
        [-0.01756438,  0.        ,  0.03410398, ..., -0.02349783,
         -0.38359445, -0.9541068 ],
        [-0.05165288, -0.03410398,  0.        , ..., -0.05757872,
         -0.41486639, -0.96376479],
        ...,
        [ 0.00593467,  0.02349783,  0.05757872, ...,  0.        ,
         -0.36178826, -0.94680655],
        [ 0.36731454,  0.38359445,  0.41486639, ...,  0.36178826,
          0.        , -0.7662455 ],
        [ 0.94869967,  0.9541068 ,  0.96376479, ...,  0.94680655,
          0.7662455 ,  0.        ]],

       [[ 0.        , -0.14201905, -0.11849529, ..., -0.05456412,
          0.02058535,  0.06879291],
        [ 0.14201905,  0.        ,  0.02372426, ...,  0.08779643,
          0.16236565,  0.20977822],
        [ 0.11849529, -0.02372426,  0.        , ...,  0.06413907,
          0.1389105 ,  0.18652281],
        ...,
        [ 0.05456412, -0.08779643, -0.06413907, ...,  0.        ,
          0.07510724,  0.12312528],
        [-0.02058535, -0.16236565, -0.1389105 , ..., -0.07510724,
          0.        ,  0.04824175],
        [-0.06879291, -0.20977822, -0.18652281, ..., -0.12312528,
         -0.04824175,  0.        ]],

       [[ 0.        ,  0.07272845,  0.33778624, ..., -0.48741239,
         -0.58416144, -0.64340335],
        [-0.07272845,  0.        ,  0.26843803, ..., -0.54962605,
         -0.64164358, -0.6973751 ],
        [-0.33778624, -0.26843803,  0.        , ..., -0.75370913,
         -0.82398607, -0.86417055],
        ...,
        [ 0.48741239,  0.54962605,  0.75370913, ...,  0.        ,
         -0.11447118, -0.18867421],
        [ 0.58416144,  0.64164358,  0.82398607, ...,  0.11447118,
          0.        , -0.07501873],
        [ 0.64340335,  0.6973751 ,  0.86417055, ...,  0.18867421,
          0.07501873,  0.        ]]]), 'num': array([ 7.07074485e-01,  7.07074485e-01,  0.00000000e+00,  2.02741204e-03,
        2.14758369e-03,  2.01578252e-03,  7.35514075e-03, -1.00789126e-04,
        2.14603309e-03,  2.24604691e-03,  2.15611200e-03,  1.83348203e-07,
        2.42223651e-03,  2.06985731e-03])}
{'img': array([[[ 0.        ,  0.08937672, -0.14497584, ..., -0.74083255,
         -0.66156493, -0.9468696 ],
        [-0.08937672,  0.        , -0.2328281 , ..., -0.79790108,
         -0.7259398 , -0.97182526],
        [ 0.14497584,  0.2328281 ,  0.        , ..., -0.63562701,
         -0.54586   , -0.89023931],
        ...,
        [ 0.74083255,  0.79790108,  0.63562701, ...,  0.        ,
          0.11117496, -0.39773774],
        [ 0.66156493,  0.7259398 ,  0.54586   , ..., -0.11117496,
          0.        , -0.49727503],
        [ 0.9468696 ,  0.97182526,  0.89023931, ...,  0.39773774,
          0.49727503,  0.        ]],

       [[ 0.        , -0.35233811, -0.23434237, ...,  0.99175731,
          0.46094469,  0.50650478],
        [ 0.35233811,  0.        ,  0.12321231, ...,  0.8830134 ,
          0.7440606 ,  0.77782305],
        [ 0.23434237, -0.12321231,  0.        , ...,  0.93411456,
          0.65607147,  0.69445941],
        ...,
        [-0.99175731, -0.8830134 , -0.93411456, ...,  0.        ,
         -0.93917515, -0.92002872],
        [-0.46094469, -0.7440606 , -0.65607147, ...,  0.93917515,
          0.        ,  0.05204333],
        [-0.50650478, -0.77782305, -0.69445941, ...,  0.92002872,
         -0.05204333,  0.        ]],

       [[ 0.        ,  0.13791921,  0.27178351, ...,  0.00466521,
         -0.14165781, -0.37965003],
        [-0.13791921,  0.        ,  0.13645849, ..., -0.13329708,
         -0.27683244, -0.50361513],
        [-0.27178351, -0.13645849,  0.        , ..., -0.26729094,
         -0.40536834, -0.61679453],
        ...,
        [-0.00466521,  0.13329708,  0.26729094, ...,  0.        ,
         -0.14627443, -0.38396183],
        [ 0.14165781,  0.27683244,  0.40536834, ...,  0.14627443,
          0.        , -0.24476961],
        [ 0.37965003,  0.50361513,  0.61679453, ...,  0.38396183,
          0.24476961,  0.        ]],

       ...,

       [[ 0.        ,  0.0306294 , -0.00625502, ..., -0.33371094,
         -0.71911001, -0.98048104],
        [-0.0306294 ,  0.        , -0.03688089, ..., -0.36242795,
         -0.74005687, -0.98604317],
        [ 0.00625502,  0.03688089,  0.        , ..., -0.32780795,
         -0.71474935, -0.97923204],
        ...,
        [ 0.33371094,  0.36242795,  0.32780795, ...,  0.        ,
         -0.44599288, -0.85866328],
        [ 0.71911001,  0.74005687,  0.71474935, ...,  0.44599288,
          0.        , -0.53994575],
        [ 0.98048104,  0.98604317,  0.97923204, ...,  0.85866328,
          0.53994575,  0.        ]],

       [[ 0.        ,  0.02372426, -0.01284767, ...,  0.16236565,
          0.20977822,  0.4944484 ],
        [-0.02372426,  0.        , -0.03656635, ...,  0.1389105 ,
          0.18652281,  0.47368795],
        [ 0.01284767,  0.03656635,  0.        , ...,  0.17502944,
          0.2223227 ,  0.50557488],
        ...,
        [-0.16236565, -0.1389105 , -0.17502944, ...,  0.        ,
          0.04824175,  0.34675804],
        [-0.20977822, -0.18652281, -0.2223227 , ..., -0.04824175,
          0.        ,  0.30110573],
        [-0.4944484 , -0.47368795, -0.50557488, ..., -0.34675804,
         -0.30110573,  0.        ]],

       [[ 0.        ,  0.26843803,  0.07121696, ..., -0.64164358,
         -0.6973751 , -0.84772553],
        [-0.26843803,  0.        , -0.19915335, ..., -0.82398607,
         -0.86417055, -0.95900038],
        [-0.07121696,  0.19915335,  0.        , ..., -0.69463797,
         -0.746646  , -0.88334901],
        ...,
        [ 0.64164358,  0.82398607,  0.69463797, ...,  0.        ,
         -0.07501873, -0.30985768],
        [ 0.6973751 ,  0.86417055,  0.746646  , ...,  0.07501873,
          0.        , -0.23765801],
        [ 0.84772553,  0.95900038,  0.88334901, ...,  0.30985768,
          0.23765801,  0.        ]]]), 'num': array([7.07084279e-01, 7.07084279e-01, 0.00000000e+00, 2.03131668e-03,
       2.07008226e-03, 2.00805733e-03, 5.19649572e-03, 3.87655855e-06,
       2.10264536e-03, 2.24123232e-03, 2.15207148e-03, 1.40455020e-07,
       2.43461432e-03, 2.04785033e-03])}
{'img': array([[[ 0.        , -0.2328281 , -0.29003074, ..., -0.7259398 ,
         -0.97182526, -0.96616654],
        [ 0.2328281 ,  0.        , -0.05923956, ..., -0.54586   ,
         -0.89023931, -0.87956346],
        [ 0.29003074,  0.05923956,  0.        , ..., -0.49526594,
         -0.86169266, -0.84983368],
        ...,
        [ 0.7259398 ,  0.54586   ,  0.49526594, ...,  0.        ,
         -0.49727503, -0.47725532],
        [ 0.97182526,  0.89023931,  0.86169266, ...,  0.49727503,
          0.        ,  0.02292437],
        [ 0.96616654,  0.87956346,  0.84983368, ...,  0.47725532,
         -0.02292437,  0.        ]],

       [[ 0.        ,  0.12321231,  0.47054461, ...,  0.7440606 ,
          0.77782305,  0.49033187],
        [-0.12321231,  0.        ,  0.3582396 , ...,  0.65607147,
          0.69445941,  0.37921176],
        [-0.47054461, -0.3582396 ,  0.        , ...,  0.34216481,
          0.39060311,  0.0225607 ],
        ...,
        [-0.7440606 , -0.65607147, -0.34216481, ...,  0.        ,
          0.05204333, -0.32087878],
        [-0.77782305, -0.69445941, -0.39060311, ..., -0.05204333,
          0.        , -0.36973523],
        [-0.49033187, -0.37921176, -0.0225607 , ...,  0.32087878,
          0.36973523,  0.        ]],

       [[ 0.        ,  0.13645849,  0.14168335, ..., -0.27683244,
         -0.50361513, -0.70835528],
        [-0.13645849,  0.        ,  0.00527612, ..., -0.40536834,
         -0.61679453, -0.79804923],
        [-0.14168335, -0.00527612,  0.        , ..., -0.41018588,
         -0.6209389 , -0.80121747],
        ...,
        [ 0.27683244,  0.40536834,  0.41018588, ...,  0.        ,
         -0.24476961, -0.48526763],
        [ 0.50361513,  0.61679453,  0.6209389 , ...,  0.24476961,
          0.        , -0.25648826],
        [ 0.70835528,  0.79804923,  0.80121747, ...,  0.48526763,
          0.25648826,  0.        ]],

       ...,

       [[ 0.        , -0.03285533, -0.22423473, ..., -0.62331111,
         -0.77484528, -0.99850611],
        [ 0.03285533,  0.        , -0.19209499, ..., -0.59728258,
         -0.75365743, -0.99617182],
        [ 0.22423473,  0.19209499,  0.        , ..., -0.43209287,
         -0.61336379, -0.9608271 ],
        ...,
        [ 0.62331111,  0.59728258,  0.43209287, ...,  0.        ,
         -0.21188214, -0.74674797],
        [ 0.77484528,  0.75365743,  0.61336379, ...,  0.21188214,
          0.        , -0.5888689 ],
        [ 0.99850611,  0.99617182,  0.9608271 , ...,  0.74674797,
          0.5888689 ,  0.        ]],

       [[ 0.        , -0.03307001, -0.03857226, ...,  0.16358329,
          0.38286121,  0.74393112],
        [ 0.03307001,  0.        , -0.00550577, ...,  0.19611836,
          0.41320207,  0.76562346],
        [ 0.03857226,  0.00550577,  0.        , ...,  0.20151423,
          0.41820958,  0.76915366],
        ...,
        [-0.16358329, -0.19611836, -0.20151423, ...,  0.        ,
          0.22658469,  0.62459446],
        [-0.38286121, -0.41320207, -0.41820958, ..., -0.22658469,
          0.        ,  0.43139853],
        [-0.74393112, -0.76562346, -0.76915366, ..., -0.62459446,
         -0.43139853,  0.        ]],

       [[ 0.        , -0.19915335, -0.27729078, ..., -0.86417055,
         -0.95900038, -0.99598199],
        [ 0.19915335,  0.        , -0.08039243, ..., -0.746646  ,
         -0.88334901, -0.95819589],
        [ 0.27729078,  0.08039243,  0.        , ..., -0.69075055,
         -0.84280866, -0.93209318],
        ...,
        [ 0.86417055,  0.746646  ,  0.69075055, ...,  0.        ,
         -0.23765801, -0.42378748],
        [ 0.95900038,  0.88334901,  0.84280866, ...,  0.23765801,
          0.        , -0.19638398],
        [ 0.99598199,  0.95819589,  0.93209318, ...,  0.42378748,
          0.19638398,  0.        ]]]), 'num': array([7.07085761e-01, 7.07085761e-01, 0.00000000e+00, 2.05845690e-03,
       2.08559287e-03, 2.02744437e-03, 4.77490673e-03, 2.71359667e-05,
       2.07008660e-03, 2.23367772e-03, 2.14819942e-03, 1.96904974e-07,
       2.44260416e-03, 2.02475127e-03])}
{'img': array([[[ 0.        , -0.05923956, -0.17318749, ..., -0.89023931,
         -0.87956346, -0.79791362],
        [ 0.05923956,  0.        , -0.11453895, ..., -0.86169266,
         -0.84983368, -0.76080439],
        [ 0.17318749,  0.11453895,  0.        , ..., -0.79790108,
         -0.78387285, -0.68146371],
        ...,
        [ 0.89023931,  0.86169266,  0.79790108, ...,  0.        ,
          0.02292437,  0.173167  ],
        [ 0.87956346,  0.84983368,  0.78387285, ..., -0.02292437,
          0.        ,  0.15054345],
        [ 0.79791362,  0.76080439,  0.68146371, ..., -0.173167  ,
         -0.15054345,  0.        ]],

       [[ 0.        ,  0.3582396 , -0.17043226, ...,  0.69445941,
          0.37921176,  0.29971784],
        [-0.3582396 ,  0.        , -0.51211896, ...,  0.39060311,
          0.0225607 , -0.0619451 ],
        [ 0.17043226,  0.51211896,  0.        , ...,  0.8069305 ,
          0.53136633,  0.45792992],
        ...,
        [-0.69445941, -0.39060311, -0.8069305 , ...,  0.        ,
         -0.36973523, -0.44687711],
        [-0.37921176, -0.0225607 , -0.53136633, ...,  0.36973523,
          0.        , -0.08444671],
        [-0.29971784,  0.0619451 , -0.45792992, ...,  0.44687711,
          0.08444671,  0.        ]],

       [[ 0.        ,  0.00527612, -0.02093508, ..., -0.61679453,
         -0.79804923, -0.90719357],
        [-0.00527612,  0.        , -0.02620975, ..., -0.6209389 ,
         -0.80121747, -0.90940067],
        [ 0.02093508,  0.02620975,  0.        , ..., -0.60018084,
         -0.78525901, -0.89818707],
        ...,
        [ 0.61679453,  0.6209389 ,  0.60018084, ...,  0.        ,
         -0.25648826, -0.45458024],
        [ 0.79804923,  0.80121747,  0.78525901, ...,  0.25648826,
          0.        , -0.21091775],
        [ 0.90719357,  0.90940067,  0.89818707, ...,  0.45458024,
          0.21091775,  0.        ]],

       ...,

       [[ 0.        , -0.19209499, -0.25055416, ..., -0.75365743,
         -0.99617182, -0.68671772],
        [ 0.19209499,  0.        , -0.05992027, ..., -0.61336379,
         -0.9608271 , -0.53429003],
        [ 0.25055416,  0.05992027,  0.        , ..., -0.56493662,
         -0.94249384, -0.48267932],
        ...,
        [ 0.75365743,  0.61336379,  0.56493662, ...,  0.        ,
         -0.5888689 ,  0.09649462],
        [ 0.99617182,  0.9608271 ,  0.94249384, ...,  0.5888689 ,
          0.        ,  0.66411066],
        [ 0.68671772,  0.53429003,  0.48267932, ..., -0.09649462,
         -0.66411066,  0.        ]],

       [[ 0.        , -0.00507628, -0.02514526, ...,  0.36135538,
          0.55142656,  0.80528665],
        [ 0.00507628,  0.        , -0.02007025, ...,  0.36608399,
          0.55565421,  0.80828593],
        [ 0.02514526,  0.02007025,  0.        , ...,  0.38468727,
          0.57222896,  0.81994029],
        ...,
        [-0.36135538, -0.36608399, -0.38468727, ...,  0.        ,
          0.21271453,  0.53662954],
        [-0.55142656, -0.55565421, -0.57222896, ..., -0.21271453,
          0.        ,  0.3448561 ],
