state_0,state_1,state_2,state_3,state_4,state_5,state_6,state_7,state_8,state_9,state_10,state_11,state_12,state_13,state_14,state_15,state_16,state_17,state_18,state_19,state_20,state_21,state_22,state_23,state_24,state_25,state_26,state_27,state_28,state_29,state_30,state_31,state_32,state_33,state_34,state_35,state_36,state_37,state_38,state_39,state_40,state_41,state_42,state_43,state_44,state_45,state_46,state_47,state_48,state_49,state_50,state_51,state_52,state_53,state_54,state_55,state_56,state_57,state_58,state_59,state_60,state_61,state_62,state_63,state_64,state_65,state_66,state_67,state_68,state_69,state_70,state_71,state_72,state_73,state_74,state_75,state_76,state_77,state_78,state_79,state_80,state_81,state_82,state_83,state_84,state_85,state_86,state_87,state_88,state_89,state_90,state_91,state_92,state_93,state_94,state_95,state_96,state_97,state_98,state_99,state_100,state_101,state_102,state_103,state_104,state_105,state_106,state_107,state_108,state_109,state_110,state_111,state_112,state_113,state_114,state_115,state_116,state_117,state_118,state_119,state_120,state_121,state_122,state_123,state_124,state_125,state_126,state_127,state_128,state_129,state_130,state_131,state_132,state_133,state_134,state_135,state_136,state_137,state_138,state_139,state_140,state_141,state_142,state_143,state_144,state_145,state_146,state_147,state_148,state_149,state_150,state_151,state_152,state_153,state_154,state_155,state_156,state_157,state_158,state_159,state_160,state_161,state_162,state_163,state_164,state_165,state_166,state_167,state_168,state_169,state_170,state_171,state_172,state_173,state_174,state_175,state_176,state_177,state_178,state_179,state_180,state_181,state_182,state_183,state_184,state_185,state_186,state_187,state_188,state_189,state_190,state_191,state_192,state_193,state_194,state_195,state_196,state_197,state_198,state_199,state_200,state_201,state_202,state_203,state_204,state_205,state_206,state_207,state_208,state_209,state_210,state_211,state_212,state_213,state_214,state_215,state_216,state_217,state_218,state_219,state_220,state_221,state_222,state_223,state_224,state_225,state_226,state_227,state_228,state_229,state_230,state_231,state_232,state_233,state_234,state_235,state_236,state_237,state_238,state_239,state_240,state_241,state_242,state_243,state_244,state_245,state_246,state_247,state_248,state_249,state_250,state_251,state_252,state_253,state_254,state_255,state_256,state_257,state_258,state_259,state_260,state_261,state_262,state_263,state_264,state_265,state_266,state_267,state_268,state_269,state_270,state_271,state_272,state_273,state_274,state_275,state_276,state_277,state_278,state_279,state_280,state_281,state_282,state_283,state_284,state_285,state_286,state_287
{'img': array([[[ 0.        , -0.06815223,  0.16329564, ..., -0.99800429,
         -0.99876584, -0.99983467],
        [ 0.06815223,  0.        ,  0.2301534 , ..., -0.99138031,
         -0.99305874, -0.99874923],
        [-0.16329564, -0.2301534 ,  0.        , ..., -0.99491976,
         -0.99346996, -0.98344478],
        ...,
        [ 0.99800429,  0.99138031,  0.99491976, ...,  0.        ,
         -0.01350058, -0.08128296],
        [ 0.99876584,  0.99305874,  0.99346996, ...,  0.01350058,
          0.        , -0.06781965],
        [ 0.99983467,  0.99874923,  0.98344478, ...,  0.08128296,
          0.06781965,  0.        ]],

       [[ 0.        , -0.17289829, -0.09123705, ..., -0.04925817,
          0.0646451 , -0.07462681],
        [ 0.17289829,  0.        ,  0.08231417, ...,  0.12417208,
          0.23620816,  0.09891327],
        [ 0.09123705, -0.08231417,  0.        , ...,  0.04207358,
          0.15542169,  0.01666709],
        ...,
        [ 0.04925817, -0.12417208, -0.04207358, ...,  0.        ,
          0.11372176, -0.0254154 ],
        [-0.0646451 , -0.23620816, -0.15542169, ..., -0.11372176,
          0.        , -0.13893555],
        [ 0.07462681, -0.09891327, -0.01666709, ...,  0.0254154 ,
          0.13893555,  0.        ]],

       [[ 0.        , -0.33284581, -0.44238905, ..., -0.95115435,
         -0.95711463, -0.95545407],
        [ 0.33284581,  0.        , -0.11866073, ..., -0.99967547,
         -0.99896975, -0.99921134],
        [ 0.44238905,  0.11866073,  0.        , ..., -0.98958979,
         -0.98652695, -0.98744005],
        ...,
        [ 0.95115435,  0.99967547,  0.98958979, ...,  0.        ,
          0.0199179 ,  0.01424016],
        [ 0.95711463,  0.99896975,  0.98652695, ..., -0.0199179 ,
          0.        , -0.00567855],
        [ 0.95545407,  0.99921134,  0.98744005, ..., -0.01424016,
          0.00567855,  0.        ]],

       ...,

       [[ 0.        , -0.02877844,  0.0291187 , ...,  0.60921092,
          0.92656937,  0.45894948],
        [ 0.02877844,  0.        ,  0.05787288, ...,  0.63178013,
          0.93700986,  0.48432795],
        [-0.0291187 , -0.05787288,  0.        , ...,  0.58586122,
          0.91522423,  0.432884  ],
        ...,
        [-0.60921092, -0.63178013, -0.58586122, ...,  0.        ,
          0.50563834, -0.17731025],
        [-0.92656937, -0.93700986, -0.91522423, ..., -0.50563834,
          0.        , -0.65060013],
        [-0.45894948, -0.48432795, -0.432884  , ...,  0.17731025,
          0.65060013,  0.        ]],

       [[ 0.        ,  0.01786676,  0.05054547, ..., -0.73170217,
         -0.82685947, -0.86584907],
        [-0.01786676,  0.        ,  0.03269348, ..., -0.71940696,
         -0.81667907, -0.85677203],
        [-0.05054547, -0.03269348,  0.        , ..., -0.69631385,
         -0.79737534, -0.83945414],
        ...,
        [ 0.73170217,  0.71940696,  0.69631385, ...,  0.        ,
          0.15209207,  0.22410945],
        [ 0.82685947,  0.81667907,  0.79737534, ..., -0.15209207,
          0.        ,  0.07327878],
        [ 0.86584907,  0.85677203,  0.83945414, ..., -0.22410945,
         -0.07327878,  0.        ]],

       [[ 0.        ,  0.00836856,  0.02673325, ..., -0.75739878,
         -0.76712669, -0.79406842],
        [-0.00836856,  0.        ,  0.01836675, ..., -0.75190799,
         -0.76173143, -0.78895396],
        [-0.02673325, -0.01836675,  0.        , ..., -0.73967254,
         -0.74970325, -0.77753539],
        ...,
        [ 0.75739878,  0.75190799,  0.73967254, ...,  0.        ,
          0.01502935,  0.05812055],
        [ 0.76712669,  0.76173143,  0.74970325, ..., -0.01502935,
          0.        ,  0.04311004],
        [ 0.79406842,  0.78895396,  0.77753539, ..., -0.05812055,
         -0.04311004,  0.        ]]]), 'num': array([7.43401950e-01, 6.62345943e-01, 6.48448052e-06, 7.11017601e-04,
       7.25237953e-04, 6.82576897e-04, 9.29924562e-02, 3.41288448e-05,
       6.92246736e-04, 6.37839669e-04, 7.51943774e-04, 3.68374833e-06,
       7.64059642e-04, 5.11619697e-04])}
{'img': array([[[ 0.        ,  0.2301534 , -0.05249187, ..., -0.99305874,
         -0.99874923, -0.97759105],
        [-0.2301534 ,  0.        , -0.28091879, ..., -0.99346996,
         -0.98344478, -0.99979729],
        [ 0.05249187,  0.28091879,  0.        , ..., -0.9855156 ,
         -0.99474773, -0.96519308],
        ...,
        [ 0.99305874,  0.99346996,  0.9855156 , ...,  0.        ,
         -0.06781965,  0.09406808],
        [ 0.99874923,  0.98344478,  0.99474773, ...,  0.06781965,
          0.        ,  0.16137042],
        [ 0.97759105,  0.99979729,  0.96519308, ..., -0.09406808,
         -0.16137042,  0.        ]],

       [[ 0.        ,  0.08231417,  0.06173576, ...,  0.23620816,
          0.09891327,  0.60732299],
        [-0.08231417,  0.        , -0.02063091, ...,  0.15542169,
          0.01666709,  0.53986709],
        [-0.06173576,  0.02063091,  0.        , ...,  0.17576882,
          0.03729158,  0.55711826],
        ...,
        [-0.23620816, -0.15542169, -0.17576882, ...,  0.        ,
         -0.13893555,  0.40248049],
        [-0.09891327, -0.01666709, -0.03729158, ...,  0.13893555,
          0.        ,  0.52576257],
        [-0.60732299, -0.53986709, -0.55711826, ..., -0.40248049,
         -0.52576257,  0.        ]],

       [[ 0.        , -0.30457792, -0.47530493, ..., -0.96317779,
         -0.96159994, -0.96159994],
        [ 0.30457792,  0.        , -0.18474788, ..., -0.99930516,
         -0.99950479, -0.99950479],
        [ 0.47530493,  0.18474788,  0.        , ..., -0.97521717,
         -0.97648577, -0.97648577],
        ...,
        [ 0.96317779,  0.99930516,  0.97521717, ...,  0.        ,
         -0.00580812, -0.00580812],
        [ 0.96159994,  0.99950479,  0.97648577, ...,  0.00580812,
          0.        ,  0.        ],
        [ 0.96159994,  0.99950479,  0.97648577, ...,  0.00580812,
          0.        ,  0.        ]],

       ...,

       [[ 0.        ,  0.05787288,  0.05787288, ...,  0.93700986,
          0.48432795,  0.41434132],
        [-0.05787288,  0.        ,  0.        , ...,  0.91522423,
          0.432884  ,  0.36097551],
        [-0.05787288,  0.        ,  0.        , ...,  0.91522423,
          0.432884  ,  0.36097551],
        ...,
        [-0.93700986, -0.91522423, -0.91522423, ...,  0.        ,
         -0.65060013, -0.70806225],
        [-0.48432795, -0.432884  , -0.432884  , ...,  0.65060013,
          0.        , -0.07829568],
        [-0.41434132, -0.36097551, -0.36097551, ...,  0.70806225,
          0.07829568,  0.        ]],

       [[ 0.        ,  0.03269348,  0.04961933, ..., -0.81667907,
         -0.85677203, -0.9125185 ],
        [-0.03269348,  0.        ,  0.01693959, ..., -0.79737534,
         -0.83945414, -0.8986579 ],
        [-0.04961933, -0.01693959,  0.        , ..., -0.78703816,
         -0.8301282 , -0.8910984 ],
        ...,
        [ 0.81667907,  0.79737534,  0.78703816, ...,  0.        ,
          0.07327878,  0.19255656],
        [ 0.85677203,  0.83945414,  0.8301282 , ..., -0.07327878,
          0.        ,  0.12013144],
        [ 0.9125185 ,  0.8986579 ,  0.8910984 , ..., -0.19255656,
         -0.12013144,  0.        ]],

       [[ 0.        ,  0.01836675,  0.03441376, ..., -0.76173143,
         -0.78895396, -0.8049059 ],
        [-0.01836675,  0.        ,  0.01605208, ..., -0.74970325,
         -0.77753539, -0.79387125],
        [-0.03441376, -0.01605208,  0.        , ..., -0.73898381,
         -0.76734103, -0.78400792],
        ...,
        [ 0.76173143,  0.74970325,  0.73898381, ...,  0.        ,
          0.04311004,  0.06947951],
        [ 0.78895396,  0.77753539,  0.76734103, ..., -0.04311004,
          0.        ,  0.02640906],
        [ 0.8049059 ,  0.79387125,  0.78400792, ..., -0.06947951,
         -0.02640906,  0.        ]]]), 'num': array([7.06142596e-01, 7.06142596e-01, 0.00000000e+00, 1.31763796e-04,
       1.34547538e-04, 1.15989257e-04, 5.22030250e-02, 1.57745389e-05,
       1.16824380e-04, 1.06032739e-04, 1.22356294e-04, 6.95935541e-07,
       1.29130166e-04, 8.29353124e-05])}
{'img': array([[[ 0.00000000e+00, -2.80918786e-01, -3.23264284e-01, ...,
         -9.83444783e-01, -9.99797286e-01, -8.99829571e-01],
        [ 2.80918786e-01,  0.00000000e+00, -4.44110324e-02, ...,
         -9.94747726e-01, -9.65193075e-01, -7.41046360e-01],
        [ 3.23264284e-01,  4.44110324e-02,  0.00000000e+00, ...,
         -9.89220470e-01, -9.52625572e-01, -7.10495242e-01],
        ...,
        [ 9.83444783e-01,  9.94747726e-01,  9.89220470e-01, ...,
          0.00000000e+00,  1.61370419e-01,  5.92075901e-01],
        [ 9.99797286e-01,  9.65193075e-01,  9.52625572e-01, ...,
         -1.61370419e-01,  0.00000000e+00,  4.54270552e-01],
        [ 8.99829571e-01,  7.41046360e-01,  7.10495242e-01, ...,
         -5.92075901e-01, -4.54270552e-01,  0.00000000e+00]],

       [[ 0.00000000e+00, -2.06309084e-02, -1.46512879e-01, ...,
          1.66670895e-02,  5.39867089e-01,  9.18732814e-01],
        [ 2.06309084e-02,  0.00000000e+00, -1.26073420e-01, ...,
          3.72915847e-02,  5.57118257e-01,  9.10390543e-01],
        [ 1.46512879e-01,  1.26073420e-01,  0.00000000e+00, ...,
          1.62979759e-01,  6.57368512e-01,  8.50963581e-01],
        ...,
        [-1.66670895e-02, -3.72915847e-02, -1.62979759e-01, ...,
          0.00000000e+00,  5.25762572e-01,  9.25186693e-01],
        [-5.39867089e-01, -5.57118257e-01, -6.57368512e-01, ...,
         -5.25762572e-01,  0.00000000e+00,  9.86526180e-01],
        [-9.18732814e-01, -9.10390543e-01, -8.50963581e-01, ...,
         -9.25186693e-01, -9.86526180e-01,  0.00000000e+00]],

       [[ 0.00000000e+00, -3.78587717e-01, -4.42158910e-01, ...,
         -9.66464750e-01, -9.66464750e-01, -9.90631963e-01],
        [ 3.78587717e-01,  0.00000000e+00, -6.96777659e-02, ...,
         -9.91747415e-01, -9.91747415e-01, -9.68594182e-01],
        [ 4.42158910e-01,  6.96777659e-02,  0.00000000e+00, ...,
         -9.80403837e-01, -9.80403837e-01, -9.48914898e-01],
        ...,
        [ 9.66464750e-01,  9.91747415e-01,  9.80403837e-01, ...,
          0.00000000e+00,  0.00000000e+00,  1.22414310e-01],
        [ 9.66464750e-01,  9.91747415e-01,  9.80403837e-01, ...,
          0.00000000e+00,  0.00000000e+00,  1.22414310e-01],
        [ 9.90631963e-01,  9.68594182e-01,  9.48914898e-01, ...,
         -1.22414310e-01, -1.22414310e-01,  0.00000000e+00]],

       ...,

       [[ 0.00000000e+00,  0.00000000e+00, -1.55312152e-02, ...,
          4.10287623e-01,  3.43344565e-01,  9.28645753e-01],
        [ 0.00000000e+00,  0.00000000e+00, -1.55312152e-02, ...,
          4.10287623e-01,  3.43344565e-01,  9.28645753e-01],
        [ 1.55312152e-02,  1.55312152e-02,  0.00000000e+00, ...,
          4.24401923e-01,  3.57890218e-01,  9.34295323e-01],
        ...,
        [-4.10287623e-01, -4.10287623e-01, -4.24401923e-01, ...,
          0.00000000e+00, -7.22308417e-02,  6.94680756e-01],
        [-3.43344565e-01, -3.43344565e-01, -3.57890218e-01, ...,
          7.22308417e-02,  0.00000000e+00,  7.44823167e-01],
        [-9.28645753e-01, -9.28645753e-01, -9.34295323e-01, ...,
         -6.94680756e-01, -7.44823167e-01,  0.00000000e+00]],

       [[ 0.00000000e+00,  1.69395921e-02,  4.00342341e-02, ...,
         -8.39454142e-01, -8.98657902e-01, -9.86024302e-01],
        [-1.69395921e-02,  0.00000000e+00,  2.31024780e-02, ...,
         -8.30128202e-01, -8.91098403e-01, -9.83060660e-01],
        [-4.00342341e-02, -2.31024780e-02,  0.00000000e+00, ...,
         -8.17025334e-01, -8.80376432e-01, -9.78564050e-01],
        ...,
        [ 8.39454142e-01,  8.30128202e-01,  8.17025334e-01, ...,
          0.00000000e+00,  1.20131436e-01,  3.95981354e-01],
        [ 8.98657902e-01,  8.91098403e-01,  8.80376432e-01, ...,
         -1.20131436e-01,  0.00000000e+00,  2.82801937e-01],
        [ 9.86024302e-01,  9.83060660e-01,  9.78564050e-01, ...,
         -3.95981354e-01, -2.82801937e-01,  0.00000000e+00]],

       [[ 0.00000000e+00,  1.60520788e-02,  1.59528970e-01, ...,
         -7.77535387e-01, -7.93871249e-01, -7.77175274e-01],
        [-1.60520788e-02,  0.00000000e+00,  1.43661912e-01, ...,
         -7.67341031e-01, -7.84007922e-01, -7.66973821e-01],
        [-1.59528970e-01, -1.43661912e-01,  0.00000000e+00, ...,
         -6.67259616e-01, -6.86697022e-01, -6.66833124e-01],
        ...,
        [ 7.77535387e-01,  7.67341031e-01,  6.67259616e-01, ...,
          0.00000000e+00,  2.64090586e-02, -5.72460720e-04],
        [ 7.93871249e-01,  7.84007922e-01,  6.86697022e-01, ...,
         -2.64090586e-02,  0.00000000e+00, -2.69813153e-02],
        [ 7.77175274e-01,  7.66973821e-01,  6.66833124e-01, ...,
          5.72460720e-04,  2.69813153e-02,  0.00000000e+00]]]), 'num': array([ 7.07000212e-01,  7.07000212e-01,  0.00000000e+00,  1.29601222e-04,
        1.34246427e-04,  1.27743140e-04,  1.73575148e-02, -2.32260254e-06,
        1.20217907e-04,  1.08530571e-04,  1.22141022e-04,  6.72072223e-07,
        1.31060197e-04,  8.60009455e-05])}
{'img': array([[[ 0.        , -0.16495335, -0.72860746, ..., -1.        ,
         -0.88491454, -0.91770598],
        [ 0.16495335,  0.        , -0.60564479, ..., -0.98630137,
         -0.79596484, -0.83960526],
        [ 0.72860746,  0.60564479,  0.        , ..., -0.68493151,
         -0.26675443, -0.33911894],
        ...,
        [ 1.        ,  0.98630137,  0.68493151, ...,  0.        ,
          0.46575342,  0.39726027],
        [ 0.88491454,  0.79596484,  0.26675443, ..., -0.46575342,
          0.        , -0.07588331],
        [ 0.91770598,  0.83960526,  0.33911894, ..., -0.39726027,
          0.07588331,  0.        ]],

       [[ 0.        , -0.12607342,  0.2886108 , ...,  0.55711826,
          0.91039054,  0.62829053],
        [ 0.12607342,  0.        ,  0.4070165 , ...,  0.65736851,
          0.85096358,  0.7213598 ],
        [-0.2886108 , -0.4070165 ,  0.        , ...,  0.29373895,
          0.99106296,  0.37702149],
        ...,
        [-0.55711826, -0.65736851, -0.29373895, ...,  0.        ,
          0.98652618,  0.08832711],
        [-0.91039054, -0.85096358, -0.99106296, ..., -0.98652618,
          0.        , -0.96821974],
        [-0.62829053, -0.7213598 , -0.37702149, ..., -0.08832711,
          0.96821974,  0.        ]],

       [[ 0.        , -0.24204652, -0.44420282, ..., -0.9736447 ,
         -0.99466253, -0.9999996 ],
        [ 0.24204652,  0.        , -0.21413845, ..., -0.99989662,
         -0.99006065, -0.97004834],
        [ 0.44420282,  0.21413845,  0.        , ..., -0.97362326,
         -0.93697787, -0.89552964],
        ...,
        [ 0.9736447 ,  0.99989662,  0.97362326, ...,  0.        ,
          0.12639056,  0.22893863],
        [ 0.99466253,  0.99006065,  0.93697787, ..., -0.12639056,
          0.        ,  0.10406894],
        [ 0.9999996 ,  0.97004834,  0.89552964, ..., -0.22893863,
         -0.10406894,  0.        ]],

       ...,

       [[ 0.        , -0.01553122, -0.17838492, ...,  0.34334457,
          0.92864575,  0.69750631],
        [ 0.01553122,  0.        , -0.16308129, ...,  0.35789022,
          0.93429532,  0.70855151],
        [ 0.17838492,  0.16308129,  0.        , ...,  0.5053784 ,
          0.97992605,  0.81414567],
        ...,
        [-0.34334457, -0.35789022, -0.5053784 , ...,  0.        ,
          0.74482317,  0.40907117],
        [-0.92864575, -0.93429532, -0.97992605, ..., -0.74482317,
          0.        , -0.40669538],
        [-0.69750631, -0.70855151, -0.81414567, ..., -0.40907117,
          0.40669538,  0.        ]],

       [[ 0.        ,  0.02310248,  0.03990593, ..., -0.8910984 ,
         -0.98306066, -0.99616158],
        [-0.02310248,  0.        ,  0.0168112 , ..., -0.88037643,
         -0.97856405, -0.99387346],
        [-0.03990593, -0.0168112 ,  0.        , ..., -0.87227888,
         -0.97496362, -0.99187497],
        ...,
        [ 0.8910984 ,  0.88037643,  0.87227888, ...,  0.        ,
          0.28280194,  0.37406725],
        [ 0.98306066,  0.97856405,  0.97496362, ..., -0.28280194,
          0.        ,  0.09652624],
        [ 0.99616158,  0.99387346,  0.99187497, ..., -0.37406725,
         -0.09652624,  0.        ]],

       [[ 0.        ,  0.14366191, -0.06221404, ..., -0.78400792,
         -0.76697382, -0.85073113],
        [-0.14366191,  0.        , -0.2049523 , ..., -0.68669702,
         -0.66683312, -0.76639749],
        [ 0.06221404,  0.2049523 ,  0.        , ..., -0.82110858,
         -0.80540947, -0.88178289],
        ...,
        [ 0.78400792,  0.68669702,  0.82110858, ...,  0.        ,
         -0.02698132,  0.1160166 ],
        [ 0.76697382,  0.66683312,  0.80540947, ...,  0.02698132,
          0.        ,  0.14277348],
        [ 0.85073113,  0.76639749,  0.88178289, ..., -0.1160166 ,
         -0.14277348,  0.        ]]]), 'num': array([7.00966773e-01, 7.00966773e-01, 0.00000000e+00, 1.56128605e-04,
       1.61655281e-04, 1.28955780e-04, 1.31495352e-01, 2.76333813e-05,
       1.28034667e-04, 1.10943421e-04, 1.21221503e-04, 7.46101296e-07,
       1.40245663e-04, 8.16411776e-05])}
{'img': array([[[ 0.        , -0.35778327, -0.37117031, ..., -0.55156414,
         -0.60419499,  0.61294773],
        [ 0.35778327,  0.        , -0.01437561, ..., -0.21661451,
         -0.27910533,  0.8550664 ],
        [ 0.37117031,  0.01437561,  0.        , ..., -0.20255784,
         -0.26527216,  0.86243206],
        ...,
        [ 0.55156414,  0.21661451,  0.20255784, ...,  0.        ,
         -0.06447223,  0.94708338],
        [ 0.60419499,  0.27910533,  0.26527216, ...,  0.06447223,
          0.        ,  0.96580776],
        [-0.61294773, -0.8550664 , -0.86243206, ..., -0.94708338,
         -0.96580776,  0.        ]],

       [[ 0.        ,  0.27109329,  0.03956649, ...,  0.91775289,
          0.49469132,  0.16957452],
        [-0.27109329,  0.        , -0.23279616, ...,  0.77572066,
          0.24056794,  0.43039162],
        [-0.03956649,  0.23279616,  0.        , ...,  0.90132033,
          0.45991795,  0.2084352 ],
        ...,
        [-0.91775289, -0.77572066, -0.90132033, ...,  0.        ,
         -0.60112277,  0.97180826],
        [-0.49469132, -0.24056794, -0.45991795, ...,  0.60112277,
          0.        ,  0.6348988 ],
        [-0.16957452, -0.43039162, -0.2084352 , ..., -0.97180826,
         -0.6348988 ,  0.        ]],

       [[ 0.        , -0.38108576, -0.52826527, ..., -0.99597362,
         -0.99987203, -0.95210696],
        [ 0.38108576,  0.        , -0.16483015, ..., -0.95498028,
         -0.91832493, -0.76373792],
        [ 0.52826527,  0.16483015,  0.        , ..., -0.89301798,
         -0.84051976, -0.64688927],
        ...,
        [ 0.99597362,  0.95498028,  0.89301798, ...,  0.        ,
          0.10556855,  0.38988743],
        [ 0.99987203,  0.91832493,  0.84051976, ..., -0.10556855,
          0.        ,  0.29049463],
        [ 0.95210696,  0.76373792,  0.64688927, ..., -0.38988743,
         -0.29049463,  0.        ]],

       ...,

       [[ 0.        , -0.14478159, -0.17703317, ...,  0.66481355,
          0.56476607,  0.97175527],
        [ 0.14478159,  0.        , -0.03267314, ...,  0.76596203,
          0.67829665,  0.99568364],
        [ 0.17703317,  0.03267314,  0.        , ...,  0.78655817,
          0.70194233,  0.9981845 ],
        ...,
        [-0.66481355, -0.76596203, -0.78655817, ...,  0.        ,
         -0.12675254,  0.56902032],
        [-0.56476607, -0.67829665, -0.70194233, ...,  0.12675254,
          0.        ,  0.6686624 ],
        [-0.97175527, -0.99568364, -0.9981845 , ..., -0.56902032,
         -0.6686624 ,  0.        ]],

       [[ 0.        ,  0.0168112 ,  0.03187977, ..., -0.97856405,
         -0.99387346, -0.9257241 ],
        [-0.0168112 ,  0.        ,  0.01507261, ..., -0.97496362,
         -0.99187497, -0.93195127],
        [-0.03187977, -0.01507261,  0.        , ..., -0.97150125,
         -0.98984481, -0.93731048],
        ...,
        [ 0.97856405,  0.97496362,  0.97150125, ...,  0.        ,
          0.09652624,  0.56073861],
        [ 0.99387346,  0.99187497,  0.98984481, ..., -0.09652624,
          0.        ,  0.47819716],
        [ 0.9257241 ,  0.93195127,  0.93731048, ..., -0.56073861,
         -0.47819716,  0.        ]],

       [[ 0.        , -0.2049523 , -0.30673131, ..., -0.66683312,
         -0.76639749, -0.63899018],
        [ 0.2049523 ,  0.        , -0.10514719, ..., -0.80540947,
         -0.88178289, -0.78307804],
        [ 0.30673131,  0.10514719,  0.        , ..., -0.86326754,
         -0.92648813, -0.84413068],
        ...,
        [ 0.66683312,  0.80540947,  0.86326754, ...,  0.        ,
          0.14277348, -0.03675796],
        [ 0.76639749,  0.88178289,  0.92648813, ..., -0.14277348,
          0.        , -0.17905839],
        [ 0.63899018,  0.78307804,  0.84413068, ...,  0.03675796,
          0.17905839,  0.        ]]]), 'num': array([8.17042473e-01, 4.93420333e-01, 1.80794492e-05, 1.88152407e-04,
       2.10751719e-04, 1.62399703e-04, 2.98291413e-01, 9.98574228e-06,
       1.58720746e-04, 1.31128563e-04, 1.38647652e-04, 8.35222825e-07,
       1.71454877e-04, 9.08022494e-05])}
{'img': array([[[ 0.        , -0.01181266, -0.13837251, ..., -0.23760962,
          0.51720205,  0.93329292],
        [ 0.01181266,  0.        , -0.12666383, ..., -0.22611869,
          0.52727598,  0.93746992],
        [ 0.13837251,  0.12666383,  0.        , ..., -0.10091426,
          0.63065465,  0.97400667],
        ...,
        [ 0.23760962,  0.22611869,  0.10091426, ...,  0.        ,
          0.70575112,  0.99189352],
        [-0.51720205, -0.52727598, -0.63065465, ..., -0.70575112,
          0.        ,  0.61303565],
        [-0.93329292, -0.93746992, -0.97400667, ..., -0.99189352,
         -0.61303565,  0.        ]],

       [[ 0.        , -0.16391309, -0.10335754, ...,  0.16709619,
          0.95036251,  0.30764839],
        [ 0.16391309,  0.        ,  0.06107562, ...,  0.32644475,
          0.98850936,  0.14752405],
        [ 0.10335754, -0.06107562,  0.        , ...,  0.26810566,
          0.97743178,  0.207656  ],
        ...,
        [-0.16709619, -0.32644475, -0.26810566, ...,  0.        ,
          0.88500987,  0.46231508],
        [-0.95036251, -0.98850936, -0.97743178, ..., -0.88500987,
          0.        ,  0.99999324],
        [-0.30764839, -0.14752405, -0.207656  , ..., -0.46231508,
         -0.99999324,  0.        ]],

       [[ 0.        , -0.38818629, -0.59680819, ..., -0.99844004,
         -0.93411829, -0.67982415],
        [ 0.38818629,  0.        , -0.2385326 , ..., -0.89846916,
         -0.72229722, -0.3418268 ],
        [ 0.59680819,  0.2385326 ,  0.        , ..., -0.76780984,
         -0.53648271, -0.10779568],
        ...,
        [ 0.99844004,  0.89846916,  0.76780984, ...,  0.        ,
          0.30425085,  0.69427356],
        [ 0.93411829,  0.72229722,  0.53648271, ..., -0.30425085,
          0.        ,  0.44238666],
        [ 0.67982415,  0.3418268 ,  0.10779568, ..., -0.69427356,
         -0.44238666,  0.        ]],

       ...,

       [[ 0.        , -0.03267314,  0.01168309, ...,  0.67829665,
          0.99568364,  0.92254779],
        [ 0.03267314,  0.        ,  0.04434776, ...,  0.70194233,
          0.9981845 ,  0.93466323],
        [-0.01168309, -0.04434776,  0.        , ...,  0.66966576,
          0.99453135,  0.91797652],
        ...,
        [-0.67829665, -0.70194233, -0.66966576, ...,  0.        ,
          0.6686624 ,  0.41613415],
        [-0.99568364, -0.9981845 , -0.99453135, ..., -0.6686624 ,
          0.        , -0.29859362],
        [-0.92254779, -0.93466323, -0.91797652, ..., -0.41613415,
          0.29859362,  0.        ]],

       [[ 0.        ,  0.01507261,  0.07767457, ..., -0.99187497,
         -0.93195127, -0.66341962],
        [-0.01507261,  0.        ,  0.06263867, ..., -0.98984481,
         -0.93731048, -0.6746223 ],
        [-0.07767457, -0.06263867,  0.        , ..., -0.9789968 ,
         -0.95729914, -0.71953508],
        ...,
        [ 0.99187497,  0.98984481,  0.9789968 , ...,  0.        ,
          0.47819716,  0.82656597],
        [ 0.93195127,  0.93731048,  0.95729914, ..., -0.47819716,
          0.        ,  0.45678521],
        [ 0.66341962,  0.6746223 ,  0.71953508, ..., -0.82656597,
         -0.45678521,  0.        ]],

       [[ 0.        , -0.2319203 , -0.40668927, ..., -0.76959694,
         -0.64195889, -0.54265739],
        [ 0.2319203 ,  0.        , -0.18372618, ..., -0.89670179,
         -0.8022781 , -0.72266414],
        [ 0.40668927,  0.18372618,  0.        , ..., -0.96276132,
         -0.89829672, -0.83735398],
        ...,
        [ 0.76959694,  0.89670179,  0.96276132, ...,  0.        ,
         -0.18017003, -0.29992312],
        [ 0.64195889,  0.8022781 ,  0.89829672, ...,  0.18017003,
          0.        , -0.12313941],
        [ 0.54265739,  0.72266414,  0.83735398, ...,  0.29992312,
          0.12313941,  0.        ]]]), 'num': array([7.75671968e-01, 6.18339053e-01, 8.62098164e-06, 1.81468183e-04,
       1.92903165e-04, 1.65558644e-04, 1.26450063e-01, 3.48021174e-06,
       1.61581259e-04, 1.28096651e-04, 1.31696184e-04, 8.75024665e-07,
       1.72114051e-04, 8.40792506e-05])}
{'img': array([[[ 0.        , -0.12031911, -0.1523748 , ...,  0.48490741,
          0.77072285,  0.95460571],
        [ 0.12031911,  0.        , -0.03235371, ...,  0.58661163,
          0.84178755,  0.98351049],
        [ 0.1523748 ,  0.03235371,  0.        , ...,  0.61250678,
          0.85881168,  0.98884681],
        ...,
        [-0.48490741, -0.58661163, -0.61250678, ...,  0.        ,
          0.3650789 ,  0.69042471],
        [-0.77072285, -0.84178755, -0.85881168, ..., -0.3650789 ,
          0.        ,  0.37866961],
        [-0.95460571, -0.98351049, -0.98884681, ..., -0.69042471,
         -0.37866961,  0.        ]],

       [[ 0.        ,  0.06107562,  0.04409821, ...,  0.98850936,
          0.14752405,  0.96563144],
        [-0.06107562,  0.        , -0.01700032, ...,  0.97743178,
          0.207656  ,  0.94795426],
        [-0.04409821,  0.01700032,  0.        , ...,  0.98088187,
          0.19099625,  0.95323028],
        ...,
        [-0.98850936, -0.97743178, -0.98088187, ...,  0.        ,
          0.99999324, -0.11096409],
        [-0.14752405, -0.207656  , -0.19099625, ..., -0.99999324,
          0.        , -0.9934097 ],
        [-0.96563144, -0.94795426, -0.95323028, ...,  0.11096409,
          0.9934097 ,  0.        ]],

       [[ 0.        , -0.18172925, -0.32931731, ..., -0.63504358,
         -0.27032543,  0.54989973],
        [ 0.18172925,  0.        , -0.15224145, ..., -0.48408767,
         -0.09086085,  0.69252898],
        [ 0.32931731,  0.15224145,  0.        , ..., -0.34523058,
          0.06181001,  0.79428187],
        ...,
        [ 0.63504358,  0.48408767,  0.34523058, ...,  0.        ,
          0.40258028,  0.9551924 ],
        [ 0.27032543,  0.09086085, -0.06181001, ..., -0.40258028,
          0.        ,  0.75521051],
        [-0.54989973, -0.69252898, -0.79428187, ..., -0.9551924 ,
         -0.75521051,  0.        ]],

       ...,

       [[ 0.        ,  0.0400558 , -0.25483355, ...,  0.83449855,
          0.79530418,  0.999226  ],
        [-0.0400558 ,  0.        , -0.29336238, ...,  0.81175766,
          0.77038366,  0.99999974],
        [ 0.25483355,  0.29336238,  0.        , ...,  0.94736339,
          0.92352995,  0.95621207],
        ...,
        [-0.83449855, -0.81175766, -0.94736339, ...,  0.        ,
         -0.06766117,  0.58341041],
        [-0.79530418, -0.77038366, -0.92352995, ...,  0.06766117,
          0.        ,  0.63702632],
        [-0.999226  , -0.99999974, -0.95621207, ..., -0.58341041,
         -0.63702632,  0.        ]],

       [[ 0.        ,  0.06263867,  0.14439091, ..., -0.93731048,
         -0.6746223 , -0.16453237],
        [-0.06263867,  0.        ,  0.0821251 , ..., -0.95729914,
         -0.71953508, -0.22599428],
        [-0.14439091, -0.0821251 ,  0.        , ..., -0.97780771,
         -0.77413678, -0.30523129],
        ...,
        [ 0.93731048,  0.95729914,  0.97780771, ...,  0.        ,
          0.45678521,  0.86719774],
        [ 0.6746223 ,  0.71953508,  0.77413678, ..., -0.45678521,
          0.        ,  0.54397661],
        [ 0.16453237,  0.22599428,  0.30523129, ..., -0.86719774,
         -0.54397661,  0.        ]],

       [[ 0.        , -0.34113589, -0.479641  , ..., -0.64578992,
         -0.54606603, -0.43978521],
        [ 0.34113589,  0.        , -0.15153451, ..., -0.86751398,
         -0.79909362, -0.71977941],
        [ 0.479641  ,  0.15153451,  0.        , ..., -0.9328711 ,
         -0.88096921, -0.81666306],
        ...,
        [ 0.64578992,  0.86751398,  0.9328711 , ...,  0.        ,
         -0.12407574, -0.24420318],
        [ 0.54606603,  0.79909362,  0.88096921, ...,  0.12407574,
          0.        , -0.12199693],
        [ 0.43978521,  0.71977941,  0.81666306, ...,  0.24420318,
          0.12199693,  0.        ]]]), 'num': array([ 7.79653125e-01,  6.26035322e-01,  8.72828425e-06,  1.77183164e-04,
        1.83223499e-04,  1.73659635e-04,  1.48519357e-02, -6.54369638e-06,
        1.70438123e-04,  1.33038381e-04,  1.33780000e-04,  8.18653478e-07,
        1.81169931e-04,  8.49068310e-05])}
{'img': array([[[ 0.        , -0.03235371, -0.0430958 , ...,  0.84178755,
          0.98351049,  0.75572664],
        [ 0.03235371,  0.        , -0.01074958, ...,  0.85881168,
          0.98884681,  0.77651903],
        [ 0.0430958 ,  0.01074958,  0.        , ...,  0.86426898,
          0.99039068,  0.78324741],
        ...,
        [-0.84178755, -0.85881168, -0.86426898, ...,  0.        ,
          0.37866961, -0.14332788],
        [-0.98351049, -0.98884681, -0.99039068, ..., -0.37866961,
          0.        , -0.50741447],
        [-0.75572664, -0.77651903, -0.78324741, ...,  0.14332788,
          0.50741447,  0.        ]],

       [[ 0.        , -0.01700032,  0.02923089, ...,  0.207656  ,
          0.94795426,  0.20540725],
        [ 0.01700032,  0.        ,  0.04621972, ...,  0.19099625,
          0.95323028,  0.22201538],
        [-0.02923089, -0.04621972,  0.        , ...,  0.23616098,
          0.93824188,  0.17671189],
        ...,
        [-0.207656  , -0.19099625, -0.23616098, ...,  0.        ,
         -0.9934097 , -0.40415783],
        [-0.94795426, -0.95323028, -0.93824188, ...,  0.9934097 ,
          0.        , -0.86233764],
        [-0.20540725, -0.22201538, -0.17671189, ...,  0.40415783,
          0.86233764,  0.        ]],

       [[ 0.        , -0.12002119, -0.2314158 , ..., -0.07063322,
          0.34835188,  0.82695909],
        [ 0.12002119,  0.        , -0.11297977, ...,  0.04959878,
          0.45833728,  0.88846464],
        [ 0.2314158 ,  0.11297977,  0.        , ...,  0.16212193,
          0.55581665,  0.93462756],
        ...,
        [ 0.07063322, -0.04959878, -0.16212193, ...,  0.        ,
          0.41369085,  0.86460802],
        [-0.34835188, -0.45833728, -0.55581665, ..., -0.41369085,
          0.        ,  0.57929649],
        [-0.82695909, -0.88846464, -0.93462756, ..., -0.86460802,
         -0.57929649,  0.        ]],

       ...,

       [[ 0.        , -0.29336238, -0.36177393, ...,  0.77038366,
          0.99999974,  0.82031715],
        [ 0.29336238,  0.        , -0.07236463, ...,  0.92352995,
          0.95621207,  0.95200083],
        [ 0.36177393,  0.07236463,  0.        , ...,  0.94886242,
          0.93252582,  0.97165539],
        ...,
        [-0.77038366, -0.92352995, -0.94886242, ...,  0.        ,
          0.63702632,  0.08242904],
        [-0.99999974, -0.95621207, -0.93252582, ..., -0.63702632,
          0.        , -0.57131871],
        [-0.82031715, -0.95200083, -0.97165539, ..., -0.08242904,
          0.57131871,  0.        ]],

       [[ 0.        ,  0.03855945,  0.07463824, ..., -0.58030657,
         -0.14276814,  0.57432661],
        [-0.03855945,  0.        ,  0.03613084, ..., -0.61127775,
         -0.18082642,  0.54233371],
        [-0.07463824, -0.03613084,  0.        , ..., -0.63947315,
         -0.21624357,  0.5116238 ],
        ...,
        [ 0.58030657,  0.61127775,  0.63947315, ...,  0.        ,
          0.4580919 ,  0.9427847 ],
        [ 0.14276814,  0.18082642,  0.21624357, ..., -0.4580919 ,
          0.        ,  0.68531705],
        [-0.57432661, -0.54233371, -0.5116238 , ..., -0.9427847 ,
         -0.68531705,  0.        ]],

       [[ 0.        , -0.25543123, -0.38359811, ..., -0.650741  ,
         -0.55178131, -0.53765495],
        [ 0.25543123,  0.        , -0.13498232, ..., -0.82310299,
         -0.74650399, -0.73519011],
        [ 0.38359811,  0.13498232,  0.        , ..., -0.89222535,
         -0.82948665, -0.8199609 ],
        ...,
        [ 0.650741  ,  0.82310299,  0.89222535, ...,  0.        ,
         -0.1237433 , -0.14044072],
        [ 0.55178131,  0.74650399,  0.82948665, ...,  0.1237433 ,
          0.        , -0.01684444],
        [ 0.53765495,  0.73519011,  0.8199609 , ...,  0.14044072,
          0.01684444,  0.        ]]]), 'num': array([ 7.65811524e-01,  6.42977084e-01,  7.10025660e-06,  1.71556479e-04,
        1.78002243e-04,  1.70564823e-04,  1.06293023e-02, -2.97496785e-06,
        1.74531447e-04,  1.34270216e-04,  1.32257154e-04,  7.89059573e-07,
        1.83461349e-04,  8.50790825e-05])}
{'img': array([[[ 0.        , -0.01074958,  0.06486693, ...,  0.98884681,
          0.77651903,  0.69919086],
        [ 0.01074958,  0.        ,  0.07559013, ...,  0.99039068,
          0.78324741,  0.70683571],
        [-0.06486693, -0.07559013,  0.        , ...,  0.97710319,
          0.73401137,  0.65134266],
        ...,
        [-0.98884681, -0.99039068, -0.97710319, ...,  0.        ,
         -0.50741447, -0.60282645],
        [-0.77651903, -0.78324741, -0.73401137, ...,  0.50741447,
          0.        , -0.11460486],
        [-0.69919086, -0.70683571, -0.65134266, ...,  0.60282645,
          0.11460486,  0.        ]],

       [[ 0.        ,  0.04621972, -0.05140344, ...,  0.95323028,
          0.22201538,  0.145367  ],
        [-0.04621972,  0.        , -0.09750712, ...,  0.93824188,
          0.17671189,  0.09948288],
        [ 0.05140344,  0.09750712,  0.        , ...,  0.96750651,
          0.27184243,  0.19603223],
        ...,
        [-0.95323028, -0.93824188, -0.96750651, ...,  0.        ,
         -0.86233764, -0.89916844],
        [-0.22201538, -0.17671189, -0.27184243, ...,  0.86233764,
          0.        , -0.07791799],
        [-0.145367  , -0.09948288, -0.19603223, ...,  0.89916844,
          0.07791799,  0.        ]],

       [[ 0.        , -0.09882816, -0.12173956, ...,  0.37251664,
          0.59775078,  0.94144942],
        [ 0.09882816,  0.        , -0.0230505 , ...,  0.46240805,
          0.67405325,  0.9701609 ],
        [ 0.12173956,  0.0230505 ,  0.        , ...,  0.48272331,
          0.69090116,  0.975492  ],
        ...,
        [-0.37251664, -0.46240805, -0.48272331, ...,  0.        ,
          0.25608809,  0.74809351],
        [-0.59775078, -0.67405325, -0.69090116, ..., -0.25608809,
          0.        ,  0.55320883],
        [-0.94144942, -0.9701609 , -0.975492  , ..., -0.74809351,
         -0.55320883,  0.        ]],

       ...,

       [[ 0.        , -0.07236463, -0.70554364, ...,  0.95621207,
          0.95200083,  0.92530892],
        [ 0.07236463,  0.        , -0.6524115 , ...,  0.93252582,
          0.97165539,  0.95032468],
        [ 0.70554364,  0.6524115 ,  0.        , ...,  0.47114067,
          0.89061477,  0.92328757],
        ...,
        [-0.95621207, -0.93252582, -0.47114067, ...,  0.        ,
         -0.57131871, -0.63342369],
        [-0.95200083, -0.97165539, -0.89061477, ...,  0.57131871,
          0.        , -0.07777937],
        [-0.92530892, -0.95032468, -0.92328757, ...,  0.63342369,
          0.07777937,  0.        ]],

       [[ 0.        ,  0.02367329,  0.02913992, ..., -0.12989517,
          0.21852495,  0.73950202],
        [-0.02367329,  0.        ,  0.00546851, ..., -0.1533315 ,
          0.19536257,  0.723359  ],
        [-0.02913992, -0.00546851,  0.        , ..., -0.15873305,
          0.18999651,  0.71957232],
        ...,
        [ 0.12989517,  0.1533315 ,  0.15873305, ...,  0.        ,
          0.34342934,  0.82067626],
        [-0.21852495, -0.19536257, -0.18999651, ..., -0.34342934,
          0.        ,  0.57452824],
        [-0.73950202, -0.723359  , -0.71957232, ..., -0.82067626,
         -0.57452824,  0.        ]],

       [[ 0.        , -0.13498232, -0.19963008, ..., -0.74650399,
         -0.73519011, -0.80136714],
        [ 0.13498232,  0.        , -0.06553776, ..., -0.82948665,
         -0.8199609 , -0.87477578],
        [ 0.19963008,  0.06553776,  0.        , ..., -0.86430791,
         -0.85571316, -0.90464997],
        ...,
        [ 0.74650399,  0.82948665,  0.86430791, ...,  0.        ,
         -0.01684444,  0.08667602],
        [ 0.73519011,  0.8199609 ,  0.85571316, ...,  0.01684444,
          0.        ,  0.10344477],
        [ 0.80136714,  0.87477578,  0.90464997, ..., -0.08667602,
         -0.10344477,  0.        ]]]), 'num': array([7.57405358e-01, 6.52825421e-01, 5.82618035e-06, 1.75175774e-04,
       1.75175774e-04, 1.72248046e-04, 1.24857582e-02, 6.34341244e-06,
