state_0,state_1,state_2,state_3,state_4,state_5,state_6,state_7,state_8,state_9,state_10,state_11,state_12,state_13,state_14,state_15,state_16,state_17,state_18,state_19,state_20,state_21,state_22,state_23,state_24,state_25,state_26,state_27,state_28,state_29,state_30,state_31,state_32,state_33,state_34,state_35,state_36,state_37,state_38,state_39,state_40,state_41,state_42,state_43,state_44,state_45,state_46,state_47,state_48,state_49,state_50,state_51,state_52,state_53,state_54,state_55,state_56,state_57,state_58,state_59,state_60,state_61,state_62,state_63,state_64,state_65,state_66,state_67,state_68,state_69,state_70,state_71,state_72,state_73,state_74,state_75,state_76,state_77,state_78,state_79,state_80,state_81,state_82,state_83,state_84,state_85,state_86,state_87,state_88,state_89,state_90,state_91,state_92,state_93,state_94,state_95,state_96,state_97,state_98,state_99,state_100,state_101,state_102,state_103,state_104,state_105,state_106,state_107,state_108,state_109,state_110,state_111,state_112,state_113,state_114,state_115,state_116,state_117,state_118,state_119,state_120,state_121,state_122,state_123,state_124,state_125,state_126,state_127,state_128,state_129,state_130,state_131,state_132,state_133,state_134,state_135,state_136,state_137,state_138,state_139,state_140,state_141,state_142,state_143,state_144,state_145,state_146,state_147,state_148,state_149,state_150,state_151,state_152,state_153,state_154,state_155,state_156,state_157,state_158,state_159,state_160,state_161,state_162,state_163,state_164,state_165,state_166,state_167,state_168,state_169,state_170,state_171,state_172,state_173,state_174,state_175,state_176,state_177,state_178,state_179,state_180,state_181,state_182,state_183,state_184,state_185,state_186,state_187,state_188,state_189,state_190,state_191,state_192,state_193,state_194,state_195,state_196,state_197,state_198,state_199,state_200,state_201,state_202,state_203,state_204,state_205,state_206,state_207,state_208,state_209,state_210,state_211,state_212,state_213,state_214,state_215,state_216,state_217,state_218,state_219,state_220,state_221,state_222,state_223,state_224,state_225,state_226,state_227,state_228,state_229,state_230,state_231,state_232,state_233,state_234,state_235,state_236,state_237,state_238,state_239,state_240,state_241,state_242,state_243,state_244,state_245,state_246,state_247,state_248,state_249,state_250,state_251,state_252,state_253,state_254,state_255,state_256,state_257,state_258,state_259,state_260,state_261,state_262,state_263,state_264,state_265,state_266,state_267,state_268,state_269,state_270,state_271,state_272,state_273,state_274,state_275,state_276,state_277,state_278,state_279,state_280,state_281,state_282,state_283,state_284,state_285,state_286,state_287
{'img': array([[[ 0.00000000e+00,  5.15852671e-02,  1.61380267e-01, ...,
          9.83328123e-01,  9.63481406e-01,  9.26475453e-01],
        [-5.15852671e-02,  0.00000000e+00,  1.10256301e-01, ...,
          9.72638646e-01,  9.48385364e-01,  9.05827554e-01],
        [-1.61380267e-01, -1.10256301e-01,  0.00000000e+00, ...,
          9.41093557e-01,  9.07638740e-01,  8.53595187e-01],
        ...,
        [-9.83328123e-01, -9.72638646e-01, -9.41093557e-01, ...,
          0.00000000e+00, -8.81114211e-02, -2.01610311e-01],
        [-9.63481406e-01, -9.48385364e-01, -9.07638740e-01, ...,
          8.81114211e-02,  0.00000000e+00, -1.14524048e-01],
        [-9.26475453e-01, -9.05827554e-01, -8.53595187e-01, ...,
          2.01610311e-01,  1.14524048e-01,  0.00000000e+00]],

       [[ 0.00000000e+00,  3.82436964e-02,  1.17922697e-01, ...,
          2.64536654e-01,  1.96446648e-01,  2.25295725e-01],
        [-3.82436964e-02,  0.00000000e+00,  7.98595683e-02, ...,
          2.27461841e-01,  1.58804437e-01,  1.87870441e-01],
        [-1.17922697e-01, -7.98595683e-02,  0.00000000e+00, ...,
          1.48969148e-01,  7.94510804e-02,  1.08832832e-01],
        ...,
        [-2.64536654e-01, -2.27461841e-01, -1.48969148e-01, ...,
          0.00000000e+00, -6.99336683e-02, -4.04658225e-02],
        [-1.96446648e-01, -1.58804437e-01, -7.94510804e-02, ...,
          6.99336683e-02,  0.00000000e+00,  2.95096395e-02],
        [-2.25295725e-01, -1.87870441e-01, -1.08832832e-01, ...,
          4.04658225e-02, -2.95096395e-02,  0.00000000e+00]],

       [[ 0.00000000e+00,  2.53034089e-02,  5.52392379e-02, ...,
          9.99592599e-01,  9.99999956e-01,  9.98826288e-01],
        [-2.53034089e-02,  0.00000000e+00,  2.99567769e-02, ...,
          9.99994753e-01,  9.99687310e-01,  9.97280885e-01],
        [-5.52392379e-02, -2.99567769e-02,  0.00000000e+00, ...,
          9.99642997e-01,  9.98489558e-01,  9.94625659e-01],
        ...,
        [-9.99592599e-01, -9.99994753e-01, -9.99642997e-01, ...,
          0.00000000e+00, -2.82440563e-02, -7.69245911e-02],
        [-9.99999956e-01, -9.99687310e-01, -9.98489558e-01, ...,
          2.82440563e-02,  0.00000000e+00, -4.87335359e-02],
        [-9.98826288e-01, -9.97280885e-01, -9.94625659e-01, ...,
          7.69245911e-02,  4.87335359e-02,  0.00000000e+00]],

       ...,

       [[ 0.00000000e+00,  2.36796795e-01,  4.39396415e-01, ...,
          4.06039162e-01,  4.14704912e-01,  1.46649120e-01],
        [-2.36796795e-01,  0.00000000e+00,  2.14186664e-01, ...,
          1.78092988e-01,  1.87435720e-01, -9.17583820e-02],
        [-4.39396415e-01, -2.14186664e-01,  0.00000000e+00, ...,
         -3.68026644e-02, -2.73047540e-02, -3.02911997e-01],
        ...,
        [-4.06039162e-01, -1.78092988e-01,  3.68026644e-02, ...,
          0.00000000e+00,  9.50268622e-03, -2.67633169e-01],
        [-4.14704912e-01, -1.87435720e-01,  2.73047540e-02, ...,
         -9.50268622e-03,  0.00000000e+00, -2.76777121e-01],
        [-1.46649120e-01,  9.17583820e-02,  3.02911997e-01, ...,
          2.67633169e-01,  2.76777121e-01,  0.00000000e+00]],

       [[ 0.00000000e+00, -5.28121431e-04, -4.78724430e-03, ...,
          9.73749939e-01,  9.88149782e-01,  9.99493562e-01],
        [ 5.28121431e-04,  0.00000000e+00, -4.25912825e-03, ...,
          9.73629592e-01,  9.88068581e-01,  9.99476617e-01],
        [ 4.78724430e-03,  4.25912825e-03,  0.00000000e+00, ...,
          9.72649106e-01,  9.87403652e-01,  9.99329770e-01],
        ...,
        [-9.73749939e-01, -9.73629592e-01, -9.72649106e-01, ...,
          0.00000000e+00, -7.54595646e-02, -1.96518774e-01],
        [-9.88149782e-01, -9.88068581e-01, -9.87403652e-01, ...,
          7.54595646e-02,  0.00000000e+00, -1.21970364e-01],
        [-9.99493562e-01, -9.99476617e-01, -9.99329770e-01, ...,
          1.96518774e-01,  1.21970364e-01,  0.00000000e+00]],

       [[ 0.00000000e+00, -1.00277872e-02, -1.32181974e-02, ...,
          8.60951691e-01,  8.53861523e-01,  8.62337621e-01],
        [ 1.00277872e-02,  0.00000000e+00, -3.19062171e-03, ...,
          8.66009405e-01,  8.59038057e-01,  8.67371670e-01],
        [ 1.32181974e-02,  3.19062171e-03,  0.00000000e+00, ...,
          8.67600396e-01,  8.60667001e-01,  8.68955102e-01],
        ...,
        [-8.60951691e-01, -8.66009405e-01, -8.67600396e-01, ...,
          0.00000000e+00, -1.37775380e-02,  2.73083630e-03],
        [-8.53861523e-01, -8.59038057e-01, -8.60667001e-01, ...,
          1.37775380e-02,  0.00000000e+00,  1.65080637e-02],
        [-8.62337621e-01, -8.67371670e-01, -8.68955102e-01, ...,
         -2.73083630e-03, -1.65080637e-02,  0.00000000e+00]]]), 'num': array([7.44608763e-01, 6.67119507e-01, 1.65929884e-05, 9.92179975e-05,
       1.03892079e-04, 9.78370189e-05, 2.25669317e-02, 6.37374716e-07,
       1.03637129e-04, 1.08677701e-04, 1.00012945e-04, 7.21556282e-07,
       1.22848597e-04, 9.45068037e-05])}
{'img': array([[[ 0.00000000e+00,  1.10256301e-01,  1.61130625e-01, ...,
          9.48385364e-01,  9.05827554e-01,  9.12383456e-01],
        [-1.10256301e-01,  0.00000000e+00,  5.13326501e-02, ...,
          9.07638740e-01,  8.53595187e-01,  8.61688890e-01],
        [-1.61130625e-01, -5.13326501e-02,  0.00000000e+00, ...,
          8.84895126e-01,  8.25728744e-01,  8.34504765e-01],
        ...,
        [-9.48385364e-01, -9.07638740e-01, -8.84895126e-01, ...,
          0.00000000e+00, -1.14524048e-01, -9.88736176e-02],
        [-9.05827554e-01, -8.53595187e-01, -8.25728744e-01, ...,
          1.14524048e-01,  0.00000000e+00,  1.57398040e-02],
        [-9.12383456e-01, -8.61688890e-01, -8.34504765e-01, ...,
          9.88736176e-02, -1.57398040e-02,  0.00000000e+00]],

       [[ 0.00000000e+00,  7.98595683e-02, -1.58701114e-02, ...,
          1.58804437e-01,  1.87870441e-01,  2.54944652e-01],
        [-7.98595683e-02,  0.00000000e+00, -9.56689351e-02, ...,
          7.94510804e-02,  1.08832832e-01,  1.76909730e-01],
        [ 1.58701114e-02,  9.56689351e-02,  0.00000000e+00, ...,
          1.74453158e-01,  2.03434306e-01,  2.70258238e-01],
        ...,
        [-1.58804437e-01, -7.94510804e-02, -1.74453158e-01, ...,
          0.00000000e+00,  2.95096395e-02,  9.81525716e-02],
        [-1.87870441e-01, -1.08832832e-01, -2.03434306e-01, ...,
         -2.95096395e-02,  0.00000000e+00,  6.87426771e-02],
        [-2.54944652e-01, -1.76909730e-01, -2.70258238e-01, ...,
         -9.81525716e-02, -6.87426771e-02,  0.00000000e+00]],

       [[ 0.00000000e+00,  2.99567769e-02,  4.14697294e-02, ...,
          9.99687310e-01,  9.97280885e-01,  9.90015875e-01],
        [-2.99567769e-02,  0.00000000e+00,  1.15201106e-02, ...,
          9.98489558e-01,  9.94625659e-01,  9.85348967e-01],
        [-4.14697294e-02, -1.15201106e-02,  0.00000000e+00, ...,
          9.97790364e-01,  9.93366906e-01,  9.83318822e-01],
        ...,
        [-9.99687310e-01, -9.98489558e-01, -9.97790364e-01, ...,
          0.00000000e+00, -4.87335359e-02, -1.16155862e-01],
        [-9.97280885e-01, -9.94625659e-01, -9.93366906e-01, ...,
          4.87335359e-02,  0.00000000e+00, -6.76141885e-02],
        [-9.90015875e-01, -9.85348967e-01, -9.83318822e-01, ...,
          1.16155862e-01,  6.76141885e-02,  0.00000000e+00]],

       ...,

       [[ 0.00000000e+00,  2.14186664e-01,  2.63220486e-01, ...,
          1.87435720e-01, -9.17583820e-02,  4.07263683e-03],
        [-2.14186664e-01,  0.00000000e+00,  5.04783410e-02, ...,
         -2.73047540e-02, -3.02911997e-01, -2.10206765e-01],
        [-2.63220486e-01, -5.04783410e-02,  0.00000000e+00, ...,
         -7.77294651e-02, -3.50632626e-01, -2.59289285e-01],
        ...,
        [-1.87435720e-01,  2.73047540e-02,  7.77294651e-02, ...,
          0.00000000e+00, -2.76777121e-01, -1.83433708e-01],
        [ 9.17583820e-02,  3.02911997e-01,  3.50632626e-01, ...,
          2.76777121e-01,  0.00000000e+00,  9.58130767e-02],
        [-4.07263683e-03,  2.10206765e-01,  2.59289285e-01, ...,
          1.83433708e-01, -9.58130767e-02,  0.00000000e+00]],

       [[ 0.00000000e+00, -4.25912825e-03, -6.90151596e-03, ...,
          9.88068581e-01,  9.99476617e-01,  9.96728779e-01],
        [ 4.25912825e-03,  0.00000000e+00, -2.64242654e-03, ...,
          9.87403652e-01,  9.99329770e-01,  9.97063958e-01],
        [ 6.90151596e-03,  2.64242654e-03,  0.00000000e+00, ...,
          9.86982116e-01,  9.99229552e-01,  9.97262816e-01],
        ...,
        [-9.88068581e-01, -9.87403652e-01, -9.86982116e-01, ...,
          0.00000000e+00, -1.21970364e-01, -2.33365628e-01],
        [-9.99476617e-01, -9.99329770e-01, -9.99229552e-01, ...,
          1.21970364e-01,  0.00000000e+00, -1.13020613e-01],
        [-9.96728779e-01, -9.97063958e-01, -9.97262816e-01, ...,
          2.33365628e-01,  1.13020613e-01,  0.00000000e+00]],

       [[ 0.00000000e+00, -3.19062171e-03, -4.09531859e-03, ...,
          8.59038057e-01,  8.67371670e-01,  8.83298068e-01],
        [ 3.19062171e-03,  0.00000000e+00, -9.04702791e-04, ...,
          8.60667001e-01,  8.68955102e-01,  8.84789374e-01],
        [ 4.09531859e-03,  9.04702791e-04,  0.00000000e+00, ...,
          8.61127295e-01,  8.69402476e-01,  8.85210595e-01],
        ...,
        [-8.59038057e-01, -8.60667001e-01, -8.61127295e-01, ...,
          0.00000000e+00,  1.65080637e-02,  4.94434453e-02],
        [-8.67371670e-01, -8.68955102e-01, -8.69402476e-01, ...,
         -1.65080637e-02,  0.00000000e+00,  3.29488346e-02],
        [-8.83298068e-01, -8.84789374e-01, -8.85210595e-01, ...,
         -4.94434453e-02, -3.29488346e-02,  0.00000000e+00]]]), 'num': array([7.07100404e-01, 7.07100404e-01, 0.00000000e+00, 3.61056576e-05,
       3.67812312e-05, 3.53550202e-05, 4.24587520e-03, 1.05089232e-06,
       3.60456066e-05, 3.79541021e-05, 3.55508114e-05, 3.40658649e-07,
       4.20418636e-05, 3.38663405e-05])}
{'img': array([[[ 0.00000000e+00,  5.13326501e-02,  6.76153519e-03, ...,
          8.53595187e-01,  8.61688890e-01,  8.96427841e-01],
        [-5.13326501e-02,  0.00000000e+00, -4.45788558e-02, ...,
          8.25728744e-01,  8.34504765e-01,  8.72495897e-01],
        [-6.76153519e-03,  4.45788558e-02,  0.00000000e+00, ...,
          8.50053341e-01,  8.58238139e-01,  8.93410707e-01],
        ...,
        [-8.53595187e-01, -8.25728744e-01, -8.50053341e-01, ...,
          0.00000000e+00,  1.57398040e-02,  8.86777333e-02],
        [-8.61688890e-01, -8.34504765e-01, -8.58238139e-01, ...,
         -1.57398040e-02,  0.00000000e+00,  7.29889531e-02],
        [-8.96427841e-01, -8.72495897e-01, -8.93410707e-01, ...,
         -8.86777333e-02, -7.29889531e-02,  0.00000000e+00]],

       [[ 0.00000000e+00, -9.56689351e-02, -9.93692656e-02, ...,
          1.08832832e-01,  1.76909730e-01,  8.08526733e-02],
        [ 9.56689351e-02,  0.00000000e+00, -3.71804569e-03, ...,
          2.03434306e-01,  2.70258238e-01,  1.75837540e-01],
        [ 9.93692656e-02,  3.71804569e-03,  0.00000000e+00, ...,
          2.07073196e-01,  2.73836060e-01,  1.79496440e-01],
        ...,
        [-1.08832832e-01, -2.03434306e-01, -2.07073196e-01, ...,
          0.00000000e+00,  6.87426771e-02, -2.81041063e-02],
        [-1.76909730e-01, -2.70258238e-01, -2.73836060e-01, ...,
         -6.87426771e-02,  0.00000000e+00, -9.67531478e-02],
        [-8.08526733e-02, -1.75837540e-01, -1.79496440e-01, ...,
          2.81041063e-02,  9.67531478e-02,  0.00000000e+00]],

       [[ 0.00000000e+00,  1.15201106e-02,  3.11225997e-02, ...,
          9.94625659e-01,  9.85348967e-01,  9.76534637e-01],
        [-1.15201106e-02,  0.00000000e+00,  1.96060044e-02, ...,
          9.93366906e-01,  9.83318822e-01,  9.73988860e-01],
        [-3.11225997e-02, -1.96060044e-02,  0.00000000e+00, ...,
          9.90921513e-01,  9.79563669e-01,  9.69359004e-01],
        ...,
        [-9.94625659e-01, -9.93366906e-01, -9.90921513e-01, ...,
          0.00000000e+00, -6.76141885e-02, -1.13096042e-01],
        [-9.85348967e-01, -9.83318822e-01, -9.79563669e-01, ...,
          6.76141885e-02,  0.00000000e+00, -4.56568466e-02],
        [-9.76534637e-01, -9.73988860e-01, -9.69359004e-01, ...,
          1.13096042e-01,  4.56568466e-02,  0.00000000e+00]],

       ...,

       [[ 0.00000000e+00,  5.04783410e-02,  1.46078788e-01, ...,
         -3.02911997e-01, -2.10206765e-01,  9.49394467e-02],
        [-5.04783410e-02,  0.00000000e+00,  9.59557023e-02, ...,
         -3.50632626e-01, -2.59289285e-01,  4.45680809e-02],
        [-1.46078788e-01, -9.59557023e-02,  0.00000000e+00, ...,
         -4.38878439e-01, -3.50766811e-01, -5.14979297e-02],
        ...,
        [ 3.02911997e-01,  3.50632626e-01,  4.38878439e-01, ...,
          0.00000000e+00,  9.58130767e-02,  3.92022810e-01],
        [ 2.10206765e-01,  2.59289285e-01,  3.50766811e-01, ...,
         -9.58130767e-02,  0.00000000e+00,  3.02075482e-01],
        [-9.49394467e-02, -4.45680809e-02,  5.14979297e-02, ...,
         -3.92022810e-01, -3.02075482e-01,  0.00000000e+00]],

       [[ 0.00000000e+00, -2.64242654e-03, -3.05269206e-02, ...,
          9.99329770e-01,  9.97063958e-01,  9.83494904e-01],
        [ 2.64242654e-03,  0.00000000e+00, -2.78856190e-02, ...,
          9.99229552e-01,  9.97262816e-01,  9.83969580e-01],
        [ 3.05269206e-02,  2.78856190e-02,  0.00000000e+00, ...,
          9.97746555e-01,  9.98936817e-01,  9.88559955e-01],
        ...,
        [-9.99329770e-01, -9.99229552e-01, -9.97746555e-01, ...,
          0.00000000e+00, -1.13020613e-01, -2.16816519e-01],
        [-9.97063958e-01, -9.97262816e-01, -9.98936817e-01, ...,
          1.13020613e-01,  0.00000000e+00, -1.05095178e-01],
        [-9.83494904e-01, -9.83969580e-01, -9.88559955e-01, ...,
          2.16816519e-01,  1.05095178e-01,  0.00000000e+00]],

       [[ 0.00000000e+00, -9.04702791e-04,  1.61650304e-03, ...,
          8.68955102e-01,  8.84789374e-01,  9.11391353e-01],
        [ 9.04702791e-04,  0.00000000e+00,  2.52120399e-03, ...,
          8.69402476e-01,  8.85210595e-01,  9.11763302e-01],
        [-1.61650304e-03, -2.52120399e-03,  0.00000000e+00, ...,
          8.68153974e-01,  8.84034941e-01,  9.10724906e-01],
        ...,
        [-8.68955102e-01, -8.69402476e-01, -8.68153974e-01, ...,
          0.00000000e+00,  3.29488346e-02,  9.34288644e-02],
        [-8.84789374e-01, -8.85210595e-01, -8.84034941e-01, ...,
         -3.29488346e-02,  0.00000000e+00,  6.05734212e-02],
        [-9.11391353e-01, -9.11763302e-01, -9.10724906e-01, ...,
         -9.34288644e-02, -6.05734212e-02,  0.00000000e+00]]]), 'num': array([ 8.07442725e-01,  5.89918517e-01,  4.61345068e-05,  4.06359424e-05,
        4.20579849e-05,  3.96017296e-05,  5.68966970e-03, -8.18751756e-07,
        4.08427849e-05,  4.31956189e-05,  4.10410091e-05,  3.95299093e-07,
        4.75296230e-05,  3.88616149e-05])}
{'img': array([[[ 0.        , -0.04457886, -0.08688152, ...,  0.83450477,
          0.8724959 ,  0.84724598],
        [ 0.04457886,  0.        , -0.04238486, ...,  0.85823814,
          0.89341071,  0.87008403],
        [ 0.08688152,  0.04238486,  0.        , ...,  0.87922099,
          0.91164886,  0.89019378],
        ...,
        [-0.83450477, -0.85823814, -0.87922099, ...,  0.        ,
          0.07298895,  0.02354358],
        [-0.8724959 , -0.89341071, -0.91164886, ..., -0.07298895,
          0.        , -0.04948793],
        [-0.84724598, -0.87008403, -0.89019378, ..., -0.02354358,
          0.04948793,  0.        ]],

       [[ 0.        , -0.00371805, -0.01729885, ...,  0.27025824,
          0.17583754,  0.19654111],
        [ 0.00371805,  0.        , -0.01358124, ...,  0.27383606,
          0.17949644,  0.20018528],
        [ 0.01729885,  0.01358124,  0.        , ...,  0.28687292,
          0.19284054,  0.21347314],
        ...,
        [-0.27025824, -0.27383606, -0.28687292, ...,  0.        ,
         -0.09675315, -0.07575961],
        [-0.17583754, -0.17949644, -0.19284054, ...,  0.09675315,
          0.        ,  0.02107091],
        [-0.19654111, -0.20018528, -0.21347314, ...,  0.07575961,
         -0.02107091,  0.        ]],

       [[ 0.        ,  0.019606  ,  0.04774919, ...,  0.98331882,
          0.97398886,  0.96473188],
        [-0.019606  ,  0.        ,  0.02815638, ...,  0.97956367,
          0.969359  ,  0.95938547],
        [-0.04774919, -0.02815638,  0.        , ...,  0.97351209,
          0.96205811,  0.95106223],
        ...,
        [-0.98331882, -0.97956367, -0.97351209, ...,  0.        ,
         -0.04565685, -0.08336802],
        [-0.97398886, -0.969359  , -0.96205811, ...,  0.04565685,
          0.        , -0.03778317],
        [-0.96473188, -0.95938547, -0.95106223, ...,  0.08336802,
          0.03778317,  0.        ]],

       ...,

       [[ 0.        ,  0.0959557 ,  0.02686804, ..., -0.25928929,
          0.04456808,  0.05671302],
        [-0.0959557 ,  0.        , -0.069177  , ..., -0.35076681,
         -0.05149793, -0.03934994],
        [-0.02686804,  0.069177  ,  0.        , ..., -0.28514483,
          0.01771065,  0.02986775],
        ...,
        [ 0.25928929,  0.35076681,  0.28514483, ...,  0.        ,
          0.30207548,  0.31364538],
        [-0.04456808,  0.05149793, -0.01771065, ..., -0.30207548,
          0.        ,  0.01216032],
        [-0.05671302,  0.03934994, -0.02986775, ..., -0.31364538,
         -0.01216032,  0.        ]],

       [[ 0.        , -0.02788562, -0.06386737, ...,  0.99726282,
          0.98396958,  0.97414448],
        [ 0.02788562,  0.        , -0.03601384, ...,  0.99893682,
          0.98855996,  0.98006574],
        [ 0.06386737,  0.03601384,  0.        , ...,  0.99994905,
          0.99335058,  0.98658496],
        ...,
        [-0.99726282, -0.99893682, -0.99994905, ...,  0.        ,
         -0.10509518, -0.15328092],
        [-0.98396958, -0.98855996, -0.99335058, ...,  0.10509518,
          0.        , -0.04857885],
        [-0.97414448, -0.98006574, -0.98658496, ...,  0.15328092,
          0.04857885,  0.        ]],

       [[ 0.        ,  0.0025212 ,  0.00609181, ...,  0.88521059,
          0.9117633 ,  0.91072963],
        [-0.0025212 ,  0.        ,  0.00357063, ...,  0.88403494,
          0.91072491,  0.90968547],
        [-0.00609181, -0.00357063,  0.        , ...,  0.88236032,
          0.90924438,  0.9081968 ],
        ...,
        [-0.88521059, -0.88403494, -0.88236032, ...,  0.        ,
          0.06057342,  0.05806808],
        [-0.9117633 , -0.91072491, -0.90924438, ..., -0.06057342,
          0.        , -0.00250976],
        [-0.91072963, -0.90968547, -0.9081968 , ..., -0.05806808,
          0.00250976,  0.        ]]]), 'num': array([7.51575467e-01, 6.59632909e-01, 1.93156634e-05, 3.81504388e-05,
       3.85111047e-05, 3.68680711e-05, 4.32786272e-03, 3.60665913e-07,
       3.78218321e-05, 3.98856426e-05, 3.83748532e-05, 3.64113138e-07,
       4.36328586e-05, 3.61384267e-05])}
{'img': array([[[ 0.00000000e+00, -4.23848579e-02, -8.17600287e-02, ...,
          8.93410707e-01,  8.70084030e-01,  8.81416522e-01],
        [ 4.23848579e-02,  0.00000000e+00, -3.94436005e-02, ...,
          9.11648858e-01,  8.90193778e-01,  9.00644501e-01],
        [ 8.17600287e-02,  3.94436005e-02,  0.00000000e+00, ...,
          9.27149549e-01,  9.07470825e-01,  9.17084097e-01],
        ...,
        [-8.93410707e-01, -9.11648858e-01, -9.27149549e-01, ...,
          0.00000000e+00, -4.94879335e-02, -2.60251841e-02],
        [-8.70084030e-01, -8.90193778e-01, -9.07470825e-01, ...,
          4.94879335e-02,  0.00000000e+00,  2.34778753e-02],
        [-8.81416522e-01, -9.00644501e-01, -9.17084097e-01, ...,
          2.60251841e-02, -2.34778753e-02,  0.00000000e+00]],

       [[ 0.00000000e+00, -1.35812363e-02,  2.24935778e-04, ...,
          1.79496440e-01,  2.00185282e-01,  1.73564133e-01],
        [ 1.35812363e-02,  0.00000000e+00,  1.38061509e-02, ...,
          1.92840544e-01,  2.13473145e-01,  1.86923234e-01],
        [-2.24935778e-04, -1.38061509e-02,  0.00000000e+00, ...,
          1.79275153e-01,  1.99964894e-01,  1.73342607e-01],
        ...,
        [-1.79496440e-01, -1.92840544e-01, -1.79275153e-01, ...,
          0.00000000e+00,  2.10709135e-02, -6.02693231e-03],
        [-2.00185282e-01, -2.13473145e-01, -1.99964894e-01, ...,
         -2.10709135e-02,  0.00000000e+00, -2.70961250e-02],
        [-1.73564133e-01, -1.86923234e-01, -1.73342607e-01, ...,
          6.02693231e-03,  2.70961250e-02,  0.00000000e+00]],

       [[ 0.00000000e+00,  2.81563751e-02,  3.57634105e-02, ...,
          9.69359004e-01,  9.59385468e-01,  9.55933014e-01],
        [-2.81563751e-02,  0.00000000e+00,  7.61086840e-03, ...,
          9.62058115e-01,  9.51062232e-01,  9.47287730e-01],
        [-3.57634105e-02, -7.61086840e-03,  0.00000000e+00, ...,
          9.59953666e-01,  9.48682933e-01,  9.44821893e-01],
        ...,
        [-9.69359004e-01, -9.62058115e-01, -9.59953666e-01, ...,
          0.00000000e+00, -3.77831740e-02, -4.97657448e-02],
        [-9.59385468e-01, -9.51062232e-01, -9.48682933e-01, ...,
          3.77831740e-02,  0.00000000e+00, -1.19938526e-02],
        [-9.55933014e-01, -9.47287730e-01, -9.44821893e-01, ...,
          4.97657448e-02,  1.19938526e-02,  0.00000000e+00]],

       ...,

       [[ 0.00000000e+00, -6.91769980e-02, -1.93579425e-02, ...,
         -5.14979297e-02, -3.93499394e-02, -5.03036611e-02],
        [ 6.91769980e-02,  0.00000000e+00,  4.98524668e-02, ...,
          1.77106457e-02,  2.98677470e-02,  1.89062641e-02],
        [ 1.93579425e-02, -4.98524668e-02,  0.00000000e+00, ...,
         -3.21560234e-02, -1.99996163e-02, -3.09608003e-02],
        ...,
        [ 5.14979297e-02, -1.77106457e-02,  3.21560234e-02, ...,
          0.00000000e+00,  1.21603181e-02,  1.19581854e-03],
        [ 3.93499394e-02, -2.98677470e-02,  1.99996163e-02, ...,
         -1.21603181e-02,  0.00000000e+00, -1.09645792e-02],
        [ 5.03036611e-02, -1.89062641e-02,  3.09608003e-02, ...,
         -1.19581854e-03,  1.09645792e-02,  0.00000000e+00]],

       [[ 0.00000000e+00, -3.60138415e-02, -1.14741540e-01, ...,
          9.88559955e-01,  9.80065741e-01,  9.71435586e-01],
        [ 3.60138415e-02,  0.00000000e+00, -7.88911225e-02, ...,
          9.93350579e-01,  9.86584958e-01,  9.79351614e-01],
        [ 1.14741540e-01,  7.88911225e-02,  0.00000000e+00, ...,
          9.99337178e-01,  9.96388877e-01,  9.92248179e-01],
        ...,
        [-9.88559955e-01, -9.93350579e-01, -9.99337178e-01, ...,
          0.00000000e+00, -4.85788486e-02, -8.80685337e-02],
        [-9.80065741e-01, -9.86584958e-01, -9.96388877e-01, ...,
          4.85788486e-02,  0.00000000e+00, -3.95744641e-02],
        [-9.71435586e-01, -9.79351614e-01, -9.92248179e-01, ...,
          8.80685337e-02,  3.95744641e-02,  0.00000000e+00]],

       [[ 0.00000000e+00,  3.57063002e-03,  2.01269791e-02, ...,
          9.10724906e-01,  9.09685474e-01,  9.09619660e-01],
        [-3.57063002e-03,  0.00000000e+00,  1.65569440e-02, ...,
          9.09244382e-01,  9.08196800e-01,  9.08130471e-01],
        [-2.01269791e-02, -1.65569440e-02,  0.00000000e+00, ...,
          9.02227708e-01,  9.01142509e-01,  9.01073807e-01],
        ...,
        [-9.10724906e-01, -9.09244382e-01, -9.02227708e-01, ...,
          0.00000000e+00, -2.50975556e-03, -2.66820329e-03],
        [-9.09685474e-01, -9.08196800e-01, -9.01142509e-01, ...,
          2.50975556e-03,  0.00000000e+00, -1.58448259e-04],
        [-9.09619660e-01, -9.08130471e-01, -9.01073807e-01, ...,
          2.66820329e-03,  1.58448259e-04,  0.00000000e+00]]]), 'num': array([ 7.89799621e-01,  6.13351504e-01,  3.76221998e-05,  3.96334495e-05,
        3.97602089e-05,  3.86193740e-05,  4.05908212e-03, -5.91544022e-07,
        3.99630240e-05,  4.18052611e-05,  4.06763980e-05,  4.20045965e-07,
        4.57063409e-05,  3.79041814e-05])}
{'img': array([[[ 0.00000000e+00, -3.94436005e-02, -1.92282043e-01, ...,
          8.90193778e-01,  9.00644501e-01,  8.84162526e-01],
        [ 3.94436005e-02,  0.00000000e+00, -1.53424838e-01, ...,
          9.07470825e-01,  9.17084097e-01,  9.01901708e-01],
        [ 1.92282043e-01,  1.53424838e-01,  0.00000000e+00, ...,
          9.61182753e-01,  9.67395649e-01,  9.57494009e-01],
        ...,
        [-8.90193778e-01, -9.07470825e-01, -9.61182753e-01, ...,
          0.00000000e+00,  2.34778753e-02, -1.30716206e-02],
        [-9.00644501e-01, -9.17084097e-01, -9.67395649e-01, ...,
         -2.34778753e-02,  0.00000000e+00, -3.65438869e-02],
        [-8.84162526e-01, -9.01901708e-01, -9.57494009e-01, ...,
          1.30716206e-02,  3.65438869e-02,  0.00000000e+00]],

       [[ 0.00000000e+00,  1.38061509e-02, -3.12889498e-03, ...,
          2.13473145e-01,  1.86923234e-01,  1.72541043e-01],
        [-1.38061509e-02,  0.00000000e+00, -1.69346801e-02, ...,
          1.99964894e-01,  1.73342607e-01,  1.58925508e-01],
        [ 3.12889498e-03,  1.69346801e-02,  0.00000000e+00, ...,
          2.16528870e-01,  1.89996065e-01,  1.75622168e-01],
        ...,
        [-2.13473145e-01, -1.99964894e-01, -2.16528870e-01, ...,
          0.00000000e+00, -2.70961250e-02, -4.17077565e-02],
        [-1.86923234e-01, -1.73342607e-01, -1.89996065e-01, ...,
          2.70961250e-02,  0.00000000e+00, -1.46198953e-02],
        [-1.72541043e-01, -1.58925508e-01, -1.75622168e-01, ...,
          4.17077565e-02,  1.46198953e-02,  0.00000000e+00]],

       [[ 0.00000000e+00,  7.61086840e-03, -4.10691407e-02, ...,
          9.51062232e-01,  9.47287730e-01,  9.49192069e-01],
        [-7.61086840e-03,  0.00000000e+00, -4.86723984e-02, ...,
          9.48682933e-01,  9.44821893e-01,  9.46769457e-01],
        [ 4.10691407e-02,  4.86723984e-02,  0.00000000e+00, ...,
          9.62950167e-01,  9.59646409e-01,  9.61315591e-01],
        ...,
        [-9.51062232e-01, -9.48682933e-01, -9.62950167e-01, ...,
          0.00000000e+00, -1.19938526e-02, -5.99697481e-03],
        [-9.47287730e-01, -9.44821893e-01, -9.59646409e-01, ...,
          1.19938526e-02,  0.00000000e+00,  5.99709343e-03],
        [-9.49192069e-01, -9.46769457e-01, -9.61315591e-01, ...,
          5.99697481e-03, -5.99709343e-03,  0.00000000e+00]],

       ...,

       [[ 0.00000000e+00,  4.98524668e-02, -1.70722889e-01, ...,
          2.98677470e-02,  1.89062641e-02,  1.24602116e-01],
        [-4.98524668e-02,  0.00000000e+00, -2.19631198e-01, ...,
         -1.99996163e-02, -3.09608003e-02,  7.49832285e-02],
        [ 1.70722889e-01,  2.19631198e-01,  0.00000000e+00, ...,
          2.00075984e-01,  1.89321077e-01,  2.92165252e-01],
        ...,
        [-2.98677470e-02,  1.99996163e-02, -2.00075984e-01, ...,
          0.00000000e+00, -1.09645792e-02,  9.49115443e-02],
        [-1.89062641e-02,  3.09608003e-02, -1.89321077e-01, ...,
          1.09645792e-02,  0.00000000e+00,  1.05820921e-01],
        [-1.24602116e-01, -7.49832285e-02, -2.92165252e-01, ...,
         -9.49115443e-02, -1.05820921e-01,  0.00000000e+00]],

       [[ 0.00000000e+00, -7.88911225e-02, -1.13903673e-01, ...,
          9.86584958e-01,  9.79351614e-01,  9.75190185e-01],
        [ 7.88911225e-02,  0.00000000e+00, -3.51709793e-02, ...,
          9.96388877e-01,  9.92248179e-01,  9.89614775e-01],
        [ 1.13903673e-01,  3.51709793e-02,  0.00000000e+00, ...,
          9.98758685e-01,  9.96005056e-01,  9.94058159e-01],
        ...,
        [-9.86584958e-01, -9.96388877e-01, -9.98758685e-01, ...,
          0.00000000e+00, -3.95744641e-02, -5.92005568e-02],
        [-9.79351614e-01, -9.92248179e-01, -9.96005056e-01, ...,
          3.95744641e-02,  0.00000000e+00, -1.96491256e-02],
        [-9.75190185e-01, -9.89614775e-01, -9.94058159e-01, ...,
          5.92005568e-02,  1.96491256e-02,  0.00000000e+00]],

       [[ 0.00000000e+00,  1.65569440e-02,  1.19606757e-02, ...,
          9.08196800e-01,  9.08130471e-01,  8.98306451e-01],
        [-1.65569440e-02,  0.00000000e+00, -4.59672346e-03, ...,
          9.01142509e-01,  9.01073807e-01,  8.90908699e-01],
        [-1.19606757e-02,  4.59672346e-03,  0.00000000e+00, ...,
          9.03125774e-01,  9.03057729e-01,  8.92987038e-01],
        ...,
        [-9.08196800e-01, -9.01142509e-01, -9.03125774e-01, ...,
          0.00000000e+00, -1.58448259e-04, -2.30537058e-02],
        [-9.08130471e-01, -9.01073807e-01, -9.03057729e-01, ...,
          1.58448259e-04,  0.00000000e+00, -2.28952994e-02],
        [-8.98306451e-01, -8.90908699e-01, -8.92987038e-01, ...,
          2.30537058e-02,  2.28952994e-02,  0.00000000e+00]]]), 'num': array([ 7.58449762e-01,  6.51719964e-01,  2.37177329e-05,  3.67400338e-05,
        3.78830571e-05,  3.66175670e-05,  3.87745336e-03, -1.55124587e-06,
        3.83321019e-05,  3.99813212e-05,  3.94846504e-05,  2.91408131e-07,
        4.34634767e-05,  3.64991657e-05])}
{'img': array([[[ 0.        , -0.15342484, -0.31007113, ...,  0.9170841 ,
          0.90190171,  0.85413776],
        [ 0.15342484,  0.        , -0.16053695, ...,  0.96739565,
          0.95749401,  0.92381314],
        [ 0.31007113,  0.16053695,  0.        , ...,  0.99550755,
          0.99138254,  0.97329168],
        ...,
        [-0.9170841 , -0.96739565, -0.99550755, ...,  0.        ,
         -0.03654389, -0.13638721],
        [-0.90190171, -0.95749401, -0.99138254, ...,  0.03654389,
          0.        , -0.10009371],
        [-0.85413776, -0.92381314, -0.97329168, ...,  0.13638721,
          0.10009371,  0.        ]],

       [[ 0.        , -0.01693468,  0.02347973, ...,  0.17334261,
          0.15892551,  0.157571  ],
        [ 0.01693468,  0.        ,  0.04040638, ...,  0.18999607,
          0.17562217,  0.17427153],
        [-0.02347973, -0.04040638,  0.        , ...,  0.15017053,
          0.13570038,  0.13434114],
        ...,
        [-0.17334261, -0.18999607, -0.15017053, ...,  0.        ,
         -0.0146199 , -0.01599153],
        [-0.15892551, -0.17562217, -0.13570038, ...,  0.0146199 ,
          0.        , -0.0013718 ],
        [-0.157571  , -0.17427153, -0.13434114, ...,  0.01599153,
          0.0013718 ,  0.        ]],

       [[ 0.        , -0.0486724 , -0.14709336, ...,  0.94482189,
          0.94676946,  0.94000863],
        [ 0.0486724 ,  0.        , -0.09877606, ...,  0.95964641,
          0.96131559,  0.95549915],
        [ 0.14709336,  0.09877606,  0.        , ...,  0.9827302 ,
          0.98382226,  0.97996479],
        ...,
        [-0.94482189, -0.95964641, -0.9827302 , ...,  0.        ,
          0.00599709, -0.01439439],
        [-0.94676946, -0.96131559, -0.98382226, ..., -0.00599709,
          0.        , -0.0203906 ],
        [-0.94000863, -0.95549915, -0.97996479, ...,  0.01439439,
          0.0203906 ,  0.        ]],

       ...,

       [[ 0.        , -0.2196312 , -0.19733929, ..., -0.0309608 ,
          0.07498323, -0.2851529 ],
        [ 0.2196312 ,  0.        ,  0.02279135, ...,  0.18932108,
          0.29216525, -0.06767776],
        [ 0.19733929, -0.02279135,  0.        , ...,  0.16689272,
          0.27029244, -0.09039927],
        ...,
        [ 0.0309608 , -0.18932108, -0.16689272, ...,  0.        ,
          0.10582092, -0.25534083],
        [-0.07498323, -0.29216525, -0.27029244, ..., -0.10582092,
          0.        , -0.35622022],
        [ 0.2851529 ,  0.06767776,  0.09039927, ...,  0.25534083,
          0.35622022,  0.        ]],

       [[ 0.        , -0.03517098, -0.06359204, ...,  0.99224818,
          0.98961478,  0.98177877],
        [ 0.03517098,  0.        , -0.0284529 , ...,  0.99600506,
          0.99405816,  0.98785481],
        [ 0.06359204,  0.0284529 ,  0.        , ...,  0.99814256,
          0.9967528 ,  0.99187586],
        ...,
        [-0.99224818, -0.99600506, -0.99814256, ...,  0.        ,
         -0.01964913, -0.06654673],
        [-0.98961478, -0.99405816, -0.9967528 , ...,  0.01964913,
          0.        , -0.04692831],
        [-0.98177877, -0.98785481, -0.99187586, ...,  0.06654673,
          0.04692831,  0.        ]],

       [[ 0.        , -0.00459672, -0.01294216, ...,  0.90107381,
          0.8909087 ,  0.88438046],
        [ 0.00459672,  0.        , -0.00834569, ...,  0.90305773,
          0.89298704,  0.88651672],
        [ 0.01294216,  0.00834569,  0.        , ...,  0.90661091,
          0.89671218,  0.89034736],
        ...,
        [-0.90107381, -0.90305773, -0.90661091, ...,  0.        ,
         -0.0228953 , -0.03706576],
        [-0.8909087 , -0.89298704, -0.89671218, ...,  0.0228953 ,
          0.        , -0.01417648],
        [-0.88438046, -0.88651672, -0.89034736, ...,  0.03706576,
          0.01417648,  0.        ]]]), 'num': array([7.42297309e-01, 6.70031556e-01, 1.55243293e-05, 3.70783749e-05,
       3.79147292e-05, 3.57242774e-05, 7.23925998e-03, 1.23461828e-06,
       3.71500624e-05, 3.87291790e-05, 3.87265239e-05, 3.38409263e-07,
       4.17908396e-05, 3.56675185e-05])}
{'img': array([[[ 0.00000000e+00, -1.60536949e-01,  1.27535958e-01, ...,
          9.57494009e-01,  9.23813142e-01,  9.52043257e-01],
        [ 1.60536949e-01,  0.00000000e+00,  2.85107791e-01, ...,
          9.91382540e-01,  9.73291685e-01,  9.88813535e-01],
        [-1.27535958e-01, -2.85107791e-01,  0.00000000e+00, ...,
          9.12886913e-01,  8.67442900e-01,  9.05247479e-01],
        ...,
        [-9.57494009e-01, -9.91382540e-01, -9.12886913e-01, ...,
          0.00000000e+00, -1.00093709e-01, -1.83382944e-02],
        [-9.23813142e-01, -9.73291685e-01, -8.67442900e-01, ...,
          1.00093709e-01,  0.00000000e+00,  8.18306770e-02],
        [-9.52043257e-01, -9.88813535e-01, -9.05247479e-01, ...,
          1.83382944e-02, -8.18306770e-02,  0.00000000e+00]],

       [[ 0.00000000e+00,  4.04063761e-02,  3.92629746e-02, ...,
          1.75622168e-01,  1.74271527e-01,  2.64068758e-01],
        [-4.04063761e-02,  0.00000000e+00, -1.14430957e-03, ...,
          1.35700376e-01,  1.34341141e-01,  2.24880995e-01],
        [-3.92629746e-02,  1.14430957e-03,  0.00000000e+00, ...,
          1.36834012e-01,  1.35474990e-01,  2.25995847e-01],
        ...,
        [-1.75622168e-01, -1.35700376e-01, -1.36834012e-01, ...,
          0.00000000e+00, -1.37179633e-03,  9.05762490e-02],
        [-1.74271527e-01, -1.34341141e-01, -1.35474990e-01, ...,
          1.37179633e-03,  0.00000000e+00,  9.19423213e-02],
        [-2.64068758e-01, -2.24880995e-01, -2.25995847e-01, ...,
         -9.05762490e-02, -9.19423213e-02,  0.00000000e+00]],

       [[ 0.00000000e+00, -9.87760589e-02, -1.55088121e-01, ...,
          9.61315591e-01,  9.55499146e-01,  9.49846957e-01],
        [ 9.87760589e-02,  0.00000000e+00, -5.67487601e-02, ...,
          9.83822257e-01,  9.79964789e-01,  9.76090678e-01],
        [ 1.55088121e-01,  5.67487601e-02,  0.00000000e+00, ...,
          9.92403207e-01,  9.89688263e-01,  9.86852820e-01],
        ...,
        [-9.61315591e-01, -9.83822257e-01, -9.92403207e-01, ...,
          0.00000000e+00, -2.03906018e-02, -3.89832290e-02],
        [-9.55499146e-01, -9.79964789e-01, -9.89688263e-01, ...,
          2.03906018e-02,  0.00000000e+00, -1.86000218e-02],
        [-9.49846957e-01, -9.76090678e-01, -9.86852820e-01, ...,
          3.89832290e-02,  1.86000218e-02,  0.00000000e+00]],

       ...,

       [[ 0.00000000e+00,  2.27913509e-02,  3.51335633e-01, ...,
          2.92165252e-01, -6.76777563e-02,  1.15183910e-01],
        [-2.27913509e-02,  0.00000000e+00,  3.29905979e-01, ...,
          2.70292445e-01, -9.03992722e-02,  9.25143343e-02],
        [-3.51335633e-01, -3.29905979e-01,  0.00000000e+00, ...,
         -6.24665103e-02, -4.13893373e-01, -2.41156321e-01],
        ...,
        [-2.92165252e-01, -2.70292445e-01,  6.24665103e-02, ...,
          0.00000000e+00, -3.56220215e-01, -1.80062465e-01],
        [ 6.76777563e-02,  9.03992722e-02,  4.13893373e-01, ...,
          3.56220215e-01,  0.00000000e+00,  1.82147126e-01],
        [-1.15183910e-01, -9.25143343e-02,  2.41156321e-01, ...,
          1.80062465e-01, -1.82147126e-01,  0.00000000e+00]],

       [[ 0.00000000e+00, -2.84529001e-02, -9.54334288e-02, ...,
          9.94058159e-01,  9.87854807e-01,  9.80439650e-01],
        [ 2.84529001e-02,  0.00000000e+00, -6.70717554e-02, ...,
          9.96752804e-01,  9.91875865e-01,  9.85642802e-01],
        [ 9.54334288e-02,  6.70717554e-02,  0.00000000e+00, ...,
          9.99909046e-01,  9.98174481e-01,  9.94747944e-01],
        ...,
        [-9.94058159e-01, -9.96752804e-01, -9.99909046e-01, ...,
          0.00000000e+00, -4.69283091e-02, -8.89293810e-02],
        [-9.87854807e-01, -9.91875865e-01, -9.98174481e-01, ...,
          4.69283091e-02,  0.00000000e+00, -4.20890279e-02],
        [-9.80439650e-01, -9.85642802e-01, -9.94747944e-01, ...,
          8.89293810e-02,  4.20890279e-02,  0.00000000e+00]],

       [[ 0.00000000e+00, -8.34568527e-03, -8.13919491e-04, ...,
          8.92987038e-01,  8.86516718e-01,  8.89737876e-01],
        [ 8.34568527e-03,  0.00000000e+00,  7.53179136e-03, ...,
          8.96712185e-01,  8.90347364e-01,  8.93516460e-01],
        [ 8.13919491e-04, -7.53179136e-03,  0.00000000e+00, ...,
          8.93353073e-01,  8.86893022e-01,  8.90109112e-01],
        ...,
        [-8.92987038e-01, -8.96712185e-01, -8.93353073e-01, ...,
          0.00000000e+00, -1.41764768e-02, -7.16806662e-03],
        [-8.86516718e-01, -8.90347364e-01, -8.86893022e-01, ...,
          1.41764768e-02,  0.00000000e+00,  7.00876633e-03],
