state_0,state_1,state_2,state_3,state_4,state_5,state_6,state_7,state_8,state_9,state_10,state_11,state_12,state_13,state_14,state_15,state_16,state_17,state_18,state_19,state_20,state_21,state_22,state_23,state_24,state_25,state_26,state_27,state_28,state_29,state_30,state_31,state_32,state_33,state_34,state_35,state_36,state_37,state_38,state_39,state_40,state_41,state_42,state_43,state_44,state_45,state_46,state_47,state_48,state_49,state_50,state_51,state_52,state_53,state_54,state_55,state_56,state_57,state_58,state_59,state_60,state_61,state_62,state_63,state_64,state_65,state_66,state_67,state_68,state_69,state_70,state_71,state_72,state_73,state_74,state_75,state_76,state_77,state_78,state_79,state_80,state_81,state_82,state_83,state_84,state_85,state_86,state_87,state_88,state_89,state_90,state_91,state_92,state_93,state_94,state_95,state_96,state_97,state_98,state_99,state_100,state_101,state_102,state_103,state_104,state_105,state_106,state_107,state_108,state_109,state_110,state_111,state_112,state_113,state_114,state_115,state_116,state_117,state_118,state_119,state_120,state_121,state_122,state_123,state_124,state_125,state_126,state_127,state_128,state_129,state_130,state_131,state_132,state_133,state_134,state_135,state_136,state_137,state_138,state_139,state_140,state_141,state_142,state_143,state_144,state_145,state_146,state_147,state_148,state_149,state_150,state_151,state_152,state_153,state_154,state_155,state_156,state_157,state_158,state_159,state_160,state_161,state_162,state_163,state_164,state_165,state_166,state_167,state_168,state_169,state_170,state_171,state_172,state_173,state_174,state_175,state_176,state_177,state_178,state_179,state_180,state_181,state_182,state_183,state_184,state_185,state_186,state_187,state_188,state_189,state_190,state_191,state_192,state_193,state_194,state_195,state_196,state_197,state_198,state_199,state_200,state_201,state_202,state_203,state_204,state_205,state_206,state_207,state_208,state_209,state_210,state_211,state_212,state_213,state_214,state_215,state_216,state_217,state_218,state_219,state_220,state_221,state_222,state_223,state_224,state_225,state_226,state_227,state_228,state_229,state_230,state_231,state_232,state_233,state_234,state_235,state_236,state_237,state_238,state_239,state_240,state_241,state_242,state_243,state_244,state_245,state_246,state_247,state_248,state_249,state_250,state_251,state_252,state_253,state_254,state_255,state_256,state_257,state_258,state_259,state_260,state_261,state_262,state_263,state_264,state_265,state_266,state_267,state_268,state_269,state_270,state_271,state_272,state_273,state_274,state_275,state_276,state_277,state_278,state_279,state_280,state_281,state_282,state_283,state_284,state_285,state_286,state_287
{'img': array([[[ 0.        ,  0.03040516, -0.19282188, ...,  0.80149477,
          0.96359469,  0.92547215],
        [-0.03040516,  0.        , -0.22256731, ...,  0.78294186,
          0.95501984,  0.91352631],
        [ 0.19282188,  0.22256731,  0.        , ...,  0.90176157,
          0.99706592,  0.98114848],
        ...,
        [-0.80149477, -0.78294186, -0.90176157, ...,  0.        ,
          0.36193786,  0.24981522],
        [-0.96359469, -0.95501984, -0.99706592, ..., -0.36193786,
          0.        , -0.11758379],
        [-0.92547215, -0.91352631, -0.98114848, ..., -0.24981522,
          0.11758379,  0.        ]],

       [[ 0.        , -0.10172006,  0.04575273, ...,  0.57555209,
          0.50988079,  0.68178806],
        [ 0.10172006,  0.        ,  0.14712895, ...,  0.65574986,
          0.59474025,  0.75266495],
        [-0.04575273, -0.14712895,  0.        , ...,  0.53753439,
          0.46998829,  0.64760369],
        ...,
        [-0.57555209, -0.65574986, -0.53753439, ...,  0.        ,
         -0.07815312,  0.1364975 ],
        [-0.50988079, -0.59474025, -0.46998829, ...,  0.07815312,
          0.        ,  0.21350165],
        [-0.68178806, -0.75266495, -0.64760369, ..., -0.1364975 ,
         -0.21350165,  0.        ]],

       [[ 0.        ,  0.42938843,  0.500914  , ...,  0.63246838,
          0.65318776,  0.75366114],
        [-0.42938843,  0.        ,  0.08075098, ...,  0.90379313,
          0.91503807,  0.96286759],
        [-0.500914  , -0.08075098,  0.        , ...,  0.93540059,
          0.94462215,  0.98152383],
        ...,
        [-0.63246838, -0.90379313, -0.93540059, ...,  0.        ,
         -0.0270477 , -0.16807732],
        [-0.65318776, -0.91503807, -0.94462215, ...,  0.0270477 ,
          0.        , -0.14135292],
        [-0.75366114, -0.96286759, -0.98152383, ...,  0.16807732,
          0.14135292,  0.        ]],

       ...,

       [[ 0.        ,  0.17851709, -0.17085985, ...,  0.66674833,
          0.80710771,  0.26457134],
        [-0.17851709,  0.        , -0.34400736, ...,  0.52299248,
          0.68874575,  0.08816565],
        [ 0.17085985,  0.34400736,  0.        , ...,  0.78428296,
          0.89611585,  0.42545236],
        ...,
        [-0.66674833, -0.52299248, -0.78428296, ...,  0.        ,
          0.20787259, -0.44580899],
        [-0.80710771, -0.68874575, -0.89611585, ..., -0.20787259,
          0.        , -0.6221433 ],
        [-0.26457134, -0.08816565, -0.42545236, ...,  0.44580899,
          0.6221433 ,  0.        ]],

       [[ 0.        , -0.14093331, -0.28125177, ...,  0.99115731,
          0.9719724 ,  0.91865332],
        [ 0.14093331,  0.        , -0.14320022, ...,  0.96256394,
          0.92913851,  0.85380656],
        [ 0.28125177,  0.14320022,  0.        , ...,  0.9138284 ,
          0.86661689,  0.77045834],
        ...,
        [-0.99115731, -0.96256394, -0.9138284 , ...,  0.        ,
          0.10404313,  0.26967323],
        [-0.9719724 , -0.92913851, -0.86661689, ..., -0.10404313,
          0.        ,  0.16802113],
        [-0.91865332, -0.85380656, -0.77045834, ..., -0.26967323,
         -0.16802113,  0.        ]],

       [[ 0.        ,  0.31216526,  0.40392844, ...,  0.33517112,
          0.18063838,  0.        ],
        [-0.31216526,  0.        ,  0.09817741, ...,  0.61253066,
          0.4786415 ,  0.31216526],
        [-0.40392844, -0.09817741,  0.        , ...,  0.6871755 ,
          0.56252994,  0.40392844],
        ...,
        [-0.33517112, -0.61253066, -0.6871755 , ...,  0.        ,
          0.15946765,  0.33517112],
        [-0.18063838, -0.4786415 , -0.56252994, ..., -0.15946765,
          0.        ,  0.18063838],
        [-0.        , -0.31216526, -0.40392844, ..., -0.33517112,
         -0.18063838,  0.        ]]]), 'num': array([7.64079797e-01, 6.45114288e-01, 2.36511947e-06, 1.02556473e-03,
       1.03779811e-03, 1.00925357e-03, 1.18979781e-03, 1.01944805e-05,
       1.01638970e-03, 1.01042593e-03, 9.78958968e-04, 1.11962502e-06,
       1.04368729e-03, 9.77164573e-04])}
{'img': array([[[ 0.        , -0.22256731, -0.49672836, ...,  0.95501984,
          0.91352631,  0.97743007],
        [ 0.22256731,  0.        , -0.29110158, ...,  0.99706592,
          0.98114848,  0.99993291],
        [ 0.49672836,  0.29110158,  0.        , ...,  0.97616829,
          0.99491401,  0.95325593],
        ...,
        [-0.95501984, -0.99706592, -0.97616829, ...,  0.        ,
         -0.11758379,  0.08809225],
        [-0.91352631, -0.98114848, -0.99491401, ...,  0.11758379,
          0.        ,  0.20460782],
        [-0.97743007, -0.99993291, -0.95325593, ..., -0.08809225,
         -0.20460782,  0.        ]],

       [[ 0.        ,  0.14712895,  0.93469612, ...,  0.59474025,
          0.75266495,  0.63864445],
        [-0.14712895,  0.        ,  0.87222745, ...,  0.46998829,
          0.64760369,  0.51847827],
        [-0.93469612, -0.87222745,  0.        , ..., -0.54001982,
         -0.34787427, -0.4922457 ],
        ...,
        [-0.59474025, -0.46998829,  0.54001982, ...,  0.        ,
          0.21350165,  0.05576393],
        [-0.75266495, -0.64760369,  0.34787427, ..., -0.21350165,
          0.        , -0.15869127],
        [-0.63864445, -0.51847827,  0.4922457 , ..., -0.05576393,
          0.15869127,  0.        ]],

       [[ 0.        ,  0.08075098,  0.18616581, ...,  0.91503807,
          0.96286759,  0.95176884],
        [-0.08075098,  0.        ,  0.10621852, ...,  0.94462215,
          0.98152383,  0.97343635],
        [-0.18616581, -0.10621852,  0.        , ...,  0.97413492,
          0.99629501,  0.992249  ],
        ...,
        [-0.91503807, -0.94462215, -0.97413492, ...,  0.        ,
         -0.14135292, -0.10316427],
        [-0.96286759, -0.98152383, -0.99629501, ...,  0.14135292,
          0.        ,  0.03847028],
        [-0.95176884, -0.97343635, -0.992249  , ...,  0.10316427,
         -0.03847028,  0.        ]],

       ...,

       [[ 0.        , -0.34400736, -0.68396981, ...,  0.68874575,
          0.08816565,  0.45237581],
        [ 0.34400736,  0.        , -0.39126813, ...,  0.89611585,
          0.42545236,  0.73156113],
        [ 0.68396981,  0.39126813,  0.        , ...,  0.99832726,
          0.74562406,  0.93999584],
        ...,
        [-0.68874575, -0.89611585, -0.99832726, ...,  0.        ,
         -0.6221433 , -0.28626853],
        [-0.08816565, -0.42545236, -0.74562406, ...,  0.6221433 ,
          0.        ,  0.37198564],
        [-0.45237581, -0.73156113, -0.93999584, ...,  0.28626853,
         -0.37198564,  0.        ]],

       [[ 0.        , -0.14179566, -0.2237595 , ...,  0.96775637,
          0.95354866,  0.84920613],
        [ 0.14179566,  0.        , -0.08329827, ...,  0.92226147,
          0.90119957,  0.76574888],
        [ 0.2237595 ,  0.08329827,  0.        , ...,  0.88685597,
          0.86196576,  0.70951522],
        ...,
        [-0.96775637, -0.92226147, -0.88685597, ...,  0.        ,
          0.05133843,  0.29712996],
        [-0.95354866, -0.90119957, -0.86196576, ..., -0.05133843,
          0.        ,  0.24771831],
        [-0.84920613, -0.76574888, -0.70951522, ..., -0.29712996,
         -0.24771831,  0.        ]],

       [[ 0.        ,  0.14408957,  0.1279622 , ...,  0.46295862,
          0.40858417,  0.17380681],
        [-0.14408957,  0.        , -0.01627815, ...,  0.58584559,
          0.53583398,  0.31388957],
        [-0.1279622 ,  0.01627815,  0.        , ...,  0.57257578,
          0.52201896,  0.29839253],
        ...,
        [-0.46295862, -0.58584559, -0.57257578, ...,  0.        ,
          0.06039109,  0.30185342],
        [-0.40858417, -0.53583398, -0.52201896, ..., -0.06039109,
          0.        ,  0.24372836],
        [-0.17380681, -0.31388957, -0.29839253, ..., -0.30185342,
         -0.24372836,  0.        ]]]), 'num': array([7.07105460e-01, 7.07105460e-01, 0.00000000e+00, 6.23336869e-04,
       6.27032542e-04, 6.12865795e-04, 8.53133824e-04, 3.69567313e-06,
       6.15575955e-04, 6.11603106e-04, 5.92447201e-04, 7.19196506e-07,
       6.31962785e-04, 5.91243428e-04])}
{'img': array([[[ 0.        , -0.29110158, -0.3137272 , ...,  0.98114848,
          0.99993291,  0.98570392],
        [ 0.29110158,  0.        , -0.02373557, ...,  0.99491401,
          0.95325593,  0.89396846],
        [ 0.3137272 ,  0.02373557,  0.        , ...,  0.99224288,
          0.94581533,  0.88307998],
        ...,
        [-0.98114848, -0.99491401, -0.99224288, ...,  0.        ,
          0.20460782,  0.35580314],
        [-0.99993291, -0.95325593, -0.94581533, ..., -0.20460782,
          0.        ,  0.15705731],
        [-0.98570392, -0.89396846, -0.88307998, ..., -0.35580314,
         -0.15705731,  0.        ]],

       [[ 0.        ,  0.87222745,  0.00499646, ...,  0.64760369,
          0.51847827,  0.72348509],
        [-0.87222745,  0.        , -0.86977279, ..., -0.34787427,
         -0.4922457 , -0.24827659],
        [-0.00499646,  0.86977279,  0.        , ...,  0.64378841,
          0.51419937,  0.7200268 ],
        ...,
        [-0.64760369,  0.34787427, -0.64378841, ...,  0.        ,
         -0.15869127,  0.10421251],
        [-0.51847827,  0.4922457 , -0.51419937, ...,  0.15869127,
          0.        ,  0.26071916],
        [-0.72348509,  0.24827659, -0.7200268 , ..., -0.10421251,
         -0.26071916,  0.        ]],

       [[ 0.        ,  0.10621852,  0.        , ...,  0.98152383,
          0.97343635,  0.95468216],
        [-0.10621852,  0.        , -0.10621852, ...,  0.99629501,
          0.992249  ,  0.98089487],
        [ 0.        ,  0.10621852,  0.        , ...,  0.98152383,
          0.97343635,  0.95468216],
        ...,
        [-0.98152383, -0.99629501, -0.98152383, ...,  0.        ,
          0.03847028,  0.10945941],
        [-0.97343635, -0.992249  , -0.97343635, ..., -0.03847028,
          0.        ,  0.07113926],
        [-0.95468216, -0.98089487, -0.95468216, ..., -0.10945941,
         -0.07113926,  0.        ]],

       ...,

       [[ 0.        , -0.39126813,  0.38626883, ...,  0.42545236,
          0.73156113,  0.85854794],
        [ 0.39126813,  0.        ,  0.71637455, ...,  0.74562406,
          0.93999584,  0.99071788],
        [-0.38626883, -0.71637455,  0.        , ...,  0.04286553,
          0.41143316,  0.59385992],
        ...,
        [-0.42545236, -0.74562406, -0.04286553, ...,  0.        ,
          0.37198564,  0.55882583],
        [-0.73156113, -0.93999584, -0.41143316, ..., -0.37198564,
          0.        ,  0.21024151],
        [-0.85854794, -0.99071788, -0.59385992, ..., -0.55882583,
         -0.21024151,  0.        ]],

       [[ 0.        , -0.08219533, -0.13769817, ...,  0.94932572,
          0.91708263,  0.75903523],
        [ 0.08219533,  0.        , -0.05581988, ...,  0.92027993,
          0.8812084 ,  0.70295361],
        [ 0.13769817,  0.05581988,  0.        , ...,  0.89700497,
          0.85344685,  0.66215651],
        ...,
        [-0.94932572, -0.92027993, -0.89700497, ...,  0.        ,
          0.09025998,  0.37949791],
        [-0.91708263, -0.8812084 , -0.85344685, ..., -0.09025998,
          0.        ,  0.29444102],
        [-0.75903523, -0.70295361, -0.66215651, ..., -0.37949791,
         -0.29444102,  0.        ]],

       [[ 0.        , -0.01617571, -0.05356489, ...,  0.60385354,
          0.5133873 ,  0.31201052],
        [ 0.01617571,  0.        , -0.0374054 , ...,  0.59088095,
          0.49943883,  0.29660151],
        [ 0.05356489,  0.0374054 ,  0.        , ...,  0.5602903 ,
          0.46668318,  0.26067173],
        ...,
        [-0.60385354, -0.59088095, -0.5602903 , ...,  0.        ,
          0.10898256,  0.32500623],
        [-0.5133873 , -0.49943883, -0.46668318, ..., -0.10898256,
          0.        ,  0.22000429],
        [-0.31201052, -0.29660151, -0.26067173, ..., -0.32500623,
         -0.22000429,  0.        ]]]), 'num': array([ 7.07105545e-01,  7.07105545e-01,  0.00000000e+00,  6.15329651e-04,
        6.24568835e-04,  6.12249924e-04,  7.01007684e-04, -8.00729276e-06,
        6.17793434e-04,  6.12527099e-04,  5.93422520e-04,  6.30105266e-07,
        6.31771728e-04,  5.93282471e-04])}
{'img': array([[[ 0.        , -0.02373557, -0.59069278, ...,  0.95325593,
          0.89396846,  0.98753279],
        [ 0.02373557,  0.        , -0.57137421, ...,  0.94581533,
          0.88307998,  0.98351828],
        [ 0.59069278,  0.57137421,  0.        , ...,  0.59069278,
          0.45663298,  0.70385384],
        ...,
        [-0.95325593, -0.94581533, -0.59069278, ...,  0.        ,
          0.15705731, -0.14834168],
        [-0.89396846, -0.88307998, -0.45663298, ..., -0.15705731,
          0.        , -0.30182034],
        [-0.98753279, -0.98351828, -0.70385384, ...,  0.14834168,
          0.30182034,  0.        ]],

       [[ 0.        , -0.86977279, -0.98043829, ..., -0.4922457 ,
         -0.24827659, -0.52315343],
        [ 0.86977279,  0.        , -0.31260514, ...,  0.51419937,
          0.7200268 ,  0.48310254],
        [ 0.98043829,  0.31260514,  0.        , ...,  0.75654159,
          0.90087251,  0.73259671],
        ...,
        [ 0.4922457 , -0.51419937, -0.75654159, ...,  0.        ,
          0.26071916, -0.03587145],
        [ 0.24827659, -0.7200268 , -0.90087251, ..., -0.26071916,
          0.        , -0.29518219],
        [ 0.52315343, -0.48310254, -0.73259671, ...,  0.03587145,
          0.29518219,  0.        ]],

       [[ 0.        , -0.10621852, -0.34786025, ...,  0.992249  ,
          0.98089487,  0.94879047],
        [ 0.10621852,  0.        , -0.24630755, ...,  0.97343635,
          0.95468216,  0.9098679 ],
        [ 0.34786025,  0.24630755,  0.        , ...,  0.88705242,
          0.85196221,  0.77964392],
        ...,
        [-0.992249  , -0.97343635, -0.88705242, ...,  0.        ,
          0.07113926,  0.1955555 ],
        [-0.98089487, -0.95468216, -0.85196221, ..., -0.07113926,
          0.        ,  0.1252943 ],
        [-0.94879047, -0.9098679 , -0.77964392, ..., -0.1955555 ,
         -0.1252943 ,  0.        ]],

       ...,

       [[ 0.        ,  0.71637455,  0.91826703, ...,  0.93999584,
          0.99071788,  0.82581901],
        [-0.71637455,  0.        ,  0.35703264, ...,  0.41143316,
          0.59385992,  0.17219821],
        [-0.91826703, -0.35703264,  0.        , ...,  0.05890258,
          0.26746255, -0.19085045],
        ...,
        [-0.93999584, -0.41143316, -0.05890258, ...,  0.        ,
          0.21024151, -0.24833898],
        [-0.99071788, -0.59385992, -0.26746255, ..., -0.21024151,
          0.        , -0.44644379],
        [-0.82581901, -0.17219821,  0.19085045, ...,  0.24833898,
          0.44644379,  0.        ]],

       [[ 0.        , -0.05581988, -0.08519404, ...,  0.8812084 ,
          0.70295361,  0.77753384],
        [ 0.05581988,  0.        , -0.02944427, ...,  0.85344685,
          0.66215651,  0.74121972],
        [ 0.08519404,  0.02944427,  0.        , ...,  0.83773105,
          0.63980489,  0.72113351],
        ...,
        [-0.8812084 , -0.85344685, -0.83773105, ...,  0.        ,
          0.29444102,  0.18657804],
        [-0.70295361, -0.66215651, -0.63980489, ..., -0.29444102,
          0.        , -0.11096371],
        [-0.77753384, -0.74121972, -0.72113351, ..., -0.18657804,
          0.11096371,  0.        ]],

       [[ 0.        , -0.03685428, -0.29241092, ...,  0.64613168,
          0.5949524 ,  0.29241092],
        [ 0.03685428,  0.        , -0.25696879, ...,  0.61756458,
          0.56492619,  0.25696879],
        [ 0.29241092,  0.25696879,  0.        , ...,  0.39471544,
          0.3339202 ,  0.        ],
        ...,
        [-0.64613168, -0.61756458, -0.39471544, ...,  0.        ,
          0.06525229,  0.39471544],
        [-0.5949524 , -0.56492619, -0.3339202 , ..., -0.06525229,
          0.        ,  0.3339202 ],
        [-0.29241092, -0.25696879, -0.        , ..., -0.39471544,
         -0.3339202 ,  0.        ]]]), 'num': array([ 8.95666967e-01,  4.44719050e-01,  9.13774909e-06,  7.74824600e-04,
        7.91310230e-04,  7.68544360e-04,  8.99094848e-04, -9.42035988e-06,
        7.85029990e-04,  7.81811367e-04,  7.57606276e-04,  8.41779146e-07,
        8.02775637e-04,  7.60847098e-04])}
{'img': array([[[ 0.        , -0.57137421,  0.11171073, ...,  0.88307998,
          0.98351828,  0.99948818],
        [ 0.57137421,  0.        ,  0.65947769, ...,  0.45663298,
          0.70385384,  0.83854809],
        [-0.11171073, -0.65947769,  0.        , ...,  0.92996977,
          0.99756048,  0.98965848],
        ...,
        [-0.88307998, -0.45663298, -0.92996977, ...,  0.        ,
         -0.30182034, -0.4972324 ],
        [-0.98351828, -0.70385384, -0.99756048, ...,  0.30182034,
          0.        , -0.21217931],
        [-0.99948818, -0.83854809, -0.98965848, ...,  0.4972324 ,
          0.21217931,  0.        ]],

       [[ 0.        , -0.31260514,  0.24952567, ...,  0.7200268 ,
          0.48310254,  0.49090874],
        [ 0.31260514,  0.        ,  0.53973711, ...,  0.90087251,
          0.73259671,  0.73865099],
        [-0.24952567, -0.53973711,  0.        , ...,  0.52409365,
          0.2493455 ,  0.2579909 ],
        ...,
        [-0.7200268 , -0.90087251, -0.52409365, ...,  0.        ,
         -0.29518219, -0.28663099],
        [-0.48310254, -0.73259671, -0.2493455 , ...,  0.29518219,
          0.        ,  0.00893766],
        [-0.49090874, -0.73865099, -0.2579909 , ...,  0.28663099,
         -0.00893766,  0.        ]],

       [[ 0.        , -0.24630755, -0.48568652, ...,  0.95468216,
          0.9098679 ,  0.9488289 ],
        [ 0.24630755,  0.        , -0.25541778, ...,  0.85196221,
          0.77964392,  0.8418155 ],
        [ 0.48568652,  0.25541778,  0.        , ...,  0.68996569,
          0.59383522,  0.67602746],
        ...,
        [-0.95468216, -0.85196221, -0.68996569, ...,  0.        ,
          0.1252943 ,  0.01908234],
        [-0.9098679 , -0.77964392, -0.59383522, ..., -0.1252943 ,
          0.        , -0.10633952],
        [-0.9488289 , -0.8418155 , -0.67602746, ..., -0.01908234,
          0.10633952,  0.        ]],

       ...,

       [[ 0.        ,  0.37614095,  0.62586584, ...,  0.61712739,
          0.18367304,  0.35272608],
        [-0.37614095,  0.        ,  0.2865399 , ...,  0.27583557,
         -0.19955728, -0.02514237],
        [-0.62586584, -0.2865399 ,  0.        , ..., -0.01115421,
         -0.47196599, -0.31053742],
        ...,
        [-0.61712739, -0.27583557,  0.01115421, ...,  0.        ,
         -0.46210288, -0.29991534],
        [-0.18367304,  0.19955728,  0.47196599, ...,  0.46210288,
          0.        ,  0.17485754],
        [-0.35272608,  0.02514237,  0.31053742, ...,  0.29991534,
         -0.17485754,  0.        ]],

       [[ 0.        , -0.02944427, -0.20458658, ...,  0.66215651,
          0.74121972,  0.88830009],
        [ 0.02944427,  0.        , -0.1756764 , ...,  0.63980489,
          0.72113351,  0.87439227],
        [ 0.20458658,  0.1756764 ,  0.        , ...,  0.49484074,
          0.58821049,  0.77555204],
        ...,
        [-0.66215651, -0.63980489, -0.49484074, ...,  0.        ,
         -0.11096371, -0.3615572 ],
        [-0.74121972, -0.72113351, -0.58821049, ...,  0.11096371,
          0.        , -0.25586738],
        [-0.88830009, -0.87439227, -0.77555204, ...,  0.3615572 ,
          0.25586738,  0.        ]],

       [[ 0.        , -0.25065216, -0.03448126, ...,  0.72729306,
          0.64531363,  0.25065216],
        [ 0.25065216,  0.        ,  0.21712258, ...,  0.53204649,
          0.43323579,  0.        ],
        [ 0.03448126, -0.21712258,  0.        , ...,  0.70319515,
          0.61858904,  0.21712258],
        ...,
        [-0.72729306, -0.53204649, -0.70319515, ...,  0.        ,
          0.11269588,  0.53204649],
        [-0.64531363, -0.43323579, -0.61858904, ..., -0.11269588,
          0.        ,  0.43323579],
        [-0.25065216, -0.        , -0.21712258, ..., -0.53204649,
         -0.43323579,  0.        ]]]), 'num': array([7.73890976e-01, 6.33315424e-01, 2.83418450e-06, 6.72610294e-04,
       6.73966363e-04, 6.67864052e-04, 8.47014346e-04, 3.39017285e-06,
       6.77492143e-04, 6.76237779e-04, 6.55523823e-04, 6.90990645e-07,
       6.91266764e-04, 6.61208794e-04])}
{'img': array([[[ 0.        ,  0.65947769,  0.73064401, ...,  0.70385384,
          0.83854809,  0.78946693],
        [-0.65947769,  0.        ,  0.09897866, ...,  0.99756048,
          0.98965848,  0.9982442 ],
        [-0.73064401, -0.09897866,  0.        , ...,  0.99957147,
          0.97060095,  0.9874796 ],
        ...,
        [-0.70385384, -0.99756048, -0.99957147, ...,  0.        ,
         -0.21217931, -0.12877312],
        [-0.83854809, -0.98965848, -0.97060095, ...,  0.21217931,
          0.        ,  0.08457168],
        [-0.78946693, -0.9982442 , -0.9874796 , ...,  0.12877312,
         -0.08457168,  0.        ]],

       [[ 0.        ,  0.53973711,  0.05242151, ...,  0.73259671,
          0.73865099,  0.81816269],
        [-0.53973711,  0.        , -0.4948648 , ...,  0.2493455 ,
          0.2579909 ,  0.37841515],
        [-0.05242151,  0.4948648 ,  0.        , ...,  0.69590805,
          0.70229866,  0.78689607],
        ...,
        [-0.73259671, -0.2493455 , -0.69590805, ...,  0.        ,
          0.00893766,  0.13565959],
        [-0.73865099, -0.2579909 , -0.70229866, ..., -0.00893766,
          0.        ,  0.12679914],
        [-0.81816269, -0.37841515, -0.78689607, ..., -0.13565959,
         -0.12679914,  0.        ]],

       [[ 0.        , -0.25541778, -0.44270632, ...,  0.77964392,
          0.8418155 ,  0.85520943],
        [ 0.25541778,  0.        , -0.19899749, ...,  0.59383522,
          0.67602746,  0.69446421],
        [ 0.44270632,  0.19899749,  0.        , ...,  0.42184779,
          0.51587035,  0.53739082],
        ...,
        [-0.77964392, -0.59383522, -0.42184779, ...,  0.        ,
         -0.10633952, -0.13147604],
        [-0.8418155 , -0.67602746, -0.51587035, ...,  0.10633952,
          0.        , -0.02531413],
        [-0.85520943, -0.69446421, -0.53739082, ...,  0.13147604,
          0.02531413,  0.        ]],

       ...,

       [[ 0.        ,  0.2865399 ,  0.23089517, ..., -0.19955728,
         -0.02514237, -0.21399065],
        [-0.2865399 ,  0.        , -0.05758386, ..., -0.47196599,
         -0.31053742, -0.48492007],
        [-0.23089517,  0.05758386,  0.        , ..., -0.42041595,
         -0.25528516, -0.43375498],
        ...,
        [ 0.19955728,  0.47196599,  0.42041595, ...,  0.        ,
          0.17485754, -0.0147518 ],
        [ 0.02514237,  0.31053742,  0.25528516, ..., -0.17485754,
          0.        , -0.18936304],
        [ 0.21399065,  0.48492007,  0.43375498, ...,  0.0147518 ,
          0.18936304,  0.        ]],

       [[ 0.        , -0.1756764 , -0.36491709, ...,  0.72113351,
          0.87439227,  0.93493744],
        [ 0.1756764 ,  0.        , -0.19568013, ...,  0.58821049,
          0.77555204,  0.85806506],
        [ 0.36491709,  0.19568013,  0.        , ...,  0.41859101,
          0.63702923,  0.74098699],
        ...,
        [-0.72113351, -0.58821049, -0.41859101, ...,  0.        ,
         -0.25586738, -0.39185378],
        [-0.87439227, -0.77555204, -0.63702923, ...,  0.25586738,
          0.        , -0.14340468],
        [-0.93493744, -0.85806506, -0.74098699, ...,  0.39185378,
          0.14340468,  0.        ]],

       [[ 0.        ,  0.21201429,  0.29680273, ...,  0.58387941,
          0.42345783,  0.        ],
        [-0.21201429,  0.        ,  0.08759471, ...,  0.74272759,
          0.60589828,  0.21201429],
        [-0.29680273, -0.08759471,  0.        , ...,  0.79852556,
          0.67325461,  0.29680273],
        ...,
        [-0.58387941, -0.74272759, -0.79852556, ...,  0.        ,
          0.18516542,  0.58387941],
        [-0.42345783, -0.60589828, -0.67325461, ..., -0.18516542,
          0.        ,  0.42345783],
        [-0.        , -0.21201429, -0.29680273, ..., -0.58387941,
         -0.42345783,  0.        ]]]), 'num': array([8.84153213e-01, 4.67190878e-01, 8.27306219e-06, 7.75022926e-04,
       7.78098414e-04, 7.60414359e-04, 1.04054517e-03, 1.23019512e-05,
       7.68564402e-04, 7.67218876e-04, 7.45049735e-04, 7.48368699e-07,
       7.84631916e-04, 7.49805836e-04])}
{'img': array([[[ 0.        ,  0.38894769,  0.80700019, ...,  0.87709608,
          0.82913049,  0.58501341],
        [-0.38894769,  0.        ,  0.51376335, ...,  0.99485079,
          0.98128782,  0.85439512],
        [-0.80700019, -0.51376335,  0.        , ...,  0.90558439,
          0.94080158,  0.99997657],
        ...,
        [-0.87709608, -0.99485079, -0.90558439, ...,  0.        ,
          0.09210127,  0.43035495],
        [-0.82913049, -0.98128782, -0.94080158, ..., -0.09210127,
          0.        ,  0.34538968],
        [-0.58501341, -0.85439512, -0.99997657, ..., -0.43035495,
         -0.34538968,  0.        ]],

       [[ 0.        , -0.4948648 ,  0.68735229, ...,  0.2579909 ,
          0.37841515,  0.4912282 ],
        [ 0.4948648 ,  0.        ,  0.95672078, ...,  0.70229866,
          0.78689607,  0.8579051 ],
        [-0.68735229, -0.95672078,  0.        , ..., -0.47669856,
         -0.36138593, -0.24191417],
        ...,
        [-0.2579909 , -0.70229866,  0.47669856, ...,  0.        ,
          0.12679914,  0.24988077],
        [-0.37841515, -0.78689607,  0.36138593, ..., -0.12679914,
          0.        ,  0.1250872 ],
        [-0.4912282 , -0.8579051 ,  0.24191417, ..., -0.24988077,
         -0.1250872 ,  0.        ]],

       [[ 0.        , -0.19899749,  0.24807436, ...,  0.67602746,
          0.69446421,  0.6853949 ],
        [ 0.19899749,  0.        ,  0.43588989, ...,  0.51587035,
          0.53739082,  0.52678269],
        [-0.24807436, -0.43588989,  0.        , ...,  0.83769566,
          0.85125221,  0.84461083],
        ...,
        [-0.67602746, -0.51587035, -0.83769566, ...,  0.        ,
         -0.02531413, -0.01278737],
        [-0.69446421, -0.53739082, -0.85125221, ...,  0.02531413,
          0.        ,  0.01252879],
        [-0.6853949 , -0.52678269, -0.84461083, ...,  0.01278737,
         -0.01252879,  0.        ]],

       ...,

       [[ 0.        , -0.05758386,  0.16783551, ..., -0.31053742,
         -0.48492007, -0.6414124 ],
        [ 0.05758386,  0.        ,  0.22432405, ..., -0.25528516,
         -0.43375498, -0.59616997],
        [-0.16783551, -0.22432405,  0.        , ..., -0.46567037,
         -0.62482345, -0.76107676],
        ...,
        [ 0.31053742,  0.25528516,  0.46567037, ...,  0.        ,
         -0.18936304, -0.37145856],
        [ 0.48492007,  0.43375498,  0.62482345, ...,  0.18936304,
          0.        , -0.18892378],
        [ 0.6414124 ,  0.59616997,  0.76107676, ...,  0.37145856,
          0.18892378,  0.        ]],

       [[ 0.        , -0.19568013, -0.25394285, ...,  0.77555204,
          0.85806506,  0.8361404 ],
        [ 0.19568013,  0.        , -0.05976798, ...,  0.63702923,
          0.74098699,  0.71264237],
        [ 0.25394285,  0.05976798,  0.        , ...,  0.58981888,
          0.69952697,  0.66943949],
        ...,
        [-0.77555204, -0.63702923, -0.58981888, ...,  0.        ,
         -0.14340468, -0.10243946],
        [-0.85806506, -0.74098699, -0.69952697, ...,  0.14340468,
          0.        ,  0.0412696 ],
        [-0.8361404 , -0.71264237, -0.66943949, ...,  0.10243946,
         -0.0412696 ,  0.        ]],

       [[ 0.        ,  0.21131151,  0.24275453, ...,  0.42634256,
          0.02391117,  0.        ],
        [-0.21131151,  0.        ,  0.03228212, ...,  0.60785954,
          0.23462233,  0.21131151],
        [-0.24275453, -0.03228212,  0.        , ...,  0.63317616,
          0.26588106,  0.24275453],
        ...,
        [-0.42634256, -0.60785954, -0.63317616, ...,  0.        ,
          0.40459153,  0.42634256],
        [-0.02391117, -0.23462233, -0.26588106, ..., -0.40459153,
          0.        ,  0.02391117],
        [-0.        , -0.21131151, -0.24275453, ..., -0.42634256,
         -0.02391117,  0.        ]]]), 'num': array([ 8.19356766e-01,  5.73278776e-01,  4.89220655e-06,  7.17428541e-04,
        7.25986336e-04,  6.90328854e-04,  1.38141365e-03, -1.42629929e-06,
        7.12008603e-04,  7.12222548e-04,  6.92396988e-04,  7.13149643e-07,
        7.28290429e-04,  6.96154668e-04])}
{'img': array([[[ 0.        ,  0.75498878,  0.39650448, ...,  0.84103314,
          0.59560335,  0.6374499 ],
        [-0.75498878,  0.        , -0.43310152, ...,  0.95993369,
          0.99702597,  0.99971261],
        [-0.39650448,  0.43310152,  0.        , ...,  0.98659842,
          0.865287  ,  0.89070336],
        ...,
        [-0.84103314, -0.95993369, -0.98659842, ...,  0.        ,
          0.35337235,  0.30315919],
        [-0.59560335, -0.99702597, -0.865287  , ..., -0.35337235,
          0.        , -0.05314243],
        [-0.6374499 , -0.99971261, -0.89070336, ..., -0.30315919,
          0.05314243,  0.        ]],

       [[ 0.        ,  0.95672078, -0.00373273, ...,  0.78689607,
          0.8579051 ,  0.97154975],
        [-0.95672078,  0.        , -0.95780037, ..., -0.36138593,
         -0.24191417,  0.50931372],
        [ 0.00373273,  0.95780037,  0.        , ...,  0.78919401,
          0.85981703,  0.97065894],
        ...,
        [-0.78689607,  0.36138593, -0.78919401, ...,  0.        ,
          0.1250872 ,  0.78589427],
        [-0.8579051 ,  0.24191417, -0.85981703, ..., -0.1250872 ,
          0.        ,  0.70237263],
        [-0.97154975, -0.50931372, -0.97065894, ..., -0.78589427,
         -0.70237263,  0.        ]],

       [[ 0.        ,  0.43588989,  0.52678269, ...,  0.53739082,
          0.52678269,  0.55776339],
        [-0.43588989,  0.        ,  0.10359801, ...,  0.85125221,
          0.84461083,  0.86377566],
        [-0.52678269, -0.10359801,  0.        , ...,  0.90103559,
          0.89553057,  0.91132851],
        ...,
        [-0.53739082, -0.85125221, -0.90103559, ...,  0.        ,
          0.01252879, -0.02434608],
        [-0.52678269, -0.84461083, -0.89553057, ..., -0.01252879,
          0.        , -0.03686925],
        [-0.55776339, -0.86377566, -0.91132851, ...,  0.02434608,
          0.03686925,  0.        ]],

       ...,

       [[ 0.        ,  0.22432405, -0.07281313, ..., -0.43375498,
         -0.59616997, -0.50032666],
        [-0.22432405,  0.        , -0.29468606, ..., -0.62482345,
         -0.76107676, -0.68180364],
        [ 0.07281313,  0.29468606,  0.        , ..., -0.36699674,
         -0.53612888, -0.43595432],
        ...,
        [ 0.43375498,  0.62482345,  0.36699674, ...,  0.        ,
         -0.18892378, -0.07524878],
        [ 0.59616997,  0.76107676,  0.53612888, ...,  0.18892378,
          0.        ,  0.11449446],
        [ 0.50032666,  0.68180364,  0.43595432, ...,  0.07524878,
         -0.11449446,  0.        ]],

       [[ 0.        , -0.05976798, -0.31523154, ...,  0.74098699,
          0.71264237,  0.68900314],
        [ 0.05976798,  0.        , -0.25794729, ...,  0.69952697,
          0.66943949,  0.64445406],
        [ 0.31523154,  0.25794729,  0.        , ...,  0.49152353,
          0.45516455,  0.42540748],
        ...,
        [-0.74098699, -0.69952697, -0.49152353, ...,  0.        ,
          0.0412696 ,  0.07435756],
        [-0.71264237, -0.66943949, -0.45516455, ..., -0.0412696 ,
          0.        ,  0.03313885],
        [-0.68900314, -0.64445406, -0.42540748, ..., -0.07435756,
         -0.03313885,  0.        ]],

       [[ 0.        ,  0.12108285,  0.18323663, ...,  0.1764991 ,
          0.17489128,  0.        ],
        [-0.12108285,  0.        ,  0.06285567, ...,  0.29438244,
          0.2928212 ,  0.12108285],
        [-0.18323663, -0.06285567,  0.        , ...,  0.35387073,
          0.35234271,  0.18323663],
        ...,
        [-0.1764991 , -0.29438244, -0.35387073, ...,  0.        ,
          0.00163322,  0.1764991 ],
        [-0.17489128, -0.2928212 , -0.35234271, ..., -0.00163322,
          0.        ,  0.17489128],
        [-0.        , -0.12108285, -0.18323663, ..., -0.1764991 ,
         -0.17489128,  0.        ]]]), 'num': array([8.09033047e-01, 5.87759268e-01, 4.37299960e-06, 7.11491252e-04,
       7.17115689e-04, 7.03054597e-04, 7.81023352e-04, 4.21832758e-06,
       7.03757652e-04, 7.03160055e-04, 6.83931512e-04, 7.30806752e-07,
       7.18648174e-04, 6.87671937e-04])}
{'img': array([[[ 0.        , -0.68717098,  0.        , ...,  0.98703403,
          0.99430464,  0.9599196 ],
        [ 0.68717098,  0.        ,  0.68717098, ...,  0.60677741,
          0.64912265,  0.50478028],
        [ 0.        , -0.68717098,  0.        , ...,  0.98703403,
          0.99430464,  0.9599196 ],
        ...,
        [-0.98703403, -0.60677741, -0.98703403, ...,  0.        ,
         -0.05440356,  0.1225637 ],
        [-0.99430464, -0.64912265, -0.99430464, ...,  0.05440356,
          0.        ,  0.17637558],
        [-0.9599196 , -0.50478028, -0.9599196 , ..., -0.1225637 ,
         -0.17637558,  0.        ]],

       [[ 0.        , -0.95780037, -0.55310358, ..., -0.24191417,
          0.50931372, -0.51396117],
        [ 0.95780037,  0.        ,  0.63897454, ...,  0.85981703,
          0.97065894,  0.673884  ],
        [ 0.55310358, -0.63897454,  0.        , ...,  0.33513339,
          0.90030602,  0.04627222],
        ...,
        [ 0.24191417, -0.85981703, -0.33513339, ...,  0.        ,
          0.70237263, -0.29117809],
        [-0.50931372, -0.97065894, -0.90030602, ..., -0.70237263,
          0.        , -0.87920134],
        [ 0.51396117, -0.673884  , -0.04627222, ...,  0.29117809,
          0.87920134,  0.        ]],

       [[ 0.        ,  0.3201454 ,  0.60924447, ...,  0.5393132 ,
          0.5708525 ,  0.49888765],
        [-0.3201454 ,  0.        ,  0.32330929, ...,  0.78052442,
          0.80366385,  0.75008975],
        [-0.60924447, -0.32330929,  0.        , ...,  0.94071388,
          0.95289779,  0.92362103],
        ...,
        [-0.5393132 , -0.78052442, -0.94071388, ...,  0.        ,
         -0.03791337,  0.04728885],
        [-0.5708525 , -0.80366385, -0.95289779, ...,  0.03791337,
          0.        ,  0.08512581],
        [-0.49888765, -0.75008975, -0.92362103, ..., -0.04728885,
         -0.08512581,  0.        ]],

       ...,

       [[ 0.        , -0.29468606,  0.05967919, ..., -0.76107676,
         -0.68180364, -0.56396549],
        [ 0.29468606,  0.        ,  0.35118989, ..., -0.53612888,
         -0.43595432, -0.29557084],
        [-0.05967919, -0.35118989,  0.        , ..., -0.79843183,
         -0.72424583, -0.61224326],
        ...,
        [ 0.76107676,  0.53612888,  0.79843183, ...,  0.        ,
          0.11449446,  0.26267305],
        [ 0.68180364,  0.43595432,  0.72424583, ..., -0.11449446,
          0.        ,  0.15047171],
        [ 0.56396549,  0.29557084,  0.61224326, ..., -0.26267305,
         -0.15047171,  0.        ]],

       [[ 0.        , -0.25794729,  0.12219764, ...,  0.66943949,
          0.64445406,  0.60803209],
        [ 0.25794729,  0.        ,  0.37407653, ...,  0.45516455,
          0.42540748,  0.3826681 ],
        [-0.12219764, -0.37407653,  0.        , ...,  0.75519911,
          0.73306196,  0.7004896 ],
        ...,
        [-0.66943949, -0.45516455, -0.75519911, ...,  0.        ,
          0.03313885,  0.07978962],
        [-0.64445406, -0.42540748, -0.73306196, ..., -0.03313885,
          0.        ,  0.0467126 ],
        [-0.60803209, -0.3826681 , -0.7004896 , ..., -0.07978962,
         -0.0467126 ,  0.        ]],

       [[ 0.        ,  0.06820287, -0.10438801, ...,  0.39729312,
          0.34556647,  0.10438801],
        [-0.06820287,  0.        , -0.17197519, ...,  0.45895722,
          0.40876299,  0.17197519],
        [ 0.10438801,  0.17197519,  0.        , ...,  0.29932655,
          0.24572141,  0.        ],
        ...,
        [-0.39729312, -0.45895722, -0.29932655, ...,  0.        ,
          0.05569409,  0.29932655],
        [-0.34556647, -0.40876299, -0.24572141, ..., -0.05569409,
          0.        ,  0.24572141],
        [-0.10438801, -0.17197519, -0.        , ..., -0.29932655,
         -0.24572141,  0.        ]]]), 'num': array([7.44699069e-01, 6.67397703e-01, 1.52769496e-06, 6.55096315e-04,
       6.56390972e-04, 6.39560434e-04, 5.01627704e-04, 0.00000000e+00,
       6.51212345e-04, 6.47975703e-04, 6.30724402e-04, 6.09802092e-07,
       6.62525479e-04, 6.33425927e-04])}
{'img': array([[[ 0.        ,  0.68717098,  0.80759055, ...,  0.64912265,
          0.50478028,  0.50478028],
        [-0.68717098,  0.        ,  0.1814564 , ...,  0.99430464,
          0.9599196 ,  0.9599196 ],
        [-0.80759055, -0.1814564 ,  0.        , ...,  0.99713694,
          0.99484175,  0.99484175],
        ...,
        [-0.64912265, -0.99430464, -0.99713694, ...,  0.        ,
          0.17637558,  0.17637558],
        [-0.50478028, -0.9599196 , -0.99484175, ..., -0.17637558,
          0.        ,  0.        ],
        [-0.50478028, -0.9599196 , -0.99484175, ..., -0.17637558,
          0.        ,  0.        ]],

       [[ 0.        ,  0.63897454,  0.11735244, ...,  0.97065894,
          0.673884  ,  0.26453831],
