state_0,state_1,state_2,state_3,state_4,state_5,state_6,state_7,state_8,state_9,state_10,state_11,state_12,state_13,state_14,state_15,state_16,state_17,state_18,state_19,state_20,state_21,state_22,state_23,state_24,state_25,state_26,state_27,state_28,state_29,state_30,state_31,state_32,state_33,state_34,state_35,state_36,state_37,state_38,state_39,state_40,state_41,state_42,state_43,state_44,state_45,state_46,state_47,state_48,state_49,state_50,state_51,state_52,state_53,state_54,state_55,state_56,state_57,state_58,state_59,state_60,state_61,state_62,state_63,state_64,state_65,state_66,state_67,state_68,state_69,state_70,state_71,state_72,state_73,state_74,state_75,state_76,state_77,state_78,state_79,state_80,state_81,state_82,state_83,state_84,state_85,state_86,state_87,state_88,state_89,state_90,state_91,state_92,state_93,state_94,state_95,state_96,state_97,state_98,state_99,state_100,state_101,state_102,state_103,state_104,state_105,state_106,state_107,state_108,state_109,state_110,state_111,state_112,state_113,state_114,state_115,state_116,state_117,state_118,state_119,state_120,state_121,state_122,state_123,state_124,state_125,state_126,state_127,state_128,state_129,state_130,state_131,state_132,state_133,state_134,state_135,state_136,state_137,state_138,state_139,state_140,state_141,state_142,state_143,state_144,state_145,state_146,state_147,state_148,state_149,state_150,state_151,state_152,state_153,state_154,state_155,state_156,state_157,state_158,state_159,state_160,state_161,state_162,state_163,state_164,state_165,state_166,state_167,state_168,state_169,state_170,state_171,state_172,state_173,state_174,state_175,state_176,state_177,state_178,state_179,state_180,state_181,state_182,state_183,state_184,state_185,state_186,state_187,state_188,state_189,state_190,state_191,state_192,state_193,state_194,state_195,state_196,state_197,state_198,state_199,state_200,state_201,state_202,state_203,state_204,state_205,state_206,state_207,state_208,state_209,state_210,state_211,state_212,state_213,state_214,state_215,state_216,state_217,state_218,state_219,state_220,state_221,state_222,state_223,state_224,state_225,state_226,state_227,state_228,state_229,state_230,state_231,state_232,state_233,state_234,state_235,state_236,state_237,state_238,state_239,state_240,state_241,state_242,state_243,state_244,state_245,state_246,state_247,state_248,state_249,state_250,state_251,state_252,state_253,state_254,state_255,state_256,state_257,state_258,state_259,state_260,state_261,state_262,state_263,state_264,state_265,state_266,state_267,state_268,state_269,state_270,state_271,state_272,state_273,state_274,state_275,state_276,state_277,state_278,state_279,state_280,state_281,state_282,state_283,state_284,state_285,state_286,state_287
{'img': array([[[ 0.        ,  0.18556658,  0.14079749, ...,  0.53708841,
          0.89480286,  0.83687714],
        [-0.18556658,  0.        , -0.04536597, ...,  0.37122987,
          0.79641332,  0.72076457],
        [-0.14079749,  0.04536597,  0.        , ...,  0.41297182,
          0.82302855,  0.75146927],
        ...,
        [-0.53708841, -0.37122987, -0.41297182, ...,  0.        ,
          0.51500016,  0.41193035],
        [-0.89480286, -0.79641332, -0.82302855, ..., -0.51500016,
          0.        , -0.11617343],
        [-0.83687714, -0.72076457, -0.75146927, ..., -0.41193035,
          0.11617343,  0.        ]],

       [[ 0.        , -0.03297431, -0.14948145, ...,  0.35665998,
          0.40549568,  0.01750067],
        [ 0.03297431,  0.        , -0.11679633, ...,  0.38727176,
          0.43541688,  0.05046041],
        [ 0.14948145,  0.11679633,  0.        , ...,  0.49230343,
          0.53758028,  0.16676259],
        ...,
        [-0.35665998, -0.38727176, -0.49230343, ...,  0.        ,
          0.05280615, -0.34025564],
        [-0.40549568, -0.43541688, -0.53758028, ..., -0.05280615,
          0.        , -0.38943627],
        [-0.01750067, -0.05046041, -0.16676259, ...,  0.34025564,
          0.38943627,  0.        ]],

       [[ 0.        ,  0.14365142,  0.3279804 , ...,  0.68493043,
          0.81710355,  0.90138603],
        [-0.14365142,  0.        ,  0.18887342, ...,  0.57316093,
          0.7258151 ,  0.82983375],
        [-0.3279804 , -0.18887342,  0.        , ...,  0.40807389,
          0.58282736,  0.70950454],
        ...,
        [-0.68493043, -0.57316093, -0.40807389, ...,  0.        ,
          0.20049239,  0.36017137],
        [-0.81710355, -0.7258151 , -0.58282736, ..., -0.20049239,
          0.        ,  0.16582161],
        [-0.90138603, -0.82983375, -0.70950454, ..., -0.36017137,
         -0.16582161,  0.        ]],

       ...,

       [[ 0.        ,  0.16730443,  0.35902544, ..., -0.18305505,
          0.27903235,  0.24678375],
        [-0.16730443,  0.        ,  0.19781521, ..., -0.34495237,
          0.11444009,  0.0811756 ],
        [-0.35902544, -0.19781521,  0.        , ..., -0.52380923,
         -0.08433692, -0.11759087],
        ...,
        [ 0.18305505,  0.34495237,  0.52380923, ...,  0.        ,
          0.45010186,  0.42000702],
        [-0.27903235, -0.11444009,  0.08433692, ..., -0.45010186,
          0.        , -0.03342012],
        [-0.24678375, -0.0811756 ,  0.11759087, ..., -0.42000702,
          0.03342012,  0.        ]],

       [[ 0.        , -0.11645114, -0.33406462, ...,  0.81178447,
          0.78118138,  0.75323598],
        [ 0.11645114,  0.        , -0.22203074, ...,  0.87426391,
          0.84856748,  0.82470707],
        [ 0.33406462,  0.22203074,  0.        , ...,  0.96022702,
          0.94486057,  0.92969384],
        ...,
        [-0.81178447, -0.87426391, -0.96022702, ...,  0.        ,
         -0.05062393, -0.09409398],
        [-0.78118138, -0.84856748, -0.94486057, ...,  0.05062393,
          0.        , -0.043574  ],
        [-0.75323598, -0.82470707, -0.92969384, ...,  0.09409398,
          0.043574  ,  0.        ]],

       [[ 0.        ,  0.64350083,  0.87965828, ...,  0.98756694,
          0.98969657,  0.9908063 ],
        [-0.64350083,  0.        ,  0.36727737, ...,  0.65477087,
          0.66542185,  0.67135014],
        [-0.87965828, -0.36727737,  0.        , ...,  0.33141157,
          0.34475586,  0.35222639],
        ...,
        [-0.98756694, -0.65477087, -0.33141157, ...,  0.        ,
          0.01417891,  0.02214776],
        [-0.98969657, -0.66542185, -0.34475586, ..., -0.01417891,
          0.        ,  0.0079701 ],
        [-0.9908063 , -0.67135014, -0.35222639, ..., -0.02214776,
         -0.0079701 ,  0.        ]]]), 'num': array([ 7.42026489e-01,  6.70142707e-01,  9.57174200e-07,  7.18837824e-04,
        7.45638702e-04,  7.08308908e-04,  1.73561143e-02, -2.68008776e-05,
        7.13669083e-04,  7.21087183e-04,  7.36210536e-04,  4.18763712e-07,
        8.24814619e-04,  6.17359747e-04])}
{'img': array([[[ 0.        , -0.04536597, -0.65833248, ...,  0.79641332,
          0.72076457,  0.56346642],
        [ 0.04536597,  0.        , -0.62350648, ...,  0.82302855,
          0.75146927,  0.60036489],
        [ 0.65833248,  0.62350648,  0.        , ...,  0.99761037,
          0.99888202,  0.96801065],
        ...,
        [-0.79641332, -0.82302855, -0.99761037, ...,  0.        ,
         -0.11617343, -0.31719025],
        [-0.72076457, -0.75146927, -0.99888202, ...,  0.11617343,
          0.        , -0.20486808],
        [-0.56346642, -0.60036489, -0.96801065, ...,  0.31719025,
          0.20486808,  0.        ]],

       [[ 0.        , -0.11679633,  0.20926394, ...,  0.43541688,
          0.05046041,  0.01462133],
        [ 0.11679633,  0.        ,  0.32204208, ...,  0.53758028,
          0.16676259,  0.13130511],
        [-0.20926394, -0.32204208,  0.        , ...,  0.23739095,
         -0.15965417, -0.19494396],
        ...,
        [-0.43541688, -0.53758028, -0.23739095, ...,  0.        ,
         -0.38943627, -0.42220779],
        [-0.05046041, -0.16676259,  0.15965417, ...,  0.38943627,
          0.        , -0.03585231],
        [-0.01462133, -0.13130511,  0.19494396, ...,  0.42220779,
          0.03585231,  0.        ]],

       [[ 0.        ,  0.29717865,  0.29153713, ...,  0.81124315,
          0.89775922,  0.96280427],
        [-0.29717865,  0.        , -0.00590303, ...,  0.6008297 ,
          0.72629696,  0.83900897],
        [-0.29153713,  0.00590303,  0.        , ...,  0.60553798,
          0.73034194,  0.8422063 ],
        ...,
        [-0.81124315, -0.6008297 , -0.60553798, ...,  0.        ,
          0.16758617,  0.34376251],
        [-0.89775922, -0.72629696, -0.73034194, ..., -0.16758617,
          0.        ,  0.18152793],
        [-0.96280427, -0.83900897, -0.8422063 , ..., -0.34376251,
         -0.18152793,  0.        ]],

       ...,

       [[ 0.        ,  0.19781521,  0.08758896, ...,  0.11444009,
          0.0811756 ,  0.01861532],
        [-0.19781521,  0.        , -0.1111968 , ..., -0.08433692,
         -0.11759087, -0.17953346],
        [-0.08758896,  0.1111968 ,  0.        , ...,  0.02698674,
         -0.00643628, -0.06903001],
        ...,
        [-0.11444009,  0.08433692, -0.02698674, ...,  0.        ,
         -0.03342012, -0.09592723],
        [-0.0811756 ,  0.11759087,  0.00643628, ...,  0.03342012,
          0.        , -0.06260764],
        [-0.01861532,  0.17953346,  0.06903001, ...,  0.09592723,
          0.06260764,  0.        ]],

       [[ 0.        , -0.22203074, -0.3275214 , ...,  0.84856748,
          0.82470707,  0.80045479],
        [ 0.22203074,  0.        , -0.109562  , ...,  0.94486057,
          0.92969384,  0.91355888],
        [ 0.3275214 ,  0.109562  ,  0.        , ...,  0.97505106,
          0.96445237,  0.9526188 ],
        ...,
        [-0.84856748, -0.94486057, -0.97505106, ...,  0.        ,
         -0.043574  , -0.08511516],
        [-0.82470707, -0.92969384, -0.96445237, ...,  0.043574  ,
          0.        , -0.04161844],
        [-0.80045479, -0.91355888, -0.9526188 , ...,  0.08511516,
          0.04161844,  0.        ]],

       [[ 0.        ,  0.74086568,  0.84220345, ...,  0.95547811,
          0.95819353,  0.9571641 ],
        [-0.74086568,  0.        ,  0.16622363, ...,  0.42314865,
          0.43159664,  0.42836767],
        [-0.84220345, -0.16622363,  0.        , ...,  0.26665322,
          0.2756475 ,  0.27220782],
        ...,
        [-0.95547811, -0.42314865, -0.26665322, ...,  0.        ,
          0.00934426,  0.00576788],
        [-0.95819353, -0.43159664, -0.2756475 , ..., -0.00934426,
          0.        , -0.00357647],
        [-0.9571641 , -0.42836767, -0.27220782, ..., -0.00576788,
          0.00357647,  0.        ]]]), 'num': array([ 7.07047296e-01,  7.07047296e-01,  0.00000000e+00,  6.50168491e-04,
        6.82545657e-04,  6.50168491e-04,  1.28347198e-02, -7.00046827e-06,
        6.63469381e-04,  6.55943877e-04,  6.73940915e-04,  3.84842497e-07,
        7.47189282e-04,  5.64698473e-04])}
{'img': array([[[ 0.00000000e+00, -6.23506480e-01,  2.29968624e-02, ...,
          7.51469273e-01,  6.00364886e-01,  5.50814313e-01],
        [ 6.23506480e-01,  0.00000000e+00,  6.41320951e-01, ...,
          9.98882020e-01,  9.68010655e-01,  9.51032497e-01],
        [-2.29968624e-02, -6.41320951e-01,  0.00000000e+00, ...,
          7.36097941e-01,  5.81814918e-01,  5.31474822e-01],
        ...,
        [-7.51469273e-01, -9.98882020e-01, -7.36097941e-01, ...,
          0.00000000e+00, -2.04868076e-01, -2.63787452e-01],
        [-6.00364886e-01, -9.68010655e-01, -5.81814918e-01, ...,
          2.04868076e-01,  0.00000000e+00, -6.05805942e-02],
        [-5.50814313e-01, -9.51032497e-01, -5.31474822e-01, ...,
          2.63787452e-01,  6.05805942e-02,  0.00000000e+00]],

       [[ 0.00000000e+00,  3.22042080e-01,  1.98039076e-01, ...,
          1.66762595e-01,  1.31305112e-01,  3.24103159e-03],
        [-3.22042080e-01,  0.00000000e+00, -1.28175140e-01, ...,
         -1.59654173e-01, -1.94943962e-01, -3.18972022e-01],
        [-1.98039076e-01,  1.28175140e-01,  0.00000000e+00, ...,
         -3.18062349e-02, -6.76199557e-02, -1.94861196e-01],
        ...,
        [-1.66762595e-01,  1.59654173e-01,  3.18062349e-02, ...,
          0.00000000e+00, -3.58523083e-02, -1.63566071e-01],
        [-1.31305112e-01,  1.94943962e-01,  6.76199557e-02, ...,
          3.58523083e-02,  0.00000000e+00, -1.28091451e-01],
        [-3.24103159e-03,  3.18972022e-01,  1.94861196e-01, ...,
          1.63566071e-01,  1.28091451e-01,  0.00000000e+00]],

       [[ 0.00000000e+00, -9.67405100e-03,  1.43551243e-01, ...,
          7.85746344e-01,  8.86877526e-01,  9.33752907e-01],
        [ 9.67405100e-03,  0.00000000e+00,  1.53118381e-01, ...,
          7.91693448e-01,  8.91305481e-01,  9.37171732e-01],
        [-1.43551243e-01, -1.53118381e-01,  0.00000000e+00, ...,
          6.88814822e-01,  8.11370698e-01,  8.72702304e-01],
        ...,
        [-7.85746344e-01, -7.91693448e-01, -6.88814822e-01, ...,
          0.00000000e+00,  1.85558647e-01,  2.96338794e-01],
        [-8.86877526e-01, -8.91305481e-01, -8.11370698e-01, ...,
         -1.85558647e-01,  0.00000000e+00,  1.13968447e-01],
        [-9.33752907e-01, -9.37171732e-01, -8.72702304e-01, ...,
         -2.96338794e-01, -1.13968447e-01,  0.00000000e+00]],

       ...,

       [[ 0.00000000e+00, -1.11196803e-01,  1.28892579e-01, ...,
         -1.17590868e-01, -1.79533461e-01, -1.72932246e-01],
        [ 1.11196803e-01,  0.00000000e+00,  2.38362501e-01, ...,
         -6.43628353e-03, -6.90300051e-02, -6.23383088e-02],
        [-1.28892579e-01, -2.38362501e-01,  0.00000000e+00, ...,
         -2.44608330e-01, -3.04834209e-01, -2.98440390e-01],
        ...,
        [ 1.17590868e-01,  6.43628353e-03,  2.44608330e-01, ...,
          0.00000000e+00, -6.26076449e-02, -5.59132521e-02],
        [ 1.79533461e-01,  6.90300051e-02,  3.04834209e-01, ...,
          6.26076449e-02,  0.00000000e+00,  6.70614100e-03],
        [ 1.72932246e-01,  6.23383088e-02,  2.98440390e-01, ...,
          5.59132521e-02, -6.70614100e-03,  0.00000000e+00]],

       [[ 0.00000000e+00, -1.09561996e-01, -9.70938143e-02, ...,
          9.29693837e-01,  9.13558876e-01,  8.85557644e-01],
        [ 1.09561996e-01,  0.00000000e+00,  1.25350356e-02, ...,
          9.64452371e-01,  9.52618795e-01,  9.31121335e-01],
        [ 9.70938143e-02, -1.25350356e-02,  0.00000000e+00, ...,
          9.61064129e-01,  9.48731210e-01,  9.26476533e-01],
        ...,
        [-9.29693837e-01, -9.64452371e-01, -9.61064129e-01, ...,
          0.00000000e+00, -4.16184359e-02, -1.05689907e-01],
        [-9.13558876e-01, -9.52618795e-01, -9.48731210e-01, ...,
          4.16184359e-02,  0.00000000e+00, -6.42129978e-02],
        [-8.85557644e-01, -9.31121335e-01, -9.26476533e-01, ...,
          1.05689907e-01,  6.42129978e-02,  0.00000000e+00]],

       [[ 0.00000000e+00,  2.49261320e-01,  2.54091691e-01, ...,
          5.69749041e-01,  5.66221426e-01,  5.69247081e-01],
        [-2.49261320e-01,  0.00000000e+00,  4.99101021e-03, ...,
          3.46918009e-01,  3.42894927e-01,  3.46345207e-01],
        [-2.54091691e-01, -4.99101021e-03,  0.00000000e+00, ...,
          3.42232643e-01,  3.38202232e-01,  3.41658791e-01],
        ...,
        [-5.69749041e-01, -3.46918009e-01, -3.42232643e-01, ...,
          0.00000000e+00, -4.28608120e-03, -6.10662406e-04],
        [-5.66221426e-01, -3.42894927e-01, -3.38202232e-01, ...,
          4.28608120e-03,  0.00000000e+00,  3.67542361e-03],
        [-5.69247081e-01, -3.46345207e-01, -3.41658791e-01, ...,
          6.10662406e-04, -3.67542361e-03,  0.00000000e+00]]]), 'num': array([7.07075304e-01, 7.07075304e-01, 0.00000000e+00, 6.50194246e-04,
       6.65945924e-04, 6.41443314e-04, 9.24968260e-03, 0.00000000e+00,
       6.66996036e-04, 6.52688262e-04, 6.74915629e-04, 3.99499069e-07,
       7.39713674e-04, 5.65662850e-04])}
{'img': array([[[ 0.        ,  0.64132095,  0.5425864 , ...,  0.96801065,
          0.9510325 ,  0.9510325 ],
        [-0.64132095,  0.        , -0.12239785, ...,  0.58181492,
          0.53147482,  0.53147482],
        [-0.5425864 ,  0.12239785,  0.        , ...,  0.67698909,
          0.63115877,  0.63115877],
        ...,
        [-0.96801065, -0.58181492, -0.67698909, ...,  0.        ,
         -0.06058059, -0.06058059],
        [-0.9510325 , -0.53147482, -0.63115877, ...,  0.06058059,
          0.        ,  0.        ],
        [-0.9510325 , -0.53147482, -0.63115877, ...,  0.06058059,
          0.        ,  0.        ]],

       [[ 0.        , -0.12817514, -0.06551367, ..., -0.19494396,
         -0.31897202, -0.5006426 ],
        [ 0.12817514,  0.        ,  0.06292649, ..., -0.06761996,
         -0.1948612 , -0.38555775],
        [ 0.06551367, -0.06292649,  0.        , ..., -0.13026841,
         -0.25619526, -0.44285488],
        ...,
        [ 0.19494396,  0.06761996,  0.13026841, ...,  0.        ,
         -0.12809145, -0.32228343],
        [ 0.31897202,  0.1948612 ,  0.25619526, ...,  0.12809145,
          0.        , -0.19837167],
        [ 0.5006426 ,  0.38555775,  0.44285488, ...,  0.32228343,
          0.19837167,  0.        ]],

       [[ 0.        ,  0.15311838,  0.16876427, ...,  0.89130548,
          0.93717173,  0.94902692],
        [-0.15311838,  0.        ,  0.01585206, ...,  0.8113707 ,
          0.8727023 ,  0.8895737 ],
        [-0.16876427, -0.01585206,  0.        , ...,  0.80200271,
          0.86485284,  0.88222084],
        ...,
        [-0.89130548, -0.8113707 , -0.80200271, ...,  0.        ,
          0.11396845,  0.14935687],
        [-0.93717173, -0.8727023 , -0.86485284, ..., -0.11396845,
          0.        ,  0.03569361],
        [-0.94902692, -0.8895737 , -0.88222084, ..., -0.14935687,
         -0.03569361,  0.        ]],

       ...,

       [[ 0.        ,  0.2383625 ,  0.36823058, ..., -0.06903001,
         -0.06233831, -0.01366348],
        [-0.2383625 ,  0.        ,  0.13600295, ..., -0.30483421,
         -0.29844039, -0.2516099 ],
        [-0.36823058, -0.13600295,  0.        , ..., -0.43153177,
         -0.42547247, -0.38089961],
        ...,
        [ 0.06903001,  0.30483421,  0.43153177, ...,  0.        ,
          0.00670614,  0.05539267],
        [ 0.06233831,  0.29844039,  0.42547247, ..., -0.00670614,
          0.        ,  0.04869558],
        [ 0.01366348,  0.2516099 ,  0.38089961, ..., -0.05539267,
         -0.04869558,  0.        ]],

       [[ 0.        ,  0.01253504,  0.01625155, ...,  0.9526188 ,
          0.93112134,  0.90373173],
        [-0.01253504,  0.        ,  0.00371689, ...,  0.94873121,
          0.92647653,  0.89829449],
        [-0.01625155, -0.00371689,  0.        , ...,  0.94754981,
          0.92507127,  0.89665511],
        ...,
        [-0.9526188 , -0.94873121, -0.94754981, ...,  0.        ,
         -0.064213  , -0.13293021],
        [-0.93112134, -0.92647653, -0.92507127, ...,  0.064213  ,
          0.        , -0.06901273],
        [-0.90373173, -0.89829449, -0.89665511, ...,  0.13293021,
          0.06901273,  0.        ]],

       [[ 0.        ,  0.00499101,  0.03111608, ...,  0.34289493,
          0.34634521,  0.35704354],
        [-0.00499101,  0.        ,  0.02612709, ...,  0.33820223,
          0.34165879,  0.35237705],
        [-0.03111608, -0.02612709,  0.        , ...,  0.31349926,
          0.31698729,  0.3278055 ],
        ...,
        [-0.34289493, -0.33820223, -0.31349926, ...,  0.        ,
          0.00367542,  0.01510338],
        [-0.34634521, -0.34165879, -0.31698729, ..., -0.00367542,
          0.        ,  0.01142828],
        [-0.35704354, -0.35237705, -0.3278055 , ..., -0.01510338,
         -0.01142828,  0.        ]]]), 'num': array([7.07089889e-01, 7.07089889e-01, 0.00000000e+00, 6.57208548e-04,
       6.67709883e-04, 6.44081879e-04, 6.65698002e-03, 7.00088999e-06,
       6.59308815e-04, 6.49157524e-04, 6.76431825e-04, 4.85866182e-07,
       7.29099979e-04, 5.69215070e-04])}
{'img': array([[[ 0.        , -0.13581031, -0.23480874, ...,  0.55424723,
          0.55424723,  0.60492242],
        [ 0.13581031,  0.        , -0.10061993, ...,  0.66215405,
          0.66215405,  0.70746137],
        [ 0.23480874,  0.10061993,  0.        , ...,  0.73419491,
          0.73419491,  0.7749843 ],
        ...,
        [-0.55424723, -0.66215405, -0.73419491, ...,  0.        ,
          0.        ,  0.06217001],
        [-0.55424723, -0.66215405, -0.73419491, ...,  0.        ,
          0.        ,  0.06217001],
        [-0.60492242, -0.70746137, -0.7749843 , ..., -0.06217001,
         -0.06217001,  0.        ]],

       [[ 0.        ,  0.06292649, -0.46273481, ..., -0.1948612 ,
         -0.38555775, -0.65762472],
        [-0.06292649,  0.        , -0.51760188, ..., -0.25619526,
         -0.44285488, -0.70372682],
        [ 0.46273481,  0.51760188,  0.        , ...,  0.28112075,
          0.08516218, -0.23438291],
        ...,
        [ 0.1948612 ,  0.25619526, -0.28112075, ...,  0.        ,
         -0.19837167, -0.49822076],
        [ 0.38555775,  0.44285488, -0.08516218, ...,  0.19837167,
          0.        , -0.31632135],
        [ 0.65762472,  0.70372682,  0.23438291, ...,  0.49822076,
          0.31632135,  0.        ]],

       [[ 0.        ,  0.01585206, -0.0938941 , ...,  0.8727023 ,
          0.8895737 ,  0.85082799],
        [-0.01585206,  0.        , -0.10966433, ...,  0.86485284,
          0.88222084,  0.84239171],
        [ 0.0938941 ,  0.10966433,  0.        , ...,  0.91469092,
          0.92853378,  0.89640531],
        ...,
        [-0.8727023 , -0.86485284, -0.91469092, ...,  0.        ,
          0.03569361, -0.04313742],
        [-0.8895737 , -0.88222084, -0.92853378, ..., -0.03569361,
          0.        , -0.07877031],
        [-0.85082799, -0.84239171, -0.89640531, ...,  0.04313742,
          0.07877031,  0.        ]],

       ...,

       [[ 0.        ,  0.13600295, -0.0209879 , ..., -0.29844039,
         -0.2516099 ,  0.02899961],
        [-0.13600295,  0.        , -0.15676588, ..., -0.42547247,
         -0.38089961, -0.10721559],
        [ 0.0209879 ,  0.15676588,  0.        , ..., -0.27834321,
         -0.23124178,  0.0499723 ],
        ...,
        [ 0.29844039,  0.42547247,  0.27834321, ...,  0.        ,
          0.04869558,  0.32599292],
        [ 0.2516099 ,  0.38089961,  0.23124178, ..., -0.04869558,
          0.        ,  0.27957073],
        [-0.02899961,  0.10721559, -0.0499723 , ..., -0.32599292,
         -0.27957073,  0.        ]],

       [[ 0.        ,  0.00371689, -0.20856134, ...,  0.92647653,
          0.89829449,  0.85182604],
        [-0.00371689,  0.        , -0.21219506, ...,  0.92507127,
          0.89665511,  0.84987315],
        [ 0.20856134,  0.21219506,  0.        , ...,  0.98459524,
          0.97018094,  0.94234338],
        ...,
        [-0.92647653, -0.92507127, -0.98459524, ...,  0.        ,
         -0.06901273, -0.16472447],
        [-0.89829449, -0.89665511, -0.97018094, ...,  0.06901273,
          0.        , -0.09626174],
        [-0.85182604, -0.84987315, -0.94234338, ...,  0.16472447,
          0.09626174,  0.        ]],

       [[ 0.        ,  0.02612709,  0.11109098, ...,  0.34165879,
          0.35237705,  0.3917438 ],
        [-0.02612709,  0.        ,  0.08508768, ...,  0.31698729,
          0.3278055 ,  0.3675712 ],
        [-0.11109098, -0.08508768,  0.        , ...,  0.23513803,
          0.24623053,  0.28710705],
        ...,
        [-0.34165879, -0.31698729, -0.23513803, ...,  0.        ,
          0.01142828,  0.05381877],
        [-0.35237705, -0.3278055 , -0.24623053, ..., -0.01142828,
          0.        ,  0.04240354],
        [-0.3917438 , -0.3675712 , -0.28710705, ..., -0.05381877,
         -0.04240354,  0.        ]]]), 'num': array([ 7.07083408e-01,  7.07083408e-01,  0.00000000e+00,  6.37075150e-04,
        6.61578040e-04,  6.28324117e-04,  7.92013926e-03, -2.01273742e-05,
        6.50376719e-04,  6.45301120e-04,  6.77125707e-04,  4.66721721e-07,
        7.19579601e-04,  5.71022638e-04])}
{'img': array([[[ 0.        , -0.10061993, -0.13960429, ...,  0.66215405,
          0.70746137,  0.56709331],
        [ 0.10061993,  0.        , -0.03926119, ...,  0.73419491,
          0.7749843 ,  0.64709124],
        [ 0.13960429,  0.03926119,  0.        , ...,  0.76028478,
          0.79919908,  0.67652555],
        ...,
        [-0.66215405, -0.73419491, -0.76028478, ...,  0.        ,
          0.06217001, -0.1204241 ],
        [-0.70746137, -0.7749843 , -0.79919908, ..., -0.06217001,
          0.        , -0.18190872],
        [-0.56709331, -0.64709124, -0.67652555, ...,  0.1204241 ,
          0.18190872,  0.        ]],

       [[ 0.        , -0.51760188, -0.73255473, ..., -0.44285488,
         -0.70372682, -0.53749358],
        [ 0.51760188,  0.        , -0.27445384, ...,  0.08516218,
         -0.23438291, -0.02341409],
        [ 0.73255473,  0.27445384,  0.        , ...,  0.35534875,
          0.04142608,  0.2518636 ],
        ...,
        [ 0.44285488, -0.08516218, -0.35534875, ...,  0.        ,
         -0.31632135, -0.10846786],
        [ 0.70372682,  0.23438291, -0.04142608, ...,  0.31632135,
          0.        ,  0.21155678],
        [ 0.53749358,  0.02341409, -0.2518636 , ...,  0.10846786,
         -0.21155678,  0.        ]],

       [[ 0.        , -0.10966433, -0.3409316 , ...,  0.88222084,
          0.84239171,  0.78857191],
        [ 0.10966433,  0.        , -0.2357812 , ...,  0.92853378,
          0.89640531,  0.85125304],
        [ 0.3409316 ,  0.2357812 ,  0.        , ...,  0.98988813,
          0.97563876,  0.95098042],
        ...,
        [-0.88222084, -0.92853378, -0.98988813, ...,  0.        ,
         -0.07877031, -0.17122721],
        [-0.84239171, -0.89640531, -0.97563876, ...,  0.07877031,
          0.        , -0.09308818],
        [-0.78857191, -0.85125304, -0.95098042, ...,  0.17122721,
          0.09308818,  0.        ]],

       ...,

       [[ 0.        , -0.15676588, -0.23825874, ..., -0.38089961,
         -0.10721559, -0.16944405],
        [ 0.15676588,  0.        , -0.08306157, ..., -0.23124178,
          0.0499723 , -0.01284999],
        [ 0.23825874,  0.08306157,  0.        , ..., -0.14963241,
          0.13275741,  0.07024913],
        ...,
        [ 0.38089961,  0.23124178,  0.14963241, ...,  0.        ,
          0.27957073,  0.21872098],
        [ 0.10721559, -0.0499723 , -0.13275741, ..., -0.27957073,
          0.        , -0.06280211],
        [ 0.16944405,  0.01284999, -0.07024913, ..., -0.21872098,
          0.06280211,  0.        ]],

       [[ 0.        , -0.21219506, -0.59739528, ...,  0.89665511,
          0.84987315,  0.80170699],
        [ 0.21219506,  0.        , -0.41362183, ...,  0.97018094,
          0.94234338,  0.91028263],
        [ 0.59739528,  0.41362183,  0.        , ...,  0.98355446,
          0.9963729 ,  0.99999992],
        ...,
        [-0.89665511, -0.97018094, -0.98355446, ...,  0.        ,
         -0.09626174, -0.18100669],
        [-0.84987315, -0.94234338, -0.9963729 , ...,  0.09626174,
          0.        , -0.08549443],
        [-0.80170699, -0.91028263, -0.99999992, ...,  0.18100669,
          0.08549443,  0.        ]],

       [[ 0.        ,  0.08508768,  0.15223651, ...,  0.3278055 ,
          0.3675712 ,  0.38740332],
        [-0.08508768,  0.        ,  0.06758851, ...,  0.24623053,
          0.28710705,  0.30755518],
        [-0.15223651, -0.06758851,  0.        , ...,  0.18015991,
          0.22170758,  0.24253937],
        ...,
        [-0.3278055 , -0.24623053, -0.18015991, ...,  0.        ,
          0.04240354,  0.06379016],
        [-0.3675712 , -0.28710705, -0.22170758, ..., -0.04240354,
          0.        ,  0.02141561],
        [-0.38740332, -0.30755518, -0.24253937, ..., -0.06379016,
         -0.02141561,  0.        ]]]), 'num': array([7.06799563e-01, 7.06799563e-01, 0.00000000e+00, 6.91928780e-04,
       7.26918857e-04, 6.31570896e-04, 2.94142773e-02, 5.51093718e-05,
       6.57113653e-04, 6.44254799e-04, 6.78617971e-04, 5.23939960e-07,
       7.16126198e-04, 5.72383400e-04])}
{'img': array([[[ 0.        , -0.03926119,  0.82088508, ...,  0.7749843 ,
          0.64709124,  0.92707787],
        [ 0.03926119,  0.        ,  0.84267397, ...,  0.79919908,
          0.67652555,  0.94108087],
        [-0.82088508, -0.84267397,  0.        , ..., -0.07619494,
         -0.25630356,  0.22172385],
        ...,
        [-0.7749843 , -0.79919908,  0.07619494, ...,  0.        ,
         -0.18190872,  0.29537769],
        [-0.64709124, -0.67652555,  0.25630356, ...,  0.18190872,
          0.        ,  0.4642415 ],
        [-0.92707787, -0.94108087, -0.22172385, ..., -0.29537769,
         -0.4642415 ,  0.        ]],

       [[ 0.        , -0.27445384,  0.98558805, ..., -0.23438291,
         -0.02341409,  0.74753877],
        [ 0.27445384,  0.        ,  0.99416924, ...,  0.04142608,
          0.2518636 ,  0.90113071],
        [-0.98558805, -0.99416924,  0.        , ..., -0.99778283,
         -0.98927866, -0.52818943],
        ...,
        [ 0.23438291, -0.04142608,  0.99778283, ...,  0.        ,
          0.21155678,  0.88239698],
        [ 0.02341409, -0.2518636 ,  0.98927866, ..., -0.21155678,
          0.        ,  0.7628859 ],
        [-0.74753877, -0.90113071,  0.52818943, ..., -0.88239698,
         -0.7628859 ,  0.        ]],

       [[ 0.        , -0.2357812 ,  0.39310763, ...,  0.89640531,
          0.85125304,  0.88740197],
        [ 0.2357812 ,  0.        ,  0.59882346, ...,  0.97563876,
          0.95098042,  0.971077  ],
        [-0.39310763, -0.59882346,  0.        , ...,  0.64999876,
          0.57643539,  0.63473819],
        ...,
        [-0.89640531, -0.97563876, -0.64999876, ...,  0.        ,
         -0.09308818, -0.01991183],
        [-0.85125304, -0.95098042, -0.57643539, ...,  0.09308818,
          0.        ,  0.07324435],
        [-0.88740197, -0.971077  , -0.63473819, ...,  0.01991183,
         -0.07324435,  0.        ]],

       ...,

       [[ 0.        , -0.08306157,  0.43479227, ...,  0.0499723 ,
         -0.01284999,  0.17651544],
        [ 0.08306157,  0.        ,  0.50808931, ...,  0.13275741,
          0.07024913,  0.2576628 ],
        [-0.43479227, -0.50808931,  0.        , ..., -0.38924745,
         -0.44632818, -0.26900752],
        ...,
        [-0.0499723 , -0.13275741,  0.38924745, ...,  0.        ,
         -0.06280211,  0.12710728],
        [ 0.01284999, -0.07024913,  0.44632818, ...,  0.06280211,
          0.        ,  0.18914909],
        [-0.17651544, -0.2576628 ,  0.26900752, ..., -0.12710728,
         -0.18914909,  0.        ]],

       [[ 0.        , -0.41362183,  0.21314689, ...,  0.94234338,
          0.91028263,  0.89813618],
        [ 0.41362183,  0.        ,  0.59817619, ...,  0.9963729 ,
          0.99999992,  0.99958371],
        [-0.21314689, -0.59817619,  0.        , ...,  0.84935941,
          0.80112437,  0.78377276],
        ...,
        [-0.94234338, -0.9963729 , -0.84935941, ...,  0.        ,
         -0.08549443, -0.11380575],
        [-0.91028263, -0.99999992, -0.80112437, ...,  0.08549443,
          0.        , -0.0284501 ],
        [-0.89813618, -0.99958371, -0.78377276, ...,  0.11380575,
          0.0284501 ,  0.        ]],

       [[ 0.        ,  0.06758851, -0.15102297, ...,  0.28710705,
          0.30755518,  0.32523819],
        [-0.06758851,  0.        , -0.21749091, ...,  0.22170758,
          0.24253937,  0.26058059],
        [ 0.15102297,  0.21749091,  0.        , ...,  0.42847868,
          0.44773052,  0.46431996],
        ...,
        [-0.28710705, -0.22170758, -0.42847868, ...,  0.        ,
          0.02141561,  0.04004752],
        [-0.30755518, -0.24253937, -0.44773052, ..., -0.02141561,
          0.        ,  0.01863991],
        [-0.32523819, -0.26058059, -0.46431996, ..., -0.04004752,
         -0.01863991,  0.        ]]]), 'num': array([8.31196667e-01, 5.55467827e-01, 3.44230763e-06, 8.20621550e-04,
       8.59552410e-04, 8.14474572e-04, 2.37181245e-02, 1.02449632e-05,
       7.81485791e-04, 7.54643987e-04, 7.97126434e-04, 6.66339068e-07,
       8.39134565e-04, 6.70153409e-04])}
{'img': array([[[ 0.        ,  0.84267397,  0.49074102, ...,  0.67652555,
          0.94108087,  0.96356729],
        [-0.84267397,  0.        , -0.46999964, ..., -0.25630356,
          0.22172385,  0.29342126],
        [-0.49074102,  0.46999964,  0.        , ...,  0.22806933,
          0.65400935,  0.70830492],
        ...,
        [-0.67652555,  0.25630356, -0.22806933, ...,  0.        ,
          0.4642415 ,  0.52864182],
        [-0.94108087, -0.22172385, -0.65400935, ..., -0.4642415 ,
          0.        ,  0.07415357],
        [-0.96356729, -0.29342126, -0.70830492, ..., -0.52864182,
         -0.07415357,  0.        ]],

       [[ 0.        ,  0.99416924,  0.96616062, ...,  0.2518636 ,
          0.90113071,  0.75016721],
        [-0.99416924,  0.        ,  0.15225512, ..., -0.98927866,
         -0.52818943, -0.73828389],
        [-0.96616062, -0.15225512,  0.        , ..., -0.99998025,
         -0.65131526, -0.83237098],
        ...,
        [-0.2518636 ,  0.98927866,  0.99998025, ...,  0.        ,
          0.7628859 ,  0.55943954],
        [-0.90113071,  0.52818943,  0.65131526, ..., -0.7628859 ,
          0.        , -0.27063792],
        [-0.75016721,  0.73828389,  0.83237098, ..., -0.55943954,
          0.27063792,  0.        ]],

       [[ 0.        ,  0.59882346,  0.64744222, ...,  0.95098042,
          0.971077  ,  0.99063127],
        [-0.59882346,  0.        ,  0.06215215, ...,  0.57643539,
          0.63473819,  0.71160016],
        [-0.64744222, -0.06215215,  0.        , ...,  0.52453378,
          0.58548438,  0.66655727],
        ...,
        [-0.95098042, -0.57643539, -0.52453378, ...,  0.        ,
          0.07324435,  0.17648424],
        [-0.971077  , -0.63473819, -0.58548438, ..., -0.07324435,
          0.        ,  0.10391554],
        [-0.99063127, -0.71160016, -0.66655727, ..., -0.17648424,
         -0.10391554,  0.        ]],

       ...,

       [[ 0.        ,  0.50808931,  0.00609863, ...,  0.07024913,
          0.2576628 ,  0.4042795 ],
        [-0.50808931,  0.        , -0.50282708, ..., -0.44632818,
         -0.26900752, -0.11650881],
        [-0.00609863,  0.50282708,  0.        , ...,  0.06416426,
          0.2517653 ,  0.39869395],
        ...,
        [-0.07024913,  0.44632818, -0.06416426, ...,  0.        ,
          0.18914909,  0.33902837],
        [-0.2576628 ,  0.26900752, -0.2517653 , ..., -0.18914909,
          0.        ,  0.15496141],
        [-0.4042795 ,  0.11650881, -0.39869395, ..., -0.33902837,
         -0.15496141,  0.        ]],

       [[ 0.        ,  0.59817619,  0.63679129, ...,  0.99999992,
          0.99958371,  0.99967123],
        [-0.59817619,  0.        ,  0.0490865 , ...,  0.80112437,
          0.78377276,  0.78576373],
        [-0.63679129, -0.0490865 ,  0.        , ...,  0.77078047,
          0.75234288,  0.75445519],
        ...,
        [-0.99999992, -0.80112437, -0.77078047, ...,  0.        ,
         -0.0284501 , -0.02523892],
        [-0.99958371, -0.78377276, -0.75234288, ...,  0.0284501 ,
          0.        ,  0.00321233],
        [-0.99967123, -0.78576373, -0.75445519, ...,  0.02523892,
         -0.00321233,  0.        ]],

       [[ 0.        , -0.21749091, -0.22393729, ...,  0.24253937,
          0.26058059,  0.25852395],
        [ 0.21749091,  0.        , -0.00660934, ...,  0.44773052,
          0.46431996,  0.46243277],
        [ 0.22393729,  0.00660934,  0.        , ...,  0.45363061,
          0.4701635 ,  0.46828287],
        ...,
        [-0.24253937, -0.44773052, -0.45363061, ...,  0.        ,
          0.01863991,  0.01651062],
        [-0.26058059, -0.46431996, -0.4701635 , ..., -0.01863991,
          0.        , -0.00212962],
        [-0.25852395, -0.46243277, -0.46828287, ..., -0.01651062,
          0.00212962,  0.        ]]]), 'num': array([7.43166227e-01, 6.69033164e-01, 9.25506401e-07, 7.33990720e-04,
       7.47735865e-04, 7.19329232e-04, 9.72485472e-03, 0.00000000e+00,
       7.09615997e-04, 6.75528038e-04, 7.15098782e-04, 5.80524098e-07,
       7.52632950e-04, 5.98423127e-04])}
{'img': array([[[ 0.        , -0.46999964, -0.46999964, ...,  0.22172385,
          0.29342126,  0.29342126],
        [ 0.46999964,  0.        ,  0.        , ...,  0.65400935,
          0.70830492,  0.70830492],
        [ 0.46999964,  0.        ,  0.        , ...,  0.65400935,
          0.70830492,  0.70830492],
        ...,
        [-0.22172385, -0.65400935, -0.65400935, ...,  0.        ,
          0.07415357,  0.07415357],
        [-0.29342126, -0.70830492, -0.70830492, ..., -0.07415357,
          0.        ,  0.        ],
        [-0.29342126, -0.70830492, -0.70830492, ..., -0.07415357,
          0.        ,  0.        ]],

       [[ 0.        ,  0.15231003, -0.68395442, ..., -0.52844234,
         -0.73866551, -0.96743359],
        [-0.15231003,  0.        , -0.7870885 , ..., -0.6515834 ,
         -0.83271527, -0.99469979],
        [ 0.68395442,  0.7870885 ,  0.        , ...,  0.19514447,
         -0.07784013, -0.5326408 ],
        ...,
        [ 0.52844234,  0.6515834 , -0.19514447, ...,  0.        ,
         -0.27089599, -0.68755937],
        [ 0.73866551,  0.83271527,  0.07784013, ...,  0.27089599,
          0.        , -0.46514536],
        [ 0.96743359,  0.99469979,  0.5326408 , ...,  0.68755937,
          0.46514536,  0.        ]],

       [[ 0.        ,  0.15205462,  0.2958596 , ...,  0.83854868,
          0.89685775,  0.94152267],
        [-0.15205462,  0.        ,  0.14717202, ...,  0.7459547 ,
          0.81917251,  0.87933998],
        [-0.2958596 , -0.14717202,  0.        , ...,  0.63981585,
          0.72584236,  0.79968226],
        ...,
        [-0.83854868, -0.7459547 , -0.63981585, ...,  0.        ,
          0.11772594,  0.23041799],
        [-0.89685775, -0.81917251, -0.72584236, ..., -0.11772594,
          0.        ,  0.11425755],
        [-0.94152267, -0.87933998, -0.79968226, ..., -0.23041799,
         -0.11425755,  0.        ]],

       ...,

       [[ 0.        , -0.50282708, -0.42122291, ..., -0.26900752,
         -0.11650881, -0.16797035],
        [ 0.50282708,  0.        ,  0.09194299, ...,  0.2517653 ,
          0.39869395,  0.35049155],
        [ 0.42122291, -0.09194299,  0.        , ...,  0.16171754,
          0.31268574,  0.26289629],
        ...,
        [ 0.26900752, -0.2517653 , -0.16171754, ...,  0.        ,
          0.15496141,  0.10340684],
        [ 0.11650881, -0.39869395, -0.31268574, ..., -0.15496141,
          0.        , -0.05197295],
        [ 0.16797035, -0.35049155, -0.26289629, ..., -0.10340684,
          0.05197295,  0.        ]],

       [[ 0.        ,  0.25731602,  0.35989302, ...,  0.98982325,
          0.99032925,  0.9929082 ],
        [-0.25731602,  0.        ,  0.10770026, ...,  0.91987658,
          0.92128293,  0.92888366],
        [-0.35989302, -0.10770026,  0.        , ...,  0.87228513,
          0.87404033,  0.88359161],
        ...,
        [-0.98982325, -0.91987658, -0.87228513, ...,  0.        ,
          0.00360096,  0.02361938],
        [-0.99032925, -0.92128293, -0.87404033, ..., -0.00360096,
          0.        ,  0.02001928],
        [-0.9929082 , -0.92888366, -0.88359161, ..., -0.02361938,
         -0.02001928,  0.        ]],

       [[ 0.        , -0.00660934,  0.00612057, ...,  0.46431996,
          0.46243277,  0.45264725],
        [ 0.00660934,  0.        ,  0.01272966, ...,  0.4701635 ,
          0.46828287,  0.45853085],
        [-0.00612057, -0.01272966,  0.        , ...,  0.45889047,
          0.45699728,  0.44718112],
        ...,
        [-0.46431996, -0.4701635 , -0.45889047, ...,  0.        ,
         -0.00212962, -0.01313434],
        [-0.46243277, -0.46828287, -0.45699728, ...,  0.00212962,
          0.        , -0.01100487],
        [-0.45264725, -0.45853085, -0.44718112, ...,  0.01313434,
          0.01100487,  0.        ]]]), 'num': array([7.36789069e-01, 6.75440137e-01, 7.23454385e-07, 7.66861648e-04,
       7.99417096e-04, 7.56914150e-04, 3.03036232e-02, 4.25029451e-05,
