state_0,state_1,state_2,state_3,state_4,state_5,state_6,state_7,state_8,state_9,state_10,state_11,state_12,state_13,state_14,state_15,state_16,state_17,state_18,state_19,state_20,state_21,state_22,state_23,state_24,state_25,state_26,state_27,state_28,state_29,state_30,state_31,state_32,state_33,state_34,state_35,state_36,state_37,state_38,state_39,state_40,state_41,state_42,state_43,state_44,state_45,state_46,state_47,state_48,state_49,state_50,state_51,state_52,state_53,state_54,state_55,state_56,state_57,state_58,state_59,state_60,state_61,state_62,state_63,state_64,state_65,state_66,state_67,state_68,state_69,state_70,state_71,state_72,state_73,state_74,state_75,state_76,state_77,state_78,state_79,state_80,state_81,state_82,state_83,state_84,state_85,state_86,state_87,state_88,state_89,state_90,state_91,state_92,state_93,state_94,state_95,state_96,state_97,state_98,state_99,state_100,state_101,state_102,state_103,state_104,state_105,state_106,state_107,state_108,state_109,state_110,state_111,state_112,state_113,state_114,state_115,state_116,state_117,state_118,state_119,state_120,state_121,state_122,state_123,state_124,state_125,state_126,state_127,state_128,state_129,state_130,state_131,state_132,state_133,state_134,state_135,state_136,state_137,state_138,state_139,state_140,state_141,state_142,state_143,state_144,state_145,state_146,state_147,state_148,state_149,state_150,state_151,state_152,state_153,state_154,state_155,state_156,state_157,state_158,state_159,state_160,state_161,state_162,state_163,state_164,state_165,state_166,state_167,state_168,state_169,state_170,state_171,state_172,state_173,state_174,state_175,state_176,state_177,state_178,state_179,state_180,state_181,state_182,state_183,state_184,state_185,state_186,state_187,state_188,state_189,state_190,state_191,state_192,state_193,state_194,state_195,state_196,state_197,state_198,state_199,state_200,state_201,state_202,state_203,state_204,state_205,state_206,state_207,state_208,state_209,state_210,state_211,state_212,state_213,state_214,state_215,state_216,state_217,state_218,state_219,state_220,state_221,state_222,state_223,state_224,state_225,state_226,state_227,state_228,state_229,state_230,state_231,state_232,state_233,state_234,state_235,state_236,state_237,state_238,state_239,state_240,state_241,state_242,state_243,state_244,state_245,state_246,state_247,state_248,state_249,state_250,state_251,state_252,state_253,state_254,state_255,state_256,state_257,state_258,state_259,state_260,state_261,state_262,state_263,state_264,state_265,state_266,state_267,state_268,state_269,state_270,state_271,state_272,state_273,state_274,state_275,state_276,state_277,state_278,state_279,state_280,state_281,state_282,state_283,state_284,state_285,state_286,state_287
{'img': array([[[ 0.        ,  0.16553686,  0.19825442, ...,  0.96439235,
          0.98228595,  0.970964  ],
        [-0.16553686,  0.        ,  0.03326817, ...,  0.90730673,
          0.93771429,  0.91796754],
        [-0.19825442, -0.03326817,  0.        , ...,  0.89281625,
          0.92563762,  0.90426341],
        ...,
        [-0.96439235, -0.90730673, -0.89281625, ...,  0.        ,
          0.07907508,  0.02608903],
        [-0.98228595, -0.93771429, -0.92563762, ..., -0.07907508,
          0.        , -0.05304082],
        [-0.970964  , -0.91796754, -0.90426341, ..., -0.02608903,
          0.05304082,  0.        ]],

       [[ 0.        ,  0.05621837, -0.04855511, ..., -0.20577749,
         -0.20782935, -0.43712785],
        [-0.05621837,  0.        , -0.10463037, ..., -0.26046728,
         -0.26249151, -0.4869993 ],
        [ 0.04855511,  0.10463037,  0.        , ..., -0.15801881,
         -0.16008931, -0.39294183],
        ...,
        [ 0.20577749,  0.26046728,  0.15801881, ...,  0.        ,
         -0.00209719, -0.24269665],
        [ 0.20782935,  0.26249151,  0.16008931, ...,  0.00209719,
          0.        , -0.24066162],
        [ 0.43712785,  0.4869993 ,  0.39294183, ...,  0.24269665,
          0.24066162,  0.        ]],

       [[ 0.        , -0.31616184, -0.53576328, ...,  0.26056332,
          0.3892499 ,  0.47359463],
        [ 0.31616184,  0.        , -0.24132442, ...,  0.55243839,
          0.66051028,  0.72775904],
        [ 0.53576328,  0.24132442,  0.        , ...,  0.73726767,
          0.82217905,  0.87175799],
        ...,
        [-0.26056332, -0.55243839, -0.73726767, ...,  0.        ,
          0.13579068,  0.22774583],
        [-0.3892499 , -0.66051028, -0.82217905, ..., -0.13579068,
          0.        ,  0.09341417],
        [-0.47359463, -0.72775904, -0.87175799, ..., -0.22774583,
         -0.09341417,  0.        ]],

       ...,

       [[ 0.        , -0.12225723, -0.30656353, ..., -0.05223111,
          0.05051813,  0.09490633],
        [ 0.12225723,  0.        , -0.18789326, ...,  0.07025105,
          0.17224029,  0.21589977],
        [ 0.30656353,  0.18789326,  0.        , ...,  0.25642888,
          0.35425779,  0.39551637],
        ...,
        [ 0.05223111, -0.07025105, -0.25642888, ...,  0.        ,
          0.1026136 ,  0.14677214],
        [-0.05051813, -0.17224029, -0.35425779, ..., -0.1026136 ,
          0.        ,  0.04449504],
        [-0.09490633, -0.21589977, -0.39551637, ..., -0.14677214,
         -0.04449504,  0.        ]],

       [[ 0.        , -0.00367971, -0.01829367, ...,  0.05730348,
          0.08132565,  0.09559967],
        [ 0.00367971,  0.        , -0.01461445, ...,  0.06097676,
          0.08499262,  0.09926188],
        [ 0.01829367,  0.01461445,  0.        , ...,  0.07555751,
          0.09954512,  0.11379356],
        ...,
        [-0.05730348, -0.06097676, -0.07555751, ...,  0.        ,
          0.02407834,  0.03840156],
        [-0.08132565, -0.08499262, -0.09954512, ..., -0.02407834,
          0.        ,  0.01432984],
        [-0.09559967, -0.09926188, -0.11379356, ..., -0.03840156,
         -0.01432984,  0.        ]],

       [[ 0.        ,  0.01243605,  0.05498952, ...,  0.93020145,
          0.93209087,  0.93399707],
        [-0.01243605,  0.        ,  0.04256803, ...,  0.92556487,
          0.92751415,  0.92948168],
        [-0.05498952, -0.04256803,  0.        , ...,  0.90861013,
          0.91076201,  0.91293717],
        ...,
        [-0.93020145, -0.92556487, -0.90861013, ...,  0.        ,
          0.00518162,  0.01048005],
        [-0.93209087, -0.92751415, -0.91076201, ..., -0.00518162,
          0.        ,  0.00529858],
        [-0.93399707, -0.92948168, -0.91293717, ..., -0.01048005,
         -0.00529858,  0.        ]]]), 'num': array([ 8.84873597e-01,  4.65828137e-01,  1.17874954e-05,  2.38636367e-04,
        2.44342159e-04,  2.38636367e-04,  1.55336500e-03, -1.67817417e-06,
        2.39039129e-04,  2.36001634e-04,  2.31151710e-04,  3.49215434e-07,
        2.47868639e-04,  2.24134628e-04])}
{'img': array([[[ 0.        ,  0.03326817, -0.06999623, ...,  0.93771429,
          0.91796754,  0.89037677],
        [-0.03326817,  0.        , -0.10314406, ...,  0.92563762,
          0.90426341,  0.87473943],
        [ 0.06999623,  0.10314406,  0.        , ...,  0.95973153,
          0.94348039,  0.92005689],
        ...,
        [-0.93771429, -0.92563762, -0.95973153, ...,  0.        ,
         -0.05304082, -0.1175469 ],
        [-0.91796754, -0.90426341, -0.94348039, ...,  0.05304082,
          0.        , -0.06470832],
        [-0.89037677, -0.87473943, -0.92005689, ...,  0.1175469 ,
          0.06470832,  0.        ]],

       [[ 0.        , -0.10463037, -0.24830406, ..., -0.26249151,
         -0.4869993 , -0.54928488],
        [ 0.10463037,  0.        , -0.14558759, ..., -0.16008931,
         -0.39294183, -0.45883713],
        [ 0.24830406,  0.14558759,  0.        , ..., -0.01467373,
         -0.25487817, -0.32459084],
        ...,
        [ 0.26249151,  0.16008931,  0.01467373, ...,  0.        ,
         -0.24066162, -0.31067668],
        [ 0.4869993 ,  0.39294183,  0.25487817, ...,  0.24066162,
          0.        , -0.07279297],
        [ 0.54928488,  0.45883713,  0.32459084, ...,  0.31067668,
          0.07279297,  0.        ]],

       [[ 0.        , -0.24132442, -0.45955616, ...,  0.66051028,
          0.72775904,  0.81108705],
        [ 0.24132442,  0.        , -0.23164177, ...,  0.82217905,
          0.87175799,  0.92827176],
        [ 0.45955616,  0.23164177,  0.        , ...,  0.93167393,
          0.96153699,  0.98917202],
        ...,
        [-0.66051028, -0.82217905, -0.93167393, ...,  0.        ,
          0.09341417,  0.22262866],
        [-0.72775904, -0.87175799, -0.96153699, ..., -0.09341417,
          0.        ,  0.1305854 ],
        [-0.81108705, -0.92827176, -0.98917202, ..., -0.22262866,
         -0.1305854 ,  0.        ]],

       ...,

       [[ 0.        , -0.18789326, -0.2798164 , ...,  0.17224029,
          0.21589977,  0.27218893],
        [ 0.18789326,  0.        , -0.09444513, ...,  0.35425779,
          0.39551637,  0.44814022],
        [ 0.2798164 ,  0.09444513,  0.        , ...,  0.44099444,
          0.48049241,  0.53056754],
        ...,
        [-0.17224029, -0.35425779, -0.44099444, ...,  0.        ,
          0.04449504,  0.10238389],
        [-0.21589977, -0.39551637, -0.48049241, ..., -0.04449504,
          0.        ,  0.05802128],
        [-0.27218893, -0.44814022, -0.53056754, ..., -0.10238389,
         -0.05802128,  0.        ]],

       [[ 0.        , -0.01461445, -0.02423644, ...,  0.08499262,
          0.09926188,  0.04764544],
        [ 0.01461445,  0.        , -0.00962369, ...,  0.09954512,
          0.11379356,  0.06223821],
        [ 0.02423644,  0.00962369,  0.        , ...,  0.1091164 ,
          0.12334947,  0.07184036],
        ...,
        [-0.08499262, -0.09954512, -0.1091164 , ...,  0.        ,
          0.01432984, -0.03742305],
        [-0.09926188, -0.11379356, -0.12334947, ..., -0.01432984,
          0.        , -0.05173902],
        [-0.04764544, -0.06223821, -0.07184036, ...,  0.03742305,
          0.05173902,  0.        ]],

       [[ 0.        ,  0.04256803,  0.06773344, ...,  0.92751415,
          0.92948168,  0.93879805],
        [-0.04256803,  0.        ,  0.02520177, ...,  0.91076201,
          0.91293717,  0.92328377],
        [-0.06773344, -0.02520177,  0.        , ...,  0.90006613,
          0.90236236,  0.91331006],
        ...,
        [-0.92751415, -0.91076201, -0.90006613, ...,  0.        ,
          0.00529858,  0.03141252],
        [-0.92948168, -0.91293717, -0.90236236, ..., -0.00529858,
          0.        ,  0.02611612],
        [-0.93879805, -0.92328377, -0.91331006, ..., -0.03141252,
         -0.02611612,  0.        ]]]), 'num': array([ 7.07102496e-01,  7.07102496e-01,  0.00000000e+00,  6.47256581e-04,
        6.61987883e-04,  6.42653049e-04,  2.95985002e-03, -7.36565100e-06,
        6.56279504e-04,  6.46566052e-04,  6.35256708e-04,  8.89318657e-07,
        6.78235540e-04,  6.14896563e-04])}
{'img': array([[[ 0.00000000e+00, -1.03144056e-01,  3.22907347e-02, ...,
          9.04263406e-01,  8.74739430e-01,  8.21510041e-01],
        [ 1.03144056e-01,  0.00000000e+00,  1.35208778e-01, ...,
          9.43480390e-01,  9.20056891e-01,  8.75940585e-01],
        [-3.22907347e-02, -1.35208778e-01,  0.00000000e+00, ...,
          8.90004511e-01,  8.58635387e-01,  8.02669654e-01],
        ...,
        [-9.04263406e-01, -9.43480390e-01, -8.90004511e-01, ...,
          0.00000000e+00, -6.47083208e-02, -1.64841321e-01],
        [-8.74739430e-01, -9.20056891e-01, -8.58635387e-01, ...,
          6.47083208e-02,  0.00000000e+00, -1.00672732e-01],
        [-8.21510041e-01, -8.75940585e-01, -8.02669654e-01, ...,
          1.64841321e-01,  1.00672732e-01,  0.00000000e+00]],

       [[ 0.00000000e+00, -1.45587594e-01, -3.52217837e-01, ...,
         -3.92941833e-01, -4.58837132e-01, -6.29147561e-01],
        [ 1.45587594e-01,  0.00000000e+00, -2.12207027e-01, ...,
         -2.54878168e-01, -3.24590844e-01, -5.09281042e-01],
        [ 3.52217837e-01,  2.12207027e-01,  0.00000000e+00, ...,
         -4.38747472e-02, -1.16481223e-01, -3.15056605e-01],
        ...,
        [ 3.92941833e-01,  2.54878168e-01,  4.38747472e-02, ...,
          0.00000000e+00, -7.27929693e-02, -2.73112886e-01],
        [ 4.58837132e-01,  3.24590844e-01,  1.16481223e-01, ...,
          7.27929693e-02,  0.00000000e+00, -2.02362811e-01],
        [ 6.29147561e-01,  5.09281042e-01,  3.15056605e-01, ...,
          2.73112886e-01,  2.02362811e-01,  0.00000000e+00]],

       [[ 0.00000000e+00, -2.31641769e-01, -2.88835270e-01, ...,
          8.71757986e-01,  9.28271764e-01,  9.31801837e-01],
        [ 2.31641769e-01,  0.00000000e+00, -5.92103637e-02, ...,
          9.61536991e-01,  9.89172019e-01,  9.90536317e-01],
        [ 2.88835270e-01,  5.92103637e-02,  0.00000000e+00, ...,
          9.76113635e-01,  9.96126301e-01,  9.96925123e-01],
        ...,
        [-8.71757986e-01, -9.61536991e-01, -9.76113635e-01, ...,
          0.00000000e+00,  1.30585401e-01,  1.40104228e-01],
        [-9.28271764e-01, -9.89172019e-01, -9.96126301e-01, ...,
         -1.30585401e-01,  0.00000000e+00,  9.60711860e-03],
        [-9.31801837e-01, -9.90536317e-01, -9.96925123e-01, ...,
         -1.40104228e-01, -9.60711860e-03,  0.00000000e+00]],

       ...,

       [[ 0.00000000e+00, -9.44451331e-02,  1.78475852e-01, ...,
          3.95516369e-01,  4.48140220e-01,  3.10202804e-01],
        [ 9.44451331e-02,  0.00000000e+00,  2.70606826e-01, ...,
          4.80492414e-01,  5.30567544e-01,  3.98602412e-01],
        [-1.78475852e-01, -2.70606826e-01,  0.00000000e+00, ...,
          2.25243335e-01,  2.81394154e-01,  1.35550568e-01],
        ...,
        [-3.95516369e-01, -4.80492414e-01, -2.25243335e-01, ...,
          0.00000000e+00,  5.80212753e-02, -9.10971722e-02],
        [-4.48140220e-01, -5.30567544e-01, -2.81394154e-01, ...,
         -5.80212753e-02,  0.00000000e+00, -1.48723728e-01],
        [-3.10202804e-01, -3.98602412e-01, -1.35550568e-01, ...,
          9.10971722e-02,  1.48723728e-01,  0.00000000e+00]],

       [[ 0.00000000e+00, -9.62369155e-03, -1.02442608e-02, ...,
          1.13793562e-01,  6.22382107e-02,  3.65533869e-02],
        [ 9.62369155e-03,  0.00000000e+00, -6.20599874e-04, ...,
          1.23349472e-01,  7.18403628e-02,  4.61689542e-02],
        [ 1.02442608e-02,  6.20599874e-04,  0.00000000e+00, ...,
          1.23965309e-01,  7.24593453e-02,  4.67888834e-02],
        ...,
        [-1.13793562e-01, -1.23349472e-01, -1.23965309e-01, ...,
          0.00000000e+00, -5.17390157e-02, -7.74015624e-02],
        [-6.22382107e-02, -7.18403628e-02, -7.24593453e-02, ...,
          5.17390157e-02,  0.00000000e+00, -2.57140952e-02],
        [-3.65533869e-02, -4.61689542e-02, -4.67888834e-02, ...,
          7.74015624e-02,  2.57140952e-02,  0.00000000e+00]],

       [[ 0.00000000e+00,  2.52017686e-02,  2.74745588e-02, ...,
          9.12937171e-01,  9.23283773e-01,  9.23743454e-01],
        [-2.52017686e-02,  0.00000000e+00,  2.27357748e-03, ...,
          9.02362364e-01,  9.13310057e-01,  9.13797484e-01],
        [-2.74745588e-02, -2.27357748e-03,  0.00000000e+00, ...,
          9.01380169e-01,  9.12381748e-01,  9.12871663e-01],
        ...,
        [-9.12937171e-01, -9.02362364e-01, -9.01380169e-01, ...,
          0.00000000e+00,  2.61161153e-02,  2.73141280e-02],
        [-9.23283773e-01, -9.13310057e-01, -9.12381748e-01, ...,
         -2.61161153e-02,  0.00000000e+00,  1.19844018e-03],
        [-9.23743454e-01, -9.13797484e-01, -9.12871663e-01, ...,
         -2.73141280e-02, -1.19844018e-03,  0.00000000e+00]]]), 'num': array([7.07100197e-01, 7.07100197e-01, 0.00000000e+00, 6.51857995e-04,
       6.61065028e-04, 6.36206037e-04, 3.90726260e-03, 4.60351691e-06,
       6.55172527e-04, 6.45965493e-04, 6.36466903e-04, 1.01052810e-06,
       6.76747293e-04, 6.15183692e-04])}
{'img': array([[[ 0.00000000e+00,  1.35208778e-01, -2.05784202e-01, ...,
          9.20056891e-01,  8.75940585e-01,  9.04439866e-01],
        [-1.35208778e-01,  0.00000000e+00, -3.36209471e-01, ...,
          8.58635387e-01,  8.02669654e-01,  8.38454295e-01],
        [ 2.05784202e-01,  3.36209471e-01,  0.00000000e+00, ...,
          9.80988397e-01,  9.56467384e-01,  9.72870272e-01],
        ...,
        [-9.20056891e-01, -8.58635387e-01, -9.80988397e-01, ...,
          0.00000000e+00, -1.00672732e-01, -3.81515367e-02],
        [-8.75940585e-01, -8.02669654e-01, -9.56467384e-01, ...,
          1.00672732e-01,  0.00000000e+00,  6.26417273e-02],
        [-9.04439866e-01, -8.38454295e-01, -9.72870272e-01, ...,
          3.81515367e-02, -6.26417273e-02,  0.00000000e+00]],

       [[ 0.00000000e+00, -2.12207027e-01,  3.32797265e-02, ...,
         -3.24590844e-01, -5.09281042e-01, -3.70115080e-01],
        [ 2.12207027e-01,  0.00000000e+00,  2.44611253e-01, ...,
         -1.16481223e-01, -3.15056605e-01, -1.64548271e-01],
        [-3.32797265e-02, -2.44611253e-01,  0.00000000e+00, ...,
         -3.55888825e-01, -5.37639481e-01, -4.00826462e-01],
        ...,
        [ 3.24590844e-01,  1.16481223e-01,  3.55888825e-01, ...,
          0.00000000e+00, -2.02362811e-01, -4.85347023e-02],
        [ 5.09281042e-01,  3.15056605e-01,  5.37639481e-01, ...,
          2.02362811e-01,  0.00000000e+00,  1.54593777e-01],
        [ 3.70115080e-01,  1.64548271e-01,  4.00826462e-01, ...,
          4.85347023e-02, -1.54593777e-01,  0.00000000e+00]],

       [[ 0.00000000e+00, -5.92103637e-02, -9.13468022e-02, ...,
          9.89172019e-01,  9.90536317e-01,  9.87722526e-01],
        [ 5.92103637e-02,  0.00000000e+00, -3.22237231e-02, ...,
          9.96126301e-01,  9.96925123e-01,  9.95239346e-01],
        [ 9.13468022e-02,  3.22237231e-02,  0.00000000e+00, ...,
          9.98442555e-01,  9.98932454e-01,  9.97863055e-01],
        ...,
        [-9.89172019e-01, -9.96126301e-01, -9.98442555e-01, ...,
          0.00000000e+00,  9.60711860e-03, -9.56804658e-03],
        [-9.90536317e-01, -9.96925123e-01, -9.98932454e-01, ...,
         -9.60711860e-03,  0.00000000e+00, -1.91742839e-02],
        [-9.87722526e-01, -9.95239346e-01, -9.97863055e-01, ...,
          9.56804658e-03,  1.91742839e-02,  0.00000000e+00]],

       ...,

       [[ 0.00000000e+00,  2.70606826e-01, -1.87258079e-01, ...,
          5.30567544e-01,  3.98602412e-01,  6.22434015e-01],
        [-2.70606826e-01,  0.00000000e+00, -4.46091467e-01, ...,
          2.81394154e-01,  1.35550568e-01,  3.87414511e-01],
        [ 1.87258079e-01,  4.46091467e-01,  0.00000000e+00, ...,
          6.79910140e-01,  5.63290281e-01,  7.57985333e-01],
        ...,
        [-5.30567544e-01, -2.81394154e-01, -6.79910140e-01, ...,
          0.00000000e+00, -1.48723728e-01,  1.12341116e-01],
        [-3.98602412e-01, -1.35550568e-01, -5.63290281e-01, ...,
          1.48723728e-01,  0.00000000e+00,  2.58874009e-01],
        [-6.22434015e-01, -3.87414511e-01, -7.57985333e-01, ...,
         -1.12341116e-01, -2.58874009e-01,  0.00000000e+00]],

       [[ 0.00000000e+00, -6.20599874e-04,  1.34233152e-02, ...,
          7.18403628e-02,  4.61689542e-02,  2.39234847e-02],
        [ 6.20599874e-04,  0.00000000e+00,  1.40438566e-02, ...,
          7.24593453e-02,  4.67888834e-02,  2.45439024e-02],
        [-1.34233152e-02, -1.40438566e-02,  0.00000000e+00, ...,
          5.84452590e-02,  3.27557934e-02,  1.05018560e-02],
        ...,
        [-7.18403628e-02, -7.24593453e-02, -5.84452590e-02, ...,
          0.00000000e+00, -2.57140952e-02, -4.79581317e-02],
        [-4.61689542e-02, -4.67888834e-02, -3.27557934e-02, ...,
          2.57140952e-02,  0.00000000e+00, -2.22577665e-02],
        [-2.39234847e-02, -2.45439024e-02, -1.05018560e-02, ...,
          4.79581317e-02,  2.22577665e-02,  0.00000000e+00]],

       [[ 0.00000000e+00,  2.27357748e-03, -3.59340088e-02, ...,
          9.13310057e-01,  9.13797484e-01,  9.16338398e-01],
        [-2.27357748e-03,  0.00000000e+00, -3.82060250e-02, ...,
          9.12381748e-01,  9.12871663e-01,  9.15425678e-01],
        [ 3.59340088e-02,  3.82060250e-02,  0.00000000e+00, ...,
          9.27354872e-01,  9.27802642e-01,  9.30134741e-01],
        ...,
        [-9.13310057e-01, -9.12381748e-01, -9.27354872e-01, ...,
          0.00000000e+00,  1.19844018e-03,  7.49885229e-03],
        [-9.13797484e-01, -9.12871663e-01, -9.27802642e-01, ...,
         -1.19844018e-03,  0.00000000e+00,  6.30044042e-03],
        [-9.16338398e-01, -9.15425678e-01, -9.30134741e-01, ...,
         -7.49885229e-03, -6.30044042e-03,  0.00000000e+00]]]), 'num': array([7.07101340e-01, 7.07101340e-01, 0.00000000e+00, 6.54621163e-04,
       6.66590326e-04, 6.52779753e-04, 3.46490705e-03, 2.76211461e-06,
       6.53516317e-04, 6.45322043e-04, 6.37818299e-04, 8.95129735e-07,
       6.74784024e-04, 6.15860063e-04])}
{'img': array([[[ 0.        , -0.33620947, -0.01603274, ...,  0.80266965,
          0.83845429,  0.85863539],
        [ 0.33620947,  0.        ,  0.32106683, ...,  0.95646738,
          0.97287027,  0.9809884 ],
        [ 0.01603274, -0.32106683,  0.        , ...,  0.81212879,
          0.84708392,  0.8667432 ],
        ...,
        [-0.80266965, -0.95646738, -0.81212879, ...,  0.        ,
          0.06264173,  0.10067273],
        [-0.83845429, -0.97287027, -0.84708392, ..., -0.06264173,
          0.        ,  0.03815154],
        [-0.85863539, -0.9809884 , -0.8667432 , ..., -0.10067273,
         -0.03815154,  0.        ]],

       [[ 0.        ,  0.24461125, -0.06049347, ..., -0.31505661,
         -0.16454827, -0.22995128],
        [-0.24461125,  0.        , -0.30281902, ..., -0.53763948,
         -0.40082646, -0.46102184],
        [ 0.06049347,  0.30281902,  0.        , ..., -0.2570669 ,
         -0.10457804, -0.17065778],
        ...,
        [ 0.31505661,  0.53763948,  0.2570669 , ...,  0.        ,
          0.15459378,  0.08837324],
        [ 0.16454827,  0.40082646,  0.10457804, ..., -0.15459378,
          0.        , -0.06667809],
        [ 0.22995128,  0.46102184,  0.17065778, ..., -0.08837324,
          0.06667809,  0.        ]],

       [[ 0.        , -0.03222372, -0.01265003, ...,  0.99692512,
          0.99523935,  0.99206002],
        [ 0.03222372,  0.        ,  0.01957769, ...,  0.99893245,
          0.99786306,  0.99559745],
        [ 0.01265003, -0.01957769,  0.        , ...,  0.99783661,
          0.9963926 ,  0.99357157],
        ...,
        [-0.99692512, -0.99893245, -0.99783661, ...,  0.        ,
         -0.01917428, -0.04764074],
        [-0.99523935, -0.99786306, -0.9963926 , ...,  0.01917428,
          0.        , -0.02847947],
        [-0.99206002, -0.99559745, -0.99357157, ...,  0.04764074,
          0.02847947,  0.        ]],

       ...,

       [[ 0.        , -0.44609147, -0.23202584, ...,  0.13555057,
          0.38741451,  0.14823826],
        [ 0.44609147,  0.        ,  0.22625726, ...,  0.56329028,
          0.75798533,  0.57383427],
        [ 0.23202584, -0.22625726,  0.        , ...,  0.36173568,
          0.59074775,  0.37365512],
        ...,
        [-0.13555057, -0.56329028, -0.36173568, ...,  0.        ,
          0.25887401,  0.01281712],
        [-0.38741451, -0.75798533, -0.59074775, ..., -0.25887401,
          0.        , -0.24647255],
        [-0.14823826, -0.57383427, -0.37365512, ..., -0.01281712,
          0.24647255,  0.        ]],

       [[ 0.        ,  0.01404386,  0.01279207, ...,  0.04678888,
          0.0245439 , -0.0048167 ],
        [-0.01404386,  0.        , -0.0012519 , ...,  0.03275579,
          0.01050186, -0.01885992],
        [-0.01279207,  0.0012519 ,  0.        , ...,  0.034007  ,
          0.01175368, -0.01760822],
        ...,
        [-0.04678888, -0.03275579, -0.034007  , ...,  0.        ,
         -0.02225777, -0.05159976],
        [-0.0245439 , -0.01050186, -0.01175368, ...,  0.02225777,
          0.        , -0.02935886],
        [ 0.0048167 ,  0.01885992,  0.01760822, ...,  0.05159976,
          0.02935886,  0.        ]],

       [[ 0.        , -0.03820603, -0.03358188, ...,  0.91287166,
          0.91542568,  0.92130887],
        [ 0.03820603,  0.        ,  0.00462712, ...,  0.92780264,
          0.93013474,  0.93549191],
        [ 0.03358188, -0.00462712,  0.        , ...,  0.92606646,
          0.92842562,  0.93384691],
        ...,
        [-0.91287166, -0.92780264, -0.92606646, ...,  0.        ,
          0.00630044,  0.02116795],
        [-0.91542568, -0.93013474, -0.92842562, ..., -0.00630044,
          0.        ,  0.01486851],
        [-0.92130887, -0.93549191, -0.93384691, ..., -0.02116795,
         -0.01486851,  0.        ]]]), 'num': array([ 7.07099373e-01,  7.07099373e-01,  0.00000000e+00,  6.49095127e-04,
        6.61064257e-04,  6.47253723e-04,  4.19477496e-03, -5.52421385e-06,
        6.51488953e-04,  6.44537651e-04,  6.38952057e-04,  9.83956665e-07,
        6.72696545e-04,  6.16378757e-04])}
{'img': array([[[ 0.00000000e+00,  3.21066827e-01,  4.34695406e-01, ...,
          9.72870272e-01,  9.80988397e-01,  9.63450368e-01],
        [-3.21066827e-01,  0.00000000e+00,  1.22535555e-01, ...,
          8.47083919e-01,  8.66743196e-01,  8.26432378e-01],
        [-4.34695406e-01, -1.22535555e-01,  0.00000000e+00, ...,
          7.75577758e-01,  7.99096345e-01,  7.51212558e-01],
        ...,
        [-9.72870272e-01, -8.47083919e-01, -7.75577758e-01, ...,
          0.00000000e+00,  3.81515367e-02, -3.77236794e-02],
        [-9.80988397e-01, -8.66743196e-01, -7.99096345e-01, ...,
         -3.81515367e-02,  0.00000000e+00, -7.58205960e-02],
        [-9.63450368e-01, -8.26432378e-01, -7.51212558e-01, ...,
          3.77236794e-02,  7.58205960e-02,  0.00000000e+00]],

       [[ 0.00000000e+00, -3.02819018e-01, -2.25566998e-01, ...,
         -4.00826462e-01, -4.61021841e-01, -3.64132468e-01],
        [ 3.02819018e-01,  0.00000000e+00,  8.00384683e-02, ...,
         -1.04578036e-01, -1.70657779e-01, -6.50061145e-02],
        [ 2.25566998e-01, -8.00384683e-02,  0.00000000e+00, ...,
         -1.83842118e-01, -2.48974603e-01, -1.44666736e-01],
        ...,
        [ 4.00826462e-01,  1.04578036e-01,  1.83842118e-01, ...,
          0.00000000e+00, -6.66780946e-02,  3.97071736e-02],
        [ 4.61021841e-01,  1.70657779e-01,  2.48974603e-01, ...,
          6.66780946e-02,  0.00000000e+00,  1.06244316e-01],
        [ 3.64132468e-01,  6.50061145e-02,  1.44666736e-01, ...,
         -3.97071736e-02, -1.06244316e-01,  0.00000000e+00]],

       [[ 0.00000000e+00,  1.95776864e-02,  7.42618463e-02, ...,
          9.97863055e-01,  9.95597450e-01,  9.91784564e-01],
        [-1.95776864e-02,  0.00000000e+00,  5.47239851e-02, ...,
          9.96392597e-01,  9.93571573e-01,  9.89090111e-01],
        [-7.42618463e-02, -5.47239851e-02,  0.00000000e+00, ...,
          9.90255460e-01,  9.85887659e-01,  9.79546493e-01],
        ...,
        [-9.97863055e-01, -9.96392597e-01, -9.90255460e-01, ...,
          0.00000000e+00, -2.84794713e-02, -6.28428105e-02],
        [-9.95597450e-01, -9.93571573e-01, -9.85887659e-01, ...,
          2.84794713e-02,  0.00000000e+00, -3.43941402e-02],
        [-9.91784564e-01, -9.89090111e-01, -9.79546493e-01, ...,
          6.28428105e-02,  3.43941402e-02,  0.00000000e+00]],

       ...,

       [[ 0.00000000e+00,  2.26257263e-01, -3.46025525e-01, ...,
          7.57985333e-01,  5.73834273e-01,  7.19718466e-01],
        [-2.26257263e-01,  0.00000000e+00, -5.49332489e-01, ...,
          5.90747753e-01,  3.73655124e-01,  5.43971692e-01],
        [ 3.46025525e-01,  5.49332489e-01,  0.00000000e+00, ...,
          9.36863485e-01,  8.21770741e-01,  9.15491699e-01],
        ...,
        [-7.57985333e-01, -5.90747753e-01, -9.36863485e-01, ...,
          0.00000000e+00, -2.46472546e-01, -5.67915598e-02],
        [-5.73834273e-01, -3.73655124e-01, -8.21770741e-01, ...,
          2.46472546e-01,  0.00000000e+00,  1.91035226e-01],
        [-7.19718466e-01, -5.43971692e-01, -9.15491699e-01, ...,
          5.67915598e-02, -1.91035226e-01,  0.00000000e+00]],

       [[ 0.00000000e+00, -1.25190004e-03, -1.34303945e-03, ...,
          1.05018560e-02, -1.88599166e-02, -4.99656356e-02],
        [ 1.25190004e-03,  0.00000000e+00, -9.11394901e-05, ...,
          1.17536787e-02, -1.76082245e-02, -4.87152601e-02],
        [ 1.34303945e-03,  9.11394901e-05,  0.00000000e+00, ...,
          1.18448119e-02, -1.75170991e-02, -4.86242286e-02],
        ...,
        [-1.05018560e-02, -1.17536787e-02, -1.18448119e-02, ...,
          0.00000000e+00, -2.93588646e-02, -6.04516186e-02],
        [ 1.88599166e-02,  1.76082245e-02,  1.75170991e-02, ...,
          2.93588646e-02,  0.00000000e+00, -3.11203890e-02],
        [ 4.99656356e-02,  4.87152601e-02,  4.86242286e-02, ...,
          6.04516186e-02,  3.11203890e-02,  0.00000000e+00]],

       [[ 0.00000000e+00,  4.62711932e-03, -1.76221303e-02, ...,
          9.30134741e-01,  9.35491911e-01,  9.39530686e-01],
        [-4.62711932e-03,  0.00000000e+00, -2.22483424e-02, ...,
          9.28425620e-01,  9.33846913e-01,  9.37936003e-01],
        [ 1.76221303e-02,  2.22483424e-02,  0.00000000e+00, ...,
          9.36461479e-01,  9.41573392e-01,  9.45419752e-01],
        ...,
        [-9.30134741e-01, -9.28425620e-01, -9.36461479e-01, ...,
          0.00000000e+00,  1.48685059e-02,  2.64746273e-02],
        [-9.35491911e-01, -9.33846913e-01, -9.41573392e-01, ...,
         -1.48685059e-02,  0.00000000e+00,  1.16084064e-02],
        [-9.39530686e-01, -9.37936003e-01, -9.45419752e-01, ...,
         -2.64746273e-02, -1.16084064e-02,  0.00000000e+00]]]), 'num': array([ 8.75619200e-01,  4.82969084e-01,  1.12025711e-05,  8.01326766e-04,
        8.11614842e-04,  7.93324930e-04,  5.17186126e-03, -4.57247798e-06,
        8.06585116e-04,  7.99497775e-04,  7.94982453e-04,  1.34484647e-06,
        8.33695203e-04,  7.65300347e-04])}
{'img': array([[[ 0.00000000e+00,  1.22535555e-01, -8.38262922e-02, ...,
          8.66743196e-01,  8.26432378e-01,  7.97405654e-01],
        [-1.22535555e-01,  0.00000000e+00, -2.05298864e-01, ...,
          7.99096345e-01,  7.51212558e-01,  7.17453203e-01],
        [ 8.38262922e-02,  2.05298864e-01,  0.00000000e+00, ...,
          9.05501347e-01,  8.70720871e-01,  8.45183534e-01],
        ...,
        [-8.66743196e-01, -7.99096345e-01, -9.05501347e-01, ...,
          0.00000000e+00, -7.58205960e-02, -1.25320864e-01],
        [-8.26432378e-01, -7.51212558e-01, -8.70720871e-01, ...,
          7.58205960e-02,  0.00000000e+00, -4.97372784e-02],
        [-7.97405654e-01, -7.17453203e-01, -8.45183534e-01, ...,
          1.25320864e-01,  4.97372784e-02,  0.00000000e+00]],

       [[ 0.00000000e+00,  8.00384683e-02, -3.74813975e-02, ...,
         -1.70657779e-01, -6.50061145e-02, -6.89228045e-02],
        [-8.00384683e-02,  0.00000000e+00, -1.17343376e-01, ...,
         -2.48974603e-01, -1.44666736e-01, -1.48549821e-01],
        [ 3.74813975e-02,  1.17343376e-01,  0.00000000e+00, ...,
         -1.33606303e-01, -2.75583170e-02, -3.14821076e-02],
        ...,
        [ 1.70657779e-01,  2.48974603e-01,  1.33606303e-01, ...,
          0.00000000e+00,  1.06244316e-01,  1.02340222e-01],
        [ 6.50061145e-02,  1.44666736e-01,  2.75583170e-02, ...,
         -1.06244316e-01,  0.00000000e+00, -3.92549386e-03],
        [ 6.89228045e-02,  1.48549821e-01,  3.14821076e-02, ...,
         -1.02340222e-01,  3.92549386e-03,  0.00000000e+00]],

       [[ 0.00000000e+00,  5.47239851e-02,  6.61863926e-02, ...,
          9.93571573e-01,  9.89090111e-01,  9.84062308e-01],
        [-5.47239851e-02,  0.00000000e+00,  1.14832231e-02, ...,
          9.85887659e-01,  9.79546493e-01,  9.72856473e-01],
        [-6.61863926e-02, -1.14832231e-02,  0.00000000e+00, ...,
          9.83900269e-01,  9.77171276e-01,  9.70135003e-01],
        ...,
        [-9.93571573e-01, -9.85887659e-01, -9.83900269e-01, ...,
          0.00000000e+00, -3.43941402e-02, -6.52794106e-02],
        [-9.89090111e-01, -9.79546493e-01, -9.77171276e-01, ...,
          3.43941402e-02,  0.00000000e+00, -3.09200095e-02],
        [-9.84062308e-01, -9.72856473e-01, -9.70135003e-01, ...,
          6.52794106e-02,  3.09200095e-02,  0.00000000e+00]],

       ...,

       [[ 0.00000000e+00, -5.49332489e-01, -8.11391155e-01, ...,
          3.73655124e-01,  5.43971692e-01,  7.08967713e-01],
        [ 5.49332489e-01,  0.00000000e+00, -3.56914797e-01, ...,
          8.21770741e-01,  9.15491699e-01,  9.79827920e-01],
        [ 8.11391155e-01,  3.56914797e-01,  0.00000000e+00, ...,
          9.71022976e-01,  9.98794596e-01,  9.86620401e-01],
        ...,
        [-3.73655124e-01, -8.21770741e-01, -9.71022976e-01, ...,
          0.00000000e+00,  1.91035226e-01,  3.94098664e-01],
        [-5.43971692e-01, -9.15491699e-01, -9.98794596e-01, ...,
         -1.91035226e-01,  0.00000000e+00,  2.11266231e-01],
        [-7.08967713e-01, -9.79827920e-01, -9.86620401e-01, ...,
         -3.94098664e-01, -2.11266231e-01,  0.00000000e+00]],

       [[ 0.00000000e+00, -9.11394901e-05, -1.10155878e-02, ...,
         -1.76082245e-02, -4.87152601e-02, -6.67864697e-02],
        [ 9.11394901e-05,  0.00000000e+00, -1.09244538e-02, ...,
         -1.75170991e-02, -4.86242286e-02, -6.66955334e-02],
        [ 1.10155878e-02,  1.09244538e-02,  0.00000000e+00, ...,
         -6.59327619e-03, -3.77097953e-02, -5.57914243e-02],
        ...,
        [ 1.76082245e-02,  1.75170991e-02,  6.59327619e-03, ...,
          0.00000000e+00, -3.11203890e-02, -4.92072049e-02],
        [ 4.87152601e-02,  4.86242286e-02,  3.77097953e-02, ...,
          3.11203890e-02,  0.00000000e+00, -1.81006815e-02],
        [ 6.67864697e-02,  6.66955334e-02,  5.57914243e-02, ...,
          4.92072049e-02,  1.81006815e-02,  0.00000000e+00]],

       [[ 0.00000000e+00, -2.22483424e-02, -8.75087051e-02, ...,
          9.33846913e-01,  9.37936003e-01,  9.38066817e-01],
        [ 2.22483424e-02,  0.00000000e+00, -6.53240522e-02, ...,
          9.41573392e-01,  9.45419752e-01,  9.45542658e-01],
        [ 8.75087051e-02,  6.53240522e-02,  0.00000000e+00, ...,
          9.61563944e-01,  9.64686603e-01,  9.64785938e-01],
        ...,
        [-9.33846913e-01, -9.41573392e-01, -9.61563944e-01, ...,
          0.00000000e+00,  1.16084064e-02,  1.19857666e-02],
        [-9.37936003e-01, -9.45419752e-01, -9.64686603e-01, ...,
         -1.16084064e-02,  0.00000000e+00,  3.77386470e-04],
        [-9.38066817e-01, -9.45542658e-01, -9.64785938e-01, ...,
         -1.19857666e-02, -3.77386470e-04,  0.00000000e+00]]]), 'num': array([ 9.10977353e-01,  4.11433241e-01,  1.47794116e-05,  8.20269479e-04,
        9.02781793e-04,  8.11775564e-04,  2.89346176e-02, -3.03354097e-05,
        8.49634155e-04,  8.46964639e-04,  8.44800713e-04,  1.22214600e-06,
        8.85190145e-04,  8.08739134e-04])}
{'img': array([[[ 0.00000000e+00, -2.05298864e-01, -2.05298864e-01, ...,
          7.51212558e-01,  7.17453203e-01,  4.75531410e-01],
        [ 2.05298864e-01,  0.00000000e+00,  0.00000000e+00, ...,
          8.70720871e-01,  8.45183534e-01,  6.46003425e-01],
        [ 2.05298864e-01,  0.00000000e+00,  0.00000000e+00, ...,
          8.70720871e-01,  8.45183534e-01,  6.46003425e-01],
        ...,
        [-7.51212558e-01, -8.70720871e-01, -8.70720871e-01, ...,
          0.00000000e+00, -4.97372784e-02, -3.46961304e-01],
        [-7.17453203e-01, -8.45183534e-01, -8.45183534e-01, ...,
          4.97372784e-02,  0.00000000e+00, -2.99884312e-01],
        [-4.75531410e-01, -6.46003425e-01, -6.46003425e-01, ...,
          3.46961304e-01,  2.99884312e-01,  0.00000000e+00]],

       [[ 0.00000000e+00, -1.17343376e-01, -1.74755024e-01, ...,
         -1.44666736e-01, -1.48549821e-01,  9.76675860e-01],
        [ 1.17343376e-01,  0.00000000e+00, -5.80100217e-02, ...,
         -2.75583170e-02, -3.14821076e-02,  9.95124255e-01],
        [ 1.74755024e-01,  5.80100217e-02,  0.00000000e+00, ...,
          3.04760806e-02,  2.65521753e-02,  9.99169948e-01],
        ...,
        [ 1.44666736e-01,  2.75583170e-02, -3.04760806e-02, ...,
          0.00000000e+00, -3.92549386e-03,  9.97464359e-01],
        [ 1.48549821e-01,  3.14821076e-02, -2.65521753e-02, ...,
          3.92549386e-03,  0.00000000e+00,  9.97736042e-01],
        [-9.76675860e-01, -9.95124255e-01, -9.99169948e-01, ...,
         -9.97464359e-01, -9.97736042e-01,  0.00000000e+00]],

       [[ 0.00000000e+00,  1.14832231e-02, -2.36662313e-02, ...,
          9.79546493e-01,  9.72856473e-01,  9.50589328e-01],
        [-1.14832231e-02,  0.00000000e+00, -3.51446777e-02, ...,
          9.77171276e-01,  9.70135003e-01,  9.46961672e-01],
        [ 2.36662313e-02,  3.51446777e-02,  0.00000000e+00, ...,
          9.84034208e-01,  9.78060578e-01,  9.57670292e-01],
        ...,
        [-9.79546493e-01, -9.77171276e-01, -9.84034208e-01, ...,
          0.00000000e+00, -3.09200095e-02, -1.12825707e-01],
        [-9.72856473e-01, -9.70135003e-01, -9.78060578e-01, ...,
          3.09200095e-02,  0.00000000e+00, -8.20491818e-02],
        [-9.50589328e-01, -9.46961672e-01, -9.57670292e-01, ...,
          1.12825707e-01,  8.20491818e-02,  0.00000000e+00]],

       ...,

       [[ 0.00000000e+00, -3.56914797e-01, -3.36924238e-02, ...,
          9.15491699e-01,  9.79827920e-01,  8.59785953e-01],
        [ 3.56914797e-01,  0.00000000e+00,  3.25238820e-01, ...,
          9.98794596e-01,  9.86620401e-01,  9.85418002e-01],
        [ 3.36924238e-02, -3.25238820e-01,  0.00000000e+00, ...,
          9.28527632e-01,  9.86004819e-01,  8.76503000e-01],
        ...,
        [-9.15491699e-01, -9.98794596e-01, -9.28527632e-01, ...,
          0.00000000e+00,  2.11266231e-01, -1.21576461e-01],
        [-9.79827920e-01, -9.86620401e-01, -9.86004819e-01, ...,
         -2.11266231e-01,  0.00000000e+00, -3.28531378e-01],
        [-8.59785953e-01, -9.85418002e-01, -8.76503000e-01, ...,
          1.21576461e-01,  3.28531378e-01,  0.00000000e+00]],

       [[ 0.00000000e+00, -1.09244538e-02, -3.18753185e-02, ...,
         -4.86242286e-02, -6.66955334e-02, -6.41403459e-02],
        [ 1.09244538e-02,  0.00000000e+00, -2.09545139e-02, ...,
         -3.77097953e-02, -5.57914243e-02, -5.32345593e-02],
        [ 3.18753185e-02,  2.09545139e-02,  0.00000000e+00, ...,
         -1.67619057e-02, -3.48572981e-02, -3.22980694e-02],
        ...,
        [ 4.86242286e-02,  3.77097953e-02,  1.67619057e-02, ...,
          0.00000000e+00, -1.81006815e-02, -1.55403711e-02],
        [ 6.66955334e-02,  5.57914243e-02,  3.48572981e-02, ...,
          1.81006815e-02,  0.00000000e+00,  2.56067054e-03],
        [ 6.41403459e-02,  5.32345593e-02,  3.22980694e-02, ...,
          1.55403711e-02, -2.56067054e-03,  0.00000000e+00]],

       [[ 0.00000000e+00, -6.53240522e-02, -1.27180768e-01, ...,
          9.45419752e-01,  9.45542658e-01,  9.24349609e-01],
        [ 6.53240522e-02,  0.00000000e+00, -6.21155308e-02, ...,
          9.64686603e-01,  9.64785938e-01,  9.47299463e-01],
        [ 1.27180768e-01,  6.21155308e-02,  0.00000000e+00, ...,
          9.79185015e-01,  9.79261543e-01,  9.65368867e-01],
        ...,
        [-9.45419752e-01, -9.64686603e-01, -9.79185015e-01, ...,
          0.00000000e+00,  3.77386470e-04, -5.95177256e-02],
        [-9.45542658e-01, -9.64785938e-01, -9.79261543e-01, ...,
         -3.77386470e-04,  0.00000000e+00, -5.98944388e-02],
        [-9.24349609e-01, -9.47299463e-01, -9.65368867e-01, ...,
          5.95177256e-02,  5.98944388e-02,  0.00000000e+00]]]), 'num': array([ 7.31092842e-01,  6.82197802e-01,  1.48391623e-06,  6.43355787e-04,
        6.69714825e-04,  6.31640659e-04,  1.02884598e-02, -1.65964315e-05,
        6.74010372e-04,  6.78989302e-04,  6.80030646e-04,  8.81783838e-07,
        7.13469413e-04,  6.44509190e-04])}
{'img': array([[[ 0.        ,  0.        ,  0.26129747, ...,  0.84518353,
          0.64600342,  0.47178448],
        [ 0.        ,  0.        ,  0.26129747, ...,  0.84518353,
          0.64600342,  0.47178448],
        [-0.26129747, -0.26129747,  0.        , ...,  0.67616317,
          0.42410281,  0.22500428],
        ...,
        [-0.84518353, -0.84518353, -0.67616317, ...,  0.        ,
         -0.29988431, -0.4930525 ],
