state_0,state_1,state_2,state_3,state_4,state_5,state_6,state_7,state_8,state_9,state_10,state_11,state_12,state_13,state_14,state_15,state_16,state_17,state_18,state_19,state_20,state_21,state_22,state_23,state_24,state_25,state_26,state_27,state_28,state_29,state_30,state_31,state_32,state_33,state_34,state_35,state_36,state_37,state_38,state_39,state_40,state_41,state_42,state_43,state_44,state_45,state_46,state_47,state_48,state_49,state_50,state_51,state_52,state_53,state_54,state_55,state_56,state_57,state_58,state_59,state_60,state_61,state_62,state_63,state_64,state_65,state_66,state_67,state_68,state_69,state_70,state_71,state_72,state_73,state_74,state_75,state_76,state_77,state_78,state_79,state_80,state_81,state_82,state_83,state_84,state_85,state_86,state_87,state_88,state_89,state_90,state_91,state_92,state_93,state_94,state_95,state_96,state_97,state_98,state_99,state_100,state_101,state_102,state_103,state_104,state_105,state_106,state_107,state_108,state_109,state_110,state_111,state_112,state_113,state_114,state_115,state_116,state_117,state_118,state_119,state_120,state_121,state_122,state_123,state_124,state_125,state_126,state_127,state_128,state_129,state_130,state_131,state_132,state_133,state_134,state_135,state_136,state_137,state_138,state_139,state_140,state_141,state_142,state_143,state_144,state_145,state_146,state_147,state_148,state_149,state_150,state_151,state_152,state_153,state_154,state_155,state_156,state_157,state_158,state_159,state_160,state_161,state_162,state_163,state_164,state_165,state_166,state_167,state_168,state_169,state_170,state_171,state_172,state_173,state_174,state_175,state_176,state_177,state_178,state_179,state_180,state_181,state_182,state_183,state_184,state_185,state_186,state_187,state_188,state_189,state_190,state_191,state_192,state_193,state_194,state_195,state_196,state_197,state_198,state_199,state_200,state_201,state_202,state_203,state_204,state_205,state_206,state_207,state_208,state_209,state_210,state_211,state_212,state_213,state_214,state_215,state_216,state_217,state_218,state_219,state_220,state_221,state_222,state_223,state_224,state_225,state_226,state_227,state_228,state_229,state_230,state_231,state_232,state_233,state_234,state_235,state_236,state_237,state_238,state_239,state_240,state_241,state_242,state_243,state_244,state_245,state_246,state_247,state_248,state_249,state_250,state_251,state_252,state_253,state_254,state_255,state_256,state_257,state_258,state_259,state_260,state_261,state_262,state_263,state_264,state_265,state_266,state_267,state_268,state_269,state_270,state_271,state_272,state_273,state_274,state_275,state_276,state_277,state_278,state_279,state_280,state_281,state_282,state_283,state_284,state_285,state_286,state_287
{'img': array([[[ 0.        ,  0.19385258,  0.05051064, ..., -0.93531489,
         -0.95371688, -0.85554376],
        [-0.19385258,  0.        , -0.14405265, ..., -0.98616082,
         -0.87733288, -0.73895128],
        [-0.05051064,  0.14405265,  0.        , ..., -0.95199248,
         -0.93731063, -0.82830078],
        ...,
        [ 0.93531489,  0.98616082,  0.95199248, ...,  0.        ,
         -0.6186955 , -0.78694647],
        [ 0.95371688,  0.87733288,  0.93731063, ...,  0.6186955 ,
          0.        , -0.23650116],
        [ 0.85554376,  0.73895128,  0.82830078, ...,  0.78694647,
          0.23650116,  0.        ]],

       [[ 0.        ,  0.16742181, -0.06974128, ...,  0.18549523,
          0.82513834,  0.64089766],
        [-0.16742181,  0.        , -0.23577107, ...,  0.0183608 ,
          0.71891007,  0.50333422],
        [ 0.06974128,  0.23577107,  0.        , ...,  0.25357451,
          0.86252821,  0.69287239],
        ...,
        [-0.18549523, -0.0183608 , -0.25357451, ...,  0.        ,
          0.70602624,  0.48738396],
        [-0.82513834, -0.71891007, -0.86252821, ..., -0.70602624,
          0.        , -0.27133513],
        [-0.64089766, -0.50333422, -0.69287239, ..., -0.48738396,
          0.27133513,  0.        ]],

       [[ 0.        ,  0.03132432,  0.04957875, ..., -0.99615101,
         -0.98627471, -0.79094433],
        [-0.03132432,  0.        ,  0.01826862, ..., -0.99840786,
         -0.98061867, -0.77138922],
        [-0.04957875, -0.01826862,  0.        , ..., -0.99927172,
         -0.97687573, -0.759635  ],
        ...,
        [ 0.99615101,  0.99840786,  0.99927172, ...,  0.        ,
         -0.2509278 , -0.67886216],
        [ 0.98627471,  0.98061867,  0.97687573, ...,  0.2509278 ,
          0.        , -0.47289483],
        [ 0.79094433,  0.77138922,  0.759635  , ...,  0.67886216,
          0.47289483,  0.        ]],

       ...,

       [[ 0.        ,  0.26168598, -0.02147398, ..., -0.54659513,
         -0.98442159, -0.89126489],
        [-0.26168598,  0.        , -0.28235131, ..., -0.74668303,
         -0.99612824, -0.97887721],
        [ 0.02147398,  0.28235131,  0.        , ..., -0.52848685,
         -0.98041894, -0.88132129],
        ...,
        [ 0.54659513,  0.74668303,  0.52848685, ...,  0.        ,
         -0.72824706, -0.49847092],
        [ 0.98442159,  0.99612824,  0.98041894, ...,  0.72824706,
          0.        ,  0.28971261],
        [ 0.89126489,  0.97887721,  0.88132129, ...,  0.49847092,
         -0.28971261,  0.        ]],

       [[ 0.        , -0.00895751, -0.01194703, ..., -0.69653524,
         -0.59405023, -0.53728612],
        [ 0.00895751,  0.        , -0.00298969, ..., -0.69008008,
         -0.58682073, -0.5297098 ],
        [ 0.01194703,  0.00298969,  0.        , ..., -0.68791326,
         -0.5843973 , -0.52717165],
        ...,
        [ 0.69653524,  0.69008008,  0.68791326, ...,  0.        ,
          0.13406796,  0.20194292],
        [ 0.59405023,  0.58682073,  0.5843973 , ..., -0.13406796,
          0.        ,  0.06881401],
        [ 0.53728612,  0.5297098 ,  0.52717165, ..., -0.20194292,
         -0.06881401,  0.        ]],

       [[ 0.        , -0.01607453, -0.15433716, ..., -0.80611817,
         -0.58625816, -0.        ],
        [ 0.01607453,  0.        , -0.13843529, ..., -0.81552619,
         -0.59920478, -0.01607453],
        [ 0.15433716,  0.13843529,  0.        , ..., -0.88778918,
         -0.70426604, -0.15433716],
        ...,
        [ 0.80611817,  0.81552619,  0.88778918, ...,  0.        ,
         -0.30613495, -0.80611817],
        [ 0.58625816,  0.59920478,  0.70426604, ...,  0.30613495,
          0.        , -0.58625816],
        [ 0.        ,  0.01607453,  0.15433716, ...,  0.80611817,
          0.58625816,  0.        ]]]), 'num': array([6.92768162e-01, 6.83810083e-01, 1.29078938e-07, 8.14370753e-04,
       8.19064533e-04, 8.07330084e-04, 2.29063964e-01, 7.04066934e-06,
       8.22115490e-04, 8.69757352e-04, 8.96551011e-04, 1.62978457e-07,
       9.39165799e-04, 8.00348905e-04])}
{'img': array([[[ 0.        , -0.14405265, -0.27259492, ..., -0.87733288,
         -0.73895128, -0.94805491],
        [ 0.14405265,  0.        , -0.13115454, ..., -0.93731063,
         -0.82830078, -0.98399084],
        [ 0.27259492,  0.13115454,  0.        , ..., -0.97492079,
         -0.89462962, -0.9988653 ],
        ...,
        [ 0.87733288,  0.93731063,  0.97492079, ...,  0.        ,
         -0.23650116,  0.17586927],
        [ 0.73895128,  0.82830078,  0.89462962, ...,  0.23650116,
          0.        ,  0.40369502],
        [ 0.94805491,  0.98399084,  0.9988653 , ..., -0.17586927,
         -0.40369502,  0.        ]],

       [[ 0.        , -0.23577107, -0.04231264, ...,  0.71891007,
          0.50333422,  0.31379659],
        [ 0.23577107,  0.        ,  0.19444013, ...,  0.86252821,
          0.69287239,  0.52881256],
        [ 0.04231264, -0.19444013,  0.        , ...,  0.74767788,
          0.53944545,  0.353691  ],
        ...,
        [-0.71891007, -0.86252821, -0.74767788, ...,  0.        ,
         -0.27133513, -0.46447711],
        [-0.50333422, -0.69287239, -0.53944545, ...,  0.27133513,
          0.        , -0.20676186],
        [-0.31379659, -0.52881256, -0.353691  , ...,  0.46447711,
          0.20676186,  0.        ]],

       [[ 0.        ,  0.01791023, -0.01325555, ..., -0.99532186,
         -0.94125301, -0.76159426],
        [-0.01791023,  0.        , -0.03116207, ..., -0.99343181,
         -0.93505371, -0.74986531],
        [ 0.01325555,  0.03116207,  0.        , ..., -0.99651509,
         -0.94564674, -0.77011766],
        ...,
        [ 0.99532186,  0.99343181,  0.99651509, ...,  0.        ,
         -0.24518349, -0.57144125],
        [ 0.94125301,  0.93505371,  0.94564674, ...,  0.24518349,
          0.        , -0.35279086],
        [ 0.76159426,  0.74986531,  0.77011766, ...,  0.57144125,
          0.35279086,  0.        ]],

       ...,

       [[ 0.        , -0.26684749, -0.24824727, ..., -0.94495065,
         -0.91470357, -0.99047922],
        [ 0.26684749,  0.        ,  0.01924876, ..., -0.82336964,
         -0.77369544, -0.99129807],
        [ 0.24824727, -0.01924876,  0.        , ..., -0.83414087,
         -0.78574729, -0.99364825],
        ...,
        [ 0.94495065,  0.82336964,  0.83414087, ...,  0.        ,
          0.08257581, -0.45418167],
        [ 0.91470357,  0.77369544,  0.78574729, ..., -0.08257581,
          0.        , -0.52619808],
        [ 0.99047922,  0.99129807,  0.99364825, ...,  0.45418167,
          0.52619808,  0.        ]],

       [[ 0.        , -0.00298969,  0.01780698, ..., -0.58682073,
         -0.5297098 , -0.50249171],
        [ 0.00298969,  0.        ,  0.02079611, ..., -0.5843973 ,
         -0.52717165, -0.49990463],
        [-0.01780698, -0.02079611,  0.        , ..., -0.60114629,
         -0.54472932, -0.51780763],
        ...,
        [ 0.58682073,  0.5843973 ,  0.60114629, ...,  0.        ,
          0.06881401,  0.10047863],
        [ 0.5297098 ,  0.52717165,  0.54472932, ..., -0.06881401,
          0.        ,  0.03177469],
        [ 0.50249171,  0.49990463,  0.51780763, ..., -0.10047863,
         -0.03177469,  0.        ]],

       [[ 0.        , -0.14857246, -0.28084249, ..., -0.71916437,
         -0.48837213, -0.        ],
        [ 0.14857246,  0.        , -0.13513257, ..., -0.81441683,
         -0.61260154, -0.14857246],
        [ 0.28084249,  0.13513257,  0.        , ..., -0.88536138,
         -0.71379016, -0.28084249],
        ...,
        [ 0.71916437,  0.81441683,  0.88536138, ...,  0.        ,
         -0.28822785, -0.71916437],
        [ 0.48837213,  0.61260154,  0.71379016, ...,  0.28822785,
          0.        , -0.48837213],
        [ 0.        ,  0.14857246,  0.28084249, ...,  0.71916437,
          0.48837213,  0.        ]]]), 'num': array([8.19504006e-01, 5.37121160e-01, 4.02828597e-06, 7.75777050e-04,
       7.85737098e-04, 7.74670378e-04, 1.99772130e-01, 7.74670378e-06,
       7.72014365e-04, 8.17387916e-04, 8.43597597e-04, 1.95871145e-07,
       8.85310534e-04, 7.49465299e-04])}
{'img': array([[[ 0.        , -0.13115454, -0.13115454, ..., -0.82830078,
         -0.98399084, -0.99975141],
        [ 0.13115454,  0.        ,  0.        , ..., -0.89462962,
         -0.9988653 , -0.98819129],
        [ 0.13115454,  0.        ,  0.        , ..., -0.89462962,
         -0.9988653 , -0.98819129],
        ...,
        [ 0.82830078,  0.89462962,  0.89462962, ...,  0.        ,
          0.40369502,  0.57861214],
        [ 0.98399084,  0.9988653 ,  0.9988653 , ..., -0.40369502,
          0.        ,  0.20011375],
        [ 0.99975141,  0.98819129,  0.98819129, ..., -0.57861214,
         -0.20011375,  0.        ]],

       [[ 0.        ,  0.19444013,  0.14300743, ...,  0.69287239,
          0.52881256,  0.46597931],
        [-0.19444013,  0.        , -0.05216355, ...,  0.53944545,
          0.353691  ,  0.28504603],
        [-0.14300743,  0.05216355,  0.        , ...,  0.58263381,
          0.40200129,  0.33465745],
        ...,
        [-0.69287239, -0.53944545, -0.58263381, ...,  0.        ,
         -0.20676186, -0.27705131],
        [-0.52881256, -0.353691  , -0.40200129, ...,  0.20676186,
          0.        , -0.07239639],
        [-0.46597931, -0.28504603, -0.33465745, ...,  0.27705131,
          0.07239639,  0.        ]],

       [[ 0.        , -0.0306936 , -0.06478719, ..., -0.96743935,
         -0.9138242 , -0.74239088],
        [ 0.0306936 ,  0.        , -0.03412755, ..., -0.97475217,
         -0.92585862, -0.7626048 ],
        [ 0.06478719,  0.03412755,  0.        , ..., -0.98180469,
         -0.93821508, -0.78423648],
        ...,
        [ 0.96743935,  0.97475217,  0.98180469, ...,  0.        ,
         -0.16159518, -0.46025111],
        [ 0.9138242 ,  0.92585862,  0.93821508, ...,  0.16159518,
          0.        , -0.3107397 ],
        [ 0.74239088,  0.7626048 ,  0.78423648, ...,  0.46025111,
          0.3107397 ,  0.        ]],

       ...,

       [[ 0.        ,  0.01924876,  0.07992611, ..., -0.77369544,
         -0.99129807, -0.77369544],
        [-0.01924876,  0.        ,  0.06072412, ..., -0.78574729,
         -0.99364825, -0.78574729],
        [-0.07992611, -0.06072412,  0.        , ..., -0.82185802,
         -0.99864788, -0.82185802],
        ...,
        [ 0.77369544,  0.78574729,  0.82185802, ...,  0.        ,
         -0.52619808,  0.        ],
        [ 0.99129807,  0.99364825,  0.99864788, ...,  0.52619808,
          0.        ,  0.52619808],
        [ 0.77369544,  0.78574729,  0.82185802, ...,  0.        ,
         -0.52619808,  0.        ]],

       [[ 0.        ,  0.02079611,  0.03744831, ..., -0.52717165,
         -0.49990463, -0.5100429 ],
        [-0.02079611,  0.        ,  0.01665869, ..., -0.54472932,
         -0.51780763, -0.52782035],
        [-0.03744831, -0.01665869,  0.        , ..., -0.5586239 ,
         -0.53198724, -0.54189626],
        ...,
        [ 0.52717165,  0.54472932,  0.5586239 , ...,  0.        ,
          0.03177469,  0.02003269],
        [ 0.49990463,  0.51780763,  0.53198724, ..., -0.03177469,
          0.        , -0.01174573],
        [ 0.5100429 ,  0.52782035,  0.54189626, ..., -0.02003269,
          0.01174573,  0.        ]],

       [[ 0.        , -0.23520855, -0.32833538, ..., -0.61083399,
         -0.40492689, -0.        ],
        [ 0.23520855,  0.        , -0.09695503, ..., -0.77992541,
         -0.60862936, -0.23520855],
        [ 0.32833538,  0.09695503,  0.        , ..., -0.83693249,
         -0.68269138, -0.32833538],
        ...,
        [ 0.61083399,  0.77992541,  0.83693249, ...,  0.        ,
         -0.2379111 , -0.61083399],
        [ 0.40492689,  0.60862936,  0.68269138, ...,  0.2379111 ,
          0.        , -0.40492689],
        [ 0.        ,  0.23520855,  0.32833538, ...,  0.61083399,
          0.40492689,  0.        ]]]), 'num': array([8.00188763e-01, 5.81778880e-01, 3.11125190e-06, 7.58367650e-04,
       7.59447946e-04, 7.47564692e-04, 1.45692915e-01, 1.08029580e-06,
       7.50805579e-04, 7.94611574e-04, 8.21763008e-04, 2.00762936e-07,
       8.61890589e-04, 7.27332559e-04])}
{'img': array([[[ 0.        ,  0.        , -0.0777629 , ..., -0.9988653 ,
         -0.98819129, -0.98421066],
        [ 0.        ,  0.        , -0.0777629 , ..., -0.9988653 ,
         -0.98819129, -0.98421066],
        [ 0.0777629 ,  0.0777629 ,  0.        , ..., -0.99954405,
         -0.97328368, -0.96746624],
        ...,
        [ 0.9988653 ,  0.9988653 ,  0.99954405, ...,  0.        ,
          0.20011375,  0.22367297],
        [ 0.98819129,  0.98819129,  0.97328368, ..., -0.20011375,
          0.        ,  0.02410494],
        [ 0.98421066,  0.98421066,  0.96746624, ..., -0.22367297,
         -0.02410494,  0.        ]],

       [[ 0.        , -0.05216355, -0.06012387, ...,  0.353691  ,
          0.28504603,  0.02326409],
        [ 0.05216355,  0.        , -0.00797284, ...,  0.40200129,
          0.33465745,  0.07538185],
        [ 0.06012387,  0.00797284,  0.        , ...,  0.40928875,
          0.34215993,  0.0833296 ],
        ...,
        [-0.353691  , -0.40200129, -0.40928875, ...,  0.        ,
         -0.07239639, -0.33183493],
        [-0.28504603, -0.33465745, -0.34215993, ...,  0.07239639,
          0.        , -0.26266994],
        [-0.02326409, -0.07538185, -0.0833296 , ...,  0.33183493,
          0.26266994,  0.        ]],

       [[ 0.        , -0.03368822, -0.07449919, ..., -0.95977663,
         -0.91212051, -0.75625144],
        [ 0.03368822,  0.        , -0.0408623 , ..., -0.96869032,
         -0.92541233, -0.77786375],
        [ 0.07449919,  0.0408623 ,  0.        , ..., -0.97802622,
         -0.94012467, -0.80289329],
        ...,
        [ 0.95977663,  0.96869032,  0.97802622, ...,  0.        ,
         -0.13734245, -0.41563499],
        [ 0.91212051,  0.92541233,  0.94012467, ...,  0.13734245,
          0.        , -0.28677899],
        [ 0.75625144,  0.77786375,  0.80289329, ...,  0.41563499,
          0.28677899,  0.        ]],

       ...,

       [[ 0.        ,  0.06072412,  0.08202317, ..., -0.99364825,
         -0.78574729, -0.74531595],
        [-0.06072412,  0.        ,  0.0213523 , ..., -0.99864788,
         -0.82185802, -0.784426  ],
        [-0.08202317, -0.0213523 ,  0.        , ..., -0.9995302 ,
         -0.8338349 , -0.79749034],
        ...,
        [ 0.99364825,  0.99864788,  0.9995302 , ...,  0.        ,
          0.52619808,  0.57860571],
        [ 0.78574729,  0.82185802,  0.8338349 , ..., -0.52619808,
          0.        ,  0.06285327],
        [ 0.74531595,  0.784426  ,  0.79749034, ..., -0.57860571,
         -0.06285327,  0.        ]],

       [[ 0.        ,  0.01665869,  0.04702892, ..., -0.51780763,
         -0.52782035, -0.58469029],
        [-0.01665869,  0.        ,  0.03038213, ..., -0.53198724,
         -0.54189626, -0.59812363],
        [-0.04702892, -0.03038213,  0.        , ..., -0.55746779,
         -0.56718063, -0.62219587],
        ...,
        [ 0.51780763,  0.53198724,  0.55746779, ...,  0.        ,
         -0.01174573, -0.08012598],
        [ 0.52782035,  0.54189626,  0.56718063, ...,  0.01174573,
          0.        , -0.06841249],
        [ 0.58469029,  0.59812363,  0.62219587, ...,  0.08012598,
          0.06841249,  0.        ]],

       [[ 0.        , -0.2300418 , -0.37193464, ..., -0.53093661,
         -0.36426091, -0.        ],
        [ 0.2300418 ,  0.        , -0.14842128, ..., -0.71163736,
         -0.56872893, -0.2300418 ],
        [ 0.37193464,  0.14842128,  0.        , ..., -0.80802835,
         -0.68451003, -0.37193464],
        ...,
        [ 0.53093661,  0.71163736,  0.80802835, ...,  0.        ,
         -0.18578074, -0.53093661],
        [ 0.36426091,  0.56872893,  0.68451003, ...,  0.18578074,
          0.        , -0.36426091],
        [ 0.        ,  0.2300418 ,  0.37193464, ...,  0.53093661,
          0.36426091,  0.        ]]]), 'num': array([7.30621722e-01, 6.76309057e-01, 7.69301211e-07, 6.96316224e-04,
       7.00261359e-04, 6.94343657e-04, 9.37757563e-02, 3.94513441e-06,
       6.88623212e-04, 7.22502054e-04, 7.48868702e-04, 1.83291643e-07,
       7.83554443e-04, 6.61449665e-04])}
{'img': array([[[ 0.        , -0.0777629 ,  0.11425597, ..., -0.98819129,
         -0.98421066, -0.96442281],
        [ 0.0777629 ,  0.        ,  0.19116365, ..., -0.97328368,
         -0.96746624, -0.94094466],
        [-0.11425597, -0.19116365,  0.        , ..., -0.99922686,
         -0.99798883, -0.98831237],
        ...,
        [ 0.98819129,  0.97328368,  0.99922686, ...,  0.        ,
          0.02410494,  0.11346886],
        [ 0.98421066,  0.96746624,  0.99798883, ..., -0.02410494,
          0.        ,  0.08948663],
        [ 0.96442281,  0.94094466,  0.98831237, ..., -0.11346886,
         -0.08948663,  0.        ]],

       [[ 0.        , -0.00797284,  0.01252574, ...,  0.33465745,
          0.07538185, -0.32939   ],
        [ 0.00797284,  0.        ,  0.02049755, ...,  0.34215993,
          0.0833296 , -0.32185163],
        [-0.01252574, -0.02049755,  0.        , ...,  0.32282769,
          0.06288584, -0.34119089],
        ...,
        [-0.33465745, -0.34215993, -0.32282769, ...,  0.        ,
         -0.26266994, -0.62637886],
        [-0.07538185, -0.0833296 , -0.06288584, ...,  0.26266994,
          0.        , -0.39962789],
        [ 0.32939   ,  0.32185163,  0.34119089, ...,  0.62637886,
          0.39962789,  0.        ]],

       [[ 0.        , -0.0408623 , -0.07654986, ..., -0.92541233,
         -0.77786375, -0.93709324],
        [ 0.0408623 ,  0.        , -0.03574352, ..., -0.94012467,
         -0.80289329, -0.95057474],
        [ 0.07654986,  0.03574352,  0.        , ..., -0.95170642,
         -0.82368777, -0.96106554],
        ...,
        [ 0.92541233,  0.94012467,  0.95170642, ...,  0.        ,
         -0.28677899,  0.03208034],
        [ 0.77786375,  0.80289329,  0.82368777, ...,  0.28677899,
          0.        ,  0.31736424],
        [ 0.93709324,  0.95057474,  0.96106554, ..., -0.03208034,
         -0.31736424,  0.        ]],

       ...,

       [[ 0.        ,  0.0213523 ,  0.39377168, ..., -0.82185802,
         -0.784426  , -0.784426  ],
        [-0.0213523 ,  0.        ,  0.37405469, ..., -0.8338349 ,
         -0.79749034, -0.79749034],
        [-0.39377168, -0.37405469,  0.        , ..., -0.97978742,
         -0.9652769 , -0.9652769 ],
        ...,
        [ 0.82185802,  0.8338349 ,  0.97978742, ...,  0.        ,
          0.06285327,  0.06285327],
        [ 0.784426  ,  0.79749034,  0.9652769 , ..., -0.06285327,
          0.        ,  0.        ],
        [ 0.784426  ,  0.79749034,  0.9652769 , ..., -0.06285327,
          0.        ,  0.        ]],

       [[ 0.        ,  0.03038213, -0.00758856, ..., -0.54189626,
         -0.59812363, -0.68392978],
        [-0.03038213,  0.        , -0.03796632, ..., -0.56718063,
         -0.62219587, -0.70577927],
        [ 0.00758856,  0.03796632,  0.        , ..., -0.53550289,
         -0.5920249 , -0.67837387],
        ...,
        [ 0.54189626,  0.56718063,  0.53550289, ...,  0.        ,
         -0.06841249, -0.17946638],
        [ 0.59812363,  0.62219587,  0.5920249 , ...,  0.06841249,
          0.        , -0.11174416],
        [ 0.68392978,  0.70577927,  0.67837387, ...,  0.17946638,
          0.11174416,  0.        ]],

       [[ 0.        , -0.29500433, -0.3095767 , ..., -0.46221637,
         -0.2971483 , -0.        ],
        [ 0.29500433,  0.        , -0.01528719, ..., -0.70324601,
         -0.56560336, -0.29500433],
        [ 0.3095767 ,  0.01528719,  0.        , ..., -0.7140322 ,
         -0.57814426, -0.3095767 ],
        ...,
        [ 0.46221637,  0.70324601,  0.7140322 , ...,  0.        ,
         -0.17783732, -0.46221637],
        [ 0.2971483 ,  0.56560336,  0.57814426, ...,  0.17783732,
          0.        , -0.2971483 ],
        [ 0.        ,  0.29500433,  0.3095767 , ...,  0.46221637,
          0.2971483 ,  0.        ]]]), 'num': array([ 7.10789967e-01,  6.96622219e-01,  2.01532686e-07,  6.74654657e-04,
        6.81372413e-04,  6.73694978e-04,  9.74231842e-02, -2.87903837e-06,
        6.72927234e-04,  6.99798259e-04,  7.27277080e-04,  1.97581064e-07,
        7.58023523e-04,  6.41572995e-04])}
{'img': array([[[ 0.        ,  0.19116365,  0.12567124, ..., -0.96746624,
         -0.94094466, -0.96129484],
        [-0.19116365,  0.        , -0.06629446, ..., -0.99798883,
         -0.98831237, -0.99623655],
        [-0.12567124,  0.06629446,  0.        , ..., -0.99159096,
         -0.9760321 , -0.9882988 ],
        ...,
        [ 0.96746624,  0.99798883,  0.99159096, ...,  0.        ,
          0.08948663,  0.02335026],
        [ 0.94094466,  0.98831237,  0.9760321 , ..., -0.08948663,
          0.        , -0.06620565],
        [ 0.96129484,  0.99623655,  0.9882988 , ..., -0.02335026,
          0.06620565,  0.        ]],

       [[ 0.        ,  0.02049755, -0.48382159, ...,  0.0833296 ,
         -0.32185163, -0.21818323],
        [-0.02049755,  0.        , -0.50165871, ...,  0.06288584,
         -0.34119089, -0.23814111],
        [ 0.48382159,  0.50165871,  0.        , ...,  0.55506616,
          0.17640368,  0.28121858],
        ...,
        [-0.0833296 , -0.06288584, -0.55506616, ...,  0.        ,
         -0.39962789, -0.29874641],
        [ 0.32185163,  0.34119089, -0.17640368, ...,  0.39962789,
          0.        ,  0.1075238 ],
        [ 0.21818323,  0.23814111, -0.28121858, ...,  0.29874641,
         -0.1075238 ,  0.        ]],

       [[ 0.        , -0.03574352, -0.05520675, ..., -0.80289329,
         -0.95057474, -0.9825169 ],
        [ 0.03574352,  0.        , -0.01948246, ..., -0.82368777,
         -0.96106554, -0.98854356],
        [ 0.05520675,  0.01948246,  0.        , ..., -0.83457883,
         -0.96626653, -0.99129653],
        ...,
        [ 0.80289329,  0.82368777,  0.83457883, ...,  0.        ,
          0.31736424,  0.4362233 ],
        [ 0.95057474,  0.96106554,  0.96626653, ..., -0.31736424,
          0.        ,  0.12809563],
        [ 0.9825169 ,  0.98854356,  0.99129653, ..., -0.4362233 ,
         -0.12809563,  0.        ]],

       ...,

       [[ 0.        ,  0.37405469,  0.18173947, ..., -0.79749034,
         -0.79749034, -0.71583313],
        [-0.37405469,  0.        , -0.19927906, ..., -0.9652769 ,
         -0.9652769 , -0.92506009],
        [-0.18173947,  0.19927906,  0.        , ..., -0.89385869,
         -0.89385869, -0.83081563],
        ...,
        [ 0.79749034,  0.9652769 ,  0.89385869, ...,  0.        ,
          0.        ,  0.12497985],
        [ 0.79749034,  0.9652769 ,  0.89385869, ...,  0.        ,
          0.        ,  0.12497985],
        [ 0.71583313,  0.92506009,  0.83081563, ..., -0.12497985,
         -0.12497985,  0.        ]],

       [[ 0.        , -0.03796632, -0.10422653, ..., -0.62219587,
         -0.70577927, -0.81228148],
        [ 0.03796632,  0.        , -0.06639185, ..., -0.5920249 ,
         -0.67837387, -0.7895514 ],
        [ 0.10422653,  0.06639185,  0.        , ..., -0.53721218,
         -0.62809791, -0.7470657 ],
        ...,
        [ 0.62219587,  0.5920249 ,  0.53721218, ...,  0.        ,
         -0.11174416, -0.27299853],
        [ 0.70577927,  0.67837387,  0.62809791, ...,  0.11174416,
          0.        , -0.16378924],
        [ 0.81228148,  0.7895514 ,  0.7470657 , ...,  0.27299853,
          0.16378924,  0.        ]],

       [[ 0.        , -0.09622089, -0.11552159, ..., -0.39658905,
         -0.26826109, -0.        ],
        [ 0.09622089,  0.        , -0.01940889, ..., -0.48307929,
         -0.35971039, -0.09622089],
        [ 0.11552159,  0.01940889,  0.        , ..., -0.49998226,
         -0.37775237, -0.11552159],
        ...,
        [ 0.39658905,  0.48307929,  0.49998226, ...,  0.        ,
         -0.13578989, -0.39658905],
        [ 0.26826109,  0.35971039,  0.37775237, ...,  0.13578989,
          0.        , -0.26826109],
        [ 0.        ,  0.09622089,  0.11552159, ...,  0.39658905,
          0.26826109,  0.        ]]]), 'num': array([ 7.08608713e-01,  6.97862356e-01,  1.53082004e-07,  6.71647293e-04,
        6.75474343e-04,  6.69733767e-04,  1.04201906e-01, -9.56762525e-07,
        6.72412703e-04,  6.94848784e-04,  7.23743012e-04,  2.48049544e-07,
        7.52190317e-04,  6.37507251e-04])}
{'img': array([[[ 0.        , -0.06629446, -0.14545621, ..., -0.98831237,
         -0.99623655, -0.99798883],
        [ 0.06629446,  0.        , -0.07954682, ..., -0.9760321 ,
         -0.9882988 , -0.99159096],
        [ 0.14545621,  0.07954682,  0.        , ..., -0.95562768,
         -0.97303371, -0.97815445],
        ...,
        [ 0.98831237,  0.9760321 ,  0.95562768, ...,  0.        ,
         -0.06620565, -0.08948663],
        [ 0.99623655,  0.9882988 ,  0.97303371, ...,  0.06620565,
          0.        , -0.02335026],
        [ 0.99798883,  0.99159096,  0.97815445, ...,  0.08948663,
          0.02335026,  0.        ]],

       [[ 0.        , -0.50165871, -0.25316169, ..., -0.34119089,
         -0.23814111, -0.15208309],
        [ 0.50165871,  0.        ,  0.26631519, ...,  0.17640368,
          0.28121858,  0.36426141],
        [ 0.25316169, -0.26631519,  0.        , ..., -0.09210577,
          0.01549495,  0.10308801],
        ...,
        [ 0.34119089, -0.17640368,  0.09210577, ...,  0.        ,
          0.1075238 ,  0.19426486],
        [ 0.23814111, -0.28121858, -0.01549495, ..., -0.1075238 ,
          0.        ,  0.08766323],
        [ 0.15208309, -0.36426141, -0.10308801, ..., -0.19426486,
         -0.08766323,  0.        ]],

       [[ 0.        , -0.01948246, -0.0272036 , ..., -0.96106554,
         -0.98854356, -0.9954462 ],
        [ 0.01948246,  0.        , -0.00772318, ..., -0.96626653,
         -0.99129653, -0.99711443],
        [ 0.0272036 ,  0.00772318,  0.        , ..., -0.96822677,
         -0.99228371, -0.99767098],
        ...,
        [ 0.96106554,  0.96626653,  0.96822677, ...,  0.        ,
          0.12809563,  0.18344862],
        [ 0.98854356,  0.99129653,  0.99228371, ..., -0.12809563,
          0.        ,  0.05601558],
        [ 0.9954462 ,  0.99711443,  0.99767098, ..., -0.18344862,
         -0.05601558,  0.        ]],

       ...,

       [[ 0.        , -0.19927906, -0.51398749, ..., -0.9652769 ,
         -0.92506009, -0.78834282],
        [ 0.19927906,  0.        , -0.33273721, ..., -0.89385869,
         -0.83081563, -0.64992716],
        [ 0.51398749,  0.33273721,  0.        , ..., -0.69374393,
         -0.59829127, -0.36001493],
        ...,
        [ 0.9652769 ,  0.89385869,  0.69374393, ...,  0.        ,
          0.12497985,  0.38793542],
        [ 0.92506009,  0.83081563,  0.59829127, ..., -0.12497985,
          0.        ,  0.26970148],
        [ 0.78834282,  0.64992716,  0.36001493, ..., -0.38793542,
         -0.26970148,  0.        ]],

       [[ 0.        , -0.06639185, -0.16191659, ..., -0.67837387,
         -0.7895514 , -0.87243308],
        [ 0.06639185,  0.        , -0.09604357, ..., -0.62809791,
         -0.7470657 , -0.83806024],
        [ 0.16191659,  0.09604357,  0.        , ..., -0.5504595 ,
         -0.67976714, -0.78178677],
        ...,
        [ 0.67837387,  0.62809791,  0.5504595 , ...,  0.        ,
         -0.16378924, -0.30944721],
        [ 0.7895514 ,  0.7470657 ,  0.67976714, ...,  0.16378924,
          0.        , -0.14951832],
        [ 0.87243308,  0.83806024,  0.78178677, ...,  0.30944721,
          0.14951832,  0.        ]],

       [[ 0.        , -0.06354604, -0.02533777, ..., -0.37665657,
         -0.27163164, -0.        ],
        [ 0.06354604,  0.        ,  0.03823908, ..., -0.43476138,
         -0.33223945, -0.06354604],
        [ 0.02533777, -0.03823908,  0.        , ..., -0.40000736,
         -0.29592954, -0.02533777],
        ...,
        [ 0.37665657,  0.43476138,  0.40000736, ...,  0.        ,
         -0.11086799, -0.37665657],
        [ 0.27163164,  0.33223945,  0.29592954, ...,  0.11086799,
          0.        , -0.27163164],
        [ 0.        ,  0.06354604,  0.02533777, ...,  0.37665657,
          0.27163164,  0.        ]]]), 'num': array([7.08850217e-01, 7.00764944e-01, 1.14847624e-07, 6.73772728e-04,
       6.76643919e-04, 6.69944474e-04, 8.03497713e-02, 1.91412707e-06,
       6.73198490e-04, 6.91813376e-04, 7.22487262e-04, 2.65210377e-07,
       7.46173489e-04, 6.37453262e-04])}
{'img': array([[[ 0.        , -0.07954682, -0.12567124, ..., -0.9882988 ,
         -0.99159096, -0.98458625],
        [ 0.07954682,  0.        , -0.04635684, ..., -0.97303371,
         -0.97815445, -0.96755351],
        [ 0.12567124,  0.04635684,  0.        , ..., -0.96129484,
         -0.96746624, -0.95480053],
        ...,
        [ 0.9882988 ,  0.97303371,  0.96129484, ...,  0.        ,
         -0.02335026,  0.02267398],
        [ 0.99159096,  0.97815445,  0.96746624, ...,  0.02335026,
          0.        ,  0.04601206],
        [ 0.98458625,  0.96755351,  0.95480053, ..., -0.02267398,
         -0.04601206,  0.        ]],

       [[ 0.        ,  0.12316307,  0.2497706 , ...,  0.13492691,
          0.20532542, -0.22914794],
        [-0.12316307,  0.        ,  0.12860954, ...,  0.01186283,
          0.08322324, -0.34728921],
        [-0.2497706 , -0.12860954,  0.        , ..., -0.11683618,
         -0.04563129, -0.46500972],
        ...,
        [-0.13492691, -0.01186283,  0.11683618, ...,  0.        ,
          0.07139571, -0.35838924],
        [-0.20532542, -0.08322324,  0.04563129, ..., -0.07139571,
          0.        , -0.4241277 ],
        [ 0.22914794,  0.34728921,  0.46500972, ...,  0.35838924,
          0.4241277 ,  0.        ]],

       [[ 0.        , -0.00772318, -0.02686186, ..., -0.99129653,
         -0.99711443, -0.99841086],
        [ 0.00772318,  0.        , -0.01914066, ..., -0.99228371,
         -0.99767098, -0.99881631],
        [ 0.02686186,  0.01914066,  0.        , ..., -0.99447514,
         -0.9987938 , -0.99956436],
        ...,
        [ 0.99129653,  0.99228371,  0.99447514, ...,  0.        ,
          0.05601558,  0.07557538],
        [ 0.99711443,  0.99767098,  0.9987938 , ..., -0.05601558,
          0.        ,  0.01960133],
        [ 0.99841086,  0.99881631,  0.99956436, ..., -0.07557538,
         -0.01960133,  0.        ]],

       ...,

       [[ 0.        , -0.33273721, -0.31576759, ..., -0.83081563,
         -0.64992716, -0.58665017],
        [ 0.33273721,  0.        ,  0.01793822, ..., -0.59829127,
         -0.36001493, -0.28375854],
        [ 0.31576759, -0.01793822,  0.        , ..., -0.61256851,
         -0.3766924 , -0.30091376],
        ...,
        [ 0.83081563,  0.59829127,  0.61256851, ...,  0.        ,
          0.26970148,  0.34632929],
        [ 0.64992716,  0.36001493,  0.3766924 , ..., -0.26970148,
          0.        ,  0.08048524],
        [ 0.58665017,  0.28375854,  0.30091376, ..., -0.34632929,
         -0.08048524,  0.        ]],

       [[ 0.        , -0.09604357, -0.12837007, ..., -0.7470657 ,
         -0.83806024, -0.97769259],
        [ 0.09604357,  0.        , -0.0325277 , ..., -0.67976714,
         -0.78178677, -0.95299976],
        [ 0.12837007,  0.0325277 ,  0.        , ..., -0.6555507 ,
         -0.76109056, -0.94264051],
        ...,
        [ 0.7470657 ,  0.67976714,  0.6555507 , ...,  0.        ,
         -0.14951832, -0.49300695],
        [ 0.83806024,  0.78178677,  0.76109056, ...,  0.14951832,
          0.        , -0.3573803 ],
        [ 0.97769259,  0.95299976,  0.94264051, ...,  0.49300695,
          0.3573803 ,  0.        ]],

       [[ 0.        ,  0.05822434, -0.16030257, ..., -0.34216806,
         -0.15269761, -0.05822434],
        [-0.05822434,  0.        , -0.21750199, ..., -0.28687774,
         -0.09489703, -0.        ],
        [ 0.16030257,  0.21750199,  0.        , ..., -0.48836963,
         -0.30914561, -0.21750199],
        ...,
        [ 0.34216806,  0.28687774,  0.48836963, ...,  0.        ,
         -0.19467484, -0.28687774],
        [ 0.15269761,  0.09489703,  0.30914561, ...,  0.19467484,
          0.        , -0.09489703],
        [ 0.05822434,  0.        ,  0.21750199, ...,  0.28687774,
          0.09489703,  0.        ]]]), 'num': array([ 7.06866893e-01,  7.00836909e-01,  8.58972028e-08,  6.69998182e-04,
        6.73815835e-04,  6.63317288e-04,  9.57240432e-02, -1.90882673e-06,
        6.71334360e-04,  6.86461812e-04,  7.19039122e-04,  2.88835623e-07,
        7.36401896e-04,  6.36521728e-04])}
{'img': array([[[ 0.        , -0.04635684,  0.06339626, ..., -0.97815445,
         -0.96755351, -0.97815445],
        [ 0.04635684,  0.        ,  0.10959169, ..., -0.96746624,
         -0.95480053, -0.96746624],
        [-0.06339626, -0.10959169,  0.        , ..., -0.98936561,
         -0.9816253 , -0.98936561],
        ...,
        [ 0.97815445,  0.96746624,  0.98936561, ...,  0.        ,
          0.04601206,  0.        ],
        [ 0.96755351,  0.95480053,  0.9816253 , ..., -0.04601206,
          0.        , -0.04601206],
        [ 0.97815445,  0.96746624,  0.98936561, ...,  0.        ,
          0.04601206,  0.        ]],

       [[ 0.        ,  0.12860954,  0.22506083, ...,  0.08322324,
         -0.34728921, -0.00123869],
        [-0.12860954,  0.        ,  0.09788175, ..., -0.04563129,
         -0.46500972, -0.12983784],
        [-0.22506083, -0.09788175,  0.        , ..., -0.14319196,
         -0.54943202, -0.22626757],
        ...,
        [-0.08322324,  0.04563129,  0.14319196, ...,  0.        ,
         -0.4241277 , -0.08445757],
        [ 0.34728921,  0.46500972,  0.54943202, ...,  0.4241277 ,
          0.        ,  0.34612735],
        [ 0.00123869,  0.12983784,  0.22626757, ...,  0.08445757,
         -0.34612735,  0.        ]],

       [[ 0.        , -0.01914066,  0.00772318, ..., -0.99767098,
         -0.99881631, -0.99881631],
        [ 0.01914066,  0.        ,  0.02686186, ..., -0.9987938 ,
         -0.99956436, -0.99956436],
        [-0.00772318, -0.02686186,  0.        , ..., -0.99711443,
         -0.99841086, -0.99841086],
        ...,
        [ 0.99767098,  0.9987938 ,  0.99711443, ...,  0.        ,
          0.01960133,  0.01960133],
        [ 0.99881631,  0.99956436,  0.99841086, ..., -0.01960133,
          0.        ,  0.        ],
        [ 0.99881631,  0.99956436,  0.99841086, ..., -0.01960133,
          0.        ,  0.        ]],

       ...,

       [[ 0.        ,  0.01793822,  0.41161807, ..., -0.36001493,
         -0.28375854, -0.1769473 ],
        [-0.01793822,  0.        ,  0.39520373, ..., -0.3766924 ,
         -0.30091376, -0.19457398],
        [-0.41161807, -0.39520373,  0.        , ..., -0.71211958,
         -0.65330399, -0.56638493],
        ...,
        [ 0.36001493,  0.3766924 ,  0.71211958, ...,  0.        ,
          0.08048524,  0.18925164],
        [ 0.28375854,  0.30091376,  0.65330399, ..., -0.08048524,
          0.        ,  0.10960691],
        [ 0.1769473 ,  0.19457398,  0.56638493, ..., -0.18925164,
         -0.10960691,  0.        ]],

       [[ 0.        , -0.03021635, -0.06527462, ..., -0.70950049,
         -0.86184439, -0.98913764],
        [ 0.03021635,  0.        , -0.0350929 , ..., -0.68788291,
         -0.84612595, -0.99312755],
        [ 0.06527462,  0.0350929 ,  0.        , ..., -0.66198802,
         -0.82690086, -0.99662301],
        ...,
        [ 0.70950049,  0.68788291,  0.66198802, ...,  0.        ,
         -0.24750666, -0.80134126],
        [ 0.86184439,  0.84612595,  0.82690086, ...,  0.24750666,
          0.        , -0.62834814],
        [ 0.98913764,  0.99312755,  0.99662301, ...,  0.80134126,
          0.62834814,  0.        ]],

       [[ 0.        , -0.21750199, -0.23435132, ..., -0.09489703,
         -0.        , -0.17152244],
        [ 0.21750199,  0.        , -0.01729593, ..., -0.30914561,
         -0.21750199, -0.38169483],
        [ 0.23435132,  0.01729593,  0.        , ..., -0.32554805,
         -0.23435132, -0.39762416],
        ...,
        [ 0.09489703,  0.30914561,  0.32554805, ...,  0.        ,
         -0.09489703,  0.0772577 ],
        [ 0.        ,  0.21750199,  0.23435132, ...,  0.09489703,
          0.        ,  0.17152244],
        [ 0.17152244,  0.38169483,  0.39762416, ..., -0.0772577 ,
         -0.17152244,  0.        ]]]), 'num': array([7.06240126e-01, 7.00816755e-01, 7.62780702e-08, 6.77921349e-04,
       6.81735253e-04, 6.71247018e-04, 1.00384343e-01, 8.58128290e-06,
       6.71628408e-04, 6.82831750e-04, 7.17109208e-04, 4.06816375e-07,
       7.26891312e-04, 6.38772188e-04])}
{'img': array([[[ 0.        ,  0.10959169,  0.0777629 , ..., -0.95480053,
         -0.96746624, -0.90211106],
        [-0.10959169,  0.        , -0.03196532, ..., -0.9816253 ,
         -0.98936561, -0.94396661],
        [-0.0777629 ,  0.03196532,  0.        , ..., -0.97502409,
         -0.98421066, -0.93293436],
        ...,
        [ 0.95480053,  0.9816253 ,  0.97502409, ...,  0.        ,
         -0.04601206,  0.1438501 ],
        [ 0.96746624,  0.98936561,  0.98421066, ...,  0.04601206,
          0.        ,  0.18923126],
        [ 0.90211106,  0.94396661,  0.93293436, ..., -0.1438501 ,
         -0.18923126,  0.        ]],

       [[ 0.        ,  0.09788175,  0.20006607, ..., -0.46500972,
         -0.12983784, -0.07913282],
