state_0,state_1,state_2,state_3,state_4,state_5,state_6,state_7,state_8,state_9,state_10,state_11,state_12,state_13,state_14,state_15,state_16,state_17,state_18,state_19,state_20,state_21,state_22,state_23,state_24,state_25,state_26,state_27,state_28,state_29,state_30,state_31,state_32,state_33,state_34,state_35,state_36,state_37,state_38,state_39,state_40,state_41,state_42,state_43,state_44,state_45,state_46,state_47,state_48,state_49,state_50,state_51,state_52,state_53,state_54,state_55,state_56,state_57,state_58,state_59,state_60,state_61,state_62,state_63,state_64,state_65,state_66,state_67,state_68,state_69,state_70,state_71,state_72,state_73,state_74,state_75,state_76,state_77,state_78,state_79,state_80,state_81,state_82,state_83,state_84,state_85,state_86,state_87,state_88,state_89,state_90,state_91,state_92,state_93,state_94,state_95,state_96,state_97,state_98,state_99,state_100,state_101,state_102,state_103,state_104,state_105,state_106,state_107,state_108,state_109,state_110,state_111,state_112,state_113,state_114,state_115,state_116,state_117,state_118,state_119,state_120,state_121,state_122,state_123,state_124,state_125,state_126,state_127,state_128,state_129,state_130,state_131,state_132,state_133,state_134,state_135,state_136,state_137,state_138,state_139,state_140,state_141,state_142,state_143,state_144,state_145,state_146,state_147,state_148,state_149,state_150,state_151,state_152,state_153,state_154,state_155,state_156,state_157,state_158,state_159,state_160,state_161,state_162,state_163,state_164,state_165,state_166,state_167,state_168,state_169,state_170,state_171,state_172,state_173,state_174,state_175,state_176,state_177,state_178,state_179,state_180,state_181,state_182,state_183,state_184,state_185,state_186,state_187,state_188,state_189,state_190,state_191,state_192,state_193,state_194,state_195,state_196,state_197,state_198,state_199,state_200,state_201,state_202,state_203,state_204,state_205,state_206,state_207,state_208,state_209,state_210,state_211,state_212,state_213,state_214,state_215,state_216,state_217,state_218,state_219,state_220,state_221,state_222,state_223,state_224,state_225,state_226,state_227,state_228,state_229,state_230,state_231,state_232,state_233,state_234,state_235,state_236,state_237,state_238,state_239,state_240,state_241,state_242,state_243,state_244,state_245,state_246,state_247,state_248,state_249,state_250,state_251,state_252,state_253,state_254,state_255,state_256,state_257,state_258,state_259,state_260,state_261,state_262,state_263,state_264,state_265,state_266,state_267,state_268,state_269,state_270,state_271,state_272,state_273,state_274,state_275,state_276,state_277,state_278,state_279,state_280,state_281,state_282,state_283,state_284,state_285,state_286,state_287
{'img': array([[[ 0.        ,  0.69509813,  0.43510027, ..., -0.2407473 ,
          0.        , -0.70385487],
        [-0.69509813,  0.        , -0.31305379, ..., -0.84773059,
         -0.69509813, -0.99977038],
        [-0.43510027,  0.31305379,  0.        , ..., -0.63906756,
         -0.43510027, -0.94280904],
        ...,
        [ 0.2407473 ,  0.84773059,  0.63906756, ...,  0.        ,
          0.2407473 , -0.51213962],
        [ 0.        ,  0.69509813,  0.43510027, ..., -0.2407473 ,
          0.        , -0.70385487],
        [ 0.70385487,  0.99977038,  0.94280904, ...,  0.51213962,
          0.70385487,  0.        ]],

       [[ 0.        ,  0.41941783,  0.36717383, ..., -0.32492123,
         -0.11071394,  0.00892048],
        [-0.41941783,  0.        , -0.05680453, ..., -0.69162199,
         -0.51734475, -0.41130319],
        [-0.36717383,  0.05680453,  0.        , ..., -0.64947761,
         -0.46789739, -0.35886181],
        ...,
        [ 0.32492123,  0.69162199,  0.64947761, ...,  0.        ,
          0.21821699,  0.33334476],
        [ 0.11071394,  0.51734475,  0.46789739, ..., -0.21821699,
          0.        ,  0.11957518],
        [-0.00892048,  0.41130319,  0.35886181, ..., -0.33334476,
         -0.11957518,  0.        ]],

       [[ 0.        ,  0.19807502,  0.30551946, ..., -0.04545455,
         -0.12100319, -0.31617681],
        [-0.19807502,  0.        ,  0.11086193, ..., -0.24242424,
         -0.31522533, -0.49782619],
        [-0.30551946, -0.11086193,  0.        , ..., -0.34848485,
         -0.41849206, -0.59090547],
        ...,
        [ 0.04545455,  0.24242424,  0.34848485, ...,  0.        ,
         -0.07575758, -0.27272727],
        [ 0.12100319,  0.31522533,  0.41849206, ...,  0.07575758,
          0.        , -0.19905782],
        [ 0.31617681,  0.49782619,  0.59090547, ...,  0.27272727,
          0.19905782,  0.        ]],

       ...,

       [[ 0.        ,  0.23983579,  0.16806321, ..., -0.96750392,
         -0.95013353, -0.99235904],
        [-0.23983579,  0.        , -0.07326639, ..., -0.99990976,
         -0.99719362, -0.9338037 ],
        [-0.16806321,  0.07326639,  0.        , ..., -0.99623815,
         -0.98902843, -0.95750769],
        ...,
        [ 0.96750392,  0.99990976,  0.99623815, ...,  0.        ,
          0.06146271, -0.37029813],
        [ 0.95013353,  0.99719362,  0.98902843, ..., -0.06146271,
          0.        , -0.42669154],
        [ 0.99235904,  0.9338037 ,  0.95750769, ...,  0.37029813,
          0.42669154,  0.        ]],

       [[ 0.        ,  0.07937394,  0.24154891, ...,  0.78277122,
          0.72420766,  0.97038747],
        [-0.07937394,  0.        ,  0.16376322, ...,  0.73090634,
          0.66718788,  0.94815275],
        [-0.24154891, -0.16376322,  0.        , ...,  0.6092741 ,
          0.53619512,  0.88330597],
        ...,
        [-0.78277122, -0.73090634, -0.6092741 , ...,  0.        ,
         -0.08910353,  0.41480019],
        [-0.72420766, -0.66718788, -0.53619512, ...,  0.08910353,
          0.        ,  0.49422669],
        [-0.97038747, -0.94815275, -0.88330597, ..., -0.41480019,
         -0.49422669,  0.        ]],

       [[ 0.        ,  0.65972334,  0.77531987, ...,  0.6622451 ,
          0.68965399,  0.79357758],
        [-0.65972334,  0.        ,  0.16599886, ...,  0.99200517,
          0.99601231,  0.9978016 ],
        [-0.77531987, -0.16599886,  0.        , ...,  0.99919063,
          0.99700332,  0.97295698],
        ...,
        [-0.6622451 , -0.99200517, -0.99919063, ...,  0.        ,
         -0.03719142, -0.19166192],
        [-0.68965399, -0.99601231, -0.99700332, ...,  0.03719142,
          0.        , -0.15502739],
        [-0.79357758, -0.9978016 , -0.97295698, ...,  0.19166192,
          0.15502739,  0.        ]]]), 'num': array([ 7.11582086e-01,  7.02564239e-01,  7.39167723e-08,  1.12723078e-03,
        1.15032977e-03,  1.08565259e-03,  6.60029655e-03, -4.61979827e-06,
        1.15772145e-03,  1.20391943e-03,  1.17897252e-03,  3.07986551e-07,
        1.27533380e-03,  1.13250506e-03])}
{'img': array([[[ 0.        , -0.31305379, -0.08831296, ..., -0.69509813,
         -0.99977038, -0.99820307],
        [ 0.31305379,  0.        ,  0.22795667, ..., -0.43510027,
         -0.94280904, -0.96678757],
        [ 0.08831296, -0.22795667,  0.        , ..., -0.62889272,
         -0.99397164, -0.99959475],
        ...,
        [ 0.69509813,  0.43510027,  0.62889272, ...,  0.        ,
         -0.70385487, -0.75927464],
        [ 0.99977038,  0.94280904,  0.99397164, ...,  0.70385487,
          0.        , -0.08129818],
        [ 0.99820307,  0.96678757,  0.99959475, ...,  0.75927464,
          0.08129818,  0.        ]],

       [[ 0.        , -0.05680453, -0.43658234, ..., -0.51734475,
         -0.41130319, -0.33826402],
        [ 0.05680453,  0.        , -0.38477239, ..., -0.46789739,
         -0.35886181, -0.28426186],
        [ 0.43658234,  0.38477239,  0.        , ..., -0.09181945,
          0.02790939,  0.10652229],
        ...,
        [ 0.51734475,  0.46789739,  0.09181945, ...,  0.        ,
          0.11957518,  0.19736933],
        [ 0.41130319,  0.35886181, -0.02790939, ..., -0.11957518,
          0.        ,  0.0787302 ],
        [ 0.33826402,  0.28426186, -0.10652229, ..., -0.19736933,
         -0.0787302 ,  0.        ]],

       [[ 0.        ,  0.11086193,  0.34313607, ..., -0.31522533,
         -0.49782619, -0.60500927],
        [-0.11086193,  0.        ,  0.23688989, ..., -0.41849206,
         -0.59090547, -0.68955019],
        [-0.34313607, -0.23688989,  0.        , ..., -0.62172856,
         -0.76519498, -0.84148782],
        ...,
        [ 0.31522533,  0.41849206,  0.62172856, ...,  0.        ,
         -0.19905782, -0.32317577],
        [ 0.49782619,  0.59090547,  0.76519498, ...,  0.19905782,
          0.        , -0.12833213],
        [ 0.60500927,  0.68955019,  0.84148782, ...,  0.32317577,
          0.12833213,  0.        ]],

       ...,

       [[ 0.        , -0.07326639, -0.07326639, ..., -0.99719362,
         -0.9338037 , -0.96713189],
        [ 0.07326639,  0.        ,  0.        , ..., -0.98902843,
         -0.95750769, -0.98316247],
        [ 0.07326639,  0.        ,  0.        , ..., -0.98902843,
         -0.95750769, -0.98316247],
        ...,
        [ 0.99719362,  0.98902843,  0.98902843, ...,  0.        ,
         -0.42669154, -0.32596667],
        [ 0.9338037 ,  0.95750769,  0.95750769, ...,  0.42669154,
          0.        ,  0.10858284],
        [ 0.96713189,  0.98316247,  0.98316247, ...,  0.32596667,
         -0.10858284,  0.        ]],

       [[ 0.        ,  0.15174869,  0.43925344, ...,  0.59489726,
          0.76603888,  0.96695109],
        [-0.15174869,  0.        ,  0.29784105, ...,  0.46603196,
          0.65962429,  0.91706279],
        [-0.43925344, -0.29784105,  0.        , ...,  0.18136112,
          0.40583155,  0.75668035],
        ...,
        [-0.59489726, -0.46603196, -0.18136112, ...,  0.        ,
          0.23334686,  0.62556081],
        [-0.76603888, -0.65962429, -0.40583155, ..., -0.23334686,
          0.        ,  0.42623983],
        [-0.96695109, -0.91706279, -0.75668035, ..., -0.62556081,
         -0.42623983,  0.        ]],

       [[ 0.        ,  0.50512873,  0.52639757, ...,  0.72854129,
          0.83323335,  0.9156659 ],
        [-0.50512873,  0.        ,  0.02482434, ...,  0.97477733,
          0.99841359,  0.99329154],
        [-0.52639757, -0.02482434,  0.        , ...,  0.98001722,
          0.99950365,  0.99011482],
        ...,
        [-0.72854129, -0.97477733, -0.98001722, ...,  0.        ,
         -0.16794029, -0.33440281],
        [-0.83323335, -0.99841359, -0.99950365, ...,  0.16794029,
          0.        , -0.17138134],
        [-0.9156659 , -0.99329154, -0.99011482, ...,  0.33440281,
          0.17138134,  0.        ]]]), 'num': array([7.07099165e-01, 7.07099165e-01, 0.00000000e+00, 1.03223105e-03,
       1.04476827e-03, 1.01551476e-03, 3.54799125e-03, 1.25372192e-05,
       1.04142501e-03, 1.08593214e-03, 1.06503677e-03, 2.98505220e-07,
       1.15502095e-03, 1.01684333e-03])}
{'img': array([[[ 0.        ,  0.22795667, -0.81113963, ..., -0.94280904,
         -0.96678757, -0.88307183],
        [-0.22795667,  0.        , -0.9231044 , ..., -0.99397164,
         -0.99959475, -0.96678757],
        [ 0.81113963,  0.9231044 ,  0.        , ..., -0.28102439,
         -0.35811606, -0.13584941],
        ...,
        [ 0.94280904,  0.99397164,  0.28102439, ...,  0.        ,
         -0.08129818,  0.14804439],
        [ 0.96678757,  0.99959475,  0.35811606, ...,  0.08129818,
          0.        ,  0.22795667],
        [ 0.88307183,  0.96678757,  0.13584941, ..., -0.14804439,
         -0.22795667,  0.        ]],

       [[ 0.        , -0.38477239,  0.81727939, ..., -0.35886181,
         -0.28426186, -0.48348676],
        [ 0.38477239,  0.        ,  0.5326364 , ...,  0.02790939,
          0.10652229, -0.10945268],
        [-0.81727939, -0.5326364 ,  0.        , ..., -0.55604987,
         -0.61976039, -0.43680169],
        ...,
        [ 0.35886181, -0.02790939,  0.55604987, ...,  0.        ,
          0.0787302 , -0.13715176],
        [ 0.28426186, -0.10652229,  0.61976039, ..., -0.0787302 ,
          0.        , -0.21471223],
        [ 0.48348676,  0.10945268,  0.43680169, ...,  0.13715176,
          0.21471223,  0.        ]],

       [[ 0.        ,  0.23688989,  0.04893996, ..., -0.59090547,
         -0.68955019, -0.77045394],
        [-0.23688989,  0.        , -0.18905908, ..., -0.76519498,
         -0.84148782, -0.89954041],
        [-0.04893996,  0.18905908,  0.        , ..., -0.62967927,
         -0.72416809, -0.80072973],
        ...,
        [ 0.59090547,  0.76519498,  0.62967927, ...,  0.        ,
         -0.12833213, -0.24485695],
        [ 0.68955019,  0.84148782,  0.72416809, ...,  0.12833213,
          0.        , -0.11840669],
        [ 0.77045394,  0.89954041,  0.80072973, ...,  0.24485695,
          0.11840669,  0.        ]],

       ...,

       [[ 0.        ,  0.        , -0.56812199, ..., -0.95750769,
         -0.98316247, -0.99851804],
        [ 0.        ,  0.        , -0.56812199, ..., -0.95750769,
         -0.98316247, -0.99851804],
        [ 0.56812199,  0.56812199,  0.        , ..., -0.95182632,
         -0.91290297, -0.85264298],
        ...,
        [ 0.95750769,  0.95750769,  0.95182632, ...,  0.        ,
          0.10858284,  0.23587107],
        [ 0.98316247,  0.98316247,  0.91290297, ..., -0.10858284,
          0.        ,  0.12895735],
        [ 0.99851804,  0.99851804,  0.85264298, ..., -0.23587107,
         -0.12895735,  0.        ]],

       [[ 0.        ,  0.28941107,  0.30588938, ...,  0.63127454,
          0.81120979,  0.92520788],
        [-0.28941107,  0.        ,  0.01726006, ...,  0.3798036 ,
          0.60725936,  0.77579341],
        [-0.30588938, -0.01726006,  0.        , ...,  0.3637803 ,
          0.59345571,  0.76478697],
        ...,
        [-0.63127454, -0.3798036 , -0.3637803 , ...,  0.        ,
          0.26000033,  0.47800987],
        [-0.81120979, -0.60725936, -0.59345571, ..., -0.26000033,
          0.        ,  0.23319795],
        [-0.92520788, -0.77579341, -0.76478697, ..., -0.47800987,
         -0.23319795,  0.        ]],

       [[ 0.        ,  0.16524117,  0.39923958, ...,  0.85413224,
          0.9337309 ,  0.96662074],
        [-0.16524117,  0.        ,  0.2422505 , ...,  0.92832529,
          0.9800474 ,  0.99566948],
        [-0.39923958, -0.2422505 ,  0.        , ...,  0.99073516,
          0.99900611,  0.98853276],
        ...,
        [-0.85413224, -0.92832529, -0.99073516, ...,  0.        ,
         -0.17983365, -0.28385828],
        [-0.9337309 , -0.9800474 , -0.99900611, ...,  0.17983365,
          0.        , -0.10679413],
        [-0.96662074, -0.99566948, -0.98853276, ...,  0.28385828,
          0.10679413,  0.        ]]]), 'num': array([7.07080971e-01, 7.07080971e-01, 0.00000000e+00, 1.06145725e-03,
       1.07817311e-03, 1.04892035e-03, 7.99088420e-03, 2.92527588e-05,
       1.04223401e-03, 1.08444156e-03, 1.06431288e-03, 2.98497539e-07,
       1.15429407e-03, 1.01458905e-03])}
{'img': array([[[ 0.        , -0.9231044 , -0.79757474, ..., -0.99959475,
         -0.96678757, -0.75927464],
        [ 0.9231044 ,  0.        ,  0.25012824, ..., -0.35811606,
         -0.13584941,  0.30875031],
        [ 0.79757474, -0.25012824,  0.        , ..., -0.58027153,
         -0.37934055,  0.06102822],
        ...,
        [ 0.99959475,  0.35811606,  0.58027153, ...,  0.        ,
          0.22795667,  0.62889272],
        [ 0.96678757,  0.13584941,  0.37934055, ..., -0.22795667,
          0.        ,  0.43510027],
        [ 0.75927464, -0.30875031, -0.06102822, ..., -0.62889272,
         -0.43510027,  0.        ]],

       [[ 0.        ,  0.5326364 ,  0.21575535, ...,  0.10652229,
         -0.10945268,  0.24630819],
        [-0.5326364 ,  0.        , -0.70269474, ..., -0.61976039,
         -0.43680169, -0.72468821],
        [-0.21575535,  0.70269474,  0.        , ..., -0.11051435,
         -0.32133388,  0.03139874],
        ...,
        [-0.10652229,  0.61976039,  0.11051435, ...,  0.        ,
         -0.21471223,  0.14166627],
        [ 0.10945268,  0.43680169,  0.32133388, ...,  0.21471223,
          0.        ,  0.35090899],
        [-0.24630819,  0.72468821, -0.03139874, ..., -0.14166627,
         -0.35090899,  0.        ]],

       [[ 0.        , -0.18905908, -0.25251692, ..., -0.84148782,
         -0.89954041, -0.89179964],
        [ 0.18905908,  0.        , -0.06503082, ..., -0.72416809,
         -0.80072973, -0.79018057],
        [ 0.25251692,  0.06503082,  0.        , ..., -0.67778843,
         -0.76007966, -0.74865226],
        ...,
        [ 0.84148782,  0.72416809,  0.67778843, ...,  0.        ,
         -0.11840669, -0.10110323],
        [ 0.89954041,  0.80072973,  0.76007966, ...,  0.11840669,
          0.        ,  0.01740798],
        [ 0.89179964,  0.79018057,  0.74865226, ...,  0.10110323,
         -0.01740798,  0.        ]],

       ...,

       [[ 0.        , -0.56812199, -0.44797988, ..., -0.98316247,
         -0.99851804, -0.99851804],
        [ 0.56812199,  0.        ,  0.13926334, ..., -0.91290297,
         -0.85264298, -0.85264298],
        [ 0.44797988, -0.13926334,  0.        , ..., -0.96085112,
         -0.91709856, -0.91709856],
        ...,
        [ 0.98316247,  0.91290297,  0.96085112, ...,  0.        ,
          0.12895735,  0.12895735],
        [ 0.99851804,  0.85264298,  0.91709856, ..., -0.12895735,
          0.        ,  0.        ],
        [ 0.99851804,  0.85264298,  0.91709856, ..., -0.12895735,
          0.        ,  0.        ]],

       [[ 0.        ,  0.01726006,  0.0427615 , ...,  0.60725936,
          0.77579341,  0.65878936],
        [-0.01726006,  0.        ,  0.02551085, ...,  0.59345571,
          0.76478697,  0.64570601],
        [-0.0427615 , -0.02551085,  0.        , ...,  0.57272973,
          0.74810185,  0.62601612],
        ...,
        [-0.60725936, -0.59345571, -0.57272973, ...,  0.        ,
          0.23319795,  0.06655269],
        [-0.77579341, -0.76478697, -0.74810185, ..., -0.23319795,
          0.        , -0.16796315],
        [-0.65878936, -0.64570601, -0.62601612, ..., -0.06655269,
          0.16796315,  0.        ]],

       [[ 0.        ,  0.36727326,  0.55705358, ...,  0.93542233,
          0.96797055,  0.97524949],
        [-0.36727326,  0.        ,  0.21311099, ...,  0.9998915 ,
          0.99253108,  0.98829911],
        [-0.55705358, -0.21311099,  0.        , ...,  0.97378273,
          0.94373282,  0.93309045],
        ...,
        [-0.93542233, -0.9998915 , -0.97378273, ...,  0.        ,
         -0.10735817, -0.13795346],
        [-0.96797055, -0.99253108, -0.94373282, ...,  0.10735817,
          0.        , -0.03082446],
        [-0.97524949, -0.98829911, -0.93309045, ...,  0.13795346,
          0.03082446,  0.        ]]]), 'num': array([7.33962854e-01, 6.79148662e-01, 4.15259031e-07, 1.14196234e-03,
       1.15061357e-03, 1.10303180e-03, 6.75241464e-03, 4.32561491e-05,
       1.08486422e-03, 1.12271335e-03, 1.10144574e-03, 4.05526398e-07,
       1.19522258e-03, 1.05020412e-03])}
{'img': array([[[ 0.00000000e+00,  2.50128245e-01,  6.50308166e-02, ...,
         -1.35849407e-01,  3.08750312e-01,  8.11139629e-01],
        [-2.50128245e-01,  0.00000000e+00, -1.86635124e-01, ...,
         -3.79340553e-01,  6.10282173e-02,  6.39067562e-01],
        [-6.50308166e-02,  1.86635124e-01,  0.00000000e+00, ...,
         -1.99989797e-01,  2.46243152e-01,  7.71389216e-01],
        ...,
        [ 1.35849407e-01,  3.79340553e-01,  1.99989797e-01, ...,
          0.00000000e+00,  4.35100271e-01,  8.83071830e-01],
        [-3.08750312e-01, -6.10282173e-02, -2.46243152e-01, ...,
         -4.35100271e-01,  0.00000000e+00,  5.90936476e-01],
        [-8.11139629e-01, -6.39067562e-01, -7.71389216e-01, ...,
         -8.83071830e-01, -5.90936476e-01,  0.00000000e+00]],

       [[ 0.00000000e+00, -7.02694741e-01, -6.09913872e-01, ...,
         -4.36801690e-01, -7.24688208e-01, -6.51564913e-01],
        [ 7.02694741e-01,  0.00000000e+00, -1.22914379e-01, ...,
         -3.21333881e-01,  3.13987448e-02, -6.94763587e-02],
        [ 6.09913872e-01,  1.22914379e-01,  0.00000000e+00, ...,
         -2.02501563e-01,  1.54014431e-01,  5.36678292e-02],
        ...,
        [ 4.36801690e-01,  3.21333881e-01,  2.02501563e-01, ...,
          0.00000000e+00,  3.50908986e-01,  2.54765662e-01],
        [ 7.24688208e-01, -3.13987448e-02, -1.54014431e-01, ...,
         -3.50908986e-01,  0.00000000e+00, -1.00764975e-01],
        [ 6.51564913e-01,  6.94763587e-02, -5.36678292e-02, ...,
         -2.54765662e-01,  1.00764975e-01,  0.00000000e+00]],

       [[ 0.00000000e+00, -6.50308166e-02, -3.37510003e-01, ...,
         -8.00729731e-01, -7.90180570e-01, -7.12742150e-01],
        [ 6.50308166e-02,  0.00000000e+00, -2.75580646e-01, ...,
         -7.60079655e-01, -7.48652256e-01, -6.65619143e-01],
        [ 3.37510003e-01,  2.75580646e-01,  0.00000000e+00, ...,
         -5.51567270e-01, -5.36963168e-01, -4.34181487e-01],
        ...,
        [ 8.00729731e-01,  7.60079655e-01,  5.51567270e-01, ...,
          0.00000000e+00,  1.74079766e-02,  1.34701834e-01],
        [ 7.90180570e-01,  7.48652256e-01,  5.36963168e-01, ...,
         -1.74079766e-02,  0.00000000e+00,  1.17432099e-01],
        [ 7.12742150e-01,  6.65619143e-01,  4.34181487e-01, ...,
         -1.34701834e-01, -1.17432099e-01,  0.00000000e+00]],

       ...,

       [[ 0.00000000e+00,  1.39263344e-01, -1.32937849e-01, ...,
         -8.52642982e-01, -8.52642982e-01, -5.07835714e-01],
        [-1.39263344e-01,  0.00000000e+00, -2.69669716e-01, ...,
         -9.17098559e-01, -9.17098559e-01, -6.22856006e-01],
        [ 1.32937849e-01,  2.69669716e-01,  0.00000000e+00, ...,
         -7.75616019e-01, -7.75616019e-01, -3.88808522e-01],
        ...,
        [ 8.52642982e-01,  9.17098559e-01,  7.75616019e-01, ...,
          0.00000000e+00,  0.00000000e+00,  4.69171558e-01],
        [ 8.52642982e-01,  9.17098559e-01,  7.75616019e-01, ...,
          0.00000000e+00,  0.00000000e+00,  4.69171558e-01],
        [ 5.07835714e-01,  6.22856006e-01,  3.88808522e-01, ...,
         -4.69171558e-01, -4.69171558e-01,  0.00000000e+00]],

       [[ 0.00000000e+00,  2.55108549e-02,  1.45663189e-02, ...,
          7.64786965e-01,  6.45706007e-01,  6.90362095e-01],
        [-2.55108549e-02,  0.00000000e+00, -1.09465701e-02, ...,
          7.48101845e-01,  6.26016124e-01,  6.71681228e-01],
        [-1.45663189e-02,  1.09465701e-02,  0.00000000e+00, ...,
          7.55320991e-01,  6.34514862e-01,  6.79750644e-01],
        ...,
        [-7.64786965e-01, -7.48101845e-01, -7.55320991e-01, ...,
          0.00000000e+00, -1.67963146e-01, -1.08507118e-01],
        [-6.45706007e-01, -6.26016124e-01, -6.34514862e-01, ...,
          1.67963146e-01,  0.00000000e+00,  6.00058498e-02],
        [-6.90362095e-01, -6.71681228e-01, -6.79750644e-01, ...,
          1.08507118e-01, -6.00058498e-02,  0.00000000e+00]],

       [[ 0.00000000e+00,  4.42525824e-01,  6.02686087e-01, ...,
          9.74601609e-01,  9.81217516e-01,  9.81188820e-01],
        [-4.42525824e-01,  0.00000000e+00,  1.87336185e-01, ...,
          9.73081390e-01,  9.65277729e-01,  9.65316563e-01],
        [-6.02686087e-01, -1.87336185e-01,  0.00000000e+00, ...,
          9.12679998e-01,  8.99251276e-01,  8.99316313e-01],
        ...,
        [-9.74601609e-01, -9.73081390e-01, -9.12679998e-01, ...,
          0.00000000e+00, -3.17343662e-02, -3.15857382e-02],
        [-9.81217516e-01, -9.65277729e-01, -8.99251276e-01, ...,
          3.17343662e-02,  0.00000000e+00,  1.48702517e-04],
        [-9.81188820e-01, -9.65316563e-01, -8.99316313e-01, ...,
          3.15857382e-02, -1.48702517e-04,  0.00000000e+00]]]), 'num': array([ 7.25769906e-01,  6.87926626e-01,  2.91102154e-07,  1.11303765e-03,
        1.14300405e-03,  1.10875673e-03,  2.26960363e-03, -1.71236561e-05,
        1.08649598e-03,  1.10982696e-03,  1.09084824e-03,  3.47824265e-07,
        1.18047502e-03,  1.03917891e-03])}
{'img': array([[[ 0.00000000e+00, -1.86635124e-01, -1.23807197e-01, ...,
          6.10282173e-02,  6.39067562e-01,  4.15350041e-01],
        [ 1.86635124e-01,  0.00000000e+00,  6.35673900e-02, ...,
          2.46243152e-01,  7.71389216e-01,  5.77826867e-01],
        [ 1.23807197e-01, -6.35673900e-02,  0.00000000e+00, ...,
          1.84135109e-01,  7.29377143e-01,  5.24777120e-01],
        ...,
        [-6.10282173e-02, -2.46243152e-01, -1.84135109e-01, ...,
          0.00000000e+00,  5.90936476e-01,  3.59060816e-01],
        [-6.39067562e-01, -7.71389216e-01, -7.29377143e-01, ...,
         -5.90936476e-01,  0.00000000e+00, -2.61868527e-01],
        [-4.15350041e-01, -5.77826867e-01, -5.24777120e-01, ...,
         -3.59060816e-01,  2.61868527e-01,  0.00000000e+00]],

       [[ 0.00000000e+00, -3.59848892e-01, -1.07667067e-01, ...,
          1.07119811e-01, -2.14185535e-01, -9.58962086e-01],
        [ 3.59848892e-01,  0.00000000e+00,  2.57302579e-01, ...,
          4.57722284e-01,  1.51660504e-01, -7.92692274e-01],
        [ 1.07667067e-01, -2.57302579e-01,  0.00000000e+00, ...,
          2.13544687e-01, -1.07772039e-01, -9.22860336e-01],
        ...,
        [-1.07119811e-01, -4.57722284e-01, -2.13544687e-01, ...,
          0.00000000e+00, -3.17587018e-01, -9.83816477e-01],
        [ 2.14185535e-01, -1.51660504e-01,  1.07772039e-01, ...,
          3.17587018e-01,  0.00000000e+00, -8.75978497e-01],
        [ 9.58962086e-01,  7.92692274e-01,  9.22860336e-01, ...,
          9.83816477e-01,  8.75978497e-01,  0.00000000e+00]],

       [[ 0.00000000e+00, -2.75580646e-01, -4.58784486e-01, ...,
         -7.48652256e-01, -6.65619143e-01, -4.72334833e-01],
        [ 2.75580646e-01,  0.00000000e+00, -1.96152898e-01, ...,
         -5.36963168e-01, -4.34181487e-01, -2.11142990e-01],
        [ 4.58784486e-01,  1.96152898e-01,  0.00000000e+00, ...,
         -3.61056057e-01, -2.49047267e-01, -1.53105165e-02],
        ...,
        [ 7.48652256e-01,  5.36963168e-01,  3.61056057e-01, ...,
          0.00000000e+00,  1.17432099e-01,  3.46736004e-01],
        [ 6.65619143e-01,  4.34181487e-01,  2.49047267e-01, ...,
         -1.17432099e-01,  0.00000000e+00,  2.34189973e-01],
        [ 4.72334833e-01,  2.11142990e-01,  1.53105165e-02, ...,
         -3.46736004e-01, -2.34189973e-01,  0.00000000e+00]],

       ...,

       [[ 0.00000000e+00, -2.69669716e-01, -2.69669716e-01, ...,
         -9.17098559e-01, -6.22856006e-01, -8.01947798e-01],
        [ 2.69669716e-01,  0.00000000e+00,  0.00000000e+00, ...,
         -7.75616019e-01, -3.88808522e-01, -6.11138838e-01],
        [ 2.69669716e-01,  0.00000000e+00,  0.00000000e+00, ...,
         -7.75616019e-01, -3.88808522e-01, -6.11138838e-01],
        ...,
        [ 9.17098559e-01,  7.75616019e-01,  7.75616019e-01, ...,
          0.00000000e+00,  4.69171558e-01,  2.28164333e-01],
        [ 6.22856006e-01,  3.88808522e-01,  3.88808522e-01, ...,
         -4.69171558e-01,  0.00000000e+00, -2.55302519e-01],
        [ 8.01947798e-01,  6.11138838e-01,  6.11138838e-01, ...,
         -2.28164333e-01,  2.55302519e-01,  0.00000000e+00]],

       [[ 0.00000000e+00, -1.09465701e-02, -1.39086941e-02, ...,
          6.26016124e-01,  6.71681228e-01,  4.93749875e-01],
        [ 1.09465701e-02,  0.00000000e+00, -2.96234946e-03, ...,
          6.34514862e-01,  6.79750644e-01,  5.03239472e-01],
        [ 1.39086941e-02,  2.96234946e-03,  0.00000000e+00, ...,
          6.36801710e-01,  6.81920376e-01,  5.05797170e-01],
        ...,
        [-6.26016124e-01, -6.34514862e-01, -6.36801710e-01, ...,
          0.00000000e+00,  6.00058498e-02, -1.59354960e-01],
        [-6.71681228e-01, -6.79750644e-01, -6.81920376e-01, ...,
         -6.00058498e-02,  0.00000000e+00, -2.18306862e-01],
        [-4.93749875e-01, -5.03239472e-01, -5.05797170e-01, ...,
          1.59354960e-01,  2.18306862e-01,  0.00000000e+00]],

       [[ 0.00000000e+00,  4.44364738e-01,  5.97125564e-01, ...,
          9.88841298e-01,  9.88818108e-01,  9.89187810e-01],
        [-4.44364738e-01,  0.00000000e+00,  1.78486334e-01, ...,
          9.52047727e-01,  9.52095317e-01,  9.51327888e-01],
        [-5.97125564e-01, -1.78486334e-01,  0.00000000e+00, ...,
          8.82152304e-01,  8.82225569e-01,  8.81045821e-01],
        ...,
        [-9.88841298e-01, -9.52047727e-01, -8.82152304e-01, ...,
          0.00000000e+00,  1.55587370e-04, -2.34425127e-03],
        [-9.88818108e-01, -9.52095317e-01, -8.82225569e-01, ...,
         -1.55587370e-04,  0.00000000e+00, -2.49983818e-03],
        [-9.89187810e-01, -9.51327888e-01, -8.81045821e-01, ...,
          2.34425127e-03,  2.49983818e-03,  0.00000000e+00]]]), 'num': array([7.21494212e-01, 6.92406573e-01, 2.21198778e-07, 1.11875536e-03,
       1.12726300e-03, 1.09748624e-03, 3.07914654e-03, 1.27614680e-05,
       1.09578472e-03, 1.10216545e-03, 1.08465388e-03, 3.68241364e-07,
       1.17153798e-03, 1.03279292e-03])}
{'img': array([[[ 0.00000000e+00,  6.35673900e-02, -1.31641717e-01, ...,
          7.71389216e-01,  5.77826867e-01,  7.25457412e-01],
        [-6.35673900e-02,  0.00000000e+00, -1.94389664e-01, ...,
          7.29377143e-01,  5.24777120e-01,  6.80238869e-01],
        [ 1.31641717e-01,  1.94389664e-01,  0.00000000e+00, ...,
          8.48448096e-01,  6.80238869e-01,  8.09748675e-01],
        ...,
        [-7.71389216e-01, -7.29377143e-01, -8.48448096e-01, ...,
          0.00000000e+00, -2.61868527e-01, -6.92670696e-02],
        [-5.77826867e-01, -5.24777120e-01, -6.80238869e-01, ...,
          2.61868527e-01,  0.00000000e+00,  1.94389664e-01],
        [-7.25457412e-01, -6.80238869e-01, -8.09748675e-01, ...,
          6.92670696e-02, -1.94389664e-01,  0.00000000e+00]],

       [[ 0.00000000e+00,  2.57302579e-01, -4.89559700e-01, ...,
          1.51660504e-01, -7.92692274e-01, -6.07501024e-01],
        [-2.57302579e-01,  0.00000000e+00, -6.97436732e-01, ...,
         -1.07772039e-01, -9.22860336e-01, -7.91427304e-01],
        [ 4.89559700e-01,  6.97436732e-01,  0.00000000e+00, ...,
          6.16140165e-01, -3.92757356e-01, -1.40856016e-01],
        ...,
        [-1.51660504e-01,  1.07772039e-01, -6.16140165e-01, ...,
          0.00000000e+00, -8.75978497e-01, -7.20940648e-01],
        [ 7.92692274e-01,  9.22860336e-01,  3.92757356e-01, ...,
          8.75978497e-01,  0.00000000e+00,  2.59304473e-01],
        [ 6.07501024e-01,  7.91427304e-01,  1.40856016e-01, ...,
          7.20940648e-01, -2.59304473e-01,  0.00000000e+00]],

       [[ 0.00000000e+00, -1.96152898e-01, -4.78344303e-01, ...,
         -4.34181487e-01, -2.11142990e-01,  7.60730374e-02],
        [ 1.96152898e-01,  0.00000000e+00, -2.96795605e-01, ...,
         -2.49047267e-01, -1.53105165e-02,  2.70179687e-01],
        [ 4.78344303e-01,  2.96795605e-01,  0.00000000e+00, ...,
          4.96185175e-02,  2.82140176e-01,  5.43763420e-01],
        ...,
        [ 4.34181487e-01,  2.49047267e-01, -4.96185175e-02, ...,
          0.00000000e+00,  2.34189973e-01,  5.01451863e-01],
        [ 2.11142990e-01,  1.53105165e-02, -2.82140176e-01, ...,
         -2.34189973e-01,  0.00000000e+00,  2.84889135e-01],
        [-7.60730374e-02, -2.70179687e-01, -5.43763420e-01, ...,
         -5.01451863e-01, -2.84889135e-01,  0.00000000e+00]],

       ...,

       [[ 0.00000000e+00,  0.00000000e+00, -2.22677688e-01, ...,
         -3.88808522e-01, -6.11138838e-01, -5.18071262e-01],
        [ 0.00000000e+00,  0.00000000e+00, -2.22677688e-01, ...,
         -3.88808522e-01, -6.11138838e-01, -5.18071262e-01],
        [ 2.22677688e-01,  2.22677688e-01,  0.00000000e+00, ...,
         -1.73889272e-01, -4.19539833e-01, -3.14599023e-01],
        ...,
        [ 3.88808522e-01,  3.88808522e-01,  1.73889272e-01, ...,
          0.00000000e+00, -2.55302519e-01, -1.44746189e-01],
        [ 6.11138838e-01,  6.11138838e-01,  4.19539833e-01, ...,
          2.55302519e-01,  0.00000000e+00,  1.12664405e-01],
        [ 5.18071262e-01,  5.18071262e-01,  3.14599023e-01, ...,
          1.44746189e-01, -1.12664405e-01,  0.00000000e+00]],

       [[ 0.00000000e+00, -2.96234946e-03, -6.63044252e-02, ...,
          6.79750644e-01,  5.03239472e-01,  4.31379820e-01],
        [ 2.96234946e-03,  0.00000000e+00, -6.33483037e-02, ...,
          6.81920376e-01,  5.05797170e-01,  4.34050471e-01],
        [ 6.63044252e-02,  6.33483037e-02,  0.00000000e+00, ...,
          7.26885348e-01,  5.59428834e-01,  4.90248433e-01],
        ...,
        [-6.79750644e-01, -6.81920376e-01, -7.26885348e-01, ...,
          0.00000000e+00, -2.18306862e-01, -2.96858283e-01],
        [-5.03239472e-01, -5.05797170e-01, -5.59428834e-01, ...,
          2.18306862e-01,  0.00000000e+00, -8.12321859e-02],
        [-4.31379820e-01, -4.34050471e-01, -4.90248433e-01, ...,
          2.96858283e-01,  8.12321859e-02,  0.00000000e+00]],

       [[ 0.00000000e+00,  4.33498621e-01,  6.42204365e-01, ...,
          9.94745227e-01,  9.95010211e-01,  9.94715348e-01],
        [-4.33498621e-01,  0.00000000e+00,  2.46433980e-01, ...,
          9.40801028e-01,  9.39909178e-01,  9.40899768e-01],
        [-6.42204365e-01, -2.46433980e-01,  0.00000000e+00, ...,
          8.28255234e-01,  8.26783370e-01,  8.28418497e-01],
        ...,
        [-9.94745227e-01, -9.40801028e-01, -8.28255234e-01, ...,
          0.00000000e+00, -2.62160143e-03,  2.91422352e-04],
        [-9.95010211e-01, -9.39909178e-01, -8.26783370e-01, ...,
          2.62160143e-03,  0.00000000e+00,  2.91302267e-03],
        [-9.94715348e-01, -9.40899768e-01, -8.28418497e-01, ...,
         -2.91422352e-04, -2.91302267e-03,  0.00000000e+00]]]), 'num': array([ 7.23055107e-01,  6.90777208e-01,  2.47340220e-07,  1.11303099e-03,
        1.13435342e-03,  1.10023753e-03,  2.88721945e-03, -8.52897311e-06,
        1.11047230e-03,  1.10471524e-03,  1.08815482e-03,  4.19220712e-07,
        1.17413474e-03,  1.03529574e-03])}
{'img': array([[[ 0.        , -0.19438966, -0.19438966, ...,  0.52477712,
          0.68023887,  0.57782687],
        [ 0.19438966,  0.        ,  0.        , ...,  0.68023887,
          0.80974868,  0.72545741],
        [ 0.19438966,  0.        ,  0.        , ...,  0.68023887,
          0.80974868,  0.72545741],
        ...,
        [-0.52477712, -0.68023887, -0.68023887, ...,  0.        ,
          0.19438966,  0.06356739],
        [-0.68023887, -0.80974868, -0.80974868, ..., -0.19438966,
          0.        , -0.13164172],
        [-0.57782687, -0.72545741, -0.72545741, ..., -0.06356739,
          0.13164172,  0.        ]],

       [[ 0.        , -0.69743673, -0.13319703, ..., -0.92286034,
         -0.7914273 , -0.82488595],
        [ 0.69743673,  0.        ,  0.59576711, ..., -0.39275736,
         -0.14085602, -0.1968911 ],
        [ 0.13319703, -0.59576711,  0.        , ..., -0.86333845,
         -0.70295689, -0.7422397 ],
        ...,
        [ 0.92286034,  0.39275736,  0.86333845, ...,  0.        ,
          0.25930447,  0.20399992],
        [ 0.7914273 ,  0.14085602,  0.70295689, ..., -0.25930447,
          0.        , -0.0568293 ],
        [ 0.82488595,  0.1968911 ,  0.7422397 , ..., -0.20399992,
          0.0568293 ,  0.        ]],

       [[ 0.        , -0.29679561, -0.31279479, ..., -0.01531052,
          0.27017969,  0.4730452 ],
        [ 0.29679561,  0.        , -0.01679796, ...,  0.28214018,
          0.54376342,  0.71321852],
        [ 0.31279479,  0.01679796,  0.        , ...,  0.29821588,
          0.5577842 ,  0.72489229],
        ...,
        [ 0.01531052, -0.28214018, -0.29821588, ...,  0.        ,
          0.28488914,  0.4864789 ],
        [-0.27017969, -0.54376342, -0.5577842 , ..., -0.28488914,
          0.        ,  0.217414  ],
        [-0.4730452 , -0.71321852, -0.72489229, ..., -0.4864789 ,
         -0.217414  ,  0.        ]],

       ...,

       [[ 0.        , -0.22267769, -0.50150263, ..., -0.61113884,
         -0.51807126, -0.30494602],
        [ 0.22267769,  0.        , -0.29626   , ..., -0.41953983,
         -0.31459902, -0.085218  ],
        [ 0.50150263,  0.29626   ,  0.        , ..., -0.13177943,
         -0.01925854,  0.21378996],
        ...,
        [ 0.61113884,  0.41953983,  0.13177943, ...,  0.        ,
          0.1126644 ,  0.34065816],
        [ 0.51807126,  0.31459902,  0.01925854, ..., -0.1126644 ,
          0.        ,  0.23256359],
        [ 0.30494602,  0.085218  , -0.21378996, ..., -0.34065816,
         -0.23256359,  0.        ]],

       [[ 0.        , -0.0633483 , -0.10812925, ...,  0.50579717,
          0.43405047,  0.4189314 ],
        [ 0.0633483 ,  0.        , -0.04493519, ...,  0.55942883,
          0.49024843,  0.47561136],
        [ 0.10812925,  0.04493519,  0.        , ...,  0.59610956,
          0.52891797,  0.51465844],
        ...,
        [-0.50579717, -0.55942883, -0.59610956, ...,  0.        ,
         -0.08123219, -0.09788068],
        [-0.43405047, -0.49024843, -0.52891797, ...,  0.08123219,
          0.        , -0.01671509],
        [-0.4189314 , -0.47561136, -0.51465844, ...,  0.09788068,
          0.01671509,  0.        ]],

       [[ 0.        ,  0.51301446,  0.66428161, ...,  0.99859621,
          0.99842982,  0.99850621],
        [-0.51301446,  0.        ,  0.18673674, ...,  0.88434837,
          0.8857696 ,  0.885128  ],
        [-0.66428161, -0.18673674,  0.        , ...,  0.78161882,
          0.78351968,  0.78266108],
        ...,
        [-0.99859621, -0.88434837, -0.78161882, ...,  0.        ,
          0.00305327,  0.0016727 ],
        [-0.99842982, -0.8857696 , -0.78351968, ..., -0.00305327,
          0.        , -0.00138058],
        [-0.99850621, -0.885128  , -0.78266108, ..., -0.0016727 ,
          0.00138058,  0.        ]]]), 'num': array([ 7.16890532e-01,  6.97174262e-01,  1.52249190e-07,  1.09534834e-03,
        1.09957748e-03,  1.08266090e-03,  2.53787557e-03, -8.45828831e-06,
        1.10549828e-03,  1.09471396e-03,  1.07970050e-03,  4.02115346e-07,
        1.16313075e-03,  1.02629718e-03])}
{'img': array([[[ 0.        ,  0.        , -0.29485251, ...,  0.80974868,
          0.72545741,  0.63314289],
        [ 0.        ,  0.        , -0.29485251, ...,  0.80974868,
          0.72545741,  0.63314289],
        [ 0.29485251,  0.29485251,  0.        , ...,  0.94676213,
          0.89614286,  0.83322126],
        ...,
        [-0.80974868, -0.80974868, -0.94676213, ...,  0.        ,
         -0.13164172, -0.25526017],
        [-0.72545741, -0.72545741, -0.89614286, ...,  0.13164172,
          0.        , -0.12575799],
        [-0.63314289, -0.63314289, -0.83322126, ...,  0.25526017,
          0.12575799,  0.        ]],

       [[ 0.        ,  0.59576711,  0.24559389, ..., -0.14085602,
         -0.1968911 , -0.29497079],
        [-0.59576711,  0.        , -0.38026993, ..., -0.70295689,
         -0.7422397 , -0.80616714],
        [-0.24559389,  0.38026993,  0.        , ..., -0.37968733,
         -0.43164736, -0.52060317],
        ...,
        [ 0.14085602,  0.70295689,  0.37968733, ...,  0.        ,
         -0.0568293 , -0.15744115],
        [ 0.1968911 ,  0.7422397 ,  0.43164736, ...,  0.0568293 ,
          0.        , -0.10106617],
        [ 0.29497079,  0.80616714,  0.52060317, ...,  0.15744115,
          0.10106617,  0.        ]],

       [[ 0.        , -0.01679796, -0.17450721, ...,  0.54376342,
          0.71321852,  0.76834431],
        [ 0.01679796,  0.        , -0.15794238, ...,  0.5577842 ,
          0.72489229,  0.77898722],
        [ 0.17450721,  0.15794238,  0.        , ...,  0.68187304,
          0.82459422,  0.86824578],
        ...,
        [-0.54376342, -0.5577842 , -0.68187304, ...,  0.        ,
          0.217414  ,  0.29679561],
        [-0.71321852, -0.72489229, -0.82459422, ..., -0.217414  ,
          0.        ,  0.08207855],
        [-0.76834431, -0.77898722, -0.86824578, ..., -0.29679561,
         -0.08207855,  0.        ]],

       ...,

       [[ 0.        , -0.29626   , -0.37342451, ..., -0.31459902,
         -0.085218  , -0.14791733],
        [ 0.29626   ,  0.        , -0.08183177, ..., -0.01925854,
          0.21378996,  0.15172413],
        [ 0.37342451,  0.08183177,  0.        , ...,  0.06262264,
          0.29301273,  0.23209966],
        ...,
