state_0,state_1,state_2,state_3,state_4,state_5,state_6,state_7,state_8,state_9,state_10,state_11,state_12,state_13,state_14,state_15,state_16,state_17,state_18,state_19,state_20,state_21,state_22,state_23,state_24,state_25,state_26,state_27,state_28,state_29,state_30,state_31,state_32,state_33,state_34,state_35,state_36,state_37,state_38,state_39,state_40,state_41,state_42,state_43,state_44,state_45,state_46,state_47,state_48,state_49,state_50,state_51,state_52,state_53,state_54,state_55,state_56,state_57,state_58,state_59,state_60,state_61,state_62,state_63,state_64,state_65,state_66,state_67,state_68,state_69,state_70,state_71,state_72,state_73,state_74,state_75,state_76,state_77,state_78,state_79,state_80,state_81,state_82,state_83,state_84,state_85,state_86,state_87,state_88,state_89,state_90,state_91,state_92,state_93,state_94,state_95,state_96,state_97,state_98,state_99,state_100,state_101,state_102,state_103,state_104,state_105,state_106,state_107,state_108,state_109,state_110,state_111,state_112,state_113,state_114,state_115,state_116,state_117,state_118,state_119,state_120,state_121,state_122,state_123,state_124,state_125,state_126,state_127,state_128,state_129,state_130,state_131,state_132,state_133,state_134,state_135,state_136,state_137,state_138,state_139,state_140,state_141,state_142,state_143,state_144,state_145,state_146,state_147,state_148,state_149,state_150,state_151,state_152,state_153,state_154,state_155,state_156,state_157,state_158,state_159,state_160,state_161,state_162,state_163,state_164,state_165,state_166,state_167,state_168,state_169,state_170,state_171,state_172,state_173,state_174,state_175,state_176,state_177,state_178,state_179,state_180,state_181,state_182,state_183,state_184,state_185,state_186,state_187,state_188,state_189,state_190,state_191,state_192,state_193,state_194,state_195,state_196,state_197,state_198,state_199,state_200,state_201,state_202,state_203,state_204,state_205,state_206,state_207,state_208,state_209,state_210,state_211,state_212,state_213,state_214,state_215,state_216,state_217,state_218,state_219,state_220,state_221,state_222,state_223,state_224,state_225,state_226,state_227,state_228,state_229,state_230,state_231,state_232,state_233,state_234,state_235,state_236,state_237,state_238,state_239,state_240,state_241,state_242,state_243,state_244,state_245,state_246,state_247,state_248,state_249,state_250,state_251,state_252,state_253,state_254,state_255,state_256,state_257,state_258,state_259,state_260,state_261,state_262,state_263,state_264,state_265,state_266,state_267,state_268,state_269,state_270,state_271,state_272,state_273,state_274,state_275,state_276,state_277,state_278,state_279,state_280,state_281,state_282,state_283,state_284,state_285,state_286,state_287
{'img': array([[[ 0.        , -0.1253685 ,  0.01212772, ...,  0.49680219,
          0.42857143,  0.43847421],
        [ 0.1253685 ,  0.        ,  0.13739132, ...,  0.60168533,
          0.53846154,  0.54768892],
        [-0.01212772, -0.13739132,  0.        , ...,  0.48624045,
          0.41758242,  0.42754225],
        ...,
        [-0.49680219, -0.60168533, -0.48624045, ...,  0.        ,
         -0.07692308, -0.06596198],
        [-0.42857143, -0.53846154, -0.41758242, ...,  0.07692308,
          0.        ,  0.01098901],
        [-0.43847421, -0.54768892, -0.42754225, ...,  0.06596198,
         -0.01098901,  0.        ]],

       [[ 0.        , -0.82080252, -0.38732131, ..., -0.7938226 ,
         -0.73135054, -0.69722273],
        [ 0.82080252,  0.        ,  0.53549201, ...,  0.04572951,
          0.14203251,  0.190134  ],
        [ 0.38732131, -0.53549201,  0.        , ..., -0.4963114 ,
         -0.41011101, -0.36514782],
        ...,
        [ 0.7938226 , -0.04572951,  0.4963114 , ...,  0.        ,
          0.09661802,  0.14503978],
        [ 0.73135054, -0.14203251,  0.41011101, ..., -0.09661802,
          0.        ,  0.04876485],
        [ 0.69722273, -0.190134  ,  0.36514782, ..., -0.14503978,
         -0.04876485,  0.        ]],

       [[ 0.        ,  0.02752144,  0.13836991, ...,  0.83541056,
          0.8113006 ,  0.77209387],
        [-0.02752144,  0.        ,  0.11106079, ...,  0.8199676 ,
          0.79490345,  0.7543113 ],
        [-0.13836991, -0.11106079,  0.        , ...,  0.75132267,
          0.7226013 ,  0.67673155],
        ...,
        [-0.83541056, -0.8199676 , -0.75132267, ...,  0.        ,
         -0.04249318, -0.10654732],
        [-0.8113006 , -0.79490345, -0.7226013 , ...,  0.04249318,
          0.        , -0.06419979],
        [-0.77209387, -0.7543113 , -0.67673155, ...,  0.10654732,
          0.06419979,  0.        ]],

       ...,

       [[ 0.        , -0.09781589,  0.02281705, ..., -0.36339411,
         -0.24827535, -0.71053071],
        [ 0.09781589,  0.        ,  0.12049806, ..., -0.2705227 ,
         -0.15233152, -0.63829364],
        [-0.02281705, -0.12049806,  0.        , ..., -0.38455668,
         -0.27031335, -0.72640132],
        ...,
        [ 0.36339411,  0.2705227 ,  0.38455668, ...,  0.        ,
          0.12071393, -0.40624749],
        [ 0.24827535,  0.15233152,  0.27031335, ..., -0.12071393,
          0.        , -0.51358067],
        [ 0.71053071,  0.63829364,  0.72640132, ...,  0.40624749,
          0.51358067,  0.        ]],

       [[ 0.        , -0.03113461, -0.08766482, ...,  0.97765797,
          0.97371294,  0.96751989],
        [ 0.03113461,  0.        , -0.05660758, ...,  0.97063945,
          0.96614908,  0.95918017],
        [ 0.08766482,  0.05660758,  0.        , ...,  0.9554667 ,
          0.949996  ,  0.94163375],
        ...,
        [-0.97765797, -0.97063945, -0.9554667 , ...,  0.        ,
          0.0180132 ,  0.04377232],
        [-0.97371294, -0.96614908, -0.949996  , ..., -0.0180132 ,
          0.        ,  0.02576928],
        [-0.96751989, -0.95918017, -0.94163375, ..., -0.04377232,
         -0.02576928,  0.        ]],

       [[ 0.        ,  0.41151701,  0.66506201, ...,  0.42331186,
          0.56933892,  0.63346379],
        [-0.41151701,  0.        ,  0.29882288, ...,  0.75863515,
          0.857206  ,  0.89576069],
        [-0.66506201, -0.29882288,  0.        , ...,  0.91865984,
          0.97192496,  0.98766983],
        ...,
        [-0.42331186, -0.75863515, -0.91865984, ...,  0.        ,
         -0.16780605, -0.24636107],
        [-0.56933892, -0.857206  , -0.97192496, ...,  0.16780605,
          0.        , -0.08023372],
        [-0.63346379, -0.89576069, -0.98766983, ...,  0.24636107,
          0.08023372,  0.        ]]]), 'num': array([7.44260925e-01, 6.62469594e-01, 1.31075850e-06, 2.82039070e-03,
       2.86558927e-03, 2.79779142e-03, 8.45262054e-02, 2.25992845e-05,
       2.80954305e-03, 2.92253947e-03, 2.72321378e-03, 1.34226053e-06,
       3.15209125e-03, 2.69298769e-03])}
{'img': array([[[ 0.        ,  0.13739132, -0.12215461, ...,  0.53846154,
          0.54768892,  0.59284918],
        [-0.13739132,  0.        , -0.25735861, ...,  0.41758242,
          0.42754225,  0.47658402],
        [ 0.12215461,  0.25735861,  0.        , ...,  0.63736264,
          0.64579189,  0.68678214],
        ...,
        [-0.53846154, -0.41758242, -0.63736264, ...,  0.        ,
          0.01098901,  0.06593407],
        [-0.54768892, -0.42754225, -0.64579189, ..., -0.01098901,
          0.        ,  0.05496499],
        [-0.59284918, -0.47658402, -0.68678214, ..., -0.06593407,
         -0.05496499,  0.        ]],

       [[ 0.        ,  0.53549201,  0.17171949, ...,  0.14203251,
          0.190134  ,  0.45353548],
        [-0.53549201,  0.        , -0.38251372, ..., -0.41011101,
         -0.36514782, -0.09422196],
        [-0.17171949,  0.38251372,  0.        , ..., -0.03005586,
          0.01872272,  0.29375564],
        ...,
        [-0.14203251,  0.41011101,  0.03005586, ...,  0.        ,
          0.04876485,  0.32235274],
        [-0.190134  ,  0.36514782, -0.01872272, ..., -0.04876485,
          0.        ,  0.27580747],
        [-0.45353548,  0.09422196, -0.29375564, ..., -0.32235274,
         -0.27580747,  0.        ]],

       [[ 0.        ,  0.11106079,  0.11419593, ...,  0.79490345,
          0.7543113 ,  0.74145414],
        [-0.11106079,  0.        ,  0.00315521, ...,  0.7226013 ,
          0.67673155,  0.66234503],
        [-0.11419593, -0.00315521,  0.        , ...,  0.72041662,
          0.67440522,  0.65997786],
        ...,
        [-0.79490345, -0.7226013 , -0.72041662, ...,  0.        ,
         -0.06419979, -0.08351616],
        [-0.7543113 , -0.67673155, -0.67440522, ...,  0.06419979,
          0.        , -0.01936837],
        [-0.74145414, -0.66234503, -0.65997786, ...,  0.08351616,
          0.01936837,  0.        ]],

       ...,

       [[ 0.        ,  0.12049806, -0.08190525, ..., -0.15233152,
         -0.63829364, -0.8596318 ],
        [-0.12049806,  0.        , -0.20140166, ..., -0.27031335,
         -0.72640132, -0.9149323 ],
        [ 0.08190525,  0.20140166,  0.        , ..., -0.07087033,
         -0.57309896, -0.81489699],
        ...,
        [ 0.15233152,  0.27031335,  0.07087033, ...,  0.        ,
         -0.51358067, -0.77177111],
        [ 0.63829364,  0.72640132,  0.57309896, ...,  0.51358067,
          0.        , -0.33562533],
        [ 0.8596318 ,  0.9149323 ,  0.81489699, ...,  0.77177111,
          0.33562533,  0.        ]],

       [[ 0.        , -0.05660758, -0.12140956, ...,  0.96614908,
          0.95918017,  0.96834378],
        [ 0.05660758,  0.        , -0.06502605, ...,  0.949996  ,
          0.94163375,  0.95266064],
        [ 0.12140956,  0.06502605,  0.        , ...,  0.92768022,
          0.91775053,  0.93087416],
        ...,
        [-0.96614908, -0.949996  , -0.92768022, ...,  0.        ,
          0.02576928, -0.0086471 ],
        [-0.95918017, -0.94163375, -0.91775053, ..., -0.02576928,
          0.        , -0.03441255],
        [-0.96834378, -0.95266064, -0.93087416, ...,  0.0086471 ,
          0.03441255,  0.        ]],

       [[ 0.        ,  0.29882288,  0.45465286, ...,  0.857206  ,
          0.89576069,  0.8668788 ],
        [-0.29882288,  0.        ,  0.16772694, ...,  0.97192496,
          0.98766983,  0.97623876],
        [-0.45465286, -0.16772694,  0.        , ...,  0.99762082,
          0.99993587,  0.9987549 ],
        ...,
        [-0.857206  , -0.97192496, -0.99762082, ...,  0.        ,
         -0.08023372, -0.01908631],
        [-0.89576069, -0.98766983, -0.99993587, ...,  0.08023372,
          0.        ,  0.06119433],
        [-0.8668788 , -0.97623876, -0.9987549 , ...,  0.01908631,
         -0.06119433,  0.        ]]]), 'num': array([ 7.28104022e-01,  6.83654949e-01,  7.26292031e-07,  1.64626194e-03,
        1.67854158e-03,  1.63550205e-03,  4.95754835e-02, -3.22796458e-05,
        1.66670571e-03,  1.73798993e-03,  1.62263503e-03,  5.24459654e-07,
        1.87768101e-03,  1.59829885e-03])}
{'img': array([[[ 0.        , -0.25735861, -0.32772932, ...,  0.42754225,
          0.47658402,  0.35676348],
        [ 0.25735861,  0.        , -0.07354496, ...,  0.64579189,
          0.68678214,  0.58516931],
        [ 0.32772932,  0.07354496,  0.        , ...,  0.70019559,
          0.7383794 ,  0.64322304],
        ...,
        [-0.42754225, -0.64579189, -0.70019559, ...,  0.        ,
          0.05496499, -0.07689518],
        [-0.47658402, -0.68678214, -0.7383794 , ..., -0.05496499,
          0.        , -0.13158118],
        [-0.35676348, -0.58516931, -0.64322304, ...,  0.07689518,
          0.13158118,  0.        ]],

       [[ 0.        , -0.38251372, -0.66774564, ..., -0.36514782,
         -0.09422196, -0.10885058],
        [ 0.38251372,  0.        , -0.33222425, ...,  0.01872272,
          0.29375564,  0.27966839],
        [ 0.66774564,  0.33222425,  0.        , ...,  0.34982529,
          0.59463714,  0.58275074],
        ...,
        [ 0.36514782, -0.01872272, -0.34982529, ...,  0.        ,
          0.27580747,  0.26164375],
        [ 0.09422196, -0.29375564, -0.59463714, ..., -0.27580747,
          0.        , -0.01470423],
        [ 0.10885058, -0.27966839, -0.58275074, ..., -0.26164375,
          0.01470423,  0.        ]],

       [[ 0.        ,  0.00315521, -0.02545835, ...,  0.67673155,
          0.66234503,  0.64145579],
        [-0.00315521,  0.        , -0.02861241, ...,  0.67440522,
          0.65997786,  0.63903205],
        [ 0.02545835,  0.02861241,  0.        , ...,  0.69525541,
          0.68120372,  0.66077851],
        ...,
        [-0.67673155, -0.67440522, -0.69525541, ...,  0.        ,
         -0.01936837, -0.04690247],
        [-0.66234503, -0.65997786, -0.68120372, ...,  0.01936837,
          0.        , -0.02754662],
        [-0.64145579, -0.63903205, -0.66077851, ...,  0.04690247,
          0.02754662,  0.        ]],

       ...,

       [[ 0.        , -0.15785636, -0.24563917, ..., -0.51765942,
         -0.60206417, -0.99551433],
        [ 0.15785636,  0.        , -0.08953952, ..., -0.37610924,
         -0.4684755 , -0.96809772],
        [ 0.24563917,  0.08953952,  0.        , ..., -0.29163341,
         -0.3874877 , -0.94177295],
        ...,
        [ 0.51765942,  0.37610924,  0.29163341, ...,  0.        ,
         -0.10179417, -0.80277265],
        [ 0.60206417,  0.4684755 ,  0.3874877 , ...,  0.10179417,
          0.        , -0.73790428],
        [ 0.99551433,  0.96809772,  0.94177295, ...,  0.80277265,
          0.73790428,  0.        ]],

       [[ 0.        , -0.06502605, -0.13343158, ...,  0.94163375,
          0.95266064,  0.93993416],
        [ 0.06502605,  0.        , -0.06870459, ...,  0.91775053,
          0.93087416,  0.91574784],
        [ 0.13343158,  0.06870459,  0.        , ...,  0.8882954 ,
          0.90357401,  0.88598165],
        ...,
        [-0.94163375, -0.91775053, -0.8882954 , ...,  0.        ,
         -0.03441255,  0.00501354],
        [-0.95266064, -0.93087416, -0.90357401, ...,  0.03441255,
          0.        ,  0.03942268],
        [-0.93993416, -0.91574784, -0.88598165, ..., -0.00501354,
         -0.03942268,  0.        ]],

       [[ 0.        ,  0.16772694,  0.29544693, ...,  0.98766983,
          0.97623876,  0.98811168],
        [-0.16772694,  0.        ,  0.13102201, ...,  0.99993587,
          0.9987549 ,  0.99989956],
        [-0.29544693, -0.13102201,  0.        , ...,  0.98983201,
          0.9966813 ,  0.98942289],
        ...,
        [-0.98766983, -0.99993587, -0.98983201, ...,  0.        ,
          0.06119433, -0.00284801],
        [-0.97623876, -0.9987549 , -0.9966813 , ..., -0.06119433,
          0.        , -0.06403675],
        [-0.98811168, -0.99989956, -0.98942289, ...,  0.00284801,
          0.06403675,  0.        ]]]), 'num': array([ 7.20373706e-01,  6.92770383e-01,  4.52513486e-07,  1.62372486e-03,
        1.65566699e-03,  1.62106302e-03,  3.32982048e-02, -5.32368807e-06,
        1.64129303e-03,  1.71515920e-03,  1.60699961e-03,  6.44665352e-07,
        1.85960956e-03,  1.57070885e-03])}
{'img': array([[[ 0.        , -0.07354496, -0.07354496, ...,  0.68678214,
          0.58516931,  0.56715303],
        [ 0.07354496,  0.        ,  0.        , ...,  0.7383794 ,
          0.64322304,  0.62618967],
        [ 0.07354496,  0.        ,  0.        , ...,  0.7383794 ,
          0.64322304,  0.62618967],
        ...,
        [-0.68678214, -0.7383794 , -0.7383794 , ...,  0.        ,
         -0.13158118, -0.15339957],
        [-0.58516931, -0.64322304, -0.64322304, ...,  0.13158118,
          0.        , -0.022042  ],
        [-0.56715303, -0.62618967, -0.62618967, ...,  0.15339957,
          0.022042  ,  0.        ]],

       [[ 0.        , -0.33222425, -0.0028522 , ...,  0.29375564,
          0.27966839, -0.09871684],
        [ 0.33222425,  0.        ,  0.3295327 , ...,  0.59463714,
          0.58275074,  0.23749176],
        [ 0.0028522 , -0.3295327 ,  0.        , ...,  0.29648081,
          0.28240564, -0.09587817],
        ...,
        [-0.29375564, -0.59463714, -0.29648081, ...,  0.        ,
         -0.01470423, -0.38668231],
        [-0.27966839, -0.58275074, -0.28240564, ...,  0.01470423,
          0.        , -0.37308008],
        [ 0.09871684, -0.23749176,  0.09587817, ...,  0.38668231,
          0.37308008,  0.        ]],

       [[ 0.        , -0.02861241, -0.10744656, ...,  0.65997786,
          0.63903205,  0.60688468],
        [ 0.02861241,  0.        , -0.0789558 , ...,  0.68120372,
          0.66077851,  0.62937707],
        [ 0.10744656,  0.0789558 ,  0.        , ...,  0.73688015,
          0.71797836,  0.68876878],
        ...,
        [-0.65997786, -0.68120372, -0.73688015, ...,  0.        ,
         -0.02754662, -0.06860034],
        [-0.63903205, -0.66077851, -0.71797836, ...,  0.02754662,
          0.        , -0.04109259],
        [-0.60688468, -0.62937707, -0.68876878, ...,  0.06860034,
          0.04109259,  0.        ]],

       ...,

       [[ 0.        , -0.08953952,  0.01950307, ..., -0.4684755 ,
         -0.96809772, -0.69020692],
        [ 0.08953952,  0.        ,  0.10894721, ..., -0.3874877 ,
         -0.94177295, -0.62264267],
        [-0.01950307, -0.10894721,  0.        , ..., -0.48561689,
         -0.97280052, -0.70418829],
        ...,
        [ 0.4684755 ,  0.3874877 ,  0.48561689, ...,  0.        ,
         -0.73790428, -0.27078707],
        [ 0.96809772,  0.94177295,  0.97280052, ...,  0.73790428,
          0.        ,  0.52757999],
        [ 0.69020692,  0.62264267,  0.70418829, ...,  0.27078707,
         -0.52757999,  0.        ]],

       [[ 0.        , -0.06870459, -0.27880849, ...,  0.93087416,
          0.91574784,  0.89825222],
        [ 0.06870459,  0.        , -0.21216945, ...,  0.90357401,
          0.88598165,  0.86593538],
        [ 0.27880849,  0.21216945,  0.        , ...,  0.79210206,
          0.76742314,  0.74010273],
        ...,
        [-0.93087416, -0.90357401, -0.79210206, ...,  0.        ,
          0.03942268,  0.08093342],
        [-0.91574784, -0.88598165, -0.76742314, ..., -0.03942268,
          0.        ,  0.04157714],
        [-0.89825222, -0.86593538, -0.74010273, ..., -0.08093342,
         -0.04157714,  0.        ]],

       [[ 0.        ,  0.13102201,  0.36610191, ...,  0.9987549 ,
          0.99989956,  0.98882078],
        [-0.13102201,  0.        ,  0.24102013, ...,  0.9966813 ,
          0.98942289,  0.96076007],
        [-0.36610191, -0.24102013,  0.        , ...,  0.94767958,
          0.9252925 ,  0.86558262],
        ...,
        [-0.9987549 , -0.9966813 , -0.94767958, ...,  0.        ,
         -0.06403675, -0.19825186],
        [-0.99989956, -0.98942289, -0.9252925 , ...,  0.06403675,
          0.        , -0.13507926],
        [-0.98882078, -0.96076007, -0.86558262, ...,  0.19825186,
          0.13507926,  0.        ]]]), 'num': array([7.14375497e-01, 6.95927382e-01, 2.90064706e-07, 1.67710139e-03,
       1.68237529e-03, 1.61117759e-03, 7.30110532e-02, 6.85607486e-05,
       1.63543755e-03, 1.69437342e-03, 1.59531193e-03, 1.24220047e-06,
       1.83373302e-03, 1.55501382e-03])}
{'img': array([[[ 0.        ,  0.        ,  0.3390999 , ...,  0.64322304,
          0.62618967,  0.82136359],
        [ 0.        ,  0.        ,  0.3390999 , ...,  0.64322304,
          0.62618967,  0.82136359],
        [-0.3390999 , -0.3390999 ,  0.        , ...,  0.34547068,
          0.32470188,  0.57927383],
        ...,
        [-0.64322304, -0.64322304, -0.34547068, ...,  0.        ,
         -0.022042  ,  0.26200311],
        [-0.62618967, -0.62618967, -0.32470188, ...,  0.022042  ,
          0.        ,  0.28321147],
        [-0.82136359, -0.82136359, -0.57927383, ..., -0.26200311,
         -0.28321147,  0.        ]],

       [[ 0.        ,  0.3295327 ,  0.78576415, ...,  0.58275074,
          0.23749176,  0.87804595],
        [-0.3295327 ,  0.        ,  0.53805002, ...,  0.28240564,
         -0.09587817,  0.67129541],
        [-0.78576415, -0.53805002,  0.        , ..., -0.27810537,
         -0.61638821,  0.16704633],
        ...,
        [-0.58275074, -0.28240564,  0.27810537, ...,  0.        ,
         -0.37308008,  0.43465417],
        [-0.23749176,  0.09587817,  0.61638821, ...,  0.37308008,
          0.        ,  0.73926673],
        [-0.87804595, -0.67129541, -0.16704633, ..., -0.43465417,
         -0.73926673,  0.        ]],

       [[ 0.        , -0.0789558 , -0.03897287, ...,  0.66077851,
          0.62937707,  0.66694918],
        [ 0.0789558 ,  0.        ,  0.04004462, ...,  0.71797836,
          0.68876878,  0.72369726],
        [ 0.03897287, -0.04004462,  0.        , ...,  0.68952879,
          0.65918473,  0.69548128],
        ...,
        [-0.66077851, -0.71797836, -0.68952879, ...,  0.        ,
         -0.04109259,  0.00825115],
        [-0.62937707, -0.68876878, -0.65918473, ...,  0.04109259,
          0.        ,  0.04933537],
        [-0.66694918, -0.72369726, -0.69548128, ..., -0.00825115,
         -0.04933537,  0.        ]],

       ...,

       [[ 0.        ,  0.10894721,  0.45410234, ..., -0.94177295,
         -0.62264267,  0.22080225],
        [-0.10894721,  0.        ,  0.35433285, ..., -0.97280052,
         -0.70418829,  0.11322969],
        [-0.45410234, -0.35433285,  0.        , ..., -0.99176384,
         -0.91008114, -0.2461708 ],
        ...,
        [ 0.94177295,  0.97280052,  0.99176384, ...,  0.        ,
          0.52757999,  0.99277331],
        [ 0.62264267,  0.70418829,  0.91008114, ..., -0.52757999,
          0.        ,  0.78005413],
        [-0.22080225, -0.11322969,  0.2461708 , ..., -0.99277331,
         -0.78005413,  0.        ]],

       [[ 0.        , -0.21216945, -0.24192688, ...,  0.88598165,
          0.86593538,  0.94164053],
        [ 0.21216945,  0.        , -0.03055206, ...,  0.76742314,
          0.74010273,  0.84878159],
        [ 0.24192688,  0.03055206,  0.        , ...,  0.74747671,
          0.71921116,  0.83223115],
        ...,
        [-0.88598165, -0.76742314, -0.74747671, ...,  0.        ,
          0.04157714, -0.13841855],
        [-0.86593538, -0.74010273, -0.71921116, ..., -0.04157714,
          0.        , -0.17947577],
        [-0.94164053, -0.84878159, -0.83223115, ...,  0.13841855,
          0.17947577,  0.        ]],

       [[ 0.        ,  0.24102013,  0.24746836, ...,  0.98942289,
          0.96076007,  0.95752121],
        [-0.24102013,  0.        ,  0.00664959, ...,  0.9252925 ,
          0.86558262,  0.85979235],
        [-0.24746836, -0.00664959,  0.        , ...,  0.92275016,
          0.86223359,  0.85637777],
        ...,
        [-0.98942289, -0.9252925 , -0.92275016, ...,  0.        ,
         -0.13507926, -0.146415  ],
        [-0.96076007, -0.86558262, -0.86223359, ...,  0.13507926,
          0.        , -0.01144952],
        [-0.95752121, -0.85979235, -0.85637777, ...,  0.146415  ,
          0.01144952,  0.        ]]]), 'num': array([ 7.11413808e-01,  7.00102483e-01,  1.83923995e-07,  1.61590367e-03,
        1.65794344e-03,  1.61327618e-03,  6.10345471e-02, -5.51771985e-05,
        1.62746461e-03,  1.68343005e-03,  1.59221251e-03,  9.73142830e-07,
        1.82524711e-03,  1.54161299e-03])}
{'img': array([[[ 0.        ,  0.3390999 ,  0.3390999 , ...,  0.62618967,
          0.82136359,  0.66814229],
        [-0.3390999 ,  0.        ,  0.        , ...,  0.32470188,
          0.57927383,  0.37625341],
        [-0.3390999 ,  0.        ,  0.        , ...,  0.32470188,
          0.57927383,  0.37625341],
        ...,
        [-0.62618967, -0.32470188, -0.32470188, ...,  0.        ,
          0.28321147,  0.05502491],
        [-0.82136359, -0.57927383, -0.57927383, ..., -0.28321147,
          0.        , -0.23001035],
        [-0.66814229, -0.37625341, -0.37625341, ..., -0.05502491,
          0.23001035,  0.        ]],

       [[ 0.        ,  0.53805002,  0.01838487, ..., -0.09587817,
          0.67129541,  0.50511203],
        [-0.53805002,  0.        , -0.52246223, ..., -0.61638821,
          0.16704633, -0.03860066],
        [-0.01838487,  0.52246223,  0.        , ..., -0.11416214,
          0.65755527,  0.48915952],
        ...,
        [ 0.09587817,  0.61638821,  0.11416214, ...,  0.        ,
          0.73926673,  0.58553303],
        [-0.67129541, -0.16704633, -0.65755527, ..., -0.73926673,
          0.        , -0.20498011],
        [-0.50511203,  0.03860066, -0.48915952, ..., -0.58553303,
          0.20498011,  0.        ]],

       [[ 0.        ,  0.04004462,  0.04332924, ...,  0.68876878,
          0.72369726,  0.71606289],
        [-0.04004462,  0.        ,  0.00328748, ...,  0.65918473,
          0.69548128,  0.68753596],
        [-0.04332924, -0.00328748,  0.        , ...,  0.65670905,
          0.69311533,  0.68514504],
        ...,
        [-0.68876878, -0.65918473, -0.65670905, ...,  0.        ,
          0.04933537,  0.0383468 ],
        [-0.72369726, -0.69548128, -0.69311533, ..., -0.04933537,
          0.        , -0.01099898],
        [-0.71606289, -0.68753596, -0.68514504, ..., -0.0383468 ,
          0.01099898,  0.        ]],

       ...,

       [[ 0.        ,  0.35433285,  0.54986832, ..., -0.70418829,
          0.11322969, -0.22106472],
        [-0.35433285,  0.        ,  0.21823553, ..., -0.91008114,
         -0.2461708 , -0.55228825],
        [-0.54986832, -0.21823553,  0.        , ..., -0.97858803,
         -0.45175678, -0.72090871],
        ...,
        [ 0.70418829,  0.91008114,  0.97858803, ...,  0.        ,
          0.78005413,  0.52980718],
        [-0.11322969,  0.2461708 ,  0.45175678, ..., -0.78005413,
          0.        , -0.33007131],
        [ 0.22106472,  0.55228825,  0.72090871, ..., -0.52980718,
          0.33007131,  0.        ]],

       [[ 0.        , -0.03055206, -0.05128675, ...,  0.74010273,
          0.84878159,  0.86474082],
        [ 0.03055206,  0.        , -0.02075096, ...,  0.71921116,
          0.83223115,  0.84899334],
        [ 0.05128675,  0.02075096,  0.        , ...,  0.70463871,
          0.82054702,  0.83784565],
        ...,
        [-0.74010273, -0.71921116, -0.70463871, ...,  0.        ,
         -0.17947577, -0.20983966],
        [-0.84878159, -0.83223115, -0.82054702, ...,  0.17947577,
          0.        , -0.03095248],
        [-0.86474082, -0.84899334, -0.83784565, ...,  0.20983966,
          0.03095248,  0.        ]],

       [[ 0.        ,  0.00664959,  0.01082754, ...,  0.86558262,
          0.85979235,  0.81372863],
        [-0.00664959,  0.        ,  0.00417811, ...,  0.86223359,
          0.85637777,  0.80984561],
        [-0.01082754, -0.00417811,  0.        , ...,  0.86010981,
          0.85421293,  0.80738748],
        ...,
        [-0.86558262, -0.86223359, -0.86010981, ...,  0.        ,
         -0.01144952, -0.09562779],
        [-0.85979235, -0.85637777, -0.85421293, ...,  0.01144952,
          0.        , -0.08422447],
        [-0.81372863, -0.80984561, -0.80738748, ...,  0.09562779,
          0.08422447,  0.        ]]]), 'num': array([ 8.44979224e-01,  5.26619759e-01,  5.38679299e-06,  1.87270274e-03,
        1.93924548e-03,  1.86953404e-03,  9.30121068e-02, -7.60488422e-05,
        1.94178044e-03,  2.01608649e-03,  1.92208168e-03,  1.09265578e-06,
        2.19019649e-03,  1.84197650e-03])}
{'img': array([[[ 0.        ,  0.        ,  0.01199611, ...,  0.57927383,
          0.37625341,  0.11721352],
        [ 0.        ,  0.        ,  0.01199611, ...,  0.57927383,
          0.37625341,  0.11721352],
        [-0.01199611, -0.01199611,  0.        , ...,  0.56945372,
          0.36511174,  0.10529167],
        ...,
        [-0.57927383, -0.57927383, -0.56945372, ...,  0.        ,
         -0.23001035, -0.47973613],
        [-0.37625341, -0.37625341, -0.36511174, ...,  0.23001035,
          0.        , -0.2650595 ],
        [-0.11721352, -0.11721352, -0.10529167, ...,  0.47973613,
          0.2650595 ,  0.        ]],

       [[ 0.        , -0.52246223, -0.44727554, ...,  0.16704633,
         -0.03860066,  0.24035986],
        [ 0.52246223,  0.        ,  0.0859132 , ...,  0.65755527,
          0.48915952,  0.71209148],
        [ 0.44727554, -0.0859132 ,  0.        , ...,  0.59039649,
          0.41241791,  0.64914009],
        ...,
        [-0.16704633, -0.65755527, -0.59039649, ...,  0.        ,
         -0.20498011,  0.07483341],
        [ 0.03860066, -0.48915952, -0.41241791, ...,  0.20498011,
          0.        ,  0.27764976],
        [-0.24035986, -0.71209148, -0.64914009, ..., -0.07483341,
         -0.27764976,  0.        ]],

       [[ 0.        ,  0.00328748,  0.07382471, ...,  0.69548128,
          0.68753596,  0.6193754 ],
        [-0.00328748,  0.        ,  0.07054581, ...,  0.69311533,
          0.68514504,  0.61679108],
        [-0.07382471, -0.07054581,  0.        , ...,  0.64053716,
          0.63205199,  0.55972586],
        ...,
        [-0.69548128, -0.69311533, -0.64053716, ...,  0.        ,
         -0.01099898, -0.10097024],
        [-0.68753596, -0.68514504, -0.63205199, ...,  0.01099898,
          0.        , -0.09002137],
        [-0.6193754 , -0.61679108, -0.55972586, ...,  0.10097024,
          0.09002137,  0.        ]],

       ...,

       [[ 0.        ,  0.21823553,  0.10961896, ..., -0.2461708 ,
         -0.55228825, -0.62728786],
        [-0.21823553,  0.        , -0.10994365, ..., -0.45175678,
         -0.72090871, -0.78212689],
        [-0.10961896,  0.10994365,  0.        , ..., -0.35093289,
         -0.64034418, -0.7088775 ],
        ...,
        [ 0.2461708 ,  0.45175678,  0.35093289, ...,  0.        ,
         -0.33007131, -0.41626926],
        [ 0.55228825,  0.72090871,  0.64034418, ...,  0.33007131,
          0.        , -0.09282537],
        [ 0.62728786,  0.78212689,  0.7088775 , ...,  0.41626926,
          0.09282537,  0.        ]],

       [[ 0.        , -0.02075096, -0.05033458, ...,  0.83223115,
          0.84899334,  0.90913859],
        [ 0.02075096,  0.        , -0.02959909, ...,  0.82054702,
          0.83784565,  0.90030018],
        [ 0.05033458,  0.02959909,  0.        , ...,  0.80326928,
          0.82132019,  0.88702213],
        ...,
        [-0.83223115, -0.82054702, -0.80326928, ...,  0.        ,
         -0.03095248, -0.15743357],
        [-0.84899334, -0.83784565, -0.82132019, ...,  0.03095248,
          0.        , -0.12679165],
        [-0.90913859, -0.90030018, -0.88702213, ...,  0.15743357,
          0.12679165,  0.        ]],

       [[ 0.        ,  0.00417811,  0.0107892 , ...,  0.85637777,
          0.80984561,  0.72191649],
        [-0.00417811,  0.        ,  0.00661124, ...,  0.85421293,
          0.80738748,  0.71901902],
        [-0.0107892 , -0.00661124,  0.        , ...,  0.85075692,
          0.80346906,  0.71440856],
        ...,
        [-0.85637777, -0.85421293, -0.85075692, ...,  0.        ,
         -0.08422447, -0.21983502],
        [-0.80984561, -0.80738748, -0.80346906, ...,  0.08422447,
          0.        , -0.13688981],
        [-0.72191649, -0.71901902, -0.71440856, ...,  0.21983502,
          0.13688981,  0.        ]]]), 'num': array([ 8.12238604e-01,  5.80266561e-01,  3.93172955e-06,  1.79823289e-03,
        1.84699853e-03,  1.79518504e-03,  5.94246480e-02, -3.04785236e-06,
        1.85431338e-03,  1.92380441e-03,  1.84923362e-03,  9.57896457e-07,
        2.08350257e-03,  1.76410625e-03])}
{'img': array([[[ 0.        ,  0.01199611,  0.07104424, ...,  0.37625341,
          0.11721352,  0.10575737],
        [-0.01199611,  0.        ,  0.05907333, ...,  0.36511174,
          0.10529167,  0.09382093],
        [-0.07104424, -0.05907333,  0.        , ...,  0.309479  ,
          0.04636283,  0.03484432],
        ...,
        [-0.37625341, -0.36511174, -0.309479  , ...,  0.        ,
         -0.2650595 , -0.27615739],
        [-0.11721352, -0.10529167, -0.04636283, ...,  0.2650595 ,
          0.        , -0.01152783],
        [-0.10575737, -0.09382093, -0.03484432, ...,  0.27615739,
          0.01152783,  0.        ]],

       [[ 0.        ,  0.0859132 ,  0.09778012, ...,  0.48915952,
          0.71209148,  0.31926524],
        [-0.0859132 ,  0.        ,  0.01191709, ...,  0.41241791,
          0.64914009,  0.23666783],
        [-0.09778012, -0.01191709,  0.        , ...,  0.40153222,
          0.64002904,  0.22507249],
        ...,
        [-0.48915952, -0.41241791, -0.40153222, ...,  0.        ,
          0.27764976, -0.18509822],
        [-0.71209148, -0.64914009, -0.64002904, ..., -0.27764976,
          0.        , -0.45067257],
        [-0.31926524, -0.23666783, -0.22507249, ...,  0.18509822,
          0.45067257,  0.        ]],

       [[ 0.        ,  0.07054581,  0.16767768, ...,  0.68514504,
          0.61679108,  0.56868713],
        [-0.07054581,  0.        ,  0.0977129 , ...,  0.63205199,
          0.55972586,  0.50924254],
        [-0.16767768, -0.0977129 ,  0.        , ...,  0.55330713,
          0.47607486,  0.42271166],
        ...,
        [-0.68514504, -0.63205199, -0.55330713, ...,  0.        ,
         -0.09002137, -0.14933324],
        [-0.61679108, -0.55972586, -0.47607486, ...,  0.09002137,
          0.        , -0.05971497],
        [-0.56868713, -0.50924254, -0.42271166, ...,  0.14933324,
          0.05971497,  0.        ]],

       ...,

       [[ 0.        , -0.10994365, -0.22497151, ..., -0.72090871,
         -0.78212689, -0.85043945],
        [ 0.10994365,  0.        , -0.11648241, ..., -0.64034418,
         -0.7088775 , -0.78744555],
        [ 0.22497151,  0.11648241,  0.        , ..., -0.54651646,
         -0.62189327, -0.7102873 ],
        ...,
        [ 0.72090871,  0.64034418,  0.54651646, ...,  0.        ,
         -0.09282537, -0.21012951],
        [ 0.78212689,  0.7088775 ,  0.62189327, ...,  0.09282537,
          0.        , -0.11846934],
        [ 0.85043945,  0.78744555,  0.7102873 , ...,  0.21012951,
          0.11846934,  0.        ]],

       [[ 0.        , -0.02959909, -0.02297012, ...,  0.83784565,
          0.90030018,  0.97250886],
        [ 0.02959909,  0.        ,  0.00663122, ...,  0.82132019,
          0.88702213,  0.96519014],
        [ 0.02297012, -0.00663122,  0.        , ...,  0.82508503,
          0.89006444,  0.96690331],
        ...,
        [-0.83784565, -0.82132019, -0.82508503, ...,  0.        ,
         -0.12679165, -0.33579392],
        [-0.90030018, -0.88702213, -0.89006444, ...,  0.12679165,
          0.        , -0.2136543 ],
        [-0.97250886, -0.96519014, -0.96690331, ...,  0.33579392,
          0.2136543 ,  0.        ]],

       [[ 0.        ,  0.00661124,  0.00497411, ...,  0.80738748,
          0.71901902,  0.67725291],
        [-0.00661124,  0.        , -0.00163716, ...,  0.80346906,
          0.71440856,  0.67237389],
        [-0.00497411,  0.00163716,  0.        , ...,  0.80444266,
          0.71555316,  0.67358483],
        ...,
        [-0.80738748, -0.80346906, -0.80444266, ...,  0.        ,
         -0.13688981, -0.19444175],
        [-0.71901902, -0.71440856, -0.71555316, ...,  0.13688981,
          0.        , -0.05833419],
        [-0.67725291, -0.67237389, -0.67358483, ...,  0.19444175,
          0.05833419,  0.        ]]]), 'num': array([ 7.43901180e-01,  6.65904595e-01,  1.34245412e-06,  1.62492885e-03,
        1.63331918e-03,  1.60814817e-03,  5.62076592e-02, -2.51710148e-05,
        1.68533928e-03,  1.74742778e-03,  1.69689930e-03,  8.78987819e-07,
        1.86853318e-03,  1.62632239e-03])}
{'img': array([[[ 0.        ,  0.05907333, -0.37914961, ...,  0.10529167,
          0.09382093, -0.01199611],
        [-0.05907333,  0.        , -0.43315012, ...,  0.04636283,
          0.03484432, -0.07104424],
        [ 0.37914961,  0.43315012,  0.        , ...,  0.47447217,
          0.46429304,  0.3680219 ],
        ...,
        [-0.10529167, -0.04636283, -0.47447217, ...,  0.        ,
         -0.01152783, -0.11721352],
        [-0.09382093, -0.03484432, -0.46429304, ...,  0.01152783,
          0.        , -0.10575737],
        [ 0.01199611,  0.07104424, -0.3680219 , ...,  0.11721352,
          0.10575737,  0.        ]],

       [[ 0.        ,  0.01191709,  0.6822732 , ...,  0.64914009,
          0.23666783,  0.26684656],
        [-0.01191709,  0.        ,  0.6735122 , ...,  0.64002904,
          0.22507249,  0.25534265],
        [-0.6822732 , -0.6735122 ,  0.        , ..., -0.04439941,
         -0.48986303, -0.46244251],
        ...,
        [-0.64914009, -0.64002904,  0.04439941, ...,  0.        ,
         -0.45067257, -0.42261977],
        [-0.23666783, -0.22507249,  0.48986303, ...,  0.45067257,
          0.        ,  0.03117959],
        [-0.26684656, -0.25534265,  0.46244251, ...,  0.42261977,
         -0.03117959,  0.        ]],

       [[ 0.        ,  0.0977129 ,  0.09176156, ...,  0.55972586,
          0.50924254,  0.43995165],
        [-0.0977129 ,  0.        , -0.0059782 , ...,  0.47607486,
          0.42271166,  0.35009804],
        [-0.09176156,  0.0059782 ,  0.        , ...,  0.48132361,
          0.42812194,  0.35569164],
        ...,
        [-0.55972586, -0.47607486, -0.48132361, ...,  0.        ,
         -0.05971497, -0.13806766],
        [-0.50924254, -0.42271166, -0.42812194, ...,  0.05971497,
          0.        , -0.0786782 ],
        [-0.43995165, -0.35009804, -0.35569164, ...,  0.13806766,
          0.0786782 ,  0.        ]],

       ...,

       [[ 0.        , -0.11648241, -0.33911289, ..., -0.7088775 ,
         -0.78744555, -0.78744555],
        [ 0.11648241,  0.        , -0.22722414, ..., -0.62189327,
         -0.7102873 , -0.7102873 ],
        [ 0.33911289,  0.22722414,  0.        , ..., -0.42768641,
         -0.53176218, -0.53176218],
        ...,
        [ 0.7088775 ,  0.62189327,  0.42768641, ...,  0.        ,
         -0.11846934, -0.11846934],
        [ 0.78744555,  0.7102873 ,  0.53176218, ...,  0.11846934,
          0.        ,  0.        ],
        [ 0.78744555,  0.7102873 ,  0.53176218, ...,  0.11846934,
          0.        ,  0.        ]],

       [[ 0.        ,  0.00663122, -0.12388476, ...,  0.88702213,
          0.96519014,  0.99728028],
        [-0.00663122,  0.        , -0.13046218, ...,  0.89006444,
          0.96690331,  0.99676961],
        [ 0.12388476,  0.13046218,  0.        , ...,  0.82298813,
          0.92535294,  0.99872845],
        ...,
        [-0.88702213, -0.89006444, -0.82298813, ...,  0.        ,
         -0.2136543 , -0.52584682],
        [-0.96519014, -0.96690331, -0.92535294, ...,  0.2136543 ,
          0.        , -0.33197475],
        [-0.99728028, -0.99676961, -0.99872845, ...,  0.52584682,
          0.33197475,  0.        ]],

       [[ 0.        , -0.00163716, -0.01147469, ...,  0.71440856,
          0.67237389,  0.71766499],
        [ 0.00163716,  0.        , -0.00983762, ...,  0.71555316,
          0.67358483,  0.71880413],
        [ 0.01147469,  0.00983762,  0.        , ...,  0.72239069,
          0.68082332,  0.72560858],
        ...,
        [-0.71440856, -0.71555316, -0.72239069, ...,  0.        ,
         -0.05833419,  0.00466496],
        [-0.67237389, -0.67358483, -0.68082332, ...,  0.05833419,
          0.        ,  0.06299057],
        [-0.71766499, -0.71880413, -0.72560858, ..., -0.00466496,
         -0.06299057,  0.        ]]]), 'num': array([7.13254806e-01, 6.83958182e-01, 4.81852377e-07, 1.62759025e-03,
       1.67042157e-03, 1.57405110e-03, 1.53125270e-01, 7.22778565e-05,
       1.59814372e-03, 1.66346148e-03, 1.62535945e-03, 1.05045174e-06,
       1.76221764e-03, 1.56470533e-03])}
{'img': array([[[ 0.        , -0.43315012, -0.56628283, ...,  0.03484432,
         -0.07104424,  0.23527899],
        [ 0.43315012,  0.        , -0.15339596, ...,  0.46429304,
          0.3680219 ,  0.63305276],
        [ 0.56628283,  0.15339596,  0.        , ...,  0.59465803,
          0.50629649,  0.7443056 ],
        ...,
        [-0.03484432, -0.46429304, -0.59465803, ...,  0.        ,
         -0.10575737,  0.20126995],
        [ 0.07104424, -0.3680219 , -0.50629649, ...,  0.10575737,
          0.        ,  0.30373436],
        [-0.23527899, -0.63305276, -0.7443056 , ..., -0.20126995,
         -0.30373436,  0.        ]],

       [[ 0.        ,  0.64428036,  0.44646426, ...,  0.21511077,
          0.24400925,  0.68824198],
