state_0,state_1,state_2,state_3,state_4,state_5,state_6,state_7,state_8,state_9,state_10,state_11,state_12,state_13,state_14,state_15,state_16,state_17,state_18,state_19,state_20,state_21,state_22,state_23,state_24,state_25,state_26,state_27,state_28,state_29,state_30,state_31,state_32,state_33,state_34,state_35,state_36,state_37,state_38,state_39,state_40,state_41,state_42,state_43,state_44,state_45,state_46,state_47,state_48,state_49,state_50,state_51,state_52,state_53,state_54,state_55,state_56,state_57,state_58,state_59,state_60,state_61,state_62,state_63,state_64,state_65,state_66,state_67,state_68,state_69,state_70,state_71,state_72,state_73,state_74,state_75,state_76,state_77,state_78,state_79,state_80,state_81,state_82,state_83,state_84,state_85,state_86,state_87,state_88,state_89,state_90,state_91,state_92,state_93,state_94,state_95,state_96,state_97,state_98,state_99,state_100,state_101,state_102,state_103,state_104,state_105,state_106,state_107,state_108,state_109,state_110,state_111,state_112,state_113,state_114,state_115,state_116,state_117,state_118,state_119,state_120,state_121,state_122,state_123,state_124,state_125,state_126,state_127,state_128,state_129,state_130,state_131,state_132,state_133,state_134,state_135,state_136,state_137,state_138,state_139,state_140,state_141,state_142,state_143,state_144,state_145,state_146,state_147,state_148,state_149,state_150,state_151,state_152,state_153,state_154,state_155,state_156,state_157,state_158,state_159,state_160,state_161,state_162,state_163,state_164,state_165,state_166,state_167,state_168,state_169,state_170,state_171,state_172,state_173,state_174,state_175,state_176,state_177,state_178,state_179,state_180,state_181,state_182,state_183,state_184,state_185,state_186,state_187,state_188,state_189,state_190,state_191,state_192,state_193,state_194,state_195,state_196,state_197,state_198,state_199,state_200,state_201,state_202,state_203,state_204,state_205,state_206,state_207,state_208,state_209,state_210,state_211,state_212,state_213,state_214,state_215,state_216,state_217,state_218,state_219,state_220,state_221,state_222,state_223,state_224,state_225,state_226,state_227,state_228,state_229,state_230,state_231,state_232,state_233,state_234,state_235,state_236,state_237,state_238,state_239,state_240,state_241,state_242,state_243,state_244,state_245,state_246,state_247,state_248,state_249,state_250,state_251,state_252,state_253,state_254,state_255,state_256,state_257,state_258,state_259,state_260,state_261,state_262,state_263,state_264,state_265,state_266,state_267,state_268,state_269,state_270,state_271,state_272,state_273,state_274,state_275,state_276,state_277,state_278,state_279,state_280,state_281,state_282,state_283,state_284,state_285,state_286,state_287
{'img': array([[[ 0.        ,  0.88443328,  0.91057979, ...,  0.96737905,
          0.99277389,  0.9797959 ],
        [-0.88443328,  0.        ,  0.05937148, ...,  0.67549999,
          0.56942648,  0.63412474],
        [-0.91057979, -0.05937148,  0.        , ...,  0.63053022,
          0.51961612,  0.58709826],
        ...,
        [-0.96737905, -0.67549999, -0.63053022, ...,  0.        ,
         -0.13541723, -0.05473915],
        [-0.99277389, -0.56942648, -0.51961612, ...,  0.13541723,
          0.        ,  0.08097927],
        [-0.9797959 , -0.63412474, -0.58709826, ...,  0.05473915,
         -0.08097927,  0.        ]],

       [[ 0.        ,  0.21079429,  0.25183839, ...,  0.70835951,
          0.31922213, -0.11066259],
        [-0.21079429,  0.        ,  0.04217945, ...,  0.54365345,
          0.11228383, -0.31767566],
        [-0.25183839, -0.04217945,  0.        , ...,  0.507768  ,
          0.07027119, -0.35738747],
        ...,
        [-0.70835951, -0.54365345, -0.507768  , ...,  0.        ,
         -0.44597455, -0.78212018],
        [-0.31922213, -0.11228383, -0.07027119, ...,  0.44597455,
          0.        , -0.4221342 ],
        [ 0.11066259,  0.31767566,  0.35738747, ...,  0.78212018,
          0.4221342 ,  0.        ]],

       [[ 0.        , -0.49431818, -0.08582089, ...,  0.94063943,
          0.93836896,  0.94063943],
        [ 0.49431818,  0.        ,  0.41789196, ...,  0.98545534,
          0.98656012,  0.98545534],
        [ 0.08582089, -0.41789196,  0.        , ...,  0.96629727,
          0.96456964,  0.96629727],
        ...,
        [-0.94063943, -0.98545534, -0.96629727, ...,  0.        ,
         -0.00662863,  0.        ],
        [-0.93836896, -0.98656012, -0.96456964, ...,  0.00662863,
          0.        ,  0.00662863],
        [-0.94063943, -0.98545534, -0.96629727, ...,  0.        ,
         -0.00662863,  0.        ]],

       ...,

       [[ 0.        ,  0.40477276,  0.60594261, ...,  0.9759302 ,
          0.73680417,  0.81997501],
        [-0.40477276,  0.        ,  0.23208429, ...,  0.80413337,
          0.4000771 ,  0.51810768],
        [-0.60594261, -0.23208429,  0.        , ...,  0.64421479,
          0.17645231,  0.30545584],
        ...,
        [-0.9759302 , -0.80413337, -0.64421479, ...,  0.        ,
         -0.49914794, -0.37979909],
        [-0.73680417, -0.4000771 , -0.17645231, ...,  0.49914794,
          0.        ,  0.132644  ],
        [-0.81997501, -0.51810768, -0.30545584, ...,  0.37979909,
         -0.132644  ,  0.        ]],

       [[ 0.        , -0.71155145, -0.92935385, ..., -0.89777328,
         -0.8889268 , -0.88328338],
        [ 0.71155145,  0.        , -0.39029776, ..., -0.94421446,
         -0.95051582, -0.95422835],
        [ 0.92935385,  0.39029776,  0.        , ..., -0.74079034,
         -0.75387296, -0.76181739],
        ...,
        [ 0.89777328,  0.94421446,  0.74079034, ...,  0.        ,
         -0.01968961, -0.03186246],
        [ 0.8889268 ,  0.95051582,  0.75387296, ...,  0.01968961,
          0.        , -0.01217668],
        [ 0.88328338,  0.95422835,  0.76181739, ...,  0.03186246,
          0.01217668,  0.        ]],

       [[ 0.        ,  0.22693909,  0.4758155 , ...,  0.5893845 ,
          0.4232724 ,  0.        ],
        [-0.22693909,  0.        ,  0.26379781, ...,  0.75734019,
          0.61783616,  0.22693909],
        [-0.4758155 , -0.26379781,  0.        , ...,  0.90277907,
          0.80337719,  0.4758155 ],
        ...,
        [-0.5893845 , -0.75734019, -0.90277907, ...,  0.        ,
          0.19204208,  0.5893845 ],
        [-0.4232724 , -0.61783616, -0.80337719, ..., -0.19204208,
          0.        ,  0.4232724 ],
        [-0.        , -0.22693909, -0.4758155 , ..., -0.5893845 ,
         -0.4232724 ,  0.        ]]]), 'num': array([7.18154925e-01, 6.95880854e-01, 1.16313687e-06, 2.39506141e-04,
       2.43258196e-04, 2.37630114e-04, 1.69928044e-03, 2.50136962e-06,
       2.36004224e-04, 2.36629566e-04, 2.35639441e-04, 6.70657073e-07,
       2.47790833e-04, 2.25468299e-04])}
{'img': array([[[ 0.        ,  0.09625051, -0.63294893, ...,  0.73174523,
          0.79420834,  0.86614557],
        [-0.09625051,  0.        , -0.70452676, ...,  0.66274558,
          0.73203475,  0.81401896],
        [ 0.63294893,  0.70452676,  0.        , ...,  0.99791666,
          0.99947957,  0.986907  ],
        ...,
        [-0.73174523, -0.66274558, -0.99791666, ...,  0.        ,
          0.09667341,  0.22462572],
        [-0.79420834, -0.73203475, -0.99947957, ..., -0.09667341,
          0.        ,  0.12937067],
        [-0.86614557, -0.81401896, -0.986907  , ..., -0.22462572,
         -0.12937067,  0.        ]],

       [[ 0.        ,  0.04217945,  0.49363205, ...,  0.11228383,
         -0.31767566, -0.05398452],
        [-0.04217945,  0.        ,  0.45651051, ...,  0.07027119,
         -0.35738747, -0.09605441],
        [-0.49363205, -0.45651051,  0.        , ..., -0.39286043,
         -0.74433489, -0.53986098],
        ...,
        [-0.11228383, -0.07027119,  0.39286043, ...,  0.        ,
         -0.4221342 , -0.16576323],
        [ 0.31767566,  0.35738747,  0.74433489, ...,  0.4221342 ,
          0.        ,  0.26602433],
        [ 0.05398452,  0.09605441,  0.53986098, ...,  0.16576323,
         -0.26602433,  0.        ]],

       [[ 0.        ,  0.41789196,  0.59473533, ...,  0.98656012,
          0.98545534,  0.97646271],
        [-0.41789196,  0.        ,  0.20436275, ...,  0.96456964,
          0.96629727,  0.97724674],
        [-0.59473533, -0.20436275,  0.        , ...,  0.89029593,
          0.89329493,  0.91327568],
        ...,
        [-0.98656012, -0.96456964, -0.89029593, ...,  0.        ,
          0.00662863,  0.05323475],
        [-0.98545534, -0.96629727, -0.89329493, ..., -0.00662863,
          0.        ,  0.04661435],
        [-0.97646271, -0.97724674, -0.91327568, ..., -0.05323475,
         -0.04661435,  0.        ]],

       ...,

       [[ 0.        ,  0.23208429,  0.02982897, ...,  0.4000771 ,
          0.51810768,  0.5444126 ],
        [-0.23208429,  0.        , -0.2029665 , ...,  0.17645231,
          0.30545584,  0.3348714 ],
        [-0.02982897,  0.2029665 ,  0.        , ...,  0.37256137,
          0.49236395,  0.51914928],
        ...,
        [-0.4000771 , -0.17645231, -0.37256137, ...,  0.        ,
          0.132644  ,  0.16335237],
        [-0.51810768, -0.30545584, -0.49236395, ..., -0.132644  ,
          0.        ,  0.03104665],
        [-0.5444126 , -0.3348714 , -0.51914928, ..., -0.16335237,
         -0.03104665,  0.        ]],

       [[ 0.        , -0.79369179, -0.99190299, ..., -0.93163427,
         -0.92659044, -0.93383552],
        [ 0.79369179,  0.        , -0.50259733, ..., -0.85515729,
         -0.86214885, -0.85197661],
        [ 0.99190299,  0.50259733,  0.        , ..., -0.47877044,
         -0.49070199, -0.47340152],
        ...,
        [ 0.93163427,  0.85515729,  0.47877044, ...,  0.        ,
         -0.01364113,  0.0061052 ],
        [ 0.92659044,  0.86214885,  0.49070199, ...,  0.01364113,
          0.        ,  0.0197455 ],
        [ 0.93383552,  0.85197661,  0.47340152, ..., -0.0061052 ,
         -0.0197455 ,  0.        ]],

       [[ 0.        ,  0.42229843,  0.64908809, ...,  0.50424344,
          0.29093912,  0.        ],
        [-0.42229843,  0.        ,  0.26712234, ...,  0.82175561,
          0.66775422,  0.42229843],
        [-0.64908809, -0.26712234,  0.        , ...,  0.94411219,
          0.8423308 ,  0.64908809],
        ...,
        [-0.50424344, -0.82175561, -0.94411219, ...,  0.        ,
          0.23118683,  0.50424344],
        [-0.29093912, -0.66775422, -0.8423308 , ..., -0.23118683,
          0.        ,  0.29093912],
        [-0.        , -0.42229843, -0.64908809, ..., -0.50424344,
         -0.29093912,  0.        ]]]), 'num': array([7.07094051e-01, 7.07094051e-01, 0.00000000e+00, 1.95722098e-04,
       1.95722098e-04, 1.82769901e-04, 5.97736247e-03, 1.19927756e-05,
       1.84880629e-04, 1.82578016e-04, 1.81194849e-04, 5.89524392e-07,
       1.92559695e-04, 1.72596337e-04])}
{'img': array([[[ 0.        , -0.70452676,  0.55989792, ...,  0.73203475,
          0.81401896,  0.86059873],
        [ 0.70452676,  0.        ,  0.98109073, ...,  0.99947957,
          0.986907  ,  0.25194354],
        [-0.55989792, -0.98109073,  0.        , ...,  0.22509575,
          0.3492547 ,  0.99820591],
        ...,
        [-0.73203475, -0.99947957, -0.22509575, ...,  0.        ,
          0.12937067,  0.95911109],
        [-0.81401896, -0.986907  , -0.3492547 , ..., -0.12937067,
          0.        ,  0.91443524],
        [-0.86059873, -0.25194354, -0.99820591, ..., -0.95911109,
         -0.91443524,  0.        ]],

       [[ 0.        ,  0.45651051,  0.43108916, ..., -0.35738747,
         -0.09605441,  0.99984022],
        [-0.45651051,  0.        , -0.02836589, ..., -0.74433489,
         -0.53986098,  0.88141549],
        [-0.43108916,  0.02836589,  0.        , ..., -0.72509245,
         -0.51576664,  0.89445921],
        ...,
        [ 0.35738747,  0.74433489,  0.72509245, ...,  0.        ,
          0.26602433,  0.94019547],
        [ 0.09605441,  0.53986098,  0.51576664, ..., -0.26602433,
          0.        ,  0.99693407],
        [-0.99984022, -0.88141549, -0.89445921, ..., -0.94019547,
         -0.99693407,  0.        ]],

       [[ 0.        ,  0.45515747,  0.74124653, ...,  0.99149602,
          0.98401562,  0.89199017],
        [-0.45515747,  0.        ,  0.35449738, ...,  0.94207175,
          0.95723373,  0.99999394],
        [-0.74124653, -0.35449738,  0.        , ...,  0.76198832,
          0.79250644,  0.93381718],
        ...,
        [-0.99149602, -0.94207175, -0.76198832, ...,  0.        ,
          0.04851096,  0.33212962],
        [-0.98401562, -0.95723373, -0.79250644, ..., -0.04851096,
          0.        ,  0.28598141],
        [-0.89199017, -0.99999394, -0.93381718, ..., -0.33212962,
         -0.28598141,  0.        ]],

       ...,

       [[ 0.        , -0.2029665 ,  0.28367673, ...,  0.30545584,
          0.3348714 ,  0.65737281],
        [ 0.2029665 ,  0.        ,  0.47240082, ...,  0.49236395,
          0.51914928,  0.7966386 ],
        [-0.28367673, -0.47240082,  0.        , ...,  0.02278895,
          0.05381656,  0.41659892],
        ...,
        [-0.30545584, -0.49236395, -0.02278895, ...,  0.        ,
          0.03104665,  0.39577351],
        [-0.3348714 , -0.51914928, -0.05381656, ..., -0.03104665,
          0.        ,  0.36707108],
        [-0.65737281, -0.7966386 , -0.41659892, ..., -0.39577351,
         -0.36707108,  0.        ]],

       [[ 0.        , -0.53794216, -0.81933261, ..., -0.89172675,
         -0.88232285, -0.74489377],
        [ 0.53794216,  0.        , -0.38227026, ..., -0.50825065,
         -0.49060247, -0.26902595],
        [ 0.81933261,  0.38227026,  0.        , ..., -0.14043464,
         -0.12023749,  0.1195835 ],
        ...,
        [ 0.89172675,  0.50825065,  0.14043464, ...,  0.        ,
          0.02036988,  0.25782532],
        [ 0.88232285,  0.49060247,  0.12023749, ..., -0.02036988,
          0.        ,  0.23809062],
        [ 0.74489377,  0.26902595, -0.1195835 , ..., -0.25782532,
         -0.23809062,  0.        ]],

       [[ 0.        ,  0.53142513,  0.78004036, ...,  0.29782966,
          0.        ,  0.27742965],
        [-0.53142513,  0.        ,  0.32824807, ...,  0.75960162,
          0.53142513,  0.74557666],
        [-0.78004036, -0.32824807,  0.        , ...,  0.93100209,
          0.78004036,  0.92301646],
        ...,
        [-0.29782966, -0.75960162, -0.93100209, ...,  0.        ,
          0.29782966,  0.02129902],
        [-0.        , -0.53142513, -0.78004036, ..., -0.29782966,
          0.        , -0.27742965],
        [-0.27742965, -0.74557666, -0.92301646, ..., -0.02129902,
          0.27742965,  0.        ]]]), 'num': array([ 8.02549498e-01,  5.96571553e-01,  1.01969279e-05,  2.20533131e-04,
        2.24900124e-04,  2.17257887e-04,  4.03969751e-03, -2.18349635e-06,
        2.12890894e-04,  2.08987894e-04,  2.06622440e-04,  6.47432057e-07,
        2.20293024e-04,  1.97682764e-04])}
{'img': array([[[ 0.        ,  0.98109073,  0.93492753, ...,  0.986907  ,
          0.25194354,  0.54457881],
        [-0.98109073,  0.        ,  0.52908268, ...,  0.3492547 ,
          0.99820591,  0.92825264],
        [-0.93492753, -0.52908268,  0.        , ..., -0.19939804,
          0.81536926,  0.59089513],
        ...,
        [-0.986907  , -0.3492547 ,  0.19939804, ...,  0.        ,
          0.91443524,  0.73989316],
        [-0.25194354, -0.99820591, -0.81536926, ..., -0.91443524,
          0.        , -0.31570427],
        [-0.54457881, -0.92825264, -0.59089513, ..., -0.73989316,
          0.31570427,  0.        ]],

       [[ 0.        , -0.02836589,  0.10206767, ..., -0.53986098,
          0.88141549,  0.24082241],
        [ 0.02836589,  0.        ,  0.13024435, ..., -0.51576664,
          0.89445921,  0.26825657],
        [-0.10206767, -0.13024435,  0.        , ..., -0.62295742,
          0.82860144,  0.14050097],
        ...,
        [ 0.53986098,  0.51576664,  0.62295742, ...,  0.        ,
          0.99693407,  0.72668571],
        [-0.88141549, -0.89445921, -0.82860144, ..., -0.99693407,
          0.        , -0.74172425],
        [-0.24082241, -0.26825657, -0.14050097, ..., -0.72668571,
          0.74172425,  0.        ]],

       [[ 0.        ,  0.64031078,  0.92920479, ...,  0.99145689,
          0.9073899 ,  0.80961845],
        [-0.64031078,  0.        ,  0.47710042, ...,  0.84507264,
          0.96609678,  0.99771543],
        [-0.92920479, -0.47710042,  0.        , ...,  0.48760861,
          0.7258751 ,  0.84460963],
        ...,
        [-0.99145689, -0.84507264, -0.48760861, ...,  0.        ,
          0.29834407,  0.47633968],
        [-0.9073899 , -0.96609678, -0.7258751 , ..., -0.29834407,
          0.        ,  0.192324  ],
        [-0.80961845, -0.99771543, -0.84460963, ..., -0.47633968,
         -0.192324  ,  0.        ]],

       ...,

       [[ 0.        ,  0.47240082,  0.48388512, ...,  0.51914928,
          0.7966386 ,  0.72657321],
        [-0.47240082,  0.        ,  0.01307567, ...,  0.05381656,
          0.41659892,  0.31580845],
        [-0.48388512, -0.01307567,  0.        , ...,  0.04075524,
          0.40467634,  0.30337496],
        ...,
        [-0.51914928, -0.05381656, -0.04075524, ...,  0.        ,
          0.36707108,  0.26428841],
        [-0.7966386 , -0.41659892, -0.40467634, ..., -0.36707108,
          0.        , -0.10818019],
        [-0.72657321, -0.31580845, -0.30337496, ..., -0.26428841,
          0.10818019,  0.        ]],

       [[ 0.        , -0.38227026, -0.45765965, ..., -0.49060247,
         -0.26902595, -0.1736282 ],
        [ 0.38227026,  0.        , -0.08301367, ..., -0.12023749,
          0.1195835 ,  0.21602282],
        [ 0.45765965,  0.08301367,  0.        , ..., -0.03741106,
          0.20158872,  0.29633078],
        ...,
        [ 0.49060247,  0.12023749,  0.03741106, ...,  0.        ,
          0.23809062,  0.33185409],
        [ 0.26902595, -0.1195835 , -0.20158872, ..., -0.23809062,
          0.        ,  0.09771275],
        [ 0.1736282 , -0.21602282, -0.29633078, ..., -0.33185409,
         -0.09771275,  0.        ]],

       [[ 0.        ,  0.36228977,  0.42267828, ...,  0.75329001,
          0.80879912,  0.43320552],
        [-0.36228977,  0.        ,  0.06562795, ...,  0.94038946,
          0.96691095,  0.73030594],
        [-0.42267828, -0.06562795,  0.        , ...,  0.96068216,
          0.98156907,  0.7735633 ],
        ...,
        [-0.75329001, -0.94038946, -0.96068216, ...,  0.        ,
         -0.08893931,  0.39402236],
        [-0.80879912, -0.96691095, -0.98156907, ...,  0.08893931,
          0.        ,  0.47420507],
        [-0.43320552, -0.73030594, -0.7735633 , ..., -0.39402236,
         -0.47420507,  0.        ]]]), 'num': array([8.60388087e-01, 5.09606388e-01, 1.68645048e-05, 2.40591014e-04,
       2.46374452e-04, 2.34807577e-04, 5.76571739e-03, 6.94012542e-06,
       2.30180826e-04, 2.22893695e-04, 2.19577857e-04, 7.39326075e-07,
       2.36567092e-04, 2.09220297e-04])}
{'img': array([[[ 0.        ,  0.58727303,  0.99006914, ...,  0.98143802,
          0.92928292,  0.83917619],
        [-0.58727303,  0.        ,  0.71879138, ...,  0.68173807,
          0.535231  ,  0.998614  ],
        [-0.99006914, -0.71879138,  0.        , ..., -0.05190323,
         -0.23506078,  0.65643112],
        ...,
        [-0.98143802, -0.68173807,  0.05190323, ...,  0.        ,
         -0.18429501,  0.6947014 ],
        [-0.92928292, -0.535231  ,  0.23506078, ...,  0.18429501,
          0.        ,  0.81536491],
        [-0.83917619, -0.998614  , -0.65643112, ..., -0.6947014 ,
         -0.81536491,  0.        ]],

       [[ 0.        ,  0.13024435,  0.9438935 , ...,  0.89445921,
          0.26825657,  0.61634357],
        [-0.13024435,  0.        ,  0.97886654, ...,  0.82860144,
          0.14050097,  0.50852903],
        [-0.9438935 , -0.97886654,  0.        , ..., -0.7174567 ,
         -0.99788918, -0.94684223],
        ...,
        [-0.89445921, -0.82860144,  0.7174567 , ...,  0.        ,
         -0.74172425, -0.42876864],
        [-0.26825657, -0.14050097,  0.99788918, ...,  0.74172425,
          0.        ,  0.38250706],
        [-0.61634357, -0.50852903,  0.94684223, ...,  0.42876864,
         -0.38250706,  0.        ]],

       [[ 0.        ,  0.83570388,  0.99515083, ...,  0.93887351,
          0.84624945,  0.50918729],
        [-0.83570388,  0.        ,  0.46431688, ...,  0.8033122 ,
          0.90999562,  0.99888898],
        [-0.99515083, -0.46431688,  0.        , ...,  0.43494112,
          0.61344096,  0.90656627],
        ...,
        [-0.93887351, -0.8033122 , -0.43494112, ...,  0.        ,
          0.20888772,  0.63275289],
        [-0.84624945, -0.90999562, -0.61344096, ..., -0.20888772,
          0.        ,  0.45704113],
        [-0.50918729, -0.99888898, -0.90656627, ..., -0.63275289,
         -0.45704113,  0.        ]],

       ...,

       [[ 0.        ,  0.01307567,  0.2369615 , ...,  0.41659892,
          0.31580845,  0.53447201],
        [-0.01307567,  0.        ,  0.22423798, ...,  0.40467634,
          0.30337496,  0.52337494],
        [-0.2369615 , -0.22423798,  0.        , ...,  0.18931436,
          0.08197941,  0.31897315],
        ...,
        [-0.41659892, -0.40467634, -0.18931436, ...,  0.        ,
         -0.10818019,  0.13377972],
        [-0.31580845, -0.30337496, -0.08197941, ...,  0.10818019,
          0.        ,  0.24020238],
        [-0.53447201, -0.52337494, -0.31897315, ..., -0.13377972,
         -0.24020238,  0.        ]],

       [[ 0.        , -0.08301367,  0.21808274, ...,  0.1195835 ,
          0.21602282,  0.45229604],
        [ 0.08301367,  0.        ,  0.29834557, ...,  0.20158872,
          0.29633078,  0.52477212],
        [-0.21808274, -0.29834557,  0.        , ..., -0.09981266,
         -0.00211022,  0.24690841],
        ...,
        [-0.1195835 , -0.20158872,  0.09981266, ...,  0.        ,
          0.09771275,  0.34239775],
        [-0.21602282, -0.29633078,  0.00211022, ..., -0.09771275,
          0.        ,  0.24895275],
        [-0.45229604, -0.52477212, -0.24690841, ..., -0.34239775,
         -0.24895275,  0.        ]],

       [[ 0.        ,  0.06562795, -0.1922185 , ...,  0.96691095,
          0.73030594,  0.8502284 ],
        [-0.06562795,  0.        , -0.25620824, ...,  0.98156907,
          0.7735633 ,  0.88294292],
        [ 0.1922185 ,  0.25620824,  0.        , ...,  0.89984249,
          0.58537897,  0.73318697],
        ...,
        [-0.96691095, -0.98156907, -0.89984249, ...,  0.        ,
          0.47420507,  0.29209017],
        [-0.73030594, -0.7735633 , -0.58537897, ..., -0.47420507,
          0.        , -0.19636496],
        [-0.8502284 , -0.88294292, -0.73318697, ..., -0.29209017,
          0.19636496,  0.        ]]]), 'num': array([8.61487395e-01, 5.07769304e-01, 1.68037098e-05, 2.42605001e-04,
       2.47215072e-04, 2.38571188e-04, 3.06114495e-03, 2.88129454e-06,
       2.34191621e-04, 2.23386766e-04, 2.19256911e-04, 7.72186938e-07,
       2.39424063e-04, 2.07349469e-04])}
{'img': array([[[ 0.        ,  0.63807322,  0.12883049, ...,  0.48015897,
          0.85584025,  0.99947957],
        [-0.63807322,  0.        , -0.53355958, ..., -0.18999529,
          0.32893904,  0.79015798],
        [-0.12883049,  0.53355958,  0.        , ...,  0.36314991,
          0.7820719 ,  0.99530636],
        ...,
        [-0.48015897,  0.18999529, -0.36314991, ...,  0.        ,
          0.50236968,  0.89221398],
        [-0.85584025, -0.32893904, -0.7820719 , ..., -0.50236968,
          0.        ,  0.54457881],
        [-0.99947957, -0.79015798, -0.99530636, ..., -0.89221398,
         -0.54457881,  0.        ]],

       [[ 0.        ,  0.97886654,  0.25825881, ...,  0.14050097,
          0.50852903, -0.18200425],
        [-0.97886654,  0.        , -0.9984732 , ..., -0.99788918,
         -0.94684223, -0.92529738],
        [-0.25825881,  0.9984732 ,  0.        , ..., -0.11996245,
          0.26890515, -0.42977521],
        ...,
        [-0.14050097,  0.99788918,  0.11996245, ...,  0.        ,
          0.38250706, -0.31835315],
        [-0.50852903,  0.94684223, -0.26890515, ..., -0.38250706,
          0.        , -0.65674927],
        [ 0.18200425,  0.92529738,  0.42977521, ...,  0.31835315,
          0.65674927,  0.        ]],

       [[ 0.        ,  0.80441903,  0.96328897, ...,  0.99470149,
          0.86847648,  0.13608129],
        [-0.80441903,  0.        ,  0.35629395, ...,  0.67361326,
          0.91470409,  0.87777683],
        [-0.96328897, -0.35629395,  0.        , ...,  0.3660755 ,
          0.7106886 ,  0.99086143],
        ...,
        [-0.99470149, -0.67361326, -0.3660755 , ...,  0.        ,
          0.40381969,  0.97145857],
        [-0.86847648, -0.91470409, -0.7106886 , ..., -0.40381969,
          0.        ,  0.792938  ],
        [-0.13608129, -0.87777683, -0.99086143, ..., -0.97145857,
         -0.792938  ,  0.        ]],

       ...,

       [[ 0.        ,  0.22423798,  0.08718455, ...,  0.30337496,
          0.52337494,  0.67522956],
        [-0.22423798,  0.        , -0.13841978, ...,  0.08197941,
          0.31897315,  0.4926348 ],
        [-0.08718455,  0.13841978,  0.        , ...,  0.21914411,
          0.44709185,  0.60835042],
        ...,
        [-0.30337496, -0.08197941, -0.21914411, ...,  0.        ,
          0.24020238,  0.41963515],
        [-0.52337494, -0.31897315, -0.44709185, ..., -0.24020238,
          0.        ,  0.18931944],
        [-0.67522956, -0.4926348 , -0.60835042, ..., -0.41963515,
         -0.18931944,  0.        ]],

       [[ 0.        ,  0.29834557,  0.38057153, ...,  0.29633078,
          0.52477212,  0.76627988],
        [-0.29834557,  0.        ,  0.08734401, ..., -0.00211022,
          0.24690841,  0.53969281],
        [-0.38057153, -0.08734401,  0.        , ..., -0.08944597,
          0.16132505,  0.46409862],
        ...,
        [-0.29633078,  0.00211022,  0.08944597, ...,  0.        ,
          0.24895275,  0.54146813],
        [-0.52477212, -0.24690841, -0.16132505, ..., -0.24895275,
          0.        ,  0.31512047],
        [-0.76627988, -0.53969281, -0.46409862, ..., -0.54146813,
         -0.31512047,  0.        ]],

       [[ 0.        , -0.25620824, -0.31942723, ...,  0.7735633 ,
          0.88294292,  0.98099506],
        [ 0.25620824,  0.        , -0.06597956, ...,  0.58537897,
          0.73318697,  0.89853824],
        [ 0.31942723,  0.06597956,  0.        , ...,  0.53060983,
          0.68672144,  0.86762218],
        ...,
        [-0.7735633 , -0.58537897, -0.53060983, ...,  0.        ,
         -0.19636496, -0.47157865],
        [-0.88294292, -0.73318697, -0.68672144, ...,  0.19636496,
          0.        , -0.28923809],
        [-0.98099506, -0.89853824, -0.86762218, ...,  0.47157865,
          0.28923809,  0.        ]]]), 'num': array([ 7.75510450e-01,  6.31330665e-01,  6.96520703e-06,  2.15515374e-04,
        2.20200491e-04,  2.12912532e-04,  2.18721035e-03, -3.64397976e-06,
        2.14786578e-04,  2.02813502e-04,  1.98284556e-04,  6.36811997e-07,
        2.18134145e-04,  1.87492860e-04])}
{'img': array([[[ 0.        , -0.53355958, -0.07921232, ...,  0.32893904,
          0.79015798,  0.22379877],
        [ 0.53355958,  0.        ,  0.4648882 , ...,  0.7820719 ,
          0.99530636,  0.70930664],
        [ 0.07921232, -0.4648882 ,  0.        , ...,  0.40270968,
          0.83622461,  0.30029867],
        ...,
        [-0.32893904, -0.7820719 , -0.40270968, ...,  0.        ,
          0.54457881, -0.109251  ],
        [-0.79015798, -0.99530636, -0.83622461, ..., -0.54457881,
          0.        , -0.63294893],
        [-0.22379877, -0.70930664, -0.30029867, ...,  0.109251  ,
          0.63294893,  0.        ]],

       [[ 0.        , -0.9984732 , -0.96990041, ..., -0.94684223,
         -0.92529738, -0.83753668],
        [ 0.9984732 ,  0.        , -0.29670584, ...,  0.26890515,
         -0.42977521, -0.59181102],
        [ 0.96990041,  0.29670584,  0.        , ...,  0.54257324,
         -0.1425156 , -0.32599345],
        ...,
        [ 0.94684223, -0.26890515, -0.54257324, ...,  0.        ,
         -0.65674927, -0.78677083],
        [ 0.92529738,  0.42977521,  0.1425156 , ...,  0.65674927,
          0.        , -0.18793562],
        [ 0.83753668,  0.59181102,  0.32599345, ...,  0.78677083,
          0.18793562,  0.        ]],

       [[ 0.        ,  0.32372322,  0.73280661, ...,  0.83858153,
          0.9888081 ,  0.83862094],
        [-0.32372322,  0.        ,  0.47307306, ...,  0.61706876,
          0.88726537,  0.96979977],
        [-0.73280661, -0.47307306,  0.        , ...,  0.17138634,
          0.56349202,  0.96979977],
        ...,
        [-0.83858153, -0.61706876, -0.17138634, ...,  0.        ,
          0.41356859,  0.91364897],
        [-0.9888081 , -0.88726537, -0.56349202, ..., -0.41356859,
          0.        ,  0.66373538],
        [-0.83862094, -0.96979977, -0.96979977, ..., -0.91364897,
         -0.66373538,  0.        ]],

       ...,

       [[ 0.        , -0.13841978,  0.01734276, ...,  0.31897315,
          0.4926348 ,  0.17500886],
        [ 0.13841978,  0.        ,  0.15557477, ...,  0.44709185,
          0.60835042,  0.30960769],
        [-0.01734276, -0.15557477,  0.        , ...,  0.30248834,
          0.47746841,  0.15790743],
        ...,
        [-0.31897315, -0.44709185, -0.30248834, ...,  0.        ,
          0.18931944, -0.14818334],
        [-0.4926348 , -0.60835042, -0.47746841, ..., -0.18931944,
          0.        , -0.33273286],
        [-0.17500886, -0.30960769, -0.15790743, ...,  0.14818334,
          0.33273286,  0.        ]],

       [[ 0.        ,  0.08734401,  0.35488955, ...,  0.24690841,
          0.53969281,  0.70140868],
        [-0.08734401,  0.        ,  0.2718746 , ...,  0.16132505,
          0.46409862,  0.63647279],
        [-0.35488955, -0.2718746 ,  0.        , ..., -0.11306504,
          0.20579522,  0.40280191],
        ...,
        [-0.24690841, -0.16132505,  0.11306504, ...,  0.        ,
          0.31512047,  0.50370597],
        [-0.53969281, -0.46409862, -0.20579522, ..., -0.31512047,
          0.        ,  0.20581824],
        [-0.70140868, -0.63647279, -0.40280191, ..., -0.50370597,
         -0.20581824,  0.        ]],

       [[ 0.        , -0.06597956, -0.28442739, ...,  0.73318697,
          0.89853824,  0.88065187],
        [ 0.06597956,  0.        , -0.22055317, ...,  0.68672144,
          0.86762218,  0.84747417],
        [ 0.28442739,  0.22055317,  0.        , ...,  0.50948624,
          0.73659261,  0.70952738],
        ...,
        [-0.73318697, -0.68672144, -0.50948624, ...,  0.        ,
         -0.28923809, -0.25150959],
        [-0.89853824, -0.86762218, -0.73659261, ...,  0.28923809,
          0.        ,  0.03918112],
        [-0.88065187, -0.84747417, -0.70952738, ...,  0.25150959,
         -0.03918112,  0.        ]]]), 'num': array([8.01995592e-01, 5.97315379e-01, 9.45405141e-06, 2.30495735e-04,
       2.32092703e-04, 2.18784636e-04, 4.12703413e-03, 1.01141316e-05,
       2.22297966e-04, 2.08856817e-04, 2.02974651e-04, 7.27507710e-07,
       2.27186892e-04, 1.90526742e-04])}
{'img': array([[[ 0.        ,  0.37373345,  0.21502754, ...,  0.73322391,
          0.55572431,  0.99670751],
        [-0.37373345,  0.        , -0.16554525, ...,  0.4259577 ,
          0.20474487,  0.95478496],
        [-0.21502754,  0.16554525,  0.        , ...,  0.56985633,
          0.36395807,  0.99082718],
        ...,
        [-0.73322391, -0.4259577 , -0.56985633, ...,  0.        ,
         -0.23169244,  0.73719901],
        [-0.55572431, -0.20474487, -0.36395807, ...,  0.23169244,
          0.        ,  0.8736881 ],
        [-0.99670751, -0.95478496, -0.99082718, ..., -0.73719901,
         -0.8736881 ,  0.        ]],

       [[ 0.        , -0.34746077, -0.93076811, ..., -0.4951341 ,
         -0.66713777, -0.0807792 ],
        [ 0.34746077,  0.        , -0.74574099, ..., -0.16240486,
         -0.36673597,  0.27057906],
        [ 0.93076811,  0.74574099,  0.        , ...,  0.62764073,
          0.44944884,  0.89819268],
        ...,
        [ 0.4951341 ,  0.16240486, -0.62764073, ...,  0.        ,
         -0.21077794,  0.4233337 ],
        [ 0.66713777,  0.36673597, -0.44944884, ...,  0.21077794,
          0.        ,  0.60478237],
        [ 0.0807792 , -0.27057906, -0.89819268, ..., -0.4233337 ,
         -0.60478237,  0.        ]],

       [[ 0.        ,  0.43366027,  0.62046171, ...,  0.81110287,
          0.95587597,  0.94953763],
        [-0.43366027,  0.        ,  0.21899112, ...,  0.47721627,
          0.73392072,  0.9916249 ],
        [-0.62046171, -0.21899112,  0.        , ...,  0.27318642,
          0.56735969,  0.93927206],
        ...,
        [-0.81110287, -0.47721627, -0.27318642, ...,  0.        ,
          0.32081711,  0.80979287],
        [-0.95587597, -0.73392072, -0.56735969, ..., -0.32081711,
          0.        ,  0.57875967],
        [-0.94953763, -0.9916249 , -0.93927206, ..., -0.80979287,
         -0.57875967,  0.        ]],

       ...,

       [[ 0.        ,  0.15557477,  0.25280959, ...,  0.60835042,
          0.30960769,  0.68166172],
        [-0.15557477,  0.        ,  0.09921032, ...,  0.47746841,
          0.15790743,  0.55953288],
        [-0.25280959, -0.09921032,  0.        , ...,  0.38794178,
          0.05916278,  0.4745461 ],
        ...,
        [-0.60835042, -0.47746841, -0.38794178, ...,  0.        ,
         -0.33273286,  0.09590325],
        [-0.30960769, -0.15790743, -0.05916278, ...,  0.33273286,
          0.        ,  0.42163797],
        [-0.68166172, -0.55953288, -0.4745461 , ..., -0.09590325,
         -0.42163797,  0.        ]],

       [[ 0.        ,  0.26263724,  0.43680042, ...,  0.44668212,
          0.6100677 ,  0.9981088 ],
        [-0.26263724,  0.        ,  0.18520884, ...,  0.19602156,
          0.38055062,  0.94692499],
        [-0.43680042, -0.18520884,  0.        , ...,  0.01101451,
          0.20269304,  0.87100618],
        ...,
        [-0.44668212, -0.19602156, -0.01101451, ...,  0.        ,
          0.19189487,  0.86554222],
        [-0.6100677 , -0.38055062, -0.20269304, ..., -0.19189487,
          0.        ,  0.75334868],
        [-0.9981088 , -0.94692499, -0.87100618, ..., -0.86554222,
         -0.75334868,  0.        ]],

       [[ 0.        , -0.22055317, -0.38663582, ...,  0.86762218,
          0.84747417,  0.94171736],
        [ 0.22055317,  0.        , -0.1737136 , ...,  0.73659261,
          0.70952738,  0.8443323 ],
        [ 0.38663582,  0.1737136 ,  0.        , ...,  0.60790473,
          0.57632774,  0.73841605],
        ...,
        [-0.86762218, -0.73659261, -0.60790473, ...,  0.        ,
          0.03918112, -0.17637194],
        [-0.84747417, -0.70952738, -0.57632774, ..., -0.03918112,
          0.        , -0.2148034 ],
        [-0.94171736, -0.8443323 , -0.73841605, ...,  0.17637194,
          0.2148034 ,  0.        ]]]), 'num': array([9.74484224e-01, 2.24422493e-01, 3.40937151e-05, 2.81132583e-04,
       2.83688334e-04, 2.75382144e-04, 3.80525730e-03, 4.47256382e-06,
       2.71420730e-04, 2.52316493e-04, 2.44127442e-04, 9.88964422e-07,
       2.77966161e-04, 2.26666825e-04])}
{'img': array([[[ 0.        , -0.1486617 , -0.24549275, ...,  0.17892252,
          0.7087859 ,  0.98270364],
        [ 0.1486617 ,  0.        , -0.09865245, ...,  0.32319712,
          0.80577943,  0.99931389],
        [ 0.24549275,  0.09865245,  0.        , ...,  0.41497848,
          0.86027233,  0.99809298],
        ...,
        [-0.17892252, -0.32319712, -0.41497848, ...,  0.        ,
          0.57113216,  0.93371212],
        [-0.7087859 , -0.80577943, -0.86027233, ..., -0.57113216,
          0.        ,  0.56196576],
        [-0.98270364, -0.99931389, -0.99809298, ..., -0.93371212,
         -0.56196576,  0.        ]],

       [[ 0.        , -0.74574099, -0.39187612, ..., -0.36673597,
          0.27057906, -0.04623235],
        [ 0.74574099,  0.        ,  0.42501316, ...,  0.44944884,
          0.89819268,  0.71414192],
        [ 0.39187612, -0.42501316,  0.        , ...,  0.02716849,
          0.62619586,  0.3489225 ],
        ...,
        [ 0.36673597, -0.44944884, -0.02716849, ...,  0.        ,
          0.60478237,  0.3233327 ],
        [-0.27057906, -0.89819268, -0.62619586, ..., -0.60478237,
          0.        , -0.31479751],
        [ 0.04623235, -0.71414192, -0.3489225 , ..., -0.3233327 ,
          0.31479751,  0.        ]],

       [[ 0.        ,  0.18886746,  0.24094766, ...,  0.60520214,
          0.76756424,  0.99999469],
        [-0.18886746,  0.        ,  0.05330815, ...,  0.443958  ,
          0.63269131,  0.98261258],
        [-0.24094766, -0.05330815,  0.        , ...,  0.3955601 ,
          0.59050964,  0.97131781],
        ...,
        [-0.60520214, -0.443958  , -0.3955601 , ...,  0.        ,
          0.22311863,  0.79803895],
        [-0.76756424, -0.63269131, -0.59050964, ..., -0.22311863,
          0.        ,  0.64346883],
        [-0.99999469, -0.98261258, -0.97131781, ..., -0.79803895,
         -0.64346883,  0.        ]],

       ...,

       [[ 0.        ,  0.0852794 , -0.08051977, ...,  0.13497756,
          0.4549667 ,  0.97789725],
        [-0.0852794 ,  0.        , -0.16522894, ...,  0.04998687,
          0.37736726,  0.95650411],
        [ 0.08051977,  0.16522894,  0.        , ...,  0.21432219,
          0.52519296,  0.99155759],
        ...,
        [-0.13497756, -0.04998687, -0.21432219, ...,  0.        ,
          0.33060448,  0.94072625],
        [-0.4549667 , -0.37736726, -0.52519296, ..., -0.33060448,
          0.        ,  0.77569859],
        [-0.97789725, -0.95650411, -0.99155759, ..., -0.94072625,
         -0.77569859,  0.        ]],

       [[ 0.        ,  0.14589569,  0.26651886, ...,  0.29144498,
          0.60174133,  0.99305764],
        [-0.14589569,  0.        ,  0.12304851, ...,  0.14876451,
          0.47877711,  0.96527038],
        [-0.26651886, -0.12304851,  0.        , ...,  0.0259547 ,
          0.36710994,  0.92578818],
        ...,
        [-0.29144498, -0.14876451, -0.0259547 , ...,  0.        ,
          0.34284379,  0.91566432],
        [-0.60174133, -0.47877711, -0.36710994, ..., -0.34284379,
          0.        ,  0.72236418],
        [-0.99305764, -0.96527038, -0.92578818, ..., -0.91566432,
         -0.72236418,  0.        ]],

       [[ 0.        , -0.1737136 , -0.12668077, ...,  0.70952738,
          0.8443323 ,  0.94384335],
        [ 0.1737136 ,  0.        ,  0.04755934, ...,  0.57632774,
          0.73841605,  0.87209954],
        [ 0.12668077, -0.04755934,  0.        , ...,  0.61454196,
          0.76965189,  0.89438483],
        ...,
        [-0.70952738, -0.57632774, -0.61454196, ...,  0.        ,
         -0.2148034 , -0.43068242],
        [-0.8443323 , -0.73841605, -0.76965189, ...,  0.2148034 ,
          0.        , -0.2267683 ],
        [-0.94384335, -0.87209954, -0.89438483, ...,  0.43068242,
          0.2267683 ,  0.        ]]]), 'num': array([ 8.10095980e-01,  5.86293676e-01,  1.02192833e-05,  2.33127401e-04,
        2.36853181e-04,  2.31530638e-04,  1.95847242e-03, -1.06450868e-06,
        2.28443563e-04,  2.11517875e-04,  2.03640510e-04,  8.07558308e-07,
        2.35012910e-04,  1.88022839e-04])}
{'img': array([[[ 0.        , -0.09865245, -0.31926835, ...,  0.80577943,
          0.99931389,  0.93847004],
        [ 0.09865245,  0.        , -0.22422153, ...,  0.86027233,
          0.99809298,  0.96796281],
        [ 0.31926835,  0.22422153,  0.        , ...,  0.95268419,
          0.95883891,  0.99961733],
        ...,
        [-0.80577943, -0.86027233, -0.95268419, ...,  0.        ,
          0.56196576,  0.27749224],
        [-0.99931389, -0.99809298, -0.95883891, ..., -0.56196576,
          0.        , -0.31036556],
        [-0.93847004, -0.96796281, -0.99961733, ..., -0.27749224,
          0.31036556,  0.        ]],

       [[ 0.        ,  0.42501316, -0.35961129, ...,  0.89819268,
          0.71414192,  0.35064144],
