state_0,state_1,state_2,state_3,state_4,state_5,state_6,state_7,state_8,state_9,state_10,state_11,state_12,state_13,state_14,state_15,state_16,state_17,state_18,state_19,state_20,state_21,state_22,state_23,state_24,state_25,state_26,state_27,state_28,state_29,state_30,state_31,state_32,state_33,state_34,state_35,state_36,state_37,state_38,state_39,state_40,state_41,state_42,state_43,state_44,state_45,state_46,state_47,state_48,state_49,state_50,state_51,state_52,state_53,state_54,state_55,state_56,state_57,state_58,state_59,state_60,state_61,state_62,state_63,state_64,state_65,state_66,state_67,state_68,state_69,state_70,state_71,state_72,state_73,state_74,state_75,state_76,state_77,state_78,state_79,state_80,state_81,state_82,state_83,state_84,state_85,state_86,state_87,state_88,state_89,state_90,state_91,state_92,state_93,state_94,state_95,state_96,state_97,state_98,state_99,state_100,state_101,state_102,state_103,state_104,state_105,state_106,state_107,state_108,state_109,state_110,state_111,state_112,state_113,state_114,state_115,state_116,state_117,state_118,state_119,state_120,state_121,state_122,state_123,state_124,state_125,state_126,state_127,state_128,state_129,state_130,state_131,state_132,state_133,state_134,state_135,state_136,state_137,state_138,state_139,state_140,state_141,state_142,state_143,state_144,state_145,state_146,state_147,state_148,state_149,state_150,state_151,state_152,state_153,state_154,state_155,state_156,state_157,state_158,state_159,state_160,state_161,state_162,state_163,state_164,state_165,state_166,state_167,state_168,state_169,state_170,state_171,state_172,state_173,state_174,state_175,state_176,state_177,state_178,state_179,state_180,state_181,state_182,state_183,state_184,state_185,state_186,state_187,state_188,state_189,state_190,state_191,state_192,state_193,state_194,state_195,state_196,state_197,state_198,state_199,state_200,state_201,state_202,state_203,state_204,state_205,state_206,state_207,state_208,state_209,state_210,state_211,state_212,state_213,state_214,state_215,state_216,state_217,state_218,state_219,state_220,state_221,state_222,state_223,state_224,state_225,state_226,state_227,state_228,state_229,state_230,state_231,state_232,state_233,state_234,state_235,state_236,state_237,state_238,state_239,state_240,state_241,state_242,state_243,state_244,state_245,state_246,state_247,state_248,state_249,state_250,state_251,state_252,state_253,state_254,state_255,state_256,state_257,state_258,state_259,state_260,state_261,state_262,state_263,state_264,state_265,state_266,state_267,state_268,state_269,state_270,state_271,state_272,state_273,state_274,state_275,state_276,state_277,state_278,state_279,state_280,state_281,state_282,state_283,state_284,state_285,state_286,state_287
{'img': array([[[ 0.        ,  0.21256511, -0.09186284, ...,  0.98624436,
          0.99930325,  0.99923515],
        [-0.21256511,  0.        , -0.3014298 , ...,  0.92856991,
          0.98439966,  0.96808744],
        [ 0.09186284,  0.3014298 ,  0.        , ...,  0.99725856,
          0.99164927,  0.99860224],
        ...,
        [-0.98624436, -0.92856991, -0.99725856, ...,  0.        ,
          0.20198836,  0.12660157],
        [-0.99930325, -0.98439966, -0.99164927, ..., -0.20198836,
          0.        , -0.07637105],
        [-0.99923515, -0.96808744, -0.99860224, ..., -0.12660157,
          0.07637105,  0.        ]],

       [[ 0.        , -0.10221098, -0.2846115 , ..., -0.05499779,
          0.2465375 , -0.03182432],
        [ 0.10221098,  0.        , -0.18513709, ...,  0.04734653,
          0.34430237,  0.07050156],
        [ 0.2846115 ,  0.18513709,  0.        , ...,  0.2314575 ,
          0.5121679 ,  0.25395919],
        ...,
        [ 0.05499779, -0.04734653, -0.2314575 , ...,  0.        ,
          0.29946454,  0.02319378],
        [-0.2465375 , -0.34430237, -0.5121679 , ..., -0.29946454,
          0.        , -0.27725462],
        [ 0.03182432, -0.07050156, -0.25395919, ..., -0.02319378,
          0.27725462,  0.        ]],

       [[ 0.        ,  0.32171144,  0.39559871, ...,  0.98039004,
          0.96865858,  0.97317546],
        [-0.32171144,  0.        ,  0.07910046, ...,  0.99166899,
          0.99707435,  0.99545355],
        [-0.39559871, -0.07910046,  0.        , ...,  0.97837263,
          0.98790389,  0.98480027],
        ...,
        [-0.98039004, -0.99166899, -0.97837263, ...,  0.        ,
          0.05263438,  0.03377193],
        [-0.96865858, -0.99707435, -0.98790389, ..., -0.05263438,
          0.        , -0.01887924],
        [-0.97317546, -0.99545355, -0.98480027, ..., -0.03377193,
          0.01887924,  0.        ]],

       ...,

       [[ 0.        ,  0.00718545, -0.18294562, ..., -0.91038167,
         -0.99863725, -0.98838455],
        [-0.00718545,  0.        , -0.19000508, ..., -0.90738505,
         -0.99823647, -0.98945104],
        [ 0.18294562,  0.19000508,  0.        , ..., -0.97071451,
         -0.99133095, -0.94390071],
        ...,
        [ 0.91038167,  0.90738505,  0.97071451, ...,  0.        ,
          0.36569411,  0.54731738],
        [ 0.99863725,  0.99823647,  0.99133095, ..., -0.36569411,
          0.        ,  0.2033489 ],
        [ 0.98838455,  0.98945104,  0.94390071, ..., -0.54731738,
         -0.2033489 ,  0.        ]],

       [[ 0.        ,  0.34157123,  0.43634536, ...,  0.53926257,
          0.59803189,  0.66145503],
        [-0.34157123,  0.        ,  0.10276304, ...,  0.79447911,
          0.83582367,  0.87784565],
        [-0.43634536, -0.10276304,  0.        , ...,  0.85268015,
          0.88781541,  0.92241592],
        ...,
        [-0.53926257, -0.79447911, -0.85268015, ...,  0.        ,
         -0.07142117, -0.15259746],
        [-0.59803189, -0.83582367, -0.88781541, ...,  0.07142117,
          0.        , -0.08162305],
        [-0.66145503, -0.87784565, -0.92241592, ...,  0.15259746,
          0.08162305,  0.        ]],

       [[ 0.        , -0.02019735, -0.00936292, ...,  0.96970663,
          0.96845578,  0.96739337],
        [ 0.02019735,  0.        ,  0.01083545, ...,  0.97444248,
          0.97329112,  0.97231159],
        [ 0.00936292, -0.01083545,  0.        , ...,  0.97195123,
          0.97074644,  0.96972239],
        ...,
        [-0.96970663, -0.97444248, -0.97195123, ...,  0.        ,
         -0.00506966, -0.00929837],
        [-0.96845578, -0.97329112, -0.97074644, ...,  0.00506966,
          0.        , -0.00422881],
        [-0.96739337, -0.97231159, -0.96972239, ...,  0.00929837,
          0.00422881,  0.        ]]]), 'num': array([ 8.45638571e-01,  5.33640371e-01,  6.05821747e-05,  4.35751676e-04,
        4.45905113e-04,  4.33213317e-04,  1.10352631e-02, -5.07671855e-06,
        4.38290035e-04,  4.49331898e-04,  4.48133228e-04,  4.37648151e-06,
        5.06654186e-04,  3.92009610e-04])}
{'img': array([[[ 0.        , -0.3014298 ,  0.03960137, ...,  0.98439966,
          0.96808744,  0.95412351],
        [ 0.3014298 ,  0.        ,  0.33895279, ...,  0.99164927,
          0.99860224,  0.99999777],
        [-0.03960137, -0.33895279,  0.        , ...,  0.97665971,
          0.95740342,  0.94151788],
        ...,
        [-0.98439966, -0.99164927, -0.97665971, ...,  0.        ,
         -0.07637105, -0.12686726],
        [-0.96808744, -0.99860224, -0.95740342, ...,  0.07637105,
          0.        , -0.05074279],
        [-0.95412351, -0.99999777, -0.94151788, ...,  0.12686726,
          0.05074279,  0.        ]],

       [[ 0.        , -0.11717216, -0.07698948, ...,  0.33213613,
          0.06532005, -0.20478947],
        [ 0.11717216,  0.        ,  0.04036523, ...,  0.44036872,
          0.18179203, -0.08868999],
        [ 0.07698948, -0.04036523,  0.        , ...,  0.40376922,
          0.14195123, -0.12882387],
        ...,
        [-0.33213613, -0.44036872, -0.40376922, ...,  0.        ,
         -0.26981488, -0.51826073],
        [-0.06532005, -0.18179203, -0.14195123, ...,  0.26981488,
          0.        , -0.26828778],
        [ 0.20478947,  0.08868999,  0.12882387, ...,  0.51826073,
          0.26828778,  0.        ]],

       [[ 0.        ,  0.23985067,  0.38076842, ...,  0.97369111,
          0.97790719,  0.98063249],
        [-0.23985067,  0.        ,  0.14787088, ...,  0.9999241 ,
          0.99950015,  0.99898403],
        [-0.38076842, -0.14787088,  0.        , ...,  0.98710982,
          0.98383752,  0.98133798],
        ...,
        [-0.97369111, -0.9999241 , -0.98710982, ...,  0.        ,
         -0.01929766, -0.03275453],
        [-0.97790719, -0.99950015, -0.98383752, ...,  0.01929766,
          0.        , -0.01346113],
        [-0.98063249, -0.99898403, -0.98133798, ...,  0.03275453,
          0.01346113,  0.        ]],

       ...,

       [[ 0.        , -0.19000508, -0.18249248, ..., -0.99823647,
         -0.98945104, -0.91746255],
        [ 0.19000508,  0.        ,  0.00764635, ..., -0.99133095,
         -0.94390071, -0.82516099],
        [ 0.18249248, -0.00764635,  0.        , ..., -0.99230662,
         -0.94639817, -0.82945627],
        ...,
        [ 0.99823647,  0.99133095,  0.99230662, ...,  0.        ,
          0.2033489 ,  0.45158384],
        [ 0.98945104,  0.94390071,  0.94639817, ..., -0.2033489 ,
          0.        ,  0.26071488],
        [ 0.91746255,  0.82516099,  0.82945627, ..., -0.45158384,
         -0.26071488,  0.        ]],

       [[ 0.        ,  0.28448388,  0.40989172, ...,  0.60619366,
          0.67014163,  0.80523668],
        [-0.28448388,  0.        ,  0.13346786, ...,  0.80740112,
          0.85360532,  0.94065069],
        [-0.40989172, -0.13346786,  0.        , ...,  0.87892384,
          0.91549435,  0.97753065],
        ...,
        [-0.60619366, -0.80740112, -0.87892384, ...,  0.        ,
         -0.08303799, -0.28097382],
        [-0.67014163, -0.85360532, -0.91549435, ...,  0.08303799,
          0.        , -0.2003106 ],
        [-0.80523668, -0.94065069, -0.97753065, ...,  0.28097382,
          0.2003106 ,  0.        ]],

       [[ 0.        ,  0.01083545,  0.0207534 , ...,  0.97329112,
          0.97231159,  0.98490234],
        [-0.01083545,  0.        ,  0.00991906, ...,  0.97074644,
          0.96972239,  0.98296878],
        [-0.0207534 , -0.00991906,  0.        , ...,  0.96831705,
          0.96725235,  0.98109757],
        ...,
        [-0.97329112, -0.97074644, -0.96831705, ...,  0.        ,
         -0.00422881,  0.05762105],
        [-0.97231159, -0.96972239, -0.96725235, ...,  0.00422881,
          0.        ,  0.06184231],
        [-0.98490234, -0.98296878, -0.98109757, ..., -0.05762105,
         -0.06184231,  0.        ]]]), 'num': array([ 7.07091618e-01,  7.07091618e-01,  0.00000000e+00,  1.40300392e-04,
        1.43374703e-04,  1.39461944e-04,  6.53612574e-03, -3.63327709e-06,
        1.43877773e-04,  1.46882213e-04,  1.48489240e-04,  1.27180399e-06,
        1.63002560e-04,  1.30761866e-04])}
{'img': array([[[ 0.        ,  0.33895279,  0.60392629, ...,  0.99860224,
          0.99999777,  0.99417017],
        [-0.33895279,  0.        ,  0.29801691, ...,  0.95740342,
          0.94151788,  0.89877195],
        [-0.60392629, -0.29801691,  0.        , ...,  0.8278461 ,
          0.79831519,  0.72727677],
        ...,
        [-0.99860224, -0.95740342, -0.8278461 , ...,  0.        ,
         -0.05074279, -0.16021769],
        [-0.99999777, -0.94151788, -0.79831519, ...,  0.05074279,
          0.        , -0.10992401],
        [-0.99417017, -0.89877195, -0.72727677, ...,  0.16021769,
          0.10992401,  0.        ]],

       [[ 0.        ,  0.04036523,  0.37149865, ...,  0.18179203,
         -0.08868999,  0.16420571],
        [-0.04036523,  0.        ,  0.33371944, ...,  0.14195123,
         -0.12882387,  0.12425456],
        [-0.37149865, -0.33371944,  0.        , ..., -0.19652656,
         -0.45237743, -0.21400189],
        ...,
        [-0.18179203, -0.14195123,  0.19652656, ...,  0.        ,
         -0.26828778, -0.01785485],
        [ 0.08868999,  0.12882387,  0.45237743, ...,  0.26828778,
          0.        ,  0.25104474],
        [-0.16420571, -0.12425456,  0.21400189, ...,  0.01785485,
         -0.25104474,  0.        ]],

       [[ 0.        ,  0.30241216,  0.42251804, ...,  0.98033825,
          0.98293626,  0.98816909],
        [-0.30241216,  0.        ,  0.12864196, ...,  0.99410942,
          0.99254014,  0.98828076],
        [-0.42251804, -0.12864196,  0.        , ...,  0.97190712,
          0.96860943,  0.96043242],
        ...,
        [-0.98033825, -0.99410942, -0.97190712, ...,  0.        ,
         -0.01362754, -0.04463701],
        [-0.98293626, -0.99254014, -0.96860943, ...,  0.01362754,
          0.        , -0.0310189 ],
        [-0.98816909, -0.98828076, -0.96043242, ...,  0.04463701,
          0.0310189 ,  0.        ]],

       ...,

       [[ 0.        ,  0.00764635,  0.17435458, ..., -0.94390071,
         -0.82516099, -0.92133669],
        [-0.00764635,  0.        ,  0.16682025, ..., -0.94639817,
         -0.82945627, -0.92428239],
        [-0.17435458, -0.16682025,  0.        , ..., -0.98701993,
         -0.91101444, -0.97500758],
        ...,
        [ 0.94390071,  0.94639817,  0.98701993, ...,  0.        ,
          0.26071488,  0.06270371],
        [ 0.82516099,  0.82945627,  0.91101444, ..., -0.26071488,
          0.        , -0.19966668],
        [ 0.92133669,  0.92428239,  0.97500758, ..., -0.06270371,
          0.19966668,  0.        ]],

       [[ 0.        ,  0.30462788,  0.47457556, ...,  0.6761156 ,
          0.81148971,  0.88944757],
        [-0.30462788,  0.        ,  0.18388171, ...,  0.86842928,
          0.95093517,  0.98639969],
        [-0.47457556, -0.18388171,  0.        , ...,  0.9447921 ,
          0.99161138,  0.99980358],
        ...,
        [-0.6761156 , -0.86842928, -0.9447921 , ...,  0.        ,
         -0.20280256, -0.34633101],
        [-0.81148971, -0.95093517, -0.99161138, ...,  0.20280256,
          0.        , -0.14888254],
        [-0.88944757, -0.98639969, -0.99980358, ...,  0.34633101,
          0.14888254,  0.        ]],

       [[ 0.        ,  0.00991906, -0.00284269, ...,  0.96972239,
          0.98296878,  0.98986441],
        [-0.00991906,  0.        , -0.01276157, ...,  0.96725235,
          0.98109757,  0.98840705],
        [ 0.00284269,  0.01276157,  0.        , ...,  0.97041269,
          0.98348722,  0.99026412],
        ...,
        [-0.96972239, -0.96725235, -0.97041269, ...,  0.        ,
          0.06184231,  0.10401892],
        [-0.98296878, -0.98109757, -0.98348722, ..., -0.06184231,
          0.        ,  0.04231299],
        [-0.98986441, -0.98840705, -0.99026412, ..., -0.10401892,
         -0.04231299,  0.        ]]]), 'num': array([ 7.07096776e-01,  7.07096776e-01,  0.00000000e+00,  1.39043734e-04,
        1.39183476e-04,  1.35270688e-04,  5.30414812e-03, -1.25768201e-06,
        1.43403698e-04,  1.45562719e-04,  1.48960789e-04,  1.39742446e-06,
        1.59569980e-04,  1.31555457e-04])}
{'img': array([[[ 0.        ,  0.5237828 ,  0.72734263, ...,  0.99959884,
          0.98992221,  0.98351476],
        [-0.5237828 ,  0.        ,  0.26012938, ...,  0.83667532,
          0.76909303,  0.74309433],
        [-0.72734263, -0.26012938,  0.        , ...,  0.66539909,
          0.57635779,  0.54343728],
        ...,
        [-0.99959884, -0.83667532, -0.66539909, ...,  0.        ,
         -0.11351838, -0.15289981],
        [-0.98992221, -0.76909303, -0.57635779, ...,  0.11351838,
          0.        , -0.03972785],
        [-0.98351476, -0.74309433, -0.54343728, ...,  0.15289981,
          0.03972785,  0.        ]],

       [[ 0.        ,  0.33371944,  0.45202246, ..., -0.12882387,
          0.12425456,  0.06278573],
        [-0.33371944,  0.        ,  0.12842919, ..., -0.45237743,
         -0.21400189, -0.27387464],
        [-0.45202246, -0.12842919,  0.        , ..., -0.56316771,
         -0.33768357, -0.39512535],
        ...,
        [ 0.12882387,  0.45237743,  0.56316771, ...,  0.        ,
          0.25104474,  0.19083227],
        [-0.12425456,  0.21400189,  0.33768357, ..., -0.25104474,
          0.        , -0.06171025],
        [-0.06278573,  0.27387464,  0.39512535, ..., -0.19083227,
          0.06171025,  0.        ]],

       [[ 0.        ,  0.30592755,  0.4950148 , ...,  0.98639649,
          0.99110632,  0.99319792],
        [-0.30592755,  0.        ,  0.2054655 , ...,  0.98939297,
          0.98429804,  0.98120054],
        [-0.4950148 , -0.2054655 ,  0.        , ...,  0.93843696,
          0.92702977,  0.92061303],
        ...,
        [-0.98639649, -0.98939297, -0.93843696, ...,  0.        ,
         -0.03165943, -0.04841103],
        [-0.99110632, -0.98429804, -0.92702977, ...,  0.03165943,
          0.        , -0.01676445],
        [-0.99319792, -0.98120054, -0.92061303, ...,  0.04841103,
          0.01676445,  0.        ]],

       ...,

       [[ 0.        ,  0.16682025,  0.37919449, ..., -0.82945627,
         -0.92428239, -0.85843255],
        [-0.16682025,  0.        ,  0.21951934, ..., -0.91101444,
         -0.97500758, -0.93197014],
        [-0.37919449, -0.21951934,  0.        , ..., -0.97931728,
         -0.9999963 , -0.98882112],
        ...,
        [ 0.82945627,  0.91101444,  0.97931728, ...,  0.        ,
         -0.19966668, -0.05404602],
        [ 0.92428239,  0.97500758,  0.9999963 , ...,  0.19966668,
          0.        ,  0.14641712],
        [ 0.85843255,  0.93197014,  0.98882112, ...,  0.05404602,
         -0.14641712,  0.        ]],

       [[ 0.        ,  0.37756178,  0.56580382, ...,  0.81868066,
          0.89611595,  0.94010411],
        [-0.37756178,  0.        ,  0.21261075, ...,  0.97490001,
          0.99735886,  0.99922781],
        [-0.56580382, -0.21261075,  0.        , ...,  0.99994717,
          0.98999841,  0.96802877],
        ...,
        [-0.81868066, -0.97490001, -0.99994717, ...,  0.        ,
         -0.15124687, -0.26077593],
        [-0.89611595, -0.99735886, -0.98999841, ...,  0.15124687,
          0.        , -0.11176234],
        [-0.94010411, -0.99922781, -0.96802877, ...,  0.26077593,
          0.11176234,  0.        ]],

       [[ 0.        , -0.01276157, -0.04720945, ...,  0.98109757,
          0.98840705,  0.99211281],
        [ 0.01276157,  0.        , -0.03445826, ...,  0.98348722,
          0.99026412,  0.99363166],
        [ 0.04720945,  0.03445826,  0.        , ...,  0.98913934,
          0.99447267,  0.99692424],
        ...,
        [-0.98109757, -0.98348722, -0.98913934, ...,  0.        ,
          0.04231299,  0.06900862],
        [-0.98840705, -0.99026412, -0.99447267, ..., -0.04231299,
          0.        ,  0.0267347 ],
        [-0.99211281, -0.99363166, -0.99692424, ..., -0.06900862,
         -0.0267347 ,  0.        ]]]), 'num': array([ 7.07098601e-01,  7.07098601e-01,  0.00000000e+00,  1.34013352e-04,
        1.39603064e-04,  1.34013352e-04,  4.79331801e-03, -5.03074104e-06,
        1.40581263e-04,  1.44074834e-04,  1.49315189e-04,  1.04917312e-06,
        1.56226513e-04,  1.31923154e-04])}
{'img': array([[[ 0.        ,  0.57067434,  0.96655204, ...,  0.97249083,
          0.96136005,  0.89567666],
        [-0.57067434,  0.        ,  0.64734861, ...,  0.66565303,
          0.63234296,  0.48172636],
        [-0.96655204, -0.64734861,  0.        , ...,  0.02426553,
         -0.01952551, -0.20011666],
        ...,
        [-0.97249083, -0.66565303, -0.02426553, ...,  0.        ,
         -0.04378066, -0.22383242],
        [-0.96136005, -0.63234296,  0.01952551, ...,  0.04378066,
          0.        , -0.18094795],
        [-0.89567666, -0.48172636,  0.20011666, ...,  0.22383242,
          0.18094795,  0.        ]],

       [[ 0.        ,  0.12842919,  0.45237743, ..., -0.21400189,
         -0.27387464, -0.30483824],
        [-0.12842919,  0.        ,  0.56316771, ..., -0.33768357,
         -0.39512535, -0.42463027],
        [-0.45237743, -0.56316771,  0.        , ..., -0.25104474,
         -0.19083227, -0.15898329],
        ...,
        [ 0.21400189,  0.33768357,  0.25104474, ...,  0.        ,
         -0.06171025, -0.09395985],
        [ 0.27387464,  0.39512535,  0.19083227, ...,  0.06171025,
          0.        , -0.03234353],
        [ 0.30483824,  0.42463027,  0.15898329, ...,  0.09395985,
          0.03234353,  0.        ]],

       [[ 0.        ,  0.40393663,  0.6947014 , ...,  0.99373304,
          0.99550235,  0.99997877],
        [-0.40393663,  0.        ,  0.34495287, ...,  0.95420585,
          0.94894026,  0.91213538],
        [-0.6947014 , -0.34495287,  0.        , ...,  0.79244377,
          0.78187691,  0.7147561 ],
        ...,
        [-0.99373304, -0.95420585, -0.79244377, ...,  0.        ,
         -0.01713357, -0.11825253],
        [-0.99550235, -0.94894026, -0.78187691, ...,  0.01713357,
          0.        , -0.10122181],
        [-0.99997877, -0.91213538, -0.7147561 , ...,  0.11825253,
          0.10122181,  0.        ]],

       ...,

       [[ 0.        ,  0.21951934,  0.40436395, ..., -0.97500758,
         -0.93197014, -0.99715227],
        [-0.21951934,  0.        ,  0.19372878, ..., -0.9999963 ,
         -0.98882112, -0.95627491],
        [-0.40436395, -0.19372878,  0.        , ..., -0.98157833,
         -0.99897428, -0.88149869],
        ...,
        [ 0.97500758,  0.9999963 ,  0.98157833, ...,  0.        ,
          0.14641712, -0.29506872],
        [ 0.93197014,  0.98882112,  0.99897428, ..., -0.14641712,
          0.        , -0.43178679],
        [ 0.99715227,  0.95627491,  0.88149869, ...,  0.29506872,
          0.43178679,  0.        ]],

       [[ 0.        ,  0.44675371,  0.75769144, ...,  0.90638809,
          0.94890637,  0.97738494],
        [-0.44675371,  0.        ,  0.38631668, ...,  0.99963576,
          0.98992231,  0.96889834],
        [-0.75769144, -0.38631668,  0.        , ...,  0.91160434,
          0.85836401,  0.79808151],
        ...,
        [-0.90638809, -0.99963576, -0.91160434, ...,  0.        ,
         -0.11484393, -0.22122038],
        [-0.94890637, -0.98992231, -0.85836401, ...,  0.11484393,
          0.        , -0.10775815],
        [-0.97738494, -0.96889834, -0.79808151, ...,  0.22122038,
          0.10775815,  0.        ]],

       [[ 0.        , -0.03445826, -0.24946559, ...,  0.99026412,
          0.99363166,  0.9949648 ],
        [ 0.03445826,  0.        , -0.21594863, ...,  0.99447267,
          0.99692424,  0.99782751],
        [ 0.24946559,  0.21594863,  0.        , ...,  0.99368151,
          0.99032572,  0.98851034],
        ...,
        [-0.99026412, -0.99447267, -0.99368151, ...,  0.        ,
          0.0267347 ,  0.03925114],
        [-0.99363166, -0.99692424, -0.99032572, ..., -0.0267347 ,
          0.        ,  0.01252301],
        [-0.9949648 , -0.99782751, -0.98851034, ..., -0.03925114,
         -0.01252301,  0.        ]]]), 'num': array([7.07097098e-01, 7.07097098e-01, 0.00000000e+00, 1.39043797e-04,
       1.40021994e-04, 1.33174612e-04, 5.21806915e-03, 5.03073034e-06,
       1.39267385e-04, 1.42851780e-04, 1.49673544e-04, 1.25565733e-06,
       1.51294761e-04, 1.34408800e-04])}
{'img': array([[[ 0.        ,  0.92505016,  0.96248981, ...,  0.91628942,
          0.80990338,  0.91628942],
        [-0.92505016,  0.        ,  0.1146143 , ..., -0.02245021,
         -0.23496277, -0.02245021],
        [-0.96248981, -0.1146143 ,  0.        , ..., -0.13688768,
         -0.34481998, -0.13688768],
        ...,
        [-0.91628942,  0.02245021,  0.13688768, ...,  0.        ,
         -0.21308184,  0.        ],
        [-0.80990338,  0.23496277,  0.34481998, ...,  0.21308184,
          0.        ,  0.21308184],
        [-0.91628942,  0.02245021,  0.13688768, ...,  0.        ,
         -0.21308184,  0.        ]],

       [[ 0.        ,  0.56316771,  0.999086  , ..., -0.39512535,
         -0.42463027, -0.39977091],
        [-0.56316771,  0.        , -0.84966011, ..., -0.19083227,
         -0.15898329, -0.18586028],
        [-0.999086  ,  0.84966011,  0.        , ..., -0.93467734,
         -0.92269029, -0.93286563],
        ...,
        [ 0.39512535,  0.19083227,  0.93467734, ...,  0.        ,
         -0.03234353, -0.00506259],
        [ 0.42463027,  0.15898329,  0.92269029, ...,  0.03234353,
          0.        ,  0.02728318],
        [ 0.39977091,  0.18586028,  0.93286563, ...,  0.00506259,
         -0.02728318,  0.        ]],

       [[ 0.        ,  0.60554441,  0.82976349, ...,  0.99851648,
          0.99868283,  0.99493468],
        [-0.60554441,  0.        ,  0.32237181, ...,  0.82760297,
          0.76369348,  0.730909  ],
        [-0.82976349, -0.32237181,  0.        , ...,  0.60246805,
          0.5148058 ,  0.47187737],
        ...,
        [-0.99851648, -0.82760297, -0.60246805, ...,  0.        ,
         -0.10561132, -0.15454889],
        [-0.99868283, -0.76369348, -0.5148058 , ...,  0.10561132,
          0.        , -0.04934215],
        [-0.99493468, -0.730909  , -0.47187737, ...,  0.15454889,
          0.04934215,  0.        ]],

       ...,

       [[ 0.        ,  0.19372878,  0.49011102, ..., -0.98882112,
         -0.95627491, -0.99985555],
        [-0.19372878,  0.        ,  0.31196029, ..., -0.99897428,
         -0.88149869, -0.97762065],
        [-0.49011102, -0.31196029,  0.        , ..., -0.93499466,
         -0.69020419, -0.86320382],
        ...,
        [ 0.98882112,  0.99897428,  0.93499466, ...,  0.        ,
         -0.43178679, -0.16589187],
        [ 0.95627491,  0.88149869,  0.69020419, ...,  0.43178679,
          0.        ,  0.27617349],
        [ 0.99985555,  0.97762065,  0.86320382, ...,  0.16589187,
         -0.27617349,  0.        ]],

       [[ 0.        ,  0.66762433,  0.85366915, ...,  0.96072485,
          0.98585075,  0.99998442],
        [-0.66762433,  0.        ,  0.28784602, ...,  0.90052561,
          0.84587508,  0.74821376],
        [-0.85366915, -0.28784602,  0.        , ...,  0.7372561 ,
          0.65654325,  0.52557322],
        ...,
        [-0.96072485, -0.90052561, -0.7372561 , ...,  0.        ,
         -0.1125343 , -0.27213512],
        [-0.98585075, -0.84587508, -0.65654325, ...,  0.1125343 ,
          0.        , -0.16211932],
        [-0.99998442, -0.74821376, -0.52557322, ...,  0.27213512,
          0.16211932,  0.        ]],

       [[ 0.        , -0.21594863, -0.54456396, ...,  0.99692424,
          0.99782751,  0.99977205],
        [ 0.21594863,  0.        , -0.35059454, ...,  0.99032572,
          0.98851034,  0.97157154],
        [ 0.54456396,  0.35059454,  0.        , ...,  0.87881781,
          0.87277345,  0.82690142],
        ...,
        [-0.99692424, -0.99032572, -0.87881781, ...,  0.        ,
          0.01252301,  0.09963829],
        [-0.99782751, -0.98851034, -0.87277345, ..., -0.01252301,
          0.        ,  0.08716978],
        [-0.99977205, -0.97157154, -0.82690142, ..., -0.09963829,
         -0.08716978,  0.        ]]]), 'num': array([ 7.07102910e-01,  7.07102910e-01,  0.00000000e+00,  1.34153912e-04,
        1.40023145e-04,  1.34014168e-04,  3.28498212e-03, -4.89102804e-06,
        1.37312119e-04,  1.41916672e-04,  1.49863428e-04,  1.27039689e-06,
        1.49841739e-04,  1.33991605e-04])}
{'img': array([[[ 0.        ,  0.15269488, -0.78603514, ..., -0.36164438,
         -0.03122489, -0.35063358],
        [-0.15269488,  0.        , -0.8712108 , ..., -0.49976341,
         -0.18347915, -0.48952253],
        [ 0.78603514,  0.8712108 ,  0.        , ...,  0.50927125,
          0.7663492 ,  0.51937661],
        ...,
        [ 0.36164438,  0.49976341, -0.50927125, ...,  0.        ,
          0.33235657,  0.01178323],
        [ 0.03122489,  0.18347915, -0.7663492 , ..., -0.33235657,
          0.        , -0.3212201 ],
        [ 0.35063358,  0.48952253, -0.51937661, ..., -0.01178323,
          0.3212201 ,  0.        ]],

       [[ 0.        , -0.84907541, -0.82084343, ..., -0.18185581,
         -0.20563155, -0.        ],
        [ 0.84907541,  0.        , -0.91858053, ..., -0.93098652,
         -0.93955955, -0.84907541],
        [ 0.82084343,  0.91858053,  0.        , ..., -0.70328849,
         -0.68585445, -0.82084343],
        ...,
        [ 0.18185581,  0.93098652,  0.70328849, ...,  0.        ,
          0.02423322, -0.18185581],
        [ 0.20563155,  0.93955955,  0.68585445, ..., -0.02423322,
          0.        , -0.20563155],
        [ 0.        ,  0.84907541,  0.82084343, ...,  0.18185581,
          0.20563155,  0.        ]],

       [[ 0.        ,  0.67776676,  0.81114893, ...,  0.98529783,
          0.97420705,  0.95161636],
        [-0.67776676,  0.        ,  0.20003425, ...,  0.60867342,
          0.56336989,  0.49143157],
        [-0.81114893, -0.20003425,  0.        , ...,  0.43766011,
          0.38671431,  0.30728614],
        ...,
        [-0.98529783, -0.60867342, -0.43766011, ...,  0.        ,
         -0.05589947, -0.14019147],
        [-0.97420705, -0.56336989, -0.38671431, ...,  0.05589947,
          0.        , -0.08462483],
        [-0.95161636, -0.49143157, -0.30728614, ...,  0.14019147,
          0.08462483,  0.        ]],

       ...,

       [[ 0.        ,  0.31196029, -0.70653908, ..., -0.88149869,
         -0.97762065, -0.98124573],
        [-0.31196029,  0.        , -0.89204554, ..., -0.69020419,
         -0.86320382, -0.872143  ],
        [ 0.70653908,  0.89204554,  0.        , ..., -0.95743192,
         -0.84047528, -0.83059533],
        ...,
        [ 0.88149869,  0.69020419,  0.95743192, ...,  0.        ,
          0.27617349,  0.29341234],
        [ 0.97762065,  0.86320382,  0.84047528, ..., -0.27617349,
          0.        ,  0.01798291],
        [ 0.98124573,  0.872143  ,  0.83059533, ..., -0.29341234,
         -0.01798291,  0.        ]],

       [[ 0.        ,  0.66867311,  0.76677041, ...,  0.99895453,
          0.99014284,  0.9808339 ],
        [-0.66867311,  0.        ,  0.14090151, ...,  0.77334736,
          0.64257197,  0.59901733],
        [-0.76677041, -0.14090151,  0.        , ...,  0.67630305,
          0.52819911,  0.48021638],
        ...,
        [-0.99895453, -0.77334736, -0.67630305, ...,  0.        ,
         -0.18517893, -0.23948059],
        [-0.99014284, -0.64257197, -0.52819911, ...,  0.18517893,
          0.        , -0.05554829],
        [-0.9808339 , -0.59901733, -0.48021638, ...,  0.23948059,
          0.05554829,  0.        ]],

       [[ 0.        , -0.35059454, -0.13369546, ...,  0.98851034,
          0.97157154,  0.97501931],
        [ 0.35059454,  0.        ,  0.2222376 , ...,  0.87277345,
          0.82690142,  0.83525816],
        [ 0.13369546, -0.2222376 ,  0.        , ...,  0.95942744,
          0.93119734,  0.93656959],
        ...,
        [-0.98851034, -0.87277345, -0.95942744, ...,  0.        ,
          0.08716978,  0.07219064],
        [-0.97157154, -0.82690142, -0.93119734, ..., -0.08716978,
          0.        , -0.0150265 ],
        [-0.97501931, -0.83525816, -0.93656959, ..., -0.07219064,
          0.0150265 ,  0.        ]]]), 'num': array([8.83835029e-01, 4.67782929e-01, 8.66775209e-05, 1.67695325e-04,
       1.71363660e-04, 1.66647229e-04, 3.81087625e-03, 0.00000000e+00,
       1.70105945e-04, 1.76892365e-04, 1.87219020e-04, 1.53636530e-06,
       1.87658414e-04, 1.66126316e-04])}
{'img': array([[[ 0.        , -0.8712108 , -0.53134149, ..., -0.18347915,
         -0.48952253, -0.48952253],
        [ 0.8712108 ,  0.        ,  0.4772126 , ...,  0.7663492 ,
          0.51937661,  0.51937661],
        [ 0.53134149, -0.4772126 ,  0.        , ...,  0.36688544,
          0.04862202,  0.04862202],
        ...,
        [ 0.18347915, -0.7663492 , -0.36688544, ...,  0.        ,
         -0.3212201 , -0.3212201 ],
        [ 0.48952253, -0.51937661, -0.04862202, ...,  0.3212201 ,
          0.        ,  0.        ],
        [ 0.48952253, -0.51937661, -0.04862202, ...,  0.3212201 ,
          0.        ,  0.        ]],

       [[ 0.        , -0.89978835, -0.56964979, ..., -0.24836091,
         -0.08255216, -0.        ],
        [ 0.89978835,  0.        , -0.49097147, ..., -0.76322932,
         -0.86069744, -0.89978835],
        [ 0.56964979,  0.49097147,  0.        , ..., -0.34767653,
         -0.49985684, -0.56964979],
        ...,
        [ 0.24836091,  0.76322932,  0.34767653, ...,  0.        ,
         -0.1675476 , -0.24836091],
        [ 0.08255216,  0.86069744,  0.49985684, ...,  0.1675476 ,
          0.        , -0.08255216],
        [ 0.        ,  0.89978835,  0.56964979, ...,  0.24836091,
          0.08255216,  0.        ]],

       [[ 0.        ,  0.56277092,  0.74051211, ...,  0.91089673,
          0.86211044,  0.82450119],
        [-0.56277092,  0.        ,  0.23391061, ...,  0.52074034,
          0.42746409,  0.36309365],
        [-0.74051211, -0.23391061,  0.        , ...,  0.306601  ,
          0.20414268,  0.13507392],
        ...,
        [-0.91089673, -0.52074034, -0.306601  , ...,  0.        ,
         -0.10583355, -0.17522265],
        [-0.86211044, -0.42746409, -0.20414268, ...,  0.10583355,
          0.        , -0.0700424 ],
        [-0.82450119, -0.36309365, -0.13507392, ...,  0.17522265,
          0.0700424 ,  0.        ]],

       ...,

       [[ 0.        , -0.89204554, -0.88108541, ..., -0.86320382,
         -0.872143  , -0.8460944 ],
        [ 0.89204554,  0.        ,  0.02369676, ..., -0.84047528,
         -0.83059533, -0.85787836],
        [ 0.88108541, -0.02369676,  0.        , ..., -0.85307935,
         -0.84355826, -0.86981411],
        ...,
        [ 0.86320382,  0.84047528,  0.85307935, ...,  0.        ,
          0.01798291, -0.03296071],
        [ 0.872143  ,  0.83059533,  0.84355826, ..., -0.01798291,
          0.        , -0.05092851],
        [ 0.8460944 ,  0.85787836,  0.86981411, ...,  0.03296071,
          0.05092851,  0.        ]],

       [[ 0.        ,  0.46858883,  0.65032536, ...,  0.95146977,
          0.92879877,  0.93357472],
        [-0.46858883,  0.        ,  0.21854186, ...,  0.69633941,
          0.64686432,  0.65680102],
        [-0.65032536, -0.21854186,  0.        , ...,  0.52265694,
          0.46456689,  0.47613001],
        ...,
        [-0.95146977, -0.69633941, -0.52265694, ...,  0.        ,
         -0.0667693 , -0.05369005],
        [-0.92879877, -0.64686432, -0.46456689, ...,  0.0667693 ,
          0.        ,  0.01310277],
        [-0.93357472, -0.65680102, -0.47613001, ...,  0.05369005,
         -0.01310277,  0.        ]],

       [[ 0.        ,  0.2222376 ,  0.30732065, ...,  0.82690142,
          0.83525816,  0.85584729],
        [-0.2222376 ,  0.        ,  0.0881527 , ...,  0.93119734,
          0.93656959,  0.94939236],
        [-0.30732065, -0.0881527 ,  0.        , ...,  0.95970519,
          0.96381941,  0.97338446],
        ...,
        [-0.82690142, -0.93119734, -0.95970519, ...,  0.        ,
         -0.0150265 , -0.05358602],
        [-0.83525816, -0.93656959, -0.96381941, ...,  0.0150265 ,
          0.        , -0.03857507],
        [-0.85584729, -0.94939236, -0.97338446, ...,  0.05358602,
          0.03857507,  0.        ]]]), 'num': array([8.30077082e-01, 5.57639098e-01, 5.60571984e-05, 1.58855967e-04,
       1.62778337e-04, 1.56894783e-04, 3.23389565e-03, 1.96118478e-06,
       1.58398358e-04, 1.64976498e-04, 1.75030294e-04, 1.48050224e-06,
       1.75285668e-04, 1.54667329e-04])}
{'img': array([[[ 0.        ,  0.4772126 ,  0.9026845 , ...,  0.51937661,
          0.51937661,  0.62350648],
        [-0.4772126 ,  0.        ,  0.58792217, ...,  0.04862202,
          0.04862202,  0.17483645],
        [-0.9026845 , -0.58792217,  0.        , ..., -0.5478956 ,
         -0.5478956 , -0.43743842],
        ...,
        [-0.51937661, -0.04862202,  0.5478956 , ...,  0.        ,
          0.        ,  0.12675655],
        [-0.51937661, -0.04862202,  0.5478956 , ...,  0.        ,
          0.        ,  0.12675655],
        [-0.62350648, -0.17483645,  0.43743842, ..., -0.12675655,
         -0.12675655,  0.        ]],

       [[ 0.        , -0.67274956, -0.16318357, ..., -0.98440247,
         -0.99096252, -0.99988289],
        [ 0.67274956,  0.        ,  0.54299717, ..., -0.6099725 ,
         -0.64294172, -0.7294881 ],
        [ 0.16318357, -0.54299717,  0.        , ..., -0.94249819,
         -0.9557901 , -0.98398288],
        ...,
        [ 0.98440247,  0.6099725 ,  0.94249819, ...,  0.        ,
         -0.04229439, -0.16084561],
        [ 0.99096252,  0.64294172,  0.9557901 , ...,  0.04229439,
          0.        , -0.11895798],
        [ 0.99988289,  0.7294881 ,  0.98398288, ...,  0.16084561,
          0.11895798,  0.        ]],

       [[ 0.        ,  0.5566339 ,  0.79352651, ...,  0.76015442,
          0.69963957,  0.66331041],
        [-0.5566339 ,  0.        ,  0.32049683, ...,  0.26983562,
          0.18351844,  0.13449653],
        [-0.79352651, -0.32049683,  0.        , ..., -0.05300677,
         -0.14121583, -0.19018304],
        ...,
        [-0.76015442, -0.26983562,  0.05300677, ...,  0.        ,
         -0.08854172, -0.13787634],
        [-0.69963957, -0.18351844,  0.14121583, ...,  0.08854172,
          0.        , -0.04963873],
        [-0.66331041, -0.13449653,  0.19018304, ...,  0.13787634,
          0.04963873,  0.        ]],

       ...,

       [[ 0.        ,  0.07421332,  0.40704922, ..., -0.99628926,
         -0.99970174, -0.99683811],
        [-0.07421332,  0.        ,  0.33813983, ..., -0.99992928,
         -0.99875739, -0.99998616],
        [-0.40704922, -0.33813983,  0.        , ..., -0.94505076,
         -0.92307476, -0.94286198],
        ...,
        [ 0.99628926,  0.99992928,  0.94505076, ...,  0.        ,
         -0.06171103, -0.00663152],
        [ 0.99970174,  0.99875739,  0.92307476, ...,  0.06171103,
          0.        ,  0.05509079],
        [ 0.99683811,  0.99998616,  0.94286198, ...,  0.00663152,
         -0.05509079,  0.        ]],

       [[ 0.        ,  0.4955514 ,  0.75141292, ...,  0.8902748 ,
          0.89678488,  0.89115109],
        [-0.4955514 ,  0.        ,  0.32568039, ...,  0.54758778,
          0.55966312,  0.54919981],
        [-0.75141292, -0.32568039,  0.        , ...,  0.24522076,
          0.25925232,  0.2470892 ],
        ...,
        [-0.8902748 , -0.54758778, -0.24522076, ...,  0.        ,
          0.01450007,  0.00192776],
        [-0.89678488, -0.55966312, -0.25925232, ..., -0.01450007,
          0.        , -0.01257249],
        [-0.89115109, -0.54919981, -0.2470892 , ..., -0.00192776,
          0.01257249,  0.        ]],

       [[ 0.        ,  0.21634327,  0.23887627, ...,  0.83898259,
          0.85951191,  0.87088827],
        [-0.21634327,  0.        ,  0.02313891, ...,  0.93683825,
          0.94973285,  0.95659196],
        [-0.23887627, -0.02313891,  0.        , ...,  0.94468055,
          0.95672247,  0.96307923],
        ...,
        [-0.83898259, -0.93683825, -0.94468055, ...,  0.        ,
         -0.03889333, -0.06155702],
        [-0.85951191, -0.94973285, -0.95672247, ...,  0.03889333,
          0.        , -0.02269088],
        [-0.87088827, -0.95659196, -0.96307923, ...,  0.06155702,
          0.02269088,  0.        ]]]), 'num': array([7.24730889e-01, 6.89023164e-01, 7.12729045e-06, 1.42830901e-04,
       1.42830901e-04, 1.39979984e-04, 3.47178870e-03, 4.27637427e-06,
       1.39381292e-04, 1.43942758e-04, 1.52818610e-04, 1.15133153e-06,
       1.52899173e-04, 1.34986343e-04])}
{'img': array([[[ 0.00000000e+00,  8.52589860e-01,  7.10966571e-01, ...,
          2.25714267e-01,  4.42488470e-01,  7.10966571e-01],
        [-8.52589860e-01,  0.00000000e+00, -2.28025822e-01, ...,
         -7.12633634e-01, -5.33344674e-01, -2.28025822e-01],
        [-7.10966571e-01,  2.28025822e-01,  0.00000000e+00, ...,
         -5.33890949e-01, -3.26407162e-01,  0.00000000e+00],
        ...,
        [-2.25714267e-01,  7.12633634e-01,  5.33890949e-01, ...,
          0.00000000e+00,  2.28654683e-01,  5.33890949e-01],
        [-4.42488470e-01,  5.33344674e-01,  3.26407162e-01, ...,
         -2.28654683e-01,  0.00000000e+00,  3.26407162e-01],
        [-7.10966571e-01,  2.28025822e-01,  0.00000000e+00, ...,
