state_0,state_1,state_2,state_3,state_4,state_5,state_6,state_7,state_8,state_9,state_10,state_11,state_12,state_13,state_14,state_15,state_16,state_17,state_18,state_19,state_20,state_21,state_22,state_23,state_24,state_25,state_26,state_27,state_28,state_29,state_30,state_31,state_32,state_33,state_34,state_35,state_36,state_37,state_38,state_39,state_40,state_41,state_42,state_43,state_44,state_45,state_46,state_47,state_48,state_49,state_50,state_51,state_52,state_53,state_54,state_55,state_56,state_57,state_58,state_59,state_60,state_61,state_62,state_63,state_64,state_65,state_66,state_67,state_68,state_69,state_70,state_71,state_72,state_73,state_74,state_75,state_76,state_77,state_78,state_79,state_80,state_81,state_82,state_83,state_84,state_85,state_86,state_87,state_88,state_89,state_90,state_91,state_92,state_93,state_94,state_95,state_96,state_97,state_98,state_99,state_100,state_101,state_102,state_103,state_104,state_105,state_106,state_107,state_108,state_109,state_110,state_111,state_112,state_113,state_114,state_115,state_116,state_117,state_118,state_119,state_120,state_121,state_122,state_123,state_124,state_125,state_126,state_127,state_128,state_129,state_130,state_131,state_132,state_133,state_134,state_135,state_136,state_137,state_138,state_139,state_140,state_141,state_142,state_143,state_144,state_145,state_146,state_147,state_148,state_149,state_150,state_151,state_152,state_153,state_154,state_155,state_156,state_157,state_158,state_159,state_160,state_161,state_162,state_163,state_164,state_165,state_166,state_167,state_168,state_169,state_170,state_171,state_172,state_173,state_174,state_175,state_176,state_177,state_178,state_179,state_180,state_181,state_182,state_183,state_184,state_185,state_186,state_187,state_188,state_189,state_190,state_191,state_192,state_193,state_194,state_195,state_196,state_197,state_198,state_199,state_200,state_201,state_202,state_203,state_204,state_205,state_206,state_207,state_208,state_209,state_210,state_211,state_212,state_213,state_214,state_215,state_216,state_217,state_218,state_219,state_220,state_221,state_222,state_223,state_224,state_225,state_226,state_227,state_228,state_229,state_230,state_231,state_232,state_233,state_234,state_235,state_236,state_237,state_238,state_239,state_240,state_241,state_242,state_243,state_244,state_245,state_246,state_247,state_248,state_249,state_250,state_251,state_252,state_253,state_254,state_255,state_256,state_257,state_258,state_259,state_260,state_261,state_262,state_263,state_264,state_265,state_266,state_267,state_268,state_269,state_270,state_271,state_272,state_273,state_274,state_275,state_276,state_277,state_278,state_279,state_280,state_281,state_282,state_283,state_284,state_285,state_286,state_287
{'img': array([[[ 0.        , -0.08436478, -0.17044709, ...,  0.99784053,
          0.89545934,  0.70510871],
        [ 0.08436478,  0.        , -0.08670919, ...,  0.98874182,
          0.85471255,  0.64277196],
        [ 0.17044709,  0.08670919,  0.        , ...,  0.97204345,
          0.80648254,  0.57392683],
        ...,
        [-0.99784053, -0.98874182, -0.97204345, ...,  0.        ,
          0.38536542,  0.66125415],
        [-0.89545934, -0.85471255, -0.80648254, ..., -0.38536542,
          0.        ,  0.32109509],
        [-0.70510871, -0.64277196, -0.57392683, ..., -0.66125415,
         -0.32109509,  0.        ]],

       [[ 0.        , -0.00804619, -0.13050032, ...,  0.40954288,
          0.67462153,  0.46747728],
        [ 0.00804619,  0.        , -0.12251871, ...,  0.41687009,
          0.6805391 ,  0.47457503],
        [ 0.13050032,  0.12251871,  0.        , ...,  0.52509483,
          0.76518296,  0.57884249],
        ...,
        [-0.40954288, -0.41687009, -0.52509483, ...,  0.        ,
          0.31314133,  0.06443727],
        [-0.67462153, -0.6805391 , -0.76518296, ..., -0.31314133,
          0.        , -0.25129406],
        [-0.46747728, -0.47457503, -0.57884249, ..., -0.06443727,
          0.25129406,  0.        ]],

       [[ 0.        , -0.07447735, -0.1146511 , ...,  0.6946267 ,
          0.57793834,  0.50614782],
        [ 0.07447735,  0.        , -0.04034645, ...,  0.63912071,
          0.51555373,  0.44050935],
        [ 0.1146511 ,  0.04034645,  0.        , ...,  0.6075696 ,
          0.48056279,  0.40392972],
        ...,
        [-0.6946267 , -0.63912071, -0.6075696 , ...,  0.        ,
          0.15111953,  0.23497078],
        [-0.57793834, -0.51555373, -0.48056279, ..., -0.15111953,
          0.        ,  0.0853837 ],
        [-0.50614782, -0.44050935, -0.40392972, ..., -0.23497078,
         -0.0853837 ,  0.        ]],

       ...,

       [[ 0.        ,  0.04008626,  0.08186843, ..., -0.31153997,
         -0.19066567,  0.10364238],
        [-0.04008626,  0.        ,  0.04185093, ..., -0.34938085,
         -0.22986329,  0.06368869],
        [-0.08186843, -0.04185093,  0.        , ..., -0.38828826,
         -0.27039218,  0.02186693],
        ...,
        [ 0.31153997,  0.34938085,  0.38828826, ...,  0.        ,
          0.12464796,  0.40834663],
        [ 0.19066567,  0.22986329,  0.27039218, ..., -0.12464796,
          0.        ,  0.29137993],
        [-0.10364238, -0.06368869, -0.02186693, ..., -0.40834663,
         -0.29137993,  0.        ]],

       [[ 0.        ,  0.01664187,  0.0228051 , ...,  0.62182806,
          0.69549047,  0.80291077],
        [-0.01664187,  0.        ,  0.0061644 , ...,  0.63477509,
          0.70735192,  0.81271978],
        [-0.0228051 , -0.0061644 ,  0.        , ...,  0.63952624,
          0.71169586,  0.81629606],
        ...,
        [-0.62182806, -0.63477509, -0.63952624, ...,  0.        ,
         -0.09787057, -0.25813138],
        [-0.69549047, -0.70735192, -0.71169586, ...,  0.09787057,
          0.        , -0.16233841],
        [-0.80291077, -0.81271978, -0.81629606, ...,  0.25813138,
          0.16233841,  0.        ]],

       [[ 0.        ,  0.00650938,  0.02063407, ...,  0.99943356,
          0.97529065,  0.53968459],
        [-0.00650938,  0.        ,  0.01412563, ...,  0.99919332,
          0.97670807,  0.54515319],
        [-0.02063407, -0.01412563,  0.        , ...,  0.99852636,
          0.9796416 ,  0.55694083],
        ...,
        [-0.99943356, -0.99919332, -0.99852636, ...,  0.        ,
          0.25362263,  0.85955278],
        [-0.97529065, -0.97670807, -0.9796416 , ..., -0.25362263,
          0.        ,  0.70183511],
        [-0.53968459, -0.54515319, -0.55694083, ..., -0.85955278,
         -0.70183511,  0.        ]]]), 'num': array([ 9.83289567e-01,  1.81359635e-01,  1.86930054e-05,  1.03742553e-03,
        1.07974475e-03,  1.03137992e-03,  1.55625920e-02, -3.62736198e-05,
        1.03428181e-03,  1.01439178e-03,  7.98704804e-04,  1.19890274e-06,
        1.09454645e-03,  9.34237109e-04])}
{'img': array([[[ 0.00000000e+00, -8.67091853e-02, -4.76452153e-02, ...,
          8.54712552e-01,  6.42771957e-01,  8.93027737e-01],
        [ 8.67091853e-02,  0.00000000e+00,  3.91449441e-02, ...,
          8.06482543e-01,  5.73926835e-01,  8.50645022e-01],
        [ 4.76452153e-02, -3.91449441e-02,  0.00000000e+00, ...,
          8.29009166e-01,  6.05542997e-01,  8.70573121e-01],
        ...,
        [-8.54712552e-01, -8.06482543e-01, -8.29009166e-01, ...,
          0.00000000e+00,  3.21095086e-01, -7.89500771e-02],
        [-6.42771957e-01, -5.73926835e-01, -6.05542997e-01, ...,
         -3.21095086e-01,  0.00000000e+00, -3.94862241e-01],
        [-8.93027737e-01, -8.50645022e-01, -8.70573121e-01, ...,
          7.89500771e-02,  3.94862241e-01,  0.00000000e+00]],

       [[ 0.00000000e+00, -1.22518711e-01, -1.14992556e-01, ...,
          6.80539100e-01,  4.74575027e-01,  3.04563559e-01],
        [ 1.22518711e-01,  0.00000000e+00,  7.57974013e-03, ...,
          7.65182959e-01,  5.78842489e-01,  4.18967134e-01],
        [ 1.14992556e-01, -7.57974013e-03,  0.00000000e+00, ...,
          7.60281043e-01,  5.72645043e-01,  4.12072684e-01],
        ...,
        [-6.80539100e-01, -7.65182959e-01, -7.60281043e-01, ...,
          0.00000000e+00, -2.51294056e-01, -4.25050755e-01],
        [-4.74575027e-01, -5.78842489e-01, -5.72645043e-01, ...,
          2.51294056e-01,  0.00000000e+00, -1.83947493e-01],
        [-3.04563559e-01, -4.18967134e-01, -4.12072684e-01, ...,
          4.25050755e-01,  1.83947493e-01,  0.00000000e+00]],

       [[ 0.00000000e+00, -4.03464468e-02, -5.25571081e-02, ...,
          5.15553725e-01,  4.40509352e-01,  5.92617241e-01],
        [ 4.03464468e-02,  0.00000000e+00, -1.22236288e-02, ...,
          4.80562790e-01,  4.03929725e-01,  5.59636277e-01],
        [ 5.25571081e-02,  1.22236288e-02,  0.00000000e+00, ...,
          4.69807249e-01,  3.92717493e-01,  5.49464276e-01],
        ...,
        [-5.15553725e-01, -4.80562790e-01, -4.69807249e-01, ...,
          0.00000000e+00,  8.53837026e-02, -9.25180002e-02],
        [-4.40509352e-01, -4.03929725e-01, -3.92717493e-01, ...,
         -8.53837026e-02,  0.00000000e+00, -1.77197631e-01],
        [-5.92617241e-01, -5.59636277e-01, -5.49464276e-01, ...,
          9.25180002e-02,  1.77197631e-01,  0.00000000e+00]],

       ...,

       [[ 0.00000000e+00,  4.18509261e-02,  1.39095727e-02, ...,
         -2.29863292e-01,  6.36886950e-02, -3.41621394e-01],
        [-4.18509261e-02,  0.00000000e+00, -2.79494913e-02, ...,
         -2.70392182e-01,  2.18669342e-02, -3.80655164e-01],
        [-1.39095727e-02,  2.79494913e-02,  0.00000000e+00, ...,
         -2.43378170e-01,  4.98011998e-02, -3.54661085e-01],
        ...,
        [ 2.29863292e-01,  2.70392182e-01,  2.43378170e-01, ...,
          0.00000000e+00,  2.91379925e-01, -1.16439595e-01],
        [-6.36886950e-02, -2.18669342e-02, -4.98011998e-02, ...,
         -2.91379925e-01,  0.00000000e+00, -4.00784873e-01],
        [ 3.41621394e-01,  3.80655164e-01,  3.54661085e-01, ...,
          1.16439595e-01,  4.00784873e-01,  0.00000000e+00]],

       [[ 0.00000000e+00,  6.16439777e-03, -1.16530398e-03, ...,
          7.07351923e-01,  8.12719782e-01,  8.60907683e-01],
        [-6.16439777e-03,  0.00000000e+00, -7.32967542e-03, ...,
          7.11695859e-01,  8.16296056e-01,  8.64027532e-01],
        [ 1.16530398e-03,  7.32967542e-03,  0.00000000e+00, ...,
          7.06527734e-01,  8.12040261e-01,  8.60314237e-01],
        ...,
        [-7.07351923e-01, -7.11695859e-01, -7.06527734e-01, ...,
          0.00000000e+00, -1.62338413e-01, -2.48669329e-01],
        [-8.12719782e-01, -8.16296056e-01, -8.12040261e-01, ...,
          1.62338413e-01,  0.00000000e+00, -8.81316555e-02],
        [-8.60907683e-01, -8.64027532e-01, -8.60314237e-01, ...,
          2.48669329e-01,  8.81316555e-02,  0.00000000e+00]],

       [[ 0.00000000e+00,  1.34917392e-02,  1.35506009e-02, ...,
          9.98275731e-01,  9.04201487e-01,  5.24448374e-01],
        [-1.34917392e-02,  0.00000000e+00,  5.88670771e-05, ...,
          9.98976821e-01,  9.09881594e-01,  5.35888077e-01],
        [-1.35506009e-02, -5.88670771e-05,  0.00000000e+00, ...,
          9.98979481e-01,  9.09906014e-01,  5.35937777e-01],
        ...,
        [-9.98275731e-01, -9.98976821e-01, -9.98979481e-01, ...,
          0.00000000e+00,  3.73294043e-01,  8.19189570e-01],
        [-9.04201487e-01, -9.09881594e-01, -9.09906014e-01, ...,
         -3.73294043e-01,  0.00000000e+00,  5.45880218e-01],
        [-5.24448374e-01, -5.35888077e-01, -5.35937777e-01, ...,
         -8.19189570e-01, -5.45880218e-01,  0.00000000e+00]]]), 'num': array([ 7.07084825e-01,  7.07084825e-01,  0.00000000e+00,  5.10672374e-04,
        5.24175730e-04,  5.08217218e-04,  7.75001795e-03, -1.59585117e-05,
        5.23070909e-04,  5.16718194e-04,  4.08425371e-04,  5.08567954e-07,
        5.53169763e-04,  4.80266625e-04])}
{'img': array([[[ 0.00000000e+00,  3.91449441e-02,  1.60649841e-01, ...,
          5.73926835e-01,  8.50645022e-01,  9.42214490e-01],
        [-3.91449441e-02,  0.00000000e+00,  1.21890201e-01, ...,
          6.05542997e-01,  8.70573121e-01,  9.54606280e-01],
        [-1.60649841e-01, -1.21890201e-01,  0.00000000e+00, ...,
          6.98029577e-01,  9.24056512e-01,  9.83795843e-01],
        ...,
        [-5.73926835e-01, -6.05542997e-01, -6.98029577e-01, ...,
          0.00000000e+00, -3.94862241e-01, -5.79314285e-01],
        [-8.50645022e-01, -8.70573121e-01, -9.24056512e-01, ...,
          3.94862241e-01,  0.00000000e+00, -2.10385507e-01],
        [-9.42214490e-01, -9.54606280e-01, -9.83795843e-01, ...,
          5.79314285e-01,  2.10385507e-01,  0.00000000e+00]],

       [[ 0.00000000e+00,  7.57974013e-03,  2.01514744e-01, ...,
          5.78842489e-01,  4.18967134e-01,  4.10384363e-01],
        [-7.57974013e-03,  0.00000000e+00,  1.94084710e-01, ...,
          5.72645043e-01,  4.12072684e-01,  4.03460513e-01],
        [-2.01514744e-01, -1.94084710e-01,  0.00000000e+00, ...,
          4.02644758e-01,  2.27396555e-01,  2.18201682e-01],
        ...,
        [-5.78842489e-01, -5.72645043e-01, -4.02644758e-01, ...,
          0.00000000e+00, -1.83947493e-01, -1.93210218e-01],
        [-4.18967134e-01, -4.12072684e-01, -2.27396555e-01, ...,
          1.83947493e-01,  0.00000000e+00, -9.43185191e-03],
        [-4.10384363e-01, -4.03460513e-01, -2.18201682e-01, ...,
          1.93210218e-01,  9.43185191e-03,  0.00000000e+00]],

       [[ 0.00000000e+00, -1.22236288e-02, -2.48057339e-02, ...,
          4.03929725e-01,  5.59636277e-01,  6.30585918e-01],
        [ 1.22236288e-02,  0.00000000e+00, -1.25840132e-02, ...,
          3.92717493e-01,  5.49464276e-01,  6.21051810e-01],
        [ 2.48057339e-02,  1.25840132e-02,  0.00000000e+00, ...,
          3.81113394e-01,  5.38906609e-01,  6.11139668e-01],
        ...,
        [-4.03929725e-01, -3.92717493e-01, -3.81113394e-01, ...,
          0.00000000e+00, -1.77197631e-01, -2.63355987e-01],
        [-5.59636277e-01, -5.49464276e-01, -5.38906609e-01, ...,
          1.77197631e-01,  0.00000000e+00, -8.82461271e-02],
        [-6.30585918e-01, -6.21051810e-01, -6.11139668e-01, ...,
          2.63355987e-01,  8.82461271e-02,  0.00000000e+00]],

       ...,

       [[ 0.00000000e+00, -2.79494913e-02,  9.08157104e-03, ...,
          2.18669342e-02, -3.80655164e-01, -6.41702092e-01],
        [ 2.79494913e-02,  0.00000000e+00,  3.70263619e-02, ...,
          4.98011998e-02, -3.54661085e-01, -6.20015429e-01],
        [-9.08157104e-03, -3.70263619e-02,  0.00000000e+00, ...,
          1.27866329e-02, -3.89037350e-01, -6.48640776e-01],
        ...,
        [-2.18669342e-02, -4.98011998e-02, -1.27866329e-02, ...,
          0.00000000e+00, -4.00784873e-01, -6.58319587e-01],
        [ 3.80655164e-01,  3.54661085e-01,  3.89037350e-01, ...,
          4.00784873e-01,  0.00000000e+00, -3.01447876e-01],
        [ 6.41702092e-01,  6.20015429e-01,  6.48640776e-01, ...,
          6.58319587e-01,  3.01447876e-01,  0.00000000e+00]],

       [[ 0.00000000e+00, -7.32967542e-03,  1.58305201e-02, ...,
          8.16296056e-01,  8.64027532e-01,  8.79364155e-01],
        [ 7.32967542e-03,  0.00000000e+00,  2.31588518e-02, ...,
          8.12040261e-01,  8.60314237e-01,  8.75850510e-01],
        [-1.58305201e-02, -2.31588518e-02,  0.00000000e+00, ...,
          8.25338008e-01,  8.71889050e-01,  8.86791662e-01],
        ...,
        [-8.16296056e-01, -8.12040261e-01, -8.25338008e-01, ...,
          0.00000000e+00, -8.81316555e-02, -1.19271167e-01],
        [-8.64027532e-01, -8.60314237e-01, -8.71889050e-01, ...,
          8.81316555e-02,  0.00000000e+00, -3.13045166e-02],
        [-8.79364155e-01, -8.75850510e-01, -8.86791662e-01, ...,
          1.19271167e-01,  3.13045166e-02,  0.00000000e+00]],

       [[ 0.00000000e+00,  5.78526170e-05, -2.95267188e-04, ...,
          9.43408276e-01,  7.91767659e-01,  5.28057918e-01],
        [-5.78526170e-05,  0.00000000e+00, -3.53119802e-04, ...,
          9.43427460e-01,  7.91802995e-01,  5.28107046e-01],
        [ 2.95267188e-04,  3.53119802e-04,  0.00000000e+00, ...,
          9.43310314e-01,  7.91587268e-01,  5.27807152e-01],
        ...,
        [-9.43408276e-01, -9.43427460e-01, -9.43310314e-01, ...,
          0.00000000e+00,  3.13678148e-01,  6.26028460e-01],
        [-7.91767659e-01, -7.91802995e-01, -7.91587268e-01, ...,
         -3.13678148e-01,  0.00000000e+00,  3.49826121e-01],
        [-5.28057918e-01, -5.28107046e-01, -5.27807152e-01, ...,
         -6.26028460e-01, -3.49826121e-01,  0.00000000e+00]]]), 'num': array([7.35683584e-01, 6.77220298e-01, 1.37722700e-06, 5.41326722e-04,
       5.62367690e-04, 5.31762645e-04, 1.18357230e-02, 1.08392865e-05,
       5.47447731e-04, 5.38871942e-04, 4.27620481e-04, 6.31755502e-07,
       5.72616314e-04, 5.05127570e-04])}
{'img': array([[[ 0.00000000e+00,  1.21890201e-01,  1.01666091e-01, ...,
          8.70573121e-01,  9.54606280e-01,  9.06872004e-01],
        [-1.21890201e-01,  0.00000000e+00, -2.03506102e-02, ...,
          9.24056512e-01,  9.83795843e-01,  9.51475279e-01],
        [-1.01666091e-01,  2.03506102e-02,  0.00000000e+00, ...,
          9.16086004e-01,  9.79943395e-01,  9.45015838e-01],
        ...,
        [-8.70573121e-01, -9.24056512e-01, -9.16086004e-01, ...,
          0.00000000e+00, -2.10385507e-01, -7.93515594e-02],
        [-9.54606280e-01, -9.83795843e-01, -9.79943395e-01, ...,
          2.10385507e-01,  0.00000000e+00,  1.32146544e-01],
        [-9.06872004e-01, -9.51475279e-01, -9.45015838e-01, ...,
          7.93515594e-02, -1.32146544e-01,  0.00000000e+00]],

       [[ 0.00000000e+00,  1.94084710e-01,  2.75158571e-01, ...,
          4.12072684e-01,  4.03460513e-01,  5.81401281e-01],
        [-1.94084710e-01,  0.00000000e+00,  8.33335500e-02, ...,
          2.27396555e-01,  2.18201682e-01,  4.12435194e-01],
        [-2.75158571e-01, -8.33335500e-02,  0.00000000e+00, ...,
          1.45455206e-01,  1.36117194e-01,  3.35084849e-01],
        ...,
        [-4.12072684e-01, -2.27396555e-01, -1.45455206e-01, ...,
          0.00000000e+00, -9.43185191e-03,  1.94475024e-01],
        [-4.03460513e-01, -2.18201682e-01, -1.36117194e-01, ...,
          9.43185191e-03,  0.00000000e+00,  2.03718147e-01],
        [-5.81401281e-01, -4.12435194e-01, -3.35084849e-01, ...,
         -1.94475024e-01, -2.03718147e-01,  0.00000000e+00]],

       [[ 0.00000000e+00, -1.25720765e-02, -2.22576525e-02, ...,
          5.65234926e-01,  6.31111765e-01,  3.92374410e-01],
        [ 1.25720765e-02,  0.00000000e+00, -9.68693153e-03, ...,
          5.54819172e-01,  6.21309829e-01,  3.80779534e-01],
        [ 2.22576525e-02,  9.68693153e-03,  0.00000000e+00, ...,
          5.46733894e-01,  6.13690337e-01,  3.71804493e-01],
        ...,
        [-5.65234926e-01, -5.54819172e-01, -5.46733894e-01, ...,
          0.00000000e+00, -8.21748583e-02,  1.96224829e-01],
        [-6.31111765e-01, -6.21309829e-01, -6.13690337e-01, ...,
          8.21748583e-02,  0.00000000e+00,  2.76138473e-01],
        [-3.92374410e-01, -3.80779534e-01, -3.71804493e-01, ...,
         -1.96224829e-01, -2.76138473e-01,  0.00000000e+00]],

       ...,

       [[ 0.00000000e+00,  3.70263619e-02,  6.59333715e-02, ...,
         -3.54661085e-01, -6.20015429e-01, -3.55856827e-01],
        [-3.70263619e-02,  0.00000000e+00,  2.89423668e-02, ...,
         -3.89037350e-01, -6.48640776e-01, -3.90215447e-01],
        [-6.59333715e-02, -2.89423668e-02,  0.00000000e+00, ...,
         -4.15536720e-01, -6.70396931e-01, -4.16699898e-01],
        ...,
        [ 3.54661085e-01,  3.89037350e-01,  4.15536720e-01, ...,
          0.00000000e+00, -3.01447876e-01, -1.27918642e-03],
        [ 6.20015429e-01,  6.48640776e-01,  6.70396931e-01, ...,
          3.01447876e-01,  0.00000000e+00,  3.00227947e-01],
        [ 3.55856827e-01,  3.90215447e-01,  4.16699898e-01, ...,
          1.27918642e-03, -3.00227947e-01,  0.00000000e+00]],

       [[ 0.00000000e+00,  2.31588518e-02,  4.24968008e-02, ...,
          8.60314237e-01,  8.75850510e-01,  8.87163701e-01],
        [-2.31588518e-02,  0.00000000e+00,  1.93474729e-02, ...,
          8.71889050e-01,  8.86791662e-01,  8.97612526e-01],
        [-4.24968008e-02, -1.93474729e-02,  0.00000000e+00, ...,
          8.81200374e-01,  8.95567482e-01,  9.05972594e-01],
        ...,
        [-8.60314237e-01, -8.71889050e-01, -8.81200374e-01, ...,
          0.00000000e+00, -3.13045166e-02, -5.52480173e-02],
        [-8.75850510e-01, -8.86791662e-01, -8.95567482e-01, ...,
          3.13045166e-02,  0.00000000e+00, -2.39642359e-02],
        [-8.87163701e-01, -8.97612526e-01, -9.05972594e-01, ...,
          5.52480173e-02,  2.39642359e-02,  0.00000000e+00]],

       [[ 0.00000000e+00, -3.47260727e-04,  1.46374514e-02, ...,
          8.66068174e-01,  7.82523867e-01,  5.20636237e-01],
        [ 3.47260727e-04,  0.00000000e+00,  1.49846740e-02, ...,
          8.65894517e-01,  7.82307608e-01,  5.20339722e-01],
        [-1.46374514e-02, -1.49846740e-02,  0.00000000e+00, ...,
          8.73293030e-01,  7.91553611e-01,  5.33077602e-01],
        ...,
        [-8.66068174e-01, -8.65894517e-01, -8.73293030e-01, ...,
          0.00000000e+00,  1.48027918e-01,  4.79150932e-01],
        [-7.82523867e-01, -7.82307608e-01, -7.91553611e-01, ...,
         -1.48027918e-01,  0.00000000e+00,  3.43943295e-01],
        [-5.20636237e-01, -5.20339722e-01, -5.33077602e-01, ...,
         -4.79150932e-01, -3.43943295e-01,  0.00000000e+00]]]), 'num': array([ 8.82823314e-01,  4.69540576e-01,  9.87533425e-06,  6.44746862e-04,
        6.75559137e-04,  6.27800110e-04,  1.23043429e-02, -9.24368260e-06,
        6.56917710e-04,  6.51602593e-04,  5.20470684e-04,  8.37514867e-07,
        6.91664179e-04,  6.11541006e-04])}
{'img': array([[[ 0.        , -0.02035061, -0.06322725, ...,  0.98379584,
          0.95147528,  0.97646208],
        [ 0.02035061,  0.        , -0.04290426, ...,  0.97994339,
          0.94501584,  0.97187046],
        [ 0.06322725,  0.04290426,  0.        , ...,  0.97049126,
          0.93011491,  0.96087091],
        ...,
        [-0.98379584, -0.97994339, -0.97049126, ...,  0.        ,
          0.13214654,  0.0371219 ],
        [-0.95147528, -0.94501584, -0.93011491, ..., -0.13214654,
          0.        , -0.09525911],
        [-0.97646208, -0.97187046, -0.96087091, ..., -0.0371219 ,
          0.09525911,  0.        ]],

       [[ 0.        ,  0.08333355,  0.10687789, ...,  0.21820168,
          0.41243519,  0.33430918],
        [-0.08333355,  0.        ,  0.0236499 , ...,  0.13611719,
          0.33508485,  0.25460753],
        [-0.10687789, -0.0236499 ,  0.        , ...,  0.11264933,
          0.31270847,  0.2316658 ],
        ...,
        [-0.21820168, -0.13611719, -0.11264933, ...,  0.        ,
          0.20371815,  0.12060645],
        [-0.41243519, -0.33508485, -0.31270847, ..., -0.20371815,
          0.        , -0.0841538 ],
        [-0.33430918, -0.25460753, -0.2316658 , ..., -0.12060645,
          0.0841538 ,  0.        ]],

       [[ 0.        , -0.00968693, -0.00643223, ...,  0.62130983,
          0.38077953,  0.61066028],
        [ 0.00968693,  0.        ,  0.0032548 , ...,  0.61369034,
          0.37180449,  0.60296062],
        [ 0.00643223, -0.0032548 ,  0.        , ...,  0.6162569 ,
          0.37482399,  0.60555401],
        ...,
        [-0.62130983, -0.61369034, -0.6162569 , ...,  0.        ,
          0.27613847,  0.01351868],
        [-0.38077953, -0.37180449, -0.37482399, ..., -0.27613847,
          0.        , -0.26312019],
        [-0.61066028, -0.60296062, -0.60555401, ..., -0.01351868,
          0.26312019,  0.        ]],

       ...,

       [[ 0.        ,  0.02894237, -0.13500615, ..., -0.64864078,
         -0.39021545, -0.23151601],
        [-0.02894237,  0.        , -0.16362698, ..., -0.67039693,
         -0.4166999 , -0.25957505],
        [ 0.13500615,  0.16362698,  0.        , ..., -0.53994985,
         -0.26233959, -0.09805824],
        ...,
        [ 0.64864078,  0.67039693,  0.53994985, ...,  0.        ,
          0.30022795,  0.45481231],
        [ 0.39021545,  0.4166999 ,  0.26233959, ..., -0.30022795,
          0.        ,  0.16645148],
        [ 0.23151601,  0.25957505,  0.09805824, ..., -0.45481231,
         -0.16645148,  0.        ]],

       [[ 0.        ,  0.01934747,  0.03087533, ...,  0.88679166,
          0.89761253,  0.8981594 ],
        [-0.01934747,  0.        ,  0.0115313 , ...,  0.89556748,
          0.90597259,  0.90649779],
        [-0.03087533, -0.0115313 ,  0.        , ...,  0.90063851,
          0.91079398,  0.91130615],
        ...,
        [-0.88679166, -0.89556748, -0.90063851, ...,  0.        ,
         -0.02396424, -0.02520612],
        [-0.89761253, -0.90597259, -0.91079398, ...,  0.02396424,
          0.        , -0.00124226],
        [-0.8981594 , -0.90649779, -0.91130615, ...,  0.02520612,
          0.00124226,  0.        ]],

       [[ 0.        ,  0.01494269,  0.02664859, ...,  0.79863705,
          0.636419  ,  0.51909644],
        [-0.01494269,  0.        ,  0.01170823, ...,  0.80754059,
          0.64787389,  0.53181023],
        [-0.02664859, -0.01170823,  0.        , ...,  0.8143909 ,
          0.6567482 ,  0.54168906],
        ...,
        [-0.79863705, -0.80754059, -0.8143909 , ...,  0.        ,
          0.23301832,  0.37020864],
        [-0.636419  , -0.64787389, -0.6567482 , ..., -0.23301832,
          0.        ,  0.14355561],
        [-0.51909644, -0.53181023, -0.54168906, ..., -0.37020864,
         -0.14355561,  0.        ]]]), 'num': array([ 9.03168422e-01,  4.29209129e-01,  1.14069625e-05,  6.57363789e-04,
        6.85050591e-04,  6.50244326e-04,  7.93242704e-03, -4.74630895e-06,
        6.65590725e-04,  6.68715378e-04,  5.38218250e-04,  8.38200256e-07,
        7.10160060e-04,  6.27270696e-04])}
{'img': array([[[ 0.        , -0.04290426, -0.01043605, ...,  0.94501584,
          0.97187046,  0.98136676],
        [ 0.04290426,  0.        ,  0.03247549, ...,  0.93011491,
          0.96087091,  0.97221931],
        [ 0.01043605, -0.03247549,  0.        , ...,  0.94155153,
          0.96935968,  0.97930809],
        ...,
        [-0.94501584, -0.93011491, -0.94155153, ...,  0.        ,
         -0.09525911, -0.13935199],
        [-0.97187046, -0.96087091, -0.96935968, ...,  0.09525911,
          0.        , -0.04438863],
        [-0.98136676, -0.97221931, -0.97930809, ...,  0.13935199,
          0.04438863,  0.        ]],

       [[ 0.        ,  0.0236499 , -0.21601219, ...,  0.33508485,
          0.25460753,  0.02797464],
        [-0.0236499 ,  0.        , -0.23904331, ...,  0.31270847,
          0.2316658 ,  0.00432616],
        [ 0.21601219,  0.23904331,  0.        , ...,  0.5306978 ,
          0.4574898 ,  0.24324182],
        ...,
        [-0.33508485, -0.31270847, -0.5306978 , ...,  0.        ,
         -0.0841538 , -0.30859634],
        [-0.25460753, -0.2316658 , -0.4574898 , ...,  0.0841538 ,
          0.        , -0.22745516],
        [-0.02797464, -0.00432616, -0.24324182, ...,  0.30859634,
          0.22745516,  0.        ]],

       [[ 0.        ,  0.0032548 ,  0.03746357, ...,  0.37180449,
          0.60296062,  0.74610008],
        [-0.0032548 ,  0.        ,  0.03421085, ...,  0.37482399,
          0.60555401,  0.74826329],
        [-0.03746357, -0.03421085,  0.        , ...,  0.40632133,
          0.63242469,  0.77052083],
        ...,
        [-0.37180449, -0.37482399, -0.40632133, ...,  0.        ,
         -0.26312019, -0.44505296],
        [-0.60296062, -0.60555401, -0.63242469, ...,  0.26312019,
          0.        , -0.1937454 ],
        [-0.74610008, -0.74826329, -0.77052083, ...,  0.44505296,
          0.1937454 ,  0.        ]],

       ...,

       [[ 0.        , -0.16362698, -0.04546566, ..., -0.4166999 ,
         -0.25957505, -0.30505249],
        [ 0.16362698,  0.        ,  0.11860489, ..., -0.26233959,
         -0.09805824, -0.14511329],
        [ 0.04546566, -0.11860489,  0.        , ..., -0.3749387 ,
         -0.2153994 , -0.26143847],
        ...,
        [ 0.4166999 ,  0.26233959,  0.3749387 , ...,  0.        ,
          0.16645148,  0.11953195],
        [ 0.25957505,  0.09805824,  0.2153994 , ..., -0.16645148,
          0.        , -0.04739364],
        [ 0.30505249,  0.14511329,  0.26143847, ..., -0.11953195,
          0.04739364,  0.        ]],

       [[ 0.        ,  0.0115313 ,  0.01849738, ...,  0.90597259,
          0.90649779,  0.90701805],
        [-0.0115313 ,  0.        ,  0.00696682, ...,  0.91079398,
          0.91130615,  0.91181348],
        [-0.01849738, -0.00696682,  0.        , ...,  0.9136482 ,
          0.91415248,  0.91465196],
        ...,
        [-0.90597259, -0.91079398, -0.9136482 , ...,  0.        ,
         -0.00124226, -0.00247613],
        [-0.90649779, -0.91130615, -0.91415248, ...,  0.00124226,
          0.        , -0.00123388],
        [-0.90701805, -0.91181348, -0.91465196, ...,  0.00247613,
          0.00123388,  0.        ]],

       [[ 0.        ,  0.01170823,  0.04253289, ...,  0.64787389,
          0.53181023,  0.61987132],
        [-0.01170823,  0.        ,  0.03083234, ...,  0.6567482 ,
          0.54168906,  0.62901632],
        [-0.04253289, -0.03083234,  0.        , ...,  0.67968694,
          0.56734853,  0.65268608],
        ...,
        [-0.64787389, -0.6567482 , -0.67968694, ...,  0.        ,
          0.14355561,  0.0362034 ],
        [-0.53181023, -0.54168906, -0.56734853, ..., -0.14355561,
          0.        , -0.10763309],
        [-0.61987132, -0.62901632, -0.65268608, ..., -0.0362034 ,
          0.10763309,  0.        ]]]), 'num': array([ 8.63821871e-01,  5.03749799e-01,  8.91267505e-06,  6.18680536e-04,
        6.35525798e-04,  6.17914842e-04,  6.69355679e-03, -1.76109558e-05,
        6.36597769e-04,  6.47662044e-04,  5.24308783e-04,  7.41765803e-07,
        6.86513060e-04,  6.08811027e-04])}
