state_0,state_1,state_2,state_3,state_4,state_5,state_6,state_7,state_8,state_9,state_10,state_11,state_12,state_13,state_14,state_15,state_16,state_17,state_18,state_19,state_20,state_21,state_22,state_23,state_24,state_25,state_26,state_27,state_28,state_29,state_30,state_31,state_32,state_33,state_34,state_35,state_36,state_37,state_38,state_39,state_40,state_41,state_42,state_43,state_44,state_45,state_46,state_47,state_48,state_49,state_50,state_51,state_52,state_53,state_54,state_55,state_56,state_57,state_58,state_59,state_60,state_61,state_62,state_63,state_64,state_65,state_66,state_67,state_68,state_69,state_70,state_71,state_72,state_73,state_74,state_75,state_76,state_77,state_78,state_79,state_80,state_81,state_82,state_83,state_84,state_85,state_86,state_87,state_88,state_89,state_90,state_91,state_92,state_93,state_94,state_95,state_96,state_97,state_98,state_99,state_100,state_101,state_102,state_103,state_104,state_105,state_106,state_107,state_108,state_109,state_110,state_111,state_112,state_113,state_114,state_115,state_116,state_117,state_118,state_119,state_120,state_121,state_122,state_123,state_124,state_125,state_126,state_127,state_128,state_129,state_130,state_131,state_132,state_133,state_134,state_135,state_136,state_137,state_138,state_139,state_140,state_141,state_142,state_143,state_144,state_145,state_146,state_147,state_148,state_149,state_150,state_151,state_152,state_153,state_154,state_155,state_156,state_157,state_158,state_159,state_160,state_161,state_162,state_163,state_164,state_165,state_166,state_167,state_168,state_169,state_170,state_171,state_172,state_173,state_174,state_175,state_176,state_177,state_178,state_179,state_180,state_181,state_182,state_183,state_184,state_185,state_186,state_187,state_188,state_189,state_190,state_191,state_192,state_193,state_194,state_195,state_196,state_197,state_198,state_199,state_200,state_201,state_202,state_203,state_204,state_205,state_206,state_207,state_208,state_209,state_210,state_211,state_212,state_213,state_214,state_215,state_216,state_217,state_218,state_219,state_220,state_221,state_222,state_223,state_224,state_225,state_226,state_227,state_228,state_229,state_230,state_231,state_232,state_233,state_234,state_235,state_236,state_237,state_238,state_239,state_240,state_241,state_242,state_243,state_244,state_245,state_246,state_247,state_248,state_249,state_250,state_251,state_252,state_253,state_254,state_255,state_256,state_257,state_258,state_259,state_260,state_261,state_262,state_263,state_264,state_265,state_266,state_267,state_268,state_269,state_270,state_271,state_272,state_273,state_274,state_275,state_276,state_277,state_278,state_279,state_280,state_281,state_282,state_283,state_284,state_285,state_286,state_287
{'img': array([[[ 0.        , -0.5950604 , -0.37658918, ..., -0.60325812,
         -0.5693635 , -0.        ],
        [ 0.5950604 ,  0.        ,  0.24859471, ..., -0.95941513,
         -0.94677737, -0.5950604 ],
        [ 0.37658918, -0.24859471,  0.        , ..., -0.85919368,
         -0.83703582, -0.37658918],
        ...,
        [ 0.60325812,  0.95941513,  0.85919368, ...,  0.        ,
         -0.0418364 , -0.60325812],
        [ 0.5693635 ,  0.94677737,  0.83703582, ...,  0.0418364 ,
          0.        , -0.5693635 ],
        [ 0.        ,  0.5950604 ,  0.37658918, ...,  0.60325812,
          0.5693635 ,  0.        ]],

       [[ 0.        ,  0.10631374,  0.36461212, ...,  0.37574994,
          0.67896625,  0.76347755],
        [-0.10631374,  0.        ,  0.26355068, ...,  0.47214361,
          0.597066  ,  0.69048957],
        [-0.36461212, -0.26355068,  0.        , ...,  0.68777687,
          0.36453878,  0.47544032],
        ...,
        [-0.37574994, -0.47214361, -0.68777687, ...,  0.        ,
         -0.90507648, -0.95020297],
        [-0.67896625, -0.597066  , -0.36453878, ...,  0.90507648,
          0.        ,  0.12202217],
        [-0.76347755, -0.69048957, -0.47544032, ...,  0.95020297,
         -0.12202217,  0.        ]],

       [[ 0.        , -0.43456857, -0.50394946, ..., -0.76882386,
         -0.60953284, -0.        ],
        [ 0.43456857,  0.        , -0.07852513, ..., -0.97032204,
         -0.89347783, -0.43456857],
        [ 0.50394946,  0.07852513,  0.        , ..., -0.98631448,
         -0.9259851 , -0.50394946],
        ...,
        [ 0.76882386,  0.97032204,  0.98631448, ...,  0.        ,
         -0.2197212 , -0.76882386],
        [ 0.60953284,  0.89347783,  0.9259851 , ...,  0.2197212 ,
          0.        , -0.60953284],
        [ 0.        ,  0.43456857,  0.50394946, ...,  0.76882386,
          0.60953284,  0.        ]],

       ...,

       [[ 0.        ,  0.03512902,  0.53371952, ..., -0.83857394,
         -0.7139147 , -0.91660924],
        [-0.03512902,  0.        ,  0.50368284, ..., -0.85719422,
         -0.73807255, -0.93008753],
        [-0.53371952, -0.50368284,  0.        , ..., -0.99991363,
         -0.97745807, -0.98851389],
        ...,
        [ 0.83857394,  0.85719422,  0.99991363, ...,  0.        ,
          0.19826485, -0.16410883],
        [ 0.7139147 ,  0.73807255,  0.97745807, ..., -0.19826485,
          0.        , -0.35642784],
        [ 0.91660924,  0.93008753,  0.98851389, ...,  0.16410883,
          0.35642784,  0.        ]],

       [[ 0.        , -0.32246629, -0.43657627, ..., -0.88850038,
         -0.88305043, -0.89949426],
        [ 0.32246629,  0.        , -0.12314242, ..., -0.98900954,
         -0.98720508, -0.99234016],
        [ 0.43657627,  0.12314242,  0.        , ..., -0.99968901,
         -0.99932724, -0.99999992],
        ...,
        [ 0.88850038,  0.98900954,  0.99968901, ...,  0.        ,
         -0.01174322,  0.02454146],
        [ 0.88305043,  0.98720508,  0.99932724, ...,  0.01174322,
          0.        ,  0.03627945],
        [ 0.89949426,  0.99234016,  0.99999992, ..., -0.02454146,
         -0.03627945,  0.        ]],

       [[ 0.        , -0.33331035, -0.4121262 , ..., -0.73088905,
         -0.56130171, -0.        ],
        [ 0.33331035,  0.        , -0.08487167, ..., -0.91657783,
         -0.80505629, -0.33331035],
        [ 0.4121262 ,  0.08487167,  0.        , ..., -0.94720719,
         -0.8524973 , -0.4121262 ],
        ...,
        [ 0.73088905,  0.91657783,  0.94720719, ...,  0.        ,
         -0.22180567, -0.73088905],
        [ 0.56130171,  0.80505629,  0.8524973 , ...,  0.22180567,
          0.        , -0.56130171],
        [ 0.        ,  0.33331035,  0.4121262 , ...,  0.73088905,
          0.56130171,  0.        ]]]), 'num': array([ 7.13750936e-01,  7.00397723e-01,  3.19454854e-07,  3.42390074e-04,
        3.46076092e-04,  3.38294499e-04,  1.20593388e-03, -4.09557505e-06,
        3.61639277e-04,  4.05728143e-04,  4.36349392e-04,  1.51604159e-07,
        4.73903058e-04,  3.37553227e-04])}
{'img': array([[[ 0.        ,  0.32074138,  0.        , ..., -0.94959003,
         -0.78260592, -0.52083309],
        [-0.32074138,  0.        , -0.32074138, ..., -0.79886952,
         -0.54159125, -0.2195122 ],
        [ 0.        ,  0.32074138,  0.        , ..., -0.94959003,
         -0.78260592, -0.52083309],
        ...,
        [ 0.94959003,  0.79886952,  0.94959003, ...,  0.        ,
         -0.34579375, -0.64734735],
        [ 0.78260592,  0.54159125,  0.78260592, ...,  0.34579375,
          0.        , -0.34385054],
        [ 0.52083309,  0.2195122 ,  0.52083309, ...,  0.64734735,
          0.34385054,  0.        ]],

       [[ 0.        ,  0.26355068, -0.19640408, ...,  0.597066  ,
          0.69048957,  0.220414  ],
        [-0.26355068,  0.        , -0.44787784, ...,  0.36453878,
          0.47544032, -0.04444764],
        [ 0.19640408,  0.44787784,  0.        , ...,  0.74299077,
          0.81910832,  0.40769481],
        ...,
        [-0.597066  , -0.36453878, -0.74299077, ...,  0.        ,
          0.12202217, -0.40556762],
        [-0.69048957, -0.47544032, -0.81910832, ..., -0.12202217,
          0.        , -0.51407317],
        [-0.220414  ,  0.04444764, -0.40769481, ...,  0.40556762,
          0.51407317,  0.        ]],

       [[ 0.        , -0.26231182, -0.4772126 , ..., -0.79490493,
         -0.59548422, -0.        ],
        [ 0.26231182,  0.        , -0.22998568, ..., -0.92622338,
         -0.78536491, -0.26231182],
        [ 0.4772126 ,  0.22998568,  0.        , ..., -0.98809393,
         -0.90668117, -0.4772126 ],
        ...,
        [ 0.79490493,  0.92622338,  0.98809393, ...,  0.        ,
         -0.27729986, -0.79490493],
        [ 0.59548422,  0.78536491,  0.90668117, ...,  0.27729986,
          0.        , -0.59548422],
        [ 0.        ,  0.26231182,  0.4772126 , ...,  0.79490493,
          0.59548422,  0.        ]],

       ...,

       [[ 0.        ,  0.4735009 ,  0.34337268, ..., -0.62156354,
         -0.70961262, -0.95808861],
        [-0.4735009 ,  0.        , -0.14227131, ..., -0.91839246,
         -0.95864703, -0.97952282],
        [-0.34337268,  0.14227131,  0.        , ..., -0.85275772,
         -0.90840528, -0.99820275],
        ...,
        [ 0.62156354,  0.91839246,  0.85275772, ...,  0.        ,
         -0.11793608, -0.57247133],
        [ 0.70961262,  0.95864703,  0.90840528, ...,  0.11793608,
          0.        , -0.47177745],
        [ 0.95808861,  0.97952282,  0.99820275, ...,  0.57247133,
          0.47177745,  0.        ]],

       [[ 0.        , -0.30672285, -0.4180803 , ..., -0.89063764,
         -0.90683742, -0.88828666],
        [ 0.30672285,  0.        , -0.11929822, ..., -0.987179  ,
         -0.99240456, -0.98634482],
        [ 0.4180803 ,  0.11929822,  0.        , ..., -0.99917106,
         -0.99999298, -0.99894843],
        ...,
        [ 0.89063764,  0.987179  ,  0.99917106, ...,  0.        ,
          0.03696497, -0.00514431],
        [ 0.90683742,  0.99240456,  0.99999298, ..., -0.03696497,
          0.        , -0.04210527],
        [ 0.88828666,  0.98634482,  0.99894843, ...,  0.00514431,
          0.04210527,  0.        ]],

       [[ 0.        , -0.24415235, -0.3841218 , ..., -0.72314976,
         -0.51810684, -0.        ],
        [ 0.24415235,  0.        , -0.14707551, ..., -0.86989889,
         -0.7112547 , -0.24415235],
        [ 0.3841218 ,  0.14707551,  0.        , ..., -0.93298104,
         -0.80690443, -0.3841218 ],
        ...,
        [ 0.72314976,  0.86989889,  0.93298104, ...,  0.        ,
         -0.26066962, -0.72314976],
        [ 0.51810684,  0.7112547 ,  0.80690443, ...,  0.26066962,
          0.        , -0.51810684],
        [ 0.        ,  0.24415235,  0.3841218 , ...,  0.72314976,
          0.51810684,  0.        ]]]), 'num': array([ 7.07106139e-01,  7.07106139e-01,  0.00000000e+00,  3.34268357e-04,
        3.39491300e-04,  3.32259532e-04,  8.42573212e-04, -1.60705941e-06,
        3.42946478e-04,  3.91821172e-04,  4.25984576e-04,  1.56501425e-07,
        4.58243911e-04,  3.25398432e-04])}
{'img': array([[[ 0.        , -0.31879711,  0.21820205, ..., -0.59206163,
         -0.42588834, -0.21820205],
        [ 0.31879711,  0.        ,  0.51793217, ..., -0.81808588,
         -0.69210665, -0.51793217],
        [-0.21820205, -0.51793217,  0.        , ..., -0.40194765,
         -0.21820205, -0.        ],
        ...,
        [ 0.59206163,  0.81808588,  0.40194765, ...,  0.        ,
         -0.19246269, -0.40194765],
        [ 0.42588834,  0.69210665,  0.21820205, ...,  0.19246269,
          0.        , -0.21820205],
        [ 0.21820205,  0.51793217,  0.        , ...,  0.40194765,
          0.21820205,  0.        ]],

       [[ 0.        , -0.44787784, -0.35388388, ...,  0.47544032,
         -0.04444764, -0.20226161],
        [ 0.44787784,  0.        ,  0.10248966, ...,  0.81910832,
          0.40769481,  0.25777984],
        [ 0.35388388, -0.10248966,  0.        , ...,  0.7560029 ,
          0.31196274,  0.15739651],
        ...,
        [-0.47544032, -0.81910832, -0.7560029 , ...,  0.        ,
         -0.51407317, -0.64355294],
        [ 0.04444764, -0.40769481, -0.31196274, ...,  0.51407317,
          0.        , -0.15853274],
        [ 0.20226161, -0.25777984, -0.15739651, ...,  0.64355294,
          0.15853274,  0.        ]],

       [[ 0.        , -0.39121602, -0.47873829, ..., -0.77241487,
         -0.57672764, -0.        ],
        [ 0.39121602,  0.        , -0.09711121, ..., -0.959321  ,
         -0.85036044, -0.39121602],
        [ 0.47873829,  0.09711121,  0.        , ..., -0.98220301,
         -0.89744123, -0.47873829],
        ...,
        [ 0.77241487,  0.959321  ,  0.98220301, ...,  0.        ,
         -0.26472361, -0.77241487],
        [ 0.57672764,  0.85036044,  0.89744123, ...,  0.26472361,
          0.        , -0.57672764],
        [ 0.        ,  0.39121602,  0.47873829, ...,  0.77241487,
          0.57672764,  0.        ]],

       ...,

       [[ 0.        , -0.14227131, -0.12527673, ..., -0.95864703,
         -0.97952282, -0.99628101],
        [ 0.14227131,  0.        ,  0.01714809, ..., -0.90840528,
         -0.99820275, -0.97388795],
        [ 0.12527673, -0.01714809,  0.        , ..., -0.91544117,
         -0.99702834, -0.97763787],
        ...,
        [ 0.95864703,  0.90840528,  0.91544117, ...,  0.        ,
         -0.47177745, -0.20093896],
        [ 0.97952282,  0.99820275,  0.99702834, ...,  0.47177745,
          0.        ,  0.28498353],
        [ 0.99628101,  0.97388795,  0.97763787, ...,  0.20093896,
         -0.28498353,  0.        ]],

       [[ 0.        , -0.29486253, -0.52185929, ..., -0.91334186,
         -0.89506475, -0.74965142],
        [ 0.29486253,  0.        , -0.24713022, ..., -0.99280053,
         -0.98675976, -0.91147139],
        [ 0.52185929,  0.24713022,  0.        , ..., -0.99160723,
         -0.99623445, -0.98485997],
        ...,
        [ 0.91334186,  0.99280053,  0.99160723, ...,  0.        ,
         -0.04282754, -0.29922638],
        [ 0.89506475,  0.98675976,  0.99623445, ...,  0.04282754,
          0.        , -0.25808656],
        [ 0.74965142,  0.91147139,  0.98485997, ...,  0.29922638,
          0.25808656,  0.        ]],

       [[ 0.        , -0.29697732, -0.31501378, ..., -0.63507813,
         -0.40804536, -0.        ],
        [ 0.29697732,  0.        , -0.01894445, ..., -0.8358258 ,
         -0.66076511, -0.29697732],
        [ 0.31501378,  0.01894445,  0.        , ..., -0.8460762 ,
         -0.67486609, -0.31501378],
        ...,
        [ 0.63507813,  0.8358258 ,  0.8460762 , ...,  0.        ,
         -0.2646082 , -0.63507813],
        [ 0.40804536,  0.66076511,  0.67486609, ...,  0.2646082 ,
          0.        , -0.40804536],
        [ 0.        ,  0.29697732,  0.31501378, ...,  0.63507813,
          0.40804536,  0.        ]]]), 'num': array([7.07105664e-01, 7.07105664e-01, 0.00000000e+00, 3.37482249e-04,
       3.42303424e-04, 3.34268132e-04, 1.43702352e-03, 3.21411666e-06,
       3.39812483e-04, 3.86397087e-04, 4.23841546e-04, 1.80433195e-07,
       4.51961263e-04, 3.20832910e-04])}
{'img': array([[[ 0.        ,  0.51793217,  0.04846505, ..., -0.69210665,
         -0.51793217, -0.75532678],
        [-0.51793217,  0.        , -0.47586549, ..., -0.21820205,
         -0.        , -0.30669692],
        [-0.04846505,  0.47586549,  0.        , ..., -0.6563115 ,
         -0.47586549, -0.72267769],
        ...,
        [ 0.69210665,  0.21820205,  0.6563115 , ...,  0.        ,
         -0.21820205,  0.09162034],
        [ 0.51793217,  0.        ,  0.47586549, ...,  0.21820205,
          0.        ,  0.30669692],
        [ 0.75532678,  0.30669692,  0.72267769, ..., -0.09162034,
         -0.30669692,  0.        ]],

       [[ 0.        ,  0.10248966,  0.21378961, ...,  0.40769481,
          0.25777984,  0.49823401],
        [-0.10248966,  0.        ,  0.11254374, ...,  0.31196274,
          0.15739651,  0.40674744],
        [-0.21378961, -0.11254374,  0.        , ...,  0.2030536 ,
          0.0452556 ,  0.30135001],
        ...,
        [-0.40769481, -0.31196274, -0.2030536 , ...,  0.        ,
         -0.15853274,  0.1014578 ],
        [-0.25777984, -0.15739651, -0.0452556 , ...,  0.15853274,
          0.        ,  0.25788943],
        [-0.49823401, -0.40674744, -0.30135001, ..., -0.1014578 ,
         -0.25788943,  0.        ]],

       [[ 0.        , -0.29012339, -0.38821549, ..., -0.64437948,
         -0.31022202, -0.        ],
        [ 0.29012339,  0.        , -0.10414943, ..., -0.83852329,
         -0.57268903, -0.29012339],
        [ 0.38821549,  0.10414943,  0.        , ..., -0.89071058,
         -0.65495342, -0.38821549],
        ...,
        [ 0.64437948,  0.83852329,  0.89071058, ...,  0.        ,
         -0.37535986, -0.64437948],
        [ 0.31022202,  0.57268903,  0.65495342, ...,  0.37535986,
          0.        , -0.31022202],
        [ 0.        ,  0.29012339,  0.38821549, ...,  0.64437948,
          0.31022202,  0.        ]],

       ...,

       [[ 0.        ,  0.01714809, -0.02159625, ..., -0.99820275,
         -0.97388795, -0.86284686],
        [-0.01714809,  0.        , -0.03873717, ..., -0.99702834,
         -0.97763787, -0.87138775],
        [ 0.02159625,  0.03873717,  0.        , ..., -0.99926415,
         -0.96875783, -0.85172946],
        ...,
        [ 0.99820275,  0.99702834,  0.99926415, ...,  0.        ,
          0.28498353,  0.55626495],
        [ 0.97388795,  0.97763787,  0.96875783, ..., -0.28498353,
          0.        ,  0.29637525],
        [ 0.86284686,  0.87138775,  0.85172946, ..., -0.55626495,
         -0.29637525,  0.        ]],

       [[ 0.        , -0.44574232, -0.59011457, ..., -0.90123088,
         -0.75636965, -0.50522553],
        [ 0.44574232,  0.        , -0.16839126, ..., -0.99990466,
         -0.96865271, -0.83692834],
        [ 0.59011457,  0.16839126,  0.        , ..., -0.98330108,
         -0.99665214, -0.91713984],
        ...,
        [ 0.90123088,  0.99990466,  0.98330108, ...,  0.        ,
         -0.26177052, -0.5588168 ],
        [ 0.75636965,  0.96865271,  0.99665214, ...,  0.26177052,
          0.        , -0.32224696],
        [ 0.50522553,  0.83692834,  0.91713984, ...,  0.5588168 ,
          0.32224696,  0.        ]],

       [[ 0.        , -0.10688037, -0.23317632, ..., -0.53395823,
         -0.36371977, -0.        ],
        [ 0.10688037,  0.        , -0.1279065 , ..., -0.62126817,
         -0.46119631, -0.10688037],
        [ 0.23317632,  0.1279065 ,  0.        , ..., -0.7163925 ,
         -0.57089935, -0.23317632],
        ...,
        [ 0.53395823,  0.62126817,  0.7163925 , ...,  0.        ,
         -0.18985757, -0.53395823],
        [ 0.36371977,  0.46119631,  0.57089935, ...,  0.18985757,
          0.        , -0.36371977],
        [ 0.        ,  0.10688037,  0.23317632, ...,  0.53395823,
          0.36371977,  0.        ]]]), 'num': array([ 7.07105857e-01,  7.07105857e-01,  0.00000000e+00,  3.36277047e-04,
        3.43107047e-04,  3.36277047e-04,  1.23845573e-03, -1.20529407e-06,
        3.36759164e-04,  3.81475575e-04,  4.21812750e-04,  2.00214963e-07,
        4.46570630e-04,  3.16380519e-04])}
{'img': array([[[ 0.        , -0.47586549, -0.34183761, ..., -0.        ,
         -0.30669692, -0.24358514],
        [ 0.47586549,  0.        ,  0.14654653, ..., -0.47586549,
         -0.72267769, -0.67576972],
        [ 0.34183761, -0.14654653,  0.        , ..., -0.34183761,
         -0.61358471, -0.56045264],
        ...,
        [ 0.        ,  0.47586549,  0.34183761, ...,  0.        ,
          0.30669692,  0.24358514],
        [ 0.30669692,  0.72267769,  0.61358471, ..., -0.30669692,
          0.        , -0.06561296],
        [ 0.24358514,  0.67576972,  0.56045264, ..., -0.24358514,
          0.06561296,  0.        ]],

       [[ 0.        ,  0.11254374, -0.10205469, ...,  0.15739651,
          0.40674744,  0.33386826],
        [-0.11254374,  0.        , -0.21336244, ...,  0.0452556 ,
          0.30135001,  0.22566117],
        [ 0.10205469,  0.21336244,  0.        , ...,  0.25735734,
          0.49785484,  0.42832383],
        ...,
        [-0.15739651, -0.0452556 , -0.25735734, ...,  0.        ,
          0.25788943,  0.1813417 ],
        [-0.40674744, -0.30135001, -0.49785484, ..., -0.25788943,
          0.        , -0.07840595],
        [-0.33386826, -0.22566117, -0.42832383, ..., -0.1813417 ,
          0.07840595,  0.        ]],

       [[ 0.        , -0.26346568, -0.18713406, ..., -0.42997852,
         -0.305941  , -0.        ],
        [ 0.26346568,  0.        ,  0.07828901, ..., -0.65265397,
         -0.54596436, -0.26346568],
        [ 0.18713406, -0.07828901,  0.        , ..., -0.59133464,
         -0.47869744, -0.18713406],
        ...,
        [ 0.42997852,  0.65265397,  0.59133464, ...,  0.        ,
         -0.13314575, -0.42997852],
        [ 0.305941  ,  0.54596436,  0.47869744, ...,  0.13314575,
          0.        , -0.305941  ],
        [ 0.        ,  0.26346568,  0.18713406, ...,  0.42997852,
          0.305941  ,  0.        ]],

       ...,

       [[ 0.        , -0.03873717,  0.01103951, ..., -0.97763787,
         -0.87138775, -0.77644671],
        [ 0.03873717,  0.        ,  0.04976603, ..., -0.96875783,
         -0.85172946, -0.75145244],
        [-0.01103951, -0.04976603,  0.        , ..., -0.97989985,
         -0.87675058, -0.78335631],
        ...,
        [ 0.97763787,  0.96875783,  0.97989985, ...,  0.        ,
          0.29637525,  0.45280742],
        [ 0.87138775,  0.85172946,  0.87675058, ..., -0.29637525,
          0.        ,  0.16821285],
        [ 0.77644671,  0.75145244,  0.78335631, ..., -0.45280742,
         -0.16821285,  0.        ]],

       [[ 0.        , -0.41610255, -0.70644759, ..., -0.80044594,
         -0.57945939, -0.        ],
        [ 0.41610255,  0.        , -0.34788232, ..., -0.97727358,
         -0.86603672, -0.41610255],
        [ 0.70644759,  0.34788232,  0.        , ..., -0.98997609,
         -0.98587686, -0.70644759],
        ...,
        [ 0.80044594,  0.97727358,  0.98997609, ...,  0.        ,
         -0.3050335 , -0.80044594],
        [ 0.57945939,  0.86603672,  0.98587686, ...,  0.3050335 ,
          0.        , -0.57945939],
        [ 0.        ,  0.41610255,  0.70644759, ...,  0.80044594,
          0.57945939,  0.        ]],

       [[ 0.        , -0.20477228, -0.00737922, ..., -0.49530657,
         -0.35417177, -0.        ],
        [ 0.20477228,  0.        ,  0.19754384, ..., -0.66270026,
         -0.53816576, -0.20477228],
        [ 0.00737922, -0.19754384,  0.        , ..., -0.50170355,
         -0.36106303, -0.00737922],
        ...,
        [ 0.49530657,  0.66270026,  0.50170355, ...,  0.        ,
         -0.15552552, -0.49530657],
        [ 0.35417177,  0.53816576,  0.36106303, ...,  0.15552552,
          0.        , -0.35417177],
        [ 0.        ,  0.20477228,  0.00737922, ...,  0.49530657,
          0.35417177,  0.        ]]]), 'num': array([7.09970021e-01, 7.04230148e-01, 1.37153457e-07, 3.37639539e-04,
       3.38042932e-04, 3.32798829e-04, 1.18302118e-03, 0.00000000e+00,
       3.37397504e-04, 3.78523371e-04, 4.21323318e-04, 2.09373280e-07,
       4.43372166e-04, 3.13674576e-04])}
{'img': array([[[ 0.        ,  0.34693764, -0.14889478, ..., -0.62166634,
         -0.56808405, -0.56808405],
        [-0.34693764,  0.        , -0.482717  , ..., -0.31130346,
         -0.24727987, -0.24727987],
        [ 0.14889478,  0.482717  ,  0.        , ..., -0.73136328,
         -0.68428766, -0.68428766],
        ...,
        [ 0.62166634,  0.31130346,  0.73136328, ...,  0.        ,
         -0.06664298, -0.06664298],
        [ 0.56808405,  0.24727987,  0.68428766, ...,  0.06664298,
          0.        ,  0.        ],
        [ 0.56808405,  0.24727987,  0.68428766, ...,  0.06664298,
          0.        ,  0.        ]],

       [[ 0.        , -0.21336244, -0.48772713, ...,  0.30135001,
          0.22566117,  0.20108812],
        [ 0.21336244,  0.        , -0.29023171, ...,  0.49785484,
          0.42832383,  0.40546181],
        [ 0.48772713,  0.29023171,  0.        , ...,  0.72813184,
          0.67214795,  0.65331356],
        ...,
        [-0.30135001, -0.49785484, -0.72813184, ...,  0.        ,
         -0.07840595, -0.10345412],
        [-0.22566117, -0.42832383, -0.67214795, ...,  0.07840595,
          0.        , -0.0251504 ],
        [-0.20108812, -0.40546181, -0.65331356, ...,  0.10345412,
          0.0251504 ,  0.        ]],

       [[ 0.        ,  0.18742728, -0.06867198, ..., -0.51003136,
         -0.33314052, -0.18742728],
        [-0.18742728,  0.        , -0.25443983, ..., -0.33977617,
         -0.15051586, -0.        ],
        [ 0.06867198,  0.25443983,  0.        , ..., -0.56789593,
         -0.39710332, -0.25443983],
        ...,
        [ 0.51003136,  0.33977617,  0.56789593, ...,  0.        ,
         -0.19434418, -0.33977617],
        [ 0.33314052,  0.15051586,  0.39710332, ...,  0.19434418,
          0.        , -0.15051586],
        [ 0.18742728,  0.        ,  0.25443983, ...,  0.33977617,
          0.15051586,  0.        ]],

       ...,

       [[ 0.        ,  0.04976603, -0.01177932, ..., -0.85172946,
         -0.75145244, -0.70886806],
        [-0.04976603,  0.        , -0.06152731, ..., -0.87675058,
         -0.78335631, -0.74309173],
        [ 0.01177932,  0.06152731,  0.        , ..., -0.84549822,
         -0.74362845, -0.70051043],
        ...,
        [ 0.85172946,  0.87675058,  0.84549822, ...,  0.        ,
          0.16821285,  0.22932584],
        [ 0.75145244,  0.78335631,  0.74362845, ..., -0.16821285,
          0.        ,  0.06232818],
        [ 0.70886806,  0.74309173,  0.70051043, ..., -0.22932584,
         -0.06232818,  0.        ]],

       [[ 0.        , -0.36092846, -0.43862797, ..., -0.92888803,
         -0.79854034, -0.34505154],
        [ 0.36092846,  0.        , -0.08470647, ..., -0.99994865,
         -0.96197128, -0.6605544 ],
        [ 0.43862797,  0.08470647,  0.        , ..., -0.99721319,
         -0.98165153, -0.72177611],
        ...,
        [ 0.92888803,  0.99994865,  0.99721319, ...,  0.        ,
         -0.26338812, -0.74404568],
        [ 0.79854034,  0.96197128,  0.98165153, ...,  0.26338812,
          0.        , -0.54179621],
        [ 0.34505154,  0.6605544 ,  0.72177611, ...,  0.74404568,
          0.54179621,  0.        ]],

       [[ 0.        ,  0.20177821, -0.02688143, ..., -0.64146924,
         -0.51414899, -0.20177821],
        [-0.20177821,  0.        , -0.2280338 , ..., -0.47348111,
         -0.33050823, -0.        ],
        [ 0.02688143,  0.2280338 ,  0.        , ..., -0.66185949,
         -0.53701941, -0.2280338 ],
        ...,
        [ 0.64146924,  0.47348111,  0.66185949, ...,  0.        ,
         -0.15575999, -0.47348111],
        [ 0.51414899,  0.33050823,  0.53701941, ...,  0.15575999,
          0.        , -0.33050823],
        [ 0.20177821,  0.        ,  0.2280338 , ...,  0.47348111,
          0.33050823,  0.        ]]]), 'num': array([ 7.08606461e-01,  7.05602388e-01,  7.24746155e-08,  3.33785868e-04,
        3.36201689e-04,  3.28551590e-04,  1.05221868e-03, -3.22109402e-06,
        3.36201689e-04,  3.73284534e-04,  4.18420113e-04,  2.45510215e-07,
        4.37015153e-04,  3.09553914e-04])}
{'img': array([[[ 0.        , -0.48063075, -0.72160242, ..., -0.30989977,
         -0.30989977, -0.        ],
        [ 0.48063075,  0.        , -0.30004545, ..., -0.72872719,
         -0.72872719, -0.48063075],
        [ 0.72160242,  0.30004545,  0.        , ..., -0.90062338,
         -0.90062338, -0.72160242],
        ...,
        [ 0.30989977,  0.72872719,  0.90062338, ...,  0.        ,
          0.        , -0.30989977],
        [ 0.30989977,  0.72872719,  0.90062338, ...,  0.        ,
          0.        , -0.30989977],
        [ 0.        ,  0.48063075,  0.72160242, ...,  0.30989977,
          0.30989977,  0.        ]],

       [[ 0.        , -0.29023171,  0.03413062, ...,  0.42832383,
          0.40546181,  0.35343829],
        [ 0.29023171,  0.        ,  0.32272413, ...,  0.67214795,
          0.65331356,  0.60972456],
        [-0.03413062, -0.32272413,  0.        , ...,  0.39723299,
          0.37402637,  0.32130461],
        ...,
        [-0.42832383, -0.67214795, -0.39723299, ...,  0.        ,
         -0.0251504 , -0.08130311],
        [-0.40546181, -0.65331356, -0.37402637, ...,  0.0251504 ,
          0.        , -0.05621025],
        [-0.35343829, -0.60972456, -0.32130461, ...,  0.08130311,
          0.05621025,  0.        ]],

       [[ 0.        , -0.25388743, -0.38751082, ..., -0.19980261,
         -0.13253502, -0.        ],
        [ 0.25388743,  0.        , -0.14076358, ..., -0.44202391,
         -0.37984006, -0.25388743],
        [ 0.38751082,  0.14076358,  0.        , ..., -0.56388818,
         -0.50627174, -0.38751082],
        ...,
        [ 0.19980261,  0.44202391,  0.56388818, ...,  0.        ,
         -0.06817741, -0.19980261],
        [ 0.13253502,  0.37984006,  0.50627174, ...,  0.06817741,
          0.        , -0.13253502],
        [ 0.        ,  0.25388743,  0.38751082, ...,  0.19980261,
          0.13253502,  0.        ]],

       ...,

       [[ 0.        , -0.06152731, -0.38473935, ..., -0.78335631,
         -0.74309173, -0.56205675],
        [ 0.06152731,  0.        , -0.32721916, ..., -0.74362845,
         -0.70051043, -0.51010273],
        [ 0.38473935,  0.32721916,  0.        , ..., -0.4839141 ,
         -0.42842888, -0.20057518],
        ...,
        [ 0.78335631,  0.74362845,  0.4839141 , ...,  0.        ,
          0.06232818,  0.2985537 ],
        [ 0.74309173,  0.70051043,  0.42842888, ..., -0.06232818,
          0.        ,  0.23848766],
        [ 0.56205675,  0.51010273,  0.20057518, ..., -0.2985537 ,
         -0.23848766,  0.        ]],

       [[ 0.        , -0.08068486,  0.01360883, ..., -0.99733866,
         -0.95441884, -0.63687026],
        [ 0.08068486,  0.        ,  0.09424185, ..., -0.99996958,
         -0.97538917, -0.69699954],
        [-0.01360883, -0.09424185,  0.        , ..., -0.9962541 ,
         -0.95026862, -0.62631927],
        ...,
        [ 0.99733866,  0.99996958,  0.9962541 , ...,  0.        ,
         -0.22809126, -0.72248611],
        [ 0.95441884,  0.97538917,  0.95026862, ...,  0.22809126,
          0.        , -0.54574222],
        [ 0.63687026,  0.69699954,  0.62631927, ...,  0.72248611,
          0.54574222,  0.        ]],

       [[ 0.        , -0.22527887, -0.42775894, ..., -0.4430364 ,
         -0.30816462, -0.        ],
        [ 0.22527887,  0.        , -0.21313515, ..., -0.63361117,
         -0.51455827, -0.22527887],
        [ 0.42775894,  0.21313515,  0.        , ..., -0.78394488,
         -0.68548901, -0.42775894],
        ...,
        [ 0.4430364 ,  0.63361117,  0.78394488, ...,  0.        ,
         -0.14520447, -0.4430364 ],
        [ 0.30816462,  0.51455827,  0.68548901, ...,  0.14520447,
          0.        , -0.30816462],
        [ 0.        ,  0.22527887,  0.42775894, ...,  0.4430364 ,
          0.30816462,  0.        ]]]), 'num': array([ 7.07914132e-01,  7.06294987e-01,  4.02272033e-08,  3.23828987e-04,
        3.29863067e-04,  3.21817627e-04,  1.98926739e-03, -9.65452880e-06,
        3.33724879e-04,  3.67736979e-04,  4.15701215e-04,  8.81692128e-08,
        4.29556270e-04,  3.05917688e-04])}
{'img': array([[[ 0.        , -0.38897102, -0.59418234, ..., -0.78138926,
         -0.72455754, -0.26525206],
        [ 0.38897102,  0.        , -0.23452927, ..., -0.96258985,
         -0.93558302, -0.61940119],
        [ 0.59418234,  0.23452927,  0.        , ..., -0.999291  ,
         -0.99230261, -0.78624848],
        ...,
        [ 0.78138926,  0.96258985,  0.999291  , ...,  0.        ,
         -0.08638893, -0.58787026],
        [ 0.72455754,  0.93558302,  0.99230261, ...,  0.08638893,
          0.        , -0.51578773],
        [ 0.26525206,  0.61940119,  0.78624848, ...,  0.58787026,
          0.51578773,  0.        ]],

       [[ 0.        ,  0.32272413,  0.43554313, ...,  0.65331356,
          0.60972456,  0.84597282],
        [-0.32272413,  0.        ,  0.12173266, ...,  0.37402637,
          0.32130461,  0.6286225 ],
        [-0.43554313, -0.12173266,  0.        , ...,  0.25834763,
          0.20363714,  0.52927461],
        ...,
        [-0.65331356, -0.37402637, -0.25834763, ...,  0.        ,
         -0.05621025,  0.29211161],
        [-0.60972456, -0.32130461, -0.20363714, ...,  0.05621025,
          0.        ,  0.34540837],
        [-0.84597282, -0.6286225 , -0.52927461, ..., -0.29211161,
         -0.34540837,  0.        ]],

       [[ 0.        , -0.29769847, -0.53661262, ..., -0.28949726,
         -0.25856089, -0.        ],
        [ 0.29769847,  0.        , -0.26107605, ..., -0.56132212,
         -0.53441295, -0.29769847],
        [ 0.53661262,  0.26107605,  0.        , ..., -0.75792035,
         -0.73654619, -0.53661262],
        ...,
        [ 0.28949726,  0.56132212,  0.75792035, ...,  0.        ,
         -0.03216389, -0.28949726],
        [ 0.25856089,  0.53441295,  0.73654619, ...,  0.03216389,
          0.        , -0.25856089],
        [ 0.        ,  0.29769847,  0.53661262, ...,  0.28949726,
          0.25856089,  0.        ]],

       ...,

       [[ 0.        , -0.28006741, -0.66626805, ..., -0.5863552 ,
         -0.43198466, -0.98678728],
        [ 0.28006741,  0.        , -0.4307545 , ..., -0.33601971,
         -0.16210932, -0.99267324],
        [ 0.66626805,  0.4307545 ,  0.        , ...,  0.10246084,
          0.27875818, -0.84380899],
        ...,
        [ 0.5863552 ,  0.33601971, -0.10246084, ...,  0.        ,
          0.17889165, -0.89435301],
        [ 0.43198466,  0.16210932, -0.27875818, ..., -0.17889165,
          0.        , -0.95995532],
        [ 0.98678728,  0.99267324,  0.84380899, ...,  0.89435301,
          0.95995532,  0.        ]],

       [[ 0.        ,  0.08912225,  0.25040176, ..., -0.99999059,
         -0.97685387, -0.6685777 ],
        [-0.08912225,  0.        ,  0.16312235, ..., -0.99639799,
         -0.95390273, -0.59964215],
        [-0.25040176, -0.16312235,  0.        , ..., -0.9692193 ,
         -0.89217039, -0.46106882],
        ...,
        [ 0.99999059,  0.99639799,  0.9692193 , ...,  0.        ,
         -0.21814393, -0.746536  ],
        [ 0.97685387,  0.95390273,  0.89217039, ...,  0.21814393,
          0.        , -0.5834159 ],
        [ 0.6685777 ,  0.59964215,  0.46106882, ...,  0.746536  ,
          0.5834159 ,  0.        ]],

       [[ 0.        , -0.36676154, -0.55832647, ..., -0.42321196,
         -0.29916185, -0.        ],
        [ 0.36676154,  0.        , -0.21514629, ..., -0.72601764,
         -0.62827949, -0.36676154],
        [ 0.55832647,  0.21514629,  0.        , ..., -0.8569666 ,
         -0.7809475 , -0.55832647],
        ...,
        [ 0.42321196,  0.72601764,  0.8569666 , ...,  0.        ,
         -0.13278004, -0.42321196],
        [ 0.29916185,  0.62827949,  0.7809475 , ...,  0.13278004,
          0.        , -0.29916185],
        [ 0.        ,  0.36676154,  0.55832647, ...,  0.42321196,
          0.29916185,  0.        ]]]), 'num': array([7.07953583e-01, 7.06256088e-01, 4.02249878e-08, 3.39498897e-04,
       3.40303397e-04, 3.25420151e-04, 1.74302917e-03, 1.56877453e-05,
       3.34028299e-04, 3.63734452e-04, 4.13734112e-04, 1.79489986e-07,
       4.21941483e-04, 3.05527422e-04])}
{'img': array([[[ 0.        , -0.23452927, -0.40939727, ..., -0.93558302,
         -0.61940119, -0.97876915],
        [ 0.23452927,  0.        , -0.18400455, ..., -0.99230261,
         -0.78624848, -0.99954082],
        [ 0.40939727,  0.18400455,  0.        , ..., -0.99814595,
         -0.88652193, -0.97689854],
        ...,
        [ 0.93558302,  0.99230261,  0.99814595, ...,  0.        ,
         -0.51578773,  0.15384756],
        [ 0.61940119,  0.78624848,  0.88652193, ...,  0.51578773,
          0.        ,  0.64145079],
        [ 0.97876915,  0.99954082,  0.97689854, ..., -0.15384756,
         -0.64145079,  0.        ]],

       [[ 0.        ,  0.12793837,  0.18110261, ...,  0.33206557,
          0.64050001,  0.57431579],
        [-0.12793837,  0.        ,  0.05379153, ...,  0.20865802,
          0.53698514,  0.46486146],
        [-0.18110261, -0.05379153,  0.        , ...,  0.15574842,
          0.4908296 ,  0.4165623 ],
        ...,
        [-0.33206557, -0.20865802, -0.15574842, ...,  0.        ,
          0.34914321,  0.26988688],
        [-0.64050001, -0.53698514, -0.4908296 , ..., -0.34914321,
          0.        , -0.08328448],
        [-0.57431579, -0.46486146, -0.4165623 , ..., -0.26988688,
          0.08328448,  0.        ]],

       [[ 0.        , -0.46254091, -0.64347882, ..., -0.26149   ,
         -0.        , -0.10140369],
        [ 0.46254091,  0.        , -0.21644862, ..., -0.67828384,
         -0.46254091, -0.55006098],
        [ 0.64347882,  0.21644862,  0.        , ..., -0.8212509 ,
         -0.64347882, -0.71778278],
        ...,
        [ 0.26149   ,  0.67828384,  0.8212509 , ...,  0.        ,
         -0.26149   , -0.16226664],
        [ 0.        ,  0.46254091,  0.64347882, ...,  0.26149   ,
          0.        ,  0.10140369],
        [ 0.10140369,  0.55006098,  0.71778278, ...,  0.16226664,
         -0.10140369,  0.        ]],

       ...,

       [[ 0.        , -0.4307545 , -0.42465512, ..., -0.16210932,
         -0.99267324, -0.47900787],
        [ 0.4307545 ,  0.        ,  0.00674768, ...,  0.27875818,
         -0.84380899, -0.05416895],
        [ 0.42465512, -0.00674768,  0.        , ...,  0.27227161,
         -0.84741088, -0.06090549],
        ...,
        [ 0.16210932, -0.27875818, -0.27227161, ...,  0.        ,
         -0.95995532, -0.33037066],
        [ 0.99267324,  0.84380899,  0.84741088, ...,  0.95995532,
          0.        ,  0.81350067],
        [ 0.47900787,  0.05416895,  0.06090549, ...,  0.33037066,
         -0.81350067,  0.        ]],

       [[ 0.        ,  0.15493937,  0.34658454, ..., -0.99590748,
         -0.94151963, -0.57439133],
        [-0.15493937,  0.        ,  0.19706315, ..., -0.96987769,
         -0.87794174, -0.44062457],
        [-0.34658454, -0.19706315,  0.        , ..., -0.90285607,
         -0.76637858, -0.25508236],
        ...,
        [ 0.99590748,  0.96987769,  0.90285607, ...,  0.        ,
         -0.25048594, -0.76331813],
        [ 0.94151963,  0.87794174,  0.76637858, ...,  0.25048594,
          0.        , -0.57716411],
        [ 0.57439133,  0.44062457,  0.25508236, ...,  0.76331813,
          0.57716411,  0.        ]],

       [[ 0.        , -0.44416301, -0.63752323, ..., -0.32002957,
         -0.10249488, -0.        ],
        [ 0.44416301,  0.        , -0.22898937, ..., -0.7075326 ,
         -0.53365371, -0.44416301],
        [ 0.63752323,  0.22898937,  0.        , ..., -0.85055506,
         -0.71313097, -0.63752323],
        ...,
        [ 0.32002957,  0.7075326 ,  0.85055506, ...,  0.        ,
         -0.22123972, -0.32002957],
        [ 0.10249488,  0.53365371,  0.71313097, ...,  0.22123972,
          0.        , -0.10249488],
        [ 0.        ,  0.44416301,  0.63752323, ...,  0.32002957,
          0.10249488,  0.        ]]]), 'num': array([ 7.07436742e-01,  7.06775105e-01,  1.60786700e-08,  3.30818635e-04,
        3.36044202e-04,  3.28808801e-04,  1.09707177e-03, -8.44130174e-06,
        3.32667682e-04,  3.59438667e-04,  4.11560356e-04,  1.43668724e-07,
        4.14827643e-04,  3.04049691e-04])}
{'img': array([[[ 0.        , -0.18400455, -0.13000783, ..., -0.78624848,
         -0.99954082, -0.98041738],
        [ 0.18400455,  0.        ,  0.0546549 , ..., -0.88652193,
         -0.97689854, -0.99991331],
        [ 0.13000783, -0.0546549 ,  0.        , ..., -0.85990876,
         -0.98711832, -0.9976991 ],
        ...,
        [ 0.78624848,  0.88652193,  0.85990876, ...,  0.        ,
          0.64145079,  0.45097355],
        [ 0.99954082,  0.97689854,  0.98711832, ..., -0.64145079,
          0.        , -0.22654801],
        [ 0.98041738,  0.99991331,  0.9976991 , ..., -0.45097355,
          0.22654801,  0.        ]],

       [[ 0.        ,  0.05379153, -0.00647382, ...,  0.53698514,
          0.46486146,  0.22936076],
