state_0,state_1,state_2,state_3,state_4,state_5,state_6,state_7,state_8,state_9,state_10,state_11,state_12,state_13,state_14,state_15,state_16,state_17,state_18,state_19,state_20,state_21,state_22,state_23,state_24,state_25,state_26,state_27,state_28,state_29,state_30,state_31,state_32,state_33,state_34,state_35,state_36,state_37,state_38,state_39,state_40,state_41,state_42,state_43,state_44,state_45,state_46,state_47,state_48,state_49,state_50,state_51,state_52,state_53,state_54,state_55,state_56,state_57,state_58,state_59,state_60,state_61,state_62,state_63,state_64,state_65,state_66,state_67,state_68,state_69,state_70,state_71,state_72,state_73,state_74,state_75,state_76,state_77,state_78,state_79,state_80,state_81,state_82,state_83,state_84,state_85,state_86,state_87,state_88,state_89,state_90,state_91,state_92,state_93,state_94,state_95,state_96,state_97,state_98,state_99,state_100,state_101,state_102,state_103,state_104,state_105,state_106,state_107,state_108,state_109,state_110,state_111,state_112,state_113,state_114,state_115,state_116,state_117,state_118,state_119,state_120,state_121,state_122,state_123,state_124,state_125,state_126,state_127,state_128,state_129,state_130,state_131,state_132,state_133,state_134,state_135,state_136,state_137,state_138,state_139,state_140,state_141,state_142,state_143,state_144,state_145,state_146,state_147,state_148,state_149,state_150,state_151,state_152,state_153,state_154,state_155,state_156,state_157,state_158,state_159,state_160,state_161,state_162,state_163,state_164,state_165,state_166,state_167,state_168,state_169,state_170,state_171,state_172,state_173,state_174,state_175,state_176,state_177,state_178,state_179,state_180,state_181,state_182,state_183,state_184,state_185,state_186,state_187,state_188,state_189,state_190,state_191,state_192,state_193,state_194,state_195,state_196,state_197,state_198,state_199,state_200,state_201,state_202,state_203,state_204,state_205,state_206,state_207,state_208,state_209,state_210,state_211,state_212,state_213,state_214,state_215,state_216,state_217,state_218,state_219,state_220,state_221,state_222,state_223,state_224,state_225,state_226,state_227,state_228,state_229,state_230,state_231,state_232,state_233,state_234,state_235,state_236,state_237,state_238,state_239,state_240,state_241,state_242,state_243,state_244,state_245,state_246,state_247,state_248,state_249,state_250,state_251,state_252,state_253,state_254,state_255,state_256,state_257,state_258,state_259,state_260,state_261,state_262,state_263,state_264,state_265,state_266,state_267,state_268,state_269,state_270,state_271,state_272,state_273,state_274,state_275,state_276,state_277,state_278,state_279,state_280,state_281,state_282,state_283,state_284,state_285,state_286,state_287
{'img': array([[[ 0.        ,  0.06212137, -0.04189397, ...,  0.97633027,
          0.9773261 ,  0.98910038],
        [-0.06212137,  0.        , -0.10387988, ...,  0.98788051,
          0.96228494,  0.97804311],
        [ 0.04189397,  0.10387988,  0.        , ...,  0.96641208,
          0.98533869,  0.9944006 ],
        ...,
        [-0.97633027, -0.98788051, -0.96641208, ...,  0.        ,
         -0.41810882, -0.35768516],
        [-0.9773261 , -0.96228494, -0.98533869, ...,  0.41810882,
          0.        ,  0.06552757],
        [-0.98910038, -0.97804311, -0.9944006 , ...,  0.35768516,
         -0.06552757,  0.        ]],

       [[ 0.        , -0.15556938,  0.2460154 , ...,  0.21087867,
          0.03191018, -0.03286385],
        [ 0.15556938,  0.        ,  0.39380826, ...,  0.36038219,
          0.18701183,  0.12302162],
        [-0.2460154 , -0.39380826,  0.        , ..., -0.03608556,
         -0.21496067, -0.27773632],
        ...,
        [-0.21087867, -0.36038219,  0.03608556, ...,  0.        ,
         -0.17957868, -0.24288957],
        [-0.03191018, -0.18701183,  0.21496067, ...,  0.17957868,
          0.        , -0.06474006],
        [ 0.03286385, -0.12302162,  0.27773632, ...,  0.24288957,
          0.06474006,  0.        ]],

       [[ 0.        , -0.00138214, -0.00691454, ...,  0.78916991,
          0.91915535,  0.98050844],
        [ 0.00138214,  0.        , -0.00553242, ...,  0.79001803,
          0.91969889,  0.98023595],
        [ 0.00691454,  0.00553242,  0.        , ...,  0.79339778,
          0.92185698,  0.97912645],
        ...,
        [-0.78916991, -0.79001803, -0.79339778, ...,  0.        ,
          0.25367192,  0.75725742],
        [-0.91915535, -0.91969889, -0.92185698, ..., -0.25367192,
          0.        ,  0.56681044],
        [-0.98050844, -0.98023595, -0.97912645, ..., -0.75725742,
         -0.56681044,  0.        ]],

       ...,

       [[ 0.        , -0.09399723, -0.00710561, ...,  0.93511515,
          0.66666504,  0.6653115 ],
        [ 0.09399723,  0.        ,  0.08692071, ...,  0.96428224,
          0.73377489,  0.73254093],
        [ 0.00710561, -0.08692071,  0.        , ...,  0.93760937,
          0.67194443,  0.67059951],
        ...,
        [-0.93511515, -0.96428224, -0.93760937, ...,  0.        ,
         -0.4607663 , -0.46237594],
        [-0.66666504, -0.73377489, -0.67194443, ...,  0.4607663 ,
          0.        , -0.00181449],
        [-0.6653115 , -0.73254093, -0.67059951, ...,  0.46237594,
          0.00181449,  0.        ]],

       [[ 0.        ,  0.06449993,  0.07686925, ...,  0.92709307,
          0.99924414,  0.78992539],
        [-0.06449993,  0.        ,  0.0124001 , ...,  0.90098601,
          0.9946561 ,  0.82783208],
        [-0.07686925, -0.0124001 ,  0.        , ...,  0.89553698,
          0.9932994 ,  0.83472459],
        ...,
        [-0.92709307, -0.90098601, -0.89553698, ...,  0.        ,
          0.33850866,  0.86458492],
        [-0.99924414, -0.9946561 , -0.9932994 , ..., -0.33850866,
          0.        ,  0.64344654],
        [-0.78992539, -0.82783208, -0.83472459, ..., -0.86458492,
         -0.64344654,  0.        ]],

       [[ 0.        ,  0.45940173,  0.67375518, ...,  0.67543381,
          0.57807727,  0.48227229],
        [-0.45940173,  0.        ,  0.25897158, ...,  0.26116733,
          0.13860121,  0.02592231],
        [-0.67375518, -0.25897158,  0.        , ...,  0.00227399,
         -0.12259924, -0.23384659],
        ...,
        [-0.67543381, -0.26116733, -0.00227399, ...,  0.        ,
         -0.12485576, -0.23605692],
        [-0.57807727, -0.13860121,  0.12259924, ...,  0.12485576,
          0.        , -0.11288252],
        [-0.48227229, -0.02592231,  0.23384659, ...,  0.23605692,
          0.11288252,  0.        ]]]), 'num': array([9.99993032e-01, 1.25118246e-03, 3.78311307e-07, 1.29538502e-03,
       1.29931043e-03, 1.28115541e-03, 8.67495795e-05, 1.42296082e-05,
       1.27585611e-03, 1.19545882e-03, 1.18843398e-03, 4.31700646e-08,
       1.31104749e-03, 1.07987015e-03])}
{'img': array([[[ 0.        , -0.10055168, -0.18246224, ...,  0.92278338,
          0.9394867 ,  0.98211845],
        [ 0.10055168,  0.        , -0.08267379, ...,  0.95685105,
          0.96917277,  0.95821064],
        [ 0.18246224,  0.08267379,  0.        , ...,  0.97759868,
          0.9862243 ,  0.93128041],
        ...,
        [-0.92278338, -0.95685105, -0.97759868, ...,  0.        ,
          0.04587012,  0.55215598],
        [-0.9394867 , -0.96917277, -0.9862243 , ..., -0.04587012,
          0.        ,  0.51333099],
        [-0.98211845, -0.95821064, -0.93128041, ..., -0.55215598,
         -0.51333099,  0.        ]],

       [[ 0.        ,  0.39380826, -0.22279762, ...,  0.18701183,
          0.12302162,  0.06824032],
        [-0.39380826,  0.        , -0.5887037 , ..., -0.21496067,
         -0.27773632, -0.33016426],
        [ 0.22279762,  0.5887037 ,  0.        , ...,  0.40117818,
          0.34103468,  0.28880334],
        ...,
        [-0.18701183,  0.21496067, -0.40117818, ...,  0.        ,
         -0.06474006, -0.11953949],
        [-0.12302162,  0.27773632, -0.34103468, ...,  0.06474006,
          0.        , -0.05501288],
        [-0.06824032,  0.33016426, -0.28880334, ...,  0.11953949,
          0.05501288,  0.        ]],

       [[ 0.        , -0.00517913, -0.0745008 , ...,  0.84855154,
          0.95448096,  0.96548404],
        [ 0.00517913,  0.        , -0.06933506, ...,  0.8512805 ,
          0.95601295,  0.96412213],
        [ 0.0745008 ,  0.06933506,  0.        , ...,  0.88561269,
          0.97404991,  0.94339627],
        ...,
        [-0.84855154, -0.8512805 , -0.88561269, ...,  0.        ,
          0.25192901,  0.73186551],
        [-0.95448096, -0.95601295, -0.97404991, ..., -0.25192901,
          0.        ,  0.53658293],
        [-0.96548404, -0.96412213, -0.94339627, ..., -0.73186551,
         -0.53658293,  0.        ]],

       ...,

       [[ 0.        ,  0.08692071, -0.00293289, ...,  0.73377489,
          0.73254093,  0.75759367],
        [-0.08692071,  0.        , -0.08984212, ...,  0.67194443,
          0.67059951,  0.69799091],
        [ 0.00293289,  0.08984212,  0.        , ...,  0.73576431,
          0.73453426,  0.75950478],
        ...,
        [-0.73377489, -0.67194443, -0.73576431, ...,  0.        ,
         -0.00181449,  0.03574931],
        [-0.73254093, -0.67059951, -0.73453426, ...,  0.00181449,
          0.        ,  0.03756258],
        [-0.75759367, -0.69799091, -0.75950478, ..., -0.03574931,
         -0.03756258,  0.        ]],

       [[ 0.        ,  0.01149454,  0.03420624, ...,  0.95160667,
          0.99958295,  0.79194765],
        [-0.01149454,  0.        ,  0.02271617, ...,  0.94801131,
          0.99918498,  0.79891377],
        [-0.03420624, -0.02271617,  0.        , ...,  0.94053757,
          0.99801019,  0.81237015],
        ...,
        [-0.95160667, -0.94801131, -0.94053757, ...,  0.        ,
          0.27971025,  0.82442084],
        [-0.99958295, -0.99918498, -0.99801019, ..., -0.27971025,
          0.        ,  0.633204  ],
        [-0.79194765, -0.79891377, -0.81237015, ..., -0.82442084,
         -0.633204  ,  0.        ]],

       [[ 0.        ,  0.33134336,  0.39710251, ...,  0.18938598,
          0.0391887 , -0.30347995],
        [-0.33134336,  0.        ,  0.07057187, ..., -0.14665934,
         -0.2941139 , -0.60205294],
        [-0.39710251, -0.07057187,  0.        , ..., -0.21610245,
         -0.36083109, -0.65690038],
        ...,
        [-0.18938598,  0.14665934,  0.21610245, ...,  0.        ,
         -0.15076101, -0.47844192],
        [-0.0391887 ,  0.2941139 ,  0.36083109, ...,  0.15076101,
          0.        , -0.3405873 ],
        [ 0.30347995,  0.60205294,  0.65690038, ...,  0.47844192,
          0.3405873 ,  0.        ]]]), 'num': array([7.46776762e-01, 6.62600242e-01, 3.17647242e-08, 2.10441298e-02,
       2.12823652e-02, 2.08297179e-02, 2.21120598e-03, 7.94118104e-05,
       2.08551297e-02, 1.94662171e-02, 1.92672905e-02, 7.39080216e-07,
       2.14478821e-02, 1.74845520e-02])}
{'img': array([[[ 0.        , -0.08119249, -0.1382966 , ...,  0.95168619,
          0.99999742,  0.95295792],
        [ 0.08119249,  0.        , -0.0574277 , ...,  0.97347611,
          0.99688021,  0.92520202],
        [ 0.1382966 ,  0.0574277 ,  0.        , ...,  0.98500836,
          0.99070229,  0.90188275],
        ...,
        [-0.95168619, -0.97347611, -0.98500836, ...,  0.        ,
          0.30491079,  0.58108555],
        [-0.99999742, -0.99688021, -0.99070229, ..., -0.30491079,
          0.        ,  0.30526543],
        [-0.95295792, -0.92520202, -0.90188275, ..., -0.58108555,
         -0.30526543,  0.        ]],

       [[ 0.        , -0.5887037 , -0.43634372, ..., -0.27773632,
         -0.33016426,  0.20010425],
        [ 0.5887037 ,  0.        ,  0.17698589, ...,  0.34103468,
          0.28880334,  0.738551  ],
        [ 0.43634372, -0.17698589,  0.        , ...,  0.16927519,
          0.11479987,  0.60756831],
        ...,
        [ 0.27773632, -0.34103468, -0.16927519, ...,  0.        ,
         -0.05501288,  0.46435062],
        [ 0.33016426, -0.28880334, -0.11479987, ...,  0.05501288,
          0.        ,  0.51236966],
        [-0.20010425, -0.738551  , -0.60756831, ..., -0.46435062,
         -0.51236966,  0.        ]],

       [[ 0.        , -0.06537342, -0.14764607, ...,  0.89540358,
          0.97393776,  0.94720658],
        [ 0.06537342,  0.        , -0.08267329, ...,  0.92259607,
          0.98668208,  0.9242201 ],
        [ 0.14764607,  0.08267329,  0.        , ...,  0.95133041,
          0.99675206,  0.88948658],
        ...,
        [-0.89540358, -0.92259607, -0.95133041, ...,  0.        ,
          0.23055976,  0.7088367 ],
        [-0.97393776, -0.98668208, -0.99675206, ..., -0.23055976,
          0.        ,  0.5271088 ],
        [-0.94720658, -0.9242201 , -0.88948658, ..., -0.7088367 ,
         -0.5271088 ,  0.        ]],

       ...,

       [[ 0.        , -0.08756003, -0.13084456, ...,  0.63786877,
          0.6624244 ,  0.9462715 ],
        [ 0.08756003,  0.        , -0.04353475, ...,  0.70285279,
          0.72547393,  0.97095167],
        [ 0.13084456,  0.04353475,  0.        , ...,  0.73315423,
          0.7547489 ,  0.98044794],
        ...,
        [-0.63786877, -0.70285279, -0.73315423, ...,  0.        ,
          0.03231705,  0.52249666],
        [-0.6624244 , -0.72547393, -0.7547489 , ..., -0.03231705,
          0.        ,  0.49466889],
        [-0.9462715 , -0.97095167, -0.98044794, ..., -0.52249666,
         -0.49466889,  0.        ]],

       [[ 0.        ,  0.02136453,  0.03223829, ...,  0.97470206,
          0.99759256,  0.76923037],
        [-0.02136453,  0.        ,  0.0108775 , ...,  0.96970444,
          0.99884644,  0.78270613],
        [-0.03223829, -0.0108775 ,  0.        , ...,  0.9669899 ,
          0.99930967,  0.78942989],
        ...,
        [-0.97470206, -0.96970444, -0.9669899 , ...,  0.        ,
          0.29056334,  0.79473614],
        [-0.99759256, -0.99884644, -0.99930967, ..., -0.29056334,
          0.        ,  0.58408896],
        [-0.76923037, -0.78270613, -0.78942989, ..., -0.79473614,
         -0.58408896,  0.        ]],

       [[ 0.        ,  0.07057187,  0.139399  , ..., -0.2941139 ,
         -0.60205294, -0.47391348],
        [-0.07057187,  0.        ,  0.06916861, ..., -0.36083109,
         -0.65690038, -0.53487544],
        [-0.139399  , -0.06916861,  0.        , ..., -0.42447569,
         -0.70747866, -0.5920371 ],
        ...,
        [ 0.2941139 ,  0.36083109,  0.42447569, ...,  0.        ,
         -0.3405873 , -0.19396417],
        [ 0.60205294,  0.65690038,  0.70747866, ...,  0.3405873 ,
          0.        ,  0.15175146],
        [ 0.47391348,  0.53487544,  0.5920371 , ...,  0.19396417,
         -0.15175146,  0.        ]]]), 'num': array([8.85879879e-01, 4.58897150e-01, 1.59262487e-07, 2.51166311e-02,
       2.51447362e-02, 2.48262112e-02, 1.74309982e-03, 2.90419830e-04,
       2.47100433e-02, 2.31408394e-02, 2.27775023e-02, 8.71095131e-07,
       2.55681283e-02, 2.07135505e-02])}
{'img': array([[[ 0.        , -0.05462743,  0.08650621, ...,  0.98431259,
          0.99546616,  0.90649236],
        [ 0.05462743,  0.        ,  0.14079969, ...,  0.99248093,
          0.9991757 ,  0.88207388],
        [-0.08650621, -0.14079969,  0.        , ...,  0.96536014,
          0.98350631,  0.93961905],
        ...,
        [-0.98431259, -0.99248093, -0.96536014, ...,  0.        ,
          0.08200916,  0.57553411],
        [-0.99546616, -0.9991757 , -0.98350631, ..., -0.08200916,
          0.        ,  0.5065302 ],
        [-0.90649236, -0.88207388, -0.93961905, ..., -0.57553411,
         -0.5065302 ,  0.        ]],

       [[ 0.        ,  0.17698589,  0.47955852, ...,  0.28880334,
          0.738551  ,  0.34219105],
        [-0.17698589,  0.        ,  0.31668105, ...,  0.11479987,
          0.60756831,  0.17048769],
        [-0.47955852, -0.31668105,  0.        , ..., -0.20569599,
          0.3247686 , -0.15033173],
        ...,
        [-0.28880334, -0.11479987,  0.20569599, ...,  0.        ,
          0.51236966,  0.05624135],
        [-0.738551  , -0.60756831, -0.3247686 , ..., -0.51236966,
          0.        , -0.46326058],
        [-0.34219105, -0.17048769,  0.15033173, ..., -0.05624135,
          0.46326058,  0.        ]],

       [[ 0.        , -0.08082361, -0.0884353 , ...,  0.97003781,
          0.99853121,  0.91583009],
        [ 0.08082361,  0.        , -0.00763905, ...,  0.98650067,
          0.99088544,  0.88037787],
        [ 0.0884353 ,  0.00763905,  0.        , ...,  0.98772284,
          0.98982749,  0.87672919],
        ...,
        [-0.97003781, -0.98650067, -0.98772284, ...,  0.        ,
          0.29515343,  0.61203879],
        [-0.99853121, -0.99088544, -0.98982749, ..., -0.29515343,
          0.        ,  0.35135686],
        [-0.91583009, -0.88037787, -0.87672919, ..., -0.61203879,
         -0.35135686,  0.        ]],

       ...,

       [[ 0.        , -0.04353475, -0.00715568, ...,  0.72547393,
          0.97095167,  0.95279527],
        [ 0.04353475,  0.        ,  0.03638474, ...,  0.7547489 ,
          0.98044794,  0.96510968],
        [ 0.00715568, -0.03638474,  0.        , ...,  0.73038025,
          0.972639  ,  0.95494344],
        ...,
        [-0.72547393, -0.7547489 , -0.73038025, ...,  0.        ,
          0.49466889,  0.43549732],
        [-0.97095167, -0.98044794, -0.972639  , ..., -0.49466889,
          0.        , -0.06681333],
        [-0.95279527, -0.96510968, -0.95494344, ..., -0.43549732,
          0.06681333,  0.        ]],

       [[ 0.        ,  0.01030559,  0.02270919, ...,  0.99041421,
          0.99239871,  0.75623717],
        [-0.01030559,  0.        ,  0.01240505, ...,  0.98893811,
          0.99361426,  0.76293993],
        [-0.02270919, -0.01240505,  0.        , ...,  0.98702199,
          0.99493747,  0.77090071],
        ...,
        [-0.99041421, -0.98893811, -0.98702199, ...,  0.        ,
          0.25896384,  0.75248412],
        [-0.99239871, -0.99361426, -0.99493747, ..., -0.25896384,
          0.        ,  0.55625837],
        [-0.75623717, -0.76293993, -0.77090071, ..., -0.75248412,
         -0.55625837,  0.        ]],

       [[ 0.        ,  0.06916861,  0.22051837, ..., -0.65690038,
         -0.53487544, -0.21752526],
        [-0.06916861,  0.        ,  0.15252435, ..., -0.70747866,
         -0.5920371 , -0.28451663],
        [-0.22051837, -0.15252435,  0.        , ..., -0.80699521,
         -0.70803111, -0.42740839],
        ...,
        [ 0.65690038,  0.70747866,  0.80699521, ...,  0.        ,
          0.15175146,  0.47716157],
        [ 0.53487544,  0.5920371 ,  0.70803111, ..., -0.15175146,
          0.        ,  0.33827387],
        [ 0.21752526,  0.28451663,  0.42740839, ..., -0.47716157,
         -0.33827387,  0.        ]]]), 'num': array([ 8.40500016e-01,  5.37900552e-01,  1.17150393e-07,  2.32768819e-02,
        2.39347264e-02,  2.32318240e-02,  3.07424258e-03, -8.83133730e-04,
        2.37274603e-02,  2.23851872e-02,  2.19433199e-02,  6.67041887e-07,
        2.46539306e-02,  2.01164437e-02])}
{'img': array([[[ 0.        ,  0.14079969,  0.25007706, ...,  0.9991757 ,
          0.88207388,  0.88677029],
        [-0.14079969,  0.        ,  0.11125991, ...,  0.98350631,
          0.93961905,  0.81285729],
        [-0.25007706, -0.11125991,  0.        , ...,  0.95727605,
          0.97186089,  0.74300577],
        ...,
        [-0.9991757 , -0.98350631, -0.95727605, ...,  0.        ,
          0.5065302 , -0.42583134],
        [-0.88207388, -0.93961905, -0.97186089, ..., -0.5065302 ,
          0.        , -0.82547106],
        [-0.88677029, -0.81285729, -0.74300577, ...,  0.42583134,
          0.82547106,  0.        ]],

       [[ 0.        ,  0.31668105,  0.34523186, ...,  0.60756831,
          0.17048769,  0.81444265],
        [-0.31668105,  0.        ,  0.03025281, ...,  0.3247686 ,
         -0.15033173,  0.58877268],
        [-0.34523186, -0.03025281,  0.        , ...,  0.29600703,
         -0.18017193,  0.56404988],
        ...,
        [-0.60756831, -0.3247686 , -0.29600703, ...,  0.        ,
         -0.46326058,  0.29434735],
        [-0.17048769,  0.15033173,  0.18017193, ...,  0.46326058,
          0.        ,  0.70359458],
        [-0.81444265, -0.58877268, -0.56404988, ..., -0.29434735,
         -0.70359458,  0.        ]],

       [[ 0.        , -0.00763905,  0.        , ...,  0.99088544,
          0.88037787,  0.96461587],
        [ 0.00763905,  0.        ,  0.00763905, ...,  0.98982749,
          0.87672919,  0.96257361],
        [ 0.        , -0.00763905,  0.        , ...,  0.99088544,
          0.88037787,  0.96461587],
        ...,
        [-0.99088544, -0.98982749, -0.99088544, ...,  0.        ,
          0.35135686,  0.13131542],
        [-0.88037787, -0.87672919, -0.88037787, ..., -0.35135686,
          0.        , -0.22537137],
        [-0.96461587, -0.96257361, -0.96461587, ..., -0.13131542,
          0.22537137,  0.        ]],

       ...,

       [[ 0.        ,  0.03638474,  0.12093354, ...,  0.98044794,
          0.96510968,  0.33066921],
        [-0.03638474,  0.        ,  0.08473577, ...,  0.972639  ,
          0.95494344,  0.29611228],
        [-0.12093354, -0.08473577,  0.        , ...,  0.9494549 ,
          0.9263604 ,  0.21411166],
        ...,
        [-0.98044794, -0.972639  , -0.9494549 , ...,  0.        ,
         -0.06681333, -0.86022588],
        [-0.96510968, -0.95494344, -0.9263604 , ...,  0.06681333,
          0.        , -0.8242347 ],
        [-0.33066921, -0.29611228, -0.21411166, ...,  0.86022588,
          0.8242347 ,  0.        ]],

       [[ 0.        ,  0.01225872,  0.03014549, ...,  0.99813062,
          0.90773634,  0.75709505],
        [-0.01225872,  0.        ,  0.01789008, ...,  0.99880483,
          0.91281116,  0.76504684],
        [-0.03014549, -0.01789008,  0.        , ...,  0.99951939,
          0.91997106,  0.77644516],
        ...,
        [-0.99813062, -0.99880483, -0.99951939, ...,  0.        ,
          0.3632789 ,  0.60581225],
        [-0.90773634, -0.91281116, -0.91997106, ..., -0.3632789 ,
          0.        ,  0.27539595],
        [-0.75709505, -0.76504684, -0.77644516, ..., -0.60581225,
         -0.27539595,  0.        ]],

       [[ 0.        ,  0.15252435,  0.31628731, ..., -0.5920371 ,
         -0.28451663,  0.10749465],
        [-0.15252435,  0.        ,  0.16789238, ..., -0.70803111,
         -0.42740839, -0.04540364],
        [-0.31628731, -0.16789238,  0.        , ..., -0.81654329,
         -0.57312603, -0.21247839],
        ...,
        [ 0.5920371 ,  0.70803111,  0.81654329, ...,  0.        ,
          0.33827387,  0.67523773],
        [ 0.28451663,  0.42740839,  0.57312603, ..., -0.33827387,
          0.        ,  0.38592006],
        [-0.10749465,  0.04540364,  0.21247839, ..., -0.67523773,
         -0.38592006,  0.        ]]]), 'num': array([7.98235563e-01, 5.99183881e-01, 7.70323846e-08, 2.21168535e-02,
       2.23393915e-02, 2.20398211e-02, 1.84826368e-03, 8.55915384e-06,
       2.24900326e-02, 2.13786265e-02, 2.08750630e-02, 6.05112272e-07,
       2.34500682e-02, 1.93071848e-02])}
{'img': array([[[ 0.        ,  0.11125991,  0.06544   , ...,  0.93961905,
          0.81285729,  0.81598732],
        [-0.11125991,  0.        , -0.04598771, ...,  0.97186089,
          0.74300577,  0.74660514],
        [-0.06544   ,  0.04598771,  0.        , ...,  0.96      ,
          0.77299856,  0.77640936],
        ...,
        [-0.93961905, -0.97186089, -0.96      , ...,  0.        ,
         -0.82547106, -0.82241439],
        [-0.81285729, -0.74300577, -0.77299856, ...,  0.82547106,
          0.        ,  0.00539408],
        [-0.81598732, -0.74660514, -0.77640936, ...,  0.82241439,
         -0.00539408,  0.        ]],

       [[ 0.        ,  0.03025281, -0.29439703, ..., -0.15033173,
          0.58877268,  0.01682888],
        [-0.03025281,  0.        , -0.32317438, ..., -0.18017193,
          0.56404988, -0.01342735],
        [ 0.29439703,  0.32317438,  0.        , ...,  0.14738187,
          0.80064089,  0.31043841],
        ...,
        [ 0.15033173,  0.18017193, -0.14738187, ...,  0.        ,
          0.70359458,  0.16694807],
        [-0.58877268, -0.56404988, -0.80064089, ..., -0.70359458,
          0.        , -0.57508654],
        [-0.01682888,  0.01342735, -0.31043841, ..., -0.16694807,
          0.57508654,  0.        ]],

       [[ 0.        ,  0.00763905,  0.02785565, ...,  0.87672919,
          0.96257361,  0.98629516],
        [-0.00763905,  0.        ,  0.02021875, ...,  0.88037787,
          0.96461587,  0.98752675],
        [-0.02785565, -0.02021875,  0.        , ...,  0.88978711,
          0.96974954,  0.99050835],
        ...,
        [-0.87672919, -0.88037787, -0.88978711, ...,  0.        ,
         -0.22537137, -0.32974056],
        [-0.96257361, -0.96461587, -0.96974954, ...,  0.22537137,
          0.        , -0.10849059],
        [-0.98629516, -0.98752675, -0.99050835, ...,  0.32974056,
          0.10849059,  0.        ]],

       ...,

       [[ 0.        ,  0.08473577, -0.09530796, ...,  0.95494344,
          0.29611228,  0.20244824],
        [-0.08473577,  0.        , -0.17931522, ...,  0.9263604 ,
          0.21411166,  0.11873899],
        [ 0.09530796,  0.17931522,  0.        , ...,  0.97888262,
          0.38579802,  0.29486108],
        ...,
        [-0.95494344, -0.9263604 , -0.97888262, ...,  0.        ,
         -0.8242347 , -0.87508521],
        [-0.29611228, -0.21411166, -0.38579802, ...,  0.8242347 ,
          0.        , -0.09661159],
        [-0.20244824, -0.11873899, -0.29486108, ...,  0.87508521,
          0.09661159,  0.        ]],

       [[ 0.        ,  0.01776507,  0.04356077, ...,  0.93810538,
          0.88196262,  0.76160305],
        [-0.01776507,  0.        ,  0.02580568, ...,  0.94411027,
          0.89019646,  0.7729954 ],
        [-0.04356077, -0.02580568,  0.        , ...,  0.95230218,
          0.90165648,  0.7891094 ],
        ...,
        [-0.93810538, -0.94411027, -0.95230218, ...,  0.        ,
          0.1366795 ,  0.34415221],
        [-0.88196262, -0.89019646, -0.90165648, ..., -0.1366795 ,
          0.        ,  0.21259218],
        [-0.76160305, -0.7729954 , -0.7891094 , ..., -0.34415221,
         -0.21259218,  0.        ]],

       [[ 0.        ,  0.16789238,  0.23566342, ..., -0.42740839,
         -0.04540364,  0.27201678],
        [-0.16789238,  0.        ,  0.06915461, ..., -0.57312603,
         -0.21247839,  0.106594  ],
        [-0.23566342, -0.06915461,  0.        , ..., -0.62842388,
         -0.27954523,  0.0375782 ],
        ...,
        [ 0.42740839,  0.57312603,  0.62842388, ...,  0.        ,
          0.38592006,  0.65721102],
        [ 0.04540364,  0.21247839,  0.27954523, ..., -0.38592006,
          0.        ,  0.31542784],
        [-0.27201678, -0.106594  , -0.0375782 , ..., -0.65721102,
         -0.31542784,  0.        ]]]), 'num': array([ 8.71003129e-01,  4.86617128e-01,  1.49975030e-07,  2.40241251e-02,
        2.45865315e-02,  2.40241251e-02,  2.25439653e-03, -1.96842227e-04,
        2.44852983e-02,  2.35282702e-02,  2.28897827e-02,  5.95434362e-07,
        2.56699720e-02,  2.13865683e-02])}
{'img': array([[[ 0.00000000e+00, -4.59877145e-02,  1.34975839e-01, ...,
          7.43005771e-01,  7.46605138e-01,  6.69388695e-01],
        [ 4.59877145e-02,  0.00000000e+00,  1.80399911e-01, ...,
          7.72998563e-01,  7.76409363e-01,  7.02845327e-01],
        [-1.34975839e-01, -1.80399911e-01,  0.00000000e+00, ...,
          6.45869138e-01,  6.49977841e-01,  5.62987826e-01],
        ...,
        [-7.43005771e-01, -7.72998563e-01, -6.45869138e-01, ...,
          0.00000000e+00,  5.39407895e-03, -1.03976353e-01],
        [-7.46605138e-01, -7.76409363e-01, -6.49977841e-01, ...,
         -5.39407895e-03,  0.00000000e+00, -1.09339682e-01],
        [-6.69388695e-01, -7.02845327e-01, -5.62987826e-01, ...,
          1.03976353e-01,  1.09339682e-01,  0.00000000e+00]],

       [[ 0.00000000e+00, -3.23174377e-01, -1.38816626e-02, ...,
          5.64049881e-01, -1.34273523e-02,  1.13787895e-01],
        [ 3.23174377e-01,  0.00000000e+00,  3.10006473e-01, ...,
          8.00640887e-01,  3.10438410e-01,  4.28757353e-01],
        [ 1.38816626e-02, -3.10006473e-01,  0.00000000e+00, ...,
          5.75458186e-01,  4.54352683e-04,  1.27568433e-01],
        ...,
        [-5.64049881e-01, -8.00640887e-01, -5.75458186e-01, ...,
          0.00000000e+00, -5.75086543e-01, -4.66427116e-01],
        [ 1.34273523e-02, -3.10438410e-01, -4.54352683e-04, ...,
          5.75086543e-01,  0.00000000e+00,  1.27117780e-01],
        [-1.13787895e-01, -4.28757353e-01, -1.27568433e-01, ...,
          4.66427116e-01, -1.27117780e-01,  0.00000000e+00]],

       [[ 0.00000000e+00,  2.02187511e-02,  1.08621342e-01, ...,
          9.64615866e-01,  9.87526752e-01,  9.98969218e-01],
        [-2.02187511e-02,  0.00000000e+00,  8.85000170e-02, ...,
          9.69749541e-01,  9.90508350e-01,  9.97847224e-01],
        [-1.08621342e-01, -8.85000170e-02,  0.00000000e+00, ...,
          9.87547453e-01,  9.98786324e-01,  9.88127893e-01],
        ...,
        [-9.64615866e-01, -9.69749541e-01, -9.87547453e-01, ...,
          0.00000000e+00, -1.08490589e-01, -3.07174102e-01],
        [-9.87526752e-01, -9.90508350e-01, -9.98786324e-01, ...,
          1.08490589e-01,  0.00000000e+00, -2.02115569e-01],
        [-9.98969218e-01, -9.97847224e-01, -9.88127893e-01, ...,
          3.07174102e-01,  2.02115569e-01,  0.00000000e+00]],

       ...,

       [[ 0.00000000e+00, -1.79315216e-01, -3.10676891e-01, ...,
          2.14111664e-01,  1.18738991e-01, -7.70200374e-02],
        [ 1.79315216e-01,  0.00000000e+00, -1.35199431e-01, ...,
          3.85798023e-01,  2.94861081e-01,  1.03010897e-01],
        [ 3.10676891e-01,  1.35199431e-01,  0.00000000e+00, ...,
          5.06988516e-01,  4.21342269e-01,  2.36545294e-01],
        ...,
        [-2.14111664e-01, -3.85798023e-01, -5.06988516e-01, ...,
          0.00000000e+00, -9.66115941e-02, -2.88709536e-01],
        [-1.18738991e-01, -2.94861081e-01, -4.21342269e-01, ...,
          9.66115941e-02,  0.00000000e+00, -1.94861441e-01],
        [ 7.70200374e-02, -1.03010897e-01, -2.36545294e-01, ...,
          2.88709536e-01,  1.94861441e-01,  0.00000000e+00]],

       [[ 0.00000000e+00,  2.58056830e-02,  6.25151224e-02, ...,
          8.90196460e-01,  7.72995402e-01,  8.41645496e-01],
        [-2.58056830e-02,  0.00000000e+00,  3.67390960e-02, ...,
          9.01656477e-01,  7.89109402e-01,  8.55301063e-01],
        [-6.25151224e-02, -3.67390960e-02,  0.00000000e+00, ...,
          9.16935693e-01,  8.11143756e-01,  8.73759320e-01],
        ...,
        [-8.90196460e-01, -9.01656477e-01, -9.16935693e-01, ...,
          0.00000000e+00,  2.12592176e-01,  9.72989718e-02],
        [-7.72995402e-01, -7.89109402e-01, -8.11143756e-01, ...,
         -2.12592176e-01,  0.00000000e+00, -1.16508652e-01],
        [-8.41645496e-01, -8.55301063e-01, -8.73759320e-01, ...,
         -9.72989718e-02,  1.16508652e-01,  0.00000000e+00]],

       [[ 0.00000000e+00,  6.91546103e-02,  2.09127174e-01, ...,
         -2.12478392e-01,  1.06594005e-01,  4.08615026e-01],
        [-6.91546103e-02,  0.00000000e+00,  1.41001019e-01, ...,
         -2.79545227e-01,  3.75782033e-02,  3.44518898e-01],
        [-2.09127174e-01, -1.41001019e-01,  0.00000000e+00, ...,
         -4.12132081e-01, -1.03698653e-01,  2.08708115e-01],
        ...,
        [ 2.12478392e-01,  2.79545227e-01,  4.12132081e-01, ...,
          0.00000000e+00,  3.15427836e-01,  5.93215095e-01],
        [-1.06594005e-01, -3.75782033e-02,  1.03698653e-01, ...,
         -3.15427836e-01,  0.00000000e+00,  3.08997918e-01],
        [-4.08615026e-01, -3.44518898e-01, -2.08708115e-01, ...,
         -5.93215095e-01, -3.08997918e-01,  0.00000000e+00]]]), 'num': array([7.97858073e-01, 5.99677505e-01, 7.72935132e-08, 2.20200631e-02,
       2.21660619e-02, 2.18311234e-02, 2.21736195e-03, 8.58816813e-06,
       2.22862963e-02, 2.16602188e-02, 2.09952084e-02, 5.15756836e-07,
       2.34877915e-02, 1.98326462e-02])}
{'img': array([[[ 0.00000000e+00,  1.80399911e-01,  2.54300427e-01, ...,
          7.76409363e-01,  7.02845327e-01,  7.06435177e-01],
        [-1.80399911e-01,  0.00000000e+00,  7.56588944e-02, ...,
          6.49977841e-01,  5.62987826e-01,  5.67161897e-01],
        [-2.54300427e-01, -7.56588944e-02,  0.00000000e+00, ...,
          5.90617632e-01,  4.98844724e-01,  5.03223129e-01],
        ...,
        [-7.76409363e-01, -6.49977841e-01, -5.90617632e-01, ...,
          0.00000000e+00, -1.09339682e-01, -1.04309387e-01],
        [-7.02845327e-01, -5.62987826e-01, -4.98844724e-01, ...,
          1.09339682e-01,  0.00000000e+00,  5.05922813e-03],
        [-7.06435177e-01, -5.67161897e-01, -5.03223129e-01, ...,
          1.04309387e-01, -5.05922813e-03,  0.00000000e+00]],

       [[ 0.00000000e+00,  3.10006473e-01,  1.95074635e-01, ...,
          3.10438410e-01,  4.28757353e-01,  5.06531050e-01],
        [-3.10006473e-01,  0.00000000e+00, -1.18586578e-01, ...,
          4.54352683e-04,  1.27568433e-01,  2.14282203e-01],
        [-1.95074635e-01,  1.18586578e-01,  0.00000000e+00, ...,
          1.19037713e-01,  2.44285973e-01,  3.28602192e-01],
        ...,
        [-3.10438410e-01, -4.54352683e-04, -1.19037713e-01, ...,
          0.00000000e+00,  1.27117780e-01,  2.13838382e-01],
        [-4.28757353e-01, -1.27568433e-01, -2.44285973e-01, ...,
         -1.27117780e-01,  0.00000000e+00,  8.79262209e-02],
        [-5.06531050e-01, -2.14282203e-01, -3.28602192e-01, ...,
         -2.13838382e-01, -8.79262209e-02,  0.00000000e+00]],

       [[ 0.00000000e+00,  8.85000170e-02,  2.05299211e-01, ...,
          9.90508350e-01,  9.97847224e-01,  9.73466258e-01],
        [-8.85000170e-02,  0.00000000e+00,  1.17878753e-01, ...,
          9.98786324e-01,  9.88127893e-01,  9.49395035e-01],
        [-2.05299211e-01, -1.17878753e-01,  0.00000000e+00, ...,
          9.97628689e-01,  9.63128529e-01,  9.05751960e-01],
        ...,
        [-9.90508350e-01, -9.98786324e-01, -9.97628689e-01, ...,
          0.00000000e+00, -2.02115569e-01, -3.60464057e-01],
        [-9.97847224e-01, -9.88127893e-01, -9.63128529e-01, ...,
          2.02115569e-01,  0.00000000e+00, -1.64496717e-01],
        [-9.73466258e-01, -9.49395035e-01, -9.05751960e-01, ...,
          3.60464057e-01,  1.64496717e-01,  0.00000000e+00]],

       ...,

       [[ 0.00000000e+00, -1.35199431e-01,  9.92346642e-02, ...,
          2.94861081e-01,  1.03010897e-01,  1.21508900e-02],
        [ 1.35199431e-01,  0.00000000e+00,  2.32855627e-01, ...,
          4.21342269e-01,  2.36545294e-01,  1.47228776e-01],
        [-9.92346642e-02, -2.32855627e-01,  0.00000000e+00, ...,
          1.98582960e-01,  3.79568310e-03, -8.71364242e-02],
        ...,
        [-2.94861081e-01, -4.21342269e-01, -1.98582960e-01, ...,
          0.00000000e+00, -1.94861441e-01, -2.83228650e-01],
        [-1.03010897e-01, -2.36545294e-01, -3.79568310e-03, ...,
          1.94861441e-01,  0.00000000e+00, -9.09170423e-02],
        [-1.21508900e-02, -1.47228776e-01,  8.71364242e-02, ...,
          2.83228650e-01,  9.09170423e-02,  0.00000000e+00]],

       [[ 0.00000000e+00,  3.67390960e-02,  7.61497211e-02, ...,
          7.89109402e-01,  8.55301063e-01,  9.11535015e-01],
        [-3.67390960e-02,  0.00000000e+00,  3.94658917e-02, ...,
          8.11143756e-01,  8.73759320e-01,  9.26027572e-01],
        [-7.61497211e-02, -3.94658917e-02,  0.00000000e+00, ...,
          8.33593310e-01,  8.92273164e-01,  9.40202753e-01],
        ...,
        [-7.89109402e-01, -8.11143756e-01, -8.33593310e-01, ...,
          0.00000000e+00, -1.16508652e-01, -2.35413309e-01],
        [-8.55301063e-01, -8.73759320e-01, -8.92273164e-01, ...,
          1.16508652e-01,  0.00000000e+00, -1.20575852e-01],
        [-9.11535015e-01, -9.26027572e-01, -9.40202753e-01, ...,
          2.35413309e-01,  1.20575852e-01,  0.00000000e+00]],

       [[ 0.00000000e+00,  1.41001019e-01,  2.86603934e-01, ...,
          3.75782033e-02,  3.44518898e-01,  6.31787296e-01],
        [-1.41001019e-01,  0.00000000e+00,  1.48654696e-01, ...,
         -1.03698653e-01,  2.08708115e-01,  5.16179610e-01],
        [-2.86603934e-01, -1.48654696e-01,  0.00000000e+00, ...,
         -2.50399737e-01,  6.10081745e-02,  3.83124596e-01],
        ...,
        [-3.75782033e-02,  1.03698653e-01,  2.50399737e-01, ...,
          0.00000000e+00,  3.08997918e-01,  6.02212622e-01],
        [-3.44518898e-01, -2.08708115e-01, -6.10081745e-02, ...,
         -3.08997918e-01,  0.00000000e+00,  3.26057889e-01],
        [-6.31787296e-01, -5.16179610e-01, -3.83124596e-01, ...,
         -6.02212622e-01, -3.26057889e-01,  0.00000000e+00]]]), 'num': array([7.78584677e-01, 6.24577141e-01, 5.83361882e-08, 2.20010767e-02,
       2.23510938e-02, 2.20010767e-02, 3.42013404e-03, 6.33364329e-04,
       2.15577217e-02, 2.11593688e-02, 2.04075265e-02, 5.70304407e-07,
       2.27674397e-02, 1.95512979e-02])}
{'img': array([[[ 0.        ,  0.07565889,  0.26875799, ...,  0.56298783,
          0.5671619 ,  0.8723263 ],
        [-0.07565889,  0.        ,  0.19511243, ...,  0.49884472,
          0.50322313,  0.83283454],
        [-0.26875799, -0.19511243,  0.        , ...,  0.32015511,
          0.32494395,  0.70882916],
        ...,
        [-0.56298783, -0.49884472, -0.32015511, ...,  0.        ,
          0.00505923,  0.44568897],
        [-0.5671619 , -0.50322313, -0.32494395, ..., -0.00505923,
          0.        ,  0.4411543 ],
        [-0.8723263 , -0.83283454, -0.70882916, ..., -0.44568897,
         -0.4411543 ,  0.        ]],

       [[ 0.        , -0.11858658, -0.14518723, ...,  0.12756843,
          0.2142822 ,  0.81917709],
        [ 0.11858658,  0.        , -0.02683269, ...,  0.24428597,
          0.32860219,  0.88141097],
        [ 0.14518723,  0.02683269,  0.        , ...,  0.27021776,
          0.3538265 ,  0.89376803],
        ...,
        [-0.12756843, -0.24428597, -0.27021776, ...,  0.        ,
          0.08792622,  0.73931854],
        [-0.2142822 , -0.32860219, -0.3538265 , ..., -0.08792622,
          0.        ,  0.67724952],
        [-0.81917709, -0.88141097, -0.89376803, ..., -0.73931854,
         -0.67724952,  0.        ]],

       [[ 0.        ,  0.11787875,  0.24695676, ...,  0.98812789,
          0.94939503,  0.92581676],
        [-0.11787875,  0.        ,  0.13100734, ...,  0.96312853,
          0.90575196,  0.87480701],
        [-0.24695676, -0.13100734,  0.        , ...,  0.91958127,
          0.84242366,  0.80379807],
        ...,
        [-0.98812789, -0.96312853, -0.91958127, ...,  0.        ,
         -0.16449672, -0.23124881],
        [-0.94939503, -0.90575196, -0.84242366, ...,  0.16449672,
          0.        , -0.06806068],
        [-0.92581676, -0.87480701, -0.80379807, ...,  0.23124881,
          0.06806068,  0.        ]],

       ...,

       [[ 0.        ,  0.23285563,  0.29489763, ...,  0.23654529,
          0.14722878,  0.36299622],
        [-0.23285563,  0.        ,  0.06429101, ...,  0.00379568,
         -0.08713642,  0.13604524],
        [-0.29489763, -0.06429101,  0.        , ..., -0.06050272,
         -0.15100263,  0.07207052],
        ...,
        [-0.23654529, -0.00379568,  0.06050272, ...,  0.        ,
         -0.09091704,  0.13228387],
        [-0.14722878,  0.08713642,  0.15100263, ...,  0.09091704,
          0.        ,  0.22185407],
        [-0.36299622, -0.13604524, -0.07207052, ..., -0.13228387,
         -0.22185407,  0.        ]],

       [[ 0.        ,  0.03946589,  0.12039437, ...,  0.87375932,
          0.92602757,  0.94822505],
        [-0.03946589,  0.        ,  0.08112175, ...,  0.89227316,
          0.94020275,  0.96002064],
        [-0.12039437, -0.08112175,  0.        , ...,  0.92595855,
          0.96473534,  0.97956495],
        ...,
        [-0.87375932, -0.89227316, -0.92595855, ...,  0.        ,
         -0.12057585, -0.18367212],
        [-0.92602757, -0.94020275, -0.96473534, ...,  0.12057585,
          0.        , -0.06380751],
