state_0,state_1,state_2,state_3,state_4,state_5,state_6,state_7,state_8,state_9,state_10,state_11,state_12,state_13,state_14,state_15,state_16,state_17,state_18,state_19,state_20,state_21,state_22,state_23,state_24,state_25,state_26,state_27,state_28,state_29,state_30,state_31,state_32,state_33,state_34,state_35,state_36,state_37,state_38,state_39,state_40,state_41,state_42,state_43,state_44,state_45,state_46,state_47,state_48,state_49,state_50,state_51,state_52,state_53,state_54,state_55,state_56,state_57,state_58,state_59,state_60,state_61,state_62,state_63,state_64,state_65,state_66,state_67,state_68,state_69,state_70,state_71,state_72,state_73,state_74,state_75,state_76,state_77,state_78,state_79,state_80,state_81,state_82,state_83,state_84,state_85,state_86,state_87,state_88,state_89,state_90,state_91,state_92,state_93,state_94,state_95,state_96,state_97,state_98,state_99,state_100,state_101,state_102,state_103,state_104,state_105,state_106,state_107,state_108,state_109,state_110,state_111,state_112,state_113,state_114,state_115,state_116,state_117,state_118,state_119,state_120,state_121,state_122,state_123,state_124,state_125,state_126,state_127,state_128,state_129,state_130,state_131,state_132,state_133,state_134,state_135,state_136,state_137,state_138,state_139,state_140,state_141,state_142,state_143,state_144,state_145,state_146,state_147,state_148,state_149,state_150,state_151,state_152,state_153,state_154,state_155,state_156,state_157,state_158,state_159,state_160,state_161,state_162,state_163,state_164,state_165,state_166,state_167,state_168,state_169,state_170,state_171,state_172,state_173,state_174,state_175,state_176,state_177,state_178,state_179,state_180,state_181,state_182,state_183,state_184,state_185,state_186,state_187,state_188,state_189,state_190,state_191,state_192,state_193,state_194,state_195,state_196,state_197,state_198,state_199,state_200,state_201,state_202,state_203,state_204,state_205,state_206,state_207,state_208,state_209,state_210,state_211,state_212,state_213,state_214,state_215,state_216,state_217,state_218,state_219,state_220,state_221,state_222,state_223,state_224,state_225,state_226,state_227,state_228,state_229,state_230,state_231,state_232,state_233,state_234,state_235,state_236,state_237,state_238,state_239,state_240,state_241,state_242,state_243,state_244,state_245,state_246,state_247,state_248,state_249,state_250,state_251,state_252,state_253,state_254,state_255,state_256,state_257,state_258,state_259,state_260,state_261,state_262,state_263,state_264,state_265,state_266,state_267,state_268,state_269,state_270,state_271,state_272,state_273,state_274,state_275,state_276,state_277,state_278,state_279,state_280,state_281,state_282,state_283,state_284,state_285,state_286,state_287
{'img': array([[[ 0.        ,  0.59629556,  0.28196201, ...,  0.84222187,
          0.89219488,  0.56577247],
        [-0.59629556,  0.        , -0.34575197, ...,  0.99758769,
          0.98554007,  0.94586463],
        [-0.28196201,  0.34575197,  0.        , ...,  0.96006368,
          0.9833429 ,  0.77531157],
        ...,
        [-0.84222187, -0.99758769, -0.96006368, ...,  0.        ,
         -0.10061996,  0.38943812],
        [-0.89219488, -0.98554007, -0.9833429 , ...,  0.10061996,
          0.        ,  0.48013797],
        [-0.56577247, -0.94586463, -0.77531157, ..., -0.38943812,
         -0.48013797,  0.        ]],

       [[ 0.        ,  0.96805949,  0.4603159 , ...,  0.31999432,
          0.20670986,  0.62022068],
        [-0.96805949,  0.        , -0.74398915, ..., -0.83692923,
         -0.8953252 , -0.60387026],
        [-0.4603159 ,  0.74398915,  0.        , ..., -0.15203562,
         -0.26686639,  0.18951973],
        ...,
        [-0.31999432,  0.83692923,  0.15203562, ...,  0.        ,
         -0.11724224,  0.33659684],
        [-0.20670986,  0.8953252 ,  0.26686639, ...,  0.11724224,
          0.        ,  0.44467646],
        [-0.62022068,  0.60387026, -0.18951973, ..., -0.33659684,
         -0.44467646,  0.        ]],

       [[ 0.        ,  0.55870705,  0.62607617, ...,  0.66591038,
          0.50163502,  0.        ],
        [-0.55870705,  0.        ,  0.08358724, ...,  0.96909601,
          0.89936451,  0.55870705],
        [-0.62607617, -0.08358724,  0.        , ...,  0.98632425,
          0.93276145,  0.62607617],
        ...,
        [-0.66591038, -0.96909601, -0.98632425, ...,  0.        ,
          0.20182968,  0.66591038],
        [-0.50163502, -0.89936451, -0.93276145, ..., -0.20182968,
          0.        ,  0.50163502],
        [-0.        , -0.55870705, -0.62607617, ..., -0.66591038,
         -0.50163502,  0.        ]],

       ...,

       [[ 0.        ,  0.66508299,  0.48986494, ...,  0.97134751,
          0.98419002,  0.49329336],
        [-0.66508299,  0.        , -0.21400207, ...,  0.88343871,
          0.85275973,  0.94690751],
        [-0.48986494,  0.21400207,  0.        , ...,  0.96324224,
          0.94477803,  0.85616772],
        ...,
        [-0.97134751, -0.88343871, -0.96324224, ...,  0.        ,
         -0.06186525,  0.72770136],
        [-0.98419002, -0.85275973, -0.94477803, ...,  0.06186525,
          0.        ,  0.76874046],
        [-0.49329336, -0.94690751, -0.85616772, ..., -0.72770136,
         -0.76874046,  0.        ]],

       [[ 0.        , -0.03794827, -0.15461043, ...,  0.86813793,
          0.9507073 ,  0.97435381],
        [ 0.03794827,  0.        , -0.11700711, ...,  0.88634721,
          0.96178988,  0.96511282],
        [ 0.15461043,  0.11700711,  0.        , ...,  0.93443573,
          0.98721864,  0.92784705],
        ...,
        [-0.86813793, -0.88634721, -0.93443573, ...,  0.        ,
          0.20265729,  0.67894387],
        [-0.9507073 , -0.96178988, -0.98721864, ..., -0.20265729,
          0.        ,  0.5160666 ],
        [-0.97435381, -0.96511282, -0.92784705, ..., -0.67894387,
         -0.5160666 ,  0.        ]],

       [[ 0.        ,  0.00895799,  0.01497991, ...,  0.99987738,
          0.98961031,  0.96765418],
        [-0.00895799,  0.        ,  0.00602233, ...,  0.99997754,
          0.99085854,  0.96987528],
        [-0.01497991, -0.00602233,  0.        , ...,  0.99999977,
          0.99165302,  0.97132474],
        ...,
        [-0.99987738, -0.99997754, -0.99999977, ...,  0.        ,
          0.1282608 ,  0.23709605],
        [-0.98961031, -0.99085854, -0.99165302, ..., -0.1282608 ,
          0.        ,  0.11053415],
        [-0.96765418, -0.96987528, -0.97132474, ..., -0.23709605,
         -0.11053415,  0.        ]]]), 'num': array([ 7.08119638e-01,  7.05955779e-01,  1.90984940e-08,  1.08192969e-03,
        1.13636040e-03,  1.08192969e-03,  1.35709220e-02, -5.72954821e-06,
        1.08040181e-03,  1.01861818e-03,  9.59158202e-04,  7.49167446e-07,
        1.10231034e-03,  9.34926016e-04])}
{'img': array([[[ 0.        , -0.34575197, -0.20181402, ...,  0.98554007,
          0.94586463,  0.99998912],
        [ 0.34575197,  0.        ,  0.1492704 , ...,  0.9833429 ,
          0.77531157,  0.93670279],
        [ 0.20181402, -0.1492704 ,  0.        , ...,  0.99945734,
          0.86090134,  0.97847174],
        ...,
        [-0.98554007, -0.9833429 , -0.99945734, ...,  0.        ,
          0.48013797,  0.17403826],
        [-0.94586463, -0.77531157, -0.86090134, ..., -0.48013797,
          0.        , -0.3201454 ],
        [-0.99998912, -0.93670279, -0.97847174, ..., -0.17403826,
          0.3201454 ,  0.        ]],

       [[ 0.        , -0.74398915, -0.93355964, ..., -0.8953252 ,
         -0.60387026, -0.04558376],
        [ 0.74398915,  0.        , -0.35713466, ..., -0.26686639,
          0.18951973,  0.7127571 ],
        [ 0.93355964,  0.35713466,  0.        , ...,  0.09491532,
          0.52768373,  0.916251  ],
        ...,
        [ 0.8953252 ,  0.26686639, -0.09491532, ...,  0.        ,
          0.44467646,  0.87409092],
        [ 0.60387026, -0.18951973, -0.52768373, ..., -0.44467646,
          0.        ,  0.56690852],
        [ 0.04558376, -0.7127571 , -0.916251  , ..., -0.87409092,
         -0.56690852,  0.        ]],

       [[ 0.        ,  0.0978117 ,  0.19175812, ...,  0.87002964,
          0.62380801,  0.4736976 ],
        [-0.0978117 ,  0.        ,  0.09484209, ...,  0.91407891,
          0.69726424,  0.55756774],
        [-0.19175812, -0.09484209,  0.        , ...,  0.94842046,
          0.76210536,  0.63378581],
        ...,
        [-0.87002964, -0.91407891, -0.94842046, ...,  0.        ,
          0.37245872,  0.53269165],
        [-0.62380801, -0.69726424, -0.76210536, ..., -0.37245872,
          0.        ,  0.17914851],
        [-0.4736976 , -0.55756774, -0.63378581, ..., -0.53269165,
         -0.17914851,  0.        ]],

       ...,

       [[ 0.        , -0.21400207, -0.04375389, ...,  0.85275973,
          0.94690751,  0.97774037],
        [ 0.21400207,  0.        ,  0.17105688, ...,  0.94477803,
          0.85616772,  0.99999084],
        [ 0.04375389, -0.17105688,  0.        , ...,  0.87479588,
          0.93193355,  0.9859844 ],
        ...,
        [-0.85275973, -0.94477803, -0.87479588, ...,  0.        ,
          0.76874046,  0.33175243],
        [-0.94690751, -0.85616772, -0.93193355, ..., -0.76874046,
          0.        , -0.51302811],
        [-0.97774037, -0.99999084, -0.9859844 , ..., -0.33175243,
          0.51302811,  0.        ]],

       [[ 0.        , -0.11233897, -0.18142066, ...,  0.91913521,
          0.98731924,  0.95360505],
        [ 0.11233897,  0.        , -0.06979749, ...,  0.95757209,
          0.99890297,  0.91374785],
        [ 0.18142066,  0.06979749,  0.        , ...,  0.97535195,
          0.9997353 ,  0.88316194],
        ...,
        [-0.91913521, -0.95757209, -0.97535195, ...,  0.        ,
          0.24303648,  0.65238058],
        [-0.98731924, -0.99890297, -0.9997353 , ..., -0.24303648,
          0.        ,  0.44862505],
        [-0.95360505, -0.91374785, -0.88316194, ..., -0.65238058,
         -0.44862505,  0.        ]],

       [[ 0.        ,  0.00602233,  0.01378658, ...,  0.99085854,
          0.96987528,  0.92154455],
        [-0.00602233,  0.        ,  0.00776457, ...,  0.99165302,
          0.97132474,  0.92386615],
        [-0.01378658, -0.00776457,  0.        , ...,  0.99262425,
          0.97314154,  0.92680992],
        ...,
        [-0.99085854, -0.99165302, -0.99262425, ...,  0.        ,
          0.11053415,  0.26040232],
        [-0.96987528, -0.97132474, -0.97314154, ..., -0.11053415,
          0.        ,  0.15208592],
        [-0.92154455, -0.92386615, -0.92680992, ..., -0.26040232,
         -0.15208592,  0.        ]]]), 'num': array([7.54817329e-01, 6.55766467e-01, 8.69630047e-07, 2.15327962e-03,
       2.19487062e-03, 2.12681262e-03, 1.36600543e-02, 1.13430006e-05,
       2.14231472e-03, 2.02406393e-03, 1.90363908e-03, 1.47158247e-06,
       2.19994457e-03, 1.84818330e-03])}
{'img': array([[[ 0.        ,  0.1492704 ,  0.18897542, ...,  0.77531157,
          0.93670279,  0.77531157],
        [-0.1492704 ,  0.        ,  0.0402774 , ...,  0.86090134,
          0.97847174,  0.86090134],
        [-0.18897542, -0.0402774 ,  0.        , ...,  0.88069476,
          0.98599023,  0.88069476],
        ...,
        [-0.77531157, -0.86090134, -0.88069476, ...,  0.        ,
         -0.3201454 ,  0.        ],
        [-0.93670279, -0.97847174, -0.98599023, ...,  0.3201454 ,
          0.        ,  0.3201454 ],
        [-0.77531157, -0.86090134, -0.88069476, ...,  0.        ,
         -0.3201454 ,  0.        ]],

       [[ 0.        , -0.35713466, -0.41072889, ...,  0.18951973,
          0.7127571 , -0.00659299],
        [ 0.35713466,  0.        , -0.0580223 , ...,  0.52768373,
          0.916251  ,  0.35096869],
        [ 0.41072889,  0.0580223 ,  0.        , ...,  0.57608125,
          0.93795138,  0.40470875],
        ...,
        [-0.18951973, -0.52768373, -0.57608125, ...,  0.        ,
          0.56690852, -0.19598912],
        [-0.7127571 , -0.916251  , -0.93795138, ..., -0.56690852,
          0.        , -0.717366  ],
        [ 0.00659299, -0.35096869, -0.40470875, ...,  0.19598912,
          0.717366  ,  0.        ]],

       [[ 0.        ,  0.09436823,  0.18380487, ...,  0.75159442,
          0.70250636,  0.55528021],
        [-0.09436823,  0.        ,  0.09022416, ...,  0.81048802,
          0.76653107,  0.63128479],
        [-0.18380487, -0.09022416,  0.        , ...,  0.8600317 ,
          0.82134737,  0.69868354],
        ...,
        [-0.75159442, -0.81048802, -0.8600317 , ...,  0.        ,
          0.07150169,  0.25879651],
        [-0.70250636, -0.76653107, -0.82134737, ..., -0.07150169,
          0.        ,  0.18906836],
        [-0.55528021, -0.63128479, -0.69868354, ..., -0.25879651,
         -0.18906836,  0.        ]],

       ...,

       [[ 0.        ,  0.17105688,  0.05167292, ...,  0.85616772,
          0.99999084,  0.99916715],
        [-0.17105688,  0.        , -0.11991704, ...,  0.93193355,
          0.9859844 ,  0.97746071],
        [-0.05167292,  0.11991704,  0.        , ...,  0.88172323,
          0.99887612,  0.99572384],
        ...,
        [-0.85616772, -0.93193355, -0.88172323, ...,  0.        ,
         -0.51302811, -0.5512031 ],
        [-0.99999084, -0.9859844 , -0.99887612, ...,  0.51302811,
          0.        , -0.04508136],
        [-0.99916715, -0.97746071, -0.99572384, ...,  0.5512031 ,
          0.04508136,  0.        ]],

       [[ 0.        , -0.06717069, -0.1184335 , ...,  0.97914819,
          0.99986544,  0.89872223],
        [ 0.06717069,  0.        , -0.05146808, ...,  0.99058233,
          0.99870912,  0.86723689],
        [ 0.1184335 ,  0.05146808,  0.        , ...,  0.99631638,
          0.99477118,  0.84046175],
        ...,
        [-0.97914819, -0.99058233, -0.99631638, ...,  0.        ,
          0.18705785,  0.61194744],
        [-0.99986544, -0.99870912, -0.99477118, ..., -0.18705785,
          0.        ,  0.45320214],
        [-0.89872223, -0.86723689, -0.84046175, ..., -0.61194744,
         -0.45320214,  0.        ]],

       [[ 0.        ,  0.00776457,  0.01454015, ...,  0.97132474,
          0.92386615,  0.94912912],
        [-0.00776457,  0.        ,  0.00677596, ...,  0.97314154,
          0.92680992,  0.95154548],
        [-0.01454015, -0.00677596,  0.        , ...,  0.97467908,
          0.92933322,  0.95360729],
        ...,
        [-0.97132474, -0.97314154, -0.97467908, ...,  0.        ,
          0.15208592,  0.08019586],
        [-0.92386615, -0.92680992, -0.92933322, ..., -0.15208592,
          0.        , -0.0723331 ],
        [-0.94912912, -0.95154548, -0.95360729, ..., -0.08019586,
          0.0723331 ,  0.        ]]]), 'num': array([ 7.35067751e-01,  6.77822183e-01,  5.16656754e-07,  2.04448459e-03,
        2.12198310e-03,  2.03525857e-03,  1.41426299e-02, -5.72012835e-05,
        2.08286480e-03,  1.98156317e-03,  1.86279363e-03,  1.37387375e-06,
        2.15405913e-03,  1.80906721e-03])}
{'img': array([[[ 0.        ,  0.0402774 ,  0.22885724, ...,  0.97847174,
          0.86090134,  0.97556107],
        [-0.0402774 ,  0.        ,  0.18946309, ...,  0.98599023,
          0.88069476,  0.96591935],
        [-0.22885724, -0.18946309,  0.        , ...,  0.99973485,
          0.95448916,  0.89938323],
        ...,
        [-0.97847174, -0.98599023, -0.99973485, ...,  0.        ,
          0.3201454 , -0.4163352 ],
        [-0.86090134, -0.88069476, -0.95448916, ..., -0.3201454 ,
          0.        , -0.6855026 ],
        [-0.97556107, -0.96591935, -0.89938323, ...,  0.4163352 ,
          0.6855026 ,  0.        ]],

       [[ 0.        , -0.0580223 ,  0.51930259, ...,  0.916251  ,
          0.35096869,  0.40095383],
        [ 0.0580223 ,  0.        ,  0.56801302, ...,  0.93795138,
          0.40470875,  0.45343247],
        [-0.51930259, -0.56801302,  0.        , ...,  0.5749843 ,
         -0.1863338 , -0.13308089],
        ...,
        [-0.916251  , -0.93795138, -0.5749843 , ...,  0.        ,
         -0.717366  , -0.67875197],
        [-0.35096869, -0.40470875,  0.1863338 , ...,  0.717366  ,
          0.        ,  0.05392622],
        [-0.40095383, -0.45343247,  0.13308089, ...,  0.67875197,
         -0.05392622,  0.        ]],

       [[ 0.        ,  0.09022416,  0.24748638, ...,  0.76653107,
          0.63128479,  0.83119617],
        [-0.09022416,  0.        ,  0.15905959, ...,  0.82134737,
          0.69868354,  0.87796888],
        [-0.24748638, -0.15905959,  0.        , ...,  0.90162288,
          0.80358473,  0.94293609],
        ...,
        [-0.76653107, -0.82134737, -0.90162288, ...,  0.        ,
          0.18906836, -0.10762481],
        [-0.63128479, -0.69868354, -0.80358473, ..., -0.18906836,
          0.        , -0.29365385],
        [-0.83119617, -0.87796888, -0.94293609, ...,  0.10762481,
          0.29365385,  0.        ]],

       ...,

       [[ 0.        , -0.11991704,  0.04625114, ...,  0.9859844 ,
          0.97746071,  0.91228625],
        [ 0.11991704,  0.        ,  0.1657061 , ...,  0.99887612,
          0.99572384,  0.95481552],
        [-0.04625114, -0.1657061 ,  0.        , ...,  0.97721282,
          0.96665025,  0.89236766],
        ...,
        [-0.9859844 , -0.99887612, -0.97721282, ...,  0.        ,
         -0.04508136, -0.25160945],
        [-0.97746071, -0.99572384, -0.96665025, ...,  0.04508136,
          0.        , -0.2077226 ],
        [-0.91228625, -0.95481552, -0.89236766, ...,  0.25160945,
          0.2077226 ,  0.        ]],

       [[ 0.        , -0.05075561, -0.08029213, ...,  0.99983109,
          0.97081404,  0.86108231],
        [ 0.05075561,  0.        , -0.0295969 , ...,  0.99947526,
          0.95738987,  0.83416499],
        [ 0.08029213,  0.0295969 ,  0.        , ...,  0.99807872,
          0.94842291,  0.81747642],
        ...,
        [-0.99983109, -0.99947526, -0.99807872, ...,  0.        ,
          0.25763584,  0.52420578],
        [-0.97081404, -0.95738987, -0.94842291, ..., -0.25763584,
          0.        ,  0.28710916],
        [-0.86108231, -0.83416499, -0.81747642, ..., -0.52420578,
         -0.28710916,  0.        ]],

       [[ 0.        ,  0.00677596,  0.03039168, ...,  0.92680992,
          0.95154548,  0.894137  ],
        [-0.00677596,  0.        ,  0.02361816, ...,  0.92933322,
          0.95360729,  0.89715071],
        [-0.03039168, -0.02361816,  0.        , ...,  0.93779481,
          0.96045161,  0.90733317],
        ...,
        [-0.92680992, -0.92933322, -0.93779481, ...,  0.        ,
         -0.0723331 ,  0.07924348],
        [-0.95154548, -0.95360729, -0.96045161, ...,  0.0723331 ,
          0.        ,  0.15114155],
        [-0.894137  , -0.89715071, -0.90733317, ..., -0.07924348,
         -0.15114155,  0.        ]]]), 'num': array([ 7.13902447e-01,  7.00161754e-01,  1.25485775e-07,  1.96295604e-03,
        2.00956505e-03,  1.95757808e-03,  9.30163304e-03, -2.33045010e-05,
        2.01279182e-03,  1.92997121e-03,  1.81356822e-03,  1.22951656e-06,
        2.09604645e-03,  1.76389598e-03])}
{'img': array([[[ 0.        ,  0.18946309,  0.15302883, ...,  0.88069476,
          0.96591935,  0.91464636],
        [-0.18946309,  0.        , -0.03697439, ...,  0.95448916,
          0.89938323,  0.82148875],
        [-0.15302883,  0.03697439,  0.        , ...,  0.94280904,
          0.91493201,  0.84201074],
        ...,
        [-0.88069476, -0.95448916, -0.94280904, ...,  0.        ,
         -0.6855026 , -0.78927873],
        [-0.96591935, -0.89938323, -0.91493201, ...,  0.6855026 ,
          0.        , -0.15372765],
        [-0.91464636, -0.82148875, -0.84201074, ...,  0.78927873,
          0.15372765,  0.        ]],

       [[ 0.        ,  0.56801302,  0.12084737, ...,  0.40470875,
          0.45343247,  0.13997012],
        [-0.56801302,  0.        , -0.46439035, ..., -0.1863338 ,
         -0.13308089, -0.44722319],
        [-0.12084737,  0.46439035,  0.        , ...,  0.29123433,
          0.34239917,  0.01928657],
        ...,
        [-0.40470875,  0.1863338 , -0.29123433, ...,  0.        ,
          0.05392622, -0.27272962],
        [-0.45343247,  0.13308089, -0.34239917, ..., -0.05392622,
          0.        , -0.3242147 ],
        [-0.13997012,  0.44722319, -0.01928657, ...,  0.27272962,
          0.3242147 ,  0.        ]],

       [[ 0.        ,  0.15905959,  0.15659473, ...,  0.69868354,
          0.87796888,  0.94386549],
        [-0.15905959,  0.        , -0.00249614, ...,  0.80358473,
          0.94293609,  0.98439129],
        [-0.15659473,  0.00249614,  0.        , ...,  0.80209654,
          0.942102  ,  0.98394891],
        ...,
        [-0.69868354, -0.80358473, -0.80209654, ...,  0.        ,
         -0.29365385, -0.44447434],
        [-0.87796888, -0.94293609, -0.942102  , ...,  0.29365385,
          0.        , -0.16182563],
        [-0.94386549, -0.98439129, -0.98394891, ...,  0.44447434,
          0.16182563,  0.        ]],

       ...,

       [[ 0.        ,  0.1657061 ,  0.1075862 , ...,  0.99572384,
          0.95481552,  0.83177727],
        [-0.1657061 ,  0.        , -0.05864546, ...,  0.96665025,
          0.89236766,  0.72829307],
        [-0.1075862 ,  0.05864546,  0.        , ...,  0.98000563,
          0.91729902,  0.76722731],
        ...,
        [-0.99572384, -0.96665025, -0.98000563, ...,  0.        ,
         -0.2077226 , -0.47589637],
        [-0.95481552, -0.89236766, -0.91729902, ...,  0.2077226 ,
          0.        , -0.2828237 ],
        [-0.83177727, -0.72829307, -0.76722731, ...,  0.47589637,
          0.2828237 ,  0.        ]],

       [[ 0.        , -0.0293988 , -0.03568697, ...,  0.97271632,
          0.9268516 ,  0.83104279],
        [ 0.0293988 ,  0.        , -0.00629147, ...,  0.96547542,
          0.91541385,  0.81433172],
        [ 0.03568697,  0.00629147,  0.        , ...,  0.96381742,
          0.91286333,  0.81066404],
        ...,
        [-0.97271632, -0.96547542, -0.96381742, ...,  0.        ,
          0.15015736,  0.34823302],
        [-0.9268516 , -0.91541385, -0.91286333, ..., -0.15015736,
          0.        ,  0.20352608],
        [-0.83104279, -0.81433172, -0.81066404, ..., -0.34823302,
         -0.20352608,  0.        ]],

       [[ 0.        ,  0.02354626,  0.02547778, ...,  0.9585138 ,
          0.90745843,  0.65909335],
        [-0.02354626,  0.        ,  0.00193211, ...,  0.96495982,
          0.9170996 ,  0.67661884],
        [-0.02547778, -0.00193211,  0.        , ...,  0.965465  ,
          0.91786814,  0.67804026],
        ...,
        [-0.9585138 , -0.96495982, -0.965465  , ...,  0.        ,
          0.1440443 ,  0.53298898],
        [-0.90745843, -0.9170996 , -0.91786814, ..., -0.1440443 ,
          0.        ,  0.40555149],
        [-0.65909335, -0.67661884, -0.67804026, ..., -0.53298898,
         -0.40555149,  0.        ]]]), 'num': array([7.13012647e-01, 7.01091094e-01, 1.07401385e-07, 1.98692563e-03,
       1.99408572e-03, 1.94217505e-03, 7.34741827e-03, 2.68503463e-05,
       1.99945579e-03, 1.93349344e-03, 1.81505358e-03, 1.28740577e-06,
       2.09825833e-03, 1.76872855e-03])}
{'img': array([[[ 0.        , -0.03697439, -0.083811  , ...,  0.89938323,
          0.82148875,  0.91042484],
        [ 0.03697439,  0.        , -0.04690939, ...,  0.91493201,
          0.84201074,  0.92509767],
        [ 0.083811  ,  0.04690939,  0.        , ...,  0.93285781,
          0.86638959,  0.94189214],
        ...,
        [-0.89938323, -0.91493201, -0.93285781, ...,  0.        ,
         -0.15372765,  0.02595038],
        [-0.82148875, -0.84201074, -0.86638959, ...,  0.15372765,
          0.        ,  0.17931779],
        [-0.91042484, -0.92509767, -0.94189214, ..., -0.02595038,
         -0.17931779,  0.        ]],

       [[ 0.        , -0.46439035, -0.67876467, ..., -0.13308089,
         -0.44722319, -0.59959932],
        [ 0.46439035,  0.        , -0.260107  , ...,  0.34239917,
          0.01928657, -0.15937175],
        [ 0.67876467,  0.260107  ,  0.        , ...,  0.57499845,
          0.27868134,  0.10289633],
        ...,
        [ 0.13308089, -0.34239917, -0.57499845, ...,  0.        ,
         -0.3242147 , -0.48776131],
        [ 0.44722319, -0.01928657, -0.27868134, ...,  0.3242147 ,
          0.        , -0.17838218],
        [ 0.59959932,  0.15937175, -0.10289633, ...,  0.48776131,
          0.17838218,  0.        ]],

       [[ 0.        , -0.00249614,  0.06810755, ...,  0.94293609,
          0.98439129,  0.99821734],
        [ 0.00249614,  0.        ,  0.07059768, ...,  0.942102  ,
          0.98394891,  0.99806525],
        [-0.06810755, -0.07059768,  0.        , ...,  0.9634246 ,
          0.99409202,  0.99996437],
        ...,
        [-0.94293609, -0.942102  , -0.9634246 , ...,  0.        ,
         -0.16182563, -0.27610231],
        [-0.98439129, -0.98394891, -0.99409202, ...,  0.16182563,
          0.        , -0.11692793],
        [-0.99821734, -0.99806525, -0.99996437, ...,  0.27610231,
          0.11692793,  0.        ]],

       ...,

       [[ 0.        , -0.05864546, -0.06559248, ...,  0.89236766,
          0.72829307,  0.82553986],
        [ 0.05864546,  0.        , -0.00696043, ...,  0.91729902,
          0.76722731,  0.8572152 ],
        [ 0.06559248,  0.00696043,  0.        , ...,  0.92004843,
          0.77167297,  0.86077877],
        ...,
        [-0.89236766, -0.91729902, -0.92004843, ...,  0.        ,
         -0.2828237 , -0.13102847],
        [-0.72829307, -0.76722731, -0.77167297, ...,  0.2828237 ,
          0.        ,  0.15470653],
        [-0.82553986, -0.8572152 , -0.86077877, ...,  0.13102847,
         -0.15470653,  0.        ]],

       [[ 0.        , -0.00622639, -0.02867762, ...,  0.95543175,
          0.93191113,  0.80939474],
        [ 0.00622639,  0.        , -0.02245324, ...,  0.95357512,
          0.92963483,  0.80572251],
        [ 0.02867762,  0.02245324,  0.        , ...,  0.94657281,
          0.92112685,  0.79222048],
        ...,
        [-0.95543175, -0.95357512, -0.94657281, ...,  0.        ,
          0.07141098,  0.32214851],
        [-0.93191113, -0.92963483, -0.92112685, ..., -0.07141098,
          0.        ,  0.25372205],
        [-0.80939474, -0.80572251, -0.79222048, ..., -0.32214851,
         -0.25372205,  0.        ]],

       [[ 0.        ,  0.00187844,  0.00949057, ...,  0.97102143,
          0.91900406,  0.66261502],
        [-0.00187844,  0.        ,  0.0076122 , ...,  0.97146865,
          0.91974301,  0.66402072],
        [-0.00949057, -0.0076122 ,  0.        , ...,  0.97324588,
          0.92270431,  0.66969323],
        ...,
        [-0.97102143, -0.97146865, -0.97324588, ...,  0.        ,
          0.16318831,  0.56889641],
        [-0.91900406, -0.91974301, -0.92270431, ..., -0.16318831,
          0.        ,  0.42706275],
        [-0.66261502, -0.66402072, -0.66969323, ..., -0.56889641,
         -0.42706275,  0.        ]]]), 'num': array([ 7.11986311e-01,  7.02145262e-01,  8.93828272e-08,  1.96820986e-03,
        2.01468893e-03,  1.96820986e-03,  6.09581943e-03, -1.60889089e-05,
        1.98537136e-03,  1.93808784e-03,  1.81593131e-03,  1.17633358e-06,
        2.09592597e-03,  1.78024972e-03])}
{'img': array([[[ 0.        , -0.04690939, -0.14320459, ...,  0.84201074,
          0.92509767,  0.87699136],
        [ 0.04690939,  0.        , -0.09662104, ...,  0.86638959,
          0.94189214,  0.89856617],
        [ 0.14320459,  0.09662104,  0.        , ...,  0.91058548,
          0.96994176,  0.93676299],
        ...,
        [-0.84201074, -0.86638959, -0.91058548, ...,  0.        ,
          0.17931779,  0.06851109],
        [-0.92509767, -0.94189214, -0.96994176, ..., -0.17931779,
          0.        , -0.11149585],
        [-0.87699136, -0.89856617, -0.93676299, ..., -0.06851109,
          0.11149585,  0.        ]],

       [[ 0.        , -0.260107  , -0.21333146, ...,  0.01928657,
         -0.15937175, -0.29700237],
        [ 0.260107  ,  0.        ,  0.04813076, ...,  0.27868134,
          0.10289633, -0.03840936],
        [ 0.21333146, -0.04813076,  0.        , ...,  0.23213438,
          0.0549018 , -0.08646008],
        ...,
        [-0.01928657, -0.27868134, -0.23213438, ...,  0.        ,
         -0.17838218, -0.31536342],
        [ 0.15937175, -0.10289633, -0.0549018 , ...,  0.17838218,
          0.        , -0.14102589],
        [ 0.29700237,  0.03840936,  0.08646008, ...,  0.31536342,
          0.14102589,  0.        ]],

       [[ 0.        ,  0.07059768,  0.08241487, ...,  0.98394891,
          0.99806525,  0.99892472],
        [-0.07059768,  0.        ,  0.01185172, ...,  0.99409202,
          0.99996437,  0.99315924],
        [-0.08241487, -0.01185172,  0.        , ...,  0.99530859,
          0.9997941 ,  0.99170559],
        ...,
        [-0.98394891, -0.99409202, -0.99530859, ...,  0.        ,
         -0.11692793, -0.22387607],
        [-0.99806525, -0.99996437, -0.9997941 , ...,  0.11692793,
          0.        , -0.10838035],
        [-0.99892472, -0.99315924, -0.99170559, ...,  0.22387607,
          0.10838035,  0.        ]],

       ...,

       [[ 0.        , -0.00696043,  0.        , ...,  0.76722731,
          0.8572152 ,  0.68479792],
        [ 0.00696043,  0.        ,  0.00696043, ...,  0.77167297,
          0.86077877,  0.68985362],
        [ 0.        , -0.00696043,  0.        , ...,  0.76722731,
          0.8572152 ,  0.68479792],
        ...,
        [-0.76722731, -0.77167297, -0.76722731, ...,  0.        ,
          0.15470653, -0.11989142],
        [-0.8572152 , -0.86077877, -0.8572152 , ..., -0.15470653,
          0.        , -0.27203862],
        [-0.68479792, -0.68985362, -0.68479792, ...,  0.11989142,
          0.27203862,  0.        ]],

       [[ 0.        , -0.02243408, -0.04382945, ...,  0.93316485,
          0.84691372,  0.80531263],
        [ 0.02243408,  0.        , -0.0214059 , ...,  0.9248661 ,
          0.83477169,  0.79180991],
        [ 0.04382945,  0.0214059 ,  0.        , ...,  0.91651367,
          0.82279441,  0.77855445],
        ...,
        [-0.93316485, -0.9248661 , -0.91651367, ...,  0.        ,
          0.19177004,  0.26375856],
        [-0.84691372, -0.83477169, -0.82279441, ..., -0.19177004,
          0.        ,  0.07388395],
        [-0.80531263, -0.79180991, -0.77855445, ..., -0.26375856,
         -0.07388395,  0.        ]],

       [[ 0.        ,  0.00724929,  0.00130201, ...,  0.98873777,
          0.95684053,  0.63990936],
        [-0.00724929,  0.        , -0.00594731, ...,  0.98979671,
          0.95892213,  0.64546327],
        [-0.00130201,  0.00594731,  0.        , ...,  0.98893179,
          0.9572181 ,  0.64090935],
        ...,
        [-0.98873777, -0.98979671, -0.98893179, ...,  0.        ,
          0.14414136,  0.66402816],
        [-0.95684053, -0.95892213, -0.9572181 , ..., -0.14414136,
          0.        ,  0.5493182 ],
        [-0.63990936, -0.64546327, -0.64090935, ..., -0.66402816,
         -0.5493182 ,  0.        ]]]), 'num': array([ 7.11954172e-01,  7.02184089e-01,  8.93877699e-08,  1.95401665e-03,
        1.97904523e-03,  1.94329012e-03,  5.35556097e-03, -1.43020432e-05,
        1.96903380e-03,  1.94382644e-03,  1.81919010e-03,  1.14092932e-06,
        2.09536695e-03,  1.79228594e-03])}
{'img': array([[[ 0.        , -0.09662104, -0.09662104, ...,  0.94189214,
          0.89856617,  0.85517369],
        [ 0.09662104,  0.        ,  0.        , ...,  0.96994176,
          0.93676299,  0.90125524],
        [ 0.09662104,  0.        ,  0.        , ...,  0.96994176,
          0.93676299,  0.90125524],
        ...,
        [-0.94189214, -0.96994176, -0.96994176, ...,  0.        ,
         -0.11149585, -0.20095577],
        [-0.89856617, -0.93676299, -0.93676299, ...,  0.11149585,
          0.        , -0.09048142],
        [-0.85517369, -0.90125524, -0.90125524, ...,  0.20095577,
          0.09048142,  0.        ]],

       [[ 0.        ,  0.04813076,  0.08597267, ...,  0.10289633,
         -0.03840936, -0.14281198],
        [-0.04813076,  0.        ,  0.03792048, ...,  0.0549018 ,
         -0.08646008, -0.19028388],
        [-0.08597267, -0.03792048,  0.        , ...,  0.01699902,
         -0.12417638, -0.22737465],
        ...,
        [-0.10289633, -0.0549018 , -0.01699902, ...,  0.        ,
         -0.14102589, -0.24389557],
        [ 0.03840936,  0.08646008,  0.12417638, ...,  0.14102589,
          0.        , -0.10469094],
        [ 0.14281198,  0.19028388,  0.22737465, ...,  0.24389557,
          0.10469094,  0.        ]],

       [[ 0.        ,  0.01185172,  0.01421137, ...,  0.99996437,
          0.99315924,  0.96845773],
        [-0.01185172,  0.        ,  0.00235985, ...,  0.9997941 ,
          0.99170559,  0.96543652],
        [-0.01421137, -0.00235985,  0.        , ...,  0.99974343,
          0.99139951,  0.96481877],
        ...,
        [-0.99996437, -0.9997941 , -0.99974343, ...,  0.        ,
         -0.10838035, -0.24099422],
        [-0.99315924, -0.99170559, -0.99139951, ...,  0.10838035,
          0.        , -0.13438863],
        [-0.96845773, -0.96543652, -0.96481877, ...,  0.24099422,
          0.13438863,  0.        ]],

       ...,

       [[ 0.        ,  0.00696043,  0.29531125, ...,  0.86077877,
          0.68985362,  0.62805009],
        [-0.00696043,  0.        ,  0.2886541 , ...,  0.8572152 ,
          0.68479792,  0.62261846],
        [-0.29531125, -0.2886541 ,  0.        , ...,  0.67208167,
          0.44529666,  0.37023653],
        ...,
        [-0.86077877, -0.8572152 , -0.67208167, ...,  0.        ,
         -0.27203862, -0.35017023],
        [-0.68985362, -0.68479792, -0.44529666, ...,  0.27203862,
          0.        , -0.08214924],
        [-0.62805009, -0.62261846, -0.37023653, ...,  0.35017023,
          0.08214924,  0.        ]],

       [[ 0.        , -0.0214059 , -0.0327756 , ...,  0.83477169,
          0.79180991,  0.84426318],
        [ 0.0214059 ,  0.        , -0.01137369, ...,  0.82279441,
          0.77855445,  0.8325977 ],
        [ 0.0327756 ,  0.01137369,  0.        , ...,  0.81627707,
          0.77136622,  0.8262442 ],
        ...,
        [-0.83477169, -0.82279441, -0.81627707, ...,  0.        ,
          0.07388395, -0.01746995],
        [-0.79180991, -0.77855445, -0.77136622, ..., -0.07388395,
          0.        , -0.09129488],
        [-0.84426318, -0.8325977 , -0.8262442 , ...,  0.01746995,
          0.09129488,  0.        ]],

       [[ 0.        , -0.00572232, -0.01221595, ...,  0.99298885,
          0.93100781,  0.62651721],
        [ 0.00572232,  0.        , -0.00649386, ...,  0.99229617,
          0.92890392,  0.62204694],
        [ 0.01221595,  0.00649386,  0.        , ...,  0.99147074,
          0.92647952,  0.61694926],
        ...,
        [-0.99298885, -0.99229617, -0.99147074, ...,  0.        ,
          0.25238761,  0.69988368],
        [-0.93100781, -0.92890392, -0.92647952, ..., -0.25238761,
          0.        ,  0.49695622],
        [-0.62651721, -0.62204694, -0.61694926, ..., -0.69988368,
         -0.49695622,  0.        ]]]), 'num': array([ 7.11748991e-01,  7.02281513e-01,  8.94001720e-08,  1.89349564e-03,
        1.95071175e-03,  1.88634363e-03,  1.35855541e-02, -6.07921169e-05,
        1.95178455e-03,  1.94570534e-03,  1.82173710e-03,  8.67962835e-07,
        2.09437264e-03,  1.79703804e-03])}
{'img': array([[[ 0.        ,  0.        , -0.10180627, ...,  0.93676299,
          0.90125524,  0.7078075 ],
        [ 0.        ,  0.        , -0.10180627, ...,  0.93676299,
          0.90125524,  0.7078075 ],
        [ 0.10180627,  0.10180627,  0.        , ...,  0.96752437,
          0.94068403,  0.7760464 ],
        ...,
        [-0.93676299, -0.93676299, -0.96752437, ...,  0.        ,
         -0.09048142, -0.41402695],
        [-0.90125524, -0.90125524, -0.94068403, ...,  0.09048142,
          0.        , -0.32996664],
        [-0.7078075 , -0.7078075 , -0.7760464 , ...,  0.41402695,
          0.32996664,  0.        ]],

       [[ 0.        ,  0.03792048,  0.21029981, ..., -0.08646008,
         -0.19028388,  0.5281159 ],
        [-0.03792048,  0.        ,  0.17307609, ..., -0.12417638,
         -0.22737465,  0.49553503],
        [-0.21029981, -0.17307609,  0.        , ..., -0.29403888,
         -0.39248599,  0.33772484],
        ...,
        [ 0.08646008,  0.12417638,  0.29403888, ...,  0.        ,
         -0.10469094,  0.59955778],
        [ 0.19028388,  0.22737465,  0.39248599, ...,  0.10469094,
          0.        ,  0.68005055],
        [-0.5281159 , -0.49553503, -0.33772484, ..., -0.59955778,
         -0.68005055,  0.        ]],

       [[ 0.        ,  0.00235985, -0.06754839, ...,  0.99170559,
          0.96543652,  0.92464838],
        [-0.00235985,  0.        , -0.06990267, ...,  0.99139951,
          0.96481877,  0.92374712],
        [ 0.06754839,  0.06990267,  0.        , ...,  0.99812254,
          0.98083716,  0.94826039],
        ...,
        [-0.99170559, -0.99139951, -0.99812254, ...,  0.        ,
         -0.13438863, -0.25881798],
        [-0.96543652, -0.96481877, -0.98083716, ...,  0.13438863,
          0.        , -0.12666068],
        [-0.92464838, -0.92374712, -0.94826039, ...,  0.25881798,
          0.12666068,  0.        ]],

       ...,

       [[ 0.        ,  0.2886541 ,  0.641829  , ...,  0.68479792,
          0.62261846,  0.06370537],
        [-0.2886541 ,  0.        ,  0.3931548 , ...,  0.44529666,
          0.37023653, -0.22707412],
        [-0.641829  , -0.3931548 ,  0.        , ...,  0.05741378,
         -0.02479401, -0.59167297],
        ...,
        [-0.68479792, -0.44529666, -0.05741378, ...,  0.        ,
         -0.08214924, -0.63698272],
        [-0.62261846, -0.37023653,  0.02479401, ...,  0.08214924,
          0.        , -0.57150269],
        [-0.06370537,  0.22707412,  0.59167297, ...,  0.63698272,
          0.57150269,  0.        ]],

       [[ 0.        , -0.01137369, -0.06662472, ...,  0.77855445,
          0.8325977 ,  0.86655052],
        [ 0.01137369,  0.        , -0.05527199, ...,  0.77136622,
          0.8262442 ,  0.86081798],
        [ 0.06662472,  0.05527199,  0.        , ...,  0.73501243,
          0.79384577,  0.83137344],
        ...,
        [-0.77855445, -0.77136622, -0.73501243, ...,  0.        ,
         -0.09129488, -0.15525898],
        [-0.8325977 , -0.8262442 , -0.79384577, ...,  0.09129488,
          0.        , -0.06442279],
        [-0.86655052, -0.86081798, -0.83137344, ...,  0.15525898,
          0.06442279,  0.        ]],

       [[ 0.        , -0.006405  , -0.00747276, ...,  0.95454169,
          0.82829718,  0.61534221],
        [ 0.006405  ,  0.        , -0.00106778, ...,  0.95261293,
          0.82469153,  0.61028078],
        [ 0.00747276,  0.00106778,  0.        , ...,  0.95228758,
          0.82408714,  0.60943456],
        ...,
        [-0.95454169, -0.95261293, -0.95228758, ...,  0.        ,
          0.28792253,  0.56900748],
        [-0.82829718, -0.82469153, -0.82408714, ..., -0.28792253,
          0.        ,  0.30814411],
        [-0.61534221, -0.61028078, -0.60943456, ..., -0.56900748,
         -0.30814411,  0.        ]]]), 'num': array([7.09910986e-01, 7.04239812e-01, 5.35016473e-08, 1.89039154e-03,
       1.92962608e-03, 1.88860815e-03, 6.58651646e-03, 1.78338824e-06,
       1.93426289e-03, 1.94442820e-03, 1.81965047e-03, 8.42894941e-07,
       2.08336365e-03, 1.80549276e-03])}
{'img': array([[[ 0.        , -0.10180627,  0.09662104, ...,  0.90125524,
          0.7078075 ,  0.71427886],
        [ 0.10180627,  0.        ,  0.19744896, ...,  0.94068403,
          0.7760464 ,  0.7818179 ],
        [-0.09662104, -0.19744896,  0.        , ...,  0.85517369,
          0.63624222,  0.64331561],
        ...,
        [-0.90125524, -0.94068403, -0.85517369, ...,  0.        ,
         -0.32996664, -0.3212647 ],
        [-0.7078075 , -0.7760464 , -0.63624222, ...,  0.32996664,
          0.        ,  0.00920342],
        [-0.71427886, -0.7818179 , -0.64331561, ...,  0.3212647 ,
         -0.00920342,  0.        ]],

       [[ 0.        ,  0.17307609,  0.44456036, ..., -0.22737465,
          0.49553503, -0.06297379],
