state_0,state_1,state_2,state_3,state_4,state_5,state_6,state_7,state_8,state_9,state_10,state_11,state_12,state_13,state_14,state_15,state_16,state_17,state_18,state_19,state_20,state_21,state_22,state_23,state_24,state_25,state_26,state_27,state_28,state_29,state_30,state_31,state_32,state_33,state_34,state_35,state_36,state_37,state_38,state_39,state_40,state_41,state_42,state_43,state_44,state_45,state_46,state_47,state_48,state_49,state_50,state_51,state_52,state_53,state_54,state_55,state_56,state_57,state_58,state_59,state_60,state_61,state_62,state_63,state_64,state_65,state_66,state_67,state_68,state_69,state_70,state_71,state_72,state_73,state_74,state_75,state_76,state_77,state_78,state_79,state_80,state_81,state_82,state_83,state_84,state_85,state_86,state_87,state_88,state_89,state_90,state_91,state_92,state_93,state_94,state_95,state_96,state_97,state_98,state_99,state_100,state_101,state_102,state_103,state_104,state_105,state_106,state_107,state_108,state_109,state_110,state_111,state_112,state_113,state_114,state_115,state_116,state_117,state_118,state_119,state_120,state_121,state_122,state_123,state_124,state_125,state_126,state_127,state_128,state_129,state_130,state_131,state_132,state_133,state_134,state_135,state_136,state_137,state_138,state_139,state_140,state_141,state_142,state_143,state_144,state_145,state_146,state_147,state_148,state_149,state_150,state_151,state_152,state_153,state_154,state_155,state_156,state_157,state_158,state_159,state_160,state_161,state_162,state_163,state_164,state_165,state_166,state_167,state_168,state_169,state_170,state_171,state_172,state_173,state_174,state_175,state_176,state_177,state_178,state_179,state_180,state_181,state_182,state_183,state_184,state_185,state_186,state_187,state_188,state_189,state_190,state_191,state_192,state_193,state_194,state_195,state_196,state_197,state_198,state_199,state_200,state_201,state_202,state_203,state_204,state_205,state_206,state_207,state_208,state_209,state_210,state_211,state_212,state_213,state_214,state_215,state_216,state_217,state_218,state_219,state_220,state_221,state_222,state_223,state_224,state_225,state_226,state_227,state_228,state_229,state_230,state_231,state_232,state_233,state_234,state_235,state_236,state_237,state_238,state_239,state_240,state_241,state_242,state_243,state_244,state_245,state_246,state_247,state_248,state_249,state_250,state_251,state_252,state_253,state_254,state_255,state_256,state_257,state_258,state_259,state_260,state_261,state_262,state_263,state_264,state_265,state_266,state_267,state_268,state_269,state_270,state_271,state_272,state_273,state_274,state_275,state_276,state_277,state_278,state_279,state_280,state_281,state_282,state_283,state_284,state_285,state_286,state_287
{'img': array([[[ 0.        ,  0.26491432, -0.1277763 , ..., -0.68212561,
         -0.71484079, -0.83423794],
        [-0.26491432,  0.        , -0.38595393, ..., -0.85146923,
         -0.87455213, -0.95050723],
        [ 0.1277763 ,  0.38595393,  0.        , ..., -0.58309974,
         -0.61962892, -0.75694327],
        ...,
        [ 0.68212561,  0.85146923,  0.58309974, ...,  0.        ,
         -0.04571488, -0.23389678],
        [ 0.71484079,  0.87455213,  0.61962892, ...,  0.04571488,
          0.        , -0.18920543],
        [ 0.83423794,  0.95050723,  0.75694327, ...,  0.23389678,
          0.18920543,  0.        ]],

       [[ 0.        ,  0.92235216,  0.13508474, ..., -0.82365269,
         -0.70820383, -0.46019515],
        [-0.92235216,  0.        , -0.96608794, ..., -0.20484249,
         -0.37757332, -0.64108415],
        [-0.13508474,  0.96608794,  0.        , ..., -0.89270895,
         -0.79708338, -0.57590766],
        ...,
        [ 0.82365269,  0.20484249,  0.89270895, ...,  0.        ,
          0.17988687,  0.47027934],
        [ 0.70820383,  0.37757332,  0.79708338, ..., -0.17988687,
          0.        ,  0.30385448],
        [ 0.46019515,  0.64108415,  0.57590766, ..., -0.47027934,
         -0.30385448,  0.        ]],

       [[ 0.        ,  0.11393685, -0.05960243, ..., -0.97444203,
         -0.98667226, -0.99974976],
        [-0.11393685,  0.        , -0.1729486 , ..., -0.99369113,
         -0.99878687, -0.99578813],
        [ 0.05960243,  0.1729486 ,  0.        , ..., -0.95932062,
         -0.97521963, -0.99663911],
        ...,
        [ 0.97444203,  0.99369113,  0.95932062, ...,  0.        ,
         -0.06308384, -0.20278485],
        [ 0.98667226,  0.99878687,  0.97521963, ...,  0.06308384,
          0.        , -0.14060778],
        [ 0.99974976,  0.99578813,  0.99663911, ...,  0.20278485,
          0.14060778,  0.        ]],

       ...,

       [[ 0.        , -0.35708733, -0.73979433, ..., -0.11795557,
         -0.26674392, -0.26674392],
        [ 0.35708733,  0.        , -0.45076026, ...,  0.24441559,
          0.09499139,  0.09499139],
        [ 0.73979433,  0.45076026,  0.        , ...,  0.65526532,
          0.53351556,  0.53351556],
        ...,
        [ 0.11795557, -0.24441559, -0.65526532, ...,  0.        ,
         -0.15120001, -0.15120001],
        [ 0.26674392, -0.09499139, -0.53351556, ...,  0.15120001,
          0.        ,  0.        ],
        [ 0.26674392, -0.09499139, -0.53351556, ...,  0.15120001,
          0.        ,  0.        ]],

       [[ 0.        ,  0.02852882,  0.01354822, ..., -0.96041849,
         -0.89694838, -0.82375337],
        [-0.02852882,  0.        , -0.01498349, ..., -0.95208055,
         -0.88396969, -0.80724372],
        [-0.01354822,  0.01498349,  0.        , ..., -0.95655633,
         -0.89087591, -0.81599663],
        ...,
        [ 0.96041849,  0.95208055,  0.95655633, ...,  0.        ,
         -0.17477992, -0.31504194],
        [ 0.89694838,  0.88396969,  0.89087591, ...,  0.17477992,
          0.        , -0.14431293],
        [ 0.82375337,  0.80724372,  0.81599663, ...,  0.31504194,
          0.14431293,  0.        ]],

       [[ 0.        ,  0.01979546,  0.07185266, ..., -0.7319702 ,
         -0.72588939, -0.74713874],
        [-0.01979546,  0.        ,  0.05209429, ..., -0.74531414,
         -0.73936269, -0.76014974],
        [-0.07185266, -0.05209429,  0.        , ..., -0.7790341 ,
         -0.77343423, -0.79296575],
        ...,
        [ 0.7319702 ,  0.74531414,  0.7790341 , ...,  0.        ,
          0.00888245, -0.02253574],
        [ 0.72588939,  0.73936269,  0.77343423, ..., -0.00888245,
          0.        , -0.03141505],
        [ 0.74713874,  0.76014974,  0.79296575, ...,  0.02253574,
          0.03141505,  0.        ]]]), 'num': array([7.11629107e-01, 7.02529517e-01, 1.33620996e-07, 8.27235442e-04,
       8.39382805e-04, 8.22376496e-04, 5.52660086e-03, 2.42947266e-06,
       8.40840489e-04, 8.45881644e-04, 9.09675547e-04, 5.43236123e-07,
       8.86543752e-04, 8.05219536e-04])}
{'img': array([[[ 0.        , -0.38595393, -0.41212613, ..., -0.87455213,
         -0.95050723, -0.94419021],
        [ 0.38595393,  0.        , -0.02854083, ..., -0.61962892,
         -0.75694327, -0.74389902],
        [ 0.41212613,  0.02854083,  0.        , ..., -0.59697494,
         -0.73798403, -0.72452236],
        ...,
        [ 0.87455213,  0.61962892,  0.59697494, ...,  0.        ,
         -0.18920543, -0.16978947],
        [ 0.95050723,  0.75694327,  0.73798403, ...,  0.18920543,
          0.        ,  0.01973558],
        [ 0.94419021,  0.74389902,  0.72452236, ...,  0.16978947,
         -0.01973558,  0.        ]],

       [[ 0.        , -0.96608794, -0.90608015, ..., -0.37757332,
         -0.64108415, -0.37386824],
        [ 0.96608794,  0.        , -0.1747958 , ..., -0.79708338,
         -0.57590766, -0.79949128],
        [ 0.90608015,  0.1747958 ,  0.        , ..., -0.67925824,
         -0.42414325, -0.68218694],
        ...,
        [ 0.37757332,  0.79708338,  0.67925824, ...,  0.        ,
          0.30385448, -0.003998  ],
        [ 0.64108415,  0.57590766,  0.42414325, ..., -0.30385448,
          0.        , -0.30766102],
        [ 0.37386824,  0.79949128,  0.68218694, ...,  0.003998  ,
          0.30766102,  0.        ]],

       [[ 0.        , -0.1729486 , -0.34900181, ..., -0.99878687,
         -0.99578813, -0.97566902],
        [ 0.1729486 ,  0.        , -0.1816687 , ..., -0.97521963,
         -0.99663911, -0.99888526],
        [ 0.34900181,  0.1816687 ,  0.        , ..., -0.91879959,
         -0.96517298, -0.99083912],
        ...,
        [ 0.99878687,  0.97521963,  0.91879959, ...,  0.        ,
         -0.14060778, -0.26702674],
        [ 0.99578813,  0.99663911,  0.96517298, ...,  0.14060778,
          0.        , -0.12887174],
        [ 0.97566902,  0.99888526,  0.99083912, ...,  0.26702674,
          0.12887174,  0.        ]],

       ...,

       [[ 0.        , -0.45076026, -0.47337424, ...,  0.09499139,
          0.09499139, -0.45330721],
        [ 0.45076026,  0.        , -0.02549786, ...,  0.53351556,
          0.53351556, -0.00285532],
        [ 0.47337424,  0.02549786,  0.        , ...,  0.55490794,
          0.55490794,  0.02264336],
        ...,
        [-0.09499139, -0.53351556, -0.55490794, ...,  0.        ,
          0.        , -0.53592839],
        [-0.09499139, -0.53351556, -0.55490794, ...,  0.        ,
          0.        , -0.53592839],
        [ 0.45330721,  0.00285532, -0.02264336, ...,  0.53592839,
          0.53592839,  0.        ]],

       [[ 0.        , -0.01495702, -0.04351946, ..., -0.8989491 ,
         -0.86436532, -0.80640416],
        [ 0.01495702,  0.        , -0.02857173, ..., -0.90540051,
         -0.87178999, -0.81515901],
        [ 0.04351946,  0.02857173,  0.        , ..., -0.91716125,
         -0.88543079, -0.83137603],
        ...,
        [ 0.8989491 ,  0.90540051,  0.91716125, ...,  0.        ,
         -0.07341157, -0.17835901],
        [ 0.86436532,  0.87178999,  0.88543079, ...,  0.07341157,
          0.        , -0.1056433 ],
        [ 0.80640416,  0.81515901,  0.83137603, ...,  0.17835901,
          0.1056433 ,  0.        ]],

       [[ 0.        ,  0.05209429,  0.13094431, ..., -0.73936269,
         -0.76014974, -0.77584718],
        [-0.05209429,  0.        ,  0.07912076, ..., -0.77343423,
         -0.79296575, -0.80766109],
        [-0.13094431, -0.07912076,  0.        , ..., -0.82116234,
         -0.83868544, -0.85178242],
        ...,
        [ 0.73936269,  0.77343423,  0.82116234, ...,  0.        ,
         -0.03141505, -0.05590427],
        [ 0.76014974,  0.79296575,  0.83868544, ...,  0.03141505,
          0.        , -0.02451076],
        [ 0.77584718,  0.80766109,  0.85178242, ...,  0.05590427,
          0.02451076,  0.        ]]]), 'num': array([7.92119948e-01, 6.10274610e-01, 2.59779055e-06, 9.18410801e-04,
       9.42027079e-04, 8.96106539e-04, 1.02011430e-02, 2.49282932e-05,
       9.08701887e-04, 9.12965937e-04, 9.80119260e-04, 6.78371615e-07,
       9.56181065e-04, 8.69750810e-04])}
{'img': array([[[ 0.00000000e+00, -2.85408337e-02, -1.12233990e-01, ...,
         -7.56943265e-01, -7.43899019e-01, -6.12389110e-01],
        [ 2.85408337e-02,  0.00000000e+00, -8.38277614e-02, ...,
         -7.37984026e-01, -7.24522363e-01, -5.89576498e-01],
        [ 1.12233990e-01,  8.38277614e-02,  0.00000000e+00, ...,
         -6.78818016e-01, -6.64193839e-01, -5.19792607e-01],
        ...,
        [ 7.56943265e-01,  7.37984026e-01,  6.78818016e-01, ...,
          0.00000000e+00,  1.97355812e-02,  1.98222015e-01],
        [ 7.43899019e-01,  7.24522363e-01,  6.64193839e-01, ...,
         -1.97355812e-02,  0.00000000e+00,  1.78839437e-01],
        [ 6.12389110e-01,  5.89576498e-01,  5.19792607e-01, ...,
         -1.98222015e-01, -1.78839437e-01,  0.00000000e+00]],

       [[ 0.00000000e+00, -1.98498229e-01, -5.69152335e-01, ...,
         -6.33897372e-01, -8.56587780e-01, -5.58778283e-01],
        [ 1.98498229e-01,  0.00000000e+00, -3.94615298e-01, ...,
         -4.67761666e-01, -7.37117401e-01, -3.83041319e-01],
        [ 5.69152335e-01,  3.94615298e-01,  0.00000000e+00, ...,
         -8.10185758e-02, -4.10630603e-01,  1.25623168e-02],
        ...,
        [ 6.33897372e-01,  4.67761666e-01,  8.10185758e-02, ...,
          0.00000000e+00, -3.35407810e-01,  9.35332020e-02],
        [ 8.56587780e-01,  7.37117401e-01,  4.10630603e-01, ...,
          3.35407810e-01,  0.00000000e+00,  4.22052544e-01],
        [ 5.58778283e-01,  3.83041319e-01, -1.25623168e-02, ...,
         -9.35332020e-02, -4.22052544e-01,  0.00000000e+00]],

       [[ 0.00000000e+00, -1.81668705e-01, -3.01380956e-01, ...,
         -9.96639111e-01, -9.98885262e-01, -9.99269514e-01],
        [ 1.81668705e-01,  0.00000000e+00, -1.23144112e-01, ...,
         -9.65172976e-01, -9.90839124e-01, -9.89584057e-01],
        [ 3.01380956e-01,  1.23144112e-01,  0.00000000e+00, ...,
         -9.25610805e-01, -9.66667342e-01, -9.64324773e-01],
        ...,
        [ 9.96639111e-01,  9.65172976e-01,  9.25610805e-01, ...,
          0.00000000e+00, -1.28871741e-01, -1.19944956e-01],
        [ 9.98885262e-01,  9.90839124e-01,  9.66667342e-01, ...,
          1.28871741e-01,  0.00000000e+00,  8.99659036e-03],
        [ 9.99269514e-01,  9.89584057e-01,  9.64324773e-01, ...,
          1.19944956e-01, -8.99659036e-03,  0.00000000e+00]],

       ...,

       [[ 0.00000000e+00, -2.54978555e-02, -7.52468162e-01, ...,
          5.33515556e-01, -2.85532336e-03,  3.44383677e-01],
        [ 2.54978555e-02,  0.00000000e+00, -7.35429899e-01, ...,
          5.54907936e-01,  2.26433565e-02,  3.68209836e-01],
        [ 7.52468162e-01,  7.35429899e-01,  0.00000000e+00, ...,
          9.87818854e-01,  7.50584496e-01,  9.33259876e-01],
        ...,
        [-5.33515556e-01, -5.54907936e-01, -9.87818854e-01, ...,
          0.00000000e+00, -5.35928386e-01, -2.09603516e-01],
        [ 2.85532336e-03, -2.26433565e-02, -7.50584496e-01, ...,
          5.35928386e-01,  0.00000000e+00,  3.47062934e-01],
        [-3.44383677e-01, -3.68209836e-01, -9.33259876e-01, ...,
          2.09603516e-01, -3.47062934e-01,  0.00000000e+00]],

       [[ 0.00000000e+00, -2.84549611e-02, -5.37098205e-02, ...,
         -9.09332867e-01, -8.95673091e-01, -8.13236912e-01],
        [ 2.84549611e-02,  0.00000000e+00, -2.52741833e-02, ...,
         -9.20803894e-01, -9.07964704e-01, -8.29466486e-01],
        [ 5.37098205e-02,  2.52741833e-02,  0.00000000e+00, ...,
         -9.30367335e-01, -9.18265723e-01, -8.43318578e-01],
        ...,
        [ 9.09332867e-01,  9.20803894e-01,  9.30367335e-01, ...,
          0.00000000e+00, -3.17300539e-02, -1.90807591e-01],
        [ 8.95673091e-01,  9.07964704e-01,  9.18265723e-01, ...,
          3.17300539e-02,  0.00000000e+00, -1.59564422e-01],
        [ 8.13236912e-01,  8.29466486e-01,  8.43318578e-01, ...,
          1.90807591e-01,  1.59564422e-01,  0.00000000e+00]],

       [[ 0.00000000e+00,  7.91207621e-02,  1.43160612e-01, ...,
         -7.92965750e-01, -8.07661092e-01, -8.07362241e-01],
        [-7.91207621e-02,  0.00000000e+00,  6.44060332e-02, ...,
         -8.38685440e-01, -8.51782424e-01, -8.51516881e-01],
        [-1.43160612e-01, -6.44060332e-02,  0.00000000e+00, ...,
         -8.72020706e-01, -8.83755977e-01, -8.83518775e-01],
        ...,
        [ 7.92965750e-01,  8.38685440e-01,  8.72020706e-01, ...,
          0.00000000e+00, -2.45107570e-02, -2.40042513e-02],
        [ 8.07661092e-01,  8.51782424e-01,  8.83755977e-01, ...,
          2.45107570e-02,  0.00000000e+00,  5.06654720e-04],
        [ 8.07362241e-01,  8.51516881e-01,  8.83518775e-01, ...,
          2.40042513e-02, -5.06654720e-04,  0.00000000e+00]]]), 'num': array([ 8.67123305e-01,  4.98046719e-01,  5.29521644e-06,  1.00292551e-03,
        1.03026494e-03,  1.00004767e-03,  6.19815157e-03, -4.31675253e-06,
        9.94579784e-04,  1.00155853e-03,  1.07309672e-03,  6.37495100e-07,
        1.04892035e-03,  9.54196722e-04])}
{'img': array([[[ 0.00000000e+00, -8.38277614e-02,  1.45988243e-01, ...,
         -7.24522363e-01, -5.89576498e-01, -6.11678057e-01],
        [ 8.38277614e-02,  0.00000000e+00,  2.28404060e-01, ...,
         -6.64193839e-01, -5.19792607e-01, -5.43208397e-01],
        [-1.45988243e-01, -2.28404060e-01,  0.00000000e+00, ...,
         -8.17382652e-01, -7.01176502e-01, -7.20617028e-01],
        ...,
        [ 7.24522363e-01,  6.64193839e-01,  8.17382652e-01, ...,
          0.00000000e+00,  1.78839437e-01,  1.51574670e-01],
        [ 5.89576498e-01,  5.19792607e-01,  7.01176502e-01, ...,
         -1.78839437e-01,  0.00000000e+00, -2.76420680e-02],
        [ 6.11678057e-01,  5.43208397e-01,  7.20617028e-01, ...,
         -1.51574670e-01,  2.76420680e-02,  0.00000000e+00]],

       [[ 0.00000000e+00, -3.94615298e-01, -1.24073419e-01, ...,
         -7.37117401e-01, -3.83041319e-01, -7.70241726e-01],
        [ 3.94615298e-01,  0.00000000e+00,  2.77561703e-01, ...,
         -4.10630603e-01,  1.25623168e-02, -4.56067146e-01],
        [ 1.24073419e-01, -2.77561703e-01,  0.00000000e+00, ...,
         -6.47577287e-01, -2.65471085e-01, -6.85162022e-01],
        ...,
        [ 7.37117401e-01,  4.10630603e-01,  6.47577287e-01, ...,
          0.00000000e+00,  4.22052544e-01, -5.04040373e-02],
        [ 3.83041319e-01, -1.25623168e-02,  2.65471085e-01, ...,
         -4.22052544e-01,  0.00000000e+00, -4.67210933e-01],
        [ 7.70241726e-01,  4.56067146e-01,  6.85162022e-01, ...,
          5.04040373e-02,  4.67210933e-01,  0.00000000e+00]],

       [[ 0.00000000e+00, -1.23144112e-01, -1.25981729e-01, ...,
         -9.90839124e-01, -9.89584057e-01, -9.93682295e-01],
        [ 1.23144112e-01,  0.00000000e+00, -2.85988777e-03, ...,
         -9.66667342e-01, -9.64324773e-01, -9.72298756e-01],
        [ 1.25981729e-01,  2.85988777e-03,  0.00000000e+00, ...,
         -9.65931155e-01, -9.63563754e-01, -9.71626305e-01],
        ...,
        [ 9.90839124e-01,  9.66667342e-01,  9.65931155e-01, ...,
          0.00000000e+00,  8.99659036e-03, -2.29927803e-02],
        [ 9.89584057e-01,  9.64324773e-01,  9.63563754e-01, ...,
         -8.99659036e-03,  0.00000000e+00, -3.19860617e-02],
        [ 9.93682295e-01,  9.72298756e-01,  9.71626305e-01, ...,
          2.29927803e-02,  3.19860617e-02,  0.00000000e+00]],

       ...,

       [[ 0.00000000e+00, -7.35429899e-01, -1.76172382e-01, ...,
          2.26433565e-02,  3.68209836e-01,  1.20443107e-03],
        [ 7.35429899e-01,  0.00000000e+00,  6.04552734e-01, ...,
          7.50584496e-01,  9.33259876e-01,  7.36245489e-01],
        [ 1.76172382e-01, -6.04552734e-01,  0.00000000e+00, ...,
          1.98416412e-01,  5.26245777e-01,  1.77357847e-01],
        ...,
        [-2.26433565e-02, -7.50584496e-01, -1.98416412e-01, ...,
          0.00000000e+00,  3.47062934e-01, -2.14392178e-02],
        [-3.68209836e-01, -9.33259876e-01, -5.26245777e-01, ...,
         -3.47062934e-01,  0.00000000e+00, -3.67089758e-01],
        [-1.20443107e-03, -7.36245489e-01, -1.77357847e-01, ...,
          2.14392178e-02,  3.67089758e-01,  0.00000000e+00]],

       [[ 0.00000000e+00, -2.52741833e-02, -5.01669609e-02, ...,
         -9.07964704e-01, -8.29466486e-01, -8.64579845e-01],
        [ 2.52741833e-02,  0.00000000e+00, -2.49085762e-02, ...,
         -9.18265723e-01, -8.43318578e-01, -8.77003824e-01],
        [ 5.01669609e-02,  2.49085762e-02,  0.00000000e+00, ...,
         -9.27843733e-01, -8.56443141e-01, -8.88699876e-01],
        ...,
        [ 9.07964704e-01,  9.18265723e-01,  9.27843733e-01, ...,
          0.00000000e+00, -1.59564422e-01, -9.39488565e-02],
        [ 8.29466486e-01,  8.43318578e-01,  8.56443141e-01, ...,
          1.59564422e-01,  0.00000000e+00,  6.61135341e-02],
        [ 8.64579845e-01,  8.77003824e-01,  8.88699876e-01, ...,
          9.39488565e-02, -6.61135341e-02,  0.00000000e+00]],

       [[ 0.00000000e+00,  6.44060332e-02,  1.65872357e-01, ...,
         -8.51782424e-01, -8.51516881e-01, -8.49869632e-01],
        [-6.44060332e-02,  0.00000000e+00,  1.02014137e-01, ...,
         -8.83755977e-01, -8.83518775e-01, -8.82046640e-01],
        [-1.65872357e-01, -1.02014137e-01,  0.00000000e+00, ...,
         -9.26882693e-01, -9.26692401e-01, -9.25510153e-01],
        ...,
        [ 8.51782424e-01,  8.83755977e-01,  9.26882693e-01, ...,
          0.00000000e+00,  5.06654720e-04,  3.64031995e-03],
        [ 8.51516881e-01,  8.83518775e-01,  9.26692401e-01, ...,
         -5.06654720e-04,  0.00000000e+00,  3.13366812e-03],
        [ 8.49869632e-01,  8.82046640e-01,  9.25510153e-01, ...,
         -3.64031995e-03, -3.13366812e-03,  0.00000000e+00]]]), 'num': array([7.99573839e-01, 6.00542773e-01, 2.83520036e-06, 9.30051707e-04,
       9.40650587e-04, 9.26077127e-04, 4.80276317e-03, 6.62429991e-06,
       9.16538135e-04, 9.24288566e-04, 9.86534904e-04, 6.66875830e-07,
       9.65005331e-04, 8.83571801e-04])}
{'img': array([[[ 0.        ,  0.22840406,  0.18920543, ..., -0.51979261,
         -0.5432084 , -0.50406188],
        [-0.22840406,  0.        , -0.04007446, ..., -0.7011765 ,
         -0.72061703, -0.6880029 ],
        [-0.18920543,  0.04007446,  0.        , ..., -0.67204064,
         -0.69225319, -0.65836787],
        ...,
        [ 0.51979261,  0.7011765 ,  0.67204064, ...,  0.        ,
         -0.02764207,  0.01831173],
        [ 0.5432084 ,  0.72061703,  0.69225319, ...,  0.02764207,
          0.        ,  0.04594216],
        [ 0.50406188,  0.6880029 ,  0.65836787, ..., -0.01831173,
         -0.04594216,  0.        ]],

       [[ 0.        ,  0.2775617 , -0.12931514, ...,  0.01256232,
         -0.45606715, -0.63199782],
        [-0.2775617 ,  0.        , -0.39946523, ..., -0.26547109,
         -0.68516202, -0.82226728],
        [ 0.12931514,  0.39946523,  0.        , ...,  0.14176177,
         -0.33715439, -0.52647591],
        ...,
        [-0.01256232,  0.26547109, -0.14176177, ...,  0.        ,
         -0.46721093, -0.64168337],
        [ 0.45606715,  0.68516202,  0.33715439, ...,  0.46721093,
          0.        , -0.20900511],
        [ 0.63199782,  0.82226728,  0.52647591, ...,  0.64168337,
          0.20900511,  0.        ]],

       [[ 0.        , -0.00285989, -0.08445405, ..., -0.96432477,
         -0.97229876, -0.96895946],
        [ 0.00285989,  0.        , -0.08160403, ..., -0.96356375,
         -0.97162631, -0.96824848],
        [ 0.08445405,  0.08160403,  0.        , ..., -0.93852276,
         -0.94908467, -0.94461903],
        ...,
        [ 0.96432477,  0.96356375,  0.93852276, ...,  0.        ,
         -0.03198606, -0.01810484],
        [ 0.97229876,  0.97162631,  0.94908467, ...,  0.03198606,
          0.        ,  0.01388525],
        [ 0.96895946,  0.96824848,  0.94461903, ...,  0.01810484,
         -0.01388525,  0.        ]],

       ...,

       [[ 0.        ,  0.60455273,  0.55145309, ...,  0.93325988,
          0.73624549,  0.90594946],
        [-0.60455273,  0.        , -0.06505317, ...,  0.52624578,
          0.17735785,  0.46568866],
        [-0.55145309,  0.06505317,  0.        , ...,  0.58044791,
          0.24100401,  0.52227095],
        ...,
        [-0.93325988, -0.52624578, -0.58044791, ...,  0.        ,
         -0.36708976, -0.06971027],
        [-0.73624549, -0.17735785, -0.24100401, ...,  0.36708976,
          0.        ,  0.30135325],
        [-0.90594946, -0.46568866, -0.52227095, ...,  0.06971027,
         -0.30135325,  0.        ]],

       [[ 0.        , -0.02486782, -0.11854084, ..., -0.89214457,
         -0.90095212, -0.84258092],
        [ 0.02486782,  0.        , -0.09381169, ..., -0.90310271,
         -0.9114641 , -0.85571341],
        [ 0.11854084,  0.09381169,  0.        , ..., -0.93940504,
         -0.94603673, -0.90048254],
        ...,
        [ 0.89214457,  0.90310271,  0.93940504, ...,  0.        ,
          0.01988707, -0.09984616],
        [ 0.90095212,  0.9114641 ,  0.94603673, ..., -0.01988707,
          0.        , -0.1196141 ],
        [ 0.84258092,  0.85571341,  0.90048254, ...,  0.09984616,
          0.1196141 ,  0.        ]],

       [[ 0.        ,  0.10201414,  0.41263391, ..., -0.88351878,
         -0.88204664, -0.85600321],
        [-0.10201414,  0.        ,  0.31755681, ..., -0.9266924 ,
         -0.92551015, -0.9042757 ],
        [-0.41263391, -0.31755681,  0.        , ..., -0.99807053,
         -0.99787106, -0.99305028],
        ...,
        [ 0.88351878,  0.9266924 ,  0.99807053, ...,  0.        ,
          0.00313367,  0.05580488],
        [ 0.88204664,  0.92551015,  0.99787106, ..., -0.00313367,
          0.        ,  0.05267582],
        [ 0.85600321,  0.9042757 ,  0.99305028, ..., -0.05580488,
         -0.05267582,  0.        ]]]), 'num': array([ 9.80966391e-01,  1.93997365e-01,  1.13232953e-05,  1.13888426e-03,
        1.16838055e-03,  1.13232953e-03,  7.70061101e-03, -1.14707768e-05,
        1.13888426e-03,  1.14478352e-03,  1.21841498e-03,  7.41835948e-07,
        1.19251843e-03,  1.09704861e-03])}
{'img': array([[[ 0.        , -0.04007446,  0.54640138, ..., -0.72061703,
         -0.6880029 , -0.73336009],
        [ 0.04007446,  0.        ,  0.57952576, ..., -0.69225319,
         -0.65836787, -0.70552674],
        [-0.54640138, -0.57952576,  0.        , ..., -0.98237195,
         -0.97274638, -0.98567201],
        ...,
        [ 0.72061703,  0.69225319,  0.98237195, ...,  0.        ,
          0.04594216, -0.01855842],
        [ 0.6880029 ,  0.65836787,  0.97274638, ..., -0.04594216,
          0.        , -0.06447307],
        [ 0.73336009,  0.70552674,  0.98567201, ...,  0.01855842,
          0.06447307,  0.        ]],

       [[ 0.        , -0.39946523,  0.90051797, ..., -0.68516202,
         -0.82226728, -0.62562795],
        [ 0.39946523,  0.        ,  0.65185336, ..., -0.33715439,
         -0.52647591, -0.26191194],
        [-0.90051797, -0.65185336,  0.        , ..., -0.35800758,
         -0.15494885, -0.4304787 ],
        ...,
        [ 0.68516202,  0.33715439,  0.35800758, ...,  0.        ,
         -0.20900511,  0.0788081 ],
        [ 0.82226728,  0.52647591,  0.15494885, ...,  0.20900511,
          0.        ,  0.28542265],
        [ 0.62562795,  0.26191194,  0.4304787 , ..., -0.0788081 ,
         -0.28542265,  0.        ]],

       [[ 0.        , -0.08160403,  0.08131036, ..., -0.97162631,
         -0.96824848, -0.9484011 ],
        [ 0.08160403,  0.        ,  0.16237301, ..., -0.94908467,
         -0.94461903, -0.91936357],
        [-0.08131036, -0.16237301,  0.        , ..., -0.98764072,
         -0.9853692 , -0.97104211],
        ...,
        [ 0.97162631,  0.94908467,  0.98764072, ...,  0.        ,
          0.01388525,  0.08375952],
        [ 0.96824848,  0.94461903,  0.9853692 , ..., -0.01388525,
          0.        ,  0.06991499],
        [ 0.9484011 ,  0.91936357,  0.97104211, ..., -0.08375952,
         -0.06991499,  0.        ]],

       ...,

       [[ 0.        , -0.06505317,  0.55473849, ...,  0.17735785,
          0.46568866,  0.2259338 ],
        [ 0.06505317,  0.        ,  0.60768929, ...,  0.24100401,
          0.52227095,  0.2888263 ],
        [-0.55473849, -0.60768929,  0.        , ..., -0.39837778,
         -0.10345057, -0.35241191],
        ...,
        [-0.17735785, -0.24100401,  0.39837778, ...,  0.        ,
          0.30135325,  0.0495801 ],
        [-0.46568866, -0.52227095,  0.10345057, ..., -0.30135325,
          0.        , -0.25370738],
        [-0.2259338 , -0.2888263 ,  0.35241191, ..., -0.0495801 ,
          0.25370738,  0.        ]],

       [[ 0.        , -0.09355759, -0.0434804 , ..., -0.93170491,
         -0.91333719, -0.85454018],
        [ 0.09355759,  0.        ,  0.05017942, ..., -0.96159996,
         -0.94742821, -0.89938449],
        [ 0.0434804 , -0.05017942,  0.        , ..., -0.94661656,
         -0.93017883, -0.8763151 ],
        ...,
        [ 0.93170491,  0.96159996,  0.94661656, ...,  0.        ,
         -0.04765525, -0.17353106],
        [ 0.91333719,  0.94742821,  0.93017883, ...,  0.04765525,
          0.        , -0.12640165],
        [ 0.85454018,  0.89938449,  0.8763151 , ...,  0.17353106,
          0.12640165,  0.        ]],

       [[ 0.        ,  0.31755681,  0.32742564, ..., -0.92551015,
         -0.9042757 , -0.88870155],
        [-0.31755681,  0.        ,  0.01042574, ..., -0.99787106,
         -0.99305028, -0.98829709],
        [-0.32742564, -0.01042574,  0.        , ..., -0.99849676,
         -0.99422332, -0.98983373],
        ...,
        [ 0.92551015,  0.99787106,  0.99849676, ...,  0.        ,
          0.05267582,  0.08776207],
        [ 0.9042757 ,  0.99305028,  0.99422332, ..., -0.05267582,
          0.        ,  0.03516765],
        [ 0.88870155,  0.98829709,  0.98983373, ..., -0.08776207,
         -0.03516765,  0.        ]]]), 'num': array([8.26880541e-01, 5.62345108e-01, 3.77907762e-06, 9.65457787e-04,
       9.80629266e-04, 9.58561660e-04, 5.38113069e-03, 6.89612705e-06,
       9.63802716e-04, 9.66561167e-04, 1.02354616e-03, 6.39376018e-07,
       9.96354990e-04, 9.36767344e-04])}
{'img': array([[[ 0.        ,  0.57952576,  0.59519456, ..., -0.65836787,
         -0.70552674, -0.67204064],
        [-0.57952576,  0.        ,  0.01935988, ..., -0.97274638,
         -0.98567201, -0.97682925],
        [-0.59519456, -0.01935988,  0.        , ..., -0.97705308,
         -0.98875277, -0.98078958],
        ...,
        [ 0.65836787,  0.97274638,  0.97705308, ...,  0.        ,
         -0.06447307, -0.01831173],
        [ 0.70552674,  0.98567201,  0.98875277, ...,  0.06447307,
          0.        ,  0.04618863],
        [ 0.67204064,  0.97682925,  0.98078958, ...,  0.01831173,
         -0.04618863,  0.        ]],

       [[ 0.        ,  0.65185336,  0.78919099, ..., -0.52647591,
         -0.26191194, -0.43349996],
        [-0.65185336,  0.        , -0.99881341, ..., -0.15494885,
         -0.4304787 , -0.25867746],
        [-0.78919099,  0.99881341,  0.        , ..., -0.99429637,
         -0.92249439, -0.97741536],
        ...,
        [ 0.52647591,  0.15494885,  0.99429637, ...,  0.        ,
          0.28542265,  0.10587831],
        [ 0.26191194,  0.4304787 ,  0.92249439, ..., -0.28542265,
          0.        , -0.18234436],
        [ 0.43349996,  0.25867746,  0.97741536, ..., -0.10587831,
          0.18234436,  0.        ]],

       [[ 0.        ,  0.16237301,  0.3462763 , ..., -0.94461903,
         -0.91936357, -0.88680044],
        [-0.16237301,  0.        ,  0.18935361, ..., -0.9853692 ,
         -0.97104211, -0.95007321],
        [-0.3462763 , -0.18935361,  0.        , ..., -0.99981503,
         -0.99871312, -0.99196885],
        ...,
        [ 0.94461903,  0.9853692 ,  0.99981503, ...,  0.        ,
          0.06991499,  0.14553769],
        [ 0.91936357,  0.97104211,  0.99871312, ..., -0.06991499,
          0.        ,  0.07601097],
        [ 0.88680044,  0.95007321,  0.99196885, ..., -0.14553769,
         -0.07601097,  0.        ]],

       ...,

       [[ 0.        ,  0.60768929,  0.7870017 , ...,  0.52227095,
          0.2888263 ,  0.34134979],
        [-0.60768929,  0.        ,  0.25010256, ..., -0.10345057,
         -0.35241191, -0.30009782],
        [-0.7870017 , -0.25010256,  0.        , ..., -0.34892351,
         -0.57526926, -0.52913546],
        ...,
        [-0.52227095,  0.10345057,  0.34892351, ...,  0.        ,
         -0.25370738, -0.1998053 ],
        [-0.2888263 ,  0.35241191,  0.57526926, ...,  0.25370738,
          0.        ,  0.05532365],
        [-0.34134979,  0.30009782,  0.52913546, ...,  0.1998053 ,
         -0.05532365,  0.        ]],

       [[ 0.        ,  0.04909139,  0.09375707, ..., -0.99569217,
         -0.99346324, -0.89049271],
        [-0.04909139,  0.        ,  0.04476889, ..., -0.98993988,
         -0.98666151, -0.86708258],
        [-0.09375707, -0.04476889,  0.        , ..., -0.98261305,
         -0.97838454, -0.84391095],
        ...,
        [ 0.99569217,  0.98993988,  0.98261305, ...,  0.        ,
         -0.0215463 , -0.37047052],
        [ 0.99346324,  0.98666151,  0.97838454, ...,  0.0215463 ,
          0.        , -0.35037136],
        [ 0.89049271,  0.86708258,  0.84391095, ...,  0.37047052,
          0.35037136,  0.        ]],

       [[ 0.        ,  0.01042574,  0.00192357, ..., -0.99305028,
         -0.98829709, -0.95960888],
        [-0.01042574,  0.        , -0.00850225, ..., -0.99422332,
         -0.98983373, -0.96248987],
        [-0.00192357,  0.00850225,  0.        , ..., -0.99327483,
         -0.98858869, -0.96014827],
        ...,
        [ 0.99305028,  0.99422332,  0.99327483, ...,  0.        ,
          0.03516765,  0.16644508],
        [ 0.98829709,  0.98983373,  0.98858869, ..., -0.03516765,
          0.        ,  0.13166503],
        [ 0.95960888,  0.96248987,  0.96014827, ..., -0.16644508,
         -0.13166503,  0.        ]]]), 'num': array([ 8.95798330e-01,  4.44428473e-01,  6.52268580e-06,  1.04002271e-03,
        1.05204610e-03,  1.03701687e-03,  4.44478956e-03, -1.20233840e-05,
        1.04783791e-03,  1.05279756e-03,  1.11311487e-03,  7.91012103e-07,
        1.08573181e-03,  1.01986331e-03])}
{'img': array([[[ 0.        ,  0.01935988,  0.        , ..., -0.98567201,
         -0.97682925, -0.99001545],
        [-0.01935988,  0.        , -0.01935988, ..., -0.98875277,
         -0.98078958, -0.99255885],
        [ 0.        ,  0.01935988,  0.        , ..., -0.98567201,
         -0.97682925, -0.99001545],
        ...,
        [ 0.98567201,  0.98875277,  0.98567201, ...,  0.        ,
          0.04618863, -0.02804996],
        [ 0.97682925,  0.98078958,  0.97682925, ..., -0.04618863,
          0.        , -0.07419048],
        [ 0.99001545,  0.99255885,  0.99001545, ...,  0.02804996,
          0.07419048,  0.        ]],

       [[ 0.        , -0.99769954, -0.99941765, ..., -0.50277016,
         -0.37626618, -0.        ],
        [ 0.99769954,  0.        , -0.10179577, ..., -0.89651491,
         -0.9498877 , -0.99769954],
        [ 0.99941765,  0.10179577,  0.        , ..., -0.84676089,
         -0.91313286, -0.99941765],
        ...,
        [ 0.50277016,  0.89651491,  0.84676089, ...,  0.        ,
         -0.14057033, -0.50277016],
        [ 0.37626618,  0.9498877 ,  0.91313286, ...,  0.14057033,
          0.        , -0.37626618],
        [ 0.        ,  0.99769954,  0.99941765, ...,  0.50277016,
          0.37626618,  0.        ]],

       [[ 0.        ,  0.18935361,  0.43238056, ..., -0.97104211,
         -0.95007321, -0.95935932],
        [-0.18935361,  0.        ,  0.25381985, ..., -0.99871312,
         -0.99196885, -0.99543671],
        [-0.43238056, -0.25381985,  0.        , ..., -0.97887949,
         -0.99158711, -0.98705819],
        ...,
        [ 0.97104211,  0.99871312,  0.97887949, ...,  0.        ,
          0.07601097,  0.04481679],
        [ 0.95007321,  0.99196885,  0.99158711, ..., -0.07601097,
          0.        , -0.03124746],
        [ 0.95935932,  0.99543671,  0.98705819, ..., -0.04481679,
          0.03124746,  0.        ]],

       ...,

       [[ 0.        ,  0.25010256,  0.35254668, ..., -0.35241191,
         -0.30009782,  0.01383453],
        [-0.25010256,  0.        ,  0.10729798, ..., -0.57526926,
         -0.52913546, -0.23668377],
        [-0.35254668, -0.10729798,  0.        , ..., -0.65971408,
         -0.61712706, -0.33956667],
        ...,
        [ 0.35241191,  0.57526926,  0.65971408, ...,  0.        ,
          0.05532365,  0.36532516],
        [ 0.30009782,  0.52913546,  0.61712706, ..., -0.05532365,
          0.        ,  0.31326598],
        [-0.01383453,  0.23668377,  0.33956667, ..., -0.36532516,
         -0.31326598,  0.        ]],

       [[ 0.        ,  0.04476889,  0.0850776 , ..., -0.98666151,
         -0.86708258, -0.87524387],
        [-0.04476889,  0.        ,  0.04038573, ..., -0.97838454,
         -0.84391095, -0.85271243],
        [-0.0850776 , -0.04038573,  0.        , ..., -0.96923482,
         -0.82155619, -0.83092003],
        ...,
        [ 0.98666151,  0.97838454,  0.96923482, ...,  0.        ,
         -0.35037136, -0.33475344],
        [ 0.86708258,  0.84391095,  0.82155619, ...,  0.35037136,
          0.        ,  0.01662324],
        [ 0.87524387,  0.85271243,  0.83092003, ...,  0.33475344,
         -0.01662324,  0.        ]],

       [[ 0.        , -0.00850225, -0.00575181, ..., -0.98983373,
         -0.96248987, -0.96469234],
        [ 0.00850225,  0.        ,  0.00275051, ..., -0.98858869,
         -0.96014827, -0.96241816],
        [ 0.00575181, -0.00275051,  0.        , ..., -0.98899928,
         -0.96091338, -0.96316148],
        ...,
        [ 0.98983373,  0.98858869,  0.98899928, ...,  0.        ,
          0.13166503,  0.12349422],
        [ 0.96248987,  0.96014827,  0.96091338, ..., -0.13166503,
          0.        , -0.00823806],
        [ 0.96469234,  0.96241816,  0.96316148, ..., -0.12349422,
          0.00823806,  0.        ]]]), 'num': array([8.99275606e-01, 4.37239213e-01, 6.41717213e-06, 1.06459998e-03,
       1.06459998e-03, 1.02615610e-03, 1.07902975e-02, 4.14011105e-05,
       1.03768926e-03, 1.03768926e-03, 1.09239787e-03, 7.50857194e-07,
       1.07208215e-03, 1.00329637e-03])}
{'img': array([[[ 0.00000000e+00, -1.93598834e-02, -2.11463086e-01, ...,
         -9.80789576e-01, -9.92558849e-01, -9.29984828e-01],
        [ 1.93598834e-02,  0.00000000e+00, -1.92501375e-01, ...,
         -9.76829249e-01, -9.90015451e-01, -9.22693878e-01],
        [ 2.11463086e-01,  1.92501375e-01,  0.00000000e+00, ...,
         -9.17360151e-01, -9.44364119e-01, -8.31220750e-01],
        ...,
        [ 9.80789576e-01,  9.76829249e-01,  9.17360151e-01, ...,
          0.00000000e+00, -7.41904793e-02,  1.79125238e-01],
        [ 9.92558849e-01,  9.90015451e-01,  9.44364119e-01, ...,
          7.41904793e-02,  0.00000000e+00,  2.51622128e-01],
        [ 9.29984828e-01,  9.22693878e-01,  8.31220750e-01, ...,
         -1.79125238e-01, -2.51622128e-01,  0.00000000e+00]],

       [[ 0.00000000e+00, -1.06270606e-01, -7.45068332e-01, ...,
         -9.60862258e-01, -9.93593656e-01, -7.29804039e-01],
        [ 1.06270606e-01,  0.00000000e+00, -6.69967959e-01, ...,
         -9.25981350e-01, -9.99977002e-01, -6.53018759e-01],
        [ 7.45068332e-01,  6.69967959e-01,  0.00000000e+00, ...,
         -4.34480006e-01, -7.46916632e-01,  2.26000888e-02],
        ...,
        [ 9.60862258e-01,  9.25981350e-01,  4.34480006e-01, ...,
          0.00000000e+00, -3.83840530e-01,  4.54724515e-01],
        [ 9.93593656e-01,  9.99977002e-01,  7.46916632e-01, ...,
          3.83840530e-01,  0.00000000e+00,  7.61753057e-01],
        [ 7.29804039e-01,  6.53018759e-01, -2.26000888e-02, ...,
         -4.54724515e-01, -7.61753057e-01,  0.00000000e+00]],

       [[ 0.00000000e+00,  2.53819855e-01,  4.01981517e-01, ...,
         -9.91968853e-01, -9.95436707e-01, -9.83327324e-01],
        [-2.53819855e-01,  0.00000000e+00,  1.56407641e-01, ...,
         -9.91587112e-01, -9.87058193e-01, -9.97280549e-01],
        [-4.01981517e-01, -1.56407641e-01,  0.00000000e+00, ...,
         -9.59137663e-01, -9.49828146e-01, -9.73479558e-01],
        ...,
        [ 9.91968853e-01,  9.91587112e-01,  9.59137663e-01, ...,
          0.00000000e+00, -3.12474567e-02,  5.60103573e-02],
        [ 9.95436707e-01,  9.87058193e-01,  9.49828146e-01, ...,
          3.12474567e-02,  0.00000000e+00,  8.71814103e-02],
        [ 9.83327324e-01,  9.97280549e-01,  9.73479558e-01, ...,
         -5.60103573e-02, -8.71814103e-02,  0.00000000e+00]],

       ...,

       [[ 0.00000000e+00,  1.07297984e-01,  2.56543921e-02, ...,
         -5.29135459e-01, -2.36683765e-01, -3.27616567e-01],
        [-1.07297984e-01,  0.00000000e+00, -8.17563823e-02, ...,
         -6.17127059e-01, -3.39566667e-01, -4.27101497e-01],
        [-2.56543921e-02,  8.17563823e-02,  0.00000000e+00, ...,
         -5.50730016e-01, -2.61531333e-01, -3.51747285e-01],
        ...,
        [ 5.29135459e-01,  6.17127059e-01,  5.50730016e-01, ...,
          0.00000000e+00,  3.13265976e-01,  2.21937978e-01],
        [ 2.36683765e-01,  3.39566667e-01,  2.61531333e-01, ...,
         -3.13265976e-01,  0.00000000e+00, -9.46865431e-02],
        [ 3.27616567e-01,  4.27101497e-01,  3.51747285e-01, ...,
