state_0,state_1,state_2,state_3,state_4,state_5,state_6,state_7,state_8,state_9,state_10,state_11,state_12,state_13,state_14,state_15,state_16,state_17,state_18,state_19,state_20,state_21,state_22,state_23,state_24,state_25,state_26,state_27,state_28,state_29,state_30,state_31,state_32,state_33,state_34,state_35,state_36,state_37,state_38,state_39,state_40,state_41,state_42,state_43,state_44,state_45,state_46,state_47,state_48,state_49,state_50,state_51,state_52,state_53,state_54,state_55,state_56,state_57,state_58,state_59,state_60,state_61,state_62,state_63,state_64,state_65,state_66,state_67,state_68,state_69,state_70,state_71,state_72,state_73,state_74,state_75,state_76,state_77,state_78,state_79,state_80,state_81,state_82,state_83,state_84,state_85,state_86,state_87,state_88,state_89,state_90,state_91,state_92,state_93,state_94,state_95,state_96,state_97,state_98,state_99,state_100,state_101,state_102,state_103,state_104,state_105,state_106,state_107,state_108,state_109,state_110,state_111,state_112,state_113,state_114,state_115,state_116,state_117,state_118,state_119,state_120,state_121,state_122,state_123,state_124,state_125,state_126,state_127,state_128,state_129,state_130,state_131,state_132,state_133,state_134,state_135,state_136,state_137,state_138,state_139,state_140,state_141,state_142,state_143,state_144,state_145,state_146,state_147,state_148,state_149,state_150,state_151,state_152,state_153,state_154,state_155,state_156,state_157,state_158,state_159,state_160,state_161,state_162,state_163,state_164,state_165,state_166,state_167,state_168,state_169,state_170,state_171,state_172,state_173,state_174,state_175,state_176,state_177,state_178,state_179,state_180,state_181,state_182,state_183,state_184,state_185,state_186,state_187,state_188,state_189,state_190,state_191,state_192,state_193,state_194,state_195,state_196,state_197,state_198,state_199,state_200,state_201,state_202,state_203,state_204,state_205,state_206,state_207,state_208,state_209,state_210,state_211,state_212,state_213,state_214,state_215,state_216,state_217,state_218,state_219,state_220,state_221,state_222,state_223,state_224,state_225,state_226,state_227,state_228,state_229,state_230,state_231,state_232,state_233,state_234,state_235,state_236,state_237,state_238,state_239,state_240,state_241,state_242,state_243,state_244,state_245,state_246,state_247,state_248,state_249,state_250,state_251,state_252,state_253,state_254,state_255,state_256,state_257,state_258,state_259,state_260,state_261,state_262,state_263,state_264,state_265,state_266,state_267,state_268,state_269,state_270,state_271,state_272,state_273,state_274,state_275,state_276,state_277,state_278,state_279,state_280,state_281,state_282,state_283,state_284,state_285,state_286,state_287
{'img': array([[[ 0.        ,  0.19174275, -0.29353604, ..., -0.92968177,
         -0.92334507, -0.91675305],
        [-0.19174275,  0.        , -0.47138564, ..., -0.9830628 ,
         -0.9798363 , -0.97633539],
        [ 0.29353604,  0.47138564,  0.        , ..., -0.78059943,
         -0.7699605 , -0.75911397],
        ...,
        [ 0.92968177,  0.9830628 ,  0.78059943, ...,  0.        ,
          0.01684424,  0.033667  ],
        [ 0.92334507,  0.9798363 ,  0.7699605 , ..., -0.01684424,
          0.        ,  0.01682753],
        [ 0.91675305,  0.97633539,  0.75911397, ..., -0.033667  ,
         -0.01682753,  0.        ]],

       [[ 0.        , -0.23029472,  0.01518282, ..., -0.89322214,
         -0.70231158, -0.30213317],
        [ 0.23029472,  0.        ,  0.24504289, ..., -0.76566906,
         -0.51949427, -0.07448005],
        [-0.01518282, -0.24504289,  0.        , ..., -0.89994562,
         -0.71303882, -0.31657161],
        ...,
        [ 0.89322214,  0.76566906,  0.89994562, ...,  0.        ,
          0.3200875 ,  0.71563426],
        [ 0.70231158,  0.51949427,  0.71303882, ..., -0.3200875 ,
          0.        ,  0.45441012],
        [ 0.30213317,  0.07448005,  0.31657161, ..., -0.71563426,
         -0.45441012,  0.        ]],

       [[ 0.        ,  0.1738113 ,  0.30002074, ..., -0.85368691,
         -0.82786655, -0.82580965],
        [-0.1738113 ,  0.        ,  0.12964984, ..., -0.93121151,
         -0.91276069, -0.91126069],
        [-0.30002074, -0.12964984,  0.        , ..., -0.97060662,
         -0.95801812, -0.9569632 ],
        ...,
        [ 0.85368691,  0.93121151,  0.97060662, ...,  0.        ,
          0.04771264,  0.05136525],
        [ 0.82786655,  0.91276069,  0.95801812, ..., -0.04771264,
          0.        ,  0.0036571 ],
        [ 0.82580965,  0.91126069,  0.9569632 , ..., -0.05136525,
         -0.0036571 ,  0.        ]],

       ...,

       [[ 0.        ,  0.27278871,  0.1810057 , ...,  0.9542154 ,
          0.76066517,  0.71374227],
        [-0.27278871,  0.        , -0.09414193, ...,  0.83642915,
          0.55473689,  0.49560934],
        [-0.1810057 ,  0.09414193,  0.        , ...,  0.88431124,
          0.6306017 ,  0.57517479],
        ...,
        [-0.9542154 , -0.83642915, -0.88431124, ...,  0.        ,
         -0.3918932 , -0.4548457 ],
        [-0.76066517, -0.55473689, -0.6306017 , ...,  0.3918932 ,
          0.        , -0.06945449],
        [-0.71374227, -0.49560934, -0.57517479, ...,  0.4548457 ,
          0.06945449,  0.        ]],

       [[ 0.        , -0.02755848, -0.05640583, ..., -0.96395982,
         -0.94253656, -0.92262802],
        [ 0.02755848,  0.        , -0.0288698 , ..., -0.95626183,
         -0.9329712 , -0.91164854],
        [ 0.05640583,  0.0288698 ,  0.        , ..., -0.94741848,
         -0.92219061, -0.89940391],
        ...,
        [ 0.96395982,  0.95626183,  0.94741848, ...,  0.        ,
          0.07130208,  0.12632742],
        [ 0.94253656,  0.9329712 ,  0.92219061, ..., -0.07130208,
          0.        ,  0.05527503],
        [ 0.92262802,  0.91164854,  0.89940391, ..., -0.12632742,
         -0.05527503,  0.        ]],

       [[ 0.        ,  0.11802781, -0.00926858, ..., -0.64835698,
         -0.65714909, -0.70626473],
        [-0.11802781,  0.        , -0.12722654, ..., -0.55396627,
         -0.56359109, -0.61777061],
        [ 0.00926858,  0.12722654,  0.        , ..., -0.65538564,
         -0.66410715, -0.71279607],
        ...,
        [ 0.64835698,  0.55396627,  0.65538564, ...,  0.        ,
          0.01160561,  0.07870219],
        [ 0.65714909,  0.56359109,  0.66410715, ..., -0.01160561,
          0.        ,  0.06712728],
        [ 0.70626473,  0.61777061,  0.71279607, ..., -0.07870219,
         -0.06712728,  0.        ]]]), 'num': array([ 9.75718583e-01,  2.03604833e-01,  1.25751432e-05,  3.28419308e-04,
        3.34837926e-04,  3.27884423e-04,  8.07308147e-02, -2.67442433e-06,
        3.29382100e-04,  3.19406498e-04,  3.33598776e-04,  3.34303041e-07,
        3.39466534e-04,  2.99346461e-04])}
{'img': array([[[ 0.        , -0.47138564, -0.5520386 , ..., -0.9798363 ,
         -0.97633539, -0.99108523],
        [ 0.47138564,  0.        , -0.09380776, ..., -0.7699605 ,
         -0.75911397, -0.81126261],
        [ 0.5520386 ,  0.09380776,  0.        , ..., -0.70670729,
         -0.69470164, -0.7528375 ],
        ...,
        [ 0.9798363 ,  0.7699605 ,  0.70670729, ...,  0.        ,
          0.01682753, -0.06747781],
        [ 0.97633539,  0.75911397,  0.69470164, ..., -0.01682753,
          0.        , -0.08425743],
        [ 0.99108523,  0.81126261,  0.7528375 , ...,  0.06747781,
          0.08425743,  0.        ]],

       [[ 0.        ,  0.24504289,  0.03309865, ..., -0.51949427,
         -0.07448005,  0.30152175],
        [-0.24504289,  0.        , -0.21281908, ..., -0.71303882,
         -0.31657161,  0.05869061],
        [-0.03309865,  0.21281908,  0.        , ..., -0.54749157,
         -0.10744596,  0.26979833],
        ...,
        [ 0.51949427,  0.71303882,  0.54749157, ...,  0.        ,
          0.45441012,  0.75295912],
        [ 0.07448005,  0.31657161,  0.10744596, ..., -0.45441012,
          0.        ,  0.37169797],
        [-0.30152175, -0.05869061, -0.26979833, ..., -0.75295912,
         -0.37169797,  0.        ]],

       [[ 0.        ,  0.12964984,  0.02795555, ..., -0.91276069,
         -0.91126069, -0.90974924],
        [-0.12964984,  0.        , -0.10187957, ..., -0.95801812,
         -0.9569632 , -0.95589601],
        [-0.02795555,  0.10187957,  0.        , ..., -0.92382365,
         -0.92241747, -0.92099966],
        ...,
        [ 0.91276069,  0.95801812,  0.92382365, ...,  0.        ,
          0.0036571 ,  0.00731233],
        [ 0.91126069,  0.9569632 ,  0.92241747, ..., -0.0036571 ,
          0.        ,  0.00365529],
        [ 0.90974924,  0.95589601,  0.92099966, ..., -0.00731233,
         -0.00365529,  0.        ]],

       ...,

       [[ 0.        , -0.09414193, -0.17686394, ...,  0.55473689,
          0.49560934,  0.35170343],
        [ 0.09414193,  0.        , -0.08342064, ...,  0.6306017 ,
          0.57517479,  0.43826879],
        [ 0.17686394,  0.08342064,  0.        , ...,  0.693147  ,
          0.6414106 ,  0.5117233 ],
        ...,
        [-0.55473689, -0.6306017 , -0.693147  , ...,  0.        ,
         -0.06945449, -0.22666923],
        [-0.49560934, -0.57517479, -0.6414106 , ...,  0.06945449,
          0.        , -0.15847514],
        [-0.35170343, -0.43826879, -0.5117233 , ...,  0.22666923,
          0.15847514,  0.        ]],

       [[ 0.        , -0.0288698 , -0.05012711, ..., -0.9329712 ,
         -0.91164854, -0.90764938],
        [ 0.0288698 ,  0.        , -0.02127271, ..., -0.92219061,
         -0.89940391, -0.89515356],
        [ 0.05012711,  0.02127271,  0.        , ..., -0.91375501,
         -0.88990168, -0.88546851],
        ...,
        [ 0.9329712 ,  0.92219061,  0.91375501, ...,  0.        ,
          0.05527503,  0.06488594],
        [ 0.91164854,  0.89940391,  0.88990168, ..., -0.05527503,
          0.        ,  0.00962819],
        [ 0.90764938,  0.89515356,  0.88546851, ..., -0.06488594,
         -0.00962819,  0.        ]],

       [[ 0.        , -0.12722654, -0.22081194, ..., -0.56359109,
         -0.61777061, -0.7145339 ],
        [ 0.12722654,  0.        , -0.09493142, ..., -0.66410715,
         -0.71279607, -0.79773516],
        [ 0.22081194,  0.09493142,  0.        , ..., -0.7320822 ,
         -0.77615912, -0.85137684],
        ...,
        [ 0.56359109,  0.66410715,  0.7320822 , ...,  0.        ,
          0.06712728,  0.19595474],
        [ 0.61777061,  0.71279607,  0.77615912, ..., -0.06712728,
          0.        ,  0.12968687],
        [ 0.7145339 ,  0.79773516,  0.85137684, ..., -0.19595474,
         -0.12968687,  0.        ]]]), 'num': array([ 4.55781284e-01,  4.48617138e-01,  1.16870247e-07,  3.58207308e-03,
        3.60544713e-03,  3.52363795e-03,  7.68703299e-01, -5.84351236e-06,
        3.60077232e-03,  3.50172478e-03,  3.63807340e-03,  3.87579902e-06,
        3.71260596e-03,  3.29084360e-03])}
{'img': array([[[ 0.        , -0.09380776, -0.17963532, ..., -0.75911397,
         -0.81126261, -0.8210622 ],
        [ 0.09380776,  0.        , -0.08656136, ..., -0.69470164,
         -0.7528375 , -0.76389248],
        [ 0.17963532,  0.08656136,  0.        , ..., -0.62983067,
         -0.69303649, -0.70516341],
        ...,
        [ 0.75911397,  0.69470164,  0.62983067, ...,  0.        ,
         -0.08425743, -0.10114513],
        [ 0.81126261,  0.7528375 ,  0.69303649, ...,  0.08425743,
          0.        , -0.01696013],
        [ 0.8210622 ,  0.76389248,  0.70516341, ...,  0.10114513,
          0.01696013,  0.        ]],

       [[ 0.        , -0.21281908,  0.22063805, ..., -0.31657161,
          0.05869061, -0.09943515],
        [ 0.21281908,  0.        ,  0.42315791, ..., -0.10744596,
          0.26979833,  0.11460711],
        [-0.22063805, -0.42315791,  0.        , ..., -0.51806027,
         -0.1630135 , -0.31652923],
        ...,
        [ 0.31657161,  0.10744596,  0.51806027, ...,  0.        ,
          0.37169797,  0.22068163],
        [-0.05869061, -0.26979833,  0.1630135 , ..., -0.37169797,
          0.        , -0.15766349],
        [ 0.09943515, -0.11460711,  0.31652923, ..., -0.22068163,
          0.15766349,  0.        ]],

       [[ 0.        , -0.10187957, -0.2058292 , ..., -0.9569632 ,
         -0.95589601, -0.95372489],
        [ 0.10187957,  0.        , -0.10506011, ..., -0.92241747,
         -0.92099966, -0.9181292 ],
        [ 0.2058292 ,  0.10506011,  0.        , ..., -0.87673908,
         -0.87497516, -0.87141482],
        ...,
        [ 0.9569632 ,  0.92241747,  0.87673908, ...,  0.        ,
          0.00365529,  0.01096045],
        [ 0.95589601,  0.92099966,  0.87497516, ..., -0.00365529,
          0.        ,  0.00730531],
        [ 0.95372489,  0.9181292 ,  0.87141482, ..., -0.01096045,
         -0.00730531,  0.        ]],

       ...,

       [[ 0.        , -0.08342064, -0.24988847, ...,  0.57517479,
          0.43826879,  0.58873696],
        [ 0.08342064,  0.        , -0.16824338, ...,  0.6414106 ,
          0.5117233 ,  0.65411583],
        [ 0.24988847,  0.16824338,  0.        , ...,  0.76134355,
          0.64897529,  0.77205008],
        ...,
        [-0.57517479, -0.6414106 , -0.76134355, ...,  0.        ,
         -0.15847514,  0.01667683],
        [-0.43826879, -0.5117233 , -0.64897529, ...,  0.15847514,
          0.        ,  0.17491918],
        [-0.58873696, -0.65411583, -0.77205008, ..., -0.01667683,
         -0.17491918,  0.        ]],

       [[ 0.        , -0.02127271, -0.04499841, ..., -0.89940391,
         -0.89515356, -0.88900923],
        [ 0.02127271,  0.        , -0.02373706, ..., -0.88990168,
         -0.88546851, -0.87906751],
        [ 0.04499841,  0.02373706,  0.        , ..., -0.87882323,
         -0.87418842, -0.86750443],
        ...,
        [ 0.89940391,  0.88990168,  0.87882323, ...,  0.        ,
          0.00962819,  0.02322499],
        [ 0.89515356,  0.88546851,  0.87418842, ..., -0.00962819,
          0.        ,  0.01359832],
        [ 0.88900923,  0.87906751,  0.86750443, ..., -0.02322499,
         -0.01359832,  0.        ]],

       [[ 0.        , -0.18158545, -0.2813993 , ..., -0.61887846,
         -0.71573178, -0.77377848],
        [ 0.18158545,  0.        , -0.10247336, ..., -0.75122268,
         -0.83064765, -0.87594099],
        [ 0.2813993 ,  0.10247336,  0.        , ..., -0.81490548,
         -0.88333192, -0.92076484],
        ...,
        [ 0.61887846,  0.75122268,  0.81490548, ...,  0.        ,
          0.12998842,  0.2157603 ],
        [ 0.71573178,  0.83064765,  0.88333192, ..., -0.12998842,
          0.        ,  0.08700297],
        [ 0.77377848,  0.87594099,  0.92076484, ..., -0.2157603 ,
         -0.08700297,  0.        ]]]), 'num': array([4.46525779e-01, 4.39462040e-01, 1.14485233e-07, 3.53186942e-03,
       3.54331795e-03, 3.49179959e-03, 7.79352210e-01, 2.28970465e-05,
       3.52729001e-03, 3.44314337e-03, 3.55925047e-03, 3.91063418e-06,
       3.64115649e-03, 3.24513024e-03])}
{'img': array([[[ 0.        , -0.08656136, -0.08656136, ..., -0.7528375 ,
         -0.76389248, -0.71852442],
        [ 0.08656136,  0.        ,  0.        , ..., -0.69303649,
         -0.70516341, -0.65562388],
        [ 0.08656136,  0.        ,  0.        , ..., -0.69303649,
         -0.70516341, -0.65562388],
        ...,
        [ 0.7528375 ,  0.69303649,  0.69303649, ...,  0.        ,
         -0.01696013,  0.05066239],
        [ 0.76389248,  0.70516341,  0.70516341, ...,  0.01696013,
          0.        ,  0.06759345],
        [ 0.71852442,  0.65562388,  0.65562388, ..., -0.05066239,
         -0.06759345,  0.        ]],

       [[ 0.        ,  0.42315791,  0.04291474, ...,  0.26979833,
          0.11460711,  0.15304971],
        [-0.42315791,  0.        , -0.38388492, ..., -0.1630135 ,
         -0.31652923, -0.27950088],
        [-0.04291474,  0.38388492,  0.        , ...,  0.22822645,
          0.07186955,  0.11049957],
        ...,
        [-0.26979833,  0.1630135 , -0.22822645, ...,  0.        ,
         -0.15766349, -0.11924556],
        [-0.11460711,  0.31652923, -0.07186955, ...,  0.15766349,
          0.        ,  0.03878439],
        [-0.15304971,  0.27950088, -0.11049957, ...,  0.11924556,
         -0.03878439,  0.        ]],

       [[ 0.        , -0.10506011, -0.20655518, ..., -0.92099966,
         -0.9181292 , -0.9181292 ],
        [ 0.10506011,  0.        , -0.1026176 , ..., -0.87497516,
         -0.87141482, -0.87141482],
        [ 0.20655518,  0.1026176 ,  0.        , ..., -0.82067192,
         -0.81647577, -0.81647577],
        ...,
        [ 0.92099966,  0.87497516,  0.82067192, ...,  0.        ,
          0.00730531,  0.00730531],
        [ 0.9181292 ,  0.87141482,  0.81647577, ..., -0.00730531,
          0.        ,  0.        ],
        [ 0.9181292 ,  0.87141482,  0.81647577, ..., -0.00730531,
          0.        ,  0.        ]],

       ...,

       [[ 0.        , -0.16824338, -0.18759541, ...,  0.5117233 ,
          0.65411583,  0.73493956],
        [ 0.16824338,  0.        , -0.01966489, ...,  0.64897529,
          0.77205008,  0.83855468],
        [ 0.18759541,  0.01966489,  0.        , ...,  0.66381102,
          0.78439903,  0.8491063 ],
        ...,
        [-0.5117233 , -0.64897529, -0.66381102, ...,  0.        ,
          0.17491918,  0.28440729],
        [-0.65411583, -0.77205008, -0.78439903, ..., -0.17491918,
          0.        ,  0.11232688],
        [-0.73493956, -0.83855468, -0.8491063 , ..., -0.28440729,
         -0.11232688,  0.        ]],

       [[ 0.        , -0.02373706, -0.02498258, ..., -0.88546851,
         -0.87906751, -0.87186424],
        [ 0.02373706,  0.        , -0.00124589, ..., -0.87418842,
         -0.86750443, -0.85999341],
        [ 0.02498258,  0.00124589,  0.        , ..., -0.87358276,
         -0.86688401, -0.85935696],
        ...,
        [ 0.88546851,  0.87418842,  0.87358276, ...,  0.        ,
          0.01359832,  0.02850134],
        [ 0.87906751,  0.86750443,  0.86688401, ..., -0.01359832,
          0.        ,  0.01490591],
        [ 0.87186424,  0.85999341,  0.85935696, ..., -0.02850134,
         -0.01490591,  0.        ]],

       [[ 0.        , -0.21769776, -0.30388226, ..., -0.71819003,
         -0.77628356, -0.82807131],
        [ 0.21769776,  0.        , -0.08919127, ..., -0.85244946,
         -0.89489852, -0.93025737],
        [ 0.30388226,  0.08919127,  0.        , ..., -0.8956821 ,
         -0.93113527, -0.9592748 ],
        ...,
        [ 0.71819003,  0.85244946,  0.8956821 , ...,  0.        ,
          0.08743919,  0.17357727],
        [ 0.77628356,  0.89489852,  0.93113527, ..., -0.08743919,
          0.        ,  0.08680055],
        [ 0.82807131,  0.93025737,  0.9592748 , ..., -0.17357727,
         -0.08680055,  0.        ]]]), 'num': array([ 5.24805854e-01,  5.16556753e-01,  1.34569347e-07,  4.12455050e-03,
        4.14473590e-03,  4.10436509e-03,  6.76470756e-01, -2.69138695e-05,
        4.13935312e-03,  4.06365787e-03,  4.17826609e-03,  4.64264248e-06,
        4.26749712e-03,  3.85981862e-03])}
{'img': array([[[ 0.        ,  0.        , -0.15818138, ..., -0.70516341,
         -0.65562388, -0.70516341],
        [ 0.        ,  0.        , -0.15818138, ..., -0.70516341,
         -0.65562388, -0.70516341],
        [ 0.15818138,  0.15818138,  0.        , ..., -0.58412776,
         -0.52792881, -0.58412776],
        ...,
        [ 0.70516341,  0.70516341,  0.58412776, ...,  0.        ,
          0.06759345,  0.        ],
        [ 0.65562388,  0.65562388,  0.52792881, ..., -0.06759345,
          0.        , -0.06759345],
        [ 0.70516341,  0.70516341,  0.58412776, ...,  0.        ,
          0.06759345,  0.        ]],

       [[ 0.        , -0.38388492, -0.061749  , ..., -0.31652923,
         -0.27950088, -0.57897442],
        [ 0.38388492,  0.        ,  0.32613451, ...,  0.07186955,
          0.11049957, -0.22161502],
        [ 0.061749  , -0.32613451,  0.        , ..., -0.25735116,
         -0.21967949, -0.52752278],
        ...,
        [ 0.31652923, -0.07186955,  0.25735116, ...,  0.        ,
          0.03878439, -0.2911244 ],
        [ 0.27950088, -0.11049957,  0.21967949, ..., -0.03878439,
          0.        , -0.3280098 ],
        [ 0.57897442,  0.22161502,  0.52752278, ...,  0.2911244 ,
          0.3280098 ,  0.        ]],

       [[ 0.        , -0.1026176 , -0.24979042, ..., -0.87141482,
         -0.87141482, -0.88023437],
        [ 0.1026176 ,  0.        , -0.14910713, ..., -0.81647577,
         -0.81647577, -0.82689143],
        [ 0.24979042,  0.14910713,  0.        , ..., -0.72125699,
         -0.72125699, -0.73379553],
        ...,
        [ 0.87141482,  0.81647577,  0.72125699, ...,  0.        ,
          0.        , -0.01827572],
        [ 0.87141482,  0.81647577,  0.72125699, ...,  0.        ,
          0.        , -0.01827572],
        [ 0.88023437,  0.82689143,  0.73379553, ...,  0.01827572,
          0.01827572,  0.        ]],

       ...,

       [[ 0.        , -0.01966489, -0.17602966, ...,  0.77205008,
          0.83855468,  0.86204772],
        [ 0.01966489,  0.        , -0.1566378 , ...,  0.78439903,
          0.8491063 ,  0.87184772],
        [ 0.17602966,  0.1566378 ,  0.        , ...,  0.87187212,
          0.92136456,  0.93780333],
        ...,
        [-0.77205008, -0.78439903, -0.87187212, ...,  0.        ,
          0.11232688,  0.1565886 ],
        [-0.83855468, -0.8491063 , -0.92136456, ..., -0.11232688,
          0.        ,  0.04465639],
        [-0.86204772, -0.87184772, -0.93780333, ..., -0.1565886 ,
         -0.04465639,  0.        ]],

       [[ 0.        , -0.00124589, -0.06215236, ..., -0.86750443,
         -0.85999341, -0.87811276],
        [ 0.00124589,  0.        , -0.06090883, ..., -0.86688401,
         -0.85935696, -0.87751597],
        [ 0.06215236,  0.06090883,  0.        , ..., -0.83491084,
         -0.82661409, -0.84667805],
        ...,
        [ 0.86750443,  0.86688401,  0.83491084, ...,  0.        ,
          0.01490591, -0.02173841],
        [ 0.85999341,  0.85935696,  0.82661409, ..., -0.01490591,
          0.        , -0.03663838],
        [ 0.87811276,  0.87751597,  0.84667805, ...,  0.02173841,
          0.03663838,  0.        ]],

       [[ 0.        , -0.1024092 , -0.18223486, ..., -0.8770176 ,
         -0.91550042, -0.96416056],
        [ 0.1024092 ,  0.        , -0.08058237, ..., -0.9216099 ,
         -0.95188801, -0.9862625 ],
        [ 0.18223486,  0.08058237,  0.        , ..., -0.94988821,
         -0.97348658, -0.99636617],
        ...,
        [ 0.8770176 ,  0.9216099 ,  0.94988821, ...,  0.        ,
          0.08702064,  0.23054905],
        [ 0.91550042,  0.95188801,  0.97348658, ..., -0.08702064,
          0.        ,  0.1449981 ],
        [ 0.96416056,  0.9862625 ,  0.99636617, ..., -0.23054905,
         -0.1449981 ,  0.        ]]]), 'num': array([5.47350105e-01, 5.38719018e-01, 1.40342888e-07, 4.31554381e-03,
       4.33659525e-03, 4.29449238e-03, 6.40345233e-01, 1.40342888e-05,
       4.31133353e-03, 4.24958266e-03, 4.35261773e-03, 4.19206030e-06,
       4.45234778e-03, 4.04681754e-03])}
{'img': array([[[ 0.00000000e+00, -1.58181384e-01,  1.79635316e-01, ...,
         -6.55623876e-01, -7.05163410e-01, -6.80736932e-01],
        [ 1.58181384e-01,  0.00000000e+00,  3.32982011e-01, ...,
         -5.27928811e-01, -5.84127762e-01, -5.56294215e-01],
        [-1.79635316e-01, -3.32982011e-01,  0.00000000e+00, ...,
         -7.80599427e-01, -8.21062201e-01, -8.01251464e-01],
        ...,
        [ 6.55623876e-01,  5.27928811e-01,  7.80599427e-01, ...,
          0.00000000e+00, -6.75934534e-02, -3.37532112e-02],
        [ 7.05163410e-01,  5.84127762e-01,  8.21062201e-01, ...,
          6.75934534e-02,  0.00000000e+00,  3.38789228e-02],
        [ 6.80736932e-01,  5.56294215e-01,  8.01251464e-01, ...,
          3.37532112e-02, -3.38789228e-02,  0.00000000e+00]],

       [[ 0.00000000e+00,  3.26134506e-01,  1.86160853e-01, ...,
          1.10499571e-01, -2.21615022e-01, -3.26085873e-01],
        [-3.26134506e-01,  0.00000000e+00, -1.44451235e-01, ...,
         -2.19679487e-01, -5.27522784e-01, -6.16564642e-01],
        [-1.86160853e-01,  1.44451235e-01,  0.00000000e+00, ...,
         -7.64528768e-02, -3.99272853e-01, -4.96370986e-01],
        ...,
        [-1.10499571e-01,  2.19679487e-01,  7.64528768e-02, ...,
          0.00000000e+00, -3.28009804e-01, -4.28548660e-01],
        [ 2.21615022e-01,  5.27522784e-01,  3.99272853e-01, ...,
          3.28009804e-01,  0.00000000e+00, -1.08475921e-01],
        [ 3.26085873e-01,  6.16564642e-01,  4.96370986e-01, ...,
          4.28548660e-01,  1.08475921e-01,  0.00000000e+00]],

       [[ 0.00000000e+00, -1.49107134e-01, -1.49107134e-01, ...,
         -8.16475769e-01, -8.26891434e-01, -8.35044028e-01],
        [ 1.49107134e-01,  0.00000000e+00,  0.00000000e+00, ...,
         -7.21256992e-01, -7.33795528e-01, -7.43672881e-01],
        [ 1.49107134e-01,  0.00000000e+00,  0.00000000e+00, ...,
         -7.21256992e-01, -7.33795528e-01, -7.43672881e-01],
        ...,
        [ 8.16475769e-01,  7.21256992e-01,  7.21256992e-01, ...,
          0.00000000e+00, -1.82757170e-02, -3.29262800e-02],
        [ 8.26891434e-01,  7.33795528e-01,  7.33795528e-01, ...,
          1.82757170e-02,  0.00000000e+00, -1.46549733e-02],
        [ 8.35044028e-01,  7.43672881e-01,  7.43672881e-01, ...,
          3.29262800e-02,  1.46549733e-02,  0.00000000e+00]],

       ...,

       [[ 0.00000000e+00, -1.56637805e-01,  2.12819606e-01, ...,
          8.49106295e-01,  8.71847720e-01,  5.78734112e-01],
        [ 1.56637805e-01,  0.00000000e+00,  3.63242054e-01, ...,
          9.21364561e-01,  9.37803332e-01,  6.99330966e-01],
        [-2.12819606e-01, -3.63242054e-01,  0.00000000e+00, ...,
          7.17238549e-01,  7.47640846e-01,  3.91918329e-01],
        ...,
        [-8.49106295e-01, -9.21364561e-01, -7.17238549e-01, ...,
          0.00000000e+00,  4.46563897e-02, -3.86759920e-01],
        [-8.71847720e-01, -9.37803332e-01, -7.47640846e-01, ...,
         -4.46563897e-02,  0.00000000e+00, -4.27555340e-01],
        [-5.78734112e-01, -6.99330966e-01, -3.91918329e-01, ...,
          3.86759920e-01,  4.27555340e-01,  0.00000000e+00]],

       [[ 0.00000000e+00, -6.09088252e-02, -8.47107838e-02, ...,
         -8.59356956e-01, -8.77515973e-01, -8.75107965e-01],
        [ 6.09088252e-02,  0.00000000e+00, -2.38636107e-02, ...,
         -8.26614094e-01, -8.46678049e-01, -8.44007712e-01],
        [ 8.47107838e-02,  2.38636107e-02,  0.00000000e+00, ...,
         -8.12948989e-01, -8.33738976e-01, -8.30968563e-01],
        ...,
        [ 8.59356956e-01,  8.26614094e-01,  8.12948989e-01, ...,
          0.00000000e+00, -3.66383843e-02, -3.16427255e-02],
        [ 8.77515973e-01,  8.46678049e-01,  8.33738976e-01, ...,
          3.66383843e-02,  0.00000000e+00,  4.99855717e-03],
        [ 8.75107965e-01,  8.44007712e-01,  8.30968563e-01, ...,
          3.16427255e-02, -4.99855717e-03,  0.00000000e+00]],

       [[ 0.00000000e+00, -8.05823696e-02, -8.12111328e-02, ...,
         -9.51888012e-01, -9.86262498e-01, -9.94638721e-01],
        [ 8.05823696e-02,  0.00000000e+00, -6.30830705e-04, ...,
         -9.73486581e-01, -9.96366174e-01, -9.99737205e-01],
        [ 8.12111328e-02,  6.30830705e-04,  0.00000000e+00, ...,
         -9.73630686e-01, -9.96419705e-01, -9.99751467e-01],
        ...,
        [ 9.51888012e-01,  9.73486581e-01,  9.73630686e-01, ...,
          0.00000000e+00,  1.44998098e-01,  2.06367558e-01],
        [ 9.86262498e-01,  9.96366174e-01,  9.96419705e-01, ...,
         -1.44998098e-01,  0.00000000e+00,  6.23097043e-02],
        [ 9.94638721e-01,  9.99737205e-01,  9.99751467e-01, ...,
         -2.06367558e-01, -6.23097043e-02,  0.00000000e+00]]]), 'num': array([6.18506348e-01, 2.03959399e-01, 6.74060081e-06, 4.87702294e-03,
       4.90874341e-03, 4.85323258e-03, 7.58723613e-01, 0.00000000e+00,
       4.87385089e-03, 4.81358199e-03, 4.91336931e-03, 3.69160693e-06,
       5.03443259e-03, 4.59273139e-03])}
{'img': array([[[ 0.00000000e+00,  3.32982011e-01,  2.87308829e-01, ...,
         -5.84127762e-01, -5.56294215e-01, -5.56294215e-01],
        [-3.32982011e-01,  0.00000000e+00, -4.80297967e-02, ...,
         -8.21062201e-01, -8.01251464e-01, -8.01251464e-01],
        [-2.87308829e-01,  4.80297967e-02,  0.00000000e+00, ...,
         -7.92697348e-01, -7.71589183e-01, -7.71589183e-01],
        ...,
        [ 5.84127762e-01,  8.21062201e-01,  7.92697348e-01, ...,
          0.00000000e+00,  3.38789228e-02,  3.38789228e-02],
        [ 5.56294215e-01,  8.01251464e-01,  7.71589183e-01, ...,
         -3.38789228e-02,  0.00000000e+00,  0.00000000e+00],
        [ 5.56294215e-01,  8.01251464e-01,  7.71589183e-01, ...,
         -3.38789228e-02,  0.00000000e+00,  0.00000000e+00]],

       [[ 0.00000000e+00, -1.44451235e-01, -3.59634281e-01, ...,
         -5.27522784e-01, -6.16564642e-01, -5.73476020e-01],
        [ 1.44451235e-01,  0.00000000e+00, -2.21075923e-01, ...,
         -3.99272853e-01, -4.96370986e-01, -4.49123678e-01],
        [ 3.59634281e-01,  2.21075923e-01,  0.00000000e+00, ...,
         -1.86703972e-01, -2.92170750e-01, -2.40486216e-01],
        ...,
        [ 5.27522784e-01,  3.99272853e-01,  1.86703972e-01, ...,
          0.00000000e+00, -1.08475921e-01, -5.50328713e-02],
        [ 6.16564642e-01,  4.96370986e-01,  2.92170750e-01, ...,
          1.08475921e-01,  0.00000000e+00,  5.36034036e-02],
        [ 5.73476020e-01,  4.49123678e-01,  2.40486216e-01, ...,
          5.50328713e-02, -5.36034036e-02,  0.00000000e+00]],

       [[ 0.00000000e+00,  0.00000000e+00,  9.37086056e-03, ...,
         -7.33795528e-01, -7.43672881e-01, -7.41216387e-01],
        [ 0.00000000e+00,  0.00000000e+00,  9.37086056e-03, ...,
         -7.33795528e-01, -7.43672881e-01, -7.41216387e-01],
        [-9.37086056e-03, -9.37086056e-03,  0.00000000e+00, ...,
         -7.40129594e-01, -7.49905058e-01, -7.47474183e-01],
        ...,
        [ 7.33795528e-01,  7.33795528e-01,  7.40129594e-01, ...,
          0.00000000e+00, -1.46549733e-02, -1.09883512e-02],
        [ 7.43672881e-01,  7.43672881e-01,  7.49905058e-01, ...,
          1.46549733e-02,  0.00000000e+00,  3.66691740e-03],
        [ 7.41216387e-01,  7.41216387e-01,  7.47474183e-01, ...,
          1.09883512e-02, -3.66691740e-03,  0.00000000e+00]],

       ...,

       [[ 0.00000000e+00,  3.63242054e-01,  4.32459464e-01, ...,
          9.37803332e-01,  6.99330966e-01,  3.35903540e-01],
        [-3.63242054e-01,  0.00000000e+00,  7.54018118e-02, ...,
          7.47640846e-01,  3.91918329e-01, -2.91767969e-02],
        [-4.32459464e-01, -7.54018118e-02,  0.00000000e+00, ...,
          6.95437895e-01,  3.21432961e-01, -1.04463448e-01],
        ...,
        [-9.37803332e-01, -7.47640846e-01, -6.95437895e-01, ...,
          0.00000000e+00, -4.27555340e-01, -7.66698957e-01],
        [-6.99330966e-01, -3.91918329e-01, -3.21432961e-01, ...,
          4.27555340e-01,  0.00000000e+00, -4.18594130e-01],
        [-3.35903540e-01,  2.91767969e-02,  1.04463448e-01, ...,
          7.66698957e-01,  4.18594130e-01,  0.00000000e+00]],

       [[ 0.00000000e+00, -2.38636107e-02, -2.69608919e-02, ...,
         -8.46678049e-01, -8.44007712e-01, -8.40208526e-01],
        [ 2.38636107e-02,  0.00000000e+00, -3.09827807e-03, ...,
         -8.33738976e-01, -8.30968563e-01, -8.27028891e-01],
        [ 2.69608919e-02,  3.09827807e-03,  0.00000000e+00, ...,
         -8.32024233e-01, -8.29240943e-01, -8.25283196e-01],
        ...,
        [ 8.46678049e-01,  8.33738976e-01,  8.32024233e-01, ...,
          0.00000000e+00,  4.99855717e-03,  1.20429543e-02],
        [ 8.44007712e-01,  8.30968563e-01,  8.29240943e-01, ...,
         -4.99855717e-03,  0.00000000e+00,  7.04460920e-03],
        [ 8.40208526e-01,  8.27028891e-01,  8.25283196e-01, ...,
         -1.20429543e-02, -7.04460920e-03,  0.00000000e+00]],

       [[ 0.00000000e+00, -6.30830705e-04, -9.50217257e-03, ...,
         -9.96366174e-01, -9.99737205e-01, -9.99663077e-01],
        [ 6.30830705e-04,  0.00000000e+00, -8.87136845e-03, ...,
         -9.96419705e-01, -9.99751467e-01, -9.99646504e-01],
        [ 9.50217257e-03,  8.87136845e-03,  0.00000000e+00, ...,
         -9.97130520e-01, -9.99909900e-01, -9.99371304e-01],
        ...,
        [ 9.96366174e-01,  9.96419705e-01,  9.97130520e-01, ...,
          0.00000000e+00,  6.23097043e-02,  1.11006375e-01],
        [ 9.99737205e-01,  9.99751467e-01,  9.99909900e-01, ...,
         -6.23097043e-02,  0.00000000e+00,  4.88660633e-02],
        [ 9.99663077e-01,  9.99646504e-01,  9.99371304e-01, ...,
         -1.11006375e-01, -4.88660633e-02,  0.00000000e+00]]]), 'num': array([ 5.49203782e-01,  2.34560759e-01,  5.17504972e-06,  4.31017840e-03,
        4.35271305e-03,  4.29600018e-03,  8.02001558e-01, -4.96237645e-05,
        4.34987741e-03,  4.31017840e-03,  4.38744969e-03,  3.48010816e-06,
        4.49768500e-03,  4.12267179e-03])}
{'img': array([[[ 0.00000000e+00, -4.80297967e-02,  3.31589604e-01, ...,
         -8.01251464e-01, -8.01251464e-01, -8.66828371e-01],
        [ 4.80297967e-02,  0.00000000e+00,  3.76519368e-01, ...,
         -7.71589183e-01, -7.71589183e-01, -8.41879992e-01],
        [-3.31589604e-01, -3.76519368e-01,  0.00000000e+00, ...,
         -9.54318905e-01, -9.54318905e-01, -9.83119231e-01],
        ...,
        [ 8.01251464e-01,  7.71589183e-01,  9.54318905e-01, ...,
          0.00000000e+00,  0.00000000e+00, -1.19138169e-01],
        [ 8.01251464e-01,  7.71589183e-01,  9.54318905e-01, ...,
          0.00000000e+00,  0.00000000e+00, -1.19138169e-01],
        [ 8.66828371e-01,  8.41879992e-01,  9.83119231e-01, ...,
          1.19138169e-01,  1.19138169e-01,  0.00000000e+00]],

       [[ 0.00000000e+00, -2.21075923e-01,  8.86731852e-02, ...,
         -4.96370986e-01, -4.49123678e-01, -2.77956306e-01],
        [ 2.21075923e-01,  0.00000000e+00,  3.06684164e-01, ...,
         -2.92170750e-01, -2.40486216e-01, -5.87145798e-02],
        [-8.86731852e-02, -3.06684164e-01,  0.00000000e+00, ...,
         -5.71393792e-01, -5.26581274e-01, -3.62040278e-01],
        ...,
        [ 4.96370986e-01,  2.92170750e-01,  5.71393792e-01, ...,
          0.00000000e+00,  5.36034036e-02,  2.35514063e-01],
        [ 4.49123678e-01,  2.40486216e-01,  5.26581274e-01, ...,
         -5.36034036e-02,  0.00000000e+00,  1.83079875e-01],
        [ 2.77956306e-01,  5.87145798e-02,  3.62040278e-01, ...,
         -2.35514063e-01, -1.83079875e-01,  0.00000000e+00]],

       [[ 0.00000000e+00,  9.37086056e-03,  1.02278768e-01, ...,
         -7.43672881e-01, -7.41216387e-01, -7.53412837e-01],
        [-9.37086056e-03,  0.00000000e+00,  9.29525593e-02, ...,
         -7.49905058e-01, -7.47474183e-01, -7.59541545e-01],
        [-1.02278768e-01, -9.29525593e-02,  0.00000000e+00, ...,
         -8.08150717e-01, -8.05985558e-01, -8.16714949e-01],
        ...,
        [ 7.43672881e-01,  7.49905058e-01,  8.08150717e-01, ...,
          0.00000000e+00,  3.66691740e-03, -1.46889276e-02],
        [ 7.41216387e-01,  7.47474183e-01,  8.05985558e-01, ...,
         -3.66691740e-03,  0.00000000e+00, -1.83553506e-02],
        [ 7.53412837e-01,  7.59541545e-01,  8.16714949e-01, ...,
          1.46889276e-02,  1.83553506e-02,  0.00000000e+00]],

       ...,

       [[ 0.00000000e+00,  7.54018118e-02,  2.99425146e-01, ...,
          3.91918329e-01, -2.91767969e-02,  4.75069361e-02],
        [-7.54018118e-02,  0.00000000e+00,  2.26630390e-01, ...,
          3.21432961e-01, -1.04463448e-01, -2.79449814e-02],
        [-2.99425146e-01, -2.26630390e-01,  0.00000000e+00, ...,
          9.84658983e-02, -3.27135830e-01, -2.53759759e-01],
        ...,
        [-3.91918329e-01, -3.21432961e-01, -9.84658983e-02, ...,
          0.00000000e+00, -4.18594130e-01, -3.47769436e-01],
        [ 2.91767969e-02,  1.04463448e-01,  3.27135830e-01, ...,
          4.18594130e-01,  0.00000000e+00,  7.66305643e-02],
        [-4.75069361e-02,  2.79449814e-02,  2.53759759e-01, ...,
          3.47769436e-01, -7.66305643e-02,  0.00000000e+00]],

       [[ 0.00000000e+00, -3.09827807e-03,  2.21783867e-02, ...,
         -8.30968563e-01, -8.27028891e-01, -8.31475174e-01],
        [ 3.09827807e-03,  0.00000000e+00,  2.52757962e-02, ...,
         -8.29240943e-01, -8.25283196e-01, -8.29749898e-01],
        [-2.21783867e-02, -2.52757962e-02,  0.00000000e+00, ...,
         -8.43102435e-01, -8.39293255e-01, -8.43592123e-01],
        ...,
        [ 8.30968563e-01,  8.29240943e-01,  8.43102435e-01, ...,
          0.00000000e+00,  7.04460920e-03, -9.11268649e-04],
        [ 8.27028891e-01,  8.25283196e-01,  8.39293255e-01, ...,
         -7.04460920e-03,  0.00000000e+00, -7.95585231e-03],
        [ 8.31475174e-01,  8.29749898e-01,  8.43592123e-01, ...,
          9.11268649e-04,  7.95585231e-03,  0.00000000e+00]],

       [[ 0.00000000e+00, -8.87136845e-03, -1.64420411e-02, ...,
         -9.99751467e-01, -9.99646504e-01, -9.97281863e-01],
        [ 8.87136845e-03,  0.00000000e+00, -7.57122481e-03, ...,
         -9.99909900e-01, -9.99371304e-01, -9.96588967e-01],
        [ 1.64420411e-02,  7.57122481e-03,  0.00000000e+00, ...,
         -9.99982873e-01, -9.99074229e-01, -9.95935585e-01],
        ...,
        [ 9.99751467e-01,  9.99909900e-01,  9.99982873e-01, ...,
          0.00000000e+00,  4.88660633e-02,  9.58956568e-02],
        [ 9.99646504e-01,  9.99371304e-01,  9.99074229e-01, ...,
         -4.88660633e-02,  0.00000000e+00,  4.71402354e-02],
        [ 9.97281863e-01,  9.96588967e-01,  9.95935585e-01, ...,
         -9.58956568e-02, -4.71402354e-02,  0.00000000e+00]]]), 'num': array([ 3.84311412e-01,  1.35130959e-01,  4.15300753e-06,  3.00217412e-03,
        3.03719949e-03,  2.98215963e-03,  9.13219838e-01, -4.00289883e-05,
        3.05321108e-03,  3.04695655e-03,  3.09132201e-03,  2.28979382e-06,
        3.16567958e-03,  2.92823352e-03])}
{'img': array([[[ 0.        ,  0.37651937,  0.71660523, ..., -0.77158918,
         -0.84187999, -0.90929338],
        [-0.37651937,  0.        ,  0.401255  , ..., -0.95431891,
         -0.98311923, -0.99906801],
        [-0.71660523, -0.401255  ,  0.        , ..., -0.994015  ,
         -0.97392021, -0.93243237],
        ...,
        [ 0.77158918,  0.95431891,  0.994015  , ...,  0.        ,
         -0.11913817, -0.25731953],
        [ 0.84187999,  0.98311923,  0.97392021, ...,  0.11913817,
          0.        , -0.14036046],
        [ 0.90929338,  0.99906801,  0.93243237, ...,  0.25731953,
          0.14036046,  0.        ]],

       [[ 0.        ,  0.30668416,  0.36473104, ..., -0.24048622,
         -0.05871458,  0.48369529],
        [-0.30668416,  0.        ,  0.06159755, ..., -0.52658127,
         -0.36204028,  0.1919655 ],
        [-0.36473104, -0.06159755,  0.        , ..., -0.57794694,
         -0.41877171,  0.13114902],
        ...,
        [ 0.24048622,  0.52658127,  0.57794694, ...,  0.        ,
          0.18307987,  0.67998237],
        [ 0.05871458,  0.36204028,  0.41877171, ..., -0.18307987,
          0.        ,  0.53424996],
        [-0.48369529, -0.1919655 , -0.13114902, ..., -0.67998237,
         -0.53424996,  0.        ]],

       [[ 0.        ,  0.09295256,  0.22312478, ..., -0.74747418,
         -0.75954155, -0.79892055],
        [-0.09295256,  0.        ,  0.13154956, ..., -0.80598556,
         -0.81671495, -0.85136672],
        [-0.22312478, -0.13154956,  0.        , ..., -0.87685003,
         -0.8855269 , -0.91297508],
        ...,
        [ 0.74747418,  0.80598556,  0.87685003, ...,  0.        ,
         -0.01835535, -0.0811573 ],
        [ 0.75954155,  0.81671495,  0.8855269 , ...,  0.01835535,
          0.        , -0.06284882],
        [ 0.79892055,  0.85136672,  0.91297508, ...,  0.0811573 ,
          0.06284882,  0.        ]],

       ...,

       [[ 0.        ,  0.22663039,  0.53362505, ..., -0.10446345,
         -0.02794498, -0.12779811],
        [-0.22663039,  0.        ,  0.32807445, ..., -0.32713583,
         -0.25375976, -0.34924497],
        [-0.53362505, -0.32807445,  0.        , ..., -0.61905239,
         -0.55705031, -0.637331  ],
