state_0,state_1,state_2,state_3,state_4,state_5,state_6,state_7,state_8,state_9,state_10,state_11,state_12,state_13,state_14,state_15,state_16,state_17,state_18,state_19,state_20,state_21,state_22,state_23,state_24,state_25,state_26,state_27,state_28,state_29,state_30,state_31,state_32,state_33,state_34,state_35,state_36,state_37,state_38,state_39,state_40,state_41,state_42,state_43,state_44,state_45,state_46,state_47,state_48,state_49,state_50,state_51,state_52,state_53,state_54,state_55,state_56,state_57,state_58,state_59,state_60,state_61,state_62,state_63,state_64,state_65,state_66,state_67,state_68,state_69,state_70,state_71,state_72,state_73,state_74,state_75,state_76,state_77,state_78,state_79,state_80,state_81,state_82,state_83,state_84,state_85,state_86,state_87,state_88,state_89,state_90,state_91,state_92,state_93,state_94,state_95,state_96,state_97,state_98,state_99,state_100,state_101,state_102,state_103,state_104,state_105,state_106,state_107,state_108,state_109,state_110,state_111,state_112,state_113,state_114,state_115,state_116,state_117,state_118,state_119,state_120,state_121,state_122,state_123,state_124,state_125,state_126,state_127,state_128,state_129,state_130,state_131,state_132,state_133,state_134,state_135,state_136,state_137,state_138,state_139,state_140,state_141,state_142,state_143,state_144,state_145,state_146,state_147,state_148,state_149,state_150,state_151,state_152,state_153,state_154,state_155,state_156,state_157,state_158,state_159,state_160,state_161,state_162,state_163,state_164,state_165,state_166,state_167,state_168,state_169,state_170,state_171,state_172,state_173,state_174,state_175,state_176,state_177,state_178,state_179,state_180,state_181,state_182,state_183,state_184,state_185,state_186,state_187,state_188,state_189,state_190,state_191,state_192,state_193,state_194,state_195,state_196,state_197,state_198,state_199,state_200,state_201,state_202,state_203,state_204,state_205,state_206,state_207,state_208,state_209,state_210,state_211,state_212,state_213,state_214,state_215,state_216,state_217,state_218,state_219,state_220,state_221,state_222,state_223,state_224,state_225,state_226,state_227,state_228,state_229,state_230,state_231,state_232,state_233,state_234,state_235,state_236,state_237,state_238,state_239,state_240,state_241,state_242,state_243,state_244,state_245,state_246,state_247,state_248,state_249,state_250,state_251,state_252,state_253,state_254,state_255,state_256,state_257,state_258,state_259,state_260,state_261,state_262,state_263,state_264,state_265,state_266,state_267,state_268,state_269,state_270,state_271,state_272,state_273,state_274,state_275,state_276,state_277,state_278,state_279,state_280,state_281,state_282,state_283,state_284,state_285,state_286,state_287
{'img': array([[[ 0.        , -0.05303146, -0.30879746, ...,  0.7940904 ,
          0.93757777,  0.99847097],
        [ 0.05303146,  0.        , -0.25792323, ...,  0.76074048,
          0.9178154 ,  0.99413446],
        [ 0.30879746,  0.25792323,  0.        , ...,  0.56759448,
          0.78436406,  0.93260365],
        ...,
        [-0.7940904 , -0.76074048, -0.56759448, ...,  0.        ,
         -0.29369414, -0.56297417],
        [-0.93757777, -0.9178154 , -0.78436406, ...,  0.29369414,
          0.        , -0.29541599],
        [-0.99847097, -0.99413446, -0.93260365, ...,  0.56297417,
          0.29541599,  0.        ]],

       [[ 0.        , -0.37028584, -0.39818101, ..., -0.27471844,
          0.20976284,  0.3828645 ],
        [ 0.37028584,  0.        , -0.03021171, ...,  0.10084812,
          0.55690028,  0.6977214 ],
        [ 0.39818101,  0.03021171,  0.        , ...,  0.13085977,
          0.58173929,  0.71904565],
        ...,
        [ 0.27471844, -0.10084812, -0.13085977, ...,  0.        ,
          0.47029874,  0.62191981],
        [-0.20976284, -0.55690028, -0.58173929, ..., -0.47029874,
          0.        ,  0.18056678],
        [-0.3828645 , -0.6977214 , -0.71904565, ..., -0.62191981,
         -0.18056678,  0.        ]],

       [[ 0.        , -0.0829257 , -0.20562933, ...,  0.95060515,
          0.94250195,  0.9566344 ],
        [ 0.0829257 ,  0.        , -0.12376751, ...,  0.92159065,
          0.9115419 ,  0.92918396],
        [ 0.20562933,  0.12376751,  0.        , ...,  0.86646276,
          0.85363918,  0.87629304],
        ...,
        [-0.95060515, -0.92159065, -0.86646276, ...,  0.        ,
          0.02513769, -0.02003891],
        [-0.94250195, -0.9115419 , -0.85363918, ..., -0.02513769,
          0.        , -0.04516522],
        [-0.9566344 , -0.92918396, -0.87629304, ...,  0.02003891,
          0.04516522,  0.        ]],

       ...,

       [[ 0.        ,  0.26944611,  0.61581688, ...,  0.9976613 ,
          0.9134976 ,  0.81578152],
        [-0.26944611,  0.        ,  0.38074747, ...,  0.94234621,
          0.77008975,  0.62977332],
        [-0.61581688, -0.38074747,  0.        , ...,  0.74395466,
          0.46919352,  0.28658158],
        ...,
        [-0.9976613 , -0.94234621, -0.74395466, ...,  0.        ,
         -0.34345368, -0.52124767],
        [-0.9134976 , -0.77008975, -0.46919352, ...,  0.34345368,
          0.        , -0.19643473],
        [-0.81578152, -0.62977332, -0.28658158, ...,  0.52124767,
          0.19643473,  0.        ]],

       [[ 0.        , -0.06124385, -0.14171652, ...,  0.62945952,
          0.81835941,  0.87282444],
        [ 0.06124385,  0.        , -0.08082476, ...,  0.58068941,
          0.78162596,  0.8412969 ],
        [ 0.14171652,  0.08082476,  0.        , ...,  0.51298811,
          0.7286545 ,  0.79485274],
        ...,
        [-0.62945952, -0.58068941, -0.51298811, ...,  0.        ,
         -0.27413784, -0.37101578],
        [-0.81835941, -0.78162596, -0.7286545 , ...,  0.27413784,
          0.        , -0.10223064],
        [-0.87282444, -0.8412969 , -0.79485274, ...,  0.37101578,
          0.10223064,  0.        ]],

       [[ 0.        , -0.03537777, -0.06557039, ...,  0.93806748,
          0.99809549,  0.92831003],
        [ 0.03537777,  0.        , -0.03022771, ...,  0.94973698,
          0.99965307,  0.91457521],
        [ 0.06557039,  0.03022771,  0.        , ...,  0.95876574,
          0.99999243,  0.90193272],
        ...,
        [-0.93806748, -0.94973698, -0.95876574, ...,  0.        ,
          0.28792542,  0.67039554],
        [-0.99809549, -0.99965307, -0.99999243, ..., -0.28792542,
          0.        ,  0.4283644 ],
        [-0.92831003, -0.91457521, -0.90193272, ..., -0.67039554,
         -0.4283644 ,  0.        ]]]), 'num': array([ 9.99746739e-01,  2.24966267e-02,  7.42027438e-06,  1.98789694e-04,
        2.06034877e-04,  1.96978399e-04,  1.48577561e-04, -3.47164994e-06,
        2.10291421e-04,  2.11974417e-04,  1.92261483e-04,  5.98560334e-08,
        2.33799355e-04,  1.90149479e-04])}
{'img': array([[[ 0.        , -0.25792323, -0.25792323, ...,  0.9178154 ,
          0.99413446,  0.99985327],
        [ 0.25792323,  0.        ,  0.        , ...,  0.78436406,
          0.93260365,  0.96160534],
        [ 0.25792323,  0.        ,  0.        , ...,  0.78436406,
          0.93260365,  0.96160534],
        ...,
        [-0.9178154 , -0.78436406, -0.78436406, ...,  0.        ,
         -0.29541599, -0.38122671],
        [-0.99413446, -0.93260365, -0.93260365, ...,  0.29541599,
          0.        , -0.09110544],
        [-0.99985327, -0.96160534, -0.96160534, ...,  0.38122671,
          0.09110544,  0.        ]],

       [[ 0.        , -0.03021171,  0.24726046, ...,  0.55690028,
          0.6977214 ,  0.24030388],
        [ 0.03021171,  0.        ,  0.2764212 , ...,  0.58173929,
          0.71904565,  0.26952062],
        [-0.24726046, -0.2764212 ,  0.        , ...,  0.33423856,
          0.49892671, -0.00717295],
        ...,
        [-0.55690028, -0.58173929, -0.33423856, ...,  0.        ,
          0.18056678, -0.34099039],
        [-0.6977214 , -0.71904565, -0.49892671, ..., -0.18056678,
          0.        , -0.50513027],
        [-0.24030388, -0.26952062,  0.00717295, ...,  0.34099039,
          0.50513027,  0.        ]],

       [[ 0.        , -0.12376751, -0.28624338, ...,  0.9115419 ,
          0.92918396,  0.97687397],
        [ 0.12376751,  0.        , -0.16545382, ...,  0.85363918,
          0.87629304,  0.94289956],
        [ 0.28624338,  0.16545382,  0.        , ...,  0.75569486,
          0.78450347,  0.87479518],
        ...,
        [-0.9115419 , -0.85363918, -0.75569486, ...,  0.        ,
         -0.04516522, -0.20679544],
        [-0.92918396, -0.87629304, -0.78450347, ...,  0.04516522,
          0.        , -0.16239548],
        [-0.97687397, -0.94289956, -0.87479518, ...,  0.20679544,
          0.16239548,  0.        ]],

       ...,

       [[ 0.        ,  0.57010138,  0.61954584, ...,  0.9012257 ,
          0.79386231,  0.79031316],
        [-0.57010138,  0.        ,  0.06149592, ...,  0.49337049,
          0.30553965,  0.29999813],
        [-0.61954584, -0.06149592,  0.        , ...,  0.43894637,
          0.24640623,  0.24076693],
        ...,
        [-0.9012257 , -0.49337049, -0.43894637, ...,  0.        ,
         -0.20401291, -0.20970159],
        [-0.79386231, -0.30553965, -0.24640623, ...,  0.20401291,
          0.        , -0.00581441],
        [-0.79031316, -0.29999813, -0.24076693, ...,  0.20970159,
          0.00581441,  0.        ]],

       [[ 0.        , -0.08082476, -0.17130753, ...,  0.78162596,
          0.8412969 ,  0.88322627],
        [ 0.08082476,  0.        , -0.09111709, ...,  0.7286545 ,
          0.79485274,  0.8424341 ],
        [ 0.17130753,  0.09111709,  0.        , ...,  0.66321902,
          0.73625624,  0.7898359 ],
        ...,
        [-0.78162596, -0.7286545 , -0.66321902, ...,  0.        ,
         -0.10223064, -0.18436891],
        [-0.8412969 , -0.79485274, -0.73625624, ...,  0.10223064,
          0.        , -0.08292484],
        [-0.88322627, -0.8424341 , -0.7898359 , ...,  0.18436891,
          0.08292484,  0.        ]],

       [[ 0.        , -0.02936866, -0.05314489, ...,  0.98804683,
          0.99927598,  0.90355252],
        [ 0.02936866,  0.        , -0.02379481, ...,  0.99214793,
          0.99772757,  0.89057896],
        [ 0.05314489,  0.02379481,  0.        , ...,  0.99484303,
          0.99584184,  0.87950425],
        ...,
        [-0.98804683, -0.99214793, -0.99484303, ...,  0.        ,
          0.19163397,  0.56264196],
        [-0.99927598, -0.99772757, -0.99584184, ..., -0.19163397,
          0.        ,  0.39379029],
        [-0.90355252, -0.89057896, -0.87950425, ..., -0.56264196,
         -0.39379029,  0.        ]]]), 'num': array([7.07028776e-01, 7.07028776e-01, 0.00000000e+00, 5.01180294e-03,
       5.03758003e-03, 4.73193738e-03, 4.27524098e-03, 1.62027428e-04,
       5.07440445e-03, 5.19923921e-03, 4.71346380e-03, 1.43007439e-06,
       5.62710596e-03, 4.77137247e-03])}
{'img': array([[[ 0.        ,  0.        ,  0.        , ...,  0.93260365,
          0.96160534,  0.89807144],
        [ 0.        ,  0.        ,  0.        , ...,  0.93260365,
          0.96160534,  0.89807144],
        [ 0.        ,  0.        ,  0.        , ...,  0.93260365,
          0.96160534,  0.89807144],
        ...,
        [-0.93260365, -0.93260365, -0.93260365, ...,  0.        ,
         -0.09110544,  0.08608936],
        [-0.96160534, -0.96160534, -0.96160534, ...,  0.09110544,
          0.        ,  0.17649853],
        [-0.89807144, -0.89807144, -0.89807144, ..., -0.08608936,
         -0.17649853,  0.        ]],

       [[ 0.        ,  0.2764212 , -0.38379946, ...,  0.71904565,
          0.26952062,  0.38472092],
        [-0.2764212 ,  0.        , -0.62409721, ...,  0.49892671,
         -0.00717295,  0.11458501],
        [ 0.38379946,  0.62409721,  0.        , ...,  0.93070496,
          0.61847659,  0.70951718],
        ...,
        [-0.71904565, -0.49892671, -0.93070496, ...,  0.        ,
         -0.50513027, -0.39633607],
        [-0.26952062,  0.00717295, -0.61847659, ...,  0.50513027,
          0.        ,  0.12170776],
        [-0.38472092, -0.11458501, -0.70951718, ...,  0.39633607,
         -0.12170776,  0.        ]],

       [[ 0.        , -0.16545382, -0.42616925, ...,  0.87629304,
          0.94289956,  0.9678102 ],
        [ 0.16545382,  0.        , -0.27061887, ...,  0.78450347,
          0.87479518,  0.91282978],
        [ 0.42616925,  0.27061887,  0.        , ...,  0.58741358,
          0.71104064,  0.76826438],
        ...,
        [-0.87629304, -0.78450347, -0.58741358, ...,  0.        ,
         -0.16239548, -0.24572368],
        [-0.94289956, -0.87479518, -0.71104064, ...,  0.16239548,
          0.        , -0.08504546],
        [-0.9678102 , -0.91282978, -0.76826438, ...,  0.24572368,
          0.08504546,  0.        ]],

       ...,

       [[ 0.        ,  0.17386479, -0.00797301, ...,  0.53881692,
          0.53229177,  0.49555534],
        [-0.17386479,  0.        , -0.18171084, ...,  0.3841428 ,
          0.37699757,  0.33699295],
        [ 0.00797301,  0.18171084,  0.        , ...,  0.54551644,
          0.53902449,  0.50246476],
        ...,
        [-0.53881692, -0.3841428 , -0.54551644, ...,  0.        ,
         -0.00772659, -0.05053648],
        [-0.53229177, -0.37699757, -0.53902449, ...,  0.00772659,
          0.        , -0.04281825],
        [-0.49555534, -0.33699295, -0.50246476, ...,  0.05053648,
          0.04281825,  0.        ]],

       [[ 0.        , -0.09111709, -0.09731034, ...,  0.79485274,
          0.8424341 ,  0.91909685],
        [ 0.09111709,  0.        , -0.0062209 , ...,  0.73625624,
          0.7898359 ,  0.87937056],
        [ 0.09731034,  0.0062209 ,  0.        , ...,  0.73203229,
          0.78600523,  0.87639154],
        ...,
        [-0.79485274, -0.73625624, -0.73203229, ...,  0.        ,
         -0.08292484, -0.24451298],
        [-0.8424341 , -0.7898359 , -0.78600523, ...,  0.08292484,
          0.        , -0.16326309],
        [-0.91909685, -0.87937056, -0.87639154, ...,  0.24451298,
          0.16326309,  0.        ]],

       [[ 0.        , -0.02242461, -0.0689692 , ...,  0.98249338,
          0.99787287,  0.86551022],
        [ 0.02242461,  0.        , -0.04658064, ...,  0.98642397,
          0.9990838 ,  0.85406028],
        [ 0.0689692 ,  0.04658064,  0.        , ...,  0.99300264,
          0.99999283,  0.82890318],
        ...,
        [-0.98249338, -0.98642397, -0.99300264, ...,  0.        ,
          0.12185242,  0.65336476],
        [-0.99787287, -0.9990838 , -0.99999283, ..., -0.12185242,
          0.        ,  0.55624848],
        [-0.86551022, -0.85406028, -0.82890318, ..., -0.65336476,
         -0.55624848,  0.        ]]]), 'num': array([ 7.75801450e-01,  6.30775802e-01,  1.09701701e-06,  5.37132032e-03,
        5.58666070e-03,  5.37132032e-03,  2.85902948e-03, -1.58458013e-04,
        5.48427245e-03,  5.74979119e-03,  5.22390020e-03,  1.29704290e-06,
        6.16165679e-03,  5.33792559e-03])}
{'img': array([[[ 0.        ,  0.        ,  0.5393132 , ...,  0.96160534,
          0.89807144,  0.95604098],
        [ 0.        ,  0.        ,  0.5393132 , ...,  0.96160534,
          0.89807144,  0.95604098],
        [-0.5393132 , -0.5393132 ,  0.        , ...,  0.95777992,
          0.99348739,  0.96323161],
        ...,
        [-0.96160534, -0.96160534, -0.95777992, ...,  0.        ,
          0.17649853,  0.01960235],
        [-0.89807144, -0.89807144, -0.99348739, ..., -0.17649853,
          0.        , -0.15717001],
        [-0.95604098, -0.95604098, -0.96323161, ..., -0.01960235,
          0.15717001,  0.        ]],

       [[ 0.        , -0.62409721,  0.25144803, ..., -0.00717295,
          0.11458501, -0.24857628],
        [ 0.62409721,  0.        ,  0.80051356, ...,  0.61847659,
          0.70951718,  0.41028399],
        [-0.25144803, -0.80051356,  0.        , ..., -0.25838405,
         -0.13888838, -0.48414539],
        ...,
        [ 0.00717295, -0.61847659,  0.25838405, ...,  0.        ,
          0.12170776, -0.24162208],
        [-0.11458501, -0.70951718,  0.13888838, ..., -0.12170776,
          0.        , -0.35792747],
        [ 0.24857628, -0.41028399,  0.48414539, ...,  0.24162208,
          0.35792747,  0.        ]],

       [[ 0.        , -0.27061887, -0.05426645, ...,  0.87479518,
          0.91282978,  0.96199332],
        [ 0.27061887,  0.        ,  0.21797853, ...,  0.71104064,
          0.76826438,  0.85219934],
        [ 0.05426645, -0.21797853,  0.        , ...,  0.84721445,
          0.88932554,  0.94575711],
        ...,
        [-0.87479518, -0.71104064, -0.84721445, ...,  0.        ,
         -0.08504546, -0.22719601],
        [-0.91282978, -0.76826438, -0.88932554, ...,  0.08504546,
          0.        , -0.14355146],
        [-0.96199332, -0.85219934, -0.94575711, ...,  0.22719601,
          0.14355146,  0.        ]],

       ...,

       [[ 0.        , -0.13922571,  0.55564868, ...,  0.35311938,
          0.31415697, -0.35812269],
        [ 0.13922571,  0.        ,  0.66599168, ...,  0.47993678,
          0.44327415, -0.22464332],
        [-0.55564868, -0.66599168,  0.        , ..., -0.22626331,
         -0.26632127, -0.81654438],
        ...,
        [-0.35311938, -0.47993678,  0.22626331, ...,  0.        ,
         -0.04132289, -0.66475038],
        [-0.31415697, -0.44327415,  0.26632127, ...,  0.04132289,
          0.        , -0.63331168],
        [ 0.35812269,  0.22464332,  0.81654438, ...,  0.66475038,
          0.63331168,  0.        ]],

       [[ 0.        , -0.0062209 , -0.06216916, ...,  0.7898359 ,
          0.87937056,  0.91314   ],
        [ 0.0062209 ,  0.        , -0.05595909, ...,  0.78600523,
          0.87639154,  0.9105864 ],
        [ 0.06216916,  0.05595909,  0.        , ...,  0.75017859,
          0.84806843,  0.88603063],
        ...,
        [-0.7898359 , -0.78600523, -0.75017859, ...,  0.        ,
         -0.16326309, -0.23807187],
        [-0.87937056, -0.87639154, -0.84806843, ...,  0.16326309,
          0.        , -0.07630869],
        [-0.91314   , -0.9105864 , -0.88603063, ...,  0.23807187,
          0.07630869,  0.        ]],

       [[ 0.        , -0.0453475 , -0.04745577, ...,  0.98981136,
          0.98664359,  0.84184263],
        [ 0.0453475 ,  0.        , -0.00211054, ...,  0.99524992,
          0.97824178,  0.81650152],
        [ 0.04745577,  0.00211054,  0.        , ...,  0.99545317,
          0.97780173,  0.81528119],
        ...,
        [-0.98981136, -0.99524992, -0.99545317, ...,  0.        ,
          0.30171739,  0.65408972],
        [-0.98664359, -0.97824178, -0.97780173, ..., -0.30171739,
          0.        ,  0.39538329],
        [-0.84184263, -0.81650152, -0.81528119, ..., -0.65408972,
         -0.39538329,  0.        ]]]), 'num': array([ 7.31649923e-01,  6.81519284e-01,  3.83555002e-07,  5.01306388e-03,
        5.13580148e-03,  4.98621503e-03,  2.18706898e-03, -5.75332504e-05,
        5.09898020e-03,  5.41004331e-03,  4.95246219e-03,  1.29410834e-06,
        5.83857227e-03,  4.98151435e-03])}
{'img': array([[[ 0.        ,  0.5393132 ,  0.43898121, ...,  0.89807144,
          0.95604098,  0.97154815],
        [-0.5393132 ,  0.        , -0.11490249, ...,  0.99348739,
          0.96323161,  0.94587789],
        [-0.43898121,  0.11490249,  0.        , ...,  0.99999953,
          0.98772304,  0.9769016 ],
        ...,
        [-0.89807144, -0.99348739, -0.99999953, ...,  0.        ,
         -0.15717001, -0.21463396],
        [-0.95604098, -0.96323161, -0.98772304, ...,  0.15717001,
          0.        , -0.0584593 ],
        [-0.97154815, -0.94587789, -0.9769016 , ...,  0.21463396,
          0.0584593 ,  0.        ]],

       [[ 0.        ,  0.80051356,  0.56490263, ...,  0.70951718,
          0.41028399,  0.24644602],
        [-0.80051356,  0.        , -0.32199541, ..., -0.13888838,
         -0.48414539, -0.62812423],
        [-0.56490263,  0.32199541,  0.        , ...,  0.18738329,
         -0.17661842, -0.34412226],
        ...,
        [-0.70951718,  0.13888838, -0.18738329, ...,  0.        ,
         -0.35792747, -0.51396561],
        [-0.41028399,  0.48414539,  0.17661842, ...,  0.35792747,
          0.        , -0.17288103],
        [-0.24644602,  0.62812423,  0.34412226, ...,  0.51396561,
          0.17288103,  0.        ]],

       [[ 0.        ,  0.21797853,  0.27645038, ...,  0.76826438,
          0.85219934,  0.8986628 ],
        [-0.21797853,  0.        ,  0.06031923, ...,  0.88932554,
          0.94575711,  0.9726673 ],
        [-0.27645038, -0.06031923,  0.        , ...,  0.91528865,
          0.9636312 ,  0.98490252],
        ...,
        [-0.76826438, -0.88932554, -0.91528865, ...,  0.        ,
         -0.14355146, -0.23827183],
        [-0.85219934, -0.94575711, -0.9636312 , ...,  0.14355146,
          0.        , -0.09638705],
        [-0.8986628 , -0.9726673 , -0.98490252, ...,  0.23827183,
          0.09638705,  0.        ]],

       ...,

       [[ 0.        ,  0.66599168,  0.25563916, ...,  0.44327415,
         -0.22464332,  0.11962839],
        [-0.66599168,  0.        , -0.45316592, ..., -0.26632127,
         -0.81654438, -0.57197113],
        [-0.25563916,  0.45316592,  0.        , ...,  0.19939377,
         -0.46628422, -0.13814994],
        ...,
        [-0.44327415,  0.26632127, -0.19939377, ...,  0.        ,
         -0.63331168, -0.33285766],
        [ 0.22464332,  0.81654438,  0.46628422, ...,  0.63331168,
          0.        ,  0.33960091],
        [-0.11962839,  0.57197113,  0.13814994, ...,  0.33285766,
         -0.33960091,  0.        ]],

       [[ 0.        , -0.05595909, -0.18517749, ...,  0.87639154,
          0.9105864 ,  0.89479067],
        [ 0.05595909,  0.        , -0.12989604, ...,  0.84806843,
          0.88603063,  0.86840365],
        [ 0.18517749,  0.12989604,  0.        , ...,  0.77205309,
          0.81830057,  0.79663621],
        ...,
        [-0.87639154, -0.84806843, -0.77205309, ...,  0.        ,
         -0.07630869, -0.03963408],
        [-0.9105864 , -0.88603063, -0.81830057, ...,  0.07630869,
          0.        ,  0.03673021],
        [-0.89479067, -0.86840365, -0.79663621, ...,  0.03963408,
         -0.03673021,  0.        ]],

       [[ 0.        , -0.00211054,  0.00315648, ...,  0.97824178,
          0.81650152,  0.97001568],
        [ 0.00211054,  0.        ,  0.005267  , ...,  0.97780173,
          0.81528119,  0.96950057],
        [-0.00315648, -0.005267  ,  0.        , ...,  0.97889177,
          0.81831982,  0.970778  ],
        ...,
        [-0.97824178, -0.97780173, -0.97889177, ...,  0.        ,
          0.39538329,  0.03650685],
        [-0.81650152, -0.81528119, -0.81831982, ..., -0.39538329,
          0.        , -0.36158759],
        [-0.97001568, -0.96950057, -0.970778  , ..., -0.03650685,
          0.36158759,  0.        ]]]), 'num': array([9.38465105e-01, 3.44852308e-01, 4.50047610e-06, 6.45231302e-03,
       6.54525763e-03, 6.38382751e-03, 3.23442369e-03, 5.87018622e-05,
       6.48264231e-03, 6.86811788e-03, 6.34412223e-03, 1.88472790e-06,
       7.44051538e-03, 6.29572037e-03])}
{'img': array([[[ 0.        , -0.33953323,  0.03344309, ...,  0.99612064,
          0.98890471,  0.99496602],
        [ 0.33953323,  0.        ,  0.37079968, ...,  0.96682344,
          0.98059598,  0.96988474],
        [-0.03344309, -0.37079968,  0.        , ...,  0.9926205 ,
          0.98338353,  0.99105802],
        ...,
        [-0.99612064, -0.96682344, -0.9926205 , ...,  0.        ,
         -0.06095319, -0.012269  ],
        [-0.98890471, -0.98059598, -0.98338353, ...,  0.06095319,
          0.        ,  0.04870241],
        [-0.99496602, -0.96988474, -0.99105802, ...,  0.012269  ,
         -0.04870241,  0.        ]],

       [[ 0.        , -0.32199541, -0.17957731, ..., -0.48414539,
         -0.62812423, -0.52538479],
        [ 0.32199541,  0.        ,  0.14674776, ..., -0.17661842,
         -0.34412226, -0.2234289 ],
        [ 0.17957731, -0.14674776,  0.        , ..., -0.31914714,
         -0.4781819 , -0.36404806],
        ...,
        [ 0.48414539,  0.17661842,  0.31914714, ...,  0.        ,
         -0.17288103, -0.04776292],
        [ 0.62812423,  0.34412226,  0.4781819 , ...,  0.17288103,
          0.        ,  0.12563999],
        [ 0.52538479,  0.2234289 ,  0.36404806, ...,  0.04776292,
         -0.12563999,  0.        ]],

       [[ 0.        ,  0.17316407,  0.32086343, ...,  0.85573459,
          0.90196524,  0.91019326],
        [-0.17316407,  0.        ,  0.15200804, ...,  0.93240469,
          0.96311299,  0.96816472],
        [-0.32086343, -0.15200804,  0.        , ...,  0.97650759,
          0.99282586,  0.99496366],
        ...,
        [-0.85573459, -0.93240469, -0.97650759, ...,  0.        ,
         -0.09717677, -0.11651626],
        [-0.90196524, -0.96311299, -0.99282586, ...,  0.09717677,
          0.        , -0.01944993],
        [-0.91019326, -0.96816472, -0.99496366, ...,  0.11651626,
          0.01944993,  0.        ]],

       ...,

       [[ 0.        , -0.45316592, -0.37416347, ..., -0.81654438,
         -0.57197113, -0.28171339],
        [ 0.45316592,  0.        ,  0.08671008, ..., -0.46628422,
         -0.13814994,  0.18368537],
        [ 0.37416347, -0.08671008,  0.        , ..., -0.54123477,
         -0.22350826,  0.09775882],
        ...,
        [ 0.81654438,  0.46628422,  0.54123477, ...,  0.        ,
          0.33960091,  0.62084494],
        [ 0.57197113,  0.13814994,  0.22350826, ..., -0.33960091,
          0.        ,  0.3177234 ],
        [ 0.28171339, -0.18368537, -0.09775882, ..., -0.62084494,
         -0.3177234 ,  0.        ]],

       [[ 0.        , -0.12989604, -0.37575312, ...,  0.88603063,
          0.86840365,  0.87232279],
        [ 0.12989604,  0.        , -0.25219236, ...,  0.81830057,
          0.79663621,  0.80142202],
        [ 0.37575312,  0.25219236,  0.        , ...,  0.64689295,
          0.61844669,  0.62468168],
        ...,
        [-0.88603063, -0.81830057, -0.64689295, ...,  0.        ,
          0.03673021,  0.02877517],
        [-0.86840365, -0.79663621, -0.61844669, ..., -0.03673021,
          0.        , -0.00795924],
        [-0.87232279, -0.80142202, -0.62468168, ..., -0.02877517,
          0.00795924,  0.        ]],

       [[ 0.        ,  0.005267  ,  0.01643306, ...,  0.81528119,
          0.96950057,  0.9926929 ],
        [-0.005267  ,  0.        ,  0.01116654, ...,  0.81831982,
          0.970778  ,  0.99331469],
        [-0.01643306, -0.01116654,  0.        , ...,  0.82468691,
          0.97339721,  0.9945418 ],
        ...,
        [-0.81528119, -0.81831982, -0.82468691, ...,  0.        ,
         -0.36158759, -0.47645551],
        [-0.96950057, -0.970778  , -0.97339721, ...,  0.36158759,
          0.        , -0.12631035],
        [-0.9926929 , -0.99331469, -0.9945418 , ...,  0.47645551,
          0.12631035,  0.        ]]]), 'num': array([ 8.34080869e-01,  5.51382791e-01,  2.19145797e-06,  5.65396156e-03,
        5.86872444e-03,  5.65396156e-03,  2.96469200e-03, -1.27104562e-04,
        5.78457246e-03,  6.11942724e-03,  5.70385376e-03,  1.62872450e-06,
        6.66851128e-03,  5.57034320e-03])}
{'img': array([[[ 0.        ,  0.37079968,  0.7482948 , ...,  0.98059598,
          0.96988474,  0.9916819 ],
        [-0.37079968,  0.        ,  0.44897498, ...,  0.98338353,
          0.99105802,  0.96871444],
        [-0.7482948 , -0.44897498,  0.        , ...,  0.79718978,
          0.82564683,  0.75416356],
        ...,
        [-0.98059598, -0.98338353, -0.79718978, ...,  0.        ,
          0.04870241, -0.0681936 ],
        [-0.96988474, -0.99105802, -0.82564683, ..., -0.04870241,
          0.        , -0.11670172],
        [-0.9916819 , -0.96871444, -0.75416356, ...,  0.0681936 ,
          0.11670172,  0.        ]],

       [[ 0.        ,  0.14674776,  0.47132218, ..., -0.34412226,
         -0.2234289 , -0.20614829],
        [-0.14674776,  0.        ,  0.3367938 , ..., -0.4781819 ,
         -0.36404806, -0.34751226],
        [-0.47132218, -0.3367938 ,  0.        , ..., -0.74603856,
         -0.65646286, -0.64301332],
        ...,
        [ 0.34412226,  0.4781819 ,  0.74603856, ...,  0.        ,
          0.12563999,  0.14317302],
        [ 0.2234289 ,  0.36404806,  0.65646286, ..., -0.12563999,
          0.        ,  0.0176929 ],
        [ 0.20614829,  0.34751226,  0.64301332, ..., -0.14317302,
         -0.0176929 ,  0.        ]],

       [[ 0.        ,  0.27324303,  0.49790698, ...,  0.90402285,
          0.91220902,  0.92212496],
        [-0.27324303,  0.        ,  0.24199446, ...,  0.98642735,
          0.98944948,  0.99274912],
        [-0.49790698, -0.24199446,  0.        , ...,  0.99684347,
          0.99510045,  0.99233115],
        ...,
        [-0.90402285, -0.98642735, -0.99684347, ...,  0.        ,
         -0.01955399, -0.04443443],
        [-0.91220902, -0.98944948, -0.99510045, ...,  0.01955399,
          0.        , -0.02489126],
        [-0.92212496, -0.99274912, -0.99233115, ...,  0.04443443,
          0.02489126,  0.        ]],

       ...,

       [[ 0.        ,  0.08671008,  0.73299803, ..., -0.13814994,
          0.18368537,  0.10877872],
        [-0.08671008,  0.        ,  0.67125439, ..., -0.22350826,
          0.09775882,  0.02217347],
        [-0.73299803, -0.67125439,  0.        , ..., -0.81994339,
         -0.59557769, -0.65465378],
        ...,
        [ 0.13814994,  0.22350826,  0.81994339, ...,  0.        ,
          0.3177234 ,  0.24506583],
        [-0.18368537, -0.09775882,  0.59557769, ..., -0.3177234 ,
          0.        , -0.07566752],
        [-0.10877872, -0.02217347,  0.65465378, ..., -0.24506583,
          0.07566752,  0.        ]],

       [[ 0.        , -0.25219236,  0.01769359, ...,  0.79663621,
          0.80142202,  0.7995928 ],
        [ 0.25219236,  0.        ,  0.26927456, ...,  0.61844669,
          0.62468168,  0.62229543],
        [-0.01769359, -0.26927456,  0.        , ...,  0.80720656,
          0.81187909,  0.81009339],
        ...,
        [-0.79663621, -0.61844669, -0.80720656, ...,  0.        ,
         -0.00795924, -0.00490717],
        [-0.80142202, -0.62468168, -0.81187909, ...,  0.00795924,
          0.        ,  0.00305213],
        [-0.7995928 , -0.62229543, -0.81009339, ...,  0.00490717,
         -0.00305213,  0.        ]],

       [[ 0.        ,  0.01116654, -0.00902385, ...,  0.970778  ,
          0.99331469,  0.99980312],
        [-0.01116654,  0.        , -0.02018938, ...,  0.97339721,
          0.9945418 ,  0.99951921],
        [ 0.00902385,  0.02018938,  0.        , ...,  0.96857294,
          0.99223255,  0.99994146],
        ...,
        [-0.970778  , -0.97339721, -0.96857294, ...,  0.        ,
         -0.12631035, -0.25919485],
        [-0.99331469, -0.9945418 , -0.99223255, ...,  0.12631035,
          0.        , -0.1351252 ],
        [-0.99980312, -0.99951921, -0.99994146, ...,  0.25919485,
          0.1351252 ,  0.        ]]]), 'num': array([ 8.36139339e-01,  5.48147329e-01,  2.31318884e-06,  5.53830789e-03,
        5.79631742e-03,  5.36926717e-03,  1.14175887e-02, -2.00179803e-04,
        5.76784740e-03,  6.17087607e-03,  5.80691953e-03,  1.38238377e-06,
        6.79646405e-03,  5.54528810e-03])}
{'img': array([[[ 0.        ,  0.68891094,  0.71394151, ...,  0.9764805 ,
          0.99533209,  0.99609431],
        [-0.68891094,  0.        ,  0.03511853, ...,  0.85633114,
          0.78794875,  0.66118711],
        [-0.71394151, -0.03511853,  0.        , ...,  0.83766675,
          0.7658388 ,  0.6344326 ],
        ...,
        [-0.9764805 , -0.85633114, -0.83766675, ...,  0.        ,
         -0.12035993, -0.30098268],
        [-0.99533209, -0.78794875, -0.7658388 , ...,  0.12035993,
          0.        , -0.18401584],
        [-0.99609431, -0.66118711, -0.6344326 , ...,  0.30098268,
          0.18401584,  0.        ]],

       [[ 0.        ,  0.3367938 , -0.06377216, ..., -0.36404806,
         -0.34751226,  0.7051969 ],
        [-0.3367938 ,  0.        , -0.39615474, ..., -0.65646286,
         -0.64301332,  0.4252075 ],
        [ 0.06377216,  0.39615474,  0.        , ..., -0.30391091,
         -0.28700731,  0.74897665],
        ...,
        [ 0.36404806,  0.65646286,  0.30391091, ...,  0.        ,
          0.0176929 ,  0.91492067],
        [ 0.34751226,  0.64301332,  0.28700731, ..., -0.0176929 ,
          0.        ,  0.907636  ],
        [-0.7051969 , -0.4252075 , -0.74897665, ..., -0.91492067,
         -0.907636  ,  0.        ]],

       [[ 0.        ,  0.42869711,  0.59769424, ...,  0.91726569,
          0.92702481,  0.96144423],
        [-0.42869711,  0.        ,  0.19628901, ...,  0.99944181,
          0.99828038,  0.98650683],
        [-0.59769424, -0.19628901,  0.        , ...,  0.97344123,
          0.96735351,  0.93517896],
        ...,
        [-0.91726569, -0.99944181, -0.97344123, ...,  0.        ,
         -0.02523697, -0.13067196],
        [-0.92702481, -0.99828038, -0.96735351, ...,  0.02523697,
          0.        , -0.10560976],
        [-0.96144423, -0.98650683, -0.93517896, ...,  0.13067196,
          0.10560976,  0.        ]],

       ...,

       [[ 0.        ,  0.65088761,  0.82069077, ...,  0.09120649,
          0.02051835, -0.57846657],
        [-0.65088761,  0.        ,  0.25114782, ..., -0.57893311,
         -0.63517358, -0.97008983],
        [-0.82069077, -0.25114782,  0.        , ..., -0.76515724,
         -0.80879437, -0.99996241],
        ...,
        [-0.09120649,  0.57893311,  0.76515724, ...,  0.        ,
         -0.07075446, -0.65045321],
        [-0.02051835,  0.63517358,  0.80879437, ...,  0.07075446,
          0.        , -0.59508173],
        [ 0.57846657,  0.97008983,  0.99996241, ...,  0.65045321,
          0.59508173,  0.        ]],

       [[ 0.        ,  0.26927456,  0.38416583, ...,  0.62468168,
          0.62229543,  0.58827498],
        [-0.26927456,  0.        ,  0.12136453, ...,  0.81187909,
          0.81009339,  0.78429796],
        [-0.38416583, -0.12136453,  0.        , ...,  0.8767334 ,
          0.87526131,  0.85379309],
        ...,
        [-0.62468168, -0.81187909, -0.8767334 , ...,  0.        ,
          0.00305213,  0.04578382],
        [-0.62229543, -0.81009339, -0.87526131, ..., -0.00305213,
          0.        ,  0.04273467],
        [-0.58827498, -0.78429796, -0.85379309, ..., -0.04578382,
         -0.04273467,  0.        ]],

       [[ 0.        , -0.02018938, -0.03787257, ...,  0.9945418 ,
          0.99951921,  0.98036123],
        [ 0.02018938,  0.        , -0.01768996, ...,  0.99223255,
          0.99994146,  0.98414296],
        [ 0.03787257,  0.01768996,  0.        , ...,  0.98987672,
          0.9999764 ,  0.98712675],
        ...,
        [-0.9945418 , -0.99223255, -0.98987672, ...,  0.        ,
         -0.1351252 , -0.29842357],
        [-0.99951921, -0.99994146, -0.9999764 , ...,  0.1351252 ,
          0.        , -0.16671856],
        [-0.98036123, -0.98414296, -0.98712675, ...,  0.29842357,
          0.16671856,  0.        ]]]), 'num': array([8.28006832e-01, 5.60448385e-01, 2.09849763e-06, 5.57413433e-03,
       5.59162181e-03, 5.35554082e-03, 6.10619091e-03, 1.31156102e-04,
       5.62747114e-03, 6.02072085e-03, 5.72532817e-03, 1.66291990e-06,
       6.64382676e-03, 5.39761494e-03])}
{'img': array([[[ 0.        ,  0.07889524,  0.04153982, ...,  0.94216274,
          0.85113373,  0.91652247],
        [-0.07889524,  0.        , -0.03741681, ...,  0.91278374,
          0.8070647 ,  0.88210882],
        [-0.04153982,  0.03741681,  0.        , ...,  0.9274272 ,
          0.82859279,  0.89911614],
        ...,
        [-0.94216274, -0.91278374, -0.9274272 , ...,  0.        ,
         -0.20932496, -0.0696715 ],
        [-0.85113373, -0.8070647 , -0.82859279, ...,  0.20932496,
          0.        ,  0.14068829],
        [-0.91652247, -0.88210882, -0.89911614, ...,  0.0696715 ,
         -0.14068829,  0.        ]],

       [[ 0.        , -0.39615474, -0.4987233 , ..., -0.64301332,
          0.4252075 , -0.15724373],
        [ 0.39615474,  0.        , -0.11454806, ..., -0.28700731,
          0.74897665,  0.24684787],
        [ 0.4987233 ,  0.11454806,  0.        , ..., -0.1753893 ,
          0.8199458 ,  0.35622633],
        ...,
        [ 0.64301332,  0.28700731,  0.1753893 , ...,  0.        ,
          0.907636  ,  0.51458823],
        [-0.4252075 , -0.74897665, -0.8199458 , ..., -0.907636  ,
          0.        , -0.5622385 ],
        [ 0.15724373, -0.24684787, -0.35622633, ..., -0.51458823,
          0.5622385 ,  0.        ]],

       [[ 0.        ,  0.44982654,  0.56221258, ...,  0.93922686,
          0.97121008,  0.98067335],
        [-0.44982654,  0.        ,  0.13011773, ...,  0.99326263,
          0.97456297,  0.96386455],
        [-0.56221258, -0.13011773,  0.        , ...,  0.96973976,
          0.93711659,  0.92100787],
        ...,
        [-0.93922686, -0.99326263, -0.96973976, ...,  0.        ,
         -0.10966663, -0.15290054],
        [-0.97121008, -0.97456297, -0.93711659, ...,  0.10966663,
          0.        , -0.04360119],
        [-0.98067335, -0.96386455, -0.92100787, ...,  0.15290054,
          0.04360119,  0.        ]],

       ...,

       [[ 0.        ,  0.25114782,  0.1996197 , ..., -0.63517358,
         -0.97008983, -0.59891945],
        [-0.25114782,  0.        , -0.05287145, ..., -0.80879437,
         -0.99996241, -0.78084484],
        [-0.1996197 ,  0.05287145,  0.        , ..., -0.77656988,
         -0.99902219, -0.74672258],
        ...,
        [ 0.63517358,  0.80879437,  0.77656988, ...,  0.        ,
         -0.59508173,  0.04606582],
        [ 0.97008983,  0.99996241,  0.99902219, ...,  0.59508173,
          0.        ,  0.6314715 ],
        [ 0.59891945,  0.78084484,  0.74672258, ..., -0.04606582,
         -0.6314715 ,  0.        ]],

       [[ 0.        ,  0.28187273,  0.37606973, ...,  0.62740221,
          0.59319235,  0.63657336],
        [-0.28187273,  0.        ,  0.09963994, ...,  0.82145517,
          0.79606415,  0.82814626],
        [-0.37606973, -0.09963994,  0.        , ...,  0.87418923,
          0.85240589,  0.87987443],
        ...,
        [-0.62740221, -0.82145517, -0.87418923, ...,  0.        ,
          0.04318078, -0.011834  ],
        [-0.59319235, -0.79606415, -0.85240589, ..., -0.04318078,
          0.        , -0.05500072],
        [-0.63657336, -0.82814626, -0.87987443, ...,  0.011834  ,
          0.05500072,  0.        ]],

       [[ 0.        , -0.01768996, -0.02850221, ...,  0.99994146,
          0.98414296,  0.96868201],
        [ 0.01768996,  0.        , -0.01081497, ...,  0.9999764 ,
          0.98712675,  0.97292293],
        [ 0.02850221,  0.01081497,  0.        , ...,  0.9998436 ,
          0.98879877,  0.97536569],
        ...,
        [-0.99994146, -0.9999764 , -0.9998436 , ...,  0.        ,
         -0.16671856, -0.23780915],
        [-0.98414296, -0.98712675, -0.98879877, ...,  0.16671856,
          0.        , -0.07254517],
        [-0.96868201, -0.97292293, -0.97536569, ...,  0.23780915,
          0.07254517,  0.        ]]]), 'num': array([7.56347029e-01, 6.53997498e-01, 7.98358278e-07, 5.11747656e-03,
       5.14941089e-03, 5.00171461e-03, 2.30701592e-03, 2.79425397e-05,
       5.11827492e-03, 5.45178909e-03, 5.24035721e-03, 1.62192787e-06,
       5.98845497e-03, 4.91512321e-03])}
{'img': array([[[ 0.        , -0.03741681, -0.38929368, ...,  0.8070647 ,
          0.88210882,  0.89698198],
        [ 0.03741681,  0.        , -0.35455594, ...,  0.82859279,
          0.89911614,  0.91289461],
        [ 0.38929368,  0.35455594,  0.        , ...,  0.97326186,
          0.99589762,  0.99831631],
        ...,
        [-0.8070647 , -0.82859279, -0.97326186, ...,  0.        ,
          0.14068829,  0.17285793],
        [-0.88210882, -0.89911614, -0.99589762, ..., -0.14068829,
          0.        ,  0.0325682 ],
        [-0.89698198, -0.91289461, -0.99831631, ..., -0.17285793,
         -0.0325682 ,  0.        ]],

       [[ 0.        , -0.11454806,  0.53460699, ...,  0.74897665,
          0.24684787, -0.40969442],
