state_0,state_1,state_2,state_3,state_4,state_5,state_6,state_7,state_8,state_9,state_10,state_11,state_12,state_13,state_14,state_15,state_16,state_17,state_18,state_19,state_20,state_21,state_22,state_23,state_24,state_25,state_26,state_27,state_28,state_29,state_30,state_31,state_32,state_33,state_34,state_35,state_36,state_37,state_38,state_39,state_40,state_41,state_42,state_43,state_44,state_45,state_46,state_47,state_48,state_49,state_50,state_51,state_52,state_53,state_54,state_55,state_56,state_57,state_58,state_59,state_60,state_61,state_62,state_63,state_64,state_65,state_66,state_67,state_68,state_69,state_70,state_71,state_72,state_73,state_74,state_75,state_76,state_77,state_78,state_79,state_80,state_81,state_82,state_83,state_84,state_85,state_86,state_87,state_88,state_89,state_90,state_91,state_92,state_93,state_94,state_95,state_96,state_97,state_98,state_99,state_100,state_101,state_102,state_103,state_104,state_105,state_106,state_107,state_108,state_109,state_110,state_111,state_112,state_113,state_114,state_115,state_116,state_117,state_118,state_119,state_120,state_121,state_122,state_123,state_124,state_125,state_126,state_127,state_128,state_129,state_130,state_131,state_132,state_133,state_134,state_135,state_136,state_137,state_138,state_139,state_140,state_141,state_142,state_143,state_144,state_145,state_146,state_147,state_148,state_149,state_150,state_151,state_152,state_153,state_154,state_155,state_156,state_157,state_158,state_159,state_160,state_161,state_162,state_163,state_164,state_165,state_166,state_167,state_168,state_169,state_170,state_171,state_172,state_173,state_174,state_175,state_176,state_177,state_178,state_179,state_180,state_181,state_182,state_183,state_184,state_185,state_186,state_187,state_188,state_189,state_190,state_191,state_192,state_193,state_194,state_195,state_196,state_197,state_198,state_199,state_200,state_201,state_202,state_203,state_204,state_205,state_206,state_207,state_208,state_209,state_210,state_211,state_212,state_213,state_214,state_215,state_216,state_217,state_218,state_219,state_220,state_221,state_222,state_223,state_224,state_225,state_226,state_227,state_228,state_229,state_230,state_231,state_232,state_233,state_234,state_235,state_236,state_237,state_238,state_239,state_240,state_241,state_242,state_243,state_244,state_245,state_246,state_247,state_248,state_249,state_250,state_251,state_252,state_253,state_254,state_255,state_256,state_257,state_258,state_259,state_260,state_261,state_262,state_263,state_264,state_265,state_266,state_267,state_268,state_269,state_270,state_271,state_272,state_273,state_274,state_275,state_276,state_277,state_278,state_279,state_280,state_281,state_282,state_283,state_284,state_285,state_286,state_287
{'img': array([[[ 0.00000000e+00, -1.04496720e-01, -7.19700372e-02, ...,
          9.60547705e-01,  9.22832258e-01,  9.52746038e-01],
        [ 1.04496720e-01,  0.00000000e+00,  3.26497205e-02, ...,
          9.84351062e-01,  9.58032316e-01,  9.79272732e-01],
        [ 7.19700372e-02, -3.26497205e-02,  0.00000000e+00, ...,
          9.78072774e-01,  9.48162171e-01,  9.72137565e-01],
        ...,
        [-9.60547705e-01, -9.84351062e-01, -9.78072774e-01, ...,
          0.00000000e+00, -1.13351202e-01, -2.68104108e-02],
        [-9.22832258e-01, -9.58032316e-01, -9.48162171e-01, ...,
          1.13351202e-01,  0.00000000e+00,  8.66728391e-02],
        [-9.52746038e-01, -9.79272732e-01, -9.72137565e-01, ...,
          2.68104108e-02, -8.66728391e-02,  0.00000000e+00]],

       [[ 0.00000000e+00, -8.81835229e-02, -1.88027671e-01, ...,
          3.00823057e-01,  6.98781345e-02,  1.33640569e-02],
        [ 8.81835229e-02,  0.00000000e+00, -1.00684504e-01, ...,
          3.83749984e-01,  1.57573868e-01,  1.01487642e-01],
        [ 1.88027671e-01,  1.00684504e-01,  0.00000000e+00, ...,
          4.74775720e-01,  2.56199814e-01,  2.01136572e-01],
        ...,
        [-3.00823057e-01, -3.83749984e-01, -4.74775720e-01, ...,
          0.00000000e+00, -2.33446329e-01, -2.88051159e-01],
        [-6.98781345e-02, -1.57573868e-01, -2.56199814e-01, ...,
          2.33446329e-01,  0.00000000e+00, -5.65405053e-02],
        [-1.33640569e-02, -1.01487642e-01, -2.01136572e-01, ...,
          2.88051159e-01,  5.65405053e-02,  0.00000000e+00]],

       [[ 0.00000000e+00,  9.86733232e-02,  1.75622294e-01, ...,
          9.54344552e-01,  9.85258167e-01,  9.89786427e-01],
        [-9.86733232e-02,  0.00000000e+00,  7.76255311e-02, ...,
          9.79161748e-01,  9.97330438e-01,  9.99022838e-01],
        [-1.75622294e-01, -7.76255311e-02,  0.00000000e+00, ...,
          9.91971555e-01,  9.99989336e-01,  9.99439183e-01],
        ...,
        [-9.54344552e-01, -9.79161748e-01, -9.91971555e-01, ...,
          0.00000000e+00, -1.31040883e-01, -1.59607533e-01],
        [-9.85258167e-01, -9.97330438e-01, -9.99989336e-01, ...,
          1.31040883e-01,  0.00000000e+00, -2.88702211e-02],
        [-9.89786427e-01, -9.99022838e-01, -9.99439183e-01, ...,
          1.59607533e-01,  2.88702211e-02,  0.00000000e+00]],

       ...,

       [[ 0.00000000e+00, -7.74458061e-01, -7.66772896e-01, ...,
         -8.71299969e-01, -9.38542200e-01, -9.43240535e-01],
        [ 7.74458061e-01,  0.00000000e+00,  1.20590377e-02, ...,
         -1.71140439e-01, -3.26430060e-01, -3.39512235e-01],
        [ 7.66772896e-01, -1.20590377e-02,  0.00000000e+00, ...,
         -1.83009122e-01, -3.37804784e-01, -3.50830299e-01],
        ...,
        [ 8.71299969e-01,  1.71140439e-01,  1.83009122e-01, ...,
          0.00000000e+00, -1.59848523e-01, -1.73528313e-01],
        [ 9.38542200e-01,  3.26430060e-01,  3.37804784e-01, ...,
          1.59848523e-01,  0.00000000e+00, -1.38735668e-02],
        [ 9.43240535e-01,  3.39512235e-01,  3.50830299e-01, ...,
          1.73528313e-01,  1.38735668e-02,  0.00000000e+00]],

       [[ 0.00000000e+00,  1.34898849e-01,  2.45947930e-01, ...,
          8.40231895e-01,  7.50522604e-01,  5.04601204e-01],
        [-1.34898849e-01,  0.00000000e+00,  1.12944645e-01, ...,
          9.05697479e-01,  8.32809558e-01,  6.16454099e-01],
        [-2.45947930e-01, -1.12944645e-01,  0.00000000e+00, ...,
          9.47782191e-01,  8.90002238e-01,  7.01441162e-01],
        ...,
        [-8.40231895e-01, -9.05697479e-01, -9.47782191e-01, ...,
          0.00000000e+00,  1.48309072e-01,  4.51807839e-01],
        [-7.50522604e-01, -8.32809558e-01, -8.90002238e-01, ...,
         -1.48309072e-01,  0.00000000e+00,  3.14502534e-01],
        [-5.04601204e-01, -6.16454099e-01, -7.01441162e-01, ...,
         -4.51807839e-01, -3.14502534e-01,  0.00000000e+00]],

       [[ 0.00000000e+00,  6.20546577e-03,  5.49556223e-03, ...,
          9.97425217e-01,  9.99583683e-01,  9.98468550e-01],
        [-6.20546577e-03,  0.00000000e+00, -7.09915641e-04, ...,
          9.96960992e-01,  9.99385395e-01,  9.98792626e-01],
        [-5.49556223e-03,  7.09915641e-04,  0.00000000e+00, ...,
          9.97016045e-01,  9.99410029e-01,  9.98757500e-01],
        ...,
        [-9.97425217e-01, -9.96960992e-01, -9.97016045e-01, ...,
          0.00000000e+00,  4.29063239e-02,  1.26784277e-01],
        [-9.99583683e-01, -9.99385395e-01, -9.99410029e-01, ...,
         -4.29063239e-02,  0.00000000e+00,  8.41074382e-02],
        [-9.98468550e-01, -9.98792626e-01, -9.98757500e-01, ...,
         -1.26784277e-01, -8.41074382e-02,  0.00000000e+00]]]), 'num': array([9.68092793e-01, 2.47263580e-01, 2.36337447e-05, 2.68565280e-04,
       2.69886093e-04, 2.61520945e-04, 4.07008217e-02, 2.64162571e-06,
       2.64690896e-04, 2.44614541e-04, 2.06538441e-04, 6.60406427e-07,
       2.87410508e-04, 2.01818573e-04])}
{'img': array([[[ 0.00000000e+00,  3.26497205e-02, -3.37711647e-01, ...,
          9.58032316e-01,  9.79272732e-01,  9.92816726e-01],
        [-3.26497205e-02,  0.00000000e+00, -3.68263135e-01, ...,
          9.48162171e-01,  9.72137565e-01,  9.88381032e-01],
        [ 3.37711647e-01,  3.68263135e-01,  0.00000000e+00, ...,
          9.98556046e-01,  9.90142257e-01,  9.74893906e-01],
        ...,
        [-9.58032316e-01, -9.48162171e-01, -9.98556046e-01, ...,
          0.00000000e+00,  8.66728391e-02,  1.69977191e-01],
        [-9.79272732e-01, -9.72137565e-01, -9.90142257e-01, ...,
         -8.66728391e-02,  0.00000000e+00,  8.39259622e-02],
        [-9.92816726e-01, -9.88381032e-01, -9.74893906e-01, ...,
         -1.69977191e-01, -8.39259622e-02,  0.00000000e+00]],

       [[ 0.00000000e+00, -1.00684504e-01,  5.75295913e-03, ...,
          1.57573868e-01,  1.01487642e-01,  5.56386925e-02],
        [ 1.00684504e-01,  0.00000000e+00,  1.06406562e-01, ...,
          2.56199814e-01,  2.01136572e-01,  1.55884499e-01],
        [-5.75295913e-03, -1.06406562e-01,  0.00000000e+00, ...,
          1.51890172e-01,  9.57627068e-02,  4.98937242e-02],
        ...,
        [-1.57573868e-01, -2.56199814e-01, -1.51890172e-01, ...,
          0.00000000e+00, -5.65405053e-02, -1.02386171e-01],
        [-1.01487642e-01, -2.01136572e-01, -9.57627068e-02, ...,
          5.65405053e-02,  0.00000000e+00, -4.59790153e-02],
        [-5.56386925e-02, -1.55884499e-01, -4.98937242e-02, ...,
          1.02386171e-01,  4.59790153e-02,  0.00000000e+00]],

       [[ 0.00000000e+00,  7.76255311e-02,  4.84130917e-02, ...,
          9.97330438e-01,  9.99022838e-01,  9.97008374e-01],
        [-7.76255311e-02,  0.00000000e+00, -2.92674980e-02, ...,
          9.99989336e-01,  9.99439183e-01,  9.99999945e-01],
        [-4.84130917e-02,  2.92674980e-02,  0.00000000e+00, ...,
          9.99696117e-01,  9.99991093e-01,  9.99581303e-01],
        ...,
        [-9.97330438e-01, -9.99989336e-01, -9.99696117e-01, ...,
          0.00000000e+00, -2.88702211e-02,  4.28519605e-03],
        [-9.99022838e-01, -9.99439183e-01, -9.99991093e-01, ...,
          2.88702211e-02,  0.00000000e+00,  3.31533659e-02],
        [-9.97008374e-01, -9.99999945e-01, -9.99581303e-01, ...,
         -4.28519605e-03, -3.31533659e-02,  0.00000000e+00]],

       ...,

       [[ 0.00000000e+00,  2.54479560e-02, -8.29788968e-01, ...,
         -4.95546599e-01, -5.11358208e-01, -4.85077076e-01],
        [-2.54479560e-02,  0.00000000e+00, -8.43722166e-01, ...,
         -5.17489735e-01, -5.33061754e-01, -5.07173493e-01],
        [ 8.29788968e-01,  8.43722166e-01,  0.00000000e+00, ...,
          4.44185920e-01,  4.27716402e-01,  4.54916218e-01],
        ...,
        [ 4.95546599e-01,  5.17489735e-01, -4.44185920e-01, ...,
          0.00000000e+00, -1.82994817e-02,  1.20124243e-02],
        [ 5.11358208e-01,  5.33061754e-01, -4.27716402e-01, ...,
          1.82994817e-02,  0.00000000e+00,  3.03085742e-02],
        [ 4.85077076e-01,  5.07173493e-01, -4.54916218e-01, ...,
         -1.20124243e-02, -3.03085742e-02,  0.00000000e+00]],

       [[ 0.00000000e+00,  1.11357649e-01,  1.24114105e-01, ...,
          8.92914673e-01,  8.25319498e-01,  6.09711031e-01],
        [-1.11357649e-01,  0.00000000e+00,  1.28455383e-02, ...,
          9.37497198e-01,  8.83066219e-01,  6.94183590e-01],
        [-1.24114105e-01, -1.28455383e-02,  0.00000000e+00, ...,
          9.41890003e-01,  8.89021107e-01,  7.03372507e-01],
        ...,
        [-8.92914673e-01, -9.37497198e-01, -9.41890003e-01, ...,
          0.00000000e+00,  1.32618348e-01,  4.33237691e-01],
        [-8.25319498e-01, -8.83066219e-01, -8.89021107e-01, ...,
         -1.32618348e-01,  0.00000000e+00,  3.09884754e-01],
        [-6.09711031e-01, -6.94183590e-01, -7.03372507e-01, ...,
         -4.33237691e-01, -3.09884754e-01,  0.00000000e+00]],

       [[ 0.00000000e+00, -7.09915641e-04,  5.66271577e-02, ...,
          9.99385395e-01,  9.98792626e-01,  9.90002647e-01],
        [ 7.09915641e-04,  0.00000000e+00,  5.73359199e-02, ...,
          9.99410029e-01,  9.98757500e-01,  9.89902265e-01],
        [-5.66271577e-02, -5.73359199e-02,  0.00000000e+00, ...,
          9.95796728e-01,  9.99971782e-01,  9.96401276e-01],
        ...,
        [-9.99385395e-01, -9.99410029e-01, -9.95796728e-01, ...,
          0.00000000e+00,  8.41074382e-02,  1.75666346e-01],
        [-9.98792626e-01, -9.98757500e-01, -9.99971782e-01, ...,
         -8.41074382e-02,  0.00000000e+00,  9.22443585e-02],
        [-9.90002647e-01, -9.89902265e-01, -9.96401276e-01, ...,
         -1.75666346e-01, -9.22443585e-02,  0.00000000e+00]]]), 'num': array([ 7.03874510e-01,  7.03874510e-01,  0.00000000e+00,  8.00222352e-04,
        8.17618490e-04,  7.96207859e-04,  9.54810858e-02, -1.60579736e-05,
        8.06913174e-04,  7.49104469e-04,  6.31212180e-04,  1.87605411e-06,
        8.78785242e-04,  6.19423697e-04])}
{'img': array([[[ 0.        , -0.36826313, -0.44697972, ...,  0.97213756,
          0.98838103,  0.95185355],
        [ 0.36826313,  0.        , -0.08613909, ...,  0.99014226,
          0.97489391,  0.99785103],
        [ 0.44697972,  0.08613909,  0.        , ...,  0.97439691,
          0.95208976,  0.988498  ],
        ...,
        [-0.97213756, -0.99014226, -0.97439691, ...,  0.        ,
          0.08392596, -0.0748868 ],
        [-0.98838103, -0.97489391, -0.95208976, ..., -0.08392596,
          0.        , -0.1583129 ],
        [-0.95185355, -0.99785103, -0.988498  , ...,  0.0748868 ,
          0.1583129 ,  0.        ]],

       [[ 0.        ,  0.10640656, -0.0877335 , ...,  0.20113657,
          0.1558845 ,  0.05338077],
        [-0.10640656,  0.        , -0.19323167, ...,  0.09576271,
          0.04989372, -0.05317714],
        [ 0.0877335 ,  0.19323167,  0.        , ...,  0.28630149,
          0.24194439,  0.14078334],
        ...,
        [-0.20113657, -0.09576271, -0.28630149, ...,  0.        ,
         -0.04597902, -0.14855996],
        [-0.1558845 , -0.04989372, -0.24194439, ...,  0.04597902,
          0.        , -0.10293404],
        [-0.05338077,  0.05317714, -0.14078334, ...,  0.14855996,
          0.10293404,  0.        ]],

       [[ 0.        , -0.0292675 , -0.14246438, ...,  0.99943918,
          0.99999994,  0.99918378],
        [ 0.0292675 ,  0.        , -0.11343438, ...,  0.99999109,
          0.9995813 ,  0.99757347],
        [ 0.14246438,  0.11343438,  0.        , ...,  0.99401541,
          0.9898473 ,  0.98323713],
        ...,
        [-0.99943918, -0.99999109, -0.99401541, ...,  0.        ,
          0.03315337,  0.07383145],
        [-0.99999994, -0.9995813 , -0.9898473 , ..., -0.03315337,
          0.        ,  0.04072799],
        [-0.99918378, -0.99757347, -0.98323713, ..., -0.07383145,
         -0.04072799,  0.        ]],

       ...,

       [[ 0.        , -0.84372217, -0.92197325, ..., -0.53306175,
         -0.50717349, -0.67930517],
        [ 0.84372217,  0.        , -0.1681625 , ...,  0.4277164 ,
          0.45491622,  0.25453298],
        [ 0.92197325,  0.1681625 ,  0.        , ...,  0.57362969,
          0.59819236,  0.41353217],
        ...,
        [ 0.53306175, -0.4277164 , -0.57362969, ...,  0.        ,
          0.03030857, -0.18355351],
        [ 0.50717349, -0.45491622, -0.59819236, ..., -0.03030857,
          0.        , -0.21326281],
        [ 0.67930517, -0.25453298, -0.41353217, ...,  0.18355351,
          0.21326281,  0.        ]],

       [[ 0.        ,  0.01271816,  0.01773612, ...,  0.92037843,
          0.85300475,  0.68921808],
        [-0.01271816,  0.        ,  0.00501852, ...,  0.92527716,
          0.85957341,  0.69837733],
        [-0.01773612, -0.00501852,  0.        , ...,  0.92716899,
          0.86212711,  0.70196045],
        ...,
        [-0.92037843, -0.92527716, -0.92716899, ...,  0.        ,
          0.14679895,  0.39735969],
        [-0.85300475, -0.85957341, -0.86212711, ..., -0.14679895,
          0.        ,  0.25834288],
        [-0.68921808, -0.69837733, -0.70196045, ..., -0.39735969,
         -0.25834288,  0.        ]],

       [[ 0.        ,  0.05733592,  0.0990946 , ...,  0.9987575 ,
          0.98990227,  0.97686949],
        [-0.05733592,  0.        ,  0.04187787, ...,  0.99997178,
          0.99640128,  0.98752299],
        [-0.0990946 , -0.04187787,  0.        , ...,  0.99877994,
          0.9990768 ,  0.99325139],
        ...,
        [-0.9987575 , -0.99997178, -0.99877994, ...,  0.        ,
          0.09224436,  0.1648891 ],
        [-0.98990227, -0.99640128, -0.9990768 , ..., -0.09224436,
          0.        ,  0.07320435],
        [-0.97686949, -0.98752299, -0.99325139, ..., -0.1648891 ,
         -0.07320435,  0.        ]]]), 'num': array([ 6.97707692e-01,  6.97707692e-01,  0.00000000e+00,  7.70661918e-04,
        8.10455133e-04,  7.57397514e-04,  1.62491214e-01, -2.25494881e-05,
        7.93211406e-04,  7.48112430e-04,  6.28644358e-04,  1.72437262e-06,
        8.71278696e-04,  6.24946164e-04])}
{'img': array([[[ 0.        , -0.08613909, -0.07496147, ...,  0.97489391,
          0.99785103,  0.99310308],
        [ 0.08613909,  0.        ,  0.01121389, ...,  0.95208976,
          0.988498  ,  0.99951117],
        [ 0.07496147, -0.01121389,  0.        , ...,  0.95545932,
          0.99013177,  0.99909774],
        ...,
        [-0.97489391, -0.95208976, -0.95545932, ...,  0.        ,
         -0.1583129 , -0.33543507],
        [-0.99785103, -0.988498  , -0.99013177, ...,  0.1583129 ,
          0.        , -0.18206412],
        [-0.99310308, -0.99951117, -0.99909774, ...,  0.33543507,
          0.18206412,  0.        ]],

       [[ 0.        , -0.19323167, -0.26598101, ...,  0.04989372,
         -0.05317714,  0.17704667],
        [ 0.19323167,  0.        , -0.07469698, ...,  0.24194439,
          0.14078334,  0.36388898],
        [ 0.26598101,  0.07469698,  0.        , ...,  0.3137462 ,
          0.21434306,  0.4324483 ],
        ...,
        [-0.04989372, -0.24194439, -0.3137462 , ...,  0.        ,
         -0.10293404,  0.12772064],
        [ 0.05317714, -0.14078334, -0.21434306, ...,  0.10293404,
          0.        ,  0.22913324],
        [-0.17704667, -0.36388898, -0.4324483 , ..., -0.12772064,
         -0.22913324,  0.        ]],

       [[ 0.        , -0.11343438, -0.22947754, ...,  0.9995813 ,
          0.99757347,  0.99938221],
        [ 0.11343438,  0.        , -0.11758911, ...,  0.9898473 ,
          0.98323713,  0.99691839],
        [ 0.22947754,  0.11758911,  0.        , ...,  0.96626656,
          0.95497557,  0.98077774],
        ...,
        [-0.9995813 , -0.9898473 , -0.96626656, ...,  0.        ,
          0.04072799, -0.06404757],
        [-0.99757347, -0.98323713, -0.95497557, ..., -0.04072799,
          0.        , -0.1046388 ],
        [-0.99938221, -0.99691839, -0.98077774, ...,  0.06404757,
          0.1046388 ,  0.        ]],

       ...,

       [[ 0.        , -0.1681625 , -0.1681625 , ...,  0.45491622,
          0.25453298,  0.05293053],
        [ 0.1681625 ,  0.        ,  0.        , ...,  0.59819236,
          0.41353217,  0.22010354],
        [ 0.1681625 ,  0.        ,  0.        , ...,  0.59819236,
          0.41353217,  0.22010354],
        ...,
        [-0.45491622, -0.59819236, -0.59819236, ...,  0.        ,
         -0.21326281, -0.40714206],
        [-0.25453298, -0.41353217, -0.41353217, ...,  0.21326281,
          0.        , -0.20298895],
        [-0.05293053, -0.22010354, -0.22010354, ...,  0.40714206,
          0.20298895,  0.        ]],

       [[ 0.        ,  0.00501668,  0.00736064, ...,  0.86186557,
          0.73326691,  0.69819346],
        [-0.00501668,  0.        ,  0.00234401, ...,  0.86439887,
          0.73666872,  0.70177616],
        [-0.00736064, -0.00234401,  0.        , ...,  0.86557507,
          0.73825184,  0.7034441 ],
        ...,
        [-0.86186557, -0.86439887, -0.86557507, ...,  0.        ,
          0.21415103,  0.26293783],
        [-0.73326691, -0.73666872, -0.73825184, ..., -0.21415103,
          0.        ,  0.05022218],
        [-0.69819346, -0.70177616, -0.7034441 , ..., -0.26293783,
         -0.05022218,  0.        ]],

       [[ 0.        ,  0.04187787,  0.09174691, ...,  0.99640128,
          0.98752299,  0.95176032],
        [-0.04187787,  0.        ,  0.04996518, ...,  0.9990768 ,
          0.99325139,  0.96377529],
        [-0.09174691, -0.04996518,  0.        , ...,  0.99997541,
          0.99780581,  0.97589798],
        ...,
        [-0.99640128, -0.9990768 , -0.99997541, ...,  0.        ,
          0.07320435,  0.22506566],
        [-0.98752299, -0.99325139, -0.99780581, ..., -0.07320435,
          0.        ,  0.1531356 ],
        [-0.95176032, -0.96377529, -0.97589798, ..., -0.22506566,
         -0.1531356 ,  0.        ]]]), 'num': array([9.51444870e-01, 2.81285629e-01, 2.28723291e-05, 1.05370950e-03,
       1.06989275e-03, 1.03572811e-03, 1.24990625e-01, 8.99069538e-06,
       1.07133126e-03, 1.02242188e-03, 8.57622433e-04, 2.33183332e-06,
       1.17973757e-03, 8.65106186e-04])}
{'img': array([[[ 0.        ,  0.01121389,  0.03323725, ...,  0.988498  ,
          0.99951117,  0.9998152 ],
        [-0.01121389,  0.        ,  0.02202746, ...,  0.99013177,
          0.99909774,  0.99996791],
        [-0.03323725, -0.02202746,  0.        , ...,  0.99297844,
          0.99791981,  0.99990175],
        ...,
        [-0.988498  , -0.99013177, -0.99297844, ...,  0.        ,
         -0.18206412, -0.13220293],
        [-0.99951117, -0.99909774, -0.99791981, ...,  0.18206412,
          0.        ,  0.05047271],
        [-0.9998152 , -0.99996791, -0.99990175, ...,  0.13220293,
         -0.05047271,  0.        ]],

       [[ 0.        , -0.07469698, -0.08854841, ...,  0.14078334,
          0.36388898,  0.13112577],
        [ 0.07469698,  0.        , -0.01389747, ...,  0.21434306,
          0.4324483 ,  0.20481146],
        [ 0.08854841,  0.01389747,  0.        , ...,  0.22789683,
          0.44493732,  0.21839455],
        ...,
        [-0.14078334, -0.21434306, -0.22789683, ...,  0.        ,
          0.22913324, -0.00974797],
        [-0.36388898, -0.4324483 , -0.44493732, ..., -0.22913324,
          0.        , -0.23861098],
        [-0.13112577, -0.20481146, -0.21839455, ...,  0.00974797,
          0.23861098,  0.        ]],

       [[ 0.        , -0.11758911, -0.21105797, ...,  0.98323713,
          0.99691839,  0.9992443 ],
        [ 0.11758911,  0.        , -0.09465347, ...,  0.95497557,
          0.98077774,  0.98774126],
        [ 0.21105797,  0.09465347,  0.        , ...,  0.92260579,
          0.95790476,  0.96853118],
        ...,
        [-0.98323713, -0.95497557, -0.92260579, ...,  0.        ,
         -0.1046388 , -0.14397579],
        [-0.99691839, -0.98077774, -0.95790476, ...,  0.1046388 ,
          0.        , -0.03963682],
        [-0.9992443 , -0.98774126, -0.96853118, ...,  0.14397579,
          0.03963682,  0.        ]],

       ...,

       [[ 0.        ,  0.        ,  0.        , ...,  0.41353217,
          0.22010354,  0.21402028],
        [ 0.        ,  0.        ,  0.        , ...,  0.41353217,
          0.22010354,  0.21402028],
        [ 0.        ,  0.        ,  0.        , ...,  0.41353217,
          0.22010354,  0.21402028],
        ...,
        [-0.41353217, -0.41353217, -0.41353217, ...,  0.        ,
         -0.20298895, -0.20908708],
        [-0.22010354, -0.22010354, -0.22010354, ...,  0.20298895,
          0.        , -0.00623181],
        [-0.21402028, -0.21402028, -0.21402028, ...,  0.20908708,
          0.00623181,  0.        ]],

       [[ 0.        ,  0.00234401, -0.00570018, ...,  0.73666872,
          0.70177616,  0.77918093],
        [-0.00234401,  0.        , -0.00804413, ...,  0.73825184,
          0.7034441 ,  0.78064801],
        [ 0.00570018,  0.00804413,  0.        , ...,  0.73280199,
          0.69770397,  0.7755954 ],
        ...,
        [-0.73666872, -0.73825184, -0.73280199, ...,  0.        ,
          0.05022218, -0.06518078],
        [-0.70177616, -0.7034441 , -0.69770397, ..., -0.05022218,
          0.        , -0.11521391],
        [-0.77918093, -0.78064801, -0.7755954 , ...,  0.06518078,
          0.11521391,  0.        ]],

       [[ 0.        ,  0.04996518,  0.12821437, ...,  0.99325139,
          0.96377529,  0.86155109],
        [-0.04996518,  0.        ,  0.07850144, ...,  0.99780581,
          0.97589798,  0.88584084],
        [-0.12821437, -0.07850144,  0.        , ...,  0.99992404,
          0.99001751,  0.91953096],
        ...,
        [-0.99325139, -0.99780581, -0.99992404, ...,  0.        ,
          0.1531356 ,  0.4043209 ],
        [-0.96377529, -0.97589798, -0.99001751, ..., -0.1531356 ,
          0.        ,  0.25949155],
        [-0.86155109, -0.88584084, -0.91953096, ..., -0.4043209 ,
         -0.25949155,  0.        ]]]), 'num': array([ 8.03328917e-01,  5.59971500e-01,  8.55386350e-06,  8.72248805e-04,
        9.07506666e-04,  8.38523896e-04,  2.02703203e-01, -2.60601576e-05,
        9.02601224e-04,  8.76847657e-04,  7.35535175e-04,  1.82368243e-06,
        1.00226886e-03,  7.51426451e-04])}
{'img': array([[[ 0.00000000e+00,  2.20274600e-02,  7.49614657e-02, ...,
          9.99097736e-01,  9.99967910e-01,  9.87879354e-01],
        [-2.20274600e-02,  0.00000000e+00,  5.29777932e-02, ...,
          9.97919812e-01,  9.99901749e-01,  9.84220478e-01],
        [-7.49614657e-02, -5.29777932e-02,  0.00000000e+00, ...,
          9.93103081e-01,  9.97754959e-01,  9.73464095e-01],
        ...,
        [-9.99097736e-01, -9.97919812e-01, -9.93103081e-01, ...,
          0.00000000e+00,  5.04727056e-02, -1.13128217e-01],
        [-9.99967910e-01, -9.99901749e-01, -9.97754959e-01, ...,
         -5.04727056e-02,  0.00000000e+00, -1.63132719e-01],
        [-9.87879354e-01, -9.84220478e-01, -9.73464095e-01, ...,
          1.13128217e-01,  1.63132719e-01,  0.00000000e+00]],

       [[ 0.00000000e+00, -1.38974699e-02, -1.40983415e-01, ...,
          4.32448304e-01,  2.04811461e-01,  4.66573529e-01],
        [ 1.38974699e-02,  0.00000000e+00, -1.27211138e-01, ...,
          4.44937316e-01,  2.18394545e-01,  4.78820538e-01],
        [ 1.40983415e-01,  1.27211138e-01,  0.00000000e+00, ...,
          5.55247919e-01,  3.40760565e-01,  5.86610724e-01],
        ...,
        [-4.32448304e-01, -4.44937316e-01, -5.55247919e-01, ...,
          0.00000000e+00, -2.38610983e-01,  3.81971749e-02],
        [-2.04811461e-01, -2.18394545e-01, -3.40760565e-01, ...,
          2.38610983e-01,  0.00000000e+00,  2.75530708e-01],
        [-4.66573529e-01, -4.78820538e-01, -5.86610724e-01, ...,
         -3.81971749e-02, -2.75530708e-01,  0.00000000e+00]],

       [[ 0.00000000e+00, -9.46534708e-02, -1.95136422e-01, ...,
          9.80777741e-01,  9.87741260e-01,  9.98939562e-01],
        [ 9.46534708e-02,  0.00000000e+00, -1.01426452e-01, ...,
          9.57904761e-01,  9.68531176e-01,  9.90096686e-01],
        [ 1.95136422e-01,  1.01426452e-01,  0.00000000e+00, ...,
          9.23846753e-01,  9.38292240e-01,  9.70751826e-01],
        ...,
        [-9.80777741e-01, -9.57904761e-01, -9.23846753e-01, ...,
          0.00000000e+00, -3.96368164e-02, -1.49765542e-01],
        [-9.87741260e-01, -9.68531176e-01, -9.38292240e-01, ...,
          3.96368164e-02,  0.00000000e+00, -1.10458075e-01],
        [-9.98939562e-01, -9.90096686e-01, -9.70751826e-01, ...,
          1.49765542e-01,  1.10458075e-01,  0.00000000e+00]],

       ...,

       [[ 0.00000000e+00,  0.00000000e+00, -2.01538322e-02, ...,
          2.20103538e-01,  2.14020284e-01,  9.46347543e-03],
        [ 0.00000000e+00,  0.00000000e+00, -2.01538322e-02, ...,
          2.20103538e-01,  2.14020284e-01,  9.46347543e-03],
        [ 2.01538322e-02,  2.01538322e-02,  0.00000000e+00, ...,
          2.39718423e-01,  2.33663667e-01,  2.96144831e-02],
        ...,
        [-2.20103538e-01, -2.20103538e-01, -2.39718423e-01, ...,
          0.00000000e+00, -6.23180552e-03, -2.10862284e-01],
        [-2.14020284e-01, -2.14020284e-01, -2.33663667e-01, ...,
          6.23180552e-03,  0.00000000e+00, -2.04766501e-01],
        [-9.46347543e-03, -9.46347543e-03, -2.96144831e-02, ...,
          2.10862284e-01,  2.04766501e-01,  0.00000000e+00]],

       [[ 0.00000000e+00, -8.04413474e-03, -7.57504758e-03, ...,
          7.03444099e-01,  7.80648010e-01,  8.47079146e-01],
        [ 8.04413474e-03,  0.00000000e+00,  4.69101443e-04, ...,
          6.97703966e-01,  7.75595402e-01,  8.42776549e-01],
        [ 7.57504758e-03, -4.69101443e-04,  0.00000000e+00, ...,
          6.98039947e-01,  7.75891428e-01,  8.43028957e-01],
        ...,
        [-7.03444099e-01, -6.97703966e-01, -6.98039947e-01, ...,
          0.00000000e+00, -1.15213908e-01, -2.28204844e-01],
        [-7.80648010e-01, -7.75595402e-01, -7.75891428e-01, ...,
          1.15213908e-01,  0.00000000e+00, -1.14511386e-01],
        [-8.47079146e-01, -8.42776549e-01, -8.43028957e-01, ...,
          2.28204844e-01,  1.14511386e-01,  0.00000000e+00]],

       [[ 0.00000000e+00,  7.72829820e-02,  1.32682700e-01, ...,
          9.89110554e-01,  9.37174386e-01,  6.91548063e-01],
        [-7.72829820e-02,  0.00000000e+00,  5.56861831e-02, ...,
          9.97526399e-01,  9.61332521e-01,  7.45303630e-01],
        [-1.32682700e-01, -5.56861831e-02,  0.00000000e+00, ...,
          9.99892898e-01,  9.75176272e-01,  7.81274540e-01],
        ...,
        [-9.89110554e-01, -9.97526399e-01, -9.99892898e-01, ...,
          0.00000000e+00,  2.07134237e-01,  6.12686479e-01],
        [-9.37174386e-01, -9.61332521e-01, -9.75176272e-01, ...,
         -2.07134237e-01,  0.00000000e+00,  4.35695275e-01],
        [-6.91548063e-01, -7.45303630e-01, -7.81274540e-01, ...,
         -6.12686479e-01, -4.35695275e-01,  0.00000000e+00]]]), 'num': array([8.16260908e-01, 5.69871780e-01, 8.66042627e-06, 8.86291825e-04,
       8.90964717e-04, 8.59812104e-04, 9.46474934e-02, 0.00000000e+00,
       9.04360340e-04, 8.95481846e-04, 7.51816381e-04, 1.79021800e-06,
       1.01530769e-03, 7.75656003e-04])}
{'img': array([[[ 0.00000000e+00,  5.29777932e-02, -1.80366527e-01, ...,
          9.99901749e-01,  9.84220478e-01,  9.84220478e-01],
        [-5.29777932e-02,  0.00000000e+00, -2.32222166e-01, ...,
          9.97754959e-01,  9.73464095e-01,  9.73464095e-01],
        [ 1.80366527e-01,  2.32222166e-01,  0.00000000e+00, ...,
          9.86031127e-01,  9.99993959e-01,  9.99993959e-01],
        ...,
        [-9.99901749e-01, -9.97754959e-01, -9.86031127e-01, ...,
          0.00000000e+00, -1.63132719e-01, -1.63132719e-01],
        [-9.84220478e-01, -9.73464095e-01, -9.99993959e-01, ...,
          1.63132719e-01,  0.00000000e+00,  0.00000000e+00],
        [-9.84220478e-01, -9.73464095e-01, -9.99993959e-01, ...,
          1.63132719e-01,  0.00000000e+00,  0.00000000e+00]],

       [[ 0.00000000e+00, -1.27211138e-01, -5.19215749e-02, ...,
          2.18394545e-01,  4.78820538e-01,  1.70861698e-01],
        [ 1.27211138e-01,  0.00000000e+00,  7.55398046e-02, ...,
          3.40760565e-01,  5.86610724e-01,  2.94814060e-01],
        [ 5.19215749e-02, -7.55398046e-02,  0.00000000e+00, ...,
          2.68768184e-01,  5.23757304e-01,  2.21789303e-01],
        ...,
        [-2.18394545e-01, -3.40760565e-01, -2.68768184e-01, ...,
          0.00000000e+00,  2.75530708e-01, -4.84458671e-02],
        [-4.78820538e-01, -5.86610724e-01, -5.23757304e-01, ...,
         -2.75530708e-01,  0.00000000e+00, -3.21777820e-01],
        [-1.70861698e-01, -2.94814060e-01, -2.21789303e-01, ...,
          4.84458671e-02,  3.21777820e-01,  0.00000000e+00]],

       [[ 0.00000000e+00, -1.01426452e-01, -1.53747291e-01, ...,
          9.68531176e-01,  9.90096686e-01,  9.99547070e-01],
        [ 1.01426452e-01,  0.00000000e+00, -5.27339112e-02, ...,
          9.38292240e-01,  9.70751826e-01,  9.91340110e-01],
        [ 1.53747291e-01,  5.27339112e-02,  0.00000000e+00, ...,
          9.18749023e-01,  9.56740491e-01,  9.83035772e-01],
        ...,
        [-9.68531176e-01, -9.38292240e-01, -9.18749023e-01, ...,
          0.00000000e+00, -1.10458075e-01, -2.19632475e-01],
        [-9.90096686e-01, -9.70751826e-01, -9.56740491e-01, ...,
          1.10458075e-01,  0.00000000e+00, -1.10527511e-01],
        [-9.99547070e-01, -9.91340110e-01, -9.83035772e-01, ...,
          2.19632475e-01,  1.10527511e-01,  0.00000000e+00]],

       ...,

       [[ 0.00000000e+00, -2.01538322e-02, -3.78971453e-01, ...,
          2.14020284e-01,  9.46347543e-03, -6.78502044e-02],
        [ 2.01538322e-02,  0.00000000e+00, -3.60243955e-01, ...,
          2.33663667e-01,  2.96144831e-02, -4.77290353e-02],
        [ 3.78971453e-01,  3.60243955e-01,  0.00000000e+00, ...,
          5.68246548e-01,  3.87712062e-01,  3.15308974e-01],
        ...,
        [-2.14020284e-01, -2.33663667e-01, -5.68246548e-01, ...,
          0.00000000e+00, -2.04766501e-01, -2.79805141e-01],
        [-9.46347543e-03, -2.96144831e-02, -3.87712062e-01, ...,
          2.04766501e-01,  0.00000000e+00, -7.72888331e-02],
        [ 6.78502044e-02,  4.77290353e-02, -3.15308974e-01, ...,
          2.79805141e-01,  7.72888331e-02,  0.00000000e+00]],

       [[ 0.00000000e+00,  4.69101443e-04, -7.30767669e-03, ...,
          7.75595402e-01,  8.42776549e-01,  8.76610297e-01],
        [-4.69101443e-04,  0.00000000e+00, -7.77676480e-03, ...,
          7.75891428e-01,  8.43028957e-01,  8.76835933e-01],
        [ 7.30767669e-03,  7.77676480e-03,  0.00000000e+00, ...,
          7.70961865e-01,  8.38820590e-01,  8.73070429e-01],
        ...,
        [-7.75595402e-01, -7.75891428e-01, -7.70961865e-01, ...,
          0.00000000e+00, -1.14511386e-01, -1.80125766e-01],
        [-8.42776549e-01, -8.43028957e-01, -8.38820590e-01, ...,
          1.14511386e-01,  0.00000000e+00, -6.63024969e-02],
        [-8.76610297e-01, -8.76835933e-01, -8.73070429e-01, ...,
          1.80125766e-01,  6.63024969e-02,  0.00000000e+00]],

       [[ 0.00000000e+00,  5.42905351e-02,  8.57122357e-02, ...,
          9.89880679e-01,  9.42778881e-01,  7.32811714e-01],
        [-5.42905351e-02,  0.00000000e+00,  3.14950833e-02, ...,
          9.96124732e-01,  9.59489929e-01,  7.68671939e-01],
        [-8.57122357e-02, -3.14950833e-02,  0.00000000e+00, ...,
          9.98400611e-01,  9.67887449e-01,  7.88436222e-01],
        ...,
        [-9.89880679e-01, -9.96124732e-01, -9.98400611e-01, ...,
          0.00000000e+00,  1.96262238e-01,  5.69558358e-01],
        [-9.42778881e-01, -9.59489929e-01, -9.67887449e-01, ...,
         -1.96262238e-01,  0.00000000e+00,  3.97163348e-01],
        [-7.32811714e-01, -7.68671939e-01, -7.88436222e-01, ...,
         -5.69558358e-01, -3.97163348e-01,  0.00000000e+00]]]), 'num': array([ 7.37101817e-01,  6.69810164e-01,  2.39472078e-06,  7.91666516e-04,
        8.24065680e-04,  7.87440539e-04,  8.96114094e-02, -9.86061497e-06,
        8.07725232e-04,  8.13359869e-04,  6.83716260e-04,  7.25045219e-07,
        9.14302471e-04,  7.12417268e-04])}
{'img': array([[[ 0.        , -0.23222217, -0.51697734, ...,  0.97346409,
          0.97346409,  0.95734426],
        [ 0.23222217,  0.        , -0.30406265, ...,  0.99999396,
          0.99999396,  0.99827366],
        [ 0.51697734,  0.30406265,  0.        , ...,  0.95158937,
          0.95158937,  0.96886629],
        ...,
        [-0.97346409, -0.99999396, -0.95158937, ...,  0.        ,
          0.        , -0.06220376],
        [-0.97346409, -0.99999396, -0.95158937, ...,  0.        ,
          0.        , -0.06220376],
        [-0.95734426, -0.99827366, -0.96886629, ...,  0.06220376,
          0.06220376,  0.        ]],

       [[ 0.        ,  0.0755398 ,  0.13897831, ...,  0.58661072,
          0.29481406,  0.31027059],
        [-0.0755398 ,  0.        ,  0.06377449, ...,  0.5237573 ,
          0.2217893 ,  0.2375723 ],
        [-0.13897831, -0.06377449,  0.        , ...,  0.46836369,
          0.15915165,  0.17514006],
        ...,
        [-0.58661072, -0.5237573 , -0.46836369, ...,  0.        ,
         -0.32177782, -0.30638193],
        [-0.29481406, -0.2217893 , -0.15915165, ...,  0.32177782,
          0.        ,  0.01621602],
        [-0.31027059, -0.2375723 , -0.17514006, ...,  0.30638193,
         -0.01621602,  0.        ]],

       [[ 0.        , -0.05273391, -0.13597641, ...,  0.97075183,
          0.99134011,  0.99899333],
        [ 0.05273391,  0.        , -0.08354309, ...,  0.95674049,
          0.98303577,  0.99523774],
        [ 0.13597641,  0.08354309,  0.        , ...,  0.92908964,
          0.96427628,  0.98361499],
        ...,
        [-0.97075183, -0.95674049, -0.92908964, ...,  0.        ,
         -0.11052751, -0.19629655],
        [-0.99134011, -0.98303577, -0.96427628, ...,  0.11052751,
          0.        , -0.0867167 ],
        [-0.99899333, -0.99523774, -0.98361499, ...,  0.19629655,
          0.0867167 ,  0.        ]],

       ...,

       [[ 0.        , -0.30543446, -0.48169283, ...,  0.02575658,
         -0.04130427, -0.99570589],
        [ 0.30543446,  0.        , -0.19100976, ...,  0.32985889,
          0.26584334, -0.97639922],
        [ 0.48169283,  0.19100976,  0.        , ...,  0.50410456,
          0.44508518, -0.91716884],
        ...,
        [-0.02575658, -0.32985889, -0.50410456, ...,  0.        ,
         -0.06702517, -0.99299119],
        [ 0.04130427, -0.26584334, -0.44508518, ...,  0.06702517,
          0.        , -0.99867983],
        [ 0.99570589,  0.97639922,  0.91716884, ...,  0.99299119,
          0.99867983,  0.        ]],

       [[ 0.        , -0.00777676, -0.01275238, ...,  0.84302896,
          0.87683593,  0.90979047],
        [ 0.00777676,  0.        , -0.00497586, ...,  0.83882059,
          0.87307043,  0.90653507],
        [ 0.01275238,  0.00497586,  0.        , ...,  0.83610131,
          0.87063342,  0.90442339],
        ...,
        [-0.84302896, -0.83882059, -0.83610131, ...,  0.        ,
         -0.0663025 , -0.13943315],
        [-0.87683593, -0.87307043, -0.87063342, ...,  0.0663025 ,
          0.        , -0.07347152],
        [-0.90979047, -0.90653507, -0.90442339, ...,  0.13943315,
          0.07347152,  0.        ]],

       [[ 0.        ,  0.03073017,  0.04237053, ...,  0.98977078,
          0.95142505,  0.75662888],
        [-0.03073017,  0.        ,  0.01164795, ...,  0.9936875 ,
          0.96043693,  0.77636429],
        [-0.04237053, -0.01164795,  0.        , ...,  0.9949268 ,
          0.9636157 ,  0.78365314],
        ...,
        [-0.98977078, -0.9936875 , -0.9949268 , ...,  0.        ,
          0.16899432,  0.53921045],
        [-0.95142505, -0.96043693, -0.9636157 , ..., -0.16899432,
          0.        ,  0.38913288],
        [-0.75662888, -0.77636429, -0.78365314, ..., -0.53921045,
         -0.38913288,  0.        ]]]), 'num': array([ 7.26474907e-01,  6.81595850e-01,  1.61145626e-06,  7.73776844e-04,
        7.94614640e-04,  7.68220098e-04,  8.75011027e-02, -6.94593217e-06,
        7.89891406e-04,  8.04964079e-04,  6.77784061e-04,  7.15022429e-07,
        8.97607192e-04,  7.12320966e-04])}
{'img': array([[[ 0.        , -0.30406265, -0.10392055, ...,  0.99999396,
          0.99827366,  0.99481564],
        [ 0.30406265,  0.        ,  0.20341621, ...,  0.95158937,
          0.96886629,  0.97863476],
        [ 0.10392055, -0.20341621,  0.        , ...,  0.99421837,
          0.99897229,  0.9999975 ],
        ...,
        [-0.99999396, -0.95158937, -0.99421837, ...,  0.        ,
         -0.06220376, -0.10515223],
        [-0.99827366, -0.96886629, -0.99897229, ...,  0.06220376,
          0.        , -0.04308968],
        [-0.99481564, -0.97863476, -0.9999975 , ...,  0.10515223,
          0.04308968,  0.        ]],

       [[ 0.        ,  0.06377449, -0.1384107 , ...,  0.2217893 ,
          0.2375723 ,  0.23414054],
        [-0.06377449,  0.        , -0.2012896 , ...,  0.15915165,
          0.17514006,  0.17166217],
        [ 0.1384107 ,  0.2012896 ,  0.        , ...,  0.35461809,
          0.36973362,  0.36645018],
        ...,
        [-0.2217893 , -0.15915165, -0.35461809, ...,  0.        ,
          0.01621602,  0.01268501],
        [-0.2375723 , -0.17514006, -0.36973362, ..., -0.01621602,
          0.        , -0.00353137],
        [-0.23414054, -0.17166217, -0.36645018, ..., -0.01268501,
          0.00353137,  0.        ]],

       [[ 0.        , -0.08354309, -0.147647  , ...,  0.98303577,
