state_0,state_1,state_2,state_3,state_4,state_5,state_6,state_7,state_8,state_9,state_10,state_11,state_12,state_13,state_14,state_15,state_16,state_17,state_18,state_19,state_20,state_21,state_22,state_23,state_24,state_25,state_26,state_27,state_28,state_29,state_30,state_31,state_32,state_33,state_34,state_35,state_36,state_37,state_38,state_39,state_40,state_41,state_42,state_43,state_44,state_45,state_46,state_47,state_48,state_49,state_50,state_51,state_52,state_53,state_54,state_55,state_56,state_57,state_58,state_59,state_60,state_61,state_62,state_63,state_64,state_65,state_66,state_67,state_68,state_69,state_70,state_71,state_72,state_73,state_74,state_75,state_76,state_77,state_78,state_79,state_80,state_81,state_82,state_83,state_84,state_85,state_86,state_87,state_88,state_89,state_90,state_91,state_92,state_93,state_94,state_95,state_96,state_97,state_98,state_99,state_100,state_101,state_102,state_103,state_104,state_105,state_106,state_107,state_108,state_109,state_110,state_111,state_112,state_113,state_114,state_115,state_116,state_117,state_118,state_119,state_120,state_121,state_122,state_123,state_124,state_125,state_126,state_127,state_128,state_129,state_130,state_131,state_132,state_133,state_134,state_135,state_136,state_137,state_138,state_139,state_140,state_141,state_142,state_143,state_144,state_145,state_146,state_147,state_148,state_149,state_150,state_151,state_152,state_153,state_154,state_155,state_156,state_157,state_158,state_159,state_160,state_161,state_162,state_163,state_164,state_165,state_166,state_167,state_168,state_169,state_170,state_171,state_172,state_173,state_174,state_175,state_176,state_177,state_178,state_179,state_180,state_181,state_182,state_183,state_184,state_185,state_186,state_187,state_188,state_189,state_190,state_191,state_192,state_193,state_194,state_195,state_196,state_197,state_198,state_199,state_200,state_201,state_202,state_203,state_204,state_205,state_206,state_207,state_208,state_209,state_210,state_211,state_212,state_213,state_214,state_215,state_216,state_217,state_218,state_219,state_220,state_221,state_222,state_223,state_224,state_225,state_226,state_227,state_228,state_229,state_230,state_231,state_232,state_233,state_234,state_235,state_236,state_237,state_238,state_239,state_240,state_241,state_242,state_243,state_244,state_245,state_246,state_247,state_248,state_249,state_250,state_251,state_252,state_253,state_254,state_255,state_256,state_257,state_258,state_259,state_260,state_261,state_262,state_263,state_264,state_265,state_266,state_267,state_268,state_269,state_270,state_271,state_272,state_273,state_274,state_275,state_276,state_277,state_278,state_279,state_280,state_281,state_282,state_283,state_284,state_285,state_286,state_287
{'img': array([[[ 0.        ,  0.2770549 ,  0.23417079, ...,  0.81286015,
          0.19681772,  0.74078684],
        [-0.2770549 ,  0.        , -0.04434756, ...,  0.9424131 ,
          0.46074885,  0.89789697],
        [-0.23417079,  0.04434756,  0.        , ...,  0.92665382,
          0.42093573,  0.87749154],
        ...,
        [-0.81286015, -0.9424131 , -0.92665382, ...,  0.        ,
          0.68232245,  0.11455293],
        [-0.19681772, -0.46074885, -0.42093573, ..., -0.68232245,
          0.        , -0.59408675],
        [-0.74078684, -0.89789697, -0.87749154, ..., -0.11455293,
          0.59408675,  0.        ]],

       [[ 0.        ,  0.46302138, -0.29305503, ...,  0.12021665,
          0.36513685,  0.92099982],
        [-0.46302138,  0.        , -0.70244117, ..., -0.35310972,
         -0.10741354,  0.63594953],
        [ 0.29305503,  0.70244117,  0.        , ...,  0.40586831,
          0.62192644,  0.99472725],
        ...,
        [-0.12021665,  0.35310972, -0.40586831, ...,  0.        ,
          0.25057261,  0.86748848],
        [-0.36513685,  0.10741354, -0.62192644, ..., -0.25057261,
          0.        ,  0.71516452],
        [-0.92099982, -0.63594953, -0.99472725, ..., -0.86748848,
         -0.71516452,  0.        ]],

       [[ 0.        ,  0.22597341,  0.36584015, ...,  0.55883197,
          0.3174741 ,  0.        ],
        [-0.22597341,  0.        ,  0.14606872, ...,  0.73177236,
          0.52354526,  0.22597341],
        [-0.36584015, -0.14606872,  0.        , ...,  0.8234767 ,
          0.64238019,  0.36584015],
        ...,
        [-0.55883197, -0.73177236, -0.8234767 , ...,  0.        ,
          0.26664667,  0.55883197],
        [-0.3174741 , -0.52354526, -0.64238019, ..., -0.26664667,
          0.        ,  0.3174741 ],
        [-0.        , -0.22597341, -0.36584015, ..., -0.55883197,
         -0.3174741 ,  0.        ]],

       ...,

       [[ 0.        ,  0.00625442, -0.04780648, ...,  0.40531933,
          0.49450066,  0.37124342],
        [-0.00625442,  0.        , -0.05405282, ...,  0.39959376,
          0.48905479,  0.3654287 ],
        [ 0.04780648,  0.05405282,  0.        , ...,  0.44855938,
          0.53548756,  0.41520896],
        ...,
        [-0.40531933, -0.39959376, -0.44855938, ...,  0.        ,
          0.09976589, -0.0369719 ],
        [-0.49450066, -0.48905479, -0.53548756, ..., -0.09976589,
          0.        , -0.13648513],
        [-0.37124342, -0.3654287 , -0.41520896, ...,  0.0369719 ,
          0.13648513,  0.        ]],

       [[ 0.        ,  0.26020023,  0.34755931, ...,  0.57662757,
          0.33481379,  0.        ],
        [-0.26020023,  0.        ,  0.09160869, ...,  0.7693509 ,
          0.56846362,  0.26020023],
        [-0.34755931, -0.09160869,  0.        , ...,  0.82463789,
          0.64144051,  0.34755931],
        ...,
        [-0.57662757, -0.7693509 , -0.82463789, ...,  0.        ,
          0.26980186,  0.57662757],
        [-0.33481379, -0.56846362, -0.64144051, ..., -0.26980186,
          0.        ,  0.33481379],
        [-0.        , -0.26020023, -0.34755931, ..., -0.57662757,
         -0.33481379,  0.        ]],

       [[ 0.        , -0.29975221, -0.14230428, ...,  0.92900513,
          0.85317574,  0.29975221],
        [ 0.29975221,  0.        ,  0.1609409 , ...,  0.77535843,
          0.65758641,  0.        ],
        [ 0.14230428, -0.1609409 ,  0.        , ...,  0.86688851,
          0.77026366,  0.1609409 ],
        ...,
        [-0.92900513, -0.77535843, -0.86688851, ...,  0.        ,
          0.16885894,  0.77535843],
        [-0.85317574, -0.65758641, -0.77026366, ..., -0.16885894,
          0.        ,  0.65758641],
        [-0.29975221, -0.        , -0.1609409 , ..., -0.77535843,
         -0.65758641,  0.        ]]]), 'num': array([ 9.99435234e-01,  1.54718118e-02,  8.51916383e-06,  8.70764091e-04,
        8.89611798e-04,  8.66994549e-04,  2.97383051e-02, -7.53908304e-06,
        8.82826623e-04,  7.92395322e-04,  6.86898420e-04,  5.19809637e-07,
        9.20425268e-04,  6.64365377e-04])}
{'img': array([[[ 0.        , -0.04434756,  0.03091838, ...,  0.46074885,
          0.89789697,  0.92955951],
        [ 0.04434756,  0.        ,  0.07521432, ...,  0.42093573,
          0.87749154,  0.91229527],
        [-0.03091838, -0.07521432,  0.        , ...,  0.48796958,
          0.91107815,  0.94051385],
        ...,
        [-0.46074885, -0.42093573, -0.48796958, ...,  0.        ,
         -0.59408675, -0.65514724],
        [-0.89789697, -0.87749154, -0.91107815, ...,  0.59408675,
          0.        , -0.07816781],
        [-0.92955951, -0.91229527, -0.94051385, ...,  0.65514724,
          0.07816781,  0.        ]],

       [[ 0.        , -0.70244117, -0.47414268, ..., -0.10741354,
          0.63594953, -0.50161544],
        [ 0.70244117,  0.        ,  0.28099577, ...,  0.62192644,
          0.99472725,  0.25065465],
        [ 0.47414268, -0.28099577,  0.        , ...,  0.37682745,
          0.92583095, -0.03146989],
        ...,
        [ 0.10741354, -0.62192644, -0.37682745, ...,  0.        ,
          0.71516452, -0.40579085],
        [-0.63594953, -0.99472725, -0.92583095, ..., -0.71516452,
          0.        , -0.93726605],
        [ 0.50161544, -0.25065465,  0.03146989, ...,  0.40579085,
          0.93726605,  0.        ]],

       [[ 0.        ,  0.29307351,  0.44092668, ...,  0.33420983,
          0.10211492,  0.        ],
        [-0.29307351,  0.        ,  0.15851944, ...,  0.59575605,
          0.38917255,  0.29307351],
        [-0.44092668, -0.15851944,  0.        , ...,  0.71554056,
          0.53027433,  0.44092668],
        ...,
        [-0.33420983, -0.59575605, -0.71554056, ...,  0.        ,
          0.23621961,  0.33420983],
        [-0.10211492, -0.38917255, -0.53027433, ..., -0.23621961,
          0.        ,  0.10211492],
        [-0.        , -0.29307351, -0.44092668, ..., -0.33420983,
         -0.10211492,  0.        ]],

       ...,

       [[ 0.        , -0.05405282,  0.10851497, ...,  0.48905479,
          0.3654287 ,  0.26246387],
        [ 0.05405282,  0.        ,  0.16208995, ...,  0.53548756,
          0.41520896,  0.31423799],
        [-0.10851497, -0.16208995,  0.        , ...,  0.39151431,
          0.26226077,  0.15620333],
        ...,
        [-0.48905479, -0.53548756, -0.39151431, ...,  0.        ,
         -0.13648513, -0.2429745 ],
        [-0.3654287 , -0.41520896, -0.26226077, ...,  0.13648513,
          0.        , -0.10830574],
        [-0.26246387, -0.31423799, -0.15620333, ...,  0.2429745 ,
          0.10830574,  0.        ]],

       [[ 0.        ,  0.23443553,  0.26362574, ...,  0.42349097,
          0.26750179,  0.        ],
        [-0.23443553,  0.        ,  0.03013655, ...,  0.62406421,
          0.48593904,  0.23443553],
        [-0.26362574, -0.03013655,  0.        , ...,  0.64732864,
          0.51205745,  0.26362574],
        ...,
        [-0.42349097, -0.62406421, -0.64732864, ...,  0.        ,
          0.16572789,  0.42349097],
        [-0.26750179, -0.48593904, -0.51205745, ..., -0.16572789,
          0.        ,  0.26750179],
        [-0.        , -0.23443553, -0.26362574, ..., -0.42349097,
         -0.26750179,  0.        ]],

       [[ 0.        ,  0.15108615,  0.48675017, ...,  0.83907391,
          0.6485282 ,  0.        ],
        [-0.15108615,  0.        ,  0.34918259, ...,  0.91163534,
          0.75608885,  0.15108615],
        [-0.48675017, -0.34918259,  0.        , ...,  0.99776623,
          0.93702579,  0.48675017],
        ...,
        [-0.83907391, -0.91163534, -0.99776623, ...,  0.        ,
          0.28588454,  0.83907391],
        [-0.6485282 , -0.75608885, -0.93702579, ..., -0.28588454,
          0.        ,  0.6485282 ],
        [-0.        , -0.15108615, -0.48675017, ..., -0.83907391,
         -0.6485282 ,  0.        ]]]), 'num': array([6.41476767e-01, 6.41476767e-01, 0.00000000e+00, 1.59686770e-02,
       1.62416458e-02, 1.57639503e-02, 4.18565092e-01, 2.04726628e-04,
       1.59550285e-02, 1.44748550e-02, 1.25151662e-02, 9.88679812e-06,
       1.68505697e-02, 1.20991403e-02])}
{'img': array([[[ 0.        ,  0.07521432,  0.20830245, ...,  0.87749154,
          0.91229527,  0.8563825 ],
        [-0.07521432,  0.        ,  0.13414795, ...,  0.91107815,
          0.94051385,  0.89279301],
        [-0.20830245, -0.13414795,  0.        , ...,  0.9581435 ,
          0.97759032,  0.94515258],
        ...,
        [-0.87749154, -0.91107815, -0.9581435 , ...,  0.        ,
         -0.07816781,  0.0423714 ],
        [-0.91229527, -0.94051385, -0.97759032, ...,  0.07816781,
          0.        ,  0.12033936],
        [-0.8563825 , -0.89279301, -0.94515258, ..., -0.0423714 ,
         -0.12033936,  0.        ]],

       [[ 0.        ,  0.28099577,  0.56014875, ...,  0.99472725,
          0.25065465, -0.01760676],
        [-0.28099577,  0.        ,  0.30480513, ...,  0.92583095,
         -0.03146989, -0.29784958],
        [-0.56014875, -0.30480513,  0.        , ...,  0.76657762,
         -0.33462655, -0.57464722],
        ...,
        [-0.99472725, -0.92583095, -0.76657762, ...,  0.        ,
         -0.93726605, -0.99637873],
        [-0.25065465,  0.03146989,  0.33462655, ...,  0.93726605,
          0.        , -0.26766049],
        [ 0.01760676,  0.29784958,  0.57464722, ...,  0.99637873,
          0.26766049,  0.        ]],

       [[ 0.        ,  0.34079133,  0.46845989, ...,  0.10325166,
          0.        ,  0.14582413],
        [-0.34079133,  0.        ,  0.13933344, ...,  0.4360408 ,
          0.34079133,  0.4742434 ],
        [-0.46845989, -0.13933344,  0.        , ...,  0.55717736,
          0.46845989,  0.5922857 ],
        ...,
        [-0.10325166, -0.4360408 , -0.55717736, ...,  0.        ,
          0.10325166, -0.04289679],
        [-0.        , -0.34079133, -0.46845989, ..., -0.10325166,
          0.        , -0.14582413],
        [-0.14582413, -0.4742434 , -0.5922857 , ...,  0.04289679,
          0.14582413,  0.        ]],

       ...,

       [[ 0.        ,  0.16208995,  0.53633951, ...,  0.41520896,
          0.31423799,  0.40450593],
        [-0.16208995,  0.        ,  0.39244265, ...,  0.26226077,
          0.15620333,  0.25091974],
        [-0.53633951, -0.39244265,  0.        , ..., -0.1374847 ,
         -0.24395323, -0.14909751],
        ...,
        [-0.41520896, -0.26226077,  0.1374847 , ...,  0.        ,
         -0.10830574, -0.0117337 ],
        [-0.31423799, -0.15620333,  0.24395323, ...,  0.10830574,
          0.        ,  0.09663361],
        [-0.40450593, -0.25091974,  0.14909751, ...,  0.0117337 ,
         -0.09663361,  0.        ]],

       [[ 0.        ,  0.121087  ,  0.29703257, ...,  0.44123993,
          0.35958911,  0.        ],
        [-0.121087  ,  0.        ,  0.17922495, ...,  0.5466554 ,
          0.4699308 ,  0.121087  ],
        [-0.29703257, -0.17922495,  0.        , ...,  0.68787941,
          0.62052418,  0.29703257],
        ...,
        [-0.44123993, -0.5466554 , -0.68787941, ...,  0.        ,
          0.08903434,  0.44123993],
        [-0.35958911, -0.4699308 , -0.62052418, ..., -0.08903434,
          0.        ,  0.35958911],
        [-0.        , -0.121087  , -0.29703257, ..., -0.44123993,
         -0.35958911,  0.        ]],

       [[ 0.        ,  0.45949415,  0.49290945, ...,  0.71255036,
          0.35762117,  0.        ],
        [-0.45949415,  0.        ,  0.03799576, ...,  0.95526427,
          0.74673856,  0.45949415],
        [-0.49290945, -0.03799576,  0.        , ...,  0.96581186,
          0.77147099,  0.49290945],
        ...,
        [-0.71255036, -0.95526427, -0.96581186, ...,  0.        ,
          0.41451257,  0.71255036],
        [-0.35762117, -0.74673856, -0.77147099, ..., -0.41451257,
          0.        ,  0.35762117],
        [-0.        , -0.45949415, -0.49290945, ..., -0.71255036,
         -0.35762117,  0.        ]]]), 'num': array([7.16376293e-01, 5.55340705e-01, 1.37051564e-06, 1.78928431e-02,
       1.80451226e-02, 1.75121443e-02, 4.19667423e-01, 7.61397580e-05,
       1.78776152e-02, 1.62977152e-02, 1.40548917e-02, 1.14684324e-05,
       1.89907968e-02, 1.36046335e-02])}
{'img': array([[[ 0.        ,  0.13414795,  0.19584495, ...,  0.94051385,
          0.89279301,  0.87151099],
        [-0.13414795,  0.        ,  0.06252461, ...,  0.97759032,
          0.94515258,  0.92941661],
        [-0.19584495, -0.06252461,  0.        , ...,  0.98884005,
          0.96372568,  0.95067173],
        ...,
        [-0.94051385, -0.97759032, -0.98884005, ...,  0.        ,
          0.12033936,  0.16510487],
        [-0.89279301, -0.94515258, -0.96372568, ..., -0.12033936,
          0.        ,  0.04521719],
        [-0.87151099, -0.92941661, -0.95067173, ..., -0.16510487,
         -0.04521719,  0.        ]],

       [[ 0.        ,  0.30480513,  0.01351865, ..., -0.03146989,
         -0.29784958, -0.40129125],
        [-0.30480513,  0.        , -0.29190192, ..., -0.33462655,
         -0.57464722, -0.66138212],
        [-0.01351865,  0.29190192,  0.        , ..., -0.04497897,
         -0.31072744, -0.41363699],
        ...,
        [ 0.03146989,  0.33462655,  0.04497897, ...,  0.        ,
         -0.26766049, -0.37226762],
        [ 0.29784958,  0.57464722,  0.31072744, ...,  0.26766049,
          0.        , -0.11026229],
        [ 0.40129125,  0.66138212,  0.41363699, ...,  0.37226762,
          0.11026229,  0.        ]],

       [[ 0.        ,  0.33539807,  0.45026261, ...,  0.18032787,
          0.23216006,  0.        ],
        [-0.33539807,  0.        ,  0.12470618, ...,  0.49978239,
          0.54494673,  0.33539807],
        [-0.45026261, -0.12470618,  0.        , ...,  0.60389532,
          0.64525519,  0.45026261],
        ...,
        [-0.18032787, -0.49978239, -0.60389532, ...,  0.        ,
         -0.05295328,  0.18032787],
        [-0.23216006, -0.54494673, -0.64525519, ...,  0.05295328,
          0.        ,  0.23216006],
        [-0.        , -0.33539807, -0.45026261, ..., -0.18032787,
         -0.23216006,  0.        ]],

       ...,

       [[ 0.        ,  0.39244265,  0.41941868, ...,  0.15620333,
          0.25091974,  0.32985791],
        [-0.39244265,  0.        ,  0.02951478, ..., -0.24395323,
         -0.14909751, -0.06708232],
        [-0.41941868, -0.02951478,  0.        , ..., -0.27247   ,
         -0.17821744, -0.09650139],
        ...,
        [-0.15620333,  0.24395323,  0.27247   , ...,  0.        ,
          0.09663361,  0.17834815],
        [-0.25091974,  0.14909751,  0.17821744, ..., -0.09663361,
          0.        ,  0.08242915],
        [-0.32985791,  0.06708232,  0.09650139, ..., -0.17834815,
         -0.08242915,  0.        ]],

       [[ 0.        ,  0.26875689,  0.39024069, ...,  0.48292833,
          0.33893663,  0.        ],
        [-0.26875689,  0.        ,  0.12843505, ...,  0.70050008,
          0.57931544,  0.26875689],
        [-0.39024069, -0.12843505,  0.        , ...,  0.78635645,
          0.67920535,  0.39024069],
        ...,
        [-0.48292833, -0.70050008, -0.78635645, ...,  0.        ,
          0.15755021,  0.48292833],
        [-0.33893663, -0.57931544, -0.67920535, ..., -0.15755021,
          0.        ,  0.33893663],
        [-0.        , -0.26875689, -0.39024069, ..., -0.48292833,
         -0.33893663,  0.        ]],

       [[ 0.        ,  0.19057736,  0.19290118, ...,  0.53482582,
          0.41035179,  0.        ],
        [-0.19057736,  0.        ,  0.00236774, ...,  0.68605432,
          0.57662364,  0.19057736],
        [-0.19290118, -0.00236774,  0.        , ...,  0.68777505,
          0.57855649,  0.19290118],
        ...,
        [-0.53482582, -0.68605432, -0.68777505, ...,  0.        ,
          0.14099046,  0.53482582],
        [-0.41035179, -0.57662364, -0.57855649, ..., -0.14099046,
          0.        ,  0.41035179],
        [-0.        , -0.19057736, -0.19290118, ..., -0.53482582,
         -0.41035179,  0.        ]]]), 'num': array([7.32015363e-01, 5.85741727e-01, 1.24488201e-06, 1.82842045e-02,
       1.85954250e-02, 1.82063994e-02, 3.44451383e-01, 0.00000000e+00,
       1.81752773e-02, 1.68059071e-02, 1.44538582e-02, 1.14962719e-05,
       1.95660312e-02, 1.40457830e-02])}
{'img': array([[[ 0.        ,  0.06252461, -0.23156676, ...,  0.94515258,
          0.92941661,  0.92941661],
        [-0.06252461,  0.        , -0.29193882, ...,  0.96372568,
          0.95067173,  0.95067173],
        [ 0.23156676,  0.29193882,  0.        , ...,  0.84382595,
          0.81869856,  0.81869856],
        ...,
        [-0.94515258, -0.96372568, -0.84382595, ...,  0.        ,
          0.04521719,  0.04521719],
        [-0.92941661, -0.95067173, -0.81869856, ..., -0.04521719,
          0.        ,  0.        ],
        [-0.92941661, -0.95067173, -0.81869856, ..., -0.04521719,
          0.        ,  0.        ]],

       [[ 0.        , -0.29190192, -0.28193406, ..., -0.57464722,
         -0.66138212, -0.81649744],
        [ 0.29190192,  0.        ,  0.01040522, ..., -0.31072744,
         -0.41363699, -0.61240826],
        [ 0.28193406, -0.01040522,  0.        , ..., -0.32060077,
         -0.42308795, -0.62060087],
        ...,
        [ 0.57464722,  0.31072744,  0.32060077, ...,  0.        ,
         -0.11026229, -0.33645049],
        [ 0.66138212,  0.41363699,  0.42308795, ...,  0.11026229,
          0.        , -0.23056486],
        [ 0.81649744,  0.61240826,  0.62060087, ...,  0.33645049,
          0.23056486,  0.        ]],

       [[ 0.        ,  0.14014799,  0.12418188, ...,  0.5017995 ,
          0.28634452,  0.52119692],
        [-0.14014799,  0.        , -0.0161069 , ...,  0.61807279,
          0.417798  ,  0.63566041],
        [-0.12418188,  0.0161069 ,  0.        , ...,  0.60533064,
          0.40311004,  0.62314392],
        ...,
        [-0.5017995 , -0.61807279, -0.60533064, ...,  0.        ,
          0.23310409, -0.022573  ],
        [-0.28634452, -0.417798  , -0.40311004, ..., -0.23310409,
          0.        , -0.25499584],
        [-0.52119692, -0.63566041, -0.62314392, ...,  0.022573  ,
          0.25499584,  0.        ]],

       ...,

       [[ 0.        ,  0.02951478, -0.34290262, ..., -0.14909751,
         -0.06708232, -0.108468  ],
        [-0.02951478,  0.        , -0.37047856, ..., -0.17821744,
         -0.09650139, -0.13776139],
        [ 0.34290262,  0.37047856,  0.        , ...,  0.19901195,
          0.27911503,  0.23898778],
        ...,
        [ 0.14909751,  0.17821744, -0.19901195, ...,  0.        ,
          0.08242915,  0.04096223],
        [ 0.06708232,  0.09650139, -0.27911503, ..., -0.08242915,
          0.        , -0.04153714],
        [ 0.108468  ,  0.13776139, -0.23898778, ..., -0.04096223,
          0.04153714,  0.        ]],

       [[ 0.        ,  0.28758099,  0.32059595, ...,  0.4505541 ,
          0.30737141,  0.        ],
        [-0.28758099,  0.        ,  0.03465147, ...,  0.68825871,
          0.568046  ,  0.28758099],
        [-0.32059595, -0.03465147,  0.        , ...,  0.71298383,
          0.59622291,  0.32059595],
        ...,
        [-0.4505541 , -0.68825871, -0.71298383, ...,  0.        ,
          0.15433705,  0.4505541 ],
        [-0.30737141, -0.568046  , -0.59622291, ..., -0.15433705,
          0.        ,  0.30737141],
        [-0.        , -0.28758099, -0.32059595, ..., -0.4505541 ,
         -0.30737141,  0.        ]],

       [[ 0.        ,  0.00815422,  0.18144534, ...,  0.63297737,
          0.50259993,  0.04894003],
        [-0.00815422,  0.        ,  0.17342044, ...,  0.63926908,
          0.5096327 ,  0.05708285],
        [-0.18144534, -0.17342044,  0.        , ...,  0.76294019,
          0.65112025,  0.22935559],
        ...,
        [-0.63297737, -0.63926908, -0.76294019, ...,  0.        ,
          0.1581231 ,  0.59433096],
        [-0.50259993, -0.5096327 , -0.65112025, ..., -0.1581231 ,
          0.        ,  0.45968808],
        [-0.04894003, -0.05708285, -0.22935559, ..., -0.59433096,
         -0.45968808,  0.        ]]]), 'num': array([6.62284529e-01, 5.44860857e-01, 9.82624868e-07, 1.67748102e-02,
       1.67748102e-02, 1.64238728e-02, 5.12360961e-01, 2.80749962e-04,
       1.64800228e-02, 1.53099973e-02, 1.31224872e-02, 1.07156474e-05,
       1.78105683e-02, 1.28094263e-02])}
{'img': array([[[ 0.        , -0.29193882, -0.07069222, ...,  0.95067173,
          0.95067173,  0.85257809],
        [ 0.29193882,  0.        ,  0.22359578, ...,  0.81869856,
          0.81869856,  0.66287004],
        [ 0.07069222, -0.22359578,  0.        , ...,  0.92636468,
          0.92636468,  0.81350134],
        ...,
        [-0.95067173, -0.81869856, -0.92636468, ...,  0.        ,
          0.        ,  0.23235225],
        [-0.95067173, -0.81869856, -0.92636468, ...,  0.        ,
          0.        ,  0.23235225],
        [-0.85257809, -0.66287004, -0.81350134, ..., -0.23235225,
         -0.23235225,  0.        ]],

       [[ 0.        ,  0.01040522,  0.09296174, ..., -0.41363699,
         -0.61240826, -0.1308292 ],
        [-0.01040522,  0.        ,  0.08259654, ..., -0.42308795,
         -0.62060087, -0.1411379 ],
        [-0.09296174, -0.08259654,  0.        , ..., -0.49648208,
         -0.68324647, -0.22242539],
        ...,
        [ 0.41363699,  0.42308795,  0.49648208, ...,  0.        ,
         -0.23056486,  0.29096937],
        [ 0.61240826,  0.62060087,  0.68324647, ...,  0.23056486,
          0.        ,  0.50371864],
        [ 0.1308292 ,  0.1411379 ,  0.22242539, ..., -0.29096937,
         -0.50371864,  0.        ]],

       [[ 0.        , -0.0161069 ,  0.03799204, ...,  0.417798  ,
          0.63566041,  0.417798  ],
        [ 0.0161069 ,  0.        ,  0.05408238, ...,  0.40311004,
          0.62314392,  0.40311004],
        [-0.03799204, -0.05408238,  0.        , ...,  0.45201365,
          0.66453016,  0.45201365],
        ...,
        [-0.417798  , -0.40311004, -0.45201365, ...,  0.        ,
         -0.25499584,  0.        ],
        [-0.63566041, -0.62314392, -0.66453016, ...,  0.25499584,
          0.        ,  0.25499584],
        [-0.417798  , -0.40311004, -0.45201365, ...,  0.        ,
         -0.25499584,  0.        ]],

       ...,

       [[ 0.        , -0.37047856, -0.4123817 , ..., -0.09650139,
         -0.13776139, -0.0663789 ],
        [ 0.37047856,  0.        , -0.04552693, ...,  0.27911503,
          0.23898778,  0.30800602],
        [ 0.4123817 ,  0.04552693,  0.        , ...,  0.3225432 ,
          0.28294765,  0.35100026],
        ...,
        [ 0.09650139, -0.27911503, -0.3225432 , ...,  0.        ,
         -0.04153714,  0.03021946],
        [ 0.13776139, -0.23898778, -0.28294765, ...,  0.04153714,
          0.        ,  0.07171155],
        [ 0.0663789 , -0.30800602, -0.35100026, ..., -0.03021946,
         -0.07171155,  0.        ]],

       [[ 0.        ,  0.14439496,  0.27094359, ...,  0.43917302,
          0.32259993,  0.        ],
        [-0.14439496,  0.        ,  0.12911023, ...,  0.56429534,
          0.45589407,  0.14439496],
        [-0.27094359, -0.12911023,  0.        , ...,  0.66616225,
          0.56699085,  0.27094359],
        ...,
        [-0.43917302, -0.56429534, -0.66616225, ...,  0.        ,
          0.12586823,  0.43917302],
        [-0.32259993, -0.45589407, -0.56699085, ..., -0.12586823,
          0.        ,  0.32259993],
        [-0.        , -0.14439496, -0.27094359, ..., -0.43917302,
         -0.32259993,  0.        ]],

       [[ 0.        ,  0.16846347,  0.11369931, ...,  0.6665751 ,
          0.51054309,  0.0554457 ],
        [-0.16846347,  0.        , -0.05529672, ...,  0.78262739,
          0.64810004,  0.22285759],
        [-0.11369931,  0.05529672,  0.        , ...,  0.74700827,
          0.60499692,  0.16861055],
        ...,
        [-0.6665751 , -0.78262739, -0.74700827, ...,  0.        ,
          0.19257788,  0.62421838],
        [-0.51054309, -0.64810004, -0.60499692, ..., -0.19257788,
          0.        ,  0.46208262],
        [-0.0554457 , -0.22285759, -0.16861055, ..., -0.62421838,
         -0.46208262,  0.        ]]]), 'num': array([ 6.77734754e-01,  5.92524915e-01,  7.19070370e-07,  1.70419678e-02,
        1.71138748e-02,  1.68981537e-02,  4.32995126e-01, -1.43814074e-04,
        1.69700607e-02,  1.58411203e-02,  1.35254740e-02,  1.10626211e-05,
        1.83334227e-02,  1.33488178e-02])}
{'img': array([[[ 0.        ,  0.22359578,  0.27737339, ...,  0.81869856,
          0.66287004,  0.75560659],
        [-0.22359578,  0.        ,  0.05552846, ...,  0.92636468,
          0.81350134,  0.8829371 ],
        [-0.27737339, -0.05552846,  0.        , ...,  0.94584896,
          0.84453949,  0.90764495],
        ...,
        [-0.81869856, -0.92636468, -0.94584896, ...,  0.        ,
          0.23235225,  0.10238151],
        [-0.66287004, -0.81350134, -0.84453949, ..., -0.23235225,
          0.        , -0.13155178],
        [-0.75560659, -0.8829371 , -0.90764495, ..., -0.10238151,
          0.13155178,  0.        ]],

       [[ 0.        ,  0.08259654,  0.56818062, ..., -0.62060087,
         -0.1411379 , -0.33863935],
        [-0.08259654,  0.        ,  0.49827017, ..., -0.68324647,
         -0.22242539, -0.41519867],
        [-0.56818062, -0.49827017,  0.        , ..., -0.95622041,
         -0.67863603, -0.81327801],
        ...,
        [ 0.62060087,  0.68324647,  0.95622041, ...,  0.        ,
          0.50371864,  0.31839731],
        [ 0.1411379 ,  0.22242539,  0.67863603, ..., -0.50371864,
          0.        , -0.20245061],
        [ 0.33863935,  0.41519867,  0.81327801, ..., -0.31839731,
          0.20245061,  0.        ]],

       [[ 0.        ,  0.0536193 ,  0.10190269, ...,  0.6990933 ,
          0.61879177,  0.39996328],
        [-0.0536193 ,  0.        ,  0.04841592, ...,  0.73642705,
          0.66002252,  0.44853167],
        [-0.10190269, -0.04841592,  0.        , ...,  0.7683176 ,
          0.69562074,  0.49127821],
        ...,
        [-0.6990933 , -0.73642705, -0.7683176 , ...,  0.        ,
          0.10672131,  0.35475487],
        [-0.61879177, -0.66002252, -0.69562074, ..., -0.10672131,
          0.        ,  0.25294877],
        [-0.39996328, -0.44853167, -0.49127821, ..., -0.35475487,
         -0.25294877,  0.        ]],

       ...,

       [[ 0.        , -0.04552693, -0.00977596, ...,  0.23898778,
          0.30800602,  0.32465488],
        [ 0.04552693,  0.        ,  0.03575893, ...,  0.28294765,
          0.35100026,  0.3673791 ],
        [ 0.00977596, -0.03575893,  0.        , ...,  0.24846904,
          0.31729199,  0.33388579],
        ...,
        [-0.23898778, -0.28294765, -0.24846904, ...,  0.        ,
          0.07171155,  0.0892048 ],
        [-0.30800602, -0.35100026, -0.31729199, ..., -0.07171155,
          0.        ,  0.01754948],
        [-0.32465488, -0.3673791 , -0.33388579, ..., -0.0892048 ,
         -0.01754948,  0.        ]],

       [[ 0.        ,  0.22948864,  0.33179829, ...,  0.39409873,
          0.23471768,  0.        ],
        [-0.22948864,  0.        ,  0.10645485, ...,  0.59449646,
          0.45153093,  0.22948864],
        [-0.33179829, -0.10645485,  0.        , ...,  0.67671841,
          0.54395004,  0.33179829],
        ...,
        [-0.39409873, -0.59449646, -0.67671841, ...,  0.        ,
          0.1673675 ,  0.39409873],
        [-0.23471768, -0.45153093, -0.54395004, ..., -0.1673675 ,
          0.        ,  0.23471768],
        [-0.        , -0.22948864, -0.33179829, ..., -0.39409873,
         -0.23471768,  0.        ]],

       [[ 0.        , -0.05295171, -0.21359601, ...,  0.82239106,
          0.71552757,  0.21359601],
        [ 0.05295171,  0.        , -0.16156666, ...,  0.79111188,
          0.6775325 ,  0.16156666],
        [ 0.21359601,  0.16156666,  0.        , ...,  0.68189238,
          0.54979982,  0.        ],
        ...,
        [-0.82239106, -0.79111188, -0.68189238, ...,  0.        ,
          0.16742983,  0.68189238],
        [-0.71552757, -0.6775325 , -0.54979982, ..., -0.16742983,
          0.        ,  0.54979982],
        [-0.21359601, -0.16156666, -0.        , ..., -0.68189238,
         -0.54979982,  0.        ]]]), 'num': array([ 7.14846488e-01,  4.30890140e-01,  2.44789954e-06,  1.77472717e-02,
        1.80532591e-02,  1.75177811e-02,  5.48605652e-01, -3.82484304e-04,
        1.80226604e-02,  1.69746534e-02,  1.44772859e-02,  1.07294298e-05,
        1.95529948e-02,  1.43963120e-02])}
{'img': array([[[ 0.        ,  0.05552846, -0.06006203, ...,  0.81350134,
          0.8829371 ,  0.96678529],
        [-0.05552846,  0.        , -0.11539757, ...,  0.84453949,
          0.90764495,  0.97948616],
        [ 0.06006203,  0.11539757,  0.        , ...,  0.77710283,
          0.85314449,  0.94968865],
        ...,
        [-0.81350134, -0.84453949, -0.77710283, ...,  0.        ,
         -0.13155178, -0.35432386],
        [-0.8829371 , -0.90764495, -0.85314449, ...,  0.13155178,
          0.        , -0.22822747],
        [-0.96678529, -0.97948616, -0.94968865, ...,  0.35432386,
          0.22822747,  0.        ]],

       [[ 0.        ,  0.49827017, -0.35496432, ..., -0.22242539,
         -0.41519867, -0.24118803],
        [-0.49827017,  0.        , -0.77358455, ..., -0.67863603,
         -0.81327801, -0.69267573],
        [ 0.35496432,  0.77358455,  0.        , ...,  0.13813134,
         -0.06523892,  0.11900337],
        ...,
        [ 0.22242539,  0.67863603, -0.13813134, ...,  0.        ,
         -0.20245061, -0.01928716],
        [ 0.41519867,  0.81327801,  0.06523892, ...,  0.20245061,
          0.        ,  0.18352518],
        [ 0.24118803,  0.69267573, -0.11900337, ...,  0.01928716,
         -0.18352518,  0.        ]],

       [[ 0.        ,  0.04841592,  0.03049183, ...,  0.66002252,
          0.44853167,  0.57491248],
        [-0.04841592,  0.        , -0.01793733, ...,  0.69562074,
          0.49127821,  0.61385288],
        [-0.03049183,  0.01793733,  0.        , ...,  0.68262248,
          0.47557571,  0.59959403],
        ...,
        [-0.66002252, -0.69562074, -0.68262248, ...,  0.        ,
          0.25294877,  0.10813968],
        [-0.44853167, -0.49127821, -0.47557571, ..., -0.25294877,
          0.        , -0.14684246],
        [-0.57491248, -0.61385288, -0.59959403, ..., -0.10813968,
          0.14684246,  0.        ]],

       ...,

       [[ 0.        ,  0.03575893, -0.05779704, ...,  0.35100026,
          0.3673791 ,  0.18051316],
        [-0.03575893,  0.        , -0.09345923, ...,  0.31729199,
          0.33388579,  0.1452262 ],
        [ 0.05779704,  0.09345923,  0.        , ...,  0.40453323,
          0.42052034,  0.23705898],
        ...,
        [-0.35100026, -0.31729199, -0.40453323, ...,  0.        ,
          0.01754948, -0.17620616],
        [-0.3673791 , -0.33388579, -0.42052034, ..., -0.01754948,
          0.        , -0.19345391],
        [-0.18051316, -0.1452262 , -0.23705898, ...,  0.17620616,
          0.19345391,  0.        ]],

       [[ 0.        ,  0.24365251,  0.30036905, ...,  0.29064794,
          0.17294786,  0.        ],
        [-0.24365251,  0.        ,  0.05891532, ...,  0.51502261,
          0.40771656,  0.24365251],
        [-0.30036905, -0.05891532,  0.        , ...,  0.56462885,
          0.46080444,  0.30036905],
        ...,
        [-0.29064794, -0.51502261, -0.56462885, ...,  0.        ,
          0.12078645,  0.29064794],
        [-0.17294786, -0.40771656, -0.46080444, ..., -0.12078645,
          0.        ,  0.17294786],
        [-0.        , -0.24365251, -0.30036905, ..., -0.29064794,
         -0.17294786,  0.        ]],

       [[ 0.        , -0.15643912,  0.02427384, ...,  0.79811895,
          0.61620093,  0.15643912],
        [ 0.15643912,  0.        ,  0.180368  , ...,  0.69403764,
          0.48540429,  0.        ],
        [-0.02427384, -0.180368  ,  0.        , ...,  0.81250877,
          0.63513717,  0.180368  ],
        ...,
        [-0.79811895, -0.69403764, -0.81250877, ...,  0.        ,
          0.25732869,  0.69403764],
        [-0.61620093, -0.48540429, -0.63513717, ..., -0.25732869,
          0.        ,  0.48540429],
        [-0.15643912, -0.        , -0.180368  , ..., -0.69403764,
         -0.48540429,  0.        ]]]), 'num': array([ 6.27542732e-01,  5.21177886e-01,  9.45465298e-07,  1.51949780e-02,
        1.56001774e-02,  1.51949780e-02,  5.76847558e-01, -4.72732649e-04,
        1.57757638e-02,  1.50794962e-02,  1.28459470e-02,  7.45889467e-06,
        1.72238392e-02,  1.29351531e-02])}
{'img': array([[[ 0.        , -0.11539757, -0.15203331, ...,  0.90764495,
          0.97948616,  0.99931049],
        [ 0.11539757,  0.        , -0.03696152, ...,  0.85314449,
          0.94968865,  0.99691905],
        [ 0.15203331,  0.03696152,  0.        , ...,  0.83327964,
          0.93746354,  0.99333869],
        ...,
        [-0.90764495, -0.85314449, -0.83327964, ...,  0.        ,
         -0.22822747, -0.45314913],
        [-0.97948616, -0.94968865, -0.93746354, ...,  0.22822747,
          0.        , -0.23773966],
        [-0.99931049, -0.99691905, -0.99333869, ...,  0.45314913,
          0.23773966,  0.        ]],

       [[ 0.        , -0.77358455, -0.78421231, ..., -0.81327801,
         -0.69267573, -0.53781165],
        [ 0.77358455,  0.        , -0.01694645, ..., -0.06523892,
          0.11900337,  0.31137455],
        [ 0.78421231,  0.01694645,  0.        , ..., -0.0483192 ,
          0.13581231,  0.32743383],
        ...,
        [ 0.81327801,  0.06523892,  0.0483192 , ...,  0.        ,
          0.18352518,  0.37270693],
        [ 0.69267573, -0.11900337, -0.13581231, ..., -0.18352518,
          0.        ,  0.19607448],
        [ 0.53781165, -0.31137455, -0.32743383, ..., -0.37270693,
         -0.19607448,  0.        ]],

       [[ 0.        , -0.01793733, -0.06560137, ...,  0.49127821,
          0.61385288,  0.7683176 ],
        [ 0.01793733,  0.        , -0.04769212, ...,  0.47557571,
          0.59959403,  0.75671287],
        [ 0.06560137,  0.04769212,  0.        , ...,  0.43308098,
          0.56074353,  0.72467319],
        ...,
        [-0.49127821, -0.47557571, -0.43308098, ...,  0.        ,
         -0.14684246, -0.35475487],
        [-0.61385288, -0.59959403, -0.56074353, ...,  0.14684246,
          0.        , -0.21361755],
        [-0.7683176 , -0.75671287, -0.72467319, ...,  0.35475487,
          0.21361755,  0.        ]],

       ...,

       [[ 0.        , -0.09345923, -0.17777784, ...,  0.33388579,
          0.1452262 , -0.24762847],
        [ 0.09345923,  0.        , -0.08502924, ...,  0.42052034,
          0.23705898, -0.15599618],
        [ 0.17777784,  0.08502924,  0.        , ...,  0.496143  ,
          0.31880597, -0.07144295],
        ...,
        [-0.33388579, -0.42052034, -0.496143  , ...,  0.        ,
         -0.19345391, -0.55690489],
        [-0.1452262 , -0.23705898, -0.31880597, ...,  0.19345391,
          0.        , -0.38570637],
        [ 0.24762847,  0.15599618,  0.07144295, ...,  0.55690489,
          0.38570637,  0.        ]],

       [[ 0.        ,  0.17973495,  0.18727718, ...,  0.1742557 ,
          0.        ,  0.16283479],
        [-0.17973495,  0.        ,  0.00767246, ...,  0.34840304,
          0.17973495,  0.33751913],
        [-0.18727718, -0.00767246,  0.        , ...,  0.35558453,
          0.18727718,  0.34473143],
        ...,
        [-0.1742557 , -0.34840304, -0.35558453, ...,  0.        ,
          0.1742557 ,  0.01158648],
        [-0.        , -0.17973495, -0.18727718, ..., -0.1742557 ,
          0.        , -0.16283479],
        [-0.16283479, -0.33751913, -0.34473143, ..., -0.01158648,
          0.16283479,  0.        ]],

       [[ 0.        ,  0.17343399,  0.39131604, ...,  0.68145221,
          0.52996409,  0.        ],
        [-0.17343399,  0.        ,  0.2257821 , ...,  0.798055  ,
          0.66900825,  0.17343399],
        [-0.39131604, -0.2257821 ,  0.        , ...,  0.91350031,
          0.81954668,  0.39131604],
        ...,
        [-0.68145221, -0.798055  , -0.91350031, ...,  0.        ,
          0.19002427,  0.68145221],
        [-0.52996409, -0.66900825, -0.81954668, ..., -0.19002427,
          0.        ,  0.52996409],
        [-0.        , -0.17343399, -0.39131604, ..., -0.68145221,
         -0.52996409,  0.        ]]]), 'num': array([8.06832277e-01, 2.35103312e-01, 4.92869797e-06, 1.97147919e-02,
       1.97147919e-02, 1.91199490e-02, 5.39294053e-01, 5.94842859e-04,
       1.97997694e-02, 1.91343952e-02, 1.62539395e-02, 9.60615796e-06,
       2.16006839e-02, 1.66681066e-02])}
{'img': array([[[ 0.        , -0.03696152,  0.09219394, ...,  0.94968865,
          0.99691905,  0.94968865],
        [ 0.03696152,  0.        ,  0.12893504, ...,  0.93746354,
          0.99333869,  0.93746354],
        [-0.09219394, -0.12893504,  0.        , ...,  0.97451873,
          0.99990468,  0.97451873],
        ...,
        [-0.94968865, -0.93746354, -0.97451873, ...,  0.        ,
         -0.23773966,  0.        ],
        [-0.99691905, -0.99333869, -0.99990468, ...,  0.23773966,
          0.        ,  0.23773966],
        [-0.94968865, -0.93746354, -0.97451873, ...,  0.        ,
         -0.23773966,  0.        ]],

       [[ 0.        , -0.01694645,  0.42192477, ...,  0.11900337,
          0.31137455, -0.01064385],
