state_0,state_1,state_2,state_3,state_4,state_5,state_6,state_7,state_8,state_9,state_10,state_11,state_12,state_13,state_14,state_15,state_16,state_17,state_18,state_19,state_20,state_21,state_22,state_23,state_24,state_25,state_26,state_27,state_28,state_29,state_30,state_31,state_32,state_33,state_34,state_35,state_36,state_37,state_38,state_39,state_40,state_41,state_42,state_43,state_44,state_45,state_46,state_47,state_48,state_49,state_50,state_51,state_52,state_53,state_54,state_55,state_56,state_57,state_58,state_59,state_60,state_61,state_62,state_63,state_64,state_65,state_66,state_67,state_68,state_69,state_70,state_71,state_72,state_73,state_74,state_75,state_76,state_77,state_78,state_79,state_80,state_81,state_82,state_83,state_84,state_85,state_86,state_87,state_88,state_89,state_90,state_91,state_92,state_93,state_94,state_95,state_96,state_97,state_98,state_99,state_100,state_101,state_102,state_103,state_104,state_105,state_106,state_107,state_108,state_109,state_110,state_111,state_112,state_113,state_114,state_115,state_116,state_117,state_118,state_119,state_120,state_121,state_122,state_123,state_124,state_125,state_126,state_127,state_128,state_129,state_130,state_131,state_132,state_133,state_134,state_135,state_136,state_137,state_138,state_139,state_140,state_141,state_142,state_143,state_144,state_145,state_146,state_147,state_148,state_149,state_150,state_151,state_152,state_153,state_154,state_155,state_156,state_157,state_158,state_159,state_160,state_161,state_162,state_163,state_164,state_165,state_166,state_167,state_168,state_169,state_170,state_171,state_172,state_173,state_174,state_175,state_176,state_177,state_178,state_179,state_180,state_181,state_182,state_183,state_184,state_185,state_186,state_187,state_188,state_189,state_190,state_191,state_192,state_193,state_194,state_195,state_196,state_197,state_198,state_199,state_200,state_201,state_202,state_203,state_204,state_205,state_206,state_207,state_208,state_209,state_210,state_211,state_212,state_213,state_214,state_215,state_216,state_217,state_218,state_219,state_220,state_221,state_222,state_223,state_224,state_225,state_226,state_227,state_228,state_229,state_230,state_231,state_232,state_233,state_234,state_235,state_236,state_237,state_238,state_239,state_240,state_241,state_242,state_243,state_244,state_245,state_246,state_247,state_248,state_249,state_250,state_251,state_252,state_253,state_254,state_255,state_256,state_257,state_258,state_259,state_260,state_261,state_262,state_263,state_264,state_265,state_266,state_267,state_268,state_269,state_270,state_271,state_272,state_273,state_274,state_275,state_276,state_277,state_278,state_279,state_280,state_281,state_282,state_283,state_284,state_285,state_286,state_287
{'img': array([[[ 0.        , -0.07571226, -0.41718529, ...,  0.24699235,
          0.54341721,  0.89389527],
        [ 0.07571226,  0.        , -0.34717892, ...,  0.31964991,
          0.60541507,  0.92526951],
        [ 0.41718529,  0.34717892,  0.        , ...,  0.62873176,
          0.84408074,  0.99940529],
        ...,
        [-0.24699235, -0.31964991, -0.62873176, ...,  0.        ,
          0.31923987,  0.75547939],
        [-0.54341721, -0.60541507, -0.84408074, ..., -0.31923987,
          0.        ,  0.50679098],
        [-0.89389527, -0.92526951, -0.99940529, ..., -0.75547939,
         -0.50679098,  0.        ]],

       [[ 0.        ,  0.11497528,  0.69477684, ..., -0.06607414,
          0.40525724, -0.19363057],
        [-0.11497528,  0.        ,  0.60747618, ..., -0.18035999,
          0.297459  , -0.30514579],
        [-0.69477684, -0.60747618,  0.        , ..., -0.74078075,
         -0.34369557, -0.82089187],
        ...,
        [ 0.06607414,  0.18035999,  0.74078075, ...,  0.        ,
          0.46477679, -0.12838377],
        [-0.40525724, -0.297459  ,  0.34369557, ..., -0.46477679,
          0.        , -0.57460513],
        [ 0.19363057,  0.30514579,  0.82089187, ...,  0.12838377,
          0.57460513,  0.        ]],

       [[ 0.        , -0.05670481, -0.05670481, ...,  0.03872947,
          0.15993356,  0.38411386],
        [ 0.05670481,  0.        ,  0.        , ...,  0.09532942,
          0.21565112,  0.43585056],
        [ 0.05670481,  0.        ,  0.        , ...,  0.09532942,
          0.21565112,  0.43585056],
        ...,
        [-0.03872947, -0.09532942, -0.09532942, ...,  0.        ,
          0.12158263,  0.34806731],
        [-0.15993356, -0.21565112, -0.21565112, ..., -0.12158263,
          0.        ,  0.2315051 ],
        [-0.38411386, -0.43585056, -0.43585056, ..., -0.34806731,
         -0.2315051 ,  0.        ]],

       ...,

       [[ 0.        ,  0.03029629, -0.24624144, ...,  0.76573253,
          0.64305178,  0.77229072],
        [-0.03029629,  0.        , -0.27549183, ...,  0.7458957 ,
          0.61955501,  0.7526899 ],
        [ 0.24624144,  0.27549183,  0.        , ...,  0.90052693,
          0.81182855,  0.90494036],
        ...,
        [-0.76573253, -0.7458957 , -0.90052693, ...,  0.        ,
         -0.17283072,  0.01025949],
        [-0.64305178, -0.61955501, -0.81182855, ...,  0.17283072,
          0.        ,  0.18292672],
        [-0.77229072, -0.7526899 , -0.90494036, ..., -0.01025949,
         -0.18292672,  0.        ]],

       [[ 0.        , -0.67596378, -0.82489586, ..., -0.82182847,
         -0.83433176, -0.84157429],
        [ 0.67596378,  0.        , -0.22578251, ..., -0.99075426,
         -0.98748174, -0.98530143],
        [ 0.82489586,  0.22578251,  0.        , ..., -0.93453912,
         -0.92636928, -0.92128948],
        ...,
        [ 0.82182847,  0.99075426,  0.93453912, ...,  0.        ,
          0.02230465,  0.03557075],
        [ 0.83433176,  0.98748174,  0.92636928, ..., -0.02230465,
          0.        ,  0.01327137],
        [ 0.84157429,  0.98530143,  0.92128948, ..., -0.03557075,
         -0.01327137,  0.        ]],

       [[ 0.        ,  0.03551775, -0.10820862, ...,  0.2261165 ,
          0.36341226,  0.78774872],
        [-0.03551775,  0.        , -0.14344954, ...,  0.19137598,
          0.33009362,  0.76537287],
        [ 0.10820862,  0.14344954,  0.        , ...,  0.33019484,
          0.46208861,  0.84977938],
        ...,
        [-0.2261165 , -0.19137598, -0.33019484, ...,  0.        ,
          0.14334342,  0.62805922],
        [-0.36341226, -0.33009362, -0.46208861, ..., -0.14334342,
          0.        ,  0.51002835],
        [-0.78774872, -0.76537287, -0.84977938, ..., -0.62805922,
         -0.51002835,  0.        ]]]), 'num': array([ 7.20780224e-01,  6.93105265e-01,  2.35531564e-07,  2.51590535e-03,
        2.53731731e-03,  2.48378741e-03,  5.61261012e-03, -1.07059802e-05,
        2.49663458e-03,  2.47843442e-03,  2.41848093e-03,  1.27133515e-06,
        2.55518965e-03,  2.40167918e-03])}
{'img': array([[[ 0.        , -0.34717892,  0.15395888, ...,  0.60541507,
          0.92526951,  0.72303563],
        [ 0.34717892,  0.        ,  0.48742206, ...,  0.84408074,
          0.99940529,  0.91789695],
        [-0.15395888, -0.48742206,  0.        , ...,  0.47565946,
          0.85583956,  0.60805862],
        ...,
        [-0.60541507, -0.84408074, -0.47565946, ...,  0.        ,
          0.50679098,  0.157244  ],
        [-0.92526951, -0.99940529, -0.85583956, ..., -0.50679098,
          0.        , -0.36493122],
        [-0.72303563, -0.91789695, -0.60805862, ..., -0.157244  ,
          0.36493122,  0.        ]],

       [[ 0.        ,  0.60747618,  0.36557685, ...,  0.297459  ,
         -0.30514579, -0.48173969],
        [-0.60747618,  0.        , -0.27503584, ..., -0.34369557,
         -0.82089187, -0.9150042 ],
        [-0.36557685,  0.27503584,  0.        , ..., -0.07215963,
         -0.63216485, -0.76875448],
        ...,
        [-0.297459  ,  0.34369557,  0.07215963, ...,  0.        ,
         -0.57460513, -0.72060115],
        [ 0.30514579,  0.82089187,  0.63216485, ...,  0.57460513,
          0.        , -0.19135979],
        [ 0.48173969,  0.9150042 ,  0.76875448, ...,  0.72060115,
          0.19135979,  0.        ]],

       [[ 0.        ,  0.        , -0.01859053, ...,  0.21565112,
          0.43585056,  0.61564149],
        [ 0.        ,  0.        , -0.01859053, ...,  0.21565112,
          0.43585056,  0.61564149],
        [ 0.01859053,  0.01859053,  0.        , ...,  0.23376695,
          0.45250707,  0.63018492],
        ...,
        [-0.21565112, -0.21565112, -0.23376695, ...,  0.        ,
          0.2315051 ,  0.43121697],
        [-0.43585056, -0.43585056, -0.45250707, ..., -0.2315051 ,
          0.        ,  0.21062733],
        [-0.61564149, -0.61564149, -0.63018492, ..., -0.43121697,
         -0.21062733,  0.        ]],

       ...,

       [[ 0.        , -0.27549183,  0.17039778, ...,  0.61955501,
          0.7526899 ,  0.88791944],
        [ 0.27549183,  0.        ,  0.43526682, ...,  0.81182855,
          0.90494036,  0.98028595],
        [-0.17039778, -0.43526682,  0.        , ...,  0.47673995,
          0.62949641,  0.79655113],
        ...,
        [-0.61955501, -0.81182855, -0.47673995, ...,  0.        ,
          0.18292672,  0.41198056],
        [-0.7526899 , -0.90494036, -0.62949641, ..., -0.18292672,
          0.        ,  0.23834754],
        [-0.88791944, -0.98028595, -0.79655113, ..., -0.41198056,
         -0.23834754,  0.        ]],

       [[ 0.        , -0.59685   , -0.8483645 , ..., -0.87545494,
         -0.88240313, -0.87817688],
        [ 0.59685   ,  0.        , -0.36470777, ..., -0.99088121,
         -0.98881307, -0.99010258],
        [ 0.8483645 ,  0.36470777,  0.        , ..., -0.8734912 ,
         -0.86630582, -0.8707212 ],
        ...,
        [ 0.87545494,  0.99088121,  0.8734912 , ...,  0.        ,
          0.01456881,  0.00566101],
        [ 0.88240313,  0.98881307,  0.86630582, ..., -0.01456881,
          0.        , -0.00890816],
        [ 0.87817688,  0.99010258,  0.8707212 , ..., -0.00566101,
          0.00890816,  0.        ]],

       [[ 0.        , -0.12317115, -0.03374927, ...,  0.25935813,
          0.46257651,  0.84762474],
        [ 0.12317115,  0.        ,  0.08960869, ...,  0.37633961,
          0.56825519,  0.90652459],
        [ 0.03374927, -0.08960869,  0.        , ...,  0.2918048 ,
          0.4922344 ,  0.86504911],
        ...,
        [-0.25935813, -0.37633961, -0.2918048 , ...,  0.        ,
          0.21680613,  0.68100562],
        [-0.46257651, -0.56825519, -0.4922344 , ..., -0.21680613,
          0.        ,  0.50604528],
        [-0.84762474, -0.90652459, -0.86504911, ..., -0.68100562,
         -0.50604528,  0.        ]]]), 'num': array([8.36085034e-01, 5.48570525e-01, 2.40597915e-06, 1.03051795e-03,
       1.03482974e-03, 1.00464721e-03, 4.90613644e-03, 1.72471624e-05,
       1.01327079e-03, 1.00033542e-03, 9.74895854e-04, 4.88669601e-07,
       1.03384555e-03, 9.66825287e-04])}
{'img': array([[[ 0.        ,  0.43220591,  0.31002661, ...,  0.84734661,
          0.78987359,  0.99804496],
        [-0.43220591,  0.        , -0.13133599, ...,  0.53459721,
          0.44722942,  0.92702481],
        [-0.31002661,  0.13133599,  0.        , ...,  0.64095944,
          0.56082492,  0.96824584],
        ...,
        [-0.84734661, -0.53459721, -0.64095944, ...,  0.        ,
         -0.10019734,  0.58296119],
        [-0.78987359, -0.44722942, -0.56082492, ...,  0.10019734,
          0.        ,  0.66143783],
        [-0.99804496, -0.92702481, -0.96824584, ..., -0.58296119,
         -0.66143783,  0.        ]],

       [[ 0.        , -0.27503584, -0.73245341, ..., -0.82089187,
         -0.9150042 , -0.15212752],
        [ 0.27503584,  0.        , -0.51695647, ..., -0.63216485,
         -0.76875448,  0.12557411],
        [ 0.73245341,  0.51695647,  0.        , ..., -0.1405851 ,
         -0.3274464 ,  0.62035727],
        ...,
        [ 0.82089187,  0.63216485,  0.1405851 , ...,  0.        ,
         -0.19135979,  0.72445986],
        [ 0.9150042 ,  0.76875448,  0.3274464 , ...,  0.19135979,
          0.        ,  0.84297937],
        [ 0.15212752, -0.12557411, -0.62035727, ..., -0.72445986,
         -0.84297937,  0.        ]],

       [[ 0.        , -0.018088  , -0.08914774, ...,  0.41879986,
          0.58574473,  0.92574382],
        [ 0.018088  ,  0.        , -0.07111717, ...,  0.43515667,
          0.60030915,  0.93243237],
        [ 0.08914774,  0.07111717,  0.        , ...,  0.49808553,
          0.65566639,  0.95576922],
        ...,
        [-0.41879986, -0.43515667, -0.49808553, ...,  0.        ,
          0.19246679,  0.68227842],
        [-0.58574473, -0.60030915, -0.65566639, ..., -0.19246679,
          0.        ,  0.52881118],
        [-0.92574382, -0.93243237, -0.95576922, ..., -0.68227842,
         -0.52881118,  0.        ]],

       ...,

       [[ 0.        ,  0.43526682,  0.46034244, ...,  0.90494036,
          0.98028595,  0.94567658],
        [-0.43526682,  0.        ,  0.0280426 , ...,  0.62949641,
          0.79655113,  0.70988491],
        [-0.46034244, -0.0280426 ,  0.        , ...,  0.60745965,
          0.77928412,  0.68985483],
        ...,
        [-0.90494036, -0.62949641, -0.60745965, ...,  0.        ,
          0.23834754,  0.10821752],
        [-0.98028595, -0.79655113, -0.77928412, ..., -0.23834754,
          0.        , -0.1318491 ],
        [-0.94567658, -0.70988491, -0.68985483, ..., -0.10821752,
          0.1318491 ,  0.        ]],

       [[ 0.        , -0.71694578, -0.81941704, ..., -0.91099013,
         -0.90700027, -0.94496696],
        [ 0.71694578,  0.        , -0.16028759, ..., -0.93076621,
         -0.93422353, -0.89332394],
        [ 0.81941704,  0.16028759,  0.        , ..., -0.8601282 ,
         -0.86497169, -0.8097382 ],
        ...,
        [ 0.91099013,  0.93076621,  0.8601282 , ...,  0.        ,
         -0.00957285,  0.09168619],
        [ 0.90700027,  0.93422353,  0.86497169, ...,  0.00957285,
          0.        ,  0.10121451],
        [ 0.94496696,  0.89332394,  0.8097382 , ..., -0.09168619,
         -0.10121451,  0.        ]],

       [[ 0.        ,  0.08960869,  0.02426454, ...,  0.56825519,
          0.90652459,  0.83482416],
        [-0.08960869,  0.        , -0.06541539, ...,  0.4922344 ,
          0.86504911,  0.78213462],
        [-0.02426454,  0.06541539,  0.        , ...,  0.54812175,
          0.89601434,  0.82122033],
        ...,
        [-0.56825519, -0.4922344 , -0.54812175, ...,  0.        ,
          0.50604528,  0.37410308],
        [-0.90652459, -0.86504911, -0.89601434, ..., -0.50604528,
          0.        , -0.14663339],
        [-0.83482416, -0.78213462, -0.82122033, ..., -0.37410308,
          0.14663339,  0.        ]]]), 'num': array([ 7.59518007e-01,  6.50476599e-01,  9.35977751e-07,  9.16314353e-04,
        9.35977751e-04,  9.12381673e-04,  2.42575545e-03, -2.35960777e-05,
        9.25752784e-04,  9.14348013e-04,  8.89899854e-04,  3.82031735e-07,
        9.40255986e-04,  8.88440040e-04])}
{'img': array([[[ 0.        , -0.13133599, -0.31632781, ...,  0.44722942,
          0.92702481,  0.28665623],
        [ 0.13133599,  0.        , -0.18899588, ...,  0.56082492,
          0.96824584,  0.40999746],
        [ 0.31632781,  0.18899588,  0.        , ...,  0.70719386,
          0.99804496,  0.57498906],
        ...,
        [-0.44722942, -0.56082492, -0.70719386, ...,  0.        ,
          0.66143783, -0.17206992],
        [-0.92702481, -0.96824584, -0.99804496, ..., -0.66143783,
          0.        , -0.78062475],
        [-0.28665623, -0.40999746, -0.57498906, ...,  0.17206992,
          0.78062475,  0.        ]],

       [[ 0.        , -0.51695647, -0.79885375, ..., -0.76875448,
          0.12557411, -0.6378259 ],
        [ 0.51695647,  0.        , -0.37286576, ..., -0.3274464 ,
          0.62035727, -0.1478366 ],
        [ 0.79885375,  0.37286576,  0.        , ...,  0.04847688,
          0.86806622,  0.23159323],
        ...,
        [ 0.76875448,  0.3274464 , -0.04847688, ...,  0.        ,
          0.84297937,  0.18416202],
        [-0.12557411, -0.62035727, -0.86806622, ..., -0.84297937,
          0.        , -0.72949176],
        [ 0.6378259 ,  0.1478366 , -0.23159323, ..., -0.18416202,
          0.72949176,  0.        ]],

       [[ 0.        , -0.06940438, -0.13714274, ...,  0.57495957,
          0.82333714,  0.94084294],
        [ 0.06940438,  0.        , -0.06806344, ...,  0.63035852,
          0.86074239,  0.96209139],
        [ 0.13714274,  0.06806344,  0.        , ...,  0.68173465,
          0.89339339,  0.97842305],
        ...,
        [-0.57495957, -0.63035852, -0.68173465, ...,  0.        ,
          0.34731968,  0.57495957],
        [-0.82333714, -0.86074239, -0.89339339, ..., -0.34731968,
          0.        ,  0.25499584],
        [-0.94084294, -0.96209139, -0.97842305, ..., -0.57495957,
         -0.25499584,  0.        ]],

       ...,

       [[ 0.        ,  0.0280426 , -0.10031451, ...,  0.79655113,
          0.70988491,  0.42378034],
        [-0.0280426 ,  0.        , -0.12817621, ...,  0.77928412,
          0.68985483,  0.39821367],
        [ 0.10031451,  0.12817621,  0.        , ...,  0.85318041,
          0.77695738,  0.51250407],
        ...,
        [-0.79655113, -0.77928412, -0.85318041, ...,  0.        ,
         -0.1318491 , -0.46528276],
        [-0.70988491, -0.68985483, -0.77695738, ...,  0.1318491 ,
          0.        , -0.34451291],
        [-0.42378034, -0.39821367, -0.51250407, ...,  0.46528276,
          0.34451291,  0.        ]],

       [[ 0.        , -0.52035178, -0.76125515, ..., -0.94814959,
         -0.97832164, -0.96121877],
        [ 0.52035178,  0.        , -0.31265197, ..., -0.97505474,
         -0.94320001, -0.96434096],
        [ 0.76125515,  0.31265197,  0.        , ..., -0.85677541,
         -0.79204434, -0.83324896],
        ...,
        [ 0.94814959,  0.97505474,  0.85677541, ...,  0.        ,
          0.11458104,  0.04401146],
        [ 0.97832164,  0.94320001,  0.79204434, ..., -0.11458104,
          0.        , -0.07074842],
        [ 0.96121877,  0.96434096,  0.83324896, ..., -0.04401146,
          0.07074842,  0.        ]],

       [[ 0.        , -0.05700794, -0.10342973, ...,  0.57446254,
          0.55927627,  0.92251533],
        [ 0.05700794,  0.        , -0.04655933, ...,  0.62019106,
          0.60562526,  0.94301788],
        [ 0.10342973,  0.04655933,  0.        , ...,  0.65604198,
          0.64201806,  0.95748745],
        ...,
        [-0.57446254, -0.62019106, -0.65604198, ...,  0.        ,
         -0.01843382,  0.53338747],
        [-0.55927627, -0.60562526, -0.64201806, ...,  0.01843382,
          0.        ,  0.54888947],
        [-0.92251533, -0.94301788, -0.95748745, ..., -0.53338747,
         -0.54888947,  0.        ]]]), 'num': array([ 7.42187910e-01,  6.70168132e-01,  6.40175804e-07,  8.67708167e-04,
        8.94703533e-04,  8.59995206e-04,  5.05005382e-03, -3.08518460e-05,
        9.00873902e-04,  8.96053301e-04,  8.72400219e-04,  3.12191298e-07,
        9.23461459e-04,  8.68645143e-04])}
{'img': array([[[ 0.        , -0.18899588, -0.18899588, ...,  0.96824584,
          0.40999746, -0.12700846],
        [ 0.18899588,  0.        ,  0.        , ...,  0.99804496,
          0.57498906,  0.06274582],
        [ 0.18899588,  0.        ,  0.        , ...,  0.99804496,
          0.57498906,  0.06274582],
        ...,
        [-0.96824584, -0.99804496, -0.99804496, ...,  0.        ,
         -0.78062475, -0.99215674],
        [-0.40999746, -0.57498906, -0.57498906, ...,  0.78062475,
          0.        , -0.52251987],
        [ 0.12700846, -0.06274582, -0.06274582, ...,  0.99215674,
          0.52251987,  0.        ]],

       [[ 0.        , -0.37286576, -0.06462453, ...,  0.62035727,
         -0.1478366 ,  0.80629429],
        [ 0.37286576,  0.        ,  0.31212219, ...,  0.86806622,
          0.23159323,  0.96870416],
        [ 0.06462453, -0.31212219,  0.        , ...,  0.66974677,
         -0.08361314,  0.84283521],
        ...,
        [-0.62035727, -0.86806622, -0.66974677, ...,  0.        ,
         -0.72949176,  0.26544185],
        [ 0.1478366 , -0.23159323,  0.08361314, ...,  0.72949176,
          0.        ,  0.88488207],
        [-0.80629429, -0.96870416, -0.84283521, ..., -0.26544185,
         -0.88488207,  0.        ]],

       [[ 0.        , -0.06806344, -0.1182718 , ...,  0.86074239,
          0.96209139,  0.67584932],
        [ 0.06806344,  0.        , -0.05041181, ...,  0.89339339,
          0.97842305,  0.72444749],
        [ 0.1182718 ,  0.05041181,  0.        , ...,  0.91490623,
          0.98759466,  0.75827673],
        ...,
        [-0.86074239, -0.89339339, -0.91490623, ...,  0.        ,
          0.25499584, -0.29036654],
        [-0.96209139, -0.97842305, -0.98759466, ..., -0.25499584,
          0.        , -0.52477712],
        [-0.67584932, -0.72444749, -0.75827673, ...,  0.29036654,
          0.52477712,  0.        ]],

       ...,

       [[ 0.        , -0.12817621,  0.07439596, ...,  0.68985483,
          0.39821367,  0.07816934],
        [ 0.12817621,  0.        ,  0.20160331, ...,  0.77695738,
          0.51250407,  0.20530856],
        [-0.07439596, -0.20160331,  0.        , ...,  0.6340843 ,
          0.32886725,  0.00378439],
        ...,
        [-0.68985483, -0.77695738, -0.6340843 , ...,  0.        ,
         -0.34451291, -0.63115343],
        [-0.39821367, -0.51250407, -0.32886725, ...,  0.34451291,
          0.        , -0.32529101],
        [-0.07816934, -0.20530856, -0.00378439, ...,  0.63115343,
          0.32529101,  0.        ]],

       [[ 0.        , -0.62787783, -0.78815713, ..., -0.98948601,
         -0.97578408, -0.98389794],
        [ 0.62787783,  0.        , -0.22698955, ..., -0.86093783,
         -0.89680384, -0.87800084],
        [ 0.78815713,  0.22698955,  0.        , ..., -0.72299304,
         -0.77296813, -0.74643195],
        ...,
        [ 0.98948601,  0.86093783,  0.72299304, ...,  0.        ,
         -0.07530992, -0.03455226],
        [ 0.97578408,  0.89680384,  0.77296813, ...,  0.07530992,
          0.        ,  0.04081082],
        [ 0.98389794,  0.87800084,  0.74643195, ...,  0.03455226,
         -0.04081082,  0.        ]],

       [[ 0.        , -0.04655933, -0.10665798, ...,  0.60562526,
          0.94301788,  0.7633239 ],
        [ 0.04655933,  0.        , -0.06024857, ...,  0.64201806,
          0.95748745,  0.79257416],
        [ 0.10665798,  0.06024857,  0.        , ...,  0.68704372,
          0.97312828,  0.82787248],
        ...,
        [-0.60562526, -0.64201806, -0.68704372, ...,  0.        ,
          0.54888947,  0.2161714 ],
        [-0.94301788, -0.95748745, -0.97312828, ..., -0.54888947,
          0.        , -0.35521464],
        [-0.7633239 , -0.79257416, -0.82787248, ..., -0.2161714 ,
          0.35521464,  0.        ]]]), 'num': array([7.33177010e-01, 6.80030122e-01, 4.72416783e-07, 8.57207872e-04,
       8.64827498e-04, 8.49588247e-04, 2.10651406e-03, 0.00000000e+00,
       8.81590674e-04, 8.83495581e-04, 8.61716151e-04, 2.85735957e-07,
       9.12996425e-04, 8.53994736e-04])}
{'img': array([[[ 0.        ,  0.        ,  0.12574189, ...,  0.57498906,
          0.06274582,  0.06274582],
        [ 0.        ,  0.        ,  0.12574189, ...,  0.57498906,
          0.06274582,  0.06274582],
        [-0.12574189, -0.12574189,  0.        , ...,  0.46754824,
         -0.06324631, -0.06324631],
        ...,
        [-0.57498906, -0.57498906, -0.46754824, ...,  0.        ,
         -0.52251987, -0.52251987],
        [-0.06274582, -0.06274582,  0.06324631, ...,  0.52251987,
          0.        ,  0.        ],
        [-0.06274582, -0.06274582,  0.06324631, ...,  0.52251987,
          0.        ,  0.        ]],

       [[ 0.        ,  0.31212219,  0.31421369, ...,  0.23159323,
          0.96870416,  0.10908503],
        [-0.31212219,  0.        ,  0.00220228, ..., -0.08361314,
          0.84283521, -0.20662422],
        [-0.31421369, -0.00220228,  0.        , ..., -0.08580751,
          0.84164796, -0.20877847],
        ...,
        [-0.23159323,  0.08361314,  0.08580751, ...,  0.        ,
          0.88488207, -0.12409187],
        [-0.96870416, -0.84283521, -0.84164796, ..., -0.88488207,
          0.        , -0.93584645],
        [-0.10908503,  0.20662422,  0.20877847, ...,  0.12409187,
          0.93584645,  0.        ]],

       [[ 0.        , -0.05041181,  0.01692368, ...,  0.97842305,
          0.72444749,  0.50148923],
        [ 0.05041181,  0.        ,  0.06730675, ...,  0.98759466,
          0.75827673,  0.54446607],
        [-0.01692368, -0.06730675,  0.        , ...,  0.97478629,
          0.71267774,  0.48677565],
        ...,
        [-0.97842305, -0.98759466, -0.97478629, ...,  0.        ,
         -0.52477712, -0.74288281],
        [-0.72444749, -0.75827673, -0.71267774, ...,  0.52477712,
          0.        , -0.28107424],
        [-0.50148923, -0.54446607, -0.48677565, ...,  0.74288281,
          0.28107424,  0.        ]],

       ...,

       [[ 0.        ,  0.20160331,  0.20160331, ...,  0.51250407,
          0.20530856,  0.08210796],
        [-0.20160331,  0.        ,  0.        , ...,  0.32886725,
          0.00378439, -0.12050053],
        [-0.20160331,  0.        ,  0.        , ...,  0.32886725,
          0.00378439, -0.12050053],
        ...,
        [-0.51250407, -0.32886725, -0.32886725, ...,  0.        ,
         -0.32529101, -0.44026871],
        [-0.20530856, -0.00378439, -0.00378439, ...,  0.32529101,
          0.        , -0.12425648],
        [-0.08210796,  0.12050053,  0.12050053, ...,  0.44026871,
          0.12425648,  0.        ]],

       [[ 0.        , -0.57683249, -0.76923333, ..., -0.99261076,
         -0.99708107, -0.99856036],
        [ 0.57683249,  0.        , -0.25978034, ..., -0.88082046,
         -0.85851932, -0.84662759],
        [ 0.76923333,  0.25978034,  0.        , ..., -0.72758679,
         -0.69583393, -0.67930954],
        ...,
        [ 0.99261076,  0.88082046,  0.72758679, ...,  0.        ,
          0.04520184,  0.06792395],
        [ 0.99708107,  0.85851932,  0.69583393, ..., -0.04520184,
          0.        ,  0.02275707],
        [ 0.99856036,  0.84662759,  0.67930954, ..., -0.06792395,
         -0.02275707,  0.        ]],

       [[ 0.        , -0.06024857, -0.08418747, ...,  0.95748745,
          0.79257416,  0.63230751],
        [ 0.06024857,  0.        , -0.02399986, ...,  0.97312828,
          0.82787248,  0.67783448],
        [ 0.08418747,  0.02399986,  0.        , ...,  0.97837428,
          0.84109593,  0.69528428],
        ...,
        [-0.95748745, -0.97312828, -0.97837428, ...,  0.        ,
         -0.35521464, -0.55937742],
        [-0.79257416, -0.82787248, -0.84109593, ...,  0.35521464,
          0.        , -0.22845543],
        [-0.63230751, -0.67783448, -0.69528428, ...,  0.55937742,
          0.22845543,  0.        ]]]), 'num': array([ 7.25701254e-01,  6.88001623e-01,  3.39636315e-07,  8.37769577e-04,
        8.67959472e-04,  8.37769577e-04,  2.35314379e-03, -1.13212105e-05,
        8.63430987e-04,  8.73054016e-04,  8.53430585e-04,  2.51582456e-07,
        9.06406250e-04,  8.39701782e-04])}
{'img': array([[[ 0.        ,  0.12574189,  0.64076939, ...,  0.06274582,
          0.06274582, -0.12475562],
        [-0.12574189,  0.        ,  0.53914734, ..., -0.06324631,
         -0.06324631, -0.24852497],
        [-0.64076939, -0.53914734,  0.        , ..., -0.59133471,
         -0.59133471, -0.73154244],
        ...,
        [-0.06274582,  0.06324631,  0.59133471, ...,  0.        ,
          0.        , -0.18676542],
        [-0.06274582,  0.06324631,  0.59133471, ...,  0.        ,
          0.        , -0.18676542],
        [ 0.12475562,  0.24852497,  0.73154244, ...,  0.18676542,
          0.18676542,  0.        ]],

       [[ 0.        ,  0.00220228,  0.9322213 , ...,  0.84283521,
         -0.20662422, -0.07123002],
        [-0.00220228,  0.        ,  0.93301602, ...,  0.84164796,
         -0.20877847, -0.07342653],
        [-0.9322213 , -0.93301602,  0.        , ..., -0.80670771,
         -0.83732934, -0.90407603],
        ...,
        [-0.84283521, -0.84164796,  0.80670771, ...,  0.        ,
         -0.93584645, -0.87902832],
        [ 0.20662422,  0.20877847,  0.83732934, ...,  0.93584645,
          0.        ,  0.13640647],
        [ 0.07123002,  0.07342653,  0.90407603, ...,  0.87902832,
         -0.13640647,  0.        ]],

       [[ 0.        ,  0.06730675,  0.15248836, ...,  0.75827673,
          0.54446607,  0.30904098],
        [-0.06730675,  0.        ,  0.08562296, ...,  0.71267774,
          0.48677565,  0.24432819],
        [-0.15248836, -0.08562296,  0.        , ...,  0.64999672,
          0.41019405,  0.16040297],
        ...,
        [-0.75827673, -0.71267774, -0.64999672, ...,  0.        ,
         -0.28107424, -0.51968416],
        [-0.54446607, -0.48677565, -0.41019405, ...,  0.28107424,
          0.        , -0.25859547],
        [-0.30904098, -0.24432819, -0.16040297, ...,  0.51968416,
          0.25859547,  0.        ]],

       ...,

       [[ 0.        ,  0.        ,  0.21225966, ...,  0.00378439,
         -0.12050053, -0.29938241],
        [ 0.        ,  0.        ,  0.21225966, ...,  0.00378439,
         -0.12050053, -0.29938241],
        [-0.21225966, -0.21225966,  0.        , ..., -0.20855998,
         -0.3284677 , -0.49508446],
        ...,
        [-0.00378439, -0.00378439,  0.20855998, ...,  0.        ,
         -0.12425648, -0.30299108],
        [ 0.12050053,  0.12050053,  0.3284677 , ...,  0.12425648,
          0.        , -0.18222733],
        [ 0.29938241,  0.29938241,  0.49508446, ...,  0.30299108,
          0.18222733,  0.        ]],

       [[ 0.        , -0.59439399, -0.83852458, ..., -0.99985966,
         -0.99912799, -0.99338694],
        [ 0.59439399,  0.        , -0.35045589, ..., -0.79410343,
         -0.77865542, -0.73061083],
        [ 0.83852458,  0.35045589,  0.        , ..., -0.53073978,
         -0.50937834, -0.44498571],
        ...,
        [ 0.99985966,  0.79410343,  0.53073978, ...,  0.        ,
          0.02500835,  0.09815657],
        [ 0.99912799,  0.77865542,  0.50937834, ..., -0.02500835,
          0.        ,  0.07323829],
        [ 0.99338694,  0.73061083,  0.44498571, ..., -0.09815657,
         -0.07323829,  0.        ]],

       [[ 0.        , -0.02399986,  0.05976638, ...,  0.82787248,
          0.67783448,  0.47944636],
        [ 0.02399986,  0.        ,  0.08370612, ...,  0.84109593,
          0.69528428,  0.50036984],
        [-0.05976638, -0.08370612,  0.        , ...,  0.79286862,
          0.63268166,  0.42614004],
        ...,
        [-0.82787248, -0.84109593, -0.79286862, ...,  0.        ,
         -0.22845543, -0.45758773],
        [-0.67783448, -0.69528428, -0.63268166, ...,  0.22845543,
          0.        , -0.24235208],
        [-0.47944636, -0.50036984, -0.42614004, ...,  0.45758773,
          0.24235208,  0.        ]]]), 'num': array([8.45691603e-01, 5.33662441e-01, 2.76132002e-06, 9.87434057e-04,
       9.87434057e-04, 9.74326525e-04, 1.48133459e-03, 1.74767090e-05,
       9.88307892e-04, 1.01015378e-03, 9.88235073e-04, 3.65791583e-07,
       1.04987246e-03, 9.70435097e-04])}
{'img': array([[[ 0.        ,  0.53914734,  0.53914734, ..., -0.06324631,
         -0.24852497,  0.        ],
        [-0.53914734,  0.        ,  0.        , ..., -0.59133471,
         -0.73154244, -0.53914734],
        [-0.53914734,  0.        ,  0.        , ..., -0.59133471,
         -0.73154244, -0.53914734],
        ...,
        [ 0.06324631,  0.59133471,  0.59133471, ...,  0.        ,
         -0.18676542,  0.06324631],
        [ 0.24852497,  0.73154244,  0.73154244, ...,  0.18676542,
          0.        ,  0.24852497],
        [ 0.        ,  0.53914734,  0.53914734, ..., -0.06324631,
         -0.24852497,  0.        ]],

       [[ 0.        ,  0.9359784 ,  0.11753909, ..., -0.20617819,
         -0.07262301, -0.85489762],
        [-0.9359784 ,  0.        , -0.97087095, ..., -0.84328184,
         -0.90793945, -0.18460949],
        [-0.11753909,  0.97087095,  0.        , ..., -0.31976272,
         -0.18934833, -0.90995058],
        ...,
        [ 0.20617819,  0.84328184,  0.31976272, ...,  0.        ,
          0.13457111, -0.7295651 ],
        [ 0.07262301,  0.90793945,  0.18934833, ..., -0.13457111,
          0.        , -0.81496365],
        [ 0.85489762,  0.18460949,  0.90995058, ...,  0.7295651 ,
          0.81496365,  0.        ]],

       [[ 0.        ,  0.08562296,  0.20850891, ...,  0.48677565,
          0.24432819,  0.0169895 ],
        [-0.08562296,  0.        ,  0.12400218, ...,  0.41019405,
          0.16040297, -0.06868349],
        [-0.20850891, -0.12400218,  0.        , ...,  0.29393838,
          0.03676842, -0.19186274],
        ...,
        [-0.48677565, -0.41019405, -0.29393838, ...,  0.        ,
         -0.25859547, -0.47186461],
        [-0.24432819, -0.16040297, -0.03676842, ...,  0.25859547,
          0.        , -0.22781833],
        [-0.0169895 ,  0.06868349,  0.19186274, ...,  0.47186461,
          0.22781833,  0.        ]],

       ...,

       [[ 0.        ,  0.21225966,  0.42195652, ..., -0.12050053,
         -0.29938241,  0.06069309],
        [-0.21225966,  0.        ,  0.21990351, ..., -0.3284677 ,
         -0.49508446, -0.15255826],
        [-0.42195652, -0.21990351,  0.        , ..., -0.52812955,
         -0.67402763, -0.36615331],
        ...,
        [ 0.12050053,  0.3284677 ,  0.52812955, ...,  0.        ,
         -0.18222733,  0.18052921],
        [ 0.29938241,  0.49508446,  0.67402763, ...,  0.18222733,
          0.        ,  0.35673978],
        [-0.06069309,  0.15255826,  0.36615331, ..., -0.18052921,
         -0.35673978,  0.        ]],

       [[ 0.        , -0.7016273 , -0.88243197, ..., -0.98794197,
         -0.97179744, -0.96796482],
        [ 0.7016273 ,  0.        , -0.29869816, ..., -0.59532305,
         -0.5269928 , -0.51354895],
        [ 0.88243197,  0.29869816,  0.        , ..., -0.32814523,
         -0.24907981, -0.23380319],
        ...,
        [ 0.98794197,  0.59532305,  0.32814523, ...,  0.        ,
          0.08251548,  0.09819346],
        [ 0.97179744,  0.5269928 ,  0.24907981, ..., -0.08251548,
          0.        ,  0.01574189],
        [ 0.96796482,  0.51354895,  0.23380319, ..., -0.09819346,
         -0.01574189,  0.        ]],

       [[ 0.        ,  0.08370612,  0.15813427, ...,  0.69528428,
          0.50036984,  0.45504715],
        [-0.08370612,  0.        ,  0.0749264 , ...,  0.63268166,
          0.42614004,  0.37891258],
        [-0.15813427, -0.0749264 ,  0.        , ...,  0.57287934,
          0.35715948,  0.30850816],
        ...,
        [-0.69528428, -0.63268166, -0.57287934, ...,  0.        ,
         -0.24235208, -0.29206971],
        [-0.50036984, -0.42614004, -0.35715948, ...,  0.24235208,
          0.        , -0.05157783],
        [-0.45504715, -0.37891258, -0.30850816, ...,  0.29206971,
          0.05157783,  0.        ]]]), 'num': array([8.46083885e-01, 5.33039755e-01, 2.75809806e-06, 9.90645982e-04,
       9.99374140e-04, 9.81917823e-04, 1.65809698e-03, 4.36407921e-06,
       9.81917823e-04, 1.00722948e-03, 9.87154718e-04, 4.25217975e-07,
       1.04690182e-03, 9.67557146e-04])}
{'img': array([[[ 0.        ,  0.        , -0.53914734, ..., -0.73154244,
         -0.53914734, -0.48412292],
        [ 0.        ,  0.        , -0.53914734, ..., -0.73154244,
         -0.53914734, -0.48412292],
        [ 0.53914734,  0.53914734,  0.        , ..., -0.24852497,
          0.        ,  0.06402006],
        ...,
        [ 0.73154244,  0.73154244,  0.24852497, ...,  0.        ,
          0.24852497,  0.31002661],
        [ 0.53914734,  0.53914734,  0.        , ..., -0.24852497,
          0.        ,  0.06402006],
        [ 0.48412292,  0.48412292, -0.06402006, ..., -0.31002661,
         -0.06402006,  0.        ]],

       [[ 0.        , -0.97087095, -0.79961869, ..., -0.90793945,
         -0.18460949, -0.50996705],
        [ 0.97087095,  0.        ,  0.77460689, ..., -0.18934833,
         -0.90995058, -0.71294767],
        [ 0.79961869, -0.77460689,  0.        , ..., -0.88034626,
         -0.8967343 , -0.99406648],
        ...,
        [ 0.90793945,  0.18934833,  0.88034626, ...,  0.        ,
         -0.81496365, -0.56727612],
        [ 0.18460949,  0.90995058,  0.8967343 , ...,  0.81496365,
          0.        ,  0.34240174],
        [ 0.50996705,  0.71294767,  0.99406648, ...,  0.56727612,
         -0.34240174,  0.        ]],

       [[ 0.        ,  0.12400218,  0.16040297, ...,  0.16040297,
         -0.06868349, -0.16898593],
        [-0.12400218,  0.        ,  0.03676842, ...,  0.03676842,
         -0.19186274, -0.28990053],
        [-0.16040297, -0.03676842,  0.        , ...,  0.        ,
         -0.22781833, -0.32489396],
        ...,
        [-0.16040297, -0.03676842,  0.        , ...,  0.        ,
         -0.22781833, -0.32489396],
        [ 0.06868349,  0.19186274,  0.22781833, ...,  0.22781833,
          0.        , -0.10089115],
        [ 0.16898593,  0.28990053,  0.32489396, ...,  0.32489396,
          0.10089115,  0.        ]],

       ...,

       [[ 0.        ,  0.21990351,  0.03324039, ..., -0.49508446,
         -0.15255826,  0.12692819],
        [-0.21990351,  0.        , -0.18735527, ..., -0.67402763,
         -0.36615331, -0.09430371],
        [-0.03324039,  0.18735527,  0.        , ..., -0.52369161,
         -0.18532525,  0.09388651],
        ...,
        [ 0.49508446,  0.67402763,  0.52369161, ...,  0.        ,
          0.35673978,  0.60136108],
        [ 0.15255826,  0.36615331,  0.18532525, ..., -0.35673978,
          0.        ,  0.27676679],
        [-0.12692819,  0.09430371, -0.09388651, ..., -0.60136108,
         -0.27676679,  0.        ]],

       [[ 0.        , -0.69680773, -0.88254204, ..., -0.89639659,
         -0.88735622, -0.9201305 ],
        [ 0.69680773,  0.        , -0.30534796, ..., -0.33408553,
         -0.31517604, -0.38709275],
        [ 0.88254204,  0.30534796,  0.        , ..., -0.03032637,
         -0.01033814, -0.08706226],
        ...,
        [ 0.89639659,  0.33408553,  0.03032637, ...,  0.        ,
          0.01999137, -0.05681099],
        [ 0.88735622,  0.31517604,  0.01033814, ..., -0.01999137,
          0.        , -0.07675872],
        [ 0.9201305 ,  0.38709275,  0.08706226, ...,  0.05681099,
          0.07675872,  0.        ]],

       [[ 0.        ,  0.0749264 ,  0.07724737, ...,  0.42614004,
          0.37891258,  0.33293671],
        [-0.0749264 ,  0.        ,  0.00232772, ...,  0.35715948,
          0.30850816,  0.26134906],
        [-0.07724737, -0.00232772,  0.        , ...,  0.35498432,
          0.30629315,  0.25910154],
        ...,
        [-0.42614004, -0.35715948, -0.35498432, ...,  0.        ,
         -0.05157783, -0.1006348 ],
        [-0.37891258, -0.30850816, -0.30629315, ...,  0.05157783,
          0.        , -0.04918486],
        [-0.33293671, -0.26134906, -0.25910154, ...,  0.1006348 ,
          0.04918486,  0.        ]]]), 'num': array([8.29647124e-01, 5.58246445e-01, 2.26167233e-06, 1.00892446e-03,
       1.00892446e-03, 9.50070531e-04, 6.24148415e-03, 5.46500748e-05,
       9.58478235e-04, 9.71510176e-04, 9.51331687e-04, 5.38093044e-07,
       1.01294745e-03, 9.30072904e-04])}
{'img': array([[[ 0.        , -0.51213962, -0.34283965, ..., -0.51213962,
         -0.45825412,  0.77138922],
        [ 0.51213962,  0.        ,  0.18663512, ...,  0.        ,
          0.06160508,  0.98845494],
        [ 0.34283965, -0.18663512,  0.        , ..., -0.18663512,
         -0.12575799,  0.94280904],
        ...,
        [ 0.51213962,  0.        ,  0.18663512, ...,  0.        ,
          0.06160508,  0.98845494],
        [ 0.45825412, -0.06160508,  0.12575799, ..., -0.06160508,
          0.        ,  0.97724336],
        [-0.77138922, -0.98845494, -0.94280904, ..., -0.98845494,
         -0.97724336,  0.        ]],

       [[ 0.        ,  0.77460689, -0.15700116, ..., -0.90995058,
         -0.71294767,  0.92967454],
