state_0,state_1,state_2,state_3,state_4,state_5,state_6,state_7,state_8,state_9,state_10,state_11,state_12,state_13,state_14,state_15,state_16,state_17,state_18,state_19,state_20,state_21,state_22,state_23,state_24,state_25,state_26,state_27,state_28,state_29,state_30,state_31,state_32,state_33,state_34,state_35,state_36,state_37,state_38,state_39,state_40,state_41,state_42,state_43,state_44,state_45,state_46,state_47,state_48,state_49,state_50,state_51,state_52,state_53,state_54,state_55,state_56,state_57,state_58,state_59,state_60,state_61,state_62,state_63,state_64,state_65,state_66,state_67,state_68,state_69,state_70,state_71,state_72,state_73,state_74,state_75,state_76,state_77,state_78,state_79,state_80,state_81,state_82,state_83,state_84,state_85,state_86,state_87,state_88,state_89,state_90,state_91,state_92,state_93,state_94,state_95,state_96,state_97,state_98,state_99,state_100,state_101,state_102,state_103,state_104,state_105,state_106,state_107,state_108,state_109,state_110,state_111,state_112,state_113,state_114,state_115,state_116,state_117,state_118,state_119,state_120,state_121,state_122,state_123,state_124,state_125,state_126,state_127,state_128,state_129,state_130,state_131,state_132,state_133,state_134,state_135,state_136,state_137,state_138,state_139,state_140,state_141,state_142,state_143,state_144,state_145,state_146,state_147,state_148,state_149,state_150,state_151,state_152,state_153,state_154,state_155,state_156,state_157,state_158,state_159,state_160,state_161,state_162,state_163,state_164,state_165,state_166,state_167,state_168,state_169,state_170,state_171,state_172,state_173,state_174,state_175,state_176,state_177,state_178,state_179,state_180,state_181,state_182,state_183,state_184,state_185,state_186,state_187,state_188,state_189,state_190,state_191,state_192,state_193,state_194,state_195,state_196,state_197,state_198,state_199,state_200,state_201,state_202,state_203,state_204,state_205,state_206,state_207,state_208,state_209,state_210,state_211,state_212,state_213,state_214,state_215,state_216,state_217,state_218,state_219,state_220,state_221,state_222,state_223,state_224,state_225,state_226,state_227,state_228,state_229,state_230,state_231,state_232,state_233,state_234,state_235,state_236,state_237,state_238,state_239,state_240,state_241,state_242,state_243,state_244,state_245,state_246,state_247,state_248,state_249,state_250,state_251,state_252,state_253,state_254,state_255,state_256,state_257,state_258,state_259,state_260,state_261,state_262,state_263,state_264,state_265,state_266,state_267,state_268,state_269,state_270,state_271,state_272,state_273,state_274,state_275,state_276,state_277,state_278,state_279,state_280,state_281,state_282,state_283,state_284,state_285,state_286,state_287
{'img': array([[[ 0.        ,  0.0800067 ,  0.06064736, ...,  0.93035884,
          0.96359469,  0.96359469],
        [-0.0800067 ,  0.        , -0.01940648, ...,  0.89804194,
          0.93911455,  0.93911455],
        [-0.06064736,  0.01940648,  0.        , ...,  0.90640992,
          0.94560584,  0.94560584],
        ...,
        [-0.93035884, -0.89804194, -0.90640992, ...,  0.        ,
          0.10455474,  0.10455474],
        [-0.96359469, -0.93911455, -0.94560584, ..., -0.10455474,
          0.        ,  0.        ],
        [-0.96359469, -0.93911455, -0.94560584, ..., -0.10455474,
          0.        ,  0.        ]],

       [[ 0.        ,  0.06487816, -0.14773903, ..., -0.2327583 ,
         -0.12950291, -0.07601948],
        [-0.06487816,  0.        , -0.21159398, ..., -0.29536418,
         -0.19356189, -0.14054974],
        [ 0.14773903,  0.21159398,  0.        , ..., -0.08652278,
          0.01841313,  0.07212625],
        ...,
        [ 0.2327583 ,  0.29536418,  0.08652278, ...,  0.        ,
          0.1048522 ,  0.1581532 ],
        [ 0.12950291,  0.19356189, -0.01841313, ..., -0.1048522 ,
          0.        ,  0.05374885],
        [ 0.07601948,  0.14054974, -0.07212625, ..., -0.1581532 ,
         -0.05374885,  0.        ]],

       [[ 0.        ,  0.        ,  0.00948424, ...,  0.93037013,
          0.9543564 ,  0.9679318 ],
        [ 0.        ,  0.        ,  0.00948424, ...,  0.93037013,
          0.9543564 ,  0.9679318 ],
        [-0.00948424, -0.00948424,  0.        , ...,  0.92685116,
          0.95148082,  0.9655057 ],
        ...,
        [-0.93037013, -0.93037013, -0.92685116, ...,  0.        ,
          0.07201391,  0.12114354],
        [-0.9543564 , -0.9543564 , -0.95148082, ..., -0.07201391,
          0.        ,  0.04934548],
        [-0.9679318 , -0.9679318 , -0.9655057 , ..., -0.12114354,
         -0.04934548,  0.        ]],

       ...,

       [[ 0.        , -0.13692384, -0.33008225, ..., -0.96492097,
         -0.5468667 , -0.36843055],
        [ 0.13692384,  0.        , -0.19772384, ..., -0.91988488,
         -0.42708074, -0.23766855],
        [ 0.33008225,  0.19772384,  0.        , ..., -0.82417928,
         -0.23986465, -0.04091811],
        ...,
        [ 0.96492097,  0.91988488,  0.82417928, ...,  0.        ,
          0.66427617,  0.80031592],
        [ 0.5468667 ,  0.42708074,  0.23986465, ..., -0.66427617,
          0.        ,  0.1999402 ],
        [ 0.36843055,  0.23766855,  0.04091811, ..., -0.80031592,
         -0.1999402 ,  0.        ]],

       [[ 0.        , -0.16490966, -0.2959151 , ...,  0.98986555,
          0.9877988 ,  0.97936647],
        [ 0.16490966,  0.        , -0.13433958, ...,  0.99973143,
          0.99995681,  0.99928463],
        [ 0.2959151 ,  0.13433958,  0.        , ...,  0.98755591,
          0.98964395,  0.99530698],
        ...,
        [-0.98986555, -0.99973143, -0.98755591, ...,  0.        ,
         -0.01388205, -0.06096661],
        [-0.9877988 , -0.99995681, -0.98964395, ...,  0.01388205,
          0.        , -0.04710451],
        [-0.97936647, -0.99928463, -0.99530698, ...,  0.06096661,
          0.04710451,  0.        ]],

       [[ 0.        ,  0.10019749,  0.15672554, ...,  0.92255843,
          0.93815766,  0.93635856],
        [-0.10019749,  0.        ,  0.05697756, ...,  0.95657766,
          0.96812565,  0.96682024],
        [-0.15672554, -0.05697756,  0.        , ...,  0.97163134,
          0.98082377,  0.97980495],
        ...,
        [-0.92255843, -0.95657766, -0.97163134, ...,  0.        ,
         -0.04259767, -0.03744131],
        [-0.93815766, -0.96812565, -0.98082377, ...,  0.04259767,
          0.        ,  0.00516048],
        [-0.93635856, -0.96682024, -0.97980495, ...,  0.03744131,
         -0.00516048,  0.        ]]]), 'num': array([7.08870050e-01, 7.05339072e-01, 1.44712189e-06, 3.15265841e-05,
       3.23018280e-05, 3.08805476e-05, 1.94986754e-04, 1.93810968e-07,
       3.11648036e-05, 3.15168936e-05, 2.85020563e-05, 5.16829248e-07,
       3.38061886e-05, 2.92275985e-05])}
{'img': array([[[ 0.        , -0.01940648, -0.03919323, ...,  0.93911455,
          0.93911455,  0.95406528],
        [ 0.01940648,  0.        , -0.01979428, ...,  0.94560584,
          0.94560584,  0.95969977],
        [ 0.03919323,  0.01979428,  0.        , ...,  0.95185994,
          0.95185994,  0.96507447],
        ...,
        [-0.93911455, -0.94560584, -0.95185994, ...,  0.        ,
          0.        ,  0.04646328],
        [-0.93911455, -0.94560584, -0.95185994, ...,  0.        ,
          0.        ,  0.04646328],
        [-0.95406528, -0.95969977, -0.96507447, ..., -0.04646328,
         -0.04646328,  0.        ]],

       [[ 0.        , -0.21159398, -0.3405236 , ..., -0.19356189,
         -0.14054974, -0.28891008],
        [ 0.21159398,  0.        , -0.13386508, ...,  0.01841313,
          0.07212625, -0.07979767],
        [ 0.3405236 ,  0.13386508,  0.        , ...,  0.15208979,
          0.20499351,  0.05435874],
        ...,
        [ 0.19356189, -0.01841313, -0.15208979, ...,  0.        ,
          0.05374885, -0.09813856],
        [ 0.14054974, -0.07212625, -0.20499351, ..., -0.05374885,
          0.        , -0.15148608],
        [ 0.28891008,  0.07979767, -0.05435874, ...,  0.09813856,
          0.15148608,  0.        ]],

       [[ 0.        ,  0.00948424, -0.02416368, ...,  0.9543564 ,
          0.9679318 ,  0.98086784],
        [-0.00948424,  0.        , -0.03364406, ...,  0.95148082,
          0.9655057 ,  0.97897739],
        [ 0.02416368,  0.03364406,  0.        , ...,  0.96129471,
          0.97371941,  0.98528551],
        ...,
        [-0.9543564 , -0.95148082, -0.96129471, ...,  0.        ,
          0.04934548,  0.10716683],
        [-0.9679318 , -0.9655057 , -0.97371941, ..., -0.04934548,
          0.        ,  0.05797497],
        [-0.98086784, -0.97897739, -0.98528551, ..., -0.10716683,
         -0.05797497,  0.        ]],

       ...,

       [[ 0.        , -0.19772384, -0.16668477, ..., -0.42708074,
         -0.23766855, -0.18228061],
        [ 0.19772384,  0.        ,  0.03156369, ..., -0.23986465,
         -0.04091811,  0.0157293 ],
        [ 0.16668477, -0.03156369,  0.        , ..., -0.27038737,
         -0.07243499, -0.01583832],
        ...,
        [ 0.42708074,  0.23986465,  0.27038737, ...,  0.        ,
          0.1999402 ,  0.25510508],
        [ 0.23766855,  0.04091811,  0.07243499, ..., -0.1999402 ,
          0.        ,  0.05662918],
        [ 0.18228061, -0.0157293 ,  0.01583832, ..., -0.25510508,
         -0.05662918,  0.        ]],

       [[ 0.        , -0.13433958, -0.34626322, ...,  0.99995681,
          0.99928463,  0.99944032],
        [ 0.13433958,  0.        , -0.21709548, ...,  0.98964395,
          0.99530698,  0.99487469],
        [ 0.34626322,  0.21709548,  0.        , ...,  0.93487859,
          0.95056142,  0.94919557],
        ...,
        [-0.99995681, -0.98964395, -0.93487859, ...,  0.        ,
         -0.04710451, -0.04273979],
        [-0.99928463, -0.99530698, -0.95056142, ...,  0.04710451,
          0.        ,  0.00436912],
        [-0.99944032, -0.99487469, -0.94919557, ...,  0.04273979,
         -0.00436912,  0.        ]],

       [[ 0.        ,  0.05697756,  0.14024229, ...,  0.96812565,
          0.96682024,  0.94463578],
        [-0.05697756,  0.        ,  0.08359999, ...,  0.98082377,
          0.97980495,  0.9617967 ],
        [-0.14024229, -0.08359999,  0.        , ...,  0.99368366,
          0.99309133,  0.98131655],
        ...,
        [-0.96812565, -0.98082377, -0.99368366, ...,  0.        ,
          0.00516048,  0.08106392],
        [-0.96682024, -0.97980495, -0.99309133, ..., -0.00516048,
          0.        ,  0.07591934],
        [-0.94463578, -0.9617967 , -0.98131655, ..., -0.08106392,
         -0.07591934,  0.        ]]]), 'num': array([8.80134640e-01, 4.74698193e-01, 1.65822678e-04, 7.67872059e-04,
       7.77293802e-04, 7.53739445e-04, 4.47438578e-03, 1.57029051e-06,
       7.61590897e-04, 7.66301769e-04, 6.95036751e-04, 1.27488932e-05,
       8.21935280e-04, 7.10668257e-04])}
{'img': array([[[ 0.00000000e+00, -1.97942778e-02, -1.95929705e-01, ...,
          9.45605843e-01,  9.59699770e-01,  9.64006816e-01],
        [ 1.97942778e-02,  0.00000000e+00, -1.76480693e-01, ...,
          9.51859942e-01,  9.65074473e-01,  9.69080796e-01],
        [ 1.95929705e-01,  1.76480693e-01,  0.00000000e+00, ...,
          9.91016851e-01,  9.96160414e-01,  9.97415686e-01],
        ...,
        [-9.45605843e-01, -9.51859942e-01, -9.91016851e-01, ...,
          0.00000000e+00,  4.64632781e-02,  6.21901501e-02],
        [-9.59699770e-01, -9.65074473e-01, -9.96160414e-01, ...,
         -4.64632781e-02,  0.00000000e+00,  1.57496446e-02],
        [-9.64006816e-01, -9.69080796e-01, -9.97415686e-01, ...,
         -6.21901501e-02, -1.57496446e-02,  0.00000000e+00]],

       [[ 0.00000000e+00, -1.33865081e-01,  7.30199582e-02, ...,
          7.21262502e-02, -7.97976691e-02, -9.13520408e-02],
        [ 1.33865081e-01,  0.00000000e+00,  2.05870473e-01, ...,
          2.04993514e-01,  5.43587409e-02,  4.27755131e-02],
        [-7.30199582e-02, -2.05870473e-01,  0.00000000e+00, ...,
         -8.96070798e-04, -1.52371751e-01, -1.63822812e-01],
        ...,
        [-7.21262502e-02, -2.04993514e-01,  8.96070798e-04, ...,
          0.00000000e+00, -1.51486082e-01, -1.62938781e-01],
        [ 7.97976691e-02, -5.43587409e-02,  1.52371751e-01, ...,
          1.51486082e-01,  0.00000000e+00, -1.15967186e-02],
        [ 9.13520408e-02, -4.27755131e-02,  1.63822812e-01, ...,
          1.62938781e-01,  1.15967186e-02,  0.00000000e+00]],

       [[ 0.00000000e+00, -3.36440622e-02, -1.05159871e-01, ...,
          9.65505697e-01,  9.78977386e-01,  9.87734609e-01],
        [ 3.36440622e-02,  0.00000000e+00, -7.16428203e-02, ...,
          9.73719409e-01,  9.85285505e-01,  9.92428684e-01],
        [ 1.05159871e-01,  7.16428203e-02,  0.00000000e+00, ...,
          9.87534015e-01,  9.94998613e-01,  9.98677824e-01],
        ...,
        [-9.65505697e-01, -9.73719409e-01, -9.87534015e-01, ...,
          0.00000000e+00,  5.79749693e-02,  1.06432197e-01],
        [-9.78977386e-01, -9.85285505e-01, -9.94998613e-01, ...,
         -5.79749693e-02,  0.00000000e+00,  4.86075125e-02],
        [-9.87734609e-01, -9.92428684e-01, -9.98677824e-01, ...,
         -1.06432197e-01, -4.86075125e-02,  0.00000000e+00]],

       ...,

       [[ 0.00000000e+00,  3.15636943e-02, -9.23799415e-02, ...,
         -4.09181131e-02,  1.57293036e-02,  4.24396763e-02],
        [-3.15636943e-02,  0.00000000e+00, -1.23762635e-01, ...,
         -7.24349851e-02, -1.58383231e-02,  1.08832741e-02],
        [ 9.23799415e-02,  1.23762635e-01,  0.00000000e+00, ...,
          5.15594333e-02,  1.08030555e-01,  1.34554907e-01],
        ...,
        [ 4.09181131e-02,  7.24349851e-02, -5.15594333e-02, ...,
          0.00000000e+00,  5.66291813e-02,  8.32853804e-02],
        [-1.57293036e-02,  1.58383231e-02, -1.08030555e-01, ...,
         -5.66291813e-02,  0.00000000e+00,  2.67192940e-02],
        [-4.24396763e-02, -1.08832741e-02, -1.34554907e-01, ...,
         -8.32853804e-02, -2.67192940e-02,  0.00000000e+00]],

       [[ 0.00000000e+00, -2.17095479e-01, -2.54818202e-01, ...,
          9.95306980e-01,  9.94874690e-01,  9.94609232e-01],
        [ 2.17095479e-01,  0.00000000e+00, -3.88119474e-02, ...,
          9.50561418e-01,  9.49195575e-01,  9.48376645e-01],
        [ 2.54818202e-01,  3.88119474e-02,  0.00000000e+00, ...,
          9.37792670e-01,  9.36266780e-01,  9.35353011e-01],
        ...,
        [-9.95306980e-01, -9.50561418e-01, -9.37792670e-01, ...,
          0.00000000e+00,  4.36911767e-03,  6.96130842e-03],
        [-9.94874690e-01, -9.49195575e-01, -9.36266780e-01, ...,
         -4.36911767e-03,  0.00000000e+00,  2.59223017e-03],
        [-9.94609232e-01, -9.48376645e-01, -9.35353011e-01, ...,
         -6.96130842e-03, -2.59223017e-03,  0.00000000e+00]],

       [[ 0.00000000e+00,  8.35999918e-02,  4.81182084e-02, ...,
          9.79804954e-01,  9.61796700e-01,  9.56223313e-01],
        [-8.35999918e-02,  0.00000000e+00, -3.55533881e-02, ...,
          9.93091331e-01,  9.81316554e-01,  9.77340482e-01],
        [-4.81182084e-02,  3.55533881e-02,  0.00000000e+00, ...,
          9.88291501e-01,  9.73855667e-01,  9.69196884e-01],
        ...,
        [-9.79804954e-01, -9.93091331e-01, -9.88291501e-01, ...,
          0.00000000e+00,  7.59193424e-02,  9.55258914e-02],
        [-9.61796700e-01, -9.81316554e-01, -9.73855667e-01, ...,
         -7.59193424e-02,  0.00000000e+00,  1.96780409e-02],
        [-9.56223313e-01, -9.77340482e-01, -9.69196884e-01, ...,
         -9.55258914e-02, -1.96780409e-02,  0.00000000e+00]]]), 'num': array([ 8.85518911e-01,  4.64399334e-01,  1.77687585e-04,  7.60143641e-04,
        7.85802498e-04,  7.44106855e-04,  1.35937417e-02, -2.40551785e-05,
        7.76501162e-04,  7.81151830e-04,  7.11739276e-04,  1.36980878e-05,
        8.38704903e-04,  7.23598758e-04])}
{'img': array([[[ 0.        , -0.17648069, -0.31263194, ...,  0.96507447,
          0.9690808 ,  0.8895926 ],
        [ 0.17648069,  0.        , -0.14009042, ...,  0.99616041,
          0.99741569,  0.95623806],
        [ 0.31263194,  0.14009042,  0.        , ...,  0.99860145,
          0.99764492,  0.98779735],
        ...,
        [-0.96507447, -0.99616041, -0.99860145, ...,  0.        ,
          0.01574964, -0.20775082],
        [-0.9690808 , -0.99741569, -0.99764492, ..., -0.01574964,
          0.        , -0.22313107],
        [-0.8895926 , -0.95623806, -0.98779735, ...,  0.20775082,
          0.22313107,  0.        ]],

       [[ 0.        ,  0.20587047,  0.21970839, ...,  0.05435874,
          0.04277551,  0.28554579],
        [-0.20587047,  0.        ,  0.01416192, ..., -0.15237175,
         -0.16382281,  0.08213011],
        [-0.21970839, -0.01416192,  0.        , ..., -0.16635303,
         -0.17777698,  0.0680078 ],
        ...,
        [-0.05435874,  0.15237175,  0.16635303, ...,  0.        ,
         -0.01159672,  0.23302808],
        [-0.04277551,  0.16382281,  0.17777698, ...,  0.01159672,
          0.        ,  0.24428987],
        [-0.28554579, -0.08213011, -0.0680078 , ..., -0.23302808,
         -0.24428987,  0.        ]],

       [[ 0.        , -0.07164282, -0.1329838 , ...,  0.98528551,
          0.99242868,  0.99045816],
        [ 0.07164282,  0.        , -0.06163558, ...,  0.99499861,
          0.99867782,  0.9977864 ],
        [ 0.1329838 ,  0.06163558,  0.        , ...,  0.99926354,
          0.99994751,  0.99998812],
        ...,
        [-0.98528551, -0.99499861, -0.99926354, ...,  0.        ,
          0.04860751,  0.03349977],
        [-0.99242868, -0.99867782, -0.99994751, ..., -0.04860751,
          0.        , -0.01512006],
        [-0.99045816, -0.9977864 , -0.99998812, ..., -0.03349977,
          0.01512006,  0.        ]],

       ...,

       [[ 0.        , -0.12376264, -0.15377277, ..., -0.01583832,
          0.01088327,  0.10249387],
        [ 0.12376264,  0.        , -0.03029991, ...,  0.10803056,
          0.13455491,  0.22481674],
        [ 0.15377277,  0.03029991,  0.        , ...,  0.13810354,
          0.16451749,  0.25423778],
        ...,
        [ 0.01583832, -0.10803056, -0.13810354, ...,  0.        ,
          0.02671929,  0.11823593],
        [-0.01088327, -0.13455491, -0.16451749, ..., -0.02671929,
          0.        ,  0.09166184],
        [-0.10249387, -0.22481674, -0.25423778, ..., -0.11823593,
         -0.09166184,  0.        ]],

       [[ 0.        , -0.03881195, -0.06154588, ...,  0.94919557,
          0.94837664,  0.95087804],
        [ 0.03881195,  0.        , -0.02276113, ...,  0.93626678,
          0.93535301,  0.93814674],
        [ 0.06154588,  0.02276113,  0.        , ...,  0.92802847,
          0.92705972,  0.93002293],
        ...,
        [-0.94919557, -0.93626678, -0.92802847, ...,  0.        ,
          0.00259223, -0.00539031],
        [-0.94837664, -0.93535301, -0.92705972, ..., -0.00259223,
          0.        , -0.00798248],
        [-0.95087804, -0.93814674, -0.93002293, ...,  0.00539031,
          0.00798248,  0.        ]],

       [[ 0.        , -0.03555339, -0.09471719, ...,  0.98131655,
          0.97734048,  0.99667679],
        [ 0.03555339,  0.        , -0.05926376, ...,  0.97385567,
          0.96919688,  0.99315057],
        [ 0.09471719,  0.05926376,  0.        , ...,  0.95868117,
          0.95289748,  0.98448049],
        ...,
        [-0.98131655, -0.97385567, -0.95868117, ...,  0.        ,
          0.01967804, -0.11182484],
        [-0.97734048, -0.96919688, -0.95289748, ..., -0.01967804,
          0.        , -0.13135781],
        [-0.99667679, -0.99315057, -0.98448049, ...,  0.11182484,
          0.13135781,  0.        ]]]), 'num': array([ 5.84552422e-01,  1.10663951e-01,  2.02950095e-04,  5.00410213e-04,
        6.38639158e-04,  5.00410213e-04,  8.03772171e-01, -7.50079548e-06,
        5.14983187e-04,  5.18787162e-04,  4.76746989e-04,  7.59009067e-06,
        5.53198685e-04,  4.84375639e-04])}
{'img': array([[[ 0.        , -0.14009042, -0.14009042, ...,  0.99741569,
          0.95623806,  0.92249446],
        [ 0.14009042,  0.        ,  0.        , ...,  0.99764492,
          0.98779735,  0.96747383],
        [ 0.14009042,  0.        ,  0.        , ...,  0.99764492,
          0.98779735,  0.96747383],
        ...,
        [-0.99741569, -0.99764492, -0.99764492, ...,  0.        ,
         -0.22313107, -0.31873457],
        [-0.95623806, -0.98779735, -0.98779735, ...,  0.22313107,
          0.        , -0.09920533],
        [-0.92249446, -0.96747383, -0.96747383, ...,  0.31873457,
          0.09920533,  0.        ]],

       [[ 0.        ,  0.00617388, -0.02642428, ..., -0.07208262,
          0.03573852,  0.15740137],
        [-0.00617388,  0.        , -0.0325955 , ..., -0.07823906,
          0.0295679 ,  0.16349529],
        [ 0.02642428,  0.0325955 ,  0.        , ..., -0.04570191,
          0.06213344,  0.13125151],
        ...,
        [ 0.07208262,  0.07823906,  0.04570191, ...,  0.        ,
          0.10768212,  0.08580782],
        [-0.03573852, -0.0295679 , -0.06213344, ..., -0.10768212,
          0.        ,  0.19259384],
        [-0.15740137, -0.16349529, -0.13125151, ..., -0.08580782,
         -0.19259384,  0.        ]],

       [[ 0.        , -0.06163558, -0.15631721, ...,  0.99867782,
          0.9977864 ,  0.99118019],
        [ 0.06163558,  0.        , -0.09514212, ...,  0.99994751,
          0.99998812,  0.99746369],
        [ 0.15631721,  0.09514212,  0.        , ...,  0.99443667,
          0.99591568,  0.99971084],
        ...,
        [-0.99867782, -0.99994751, -0.99443667, ...,  0.        ,
         -0.01512006, -0.081393  ],
        [-0.9977864 , -0.99998812, -0.99591568, ...,  0.01512006,
          0.        , -0.0663138 ],
        [-0.99118019, -0.99746369, -0.99971084, ...,  0.081393  ,
          0.0663138 ,  0.        ]],

       ...,

       [[ 0.        , -0.03029991,  0.        , ...,  0.13455491,
          0.22481674, -0.11843249],
        [ 0.03029991,  0.        ,  0.03029991, ...,  0.16451749,
          0.25423778, -0.08829145],
        [ 0.        , -0.03029991,  0.        , ...,  0.13455491,
          0.22481674, -0.11843249],
        ...,
        [-0.13455491, -0.16451749, -0.13455491, ...,  0.        ,
          0.09166184, -0.25096341],
        [-0.22481674, -0.25423778, -0.22481674, ..., -0.09166184,
          0.        , -0.33863525],
        [ 0.11843249,  0.08829145,  0.11843249, ...,  0.25096341,
          0.33863525,  0.        ]],

       [[ 0.        , -0.02276113,  0.02351122, ...,  0.93535301,
          0.93814674,  0.97206974],
        [ 0.02276113,  0.        ,  0.04625997, ...,  0.92705972,
          0.93002293,  0.96647604],
        [-0.02351122, -0.04625997,  0.        , ...,  0.94341074,
          0.94602788,  0.97731893],
        ...,
        [-0.93535301, -0.92705972, -0.94341074, ...,  0.        ,
         -0.00798248, -0.1243162 ],
        [-0.93814674, -0.93002293, -0.94602788, ...,  0.00798248,
          0.        , -0.11639169],
        [-0.97206974, -0.96647604, -0.97731893, ...,  0.1243162 ,
          0.11639169,  0.        ]],

       [[ 0.        , -0.05926376, -0.12102201, ...,  0.96919688,
          0.99315057,  0.98232037],
        [ 0.05926376,  0.        , -0.06198114, ...,  0.95289748,
          0.98448049,  0.96949918],
        [ 0.12102201,  0.06198114,  0.        , ...,  0.93226694,
          0.97171033,  0.95244391],
        ...,
        [-0.96919688, -0.95289748, -0.93226694, ...,  0.        ,
         -0.13135781, -0.06049195],
        [-0.99315057, -0.98448049, -0.97171033, ...,  0.13135781,
          0.        ,  0.07114946],
        [-0.98232037, -0.96949918, -0.95244391, ...,  0.06049195,
         -0.07114946,  0.        ]]]), 'num': array([ 8.38974062e-01,  5.33878867e-01,  1.36813989e-04,  6.98158342e-04,
        7.45119666e-04,  6.84069945e-04,  1.05316716e-01, -3.28729264e-05,
        7.40110458e-04,  7.52242133e-04,  6.97845267e-04,  1.04358497e-05,
        8.02757763e-04,  7.01726503e-04])}
