state_0,state_1,state_2,state_3,state_4,state_5,state_6,state_7,state_8,state_9,state_10,state_11,state_12,state_13,state_14,state_15,state_16,state_17,state_18,state_19,state_20,state_21,state_22,state_23,state_24,state_25,state_26,state_27,state_28,state_29,state_30,state_31,state_32,state_33,state_34,state_35,state_36,state_37,state_38,state_39,state_40,state_41,state_42,state_43,state_44,state_45,state_46,state_47,state_48,state_49,state_50,state_51,state_52,state_53,state_54,state_55,state_56,state_57,state_58,state_59,state_60,state_61,state_62,state_63,state_64,state_65,state_66,state_67,state_68,state_69,state_70,state_71,state_72,state_73,state_74,state_75,state_76,state_77,state_78,state_79,state_80,state_81,state_82,state_83,state_84,state_85,state_86,state_87,state_88,state_89,state_90,state_91,state_92,state_93,state_94,state_95,state_96,state_97,state_98,state_99,state_100,state_101,state_102,state_103,state_104,state_105,state_106,state_107,state_108,state_109,state_110,state_111,state_112,state_113,state_114,state_115,state_116,state_117,state_118,state_119,state_120,state_121,state_122,state_123,state_124,state_125,state_126,state_127,state_128,state_129,state_130,state_131,state_132,state_133,state_134,state_135,state_136,state_137,state_138,state_139,state_140,state_141,state_142,state_143,state_144,state_145,state_146,state_147,state_148,state_149,state_150,state_151,state_152,state_153,state_154,state_155,state_156,state_157,state_158,state_159,state_160,state_161,state_162,state_163,state_164,state_165,state_166,state_167,state_168,state_169,state_170,state_171,state_172,state_173,state_174,state_175,state_176,state_177,state_178,state_179,state_180,state_181,state_182,state_183,state_184,state_185,state_186,state_187,state_188,state_189,state_190,state_191,state_192,state_193,state_194,state_195,state_196,state_197,state_198,state_199,state_200,state_201,state_202,state_203,state_204,state_205,state_206,state_207,state_208,state_209,state_210,state_211,state_212,state_213,state_214,state_215,state_216,state_217,state_218,state_219,state_220,state_221,state_222,state_223,state_224,state_225,state_226,state_227,state_228,state_229,state_230,state_231,state_232,state_233,state_234,state_235,state_236,state_237,state_238,state_239,state_240,state_241,state_242,state_243,state_244,state_245,state_246,state_247,state_248,state_249,state_250,state_251,state_252,state_253,state_254,state_255,state_256,state_257,state_258,state_259,state_260,state_261,state_262,state_263,state_264,state_265,state_266,state_267,state_268,state_269,state_270,state_271,state_272,state_273,state_274,state_275,state_276,state_277,state_278,state_279,state_280,state_281,state_282,state_283,state_284,state_285,state_286,state_287
{'img': array([[[ 0.        , -0.04254105, -0.10954746, ..., -0.9720445 ,
         -0.67916012, -0.83621955],
        [ 0.04254105,  0.        , -0.06716327, ..., -0.98115303,
         -0.70977   , -0.85879183],
        [ 0.10954746,  0.06716327,  0.        , ..., -0.9919157 ,
         -0.75547939, -0.89126208],
        ...,
        [ 0.9720445 ,  0.98115303,  0.9919157 , ...,  0.        ,
         -0.55400654, -0.33672256],
        [ 0.67916012,  0.70977   ,  0.75547939, ...,  0.55400654,
          0.        ,  0.24132904],
        [ 0.83621955,  0.85879183,  0.89126208, ...,  0.33672256,
         -0.24132904,  0.        ]],

       [[ 0.        , -0.07047256, -0.05002013, ...,  0.66463754,
          0.94174692,  0.91144249],
        [ 0.07047256,  0.        ,  0.02048858, ...,  0.71563977,
          0.96310697,  0.93817073],
        [ 0.05002013, -0.02048858,  0.        , ...,  0.70117889,
          0.95739094,  0.93088121],
        ...,
        [-0.66463754, -0.71563977, -0.70117889, ...,  0.        ,
          0.48010874,  0.40754861],
        [-0.94174692, -0.96310697, -0.95739094, ..., -0.48010874,
          0.        , -0.08092209],
        [-0.91144249, -0.93817073, -0.93088121, ..., -0.40754861,
          0.08092209,  0.        ]],

       [[ 0.        ,  0.03591941,  0.09193671, ..., -0.9985183 ,
         -0.97668725, -0.77496839],
        [-0.03591941,  0.        ,  0.05611009, ..., -0.99982857,
         -0.96834626, -0.75176722],
        [-0.09193671, -0.05611009,  0.        , ..., -0.99929234,
         -0.95281504, -0.71358228],
        ...,
        [ 0.9985183 ,  0.99982857,  0.99929234, ...,  0.        ,
         -0.26749754, -0.67323502],
        [ 0.97668725,  0.96834626,  0.95281504, ...,  0.26749754,
          0.        , -0.45090603],
        [ 0.77496839,  0.75176722,  0.71358228, ...,  0.67323502,
          0.45090603,  0.        ]],

       ...,

       [[ 0.        , -0.25035426, -0.3324541 , ..., -0.56890028,
         -0.71368804, -0.69515148],
        [ 0.25035426,  0.        , -0.0857529 , ..., -0.34489028,
         -0.51559608, -0.49304341],
        [ 0.3324541 ,  0.0857529 ,  0.        , ..., -0.26312849,
         -0.44022103, -0.41662182],
        ...,
        [ 0.56890028,  0.34489028,  0.26312849, ...,  0.        ,
         -0.18844771, -0.16273558],
        [ 0.71368804,  0.51559608,  0.44022103, ...,  0.18844771,
          0.        ,  0.02611576],
        [ 0.69515148,  0.49304341,  0.41662182, ...,  0.16273558,
         -0.02611576,  0.        ]],

       [[ 0.        , -0.07678947, -0.12942741, ..., -0.99955663,
         -0.96381337, -0.83780559],
        [ 0.07678947,  0.        , -0.05290167, ..., -0.99889167,
         -0.98143792, -0.87725647],
        [ 0.12942741,  0.05290167,  0.        , ..., -0.99500294,
         -0.99020913, -0.90142203],
        ...,
        [ 0.99955663,  0.99889167,  0.99500294, ...,  0.        ,
         -0.23776232, -0.52078106],
        [ 0.96381337,  0.98143792,  0.99020913, ...,  0.23776232,
          0.        , -0.30287143],
        [ 0.83780559,  0.87725647,  0.90142203, ...,  0.52078106,
          0.30287143,  0.        ]],

       [[ 0.        ,  0.06897873,  0.11388885, ..., -0.87883033,
         -0.75507627, -0.34661525],
        [-0.06897873,  0.        ,  0.04508767, ..., -0.84382494,
         -0.70805278, -0.2810871 ],
        [-0.11388885, -0.04508767,  0.        , ..., -0.81877192,
         -0.67549363, -0.23753141],
        ...,
        [ 0.87883033,  0.84382494,  0.81877192, ...,  0.        ,
         -0.21592076, -0.65896728],
        [ 0.75507627,  0.70805278,  0.67549363, ...,  0.21592076,
          0.        , -0.48101336],
        [ 0.34661525,  0.2810871 ,  0.23753141, ...,  0.65896728,
          0.48101336,  0.        ]]]), 'num': array([8.96688832e-01, 4.40947065e-01, 6.40086751e-06, 9.67604600e-04,
       9.75758572e-04, 9.43142686e-04, 3.88168583e-02, 1.22309570e-05,
       9.70050792e-04, 1.02597345e-03, 1.08914407e-03, 5.29777800e-07,
       1.10600650e-03, 9.45940394e-04])}
{'img': array([[[ 0.        , -0.06716327, -0.21316386, ..., -0.70977   ,
         -0.85879183, -0.95811875],
        [ 0.06716327,  0.        , -0.14706292, ..., -0.75547939,
         -0.89126208, -0.97518894],
        [ 0.21316386,  0.14706292,  0.        , ..., -0.84361673,
         -0.94826287, -0.99714178],
        ...,
        [ 0.70977   ,  0.75547939,  0.84361673, ...,  0.        ,
          0.24132904,  0.47167327],
        [ 0.85879183,  0.89126208,  0.94826287, ..., -0.24132904,
          0.        ,  0.24493466],
        [ 0.95811875,  0.97518894,  0.99714178, ..., -0.47167327,
         -0.24493466,  0.        ]],

       [[ 0.        ,  0.02048858,  0.43852282, ...,  0.96310697,
          0.93817073,  0.37957875],
        [-0.02048858,  0.        ,  0.42001726, ...,  0.95739094,
          0.93088121,  0.36054387],
        [-0.43852282, -0.42001726,  0.        , ...,  0.74754879,
          0.69134814, -0.06456848],
        ...,
        [-0.96310697, -0.95739094, -0.74754879, ...,  0.        ,
         -0.08092209, -0.78887569],
        [-0.93817073, -0.93088121, -0.69134814, ...,  0.08092209,
          0.        , -0.73655762],
        [-0.37957875, -0.36054387,  0.06456848, ...,  0.78887569,
          0.73655762,  0.        ]],

       [[ 0.        ,  0.0553994 ,  0.03661703, ..., -0.98395237,
         -0.90597542, -0.74535599],
        [-0.0553994 ,  0.        , -0.01880145, ..., -0.97255631,
         -0.88113184, -0.7072784 ],
        [-0.03661703,  0.01880145,  0.        , ..., -0.97675888,
         -0.88986675, -0.72044478],
        ...,
        [ 0.98395237,  0.97255631,  0.97675888, ...,  0.        ,
         -0.25488249, -0.52297342],
        [ 0.90597542,  0.88113184,  0.88986675, ...,  0.25488249,
          0.        , -0.28845183],
        [ 0.74535599,  0.7072784 ,  0.72044478, ...,  0.52297342,
          0.28845183,  0.        ]],

       ...,

       [[ 0.        , -0.0857529 , -0.23922992, ..., -0.51559608,
         -0.49304341, -0.30400872],
        [ 0.0857529 ,  0.        , -0.15508581, ..., -0.44022103,
         -0.41662182, -0.22119473],
        [ 0.23922992,  0.15508581,  0.        , ..., -0.29564489,
         -0.27059572, -0.06727422],
        ...,
        [ 0.51559608,  0.44022103,  0.29564489, ...,  0.        ,
          0.02611576,  0.2307082 ],
        [ 0.49304341,  0.41662182,  0.27059572, ..., -0.02611576,
          0.        ,  0.20521827],
        [ 0.30400872,  0.22119473,  0.06727422, ..., -0.2307082 ,
         -0.20521827,  0.        ]],

       [[ 0.        , -0.05068205, -0.05838383, ..., -0.99883945,
         -0.99930827, -0.85906326],
        [ 0.05068205,  0.        , -0.00771319, ..., -0.99511475,
         -0.99990878, -0.88390182],
        [ 0.05838383,  0.00771319,  0.        , ..., -0.99432366,
         -0.99977486, -0.88748278],
        ...,
        [ 0.99883945,  0.99511475,  0.99432366, ...,  0.        ,
         -0.08527559, -0.55265107],
        [ 0.99930827,  0.99990878,  0.99977486, ...,  0.08527559,
          0.        , -0.47956822],
        [ 0.85906326,  0.88390182,  0.88748278, ...,  0.55265107,
          0.47956822,  0.        ]],

       [[ 0.        ,  0.04448262,  0.02374226, ..., -0.76902906,
         -0.56998705, -0.2774509 ],
        [-0.04448262,  0.        , -0.02075132, ..., -0.73983394,
         -0.53287354, -0.23444004],
        [-0.02374226,  0.02075132,  0.        , ..., -0.7536359 ,
         -0.55031846, -0.25456256],
        ...,
        [ 0.76902906,  0.73983394,  0.7536359 , ...,  0.        ,
         -0.26753195, -0.56148639],
        [ 0.56998705,  0.53287354,  0.55031846, ...,  0.26753195,
          0.        , -0.3196407 ],
        [ 0.2774509 ,  0.23444004,  0.25456256, ...,  0.56148639,
          0.3196407 ,  0.        ]]]), 'num': array([ 7.06626616e-01,  7.06626616e-01,  0.00000000e+00,  6.21725296e-04,
        6.28800406e-04,  6.17303352e-04,  3.68004244e-02, -7.95949881e-06,
        6.25262851e-04,  6.63380006e-04,  7.06272861e-04,  3.39015690e-07,
        7.15760614e-04,  6.10999399e-04])}
{'img': array([[[ 0.        , -0.14706292,  0.30105326, ..., -0.89126208,
         -0.97518894, -0.89126208],
        [ 0.14706292,  0.        ,  0.43802023, ..., -0.94826287,
         -0.99714178, -0.94826287],
        [-0.30105326, -0.43802023,  0.        , ..., -0.71338983,
         -0.8633019 , -0.71338983],
        ...,
        [ 0.89126208,  0.94826287,  0.71338983, ...,  0.        ,
          0.24493466,  0.        ],
        [ 0.97518894,  0.99714178,  0.8633019 , ..., -0.24493466,
          0.        , -0.24493466],
        [ 0.89126208,  0.94826287,  0.71338983, ...,  0.        ,
          0.24493466,  0.        ]],

       [[ 0.        ,  0.42001726,  0.78992126, ...,  0.93088121,
          0.36054387,  0.71647144],
        [-0.42001726,  0.        ,  0.45930821, ...,  0.69134814,
         -0.06456848,  0.35719844],
        [-0.78992126, -0.45930821,  0.        , ...,  0.28224843,
         -0.51570446, -0.11171582],
        ...,
        [-0.93088121, -0.69134814, -0.28224843, ...,  0.        ,
         -0.73655762, -0.38765522],
        [-0.36054387,  0.06456848,  0.51570446, ...,  0.73655762,
          0.        ,  0.41676187],
        [-0.71647144, -0.35719844,  0.11171582, ...,  0.38765522,
         -0.41676187,  0.        ]],

       [[ 0.        , -0.01839454,  0.09434672, ..., -0.94991865,
         -0.91501293, -0.69638086],
        [ 0.01839454,  0.        ,  0.11264325, ..., -0.95550617,
         -0.92227893, -0.7094643 ],
        [-0.09434672, -0.11264325,  0.        , ..., -0.91619834,
         -0.87286964, -0.62556455],
        ...,
        [ 0.94991865,  0.95550617,  0.91619834, ...,  0.        ,
         -0.09728139, -0.46411326],
        [ 0.91501293,  0.92227893,  0.87286964, ...,  0.09728139,
          0.        , -0.37574243],
        [ 0.69638086,  0.7094643 ,  0.62556455, ...,  0.46411326,
          0.37574243,  0.        ]],

       ...,

       [[ 0.        , -0.15508581,  0.41994783, ..., -0.41662182,
         -0.22119473, -0.24157482],
        [ 0.15508581,  0.        ,  0.55561474, ..., -0.27059572,
         -0.06727422, -0.0881595 ],
        [-0.41994783, -0.55561474,  0.        , ..., -0.75987053,
         -0.61029047, -0.62675071],
        ...,
        [ 0.41662182,  0.27059572,  0.75987053, ...,  0.        ,
          0.20521827,  0.18467158],
        [ 0.22119473,  0.06727422,  0.61029047, ..., -0.20521827,
          0.        , -0.0209475 ],
        [ 0.24157482,  0.0881595 ,  0.62675071, ..., -0.18467158,
          0.0209475 ,  0.        ]],

       [[ 0.        , -0.00749929,  0.05503848, ..., -0.99153596,
         -0.99445853, -0.87211197],
        [ 0.00749929,  0.        ,  0.06252486, ..., -0.99053443,
         -0.99521896, -0.8757569 ],
        [-0.05503848, -0.06252486,  0.        , ..., -0.9971788 ,
         -0.98716499, -0.84385938],
        ...,
        [ 0.99153596,  0.99053443,  0.9971788 , ...,  0.        ,
         -0.23335265, -0.59839319],
        [ 0.99445853,  0.99521896,  0.98716499, ...,  0.23335265,
          0.        , -0.39491011],
        [ 0.87211197,  0.8757569 ,  0.84385938, ...,  0.59839319,
          0.39491011,  0.        ]],

       [[ 0.        , -0.02035075, -0.08201472, ..., -0.67371626,
         -0.58333795, -0.2300419 ],
        [ 0.02035075,  0.        , -0.06171555, ..., -0.68861573,
         -0.59974662, -0.24979922],
        [ 0.08201472,  0.06171555,  0.        , ..., -0.73205466,
         -0.64798753, -0.30908207],
        ...,
        [ 0.67371626,  0.68861573,  0.73205466, ...,  0.        ,
         -0.11613127, -0.48564898],
        [ 0.58333795,  0.59974662,  0.64798753, ...,  0.11613127,
          0.        , -0.38084642],
        [ 0.2300419 ,  0.24979922,  0.30908207, ...,  0.48564898,
          0.38084642,  0.        ]]]), 'num': array([ 7.06431790e-01,  7.06431790e-01,  0.00000000e+00,  6.10059994e-04,
        6.20669733e-04,  5.96797820e-04,  4.36457255e-02, -1.14938839e-05,
        6.20316075e-04,  6.58864794e-04,  7.03455169e-04,  2.03188584e-07,
        7.13703450e-04,  6.04026137e-04])}
{'img': array([[[ 0.        ,  0.42667757,  0.51514808, ..., -0.99810473,
         -0.99562888, -0.82937963],
        [-0.42667757,  0.        ,  0.10019603, ..., -0.92894669,
         -0.86059983, -0.51171555],
        [-0.51514808, -0.10019603,  0.        , ..., -0.88717804,
         -0.80524103, -0.42305654],
        ...,
        [ 0.99810473,  0.92894669,  0.88717804, ...,  0.        ,
         -0.15448995, -0.60866512],
        [ 0.99562888,  0.86059983,  0.80524103, ...,  0.15448995,
          0.        , -0.47878117],
        [ 0.82937963,  0.51171555,  0.42305654, ...,  0.60866512,
          0.47878117,  0.        ]],

       [[ 0.        ,  0.45930821, -0.49867997, ..., -0.06456848,
          0.35719844,  0.56057185],
        [-0.45930821,  0.        , -0.84108794, ..., -0.51570446,
         -0.11171582,  0.11758728],
        [ 0.49867997,  0.84108794,  0.        , ...,  0.44167229,
          0.77539599,  0.89885571],
        ...,
        [ 0.06456848,  0.51570446, -0.44167229, ...,  0.        ,
          0.41676187,  0.61287163],
        [-0.35719844,  0.11171582, -0.77539599, ..., -0.41676187,
          0.        ,  0.227792  ],
        [-0.56057185, -0.11758728, -0.89885571, ..., -0.61287163,
         -0.227792  ,  0.        ]],

       [[ 0.        ,  0.11081636,  0.17016904, ..., -0.96025412,
         -0.8978201 , -0.70107351],
        [-0.11081636,  0.        ,  0.05992086, ..., -0.92340795,
         -0.84349097, -0.6177336 ],
        [-0.17016904, -0.05992086,  0.        , ..., -0.89874988,
         -0.80978924, -0.5695026 ],
        ...,
        [ 0.96025412,  0.92340795,  0.89874988, ...,  0.        ,
         -0.17225377, -0.48905793],
        [ 0.8978201 ,  0.84349097,  0.80978924, ...,  0.17225377,
          0.        , -0.33149921],
        [ 0.70107351,  0.6177336 ,  0.5695026 , ...,  0.48905793,
          0.33149921,  0.        ]],

       ...,

       [[ 0.        ,  0.55561474,  0.62269537, ..., -0.06727422,
         -0.0881595 , -0.61808092],
        [-0.55561474,  0.        ,  0.08298502, ..., -0.61029047,
         -0.62675071, -0.95067391],
        [-0.62269537, -0.08298502,  0.        , ..., -0.67392434,
         -0.68925249, -0.97313614],
        ...,
        [ 0.06727422,  0.61029047,  0.67392434, ...,  0.        ,
         -0.0209475 , -0.56379543],
        [ 0.0881595 ,  0.62675071,  0.68925249, ...,  0.0209475 ,
          0.        , -0.54637088],
        [ 0.61808092,  0.95067391,  0.97313614, ...,  0.56379543,
          0.54637088,  0.        ]],

       [[ 0.        ,  0.06175583,  0.15310791, ..., -0.99965315,
         -0.97103479, -0.87038739],
        [-0.06175583,  0.        ,  0.09178797, ..., -0.99611869,
         -0.95442554, -0.8383195 ],
        [-0.15310791, -0.09178797,  0.        , ..., -0.98383445,
         -0.92300247, -0.78473971],
        ...,
        [ 0.99965315,  0.99611869,  0.98383445, ...,  0.        ,
         -0.21328203, -0.46927419],
        [ 0.97103479,  0.95442554,  0.92300247, ...,  0.21328203,
          0.        , -0.27013728],
        [ 0.87038739,  0.8383195 ,  0.78473971, ...,  0.46927419,
          0.27013728,  0.        ]],

       [[ 0.        , -0.0600289 , -0.00623155, ..., -0.75146211,
         -0.65187641, -0.24319906],
        [ 0.0600289 ,  0.        ,  0.05380742, ..., -0.7897126 ,
         -0.69622227, -0.3009871 ],
        [ 0.00623155, -0.05380742,  0.        , ..., -0.75555895,
         -0.65658929, -0.2492388 ],
        ...,
        [ 0.75146211,  0.7897126 ,  0.75555895, ...,  0.        ,
         -0.1397601 , -0.56844355],
        [ 0.65187641,  0.69622227,  0.65658929, ...,  0.1397601 ,
          0.        , -0.44788075],
        [ 0.24319906,  0.3009871 ,  0.2492388 , ...,  0.56844355,
          0.44788075,  0.        ]]]), 'num': array([9.80310080e-01, 1.88849671e-01, 1.09317736e-05, 8.54708865e-04,
       8.64153162e-04, 8.16931678e-04, 5.76359937e-02, 4.01382616e-05,
       8.33931412e-04, 8.77670312e-04, 9.36677492e-04, 4.41148077e-07,
       9.51267972e-04, 8.04072652e-04])}
{'img': array([[[ 0.        ,  0.10019603, -0.03563258, ..., -0.86059983,
         -0.51171555, -0.97769461],
        [-0.10019603,  0.        , -0.13558567, ..., -0.80524103,
         -0.42305654, -0.95173025],
        [ 0.03563258,  0.13558567,  0.        , ..., -0.87820033,
         -0.5420045 , -0.9845577 ],
        ...,
        [ 0.86059983,  0.80524103,  0.87820033, ...,  0.        ,
         -0.47878117,  0.31716895],
        [ 0.51171555,  0.42305654,  0.5420045 , ...,  0.47878117,
          0.        ,  0.73251474],
        [ 0.97769461,  0.95173025,  0.9845577 , ..., -0.31716895,
         -0.73251474,  0.        ]],

       [[ 0.        , -0.84108794, -0.99151131, ..., -0.11171582,
          0.11758728,  0.10175021],
        [ 0.84108794,  0.        , -0.42694822, ...,  0.77539599,
          0.89885571,  0.8917592 ],
        [ 0.99151131,  0.42694822,  0.        , ...,  0.9707793 ,
          0.9999215 ,  0.99959496],
        ...,
        [ 0.11171582, -0.77539599, -0.9707793 , ...,  0.        ,
          0.227792  ,  0.21224928],
        [-0.11758728, -0.89885571, -0.9999215 , ..., -0.227792  ,
          0.        , -0.01593268],
        [-0.10175021, -0.8917592 , -0.99959496, ..., -0.21224928,
          0.01593268,  0.        ]],

       [[ 0.        ,  0.05992086,  0.10933829, ..., -0.84349097,
         -0.6177336 , -0.83286004],
        [-0.05992086,  0.        ,  0.04958021, ..., -0.80978924,
         -0.5695026 , -0.79819829],
        [-0.10933829, -0.04958021,  0.        , ..., -0.77970357,
         -0.52804778, -0.76734976],
        ...,
        [ 0.84349097,  0.80978924,  0.77970357, ...,  0.        ,
         -0.33149921, -0.01949323],
        [ 0.6177336 ,  0.5695026 ,  0.52804778, ...,  0.33149921,
          0.        ,  0.31304523],
        [ 0.83286004,  0.79819829,  0.76734976, ...,  0.01949323,
         -0.31304523,  0.        ]],

       ...,

       [[ 0.        ,  0.08298502, -0.04579876, ..., -0.62675071,
         -0.95067391, -0.65087911],
        [-0.08298502,  0.        , -0.12853874, ..., -0.68925249,
         -0.97313614, -0.71163478],
        [ 0.04579876,  0.12853874,  0.        , ..., -0.59040574,
         -0.93546995, -0.61542657],
        ...,
        [ 0.62675071,  0.68925249,  0.59040574, ...,  0.        ,
         -0.54637088, -0.03136044],
        [ 0.95067391,  0.97313614,  0.93546995, ...,  0.54637088,
          0.        ,  0.51983642],
        [ 0.65087911,  0.71163478,  0.61542657, ...,  0.03136044,
         -0.51983642,  0.        ]],

       [[ 0.        ,  0.09106474,  0.14106825, ..., -0.97360628,
         -0.93612428, -0.83459573],
        [-0.09106474,  0.        ,  0.05032803, ..., -0.94877685,
         -0.90020998, -0.78096378],
        [-0.14106825, -0.05032803,  0.        , ..., -0.93167351,
         -0.87715354, -0.7485404 ],
        ...,
        [ 0.97360628,  0.94877685,  0.93167351, ...,  0.        ,
         -0.12873201, -0.34584041],
        [ 0.93612428,  0.90020998,  0.87715354, ...,  0.12873201,
          0.        , -0.22217442],
        [ 0.83459573,  0.78096378,  0.7485404 , ...,  0.34584041,
          0.22217442,  0.        ]],

       [[ 0.        ,  0.05342163,  0.29891817, ..., -0.73397578,
         -0.51499522, -0.29891817],
        [-0.05342163,  0.        ,  0.2475122 , ..., -0.69664503,
         -0.46846718, -0.2475122 ],
        [-0.29891817, -0.2475122 ,  0.        , ..., -0.49739955,
         -0.23521842, -0.        ],
        ...,
        [ 0.73397578,  0.69664503,  0.49739955, ...,  0.        ,
         -0.27938673, -0.49739955],
        [ 0.51499522,  0.46846718,  0.23521842, ...,  0.27938673,
          0.        , -0.23521842],
        [ 0.29891817,  0.2475122 ,  0.        , ...,  0.49739955,
          0.23521842,  0.        ]]]), 'num': array([ 9.95715503e-01,  8.02205191e-02,  1.30226875e-05,  8.66125766e-04,
        8.83374358e-04,  8.61197596e-04,  4.59218772e-02, -2.58728892e-05,
        8.70314710e-04,  9.12142547e-04,  9.73744664e-04,  3.82357968e-07,
        9.90863304e-04,  8.33421790e-04])}
{'img': array([[[ 0.        , -0.13558567,  0.        , ..., -0.42305654,
         -0.95173025, -0.80524103],
        [ 0.13558567,  0.        ,  0.13558567, ..., -0.5420045 ,
         -0.9845577 , -0.87820033],
        [ 0.        , -0.13558567,  0.        , ..., -0.42305654,
         -0.95173025, -0.80524103],
        ...,
        [ 0.42305654,  0.5420045 ,  0.42305654, ...,  0.        ,
          0.73251474,  0.47878117],
        [ 0.95173025,  0.9845577 ,  0.95173025, ..., -0.73251474,
          0.        , -0.31716895],
        [ 0.80524103,  0.87820033,  0.80524103, ..., -0.47878117,
          0.31716895,  0.        ]],

       [[ 0.        , -0.42694822,  0.0273993 , ...,  0.89885571,
          0.8917592 ,  0.68430808],
        [ 0.42694822,  0.        ,  0.45156447, ...,  0.9999215 ,
          0.99959496,  0.93013108],
        [-0.0273993 , -0.45156447,  0.        , ...,  0.88651065,
          0.87902594,  0.66407179],
        ...,
        [-0.89885571, -0.9999215 , -0.88651065, ...,  0.        ,
         -0.01593268, -0.35554491],
        [-0.8917592 , -0.99959496, -0.87902594, ...,  0.01593268,
          0.        , -0.34060815],
        [-0.68430808, -0.93013108, -0.66407179, ...,  0.35554491,
          0.34060815,  0.        ]],

       [[ 0.        ,  0.04958021,  0.15782801, ..., -0.5695026 ,
         -0.79819829, -0.79819829],
        [-0.04958021,  0.        ,  0.1086751 , ..., -0.52804778,
         -0.76734976, -0.76734976],
        [-0.15782801, -0.1086751 ,  0.        , ..., -0.43263184,
         -0.69311939, -0.69311939],
        ...,
        [ 0.5695026 ,  0.52804778,  0.43263184, ...,  0.        ,
          0.31304523,  0.31304523],
        [ 0.79819829,  0.76734976,  0.69311939, ..., -0.31304523,
          0.        ,  0.        ],
        [ 0.79819829,  0.76734976,  0.69311939, ..., -0.31304523,
          0.        ,  0.        ]],

       ...,

       [[ 0.        , -0.12853874,  0.10102444, ..., -0.97313614,
         -0.71163478, -0.84600665],
        [ 0.12853874,  0.        ,  0.22806752, ..., -0.93546995,
         -0.61542657, -0.77045529],
        [-0.10102444, -0.22806752,  0.        , ..., -0.99141642,
         -0.7789687 , -0.89554187],
        ...,
        [ 0.97313614,  0.93546995,  0.99141642, ...,  0.        ,
          0.51983642,  0.32407279],
        [ 0.71163478,  0.61542657,  0.7789687 , ..., -0.51983642,
          0.        , -0.21493765],
        [ 0.84600665,  0.77045529,  0.89554187, ..., -0.32407279,
          0.21493765,  0.        ]],

       [[ 0.        ,  0.04991983,  0.10657553, ..., -0.93615748,
         -0.90062296, -0.77693543],
        [-0.04991983,  0.        ,  0.05680714, ..., -0.91743944,
         -0.87780486, -0.74453823],
        [-0.10657553, -0.05680714,  0.        , ..., -0.89335576,
         -0.84917569, -0.70541263],
        ...,
        [ 0.93615748,  0.91743944,  0.89335576, ...,  0.        ,
         -0.09021336, -0.31623058],
        [ 0.90062296,  0.87780486,  0.84917569, ...,  0.09021336,
          0.        , -0.22935731],
        [ 0.77693543,  0.74453823,  0.70541263, ...,  0.31623058,
          0.22935731,  0.        ]],

       [[ 0.        ,  0.24375571,  0.09264942, ..., -0.6208555 ,
         -0.56287341, -0.24375571],
        [-0.24375571,  0.        , -0.15285247, ..., -0.41104223,
         -0.34442067, -0.        ],
        [-0.09264942,  0.15285247,  0.        , ..., -0.54555488,
         -0.48387364, -0.15285247],
        ...,
        [ 0.6208555 ,  0.41104223,  0.54555488, ...,  0.        ,
         -0.07191329, -0.41104223],
        [ 0.56287341,  0.34442067,  0.48387364, ...,  0.07191329,
          0.        , -0.34442067],
        [ 0.24375571,  0.        ,  0.15285247, ...,  0.41104223,
          0.34442067,  0.        ]]]), 'num': array([ 9.96339561e-01,  8.09056907e-02,  1.31339156e-05,  8.66068041e-04,
        8.82221391e-04,  8.64825476e-04,  2.74813330e-02, -7.45539203e-06,
        8.74020459e-04,  9.15646398e-04,  9.78002469e-04,  3.40005441e-07,
        9.96929169e-04,  8.34363628e-04])}
{'img': array([[[ 0.        ,  0.13558567,  0.5420045 , ..., -0.9845577 ,
         -0.87820033, -0.80602438],
        [-0.13558567,  0.        ,  0.42305654, ..., -0.95173025,
         -0.80524103, -0.71833049],
        [-0.5420045 , -0.42305654,  0.        , ..., -0.73251474,
         -0.47878117, -0.35656033],
        ...,
        [ 0.9845577 ,  0.95173025,  0.73251474, ...,  0.        ,
         -0.31716895, -0.44163937],
        [ 0.87820033,  0.80524103,  0.47878117, ...,  0.31716895,
          0.        , -0.13427546],
        [ 0.80602438,  0.71833049,  0.35656033, ...,  0.44163937,
          0.13427546,  0.        ]],

       [[ 0.        ,  0.45156447,  0.64826681, ...,  0.99959496,
          0.93013108,  0.58391281],
        [-0.45156447,  0.        ,  0.23458144, ...,  0.87902594,
          0.66407179,  0.15440206],
        [-0.64826681, -0.23458144,  0.        , ...,  0.7426557 ,
          0.47015262, -0.08167466],
        ...,
        [-0.99959496, -0.87902594, -0.7426557 , ...,  0.        ,
         -0.34060815, -0.79486987],
        [-0.93013108, -0.66407179, -0.47015262, ...,  0.34060815,
          0.        , -0.5406667 ],
        [-0.58391281, -0.15440206,  0.08167466, ...,  0.79486987,
          0.5406667 ,  0.        ]],

       [[ 0.        ,  0.1086751 ,  0.52804778, ..., -0.76734976,
         -0.76734976, -0.68219594],
        [-0.1086751 ,  0.        ,  0.43263184, ..., -0.69311939,
         -0.69311939, -0.5986956 ],
        [-0.52804778, -0.43263184,  0.        , ..., -0.31304523,
         -0.31304523, -0.19323841],
        ...,
        [ 0.76734976,  0.69311939,  0.31304523, ...,  0.        ,
          0.        , -0.123619  ],
        [ 0.76734976,  0.69311939,  0.31304523, ...,  0.        ,
          0.        , -0.123619  ],
        [ 0.68219594,  0.5986956 ,  0.19323841, ...,  0.123619  ,
          0.123619  ,  0.        ]],

       ...,

       [[ 0.        ,  0.22806752,  0.14651991, ..., -0.61542657,
         -0.77045529, -0.85141318],
        [-0.22806752,  0.        , -0.08294773, ..., -0.7789687 ,
         -0.89554187, -0.94859486],
        [-0.14651991,  0.08294773,  0.        , ..., -0.72427085,
         -0.85554589, -0.91907353],
        ...,
        [ 0.61542657,  0.7789687 ,  0.72427085, ...,  0.        ,
         -0.21493765, -0.34829045],
        [ 0.77045529,  0.89554187,  0.85554589, ...,  0.21493765,
          0.        , -0.13867044],
        [ 0.85141318,  0.94859486,  0.91907353, ...,  0.34829045,
          0.13867044,  0.        ]],

       [[ 0.        ,  0.05625691,  0.14375819, ..., -0.92363432,
         -0.8861087 , -0.73963196],
        [-0.05625691,  0.        ,  0.08785797, ..., -0.90060972,
         -0.85863159, -0.70059907],
        [-0.14375819, -0.08785797,  0.        , ..., -0.85894148,
         -0.81027587, -0.63519836],
        ...,
        [ 0.92363432,  0.90060972,  0.85894148, ...,  0.        ,
         -0.08846048, -0.33813423],
        [ 0.8861087 ,  0.85863159,  0.81027587, ...,  0.08846048,
          0.        , -0.25355866],
        [ 0.73963196,  0.70059907,  0.63519836, ...,  0.33813423,
          0.25355866,  0.        ]],

       [[ 0.        , -0.1504279 , -0.25347815, ..., -0.47967816,
         -0.35015343, -0.        ],
        [ 0.1504279 ,  0.        , -0.10507872, ..., -0.60621203,
         -0.4870737 , -0.1504279 ],
        [ 0.25347815,  0.10507872,  0.        , ..., -0.68642541,
         -0.57614886, -0.25347815],
        ...,
        [ 0.47967816,  0.60621203,  0.68642541, ...,  0.        ,
         -0.14207066, -0.47967816],
        [ 0.35015343,  0.4870737 ,  0.57614886, ...,  0.14207066,
          0.        , -0.35015343],
        [ 0.        ,  0.1504279 ,  0.25347815, ...,  0.47967816,
          0.35015343,  0.        ]]]), 'num': array([9.30212950e-01, 3.65734012e-01, 8.01816673e-06, 8.12199911e-04,
       8.27197920e-04, 8.11046218e-04, 3.06080882e-02, 8.07585138e-06,
       8.11738433e-04, 8.47445233e-04, 9.04553040e-04, 3.32038489e-07,
       9.24265859e-04, 7.70624608e-04])}
{'img': array([[[ 0.00000000e+00,  4.23056538e-01, -2.45293339e-01, ...,
         -8.05241030e-01, -7.18330491e-01, -8.16518240e-01],
        [-4.23056538e-01,  0.00000000e+00, -6.32392798e-01, ...,
         -4.78781175e-01, -3.56560330e-01, -4.95611013e-01],
        [ 2.45293339e-01,  6.32392798e-01,  0.00000000e+00, ...,
         -9.26086136e-01, -8.67035780e-01, -9.33185374e-01],
        ...,
        [ 8.05241030e-01,  4.78781175e-01,  9.26086136e-01, ...,
          0.00000000e+00, -1.34275456e-01,  1.92710895e-02],
        [ 7.18330491e-01,  3.56560330e-01,  8.67035780e-01, ...,
          1.34275456e-01,  0.00000000e+00,  1.53347092e-01],
        [ 8.16518240e-01,  4.95611013e-01,  9.33185374e-01, ...,
         -1.92710895e-02, -1.53347092e-01,  0.00000000e+00]],

       [[ 0.00000000e+00,  3.95401451e-01,  8.26655271e-01, ...,
          8.26841112e-01,  2.90657596e-01,  5.22050837e-01],
        [-3.95401451e-01,  0.00000000e+00,  5.36793986e-01, ...,
          5.37072669e-01, -1.11359391e-01,  1.42264502e-01],
        [-8.26655271e-01, -5.36793986e-01,  0.00000000e+00, ...,
          3.30340744e-04, -6.27410639e-01, -4.11303622e-01],
        ...,
        [-8.26841112e-01, -5.37072669e-01, -3.30340744e-04, ...,
          0.00000000e+00, -6.27667838e-01, -4.11604704e-01],
        [-2.90657596e-01,  1.11359391e-01,  6.27410639e-01, ...,
          6.27667838e-01,  0.00000000e+00,  2.51606364e-01],
        [-5.22050837e-01, -1.42264502e-01,  4.11303622e-01, ...,
          4.11604704e-01, -2.51606364e-01,  0.00000000e+00]],

       [[ 0.00000000e+00,  4.32631839e-01,  2.50259440e-01, ...,
         -6.93119390e-01, -5.98695603e-01, -6.07116380e-01],
        [-4.32631839e-01,  0.00000000e+00, -1.93238406e-01, ...,
         -3.13045226e-01, -1.93238406e-01, -2.03583477e-01],
        [-2.50259440e-01,  1.93238406e-01,  0.00000000e+00, ...,
         -4.90670797e-01, -3.79192433e-01, -3.88937831e-01],
        ...,
        [ 6.93119390e-01,  3.13045226e-01,  4.90670797e-01, ...,
          0.00000000e+00, -1.23618997e-01, -1.13138296e-01],
        [ 5.98695603e-01,  1.93238406e-01,  3.79192433e-01, ...,
          1.23618997e-01,  0.00000000e+00,  1.05547733e-02],
        [ 6.07116380e-01,  2.03583477e-01,  3.88937831e-01, ...,
          1.13138296e-01, -1.05547733e-02,  0.00000000e+00]],

       ...,

       [[ 0.00000000e+00, -8.29477342e-02, -1.29721048e-01, ...,
         -8.95541872e-01, -9.48594861e-01, -9.29630851e-01],
        [ 8.29477342e-02,  0.00000000e+00, -4.70271466e-02, ...,
         -8.55545890e-01, -9.19073534e-01, -8.95861658e-01],
        [ 1.29721048e-01,  4.70271466e-02,  0.00000000e+00, ...,
         -8.30252101e-01, -8.99523938e-01, -8.73974770e-01],
        ...,
        [ 8.95541872e-01,  8.55545890e-01,  8.30252101e-01, ...,
          0.00000000e+00, -1.38670443e-01, -8.36644120e-02],
        [ 9.48594861e-01,  9.19073534e-01,  8.99523938e-01, ...,
          1.38670443e-01,  0.00000000e+00,  5.53281670e-02],
        [ 9.29630851e-01,  8.95861658e-01,  8.73974770e-01, ...,
          8.36644120e-02, -5.53281670e-02,  0.00000000e+00]],

       [[ 0.00000000e+00,  8.73604361e-02,  2.38501503e-02, ...,
         -8.89605771e-01, -8.25647108e-01, -6.97703929e-01],
        [-8.73604361e-02,  0.00000000e+00, -6.35766203e-02, ...,
         -8.46304539e-01, -7.73202855e-01, -6.32452632e-01],
        [-2.38501503e-02,  6.35766203e-02,  0.00000000e+00, ...,
         -8.78459658e-01, -8.11956306e-01, -6.80419544e-01],
        ...,
        [ 8.89605771e-01,  8.46304539e-01,  8.78459658e-01, ...,
          0.00000000e+00, -1.24806766e-01, -3.18639558e-01],
        [ 8.25647108e-01,  7.73202855e-01,  8.11956306e-01, ...,
          1.24806766e-01,  0.00000000e+00, -1.97846804e-01],
        [ 6.97703929e-01,  6.32452632e-01,  6.80419544e-01, ...,
          3.18639558e-01,  1.97846804e-01,  0.00000000e+00]],

       [[ 0.00000000e+00, -2.03521942e-01, -1.39448042e-01, ...,
         -4.48816878e-01, -2.93726883e-01, -0.00000000e+00],
        [ 2.03521942e-01,  0.00000000e+00,  6.50039609e-02, ...,
         -6.21295355e-01, -4.82123757e-01, -2.03521942e-01],
        [ 1.39448042e-01, -6.50039609e-02,  0.00000000e+00, ...,
         -5.69045745e-01, -4.24153895e-01, -1.39448042e-01],
        ...,
        [ 4.48816878e-01,  6.21295355e-01,  5.69045745e-01, ...,
          0.00000000e+00, -1.66537971e-01, -4.48816878e-01],
        [ 2.93726883e-01,  4.82123757e-01,  4.24153895e-01, ...,
          1.66537971e-01,  0.00000000e+00, -2.93726883e-01],
        [ 0.00000000e+00,  2.03521942e-01,  1.39448042e-01, ...,
          4.48816878e-01,  2.93726883e-01,  0.00000000e+00]]]), 'num': array([ 8.35718935e-01,  5.48344339e-01,  4.18303633e-06,  7.18436490e-04,
        7.30985598e-04,  7.18436490e-04,  2.97960710e-02, -1.77779044e-05,
        7.35168635e-04,  7.65129633e-04,  8.16336969e-04,  3.11615080e-07,
        8.37811845e-04,  6.92447420e-04])}
{'img': array([[[ 0.        , -0.62853936, -0.97903258, ..., -0.42025206,
         -0.5385515 , -0.        ],
        [ 0.62853936,  0.        , -0.63343399, ..., -0.89720399,
         -0.948476  , -0.62853936],
        [ 0.97903258,  0.63343399,  0.        , ..., -0.97398832,
         -0.93463054, -0.97903258],
        ...,
        [ 0.42025206,  0.89720399,  0.97398832, ...,  0.        ,
          0.13458435, -0.42025206],
        [ 0.5385515 ,  0.948476  ,  0.93463054, ..., -0.13458435,
          0.        , -0.5385515 ],
        [ 0.        ,  0.62853936,  0.97903258, ...,  0.42025206,
          0.5385515 ,  0.        ]],

       [[ 0.        ,  0.53679399,  0.99623613, ..., -0.11135939,
          0.1422645 ,  0.2305528 ],
        [-0.53679399,  0.        ,  0.88706749, ..., -0.62741064,
         -0.41130362, -0.32781218],
        [-0.99623613, -0.88706749,  0.        , ..., -0.98038701,
         -0.9984347 , -0.98938186],
        ...,
        [ 0.11135939,  0.62741064,  0.98038701, ...,  0.        ,
          0.25160636,  0.33747816],
        [-0.1422645 ,  0.41130362,  0.9984347 , ..., -0.25160636,
          0.        ,  0.0897759 ],
        [-0.2305528 ,  0.32781218,  0.98938186, ..., -0.33747816,
         -0.0897759 ,  0.        ]],

       [[ 0.        , -0.19323841, -0.5695026 , ..., -0.19323841,
         -0.20358348, -0.17060031],
        [ 0.19323841,  0.        , -0.39992858, ..., -0.37919243,
         -0.38893783, -0.3577904 ],
        [ 0.5695026 ,  0.39992858,  0.        , ..., -0.71760847,
         -0.72491933, -0.70138554],
        ...,
        [ 0.19323841,  0.37919243,  0.71760847, ...,  0.        ,
          0.01055477, -0.02302079],
        [ 0.20358348,  0.38893783,  0.72491933, ..., -0.01055477,
          0.        , -0.03357148],
        [ 0.17060031,  0.3577904 ,  0.70138554, ...,  0.02302079,
          0.03357148,  0.        ]],

       ...,

       [[ 0.        , -0.04702715, -0.66107192, ..., -0.91907353,
         -0.89586166, -0.87814651],
        [ 0.04702715,  0.        , -0.62505499, ..., -0.89952394,
         -0.87397477, -0.85467754],
        [ 0.66107192,  0.62505499,  0.        , ..., -0.42908234,
         -0.37844907, -0.34264173],
        ...,
        [ 0.91907353,  0.89952394,  0.42908234, ...,  0.        ,
          0.05532817,  0.09361192],
        [ 0.89586166,  0.87397477,  0.37844907, ..., -0.05532817,
          0.        ,  0.03838332],
        [ 0.87814651,  0.85467754,  0.34264173, ..., -0.09361192,
         -0.03838332,  0.        ]],

       [[ 0.        , -0.06357662,  0.02222632, ..., -0.77320285,
         -0.63245263, -0.64975836],
        [ 0.06357662,  0.        ,  0.08574227, ..., -0.81195631,
         -0.68041954, -0.69677106],
        [-0.02222632, -0.08574227,  0.        , ..., -0.75891683,
         -0.61507991, -0.63270272],
        ...,
        [ 0.77320285,  0.81195631,  0.75891683, ...,  0.        ,
         -0.1978468 , -0.17569309],
        [ 0.63245263,  0.68041954,  0.61507991, ...,  0.1978468 ,
          0.        ,  0.02254914],
        [ 0.64975836,  0.69677106,  0.63270272, ...,  0.17569309,
         -0.02254914,  0.        ]],

       [[ 0.        ,  0.14669246, -0.24757844, ..., -0.58755223,
         -0.50145461, -0.14669246],
        [-0.14669246,  0.        , -0.38702578, ..., -0.46249466,
         -0.36911399, -0.        ],
        [ 0.24757844,  0.38702578,  0.        , ..., -0.76959754,
         -0.70004415, -0.38702578],
        ...,
        [ 0.58755223,  0.46249466,  0.76959754, ...,  0.        ,
         -0.10257059, -0.46249466],
        [ 0.50145461,  0.36911399,  0.70004415, ...,  0.10257059,
          0.        , -0.36911399],
        [ 0.14669246,  0.        ,  0.38702578, ...,  0.46249466,
          0.36911399,  0.        ]]]), 'num': array([7.14455321e-01, 6.99265678e-01, 2.14542987e-07, 6.32901811e-04,
       6.33795740e-04, 6.06083937e-04, 2.40371281e-02, 1.87725113e-05,
