state_0,state_1,state_2,state_3,state_4,state_5,state_6,state_7,state_8,state_9,state_10,state_11,state_12,state_13,state_14,state_15,state_16,state_17,state_18,state_19,state_20,state_21,state_22,state_23,state_24,state_25,state_26,state_27,state_28,state_29,state_30,state_31,state_32,state_33,state_34,state_35,state_36,state_37,state_38,state_39,state_40,state_41,state_42,state_43,state_44,state_45,state_46,state_47,state_48,state_49,state_50,state_51,state_52,state_53,state_54,state_55,state_56,state_57,state_58,state_59,state_60,state_61,state_62,state_63,state_64,state_65,state_66,state_67,state_68,state_69,state_70,state_71,state_72,state_73,state_74,state_75,state_76,state_77,state_78,state_79,state_80,state_81,state_82,state_83,state_84,state_85,state_86,state_87,state_88,state_89,state_90,state_91,state_92,state_93,state_94,state_95,state_96,state_97,state_98,state_99,state_100,state_101,state_102,state_103,state_104,state_105,state_106,state_107,state_108,state_109,state_110,state_111,state_112,state_113,state_114,state_115,state_116,state_117,state_118,state_119,state_120,state_121,state_122,state_123,state_124,state_125,state_126,state_127,state_128,state_129,state_130,state_131,state_132,state_133,state_134,state_135,state_136,state_137,state_138,state_139,state_140,state_141,state_142,state_143,state_144,state_145,state_146,state_147,state_148,state_149,state_150,state_151,state_152,state_153,state_154,state_155,state_156,state_157,state_158,state_159,state_160,state_161,state_162,state_163,state_164,state_165,state_166,state_167,state_168,state_169,state_170,state_171,state_172,state_173,state_174,state_175,state_176,state_177,state_178,state_179,state_180,state_181,state_182,state_183,state_184,state_185,state_186,state_187,state_188,state_189,state_190,state_191,state_192,state_193,state_194,state_195,state_196,state_197,state_198,state_199,state_200,state_201,state_202,state_203,state_204,state_205,state_206,state_207,state_208,state_209,state_210,state_211,state_212,state_213,state_214,state_215,state_216,state_217,state_218,state_219,state_220,state_221,state_222,state_223,state_224,state_225,state_226,state_227,state_228,state_229,state_230,state_231,state_232,state_233,state_234,state_235,state_236,state_237,state_238,state_239,state_240,state_241,state_242,state_243,state_244,state_245,state_246,state_247,state_248,state_249,state_250,state_251,state_252,state_253,state_254,state_255,state_256,state_257,state_258,state_259,state_260,state_261,state_262,state_263,state_264,state_265,state_266,state_267,state_268,state_269,state_270,state_271,state_272,state_273,state_274,state_275,state_276,state_277,state_278,state_279,state_280,state_281,state_282,state_283,state_284,state_285,state_286,state_287
{'img': array([[[ 0.        ,  0.14161965,  0.19950969, ..., -0.91525106,
         -0.89622148, -0.93836723],
        [-0.14161965,  0.        ,  0.05872635, ..., -0.96308266,
         -0.95001204, -0.97785897],
        [-0.19950969, -0.05872635,  0.        , ..., -0.97722997,
         -0.96670758, -0.98846067],
        ...,
        [ 0.91525106,  0.96308266,  0.97722997, ...,  0.        ,
          0.04493838, -0.06170585],
        [ 0.89622148,  0.95001204,  0.96670758, ..., -0.04493838,
          0.        , -0.10649626],
        [ 0.93836723,  0.97785897,  0.98846067, ...,  0.06170585,
          0.10649626,  0.        ]],

       [[ 0.        ,  0.31056214,  0.00361039, ...,  0.99794984,
          0.24688129, -0.0491216 ],
        [-0.31056214,  0.        , -0.30712825, ...,  0.92872805,
         -0.06627515, -0.35687992],
        [-0.00361039,  0.30712825,  0.        , ...,  0.99771227,
          0.24338104, -0.05272731],
        ...,
        [-0.99794984, -0.92872805, -0.99771227, ...,  0.        ,
         -0.95125842, -0.99988895],
        [-0.24688129,  0.06627515, -0.24338104, ...,  0.95125842,
          0.        , -0.29418433],
        [ 0.0491216 ,  0.35687992,  0.05272731, ...,  0.99988895,
          0.29418433,  0.        ]],

       [[ 0.        ,  0.06431817,  0.14910815, ..., -0.97497716,
         -0.96986287, -0.9734803 ],
        [-0.06431817,  0.        ,  0.08520026, ..., -0.98725667,
         -0.98352592, -0.98617878],
        [-0.14910815, -0.08520026,  0.        , ..., -0.99722528,
         -0.99535108, -0.99670926],
        ...,
        [ 0.97497716,  0.98725667,  0.99722528, ...,  0.        ,
          0.02194918,  0.00663679],
        [ 0.96986287,  0.98352592,  0.99535108, ..., -0.02194918,
          0.        , -0.01531351],
        [ 0.9734803 ,  0.98617878,  0.99670926, ..., -0.00663679,
          0.01531351,  0.        ]],

       ...,

       [[ 0.        ,  0.20329224,  0.47885938, ...,  0.82020146,
          0.76250108,  0.5151494 ],
        [-0.20329224,  0.        ,  0.29039134, ...,  0.68677574,
          0.61505119,  0.33015024],
        [-0.47885938, -0.29039134,  0.        , ...,  0.44610461,
          0.35957753,  0.04181477],
        ...,
        [-0.82020146, -0.68677574, -0.44610461, ...,  0.        ,
         -0.094452  , -0.40829102],
        [-0.76250108, -0.61505119, -0.35957753, ...,  0.094452  ,
          0.        , -0.32024504],
        [-0.5151494 , -0.33015024, -0.04181477, ...,  0.40829102,
          0.32024504,  0.        ]],

       [[ 0.        , -0.12886161, -0.19624096, ..., -0.7184357 ,
         -0.66359751, -0.4186577 ],
        [ 0.12886161,  0.        , -0.06824884, ..., -0.80208109,
         -0.75446488, -0.53219209],
        [ 0.19624096,  0.06824884,  0.        , ..., -0.84097014,
         -0.79750019, -0.58873227],
        ...,
        [ 0.7184357 ,  0.80208109,  0.84097014, ...,  0.        ,
         -0.07586038, -0.36122764],
        [ 0.66359751,  0.75446488,  0.79750019, ...,  0.07586038,
          0.        , -0.28944863],
        [ 0.4186577 ,  0.53219209,  0.58873227, ...,  0.36122764,
          0.28944863,  0.        ]],

       [[ 0.        ,  0.02735941,  0.04578109, ..., -0.98600036,
         -0.98835204, -0.99135038],
        [-0.02735941,  0.        ,  0.01843323, ..., -0.98106926,
         -0.98381838, -0.98738858],
        [-0.04578109, -0.01843323,  0.        , ..., -0.97733284,
         -0.98034856, -0.98430255],
        ...,
        [ 0.98600036,  0.98106926,  0.97733284, ...,  0.        ,
          0.01474665,  0.03589645],
        [ 0.98835204,  0.98381838,  0.98034856, ..., -0.01474665,
          0.        ,  0.02115541],
        [ 0.99135038,  0.98738858,  0.98430255, ..., -0.03589645,
         -0.02115541,  0.        ]]]), 'num': array([7.31249291e-01, 6.82103325e-01, 1.76784051e-05, 1.79364840e-04,
       1.79364840e-04, 1.75816255e-04, 3.04475042e-03, 3.87118360e-06,
       1.75816255e-04, 1.71670863e-04, 2.06011487e-04, 3.72097895e-06,
       1.86184611e-04, 1.57157115e-04])}
{'img': array([[[ 0.00000000e+00,  5.87263480e-02,  2.01276282e-01, ...,
         -9.50012045e-01, -9.77858968e-01, -9.54549034e-01],
        [-5.87263480e-02,  0.00000000e+00,  1.43404418e-01, ...,
         -9.66707581e-01, -9.88460669e-01, -9.70405214e-01],
        [-2.01276282e-01, -1.43404418e-01,  0.00000000e+00, ...,
         -9.93410706e-01, -9.99966687e-01, -9.95004907e-01],
        ...,
        [ 9.50012045e-01,  9.66707581e-01,  9.93410706e-01, ...,
          0.00000000e+00, -1.06496262e-01, -1.48680401e-02],
        [ 9.77858968e-01,  9.88460669e-01,  9.99966687e-01, ...,
          1.06496262e-01,  0.00000000e+00,  9.17010038e-02],
        [ 9.54549034e-01,  9.70405214e-01,  9.95004907e-01, ...,
          1.48680401e-02, -9.17010038e-02,  0.00000000e+00]],

       [[ 0.00000000e+00, -3.07128247e-01, -2.57247596e-01, ...,
         -6.62751484e-02, -3.56879916e-01, -5.07967630e-01],
        [ 3.07128247e-01,  0.00000000e+00,  5.19776672e-02, ...,
          2.43381044e-01, -5.27273093e-02, -2.18863658e-01],
        [ 2.57247596e-01, -5.19776672e-02,  0.00000000e+00, ...,
          1.92637315e-01, -1.04561399e-01, -2.69285300e-01],
        ...,
        [ 6.62751484e-02, -2.43381044e-01, -1.92637315e-01, ...,
          0.00000000e+00, -2.94184327e-01, -4.49762972e-01],
        [ 3.56879916e-01,  5.27273093e-02,  1.04561399e-01, ...,
          2.94184327e-01,  0.00000000e+00, -1.67110248e-01],
        [ 5.07967630e-01,  2.18863658e-01,  2.69285300e-01, ...,
          4.49762972e-01,  1.67110248e-01,  0.00000000e+00]],

       [[ 0.00000000e+00,  8.52002632e-02,  1.93529268e-01, ...,
         -9.83525924e-01, -9.86178776e-01, -9.80687233e-01],
        [-8.52002632e-02,  0.00000000e+00,  1.09236056e-01, ...,
         -9.95351080e-01, -9.96709259e-01, -9.93784992e-01],
        [-1.93529268e-01, -1.09236056e-01,  0.00000000e+00, ...,
         -9.99915608e-01, -9.99599415e-01, -9.99997809e-01],
        ...,
        [ 9.83525924e-01,  9.95351080e-01,  9.99915608e-01, ...,
          0.00000000e+00, -1.53135075e-02,  1.50845315e-02],
        [ 9.86178776e-01,  9.96709259e-01,  9.99599415e-01, ...,
          1.53135075e-02,  0.00000000e+00,  3.03945279e-02],
        [ 9.80687233e-01,  9.93784992e-01,  9.99997809e-01, ...,
         -1.50845315e-02, -3.03945279e-02,  0.00000000e+00]],

       ...,

       [[ 0.00000000e+00,  2.90391338e-01,  5.12870673e-01, ...,
          6.15051185e-01,  3.30150245e-01,  4.26863126e-01],
        [-2.90391338e-01,  0.00000000e+00,  2.41478980e-01, ...,
          3.59577535e-01,  4.18147716e-02,  1.45863124e-01],
        [-5.12870673e-01, -2.41478980e-01,  0.00000000e+00, ...,
          1.23608506e-01, -2.00690471e-01, -9.73498513e-02],
        ...,
        [-6.15051185e-01, -3.59577535e-01, -1.23608506e-01, ...,
          0.00000000e+00, -3.20245042e-01, -2.19624674e-01],
        [-3.30150245e-01, -4.18147716e-02,  2.00690471e-01, ...,
          3.20245042e-01,  0.00000000e+00,  1.04367996e-01],
        [-4.26863126e-01, -1.45863124e-01,  9.73498513e-02, ...,
          2.19624674e-01, -1.04367996e-01,  0.00000000e+00]],

       [[ 0.00000000e+00, -6.81045964e-02, -6.55517836e-02, ...,
         -7.69990160e-01, -6.32292302e-01, -5.31247615e-01],
        [ 6.81045964e-02,  0.00000000e+00,  2.55853034e-03, ...,
         -8.11656917e-01, -6.83586905e-01, -5.87713502e-01],
        [ 6.55517836e-02, -2.55853034e-03,  0.00000000e+00, ...,
         -8.10159734e-01, -6.81717276e-01, -5.85641550e-01],
        ...,
        [ 7.69990160e-01,  8.11656917e-01,  8.10159734e-01, ...,
          0.00000000e+00, -1.93096668e-01, -3.13382847e-01],
        [ 6.32292302e-01,  6.83586905e-01,  6.81717276e-01, ...,
          1.93096668e-01,  0.00000000e+00, -1.24115115e-01],
        [ 5.31247615e-01,  5.87713502e-01,  5.85641550e-01, ...,
          3.13382847e-01,  1.24115115e-01,  0.00000000e+00]],

       [[ 0.00000000e+00,  1.84332275e-02,  1.76715685e-02, ...,
         -9.83818375e-01, -9.87388581e-01, -9.88029471e-01],
        [-1.84332275e-02,  0.00000000e+00, -7.61783167e-04, ...,
         -9.80348562e-01, -9.84302553e-01, -9.85017993e-01],
        [-1.76715685e-02,  7.61783167e-04,  0.00000000e+00, ...,
         -9.80498556e-01, -9.84436714e-01, -9.85149078e-01],
        ...,
        [ 9.83818375e-01,  9.80348562e-01,  9.80498556e-01, ...,
          0.00000000e+00,  2.11554060e-02,  2.52549308e-02],
        [ 9.87388581e-01,  9.84302553e-01,  9.84436714e-01, ...,
         -2.11554060e-02,  0.00000000e+00,  4.10062039e-03],
        [ 9.88029471e-01,  9.85017993e-01,  9.85149078e-01, ...,
         -2.52549308e-02, -4.10062039e-03,  0.00000000e+00]]]), 'num': array([9.04349958e-01, 4.26785270e-01, 1.71785859e-04, 1.48774046e-04,
       1.49309205e-04, 1.47168571e-04, 2.29786331e-03, 0.00000000e+00,
       1.48024824e-04, 1.42352145e-04, 1.70091191e-04, 3.03738574e-06,
       1.54299490e-04, 1.30404800e-04])}
{'img': array([[[ 0.00000000e+00,  1.43404418e-01,  1.55649025e-01, ...,
         -9.88460669e-01, -9.70405214e-01, -9.70405214e-01],
        [-1.43404418e-01,  0.00000000e+00,  1.23835979e-02, ...,
         -9.99966687e-01, -9.95004907e-01, -9.95004907e-01],
        [-1.55649025e-01, -1.23835979e-02,  0.00000000e+00, ...,
         -9.99991090e-01, -9.96164816e-01, -9.96164816e-01],
        ...,
        [ 9.88460669e-01,  9.99966687e-01,  9.99991090e-01, ...,
          0.00000000e+00,  9.17010038e-02,  9.17010038e-02],
        [ 9.70405214e-01,  9.95004907e-01,  9.96164816e-01, ...,
         -9.17010038e-02,  0.00000000e+00,  0.00000000e+00],
        [ 9.70405214e-01,  9.95004907e-01,  9.96164816e-01, ...,
         -9.17010038e-02,  0.00000000e+00,  0.00000000e+00]],

       [[ 0.00000000e+00,  5.19776672e-02, -1.15417063e-01, ...,
         -5.27273093e-02, -2.18863658e-01, -2.57402166e-01],
        [-5.19776672e-02,  0.00000000e+00, -1.66891354e-01, ...,
         -1.04561399e-01, -2.69285300e-01, -3.07280469e-01],
        [ 1.15417063e-01,  1.66891354e-01,  0.00000000e+00, ...,
          6.28815729e-02, -1.04782190e-01, -1.44153967e-01],
        ...,
        [ 5.27273093e-02,  1.04561399e-01, -6.28815729e-02, ...,
          0.00000000e+00, -1.67110248e-01, -2.06093477e-01],
        [ 2.18863658e-01,  2.69285300e-01,  1.04782190e-01, ...,
          1.67110248e-01,  0.00000000e+00, -3.96726590e-02],
        [ 2.57402166e-01,  3.07280469e-01,  1.44153967e-01, ...,
          2.06093477e-01,  3.96726590e-02,  0.00000000e+00]],

       [[ 0.00000000e+00,  1.09236056e-01,  2.21067627e-01, ...,
         -9.96709259e-01, -9.93784992e-01, -9.80865627e-01],
        [-1.09236056e-01,  0.00000000e+00,  1.13211333e-01, ...,
         -9.99599415e-01, -9.99997809e-01, -9.96262693e-01],
        [-2.21067627e-01, -1.13211333e-01,  0.00000000e+00, ...,
         -9.89968803e-01, -9.93805742e-01, -9.99636284e-01],
        ...,
        [ 9.96709259e-01,  9.99599415e-01,  9.89968803e-01, ...,
          0.00000000e+00,  3.03945279e-02,  1.14536757e-01],
        [ 9.93784992e-01,  9.99997809e-01,  9.93805742e-01, ...,
         -3.03945279e-02,  0.00000000e+00,  8.42893369e-02],
        [ 9.80865627e-01,  9.96262693e-01,  9.99636284e-01, ...,
         -1.14536757e-01, -8.42893369e-02,  0.00000000e+00]],

       ...,

       [[ 0.00000000e+00,  2.41478980e-01,  2.41478980e-01, ...,
          4.18147716e-02,  1.45863124e-01,  1.20466184e-01],
        [-2.41478980e-01,  0.00000000e+00,  0.00000000e+00, ...,
         -2.00690471e-01, -9.73498513e-02, -1.22819279e-01],
        [-2.41478980e-01,  0.00000000e+00,  0.00000000e+00, ...,
         -2.00690471e-01, -9.73498513e-02, -1.22819279e-01],
        ...,
        [-4.18147716e-02,  2.00690471e-01,  2.00690471e-01, ...,
          0.00000000e+00,  1.04367996e-01,  7.88505690e-02],
        [-1.45863124e-01,  9.73498513e-02,  9.73498513e-02, ...,
         -1.04367996e-01,  0.00000000e+00, -2.56230945e-02],
        [-1.20466184e-01,  1.22819279e-01,  1.22819279e-01, ...,
         -7.88505690e-02,  2.56230945e-02,  0.00000000e+00]],

       [[ 0.00000000e+00,  2.55530428e-03, -2.73368606e-02, ...,
         -7.06361643e-01, -6.61672344e-01, -5.87113457e-01],
        [-2.55530428e-03,  0.00000000e+00, -2.98911206e-02, ...,
         -7.04550562e-01, -6.59754234e-01, -5.85043009e-01],
        [ 2.73368606e-02,  2.98911206e-02,  0.00000000e+00, ...,
         -7.25448088e-01, -6.81922052e-01, -6.09023356e-01],
        ...,
        [ 7.06361643e-01,  7.04550562e-01,  7.25448088e-01, ...,
          0.00000000e+00, -6.12595748e-02, -1.56214113e-01],
        [ 6.61672344e-01,  6.59754234e-01,  6.81922052e-01, ...,
          6.12595748e-02,  0.00000000e+00, -9.54132180e-02],
        [ 5.87113457e-01,  5.85043009e-01,  6.09023356e-01, ...,
          1.56214113e-01,  9.54132180e-02,  0.00000000e+00]],

       [[ 0.00000000e+00, -7.61783167e-04,  1.07901727e-02, ...,
         -9.84302553e-01, -9.85017993e-01, -9.85422628e-01],
        [ 7.61783167e-04,  0.00000000e+00,  1.15519084e-02, ...,
         -9.84436714e-01, -9.85149078e-01, -9.85551940e-01],
        [-1.07901727e-02, -1.15519084e-02,  0.00000000e+00, ...,
         -9.82340900e-01, -9.83099867e-01, -9.83529591e-01],
        ...,
        [ 9.84302553e-01,  9.84436714e-01,  9.82340900e-01, ...,
          0.00000000e+00,  4.10062039e-03,  6.46289558e-03],
        [ 9.85017993e-01,  9.85149078e-01,  9.83099867e-01, ...,
         -4.10062039e-03,  0.00000000e+00,  2.36230649e-03],
        [ 9.85422628e-01,  9.85551940e-01,  9.83529591e-01, ...,
         -6.46289558e-03, -2.36230649e-03,  0.00000000e+00]]]), 'num': array([9.12016708e-01, 4.10147061e-01, 1.80528650e-04, 1.50035769e-04,
       1.50845314e-04, 1.46797587e-04, 2.16796289e-03, 0.00000000e+00,
       1.49496072e-04, 1.44355458e-04, 1.70715159e-04, 2.85721947e-06,
       1.55895986e-04, 1.32814930e-04])}
{'img': array([[[ 0.        ,  0.0123836 , -0.02407941, ..., -0.99500491,
         -0.99500491, -0.99500491],
        [-0.0123836 ,  0.        , -0.03645757, ..., -0.99616482,
         -0.99616482, -0.99616482],
        [ 0.02407941,  0.03645757,  0.        , ..., -0.99231265,
         -0.99231265, -0.99231265],
        ...,
        [ 0.99500491,  0.99616482,  0.99231265, ...,  0.        ,
          0.        ,  0.        ],
        [ 0.99500491,  0.99616482,  0.99231265, ...,  0.        ,
          0.        ,  0.        ],
        [ 0.99500491,  0.99616482,  0.99231265, ...,  0.        ,
          0.        ,  0.        ]],

       [[ 0.        , -0.16689135, -0.3338295 , ..., -0.2692853 ,
         -0.30728047, -0.33695292],
        [ 0.16689135,  0.        , -0.17183026, ..., -0.10478219,
         -0.14415397, -0.17509545],
        [ 0.3338295 ,  0.17183026,  0.        , ...,  0.06766065,
          0.02802564, -0.00331545],
        ...,
        [ 0.2692853 ,  0.10478219, -0.06766065, ...,  0.        ,
         -0.03967266, -0.07096813],
        [ 0.30728047,  0.14415397, -0.02802564, ...,  0.03967266,
          0.        , -0.03133963],
        [ 0.33695292,  0.17509545,  0.00331545, ...,  0.07096813,
          0.03133963,  0.        ]],

       [[ 0.        ,  0.11321133,  0.2009287 , ..., -0.99999781,
         -0.99626269, -0.9955477 ],
        [-0.11321133,  0.        ,  0.08873443, ..., -0.99380574,
         -0.99963628, -0.99981845],
        [-0.2009287 , -0.08873443,  0.        , ..., -0.98002433,
         -0.9933    , -0.99418373],
        ...,
        [ 0.99999781,  0.99380574,  0.98002433, ...,  0.        ,
          0.08428934,  0.09217487],
        [ 0.99626269,  0.99963628,  0.9933    , ..., -0.08428934,
          0.        ,  0.00791635],
        [ 0.9955477 ,  0.99981845,  0.99418373, ..., -0.09217487,
         -0.00791635,  0.        ]],

       ...,

       [[ 0.        ,  0.        ,  0.35506715, ..., -0.09734985,
         -0.12281928, -0.22580236],
        [ 0.        ,  0.        ,  0.35506715, ..., -0.09734985,
         -0.12281928, -0.22580236],
        [-0.35506715, -0.35506715,  0.        , ..., -0.44438727,
         -0.46719543, -0.55698614],
        ...,
        [ 0.09734985,  0.09734985,  0.44438727, ...,  0.        ,
         -0.02562309, -0.12989424],
        [ 0.12281928,  0.12281928,  0.46719543, ...,  0.02562309,
          0.        , -0.10444558],
        [ 0.22580236,  0.22580236,  0.55698614, ...,  0.12989424,
          0.10444558,  0.        ]],

       [[ 0.        , -0.02989112, -0.08103018, ..., -0.65975423,
         -0.58504301, -0.69322333],
        [ 0.02989112,  0.        , -0.05120115, ..., -0.68192205,
         -0.60902336, -0.71445679],
        [ 0.08103018,  0.05120115,  0.        , ..., -0.71847741,
         -0.64883484, -0.74934407],
        ...,
        [ 0.65975423,  0.68192205,  0.71847741, ...,  0.        ,
         -0.09541322,  0.04544452],
        [ 0.58504301,  0.60902336,  0.64883484, ...,  0.09541322,
          0.        ,  0.14055184],
        [ 0.69322333,  0.71445679,  0.74934407, ..., -0.04544452,
         -0.14055184,  0.        ]],

       [[ 0.        ,  0.01155191,  0.03419456, ..., -0.98514908,
         -0.98555194, -0.99370689],
        [-0.01155191,  0.        ,  0.02264713, ..., -0.98309987,
         -0.98352959, -0.99234664],
        [-0.03419456, -0.02264713,  0.        , ..., -0.97870171,
         -0.97918393, -0.98929558],
        ...,
        [ 0.98514908,  0.98309987,  0.97870171, ...,  0.        ,
          0.00236231,  0.06027246],
        [ 0.98555194,  0.98352959,  0.97918393, ..., -0.00236231,
          0.        ,  0.05791428],
        [ 0.99370689,  0.99234664,  0.98929558, ..., -0.06027246,
         -0.05791428,  0.        ]]]), 'num': array([8.97662875e-01, 4.40658112e-01, 1.60917170e-04, 1.49250413e-04,
       1.50038707e-04, 1.44520646e-04, 4.64662781e-03, 3.15317773e-06,
       1.46097235e-04, 1.41801030e-04, 1.65432345e-04, 2.93251336e-06,
       1.50964367e-04, 1.32637694e-04])}
{'img': array([[[ 0.        , -0.03645757, -0.07101003, ..., -0.99616482,
         -0.99616482, -0.98467357],
        [ 0.03645757,  0.        , -0.03459729, ..., -0.99231265,
         -0.99231265, -0.97766049],
        [ 0.07101003,  0.03459729,  0.        , ..., -0.98743696,
         -0.98743696, -0.96980318],
        ...,
        [ 0.99616482,  0.99231265,  0.98743696, ...,  0.        ,
          0.        ,  0.08758296],
        [ 0.99616482,  0.99231265,  0.98743696, ...,  0.        ,
          0.        ,  0.08758296],
        [ 0.98467357,  0.97766049,  0.96980318, ..., -0.08758296,
         -0.08758296,  0.        ]],

       [[ 0.        , -0.17183026,  0.96802269, ..., -0.14415397,
         -0.17509545,  0.12687525],
        [ 0.17183026,  0.        ,  0.99673067, ...,  0.02802564,
         -0.00331545,  0.29542983],
        [-0.96802269, -0.99673067,  0.        , ..., -0.9940748 ,
         -0.99699307, -0.92837153],
        ...,
        [ 0.14415397, -0.02802564,  0.9940748 , ...,  0.        ,
         -0.03133963,  0.26853909],
        [ 0.17509545,  0.00331545,  0.99699307, ...,  0.03133963,
          0.        ,  0.29859567],
        [-0.12687525, -0.29542983,  0.92837153, ..., -0.26853909,
         -0.29859567,  0.        ]],

       [[ 0.        ,  0.08873443,  0.13014108, ..., -0.99963628,
         -0.99981845, -0.99999986],
        [-0.08873443,  0.        ,  0.04164794, ..., -0.9933    ,
         -0.99418373, -0.99610145],
        [-0.13014108, -0.04164794,  0.        , ..., -0.98762515,
         -0.98883575, -0.9915632 ],
        ...,
        [ 0.99963628,  0.9933    ,  0.98762515, ...,  0.        ,
          0.00791635,  0.02748966],
        [ 0.99981845,  0.99418373,  0.98883575, ..., -0.00791635,
          0.        ,  0.01957544],
        [ 0.99999986,  0.99610145,  0.9915632 , ..., -0.02748966,
         -0.01957544,  0.        ]],

       ...,

       [[ 0.        ,  0.35506715,  0.12844933, ..., -0.12281928,
         -0.22580236, -0.14908928],
        [-0.35506715,  0.        , -0.23204612, ..., -0.46719543,
         -0.55698614, -0.49047357],
        [-0.12844933,  0.23204612,  0.        , ..., -0.2492787 ,
         -0.34906372, -0.27486798],
        ...,
        [ 0.12281928,  0.46719543,  0.2492787 , ...,  0.        ,
         -0.10444558, -0.02651392],
        [ 0.22580236,  0.55698614,  0.34906372, ...,  0.10444558,
          0.        ,  0.07803996],
        [ 0.14908928,  0.49047357,  0.27486798, ...,  0.02651392,
         -0.07803996,  0.        ]],

       [[ 0.        , -0.05091868, -0.08878515, ..., -0.75113786,
         -0.7800096 , -0.6063749 ],
        [ 0.05091868,  0.        , -0.03795239, ..., -0.78377722,
         -0.81086103, -0.64607777],
        [ 0.08878515,  0.03795239,  0.        , ..., -0.80678258,
         -0.83248805, -0.67458029],
        ...,
        [ 0.75113786,  0.78377722,  0.80678258, ...,  0.        ,
          0.04488202, -0.19699339],
        [ 0.7800096 ,  0.81086103,  0.83248805, ..., -0.04488202,
          0.        , -0.24079743],
        [ 0.6063749 ,  0.64607777,  0.67458029, ...,  0.19699339,
          0.24079743,  0.        ]],

       [[ 0.        ,  0.02264713,  0.0400482 , ..., -0.98352959,
         -0.99234664, -0.99991374],
        [-0.02264713,  0.        ,  0.01740896, ..., -0.97918393,
         -0.98929558, -0.99995474],
        [-0.0400482 , -0.01740896,  0.        , ..., -0.97550196,
         -0.98660524, -0.99963756],
        ...,
        [ 0.98352959,  0.97918393,  0.97550196, ...,  0.        ,
          0.05791428,  0.19364935],
        [ 0.99234664,  0.98929558,  0.98660524, ..., -0.05791428,
          0.        ,  0.13650631],
        [ 0.99991374,  0.99995474,  0.99963756, ..., -0.19364935,
         -0.13650631,  0.        ]]]), 'num': array([9.73450600e-01, 2.28735192e-01, 2.58133590e-04, 1.62459731e-04,
       1.66120002e-04, 1.60207256e-04, 8.59471105e-03, 2.53403393e-06,
       1.58405277e-04, 1.53055650e-04, 1.76443844e-04, 3.87144073e-06,
       1.62333275e-04, 1.43778024e-04])}
{'img': array([[[ 0.        , -0.03459729, -0.17763131, ..., -0.99231265,
         -0.97766049, -0.96228655],
        [ 0.03459729,  0.        , -0.14347787, ..., -0.98743696,
         -0.96980318, -0.95229869],
        [ 0.17763131,  0.14347787,  0.        , ..., -0.95454903,
         -0.92477648, -0.89866098],
        ...,
        [ 0.99231265,  0.98743696,  0.95454903, ...,  0.        ,
          0.08758296,  0.15085765],
        [ 0.97766049,  0.96980318,  0.92477648, ..., -0.08758296,
          0.        ,  0.06369733],
        [ 0.96228655,  0.95229869,  0.89866098, ..., -0.15085765,
         -0.06369733,  0.        ]],

       [[ 0.        ,  0.99673067,  0.35820376, ..., -0.00331545,
          0.29542983,  0.4994354 ],
        [-0.99673067,  0.        , -0.90164967, ..., -0.99699307,
         -0.92837153, -0.82316642],
        [-0.35820376,  0.90164967,  0.        , ..., -0.36129724,
         -0.06638901,  0.15596436],
        ...,
        [ 0.00331545,  0.99699307,  0.36129724, ...,  0.        ,
          0.29859567,  0.502305  ],
        [-0.29542983,  0.92837153,  0.06638901, ..., -0.29859567,
          0.        ,  0.22119686],
        [-0.4994354 ,  0.82316642, -0.15596436, ..., -0.502305  ,
         -0.22119686,  0.        ]],

       [[ 0.        ,  0.04164794,  0.02345102, ..., -0.99418373,
         -0.99610145, -0.99967033],
        [-0.04164794,  0.        , -0.01820581, ..., -0.98883575,
         -0.9915632 , -0.99773363],
        [-0.02345102,  0.01820581,  0.        , ..., -0.9913847 ,
         -0.99375877, -0.99879329],
        ...,
        [ 0.99418373,  0.98883575,  0.9913847 , ...,  0.        ,
          0.01957544,  0.08213558],
        [ 0.99610145,  0.9915632 ,  0.99375877, ..., -0.01957544,
          0.        ,  0.06261054],
        [ 0.99967033,  0.99773363,  0.99879329, ..., -0.08213558,
         -0.06261054,  0.        ]],

       ...,

       [[ 0.        , -0.23204612, -0.30805915, ..., -0.55698614,
         -0.49047357, -0.12050184],
        [ 0.23204612,  0.        , -0.07888954, ..., -0.34906372,
         -0.27486798,  0.11314251],
        [ 0.30805915,  0.07888954,  0.        , ..., -0.27404851,
         -0.19816045,  0.19117286],
        ...,
        [ 0.55698614,  0.34906372,  0.27404851, ...,  0.        ,
          0.07803996,  0.45284803],
        [ 0.49047357,  0.27486798,  0.19816045, ..., -0.07803996,
          0.        ,  0.38188748],
        [ 0.12050184, -0.11314251, -0.19117286, ..., -0.45284803,
         -0.38188748,  0.        ]],

       [[ 0.        , -0.03795239, -0.09563765, ..., -0.81086103,
         -0.64607777, -0.78086308],
        [ 0.03795239,  0.        , -0.05779032, ..., -0.83248805,
         -0.67458029, -0.80400945],
        [ 0.09563765,  0.05779032,  0.        , ..., -0.86311507,
         -0.71611379, -0.83702882],
        ...,
        [ 0.81086103,  0.83248805,  0.86311507, ...,  0.        ,
         -0.24079743, -0.04955534],
        [ 0.64607777,  0.67458029,  0.71611379, ...,  0.24079743,
          0.        ,  0.19240439],
        [ 0.78086308,  0.80400945,  0.83702882, ...,  0.04955534,
         -0.19240439,  0.        ]],

       [[ 0.        ,  0.01740896,  0.04131127, ..., -0.98929558,
         -0.99995474, -0.99878432],
        [-0.01740896,  0.        ,  0.0239109 , ..., -0.98660524,
         -0.99963756, -0.99949111],
        [-0.04131127, -0.0239109 ,  0.        , ..., -0.98242267,
         -0.99870805, -0.99996807],
        ...,
        [ 0.98929558,  0.98660524,  0.98242267, ...,  0.        ,
          0.13650631,  0.19451425],
        [ 0.99995474,  0.99963756,  0.99870805, ..., -0.13650631,
          0.        ,  0.05879444],
        [ 0.99878432,  0.99949111,  0.99996807, ..., -0.19451425,
         -0.05879444,  0.        ]]]), 'num': array([ 9.76654217e-01,  2.14804518e-01,  2.66381013e-04,  1.62684112e-04,
        1.67234717e-04,  1.61262049e-04,  2.29742959e-03, -1.42206392e-06,
        1.60920753e-04,  1.55204056e-04,  1.77392994e-04,  3.76890560e-06,
        1.65025320e-04,  1.45382792e-04])}
{'img': array([[[ 0.00000000e+00, -1.43477875e-01, -1.52822298e-01, ...,
         -9.69803180e-01, -9.52298695e-01, -9.62455463e-01],
        [ 1.43477875e-01,  0.00000000e+00, -9.44858691e-03, ...,
         -9.24776476e-01, -8.98660977e-01, -9.13551857e-01],
        [ 1.52822298e-01,  9.44858691e-03,  0.00000000e+00, ...,
         -9.21139905e-01, -8.94476297e-01, -9.09668127e-01],
        ...,
        [ 9.69803180e-01,  9.24776476e-01,  9.21139905e-01, ...,
          0.00000000e+00,  6.36973267e-02,  2.85108369e-02],
        [ 9.52298695e-01,  8.98660977e-01,  8.94476297e-01, ...,
         -6.36973267e-02,  0.00000000e+00, -3.52184938e-02],
        [ 9.62455463e-01,  9.13551857e-01,  9.09668127e-01, ...,
         -2.85108369e-02,  3.52184938e-02,  0.00000000e+00]],

       [[ 0.00000000e+00, -9.01649667e-01, -9.73144769e-01, ...,
         -9.28371532e-01, -8.23166425e-01, -9.96779032e-01],
        [ 9.01649667e-01,  0.00000000e+00, -2.13298884e-01, ...,
         -6.63890130e-02,  1.55964360e-01, -3.58764620e-01],
        [ 9.73144769e-01,  2.13298884e-01,  0.00000000e+00, ...,
          1.47967105e-01,  3.63063829e-01, -1.51409204e-01],
        ...,
        [ 9.28371532e-01,  6.63890130e-02, -1.47967105e-01, ...,
          0.00000000e+00,  2.21196863e-01, -2.96003752e-01],
        [ 8.23166425e-01, -1.55964360e-01, -3.63063829e-01, ...,
         -2.21196863e-01,  0.00000000e+00, -4.99955814e-01],
        [ 9.96779032e-01,  3.58764620e-01,  1.51409204e-01, ...,
          2.96003752e-01,  4.99955814e-01,  0.00000000e+00]],

       [[ 0.00000000e+00, -1.82058117e-02, -7.52305390e-02, ...,
         -9.91563200e-01, -9.97733626e-01, -9.99281615e-01],
        [ 1.82058117e-02,  0.00000000e+00, -5.70638509e-02, ...,
         -9.93758771e-01, -9.98793286e-01, -9.99805957e-01],
        [ 7.52305390e-02,  5.70638509e-02,  0.00000000e+00, ...,
         -9.98504971e-01, -9.99968293e-01, -9.99300901e-01],
        ...,
        [ 9.91563200e-01,  9.93758771e-01,  9.98504971e-01, ...,
          0.00000000e+00,  6.26105411e-02,  9.19528256e-02],
        [ 9.97733626e-01,  9.98793286e-01,  9.99968293e-01, ...,
         -6.26105411e-02,  0.00000000e+00,  2.94271343e-02],
        [ 9.99281615e-01,  9.99805957e-01,  9.99300901e-01, ...,
         -9.19528256e-02, -2.94271343e-02,  0.00000000e+00]],

       ...,

       [[ 0.00000000e+00, -7.88895399e-02, -1.65131762e-01, ...,
         -2.74867985e-01,  1.13142510e-01,  3.03885951e-02],
        [ 7.88895399e-02,  0.00000000e+00, -8.68106008e-02, ...,
         -1.98160450e-01,  1.91172858e-01,  1.09146990e-01],
        [ 1.65131762e-01,  8.68106008e-02,  0.00000000e+00, ...,
         -1.12323250e-01,  2.75660649e-01,  1.95026904e-01],
        ...,
        [ 2.74867985e-01,  1.98160450e-01,  1.12323250e-01, ...,
          0.00000000e+00,  3.81887479e-01,  3.03959126e-01],
        [-1.13142510e-01, -1.91172858e-01, -2.75660649e-01, ...,
         -3.81887479e-01,  0.00000000e+00, -8.28967937e-02],
        [-3.03885951e-02, -1.09146990e-01, -1.95026904e-01, ...,
         -3.03959126e-01,  8.28967937e-02,  0.00000000e+00]],

       [[ 0.00000000e+00, -5.77903247e-02, -5.91293666e-02, ...,
         -6.74580286e-01, -8.04009448e-01, -8.75352314e-01],
        [ 5.77903247e-02,  0.00000000e+00, -1.34133557e-03, ...,
         -7.16113792e-01, -8.37028823e-01, -9.01830164e-01],
        [ 5.91293666e-02,  1.34133557e-03,  0.00000000e+00, ...,
         -7.17049378e-01, -8.37761994e-01, -9.02408932e-01],
        ...,
        [ 6.74580286e-01,  7.16113792e-01,  7.17049378e-01, ...,
          0.00000000e+00,  1.92404388e-01,  3.20036526e-01],
        [ 8.04009448e-01,  8.37028823e-01,  8.37761994e-01, ...,
         -1.92404388e-01,  0.00000000e+00,  1.31771956e-01],
        [ 8.75352314e-01,  9.01830164e-01,  9.02408932e-01, ...,
         -3.20036526e-01, -1.31771956e-01,  0.00000000e+00]],

       [[ 0.00000000e+00,  2.39109023e-02,  2.39705363e-02, ...,
         -9.99637559e-01, -9.99491113e-01, -9.99316121e-01],
        [-2.39109023e-02,  0.00000000e+00,  5.96511034e-05, ...,
         -9.98708046e-01, -9.99968074e-01, -9.99914561e-01],
        [-2.39705363e-02, -5.96511034e-05,  0.00000000e+00, ...,
         -9.98705013e-01, -9.99968549e-01, -9.99915339e-01],
        ...,
        [ 9.99637559e-01,  9.98708046e-01,  9.98705013e-01, ...,
          0.00000000e+00,  5.87944439e-02,  6.38662637e-02],
        [ 9.99491113e-01,  9.99968074e-01,  9.99968549e-01, ...,
         -5.87944439e-02,  0.00000000e+00,  5.08136907e-03],
        [ 9.99316121e-01,  9.99914561e-01,  9.99915339e-01, ...,
         -6.38662637e-02, -5.08136907e-03,  0.00000000e+00]]]), 'num': array([ 8.84140444e-01,  4.67218270e-01,  1.46803582e-04,  1.46803582e-04,
        1.49905067e-04,  1.45511297e-04,  1.60248516e-03, -1.03382805e-06,
        1.46855274e-04,  1.41569828e-04,  1.60437190e-04,  3.18875533e-06,
        1.50542233e-04,  1.32597423e-04])}
{'img': array([[[ 0.00000000e+00, -9.44858691e-03,  3.19241825e-01, ...,
         -8.98660977e-01, -9.13551857e-01, -9.24776476e-01],
        [ 9.44858691e-03,  0.00000000e+00,  3.28181748e-01, ...,
         -8.94476297e-01, -9.09668127e-01, -9.21139905e-01],
        [-3.19241825e-01, -3.28181748e-01,  0.00000000e+00, ...,
         -9.91670472e-01, -9.95591450e-01, -9.97860924e-01],
        ...,
        [ 8.98660977e-01,  8.94476297e-01,  9.91670472e-01, ...,
          0.00000000e+00, -3.52184938e-02, -6.36973267e-02],
        [ 9.13551857e-01,  9.09668127e-01,  9.95591450e-01, ...,
          3.52184938e-02,  0.00000000e+00, -2.85108369e-02],
        [ 9.24776476e-01,  9.21139905e-01,  9.97860924e-01, ...,
          6.36973267e-02,  2.85108369e-02,  0.00000000e+00]],

       [[ 0.00000000e+00, -2.05693418e-01,  5.04918330e-01, ...,
          1.53319022e-01, -3.36194386e-01, -5.04918330e-01],
        [ 2.05693418e-01,  0.00000000e+00,  3.16573604e-01, ...,
          3.53301973e-01, -1.35284825e-01, -3.16573604e-01],
        [-5.04918330e-01, -3.16573604e-01,  0.00000000e+00, ...,
         -6.31288490e-01, -1.85336415e-01, -0.00000000e+00],
        ...,
        [-1.53319022e-01, -3.53301973e-01,  6.31288490e-01, ...,
          0.00000000e+00, -4.76614196e-01, -6.31288490e-01],
        [ 3.36194386e-01,  1.35284825e-01,  1.85336415e-01, ...,
          4.76614196e-01,  0.00000000e+00, -1.85336415e-01],
        [ 5.04918330e-01,  3.16573604e-01,  0.00000000e+00, ...,
          6.31288490e-01,  1.85336415e-01,  0.00000000e+00]],

       [[ 0.00000000e+00, -5.70638509e-02, -3.48527715e-02, ...,
         -9.98793286e-01, -9.99805957e-01, -9.99997962e-01],
        [ 5.70638509e-02,  0.00000000e+00,  2.22332022e-02, ...,
         -9.99968293e-01, -9.99300901e-01, -9.98253291e-01],
        [ 3.48527715e-02, -2.22332022e-02,  0.00000000e+00, ...,
         -9.99898160e-01, -9.99885095e-01, -9.99320057e-01],
        ...,
        [ 9.98793286e-01,  9.99968293e-01,  9.99898160e-01, ...,
          0.00000000e+00,  2.94271343e-02,  5.11281770e-02],
        [ 9.99805957e-01,  9.99300901e-01,  9.99885095e-01, ...,
         -2.94271343e-02,  0.00000000e+00,  2.17173882e-02],
        [ 9.99997962e-01,  9.98253291e-01,  9.99320057e-01, ...,
         -5.11281770e-02, -2.17173882e-02,  0.00000000e+00]],

       ...,

       [[ 0.00000000e+00, -8.68106008e-02,  3.23884901e-01, ...,
          1.91172858e-01,  1.09146990e-01, -3.15600272e-02],
        [ 8.68106008e-02,  0.00000000e+00,  4.04793387e-01, ...,
          2.75660649e-01,  1.95026904e-01,  5.53264740e-02],
        [-3.23884901e-01, -4.04793387e-01,  0.00000000e+00, ...,
         -1.37043323e-01, -2.18686305e-01, -3.53582392e-01],
        ...,
        [-1.91172858e-01, -2.75660649e-01,  1.37043323e-01, ...,
          0.00000000e+00, -8.28967937e-02, -2.22055573e-01],
        [-1.09146990e-01, -1.95026904e-01,  2.18686305e-01, ...,
          8.28967937e-02,  0.00000000e+00, -1.40464095e-01],
        [ 3.15600272e-02, -5.53264740e-02,  3.53582392e-01, ...,
          2.22055573e-01,  1.40464095e-01,  0.00000000e+00]],

       [[ 0.00000000e+00, -1.34133557e-03,  7.23713982e-02, ...,
         -8.37028823e-01, -9.01830164e-01, -9.25797220e-01],
        [ 1.34133557e-03,  0.00000000e+00,  7.37091514e-02, ...,
         -8.37761994e-01, -9.02408932e-01, -9.26303440e-01],
        [-7.23713982e-02, -7.37091514e-02,  0.00000000e+00, ...,
         -7.95235279e-01, -8.68194336e-01, -8.96011678e-01],
        ...,
        [ 8.37028823e-01,  8.37761994e-01,  7.95235279e-01, ...,
          0.00000000e+00,  1.31771956e-01,  1.90144030e-01],
        [ 9.01830164e-01,  9.02408932e-01,  8.68194336e-01, ...,
         -1.31771956e-01,  0.00000000e+00,  5.91180494e-02],
        [ 9.25797220e-01,  9.26303440e-01,  8.96011678e-01, ...,
         -1.90144030e-01, -5.91180494e-02,  0.00000000e+00]],

       [[ 0.00000000e+00,  5.96511034e-05, -2.33958039e-02, ...,
         -9.99968074e-01, -9.99914561e-01, -9.99513473e-01],
        [-5.96511034e-05,  0.00000000e+00, -2.34554387e-02, ...,
         -9.99968549e-01, -9.99915339e-01, -9.99515332e-01],
        [ 2.33958039e-02,  2.34554387e-02,  0.00000000e+00, ...,
         -9.99507416e-01, -9.99335041e-01, -9.98510171e-01],
        ...,
        [ 9.99968074e-01,  9.99968549e-01,  9.99507416e-01, ...,
          0.00000000e+00,  5.08136907e-03,  2.32022506e-02],
        [ 9.99914561e-01,  9.99915339e-01,  9.99335041e-01, ...,
         -5.08136907e-03,  0.00000000e+00,  1.81219499e-02],
        [ 9.99513473e-01,  9.99515332e-01,  9.98510171e-01, ...,
         -2.32022506e-02, -1.81219499e-02,  0.00000000e+00]]]), 'num': array([9.01700324e-01, 4.32357684e-01, 1.63534021e-04, 1.50478564e-04,
       1.51789353e-04, 1.48381302e-04, 1.77559462e-03, 1.57294666e-06,
       1.49901817e-04, 1.44160561e-04, 1.62044091e-04, 3.09491820e-06,
       1.53497060e-04, 1.34824063e-04])}
{'img': array([[[ 0.        ,  0.32818175,  0.70657196, ..., -0.90966813,
         -0.92113991, -0.90370325],
        [-0.32818175,  0.        ,  0.43520327, ..., -0.99559145,
         -0.99786092, -0.99416537],
        [-0.70657196, -0.43520327,  0.        , ..., -0.93718333,
         -0.92685671, -0.94202305],
        ...,
        [ 0.90966813,  0.99559145,  0.93718333, ...,  0.        ,
         -0.02851084,  0.01414254],
        [ 0.92113991,  0.99786092,  0.92685671, ...,  0.02851084,
          0.        ,  0.04264477],
        [ 0.90370325,  0.99416537,  0.94202305, ..., -0.01414254,
         -0.04264477,  0.        ]],

       [[ 0.        ,  0.3165736 ,  0.99888741, ..., -0.13528482,
         -0.3165736 , -0.21750382],
        [-0.3165736 ,  0.        , -0.96244178, ..., -0.18533642,
         -0.        , -0.10267751],
        [-0.99888741,  0.96244178,  0.        , ..., -0.99608424,
         -0.96244178, -0.98523071],
        ...,
        [ 0.13528482,  0.18533642,  0.99608424, ...,  0.        ,
         -0.18533642, -0.08345822],
        [ 0.3165736 ,  0.        ,  0.96244178, ...,  0.18533642,
          0.        ,  0.10267751],
        [ 0.21750382,  0.10267751,  0.98523071, ...,  0.08345822,
         -0.10267751,  0.        ]],

       [[ 0.        ,  0.0222332 ,  0.10034194, ..., -0.9993009 ,
         -0.99825329, -0.99584644],
