state_0,state_1,state_2,state_3,state_4,state_5,state_6,state_7,state_8,state_9,state_10,state_11,state_12,state_13,state_14,state_15,state_16,state_17,state_18,state_19,state_20,state_21,state_22,state_23,state_24,state_25,state_26,state_27,state_28,state_29,state_30,state_31,state_32,state_33,state_34,state_35,state_36,state_37,state_38,state_39,state_40,state_41,state_42,state_43,state_44,state_45,state_46,state_47,state_48,state_49,state_50,state_51,state_52,state_53,state_54,state_55,state_56,state_57,state_58,state_59,state_60,state_61,state_62,state_63,state_64,state_65,state_66,state_67,state_68,state_69,state_70,state_71,state_72,state_73,state_74,state_75,state_76,state_77,state_78,state_79,state_80,state_81,state_82,state_83,state_84,state_85,state_86,state_87,state_88,state_89,state_90,state_91,state_92,state_93,state_94,state_95,state_96,state_97,state_98,state_99,state_100,state_101,state_102,state_103,state_104,state_105,state_106,state_107,state_108,state_109,state_110,state_111,state_112,state_113,state_114,state_115,state_116,state_117,state_118,state_119,state_120,state_121,state_122,state_123,state_124,state_125,state_126,state_127,state_128,state_129,state_130,state_131,state_132,state_133,state_134,state_135,state_136,state_137,state_138,state_139,state_140,state_141,state_142,state_143,state_144,state_145,state_146,state_147,state_148,state_149,state_150,state_151,state_152,state_153,state_154,state_155,state_156,state_157,state_158,state_159,state_160,state_161,state_162,state_163,state_164,state_165,state_166,state_167,state_168,state_169,state_170,state_171,state_172,state_173,state_174,state_175,state_176,state_177,state_178,state_179,state_180,state_181,state_182,state_183,state_184,state_185,state_186,state_187,state_188,state_189,state_190,state_191,state_192,state_193,state_194,state_195,state_196,state_197,state_198,state_199,state_200,state_201,state_202,state_203,state_204,state_205,state_206,state_207,state_208,state_209,state_210,state_211,state_212,state_213,state_214,state_215,state_216,state_217,state_218,state_219,state_220,state_221,state_222,state_223,state_224,state_225,state_226,state_227,state_228,state_229,state_230,state_231,state_232,state_233,state_234,state_235,state_236,state_237,state_238,state_239,state_240,state_241,state_242,state_243,state_244,state_245,state_246,state_247,state_248,state_249,state_250,state_251,state_252,state_253,state_254,state_255,state_256,state_257,state_258,state_259,state_260,state_261,state_262,state_263,state_264,state_265,state_266,state_267,state_268,state_269,state_270,state_271,state_272,state_273,state_274,state_275,state_276,state_277,state_278,state_279,state_280,state_281,state_282,state_283,state_284,state_285,state_286,state_287
{'img': array([[[ 0.        ,  0.65967295,  0.        , ..., -0.978242  ,
         -0.65967295, -0.99834005],
        [-0.65967295,  0.        , -0.65967295, ..., -0.5983401 ,
         -0.        , -0.71231161],
        [ 0.        ,  0.65967295,  0.        , ..., -0.978242  ,
         -0.65967295, -0.99834005],
        ...,
        [ 0.978242  ,  0.5983401 ,  0.978242  , ...,  0.        ,
         -0.5983401 ,  0.15078116],
        [ 0.65967295,  0.        ,  0.65967295, ...,  0.5983401 ,
          0.        ,  0.71231161],
        [ 0.99834005,  0.71231161,  0.99834005, ..., -0.15078116,
         -0.71231161,  0.        ]],

       [[ 0.        ,  0.01212121,  0.04028469, ..., -0.27542955,
         -0.28936997,  0.01398598],
        [-0.01212121,  0.        ,  0.02817037, ..., -0.28706169,
         -0.30095134,  0.00186493],
        [-0.04028469, -0.02817037,  0.        , ..., -0.3139325 ,
         -0.32769628, -0.02630612],
        ...,
        [ 0.27542955,  0.28706169,  0.3139325 , ...,  0.        ,
         -0.01453156,  0.28884763],
        [ 0.28936997,  0.30095134,  0.32769628, ...,  0.01453156,
          0.        ,  0.30272929],
        [-0.01398598, -0.00186493,  0.02630612, ..., -0.28884763,
         -0.30272929,  0.        ]],

       [[ 0.        ,  0.24039767,  0.16540912, ..., -0.76139248,
         -0.52296169, -0.24039767],
        [-0.24039767,  0.        , -0.07652779, ..., -0.58321656,
         -0.30272112, -0.        ],
        [-0.16540912,  0.07652779,  0.        , ..., -0.64367105,
         -0.37477042, -0.07652779],
        ...,
        [ 0.76139248,  0.58321656,  0.64367105, ...,  0.        ,
         -0.30994613, -0.58321656],
        [ 0.52296169,  0.30272112,  0.37477042, ...,  0.30994613,
          0.        , -0.30272112],
        [ 0.24039767,  0.        ,  0.07652779, ...,  0.58321656,
          0.30272112,  0.        ]],

       ...,

       [[ 0.        ,  0.183847  , -0.45935599, ..., -0.99722075,
         -0.91072905, -0.89299972],
        [-0.183847  ,  0.        , -0.61482872, ..., -0.99392025,
         -0.81927594, -0.9605201 ],
        [ 0.45935599,  0.61482872,  0.        , ..., -0.85155992,
         -0.99867316, -0.58647254],
        ...,
        [ 0.99722075,  0.99392025,  0.85155992, ...,  0.        ,
         -0.47970909,  0.38227472],
        [ 0.91072905,  0.81927594,  0.99867316, ...,  0.47970909,
          0.        ,  0.77869296],
        [ 0.89299972,  0.9605201 ,  0.58647254, ..., -0.38227472,
         -0.77869296,  0.        ]],

       [[ 0.        ,  0.09092695,  0.09809309, ..., -0.93828239,
         -0.8885859 , -0.92825137],
        [-0.09092695,  0.        ,  0.00719832, ..., -0.96584454,
         -0.92661411, -0.95822674],
        [-0.09809309, -0.00719832,  0.        , ..., -0.96768476,
         -0.92929677, -0.96026071],
        ...,
        [ 0.93828239,  0.96584454,  0.96768476, ...,  0.        ,
          0.12306444,  0.02794298],
        [ 0.8885859 ,  0.92661411,  0.92929677, ..., -0.12306444,
          0.        , -0.09528581],
        [ 0.92825137,  0.95822674,  0.96026071, ..., -0.02794298,
          0.09528581,  0.        ]],

       [[ 0.        , -0.01583586,  0.06112168, ..., -0.84704545,
         -0.62327732, -0.31020897],
        [ 0.01583586,  0.        ,  0.07692026, ..., -0.85535631,
         -0.63558282, -0.32522472],
        [-0.06112168, -0.07692026,  0.        , ..., -0.81297432,
         -0.57431479, -0.25152254],
        ...,
        [ 0.84704545,  0.85535631,  0.81297432, ...,  0.        ,
         -0.33110563, -0.64037691],
        [ 0.62327732,  0.63558282,  0.57431479, ...,  0.33110563,
          0.        , -0.34994635],
        [ 0.31020897,  0.32522472,  0.25152254, ...,  0.64037691,
          0.34994635,  0.        ]]]), 'num': array([7.18760912e-01, 6.95256342e-01, 5.59632631e-06, 6.02681295e-05,
       6.05551206e-05, 5.94071562e-05, 1.15790861e-03, 1.43495546e-07,
       5.93784571e-05, 6.21228094e-05, 6.40456497e-05, 4.69460738e-07,
       6.61629863e-05, 5.80826325e-05])}
{'img': array([[[ 0.        , -0.65967295, -0.83331726, ..., -0.        ,
         -0.71231161, -0.73596588],
        [ 0.65967295,  0.        , -0.26161799, ..., -0.65967295,
         -0.99834005, -0.99972809],
        [ 0.83331726,  0.26161799,  0.        , ..., -0.83331726,
         -0.97863717, -0.97100959],
        ...,
        [ 0.        ,  0.65967295,  0.83331726, ...,  0.        ,
          0.71231161,  0.73596588],
        [ 0.71231161,  0.99834005,  0.97863717, ..., -0.71231161,
          0.        ,  0.03429924],
        [ 0.73596588,  0.99972809,  0.97100959, ..., -0.73596588,
         -0.03429924,  0.        ]],

       [[ 0.        ,  0.02817037,  0.02286116, ..., -0.30095134,
          0.00186493, -0.34755713],
        [-0.02817037,  0.        , -0.00531092, ..., -0.32769628,
         -0.02630612, -0.37383339],
        [-0.02286116,  0.00531092,  0.        , ..., -0.32267399,
         -0.02099667, -0.36890226],
        ...,
        [ 0.30095134,  0.32769628,  0.32267399, ...,  0.        ,
          0.30272929, -0.04925454],
        [-0.00186493,  0.02630612,  0.02099667, ..., -0.30272929,
          0.        , -0.3493052 ],
        [ 0.34755713,  0.37383339,  0.36890226, ...,  0.04925454,
          0.3493052 ,  0.        ]],

       [[ 0.        , -0.07636027, -0.40270808, ..., -0.32843795,
         -0.13206637, -0.        ],
        [ 0.07636027,  0.        , -0.33163756, ..., -0.39960324,
         -0.2073722 , -0.07636027],
        [ 0.40270808,  0.33163756,  0.        , ..., -0.68099668,
         -0.52006482, -0.40270808],
        ...,
        [ 0.32843795,  0.39960324,  0.68099668, ...,  0.        ,
         -0.20082107, -0.32843795],
        [ 0.13206637,  0.2073722 ,  0.52006482, ...,  0.20082107,
          0.        , -0.13206637],
        [ 0.        ,  0.07636027,  0.40270808, ...,  0.32843795,
          0.13206637,  0.        ]],

       ...,

       [[ 0.        , -0.61482872, -0.58476527, ..., -0.81927594,
         -0.9605201 , -0.94618919],
        [ 0.61482872,  0.        ,  0.03756926, ..., -0.99867316,
         -0.58647254, -0.54725503],
        [ 0.58476527, -0.03756926,  0.        , ..., -0.99990282,
         -0.61648845, -0.57831287],
        ...,
        [ 0.81927594,  0.99867316,  0.99990282, ...,  0.        ,
          0.77869296,  0.80767351],
        [ 0.9605201 ,  0.58647254,  0.61648845, ..., -0.77869296,
          0.        ,  0.04759786],
        [ 0.94618919,  0.54725503,  0.57831287, ..., -0.80767351,
         -0.04759786,  0.        ]],

       [[ 0.        ,  0.00707074, -0.01401741, ..., -0.90788219,
         -0.94013048, -0.96187624],
        [-0.00707074,  0.        , -0.0210871 , ..., -0.91082373,
         -0.94251679, -0.95991845],
        [ 0.01401741,  0.0210871 ,  0.        , ..., -0.90191654,
         -0.93526077, -0.96561529],
        ...,
        [ 0.90788219,  0.91082373,  0.90191654, ...,  0.        ,
         -0.08470694, -0.6515352 ],
        [ 0.94013048,  0.94251679,  0.93526077, ...,  0.08470694,
          0.        , -0.58493328],
        [ 0.96187624,  0.95991845,  0.96561529, ...,  0.6515352 ,
          0.58493328,  0.        ]],

       [[ 0.        ,  0.07686896,  0.32501796, ..., -0.64093275,
         -0.39251863, -0.32501796],
        [-0.07686896,  0.        ,  0.25136072, ..., -0.58003197,
         -0.32065748, -0.25136072],
        [-0.32501796, -0.25136072,  0.        , ..., -0.35665231,
         -0.07227461, -0.        ],
        ...,
        [ 0.64093275,  0.58003197,  0.35665231, ...,  0.        ,
         -0.28819795, -0.35665231],
        [ 0.39251863,  0.32065748,  0.07227461, ...,  0.28819795,
          0.        , -0.07227461],
        [ 0.32501796,  0.25136072,  0.        , ...,  0.35665231,
          0.07227461,  0.        ]]]), 'num': array([ 8.84919297e-01,  4.65741840e-01,  1.00401790e-04,  6.10422997e-05,
        6.25774953e-05,  6.08229861e-05,  1.52803132e-03, -3.65522753e-07,
        6.07791233e-05,  6.30270883e-05,  6.50861998e-05,  4.64016908e-07,
        6.69869736e-05,  5.90672030e-05])}
{'img': array([[[ 0.        , -0.63434553, -0.72576447, ..., -0.75163922,
         -0.7756155 , -0.71205109],
        [ 0.63434553,  0.        , -0.12465824, ..., -0.99945255,
         -0.99999178, -0.99584238],
        [ 0.72576447,  0.12465824,  0.        , ..., -0.99578085,
         -0.99168611, -0.99943006],
        ...,
        [ 0.75163922,  0.99945255,  0.99578085, ...,  0.        ,
          0.03713724, -0.05809597],
        [ 0.7756155 ,  0.99999178,  0.99168611, ..., -0.03713724,
          0.        , -0.09513041],
        [ 0.71205109,  0.99584238,  0.99943006, ...,  0.05809597,
          0.09513041,  0.        ]],

       [[ 0.        , -0.00531092, -0.28761161, ..., -0.02630612,
         -0.37383339, -0.29376249],
        [ 0.00531092,  0.        , -0.28252104, ..., -0.02099667,
         -0.36890226, -0.28868176],
        [ 0.28761161,  0.28252104,  0.        , ...,  0.26231747,
         -0.09127927, -0.00642844],
        ...,
        [ 0.02630612,  0.02099667, -0.26231747, ...,  0.        ,
         -0.3493052 , -0.26851538],
        [ 0.37383339,  0.36890226,  0.09127927, ...,  0.3493052 ,
          0.        ,  0.08487578],
        [ 0.29376249,  0.28868176,  0.00642844, ...,  0.26851538,
         -0.08487578,  0.        ]],

       [[ 0.        , -0.39628244, -0.58651064, ..., -0.13216245,
         -0.        , -0.3286711 ],
        [ 0.39628244,  0.        , -0.21752662, ..., -0.51414841,
         -0.39628244, -0.6760291 ],
        [ 0.58651064,  0.21752662,  0.        , ..., -0.68840967,
         -0.58651064, -0.82013109],
        ...,
        [ 0.13216245,  0.51414841,  0.68840967, ...,  0.        ,
         -0.13216245,  0.20096793],
        [ 0.        ,  0.39628244,  0.58651064, ...,  0.13216245,
          0.        ,  0.3286711 ],
        [ 0.3286711 ,  0.6760291 ,  0.82013109, ..., -0.20096793,
         -0.3286711 ,  0.        ]],

       ...,

       [[ 0.        ,  0.03756926, -0.13598061, ..., -0.58647254,
         -0.54725503, -0.58422241],
        [-0.03756926,  0.        , -0.1731049 , ..., -0.61648845,
         -0.57831287, -0.61430093],
        [ 0.13598061,  0.1731049 ,  0.        , ..., -0.470885  ,
         -0.42836072, -0.46843487],
        ...,
        [ 0.58647254,  0.61648845,  0.470885  , ...,  0.        ,
          0.04759786,  0.00277527],
        [ 0.54725503,  0.57831287,  0.42836072, ..., -0.04759786,
          0.        , -0.04482555],
        [ 0.58422241,  0.61430093,  0.46843487, ..., -0.00277527,
          0.04482555,  0.        ]],

       [[ 0.        , -0.02005675, -0.01244479, ..., -0.89270781,
         -0.98475029, -0.9455657 ],
        [ 0.02005675,  0.        ,  0.0076129 , ..., -0.88348994,
         -0.98106285, -0.95190259],
        [ 0.01244479, -0.0076129 ,  0.        , ..., -0.8870306 ,
         -0.98250896, -0.9495424 ],
        ...,
        [ 0.89270781,  0.88348994,  0.8870306 , ...,  0.        ,
         -0.28845616, -0.71662094],
        [ 0.98475029,  0.98106285,  0.98250896, ...,  0.28845616,
          0.        , -0.48497215],
        [ 0.9455657 ,  0.95190259,  0.9495424 , ...,  0.71662094,
          0.48497215,  0.        ]],

       [[ 0.        ,  0.24973878, -0.02872277, ..., -0.47300109,
         -0.46319482, -0.24973878],
        [-0.24973878,  0.        , -0.27744838, ..., -0.23797792,
         -0.22718507, -0.        ],
        [ 0.02872277,  0.27744838,  0.        , ..., -0.49811248,
         -0.48845946, -0.27744838],
        ...,
        [ 0.47300109,  0.23797792,  0.49811248, ...,  0.        ,
         -0.011097  , -0.23797792],
        [ 0.46319482,  0.22718507,  0.48845946, ...,  0.011097  ,
          0.        , -0.22718507],
        [ 0.24973878,  0.        ,  0.27744838, ...,  0.23797792,
          0.22718507,  0.        ]]]), 'num': array([ 9.47894297e-01,  3.18582891e-01,  1.51095175e-04,  6.53354865e-05,
        6.61982600e-05,  6.50217506e-05,  1.13387266e-03, -1.56867915e-07,
        6.52570525e-05,  6.74414382e-05,  6.96715771e-05,  5.29554107e-07,
        7.17560973e-05,  6.31267792e-05])}
{'img': array([[[ 0.00000000e+00, -1.31845651e-01, -5.85488968e-01, ...,
         -9.99538299e-01, -9.92011507e-01, -9.86005951e-01],
        [ 1.31845651e-01,  0.00000000e+00, -4.73493118e-01, ...,
         -9.94818588e-01, -9.99983490e-01, -9.99378378e-01],
        [ 5.85488968e-01,  4.73493118e-01,  0.00000000e+00, ...,
         -8.28095590e-01, -8.78062177e-01, -8.96942610e-01],
        ...,
        [ 9.99538299e-01,  9.94818588e-01,  8.28095590e-01, ...,
          0.00000000e+00, -9.59478727e-02, -1.36674329e-01],
        [ 9.92011507e-01,  9.99983490e-01,  8.78062177e-01, ...,
          9.59478727e-02,  0.00000000e+00, -4.09962613e-02],
        [ 9.86005951e-01,  9.99378378e-01,  8.96942610e-01, ...,
          1.36674329e-01,  4.09962613e-02,  0.00000000e+00]],

       [[ 0.00000000e+00, -2.82521041e-01, -1.88883118e-04, ...,
         -3.68902264e-01, -2.88681759e-01, -4.07628421e-01],
        [ 2.82521041e-01,  0.00000000e+00,  2.82339847e-01, ...,
         -9.12792716e-02, -6.42844343e-03, -1.33038595e-01],
        [ 1.88883118e-04, -2.82339847e-01,  0.00000000e+00, ...,
         -3.68726697e-01, -2.88500912e-01, -4.07455935e-01],
        ...,
        [ 3.68902264e-01,  9.12792716e-02,  3.68726697e-01, ...,
          0.00000000e+00,  8.48757787e-02, -4.20153265e-02],
        [ 2.88681759e-01,  6.42844343e-03,  2.88500912e-01, ...,
         -8.48757787e-02,  0.00000000e+00, -1.26664546e-01],
        [ 4.07628421e-01,  1.33038595e-01,  4.07455935e-01, ...,
          4.20153265e-02,  1.26664546e-01,  0.00000000e+00]],

       [[ 0.00000000e+00, -4.61394425e-01, -6.81618957e-01, ...,
         -0.00000000e+00, -3.35407425e-01, -3.60066010e-01],
        [ 4.61394425e-01,  0.00000000e+00, -2.67123336e-01, ...,
         -4.61394425e-01, -7.32239141e-01, -7.49896045e-01],
        [ 6.81618957e-01,  2.67123336e-01,  0.00000000e+00, ...,
         -6.81618957e-01, -8.87554999e-01, -8.99363546e-01],
        ...,
        [ 0.00000000e+00,  4.61394425e-01,  6.81618957e-01, ...,
          0.00000000e+00,  3.35407425e-01,  3.60066010e-01],
        [ 3.35407425e-01,  7.32239141e-01,  8.87554999e-01, ...,
         -3.35407425e-01,  0.00000000e+00,  2.62979414e-02],
        [ 3.60066010e-01,  7.49896045e-01,  8.99363546e-01, ...,
         -3.60066010e-01, -2.62979414e-02,  0.00000000e+00]],

       ...,

       [[ 0.00000000e+00, -1.73104900e-01, -4.28239685e-01, ...,
         -5.78312869e-01, -6.14300928e-01, -5.40069402e-01],
        [ 1.73104900e-01,  0.00000000e+00, -2.65345846e-01, ...,
         -4.28360721e-01, -4.68434865e-01, -3.86227556e-01],
        [ 4.28239685e-01,  2.65345846e-01,  0.00000000e+00, ...,
         -1.73236820e-01, -2.17210487e-01, -1.27626626e-01],
        ...,
        [ 5.78312869e-01,  4.28360721e-01,  1.73236820e-01, ...,
          0.00000000e+00, -4.48255531e-02,  4.61232016e-02],
        [ 6.14300928e-01,  4.68434865e-01,  2.17210487e-01, ...,
          4.48255531e-02,  0.00000000e+00,  9.08546878e-02],
        [ 5.40069402e-01,  3.86227556e-01,  1.27626626e-01, ...,
         -4.61232016e-02, -9.08546878e-02,  0.00000000e+00]],

       [[ 0.00000000e+00,  7.52357785e-03,  1.20592496e-01, ...,
         -9.71253557e-01, -9.97279539e-01, -9.48396877e-01],
        [-7.52357785e-03,  0.00000000e+00,  1.13120412e-01, ...,
         -9.73017035e-01, -9.96696732e-01, -9.45984416e-01],
        [-1.20592496e-01, -1.13120412e-01,  0.00000000e+00, ...,
         -9.92872162e-01, -9.81112322e-01, -9.03237406e-01],
        ...,
        [ 9.71253557e-01,  9.73017035e-01,  9.92872162e-01, ...,
          0.00000000e+00, -3.08993181e-01, -5.33733987e-01],
        [ 9.97279539e-01,  9.96696732e-01,  9.81112322e-01, ...,
          3.08993181e-01,  0.00000000e+00, -2.46314482e-01],
        [ 9.48396877e-01,  9.45984416e-01,  9.03237406e-01, ...,
          5.33733987e-01,  2.46314482e-01,  0.00000000e+00]],

       [[ 0.00000000e+00, -2.73928043e-01, -5.81680744e-01, ...,
         -3.84584717e-01, -3.16580535e-01, -0.00000000e+00],
        [ 2.73928043e-01,  0.00000000e+00, -3.36613789e-01, ...,
         -6.22734580e-01, -5.64310118e-01, -2.73928043e-01],
        [ 5.81680744e-01,  3.36613789e-01,  0.00000000e+00, ...,
         -8.49771321e-01, -8.09274411e-01, -5.81680744e-01],
        ...,
        [ 3.84584717e-01,  6.22734580e-01,  8.49771321e-01, ...,
          0.00000000e+00, -7.25716160e-02, -3.84584717e-01],
        [ 3.16580535e-01,  5.64310118e-01,  8.09274411e-01, ...,
          7.25716160e-02,  0.00000000e+00, -3.16580535e-01],
        [ 0.00000000e+00,  2.73928043e-01,  5.81680744e-01, ...,
          3.84584717e-01,  3.16580535e-01,  0.00000000e+00]]]), 'num': array([ 9.68242711e-01,  2.50006898e-01,  1.74329081e-04,  6.65526142e-05,
        6.78448980e-05,  6.64718465e-05,  1.59251360e-03, -7.26909621e-07,
        6.73602916e-05,  6.91694888e-05,  7.15898286e-05,  5.35086249e-07,
        7.36049246e-05,  6.47340531e-05])}
{'img': array([[[ 0.        , -0.47349312, -0.43293093, ..., -0.99998349,
         -0.99937838, -0.96901655],
        [ 0.47349312,  0.        ,  0.04549503, ..., -0.87806218,
         -0.89694261, -0.97045818],
        [ 0.43293093, -0.04549503,  0.        , ..., -0.89892449,
         -0.91612938, -0.98042989],
        ...,
        [ 0.99998349,  0.87806218,  0.89892449, ...,  0.        ,
         -0.04099626, -0.25255989],
        [ 0.99937838,  0.89694261,  0.91612938, ...,  0.04099626,
          0.        , -0.21268035],
        [ 0.96901655,  0.97045818,  0.98042989, ...,  0.25255989,
          0.21268035,  0.        ]],

       [[ 0.        ,  0.28233985,  0.00262086, ..., -0.00642844,
         -0.1330386 , -0.02482518],
        [-0.28233985,  0.        , -0.27982465, ..., -0.28850091,
         -0.40745594, -0.30606798],
        [-0.00262086,  0.27982465,  0.        , ..., -0.00904923,
         -0.1356357 , -0.02744515],
        ...,
        [ 0.00642844,  0.28850091,  0.00904923, ...,  0.        ,
         -0.12666455, -0.0183982 ],
        [ 0.1330386 ,  0.40745594,  0.1356357 , ...,  0.12666455,
          0.        ,  0.10839309],
        [ 0.02482518,  0.30606798,  0.02744515, ...,  0.0183982 ,
         -0.10839309,  0.        ]],

       [[ 0.        , -0.54991884, -0.78812995, ..., -0.3449783 ,
         -0.37028648, -0.44282628],
        [ 0.54991884,  0.        , -0.31978046, ..., -0.80429181,
         -0.82009926, -0.86291784],
        [ 0.78812995,  0.31978046,  0.        , ..., -0.95208438,
         -0.9600224 , -0.97920668],
        ...,
        [ 0.3449783 ,  0.80429181,  0.95208438, ...,  0.        ,
          0.02709842,  0.10633136],
        [ 0.37028648,  0.82009926,  0.9600224 , ..., -0.02709842,
          0.        ,  0.07934752],
        [ 0.44282628,  0.86291784,  0.97920668, ..., -0.10633136,
         -0.07934752,  0.        ]],

       ...,

       [[ 0.        , -0.26534585, -0.19403058, ..., -0.46843487,
         -0.38622756, -0.41176551],
        [ 0.26534585,  0.        ,  0.07322786, ..., -0.21721049,
         -0.12762663, -0.1551981 ],
        [ 0.19403058, -0.07322786,  0.        , ..., -0.28810685,
         -0.199913  , -0.22712201],
        ...,
        [ 0.46843487,  0.21721049,  0.28810685, ...,  0.        ,
          0.09085469,  0.06308591],
        [ 0.38622756,  0.12762663,  0.199913  , ..., -0.09085469,
          0.        , -0.02784871],
        [ 0.41176551,  0.1551981 ,  0.22712201, ..., -0.06308591,
          0.02784871,  0.        ]],

       [[ 0.        ,  0.11017394,  0.16949469, ..., -0.99507203,
         -0.99965442, -0.93726578],
        [-0.11017394,  0.        ,  0.05988302, ..., -0.99993862,
         -0.99646507, -0.89315165],
        [-0.16949469, -0.05988302,  0.        , ..., -0.99748063,
         -0.98964615, -0.86461608],
        ...,
        [ 0.99507203,  0.99993862,  0.99748063, ...,  0.        ,
         -0.07296218, -0.43983195],
        [ 0.99965442,  0.99646507,  0.98964615, ...,  0.07296218,
          0.        , -0.37313378],
        [ 0.93726578,  0.89315165,  0.86461608, ...,  0.43983195,
          0.37313378,  0.        ]],

       [[ 0.        , -0.52208511, -0.62767808, ..., -0.44702474,
         -0.32553293, -0.        ],
        [ 0.52208511,  0.        , -0.12891331, ..., -0.84828086,
         -0.77129239, -0.52208511],
        [ 0.62767808,  0.12891331,  0.        , ..., -0.90946829,
         -0.84690749, -0.62767808],
        ...,
        [ 0.44702474,  0.84828086,  0.90946829, ...,  0.        ,
         -0.13147939, -0.44702474],
        [ 0.32553293,  0.77129239,  0.84690749, ...,  0.13147939,
          0.        , -0.32553293],
        [ 0.        ,  0.52208511,  0.62767808, ...,  0.44702474,
          0.32553293,  0.        ]]]), 'num': array([ 8.87731004e-01,  4.60347206e-01,  1.06446778e-04,  6.02373238e-05,
        6.24127689e-05,  5.96372010e-05,  3.75118745e-03, -1.57532229e-06,
        6.20376921e-05,  6.39018235e-05,  6.63285700e-05,  4.21434535e-07,
        6.81589098e-05,  5.96447373e-05])}
{'img': array([[[ 0.        ,  0.04298607,  0.40052472, ..., -0.84012637,
         -0.91592932, -0.93798839],
        [-0.04298607,  0.        ,  0.36076697, ..., -0.86266506,
         -0.93233471, -0.92221954],
        [-0.40052472, -0.36076697,  0.        , ..., -0.98703688,
         -0.9999996 , -0.72061702],
        ...,
        [ 0.84012637,  0.86266506,  0.98703688, ...,  0.        ,
         -0.15961556, -0.8       ],
        [ 0.91592932,  0.93233471,  0.9999996 , ...,  0.15961556,
          0.        , -0.69397406],
        [ 0.93798839,  0.92221954,  0.72061702, ...,  0.8       ,
          0.69397406,  0.        ]],

       [[ 0.        , -0.27982465, -0.30155751, ..., -0.40745594,
         -0.30606798, -0.00516345],
        [ 0.27982465,  0.        , -0.02271238, ..., -0.1356357 ,
         -0.02744515,  0.27486374],
        [ 0.30155751,  0.02271238,  0.        , ..., -0.11309822,
         -0.00473424,  0.29663041],
        ...,
        [ 0.40745594,  0.1356357 ,  0.11309822, ...,  0.        ,
          0.10839309,  0.40273511],
        [ 0.30606798,  0.02744515,  0.00473424, ..., -0.10839309,
          0.        ,  0.30114825],
        [ 0.00516345, -0.27486374, -0.29663041, ..., -0.40273511,
         -0.30114825,  0.        ]],

       [[ 0.        , -0.64778716, -0.73849798, ..., -0.40922317,
         -0.47974483, -0.        ],
        [ 0.64778716,  0.        , -0.12582936, ..., -0.90281819,
         -0.93385354, -0.64778716],
        [ 0.73849798,  0.12582936,  0.        , ..., -0.94975195,
         -0.97143476, -0.73849798],
        ...,
        [ 0.40922317,  0.90281819,  0.94975195, ...,  0.        ,
          0.07867995, -0.40922317],
        [ 0.47974483,  0.93385354,  0.97143476, ..., -0.07867995,
          0.        , -0.47974483],
        [ 0.        ,  0.64778716,  0.73849798, ...,  0.40922317,
          0.47974483,  0.        ]],

       ...,

       [[ 0.        ,  0.07322786,  0.38510045, ..., -0.12762663,
         -0.1551981 , -0.39262091],
        [-0.07322786,  0.        ,  0.31648641, ..., -0.199913  ,
         -0.22712201, -0.45891451],
        [-0.38510045, -0.31648641,  0.        , ..., -0.49973459,
         -0.52366273, -0.71651693],
        ...,
        [ 0.12762663,  0.199913  ,  0.49973459, ...,  0.        ,
         -0.02784871, -0.27203191],
        [ 0.1551981 ,  0.22712201,  0.52366273, ...,  0.02784871,
          0.        , -0.24512791],
        [ 0.39262091,  0.45891451,  0.71651693, ...,  0.27203191,
          0.24512791,  0.        ]],

       [[ 0.        ,  0.05879209,  0.05879209, ..., -0.99979133,
         -0.9882505 , -0.88553392],
        [-0.05879209,  0.        ,  0.        , ..., -0.99926293,
         -0.97755512, -0.85668885],
        [-0.05879209,  0.        ,  0.        , ..., -0.99926293,
         -0.97755512, -0.85668885],
        ...,
        [ 0.99979133,  0.99926293,  0.99926293, ...,  0.        ,
         -0.17299874, -0.48256726],
        [ 0.9882505 ,  0.97755512,  0.97755512, ...,  0.17299874,
          0.        , -0.32376864],
        [ 0.88553392,  0.85668885,  0.85668885, ...,  0.48256726,
          0.32376864,  0.        ]],

       [[ 0.        , -0.38257304, -0.38257304, ..., -0.54505051,
         -0.4479006 , -0.        ],
        [ 0.38257304,  0.        ,  0.        , ..., -0.8243364 ,
         -0.75587886, -0.38257304],
        [ 0.38257304,  0.        ,  0.        , ..., -0.8243364 ,
         -0.75587886, -0.38257304],
        ...,
        [ 0.54505051,  0.8243364 ,  0.8243364 , ...,  0.        ,
         -0.1117993 , -0.54505051],
        [ 0.4479006 ,  0.75587886,  0.75587886, ...,  0.1117993 ,
          0.        , -0.4479006 ],
        [ 0.        ,  0.38257304,  0.38257304, ...,  0.54505051,
          0.4479006 ,  0.        ]]]), 'num': array([ 8.62213616e-01,  5.06535539e-01,  9.08500796e-05,  5.76557079e-05,
        5.93492983e-05,  5.72875360e-05,  3.06426465e-03, -1.47268730e-06,
        6.00561882e-05,  6.23057180e-05,  6.49590096e-05,  4.13676208e-07,
        6.67427064e-05,  5.78687297e-05])}
{'img': array([[[ 0.        ,  0.33423269,  0.24021097, ..., -0.85251038,
         -0.97511861, -0.88852742],
        [-0.33423269,  0.        , -0.09805002, ..., -0.97818988,
         -0.99313408, -0.68407491],
        [-0.24021097,  0.09805002,  0.        , ..., -0.95311022,
         -0.9998187 , -0.75229752],
        ...,
        [ 0.85251038,  0.97818988,  0.95311022, ...,  0.        ,
         -0.32071681, -0.85559425],
        [ 0.97511861,  0.99313408,  0.9998187 , ...,  0.32071681,
          0.        , -0.64437948],
        [ 0.88852742,  0.68407491,  0.75229752, ...,  0.85559425,
          0.64437948,  0.        ]],

       [[ 0.        , -0.02271238, -0.26799327, ..., -0.02744515,
          0.27486374,  0.21080713],
        [ 0.02271238,  0.        , -0.24604256, ..., -0.00473424,
          0.29663041,  0.23295474],
        [ 0.26799327,  0.24604256,  0.        , ...,  0.24145109,
          0.52248046,  0.46506681],
        ...,
        [ 0.02744515,  0.00473424, -0.24145109, ...,  0.        ,
          0.30114825,  0.23755612],
        [-0.27486374, -0.29663041, -0.52248046, ..., -0.30114825,
          0.        , -0.0659994 ],
        [-0.21080713, -0.23295474, -0.46506681, ..., -0.23755612,
          0.0659994 ,  0.        ]],

       [[ 0.        , -0.1273737 , -0.19516645, ..., -0.98787852,
         -0.94573864, -0.58324299],
        [ 0.1273737 ,  0.        , -0.06865245, ..., -0.99960414,
         -0.97942274, -0.68195773],
        [ 0.19516645,  0.06865245,  0.        , ..., -0.99917723,
         -0.99096732, -0.73056057],
        ...,
        [ 0.98787852,  0.99960414,  0.99917723, ...,  0.        ,
         -0.17418367, -0.71191527],
        [ 0.94573864,  0.97942274,  0.99096732, ...,  0.17418367,
          0.        , -0.57870919],
        [ 0.58324299,  0.68195773,  0.73056057, ...,  0.71191527,
          0.57870919,  0.        ]],

       ...,

       [[ 0.        ,  0.31648641,  0.02478358, ..., -0.22712201,
         -0.45891451, -0.45891451],
        [-0.31648641,  0.        , -0.29287957, ..., -0.52366273,
         -0.71651693, -0.71651693],
        [-0.02478358,  0.29287957,  0.        , ..., -0.25118814,
         -0.48079327, -0.48079327],
        ...,
        [ 0.22712201,  0.52366273,  0.25118814, ...,  0.        ,
         -0.24512791, -0.24512791],
        [ 0.45891451,  0.71651693,  0.48079327, ...,  0.24512791,
          0.        ,  0.        ],
        [ 0.45891451,  0.71651693,  0.48079327, ...,  0.24512791,
          0.        ,  0.        ]],

       [[ 0.        ,  0.        , -0.02417152, ..., -0.99350883,
         -0.96605924, -0.85040151],
        [ 0.        ,  0.        , -0.02417152, ..., -0.99350883,
         -0.96605924, -0.85040151],
        [ 0.02417152,  0.02417152,  0.        , ..., -0.99596819,
         -0.97202099, -0.86287051],
        ...,
        [ 0.99350883,  0.99350883,  0.99596819, ...,  0.        ,
         -0.14674975, -0.42598163],
        [ 0.96605924,  0.96605924,  0.97202099, ...,  0.14674975,
          0.        , -0.28860063],
        [ 0.85040151,  0.85040151,  0.86287051, ...,  0.42598163,
          0.28860063,  0.        ]],

       [[ 0.        ,  0.        , -0.29228845, ..., -0.66045405,
         -0.52212099, -0.        ],
        [ 0.        ,  0.        , -0.29228845, ..., -0.66045405,
         -0.52212099, -0.        ],
        [ 0.29228845,  0.29228845,  0.        , ..., -0.85108175,
         -0.74860454, -0.29228845],
        ...,
        [ 0.66045405,  0.66045405,  0.85108175, ...,  0.        ,
         -0.17123924, -0.66045405],
        [ 0.52212099,  0.52212099,  0.74860454, ...,  0.17123924,
          0.        , -0.52212099],
        [ 0.        ,  0.        ,  0.29228845, ...,  0.66045405,
          0.52212099,  0.        ]]]), 'num': array([ 7.29089799e-01,  6.84417230e-01,  1.15732043e-05,  4.81385439e-05,
        4.91985895e-05,  4.78891213e-05,  1.04880917e-03, -6.85911894e-07,
        5.00715683e-05,  5.23756087e-05,  5.48687945e-05,  3.46420149e-07,
        5.63584642e-05,  4.83927532e-05])}
{'img': array([[[ 0.00000000e+00, -9.45182346e-02,  0.00000000e+00, ...,
         -9.99933462e-01, -9.41535129e-01, -6.66106823e-01],
        [ 9.45182346e-02,  0.00000000e+00,  9.45182346e-02, ...,
         -9.94366561e-01, -9.69164594e-01, -7.33621776e-01],
        [ 0.00000000e+00, -9.45182346e-02,  0.00000000e+00, ...,
         -9.99933462e-01, -9.41535129e-01, -6.66106823e-01],
        ...,
        [ 9.99933462e-01,  9.94366561e-01,  9.99933462e-01, ...,
          0.00000000e+00, -3.47753631e-01, -7.53490701e-01],
        [ 9.41535129e-01,  9.69164594e-01,  9.41535129e-01, ...,
          3.47753631e-01,  0.00000000e+00, -4.77828692e-01],
        [ 6.66106823e-01,  7.33621776e-01,  6.66106823e-01, ...,
          7.53490701e-01,  4.77828692e-01,  0.00000000e+00]],

       [[ 0.00000000e+00, -2.46042558e-01, -2.39307476e-02, ...,
          2.96630409e-01,  2.32954736e-01, -5.68454335e-02],
        [ 2.46042558e-01,  0.00000000e+00,  2.22777003e-01, ...,
          5.22480464e-01,  4.65066812e-01,  1.90546755e-01],
        [ 2.39307476e-02, -2.22777003e-01,  0.00000000e+00, ...,
          3.19399141e-01,  2.56160377e-01, -3.29371027e-02],
        ...,
        [-2.96630409e-01, -5.22480464e-01, -3.19399141e-01, ...,
          0.00000000e+00, -6.59993963e-02, -3.50437710e-01],
        [-2.32954736e-01, -4.65066812e-01, -2.56160377e-01, ...,
          6.59993963e-02,  0.00000000e+00, -2.87859524e-01],
        [ 5.68454335e-02, -1.90546755e-01,  3.29371027e-02, ...,
          3.50437710e-01,  2.87859524e-01,  0.00000000e+00]],

       [[ 0.00000000e+00, -6.48927445e-02, -7.73333745e-02, ...,
         -9.99960862e-01, -9.71470145e-01, -6.54293374e-01],
        [ 6.48927445e-02,  0.00000000e+00, -1.24719651e-02, ...,
         -9.97279065e-01, -9.84812609e-01, -7.01988826e-01],
        [ 7.73333745e-02,  1.24719651e-02,  0.00000000e+00, ...,
         -9.96282080e-01, -9.86901403e-01, -7.10816610e-01],
        ...,
        [ 9.99960862e-01,  9.97279065e-01,  9.96282080e-01, ...,
          0.00000000e+00, -2.45747465e-01, -7.61999940e-01],
        [ 9.71470145e-01,  9.84812609e-01,  9.86901403e-01, ...,
          2.45747465e-01,  0.00000000e+00, -5.79491935e-01],
        [ 6.54293374e-01,  7.01988826e-01,  7.10816610e-01, ...,
          7.61999940e-01,  5.79491935e-01,  0.00000000e+00]],

       ...,

       [[ 0.00000000e+00, -2.92879572e-01, -2.06544469e-01, ...,
         -7.16516929e-01, -7.16516929e-01, -7.28662970e-01],
        [ 2.92879572e-01,  0.00000000e+00,  8.90769150e-02, ...,
         -4.80793272e-01, -4.80793272e-01, -4.96125466e-01],
        [ 2.06544469e-01, -8.90769150e-02,  0.00000000e+00, ...,
         -5.56987664e-01, -5.56987664e-01, -5.71494350e-01],
        ...,
        [ 7.16516929e-01,  4.80793272e-01,  5.56987664e-01, ...,
          0.00000000e+00,  0.00000000e+00, -1.75705050e-02],
        [ 7.16516929e-01,  4.80793272e-01,  5.56987664e-01, ...,
          0.00000000e+00,  0.00000000e+00, -1.75705050e-02],
        [ 7.28662970e-01,  4.96125466e-01,  5.71494350e-01, ...,
          1.75705050e-02,  1.75705050e-02,  0.00000000e+00]],

       [[ 0.00000000e+00, -2.37814303e-02, -2.40999632e-02, ...,
         -9.90328215e-01, -9.68000568e-01, -8.43120594e-01],
        [ 2.37814303e-02,  0.00000000e+00, -3.18624224e-04, ...,
         -9.93347674e-01, -9.73694702e-01, -8.55670002e-01],
        [ 2.40999632e-02,  3.18624224e-04,  0.00000000e+00, ...,
         -9.93384314e-01, -9.73767254e-01, -8.55834854e-01],
        ...,
        [ 9.90328215e-01,  9.93347674e-01,  9.93384314e-01, ...,
          0.00000000e+00, -1.14216163e-01, -4.15545450e-01],
        [ 9.68000568e-01,  9.73694702e-01,  9.73767254e-01, ...,
          1.14216163e-01,  0.00000000e+00, -3.08938216e-01],
        [ 8.43120594e-01,  8.55670002e-01,  8.55834854e-01, ...,
          4.15545450e-01,  3.08938216e-01,  0.00000000e+00]],

       [[ 0.00000000e+00, -2.81688025e-01, -3.39912254e-01, ...,
         -6.95916052e-01, -5.19365956e-01, -0.00000000e+00],
        [ 2.81688025e-01,  0.00000000e+00, -6.12323450e-02, ...,
         -8.70022351e-01, -7.39051822e-01, -2.81688025e-01],
        [ 3.39912254e-01,  6.12323450e-02,  0.00000000e+00, ...,
         -8.98578086e-01, -7.78914103e-01, -3.39912254e-01],
        ...,
        [ 6.95916052e-01,  8.70022351e-01,  8.98578086e-01, ...,
          0.00000000e+00, -2.21727693e-01, -6.95916052e-01],
        [ 5.19365956e-01,  7.39051822e-01,  7.78914103e-01, ...,
          2.21727693e-01,  0.00000000e+00, -5.19365956e-01],
        [ 0.00000000e+00,  2.81688025e-01,  3.39912254e-01, ...,
          6.95916052e-01,  5.19365956e-01,  0.00000000e+00]]]), 'num': array([7.23399593e-01, 6.90429064e-01, 8.30491922e-06, 4.90632877e-05,
       4.91868728e-05, 4.77038515e-05, 8.45581664e-04, 1.35943618e-06,
       4.91374387e-05, 5.15875135e-05, 5.42332647e-05, 3.99076910e-07,
       5.53814505e-05, 4.77935765e-05])}
{'img': array([[[ 0.00000000e+00,  9.45182346e-02, -1.67634601e-01, ...,
         -9.69164594e-01, -7.33621776e-01, -9.99390027e-01],
        [-9.45182346e-02,  0.00000000e+00, -2.60064849e-01, ...,
         -9.41535129e-01, -6.66106823e-01, -9.91615086e-01],
        [ 1.67634601e-01,  2.60064849e-01,  0.00000000e+00, ...,
         -9.96757694e-01, -8.37157875e-01, -9.91102058e-01],
        ...,
        [ 9.69164594e-01,  9.41535129e-01,  9.96757694e-01, ...,
          0.00000000e+00, -4.77828692e-01,  2.12418415e-01],
        [ 7.33621776e-01,  6.66106823e-01,  8.37157875e-01, ...,
          4.77828692e-01,  0.00000000e+00,  6.53523672e-01],
        [ 9.99390027e-01,  9.91615086e-01,  9.91102058e-01, ...,
         -2.12418415e-01, -6.53523672e-01,  0.00000000e+00]],

       [[ 0.00000000e+00,  2.22777003e-01,  3.65702205e-01, ...,
          4.65066812e-01,  1.90546755e-01,  1.10560650e-01],
        [-2.22777003e-01,  0.00000000e+00,  1.49166234e-01, ...,
          2.56160377e-01, -3.29371027e-02, -1.13629043e-01],
        [-3.65702205e-01, -1.49166234e-01,  0.00000000e+00, ...,
          1.09105291e-01, -1.81653907e-01, -2.60557898e-01],
        ...,
        [-4.65066812e-01, -2.56160377e-01, -1.09105291e-01, ...,
          0.00000000e+00, -2.87859524e-01, -3.64339019e-01],
        [-1.90546755e-01,  3.29371027e-02,  1.81653907e-01, ...,
          2.87859524e-01,  0.00000000e+00, -8.08436139e-02],
        [-1.10560650e-01,  1.13629043e-01,  2.60557898e-01, ...,
          3.64339019e-01,  8.08436139e-02,  0.00000000e+00]],

       [[ 0.00000000e+00, -1.20736785e-02,  2.04741575e-02, ...,
         -9.99063104e-01, -9.40976201e-01, -6.85813026e-01],
        [ 1.20736785e-02,  0.00000000e+00,  3.25438127e-02, ...,
         -9.99512797e-01, -9.44994225e-01, -6.94549992e-01],
        [-2.04741575e-02, -3.25438127e-02,  0.00000000e+00, ...,
         -9.97967618e-01, -9.33849012e-01, -6.70768630e-01],
        ...,
        [ 9.99063104e-01,  9.99512797e-01,  9.97967618e-01, ...,
          0.00000000e+00, -2.97432810e-01, -6.97415865e-01],
        [ 9.40976201e-01,  9.44994225e-01,  9.33849012e-01, ...,
          2.97432810e-01,  0.00000000e+00, -4.52692562e-01],
        [ 6.85813026e-01,  6.94549992e-01,  6.70768630e-01, ...,
          6.97415865e-01,  4.52692562e-01,  0.00000000e+00]],

       ...,

       [[ 0.00000000e+00,  8.90769150e-02, -1.44060396e-01, ...,
         -4.80793272e-01, -4.96125466e-01, -2.87326113e-01],
        [-8.90769150e-02,  0.00000000e+00, -2.31635465e-01, ...,
         -5.56987664e-01, -5.71494350e-01, -3.71504712e-01],
        [ 1.44060396e-01,  2.31635465e-01,  0.00000000e+00, ...,
         -3.49461017e-01, -3.65869770e-01, -1.46343209e-01],
        ...,
        [ 4.80793272e-01,  5.56987664e-01,  3.49461017e-01, ...,
          0.00000000e+00, -1.75705050e-02,  2.08582275e-01],
        [ 4.96125466e-01,  5.71494350e-01,  3.65869770e-01, ...,
          1.75705050e-02,  0.00000000e+00,  2.25734114e-01],
        [ 2.87326113e-01,  3.71504712e-01,  1.46343209e-01, ...,
