state_0,state_1,state_2,state_3,state_4,state_5,state_6,state_7,state_8,state_9,state_10,state_11,state_12,state_13,state_14,state_15,state_16,state_17,state_18,state_19,state_20,state_21,state_22,state_23,state_24,state_25,state_26,state_27,state_28,state_29,state_30,state_31,state_32,state_33,state_34,state_35,state_36,state_37,state_38,state_39,state_40,state_41,state_42,state_43,state_44,state_45,state_46,state_47,state_48,state_49,state_50,state_51,state_52,state_53,state_54,state_55,state_56,state_57,state_58,state_59,state_60,state_61,state_62,state_63,state_64,state_65,state_66,state_67,state_68,state_69,state_70,state_71,state_72,state_73,state_74,state_75,state_76,state_77,state_78,state_79,state_80,state_81,state_82,state_83,state_84,state_85,state_86,state_87,state_88,state_89,state_90,state_91,state_92,state_93,state_94,state_95,state_96,state_97,state_98,state_99,state_100,state_101,state_102,state_103,state_104,state_105,state_106,state_107,state_108,state_109,state_110,state_111,state_112,state_113,state_114,state_115,state_116,state_117,state_118,state_119,state_120,state_121,state_122,state_123,state_124,state_125,state_126,state_127,state_128,state_129,state_130,state_131,state_132,state_133,state_134,state_135,state_136,state_137,state_138,state_139,state_140,state_141,state_142,state_143,state_144,state_145,state_146,state_147,state_148,state_149,state_150,state_151,state_152,state_153,state_154,state_155,state_156,state_157,state_158,state_159,state_160,state_161,state_162,state_163,state_164,state_165,state_166,state_167,state_168,state_169,state_170,state_171,state_172,state_173,state_174,state_175,state_176,state_177,state_178,state_179,state_180,state_181,state_182,state_183,state_184,state_185,state_186,state_187,state_188,state_189,state_190,state_191,state_192,state_193,state_194,state_195,state_196,state_197,state_198,state_199,state_200,state_201,state_202,state_203,state_204,state_205,state_206,state_207,state_208,state_209,state_210,state_211,state_212,state_213,state_214,state_215,state_216,state_217,state_218,state_219,state_220,state_221,state_222,state_223,state_224,state_225,state_226,state_227,state_228,state_229,state_230,state_231,state_232,state_233,state_234,state_235,state_236,state_237,state_238,state_239,state_240,state_241,state_242,state_243,state_244,state_245,state_246,state_247,state_248,state_249,state_250,state_251,state_252,state_253,state_254,state_255,state_256,state_257,state_258,state_259,state_260,state_261,state_262,state_263,state_264,state_265,state_266,state_267,state_268,state_269,state_270,state_271,state_272,state_273,state_274,state_275,state_276,state_277,state_278,state_279,state_280,state_281,state_282,state_283,state_284,state_285,state_286,state_287
{'img': array([[[ 0.        , -0.1341149 , -0.42287912, ...,  0.51934966,
          0.40701608,  0.72963384],
        [ 0.1341149 ,  0.        , -0.29752568, ...,  0.62926722,
          0.52584238,  0.81475505],
        [ 0.42287912,  0.29752568,  0.        , ...,  0.8320038 ,
          0.75509898,  0.95036487],
        ...,
        [-0.51934966, -0.62926722, -0.8320038 , ...,  0.        ,
         -0.12656447,  0.26836619],
        [-0.40701608, -0.52584238, -0.75509898, ...,  0.12656447,
          0.        ,  0.38812979],
        [-0.72963384, -0.81475505, -0.95036487, ..., -0.26836619,
         -0.38812979,  0.        ]],

       [[ 0.        , -0.4044228 ,  0.03246362, ...,  0.18990043,
         -0.07664017,  0.61214136],
        [ 0.4044228 ,  0.        ,  0.43389995, ...,  0.5707413 ,
          0.33314035,  0.8796441 ],
        [-0.03246362, -0.43389995,  0.        , ...,  0.15792745,
         -0.10896791,  0.58614816],
        ...,
        [-0.18990043, -0.5707413 , -0.15792745, ...,  0.        ,
         -0.26458748,  0.45083899],
        [ 0.07664017, -0.33314035,  0.10896791, ...,  0.26458748,
          0.        ,  0.67094403],
        [-0.61214136, -0.8796441 , -0.58614816, ..., -0.45083899,
         -0.67094403,  0.        ]],

       [[ 0.        , -0.1018297 , -0.24535369, ...,  0.37642548,
          0.31024976,  0.4029198 ],
        [ 0.1018297 ,  0.        , -0.14536116, ...,  0.46880857,
          0.40544196,  0.4940235 ],
        [ 0.24535369,  0.14536116,  0.        , ...,  0.59222668,
          0.53401328,  0.61516036],
        ...,
        [-0.37642548, -0.46880857, -0.59222668, ...,  0.        ,
         -0.07042086,  0.02876592],
        [-0.31024976, -0.40544196, -0.53401328, ...,  0.07042086,
          0.        ,  0.09908623],
        [-0.4029198 , -0.4940235 , -0.61516036, ..., -0.02876592,
         -0.09908623,  0.        ]],

       ...,

       [[ 0.        , -0.39014801, -0.60427629, ..., -0.81991149,
         -0.87385323, -0.54683308],
        [ 0.39014801,  0.        , -0.24552857, ..., -0.53157932,
         -0.61491627, -0.17684958],
        [ 0.60427629,  0.24552857,  0.        , ..., -0.30734254,
         -0.40247131,  0.07022242],
        ...,
        [ 0.81991149,  0.53157932,  0.30734254, ...,  0.        ,
         -0.1016399 ,  0.37340741],
        [ 0.87385323,  0.61491627,  0.40247131, ...,  0.1016399 ,
          0.        ,  0.46576165],
        [ 0.54683308,  0.17684958, -0.07022242, ..., -0.37340741,
         -0.46576165,  0.        ]],

       [[ 0.        , -0.12319525, -0.30567062, ...,  0.99994046,
          0.99971537,  0.99216328],
        [ 0.12319525,  0.        , -0.18604336, ...,  0.99097898,
          0.99503912,  0.99999844],
        [ 0.30567062,  0.18604336,  0.        , ...,  0.94874496,
          0.95915884,  0.98286864],
        ...,
        [-0.99994046, -0.99097898, -0.94874496, ...,  0.        ,
         -0.03476557, -0.13576772],
        [-0.99971537, -0.99503912, -0.95915884, ...,  0.03476557,
          0.        , -0.10124198],
        [-0.99216328, -0.99999844, -0.98286864, ...,  0.13576772,
          0.10124198,  0.        ]],

       [[ 0.        ,  0.0307047 ,  0.05796451, ...,  0.68714067,
          0.631978  ,  0.64031012],
        [-0.0307047 ,  0.        ,  0.02728411, ...,  0.66450897,
          0.6078843 ,  0.61642343],
        [-0.05796451, -0.02728411,  0.        , ...,  0.64387271,
          0.58599372,  0.59471003],
        ...,
        [-0.68714067, -0.66450897, -0.64387271, ...,  0.        ,
         -0.07337718, -0.06260316],
        [-0.631978  , -0.6078843 , -0.58599372, ...,  0.07337718,
          0.        ,  0.01079886],
        [-0.64031012, -0.61642343, -0.59471003, ...,  0.06260316,
         -0.01079886,  0.        ]]]), 'num': array([8.22871540e-01, 5.68215546e-01, 2.13101250e-06, 1.25446303e-03,
       1.27125918e-03, 1.21352239e-03, 1.16559036e-03, 2.09951971e-05,
       1.18832815e-03, 1.23241807e-03, 1.22340763e-03, 5.52028889e-07,
       1.36332948e-03, 1.10150666e-03])}
{'img': array([[[ 0.        , -0.29752568,  0.11748793, ...,  0.52584238,
          0.81475505,  0.87569929],
        [ 0.29752568,  0.        ,  0.40763247, ...,  0.75509898,
          0.95036487,  0.97970453],
        [-0.11748793, -0.40763247,  0.        , ...,  0.42226743,
          0.74099218,  0.81290462],
        ...,
        [-0.52584238, -0.75509898, -0.42226743, ...,  0.        ,
          0.38812979,  0.49094748],
        [-0.81475505, -0.95036487, -0.74099218, ..., -0.38812979,
          0.        ,  0.11432505],
        [-0.87569929, -0.97970453, -0.81290462, ..., -0.49094748,
         -0.11432505,  0.        ]],

       [[ 0.        ,  0.43389995,  0.05316173, ...,  0.33314035,
          0.8796441 ,  0.51463066],
        [-0.43389995,  0.        , -0.38538973, ..., -0.10896791,
          0.58614816,  0.09163117],
        [-0.05316173,  0.38538973,  0.        , ...,  0.28254428,
          0.85311476,  0.46832142],
        ...,
        [-0.33314035,  0.10896791, -0.28254428, ...,  0.        ,
          0.67094403,  0.19959501],
        [-0.8796441 , -0.58614816, -0.85311476, ..., -0.67094403,
          0.        , -0.50944232],
        [-0.51463066, -0.09163117, -0.46832142, ..., -0.19959501,
          0.50944232,  0.        ]],

       [[ 0.        , -0.14536116, -0.16316462, ...,  0.40544196,
          0.4940235 ,  0.60063094],
        [ 0.14536116,  0.        , -0.01801843, ...,  0.53401328,
          0.61516036,  0.71047152],
        [ 0.16316462,  0.01801843,  0.        , ...,  0.54916074,
          0.62926626,  0.72303622],
        ...,
        [-0.40544196, -0.53401328, -0.54916074, ...,  0.        ,
          0.09908623,  0.22488768],
        [-0.4940235 , -0.61516036, -0.62926626, ..., -0.09908623,
          0.        ,  0.12723287],
        [-0.60063094, -0.71047152, -0.72303622, ..., -0.22488768,
         -0.12723287,  0.        ]],

       ...,

       [[ 0.        , -0.24552857,  0.08273151, ..., -0.61491627,
         -0.17684958,  0.14624356],
        [ 0.24552857,  0.        ,  0.32488592, ..., -0.40247131,
          0.07022242,  0.38465575],
        [-0.08273151, -0.32488592,  0.        , ..., -0.6780497 ,
         -0.25767081,  0.06390018],
        ...,
        [ 0.61491627,  0.40247131,  0.6780497 , ...,  0.        ,
          0.46576165,  0.72363162],
        [ 0.17684958, -0.07022242,  0.25767081, ..., -0.46576165,
          0.        ,  0.31888665],
        [-0.14624356, -0.38465575, -0.06390018, ..., -0.72363162,
         -0.31888665,  0.        ]],

       [[ 0.        , -0.18604336, -0.39651366, ...,  0.99503912,
          0.99999844,  0.99792293],
        [ 0.18604336,  0.        , -0.21879797, ...,  0.95915884,
          0.98286864,  0.99248549],
        [ 0.39651366,  0.21879797,  0.        , ...,  0.87402765,
          0.91872782,  0.94166511],
        ...,
        [-0.99503912, -0.95915884, -0.87402765, ...,  0.        ,
         -0.10124198, -0.16337744],
        [-0.99999844, -0.98286864, -0.91872782, ...,  0.10124198,
          0.        , -0.06265632],
        [-0.99792293, -0.99248549, -0.94166511, ...,  0.16337744,
          0.06265632,  0.        ]],

       [[ 0.        ,  0.02728411,  0.08154735, ...,  0.6078843 ,
          0.61642343,  0.62536781],
        [-0.02728411,  0.        ,  0.05432376, ...,  0.58599372,
          0.59471003,  0.60384439],
        [-0.08154735, -0.05432376,  0.        , ...,  0.54110904,
          0.55015881,  0.55965115],
        ...,
        [-0.6078843 , -0.58599372, -0.54110904, ...,  0.        ,
          0.01079886,  0.02220763],
        [-0.61642343, -0.59471003, -0.55015881, ..., -0.01079886,
          0.        ,  0.01141014],
        [-0.62536781, -0.60384439, -0.55965115, ..., -0.02220763,
         -0.01141014,  0.        ]]]), 'num': array([ 8.16166918e-01,  5.77770493e-01,  2.04456626e-06,  2.50943606e-03,
        2.59767524e-03,  2.49652301e-03,  1.37993157e-03, -6.24130753e-05,
        2.48404040e-03,  2.51761433e-03,  2.51298715e-03,  1.05589283e-06,
        2.77532450e-03,  2.25990415e-03])}
{'img': array([[[ 0.        ,  0.40763247,  0.06572501, ...,  0.95036487,
          0.97970453,  0.93310829],
        [-0.40763247,  0.        , -0.34673454, ...,  0.74099218,
          0.81290462,  0.70548138],
        [-0.06572501,  0.34673454,  0.        , ...,  0.92786045,
          0.9644118 ,  0.90745628],
        ...,
        [-0.95036487, -0.74099218, -0.92786045, ...,  0.        ,
          0.11432505, -0.05142185],
        [-0.97970453, -0.81290462, -0.9644118 , ..., -0.11432505,
          0.        , -0.1652585 ],
        [-0.93310829, -0.70548138, -0.90745628, ...,  0.05142185,
          0.1652585 ,  0.        ]],

       [[ 0.        , -0.38538973, -0.11124176, ...,  0.58614816,
          0.09163117, -0.26612889],
        [ 0.38538973,  0.        ,  0.28034899, ...,  0.85311476,
          0.46832142,  0.12592012],
        [ 0.11124176, -0.28034899,  0.        , ...,  0.67263867,
          0.20183622, -0.15724703],
        ...,
        [-0.58614816, -0.85311476, -0.67263867, ...,  0.        ,
         -0.50944232, -0.78062883],
        [-0.09163117, -0.46832142, -0.20183622, ...,  0.50944232,
          0.        , -0.35333601],
        [ 0.26612889, -0.12592012,  0.15724703, ...,  0.78062883,
          0.35333601,  0.        ]],

       [[ 0.        , -0.01801843, -0.14009744, ...,  0.61516036,
          0.71047152,  0.80822197],
        [ 0.01801843,  0.        , -0.12223396, ...,  0.62926626,
          0.72303622,  0.81870142],
        [ 0.14009744,  0.12223396,  0.        , ...,  0.71954658,
          0.80205486,  0.88275135],
        ...,
        [-0.61516036, -0.62926626, -0.71954658, ...,  0.        ,
          0.12723287,  0.27494945],
        [-0.71047152, -0.72303622, -0.80205486, ..., -0.12723287,
          0.        ,  0.15038576],
        [-0.80822197, -0.81870142, -0.88275135, ..., -0.27494945,
         -0.15038576,  0.        ]],

       ...,

       [[ 0.        ,  0.32488592,  0.34154243, ...,  0.07022242,
          0.38465575,  0.28804611],
        [-0.32488592,  0.        ,  0.01766551, ..., -0.25767081,
          0.06390018, -0.03869559],
        [-0.34154243, -0.01766551,  0.        , ..., -0.27469959,
          0.0462608 , -0.05634183],
        ...,
        [-0.07022242,  0.25767081,  0.27469959, ...,  0.        ,
          0.31888665,  0.22008888],
        [-0.38465575, -0.06390018, -0.0462608 , ..., -0.31888665,
          0.        , -0.10246883],
        [-0.28804611,  0.03869559,  0.05634183, ..., -0.22008888,
          0.10246883,  0.        ]],

       [[ 0.        , -0.21879797, -0.44929212, ...,  0.98286864,
          0.99248549,  0.9990149 ],
        [ 0.21879797,  0.        , -0.24293506, ...,  0.91872782,
          0.94166511,  0.9650996 ],
        [ 0.44929212,  0.24293506,  0.        , ...,  0.79527212,
          0.8316951 ,  0.87256709],
        ...,
        [-0.98286864, -0.91872782, -0.79527212, ...,  0.        ,
         -0.06265632, -0.1405102 ],
        [-0.99248549, -0.94166511, -0.8316951 , ...,  0.06265632,
          0.        , -0.0781994 ],
        [-0.9990149 , -0.9650996 , -0.87256709, ...,  0.1405102 ,
          0.0781994 ,  0.        ]],

       [[ 0.        ,  0.05432376,  0.03487851, ...,  0.59471003,
          0.60384439,  0.60875936],
        [-0.05432376,  0.        , -0.0194637 , ...,  0.55015881,
          0.55965115,  0.56476243],
        [-0.03487851,  0.0194637 ,  0.        , ...,  0.56630795,
          0.57567525,  0.58071793],
        ...,
        [-0.59471003, -0.55015881, -0.56630795, ...,  0.        ,
          0.01141014,  0.01759003],
        [-0.60384439, -0.55965115, -0.57567525, ..., -0.01141014,
          0.        ,  0.00618051],
        [-0.60875936, -0.56476243, -0.58071793, ..., -0.01759003,
         -0.00618051,  0.        ]]]), 'num': array([ 8.07182438e-01,  5.90257682e-01,  1.93682817e-06,  2.41027506e-03,
        2.48990022e-03,  2.41027506e-03,  1.78648727e-03, -9.89934399e-05,
        2.48043128e-03,  2.50066037e-03,  2.51683648e-03,  9.34095122e-07,
        2.73967734e-03,  2.26164341e-03])}
{'img': array([[[ 0.        , -0.34673454,  0.25224242, ...,  0.81290462,
          0.70548138,  0.49265804],
        [ 0.34673454,  0.        ,  0.57211669, ...,  0.9644118 ,
          0.90745628,  0.76383153],
        [-0.25224242, -0.57211669,  0.        , ...,  0.6397134 ,
          0.50389761,  0.25722033],
        ...,
        [-0.81290462, -0.9644118 , -0.6397134 , ...,  0.        ,
         -0.1652585 , -0.4204858 ],
        [-0.70548138, -0.90745628, -0.50389761, ...,  0.1652585 ,
          0.        , -0.26476535],
        [-0.49265804, -0.76383153, -0.25722033, ...,  0.4204858 ,
          0.26476535,  0.        ]],

       [[ 0.        ,  0.28034899,  0.92659884, ...,  0.46832142,
          0.12592012,  0.28727041],
        [-0.28034899,  0.        ,  0.7840149 , ...,  0.20183622,
         -0.15724703,  0.00721819],
        [-0.92659884, -0.7840149 ,  0.        , ..., -0.6425911 ,
         -0.87187104, -0.77951384],
        ...,
        [-0.46832142, -0.20183622,  0.6425911 , ...,  0.        ,
         -0.35333601, -0.19476133],
        [-0.12592012,  0.15724703,  0.87187104, ...,  0.35333601,
          0.        ,  0.16437132],
        [-0.28727041, -0.00721819,  0.77951384, ...,  0.19476133,
         -0.16437132,  0.        ]],

       [[ 0.        , -0.12223396, -0.02672248, ...,  0.72303622,
          0.81870142,  0.81246129],
        [ 0.12223396,  0.        ,  0.09566822, ...,  0.80205486,
          0.88275135,  0.87763315],
        [ 0.02672248, -0.09566822,  0.        , ...,  0.74123818,
          0.83375362,  0.82775077],
        ...,
        [-0.72303622, -0.80205486, -0.74123818, ...,  0.        ,
          0.15038576,  0.13971543],
        [-0.81870142, -0.88275135, -0.83375362, ..., -0.15038576,
          0.        , -0.01078423],
        [-0.81246129, -0.87763315, -0.82775077, ..., -0.13971543,
          0.01078423,  0.        ]],

       ...,

       [[ 0.        ,  0.01766551,  0.304292  , ...,  0.06390018,
         -0.03869559, -0.20038964],
        [-0.01766551,  0.        ,  0.28741673, ...,  0.0462608 ,
         -0.05634183, -0.21766556],
        [-0.304292  , -0.28741673,  0.        , ..., -0.24280016,
         -0.3409247 , -0.48900675],
        ...,
        [-0.06390018, -0.0462608 ,  0.24280016, ...,  0.        ,
         -0.10246883, -0.26258415],
        [ 0.03869559,  0.05634183,  0.3409247 , ...,  0.10246883,
          0.        , -0.16232886],
        [ 0.20038964,  0.21766556,  0.48900675, ...,  0.26258415,
          0.16232886,  0.        ]],

       [[ 0.        , -0.24293506,  0.04585571, ...,  0.94166511,
          0.9650996 ,  0.99130542],
        [ 0.24293506,  0.        ,  0.2871615 , ...,  0.8316951 ,
          0.87256709,  0.92964281],
        [-0.04585571, -0.2871615 ,  0.        , ...,  0.95610735,
          0.97609322,  0.99629638],
        ...,
        [-0.94166511, -0.8316951 , -0.95610735, ...,  0.        ,
         -0.0781994 , -0.20971997],
        [-0.9650996 , -0.87256709, -0.97609322, ...,  0.0781994 ,
          0.        , -0.13261739],
        [-0.99130542, -0.92964281, -0.99629638, ...,  0.20971997,
          0.13261739,  0.        ]],

       [[ 0.        , -0.0194637 , -0.00767431, ...,  0.55965115,
          0.56476243,  0.57061925],
        [ 0.0194637 ,  0.        ,  0.01179027, ...,  0.57567525,
          0.58071793,  0.58649503],
        [ 0.00767431, -0.01179027,  0.        , ...,  0.56599459,
          0.57107905,  0.5769047 ],
        ...,
        [-0.55965115, -0.57567525, -0.56599459, ...,  0.        ,
          0.00618051,  0.01329454],
        [-0.56476243, -0.58071793, -0.57107905, ..., -0.00618051,
          0.        ,  0.00711431],
        [-0.57061925, -0.58649503, -0.5769047 , ..., -0.01329454,
         -0.00711431,  0.        ]]]), 'num': array([7.42243235e-01, 6.70098498e-01, 6.32293921e-07, 2.25452301e-03,
       2.29008955e-03, 2.23871566e-03, 1.15591232e-03, 4.14942886e-05,
       2.29087991e-03, 2.28248226e-03, 2.31403109e-03, 9.73501312e-07,
       2.47552565e-03, 2.08943886e-03])}
{'img': array([[[ 0.        ,  0.57211669,  0.49498136, ...,  0.90745628,
          0.76383153,  0.83778433],
        [-0.57211669,  0.        , -0.09114428, ...,  0.50389761,
          0.25722033,  0.37475099],
        [-0.49498136,  0.09114428,  0.        , ...,  0.58052733,
          0.34422723,  0.45769335],
        ...,
        [-0.90745628, -0.50389761, -0.58052733, ...,  0.        ,
         -0.26476535, -0.14348014],
        [-0.76383153, -0.25722033, -0.34422723, ...,  0.26476535,
          0.        ,  0.12366613],
        [-0.83778433, -0.37475099, -0.45769335, ...,  0.14348014,
         -0.12366613,  0.        ]],

       [[ 0.        ,  0.7840149 , -0.03363265, ..., -0.15724703,
          0.00721819, -0.21543747],
        [-0.7840149 ,  0.        , -0.80444855, ..., -0.87187104,
         -0.77951384, -0.89933546],
        [ 0.03363265,  0.80444855,  0.        , ..., -0.12394383,
          0.04084588, -0.18247271],
        ...,
        [ 0.15724703,  0.87187104,  0.12394383, ...,  0.        ,
          0.16437132, -0.05920278],
        [-0.00721819,  0.77951384, -0.04084588, ..., -0.16437132,
          0.        , -0.22248054],
        [ 0.21543747,  0.89933546,  0.18247271, ...,  0.05920278,
          0.22248054,  0.        ]],

       [[ 0.        ,  0.09566822,  0.18129706, ...,  0.88275135,
          0.87763315,  0.89865119],
        [-0.09566822,  0.        ,  0.08638266, ...,  0.83375362,
          0.82775077,  0.85256313],
        [-0.18129706, -0.08638266,  0.        , ...,  0.78294204,
          0.7761877 ,  0.8042306 ],
        ...,
        [-0.88275135, -0.83375362, -0.78294204, ...,  0.        ,
         -0.01078423,  0.03499151],
        [-0.87763315, -0.82775077, -0.7761877 , ...,  0.01078423,
          0.        ,  0.0457671 ],
        [-0.89865119, -0.85256313, -0.8042306 , ..., -0.03499151,
         -0.0457671 ,  0.        ]],

       ...,

       [[ 0.        ,  0.28741673,  0.18548566, ..., -0.05634183,
         -0.21766556, -0.05037134],
        [-0.28741673,  0.        , -0.10476997, ..., -0.3409247 ,
         -0.48900675, -0.33529782],
        [-0.18548566,  0.10476997,  0.        , ..., -0.24055516,
         -0.39492675, -0.23474745],
        ...,
        [ 0.05634183,  0.3409247 ,  0.24055516, ...,  0.        ,
         -0.16232886,  0.00597898],
        [ 0.21766556,  0.48900675,  0.39492675, ...,  0.16232886,
          0.        ,  0.16822563],
        [ 0.05037134,  0.33529782,  0.23474745, ..., -0.00597898,
         -0.16822563,  0.        ]],

       [[ 0.        ,  0.2871615 ,  0.29757208, ...,  0.87256709,
          0.92964281,  0.97523048],
        [-0.2871615 ,  0.        ,  0.01088609, ...,  0.97609322,
          0.99629638,  0.99767347],
        [-0.29757208, -0.01088609,  0.        , ...,  0.9784015 ,
          0.99717339,  0.99687221],
        ...,
        [-0.87256709, -0.97609322, -0.9784015 , ...,  0.        ,
         -0.13261739, -0.28339042],
        [-0.92964281, -0.99629638, -0.99717339, ...,  0.13261739,
          0.        , -0.15370663],
        [-0.97523048, -0.99767347, -0.99687221, ...,  0.28339042,
          0.15370663,  0.        ]],

       [[ 0.        ,  0.01179027,  0.09090626, ...,  0.58071793,
          0.58649503,  0.6281968 ],
        [-0.01179027,  0.        ,  0.07915849, ...,  0.57107905,
          0.5769047 ,  0.61897967],
        [-0.09090626, -0.07915849,  0.        , ...,  0.50430621,
          0.51043684,  0.5548657 ],
        ...,
        [-0.58071793, -0.57107905, -0.50430621, ...,  0.        ,
          0.00711431,  0.05958787],
        [-0.58649503, -0.5769047 , -0.51043684, ..., -0.00711431,
          0.        ,  0.05248469],
        [-0.6281968 , -0.61897967, -0.5548657 , ..., -0.05958787,
         -0.05248469,  0.        ]]]), 'num': array([ 7.20062505e-01,  6.93880588e-01,  2.30069566e-07,  2.18182638e-03,
        2.20291609e-03,  2.15881942e-03,  9.67116592e-04, -5.75173914e-06,
        2.20866783e-03,  2.20061540e-03,  2.24934541e-03,  9.46904080e-07,
        2.34931562e-03,  2.05191517e-03])}
{'img': array([[[ 0.00000000e+00, -9.11442798e-02, -4.10906144e-01, ...,
          2.57220335e-01,  3.74750991e-01,  3.58482555e-01],
        [ 9.11442798e-02,  0.00000000e+00, -3.26101625e-01, ...,
          3.44227234e-01,  4.57693351e-01,  4.42076947e-01],
        [ 4.10906144e-01,  3.26101625e-01,  0.00000000e+00, ...,
          6.31582326e-01,  7.22613668e-01,  7.10416386e-01],
        ...,
        [-2.57220335e-01, -3.44227234e-01, -6.31582326e-01, ...,
          0.00000000e+00,  1.23666132e-01,  1.06296062e-01],
        [-3.74750991e-01, -4.57693351e-01, -7.22613668e-01, ...,
         -1.23666132e-01,  0.00000000e+00, -1.74853830e-02],
        [-3.58482555e-01, -4.42076947e-01, -7.10416386e-01, ...,
         -1.06296062e-01,  1.74853830e-02,  0.00000000e+00]],

       [[ 0.00000000e+00, -8.04448551e-01, -4.53770229e-01, ...,
         -7.79513842e-01, -8.99335463e-01, -9.38731433e-01],
        [ 8.04448551e-01,  0.00000000e+00,  4.47309518e-01, ...,
          4.08458780e-02, -1.82472709e-01, -2.80374619e-01],
        [ 4.53770229e-01, -4.47309518e-01,  0.00000000e+00, ...,
         -4.10404515e-01, -6.02999402e-01, -6.80129461e-01],
        ...,
        [ 7.79513842e-01, -4.08458780e-02,  4.10404515e-01, ...,
          0.00000000e+00, -2.22480541e-01, -3.19348211e-01],
        [ 8.99335463e-01,  1.82472709e-01,  6.02999402e-01, ...,
          2.22480541e-01,  0.00000000e+00, -1.00513538e-01],
        [ 9.38731433e-01,  2.80374619e-01,  6.80129461e-01, ...,
          3.19348211e-01,  1.00513538e-01,  0.00000000e+00]],

       [[ 0.00000000e+00,  8.63826627e-02,  1.29952595e-01, ...,
          8.27750767e-01,  8.52563132e-01,  8.25473485e-01],
        [-8.63826627e-02,  0.00000000e+00,  4.38166803e-02, ...,
          7.76187698e-01,  8.04230603e-01,  7.73629984e-01],
        [-1.29952595e-01, -4.38166803e-02,  0.00000000e+00, ...,
          7.47815738e-01,  7.77417197e-01,  7.45123083e-01],
        ...,
        [-8.27750767e-01, -7.76187698e-01, -7.47815738e-01, ...,
          0.00000000e+00,  4.57670993e-02, -4.04655322e-03],
        [-8.52563132e-01, -8.04230603e-01, -7.77417197e-01, ...,
         -4.57670993e-02,  0.00000000e+00, -4.98090376e-02],
        [-8.25473485e-01, -7.73629984e-01, -7.45123083e-01, ...,
          4.04655322e-03,  4.98090376e-02,  0.00000000e+00]],

       ...,

       [[ 0.00000000e+00, -1.04769967e-01, -2.41943036e-01, ...,
         -4.89006753e-01, -3.35297825e-01, -3.32010353e-01],
        [ 1.04769967e-01,  0.00000000e+00, -1.38954199e-01, ...,
         -3.94926750e-01, -2.34747445e-01, -2.31356160e-01],
        [ 2.41943036e-01,  1.38954199e-01,  0.00000000e+00, ...,
         -2.63436515e-01, -9.73987970e-02, -9.39274801e-02],
        ...,
        [ 4.89006753e-01,  3.94926750e-01,  2.63436515e-01, ...,
          0.00000000e+00,  1.68225635e-01,  1.71662218e-01],
        [ 3.35297825e-01,  2.34747445e-01,  9.73987970e-02, ...,
         -1.68225635e-01,  0.00000000e+00,  3.48730522e-03],
        [ 3.32010353e-01,  2.31356160e-01,  9.39274801e-02, ...,
         -1.71662218e-01, -3.48730522e-03,  0.00000000e+00]],

       [[ 0.00000000e+00,  1.61821820e-02,  6.08032731e-04, ...,
          9.84404041e-01,  9.99777849e-01,  9.83266802e-01],
        [-1.61821820e-02,  0.00000000e+00, -1.55742259e-02, ...,
          9.87121951e-01,  9.99988015e-01,  9.80190124e-01],
        [-6.08032731e-04,  1.55742259e-02,  0.00000000e+00, ...,
          9.84510826e-01,  9.99790480e-01,  9.83155854e-01],
        ...,
        [-9.84404041e-01, -9.87121951e-01, -9.84510826e-01, ...,
          0.00000000e+00, -1.55134721e-01, -3.52308834e-01],
        [-9.99777849e-01, -9.99988015e-01, -9.99790480e-01, ...,
          1.55134721e-01,  0.00000000e+00, -2.02855473e-01],
        [-9.83266802e-01, -9.80190124e-01, -9.83155854e-01, ...,
          3.52308834e-01,  2.02855473e-01,  0.00000000e+00]],

       [[ 0.00000000e+00,  7.91584907e-02,  6.65553133e-02, ...,
          5.76904701e-01,  6.18979666e-01,  6.95757514e-01],
        [-7.91584907e-02,  0.00000000e+00, -1.26365099e-02, ...,
          5.10436837e-01,  5.54865701e-01,  6.36716554e-01],
        [-6.65553133e-02,  1.26365099e-02,  0.00000000e+00, ...,
          5.21262409e-01,  5.65334215e-01,  6.46409702e-01],
        ...,
        [-5.76904701e-01, -5.10436837e-01, -5.21262409e-01, ...,
          0.00000000e+00,  5.24846887e-02,  1.53925481e-01],
        [-6.18979666e-01, -5.54865701e-01, -5.65334215e-01, ...,
         -5.24846887e-02,  0.00000000e+00,  1.01854130e-01],
        [-6.95757514e-01, -6.36716554e-01, -6.46409702e-01, ...,
         -1.53925481e-01, -1.01854130e-01,  0.00000000e+00]]]), 'num': array([ 7.19973951e-01,  6.93972641e-01,  2.30100088e-07,  2.16677583e-03,
        2.19937334e-03,  2.12650831e-03,  1.08208401e-03, -1.53400058e-05,
        2.18403333e-03,  2.19007346e-03,  2.25127369e-03,  9.26484728e-07,
        2.31342868e-03,  2.06671824e-03])}
{'img': array([[[ 0.        , -0.32610163, -0.29677569, ...,  0.45769335,
          0.44207695,  0.39948082],
        [ 0.32610163,  0.        ,  0.03085747, ...,  0.72261367,
          0.71041639,  0.676594  ],
        [ 0.29677569, -0.03085747,  0.        , ...,  0.70093926,
          0.68836116,  0.65354971],
        ...,
        [-0.45769335, -0.72261367, -0.70093926, ...,  0.        ,
         -0.01748538, -0.06440408],
        [-0.44207695, -0.71041639, -0.68836116, ...,  0.01748538,
          0.        , -0.04694515],
        [-0.39948082, -0.676594  , -0.65354971, ...,  0.06440408,
          0.04694515,  0.        ]],

       [[ 0.        ,  0.44730952, -0.32100155, ..., -0.18247271,
         -0.28037462, -0.20572422],
        [-0.44730952,  0.        , -0.71073442, ..., -0.6029994 ,
         -0.68012946, -0.62173703],
        [ 0.32100155,  0.71073442,  0.        , ...,  0.14279621,
          0.04258956,  0.11929831],
        ...,
        [ 0.18247271,  0.6029994 , -0.14279621, ...,  0.        ,
         -0.10051354, -0.02370068],
        [ 0.28037462,  0.68012946, -0.04258956, ...,  0.10051354,
          0.        ,  0.07690466],
        [ 0.20572422,  0.62173703, -0.11929831, ...,  0.02370068,
         -0.07690466,  0.        ]],

       [[ 0.        ,  0.04381668,  0.00945472, ...,  0.8042306 ,
          0.77362998,  0.71485045],
        [-0.04381668,  0.        , -0.03436909, ...,  0.7774172 ,
          0.74512308,  0.68352388],
        [-0.00945472,  0.03436909,  0.        , ...,  0.79857555,
          0.76760454,  0.70820703],
        ...,
        [-0.8042306 , -0.7774172 , -0.79857555, ...,  0.        ,
         -0.04980904, -0.13753222],
        [-0.77362998, -0.74512308, -0.76760454, ...,  0.04980904,
          0.        , -0.0880258 ],
        [-0.71485045, -0.68352388, -0.70820703, ...,  0.13753222,
          0.0880258 ,  0.        ]],

       ...,

       [[ 0.        , -0.1389542 , -0.14297084, ..., -0.23474745,
         -0.23135616, -0.26137738],
        [ 0.1389542 ,  0.        , -0.00405714, ..., -0.0973988 ,
         -0.09392748, -0.12471802],
        [ 0.14297084,  0.00405714,  0.        , ..., -0.09336015,
         -0.0898875 , -0.12069153],
        ...,
        [ 0.23474745,  0.0973988 ,  0.09336015, ...,  0.        ,
          0.00348731, -0.02748671],
        [ 0.23135616,  0.09392748,  0.0898875 , ..., -0.00348731,
          0.        , -0.03097253],
        [ 0.26137738,  0.12471802,  0.12069153, ...,  0.02748671,
          0.03097253,  0.        ]],

       [[ 0.        , -0.01557423, -0.12011787, ...,  0.99998801,
          0.98019012,  0.94311342],
        [ 0.01557423,  0.        , -0.10464184, ...,  0.99979048,
          0.98315585,  0.94817702],
        [ 0.12011787,  0.10464184,  0.        , ...,  0.99215965,
          0.9968836 ,  0.97622067],
        ...,
        [-0.99998801, -0.99979048, -0.99215965, ...,  0.        ,
         -0.20285547, -0.33708462],
        [-0.98019012, -0.98315585, -0.9968836 , ...,  0.20285547,
          0.        , -0.13909296],
        [-0.94311342, -0.94817702, -0.97622067, ...,  0.33708462,
          0.13909296,  0.        ]],

       [[ 0.        , -0.01263651, -0.02248685, ...,  0.5548657 ,
          0.63671655,  0.68195147],
        [ 0.01263651,  0.        , -0.00985174, ...,  0.56533422,
          0.6464097 ,  0.69113933],
        [ 0.02248685,  0.00985174,  0.        , ...,  0.5734331 ,
          0.65389512,  0.69822586],
        ...,
        [-0.5548657 , -0.56533422, -0.5734331 , ...,  0.        ,
          0.10185413,  0.16151532],
        [-0.63671655, -0.6464097 , -0.65389512, ..., -0.10185413,
          0.        ,  0.06015853],
        [-0.68195147, -0.69113933, -0.69822586, ..., -0.16151532,
         -0.06015853,  0.        ]]]), 'num': array([ 7.17756574e-01,  6.96266598e-01,  1.91191962e-07,  2.14899765e-03,
        2.17385261e-03,  2.14326189e-03,  6.32137984e-04, -1.14715177e-05,
        2.16161632e-03,  2.17863241e-03,  2.24656928e-03,  8.63447570e-07,
        2.29854193e-03,  2.05872288e-03])}
{'img': array([[[ 0.        ,  0.03085747, -0.06662973, ...,  0.71041639,
          0.676594  ,  0.64995979],
        [-0.03085747,  0.        , -0.0973869 , ...,  0.68836116,
          0.65354971,  0.62619956],
        [ 0.06662973,  0.0973869 ,  0.        , ...,  0.75573046,
          0.72415367,  0.69915193],
        ...,
        [-0.71041639, -0.68836116, -0.75573046, ...,  0.        ,
         -0.04694515, -0.0824644 ],
        [-0.676594  , -0.65354971, -0.72415367, ...,  0.04694515,
          0.        , -0.03558823],
        [-0.64995979, -0.62619956, -0.69915193, ...,  0.0824644 ,
          0.03558823,  0.        ]],

       [[ 0.        , -0.6753019 , -0.62322412, ..., -0.64871415,
         -0.59628933, -0.899413  ],
        [ 0.6753019 ,  0.        ,  0.06846171, ...,  0.03547291,
          0.10232376, -0.36818   ],
        [ 0.62322412, -0.06846171,  0.        , ..., -0.03302894,
          0.03398132, -0.43096874],
        ...,
        [ 0.64871415, -0.03547291,  0.03302894, ...,  0.        ,
          0.06697264, -0.40092938],
        [ 0.59628933, -0.10232376, -0.03398132, ..., -0.06697264,
          0.        , -0.46138346],
        [ 0.899413  ,  0.36818   ,  0.43096874, ...,  0.40092938,
          0.46138346,  0.        ]],

       [[ 0.        , -0.03436909, -0.01355523, ...,  0.74512308,
          0.68352388,  0.6403358 ],
        [ 0.03436909,  0.        ,  0.02081871, ...,  0.76760454,
          0.70820703,  0.66635622],
        [ 0.01355523, -0.02081871,  0.        , ...,  0.75409497,
          0.69335542,  0.65068867],
        ...,
        [-0.74512308, -0.76760454, -0.75409497, ...,  0.        ,
         -0.0880258 , -0.14526816],
        [-0.68352388, -0.70820703, -0.69335542, ...,  0.0880258 ,
          0.        , -0.05761221],
        [-0.6403358 , -0.66635622, -0.65068867, ...,  0.14526816,
          0.05761221,  0.        ]],

       ...,

       [[ 0.        , -0.00405714, -0.3053682 , ..., -0.09392748,
         -0.12471802, -0.21430444],
        [ 0.00405714,  0.        , -0.30150234, ..., -0.0898875 ,
         -0.12069153, -0.2103398 ],
        [ 0.3053682 ,  0.30150234,  0.        , ...,  0.21457721,
          0.18422318,  0.09420551],
        ...,
        [ 0.09392748,  0.0898875 , -0.21457721, ...,  0.        ,
         -0.03097253, -0.12161175],
        [ 0.12471802,  0.12069153, -0.18422318, ...,  0.03097253,
          0.        , -0.09081077],
        [ 0.21430444,  0.2103398 , -0.09420551, ...,  0.12161175,
          0.09081077,  0.        ]],

       [[ 0.        , -0.10464184, -0.19172067, ...,  0.98315585,
          0.94817702,  0.93760212],
        [ 0.10464184,  0.        , -0.08796743, ...,  0.9968836 ,
          0.97622067,  0.96883968],
        [ 0.19172067,  0.08796743,  0.        , ...,  0.99995848,
          0.99150571,  0.98687236],
        ...,
        [-0.98315585, -0.9968836 , -0.99995848, ...,  0.        ,
         -0.13909296, -0.17048839],
        [-0.94817702, -0.97622067, -0.99150571, ...,  0.13909296,
          0.        , -0.03177453],
        [-0.93760212, -0.96883968, -0.98687236, ...,  0.17048839,
          0.03177453,  0.        ]],

       [[ 0.        , -0.00985174, -0.02822315, ...,  0.6464097 ,
          0.69113933,  0.68517136],
        [ 0.00985174,  0.        , -0.01837396, ...,  0.65389512,
          0.69822586,  0.69231394],
        [ 0.02822315,  0.01837396,  0.        , ...,  0.6676862 ,
          0.71126149,  0.70545565],
        ...,
        [-0.6464097 , -0.65389512, -0.6676862 , ...,  0.        ,
          0.06015853,  0.0519461 ],
        [-0.69113933, -0.69822586, -0.71126149, ..., -0.06015853,
          0.        , -0.00822529],
        [-0.68517136, -0.69231394, -0.70545565, ..., -0.0519461 ,
          0.00822529,  0.        ]]]), 'num': array([7.13517046e-01, 7.00609387e-01, 1.14025255e-07, 2.15127649e-03,
       2.16647985e-03, 2.09426386e-03, 1.58797272e-03, 1.52033674e-05,
       2.15317691e-03, 2.16163378e-03, 2.23638367e-03, 8.95980088e-07,
       2.27728482e-03, 2.04598274e-03])}
{'img': array([[[ 0.        , -0.0973869 , -0.38033373, ...,  0.65354971,
          0.62619956,  0.66242781],
        [ 0.0973869 ,  0.        , -0.28845764, ...,  0.72415367,
          0.69915193,  0.73223407],
        [ 0.38033373,  0.28845764,  0.        , ...,  0.89230336,
          0.8756723 ,  0.8975637 ],
        ...,
        [-0.65354971, -0.72415367, -0.89230336, ...,  0.        ,
         -0.03558823,  0.01178983],
        [-0.62619956, -0.69915193, -0.8756723 , ...,  0.03558823,
          0.        ,  0.04736812],
        [-0.66242781, -0.73223407, -0.8975637 , ..., -0.01178983,
         -0.04736812,  0.        ]],

       [[ 0.        ,  0.06846171,  0.3486136 , ...,  0.10232376,
         -0.36818   ,  0.32986854],
        [-0.06846171,  0.        ,  0.2836288 , ...,  0.03398132,
         -0.43096874,  0.2644649 ],
        [-0.3486136 , -0.2836288 ,  0.        , ..., -0.25087915,
         -0.66920787, -0.01992586],
        ...,
        [-0.10232376, -0.03398132,  0.25087915, ...,  0.        ,
         -0.46138346,  0.23154073],
        [ 0.36818   ,  0.43096874,  0.66920787, ...,  0.46138346,
          0.        ,  0.65426859],
        [-0.32986854, -0.2644649 ,  0.01992586, ..., -0.23154073,
         -0.65426859,  0.        ]],

       [[ 0.        ,  0.02081871, -0.18092926, ...,  0.70820703,
          0.66635622,  0.67859814],
        [-0.02081871,  0.        , -0.20136517, ...,  0.69335542,
          0.65068867,  0.66315952],
        [ 0.18092926,  0.20136517,  0.        , ...,  0.82425579,
          0.79026568,  0.80029294],
        ...,
        [-0.70820703, -0.69335542, -0.82425579, ...,  0.        ,
         -0.05761221, -0.04109141],
        [-0.66635622, -0.65068867, -0.79026568, ...,  0.05761221,
          0.        ,  0.0165404 ],
        [-0.67859814, -0.66315952, -0.80029294, ...,  0.04109141,
         -0.0165404 ,  0.        ]],

       ...,

       [[ 0.        , -0.30150234, -0.44915405, ..., -0.12069153,
         -0.2103398 , -0.15414045],
        [ 0.30150234,  0.        , -0.15887429, ...,  0.18422318,
          0.09420551,  0.15093148],
        [ 0.44915405,  0.15887429,  0.        , ...,  0.3380384 ,
          0.25117673,  0.30606874],
        ...,
        [ 0.12069153, -0.18422318, -0.3380384 , ...,  0.        ,
         -0.09081077, -0.03376456],
        [ 0.2103398 , -0.09420551, -0.25117673, ...,  0.09081077,
          0.        ,  0.05713394],
        [ 0.15414045, -0.15093148, -0.30606874, ...,  0.03376456,
         -0.05713394,  0.        ]],

       [[ 0.        , -0.08796743, -0.01951494, ...,  0.97622067,
          0.96883968,  0.9611693 ],
        [ 0.08796743,  0.        ,  0.06851139, ...,  0.99150571,
          0.98687236,  0.98171862],
        [ 0.01951494, -0.06851139,  0.        , ...,  0.98026519,
          0.97348881,  0.96637159],
        ...,
        [-0.97622067, -0.99150571, -0.98026519, ...,  0.        ,
         -0.03177453, -0.06103575],
        [-0.96883968, -0.98687236, -0.97348881, ...,  0.03177453,
          0.        , -0.02928965],
        [-0.9611693 , -0.98171862, -0.96637159, ...,  0.06103575,
          0.02928965,  0.        ]],

       [[ 0.        , -0.01837396, -0.02636132, ...,  0.69822586,
          0.69231394,  0.69123192],
        [ 0.01837396,  0.        , -0.00798929, ...,  0.71126149,
          0.70545565,  0.70439287],
        [ 0.02636132,  0.00798929,  0.        , ...,  0.71685468,
          0.71109558,  0.71004126],
        ...,
        [-0.69822586, -0.71126149, -0.71685468, ...,  0.        ,
         -0.00822529, -0.00972362],
        [-0.69231394, -0.70545565, -0.71109558, ...,  0.00822529,
          0.        , -0.0014984 ],
        [-0.69123192, -0.70439287, -0.71004126, ...,  0.00972362,
          0.0014984 ,  0.        ]]]), 'num': array([ 8.27392999e-01,  5.61577894e-01,  2.36280093e-06,  2.48425332e-03,
