state_0,state_1,state_2,state_3,state_4,state_5,state_6,state_7,state_8,state_9,state_10,state_11,state_12,state_13,state_14,state_15,state_16,state_17,state_18,state_19,state_20,state_21,state_22,state_23,state_24,state_25,state_26,state_27,state_28,state_29,state_30,state_31,state_32,state_33,state_34,state_35,state_36,state_37,state_38,state_39,state_40,state_41,state_42,state_43,state_44,state_45,state_46,state_47,state_48,state_49,state_50,state_51,state_52,state_53,state_54,state_55,state_56,state_57,state_58,state_59,state_60,state_61,state_62,state_63,state_64,state_65,state_66,state_67,state_68,state_69,state_70,state_71,state_72,state_73,state_74,state_75,state_76,state_77,state_78,state_79,state_80,state_81,state_82,state_83,state_84,state_85,state_86,state_87,state_88,state_89,state_90,state_91,state_92,state_93,state_94,state_95,state_96,state_97,state_98,state_99,state_100,state_101,state_102,state_103,state_104,state_105,state_106,state_107,state_108,state_109,state_110,state_111,state_112,state_113,state_114,state_115,state_116,state_117,state_118,state_119,state_120,state_121,state_122,state_123,state_124,state_125,state_126,state_127,state_128,state_129,state_130,state_131,state_132,state_133,state_134,state_135,state_136,state_137,state_138,state_139,state_140,state_141,state_142,state_143,state_144,state_145,state_146,state_147,state_148,state_149,state_150,state_151,state_152,state_153,state_154,state_155,state_156,state_157,state_158,state_159,state_160,state_161,state_162,state_163,state_164,state_165,state_166,state_167,state_168,state_169,state_170,state_171,state_172,state_173,state_174,state_175,state_176,state_177,state_178,state_179,state_180,state_181,state_182,state_183,state_184,state_185,state_186,state_187,state_188,state_189,state_190,state_191,state_192,state_193,state_194,state_195,state_196,state_197,state_198,state_199,state_200,state_201,state_202,state_203,state_204,state_205,state_206,state_207,state_208,state_209,state_210,state_211,state_212,state_213,state_214,state_215,state_216,state_217,state_218,state_219,state_220,state_221,state_222,state_223,state_224,state_225,state_226,state_227,state_228,state_229,state_230,state_231,state_232,state_233,state_234,state_235,state_236,state_237,state_238,state_239,state_240,state_241,state_242,state_243,state_244,state_245,state_246,state_247,state_248,state_249,state_250,state_251,state_252,state_253,state_254,state_255,state_256,state_257,state_258,state_259,state_260,state_261,state_262,state_263,state_264,state_265,state_266,state_267,state_268,state_269,state_270,state_271,state_272,state_273,state_274,state_275,state_276,state_277,state_278,state_279,state_280,state_281,state_282,state_283,state_284,state_285,state_286,state_287
{'img': array([[[ 0.        , -0.49696848, -0.11046471, ...,  0.94085042,
          0.98773363,  0.99956215],
        [ 0.49696848,  0.        ,  0.39806924, ...,  0.9848244 ,
          0.93472499,  0.88209349],
        [ 0.11046471, -0.39806924,  0.        , ...,  0.97252035,
          0.99893762,  0.99671342],
        ...,
        [-0.94085042, -0.9848244 , -0.97252035, ...,  0.        ,
          0.18775392,  0.31083494],
        [-0.98773363, -0.93472499, -0.99893762, ..., -0.18775392,
          0.        ,  0.12685376],
        [-0.99956215, -0.88209349, -0.99671342, ..., -0.31083494,
         -0.12685376,  0.        ]],

       [[ 0.        , -0.2163007 , -0.74209881, ..., -0.93800783,
         -0.98159073, -0.9704254 ],
        [ 0.2163007 ,  0.        , -0.57954665, ..., -0.8408293 ,
         -0.99966599, -0.89523707],
        [ 0.74209881,  0.57954665,  0.        , ..., -0.37151584,
         -0.79968918, -0.47132337],
        ...,
        [ 0.93800783,  0.8408293 ,  0.37151584, ...,  0.        ,
         -0.51938933, -0.10992688],
        [ 0.98159073,  0.99966599,  0.79968918, ...,  0.51938933,
          0.        ,  0.422305  ],
        [ 0.9704254 ,  0.89523707,  0.47132337, ...,  0.10992688,
         -0.422305  ,  0.        ]],

       [[ 0.        , -0.12311493, -0.51960578, ...,  0.99986973,
          0.9955503 ,  0.99733939],
        [ 0.12311493,  0.        , -0.41046269, ...,  0.99425033,
          0.99957789,  0.9987269 ],
        [ 0.51960578,  0.41046269,  0.        , ...,  0.86268177,
          0.89956758,  0.89001118],
        ...,
        [-0.99986973, -0.99425033, -0.86268177, ...,  0.        ,
         -0.07815018, -0.05679059],
        [-0.9955503 , -0.99957789, -0.89956758, ...,  0.07815018,
          0.        ,  0.02140715],
        [-0.99733939, -0.9987269 , -0.89001118, ...,  0.05679059,
         -0.02140715,  0.        ]],

       ...,

       [[ 0.        , -0.20909394,  0.04726961, ..., -0.9440775 ,
         -0.95993166, -0.83326893],
        [ 0.20909394,  0.        ,  0.25508495, ..., -0.99215241,
         -0.88011763, -0.69924866],
        [-0.04726961, -0.25508495,  0.        , ..., -0.92743627,
         -0.97210518, -0.85847132],
        ...,
        [ 0.9440775 ,  0.99215241,  0.92743627, ...,  0.        ,
          0.58107496,  0.79669858],
        [ 0.95993166,  0.88011763,  0.97210518, ..., -0.58107496,
          0.        ,  0.29720492],
        [ 0.83326893,  0.69924866,  0.85847132, ..., -0.79669858,
         -0.29720492,  0.        ]],

       [[ 0.        , -0.25094124, -0.13200412, ...,  0.79987387,
          0.79987387,  0.80394006],
        [ 0.25094124,  0.        ,  0.120965  , ...,  0.62367283,
          0.62367283,  0.6289785 ],
        [ 0.13200412, -0.120965  ,  0.        , ...,  0.71364965,
          0.71364965,  0.7184007 ],
        ...,
        [-0.79987387, -0.62367283, -0.71364965, ...,  0.        ,
          0.        , -0.00680594],
        [-0.79987387, -0.62367283, -0.71364965, ...,  0.        ,
          0.        , -0.00680594],
        [-0.80394006, -0.6289785 , -0.7184007 , ...,  0.00680594,
          0.00680594,  0.        ]],

       [[ 0.        ,  0.47361104,  0.59489675, ...,  0.40798329,
          0.40798329,  0.38680133],
        [-0.47361104,  0.        ,  0.14325631, ...,  0.79172666,
          0.79172666,  0.77741573],
        [-0.59489675, -0.14325631,  0.        , ...,  0.87107226,
          0.87107226,  0.85950355],
        ...,
        [-0.40798329, -0.79172666, -0.87107226, ...,  0.        ,
          0.        ,  0.02308161],
        [-0.40798329, -0.79172666, -0.87107226, ...,  0.        ,
          0.        ,  0.02308161],
        [-0.38680133, -0.77741573, -0.85950355, ..., -0.02308161,
         -0.02308161,  0.        ]]]), 'num': array([9.61046276e-01, 2.76381879e-01, 1.60155414e-05, 5.84184639e-04,
       5.91700464e-04, 5.78718584e-04, 6.29921855e-04, 4.09954132e-06,
       5.77352070e-04, 5.86507712e-04, 5.68515281e-04, 5.93015412e-07,
       6.02747968e-04, 5.70267456e-04])}
{'img': array([[[ 0.        ,  0.39806924,  0.71170414, ...,  0.93472499,
          0.88209349,  0.82147264],
        [-0.39806924,  0.        ,  0.3732502 , ...,  0.99893762,
          0.99671342,  0.9805805 ],
        [-0.71170414, -0.3732502 ,  0.        , ...,  0.90954465,
          0.95491804,  0.98291537],
        ...,
        [-0.93472499, -0.99893762, -0.90954465, ...,  0.        ,
          0.12685376,  0.2410967 ],
        [-0.88209349, -0.99671342, -0.95491804, ..., -0.12685376,
          0.        ,  0.11603728],
        [-0.82147264, -0.9805805 , -0.98291537, ..., -0.2410967 ,
         -0.11603728,  0.        ]],

       [[ 0.        , -0.57954665, -0.22031068, ..., -0.99966599,
         -0.89523707, -0.74166551],
        [ 0.57954665,  0.        ,  0.38576727, ..., -0.79968918,
         -0.47132337, -0.21566974],
        [ 0.22031068, -0.38576727,  0.        , ..., -0.96941029,
         -0.7750726 , -0.57566483],
        ...,
        [ 0.99966599,  0.79968918,  0.96941029, ...,  0.        ,
          0.422305  ,  0.65137841],
        [ 0.89523707,  0.47132337,  0.7750726 , ..., -0.422305  ,
          0.        ,  0.27001923],
        [ 0.74166551,  0.21566974,  0.57566483, ..., -0.65137841,
         -0.27001923,  0.        ]],

       [[ 0.        , -0.41046269, -0.13122294, ...,  0.99957789,
          0.9987269 ,  0.99740109],
        [ 0.41046269,  0.        ,  0.28725413, ...,  0.89956758,
          0.89001118,  0.87993409],
        [ 0.13122294, -0.28725413,  0.        , ...,  0.98712209,
          0.98347141,  0.97932197],
        ...,
        [-0.99957789, -0.89956758, -0.98712209, ...,  0.        ,
          0.02140715,  0.04304174],
        [-0.9987269 , -0.89001118, -0.98347141, ..., -0.02140715,
          0.        ,  0.02164456],
        [-0.99740109, -0.87993409, -0.97932197, ..., -0.04304174,
         -0.02164456,  0.        ]],

       ...,

       [[ 0.        ,  0.25508495,  0.40873048, ..., -0.88011763,
         -0.69924866, -0.67652034],
        [-0.25508495,  0.        ,  0.16240453, ..., -0.97210518,
         -0.85847132, -0.8419908 ],
        [-0.40873048, -0.16240453,  0.        , ..., -0.99729099,
         -0.93036553, -0.91842867],
        ...,
        [ 0.88011763,  0.97210518,  0.99729099, ...,  0.        ,
          0.29720492,  0.32695783],
        [ 0.69924866,  0.85847132,  0.93036553, ..., -0.29720492,
          0.        ,  0.0313136 ],
        [ 0.67652034,  0.8419908 ,  0.91842867, ..., -0.32695783,
         -0.0313136 ,  0.        ]],

       [[ 0.        ,  0.120965  ,  0.30338552, ...,  0.62367283,
          0.6289785 ,  0.63001146],
        [-0.120965  ,  0.        ,  0.18589403, ...,  0.71364965,
          0.7184007 ,  0.71932485],
        [-0.30338552, -0.18589403,  0.        , ...,  0.83142988,
          0.8351922 ,  0.83592259],
        ...,
        [-0.62367283, -0.71364965, -0.83142988, ...,  0.        ,
         -0.00680594, -0.00813532],
        [-0.6289785 , -0.7184007 , -0.8351922 , ...,  0.00680594,
          0.        , -0.00132942],
        [-0.63001146, -0.71932485, -0.83592259, ...,  0.00813532,
          0.00132942,  0.        ]],

       [[ 0.        ,  0.39614168,  0.52986609, ...,  0.42011331,
          0.39836476,  0.3742798 ],
        [-0.39614168,  0.        ,  0.15055707, ...,  0.74523093,
          0.72912618,  0.71100819],
        [-0.52986609, -0.15055707,  0.        , ...,  0.83712871,
          0.82385324,  0.80877291],
        ...,
        [-0.42011331, -0.74523093, -0.83712871, ...,  0.        ,
          0.02383457,  0.04992941],
        [-0.39836476, -0.72912618, -0.82385324, ..., -0.02383457,
          0.        ,  0.02611038],
        [-0.3742798 , -0.71100819, -0.80877291, ..., -0.04992941,
         -0.02611038,  0.        ]]]), 'num': array([7.07092226e-01, 7.07092226e-01, 0.00000000e+00, 2.25583527e-03,
       2.26902729e-03, 2.24264325e-03, 8.23023690e-04, 0.00000000e+00,
       2.23314500e-03, 2.26506969e-03, 2.19950535e-03, 1.90863256e-06,
       2.32758371e-03, 2.20255566e-03])}
{'img': array([[[ 0.00000000e+00,  6.30902568e-01,  6.71086223e-01, ...,
          8.93895269e-01,  8.34026664e-01,  8.34026664e-01],
        [-6.30902568e-01,  0.00000000e+00,  5.29322346e-02, ...,
          9.76357825e-01,  9.95173828e-01,  9.95173828e-01],
        [-6.71086223e-01, -5.29322346e-02,  0.00000000e+00, ...,
          9.63547213e-01,  9.88584580e-01,  9.88584580e-01],
        ...,
        [-8.93895269e-01, -9.76357825e-01, -9.63547213e-01, ...,
          0.00000000e+00,  1.19309575e-01,  1.19309575e-01],
        [-8.34026664e-01, -9.95173828e-01, -9.88584580e-01, ...,
         -1.19309575e-01,  0.00000000e+00,  0.00000000e+00],
        [-8.34026664e-01, -9.95173828e-01, -9.88584580e-01, ...,
         -1.19309575e-01,  0.00000000e+00,  0.00000000e+00]],

       [[ 0.00000000e+00,  3.82365712e-01, -4.66930665e-01, ...,
         -4.64632706e-01, -2.12988389e-01, -9.98163739e-01],
        [-3.82365712e-01,  0.00000000e+00, -7.69572783e-01, ...,
         -7.67911941e-01, -5.70395857e-01, -9.45475578e-01],
        [ 4.66930665e-01,  7.69572783e-01,  0.00000000e+00, ...,
          2.59685652e-03,  2.67872476e-01, -8.54386510e-01],
        ...,
        [ 4.64632706e-01,  7.67911941e-01, -2.59685652e-03, ...,
          0.00000000e+00,  2.65369620e-01, -8.55733054e-01],
        [ 2.12988389e-01,  5.70395857e-01, -2.67872476e-01, ...,
         -2.65369620e-01,  0.00000000e+00, -9.62359151e-01],
        [ 9.98163739e-01,  9.45475578e-01,  8.54386510e-01, ...,
          8.55733054e-01,  9.62359151e-01,  0.00000000e+00]],

       [[ 0.00000000e+00,  2.87254133e-01,  2.87254133e-01, ...,
          8.90011182e-01,  8.79934085e-01,  8.64916540e-01],
        [-2.87254133e-01,  0.00000000e+00,  0.00000000e+00, ...,
          9.83471407e-01,  9.79321969e-01,  9.72641480e-01],
        [-2.87254133e-01,  0.00000000e+00,  0.00000000e+00, ...,
          9.83471407e-01,  9.79321969e-01,  9.72641480e-01],
        ...,
        [-8.90011182e-01, -9.83471407e-01, -9.83471407e-01, ...,
          0.00000000e+00,  2.16445610e-02,  5.23616728e-02],
        [-8.79934085e-01, -9.79321969e-01, -9.79321969e-01, ...,
         -2.16445610e-02,  0.00000000e+00,  3.07345372e-02],
        [-8.64916540e-01, -9.72641480e-01, -9.72641480e-01, ...,
         -5.23616728e-02, -3.07345372e-02,  0.00000000e+00]],

       ...,

       [[ 0.00000000e+00,  1.62404533e-01,  1.62404533e-01, ...,
         -8.58471323e-01, -8.41990796e-01, -9.99669037e-01],
        [-1.62404533e-01,  0.00000000e+00,  0.00000000e+00, ...,
         -9.30365525e-01, -9.18428675e-01, -9.90575677e-01],
        [-1.62404533e-01,  0.00000000e+00,  0.00000000e+00, ...,
         -9.30365525e-01, -9.18428675e-01, -9.90575677e-01],
        ...,
        [ 8.58471323e-01,  9.30365525e-01,  9.30365525e-01, ...,
          0.00000000e+00,  3.13135964e-02, -4.90606975e-01],
        [ 8.41990796e-01,  9.18428675e-01,  9.18428675e-01, ...,
         -3.13135964e-02,  0.00000000e+00, -5.17652458e-01],
        [ 9.99669037e-01,  9.90575677e-01,  9.90575677e-01, ...,
          4.90606975e-01,  5.17652458e-01,  0.00000000e+00]],

       [[ 0.00000000e+00,  2.79778779e-01,  4.51233429e-01, ...,
          6.29990957e-01,  6.31024966e-01,  6.30422317e-01],
        [-2.79778779e-01,  0.00000000e+00,  1.83536945e-01, ...,
          8.22108841e-01,  8.22866557e-01,  8.22425016e-01],
        [-4.51233429e-01, -1.83536945e-01,  0.00000000e+00, ...,
          9.12636678e-01,  9.13180422e-01,  9.12863638e-01],
        ...,
        [-6.29990957e-01, -8.22108841e-01, -9.12636678e-01, ...,
          0.00000000e+00, -1.33217169e-03, -5.55569627e-04],
        [-6.31024966e-01, -8.22866557e-01, -9.13180422e-01, ...,
          1.33217169e-03,  0.00000000e+00,  7.76602349e-04],
        [-6.30422317e-01, -8.22425016e-01, -9.12863638e-01, ...,
          5.55569627e-04, -7.76602349e-04,  0.00000000e+00]],

       [[ 0.00000000e+00,  3.75303897e-01,  4.34360566e-01, ...,
          4.06396502e-01,  3.81870485e-01,  3.75816833e-01],
        [-3.75303897e-01,  0.00000000e+00,  6.45587105e-02, ...,
          7.19603636e-01,  7.00818257e-01,  6.96137164e-01],
        [-4.34360566e-01, -6.45587105e-02,  0.00000000e+00, ...,
          7.62931082e-01,  7.45408590e-01,  7.41032226e-01],
        ...,
        [-4.06396502e-01, -7.19603636e-01, -7.62931082e-01, ...,
          0.00000000e+00,  2.66842385e-02,  3.32225400e-02],
        [-3.81870485e-01, -7.00818257e-01, -7.45408590e-01, ...,
         -2.66842385e-02,  0.00000000e+00,  6.54120157e-03],
        [-3.75816833e-01, -6.96137164e-01, -7.41032226e-01, ...,
         -3.32225400e-02, -6.54120157e-03,  0.00000000e+00]]]), 'num': array([ 7.07091053e-01,  7.07091053e-01,  0.00000000e+00,  2.25055473e-03,
        2.26110833e-03,  2.23472434e-03,  2.01151574e-03, -5.27679890e-06,
        2.24475025e-03,  2.26321905e-03,  2.20337136e-03,  2.06219727e-06,
        2.32515347e-03,  2.20128462e-03])}
{'img': array([[[ 0.00000000e+00,  2.75974183e-01,  3.36320545e-01, ...,
          8.68809993e-01,  8.68809993e-01,  8.89820523e-01],
        [-2.75974183e-01,  0.00000000e+00,  6.33615365e-02, ...,
          9.71717210e-01,  9.71717210e-01,  9.81194353e-01],
        [-3.36320545e-01, -6.33615365e-02,  0.00000000e+00, ...,
          9.84727351e-01,  9.84727351e-01,  9.91452975e-01],
        ...,
        [-8.68809993e-01, -9.71717210e-01, -9.84727351e-01, ...,
          0.00000000e+00,  0.00000000e+00, -4.41434662e-02],
        [-8.68809993e-01, -9.71717210e-01, -9.84727351e-01, ...,
          0.00000000e+00,  0.00000000e+00, -4.41434662e-02],
        [-8.89820523e-01, -9.81194353e-01, -9.91452975e-01, ...,
          4.41434662e-02,  4.41434662e-02,  0.00000000e+00]],

       [[ 0.00000000e+00, -7.69572783e-01, -8.09726407e-01, ...,
         -5.70395857e-01, -9.45475578e-01, -7.25846522e-01],
        [ 7.69572783e-01,  0.00000000e+00, -6.54670214e-02, ...,
          2.67872476e-01, -8.54386510e-01,  6.58598808e-02],
        [ 8.09726407e-01,  6.54670214e-02,  0.00000000e+00, ...,
          3.30372307e-01, -8.18534468e-01,  1.31043478e-01],
        ...,
        [ 5.70395857e-01, -2.67872476e-01, -3.30372307e-01, ...,
          0.00000000e+00, -9.62359151e-01, -2.03837903e-01],
        [ 9.45475578e-01,  8.54386510e-01,  8.18534468e-01, ...,
          9.62359151e-01,  0.00000000e+00,  8.86754834e-01],
        [ 7.25846522e-01, -6.58598808e-02, -1.31043478e-01, ...,
          2.03837903e-01, -8.86754834e-01,  0.00000000e+00]],

       [[ 0.00000000e+00,  0.00000000e+00,  3.14916520e-01, ...,
          8.85941774e-01,  8.71050350e-01,  8.16532539e-01],
        [ 0.00000000e+00,  0.00000000e+00,  3.14916520e-01, ...,
          8.85941774e-01,  8.71050350e-01,  8.16532539e-01],
        [-3.14916520e-01, -3.14916520e-01,  0.00000000e+00, ...,
          9.86921675e-01,  9.81415785e-01,  9.56787974e-01],
        ...,
        [-8.85941774e-01, -8.85941774e-01, -9.86921675e-01, ...,
          0.00000000e+00,  3.11789676e-02,  1.32748751e-01],
        [-8.71050350e-01, -8.71050350e-01, -9.81415785e-01, ...,
         -3.11789676e-02,  0.00000000e+00,  1.01781186e-01],
        [-8.16532539e-01, -8.16532539e-01, -9.56787974e-01, ...,
         -1.32748751e-01, -1.01781186e-01,  0.00000000e+00]],

       ...,

       [[ 0.00000000e+00,  0.00000000e+00, -1.88326125e-01, ...,
         -9.18428675e-01, -9.90575677e-01, -9.91852471e-01],
        [ 0.00000000e+00,  0.00000000e+00, -1.88326125e-01, ...,
         -9.18428675e-01, -9.90575677e-01, -9.91852471e-01],
        [ 1.88326125e-01,  1.88326125e-01,  0.00000000e+00, ...,
         -8.27495521e-01, -9.98645232e-01, -9.50113599e-01],
        ...,
        [ 9.18428675e-01,  9.18428675e-01,  8.27495521e-01, ...,
          0.00000000e+00, -5.17652458e-01, -2.75363263e-01],
        [ 9.90575677e-01,  9.90575677e-01,  9.98645232e-01, ...,
          5.17652458e-01,  0.00000000e+00,  2.62041817e-01],
        [ 9.91852471e-01,  9.91852471e-01,  9.50113599e-01, ...,
          2.75363263e-01, -2.62041817e-01,  0.00000000e+00]],

       [[ 0.00000000e+00,  3.65113668e-01,  4.95598603e-01, ...,
          6.36600470e-01,  6.35994513e-01,  6.57672986e-01],
        [-3.65113668e-01,  0.00000000e+00,  1.44263846e-01, ...,
          8.74224839e-01,  8.73843200e-01,  8.87310605e-01],
        [-4.95598603e-01, -1.44263846e-01,  0.00000000e+00, ...,
          9.35122968e-01,  9.34844364e-01,  9.44559167e-01],
        ...,
        [-6.36600470e-01, -8.74224839e-01, -9.35122968e-01, ...,
          0.00000000e+00,  7.85483797e-04, -2.76399176e-02],
        [-6.35994513e-01, -8.73843200e-01, -9.34844364e-01, ...,
         -7.85483797e-04,  0.00000000e+00, -2.84250928e-02],
        [-6.57672986e-01, -8.87310605e-01, -9.44559167e-01, ...,
          2.76399176e-02,  2.84250928e-02,  0.00000000e+00]],

       [[ 0.00000000e+00,  2.31458556e-01,  3.34799322e-01, ...,
          3.88755567e-01,  3.82602484e-01,  3.99224893e-01],
        [-2.31458556e-01,  0.00000000e+00,  1.07606812e-01, ...,
          5.91451059e-01,  5.86060406e-01,  6.00597326e-01],
        [-3.34799322e-01, -1.07606812e-01,  0.00000000e+00, ...,
          6.74784589e-01,  6.69847751e-01,  6.83147180e-01],
        ...,
        [-3.88755567e-01, -5.91451059e-01, -6.74784589e-01, ...,
          0.00000000e+00,  6.66901600e-03, -1.13905137e-02],
        [-3.82602484e-01, -5.86060406e-01, -6.69847751e-01, ...,
         -6.66901600e-03,  0.00000000e+00, -1.80588438e-02],
        [-3.99224893e-01, -6.00597326e-01, -6.83147180e-01, ...,
          1.13905137e-02,  1.80588438e-02,  0.00000000e+00]]]), 'num': array([ 7.07082960e-01,  7.07082960e-01,  0.00000000e+00,  2.22414528e-03,
        2.28218940e-03,  2.16082442e-03,  5.22481540e-03, -2.63836925e-05,
        2.24525223e-03,  2.26095053e-03,  2.20620437e-03,  1.70217371e-06,
        2.32509004e-03,  2.19681102e-03])}
{'img': array([[[ 0.00000000e+00,  1.98019802e-01,  9.57892010e-01, ...,
          8.74431769e-01,  8.95259767e-01,  9.68881570e-01],
        [-1.98019802e-01,  0.00000000e+00,  8.82066680e-01, ...,
          9.53185301e-01,  9.65758495e-01,  9.98710599e-01],
        [-9.57892010e-01, -8.82066680e-01,  0.00000000e+00, ...,
          7.15794354e-01,  6.83838353e-01,  5.15295701e-01],
        ...,
        [-8.74431769e-01, -9.53185301e-01, -7.15794354e-01, ...,
          0.00000000e+00, -4.47356334e-02, -2.53607948e-01],
        [-8.95259767e-01, -9.65758495e-01, -6.83838353e-01, ...,
          4.47356334e-02,  0.00000000e+00, -2.10080955e-01],
        [-9.68881570e-01, -9.98710599e-01, -5.15295701e-01, ...,
          2.53607948e-01,  2.10080955e-01,  0.00000000e+00]],

       [[ 0.00000000e+00, -6.54670214e-02,  8.54386510e-01, ...,
         -8.54386510e-01,  6.58598808e-02,  9.14059331e-01],
        [ 6.54670214e-02,  0.00000000e+00,  8.18534468e-01, ...,
         -8.18534468e-01,  1.31043478e-01,  8.85546283e-01],
        [-8.54386510e-01, -8.18534468e-01,  0.00000000e+00, ...,
         -0.00000000e+00, -8.86754834e-01, -1.28457494e-01],
        ...,
        [ 8.54386510e-01,  8.18534468e-01,  0.00000000e+00, ...,
          0.00000000e+00,  8.86754834e-01,  1.28457494e-01],
        [-6.58598808e-02, -1.31043478e-01,  8.86754834e-01, ...,
         -8.86754834e-01,  0.00000000e+00,  9.38786283e-01],
        [-9.14059331e-01, -8.85546283e-01,  1.28457494e-01, ...,
         -1.28457494e-01, -9.38786283e-01,  0.00000000e+00]],

       [[ 0.00000000e+00,  3.14916520e-01,  6.83509847e-01, ...,
          8.71050350e-01,  8.16532539e-01,  8.13751247e-01],
        [-3.14916520e-01,  0.00000000e+00,  4.18861867e-01, ...,
          9.81415785e-01,  9.56787974e-01,  9.55380746e-01],
        [-6.83509847e-01, -4.18861867e-01,  0.00000000e+00, ...,
          9.71551374e-01,  9.90610650e-01,  9.91255655e-01],
        ...,
        [-8.71050350e-01, -9.81415785e-01, -9.71551374e-01, ...,
          0.00000000e+00,  1.01781186e-01,  1.06556538e-01],
        [-8.16532539e-01, -9.56787974e-01, -9.90610650e-01, ...,
         -1.01781186e-01,  0.00000000e+00,  4.80146070e-03],
        [-8.13751247e-01, -9.55380746e-01, -9.91255655e-01, ...,
         -1.06556538e-01, -4.80146070e-03,  0.00000000e+00]],

       ...,

       [[ 0.00000000e+00, -1.82115127e-01,  1.57793304e-01, ...,
         -9.99663311e-01, -9.74210309e-01, -8.39949868e-01],
        [ 1.82115127e-01,  0.00000000e+00,  3.34988178e-01, ...,
         -9.78220750e-01, -9.16825993e-01, -9.24730890e-01],
        [-1.57793304e-01, -3.34988178e-01,  0.00000000e+00, ...,
         -9.91234011e-01, -9.97610345e-01, -7.43798367e-01],
        ...,
        [ 9.99663311e-01,  9.78220750e-01,  9.91234011e-01, ...,
          0.00000000e+00,  2.00287764e-01, -5.64275770e-01],
        [ 9.74210309e-01,  9.16825993e-01,  9.97610345e-01, ...,
         -2.00287764e-01,  0.00000000e+00, -7.18196763e-01],
        [ 8.39949868e-01,  9.24730890e-01,  7.43798367e-01, ...,
          5.64275770e-01,  7.18196763e-01,  0.00000000e+00]],

       [[ 0.00000000e+00,  3.53704110e-01,  6.83805414e-01, ...,
          6.45771155e-01,  6.67640859e-01,  6.67963028e-01],
        [-3.53704110e-01,  0.00000000e+00,  3.81517129e-01, ...,
          8.74090866e-01,  8.87809670e-01,  8.88008777e-01],
        [-6.83805414e-01, -3.81517129e-01,  0.00000000e+00, ...,
          9.93302875e-01,  9.96235624e-01,  9.96273051e-01],
        ...,
        [-6.45771155e-01, -8.74090866e-01, -9.93302875e-01, ...,
          0.00000000e+00, -2.89985346e-02, -2.94311749e-02],
        [-6.67640859e-01, -8.87809670e-01, -9.96235624e-01, ...,
          2.89985346e-02,  0.00000000e+00, -4.32825123e-04],
        [-6.67963028e-01, -8.88008777e-01, -9.96273051e-01, ...,
          2.94311749e-02,  4.32825123e-04,  0.00000000e+00]],

       [[ 0.00000000e+00,  2.46966142e-01,  1.84152489e-01, ...,
          3.85121787e-01,  4.01843054e-01,  4.54812798e-01],
        [-2.46966142e-01,  0.00000000e+00, -6.42942474e-02, ...,
          6.01108893e-01,  6.15544616e-01,  6.60669418e-01],
        [-1.84152489e-01,  6.42942474e-02,  0.00000000e+00, ...,
          5.48483340e-01,  5.63600618e-01,  6.11038272e-01],
        ...,
        [-3.85121787e-01, -6.01108893e-01, -5.48483340e-01, ...,
          0.00000000e+00, -1.81878791e-02, -7.67466767e-02],
        [-4.01843054e-01, -6.15544616e-01, -5.63600618e-01, ...,
          1.81878791e-02,  0.00000000e+00, -5.85997456e-02],
        [-4.54812798e-01, -6.60669418e-01, -6.11038272e-01, ...,
          7.67466767e-02,  5.85997456e-02,  0.00000000e+00]]]), 'num': array([ 7.07091546e-01,  7.07091546e-01,  0.00000000e+00,  2.18723467e-03,
        2.22681069e-03,  2.16876586e-03,  1.86814642e-03, -3.69376181e-05,
        2.23472589e-03,  2.25622887e-03,  2.20838585e-03,  1.70219438e-06,
        2.32708898e-03,  2.18536875e-03])}
{'img': array([[[ 0.00000000e+00,  9.53939201e-01,  9.47417543e-01, ...,
          8.97997773e-01,  9.70772888e-01,  9.99199680e-01],
        [-9.53939201e-01,  0.00000000e+00, -2.10352817e-02, ...,
          6.89132580e-01,  5.20177275e-01,  2.61602336e-01],
        [-9.47417543e-01,  2.10352817e-02,  0.00000000e+00, ...,
          7.04223006e-01,  5.38027534e-01,  2.81847196e-01],
        ...,
        [-8.97997773e-01, -6.89132580e-01, -7.04223006e-01, ...,
          0.00000000e+00, -2.11620605e-01, -4.75567770e-01],
        [-9.70772888e-01, -5.20177275e-01, -5.38027534e-01, ...,
          2.11620605e-01,  0.00000000e+00, -2.78638839e-01],
        [-9.99199680e-01, -2.61602336e-01, -2.81847196e-01, ...,
          4.75567770e-01,  2.78638839e-01,  0.00000000e+00]],

       [[ 0.00000000e+00,  8.18534468e-01,  6.03899160e-01, ...,
          1.31043478e-01,  8.85546283e-01,  5.67130671e-02],
        [-8.18534468e-01,  0.00000000e+00, -9.99336031e-01, ...,
         -8.86754834e-01, -1.28457494e-01, -8.49796295e-01],
        [-6.03899160e-01,  9.99336031e-01,  0.00000000e+00, ...,
         -4.94241899e-01,  9.86376221e-01, -5.57723437e-01],
        ...,
        [-1.31043478e-01,  8.86754834e-01,  4.94241899e-01, ...,
          0.00000000e+00,  9.38786283e-01, -7.46085576e-02],
        [-8.85546283e-01,  1.28457494e-01, -9.86376221e-01, ...,
         -9.38786283e-01,  0.00000000e+00, -9.10467134e-01],
        [-5.67130671e-02,  8.49796295e-01,  5.57723437e-01, ...,
          7.46085576e-02,  9.10467134e-01,  0.00000000e+00]],

       [[ 0.00000000e+00,  6.31838086e-01,  8.18646895e-01, ...,
          8.24223199e-01,  8.21449596e-01,  8.71745006e-01],
        [-6.31838086e-01,  0.00000000e+00,  2.71670700e-01, ...,
          9.96643565e-01,  9.97031246e-01,  9.85265192e-01],
        [-8.18646895e-01, -2.71670700e-01,  0.00000000e+00, ...,
          9.36920199e-01,  9.38615066e-01,  9.01744808e-01],
        ...,
        [-8.24223199e-01, -9.96643565e-01, -9.36920199e-01, ...,
          0.00000000e+00,  4.88072763e-03, -8.98024723e-02],
        [-8.21449596e-01, -9.97031246e-01, -9.38615066e-01, ...,
         -4.88072763e-03,  0.00000000e+00, -9.46624102e-02],
        [-8.71745006e-01, -9.85265192e-01, -9.01744808e-01, ...,
          8.98024723e-02,  9.46624102e-02,  0.00000000e+00]],

       ...,

       [[ 0.00000000e+00,  3.34988178e-01,  7.34988417e-01, ...,
         -9.16825993e-01, -9.24730890e-01, -9.24730890e-01],
        [-3.34988178e-01,  0.00000000e+00,  4.65373830e-01, ...,
         -9.97610345e-01, -7.43798367e-01, -7.43798367e-01],
        [-7.34988417e-01, -4.65373830e-01,  0.00000000e+00, ...,
         -9.15152370e-01, -3.47288761e-01, -3.47288761e-01],
        ...,
        [ 9.16825993e-01,  9.97610345e-01,  9.15152370e-01, ...,
          0.00000000e+00, -7.18196763e-01, -7.18196763e-01],
        [ 9.24730890e-01,  7.43798367e-01,  3.47288761e-01, ...,
          7.18196763e-01,  0.00000000e+00,  0.00000000e+00],
        [ 9.24730890e-01,  7.43798367e-01,  3.47288761e-01, ...,
          7.18196763e-01,  0.00000000e+00,  0.00000000e+00]],

       [[ 0.00000000e+00,  6.16395497e-01,  7.90131569e-01, ...,
          6.77036950e-01,  6.77361493e-01,  6.59576548e-01],
        [-6.16395497e-01,  0.00000000e+00,  2.44366836e-01, ...,
          9.86759422e-01,  9.86830864e-01,  9.82680702e-01],
        [-7.90131569e-01, -2.44366836e-01,  0.00000000e+00, ...,
          9.96477742e-01,  9.96440657e-01,  9.98171489e-01],
        ...,
        [-6.77036950e-01, -9.86759422e-01, -9.96477742e-01, ...,
          0.00000000e+00, -4.41075073e-04,  2.34715738e-02],
        [-6.77361493e-01, -9.86830864e-01, -9.96440657e-01, ...,
          4.41075073e-04,  0.00000000e+00,  2.39125251e-02],
        [-6.59576548e-01, -9.82680702e-01, -9.98171489e-01, ...,
         -2.34715738e-02, -2.39125251e-02,  0.00000000e+00]],

       [[ 0.00000000e+00, -1.66705305e-01, -1.00779176e-01, ...,
          5.50381747e-01,  5.98574114e-01,  6.95624546e-01],
        [ 1.66705305e-01,  0.00000000e+00,  6.64876287e-02, ...,
          4.03495679e-01,  4.56655936e-01,  5.66128497e-01],
        [ 1.00779176e-01, -6.64876287e-02,  0.00000000e+00, ...,
          4.63437797e-01,  5.14795749e-01,  6.19682679e-01],
        ...,
        [-5.50381747e-01, -4.03495679e-01, -4.63437797e-01, ...,
          0.00000000e+00, -5.88644936e-02, -1.85388780e-01],
        [-5.98574114e-01, -4.56655936e-01, -5.14795749e-01, ...,
          5.88644936e-02,  0.00000000e+00, -1.27223220e-01],
        [-6.95624546e-01, -5.66128497e-01, -6.19682679e-01, ...,
          1.85388780e-01,  1.27223220e-01,  0.00000000e+00]]]), 'num': array([ 7.07090086e-01,  7.07090086e-01,  0.00000000e+00,  2.17667657e-03,
        2.21361411e-03,  2.15293101e-03,  2.81474622e-03, -1.05535834e-05,
        2.21889091e-03,  2.25107933e-03,  2.21031612e-03,  1.66635527e-06,
        2.32900095e-03,  2.17315772e-03])}
{'img': array([[[ 0.        , -0.02797932,  0.43660888, ...,  0.61626265,
          0.32638163,  0.23251236],
        [ 0.02797932,  0.        ,  0.46160958, ...,  0.63805623,
          0.35270097,  0.25963384],
        [-0.43660888, -0.46160958,  0.        , ...,  0.21057431,
         -0.11906965, -0.21546286],
        ...,
        [-0.61626265, -0.63805623, -0.21057431, ...,  0.        ,
         -0.32547611, -0.41626006],
        [-0.32638163, -0.35270097,  0.11906965, ...,  0.32547611,
          0.        , -0.09765709],
        [-0.23251236, -0.25963384,  0.21546286, ...,  0.41626006,
          0.09765709,  0.        ]],

       [[ 0.        , -0.99933603, -0.97356221, ..., -0.12845749,
         -0.84979629, -0.99510741],
        [ 0.99933603,  0.        ,  0.19279879, ...,  0.98637622,
         -0.55772344, -0.13499001],
        [ 0.97356221, -0.19279879,  0.        , ...,  0.93615374,
         -0.70728778, -0.32349146],
        ...,
        [ 0.12845749, -0.98637622, -0.93615374, ...,  0.        ,
         -0.91046713, -0.99955443],
        [ 0.84979629,  0.55772344,  0.70728778, ...,  0.91046713,
          0.        ,  0.44057324],
        [ 0.99510741,  0.13499001,  0.32349146, ...,  0.99955443,
         -0.44057324,  0.        ]],

       [[ 0.        ,  0.63348416,  0.85394578, ...,  0.85668669,
          0.90503393,  0.95714995],
        [-0.63348416,  0.        ,  0.3311043 , ...,  0.98964081,
          0.96972088,  0.92405262],
        [-0.85394578, -0.3311043 ,  0.        , ...,  0.88628411,
          0.83416202,  0.74536097],
        ...,
        [-0.85668669, -0.98964081, -0.88628411, ...,  0.        ,
         -0.10246751, -0.2456432 ],
        [-0.90503393, -0.96972088, -0.83416202, ...,  0.10246751,
          0.        , -0.14502228],
        [-0.95714995, -0.92405262, -0.74536097, ...,  0.2456432 ,
          0.14502228,  0.        ]],

       ...,

       [[ 0.        ,  0.46184216,  0.47793056, ..., -0.88049851,
         -0.88049851, -0.73932475],
        [-0.46184216,  0.        ,  0.01822525, ..., -0.56203305,
         -0.56203305, -0.34477208],
        [-0.47793056, -0.01822525,  0.        , ..., -0.54686533,
         -0.54686533, -0.32760702],
        ...,
        [ 0.88049851,  0.56203305,  0.54686533, ...,  0.        ,
          0.        , -0.24240672],
        [ 0.88049851,  0.56203305,  0.54686533, ...,  0.        ,
          0.        , -0.24240672],
        [ 0.73932475,  0.34477208,  0.32760702, ...,  0.24240672,
          0.24240672,  0.        ]],

       [[ 0.        ,  0.5936153 ,  0.83043185, ...,  0.7099881 ,
          0.69178667,  0.67315567],
        [-0.5936153 ,  0.        ,  0.33757408, ...,  0.98939419,
          0.98536535,  0.98070031],
        [-0.83043185, -0.33757408,  0.        , ...,  0.98035019,
          0.98506479,  0.98913366],
        ...,
        [-0.7099881 , -0.98939419, -0.98035019, ...,  0.        ,
          0.02551815,  0.05099134],
        [-0.69178667, -0.98536535, -0.98506479, ..., -0.02551815,
          0.        ,  0.02548979],
        [-0.67315567, -0.98070031, -0.98913366, ..., -0.05099134,
         -0.02548979,  0.        ]],

       [[ 0.        ,  0.06648763,  0.18168239, ...,  0.45665594,
          0.5661285 ,  0.65596735],
        [-0.06648763,  0.        ,  0.11589928, ...,  0.51479575,
          0.61968268,  0.7047    ],
        [-0.18168239, -0.11589928,  0.        , ...,  0.61068847,
          0.70647045,  0.78218218],
        ...,
        [-0.45665594, -0.51479575, -0.61068847, ...,  0.        ,
         -0.12722322, -0.23889801],
        [-0.5661285 , -0.61968268, -0.70647045, ...,  0.12722322,
          0.        , -0.11341733],
        [-0.65596735, -0.7047    , -0.78218218, ...,  0.23889801,
          0.11341733,  0.        ]]]), 'num': array([ 7.07090344e-01,  7.07090344e-01,  0.00000000e+00,  2.16612378e-03,
        2.20042294e-03,  2.15820859e-03,  2.72715247e-03, -1.05535872e-05,
        2.20095062e-03,  2.24474800e-03,  2.21053679e-03,  1.59902837e-06,
        2.32845798e-03,  2.16103803e-03])}
{'img': array([[[ 0.        ,  0.46160958,  0.46160958, ...,  0.35270097,
          0.25963384,  0.16079917],
        [-0.46160958,  0.        ,  0.        , ..., -0.11906965,
         -0.21546286, -0.31296049],
        [-0.46160958,  0.        ,  0.        , ..., -0.11906965,
         -0.21546286, -0.31296049],
        ...,
        [-0.35270097,  0.11906965,  0.11906965, ...,  0.        ,
         -0.09765709, -0.19764574],
        [-0.25963384,  0.21546286,  0.21546286, ...,  0.09765709,
          0.        , -0.10097036],
        [-0.16079917,  0.31296049,  0.31296049, ...,  0.19764574,
          0.10097036,  0.        ]],

       [[ 0.        ,  0.19371854, -0.23318966, ..., -0.55938352,
         -0.13553299, -0.17511133],
        [-0.19371854,  0.        , -0.41715035, ..., -0.70936224,
         -0.32489667, -0.36251955],
        [ 0.23318966,  0.41715035,  0.        , ..., -0.35066903,
          0.09924147,  0.05930283],
        ...,
        [ 0.55938352,  0.70936224,  0.35066903, ...,  0.        ,
          0.44187749,  0.40558893],
        [ 0.13553299,  0.32489667, -0.09924147, ..., -0.44187749,
          0.        , -0.04005673],
        [ 0.17511133,  0.36251955, -0.05930283, ..., -0.40558893,
          0.04005673,  0.        ]],

       [[ 0.        ,  0.69985421,  0.89859671, ...,  0.93598465,
          0.98000363,  0.99967456],
        [-0.69985421,  0.        ,  0.33477591, ...,  0.91493771,
          0.8392593 ,  0.73190668],
        [-0.89859671, -0.33477591,  0.        , ...,  0.72702986,
          0.608804  ,  0.4615561 ],
        ...,
        [-0.93598465, -0.91493771, -0.72702986, ...,  0.        ,
         -0.15875944, -0.32804909],
        [-0.98000363, -0.8392593 , -0.608804  , ...,  0.15875944,
          0.        , -0.17391474],
        [-0.99967456, -0.73190668, -0.4615561 , ...,  0.32804909,
          0.17391474,  0.        ]],

       ...,

       [[ 0.        ,  0.01796787, -0.28439128, ..., -0.68799521,
         -0.62786841, -0.34018792],
        [-0.01796787,  0.        , -0.30157132, ..., -0.67484459,
         -0.61378231, -0.32323678],
        [ 0.28439128,  0.30157132,  0.        , ..., -0.8659738 ,
         -0.82328994, -0.59357045],
        ...,
        [ 0.68799521,  0.67484459,  0.8659738 , ...,  0.        ,
         -0.07982643, -0.40008189],
        [ 0.62786841,  0.61378231,  0.82328994, ...,  0.07982643,
          0.        , -0.32564586],
        [ 0.34018792,  0.32323678,  0.59357045, ...,  0.40008189,
          0.32564586,  0.        ]],

       [[ 0.        ,  0.68813681,  0.85620875, ...,  0.72186215,
          0.70287025,  0.70836365],
        [-0.68813681,  0.        ,  0.26573664, ...,  0.99998548,
          0.99947343,  0.99969494],
        [-0.85620875, -0.26573664,  0.        , ...,  0.96546368,
          0.97216064,  0.97031488],
        ...,
        [-0.72186215, -0.99998548, -0.96546368, ...,  0.        ,
          0.02706147,  0.01931095],
        [-0.70287025, -0.99947343, -0.97216064, ..., -0.02706147,
          0.        , -0.00775255],
        [-0.70836365, -0.99969494, -0.97031488, ..., -0.01931095,
          0.00775255,  0.        ]],

       [[ 0.        ,  0.1693613 ,  0.36119175, ...,  0.56641172,
          0.65627973,  0.72816339],
        [-0.1693613 ,  0.        ,  0.198046  , ...,  0.6978038 ,
          0.77458523,  0.83372521],
        [-0.36119175, -0.198046  ,  0.        , ...,  0.82584037,
          0.88450087,  0.92656834],
        ...,
        [-0.56641172, -0.6978038 , -0.82584037, ...,  0.        ,
         -0.11348718, -0.21187514],
        [-0.65627973, -0.77458523, -0.88450087, ...,  0.11348718,
          0.        , -0.09959566],
        [-0.72816339, -0.83372521, -0.92656834, ...,  0.21187514,
          0.09959566,  0.        ]]]), 'num': array([ 7.07091591e-01,  7.07091591e-01,  0.00000000e+00,  2.16085080e-03,
        2.18723481e-03,  2.14238199e-03,  2.06059154e-03, -5.27680292e-06,
        2.18301337e-03,  2.23657292e-03,  2.21071658e-03,  1.56736720e-06,
        2.31950606e-03,  2.15363977e-03])}
{'img': array([[[ 0.        ,  0.        , -0.74536784, ..., -0.21546286,
         -0.31296049, -0.36216495],
        [ 0.        ,  0.        , -0.74536784, ..., -0.21546286,
         -0.31296049, -0.36216495],
        [ 0.74536784,  0.74536784,  0.        , ...,  0.58422161,
          0.49928896,  0.4533293 ],
        ...,
        [ 0.21546286,  0.21546286, -0.58422161, ...,  0.        ,
         -0.10097036, -0.15282249],
        [ 0.31296049,  0.31296049, -0.49928896, ...,  0.10097036,
          0.        , -0.05225716],
        [ 0.36216495,  0.36216495, -0.4533293 , ...,  0.15282249,
          0.05225716,  0.        ]],

       [[ 0.        , -0.41715035, -0.00916238, ..., -0.32489667,
         -0.36251955, -0.63557588],
        [ 0.41715035,  0.        ,  0.40880573, ...,  0.09924147,
          0.05930283, -0.25557909],
        [ 0.00916238, -0.40880573,  0.        , ..., -0.31621772,
         -0.35396521, -0.6284755 ],
        ...,
        [ 0.32489667, -0.09924147,  0.31621772, ...,  0.        ,
         -0.04005673, -0.35026287],
        [ 0.36251955, -0.05930283,  0.35396521, ...,  0.04005673,
          0.        , -0.31246256],
        [ 0.63557588,  0.25557909,  0.6284755 , ...,  0.35026287,
          0.31246256,  0.        ]],

       [[ 0.        ,  0.73453442,  0.84059338, ...,  0.99785413,
