state_0,state_1,state_2,state_3,state_4,state_5,state_6,state_7,state_8,state_9,state_10,state_11,state_12,state_13,state_14,state_15,state_16,state_17,state_18,state_19,state_20,state_21,state_22,state_23,state_24,state_25,state_26,state_27,state_28,state_29,state_30,state_31,state_32,state_33,state_34,state_35,state_36,state_37,state_38,state_39,state_40,state_41,state_42,state_43,state_44,state_45,state_46,state_47,state_48,state_49,state_50,state_51,state_52,state_53,state_54,state_55,state_56,state_57,state_58,state_59,state_60,state_61,state_62,state_63,state_64,state_65,state_66,state_67,state_68,state_69,state_70,state_71,state_72,state_73,state_74,state_75,state_76,state_77,state_78,state_79,state_80,state_81,state_82,state_83,state_84,state_85,state_86,state_87,state_88,state_89,state_90,state_91,state_92,state_93,state_94,state_95,state_96,state_97,state_98,state_99,state_100,state_101,state_102,state_103,state_104,state_105,state_106,state_107,state_108,state_109,state_110,state_111,state_112,state_113,state_114,state_115,state_116,state_117,state_118,state_119,state_120,state_121,state_122,state_123,state_124,state_125,state_126,state_127,state_128,state_129,state_130,state_131,state_132,state_133,state_134,state_135,state_136,state_137,state_138,state_139,state_140,state_141,state_142,state_143,state_144,state_145,state_146,state_147,state_148,state_149,state_150,state_151,state_152,state_153,state_154,state_155,state_156,state_157,state_158,state_159,state_160,state_161,state_162,state_163,state_164,state_165,state_166,state_167,state_168,state_169,state_170,state_171,state_172,state_173,state_174,state_175,state_176,state_177,state_178,state_179,state_180,state_181,state_182,state_183,state_184,state_185,state_186,state_187,state_188,state_189,state_190,state_191,state_192,state_193,state_194,state_195,state_196,state_197,state_198,state_199,state_200,state_201,state_202,state_203,state_204,state_205,state_206,state_207,state_208,state_209,state_210,state_211,state_212,state_213,state_214,state_215,state_216,state_217,state_218,state_219,state_220,state_221,state_222,state_223,state_224,state_225,state_226,state_227,state_228,state_229,state_230,state_231,state_232,state_233,state_234,state_235,state_236,state_237,state_238,state_239,state_240,state_241,state_242,state_243,state_244,state_245,state_246,state_247,state_248,state_249,state_250,state_251,state_252,state_253,state_254,state_255,state_256,state_257,state_258,state_259,state_260,state_261,state_262,state_263,state_264,state_265,state_266,state_267,state_268,state_269,state_270,state_271,state_272,state_273,state_274,state_275,state_276,state_277,state_278,state_279,state_280,state_281,state_282,state_283,state_284,state_285,state_286,state_287
{'img': array([[[ 0.        , -0.01953544,  0.        , ...,  0.        ,
          0.08174538, -0.01953544],
        [ 0.01953544,  0.        ,  0.01953544, ...,  0.01953544,
          0.10119984,  0.        ],
        [ 0.        , -0.01953544,  0.        , ...,  0.        ,
          0.08174538, -0.01953544],
        ...,
        [ 0.        , -0.01953544,  0.        , ...,  0.        ,
          0.08174538, -0.01953544],
        [-0.08174538, -0.10119984, -0.08174538, ..., -0.08174538,
          0.        , -0.10119984],
        [ 0.01953544,  0.        ,  0.01953544, ...,  0.01953544,
          0.10119984,  0.        ]],

       [[ 0.        , -0.01895789,  0.408574  , ...,  0.30981326,
          0.09348006,  0.50642652],
        [ 0.01895789,  0.        ,  0.42580392, ...,  0.32778269,
          0.11233814,  0.52268257],
        [-0.408574  , -0.42580392,  0.        , ..., -0.10569674,
         -0.32146331,  0.10992178],
        ...,
        [-0.30981326, -0.32778269,  0.10569674, ...,  0.        ,
         -0.21957603,  0.21436229],
        [-0.09348006, -0.11233814,  0.32146331, ...,  0.21957603,
          0.        ,  0.42360267],
        [-0.50642652, -0.52268257, -0.10992178, ..., -0.21436229,
         -0.42360267,  0.        ]],

       [[ 0.        , -0.22732589, -0.28771204, ..., -0.20857695,
         -0.15797412, -0.11259735],
        [ 0.22732589,  0.        , -0.06246551, ...,  0.01920994,
          0.07063326,  0.11623085],
        [ 0.28771204,  0.06246551,  0.        , ...,  0.0816264 ,
          0.13280481,  0.178046  ],
        ...,
        [ 0.20857695, -0.01920994, -0.0816264 , ...,  0.        ,
          0.05145827,  0.09712967],
        [ 0.15797412, -0.07063326, -0.13280481, ..., -0.05145827,
          0.        ,  0.04578603],
        [ 0.11259735, -0.11623085, -0.178046  , ..., -0.09712967,
         -0.04578603,  0.        ]],

       ...,

       [[ 0.        , -0.28199609, -0.07727069, ...,  0.50775531,
          0.42771451,  0.22154219],
        [ 0.28199609,  0.        ,  0.20701827, ...,  0.73008835,
          0.66525614,  0.48753973],
        [ 0.07727069, -0.20701827,  0.        , ...,  0.572806  ,
          0.49628176,  0.29623038],
        ...,
        [-0.50775531, -0.73008835, -0.572806  , ...,  0.        ,
         -0.09049045, -0.3042791 ],
        [-0.42771451, -0.66525614, -0.49628176, ...,  0.09049045,
          0.        , -0.21683109],
        [-0.22154219, -0.48753973, -0.29623038, ...,  0.3042791 ,
          0.21683109,  0.        ]],

       [[ 0.        , -0.0116914 , -0.29015857, ..., -0.50789841,
         -0.44171802, -0.43337071],
        [ 0.0116914 ,  0.        , -0.27895033, ..., -0.49779252,
         -0.43119885, -0.42280462],
        [ 0.29015857,  0.27895033,  0.        , ..., -0.23610037,
         -0.16239778, -0.15323101],
        ...,
        [ 0.50789841,  0.49779252,  0.23610037, ...,  0.        ,
          0.07515965,  0.08441316],
        [ 0.44171802,  0.43119885,  0.16239778, ..., -0.07515965,
          0.        ,  0.009283  ],
        [ 0.43337071,  0.42280462,  0.15323101, ..., -0.08441316,
         -0.009283  ,  0.        ]],

       [[ 0.        , -0.30491126, -0.34071046, ..., -0.98369124,
         -0.99318051, -0.99950839],
        [ 0.30491126,  0.        , -0.0378182 , ..., -0.99169159,
         -0.98143463, -0.9614723 ],
        [ 0.34071046,  0.0378182 ,  0.        , ..., -0.9861173 ,
         -0.97347913, -0.95038821],
        ...,
        [ 0.98369124,  0.99169159,  0.9861173 , ...,  0.        ,
          0.06395341,  0.14893572],
        [ 0.99318051,  0.98143463,  0.97347913, ..., -0.06395341,
          0.        ,  0.0853907 ],
        [ 0.99950839,  0.9614723 ,  0.95038821, ..., -0.14893572,
         -0.0853907 ,  0.        ]]]), 'num': array([8.99459451e-01, 4.36441516e-01, 5.41541444e-06, 4.24009098e-04,
       4.24009098e-04, 4.14090756e-04, 2.21390474e-02, 1.28938439e-05,
       4.14586674e-04, 4.07321488e-04, 4.00535690e-04, 3.06301722e-07,
       4.30385151e-04, 3.84257825e-04])}
{'img': array([[[ 0.        ,  0.01875365, -0.0366962 , ...,  0.09678678,
          0.        ,  0.78425553],
        [-0.01875365,  0.        , -0.05543076, ...,  0.07810416,
         -0.01875365,  0.77248213],
        [ 0.0366962 ,  0.05543076,  0.        , ...,  0.13324551,
          0.0366962 ,  0.80649503],
        ...,
        [-0.09678678, -0.07810416, -0.13324551, ...,  0.        ,
         -0.09678678,  0.72052337],
        [ 0.        ,  0.01875365, -0.0366962 , ...,  0.09678678,
          0.        ,  0.78425553],
        [-0.78425553, -0.77248213, -0.80649503, ..., -0.72052337,
         -0.78425553,  0.        ]],

       [[ 0.        ,  0.42580392,  0.14092289, ...,  0.11233814,
          0.52268257,  0.79492561],
        [-0.42580392,  0.        , -0.29404543, ..., -0.32146331,
          0.10992178,  0.4609228 ],
        [-0.14092289,  0.29404543,  0.        , ..., -0.02881378,
          0.39732588,  0.70149382],
        ...,
        [-0.11233814,  0.32146331,  0.02881378, ...,  0.        ,
          0.42360267,  0.72173743],
        [-0.52268257, -0.10992178, -0.39732588, ..., -0.42360267,
          0.        ,  0.36058071],
        [-0.79492561, -0.4609228 , -0.70149382, ..., -0.72173743,
         -0.36058071,  0.        ]],

       [[ 0.        , -0.06246551, -0.08734275, ...,  0.07063326,
          0.11623085,  0.39296426],
        [ 0.06246551,  0.        , -0.02494539, ...,  0.13280481,
          0.178046  ,  0.44963725],
        [ 0.08734275,  0.02494539,  0.        , ...,  0.15748792,
          0.20253741,  0.47177883],
        ...,
        [-0.07063326, -0.13280481, -0.15748792, ...,  0.        ,
          0.04578603,  0.3270317 ],
        [-0.11623085, -0.178046  , -0.20253741, ..., -0.04578603,
          0.        ,  0.28342032],
        [-0.39296426, -0.44963725, -0.47177883, ..., -0.3270317 ,
         -0.28342032,  0.        ]],

       ...,

       [[ 0.        ,  0.20701827,  0.11522188, ...,  0.66525614,
          0.48753973,  0.69575226],
        [-0.20701827,  0.        , -0.09291364, ...,  0.49628176,
          0.29623038,  0.53198277],
        [-0.11522188,  0.09291364,  0.        , ...,  0.57479898,
          0.3836923 ,  0.60835661],
        ...,
        [-0.66525614, -0.49628176, -0.57479898, ...,  0.        ,
         -0.21683109,  0.04161782],
        [-0.48753973, -0.29623038, -0.3836923 , ...,  0.21683109,
          0.        ,  0.25727092],
        [-0.69575226, -0.53198277, -0.60835661, ..., -0.04161782,
         -0.25727092,  0.        ]],

       [[ 0.        , -0.27895033, -0.39855601, ..., -0.43119885,
         -0.42280462, -0.15571926],
        [ 0.27895033,  0.        , -0.12689793, ..., -0.16239778,
         -0.15323101,  0.12600944],
        [ 0.39855601,  0.12689793,  0.        , ..., -0.03587152,
         -0.02659294,  0.25087718],
        ...,
        [ 0.43119885,  0.16239778,  0.03587152, ...,  0.        ,
          0.009283  ,  0.28544002],
        [ 0.42280462,  0.15323101,  0.02659294, ..., -0.009283  ,
          0.        ,  0.27653093],
        [ 0.15571926, -0.12600944, -0.25087718, ..., -0.28544002,
         -0.27653093,  0.        ]],

       [[ 0.        , -0.1576839 , -0.28179455, ..., -0.99547346,
         -0.99997015, -0.99958654],
        [ 0.1576839 ,  0.        , -0.12697548, ..., -0.998006  ,
         -0.98867857, -0.98254741],
        [ 0.28179455,  0.12697548,  0.        , ..., -0.98191341,
         -0.96162352, -0.95097553],
        ...,
        [ 0.99547346,  0.998006  ,  0.98191341, ...,  0.        ,
          0.08734524,  0.12362388],
        [ 0.99997015,  0.98867857,  0.96162352, ..., -0.08734524,
          0.        ,  0.03647617],
        [ 0.99958654,  0.98254741,  0.95097553, ..., -0.12362388,
         -0.03647617,  0.        ]]]), 'num': array([4.69188633e-02, 4.69188633e-02, 0.00000000e+00, 1.37941458e-02,
       1.39192628e-02, 1.32311195e-02, 9.97095911e-01, 4.22269770e-04,
       1.32311195e-02, 1.29308387e-02, 1.26454156e-02, 1.02892244e-05,
       1.36828817e-02, 1.21787957e-02])}
{'img': array([[[ 0.        , -0.03901143, -0.01306998, ..., -0.01306998,
          0.3528778 ,  0.93067239],
        [ 0.03901143,  0.        ,  0.02594807, ...,  0.02594807,
          0.38911099,  0.94423641],
        [ 0.01306998, -0.02594807,  0.        , ...,  0.        ,
          0.36507684,  0.9353746 ],
        ...,
        [ 0.01306998, -0.02594807,  0.        , ...,  0.        ,
          0.36507684,  0.9353746 ],
        [-0.3528778 , -0.38911099, -0.36507684, ..., -0.36507684,
          0.        ,  0.74170006],
        [-0.93067239, -0.94423641, -0.9353746 , ..., -0.9353746 ,
         -0.74170006,  0.        ]],

       [[ 0.        , -0.29404543, -0.83399273, ...,  0.10992178,
          0.4609228 ,  0.8882997 ],
        [ 0.29404543,  0.        , -0.63487607, ...,  0.39732588,
          0.70149382,  0.98407381],
        [ 0.83399273,  0.63487607,  0.        , ...,  0.88959107,
          0.99444458,  0.87316499],
        ...,
        [-0.10992178, -0.39732588, -0.88959107, ...,  0.        ,
          0.36058071,  0.83243368],
        [-0.4609228 , -0.70149382, -0.99444458, ..., -0.36058071,
          0.        ,  0.57662754],
        [-0.8882997 , -0.98407381, -0.87316499, ..., -0.83243368,
         -0.57662754,  0.        ]],

       [[ 0.        , -0.01616686, -0.01080336, ...,  0.10233991,
          0.19632399,  0.74897202],
        [ 0.01616686,  0.        ,  0.00536397, ...,  0.11840851,
          0.21215057,  0.75958632],
        [ 0.01080336, -0.00536397,  0.        , ...,  0.11308057,
          0.20690565,  0.75608663],
        ...,
        [-0.10233991, -0.11840851, -0.11308057, ...,  0.        ,
          0.09494491,  0.67722894],
        [-0.19632399, -0.21215057, -0.20690565, ..., -0.09494491,
          0.        ,  0.60431174],
        [-0.74897202, -0.75958632, -0.75608663, ..., -0.67722894,
         -0.60431174,  0.        ]],

       ...,

       [[ 0.        , -0.09291364,  0.08242874, ...,  0.29623038,
          0.53198277,  0.64496998],
        [ 0.09291364,  0.        ,  0.17466962, ...,  0.3836923 ,
          0.60835661,  0.71318529],
        [-0.08242874, -0.17466962,  0.        , ...,  0.21649325,
          0.46037545,  0.57978242],
        ...,
        [-0.29623038, -0.3836923 , -0.21649325, ...,  0.        ,
          0.25727092,  0.38963988],
        [-0.53198277, -0.60835661, -0.46037545, ..., -0.25727092,
          0.        ,  0.13958623],
        [-0.64496998, -0.71318529, -0.57978242, ..., -0.38963988,
         -0.13958623,  0.        ]],

       [[ 0.        , -0.09196252, -0.13925098, ..., -0.11216482,
          0.08060955,  0.68724937],
        [ 0.09196252,  0.        , -0.04759436, ..., -0.02030732,
          0.17193122,  0.75114069],
        [ 0.13925098,  0.04759436,  0.        , ...,  0.02730024,
          0.218622  ,  0.7817085 ],
        ...,
        [ 0.11216482,  0.02030732, -0.02730024, ...,  0.        ,
          0.19190068,  0.76439151],
        [-0.08060955, -0.17193122, -0.218622  , ..., -0.19190068,
          0.        ,  0.62645638],
        [-0.68724937, -0.75114069, -0.7817085 , ..., -0.76439151,
         -0.62645638,  0.        ]],

       [[ 0.        , -0.2357704 , -0.32807636, ..., -0.9999989 ,
         -0.99937927, -0.993495  ],
        [ 0.2357704 ,  0.        , -0.0961067 , ..., -0.97215689,
         -0.96289963, -0.93863864],
        [ 0.32807636,  0.0961067 ,  0.        , ..., -0.94513604,
         -0.93250707, -0.9011463 ],
        ...,
        [ 0.9999989 ,  0.97215689,  0.94513604, ...,  0.        ,
          0.03670889,  0.11534697],
        [ 0.99937927,  0.96289963,  0.93250707, ..., -0.03670889,
          0.        ,  0.07880536],
        [ 0.993495  ,  0.93863864,  0.9011463 , ..., -0.11534697,
         -0.07880536,  0.        ]]]), 'num': array([ 9.20137705e-02,  9.20137705e-02,  0.00000000e+00,  2.65306372e-02,
        2.72667473e-02,  2.64079521e-02,  9.88769857e-01, -5.21411366e-04,
        2.61625821e-02,  2.55108179e-02,  2.48171363e-02,  1.75720742e-05,
        2.68000144e-02,  2.42216214e-02])}
{'img': array([[[ 0.        ,  0.02594807, -0.06386476, ...,  0.38911099,
          0.94423641,  0.54774689],
        [-0.02594807,  0.        , -0.08973835, ...,  0.36507684,
          0.9353746 ,  0.52585316],
        [ 0.06386476,  0.08973835,  0.        , ...,  0.44714827,
          0.96333745,  0.60006077],
        ...,
        [-0.38911099, -0.36507684, -0.44714827, ...,  0.        ,
          0.74170006,  0.17903203],
        [-0.94423641, -0.9353746 , -0.96333745, ..., -0.74170006,
          0.        , -0.60963413],
        [-0.54774689, -0.52585316, -0.60006077, ..., -0.17903203,
          0.60963413,  0.        ]],

       [[ 0.        , -0.63487607, -0.16502516, ...,  0.70149382,
          0.98407381,  0.3624608 ],
        [ 0.63487607,  0.        ,  0.49867077, ...,  0.99444458,
          0.87316499,  0.87174616],
        [ 0.16502516, -0.49867077,  0.        , ...,  0.80948528,
          0.99991645,  0.51129451],
        ...,
        [-0.70149382, -0.99444458, -0.80948528, ...,  0.        ,
          0.57662754, -0.3954746 ],
        [-0.98407381, -0.87316499, -0.99991645, ..., -0.57662754,
          0.        , -0.85272466],
        [-0.3624608 , -0.87174616, -0.51129451, ...,  0.3954746 ,
          0.85272466,  0.        ]],

       [[ 0.        ,  0.00451831, -0.03126783, ...,  0.17200478,
          0.46010405,  0.84115316],
        [-0.00451831,  0.        , -0.03578361, ...,  0.16755206,
          0.45608771,  0.83870109],
        [ 0.03126783,  0.03578361,  0.        , ...,  0.2027225 ,
          0.4876407 ,  0.85765142],
        ...,
        [-0.17200478, -0.16755206, -0.2027225 , ...,  0.        ,
          0.30052969,  0.73559705],
        [-0.46010405, -0.45608771, -0.4876407 , ..., -0.30052969,
          0.        ,  0.49800758],
        [-0.84115316, -0.83870109, -0.85765142, ..., -0.73559705,
         -0.49800758,  0.        ]],

       ...,

       [[ 0.        ,  0.17466962, -0.25506531, ...,  0.60835661,
          0.71318529,  0.48942751],
        [-0.17466962,  0.        , -0.42003644, ...,  0.46037545,
          0.57978242,  0.32958399],
        [ 0.25506531,  0.42003644,  0.        , ...,  0.79067061,
          0.8683904 ,  0.69566729],
        ...,
        [-0.60835661, -0.46037545, -0.79067061, ...,  0.        ,
          0.13958623, -0.14207282],
        [-0.71318529, -0.57978242, -0.8683904 , ..., -0.13958623,
          0.        , -0.27885221],
        [-0.48942751, -0.32958399, -0.69566729, ...,  0.14207282,
          0.27885221,  0.        ]],

       [[ 0.        , -0.04759436, -0.05234419, ...,  0.17193122,
          0.75114069,  0.55296963],
        [ 0.04759436,  0.        , -0.00475577, ...,  0.218622  ,
          0.7817085 ,  0.59199866],
        [ 0.05234419,  0.00475577,  0.        , ...,  0.22326025,
          0.78466556,  0.59582482],
        ...,
        [-0.17193122, -0.218622  , -0.22326025, ...,  0.        ,
          0.62645638,  0.401482  ],
        [-0.75114069, -0.7817085 , -0.78466556, ..., -0.62645638,
          0.        , -0.26081292],
        [-0.55296963, -0.59199866, -0.59582482, ..., -0.401482  ,
          0.26081292,  0.        ]],

       [[ 0.        , -0.23309427, -0.3936393 , ..., -0.99874773,
         -0.99154007, -0.93428573],
        [ 0.23309427,  0.        , -0.16852077, ..., -0.95957474,
         -0.93397138, -0.82544606],
        [ 0.3936393 ,  0.16852077,  0.        , ..., -0.89842016,
         -0.86039329, -0.71851385],
        ...,
        [ 0.99874773,  0.95957474,  0.89842016, ...,  0.        ,
          0.080032  ,  0.30933665],
        [ 0.99154007,  0.93397138,  0.86039329, ..., -0.080032  ,
          0.        ,  0.23223774],
        [ 0.93428573,  0.82544606,  0.71851385, ..., -0.30933665,
         -0.23223774,  0.        ]]]), 'num': array([1.05449622e-01, 1.05449622e-01, 0.00000000e+00, 3.06155402e-02,
       3.06858400e-02, 3.01937417e-02, 9.85215817e-01, 2.10899244e-04,
       3.02429515e-02, 2.93888096e-02, 2.84667113e-02, 1.99799284e-05,
       3.07696048e-02, 2.80080145e-02])}
{'img': array([[[ 0.        , -0.08973835,  0.16141002, ...,  0.9353746 ,
          0.52585316,  0.63296309],
        [ 0.08973835,  0.        ,  0.24932044, ...,  0.96333745,
          0.60006077,  0.69988313],
        [-0.16141002, -0.24932044,  0.        , ...,  0.8660254 ,
          0.38166648,  0.49970259],
        ...,
        [-0.9353746 , -0.96333745, -0.8660254 , ...,  0.        ,
         -0.60963413, -0.50029735],
        [-0.52585316, -0.60006077, -0.38166648, ...,  0.60963413,
          0.        ,  0.13127677],
        [-0.63296309, -0.69988313, -0.49970259, ...,  0.50029735,
         -0.13127677,  0.        ]],

       [[ 0.        ,  0.49867077,  0.98117886, ...,  0.87316499,
          0.87174616,  0.78422636],
        [-0.49867077,  0.        ,  0.75418359, ...,  0.99991645,
          0.51129451,  0.37034807],
        [-0.98117886, -0.75418359,  0.        , ...,  0.64686002,
         -0.31240106, -0.45736179],
        ...,
        [-0.87316499, -0.99991645, -0.64686002, ...,  0.        ,
         -0.85272466, -0.92402825],
        [-0.87174616, -0.51129451,  0.31240106, ...,  0.85272466,
          0.        , -0.15665873],
        [-0.78422636, -0.37034807,  0.45736179, ...,  0.92402825,
          0.15665873,  0.        ]],

       [[ 0.        , -0.03140386,  0.01588628, ...,  0.37168336,
          0.55928856,  0.8963919 ],
        [ 0.03140386,  0.        ,  0.04727835, ...,  0.40065411,
          0.58504566,  0.90986993],
        [-0.01588628, -0.04727835,  0.        , ...,  0.35688827,
          0.54604868,  0.88923699],
        ...,
        [-0.37168336, -0.40065411, -0.35688827, ...,  0.        ,
          0.2111054 ,  0.66742073],
        [-0.55928856, -0.58504566, -0.54604868, ..., -0.2111054 ,
          0.        ,  0.49517312],
        [-0.8963919 , -0.90986993, -0.88923699, ..., -0.66742073,
         -0.49517312,  0.        ]],

       ...,

       [[ 0.        , -0.42003644, -0.06497512, ...,  0.57978242,
          0.32958399,  0.316533  ],
        [ 0.42003644,  0.        ,  0.36018346, ...,  0.8683904 ,
          0.69566729,  0.68569478],
        [ 0.06497512, -0.36018346,  0.        , ...,  0.63149714,
          0.39023226,  0.37749833],
        ...,
        [-0.57978242, -0.8683904 , -0.63149714, ...,  0.        ,
         -0.27885221, -0.29206886],
        [-0.32958399, -0.69566729, -0.39023226, ...,  0.27885221,
          0.        , -0.01379016],
        [-0.316533  , -0.68569478, -0.37749833, ...,  0.29206886,
          0.01379016,  0.        ]],

       [[ 0.        , -0.00466059, -0.00466059, ...,  0.67219921,
          0.56164714,  0.79157363],
        [ 0.00466059,  0.        ,  0.        , ...,  0.67564247,
          0.56549711,  0.794413  ],
        [ 0.00466059,  0.        ,  0.        , ...,  0.67564247,
          0.56549711,  0.794413  ],
        ...,
        [-0.67219921, -0.67564247, -0.67564247, ...,  0.        ,
         -0.14033521,  0.1752943 ],
        [-0.56164714, -0.56549711, -0.56549711, ...,  0.14033521,
          0.        ,  0.31172187],
        [-0.79157363, -0.794413  , -0.794413  , ..., -0.1752943 ,
         -0.31172187,  0.        ]],

       [[ 0.        , -0.32396801, -0.32396801, ..., -0.98934664,
         -0.9268348 , -0.85183821],
        [ 0.32396801,  0.        ,  0.        , ..., -0.8888263 ,
         -0.75520871, -0.63620083],
        [ 0.32396801,  0.        ,  0.        , ..., -0.8888263 ,
         -0.75520871, -0.63620083],
        ...,
        [ 0.98934664,  0.8888263 ,  0.8888263 , ...,  0.        ,
          0.23654171,  0.39421498],
        [ 0.9268348 ,  0.75520871,  0.75520871, ..., -0.23654171,
          0.        ,  0.16564154],
        [ 0.85183821,  0.63620083,  0.63620083, ..., -0.39421498,
         -0.16564154,  0.        ]]]), 'num': array([ 1.20782735e-01,  1.20782735e-01,  0.00000000e+00,  3.43425575e-02,
        3.53893412e-02,  3.41815139e-02,  9.80571007e-01, -7.24696407e-04,
        3.48337406e-02,  3.37688395e-02,  3.26220746e-02,  2.47055593e-05,
        3.52269016e-02,  3.23107774e-02])}
{'img': array([[[ 0.        ,  0.24932044,  0.1289164 , ...,  0.60006077,
          0.69988313,  0.41792466],
        [-0.24932044,  0.        , -0.12239463, ...,  0.38166648,
          0.49970259,  0.17822398],
        [-0.1289164 ,  0.12239463,  0.        , ...,  0.4919263 ,
          0.60196344,  0.29731908],
        ...,
        [-0.60006077, -0.38166648, -0.4919263 , ...,  0.        ,
          0.13127677, -0.21082354],
        [-0.69988313, -0.49970259, -0.60196344, ..., -0.13127677,
          0.        , -0.33732524],
        [-0.41792466, -0.17822398, -0.29731908, ...,  0.21082354,
          0.33732524,  0.        ]],

       [[ 0.        ,  0.9605124 ,  0.70246131, ...,  0.80277905,
          0.67686525,  0.51338301],
        [-0.9605124 ,  0.        , -0.4881669 , ..., -0.34936811,
         -0.51871078, -0.6814307 ],
        [-0.70246131,  0.4881669 ,  0.        , ...,  0.15249421,
         -0.03534681, -0.23743796],
        ...,
        [-0.80277905,  0.34936811, -0.15249421, ...,  0.        ,
         -0.18733232, -0.38279426],
        [-0.67686525,  0.51871078,  0.03534681, ...,  0.18733232,
          0.        , -0.20295361],
        [-0.51338301,  0.6814307 ,  0.23743796, ...,  0.38279426,
          0.20295361,  0.        ]],

       [[ 0.        ,  0.04406971,  0.05148844, ...,  0.52244683,
          0.71646904,  0.93404977],
        [-0.04406971,  0.        ,  0.00742716, ...,  0.48436224,
          0.68502909,  0.91740312],
        [-0.05148844, -0.00742716,  0.        , ...,  0.4778511 ,
          0.6795994 ,  0.91442211],
        ...,
        [-0.52244683, -0.48436224, -0.4778511 , ...,  0.        ,
          0.24644422,  0.60984981],
        [-0.71646904, -0.68502909, -0.6795994 , ..., -0.24644422,
          0.        ,  0.39572897],
        [-0.93404977, -0.91740312, -0.91442211, ..., -0.60984981,
         -0.39572897,  0.        ]],

       ...,

       [[ 0.        ,  0.36018346,  0.36018346, ...,  0.69566729,
          0.68569478,  0.78248946],
        [-0.36018346,  0.        ,  0.        , ...,  0.39023226,
          0.37749833,  0.50569672],
        [-0.36018346,  0.        ,  0.        , ...,  0.39023226,
          0.37749833,  0.50569672],
        ...,
        [-0.69566729, -0.39023226, -0.39023226, ...,  0.        ,
         -0.01379016,  0.12894549],
        [-0.68569478, -0.37749833, -0.37749833, ...,  0.01379016,
          0.        ,  0.14260827],
        [-0.78248946, -0.50569672, -0.50569672, ..., -0.12894549,
         -0.14260827,  0.        ]],

       [[ 0.        ,  0.        , -0.11739719, ...,  0.56549711,
          0.794413  ,  0.68643839],
        [ 0.        ,  0.        , -0.11739719, ...,  0.56549711,
          0.794413  ,  0.68643839],
        [ 0.11739719,  0.11739719,  0.        , ...,  0.65841008,
          0.86022413,  0.76706152],
        ...,
        [-0.56549711, -0.56549711, -0.65841008, ...,  0.        ,
          0.31172187,  0.15491756],
        [-0.794413  , -0.794413  , -0.86022413, ..., -0.31172187,
          0.        , -0.16076003],
        [-0.68643839, -0.68643839, -0.76706152, ..., -0.15491756,
          0.16076003,  0.        ]],

       [[ 0.        ,  0.        ,  0.1186815 , ..., -0.85777363,
         -0.7557799 , -0.64436363],
        [ 0.        ,  0.        ,  0.1186815 , ..., -0.85777363,
         -0.7557799 , -0.64436363],
        [-0.1186815 , -0.1186815 ,  0.        , ..., -0.91271678,
         -0.82815403, -0.73056754],
        ...,
        [ 0.85777363,  0.85777363,  0.91271678, ...,  0.        ,
          0.1732005 ,  0.32473528],
        [ 0.7557799 ,  0.7557799 ,  0.82815403, ..., -0.1732005 ,
          0.        ,  0.15601353],
        [ 0.64436363,  0.64436363,  0.73056754, ..., -0.32473528,
         -0.15601353,  0.        ]]]), 'num': array([9.41158957e-02, 9.41158957e-02, 0.00000000e+00, 2.71994939e-02,
       2.75759574e-02, 2.69171462e-02, 9.88220356e-01, 4.39207513e-04,
       2.72183170e-02, 2.63885286e-02, 2.54431867e-02, 1.85977518e-05,
       2.75497618e-02, 2.52272954e-02])}
{'img': array([[[ 0.        , -0.12239463, -0.22463393, ...,  0.49970259,
          0.17822398,  0.41933913],
        [ 0.12239463,  0.        , -0.10367841, ...,  0.60196344,
          0.29731908,  0.52729981],
        [ 0.22463393,  0.10367841,  0.        , ...,  0.68150904,
          0.39470667,  0.61255152],
        ...,
        [-0.49970259, -0.60196344, -0.68150904, ...,  0.        ,
         -0.33732524, -0.09041451],
        [-0.17822398, -0.29731908, -0.39470667, ...,  0.33732524,
          0.        ,  0.25082848],
        [-0.41933913, -0.52729981, -0.61255152, ...,  0.09041451,
         -0.25082848,  0.        ]],

       [[ 0.        , -0.53364489, -0.22556478, ..., -0.56879678,
         -0.76788405, -0.40963939],
        [ 0.53364489,  0.        ,  0.3291298 , ..., -0.04212513,
         -0.30755921,  0.14038067],
        [ 0.22556478, -0.3291298 ,  0.        , ..., -0.36861576,
         -0.60359998, -0.19331131],
        ...,
        [ 0.56879678,  0.04212513,  0.36861576, ...,  0.        ,
         -0.26720292,  0.18196404],
        [ 0.76788405,  0.30755921,  0.60359998, ...,  0.26720292,
          0.        ,  0.4380899 ],
        [ 0.40963939, -0.14038067,  0.19331131, ..., -0.18196404,
         -0.4380899 ,  0.        ]],

       [[ 0.        ,  0.00718621, -0.00358541, ...,  0.64180768,
          0.78827048,  0.92903175],
        [-0.00718621,  0.        , -0.01077148, ...,  0.63628025,
          0.78382825,  0.92634887],
        [ 0.00358541,  0.01077148,  0.        , ...,  0.64455308,
          0.79047162,  0.93035238],
        ...,
        [-0.64180768, -0.63628025, -0.64455308, ...,  0.        ,
          0.20957474,  0.47497368],
        [-0.78827048, -0.78382825, -0.79047162, ..., -0.20957474,
          0.        ,  0.28      ],
        [-0.92903175, -0.92634887, -0.93035238, ..., -0.47497368,
         -0.28      ,  0.        ]],

       ...,

       [[ 0.        ,  0.        , -0.28535688, ...,  0.37749833,
          0.50569672,  0.44662485],
        [ 0.        ,  0.        , -0.28535688, ...,  0.37749833,
          0.50569672,  0.44662485],
        [ 0.28535688,  0.28535688,  0.        , ...,  0.62604585,
          0.73085113,  0.68336967],
        ...,
        [-0.37749833, -0.37749833, -0.62604585, ...,  0.        ,
          0.14260827,  0.0758234 ],
        [-0.50569672, -0.50569672, -0.73085113, ..., -0.14260827,
          0.        , -0.06714931],
        [-0.44662485, -0.44662485, -0.68336967, ..., -0.0758234 ,
          0.06714931,  0.        ]],

       [[ 0.        , -0.10733271, -0.11235968, ...,  0.55571931,
          0.53035728,  0.8412436 ],
        [ 0.10733271,  0.        , -0.00505756, ...,  0.6417422 ,
          0.6182874 ,  0.89441397],
        [ 0.11235968,  0.00505756,  0.        , ...,  0.64561274,
          0.62225449,  0.89666448],
        ...,
        [-0.55571931, -0.6417422 , -0.64561274, ...,  0.        ,
         -0.03020139,  0.39893154],
        [-0.53035728, -0.6182874 , -0.62225449, ...,  0.03020139,
          0.        ,  0.42644366],
        [-0.8412436 , -0.89441397, -0.89666448, ..., -0.39893154,
         -0.42644366,  0.        ]],

       [[ 0.        ,  0.1186815 , -0.15479078, ..., -0.7557799 ,
         -0.64436363, -0.60695844],
        [-0.1186815 ,  0.        , -0.27094784, ..., -0.82815403,
         -0.73056754, -0.69698886],
        [ 0.15479078,  0.27094784,  0.        , ..., -0.6453097 ,
         -0.51822581, -0.47662551],
        ...,
        [ 0.7557799 ,  0.82815403,  0.6453097 , ...,  0.        ,
          0.15601353,  0.20319165],
        [ 0.64436363,  0.73056754,  0.51822581, ..., -0.15601353,
          0.        ,  0.04794462],
        [ 0.60695844,  0.69698886,  0.47662551, ..., -0.20319165,
         -0.04794462,  0.        ]]]), 'num': array([ 4.51768299e-02,  4.51768299e-02,  0.00000000e+00,  1.28302197e-02,
        1.36885795e-02,  1.26043355e-02,  9.97299150e-01, -2.25884149e-04,
        1.29747855e-02,  1.26946892e-02,  1.22158148e-02,  7.91670162e-06,
        1.32256531e-02,  1.21637253e-02])}
{'img': array([[[ 0.        , -0.10367841,  0.06718427, ...,  0.29731908,
          0.52729981,  0.28212416],
        [ 0.10367841,  0.        ,  0.17026636, ...,  0.39470667,
          0.61255152,  0.38007053],
        [-0.06718427, -0.17026636,  0.        , ...,  0.23250124,
          0.46902333,  0.21703162],
        ...,
        [-0.29731908, -0.39470667, -0.23250124, ...,  0.        ,
          0.25082848, -0.01587536],
        [-0.52729981, -0.61255152, -0.46902333, ..., -0.25082848,
          0.        , -0.26616472],
        [-0.28212416, -0.38007053, -0.21703162, ...,  0.01587536,
          0.26616472,  0.        ]],

       [[ 0.        ,  0.3291298 ,  0.35806185, ..., -0.30755921,
          0.14038067,  0.99156184],
        [-0.3291298 ,  0.        ,  0.03080453, ..., -0.60359998,
         -0.19331131,  0.89365007],
        [-0.35806185, -0.03080453,  0.        , ..., -0.62787359,
         -0.22344306,  0.87940199],
        ...,
        [ 0.30755921,  0.60359998,  0.62787359, ...,  0.        ,
          0.4380899 ,  0.98337009],
        [-0.14038067,  0.19331131,  0.22344306, ..., -0.4380899 ,
          0.        ,  0.96354482],
        [-0.99156184, -0.89365007, -0.87940199, ..., -0.98337009,
         -0.96354482,  0.        ]],

       [[ 0.        , -0.01077148,  0.01805808, ...,  0.78382825,
          0.92634887,  0.66952879],
        [ 0.01077148,  0.        ,  0.02882676, ...,  0.79047162,
          0.93035238,  0.67749085],
        [-0.01805808, -0.02882676,  0.        , ...,  0.77248677,
          0.91939594,  0.65600632],
        ...,
        [-0.78382825, -0.79047162, -0.77248677, ...,  0.        ,
          0.28      , -0.1664543 ],
        [-0.92634887, -0.93035238, -0.91939594, ..., -0.28      ,
          0.        , -0.43588989],
        [-0.66952879, -0.67749085, -0.65600632, ...,  0.1664543 ,
          0.43588989,  0.        ]],

       ...,

       [[ 0.        , -0.28535688, -0.15016372, ...,  0.50569672,
          0.44662485,  0.25665207],
        [ 0.28535688,  0.        ,  0.13820115, ...,  0.73085113,
          0.68336967,  0.52177934],
        [ 0.15016372, -0.13820115,  0.        , ...,  0.62951063,
          0.57591532,  0.39887574],
        ...,
        [-0.50569672, -0.73085113, -0.62951063, ...,  0.        ,
         -0.06714931, -0.26734118],
        [-0.44662485, -0.68336967, -0.57591532, ...,  0.06714931,
          0.        , -0.20203257],
        [-0.25665207, -0.52177934, -0.39887574, ...,  0.26734118,
          0.20203257,  0.        ]],

       [[ 0.        , -0.00504482, -0.03127401, ...,  0.61517718,
          0.85960707,  0.89542518],
        [ 0.00504482,  0.        , -0.02623126, ...,  0.61914663,
          0.86217381,  0.8976598 ],
        [ 0.03127401,  0.02623126,  0.        , ...,  0.63953234,
          0.87516622,  0.90891075],
        ...,
        [-0.61517718, -0.61914663, -0.63953234, ...,  0.        ,
          0.3633764 ,  0.43205898],
        [-0.85960707, -0.86217381, -0.87516622, ..., -0.3633764 ,
          0.        ,  0.07481516],
        [-0.89542518, -0.8976598 , -0.90891075, ..., -0.43205898,
         -0.07481516,  0.        ]],

       [[ 0.        , -0.27094784, -0.27878908, ..., -0.73056754,
         -0.69698886, -0.6076083 ],
        [ 0.27094784,  0.        , -0.00815531, ..., -0.51822581,
         -0.47662551, -0.36968337],
        [ 0.27878908,  0.00815531,  0.        , ..., -0.5112338 ,
         -0.46944027, -0.3620935 ],
        ...,
        [ 0.73056754,  0.51822581,  0.5112338 , ...,  0.        ,
          0.04794462,  0.16534413],
        [ 0.69698886,  0.47662551,  0.46944027, ..., -0.04794462,
          0.        ,  0.11786928],
        [ 0.6076083 ,  0.36968337,  0.3620935 , ..., -0.16534413,
         -0.11786928,  0.        ]]]), 'num': array([ 6.06080755e-02,  6.06080755e-02,  0.00000000e+00,  1.69298558e-02,
        1.74147204e-02,  1.67278288e-02,  9.95159751e-01, -2.82837686e-04,
        1.72975448e-02,  1.70470314e-02,  1.63904439e-02,  1.06208437e-05,
        1.77343506e-02,  1.63597122e-02])}
{'img': array([[[ 0.        ,  0.17026636,  0.05141934, ...,  0.61255152,
          0.38007053,  0.18376299],
        [-0.17026636,  0.        , -0.11937261, ...,  0.46902333,
          0.21703162,  0.01371288],
        [-0.05141934,  0.11937261,  0.        , ...,  0.57109778,
          0.33200705,  0.1329762 ],
        ...,
        [-0.61255152, -0.46902333, -0.57109778, ...,  0.        ,
         -0.26616472, -0.45686822],
        [-0.38007053, -0.21703162, -0.33200705, ...,  0.26616472,
          0.        , -0.20362519],
        [-0.18376299, -0.01371288, -0.1329762 , ...,  0.45686822,
          0.20362519,  0.        ]],

       [[ 0.        ,  0.03080453, -0.37868903, ..., -0.19331131,
          0.89365007,  0.47232134],
        [-0.03080453,  0.        , -0.40701965, ..., -0.22344306,
          0.87940199,  0.44494526],
        [ 0.37868903,  0.40701965,  0.        , ...,  0.19263174,
          0.99703674,  0.77093124],
        ...,
        [ 0.19331131,  0.22344306, -0.19263174, ...,  0.        ,
          0.96354482,  0.63380187],
        [-0.89365007, -0.87940199, -0.99703674, ..., -0.96354482,
          0.        , -0.57572576],
        [-0.47232134, -0.44494526, -0.77093124, ..., -0.63380187,
          0.57572576,  0.        ]],

       [[ 0.        ,  0.02882676,  0.05066639, ...,  0.93035238,
          0.67749085,  0.53856114],
        [-0.02882676,  0.        ,  0.0218556 , ...,  0.91939594,
          0.65600632,  0.51404829],
        [-0.05066639, -0.0218556 ,  0.        , ...,  0.91057979,
          0.63935399,  0.49517862],
        ...,
        [-0.93035238, -0.91939594, -0.91057979, ...,  0.        ,
         -0.43588989, -0.58642988],
        [-0.67749085, -0.65600632, -0.63935399, ...,  0.43588989,
          0.        , -0.17471607],
        [-0.53856114, -0.51404829, -0.49517862, ...,  0.58642988,
          0.17471607,  0.        ]],

       ...,

       [[ 0.        ,  0.13820115,  0.17233637, ...,  0.68336967,
          0.52177934,  0.52177934],
        [-0.13820115,  0.        ,  0.03454925, ...,  0.57591532,
          0.39887574,  0.39887574],
        [-0.17233637, -0.03454925,  0.        , ...,  0.54732716,
          0.36695577,  0.36695577],
        ...,
        [-0.68336967, -0.57591532, -0.54732716, ...,  0.        ,
         -0.20203257, -0.20203257],
        [-0.52177934, -0.39887574, -0.36695577, ...,  0.20203257,
          0.        ,  0.        ],
        [-0.52177934, -0.39887574, -0.36695577, ...,  0.20203257,
          0.        ,  0.        ]],

       [[ 0.        , -0.02623126, -0.02754059, ...,  0.86217381,
          0.8976598 ,  0.81498668],
        [ 0.02623126,  0.        , -0.0013098 , ...,  0.87516622,
          0.90891075,  0.82990672],
        [ 0.02754059,  0.0013098 ,  0.        , ...,  0.87579918,
          0.90945614,  0.83063675],
        ...,
        [-0.86217381, -0.87516622, -0.87579918, ...,  0.        ,
          0.07481516, -0.0867297 ],
        [-0.8976598 , -0.90891075, -0.90945614, ..., -0.07481516,
          0.        , -0.16101988],
        [-0.81498668, -0.82990672, -0.83063675, ...,  0.0867297 ,
          0.16101988,  0.        ]],

       [[ 0.        , -0.04149623, -0.16247624, ..., -0.63615483,
         -0.53216285, -0.45874034],
        [ 0.04149623,  0.        , -0.12139144, ..., -0.60358999,
         -0.49657203, -0.42147289],
        [ 0.16247624,  0.12139144,  0.        , ..., -0.5023415 ,
         -0.38753251, -0.30827324],
        ...,
        [ 0.63615483,  0.60358999,  0.5023415 , ...,  0.        ,
          0.12799907,  0.21132198],
        [ 0.53216285,  0.49657203,  0.38753251, ..., -0.12799907,
          0.        ,  0.0844753 ],
        [ 0.45874034,  0.42147289,  0.30827324, ..., -0.21132198,
         -0.0844753 ,  0.        ]]]), 'num': array([ 1.13676191e-01,  1.13676191e-01,  0.00000000e+00,  3.15640890e-02,
        3.19430096e-02,  3.12609525e-02,  9.82910657e-01, -1.89460318e-04,
        3.21552052e-02,  3.19657449e-02,  3.07475150e-02,  1.98072151e-05,
        3.32626059e-02,  3.06688838e-02])}
{'img': array([[[ 0.00000000e+00, -1.19372605e-01, -8.03569175e-02, ...,
          2.17031621e-01,  1.37128755e-02, -5.39256409e-02],
        [ 1.19372605e-01,  0.00000000e+00,  3.92042453e-02, ...,
          3.32007050e-01,  1.32976203e-01,  6.56588657e-02],
        [ 8.03569175e-02, -3.92042453e-02,  0.00000000e+00, ...,
          2.94771350e-01,  9.40178920e-02,  2.64887407e-02],
        ...,
        [-2.17031621e-01, -3.32007050e-01, -2.94771350e-01, ...,
          0.00000000e+00, -2.03625191e-01, -2.69356130e-01],
        [-1.37128755e-02, -1.32976203e-01, -9.40178920e-02, ...,
          2.03625191e-01,  0.00000000e+00, -6.76134932e-02],
        [ 5.39256409e-02, -6.56588657e-02, -2.64887407e-02, ...,
