state_0,state_1,state_2,state_3,state_4,state_5,state_6,state_7,state_8,state_9,state_10,state_11,state_12,state_13,state_14,state_15,state_16,state_17,state_18,state_19,state_20,state_21,state_22,state_23,state_24,state_25,state_26,state_27,state_28,state_29,state_30,state_31,state_32,state_33,state_34,state_35,state_36,state_37,state_38,state_39,state_40,state_41,state_42,state_43,state_44,state_45,state_46,state_47,state_48,state_49,state_50,state_51,state_52,state_53,state_54,state_55,state_56,state_57,state_58,state_59,state_60,state_61,state_62,state_63,state_64,state_65,state_66,state_67,state_68,state_69,state_70,state_71,state_72,state_73,state_74,state_75,state_76,state_77,state_78,state_79,state_80,state_81,state_82,state_83,state_84,state_85,state_86,state_87,state_88,state_89,state_90,state_91,state_92,state_93,state_94,state_95,state_96,state_97,state_98,state_99,state_100,state_101,state_102,state_103,state_104,state_105,state_106,state_107,state_108,state_109,state_110,state_111,state_112,state_113,state_114,state_115,state_116,state_117,state_118,state_119,state_120,state_121,state_122,state_123,state_124,state_125,state_126,state_127,state_128,state_129,state_130,state_131,state_132,state_133,state_134,state_135,state_136,state_137,state_138,state_139,state_140,state_141,state_142,state_143,state_144,state_145,state_146,state_147,state_148,state_149,state_150,state_151,state_152,state_153,state_154,state_155,state_156,state_157,state_158,state_159,state_160,state_161,state_162,state_163,state_164,state_165,state_166,state_167,state_168,state_169,state_170,state_171,state_172,state_173,state_174,state_175,state_176,state_177,state_178,state_179,state_180,state_181,state_182,state_183,state_184,state_185,state_186,state_187,state_188,state_189,state_190,state_191,state_192,state_193,state_194,state_195,state_196,state_197,state_198,state_199,state_200,state_201,state_202,state_203,state_204,state_205,state_206,state_207,state_208,state_209,state_210,state_211,state_212,state_213,state_214,state_215,state_216,state_217,state_218,state_219,state_220,state_221,state_222,state_223,state_224,state_225,state_226,state_227,state_228,state_229,state_230,state_231,state_232,state_233,state_234,state_235,state_236,state_237,state_238,state_239,state_240,state_241,state_242,state_243,state_244,state_245,state_246,state_247,state_248,state_249,state_250,state_251,state_252,state_253,state_254,state_255,state_256,state_257,state_258,state_259,state_260,state_261,state_262,state_263,state_264,state_265,state_266,state_267,state_268,state_269,state_270,state_271,state_272,state_273,state_274,state_275,state_276,state_277,state_278,state_279,state_280,state_281,state_282,state_283,state_284,state_285,state_286,state_287
{'img': array([[[ 0.        ,  0.06999693, -0.12573531, ..., -0.72783335,
         -0.61114538, -0.396965  ],
        [-0.06999693,  0.        , -0.19486833, ..., -0.7740488 ,
         -0.66505022, -0.46023687],
        [ 0.12573531,  0.19486833,  0.        , ..., -0.63583364,
         -0.50677342, -0.27841051],
        ...,
        [ 0.72783335,  0.7740488 ,  0.63583364, ...,  0.        ,
          0.15699804,  0.39580965],
        [ 0.61114538,  0.66505022,  0.50677342, ..., -0.15699804,
          0.        ,  0.24672477],
        [ 0.396965  ,  0.46023687,  0.27841051, ..., -0.39580965,
         -0.24672477,  0.        ]],

       [[ 0.        , -0.60895645,  0.21908411, ...,  0.43960728,
         -0.13885834, -0.00440387],
        [ 0.60895645,  0.        ,  0.76794077, ...,  0.89565675,
          0.49291409,  0.60545738],
        [-0.21908411, -0.76794077,  0.        , ...,  0.23214827,
         -0.35244659, -0.22337887],
        ...,
        [-0.43960728, -0.89565675, -0.23214827, ...,  0.        ,
         -0.56006966, -0.44355853],
        [ 0.13885834, -0.49291409,  0.35244659, ...,  0.56006966,
          0.        ,  0.13449579],
        [ 0.00440387, -0.60545738,  0.22337887, ...,  0.44355853,
         -0.13449579,  0.        ]],

       [[ 0.        , -0.10286105, -0.12843613, ..., -0.83450696,
         -0.94471311, -0.99641849],
        [ 0.10286105,  0.        , -0.02574574, ..., -0.77340434,
         -0.90597417, -0.99983103],
        [ 0.12843613,  0.02574574,  0.        , ..., -0.75682742,
         -0.89477484, -0.99902634],
        ...,
        [ 0.83450696,  0.77340434,  0.75682742, ...,  0.        ,
         -0.24690127, -0.61958892],
        [ 0.94471311,  0.90597417,  0.89477484, ...,  0.24690127,
          0.        , -0.40660751],
        [ 0.99641849,  0.99983103,  0.99902634, ...,  0.61958892,
          0.40660751,  0.        ]],

       ...,

       [[ 0.        ,  0.32757357,  0.16349291, ..., -0.53086636,
         -0.53840196, -0.35691012],
        [-0.32757357,  0.        , -0.16869362, ..., -0.77918021,
         -0.78473837, -0.64321701],
        [-0.16349291,  0.16869362,  0.        , ..., -0.66227626,
         -0.66893104, -0.50483277],
        ...,
        [ 0.53086636,  0.77918021,  0.66227626, ...,  0.        ,
         -0.00891694,  0.19343736],
        [ 0.53840196,  0.78473837,  0.66893104, ...,  0.00891694,
          0.        ,  0.2021782 ],
        [ 0.35691012,  0.64321701,  0.50483277, ..., -0.19343736,
         -0.2021782 ,  0.        ]],

       [[ 0.        , -0.13876983, -0.20164682, ...,  0.99513727,
          0.96378877,  0.92982567],
        [ 0.13876983,  0.        , -0.06377656, ...,  0.97184046,
          0.91745848,  0.86976195],
        [ 0.20164682,  0.06377656,  0.        , ...,  0.9548337 ,
          0.89021839,  0.83651937],
        ...,
        [-0.99513727, -0.97184046, -0.9548337 , ...,  0.        ,
          0.17043907,  0.27462508],
        [-0.96378877, -0.91745848, -0.89021839, ..., -0.17043907,
          0.        ,  0.1067209 ],
        [-0.92982567, -0.86976195, -0.83651937, ..., -0.27462508,
         -0.1067209 ,  0.        ]],

       [[ 0.        ,  0.0983979 , -0.06063107, ..., -0.9489931 ,
         -0.76994495, -0.39975792],
        [-0.0983979 ,  0.        , -0.15855371, ..., -0.91336324,
         -0.70341981, -0.30762439],
        [ 0.06063107,  0.15855371,  0.        , ..., -0.96636397,
         -0.80721775, -0.45459815],
        ...,
        [ 0.9489931 ,  0.91336324,  0.96636397, ...,  0.        ,
         -0.36280109, -0.74382437],
        [ 0.76994495,  0.70341981,  0.80721775, ...,  0.36280109,
          0.        , -0.45065787],
        [ 0.39975792,  0.30762439,  0.45459815, ...,  0.74382437,
          0.45065787,  0.        ]]]), 'num': array([7.08535843e-01, 7.05533871e-01, 6.06459051e-08, 1.50098615e-03,
       1.54647058e-03, 1.46308246e-03, 1.34019566e-02, 4.54844288e-06,
       1.44640484e-03, 1.60469065e-03, 1.60211320e-03, 7.77120895e-07,
       1.86447430e-03, 1.34490699e-03])}
{'img': array([[[ 0.        , -0.19486833, -0.11178123, ..., -0.66505022,
         -0.46023687, -0.44009753],
        [ 0.19486833,  0.        ,  0.08400873, ..., -0.50677342,
         -0.27841051, -0.25667859],
        [ 0.11178123, -0.08400873,  0.        , ..., -0.57740417,
         -0.35811354, -0.33696541],
        ...,
        [ 0.66505022,  0.50677342,  0.57740417, ...,  0.        ,
          0.24672477,  0.2685176 ],
        [ 0.46023687,  0.27841051,  0.35811354, ..., -0.24672477,
          0.        ,  0.02255279],
        [ 0.44009753,  0.25667859,  0.33696541, ..., -0.2685176 ,
         -0.02255279,  0.        ]],

       [[ 0.        ,  0.76794077,  0.68117298, ...,  0.49291409,
          0.60545738,  0.68891096],
        [-0.76794077,  0.        , -0.12592121, ..., -0.35244659,
         -0.22337887, -0.11537693],
        [-0.68117298,  0.12592121,  0.        , ..., -0.23180011,
         -0.09886143,  0.01062172],
        ...,
        [-0.49291409,  0.35244659,  0.23180011, ...,  0.        ,
          0.13449579,  0.24211946],
        [-0.60545738,  0.22337887,  0.09886143, ..., -0.13449579,
          0.        ,  0.10942555],
        [-0.68891096,  0.11537693, -0.01062172, ..., -0.24211946,
         -0.10942555,  0.        ]],

       [[ 0.        , -0.02574574, -0.08095637, ..., -0.90597417,
         -0.99983103, -0.89259838],
        [ 0.02574574,  0.        , -0.0552683 , ..., -0.89477484,
         -0.99902634, -0.88069497],
        [ 0.08095637,  0.0552683 ,  0.        , ..., -0.86872894,
         -0.99506106, -0.85316916],
        ...,
        [ 0.90597417,  0.89477484,  0.86872894, ...,  0.        ,
         -0.40660751,  0.03059454],
        [ 0.99983103,  0.99902634,  0.99506106, ...,  0.40660751,
          0.        ,  0.43436843],
        [ 0.89259838,  0.88069497,  0.85316916, ..., -0.03059454,
         -0.43436843,  0.        ]],

       ...,

       [[ 0.        , -0.16869362,  0.0798887 , ..., -0.78473837,
         -0.64321701, -0.84174416],
        [ 0.16869362,  0.        ,  0.24689821, ..., -0.66893104,
         -0.50483277, -0.73860699],
        [-0.0798887 , -0.24689821,  0.        , ..., -0.83174736,
         -0.70233064, -0.88218381],
        ...,
        [ 0.78473837,  0.66893104,  0.83174736, ...,  0.        ,
          0.2021782 , -0.09807397],
        [ 0.64321701,  0.50483277,  0.70233064, ..., -0.2021782 ,
          0.        , -0.29725214],
        [ 0.84174416,  0.73860699,  0.88218381, ...,  0.09807397,
          0.29725214,  0.        ]],

       [[ 0.        , -0.06377656, -0.07258341, ...,  0.91745848,
          0.86976195,  0.95133094],
        [ 0.06377656,  0.        , -0.00882731, ...,  0.89021839,
          0.83651937,  0.92974013],
        [ 0.07258341,  0.00882731,  0.        , ...,  0.88616257,
          0.83164997,  0.92645355],
        ...,
        [-0.91745848, -0.89021839, -0.88616257, ...,  0.        ,
          0.1067209 , -0.09573525],
        [-0.86976195, -0.83651937, -0.83164997, ..., -0.1067209 ,
          0.        , -0.20141923],
        [-0.95133094, -0.92974013, -0.92645355, ...,  0.09573525,
          0.20141923,  0.        ]],

       [[ 0.        , -0.15385272, -0.22837427, ..., -0.82559293,
         -0.70659969, -0.29897908],
        [ 0.15385272,  0.        , -0.07586828, ..., -0.90257713,
         -0.80705502, -0.44223481],
        [ 0.22837427,  0.07586828,  0.        , ..., -0.9326392 ,
         -0.84952739, -0.50900643],
        ...,
        [ 0.82559293,  0.90257713,  0.9326392 , ...,  0.        ,
         -0.18549041, -0.61912625],
        [ 0.70659969,  0.80705502,  0.84952739, ...,  0.18549041,
          0.        , -0.46271794],
        [ 0.29897908,  0.44223481,  0.50900643, ...,  0.61912625,
          0.46271794,  0.        ]]]), 'num': array([ 7.54372148e-01,  6.56441524e-01,  2.01089577e-06,  4.13209384e-04,
        4.26785052e-04,  4.13209384e-04,  2.38422663e-03, -6.78783382e-06,
        4.11173034e-04,  4.46809161e-04,  4.47728347e-04,  2.10060391e-07,
        5.21019136e-04,  3.72599187e-04])}
{'img': array([[[ 0.        ,  0.08400873, -0.12743231, ..., -0.27841051,
         -0.25667859, -0.37327747],
        [-0.08400873,  0.        , -0.21030568, ..., -0.35811354,
         -0.33696541, -0.4498945 ],
        [ 0.12743231,  0.21030568,  0.        , ..., -0.15374678,
         -0.13142303, -0.25201277],
        ...,
        [ 0.27841051,  0.35811354,  0.15374678, ...,  0.        ,
          0.02255279, -0.10023197],
        [ 0.25667859,  0.33696541,  0.13142303, ..., -0.02255279,
          0.        , -0.12264569],
        [ 0.37327747,  0.4498945 ,  0.25201277, ...,  0.10023197,
          0.12264569,  0.        ]],

       [[ 0.        , -0.12592121, -0.21982768, ..., -0.22337887,
         -0.11537693, -0.4926247 ],
        [ 0.12592121,  0.        , -0.09523688, ..., -0.09886143,
          0.01062172, -0.37912162],
        [ 0.21982768,  0.09523688,  0.        , ..., -0.00364174,
          0.10580496, -0.28927122],
        ...,
        [ 0.22337887,  0.09886143,  0.00364174, ...,  0.        ,
          0.10942555, -0.28578326],
        [ 0.11537693, -0.01062172, -0.10580496, ..., -0.10942555,
          0.        , -0.38892901],
        [ 0.4926247 ,  0.37912162,  0.28927122, ...,  0.28578326,
          0.38892901,  0.        ]],

       [[ 0.        , -0.0552683 , -0.1217704 , ..., -0.99902634,
         -0.88069497, -0.73166855],
        [ 0.0552683 ,  0.        , -0.06672727, ..., -0.99506106,
         -0.85316916, -0.692876  ],
        [ 0.1217704 ,  0.06672727,  0.        , ..., -0.98621966,
         -0.81646043, -0.6432176 ],
        ...,
        [ 0.99902634,  0.99506106,  0.98621966, ...,  0.        ,
          0.43436843,  0.64871738],
        [ 0.88069497,  0.85316916,  0.81646043, ..., -0.43436843,
          0.        ,  0.25375549],
        [ 0.73166855,  0.692876  ,  0.6432176 , ..., -0.64871738,
         -0.25375549,  0.        ]],

       ...,

       [[ 0.        ,  0.24689821, -0.01327021, ..., -0.50483277,
         -0.73860699, -0.77293138],
        [-0.24689821,  0.        , -0.25973585, ..., -0.70233064,
         -0.88218381, -0.90565688],
        [ 0.01327021,  0.25973585,  0.        , ..., -0.49333325,
         -0.72959602, -0.76444351],
        ...,
        [ 0.50483277,  0.70233064,  0.49333325, ...,  0.        ,
         -0.29725214, -0.34689648],
        [ 0.73860699,  0.88218381,  0.72959602, ...,  0.29725214,
          0.        , -0.05242261],
        [ 0.77293138,  0.90565688,  0.76444351, ...,  0.34689648,
          0.05242261,  0.        ]],

       [[ 0.        , -0.00882731, -0.00672643, ...,  0.83651937,
          0.92974013,  0.95896693],
        [ 0.00882731,  0.        ,  0.00210094, ...,  0.83164997,
          0.92645355,  0.95642686],
        [ 0.00672643, -0.00210094,  0.        , ...,  0.83281478,
          0.92724231,  0.95703817],
        ...,
        [-0.83651937, -0.83164997, -0.83281478, ...,  0.        ,
         -0.20141923, -0.28828553],
        [-0.92974013, -0.92645355, -0.92724231, ...,  0.20141923,
          0.        , -0.08950928],
        [-0.95896693, -0.95642686, -0.95703817, ...,  0.28828553,
          0.08950928,  0.        ]],

       [[ 0.        , -0.07318521, -0.25700867, ..., -0.91111954,
         -0.81968428, -0.42822844],
        [ 0.07318521,  0.        , -0.18559261, ..., -0.93883896,
         -0.85940781, -0.49321541],
        [ 0.25700867,  0.18559261,  0.        , ..., -0.98643833,
         -0.93936891, -0.64609502],
        ...,
        [ 0.91111954,  0.93883896,  0.98643833, ...,  0.        ,
         -0.18407699, -0.64686085],
        [ 0.81968428,  0.85940781,  0.93936891, ...,  0.18407699,
          0.        , -0.49542859],
        [ 0.42822844,  0.49321541,  0.64609502, ...,  0.64686085,
          0.49542859,  0.        ]]]), 'num': array([7.25945048e-01, 6.87736779e-01, 7.58100568e-07, 4.10841598e-04,
       4.20623541e-04, 4.03097560e-04, 4.52765375e-03, 1.38577523e-05,
       4.00652074e-04, 4.27022562e-04, 4.30025075e-04, 2.65220140e-07,
       4.97672273e-04, 3.56372851e-04])}
{'img': array([[[ 0.        , -0.21030568, -0.16816795, ..., -0.33696541,
         -0.4498945 , -0.21030568],
        [ 0.21030568,  0.        ,  0.04290359, ..., -0.13142303,
         -0.25201277,  0.        ],
        [ 0.16816795, -0.04290359,  0.        , ..., -0.17383348,
         -0.29329954, -0.04290359],
        ...,
        [ 0.33696541,  0.13142303,  0.17383348, ...,  0.        ,
         -0.12264569,  0.13142303],
        [ 0.4498945 ,  0.25201277,  0.29329954, ...,  0.12264569,
          0.        ,  0.25201277],
        [ 0.21030568,  0.        ,  0.04290359, ..., -0.13142303,
         -0.25201277,  0.        ]],

       [[ 0.        , -0.09523688, -0.55736968, ...,  0.01062172,
         -0.37912162,  0.24008125],
        [ 0.09523688,  0.        , -0.47576443, ...,  0.10580496,
         -0.28927122,  0.33144147],
        [ 0.55736968,  0.47576443,  0.        , ...,  0.56615707,
          0.20098908,  0.7403991 ],
        ...,
        [-0.01062172, -0.10580496, -0.56615707, ...,  0.        ,
         -0.38892901,  0.22975664],
        [ 0.37912162,  0.28927122, -0.20098908, ...,  0.38892901,
          0.        ,  0.5901918 ],
        [-0.24008125, -0.33144147, -0.7403991 , ..., -0.22975664,
         -0.5901918 ,  0.        ]],

       [[ 0.        , -0.06672727, -0.12267924, ..., -0.85316916,
         -0.692876  , -0.55430983],
        [ 0.06672727,  0.        , -0.05618259, ..., -0.81646043,
         -0.6432176 , -0.49753661],
        [ 0.12267924,  0.05618259,  0.        , ..., -0.78273094,
         -0.59918357, -0.44801557],
        ...,
        [ 0.85316916,  0.81646043,  0.78273094, ...,  0.        ,
          0.25375549,  0.42095454],
        [ 0.692876  ,  0.6432176 ,  0.59918357, ..., -0.25375549,
          0.        ,  0.17699905],
        [ 0.55430983,  0.49753661,  0.44801557, ..., -0.42095454,
         -0.17699905,  0.        ]],

       ...,

       [[ 0.        , -0.25973585, -0.2714012 , ..., -0.88218381,
         -0.90565688, -0.68525244],
        [ 0.25973585,  0.        , -0.01209963, ..., -0.72959602,
         -0.76444351, -0.47256729],
        [ 0.2714012 ,  0.01209963,  0.        , ..., -0.72126794,
         -0.75658704, -0.46186936],
        ...,
        [ 0.88218381,  0.72959602,  0.72126794, ...,  0.        ,
         -0.05242261,  0.31981048],
        [ 0.90565688,  0.76444351,  0.75658704, ...,  0.05242261,
          0.        ,  0.36904019],
        [ 0.68525244,  0.47256729,  0.46186936, ..., -0.31981048,
         -0.36904019,  0.        ]],

       [[ 0.        ,  0.00210094, -0.06922167, ...,  0.92645355,
          0.95642686,  0.99842582],
        [-0.00210094,  0.        , -0.07131741, ...,  0.92724231,
          0.95703817,  0.99854146],
        [ 0.06922167,  0.07131741,  0.        , ...,  0.8981756 ,
          0.93392189,  0.99214839],
        ...,
        [-0.92645355, -0.92724231, -0.8981756 , ...,  0.        ,
         -0.08950928, -0.32385354],
        [-0.95642686, -0.95703817, -0.93392189, ...,  0.08950928,
          0.        , -0.23786821],
        [-0.99842582, -0.99854146, -0.99214839, ...,  0.32385354,
          0.23786821,  0.        ]],

       [[ 0.        , -0.18270774, -0.2656095 , ..., -0.90246058,
         -0.74941242, -0.48663034],
        [ 0.18270774,  0.        , -0.08499356, ..., -0.96597516,
         -0.8577692 , -0.63805396],
        [ 0.2656095 ,  0.08499356,  0.        , ..., -0.98446208,
         -0.89835502, -0.7011895 ],
        ...,
        [ 0.90246058,  0.96597516,  0.98446208, ...,  0.        ,
         -0.27469607, -0.57876982],
        [ 0.74941242,  0.8577692 ,  0.89835502, ...,  0.27469607,
          0.        , -0.33249303],
        [ 0.48663034,  0.63805396,  0.7011895 , ...,  0.57876982,
          0.33249303,  0.        ]]]), 'num': array([ 7.22977661e-01,  6.90855919e-01,  6.84169167e-07,  3.82401695e-04,
        4.12944962e-04,  3.75885798e-04,  4.47784648e-03, -2.80998051e-05,
        3.98935784e-04,  4.22942791e-04,  4.28997145e-04,  2.35180990e-07,
        4.94611397e-04,  3.51274185e-04])}
{'img': array([[[ 0.        ,  0.04290359,  0.08537794, ..., -0.25201277,
          0.        , -0.53229427],
        [-0.04290359,  0.        ,  0.0425524 , ..., -0.29329954,
         -0.04290359, -0.56812457],
        [-0.08537794, -0.0425524 ,  0.        , ..., -0.33371485,
         -0.08537794, -0.60262817],
        ...,
        [ 0.25201277,  0.29329954,  0.33371485, ...,  0.        ,
          0.25201277, -0.30177011],
        [ 0.        ,  0.04290359,  0.08537794, ..., -0.25201277,
          0.        , -0.53229427],
        [ 0.53229427,  0.56812457,  0.60262817, ...,  0.30177011,
          0.53229427,  0.        ]],

       [[ 0.        , -0.47576443, -0.82494397, ..., -0.28927122,
          0.33144147,  0.32093938],
        [ 0.47576443,  0.        , -0.45668927, ...,  0.20098908,
          0.7403991 ,  0.7328859 ],
        [ 0.82494397,  0.45668927,  0.        , ...,  0.626175  ,
          0.96565019,  0.96270382],
        ...,
        [ 0.28927122, -0.20098908, -0.626175  , ...,  0.        ,
          0.5901918 ,  0.58118702],
        [-0.33144147, -0.7403991 , -0.96565019, ..., -0.5901918 ,
          0.        , -0.01110959],
        [-0.32093938, -0.7328859 , -0.96270382, ..., -0.58118702,
          0.01110959,  0.        ]],

       [[ 0.        , -0.05618259, -0.12051356, ..., -0.6432176 ,
         -0.49753661, -0.53277756],
        [ 0.05618259,  0.        , -0.06455011, ..., -0.59918357,
         -0.44801557, -0.48439123],
        [ 0.12051356,  0.06455011,  0.        , ..., -0.54625439,
         -0.38937176, -0.42690926],
        ...,
        [ 0.6432176 ,  0.59918357,  0.54625439, ...,  0.        ,
          0.17699905,  0.13638737],
        [ 0.49753661,  0.44801557,  0.38937176, ..., -0.17699905,
          0.        , -0.04111114],
        [ 0.53277756,  0.48439123,  0.42690926, ..., -0.13638737,
          0.04111114,  0.        ]],

       ...,

       [[ 0.        , -0.01209963, -0.23620447, ..., -0.76444351,
         -0.47256729, -0.60551812],
        [ 0.01209963,  0.        , -0.22442993, ..., -0.75658704,
         -0.46186936, -0.59584453],
        [ 0.23620447,  0.22442993,  0.        , ..., -0.59053351,
         -0.25102951, -0.40040504],
        ...,
        [ 0.76444351,  0.75658704,  0.59053351, ...,  0.        ,
          0.36904019,  0.21799633],
        [ 0.47256729,  0.46186936,  0.25102951, ..., -0.36904019,
          0.        , -0.1575559 ],
        [ 0.60551812,  0.59584453,  0.40040504, ..., -0.21799633,
          0.1575559 ,  0.        ]],

       [[ 0.        , -0.07131741, -0.16566533, ...,  0.95703817,
          0.99854146,  0.99499086],
        [ 0.07131741,  0.        , -0.09491154, ...,  0.93392189,
          0.99214839,  0.9995866 ],
        [ 0.16566533,  0.09491154,  0.        , ...,  0.8957772 ,
          0.97579931,  0.997803  ],
        ...,
        [-0.95703817, -0.93392189, -0.8957772 , ...,  0.        ,
         -0.23786821, -0.38418077],
        [-0.99854146, -0.99214839, -0.97579931, ...,  0.23786821,
          0.        , -0.1535401 ],
        [-0.99499086, -0.9995866 , -0.997803  , ...,  0.38418077,
          0.1535401 ,  0.        ]],

       [[ 0.        , -0.08110487, -0.12083957, ..., -0.96957473,
         -0.94336788, -0.61548118],
        [ 0.08110487,  0.        , -0.03993093, ..., -0.98623465,
         -0.96716644, -0.67737646],
        [ 0.12083957,  0.03993093,  0.        , ..., -0.99205072,
         -0.97654327, -0.70621086],
        ...,
        [ 0.96957473,  0.98623465,  0.99205072, ...,  0.        ,
         -0.09072272, -0.61350484],
        [ 0.94336788,  0.96716644,  0.97654327, ...,  0.09072272,
          0.        , -0.53933195],
        [ 0.61548118,  0.67737646,  0.70621086, ...,  0.61350484,
          0.53933195,  0.        ]]]), 'num': array([ 7.15389162e-01,  6.98697639e-01,  3.62859192e-07,  3.70922730e-04,
        3.78583090e-04,  3.53182947e-04,  6.22051932e-03, -7.66036072e-06,
        3.89549501e-04,  4.14284403e-04,  4.24121919e-04,  2.59867562e-07,
        4.85544123e-04,  3.43024683e-04])}
{'img': array([[[ 0.        ,  0.0425524 ,  0.01422273, ..., -0.04290359,
         -0.56812457, -0.73030963],
        [-0.0425524 ,  0.        , -0.02833824, ..., -0.08537794,
         -0.60262817, -0.75871638],
        [-0.01422273,  0.02833824,  0.        , ..., -0.05710888,
         -0.5797716 , -0.73995154],
        ...,
        [ 0.04290359,  0.08537794,  0.05710888, ...,  0.        ,
         -0.53229427, -0.70032904],
        [ 0.56812457,  0.60262817,  0.5797716 , ...,  0.53229427,
          0.        , -0.21290774],
        [ 0.73030963,  0.75871638,  0.73995154, ...,  0.70032904,
          0.21290774,  0.        ]],

       [[ 0.        , -0.45668927, -0.3128275 , ...,  0.7403991 ,
          0.7328859 ,  0.94784738],
        [ 0.45668927,  0.        ,  0.15546846, ...,  0.96565019,
          0.96270382,  0.98878802],
        [ 0.3128275 , -0.15546846,  0.        , ...,  0.91351092,
          0.908935  ,  0.99998069],
        ...,
        [-0.7403991 , -0.96565019, -0.91351092, ...,  0.        ,
         -0.01110959,  0.40112884],
        [-0.7328859 , -0.96270382, -0.908935  , ...,  0.01110959,
          0.        ,  0.41128071],
        [-0.94784738, -0.98878802, -0.99998069, ..., -0.40112884,
         -0.41128071,  0.        ]],

       [[ 0.        , -0.06455011, -0.083719  , ..., -0.44801557,
         -0.48439123, -0.63353699],
        [ 0.06455011,  0.        , -0.0192209 , ..., -0.38937176,
         -0.42690926, -0.58227251],
        [ 0.083719  ,  0.0192209 ,  0.        , ..., -0.37159583,
         -0.40944903, -0.56653847],
        ...,
        [ 0.44801557,  0.38937176,  0.37159583, ...,  0.        ,
         -0.04111114, -0.21976318],
        [ 0.48439123,  0.42690926,  0.40944903, ...,  0.04111114,
          0.        , -0.17947128],
        [ 0.63353699,  0.58227251,  0.56653847, ...,  0.21976318,
          0.17947128,  0.        ]],

       ...,

       [[ 0.        , -0.22442993, -0.23484418, ..., -0.46186936,
         -0.59584453, -0.47293216],
        [ 0.22442993,  0.        , -0.01070006, ..., -0.25102951,
         -0.40040504, -0.26312281],
        [ 0.23484418,  0.01070006,  0.        , ..., -0.2406577 ,
         -0.39057725, -0.25278474],
        ...,
        [ 0.46186936,  0.25102951,  0.2406577 , ...,  0.        ,
         -0.1575559 , -0.01251366],
        [ 0.59584453,  0.40040504,  0.39057725, ...,  0.1575559 ,
          0.        ,  0.14518621],
        [ 0.47293216,  0.26312281,  0.25278474, ...,  0.01251366,
         -0.14518621,  0.        ]],

       [[ 0.        , -0.09491154, -0.08822875, ...,  0.99214839,
          0.9995866 ,  0.97469646],
        [ 0.09491154,  0.        ,  0.00671095, ...,  0.97579931,
          0.997803  ,  0.99151222],
        [ 0.08822875, -0.00671095,  0.        , ...,  0.97724481,
          0.99822514,  0.99061737],
        ...,
        [-0.99214839, -0.97579931, -0.97724481, ...,  0.        ,
         -0.1535401 , -0.34367916],
        [-0.9995866 , -0.997803  , -0.99822514, ...,  0.1535401 ,
          0.        , -0.19541643],
        [-0.97469646, -0.99151222, -0.99061737, ...,  0.34367916,
          0.19541643,  0.        ]],

       [[ 0.        , -0.03822257, -0.09040648, ..., -0.99748518,
         -0.9528009 , -0.65580659],
        [ 0.03822257,  0.        , -0.05227438, ..., -0.99946531,
         -0.96370886, -0.68418268],
        [ 0.09040648,  0.05227438,  0.        , ..., -0.99980802,
         -0.97634617, -0.7213715 ],
        ...,
        [ 0.99748518,  0.99946531,  0.99980802, ...,  0.        ,
         -0.23530229, -0.70654994],
        [ 0.9528009 ,  0.96370886,  0.97634617, ...,  0.23530229,
          0.        , -0.52019683],
        [ 0.65580659,  0.68418268,  0.7213715 , ...,  0.70654994,
          0.52019683,  0.        ]]]), 'num': array([ 7.15050191e-01,  6.99058000e-01,  3.63046341e-07,  3.55382029e-04,
        3.75147885e-04,  3.54978644e-04,  4.46162977e-03, -1.57320081e-05,
        3.80956627e-04,  4.09193564e-04,  4.23446495e-04,  2.49933193e-07,
        4.81500291e-04,  3.36886838e-04])}
{'img': array([[[ 0.        , -0.02652209,  0.19707365, ..., -0.55013694,
         -0.68478133, -0.99659038],
        [ 0.02652209,  0.        ,  0.22300629, ..., -0.52779549,
         -0.6652125 , -0.99405152],
        [-0.19707365, -0.22300629,  0.        , ..., -0.70391921,
         -0.81496902, -0.99330614],
        ...,
        [ 0.55013694,  0.52779549,  0.70391921, ...,  0.        ,
         -0.17093186, -0.78683633],
        [ 0.68478133,  0.6652125 ,  0.81496902, ...,  0.17093186,
          0.        , -0.66976374],
        [ 0.99659038,  0.99405152,  0.99330614, ...,  0.78683633,
          0.66976374,  0.        ]],

       [[ 0.        ,  0.15546846,  0.88947631, ...,  0.96270382,
          0.98878802,  0.96441225],
        [-0.15546846,  0.        ,  0.80761487, ...,  0.908935  ,
          0.99998069,  0.91157948],
        [-0.88947631, -0.80761487,  0.        , ...,  0.19928313,
          0.58467954,  0.20553804],
        ...,
        [-0.96270382, -0.908935  , -0.19928313, ...,  0.        ,
          0.41128071,  0.00638709],
        [-0.98878802, -0.99998069, -0.58467954, ..., -0.41128071,
          0.        , -0.40545043],
        [-0.96441225, -0.91157948, -0.20553804, ..., -0.00638709,
          0.40545043,  0.        ]],

       [[ 0.        , -0.0192209 ,  0.00383111, ..., -0.42690926,
         -0.58227251, -0.90658685],
        [ 0.0192209 ,  0.        ,  0.02305116, ..., -0.40944903,
         -0.56653847, -0.89830778],
        [-0.00383111, -0.02305116,  0.        , ..., -0.43037057,
         -0.5853829 , -0.908197  ],
        ...,
        [ 0.42690926,  0.40944903,  0.43037057, ...,  0.        ,
         -0.17947128, -0.63965754],
        [ 0.58227251,  0.56653847,  0.5853829 , ...,  0.17947128,
          0.        , -0.49131915],
        [ 0.90658685,  0.89830778,  0.908197  , ...,  0.63965754,
          0.49131915,  0.        ]],

       ...,

       [[ 0.        , -0.01070006,  0.12488454, ..., -0.40040504,
         -0.26312281, -0.3129074 ],
        [ 0.01070006,  0.        ,  0.13549368, ..., -0.39057725,
         -0.25278474, -0.30272675],
        [-0.12488454, -0.13549368,  0.        , ..., -0.51170686,
         -0.3815468 , -0.42907103],
        ...,
        [ 0.40040504,  0.39057725,  0.51170686, ...,  0.        ,
          0.14518621,  0.09356913],
        [ 0.26312281,  0.25278474,  0.3815468 , ..., -0.14518621,
          0.        , -0.05197154],
        [ 0.3129074 ,  0.30272675,  0.42907103, ..., -0.09356913,
          0.05197154,  0.        ]],

       [[ 0.        ,  0.00671095,  0.01207116, ...,  0.997803  ,
          0.99151222,  0.95371251],
        [-0.00671095,  0.        ,  0.00536043, ...,  0.99822514,
          0.99061737,  0.95167291],
        [-0.01207116, -0.00536043,  0.        , ...,  0.99853003,
          0.98987056,  0.95001298],
        ...,
        [-0.997803  , -0.99822514, -0.99853003, ...,  0.        ,
         -0.19541643, -0.36324346],
        [-0.99151222, -0.99061737, -0.98987056, ...,  0.19541643,
          0.        , -0.17417189],
        [-0.95371251, -0.95167291, -0.95001298, ...,  0.36324346,
          0.17417189,  0.        ]],

       [[ 0.        , -0.04953999, -0.04449785, ..., -0.99905058,
         -0.96921392, -0.65770402],
        [ 0.04953999,  0.        ,  0.0050477 , ..., -0.99998211,
         -0.98022161, -0.69421376],
        [ 0.04449785, -0.0050477 ,  0.        , ..., -0.99999956,
         -0.97921016, -0.69057174],
        ...,
        [ 0.99905058,  0.99998211,  0.99999956, ...,  0.        ,
         -0.20376228, -0.72390818],
        [ 0.96921392,  0.98022161,  0.97921016, ...,  0.20376228,
          0.        , -0.56814603],
        [ 0.65770402,  0.69421376,  0.69057174, ...,  0.72390818,
          0.56814603,  0.        ]]]), 'num': array([7.14074478e-01, 7.00063997e-01, 3.14136333e-07, 3.59243088e-04,
       3.60451305e-04, 3.48369138e-04, 2.61643346e-03, 4.43012777e-06,
       3.73741688e-04, 4.02658340e-04, 4.21909259e-04, 2.77946557e-07,
       4.70674059e-04, 3.34642622e-04])}
{'img': array([[[ 0.        ,  0.22300629,  0.15798782, ..., -0.6652125 ,
         -0.99405152, -0.88113377],
        [-0.22300629,  0.        , -0.06619635, ..., -0.81496902,
         -0.99330614, -0.96439652],
        [-0.15798782,  0.06619635,  0.        , ..., -0.77482039,
         -0.99877388, -0.94477491],
        ...,
        [ 0.6652125 ,  0.81496902,  0.77482039, ...,  0.        ,
         -0.66976374, -0.34334505],
        [ 0.99405152,  0.99330614,  0.99877388, ...,  0.66976374,
          0.        ,  0.37408917],
        [ 0.88113377,  0.96439652,  0.94477491, ...,  0.34334505,
         -0.37408917,  0.        ]],

       [[ 0.        ,  0.88484092,  0.42938216, ...,  0.98955984,
          0.96225847,  0.70717762],
        [-0.88484092,  0.        , -0.59907382, ...,  0.58855487,
          0.20751166, -0.29614503],
        [-0.42938216,  0.59907382,  0.        , ...,  0.95557782,
          0.75218681,  0.33507967],
        ...,
        [-0.98955984, -0.58855487, -0.95557782, ...,  0.        ,
         -0.40797921, -0.80157466],
        [-0.96225847, -0.20751166, -0.75218681, ...,  0.40797921,
          0.        , -0.48790202],
        [-0.70717762,  0.29614503, -0.33507967, ...,  0.80157466,
          0.48790202,  0.        ]],

       [[ 0.        ,  0.0210702 ,  0.07678325, ..., -0.49552763,
         -0.72793038, -0.97628376],
        [-0.0210702 ,  0.        ,  0.05575821, ..., -0.51371903,
         -0.74221559, -0.98062861],
        [-0.07678325, -0.05575821,  0.        , ..., -0.56075807,
         -0.77842791, -0.99002476],
        ...,
        [ 0.49552763,  0.51371903,  0.56075807, ...,  0.        ,
         -0.2925156 , -0.74071326],
        [ 0.72793038,  0.74221559,  0.77842791, ...,  0.2925156 ,
          0.        , -0.51179681],
        [ 0.97628376,  0.98062861,  0.99002476, ...,  0.74071326,
          0.51179681,  0.        ]],

       ...,

       [[ 0.        ,  0.13549368, -0.0860826 , ..., -0.25278474,
         -0.30272675, -0.16494335],
        [-0.13549368,  0.        , -0.22027949, ..., -0.3815468 ,
         -0.42907103, -0.2970601 ],
        [ 0.0860826 ,  0.22027949,  0.        , ..., -0.16855954,
         -0.21955965, -0.07942755],
        ...,
        [ 0.25278474,  0.3815468 ,  0.16855954, ...,  0.        ,
         -0.05197154,  0.08973595],
        [ 0.30272675,  0.42907103,  0.21955965, ...,  0.05197154,
          0.        ,  0.14137654],
        [ 0.16494335,  0.2970601 ,  0.07942755, ..., -0.08973595,
         -0.14137654,  0.        ]],

       [[ 0.        ,  0.00536043, -0.00785837, ...,  0.99061737,
          0.95167291,  0.78247822],
        [-0.00536043,  0.        , -0.01321851, ...,  0.98987056,
          0.95001298,  0.77912916],
        [ 0.00785837,  0.01321851,  0.        , ...,  0.99166075,
          0.95405694,  0.78734729],
        ...,
        [-0.99061737, -0.98987056, -0.99166075, ...,  0.        ,
         -0.17417189, -0.50989852],
        [-0.95167291, -0.95001298, -0.95405694, ...,  0.17417189,
          0.        , -0.35227617],
        [-0.78247822, -0.77912916, -0.78734729, ...,  0.50989852,
          0.35227617,  0.        ]],

       [[ 0.        ,  0.00497894,  0.06359699, ..., -0.99058715,
         -0.87472047, -0.68735591],
        [-0.00497894,  0.        ,  0.05862734, ..., -0.98989334,
         -0.87229669, -0.68373109],
        [-0.06359699, -0.05862734,  0.        , ..., -0.97987649,
         -0.84212887, -0.63977266],
        ...,
        [ 0.99058715,  0.98989334,  0.97987649, ...,  0.        ,
         -0.36033127, -0.62539633],
        [ 0.87472047,  0.87229669,  0.84212887, ...,  0.36033127,
          0.        , -0.30221586],
        [ 0.68735591,  0.68373109,  0.63977266, ...,  0.62539633,
          0.30221586,  0.        ]]]), 'num': array([7.13177214e-01, 7.00978247e-01, 2.73519451e-07, 3.58793162e-04,
       3.65228914e-04, 3.55977520e-04, 2.56544351e-03, 0.00000000e+00,
       3.63941763e-04, 3.96321639e-04, 4.20549563e-04, 2.75113210e-07,
       4.57805967e-04, 3.34837312e-04])}
{'img': array([[[ 0.        , -0.06619635,  0.09354188, ..., -0.99330614,
         -0.96439652, -0.96439652],
        [ 0.06619635,  0.        ,  0.1592428 , ..., -0.99877388,
         -0.94477491, -0.94477491],
        [-0.09354188, -0.1592428 ,  0.        , ..., -0.97814567,
         -0.98490611, -0.98490611],
        ...,
        [ 0.99330614,  0.99877388,  0.97814567, ...,  0.        ,
          0.37408917,  0.37408917],
        [ 0.96439652,  0.94477491,  0.98490611, ..., -0.37408917,
          0.        ,  0.        ],
        [ 0.96439652,  0.94477491,  0.98490611, ..., -0.37408917,
          0.        ,  0.        ]],

       [[ 0.        , -0.6124927 , -0.02981325, ...,  0.20943169,
         -0.30042204, -0.3160699 ],
        [ 0.6124927 ,  0.        ,  0.58865377, ...,  0.7644604 ,
          0.34672295,  0.33124807],
        [ 0.02981325, -0.58865377,  0.        , ...,  0.23849069,
         -0.27185243, -0.2876445 ],
        ...,
        [-0.20943169, -0.7644604 , -0.23849069, ...,  0.        ,
         -0.49351695, -0.50775587],
        [ 0.30042204, -0.34672295,  0.27185243, ...,  0.49351695,
          0.        , -0.01644831],
        [ 0.3160699 , -0.33124807,  0.2876445 , ...,  0.50775587,
          0.01644831,  0.        ]],

       [[ 0.        ,  0.05008229,  0.12789695, ..., -0.62469498,
         -0.76537156, -0.99616452],
        [-0.05008229,  0.        ,  0.07806547, ..., -0.66301874,
         -0.79664348, -0.99929663],
        [-0.12789695, -0.07806547,  0.        , ..., -0.71943539,
         -0.84139894, -0.99917446],
        ...,
        [ 0.62469498,  0.66301874,  0.71943539, ...,  0.        ,
         -0.19560821, -0.72321305],
        [ 0.76537156,  0.79664348,  0.84139894, ...,  0.19560821,
          0.        , -0.57415019],
        [ 0.99616452,  0.99929663,  0.99917446, ...,  0.72321305,
          0.57415019,  0.        ]],

       ...,

       [[ 0.        , -0.22027949, -0.03694753, ..., -0.42907103,
         -0.2970601 , -0.30835061],
        [ 0.22027949,  0.        ,  0.1840891 , ..., -0.21955965,
         -0.07942755, -0.09123065],
        [ 0.03694753, -0.1840891 ,  0.        , ..., -0.39540444,
         -0.2615776 , -0.27299289],
        ...,
        [ 0.42907103,  0.21955965,  0.39540444, ...,  0.        ,
          0.14137654,  0.1296395 ],
        [ 0.2970601 ,  0.07942755,  0.2615776 , ..., -0.14137654,
          0.        , -0.0118461 ],
        [ 0.30835061,  0.09123065,  0.27299289, ..., -0.1296395 ,
          0.0118461 ,  0.        ]],

       [[ 0.        , -0.01321851,  0.01094539, ...,  0.95001298,
          0.77912916,  0.45800813],
        [ 0.01321851,  0.        ,  0.02416216, ...,  0.95405694,
          0.78734729,  0.46971869],
        [-0.01094539, -0.02416216,  0.        , ...,  0.94653881,
          0.77222122,  0.44825081],
        ...,
        [-0.95001298, -0.95405694, -0.94653881, ...,  0.        ,
         -0.35227617, -0.70151724],
        [-0.77912916, -0.78734729, -0.77222122, ...,  0.35227617,
          0.        , -0.40549676],
        [-0.45800813, -0.46971869, -0.44825081, ...,  0.70151724,
          0.40549676,  0.        ]],

       [[ 0.        ,  0.05862734,  0.09897048, ..., -0.87229669,
         -0.68373109, -0.80563005],
        [-0.05862734,  0.        ,  0.04046075, ..., -0.84212887,
         -0.63977266, -0.76951237],
        [-0.09897048, -0.04046075,  0.        , ..., -0.81961975,
         -0.60815209, -0.74304271],
        ...,
        [ 0.87229669,  0.84212887,  0.81961975, ...,  0.        ,
         -0.30221586, -0.12283056],
        [ 0.68373109,  0.63977266,  0.60815209, ...,  0.30221586,
          0.        ,  0.18284043],
        [ 0.80563005,  0.76951237,  0.74304271, ...,  0.12283056,
         -0.18284043,  0.        ]]]), 'num': array([ 7.12401544e-01,  7.01768161e-01,  2.41119795e-07,  3.54446099e-04,
        3.60072228e-04,  3.52034901e-04,  2.08322681e-03, -4.01866326e-06,
        3.59027375e-04,  3.90493509e-04,  4.19039413e-04,  2.58477402e-07,
        4.45985472e-04,  3.35001546e-04])}
{'img': array([[[ 0.        ,  0.1592428 ,  0.2929603 , ..., -0.94477491,
         -0.94477491, -0.99785989],
        [-0.1592428 ,  0.        ,  0.136966  , ..., -0.98490611,
         -0.98490611, -0.99553928],
        [-0.2929603 , -0.136966  ,  0.        , ..., -0.99933148,
         -0.99933148, -0.9732346 ],
        ...,
        [ 0.94477491,  0.98490611,  0.99933148, ...,  0.        ,
          0.        , -0.26524127],
        [ 0.94477491,  0.98490611,  0.99933148, ...,  0.        ,
          0.        , -0.26524127],
        [ 0.99785989,  0.99553928,  0.9732346 , ...,  0.26524127,
          0.26524127,  0.        ]],

       [[ 0.        ,  0.58865377,  0.38986954, ...,  0.34672295,
          0.33124807,  0.15050455],
