state_0,state_1,state_2,state_3,state_4,state_5,state_6,state_7,state_8,state_9,state_10,state_11,state_12,state_13,state_14,state_15,state_16,state_17,state_18,state_19,state_20,state_21,state_22,state_23,state_24,state_25,state_26,state_27,state_28,state_29,state_30,state_31,state_32,state_33,state_34,state_35,state_36,state_37,state_38,state_39,state_40,state_41,state_42,state_43,state_44,state_45,state_46,state_47,state_48,state_49,state_50,state_51,state_52,state_53,state_54,state_55,state_56,state_57,state_58,state_59,state_60,state_61,state_62,state_63,state_64,state_65,state_66,state_67,state_68,state_69,state_70,state_71,state_72,state_73,state_74,state_75,state_76,state_77,state_78,state_79,state_80,state_81,state_82,state_83,state_84,state_85,state_86,state_87,state_88,state_89,state_90,state_91,state_92,state_93,state_94,state_95,state_96,state_97,state_98,state_99,state_100,state_101,state_102,state_103,state_104,state_105,state_106,state_107,state_108,state_109,state_110,state_111,state_112,state_113,state_114,state_115,state_116,state_117,state_118,state_119,state_120,state_121,state_122,state_123,state_124,state_125,state_126,state_127,state_128,state_129,state_130,state_131,state_132,state_133,state_134,state_135,state_136,state_137,state_138,state_139,state_140,state_141,state_142,state_143,state_144,state_145,state_146,state_147,state_148,state_149,state_150,state_151,state_152,state_153,state_154,state_155,state_156,state_157,state_158,state_159,state_160,state_161,state_162,state_163,state_164,state_165,state_166,state_167,state_168,state_169,state_170,state_171,state_172,state_173,state_174,state_175,state_176,state_177,state_178,state_179,state_180,state_181,state_182,state_183,state_184,state_185,state_186,state_187,state_188,state_189,state_190,state_191,state_192,state_193,state_194,state_195,state_196,state_197,state_198,state_199,state_200,state_201,state_202,state_203,state_204,state_205,state_206,state_207,state_208,state_209,state_210,state_211,state_212,state_213,state_214,state_215,state_216,state_217,state_218,state_219,state_220,state_221,state_222,state_223,state_224,state_225,state_226,state_227,state_228,state_229,state_230,state_231,state_232,state_233,state_234,state_235,state_236,state_237,state_238,state_239,state_240,state_241,state_242,state_243,state_244,state_245,state_246,state_247,state_248,state_249,state_250,state_251,state_252,state_253,state_254,state_255,state_256,state_257,state_258,state_259,state_260,state_261,state_262,state_263,state_264,state_265,state_266,state_267,state_268,state_269,state_270,state_271,state_272,state_273,state_274,state_275,state_276,state_277,state_278,state_279,state_280,state_281,state_282,state_283,state_284,state_285,state_286,state_287
{'img': array([[[ 0.        , -0.03661775,  0.27515856, ...,  0.91642342,
          0.96564152,  0.99606633],
        [ 0.03661775,  0.        ,  0.31017828, ...,  0.90115403,
          0.95547777,  0.99864304],
        [-0.27515856, -0.31017828,  0.        , ...,  0.99116966,
          0.99987425,  0.93323501],
        ...,
        [-0.91642342, -0.90115403, -0.99116966, ...,  0.        ,
         -0.14830139, -0.4798408 ],
        [-0.96564152, -0.95547777, -0.99987425, ...,  0.14830139,
          0.        , -0.34442176],
        [-0.99606633, -0.99864304, -0.93323501, ...,  0.4798408 ,
          0.34442176,  0.        ]],

       [[ 0.        , -0.03450793,  0.04280185, ...,  0.08784633,
          0.05548354,  0.14424364],
        [ 0.03450793,  0.        ,  0.07725267, ...,  0.12216853,
          0.08990527,  0.17830478],
        [-0.04280185, -0.07725267,  0.        , ...,  0.04512944,
          0.01269677,  0.10175721],
        ...,
        [-0.08784633, -0.12216853, -0.04512944, ...,  0.        ,
         -0.03244197,  0.05675835],
        [-0.05548354, -0.08990527, -0.01269677, ...,  0.03244197,
          0.        ,  0.08911814],
        [-0.14424364, -0.17830478, -0.10175721, ..., -0.05675835,
         -0.08911814,  0.        ]],

       [[ 0.        ,  0.10343012,  0.40201885, ...,  0.42479206,
          0.23578576,  0.44656976],
        [-0.10343012,  0.        ,  0.30515885, ...,  0.51614814,
          0.33503509,  0.53671866],
        [-0.40201885, -0.30515885,  0.        , ...,  0.75289698,
          0.6065768 ,  0.76859918],
        ...,
        [-0.42479206, -0.51614814, -0.75289698, ...,  0.        ,
          0.19936036, -0.02419336],
        [-0.23578576, -0.33503509, -0.6065768 , ..., -0.19936036,
          0.        , -0.22300972],
        [-0.44656976, -0.53671866, -0.76859918, ...,  0.02419336,
          0.22300972,  0.        ]],

       ...,

       [[ 0.        ,  0.63457663,  0.68476216, ...,  0.99954093,
          0.99862578,  0.96952005],
        [-0.63457663,  0.        ,  0.06676698, ...,  0.75327917,
          0.80505448,  0.59382435],
        [-0.68476216, -0.06676698,  0.        , ...,  0.7076856 ,
          0.76365185,  0.53877893],
        ...,
        [-0.99954093, -0.75327917, -0.7076856 , ...,  0.        ,
          0.0826392 , -0.21552562],
        [-0.99862578, -0.80505448, -0.76365185, ..., -0.0826392 ,
          0.        , -0.29548545],
        [-0.96952005, -0.59382435, -0.53877893, ...,  0.21552562,
          0.29548545,  0.        ]],

       [[ 0.        , -0.08483046, -0.19854186, ...,  0.99428412,
          0.92345903,  0.83089165],
        [ 0.08483046,  0.        , -0.11468451, ...,  0.99975718,
          0.95267952,  0.87509919],
        [ 0.19854186,  0.11468451,  0.        , ...,  0.99568794,
          0.98125511,  0.92482609],
        ...,
        [-0.99428412, -0.99975718, -0.99568794, ...,  0.        ,
         -0.28290939, -0.46454235],
        [-0.92345903, -0.95267952, -0.98125511, ...,  0.28290939,
          0.        , -0.19503356],
        [-0.83089165, -0.87509919, -0.92482609, ...,  0.46454235,
          0.19503356,  0.        ]],

       [[ 0.        , -0.03411382,  0.01313915, ...,  0.99712896,
          0.94005752,  0.61330562],
        [ 0.03411382,  0.        ,  0.04724237, ...,  0.99396542,
          0.92787701,  0.586004  ],
        [-0.01313915, -0.04724237,  0.        , ...,  0.99803781,
          0.94445703,  0.62363058],
        ...,
        [-0.99712896, -0.99396542, -0.99803781, ...,  0.        ,
          0.26885376,  0.74113725],
        [-0.94005752, -0.92787701, -0.94445703, ..., -0.26885376,
          0.        ,  0.5333534 ],
        [-0.61330562, -0.586004  , -0.62363058, ..., -0.74113725,
         -0.5333534 ,  0.        ]]]), 'num': array([ 8.77033138e-01,  4.80418868e-01,  1.20186142e-04,  1.95955667e-04,
        1.99518497e-04,  1.94174252e-04,  3.20256878e-03, -1.78141515e-06,
        2.04090796e-04,  2.04358008e-04,  1.82674227e-04,  2.91300591e-06,
        2.15218474e-04,  1.93497543e-04])}
{'img': array([[[ 0.        ,  0.31017828,  0.15015729, ...,  0.95547777,
          0.99864304,  0.99351769],
        [-0.31017828,  0.        , -0.16391022, ...,  0.99987425,
          0.93323501,  0.9092555 ],
        [-0.15015729,  0.16391022,  0.        , ...,  0.98895055,
          0.9795007 ,  0.96518379],
        ...,
        [-0.95547777, -0.99987425, -0.98895055, ...,  0.        ,
         -0.34442176, -0.40176682],
        [-0.99864304, -0.93323501, -0.9795007 , ...,  0.34442176,
          0.        , -0.06178324],
        [-0.99351769, -0.9092555 , -0.96518379, ...,  0.40176682,
          0.06178324,  0.        ]],

       [[ 0.        ,  0.07725267,  0.01541695, ...,  0.08990527,
          0.17830478,  0.06194602],
        [-0.07725267,  0.        , -0.06187261, ...,  0.01269677,
          0.10175721, -0.01534341],
        [-0.01541695,  0.06187261,  0.        , ...,  0.07454006,
          0.16311369,  0.04655132],
        ...,
        [-0.08990527, -0.01269677, -0.07454006, ...,  0.        ,
          0.08911814, -0.02803744],
        [-0.17830478, -0.10175721, -0.16311369, ..., -0.08911814,
          0.        , -0.11700899],
        [-0.06194602,  0.01534341, -0.04655132, ...,  0.02803744,
          0.11700899,  0.        ]],

       [[ 0.        ,  0.30515885,  0.3888806 , ...,  0.33503509,
          0.53671866,  0.71372268],
        [-0.30515885,  0.        ,  0.08919233, ...,  0.6065768 ,
          0.76859918,  0.89342108],
        [-0.3888806 , -0.08919233,  0.        , ...,  0.67506936,
          0.82259494,  0.92992727],
        ...,
        [-0.33503509, -0.6065768 , -0.67506936, ...,  0.        ,
         -0.22300972, -0.43780545],
        [-0.53671866, -0.76859918, -0.82259494, ...,  0.22300972,
          0.        , -0.22627857],
        [-0.71372268, -0.89342108, -0.92992727, ...,  0.43780545,
          0.22627857,  0.        ]],

       ...,

       [[ 0.        ,  0.06956732,  0.18532056, ...,  0.81603864,
          0.60615519,  0.57558146],
        [-0.06956732,  0.        ,  0.11650929, ...,  0.77385187,
          0.54935652,  0.51729868],
        [-0.18532056, -0.11650929,  0.        , ...,  0.69478853,
          0.4482614 ,  0.41406644],
        ...,
        [-0.81603864, -0.77385187, -0.69478853, ...,  0.        ,
         -0.2986773 , -0.33462652],
        [-0.60615519, -0.54935652, -0.4482614 , ...,  0.2986773 ,
          0.        , -0.03789341],
        [-0.57558146, -0.51729868, -0.41406644, ...,  0.33462652,
          0.03789341,  0.        ]],

       [[ 0.        , -0.11468451, -0.21085348, ...,  0.95267952,
          0.87509919,  0.87509919],
        [ 0.11468451,  0.        , -0.09735612, ...,  0.98125511,
          0.92482609,  0.92482609],
        [ 0.21085348,  0.09735612,  0.        , ...,  0.99535558,
          0.95746612,  0.95746612],
        ...,
        [-0.95267952, -0.98125511, -0.99535558, ...,  0.        ,
         -0.19503356, -0.19503356],
        [-0.87509919, -0.92482609, -0.95746612, ...,  0.19503356,
          0.        ,  0.        ],
        [-0.87509919, -0.92482609, -0.95746612, ...,  0.19503356,
          0.        ,  0.        ]],

       [[ 0.        ,  0.04724237,  0.06382709, ...,  0.92787701,
          0.586004  ,  0.586004  ],
        [-0.04724237,  0.        ,  0.01660978, ...,  0.94445703,
          0.62363058,  0.62363058],
        [-0.06382709, -0.01660978,  0.        , ...,  0.94978529,
          0.63652873,  0.63652873],
        ...,
        [-0.92787701, -0.94445703, -0.94978529, ...,  0.        ,
          0.5333534 ,  0.5333534 ],
        [-0.586004  , -0.62363058, -0.63652873, ..., -0.5333534 ,
          0.        ,  0.        ],
        [-0.586004  , -0.62363058, -0.63652873, ..., -0.5333534 ,
          0.        ,  0.        ]]]), 'num': array([7.55346367e-01, 6.55325654e-01, 2.92458226e-05, 4.42569528e-05,
       4.46451717e-05, 4.24452647e-05, 3.69610259e-04, 1.55287554e-06,
       4.41534278e-05, 4.45481170e-05, 3.99811532e-05, 6.18899671e-07,
       4.69058343e-05, 4.21903996e-05])}
{'img': array([[[ 0.        , -0.16391022, -0.36651541, ...,  0.93323501,
          0.9092555 ,  0.98592472],
        [ 0.16391022,  0.        , -0.20905436, ...,  0.9795007 ,
          0.96518379,  0.99999447],
        [ 0.36651541,  0.20905436,  0.        , ...,  0.99996974,
          0.99854001,  0.97859383],
        ...,
        [-0.93323501, -0.9795007 , -0.99996974, ...,  0.        ,
         -0.06178324,  0.19818228],
        [-0.9092555 , -0.96518379, -0.99854001, ...,  0.06178324,
          0.        ,  0.25836146],
        [-0.98592472, -0.99999447, -0.97859383, ..., -0.19818228,
         -0.25836146,  0.        ]],

       [[ 0.        , -0.06187261, -0.03481141, ...,  0.10175721,
         -0.01534341, -0.15290014],
        [ 0.06187261,  0.        ,  0.0270904 , ...,  0.16311369,
          0.04655132, -0.09146211],
        [ 0.03481141, -0.0270904 ,  0.        , ...,  0.13632625,
          0.0194732 , -0.11840539],
        ...,
        [-0.10175721, -0.16311369, -0.13632625, ...,  0.        ,
         -0.11700899, -0.25266719],
        [ 0.01534341, -0.04655132, -0.0194732 , ...,  0.11700899,
          0.        , -0.13771915],
        [ 0.15290014,  0.09146211,  0.11840539, ...,  0.25266719,
          0.13771915,  0.        ]],

       [[ 0.        ,  0.08919233,  0.07392298, ...,  0.76859918,
          0.89342108,  0.92963683],
        [-0.08919233,  0.        , -0.01531994, ...,  0.82259494,
          0.92992727,  0.95879702],
        [-0.07392298,  0.01531994,  0.        , ...,  0.81378706,
          0.92418433,  0.95433223],
        ...,
        [-0.76859918, -0.82259494, -0.81378706, ...,  0.        ,
         -0.22627857, -0.31150599],
        [-0.89342108, -0.92992727, -0.92418433, ...,  0.22627857,
          0.        , -0.08840645],
        [-0.92963683, -0.95879702, -0.95433223, ...,  0.31150599,
          0.08840645,  0.        ]],

       ...,

       [[ 0.        ,  0.11650929, -0.16586877, ...,  0.54935652,
          0.51729868,  0.4737732 ],
        [-0.11650929,  0.        , -0.27963453, ...,  0.4482614 ,
          0.41406644,  0.36794306],
        [ 0.16586877,  0.27963453,  0.        , ...,  0.6803447 ,
          0.65208429,  0.61328223],
        ...,
        [-0.54935652, -0.4482614 , -0.6803447 , ...,  0.        ,
         -0.03789341, -0.08790988],
        [-0.51729868, -0.41406644, -0.65208429, ...,  0.03789341,
          0.        , -0.05010004],
        [-0.4737732 , -0.36794306, -0.61328223, ...,  0.08790988,
          0.05010004,  0.        ]],

       [[ 0.        , -0.09735612, -0.19661212, ...,  0.92482609,
          0.92482609,  0.92524851],
        [ 0.09735612,  0.        , -0.10022227, ...,  0.95746612,
          0.95746612,  0.95778639],
        [ 0.19661212,  0.10022227,  0.        , ...,  0.98156405,
          0.98156405,  0.98177599],
        ...,
        [-0.92482609, -0.95746612, -0.98156405, ...,  0.        ,
          0.        ,  0.00111201],
        [-0.92482609, -0.95746612, -0.98156405, ...,  0.        ,
          0.        ,  0.00111201],
        [-0.92524851, -0.95778639, -0.98177599, ..., -0.00111201,
         -0.00111201,  0.        ]],

       [[ 0.        ,  0.01659248,  0.02085435, ...,  0.68804372,
          0.68804372,  0.62312394],
        [-0.01659248,  0.        ,  0.00426261, ...,  0.69998965,
          0.69998965,  0.63601552],
        [-0.02085435, -0.00426261,  0.        , ...,  0.70302745,
          0.70302745,  0.63929909],
        ...,
        [-0.68804372, -0.69998965, -0.70302745, ...,  0.        ,
          0.        ,  0.08595302],
        [-0.68804372, -0.69998965, -0.70302745, ...,  0.        ,
          0.        ,  0.08595302],
        [-0.62312394, -0.63601552, -0.63929909, ..., -0.08595302,
         -0.08595302,  0.        ]]]), 'num': array([ 8.47816999e-01,  5.30288841e-01,  9.39432422e-05,  4.93132720e-05,
        4.98968610e-05,  4.87296830e-05,  2.30211278e-04, -5.83589018e-07,
        4.93424515e-05,  5.02068927e-05,  4.52342279e-05,  5.34159347e-07,
        5.28847632e-05,  4.75290222e-05])}
{'img': array([[[ 0.00000000e+00, -2.09054356e-01, -5.06569102e-01, ...,
          9.65183792e-01,  9.99994470e-01,  9.95477330e-01],
        [ 2.09054356e-01,  0.00000000e+00, -3.15129430e-01, ...,
          9.98540013e-01,  9.78593829e-01,  9.93341322e-01],
        [ 5.06569102e-01,  3.15129430e-01,  0.00000000e+00, ...,
          9.64685472e-01,  8.63879204e-01,  9.06423679e-01],
        ...,
        [-9.65183792e-01, -9.98540013e-01, -9.64685472e-01, ...,
          0.00000000e+00,  2.58361458e-01,  1.68697762e-01],
        [-9.99994470e-01, -9.78593829e-01, -8.63879204e-01, ...,
         -2.58361458e-01,  0.00000000e+00, -9.16883871e-02],
        [-9.95477330e-01, -9.93341322e-01, -9.06423679e-01, ...,
         -1.68697762e-01,  9.16883871e-02,  0.00000000e+00]],

       [[ 0.00000000e+00,  2.59406984e-02,  2.16456486e-01, ...,
          4.46983646e-02, -8.50507599e-02, -2.59518104e-01],
        [-2.59406984e-02,  0.00000000e+00,  1.91057942e-01, ...,
          1.87685514e-02, -1.10868844e-01, -2.84482696e-01],
        [-2.16456486e-01, -1.91057942e-01,  0.00000000e+00, ...,
         -1.72601476e-01, -2.98706581e-01, -4.62405824e-01],
        ...,
        [-4.46983646e-02, -1.87685514e-02,  1.72601476e-01, ...,
          0.00000000e+00, -1.29502160e-01, -3.02425643e-01],
        [ 8.50507599e-02,  1.10868844e-01,  2.98706581e-01, ...,
          1.29502160e-01,  0.00000000e+00, -1.76440999e-01],
        [ 2.59518104e-01,  2.84482696e-01,  4.62405824e-01, ...,
          3.02425643e-01,  1.76440999e-01,  0.00000000e+00]],

       [[ 0.00000000e+00, -1.53199387e-02, -7.62452932e-02, ...,
          9.29927272e-01,  9.58797022e-01,  9.81424915e-01],
        [ 1.53199387e-02,  0.00000000e+00, -6.09610015e-02, ...,
          9.24184331e-01,  9.54332229e-01,  9.78370659e-01],
        [ 7.62452932e-02,  6.09610015e-02,  0.00000000e+00, ...,
          8.99181629e-01,  9.34345373e-01,  9.63940673e-01],
        ...,
        [-9.29927272e-01, -9.24184331e-01, -8.99181629e-01, ...,
          0.00000000e+00, -8.84064477e-02, -1.82509188e-01],
        [-9.58797022e-01, -9.54332229e-01, -9.34345373e-01, ...,
          8.84064477e-02,  0.00000000e+00, -9.48729839e-02],
        [-9.81424915e-01, -9.78370659e-01, -9.63940673e-01, ...,
          1.82509188e-01,  9.48729839e-02,  0.00000000e+00]],

       ...,

       [[ 0.00000000e+00, -2.79634526e-01, -7.48440951e-01, ...,
          4.14066443e-01,  3.67943064e-01, -1.59927181e-01],
        [ 2.79634526e-01,  0.00000000e+00, -5.33129019e-01, ...,
          6.52084285e-01,  6.13282230e-01,  1.22488168e-01],
        [ 7.48440951e-01,  5.33129019e-01,  0.00000000e+00, ...,
          9.55875335e-01,  9.39956930e-01,  6.32743693e-01],
        ...,
        [-4.14066443e-01, -6.52084285e-01, -9.55875335e-01, ...,
          0.00000000e+00, -5.01000427e-02, -5.54310100e-01],
        [-3.67943064e-01, -6.13282230e-01, -9.39956930e-01, ...,
          5.01000427e-02,  0.00000000e+00, -5.11915222e-01],
        [ 1.59927181e-01, -1.22488168e-01, -6.32743693e-01, ...,
          5.54310100e-01,  5.11915222e-01,  0.00000000e+00]],

       [[ 0.00000000e+00, -1.00222271e-01, -1.63355272e-01, ...,
          9.57466117e-01,  9.57786391e-01,  9.57893434e-01],
        [ 1.00222271e-01,  0.00000000e+00, -6.36567736e-02, ...,
          9.81564053e-01,  9.81775988e-01,  9.81846726e-01],
        [ 1.63355272e-01,  6.36567736e-02,  0.00000000e+00, ...,
          9.91740236e-01,  9.91882252e-01,  9.91929560e-01],
        ...,
        [-9.57466117e-01, -9.81564053e-01, -9.91740236e-01, ...,
          0.00000000e+00,  1.11201056e-03,  1.48458938e-03],
        [-9.57786391e-01, -9.81775988e-01, -9.91882252e-01, ...,
         -1.11201056e-03,  0.00000000e+00,  3.72579127e-04],
        [-9.57893434e-01, -9.81846726e-01, -9.91929560e-01, ...,
         -1.48458938e-03, -3.72579127e-04,  0.00000000e+00]],

       [[ 0.00000000e+00,  4.26260584e-03, -3.73394959e-02, ...,
          6.99989654e-01,  6.36015521e-01,  7.14376543e-01],
        [-4.26260584e-03,  0.00000000e+00, -4.15987899e-02, ...,
          7.03027447e-01,  6.39299095e-01,  7.17352860e-01],
        [ 3.73394959e-02,  4.15987899e-02,  0.00000000e+00, ...,
          6.72835395e-01,  6.06757985e-01,  6.87749622e-01],
        ...,
        [-6.99989654e-01, -7.03027447e-01, -6.72835395e-01, ...,
          0.00000000e+00,  8.59530184e-02, -2.03483310e-02],
        [-6.36015521e-01, -6.39299095e-01, -6.06757985e-01, ...,
         -8.59530184e-02,  0.00000000e+00, -1.06208248e-01],
        [-7.14376543e-01, -7.17352860e-01, -6.87749622e-01, ...,
          2.03483310e-02,  1.06208248e-01,  0.00000000e+00]]]), 'num': array([ 9.32274424e-01,  3.61750713e-01,  1.76359730e-04,  5.33249581e-05,
        5.57151031e-05,  5.33249581e-05,  8.74644699e-04, -2.39014495e-06,
        5.49403664e-05,  5.65681375e-05,  5.12617410e-05,  5.54980807e-07,
        5.99375544e-05,  5.31987207e-05])}
{'img': array([[[ 0.00000000e+00, -3.15129430e-01, -6.82185300e-02, ...,
          9.78593829e-01,  9.93341322e-01,  9.83310178e-01],
        [ 3.15129430e-01,  0.00000000e+00,  2.49652598e-01, ...,
          8.63879204e-01,  9.06423679e-01,  9.90542972e-01],
        [ 6.82185300e-02, -2.49652598e-01,  0.00000000e+00, ...,
          9.62274647e-01,  9.83167877e-01,  9.93430940e-01],
        ...,
        [-9.78593829e-01, -8.63879204e-01, -9.62274647e-01, ...,
          0.00000000e+00, -9.16883871e-02, -3.80408861e-01],
        [-9.93341322e-01, -9.06423679e-01, -9.83167877e-01, ...,
          9.16883871e-02,  0.00000000e+00, -2.94011374e-01],
        [-9.83310178e-01, -9.90542972e-01, -9.93430940e-01, ...,
          3.80408861e-01,  2.94011374e-01,  0.00000000e+00]],

       [[ 0.00000000e+00,  1.91057942e-01,  1.44296109e-02, ...,
         -1.10868844e-01, -2.84482696e-01,  1.52103153e-02],
        [-1.91057942e-01,  0.00000000e+00, -1.76874251e-01, ...,
         -2.98706581e-01, -4.62405824e-01, -1.76105717e-01],
        [-1.44296109e-02,  1.76874251e-01,  0.00000000e+00, ...,
         -1.25197955e-01, -2.98286474e-01,  7.80790094e-04],
        ...,
        [ 1.10868844e-01,  2.98706581e-01,  1.25197955e-01, ...,
          0.00000000e+00, -1.76440999e-01,  1.25972563e-01],
        [ 2.84482696e-01,  4.62405824e-01,  2.98286474e-01, ...,
          1.76440999e-01,  0.00000000e+00,  2.99031629e-01],
        [-1.52103153e-02,  1.76105717e-01, -7.80790094e-04, ...,
         -1.25972563e-01, -2.99031629e-01,  0.00000000e+00]],

       [[ 0.00000000e+00, -6.09610015e-02, -8.71833954e-02, ...,
          9.54332229e-01,  9.78370659e-01,  9.97551912e-01],
        [ 6.09610015e-02,  0.00000000e+00, -2.62923682e-02, ...,
          9.34345373e-01,  9.63940673e-01,  9.91433621e-01],
        [ 8.71833954e-02,  2.62923682e-02,  0.00000000e+00, ...,
          9.24652586e-01,  9.56610583e-01,  9.87656792e-01],
        ...,
        [-9.54332229e-01, -9.34345373e-01, -9.24652586e-01, ...,
          0.00000000e+00, -9.48729839e-02, -2.31279723e-01],
        [-9.78370659e-01, -9.63940673e-01, -9.56610583e-01, ...,
          9.48729839e-02,  0.00000000e+00, -1.37935789e-01],
        [-9.97551912e-01, -9.91433621e-01, -9.87656792e-01, ...,
          2.31279723e-01,  1.37935789e-01,  0.00000000e+00]],

       ...,

       [[ 0.00000000e+00, -5.33129019e-01, -1.86141001e-02, ...,
          6.13282230e-01,  1.22488168e-01, -8.44647718e-02],
        [ 5.33129019e-01,  0.00000000e+00,  5.17288490e-01, ...,
          9.39956930e-01,  6.32743693e-01,  4.59763800e-01],
        [ 1.86141001e-02, -5.17288490e-01,  0.00000000e+00, ...,
          6.27878579e-01,  1.40940882e-01, -6.59025556e-02],
        ...,
        [-6.13282230e-01, -9.39956930e-01, -6.27878579e-01, ...,
          0.00000000e+00, -5.11915222e-01, -6.77806315e-01],
        [-1.22488168e-01, -6.32743693e-01, -1.40940882e-01, ...,
          5.11915222e-01,  0.00000000e+00, -2.05879203e-01],
        [ 8.44647718e-02, -4.59763800e-01,  6.59025556e-02, ...,
          6.77806315e-01,  2.05879203e-01,  0.00000000e+00]],

       [[ 0.00000000e+00, -6.36567736e-02, -1.86160602e-01, ...,
          9.81775988e-01,  9.81846726e-01,  9.89210888e-01],
        [ 6.36567736e-02,  0.00000000e+00, -1.23239030e-01, ...,
          9.91882252e-01,  9.91929560e-01,  9.96530245e-01],
        [ 1.86160602e-01,  1.23239030e-01,  0.00000000e+00, ...,
          9.99992192e-01,  9.99993595e-01,  9.99191071e-01],
        ...,
        [-9.81775988e-01, -9.91882252e-01, -9.99992192e-01, ...,
          0.00000000e+00,  3.72579127e-04,  4.41627424e-02],
        [-9.81846726e-01, -9.91929560e-01, -9.99993595e-01, ...,
         -3.72579127e-04,  0.00000000e+00,  4.37905237e-02],
        [-9.89210888e-01, -9.96530245e-01, -9.99191071e-01, ...,
         -4.41627424e-02, -4.37905237e-02,  0.00000000e+00]],

       [[ 0.00000000e+00, -4.15987899e-02, -8.67866511e-03, ...,
          6.39299095e-01,  7.17352860e-01,  8.79396233e-01],
        [ 4.15987899e-02,  0.00000000e+00,  3.29260705e-02, ...,
          6.06757985e-01,  6.87749622e-01,  8.58830231e-01],
        [ 8.67866511e-03, -3.29260705e-02,  0.00000000e+00, ...,
          6.32601488e-01,  7.11279332e-01,  8.75231284e-01],
        ...,
        [-6.39299095e-01, -6.06757985e-01, -6.32601488e-01, ...,
          0.00000000e+00, -1.06208248e-01, -3.71854625e-01],
        [-7.17352860e-01, -6.87749622e-01, -7.11279332e-01, ...,
          1.06208248e-01,  0.00000000e+00, -2.71159224e-01],
        [-8.79396233e-01, -8.58830231e-01, -8.75231284e-01, ...,
          3.71854625e-01,  2.71159224e-01,  0.00000000e+00]]]), 'num': array([ 8.91717611e-01,  4.52591959e-01,  1.37656944e-04,  5.06547066e-05,
        5.14486675e-05,  5.04165183e-05,  4.23832218e-04, -7.14564827e-07,
        5.24808167e-05,  5.43744135e-05,  4.95352217e-05,  5.29307279e-07,
        5.79801764e-05,  5.07686507e-05])}
{'img': array([[[ 0.00000000e+00,  2.49652598e-01,  5.67445124e-01, ...,
          9.06423679e-01,  9.90542972e-01,  9.98689675e-01],
        [-2.49652598e-01,  0.00000000e+00,  3.43910491e-01, ...,
          9.83167877e-01,  9.93430940e-01,  9.79842734e-01],
        [-5.67445124e-01, -3.43910491e-01,  0.00000000e+00, ...,
          9.86031018e-01,  8.93479277e-01,  8.51371574e-01],
        ...,
        [-9.06423679e-01, -9.83167877e-01, -9.86031018e-01, ...,
          0.00000000e+00, -2.94011374e-01, -3.75429505e-01],
        [-9.90542972e-01, -9.93430940e-01, -8.93479277e-01, ...,
          2.94011374e-01,  0.00000000e+00, -8.63315201e-02],
        [-9.98689675e-01, -9.79842734e-01, -8.51371574e-01, ...,
          3.75429505e-01,  8.63315201e-02,  0.00000000e+00]],

       [[ 0.00000000e+00, -1.76874251e-01,  3.19790842e-02, ...,
         -4.62405824e-01, -1.76105717e-01, -3.11586635e-01],
        [ 1.76874251e-01,  0.00000000e+00,  2.08258671e-01, ...,
         -2.98286474e-01,  7.80790094e-04, -1.38604939e-01],
        [-3.19790842e-02, -2.08258671e-01,  0.00000000e+00, ...,
         -4.90524165e-01, -2.07494937e-01, -3.41814364e-01],
        ...,
        [ 4.62405824e-01,  2.98286474e-01,  4.90524165e-01, ...,
          0.00000000e+00,  2.99031629e-01,  1.63112197e-01],
        [ 1.76105717e-01, -7.80790094e-04,  2.07494937e-01, ...,
         -2.99031629e-01,  0.00000000e+00, -1.39378151e-01],
        [ 3.11586635e-01,  1.38604939e-01,  3.41814364e-01, ...,
         -1.63112197e-01,  1.39378151e-01,  0.00000000e+00]],

       [[ 0.00000000e+00, -2.62923682e-02, -5.86716396e-02, ...,
          9.63940673e-01,  9.91433621e-01,  9.98303275e-01],
        [ 2.62923682e-02,  0.00000000e+00, -3.24042812e-02, ...,
          9.56610583e-01,  9.87656792e-01,  9.96427190e-01],
        [ 5.86716396e-02,  3.24042812e-02,  0.00000000e+00, ...,
          9.46666593e-01,  9.82062520e-01,  9.93167166e-01],
        ...,
        [-9.63940673e-01, -9.56610583e-01, -9.46666593e-01, ...,
          0.00000000e+00, -1.37935789e-01, -2.09536775e-01],
        [-9.91433621e-01, -9.87656792e-01, -9.82062520e-01, ...,
          1.37935789e-01,  0.00000000e+00, -7.26601290e-02],
        [-9.98303275e-01, -9.96427190e-01, -9.93167166e-01, ...,
          2.09536775e-01,  7.26601290e-02,  0.00000000e+00]],

       ...,

       [[ 0.00000000e+00,  5.17288490e-01,  9.28122200e-01, ...,
          6.32743693e-01,  4.59763800e-01,  4.33863324e-01],
        [-5.17288490e-01,  0.00000000e+00,  6.01723345e-01, ...,
          1.40940882e-01, -6.59025556e-02, -9.47608672e-02],
        [-9.28122200e-01, -6.01723345e-01,  0.00000000e+00, ...,
         -4.83146822e-01, -6.53051910e-01, -6.74701568e-01],
        ...,
        [-6.32743693e-01, -1.40940882e-01,  4.83146822e-01, ...,
          0.00000000e+00, -2.05879203e-01, -2.34121622e-01],
        [-4.59763800e-01,  6.59025556e-02,  6.53051910e-01, ...,
          2.05879203e-01,  0.00000000e+00, -2.89488647e-02],
        [-4.33863324e-01,  9.47608672e-02,  6.74701568e-01, ...,
          2.34121622e-01,  2.89488647e-02,  0.00000000e+00]],

       [[ 0.00000000e+00, -1.23239030e-01, -1.66128988e-01, ...,
          9.91929560e-01,  9.96530245e-01,  9.99813263e-01],
        [ 1.23239030e-01,  0.00000000e+00, -4.33360842e-02, ...,
          9.99993595e-01,  9.99191071e-01,  9.94573246e-01],
        [ 1.66128988e-01,  4.33360842e-02,  0.00000000e+00, ...,
          9.99209260e-01,  9.96509645e-01,  9.89130264e-01],
        ...,
        [-9.91929560e-01, -9.99993595e-01, -9.99209260e-01, ...,
          0.00000000e+00,  4.37905237e-02,  1.07597856e-01],
        [-9.96530245e-01, -9.99191071e-01, -9.96509645e-01, ...,
         -4.37905237e-02,  0.00000000e+00,  6.39583431e-02],
        [-9.99813263e-01, -9.94573246e-01, -9.89130264e-01, ...,
         -1.07597856e-01, -6.39583431e-02,  0.00000000e+00]],

       [[ 0.00000000e+00,  3.29260705e-02,  3.90126322e-02, ...,
          6.87749622e-01,  8.58830231e-01,  9.25461552e-01],
        [-3.29260705e-02,  0.00000000e+00,  6.09047473e-03, ...,
          7.11279332e-01,  8.75231284e-01,  9.37433521e-01],
        [-3.90126322e-02, -6.09047473e-03,  0.00000000e+00, ...,
          7.15547192e-01,  8.78161042e-01,  9.39536620e-01],
        ...,
        [-6.87749622e-01, -7.11279332e-01, -7.15547192e-01, ...,
          0.00000000e+00, -2.71159224e-01, -4.11288806e-01],
        [-8.58830231e-01, -8.75231284e-01, -8.78161042e-01, ...,
          2.71159224e-01,  0.00000000e+00, -1.48716657e-01],
        [-9.25461552e-01, -9.37433521e-01, -9.39536620e-01, ...,
          4.11288806e-01,  1.48716657e-01,  0.00000000e+00]]]), 'num': array([8.85966435e-01, 4.63749195e-01, 1.30113171e-04, 5.07838874e-05,
       5.12533841e-05, 4.94536469e-05, 3.47646618e-04, 8.60743855e-07,
       5.15507320e-05, 5.35226179e-05, 4.89984960e-05, 6.39105385e-07,
       5.72306838e-05, 4.98145520e-05])}
{'img': array([[[ 0.00000000e+00,  3.43910491e-01,  3.56792358e-01, ...,
          9.93430940e-01,  9.79842734e-01,  9.95470810e-01],
        [-3.43910491e-01,  0.00000000e+00,  1.37533126e-02, ...,
          8.93479277e-01,  8.51371574e-01,  9.02054740e-01],
        [-3.56792358e-01, -1.37533126e-02,  0.00000000e+00, ...,
          8.87218098e-01,  8.44076570e-01,  8.96033195e-01],
        ...,
        [-9.93430940e-01, -8.93479277e-01, -8.87218098e-01, ...,
          0.00000000e+00, -8.63315201e-02,  1.94717740e-02],
        [-9.79842734e-01, -8.51371574e-01, -8.44076570e-01, ...,
          8.63315201e-02,  0.00000000e+00,  1.05714228e-01],
        [-9.95470810e-01, -9.02054740e-01, -8.96033195e-01, ...,
         -1.94717740e-02, -1.05714228e-01,  0.00000000e+00]],

       [[ 0.00000000e+00,  2.08258671e-01, -2.62643542e-02, ...,
          7.80790094e-04, -1.38604939e-01, -1.76208802e-01],
        [-2.08258671e-01,  0.00000000e+00, -2.33875305e-01, ...,
         -2.07494937e-01, -3.41814364e-01, -3.77345218e-01],
        [ 2.62643542e-02,  2.33875305e-01,  0.00000000e+00, ...,
          2.70448669e-02, -1.12546281e-01, -1.50294625e-01],
        ...,
        [-7.80790094e-04,  2.07494937e-01, -2.70448669e-02, ...,
          0.00000000e+00, -1.39378151e-01, -1.76977321e-01],
        [ 1.38604939e-01,  3.41814364e-01,  1.12546281e-01, ...,
          1.39378151e-01,  0.00000000e+00, -3.80718294e-02],
        [ 1.76208802e-01,  3.77345218e-01,  1.50294625e-01, ...,
          1.76977321e-01,  3.80718294e-02,  0.00000000e+00]],

       [[ 0.00000000e+00, -3.24042812e-02, -4.50834255e-03, ...,
          9.87656792e-01,  9.96427190e-01,  9.98379758e-01],
        [ 3.24042812e-02,  0.00000000e+00,  2.78979770e-02, ...,
          9.82062520e-01,  9.93167166e-01,  9.96011577e-01],
        [ 4.50834255e-03, -2.78979770e-02,  0.00000000e+00, ...,
          9.86940597e-01,  9.96036306e-01,  9.98113077e-01],
        ...,
        [-9.87656792e-01, -9.82062520e-01, -9.86940597e-01, ...,
          0.00000000e+00, -7.26601290e-02, -1.00179904e-01],
        [-9.96427190e-01, -9.93167166e-01, -9.96036306e-01, ...,
          7.26601290e-02,  0.00000000e+00, -2.76205038e-02],
        [-9.98379758e-01, -9.96011577e-01, -9.98113077e-01, ...,
          1.00179904e-01,  2.76205038e-02,  0.00000000e+00]],

       ...,

       [[ 0.00000000e+00,  7.18392477e-01,  8.18962644e-01, ...,
         -1.43839353e-01, -3.04602307e-01,  4.73023035e-01],
        [-7.18392477e-01,  0.00000000e+00,  1.57454301e-01, ...,
         -8.10982072e-01, -8.96147141e-01, -3.03886929e-01],
        [-8.18962644e-01, -1.57454301e-01,  0.00000000e+00, ...,
         -8.92988050e-01, -9.54840300e-01, -4.50104315e-01],
        ...,
        [ 1.43839353e-01,  8.10982072e-01,  8.92988050e-01, ...,
          0.00000000e+00, -1.64430711e-01,  5.94833763e-01],
        [ 3.04602307e-01,  8.96147141e-01,  9.54840300e-01, ...,
          1.64430711e-01,  0.00000000e+00,  7.18914684e-01],
        [-4.73023035e-01,  3.03886929e-01,  4.50104315e-01, ...,
         -5.94833763e-01, -7.18914684e-01,  0.00000000e+00]],

       [[ 0.00000000e+00, -4.33360842e-02, -1.48541317e-01, ...,
          9.99191071e-01,  9.94573246e-01,  9.91561017e-01],
        [ 4.33360842e-02,  0.00000000e+00, -1.05546447e-01, ...,
          9.96509645e-01,  9.89130264e-01,  9.85011369e-01],
        [ 1.48541317e-01,  1.05546447e-01,  0.00000000e+00, ...,
          9.82132739e-01,  9.68085602e-01,  9.61303818e-01],
        ...,
        [-9.99191071e-01, -9.96509645e-01, -9.82132739e-01, ...,
          0.00000000e+00,  6.39583431e-02,  8.96608831e-02],
        [-9.94573246e-01, -9.89130264e-01, -9.68085602e-01, ...,
         -6.39583431e-02,  0.00000000e+00,  2.57765672e-02],
        [-9.91561017e-01, -9.85011369e-01, -9.61303818e-01, ...,
         -8.96608831e-02, -2.57765672e-02,  0.00000000e+00]],

       [[ 0.00000000e+00,  6.09047473e-03,  5.84980515e-02, ...,
          8.75231284e-01,  9.37433521e-01,  9.56005564e-01],
        [-6.09047473e-03,  0.00000000e+00,  5.24169216e-02, ...,
          8.78161042e-01,  9.39536620e-01,  9.57774465e-01],
        [-5.84980515e-02, -5.24169216e-02,  0.00000000e+00, ...,
          9.02028251e-01,  9.56195121e-01,  9.71528744e-01],
        ...,
        [-8.75231284e-01, -8.78161042e-01, -9.02028251e-01, ...,
          0.00000000e+00, -1.48716657e-01, -2.05676535e-01],
        [-9.37433521e-01, -9.39536620e-01, -9.56195121e-01, ...,
          1.48716657e-01,  0.00000000e+00, -5.78522812e-02],
        [-9.56005564e-01, -9.57774465e-01, -9.71528744e-01, ...,
          2.05676535e-01,  5.78522812e-02,  0.00000000e+00]]]), 'num': array([ 8.63112625e-01,  5.05011125e-01,  1.12257524e-04,  4.89878934e-05,
        5.06003475e-05,  4.86807592e-05,  5.71407688e-04, -8.44618851e-07,
        4.98785823e-05,  5.24201172e-05,  4.82328553e-05,  5.64123908e-07,
        5.63217786e-05,  4.85184559e-05])}
{'img': array([[[ 0.        ,  0.01375331,  0.01375331, ...,  0.85137157,
          0.90205474,  0.85137157],
        [-0.01375331,  0.        ,  0.        , ...,  0.84407657,
          0.89603319,  0.84407657],
        [-0.01375331,  0.        ,  0.        , ...,  0.84407657,
          0.89603319,  0.84407657],
        ...,
        [-0.85137157, -0.84407657, -0.84407657, ...,  0.        ,
          0.10571423,  0.        ],
        [-0.90205474, -0.89603319, -0.89603319, ..., -0.10571423,
          0.        , -0.10571423],
        [-0.85137157, -0.84407657, -0.84407657, ...,  0.        ,
          0.10571423,  0.        ]],

       [[ 0.        , -0.2338753 , -0.42014153, ..., -0.34181436,
         -0.37734522, -0.27907675],
        [ 0.2338753 ,  0.        , -0.19625742, ..., -0.11254628,
         -0.15029462, -0.04675385],
        [ 0.42014153,  0.19625742,  0.        , ...,  0.08465297,
          0.04665643,  0.15019821],
        ...,
        [ 0.34181436,  0.11254628, -0.08465297, ...,  0.        ,
         -0.03807183,  0.06596641],
        [ 0.37734522,  0.15029462, -0.04665643, ...,  0.03807183,
          0.        ,  0.10390749],
        [ 0.27907675,  0.04675385, -0.15019821, ..., -0.06596641,
         -0.10390749,  0.        ]],

       [[ 0.        ,  0.02789798,  0.10382911, ...,  0.99316717,
          0.99601158,  0.99976579],
        [-0.02789798,  0.        ,  0.07604151, ...,  0.99603631,
          0.99811308,  0.9987729 ],
        [-0.10382911, -0.07604151,  0.        , ...,  0.99991615,
          0.99989234,  0.99211518],
        ...,
        [-0.99316717, -0.99603631, -0.99991615, ...,  0.        ,
         -0.0276205 , -0.13816677],
        [-0.99601158, -0.99811308, -0.99989234, ...,  0.0276205 ,
          0.        , -0.11075846],
        [-0.99976579, -0.9987729 , -0.99211518, ...,  0.13816677,
          0.11075846,  0.        ]],

       ...,

       [[ 0.        ,  0.1574543 ,  0.29647695, ..., -0.89614714,
         -0.30388693, -0.54720957],
        [-0.1574543 ,  0.        ,  0.14240362, ..., -0.9548403 ,
         -0.45010432, -0.67217239],
        [-0.29647695, -0.14240362,  0.        , ..., -0.9874201 ,
         -0.57268017, -0.77075695],
        ...,
        [ 0.89614714,  0.9548403 ,  0.9874201 , ...,  0.        ,
          0.71891468,  0.50724315],
        [ 0.30388693,  0.45010432,  0.57268017, ..., -0.71891468,
          0.        , -0.26697896],
        [ 0.54720957,  0.67217239,  0.77075695, ..., -0.50724315,
          0.26697896,  0.        ]],

       [[ 0.        , -0.10554645, -0.15732025, ...,  0.98913026,
          0.98501137,  0.97448986],
        [ 0.10554645,  0.        , -0.05220937, ...,  0.9680856 ,
          0.96130382,  0.94535877],
        [ 0.15732025,  0.05220937,  0.        , ...,  0.95368059,
          0.94560957,  0.92704753],
        ...,
        [-0.98913026, -0.9680856 , -0.95368059, ...,  0.        ,
          0.02577657,  0.0787012 ],
        [-0.98501137, -0.96130382, -0.94560957, ..., -0.02577657,
          0.        ,  0.05297843],
        [-0.97448986, -0.94535877, -0.92704753, ..., -0.0787012 ,
         -0.05297843,  0.        ]],

       [[ 0.        ,  0.05241692,  0.06791593, ...,  0.93953662,
          0.95777446,  0.97915079],
        [-0.05241692,  0.        ,  0.01552667, ...,  0.95619512,
          0.97152874,  0.98845244],
        [-0.06791593, -0.01552667,  0.        , ...,  0.96062498,
          0.97509024,  0.99068606],
        ...,
        [-0.93953662, -0.95619512, -0.96062498, ...,  0.        ,
         -0.05785228, -0.1444561 ],
        [-0.95777446, -0.97152874, -0.97509024, ...,  0.05785228,
          0.        , -0.08696868],
        [-0.97915079, -0.98845244, -0.99068606, ...,  0.1444561 ,
          0.08696868,  0.        ]]]), 'num': array([ 8.19155969e-01,  5.73570637e-01,  7.79635976e-05,  4.60933432e-05,
        4.73371318e-05,  4.55811949e-05,  4.44793445e-04, -5.85312294e-07,
        4.68542492e-05,  4.97186212e-05,  4.60701746e-05,  5.63402208e-07,
        5.37768121e-05,  4.56604303e-05])}
{'img': array([[[ 0.        ,  0.        , -0.0858468 , ...,  0.89603319,
          0.84407657,  0.80114437],
        [ 0.        ,  0.        , -0.0858468 , ...,  0.89603319,
          0.84407657,  0.80114437],
        [ 0.0858468 ,  0.0858468 ,  0.        , ...,  0.93084022,
          0.88699354,  0.84956366],
        ...,
        [-0.89603319, -0.89603319, -0.93084022, ...,  0.        ,
         -0.10571423, -0.18055227],
        [-0.84407657, -0.84407657, -0.88699354, ...,  0.10571423,
          0.        , -0.0755637 ],
        [-0.80114437, -0.80114437, -0.84956366, ...,  0.18055227,
          0.0755637 ,  0.        ]],

       [[ 0.        , -0.19625742, -0.14563953, ..., -0.15029462,
         -0.04675385, -0.0868108 ],
        [ 0.19625742,  0.        ,  0.05135768, ...,  0.04665643,
          0.15019821,  0.11039397],
        [ 0.14563953, -0.05135768,  0.        , ..., -0.00470689,
          0.09922492,  0.05920451],
        ...,
        [ 0.15029462, -0.04665643,  0.00470689, ...,  0.        ,
          0.10390749,  0.06390249],
        [ 0.04675385, -0.15019821, -0.09922492, ..., -0.10390749,
          0.        , -0.04013853],
        [ 0.0868108 , -0.11039397, -0.05920451, ..., -0.06390249,
          0.04013853,  0.        ]],

       [[ 0.        ,  0.07604151,  0.15757088, ...,  0.99811308,
