state_0,state_1,state_2,state_3,state_4,state_5,state_6,state_7,state_8,state_9,state_10,state_11,state_12,state_13,state_14,state_15,state_16,state_17,state_18,state_19,state_20,state_21,state_22,state_23,state_24,state_25,state_26,state_27,state_28,state_29,state_30,state_31,state_32,state_33,state_34,state_35,state_36,state_37,state_38,state_39,state_40,state_41,state_42,state_43,state_44,state_45,state_46,state_47,state_48,state_49,state_50,state_51,state_52,state_53,state_54,state_55,state_56,state_57,state_58,state_59,state_60,state_61,state_62,state_63,state_64,state_65,state_66,state_67,state_68,state_69,state_70,state_71,state_72,state_73,state_74,state_75,state_76,state_77,state_78,state_79,state_80,state_81,state_82,state_83,state_84,state_85,state_86,state_87,state_88,state_89,state_90,state_91,state_92,state_93,state_94,state_95,state_96,state_97,state_98,state_99,state_100,state_101,state_102,state_103,state_104,state_105,state_106,state_107,state_108,state_109,state_110,state_111,state_112,state_113,state_114,state_115,state_116,state_117,state_118,state_119,state_120,state_121,state_122,state_123,state_124,state_125,state_126,state_127,state_128,state_129,state_130,state_131,state_132,state_133,state_134,state_135,state_136,state_137,state_138,state_139,state_140,state_141,state_142,state_143,state_144,state_145,state_146,state_147,state_148,state_149,state_150,state_151,state_152,state_153,state_154,state_155,state_156,state_157,state_158,state_159,state_160,state_161,state_162,state_163,state_164,state_165,state_166,state_167,state_168,state_169,state_170,state_171,state_172,state_173,state_174,state_175,state_176,state_177,state_178,state_179,state_180,state_181,state_182,state_183,state_184,state_185,state_186,state_187,state_188,state_189,state_190,state_191,state_192,state_193,state_194,state_195,state_196,state_197,state_198,state_199,state_200,state_201,state_202,state_203,state_204,state_205,state_206,state_207,state_208,state_209,state_210,state_211,state_212,state_213,state_214,state_215,state_216,state_217,state_218,state_219,state_220,state_221,state_222,state_223,state_224,state_225,state_226,state_227,state_228,state_229,state_230,state_231,state_232,state_233,state_234,state_235,state_236,state_237,state_238,state_239,state_240,state_241,state_242,state_243,state_244,state_245,state_246,state_247,state_248,state_249,state_250,state_251,state_252,state_253,state_254,state_255,state_256,state_257,state_258,state_259,state_260,state_261,state_262,state_263,state_264,state_265,state_266,state_267,state_268,state_269,state_270,state_271,state_272,state_273,state_274,state_275,state_276,state_277,state_278,state_279,state_280,state_281,state_282,state_283,state_284,state_285,state_286,state_287
{'img': array([[[ 0.        , -0.26685367, -0.26685367, ...,  0.76386156,
          0.33850122,  0.07894737],
        [ 0.26685367,  0.        ,  0.        , ...,  0.90838375,
          0.57732638,  0.34210526],
        [ 0.26685367,  0.        ,  0.        , ...,  0.90838375,
          0.57732638,  0.34210526],
        ...,
        [-0.76386156, -0.90838375, -0.90838375, ...,  0.        ,
         -0.50030576, -0.71052632],
        [-0.33850122, -0.57732638, -0.57732638, ...,  0.50030576,
          0.        , -0.26315789],
        [-0.07894737, -0.34210526, -0.34210526, ...,  0.71052632,
          0.26315789,  0.        ]],

       [[ 0.        ,  0.08945633,  0.04179679, ...,  0.53855463,
          0.33955327,  0.12649462],
        [-0.08945633,  0.        , -0.04774894, ...,  0.46102036,
          0.25405047,  0.03724972],
        [-0.04179679,  0.04774894,  0.        , ...,  0.50286642,
          0.29994304,  0.08492303],
        ...,
        [-0.53855463, -0.46102036, -0.50286642, ...,  0.        ,
         -0.22045299, -0.4276454 ],
        [-0.33955327, -0.25405047, -0.29994304, ...,  0.22045299,
          0.        , -0.21784657],
        [-0.12649462, -0.03724972, -0.08492303, ...,  0.4276454 ,
          0.21784657,  0.        ]],

       [[ 0.        , -0.07465684, -0.1241011 , ...,  0.61590964,
          0.61590964,  0.474952  ],
        [ 0.07465684,  0.        , -0.04967506, ...,  0.67300673,
          0.67300673,  0.53932544],
        [ 0.1241011 ,  0.04967506,  0.        , ...,  0.70891733,
          0.70891733,  0.58049085],
        ...,
        [-0.61590964, -0.67300673, -0.70891733, ...,  0.        ,
          0.        , -0.16783252],
        [-0.61590964, -0.67300673, -0.70891733, ...,  0.        ,
          0.        , -0.16783252],
        [-0.474952  , -0.53932544, -0.58049085, ...,  0.16783252,
          0.16783252,  0.        ]],

       ...,

       [[ 0.        , -0.5663967 , -0.45990371, ..., -0.02699087,
         -0.24319593, -0.47878817],
        [ 0.5663967 ,  0.        ,  0.1239209 , ...,  0.54394629,
          0.34896615,  0.10267191],
        [ 0.45990371, -0.1239209 ,  0.        , ...,  0.4357691 ,
          0.2301457 , -0.02138548],
        ...,
        [ 0.02699087, -0.54394629, -0.4357691 , ...,  0.        ,
         -0.2169268 , -0.45491762],
        [ 0.24319593, -0.34896615, -0.2301457 , ...,  0.2169268 ,
          0.        , -0.25090448],
        [ 0.47878817, -0.10267191,  0.02138548, ...,  0.45491762,
          0.25090448,  0.        ]],

       [[ 0.        ,  0.00359216, -0.01731348, ...,  0.94920303,
          0.94548133,  0.9585068 ],
        [-0.00359216,  0.        , -0.02090499, ...,  0.94806658,
          0.94430535,  0.9574766 ],
        [ 0.01731348,  0.02090499,  0.        , ...,  0.95450869,
          0.9509782 ,  0.96329868],
        ...,
        [-0.94920303, -0.94806658, -0.95450869, ...,  0.        ,
         -0.01162373,  0.03101887],
        [-0.94548133, -0.94430535, -0.9509782 , ...,  0.01162373,
          0.        ,  0.04263491],
        [-0.9585068 , -0.9574766 , -0.96329868, ..., -0.03101887,
         -0.04263491,  0.        ]],

       [[ 0.        , -0.00799942,  0.03093374, ...,  0.88649775,
          0.75242967,  0.62274053],
        [ 0.00799942,  0.        ,  0.03892834, ...,  0.89017098,
          0.7576746 ,  0.62897958],
        [-0.03093374, -0.03892834,  0.        , ...,  0.87175945,
          0.73169438,  0.59823907],
        ...,
        [-0.88649775, -0.89017098, -0.87175945, ...,  0.        ,
         -0.23573781, -0.4054585 ],
        [-0.75242967, -0.7576746 , -0.73169438, ...,  0.23573781,
          0.        , -0.17854024],
        [-0.62274053, -0.62897958, -0.59823907, ...,  0.4054585 ,
          0.17854024,  0.        ]]]), 'num': array([8.10836021e-01, 5.58681444e-01, 4.48673623e-05, 3.55147290e-03,
       3.58306964e-03, 3.43140532e-03, 1.74128969e-01, 1.20067589e-04,
       3.52240391e-03, 3.54262582e-03, 3.42814032e-03, 2.94902851e-05,
       3.68485465e-03, 3.40039699e-03])}
{'img': array([[[ 0.        ,  0.        , -0.14381257, ...,  0.57732638,
          0.34210526,  0.76610267],
        [ 0.        ,  0.        , -0.14381257, ...,  0.57732638,
          0.34210526,  0.76610267],
        [ 0.14381257,  0.14381257,  0.        , ...,  0.68874994,
          0.47368421,  0.85056994],
        ...,
        [-0.57732638, -0.57732638, -0.68874994, ...,  0.        ,
         -0.26315789,  0.25447497],
        [-0.34210526, -0.34210526, -0.47368421, ...,  0.26315789,
          0.        ,  0.5       ],
        [-0.76610267, -0.76610267, -0.85056994, ..., -0.25447497,
         -0.5       ,  0.        ]],

       [[ 0.        , -0.04774894, -0.05255713, ...,  0.25405047,
          0.03724972,  0.0318763 ],
        [ 0.04774894,  0.        , -0.00481423, ...,  0.29994304,
          0.08492303,  0.07956462],
        [ 0.05255713,  0.00481423,  0.        , ...,  0.30453214,
          0.08971889,  0.08436267],
        ...,
        [-0.25405047, -0.29994304, -0.30453214, ...,  0.        ,
         -0.21784657, -0.2230909 ],
        [-0.03724972, -0.08492303, -0.08971889, ...,  0.21784657,
          0.        , -0.00537661],
        [-0.0318763 , -0.07956462, -0.08436267, ...,  0.2230909 ,
          0.00537661,  0.        ]],

       [[ 0.        , -0.04967506, -0.19823705, ...,  0.67300673,
          0.53932544,  0.56470427],
        [ 0.04967506,  0.        , -0.1493031 , ...,  0.70891733,
          0.58049085,  0.6050036 ],
        [ 0.19823705,  0.1493031 ,  0.        , ...,  0.80627364,
          0.69555696,  0.71710093],
        ...,
        [-0.67300673, -0.70891733, -0.80627364, ...,  0.        ,
         -0.16783252, -0.13775215],
        [-0.53932544, -0.58049085, -0.69555696, ...,  0.16783252,
          0.        ,  0.03043432],
        [-0.56470427, -0.6050036 , -0.71710093, ...,  0.13775215,
         -0.03043432,  0.        ]],

       ...,

       [[ 0.        ,  0.1239209 , -0.01262196, ...,  0.34896615,
          0.10267191,  0.34644199],
        [-0.1239209 ,  0.        , -0.1364357 , ...,  0.2301457 ,
         -0.02138548,  0.227525  ],
        [ 0.01262196,  0.1364357 ,  0.        , ...,  0.36076684,
          0.11521899,  0.3582547 ],
        ...,
        [-0.34896615, -0.2301457 , -0.36076684, ...,  0.        ,
         -0.25090448, -0.00269213],
        [-0.10267191,  0.02138548, -0.11521899, ...,  0.25090448,
          0.        ,  0.24829755],
        [-0.34644199, -0.227525  , -0.3582547 , ...,  0.00269213,
         -0.24829755,  0.        ]],

       [[ 0.        , -0.02090499, -0.00785532, ...,  0.94430535,
          0.9574766 ,  0.96226552],
        [ 0.02090499,  0.        ,  0.01305074, ...,  0.9509782 ,
          0.96329868,  0.96774373],
        [ 0.00785532, -0.01305074,  0.        , ...,  0.94686117,
          0.9597134 ,  0.96437336],
        ...,
        [-0.94430535, -0.9509782 , -0.94686117, ...,  0.        ,
          0.04263491,  0.05969616],
        [-0.9574766 , -0.96329868, -0.9597134 , ..., -0.04263491,
          0.        ,  0.01708301],
        [-0.96226552, -0.96774373, -0.96437336, ..., -0.05969616,
         -0.01708301,  0.        ]],

       [[ 0.        ,  0.03892834,  0.01671656, ...,  0.7576746 ,
          0.62897958,  0.67289489],
        [-0.03892834,  0.        , -0.02221901, ...,  0.73169438,
          0.59823907,  0.64358806],
        [-0.01671656,  0.02221901,  0.        , ...,  0.74665895,
          0.61589587,  0.66043499],
        ...,
        [-0.7576746 , -0.73169438, -0.74665895, ...,  0.        ,
         -0.17854024, -0.12132769],
        [-0.62897958, -0.59823907, -0.61589587, ...,  0.17854024,
          0.        ,  0.057843  ],
        [-0.67289489, -0.64358806, -0.66043499, ...,  0.12132769,
         -0.057843  ,  0.        ]]]), 'num': array([7.06830052e-01, 7.06830052e-01, 0.00000000e+00, 1.26839135e-04,
       1.28573687e-04, 1.22502754e-04, 2.79720404e-02, 4.98683779e-06,
       1.21982389e-04, 1.21949866e-04, 1.17819463e-04, 1.16084527e-06,
       1.27172415e-04, 1.16727317e-04])}
{'img': array([[[ 0.        , -0.13875288, -0.16752469, ...,  0.32817972,
          0.73343305,  0.92702481],
        [ 0.13875288,  0.        , -0.02911222, ...,  0.45607334,
          0.82065747,  0.8660254 ],
        [ 0.16752469,  0.02911222,  0.        , ...,  0.48178823,
          0.83694495,  0.85110223],
        ...,
        [-0.32817972, -0.45607334, -0.48178823, ...,  0.        ,
          0.46972809,  0.99874922],
        [-0.73343305, -0.82065747, -0.83694495, ..., -0.46972809,
          0.        ,  0.90519335],
        [-0.92702481, -0.8660254 , -0.85110223, ..., -0.99874922,
         -0.90519335,  0.        ]],

       [[ 0.        , -0.00481423, -0.11939733, ...,  0.08492303,
          0.07956462,  0.54261211],
        [ 0.00481423,  0.        , -0.11461615, ...,  0.08971889,
          0.08436267,  0.5466497 ],
        [ 0.11939733,  0.11461615,  0.        , ...,  0.20328155,
          0.19801426,  0.63902234],
        ...,
        [-0.08492303, -0.08971889, -0.20328155, ...,  0.        ,
         -0.00537661,  0.469318  ],
        [-0.07956462, -0.08436267, -0.19801426, ...,  0.00537661,
          0.        ,  0.47405892],
        [-0.54261211, -0.5466497 , -0.63902234, ..., -0.469318  ,
         -0.47405892,  0.        ]],

       [[ 0.        , -0.1493031 , -0.24907771, ...,  0.58049085,
          0.6050036 ,  0.76371435],
        [ 0.1493031 ,  0.        , -0.10168833, ...,  0.69555696,
          0.71710093,  0.8515375 ],
        [ 0.24907771,  0.10168833,  0.        , ...,  0.76501152,
          0.78425734,  0.90043795],
        ...,
        [-0.58049085, -0.69555696, -0.76501152, ...,  0.        ,
          0.03043432,  0.24712884],
        [-0.6050036 , -0.71710093, -0.78425734, ..., -0.03043432,
          0.        ,  0.21752404],
        [-0.76371435, -0.8515375 , -0.90043795, ..., -0.24712884,
         -0.21752404,  0.        ]],

       ...,

       [[ 0.        , -0.1364357 ,  0.05940863, ..., -0.02138548,
          0.227525  ,  0.48646348],
        [ 0.1364357 ,  0.        ,  0.19504781, ...,  0.11521899,
          0.3582547 ,  0.60111852],
        [-0.05940863, -0.19504781,  0.        , ..., -0.08074275,
          0.16927266,  0.43369889],
        ...,
        [ 0.02138548, -0.11521899,  0.08074275, ...,  0.        ,
          0.24829755,  0.50503674],
        [-0.227525  , -0.3582547 , -0.16927266, ..., -0.24829755,
          0.        ,  0.27491583],
        [-0.48646348, -0.60111852, -0.43369889, ..., -0.50503674,
         -0.27491583,  0.        ]],

       [[ 0.        ,  0.01305074,  0.05418929, ...,  0.96329868,
          0.96774373,  0.99258873],
        [-0.01305074,  0.        ,  0.04115311, ...,  0.9597134 ,
          0.96437336,  0.99409015],
        [-0.05418929, -0.04115311,  0.        , ...,  0.94733715,
          0.95266954,  0.9977155 ],
        ...,
        [-0.96329868, -0.9597134 , -0.94733715, ...,  0.        ,
          0.01708301,  0.38350446],
        [-0.96774373, -0.96437336, -0.95266954, ..., -0.01708301,
          0.        ,  0.36767167],
        [-0.99258873, -0.99409015, -0.9977155 , ..., -0.38350446,
         -0.36767167,  0.        ]],

       [[ 0.        , -0.02221901, -0.10632832, ...,  0.59823907,
          0.64358806,  0.66681184],
        [ 0.02221901,  0.        , -0.08420901, ...,  0.61589587,
          0.66043499,  0.68320541],
        [ 0.10632832,  0.08420901,  0.        , ...,  0.68005046,
          0.72132033,  0.74227037],
        ...,
        [-0.59823907, -0.61589587, -0.68005046, ...,  0.        ,
          0.057843  ,  0.08850472],
        [-0.64358806, -0.66043499, -0.72132033, ..., -0.057843  ,
          0.        ,  0.03074052],
        [-0.66681184, -0.68320541, -0.74227037, ..., -0.08850472,
         -0.03074052,  0.        ]]]), 'num': array([ 7.07078777e-01,  7.07078777e-01,  0.00000000e+00,  1.24497920e-04,
        1.27317559e-04,  1.24064129e-04,  8.89303388e-03, -2.38584863e-06,
        1.22198829e-04,  1.22296432e-04,  1.18019979e-04,  1.18752647e-06,
        1.27359486e-04,  1.17233378e-04])}
{'img': array([[[ 0.        , -0.02911222,  0.08453588, ...,  0.82065747,
          0.8660254 ,  0.97224285],
        [ 0.02911222,  0.        ,  0.11350806, ...,  0.83694495,
          0.85110223,  0.97864227],
        [-0.08453588, -0.11350806,  0.        , ...,  0.76941435,
          0.90519335,  0.94898345],
        ...,
        [-0.82065747, -0.83694495, -0.76941435, ...,  0.        ,
          0.90519335,  0.36354691],
        [-0.8660254 , -0.85110223, -0.90519335, ..., -0.90519335,
          0.        , -0.68874887],
        [-0.97224285, -0.97864227, -0.94898345, ..., -0.36354691,
          0.68874887,  0.        ]],

       [[ 0.        , -0.11461615,  0.02045895, ...,  0.08436267,
          0.5466497 ,  0.18232177],
        [ 0.11461615,  0.        ,  0.13491628, ...,  0.19801426,
          0.63902234,  0.2938153 ],
        [-0.02045895, -0.13491628,  0.        , ...,  0.063959  ,
          0.52940375,  0.16216758],
        ...,
        [-0.08436267, -0.19801426, -0.063959  , ...,  0.        ,
          0.47405892,  0.09872315],
        [-0.5466497 , -0.63902234, -0.52940375, ..., -0.47405892,
          0.        , -0.38481805],
        [-0.18232177, -0.2938153 , -0.16216758, ..., -0.09872315,
          0.38481805,  0.        ]],

       [[ 0.        , -0.10168833, -0.17916395, ...,  0.71710093,
          0.8515375 ,  0.871095  ],
        [ 0.10168833,  0.        , -0.07819228, ...,  0.78425734,
          0.90043795,  0.91652013],
        [ 0.17916395,  0.07819228,  0.        , ...,  0.83036946,
          0.9316935 ,  0.94499004],
        ...,
        [-0.71710093, -0.78425734, -0.83036946, ...,  0.        ,
          0.21752404,  0.25494781],
        [-0.8515375 , -0.90043795, -0.9316935 , ..., -0.21752404,
          0.        ,  0.03850716],
        [-0.871095  , -0.91652013, -0.94499004, ..., -0.25494781,
         -0.03850716,  0.        ]],

       ...,

       [[ 0.        ,  0.19504781,  0.0570876 , ...,  0.3582547 ,
          0.60111852,  0.64068902],
        [-0.19504781,  0.        , -0.13873856, ...,  0.16927266,
          0.43369889,  0.47862597],
        [-0.0570876 ,  0.13873856,  0.        , ...,  0.3043721 ,
          0.55451608,  0.59581228],
        ...,
        [-0.3582547 , -0.16927266, -0.3043721 , ...,  0.        ,
          0.27491583,  0.32309445],
        [-0.60111852, -0.43369889, -0.55451608, ..., -0.27491583,
          0.        ,  0.05047387],
        [-0.64068902, -0.47862597, -0.59581228, ..., -0.32309445,
         -0.05047387,  0.        ]],

       [[ 0.        ,  0.04102268,  0.05078296, ...,  0.96148077,
          0.99729824,  0.95407301],
        [-0.04102268,  0.        ,  0.00977046, ...,  0.94939542,
          0.99947221,  0.96555922],
        [-0.05078296, -0.00977046,  0.        , ...,  0.94628136,
          0.9997419 ,  0.96805525],
        ...,
        [-0.96148077, -0.94939542, -0.94628136, ...,  0.        ,
          0.34475896,  0.55028296],
        [-0.99729824, -0.99947221, -0.9997419 , ..., -0.34475896,
          0.        ,  0.22867957],
        [-0.95407301, -0.96555922, -0.96805525, ..., -0.55028296,
         -0.22867957,  0.        ]],

       [[ 0.        , -0.08214675, -0.13977076, ...,  0.62366681,
          0.64313816,  0.89326954],
        [ 0.08214675,  0.        , -0.05795799, ...,  0.68577229,
          0.7038684 ,  0.92717723],
        [ 0.13977076,  0.05795799,  0.        , ...,  0.72680228,
          0.74385453,  0.94733106],
        ...,
        [-0.62366681, -0.68577229, -0.72680228, ...,  0.        ,
          0.0251619 ,  0.41790852],
        [-0.64313816, -0.7038684 , -0.74385453, ..., -0.0251619 ,
          0.        ,  0.39491689],
        [-0.89326954, -0.92717723, -0.94733106, ..., -0.41790852,
         -0.39491689,  0.        ]]]), 'num': array([ 7.26562018e-01,  6.87038148e-01,  6.93401230e-06,  1.27086399e-04,
        1.29538944e-04,  1.24856813e-04,  9.27846652e-03, -8.91834380e-07,
        1.26372932e-04,  1.25804387e-04,  1.21486422e-04,  1.10396974e-06,
        1.31038693e-04,  1.20570081e-04])}
{'img': array([[[ 0.00000000e+00,  1.13508062e-01,  3.20040350e-01, ...,
          8.51102227e-01,  9.78642269e-01,  9.41766885e-01],
        [-1.13508062e-01,  0.00000000e+00,  2.10433971e-01, ...,
          9.05193350e-01,  9.48983446e-01,  8.97511362e-01],
        [-3.20040350e-01, -2.10433971e-01,  0.00000000e+00, ...,
          9.74358763e-01,  8.61378598e-01,  7.84614796e-01],
        ...,
        [-8.51102227e-01, -9.05193350e-01, -9.74358763e-01, ...,
          0.00000000e+00, -6.88748866e-01, -7.80624750e-01],
        [-9.78642269e-01, -9.48983446e-01, -8.61378598e-01, ...,
          6.88748866e-01,  0.00000000e+00, -1.35484903e-01],
        [-9.41766885e-01, -8.97511362e-01, -7.84614796e-01, ...,
          7.80624750e-01,  1.35484903e-01,  0.00000000e+00]],

       [[ 0.00000000e+00,  1.34916279e-01,  3.90648404e-01, ...,
          6.39022340e-01,  2.93815301e-01,  2.97590892e-01],
        [-1.34916279e-01,  0.00000000e+00,  2.62880880e-01, ...,
          5.29403753e-01,  1.62167576e-01,  1.66066325e-01],
        [-3.90648404e-01, -2.62880880e-01,  0.00000000e+00, ...,
          2.87763468e-01, -1.02937321e-01, -9.90051800e-02],
        ...,
        [-6.39022340e-01, -5.29403753e-01, -2.87763468e-01, ...,
          0.00000000e+00, -3.84818052e-01, -3.81167073e-01],
        [-2.93815301e-01, -1.62167576e-01,  1.02937321e-01, ...,
          3.84818052e-01,  0.00000000e+00,  3.95233262e-03],
        [-2.97590892e-01, -1.66066325e-01,  9.90051800e-02, ...,
          3.81167073e-01, -3.95233262e-03,  0.00000000e+00]],

       [[ 0.00000000e+00, -7.81922845e-02, -3.88814401e-02, ...,
          9.00437946e-01,  9.16520129e-01,  9.75816484e-01],
        [ 7.81922845e-02,  0.00000000e+00,  3.93707612e-02, ...,
          9.31693503e-01,  9.44990036e-01,  9.89920982e-01],
        [ 3.88814401e-02, -3.93707612e-02,  0.00000000e+00, ...,
          9.16669886e-01,  9.31379216e-01,  9.83577749e-01],
        ...,
        [-9.00437946e-01, -9.31693503e-01, -9.16669886e-01, ...,
          0.00000000e+00,  3.85071557e-02,  2.27637065e-01],
        [-9.16520129e-01, -9.44990036e-01, -9.31379216e-01, ...,
         -3.85071557e-02,  0.00000000e+00,  1.89972041e-01],
        [-9.75816484e-01, -9.89920982e-01, -9.83577749e-01, ...,
         -2.27637065e-01, -1.89972041e-01,  0.00000000e+00]],

       ...,

       [[ 0.00000000e+00, -1.38738562e-01,  1.94182257e-01, ...,
          4.33698889e-01,  4.78625968e-01,  2.80736319e-01],
        [ 1.38738562e-01,  0.00000000e+00,  3.28402067e-01, ...,
          5.54516077e-01,  5.95812276e-01,  4.11180512e-01],
        [-1.94182257e-01, -3.28402067e-01,  0.00000000e+00, ...,
          2.50474184e-01,  2.99019856e-01,  8.90194300e-02],
        ...,
        [-4.33698889e-01, -5.54516077e-01, -2.50474184e-01, ...,
          0.00000000e+00,  5.04738729e-02, -1.63297991e-01],
        [-4.78625968e-01, -5.95812276e-01, -2.99019856e-01, ...,
         -5.04738729e-02,  0.00000000e+00, -2.12886200e-01],
        [-2.80736319e-01, -4.11180512e-01, -8.90194300e-02, ...,
          1.63297991e-01,  2.12886200e-01,  0.00000000e+00]],

       [[ 0.00000000e+00,  9.68772706e-03,  9.82290178e-03, ...,
          9.99272676e-01,  9.97914850e-01,  9.63400941e-01],
        [-9.68772706e-03,  0.00000000e+00,  1.35181149e-04, ...,
          9.98856362e-01,  9.98493307e-01,  9.65952668e-01],
        [-9.82290178e-03, -1.35181149e-04,  0.00000000e+00, ...,
          9.98849889e-01,  9.98500716e-01,  9.65987633e-01],
        ...,
        [-9.99272676e-01, -9.98856362e-01, -9.98849889e-01, ...,
          0.00000000e+00,  1.02550651e-01,  3.04606912e-01],
        [-9.97914850e-01, -9.98493307e-01, -9.98500716e-01, ...,
         -1.02550651e-01,  0.00000000e+00,  2.05323704e-01],
        [-9.63400941e-01, -9.65952668e-01, -9.65987633e-01, ...,
         -3.04606912e-01, -2.05323704e-01,  0.00000000e+00]],

       [[ 0.00000000e+00, -5.75142261e-02, -5.36747201e-02, ...,
          6.92168506e-01,  8.68553494e-01,  9.29941580e-01],
        [ 5.75142261e-02,  0.00000000e+00,  3.84544625e-03, ...,
          7.32532834e-01,  8.95619553e-01,  9.49550636e-01],
        [ 5.36747201e-02, -3.84544625e-03,  0.00000000e+00, ...,
          7.29909701e-01,  8.93902396e-01,  9.48337631e-01],
        ...,
        [-6.92168506e-01, -7.32532834e-01, -7.29909701e-01, ...,
          0.00000000e+00,  2.83830720e-01,  4.16656844e-01],
        [-8.68553494e-01, -8.95619553e-01, -8.93902396e-01, ...,
         -2.83830720e-01,  0.00000000e+00,  1.41501337e-01],
        [-9.29941580e-01, -9.49550636e-01, -9.48337631e-01, ...,
         -4.16656844e-01, -1.41501337e-01,  0.00000000e+00]]]), 'num': array([9.39675619e-01, 3.41452820e-01, 1.02964337e-04, 1.65529275e-04,
       1.66668891e-04, 1.59546289e-04, 2.04812705e-02, 3.13394496e-06,
       1.63648908e-04, 1.60970810e-04, 1.55510148e-04, 1.68555821e-06,
       1.67975048e-04, 1.53966571e-04])}
{'img': array([[[ 0.00000000e+00,  2.10433971e-01,  1.33866156e-01, ...,
          9.48983446e-01,  8.97511362e-01,  9.99927220e-01],
        [-2.10433971e-01,  0.00000000e+00, -7.76713087e-02, ...,
          8.61378598e-01,  7.84614796e-01,  9.74998113e-01],
        [-1.33866156e-01,  7.76713087e-02,  0.00000000e+00, ...,
          8.98230581e-01,  8.30399426e-01,  9.89312250e-01],
        ...,
        [-9.48983446e-01, -8.61378598e-01, -8.98230581e-01, ...,
          0.00000000e+00, -1.35484903e-01,  3.03853806e-01],
        [-8.97511362e-01, -7.84614796e-01, -8.30399426e-01, ...,
          1.35484903e-01,  0.00000000e+00,  4.30131091e-01],
        [-9.99927220e-01, -9.74998113e-01, -9.89312250e-01, ...,
         -3.03853806e-01, -4.30131091e-01,  0.00000000e+00]],

       [[ 0.00000000e+00,  2.62880880e-01,  5.91710719e-02, ...,
          1.62167576e-01,  1.66066325e-01,  3.24122383e-01],
        [-2.62880880e-01,  0.00000000e+00, -2.05330351e-01, ...,
         -1.02937321e-01, -9.90051800e-02,  6.40331495e-02],
        [-5.91710719e-02,  2.05330351e-01,  0.00000000e+00, ...,
          1.03495597e-01,  1.07425897e-01,  2.67577743e-01],
        ...,
        [-1.62167576e-01,  1.02937321e-01, -1.03495597e-01, ...,
          0.00000000e+00,  3.95233262e-03,  1.66419066e-01],
        [-1.66066325e-01,  9.90051800e-02, -1.07425897e-01, ...,
         -3.95233262e-03,  0.00000000e+00,  1.62520548e-01],
        [-3.24122383e-01, -6.40331495e-02, -2.67577743e-01, ...,
         -1.66419066e-01, -1.62520548e-01,  0.00000000e+00]],

       [[ 0.00000000e+00,  3.77249152e-02,  5.63738377e-02, ...,
          9.05351575e-01,  9.57453367e-01,  9.25683410e-01],
        [-3.77249152e-02,  0.00000000e+00,  1.86687862e-02, ...,
          8.88686741e-01,  9.45884856e-01,  9.39295776e-01],
        [-5.63738377e-02, -1.86687862e-02,  0.00000000e+00, ...,
          8.79971948e-01,  9.39661943e-01,  9.45537497e-01],
        ...,
        [-9.05351575e-01, -8.88686741e-01, -8.79971948e-01, ...,
          0.00000000e+00,  1.45321237e-01,  7.35597048e-01],
        [-9.57453367e-01, -9.45884856e-01, -9.39661943e-01, ...,
         -1.45321237e-01,  0.00000000e+00,  6.29344917e-01],
        [-9.25683410e-01, -9.39295776e-01, -9.45537497e-01, ...,
         -7.35597048e-01, -6.29344917e-01,  0.00000000e+00]],

       ...,

       [[ 0.00000000e+00,  3.28402067e-01, -7.85569419e-02, ...,
          5.95812276e-01,  4.11180512e-01,  7.38127471e-01],
        [-3.28402067e-01,  0.00000000e+00, -4.01587202e-01, ...,
          2.99019856e-01,  8.90194300e-02,  4.75629307e-01],
        [ 7.85569419e-02,  4.01587202e-01,  0.00000000e+00, ...,
          6.57061939e-01,  4.81518701e-01,  7.88845709e-01],
        ...,
        [-5.95812276e-01, -2.99019856e-01, -6.57061939e-01, ...,
          0.00000000e+00, -2.12886200e-01,  1.90836221e-01],
        [-4.11180512e-01, -8.90194300e-02, -4.81518701e-01, ...,
          2.12886200e-01,  0.00000000e+00,  3.95435437e-01],
        [-7.38127471e-01, -4.75629307e-01, -7.88845709e-01, ...,
         -1.90836221e-01, -3.95435437e-01,  0.00000000e+00]],

       [[ 0.00000000e+00,  1.31362983e-04, -5.49558295e-02, ...,
          9.89746203e-01,  9.95827814e-01,  9.58453985e-01],
        [-1.31362983e-04,  0.00000000e+00, -5.50869935e-02, ...,
          9.89727431e-01,  9.95815818e-01,  9.58491448e-01],
        [ 5.49558295e-02,  5.50869935e-02,  0.00000000e+00, ...,
          9.96100220e-01,  9.99337746e-01,  9.41329560e-01],
        ...,
        [-9.89746203e-01, -9.89727431e-01, -9.96100220e-01, ...,
          0.00000000e+00,  5.19246863e-02,  4.19225165e-01],
        [-9.95827814e-01, -9.95815818e-01, -9.99337746e-01, ...,
         -5.19246863e-02,  0.00000000e+00,  3.71518128e-01],
        [-9.58453985e-01, -9.58491448e-01, -9.41329560e-01, ...,
         -4.19225165e-01, -3.71518128e-01,  0.00000000e+00]],

       [[ 0.00000000e+00,  3.84544625e-03, -9.67375907e-03, ...,
          8.95619553e-01,  9.49550636e-01,  8.85362797e-01],
        [-3.84544625e-03,  0.00000000e+00, -1.35189539e-02, ...,
          8.93902396e-01,  9.48337631e-01,  8.83568500e-01],
        [ 9.67375907e-03,  1.35189539e-02,  0.00000000e+00, ...,
          8.99880735e-01,  9.52540029e-01,  8.89818707e-01],
        ...,
        [-8.95619553e-01, -8.93902396e-01, -8.99880735e-01, ...,
          0.00000000e+00,  1.41501337e-01, -2.25463532e-02],
        [-9.49550636e-01, -9.48337631e-01, -9.52540029e-01, ...,
         -1.41501337e-01,  0.00000000e+00, -1.63784860e-01],
        [-8.85362797e-01, -8.83568500e-01, -8.89818707e-01, ...,
          2.25463532e-02,  1.63784860e-01,  0.00000000e+00]]]), 'num': array([ 7.37334813e-01,  6.75455804e-01,  1.07242649e-05,  1.29183734e-04,
        1.31198732e-04,  1.28064291e-04,  9.83365839e-03, -8.95554483e-07,
        1.29273290e-04,  1.26463487e-04,  1.22388715e-04,  1.09145703e-06,
        1.31893006e-04,  1.21033969e-04])}
{'img': array([[[ 0.        , -0.07767131, -0.34798527, ...,  0.7846148 ,
          0.97499811,  0.91448701],
        [ 0.07767131,  0.        , -0.27411716, ...,  0.83039943,
          0.98931225,  0.94315136],
        [ 0.34798527,  0.27411716,  0.        , ...,  0.95132152,
          0.99138763,  0.99813172],
        ...,
        [-0.7846148 , -0.83039943, -0.95132152, ...,  0.        ,
          0.43013109,  0.2494998 ],
        [-0.97499811, -0.98931225, -0.99138763, ..., -0.43013109,
          0.        , -0.19128808],
        [-0.91448701, -0.94315136, -0.99813172, ..., -0.2494998 ,
          0.19128808,  0.        ]],

       [[ 0.        , -0.20533035, -0.14657679, ..., -0.09900518,
          0.06403315, -0.08452952],
        [ 0.20533035,  0.        ,  0.05965901, ...,  0.1074259 ,
          0.26757774,  0.12186704],
        [ 0.14657679, -0.05965901,  0.        , ...,  0.04792079,
          0.20961752,  0.06243564],
        ...,
        [ 0.09900518, -0.1074259 , -0.04792079, ...,  0.        ,
          0.16252055,  0.01453662],
        [-0.06403315, -0.26757774, -0.20961752, ..., -0.16252055,
          0.        , -0.14816002],
        [ 0.08452952, -0.12186704, -0.06243564, ..., -0.01453662,
          0.14816002,  0.        ]],

       [[ 0.        ,  0.01808225,  0.00604189, ...,  0.91616493,
          0.99943494,  0.92871813],
        [-0.01808225,  0.        , -0.01204102, ...,  0.90876775,
          0.99866375,  0.93527094],
        [-0.00604189,  0.01204102,  0.        , ...,  0.91372661,
          0.99921362,  0.93094143],
        ...,
        [-0.91616493, -0.90876775, -0.91372661, ...,  0.        ,
          0.36978053,  0.7119332 ],
        [-0.99943494, -0.99866375, -0.99921362, ..., -0.36978053,
          0.        ,  0.40179342],
        [-0.92871813, -0.93527094, -0.93094143, ..., -0.7119332 ,
         -0.40179342,  0.        ]],

       ...,

       [[ 0.        , -0.4015872 , -0.66980827, ...,  0.08901943,
          0.47562931,  0.05833015],
        [ 0.4015872 ,  0.        , -0.31523215, ...,  0.4815187 ,
          0.78884571,  0.4543234 ],
        [ 0.66980827,  0.31523215,  0.        , ...,  0.73324902,
          0.94236502,  0.71197995],
        ...,
        [-0.08901943, -0.4815187 , -0.73324902, ...,  0.        ,
          0.39543544, -0.03076929],
        [-0.47562931, -0.78884571, -0.94236502, ..., -0.39543544,
          0.        , -0.4235096 ],
        [-0.05833015, -0.4543234 , -0.71197995, ...,  0.03076929,
          0.4235096 ,  0.        ]],

       [[ 0.        , -0.05508699, -0.05135811, ...,  0.99581582,
          0.95849145,  0.99541361],
        [ 0.05508699,  0.        ,  0.00373417, ...,  0.99933775,
          0.94132956,  0.98863224],
        [ 0.05135811, -0.00373417,  0.        , ...,  0.9991949 ,
          0.94258324,  0.9891868 ],
        ...,
        [-0.99581582, -0.99933775, -0.9991949 , ...,  0.        ,
          0.37151813,  0.18622842],
        [-0.95849145, -0.94132956, -0.94258324, ..., -0.37151813,
          0.        , -0.19211971],
        [-0.99541361, -0.98863224, -0.9891868 , ..., -0.18622842,
          0.19211971,  0.        ]],

       [[ 0.        , -0.01351895, -0.0990724 , ...,  0.94833763,
          0.8835685 ,  0.90576599],
        [ 0.01351895,  0.        , -0.0856109 , ...,  0.95254003,
          0.88981871,  0.91141225],
        [ 0.0990724 ,  0.0856109 ,  0.        , ...,  0.97510402,
          0.92561734,  0.94329455],
        ...,
        [-0.94833763, -0.95254003, -0.97510402, ...,  0.        ,
         -0.16378486, -0.1145189 ],
        [-0.8835685 , -0.88981871, -0.92561734, ...,  0.16378486,
          0.        ,  0.04973489],
        [-0.90576599, -0.91141225, -0.94329455, ...,  0.1145189 ,
         -0.04973489,  0.        ]]]), 'num': array([ 7.14843015e-01,  6.99259152e-01,  2.75820593e-06,  1.22707587e-04,
        1.24445039e-04,  1.22707587e-04,  5.99851151e-03, -2.60617883e-06,
        1.24531912e-04,  1.22555560e-04,  1.18827276e-04,  1.19296918e-06,
        1.27704366e-04,  1.17406753e-04])}
{'img': array([[[ 0.        , -0.27411716, -0.39208022, ...,  0.98931225,
          0.94315136,  0.73677722],
        [ 0.27411716,  0.        , -0.12489321, ...,  0.99138763,
          0.99813172,  0.8938963 ],
        [ 0.39208022,  0.12489321,  0.        , ...,  0.96726922,
          0.99794737,  0.94288362],
        ...,
        [-0.98931225, -0.99138763, -0.96726922, ...,  0.        ,
         -0.19128808, -0.56147792],
        [-0.94315136, -0.99813172, -0.99794737, ...,  0.19128808,
          0.        , -0.39282032],
        [-0.73677722, -0.8938963 , -0.94288362, ...,  0.56147792,
          0.39282032,  0.        ]],

       [[ 0.        ,  0.05965901, -0.06656703, ...,  0.26757774,
          0.12186704,  0.00535025],
        [-0.05965901,  0.        , -0.12597514, ...,  0.20961752,
          0.06243564, -0.05431743],
        [ 0.06656703,  0.12597514,  0.        , ...,  0.331124  ,
          0.1876676 ,  0.07190446],
        ...,
        [-0.26757774, -0.20961752, -0.331124  , ...,  0.        ,
         -0.14816002, -0.26241875],
        [-0.12186704, -0.06243564, -0.1876676 , ...,  0.14816002,
          0.        , -0.11655492],
        [-0.00535025,  0.05431743, -0.07190446, ...,  0.26241875,
          0.11655492,  0.        ]],

       [[ 0.        , -0.01204102, -0.04238766, ...,  0.99866375,
          0.93527094,  0.99318341],
        [ 0.01204102,  0.        , -0.03035439, ...,  0.99921362,
          0.93094143,  0.99451493],
        [ 0.04238766,  0.03035439,  0.        , ...,  0.99995674,
          0.91942798,  0.99723157],
        ...,
        [-0.99866375, -0.99921362, -0.99995674, ...,  0.        ,
          0.40179342, -0.06507972],
        [-0.93527094, -0.93094143, -0.91942798, ..., -0.40179342,
          0.        , -0.46053711],
        [-0.99318341, -0.99451493, -0.99723157, ...,  0.06507972,
          0.46053711,  0.        ]],

       ...,

       [[ 0.        , -0.31523215, -0.31523215, ...,  0.78884571,
          0.4543234 ,  0.66269841],
        [ 0.31523215,  0.        ,  0.        , ...,  0.94236502,
          0.71197995,  0.86498353],
        [ 0.31523215,  0.        ,  0.        , ...,  0.94236502,
          0.71197995,  0.86498353],
        ...,
        [-0.78884571, -0.94236502, -0.94236502, ...,  0.        ,
         -0.4235096 , -0.18346715],
        [-0.4543234 , -0.71197995, -0.71197995, ...,  0.4235096 ,
          0.        ,  0.25011954],
        [-0.66269841, -0.86498353, -0.86498353, ...,  0.18346715,
         -0.25011954,  0.        ]],

       [[ 0.        ,  0.00373417,  0.00810176, ...,  0.94132956,
          0.98863224,  0.99998121],
        [-0.00373417,  0.        ,  0.00436766, ...,  0.94258324,
          0.9891868 ,  0.99995134],
        [-0.00810176, -0.00436766,  0.        , ...,  0.94403292,
          0.98981793,  0.99989872],
        ...,
        [-0.94132956, -0.94258324, -0.94403292, ...,  0.        ,
         -0.19211971, -0.34325321],
        [-0.98863224, -0.9891868 , -0.98981793, ...,  0.19211971,
          0.        , -0.15641184],
        [-0.99998121, -0.99995134, -0.99989872, ...,  0.34325321,
          0.15641184,  0.        ]],

       [[ 0.        , -0.0856109 , -0.18827461, ...,  0.88981871,
          0.91141225,  0.91055006],
        [ 0.0856109 ,  0.        , -0.10350351, ...,  0.92561734,
          0.94329455,  0.94259855],
        [ 0.18827461,  0.10350351,  0.        , ...,  0.95981795,
          0.9725869 ,  0.97209867],
        ...,
        [-0.88981871, -0.92561734, -0.95981795, ...,  0.        ,
          0.04973489,  0.04764692],
        [-0.91141225, -0.94329455, -0.9725869 , ..., -0.04973489,
          0.        , -0.00209044],
        [-0.91055006, -0.94259855, -0.97209867, ..., -0.04764692,
          0.00209044,  0.        ]]]), 'num': array([7.12834335e-01, 7.01295964e-01, 2.01367717e-06, 1.24068497e-04,
       1.25584168e-04, 1.22985874e-04, 7.14569583e-03, 1.73219541e-06,
       1.24111801e-04, 1.22228039e-04, 1.18612081e-04, 1.22892242e-06,
       1.27409265e-04, 1.17046813e-04])}
{'img': array([[[ 0.        , -0.12489321, -0.26258269, ...,  0.99813172,
          0.8938963 ,  0.97739382],
        [ 0.12489321,  0.        , -0.14001607, ...,  0.99794737,
          0.94288362,  0.99614679],
        [ 0.26258269,  0.14001607,  0.        , ...,  0.97915026,
          0.98023797,  0.99861361],
        ...,
        [-0.99813172, -0.99794737, -0.97915026, ...,  0.        ,
         -0.39282032, -0.15131427],
        [-0.8938963 , -0.94288362, -0.98023797, ...,  0.39282032,
          0.        ,  0.24914636],
        [-0.97739382, -0.99614679, -0.99861361, ...,  0.15131427,
         -0.24914636,  0.        ]],

       [[ 0.        , -0.12597514, -0.11371062, ...,  0.06243564,
         -0.05431743, -0.01149484],
        [ 0.12597514,  0.        ,  0.01235332, ...,  0.1876676 ,
          0.07190446,  0.11456355],
        [ 0.11371062, -0.01235332,  0.        , ...,  0.17551945,
          0.05957763,  0.10228282],
        ...,
        [-0.06243564, -0.1876676 , -0.17551945, ...,  0.        ,
         -0.11655492, -0.07390393],
        [ 0.05431743, -0.07190446, -0.05957763, ...,  0.11655492,
          0.        ,  0.04283597],
        [ 0.01149484, -0.11456355, -0.10228282, ...,  0.07390393,
         -0.04283597,  0.        ]],

       [[ 0.        , -0.03035439, -0.11105133, ...,  0.93094143,
          0.99451493,  0.99318135],
        [ 0.03035439,  0.        , -0.08083352, ...,  0.91942798,
          0.99723157,  0.9962624 ],
        [ 0.11105133,  0.08083352,  0.        , ...,  0.8846308 ,
          0.99997891,  0.99998452],
        ...,
        [-0.93094143, -0.91942798, -0.8846308 , ...,  0.        ,
         -0.46053711, -0.47120734],
        [-0.99451493, -0.99723157, -0.99997891, ...,  0.46053711,
          0.        , -0.01205861],
        [-0.99318135, -0.9962624 , -0.99998452, ...,  0.47120734,
          0.01205861,  0.        ]],

       ...,

       [[ 0.        ,  0.        ,  0.04482683, ...,  0.71197995,
          0.86498353,  0.90142496],
        [ 0.        ,  0.        ,  0.04482683, ...,  0.71197995,
          0.86498353,  0.90142496],
        [-0.04482683, -0.04482683,  0.        , ...,  0.67978685,
          0.84161991,  0.8811117 ],
        ...,
        [-0.71197995, -0.71197995, -0.67978685, ...,  0.        ,
          0.25011954,  0.32473912],
        [-0.86498353, -0.86498353, -0.84161991, ..., -0.25011954,
          0.        ,  0.07785331],
        [-0.90142496, -0.90142496, -0.8811117 , ..., -0.32473912,
         -0.07785331,  0.        ]],

       [[ 0.        ,  0.00436766,  0.05137023, ...,  0.9891868 ,
          0.99995134,  0.99915863],
        [-0.00436766,  0.        ,  0.04700784, ...,  0.98981793,
          0.99989872,  0.99932822],
        [-0.05137023, -0.04700784,  0.        , ...,  0.99541477,
          0.99812434,  0.99994625],
        ...,
        [-0.9891868 , -0.98981793, -0.99541477, ...,  0.        ,
         -0.15641184, -0.1059685 ],
        [-0.99995134, -0.99989872, -0.99812434, ...,  0.15641184,
          0.        ,  0.05086693],
