state_0,state_1,state_2,state_3,state_4,state_5,state_6,state_7,state_8,state_9,state_10,state_11,state_12,state_13,state_14,state_15,state_16,state_17,state_18,state_19,state_20,state_21,state_22,state_23,state_24,state_25,state_26,state_27,state_28,state_29,state_30,state_31,state_32,state_33,state_34,state_35,state_36,state_37,state_38,state_39,state_40,state_41,state_42,state_43,state_44,state_45,state_46,state_47,state_48,state_49,state_50,state_51,state_52,state_53,state_54,state_55,state_56,state_57,state_58,state_59,state_60,state_61,state_62,state_63,state_64,state_65,state_66,state_67,state_68,state_69,state_70,state_71,state_72,state_73,state_74,state_75,state_76,state_77,state_78,state_79,state_80,state_81,state_82,state_83,state_84,state_85,state_86,state_87,state_88,state_89,state_90,state_91,state_92,state_93,state_94,state_95,state_96,state_97,state_98,state_99,state_100,state_101,state_102,state_103,state_104,state_105,state_106,state_107,state_108,state_109,state_110,state_111,state_112,state_113,state_114,state_115,state_116,state_117,state_118,state_119,state_120,state_121,state_122,state_123,state_124,state_125,state_126,state_127,state_128,state_129,state_130,state_131,state_132,state_133,state_134,state_135,state_136,state_137,state_138,state_139,state_140,state_141,state_142,state_143,state_144,state_145,state_146,state_147,state_148,state_149,state_150,state_151,state_152,state_153,state_154,state_155,state_156,state_157,state_158,state_159,state_160,state_161,state_162,state_163,state_164,state_165,state_166,state_167,state_168,state_169,state_170,state_171,state_172,state_173,state_174,state_175,state_176,state_177,state_178,state_179,state_180,state_181,state_182,state_183,state_184,state_185,state_186,state_187,state_188,state_189,state_190,state_191,state_192,state_193,state_194,state_195,state_196,state_197,state_198,state_199,state_200,state_201,state_202,state_203,state_204,state_205,state_206,state_207,state_208,state_209,state_210,state_211,state_212,state_213,state_214,state_215,state_216,state_217,state_218,state_219,state_220,state_221,state_222,state_223,state_224,state_225,state_226,state_227,state_228,state_229,state_230,state_231,state_232,state_233,state_234,state_235,state_236,state_237,state_238,state_239,state_240,state_241,state_242,state_243,state_244,state_245,state_246,state_247,state_248,state_249,state_250,state_251,state_252,state_253,state_254,state_255,state_256,state_257,state_258,state_259,state_260,state_261,state_262,state_263,state_264,state_265,state_266,state_267,state_268,state_269,state_270,state_271,state_272,state_273,state_274,state_275,state_276,state_277,state_278,state_279,state_280,state_281,state_282,state_283,state_284,state_285,state_286,state_287
{'img': array([[[ 0.        , -0.01075597,  0.01087875, ..., -0.7441528 ,
         -0.70296323, -0.69763301],
        [ 0.01075597,  0.        ,  0.02163345, ..., -0.73692466,
         -0.69527264, -0.68988649],
        [-0.01087875, -0.02163345,  0.        , ..., -0.75137587,
         -0.71065888, -0.70538587],
        ...,
        [ 0.7441528 ,  0.73692466,  0.75137587, ...,  0.        ,
          0.05967489,  0.06712676],
        [ 0.70296323,  0.69527264,  0.71065888, ..., -0.05967489,
          0.        ,  0.00746685],
        [ 0.69763301,  0.68988649,  0.70538587, ..., -0.06712676,
         -0.00746685,  0.        ]],

       [[ 0.        , -0.22899583, -0.2167006 , ..., -0.37911805,
         -0.74565969, -0.55445791],
        [ 0.22899583,  0.        ,  0.01261215, ..., -0.15714299,
         -0.57325948, -0.3491515 ],
        [ 0.2167006 , -0.01261215,  0.        , ..., -0.16958595,
         -0.58354795, -0.36094216],
        ...,
        [ 0.37911805,  0.15714299,  0.16958595, ...,  0.        ,
         -0.43737836, -0.19756019],
        [ 0.74565969,  0.57325948,  0.58354795, ...,  0.43737836,
          0.        ,  0.25109651],
        [ 0.55445791,  0.3491515 ,  0.36094216, ...,  0.19756019,
         -0.25109651,  0.        ]],

       [[ 0.        , -0.26220993, -0.36712089, ..., -0.99923677,
         -0.99923677, -0.99959254],
        [ 0.26220993,  0.        , -0.11037499, ..., -0.95403179,
         -0.95403179, -0.95713311],
        [ 0.36712089,  0.11037499,  0.        , ..., -0.91512268,
         -0.91512268, -0.91931511],
        ...,
        [ 0.99923677,  0.95403179,  0.91512268, ...,  0.        ,
          0.        , -0.01052421],
        [ 0.99923677,  0.95403179,  0.91512268, ...,  0.        ,
          0.        , -0.01052421],
        [ 0.99959254,  0.95713311,  0.91931511, ...,  0.01052421,
          0.01052421,  0.        ]],

       ...,

       [[ 0.        , -0.00407918,  0.15305219, ...,  0.80284341,
          0.70808841,  0.99757395],
        [ 0.00407918,  0.        ,  0.15708203, ...,  0.80040476,
          0.70520211,  0.99784962],
        [-0.15305219, -0.15708203,  0.        , ...,  0.88463257,
          0.80781958,  0.97516594],
        ...,
        [-0.80284341, -0.80040476, -0.88463257, ...,  0.        ,
          0.14475164, -0.65063335],
        [-0.70808841, -0.70520211, -0.80781958, ..., -0.14475164,
          0.        , -0.75370414],
        [-0.99757395, -0.99784962, -0.97516594, ...,  0.65063335,
          0.75370414,  0.        ]],

       [[ 0.        , -0.17568911, -0.28806819, ..., -0.63471243,
         -0.65551775, -0.67474741],
        [ 0.17568911,  0.        , -0.11534586, ..., -0.76060341,
         -0.77799849, -0.79391931],
        [ 0.28806819,  0.11534586,  0.        , ..., -0.83041115,
         -0.84527356, -0.85875316],
        ...,
        [ 0.63471243,  0.76060341,  0.83041115, ...,  0.        ,
          0.02722833,  0.05296129],
        [ 0.65551775,  0.77799849,  0.84527356, ..., -0.02722833,
          0.        ,  0.02575154],
        [ 0.67474741,  0.79391931,  0.85875316, ..., -0.05296129,
         -0.02575154,  0.        ]],

       [[ 0.        , -0.4066111 , -0.53549201, ..., -0.91918143,
         -0.92621419, -0.927985  ],
        [ 0.4066111 ,  0.        , -0.14582676, ..., -0.99990281,
         -0.99948198, -0.99931877],
        [ 0.53549201,  0.14582676,  0.        , ..., -0.98718091,
         -0.98410446, -0.98325444],
        ...,
        [ 0.91918143,  0.99990281,  0.98718091, ...,  0.        ,
          0.01824569,  0.02296925],
        [ 0.92621419,  0.99948198,  0.98410446, ..., -0.01824569,
          0.        ,  0.00472455],
        [ 0.927985  ,  0.99931877,  0.98325444, ..., -0.02296925,
         -0.00472455,  0.        ]]]), 'num': array([ 7.45440552e-01,  6.66571688e-01,  1.85792377e-05,  1.32775865e-04,
        1.33557820e-04,  1.31837520e-04,  6.52306400e-04, -1.25112712e-06,
        1.33370150e-04,  1.31172858e-04,  1.37574459e-04,  1.68193975e-06,
        1.39076944e-04,  1.23268773e-04])}
{'img': array([[[ 0.        ,  0.02163345,  0.27488133, ..., -0.69527264,
         -0.68988649, -0.73185785],
        [-0.02163345,  0.        ,  0.25401691, ..., -0.71065888,
         -0.70538587, -0.74642885],
        [-0.27488133, -0.25401691,  0.        , ..., -0.86605934,
         -0.86230221, -0.89098524],
        ...,
        [ 0.69527264,  0.71065888,  0.86605934, ...,  0.        ,
          0.00746685, -0.05222135],
        [ 0.68988649,  0.70538587,  0.86230221, ..., -0.00746685,
          0.        , -0.05967655],
        [ 0.73185785,  0.74642885,  0.89098524, ...,  0.05222135,
          0.05967655,  0.        ]],

       [[ 0.        ,  0.01261215,  0.18146112, ..., -0.57325948,
         -0.3491515 , -0.52008056],
        [-0.01261215,  0.        ,  0.16904392, ..., -0.58354795,
         -0.36094216, -0.53081145],
        [-0.18146112, -0.16904392,  0.        , ..., -0.7124268 ,
         -0.51339603, -0.66643531],
        ...,
        [ 0.57325948,  0.58354795,  0.7124268 , ...,  0.        ,
          0.25109651,  0.06349036],
        [ 0.3491515 ,  0.36094216,  0.51339603, ..., -0.25109651,
          0.        , -0.18913365],
        [ 0.52008056,  0.53081145,  0.66643531, ..., -0.06349036,
          0.18913365,  0.        ]],

       [[ 0.        , -0.11037499, -0.11963786, ..., -0.95403179,
         -0.95713311, -0.95834667],
        [ 0.11037499,  0.        , -0.00932465, ..., -0.91512268,
         -0.91931511, -0.92096726],
        [ 0.11963786,  0.00932465,  0.        , ..., -0.91132343,
         -0.91560568, -0.91729397],
        ...,
        [ 0.95403179,  0.91512268,  0.91132343, ...,  0.        ,
         -0.01052421, -0.01474305],
        [ 0.95713311,  0.91931511,  0.91560568, ...,  0.01052421,
          0.        , -0.00421918],
        [ 0.95834667,  0.92096726,  0.91729397, ...,  0.01474305,
          0.00421918,  0.        ]],

       ...,

       [[ 0.        ,  0.15708203,  0.4941671 , ...,  0.70520211,
          0.99784962,  0.94560914],
        [-0.15708203,  0.        ,  0.35147037, ...,  0.80781958,
          0.97516594,  0.88277036],
        [-0.4941671 , -0.35147037,  0.        , ...,  0.96344701,
          0.83510731,  0.66132629],
        ...,
        [-0.70520211, -0.80781958, -0.96344701, ...,  0.        ,
         -0.75370414, -0.89984865],
        [-0.99784962, -0.97516594, -0.83510731, ...,  0.75370414,
          0.        , -0.26262558],
        [-0.94560914, -0.88277036, -0.66132629, ...,  0.89984865,
          0.26262558,  0.        ]],

       [[ 0.        , -0.23099956, -0.41453955, ..., -0.65772191,
         -0.67698639, -0.6864235 ],
        [ 0.23099956,  0.        , -0.19311103, ..., -0.81393599,
         -0.82869116, -0.83584174],
        [ 0.41453955,  0.19311103,  0.        , ..., -0.91080393,
         -0.92117806, -0.92612087],
        ...,
        [ 0.65772191,  0.81393599,  0.91080393, ...,  0.        ,
          0.02586695,  0.03875924],
        [ 0.67698639,  0.82869116,  0.92117806, ..., -0.02586695,
          0.        ,  0.01289876],
        [ 0.6864235 ,  0.83584174,  0.92612087, ..., -0.03875924,
         -0.01289876,  0.        ]],

       [[ 0.        , -0.18220947, -0.22682939, ..., -0.99766876,
         -0.99798467, -0.998885  ],
        [ 0.18220947,  0.        , -0.04557212, ..., -0.99340196,
         -0.99284033, -0.99076545],
        [ 0.22682939,  0.04557212,  0.        , ..., -0.98714344,
         -0.98636527, -0.98355711],
        ...,
        [ 0.99766876,  0.99340196,  0.98714344, ...,  0.        ,
          0.00479748,  0.02106682],
        [ 0.99798467,  0.99284033,  0.98636527, ..., -0.00479748,
          0.        ,  0.01627016],
        [ 0.998885  ,  0.99076545,  0.98355711, ..., -0.02106682,
         -0.01627016,  0.        ]]]), 'num': array([ 7.07106717e-01,  7.07106717e-01,  0.00000000e+00,  6.60381603e-05,
        6.63496611e-05,  6.54151588e-05,  3.83644331e-04, -7.78751891e-08,
        6.63185110e-05,  6.55047153e-05,  6.83757139e-05,  8.53631880e-07,
        6.91971081e-05,  6.18123225e-05])}
{'img': array([[[ 0.        ,  0.25401691,  0.54594577, ..., -0.70538587,
         -0.74642885, -0.75137587],
        [-0.25401691,  0.        ,  0.31521805, ..., -0.86230221,
         -0.89098524, -0.89434984],
        [-0.54594577, -0.31521805,  0.        , ..., -0.97796595,
         -0.98868133, -0.98977379],
        ...,
        [ 0.70538587,  0.86230221,  0.97796595, ...,  0.        ,
         -0.05967655, -0.06712676],
        [ 0.74642885,  0.89098524,  0.98868133, ...,  0.05967655,
          0.        , -0.00746518],
        [ 0.75137587,  0.89434984,  0.98977379, ...,  0.06712676,
          0.00746518,  0.        ]],

       [[ 0.        ,  0.16904392,  0.3381263 , ..., -0.36094216,
         -0.53081145, -0.45242457],
        [-0.16904392,  0.        ,  0.1741728 , ..., -0.51339603,
         -0.66643531, -0.59666733],
        [-0.3381263 , -0.1741728 ,  0.        , ..., -0.65501553,
         -0.78610569, -0.72731903],
        ...,
        [ 0.36094216,  0.51339603,  0.65501553, ...,  0.        ,
         -0.18913365, -0.10003664],
        [ 0.53081145,  0.66643531,  0.78610569, ...,  0.18913365,
          0.        ,  0.0899538 ],
        [ 0.45242457,  0.59666733,  0.72731903, ...,  0.10003664,
         -0.0899538 ,  0.        ]],

       [[ 0.        , -0.00932465,  0.03510949, ..., -0.91931511,
         -0.92096726, -0.92583794],
        [ 0.00932465,  0.        ,  0.04442686, ..., -0.91560568,
         -0.91729397, -0.92227371],
        [-0.03510949, -0.04442686,  0.        , ..., -0.93256469,
         -0.93407952, -0.93853574],
        ...,
        [ 0.91931511,  0.91560568,  0.93256469, ...,  0.        ,
         -0.00421918, -0.01690953],
        [ 0.92096726,  0.91729397,  0.93407952, ...,  0.00421918,
          0.        , -0.0126908 ],
        [ 0.92583794,  0.92227371,  0.93853574, ...,  0.01690953,
          0.0126908 ,  0.        ]],

       ...,

       [[ 0.        ,  0.35147037,  0.58441866, ...,  0.97516594,
          0.88277036,  0.89820361],
        [-0.35147037,  0.        ,  0.26193073, ...,  0.83510731,
          0.66132629,  0.6863981 ],
        [-0.58441866, -0.26193073,  0.        , ...,  0.66186623,
          0.44176338,  0.47195082],
        ...,
        [-0.97516594, -0.83510731, -0.66186623, ...,  0.        ,
         -0.26262558, -0.22973303],
        [-0.88277036, -0.66132629, -0.44176338, ...,  0.26262558,
          0.        ,  0.03393242],
        [-0.89820361, -0.6863981 , -0.47195082, ...,  0.22973303,
         -0.03393242,  0.        ]],

       [[ 0.        , -0.35142811, -0.50368455, ..., -0.68089996,
         -0.69036381, -0.68382517],
        [ 0.35142811,  0.        , -0.16796257, ..., -0.89484633,
         -0.90057388, -0.89662537],
        [ 0.50368455,  0.16796257,  0.        , ..., -0.95710776,
         -0.96079359, -0.95825949],
        ...,
        [ 0.68089996,  0.89484633,  0.95710776, ...,  0.        ,
          0.01300068,  0.00400159],
        [ 0.69036381,  0.90057388,  0.96079359, ..., -0.01300068,
          0.        , -0.00899933],
        [ 0.68382517,  0.89662537,  0.95825949, ..., -0.00400159,
          0.00899933,  0.        ]],

       [[ 0.        , -0.04557212, -0.04402097, ..., -0.99284033,
         -0.99076545, -0.98312269],
        [ 0.04557212,  0.        ,  0.0015527 , ..., -0.98636527,
         -0.98355711, -0.97376398],
        [ 0.04402097, -0.0015527 ,  0.        , ..., -0.98661961,
         -0.98383634, -0.97411614],
        ...,
        [ 0.99284033,  0.98636527,  0.98661961, ...,  0.        ,
          0.01627016,  0.0642045 ],
        [ 0.99076545,  0.98355711,  0.98383634, ..., -0.01627016,
          0.        ,  0.04795941],
        [ 0.98312269,  0.97376398,  0.97411614, ..., -0.0642045 ,
         -0.04795941,  0.        ]]]), 'num': array([7.07106517e-01, 7.07106517e-01, 0.00000000e+00, 6.75177699e-05,
       6.75177699e-05, 6.53372652e-05, 8.43107709e-04, 1.47962818e-06,
       6.66144179e-05, 6.57733661e-05, 6.82679673e-05, 8.25476771e-07,
       6.92225943e-05, 6.23241379e-05])}
{'img': array([[[ 0.        ,  0.31521805, -0.07369015, ..., -0.89098524,
         -0.89434984, -0.82201771],
        [-0.31521805,  0.        , -0.38429441, ..., -0.98868133,
         -0.98977379, -0.95961533],
        [ 0.07369015,  0.38429441,  0.        , ..., -0.8551051 ,
         -0.85895163, -0.77781906],
        ...,
        [ 0.89098524,  0.98868133,  0.8551051 , ...,  0.        ,
         -0.00746518,  0.13415959],
        [ 0.89434984,  0.98977379,  0.85895163, ...,  0.00746518,
          0.        ,  0.14155355],
        [ 0.82201771,  0.95961533,  0.77781906, ..., -0.13415959,
         -0.14155355,  0.        ]],

       [[ 0.        ,  0.1741728 , -0.14787113, ..., -0.66643531,
         -0.59666733, -0.36192546],
        [-0.1741728 ,  0.        , -0.31786899, ..., -0.78610569,
         -0.72731903, -0.51875858],
        [ 0.14787113,  0.31786899,  0.        , ..., -0.54886172,
         -0.47144304, -0.22010018],
        ...,
        [ 0.66643531,  0.78610569,  0.54886172, ...,  0.        ,
          0.0899538 ,  0.3514175 ],
        [ 0.59666733,  0.72731903,  0.47144304, ..., -0.0899538 ,
          0.        ,  0.26577639],
        [ 0.36192546,  0.51875858,  0.22010018, ..., -0.3514175 ,
         -0.26577639,  0.        ]],

       [[ 0.        ,  0.04442686,  0.09837978, ..., -0.91729397,
         -0.92227371, -0.90606962],
        [-0.04442686,  0.        ,  0.05407131, ..., -0.93407952,
         -0.93853574, -0.92397328],
        [-0.09837978, -0.05407131,  0.        , ..., -0.95202001,
         -0.95582718, -0.94330153],
        ...,
        [ 0.91729397,  0.93407952,  0.95202001, ...,  0.        ,
         -0.0126908 ,  0.02732671],
        [ 0.92227371,  0.93853574,  0.95582718, ...,  0.0126908 ,
          0.        ,  0.04001057],
        [ 0.90606962,  0.92397328,  0.94330153, ..., -0.02732671,
         -0.04001057,  0.        ]],

       ...,

       [[ 0.        ,  0.26193073,  0.08998253, ...,  0.66132629,
          0.6863981 ,  0.64234934],
        [-0.26193073,  0.        , -0.17402723, ...,  0.44176338,
          0.47195082,  0.41917594],
        [-0.08998253,  0.17402723,  0.        , ...,  0.59114777,
          0.61817599,  0.57077986],
        ...,
        [-0.66132629, -0.44176338, -0.59114777, ...,  0.        ,
          0.03393242, -0.02502321],
        [-0.6863981 , -0.47195082, -0.61817599, ..., -0.03393242,
          0.        , -0.05893059],
        [-0.64234934, -0.41917594, -0.57077986, ...,  0.02502321,
          0.05893059,  0.        ]],

       [[ 0.        , -0.37926014, -0.47111412, ..., -0.6997862 ,
         -0.69320594, -0.69618807],
        [ 0.37926014,  0.        , -0.10138238, ..., -0.91843061,
         -0.91476438, -0.91643139],
        [ 0.47111412,  0.10138238,  0.        , ..., -0.95380348,
         -0.95100832, -0.95228191],
        ...,
        [ 0.6997862 ,  0.91843061,  0.95380348, ...,  0.        ,
         -0.00917031, -0.00502454],
        [ 0.69320594,  0.91476438,  0.95100832, ...,  0.00917031,
          0.        ,  0.00414586],
        [ 0.69618807,  0.91643139,  0.95228191, ...,  0.00502454,
         -0.00414586,  0.        ]],

       [[ 0.        ,  0.0015527 , -0.05101939, ..., -0.98355711,
         -0.97376398, -0.9594596 ],
        [-0.0015527 ,  0.        , -0.05257001, ..., -0.98383634,
         -0.97411614, -0.95989606],
        [ 0.05101939,  0.05257001,  0.        , ..., -0.97306222,
         -0.96088582, -0.94383044],
        ...,
        [ 0.98355711,  0.98383634,  0.97306222, ...,  0.        ,
          0.04795941,  0.10393597],
        [ 0.97376398,  0.97411614,  0.96088582, ..., -0.04795941,
          0.        ,  0.05611671],
        [ 0.9594596 ,  0.95989606,  0.94383044, ..., -0.10393597,
         -0.05611671,  0.        ]]]), 'num': array([7.50342382e-01, 6.61048306e-01, 2.04802928e-05, 7.20113519e-05,
       7.20113519e-05, 7.06900427e-05, 1.18602366e-03, 4.12909128e-07,
       7.09047555e-05, 7.01284863e-05, 7.22590974e-05, 9.57949177e-07,
       7.29804183e-05, 6.72765543e-05])}
{'img': array([[[ 0.        , -0.38429441, -0.28423013, ..., -0.98977379,
         -0.95961533, -0.94835002],
        [ 0.38429441,  0.        ,  0.10604034, ..., -0.85895163,
         -0.77781906, -0.75361867],
        [ 0.28423013, -0.10604034,  0.        , ..., -0.90840739,
         -0.84007869, -0.81907121],
        ...,
        [ 0.98977379,  0.85895163,  0.90840739, ...,  0.        ,
          0.14155355,  0.1787036 ],
        [ 0.95961533,  0.77781906,  0.84007869, ..., -0.14155355,
          0.        ,  0.03762921],
        [ 0.94835002,  0.75361867,  0.81907121, ..., -0.1787036 ,
         -0.03762921,  0.        ]],

       [[ 0.        , -0.31786899, -0.37800318, ..., -0.72731903,
         -0.51875858, -0.43052467],
        [ 0.31786899,  0.        , -0.06411344, ..., -0.47144304,
         -0.22010018, -0.12129354],
        [ 0.37800318,  0.06411344,  0.        , ..., -0.41393168,
         -0.15710615, -0.05740392],
        ...,
        [ 0.72731903,  0.47144304,  0.41393168, ...,  0.        ,
          0.26577639,  0.36099388],
        [ 0.51875858,  0.22010018,  0.15710615, ..., -0.26577639,
          0.        ,  0.10015602],
        [ 0.43052467,  0.12129354,  0.05740392, ..., -0.36099388,
         -0.10015602,  0.        ]],

       [[ 0.        ,  0.05407131,  0.14373922, ..., -0.93853574,
         -0.92397328, -0.91070526],
        [-0.05407131,  0.        ,  0.09001913, ..., -0.95582718,
         -0.94330153, -0.93170749],
        [-0.14373922, -0.09001913,  0.        , ..., -0.97840581,
         -0.96935245, -0.96062059],
        ...,
        [ 0.93853574,  0.95582718,  0.97840581, ...,  0.        ,
          0.04001057,  0.07330945],
        [ 0.92397328,  0.94330153,  0.96935245, ..., -0.04001057,
          0.        ,  0.03334784],
        [ 0.91070526,  0.93170749,  0.96062059, ..., -0.07330945,
         -0.03334784,  0.        ]],

       ...,

       [[ 0.        , -0.17402723, -0.28785177, ...,  0.47195082,
          0.41917594,  0.565086  ],
        [ 0.17402723,  0.        , -0.11679787, ...,  0.61817599,
          0.57077986,  0.7000413 ],
        [ 0.28785177,  0.11679787,  0.        , ...,  0.70575278,
          0.66277638,  0.77865565],
        ...,
        [-0.47195082, -0.61817599, -0.70575278, ...,  0.        ,
         -0.05893059,  0.10881934],
        [-0.41917594, -0.57077986, -0.66277638, ...,  0.05893059,
          0.        ,  0.16721086],
        [-0.565086  , -0.7000413 , -0.77865565, ..., -0.10881934,
         -0.16721086,  0.        ]],

       [[ 0.        , -0.13238995, -0.27451647, ..., -0.86542721,
         -0.86752055, -0.83154885],
        [ 0.13238995,  0.        , -0.14479626, ..., -0.92414142,
         -0.92573532, -0.89776553],
        [ 0.27451647,  0.14479626,  0.        , ..., -0.96972184,
         -0.97073735, -0.95208336],
        ...,
        [ 0.86542721,  0.92414142,  0.96972184, ...,  0.        ,
          0.00419321, -0.06406815],
        [ 0.86752055,  0.92573532,  0.97073735, ..., -0.00419321,
          0.        , -0.06825218],
        [ 0.83154885,  0.89776553,  0.95208336, ...,  0.06406815,
          0.06825218,  0.        ]],

       [[ 0.        , -0.05257001, -0.06375525, ..., -0.97411614,
         -0.95989606, -0.91935877],
        [ 0.05257001,  0.        , -0.01120403, ..., -0.96088582,
         -0.94383044, -0.89740542],
        [ 0.06375525,  0.01120403,  0.        , ..., -0.95772261,
         -0.94006905, -0.8924058 ],
        ...,
        [ 0.97411614,  0.96088582,  0.95772261, ...,  0.        ,
          0.05611671,  0.17541764],
        [ 0.95989606,  0.94383044,  0.94006905, ..., -0.05611671,
          0.        ,  0.11989465],
        [ 0.91935877,  0.89740542,  0.8924058 , ..., -0.17541764,
         -0.11989465,  0.        ]]]), 'num': array([7.50342513e-01, 6.61048421e-01, 2.04802963e-05, 7.20113645e-05,
       7.27546010e-05, 7.09378005e-05, 1.02883760e-03, 0.00000000e+00,
       7.11525133e-05, 7.04836004e-05, 7.21049572e-05, 1.14041589e-06,
       7.21836635e-05, 6.87835374e-05])}
{'img': array([[[ 0.        ,  0.10604034,  0.10604034, ..., -0.77781906,
         -0.75361867, -0.75361867],
        [-0.10604034,  0.        ,  0.        , ..., -0.84007869,
         -0.81907121, -0.81907121],
        [-0.10604034,  0.        ,  0.        , ..., -0.84007869,
         -0.81907121, -0.81907121],
        ...,
        [ 0.77781906,  0.84007869,  0.84007869, ...,  0.        ,
          0.03762921,  0.03762921],
        [ 0.75361867,  0.81907121,  0.81907121, ..., -0.03762921,
          0.        ,  0.        ],
        [ 0.75361867,  0.81907121,  0.81907121, ..., -0.03762921,
          0.        ,  0.        ]],

       [[ 0.        , -0.06411344, -0.09482381, ..., -0.22010018,
         -0.12129354, -0.17228294],
        [ 0.06411344,  0.        , -0.03080417, ..., -0.15710615,
         -0.05740392, -0.1087737 ],
        [ 0.09482381,  0.03080417,  0.        , ..., -0.12660995,
         -0.0266233 , -0.07810069],
        ...,
        [ 0.22010018,  0.15710615,  0.12660995, ...,  0.        ,
          0.10015602,  0.04875104],
        [ 0.12129354,  0.05740392,  0.0266233 , ..., -0.10015602,
          0.        , -0.05153102],
        [ 0.17228294,  0.1087737 ,  0.07810069, ..., -0.04875104,
          0.05153102,  0.        ]],

       [[ 0.        ,  0.09001913,  0.1864303 , ..., -0.94330153,
         -0.93170749, -0.91999313],
        [-0.09001913,  0.        ,  0.09723246, ..., -0.96935245,
         -0.96062059, -0.95153959],
        [-0.1864303 , -0.09723246,  0.        , ..., -0.98864687,
         -0.98308623, -0.97693245],
        ...,
        [ 0.94330153,  0.96935245,  0.98864687, ...,  0.        ,
          0.03334784,  0.06433257],
        [ 0.93170749,  0.96062059,  0.98308623, ..., -0.03334784,
          0.        ,  0.03101803],
        [ 0.91999313,  0.95153959,  0.97693245, ..., -0.06433257,
         -0.03101803,  0.        ]],

       ...,

       [[ 0.        , -0.11679787, -0.06956784, ...,  0.57077986,
          0.7000413 ,  0.95341557],
        [ 0.11679787,  0.        ,  0.04742321, ...,  0.66277638,
          0.77865565,  0.98212336],
        [ 0.06956784, -0.04742321,  0.        , ...,  0.62651936,
          0.74802381,  0.97209149],
        ...,
        [-0.57077986, -0.66277638, -0.62651936, ...,  0.        ,
          0.16721086,  0.61067106],
        [-0.7000413 , -0.77865565, -0.74802381, ..., -0.16721086,
          0.        ,  0.46966185],
        [-0.95341557, -0.98212336, -0.97209149, ..., -0.61067106,
         -0.46966185,  0.        ]],

       [[ 0.        , -0.14479626, -0.27646931, ..., -0.92573532,
         -0.89776553, -0.82436028],
        [ 0.14479626,  0.        , -0.13440324, ..., -0.97073735,
         -0.95208336, -0.89763691],
        [ 0.27646931,  0.13440324,  0.        , ..., -0.99420567,
         -0.98455055, -0.94872871],
        ...,
        [ 0.92573532,  0.97073735,  0.99420567, ...,  0.        ,
         -0.06825218, -0.21227678],
        [ 0.89776553,  0.95208336,  0.98455055, ...,  0.06825218,
          0.        , -0.14508508],
        [ 0.82436028,  0.89763691,  0.94872871, ...,  0.21227678,
          0.14508508,  0.        ]],

       [[ 0.        , -0.01120403, -0.0038264 , ..., -0.94383044,
         -0.89740542, -0.82119922],
        [ 0.01120403,  0.        ,  0.00737778, ..., -0.94006905,
         -0.8924058 , -0.81475419],
        [ 0.0038264 , -0.00737778,  0.        , ..., -0.94255917,
         -0.89571061, -0.81900971],
        ...,
        [ 0.94383044,  0.94006905,  0.94255917, ...,  0.        ,
          0.11989465,  0.2672399 ],
        [ 0.89740542,  0.8924058 ,  0.89571061, ..., -0.11989465,
          0.        ,  0.14977811],
        [ 0.82119922,  0.81475419,  0.81900971, ..., -0.2672399 ,
         -0.14977811,  0.        ]]]), 'num': array([ 7.59101445e-01,  6.50971971e-01,  2.50299709e-05,  7.22790604e-05,
        7.32829362e-05,  7.22790604e-05,  6.67728014e-04, -6.69250559e-07,
        7.23292542e-05,  7.15303363e-05,  7.29023000e-05,  9.53046682e-07,
        7.31002915e-05,  6.99603811e-05])}
{'img': array([[[ 0.        ,  0.        , -0.17144003, ..., -0.81907121,
         -0.81907121, -0.85207207],
        [ 0.        ,  0.        , -0.17144003, ..., -0.81907121,
         -0.81907121, -0.85207207],
        [ 0.17144003,  0.17144003,  0.        , ..., -0.70859075,
         -0.70859075, -0.74972086],
        ...,
        [ 0.81907121,  0.81907121,  0.70859075, ...,  0.        ,
          0.        , -0.06010489],
        [ 0.81907121,  0.81907121,  0.70859075, ...,  0.        ,
          0.        , -0.06010489],
        [ 0.85207207,  0.85207207,  0.74972086, ...,  0.06010489,
          0.06010489,  0.        ]],

       [[ 0.        , -0.03080417,  0.13343383, ..., -0.05740392,
         -0.1087737 , -0.25598947],
        [ 0.03080417,  0.        ,  0.16389922, ..., -0.0266233 ,
         -0.07810069, -0.22609023],
        [-0.13343383, -0.16389922,  0.        , ..., -0.19010441,
         -0.24044313, -0.38268811],
        ...,
        [ 0.05740392,  0.0266233 ,  0.19010441, ...,  0.        ,
         -0.05153102, -0.20007616],
        [ 0.1087737 ,  0.07810069,  0.24044313, ...,  0.05153102,
          0.        , -0.14932125],
        [ 0.25598947,  0.22609023,  0.38268811, ...,  0.20007616,
          0.14932125,  0.        ]],

       [[ 0.        ,  0.09723246,  0.0507849 , ..., -0.96062059,
         -0.95153959, -0.94161127],
        [-0.09723246,  0.        , -0.04656273, ..., -0.98308623,
         -0.97693245, -0.96988799],
        [-0.0507849 ,  0.04656273,  0.        , ..., -0.97349229,
         -0.96592943, -0.9574956 ],
        ...,
        [ 0.96062059,  0.98308623,  0.97349229, ...,  0.        ,
          0.03101803,  0.06180353],
        [ 0.95153959,  0.97693245,  0.96592943, ..., -0.03101803,
          0.        ,  0.03081506],
        [ 0.94161127,  0.96988799,  0.9574956 , ..., -0.06180353,
         -0.03081506,  0.        ]],

       ...,

       [[ 0.        ,  0.04742321, -0.05035587, ...,  0.77865565,
          0.98212336,  0.75540306],
        [-0.04742321,  0.        , -0.09766225, ...,  0.74802381,
          0.97209149,  0.7234786 ],
        [ 0.05035587,  0.09766225,  0.        , ...,  0.80926366,
          0.99035629,  0.78744092],
        ...,
        [-0.77865565, -0.74802381, -0.80926366, ...,  0.        ,
          0.46966185, -0.03624344],
        [-0.98212336, -0.97209149, -0.99035629, ..., -0.46966185,
          0.        , -0.50135067],
        [-0.75540306, -0.7234786 , -0.78744092, ...,  0.03624344,
          0.50135067,  0.        ]],

       [[ 0.        , -0.13440324, -0.19319595, ..., -0.95208336,
         -0.89763691, -0.89562717],
        [ 0.13440324,  0.        , -0.05957192, ..., -0.98455055,
         -0.94872871, -0.9472842 ],
        [ 0.19319595,  0.05957192,  0.        , ..., -0.99323308,
         -0.96587396, -0.96468836],
        ...,
        [ 0.95208336,  0.98455055,  0.99323308, ...,  0.        ,
         -0.14508508, -0.14957455],
        [ 0.89763691,  0.94872871,  0.96587396, ...,  0.14508508,
          0.        , -0.00453899],
        [ 0.89562717,  0.9472842 ,  0.96468836, ...,  0.14957455,
          0.00453899,  0.        ]],

       [[ 0.        ,  0.00737778, -0.03071909, ..., -0.8924058 ,
         -0.81475419, -0.79837165],
        [-0.00737778,  0.        , -0.03809256, ..., -0.89571061,
         -0.81900971, -0.80279256],
        [ 0.03071909,  0.03809256,  0.        , ..., -0.87812314,
         -0.79655855, -0.7794969 ],
        ...,
        [ 0.8924058 ,  0.89571061,  0.87812314, ...,  0.        ,
          0.14977811,  0.17712332],
        [ 0.81475419,  0.81900971,  0.79655855, ..., -0.14977811,
          0.        ,  0.02771539],
        [ 0.79837165,  0.80279256,  0.7794969 , ..., -0.17712332,
         -0.02771539,  0.        ]]]), 'num': array([ 8.34888082e-01,  5.50411074e-01,  6.83838962e-05,  7.75564362e-05,
        8.20308460e-05,  7.73700025e-05,  3.07973625e-03, -2.98293985e-06,
        8.02970122e-05,  7.96631375e-05,  8.10163357e-05,  7.25020104e-07,
        8.15693256e-05,  7.77569494e-05])}
{'img': array([[[ 0.        , -0.17144003,  0.03475462, ..., -0.81907121,
         -0.85207207, -0.95191195],
        [ 0.17144003,  0.        ,  0.20557652, ..., -0.70859075,
         -0.74972086, -0.88529409],
        [-0.03475462, -0.20557652,  0.        , ..., -0.83851484,
         -0.86974874, -0.96198471],
        ...,
        [ 0.81907121,  0.70859075,  0.83851484, ...,  0.        ,
         -0.06010489, -0.29516386],
        [ 0.85207207,  0.74972086,  0.86974874, ...,  0.06010489,
          0.        , -0.23720321],
        [ 0.95191195,  0.88529409,  0.96198471, ...,  0.29516386,
          0.23720321,  0.        ]],

       [[ 0.        ,  0.16389922,  0.97827393, ..., -0.07810069,
         -0.22609023,  0.33908553],
        [-0.16389922,  0.        ,  0.99902382, ..., -0.24044313,
         -0.38268811,  0.180311  ],
        [-0.97827393, -0.99902382,  0.        , ..., -0.95909421,
         -0.90607063, -0.99061465],
        ...,
        [ 0.07810069,  0.24044313,  0.95909421, ...,  0.        ,
         -0.14932125,  0.41152344],
        [ 0.22609023,  0.38268811,  0.90607063, ...,  0.14932125,
          0.        ,  0.54300101],
        [-0.33908553, -0.180311  ,  0.99061465, ..., -0.41152344,
         -0.54300101,  0.        ]],

       [[ 0.        , -0.04656273, -0.08912003, ..., -0.97693245,
         -0.96988799, -0.9773706 ],
        [ 0.04656273,  0.        , -0.04264592, ..., -0.96592943,
         -0.9574956 , -0.96646091],
        [ 0.08912003,  0.04264592,  0.        , ..., -0.95401367,
         -0.9443234 , -0.95462961],
        ...,
        [ 0.97693245,  0.96592943,  0.95401367, ...,  0.        ,
          0.03081506, -0.00206151],
        [ 0.96988799,  0.9574956 ,  0.9443234 , ..., -0.03081506,
          0.        , -0.03287553],
        [ 0.9773706 ,  0.96646091,  0.95462961, ...,  0.00206151,
          0.03287553,  0.        ]],

       ...,

       [[ 0.        , -0.09766225,  0.16778553, ...,  0.97209149,
          0.7234786 ,  0.24842071],
        [ 0.09766225,  0.        ,  0.26326119, ...,  0.99035629,
          0.78744092,  0.34183392],
        [-0.16778553, -0.26326119,  0.        , ...,  0.91894782,
          0.59739202,  0.08237316],
        ...,
        [-0.97209149, -0.99035629, -0.91894782, ...,  0.        ,
         -0.50135067, -0.88333857],
        [-0.7234786 , -0.78744092, -0.59739202, ...,  0.50135067,
          0.        , -0.52930272],
        [-0.24842071, -0.34183392, -0.08237316, ...,  0.88333857,
          0.52930272,  0.        ]],

       [[ 0.        , -0.05957192, -0.12836502, ..., -0.94872871,
         -0.9472842 , -0.95364728],
        [ 0.05957192,  0.        , -0.06905797, ..., -0.96587396,
         -0.96468836, -0.9698804 ],
        [ 0.12836502,  0.06905797,  0.        , ..., -0.98145496,
         -0.98057476, -0.98438621],
        ...,
        [ 0.94872871,  0.96587396,  0.98145496, ...,  0.        ,
         -0.00453899,  0.01594202],
        [ 0.9472842 ,  0.96468836,  0.98057476, ...,  0.00453899,
          0.        ,  0.02048027],
        [ 0.95364728,  0.9698804 ,  0.98438621, ..., -0.01594202,
         -0.02048027,  0.        ]],

       [[ 0.        , -0.03809256, -0.04067666, ..., -0.81900971,
         -0.80279256, -0.81312864],
        [ 0.03809256,  0.        , -0.00258611, ..., -0.79655855,
         -0.7794969 , -0.79036541],
        [ 0.04067666,  0.00258611,  0.        , ..., -0.79499242,
         -0.77787434, -0.78877842],
        ...,
        [ 0.81900971,  0.79655855,  0.79499242, ...,  0.        ,
          0.02771539,  0.0101758 ],
        [ 0.80279256,  0.7794969 ,  0.77787434, ..., -0.02771539,
          0.        , -0.01754206],
        [ 0.81312864,  0.79036541,  0.78877842, ..., -0.0101758 ,
          0.01754206,  0.        ]]]), 'num': array([8.35922478e-01, 5.48845276e-01, 6.81893591e-05, 7.82653222e-05,
       7.82653222e-05, 7.62203851e-05, 1.55521189e-03, 9.29516891e-07,
       7.96038265e-05, 7.94551038e-05, 8.05844669e-05, 8.19235226e-07,
       8.13016401e-05, 7.76085676e-05])}
{'img': array([[[ 0.        ,  0.20557652,  0.22356379, ..., -0.74972086,
         -0.88529409, -0.84789856],
        [-0.20557652,  0.        ,  0.01841546, ..., -0.86974874,
         -0.96198471, -0.93877647],
        [-0.22356379, -0.01841546,  0.        , ..., -0.87868918,
         -0.9668509 , -0.9449619 ],
        ...,
        [ 0.74972086,  0.86974874,  0.87868918, ...,  0.        ,
         -0.23720321, -0.16362955],
        [ 0.88529409,  0.96198471,  0.9668509 , ...,  0.23720321,
          0.        ,  0.07504658],
        [ 0.84789856,  0.93877647,  0.9449619 , ...,  0.16362955,
         -0.07504658,  0.        ]],

       [[ 0.        ,  0.99902382,  0.31918558, ..., -0.38268811,
          0.180311  , -0.13251464],
        [-0.99902382,  0.        , -0.96086702, ..., -0.90607063,
         -0.99061465, -0.9843597 ],
        [-0.31918558,  0.96086702,  0.        , ..., -0.65755895,
         -0.14307468, -0.44195379],
        ...,
        [ 0.38268811,  0.90607063,  0.65755895, ...,  0.        ,
          0.54300101,  0.25688589],
        [-0.180311  ,  0.99061465,  0.14307468, ..., -0.54300101,
          0.        , -0.30906352],
        [ 0.13251464,  0.9843597 ,  0.44195379, ..., -0.25688589,
          0.30906352,  0.        ]],

       [[ 0.        , -0.04264592,  0.        , ..., -0.9574956 ,
         -0.96646091, -0.97847411],
        [ 0.04264592,  0.        ,  0.04264592, ..., -0.9443234 ,
         -0.95462961, -0.96878312],
        [ 0.        , -0.04264592,  0.        , ..., -0.9574956 ,
         -0.96646091, -0.97847411],
        ...,
        [ 0.9574956 ,  0.9443234 ,  0.9574956 , ...,  0.        ,
         -0.03287553, -0.08464075],
        [ 0.96646091,  0.95462961,  0.96646091, ...,  0.03287553,
          0.        , -0.05183744],
        [ 0.97847411,  0.96878312,  0.97847411, ...,  0.08464075,
          0.05183744,  0.        ]],

       ...,

       [[ 0.        ,  0.26326119,  0.35738776, ...,  0.78744092,
          0.34183392,  0.48040659],
        [-0.26326119,  0.        ,  0.09890636, ...,  0.59739202,
          0.08237316,  0.2325679 ],
        [-0.35738776, -0.09890636,  0.        , ...,  0.51514496,
         -0.01660097,  0.13523319],
        ...,
        [-0.78744092, -0.59739202, -0.51514496, ...,  0.        ,
         -0.52930272, -0.39450395],
        [-0.34183392, -0.08237316,  0.01660097, ...,  0.52930272,
          0.        ,  0.15166303],
        [-0.48040659, -0.2325679 , -0.13523319, ...,  0.39450395,
         -0.15166303,  0.        ]],

       [[ 0.        , -0.06905797, -0.11451289, ..., -0.96468836,
         -0.9698804 , -0.96832579],
        [ 0.06905797,  0.        , -0.04563582, ..., -0.98057476,
         -0.98438621, -0.98325715],
        [ 0.11451289,  0.04563582,  0.        , ..., -0.98850441,
         -0.99139353, -0.99054865],
        ...,
        [ 0.96468836,  0.98057476,  0.98850441, ...,  0.        ,
          0.02048027,  0.01417798],
        [ 0.9698804 ,  0.98438621,  0.99139353, ..., -0.02048027,
          0.        , -0.0063032 ],
        [ 0.96832579,  0.98325715,  0.99054865, ..., -0.01417798,
          0.0063032 ,  0.        ]],

       [[ 0.        , -0.00258611, -0.0098309 , ..., -0.7794969 ,
         -0.79036541, -0.78640118],
        [ 0.00258611,  0.        , -0.00724488, ..., -0.77787434,
         -0.78877842, -0.78480107],
        [ 0.0098309 ,  0.00724488,  0.        , ..., -0.7733011 ,
         -0.78430446, -0.78029047],
        ...,
        [ 0.7794969 ,  0.77787434,  0.7733011 , ...,  0.        ,
         -0.01754206, -0.01109869],
        [ 0.79036541,  0.78877842,  0.78430446, ...,  0.01754206,
          0.        ,  0.006444  ],
        [ 0.78640118,  0.78480107,  0.78029047, ...,  0.01109869,
         -0.006444  ,  0.        ]]]), 'num': array([ 8.12706878e-01,  5.82670946e-01,  5.47704601e-05,  7.59695946e-05,
        7.65122346e-05,  7.45225548e-05,  1.43123099e-03, -1.80879987e-07,
        7.68739946e-05,  7.72131446e-05,  7.82260725e-05,  7.29866615e-07,
        7.90805717e-05,  7.53457175e-05])}
{'img': array([[[ 0.00000000e+00,  1.84154645e-02, -3.47546246e-02, ...,
         -9.61984708e-01, -9.38776471e-01, -9.43830659e-01],
        [-1.84154645e-02,  0.00000000e+00, -5.31530701e-02, ...,
         -9.66850900e-01, -9.44961896e-01, -9.49755619e-01],
        [ 3.47546246e-02,  5.31530701e-02,  0.00000000e+00, ...,
         -9.51911947e-01, -9.26235432e-01, -9.31776513e-01],
        ...,
        [ 9.61984708e-01,  9.66850900e-01,  9.51911947e-01, ...,
          0.00000000e+00,  7.50465765e-02,  6.01048909e-02],
        [ 9.38776471e-01,  9.44961896e-01,  9.26235432e-01, ...,
         -7.50465765e-02,  0.00000000e+00, -1.49755005e-02],
        [ 9.43830659e-01,  9.49755619e-01,  9.31776513e-01, ...,
