state_0,state_1,state_2,state_3,state_4,state_5,state_6,state_7,state_8,state_9,state_10,state_11,state_12,state_13,state_14,state_15,state_16,state_17,state_18,state_19,state_20,state_21,state_22,state_23,state_24,state_25,state_26,state_27,state_28,state_29,state_30,state_31,state_32,state_33,state_34,state_35,state_36,state_37,state_38,state_39,state_40,state_41,state_42,state_43,state_44,state_45,state_46,state_47,state_48,state_49,state_50,state_51,state_52,state_53,state_54,state_55,state_56,state_57,state_58,state_59,state_60,state_61,state_62,state_63,state_64,state_65,state_66,state_67,state_68,state_69,state_70,state_71,state_72,state_73,state_74,state_75,state_76,state_77,state_78,state_79,state_80,state_81,state_82,state_83,state_84,state_85,state_86,state_87,state_88,state_89,state_90,state_91,state_92,state_93,state_94,state_95,state_96,state_97,state_98,state_99,state_100,state_101,state_102,state_103,state_104,state_105,state_106,state_107,state_108,state_109,state_110,state_111,state_112,state_113,state_114,state_115,state_116,state_117,state_118,state_119,state_120,state_121,state_122,state_123,state_124,state_125,state_126,state_127,state_128,state_129,state_130,state_131,state_132,state_133,state_134,state_135,state_136,state_137,state_138,state_139,state_140,state_141,state_142,state_143,state_144,state_145,state_146,state_147,state_148,state_149,state_150,state_151,state_152,state_153,state_154,state_155,state_156,state_157,state_158,state_159,state_160,state_161,state_162,state_163,state_164,state_165,state_166,state_167,state_168,state_169,state_170,state_171,state_172,state_173,state_174,state_175,state_176,state_177,state_178,state_179,state_180,state_181,state_182,state_183,state_184,state_185,state_186,state_187,state_188,state_189,state_190,state_191,state_192,state_193,state_194,state_195,state_196,state_197,state_198,state_199,state_200,state_201,state_202,state_203,state_204,state_205,state_206,state_207,state_208,state_209,state_210,state_211,state_212,state_213,state_214,state_215,state_216,state_217,state_218,state_219,state_220,state_221,state_222,state_223,state_224,state_225,state_226,state_227,state_228,state_229,state_230,state_231,state_232,state_233,state_234,state_235,state_236,state_237,state_238,state_239,state_240,state_241,state_242,state_243,state_244,state_245,state_246,state_247,state_248,state_249,state_250,state_251,state_252,state_253,state_254,state_255,state_256,state_257,state_258,state_259,state_260,state_261,state_262,state_263,state_264,state_265,state_266,state_267,state_268,state_269,state_270,state_271,state_272,state_273,state_274,state_275,state_276,state_277,state_278,state_279,state_280,state_281,state_282,state_283,state_284,state_285,state_286,state_287
{'img': array([[[ 0.        ,  0.41759288,  0.53933624, ...,  0.57630172,
          0.44615047,  0.48732915],
        [-0.41759288,  0.        ,  0.13840838, ...,  0.18237512,
          0.03165953,  0.07815419],
        [-0.53933624, -0.13840838,  0.        , ...,  0.04453267,
         -0.10698419, -0.06058306],
        ...,
        [-0.57630172, -0.18237512, -0.04453267, ...,  0.        ,
         -0.15115513, -0.10497382],
        [-0.44615047, -0.03165953,  0.10698419, ...,  0.15115513,
          0.        ,  0.04655232],
        [-0.48732915, -0.07815419,  0.06058306, ...,  0.10497382,
         -0.04655232,  0.        ]],

       [[ 0.        ,  0.1141615 , -0.27196487, ...,  0.0621684 ,
         -0.21481963, -0.57046982],
        [-0.1141615 ,  0.        , -0.38004525, ..., -0.05217872,
         -0.32491144, -0.66050316],
        [ 0.27196487,  0.38004525,  0.        , ...,  0.3312639 ,
          0.05889303, -0.3255974 ],
        ...,
        [-0.0621684 ,  0.05217872, -0.3312639 , ...,  0.        ,
         -0.2751211 , -0.62042641],
        [ 0.21481963,  0.32491144, -0.05889303, ...,  0.2751211 ,
          0.        , -0.38071613],
        [ 0.57046982,  0.66050316,  0.3255974 , ...,  0.62042641,
          0.38071613,  0.        ]],

       [[ 0.        ,  0.44489582,  0.73809318, ...,  0.99970964,
          0.99063371,  0.97795082],
        [-0.44489582,  0.        ,  0.36085253, ...,  0.88460191,
          0.82644521,  0.7829255 ],
        [-0.73809318, -0.36085253,  0.        , ...,  0.65671751,
          0.56759556,  0.5056823 ],
        ...,
        [-0.99970964, -0.88460191, -0.65671751, ...,  0.        ,
         -0.11263585, -0.18520962],
        [-0.99063371, -0.82644521, -0.56759556, ...,  0.11263585,
          0.        , -0.07334388],
        [-0.97795082, -0.7829255 , -0.5056823 , ...,  0.18520962,
          0.07334388,  0.        ]],

       ...,

       [[ 0.        , -0.07222651, -0.38135114, ..., -0.75453668,
         -0.98606888, -0.7270701 ],
        [ 0.07222651,  0.        , -0.31358679, ..., -0.70516681,
         -0.9955075 , -0.67558311],
        [ 0.38135114,  0.31358679,  0.        , ..., -0.44725185,
         -0.9749849 , -0.41030392],
        ...,
        [ 0.75453668,  0.70516681,  0.44725185, ...,  0.        ,
         -0.7726232 ,  0.04089167],
        [ 0.98606888,  0.9955075 ,  0.9749849 , ...,  0.7726232 ,
          0.        ,  0.79793765],
        [ 0.7270701 ,  0.67558311,  0.41030392, ..., -0.04089167,
         -0.79793765,  0.        ]],

       [[ 0.        ,  0.3310072 ,  0.49132604, ...,  0.97710972,
          0.99092523,  0.99208507],
        [-0.3310072 ,  0.        ,  0.17532988, ...,  0.99244545,
          0.97955711,  0.97772324],
        [-0.49132604, -0.17532988,  0.        , ...,  0.95556157,
          0.92911305,  0.92577662],
        ...,
        [-0.97710972, -0.99244545, -0.95556157, ...,  0.        ,
         -0.07946795, -0.08835892],
        [-0.99092523, -0.97955711, -0.92911305, ...,  0.07946795,
          0.        , -0.00892235],
        [-0.99208507, -0.97772324, -0.92577662, ...,  0.08835892,
          0.00892235,  0.        ]],

       [[ 0.        ,  0.05043179,  0.00663787, ...,  0.98536544,
          0.97169183,  0.9497877 ],
        [-0.05043179,  0.        , -0.04380125, ...,  0.97551521,
          0.95854075,  0.93279925],
        [-0.00663787,  0.04380125,  0.        , ...,  0.98421227,
          0.97010221,  0.94768982],
        ...,
        [-0.98536544, -0.97551521, -0.98421227, ...,  0.        ,
         -0.06716466, -0.1464198 ],
        [-0.97169183, -0.95854075, -0.97010221, ...,  0.06716466,
          0.        , -0.07964838],
        [-0.9497877 , -0.93279925, -0.94768982, ...,  0.1464198 ,
          0.07964838,  0.        ]]]), 'num': array([9.84374512e-01, 1.76068634e-01, 8.55350135e-06, 9.00117904e-04,
       9.06785444e-04, 8.93450364e-04, 1.65021616e-04, 2.85751715e-06,
       9.03737425e-04, 9.16882004e-04, 9.26391186e-04, 3.65762196e-07,
       9.48778291e-04, 8.84985718e-04])}
{'img': array([[[ 0.        ,  0.13840838,  0.69271409, ...,  0.03165953,
          0.07815419,  0.1235238 ],
        [-0.13840838,  0.        ,  0.58622505, ..., -0.10698419,
         -0.06058306, -0.01501349],
        [-0.69271409, -0.58622505,  0.        , ..., -0.6695336 ,
         -0.63422951, -0.59832213],
        ...,
        [-0.03165953,  0.10698419,  0.6695336 , ...,  0.        ,
          0.04655232,  0.09204481],
        [-0.07815419,  0.06058306,  0.63422951, ..., -0.04655232,
          0.        ,  0.04559032],
        [-0.1235238 ,  0.01501349,  0.59832213, ..., -0.09204481,
         -0.04559032,  0.        ]],

       [[ 0.        , -0.33199905,  0.97538529, ..., -0.2856831 ,
         -0.5479627 , -0.92692177],
        [ 0.33199905,  0.        ,  0.99326943, ...,  0.04868363,
         -0.23916398, -0.74976233],
        [-0.97538529, -0.99326943,  0.        , ..., -0.99773053,
         -0.93674235, -0.570411  ],
        ...,
        [ 0.2856831 , -0.04868363,  0.99773053, ...,  0.        ,
         -0.28615118, -0.7810876 ],
        [ 0.5479627 ,  0.23916398,  0.93674235, ...,  0.28615118,
          0.        , -0.56974708],
        [ 0.92692177,  0.74976233,  0.570411  , ...,  0.7810876 ,
          0.56974708,  0.        ]],

       [[ 0.        ,  0.64170788,  0.89131233, ...,  0.9799685 ,
          0.96132293,  0.94527621],
        [-0.64170788,  0.        ,  0.39264741, ...,  0.62378826,
          0.56054423,  0.515608  ],
        [-0.89131233, -0.39264741,  0.        , ...,  0.26680064,
          0.19036547,  0.13776909],
        ...,
        [-0.9799685 , -0.62378826, -0.26680064, ...,  0.        ,
         -0.07845667, -0.13148133],
        [-0.96132293, -0.56054423, -0.19036547, ...,  0.07845667,
          0.        , -0.05330047],
        [-0.94527621, -0.515608  , -0.13776909, ...,  0.13148133,
          0.05330047,  0.        ]],

       ...,

       [[ 0.        , -0.31358679,  0.97938076, ..., -0.9955075 ,
         -0.67558311, -0.97064392],
        [ 0.31358679,  0.        ,  0.99333212, ..., -0.9749849 ,
         -0.41030392, -0.84625997],
        [-0.97938076, -0.99333212,  0.        , ..., -0.10838502,
         -0.85856498, -0.43165416],
        ...,
        [ 0.9955075 ,  0.9749849 ,  0.10838502, ...,  0.        ,
          0.79793765,  0.33134374],
        [ 0.67558311,  0.41030392,  0.85856498, ..., -0.79793765,
          0.        , -0.55314811],
        [ 0.97064392,  0.84625997,  0.43165416, ..., -0.33134374,
          0.55314811,  0.        ]],

       [[ 0.        ,  0.3793815 ,  0.81000439, ...,  0.99400778,
          0.99496671,  0.99529476],
        [-0.3793815 ,  0.        ,  0.52697039, ...,  0.96116604,
          0.95859965,  0.95764644],
        [-0.81000439, -0.52697039,  0.        , ...,  0.67145089,
          0.66463951,  0.66214867],
        ...,
        [-0.99400778, -0.96116604, -0.67145089, ...,  0.        ,
         -0.00915358, -0.01248219],
        [-0.99496671, -0.95859965, -0.66463951, ...,  0.00915358,
          0.        , -0.00332879],
        [-0.99529476, -0.95764644, -0.66214867, ...,  0.01248219,
          0.00332879,  0.        ]],

       [[ 0.        , -0.04380125, -0.39713995, ...,  0.95854075,
          0.93279925,  0.9118282 ],
        [ 0.04380125,  0.        , -0.35655985, ...,  0.97010221,
          0.94768982,  0.92893665],
        [ 0.39713995,  0.35655985,  0.        , ...,  0.99287571,
          0.99921184,  0.99989221],
        ...,
        [-0.95854075, -0.97010221, -0.99287571, ...,  0.        ,
         -0.07964838, -0.13371951],
        [-0.93279925, -0.94768982, -0.99921184, ...,  0.07964838,
          0.        , -0.05436162],
        [-0.9118282 , -0.92893665, -0.99989221, ...,  0.13371951,
          0.05436162,  0.        ]]]), 'num': array([7.07104548e-01, 7.07104548e-01, 0.00000000e+00, 8.84111163e-04,
       8.85033072e-04, 8.68438702e-04, 2.44223032e-04, 1.29067323e-05,
       8.72863867e-04, 8.88536328e-04, 8.96971800e-04, 4.26555119e-07,
       9.17187399e-04, 8.59885257e-04])}
{'img': array([[[ 0.        ,  0.58622505,  0.56261101, ..., -0.06058306,
         -0.01501349,  0.18782209],
        [-0.58622505,  0.        , -0.02884668, ..., -0.63422951,
         -0.59832213, -0.42362831],
        [-0.56261101,  0.02884668,  0.        , ..., -0.61166291,
         -0.57495957, -0.39732165],
        ...,
        [ 0.06058306,  0.63422951,  0.61166291, ...,  0.        ,
          0.04559032,  0.24698196],
        [ 0.01501349,  0.59832213,  0.57495957, ..., -0.04559032,
          0.        ,  0.20254722],
        [-0.18782209,  0.42362831,  0.39732165, ..., -0.24698196,
         -0.20254722,  0.        ]],

       [[ 0.        ,  0.99326943,  0.19269165, ..., -0.23916398,
         -0.74976233, -0.32230092],
        [-0.99326943,  0.        , -0.99697378, ..., -0.93674235,
         -0.570411  , -0.90293478],
        [-0.19269165,  0.99697378,  0.        , ..., -0.42178147,
         -0.86321675, -0.49866989],
        ...,
        [ 0.23916398,  0.93674235,  0.42178147, ...,  0.        ,
         -0.56974708, -0.08654594],
        [ 0.74976233,  0.570411  ,  0.86321675, ...,  0.56974708,
          0.        ,  0.49648411],
        [ 0.32230092,  0.90293478,  0.49866989, ...,  0.08654594,
         -0.49648411,  0.        ]],

       [[ 0.        ,  0.76411172,  0.93580504, ...,  0.89620257,
          0.86533203,  0.83571679],
        [-0.76411172,  0.        ,  0.33430967, ...,  0.23913147,
          0.17523973,  0.11948737],
        [-0.93580504, -0.33430967,  0.        , ..., -0.09923778,
         -0.16397948, -0.21930212],
        ...,
        [-0.89620257, -0.23913147,  0.09923778, ...,  0.        ,
         -0.06527557, -0.12139756],
        [-0.86533203, -0.17523973,  0.16397948, ...,  0.06527557,
          0.        , -0.05634586],
        [-0.83571679, -0.11948737,  0.21930212, ...,  0.12139756,
          0.05634586,  0.        ]],

       ...,

       [[ 0.        ,  0.99333212,  0.84121196, ..., -0.41030392,
         -0.84625997, -0.3585367 ],
        [-0.99333212,  0.        , -0.63408173, ..., -0.85856498,
         -0.43165416, -0.8859561 ],
        [-0.84121196,  0.63408173,  0.        , ..., -0.98899586,
         -0.90575006, -0.97914728],
        ...,
        [ 0.41030392,  0.85856498,  0.98899586, ...,  0.        ,
         -0.55314811,  0.056058  ],
        [ 0.84625997,  0.43165416,  0.90575006, ...,  0.55314811,
          0.        ,  0.59897925],
        [ 0.3585367 ,  0.8859561 ,  0.97914728, ..., -0.056058  ,
         -0.59897925,  0.        ]],

       [[ 0.        ,  0.76161755,  0.93361314, ...,  0.99786791,
          0.99808703,  0.99943802],
        [-0.76161755,  0.        ,  0.3321319 , ...,  0.69635274,
          0.69387383,  0.67319256],
        [-0.93361314, -0.3321319 ,  0.        , ...,  0.41845188,
          0.41531762,  0.38937675],
        ...,
        [-0.99786791, -0.69635274, -0.41845188, ...,  0.        ,
         -0.00344819, -0.03177993],
        [-0.99808703, -0.69387383, -0.41531762, ...,  0.00344819,
          0.        , -0.02833329],
        [-0.99943802, -0.67319256, -0.38937675, ...,  0.03177993,
          0.02833329,  0.        ]],

       [[ 0.        , -0.35655985, -0.58945532, ...,  0.94768982,
          0.92893665,  0.96035134],
        [ 0.35655985,  0.        , -0.26268249, ...,  0.99921184,
          0.99989221,  0.99663607],
        [ 0.58945532,  0.26268249,  0.        , ...,  0.95369462,
          0.96863511,  0.94010852],
        ...,
        [-0.94768982, -0.99921184, -0.95369462, ...,  0.        ,
         -0.05436162,  0.04232829],
        [-0.92893665, -0.99989221, -0.96863511, ...,  0.05436162,
          0.        ,  0.09657859],
        [-0.96035134, -0.99663607, -0.94010852, ..., -0.04232829,
         -0.09657859,  0.        ]]]), 'num': array([ 7.07104550e-01,  7.07104550e-01,  0.00000000e+00,  8.78579708e-04,
        8.87798802e-04,  8.74892070e-04,  2.11965421e-04, -5.53145671e-06,
        8.73601397e-04,  8.89181666e-04,  8.97079357e-04,  3.81240751e-07,
        9.16283296e-04,  8.62080037e-04])}
{'img': array([[[ 0.        , -0.02884668, -0.30571518, ..., -0.59832213,
         -0.42362831, -0.49986051],
        [ 0.02884668,  0.        , -0.27812237, ..., -0.57495957,
         -0.39732165, -0.47466822],
        [ 0.30571518,  0.27812237,  0.        , ..., -0.32472026,
         -0.12641841, -0.21114697],
        ...,
        [ 0.59832213,  0.57495957,  0.32472026, ...,  0.        ,
          0.20254722,  0.11769428],
        [ 0.42362831,  0.39732165,  0.12641841, ..., -0.20254722,
          0.        , -0.08588472],
        [ 0.49986051,  0.47466822,  0.21114697, ..., -0.11769428,
          0.08588472,  0.        ]],

       [[ 0.        , -0.99697378, -0.99883702, ..., -0.570411  ,
         -0.90293478, -0.84881543],
        [ 0.99697378,  0.        , -0.12571647, ..., -0.86321675,
         -0.49866989, -0.59307509],
        [ 0.99883702,  0.12571647,  0.        , ..., -0.79290229,
         -0.38574352, -0.4871495 ],
        ...,
        [ 0.570411  ,  0.86321675,  0.79290229, ...,  0.        ,
          0.49648411,  0.39561236],
        [ 0.90293478,  0.49866989,  0.38574352, ..., -0.49648411,
          0.        , -0.11257009],
        [ 0.84881543,  0.59307509,  0.4871495 , ..., -0.39561236,
          0.11257009,  0.        ]],

       [[ 0.        ,  0.39945995,  0.6502025 , ...,  0.21746552,
          0.15059675,  0.17791439],
        [-0.39945995,  0.        ,  0.2925795 , ..., -0.19053841,
         -0.25684455, -0.22998382],
        [-0.6502025 , -0.2925795 ,  0.        , ..., -0.46942005,
         -0.5283696 , -0.50465674],
        ...,
        [-0.21746552,  0.19053841,  0.46942005, ...,  0.        ,
         -0.06799272, -0.04033952],
        [-0.15059675,  0.25684455,  0.5283696 , ...,  0.06799272,
          0.        ,  0.02769121],
        [-0.17791439,  0.22998382,  0.50465674, ...,  0.04033952,
         -0.02769121,  0.        ]],

       ...,

       [[ 0.        , -0.63408173, -0.863948  , ..., -0.43165416,
         -0.8859561 , -0.67530234],
        [ 0.63408173,  0.        , -0.34875011, ..., -0.90575006,
         -0.97914728, -0.98984964],
        [ 0.863948  ,  0.34875011,  0.        , ..., -0.99668779,
         -0.84682308, -0.97726654],
        ...,
        [ 0.43165416,  0.90575006,  0.99668779, ...,  0.        ,
          0.59897925,  0.29078652],
        [ 0.8859561 ,  0.97914728,  0.84682308, ..., -0.59897925,
          0.        , -0.3402446 ],
        [ 0.67530234,  0.98984964,  0.97726654, ..., -0.29078652,
          0.3402446 ,  0.        ]],

       [[ 0.        ,  0.76132148,  0.87394508, ...,  0.9903563 ,
          0.98494066,  0.97964029],
        [-0.76132148,  0.        ,  0.19662274, ...,  0.53664544,
          0.50698356,  0.48233035],
        [-0.87394508, -0.19662274,  0.        , ...,  0.36025788,
          0.32760674,  0.30067544],
        ...,
        [-0.9903563 , -0.53664544, -0.36025788, ...,  0.        ,
         -0.0347679 , -0.06310158],
        [-0.98494066, -0.50698356, -0.32760674, ...,  0.0347679 ,
          0.        , -0.02836482],
        [-0.97964029, -0.48233035, -0.30067544, ...,  0.06310158,
          0.02836482,  0.        ]],

       [[ 0.        , -0.26268249, -0.45557373, ...,  0.99989221,
          0.99663607,  0.98890279],
        [ 0.26268249,  0.        , -0.2057356 , ...,  0.96863511,
          0.94010852,  0.91514965],
        [ 0.45557373,  0.2057356 ,  0.        , ...,  0.89679098,
          0.84986718,  0.81263746],
        ...,
        [-0.99989221, -0.96863511, -0.89679098, ...,  0.        ,
          0.09657859,  0.16306743],
        [-0.99663607, -0.94010852, -0.84986718, ..., -0.09657859,
          0.        ,  0.06701927],
        [-0.98890279, -0.91514965, -0.81263746, ..., -0.16306743,
         -0.06701927,  0.        ]]]), 'num': array([ 7.07104573e-01,  7.07104573e-01,  0.00000000e+00,  8.65673004e-04,
        8.87798831e-04,  8.64751094e-04,  1.67049998e-04, -1.29067327e-05,
        8.73601425e-04,  8.87891022e-04,  8.96295763e-04,  2.37912124e-07,
        9.16827233e-04,  8.58954811e-04])}
{'img': array([[[ 0.        , -0.27812237, -0.63583503, ..., -0.39732165,
         -0.47466822, -0.64782818],
        [ 0.27812237,  0.        , -0.39608678, ..., -0.12641841,
         -0.21114697, -0.41039868],
        [ 0.63583503,  0.39608678,  0.        , ...,  0.27682994,
          0.19327883, -0.01563944],
        ...,
        [ 0.39732165,  0.12641841, -0.27682994, ...,  0.        ,
         -0.08588472, -0.29182432],
        [ 0.47466822,  0.21114697, -0.19327883, ...,  0.08588472,
          0.        , -0.20859974],
        [ 0.64782818,  0.41039868,  0.01563944, ...,  0.29182432,
          0.20859974,  0.        ]],

       [[ 0.        , -0.12571647,  0.86321675, ..., -0.49866989,
         -0.59307509, -0.77717819],
        [ 0.12571647,  0.        ,  0.79290229, ..., -0.38574352,
         -0.4871495 , -0.69190129],
        [-0.86321675, -0.79290229,  0.        , ..., -0.49648411,
         -0.39561236, -0.15085998],
        ...,
        [ 0.49866989,  0.38574352,  0.49648411, ...,  0.        ,
         -0.11257009, -0.35984855],
        [ 0.59307509,  0.4871495 ,  0.39561236, ...,  0.11257009,
          0.        , -0.25253217],
        [ 0.77717819,  0.69190129,  0.15085998, ...,  0.35984855,
          0.25253217,  0.        ]],

       [[ 0.        ,  0.2925795 ,  0.30763555, ..., -0.25684455,
         -0.22998382, -0.22998382],
        [-0.2925795 ,  0.        ,  0.01578315, ..., -0.5283696 ,
         -0.50465674, -0.50465674],
        [-0.30763555, -0.01578315,  0.        , ..., -0.5417039 ,
         -0.5182198 , -0.5182198 ],
        ...,
        [ 0.25684455,  0.5283696 ,  0.5417039 , ...,  0.        ,
          0.02769121,  0.02769121],
        [ 0.22998382,  0.50465674,  0.5182198 , ..., -0.02769121,
          0.        ,  0.        ],
        [ 0.22998382,  0.50465674,  0.5182198 , ..., -0.02769121,
          0.        ,  0.        ]],

       ...,

       [[ 0.        , -0.63432874, -0.95474249, ..., -0.99916121,
         -0.96248768, -0.        ],
        [ 0.63432874,  0.        , -0.54940579, ..., -0.79839057,
         -0.91617351, -0.63432874],
        [ 0.95474249,  0.54940579,  0.        , ..., -0.33628061,
         -0.5453221 , -0.95474249],
        ...,
        [ 0.99916121,  0.79839057,  0.33628061, ...,  0.        ,
         -0.2316842 , -0.99916121],
        [ 0.96248768,  0.91617351,  0.5453221 , ...,  0.2316842 ,
          0.        , -0.96248768],
        [ 0.        ,  0.63432874,  0.95474249, ...,  0.99916121,
          0.96248768,  0.        ]],

       [[ 0.        ,  0.59595451,  0.47821914, ...,  0.90608765,
          0.88951661,  0.89967461],
        [-0.59595451,  0.        , -0.13937274, ...,  0.47546247,
          0.44200471,  0.46228452],
        [-0.47821914,  0.13937274,  0.        , ...,  0.59343317,
          0.56270987,  0.58135884],
        ...,
        [-0.90608765, -0.47546247, -0.59343317, ...,  0.        ,
         -0.03764843, -0.01491929],
        [-0.88951661, -0.44200471, -0.56270987, ...,  0.03764843,
          0.        ,  0.02273552],
        [-0.89967461, -0.46228452, -0.58135884, ...,  0.01491929,
         -0.02273552,  0.        ]],

       [[ 0.        , -0.2057356 ,  0.4448865 , ...,  0.94010852,
          0.91514965,  0.94915406],
        [ 0.2057356 ,  0.        ,  0.61962344, ...,  0.84986718,
          0.81263746,  0.86408137],
        [-0.4448865 , -0.61962344,  0.        , ...,  0.99359975,
          0.99893619,  0.99010559],
        ...,
        [-0.94010852, -0.84986718, -0.99359975, ...,  0.        ,
          0.06701927, -0.02758577],
        [-0.91514965, -0.81263746, -0.99893619, ..., -0.06701927,
          0.        , -0.09451751],
        [-0.94915406, -0.86408137, -0.99010559, ...,  0.02758577,
          0.09451751,  0.        ]]]), 'num': array([7.07104530e-01, 7.07104530e-01, 0.00000000e+00, 8.74892045e-04,
       8.74892045e-04, 8.59219585e-04, 4.15301758e-04, 9.21909426e-06,
       8.74892045e-04, 8.86323722e-04, 8.95696468e-04, 3.36697356e-07,
       9.14500991e-04, 8.58146454e-04])}
{'img': array([[[ 0.        , -0.39608678, -0.42472414, ..., -0.21114697,
         -0.41039868, -0.26784392],
        [ 0.39608678,  0.        , -0.03140085, ...,  0.19327883,
         -0.01563944,  0.1356769 ],
        [ 0.42472414,  0.03140085,  0.        , ...,  0.22399227,
          0.01576528,  0.16672049],
        ...,
        [ 0.21114697, -0.19327883, -0.22399227, ...,  0.        ,
         -0.20859974, -0.05837305],
        [ 0.41039868,  0.01563944, -0.01576528, ...,  0.20859974,
          0.        ,  0.15115513],
        [ 0.26784392, -0.1356769 , -0.16672049, ...,  0.05837305,
         -0.15115513,  0.        ]],

       [[ 0.        ,  0.79290229,  0.06966793, ..., -0.4871495 ,
         -0.69190129,  0.01061436],
        [-0.79290229,  0.        , -0.8334278 , ..., -0.39561236,
         -0.15085998, -0.79932548],
        [-0.06966793,  0.8334278 ,  0.        , ..., -0.54680814,
         -0.74051983, -0.05907543],
        ...,
        [ 0.4871495 ,  0.39561236,  0.54680814, ...,  0.        ,
         -0.25253217,  0.49639178],
        [ 0.69190129,  0.15085998,  0.74051983, ...,  0.25253217,
          0.        ,  0.6995258 ],
        [-0.01061436,  0.79932548,  0.05907543, ..., -0.49639178,
         -0.6995258 ,  0.        ]],

       [[ 0.        ,  0.01578315, -0.02640784, ..., -0.50465674,
         -0.50465674, -0.46358372],
        [-0.01578315,  0.        , -0.0421822 , ..., -0.5182198 ,
         -0.5182198 , -0.47751068],
        [ 0.02640784,  0.0421822 ,  0.        , ..., -0.48168232,
         -0.48168232, -0.44002329],
        ...,
        [ 0.50465674,  0.5182198 ,  0.48168232, ...,  0.        ,
          0.        ,  0.04693155],
        [ 0.50465674,  0.5182198 ,  0.48168232, ...,  0.        ,
          0.        ,  0.04693155],
        [ 0.46358372,  0.47751068,  0.44002329, ..., -0.04693155,
         -0.04693155,  0.        ]],

       ...,

       [[ 0.        , -0.88610017, -0.87906173, ..., -0.98401937,
         -0.        , -0.90115267],
        [ 0.88610017,  0.        ,  0.01497136, ..., -0.61386713,
         -0.88610017, -0.80180473],
        [ 0.87906173, -0.01497136,  0.        , ..., -0.62561686,
         -0.87906173, -0.81066154],
        ...,
        [ 0.98401937,  0.61386713,  0.62561686, ...,  0.        ,
         -0.98401937, -0.26611369],
        [ 0.        ,  0.88610017,  0.87906173, ...,  0.98401937,
          0.        ,  0.90115267],
        [ 0.90115267,  0.80180473,  0.81066154, ...,  0.26611369,
         -0.90115267,  0.        ]],

       [[ 0.        , -0.39215006, -0.26172047, ...,  0.5512393 ,
          0.57253613,  0.47601571],
        [ 0.39215006,  0.        ,  0.13772417, ...,  0.83427502,
          0.84819249,  0.78275864],
        [ 0.26172047, -0.13772417,  0.        , ...,  0.75039088,
          0.76715889,  0.68959018],
        ...,
        [-0.5512393 , -0.83427502, -0.75039088, ...,  0.        ,
          0.02574411, -0.08761773],
        [-0.57253613, -0.84819249, -0.76715889, ..., -0.02574411,
          0.        , -0.1132338 ],
        [-0.47601571, -0.78275864, -0.68959018, ...,  0.08761773,
          0.1132338 ,  0.        ]],

       [[ 0.        ,  0.61962344,  0.71221939, ...,  0.81263746,
          0.86408137,  0.87572408],
        [-0.61962344,  0.        ,  0.12407148, ...,  0.99893619,
          0.99010559,  0.98651673],
        [-0.71221939, -0.12407148,  0.        , ...,  0.98549628,
          0.96504507,  0.95858859],
        ...,
        [-0.81263746, -0.99893619, -0.98549628, ...,  0.        ,
         -0.09451751, -0.11799429],
        [-0.86408137, -0.99010559, -0.96504507, ...,  0.09451751,
          0.        , -0.02360882],
        [-0.87572408, -0.98651673, -0.95858859, ...,  0.11799429,
          0.02360882,  0.        ]]]), 'num': array([7.07104319e-01, 7.07104319e-01, 0.00000000e+00, 8.94251877e-04,
       8.94251877e-04, 8.61985057e-04, 8.26233420e-04, 1.93600922e-05,
       8.79501331e-04, 8.87014890e-04, 8.95726932e-04, 4.43360890e-07,
       9.15257679e-04, 8.58772101e-04])}
{'img': array([[[ 0.        , -0.03140085,  0.03092414, ..., -0.01563944,
          0.1356769 ,  0.42162912],
        [ 0.03140085,  0.        ,  0.06229472, ...,  0.01576528,
          0.16672049,  0.4498945 ],
        [-0.03092414, -0.06229472,  0.        , ..., -0.04655232,
          0.10497382,  0.39338644],
        ...,
        [ 0.01563944, -0.01576528,  0.04655232, ...,  0.        ,
          0.15115513,  0.43575891],
        [-0.1356769 , -0.16672049, -0.10497382, ..., -0.15115513,
          0.        ,  0.29470285],
        [-0.42162912, -0.4498945 , -0.39338644, ..., -0.43575891,
         -0.29470285,  0.        ]],

       [[ 0.        , -0.8334278 , -0.58545301, ..., -0.15085998,
         -0.79932548, -0.99916769],
        [ 0.8334278 ,  0.        , -0.35212727, ..., -0.74051983,
         -0.05907543,  0.58616493],
        [ 0.58545301,  0.35212727,  0.        , ..., -0.45644944,
          0.29622051,  0.83391292],
        ...,
        [ 0.15085998,  0.74051983,  0.45644944, ...,  0.        ,
          0.6995258 ,  0.99388612],
        [ 0.79932548,  0.05907543, -0.29622051, ..., -0.6995258 ,
          0.        ,  0.63300363],
        [ 0.99916769, -0.58616493, -0.83391292, ..., -0.99388612,
         -0.63300363,  0.        ]],

       [[ 0.        , -0.0421822 , -0.30208264, ..., -0.5182198 ,
         -0.47751068, -0.33549691],
        [ 0.0421822 ,  0.        , -0.26160224, ..., -0.48168232,
         -0.44002329, -0.29546092],
        [ 0.30208264,  0.26160224,  0.        , ..., -0.23565406,
         -0.18978457, -0.03524876],
        ...,
        [ 0.5182198 ,  0.48168232,  0.23565406, ...,  0.        ,
          0.04693155,  0.20125157],
        [ 0.47751068,  0.44002329,  0.18978457, ..., -0.04693155,
          0.        ,  0.1550585 ],
        [ 0.33549691,  0.29546092,  0.03524876, ..., -0.20125157,
         -0.1550585 ,  0.        ]],

       ...,

       [[ 0.        ,  0.01578803,  0.02949794, ..., -0.86391204,
         -0.81862316, -0.31050662],
        [-0.01578803,  0.        ,  0.0137131 , ..., -0.85585283,
         -0.82758868, -0.32547556],
        [-0.02949794, -0.0137131 ,  0.        , ..., -0.84867968,
         -0.83520851, -0.33841139],
        ...,
        [ 0.86391204,  0.85585283,  0.84867968, ...,  0.        ,
          0.90846508,  0.97759432],
        [ 0.81862316,  0.82758868,  0.83520851, ..., -0.90846508,
          0.        ,  0.59982602],
        [ 0.31050662,  0.32547556,  0.33841139, ..., -0.97759432,
         -0.59982602,  0.        ]],

       [[ 0.        ,  0.13772417,  0.23184757, ...,  0.84819249,
          0.78275864,  0.80580538],
        [-0.13772417,  0.        ,  0.09566673, ...,  0.76715889,
          0.68959018,  0.71656899],
        [-0.23184757, -0.09566673,  0.        , ...,  0.70227415,
          0.61714549,  0.6465533 ],
        ...,
        [-0.84819249, -0.76715889, -0.70227415, ...,  0.        ,
         -0.1132338 , -0.07545749],
        [-0.78275864, -0.68959018, -0.61714549, ...,  0.1132338 ,
          0.        ,  0.0379388 ],
        [-0.80580538, -0.71656899, -0.6465533 , ...,  0.07545749,
         -0.0379388 ,  0.        ]],

       [[ 0.        ,  0.42099661,  0.42757323, ...,  0.89627417,
          0.90729957,  0.89882546],
        [-0.42099661,  0.        ,  0.00726271, ...,  0.9996886 ,
          0.99999984,  0.99981626],
        [-0.42757323, -0.00726271,  0.        , ...,  0.99984347,
          0.99996937,  0.99992911],
        ...,
        [-0.89627417, -0.9996886 , -0.99984347, ...,  0.        ,
         -0.02551804, -0.00578646],
        [-0.90729957, -0.99999984, -0.99996937, ...,  0.02551804,
          0.        ,  0.01973303],
        [-0.89882546, -0.99981626, -0.99992911, ...,  0.00578646,
         -0.01973303,  0.        ]]]), 'num': array([ 7.07104407e-01,  7.07104407e-01,  0.00000000e+00,  8.91486260e-04,
        8.94251987e-04,  8.71204256e-04,  6.50738874e-04, -2.76572780e-06,
        8.80976494e-04,  8.86692332e-04,  8.96141901e-04,  4.43360944e-07,
        9.14573648e-04,  8.58811015e-04])}
{'img': array([[[ 0.00000000e+00,  6.22947217e-02,  6.22947217e-02, ...,
          1.66720485e-01,  4.49894503e-01,  4.12001057e-01],
        [-6.22947217e-02,  0.00000000e+00,  0.00000000e+00, ...,
          1.04973823e-01,  3.93386441e-01,  3.54438953e-01],
        [-6.22947217e-02,  0.00000000e+00,  0.00000000e+00, ...,
          1.04973823e-01,  3.93386441e-01,  3.54438953e-01],
        ...,
        [-1.66720485e-01, -1.04973823e-01, -1.04973823e-01, ...,
          0.00000000e+00,  2.94702854e-01,  2.54321838e-01],
        [-4.49894503e-01, -3.93386441e-01, -3.93386441e-01, ...,
         -2.94702854e-01,  0.00000000e+00, -4.19857815e-02],
        [-4.12001057e-01, -3.54438953e-01, -3.54438953e-01, ...,
         -2.54321838e-01,  4.19857815e-02,  0.00000000e+00]],

       [[ 0.00000000e+00, -4.12816580e-01,  5.54601348e-02, ...,
         -7.08171491e-02,  7.19034102e-01,  4.19447076e-01],
        [ 4.12816580e-01,  0.00000000e+00,  4.62695092e-01, ...,
          3.47278863e-01,  9.41803572e-01,  7.56784893e-01],
        [-5.54601348e-02, -4.62695092e-01,  0.00000000e+00, ...,
         -1.26029046e-01,  6.79384042e-01,  3.68455916e-01],
        ...,
        [ 7.08171491e-02, -3.47278863e-01,  1.26029046e-01, ...,
          0.00000000e+00,  7.66444966e-01,  4.82680353e-01],
        [-7.19034102e-01, -9.41803572e-01, -6.79384042e-01, ...,
         -7.66444966e-01,  0.00000000e+00, -3.61219483e-01],
        [-4.19447076e-01, -7.56784893e-01, -3.68455916e-01, ...,
         -4.82680353e-01,  3.61219483e-01,  0.00000000e+00]],

       [[ 0.00000000e+00, -2.61602240e-01, -5.30067748e-01, ...,
         -4.40023290e-01, -2.95460918e-01, -2.50379943e-01],
        [ 2.61602240e-01,  0.00000000e+00, -2.89781543e-01, ...,
         -1.89784575e-01, -3.52487571e-02,  1.16089408e-02],
        [ 5.30067748e-01,  2.89781543e-01,  0.00000000e+00, ...,
          1.02873530e-01,  2.55865132e-01,  3.00872850e-01],
        ...,
        [ 4.40023290e-01,  1.89784575e-01, -1.02873530e-01, ...,
          0.00000000e+00,  1.55058499e-01,  2.01169743e-01],
        [ 2.95460918e-01,  3.52487571e-02, -2.55865132e-01, ...,
         -1.55058499e-01,  0.00000000e+00,  4.68481085e-02],
        [ 2.50379943e-01, -1.16089408e-02, -3.00872850e-01, ...,
         -2.01169743e-01, -4.68481085e-02,  0.00000000e+00]],

       ...,

       [[ 0.00000000e+00,  1.37131015e-02,  1.72298529e-01, ...,
         -8.27588679e-01, -3.25475564e-01, -3.25475564e-01],
        [-1.37131015e-02,  0.00000000e+00,  1.58774309e-01, ...,
         -8.35208505e-01, -3.38411389e-01, -3.38411389e-01],
        [-1.72298529e-01, -1.58774309e-01,  0.00000000e+00, ...,
         -9.11929102e-01, -4.83524957e-01, -4.83524957e-01],
        ...,
        [ 8.27588679e-01,  8.35208505e-01,  9.11929102e-01, ...,
          0.00000000e+00,  5.99826024e-01,  5.99826024e-01],
        [ 3.25475564e-01,  3.38411389e-01,  4.83524957e-01, ...,
         -5.99826024e-01,  0.00000000e+00,  0.00000000e+00],
        [ 3.25475564e-01,  3.38411389e-01,  4.83524957e-01, ...,
         -5.99826024e-01,  0.00000000e+00,  0.00000000e+00]],

       [[ 0.00000000e+00,  1.87855486e-01,  1.87151901e-01, ...,
          7.76520251e-01,  8.00147699e-01,  7.78875485e-01],
        [-1.87855486e-01,  0.00000000e+00, -7.16289282e-04, ...,
          6.44329318e-01,  6.73226125e-01,  6.47189976e-01],
        [-1.87151901e-01,  7.16289282e-04,  0.00000000e+00, ...,
          6.44876934e-01,  6.73755603e-01,  6.47735858e-01],
        ...,
        [-7.76520251e-01, -6.44329318e-01, -6.44876934e-01, ...,
          0.00000000e+00,  3.84077095e-02,  3.74656771e-03],
        [-8.00147699e-01, -6.73226125e-01, -6.73755603e-01, ...,
         -3.84077095e-02,  0.00000000e+00, -3.46636367e-02],
        [-7.78875485e-01, -6.47189976e-01, -6.47735858e-01, ...,
         -3.74656771e-03,  3.46636367e-02,  0.00000000e+00]],

       [[ 0.00000000e+00,  8.03299340e-02,  4.83149584e-01, ...,
          9.19861619e-01,  9.11665341e-01,  9.11142101e-01],
        [-8.03299340e-02,  0.00000000e+00,  4.11256308e-01, ...,
          9.48397787e-01,  9.41729396e-01,  9.41300937e-01],
        [-4.83149584e-01, -4.11256308e-01,  0.00000000e+00, ...,
          9.94885701e-01,  9.96739817e-01,  9.96841600e-01],
        ...,
        [-9.19861619e-01, -9.48397787e-01, -9.94885701e-01, ...,
          0.00000000e+00,  2.04075306e-02,  2.16787542e-02],
        [-9.11665341e-01, -9.41729396e-01, -9.96739817e-01, ...,
         -2.04075306e-02,  0.00000000e+00,  1.27150496e-03],
        [-9.11142101e-01, -9.41300937e-01, -9.96841600e-01, ...,
         -2.16787542e-02, -1.27150496e-03,  0.00000000e+00]]]), 'num': array([ 7.07104497e-01,  7.07104497e-01,  0.00000000e+00,  8.81345370e-04,
        8.90564464e-04,  8.72126276e-04,  4.39271383e-04, -1.01410032e-05,
        8.81529752e-04,  8.86093204e-04,  8.96418589e-04,  4.23943731e-07,
        9.13893167e-04,  8.58293240e-04])}
{'img': array([[[ 0.        ,  0.        ,  0.10497382, ...,  0.39338644,
          0.35443895,  0.20530425],
        [ 0.        ,  0.        ,  0.10497382, ...,  0.39338644,
          0.35443895,  0.20530425],
        [-0.10497382, -0.10497382,  0.        , ...,  0.29470285,
          0.25432184,  0.10143225],
        ...,
        [-0.39338644, -0.39338644, -0.29470285, ...,  0.        ,
         -0.04198578, -0.19625537],
        [-0.35443895, -0.35443895, -0.25432184, ...,  0.04198578,
          0.        , -0.15491304],
        [-0.20530425, -0.20530425, -0.10143225, ...,  0.19625537,
          0.15491304,  0.        ]],

       [[ 0.        ,  0.46269509,  0.4489724 , ...,  0.94180357,
          0.75678489,  0.39846135],
        [-0.46269509,  0.        , -0.01541729, ...,  0.67938404,
          0.36845592, -0.0711341 ],
        [-0.4489724 ,  0.01541729,  0.        , ...,  0.69061624,
          0.38274473, -0.05574741],
        ...,
        [-0.94180357, -0.67938404, -0.69061624, ...,  0.        ,
         -0.36121948, -0.72985999],
        [-0.75678489, -0.36845592, -0.38274473, ...,  0.36121948,
          0.        , -0.43365201],
        [-0.39846135,  0.0711341 ,  0.05574741, ...,  0.72985999,
          0.43365201,  0.        ]],

       [[ 0.        , -0.28978154, -0.42761441, ..., -0.03524876,
          0.01160894,  0.02889475],
        [ 0.28978154,  0.        , -0.1473154 , ...,  0.25586513,
          0.30087285,  0.3173155 ],
        [ 0.42761441,  0.1473154 ,  0.        , ...,  0.39548517,
          0.43807963,  0.4535556 ],
        ...,
        [ 0.03524876, -0.25586513, -0.39548517, ...,  0.        ,
          0.04684811,  0.06411083],
        [-0.01160894, -0.30087285, -0.43807963, ..., -0.04684811,
          0.        ,  0.01728871],
        [-0.02889475, -0.3173155 , -0.4535556 , ..., -0.06411083,
         -0.01728871,  0.        ]],

       ...,

       [[ 0.        ,  0.15877431,  0.37779854, ..., -0.33841139,
         -0.33841139, -0.44490833],
        [-0.15877431,  0.        ,  0.22599893, ..., -0.48352496,
         -0.48352496, -0.5814591 ],
        [-0.37779854, -0.22599893,  0.        , ..., -0.66883876,
         -0.66883876, -0.75028256],
        ...,
        [ 0.33841139,  0.48352496,  0.66883876, ...,  0.        ,
          0.        , -0.11558481],
        [ 0.33841139,  0.48352496,  0.66883876, ...,  0.        ,
          0.        , -0.11558481],
        [ 0.44490833,  0.5814591 ,  0.75028256, ...,  0.11558481,
          0.11558481,  0.        ]],

       [[ 0.        , -0.01646176,  0.31071434, ...,  0.77904193,
          0.75630362,  0.73200353],
        [ 0.01646176,  0.        ,  0.3263192 , ...,  0.78925743,
          0.76697077,  0.74311976],
        [-0.31071434, -0.3263192 ,  0.        , ...,  0.54567282,
          0.51559334,  0.48408186],
        ...,
        [-0.77904193, -0.78925743, -0.54567282, ...,  0.        ,
         -0.03548436, -0.07181633],
        [-0.75630362, -0.76697077, -0.51559334, ...,  0.03548436,
          0.        , -0.03637837],
        [-0.73200353, -0.74311976, -0.48408186, ...,  0.07181633,
          0.03637837,  0.        ]],

       [[ 0.        ,  0.47760755,  0.54387851, ...,  0.91209448,
          0.91157185,  0.91840095],
        [-0.47760755,  0.        ,  0.07704608, ...,  0.99715143,
          0.99724663,  0.99584844],
        [-0.54387851, -0.07704608,  0.        , ...,  0.98837618,
          0.9885689 ,  0.98587505],
        ...,
        [-0.91209448, -0.99715143, -0.98837618, ...,  0.        ,
          0.00127296, -0.01565502],
        [-0.91157185, -0.99724663, -0.9885689 , ..., -0.00127296,
          0.        , -0.01692782],
        [-0.91840095, -0.99584844, -0.98587505, ...,  0.01565502,
          0.01692782,  0.        ]]]), 'num': array([7.07104250e-01, 7.07104250e-01, 0.00000000e+00, 9.07158516e-04,
       9.20987152e-04, 8.73047881e-04, 8.77749617e-04, 2.58134537e-05,
