state_0,state_1,state_2,state_3,state_4,state_5,state_6,state_7,state_8,state_9,state_10,state_11,state_12,state_13,state_14,state_15,state_16,state_17,state_18,state_19,state_20,state_21,state_22,state_23,state_24,state_25,state_26,state_27,state_28,state_29,state_30,state_31,state_32,state_33,state_34,state_35,state_36,state_37,state_38,state_39,state_40,state_41,state_42,state_43,state_44,state_45,state_46,state_47,state_48,state_49,state_50,state_51,state_52,state_53,state_54,state_55,state_56,state_57,state_58,state_59,state_60,state_61,state_62,state_63,state_64,state_65,state_66,state_67,state_68,state_69,state_70,state_71,state_72,state_73,state_74,state_75,state_76,state_77,state_78,state_79,state_80,state_81,state_82,state_83,state_84,state_85,state_86,state_87,state_88,state_89,state_90,state_91,state_92,state_93,state_94,state_95,state_96,state_97,state_98,state_99,state_100,state_101,state_102,state_103,state_104,state_105,state_106,state_107,state_108,state_109,state_110,state_111,state_112,state_113,state_114,state_115,state_116,state_117,state_118,state_119,state_120,state_121,state_122,state_123,state_124,state_125,state_126,state_127,state_128,state_129,state_130,state_131,state_132,state_133,state_134,state_135,state_136,state_137,state_138,state_139,state_140,state_141,state_142,state_143,state_144,state_145,state_146,state_147,state_148,state_149,state_150,state_151,state_152,state_153,state_154,state_155,state_156,state_157,state_158,state_159,state_160,state_161,state_162,state_163,state_164,state_165,state_166,state_167,state_168,state_169,state_170,state_171,state_172,state_173,state_174,state_175,state_176,state_177,state_178,state_179,state_180,state_181,state_182,state_183,state_184,state_185,state_186,state_187,state_188,state_189,state_190,state_191,state_192,state_193,state_194,state_195,state_196,state_197,state_198,state_199,state_200,state_201,state_202,state_203,state_204,state_205,state_206,state_207,state_208,state_209,state_210,state_211,state_212,state_213,state_214,state_215,state_216,state_217,state_218,state_219,state_220,state_221,state_222,state_223,state_224,state_225,state_226,state_227,state_228,state_229,state_230,state_231,state_232,state_233,state_234,state_235,state_236,state_237,state_238,state_239,state_240,state_241,state_242,state_243,state_244,state_245,state_246,state_247,state_248,state_249,state_250,state_251,state_252,state_253,state_254,state_255,state_256,state_257,state_258,state_259,state_260,state_261,state_262,state_263,state_264,state_265,state_266,state_267,state_268,state_269,state_270,state_271,state_272,state_273,state_274,state_275,state_276,state_277,state_278,state_279,state_280,state_281,state_282,state_283,state_284,state_285,state_286,state_287
{'img': array([[[ 0.        , -0.37062303, -0.61015137, ..., -0.77492967,
         -0.83191963, -0.69286404],
        [ 0.37062303,  0.        , -0.27305944, ..., -0.95399314,
         -0.97833042, -0.91076511],
        [ 0.61015137,  0.27305944,  0.        , ..., -0.99960968,
         -0.99768797, -0.98890647],
        ...,
        [ 0.77492967,  0.95399314,  0.99960968, ...,  0.        ,
          0.09580722, -0.12085421],
        [ 0.83191963,  0.97833042,  0.99768797, ..., -0.09580722,
          0.        , -0.21540325],
        [ 0.69286404,  0.91076511,  0.98890647, ...,  0.12085421,
          0.21540325,  0.        ]],

       [[ 0.        , -0.11017388, -0.11534157, ..., -0.5328818 ,
         -0.20847312, -0.22167926],
        [ 0.11017388,  0.        , -0.00520084, ..., -0.43640979,
         -0.09945085, -0.11289704],
        [ 0.11534157,  0.00520084,  0.        , ..., -0.43172444,
         -0.09427445, -0.10772792],
        ...,
        [ 0.5328818 ,  0.43640979,  0.43172444, ...,  0.        ,
          0.34476557,  0.33204081],
        [ 0.20847312,  0.09945085,  0.09427445, ..., -0.34476557,
          0.        , -0.01352231],
        [ 0.22167926,  0.11289704,  0.10772792, ..., -0.33204081,
          0.01352231,  0.        ]],

       [[ 0.        , -0.15781515, -0.39238869, ..., -0.6491603 ,
         -0.70493372, -0.67878632],
        [ 0.15781515,  0.        , -0.24231324, ..., -0.76106782,
         -0.80803402, -0.78616955],
        [ 0.39238869,  0.24231324,  0.        , ..., -0.89556842,
         -0.92670846, -0.9124924 ],
        ...,
        [ 0.6491603 ,  0.76106782,  0.89556842, ...,  0.        ,
          0.07577699,  0.03961825],
        [ 0.70493372,  0.80803402,  0.92670846, ..., -0.07577699,
          0.        , -0.03621316],
        [ 0.67878632,  0.78616955,  0.9124924 , ..., -0.03961825,
          0.03621316,  0.        ]],

       ...,

       [[ 0.        , -0.43454907, -0.61056833, ...,  0.30785693,
          0.52713363,  0.44205206],
        [ 0.43454907,  0.        , -0.2057602 , ...,  0.69071496,
          0.84403409,  0.78791928],
        [ 0.61056833,  0.2057602 ,  0.        , ...,  0.82472613,
          0.93632086,  0.89776245],
        ...,
        [-0.30785693, -0.69071496, -0.82472613, ...,  0.        ,
          0.23992075,  0.14443837],
        [-0.52713363, -0.84403409, -0.93632086, ..., -0.23992075,
          0.        , -0.09718521],
        [-0.44205206, -0.78791928, -0.89776245, ..., -0.14443837,
          0.09718521,  0.        ]],

       [[ 0.        ,  0.04302957,  0.11196394, ..., -0.53957065,
         -0.54656569, -0.28213377],
        [-0.04302957,  0.        ,  0.06910123, ..., -0.50284257,
         -0.5100258 , -0.24059096],
        [-0.11196394, -0.06910123,  0.        , ..., -0.44191102,
         -0.4493686 , -0.17294437],
        ...,
        [ 0.53957065,  0.50284257,  0.44191102, ...,  0.        ,
          0.00833047, -0.28011084],
        [ 0.54656569,  0.5100258 ,  0.4493686 , ..., -0.00833047,
          0.        , -0.2880981 ],
        [ 0.28213377,  0.24059096,  0.17294437, ...,  0.28011084,
          0.2880981 ,  0.        ]],

       [[ 0.        , -0.34146883, -0.51579979, ..., -0.63522408,
         -0.6335624 , -0.66401692],
        [ 0.34146883,  0.        , -0.19225719, ..., -0.86076863,
         -0.85967249, -0.87942716],
        [ 0.51579979,  0.19225719,  0.        , ..., -0.94256885,
         -0.94184867, -0.95454193],
        ...,
        [ 0.63522408,  0.86076863,  0.94256885, ...,  0.        ,
         -0.00214962,  0.0378706 ],
        [ 0.6335624 ,  0.85967249,  0.94184867, ...,  0.00214962,
          0.        ,  0.04001859],
        [ 0.66401692,  0.87942716,  0.95454193, ..., -0.0378706 ,
         -0.04001859,  0.        ]]]), 'num': array([7.14128047e-01, 7.00009851e-01, 2.11667116e-07, 9.41213109e-04,
       9.46857565e-04, 9.31335310e-04, 3.89763827e-04, 0.00000000e+00,
       9.57864255e-04, 9.24138628e-04, 1.02599755e-03, 7.67207669e-07,
       9.84377831e-04, 8.63899425e-04])}
{'img': array([[[ 0.        , -0.31381458, -0.2830193 , ..., -0.95859698,
         -0.87378737, -0.87378737],
        [ 0.31381458,  0.        ,  0.03226165, ..., -0.99953658,
         -0.98225797, -0.98225797],
        [ 0.2830193 , -0.03226165,  0.        , ..., -0.99999834,
         -0.97569648, -0.97569648],
        ...,
        [ 0.95859698,  0.99953658,  0.99999834, ...,  0.        ,
         -0.21734836, -0.21734836],
        [ 0.87378737,  0.98225797,  0.97569648, ...,  0.21734836,
          0.        ,  0.        ],
        [ 0.87378737,  0.98225797,  0.97569648, ...,  0.21734836,
          0.        ,  0.        ]],

       [[ 0.        , -0.00491148,  0.22339113, ..., -0.09279873,
         -0.10512375, -0.50480897],
        [ 0.00491148,  0.        ,  0.2281758 , ..., -0.08790732,
         -0.10023821, -0.50056314],
        [-0.22339113, -0.2281758 ,  0.        , ..., -0.31288078,
         -0.32462051, -0.68489006],
        ...,
        [ 0.09279873,  0.08790732,  0.31288078, ...,  0.        ,
         -0.01238558, -0.42252392],
        [ 0.10512375,  0.10023821,  0.32462051, ...,  0.01238558,
          0.        , -0.41126581],
        [ 0.50480897,  0.50056314,  0.68489006, ...,  0.42252392,
          0.41126581,  0.        ]],

       [[ 0.        , -0.36270461, -0.447921  , ..., -0.7067733 ,
         -0.68059399, -0.68997464],
        [ 0.36270461,  0.        , -0.09313499, ..., -0.91523677,
         -0.89998781, -0.905528  ],
        [ 0.447921  ,  0.09313499,  0.        , ..., -0.9487843 ,
         -0.93667495, -0.94110803],
        ...,
        [ 0.7067733 ,  0.91523677,  0.9487843 , ...,  0.        ,
         -0.0363456 , -0.0234705 ],
        [ 0.68059399,  0.89998781,  0.93667495, ...,  0.0363456 ,
          0.        ,  0.0128806 ],
        [ 0.68997464,  0.905528  ,  0.94110803, ...,  0.0234705 ,
         -0.0128806 ,  0.        ]],

       ...,

       [[ 0.        , -0.2057602 , -0.40919397, ...,  0.84403409,
          0.78791928,  0.66711186],
        [ 0.2057602 ,  0.        , -0.21269286, ...,  0.93632086,
          0.89776245,  0.80611991],
        [ 0.40919397,  0.21269286,  0.        , ...,  0.98958317,
          0.97090778,  0.91353664],
        ...,
        [-0.84403409, -0.93632086, -0.98958317, ...,  0.        ,
         -0.09718521, -0.27100448],
        [-0.78791928, -0.89776245, -0.97090778, ...,  0.09718521,
          0.        , -0.17617327],
        [-0.66711186, -0.80611991, -0.91353664, ...,  0.27100448,
          0.17617327,  0.        ]],

       [[ 0.        ,  0.06873641,  0.13675801, ..., -0.56303276,
         -0.431675  , -0.23935111],
        [-0.06873641,  0.        ,  0.06834397, ..., -0.50489497,
         -0.36865178, -0.17204656],
        [-0.13675801, -0.06834397,  0.        , ..., -0.44472123,
         -0.30425947, -0.10431941],
        ...,
        [ 0.56303276,  0.50489497,  0.44472123, ...,  0.        ,
         -0.15112086, -0.3488591 ],
        [ 0.431675  ,  0.36865178,  0.30425947, ...,  0.15112086,
          0.        , -0.20322584],
        [ 0.23935111,  0.17204656,  0.10431941, ...,  0.3488591 ,
          0.20322584,  0.        ]],

       [[ 0.        , -0.40517616, -0.53804129, ..., -0.64203   ,
         -0.67271614, -0.68484305],
        [ 0.40517616,  0.        , -0.15036765, ..., -0.8976089 ,
         -0.9148132 , -0.92135804],
        [ 0.53804129,  0.15036765,  0.        , ..., -0.95368419,
         -0.96514198, -0.9693325 ],
        ...,
        [ 0.64203   ,  0.8976089 ,  0.95368419, ...,  0.        ,
          0.04071926,  0.05721391],
        [ 0.67271614,  0.9148132 ,  0.96514198, ..., -0.04071926,
          0.        ,  0.0165139 ],
        [ 0.68484305,  0.92135804,  0.9693325 , ..., -0.05721391,
         -0.0165139 ,  0.        ]]]), 'num': array([7.07105745e-01, 7.07105745e-01, 0.00000000e+00, 6.04831098e-04,
       6.04831098e-04, 5.82789149e-04, 3.02468450e-04, 1.67518817e-05,
       5.99012023e-04, 5.77719500e-04, 6.37247459e-04, 5.13332516e-07,
       6.16142355e-04, 5.39296645e-04])}
{'img': array([[[ 0.        ,  0.03226165,  0.02133722, ..., -0.98225797,
         -0.98225797, -0.99935676],
        [-0.03226165,  0.        , -0.01092819, ..., -0.97569648,
         -0.97569648, -0.9976796 ],
        [-0.02133722,  0.01092819,  0.        , ..., -0.97803287,
         -0.97803287, -0.99836405],
        ...,
        [ 0.98225797,  0.97569648,  0.97803287, ...,  0.        ,
          0.        ,  0.15218866],
        [ 0.98225797,  0.97569648,  0.97803287, ...,  0.        ,
          0.        ,  0.15218866],
        [ 0.99935676,  0.9976796 ,  0.99836405, ..., -0.15218866,
         -0.15218866,  0.        ]],

       [[ 0.        ,  0.2281758 , -0.04241752, ..., -0.10023821,
         -0.50056314, -0.26419377],
        [-0.2281758 ,  0.        , -0.26926898, ..., -0.32462051,
         -0.68489006, -0.47729295],
        [ 0.04241752,  0.26926898,  0.        , ..., -0.05794412,
         -0.46339177, -0.22304558],
        ...,
        [ 0.10023821,  0.32462051,  0.05794412, ...,  0.        ,
         -0.41126581, -0.16618644],
        [ 0.50056314,  0.68489006,  0.46339177, ...,  0.41126581,
          0.        ,  0.25406539],
        [ 0.26419377,  0.47729295,  0.22304558, ...,  0.16618644,
         -0.25406539,  0.        ]],

       [[ 0.        , -0.27711933, -0.29462296, ..., -0.69059929,
         -0.7000445 , -0.70401736],
        [ 0.27711933,  0.        , -0.01826521, ..., -0.86397544,
         -0.87051832, -0.87325025],
        [ 0.29462296,  0.01826521,  0.        , ..., -0.87302846,
         -0.87936206, -0.8820047 ],
        ...,
        [ 0.69059929,  0.86397544,  0.87302846, ...,  0.        ,
          0.0131421 ,  0.01872011],
        [ 0.7000445 ,  0.87051832,  0.87936206, ..., -0.0131421 ,
          0.        ,  0.0055787 ],
        [ 0.70401736,  0.87325025,  0.8820047 , ..., -0.01872011,
         -0.0055787 ,  0.        ]],

       ...,

       [[ 0.        , -0.21269286, -0.19658792, ...,  0.89776245,
          0.80611991,  0.87124247],
        [ 0.21269286,  0.        ,  0.0164526 , ...,  0.97090778,
          0.91353664,  0.95570857],
        [ 0.19658792, -0.0164526 ,  0.        , ...,  0.96683673,
          0.90672079,  0.95073697],
        ...,
        [-0.89776245, -0.97090778, -0.96683673, ...,  0.        ,
         -0.17617327, -0.05690445],
        [-0.80611991, -0.91353664, -0.90672079, ...,  0.17617327,
          0.        ,  0.11987338],
        [-0.87124247, -0.95570857, -0.95073697, ...,  0.05690445,
         -0.11987338,  0.        ]],

       [[ 0.        ,  0.06834397,  0.17204656, ..., -0.36865178,
         -0.17204656, -0.27294613],
        [-0.06834397,  0.        ,  0.10431941, ..., -0.30425947,
         -0.10431941, -0.20655903],
        [-0.17204656, -0.10431941,  0.        , ..., -0.20322584,
         -0.        , -0.10336235],
        ...,
        [ 0.36865178,  0.30425947,  0.20322584, ...,  0.        ,
         -0.20322584, -0.10093195],
        [ 0.17204656,  0.10431941,  0.        , ...,  0.20322584,
          0.        ,  0.10336235],
        [ 0.27294613,  0.20655903,  0.10336235, ...,  0.10093195,
         -0.10336235,  0.        ]],

       [[ 0.        , -0.37878528, -0.51600904, ..., -0.68531396,
         -0.69755068, -0.69417058],
        [ 0.37878528,  0.        , -0.15309732, ..., -0.91009703,
         -0.91698548, -0.9150978 ],
        [ 0.51600904,  0.15309732,  0.        , ..., -0.9628108 ,
         -0.96724892, -0.96604355],
        ...,
        [ 0.68531396,  0.91009703,  0.9628108 , ...,  0.        ,
          0.01693796,  0.01223194],
        [ 0.69755068,  0.91698548,  0.96724892, ..., -0.01693796,
          0.        , -0.0047065 ],
        [ 0.69417058,  0.9150978 ,  0.96604355, ..., -0.01223194,
          0.0047065 ,  0.        ]]]), 'num': array([ 7.07105747e-01,  7.07105747e-01,  0.00000000e+00,  5.84552507e-04,
        6.06594457e-04,  5.81907473e-04,  3.33309547e-04, -2.02785938e-05,
        5.95661650e-04,  5.78865684e-04,  6.33441551e-04,  5.04366011e-07,
        6.16662737e-04,  5.41068631e-04])}
{'img': array([[[ 0.        , -0.01092819,  0.54666808, ..., -0.97569648,
         -0.9976796 , -0.96737901],
        [ 0.01092819,  0.        ,  0.55578615, ..., -0.97803287,
         -0.99836405, -0.97008972],
        [-0.54666808, -0.55578615,  0.        , ..., -0.69720946,
         -0.79818709, -0.67154491],
        ...,
        [ 0.97569648,  0.97803287,  0.69720946, ...,  0.        ,
          0.15218866, -0.03519831],
        [ 0.9976796 ,  0.99836405,  0.79818709, ..., -0.15218866,
          0.        , -0.18688266],
        [ 0.96737901,  0.97008972,  0.67154491, ...,  0.03519831,
          0.18688266,  0.        ]],

       [[ 0.        , -0.26926898,  0.19654494, ..., -0.68489006,
         -0.47729295, -0.42317599],
        [ 0.26926898,  0.        ,  0.45330239, ..., -0.46339177,
         -0.22304558, -0.16357551],
        [-0.19654494, -0.45330239,  0.        , ..., -0.81474292,
         -0.640696  , -0.59300092],
        ...,
        [ 0.68489006,  0.46339177,  0.81474292, ...,  0.        ,
          0.25406539,  0.31219725],
        [ 0.47729295,  0.22304558,  0.640696  , ..., -0.25406539,
          0.        ,  0.06058662],
        [ 0.42317599,  0.16357551,  0.59300092, ..., -0.31219725,
         -0.06058662,  0.        ]],

       [[ 0.        , -0.10307325, -0.15435163, ..., -0.70582242,
         -0.70980905, -0.68377412],
        [ 0.10307325,  0.        , -0.0516915 , ..., -0.77507898,
         -0.77863264, -0.75534408],
        [ 0.15435163,  0.0516915 ,  0.        , ..., -0.8067048 ,
         -0.81002707, -0.78820917],
        ...,
        [ 0.70582242,  0.77507898,  0.8067048 , ...,  0.        ,
          0.00564362, -0.03065627],
        [ 0.70980905,  0.77863264,  0.81002707, ..., -0.00564362,
          0.        , -0.03629674],
        [ 0.68377412,  0.75534408,  0.78820917, ...,  0.03065627,
          0.03629674,  0.        ]],

       ...,

       [[ 0.        ,  0.0164526 ,  0.38910728, ...,  0.91353664,
          0.95570857,  0.945773  ],
        [-0.0164526 ,  0.        ,  0.3738986 , ...,  0.90672079,
          0.95073697,  0.94030071],
        [-0.38910728, -0.3738986 ,  0.        , ...,  0.68327115,
          0.76587153,  0.74484588],
        ...,
        [-0.91353664, -0.90672079, -0.68327115, ...,  0.        ,
          0.11987338,  0.0879567 ],
        [-0.95570857, -0.95073697, -0.76587153, ..., -0.11987338,
          0.        , -0.03208633],
        [-0.945773  , -0.94030071, -0.74484588, ..., -0.0879567 ,
          0.03208633,  0.        ]],

       [[ 0.        ,  0.10431941,  0.03409968, ..., -0.10431941,
         -0.20655903, -0.22830245],
        [-0.10431941,  0.        , -0.07034511, ..., -0.        ,
         -0.10336235, -0.12549244],
        [-0.03409968,  0.07034511,  0.        , ..., -0.07034511,
         -0.17307461, -0.19497056],
        ...,
        [ 0.10431941,  0.        ,  0.07034511, ...,  0.        ,
          0.10336235,  0.12549244],
        [ 0.20655903,  0.10336235,  0.17307461, ..., -0.10336235,
          0.        ,  0.02227504],
        [ 0.22830245,  0.12549244,  0.19497056, ..., -0.12549244,
         -0.02227504,  0.        ]],

       [[ 0.        , -0.37150213, -0.45379453, ..., -0.70864472,
         -0.70524133, -0.71774181],
        [ 0.37150213,  0.        , -0.0902695 , ..., -0.92004759,
         -0.91815156, -0.92505494],
        [ 0.45379453,  0.0902695 ,  0.        , ..., -0.95165957,
         -0.95017052, -0.95556565],
        ...,
        [ 0.70864472,  0.92004759,  0.95165957, ...,  0.        ,
         -0.00481201,  0.01297792],
        [ 0.70524133,  0.91815156,  0.95017052, ...,  0.00481201,
          0.        ,  0.01778937],
        [ 0.71774181,  0.92505494,  0.95556565, ..., -0.01297792,
         -0.01778937,  0.        ]]]), 'num': array([7.67406882e-01, 6.41157846e-01, 1.90420868e-06, 6.34417263e-04,
       6.35374152e-04, 6.23891487e-04, 1.83014549e-04, 0.00000000e+00,
       6.40349974e-04, 6.28532397e-04, 6.83298332e-04, 5.24745462e-07,
       6.69641992e-04, 5.87422802e-04])}
{'img': array([[[ 0.        ,  0.55578615,  0.18976057, ..., -0.99836405,
         -0.97008972, -0.97008972],
        [-0.55578615,  0.        , -0.38793497, ..., -0.79818709,
         -0.67154491, -0.67154491],
        [-0.18976057,  0.38793497,  0.        , ..., -0.96937423,
         -0.90639983, -0.90639983],
        ...,
        [ 0.99836405,  0.79818709,  0.96937423, ...,  0.        ,
         -0.18688266, -0.18688266],
        [ 0.97008972,  0.67154491,  0.90639983, ...,  0.18688266,
          0.        ,  0.        ],
        [ 0.97008972,  0.67154491,  0.90639983, ...,  0.18688266,
          0.        ,  0.        ]],

       [[ 0.        ,  0.41874695, -0.04514503, ..., -0.17396643,
         -0.13185533, -0.5305831 ],
        [-0.41874695,  0.        , -0.45931635, ..., -0.57034115,
         -0.53482907, -0.83676779],
        [ 0.04514503,  0.45931635,  0.        , ..., -0.12933242,
         -0.08697003, -0.49177573],
        ...,
        [ 0.17396643,  0.57034115,  0.12933242, ...,  0.        ,
          0.04260278, -0.37503288],
        [ 0.13185533,  0.53482907,  0.08697003, ..., -0.04260278,
          0.        , -0.41418565],
        [ 0.5305831 ,  0.83676779,  0.49177573, ...,  0.37503288,
          0.41418565,  0.        ]],

       [[ 0.        , -0.11535411, -0.17075366, ..., -0.7105915 ,
         -0.68454355, -0.63599207],
        [ 0.11535411,  0.        , -0.05595378, ..., -0.78701161,
         -0.76406375, -0.72076472],
        [ 0.17075366,  0.05595378,  0.        , ..., -0.82029867,
         -0.7989648 , -0.75842157],
        ...,
        [ 0.7105915 ,  0.78701161,  0.82029867, ...,  0.        ,
         -0.03635314, -0.10087325],
        [ 0.68454355,  0.76406375,  0.7989648 , ...,  0.03635314,
          0.        , -0.06463886],
        [ 0.63599207,  0.72076472,  0.75842157, ...,  0.10087325,
          0.06463886,  0.        ]],

       ...,

       [[ 0.        ,  0.3738986 ,  0.23839382, ...,  0.95073697,
          0.94030071,  0.91272568],
        [-0.3738986 ,  0.        , -0.14201555, ...,  0.76587153,
          0.74484588,  0.69376047],
        [-0.23839382,  0.14201555,  0.        , ...,  0.84942408,
          0.8320544 ,  0.78900923],
        ...,
        [-0.95073697, -0.76587153, -0.84942408, ...,  0.        ,
         -0.03208633, -0.10550157],
        [-0.94030071, -0.74484588, -0.8320544 , ...,  0.03208633,
          0.        , -0.07353999],
        [-0.91272568, -0.69376047, -0.78900923, ...,  0.10550157,
          0.07353999,  0.        ]],

       [[ 0.        , -0.07034511, -0.03236966, ..., -0.10336235,
         -0.12549244, -0.1382289 ],
        [ 0.07034511,  0.        ,  0.03801877, ..., -0.17307461,
         -0.19497056, -0.20755628],
        [ 0.03236966, -0.03801877,  0.        , ..., -0.13550447,
         -0.15754044, -0.17021539],
        ...,
        [ 0.10336235,  0.17307461,  0.13550447, ...,  0.        ,
          0.02227504,  0.03511841],
        [ 0.12549244,  0.19497056,  0.15754044, ..., -0.02227504,
          0.        ,  0.01284839],
        [ 0.1382289 ,  0.20755628,  0.17021539, ..., -0.03511841,
         -0.01284839,  0.        ]],

       [[ 0.        , -0.27554206, -0.3923952 , ..., -0.7159354 ,
         -0.7285066 , -0.72978012],
        [ 0.27554206,  0.        , -0.12376251, ..., -0.88059508,
         -0.8890624 , -0.88991274],
        [ 0.3923952 ,  0.12376251,  0.        , ..., -0.93247223,
         -0.93888391, -0.93952287],
        ...,
        [ 0.7159354 ,  0.88059508,  0.93247223, ...,  0.        ,
          0.01817542,  0.02003596],
        [ 0.7285066 ,  0.8890624 ,  0.93888391, ..., -0.01817542,
          0.        ,  0.00186088],
        [ 0.72978012,  0.88991274,  0.93952287, ..., -0.02003596,
         -0.00186088,  0.        ]]]), 'num': array([7.70587212e-01, 6.37331046e-01, 1.89284326e-06, 6.69628973e-04,
       6.69628973e-04, 6.37288938e-04, 1.05994467e-03, 3.89982783e-05,
       6.43566709e-04, 6.27967398e-04, 6.75732363e-04, 6.21177155e-07,
       6.72242030e-04, 5.83692767e-04])}
{'img': array([[[ 0.00000000e+00, -3.87934969e-01, -5.37327786e-01, ...,
         -6.71544909e-01, -6.71544909e-01, -8.69475593e-01],
        [ 3.87934969e-01,  0.00000000e+00, -1.68073829e-01, ...,
         -9.06399833e-01, -9.06399833e-01, -9.93014658e-01],
        [ 5.37327786e-01,  1.68073829e-01,  0.00000000e+00, ...,
         -9.64503644e-01, -9.64503644e-01, -9.98719647e-01],
        ...,
        [ 6.71544909e-01,  9.06399833e-01,  9.64503644e-01, ...,
          0.00000000e+00,  0.00000000e+00,  3.12522984e-01],
        [ 6.71544909e-01,  9.06399833e-01,  9.64503644e-01, ...,
          0.00000000e+00,  0.00000000e+00,  3.12522984e-01],
        [ 8.69475593e-01,  9.93014658e-01,  9.98719647e-01, ...,
         -3.12522984e-01, -3.12522984e-01,  0.00000000e+00]],

       [[ 0.00000000e+00, -4.59316348e-01, -4.99744989e-01, ...,
         -5.34829071e-01, -8.36767787e-01, -1.03146899e-02],
        [ 4.59316348e-01,  0.00000000e+00, -4.60626318e-02, ...,
         -8.69700268e-02, -4.91775729e-01,  4.50129655e-01],
        [ 4.99744989e-01,  4.60626318e-02,  0.00000000e+00, ...,
         -4.09896156e-02, -4.51145993e-01,  4.90784102e-01],
        ...,
        [ 5.34829071e-01,  8.69700268e-02,  4.09896156e-02, ...,
          0.00000000e+00, -4.14185648e-01,  5.26085116e-01],
        [ 8.36767787e-01,  4.91775729e-01,  4.51145993e-01, ...,
          4.14185648e-01,  0.00000000e+00,  8.31075383e-01],
        [ 1.03146899e-02, -4.50129655e-01, -4.90784102e-01, ...,
         -5.26085116e-01, -8.31075383e-01,  0.00000000e+00]],

       [[ 0.00000000e+00, -1.26532269e-01, -7.31516300e-02, ...,
         -6.85508844e-01, -6.36918657e-01, -6.92553645e-01],
        [ 1.26532269e-01,  0.00000000e+00,  5.36295949e-02, ...,
         -7.72122689e-01, -7.29347068e-01, -7.78263364e-01],
        [ 7.31516300e-02, -5.36295949e-02,  0.00000000e+00, ...,
         -7.36931340e-01, -6.91607104e-01, -7.43467302e-01],
        ...,
        [ 6.85508844e-01,  7.72122689e-01,  7.36931340e-01, ...,
          0.00000000e+00, -6.47622901e-02,  9.72055400e-03],
        [ 6.36918657e-01,  7.29347068e-01,  6.91607104e-01, ...,
          6.47622901e-02,  0.00000000e+00,  7.44593781e-02],
        [ 6.92553645e-01,  7.78263364e-01,  7.43467302e-01, ...,
         -9.72055400e-03, -7.44593781e-02,  0.00000000e+00]],

       ...,

       [[ 0.00000000e+00, -1.42015548e-01, -2.29035342e-01, ...,
          7.44845879e-01,  6.93760468e-01,  8.94886329e-01],
        [ 1.42015548e-01,  0.00000000e+00, -8.84734321e-02, ...,
          8.32054404e-01,  7.89009232e-01,  9.49196850e-01],
        [ 2.29035342e-01,  8.84734321e-02,  0.00000000e+00, ...,
          8.77867218e-01,  8.40271587e-01,  9.73315688e-01],
        ...,
        [-7.44845879e-01, -8.32054404e-01, -8.77867218e-01, ...,
          0.00000000e+00, -7.35399888e-02,  2.64680520e-01],
        [-6.93760468e-01, -7.89009232e-01, -8.40271587e-01, ...,
          7.35399888e-02,  0.00000000e+00,  3.34881106e-01],
        [-8.94886329e-01, -9.49196850e-01, -9.73315688e-01, ...,
         -2.64680520e-01, -3.34881106e-01,  0.00000000e+00]],

       [[ 0.00000000e+00,  6.24796623e-02, -1.78865044e-01, ...,
         -1.87249204e-01, -1.99856542e-01, -3.37967461e-01],
        [-6.24796623e-02,  0.00000000e+00, -2.39987675e-01, ...,
         -1.25508814e-01, -1.38246924e-01, -2.78503931e-01],
        [ 1.78865044e-01,  2.39987675e-01,  0.00000000e+00, ...,
         -3.59930910e-01, -3.71890051e-01, -5.00857499e-01],
        ...,
        [ 1.87249204e-01,  1.25508814e-01,  3.59930910e-01, ...,
          0.00000000e+00,  1.28500851e-02,  1.55758594e-01],
        [ 1.99856542e-01,  1.38246924e-01,  3.71890051e-01, ...,
         -1.28500851e-02,  0.00000000e+00,  1.43052482e-01],
        [ 3.37967461e-01,  2.78503931e-01,  5.00857499e-01, ...,
         -1.55758594e-01, -1.43052482e-01,  0.00000000e+00]],

       [[ 0.00000000e+00, -2.87805941e-01, -4.32776851e-01, ...,
         -7.34302654e-01, -7.35579329e-01, -7.34131877e-01],
        [ 2.87805941e-01,  0.00000000e+00, -1.55008154e-01, ...,
         -8.98602459e-01, -8.99426900e-01, -8.98492062e-01],
        [ 4.32776851e-01,  1.55008154e-01,  0.00000000e+00, ...,
         -9.55753180e-01, -9.56305301e-01, -9.55679153e-01],
        ...,
        [ 7.34302654e-01,  8.98602459e-01,  9.55753180e-01, ...,
          0.00000000e+00,  1.88263822e-03, -2.51543621e-04],
        [ 7.35579329e-01,  8.99426900e-01,  9.56305301e-01, ...,
         -1.88263822e-03,  0.00000000e+00, -2.13418133e-03],
        [ 7.34131877e-01,  8.98492062e-01,  9.55679153e-01, ...,
          2.51543621e-04,  2.13418133e-03,  0.00000000e+00]]]), 'num': array([7.63090304e-01, 6.46287533e-01, 1.59131840e-06, 6.87075121e-04,
       6.88011190e-04, 6.59929101e-04, 1.48508386e-03, 2.80820894e-05,
       6.45888056e-04, 6.23328778e-04, 6.61598425e-04, 6.34683586e-07,
       6.72885334e-04, 5.73772222e-04])}
{'img': array([[[ 0.        , -0.3954319 , -0.66935057, ..., -0.6830116 ,
         -0.88087216, -0.95844825],
        [ 0.3954319 ,  0.        , -0.32101052, ..., -0.91616938,
         -0.99625631, -0.99313367],
        [ 0.66935057,  0.32101052,  0.        , ..., -0.99633992,
         -0.971281  , -0.90301924],
        ...,
        [ 0.6830116 ,  0.91616938,  0.99633992, ...,  0.        ,
          0.32008922,  0.50521751],
        [ 0.88087216,  0.99625631,  0.971281  , ..., -0.32008922,
          0.        ,  0.20240225],
        [ 0.95844825,  0.99313367,  0.90301924, ..., -0.50521751,
         -0.20240225,  0.        ]],

       [[ 0.        , -0.04606263,  0.29803958, ..., -0.49177573,
          0.45012966,  0.66034656],
        [ 0.04606263,  0.        ,  0.34169247, ..., -0.45114599,
          0.4907841 ,  0.69423688],
        [-0.29803958, -0.34169247,  0.        , ..., -0.72893584,
          0.16353447,  0.40652004],
        ...,
        [ 0.49177573,  0.45114599,  0.72893584, ...,  0.        ,
          0.83107538,  0.94428261],
        [-0.45012966, -0.4907841 , -0.16353447, ..., -0.83107538,
          0.        ,  0.25163537],
        [-0.66034656, -0.69423688, -0.40652004, ..., -0.94428261,
         -0.25163537,  0.        ]],

       [[ 0.        ,  0.10345175, -0.16555287, ..., -0.71359337,
         -0.76381268, -0.83681368],
        [-0.10345175,  0.        , -0.2666888 , ..., -0.6372904 ,
         -0.69294274, -0.77568517],
        [ 0.16555287,  0.2666888 ,  0.        , ..., -0.81972617,
         -0.86012688, -0.91590459],
        ...,
        [ 0.71359337,  0.6372904 ,  0.81972617, ...,  0.        ,
          0.07451645,  0.19555466],
        [ 0.76381268,  0.69294274,  0.86012688, ..., -0.07451645,
          0.        ,  0.12193322],
        [ 0.83681368,  0.77568517,  0.91590459, ..., -0.19555466,
         -0.12193322,  0.        ]],

       ...,

       [[ 0.        , -0.08847343, -0.11344759, ...,  0.78900923,
          0.94919685,  0.97385395],
        [ 0.08847343,  0.        , -0.02510046, ...,  0.84027159,
          0.97331569,  0.99013397],
        [ 0.11344759,  0.02510046,  0.        , ...,  0.85361546,
          0.97876884,  0.99333919],
        ...,
        [-0.78900923, -0.84027159, -0.85361546, ...,  0.        ,
          0.33488111,  0.41907452],
        [-0.94919685, -0.97331569, -0.97876884, ..., -0.33488111,
          0.        ,  0.0908214 ],
        [-0.97385395, -0.99013397, -0.99333919, ..., -0.41907452,
         -0.0908214 ,  0.        ]],

       [[ 0.        , -0.23998768, -0.37143858, ..., -0.13824692,
         -0.27850393, -0.41856539],
        [ 0.23998768,  0.        , -0.13776527, ..., -0.37189005,
         -0.5008575 , -0.62428681],
        [ 0.37143858,  0.13776527,  0.        , ..., -0.49622835,
         -0.61532172, -0.72595575],
        ...,
        [ 0.13824692,  0.37189005,  0.49622835, ...,  0.        ,
          0.14305248,  0.28899222],
        [ 0.27850393,  0.5008575 ,  0.61532172, ..., -0.14305248,
          0.        ,  0.14907133],
        [ 0.41856539,  0.62428681,  0.72595575, ..., -0.28899222,
         -0.14907133,  0.        ]],

       [[ 0.        , -0.33392978, -0.48499166, ..., -0.74193924,
         -0.74048822, -0.73617492],
        [ 0.33392978,  0.        , -0.16512429, ..., -0.92323935,
         -0.92240665, -0.91991775],
        [ 0.48499166,  0.16512429,  0.        , ..., -0.97401076,
         -0.97351888, -0.97203694],
        ...,
        [ 0.74193924,  0.92323935,  0.97401076, ...,  0.        ,
         -0.0021616 , -0.00855696],
        [ 0.74048822,  0.92240665,  0.97351888, ...,  0.0021616 ,
          0.        , -0.00639541],
        [ 0.73617492,  0.91991775,  0.97203694, ...,  0.00855696,
          0.00639541,  0.        ]]]), 'num': array([ 7.26851454e-01,  6.86791729e-01,  5.53311123e-07,  6.46124602e-04,
        6.76467470e-04,  6.46124602e-04,  9.66438196e-04, -8.92437295e-06,
        6.22564257e-04,  5.97620635e-04,  6.27561906e-04,  5.96068193e-07,
        6.49385921e-04,  5.45855348e-04])}
{'img': array([[[ 0.        , -0.57664693, -0.75684468, ..., -0.89253386,
         -0.9669669 , -0.9473292 ],
        [ 0.57664693,  0.        , -0.24144374, ..., -0.98925079,
         -0.93699407, -0.95863954],
        [ 0.75684468,  0.24144374,  0.        , ..., -0.92467757,
         -0.82492571, -0.86155758],
        ...,
        [ 0.89253386,  0.98925079,  0.92467757, ...,  0.        ,
          0.20857448,  0.14138272],
        [ 0.9669669 ,  0.93699407,  0.82492571, ..., -0.20857448,
          0.        , -0.06820614],
        [ 0.9473292 ,  0.95863954,  0.86155758, ..., -0.14138272,
          0.06820614,  0.        ]],

       [[ 0.        ,  0.34169247,  0.53644042, ...,  0.4907841 ,
          0.69423688,  0.47476108],
        [-0.34169247,  0.        ,  0.21578572, ...,  0.16353447,
          0.40652004,  0.14545751],
        [-0.53644042, -0.21578572,  0.        , ..., -0.05319901,
          0.19979186, -0.0714601 ],
        ...,
        [-0.4907841 , -0.16353447,  0.05319901, ...,  0.        ,
          0.25163537, -0.01829589],
        [-0.69423688, -0.40652004, -0.19979186, ..., -0.25163537,
          0.        , -0.26930042],
        [-0.47476108, -0.14545751,  0.0714601 , ...,  0.01829589,
          0.26930042,  0.        ]],

       [[ 0.        , -0.2666888 , -0.4453185 , ..., -0.69294274,
         -0.77568517, -0.8145114 ],
        [ 0.2666888 ,  0.        , -0.19040452, ..., -0.86012688,
         -0.91590459, -0.93973084],
        [ 0.4453185 ,  0.19040452,  0.        , ..., -0.94151304,
         -0.97557639, -0.98764133],
        ...,
        [ 0.69294274,  0.86012688,  0.94151304, ...,  0.        ,
          0.12193322,  0.18524768],
        [ 0.77568517,  0.91590459,  0.97557639, ..., -0.12193322,
          0.        ,  0.06404263],
        [ 0.8145114 ,  0.93973084,  0.98764133, ..., -0.18524768,
         -0.06404263,  0.        ]],

       ...,

       [[ 0.        , -0.02510046, -0.10030313, ...,  0.97331569,
          0.99013397,  0.98417738],
        [ 0.02510046,  0.        , -0.07529765, ...,  0.97876884,
          0.99333919,  0.98831475],
        [ 0.10030313,  0.07529765,  0.        , ...,  0.99142376,
          0.99919552,  0.99698641],
        ...,
        [-0.97331569, -0.97876884, -0.99142376, ...,  0.        ,
          0.0908214 ,  0.05338147],
        [-0.99013397, -0.99333919, -0.99919552, ..., -0.0908214 ,
          0.        , -0.03753105],
        [-0.98417738, -0.98831475, -0.99698641, ..., -0.05338147,
          0.03753105,  0.        ]],

       [[ 0.        , -0.28990949, -0.45959647, ..., -0.28051927,
         -0.42150691, -0.49624037],
        [ 0.28990949,  0.        , -0.18238197, ..., -0.54674127,
         -0.66630213, -0.72662399],
        [ 0.45959647,  0.18238197,  0.        , ..., -0.69027992,
         -0.79112568, -0.83973974],
        ...,
        [ 0.28051927,  0.54674127,  0.69027992, ...,  0.        ,
          0.15020078,  0.23277285],
        [ 0.42150691,  0.66630213,  0.79112568, ..., -0.15020078,
          0.        ,  0.08405722],
        [ 0.49624037,  0.72662399,  0.83973974, ..., -0.23277285,
         -0.08405722,  0.        ]],

       [[ 0.        , -0.36778933, -0.49829994, ..., -0.74916867,
         -0.74484209, -0.73649629],
        [ 0.36778933,  0.        , -0.14449859, ..., -0.94027482,
         -0.93803951, -0.93366263],
        [ 0.49829994,  0.14449859,  0.        , ..., -0.97959632,
         -0.97826764, -0.97561655],
        ...,
        [ 0.74916867,  0.94027482,  0.97959632, ...,  0.        ,
         -0.00650793, -0.01892897],
        [ 0.74484209,  0.93803951,  0.97826764, ...,  0.00650793,
          0.        , -0.0124218 ],
        [ 0.73649629,  0.93366263,  0.97561655, ...,  0.01892897,
          0.0124218 ,  0.        ]]]), 'num': array([7.16025043e-01, 6.98071153e-01, 2.28130747e-07, 6.90534222e-04,
       6.92289074e-04, 6.29991831e-04, 1.26552022e-03, 5.52778348e-05,
       6.33852506e-04, 5.93622526e-04, 6.14973224e-04, 6.26329777e-07,
       6.60692486e-04, 5.26552566e-04])}
{'img': array([[[ 0.        , -0.57215733, -0.6205427 , ..., -0.98369293,
         -0.96777967, -0.97950109],
        [ 0.57215733,  0.        , -0.06026416, ..., -0.90967573,
         -0.93778697, -0.68807712],
        [ 0.6205427 ,  0.06026416,  0.        , ..., -0.8829935 ,
         -0.91515812, -0.64309657],
        ...,
        [ 0.98369293,  0.90967573,  0.8829935 , ...,  0.        ,
         -0.07363137,  0.37432323],
        [ 0.96777967,  0.93778697,  0.91515812, ...,  0.07363137,
          0.        ,  0.44158539],
        [ 0.97950109,  0.68807712,  0.64309657, ..., -0.37432323,
         -0.44158539,  0.        ]],

       [[ 0.        ,  0.21578572, -0.21709064, ...,  0.40652004,
          0.14545751,  0.33742678],
        [-0.21578572,  0.        , -0.42261569, ...,  0.19979186,
         -0.0714601 ,  0.12634699],
        [ 0.21709064,  0.42261569,  0.        , ...,  0.59516822,
          0.35677033,  0.5337383 ],
        ...,
        [-0.40652004, -0.19979186, -0.59516822, ...,  0.        ,
         -0.26930042, -0.07439112],
        [-0.14545751,  0.0714601 , -0.35677033, ...,  0.26930042,
          0.        ,  0.1969114 ],
        [-0.33742678, -0.12634699, -0.5337383 , ...,  0.07439112,
         -0.1969114 ,  0.        ]],

       [[ 0.        , -0.36672886, -0.57865311, ..., -0.78117115,
         -0.81997148, -0.91519757],
        [ 0.36672886,  0.        , -0.23924268, ..., -0.95570033,
         -0.97275953, -0.99922754],
        [ 0.57865311,  0.23924268,  0.        , ..., -0.99836564,
         -0.99997081, -0.9796115 ],
        ...,
        [ 0.78117115,  0.95570033,  0.99836564, ...,  0.        ,
          0.06477631,  0.25655711],
        [ 0.81997148,  0.97275953,  0.99997081, ..., -0.06477631,
          0.        ,  0.1934101 ],
        [ 0.91519757,  0.99922754,  0.9796115 , ..., -0.25655711,
         -0.1934101 ,  0.        ]],

       ...,

       [[ 0.        , -0.07529765,  0.3232918 , ...,  0.99333919,
          0.98831475,  0.99963122],
        [ 0.07529765,  0.        ,  0.39362812, ...,  0.99919552,
          0.99698641,  0.99474861],
        [-0.3232918 , -0.39362812,  0.        , ...,  0.90274427,
          0.88596323,  0.95472956],
        ...,
        [-0.99333919, -0.99919552, -0.90274427, ...,  0.        ,
         -0.03753105,  0.1421593 ],
        [-0.98831475, -0.99698641, -0.88596323, ...,  0.03753105,
          0.        ,  0.17920902],
        [-0.99963122, -0.99474861, -0.95472956, ..., -0.1421593 ,
         -0.17920902,  0.        ]],

       [[ 0.        , -0.36866769, -0.52907231, ..., -0.42587811,
         -0.5012671 , -0.65941516],
        [ 0.36866769,  0.        , -0.1789623 , ..., -0.72944315,
         -0.7849639 , -0.89012341],
        [ 0.52907231,  0.1789623 ,  0.        , ..., -0.8400846 ,
         -0.88316596, -0.95730982],
        ...,
        [ 0.42587811,  0.72944315,  0.8400846 , ...,  0.        ,
          0.08502754,  0.27645979],
        [ 0.5012671 ,  0.7849639 ,  0.88316596, ..., -0.08502754,
          0.        ,  0.19374498],
        [ 0.65941516,  0.89012341,  0.95730982, ..., -0.27645979,
         -0.19374498,  0.        ]],

       [[ 0.        , -0.35514561, -0.46092963, ..., -0.755494  ,
         -0.74711881, -0.66320395],
        [ 0.35514561,  0.        , -0.11571284, ..., -0.93891972,
         -0.9344768 , -0.88577507],
        [ 0.46092963,  0.11571284,  0.        , ..., -0.97243371,
         -0.9693962 , -0.9335291 ],
        ...,
        [ 0.755494  ,  0.93891972,  0.97243371, ...,  0.        ,
         -0.01269066, -0.13093921],
        [ 0.74711881,  0.9344768 ,  0.9693962 , ...,  0.01269066,
          0.        , -0.11834727],
        [ 0.66320395,  0.88577507,  0.9335291 , ...,  0.13093921,
          0.11834727,  0.        ]]]), 'num': array([ 7.12533473e-01,  7.01634926e-01,  1.39724961e-07,  6.81159185e-04,
        7.15217144e-04,  6.75046218e-04,  1.08230081e-03, -6.11296704e-06,
