state_0,state_1,state_2,state_3,state_4,state_5,state_6,state_7,state_8,state_9,state_10,state_11,state_12,state_13,state_14,state_15,state_16,state_17,state_18,state_19,state_20,state_21,state_22,state_23,state_24,state_25,state_26,state_27,state_28,state_29,state_30,state_31,state_32,state_33,state_34,state_35,state_36,state_37,state_38,state_39,state_40,state_41,state_42,state_43,state_44,state_45,state_46,state_47,state_48,state_49,state_50,state_51,state_52,state_53,state_54,state_55,state_56,state_57,state_58,state_59,state_60,state_61,state_62,state_63,state_64,state_65,state_66,state_67,state_68,state_69,state_70,state_71,state_72,state_73,state_74,state_75,state_76,state_77,state_78,state_79,state_80,state_81,state_82,state_83,state_84,state_85,state_86,state_87,state_88,state_89,state_90,state_91,state_92,state_93,state_94,state_95,state_96,state_97,state_98,state_99,state_100,state_101,state_102,state_103,state_104,state_105,state_106,state_107,state_108,state_109,state_110,state_111,state_112,state_113,state_114,state_115,state_116,state_117,state_118,state_119,state_120,state_121,state_122,state_123,state_124,state_125,state_126,state_127,state_128,state_129,state_130,state_131,state_132,state_133,state_134,state_135,state_136,state_137,state_138,state_139,state_140,state_141,state_142,state_143,state_144,state_145,state_146,state_147,state_148,state_149,state_150,state_151,state_152,state_153,state_154,state_155,state_156,state_157,state_158,state_159,state_160,state_161,state_162,state_163,state_164,state_165,state_166,state_167,state_168,state_169,state_170,state_171,state_172,state_173,state_174,state_175,state_176,state_177,state_178,state_179,state_180,state_181,state_182,state_183,state_184,state_185,state_186,state_187,state_188,state_189,state_190,state_191,state_192,state_193,state_194,state_195,state_196,state_197,state_198,state_199,state_200,state_201,state_202,state_203,state_204,state_205,state_206,state_207,state_208,state_209,state_210,state_211,state_212,state_213,state_214,state_215,state_216,state_217,state_218,state_219,state_220,state_221,state_222,state_223,state_224,state_225,state_226,state_227,state_228,state_229,state_230,state_231,state_232,state_233,state_234,state_235,state_236,state_237,state_238,state_239,state_240,state_241,state_242,state_243,state_244,state_245,state_246,state_247,state_248,state_249,state_250,state_251,state_252,state_253,state_254,state_255,state_256,state_257,state_258,state_259,state_260,state_261,state_262,state_263,state_264,state_265,state_266,state_267,state_268,state_269,state_270,state_271,state_272,state_273,state_274,state_275,state_276,state_277,state_278,state_279,state_280,state_281,state_282,state_283,state_284,state_285,state_286,state_287
{'img': array([[[ 0.        , -0.45042014,  0.12586236, ..., -0.83848623,
         -0.77024419, -0.82980884],
        [ 0.45042014,  0.        ,  0.55921029, ..., -0.99405872,
         -0.97494192, -0.99222315],
        [-0.12586236, -0.55921029,  0.        , ..., -0.76323308,
         -0.68385038, -0.75297276],
        ...,
        [ 0.83848623,  0.99405872,  0.76323308, ...,  0.        ,
         -0.11502021, -0.0157336 ],
        [ 0.77024419,  0.97494192,  0.68385038, ...,  0.11502021,
          0.        ,  0.09937679],
        [ 0.82980884,  0.99222315,  0.75297276, ...,  0.0157336 ,
         -0.09937679,  0.        ]],

       [[ 0.        ,  0.10930688, -0.14259486, ..., -0.08321175,
         -0.17773258,  0.31808252],
        [-0.10930688,  0.        , -0.24993033, ..., -0.19164095,
         -0.28423421,  0.21254677],
        [ 0.14259486,  0.24993033,  0.        , ...,  0.0597389 ,
         -0.03559178,  0.45002099],
        ...,
        [ 0.08321175,  0.19164095, -0.0597389 , ...,  0.        ,
         -0.09522926,  0.39586936],
        [ 0.17773258,  0.28423421,  0.03559178, ...,  0.09522926,
          0.        ,  0.48151996],
        [-0.31808252, -0.21254677, -0.45002099, ..., -0.39586936,
         -0.48151996,  0.        ]],

       [[ 0.        , -0.0204297 ,  0.06719381, ..., -0.92587175,
         -0.92587175, -0.94277434],
        [ 0.0204297 ,  0.        ,  0.08756331, ..., -0.93339763,
         -0.93339763, -0.94938948],
        [-0.06719381, -0.08756331,  0.        , ..., -0.89839086,
         -0.89839086, -0.91823909],
        ...,
        [ 0.92587175,  0.93339763,  0.89839086, ...,  0.        ,
          0.        ,  0.04750113],
        [ 0.92587175,  0.93339763,  0.89839086, ...,  0.        ,
          0.        ,  0.04750113],
        [ 0.94277434,  0.94938948,  0.91823909, ..., -0.04750113,
         -0.04750113,  0.        ]],

       ...,

       [[ 0.        , -0.78269952, -0.51814518, ..., -0.90744106,
         -0.93248003, -0.29404591],
        [ 0.78269952,  0.        ,  0.34694373, ..., -0.23591688,
         -0.29764744,  0.56508328],
        [ 0.51814518, -0.34694373,  0.        , ..., -0.55841376,
         -0.61037815,  0.24374334],
        ...,
        [ 0.90744106,  0.23591688,  0.55841376, ...,  0.        ,
         -0.06402166,  0.74377223],
        [ 0.93248003,  0.29764744,  0.61037815, ...,  0.06402166,
          0.        ,  0.78504059],
        [ 0.29404591, -0.56508328, -0.24374334, ..., -0.74377223,
         -0.78504059,  0.        ]],

       [[ 0.        , -0.29322304, -0.42348819, ..., -0.13851823,
         -0.        , -0.1600063 ],
        [ 0.29322304,  0.        , -0.13924214, ..., -0.42282587,
         -0.29322304, -0.44241822],
        [ 0.42348819,  0.13924214,  0.        , ..., -0.5448896 ,
         -0.42348819, -0.56298193],
        ...,
        [ 0.13851823,  0.42282587,  0.5448896 , ...,  0.        ,
         -0.13851823,  0.02173025],
        [ 0.        ,  0.29322304,  0.42348819, ...,  0.13851823,
          0.        ,  0.1600063 ],
        [ 0.1600063 ,  0.44241822,  0.56298193, ..., -0.02173025,
         -0.1600063 ,  0.        ]],

       [[ 0.        ,  0.21394742,  0.45332062, ..., -0.93438785,
         -0.93088985, -0.93526616],
        [-0.21394742,  0.        ,  0.25212255, ..., -0.98897262,
         -0.98749025, -0.9893359 ],
        [-0.45332062, -0.25212255,  0.        , ..., -0.99436313,
         -0.99534439, -0.99409784],
        ...,
        [ 0.93438785,  0.98897262,  0.99436313, ...,  0.        ,
          0.00969547, -0.00247341],
        [ 0.93088985,  0.98749025,  0.99534439, ..., -0.00969547,
          0.        , -0.01216874],
        [ 0.93526616,  0.9893359 ,  0.99409784, ...,  0.00247341,
          0.01216874,  0.        ]]]), 'num': array([ 7.08003421e-01,  7.06132563e-01,  1.64833356e-08,  1.87085859e-03,
        1.92525359e-03,  1.87085859e-03,  8.89452325e-03, -3.62633382e-05,
        1.89096826e-03,  1.84399075e-03,  2.08335625e-03,  9.38552914e-07,
        1.94878173e-03,  1.73919977e-03])}
{'img': array([[[ 0.        ,  0.55921029,  0.30552723, ..., -0.97494192,
         -0.99222315, -0.96943178],
        [-0.55921029,  0.        , -0.27918075, ..., -0.68385038,
         -0.75297276, -0.66647561],
        [-0.30552723,  0.27918075,  0.        , ..., -0.86035601,
         -0.90674885, -0.84811232],
        ...,
        [ 0.97494192,  0.68385038,  0.86035601, ...,  0.        ,
          0.09937679, -0.02355337],
        [ 0.99222315,  0.75297276,  0.90674885, ..., -0.09937679,
          0.        , -0.122786  ],
        [ 0.96943178,  0.66647561,  0.84811232, ...,  0.02355337,
          0.122786  ,  0.        ]],

       [[ 0.        , -0.24993033, -0.51929688, ..., -0.28423421,
          0.21254677, -0.23553679],
        [ 0.24993033,  0.        , -0.28922745, ..., -0.03559178,
          0.45002099,  0.01483689],
        [ 0.51929688,  0.28922745,  0.        , ...,  0.2549736 ,
          0.68907259,  0.30339838],
        ...,
        [ 0.28423421,  0.03559178, -0.2549736 , ...,  0.        ,
          0.48151996,  0.05041535],
        [-0.21254677, -0.45002099, -0.68907259, ..., -0.48151996,
          0.        , -0.43672185],
        [ 0.23553679, -0.01483689, -0.30339838, ..., -0.05041535,
          0.43672185,  0.        ]],

       [[ 0.        ,  0.08756331,  0.45740411, ..., -0.93339763,
         -0.94938948, -0.94750039],
        [-0.08756331,  0.        ,  0.37778074, ..., -0.89839086,
         -0.91823909, -0.91586223],
        [-0.45740411, -0.37778074,  0.        , ..., -0.66589557,
         -0.70058188, -0.69631613],
        ...,
        [ 0.93339763,  0.89839086,  0.66589557, ...,  0.        ,
          0.04750113,  0.04154644],
        [ 0.94938948,  0.91823909,  0.70058188, ..., -0.04750113,
          0.        , -0.00596058],
        [ 0.94750039,  0.91586223,  0.69631613, ..., -0.04154644,
          0.00596058,  0.        ]],

       ...,

       [[ 0.        ,  0.38376527,  0.12541301, ..., -0.31151836,
          0.75207942,  0.11484862],
        [-0.38376527,  0.        , -0.26492507, ..., -0.65233477,
          0.44156408, -0.27517116],
        [-0.12541301,  0.26492507,  0.        , ..., -0.42823129,
          0.6634852 , -0.01064131],
        ...,
        [ 0.31151836,  0.65233477,  0.42823129, ...,  0.        ,
          0.91996923,  0.41859081],
        [-0.75207942, -0.44156408, -0.6634852 , ..., -0.91996923,
          0.        , -0.67140936],
        [-0.11484862,  0.27517116,  0.01064131, ..., -0.41859081,
          0.67140936,  0.        ]],

       [[ 0.        , -0.31608532, -0.56459307, ..., -0.        ,
         -0.16178234, -0.18275022],
        [ 0.31608532,  0.        , -0.27475966, ..., -0.31608532,
         -0.46540924, -0.484143  ],
        [ 0.56459307,  0.27475966,  0.        , ..., -0.56459307,
         -0.69068557, -0.70592141],
        ...,
        [ 0.        ,  0.31608532,  0.56459307, ...,  0.        ,
          0.16178234,  0.18275022],
        [ 0.16178234,  0.46540924,  0.69068557, ..., -0.16178234,
          0.        ,  0.02128493],
        [ 0.18275022,  0.484143  ,  0.70592141, ..., -0.18275022,
         -0.02128493,  0.        ]],

       [[ 0.        ,  0.25212255,  0.62305162, ..., -0.98749025,
         -0.9893359 , -0.98906535],
        [-0.25212255,  0.        ,  0.40571874, ..., -0.99534439,
         -0.99409784, -0.99429641],
        [-0.62305162, -0.40571874,  0.        , ..., -0.87063865,
         -0.8645881 , -0.8655142 ],
        ...,
        [ 0.98749025,  0.99534439,  0.87063865, ...,  0.        ,
         -0.01216874, -0.01032287],
        [ 0.9893359 ,  0.99409784,  0.8645881 , ...,  0.01216874,
          0.        ,  0.00184599],
        [ 0.98906535,  0.99429641,  0.8655142 , ...,  0.01032287,
         -0.00184599,  0.        ]]]), 'num': array([ 7.07073647e-01,  7.07073647e-01,  0.00000000e+00,  1.55922416e-03,
        1.60570509e-03,  1.54936456e-03,  8.55260508e-03, -3.94383707e-05,
        1.60514169e-03,  1.57387269e-03,  1.77028987e-03,  7.85233862e-07,
        1.66319243e-03,  1.48455296e-03])}
{'img': array([[[ 0.        , -0.27918075, -0.58209432, ..., -0.75297276,
         -0.66647561, -0.51555108],
        [ 0.27918075,  0.        , -0.33194161, ..., -0.90674885,
         -0.84811232, -0.73427053],
        [ 0.58209432,  0.33194161,  0.        , ..., -0.99530632,
         -0.97589243, -0.91797822],
        ...,
        [ 0.75297276,  0.90674885,  0.99530632, ...,  0.        ,
         -0.122786  , -0.30593211],
        [ 0.66647561,  0.84811232,  0.97589243, ...,  0.122786  ,
          0.        , -0.18671835],
        [ 0.51555108,  0.73427053,  0.91797822, ...,  0.30593211,
          0.18671835,  0.        ]],

       [[ 0.        , -0.28922745, -0.05772142, ...,  0.45002099,
          0.01483689,  0.11500516],
        [ 0.28922745,  0.        ,  0.2334908 , ...,  0.68907259,
          0.30339838,  0.39739828],
        [ 0.05772142, -0.2334908 ,  0.        , ...,  0.50081695,
          0.07252722,  0.17215184],
        ...,
        [-0.45002099, -0.68907259, -0.50081695, ...,  0.        ,
         -0.43672185, -0.34433338],
        [-0.01483689, -0.30339838, -0.07252722, ...,  0.43672185,
          0.        ,  0.10025405],
        [-0.11500516, -0.39739828, -0.17215184, ...,  0.34433338,
         -0.10025405,  0.        ]],

       [[ 0.        ,  0.37778074,  0.15902033, ..., -0.91823909,
         -0.91586223, -0.89617667],
        [-0.37778074,  0.        , -0.22573745, ..., -0.70058188,
         -0.69631613, -0.66214525],
        [-0.15902033,  0.22573745,  0.        , ..., -0.84357851,
         -0.84036266, -0.81421619],
        ...,
        [ 0.91823909,  0.70058188,  0.84357851, ...,  0.        ,
         -0.00596058, -0.05251058],
        [ 0.91586223,  0.69631613,  0.84036266, ...,  0.00596058,
          0.        , -0.0465573 ],
        [ 0.89617667,  0.66214525,  0.81421619, ...,  0.05251058,
          0.0465573 ,  0.        ]],

       ...,

       [[ 0.        , -0.26492507, -0.23033525, ...,  0.44156408,
         -0.27517116, -0.35421148],
        [ 0.26492507,  0.        ,  0.03569645, ...,  0.6634852 ,
         -0.01064131, -0.0938064 ],
        [ 0.23033525, -0.03569645,  0.        , ...,  0.63635465,
         -0.04632896, -0.12928566],
        ...,
        [-0.44156408, -0.6634852 , -0.63635465, ...,  0.        ,
         -0.67140936, -0.73074449],
        [ 0.27517116,  0.01064131,  0.04632896, ...,  0.67140936,
          0.        , -0.0832067 ],
        [ 0.35421148,  0.0938064 ,  0.12928566, ...,  0.73074449,
          0.0832067 ,  0.        ]],

       [[ 0.        , -0.48701586, -0.55043282, ..., -0.1638824 ,
         -0.18511792, -0.1474347 ],
        [ 0.48701586,  0.        , -0.07414471, ..., -0.6235651 ,
         -0.64027915, -0.6104621 ],
        [ 0.55043282,  0.07414471,  0.        , ..., -0.67981295,
         -0.69547046, -0.66750778],
        ...,
        [ 0.1638824 ,  0.6235651 ,  0.67981295, ...,  0.        ,
          0.0215652 , -0.01665009],
        [ 0.18511792,  0.64027915,  0.69547046, ..., -0.0215652 ,
          0.        , -0.03820843],
        [ 0.1474347 ,  0.6104621 ,  0.66750778, ...,  0.01665009,
          0.03820843,  0.        ]],

       [[ 0.        ,  0.40571874,  0.61430183, ..., -0.99409784,
         -0.99429641, -0.9924878 ],
        [-0.40571874,  0.        ,  0.24132969, ..., -0.8645881 ,
         -0.8655142 , -0.85749473],
        [-0.61430183, -0.24132969,  0.        , ..., -0.71776999,
         -0.71905409, -0.70798754],
        ...,
        [ 0.99409784,  0.8645881 ,  0.71776999, ...,  0.        ,
          0.00184599, -0.01394928],
        [ 0.99429641,  0.8655142 ,  0.71905409, ..., -0.00184599,
          0.        , -0.01579506],
        [ 0.9924878 ,  0.85749473,  0.70798754, ...,  0.01394928,
          0.01579506,  0.        ]]]), 'num': array([ 7.22045445e-01,  6.91818897e-01,  2.73296099e-07,  1.59087098e-03,
        1.61532378e-03,  1.58655577e-03,  3.96683534e-03, -1.43840052e-06,
        1.62366651e-03,  1.60381658e-03,  1.79663417e-03,  8.04699592e-07,
        1.69197540e-03,  1.51565776e-03])}
{'img': array([[[ 0.        , -0.5269463 , -0.71829336, ..., -0.67220496,
         -0.52034625, -0.51362936],
        [ 0.5269463 ,  0.        , -0.24385869, ..., -0.96143869,
         -0.89223016, -0.8886592 ],
        [ 0.71829336,  0.24385869,  0.        , ..., -0.99947946,
         -0.97541636, -0.97365712],
        ...,
        [ 0.67220496,  0.96143869,  0.99947946, ...,  0.        ,
         -0.18878683, -0.19648678],
        [ 0.52034625,  0.89223016,  0.97541636, ...,  0.18878683,
          0.        , -0.00784686],
        [ 0.51362936,  0.8886592 ,  0.97365712, ...,  0.19648678,
          0.00784686,  0.        ]],

       [[ 0.        ,  0.2334908 ,  0.15619498, ...,  0.30339838,
          0.39739828, -0.36867906],
        [-0.2334908 ,  0.        , -0.07874739, ...,  0.07252722,
          0.17215184, -0.57553135],
        [-0.15619498,  0.07874739,  0.        , ...,  0.150842  ,
          0.24918897, -0.50934608],
        ...,
        [-0.30339838, -0.07252722, -0.150842  , ...,  0.        ,
          0.10025405, -0.63332694],
        [-0.39739828, -0.17215184, -0.24918897, ..., -0.10025405,
          0.        , -0.7077212 ],
        [ 0.36867906,  0.57553135,  0.50934608, ...,  0.63332694,
          0.7077212 ,  0.        ]],

       [[ 0.        , -0.22573745, -0.42524325, ..., -0.69631613,
         -0.66214525, -0.60747597],
        [ 0.22573745,  0.        , -0.2099567 , ..., -0.84036266,
         -0.81421619, -0.77110776],
        [ 0.42524325,  0.2099567 ,  0.        , ..., -0.93543323,
         -0.91796071, -0.8876007 ],
        ...,
        [ 0.69631613,  0.84036266,  0.93543323, ...,  0.        ,
         -0.0465573 , -0.1171035 ],
        [ 0.66214525,  0.81421619,  0.91796071, ...,  0.0465573 ,
          0.        , -0.07073954],
        [ 0.60747597,  0.77110776,  0.8876007 , ...,  0.1171035 ,
          0.07073954,  0.        ]],

       ...,

       [[ 0.        ,  0.03569645, -0.04999238, ..., -0.01064131,
         -0.0938064 , -0.0806804 ],
        [-0.03569645,  0.        , -0.08561234, ..., -0.04632896,
         -0.12928566, -0.11620906],
        [ 0.04999238,  0.08561234,  0.        , ...,  0.03936154,
         -0.04391717, -0.03075011],
        ...,
        [ 0.01064131,  0.04632896, -0.03936154, ...,  0.        ,
         -0.0832067 , -0.07006921],
        [ 0.0938064 ,  0.12928566,  0.04391717, ...,  0.0832067 ,
          0.        ,  0.01317596],
        [ 0.0806804 ,  0.11620906,  0.03075011, ...,  0.07006921,
         -0.01317596,  0.        ]],

       [[ 0.        , -0.17948018, -0.20490339, ..., -0.36446524,
         -0.33560097, -0.13732116],
        [ 0.17948018,  0.        , -0.02590409, ..., -0.52568189,
         -0.49922243, -0.31287116],
        [ 0.20490339,  0.02590409,  0.        , ..., -0.54754161,
         -0.52150012, -0.33736976],
        ...,
        [ 0.36446524,  0.52568189,  0.54754161, ...,  0.        ,
         -0.03081047, -0.23313671],
        [ 0.33560097,  0.49922243,  0.52150012, ...,  0.03081047,
          0.        , -0.20306457],
        [ 0.13732116,  0.31287116,  0.33736976, ...,  0.23313671,
          0.20306457,  0.        ]],

       [[ 0.        ,  0.24132969,  0.32536474, ..., -0.8655142 ,
         -0.85749473, -0.85547633],
        [-0.24132969,  0.        ,  0.0875494 , ..., -0.71905409,
         -0.70798754, -0.70522055],
        [-0.32536474, -0.0875494 ,  0.        , ..., -0.65545024,
         -0.64343943, -0.64044116],
        ...,
        [ 0.8655142 ,  0.71905409,  0.65545024, ...,  0.        ,
         -0.01579506, -0.0197048 ],
        [ 0.85749473,  0.70798754,  0.64343943, ...,  0.01579506,
          0.        , -0.00391034],
        [ 0.85547633,  0.70522055,  0.64044116, ...,  0.0197048 ,
          0.00391034,  0.        ]]]), 'num': array([ 7.67003855e-01,  6.41599175e-01,  1.14839451e-06,  1.67206240e-03,
        1.70881102e-03,  1.66900001e-03,  5.64094444e-03, -2.14366974e-05,
        1.71401708e-03,  1.70253313e-03,  1.90049083e-03,  8.19367317e-07,
        1.79337249e-03,  1.61169378e-03])}
{'img': array([[[ 0.00000000e+00, -5.52770798e-01, -4.72036608e-01, ...,
         -5.39313198e-01, -5.32402668e-01, -4.19198219e-01],
        [ 5.52770798e-01,  0.00000000e+00,  9.39472583e-02, ...,
         -9.14918864e-01, -9.11584522e-01, -8.51189548e-01],
        [ 4.72036608e-01, -9.39472583e-02,  0.00000000e+00, ...,
         -8.72951674e-01, -8.68929832e-01, -7.98115877e-01],
        ...,
        [ 5.39313198e-01,  9.14918864e-01,  8.72951674e-01, ...,
          0.00000000e+00, -8.18480270e-03, -1.36630588e-01],
        [ 5.32402668e-01,  9.11584522e-01,  8.68929832e-01, ...,
          8.18480270e-03,  0.00000000e+00, -1.28517965e-01],
        [ 4.19198219e-01,  8.51189548e-01,  7.98115877e-01, ...,
          1.36630588e-01,  1.28517965e-01,  0.00000000e+00]],

       [[ 0.00000000e+00, -7.87473909e-02,  2.41782407e-02, ...,
          1.72151844e-01, -5.75531355e-01, -2.47780432e-01],
        [ 7.87473909e-02,  0.00000000e+00,  1.02827528e-01, ...,
          2.49188970e-01, -5.09346082e-01, -1.70719226e-01],
        [-2.41782407e-02, -1.02827528e-01,  0.00000000e+00, ...,
          1.48284248e-01, -5.95135581e-01, -2.71132268e-01],
        ...,
        [-1.72151844e-01, -2.49188970e-01, -1.48284248e-01, ...,
          0.00000000e+00, -7.07721202e-01, -4.10864673e-01],
        [ 5.75531355e-01,  5.09346082e-01,  5.95135581e-01, ...,
          7.07721202e-01,  0.00000000e+00,  3.54954298e-01],
        [ 2.47780432e-01,  1.70719226e-01,  2.71132268e-01, ...,
          4.10864673e-01, -3.54954298e-01,  0.00000000e+00]],

       [[ 0.00000000e+00, -3.67591532e-01, -4.27874739e-01, ...,
         -6.65835371e-01, -6.10976033e-01, -5.55831751e-01],
        [ 3.67591532e-01,  0.00000000e+00, -6.56748824e-02, ...,
         -8.93478031e-01, -8.59203483e-01, -8.22493429e-01],
        [ 4.27874739e-01,  6.56748824e-02,  0.00000000e+00, ...,
         -9.21044122e-01, -8.90950031e-01, -8.58071932e-01],
        ...,
        [ 6.65835371e-01,  8.93478031e-01,  9.21044122e-01, ...,
          0.00000000e+00, -7.12595479e-02, -1.38800147e-01],
        [ 6.10976033e-01,  8.59203483e-01,  8.90950031e-01, ...,
          7.12595479e-02,  0.00000000e+00, -6.78775055e-02],
        [ 5.55831751e-01,  8.22493429e-01,  8.58071932e-01, ...,
          1.38800147e-01,  6.78775055e-02,  0.00000000e+00]],

       ...,

       [[ 0.00000000e+00, -8.56123357e-02, -1.28473413e-01, ...,
         -1.29285662e-01, -1.16209058e-01, -2.67787850e-01],
        [ 8.56123357e-02,  0.00000000e+00, -4.30988637e-02, ...,
         -4.39171676e-02, -3.07501067e-02, -1.84319080e-01],
        [ 1.28473413e-01,  4.30988637e-02,  0.00000000e+00, ...,
         -8.19079382e-04,  1.23569483e-02, -1.41787385e-01],
        ...,
        [ 1.29285662e-01,  4.39171676e-02,  8.19079382e-04, ...,
          0.00000000e+00,  1.31759610e-02, -1.40976533e-01],
        [ 1.16209058e-01,  3.07501067e-02, -1.23569483e-02, ...,
         -1.31759610e-02,  0.00000000e+00, -1.54008667e-01],
        [ 2.67787850e-01,  1.84319080e-01,  1.41787385e-01, ...,
          1.40976533e-01,  1.54008667e-01,  0.00000000e+00]],

       [[ 0.00000000e+00, -2.57502872e-02, -4.37604469e-02, ...,
         -5.75228510e-01, -5.06802150e-01, -3.11109376e-01],
        [ 2.57502872e-02,  0.00000000e+00, -1.80203164e-02, ...,
         -5.96101316e-01, -5.28832452e-01, -3.35478620e-01],
        [ 4.37604469e-02,  1.80203164e-02,  0.00000000e+00, ...,
         -6.10473200e-01, -5.44040896e-01, -3.52400145e-01],
        ...,
        [ 5.75228510e-01,  5.96101316e-01,  6.10473200e-01, ...,
          0.00000000e+00, -8.13223782e-02, -2.92197068e-01],
        [ 5.06802150e-01,  5.28832452e-01,  5.44040896e-01, ...,
          8.13223782e-02,  0.00000000e+00, -2.13455950e-01],
        [ 3.11109376e-01,  3.35478620e-01,  3.52400145e-01, ...,
          2.92197068e-01,  2.13455950e-01,  0.00000000e+00]],

       [[ 0.00000000e+00,  8.75493954e-02,  2.02461229e-01, ...,
         -7.07987545e-01, -7.05220549e-01, -6.93366633e-01],
        [-8.75493954e-02,  0.00000000e+00,  1.15947542e-01, ...,
         -6.43439435e-01, -6.40441158e-01, -6.27617451e-01],
        [-2.02461229e-01, -1.15947542e-01,  0.00000000e+00, ...,
         -5.50342155e-01, -5.47073048e-01, -5.33116683e-01],
        ...,
        [ 7.07987545e-01,  6.43439435e-01,  5.50342155e-01, ...,
          0.00000000e+00, -3.91034457e-03, -2.04923954e-02],
        [ 7.05220549e-01,  6.40441158e-01,  5.47073048e-01, ...,
          3.91034457e-03,  0.00000000e+00, -1.65827153e-02],
        [ 6.93366633e-01,  6.27617451e-01,  5.33116683e-01, ...,
          2.04923954e-02,  1.65827153e-02,  0.00000000e+00]]]), 'num': array([ 7.61146906e-01,  6.48529171e-01,  1.05151946e-06,  1.63214108e-03,
        1.66871567e-03,  1.63061714e-03,  6.50079812e-03, -3.20027663e-05,
        1.67968805e-03,  1.68921268e-03,  1.87990853e-03,  6.77307224e-07,
        1.78126416e-03,  1.59716121e-03])}
{'img': array([[[ 0.        ,  0.3161238 ,  0.12786674, ..., -0.78392987,
         -0.69457623, -0.3161238 ],
        [-0.3161238 ,  0.        , -0.19221938, ..., -0.54746308,
         -0.43153143, -0.        ],
        [-0.12786674,  0.19221938,  0.        , ..., -0.69810889,
         -0.59688492, -0.19221938],
        ...,
        [ 0.78392987,  0.54746308,  0.69810889, ...,  0.        ,
         -0.13274692, -0.54746308],
        [ 0.69457623,  0.43153143,  0.59688492, ...,  0.13274692,
          0.        , -0.43153143],
        [ 0.3161238 ,  0.        ,  0.19221938, ...,  0.54746308,
          0.43153143,  0.        ]],

       [[ 0.        ,  0.10282753, -0.33695863, ..., -0.50934608,
         -0.17071923, -0.04460509],
        [-0.10282753,  0.        , -0.4319866 , ..., -0.59513558,
         -0.27113227, -0.14709383],
        [ 0.33695863,  0.4319866 ,  0.        , ..., -0.18958553,
          0.17127651,  0.29462669],
        ...,
        [ 0.50934608,  0.59513558,  0.18958553, ...,  0.        ,
          0.3549543 ,  0.47045369],
        [ 0.17071923,  0.27113227, -0.17127651, ..., -0.3549543 ,
          0.        ,  0.12659903],
        [ 0.04460509,  0.14709383, -0.29462669, ..., -0.47045369,
         -0.12659903,  0.        ]],

       [[ 0.        , -0.23121745, -0.42600612, ..., -0.62064599,
         -0.56487743, -0.43516722],
        [ 0.23121745,  0.        , -0.20527514, ..., -0.78512329,
         -0.74036525, -0.63155165],
        [ 0.42600612,  0.20527514,  0.        , ..., -0.89553854,
         -0.86258559, -0.77725907],
        ...,
        [ 0.62064599,  0.78512329,  0.89553854, ...,  0.        ,
         -0.06922619, -0.21758774],
        [ 0.56487743,  0.74036525,  0.86258559, ...,  0.06922619,
          0.        , -0.14949816],
        [ 0.43516722,  0.63155165,  0.77725907, ...,  0.21758774,
          0.14949816,  0.        ]],

       ...,

       [[ 0.        , -0.04309886, -0.6417858 , ..., -0.03075011,
         -0.18431908, -0.61883909],
        [ 0.04309886,  0.        , -0.60813763, ...,  0.01235695,
         -0.14178738, -0.58440915],
        [ 0.6417858 ,  0.60813763,  0.        , ...,  0.61790054,
          0.48943839,  0.02955639],
        ...,
        [ 0.03075011, -0.01235695, -0.61790054, ...,  0.        ,
         -0.15400867, -0.59439169],
        [ 0.18431908,  0.14178738, -0.48943839, ...,  0.15400867,
          0.        , -0.46345027],
        [ 0.61883909,  0.58440915, -0.02955639, ...,  0.59439169,
          0.46345027,  0.        ]],

       [[ 0.        , -0.01797035, -0.01887756, ..., -0.56579058,
         -0.46874993, -0.33460347],
        [ 0.01797035,  0.        , -0.00090736, ..., -0.58051666,
         -0.48454801, -0.35148396],
        [ 0.01887756,  0.00090736,  0.        , ..., -0.58125523,
         -0.48534153, -0.35233328],
        ...,
        [ 0.56579058,  0.58051666,  0.58125523, ...,  0.        ,
         -0.11327304, -0.25728091],
        [ 0.46874993,  0.48454801,  0.48534153, ...,  0.11327304,
          0.        , -0.14616513],
        [ 0.33460347,  0.35148396,  0.35233328, ...,  0.25728091,
          0.14616513,  0.        ]],

       [[ 0.        ,  0.11594754,  0.15489789, ..., -0.64044116,
         -0.62761745, -0.5671635 ],
        [-0.11594754,  0.        ,  0.03930505, ..., -0.54707305,
         -0.53311668, -0.46784317],
        [-0.15489789, -0.03930505,  0.        , ..., -0.51374864,
         -0.49945101, -0.4327434 ],
        ...,
        [ 0.64044116,  0.54707305,  0.51374864, ...,  0.        ,
         -0.01658272, -0.09188501],
        [ 0.62761745,  0.53311668,  0.49945101, ...,  0.01658272,
          0.        , -0.07535981],
        [ 0.5671635 ,  0.46784317,  0.4327434 , ...,  0.09188501,
          0.07535981,  0.        ]]]), 'num': array([7.07850691e-01, 7.06321154e-01, 1.41755015e-08, 1.52953661e-03,
       1.57064557e-03, 1.52103131e-03, 6.15454914e-03, 1.13404012e-05,
       1.54654721e-03, 1.57029118e-03, 1.73897965e-03, 7.06178829e-07,
       1.65735634e-03, 1.48322601e-03])}
{'img': array([[[ 0.        , -0.19221938, -0.13623906, ..., -0.43153143,
         -0.        , -0.27055698],
        [ 0.19221938,  0.        ,  0.05672865, ..., -0.59688492,
         -0.19221938, -0.45056199],
        [ 0.13623906, -0.05672865,  0.        , ..., -0.5504088 ,
         -0.13623906, -0.39919219],
        ...,
        [ 0.43153143,  0.59688492,  0.5504088 , ...,  0.        ,
         -0.43153143, -0.17136813],
        [ 0.        ,  0.19221938,  0.13623906, ...,  0.43153143,
          0.        ,  0.27055698],
        [ 0.27055698,  0.45056199,  0.39919219, ...,  0.17136813,
         -0.27055698,  0.        ]],

       [[ 0.        , -0.4319866 , -0.65871089, ..., -0.27113227,
         -0.14709383, -0.13242772],
        [ 0.4319866 ,  0.        , -0.26905315, ...,  0.17127651,
          0.29462669,  0.30874803],
        [ 0.65871089,  0.26905315,  0.        , ...,  0.43003809,
          0.54087296,  0.5532713 ],
        ...,
        [ 0.27113227, -0.17127651, -0.43003809, ...,  0.        ,
          0.12659903,  0.14127706],
        [ 0.14709383, -0.29462669, -0.54087296, ..., -0.12659903,
          0.        ,  0.01481109],
        [ 0.13242772, -0.30874803, -0.5532713 , ..., -0.14127706,
         -0.01481109,  0.        ]],

       [[ 0.        , -0.36532076, -0.48879801, ..., -0.56836926,
         -0.43798773, -0.31646454],
        [ 0.36532076,  0.        , -0.13630839, ..., -0.82966082,
         -0.73613117, -0.6411359 ],
        [ 0.48879801,  0.13630839,  0.        , ..., -0.89801373,
         -0.82151928, -0.73975862],
        ...,
        [ 0.56836926,  0.82966082,  0.89801373, ...,  0.        ,
         -0.15058839, -0.27877888],
        [ 0.43798773,  0.73613117,  0.82151928, ...,  0.15058839,
          0.        , -0.13098148],
        [ 0.31646454,  0.6411359 ,  0.73975862, ...,  0.27877888,
          0.13098148,  0.        ]],

       ...,

       [[ 0.        , -0.60813763, -0.55483376, ..., -0.14178738,
         -0.58440915, -0.34291058],
        [ 0.60813763,  0.        ,  0.06550237, ...,  0.48943839,
          0.02955639,  0.2990518 ],
        [ 0.55483376, -0.06550237,  0.        , ...,  0.43126674,
         -0.03598083,  0.23590479],
        ...,
        [ 0.14178738, -0.48943839, -0.43126674, ...,  0.        ,
         -0.46345027, -0.20625567],
        [ 0.58440915, -0.02955639,  0.03598083, ...,  0.46345027,
          0.        ,  0.27071735],
        [ 0.34291058, -0.2990518 , -0.23590479, ...,  0.20625567,
         -0.27071735,  0.        ]],

       [[ 0.        , -0.00090736, -0.00620768, ..., -0.48454801,
         -0.35148396, -0.40103217],
        [ 0.00090736,  0.        , -0.00530034, ..., -0.48534153,
         -0.35233328, -0.4018632 ],
        [ 0.00620768,  0.00530034,  0.        , ..., -0.48996893,
         -0.35728879, -0.40671108],
        ...,
        [ 0.48454801,  0.48534153,  0.48996893, ...,  0.        ,
         -0.14616513, -0.0930682 ],
        [ 0.35148396,  0.35233328,  0.35728879, ...,  0.14616513,
          0.        ,  0.05346207],
        [ 0.40103217,  0.4018632 ,  0.40671108, ...,  0.0930682 ,
         -0.05346207,  0.        ]],

       [[ 0.        ,  0.03930505,  0.21067991, ..., -0.53311668,
         -0.46784317, -0.43707438],
        [-0.03930505,  0.        ,  0.17209426, ..., -0.49945101,
         -0.4327434 , -0.40138467],
        [-0.21067991, -0.17209426,  0.        , ..., -0.34290693,
         -0.27114115, -0.23777343],
        ...,
        [ 0.53311668,  0.49945101,  0.34290693, ...,  0.        ,
         -0.07535981, -0.10971551],
        [ 0.46784317,  0.4327434 ,  0.27114115, ...,  0.07535981,
          0.        , -0.03449866],
        [ 0.43707438,  0.40138467,  0.23777343, ...,  0.10971551,
          0.03449866,  0.        ]]]), 'num': array([ 7.07837532e-01,  7.06333485e-01,  1.41757490e-08,  1.50404697e-03,
        1.56642026e-03,  1.50404697e-03,  6.27102531e-03, -2.55163482e-05,
        1.53353253e-03,  1.56783784e-03,  1.72863808e-03,  6.83653143e-07,
        1.65937411e-03,  1.47630157e-03])}
{'img': array([[[ 0.        ,  0.13499205, -0.46816089, ..., -0.42513937,
         -0.51769189, -0.13499205],
        [-0.13499205,  0.        , -0.58316047, ..., -0.29906287,
         -0.39745853, -0.        ],
        [ 0.46816089,  0.58316047,  0.        , ..., -0.79941702,
         -0.85799801, -0.58316047],
        ...,
        [ 0.42513937,  0.29906287,  0.79941702, ...,  0.        ,
          0.1048421 , -0.29906287],
        [ 0.51769189,  0.39745853,  0.85799801, ..., -0.1048421 ,
          0.        , -0.39745853],
        [ 0.13499205,  0.        ,  0.58316047, ...,  0.29906287,
          0.39745853,  0.        ]],

       [[ 0.        , -0.26905315,  0.31657183, ...,  0.29462669,
          0.30874803,  0.32361907],
        [ 0.26905315,  0.        ,  0.5601137 , ...,  0.54087296,
          0.5532713 ,  0.56626044],
        [-0.31657183, -0.5601137 ,  0.        , ..., -0.02304637,
         -0.00823669,  0.00743857],
        ...,
        [-0.29462669, -0.54087296,  0.02304637, ...,  0.        ,
          0.01481109,  0.03048233],
        [-0.30874803, -0.5532713 ,  0.00823669, ..., -0.01481109,
          0.        ,  0.01567478],
        [-0.32361907, -0.56626044, -0.00743857, ..., -0.03048233,
         -0.01567478,  0.        ]],

       [[ 0.        , -0.34276343, -0.48381174, ..., -0.44533335,
         -0.32192677, -0.14801061],
        [ 0.34276343,  0.        , -0.15452628, ..., -0.72525416,
         -0.62694129, -0.47803254],
        [ 0.48381174,  0.15452628,  0.        , ..., -0.82293135,
         -0.73979714, -0.60801768],
        ...,
        [ 0.44533335,  0.72525416,  0.82293135, ...,  0.        ,
         -0.13338392, -0.30790485],
        [ 0.32192677,  0.62694129,  0.73979714, ...,  0.13338392,
          0.        , -0.1782498 ],
        [ 0.14801061,  0.47803254,  0.60801768, ...,  0.30790485,
          0.1782498 ,  0.        ]],

       ...,

       [[ 0.        ,  0.06550237, -0.08614123, ...,  0.02955639,
          0.2990518 ,  0.2184887 ],
        [-0.06550237,  0.        , -0.15121513, ..., -0.03598083,
          0.23590479,  0.15409968],
        [ 0.08614123,  0.15121513,  0.        , ...,  0.11555013,
          0.38013935,  0.30173657],
        ...,
        [-0.02955639,  0.03598083, -0.11555013, ...,  0.        ,
          0.27071735,  0.18955095],
        [-0.2990518 , -0.23590479, -0.38013935, ..., -0.27071735,
          0.        , -0.08333658],
        [-0.2184887 , -0.15409968, -0.30173657, ..., -0.18955095,
          0.08333658,  0.        ]],

       [[ 0.        , -0.00530034,  0.01336481, ..., -0.35233328,
         -0.4018632 , -0.46611689],
        [ 0.00530034,  0.        ,  0.01866449, ..., -0.35728879,
         -0.40671108, -0.47079968],
        [-0.01336481, -0.01866449,  0.        , ..., -0.33979403,
         -0.38958915, -0.4542511 ],
        ...,
        [ 0.35233328,  0.35728879,  0.33979403, ...,  0.        ,
          0.05346207,  0.12450955],
        [ 0.4018632 ,  0.40671108,  0.38958915, ..., -0.05346207,
          0.        ,  0.07128543],
        [ 0.46611689,  0.47079968,  0.4542511 , ..., -0.12450955,
         -0.07128543,  0.        ]],

       [[ 0.        ,  0.17209426, -0.05905002, ..., -0.4327434 ,
         -0.40138467, -0.25485564],
        [-0.17209426,  0.        , -0.22996298, ..., -0.27114115,
         -0.23777343, -0.08464176],
        [ 0.05905002,  0.22996298,  0.        , ..., -0.48522287,
         -0.45476875, -0.31151105],
        ...,
        [ 0.4327434 ,  0.27114115,  0.48522287, ...,  0.        ,
         -0.03449866, -0.1886971 ],
        [ 0.40138467,  0.23777343,  0.45476875, ...,  0.03449866,
          0.        , -0.15470588],
        [ 0.25485564,  0.08464176,  0.31151105, ...,  0.1886971 ,
          0.15470588,  0.        ]]]), 'num': array([ 7.07785927e-01,  7.06344231e-01,  1.41759646e-08,  1.44169560e-03,
        1.48705869e-03,  1.44169560e-03,  9.89714818e-03, -6.23742445e-05,
        1.50832264e-03,  1.56382154e-03,  1.71734724e-03,  3.73630076e-07,
        1.66911098e-03,  1.45853210e-03])}
{'img': array([[[ 0.        , -0.55847429, -0.82332682, ..., -0.67017431,
         -0.57656991, -0.        ],
        [ 0.55847429,  0.        , -0.36599568, ..., -0.97042593,
         -0.93457753, -0.55847429],
        [ 0.82332682,  0.36599568,  0.        , ..., -0.99144545,
         -0.99993977, -0.82332682],
        ...,
        [ 0.67017431,  0.97042593,  0.99144545, ...,  0.        ,
         -0.11963211, -0.67017431],
        [ 0.57656991,  0.93457753,  0.99993977, ...,  0.11963211,
          0.        , -0.57656991],
        [ 0.        ,  0.55847429,  0.82332682, ...,  0.67017431,
          0.57656991,  0.        ]],

       [[ 0.        ,  0.5601137 ,  0.84283206, ...,  0.5532713 ,
          0.56626044,  0.83687671],
        [-0.5601137 ,  0.        ,  0.39677522, ..., -0.00823669,
          0.00743857,  0.3866804 ],
        [-0.84283206, -0.39677522,  0.        , ..., -0.40432235,
         -0.38993626, -0.01097153],
        ...,
        [-0.5532713 ,  0.00823669,  0.40432235, ...,  0.        ,
          0.01567478,  0.39426327],
        [-0.56626044, -0.00743857,  0.38993626, ..., -0.01567478,
          0.        ,  0.37980974],
        [-0.83687671, -0.3866804 ,  0.01097153, ..., -0.39426327,
         -0.37980974,  0.        ]],

       [[ 0.        , -0.35180567, -0.52788627, ..., -0.48101506,
         -0.39490616, -0.        ],
        [ 0.35180567,  0.        , -0.19534626, ..., -0.75869761,
         -0.69287244, -0.35180567],
        [ 0.52788627,  0.19534626,  0.        , ..., -0.87133774,
         -0.8203802 , -0.52788627],
        ...,
        [ 0.48101506,  0.75869761,  0.87133774, ...,  0.        ,
         -0.09569976, -0.48101506],
        [ 0.39490616,  0.69287244,  0.8203802 , ...,  0.09569976,
          0.        , -0.39490616],
        [ 0.        ,  0.35180567,  0.52788627, ...,  0.48101506,
          0.39490616,  0.        ]],

       ...,

       [[ 0.        , -0.15121513, -0.54404873, ...,  0.23590479,
          0.15409968, -0.85611961],
        [ 0.15121513,  0.        , -0.41091505, ...,  0.38013935,
          0.30173657, -0.76813038],
        [ 0.54404873,  0.41091505,  0.        , ...,  0.72663036,
          0.66684813, -0.437178  ],
        ...,
        [-0.23590479, -0.38013935, -0.72663036, ...,  0.        ,
         -0.08333658, -0.95386698],
        [-0.15409968, -0.30173657, -0.66684813, ...,  0.08333658,
          0.        , -0.9255288 ],
        [ 0.85611961,  0.76813038,  0.437178  , ...,  0.95386698,
          0.9255288 ,  0.        ]],

       [[ 0.        ,  0.01866449,  0.15623011, ..., -0.40671108,
         -0.47079968, -0.60105862],
        [-0.01866449,  0.        ,  0.13776759, ..., -0.38958915,
         -0.4542511 , -0.58603716],
        [-0.15623011, -0.13776759,  0.        , ..., -0.25899186,
         -0.32718611, -0.46881816],
        ...,
        [ 0.40671108,  0.38958915,  0.25899186, ...,  0.        ,
          0.07128543,  0.22405571],
        [ 0.47079968,  0.4542511 ,  0.32718611, ..., -0.07128543,
          0.        ,  0.15401261],
        [ 0.60105862,  0.58603716,  0.46881816, ..., -0.22405571,
         -0.15401261,  0.        ]],

       [[ 0.        , -0.22659937, -0.43034115, ..., -0.40726605,
         -0.34754849, -0.        ],
        [ 0.22659937,  0.        , -0.21460352, ..., -0.60362763,
         -0.5509817 , -0.22659937],
        [ 0.43034115,  0.21460352,  0.        , ..., -0.76066003,
         -0.71723487, -0.43034115],
        ...,
        [ 0.40726605,  0.60362763,  0.76066003, ...,  0.        ,
         -0.06445854, -0.40726605],
        [ 0.34754849,  0.5509817 ,  0.71723487, ...,  0.06445854,
          0.        , -0.34754849],
        [ 0.        ,  0.22659937,  0.43034115, ...,  0.40726605,
          0.34754849,  0.        ]]]), 'num': array([7.07810934e-01, 7.06328162e-01, 1.41756421e-08, 1.48277217e-03,
