state_0,state_1,state_2,state_3,state_4,state_5,state_6,state_7,state_8,state_9,state_10,state_11,state_12,state_13,state_14,state_15,state_16,state_17,state_18,state_19,state_20,state_21,state_22,state_23,state_24,state_25,state_26,state_27,state_28,state_29,state_30,state_31,state_32,state_33,state_34,state_35,state_36,state_37,state_38,state_39,state_40,state_41,state_42,state_43,state_44,state_45,state_46,state_47,state_48,state_49,state_50,state_51,state_52,state_53,state_54,state_55,state_56,state_57,state_58,state_59,state_60,state_61,state_62,state_63,state_64,state_65,state_66,state_67,state_68,state_69,state_70,state_71,state_72,state_73,state_74,state_75,state_76,state_77,state_78,state_79,state_80,state_81,state_82,state_83,state_84,state_85,state_86,state_87,state_88,state_89,state_90,state_91,state_92,state_93,state_94,state_95,state_96,state_97,state_98,state_99,state_100,state_101,state_102,state_103,state_104,state_105,state_106,state_107,state_108,state_109,state_110,state_111,state_112,state_113,state_114,state_115,state_116,state_117,state_118,state_119,state_120,state_121,state_122,state_123,state_124,state_125,state_126,state_127,state_128,state_129,state_130,state_131,state_132,state_133,state_134,state_135,state_136,state_137,state_138,state_139,state_140,state_141,state_142,state_143,state_144,state_145,state_146,state_147,state_148,state_149,state_150,state_151,state_152,state_153,state_154,state_155,state_156,state_157,state_158,state_159,state_160,state_161,state_162,state_163,state_164,state_165,state_166,state_167,state_168,state_169,state_170,state_171,state_172,state_173,state_174,state_175,state_176,state_177,state_178,state_179,state_180,state_181,state_182,state_183,state_184,state_185,state_186,state_187,state_188,state_189,state_190,state_191,state_192,state_193,state_194,state_195,state_196,state_197,state_198,state_199,state_200,state_201,state_202,state_203,state_204,state_205,state_206,state_207,state_208,state_209,state_210,state_211,state_212,state_213,state_214,state_215,state_216,state_217,state_218,state_219,state_220,state_221,state_222,state_223,state_224,state_225,state_226,state_227,state_228,state_229,state_230,state_231,state_232,state_233,state_234,state_235,state_236,state_237,state_238,state_239,state_240,state_241,state_242,state_243,state_244,state_245,state_246,state_247,state_248,state_249,state_250,state_251,state_252,state_253,state_254,state_255,state_256,state_257,state_258,state_259,state_260,state_261,state_262,state_263,state_264,state_265,state_266,state_267,state_268,state_269,state_270,state_271,state_272,state_273,state_274,state_275,state_276,state_277,state_278,state_279,state_280,state_281,state_282,state_283,state_284,state_285,state_286,state_287
{'img': array([[[ 0.        ,  0.280529  ,  0.14472791, ...,  0.88892811,
          0.99615438,  0.98361788],
        [-0.280529  ,  0.        , -0.13865901, ...,  0.98172909,
          0.980733  ,  0.99469111],
        [-0.14472791,  0.13865901,  0.        , ...,  0.94586117,
          0.99834675,  0.99935139],
        ...,
        [-0.88892811, -0.98172909, -0.94586117, ...,  0.        ,
         -0.3784015 , -0.29029934],
        [-0.99615438, -0.980733  , -0.99834675, ...,  0.3784015 ,
          0.        ,  0.09339284],
        [-0.98361788, -0.99469111, -0.99935139, ...,  0.29029934,
         -0.09339284,  0.        ]],

       [[ 0.        , -0.84888008, -0.9922746 , ..., -0.38649173,
         -0.67428126, -0.99438897],
        [ 0.84888008,  0.        , -0.4191891 , ...,  0.57862214,
          0.27046112, -0.43582031],
        [ 0.9922746 ,  0.4191891 ,  0.        , ...,  0.86721928,
          0.64911767, -0.01839648],
        ...,
        [ 0.38649173, -0.57862214, -0.86721928, ...,  0.        ,
         -0.33647047, -0.87623261],
        [ 0.67428126, -0.27046112, -0.64911767, ...,  0.33647047,
          0.        , -0.6630018 ],
        [ 0.99438897,  0.43582031,  0.01839648, ...,  0.87623261,
          0.6630018 ,  0.        ]],

       [[ 0.        ,  0.01074776, -0.07246813, ...,  0.75523543,
          0.9407791 ,  0.96998676],
        [-0.01074776,  0.        , -0.08318344, ...,  0.76223646,
          0.94436847,  0.97254413],
        [ 0.07246813,  0.08318344,  0.        , ...,  0.70575021,
          0.91373738,  0.94981521],
        ...,
        [-0.75523543, -0.76223646, -0.70575021, ...,  0.        ,
         -0.36059701, -0.45213998],
        [-0.9407791 , -0.94436847, -0.91373738, ...,  0.36059701,
          0.        , -0.10008735],
        [-0.96998676, -0.97254413, -0.94981521, ...,  0.45213998,
          0.10008735,  0.        ]],

       ...,

       [[ 0.        ,  0.16102273, -0.42628537, ..., -0.25388614,
         -0.7765275 , -0.36505304],
        [-0.16102273,  0.        , -0.566382  , ..., -0.40631978,
         -0.8678521 , -0.51019938],
        [ 0.42628537,  0.566382  ,  0.        , ...,  0.18265521,
         -0.43384271,  0.06664315],
        ...,
        [ 0.25388614,  0.40631978, -0.18265521, ...,  0.        ,
         -0.59111445, -0.11672713],
        [ 0.7765275 ,  0.8678521 ,  0.43384271, ...,  0.59111445,
          0.        ,  0.49292294],
        [ 0.36505304,  0.51019938, -0.06664315, ...,  0.11672713,
         -0.49292294,  0.        ]],

       [[ 0.        ,  0.05044212,  0.03077588, ...,  0.81636686,
          0.92211615,  0.85877154],
        [-0.05044212,  0.        , -0.01968152, ...,  0.84445963,
          0.94045901,  0.88352277],
        [-0.03077588,  0.01968152,  0.        , ...,  0.83375426,
          0.93358695,  0.87413304],
        ...,
        [-0.81636686, -0.84445963, -0.83375426, ...,  0.        ,
         -0.21669005, -0.07769683],
        [-0.92211615, -0.94045901, -0.93358695, ...,  0.21669005,
          0.        ,  0.14018421],
        [-0.85877154, -0.88352277, -0.87413304, ...,  0.07769683,
         -0.14018421,  0.        ]],

       [[ 0.        ,  0.35492971,  0.55676393, ...,  0.36210872,
          0.08862259,  0.        ],
        [-0.35492971,  0.        ,  0.22568495, ...,  0.66937562,
          0.4363858 ,  0.35492971],
        [-0.55676393, -0.22568495,  0.        , ...,  0.81977276,
          0.62818941,  0.55676393],
        ...,
        [-0.36210872, -0.66937562, -0.81977276, ...,  0.        ,
          0.27807562,  0.36210872],
        [-0.08862259, -0.4363858 , -0.62818941, ..., -0.27807562,
          0.        ,  0.08862259],
        [-0.        , -0.35492971, -0.55676393, ..., -0.36210872,
         -0.08862259,  0.        ]]]), 'num': array([ 9.72336941e-01,  2.33579265e-01,  7.27840041e-06,  4.43431958e-04,
        4.55664563e-04,  4.39936927e-04,  1.54506548e-04, -8.73757552e-06,
        4.51820030e-04,  4.45878479e-04,  4.20874450e-04,  2.31771369e-07,
        4.64430967e-04,  4.27325991e-04])}
{'img': array([[[ 0.        , -0.13865901, -0.82602303, ...,  0.980733  ,
          0.99469111,  0.93901132],
        [ 0.13865901,  0.        , -0.73989054, ...,  0.99834675,
          0.99935139,  0.97762356],
        [ 0.82602303,  0.73989054,  0.        , ...,  0.71414284,
          0.64564658,  0.81331888],
        ...,
        [-0.980733  , -0.99834675, -0.71414284, ...,  0.        ,
          0.09339284, -0.15382193],
        [-0.99469111, -0.99935139, -0.64564658, ..., -0.09339284,
          0.        , -0.24543095],
        [-0.93901132, -0.97762356, -0.81331888, ...,  0.15382193,
          0.24543095,  0.        ]],

       [[ 0.        , -0.4191891 ,  0.01523162, ...,  0.27046112,
         -0.43582031, -0.28666392],
        [ 0.4191891 ,  0.        ,  0.43296924, ...,  0.64911767,
         -0.01839648,  0.14133437],
        [-0.01523162, -0.43296924,  0.        , ...,  0.2557658 ,
         -0.44947872, -0.30122303],
        ...,
        [-0.27046112, -0.64911767, -0.2557658 , ...,  0.        ,
         -0.6630018 , -0.53509041],
        [ 0.43582031,  0.01839648,  0.44947872, ...,  0.6630018 ,
          0.        ,  0.15952227],
        [ 0.28666392, -0.14133437,  0.30122303, ...,  0.53509041,
         -0.15952227,  0.        ]],

       [[ 0.        , -0.08318344, -0.22839617, ...,  0.94436847,
          0.97254413,  0.9873431 ],
        [ 0.08318344,  0.        , -0.14661985, ...,  0.91373738,
          0.94981521,  0.97072842],
        [ 0.22839617,  0.14661985,  0.        , ...,  0.84429012,
          0.89368609,  0.92502255],
        ...,
        [-0.94436847, -0.91373738, -0.84429012, ...,  0.        ,
         -0.10008735, -0.17495086],
        [-0.97254413, -0.94981521, -0.89368609, ...,  0.10008735,
          0.        , -0.07552864],
        [-0.9873431 , -0.97072842, -0.92502255, ...,  0.17495086,
          0.07552864,  0.        ]],

       ...,

       [[ 0.        , -0.566382  , -0.78359431, ..., -0.8678521 ,
         -0.51019938, -0.76468572],
        [ 0.566382  ,  0.        , -0.29391589, ..., -0.43384271,
          0.06664315, -0.26523178],
        [ 0.78359431,  0.29391589,  0.        , ..., -0.14986556,
          0.35696209,  0.02987237],
        ...,
        [ 0.8678521 ,  0.43384271,  0.14986556, ...,  0.        ,
          0.49292294,  0.17933368],
        [ 0.51019938, -0.06664315, -0.35696209, ..., -0.49292294,
          0.        , -0.32889844],
        [ 0.76468572,  0.26523178, -0.02987237, ..., -0.17933368,
          0.32889844,  0.        ]],

       [[ 0.        , -0.01968152, -0.05695491, ...,  0.94045901,
          0.88352277,  0.90125105],
        [ 0.01968152,  0.        , -0.0372943 , ...,  0.93358695,
          0.87413304,  0.89254852],
        [ 0.05695491,  0.0372943 ,  0.        , ...,  0.91957303,
          0.85541159,  0.87510968],
        ...,
        [-0.94045901, -0.93358695, -0.91957303, ...,  0.        ,
          0.14018421,  0.10115669],
        [-0.88352277, -0.87413304, -0.85541159, ..., -0.14018421,
          0.        , -0.03930733],
        [-0.90125105, -0.89254852, -0.87510968, ..., -0.10115669,
          0.03930733,  0.        ]],

       [[ 0.        ,  0.44957436,  0.56381548, ...,  0.20896722,
          0.18912476,  0.        ],
        [-0.44957436,  0.        ,  0.13232036, ...,  0.62630744,
          0.61039527,  0.44957436],
        [-0.56381548, -0.13232036,  0.        , ...,  0.72395412,
          0.70983862,  0.56381548],
        ...,
        [-0.20896722, -0.62630744, -0.72395412, ...,  0.        ,
          0.02024662,  0.20896722],
        [-0.18912476, -0.61039527, -0.70983862, ..., -0.02024662,
          0.        ,  0.18912476],
        [-0.        , -0.44957436, -0.56381548, ..., -0.20896722,
         -0.18912476,  0.        ]]]), 'num': array([6.67413218e-01, 6.67413218e-01, 0.00000000e+00, 1.18132140e-01,
       1.18354611e-01, 1.12347892e-01, 6.84120795e-02, 5.22807021e-03,
       1.15506981e-01, 1.13844010e-01, 1.07481337e-01, 7.09071148e-05,
       1.18898793e-01, 1.08789226e-01])}
{'img': array([[[ 0.        , -0.73854139, -0.41187416, ...,  0.99966846,
          0.97617708,  0.73854139],
        [ 0.73854139,  0.        ,  0.39530008, ...,  0.65496858,
          0.81839181,  0.        ],
        [ 0.41187416, -0.39530008,  0.        , ...,  0.90033365,
          0.97889886,  0.39530008],
        ...,
        [-0.99966846, -0.65496858, -0.90033365, ...,  0.        ,
         -0.24203811,  0.65496858],
        [-0.97617708, -0.81839181, -0.97889886, ...,  0.24203811,
          0.        ,  0.81839181],
        [-0.73854139, -0.        , -0.39530008, ..., -0.65496858,
         -0.81839181,  0.        ]],

       [[ 0.        ,  0.43296924, -0.1982309 , ..., -0.01839648,
          0.14133437,  0.62336553],
        [-0.43296924,  0.        , -0.60306418, ..., -0.44947872,
         -0.30122303,  0.22335522],
        [ 0.1982309 ,  0.60306418,  0.        , ...,  0.18016595,
          0.33477069,  0.76599786],
        ...,
        [ 0.01839648,  0.44947872, -0.18016595, ...,  0.        ,
          0.15952227,  0.63764481],
        [-0.14133437,  0.30122303, -0.33477069, ..., -0.15952227,
          0.        ,  0.50659446],
        [-0.62336553, -0.22335522, -0.76599786, ..., -0.63764481,
         -0.50659446,  0.        ]],

       [[ 0.        , -0.14661985, -0.2717715 , ...,  0.94981521,
          0.97072842,  0.9454364 ],
        [ 0.14661985,  0.        , -0.12773311, ...,  0.89368609,
          0.92502255,  0.88744926],
        [ 0.2717715 ,  0.12773311,  0.        , ...,  0.82905262,
          0.86891793,  0.82130691],
        ...,
        [-0.94981521, -0.89368609, -0.82905262, ...,  0.        ,
         -0.07552864,  0.01371273],
        [-0.97072842, -0.92502255, -0.86891793, ...,  0.07552864,
          0.        ,  0.0891951 ],
        [-0.9454364 , -0.88744926, -0.82130691, ..., -0.01371273,
         -0.0891951 ,  0.        ]],

       ...,

       [[ 0.        , -0.29391589, -0.42248078, ...,  0.06664315,
         -0.26523178,  0.30820509],
        [ 0.29391589,  0.        , -0.13742324, ...,  0.35696209,
          0.02987237,  0.57420012],
        [ 0.42248078,  0.13742324,  0.        , ...,  0.48194503,
          0.16695087,  0.68126281],
        ...,
        [-0.06664315, -0.35696209, -0.48194503, ...,  0.        ,
         -0.32889844,  0.24412095],
        [ 0.26523178, -0.02987237, -0.16695087, ...,  0.32889844,
          0.        ,  0.5494869 ],
        [-0.30820509, -0.57420012, -0.68126281, ..., -0.24412095,
         -0.5494869 ,  0.        ]],

       [[ 0.        , -0.03646802, -0.1434547 , ...,  0.97565783,
          0.97775399,  0.82325519],
        [ 0.03646802,  0.        , -0.10726844, ...,  0.96701147,
          0.96945426,  0.80200573],
        [ 0.1434547 ,  0.10726844,  0.        , ...,  0.93410711,
          0.93755064,  0.73330503],
        ...,
        [-0.97565783, -0.96701147, -0.93410711, ...,  0.        ,
         -0.00977084,  0.37331455],
        [-0.97775399, -0.96945426, -0.93755064, ...,  0.00977084,
          0.        ,  0.38236119],
        [-0.82325519, -0.80200573, -0.73330503, ..., -0.37331455,
         -0.38236119,  0.        ]],

       [[ 0.        ,  0.37042957,  0.61026015, ...,  0.19433395,
          0.        ,  0.0480438 ],
        [-0.37042957,  0.        ,  0.27339188, ...,  0.54387663,
          0.37042957,  0.4146278 ],
        [-0.61026015, -0.27339188,  0.        , ...,  0.75257737,
          0.61026015,  0.6476158 ],
        ...,
        [-0.19433395, -0.54387663, -0.75257737, ...,  0.        ,
          0.19433395,  0.14698167],
        [-0.        , -0.37042957, -0.61026015, ..., -0.19433395,
          0.        , -0.0480438 ],
        [-0.0480438 , -0.4146278 , -0.6476158 , ..., -0.14698167,
          0.0480438 ,  0.        ]]]), 'num': array([ 6.68157904e-01,  6.68157904e-01,  0.00000000e+00,  1.16927633e-01,
        1.18709388e-01,  1.15368598e-01,  4.37331620e-02, -1.33631581e-03,
        1.15591317e-01,  1.14132506e-01,  1.07922349e-01,  7.04250755e-05,
        1.19351414e-01,  1.08913598e-01])}
{'img': array([[[ 0.        ,  0.39530008,  0.65496858, ...,  0.81839181,
          0.        ,  0.45321209],
        [-0.39530008,  0.        ,  0.3029118 , ...,  0.97889886,
          0.39530008,  0.76867046],
        [-0.65496858, -0.3029118 ,  0.        , ...,  0.99480743,
          0.65496858,  0.92631326],
        ...,
        [-0.81839181, -0.97889886, -0.99480743, ...,  0.        ,
          0.81839181,  0.46907353],
        [-0.        , -0.39530008, -0.65496858, ..., -0.81839181,
          0.        , -0.45321209],
        [-0.45321209, -0.76867046, -0.92631326, ..., -0.46907353,
          0.45321209,  0.        ]],

       [[ 0.        , -0.60306418,  0.83085833, ..., -0.30122303,
          0.22335522, -0.20856688],
        [ 0.60306418,  0.        ,  0.32717403, ...,  0.33477069,
          0.76599786,  0.42342938],
        [-0.83085833, -0.32717403,  0.        , ..., -0.62464225,
         -0.93416205, -0.69652205],
        ...,
        [ 0.30122303, -0.33477069,  0.62464225, ...,  0.        ,
          0.50659446,  0.09571884],
        [-0.22335522, -0.76599786,  0.93416205, ..., -0.50659446,
          0.        , -0.42174109],
        [ 0.20856688, -0.42342938,  0.69652205, ..., -0.09571884,
          0.42174109,  0.        ]],

       [[ 0.        , -0.12773311, -0.1194802 , ...,  0.92502255,
          0.88744926,  0.89164465],
        [ 0.12773311,  0.        ,  0.00831661, ...,  0.86891793,
          0.82130691,  0.82651145],
        [ 0.1194802 , -0.00831661,  0.        , ...,  0.87300424,
          0.82602302,  0.83116445],
        ...,
        [-0.92502255, -0.86891793, -0.87300424, ...,  0.        ,
          0.0891951 ,  0.08004425],
        [-0.88744926, -0.82130691, -0.82602302, ..., -0.0891951 ,
          0.        , -0.0091837 ],
        [-0.89164465, -0.82651145, -0.83116445, ..., -0.08004425,
          0.0091837 ,  0.        ]],

       ...,

       [[ 0.        , -0.13742324, -0.44253043, ...,  0.02987237,
          0.57420012,  0.55130911],
        [ 0.13742324,  0.        , -0.31509711, ...,  0.16695087,
          0.68126281,  0.66073088],
        [ 0.44253043,  0.31509711,  0.        , ...,  0.46912109,
          0.87722225,  0.86359198],
        ...,
        [-0.02987237, -0.16695087, -0.46912109, ...,  0.        ,
          0.5494869 ,  0.52614052],
        [-0.57420012, -0.68126281, -0.87722225, ..., -0.5494869 ,
          0.        , -0.02769074],
        [-0.55130911, -0.66073088, -0.86359198, ..., -0.52614052,
          0.02769074,  0.        ]],

       [[ 0.        , -0.1060673 , -0.19973181, ...,  0.98507914,
          0.92964599,  0.79643627],
        [ 0.1060673 ,  0.        , -0.094675  , ...,  0.96126788,
          0.8853209 ,  0.72780226],
        [ 0.19973181,  0.094675  ,  0.        , ...,  0.93085616,
          0.83732221,  0.65960625],
        ...,
        [-0.98507914, -0.96126788, -0.93085616, ...,  0.        ,
          0.20296244,  0.45863126],
        [-0.92964599, -0.8853209 , -0.83732221, ..., -0.20296244,
          0.        ,  0.26872771],
        [-0.79643627, -0.72780226, -0.65960625, ..., -0.45863126,
         -0.26872771,  0.        ]],

       [[ 0.        ,  0.51314773,  0.68869581, ...,  0.        ,
          0.04892123,  0.04341388],
        [-0.51314773,  0.        ,  0.21904986, ...,  0.51314773,
          0.55452241,  0.54992607],
        [-0.68869581, -0.21904986,  0.        , ...,  0.68869581,
          0.72334155,  0.71952374],
        ...,
        [-0.        , -0.51314773, -0.68869581, ...,  0.        ,
         -0.04892123, -0.04341388],
        [-0.04892123, -0.55452241, -0.72334155, ...,  0.04892123,
          0.        ,  0.00551321],
        [-0.04341388, -0.54992607, -0.71952374, ...,  0.04341388,
         -0.00551321,  0.        ]]]), 'num': array([6.68404592e-01, 6.68404592e-01, 0.00000000e+00, 1.17527807e-01,
       1.17973410e-01, 1.15411193e-01, 2.83158465e-02, 5.57003826e-04,
       1.16235559e-01, 1.14469856e-01, 1.08359524e-01, 6.65511065e-05,
       1.19747702e-01, 1.09192011e-01])}
{'img': array([[[ 0.        ,  0.55748252,  0.19333869, ...,  0.        ,
          0.46216788,  0.35737164],
        [-0.55748252,  0.        , -0.38645638, ...,  0.55748252,
          0.87805783,  0.81735352],
        [-0.19333869,  0.38645638,  0.        , ...,  0.19333869,
          0.62489902,  0.53119982],
        ...,
        [-0.        , -0.55748252, -0.19333869, ...,  0.        ,
         -0.46216788, -0.35737164],
        [-0.46216788, -0.87805783, -0.62489902, ...,  0.46216788,
          0.        ,  0.11473288],
        [-0.35737164, -0.81735352, -0.53119982, ...,  0.35737164,
         -0.11473288,  0.        ]],

       [[ 0.        ,  0.32717403,  0.51059509, ...,  0.76599786,
          0.42342938,  0.00799127],
        [-0.32717403,  0.        , -0.76380523, ..., -0.93416205,
         -0.69652205, -0.33471504],
        [-0.51059509,  0.76380523,  0.        , ...,  0.33038873,
         -0.09848936, -0.50370772],
        ...,
        [-0.76599786,  0.93416205, -0.33038873, ...,  0.        ,
         -0.42174109, -0.76083627],
        [-0.42342938,  0.69652205,  0.09848936, ...,  0.42174109,
          0.        , -0.41617634],
        [-0.00799127,  0.33471504,  0.50370772, ...,  0.76083627,
          0.41617634,  0.        ]],

       [[ 0.        ,  0.00831661, -0.1740158 , ...,  0.82130691,
          0.82651145,  0.7371855 ],
        [-0.00831661,  0.        , -0.18219951, ...,  0.82602302,
          0.83116445,  0.74277947],
        [ 0.1740158 ,  0.18219951,  0.        , ...,  0.70950244,
          0.71594429,  0.60835736],
        ...,
        [-0.82130691, -0.82602302, -0.70950244, ...,  0.        ,
         -0.0091837 ,  0.13439476],
        [-0.82651145, -0.83116445, -0.71594429, ...,  0.0091837 ,
          0.        ,  0.14348947],
        [-0.7371855 , -0.74277947, -0.60835736, ..., -0.13439476,
         -0.14348947,  0.        ]],

       ...,

       [[ 0.        , -0.31509711, -0.81216015, ...,  0.68126281,
          0.66073088,  0.50785242],
        [ 0.31509711,  0.        , -0.5869497 , ...,  0.87722225,
          0.86359198,  0.75342068],
        [ 0.81216015,  0.5869497 ,  0.        , ...,  0.99200511,
          0.99511922,  0.99592922],
        ...,
        [-0.68126281, -0.87722225, -0.99200511, ...,  0.        ,
         -0.02769074, -0.21510209],
        [-0.66073088, -0.86359198, -0.99511922, ...,  0.02769074,
          0.        , -0.18797707],
        [-0.50785242, -0.75342068, -0.99592922, ...,  0.21510209,
          0.18797707,  0.        ]],

       [[ 0.        , -0.09358287, -0.23517305, ...,  0.9313812 ,
          0.88623117,  0.72187803],
        [ 0.09358287,  0.        , -0.14318279, ...,  0.89322541,
          0.83899031,  0.65394881],
        [ 0.23517305,  0.14318279,  0.        , ...,  0.81964556,
          0.75243317,  0.53888736],
        ...,
        [-0.9313812 , -0.89322541, -0.81964556, ...,  0.        ,
          0.10882767,  0.38173832],
        [-0.88623117, -0.83899031, -0.75243317, ..., -0.10882767,
          0.        ,  0.27888484],
        [-0.72187803, -0.65394881, -0.53888736, ..., -0.38173832,
         -0.27888484,  0.        ]],

       [[ 0.        ,  0.5135373 ,  0.69272881, ...,  0.20806289,
          0.20678424,  0.        ],
        [-0.5135373 ,  0.        ,  0.22404575, ...,  0.68083073,
          0.67987279,  0.5135373 ],
        [-0.69272881, -0.22404575,  0.        , ...,  0.82762333,
          0.82688898,  0.69272881],
        ...,
        [-0.20806289, -0.68083073, -0.82762333, ...,  0.        ,
          0.00130708,  0.20806289],
        [-0.20678424, -0.67987279, -0.82688898, ..., -0.00130708,
          0.        ,  0.20678424],
        [-0.        , -0.5135373 , -0.69272881, ..., -0.20806289,
         -0.20678424,  0.        ]]]), 'num': array([ 7.21565976e-01,  5.95879452e-01,  1.20504817e-06,  1.25686525e-01,
        1.26168544e-01,  1.23035419e-01,  3.99413217e-02, -1.44605781e-03,
        1.25927534e-01,  1.23915104e-01,  1.17602660e-01,  7.10669436e-05,
        1.29681785e-01,  1.18148423e-01])}
{'img': array([[[ 0.        , -0.38645638, -0.55748252, ...,  0.87805783,
          0.81735352,  0.93182722],
        [ 0.38645638,  0.        , -0.19333869, ...,  0.62489902,
          0.53119982,  0.71918551],
        [ 0.55748252,  0.19333869,  0.        , ...,  0.46216788,
          0.35737164,  0.57128075],
        ...,
        [-0.87805783, -0.62489902, -0.46216788, ...,  0.        ,
          0.11473288, -0.12728099],
        [-0.81735352, -0.53119982, -0.35737164, ..., -0.11473288,
          0.        , -0.2402402 ],
        [-0.93182722, -0.71918551, -0.57128075, ...,  0.12728099,
          0.2402402 ,  0.        ]],

       [[ 0.        , -0.76380523, -0.52960298, ..., -0.69652205,
         -0.33471504, -0.57671243],
        [ 0.76380523,  0.        , -0.30606391, ..., -0.09848936,
         -0.50370772, -0.25175137],
        [ 0.52960298,  0.30606391,  0.        , ...,  0.21081291,
         -0.21513458,  0.05653612],
        ...,
        [ 0.69652205,  0.09848936, -0.21081291, ...,  0.        ,
         -0.41617634, -0.15521018],
        [ 0.33471504,  0.50370772,  0.21513458, ...,  0.41617634,
          0.        ,  0.27000278],
        [ 0.57671243,  0.25175137, -0.05653612, ...,  0.15521018,
         -0.27000278,  0.        ]],

       [[ 0.        , -0.18219951, -0.49389615, ...,  0.83116445,
          0.74277947,  0.70371476],
        [ 0.18219951,  0.        , -0.32720283, ...,  0.71594429,
          0.60835736,  0.56248611],
        [ 0.49389615,  0.32720283,  0.        , ...,  0.44809543,
          0.31518093,  0.26099006],
        ...,
        [-0.83116445, -0.71594429, -0.44809543, ...,  0.        ,
          0.14348947,  0.19924372],
        [-0.74277947, -0.60835736, -0.31518093, ..., -0.14348947,
          0.        ,  0.05656942],
        [-0.70371476, -0.56248611, -0.26099006, ..., -0.19924372,
         -0.05656942,  0.        ]],

       ...,

       [[ 0.        , -0.5869497 , -0.25377835, ...,  0.86359198,
          0.75342068,  0.72581522],
        [ 0.5869497 ,  0.        ,  0.36226948, ...,  0.99511922,
          0.99592922,  0.99139365],
        [ 0.25377835, -0.36226948,  0.        , ...,  0.96327289,
          0.8956246 ,  0.87662529],
        ...,
        [-0.86359198, -0.99511922, -0.96327289, ...,  0.        ,
         -0.18797707, -0.2281063 ],
        [-0.75342068, -0.99592922, -0.8956246 , ...,  0.18797707,
          0.        , -0.04101866],
        [-0.72581522, -0.99139365, -0.87662529, ...,  0.2281063 ,
          0.04101866,  0.        ]],

       [[ 0.        , -0.14257851, -0.42248007, ...,  0.86345918,
          0.77391196,  0.6517904 ],
        [ 0.14257851,  0.        , -0.2889346 , ...,  0.78271837,
          0.67571128,  0.53699996],
        [ 0.42248007,  0.2889346 ,  0.        , ...,  0.56950855,
          0.43389854,  0.27035618],
        ...,
        [-0.86345918, -0.78271837, -0.56950855, ...,  0.        ,
          0.15644714,  0.32607142],
        [-0.77391196, -0.67571128, -0.43389854, ..., -0.15644714,
          0.        ,  0.17415974],
        [-0.6517904 , -0.53699996, -0.27035618, ..., -0.32607142,
         -0.17415974,  0.        ]],

       [[ 0.        ,  0.52208394,  0.73377821, ...,  0.22737637,
          0.07692462,  0.        ],
        [-0.52208394,  0.        ,  0.27113697, ...,  0.70233694,
          0.58614552,  0.52208394],
        [-0.73377821, -0.27113697,  0.        , ...,  0.86903535,
          0.78386571,  0.73377821],
        ...,
        [-0.22737637, -0.70233694, -0.86903535, ...,  0.        ,
          0.1517929 ,  0.22737637],
        [-0.07692462, -0.58614552, -0.78386571, ..., -0.1517929 ,
          0.        ,  0.07692462],
        [-0.        , -0.52208394, -0.73377821, ..., -0.22737637,
         -0.07692462,  0.        ]]]), 'num': array([ 7.20543978e-01,  5.96330139e-01,  1.20595960e-06,  1.24213839e-01,
        1.28072910e-01,  1.24213839e-01,  4.13185878e-02, -1.56774748e-03,
        1.26384566e-01,  1.24195749e-01,  1.18017216e-01,  6.44209188e-05,
        1.29734387e-01,  1.18657112e-01])}
{'img': array([[[ 0.        , -0.19333869,  0.2409046 , ...,  0.53119982,
          0.71918551,  0.83745049],
        [ 0.19333869,  0.        ,  0.42400387, ...,  0.35737164,
          0.57128075,  0.71598739],
        [-0.2409046 , -0.42400387,  0.        , ...,  0.71966095,
          0.86538951,  0.94444412],
        ...,
        [-0.53119982, -0.35737164, -0.71966095, ...,  0.        ,
         -0.2402402 , -0.41921935],
        [-0.71918551, -0.57128075, -0.86538951, ...,  0.2402402 ,
          0.        , -0.1888314 ],
        [-0.83745049, -0.71598739, -0.94444412, ...,  0.41921935,
          0.1888314 ,  0.        ]],

       [[ 0.        , -0.36433061, -0.85611268, ..., -0.58796636,
         -0.30101419, -0.26589558],
        [ 0.36433061,  0.        , -0.60898964, ..., -0.25285353,
          0.06710745,  0.10359489],
        [ 0.85611268,  0.60898964,  0.        , ...,  0.38864236,
          0.66084499,  0.68788223],
        ...,
        [ 0.58796636,  0.25285353, -0.38864236, ...,  0.        ,
          0.3172103 ,  0.3517216 ],
        [ 0.30101419, -0.06710745, -0.66084499, ..., -0.3172103 ,
          0.        ,  0.03661498],
        [ 0.26589558, -0.10359489, -0.68788223, ..., -0.3517216 ,
         -0.03661498,  0.        ]],

       [[ 0.        , -0.32720283, -0.0540713 , ...,  0.60835736,
          0.56248611,  0.41111547],
        [ 0.32720283,  0.        ,  0.27562926, ...,  0.31518093,
          0.26099006,  0.09021263],
        [ 0.0540713 , -0.27562926,  0.        , ...,  0.56455297,
          0.51695672,  0.36122355],
        ...,
        [-0.60835736, -0.31518093, -0.56455297, ...,  0.        ,
          0.05656942,  0.22828116],
        [-0.56248611, -0.26099006, -0.51695672, ..., -0.05656942,
          0.        ,  0.17283989],
        [-0.41111547, -0.09021263, -0.36122355, ..., -0.22828116,
         -0.17283989,  0.        ]],

       ...,

       [[ 0.        ,  0.36226948, -0.11241303, ...,  0.99592922,
          0.99139365,  0.9071187 ],
        [-0.36226948,  0.        , -0.46475046, ...,  0.8956246 ,
          0.87662529,  0.69303109],
        [ 0.11241303,  0.46475046,  0.        , ...,  0.99974936,
          0.99982627,  0.94868081],
        ...,
        [-0.99592922, -0.8956246 , -0.99974936, ...,  0.        ,
         -0.04101866, -0.33739502],
        [-0.99139365, -0.87662529, -0.99982627, ...,  0.04101866,
          0.        , -0.29849761],
        [-0.9071187 , -0.69303109, -0.94868081, ...,  0.33739502,
          0.29849761,  0.        ]],

       [[ 0.        , -0.2889346 , -0.33718406, ...,  0.67571128,
          0.53699996,  0.61613854],
        [ 0.2889346 ,  0.        , -0.05078854, ...,  0.43389854,
          0.27035618,  0.36228371],
        [ 0.33718406,  0.05078854,  0.        , ...,  0.38758003,
          0.22111007,  0.31447779],
        ...,
        [-0.67571128, -0.43389854, -0.38758003, ...,  0.        ,
          0.17415974,  0.07801912],
        [-0.53699996, -0.27035618, -0.22111007, ..., -0.17415974,
          0.        , -0.09680209],
        [-0.61613854, -0.36228371, -0.31447779, ..., -0.07801912,
          0.09680209,  0.        ]],

       [[ 0.        ,  0.57739935,  0.62333883, ...,  0.29040036,
          0.27986396,  0.        ],
        [-0.57739935,  0.        ,  0.05743389, ...,  0.78961728,
          0.78282453,  0.57739935],
        [-0.62333883, -0.05743389,  0.        , ...,  0.82355529,
          0.81727014,  0.62333883],
        ...,
        [-0.29040036, -0.78961728, -0.82355529, ...,  0.        ,
          0.01099258,  0.29040036],
        [-0.27986396, -0.78282453, -0.81727014, ..., -0.01099258,
          0.        ,  0.27986396],
        [-0.        , -0.57739935, -0.62333883, ..., -0.29040036,
         -0.27986396,  0.        ]]]), 'num': array([ 7.18696714e-01,  5.98205417e-01,  1.20975198e-06,  1.20491297e-01,
        1.25814206e-01,  1.20007396e-01,  6.70916349e-02, -4.11315673e-03,
        1.25185135e-01,  1.24550015e-01,  1.18678685e-01,  5.12193378e-05,
        1.30202276e-01,  1.18897754e-01])}
{'img': array([[[ 0.        ,  0.42400387,  0.75093391, ...,  0.57128075,
          0.71598739,  0.92606726],
        [-0.42400387,  0.        ,  0.40008854, ...,  0.86538951,
          0.94444412,  0.99870388],
        [-0.75093391, -0.40008854,  0.        , ...,  0.99359342,
          0.99705875,  0.89492514],
        ...,
        [-0.57128075, -0.86538951, -0.99359342, ...,  0.        ,
         -0.1888314 , -0.54449643],
        [-0.71598739, -0.94444412, -0.99705875, ...,  0.1888314 ,
          0.        , -0.37631586],
        [-0.92606726, -0.99870388, -0.89492514, ...,  0.54449643,
          0.37631586,  0.        ]],

       [[ 0.        , -0.60898964,  0.31914431, ...,  0.06710745,
          0.10359489,  0.60994781],
        [ 0.60898964,  0.        ,  0.83028152, ...,  0.66084499,
          0.68788223,  0.96638601],
        [-0.31914431, -0.83028152,  0.        , ..., -0.25482674,
         -0.21924966,  0.32514806],
        ...,
        [-0.06710745, -0.66084499,  0.25482674, ...,  0.        ,
          0.03661498,  0.55539411],
        [-0.10359489, -0.68788223,  0.21924966, ..., -0.03661498,
          0.        ,  0.52457313],
        [-0.60994781, -0.96638601, -0.32514806, ..., -0.55539411,
         -0.52457313,  0.        ]],

       [[ 0.        ,  0.27562926,  0.46009533, ...,  0.26099006,
          0.09021263,  0.50798494],
        [-0.27562926,  0.        ,  0.19755026, ...,  0.51695672,
          0.36122355,  0.7257253 ],
        [-0.46009533, -0.19755026,  0.        , ...,  0.67587423,
          0.53831635,  0.84733479],
        ...,
        [-0.26099006, -0.51695672, -0.67587423, ...,  0.        ,
          0.17283989, -0.26557098],
        [-0.09021263, -0.36122355, -0.53831635, ..., -0.17283989,
          0.        , -0.42820756],
        [-0.50798494, -0.7257253 , -0.84733479, ...,  0.26557098,
          0.42820756,  0.        ]],

       ...,

       [[ 0.        , -0.46475046,  0.28547587, ...,  0.87662529,
          0.69303109, -0.0552476 ],
        [ 0.46475046,  0.        ,  0.69818253, ...,  0.99982627,
          0.94868081,  0.41512212],
        [-0.28547587, -0.69818253,  0.        , ...,  0.70278184,
          0.45838947, -0.33798838],
        ...,
        [-0.87662529, -0.99982627, -0.70278184, ...,  0.        ,
         -0.29849761, -0.9018701 ],
        [-0.69303109, -0.94868081, -0.45838947, ...,  0.29849761,
          0.        , -0.73180103],
        [ 0.0552476 , -0.41512212,  0.33798838, ...,  0.9018701 ,
          0.73180103,  0.        ]],

       [[ 0.        , -0.0507696 , -0.27025871, ...,  0.32204236,
          0.37531668,  0.27025871],
        [ 0.0507696 ,  0.        , -0.22102983, ...,  0.27356219,
          0.32777449,  0.22102983],
        [ 0.27025871,  0.22102983,  0.        , ...,  0.05419769,
          0.11084841,  0.        ],
        ...,
        [-0.32204236, -0.27356219, -0.05419769, ...,  0.        ,
         -0.05682179,  0.05419769],
        [-0.37531668, -0.32777449, -0.11084841, ...,  0.05682179,
          0.        ,  0.11084841],
        [-0.27025871, -0.22102983, -0.        , ..., -0.05419769,
         -0.11084841,  0.        ]],

       [[ 0.        ,  0.27303874,  0.50441343, ...,  0.2933601 ,
          0.        ,  0.1659082 ],
        [-0.27303874,  0.        ,  0.24948859, ...,  0.54323889,
          0.27303874,  0.42885895],
        [-0.50441343, -0.24948859,  0.        , ...,  0.73552563,
          0.50441343,  0.64067833],
        ...,
        [-0.2933601 , -0.54323889, -0.73552563, ...,  0.        ,
          0.2933601 ,  0.1306859 ],
        [-0.        , -0.27303874, -0.50441343, ..., -0.2933601 ,
          0.        , -0.1659082 ],
        [-0.1659082 , -0.42885895, -0.64067833, ..., -0.1306859 ,
          0.1659082 ,  0.        ]]]), 'num': array([7.21064756e-01, 5.97661405e-01, 1.20865182e-06, 1.23403351e-01,
       1.23524216e-01, 1.20381722e-01, 4.04233602e-02, 3.02162956e-03,
       1.24370273e-01, 1.24605960e-01, 1.18915224e-01, 5.06061536e-05,
       1.29905578e-01, 1.19306342e-01])}
{'img': array([[[ 0.        ,  0.66976374,  0.86886477, ...,  0.73026095,
          0.93803717,  0.80442117],
        [-0.66976374,  0.        ,  0.3136304 , ...,  0.99983435,
          0.9286586 ,  0.99522191],
        [-0.86886477, -0.3136304 ,  0.        , ...,  0.9550962 ,
          0.76546659,  0.91438559],
        ...,
        [-0.73026095, -0.99983435, -0.9550962 , ...,  0.        ,
         -0.38777655, -0.11573667],
        [-0.93803717, -0.9286586 , -0.76546659, ...,  0.38777655,
          0.        ,  0.27848999],
        [-0.80442117, -0.99522191, -0.91438559, ...,  0.11573667,
         -0.27848999,  0.        ]],

       [[ 0.        ,  0.83028152,  0.99839705, ...,  0.68788223,
          0.96638601,  0.66830369],
        [-0.83028152,  0.        ,  0.60344307, ..., -0.21924966,
          0.32514806, -0.2451617 ],
        [-0.99839705, -0.60344307,  0.        , ..., -0.76359158,
         -0.31137881, -0.78052074],
        ...,
        [-0.68788223,  0.21924966,  0.76359158, ...,  0.        ,
          0.52457313, -0.02663797],
        [-0.96638601, -0.32514806,  0.31137881, ..., -0.52457313,
          0.        , -0.54706563],
        [-0.66830369,  0.2451617 ,  0.78052074, ...,  0.02663797,
          0.54706563,  0.        ]],

       [[ 0.        ,  0.37958729,  0.54909668, ...,  0.09109731,
          0.51259945,  0.60221122],
        [-0.37958729,  0.        ,  0.19075662, ...,  0.46228818,
          0.80015865,  0.86017779],
        [-0.54909668, -0.19075662,  0.        , ...,  0.62294892,
          0.89987923,  0.94166744],
        ...,
        [-0.09109731, -0.46228818, -0.62294892, ...,  0.        ,
         -0.43224938, -0.52698089],
        [-0.51259945, -0.80015865, -0.89987923, ...,  0.43224938,
          0.        , -0.10784833],
        [-0.60221122, -0.86017779, -0.94166744, ...,  0.52698089,
          0.10784833,  0.        ]],

       ...,

       [[ 0.        ,  0.69818253,  0.97786964, ...,  0.94868081,
          0.41512212,  0.35497036],
        [-0.69818253,  0.        ,  0.55400589, ...,  0.45838947,
         -0.33798838, -0.39858487],
        [-0.97786964, -0.55400589,  0.        , ..., -0.11075845,
         -0.80278243, -0.83992321],
        ...,
        [-0.94868081, -0.45838947,  0.11075845, ...,  0.        ,
         -0.73180103, -0.77464627],
        [-0.41512212,  0.33798838,  0.80278243, ...,  0.73180103,
          0.        , -0.0651485 ],
        [-0.35497036,  0.39858487,  0.83992321, ...,  0.77464627,
          0.0651485 ,  0.        ]],

       [[ 0.        , -0.22102983,  0.08707274, ...,  0.32777449,
          0.22102983,  0.40297668],
        [ 0.22102983,  0.        ,  0.30510952, ...,  0.11084841,
          0.        ,  0.19072111],
        [-0.08707274, -0.30510952,  0.        , ...,  0.40879208,
          0.30510952,  0.48113602],
        ...,
        [-0.32777449, -0.11084841, -0.40879208, ...,  0.        ,
          0.11084841, -0.08073206],
        [-0.22102983, -0.        , -0.30510952, ..., -0.11084841,
          0.        , -0.19072111],
        [-0.40297668, -0.19072111, -0.48113602, ...,  0.08073206,
          0.19072111,  0.        ]],

       [[ 0.        ,  0.43263439,  0.49014876, ...,  0.28065602,
          0.32426839,  0.        ],
        [-0.43263439,  0.        ,  0.06480224, ...,  0.66827702,
          0.70160752,  0.43263439],
        [-0.49014876, -0.06480224,  0.        , ...,  0.71507958,
          0.74630854,  0.49014876],
        ...,
        [-0.28065602, -0.66827702, -0.71507958, ...,  0.        ,
         -0.04574473,  0.28065602],
        [-0.32426839, -0.70160752, -0.74630854, ...,  0.04574473,
          0.        ,  0.32426839],
        [-0.        , -0.43263439, -0.49014876, ..., -0.28065602,
         -0.32426839,  0.        ]]]), 'num': array([ 7.20191852e-01,  5.98040572e-01,  1.20941861e-06,  1.22151280e-01,
        1.24691059e-01,  1.20458094e-01,  4.93491171e-02, -1.33036047e-03,
        1.23360699e-01,  1.24848283e-01,  1.19293021e-01,  4.96295288e-05,
        1.29599375e-01,  1.20097192e-01])}
{'img': array([[[ 0.        ,  0.69819351,  0.67410409, ...,  0.96824584,
          0.84542705,  0.91249363],
        [-0.69819351,  0.        , -0.03311387, ...,  0.86772437,
          0.97814772,  0.9388871 ],
        [-0.67410409,  0.03311387,  0.        , ...,  0.88370761,
          0.98449603,  0.94977083],
        ...,
        [-0.96824584, -0.86772437, -0.88370761, ...,  0.        ,
          0.30577454,  0.16797716],
        [-0.84542705, -0.97814772, -0.98449603, ..., -0.30577454,
          0.        , -0.14149803],
        [-0.91249363, -0.9388871 , -0.94977083, ..., -0.16797716,
          0.14149803,  0.        ]],

       [[ 0.        ,  0.60740636,  0.25141832, ...,  0.32806064,
         -0.2490123 , -0.02932748],
