state_0,state_1,state_2,state_3,state_4,state_5,state_6,state_7,state_8,state_9,state_10,state_11,state_12,state_13,state_14,state_15,state_16,state_17,state_18,state_19,state_20,state_21,state_22,state_23,state_24,state_25,state_26,state_27,state_28,state_29,state_30,state_31,state_32,state_33,state_34,state_35,state_36,state_37,state_38,state_39,state_40,state_41,state_42,state_43,state_44,state_45,state_46,state_47,state_48,state_49,state_50,state_51,state_52,state_53,state_54,state_55,state_56,state_57,state_58,state_59,state_60,state_61,state_62,state_63,state_64,state_65,state_66,state_67,state_68,state_69,state_70,state_71,state_72,state_73,state_74,state_75,state_76,state_77,state_78,state_79,state_80,state_81,state_82,state_83,state_84,state_85,state_86,state_87,state_88,state_89,state_90,state_91,state_92,state_93,state_94,state_95,state_96,state_97,state_98,state_99,state_100,state_101,state_102,state_103,state_104,state_105,state_106,state_107,state_108,state_109,state_110,state_111,state_112,state_113,state_114,state_115,state_116,state_117,state_118,state_119,state_120,state_121,state_122,state_123,state_124,state_125,state_126,state_127,state_128,state_129,state_130,state_131,state_132,state_133,state_134,state_135,state_136,state_137,state_138,state_139,state_140,state_141,state_142,state_143,state_144,state_145,state_146,state_147,state_148,state_149,state_150,state_151,state_152,state_153,state_154,state_155,state_156,state_157,state_158,state_159,state_160,state_161,state_162,state_163,state_164,state_165,state_166,state_167,state_168,state_169,state_170,state_171,state_172,state_173,state_174,state_175,state_176,state_177,state_178,state_179,state_180,state_181,state_182,state_183,state_184,state_185,state_186,state_187,state_188,state_189,state_190,state_191,state_192,state_193,state_194,state_195,state_196,state_197,state_198,state_199,state_200,state_201,state_202,state_203,state_204,state_205,state_206,state_207,state_208,state_209,state_210,state_211,state_212,state_213,state_214,state_215,state_216,state_217,state_218,state_219,state_220,state_221,state_222,state_223,state_224,state_225,state_226,state_227,state_228,state_229,state_230,state_231,state_232,state_233,state_234,state_235,state_236,state_237,state_238,state_239,state_240,state_241,state_242,state_243,state_244,state_245,state_246,state_247,state_248,state_249,state_250,state_251,state_252,state_253,state_254,state_255,state_256,state_257,state_258,state_259,state_260,state_261,state_262,state_263,state_264,state_265,state_266,state_267,state_268,state_269,state_270,state_271,state_272,state_273,state_274,state_275,state_276,state_277,state_278,state_279,state_280,state_281,state_282,state_283,state_284,state_285,state_286,state_287
{'img': array([[[ 0.        ,  0.42591771,  0.39572897, ...,  0.50358518,
          0.73295966,  0.77443535],
        [-0.42591771,  0.        , -0.03310842, ...,  0.82359441,
          0.95289391,  0.97013774],
        [-0.39572897,  0.03310842,  0.        , ...,  0.80436448,
          0.94232959,  0.96157528],
        ...,
        [-0.50358518, -0.82359441, -0.80436448, ...,  0.        ,
         -0.2906623 , -0.35047528],
        [-0.73295966, -0.95289391, -0.94232959, ...,  0.2906623 ,
          0.        , -0.0631176 ],
        [-0.77443535, -0.97013774, -0.96157528, ...,  0.35047528,
          0.0631176 ,  0.        ]],

       [[ 0.        , -0.17344697, -0.47176976, ..., -0.00740474,
         -0.06224466, -0.03736673],
        [ 0.17344697,  0.        , -0.31168728, ...,  0.1661497 ,
          0.11180941,  0.13652546],
        [ 0.47176976,  0.31168728,  0.        , ...,  0.4652279 ,
          0.41597249,  0.43849322],
        ...,
        [ 0.00740474, -0.1661497 , -0.4652279 , ...,  0.        ,
         -0.05485257, -0.02996614],
        [ 0.06224466, -0.11180941, -0.41597249, ...,  0.05485257,
          0.        ,  0.02490691],
        [ 0.03736673, -0.13652546, -0.43849322, ...,  0.02996614,
         -0.02490691,  0.        ]],

       [[ 0.        ,  0.22029398,  0.30057803, ...,  0.        ,
          0.25567419,  0.45843426],
        [-0.22029398,  0.        ,  0.08308692, ...,  0.22029398,
          0.46236524,  0.64295364],
        [-0.30057803, -0.08308692,  0.        , ...,  0.30057803,
          0.53443883,  0.7043672 ],
        ...,
        [-0.        , -0.22029398, -0.30057803, ...,  0.        ,
         -0.25567419, -0.45843426],
        [-0.25567419, -0.46236524, -0.53443883, ...,  0.25567419,
          0.        , -0.21597239],
        [-0.45843426, -0.64295364, -0.7043672 , ...,  0.45843426,
          0.21597239,  0.        ]],

       ...,

       [[ 0.        , -0.01669267, -0.089913  , ...,  0.54275162,
          0.60670025,  0.53867943],
        [ 0.01669267,  0.        , -0.07327541, ...,  0.55669606,
          0.61988523,  0.55266813],
        [ 0.089913  ,  0.07327541,  0.        , ...,  0.61607059,
          0.67571749,  0.61225025],
        ...,
        [-0.54275162, -0.55669606, -0.61607059, ...,  0.        ,
          0.07811353, -0.00484089],
        [-0.60670025, -0.61988523, -0.67571749, ..., -0.07811353,
          0.        , -0.08293871],
        [-0.53867943, -0.55266813, -0.61225025, ...,  0.00484089,
          0.08293871,  0.        ]],

       [[ 0.        ,  0.04506115, -0.0060896 , ...,  0.65788322,
          0.57216497,  0.3987312 ],
        [-0.04506115,  0.        , -0.05114373, ...,  0.69115142,
          0.60854017,  0.43965032],
        [ 0.0060896 ,  0.05114373,  0.        , ...,  0.65328483,
          0.56716005,  0.39313923],
        ...,
        [-0.65788322, -0.69115142, -0.65328483, ...,  0.        ,
          0.10864653,  0.30303112],
        [-0.57216497, -0.60854017, -0.56716005, ..., -0.10864653,
          0.        ,  0.19769927],
        [-0.3987312 , -0.43965032, -0.39313923, ..., -0.30303112,
         -0.19769927,  0.        ]],

       [[ 0.        ,  0.26681329,  0.5374006 , ...,  0.48035341,
          0.40944467,  0.36022489],
        [-0.26681329,  0.        ,  0.29290801, ...,  0.69695503,
          0.63802467,  0.59606701],
        [-0.5374006 , -0.29290801,  0.        , ...,  0.87643569,
          0.83558514,  0.80510989],
        ...,
        [-0.48035341, -0.69695503, -0.87643569, ...,  0.        ,
          0.07912951,  0.13216087],
        [-0.40944467, -0.63802467, -0.83558514, ..., -0.07912951,
          0.        ,  0.05331105],
        [-0.36022489, -0.59606701, -0.80510989, ..., -0.13216087,
         -0.05331105,  0.        ]]]), 'num': array([ 7.11457416e-01,  7.02109441e-01,  1.97422914e-08,  9.34797496e-03,
        9.72307850e-03,  9.32823267e-03,  1.31722345e-02, -2.66520933e-04,
        9.69741352e-03,  9.34994919e-03,  8.37764134e-03,  1.19972386e-06,
        1.02642241e-02,  8.43567432e-03])}
{'img': array([[[ 0.        , -0.03310842, -0.27138441, ...,  0.95289391,
          0.97013774,  0.99967113],
        [ 0.03310842,  0.        , -0.23936973, ...,  0.94232959,
          0.96157528,  0.99827404],
        [ 0.27138441,  0.23936973,  0.        , ...,  0.83482087,
          0.86790393,  0.95519506],
        ...,
        [-0.95289391, -0.94232959, -0.83482087, ...,  0.        ,
         -0.0631176 , -0.27876778],
        [-0.97013774, -0.96157528, -0.86790393, ...,  0.0631176 ,
          0.        , -0.21759642],
        [-0.99967113, -0.99827404, -0.95519506, ...,  0.27876778,
          0.21759642,  0.        ]],

       [[ 0.        , -0.31168728,  0.00641393, ...,  0.11180941,
          0.13652546,  0.13831008],
        [ 0.31168728,  0.        ,  0.31777528, ...,  0.41597249,
          0.43849322,  0.44011177],
        [-0.00641393, -0.31777528,  0.        , ...,  0.1054334 ,
          0.13016878,  0.13195495],
        ...,
        [-0.11180941, -0.41597249, -0.1054334 , ...,  0.        ,
          0.02490691,  0.02670802],
        [-0.13652546, -0.43849322, -0.13016878, ..., -0.02490691,
          0.        ,  0.00180171],
        [-0.13831008, -0.44011177, -0.13195495, ..., -0.02670802,
         -0.00180171,  0.        ]],

       [[ 0.        ,  0.20835094,  0.22164239, ...,  0.25723202,
          0.46110698,  0.62143283],
        [-0.20835094,  0.        ,  0.01360942, ...,  0.4529267 ,
          0.63586666,  0.77103112],
        [-0.22164239, -0.01360942,  0.        , ...,  0.4650182 ,
          0.64631151,  0.77962616],
        ...,
        [-0.25723202, -0.4529267 , -0.4650182 , ...,  0.        ,
         -0.21733715, -0.39898849],
        [-0.46110698, -0.63586666, -0.64631151, ...,  0.21733715,
          0.        , -0.19016272],
        [-0.62143283, -0.77103112, -0.77962616, ...,  0.39898849,
          0.19016272,  0.        ]],

       ...,

       [[ 0.        , -0.07327541,  0.38132686, ...,  0.61988523,
          0.55266813,  0.28193443],
        [ 0.07327541,  0.        ,  0.4480405 , ...,  0.67571749,
          0.61225025,  0.35147942],
        [-0.38132686, -0.4480405 ,  0.        , ...,  0.27382256,
          0.19311033, -0.10522628],
        ...,
        [-0.61988523, -0.67571749, -0.27382256, ...,  0.        ,
         -0.08293871, -0.37350693],
        [-0.55266813, -0.61225025, -0.19311033, ...,  0.08293871,
          0.        , -0.29528385],
        [-0.28193443, -0.35147942,  0.10522628, ...,  0.37350693,
          0.29528385,  0.        ]],

       [[ 0.        , -0.05114373, -0.15502629, ...,  0.60854017,
          0.43965032,  0.43965032],
        [ 0.05114373,  0.        , -0.10429798, ...,  0.56716005,
          0.39313923,  0.39313923],
        [ 0.15502629,  0.10429798,  0.        , ...,  0.4781662 ,
          0.29509529,  0.29509529],
        ...,
        [-0.60854017, -0.56716005, -0.4781662 , ...,  0.        ,
          0.19769927,  0.19769927],
        [-0.43965032, -0.39313923, -0.29509529, ..., -0.19769927,
          0.        ,  0.        ],
        [-0.43965032, -0.39313923, -0.29509529, ..., -0.19769927,
          0.        ,  0.        ]],

       [[ 0.        ,  0.4145344 ,  0.60017292, ...,  0.48343211,
          0.43565757,  0.43565757],
        [-0.4145344 ,  0.        ,  0.2146038 , ...,  0.80281538,
          0.76959064,  0.76959064],
        [-0.60017292, -0.2146038 ,  0.        , ...,  0.91206346,
          0.88869268,  0.88869268],
        ...,
        [-0.48343211, -0.80281538, -0.91206346, ...,  0.        ,
          0.05377654,  0.05377654],
        [-0.43565757, -0.76959064, -0.88869268, ..., -0.05377654,
          0.        ,  0.        ],
        [-0.43565757, -0.76959064, -0.88869268, ..., -0.05377654,
          0.        ,  0.        ]]]), 'num': array([7.06837339e-01, 7.06837339e-01, 0.00000000e+00, 9.20598631e-03,
       9.20598631e-03, 8.99697527e-03, 1.06889957e-02, 2.09011041e-04,
       9.27058973e-03, 9.02120155e-03, 8.09806945e-03, 1.12174600e-06,
       9.89837060e-03, 8.14403250e-03])}
{'img': array([[[ 0.        , -0.23936973,  0.04880549, ...,  0.96157528,
          0.99827404,  0.9725283 ],
        [ 0.23936973,  0.        ,  0.28647112, ...,  0.86790393,
          0.95519506,  0.88853383],
        [-0.04880549, -0.28647112,  0.        , ...,  0.9738285 ,
          0.99995063,  0.98273051],
        ...,
        [-0.96157528, -0.86790393, -0.9738285 , ...,  0.        ,
         -0.21759642, -0.04315932],
        [-0.99827404, -0.95519506, -0.99995063, ...,  0.21759642,
          0.        ,  0.1752685 ],
        [-0.9725283 , -0.88853383, -0.98273051, ...,  0.04315932,
         -0.1752685 ,  0.        ]],

       [[ 0.        ,  0.31777528,  0.20329062, ...,  0.43849322,
          0.44011177,  0.33705244],
        [-0.31777528,  0.        , -0.11838637, ...,  0.13016878,
          0.13195495,  0.02040074],
        [-0.20329062,  0.11838637,  0.        , ...,  0.24663251,
          0.24837816,  0.138619  ],
        ...,
        [-0.43849322, -0.13016878, -0.24663251, ...,  0.        ,
          0.00180171, -0.10991453],
        [-0.44011177, -0.13195495, -0.24837816, ..., -0.00180171,
          0.        , -0.11170514],
        [-0.33705244, -0.02040074, -0.138619  , ...,  0.10991453,
          0.11170514,  0.        ]],

       [[ 0.        ,  0.0274212 ,  0.05965039, ...,  0.54429045,
          0.69454812,  0.7462757 ],
        [-0.0274212 ,  0.        ,  0.03225559, ...,  0.56708933,
          0.71401502,  0.76424764],
        [-0.05965039, -0.03225559,  0.        , ...,  0.59336177,
          0.7362266 ,  0.78465233],
        ...,
        [-0.54429045, -0.56708933, -0.59336177, ...,  0.        ,
         -0.1910665 , -0.26374848],
        [-0.69454812, -0.71401502, -0.7362266 , ...,  0.1910665 ,
          0.        , -0.07458835],
        [-0.7462757 , -0.76424764, -0.78465233, ...,  0.26374848,
          0.07458835,  0.        ]],

       ...,

       [[ 0.        ,  0.4480405 ,  0.61582538, ...,  0.61225025,
          0.35147942,  0.29079367],
        [-0.4480405 ,  0.        ,  0.19755271, ...,  0.19311033,
         -0.10522628, -0.16870538],
        [-0.61582538, -0.19755271,  0.        , ..., -0.00452963,
         -0.29960847, -0.36010168],
        ...,
        [-0.61225025, -0.19311033,  0.00452963, ...,  0.        ,
         -0.29528385, -0.35587224],
        [-0.35147942,  0.10522628,  0.29960847, ...,  0.29528385,
          0.        , -0.06405076],
        [-0.29079367,  0.16870538,  0.36010168, ...,  0.35587224,
          0.06405076,  0.        ]],

       [[ 0.        , -0.10391343, -0.39178791, ...,  0.54133292,
          0.54133292,  0.39178791],
        [ 0.10391343,  0.        , -0.29406078, ...,  0.45103106,
          0.45103106,  0.29406078],
        [ 0.39178791,  0.29406078,  0.        , ...,  0.16863782,
          0.16863782,  0.        ],
        ...,
        [-0.54133292, -0.45103106, -0.16863782, ...,  0.        ,
          0.        ,  0.16863782],
        [-0.54133292, -0.45103106, -0.16863782, ...,  0.        ,
          0.        ,  0.16863782],
        [-0.39178791, -0.29406078, -0.        , ..., -0.16863782,
         -0.16863782,  0.        ]],

       [[ 0.        ,  0.2146038 ,  0.40483552, ...,  0.76959064,
          0.76959064,  0.71177985],
        [-0.2146038 ,  0.        ,  0.19917187, ...,  0.88869268,
          0.88869268,  0.84593449],
        [-0.40483552, -0.19917187,  0.        , ...,  0.96220831,
          0.96220831,  0.93520157],
        ...,
        [-0.76959064, -0.88869268, -0.96220831, ...,  0.        ,
          0.        ,  0.0860643 ],
        [-0.76959064, -0.88869268, -0.96220831, ...,  0.        ,
          0.        ,  0.0860643 ],
        [-0.71177985, -0.84593449, -0.93520157, ..., -0.0860643 ,
         -0.0860643 ,  0.        ]]]), 'num': array([7.06540456e-01, 7.06540456e-01, 0.00000000e+00, 9.26859523e-03,
       9.53449755e-03, 9.12614755e-03, 3.07169603e-02, 6.64755805e-05,
       9.20591825e-03, 9.03925447e-03, 8.13107142e-03, 1.21366205e-06,
       9.91822882e-03, 8.16028012e-03])}
{'img': array([[[ 0.        ,  0.28647112,  0.23936973, ...,  0.95519506,
          0.88853383,  0.85897779],
        [-0.28647112,  0.        , -0.04880549, ...,  0.99995063,
          0.98273051,  0.96965396],
        [-0.23936973,  0.04880549,  0.        , ...,  0.99827404,
          0.9725283 ,  0.95656638],
        ...,
        [-0.95519506, -0.99995063, -0.99827404, ...,  0.        ,
          0.1752685 ,  0.23483446],
        [-0.88853383, -0.98273051, -0.9725283 , ..., -0.1752685 ,
          0.        ,  0.0608322 ],
        [-0.85897779, -0.96965396, -0.95656638, ..., -0.23483446,
         -0.0608322 ,  0.        ]],

       [[ 0.        , -0.11838637, -0.13587252, ...,  0.13195495,
          0.02040074,  0.76812539],
        [ 0.11838637,  0.        , -0.01762851, ...,  0.24837816,
          0.138619  ,  0.83852636],
        [ 0.13587252,  0.01762851,  0.        , ...,  0.26541565,
          0.15605579,  0.84800114],
        ...,
        [-0.13195495, -0.24837816, -0.26541565, ...,  0.        ,
         -0.11170514,  0.676918  ],
        [-0.02040074, -0.138619  , -0.15605579, ...,  0.11170514,
          0.        ,  0.75490295],
        [-0.76812539, -0.83852636, -0.84800114, ..., -0.676918  ,
         -0.75490295,  0.        ]],

       [[ 0.        ,  0.03225559,  0.1217157 , ...,  0.71401502,
          0.76424764,  0.80573937],
        [-0.03225559,  0.        ,  0.0896366 , ...,  0.7362266 ,
          0.78465233,  0.82442413],
        [-0.1217157 , -0.0896366 ,  0.        , ...,  0.79392318,
          0.83706271,  0.87183729],
        ...,
        [-0.71401502, -0.7362266 , -0.79392318, ...,  0.        ,
         -0.07458835, -0.14123274],
        [-0.76424764, -0.78465233, -0.83706271, ...,  0.07458835,
          0.        , -0.06699861],
        [-0.80573937, -0.82442413, -0.87183729, ...,  0.14123274,
          0.06699861,  0.        ]],

       ...,

       [[ 0.        ,  0.19755271,  0.07429903, ..., -0.10522628,
         -0.16870538,  0.00970395],
        [-0.19755271,  0.        , -0.12417191, ..., -0.29960847,
         -0.36010168, -0.18803071],
        [-0.07429903,  0.12417191,  0.        , ..., -0.17882198,
         -0.24147315, -0.06461841],
        ...,
        [ 0.10522628,  0.29960847,  0.17882198, ...,  0.        ,
         -0.06405076,  0.1148714 ],
        [ 0.16870538,  0.36010168,  0.24147315, ...,  0.06405076,
          0.        ,  0.1782623 ],
        [-0.00970395,  0.18803071,  0.06461841, ..., -0.1148714 ,
         -0.1782623 ,  0.        ]],

       [[ 0.        , -0.29280418, -0.1572553 , ...,  0.52217501,
          0.46552953,  0.29280418],
        [ 0.29280418,  0.        ,  0.13879793, ...,  0.24957471,
          0.18598533,  0.        ],
        [ 0.1572553 , -0.13879793,  0.        , ...,  0.38156475,
          0.32056138,  0.13879793],
        ...,
        [-0.52217501, -0.24957471, -0.38156475, ...,  0.        ,
          0.06512034,  0.24957471],
        [-0.46552953, -0.18598533, -0.32056138, ..., -0.06512034,
          0.        ,  0.18598533],
        [-0.29280418, -0.        , -0.13879793, ..., -0.24957471,
         -0.18598533,  0.        ]],

       [[ 0.        ,  0.19917187,  0.2158003 , ...,  0.88869268,
          0.84593449,  0.79344393],
        [-0.19917187,  0.        ,  0.01699776, ...,  0.96220831,
          0.93520157,  0.89877158],
        [-0.2158003 , -0.01699776,  0.        , ...,  0.96669804,
          0.94108563,  0.90609384],
        ...,
        [-0.88869268, -0.96220831, -0.96669804, ...,  0.        ,
          0.0860643 ,  0.1771002 ],
        [-0.84593449, -0.93520157, -0.94108563, ..., -0.0860643 ,
          0.        ,  0.09173921],
        [-0.79344393, -0.89877158, -0.90609384, ..., -0.1771002 ,
         -0.09173921,  0.        ]]]), 'num': array([7.06762820e-01, 7.06762820e-01, 0.00000000e+00, 9.33800877e-03,
       9.57549628e-03, 9.30951027e-03, 1.75177245e-02, 6.64965019e-05,
       9.21261537e-03, 9.07392266e-03, 8.17273674e-03, 1.23070449e-06,
       9.94762058e-03, 8.20022475e-03])}
{'img': array([[[ 0.        , -0.04880549, -0.01570977, ...,  0.98273051,
          0.96965396,  0.9519749 ],
        [ 0.04880549,  0.        ,  0.03310842, ...,  0.9725283 ,
          0.95656638,  0.93589736],
        [ 0.01570977, -0.03310842,  0.        , ...,  0.97970226,
          0.96569355,  0.94704746],
        ...,
        [-0.98273051, -0.9725283 , -0.97970226, ...,  0.        ,
          0.0608322 ,  0.12473274],
        [-0.96965396, -0.95656638, -0.96569355, ..., -0.0608322 ,
          0.        ,  0.06414461],
        [-0.9519749 , -0.93589736, -0.94704746, ..., -0.12473274,
         -0.06414461,  0.        ]],

       [[ 0.        , -0.01762851,  0.01629654, ...,  0.138619  ,
          0.83852636,  0.46289752],
        [ 0.01762851,  0.        ,  0.03392018, ...,  0.15605579,
          0.84800114,  0.47845171],
        [-0.01629654, -0.03392018,  0.        , ...,  0.12246139,
          0.82953565,  0.4483906 ],
        ...,
        [-0.138619  , -0.15605579, -0.12246139, ...,  0.        ,
          0.75490295,  0.33555509],
        [-0.83852636, -0.84800114, -0.82953565, ..., -0.75490295,
          0.        , -0.49106484],
        [-0.46289752, -0.47845171, -0.4483906 , ..., -0.33555509,
          0.49106484,  0.        ]],

       [[ 0.        ,  0.0896366 ,  0.0896366 , ...,  0.78465233,
          0.82442413,  0.82211782],
        [-0.0896366 ,  0.        ,  0.        , ...,  0.83706271,
          0.87183729,  0.86984009],
        [-0.0896366 ,  0.        ,  0.        , ...,  0.83706271,
          0.87183729,  0.86984009],
        ...,
        [-0.78465233, -0.83706271, -0.83706271, ...,  0.        ,
         -0.06699861, -0.06294426],
        [-0.82442413, -0.87183729, -0.87183729, ...,  0.06699861,
          0.        ,  0.00406293],
        [-0.82211782, -0.86984009, -0.86984009, ...,  0.06294426,
         -0.00406293,  0.        ]],

       ...,

       [[ 0.        , -0.12417191, -0.32657081, ..., -0.36010168,
         -0.18803071, -0.156259  ],
        [ 0.12417191,  0.        , -0.20667948, ..., -0.24147315,
         -0.06461841, -0.03240307],
        [ 0.32657081,  0.20667948,  0.        , ..., -0.03569611,
          0.14302432,  0.17486751],
        ...,
        [ 0.36010168,  0.24147315,  0.03569611, ...,  0.        ,
          0.1782623 ,  0.20990217],
        [ 0.18803071,  0.06461841, -0.14302432, ..., -0.1782623 ,
          0.        ,  0.03224913],
        [ 0.156259  ,  0.03240307, -0.17486751, ..., -0.20990217,
         -0.03224913,  0.        ]],

       [[ 0.        ,  0.13814376,  0.20682192, ...,  0.2665602 ,
          0.19349694,  0.        ],
        [-0.13814376,  0.        ,  0.06968206, ...,  0.39714995,
          0.32717469,  0.13814376],
        [-0.20682192, -0.06968206,  0.        , ...,  0.46013554,
          0.39222644,  0.20682192],
        ...,
        [-0.2665602 , -0.39714995, -0.46013554, ...,  0.        ,
          0.07502656,  0.2665602 ],
        [-0.19349694, -0.32717469, -0.39222644, ..., -0.07502656,
          0.        ,  0.19349694],
        [-0.        , -0.13814376, -0.20682192, ..., -0.2665602 ,
         -0.19349694,  0.        ]],

       [[ 0.        ,  0.01687814,  0.02254438, ...,  0.95601419,
          0.93378483,  0.7942432 ],
        [-0.01687814,  0.        ,  0.00566732, ...,  0.96082871,
          0.9396914 ,  0.80438522],
        [-0.02254438, -0.00566732,  0.        , ...,  0.96238394,
          0.94161467,  0.8077393 ],
        ...,
        [-0.95601419, -0.96082871, -0.96238394, ...,  0.        ,
          0.06819718,  0.34790645],
        [-0.93378483, -0.9396914 , -0.94161467, ..., -0.06819718,
          0.        ,  0.28315963],
        [-0.7942432 , -0.80438522, -0.8077393 , ..., -0.34790645,
         -0.28315963,  0.        ]]]), 'num': array([7.06835537e-01, 7.06835537e-01, 0.00000000e+00, 9.37697144e-03,
       9.40547287e-03, 9.27246619e-03, 1.00386037e-02, 3.80019106e-05,
       9.23826447e-03, 9.12473376e-03, 8.21126283e-03, 1.23083111e-06,
       9.94636800e-03, 8.30309952e-03])}
{'img': array([[[ 0.        ,  0.03310842,  0.38672246, ...,  0.95656638,
          0.93589736,  0.92164   ],
        [-0.03310842,  0.        ,  0.35597799, ...,  0.96569355,
          0.94704746,  0.93398232],
        [-0.38672246, -0.35597799,  0.        , ...,  0.99487707,
          0.99931275,  0.99999897],
        ...,
        [-0.95656638, -0.96569355, -0.99487707, ...,  0.        ,
          0.06414461,  0.10252027],
        [-0.93589736, -0.94704746, -0.99931275, ..., -0.06414461,
          0.        ,  0.03850252],
        [-0.92164   , -0.93398232, -0.99999897, ..., -0.10252027,
         -0.03850252,  0.        ]],

       [[ 0.        ,  0.03392018,  0.82691974, ...,  0.84800114,
          0.47845171,  0.11611861],
        [-0.03392018,  0.        ,  0.80736989, ...,  0.82953565,
          0.4483906 ,  0.08236106],
        [-0.82691974, -0.80736989,  0.        , ...,  0.03858514,
         -0.45708674, -0.75603011],
        ...,
        [-0.84800114, -0.82953565, -0.03858514, ...,  0.        ,
         -0.49106484, -0.78072251],
        [-0.47845171, -0.4483906 ,  0.45708674, ...,  0.49106484,
          0.        , -0.3732498 ],
        [-0.11611861, -0.08236106,  0.75603011, ...,  0.78072251,
          0.3732498 ,  0.        ]],

       [[ 0.        ,  0.        ,  0.15397282, ...,  0.87183729,
          0.86984009,  0.85630578],
        [ 0.        ,  0.        ,  0.15397282, ...,  0.87183729,
          0.86984009,  0.85630578],
        [-0.15397282, -0.15397282,  0.        , ...,  0.93685592,
          0.93542732,  0.92561662],
        ...,
        [-0.87183729, -0.87183729, -0.93685592, ...,  0.        ,
          0.00406293,  0.03086227],
        [-0.86984009, -0.86984009, -0.93542732, ..., -0.00406293,
          0.        ,  0.02680103],
        [-0.85630578, -0.85630578, -0.92561662, ..., -0.03086227,
         -0.02680103,  0.        ]],

       ...,

       [[ 0.        , -0.20667948,  0.35992134, ..., -0.06461841,
         -0.03240307, -0.03240307],
        [ 0.20667948,  0.        ,  0.54497855, ...,  0.14302432,
          0.17486751,  0.17486751],
        [-0.35992134, -0.54497855,  0.        , ..., -0.41945698,
         -0.38996384, -0.38996384],
        ...,
        [ 0.06461841, -0.14302432,  0.41945698, ...,  0.        ,
          0.03224913,  0.03224913],
        [ 0.03240307, -0.17486751,  0.38996384, ..., -0.03224913,
          0.        ,  0.        ],
        [ 0.03240307, -0.17486751,  0.38996384, ..., -0.03224913,
          0.        ,  0.        ]],

       [[ 0.        ,  0.15503836,  0.37560626, ...,  0.19395797,
          0.        ,  0.05733736],
        [-0.15503836,  0.        ,  0.22737824, ...,  0.34370687,
          0.15503836,  0.21142736],
        [-0.37560626, -0.22737824,  0.        , ...,  0.54822967,
          0.37560626,  0.42812741],
        ...,
        [-0.19395797, -0.34370687, -0.54822967, ...,  0.        ,
          0.19395797,  0.13739037],
        [-0.        , -0.15503836, -0.37560626, ..., -0.19395797,
          0.        , -0.05733736],
        [-0.05733736, -0.21142736, -0.42812741, ..., -0.13739037,
          0.05733736,  0.        ]],

       [[ 0.        ,  0.00547835, -0.05968105, ...,  0.99296153,
          0.9802726 ,  0.78807412],
        [-0.00547835,  0.        , -0.06514874, ...,  0.99359547,
          0.98134069,  0.79143466],
        [ 0.05968105,  0.06514874,  0.        , ...,  0.98412311,
          0.96672929,  0.74993089],
        ...,
        [-0.99296153, -0.99359547, -0.98412311, ...,  0.        ,
          0.08015821,  0.51791021],
        [-0.9802726 , -0.98134069, -0.96672929, ..., -0.08015821,
          0.        ,  0.44767352],
        [-0.78807412, -0.79143466, -0.74993089, ..., -0.51791021,
         -0.44767352,  0.        ]]]), 'num': array([ 7.06811372e-01,  7.06811372e-01,  0.00000000e+00,  9.15814735e-03,
        9.31014979e-03,  9.13914704e-03,  1.32031224e-02, -2.18503516e-04,
        9.27024915e-03,  9.16289742e-03,  8.24549933e-03,  1.10230781e-06,
        9.91194095e-03,  8.41385390e-03])}
{'img': array([[[ 0.        ,  0.35597799,  0.27155716, ...,  0.94704746,
          0.93398232,  0.98722666],
        [-0.35597799,  0.        , -0.08883253, ...,  0.99931275,
          0.99999897,  0.97927287],
        [-0.27155716,  0.08883253,  0.        , ...,  0.99865488,
          0.99591802,  0.99339401],
        ...,
        [-0.94704746, -0.99931275, -0.99865488, ...,  0.        ,
          0.03850252, -0.16610662],
        [-0.93398232, -0.99999897, -0.99591802, ..., -0.03850252,
          0.        , -0.20395108],
        [-0.98722666, -0.97927287, -0.99339401, ...,  0.16610662,
          0.20395108,  0.        ]],

       [[ 0.        ,  0.80736989,  0.42793042, ...,  0.4483906 ,
          0.08236106,  0.25913022],
        [-0.80736989,  0.        , -0.47721186, ..., -0.45708674,
         -0.75603011, -0.62689341],
        [-0.42793042,  0.47721186,  0.        , ...,  0.02276031,
         -0.35203766, -0.17910842],
        ...,
        [-0.4483906 ,  0.45708674, -0.02276031, ...,  0.        ,
         -0.3732498 , -0.20145429],
        [-0.08236106,  0.75603011,  0.35203766, ...,  0.3732498 ,
          0.        ,  0.17870204],
        [-0.25913022,  0.62689341,  0.17910842, ...,  0.20145429,
         -0.17870204,  0.        ]],

       [[ 0.        ,  0.15397282,  0.26555757, ...,  0.86984009,
          0.85630578,  0.83706271],
        [-0.15397282,  0.        ,  0.11394639, ...,  0.93542732,
          0.92561662,  0.91132041],
        [-0.26555757, -0.11394639,  0.        , ...,  0.96961701,
          0.96271243,  0.95229637],
        ...,
        [-0.86984009, -0.93542732, -0.96961701, ...,  0.        ,
          0.02680103,  0.06294426],
        [-0.85630578, -0.92561662, -0.96271243, ..., -0.02680103,
          0.        ,  0.03617377],
        [-0.83706271, -0.91132041, -0.95229637, ..., -0.06294426,
         -0.03617377,  0.        ]],

       ...,

       [[ 0.        ,  0.54497855,  0.34404825, ...,  0.17486751,
          0.17486751, -0.07365978],
        [-0.54497855,  0.        , -0.22324143, ..., -0.38996384,
         -0.38996384, -0.60525811],
        [-0.34404825,  0.22324143,  0.        , ..., -0.17455495,
         -0.17455495, -0.41227661],
        ...,
        [-0.17486751,  0.38996384,  0.17455495, ...,  0.        ,
          0.        , -0.24691729],
        [-0.17486751,  0.38996384,  0.17455495, ...,  0.        ,
          0.        , -0.24691729],
        [ 0.07365978,  0.60525811,  0.41227661, ...,  0.24691729,
          0.24691729,  0.        ]],

       [[ 0.        ,  0.34528177,  0.42281775, ...,  0.        ,
          0.05751133,  0.22844861],
        [-0.34528177,  0.        ,  0.08391463, ...,  0.34528177,
          0.39868461,  0.55054994],
        [-0.42281775, -0.08391463,  0.        , ...,  0.42281775,
          0.47423553,  0.61866024],
        ...,
        [-0.        , -0.34528177, -0.42281775, ...,  0.        ,
         -0.05751133, -0.22844861],
        [-0.05751133, -0.39868461, -0.47423553, ...,  0.05751133,
          0.        , -0.17208   ],
        [-0.22844861, -0.55054994, -0.61866024, ...,  0.22844861,
          0.17208   ,  0.        ]],

       [[ 0.        , -0.06297394, -0.08826618, ...,  0.99965041,
          0.97725638,  0.77462827],
        [ 0.06297394,  0.        , -0.02536284, ...,  0.99600126,
          0.96196236,  0.73326499],
        [ 0.08826618,  0.02536284,  0.        , ...,  0.99341496,
          0.95472424,  0.71578382],
        ...,
        [-0.99965041, -0.99600126, -0.99341496, ...,  0.        ,
          0.18614866,  0.61171474],
        [-0.97725638, -0.96196236, -0.95472424, ..., -0.18614866,
          0.        ,  0.45376475],
        [-0.77462827, -0.73326499, -0.71578382, ..., -0.61171474,
         -0.45376475,  0.        ]]]), 'num': array([ 7.06813409e-01,  7.06813409e-01,  0.00000000e+00,  8.94916978e-03,
        9.00617086e-03,  8.79716689e-03,  1.35402839e-02, -2.09003965e-04,
        9.21897490e-03,  9.18714929e-03,  8.27624034e-03,  7.95169270e-07,
        9.87296690e-03,  8.50133168e-03])}
{'img': array([[[ 0.        , -0.08883253, -0.34125337, ...,  0.99999897,
          0.97927287,  0.93012952],
        [ 0.08883253,  0.        , -0.25640422, ...,  0.99591802,
          0.99339401,  0.95907444],
        [ 0.34125337,  0.25640422,  0.        , ...,  0.93948046,
          0.98960774,  0.99961413],
        ...,
        [-0.99999897, -0.99591802, -0.93948046, ...,  0.        ,
         -0.20395108, -0.36856659],
        [-0.97927287, -0.99339401, -0.98960774, ...,  0.20395108,
          0.        , -0.17122652],
        [-0.93012952, -0.95907444, -0.99961413, ...,  0.36856659,
          0.17122652,  0.        ]],

       [[ 0.        , -0.47721186, -0.57116295, ..., -0.75603011,
         -0.62689341, -0.61341374],
        [ 0.47721186,  0.        , -0.1102183 , ..., -0.35203766,
         -0.17910842, -0.16217714],
        [ 0.57116295,  0.1102183 ,  0.        , ..., -0.24673007,
         -0.06958119, -0.05242987],
        ...,
        [ 0.75603011,  0.35203766,  0.24673007, ...,  0.        ,
          0.17870204,  0.19558176],
        [ 0.62689341,  0.17910842,  0.06958119, ..., -0.17870204,
          0.        ,  0.01718269],
        [ 0.61341374,  0.16217714,  0.05242987, ..., -0.19558176,
         -0.01718269,  0.        ]],

       [[ 0.        ,  0.11394639,  0.11394639, ...,  0.92561662,
          0.91132041,  0.93324484],
        [-0.11394639,  0.        ,  0.        , ...,  0.96271243,
          0.95229637,  0.96810074],
        [-0.11394639,  0.        ,  0.        , ...,  0.96271243,
          0.95229637,  0.96810074],
        ...,
        [-0.92561662, -0.96271243, -0.96271243, ...,  0.        ,
          0.03617377, -0.02067878],
        [-0.91132041, -0.95229637, -0.95229637, ..., -0.03617377,
          0.        , -0.05683128],
        [-0.93324484, -0.96810074, -0.96810074, ...,  0.02067878,
          0.05683128,  0.        ]],

       ...,

       [[ 0.        , -0.22324143, -0.64040556, ..., -0.38996384,
         -0.60525811, -0.97697183],
        [ 0.22324143,  0.        , -0.4527861 , ..., -0.17455495,
         -0.41227661, -0.90468352],
        [ 0.64040556,  0.4527861 ,  0.        , ...,  0.29019813,
          0.044921  , -0.61370817],
        ...,
        [ 0.38996384,  0.17455495, -0.29019813, ...,  0.        ,
         -0.24691729, -0.8164192 ],
        [ 0.60525811,  0.41227661, -0.044921  , ...,  0.24691729,
          0.        , -0.64855527],
        [ 0.97697183,  0.90468352,  0.61370817, ...,  0.8164192 ,
          0.64855527,  0.        ]],

       [[ 0.        ,  0.25594473,  0.25922656, ...,  0.05841574,
          0.23199487,  0.33150461],
        [-0.25594473,  0.        ,  0.00339644, ...,  0.31197765,
          0.47322924,  0.56193463],
        [-0.25922656, -0.00339644,  0.        , ...,  0.31520277,
          0.47621857,  0.56474086],
        ...,
        [-0.05841574, -0.31197765, -0.31520277, ...,  0.        ,
         -0.17477672, -0.27582597],
        [-0.23199487, -0.47322924, -0.47621857, ...,  0.17477672,
          0.        , -0.10358378],
        [-0.33150461, -0.56193463, -0.56474086, ...,  0.27582597,
          0.10358378,  0.        ]],

       [[ 0.        , -0.0247427 ,  0.0196933 , ...,  0.98951885,
          0.93680155,  0.72083991],
        [ 0.0247427 ,  0.        ,  0.04442517, ...,  0.98564297,
          0.92785824,  0.70347002],
        [-0.0196933 , -0.04442517,  0.        , ...,  0.99217073,
          0.94350979,  0.73434957],
        ...,
        [-0.98951885, -0.98564297, -0.99217073, ...,  0.        ,
          0.21091655,  0.58174508],
        [-0.93680155, -0.92785824, -0.94350979, ..., -0.21091655,
          0.        ,  0.39710474],
        [-0.72083991, -0.70347002, -0.73434957, ..., -0.58174508,
         -0.39710474,  0.        ]]]), 'num': array([ 7.06822764e-01,  7.06822764e-01,  0.00000000e+00,  8.62627782e-03,
        9.01579036e-03,  8.62627782e-03,  1.29493730e-02, -3.23010403e-04,
        9.08989275e-03,  9.17967064e-03,  8.29677554e-03,  5.63577472e-07,
        9.88650553e-03,  8.47283574e-03])}
{'img': array([[[ 0.        , -0.25640422, -0.24166181, ...,  0.99339401,
          0.95907444,  0.86267339],
        [ 0.25640422,  0.        ,  0.01522157, ...,  0.98960774,
          0.99961413,  0.96351328],
        [ 0.24166181, -0.01522157,  0.        , ...,  0.99168185,
          0.99907551,  0.95932743],
        ...,
        [-0.99339401, -0.98960774, -0.99168185, ...,  0.        ,
         -0.17122652, -0.4034257 ],
        [-0.95907444, -0.99961413, -0.99907551, ...,  0.17122652,
          0.        , -0.2407934 ],
        [-0.86267339, -0.96351328, -0.95932743, ...,  0.4034257 ,
          0.2407934 ,  0.        ]],

       [[ 0.        , -0.1102183 , -0.29532131, ..., -0.17910842,
         -0.16217714, -0.19202092],
        [ 0.1102183 ,  0.        , -0.18821969, ..., -0.06958119,
         -0.05242987, -0.08268379],
        [ 0.29532131,  0.18821969,  0.        , ...,  0.11942594,
          0.13646802,  0.10636922],
        ...,
        [ 0.17910842,  0.06958119, -0.11942594, ...,  0.        ,
          0.01718269, -0.01314046],
        [ 0.16217714,  0.05242987, -0.13646802, ..., -0.01718269,
          0.        , -0.03031972],
        [ 0.19202092,  0.08268379, -0.10636922, ...,  0.01314046,
          0.03031972,  0.        ]],

       [[ 0.        ,  0.        ,  0.01191692, ...,  0.95229637,
          0.96810074,  0.99257441],
        [ 0.        ,  0.        ,  0.01191692, ...,  0.95229637,
          0.96810074,  0.99257441],
        [-0.01191692, -0.01191692,  0.        , ...,  0.95586549,
          0.97101791,  0.99395349],
        ...,
        [-0.95229637, -0.95229637, -0.95586549, ...,  0.        ,
         -0.05683128, -0.18707232],
        [-0.96810074, -0.96810074, -0.97101791, ...,  0.05683128,
          0.        , -0.13094198],
        [-0.99257441, -0.99257441, -0.99395349, ...,  0.18707232,
          0.13094198,  0.        ]],

       ...,

       [[ 0.        , -0.4115836 , -0.40174086, ..., -0.37511153,
         -0.81987074, -0.94896536],
        [ 0.4115836 ,  0.        ,  0.0107737 , ...,  0.03966348,
         -0.51155561, -0.99466583],
        [ 0.40174086, -0.0107737 ,  0.        , ...,  0.02889595,
         -0.52078323, -0.99571941],
        ...,
        [ 0.37511153, -0.03966348, -0.02889595, ...,  0.        ,
         -0.54523392, -0.99797441],
        [ 0.81987074,  0.51155561,  0.52078323, ...,  0.54523392,
          0.        , -0.80189993],
        [ 0.94896536,  0.99466583,  0.99571941, ...,  0.99797441,
          0.80189993,  0.        ]],

       [[ 0.        ,  0.00417898, -0.01229551, ...,  0.43033119,
          0.52177837,  0.49431912],
        [-0.00417898,  0.        , -0.01647407, ...,  0.43409968,
          0.52533882,  0.49794752],
        [ 0.01229551,  0.01647407,  0.        , ...,  0.41919986,
          0.51124986,  0.48359351],
        ...,
        [-0.43033119, -0.43409968, -0.41919986, ...,  0.        ,
         -0.10388684, -0.07212906],
        [-0.52177837, -0.52533882, -0.51124986, ...,  0.10388684,
          0.        ,  0.03187747],
        [-0.49431912, -0.49794752, -0.48359351, ...,  0.07212906,
         -0.03187747,  0.        ]],

       [[ 0.        ,  0.04442517,  0.09622366, ...,  0.92785824,
          0.70347002,  0.84828171],
        [-0.04442517,  0.        ,  0.05190964, ...,  0.94350979,
          0.73434957,  0.87096935],
        [-0.09622366, -0.05190964,  0.        , ...,  0.95943772,
          0.76859429,  0.89530024],
        ...,
        [-0.92785824, -0.94350979, -0.95943772, ...,  0.        ,
          0.39710474,  0.17499058],
        [-0.70347002, -0.73434957, -0.76859429, ..., -0.39710474,
          0.        , -0.23037577],
        [-0.84828171, -0.87096935, -0.89530024, ..., -0.17499058,
          0.23037577,  0.        ]]]), 'num': array([ 7.36688064e-01,  6.75404179e-01,  1.38965726e-07,  8.75484073e-03,
        8.96328932e-03,  8.62580113e-03,  2.12155003e-02, -2.58079205e-04,
        9.29680706e-03,  9.57771635e-03,  8.68717765e-03,  3.83698883e-07,
        1.03651001e-02,  8.79033260e-03])}
{'img': array([[[ 0.        ,  0.01522157, -0.14532527, ...,  0.99961413,
          0.96351328,  0.90093214],
        [-0.01522157,  0.        , -0.16036841, ...,  0.99907551,
          0.95932743,  0.89422221],
        [ 0.14532527,  0.16036841,  0.        , ...,  0.99303892,
          0.99218239,  0.95443314],
        ...,
        [-0.99961413, -0.99907551, -0.99303892, ...,  0.        ,
         -0.2407934 , -0.40876702],
        [-0.96351328, -0.95932743, -0.99218239, ...,  0.2407934 ,
          0.        , -0.17698223],
        [-0.90093214, -0.89422221, -0.95443314, ...,  0.40876702,
          0.17698223,  0.        ]],

       [[ 0.        , -0.18821969,  0.04486648, ..., -0.05242987,
         -0.08268379,  0.24775486],
