state_0,state_1,state_2,state_3,state_4,state_5,state_6,state_7,state_8,state_9,state_10,state_11,state_12,state_13,state_14,state_15,state_16,state_17,state_18,state_19,state_20,state_21,state_22,state_23,state_24,state_25,state_26,state_27,state_28,state_29,state_30,state_31,state_32,state_33,state_34,state_35,state_36,state_37,state_38,state_39,state_40,state_41,state_42,state_43,state_44,state_45,state_46,state_47,state_48,state_49,state_50,state_51,state_52,state_53,state_54,state_55,state_56,state_57,state_58,state_59,state_60,state_61,state_62,state_63,state_64,state_65,state_66,state_67,state_68,state_69,state_70,state_71,state_72,state_73,state_74,state_75,state_76,state_77,state_78,state_79,state_80,state_81,state_82,state_83,state_84,state_85,state_86,state_87,state_88,state_89,state_90,state_91,state_92,state_93,state_94,state_95,state_96,state_97,state_98,state_99,state_100,state_101,state_102,state_103,state_104,state_105,state_106,state_107,state_108,state_109,state_110,state_111,state_112,state_113,state_114,state_115,state_116,state_117,state_118,state_119,state_120,state_121,state_122,state_123,state_124,state_125,state_126,state_127,state_128,state_129,state_130,state_131,state_132,state_133,state_134,state_135,state_136,state_137,state_138,state_139,state_140,state_141,state_142,state_143,state_144,state_145,state_146,state_147,state_148,state_149,state_150,state_151,state_152,state_153,state_154,state_155,state_156,state_157,state_158,state_159,state_160,state_161,state_162,state_163,state_164,state_165,state_166,state_167,state_168,state_169,state_170,state_171,state_172,state_173,state_174,state_175,state_176,state_177,state_178,state_179,state_180,state_181,state_182,state_183,state_184,state_185,state_186,state_187,state_188,state_189,state_190,state_191,state_192,state_193,state_194,state_195,state_196,state_197,state_198,state_199,state_200,state_201,state_202,state_203,state_204,state_205,state_206,state_207,state_208,state_209,state_210,state_211,state_212,state_213,state_214,state_215,state_216,state_217,state_218,state_219,state_220,state_221,state_222,state_223,state_224,state_225,state_226,state_227,state_228,state_229,state_230,state_231,state_232,state_233,state_234,state_235,state_236,state_237,state_238,state_239,state_240,state_241,state_242,state_243,state_244,state_245,state_246,state_247,state_248,state_249,state_250,state_251,state_252,state_253,state_254,state_255,state_256,state_257,state_258,state_259,state_260,state_261,state_262,state_263,state_264,state_265,state_266,state_267,state_268,state_269,state_270,state_271,state_272,state_273,state_274,state_275,state_276,state_277,state_278,state_279,state_280,state_281,state_282,state_283,state_284,state_285,state_286,state_287
{'img': array([[[ 0.        , -0.12632431, -0.31444135, ...,  0.93573696,
          0.84672149,  0.92812873],
        [ 0.12632431,  0.        , -0.19200561, ...,  0.97279518,
          0.90714753,  0.9677189 ],
        [ 0.31444135,  0.19200561,  0.        , ...,  0.99917652,
          0.97106739,  0.99810491],
        ...,
        [-0.93573696, -0.97279518, -0.99917652, ...,  0.        ,
         -0.19920858, -0.02098714],
        [-0.84672149, -0.90714753, -0.97106739, ...,  0.19920858,
          0.        ,  0.17859821],
        [-0.92812873, -0.9677189 , -0.99810491, ...,  0.02098714,
         -0.17859821,  0.        ]],

       [[ 0.        , -0.17888378, -0.08535173, ..., -0.17677247,
          0.08069575,  0.04285707],
        [ 0.17888378,  0.        ,  0.09425598, ...,  0.0021455 ,
          0.25769454,  0.22088522],
        [ 0.08535173, -0.09425598,  0.        , ..., -0.09211982,
          0.16547466,  0.12797399],
        ...,
        [ 0.17677247, -0.0021455 ,  0.09211982, ...,  0.        ,
          0.25562091,  0.2187922 ],
        [-0.08069575, -0.25769454, -0.16547466, ..., -0.25562091,
          0.        , -0.0379043 ],
        [-0.04285707, -0.22088522, -0.12797399, ..., -0.2187922 ,
          0.0379043 ,  0.        ]],

       [[ 0.        , -0.05711518, -0.15620542, ...,  0.9346885 ,
          0.90895958,  0.90945761],
        [ 0.05711518,  0.        , -0.09953637, ...,  0.95346532,
          0.93128621,  0.93172131],
        [ 0.15620542,  0.09953637,  0.        , ...,  0.97874082,
          0.96292131,  0.96324334],
        ...,
        [-0.9346885 , -0.95346532, -0.97874082, ...,  0.        ,
         -0.06655098, -0.06535737],
        [-0.90895958, -0.93128621, -0.96292131, ...,  0.06655098,
          0.        ,  0.00119621],
        [-0.90945761, -0.93172131, -0.96324334, ...,  0.06535737,
         -0.00119621,  0.        ]],

       ...,

       [[ 0.        , -0.44137708, -0.59540924, ..., -0.85322984,
         -0.75599961, -0.94123142],
        [ 0.44137708,  0.        , -0.17966133, ..., -0.9958153 ,
         -0.96728798, -0.69550682],
        [ 0.59540924,  0.17966133,  0.        , ..., -0.99603092,
         -0.99712541, -0.55509973],
        ...,
        [ 0.85322984,  0.9958153 ,  0.99603092, ...,  0.        ,
         -0.16422009,  0.77907414],
        [ 0.75599961,  0.96728798,  0.99712541, ...,  0.16422009,
          0.        ,  0.87145202],
        [ 0.94123142,  0.69550682,  0.55509973, ..., -0.77907414,
         -0.87145202,  0.        ]],

       [[ 0.        , -0.05566387, -0.08842718, ...,  0.4698679 ,
          0.249104  ,  0.61383852],
        [ 0.05566387,  0.        , -0.03284426, ...,  0.42000286,
          0.19480862,  0.56894399],
        [ 0.08842718,  0.03284426,  0.        , ...,  0.38996935,
          0.16248851,  0.54162669],
        ...,
        [-0.4698679 , -0.42000286, -0.38996935, ...,  0.        ,
          0.23516288, -0.17092924],
        [-0.249104  , -0.19480862, -0.16248851, ..., -0.23516288,
          0.        , -0.39783776],
        [-0.61383852, -0.56894399, -0.54162669, ...,  0.17092924,
          0.39783776,  0.        ]],

       [[ 0.        , -0.00377616, -0.02202513, ...,  0.99658243,
          0.99924483,  0.99895163],
        [ 0.00377616,  0.        , -0.01824973, ...,  0.9962634 ,
          0.99938443,  0.99911737],
        [ 0.02202513,  0.01824973,  0.        , ...,  0.99452131,
          0.99985823,  0.99971757],
        ...,
        [-0.99658243, -0.9962634 , -0.99452131, ...,  0.        ,
         -0.1212649 , -0.12813931],
        [-0.99924483, -0.99938443, -0.99985823, ...,  0.1212649 ,
          0.        , -0.00692845],
        [-0.99895163, -0.99911737, -0.99971757, ...,  0.12813931,
          0.00692845,  0.        ]]]), 'num': array([6.64822836e-01, 3.62114936e-01, 6.27373887e-05, 4.23960645e-04,
       4.52517580e-04, 3.75633525e-04, 6.53362191e-01, 7.02939930e-05,
       3.64474354e-04, 3.76204664e-04, 3.46981400e-04, 5.43457894e-06,
       4.22129278e-04, 3.30280049e-04])}
{'img': array([[[ 0.        , -0.18835531, -0.03022671, ...,  0.89412072,
          0.95750978,  0.49493142],
        [ 0.18835531,  0.        ,  0.15858356, ...,  0.96246721,
          0.99469309,  0.32240466],
        [ 0.03022671, -0.15858356,  0.        , ...,  0.90724847,
          0.96578967,  0.46844031],
        ...,
        [-0.89412072, -0.96246721, -0.90724847, ...,  0.        ,
          0.17093266,  0.99857331],
        [-0.95750978, -0.99469309, -0.96578967, ..., -0.17093266,
          0.        ,  0.97474955],
        [-0.49493142, -0.32240466, -0.46844031, ..., -0.99857331,
         -0.97474955,  0.        ]],

       [[ 0.        ,  0.07094819,  0.02197424, ...,  0.19426369,
          0.1664126 ,  0.14249332],
        [-0.07094819,  0.        , -0.04901219, ...,  0.12417756,
          0.09603433,  0.21235846],
        [-0.02197424,  0.04901219,  0.        , ...,  0.17266116,
          0.14470458,  0.16420893],
        ...,
        [-0.19426369, -0.12417756, -0.17266116, ...,  0.        ,
         -0.02831259,  0.33206011],
        [-0.1664126 , -0.09603433, -0.14470458, ...,  0.02831259,
          0.        ,  0.30522091],
        [-0.14249332, -0.21235846, -0.16420893, ..., -0.33206011,
         -0.30522091,  0.        ]],

       [[ 0.        , -0.09953637, -0.1762407 , ...,  0.93128621,
          0.93172131,  0.98700118],
        [ 0.09953637,  0.        , -0.07738714, ...,  0.96292131,
          0.96324334,  0.99809645],
        [ 0.1762407 ,  0.07738714,  0.        , ...,  0.98091131,
          0.98114322,  0.99987592],
        ...,
        [-0.93128621, -0.96292131, -0.98091131, ...,  0.        ,
          0.00119621,  0.20988321],
        [-0.93172131, -0.96324334, -0.98114322, ..., -0.00119621,
          0.        ,  0.20871349],
        [-0.98700118, -0.99809645, -0.99987592, ..., -0.20988321,
         -0.20871349,  0.        ]],

       ...,

       [[ 0.        , -0.17966133, -0.2060162 , ..., -0.96728798,
         -0.69550682,  0.29790622],
        [ 0.17966133,  0.        , -0.02685667, ..., -0.99712541,
         -0.55509973,  0.46456268],
        [ 0.2060162 ,  0.02685667,  0.        , ..., -0.99880064,
         -0.53256056,  0.48817777],
        ...,
        [ 0.96728798,  0.99712541,  0.99880064, ...,  0.        ,
          0.87145202,  0.84779531],
        [ 0.69550682,  0.55509973,  0.53256056, ..., -0.87145202,
          0.        ,  0.87797886],
        [-0.29790622, -0.46456268, -0.48817777, ..., -0.84779531,
         -0.87797886,  0.        ]],

       [[ 0.        , -0.03276486, -0.03774699, ...,  0.32796853,
          0.58693146,  0.19434579],
        [ 0.03276486,  0.        , -0.00498521, ...,  0.29683985,
          0.5600887 ,  0.1621013 ],
        [ 0.03774699,  0.00498521,  0.        , ...,  0.29207565,
          0.55595183,  0.15718001],
        ...,
        [-0.32796853, -0.29683985, -0.29207565, ...,  0.        ,
         -0.28893216,  0.13811892],
        [-0.58693146, -0.5600887 , -0.55595183, ...,  0.28893216,
          0.        ,  0.41839103],
        [-0.19434579, -0.1621013 , -0.15718001, ..., -0.13811892,
         -0.41839103,  0.        ]],

       [[ 0.        , -0.01824973, -0.02056597, ...,  0.99938443,
          0.99911737,  0.99436252],
        [ 0.01824973,  0.        , -0.00231667, ...,  0.99985823,
          0.99971757,  0.99613201],
        [ 0.02056597,  0.00231667,  0.        , ...,  0.99989456,
          0.99976995,  0.9963329 ],
        ...,
        [-0.99938443, -0.99985823, -0.99989456, ...,  0.        ,
         -0.00692845, -0.07108408],
        [-0.99911737, -0.99971757, -0.99976995, ...,  0.00692845,
          0.        , -0.06417145],
        [-0.99436252, -0.99613201, -0.9963329 , ...,  0.07108408,
          0.06417145,  0.        ]]]), 'num': array([7.45651302e-01, 6.65887819e-01, 1.56398985e-05, 4.22924085e-05,
       4.26241137e-05, 3.81460940e-05, 2.44445560e-02, 2.28047301e-06,
       3.62304967e-05, 3.58158652e-05, 3.30509644e-05, 5.64738540e-07,
       4.10644902e-05, 3.05672402e-05])}
{'img': array([[[ 0.        ,  0.14865048, -0.14716013, ...,  0.97392659,
          0.84617732,  0.3033136 ],
        [-0.14865048,  0.        , -0.29255722, ...,  0.92938271,
          0.91599217,  0.44159139],
        [ 0.14716013,  0.29255722,  0.        , ...,  0.99670838,
          0.75854287,  0.1597838 ],
        ...,
        [-0.97392659, -0.92938271, -0.99670838, ...,  0.        ,
          0.71097355,  0.99685643],
        [-0.84617732, -0.91599217, -0.75854287, ..., -0.71097355,
          0.        ,  0.64467832],
        [-0.3033136 , -0.44159139, -0.1597838 , ..., -0.99685643,
         -0.64467832,  0.        ]],

       [[ 0.        , -0.04901219, -0.04170061, ...,  0.09603433,
          0.21235846,  0.90855991],
        [ 0.04901219,  0.        ,  0.00731907, ...,  0.14470458,
          0.16420893,  0.92794305],
        [ 0.04170061, -0.00731907,  0.        , ...,  0.13745867,
          0.17142424,  0.92519022],
        ...,
        [-0.09603433, -0.14470458, -0.13745867, ...,  0.        ,
          0.30522091,  0.86424178],
        [-0.21235846, -0.16420893, -0.17142424, ..., -0.30522091,
          0.        , -0.97655104],
        [-0.90855991, -0.92794305, -0.92519022, ..., -0.86424178,
          0.97655104,  0.        ]],

       [[ 0.        , -0.07738714, -0.20966752, ...,  0.96324334,
          0.99809645,  0.96386871],
        [ 0.07738714,  0.        , -0.13337172, ...,  0.98114322,
          0.99987592,  0.94036397],
        [ 0.20966752,  0.13337172,  0.        , ...,  0.99815614,
          0.98884219,  0.88659379],
        ...,
        [-0.96324334, -0.98114322, -0.99815614, ...,  0.        ,
          0.20871349,  0.51551099],
        [-0.99809645, -0.99987592, -0.98884219, ..., -0.20871349,
          0.        ,  0.32531478],
        [-0.96386871, -0.94036397, -0.88659379, ..., -0.51551099,
         -0.32531478,  0.        ]],

       ...,

       [[ 0.        , -0.02685667, -0.13927222, ..., -0.55509973,
          0.46456268,  0.6631302 ],
        [ 0.02685667,  0.        , -0.11262705, ..., -0.53256056,
          0.48817777,  0.68299333],
        [ 0.13927222,  0.11262705,  0.        , ..., -0.43384542,
          0.58336626,  0.76091324],
        ...,
        [ 0.55509973,  0.53256056,  0.43384542, ...,  0.        ,
          0.87797886,  0.96707536],
        [-0.46456268, -0.48817777, -0.58336626, ..., -0.87797886,
          0.        ,  0.23950142],
        [-0.6631302 , -0.68299333, -0.76091324, ..., -0.96707536,
         -0.23950142,  0.        ]],

       [[ 0.        , -0.00477714,  0.01034333, ...,  0.76684521,
          0.66996812,  0.15541821],
        [ 0.00477714,  0.        ,  0.01512009, ...,  0.76377034,
          0.66641398,  0.15069735],
        [-0.01034333, -0.01512009,  0.        , ...,  0.77344287,
          0.67761106,  0.16562754],
        ...,
        [-0.76684521, -0.76377034, -0.77344287, ...,  0.        ,
          0.13929109,  0.6577747 ],
        [-0.66996812, -0.66641398, -0.67761106, ..., -0.13929109,
          0.        ,  0.54644627],
        [-0.15541821, -0.15069735, -0.16562754, ..., -0.6577747 ,
         -0.54644627,  0.        ]],

       [[ 0.        , -0.00231667, -0.02191042, ...,  0.99971757,
          0.99613201,  0.97917675],
        [ 0.00231667,  0.        , -0.01959425, ...,  0.99976995,
          0.9963329 ,  0.97964443],
        [ 0.02191042,  0.01959425,  0.        , ...,  0.99999828,
          0.99781813,  0.98338972],
        ...,
        [-0.99971757, -0.99976995, -0.99999828, ...,  0.        ,
         -0.06417145, -0.17968209],
        [-0.99613201, -0.9963329 , -0.99781813, ...,  0.06417145,
          0.        , -0.11618471],
        [-0.97917675, -0.97964443, -0.98338972, ...,  0.17968209,
          0.11618471,  0.        ]]]), 'num': array([7.42753100e-01, 6.62376144e-01, 1.50237300e-05, 4.39698881e-05,
       5.34213594e-05, 4.24083407e-05, 9.78553147e-02, 2.05466767e-06,
       3.80524452e-05, 3.57882015e-05, 3.31027508e-05, 5.87579170e-07,
       4.20879023e-05, 2.94885006e-05])}
{'img': array([[[ 0.        , -0.27810488, -0.27810488, ...,  0.97977406,
          0.87564912,  0.42079303],
        [ 0.27810488,  0.        ,  0.        , ...,  0.88547196,
          0.70679524,  0.15190835],
        [ 0.27810488,  0.        ,  0.        , ...,  0.88547196,
          0.70679524,  0.15190835],
        ...,
        [-0.97977406, -0.88547196, -0.88547196, ...,  0.        ,
          0.2979563 ,  0.80460497],
        [-0.87564912, -0.70679524, -0.70679524, ..., -0.2979563 ,
          0.        ,  0.59112986],
        [-0.42079303, -0.15190835, -0.15190835, ..., -0.80460497,
         -0.59112986,  0.        ]],

       [[ 0.        ,  0.00576893, -0.01059633, ...,  0.99301257,
          0.7858752 ,  0.12977104],
        [-0.00576893,  0.        , -0.01636476, ...,  0.99367683,
          0.7822947 ,  0.13548904],
        [ 0.01059633,  0.01636476,  0.        , ...,  0.99170636,
          0.79238369,  0.11925704],
        ...,
        [-0.99301257, -0.99367683, -0.99170636, ...,  0.        ,
         -0.70680426,  0.96930154],
        [-0.7858752 , -0.7822947 , -0.79238369, ...,  0.70680426,
          0.        ,  0.85947831],
        [-0.12977104, -0.13548904, -0.11925704, ..., -0.96930154,
         -0.85947831,  0.        ]],

       [[ 0.        , -0.1311736 , -0.25844901, ...,  0.99954056,
          0.96290725,  0.49914099],
        [ 0.1311736 ,  0.        , -0.12949889, ...,  0.99487977,
          0.91919226,  0.38116347],
        [ 0.25844901,  0.12949889,  0.        , ...,  0.97341457,
          0.86045443,  0.25823119],
        ...,
        [-0.99954056, -0.99487977, -0.97341457, ...,  0.        ,
          0.298894  ,  0.88125147],
        [-0.96290725, -0.91919226, -0.86045443, ..., -0.298894  ,
          0.        ,  0.69969465],
        [-0.49914099, -0.38116347, -0.25823119, ..., -0.88125147,
         -0.69969465,  0.        ]],

       ...,

       [[ 0.        , -0.11262705, -0.09960188, ...,  0.48817777,
          0.68299333,  0.79070598],
        [ 0.11262705,  0.        ,  0.01309885, ...,  0.58336626,
          0.76091324,  0.85462482],
        [ 0.09960188, -0.01309885,  0.        , ...,  0.57267721,
          0.75234872,  0.84774998],
        ...,
        [-0.48817777, -0.58336626, -0.57267721, ...,  0.        ,
          0.23950142,  0.39122355],
        [-0.68299333, -0.76091324, -0.75234872, ..., -0.23950142,
          0.        ,  0.15942527],
        [-0.79070598, -0.85462482, -0.84774998, ..., -0.39122355,
         -0.15942527,  0.        ]],

       [[ 0.        ,  0.01445885,  0.02185164, ...,  0.82267302,
          0.67177749,  0.14418061],
        [-0.01445885,  0.        ,  0.00739396, ...,  0.83080709,
          0.68241771,  0.15847331],
        [-0.02185164, -0.00739396,  0.        , ...,  0.83489957,
          0.68780376,  0.1657695 ],
        ...,
        [-0.82267302, -0.83080709, -0.83489957, ...,  0.        ,
          0.22748204,  0.73210841],
        [-0.67177749, -0.68241771, -0.68780376, ..., -0.22748204,
          0.        ,  0.55795613],
        [-0.14418061, -0.15847331, -0.1657695 , ..., -0.73210841,
         -0.55795613,  0.        ]],

       [[ 0.        , -0.01959425, -0.02614932, ...,  0.9963329 ,
          0.97964443,  0.94083582],
        [ 0.01959425,  0.        , -0.00655675, ...,  0.99781813,
          0.98338972,  0.94729495],
        [ 0.02614932,  0.00655675,  0.        , ...,  0.99822957,
          0.98455867,  0.94937513],
        ...,
        [-0.9963329 , -0.99781813, -0.99822957, ...,  0.        ,
         -0.11618471, -0.25712088],
        [-0.97964443, -0.98338972, -0.98455867, ...,  0.11618471,
          0.        , -0.14310107],
        [-0.94083582, -0.94729495, -0.94937513, ...,  0.25712088,
          0.14310107,  0.        ]]]), 'num': array([7.36422684e-01, 6.76041882e-01, 1.07822860e-05, 4.54674713e-05,
       4.64417742e-05, 4.01899969e-05, 2.54753348e-02, 2.02979783e-06,
       4.04335727e-05, 3.57224119e-05, 3.30694662e-05, 6.07694073e-07,
       4.32798691e-05, 2.81649548e-05])}
{'img': array([[[ 0.        ,  0.        , -0.14509322, ...,  0.84811161,
          0.68062522,  0.14509322],
        [ 0.        ,  0.        , -0.14509322, ...,  0.84811161,
          0.68062522,  0.14509322],
        [ 0.14509322,  0.14509322,  0.        , ...,  0.76226394,
          0.56712293,  0.        ],
        ...,
        [-0.84811161, -0.84811161, -0.76226394, ...,  0.        ,
          0.26074629,  0.76226394],
        [-0.68062522, -0.68062522, -0.56712293, ..., -0.26074629,
          0.        ,  0.56712293],
        [-0.14509322, -0.14509322, -0.        , ..., -0.76226394,
         -0.56712293,  0.        ]],

       [[ 0.        , -0.01636476, -0.13548904, ...,  0.7822947 ,
          0.13548904,  0.80472955],
        [ 0.01636476,  0.        , -0.11925704, ...,  0.79238369,
          0.11925704,  0.81433659],
        [ 0.13548904,  0.11925704,  0.        , ...,  0.85947831,
          0.        ,  0.87774095],
        ...,
        [-0.7822947 , -0.79238369, -0.85947831, ...,  0.        ,
          0.85947831,  0.0368702 ],
        [-0.13548904, -0.11925704, -0.        , ..., -0.85947831,
          0.        , -0.87774095],
        [-0.80472955, -0.81433659, -0.87774095, ..., -0.0368702 ,
          0.87774095,  0.        ]],

       [[ 0.        , -0.11843232, -0.26880365, ...,  0.99534499,
          0.92567752,  0.35029582],
        [ 0.11843232,  0.        , -0.15283843, ...,  0.97692584,
          0.87435817,  0.23690214],
        [ 0.26880365,  0.15283843,  0.        , ...,  0.93280507,
          0.78991589,  0.08563117],
        ...,
        [-0.99534499, -0.97692584, -0.93280507, ...,  0.        ,
          0.28733931,  0.89851891],
        [-0.92567752, -0.87435817, -0.78991589, ..., -0.28733931,
          0.        ,  0.73450412],
        [-0.35029582, -0.23690214, -0.08563117, ..., -0.89851891,
         -0.73450412,  0.        ]],

       ...,

       [[ 0.        ,  0.01309885,  0.17647926, ...,  0.76091324,
          0.85462482,  0.9434579 ],
        [-0.01309885,  0.        ,  0.16357087, ...,  0.75234872,
          0.84774998,  0.93903479],
        [-0.17647926, -0.16357087,  0.        , ...,  0.63446101,
          0.74957479,  0.8701482 ],
        ...,
        [-0.76091324, -0.75234872, -0.63446101, ...,  0.        ,
          0.15942527,  0.35992916],
        [-0.85462482, -0.84774998, -0.74957479, ..., -0.15942527,
          0.        ,  0.20658514],
        [-0.9434579 , -0.93903479, -0.8701482 , ..., -0.35992916,
         -0.20658514,  0.        ]],

       [[ 0.        ,  0.00703032, -0.1507729 , ...,  0.84549566,
          0.70274941,  0.1507729 ],
        [-0.00703032,  0.        , -0.15771913, ...,  0.84922883,
          0.70773368,  0.15771913],
        [ 0.1507729 ,  0.15771913,  0.        , ...,  0.75532026,
          0.58745039,  0.        ],
        ...,
        [-0.84549566, -0.84922883, -0.75532026, ...,  0.        ,
          0.22626155,  0.75532026],
        [-0.70274941, -0.70773368, -0.58745039, ..., -0.22626155,
          0.        ,  0.58745039],
        [-0.1507729 , -0.15771913, -0.        , ..., -0.75532026,
         -0.58745039,  0.        ]],

       [[ 0.        , -0.00655675,  0.03662002, ...,  0.98338972,
          0.94729495,  0.88339615],
        [ 0.00655675,  0.        ,  0.04317159, ...,  0.98455867,
          0.94937513,  0.88644983],
        [-0.03662002, -0.04317159,  0.        , ...,  0.97608334,
          0.93492787,  0.86564249],
        ...,
        [-0.98338972, -0.98455867, -0.97608334, ...,  0.        ,
         -0.14310107, -0.30050067],
        [-0.94729495, -0.94937513, -0.93492787, ...,  0.14310107,
          0.        , -0.16092077],
        [-0.88339615, -0.88644983, -0.86564249, ...,  0.30050067,
          0.16092077,  0.        ]]]), 'num': array([7.23881485e-01, 6.89631618e-01, 6.02990609e-06, 4.53040564e-05,
       4.61016630e-05, 4.29909971e-05, 2.00951326e-02, 6.38085301e-07,
       4.23608879e-05, 3.55493273e-05, 3.28720278e-05, 6.40096074e-07,
       4.42042009e-05, 2.68944538e-05])}
{'img': array([[[ 0.        , -0.14309882,  0.07592768, ...,  0.73787005,
          0.4586296 ,  0.14309882],
        [ 0.14309882,  0.        ,  0.21783201, ...,  0.63369267,
          0.32674802,  0.        ],
        [-0.07592768, -0.21783201,  0.        , ...,  0.7869869 ,
          0.52477712,  0.21783201],
        ...,
        [-0.73787005, -0.63369267, -0.7869869 , ...,  0.        ,
          0.34614289,  0.63369267],
        [-0.4586296 , -0.32674802, -0.52477712, ..., -0.34614289,
          0.        ,  0.32674802],
        [-0.14309882, -0.        , -0.21783201, ..., -0.63369267,
         -0.32674802,  0.        ]],

       [[ 0.        , -0.11925704,  0.06803441, ...,  0.11925704,
          0.81433659,  0.73679648],
        [ 0.11925704,  0.        ,  0.18652959, ...,  0.        ,
          0.87774095,  0.81216969],
        [-0.06803441, -0.18652959,  0.        , ...,  0.18652959,
          0.77296306,  0.68909024],
        ...,
        [-0.11925704, -0.        , -0.18652959, ...,  0.        ,
         -0.87774095, -0.81216969],
        [-0.81433659, -0.87774095, -0.77296306, ...,  0.87774095,
          0.        , -0.12295342],
        [-0.73679648, -0.81216969, -0.68909024, ...,  0.81216969,
          0.12295342,  0.        ]],

       [[ 0.        , -0.14240773, -0.22093312, ...,  0.96841025,
          0.82273357,  0.22093312],
        [ 0.14240773,  0.        , -0.07979271, ...,  0.92302917,
          0.73339991,  0.07979271],
        [ 0.22093312,  0.07979271,  0.        , ...,  0.88938743,
          0.67681857,  0.        ],
        ...,
        [-0.96841025, -0.92302917, -0.88938743, ...,  0.        ,
          0.34531195,  0.88938743],
        [-0.82273357, -0.73339991, -0.67681857, ..., -0.34531195,
          0.        ,  0.67681857],
        [-0.22093312, -0.07979271, -0.        , ..., -0.88938743,
         -0.67681857,  0.        ]],

       ...,

       [[ 0.        ,  0.15705576,  0.28185959, ...,  0.80335731,
          0.88829382,  0.99608424],
        [-0.15705576,  0.        ,  0.1276736 , ...,  0.69986115,
          0.80513798,  0.99760774],
        [-0.28185959, -0.1276736 ,  0.        , ...,  0.60293909,
          0.7228273 ,  0.98061764],
        ...,
        [-0.80335731, -0.69986115, -0.60293909, ...,  0.        ,
          0.16001415,  0.66418963],
        [-0.88829382, -0.80513798, -0.7228273 , ..., -0.16001415,
          0.        ,  0.53601052],
        [-0.99608424, -0.99760774, -0.98061764, ..., -0.66418963,
         -0.53601052,  0.        ]],

       [[ 0.        , -0.15067621, -0.10208237, ...,  0.84893977,
          0.68381464,  0.15067621],
        [ 0.15067621,  0.        ,  0.04897216, ...,  0.75961676,
          0.56606588,  0.        ],
        [ 0.10208237, -0.04897216,  0.        , ...,  0.7905554 ,
          0.60575737,  0.04897216],
        ...,
        [-0.84893977, -0.75961676, -0.7905554 , ...,  0.        ,
          0.25804487,  0.75961676],
        [-0.68381464, -0.56606588, -0.60575737, ..., -0.25804487,
          0.        ,  0.56606588],
        [-0.15067621, -0.        , -0.04897216, ..., -0.75961676,
         -0.56606588,  0.        ]],

       [[ 0.        ,  0.04317159,  0.03124071, ...,  0.94937513,
          0.88644983,  0.82141825],
        [-0.04317159,  0.        , -0.01193894, ...,  0.93492787,
          0.86564249,  0.79603053],
        [-0.03124071,  0.01193894,  0.        , ...,  0.93909763,
          0.87155818,  0.80319991],
        ...,
        [-0.94937513, -0.93492787, -0.93909763, ...,  0.        ,
         -0.16092077, -0.28340942],
        [-0.88644983, -0.86564249, -0.87155818, ...,  0.16092077,
          0.        , -0.12539297],
        [-0.82141825, -0.79603053, -0.80319991, ...,  0.28340942,
          0.12539297,  0.        ]]]), 'num': array([ 7.18124745e-01,  6.95809355e-01,  4.00635366e-06,  4.41015611e-05,
        4.56851001e-05,  4.34681455e-05,  1.20904153e-02, -8.70946449e-07,
        4.32306146e-05,  3.57305781e-05,  3.29996331e-05,  6.38092718e-07,
        4.51415663e-05,  2.63195898e-05])}
{'img': array([[[ 0.        ,  0.21783201,  0.66578835, ...,  0.32674802,
          0.        ,  0.38111339],
        [-0.21783201,  0.        ,  0.48726697, ...,  0.52477712,
          0.21783201,  0.5733533 ],
        [-0.66578835, -0.48726697,  0.        , ...,  0.8730442 ,
          0.66578835,  0.89990437],
        ...,
        [-0.32674802, -0.52477712, -0.8730442 , ...,  0.        ,
          0.32674802, -0.05810686],
        [-0.        , -0.21783201, -0.66578835, ..., -0.32674802,
          0.        , -0.38111339],
        [-0.38111339, -0.5733533 , -0.89990437, ...,  0.05810686,
          0.38111339,  0.        ]],

       [[ 0.        ,  0.18652959,  0.65630319, ...,  0.87774095,
          0.81216969,  0.66050246],
        [-0.18652959,  0.        ,  0.50404857, ...,  0.77296306,
          0.68909024,  0.50885933],
        [-0.65630319, -0.50404857,  0.        , ...,  0.34779498,
          0.22987856,  0.00557919],
        ...,
        [-0.87774095, -0.77296306, -0.34779498, ...,  0.        ,
         -0.12295342, -0.34255869],
        [-0.81216969, -0.68909024, -0.22987856, ...,  0.12295342,
          0.        , -0.22444521],
        [-0.66050246, -0.50885933, -0.00557919, ...,  0.34255869,
          0.22444521,  0.        ]],

       [[ 0.        , -0.07752745,  0.19628664, ...,  0.81656208,
          0.52751506,  0.07752745],
        [ 0.07752745,  0.        ,  0.27171513, ...,  0.76935109,
          0.46006425,  0.        ],
        [-0.19628664, -0.27171513,  0.        , ...,  0.91398509,
          0.68400754,  0.27171513],
        ...,
        [-0.81656208, -0.76935109, -0.91398509, ...,  0.        ,
          0.38919469,  0.76935109],
        [-0.52751506, -0.46006425, -0.68400754, ..., -0.38919469,
          0.        ,  0.46006425],
        [-0.07752745, -0.        , -0.27171513, ..., -0.76935109,
         -0.46006425,  0.        ]],

       ...,

       [[ 0.        ,  0.1269639 ,  0.39241248, ...,  0.79839046,
          0.97937293,  0.99795392],
        [-0.1269639 ,  0.        ,  0.27245677, ...,  0.71547931,
          0.94579274,  0.9817601 ],
        [-0.39241248, -0.27245677,  0.        , ...,  0.49806377,
          0.82152551,  0.89281762],
        ...,
        [-0.79839046, -0.71547931, -0.49806377, ...,  0.        ,
          0.42839607,  0.54986116],
        [-0.97937293, -0.94579274, -0.82152551, ..., -0.42839607,
          0.        ,  0.13902921],
        [-0.99795392, -0.9817601 , -0.89281762, ..., -0.54986116,
         -0.13902921,  0.        ]],

       [[ 0.        ,  0.04743035,  0.22828328, ...,  0.70295895,
          0.48234946,  0.        ],
        [-0.04743035,  0.        ,  0.18184842, ...,  0.73590171,
          0.52335458,  0.04743035],
        [-0.22828328, -0.18184842,  0.        , ...,  0.84675916,
          0.66958423,  0.22828328],
        ...,
        [-0.70295895, -0.73590171, -0.84675916, ...,  0.        ,
          0.27271558,  0.70295895],
        [-0.48234946, -0.52335458, -0.66958423, ..., -0.27271558,
          0.        ,  0.48234946],
        [-0.        , -0.04743035, -0.22828328, ..., -0.70295895,
         -0.48234946,  0.        ]],

       [[ 0.        , -0.01193894, -0.02403802, ...,  0.86564249,
          0.79603053,  0.75784059],
        [ 0.01193894,  0.        , -0.01210082, ...,  0.87155818,
          0.80319991,  0.76557601],
        [ 0.02403802,  0.01210082,  0.        , ...,  0.8774273 ,
          0.81034968,  0.77330497],
        ...,
        [-0.86564249, -0.87155818, -0.8774273 , ...,  0.        ,
         -0.12539297, -0.18535711],
        [-0.79603053, -0.80319991, -0.81034968, ...,  0.12539297,
          0.        , -0.06067405],
        [-0.75784059, -0.76557601, -0.77330497, ...,  0.18535711,
          0.06067405,  0.        ]]]), 'num': array([ 7.14585330e-01,  6.99439960e-01,  2.87934797e-06,  4.14941653e-05,
        4.45707288e-05,  4.10997340e-05,  1.23100330e-02, -2.44547362e-06,
        4.33243262e-05,  3.59326849e-05,  3.32065078e-05,  5.60507535e-07,
        4.56437067e-05,  2.62216631e-05])}
{'img': array([[[ 0.00000000e+00,  6.41215194e-01,  9.10642823e-01, ...,
          0.00000000e+00,  3.83330817e-01,  7.05878098e-01],
        [-6.41215194e-01,  0.00000000e+00,  4.33845333e-01, ...,
          6.41215194e-01,  8.86386640e-01,  9.95857497e-01],
        [-9.10642823e-01, -4.33845333e-01,  0.00000000e+00, ...,
          9.10642823e-01,  9.99469994e-01,  9.36703575e-01],
        ...,
        [-0.00000000e+00, -6.41215194e-01, -9.10642823e-01, ...,
          0.00000000e+00, -3.83330817e-01, -7.05878098e-01],
        [-3.83330817e-01, -8.86386640e-01, -9.99469994e-01, ...,
          3.83330817e-01,  0.00000000e+00, -3.80430859e-01],
        [-7.05878098e-01, -9.95857497e-01, -9.36703575e-01, ...,
          7.05878098e-01,  3.80430859e-01,  0.00000000e+00]],

       [[ 0.00000000e+00,  5.29581379e-01,  7.49052743e-01, ...,
          7.12075163e-01,  5.34368959e-01,  5.41633237e-01],
        [-5.29581379e-01,  0.00000000e+00,  2.84537679e-01, ...,
          2.32203460e-01,  5.65398568e-03,  1.42713359e-02],
        [-7.49052743e-01, -2.84537679e-01,  0.00000000e+00, ...,
         -5.41551813e-02, -2.79112854e-01, -2.70827273e-01],
        ...,
        [-7.12075163e-01, -2.32203460e-01,  5.41551813e-02, ...,
          0.00000000e+00, -2.26700302e-01, -2.18298551e-01],
        [-5.34368959e-01, -5.65398568e-03,  2.79112854e-01, ...,
          2.26700302e-01,  0.00000000e+00,  8.61769791e-03],
        [-5.41633237e-01, -1.42713359e-02,  2.70827273e-01, ...,
          2.18298551e-01, -8.61769791e-03,  0.00000000e+00]],

       [[ 0.00000000e+00,  2.70124939e-01,  5.51460896e-01, ...,
          5.01034157e-01,  2.16835404e-01,  0.00000000e+00],
        [-2.70124939e-01,  0.00000000e+00,  3.05622066e-01, ...,
          7.16181904e-01,  4.72472782e-01,  2.70124939e-01],
        [-5.51460896e-01, -3.05622066e-01,  0.00000000e+00, ...,
          8.95212496e-01,  7.19224892e-01,  5.51460896e-01],
        ...,
        [-5.01034157e-01, -7.16181904e-01, -8.95212496e-01, ...,
          0.00000000e+00,  3.01458318e-01,  5.01034157e-01],
        [-2.16835404e-01, -4.72472782e-01, -7.19224892e-01, ...,
         -3.01458318e-01,  0.00000000e+00,  2.16835404e-01],
        [-0.00000000e+00, -2.70124939e-01, -5.51460896e-01, ...,
         -5.01034157e-01, -2.16835404e-01,  0.00000000e+00]],

       ...,

       [[ 0.00000000e+00,  2.72456773e-01,  5.61771367e-01, ...,
          9.45792735e-01,  9.81760096e-01,  5.82533409e-01],
        [-2.72456773e-01,  0.00000000e+00,  3.15116994e-01, ...,
          8.21525511e-01,  8.92817616e-01,  3.39040313e-01],
        [-5.61771367e-01, -3.15116994e-01,  0.00000000e+00, ...,
          6.00000303e-01,  7.05396606e-01,  2.53139734e-02],
        ...,
        [-9.45792735e-01, -8.21525511e-01, -6.00000303e-01, ...,
          0.00000000e+00,  1.39029211e-01, -5.79556860e-01],
        [-9.81760096e-01, -8.92817616e-01, -7.05396606e-01, ...,
         -1.39029211e-01,  0.00000000e+00, -6.87227693e-01],
        [-5.82533409e-01, -3.39040313e-01, -2.53139734e-02, ...,
          5.79556860e-01,  6.87227693e-01,  0.00000000e+00]],

       [[ 0.00000000e+00,  2.19938703e-01,  5.53048879e-01, ...,
          5.78044650e-01,  3.51644926e-01,  0.00000000e+00],
        [-2.19938703e-01,  0.00000000e+00,  3.56265086e-01, ...,
          7.43361583e-01,  5.48926418e-01,  2.19938703e-01],
        [-5.53048879e-01, -3.56265086e-01,  0.00000000e+00, ...,
          9.32887937e-01,  8.10700109e-01,  5.53048879e-01],
        ...,
        [-5.78044650e-01, -7.43361583e-01, -9.32887937e-01, ...,
          0.00000000e+00,  2.54182870e-01,  5.78044650e-01],
        [-3.51644926e-01, -5.48926418e-01, -8.10700109e-01, ...,
         -2.54182870e-01,  0.00000000e+00,  3.51644926e-01],
        [-0.00000000e+00, -2.19938703e-01, -5.53048879e-01, ...,
         -5.78044650e-01, -3.51644926e-01,  0.00000000e+00]],

       [[ 0.00000000e+00, -1.21008178e-02, -2.49744532e-01, ...,
          8.03199915e-01,  7.65576013e-01,  7.65442539e-01],
        [ 1.21008178e-02,  0.00000000e+00, -2.38008882e-01, ...,
          8.10349680e-01,  7.73304965e-01,  7.73173422e-01],
        [ 2.49744532e-01,  2.38008882e-01,  0.00000000e+00, ...,
          9.26523134e-01,  9.01988267e-01,  9.01898681e-01],
        ...,
        [-8.03199915e-01, -8.10349680e-01, -9.26523134e-01, ...,
          0.00000000e+00, -6.06740504e-02, -6.08811106e-02],
        [-7.65576013e-01, -7.73304965e-01, -9.01988267e-01, ...,
          6.06740504e-02,  0.00000000e+00, -2.07443647e-04],
        [-7.65442539e-01, -7.73173422e-01, -9.01898681e-01, ...,
          6.08811106e-02,  2.07443647e-04,  0.00000000e+00]]]), 'num': array([7.14527311e-01, 6.99538838e-01, 2.79114941e-06, 4.23403173e-05,
       4.25768554e-05, 4.01326285e-05, 9.80428288e-03, 8.67306314e-07,
       4.33337773e-05, 3.63026827e-05, 3.35273025e-05, 5.72384962e-07,
       4.63775971e-05, 2.62277683e-05])}
{'img': array([[[ 0.00000000e+00,  8.00588788e-01,  5.67776562e-01, ...,
          4.06712981e-01,  7.42414288e-01,  6.54126614e-01],
        [-8.00588788e-01,  0.00000000e+00, -3.18811102e-01, ...,
          9.75090856e-01,  9.81212445e-01,  9.97515326e-01],
        [-5.67776562e-01,  3.18811102e-01,  0.00000000e+00, ...,
          8.53494775e-01,  9.91519438e-01,  9.67923434e-01],
        ...,
        [-4.06712981e-01, -9.75090856e-01, -8.53494775e-01, ...,
          0.00000000e+00, -4.05763295e-01, -2.89949662e-01],
        [-7.42414288e-01, -9.81212445e-01, -9.91519438e-01, ...,
          4.05763295e-01,  0.00000000e+00,  1.23324804e-01],
        [-6.54126614e-01, -9.97515326e-01, -9.67923434e-01, ...,
          2.89949662e-01, -1.23324804e-01,  0.00000000e+00]],

       [[ 0.00000000e+00,  2.84537679e-01, -2.08064440e-01, ...,
          5.65398568e-03,  1.42713359e-02, -7.11524731e-02],
        [-2.84537679e-01,  0.00000000e+00, -4.77774673e-01, ...,
         -2.79112854e-01, -2.70827273e-01, -3.52027880e-01],
        [ 2.08064440e-01,  4.77774673e-01,  0.00000000e+00, ...,
          2.13591364e-01,  2.22002260e-01,  1.37941781e-01],
        ...,
        [-5.65398568e-03,  2.79112854e-01, -2.13591364e-01, ...,
          0.00000000e+00,  8.61769791e-03, -7.67909912e-02],
        [-1.42713359e-02,  2.70827273e-01, -2.22002260e-01, ...,
         -8.61769791e-03,  0.00000000e+00, -8.53803914e-02],
        [ 7.11524731e-02,  3.52027880e-01, -1.37941781e-01, ...,
          7.67909912e-02,  8.53803914e-02,  0.00000000e+00]],

       [[ 0.00000000e+00,  4.94570228e-01,  6.24040710e-01, ...,
          2.31778735e-01,  7.77321185e-02,  0.00000000e+00],
        [-4.94570228e-01,  0.00000000e+00,  1.55924153e-01, ...,
          6.82549985e-01,  5.60633710e-01,  4.94570228e-01],
        [-6.24040710e-01, -1.55924153e-01,  0.00000000e+00, ...,
          7.88157175e-01,  6.82891780e-01,  6.24040710e-01],
        ...,
        [-2.31778735e-01, -6.82549985e-01, -7.88157175e-01, ...,
          0.00000000e+00,  1.55462079e-01,  2.31778735e-01],
        [-7.77321185e-02, -5.60633710e-01, -6.82891780e-01, ...,
         -1.55462079e-01,  0.00000000e+00,  7.77321185e-02],
        [-0.00000000e+00, -4.94570228e-01, -6.24040710e-01, ...,
         -2.31778735e-01, -7.77321185e-02,  0.00000000e+00]],

       ...,

       [[ 0.00000000e+00,  3.15116994e-01, -8.14319715e-02, ...,
          8.92817616e-01,  3.39040313e-01,  4.01068916e-01],
        [-3.15116994e-01,  0.00000000e+00, -3.91353703e-01, ...,
          7.05396606e-01,  2.53139734e-02,  9.19733364e-02],
        [ 8.14319715e-02,  3.91353703e-01,  0.00000000e+00, ...,
          9.26530937e-01,  4.14523233e-01,  4.74332512e-01],
        ...,
        [-8.92817616e-01, -7.05396606e-01, -9.26530937e-01, ...,
          0.00000000e+00, -6.87227693e-01, -6.37214881e-01],
        [-3.39040313e-01, -2.53139734e-02, -4.14523233e-01, ...,
          6.87227693e-01,  0.00000000e+00,  6.67371841e-02],
        [-4.01068916e-01, -9.19733364e-02, -4.74332512e-01, ...,
          6.37214881e-01, -6.67371841e-02,  0.00000000e+00]],

       [[ 0.00000000e+00,  5.08657930e-01,  5.74676497e-01, ...,
          4.98509260e-01,  3.69437874e-01,  0.00000000e+00],
        [-5.08657930e-01,  0.00000000e+00,  7.85026612e-02, ...,
          8.70148483e-01,  7.90747592e-01,  5.08657930e-01],
        [-5.74676497e-01, -7.85026612e-02,  0.00000000e+00, ...,
          9.06148418e-01,  8.36362072e-01,  5.74676497e-01],
        ...,
        [-4.98509260e-01, -8.70148483e-01, -9.06148418e-01, ...,
          0.00000000e+00,  1.42982517e-01,  4.98509260e-01],
        [-3.69437874e-01, -7.90747592e-01, -8.36362072e-01, ...,
         -1.42982517e-01,  0.00000000e+00,  3.69437874e-01],
        [-0.00000000e+00, -5.08657930e-01, -5.74676497e-01, ...,
         -4.98509260e-01, -3.69437874e-01,  0.00000000e+00]],

       [[ 0.00000000e+00, -2.38008882e-01, -2.73989456e-01, ...,
