state_0,state_1,state_2,state_3,state_4,state_5,state_6,state_7,state_8,state_9,state_10,state_11,state_12,state_13,state_14,state_15,state_16,state_17,state_18,state_19,state_20,state_21,state_22,state_23,state_24,state_25,state_26,state_27,state_28,state_29,state_30,state_31,state_32,state_33,state_34,state_35,state_36,state_37,state_38,state_39,state_40,state_41,state_42,state_43,state_44,state_45,state_46,state_47,state_48,state_49,state_50,state_51,state_52,state_53,state_54,state_55,state_56,state_57,state_58,state_59,state_60,state_61,state_62,state_63,state_64,state_65,state_66,state_67,state_68,state_69,state_70,state_71,state_72,state_73,state_74,state_75,state_76,state_77,state_78,state_79,state_80,state_81,state_82,state_83,state_84,state_85,state_86,state_87,state_88,state_89,state_90,state_91,state_92,state_93,state_94,state_95,state_96,state_97,state_98,state_99,state_100,state_101,state_102,state_103,state_104,state_105,state_106,state_107,state_108,state_109,state_110,state_111,state_112,state_113,state_114,state_115,state_116,state_117,state_118,state_119,state_120,state_121,state_122,state_123,state_124,state_125,state_126,state_127,state_128,state_129,state_130,state_131,state_132,state_133,state_134,state_135,state_136,state_137,state_138,state_139,state_140,state_141,state_142,state_143,state_144,state_145,state_146,state_147,state_148,state_149,state_150,state_151,state_152,state_153,state_154,state_155,state_156,state_157,state_158,state_159,state_160,state_161,state_162,state_163,state_164,state_165,state_166,state_167,state_168,state_169,state_170,state_171,state_172,state_173,state_174,state_175,state_176,state_177,state_178,state_179,state_180,state_181,state_182,state_183,state_184,state_185,state_186,state_187,state_188,state_189,state_190,state_191,state_192,state_193,state_194,state_195,state_196,state_197,state_198,state_199,state_200,state_201,state_202,state_203,state_204,state_205,state_206,state_207,state_208,state_209,state_210,state_211,state_212,state_213,state_214,state_215,state_216,state_217,state_218,state_219,state_220,state_221,state_222,state_223,state_224,state_225,state_226,state_227,state_228,state_229,state_230,state_231,state_232,state_233,state_234,state_235,state_236,state_237,state_238,state_239,state_240,state_241,state_242,state_243,state_244,state_245,state_246,state_247,state_248,state_249,state_250,state_251,state_252,state_253,state_254,state_255,state_256,state_257,state_258,state_259,state_260,state_261,state_262,state_263,state_264,state_265,state_266,state_267,state_268,state_269,state_270,state_271,state_272,state_273,state_274,state_275,state_276,state_277,state_278,state_279,state_280,state_281,state_282,state_283,state_284,state_285,state_286,state_287
{'img': array([[[ 0.        , -0.92920479, -0.2989309 , ..., -0.46719099,
         -0.43787834, -0.38091553],
        [ 0.92920479,  0.        ,  0.77624222, ...,  0.64890485,
          0.67356232,  0.71837877],
        [ 0.2989309 , -0.77624222,  0.        , ..., -0.18152689,
         -0.14910713, -0.08710363],
        ...,
        [ 0.46719099, -0.64890485,  0.18152689, ...,  0.        ,
          0.03286775,  0.09518047],
        [ 0.43787834, -0.67356232,  0.14910713, ..., -0.03286775,
          0.        ,  0.06241052],
        [ 0.38091553, -0.71837877,  0.08710363, ..., -0.09518047,
         -0.06241052,  0.        ]],

       [[ 0.        ,  0.81048038,  0.09346554, ...,  0.1809335 ,
          0.20317258, -0.18600719],
        [-0.81048038,  0.        , -0.86168143, ..., -0.90308832,
         -0.91258769, -0.68737954],
        [-0.09346554,  0.86168143,  0.        , ...,  0.08821854,
          0.11076707, -0.27702736],
        ...,
        [-0.1809335 ,  0.90308832, -0.08821854, ...,  0.        ,
          0.02265953, -0.36071312],
        [-0.20317258,  0.91258769, -0.11076707, ..., -0.02265953,
          0.        , -0.38175452],
        [ 0.18600719,  0.68737954,  0.27702736, ...,  0.36071312,
          0.38175452,  0.        ]],

       [[ 0.        , -0.26368436, -0.34922301, ..., -0.26368436,
         -0.5232899 , -0.74929722],
        [ 0.26368436,  0.        , -0.08978096, ...,  0.        ,
         -0.28007029, -0.54815814],
        [ 0.34922301,  0.08978096,  0.        , ...,  0.08978096,
         -0.19275135, -0.4708539 ],
        ...,
        [ 0.26368436,  0.        , -0.08978096, ...,  0.        ,
         -0.28007029, -0.54815814],
        [ 0.5232899 ,  0.28007029,  0.19275135, ...,  0.28007029,
          0.        , -0.29197688],
        [ 0.74929722,  0.54815814,  0.4708539 , ...,  0.54815814,
          0.29197688,  0.        ]],

       ...,

       [[ 0.        , -0.50256093, -0.31035474, ..., -0.99907675,
         -0.98269526, -0.9733747 ],
        [ 0.50256093,  0.        ,  0.20943024, ..., -0.84215304,
         -0.94267031, -0.72632621],
        [ 0.31035474, -0.20943024,  0.        , ..., -0.93640998,
         -0.99165747, -0.85417081],
        ...,
        [ 0.99907675,  0.84215304,  0.93640998, ...,  0.        ,
         -0.22727631,  0.18719089],
        [ 0.98269526,  0.94267031,  0.99165747, ...,  0.22727631,
          0.        ,  0.40555104],
        [ 0.9733747 ,  0.72632621,  0.85417081, ..., -0.18719089,
         -0.40555104,  0.        ]],

       [[ 0.        ,  0.14208754,  0.17448537, ...,  0.99236203,
          0.95340556,  0.89907173],
        [-0.14208754,  0.        ,  0.03280717, ...,  0.96476576,
          0.90086577,  0.82774372],
        [-0.17448537, -0.03280717,  0.        , ...,  0.95561452,
          0.88613932,  0.80888983],
        ...,
        [-0.99236203, -0.96476576, -0.95561452, ...,  0.        ,
         -0.18177559, -0.32354831],
        [-0.95340556, -0.90086577, -0.88613932, ...,  0.18177559,
          0.        , -0.14615982],
        [-0.89907173, -0.82774372, -0.80888983, ...,  0.32354831,
          0.14615982,  0.        ]],

       [[ 0.        , -0.32872062, -0.43656213, ...,  0.04162625,
         -0.22990856, -0.43437146],
        [ 0.32872062,  0.        , -0.11655972, ...,  0.36774867,
          0.10278303, -0.11414243],
        [ 0.43656213,  0.11655972,  0.        , ...,  0.4736338 ,
          0.21802483,  0.00243352],
        ...,
        [-0.04162625, -0.36774867, -0.4736338 , ...,  0.        ,
         -0.27022046, -0.47148914],
        [ 0.22990856, -0.10278303, -0.21802483, ...,  0.27022046,
          0.        , -0.2156492 ],
        [ 0.43437146,  0.11414243, -0.00243352, ...,  0.47148914,
          0.2156492 ,  0.        ]]]), 'num': array([ 7.87469848e-01,  6.16350541e-01,  5.51997764e-06,  2.66956797e-04,
        2.69970825e-04,  2.65665070e-04,  1.62354512e-03, -2.58345287e-06,
        2.68937444e-04,  2.85945175e-04,  2.82041291e-04,  2.13447673e-07,
        3.08776072e-04,  2.63114279e-04])}
{'img': array([[[ 0.        ,  0.77624222,  0.62251396, ...,  0.67356232,
          0.71837877,  0.56354267],
        [-0.77624222,  0.        , -0.21503946, ..., -0.14910713,
         -0.08710363, -0.28596667],
        [-0.62251396,  0.21503946,  0.        , ...,  0.06701672,
          0.12915628, -0.07321727],
        ...,
        [-0.67356232,  0.14910713, -0.06701672, ...,  0.        ,
          0.06241052, -0.13988951],
        [-0.71837877,  0.08710363, -0.12915628, ..., -0.06241052,
          0.        , -0.20141365],
        [-0.56354267,  0.28596667,  0.07321727, ...,  0.13988951,
          0.20141365,  0.        ]],

       [[ 0.        , -0.86168143, -0.39388269, ..., -0.91258769,
         -0.68737954, -0.64708733],
        [ 0.86168143,  0.        , -0.59214811, ...,  0.11076707,
         -0.27702736, -0.3285954 ],
        [ 0.39388269,  0.59214811,  0.        , ...,  0.6777636 ,
          0.34573591,  0.29447483],
        ...,
        [ 0.91258769, -0.11076707, -0.6777636 , ...,  0.        ,
         -0.38175452, -0.43118962],
        [ 0.68737954,  0.27702736, -0.34573591, ...,  0.38175452,
          0.        , -0.05409059],
        [ 0.64708733,  0.3285954 , -0.29447483, ...,  0.43118962,
          0.05409059,  0.        ]],

       [[ 0.        , -0.08978096, -0.31587822, ..., -0.28007029,
         -0.54815814, -0.69358318],
        [ 0.08978096,  0.        , -0.22941841, ..., -0.19275135,
         -0.4708539 , -0.62610607],
        [ 0.31587822,  0.22941841,  0.        , ...,  0.03750601,
         -0.25589975, -0.43052027],
        ...,
        [ 0.28007029,  0.19275135, -0.03750601, ...,  0.        ,
         -0.29197688, -0.46406956],
        [ 0.54815814,  0.4708539 ,  0.25589975, ...,  0.29197688,
          0.        , -0.18521515],
        [ 0.69358318,  0.62610607,  0.43052027, ...,  0.46406956,
          0.18521515,  0.        ]],

       ...,

       [[ 0.        ,  0.20943024,  0.04351118, ..., -0.94267031,
         -0.72632621, -0.75648712],
        [-0.20943024,  0.        , -0.16668564, ..., -0.99165747,
         -0.85417081, -0.87668013],
        [-0.04351118,  0.16668564,  0.        , ..., -0.95629834,
         -0.75554575, -0.78422737],
        ...,
        [ 0.94267031,  0.99165747,  0.95629834, ...,  0.        ,
          0.40555104,  0.36405548],
        [ 0.72632621,  0.85417081,  0.75554575, ..., -0.40555104,
          0.        , -0.04494795],
        [ 0.75648712,  0.87668013,  0.78422737, ..., -0.36405548,
          0.04494795,  0.        ]],

       [[ 0.        ,  0.03280717,  0.06158021, ...,  0.90086577,
          0.82774372,  0.80447636],
        [-0.03280717,  0.        ,  0.02880216, ...,  0.88613932,
          0.80888983,  0.78455636],
        [-0.06158021, -0.02880216,  0.        , ...,  0.87242422,
          0.79161972,  0.76637187],
        ...,
        [-0.90086577, -0.88613932, -0.87242422, ...,  0.        ,
         -0.14615982, -0.18587907],
        [-0.82774372, -0.80888983, -0.79161972, ...,  0.14615982,
          0.        , -0.04027028],
        [-0.80447636, -0.78455636, -0.76637187, ...,  0.18587907,
          0.04027028,  0.        ]],

       [[ 0.        , -0.11655972, -0.29692463, ...,  0.10278303,
         -0.11414243, -0.35700014],
        [ 0.11655972,  0.        , -0.18359772, ...,  0.21802483,
          0.00243352, -0.24568778],
        [ 0.29692463,  0.18359772,  0.        , ...,  0.39349968,
          0.18598934, -0.06354118],
        ...,
        [-0.10278303, -0.21802483, -0.39349968, ...,  0.        ,
         -0.2156492 , -0.45111948],
        [ 0.11414243, -0.00243352, -0.18598934, ...,  0.2156492 ,
          0.        , -0.24804599],
        [ 0.35700014,  0.24568778,  0.06354118, ...,  0.45111948,
          0.24804599,  0.        ]]]), 'num': array([7.07104679e-01, 7.07104679e-01, 0.00000000e+00, 3.11810029e-04,
       3.14827545e-04, 3.09798351e-04, 2.26141732e-03, 0.00000000e+00,
       3.13117619e-04, 3.32907498e-04, 3.29496028e-04, 1.86266445e-07,
       3.61275852e-04, 3.04539143e-04])}
{'img': array([[[ 0.        , -0.24462104,  0.2728835 , ..., -0.09702267,
         -0.33070688, -0.33070688],
        [ 0.24462104,  0.        ,  0.49992992, ...,  0.14939196,
         -0.08980251, -0.08980251],
        [-0.2728835 , -0.49992992,  0.        , ..., -0.36493646,
         -0.5756849 , -0.5756849 ],
        ...,
        [ 0.09702267, -0.14939196,  0.36493646, ...,  0.        ,
         -0.23758311, -0.23758311],
        [ 0.33070688,  0.08980251,  0.5756849 , ...,  0.23758311,
          0.        ,  0.        ],
        [ 0.33070688,  0.08980251,  0.5756849 , ...,  0.23758311,
          0.        ,  0.        ]],

       [[ 0.        , -0.68474993, -0.174371  , ..., -0.33244608,
         -0.39233832, -0.20475851],
        [ 0.68474993,  0.        ,  0.54718181, ...,  0.40352348,
          0.34391978,  0.52101829],
        [ 0.174371  , -0.54718181,  0.        , ..., -0.16289984,
         -0.2259376 , -0.0309451 ],
        ...,
        [ 0.33244608, -0.40352348,  0.16289984, ...,  0.        ,
         -0.06423212,  0.13229008],
        [ 0.39233832, -0.34391978,  0.2259376 , ...,  0.06423212,
          0.        ,  0.19568449],
        [ 0.20475851, -0.52101829,  0.0309451 , ..., -0.13229008,
         -0.19568449,  0.        ]],

       [[ 0.        , -0.22941841, -0.43588989, ..., -0.4708539 ,
         -0.62610607, -0.74957182],
        [ 0.22941841,  0.        , -0.21778723, ..., -0.25589975,
         -0.43052027, -0.57772184],
        [ 0.43588989,  0.21778723,  0.        , ..., -0.03922156,
         -0.22361559, -0.38608908],
        ...,
        [ 0.4708539 ,  0.25589975,  0.03922156, ...,  0.        ,
         -0.18521515, -0.34961162],
        [ 0.62610607,  0.43052027,  0.22361559, ...,  0.18521515,
          0.        , -0.17003554],
        [ 0.74957182,  0.57772184,  0.38608908, ...,  0.34961162,
          0.17003554,  0.        ]],

       ...,

       [[ 0.        , -0.15026406, -0.1838596 , ..., -0.73065372,
         -0.74713717, -0.99941266],
        [ 0.15026406,  0.        , -0.0340696 , ..., -0.61976529,
         -0.6387781 , -0.9829159 ],
        [ 0.1838596 ,  0.0340696 ,  0.        , ..., -0.5926681 ,
         -0.61219442, -0.9760746 ],
        ...,
        [ 0.73065372,  0.61976529,  0.5926681 , ...,  0.        ,
         -0.02446305, -0.65730881],
        [ 0.74713717,  0.6387781 ,  0.61219442, ...,  0.02446305,
          0.        , -0.63867622],
        [ 0.99941266,  0.9829159 ,  0.9760746 , ...,  0.65730881,
          0.63867622,  0.        ]],

       [[ 0.        ,  0.02880216, -0.0147577 , ...,  0.80888983,
          0.78455636,  0.86256021],
        [-0.02880216,  0.        , -0.0435506 , ...,  0.79161972,
          0.76637187,  0.84762978],
        [ 0.0147577 ,  0.0435506 ,  0.        , ...,  0.81747868,
          0.79362154,  0.869933  ],
        ...,
        [-0.80888983, -0.79161972, -0.81747868, ...,  0.        ,
         -0.04027028,  0.09788971],
        [-0.78455636, -0.76637187, -0.79362154, ...,  0.04027028,
          0.        ,  0.13788717],
        [-0.86256021, -0.84762978, -0.869933  , ..., -0.09788971,
         -0.13788717,  0.        ]],

       [[ 0.        , -0.18359772, -0.24784104, ...,  0.00243352,
         -0.24568778, -0.46828744],
        [ 0.18359772,  0.        , -0.0657585 , ...,  0.18598934,
         -0.06354118, -0.29810467],
        [ 0.24784104,  0.0657585 ,  0.        , ...,  0.25019791,
          0.00222197, -0.23469077],
        ...,
        [-0.00243352, -0.18598934, -0.25019791, ...,  0.        ,
         -0.24804599, -0.47043626],
        [ 0.24568778,  0.06354118, -0.00222197, ...,  0.24804599,
          0.        , -0.2368501 ],
        [ 0.46828744,  0.29810467,  0.23469077, ...,  0.47043626,
          0.2368501 ,  0.        ]]]), 'num': array([ 7.07105867e-01,  7.07105867e-01,  0.00000000e+00,  3.10301792e-04,
        3.12816393e-04,  3.09798872e-04,  1.32609005e-03, -1.50876074e-06,
        3.12514641e-04,  3.31349005e-04,  3.29395998e-04,  4.23511787e-08,
        3.61056696e-04,  3.01641314e-04])}
{'img': array([[[ 0.        ,  0.49992992, -0.04320044, ..., -0.08980251,
         -0.08980251, -0.26439523],
        [-0.49992992,  0.        , -0.53687763, ..., -0.5756849 ,
         -0.5756849 , -0.71112331],
        [ 0.04320044,  0.53687763,  0.        , ..., -0.04669278,
         -0.04669278, -0.22248527],
        ...,
        [ 0.08980251,  0.5756849 ,  0.04669278, ...,  0.        ,
          0.        , -0.17672013],
        [ 0.08980251,  0.5756849 ,  0.04669278, ...,  0.        ,
          0.        , -0.17672013],
        [ 0.26439523,  0.71112331,  0.22248527, ...,  0.17672013,
          0.17672013,  0.        ]],

       [[ 0.        ,  0.54718181,  0.6128349 , ...,  0.34391978,
          0.52101829, -0.08206583],
        [-0.54718181,  0.        ,  0.08056218, ..., -0.2259376 ,
         -0.0309451 , -0.61402635],
        [-0.6128349 , -0.08056218,  0.        , ..., -0.3036822 ,
         -0.11136811, -0.67561707],
        ...,
        [-0.34391978,  0.2259376 ,  0.3036822 , ...,  0.        ,
          0.19568449, -0.41981944],
        [-0.52101829,  0.0309451 ,  0.11136811, ..., -0.19568449,
          0.        , -0.58930777],
        [ 0.08206583,  0.61402635,  0.67561707, ...,  0.41981944,
          0.58930777,  0.        ]],

       [[ 0.        , -0.21778723, -0.43052027, ..., -0.43052027,
         -0.57772184, -0.77227028],
        [ 0.21778723,  0.        , -0.22361559, ..., -0.22361559,
         -0.38608908, -0.61537397],
        [ 0.43052027,  0.22361559,  0.        , ...,  0.        ,
         -0.17003554, -0.42352941],
        ...,
        [ 0.43052027,  0.22361559,  0.        , ...,  0.        ,
         -0.17003554, -0.42352941],
        [ 0.57772184,  0.38608908,  0.17003554, ...,  0.17003554,
          0.        , -0.26332976],
        [ 0.77227028,  0.61537397,  0.42352941, ...,  0.42352941,
          0.26332976,  0.        ]],

       ...,

       [[ 0.        , -0.0264572 , -0.33300736, ..., -0.45743684,
         -0.63307771, -0.99803913],
        [ 0.0264572 ,  0.        , -0.30794366, ..., -0.43374985,
         -0.61237589, -0.9993458 ],
        [ 0.33300736,  0.30794366,  0.        , ..., -0.13520411,
         -0.33916722, -0.96191924],
        ...,
        [ 0.45743684,  0.43374985,  0.13520411, ...,  0.        ,
         -0.20886288, -0.91613082],
        [ 0.63307771,  0.61237589,  0.33916722, ...,  0.20886288,
          0.        , -0.81219667],
        [ 0.99803913,  0.9993458 ,  0.96191924, ...,  0.91613082,
          0.81219667,  0.        ]],

       [[ 0.        , -0.0435506 , -0.02073118, ...,  0.76637187,
          0.84762978,  0.81632403],
        [ 0.0435506 ,  0.        ,  0.02282973, ...,  0.79362154,
          0.869933  ,  0.84070409],
        [ 0.02073118, -0.02282973,  0.        , ...,  0.77952482,
          0.85844733,  0.8281228 ],
        ...,
        [-0.76637187, -0.79362154, -0.77952482, ...,  0.        ,
          0.13788717,  0.0817523 ],
        [-0.84762978, -0.869933  , -0.85844733, ..., -0.13788717,
          0.        , -0.05645422],
        [-0.81632403, -0.84070409, -0.8281228 , ..., -0.0817523 ,
          0.05645422,  0.        ]],

       [[ 0.        , -0.0657585 , -0.23553848, ..., -0.06354118,
         -0.29810467, -0.57805486],
        [ 0.0657585 ,  0.        , -0.17112028, ...,  0.00222197,
         -0.23469077, -0.5231449 ],
        [ 0.23553848,  0.17112028,  0.        , ...,  0.17330906,
         -0.06488821, -0.3695924 ],
        ...,
        [ 0.06354118, -0.00222197, -0.17330906, ...,  0.        ,
         -0.2368501 , -0.52503727],
        [ 0.29810467,  0.23469077,  0.06488821, ...,  0.2368501 ,
          0.        , -0.30851977],
        [ 0.57805486,  0.5231449 ,  0.3695924 , ...,  0.52503727,
          0.30851977,  0.        ]]]), 'num': array([7.07105098e-01, 7.07105098e-01, 0.00000000e+00, 3.11307294e-04,
       3.19354009e-04, 3.10804374e-04, 1.98285144e-03, 1.00583940e-06,
       3.12011382e-04, 3.29689009e-04, 3.29370493e-04, 7.01748418e-08,
       3.59975425e-04, 2.99402594e-04])}
{'img': array([[[ 0.        , -0.53687763, -0.39714611, ..., -0.5756849 ,
         -0.71112331, -0.61690216],
        [ 0.53687763,  0.        ,  0.15766601, ..., -0.04669278,
         -0.22248527, -0.09791167],
        [ 0.39714611, -0.15766601,  0.        , ..., -0.20360281,
         -0.37341681, -0.25359548],
        ...,
        [ 0.5756849 ,  0.04669278,  0.20360281, ...,  0.        ,
         -0.17672013, -0.05133645],
        [ 0.71112331,  0.22248527,  0.37341681, ...,  0.17672013,
          0.        ,  0.12595864],
        [ 0.61690216,  0.09791167,  0.25359548, ...,  0.05133645,
         -0.12595864,  0.        ]],

       [[ 0.        ,  0.08056218, -0.21404215, ..., -0.0309451 ,
         -0.61402635, -0.17743997],
        [-0.08056218,  0.        , -0.29204153, ..., -0.11136811,
         -0.67561707, -0.25614701],
        [ 0.21404215,  0.29204153,  0.        , ...,  0.18371172,
         -0.43085556,  0.03731795],
        ...,
        [ 0.0309451 ,  0.11136811, -0.18371172, ...,  0.        ,
         -0.58930777, -0.14690095],
        [ 0.61402635,  0.67561707,  0.43085556, ...,  0.58930777,
          0.        ,  0.46423194],
        [ 0.17743997,  0.25614701, -0.03731795, ...,  0.14690095,
         -0.46423194,  0.        ]],

       [[ 0.        , -0.20388489, -0.06520705, ..., -0.33806511,
         -0.44623227, -0.64720166],
        [ 0.20388489,  0.        ,  0.1396136 , ..., -0.13908331,
         -0.25439902, -0.47818181],
        [ 0.06520705, -0.1396136 ,  0.        , ..., -0.27597779,
         -0.38692767, -0.59611569],
        ...,
        [ 0.33806511,  0.13908331,  0.27597779, ...,  0.        ,
         -0.11741905, -0.35138278],
        [ 0.44623227,  0.25439902,  0.38692767, ...,  0.11741905,
          0.        , -0.23902062],
        [ 0.64720166,  0.47818181,  0.59611569, ...,  0.35138278,
          0.23902062,  0.        ]],

       ...,

       [[ 0.        , -0.30794366, -0.18765608, ..., -0.61237589,
         -0.9993458 , -0.93307284],
        [ 0.30794366,  0.        ,  0.12393611, ..., -0.33916722,
         -0.96191924, -0.77696632],
        [ 0.18765608, -0.12393611,  0.        , ..., -0.45314225,
         -0.98837897, -0.84899907],
        ...,
        [ 0.61237589,  0.33916722,  0.45314225, ...,  0.        ,
         -0.81219667, -0.51739243],
        [ 0.9993458 ,  0.96191924,  0.98837897, ...,  0.81219667,
          0.        ,  0.39319756],
        [ 0.93307284,  0.77696632,  0.84899907, ...,  0.51739243,
         -0.39319756,  0.        ]],

       [[ 0.        ,  0.02282973,  0.03599106, ...,  0.869933  ,
          0.84070409,  0.72264852],
        [-0.02282973,  0.        ,  0.01316674, ...,  0.85844733,
          0.8281228 ,  0.70667991],
        [-0.03599106, -0.01316674,  0.        , ...,  0.85161967,
          0.82067044,  0.69730274],
        ...,
        [-0.869933  , -0.85844733, -0.85161967, ...,  0.        ,
         -0.05645422, -0.2449228 ],
        [-0.84070409, -0.8281228 , -0.82067044, ...,  0.05645422,
          0.        , -0.18979742],
        [-0.72264852, -0.70667991, -0.69730274, ...,  0.2449228 ,
          0.18979742,  0.        ]],

       [[ 0.        , -0.17112028, -0.21914445, ..., -0.23469077,
         -0.5231449 , -0.86244509],
        [ 0.17112028,  0.        , -0.04895134, ..., -0.06488821,
         -0.3695924 , -0.76311151],
        [ 0.21914445,  0.04895134,  0.        , ..., -0.01596224,
         -0.32366403, -0.73056104],
        ...,
        [ 0.23469077,  0.06488821,  0.01596224, ...,  0.        ,
         -0.30851977, -0.71956818],
        [ 0.5231449 ,  0.3695924 ,  0.32366403, ...,  0.30851977,
          0.        , -0.47022331],
        [ 0.86244509,  0.76311151,  0.73056104, ...,  0.71956818,
          0.47022331,  0.        ]]]), 'num': array([7.07105161e-01, 7.07105161e-01, 0.00000000e+00, 3.11307322e-04,
       3.12313161e-04, 3.06781044e-04, 1.94041525e-03, 0.00000000e+00,
       3.11307322e-04, 3.27979111e-04, 3.29202883e-04, 8.26717388e-08,
       3.58361916e-04, 2.97596306e-04])}
{'img': array([[[ 0.        ,  0.15766601,  0.        , ..., -0.22248527,
         -0.09791167, -0.09791167],
        [-0.15766601,  0.        , -0.15766601, ..., -0.37341681,
         -0.25359548, -0.25359548],
        [ 0.        ,  0.15766601,  0.        , ..., -0.22248527,
         -0.09791167, -0.09791167],
        ...,
        [ 0.22248527,  0.37341681,  0.22248527, ...,  0.        ,
          0.12595864,  0.12595864],
        [ 0.09791167,  0.25359548,  0.09791167, ..., -0.12595864,
          0.        ,  0.        ],
        [ 0.09791167,  0.25359548,  0.09791167, ..., -0.12595864,
          0.        ,  0.        ]],

       [[ 0.        , -0.29204153, -0.25780901, ..., -0.67561707,
         -0.25614701, -0.27928669],
        [ 0.29204153,  0.        ,  0.03559935, ..., -0.43085556,
          0.03731795,  0.01330918],
        [ 0.25780901, -0.03559935,  0.        , ..., -0.46270805,
          0.00171975, -0.02229544],
        ...,
        [ 0.67561707,  0.43085556,  0.46270805, ...,  0.        ,
          0.46423194,  0.44282789],
        [ 0.25614701, -0.03731795, -0.00171975, ..., -0.46423194,
          0.        , -0.02401473],
        [ 0.27928669, -0.01330918,  0.02229544, ..., -0.44282789,
          0.02401473,  0.        ]],

       [[ 0.        ,  0.12441428,  0.05051154, ..., -0.19909071,
         -0.28485404, -0.5411764 ],
        [-0.12441428,  0.        , -0.07413639, ..., -0.31946749,
         -0.40190074, -0.64159276],
        [-0.05051154,  0.07413639,  0.        , ..., -0.24833692,
         -0.33290931, -0.58296119],
        ...,
        [ 0.19909071,  0.31946749,  0.24833692, ...,  0.        ,
         -0.08830901, -0.36292544],
        [ 0.28485404,  0.40190074,  0.33290931, ...,  0.08830901,
          0.        , -0.2792196 ],
        [ 0.5411764 ,  0.64159276,  0.58296119, ...,  0.36292544,
          0.2792196 ,  0.        ]],

       ...,

       [[ 0.        ,  0.12393611,  0.14601364, ..., -0.96191924,
         -0.77696632, -0.7214884 ],
        [-0.12393611,  0.        ,  0.02228007, ..., -0.98837897,
         -0.84899907, -0.80174252],
        [-0.14601364, -0.02228007,  0.        , ..., -0.99152041,
         -0.86056099, -0.81485962],
        ...,
        [ 0.96191924,  0.98837897,  0.99152041, ...,  0.        ,
          0.39319756,  0.46885122],
        [ 0.77696632,  0.84899907,  0.86056099, ..., -0.39319756,
          0.        ,  0.08378471],
        [ 0.7214884 ,  0.80174252,  0.81485962, ..., -0.46885122,
         -0.08378471,  0.        ]],

       [[ 0.        ,  0.01316674,  0.03101668, ...,  0.8281228 ,
          0.70667991,  0.55570248],
        [-0.01316674,  0.        ,  0.01785359, ...,  0.82067044,
          0.69730274,  0.54470773],
        [-0.03101668, -0.01785359,  0.        , ...,  0.81033806,
          0.68439456,  0.52964842],
        ...,
        [-0.8281228 , -0.82067044, -0.81033806, ...,  0.        ,
         -0.18979742, -0.37698855],
        [-0.70667991, -0.69730274, -0.68439456, ...,  0.18979742,
          0.        , -0.19434235],
        [-0.55570248, -0.54470773, -0.52964842, ...,  0.37698855,
          0.19434235,  0.        ]],

       [[ 0.        , -0.04280548, -0.18552591, ..., -0.3082688 ,
         -0.54299792, -0.88093484],
        [ 0.04280548,  0.        , -0.14329352, ..., -0.26726543,
         -0.506555  , -0.85987024],
        [ 0.18552591,  0.14329352,  0.        , ..., -0.12642639,
         -0.37777871, -0.77784343],
        ...,
        [ 0.3082688 ,  0.26726543,  0.12642639, ...,  0.        ,
         -0.25768973, -0.69214832],
        [ 0.54299792,  0.506555  ,  0.37777871, ...,  0.25768973,
          0.        , -0.48278396],
        [ 0.88093484,  0.85987024,  0.77784343, ...,  0.69214832,
          0.48278396,  0.        ]]]), 'num': array([7.07104255e-01, 7.07104255e-01, 0.00000000e+00, 3.11306923e-04,
       3.16839033e-04, 3.07786489e-04, 2.51518895e-03, 0.00000000e+00,
       3.11206339e-04, 3.26369350e-04, 3.29185697e-04, 6.98498751e-08,
       3.56704128e-04, 2.96034572e-04])}
{'img': array([[[ 0.        , -0.15766601, -0.30919626, ..., -0.25359548,
         -0.25359548, -0.25359548],
        [ 0.15766601,  0.        , -0.15538889, ..., -0.09791167,
         -0.09791167, -0.09791167],
        [ 0.30919626,  0.15538889,  0.        , ...,  0.05791989,
          0.05791989,  0.05791989],
        ...,
        [ 0.25359548,  0.09791167, -0.05791989, ...,  0.        ,
          0.        ,  0.        ],
        [ 0.25359548,  0.09791167, -0.05791989, ...,  0.        ,
          0.        ,  0.        ],
        [ 0.25359548,  0.09791167, -0.05791989, ...,  0.        ,
          0.        ,  0.        ]],

       [[ 0.        ,  0.03559935, -0.24907915, ...,  0.03731795,
          0.01330918,  0.30325952],
        [-0.03559935,  0.        , -0.28339864, ...,  0.00171975,
         -0.02229544,  0.26914439],
        [ 0.24907915,  0.28339864,  0.        , ...,  0.28504746,
          0.26194681,  0.53105124],
        ...,
        [-0.03731795, -0.00171975, -0.28504746, ...,  0.        ,
         -0.02401473,  0.26748771],
        [-0.01330918,  0.02229544, -0.26194681, ...,  0.02401473,
          0.        ,  0.29055023],
        [-0.30325952, -0.26914439, -0.53105124, ..., -0.26748771,
         -0.29055023,  0.        ]],

       [[ 0.        , -0.0731508 , -0.11246284, ..., -0.39135737,
         -0.56285805, -0.64753035],
        [ 0.0731508 ,  0.        , -0.03947481, ..., -0.32299267,
         -0.50088703, -0.59005173],
        [ 0.11246284,  0.03947481,  0.        , ..., -0.28538191,
         -0.46633068, -0.55772123],
        ...,
        [ 0.39135737,  0.32299267,  0.28538191, ...,  0.        ,
         -0.19448597, -0.2976527 ],
        [ 0.56285805,  0.50088703,  0.46633068, ...,  0.19448597,
          0.        , -0.10629837],
        [ 0.64753035,  0.59005173,  0.55772123, ...,  0.2976527 ,
          0.10629837,  0.        ]],

       ...,

       [[ 0.        ,  0.02228007,  0.02799694, ..., -0.84899907,
         -0.80174252, -0.85026406],
        [-0.02228007,  0.        ,  0.00571865, ..., -0.86056099,
         -0.81485962, -0.86178025],
        [-0.02799694, -0.00571865,  0.        , ..., -0.8634597 ,
         -0.81816116, -0.86466713],
        ...,
        [ 0.84899907,  0.86056099,  0.8634597 , ...,  0.        ,
          0.08378471, -0.00239864],
        [ 0.80174252,  0.81485962,  0.81816116, ..., -0.08378471,
          0.        , -0.08617468],
        [ 0.85026406,  0.86178025,  0.86466713, ...,  0.00239864,
          0.08617468,  0.        ]],

       [[ 0.        ,  0.01785359,  0.03443798, ...,  0.69730274,
          0.54470773,  0.40427338],
        [-0.01785359,  0.        ,  0.01658949, ...,  0.68439456,
          0.52964842,  0.38787937],
        [-0.03443798, -0.01658949,  0.        , ...,  0.67220479,
          0.51550404,  0.37253529],
        ...,
        [-0.69730274, -0.68439456, -0.67220479, ...,  0.        ,
         -0.19434235, -0.34800597],
        [-0.54470773, -0.52964842, -0.51550404, ...,  0.19434235,
          0.        , -0.15917634],
        [-0.40427338, -0.38787937, -0.37253529, ...,  0.34800597,
          0.15917634,  0.        ]],

       [[ 0.        , -0.12818236, -0.27672779, ..., -0.43179738,
         -0.61859181, -0.9011412 ],
        [ 0.12818236,  0.        , -0.15126833, ..., -0.3126186 ,
         -0.51277433, -0.83813699],
        [ 0.27672779,  0.15126833,  0.        , ..., -0.16533465,
         -0.37700629, -0.74598154],
        ...,
        [ 0.43179738,  0.3126186 ,  0.16533465, ...,  0.        ,
         -0.21868303, -0.62560763],
        [ 0.61859181,  0.51277433,  0.37700629, ...,  0.21868303,
          0.        , -0.43986248],
        [ 0.9011412 ,  0.83813699,  0.74598154, ...,  0.62560763,
          0.43986248,  0.        ]]]), 'num': array([ 7.07106133e-01,  7.07106133e-01,  0.00000000e+00,  3.09296068e-04,
        3.12816511e-04,  3.07787307e-04,  1.01071920e-03, -2.01168174e-06,
        3.10704245e-04,  3.24760872e-04,  3.29102751e-04,  7.28870197e-08,
        3.55133061e-04,  2.94388682e-04])}
{'img': array([[[ 0.        , -0.15538889,  0.15766601, ..., -0.09791167,
         -0.09791167, -0.5014812 ],
        [ 0.15538889,  0.        ,  0.30919626, ...,  0.05791989,
          0.05791989, -0.36095232],
        [-0.15766601, -0.30919626,  0.        , ..., -0.25359548,
         -0.25359548, -0.6316166 ],
        ...,
        [ 0.09791167, -0.05791989,  0.25359548, ...,  0.        ,
          0.        , -0.41436155],
        [ 0.09791167, -0.05791989,  0.25359548, ...,  0.        ,
          0.        , -0.41436155],
        [ 0.5014812 ,  0.36095232,  0.6316166 , ...,  0.41436155,
          0.41436155,  0.        ]],

       [[ 0.        , -0.25422168, -0.27095655, ..., -0.02055897,
          0.25319831, -0.80209575],
        [ 0.25422168,  0.        , -0.01734289, ...,  0.23428442,
          0.49081744, -0.62392365],
        [ 0.27095655,  0.01734289,  0.        , ...,  0.25110939,
          0.50585382, -0.6102766 ],
        ...,
        [ 0.02055897, -0.23428442, -0.25110939, ...,  0.        ,
          0.27303384, -0.7896485 ],
        [-0.25319831, -0.49081744, -0.50585382, ..., -0.27303384,
          0.        , -0.92716785],
        [ 0.80209575,  0.62392365,  0.6102766 , ...,  0.7896485 ,
          0.92716785,  0.        ]],

       [[ 0.        , -0.03670775, -0.18244473, ..., -0.40143494,
         -0.42215161, -0.62312419],
        [ 0.03670775,  0.        , -0.14623012, ..., -0.36754422,
         -0.3885906 , -0.59399427],
        [ 0.18244473,  0.14623012,  0.        , ..., -0.22759844,
         -0.24967551, -0.46997155],
        ...,
        [ 0.40143494,  0.36754422,  0.22759844, ...,  0.        ,
         -0.0227325 , -0.25674023],
        [ 0.42215161,  0.3885906 ,  0.24967551, ...,  0.0227325 ,
          0.        , -0.23470337],
        [ 0.62312419,  0.59399427,  0.46997155, ...,  0.25674023,
          0.23470337,  0.        ]],

       ...,

       [[ 0.        ,  0.00571865,  0.14804364, ..., -0.81485962,
         -0.86178025, -0.85045368],
        [-0.00571865,  0.        ,  0.14238558, ..., -0.81816116,
         -0.86466713, -0.85344807],
        [-0.14804364, -0.14238558,  0.        , ..., -0.89169528,
         -0.92738399, -0.91896073],
        ...,
        [ 0.81485962,  0.81816116,  0.89169528, ...,  0.        ,
         -0.08617468, -0.06431572],
        [ 0.86178025,  0.86466713,  0.92738399, ...,  0.08617468,
          0.        ,  0.0219198 ],
        [ 0.85045368,  0.85344807,  0.91896073, ...,  0.06431572,
         -0.0219198 ,  0.        ]],

       [[ 0.        ,  0.01658949, -0.013543  , ...,  0.52964842,
          0.38787937,  0.26274682],
        [-0.01658949,  0.        , -0.0301291 , ...,  0.51550404,
          0.37253529,  0.24670405],
        [ 0.013543  ,  0.0301291 ,  0.        , ...,  0.54108725,
          0.40032652,  0.27578989],
        ...,
        [-0.52964842, -0.51550404, -0.54108725, ...,  0.        ,
         -0.15917634, -0.28817273],
        [-0.38787937, -0.37253529, -0.40032652, ...,  0.15917634,
          0.        , -0.13207475],
        [-0.26274682, -0.24670405, -0.27578989, ...,  0.28817273,
          0.13207475,  0.        ]],

       [[ 0.        , -0.13406215, -0.23350332, ..., -0.42946477,
         -0.58888914, -0.88445525],
        [ 0.13406215,  0.        , -0.10103934, ..., -0.30451863,
         -0.47522231, -0.81391445],
        [ 0.23350332,  0.10103934,  0.        , ..., -0.20671962,
         -0.38388928, -0.75104688],
        ...,
        [ 0.42946477,  0.30451863,  0.20671962, ...,  0.        ,
         -0.18471677, -0.59833803],
        [ 0.58888914,  0.47522231,  0.38388928, ...,  0.18471677,
          0.        , -0.44003855],
        [ 0.88445525,  0.81391445,  0.75104688, ...,  0.59833803,
          0.44003855,  0.        ]]]), 'num': array([ 7.07105693e-01,  7.07105693e-01,  0.00000000e+00,  3.05775435e-04,
        3.10804636e-04,  3.03763754e-04,  1.50915265e-03, -3.52044086e-06,
        3.09798796e-04,  3.22748989e-04,  3.28993580e-04,  7.39588416e-08,
        3.52549499e-04,  2.92948478e-04])}
{'img': array([[[ 0.        ,  0.20984644,  0.28662828, ...,  0.03337771,
         -0.11018977, -0.61095326],
        [-0.20984644,  0.        ,  0.07920464, ..., -0.17709497,
         -0.31630492, -0.76347843],
        [-0.28662828, -0.07920464,  0.        , ..., -0.25449132,
         -0.39044929, -0.81223286],
        ...,
        [-0.03337771,  0.17709497,  0.25449132, ...,  0.        ,
         -0.14330284, -0.63703687],
        [ 0.11018977,  0.31630492,  0.39044929, ...,  0.14330284,
          0.        , -0.51999933],
        [ 0.61095326,  0.76347843,  0.81223286, ...,  0.63703687,
          0.51999933,  0.        ]],

       [[ 0.        , -0.01734289,  0.20131776, ...,  0.49081744,
         -0.62392365, -0.01837789],
        [ 0.01734289,  0.        ,  0.21827529, ...,  0.50585382,
         -0.6102766 , -0.00103517],
        [-0.20131776, -0.21827529,  0.        , ...,  0.30536783,
         -0.7684763 , -0.21928539],
        ...,
        [-0.49081744, -0.50585382, -0.30536783, ...,  0.        ,
         -0.92716785, -0.50674651],
        [ 0.62392365,  0.6102766 ,  0.7684763 , ...,  0.92716785,
          0.        ,  0.60945622],
        [ 0.01837789,  0.00103517,  0.21928539, ...,  0.50674651,
         -0.60945622,  0.        ]],

       [[ 0.        , -0.12689524, -0.06088908, ..., -0.3088605 ,
         -0.3826435 , -0.64966808],
        [ 0.12689524,  0.        ,  0.06626292, ..., -0.18567272,
         -0.26231225, -0.54794821],
        [ 0.06088908, -0.06626292,  0.        , ..., -0.25037537,
         -0.32567834, -0.60217367],
        ...,
        [ 0.3088605 ,  0.18567272,  0.25037537, ...,  0.        ,
         -0.07858004, -0.38310278],
        [ 0.3826435 ,  0.26231225,  0.32567834, ...,  0.07858004,
          0.        , -0.30933332],
        [ 0.64966808,  0.54794821,  0.60217367, ...,  0.38310278,
          0.30933332,  0.        ]],

       ...,

       [[ 0.        ,  0.14238558,  0.21370236, ..., -0.86466713,
         -0.85344807, -0.84952251],
        [-0.14238558,  0.        ,  0.0724287 , ..., -0.92738399,
         -0.91896073, -0.91598281],
        [-0.21370236, -0.0724287 ,  0.        , ..., -0.95204466,
         -0.94510936, -0.94263673],
        ...,
        [ 0.86466713,  0.92738399,  0.95204466, ...,  0.        ,
          0.0219198 ,  0.02940359],
        [ 0.85344807,  0.91896073,  0.94510936, ..., -0.0219198 ,
          0.        ,  0.0074862 ],
        [ 0.84952251,  0.91598281,  0.94263673, ..., -0.02940359,
         -0.0074862 ,  0.        ]],

       [[ 0.        , -0.0301291 , -0.16770526, ...,  0.37253529,
          0.24670405,  0.05401466],
        [ 0.0301291 ,  0.        , -0.13792674, ...,  0.40032652,
          0.27578989,  0.08407526],
        [ 0.16770526,  0.13792674,  0.        , ...,  0.52289265,
          0.40573166,  0.2207101 ],
        ...,
        [-0.37253529, -0.40032652, -0.52289265, ...,  0.        ,
         -0.13207475, -0.32186486],
        [-0.24670405, -0.27578989, -0.40573166, ...,  0.13207475,
          0.        , -0.19399878],
        [-0.05401466, -0.08407526, -0.2207101 , ...,  0.32186486,
          0.19399878,  0.        ]],

       [[ 0.        , -0.09090379, -0.13071779, ..., -0.40487271,
         -0.57718238, -0.8581072 ],
        [ 0.09090379,  0.        , -0.04005277, ..., -0.32007643,
         -0.50055923, -0.80787794],
        [ 0.13071779,  0.04005277,  0.        , ..., -0.28187392,
         -0.46548379, -0.78362458],
        ...,
        [ 0.40487271,  0.32007643,  0.28187392, ...,  0.        ,
         -0.19713478, -0.57673989],
        [ 0.57718238,  0.50055923,  0.46548379, ...,  0.19713478,
          0.        , -0.40437728],
        [ 0.8581072 ,  0.80787794,  0.78362458, ...,  0.57673989,
          0.40437728,  0.        ]]]), 'num': array([7.07106044e-01, 7.07106044e-01, 0.00000000e+00, 3.09296029e-04,
       3.09798949e-04, 3.05272666e-04, 1.13492029e-03, 3.52044261e-06,
       3.09396613e-04, 3.20511153e-04, 3.28968598e-04, 1.72429842e-07,
       3.47123388e-04, 2.93898919e-04])}
{'img': array([[[ 0.        ,  0.07920464, -0.31630492, ..., -0.31630492,
         -0.76347843, -0.31630492],
        [-0.07920464,  0.        , -0.39044929, ..., -0.39044929,
         -0.81223286, -0.39044929],
        [ 0.31630492,  0.39044929,  0.        , ...,  0.        ,
         -0.51999933,  0.        ],
        ...,
        [ 0.31630492,  0.39044929,  0.        , ...,  0.        ,
         -0.51999933,  0.        ],
        [ 0.76347843,  0.81223286,  0.51999933, ...,  0.51999933,
          0.        ,  0.51999933],
        [ 0.31630492,  0.39044929,  0.        , ...,  0.        ,
         -0.51999933,  0.        ]],

       [[ 0.        ,  0.21827529,  0.36997289, ..., -0.6102766 ,
         -0.00103517, -0.32752538],
