state_0,state_1,state_2,state_3,state_4,state_5,state_6,state_7,state_8,state_9,state_10,state_11,state_12,state_13,state_14,state_15,state_16,state_17,state_18,state_19,state_20,state_21,state_22,state_23,state_24,state_25,state_26,state_27,state_28,state_29,state_30,state_31,state_32,state_33,state_34,state_35,state_36,state_37,state_38,state_39,state_40,state_41,state_42,state_43,state_44,state_45,state_46,state_47,state_48,state_49,state_50,state_51,state_52,state_53,state_54,state_55,state_56,state_57,state_58,state_59,state_60,state_61,state_62,state_63,state_64,state_65,state_66,state_67,state_68,state_69,state_70,state_71,state_72,state_73,state_74,state_75,state_76,state_77,state_78,state_79,state_80,state_81,state_82,state_83,state_84,state_85,state_86,state_87,state_88,state_89,state_90,state_91,state_92,state_93,state_94,state_95,state_96,state_97,state_98,state_99,state_100,state_101,state_102,state_103,state_104,state_105,state_106,state_107,state_108,state_109,state_110,state_111,state_112,state_113,state_114,state_115,state_116,state_117,state_118,state_119,state_120,state_121,state_122,state_123,state_124,state_125,state_126,state_127,state_128,state_129,state_130,state_131,state_132,state_133,state_134,state_135,state_136,state_137,state_138,state_139,state_140,state_141,state_142,state_143,state_144,state_145,state_146,state_147,state_148,state_149,state_150,state_151,state_152,state_153,state_154,state_155,state_156,state_157,state_158,state_159,state_160,state_161,state_162,state_163,state_164,state_165,state_166,state_167,state_168,state_169,state_170,state_171,state_172,state_173,state_174,state_175,state_176,state_177,state_178,state_179,state_180,state_181,state_182,state_183,state_184,state_185,state_186,state_187,state_188,state_189,state_190,state_191,state_192,state_193,state_194,state_195,state_196,state_197,state_198,state_199,state_200,state_201,state_202,state_203,state_204,state_205,state_206,state_207,state_208,state_209,state_210,state_211,state_212,state_213,state_214,state_215,state_216,state_217,state_218,state_219,state_220,state_221,state_222,state_223,state_224,state_225,state_226,state_227,state_228,state_229,state_230,state_231,state_232,state_233,state_234,state_235,state_236,state_237,state_238,state_239,state_240,state_241,state_242,state_243,state_244,state_245,state_246,state_247,state_248,state_249,state_250,state_251,state_252,state_253,state_254,state_255,state_256,state_257,state_258,state_259,state_260,state_261,state_262,state_263,state_264,state_265,state_266,state_267,state_268,state_269,state_270,state_271,state_272,state_273,state_274,state_275,state_276,state_277,state_278,state_279,state_280,state_281,state_282,state_283,state_284,state_285,state_286,state_287
{'img': array([[[ 0.        ,  0.08425649, -0.07560789, ...,  0.87520681,
          0.99391173,  0.96663738],
        [-0.08425649,  0.        , -0.15935436, ...,  0.83133568,
          0.98109416,  0.94161792],
        [ 0.07560789,  0.15935436,  0.        , ...,  0.90927688,
          0.99939721,  0.98323737],
        ...,
        [-0.87520681, -0.83133568, -0.90927688, ...,  0.        ,
          0.3843741 ,  0.24342667],
        [-0.99391173, -0.98109416, -0.99939721, ..., -0.3843741 ,
          0.        , -0.14808585],
        [-0.96663738, -0.94161792, -0.98323737, ..., -0.24342667,
          0.14808585,  0.        ]],

       [[ 0.        , -0.51737728, -0.85450763, ..., -0.82412035,
         -0.78629196, -0.94353112],
        [ 0.51737728,  0.        , -0.46250539, ..., -0.41219698,
         -0.35321097, -0.63603498],
        [ 0.85450763,  0.46250539,  0.        , ...,  0.05592561,
          0.11953135, -0.20702207],
        ...,
        [ 0.82412035,  0.41219698, -0.05592561, ...,  0.        ,
          0.06381963, -0.26141211],
        [ 0.78629196,  0.35321097, -0.11953135, ..., -0.06381963,
          0.        , -0.32247966],
        [ 0.94353112,  0.63603498,  0.20702207, ...,  0.26141211,
          0.32247966,  0.        ]],

       [[ 0.        ,  0.66405336,  0.75953797, ...,  0.46699632,
          0.5385515 ,  0.53123865],
        [-0.66405336,  0.        ,  0.13595318, ...,  0.93636156,
          0.96219342,  0.95980003],
        [-0.75953797, -0.13595318,  0.        , ...,  0.9753923 ,
          0.99028888,  0.98904852],
        ...,
        [-0.46699632, -0.93636156, -0.9753923 , ...,  0.        ,
         -0.08273151, -0.07410304],
        [-0.5385515 , -0.96219342, -0.99028888, ...,  0.08273151,
          0.        ,  0.00865505],
        [-0.53123865, -0.95980003, -0.98904852, ...,  0.07410304,
         -0.00865505,  0.        ]],

       ...,

       [[ 0.        ,  0.97868385,  0.5590484 , ..., -0.87523982,
         -0.61707654, -0.4136298 ],
        [-0.97868385,  0.        , -0.69664782, ..., -0.65312912,
         -0.89686002, -0.97598622],
        [-0.5590484 ,  0.69664782,  0.        , ..., -0.99609767,
         -0.95155671, -0.85193787],
        ...,
        [ 0.87523982,  0.65312912,  0.99609767, ...,  0.        ,
          0.3902557 ,  0.59678959],
        [ 0.61707654,  0.89686002,  0.95155671, ..., -0.3902557 ,
          0.        ,  0.23632776],
        [ 0.4136298 ,  0.97598622,  0.85193787, ..., -0.59678959,
         -0.23632776,  0.        ]],

       [[ 0.        ,  0.49246171,  0.6373396 , ...,  0.54226932,
          0.54885843,  0.54546076],
        [-0.49246171,  0.        ,  0.17521575, ...,  0.88572414,
          0.8893465 ,  0.88748317],
        [-0.6373396 , -0.17521575,  0.        , ...,  0.95335929,
          0.95570294,  0.95450031],
        ...,
        [-0.54226932, -0.88572414, -0.95335929, ...,  0.        ,
         -0.00786221, -0.00380308],
        [-0.54885843, -0.8893465 , -0.95570294, ...,  0.00786221,
          0.        ,  0.00405919],
        [-0.54546076, -0.88748317, -0.95450031, ...,  0.00380308,
         -0.00405919,  0.        ]],

       [[ 0.        , -0.08723735, -0.13782448, ...,  0.74221736,
          0.61441034,  0.5268674 ],
        [ 0.08723735,  0.        , -0.05089422, ...,  0.68092478,
          0.54323883,  0.45071158],
        [ 0.13782448,  0.05089422,  0.        , ...,  0.64276978,
          0.49980514,  0.40469576],
        ...,
        [-0.74221736, -0.68092478, -0.64276978, ...,  0.        ,
          0.17384682,  0.27776073],
        [-0.61441034, -0.54323883, -0.49980514, ..., -0.17384682,
          0.        ,  0.10652518],
        [-0.5268674 , -0.45071158, -0.40469576, ..., -0.27776073,
         -0.10652518,  0.        ]]]), 'num': array([9.14017429e-01, 4.05605350e-01, 5.01392583e-06, 2.69001100e-03,
       2.70062248e-03, 2.64225933e-03, 6.91470776e-04, 3.44873205e-05,
       2.65340138e-03, 2.65605425e-03, 2.49635143e-03, 1.52540072e-06,
       2.73593342e-03, 2.57617508e-03])}
{'img': array([[[ 0.        , -0.15935436,  0.05820906, ...,  0.98109416,
          0.94161792,  0.99302891],
        [ 0.15935436,  0.        ,  0.21654939, ...,  0.99939721,
          0.98323737,  0.9991227 ],
        [-0.05820906, -0.21654939,  0.        , ...,  0.96816538,
          0.9204233 ,  0.98448399],
        ...,
        [-0.98109416, -0.99939721, -0.96816538, ...,  0.        ,
         -0.14808585,  0.07653931],
        [-0.94161792, -0.98323737, -0.9204233 , ...,  0.14808585,
          0.        ,  0.22334688],
        [-0.99302891, -0.9991227 , -0.98448399, ..., -0.07653931,
         -0.22334688,  0.        ]],

       [[ 0.        , -0.46250539, -0.30946601, ..., -0.35321097,
         -0.63603498, -0.54098362],
        [ 0.46250539,  0.        ,  0.16542358, ...,  0.11953135,
         -0.20702207, -0.09066263],
        [ 0.30946601, -0.16542358,  0.        , ..., -0.04635304,
         -0.36600973, -0.25415584],
        ...,
        [ 0.35321097, -0.11953135,  0.04635304, ...,  0.        ,
         -0.32247966, -0.2090517 ],
        [ 0.63603498,  0.20702207,  0.36600973, ...,  0.32247966,
          0.        ,  0.11747094],
        [ 0.54098362,  0.09066263,  0.25415584, ...,  0.2090517 ,
         -0.11747094,  0.        ]],

       [[ 0.        ,  0.20182777,  0.44568628, ...,  0.86288604,
          0.85827061,  0.8274999 ],
        [-0.20182777,  0.        ,  0.25584047, ...,  0.94713219,
          0.94418577,  0.92379021],
        [-0.44568628, -0.25584047,  0.        , ...,  0.99769548,
          0.99703963,  0.99100662],
        ...,
        [-0.86288604, -0.94713219, -0.99769548, ...,  0.        ,
          0.00906214,  0.06626381],
        [-0.85827061, -0.94418577, -0.99703963, ..., -0.00906214,
          0.        ,  0.05721886],
        [-0.8274999 , -0.92379021, -0.99100662, ..., -0.06626381,
         -0.05721886,  0.        ]],

       ...,

       [[ 0.        , -0.69664782, -0.60926705, ..., -0.89686002,
         -0.97598622, -0.99393458],
        [ 0.69664782,  0.        ,  0.11532114, ..., -0.95155671,
         -0.85193787, -0.78967428],
        [ 0.60926705, -0.11532114,  0.        , ..., -0.98066634,
         -0.90664105, -0.85515833],
        ...,
        [ 0.89686002,  0.95155671,  0.98066634, ...,  0.        ,
          0.23632776,  0.34100133],
        [ 0.97598622,  0.85193787,  0.90664105, ..., -0.23632776,
          0.        ,  0.10917899],
        [ 0.99393458,  0.78967428,  0.85515833, ..., -0.34100133,
         -0.10917899,  0.        ]],

       [[ 0.        ,  0.44939446,  0.63195351, ...,  0.56580408,
          0.56232733,  0.56497487],
        [-0.44939446,  0.        ,  0.21626165, ...,  0.87599528,
          0.87395671,  0.87550996],
        [-0.63195351, -0.21626165,  0.        , ...,  0.95957249,
          0.95837889,  0.95928905],
        ...,
        [-0.56580408, -0.87599528, -0.95957249, ...,  0.        ,
          0.00421051,  0.00100532],
        [-0.56232733, -0.87395671, -0.95837889, ..., -0.00421051,
          0.        , -0.0032052 ],
        [-0.56497487, -0.87550996, -0.95928905, ..., -0.00100532,
          0.0032052 ,  0.        ]],

       [[ 0.        , -0.0508902 , -0.14082435, ...,  0.54554382,
          0.47245379,  0.45067956],
        [ 0.0508902 ,  0.        , -0.09025882, ...,  0.50218677,
          0.42698926,  0.40466664],
        [ 0.14082435,  0.09025882,  0.        , ...,  0.42208487,
          0.34362929,  0.32047647],
        ...,
        [-0.54554382, -0.50218677, -0.42208487, ...,  0.        ,
          0.08486286,  0.10929266],
        [-0.47245379, -0.42698926, -0.34362929, ..., -0.08486286,
          0.        ,  0.0245439 ],
        [-0.45067956, -0.40466664, -0.32047647, ..., -0.10929266,
         -0.0245439 ,  0.        ]]]), 'num': array([7.07104806e-01, 7.07104806e-01, 0.00000000e+00, 8.16011573e-04,
       8.19168291e-04, 7.97071266e-04, 7.38995548e-04, 1.57835894e-05,
       7.95808579e-04, 7.91428633e-04, 7.44446148e-04, 4.94803002e-07,
       8.17732234e-04, 7.65125031e-04])}
{'img': array([[[ 0.        ,  0.21202799,  0.26601762, ...,  0.97137769,
          0.99908709,  0.81806236],
        [-0.21202799,  0.        ,  0.0555811 , ...,  0.89892686,
          0.96731365,  0.92140612],
        [-0.26601762, -0.0555811 ,  0.        , ...,  0.87318727,
          0.95172393,  0.94158066],
        ...,
        [-0.97137769, -0.89892686, -0.87318727, ...,  0.        ,
          0.19582636,  0.75299076],
        [-0.99908709, -0.96731365, -0.95172393, ..., -0.19582636,
          0.        ,  0.60955197],
        [-0.81806236, -0.92140612, -0.94158066, ..., -0.75299076,
         -0.60955197,  0.        ]],

       [[ 0.        ,  0.16542358,  0.68336331, ..., -0.20702207,
         -0.09066263,  0.89774844],
        [-0.16542358,  0.        ,  0.55317615, ..., -0.36600973,
         -0.25415584,  0.81250932],
        [-0.68336331, -0.55317615,  0.        , ..., -0.81970147,
         -0.74673982,  0.35439947],
        ...,
        [ 0.20702207,  0.36600973,  0.81970147, ...,  0.        ,
          0.11747094,  0.96949484],
        [ 0.09066263,  0.25415584,  0.74673982, ..., -0.11747094,
          0.        ,  0.93398887],
        [-0.89774844, -0.81250932, -0.35439947, ..., -0.96949484,
         -0.93398887,  0.        ]],

       [[ 0.        ,  0.25584047,  0.41440513, ...,  0.94418577,
          0.92379021,  0.78753841],
        [-0.25584047,  0.        ,  0.16777482, ...,  0.99703963,
          0.99100662,  0.91899403],
        [-0.41440513, -0.16777482,  0.        , ...,  0.99580703,
          0.99940987,  0.97211643],
        ...,
        [-0.94418577, -0.99703963, -0.99580703, ...,  0.        ,
          0.05721886,  0.32244342],
        [-0.92379021, -0.99100662, -0.99940987, ..., -0.05721886,
          0.        ,  0.26775242],
        [-0.78753841, -0.91899403, -0.97211643, ..., -0.32244342,
         -0.26775242,  0.        ]],

       ...,

       [[ 0.        ,  0.12242887,  0.16128696, ..., -0.86413064,
         -0.80323852, -0.60764437],
        [-0.12242887,  0.        ,  0.03924766, ..., -0.91924452,
         -0.87012167, -0.70030738],
        [-0.16128696, -0.03924766,  0.        , ..., -0.93398755,
         -0.88879395, -0.72778441],
        ...,
        [ 0.86413064,  0.91924452,  0.93398755, ...,  0.        ,
          0.11048203,  0.38049284],
        [ 0.80323852,  0.87012167,  0.88879395, ..., -0.11048203,
          0.        ,  0.27599151],
        [ 0.60764437,  0.70030738,  0.72778441, ..., -0.38049284,
         -0.27599151,  0.        ]],

       [[ 0.        ,  0.48411106,  0.66230547, ...,  0.57640601,
          0.57910206,  0.47016698],
        [-0.48411106,  0.        ,  0.2168092 , ...,  0.89995691,
          0.90139209,  0.83866471],
        [-0.66230547, -0.2168092 ,  0.        , ...,  0.97307476,
          0.97383079,  0.93680094],
        ...,
        [-0.57640601, -0.89995691, -0.97307476, ...,  0.        ,
         -0.00330313,  0.12451969],
        [-0.57910206, -0.90139209, -0.97383079, ...,  0.00330313,
          0.        ,  0.12779643],
        [-0.47016698, -0.83866471, -0.93680094, ..., -0.12451969,
         -0.12779643,  0.        ]],

       [[ 0.        , -0.09025882, -0.20932121, ...,  0.42698926,
          0.40466664,  0.54337115],
        [ 0.09025882,  0.        , -0.12020752, ...,  0.34362929,
          0.32047647,  0.46538168],
        [ 0.20932121,  0.12020752,  0.        , ...,  0.22825003,
          0.20428527,  0.35561021],
        ...,
        [-0.42698926, -0.34362929, -0.22825003, ...,  0.        ,
          0.0245439 , -0.13289268],
        [-0.40466664, -0.32047647, -0.20428527, ..., -0.0245439 ,
          0.        , -0.15717886],
        [-0.54337115, -0.46538168, -0.35561021, ...,  0.13289268,
          0.15717886,  0.        ]]]), 'num': array([7.62310089e-01, 6.47207214e-01, 1.08485273e-06, 8.99241209e-04,
       9.08564162e-04, 8.81442844e-04, 4.04692446e-04, 2.28836123e-05,
       8.67882185e-04, 8.51651771e-04, 8.02028234e-04, 5.07075929e-07,
       8.86651323e-04, 8.16652219e-04])}
{'img': array([[[ 0.        ,  0.05063049, -0.16070626, ...,  0.88751506,
          0.97280691,  0.88602558],
        [-0.05063049,  0.        , -0.21047255, ...,  0.86304733,
          0.95983233,  0.90836335],
        [ 0.16070626,  0.21047255,  0.        , ...,  0.95002941,
          0.99738504,  0.8       ],
        ...,
        [-0.88751506, -0.86304733, -0.95002941, ...,  0.        ,
          0.2426846 ,  0.81974598],
        [-0.97280691, -0.95983233, -0.99738504, ..., -0.2426846 ,
          0.        ,  0.65624779],
        [-0.88602558, -0.90836335, -0.8       , ..., -0.81974598,
         -0.65624779,  0.        ]],

       [[ 0.        ,  0.55317615, -0.00674474, ..., -0.25415584,
          0.81250932,  0.21096498],
        [-0.55317615,  0.        , -0.55878237, ..., -0.74673982,
          0.35439947, -0.36497877],
        [ 0.00674474,  0.55878237,  0.        , ..., -0.2476268 ,
          0.81642267,  0.21755312],
        ...,
        [ 0.25415584,  0.74673982,  0.2476268 , ...,  0.        ,
          0.93398887,  0.45247329],
        [-0.81250932, -0.35439947, -0.81642267, ..., -0.93398887,
          0.        , -0.67124103],
        [-0.21096498,  0.36497877, -0.21755312, ..., -0.45247329,
          0.67124103,  0.        ]],

       [[ 0.        ,  0.15960395,  0.15154394, ...,  0.99799468,
          0.99619782,  0.76521751],
        [-0.15960395,  0.        , -0.0081593 , ...,  0.97509893,
          0.9973324 ,  0.85815681],
        [-0.15154394,  0.0081593 ,  0.        , ...,  0.97687596,
          0.99789477,  0.85393936],
        ...,
        [-0.99799468, -0.97509893, -0.97687596, ...,  0.        ,
          0.15000256,  0.69091747],
        [-0.99619782, -0.9973324 , -0.99789477, ..., -0.15000256,
          0.        ,  0.57465826],
        [-0.76521751, -0.85815681, -0.85393936, ..., -0.69091747,
         -0.57465826,  0.        ]],

       ...,

       [[ 0.        ,  0.03924766, -0.0935914 , ..., -0.87012167,
         -0.70030738, -0.80193591],
        [-0.03924766,  0.        , -0.13259468, ..., -0.88879395,
         -0.72778441, -0.82476497],
        [ 0.0935914 ,  0.13259468,  0.        , ..., -0.82017713,
         -0.6304241 , -0.74250351],
        ...,
        [ 0.87012167,  0.88879395,  0.82017713, ...,  0.        ,
          0.27599151,  0.12459579],
        [ 0.70030738,  0.72778441,  0.6304241 , ..., -0.27599151,
          0.        , -0.15408438],
        [ 0.80193591,  0.82476497,  0.74250351, ..., -0.12459579,
          0.15408438,  0.        ]],

       [[ 0.        ,  0.4978162 ,  0.64547085, ...,  0.62127456,
          0.51923298,  0.        ],
        [-0.4978162 ,  0.        ,  0.17958111, ...,  0.92890585,
          0.87577173,  0.4978162 ],
        [-0.64547085, -0.17958111,  0.        , ...,  0.98030654,
          0.94822283,  0.64547085],
        ...,
        [-0.62127456, -0.92890585, -0.98030654, ...,  0.        ,
          0.12409427,  0.62127456],
        [-0.51923298, -0.87577173, -0.94822283, ..., -0.12409427,
          0.        ,  0.51923298],
        [-0.        , -0.4978162 , -0.64547085, ..., -0.62127456,
         -0.51923298,  0.        ]],

       [[ 0.        , -0.12020752, -0.16277491, ...,  0.32047647,
          0.46538168,  0.62364877],
        [ 0.12020752,  0.        , -0.04299025, ...,  0.20428527,
          0.35561021,  0.52515977],
        [ 0.16277491,  0.04299025,  0.        , ...,  0.16201276,
          0.31510128,  0.4880894 ],
        ...,
        [-0.32047647, -0.20428527, -0.16201276, ...,  0.        ,
         -0.15717886, -0.34023738],
        [-0.46538168, -0.35561021, -0.31510128, ...,  0.15717886,
          0.        , -0.18820678],
        [-0.62364877, -0.52515977, -0.4880894 , ...,  0.34023738,
          0.18820678,  0.        ]]]), 'num': array([ 7.51047691e-01,  6.60243500e-01,  8.60703229e-07,  8.81594084e-04,
        8.94128598e-04,  8.69895206e-04,  2.23774483e-04, -5.01380522e-06,
        8.63210132e-04,  8.41817896e-04,  7.92919368e-04,  5.26976525e-07,
        8.80853374e-04,  8.02782418e-04])}
{'img': array([[[ 0.        , -0.21047255,  0.01992463, ...,  0.95983233,
          0.90836335,  0.99504068],
        [ 0.21047255,  0.        ,  0.22990908, ...,  0.99738504,
          0.8       ,  0.95181607],
        [-0.01992463, -0.22990908,  0.        , ...,  0.95405145,
          0.91651514,  0.99682502],
        ...,
        [-0.95983233, -0.99738504, -0.95405145, ...,  0.        ,
          0.65624779,  0.37465621],
        [-0.90836335, -0.8       , -0.91651514, ..., -0.65624779,
          0.        , -0.32575405],
        [-0.99504068, -0.95181607, -0.99682502, ..., -0.37465621,
          0.32575405,  0.        ]],

       [[ 0.        , -0.55878237, -0.37455715, ...,  0.35439947,
         -0.36497877, -0.73319473],
        [ 0.55878237,  0.        ,  0.20747954, ...,  0.81642267,
          0.21755312, -0.22806641],
        [ 0.37455715, -0.20747954,  0.        , ...,  0.67884674,
          0.01030893, -0.42511508],
        ...,
        [-0.35439947, -0.81642267, -0.67884674, ...,  0.        ,
         -0.67124103, -0.92660437],
        [ 0.36497877, -0.21755312, -0.01030893, ...,  0.67124103,
          0.        , -0.43442351],
        [ 0.73319473,  0.22806641,  0.42511508, ...,  0.92660437,
          0.43442351,  0.        ]],

       [[ 0.        , -0.00789132,  0.02343923, ...,  0.98238446,
          0.99309424,  0.84319323],
        [ 0.00789132,  0.        ,  0.03132766, ...,  0.98382854,
          0.99213751,  0.83892452],
        [-0.02343923, -0.03132766,  0.        , ...,  0.97773446,
          0.99557127,  0.85556275],
        ...,
        [-0.98238446, -0.98382854, -0.97773446, ...,  0.        ,
          0.30083322,  0.68570867],
        [-0.99309424, -0.99213751, -0.99557127, ..., -0.30083322,
          0.        ,  0.43497511],
        [-0.84319323, -0.83892452, -0.85556275, ..., -0.68570867,
         -0.43497511,  0.        ]],

       ...,

       [[ 0.        , -0.13259468, -0.11542041, ..., -0.72778441,
         -0.82476497, -0.7139947 ],
        [ 0.13259468,  0.        ,  0.01730723, ..., -0.6304241 ,
         -0.74250351, -0.61485406],
        [ 0.11542041, -0.01730723,  0.        , ..., -0.64376443,
         -0.75398542, -0.62841116],
        ...,
        [ 0.72778441,  0.6304241 ,  0.64376443, ...,  0.        ,
         -0.15408438,  0.01989722],
        [ 0.82476497,  0.74250351,  0.75398542, ...,  0.15408438,
          0.        ,  0.17371347],
        [ 0.7139947 ,  0.61485406,  0.62841116, ..., -0.01989722,
         -0.17371347,  0.        ]],

       [[ 0.        ,  0.25773536,  0.49360658, ...,  0.84713998,
          0.68812583,  0.27114643],
        [-0.25773536,  0.        ,  0.2527817 , ...,  0.9554726 ,
          0.85188843,  0.510066  ],
        [-0.49360658, -0.2527817 ,  0.        , ...,  0.99903282,
          0.9566096 ,  0.71092721],
        ...,
        [-0.84713998, -0.9554726 , -0.99903282, ...,  0.        ,
          0.24902819,  0.6713255 ],
        [-0.68812583, -0.85188843, -0.9566096 , ..., -0.24902819,
          0.        ,  0.46560583],
        [-0.27114643, -0.510066  , -0.71092721, ..., -0.6713255 ,
         -0.46560583,  0.        ]],

       [[ 0.        , -0.04299025, -0.20428527, ...,  0.35561021,
          0.52515977,  0.57651339],
        [ 0.04299025,  0.        , -0.16201276, ...,  0.31510128,
          0.4880894 ,  0.54085359],
        [ 0.20428527,  0.16201276,  0.        , ...,  0.15717886,
          0.34023738,  0.39743654],
        ...,
        [-0.35561021, -0.31510128, -0.15717886, ...,  0.        ,
         -0.18820678, -0.24826449],
        [-0.52515977, -0.4880894 , -0.34023738, ...,  0.18820678,
          0.        , -0.0615134 ],
        [-0.57651339, -0.54085359, -0.39743654, ...,  0.24826449,
          0.0615134 ,  0.        ]]]), 'num': array([ 7.36994199e-01,  6.75894701e-01,  5.91476267e-07,  8.48604144e-04,
        8.74070483e-04,  8.42032185e-04,  5.55075832e-04, -1.80728859e-05,
        8.53861711e-04,  8.28765044e-04,  7.81255261e-04,  4.59480151e-07,
        8.68184043e-04,  7.89346045e-04])}
{'img': array([[[ 0.        ,  0.22990908,  0.03366577, ...,  0.8       ,
          0.95181607,  0.99629752],
        [-0.22990908,  0.        , -0.19701482, ...,  0.91651514,
          0.99682502,  0.94984296],
        [-0.03366577,  0.19701482,  0.        , ...,  0.81974598,
          0.96160079,  0.99283843],
        ...,
        [-0.8       , -0.91651514, -0.81974598, ...,  0.        ,
         -0.32575405, -0.66655646],
        [-0.95181607, -0.99682502, -0.96160079, ...,  0.32575405,
          0.        , -0.387364  ],
        [-0.99629752, -0.94984296, -0.99283843, ...,  0.66655646,
          0.387364  ,  0.        ]],

       [[ 0.        ,  0.20747954, -0.73157738, ...,  0.21755312,
         -0.22806641,  0.52193527],
        [-0.20747954,  0.        , -0.85710871, ...,  0.01030893,
         -0.42511508,  0.33360067],
        [ 0.73157738,  0.85710871,  0.        , ...,  0.86237366,
          0.55681088,  0.97985836],
        ...,
        [-0.21755312, -0.01030893, -0.86237366, ...,  0.        ,
         -0.43442351,  0.32386457],
        [ 0.22806641,  0.42511508, -0.55681088, ...,  0.43442351,
          0.        ,  0.70271722],
        [-0.52193527, -0.33360067, -0.97985836, ..., -0.32386457,
         -0.70271722,  0.        ]],

       [[ 0.        ,  0.03062773,  0.04571082, ...,  0.99992348,
          0.97540636,  0.82860812],
        [-0.03062773,  0.        ,  0.01509366, ...,  0.99983326,
          0.98169954,  0.84536569],
        [-0.04571082, -0.01509366,  0.        , ...,  0.99944374,
          0.98446209,  0.85333224],
        ...,
        [-0.99992348, -0.99983326, -0.99944374, ...,  0.        ,
          0.20833112,  0.54953593],
        [-0.97540636, -0.98169954, -0.98446209, ..., -0.20833112,
          0.        ,  0.36342379],
        [-0.82860812, -0.84536569, -0.85333224, ..., -0.54953593,
         -0.36342379,  0.        ]],

       ...,

       [[ 0.        ,  0.01730723,  0.09479825, ..., -0.74250351,
         -0.61485406, -0.86570681],
        [-0.01730723,  0.        ,  0.07755476, ..., -0.75398542,
         -0.62841116, -0.8742403 ],
        [-0.09479825, -0.07755476,  0.        , ..., -0.80265952,
         -0.68684685, -0.9092595 ],
        ...,
        [ 0.74250351,  0.75398542,  0.80265952, ...,  0.        ,
          0.17371347, -0.20822573],
        [ 0.61485406,  0.62841116,  0.68684685, ..., -0.17371347,
          0.        , -0.37496573],
        [ 0.86570681,  0.8742403 ,  0.9092595 , ...,  0.20822573,
          0.37496573,  0.        ]],

       [[ 0.        ,  0.25010467,  0.3463127 , ...,  0.88535015,
          0.72318247,  0.50549638],
        [-0.25010467,  0.        ,  0.10067849, ...,  0.97349254,
          0.87293542,  0.7052286 ],
        [-0.3463127 , -0.10067849,  0.        , ...,  0.9915733 ,
          0.91761461,  0.77302438],
        ...,
        [-0.88535015, -0.97349254, -0.9915733 , ...,  0.        ,
          0.27524778,  0.52888771],
        [-0.72318247, -0.87293542, -0.91761461, ..., -0.27524778,
          0.        ,  0.27485799],
        [-0.50549638, -0.7052286 , -0.77302438, ..., -0.52888771,
         -0.27485799,  0.        ]],

       [[ 0.        , -0.16201276,  0.17162916, ...,  0.4880894 ,
          0.54085359,  0.53783616],
        [ 0.16201276,  0.        ,  0.32897046, ...,  0.34023738,
          0.39743654,  0.39414587],
        [-0.17162916, -0.32897046,  0.        , ...,  0.63064378,
          0.67718836,  0.6745474 ],
        ...,
        [-0.4880894 , -0.34023738, -0.63064378, ...,  0.        ,
         -0.0615134 , -0.05793652],
        [-0.54085359, -0.39743654, -0.67718836, ...,  0.0615134 ,
          0.        ,  0.00358328],
        [-0.53783616, -0.39414587, -0.6745474 , ...,  0.05793652,
         -0.00358328,  0.        ]]]), 'num': array([8.65411766e-01, 5.01053230e-01, 3.50008200e-06, 1.00098499e-03,
       1.00483123e-03, 9.76945966e-04, 6.88352666e-04, 7.69248792e-06,
       1.00463892e-03, 9.73195878e-04, 9.16960586e-04, 5.22954223e-07,
       1.01881848e-03, 9.27573280e-04])}
{'img': array([[[ 0.        , -0.19701482, -0.24100087, ...,  0.99682502,
          0.94984296,  0.97985985],
        [ 0.19701482,  0.        , -0.04506959, ...,  0.96160079,
          0.99283843,  0.99999629],
        [ 0.24100087,  0.04506959,  0.        , ...,  0.94825422,
          0.99721379,  0.99910299],
        ...,
        [-0.99682502, -0.96160079, -0.94825422, ...,  0.        ,
         -0.387364  , -0.2770721 ],
        [-0.94984296, -0.99283843, -0.99721379, ...,  0.387364  ,
          0.        ,  0.11675815],
        [-0.97985985, -0.99999629, -0.99910299, ...,  0.2770721 ,
         -0.11675815,  0.        ]],

       [[ 0.        , -0.85710871, -0.3884694 , ..., -0.42511508,
          0.33360067,  0.39235057],
        [ 0.85710871,  0.        ,  0.58967838, ...,  0.55681088,
          0.97985836,  0.99049583],
        [ 0.3884694 , -0.58967838,  0.        , ..., -0.04010831,
          0.67361594,  0.71885627],
        ...,
        [ 0.42511508, -0.55681088,  0.04010831, ...,  0.        ,
          0.70271722,  0.74615948],
        [-0.33360067, -0.97985836, -0.67361594, ..., -0.70271722,
          0.        ,  0.06302341],
        [-0.39235057, -0.99049583, -0.71885627, ..., -0.74615948,
         -0.06302341,  0.        ]],

       [[ 0.        ,  0.01481652, -0.02501848, ...,  0.9968945 ,
          0.97071654,  0.83697039],
        [-0.01481652,  0.        , -0.03982761, ...,  0.99795185,
          0.97416932,  0.84498682],
        [ 0.02501848,  0.03982761,  0.        , ...,  0.99461229,
          0.96440256,  0.82301709],
        ...,
        [-0.9968945 , -0.99795185, -0.99461229, ...,  0.        ,
          0.16303914,  0.47963838],
        [-0.97071654, -0.97416932, -0.96440256, ..., -0.16303914,
          0.        ,  0.33015928],
        [-0.83697039, -0.84498682, -0.82301709, ..., -0.47963838,
         -0.33015928,  0.        ]],

       ...,

       [[ 0.        ,  0.07755476, -0.14977608, ..., -0.62841116,
         -0.8742403 , -0.91230016],
        [-0.07755476,  0.        , -0.22600491, ..., -0.68684685,
         -0.9092595 , -0.94131279],
        [ 0.14977608,  0.22600491,  0.        , ..., -0.50481462,
         -0.79166351, -0.84067273],
        ...,
        [ 0.62841116,  0.68684685,  0.50481462, ...,  0.        ,
         -0.37496573, -0.45231298],
        [ 0.8742403 ,  0.9092595 ,  0.79166351, ...,  0.37496573,
          0.        , -0.08489496],
        [ 0.91230016,  0.94131279,  0.84067273, ...,  0.45231298,
          0.08489496,  0.        ]],

       [[ 0.        ,  0.09954603,  0.17085457, ...,  0.91914328,
          0.8675607 ,  0.69967561],
        [-0.09954603,  0.        ,  0.07192359, ...,  0.95379137,
          0.91275885,  0.76732201],
        [-0.17085457, -0.07192359,  0.        , ...,  0.97293205,
          0.93977564,  0.81145663],
        ...,
        [-0.91914328, -0.95379137, -0.97293205, ...,  0.        ,
          0.11536629,  0.38107314],
        [-0.8675607 , -0.91275885, -0.93977564, ..., -0.11536629,
          0.        ,  0.27186742],
        [-0.69967561, -0.76732201, -0.81145663, ..., -0.38107314,
         -0.27186742,  0.        ]],

       [[ 0.        ,  0.32897046,  0.45509118, ...,  0.39743654,
          0.39414587,  0.31515156],
        [-0.32897046,  0.        ,  0.13683086, ...,  0.67718836,
          0.6745474 ,  0.60981687],
        [-0.45509118, -0.13683086,  0.        , ...,  0.77150049,
          0.76921575,  0.71252544],
        ...,
        [-0.39743654, -0.67718836, -0.77150049, ...,  0.        ,
          0.00358328,  0.08799129],
        [-0.39414587, -0.6745474 , -0.76921575, ..., -0.00358328,
          0.        ,  0.08442135],
        [-0.31515156, -0.60981687, -0.71252544, ..., -0.08799129,
         -0.08442135,  0.        ]]]), 'num': array([8.75868162e-01, 4.82541564e-01, 3.73884598e-06, 1.01898082e-03,
       1.04319615e-03, 1.00638885e-03, 8.15707708e-04, 1.06547424e-05,
       1.01549381e-03, 9.83917033e-04, 9.26026266e-04, 5.94376127e-07,
       1.03019038e-03, 9.37643684e-04])}
{'img': array([[[ 0.        , -0.04506959, -0.26990821, ...,  0.99283843,
          0.99999629,  0.97956706],
        [ 0.04506959,  0.        , -0.22623706, ...,  0.99721379,
          0.99910299,  0.96950737],
        [ 0.26990821,  0.22623706,  0.        , ...,  0.98823482,
          0.96361819,  0.88892811],
        ...,
        [-0.99283843, -0.99721379, -0.98823482, ...,  0.        ,
          0.11675815,  0.31670132],
        [-0.99999629, -0.99910299, -0.96361819, ..., -0.11675815,
          0.        ,  0.20378713],
        [-0.97956706, -0.96950737, -0.88892811, ..., -0.31670132,
         -0.20378713,  0.        ]],

       [[ 0.        ,  0.58967838,  0.90503222, ...,  0.97985836,
          0.99049583,  0.99832972],
        [-0.58967838,  0.        ,  0.98175414, ...,  0.67361594,
          0.71885627,  0.84035698],
        [-0.90503222, -0.98175414,  0.        , ..., -0.59750516,
         -0.54578108, -0.37234567],
        ...,
        [-0.97985836, -0.67361594,  0.59750516, ...,  0.        ,
          0.06302341,  0.25597005],
        [-0.99049583, -0.71885627,  0.54578108, ..., -0.06302341,
          0.        ,  0.19453742],
        [-0.99832972, -0.84035698,  0.37234567, ..., -0.25597005,
         -0.19453742,  0.        ]],

       [[ 0.        , -0.03935651, -0.13993193, ...,  0.9898366 ,
          0.95455274,  0.83952365],
        [ 0.03935651,  0.        , -0.10085423, ...,  0.98347284,
          0.94208328,  0.81748991],
        [ 0.13993193,  0.10085423,  0.        , ...,  0.96019809,
          0.90345541,  0.75523543],
        ...,
        [-0.9898366 , -0.98347284, -0.96019809, ...,  0.        ,
          0.1592666 ,  0.418413  ],
        [-0.95455274, -0.94208328, -0.90345541, ..., -0.1592666 ,
          0.        ,  0.26841723],
        [-0.83952365, -0.81748991, -0.75523543, ..., -0.418413  ,
         -0.26841723,  0.        ]],

       ...,

       [[ 0.        , -0.22600491, -0.55854128, ..., -0.9092595 ,
         -0.94131279, -0.75083282],
        [ 0.22600491,  0.        , -0.35662386, ..., -0.79166351,
         -0.84067273, -0.5821314 ],
        [ 0.55854128,  0.35662386,  0.        , ..., -0.52172812,
         -0.59226953, -0.25388614],
        ...,
        [ 0.9092595 ,  0.79166351,  0.52172812, ...,  0.        ,
         -0.08489496,  0.28803997],
        [ 0.94131279,  0.84067273,  0.59226953, ...,  0.08489496,
          0.        ,  0.36829709],
        [ 0.75083282,  0.5821314 ,  0.25388614, ..., -0.28803997,
         -0.36829709,  0.        ]],

       [[ 0.        ,  0.07071033,  0.09308786, ...,  0.96135626,
          0.92956616,  0.75906074],
        [-0.07071033,  0.        ,  0.02245156, ...,  0.97841696,
          0.95330709,  0.80319455],
        [-0.09308786, -0.02245156,  0.        , ...,  0.98280973,
          0.95984723,  0.81636686],
        ...,
        [-0.96135626, -0.97841696, -0.98280973, ...,  0.        ,
          0.09849272,  0.41688698],
        [-0.92956616, -0.95330709, -0.95984723, ..., -0.09849272,
          0.        ,  0.3253342 ],
        [-0.75906074, -0.80319455, -0.81636686, ..., -0.41688698,
         -0.3253342 ,  0.        ]],

       [[ 0.        ,  0.32833371,  0.46467761, ...,  0.39950615,
          0.31951095,  0.22194656],
        [-0.32833371,  0.        ,  0.1481838 , ...,  0.67835178,
          0.61292115,  0.52978692],
        [-0.46467761, -0.1481838 ,  0.        , ...,  0.77973883,
          0.72324095,  0.64961723],
        ...,
        [-0.39950615, -0.67835178, -0.77973883, ...,  0.        ,
          0.08565963,  0.18607682],
        [-0.31951095, -0.61292115, -0.72324095, ..., -0.08565963,
          0.        ,  0.10122928],
        [-0.22194656, -0.52978692, -0.64961723, ..., -0.18607682,
         -0.10122928,  0.        ]]]), 'num': array([ 7.51050592e-01,  6.60240049e-01,  8.83371040e-07,  8.56703235e-04,
        8.90871360e-04,  8.50036284e-04,  5.28655899e-04, -2.00008537e-05,
        8.68203726e-04,  8.48952904e-04,  7.98672980e-04,  4.16684453e-07,
        8.84882993e-04,  8.13022815e-04])}
{'img': array([[[ 0.        , -0.22623706,  0.05610289, ...,  0.99910299,
          0.96950737,  0.9901482 ],
        [ 0.22623706,  0.        ,  0.280529  , ...,  0.96361819,
          0.88892811,  0.99615438],
        [-0.05610289, -0.280529  ,  0.        , ...,  0.99990515,
          0.98172909,  0.980733  ],
        ...,
        [-0.99910299, -0.96361819, -0.99990515, ...,  0.        ,
          0.20378713, -0.18182699],
        [-0.96950737, -0.88892811, -0.98172909, ..., -0.20378713,
          0.        , -0.3784015 ],
        [-0.9901482 , -0.99615438, -0.980733  , ...,  0.18182699,
          0.3784015 ,  0.        ]],

       [[ 0.        ,  0.99867994,  0.48428493, ...,  0.79346733,
          0.90122322,  0.7028653 ],
        [-0.99867994,  0.        , -0.84888008, ..., -0.56705294,
         -0.38649173, -0.67428126],
        [-0.48428493,  0.84888008,  0.        , ...,  0.39947074,
          0.57862214,  0.27046112],
        ...,
        [-0.79346733,  0.56705294, -0.39947074, ...,  0.        ,
          0.20464286, -0.13663869],
        [-0.90122322,  0.38649173, -0.57862214, ..., -0.20464286,
          0.        , -0.33647047],
        [-0.7028653 ,  0.67428126, -0.27046112, ...,  0.13663869,
          0.33647047,  0.        ]],

       [[ 0.        , -0.10085423, -0.09015545, ...,  0.94208328,
          0.81748991,  0.97017389],
        [ 0.10085423,  0.        ,  0.01074776, ...,  0.90345541,
          0.75523543,  0.9407791 ],
        [ 0.09015545, -0.01074776,  0.        , ...,  0.9080106 ,
          0.76223646,  0.94436847],
        ...,
        [-0.94208328, -0.90345541, -0.9080106 , ...,  0.        ,
          0.26841723, -0.09700552],
        [-0.81748991, -0.75523543, -0.76223646, ..., -0.26841723,
          0.        , -0.36059701],
        [-0.97017389, -0.9407791 , -0.94436847, ...,  0.09700552,
          0.36059701,  0.        ]],

       ...,

       [[ 0.        , -0.35662386, -0.201535  , ..., -0.84067273,
         -0.5821314 , -0.95017206],
        [ 0.35662386,  0.        ,  0.16102273, ..., -0.59226953,
         -0.25388614, -0.7765275 ],
        [ 0.201535  , -0.16102273,  0.        , ..., -0.71428326,
         -0.40631978, -0.8678521 ],
        ...,
        [ 0.84067273,  0.59226953,  0.71428326, ...,  0.        ,
          0.36829709, -0.25250003],
        [ 0.5821314 ,  0.25388614,  0.40631978, ..., -0.36829709,
          0.        , -0.59111445],
        [ 0.95017206,  0.7765275 ,  0.8678521 , ...,  0.25250003,
          0.59111445,  0.        ]],

       [[ 0.        ,  0.02245156,  0.07285238, ...,  0.95330709,
          0.80319455,  0.91319691],
        [-0.02245156,  0.        ,  0.05044212, ...,  0.95984723,
          0.81636686,  0.92211615],
        [-0.07285238, -0.05044212,  0.        , ...,  0.97277551,
          0.84445963,  0.94045901],
        ...,
        [-0.95330709, -0.95984723, -0.97277551, ...,  0.        ,
          0.3253342 ,  0.1127025 ],
        [-0.80319455, -0.81636686, -0.84445963, ..., -0.3253342 ,
          0.        , -0.21669005],
        [-0.91319691, -0.92211615, -0.94045901, ..., -0.1127025 ,
          0.21669005,  0.        ]],

       [[ 0.        ,  0.3401894 ,  0.48036806, ...,  0.41435013,
          0.34702791,  0.        ],
        [-0.3401894 ,  0.        ,  0.15334854, ...,  0.69924936,
          0.64537836,  0.3401894 ],
        [-0.48036806, -0.15334854,  0.        , ...,  0.80060423,
          0.75488222,  0.48036806],
        ...,
        [-0.41435013, -0.69924936, -0.80060423, ...,  0.        ,
          0.07276406,  0.41435013],
        [-0.34702791, -0.64537836, -0.75488222, ..., -0.07276406,
          0.        ,  0.34702791],
        [-0.        , -0.3401894 , -0.48036806, ..., -0.41435013,
         -0.34702791,  0.        ]]]), 'num': array([7.22281664e-01, 6.91595113e-01, 2.96488416e-07, 8.29366244e-04,
       8.34174164e-04, 8.17346443e-04, 2.39121914e-04, 5.60924030e-06,
       8.31609940e-04, 8.17106047e-04, 7.69975073e-04, 4.74250637e-07,
       8.52082910e-04, 7.82129184e-04])}
{'img': array([[[ 0.        ,  0.280529  ,  0.14472791, ...,  0.88892811,
          0.99615438,  0.98361788],
        [-0.280529  ,  0.        , -0.13865901, ...,  0.98172909,
          0.980733  ,  0.99469111],
        [-0.14472791,  0.13865901,  0.        , ...,  0.94586117,
          0.99834675,  0.99935139],
        ...,
        [-0.88892811, -0.98172909, -0.94586117, ...,  0.        ,
         -0.3784015 , -0.29029934],
        [-0.99615438, -0.980733  , -0.99834675, ...,  0.3784015 ,
          0.        ,  0.09339284],
        [-0.98361788, -0.99469111, -0.99935139, ...,  0.29029934,
         -0.09339284,  0.        ]],

       [[ 0.        , -0.84888008, -0.9922746 , ..., -0.38649173,
         -0.67428126, -0.99438897],
