state_0,state_1,state_2,state_3,state_4,state_5,state_6,state_7,state_8,state_9,state_10,state_11,state_12,state_13,state_14,state_15,state_16,state_17,state_18,state_19,state_20,state_21,state_22,state_23,state_24,state_25,state_26,state_27,state_28,state_29,state_30,state_31,state_32,state_33,state_34,state_35,state_36,state_37,state_38,state_39,state_40,state_41,state_42,state_43,state_44,state_45,state_46,state_47,state_48,state_49,state_50,state_51,state_52,state_53,state_54,state_55,state_56,state_57,state_58,state_59,state_60,state_61,state_62,state_63,state_64,state_65,state_66,state_67,state_68,state_69,state_70,state_71,state_72,state_73,state_74,state_75,state_76,state_77,state_78,state_79,state_80,state_81,state_82,state_83,state_84,state_85,state_86,state_87,state_88,state_89,state_90,state_91,state_92,state_93,state_94,state_95,state_96,state_97,state_98,state_99,state_100,state_101,state_102,state_103,state_104,state_105,state_106,state_107,state_108,state_109,state_110,state_111,state_112,state_113,state_114,state_115,state_116,state_117,state_118,state_119,state_120,state_121,state_122,state_123,state_124,state_125,state_126,state_127,state_128,state_129,state_130,state_131,state_132,state_133,state_134,state_135,state_136,state_137,state_138,state_139,state_140,state_141,state_142,state_143,state_144,state_145,state_146,state_147,state_148,state_149,state_150,state_151,state_152,state_153,state_154,state_155,state_156,state_157,state_158,state_159,state_160,state_161,state_162,state_163,state_164,state_165,state_166,state_167,state_168,state_169,state_170,state_171,state_172,state_173,state_174,state_175,state_176,state_177,state_178,state_179,state_180,state_181,state_182,state_183,state_184,state_185,state_186,state_187,state_188,state_189,state_190,state_191,state_192,state_193,state_194,state_195,state_196,state_197,state_198,state_199,state_200,state_201,state_202,state_203,state_204,state_205,state_206,state_207,state_208,state_209,state_210,state_211,state_212,state_213,state_214,state_215,state_216,state_217,state_218,state_219,state_220,state_221,state_222,state_223,state_224,state_225,state_226,state_227,state_228,state_229,state_230,state_231,state_232,state_233,state_234,state_235,state_236,state_237,state_238,state_239,state_240,state_241,state_242,state_243,state_244,state_245,state_246,state_247,state_248,state_249,state_250,state_251,state_252,state_253,state_254,state_255,state_256,state_257,state_258,state_259,state_260,state_261,state_262,state_263,state_264,state_265,state_266,state_267,state_268,state_269,state_270,state_271,state_272,state_273,state_274,state_275,state_276,state_277,state_278,state_279,state_280,state_281,state_282,state_283,state_284,state_285,state_286,state_287
{'img': array([[[ 0.        ,  0.29545387,  0.26586019, ...,  0.64438849,
          0.72196115,  0.86618501],
        [-0.29545387,  0.        , -0.03082957, ...,  0.38968798,
          0.48529619,  0.67987069],
        [-0.26586019,  0.03082957,  0.        , ...,  0.41789514,
          0.51202133,  0.70215582],
        ...,
        [-0.64438849, -0.38968798, -0.41789514, ...,  0.        ,
          0.10620842,  0.34035416],
        [-0.72196115, -0.48529619, -0.51202133, ..., -0.10620842,
          0.        ,  0.23856158],
        [-0.86618501, -0.67987069, -0.70215582, ..., -0.34035416,
         -0.23856158,  0.        ]],

       [[ 0.        ,  0.34242744,  0.14291192, ...,  0.52888503,
          0.25828547, -0.08174605],
        [-0.34242744,  0.        , -0.20464049, ...,  0.20629497,
         -0.08813778, -0.41808543],
        [-0.14291192,  0.20464049,  0.        , ...,  0.40216783,
          0.11757155, -0.22334058],
        ...,
        [-0.52888503, -0.20629497, -0.40216783, ...,  0.        ,
         -0.29173405, -0.59649229],
        [-0.25828547,  0.08813778, -0.11757155, ...,  0.29173405,
          0.        , -0.33639333],
        [ 0.08174605,  0.41808543,  0.22334058, ...,  0.59649229,
          0.33639333,  0.        ]],

       [[ 0.        ,  0.25473724,  0.3572191 , ...,  0.8880257 ,
          0.92940074,  0.95029852],
        [-0.25473724,  0.        ,  0.10750472, ...,  0.7416034 ,
          0.80472367,  0.83963852],
        [-0.3572191 , -0.10750472,  0.        , ...,  0.66518718,
          0.73623983,  0.77638174],
        ...,
        [-0.8880257 , -0.7416034 , -0.66518718, ...,  0.        ,
          0.09958714,  0.16046328],
        [-0.92940074, -0.80472367, -0.73623983, ..., -0.09958714,
          0.        ,  0.06136891],
        [-0.95029852, -0.83963852, -0.77638174, ..., -0.16046328,
         -0.06136891,  0.        ]],

       ...,

       [[ 0.        , -0.01814742,  0.18454077, ..., -0.72025778,
         -0.59079266, -0.43109518],
        [ 0.01814742,  0.        ,  0.20234612, ..., -0.70755019,
         -0.57605361, -0.41464965],
        [-0.18454077, -0.20234612,  0.        , ..., -0.83590439,
         -0.72953753, -0.59020339],
        ...,
        [ 0.72025778,  0.70755019,  0.83590439, ...,  0.        ,
          0.17128413,  0.35083972],
        [ 0.59079266,  0.57605361,  0.72953753, ..., -0.17128413,
          0.        ,  0.18525835],
        [ 0.43109518,  0.41464965,  0.59020339, ..., -0.35083972,
         -0.18525835,  0.        ]],

       [[ 0.        ,  0.2529088 ,  0.32228998, ...,  0.63029364,
          0.65106863,  0.7204758 ],
        [-0.2529088 ,  0.        ,  0.07239854, ...,  0.80615035,
          0.82186502,  0.87244044],
        [-0.32228998, -0.07239854,  0.        , ...,  0.84687382,
          0.86095243,  0.90553361],
        ...,
        [-0.63029364, -0.80615035, -0.84687382, ...,  0.        ,
         -0.02705681, -0.12225023],
        [-0.65106863, -0.82186502, -0.86095243, ...,  0.02705681,
          0.        , -0.09535161],
        [-0.7204758 , -0.87244044, -0.90553361, ...,  0.12225023,
          0.09535161,  0.        ]],

       [[ 0.        , -0.01330252, -0.02397204, ...,  0.44533503,
          0.39112652,  0.38527071],
        [ 0.01330252,  0.        , -0.01067122, ...,  0.45720622,
          0.40333471,  0.39751223],
        [ 0.02397204,  0.01067122,  0.        , ...,  0.46667075,
          0.41307647,  0.40728148],
        ...,
        [-0.44533503, -0.45720622, -0.46667075, ...,  0.        ,
         -0.05965766, -0.06599924],
        [-0.39112652, -0.40333471, -0.41307647, ...,  0.05965766,
          0.        , -0.0063541 ],
        [-0.38527071, -0.39751223, -0.40728148, ...,  0.06599924,
          0.0063541 ,  0.        ]]]), 'num': array([9.86758187e-01, 1.58660209e-01, 1.09827320e-05, 1.43145721e-04,
       1.43905114e-04, 1.41816782e-04, 3.36905661e-02, 1.32893905e-06,
       1.40715661e-04, 1.43031812e-04, 1.44155081e-04, 8.24751402e-08,
       1.50961388e-04, 1.35102235e-04])}
{'img': array([[[ 0.00000000e+00, -3.08295670e-02, -2.49690794e-01, ...,
          4.85296188e-01,  6.79870688e-01,  7.73183838e-01],
        [ 3.08295670e-02,  0.00000000e+00, -2.19719046e-01, ...,
          5.12021332e-01,  7.02155824e-01,  7.92367865e-01],
        [ 2.49690794e-01,  2.19719046e-01,  0.00000000e+00, ...,
          6.88241834e-01,  8.41442460e-01,  9.07043116e-01],
        ...,
        [-4.85296188e-01, -5.12021332e-01, -6.88241834e-01, ...,
          0.00000000e+00,  2.38561583e-01,  3.68267066e-01],
        [-6.79870688e-01, -7.02155824e-01, -8.41442460e-01, ...,
         -2.38561583e-01,  0.00000000e+00,  1.35838742e-01],
        [-7.73183838e-01, -7.92367865e-01, -9.07043116e-01, ...,
         -3.68267066e-01, -1.35838742e-01,  0.00000000e+00]],

       [[ 0.00000000e+00, -2.04640491e-01, -1.88328196e-01, ...,
         -8.81377796e-02, -4.18085434e-01,  5.26572733e-01],
        [ 2.04640491e-01,  0.00000000e+00,  1.66360400e-02, ...,
          1.17571553e-01, -2.23340576e-01,  6.89400019e-01],
        [ 1.88328196e-01, -1.66360400e-02,  0.00000000e+00, ...,
          1.01034623e-01, -2.39525490e-01,  6.77253785e-01],
        ...,
        [ 8.81377796e-02, -1.17571553e-01, -1.01034623e-01, ...,
          0.00000000e+00, -3.36393329e-01,  5.99452044e-01],
        [ 4.18085434e-01,  2.23340576e-01,  2.39525490e-01, ...,
          3.36393329e-01,  0.00000000e+00,  8.33769736e-01],
        [-5.26572733e-01, -6.89400019e-01, -6.77253785e-01, ...,
         -5.99452044e-01, -8.33769736e-01,  0.00000000e+00]],

       [[ 0.00000000e+00,  2.56828391e-01,  3.25643402e-01, ...,
          9.19950923e-01,  9.42809042e-01,  9.69451515e-01],
        [-2.56828391e-01,  0.00000000e+00,  7.18909933e-02, ...,
          7.88407686e-01,  8.25574956e-01,  8.73937582e-01],
        [-3.25643402e-01, -7.18909933e-02,  0.00000000e+00, ...,
          7.42143711e-01,  7.82871230e-01,  8.36734498e-01],
        ...,
        [-9.19950923e-01, -7.88407686e-01, -7.42143711e-01, ...,
          0.00000000e+00,  6.29624612e-02,  1.54409173e-01],
        [-9.42809042e-01, -8.25574956e-01, -7.82871230e-01, ...,
         -6.29624612e-02,  0.00000000e+00,  9.18954572e-02],
        [-9.69451515e-01, -8.73937582e-01, -8.36734498e-01, ...,
         -1.54409173e-01, -9.18954572e-02,  0.00000000e+00]],

       ...,

       [[ 0.00000000e+00,  2.02346119e-01, -5.66475073e-02, ...,
         -5.76053605e-01, -4.14649648e-01, -2.61373994e-01],
        [-2.02346119e-01,  0.00000000e+00, -2.57496901e-01, ...,
         -7.29537530e-01, -5.90203386e-01, -4.51279314e-01],
        [ 5.66475073e-02,  2.57496901e-01,  0.00000000e+00, ...,
         -5.28824254e-01, -3.62435658e-01, -2.06275986e-01],
        ...,
        [ 5.76053605e-01,  7.29537530e-01,  5.28824254e-01, ...,
          0.00000000e+00,  1.85258350e-01,  3.42378385e-01],
        [ 4.14649648e-01,  5.90203386e-01,  3.62435658e-01, ...,
         -1.85258350e-01,  0.00000000e+00,  1.62390029e-01],
        [ 2.61373994e-01,  4.51279314e-01,  2.06275986e-01, ...,
         -3.42378385e-01, -1.62390029e-01,  0.00000000e+00]],

       [[ 0.00000000e+00,  2.04787928e-01,  2.22675146e-01, ...,
          6.55682174e-01,  7.25316753e-01,  7.75927692e-01],
        [-2.04787928e-01,  0.00000000e+00,  1.83095944e-02, ...,
          7.96408352e-01,  8.50923796e-01,  8.88667666e-01],
        [-2.22675146e-01, -1.83095944e-02,  0.00000000e+00, ...,
          8.07347743e-01,  8.60398983e-01,  8.96914593e-01],
        ...,
        [-6.55682174e-01, -7.96408352e-01, -8.07347743e-01, ...,
          0.00000000e+00, -9.62593598e-02, -1.72235476e-01],
        [-7.25316753e-01, -8.50923796e-01, -8.60398983e-01, ...,
          9.62593598e-02,  0.00000000e+00, -7.66148225e-02],
        [-7.75927692e-01, -8.88667666e-01, -8.96914593e-01, ...,
          1.72235476e-01,  7.66148225e-02,  0.00000000e+00]],

       [[ 0.00000000e+00, -1.06712212e-02, -4.61965467e-03, ...,
          4.03334707e-01,  3.97512231e-01,  4.03692211e-01],
        [ 1.06712212e-02,  0.00000000e+00,  6.05171573e-03, ...,
          4.13076469e-01,  4.07281476e-01,  4.13432270e-01],
        [ 4.61965467e-03, -6.05171573e-03,  0.00000000e+00, ...,
          4.07557630e-01,  4.01746970e-01,  4.07914401e-01],
        ...,
        [-4.03334707e-01, -4.13076469e-01, -4.07557630e-01, ...,
          0.00000000e+00, -6.35409836e-03,  3.90725805e-04],
        [-3.97512231e-01, -4.07281476e-01, -4.01746970e-01, ...,
          6.35409836e-03,  0.00000000e+00,  6.74481579e-03],
        [-4.03692211e-01, -4.13432270e-01, -4.07914401e-01, ...,
         -3.90725805e-04, -6.74481579e-03,  0.00000000e+00]]]), 'num': array([ 7.00415850e-01,  7.00415850e-01,  0.00000000e+00,  8.42072988e-04,
        8.48818566e-04,  8.38700199e-04,  1.37220875e-01, -5.62131501e-06,
        8.35327410e-04,  8.44771220e-04,  8.54327455e-04,  4.96549492e-07,
        8.88007282e-04,  8.01535157e-04])}
{'img': array([[[ 0.        , -0.21971905, -0.61770772, ...,  0.70215582,
          0.79236787,  0.72942543],
        [ 0.21971905,  0.        , -0.42982415, ...,  0.84144246,
          0.90704312,  0.86190169],
        [ 0.61770772,  0.42982415,  0.        , ...,  0.99200309,
          0.99995287,  0.99617517],
        ...,
        [-0.70215582, -0.84144246, -0.99200309, ...,  0.        ,
          0.13583874,  0.03905097],
        [-0.79236787, -0.90704312, -0.99995287, ..., -0.13583874,
          0.        , -0.09704613],
        [-0.72942543, -0.86190169, -0.99617517, ..., -0.03905097,
          0.09704613,  0.        ]],

       [[ 0.        ,  0.01663604, -0.1319395 , ..., -0.22334058,
          0.68940002,  0.17815814],
        [-0.01663604,  0.        , -0.14841185, ..., -0.23952549,
          0.67725378,  0.16176359],
        [ 0.1319395 ,  0.14841185,  0.        , ..., -0.09278131,
          0.77894757,  0.30642935],
        ...,
        [ 0.22334058,  0.23952549,  0.09278131, ...,  0.        ,
          0.83376974,  0.39342549],
        [-0.68940002, -0.67725378, -0.77894757, ..., -0.83376974,
          0.        , -0.54931657],
        [-0.17815814, -0.16176359, -0.30642935, ..., -0.39342549,
          0.54931657,  0.        ]],

       [[ 0.        ,  0.20540033,  0.25897188, ...,  0.93445671,
          0.96382814,  0.97362717],
        [-0.20540033,  0.        ,  0.05505702, ...,  0.84139397,
          0.88853321,  0.90600647],
        [-0.25897188, -0.05505702,  0.        , ...,  0.81036372,
          0.86192465,  0.88132861],
        ...,
        [-0.93445671, -0.84139397, -0.81036372, ...,  0.        ,
          0.09414117,  0.13349439],
        [-0.96382814, -0.88853321, -0.86192465, ..., -0.09414117,
          0.        ,  0.03960295],
        [-0.97362717, -0.90600647, -0.88132861, ..., -0.13349439,
         -0.03960295,  0.        ]],

       ...,

       [[ 0.        , -0.2574969 , -0.17008644, ..., -0.59020339,
         -0.45127931, -0.43073123],
        [ 0.2574969 ,  0.        ,  0.08939397, ..., -0.36243566,
         -0.20627599, -0.18382072],
        [ 0.17008644, -0.08939397,  0.        , ..., -0.44430056,
         -0.29292158, -0.27095545],
        ...,
        [ 0.59020339,  0.36243566,  0.44430056, ...,  0.        ,
          0.16239003,  0.18493715],
        [ 0.45127931,  0.20627599,  0.29292158, ..., -0.16239003,
          0.        ,  0.02289355],
        [ 0.43073123,  0.18382072,  0.27095545, ..., -0.18493715,
         -0.02289355,  0.        ]],

       [[ 0.        ,  0.08885673,  0.08885673, ...,  0.72846961,
          0.7791256 ,  0.85440145],
        [-0.08885673,  0.        ,  0.        , ...,  0.78646189,
          0.83174513,  0.89719294],
        [-0.08885673,  0.        ,  0.        , ...,  0.78646189,
          0.83174513,  0.89719294],
        ...,
        [-0.72846961, -0.78646189, -0.78646189, ...,  0.        ,
         -0.07710773, -0.2068091 ],
        [-0.7791256 , -0.83174513, -0.83174513, ...,  0.07710773,
          0.        , -0.13075263],
        [-0.85440145, -0.89719294, -0.89719294, ...,  0.2068091 ,
          0.13075263,  0.        ]],

       [[ 0.        ,  0.00605172,  0.00605172, ...,  0.40728148,
          0.41343227,  0.44160839],
        [-0.00605172,  0.        ,  0.        , ...,  0.40174697,
          0.4079144 ,  0.43617066],
        [-0.00605172,  0.        ,  0.        , ...,  0.40174697,
          0.4079144 ,  0.43617066],
        ...,
        [-0.40728148, -0.40174697, -0.40174697, ...,  0.        ,
          0.00674482,  0.03790597],
        [-0.41343227, -0.4079144 , -0.4079144 , ..., -0.00674482,
          0.        ,  0.03116514],
        [-0.44160839, -0.43617066, -0.43617066, ..., -0.03790597,
         -0.03116514,  0.        ]]]), 'num': array([ 7.57615198e-01,  6.29995854e-01,  1.73160575e-06,  8.98727775e-04,
        9.08483300e-04,  8.91411131e-04,  1.70639443e-01, -1.46332881e-05,
        9.07751636e-04,  9.13117175e-04,  9.27140743e-04,  4.78395956e-07,
        9.55546701e-04,  8.70687648e-04])}
{'img': array([[[ 0.00000000e+00, -4.29824148e-01,  1.88299652e-01, ...,
          9.07043116e-01,  8.61901686e-01,  7.17606093e-01],
        [ 4.29824148e-01,  0.00000000e+00,  5.92153425e-01, ...,
          9.99952869e-01,  9.96175172e-01,  9.47286285e-01],
        [-1.88299652e-01, -5.92153425e-01,  0.00000000e+00, ...,
          8.11536326e-01,  7.51001538e-01,  5.73628142e-01],
        ...,
        [-9.07043116e-01, -9.99952869e-01, -8.11536326e-01, ...,
          0.00000000e+00, -9.70461262e-02, -3.29570204e-01],
        [-8.61901686e-01, -9.96175172e-01, -7.51001538e-01, ...,
          9.70461262e-02,  0.00000000e+00, -2.36390331e-01],
        [-7.17606093e-01, -9.47286285e-01, -5.73628142e-01, ...,
          3.29570204e-01,  2.36390331e-01,  0.00000000e+00]],

       [[ 0.00000000e+00, -1.48411847e-01,  1.29808814e-01, ...,
          6.77253785e-01,  1.61763586e-01,  3.62216678e-01],
        [ 1.48411847e-01,  0.00000000e+00,  2.75527405e-01, ...,
          7.78947574e-01,  3.06429353e-01,  4.96539141e-01],
        [-1.29808814e-01, -2.75527405e-01,  0.00000000e+00, ...,
          5.76016801e-01,  3.22957390e-02,  2.38157972e-01],
        ...,
        [-6.77253785e-01, -7.78947574e-01, -5.76016801e-01, ...,
          0.00000000e+00, -5.49316566e-01, -3.64763400e-01],
        [-1.61763586e-01, -3.06429353e-01, -3.22957390e-02, ...,
          5.49316566e-01,  0.00000000e+00,  2.06667263e-01],
        [-3.62216678e-01, -4.96539141e-01, -2.38157972e-01, ...,
          3.64763400e-01, -2.06667263e-01,  0.00000000e+00]],

       [[ 0.00000000e+00,  1.60296155e-01,  2.75828392e-01, ...,
          9.59949696e-01,  9.70430847e-01,  9.77441378e-01],
        [-1.60296155e-01,  0.00000000e+00,  1.18183876e-01, ...,
          9.02625993e-01,  9.19189997e-01,  9.30946396e-01],
        [-2.75828392e-01, -1.18183876e-01,  0.00000000e+00, ...,
          8.45430762e-01,  8.66205556e-01,  8.81266534e-01],
        ...,
        [-9.59949696e-01, -9.02625993e-01, -8.45430762e-01, ...,
          0.00000000e+00,  4.01759572e-02,  7.11041140e-02],
        [-9.70430847e-01, -9.19189997e-01, -8.66205556e-01, ...,
         -4.01759572e-02,  0.00000000e+00,  3.09724382e-02],
        [-9.77441378e-01, -9.30946396e-01, -8.81266534e-01, ...,
         -7.11041140e-02, -3.09724382e-02,  0.00000000e+00]],

       ...,

       [[ 0.00000000e+00,  8.93939707e-02,  2.61829147e-01, ...,
         -2.06275986e-01, -1.83820723e-01, -3.35303787e-01],
        [-8.93939707e-02,  0.00000000e+00,  1.74505479e-01, ...,
         -2.92921579e-01, -2.70955447e-01, -4.18180305e-01],
        [-2.61829147e-01, -1.74505479e-01,  0.00000000e+00, ...,
         -4.55278103e-01, -4.34775521e-01, -5.70278334e-01],
        ...,
        [ 2.06275986e-01,  2.92921579e-01,  4.55278103e-01, ...,
          0.00000000e+00,  2.28935516e-02, -1.33758011e-01],
        [ 1.83820723e-01,  2.70955447e-01,  4.34775521e-01, ...,
         -2.28935516e-02,  0.00000000e+00, -1.56410785e-01],
        [ 3.35303787e-01,  4.18180305e-01,  5.70278334e-01, ...,
          1.33758011e-01,  1.56410785e-01,  0.00000000e+00]],

       [[ 0.00000000e+00,  0.00000000e+00,  1.82443112e-01, ...,
          7.79719962e-01,  8.54979680e-01,  9.19997794e-01],
        [ 0.00000000e+00,  0.00000000e+00,  1.82443112e-01, ...,
          7.79719962e-01,  8.54979680e-01,  9.19997794e-01],
        [-1.82443112e-01, -1.82443112e-01,  0.00000000e+00, ...,
          8.80866278e-01,  9.35256270e-01,  9.76060679e-01],
        ...,
        [-7.79719962e-01, -7.79719962e-01, -8.80866278e-01, ...,
          0.00000000e+00, -1.30916343e-01, -2.70446146e-01],
        [-8.54979680e-01, -8.54979680e-01, -9.35256270e-01, ...,
          1.30916343e-01,  0.00000000e+00, -1.42080770e-01],
        [-9.19997794e-01, -9.19997794e-01, -9.76060679e-01, ...,
          2.70446146e-01,  1.42080770e-01,  0.00000000e+00]],

       [[ 0.00000000e+00,  0.00000000e+00, -8.69546683e-04, ...,
          4.07914401e-01,  4.36170656e-01,  4.58633389e-01],
        [ 0.00000000e+00,  0.00000000e+00, -8.69546683e-04, ...,
          4.07914401e-01,  4.36170656e-01,  4.58633389e-01],
        [ 8.69546683e-04,  8.69546683e-04,  0.00000000e+00, ...,
          4.08708161e-01,  4.36952965e-01,  4.59405917e-01],
        ...,
        [-4.07914401e-01, -4.07914401e-01, -4.08708161e-01, ...,
          0.00000000e+00,  3.11651376e-02,  5.62583670e-02],
        [-4.36170656e-01, -4.36170656e-01, -4.36952965e-01, ...,
         -3.11651376e-02,  0.00000000e+00,  2.51152598e-02],
        [-4.58633389e-01, -4.58633389e-01, -4.59405917e-01, ...,
         -5.62583670e-02, -2.51152598e-02,  0.00000000e+00]]]), 'num': array([7.79286610e-01, 6.15660531e-01, 2.22016390e-06, 9.24441127e-04,
       9.30712776e-04, 9.16915148e-04, 1.16908124e-01, 0.00000000e+00,
       9.34224900e-04, 9.36608127e-04, 9.54294178e-04, 5.28684498e-07,
       9.77028701e-04, 8.96187553e-04])}
{'img': array([[[ 0.00000000e+00,  5.92153425e-01,  9.96175172e-01, ...,
          9.96175172e-01,  9.47286285e-01,  9.47286285e-01],
        [-5.92153425e-01,  0.00000000e+00,  7.51001538e-01, ...,
          7.51001538e-01,  5.73628142e-01,  5.73628142e-01],
        [-9.96175172e-01, -7.51001538e-01,  0.00000000e+00, ...,
          0.00000000e+00, -2.36390331e-01, -2.36390331e-01],
        ...,
        [-9.96175172e-01, -7.51001538e-01,  0.00000000e+00, ...,
          0.00000000e+00, -2.36390331e-01, -2.36390331e-01],
        [-9.47286285e-01, -5.73628142e-01,  2.36390331e-01, ...,
          2.36390331e-01,  0.00000000e+00,  0.00000000e+00],
        [-9.47286285e-01, -5.73628142e-01,  2.36390331e-01, ...,
          2.36390331e-01,  0.00000000e+00,  0.00000000e+00]],

       [[ 0.00000000e+00,  2.75527405e-01,  9.49758034e-01, ...,
          3.06429353e-01,  4.96539141e-01, -1.90022776e-01],
        [-2.75527405e-01,  0.00000000e+00,  9.99231930e-01, ...,
          3.22957390e-02,  2.38157972e-01, -4.53174814e-01],
        [-9.49758034e-01, -9.99231930e-01,  0.00000000e+00, ...,
         -9.99976231e-01, -9.79812942e-01, -8.72978842e-01],
        ...,
        [-3.06429353e-01, -3.22957390e-02,  9.99976231e-01, ...,
          0.00000000e+00,  2.06667263e-01, -4.81727539e-01],
        [-4.96539141e-01, -2.38157972e-01,  9.79812942e-01, ...,
         -2.06667263e-01,  0.00000000e+00, -6.52434533e-01],
        [ 1.90022776e-01,  4.53174814e-01,  8.72978842e-01, ...,
          4.81727539e-01,  6.52434533e-01,  0.00000000e+00]],

       [[ 0.00000000e+00,  2.26678533e-01,  5.69305847e-01, ...,
          9.68385696e-01,  9.75704893e-01,  9.77612770e-01],
        [-2.26678533e-01,  0.00000000e+00,  3.68128332e-01, ...,
          8.86631553e-01,  9.00644176e-01,  9.04469232e-01],
        [-5.69305847e-01, -3.68128332e-01,  0.00000000e+00, ...,
          6.54117150e-01,  6.77423566e-01,  6.83931828e-01],
        ...,
        [-9.68385696e-01, -8.86631553e-01, -6.54117150e-01, ...,
          0.00000000e+00,  3.12345063e-02,  4.01129199e-02],
        [-9.75704893e-01, -9.00644176e-01, -6.77423566e-01, ...,
         -3.12345063e-02,  0.00000000e+00,  8.88398088e-03],
        [-9.77612770e-01, -9.04469232e-01, -6.83931828e-01, ...,
         -4.01129199e-02, -8.88398088e-03,  0.00000000e+00]],

       ...,

       [[ 0.00000000e+00,  1.74505479e-01,  4.82523107e-01, ...,
         -2.70955447e-01, -4.18180305e-01, -3.31861092e-01],
        [-1.74505479e-01,  0.00000000e+00,  3.22272945e-01, ...,
         -4.34775521e-01, -5.70278334e-01, -4.91385034e-01],
        [-4.82523107e-01, -3.22272945e-01,  0.00000000e+00, ...,
         -7.01798164e-01, -8.04583761e-01, -7.45849254e-01],
        ...,
        [ 2.70955447e-01,  4.34775521e-01,  7.01798164e-01, ...,
          0.00000000e+00, -1.56410785e-01, -6.38468641e-02],
        [ 4.18180305e-01,  5.70278334e-01,  8.04583761e-01, ...,
          1.56410785e-01,  0.00000000e+00,  9.30306188e-02],
        [ 3.31861092e-01,  4.91385034e-01,  7.45849254e-01, ...,
          6.38468641e-02, -9.30306188e-02,  0.00000000e+00]],

       [[ 0.00000000e+00,  1.82443112e-01,  7.05921363e-01, ...,
          8.54979680e-01,  9.19997794e-01,  9.54742618e-01],
        [-1.82443112e-01,  0.00000000e+00,  5.64850798e-01, ...,
          9.35256270e-01,  9.76060679e-01,  9.92983257e-01],
        [-7.05921363e-01, -5.64850798e-01,  0.00000000e+00, ...,
          9.71707971e-01,  9.28292633e-01,  8.86199333e-01],
        ...,
        [-8.54979680e-01, -9.35256270e-01, -9.71707971e-01, ...,
          0.00000000e+00, -1.42080770e-01, -2.40888856e-01],
        [-9.19997794e-01, -9.76060679e-01, -9.28292633e-01, ...,
          1.42080770e-01,  0.00000000e+00, -1.00548179e-01],
        [-9.54742618e-01, -9.92983257e-01, -8.86199333e-01, ...,
          2.40888856e-01,  1.00548179e-01,  0.00000000e+00]],

       [[ 0.00000000e+00, -8.69546683e-04, -3.00582426e-01, ...,
          4.36170656e-01,  4.58633389e-01,  4.68425396e-01],
        [ 8.69546683e-04,  0.00000000e+00, -2.99752977e-01, ...,
          4.36952965e-01,  4.59405917e-01,  4.69193466e-01],
        [ 3.00582426e-01,  2.99752977e-01,  0.00000000e+00, ...,
          6.86483605e-01,  7.04529505e-01,  7.12328949e-01],
        ...,
        [-4.36170656e-01, -4.36952965e-01, -6.86483605e-01, ...,
          0.00000000e+00,  2.51152598e-02,  3.61610278e-02],
        [-4.58633389e-01, -4.59405917e-01, -7.04529505e-01, ...,
         -2.51152598e-02,  0.00000000e+00,  1.10507874e-02],
        [-4.68425396e-01, -4.69193466e-01, -7.12328949e-01, ...,
         -3.61610278e-02, -1.10507874e-02,  0.00000000e+00]]]), 'num': array([8.61608682e-01, 4.85394510e-01, 5.02960123e-06, 1.03072376e-03,
       1.03210173e-03, 1.02245592e-03, 1.48371666e-01, 1.51577024e-05,
       1.02658984e-03, 1.02720993e-03, 1.04941826e-03, 6.72711200e-07,
       1.06841547e-03, 9.86004390e-04])}
{'img': array([[[ 0.        ,  0.9789081 ,  0.99298033, ...,  0.88668938,
          0.88668938,  0.97417219],
        [-0.9789081 ,  0.        ,  0.08708212, ..., -0.27146183,
         -0.27146183, -0.02201934],
        [-0.99298033, -0.08708212,  0.        , ..., -0.3542427 ,
         -0.3542427 , -0.1089967 ],
        ...,
        [-0.88668938,  0.27146183,  0.3542427 , ...,  0.        ,
          0.        ,  0.25020352],
        [-0.88668938,  0.27146183,  0.3542427 , ...,  0.        ,
          0.        ,  0.25020352],
        [-0.97417219,  0.02201934,  0.1089967 , ..., -0.25020352,
         -0.25020352,  0.        ]],

       [[ 0.        ,  0.99923193,  0.84876224, ...,  0.23815797,
         -0.45317481, -0.16994447],
        [-0.99923193,  0.        , -0.56162821, ..., -0.97981294,
         -0.87297884, -0.97803728],
        [-0.84876224,  0.56162821,  0.        , ..., -0.69840842,
         -0.99623242, -0.92627817],
        ...,
        [-0.23815797,  0.97981294,  0.69840842, ...,  0.        ,
         -0.65243453, -0.3997482 ],
        [ 0.45317481,  0.87297884,  0.99623242, ...,  0.65243453,
          0.        ,  0.29509059],
        [ 0.16994447,  0.97803728,  0.92627817, ...,  0.3997482 ,
         -0.29509059,  0.        ]],

       [[ 0.        ,  0.53293871,  0.74206343, ...,  0.9719555 ,
          0.97404054,  0.97505167],
        [-0.53293871,  0.        ,  0.27065519, ...,  0.69709544,
          0.70354488,  0.70674304],
        [-0.74206343, -0.27065519,  0.        , ...,  0.47702339,
          0.48494469,  0.48888429],
        ...,
        [-0.9719555 , -0.69709544, -0.47702339, ...,  0.        ,
          0.00903499,  0.01354511],
        [-0.97404054, -0.70354488, -0.48494469, ..., -0.00903499,
          0.        ,  0.00451039],
        [-0.97505167, -0.70674304, -0.48888429, ..., -0.01354511,
         -0.00451039,  0.        ]],

       ...,

       [[ 0.        ,  0.32227295,  0.7794233 , ..., -0.57027833,
         -0.49138503, -0.29797043],
        [-0.32227295,  0.        ,  0.53593532, ..., -0.80458376,
         -0.74584925, -0.58970648],
        [-0.7794233 , -0.53593532,  0.        , ..., -0.99753651,
         -0.98668441, -0.93069585],
        ...,
        [ 0.57027833,  0.80458376,  0.99753651, ...,  0.        ,
          0.09303062,  0.29960524],
        [ 0.49138503,  0.74584925,  0.98668441, ..., -0.09303062,
          0.        ,  0.20954883],
        [ 0.29797043,  0.58970648,  0.93069585, ..., -0.29960524,
         -0.20954883,  0.        ]],

       [[ 0.        ,  0.69111255,  0.85238381, ...,  0.92217307,
          0.95657462,  0.97581535],
        [-0.69111255,  0.        ,  0.25466371, ...,  0.93380474,
          0.89281229,  0.8563425 ],
        [-0.85238381, -0.25466371,  0.        , ...,  0.81190255,
          0.74866808,  0.69659817],
        ...,
        [-0.92217307, -0.93380474, -0.81190255, ...,  0.        ,
         -0.10117957, -0.17583968],
        [-0.95657462, -0.89281229, -0.74866808, ...,  0.10117957,
          0.        , -0.07533423],
        [-0.97581535, -0.8563425 , -0.69659817, ...,  0.17583968,
          0.07533423,  0.        ]],

       [[ 0.        , -0.29975298, -0.5725503 , ...,  0.45940592,
          0.46919347,  0.49125185],
        [ 0.29975298,  0.        , -0.30046428, ...,  0.7045295 ,
          0.71232895,  0.72975265],
        [ 0.5725503 ,  0.30046428,  0.        , ...,  0.88520726,
          0.890294  ,  0.90146383],
        ...,
        [-0.45940592, -0.7045295 , -0.88520726, ...,  0.        ,
          0.01105079,  0.03619225],
        [-0.46919347, -0.71232895, -0.890294  , ..., -0.01105079,
          0.        ,  0.02514649],
        [-0.49125185, -0.72975265, -0.90146383, ..., -0.03619225,
         -0.02514649,  0.        ]]]), 'num': array([7.58162453e-01, 6.30847434e-01, 1.69753359e-06, 9.09392992e-04,
       9.16668136e-04, 9.03330372e-04, 1.64968521e-01, 2.42504798e-06,
       9.02360353e-04, 9.02360353e-04, 9.24185785e-04, 6.57640130e-07,
       9.34837893e-04, 8.69882812e-04])}
{'img': array([[[ 0.        ,  0.08821873, -0.02232729, ..., -0.27590612,
         -0.02232729,  0.0222168 ],
        [-0.08821873,  0.        , -0.11043698, ..., -0.35962488,
         -0.11043698, -0.06606678],
        [ 0.02232729,  0.11043698,  0.        , ..., -0.25437669,
          0.        ,  0.04453304],
        ...,
        [ 0.27590612,  0.35962488,  0.25437669, ...,  0.        ,
          0.25437669,  0.29719247],
        [ 0.02232729,  0.11043698,  0.        , ..., -0.25437669,
          0.        ,  0.04453304],
        [-0.0222168 ,  0.06606678, -0.04453304, ..., -0.29719247,
         -0.04453304,  0.        ]],

       [[ 0.        , -0.56162821, -0.93127406, ..., -0.87297884,
         -0.97803728, -0.98743244],
        [ 0.56162821,  0.        , -0.56591453, ..., -0.99623242,
         -0.92627817, -0.72823079],
        [ 0.93127406,  0.56591453,  0.        , ..., -0.77227958,
         -0.55042343, -0.21256068],
        ...,
        [ 0.87297884,  0.99623242,  0.77227958, ...,  0.        ,
          0.29509059,  0.61959519],
        [ 0.97803728,  0.92627817,  0.55042343, ..., -0.29509059,
          0.        ,  0.36038122],
        [ 0.98743244,  0.72823079,  0.21256068, ..., -0.61959519,
         -0.36038122,  0.        ]],

       [[ 0.        ,  0.58708705,  0.78908368, ...,  0.94447912,
          0.94612229,  0.93938756],
        [-0.58708705,  0.        ,  0.27814284, ...,  0.57167831,
          0.57580415,  0.5591696 ],
        [-0.78908368, -0.27814284,  0.        , ...,  0.32090968,
          0.3256766 ,  0.30650938],
        ...,
        [-0.94447912, -0.57167831, -0.32090968, ...,  0.        ,
          0.00503742, -0.0151655 ],
        [-0.94612229, -0.57580415, -0.3256766 , ..., -0.00503742,
          0.        , -0.02020215],
        [-0.93938756, -0.5591696 , -0.30650938, ...,  0.0151655 ,
          0.02020215,  0.        ]],

       ...,

       [[ 0.        ,  0.53593532,  0.22930757, ..., -0.74584925,
         -0.58970648, -0.44013111],
        [-0.53593532,  0.        , -0.32805981, ..., -0.98668441,
         -0.93069585, -0.85281896],
        [-0.22930757,  0.32805981,  0.        , ..., -0.87872053,
         -0.75918601, -0.63430633],
        ...,
        [ 0.74584925,  0.98668441,  0.87872053, ...,  0.        ,
          0.20954883,  0.37654521],
        [ 0.58970648,  0.93069585,  0.75918601, ..., -0.20954883,
          0.        ,  0.17405956],
        [ 0.44013111,  0.85281896,  0.63430633, ..., -0.37654521,
         -0.17405956,  0.        ]],

       [[ 0.        ,  0.64043845,  0.78718434, ...,  0.98412764,
          0.99568103,  0.99994336],
        [-0.64043845,  0.        ,  0.20959527, ...,  0.8694729 ,
          0.82415086,  0.76114981],
        [-0.78718434, -0.20959527,  0.        , ...,  0.74662436,
          0.68713646,  0.60830483],
        ...,
        [-0.98412764, -0.8694729 , -0.74662436, ...,  0.        ,
         -0.0853291 , -0.18792609],
        [-0.99568103, -0.82415086, -0.68713646, ...,  0.0853291 ,
          0.        , -0.10343189],
        [-0.99994336, -0.76114981, -0.60830483, ...,  0.18792609,
          0.10343189,  0.        ]],

       [[ 0.        , -0.30046428, -0.50696684, ...,  0.71232895,
          0.72975265,  0.75885573],
        [ 0.30046428,  0.        , -0.22455159, ...,  0.890294  ,
          0.90146383,  0.91947133],
        [ 0.50696684,  0.22455159,  0.        , ...,  0.96981555,
          0.97564058,  0.9842741 ],
        ...,
        [-0.71232895, -0.890294  , -0.96981555, ...,  0.        ,
          0.02514649,  0.06868921],
        [-0.72975265, -0.90146383, -0.97564058, ..., -0.02514649,
          0.        ,  0.04358039],
        [-0.75885573, -0.91947133, -0.9842741 , ..., -0.06868921,
         -0.04358039,  0.        ]]]), 'num': array([ 9.70777367e-01,  1.80272656e-01,  1.06393635e-05,  1.16250693e-03,
        1.17032999e-03,  1.15311925e-03,  1.58373591e-01, -1.09522860e-05,
        1.16250693e-03,  1.16227224e-03,  1.19239102e-03,  8.48603273e-07,
        1.19986561e-03,  1.12467886e-03])}
{'img': array([[[ 0.        , -0.11043698, -0.35962488, ..., -0.11043698,
         -0.06606678, -0.22256426],
        [ 0.11043698,  0.        , -0.25437669, ...,  0.        ,
          0.04453304, -0.11353586],
        [ 0.35962488,  0.25437669,  0.        , ...,  0.25437669,
          0.29719247,  0.14293075],
        ...,
        [ 0.11043698,  0.        , -0.25437669, ...,  0.        ,
          0.04453304, -0.11353586],
        [ 0.06606678, -0.04453304, -0.29719247, ..., -0.04453304,
          0.        , -0.1576683 ],
        [ 0.22256426,  0.11353586, -0.14293075, ...,  0.11353586,
          0.1576683 ,  0.        ]],

       [[ 0.        , -0.56591453, -0.80598092, ..., -0.92627817,
         -0.72823079, -0.9627866 ],
        [ 0.56591453,  0.        , -0.32951389, ..., -0.55042343,
         -0.21256068, -0.64083719],
        [ 0.80598092,  0.32951389,  0.        , ..., -0.24457627,
          0.12129447, -0.35208673],
        ...,
        [ 0.92627817,  0.55042343,  0.24457627, ...,  0.        ,
          0.36038122, -0.11247846],
        [ 0.72823079,  0.21256068, -0.12129447, ..., -0.36038122,
          0.        , -0.46301479],
        [ 0.9627866 ,  0.64083719,  0.35208673, ...,  0.11247846,
          0.46301479,  0.        ]],

       [[ 0.        ,  0.62049484,  0.8       , ...,  0.88627578,
          0.87495152,  0.85671537],
        [-0.62049484,  0.        ,  0.25507152, ...,  0.40763971,
          0.38569606,  0.3518005 ],
        [-0.8       , -0.25507152,  0.        , ...,  0.16123915,
          0.13760249,  0.10139764],
        ...,
        [-0.88627578, -0.40763971, -0.16123915, ...,  0.        ,
         -0.02390336, -0.06033723],
        [-0.87495152, -0.38569606, -0.13760249, ...,  0.02390336,
          0.        , -0.03646019],
        [-0.85671537, -0.3518005 , -0.10139764, ...,  0.06033723,
          0.03646019,  0.        ]],

       ...,

       [[ 0.        , -0.32805981, -0.53593532, ..., -0.93069585,
         -0.85281896, -0.85281896],
        [ 0.32805981,  0.        , -0.22930757, ..., -0.75918601,
         -0.63430633, -0.63430633],
        [ 0.53593532,  0.22930757,  0.        , ..., -0.58970648,
         -0.44013111, -0.44013111],
        ...,
        [ 0.93069585,  0.75918601,  0.58970648, ...,  0.        ,
          0.17405956,  0.17405956],
        [ 0.85281896,  0.63430633,  0.44013111, ..., -0.17405956,
          0.        ,  0.        ],
        [ 0.85281896,  0.63430633,  0.44013111, ..., -0.17405956,
          0.        ,  0.        ]],

       [[ 0.        ,  0.55946136,  0.66553391, ...,  0.99965689,
          0.98968578,  0.96737601],
        [-0.55946136,  0.        ,  0.13406822, ...,  0.81391781,
          0.74016169,  0.66007912],
        [-0.66553391, -0.13406822,  0.        , ...,  0.72867889,
          0.64332824,  0.55340847],
        ...,
        [-0.99965689, -0.81391781, -0.72867889, ...,  0.        ,
         -0.11728273, -0.22791909],
        [-0.98968578, -0.74016169, -0.64332824, ...,  0.11728273,
          0.        , -0.11215027],
        [-0.96737601, -0.66007912, -0.55340847, ...,  0.22791909,
          0.11215027,  0.        ]],

       [[ 0.        , -0.22455159, -0.28259923, ...,  0.90146383,
          0.91947133,  0.93183481],
        [ 0.22455159,  0.        , -0.05998383, ...,  0.97564058,
          0.9842741 ,  0.9895237 ],
        [ 0.28259923,  0.05998383,  0.        , ...,  0.98704275,
          0.99309779,  0.99640181],
        ...,
        [-0.90146383, -0.97564058, -0.98704275, ...,  0.        ,
          0.04358039,  0.07622317],
        [-0.91947133, -0.9842741 , -0.99309779, ..., -0.04358039,
          0.        ,  0.03269715],
        [-0.93183481, -0.9895237 , -0.99640181, ..., -0.07622317,
         -0.03269715,  0.        ]]]), 'num': array([ 9.25483912e-01,  3.44864658e-01,  7.82505734e-06,  1.10805201e-03,
        1.10954534e-03,  1.08415871e-03,  1.56646254e-01, -1.49333155e-06,
        1.11103868e-03,  1.10775335e-03,  1.13779420e-03,  9.65386055e-07,
        1.14087166e-03,  1.07463504e-03])}
{'img': array([[[ 0.        , -0.25437669, -0.61104119, ...,  0.04453304,
         -0.11353586, -0.13664204],
        [ 0.25437669,  0.        , -0.38957684, ...,  0.29719247,
          0.14293075,  0.11984353],
        [ 0.61104119,  0.38957684,  0.        , ...,  0.64568728,
          0.51721529,  0.49714425],
        ...,
        [-0.04453304, -0.29719247, -0.64568728, ...,  0.        ,
         -0.1576683 , -0.18062182],
        [ 0.11353586, -0.14293075, -0.51721529, ...,  0.1576683 ,
          0.        , -0.02328755],
        [ 0.13664204, -0.11984353, -0.49714425, ...,  0.18062182,
          0.02328755,  0.        ]],

       [[ 0.        , -0.32951389, -0.2791622 , ..., -0.21256068,
         -0.64083719, -0.58828515],
        [ 0.32951389,  0.        ,  0.05284253, ...,  0.12129447,
         -0.35208673, -0.28896728],
        [ 0.2791622 , -0.05284253,  0.        , ...,  0.06867264,
         -0.40105369, -0.33915176],
        ...,
        [ 0.21256068, -0.12129447, -0.06867264, ...,  0.        ,
         -0.46301479, -0.40295363],
        [ 0.64083719,  0.35208673,  0.40105369, ...,  0.46301479,
          0.        ,  0.0666024 ],
        [ 0.58828515,  0.28896728,  0.33915176, ...,  0.40295363,
         -0.0666024 ,  0.        ]],

       [[ 0.        ,  0.30489023,  0.37941526, ...,  0.44741313,
          0.41106487,  0.44147284],
        [-0.30489023,  0.        ,  0.07925783, ...,  0.15343899,
          0.11355325,  0.14688295],
        [-0.37941526, -0.07925783,  0.        , ...,  0.07463702,
          0.03445084,  0.06802268],
        ...,
        [-0.44741313, -0.15343899, -0.07463702, ...,  0.        ,
         -0.04023796, -0.00663119],
        [-0.41106487, -0.11355325, -0.03445084, ...,  0.04023796,
          0.        ,  0.03361126],
        [-0.44147284, -0.14688295, -0.06802268, ...,  0.00663119,
         -0.03361126,  0.        ]],

       ...,

       [[ 0.        , -0.22930757, -0.54909334, ..., -0.63430633,
         -0.63430633, -0.30989247],
        [ 0.22930757,  0.        , -0.34281588, ..., -0.44013111,
         -0.44013111, -0.08361595],
        [ 0.54909334,  0.34281588,  0.        , ..., -0.10563445,
         -0.10563445,  0.26306631],
        ...,
