state_0,state_1,state_2,state_3,state_4,state_5,state_6,state_7,state_8,state_9,state_10,state_11,state_12,state_13,state_14,state_15,state_16,state_17,state_18,state_19,state_20,state_21,state_22,state_23,state_24,state_25,state_26,state_27,state_28,state_29,state_30,state_31,state_32,state_33,state_34,state_35,state_36,state_37,state_38,state_39,state_40,state_41,state_42,state_43,state_44,state_45,state_46,state_47,state_48,state_49,state_50,state_51,state_52,state_53,state_54,state_55,state_56,state_57,state_58,state_59,state_60,state_61,state_62,state_63,state_64,state_65,state_66,state_67,state_68,state_69,state_70,state_71,state_72,state_73,state_74,state_75,state_76,state_77,state_78,state_79,state_80,state_81,state_82,state_83,state_84,state_85,state_86,state_87,state_88,state_89,state_90,state_91,state_92,state_93,state_94,state_95,state_96,state_97,state_98,state_99,state_100,state_101,state_102,state_103,state_104,state_105,state_106,state_107,state_108,state_109,state_110,state_111,state_112,state_113,state_114,state_115,state_116,state_117,state_118,state_119,state_120,state_121,state_122,state_123,state_124,state_125,state_126,state_127,state_128,state_129,state_130,state_131,state_132,state_133,state_134,state_135,state_136,state_137,state_138,state_139,state_140,state_141,state_142,state_143,state_144,state_145,state_146,state_147,state_148,state_149,state_150,state_151,state_152,state_153,state_154,state_155,state_156,state_157,state_158,state_159,state_160,state_161,state_162,state_163,state_164,state_165,state_166,state_167,state_168,state_169,state_170,state_171,state_172,state_173,state_174,state_175,state_176,state_177,state_178,state_179,state_180,state_181,state_182,state_183,state_184,state_185,state_186,state_187,state_188,state_189,state_190,state_191,state_192,state_193,state_194,state_195,state_196,state_197,state_198,state_199,state_200,state_201,state_202,state_203,state_204,state_205,state_206,state_207,state_208,state_209,state_210,state_211,state_212,state_213,state_214,state_215,state_216,state_217,state_218,state_219,state_220,state_221,state_222,state_223,state_224,state_225,state_226,state_227,state_228,state_229,state_230,state_231,state_232,state_233,state_234,state_235,state_236,state_237,state_238,state_239,state_240,state_241,state_242,state_243,state_244,state_245,state_246,state_247,state_248,state_249,state_250,state_251,state_252,state_253,state_254,state_255,state_256,state_257,state_258,state_259,state_260,state_261,state_262,state_263,state_264,state_265,state_266,state_267,state_268,state_269,state_270,state_271,state_272,state_273,state_274,state_275,state_276,state_277,state_278,state_279,state_280,state_281,state_282,state_283,state_284,state_285,state_286,state_287
{'img': array([[[ 0.        , -0.44965189, -0.59215342, ..., -0.71031544,
         -0.71031544, -0.7150932 ],
        [ 0.44965189,  0.        , -0.16657289, ..., -0.95095905,
         -0.95095905, -0.95304379],
        [ 0.59215342,  0.16657289,  0.        , ..., -0.98919713,
         -0.98919713, -0.99017264],
        ...,
        [ 0.71031544,  0.95095905,  0.98919713, ...,  0.        ,
          0.        ,  0.00681112],
        [ 0.71031544,  0.95095905,  0.98919713, ...,  0.        ,
          0.        ,  0.00681112],
        [ 0.7150932 ,  0.95304379,  0.99017264, ..., -0.00681112,
         -0.00681112,  0.        ]],

       [[ 0.        , -0.28745174, -0.33355903, ...,  0.31851001,
          0.05756142,  0.11538854],
        [ 0.28745174,  0.        , -0.04849206, ...,  0.57754844,
          0.34210719,  0.39605027],
        [ 0.33355903,  0.04849206,  0.        , ...,  0.6164558 ,
          0.38727081,  0.44011115],
        ...,
        [-0.31851001, -0.57754844, -0.6164558 , ...,  0.        ,
         -0.26341831, -0.20700345],
        [-0.05756142, -0.34210719, -0.38727081, ...,  0.26341831,
          0.        ,  0.05802028],
        [-0.11538854, -0.39605027, -0.44011115, ...,  0.20700345,
         -0.05802028,  0.        ]],

       [[ 0.        , -0.31079738, -0.48541167, ..., -0.35401936,
         -0.46057836, -0.54405799],
        [ 0.31079738,  0.        , -0.18964653, ..., -0.62715652,
         -0.71363844, -0.77788796],
        [ 0.48541167,  0.18964653,  0.        , ..., -0.76348955,
         -0.83353773, -0.88294563],
        ...,
        [ 0.35401936,  0.62715652,  0.76348955, ...,  0.        ,
          0.1165161 ,  0.21178466],
        [ 0.46057836,  0.71363844,  0.83353773, ..., -0.1165161 ,
          0.        ,  0.09646906],
        [ 0.54405799,  0.77788796,  0.88294563, ..., -0.21178466,
         -0.09646906,  0.        ]],

       ...,

       [[ 0.        , -0.00485939, -0.14038018, ...,  0.62652251,
          0.60483418,  0.26168094],
        [ 0.00485939,  0.        , -0.13556726, ...,  0.62272769,
          0.60095726,  0.25698779],
        [ 0.14038018,  0.13556726,  0.        , ...,  0.5109057 ,
          0.48705295,  0.12360113],
        ...,
        [-0.62652251, -0.62272769, -0.5109057 , ...,  0.        ,
          0.02752233,  0.40073598],
        [-0.60483418, -0.60095726, -0.48705295, ..., -0.02752233,
          0.        ,  0.3753684 ],
        [-0.26168094, -0.25698779, -0.12360113, ..., -0.40073598,
         -0.3753684 ,  0.        ]],

       [[ 0.        , -0.24913724, -0.40557258, ..., -0.0657737 ,
         -0.13458714, -0.1733029 ],
        [ 0.24913724,  0.        , -0.16505706, ..., -0.31229749,
         -0.37721389, -0.41320578],
        [ 0.40557258,  0.16505706,  0.        , ..., -0.46481564,
         -0.52490369, -0.55784543],
        ...,
        [ 0.0657737 ,  0.31229749,  0.46481564, ...,  0.        ,
          0.06912042,  0.10814917],
        [ 0.13458714,  0.37721389,  0.52490369, ..., -0.06912042,
          0.        ,  0.0391755 ],
        [ 0.1733029 ,  0.41320578,  0.55784543, ..., -0.10814917,
         -0.0391755 ,  0.        ]],

       [[ 0.        , -0.25463902, -0.47291584, ...,  0.16130935,
          0.15095723,  0.14605619],
        [ 0.25463902,  0.        , -0.23296235, ...,  0.40729622,
          0.39770204,  0.39314998],
        [ 0.47291584,  0.23296235,  0.        , ...,  0.60885338,
          0.60050593,  0.59653566],
        ...,
        [-0.16130935, -0.40729622, -0.60885338, ...,  0.        ,
         -0.01048052, -0.01543609],
        [-0.15095723, -0.39770204, -0.60050593, ...,  0.01048052,
          0.        , -0.00495597],
        [-0.14605619, -0.39314998, -0.59653566, ...,  0.01543609,
          0.00495597,  0.        ]]]), 'num': array([ 7.39838417e-01,  6.72784469e-01,  1.41464027e-05,  5.31752171e-05,
        5.38483211e-05,  5.25021131e-05,  3.90209615e-04, -1.12184002e-07,
        5.28947571e-05,  5.12821120e-05,  5.82094742e-05,  7.54340705e-07,
        5.35402941e-05,  4.90239300e-05])}
{'img': array([[[ 0.        , -0.41963636,  0.        , ..., -0.72648768,
         -0.73130435, -0.72160242],
        [ 0.41963636,  0.        ,  0.41963636, ..., -0.94779278,
         -0.95001285, -0.94551045],
        [ 0.        , -0.41963636,  0.        , ..., -0.72648768,
         -0.73130435, -0.72160242],
        ...,
        [ 0.72648768,  0.94779278,  0.72648768, ...,  0.        ,
          0.00703549, -0.00708263],
        [ 0.73130435,  0.95001285,  0.73130435, ..., -0.00703549,
          0.        , -0.01411777],
        [ 0.72160242,  0.94551045,  0.72160242, ...,  0.00708263,
          0.01411777,  0.        ]],

       [[ 0.        , -0.04849206, -0.52282383, ...,  0.34210719,
          0.39605027,  0.16340702],
        [ 0.04849206,  0.        , -0.48087216, ...,  0.38727081,
          0.44011115,  0.21105504],
        [ 0.52282383,  0.48087216,  0.        , ...,  0.78290324,
          0.8176813 ,  0.65509122],
        ...,
        [-0.34210719, -0.38727081, -0.78290324, ...,  0.        ,
          0.05802028, -0.18396164],
        [-0.39605027, -0.44011115, -0.8176813 , ..., -0.05802028,
          0.        , -0.24068182],
        [-0.16340702, -0.21105504, -0.65509122, ...,  0.18396164,
          0.24068182,  0.        ]],

       [[ 0.        , -0.3874874 , -0.47699455, ..., -0.46603625,
         -0.55030922, -0.60798918],
        [ 0.3874874 ,  0.        , -0.09916426, ..., -0.7724627 ,
         -0.83085315, -0.86813383],
        [ 0.47699455,  0.09916426,  0.        , ..., -0.83163056,
         -0.88194203, -0.91307308],
        ...,
        [ 0.46603625,  0.7724627 ,  0.83163056, ...,  0.        ,
          0.09777261,  0.16792063],
        [ 0.55030922,  0.83085315,  0.88194203, ..., -0.09777261,
          0.        ,  0.07073179],
        [ 0.60798918,  0.86813383,  0.91307308, ..., -0.16792063,
         -0.07073179,  0.        ]],

       ...,

       [[ 0.        , -0.13163541, -0.17856915, ...,  0.76227152,
          0.67015308,  0.2496802 ],
        [ 0.13163541,  0.        , -0.04749559, ...,  0.6704364 ,
          0.56661873,  0.12004124],
        [ 0.17856915,  0.04749559,  0.        , ...,  0.63443961,
          0.52684384,  0.07275361],
        ...,
        [-0.76227152, -0.6704364 , -0.63443961, ...,  0.        ,
          0.13201385,  0.57652177],
        [-0.67015308, -0.56661873, -0.52684384, ..., -0.13201385,
          0.        ,  0.46360986],
        [-0.2496802 , -0.12004124, -0.07275361, ..., -0.57652177,
         -0.46360986,  0.        ]],

       [[ 0.        , -0.3278691 , -0.46650346, ..., -0.13565583,
         -0.17467474, -0.19986215],
        [ 0.3278691 ,  0.        , -0.15071005, ..., -0.4529955 ,
         -0.48784778, -0.51006843],
        [ 0.46650346,  0.15071005,  0.        , ..., -0.58218133,
         -0.61383471, -0.63387324],
        ...,
        [ 0.13565583,  0.4529955 ,  0.58218133, ...,  0.        ,
          0.03948976,  0.06509578],
        [ 0.17467474,  0.48784778,  0.61383471, ..., -0.03948976,
          0.        ,  0.025639  ],
        [ 0.19986215,  0.51006843,  0.63387324, ..., -0.06509578,
         -0.025639  ,  0.        ]],

       [[ 0.        , -0.23296235, -0.44221261, ...,  0.39770204,
          0.39314998,  0.39043948],
        [ 0.23296235,  0.        , -0.22109914, ...,  0.60050593,
          0.59653566,  0.59416864],
        [ 0.44221261,  0.22109914,  0.        , ...,  0.76243957,
          0.7592234 ,  0.75730275],
        ...,
        [-0.39770204, -0.60050593, -0.76243957, ...,  0.        ,
         -0.00495597, -0.00790193],
        [-0.39314998, -0.59653566, -0.7592234 , ...,  0.00495597,
          0.        , -0.00294602],
        [-0.39043948, -0.59416864, -0.75730275, ...,  0.00790193,
          0.00294602,  0.        ]]]), 'num': array([ 7.07106625e-01,  7.07106625e-01,  0.00000000e+00,  8.14897269e-05,
        8.23520521e-05,  8.05411693e-05,  6.22788472e-04, -2.58697546e-07,
        8.17656710e-05,  7.90665933e-05,  8.90092023e-05,  1.03479018e-06,
        8.26039767e-05,  7.55292098e-05])}
{'img': array([[[ 0.        ,  0.41963636, -0.18331586, ..., -0.95001285,
         -0.94551045, -0.93827689],
        [-0.41963636,  0.        , -0.57891962, ..., -0.73130435,
         -0.72160242, -0.70652077],
        [ 0.18331586,  0.57891962,  0.        , ..., -0.99114718,
         -0.98917402, -0.98578313],
        ...,
        [ 0.95001285,  0.73130435,  0.99114718, ...,  0.        ,
         -0.01411777, -0.03565506],
        [ 0.94551045,  0.72160242,  0.98917402, ...,  0.01411777,
          0.        , -0.02154272],
        [ 0.93827689,  0.70652077,  0.98578313, ...,  0.03565506,
          0.02154272,  0.        ]],

       [[ 0.        , -0.48087216,  0.0367838 , ...,  0.44011115,
          0.21105504,  0.22983315],
        [ 0.48087216,  0.        ,  0.51279842, ...,  0.8176813 ,
          0.65509122,  0.66951481],
        [-0.0367838 , -0.51279842,  0.        , ...,  0.40678353,
          0.174957  ,  0.19387851],
        ...,
        [-0.44011115, -0.8176813 , -0.40678353, ...,  0.        ,
         -0.24068182, -0.22195225],
        [-0.21105504, -0.65509122, -0.174957  , ...,  0.24068182,
          0.        ,  0.01925086],
        [-0.22983315, -0.66951481, -0.19387851, ...,  0.22195225,
         -0.01925086,  0.        ]],

       [[ 0.        , -0.29568805, -0.46721007, ..., -0.56035575,
         -0.61877393, -0.65091999],
        [ 0.29568805,  0.        , -0.18488705, ..., -0.78020342,
         -0.82338858, -0.84628431],
        [ 0.46721007,  0.18488705,  0.        , ..., -0.88240418,
         -0.9141125 , -0.93018934],
        ...,
        [ 0.56035575,  0.78020342,  0.88240418, ...,  0.        ,
          0.0723026 ,  0.11373378],
        [ 0.61877393,  0.82338858,  0.9141125 , ..., -0.0723026 ,
          0.        ,  0.04160267],
        [ 0.65091999,  0.84628431,  0.93018934, ..., -0.11373378,
         -0.04160267,  0.        ]],

       ...,

       [[ 0.        , -0.04749559, -0.12004124, ...,  0.56661873,
          0.12004124,  0.72131896],
        [ 0.04749559,  0.        , -0.07275361, ...,  0.52684384,
          0.07275361,  0.68760932],
        [ 0.12004124,  0.07275361,  0.        , ...,  0.46360986,
          0.        ,  0.63296211],
        ...,
        [-0.56661873, -0.52684384, -0.46360986, ...,  0.        ,
          0.46360986, -0.20191063],
        [-0.12004124, -0.07275361, -0.        , ..., -0.46360986,
          0.        , -0.63296211],
        [-0.72131896, -0.68760932, -0.63296211, ...,  0.20191063,
          0.63296211,  0.        ]],

       [[ 0.        , -0.34640522, -0.5086126 , ..., -0.17712032,
         -0.20265333, -0.21804196],
        [ 0.34640522,  0.        , -0.17886852, ..., -0.50708218,
         -0.52932354, -0.54261238],
        [ 0.5086126 ,  0.17886852,  0.        , ..., -0.65307083,
         -0.67254277, -0.68410822],
        ...,
        [ 0.17712032,  0.50708218,  0.65307083, ...,  0.        ,
          0.02600406,  0.04173585],
        [ 0.20265333,  0.52932354,  0.67254277, ..., -0.02600406,
          0.        ,  0.01574033],
        [ 0.21804196,  0.54261238,  0.68410822, ..., -0.04173585,
         -0.01574033,  0.        ]],

       [[ 0.        , -0.22109914, -0.44391853, ...,  0.59653566,
          0.59416864,  0.59917897],
        [ 0.22109914,  0.        , -0.23481246, ...,  0.7592234 ,
          0.75730275,  0.76136541],
        [ 0.44391853,  0.23481246,  0.        , ...,  0.89081906,
          0.88947665,  0.89231248],
        ...,
        [-0.59653566, -0.7592234 , -0.89081906, ...,  0.        ,
         -0.00294602,  0.00329754],
        [-0.59416864, -0.75730275, -0.88947665, ...,  0.00294602,
          0.        ,  0.00624352],
        [-0.59917897, -0.76136541, -0.89231248, ..., -0.00329754,
         -0.00624352,  0.        ]]]), 'num': array([ 7.07106624e-01,  7.07106624e-01,  0.00000000e+00,  8.01962391e-05,
        8.15759593e-05,  7.93339139e-05,  6.25772116e-04, -1.29348773e-06,
        8.14379873e-05,  7.91657605e-05,  8.85349233e-05,  9.94990559e-07,
        8.27130417e-05,  7.56184793e-05])}
{'img': array([[[ 0.        , -0.57891962, -0.59310081, ..., -0.72160242,
         -0.70652077, -0.61998282],
        [ 0.57891962,  0.        , -0.01750076, ..., -0.98917402,
         -0.98578313, -0.9597537 ],
        [ 0.59310081,  0.01750076,  0.        , ..., -0.99159072,
         -0.98857268, -0.96452168],
        ...,
        [ 0.72160242,  0.98917402,  0.99159072, ...,  0.        ,
         -0.02154272, -0.13696149],
        [ 0.70652077,  0.98578313,  0.98857268, ...,  0.02154272,
          0.        , -0.11558999],
        [ 0.61998282,  0.9597537 ,  0.96452168, ...,  0.13696149,
          0.11558999,  0.        ]],

       [[ 0.        ,  0.51279842,  0.38571081, ...,  0.65509122,
          0.66951481,  0.67135314],
        [-0.51279842,  0.        , -0.14198172, ...,  0.174957  ,
          0.19387851,  0.19630855],
        [-0.38571081,  0.14198172,  0.        , ...,  0.31297637,
          0.33120208,  0.33353887],
        ...,
        [-0.65509122, -0.174957  , -0.31297637, ...,  0.        ,
          0.01925086,  0.02172798],
        [-0.66951481, -0.19387851, -0.33120208, ..., -0.01925086,
          0.        ,  0.00247764],
        [-0.67135314, -0.19630855, -0.33353887, ..., -0.02172798,
         -0.00247764,  0.        ]],

       [[ 0.        , -0.37448016, -0.50200475, ..., -0.62494937,
         -0.65728942, -0.63393202],
        [ 0.37448016,  0.        , -0.1416016 , ..., -0.87181855,
         -0.89168428, -0.87742266],
        [ 0.50200475,  0.1416016 ,  0.        , ..., -0.93239443,
         -0.94679651, -0.93651037],
        ...,
        [ 0.62494937,  0.87181855,  0.93239443, ...,  0.        ,
          0.04213728,  0.01155989],
        [ 0.65728942,  0.89168428,  0.94679651, ..., -0.04213728,
          0.        , -0.03058484],
        [ 0.63393202,  0.87742266,  0.93651037, ..., -0.01155989,
          0.03058484,  0.        ]],

       ...,

       [[ 0.        , -0.07275361, -0.03884679, ...,  0.07275361,
          0.68760932,  0.7611632 ],
        [ 0.07275361,  0.        ,  0.03395486, ...,  0.        ,
          0.63296211,  0.71196097],
        [ 0.03884679, -0.03395486,  0.        , ...,  0.03395486,
          0.65888439,  0.73539418],
        ...,
        [-0.07275361, -0.        , -0.03395486, ...,  0.        ,
         -0.63296211, -0.71196097],
        [-0.68760932, -0.63296211, -0.65888439, ...,  0.63296211,
          0.        , -0.10670987],
        [-0.7611632 , -0.71196097, -0.73539418, ...,  0.71196097,
          0.10670987,  0.        ]],

       [[ 0.        , -0.39086559, -0.56457759, ..., -0.20583044,
         -0.22145433, -0.22695829],
        [ 0.39086559,  0.        , -0.19705154, ..., -0.57195242,
         -0.58499784, -0.589569  ],
        [ 0.56457759,  0.19705154,  0.        , ..., -0.722377  ,
         -0.73334353, -0.73717148],
        ...,
        [ 0.20583044,  0.57195242,  0.722377  , ...,  0.        ,
          0.01599265,  0.0216394 ],
        [ 0.22145433,  0.58499784,  0.73334353, ..., -0.01599265,
          0.        ,  0.00564772],
        [ 0.22695829,  0.589569  ,  0.73717148, ..., -0.0216394 ,
         -0.00564772,  0.        ]],

       [[ 0.        , -0.23481246, -0.46290945, ...,  0.75730275,
          0.76136541,  0.76358183],
        [ 0.23481246,  0.        , -0.24182775, ...,  0.88947665,
          0.89231248,  0.89385362],
        [ 0.46290945,  0.24182775,  0.        , ...,  0.97358686,
          0.97499339,  0.97574895],
        ...,
        [-0.75730275, -0.88947665, -0.97358686, ...,  0.        ,
          0.00624352,  0.009669  ],
        [-0.76136541, -0.89231248, -0.97499339, ..., -0.00624352,
          0.        ,  0.00342558],
        [-0.76358183, -0.89385362, -0.97574895, ..., -0.009669  ,
         -0.00342558,  0.        ]]]), 'num': array([ 7.07106735e-01,  7.07106735e-01,  0.00000000e+00,  7.95063914e-05,
        8.09723444e-05,  7.93339263e-05,  2.81549206e-04, -6.89860229e-07,
        8.09723444e-05,  7.92304473e-05,  8.80232908e-05,  7.50420478e-07,
        8.27529590e-05,  7.57079356e-05])}
{'img': array([[[ 0.        , -0.0295408 , -0.1745319 , ..., -0.92288072,
         -0.87006576, -0.8324889 ],
        [ 0.0295408 ,  0.        , -0.14536833, ..., -0.9338537 ,
         -0.88424775, -0.84849242],
        [ 0.1745319 ,  0.14536833,  0.        , ..., -0.97592568,
         -0.94274457, -0.91640941],
        ...,
        [ 0.92288072,  0.9338537 ,  0.97592568, ...,  0.        ,
         -0.11987073, -0.19073465],
        [ 0.87006576,  0.88424775,  0.94274457, ...,  0.11987073,
          0.        , -0.07168926],
        [ 0.8324889 ,  0.84849242,  0.91640941, ...,  0.19073465,
          0.07168926,  0.        ]],

       [[ 0.        , -0.14364705, -0.10687916, ...,  0.19510725,
          0.19754819, -0.17099899],
        [ 0.14364705,  0.        ,  0.03705353, ...,  0.33397021,
          0.33631563, -0.02769426],
        [ 0.10687916, -0.03705353,  0.        , ...,  0.29881482,
          0.30118954, -0.06471456],
        ...,
        [-0.19510725, -0.33397021, -0.29881482, ...,  0.        ,
          0.00248939, -0.35994627],
        [-0.19754819, -0.33631563, -0.30118954, ..., -0.00248939,
          0.        , -0.36226769],
        [ 0.17099899,  0.02769426,  0.06471456, ...,  0.35994627,
          0.36226769,  0.        ]],

       [[ 0.        , -0.35392163, -0.47248698, ..., -0.66780467,
         -0.64422884, -0.60797129],
        [ 0.35392163,  0.        , -0.12998084, ..., -0.88801788,
         -0.87322205, -0.84961967],
        [ 0.47248698,  0.12998084,  0.        , ..., -0.94025073,
         -0.92915667, -0.91096329],
        ...,
        [ 0.66780467,  0.88801788,  0.94025073, ...,  0.        ,
         -0.03123582, -0.07767426],
        [ 0.64422884,  0.87322205,  0.92915667, ...,  0.03123582,
          0.        , -0.04649491],
        [ 0.60797129,  0.84961967,  0.91096329, ...,  0.07767426,
          0.04649491,  0.        ]],

       ...,

       [[ 0.        ,  0.03395486,  0.81374031, ...,  0.63296211,
          0.71196097,  0.96560884],
        [-0.03395486,  0.        ,  0.79353555, ...,  0.65888439,
          0.73539418,  0.97388028],
        [-0.81374031, -0.79353555,  0.        , ...,  0.99787942,
          0.98523603,  0.77281129],
        ...,
        [-0.63296211, -0.65888439, -0.99787942, ...,  0.        ,
         -0.10670987, -0.58298811],
        [-0.71196097, -0.73539418, -0.98523603, ...,  0.10670987,
          0.        , -0.49295966],
        [-0.96560884, -0.97388028, -0.77281129, ...,  0.58298811,
          0.49295966,  0.        ]],

       [[ 0.        , -0.4338312 , -0.62639049, ..., -0.22593568,
         -0.2315479 , -0.23356573],
        [ 0.4338312 ,  0.        , -0.22619866, ..., -0.62618002,
         -0.6306645 , -0.63227323],
        [ 0.62639049,  0.22619866,  0.        , ..., -0.78631242,
         -0.78986116, -0.79113185],
        ...,
        [ 0.22593568,  0.62618002,  0.78631242, ...,  0.        ,
          0.00576505,  0.00783971],
        [ 0.2315479 ,  0.6306645 ,  0.78986116, ..., -0.00576505,
          0.        ,  0.00207471],
        [ 0.23356573,  0.63227323,  0.79113185, ..., -0.00783971,
         -0.00207471,  0.        ]],

       [[ 0.        , -0.24182775, -0.47769596, ...,  0.89231248,
          0.89385362,  0.89538742],
        [ 0.24182775,  0.        , -0.25106578, ...,  0.97499339,
          0.97574895,  0.97649459],
        [ 0.47769596,  0.25106578,  0.        , ...,  0.9995597 ,
          0.99945219,  0.99933269],
        ...,
        [-0.89231248, -0.97499339, -0.9995597 , ...,  0.        ,
          0.00342558,  0.00685822],
        [-0.89385362, -0.97574895, -0.99945219, ..., -0.00342558,
          0.        ,  0.00343268],
        [-0.89538742, -0.97649459, -0.99933269, ..., -0.00685822,
         -0.00343268,  0.        ]]]), 'num': array([ 7.29339607e-01,  6.84150167e-01,  1.05830071e-05,  7.63335139e-05,
        8.57187820e-05,  7.48139943e-05,  1.49452797e-03, -6.07807839e-06,
        8.22149486e-05,  8.18931680e-05,  9.06616899e-05,  6.36857479e-07,
        8.63161977e-05,  7.74701383e-05])}
{'img': array([[[ 0.        , -0.13876132, -0.24765657, ..., -0.95756658,
         -0.94126629, -0.36755952],
        [ 0.13876132,  0.        , -0.1108221 , ..., -0.98829564,
         -0.97901521, -0.49305172],
        [ 0.24765657,  0.1108221 ,  0.        , ..., -0.99911399,
         -0.99556885, -0.58642988],
        ...,
        [ 0.95756658,  0.98829564,  0.99911399, ...,  0.        ,
         -0.05205252, -0.78460181],
        [ 0.94126629,  0.97901521,  0.99556885, ...,  0.05205252,
          0.        , -0.7512656 ],
        [ 0.36755952,  0.49305172,  0.58642988, ...,  0.78460181,
          0.7512656 ,  0.        ]],

       [[ 0.        ,  0.03705353, -0.00970085, ...,  0.33631563,
         -0.02769426,  0.77606516],
        [-0.03705353,  0.        , -0.04674598, ...,  0.30118954,
         -0.06471456,  0.75216431],
        [ 0.00970085,  0.04674598,  0.        , ...,  0.34543558,
         -0.01799582,  0.78214651],
        ...,
        [-0.33631563, -0.30118954, -0.34543558, ...,  0.        ,
         -0.36226769,  0.51876047],
        [ 0.02769426,  0.06471456,  0.01799582, ...,  0.36226769,
          0.        ,  0.79323295],
        [-0.77606516, -0.75216431, -0.78214651, ..., -0.51876047,
         -0.79323295,  0.        ]],

       [[ 0.        , -0.32920453, -0.44565209, ..., -0.65345233,
         -0.61686624, -0.44788452],
        [ 0.32920453,  0.        , -0.12610489, ..., -0.86622519,
         -0.84158763, -0.71725777],
        [ 0.44565209,  0.12610489,  0.        , ..., -0.92231883,
         -0.90298101, -0.79940272],
        ...,
        [ 0.65345233,  0.86622519,  0.92231883, ...,  0.        ,
         -0.04736362, -0.24521202],
        [ 0.61686624,  0.84158763,  0.90298101, ...,  0.04736362,
          0.        , -0.19901924],
        [ 0.44788452,  0.71725777,  0.79940272, ...,  0.24521202,
          0.19901924,  0.        ]],

       ...,

       [[ 0.        ,  0.81341439,  0.8524149 , ...,  0.71204566,
          0.96566628,  0.99990503],
        [-0.81341439,  0.        ,  0.07052993, ...,  0.98531125,
          0.77302671,  0.59283948],
        [-0.8524149 , -0.07052993,  0.        , ...,  0.97081323,
          0.72635929,  0.5345639 ],
        ...,
        [-0.71204566, -0.98531125, -0.97081323, ...,  0.        ,
         -0.493047  , -0.69225341],
        [-0.96566628, -0.77302671, -0.72635929, ...,  0.493047  ,
          0.        , -0.24645273],
        [-0.99990503, -0.59283948, -0.5345639 , ...,  0.69225341,
          0.24645273,  0.        ]],

       [[ 0.        , -0.48917045, -0.68754608, ..., -0.2374158 ,
         -0.23948321, -0.2648825 ],
        [ 0.48917045,  0.        , -0.24446299, ..., -0.68225541,
         -0.68381027, -0.70272501],
        [ 0.68754608,  0.24446299,  0.        , ..., -0.84028513,
         -0.84143735, -0.85532939],
        ...,
        [ 0.2374158 ,  0.68225541,  0.84028513, ...,  0.        ,
          0.00212882,  0.02837354],
        [ 0.23948321,  0.68381027,  0.84143735, ..., -0.00212882,
          0.        ,  0.02624551],
        [ 0.2648825 ,  0.70272501,  0.85532939, ..., -0.02837354,
         -0.02624551,  0.        ]],

       [[ 0.        , -0.25106578, -0.04223048, ...,  0.97574895,
          0.97649459,  0.96781125],
        [ 0.25106578,  0.        ,  0.20996396, ...,  0.99945219,
          0.99933269,  0.9999998 ],
        [ 0.04223048, -0.20996396,  0.        , ...,  0.98412242,
          0.98472589,  0.97757631],
        ...,
        [-0.97574895, -0.99945219, -0.98412242, ...,  0.        ,
          0.00343268, -0.03372695],
        [-0.97649459, -0.99933269, -0.98472589, ..., -0.00343268,
          0.        , -0.03715747],
        [-0.96781125, -0.9999998 , -0.97757631, ...,  0.03372695,
          0.03715747,  0.        ]]]), 'num': array([ 7.24512517e-01,  6.89261316e-01,  8.31396251e-06,  7.53230791e-05,
        7.63001474e-05,  7.44348353e-05,  6.31363734e-04, -5.32946315e-07,
        7.99241823e-05,  8.11499589e-05,  8.95142552e-05,  6.09998794e-07,
        8.62520365e-05,  7.60478812e-05])}
{'img': array([[[ 0.        , -0.10993352, -0.17403593, ..., -0.98438859,
         -0.68559385, -0.48964625],
        [ 0.10993352,  0.        , -0.06472523, ..., -0.99777142,
         -0.7614683 , -0.58253184],
        [ 0.17403593,  0.06472523,  0.        , ..., -0.99999799,
         -0.80182663, -0.63391952],
        ...,
        [ 0.98438859,  0.99777142,  0.99999799, ...,  0.        ,
         -0.59594885, -0.77212722],
        [ 0.68559385,  0.7614683 ,  0.80182663, ...,  0.59594885,
          0.        , -0.24132904],
        [ 0.48964625,  0.58253184,  0.63391952, ...,  0.77212722,
          0.24132904,  0.        ]],

       [[ 0.        , -0.04674598, -0.41408172, ..., -0.06471456,
          0.75216431,  0.29091629],
        [ 0.04674598,  0.        , -0.371079  , ..., -0.01799582,
          0.78214651,  0.33532241],
        [ 0.41408172,  0.371079  ,  0.        , ...,  0.35430797,
          0.95751958,  0.66097563],
        ...,
        [ 0.06471456,  0.01799582, -0.35430797, ...,  0.        ,
          0.79323295,  0.35222203],
        [-0.75216431, -0.78214651, -0.95751958, ..., -0.79323295,
          0.        , -0.52792535],
        [-0.29091629, -0.33532241, -0.66097563, ..., -0.35222203,
          0.52792535,  0.        ]],

       [[ 0.        , -0.31320502, -0.49368677, ..., -0.63089044,
         -0.46435541, -0.        ],
        [ 0.31320502,  0.        , -0.19647164, ..., -0.84215451,
         -0.71838132, -0.31320502],
        [ 0.49368677,  0.19647164,  0.        , ..., -0.93168514,
         -0.84105511, -0.49368677],
        ...,
        [ 0.63089044,  0.84215451,  0.93168514, ...,  0.        ,
         -0.19846712, -0.63089044],
        [ 0.46435541,  0.71838132,  0.84105511, ...,  0.19846712,
          0.        , -0.46435541],
        [ 0.        ,  0.31320502,  0.49368677, ...,  0.63089044,
          0.46435541,  0.        ]],

       ...,

       [[ 0.        ,  0.1214257 ,  0.24940291, ...,  0.91673592,
          0.76437072,  0.73259427],
        [-0.1214257 ,  0.        ,  0.12996884, ...,  0.86144375,
          0.68042228,  0.64452317],
        [-0.24940291, -0.12996884,  0.        , ...,  0.78813199,
          0.57940719,  0.53968417],
        ...,
        [-0.91673592, -0.86144375, -0.78813199, ...,  0.        ,
         -0.28572893, -0.33132376],
        [-0.76437072, -0.68042228, -0.57940719, ...,  0.28572893,
          0.        , -0.04792089],
        [-0.73259427, -0.64452317, -0.53968417, ...,  0.33132376,
          0.04792089,  0.        ]],

       [[ 0.        , -0.53637138, -0.7537477 , ..., -0.24739808,
         -0.27360483, -0.294779  ],
        [ 0.53637138,  0.        , -0.28366563, ..., -0.72849724,
         -0.74682219, -0.76132615],
        [ 0.7537477 ,  0.28366563,  0.        , ..., -0.89289773,
         -0.90478956, -0.91397338],
        ...,
        [ 0.24739808,  0.72849724,  0.89289773, ...,  0.        ,
          0.02714162,  0.04921041],
        [ 0.27360483,  0.74682219,  0.90478956, ..., -0.02714162,
          0.        ,  0.02208355],
        [ 0.294779  ,  0.76132615,  0.91397338, ..., -0.04921041,
         -0.02208355,  0.        ]],

       [[ 0.        ,  0.20996396,  0.48513276, ...,  0.99933269,
          0.9999998 ,  0.99936805],
        [-0.20996396,  0.        ,  0.29071774, ...,  0.98472589,
          0.97757631,  0.96962794],
        [-0.48513276, -0.29071774,  0.        , ...,  0.89157707,
          0.8741339 ,  0.85664351],
        ...,
        [-0.99933269, -0.98472589, -0.89157707, ...,  0.        ,
         -0.03715747, -0.07202518],
        [-0.9999998 , -0.97757631, -0.8741339 , ...,  0.03715747,
          0.        , -0.03491447],
        [-0.99936805, -0.96962794, -0.85664351, ...,  0.07202518,
          0.03491447,  0.        ]]]), 'num': array([7.17506777e-01, 6.96551216e-01, 4.90762540e-06, 7.51095356e-05,
       7.51974859e-05, 7.14156241e-05, 6.15634341e-04, 5.27701656e-07,
       7.75369633e-05, 8.02018566e-05, 8.80851330e-05, 6.03995871e-07,
       8.56711759e-05, 7.47325373e-05])}
{'img': array([[[ 0.        , -0.06472523, -0.29365219, ..., -0.7614683 ,
         -0.58253184, -0.7614683 ],
        [ 0.06472523,  0.        , -0.23116479, ..., -0.80182663,
         -0.63391952, -0.80182663],
        [ 0.29365219,  0.23116479,  0.        , ..., -0.91824292,
         -0.79553219, -0.91824292],
        ...,
        [ 0.7614683 ,  0.80182663,  0.91824292, ...,  0.        ,
         -0.24132904,  0.        ],
        [ 0.58253184,  0.63391952,  0.79553219, ...,  0.24132904,
          0.        ,  0.24132904],
        [ 0.7614683 ,  0.80182663,  0.91824292, ...,  0.        ,
         -0.24132904,  0.        ]],

       [[ 0.        , -0.371079  , -0.03166959, ...,  0.78214651,
          0.33532241,  0.32786564],
        [ 0.371079  ,  0.        ,  0.34148444, ...,  0.95751958,
          0.66097563,  0.65502384],
        [ 0.03166959, -0.34148444,  0.        , ...,  0.80148733,
          0.36499024,  0.35762022],
        ...,
        [-0.78214651, -0.95751958, -0.80148733, ...,  0.        ,
         -0.52792535, -0.53462157],
        [-0.33532241, -0.66097563, -0.36499024, ...,  0.52792535,
          0.        , -0.0079039 ],
        [-0.32786564, -0.65502384, -0.35762022, ...,  0.53462157,
          0.0079039 ,  0.        ]],

       [[ 0.        , -0.38707318, -0.5326666 , ..., -0.61656358,
         -0.4386383 , -0.        ],
        [ 0.38707318,  0.        , -0.16355494, ..., -0.87324652,
         -0.75229462, -0.38707318],
        [ 0.5326666 ,  0.16355494,  0.        , ..., -0.94118442,
         -0.84991877, -0.5326666 ],
        ...,
        [ 0.61656358,  0.87324652,  0.94118442, ...,  0.        ,
         -0.20874112, -0.61656358],
        [ 0.4386383 ,  0.75229462,  0.84991877, ...,  0.20874112,
          0.        , -0.4386383 ],
        [ 0.        ,  0.38707318,  0.5326666 , ...,  0.61656358,
          0.4386383 ,  0.        ]],

       ...,

       [[ 0.        ,  0.12996884, -0.61650797, ...,  0.68042228,
          0.64452317,  0.64452317],
        [-0.12996884,  0.        , -0.71360959, ...,  0.57940719,
          0.53968417,  0.53968417],
        [ 0.61650797,  0.71360959,  0.        , ...,  0.9875191 ,
          0.97883707,  0.97883707],
        ...,
        [-0.68042228, -0.57940719, -0.9875191 , ...,  0.        ,
         -0.04792089, -0.04792089],
        [-0.64452317, -0.53968417, -0.97883707, ...,  0.04792089,
          0.        ,  0.        ],
        [-0.64452317, -0.53968417, -0.97883707, ...,  0.04792089,
          0.        ,  0.        ]],

       [[ 0.        , -0.60348375, -0.83926518, ..., -0.28471003,
         -0.30670109, -0.31846712],
        [ 0.60348375,  0.        , -0.34108173, ..., -0.80552853,
         -0.81895526, -0.82600053],
        [ 0.83926518,  0.34108173,  0.        , ..., -0.95933429,
         -0.96557776, -0.9687256 ],
        ...,
        [ 0.28471003,  0.80552853,  0.95933429, ...,  0.        ,
          0.02301918,  0.03540065],
        [ 0.30670109,  0.81895526,  0.96557776, ..., -0.02301918,
          0.        ,  0.01238651],
        [ 0.31846712,  0.82600053,  0.9687256 , ..., -0.03540065,
         -0.01238651,  0.        ]],

       [[ 0.        ,  0.4449258 ,  0.73789858, ...,  0.99992908,
          0.99888464,  0.99763194],
        [-0.4449258 ,  0.        ,  0.36055235, ...,  0.89020493,
          0.8735603 ,  0.86284524],
        [-0.73789858, -0.36055235,  0.        , ...,  0.6660755 ,
          0.63931717,  0.62256164],
        ...,
        [-0.99992908, -0.89020493, -0.6660755 , ...,  0.        ,
         -0.03531753, -0.05689224],
        [-0.99888464, -0.8735603 , -0.63931717, ...,  0.03531753,
          0.        , -0.02159642],
        [-0.99763194, -0.86284524, -0.62256164, ...,  0.05689224,
          0.02159642,  0.        ]]]), 'num': array([7.11587768e-01, 7.02597058e-01, 2.09329692e-06, 7.49225857e-05,
       7.52714685e-05, 7.29165095e-05, 4.17124300e-04, 4.36103526e-07,
       7.56552397e-05, 7.92923431e-05, 8.68354804e-05, 6.59473624e-07,
       8.50736746e-05, 7.35110115e-05])}
{'img': array([[[ 0.        , -0.23116479,  0.33447962, ..., -0.63391952,
         -0.80182663, -0.85070144],
        [ 0.23116479,  0.        ,  0.54327049, ..., -0.79553219,
         -0.91824292, -0.94917144],
        [-0.33447962, -0.54327049,  0.        , ..., -0.33872145,
         -0.55577326, -0.62588465],
        ...,
        [ 0.63391952,  0.79553219,  0.33872145, ...,  0.        ,
          0.24132904,  0.32471238],
        [ 0.80182663,  0.91824292,  0.55577326, ..., -0.24132904,
          0.        ,  0.08686288],
        [ 0.85070144,  0.94917144,  0.62588465, ..., -0.32471238,
         -0.08686288,  0.        ]],

       [[ 0.        ,  0.34148444,  0.53284242, ...,  0.66097563,
          0.65502384,  0.50658172],
        [-0.34148444,  0.        ,  0.21184281, ...,  0.36499024,
          0.35762022,  0.18170465],
        [-0.53284242, -0.21184281,  0.        , ...,  0.15947827,
          0.15167055, -0.03073566],
        ...,
        [-0.66097563, -0.36499024, -0.15947827, ...,  0.        ,
         -0.0079039 , -0.18974521],
        [-0.65502384, -0.35762022, -0.15167055, ...,  0.0079039 ,
          0.        , -0.18197897],
        [-0.50658172, -0.18170465,  0.03073566, ...,  0.18974521,
          0.18197897,  0.        ]],

       [[ 0.        , -0.38162241, -0.37618582, ..., -0.57279379,
         -0.38961125, -0.        ],
        [ 0.38162241,  0.        ,  0.00587461, ..., -0.84225949,
         -0.71159119, -0.38162241],
        [ 0.37618582, -0.00587461,  0.        , ..., -0.83907812,
         -0.70745145, -0.37618582],
        ...,
        [ 0.57279379,  0.84225949,  0.83907812, ...,  0.        ,
         -0.20816714, -0.57279379],
        [ 0.38961125,  0.71159119,  0.70745145, ...,  0.20816714,
          0.        , -0.38961125],
        [ 0.        ,  0.38162241,  0.37618582, ...,  0.57279379,
          0.38961125,  0.        ]],

       ...,

       [[ 0.        , -0.71360959,  0.53805696, ...,  0.53968417,
          0.53968417,  0.64298415],
        [ 0.71360959,  0.        ,  0.97843994, ...,  0.97883707,
          0.97883707,  0.99697738],
        [-0.53805696, -0.97843994,  0.        , ...,  0.00193166,
          0.00193166,  0.12989   ],
        ...,
        [-0.53968417, -0.97883707, -0.00193166, ...,  0.        ,
          0.        ,  0.12797446],
        [-0.53968417, -0.97883707, -0.00193166, ...,  0.        ,
          0.        ,  0.12797446],
        [-0.64298415, -0.99697738, -0.12989   , ..., -0.12797446,
         -0.12797446,  0.        ]],

       [[ 0.        , -0.69629905, -0.93733365, ..., -0.3230767 ,
         -0.33543232, -0.3405418 ],
        [ 0.69629905,  0.        , -0.43015928, ..., -0.89084735,
         -0.89671563, -0.89910531],
        [ 0.93733365,  0.43015928,  0.        , ..., -0.99963767,
         -0.9999043 , -0.99996467],
        ...,
        [ 0.3230767 ,  0.89084735,  0.99963767, ...,  0.        ,
          0.01308499,  0.01851329],
        [ 0.33543232,  0.89671563,  0.9999043 , ..., -0.01308499,
          0.        ,  0.00542895],
        [ 0.3405418 ,  0.89910531,  0.99996467, ..., -0.01851329,
         -0.00542895,  0.        ]],

       [[ 0.        ,  0.64142281,  0.95607712, ...,  0.99448153,
          0.99181786,  0.98838022],
        [-0.64142281,  0.        ,  0.54547968, ...,  0.69566105,
          0.67902566,  0.66077562],
        [-0.95607712, -0.54547968,  0.        , ...,  0.19119391,
          0.16866316,  0.14438388],
        ...,
        [-0.99448153, -0.69566105, -0.19119391, ...,  0.        ,
         -0.02290311, -0.0474702 ],
        [-0.99181786, -0.67902566, -0.16866316, ...,  0.02290311,
          0.        , -0.02458046],
        [-0.98838022, -0.66077562, -0.14438388, ...,  0.0474702 ,
          0.02458046,  0.        ]]]), 'num': array([ 7.10535781e-01,  7.03660995e-01,  1.60251421e-06,  7.47259345e-05,
        7.54226799e-05,  7.32453508e-05,  2.42223507e-04, -8.70931638e-08,
        7.44298178e-05,  7.89673716e-05,  8.62004589e-05,  6.54518322e-07,
        8.50581920e-05,  7.28765512e-05])}
{'img': array([[[ 0.        ,  0.54327049,  0.79553219, ..., -0.91824292,
         -0.94917144, -0.94417154],
        [-0.54327049,  0.        ,  0.33872145, ..., -0.55577326,
         -0.62588465, -0.61370373],
        [-0.79553219, -0.33872145,  0.        , ..., -0.24132904,
         -0.32471238, -0.30999276],
        ...,
        [ 0.91824292,  0.55577326,  0.24132904, ...,  0.        ,
          0.08686288,  0.07138951],
        [ 0.94917144,  0.62588465,  0.32471238, ..., -0.08686288,
          0.        , -0.01552157],
        [ 0.94417154,  0.61370373,  0.30999276, ..., -0.07138951,
          0.01552157,  0.        ]],

       [[ 0.        ,  0.25569176, -0.1050316 , ...,  0.41152775,
