state_0,state_1,state_2,state_3,state_4,state_5,state_6,state_7,state_8,state_9,state_10,state_11,state_12,state_13,state_14,state_15,state_16,state_17,state_18,state_19,state_20,state_21,state_22,state_23,state_24,state_25,state_26,state_27,state_28,state_29,state_30,state_31,state_32,state_33,state_34,state_35,state_36,state_37,state_38,state_39,state_40,state_41,state_42,state_43,state_44,state_45,state_46,state_47,state_48,state_49,state_50,state_51,state_52,state_53,state_54,state_55,state_56,state_57,state_58,state_59,state_60,state_61,state_62,state_63,state_64,state_65,state_66,state_67,state_68,state_69,state_70,state_71,state_72,state_73,state_74,state_75,state_76,state_77,state_78,state_79,state_80,state_81,state_82,state_83,state_84,state_85,state_86,state_87,state_88,state_89,state_90,state_91,state_92,state_93,state_94,state_95,state_96,state_97,state_98,state_99,state_100,state_101,state_102,state_103,state_104,state_105,state_106,state_107,state_108,state_109,state_110,state_111,state_112,state_113,state_114,state_115,state_116,state_117,state_118,state_119,state_120,state_121,state_122,state_123,state_124,state_125,state_126,state_127,state_128,state_129,state_130,state_131,state_132,state_133,state_134,state_135,state_136,state_137,state_138,state_139,state_140,state_141,state_142,state_143,state_144,state_145,state_146,state_147,state_148,state_149,state_150,state_151,state_152,state_153,state_154,state_155,state_156,state_157,state_158,state_159,state_160,state_161,state_162,state_163,state_164,state_165,state_166,state_167,state_168,state_169,state_170,state_171,state_172,state_173,state_174,state_175,state_176,state_177,state_178,state_179,state_180,state_181,state_182,state_183,state_184,state_185,state_186,state_187,state_188,state_189,state_190,state_191,state_192,state_193,state_194,state_195,state_196,state_197,state_198,state_199,state_200,state_201,state_202,state_203,state_204,state_205,state_206,state_207,state_208,state_209,state_210,state_211,state_212,state_213,state_214,state_215,state_216,state_217,state_218,state_219,state_220,state_221,state_222,state_223,state_224,state_225,state_226,state_227,state_228,state_229,state_230,state_231,state_232,state_233,state_234,state_235,state_236,state_237,state_238,state_239,state_240,state_241,state_242,state_243,state_244,state_245,state_246,state_247,state_248,state_249,state_250,state_251,state_252,state_253,state_254,state_255,state_256,state_257,state_258,state_259,state_260,state_261,state_262,state_263,state_264,state_265,state_266,state_267,state_268,state_269,state_270,state_271,state_272,state_273,state_274,state_275,state_276,state_277,state_278,state_279,state_280,state_281,state_282,state_283,state_284,state_285,state_286,state_287
{'img': array([[[ 0.        ,  0.01604602,  0.20624462, ..., -0.99823308,
         -0.99988276, -0.82454974],
        [-0.01604602,  0.        ,  0.19051703, ..., -0.99905801,
         -0.99999973, -0.81536491],
        [-0.20624462, -0.19051703,  0.        , ..., -0.98902656,
         -0.98154384, -0.69013127],
        ...,
        [ 0.99823308,  0.99905801,  0.98902656, ...,  0.        ,
         -0.04412757, -0.61378441],
        [ 0.99988276,  0.99999973,  0.98154384, ...,  0.04412757,
          0.        , -0.57834897],
        [ 0.82454974,  0.81536491,  0.69013127, ...,  0.61378441,
          0.57834897,  0.        ]],

       [[ 0.        , -0.878091  , -0.6408747 , ..., -0.79191714,
         -0.99405131, -0.65534299],
        [ 0.878091  ,  0.        ,  0.36740811, ...,  0.1572601 ,
         -0.57128257,  0.34967225],
        [ 0.6408747 , -0.36740811,  0.        , ..., -0.21657523,
         -0.83287844, -0.0189983 ],
        ...,
        [ 0.79191714, -0.1572601 ,  0.21657523, ...,  0.        ,
         -0.693246  ,  0.19798875],
        [ 0.99405131,  0.57128257,  0.83287844, ...,  0.693246  ,
          0.        ,  0.8222134 ],
        [ 0.65534299, -0.34967225,  0.0189983 , ..., -0.19798875,
         -0.8222134 ,  0.        ]],

       [[ 0.        , -0.02817678,  0.03406033, ..., -0.91938872,
         -0.91938872, -0.66009617],
        [ 0.02817678,  0.        ,  0.06220724, ..., -0.93010703,
         -0.93010703, -0.68099995],
        [-0.03406033, -0.06220724,  0.        , ..., -0.90545764,
         -0.90545764, -0.63412769],
        ...,
        [ 0.91938872,  0.93010703,  0.90545764, ...,  0.        ,
          0.        , -0.43097848],
        [ 0.91938872,  0.93010703,  0.90545764, ...,  0.        ,
          0.        , -0.43097848],
        [ 0.66009617,  0.68099995,  0.63412769, ...,  0.43097848,
          0.43097848,  0.        ]],

       ...,

       [[ 0.        ,  0.03084431,  0.44585683, ..., -0.04919384,
         -0.03113001, -0.01257149],
        [-0.03084431,  0.        ,  0.41803581, ..., -0.0799774 ,
         -0.06194456, -0.04340739],
        [-0.44585683, -0.41803581,  0.        , ..., -0.48935063,
         -0.47350535, -0.45707439],
        ...,
        [ 0.04919384,  0.0799774 ,  0.48935063, ...,  0.        ,
          0.01807768,  0.03663368],
        [ 0.03113001,  0.06194456,  0.47350535, ..., -0.01807768,
          0.        ,  0.01856215],
        [ 0.01257149,  0.04340739,  0.45707439, ..., -0.03663368,
         -0.01856215,  0.        ]],

       [[ 0.        ,  0.0067715 , -0.01041391, ..., -0.9914201 ,
         -0.92047547, -0.62471699],
        [-0.0067715 ,  0.        , -0.01718481, ..., -0.99051223,
         -0.91780806, -0.61941513],
        [ 0.01041391,  0.01718481,  0.        , ..., -0.99272758,
         -0.92449532, -0.63281483],
        ...,
        [ 0.9914201 ,  0.99051223,  0.99272758, ...,  0.        ,
         -0.26712812, -0.69249226],
        [ 0.92047547,  0.91780806,  0.92449532, ...,  0.26712812,
          0.        , -0.47461481],
        [ 0.62471699,  0.61941513,  0.63281483, ...,  0.69249226,
          0.47461481,  0.        ]],

       [[ 0.        , -0.04143214, -0.05716845, ..., -0.64627861,
         -0.63549161, -0.48331988],
        [ 0.04143214,  0.        , -0.01575498, ..., -0.6773406 ,
         -0.666936  , -0.51917638],
        [ 0.05716845,  0.01575498,  0.        , ..., -0.68884699,
         -0.6785925 , -0.5325772 ],
        ...,
        [ 0.64627861,  0.6773406 ,  0.68884699, ...,  0.        ,
         -0.01405212, -0.19695848],
        [ 0.63549161,  0.666936  ,  0.6785925 , ...,  0.01405212,
          0.        , -0.18316217],
        [ 0.48331988,  0.51917638,  0.5325772 , ...,  0.19695848,
          0.18316217,  0.        ]]]), 'num': array([7.07068661e-01, 7.07068661e-01, 0.00000000e+00, 0.00000000e+00,
       3.37871417e-03, 3.40854829e-03, 3.32650446e-03, 2.80045433e-03,
       5.22097112e-05, 3.40258147e-03, 3.55361670e-03, 4.02163947e-03,
       6.45062069e-07, 3.89782525e-03, 3.20940816e-03])}
{'img': array([[[ 0.        ,  0.19051703,  0.228586  , ..., -0.99999973,
         -0.81536491, -0.98295922],
        [-0.19051703,  0.        ,  0.03892634, ..., -0.98154384,
         -0.69013127, -0.92993368],
        [-0.228586  , -0.03892634,  0.        , ..., -0.97335575,
         -0.66143783, -0.91491459],
        ...,
        [ 0.99999973,  0.98154384,  0.97335575, ...,  0.        ,
         -0.57834897, -0.18310249],
        [ 0.81536491,  0.69013127,  0.66143783, ...,  0.57834897,
          0.        ,  0.41919822],
        [ 0.98295922,  0.92993368,  0.91491459, ...,  0.18310249,
         -0.41919822,  0.        ]],

       [[ 0.        ,  0.36740811,  0.20212261, ..., -0.57128257,
          0.34967225,  0.03959377],
        [-0.36740811,  0.        , -0.17183877, ..., -0.83287844,
         -0.0189983 , -0.33029544],
        [-0.20212261,  0.17183877,  0.        , ..., -0.72538426,
          0.15309206, -0.16318756],
        ...,
        [ 0.57128257,  0.83287844,  0.72538426, ...,  0.        ,
          0.8222134 ,  0.60333133],
        [-0.34967225,  0.0189983 , -0.15309206, ..., -0.8222134 ,
          0.        , -0.31230376],
        [-0.03959377,  0.33029544,  0.16318756, ..., -0.60333133,
          0.31230376,  0.        ]],

       [[ 0.        ,  0.06182019,  0.1021903 , ..., -0.94459011,
         -0.8157654 , -0.67784755],
        [-0.06182019,  0.        ,  0.04049829, ..., -0.92249079,
         -0.77844934, -0.63110067],
        [-0.1021903 , -0.04049829,  0.        , ..., -0.90610087,
         -0.75238963, -0.59916836],
        ...,
        [ 0.94459011,  0.92249079,  0.90610087, ...,  0.        ,
         -0.278558  , -0.47196005],
        [ 0.8157654 ,  0.77844934,  0.75238963, ...,  0.278558  ,
          0.        , -0.2076973 ],
        [ 0.67784755,  0.63110067,  0.59916836, ...,  0.47196005,
          0.2076973 ,  0.        ]],

       ...,

       [[ 0.        ,  0.41803581,  0.35462136, ..., -0.06194456,
         -0.04340739,  0.25836543],
        [-0.41803581,  0.        , -0.06871879, ..., -0.47350535,
         -0.45707439, -0.1691353 ],
        [-0.35462136,  0.06871879,  0.        , ..., -0.41185913,
         -0.39487345, -0.10100673],
        ...,
        [ 0.06194456,  0.47350535,  0.41185913, ...,  0.        ,
          0.01856215,  0.31771064],
        [ 0.04340739,  0.45707439,  0.39487345, ..., -0.01856215,
          0.        ,  0.3000555 ],
        [-0.25836543,  0.1691353 ,  0.10100673, ..., -0.31771064,
         -0.3000555 ,  0.        ]],

       [[ 0.        , -0.01655301, -0.18391052, ..., -0.97681836,
         -0.91671151, -0.60135708],
        [ 0.01655301,  0.        , -0.16761466, ..., -0.98022802,
         -0.92319966, -0.61450022],
        [ 0.18391052,  0.16761466,  0.        , ..., -0.99952645,
         -0.97455655, -0.73804062],
        ...,
        [ 0.97681836,  0.98022802,  0.99952645, ...,  0.        ,
         -0.19404724, -0.65172629],
        [ 0.91671151,  0.92319966,  0.97455655, ...,  0.19404724,
          0.        , -0.49216244],
        [ 0.60135708,  0.61450022,  0.73804062, ...,  0.65172629,
          0.49216244,  0.        ]],

       [[ 0.        , -0.01575086,  0.07960653, ..., -0.6691727 ,
         -0.52531797, -0.40116277],
        [ 0.01575086,  0.        ,  0.09529753, ..., -0.68079426,
         -0.53865531, -0.4155409 ],
        [-0.07960653, -0.09529753,  0.        , ..., -0.60789282,
         -0.45591313, -0.3269695 ],
        ...,
        [ 0.6691727 ,  0.68079426,  0.60789282, ...,  0.        ,
         -0.17903565, -0.3148599 ],
        [ 0.52531797,  0.53865531,  0.45591313, ...,  0.17903565,
          0.        , -0.13984301],
        [ 0.40116277,  0.4155409 ,  0.3269695 , ...,  0.3148599 ,
          0.13984301,  0.        ]]]), 'num': array([ 8.84947842e-01,  4.65485868e-01,  1.88099540e-06, -1.27621966e-10,
        4.19461974e-03,  4.23223965e-03,  4.17580978e-03,  5.84577631e-03,
       -6.58348389e-05,  4.26421657e-03,  4.43914914e-03,  5.05235364e-03,
        6.83998326e-07,  4.80947123e-03,  4.06882705e-03])}
{'img': array([[[ 0.        ,  0.03892634,  0.69013127, ..., -0.69013127,
         -0.92993368, -0.69013127],
        [-0.03892634,  0.        ,  0.66143783, ..., -0.66143783,
         -0.91491459, -0.66143783],
        [-0.69013127, -0.66143783,  0.        , ..., -0.        ,
         -0.41919822, -0.        ],
        ...,
        [ 0.69013127,  0.66143783,  0.        , ...,  0.        ,
          0.41919822,  0.        ],
        [ 0.92993368,  0.91491459,  0.41919822, ..., -0.41919822,
          0.        , -0.41919822],
        [ 0.69013127,  0.66143783,  0.        , ...,  0.        ,
          0.41919822,  0.        ]],

       [[ 0.        , -0.17183877,  0.56551091, ..., -0.0189983 ,
         -0.33029544,  0.21468201],
        [ 0.17183877,  0.        ,  0.69882143, ...,  0.15309206,
         -0.16318756,  0.37932081],
        [-0.56551091, -0.69882143,  0.        , ..., -0.58107751,
         -0.80618121, -0.37526844],
        ...,
        [ 0.0189983 , -0.15309206,  0.58107751, ...,  0.        ,
         -0.31230376,  0.23319859],
        [ 0.33029544,  0.16318756,  0.80618121, ...,  0.31230376,
          0.        ,  0.52522781],
        [-0.21468201, -0.37932081,  0.37526844, ..., -0.23319859,
         -0.52522781,  0.        ]],

       [[ 0.        ,  0.04001354,  0.1880909 , ..., -0.85992713,
         -0.82407894, -0.62517101],
        [-0.04001354,  0.        ,  0.1486409 , ..., -0.83881487,
         -0.80075229, -0.59344025],
        [-0.1880909 , -0.1486409 ,  0.        , ..., -0.74857408,
         -0.70282168, -0.46721007],
        ...,
        [ 0.85992713,  0.83881487,  0.74857408, ...,  0.        ,
         -0.06650346, -0.35206485],
        [ 0.82407894,  0.80075229,  0.70282168, ...,  0.06650346,
          0.        , -0.28903983],
        [ 0.62517101,  0.59344025,  0.46721007, ...,  0.35206485,
          0.28903983,  0.        ]],

       ...,

       [[ 0.        , -0.06871879,  0.40092411, ..., -0.45707439,
         -0.1691353 , -0.38238469],
        [ 0.06871879,  0.        ,  0.46293041, ..., -0.39487345,
         -0.10100673, -0.31798438],
        [-0.40092411, -0.46293041,  0.        , ..., -0.77532432,
         -0.55009469, -0.72076209],
        ...,
        [ 0.45707439,  0.39487345,  0.77532432, ...,  0.        ,
          0.3000555 ,  0.08223438],
        [ 0.1691353 ,  0.10100673,  0.55009469, ..., -0.3000555 ,
          0.        , -0.22059405],
        [ 0.38238469,  0.31798438,  0.72076209, ..., -0.08223438,
          0.22059405,  0.        ]],

       [[ 0.        , -0.15766738, -0.21734471, ..., -0.99268831,
         -0.95705729, -0.5857467 ],
        [ 0.15766738,  0.        , -0.06072789, ..., -0.99930343,
         -0.99079428, -0.70620883],
        [ 0.21734471,  0.06072789,  0.        , ..., -0.9951928 ,
         -0.99718673, -0.74790099],
        ...,
        [ 0.99268831,  0.99930343,  0.9951928 , ...,  0.        ,
         -0.1722567 , -0.733865  ],
        [ 0.95705729,  0.99079428,  0.99718673, ...,  0.1722567 ,
          0.        , -0.60588208],
        [ 0.5857467 ,  0.70620883,  0.74790099, ...,  0.733865  ,
          0.60588208,  0.        ]],

       [[ 0.        ,  0.09529753,  0.1729921 , ..., -0.53865531,
         -0.4155409 , -0.64533681],
        [-0.09529753,  0.        ,  0.07834403, ..., -0.45591313,
         -0.3269695 , -0.56960216],
        [-0.1729921 , -0.07834403,  0.        , ..., -0.38478373,
         -0.25192668, -0.50345885],
        ...,
        [ 0.53865531,  0.45591313,  0.38478373, ...,  0.        ,
         -0.13984301,  0.13223539],
        [ 0.4155409 ,  0.3269695 ,  0.25192668, ...,  0.13984301,
          0.        ,  0.26955096],
        [ 0.64533681,  0.56960216,  0.50345885, ..., -0.13223539,
         -0.26955096,  0.        ]]]), 'num': array([ 9.55863674e-01,  2.93441849e-01,  2.95724029e-06, -1.51559206e-08,
        4.53713578e-03,  4.61815606e-03,  4.48649811e-03,  6.05284296e-03,
        2.02550705e-05,  4.56346737e-03,  4.74120562e-03,  5.41873772e-03,
        7.59565142e-07,  5.06851621e-03,  4.41389502e-03])}
{'img': array([[[ 0.        ,  0.66143783,  0.28611726, ..., -0.91491459,
         -0.66143783, -0.81495764],
        [-0.66143783,  0.        , -0.41919822, ..., -0.41919822,
         -0.        , -0.22790142],
        [-0.28611726,  0.41919822,  0.        , ..., -0.76117571,
         -0.41919822, -0.61507719],
        ...,
        [ 0.91491459,  0.41919822,  0.76117571, ...,  0.        ,
         -0.41919822, -0.20125619],
        [ 0.66143783,  0.        ,  0.41919822, ...,  0.41919822,
          0.        ,  0.22790142],
        [ 0.81495764,  0.22790142,  0.61507719, ...,  0.20125619,
         -0.22790142,  0.        ]],

       [[ 0.        ,  0.69882143,  0.16454467, ..., -0.16318756,
          0.37932081,  0.33654569],
        [-0.69882143,  0.        , -0.57159806, ..., -0.80618121,
         -0.37526844, -0.41732733],
        [-0.16454467,  0.57159806,  0.        , ..., -0.32330221,
          0.22190307,  0.17701214],
        ...,
        [ 0.16318756,  0.80618121,  0.32330221, ...,  0.        ,
          0.52522781,  0.48570268],
        [-0.37932081,  0.37526844, -0.22190307, ..., -0.52522781,
          0.        , -0.04579992],
        [-0.33654569,  0.41732733, -0.17701214, ..., -0.48570268,
          0.04579992,  0.        ]],

       [[ 0.        ,  0.14696387,  0.35223519, ..., -0.86249709,
         -0.79471974, -0.58787026],
        [-0.14696387,  0.        ,  0.21086539, ..., -0.77875914,
         -0.69688694, -0.4625999 ],
        [-0.35223519, -0.21086539,  0.        , ..., -0.62896811,
         -0.52998886, -0.26525206],
        ...,
        [ 0.86249709,  0.77875914,  0.62896811, ...,  0.        ,
         -0.12133802, -0.4002227 ],
        [ 0.79471974,  0.69688694,  0.52998886, ...,  0.12133802,
          0.        , -0.28606922],
        [ 0.58787026,  0.4625999 ,  0.26525206, ...,  0.4002227 ,
          0.28606922,  0.        ]],

       ...,

       [[ 0.        ,  0.46293041,  0.16571209, ..., -0.10100673,
         -0.31798438, -0.28250433],
        [-0.46293041,  0.        , -0.30964371, ..., -0.55009469,
         -0.72076209, -0.69448373],
        [-0.16571209,  0.30964371,  0.        , ..., -0.26447482,
         -0.47069894, -0.43756045],
        ...,
        [ 0.10100673,  0.55009469,  0.26447482, ...,  0.        ,
         -0.22059405, -0.1841672 ],
        [ 0.31798438,  0.72076209,  0.47069894, ...,  0.22059405,
          0.        ,  0.0371904 ],
        [ 0.28250433,  0.69448373,  0.43756045, ...,  0.1841672 ,
         -0.0371904 ,  0.        ]],

       [[ 0.        , -0.05744212, -0.09206736, ..., -0.998189  ,
         -0.97715671, -0.67873259],
        [ 0.05744212,  0.        , -0.03471719, ..., -0.99308536,
         -0.98775087, -0.71979655],
        [ 0.09206736,  0.03471719,  0.        , ..., -0.98841109,
         -0.99257267, -0.7434628 ],
        ...,
        [ 0.998189  ,  0.99308536,  0.98841109, ...,  0.        ,
         -0.27091677, -0.77388521],
        [ 0.97715671,  0.98775087,  0.99257267, ...,  0.27091677,
          0.        , -0.57336545],
        [ 0.67873259,  0.71979655,  0.7434628 , ...,  0.77388521,
          0.57336545,  0.        ]],

       [[ 0.        ,  0.07834403,  0.1295306 , ..., -0.3269695 ,
         -0.56960216, -0.68595974],
        [-0.07834403,  0.        ,  0.05144845, ..., -0.25192668,
         -0.50345885, -0.62684515],
        [-0.1295306 , -0.05144845,  0.        , ..., -0.20180399,
         -0.45833965, -0.58592924],
        ...,
        [ 0.3269695 ,  0.25192668,  0.20180399, ...,  0.        ,
          0.26955096,  0.41033996],
        [ 0.56960216,  0.50345885,  0.45833965, ..., -0.26955096,
          0.        ,  0.14933937],
        [ 0.68595974,  0.62684515,  0.58592924, ..., -0.41033996,
         -0.14933937,  0.        ]]]), 'num': array([ 8.63395051e-01,  5.04360185e-01,  1.58514290e-06, -8.85524371e-09,
        4.12683755e-03,  4.13594757e-03,  4.04484740e-03,  4.98762480e-03,
        4.55500833e-05,  4.09221949e-03,  4.24116826e-03,  4.85518338e-03,
        6.30038536e-07,  4.49751286e-03,  3.98482366e-03])}
{'img': array([[[ 0.        , -0.41919822, -0.7531099 , ..., -0.        ,
         -0.22790142, -0.41919822],
        [ 0.41919822,  0.        , -0.40795621, ..., -0.41919822,
         -0.61507719, -0.76117571],
        [ 0.7531099 ,  0.40795621,  0.        , ..., -0.7531099 ,
         -0.88322636, -0.95953281],
        ...,
        [ 0.        ,  0.41919822,  0.7531099 , ...,  0.        ,
          0.22790142,  0.41919822],
        [ 0.22790142,  0.61507719,  0.88322636, ..., -0.22790142,
          0.        ,  0.20125619],
        [ 0.41919822,  0.76117571,  0.95953281, ..., -0.41919822,
         -0.20125619,  0.        ]],

       [[ 0.        , -0.57159806, -0.58226578, ..., -0.37526844,
         -0.41732733, -0.50550922],
        [ 0.57159806,  0.        , -0.01306036, ...,  0.22190307,
          0.17701214,  0.07839955],
        [ 0.58226578,  0.01306036,  0.        , ...,  0.23461889,
          0.18985117,  0.09141302],
        ...,
        [ 0.37526844, -0.22190307, -0.23461889, ...,  0.        ,
         -0.04579992, -0.14477511],
        [ 0.41732733, -0.17701214, -0.18985117, ...,  0.04579992,
          0.        , -0.09930579],
        [ 0.50550922, -0.07839955, -0.09141302, ...,  0.14477511,
          0.09930579,  0.        ]],

       [[ 0.        ,  0.20974924,  0.2857813 , ..., -0.73960029,
         -0.63042842, -0.46034513],
        [-0.20974924,  0.        ,  0.07842253, ..., -0.58197707,
         -0.45358738, -0.26390206],
        [-0.2857813 , -0.07842253,  0.        , ..., -0.51641109,
         -0.38229934, -0.18744688],
        ...,
        [ 0.73960029,  0.58197707,  0.51641109, ...,  0.        ,
         -0.14980523, -0.34673916],
        [ 0.63042842,  0.45358738,  0.38229934, ...,  0.14980523,
          0.        , -0.20231484],
        [ 0.46034513,  0.26390206,  0.18744688, ...,  0.34673916,
          0.20231484,  0.        ]],

       ...,

       [[ 0.        , -0.30964371, -0.44986074, ..., -0.72076209,
         -0.69448373, -0.76041943],
        [ 0.30964371,  0.        , -0.15120888, ..., -0.47069894,
         -0.43756045, -0.52195421],
        [ 0.44986074,  0.15120888,  0.        , ..., -0.33187609,
         -0.29656394, -0.38697553],
        ...,
        [ 0.72076209,  0.47069894,  0.33187609, ...,  0.        ,
          0.0371904 , -0.05902329],
        [ 0.69448373,  0.43756045,  0.29656394, ..., -0.0371904 ,
          0.        , -0.09610802],
        [ 0.76041943,  0.52195421,  0.38697553, ...,  0.05902329,
          0.09610802,  0.        ]],

       [[ 0.        , -0.03361299, -0.10354528, ..., -0.99964039,
         -0.9477383 , -0.70374902],
        [ 0.03361299,  0.        , -0.07005445, ..., -0.99997688,
         -0.95792694, -0.72723165],
        [ 0.10354528,  0.07005445,  0.        , ..., -0.99704372,
         -0.97567995, -0.77352979],
        ...,
        [ 0.99964039,  0.99997688,  0.99704372, ...,  0.        ,
         -0.29351959, -0.69132153],
        [ 0.9477383 ,  0.95792694,  0.97567995, ...,  0.29351959,
          0.        , -0.44878916],
        [ 0.70374902,  0.72723165,  0.77352979, ...,  0.69132153,
          0.44878916,  0.        ]],

       [[ 0.        ,  0.05144845,  0.11188344, ..., -0.50345885,
         -0.62684515, -0.67070052],
        [-0.05144845,  0.        ,  0.06060985, ..., -0.45833965,
         -0.58592924, -0.6316515 ],
        [-0.11188344, -0.06060985,  0.        , ..., -0.40362836,
         -0.5357361 , -0.5835023 ],
        ...,
        [ 0.50345885,  0.45833965,  0.40362836, ...,  0.        ,
          0.14933937,  0.20606847],
        [ 0.62684515,  0.58592924,  0.5357361 , ..., -0.14933937,
          0.        ,  0.05762342],
        [ 0.67070052,  0.6316515 ,  0.5835023 , ..., -0.20606847,
         -0.05762342,  0.        ]]]), 'num': array([ 8.17170003e-01,  5.76265105e-01,  1.04741260e-06, -8.16550026e-10,
        3.94926063e-03,  3.95784598e-03,  3.87199249e-03,  4.69690718e-03,
        6.00974444e-05,  3.88057784e-03,  3.97930935e-03,  4.55581555e-03,
        7.86990343e-07,  4.17692164e-03,  3.78169707e-03])}
{'img': array([[[ 0.00000000e+00, -6.74876128e-01, -7.30644008e-01, ...,
         -2.33262545e-01, -4.28697111e-01, -5.90692775e-01],
        [ 6.74876128e-01,  0.00000000e+00, -7.83873940e-02, ...,
         -8.28390527e-01, -9.26064577e-01, -9.80445751e-01],
        [ 7.30644008e-01,  7.83873940e-02,  0.00000000e+00, ...,
         -8.69750324e-01, -9.52795717e-01, -9.92854715e-01],
        ...,
        [ 2.33262545e-01,  8.28390527e-01,  8.69750324e-01, ...,
          0.00000000e+00,  2.06130339e-01,  3.86179059e-01],
        [ 4.28697111e-01,  9.26064577e-01,  9.52795717e-01, ...,
         -2.06130339e-01,  0.00000000e+00,  1.87746149e-01],
        [ 5.90692775e-01,  9.80445751e-01,  9.92854715e-01, ...,
         -3.86179059e-01, -1.87746149e-01,  0.00000000e+00]],

       [[ 0.00000000e+00, -1.30603631e-02,  1.91010053e-01, ...,
          1.77012141e-01,  7.83995455e-02,  7.75797029e-02],
        [ 1.30603631e-02,  0.00000000e+00,  2.03813659e-01, ...,
          1.89851166e-01,  9.14130224e-02,  9.05940872e-02],
        [-1.91010053e-01, -2.03813659e-01,  0.00000000e+00, ...,
         -1.42407423e-02, -1.13466068e-01, -1.14283067e-01],
        ...,
        [-1.77012141e-01, -1.89851166e-01,  1.42407423e-02, ...,
          0.00000000e+00, -9.93057887e-02, -1.00124038e-01],
        [-7.83995455e-02, -9.14130224e-02,  1.13466068e-01, ...,
          9.93057887e-02,  0.00000000e+00, -8.22347323e-04],
        [-7.75797029e-02, -9.05940872e-02,  1.14283067e-01, ...,
          1.00124038e-01,  8.22347323e-04,  0.00000000e+00]],

       [[ 0.00000000e+00,  7.84225336e-02, -3.17413537e-02, ...,
         -4.53587379e-01, -2.63902055e-01, -5.27515331e-01],
        [-7.84225336e-02,  0.00000000e+00, -1.10026615e-01, ...,
         -3.82299338e-01, -1.87446878e-01, -4.59267184e-01],
        [ 3.17413537e-02,  1.10026615e-01,  0.00000000e+00, ...,
         -4.81647093e-01, -2.94385186e-01, -5.54215250e-01],
        ...,
        [ 4.53587379e-01,  3.82299338e-01,  4.81647093e-01, ...,
          0.00000000e+00, -2.02314844e-01,  8.47847712e-02],
        [ 2.63902055e-01,  1.87446878e-01,  2.94385186e-01, ...,
          2.02314844e-01,  0.00000000e+00,  2.84617834e-01],
        [ 5.27515331e-01,  4.59267184e-01,  5.54215250e-01, ...,
         -8.47847712e-02, -2.84617834e-01,  0.00000000e+00]],

       ...,

       [[ 0.00000000e+00, -1.51208881e-01, -7.99530021e-02, ...,
         -4.37560448e-01, -5.21954212e-01, -1.83428998e-01],
        [ 1.51208881e-01,  0.00000000e+00,  7.16911169e-02, ...,
         -2.96563943e-01, -3.86975526e-01, -3.26765870e-02],
        [ 7.99530021e-02, -7.16911169e-02,  0.00000000e+00, ...,
         -3.64266797e-01, -4.52085453e-01, -1.04245339e-01],
        ...,
        [ 4.37560448e-01,  2.96563943e-01,  3.64266797e-01, ...,
          0.00000000e+00, -9.61080158e-02,  2.65199006e-01],
        [ 5.21954212e-01,  3.86975526e-01,  4.52085453e-01, ...,
          9.61080158e-02,  0.00000000e+00,  3.56638119e-01],
        [ 1.83428998e-01,  3.26765870e-02,  1.04245339e-01, ...,
         -2.65199006e-01, -3.56638119e-01,  0.00000000e+00]],

       [[ 0.00000000e+00, -6.77986419e-02, -1.36748037e-01, ...,
         -9.92282284e-01, -9.51105333e-01, -7.11097763e-01],
        [ 6.77986419e-02,  0.00000000e+00, -6.92716509e-02, ...,
         -9.98406063e-01, -9.69857607e-01, -7.57130305e-01],
        [ 1.36748037e-01,  6.92716509e-02,  0.00000000e+00, ...,
         -9.99917332e-01, -9.84407435e-01, -8.00564220e-01],
        ...,
        [ 9.92282284e-01,  9.98406063e-01,  9.99917332e-01, ...,
          0.00000000e+00, -1.88546404e-01, -6.09491124e-01],
        [ 9.51105333e-01,  9.69857607e-01,  9.84407435e-01, ...,
          1.88546404e-01,  0.00000000e+00, -4.49081214e-01],
        [ 7.11097763e-01,  7.57130305e-01,  8.00564220e-01, ...,
          6.09491124e-01,  4.49081214e-01,  0.00000000e+00]],

       [[ 0.00000000e+00,  6.06098472e-02,  2.01803992e-01, ...,
         -5.85929244e-01, -6.31651504e-01, -7.03729692e-01],
        [-6.06098472e-02,  0.00000000e+00,  1.42070126e-01, ...,
         -5.35736103e-01, -5.83502301e-01, -6.59374562e-01],
        [-2.01803992e-01, -1.42070126e-01,  0.00000000e+00, ...,
         -4.10339964e-01, -4.62206820e-01, -5.45875865e-01],
        ...,
        [ 5.85929244e-01,  5.35736103e-01,  4.10339964e-01, ...,
          0.00000000e+00,  5.76234245e-02,  1.53992080e-01],
        [ 6.31651504e-01,  5.83502301e-01,  4.62206820e-01, ...,
         -5.76234245e-02,  0.00000000e+00,  9.68001083e-02],
        [ 7.03729692e-01,  6.59374562e-01,  5.45875865e-01, ...,
         -1.53992080e-01, -9.68001083e-02,  0.00000000e+00]]]), 'num': array([9.99885882e-01, 4.29600200e-03, 4.29133569e-06, 8.18431954e-09,
       4.83296058e-03, 4.87462404e-03, 4.80171299e-03, 4.14765927e-03,
       4.16634533e-05, 4.73088512e-03, 4.81681599e-03, 5.50513096e-03,
       1.07518589e-06, 5.03355357e-03, 4.60007842e-03])}
{'img': array([[[ 0.00000000e+00, -8.46866231e-02, -2.99946772e-01, ...,
         -9.05443315e-01, -9.69560565e-01, -9.87525629e-01],
        [ 8.46866231e-02,  0.00000000e+00, -2.18081947e-01, ...,
         -9.38137326e-01, -9.86813206e-01, -9.97312693e-01],
        [ 2.99946772e-01,  2.18081947e-01,  0.00000000e+00, ...,
         -9.91070594e-01, -9.98360509e-01, -9.89285063e-01],
        ...,
        [ 9.05443315e-01,  9.38137326e-01,  9.91070594e-01, ...,
          0.00000000e+00,  1.89847404e-01,  2.76602629e-01],
        [ 9.69560565e-01,  9.86813206e-01,  9.98360509e-01, ...,
         -1.89847404e-01,  0.00000000e+00,  8.91318352e-02],
        [ 9.87525629e-01,  9.97312693e-01,  9.89285063e-01, ...,
         -2.76602629e-01, -8.91318352e-02,  0.00000000e+00]],

       [[ 0.00000000e+00,  2.03813659e-01,  2.13071165e-01, ...,
          9.14130224e-02,  9.05940872e-02, -2.49436353e-01],
        [-2.03813659e-01,  0.00000000e+00,  9.46531661e-03, ...,
         -1.13466068e-01, -1.14283067e-01, -4.41571962e-01],
        [-2.13071165e-01, -9.46531661e-03,  0.00000000e+00, ...,
         -1.22865174e-01, -1.23681249e-01, -4.50044707e-01],
        ...,
        [-9.14130224e-02,  1.13466068e-01,  1.22865174e-01, ...,
          0.00000000e+00, -8.22347323e-04, -3.36915545e-01],
        [-9.05940872e-02,  1.14283067e-01,  1.23681249e-01, ...,
          8.22347323e-04,  0.00000000e+00, -3.36141163e-01],
        [ 2.49436353e-01,  4.41571962e-01,  4.50044707e-01, ...,
          3.36915545e-01,  3.36141163e-01,  0.00000000e+00]],

       [[ 0.00000000e+00, -1.10026615e-01, -2.85781298e-01, ...,
         -1.87446878e-01, -4.59267184e-01, -5.44085791e-01],
        [ 1.10026615e-01,  0.00000000e+00, -1.78608277e-01, ...,
         -2.94385186e-01, -5.54215250e-01, -6.33098036e-01],
        [ 2.85781298e-01,  1.78608277e-01,  0.00000000e+00, ...,
         -4.60345131e-01, -6.93972391e-01, -7.61173585e-01],
        ...,
        [ 1.87446878e-01,  2.94385186e-01,  4.60345131e-01, ...,
          0.00000000e+00,  2.84617834e-01,  3.77168252e-01],
        [ 4.59267184e-01,  5.54215250e-01,  6.93972391e-01, ...,
         -2.84617834e-01,  0.00000000e+00,  9.79716600e-02],
        [ 5.44085791e-01,  6.33098036e-01,  7.61173585e-01, ...,
         -3.77168252e-01, -9.79716600e-02,  0.00000000e+00]],

       ...,

       [[ 0.00000000e+00,  7.16911169e-02,  2.78138184e-02, ...,
         -3.86975526e-01, -3.26765870e-02,  1.55413800e-01],
        [-7.16911169e-02,  0.00000000e+00, -4.39211309e-02, ...,
         -4.52085453e-01, -1.04245339e-01,  8.41938704e-02],
        [-2.78138184e-02,  4.39211309e-02,  0.00000000e+00, ...,
         -4.12472657e-01, -6.04629103e-02,  1.27877808e-01],
        ...,
        [ 3.86975526e-01,  4.52085453e-01,  4.12472657e-01, ...,
          0.00000000e+00,  3.56638119e-01,  5.25579072e-01],
        [ 3.26765870e-02,  1.04245339e-01,  6.04629103e-02, ...,
         -3.56638119e-01,  0.00000000e+00,  1.87610354e-01],
        [-1.55413800e-01, -8.41938704e-02, -1.27877808e-01, ...,
         -5.25579072e-01, -1.87610354e-01,  0.00000000e+00]],

       [[ 0.00000000e+00, -6.82648860e-02, -6.17933072e-02, ...,
         -9.86323101e-01, -9.15478821e-01, -7.49983102e-01],
        [ 6.82648860e-02,  0.00000000e+00,  6.48527190e-03, ...,
         -9.95273886e-01, -9.40810702e-01, -7.93387851e-01],
        [ 6.17933072e-02, -6.48527190e-03,  0.00000000e+00, ...,
         -9.94623186e-01, -9.38592847e-01, -7.89423474e-01],
        ...,
        [ 9.86323101e-01,  9.95273886e-01,  9.94623186e-01, ...,
          0.00000000e+00, -2.45970742e-01, -5.28795571e-01],
        [ 9.15478821e-01,  9.40810702e-01,  9.38592847e-01, ...,
          2.45970742e-01,  0.00000000e+00, -3.03782042e-01],
        [ 7.49983102e-01,  7.93387851e-01,  7.89423474e-01, ...,
          5.28795571e-01,  3.03782042e-01,  0.00000000e+00]],

       [[ 0.00000000e+00,  1.42070126e-01, -1.54071377e-01, ...,
         -5.83502301e-01, -6.59374562e-01, -6.83805308e-01],
        [-1.42070126e-01,  0.00000000e+00, -2.92882338e-01, ...,
         -4.62206820e-01, -5.45875865e-01, -5.73205665e-01],
        [ 1.54071377e-01,  2.92882338e-01,  0.00000000e+00, ...,
         -7.01658255e-01, -7.67334556e-01, -7.88060898e-01],
        ...,
        [ 5.83502301e-01,  4.62206820e-01,  7.01658255e-01, ...,
          0.00000000e+00,  9.68001083e-02,  1.29565222e-01],
        [ 6.59374562e-01,  5.45875865e-01,  7.67334556e-01, ...,
         -9.68001083e-02,  0.00000000e+00,  3.29725928e-02],
        [ 6.83805308e-01,  5.73205665e-01,  7.88060898e-01, ...,
         -1.29565222e-01, -3.29725928e-02,  0.00000000e+00]]]), 'num': array([9.99882545e-01, 4.24137790e-03, 4.23677092e-06, 2.59569257e-08,
       4.83320955e-03, 4.83320955e-03, 4.68924161e-03, 5.34746305e-03,
       6.17005474e-05, 4.72009188e-03, 4.75659804e-03, 5.41765085e-03,
       1.08246574e-06, 4.97186084e-03, 4.54133523e-03])}
{'img': array([[[ 0.00000000e+00, -2.18081947e-01,  2.86085791e-01, ...,
         -9.86813206e-01, -9.97312693e-01, -9.98943110e-01],
        [ 2.18081947e-01,  0.00000000e+00,  4.88166833e-01, ...,
         -9.98360509e-01, -9.89285063e-01, -9.64875152e-01],
        [-2.86085791e-01, -4.88166833e-01,  0.00000000e+00, ...,
         -8.99261606e-01, -9.34669662e-01, -9.70340858e-01],
        ...,
        [ 9.86813206e-01,  9.98360509e-01,  8.99261606e-01, ...,
          0.00000000e+00,  8.91318352e-02,  2.07049737e-01],
        [ 9.97312693e-01,  9.89285063e-01,  9.34669662e-01, ...,
         -8.91318352e-02,  0.00000000e+00,  1.19025260e-01],
        [ 9.98943110e-01,  9.64875152e-01,  9.70340858e-01, ...,
         -2.07049737e-01, -1.19025260e-01,  0.00000000e+00]],

       [[ 0.00000000e+00,  9.46531661e-03,  1.44418078e-01, ...,
         -1.14283067e-01, -4.41571962e-01, -1.69754266e-01],
        [-9.46531661e-03,  0.00000000e+00,  1.35045519e-01, ...,
         -1.23681249e-01, -4.50044707e-01, -1.79074602e-01],
        [-1.44418078e-01, -1.35045519e-01,  0.00000000e+00, ...,
         -2.56556894e-01, -5.66518488e-01, -3.10296746e-01],
        ...,
        [ 1.14283067e-01,  1.23681249e-01,  2.56556894e-01, ...,
          0.00000000e+00, -3.36141163e-01, -5.60176639e-02],
        [ 4.41571962e-01,  4.50044707e-01,  5.66518488e-01, ...,
          3.36141163e-01,  0.00000000e+00,  2.82855260e-01],
        [ 1.69754266e-01,  1.79074602e-01,  3.10296746e-01, ...,
          5.60176639e-02, -2.82855260e-01,  0.00000000e+00]],

       [[ 0.00000000e+00, -1.78608277e-01, -2.80814680e-01, ...,
         -5.54215250e-01, -6.33098036e-01, -7.47032847e-01],
        [ 1.78608277e-01,  0.00000000e+00, -1.04877815e-01, ...,
         -6.93972391e-01, -7.61173585e-01, -8.53757238e-01],
        [ 2.80814680e-01,  1.04877815e-01,  0.00000000e+00, ...,
         -7.65657408e-01, -8.24994118e-01, -9.03655731e-01],
        ...,
        [ 5.54215250e-01,  6.93972391e-01,  7.65657408e-01, ...,
          0.00000000e+00,  9.79716600e-02,  2.53375097e-01],
        [ 6.33098036e-01,  7.61173585e-01,  8.24994118e-01, ...,
         -9.79716600e-02,  0.00000000e+00,  1.57381502e-01],
        [ 7.47032847e-01,  8.53757238e-01,  9.03655731e-01, ...,
         -2.53375097e-01, -1.57381502e-01,  0.00000000e+00]],

       ...,

       [[ 0.00000000e+00, -4.39211309e-02,  2.13939318e-01, ...,
         -1.04245339e-01,  8.41938704e-02,  1.18138049e-01],
        [ 4.39211309e-02,  0.00000000e+00,  2.56637089e-01, ...,
         -6.04629103e-02,  1.27877808e-01,  1.61637605e-01],
        [-2.13939318e-01, -2.56637089e-01,  0.00000000e+00, ...,
         -3.14605434e-01, -1.30935177e-01, -9.70383463e-02],
        ...,
        [ 1.04245339e-01,  6.04629103e-02,  3.14605434e-01, ...,
          0.00000000e+00,  1.87610354e-01,  2.21009714e-01],
        [-8.41938704e-02, -1.27877808e-01,  1.30935177e-01, ...,
         -1.87610354e-01,  0.00000000e+00,  3.41143110e-02],
        [-1.18138049e-01, -1.61637605e-01,  9.70383463e-02, ...,
         -2.21009714e-01, -3.41143110e-02,  0.00000000e+00]],

       [[ 0.00000000e+00,  6.48527190e-03, -8.96861982e-03, ...,
         -9.40810702e-01, -7.93387851e-01, -8.39890120e-01],
        [-6.48527190e-03,  0.00000000e+00, -1.54534423e-02, ...,
         -9.38592847e-01, -7.89423474e-01, -8.36352534e-01],
        [ 8.96861982e-03,  1.54534423e-02,  0.00000000e+00, ...,
         -9.43812620e-01, -7.98815288e-01, -8.44724117e-01],
        ...,
        [ 9.40810702e-01,  9.38592847e-01,  9.43812620e-01, ...,
          0.00000000e+00, -3.03782042e-01, -2.25965057e-01],
        [ 7.93387851e-01,  7.89423474e-01,  7.98815288e-01, ...,
          3.03782042e-01,  0.00000000e+00,  8.06385437e-02],
        [ 8.39890120e-01,  8.36352534e-01,  8.44724117e-01, ...,
          2.25965057e-01, -8.06385437e-02,  0.00000000e+00]],

       [[ 0.00000000e+00, -2.92882338e-01, -2.79757139e-01, ...,
         -5.45875865e-01, -5.73205665e-01, -5.72645832e-01],
        [ 2.92882338e-01,  0.00000000e+00,  1.36984142e-02, ...,
         -7.67334556e-01, -7.88060898e-01, -7.87640230e-01],
        [ 2.79757139e-01, -1.36984142e-02,  0.00000000e+00, ...,
         -7.58478492e-01, -7.79554249e-01, -7.79126249e-01],
        ...,
        [ 5.45875865e-01,  7.67334556e-01,  7.58478492e-01, ...,
          0.00000000e+00,  3.29725928e-02,  3.22899068e-02],
        [ 5.73205665e-01,  7.88060898e-01,  7.79554249e-01, ...,
         -3.29725928e-02,  0.00000000e+00, -6.83049692e-04],
        [ 5.72645832e-01,  7.87640230e-01,  7.79126249e-01, ...,
         -3.22899068e-02,  6.83049692e-04,  0.00000000e+00]]]), 'num': array([ 9.99889395e-01,  4.25945541e-03,  4.25482880e-06,  5.29968550e-08,
        4.83315505e-03,  4.88479132e-03,  4.80217328e-03,  3.47429492e-03,
       -2.06545088e-05,  4.78151878e-03,  4.77274061e-03,  5.42352976e-03,
        1.12252765e-06,  4.98116446e-03,  4.56431676e-03])}
{'img': array([[[ 0.00000000e+00,  4.88166833e-01,  4.36850723e-01, ...,
         -9.89285063e-01, -9.64875152e-01, -9.74212674e-01],
        [-4.88166833e-01,  0.00000000e+00, -5.78610576e-02, ...,
         -9.34669662e-01, -9.70340858e-01, -9.60390350e-01],
        [-4.36850723e-01,  5.78610576e-02,  0.00000000e+00, ...,
         -9.53674372e-01, -9.82702572e-01, -9.74904812e-01],
        ...,
        [ 9.89285063e-01,  9.34669662e-01,  9.53674372e-01, ...,
          0.00000000e+00,  1.19025260e-01,  8.09821448e-02],
        [ 9.64875152e-01,  9.70340858e-01,  9.82702572e-01, ...,
         -1.19025260e-01,  0.00000000e+00, -3.82278666e-02],
        [ 9.74212674e-01,  9.60390350e-01,  9.74904812e-01, ...,
         -8.09821448e-02,  3.82278666e-02,  0.00000000e+00]],

       [[ 0.00000000e+00,  1.35045519e-01, -5.54179675e-01, ...,
         -4.50044707e-01, -1.79074602e-01, -6.10083652e-01],
        [-1.35045519e-01,  0.00000000e+00, -6.61514550e-01, ...,
         -5.66518488e-01, -3.10296746e-01, -7.11496480e-01],
        [ 5.54179675e-01,  6.61514550e-01,  0.00000000e+00, ...,
          1.20269892e-01,  3.96160462e-01, -6.87347797e-02],
        ...,
        [ 4.50044707e-01,  5.66518488e-01, -1.20269892e-01, ...,
          0.00000000e+00,  2.82855260e-01, -1.88221300e-01],
        [ 1.79074602e-01,  3.10296746e-01, -3.96160462e-01, ...,
         -2.82855260e-01,  0.00000000e+00, -4.58334519e-01],
        [ 6.10083652e-01,  7.11496480e-01,  6.87347797e-02, ...,
          1.88221300e-01,  4.58334519e-01,  0.00000000e+00]],

       [[ 0.00000000e+00, -1.04877815e-01, -1.70651591e-01, ...,
         -7.61173585e-01, -8.53757238e-01, -9.03667915e-01],
        [ 1.04877815e-01,  0.00000000e+00, -6.63710593e-02, ...,
         -8.24994118e-01, -9.03655731e-01, -9.43596529e-01],
        [ 1.70651591e-01,  6.63710593e-02,  0.00000000e+00, ...,
         -8.60684042e-01, -9.30087225e-01, -9.63491204e-01],
        ...,
        [ 7.61173585e-01,  8.24994118e-01,  8.60684042e-01, ...,
          0.00000000e+00,  1.57381502e-01,  2.60111848e-01],
