state_0,state_1,state_2,state_3,state_4,state_5,state_6,state_7,state_8,state_9,state_10,state_11,state_12,state_13,state_14,state_15,state_16,state_17,state_18,state_19,state_20,state_21,state_22,state_23,state_24,state_25,state_26,state_27,state_28,state_29,state_30,state_31,state_32,state_33,state_34,state_35,state_36,state_37,state_38,state_39,state_40,state_41,state_42,state_43,state_44,state_45,state_46,state_47,state_48,state_49,state_50,state_51,state_52,state_53,state_54,state_55,state_56,state_57,state_58,state_59,state_60,state_61,state_62,state_63,state_64,state_65,state_66,state_67,state_68,state_69,state_70,state_71,state_72,state_73,state_74,state_75,state_76,state_77,state_78,state_79,state_80,state_81,state_82,state_83,state_84,state_85,state_86,state_87,state_88,state_89,state_90,state_91,state_92,state_93,state_94,state_95,state_96,state_97,state_98,state_99,state_100,state_101,state_102,state_103,state_104,state_105,state_106,state_107,state_108,state_109,state_110,state_111,state_112,state_113,state_114,state_115,state_116,state_117,state_118,state_119,state_120,state_121,state_122,state_123,state_124,state_125,state_126,state_127,state_128,state_129,state_130,state_131,state_132,state_133,state_134,state_135,state_136,state_137,state_138,state_139,state_140,state_141,state_142,state_143,state_144,state_145,state_146,state_147,state_148,state_149,state_150,state_151,state_152,state_153,state_154,state_155,state_156,state_157,state_158,state_159,state_160,state_161,state_162,state_163,state_164,state_165,state_166,state_167,state_168,state_169,state_170,state_171,state_172,state_173,state_174,state_175,state_176,state_177,state_178,state_179,state_180,state_181,state_182,state_183,state_184,state_185,state_186,state_187,state_188,state_189,state_190,state_191,state_192,state_193,state_194,state_195,state_196,state_197,state_198,state_199,state_200,state_201,state_202,state_203,state_204,state_205,state_206,state_207,state_208,state_209,state_210,state_211,state_212,state_213,state_214,state_215,state_216,state_217,state_218,state_219,state_220,state_221,state_222,state_223,state_224,state_225,state_226,state_227,state_228,state_229,state_230,state_231,state_232,state_233,state_234,state_235,state_236,state_237,state_238,state_239,state_240,state_241,state_242,state_243,state_244,state_245,state_246,state_247,state_248,state_249,state_250,state_251,state_252,state_253,state_254,state_255,state_256,state_257,state_258,state_259,state_260,state_261,state_262,state_263,state_264,state_265,state_266,state_267,state_268,state_269,state_270,state_271,state_272,state_273,state_274,state_275,state_276,state_277,state_278,state_279,state_280,state_281,state_282,state_283,state_284,state_285,state_286,state_287
{'img': array([[[ 0.        ,  0.29412673,  0.51083102, ...,  0.12322136,
          0.02471964,  0.67638542],
        [-0.29412673,  0.        ,  0.23537994, ..., -0.17411442,
         -0.27041066,  0.42982806],
        [-0.51083102, -0.23537994,  0.        , ..., -0.40100701,
         -0.48942392,  0.20522429],
        ...,
        [-0.12322136,  0.17411442,  0.40100701, ...,  0.        ,
         -0.09865245,  0.58047241],
        [-0.02471964,  0.27041066,  0.48942392, ...,  0.09865245,
          0.        ,  0.65797154],
        [-0.67638542, -0.42982806, -0.20522429, ..., -0.58047241,
         -0.65797154,  0.        ]],

       [[ 0.        ,  0.09559461,  0.21559815, ...,  0.06646112,
         -0.09490904,  0.41461766],
        [-0.09559461,  0.        ,  0.12126435, ..., -0.0292265 ,
         -0.18963749,  0.32572817],
        [-0.21559815, -0.12126435,  0.        , ..., -0.15022336,
         -0.30730192,  0.20867336],
        ...,
        [-0.06646112,  0.0292265 ,  0.15022336, ...,  0.        ,
         -0.16086031,  0.35322161],
        [ 0.09490904,  0.18963749,  0.30730192, ...,  0.16086031,
          0.        ,  0.49911288],
        [-0.41461766, -0.32572817, -0.20867336, ..., -0.35322161,
         -0.49911288,  0.        ]],

       [[ 0.        ,  0.03490037,  0.02324799, ...,  0.18221158,
         -0.04627154,  0.05241473],
        [-0.03490037,  0.        , -0.01165711, ...,  0.14778446,
         -0.08110634,  0.0175304 ],
        [-0.02324799,  0.01165711,  0.        , ...,  0.15930353,
         -0.06948213,  0.02918452],
        ...,
        [-0.18221158, -0.14778446, -0.15930353, ...,  0.        ,
         -0.22751335, -0.13042385],
        [ 0.04627154,  0.08110634,  0.06948213, ...,  0.22751335,
          0.        ,  0.09856652],
        [-0.05241473, -0.0175304 , -0.02918452, ...,  0.13042385,
         -0.09856652,  0.        ]],

       ...,

       [[ 0.        ,  0.3579749 ,  0.44818567, ..., -0.04807808,
         -0.75514135, -0.07270047],
        [-0.3579749 ,  0.        ,  0.09847669, ..., -0.40245293,
         -0.93977379, -0.42491033],
        [-0.44818567, -0.09847669,  0.        , ..., -0.49064632,
         -0.96886493, -0.51198959],
        ...,
        [ 0.04807808,  0.40245293,  0.49064632, ...,  0.        ,
         -0.72274993, -0.02466555],
        [ 0.75514135,  0.93977379,  0.96886493, ...,  0.72274993,
          0.        ,  0.70548344],
        [ 0.07270047,  0.42491033,  0.51198959, ...,  0.02466555,
         -0.70548344,  0.        ]],

       [[ 0.        ,  0.07768848,  0.16357547, ...,  0.99843109,
          0.99878587,  0.99816279],
        [-0.07768848,  0.        ,  0.08643902, ...,  0.9910634 ,
          0.99194009,  0.99043894],
        [-0.16357547, -0.08643902,  0.        , ...,  0.97582375,
          0.97727491,  0.97480745],
        ...,
        [-0.99843109, -0.9910634 , -0.97582375, ...,  0.        ,
          0.00674111, -0.00460272],
        [-0.99878587, -0.99194009, -0.97727491, ..., -0.00674111,
          0.        , -0.01134366],
        [-0.99816279, -0.99043894, -0.97480745, ...,  0.00460272,
          0.01134366,  0.        ]],

       [[ 0.        , -0.00379074, -0.01895914, ...,  0.69896481,
          0.6898667 ,  0.80712536],
        [ 0.00379074,  0.        , -0.01516894, ...,  0.70167077,
          0.69260601,  0.80935754],
        [ 0.01895914,  0.01516894,  0.        , ...,  0.71239792,
          0.70346792,  0.81817338],
        ...,
        [-0.69896481, -0.70167077, -0.71239792, ...,  0.        ,
         -0.01264373,  0.16456567],
        [-0.6898667 , -0.69260601, -0.70346792, ...,  0.01264373,
          0.        ,  0.17702386],
        [-0.80712536, -0.80935754, -0.81817338, ..., -0.16456567,
         -0.17702386,  0.        ]]]), 'num': array([ 7.07098324e-01,  7.07098324e-01,  0.00000000e+00,  0.00000000e+00,
        7.80172315e-04,  7.89843872e-04,  7.75873845e-04,  4.36634289e-03,
       -8.59694011e-06,  7.72649992e-04,  7.80279776e-04,  7.72112683e-04,
        1.00050596e-06,  8.12831287e-04,  7.47728266e-04])}
{'img': array([[[ 0.        ,  0.23537994, -0.24655126, ..., -0.27041066,
          0.42982806,  0.2085036 ],
        [-0.23537994,  0.        , -0.46773771, ..., -0.48942392,
          0.20522429, -0.0275613 ],
        [ 0.24655126,  0.46773771,  0.        , ..., -0.02469701,
          0.63917295,  0.44319949],
        ...,
        [ 0.27041066,  0.48942392,  0.02469701, ...,  0.        ,
          0.65797154,  0.46520327],
        [-0.42982806, -0.20522429, -0.63917295, ..., -0.65797154,
          0.        , -0.23212099],
        [-0.2085036 ,  0.0275613 , -0.44319949, ..., -0.46520327,
          0.23212099,  0.        ]],

       [[ 0.        ,  0.12126435, -0.00753717, ..., -0.18963749,
          0.32572817, -0.30646251],
        [-0.12126435,  0.        , -0.12874245, ..., -0.30730192,
          0.20867336, -0.41963033],
        [ 0.00753717,  0.12874245,  0.        , ..., -0.1822317 ,
          0.33284503, -0.2992793 ],
        ...,
        [ 0.18963749,  0.30730192,  0.1822317 , ...,  0.        ,
          0.49911288, -0.12038884],
        [-0.32572817, -0.20867336, -0.33284503, ..., -0.49911288,
          0.        , -0.59980412],
        [ 0.30646251,  0.41963033,  0.2992793 , ...,  0.12038884,
          0.59980412,  0.        ]],

       [[ 0.        , -0.01165711, -0.08685603, ..., -0.08110634,
          0.0175304 ,  0.0704489 ],
        [ 0.01165711,  0.        , -0.07523707, ..., -0.06948213,
          0.02918452,  0.08207226],
        [ 0.08685603,  0.07523707,  0.        , ...,  0.00577004,
          0.10430683,  0.15682289],
        ...,
        [ 0.08110634,  0.06948213, -0.00577004, ...,  0.        ,
          0.09856652,  0.15112163],
        [-0.0175304 , -0.02918452, -0.10430683, ..., -0.09856652,
          0.        ,  0.05295123],
        [-0.0704489 , -0.08207226, -0.15682289, ..., -0.15112163,
         -0.05295123,  0.        ]],

       ...,

       [[ 0.        ,  0.09847669, -0.24987478, ..., -0.93977379,
         -0.42491033, -0.65110686],
        [-0.09847669,  0.        , -0.34401306, ..., -0.96886493,
         -0.51198959, -0.7226845 ],
        [ 0.24987478,  0.34401306,  0.        , ..., -0.82455597,
         -0.18523588, -0.44080107],
        ...,
        [ 0.93977379,  0.96886493,  0.82455597, ...,  0.        ,
          0.70548344,  0.49072881],
        [ 0.42491033,  0.51198959,  0.18523588, ..., -0.70548344,
          0.        , -0.26690398],
        [ 0.65110686,  0.7226845 ,  0.44080107, ..., -0.49072881,
          0.26690398,  0.        ]],

       [[ 0.        ,  0.08643902,  0.02218928, ...,  0.99194009,
          0.99043894,  0.98844417],
        [-0.08643902,  0.        , -0.06431151, ...,  0.97727491,
          0.97480745,  0.97164167],
        [-0.02218928,  0.06431151,  0.        , ...,  0.98888431,
          0.98713403,  0.98483723],
        ...,
        [-0.99194009, -0.97727491, -0.98888431, ...,  0.        ,
         -0.01134366, -0.02512009],
        [-0.99043894, -0.97480745, -0.98713403, ...,  0.01134366,
          0.        , -0.01377839],
        [-0.98844417, -0.97164167, -0.98483723, ...,  0.02512009,
          0.01377839,  0.        ]],

       [[ 0.        , -0.01516894, -0.01799219, ...,  0.69260601,
          0.80935754,  0.86636076],
        [ 0.01516894,  0.        , -0.00282363, ...,  0.70346792,
          0.81817338,  0.87383674],
        [ 0.01799219,  0.00282363,  0.        , ...,  0.70547195,
          0.81979363,  0.87520616],
        ...,
        [-0.69260601, -0.70346792, -0.70547195, ...,  0.        ,
          0.17702386,  0.27901959],
        [-0.80935754, -0.81817338, -0.81979363, ..., -0.17702386,
          0.        ,  0.10461947],
        [-0.86636076, -0.87383674, -0.87520616, ..., -0.27901959,
         -0.10461947,  0.        ]]]), 'num': array([ 7.07098473e-01,  7.07098473e-01,  0.00000000e+00,  0.00000000e+00,
        7.75874008e-04,  7.83396333e-04,  7.74799391e-04,  4.31910362e-03,
       -4.29847096e-06,  7.73724773e-04,  7.81354559e-04,  7.72184487e-04,
        9.36846235e-07,  8.11763773e-04,  7.50945345e-04])}
{'img': array([[[ 0.        , -0.46773771, -0.21054102, ...,  0.20522429,
         -0.0275613 , -0.13414103],
        [ 0.46773771,  0.        ,  0.27116305, ...,  0.63917295,
          0.44319949,  0.34494755],
        [ 0.21054102, -0.27116305,  0.        , ...,  0.40668385,
          0.18351753,  0.07750395],
        ...,
        [-0.20522429, -0.63917295, -0.40668385, ...,  0.        ,
         -0.23212099, -0.33465536],
        [ 0.0275613 , -0.44319949, -0.18351753, ...,  0.23212099,
          0.        , -0.10677786],
        [ 0.13414103, -0.34494755, -0.07750395, ...,  0.33465536,
          0.10677786,  0.        ]],

       [[ 0.        , -0.12874245, -0.23517654, ...,  0.20867336,
         -0.41963033, -0.42513598],
        [ 0.12874245,  0.        , -0.10808785, ...,  0.33284503,
         -0.2992793 , -0.30506943],
        [ 0.23517654,  0.10808785,  0.        , ...,  0.43281986,
         -0.19439222, -0.20034682],
        ...,
        [-0.20867336, -0.33284503, -0.43281986, ...,  0.        ,
         -0.59980412, -0.60465319],
        [ 0.41963033,  0.2992793 ,  0.19439222, ...,  0.59980412,
          0.        , -0.00607405],
        [ 0.42513598,  0.30506943,  0.20034682, ...,  0.60465319,
          0.00607405,  0.        ]],

       [[ 0.        , -0.07523707, -0.01744423, ...,  0.02918452,
          0.08207226,  0.11165682],
        [ 0.07523707,  0.        ,  0.05783083, ...,  0.10430683,
          0.15682289,  0.18610695],
        [ 0.01744423, -0.05783083,  0.        , ...,  0.04661689,
          0.09944515,  0.12897499],
        ...,
        [-0.02918452, -0.10430683, -0.04661689, ...,  0.        ,
          0.05295123,  0.08260724],
        [-0.08207226, -0.15682289, -0.09944515, ..., -0.05295123,
          0.        ,  0.02972109],
        [-0.11165682, -0.18610695, -0.12897499, ..., -0.08260724,
         -0.02972109,  0.        ]],

       ...,

       [[ 0.        , -0.34401306, -0.19216964, ..., -0.51198959,
         -0.7226845 , -0.81492732],
        [ 0.34401306,  0.        ,  0.15716072, ..., -0.18523588,
         -0.44080107, -0.56581083],
        [ 0.19216964, -0.15716072,  0.        , ..., -0.33737487,
         -0.57639147, -0.68836404],
        ...,
        [ 0.51198959,  0.18523588,  0.33737487, ...,  0.        ,
         -0.26690398, -0.40328547],
        [ 0.7226845 ,  0.44080107,  0.57639147, ...,  0.26690398,
          0.        , -0.14441858],
        [ 0.81492732,  0.56581083,  0.68836404, ...,  0.40328547,
          0.14441858,  0.        ]],

       [[ 0.        , -0.06431151,  0.07904037, ...,  0.97480745,
          0.97164167,  0.95064779],
        [ 0.06431151,  0.        ,  0.14298705, ...,  0.98713403,
          0.98483723,  0.9686339 ],
        [-0.07904037, -0.14298705,  0.        , ...,  0.95412788,
          0.94991207,  0.92314959],
        ...,
        [-0.97480745, -0.98713403, -0.95412788, ...,  0.        ,
         -0.01377839, -0.09041541],
        [-0.97164167, -0.98483723, -0.94991207, ...,  0.01377839,
          0.        , -0.07668487],
        [-0.95064779, -0.9686339 , -0.92314959, ...,  0.09041541,
          0.07668487,  0.        ]],

       [[ 0.        , -0.00282363,  0.02014916, ...,  0.81817338,
          0.87383674,  0.94344476],
        [ 0.00282363,  0.        ,  0.02297214, ...,  0.81979363,
          0.87520616,  0.94437711],
        [-0.02014916, -0.02297214,  0.        , ...,  0.80642208,
          0.86386242,  0.93657318],
        ...,
        [-0.81817338, -0.81979363, -0.80642208, ...,  0.        ,
          0.10461947,  0.27120508],
        [-0.87383674, -0.87520616, -0.86386242, ..., -0.10461947,
          0.        ,  0.1690183 ],
        [-0.94344476, -0.94437711, -0.93657318, ..., -0.27120508,
         -0.1690183 ,  0.        ]]]), 'num': array([ 8.98985951e-01,  4.37928220e-01,  1.28071592e-05, -1.99628387e-10,
        9.85166091e-04,  9.93375809e-04,  9.78324660e-04,  5.94123567e-03,
       -2.73657248e-06,  9.87629006e-04,  9.96180795e-04,  9.83045248e-04,
        1.02935295e-06,  1.03162416e-03,  9.60737427e-04])}
{'img': array([[[ 0.        ,  0.27116305,  0.56577839, ...,  0.44319949,
          0.34494755,  0.29576649],
        [-0.27116305,  0.        ,  0.32099113, ...,  0.18351753,
          0.07750395,  0.02565385],
        [-0.56577839, -0.32099113,  0.        , ..., -0.14173337,
         -0.24662299, -0.29658919],
        ...,
        [-0.44319949, -0.18351753,  0.14173337, ...,  0.        ,
         -0.10677786, -0.15823898],
        [-0.34494755, -0.07750395,  0.24662299, ...,  0.10677786,
          0.        , -0.05190176],
        [-0.29576649, -0.02565385,  0.29658919, ...,  0.15823898,
          0.05190176,  0.        ]],

       [[ 0.        , -0.10808785,  0.39721623, ..., -0.2992793 ,
         -0.30506943, -0.26419621],
        [ 0.10808785,  0.        ,  0.49408401, ..., -0.19439222,
         -0.20034682, -0.158401  ],
        [-0.39721623, -0.49408401,  0.        , ..., -0.65366616,
         -0.65825084, -0.6255622 ],
        ...,
        [ 0.2992793 ,  0.19439222,  0.65366616, ...,  0.        ,
         -0.00607405,  0.03655867],
        [ 0.30506943,  0.20034682,  0.65825084, ...,  0.00607405,
          0.        ,  0.04262799],
        [ 0.26419621,  0.158401  ,  0.6255622 , ..., -0.03655867,
         -0.04262799,  0.        ]],

       [[ 0.        ,  0.05783083,  0.20371555, ...,  0.15682289,
          0.18610695,  0.23902075],
        [-0.05783083,  0.        ,  0.14675649, ...,  0.09944515,
          0.12897499,  0.18246615],
        [-0.20371555, -0.14675649,  0.        , ..., -0.0476606 ,
         -0.01795223,  0.03619776],
        ...,
        [-0.15682289, -0.09944515,  0.0476606 , ...,  0.        ,
          0.02972109,  0.083786  ],
        [-0.18610695, -0.12897499,  0.01795223, ..., -0.02972109,
          0.        ,  0.05413239],
        [-0.23902075, -0.18246615, -0.03619776, ..., -0.083786  ,
         -0.05413239,  0.        ]],

       ...,

       [[ 0.        ,  0.15716072,  0.4490782 , ..., -0.44080107,
         -0.56581083, -0.81964814],
        [-0.15716072,  0.        ,  0.3030756 , ..., -0.57639147,
         -0.68836404, -0.89949464],
        [-0.4490782 , -0.3030756 ,  0.        , ..., -0.79694718,
         -0.87582843, -0.98961164],
        ...,
        [ 0.44080107,  0.57639147,  0.79694718, ...,  0.        ,
         -0.14441858, -0.48319962],
        [ 0.56581083,  0.68836404,  0.87582843, ...,  0.14441858,
          0.        , -0.35169414],
        [ 0.81964814,  0.89949464,  0.98961164, ...,  0.48319962,
          0.35169414,  0.        ]],

       [[ 0.        ,  0.14298705,  0.39465972, ...,  0.98483723,
          0.9686339 ,  0.93662731],
        [-0.14298705,  0.        ,  0.259224  , ...,  0.94991207,
          0.92314959,  0.87691077],
        [-0.39465972, -0.259224  ,  0.        , ...,  0.83642945,
          0.79193746,  0.72233868],
        ...,
        [-0.98483723, -0.94991207, -0.83642945, ...,  0.        ,
         -0.07668487, -0.18252849],
        [-0.9686339 , -0.92314959, -0.79193746, ...,  0.07668487,
          0.        , -0.1065944 ],
        [-0.93662731, -0.87691077, -0.72233868, ...,  0.18252849,
          0.1065944 ,  0.        ]],

       [[ 0.        ,  0.02297214,  0.01457173, ...,  0.87520616,
          0.94437711,  0.99573844],
        [-0.02297214,  0.        , -0.00840182, ...,  0.86386242,
          0.93657318,  0.99335712],
        [-0.01457173,  0.00840182,  0.        , ...,  0.86806416,
          0.93948472,  0.99428887],
        ...,
        [-0.87520616, -0.86386242, -0.86806416, ...,  0.        ,
          0.1690183 ,  0.40097499],
        [-0.94437711, -0.93657318, -0.93948472, ..., -0.1690183 ,
          0.        ,  0.24037032],
        [-0.99573844, -0.99335712, -0.99428887, ..., -0.40097499,
         -0.24037032,  0.        ]]]), 'num': array([ 8.79999730e-01,  4.74933641e-01,  1.12518358e-05, -4.23731206e-09,
        9.64443070e-04,  9.73819600e-04,  9.64443070e-04,  5.56537232e-03,
        0.00000000e+00,  9.70336889e-04,  9.76297683e-04,  9.62634739e-04,
        1.06640145e-06,  1.00815734e-03,  9.44438031e-04])}
{'img': array([[[ 0.        ,  0.32099113,  0.79634289, ...,  0.07750395,
          0.02565385,  0.02565385],
        [-0.32099113,  0.        ,  0.56005216, ..., -0.24662299,
         -0.29658919, -0.29658919],
        [-0.79634289, -0.56005216,  0.        , ..., -0.74706962,
         -0.78056419, -0.78056419],
        ...,
        [-0.07750395,  0.24662299,  0.74706962, ...,  0.        ,
         -0.05190176, -0.05190176],
        [-0.02565385,  0.29658919,  0.78056419, ...,  0.05190176,
          0.        ,  0.        ],
        [-0.02565385,  0.29658919,  0.78056419, ...,  0.05190176,
          0.        ,  0.        ]],

       [[ 0.        ,  0.49408401,  0.65859061, ..., -0.20034682,
         -0.158401  , -0.18224153],
        [-0.49408401,  0.        ,  0.20078908, ..., -0.65825084,
         -0.6255622 , -0.64425334],
        [-0.65859061, -0.20078908,  0.        , ..., -0.79599898,
         -0.76947279, -0.78469873],
        ...,
        [ 0.20034682,  0.65825084,  0.79599898, ...,  0.        ,
          0.04262799,  0.01844518],
        [ 0.158401  ,  0.6255622 ,  0.76947279, ..., -0.04262799,
          0.        , -0.02419232],
        [ 0.18224153,  0.64425334,  0.78469873, ..., -0.01844518,
          0.02419232,  0.        ]],

       [[ 0.        ,  0.14675649,  0.31519153, ...,  0.12897499,
          0.18246615,  0.26053896],
        [-0.14675649,  0.        ,  0.17250281, ..., -0.01795223,
          0.03619776,  0.11603   ],
        [-0.31519153, -0.17250281,  0.        , ..., -0.19015812,
         -0.13673464, -0.05704708],
        ...,
        [-0.12897499,  0.01795223,  0.19015812, ...,  0.        ,
          0.05413239,  0.13384228],
        [-0.18246615, -0.03619776,  0.13673464, ..., -0.05413239,
          0.        ,  0.08000069],
        [-0.26053896, -0.11603   ,  0.05704708, ..., -0.13384228,
         -0.08000069,  0.        ]],

       ...,

       [[ 0.        ,  0.3030756 , -0.09113511, ..., -0.68836404,
         -0.89949464, -0.82522639],
        [-0.3030756 ,  0.        , -0.38866308, ..., -0.87582843,
         -0.98961164, -0.95759085],
        [ 0.09113511,  0.38866308,  0.        , ..., -0.61939318,
         -0.8559316 , -0.77031894],
        ...,
        [ 0.68836404,  0.87582843,  0.61939318, ...,  0.        ,
         -0.35169414, -0.2098012 ],
        [ 0.89949464,  0.98961164,  0.8559316 , ...,  0.35169414,
          0.        ,  0.14746881],
        [ 0.82522639,  0.95759085,  0.77031894, ...,  0.2098012 ,
         -0.14746881,  0.        ]],

       [[ 0.        ,  0.259224  ,  0.62761431, ...,  0.92314959,
          0.87691077,  0.82792944],
        [-0.259224  ,  0.        ,  0.4043485 , ...,  0.79193746,
          0.72233868,  0.65424733],
        [-0.62761431, -0.4043485 ,  0.        , ...,  0.47741386,
          0.38103162,  0.29257692],
        ...,
        [-0.92314959, -0.79193746, -0.47741386, ...,  0.        ,
         -0.1065944 , -0.19944212],
        [-0.87691077, -0.72233868, -0.38103162, ...,  0.1065944 ,
          0.        , -0.09385293],
        [-0.82792944, -0.65424733, -0.29257692, ...,  0.19944212,
          0.09385293,  0.        ]],

       [[ 0.        , -0.00838087, -0.03845672, ...,  0.93423981,
          0.99198536,  0.93369756],
        [ 0.00838087,  0.        , -0.0300807 , ...,  0.937196  ,
          0.99300947,  0.93066389],
        [ 0.03845672,  0.0300807 ,  0.        , ...,  0.94726414,
          0.99611067,  0.91923696],
        ...,
        [-0.93423981, -0.937196  , -0.94726414, ...,  0.        ,
          0.23574319,  0.66751536],
        [-0.99198536, -0.99300947, -0.99611067, ..., -0.23574319,
          0.        ,  0.47316826],
        [-0.93369756, -0.93066389, -0.91923696, ..., -0.66751536,
         -0.47316826,  0.        ]]]), 'num': array([ 8.93333059e-01,  4.49308161e-01,  1.25786090e-05, -4.36013145e-09,
        9.69486677e-04,  9.90084836e-04,  9.66740256e-04,  8.39174485e-03,
       -1.92249483e-05,  9.87063772e-04,  9.99285347e-04,  9.86560262e-04,
        8.82778237e-07,  1.03469288e-03,  9.63877810e-04])}
{'img': array([[[ 0.        ,  0.56005216,  0.56005216, ..., -0.29658919,
         -0.29658919, -0.60582199],
        [-0.56005216,  0.        ,  0.        , ..., -0.78056419,
         -0.78056419, -0.9474753 ],
        [-0.56005216,  0.        ,  0.        , ..., -0.78056419,
         -0.78056419, -0.9474753 ],
        ...,
        [ 0.29658919,  0.78056419,  0.78056419, ...,  0.        ,
          0.        , -0.34259671],
        [ 0.29658919,  0.78056419,  0.78056419, ...,  0.        ,
          0.        , -0.34259671],
        [ 0.60582199,  0.9474753 ,  0.9474753 , ...,  0.34259671,
          0.34259671,  0.        ]],

       [[ 0.        ,  0.20078908,  0.10850143, ..., -0.6255622 ,
         -0.64425334, -0.47176988],
        [-0.20078908,  0.        , -0.09331193, ..., -0.76947279,
         -0.78469873, -0.63920214],
        [-0.10850143,  0.09331193,  0.        , ..., -0.7065191 ,
         -0.72343308, -0.56465276],
        ...,
        [ 0.6255622 ,  0.76947279,  0.7065191 , ...,  0.        ,
         -0.02419232,  0.18350904],
        [ 0.64425334,  0.78469873,  0.72343308, ...,  0.02419232,
          0.        ,  0.20723682],
        [ 0.47176988,  0.63920214,  0.56465276, ..., -0.18350904,
         -0.20723682,  0.        ]],

       [[ 0.        ,  0.17250281,  0.29539708, ...,  0.03619776,
          0.11603   , -0.05357093],
        [-0.17250281,  0.        ,  0.12616399, ..., -0.13673464,
         -0.05704708, -0.22502295],
        [-0.29539708, -0.12616399,  0.        , ..., -0.26062107,
         -0.18254977, -0.34615321],
        ...,
        [-0.03619776,  0.13673464,  0.26062107, ...,  0.        ,
          0.08000069, -0.08968161],
        [-0.11603   ,  0.05704708,  0.18254977, ..., -0.08000069,
          0.        , -0.16907248],
        [ 0.05357093,  0.22502295,  0.34615321, ...,  0.08968161,
          0.16907248,  0.        ]],

       ...,

       [[ 0.        , -0.38039188, -0.25352539, ..., -0.97750371,
         -0.94145757, -0.89274326],
        [ 0.38039188,  0.        ,  0.13349727, ..., -0.82378868,
         -0.74244179, -0.99702318],
        [ 0.25352539, -0.13349727,  0.        , ..., -0.8920943 ,
         -0.82522756, -0.97780606],
        ...,
        [ 0.97750371,  0.82378868,  0.8920943 , ...,  0.        ,
          0.13097673, -0.6287255 ],
        [ 0.94145757,  0.74244179,  0.82522756, ..., -0.13097673,
          0.        , -0.72516039],
        [ 0.89274326,  0.99702318,  0.97780606, ...,  0.6287255 ,
          0.72516039,  0.        ]],

       [[ 0.        ,  0.4043485 ,  0.64311868, ...,  0.72233868,
          0.65424733,  0.69859665],
        [-0.4043485 ,  0.        ,  0.27856301, ...,  0.38103162,
          0.29257692,  0.34962229],
        [-0.64311868, -0.27856301,  0.        , ...,  0.10840083,
          0.01462248,  0.07480041],
        ...,
        [-0.72233868, -0.38103162, -0.10840083, ...,  0.        ,
         -0.09385293, -0.03373752],
        [-0.65424733, -0.29257692, -0.01462248, ...,  0.09385293,
          0.        ,  0.0602109 ],
        [-0.69859665, -0.34962229, -0.07480041, ...,  0.03373752,
         -0.0602109 ,  0.        ]],

       [[ 0.        , -0.0300807 ,  0.06927544, ...,  0.99300947,
          0.93066389,  0.99051156],
        [ 0.0300807 ,  0.        ,  0.09925253, ...,  0.99611067,
          0.91923696,  0.9941973 ],
        [-0.06927544, -0.09925253,  0.        , ...,  0.98244693,
          0.95377421,  0.97861144],
        ...,
        [-0.99300947, -0.99611067, -0.98244693, ...,  0.        ,
          0.47316826, -0.01955397],
        [-0.93066389, -0.91923696, -0.95377421, ..., -0.47316826,
          0.        , -0.49030429],
        [-0.99051156, -0.9941973 , -0.97861144, ...,  0.01955397,
          0.49030429,  0.        ]]]), 'num': array([ 8.28699621e-01,  5.59615385e-01,  7.50583643e-06, -2.94594677e-08,
        9.09068365e-04,  9.14139876e-04,  9.06532609e-04,  8.99260062e-03,
        1.39466555e-05,  9.09068365e-04,  9.21937324e-04,  9.10589818e-04,
        1.04544308e-06,  9.55157415e-04,  8.88717233e-04])}
{'img': array([[[ 0.        ,  0.        ,  0.37770515, ..., -0.78056419,
         -0.9474753 , -0.82603216],
        [ 0.        ,  0.        ,  0.37770515, ..., -0.78056419,
         -0.9474753 , -0.82603216],
        [-0.37770515, -0.37770515,  0.        , ..., -0.95883891,
         -0.99809298, -0.97772789],
        ...,
        [ 0.78056419,  0.78056419,  0.95883891, ...,  0.        ,
         -0.34259671, -0.07638864],
        [ 0.9474753 ,  0.9474753 ,  0.99809298, ...,  0.34259671,
          0.        ,  0.26982988],
        [ 0.82603216,  0.82603216,  0.97772789, ...,  0.07638864,
         -0.26982988,  0.        ]],

       [[ 0.        , -0.09331193, -0.43760178, ..., -0.78469873,
         -0.63920214, -0.57320799],
        [ 0.09331193,  0.        , -0.35178931, ..., -0.72343308,
         -0.56465276, -0.49424632],
        [ 0.43760178,  0.35178931,  0.        , ..., -0.43431725,
         -0.23821794, -0.15683554],
        ...,
        [ 0.78469873,  0.72343308,  0.43431725, ...,  0.        ,
          0.20723682,  0.28767128],
        [ 0.63920214,  0.56465276,  0.23821794, ..., -0.20723682,
          0.        ,  0.08294941],
        [ 0.57320799,  0.49424632,  0.15683554, ..., -0.28767128,
         -0.08294941,  0.        ]],

       [[ 0.        ,  0.12616399,  0.43591244, ..., -0.05704708,
         -0.22502295, -0.27623529],
        [-0.12616399,  0.        ,  0.31888302, ..., -0.18254977,
         -0.34615321, -0.39528296],
        [-0.43591244, -0.31888302,  0.        , ..., -0.4865443 ,
         -0.627251  , -0.66755985],
        ...,
        [ 0.05704708,  0.18254977,  0.4865443 , ...,  0.        ,
         -0.16907248, -0.22095806],
        [ 0.22502295,  0.34615321,  0.627251  , ...,  0.16907248,
          0.        , -0.05288349],
        [ 0.27623529,  0.39528296,  0.66755985, ...,  0.22095806,
          0.05288349,  0.        ]],

       ...,

       [[ 0.        ,  0.13349727,  0.17004288, ..., -0.74244179,
         -0.99702318, -0.68873124],
        [-0.13349727,  0.        ,  0.03696775, ..., -0.82522756,
         -0.97780606, -0.77935429],
        [-0.17004288, -0.03696775,  0.        , ..., -0.84554288,
         -0.96939249, -0.80198495],
        ...,
        [ 0.74244179,  0.82522756,  0.84554288, ...,  0.        ,
         -0.72516039,  0.07689438],
        [ 0.99702318,  0.97780606,  0.96939249, ...,  0.72516039,
          0.        ,  0.7759613 ],
        [ 0.68873124,  0.77935429,  0.80198495, ..., -0.07689438,
         -0.7759613 ,  0.        ]],

       [[ 0.        ,  0.27856301,  0.52549666, ...,  0.29257692,
          0.34962229,  0.34069502],
        [-0.27856301,  0.        ,  0.26769622, ...,  0.01462248,
          0.07480041,  0.06531195],
        [-0.52549666, -0.26769622,  0.        , ..., -0.25357879,
         -0.19487582, -0.20419638],
        ...,
        [-0.29257692, -0.01462248,  0.25357879, ...,  0.        ,
          0.0602109 ,  0.05071371],
        [-0.34962229, -0.07480041,  0.19487582, ..., -0.0602109 ,
          0.        , -0.00951173],
        [-0.34069502, -0.06531195,  0.20419638, ..., -0.05071371,
          0.00951173,  0.        ]],

       [[ 0.        ,  0.09925253,  0.22380697, ...,  0.91923696,
          0.9941973 ,  0.98326365],
        [-0.09925253,  0.        ,  0.12596704, ...,  0.95377421,
          0.97861144,  0.96032591],
        [-0.22380697, -0.12596704,  0.        , ...,  0.98403299,
          0.94490264,  0.91754665],
        ...,
        [-0.91923696, -0.95377421, -0.98403299, ...,  0.        ,
         -0.49030429, -0.55458982],
        [-0.9941973 , -0.97861144, -0.94490264, ...,  0.49030429,
          0.        , -0.07535959],
        [-0.98326365, -0.96032591, -0.91754665, ...,  0.55458982,
          0.07535959,  0.        ]]]), 'num': array([ 7.96837935e-01,  6.04099223e-01,  5.36129937e-06, -1.65840293e-08,
        8.76085056e-04,  8.82177441e-04,  8.68774193e-04,  1.03563732e-02,
        2.43695426e-06,  8.72917015e-04,  8.85101786e-04,  8.74561959e-04,
        9.79133407e-07,  9.17065858e-04,  8.53137715e-04])}
{'img': array([[[ 0.        ,  0.37770515,  0.16389186, ..., -0.9474753 ,
         -0.82603216, -0.79634289],
        [-0.37770515,  0.        , -0.22084622, ..., -0.99809298,
         -0.97772789, -0.96580776],
        [-0.16389186,  0.22084622,  0.        , ..., -0.9870812 ,
         -0.90723602, -0.88470423],
        ...,
        [ 0.9474753 ,  0.99809298,  0.9870812 , ...,  0.        ,
          0.26982988,  0.31838261],
        [ 0.82603216,  0.97772789,  0.90723602, ..., -0.26982988,
          0.        ,  0.05078461],
        [ 0.79634289,  0.96580776,  0.88470423, ..., -0.31838261,
         -0.05078461,  0.        ]],

       [[ 0.        , -0.35178931, -0.40418425, ..., -0.56465276,
         -0.49424632, -0.399443  ],
        [ 0.35178931,  0.        , -0.05657467, ..., -0.23821794,
         -0.15683554, -0.05140461],
        [ 0.40418425,  0.05657467,  0.        , ..., -0.18289042,
         -0.10070981,  0.00517759],
        ...,
        [ 0.56465276,  0.23821794,  0.18289042, ...,  0.        ,
          0.08294941,  0.18797823],
        [ 0.49424632,  0.15683554,  0.10070981, ..., -0.08294941,
          0.        ,  0.10585973],
        [ 0.399443  ,  0.05140461, -0.00517759, ..., -0.18797823,
         -0.10585973,  0.        ]],

       [[ 0.        ,  0.31888302,  0.64026687, ..., -0.34615321,
         -0.39528296, -0.41130804],
        [-0.31888302,  0.        ,  0.36189034, ..., -0.627251  ,
         -0.66755985, -0.68049605],
        [-0.64026687, -0.36189034,  0.        , ..., -0.86658276,
         -0.89176077, -0.89954827],
        ...,
        [ 0.34615321,  0.627251  ,  0.86658276, ...,  0.        ,
         -0.05288349, -0.07036275],
        [ 0.39528296,  0.66755985,  0.89176077, ...,  0.05288349,
          0.        , -0.01751187],
        [ 0.41130804,  0.68049605,  0.89954827, ...,  0.07036275,
          0.01751187,  0.        ]],

       ...,

       [[ 0.        ,  0.03696775,  0.14429383, ..., -0.97780606,
         -0.77935429, -0.81336732],
        [-0.03696775,  0.        ,  0.10761432, ..., -0.96939249,
         -0.80198495, -0.83431736],
        [-0.14429383, -0.10761432,  0.        , ..., -0.9373419 ,
         -0.86161039, -0.88879834],
        ...,
        [ 0.97780606,  0.96939249,  0.9373419 , ...,  0.        ,
          0.7759613 ,  0.73924942],
        [ 0.77935429,  0.80198495,  0.86161039, ..., -0.7759613 ,
          0.        , -0.05625283],
        [ 0.81336732,  0.83431736,  0.88879834, ..., -0.73924942,
          0.05625283,  0.        ]],

       [[ 0.        ,  0.26769622,  0.48249238, ...,  0.07480041,
          0.06531195,  0.01449209],
        [-0.26769622,  0.        ,  0.23040787, ..., -0.19487582,
         -0.20419638, -0.25370493],
        [-0.48249238, -0.23040787,  0.        , ..., -0.415623  ,
         -0.42425546, -0.46974809],
        ...,
        [-0.07480041,  0.19487582,  0.415623  , ...,  0.        ,
         -0.00951173, -0.06034106],
        [-0.06531195,  0.20419638,  0.42425546, ...,  0.00951173,
          0.        , -0.05084394],
        [-0.01449209,  0.25370493,  0.46974809, ...,  0.06034106,
          0.05084394,  0.        ]],

       [[ 0.        ,  0.12596704,  0.2682047 , ...,  0.97861144,
          0.96032591,  0.94347537],
        [-0.12596704,  0.        ,  0.14471645, ...,  0.94490264,
          0.91754665,  0.8942092 ],
        [-0.2682047 , -0.14471645,  0.        , ...,  0.88758266,
          0.85034446,  0.8200138 ],
        ...,
        [-0.97861144, -0.94490264, -0.88758266, ...,  0.        ,
         -0.07535959, -0.13026427],
        [-0.96032591, -0.91754665, -0.85034446, ...,  0.07535959,
          0.        , -0.05517638],
        [-0.94347537, -0.8942092 , -0.8200138 , ...,  0.13026427,
          0.05517638,  0.        ]]]), 'num': array([ 7.86581362e-01,  6.17398801e-01,  4.77916840e-06, -1.49071141e-08,
        8.54457381e-04,  8.66525988e-04,  8.54457381e-04,  1.01232683e-02,
       -1.32754678e-05,  8.61698545e-04,  8.74913669e-04,  8.65459927e-04,
        8.18210649e-07,  9.07409164e-04,  8.42418175e-04])}
{'img': array([[[ 0.        , -0.22084622, -0.68515738, ..., -0.97772789,
         -0.96580776, -0.99992379],
        [ 0.22084622,  0.        , -0.50737662, ..., -0.90723602,
         -0.88470423, -0.97796081],
        [ 0.68515738,  0.50737662,  0.        , ..., -0.56837371,
         -0.52585621, -0.73679828],
        ...,
        [ 0.97772789,  0.90723602,  0.56837371, ...,  0.        ,
          0.05078461, -0.22193126],
        [ 0.96580776,  0.88470423,  0.52585621, ..., -0.05078461,
          0.        , -0.27116305],
        [ 0.99992379,  0.97796081,  0.73679828, ...,  0.22193126,
          0.27116305,  0.        ]],

       [[ 0.        , -0.05657467, -0.06858675, ..., -0.15683554,
         -0.05140461, -0.05935929],
        [ 0.05657467,  0.        , -0.01203546, ..., -0.10070981,
          0.00517759, -0.00278931],
        [ 0.06858675,  0.01203546,  0.        , ..., -0.08872825,
          0.01721251,  0.00924631],
        ...,
        [ 0.15683554,  0.10070981,  0.08872825, ...,  0.        ,
          0.10585973,  0.09793429],
        [ 0.05140461, -0.00517759, -0.01721251, ..., -0.10585973,
          0.        , -0.00796684],
        [ 0.05935929,  0.00278931, -0.00924631, ..., -0.09793429,
          0.00796684,  0.        ]],

       [[ 0.        ,  0.36189034,  0.60908696, ..., -0.66755985,
         -0.68049605, -0.72980059],
        [-0.36189034,  0.        ,  0.28078698, ..., -0.89176077,
         -0.89954827, -0.92774517],
        [-0.60908696, -0.28078698,  0.        , ..., -0.98294345,
         -0.9860133 , -0.9952158 ],
        ...,
        [ 0.66755985,  0.89176077,  0.98294345, ...,  0.        ,
         -0.01751187, -0.08699349],
        [ 0.68049605,  0.89954827,  0.9860133 , ...,  0.01751187,
          0.        , -0.06953467],
        [ 0.72980059,  0.92774517,  0.9952158 , ...,  0.08699349,
          0.06953467,  0.        ]],

       ...,

       [[ 0.        ,  0.10761432, -0.12147024, ..., -0.80198495,
         -0.83431736, -0.99130561],
        [-0.10761432,  0.        , -0.22758227, ..., -0.86161039,
         -0.88879834, -0.99970866],
        [ 0.12147024,  0.22758227,  0.        , ..., -0.72348676,
         -0.76117464, -0.96798205],
        ...,
        [ 0.80198495,  0.86161039,  0.72348676, ...,  0.        ,
         -0.05625283, -0.48662581],
        [ 0.83431736,  0.88879834,  0.76117464, ...,  0.05625283,
          0.        , -0.4367122 ],
        [ 0.99130561,  0.99970866,  0.96798205, ...,  0.48662581,
          0.4367122 ,  0.        ]],

       [[ 0.        ,  0.23040787,  0.19901248, ..., -0.20419638,
         -0.25370493, -0.30448281],
        [-0.23040787,  0.        , -0.03214113, ..., -0.42425546,
         -0.46974809, -0.51575804],
        [-0.19901248,  0.03214113,  0.        , ..., -0.3949311 ,
         -0.44113118, -0.48795516],
        ...,
        [ 0.20419638,  0.42425546,  0.3949311 , ...,  0.        ,
         -0.05084394, -0.10356665],
        [ 0.25370493,  0.46974809,  0.44113118, ...,  0.05084394,
          0.        , -0.05286217],
        [ 0.30448281,  0.51575804,  0.48795516, ...,  0.10356665,
          0.05286217,  0.        ]],

       [[ 0.        ,  0.14471645,  0.37977392, ...,  0.91754665,
          0.8942092 ,  0.82631039],
        [-0.14471645,  0.        ,  0.24190191, ...,  0.85034446,
          0.8200138 ,  0.73610548],
        [-0.37977392, -0.24190191,  0.        , ...,  0.69779465,
          0.65720893,  0.55050829],
        ...,
        [-0.91754665, -0.85034446, -0.69779465, ...,  0.        ,
         -0.05517638, -0.18821178],
        [-0.8942092 , -0.8200138 , -0.65720893, ...,  0.05517638,
          0.        , -0.13373477],
        [-0.82631039, -0.73610548, -0.55050829, ...,  0.18821178,
          0.13373477,  0.        ]]]), 'num': array([ 9.16560355e-01,  3.99306887e-01,  1.49064400e-05, -2.71268916e-08,
        9.87124938e-04,  1.00703812e-03,  9.82857828e-04,  2.15161944e-02,
       -1.99131832e-05,  1.00817602e-03,  1.02737802e-03,  1.01870156e-03,
        1.10475358e-06,  1.06738785e-03,  9.87368180e-04])}
{'img': array([[[ 0.        , -0.50737662, -0.72935108, ..., -0.88470423,
         -0.97796081, -0.9897259 ],
        [ 0.50737662,  0.        , -0.2813832 , ..., -0.52585621,
         -0.73679828, -0.92541456],
        [ 0.72935108,  0.2813832 ,  0.        , ..., -0.26527216,
         -0.51678157, -0.78139169],
        ...,
        [ 0.88470423,  0.52585621,  0.26527216, ...,  0.        ,
         -0.27116305, -0.58785654],
        [ 0.97796081,  0.73679828,  0.51678157, ...,  0.27116305,
          0.        , -0.3464701 ],
