state_0,state_1,state_2,state_3,state_4,state_5,state_6,state_7,state_8,state_9,state_10,state_11,state_12,state_13,state_14,state_15,state_16,state_17,state_18,state_19,state_20,state_21,state_22,state_23,state_24,state_25,state_26,state_27,state_28,state_29,state_30,state_31,state_32,state_33,state_34,state_35,state_36,state_37,state_38,state_39,state_40,state_41,state_42,state_43,state_44,state_45,state_46,state_47,state_48,state_49,state_50,state_51,state_52,state_53,state_54,state_55,state_56,state_57,state_58,state_59,state_60,state_61,state_62,state_63,state_64,state_65,state_66,state_67,state_68,state_69,state_70,state_71,state_72,state_73,state_74,state_75,state_76,state_77,state_78,state_79,state_80,state_81,state_82,state_83,state_84,state_85,state_86,state_87,state_88,state_89,state_90,state_91,state_92,state_93,state_94,state_95,state_96,state_97,state_98,state_99,state_100,state_101,state_102,state_103,state_104,state_105,state_106,state_107,state_108,state_109,state_110,state_111,state_112,state_113,state_114,state_115,state_116,state_117,state_118,state_119,state_120,state_121,state_122,state_123,state_124,state_125,state_126,state_127,state_128,state_129,state_130,state_131,state_132,state_133,state_134,state_135,state_136,state_137,state_138,state_139,state_140,state_141,state_142,state_143,state_144,state_145,state_146,state_147,state_148,state_149,state_150,state_151,state_152,state_153,state_154,state_155,state_156,state_157,state_158,state_159,state_160,state_161,state_162,state_163,state_164,state_165,state_166,state_167,state_168,state_169,state_170,state_171,state_172,state_173,state_174,state_175,state_176,state_177,state_178,state_179,state_180,state_181,state_182,state_183,state_184,state_185,state_186,state_187,state_188,state_189,state_190,state_191,state_192,state_193,state_194,state_195,state_196,state_197,state_198,state_199,state_200,state_201,state_202,state_203,state_204,state_205,state_206,state_207,state_208,state_209,state_210,state_211,state_212,state_213,state_214,state_215,state_216,state_217,state_218,state_219,state_220,state_221,state_222,state_223,state_224,state_225,state_226,state_227,state_228,state_229,state_230,state_231,state_232,state_233,state_234,state_235,state_236,state_237,state_238,state_239,state_240,state_241,state_242,state_243,state_244,state_245,state_246,state_247,state_248,state_249,state_250,state_251,state_252,state_253,state_254,state_255,state_256,state_257,state_258,state_259,state_260,state_261,state_262,state_263,state_264,state_265,state_266,state_267,state_268,state_269,state_270,state_271,state_272,state_273,state_274,state_275,state_276,state_277,state_278,state_279,state_280,state_281,state_282,state_283,state_284,state_285,state_286,state_287
{'img': array([[[ 0.        ,  0.00874213,  0.00437326, ...,  0.41665659,
          0.24667782,  0.46774828],
        [-0.00874213,  0.        , -0.00436896, ...,  0.40869351,
          0.23819641,  0.46000356],
        [-0.00437326,  0.00436896,  0.        , ...,  0.41267703,
          0.24243735,  0.46387845],
        ...,
        [-0.41665659, -0.40869351, -0.41267703, ...,  0.        ,
         -0.17953496,  0.05694629],
        [-0.24667782, -0.23819641, -0.24243735, ...,  0.17953496,
          0.        ,  0.23526462],
        [-0.46774828, -0.46000356, -0.46387845, ..., -0.05694629,
         -0.23526462,  0.        ]],

       [[ 0.        , -0.15130087, -0.45778966, ..., -0.17713267,
         -0.25583453,  0.08766619],
        [ 0.15130087,  0.        , -0.31800385, ..., -0.02618513,
         -0.10662364,  0.2373753 ],
        [ 0.45778966,  0.31800385,  0.        , ...,  0.29306896,
          0.21510231,  0.53396768],
        ...,
        [ 0.17713267,  0.02618513, -0.29306896, ...,  0.        ,
         -0.08055121,  0.26273062],
        [ 0.25583453,  0.10662364, -0.21510231, ...,  0.08055121,
          0.        ,  0.33959825],
        [-0.08766619, -0.2373753 , -0.53396768, ..., -0.26273062,
         -0.33959825,  0.        ]],

       [[ 0.        , -0.10348626, -0.1647287 , ...,  0.66078024,
          0.36498065,  0.3424093 ],
        [ 0.10348626,  0.        , -0.06177173, ...,  0.7349071 ,
          0.4593683 ,  0.43780148],
        [ 0.1647287 ,  0.06177173,  0.        , ...,  0.77539524,
          0.51335953,  0.49250262],
        ...,
        [-0.66078024, -0.7349071 , -0.77539524, ...,  0.        ,
         -0.34124942, -0.36383129],
        [-0.36498065, -0.4593683 , -0.51335953, ...,  0.34124942,
          0.        , -0.02412966],
        [-0.3424093 , -0.43780148, -0.49250262, ...,  0.36383129,
          0.02412966,  0.        ]],

       ...,

       [[ 0.        , -0.02484676, -0.01210409, ...,  0.73299441,
          0.48564506,  0.45174614],
        [ 0.02484676,  0.        ,  0.01274458, ...,  0.74966974,
          0.50721507,  0.47377362],
        [ 0.01210409, -0.01274458,  0.        , ...,  0.74117433,
          0.49619035,  0.46251167],
        ...,
        [-0.73299441, -0.74966974, -0.74117433, ...,  0.        ,
         -0.31039892, -0.34664503],
        [-0.48564506, -0.50721507, -0.49619035, ...,  0.31039892,
          0.        , -0.03836992],
        [-0.45174614, -0.47377362, -0.46251167, ...,  0.34664503,
          0.03836992,  0.        ]],

       [[ 0.        , -0.0540531 , -0.18760479, ...,  0.40216575,
          0.37818419,  0.36036516],
        [ 0.0540531 ,  0.        , -0.13423716, ...,  0.45106703,
          0.42766991,  0.41025967],
        [ 0.18760479,  0.13423716,  0.        , ...,  0.56678987,
          0.54514083,  0.5289666 ],
        ...,
        [-0.40216575, -0.45106703, -0.56678987, ...,  0.        ,
         -0.02604412, -0.04520636],
        [-0.37818419, -0.42766991, -0.54514083, ...,  0.02604412,
          0.        , -0.01917353],
        [-0.36036516, -0.41025967, -0.5289666 , ...,  0.04520636,
          0.01917353,  0.        ]],

       [[ 0.        , -0.48394046, -0.57385781, ..., -0.76842279,
         -0.72384306, -0.73493111],
        [ 0.48394046,  0.        , -0.10585806, ..., -0.36275342,
         -0.29953391, -0.31495865],
        [ 0.57385781,  0.10585806,  0.        , ..., -0.26206764,
         -0.19685325, -0.21271852],
        ...,
        [ 0.76842279,  0.36275342,  0.26206764, ...,  0.        ,
          0.06696662,  0.05078593],
        [ 0.72384306,  0.29953391,  0.19685325, ..., -0.06696662,
          0.        , -0.01620828],
        [ 0.73493111,  0.31495865,  0.21271852, ..., -0.05078593,
          0.01620828,  0.        ]]]), 'num': array([ 7.07105670e-01,  7.07105670e-01,  0.00000000e+00,  0.00000000e+00,
        2.18198910e-04,  2.19191727e-04,  2.13786395e-04,  1.66303311e-03,
       -3.30938691e-07,  2.16301529e-04,  2.19412352e-04,  2.07448919e-04,
        4.71151593e-07,  2.36957999e-04,  2.01866705e-04])}
{'img': array([[[ 0.        , -0.00436896, -0.20100952, ...,  0.23819641,
          0.46000356,  0.44822678],
        [ 0.00436896,  0.        , -0.19672782, ...,  0.24243735,
          0.46387845,  0.452128  ],
        [ 0.20100952,  0.19672782,  0.        , ...,  0.42855852,
          0.62909435,  0.61876456],
        ...,
        [-0.23819641, -0.24243735, -0.42855852, ...,  0.        ,
          0.23526462,  0.22239696],
        [-0.46000356, -0.46387845, -0.62909435, ..., -0.23526462,
          0.        , -0.01321812],
        [-0.44822678, -0.452128  , -0.61876456, ..., -0.22239696,
          0.01321812,  0.        ]],

       [[ 0.        , -0.31800385, -0.11755198, ..., -0.10662364,
          0.2373753 , -0.17744654],
        [ 0.31800385,  0.        ,  0.20434925, ...,  0.21510231,
          0.53396768,  0.14472208],
        [ 0.11755198, -0.20434925,  0.        , ...,  0.01099749,
          0.34992163, -0.06052977],
        ...,
        [ 0.10662364, -0.21510231, -0.01099749, ...,  0.        ,
          0.33959825, -0.07150344],
        [-0.2373753 , -0.53396768, -0.34992163, ..., -0.33959825,
          0.        , -0.40598303],
        [ 0.17744654, -0.14472208,  0.06052977, ...,  0.07150344,
          0.40598303,  0.        ]],

       [[ 0.        , -0.06177173, -0.1768347 , ...,  0.4593683 ,
          0.43780148,  0.3635928 ],
        [ 0.06177173,  0.        , -0.11569876, ...,  0.51335953,
          0.49250262,  0.4204424 ],
        [ 0.1768347 ,  0.11569876,  0.        , ...,  0.60920161,
          0.58988904,  0.52259456],
        ...,
        [-0.4593683 , -0.51335953, -0.60920161, ...,  0.        ,
         -0.02412966, -0.1049684 ],
        [-0.43780148, -0.49250262, -0.58988904, ...,  0.02412966,
          0.        , -0.08094148],
        [-0.3635928 , -0.4204424 , -0.52259456, ...,  0.1049684 ,
          0.08094148,  0.        ]],

       ...,

       [[ 0.        ,  0.01274458, -0.1130664 , ...,  0.50721507,
          0.47377362,  0.48895495],
        [-0.01274458,  0.        , -0.12572008, ...,  0.49619035,
          0.46251167,  0.47779802],
        [ 0.1130664 ,  0.12572008,  0.        , ...,  0.60140536,
          0.57030707,  0.58444834],
        ...,
        [-0.50721507, -0.49619035, -0.60140536, ...,  0.        ,
         -0.03836992, -0.02105738],
        [-0.47377362, -0.46251167, -0.57030707, ...,  0.03836992,
          0.        ,  0.01731953],
        [-0.48895495, -0.47779802, -0.58444834, ...,  0.02105738,
         -0.01731953,  0.        ]],

       [[ 0.        , -0.13423716, -0.21350742, ...,  0.42766991,
          0.41025967,  0.36117702],
        [ 0.13423716,  0.        , -0.08043317, ...,  0.54514083,
          0.5289666 ,  0.48308388],
        [ 0.21350742,  0.08043317,  0.        , ...,  0.61080528,
          0.59551177,  0.55194389],
        ...,
        [-0.42766991, -0.54514083, -0.61080528, ...,  0.        ,
         -0.01917353, -0.07232048],
        [-0.41025967, -0.5289666 , -0.59551177, ...,  0.01917353,
          0.        , -0.05318386],
        [-0.36117702, -0.48308388, -0.55194389, ...,  0.07232048,
          0.05318386,  0.        ]],

       [[ 0.        , -0.34085967, -0.60401818, ..., -0.59660915,
         -0.61320792, -0.63272236],
        [ 0.34085967,  0.        , -0.29619095, ..., -0.28732995,
         -0.30723307, -0.33087678],
        [ 0.60401818,  0.29619095,  0.        , ...,  0.00926397,
         -0.01158167, -0.03652224],
        ...,
        [ 0.59660915,  0.28732995, -0.00926397, ...,  0.        ,
         -0.02084452, -0.04577846],
        [ 0.61320792,  0.30723307,  0.01158167, ...,  0.02084452,
          0.        , -0.02494585],
        [ 0.63272236,  0.33087678,  0.03652224, ...,  0.04577846,
          0.02494585,  0.        ]]]), 'num': array([ 7.77179553e-01,  6.29267124e-01,  7.37717852e-06, -3.23191397e-11,
        2.42479392e-04,  2.46712200e-04,  2.32804404e-04,  3.79114414e-03,
        3.26530853e-06,  2.38440085e-04,  2.40423457e-04,  2.27700848e-04,
        5.97938028e-07,  2.59578193e-04,  2.21268721e-04])}
{'img': array([[[ 0.        , -0.19672782, -0.4577034 , ...,  0.46387845,
          0.452128  ,  0.55640643],
        [ 0.19672782,  0.        , -0.27384736, ...,  0.62909435,
          0.61876456,  0.70899637],
        [ 0.4577034 ,  0.27384736,  0.        , ...,  0.81791554,
          0.81023919,  0.87501416],
        ...,
        [-0.46387845, -0.62909435, -0.81791554, ...,  0.        ,
         -0.01321812,  0.10747845],
        [-0.452128  , -0.61876456, -0.81023919, ...,  0.01321812,
          0.        ,  0.12061061],
        [-0.55640643, -0.70899637, -0.87501416, ..., -0.10747845,
         -0.12061061,  0.        ]],

       [[ 0.        ,  0.20434925,  0.4347307 , ...,  0.53396768,
          0.14472208,  0.36295938],
        [-0.20434925,  0.        ,  0.24152817, ...,  0.34992163,
         -0.06052977,  0.16488659],
        [-0.4347307 , -0.24152817,  0.        , ...,  0.11330327,
         -0.29982302, -0.07821734],
        ...,
        [-0.53396768, -0.34992163, -0.11330327, ...,  0.        ,
         -0.40598303, -0.1906698 ],
        [-0.14472208,  0.06052977,  0.29982302, ...,  0.40598303,
          0.        ,  0.22428552],
        [-0.36295938, -0.16488659,  0.07821734, ...,  0.1906698 ,
         -0.22428552,  0.        ]],

       [[ 0.        , -0.11569876, -0.29346857, ...,  0.49250262,
          0.4204424 ,  0.48322335],
        [ 0.11569876,  0.        , -0.18089335, ...,  0.58988904,
          0.52259456,  0.58127211],
        [ 0.29346857,  0.18089335,  0.        , ...,  0.72622602,
          0.66819946,  0.71887729],
        ...,
        [-0.49250262, -0.58988904, -0.72622602, ...,  0.        ,
         -0.08094148, -0.01063005],
        [-0.4204424 , -0.52259456, -0.66819946, ...,  0.08094148,
          0.        ,  0.07034173],
        [-0.48322335, -0.58127211, -0.71887729, ...,  0.01063005,
         -0.07034173,  0.        ]],

       ...,

       [[ 0.        , -0.12572008, -0.14558683, ...,  0.46251167,
          0.47779802,  0.66721401],
        [ 0.12572008,  0.        , -0.02005112, ...,  0.57030707,
          0.58444834,  0.75556479],
        [ 0.14558683,  0.02005112,  0.        , ...,  0.58666304,
          0.60060094,  0.76854785],
        ...,
        [-0.46251167, -0.57030707, -0.58666304, ...,  0.        ,
          0.01731953,  0.24705149],
        [-0.47779802, -0.58444834, -0.60060094, ..., -0.01731953,
          0.        ,  0.23023177],
        [-0.66721401, -0.75556479, -0.76854785, ..., -0.24705149,
         -0.23023177,  0.        ]],

       [[ 0.        , -0.08043317, -0.08593425, ...,  0.5289666 ,
          0.48308388,  0.46669499],
        [ 0.08043317,  0.        , -0.00552019, ...,  0.59551177,
          0.55194389,  0.53631947],
        [ 0.08593425,  0.00552019,  0.        , ...,  0.59993732,
          0.55653866,  0.54097043],
        ...,
        [-0.5289666 , -0.59551177, -0.59993732, ...,  0.        ,
         -0.05318386, -0.07177049],
        [-0.48308388, -0.55194389, -0.55653866, ...,  0.05318386,
          0.        , -0.0186222 ],
        [-0.46669499, -0.53631947, -0.54097043, ...,  0.07177049,
          0.0186222 ,  0.        ]],

       [[ 0.        , -0.52282847, -0.81707112, ..., -0.53449547,
         -0.55902802, -0.5637313 ],
        [ 0.52282847,  0.        , -0.39507249, ..., -0.01374457,
         -0.0430341 , -0.04871145],
        [ 0.81707112,  0.39507249,  0.        , ...,  0.38240873,
          0.35517323,  0.34985473],
        ...,
        [ 0.53449547,  0.01374457, -0.38240873, ...,  0.        ,
         -0.0292982 , -0.0349786 ],
        [ 0.55902802,  0.0430341 , -0.35517323, ...,  0.0292982 ,
          0.        , -0.00568331],
        [ 0.5637313 ,  0.04871145, -0.34985473, ...,  0.0349786 ,
          0.00568331,  0.        ]]]), 'num': array([ 7.37092857e-01,  6.75788308e-01,  3.12618809e-06,  2.72289921e-09,
        2.25384369e-04,  2.32740106e-04,  2.25269436e-04,  1.96752164e-03,
       -5.05706896e-06,  2.26441756e-04,  2.28803637e-04,  2.16572809e-04,
        5.52228739e-07,  2.46555823e-04,  2.11051451e-04])}
{'img': array([[[ 0.00000000e+00, -2.73847356e-01, -2.00487667e-01, ...,
          6.18764558e-01,  7.08996374e-01,  5.58866810e-01],
        [ 2.73847356e-01,  0.00000000e+00,  7.54635631e-02, ...,
          8.10239193e-01,  8.75014164e-01,  7.64593057e-01],
        [ 2.00487667e-01, -7.54635631e-02,  0.00000000e+00, ...,
          7.63699699e-01,  8.35987405e-01,  7.13775592e-01],
        ...,
        [-6.18764558e-01, -8.10239193e-01, -7.63699699e-01, ...,
          0.00000000e+00,  1.20610614e-01, -7.40824814e-02],
        [-7.08996374e-01, -8.75014164e-01, -8.35987405e-01, ...,
         -1.20610614e-01,  0.00000000e+00, -1.93820862e-01],
        [-5.58866810e-01, -7.64593057e-01, -7.13775592e-01, ...,
          7.40824814e-02,  1.93820862e-01,  0.00000000e+00]],

       [[ 0.00000000e+00,  2.41528169e-01, -7.84913402e-02, ...,
         -6.05297729e-02,  1.64886588e-01, -2.29486045e-02],
        [-2.41528169e-01,  0.00000000e+00, -3.16950516e-01, ...,
         -2.99823018e-01, -7.82173360e-02, -2.63733745e-01],
        [ 7.84913402e-02,  3.16950516e-01,  0.00000000e+00, ...,
          1.80043917e-02,  2.41794872e-01,  5.55928659e-02],
        ...,
        [ 6.05297729e-02,  2.99823018e-01, -1.80043917e-02, ...,
          0.00000000e+00,  2.24285524e-01,  3.76073064e-02],
        [-1.64886588e-01,  7.82173360e-02, -2.41794872e-01, ...,
         -2.24285524e-01,  0.00000000e+00, -1.87477661e-01],
        [ 2.29486045e-02,  2.63733745e-01, -5.55928659e-02, ...,
         -3.76073064e-02,  1.87477661e-01,  0.00000000e+00]],

       [[ 0.00000000e+00, -1.80893346e-01, -2.86166341e-01, ...,
          5.22594559e-01,  5.81272115e-01,  5.73715734e-01],
        [ 1.80893346e-01,  0.00000000e+00, -1.08116996e-01, ...,
          6.68199459e-01,  7.18877292e-01,  7.12412491e-01],
        [ 2.86166341e-01,  1.08116996e-01,  0.00000000e+00, ...,
          7.44719711e-01,  7.89819484e-01,  7.84108742e-01],
        ...,
        [-5.22594559e-01, -6.68199459e-01, -7.44719711e-01, ...,
          0.00000000e+00,  7.03417318e-02,  6.11059046e-02],
        [-5.81272115e-01, -7.18877292e-01, -7.89819484e-01, ...,
         -7.03417318e-02,  0.00000000e+00, -9.25574099e-03],
        [-5.73715734e-01, -7.12412491e-01, -7.84108742e-01, ...,
         -6.11059046e-02,  9.25574099e-03,  0.00000000e+00]],

       ...,

       [[ 0.00000000e+00, -2.00511203e-02,  7.81876351e-02, ...,
          5.84448336e-01,  7.55564789e-01,  7.22072940e-01],
        [ 2.00511203e-02,  0.00000000e+00,  9.81616529e-02, ...,
          6.00600936e-01,  7.68547854e-01,  7.35799476e-01],
        [-7.81876351e-02, -9.81616529e-02,  0.00000000e+00, ...,
          5.19215277e-01,  7.02033068e-01,  6.65770899e-01],
        ...,
        [-5.84448336e-01, -6.00600936e-01, -5.19215277e-01, ...,
          0.00000000e+00,  2.30231768e-01,  1.81581056e-01],
        [-7.55564789e-01, -7.68547854e-01, -7.02033068e-01, ...,
         -2.30231768e-01,  0.00000000e+00, -4.97013604e-02],
        [-7.22072940e-01, -7.35799476e-01, -6.65770899e-01, ...,
         -1.81581056e-01,  4.97013604e-02,  0.00000000e+00]],

       [[ 0.00000000e+00, -5.52019466e-03, -5.64525724e-03, ...,
          5.51943887e-01,  5.36319470e-01,  5.25390106e-01],
        [ 5.52019466e-03,  0.00000000e+00, -1.25064529e-04, ...,
          5.56538665e-01,  5.40970426e-01,  5.30079022e-01],
        [ 5.64525724e-03,  1.25064529e-04,  0.00000000e+00, ...,
          5.56642567e-01,  5.41075606e-01,  5.30185066e-01],
        ...,
        [-5.51943887e-01, -5.56538665e-01, -5.56642567e-01, ...,
          0.00000000e+00, -1.86222025e-02, -3.15148257e-02],
        [-5.36319470e-01, -5.40970426e-01, -5.41075606e-01, ...,
          1.86222025e-02,  0.00000000e+00, -1.28964082e-02],
        [-5.25390106e-01, -5.30079022e-01, -5.30185066e-01, ...,
          3.15148257e-02,  1.28964082e-02,  0.00000000e+00]],

       [[ 0.00000000e+00, -5.27535682e-01, -7.43979421e-01, ...,
         -7.77546391e-02, -8.71587922e-02,  2.79550018e-01],
        [ 5.27535682e-01,  0.00000000e+00, -2.79534299e-01, ...,
          4.59883459e-01,  4.51483849e-01,  7.43990360e-01],
        [ 7.43979421e-01,  2.79534299e-01,  0.00000000e+00, ...,
          6.89771196e-01,  6.82908431e-01,  9.01113832e-01],
        ...,
        [ 7.77546391e-02, -4.59883459e-01, -6.89771196e-01, ...,
          0.00000000e+00, -9.43618270e-03,  3.53358337e-01],
        [ 8.71587922e-02, -4.51483849e-01, -6.82908431e-01, ...,
          9.43618270e-03,  0.00000000e+00,  3.62170040e-01],
        [-2.79550018e-01, -7.43990360e-01, -9.01113832e-01, ...,
         -3.53358337e-01, -3.62170040e-01,  0.00000000e+00]]]), 'num': array([ 8.90209176e-01,  4.55543060e-01,  2.28051477e-05,  6.24296464e-10,
        2.68312417e-04,  2.79714991e-04,  2.68030872e-04,  2.74558494e-03,
       -7.74248842e-06,  2.76786923e-04,  2.80158424e-04,  2.65452389e-04,
        6.98345184e-07,  3.02072555e-04,  2.58244294e-04])}
{'img': array([[[ 0.00000000e+00,  7.54635631e-02, -3.95807523e-02, ...,
          8.75014164e-01,  7.64593057e-01,  5.93143964e-01],
        [-7.54635631e-02,  0.00000000e+00, -1.14872318e-01, ...,
          8.35987405e-01,  7.13775592e-01,  5.30697206e-01],
        [ 3.95807523e-02,  1.14872318e-01,  0.00000000e+00, ...,
          8.93489417e-01,  7.89504226e-01,  6.24545484e-01],
        ...,
        [-8.75014164e-01, -8.35987405e-01, -8.93489417e-01, ...,
          0.00000000e+00, -1.93820862e-01, -4.17331365e-01],
        [-7.64593057e-01, -7.13775592e-01, -7.89504226e-01, ...,
          1.93820862e-01,  0.00000000e+00, -2.33281926e-01],
        [-5.93143964e-01, -5.30697206e-01, -6.24545484e-01, ...,
          4.17331365e-01,  2.33281926e-01,  0.00000000e+00]],

       [[ 0.00000000e+00, -3.16950516e-01, -3.05003788e-01, ...,
         -7.82173360e-02, -2.63733745e-01, -2.26185905e-01],
        [ 3.16950516e-01,  0.00000000e+00,  1.25697588e-02, ...,
          2.41794872e-01,  5.55928659e-02,  9.42122456e-02],
        [ 3.05003788e-01, -1.25697588e-02,  0.00000000e+00, ...,
          2.29578988e-01,  4.30381540e-02,  8.16909523e-02],
        ...,
        [ 7.82173360e-02, -2.41794872e-01, -2.29578988e-01, ...,
          0.00000000e+00, -1.87477661e-01, -1.49302679e-01],
        [ 2.63733745e-01, -5.55928659e-02, -4.30381540e-02, ...,
          1.87477661e-01,  0.00000000e+00,  3.87209519e-02],
        [ 2.26185905e-01, -9.42122456e-02, -8.16909523e-02, ...,
          1.49302679e-01, -3.87209519e-02,  0.00000000e+00]],

       [[ 0.00000000e+00, -1.08116996e-01, -2.52679346e-01, ...,
          7.18877292e-01,  7.12412491e-01,  6.93767264e-01],
        [ 1.08116996e-01,  0.00000000e+00, -1.46589577e-01, ...,
          7.89819484e-01,  7.84108742e-01,  7.67566304e-01],
        [ 2.52679346e-01,  1.46589577e-01,  0.00000000e+00, ...,
          8.71196539e-01,  8.66615259e-01,  8.53234048e-01],
        ...,
        [-7.18877292e-01, -7.89819484e-01, -8.71196539e-01, ...,
          0.00000000e+00, -9.25574099e-03, -3.54716094e-02],
        [-7.12412491e-01, -7.84108742e-01, -8.66615259e-01, ...,
          9.25574099e-03,  0.00000000e+00, -2.62201737e-02],
        [-6.93767264e-01, -7.67566304e-01, -8.53234048e-01, ...,
          3.54716094e-02,  2.62201737e-02,  0.00000000e+00]],

       ...,

       [[ 0.00000000e+00,  9.81616529e-02, -9.04401527e-01, ...,
          7.68547854e-01,  7.35799476e-01,  7.72371461e-01],
        [-9.81616529e-02,  0.00000000e+00, -9.41917555e-01, ...,
          7.02033068e-01,  6.65770899e-01,  7.06291835e-01],
        [ 9.04401527e-01,  9.41917555e-01,  0.00000000e+00, ...,
          9.06554989e-01,  9.26412934e-01,  9.04007028e-01],
        ...,
        [-7.68547854e-01, -7.02033068e-01, -9.06554989e-01, ...,
          0.00000000e+00, -4.97013604e-02,  5.99793354e-03],
        [-7.35799476e-01, -6.65770899e-01, -9.26412934e-01, ...,
          4.97013604e-02,  0.00000000e+00,  5.56909872e-02],
        [-7.72371461e-01, -7.06291835e-01, -9.04007028e-01, ...,
         -5.99793354e-03, -5.56909872e-02,  0.00000000e+00]],

       [[ 0.00000000e+00, -1.25064529e-04,  6.81845353e-03, ...,
          5.40970426e-01,  5.30079022e-01,  5.35739905e-01],
        [ 1.25064529e-04,  0.00000000e+00,  6.94351509e-03, ...,
          5.41075606e-01,  5.30185066e-01,  5.35845503e-01],
        [-6.81845353e-03, -6.94351509e-03,  0.00000000e+00, ...,
          5.35223248e-01,  5.24285004e-01,  5.29970065e-01],
        ...,
        [-5.40970426e-01, -5.41075606e-01, -5.35223248e-01, ...,
          0.00000000e+00, -1.28964082e-02, -6.20670952e-03],
        [-5.30079022e-01, -5.30185066e-01, -5.24285004e-01, ...,
          1.28964082e-02,  0.00000000e+00,  6.68996641e-03],
        [-5.35739905e-01, -5.35845503e-01, -5.29970065e-01, ...,
          6.20670952e-03, -6.68996641e-03,  0.00000000e+00]],

       [[ 0.00000000e+00, -2.79534299e-01, -5.20957201e-01, ...,
          4.51483849e-01,  7.43990360e-01,  6.02545657e-01],
        [ 2.79534299e-01,  0.00000000e+00, -2.61583941e-01, ...,
          6.82908431e-01,  9.01113832e-01,  8.01617567e-01],
        [ 5.20957201e-01,  2.61583941e-01,  0.00000000e+00, ...,
          8.50218170e-01,  9.83155949e-01,  9.30090431e-01],
        ...,
        [-4.51483849e-01, -6.82908431e-01, -8.50218170e-01, ...,
          0.00000000e+00,  3.62170040e-01,  1.77316789e-01],
        [-7.43990360e-01, -9.01113832e-01, -9.83155949e-01, ...,
         -3.62170040e-01,  0.00000000e+00, -1.91151917e-01],
        [-6.02545657e-01, -8.01617567e-01, -9.30090431e-01, ...,
         -1.77316789e-01,  1.91151917e-01,  0.00000000e+00]]]), 'num': array([ 9.98198498e-01,  5.99472304e-02,  4.86140553e-05, -2.10928654e-08,
        3.01107595e-04,  3.05163967e-04,  2.97831295e-04,  2.31194468e-03,
        3.74434316e-06,  3.05163967e-04,  3.09477763e-04,  2.94609600e-04,
        7.79203781e-07,  3.33552599e-04,  2.85402926e-04])}
{'img': array([[[ 0.00000000e+00, -1.14872318e-01,  3.73106620e-01, ...,
          7.13775592e-01,  5.30697206e-01,  6.14552779e-01],
        [ 1.14872318e-01,  0.00000000e+00,  4.77213965e-01, ...,
          7.89504226e-01,  6.24545484e-01,  7.01104583e-01],
        [-3.73106620e-01, -4.77213965e-01,  0.00000000e+00, ...,
          4.00918414e-01,  1.76143948e-01,  2.75840235e-01],
        ...,
        [-7.13775592e-01, -7.89504226e-01, -4.00918414e-01, ...,
          0.00000000e+00, -2.33281926e-01, -1.32663146e-01],
        [-5.30697206e-01, -6.24545484e-01, -1.76143948e-01, ...,
          2.33281926e-01,  0.00000000e+00,  1.02217134e-01],
        [-6.14552779e-01, -7.01104583e-01, -2.75840235e-01, ...,
          1.32663146e-01, -1.02217134e-01,  0.00000000e+00]],

       [[ 0.00000000e+00,  1.25697588e-02,  7.84409023e-01, ...,
          5.55928659e-02,  9.42122456e-02,  1.28916730e-02],
        [-1.25697588e-02,  0.00000000e+00,  7.76550737e-01, ...,
          4.30381540e-02,  8.16909523e-02,  3.21940280e-04],
        [-7.84409023e-01, -7.76550737e-01,  0.00000000e+00, ...,
         -7.48714815e-01, -7.22485508e-01, -7.76347856e-01],
        ...,
        [-5.55928659e-02, -4.30381540e-02,  7.48714815e-01, ...,
          0.00000000e+00,  3.87209519e-02, -4.27165098e-02],
        [-9.42122456e-02, -8.16909523e-02,  7.22485508e-01, ...,
         -3.87209519e-02,  0.00000000e+00, -8.13700838e-02],
        [-1.28916730e-02, -3.21940280e-04,  7.76347856e-01, ...,
          4.27165098e-02,  8.13700838e-02,  0.00000000e+00]],

       [[ 0.00000000e+00, -1.46589577e-01, -1.52291905e-01, ...,
          7.84108742e-01,  7.67566304e-01,  7.23934681e-01],
        [ 1.46589577e-01,  0.00000000e+00, -5.76706572e-03, ...,
          8.66615259e-01,  8.53234048e-01,  8.17241839e-01],
        [ 1.52291905e-01,  5.76706572e-03,  0.00000000e+00, ...,
          8.69478481e-01,  8.56227546e-01,  8.20551778e-01],
        ...,
        [-7.84108742e-01, -8.66615259e-01, -8.69478481e-01, ...,
          0.00000000e+00, -2.62201737e-02, -9.16410919e-02],
        [-7.67566304e-01, -8.53234048e-01, -8.56227546e-01, ...,
          2.62201737e-02,  0.00000000e+00, -6.54997431e-02],
        [-7.23934681e-01, -8.17241839e-01, -8.20551778e-01, ...,
          9.16410919e-02,  6.54997431e-02,  0.00000000e+00]],

       ...,

       [[ 0.00000000e+00, -9.41917555e-01,  1.65552837e-01, ...,
          6.65770899e-01,  7.06291835e-01,  7.14873917e-01],
        [ 9.41917555e-01,  0.00000000e+00,  9.84519919e-01, ...,
          9.26412934e-01,  9.04007028e-01,  8.98725281e-01],
        [-1.65552837e-01, -9.84519919e-01,  0.00000000e+00, ...,
          5.33055596e-01,  5.79347364e-01,  5.89245936e-01],
        ...,
        [-6.65770899e-01, -9.26412934e-01, -5.33055596e-01, ...,
          0.00000000e+00,  5.56909872e-02,  6.78650736e-02],
        [-7.06291835e-01, -9.04007028e-01, -5.79347364e-01, ...,
         -5.56909872e-02,  0.00000000e+00,  1.21971584e-02],
        [-7.14873917e-01, -8.98725281e-01, -5.89245936e-01, ...,
         -6.78650736e-02, -1.21971584e-02,  0.00000000e+00]],

       [[ 0.00000000e+00,  6.94351509e-03, -6.79004558e-02, ...,
          5.30185066e-01,  5.35845503e-01,  4.65135046e-01],
        [-6.94351509e-03,  0.00000000e+00, -7.48263091e-02, ...,
          5.24285004e-01,  5.29970065e-01,  4.58977158e-01],
        [ 6.79004558e-02,  7.48263091e-02,  0.00000000e+00, ...,
          5.86533023e-01,  5.91938271e-01,  5.24169743e-01],
        ...,
        [-5.30185066e-01, -5.24285004e-01, -5.86533023e-01, ...,
          0.00000000e+00,  6.68996641e-03, -7.49612790e-02],
        [-5.35845503e-01, -5.29970065e-01, -5.91938271e-01, ...,
         -6.68996641e-03,  0.00000000e+00, -8.16307453e-02],
        [-4.65135046e-01, -4.58977158e-01, -5.24169743e-01, ...,
          7.49612790e-02,  8.16307453e-02,  0.00000000e+00]],

       [[ 0.00000000e+00, -2.61583941e-01, -2.94647371e-01, ...,
          9.01113832e-01,  8.01617567e-01,  6.77282890e-01],
        [ 2.61583941e-01,  0.00000000e+00, -3.44167671e-02, ...,
          9.83155949e-01,  9.30090431e-01,  8.46153637e-01],
        [ 2.94647371e-01,  3.44167671e-02,  0.00000000e+00, ...,
          9.88863801e-01,  9.42181748e-01,  8.63994387e-01],
        ...,
        [-9.01113832e-01, -9.83155949e-01, -9.88863801e-01, ...,
          0.00000000e+00, -1.91151917e-01, -3.69311829e-01],
        [-8.01617567e-01, -9.30090431e-01, -9.42181748e-01, ...,
          1.91151917e-01,  0.00000000e+00, -1.84863356e-01],
        [-6.77282890e-01, -8.46153637e-01, -8.63994387e-01, ...,
          3.69311829e-01,  1.84863356e-01,  0.00000000e+00]]]), 'num': array([ 9.99778807e-01,  2.08837064e-02,  5.08516935e-05, -2.91169269e-09,
        3.01569655e-04,  3.03919548e-04,  2.95303273e-04,  2.33814395e-03,
       -7.83297805e-07,  3.04765510e-04,  3.09112813e-04,  2.96196232e-04,
        8.13180843e-07,  3.30976623e-04,  2.87249003e-04])}
{'img': array([[[ 0.00000000e+00,  4.77213965e-01,  2.10016996e-01, ...,
          6.24545484e-01,  7.01104583e-01,  6.85735352e-01],
        [-4.77213965e-01,  0.00000000e+00, -2.82010779e-01, ...,
          1.76143948e-01,  2.75840235e-01,  2.55274761e-01],
        [-2.10016996e-01,  2.82010779e-01,  0.00000000e+00, ...,
          4.46595860e-01,  5.35713968e-01,  5.17580828e-01],
        ...,
        [-6.24545484e-01, -1.76143948e-01, -4.46595860e-01, ...,
          0.00000000e+00,  1.02217134e-01,  8.09753478e-02],
        [-7.01104583e-01, -2.75840235e-01, -5.35713968e-01, ...,
         -1.02217134e-01,  0.00000000e+00, -2.13302554e-02],
        [-6.85735352e-01, -2.55274761e-01, -5.17580828e-01, ...,
         -8.09753478e-02,  2.13302554e-02,  0.00000000e+00]],

       [[ 0.00000000e+00,  7.76550737e-01,  1.15729673e-01, ...,
          8.16909523e-02,  3.21940280e-04,  2.44873108e-03],
        [-7.76550737e-01,  0.00000000e+00, -6.98416869e-01, ...,
         -7.22485508e-01, -7.76347856e-01, -7.75005574e-01],
        [-1.15729673e-01,  6.98416869e-01,  0.00000000e+00, ...,
         -3.42008204e-02, -1.15409890e-01, -1.13297048e-01],
        ...,
        [-8.16909523e-02,  7.22485508e-01,  3.42008204e-02, ...,
          0.00000000e+00, -8.13700838e-02, -7.92501607e-02],
        [-3.21940280e-04,  7.76347856e-01,  1.15409890e-01, ...,
          8.13700838e-02,  0.00000000e+00,  2.12679164e-03],
        [-2.44873108e-03,  7.75005574e-01,  1.13297048e-01, ...,
          7.92501607e-02, -2.12679164e-03,  0.00000000e+00]],

       [[ 0.00000000e+00, -5.76706572e-03, -3.79027415e-02, ...,
          8.53234048e-01,  8.17241839e-01,  7.77166037e-01],
        [ 5.76706572e-03,  0.00000000e+00, -3.21391895e-02, ...,
          8.56227546e-01,  8.20551778e-01,  7.80782302e-01],
        [ 3.79027415e-02,  3.21391895e-02,  0.00000000e+00, ...,
          8.72388290e-01,  8.38497751e-01,  8.00459619e-01],
        ...,
        [-8.53234048e-01, -8.56227546e-01, -8.72388290e-01, ...,
          0.00000000e+00, -6.54997431e-02, -1.31622430e-01],
        [-8.17241839e-01, -8.20551778e-01, -8.38497751e-01, ...,
          6.54997431e-02,  0.00000000e+00, -6.64098922e-02],
        [-7.77166037e-01, -7.80782302e-01, -8.00459619e-01, ...,
          1.31622430e-01,  6.64098922e-02,  0.00000000e+00]],

       ...,

       [[ 0.00000000e+00,  9.84519919e-01,  9.69105393e-01, ...,
          9.04007028e-01,  8.98725281e-01,  8.64467828e-01],
        [-9.84519919e-01,  0.00000000e+00, -7.29711278e-02, ...,
          5.79347364e-01,  5.89245936e-01,  6.46424128e-01],
        [-9.69105393e-01,  7.29711278e-02,  0.00000000e+00, ...,
          6.37280217e-01,  6.46632333e-01,  7.00376181e-01],
        ...,
        [-9.04007028e-01, -5.79347364e-01, -6.37280217e-01, ...,
          0.00000000e+00,  1.21971584e-02,  8.48584129e-02],
        [-8.98725281e-01, -5.89245936e-01, -6.46632333e-01, ...,
         -1.21971584e-02,  0.00000000e+00,  7.26989369e-02],
        [-8.64467828e-01, -6.46424128e-01, -7.00376181e-01, ...,
         -8.48584129e-02, -7.26989369e-02,  0.00000000e+00]],

       [[ 0.00000000e+00, -7.48263091e-02, -1.35172830e-01, ...,
          5.29970065e-01,  4.58977158e-01,  2.49502582e-01],
        [ 7.48263091e-02,  0.00000000e+00, -6.06543286e-02, ...,
          5.91938271e-01,  5.24169743e-01,  3.21262984e-01],
        [ 1.35172830e-01,  6.06543286e-02,  0.00000000e+00, ...,
          6.39734788e-01,  5.74858722e-01,  3.78110529e-01],
        ...,
        [-5.29970065e-01, -5.91938271e-01, -6.39734788e-01, ...,
          0.00000000e+00, -8.16307453e-02, -3.01627033e-01],
        [-4.58977158e-01, -5.24169743e-01, -5.74858722e-01, ...,
          8.16307453e-02,  0.00000000e+00, -2.22791520e-01],
        [-2.49502582e-01, -3.21262984e-01, -3.78110529e-01, ...,
          3.01627033e-01,  2.22791520e-01,  0.00000000e+00]],

       [[ 0.00000000e+00, -3.44167671e-02, -1.45113469e-01, ...,
          9.30090431e-01,  8.46153637e-01,  9.13540879e-01],
        [ 3.44167671e-02,  0.00000000e+00, -1.10975033e-01, ...,
          9.42181748e-01,  8.63994387e-01,  9.26998582e-01],
        [ 1.45113469e-01,  1.10975033e-01,  0.00000000e+00, ...,
          9.73550064e-01,  9.14533751e-01,  9.62895524e-01],
        ...,
        [-9.30090431e-01, -9.42181748e-01, -9.73550064e-01, ...,
          0.00000000e+00, -1.84863356e-01, -4.27398797e-02],
        [-8.46153637e-01, -8.63994387e-01, -9.14533751e-01, ...,
          1.84863356e-01,  0.00000000e+00,  1.42691209e-01],
        [-9.13540879e-01, -9.26998582e-01, -9.62895524e-01, ...,
          4.27398797e-02, -1.42691209e-01,  0.00000000e+00]]]), 'num': array([ 9.39126568e-01,  3.43505497e-01,  2.96328891e-05, -7.12373860e-09,
        2.88017926e-04,  2.95182551e-04,  2.77270988e-04,  6.68022473e-03,
        1.21798625e-05,  2.78904523e-04,  2.81949489e-04,  2.71513018e-04,
        8.24549518e-07,  2.99682658e-04,  2.64216319e-04])}
{'img': array([[[ 0.        , -0.28201078, -0.29147933, ...,  0.27584024,
          0.25527476,  0.58957767],
        [ 0.28201078,  0.        , -0.00988349, ...,  0.53571397,
          0.51758083,  0.79343085],
        [ 0.29147933,  0.00988349,  0.        , ...,  0.54403341,
          0.5260122 ,  0.79940778],
        ...,
        [-0.27584024, -0.53571397, -0.54403341, ...,  0.        ,
         -0.02133026,  0.34390474],
        [-0.25527476, -0.51758083, -0.5260122 , ...,  0.02133026,
          0.        ,  0.3638557 ],
        [-0.58957767, -0.79343085, -0.79940778, ..., -0.34390474,
         -0.3638557 ,  0.        ]],

       [[ 0.        , -0.69841687, -0.77233556, ..., -0.77634786,
         -0.77500557, -0.4899871 ],
        [ 0.69841687,  0.        , -0.10910906, ..., -0.11540989,
         -0.11329705,  0.25815126],
        [ 0.77233556,  0.10910906,  0.        , ..., -0.00634088,
         -0.00421412,  0.3620208 ],
        ...,
        [ 0.77634786,  0.11540989,  0.00634088, ...,  0.        ,
          0.00212679,  0.3679243 ],
        [ 0.77500557,  0.11329705,  0.00421412, ..., -0.00212679,
          0.        ,  0.36594586],
        [ 0.4899871 , -0.25815126, -0.3620208 , ..., -0.3679243 ,
         -0.36594586,  0.        ]],

       [[ 0.        , -0.03213919,  0.01294385, ...,  0.82055178,
          0.7807823 ,  0.78464632],
        [ 0.03213919,  0.        ,  0.04507366, ...,  0.83849775,
          0.80045962,  0.80416546],
        [-0.01294385, -0.04507366,  0.        , ...,  0.81308469,
          0.77262953,  0.77655613],
        ...,
        [-0.82055178, -0.83849775, -0.81308469, ...,  0.        ,
         -0.06640989, -0.06021385],
        [-0.7807823 , -0.80045962, -0.77262953, ...,  0.06640989,
          0.        ,  0.00620846],
        [-0.78464632, -0.80416546, -0.77655613, ...,  0.06021385,
         -0.00620846,  0.        ]],

       ...,

       [[ 0.        , -0.12988104, -0.04537778, ...,  0.77636069,
          0.83068576,  0.95324142],
        [ 0.12988104,  0.        ,  0.08475384, ...,  0.85164717,
          0.89595968,  0.9844184 ],
        [ 0.04537778, -0.08475384,  0.        , ...,  0.80416207,
          0.85509377,  0.9659731 ],
        ...,
        [-0.77636069, -0.85164717, -0.80416207, ...,  0.        ,
          0.09133975,  0.36619363],
        [-0.83068576, -0.89595968, -0.85509377, ..., -0.09133975,
          0.        ,  0.27966769],
        [-0.95324142, -0.9844184 , -0.9659731 , ..., -0.36619363,
         -0.27966769,  0.        ]],

       [[ 0.        , -0.06065433, -0.13582737, ...,  0.52416974,
          0.32126298,  0.1617956 ],
        [ 0.06065433,  0.        , -0.07548507, ...,  0.57485872,
          0.37811053,  0.22135287],
        [ 0.13582737,  0.07548507,  0.        , ...,  0.63498447,
          0.44691285,  0.29433391],
        ...,
        [-0.52416974, -0.57485872, -0.63498447, ...,  0.        ,
         -0.22279152, -0.37947607],
        [-0.32126298, -0.37811053, -0.44691285, ...,  0.22279152,
          0.        , -0.1638113 ],
        [-0.1617956 , -0.22135287, -0.29433391, ...,  0.37947607,
          0.1638113 ,  0.        ]],

       [[ 0.        , -0.10654023, -0.19142004, ...,  0.79813382,
          0.84762099,  0.99435594],
        [ 0.10654023,  0.        , -0.08576044, ...,  0.85777953,
          0.89932714,  0.9999999 ],
        [ 0.19142004,  0.08576044,  0.        , ...,  0.89870168,
          0.93351485,  0.99627733],
        ...,
        [-0.79813382, -0.85777953, -0.89870168, ...,  0.        ,
          0.08718334,  0.51440133],
        [-0.84762099, -0.89932714, -0.93351485, ..., -0.08718334,
          0.        ,  0.4376786 ],
        [-0.99435594, -0.9999999 , -0.99627733, ..., -0.51440133,
         -0.4376786 ,  0.        ]]]), 'num': array([ 9.81497155e-01,  1.91435315e-01,  3.98016025e-05,  3.39262988e-08,
        3.00289551e-04,  3.05584329e-04,  2.98776758e-04,  3.89158618e-03,
       -3.78198427e-06,  2.95176309e-04,  2.97437935e-04,  2.86949232e-04,
        5.63900649e-07,  3.15915155e-04,  2.78960716e-04])}
{'img': array([[[ 0.        , -0.00988349,  0.10519481, ...,  0.51758083,
          0.79343085,  0.71977308],
        [ 0.00988349,  0.        ,  0.11501832, ...,  0.5260122 ,
          0.79940778,  0.72659913],
        [-0.10519481, -0.11501832,  0.        , ...,  0.42470081,
          0.72500069,  0.64275229],
        ...,
        [-0.51758083, -0.5260122 , -0.42470081, ...,  0.        ,
          0.3638557 ,  0.25655306],
        [-0.79343085, -0.79940778, -0.72500069, ..., -0.3638557 ,
          0.        , -0.11270979],
        [-0.71977308, -0.72659913, -0.64275229, ..., -0.25655306,
          0.11270979,  0.        ]],

       [[ 0.        , -0.10910906,  0.20436518, ..., -0.11329705,
          0.25815126,  0.05082991],
        [ 0.10910906,  0.        ,  0.30995136, ..., -0.00421412,
          0.3620208 ,  0.15949446],
        [-0.20436518, -0.30995136,  0.        , ..., -0.31395518,
          0.05526479, -0.15434387],
        ...,
        [ 0.11329705,  0.00421412,  0.31395518, ...,  0.        ,
          0.36594586,  0.16365322],
        [-0.25815126, -0.3620208 , -0.05526479, ..., -0.36594586,
          0.        , -0.20871055],
