state_0,state_1,state_2,state_3,state_4,state_5,state_6,state_7,state_8,state_9,state_10,state_11,state_12,state_13,state_14,state_15,state_16,state_17,state_18,state_19,state_20,state_21,state_22,state_23,state_24,state_25,state_26,state_27,state_28,state_29,state_30,state_31,state_32,state_33,state_34,state_35,state_36,state_37,state_38,state_39,state_40,state_41,state_42,state_43,state_44,state_45,state_46,state_47,state_48,state_49,state_50,state_51,state_52,state_53,state_54,state_55,state_56,state_57,state_58,state_59,state_60,state_61,state_62,state_63,state_64,state_65,state_66,state_67,state_68,state_69,state_70,state_71,state_72,state_73,state_74,state_75,state_76,state_77,state_78,state_79,state_80,state_81,state_82,state_83,state_84,state_85,state_86,state_87,state_88,state_89,state_90,state_91,state_92,state_93,state_94,state_95,state_96,state_97,state_98,state_99,state_100,state_101,state_102,state_103,state_104,state_105,state_106,state_107,state_108,state_109,state_110,state_111,state_112,state_113,state_114,state_115,state_116,state_117,state_118,state_119,state_120,state_121,state_122,state_123,state_124,state_125,state_126,state_127,state_128,state_129,state_130,state_131,state_132,state_133,state_134,state_135,state_136,state_137,state_138,state_139,state_140,state_141,state_142,state_143,state_144,state_145,state_146,state_147,state_148,state_149,state_150,state_151,state_152,state_153,state_154,state_155,state_156,state_157,state_158,state_159,state_160,state_161,state_162,state_163,state_164,state_165,state_166,state_167,state_168,state_169,state_170,state_171,state_172,state_173,state_174,state_175,state_176,state_177,state_178,state_179,state_180,state_181,state_182,state_183,state_184,state_185,state_186,state_187,state_188,state_189,state_190,state_191,state_192,state_193,state_194,state_195,state_196,state_197,state_198,state_199,state_200,state_201,state_202,state_203,state_204,state_205,state_206,state_207,state_208,state_209,state_210,state_211,state_212,state_213,state_214,state_215,state_216,state_217,state_218,state_219,state_220,state_221,state_222,state_223,state_224,state_225,state_226,state_227,state_228,state_229,state_230,state_231,state_232,state_233,state_234,state_235,state_236,state_237,state_238,state_239,state_240,state_241,state_242,state_243,state_244,state_245,state_246,state_247,state_248,state_249,state_250,state_251,state_252,state_253,state_254,state_255,state_256,state_257,state_258,state_259,state_260,state_261,state_262,state_263,state_264,state_265,state_266,state_267,state_268,state_269,state_270,state_271,state_272,state_273,state_274,state_275,state_276,state_277,state_278,state_279,state_280,state_281,state_282,state_283,state_284,state_285,state_286,state_287
{'img': array([[[ 0.        , -0.02469701, -0.12356081, ...,  0.19730322,
          0.3203614 ,  0.49226524],
        [ 0.02469701,  0.        , -0.09901537, ...,  0.22145456,
          0.34365904,  0.51361248],
        [ 0.12356081,  0.09901537,  0.        , ...,  0.3169232 ,
          0.43495506,  0.59604593],
        ...,
        [-0.19730322, -0.22145456, -0.3169232 , ...,  0.        ,
          0.12715947,  0.31084689],
        [-0.3203614 , -0.34365904, -0.43495506, ..., -0.12715947,
          0.        ,  0.18746354],
        [-0.49226524, -0.51361248, -0.59604593, ..., -0.31084689,
         -0.18746354,  0.        ]],

       [[ 0.        , -0.23769819,  0.30982511, ..., -0.05786596,
         -0.27970451, -0.14875277],
        [ 0.23769819,  0.        ,  0.52694714, ...,  0.18109242,
         -0.04347718,  0.09056429],
        [-0.30982511, -0.52694714,  0.        , ..., -0.36432454,
         -0.56340005, -0.4478113 ],
        ...,
        [ 0.05786596, -0.18109242,  0.36432454, ...,  0.        ,
         -0.22367952, -0.09128134],
        [ 0.27970451,  0.04347718,  0.56340005, ...,  0.22367952,
          0.        ,  0.13377717],
        [ 0.14875277, -0.09056429,  0.4478113 , ...,  0.09128134,
         -0.13377717,  0.        ]],

       [[ 0.        , -0.04437321, -0.08882176, ...,  0.42082787,
          0.52633944,  0.55107307],
        [ 0.04437321,  0.        , -0.04453644, ...,  0.46066609,
          0.56355042,  0.58755781],
        [ 0.08882176,  0.04453644,  0.        , ...,  0.49973837,
          0.59978198,  0.62301291],
        ...,
        [-0.42082787, -0.46066609, -0.49973837, ...,  0.        ,
          0.11964461,  0.14873795],
        [-0.52633944, -0.56355042, -0.59978198, ..., -0.11964461,
          0.        ,  0.02935577],
        [-0.55107307, -0.58755781, -0.62301291, ..., -0.14873795,
         -0.02935577,  0.        ]],

       ...,

       [[ 0.        ,  0.09219863, -0.0175792 , ...,  0.99417513,
          0.9988116 ,  0.94217685],
        [-0.09219863,  0.        , -0.10968872, ...,  0.99987744,
          0.99006373,  0.96906102],
        [ 0.0175792 ,  0.10968872,  0.        , ...,  0.99212687,
          0.99951403,  0.93614019],
        ...,
        [-0.99417513, -0.99987744, -0.99212687, ...,  0.        ,
         -0.15610264,  0.23161935],
        [-0.9988116 , -0.99006373, -0.99951403, ...,  0.15610264,
          0.        ,  0.38063755],
        [-0.94217685, -0.96906102, -0.93614019, ..., -0.23161935,
         -0.38063755,  0.        ]],

       [[ 0.        , -0.36679291, -0.48875701, ..., -0.73883919,
         -0.82306618, -0.9036273 ],
        [ 0.36679291,  0.        , -0.13469447, ..., -0.93451909,
         -0.974019  , -0.99775145],
        [ 0.48875701,  0.13469447,  0.        , ..., -0.9739425 ,
         -0.9956467 , -0.99768671],
        ...,
        [ 0.73883919,  0.93451909,  0.9739425 , ...,  0.        ,
          0.13502892,  0.29247865],
        [ 0.82306618,  0.974019  ,  0.9956467 , ..., -0.13502892,
          0.        ,  0.16067565],
        [ 0.9036273 ,  0.99775145,  0.99768671, ..., -0.29247865,
         -0.16067565,  0.        ]],

       [[ 0.        , -0.3022919 , -0.51189711, ..., -0.92749501,
         -0.90710294, -0.89158603],
        [ 0.3022919 ,  0.        , -0.22826533, ..., -0.99710998,
         -0.99190183, -0.98676684],
        [ 0.51189711,  0.22826533,  0.        , ..., -0.98812692,
         -0.99470587, -0.9977274 ],
        ...,
        [ 0.92749501,  0.99710998,  0.98812692, ...,  0.        ,
         -0.05128354, -0.08671082],
        [ 0.90710294,  0.99190183,  0.99470587, ...,  0.05128354,
          0.        , -0.03550633],
        [ 0.89158603,  0.98676684,  0.9977274 , ...,  0.08671082,
          0.03550633,  0.        ]]]), 'num': array([ 7.03687754e-01,  7.03687754e-01,  0.00000000e+00,  0.00000000e+00,
        2.90957419e-04,  2.93452765e-04,  2.88961141e-04,  9.82162950e-02,
       -1.49720799e-06,  2.90059094e-04,  2.77058338e-04,  2.83030534e-04,
        4.00568803e-06,  2.97845699e-04,  2.56270977e-04])}
{'img': array([[[ 0.        , -0.09901537, -0.24824324, ...,  0.34365904,
          0.51361248,  0.44095183],
        [ 0.09901537,  0.        , -0.15110739, ...,  0.43495506,
          0.59604593,  0.52765429],
        [ 0.24824324,  0.15110739,  0.        , ...,  0.5660256 ,
          0.71053347,  0.64995499],
        ...,
        [-0.34365904, -0.43495506, -0.5660256 , ...,  0.        ,
          0.18746354,  0.10565087],
        [-0.51361248, -0.59604593, -0.71053347, ..., -0.18746354,
          0.        , -0.08263651],
        [-0.44095183, -0.52765429, -0.64995499, ..., -0.10565087,
          0.08263651,  0.        ]],

       [[ 0.        ,  0.52694714,  0.3045147 , ..., -0.04347718,
          0.09056429, -0.02946004],
        [-0.52694714,  0.        , -0.24311473, ..., -0.56340005,
         -0.4478113 , -0.55175646],
        [-0.3045147 ,  0.24311473,  0.        , ..., -0.3456391 ,
         -0.21700015, -0.33244344],
        ...,
        [ 0.04347718,  0.56340005,  0.3456391 , ...,  0.        ,
          0.13377717,  0.01402613],
        [-0.09056429,  0.4478113 ,  0.21700015, ..., -0.13377717,
          0.        , -0.11986396],
        [ 0.02946004,  0.55175646,  0.33244344, ..., -0.01402613,
          0.11986396,  0.        ]],

       [[ 0.        , -0.04453644, -0.063674  , ...,  0.56355042,
          0.58755781,  0.58156371],
        [ 0.04453644,  0.        , -0.01916475, ...,  0.59978198,
          0.62301291,  0.61721709],
        [ 0.063674  ,  0.01916475,  0.        , ...,  0.61500676,
          0.63788937,  0.63218242],
        ...,
        [-0.56355042, -0.59978198, -0.61500676, ...,  0.        ,
          0.02935577,  0.02197037],
        [-0.58755781, -0.62301291, -0.63788937, ..., -0.02935577,
          0.        , -0.00738779],
        [-0.58156371, -0.61721709, -0.63218242, ..., -0.02197037,
          0.00738779,  0.        ]],

       ...,

       [[ 0.        , -0.10968872, -0.24539945, ...,  0.99006373,
          0.96906102,  0.9920298 ],
        [ 0.10968872,  0.        , -0.13758405, ...,  0.99951403,
          0.93614019,  0.97222272],
        [ 0.24539945,  0.13758405,  0.        , ...,  0.99429753,
          0.87885932,  0.93077438],
        ...,
        [-0.99006373, -0.99951403, -0.99429753, ...,  0.        ,
          0.38063755,  0.26425009],
        [-0.96906102, -0.93614019, -0.87885932, ..., -0.38063755,
          0.        , -0.122749  ],
        [-0.9920298 , -0.97222272, -0.93077438, ..., -0.26425009,
          0.122749  ,  0.        ]],

       [[ 0.        , -0.34109902, -0.63321424, ..., -0.83361542,
         -0.91312577, -0.95237033],
        [ 0.34109902,  0.        , -0.33123607, ..., -0.97202575,
         -0.99742177, -0.99927023],
        [ 0.63321424,  0.33123607,  0.        , ..., -0.99495171,
         -0.96488544, -0.9302071 ],
        ...,
        [ 0.83361542,  0.97202575,  0.99495171, ...,  0.        ,
          0.16451409,  0.27183139],
        [ 0.91312577,  0.99742177,  0.96488544, ..., -0.16451409,
          0.        ,  0.10980832],
        [ 0.95237033,  0.99927023,  0.9302071 , ..., -0.27183139,
         -0.10980832,  0.        ]],

       [[ 0.        , -0.22826533, -0.34334125, ..., -0.99190183,
         -0.98676684, -0.99661715],
        [ 0.22826533,  0.        , -0.11988744, ..., -0.99470587,
         -0.9977274 , -0.98906525],
        [ 0.34334125,  0.11988744,  0.        , ..., -0.97521155,
         -0.98245328, -0.96425078],
        ...,
        [ 0.99190183,  0.99470587,  0.97521155, ...,  0.        ,
         -0.03550633,  0.04505849],
        [ 0.98676684,  0.9977274 ,  0.98245328, ...,  0.03550633,
          0.        ,  0.08050035],
        [ 0.99661715,  0.98906525,  0.96425078, ..., -0.04505849,
         -0.08050035,  0.        ]]]), 'num': array([6.67986988e-01, 6.67986988e-01, 0.00000000e+00, 0.00000000e+00,
       2.81881034e-04, 2.85197281e-04, 2.77143538e-04, 3.28003309e-01,
       5.68499564e-06, 2.76385538e-04, 2.64375985e-04, 2.68908190e-04,
       3.90146760e-06, 2.85312235e-04, 2.43439735e-04])}
{'img': array([[[ 0.        , -0.15110739, -0.38436322, ...,  0.59604593,
          0.52765429,  0.79367133],
        [ 0.15110739,  0.        , -0.2404501 , ...,  0.71053347,
          0.64995499,  0.87648357],
        [ 0.38436322,  0.2404501 ,  0.        , ...,  0.85888342,
          0.81362179,  0.96652918],
        ...,
        [-0.59604593, -0.71053347, -0.85888342, ...,  0.        ,
         -0.08263651,  0.27467603],
        [-0.52765429, -0.64995499, -0.81362179, ...,  0.08263651,
          0.        ,  0.35319462],
        [-0.79367133, -0.87648357, -0.96652918, ..., -0.27467603,
         -0.35319462,  0.        ]],

       [[ 0.        , -0.24311473, -0.08218203, ..., -0.4478113 ,
         -0.55175646,  0.27444551],
        [ 0.24311473,  0.        ,  0.16257599, ..., -0.21700015,
         -0.33244344,  0.49999124],
        [ 0.08218203, -0.16257599,  0.        , ..., -0.37281525,
         -0.48134981,  0.35254361],
        ...,
        [ 0.4478113 ,  0.21700015,  0.37281525, ...,  0.        ,
         -0.11986396,  0.67600597],
        [ 0.55175646,  0.33244344,  0.48134981, ...,  0.11986396,
          0.        ,  0.75945948],
        [-0.27444551, -0.49999124, -0.35254361, ..., -0.67600597,
         -0.75945948,  0.        ]],

       [[ 0.        , -0.01916475, -0.07694355, ...,  0.62301291,
          0.61721709,  0.68050475],
        [ 0.01916475,  0.        , -0.05782149, ...,  0.63788937,
          0.63218242,  0.69442262],
        [ 0.07694355,  0.05782149,  0.        , ...,  0.68135209,
          0.67592596,  0.73486726],
        ...,
        [-0.62301291, -0.63788937, -0.68135209, ...,  0.        ,
         -0.00738779,  0.07578991],
        [-0.61721709, -0.63218242, -0.67592596, ...,  0.00738779,
          0.        ,  0.08315439],
        [-0.68050475, -0.69442262, -0.73486726, ..., -0.07578991,
         -0.08315439,  0.        ]],

       ...,

       [[ 0.        , -0.13758405, -0.69949223, ...,  0.93614019,
          0.97222272,  0.93790886],
        [ 0.13758405,  0.        , -0.59451704, ...,  0.87885932,
          0.93077438,  0.88126404],
        [ 0.69949223,  0.59451704,  0.        , ...,  0.42304305,
          0.53106794,  0.42762627],
        ...,
        [-0.93614019, -0.87885932, -0.42304305, ...,  0.        ,
         -0.122749  , -0.00506411],
        [-0.97222272, -0.93077438, -0.53106794, ...,  0.122749  ,
          0.        ,  0.11772161],
        [-0.93790886, -0.88126404, -0.42762627, ...,  0.00506411,
         -0.11772161,  0.        ]],

       [[ 0.        , -0.55952123, -0.67093408, ..., -0.92108255,
         -0.95898484, -0.99268623],
        [ 0.55952123,  0.        , -0.14118641, ..., -0.98126727,
         -0.95342241, -0.89030136],
        [ 0.67093408,  0.14118641,  0.        , ..., -0.94423819,
         -0.90128477, -0.81709093],
        ...,
        [ 0.92108255,  0.98126727,  0.94423819, ...,  0.        ,
          0.11230974,  0.2753237 ],
        [ 0.95898484,  0.95342241,  0.90128477, ..., -0.11230974,
          0.        ,  0.16561264],
        [ 0.99268623,  0.89030136,  0.81709093, ..., -0.2753237 ,
         -0.16561264,  0.        ]],

       [[ 0.        , -0.11988744, -0.33204014, ..., -0.9977274 ,
         -0.98906525, -0.98586047],
        [ 0.11988744,  0.        , -0.21655964, ..., -0.98245328,
         -0.96425078, -0.9586606 ],
        [ 0.33204014,  0.21655964,  0.        , ..., -0.91874878,
         -0.88398209, -0.87428852],
        ...,
        [ 0.9977274 ,  0.98245328,  0.91874878, ...,  0.        ,
          0.08050035,  0.10076038],
        [ 0.98906525,  0.96425078,  0.88398209, ..., -0.08050035,
          0.        ,  0.02034271],
        [ 0.98586047,  0.9586606 ,  0.87428852, ..., -0.10076038,
         -0.02034271,  0.        ]]]), 'num': array([ 7.97581614e-01,  5.76725622e-01,  3.68707833e-05, -2.20648850e-10,
        3.38217446e-04,  3.40475993e-04,  3.34829625e-04,  1.76777450e-01,
        2.25854722e-06,  3.32232296e-04,  3.17100029e-04,  3.20854864e-04,
        4.68391894e-06,  3.42710899e-04,  2.91489159e-04])}
{'img': array([[[ 0.        , -0.2404501 ,  0.07638864, ...,  0.64995499,
          0.87648357,  0.93887015],
        [ 0.2404501 ,  0.        ,  0.31389505, ...,  0.81362179,
          0.96652918,  0.99410522],
        [-0.07638864, -0.31389505,  0.        , ...,  0.59000261,
          0.83714667,  0.90982845],
        ...,
        [-0.64995499, -0.81362179, -0.59000261, ...,  0.        ,
          0.35319462,  0.48975474],
        [-0.87648357, -0.96652918, -0.83714667, ..., -0.35319462,
          0.        ,  0.15025364],
        [-0.93887015, -0.99410522, -0.90982845, ..., -0.48975474,
         -0.15025364,  0.        ]],

       [[ 0.        ,  0.16257599, -0.25978089, ..., -0.33244344,
          0.49999124, -0.04347655],
        [-0.16257599,  0.        , -0.41331914, ..., -0.48134981,
          0.35254361, -0.20532041],
        [ 0.25978089,  0.41331914,  0.        , ..., -0.07602447,
          0.7078035 ,  0.21755136],
        ...,
        [ 0.33244344,  0.48134981,  0.07602447, ...,  0.        ,
          0.75945948,  0.29112535],
        [-0.49999124, -0.35254361, -0.7078035 , ..., -0.75945948,
          0.        , -0.53717049],
        [ 0.04347655,  0.20532041, -0.21755136, ..., -0.29112535,
          0.53717049,  0.        ]],

       [[ 0.        , -0.05782149, -0.10964042, ...,  0.63218242,
          0.69442262,  0.83044844],
        [ 0.05782149,  0.        , -0.05198408, ...,  0.67592596,
          0.73486726,  0.86127114],
        [ 0.10964042,  0.05198408,  0.        , ...,  0.71332274,
          0.76912983,  0.88652211],
        ...,
        [-0.63218242, -0.67592596, -0.71332274, ...,  0.        ,
          0.08315439,  0.29126173],
        [-0.69442262, -0.73486726, -0.76912983, ..., -0.08315439,
          0.        ,  0.2107039 ],
        [-0.83044844, -0.86127114, -0.88652211, ..., -0.29126173,
         -0.2107039 ,  0.        ]],

       ...,

       [[ 0.        , -0.59451704,  0.20577645, ...,  0.93077438,
          0.88126404,  0.86175761],
        [ 0.59451704,  0.        ,  0.74725514, ...,  0.53106794,
          0.42762627,  0.39131414],
        [-0.20577645, -0.74725514,  0.        , ...,  0.98608556,
          0.95965907,  0.94770972],
        ...,
        [-0.93077438, -0.53106794, -0.98608556, ...,  0.        ,
          0.11772161,  0.15714716],
        [-0.88126404, -0.42762627, -0.95965907, ..., -0.11772161,
          0.        ,  0.03979552],
        [-0.86175761, -0.39131414, -0.94770972, ..., -0.15714716,
         -0.03979552,  0.        ]],

       [[ 0.        , -0.42641112, -0.64835157, ..., -0.97630782,
         -0.9992617 , -0.99326859],
        [ 0.42641112,  0.        , -0.2618088 , ..., -0.97536873,
         -0.92024414, -0.84904781],
        [ 0.64835157,  0.2618088 ,  0.        , ..., -0.88359766,
         -0.7856883 , -0.68111503],
        ...,
        [ 0.97630782,  0.97536873,  0.88359766, ...,  0.        ,
          0.17871733,  0.32801935],
        [ 0.9992617 ,  0.92024414,  0.7856883 , ..., -0.17871733,
          0.        ,  0.15390932],
        [ 0.99326859,  0.84904781,  0.68111503, ..., -0.32801935,
         -0.15390932,  0.        ]],

       [[ 0.        , -0.21655964, -0.2868848 , ..., -0.96425078,
         -0.9586606 , -0.91484912],
        [ 0.21655964,  0.        , -0.07262028, ..., -0.88398209,
         -0.87428852, -0.80569331],
        [ 0.2868848 ,  0.07262028,  0.        , ..., -0.84769659,
         -0.83672974, -0.76055063],
        ...,
        [ 0.96425078,  0.88398209,  0.84769659, ...,  0.        ,
          0.02034271,  0.14693334],
        [ 0.9586606 ,  0.87428852,  0.83672974, ..., -0.02034271,
          0.        ,  0.12678102],
        [ 0.91484912,  0.80569331,  0.76055063, ..., -0.14693334,
         -0.12678102,  0.        ]]]), 'num': array([9.00179645e-01, 3.43681573e-01, 9.24415403e-05, 1.12139242e-08,
       3.82472902e-04, 3.90096947e-04, 3.78025543e-04, 2.67504153e-01,
       1.90601114e-06, 3.76754869e-04, 3.59219566e-04, 3.61527957e-04,
       5.27040959e-06, 3.88143525e-04, 3.30295607e-04])}
{'img': array([[[ 0.        ,  0.31389505,  0.33770825, ...,  0.96652918,
          0.99410522,  0.99959168],
        [-0.31389505,  0.        ,  0.02518572, ...,  0.83714667,
          0.90982845,  0.95803919],
        [-0.33770825, -0.02518572,  0.        , ...,  0.82310507,
          0.89908816,  0.95051613],
        ...,
        [-0.96652918, -0.83714667, -0.82310507, ...,  0.        ,
          0.15025364,  0.2840694 ],
        [-0.99410522, -0.90982845, -0.89908816, ..., -0.15025364,
          0.        ,  0.13678075],
        [-0.99959168, -0.95803919, -0.95051613, ..., -0.2840694 ,
         -0.13678075,  0.        ]],

       [[ 0.        , -0.41331914, -0.53345762, ...,  0.35254361,
         -0.20532041, -0.01612637],
        [ 0.41331914,  0.        , -0.13616277, ...,  0.7078035 ,
          0.21755136,  0.39858094],
        [ 0.53345762,  0.13616277,  0.        , ...,  0.79739801,
          0.34842671,  0.51974814],
        ...,
        [-0.35254361, -0.7078035 , -0.79739801, ...,  0.        ,
         -0.53717049, -0.36758875],
        [ 0.20532041, -0.21755136, -0.34842671, ...,  0.53717049,
          0.        ,  0.18951091],
        [ 0.01612637, -0.39858094, -0.51974814, ...,  0.36758875,
         -0.18951091,  0.        ]],

       [[ 0.        , -0.05198408, -0.09134747, ...,  0.73486726,
          0.86127114,  0.9615942 ],
        [ 0.05198408,  0.        , -0.03945722, ...,  0.76912983,
          0.88652211,  0.97456238],
        [ 0.09134747,  0.03945722,  0.        , ...,  0.7937477 ,
          0.90408805,  0.98264646],
        ...,
        [-0.73486726, -0.76912983, -0.7937477 , ...,  0.        ,
          0.2107039 ,  0.45046094],
        [-0.86127114, -0.88652211, -0.90408805, ..., -0.2107039 ,
          0.        ,  0.25223243],
        [-0.9615942 , -0.97456238, -0.98264646, ..., -0.45046094,
         -0.25223243,  0.        ]],

       ...,

       [[ 0.        ,  0.74725514,  0.78407107, ...,  0.42762627,
          0.39131414,  0.39131414],
        [-0.74725514,  0.        ,  0.05724479, ...,  0.95965907,
          0.94770972,  0.94770972],
        [-0.78407107, -0.05724479,  0.        , ...,  0.9741807 ,
          0.96442438,  0.96442438],
        ...,
        [-0.42762627, -0.95965907, -0.9741807 , ...,  0.        ,
          0.03979552,  0.03979552],
        [-0.39131414, -0.94770972, -0.96442438, ..., -0.03979552,
          0.        ,  0.        ],
        [-0.39131414, -0.94770972, -0.96442438, ..., -0.03979552,
          0.        ,  0.        ]],

       [[ 0.        , -0.52737305, -0.72254933, ..., -0.99995215,
         -0.98513731, -0.95136978],
        [ 0.52737305,  0.        , -0.24931916, ..., -0.84443401,
         -0.74641983, -0.64585806],
        [ 0.72254933,  0.24931916,  0.        , ..., -0.68421775,
         -0.55693317, -0.43511817],
        ...,
        [ 0.99995215,  0.84443401,  0.68421775, ...,  0.        ,
          0.16212307,  0.29872941],
        [ 0.98513731,  0.74641983,  0.55693317, ..., -0.16212307,
          0.        ,  0.1400572 ],
        [ 0.95136978,  0.64585806,  0.43511817, ..., -0.29872941,
         -0.1400572 ,  0.        ]],

       [[ 0.        , -0.07262028, -0.11605957, ..., -0.87428852,
         -0.80569331, -0.68968034],
        [ 0.07262028,  0.        , -0.04362361, ..., -0.83672974,
         -0.76055063, -0.635274  ],
        [ 0.11605957,  0.04362361,  0.        , ..., -0.81204422,
         -0.73150273, -0.6009793 ],
        ...,
        [ 0.87428852,  0.83672974,  0.81204422, ...,  0.        ,
          0.12678102,  0.29830913],
        [ 0.80569331,  0.76055063,  0.73150273, ..., -0.12678102,
          0.        ,  0.1748934 ],
        [ 0.68968034,  0.635274  ,  0.6009793 , ..., -0.29830913,
         -0.1748934 ,  0.        ]]]), 'num': array([ 9.43348947e-01,  2.95161153e-01,  1.07851546e-04,  3.23349467e-08,
        4.00610503e-04,  4.03276796e-04,  3.98610783e-04,  1.51563285e-01,
       -6.66573216e-07,  3.97277637e-04,  3.78780230e-04,  3.79913405e-04,
        5.59308561e-06,  4.10059138e-04,  3.47501322e-04])}
{'img': array([[[ 0.        ,  0.02518572, -0.02532265, ...,  0.90982845,
          0.95803919,  0.94280904],
        [-0.02518572,  0.        , -0.05049226, ...,  0.89908816,
          0.95051613,  0.93411473],
        [ 0.02532265,  0.05049226,  0.        , ...,  0.92004521,
          0.96499039,  0.95094759],
        ...,
        [-0.90982845, -0.89908816, -0.92004521, ...,  0.        ,
          0.13678075,  0.08797504],
        [-0.95803919, -0.95051613, -0.96499039, ..., -0.13678075,
          0.        , -0.04910222],
        [-0.94280904, -0.93411473, -0.95094759, ..., -0.08797504,
          0.04910222,  0.        ]],

       [[ 0.        , -0.13616277,  0.0892366 , ...,  0.21755136,
          0.39858094,  0.0203007 ],
        [ 0.13616277,  0.        ,  0.22402504, ...,  0.34842671,
          0.51974814,  0.15624634],
        [-0.0892366 , -0.22402504,  0.        , ...,  0.12958414,
          0.31514893, -0.0689985 ],
        ...,
        [-0.21755136, -0.34842671, -0.12958414, ...,  0.        ,
          0.18951091, -0.19769205],
        [-0.39858094, -0.51974814, -0.31514893, ..., -0.18951091,
          0.        , -0.37988035],
        [-0.0203007 , -0.15624634,  0.0689985 , ...,  0.19769205,
          0.37988035,  0.        ]],

       [[ 0.        , -0.03945722, -0.06599285, ...,  0.88652211,
          0.97456238,  0.99815411],
        [ 0.03945722,  0.        , -0.02657025, ...,  0.90408805,
          0.98264646,  0.99498049],
        [ 0.06599285,  0.02657025,  0.        , ...,  0.91512356,
          0.98722801,  0.99197035],
        ...,
        [-0.88652211, -0.90408805, -0.91512356, ...,  0.        ,
          0.25223243,  0.51567241],
        [-0.97456238, -0.98264646, -0.98722801, ..., -0.25223243,
          0.        ,  0.28288983],
        [-0.99815411, -0.99498049, -0.99197035, ..., -0.51567241,
         -0.28288983,  0.        ]],

       ...,

       [[ 0.        ,  0.32036782,  0.53678958, ...,  0.42713857,
          0.42713857,  0.35404078],
        [-0.32036782,  0.        ,  0.23819762, ...,  0.69429763,
          0.69429763,  0.63499802],
        [-0.53678958, -0.23819762,  0.        , ...,  0.84574143,
          0.84574143,  0.80073163],
        ...,
        [-0.42713857, -0.69429763, -0.84574143, ...,  0.        ,
          0.        ,  0.07935402],
        [-0.42713857, -0.69429763, -0.84574143, ...,  0.        ,
          0.        ,  0.07935402],
        [-0.35404078, -0.63499802, -0.80073163, ..., -0.07935402,
         -0.07935402,  0.        ]],

       [[ 0.        , -0.55952224, -0.70586536, ..., -0.96368885,
         -0.91009971, -0.82008799],
        [ 0.55952224,  0.        , -0.18869669, ..., -0.64931215,
         -0.52244454, -0.35952192],
        [ 0.70586536,  0.18869669,  0.        , ..., -0.49413955,
         -0.35216243, -0.17698347],
        ...,
        [ 0.96368885,  0.64931215,  0.49413955, ...,  0.        ,
          0.15632054,  0.33247262],
        [ 0.91009971,  0.52244454,  0.35216243, ..., -0.15632054,
          0.        ,  0.18095741],
        [ 0.82008799,  0.35952192,  0.17698347, ..., -0.33247262,
         -0.18095741,  0.        ]],

       [[ 0.        , -0.04362361, -0.11104283, ..., -0.76055063,
         -0.635274  , -0.58272895],
        [ 0.04362361,  0.        , -0.06758329, ..., -0.73150273,
         -0.6009793 , -0.54672276],
        [ 0.11104283,  0.06758329,  0.        , ..., -0.68374936,
         -0.54558831, -0.48888434],
        ...,
        [ 0.76055063,  0.73150273,  0.68374936, ...,  0.        ,
          0.1748934 ,  0.23972062],
        [ 0.635274  ,  0.6009793 ,  0.54558831, ..., -0.1748934 ,
          0.        ,  0.06623205],
        [ 0.58272895,  0.54672276,  0.48888434, ..., -0.23972062,
         -0.06623205,  0.        ]]]), 'num': array([ 9.41116620e-01,  2.40699484e-01,  1.16931075e-04,  2.46340395e-08,
        3.99325620e-04,  4.05992157e-04,  3.98658966e-04,  2.37406881e-01,
       -1.33330758e-06,  3.99458950e-04,  3.80859310e-04,  3.80414874e-04,
        5.46805917e-06,  4.11920226e-04,  3.49798394e-04])}
{'img': array([[[ 0.        , -0.05049226, -0.02518572, ...,  0.95051613,
          0.93411473,  0.89908816],
        [ 0.05049226,  0.        ,  0.02532265, ...,  0.96499039,
          0.95094759,  0.92004521],
        [ 0.02518572, -0.02532265,  0.        , ...,  0.95803919,
          0.94280904,  0.90982845],
        ...,
        [-0.95051613, -0.96499039, -0.95803919, ...,  0.        ,
         -0.04910222, -0.13678075],
        [-0.93411473, -0.95094759, -0.94280904, ...,  0.04910222,
          0.        , -0.08797504],
        [-0.89908816, -0.92004521, -0.90982845, ...,  0.13678075,
          0.08797504,  0.        ]],

       [[ 0.        ,  0.22402504,  0.08609504, ...,  0.51974814,
          0.15624634,  0.42320229],
        [-0.22402504,  0.        , -0.13928642, ...,  0.31514893,
         -0.0689985 ,  0.20947135],
        [-0.08609504,  0.13928642,  0.        , ...,  0.4442656 ,
          0.07062855,  0.34362577],
        ...,
        [-0.51974814, -0.31514893, -0.4442656 , ...,  0.        ,
         -0.37988035, -0.10936013],
        [-0.15624634,  0.0689985 , -0.07062855, ...,  0.37988035,
          0.        ,  0.27643989],
        [-0.42320229, -0.20947135, -0.34362577, ...,  0.10936013,
         -0.27643989,  0.        ]],

       [[ 0.        , -0.02576974, -0.00642142, ...,  0.95558301,
          0.99282318,  0.94770457],
        [ 0.02576974,  0.        ,  0.01934992, ...,  0.96286058,
          0.99557531,  0.93916546],
        [ 0.00642142, -0.01934992,  0.        , ...,  0.95745584,
          0.99357066,  0.94563564],
        ...,
        [-0.95558301, -0.96286058, -0.95745584, ...,  0.        ,
          0.17832729,  0.58428277],
        [-0.99282318, -0.99557531, -0.99357066, ..., -0.17832729,
          0.        ,  0.43019589],
        [-0.94770457, -0.93916546, -0.94563564, ..., -0.58428277,
         -0.43019589,  0.        ]],

       ...,

       [[ 0.        ,  0.44882546,  0.61741169, ...,  0.43258571,
          0.35863759,  0.49230061],
        [-0.44882546,  0.        ,  0.19866694, ...,  0.79122481,
          0.73945371,  0.83059841],
        [-0.61741169, -0.19866694,  0.        , ...,  0.89694325,
          0.85845828,  0.92467417],
        ...,
        [-0.43258571, -0.79122481, -0.89694325, ...,  0.        ,
          0.08046368, -0.06732117],
        [-0.35863759, -0.73945371, -0.85845828, ..., -0.08046368,
          0.        , -0.14738402],
        [-0.49230061, -0.83059841, -0.92467417, ...,  0.06732117,
          0.14738402,  0.        ]],

       [[ 0.        , -0.49611948, -0.71862197, ..., -0.837275  ,
         -0.69459048, -0.55807967],
        [ 0.49611948,  0.        , -0.27894463, ..., -0.45569837,
         -0.24617013, -0.07288137],
        [ 0.71862197,  0.27894463,  0.        , ..., -0.18931225,
          0.03396162,  0.2082143 ],
        ...,
        [ 0.837275  ,  0.45569837,  0.18931225, ...,  0.        ,
          0.22255054,  0.38961229],
        [ 0.69459048,  0.24617013, -0.03396162, ..., -0.22255054,
          0.        ,  0.1748769 ],
        [ 0.55807967,  0.07288137, -0.2082143 , ..., -0.38961229,
         -0.1748769 ,  0.        ]],

       [[ 0.        , -0.06758329, -0.09525644, ..., -0.6009793 ,
         -0.54672276, -0.41612632],
        [ 0.06758329,  0.        , -0.02776267, ..., -0.54558831,
         -0.48888434, -0.35372095],
        [ 0.09525644,  0.02776267,  0.        , ..., -0.52211141,
         -0.46447716, -0.32761676],
        ...,
        [ 0.6009793 ,  0.54558831,  0.52211141, ...,  0.        ,
          0.06623205,  0.21387955],
        [ 0.54672276,  0.48888434,  0.46447716, ..., -0.06623205,
          0.        ,  0.14871047],
        [ 0.41612632,  0.35372095,  0.32761676, ..., -0.21387955,
         -0.14871047,  0.        ]]]), 'num': array([9.54726775e-01, 2.17846003e-01, 1.23018493e-04, 8.13811177e-09,
       4.05102129e-04, 4.07131021e-04, 3.96986560e-04, 2.02579942e-01,
       0.00000000e+00, 4.05778426e-04, 3.88465213e-04, 3.86368691e-04,
       5.42707771e-06, 4.19090061e-04, 3.57840365e-04])}
{'img': array([[[ 0.        ,  0.02532265,  0.22254879, ...,  0.95094759,
          0.92004521,  0.92004521],
        [-0.02532265,  0.        ,  0.19778983, ...,  0.94280904,
          0.90982845,  0.90982845],
        [-0.22254879, -0.19778983,  0.        , ...,  0.85825339,
          0.80977457,  0.80977457],
        ...,
        [-0.95094759, -0.94280904, -0.85825339, ...,  0.        ,
         -0.08797504, -0.08797504],
        [-0.92004521, -0.90982845, -0.80977457, ...,  0.08797504,
          0.        ,  0.        ],
        [-0.92004521, -0.90982845, -0.80977457, ...,  0.08797504,
          0.        ,  0.        ]],

       [[ 0.        , -0.13928642,  0.09482522, ..., -0.0689985 ,
          0.20947135,  0.10233282],
        [ 0.13928642,  0.        ,  0.23255966, ...,  0.07062855,
          0.34362577,  0.23989049],
        [-0.09482522, -0.23255966,  0.        , ..., -0.16328682,
          0.11580596,  0.00754429],
        ...,
        [ 0.0689985 , -0.07062855,  0.16328682, ...,  0.        ,
          0.27643989,  0.17072521],
        [-0.20947135, -0.34362577, -0.11580596, ..., -0.27643989,
          0.        , -0.10830913],
        [-0.10233282, -0.23989049, -0.00754429, ..., -0.17072521,
          0.10830913,  0.        ]],

       [[ 0.        ,  0.019176  ,  0.14365275, ...,  0.99074279,
          0.99030313,  0.93624368],
        [-0.019176  ,  0.        ,  0.12464922, ...,  0.98795743,
          0.99278503,  0.94280904],
        [-0.14365275, -0.12464922,  0.        , ...,  0.96096575,
          0.99998859,  0.97700569],
        ...,
        [-0.99074279, -0.98795743, -0.96096575, ...,  0.        ,
          0.27207343,  0.47519617],
        [-0.99030313, -0.99278503, -0.99998859, ..., -0.27207343,
          0.        ,  0.21787816],
        [-0.93624368, -0.94280904, -0.97700569, ..., -0.47519617,
         -0.21787816,  0.        ]],

       ...,

       [[ 0.        ,  0.21266527,  0.51176978, ...,  0.71099268,
          0.80731669,  0.86756823],
        [-0.21266527,  0.        ,  0.31735756, ...,  0.8442749 ,
          0.91434711,  0.95348501],
        [-0.51176978, -0.31735756,  0.        , ...,  0.97070611,
          0.99558882,  0.99985991],
        ...,
        [-0.71099268, -0.8442749 , -0.97070611, ...,  0.        ,
         -0.14813473, -0.25648388],
        [-0.80731669, -0.91434711, -0.99558882, ...,  0.14813473,
          0.        , -0.11047473],
        [-0.86756823, -0.95348501, -0.99985991, ...,  0.25648388,
          0.11047473,  0.        ]],

       [[ 0.        , -0.39240425, -0.65841083, ..., -0.35380704,
         -0.12402592,  0.26603107],
        [ 0.39240425,  0.        , -0.3102551 , ...,  0.04159373,
          0.27529633,  0.62295722],
        [ 0.65841083,  0.3102551 ,  0.        , ...,  0.34952783,
          0.55997804,  0.83491525],
        ...,
        [ 0.35380704, -0.04159373, -0.34952783, ...,  0.        ,
          0.23507156,  0.58988118],
        [ 0.12402592, -0.27529633, -0.55997804, ..., -0.23507156,
          0.        ,  0.38353362],
        [-0.26603107, -0.62295722, -0.83491525, ..., -0.58988118,
         -0.38353362,  0.        ]],

       [[ 0.        , -0.02776267,  0.02098349, ..., -0.48888434,
         -0.35372095, -0.17197421],
        [ 0.02776267,  0.        ,  0.04873196, ..., -0.46447716,
         -0.32761676, -0.14455887],
        [-0.02098349, -0.04873196,  0.        , ..., -0.50708161,
         -0.37327   , -0.19260721],
        ...,
        [ 0.48888434,  0.46447716,  0.50708161, ...,  0.        ,
          0.14871047,  0.33157921],
        [ 0.35372095,  0.32761676,  0.37327   , ..., -0.14871047,
          0.        ,  0.18759477],
        [ 0.17197421,  0.14455887,  0.19260721, ..., -0.33157921,
         -0.18759477,  0.        ]]]), 'num': array([9.18679875e-01, 2.88392215e-01, 1.04873155e-04, 6.89068416e-09,
       3.90270997e-04, 3.97414060e-04, 3.88972259e-04, 2.69918565e-01,
       1.29873876e-06, 3.89881376e-04, 3.74978348e-04, 3.71460931e-04,
       5.03032618e-06, 4.03418874e-04, 3.46537823e-04])}
{'img': array([[[ 0.00000000e+00,  1.97789834e-01,  4.56185405e-01, ...,
          9.09828455e-01,  9.09828455e-01,  9.42809042e-01],
        [-1.97789834e-01,  0.00000000e+00,  2.71163054e-01, ...,
          8.09774567e-01,  8.09774567e-01,  8.58253386e-01],
        [-4.56185405e-01, -2.71163054e-01,  0.00000000e+00, ...,
          6.20332573e-01,  6.20332573e-01,  6.86929591e-01],
        ...,
        [-9.09828455e-01, -8.09774567e-01, -6.20332573e-01, ...,
          0.00000000e+00,  0.00000000e+00,  8.79750407e-02],
        [-9.09828455e-01, -8.09774567e-01, -6.20332573e-01, ...,
          0.00000000e+00,  0.00000000e+00,  8.79750407e-02],
        [-9.42809042e-01, -8.58253386e-01, -6.86929591e-01, ...,
         -8.79750407e-02, -8.79750407e-02,  0.00000000e+00]],

       [[ 0.00000000e+00,  2.32559662e-01,  2.56463841e-01, ...,
          3.43625772e-01,  2.39890485e-01,  4.36517355e-01],
        [-2.32559662e-01,  0.00000000e+00,  2.46507181e-02, ...,
          1.15805957e-01,  7.54428997e-03,  2.15316020e-01],
        [-2.56463841e-01, -2.46507181e-02,  0.00000000e+00, ...,
          9.12859023e-02, -1.71080191e-02,  1.91178069e-01],
        ...,
        [-3.43625772e-01, -1.15805957e-01, -9.12859023e-02, ...,
          0.00000000e+00, -1.08309131e-01,  1.00777681e-01],
        [-2.39890485e-01, -7.54428997e-03,  1.71080191e-02, ...,
          1.08309131e-01,  0.00000000e+00,  2.07942558e-01],
        [-4.36517355e-01, -2.15316020e-01, -1.91178069e-01, ...,
         -1.00777681e-01, -2.07942558e-01,  0.00000000e+00]],

       [[ 0.00000000e+00,  1.24068137e-01,  2.37112967e-01, ...,
          9.97143962e-01,  9.82122278e-01,  9.41392399e-01],
        [-1.24068137e-01,  0.00000000e+00,  1.14750990e-01, ...,
          9.98809888e-01,  9.97889199e-01,  9.75968768e-01],
        [-2.37112967e-01, -1.14750990e-01,  0.00000000e+00, ...,
          9.86615284e-01,  9.98749309e-01,  9.94527239e-01],
        ...,
        [-9.97143962e-01, -9.98809888e-01, -9.86615284e-01, ...,
          0.00000000e+00,  1.13532351e-01,  2.65252058e-01],
        [-9.82122278e-01, -9.97889199e-01, -9.98749309e-01, ...,
         -1.13532351e-01,  0.00000000e+00,  1.54071497e-01],
        [-9.41392399e-01, -9.75968768e-01, -9.94527239e-01, ...,
         -2.65252058e-01, -1.54071497e-01,  0.00000000e+00]],

       ...,

       [[ 0.00000000e+00,  3.17357559e-01,  7.33572275e-01, ...,
          9.14347106e-01,  9.53485005e-01,  9.87162465e-01],
        [-3.17357559e-01,  0.00000000e+00,  4.79971126e-01, ...,
          9.95588817e-01,  9.99859912e-01,  9.86820182e-01],
        [-7.33572275e-01, -4.79971126e-01,  0.00000000e+00, ...,
          9.18447144e-01,  8.69127680e-01,  7.88052590e-01],
        ...,
        [-9.14347106e-01, -9.95588817e-01, -9.18447144e-01, ...,
          0.00000000e+00, -1.10474733e-01, -2.53694078e-01],
        [-9.53485005e-01, -9.99859912e-01, -8.69127680e-01, ...,
          1.10474733e-01,  0.00000000e+00, -1.45280702e-01],
        [-9.87162465e-01, -9.86820182e-01, -7.88052590e-01, ...,
          2.53694078e-01,  1.45280702e-01,  0.00000000e+00]],

       [[ 0.00000000e+00, -2.82715920e-01, -5.78568597e-01, ...,
          2.25457557e-01,  3.88275598e-01,  6.89104120e-01],
        [ 2.82715920e-01,  0.00000000e+00, -3.24372491e-01, ...,
          4.91696550e-01,  6.32970347e-01,  8.65864792e-01],
        [ 5.78568597e-01,  3.24372491e-01,  0.00000000e+00, ...,
          7.47562974e-01,  8.49866690e-01,  9.81323438e-01],
        ...,
        [-2.25457557e-01, -4.91696550e-01, -7.47562974e-01, ...,
          0.00000000e+00,  1.70509761e-01,  5.07981149e-01],
        [-3.88275598e-01, -6.32970347e-01, -8.49866690e-01, ...,
         -1.70509761e-01,  0.00000000e+00,  3.53670582e-01],
        [-6.89104120e-01, -8.65864792e-01, -9.81323438e-01, ...,
         -5.07981149e-01, -3.53670582e-01,  0.00000000e+00]],

       [[ 0.00000000e+00,  4.87319606e-02,  2.08630159e-01, ...,
         -3.27616761e-01, -1.44558871e-01,  4.90259850e-02],
        [-4.87319606e-02,  0.00000000e+00,  1.60722690e-01, ...,
         -3.73269995e-01, -1.92607209e-01,  2.94376236e-04],
        [-2.08630159e-01, -1.60722690e-01,  0.00000000e+00, ...,
         -5.17523434e-01, -3.47816547e-01, -1.60432133e-01],
        ...,
        [ 3.27616761e-01,  3.73269995e-01,  5.17523434e-01, ...,
          0.00000000e+00,  1.87594773e-01,  3.73543079e-01],
        [ 1.44558871e-01,  1.92607209e-01,  3.47816547e-01, ...,
         -1.87594773e-01,  0.00000000e+00,  1.92896065e-01],
        [-4.90259850e-02, -2.94376236e-04,  1.60432133e-01, ...,
