state_0,state_1,state_2,state_3,state_4,state_5,state_6,state_7,state_8,state_9,state_10,state_11,state_12,state_13,state_14,state_15,state_16,state_17,state_18,state_19,state_20,state_21,state_22,state_23,state_24,state_25,state_26,state_27,state_28,state_29,state_30,state_31,state_32,state_33,state_34,state_35,state_36,state_37,state_38,state_39,state_40,state_41,state_42,state_43,state_44,state_45,state_46,state_47,state_48,state_49,state_50,state_51,state_52,state_53,state_54,state_55,state_56,state_57,state_58,state_59,state_60,state_61,state_62,state_63,state_64,state_65,state_66,state_67,state_68,state_69,state_70,state_71,state_72,state_73,state_74,state_75,state_76,state_77,state_78,state_79,state_80,state_81,state_82,state_83,state_84,state_85,state_86,state_87,state_88,state_89,state_90,state_91,state_92,state_93,state_94,state_95,state_96,state_97,state_98,state_99,state_100,state_101,state_102,state_103,state_104,state_105,state_106,state_107,state_108,state_109,state_110,state_111,state_112,state_113,state_114,state_115,state_116,state_117,state_118,state_119,state_120,state_121,state_122,state_123,state_124,state_125,state_126,state_127,state_128,state_129,state_130,state_131,state_132,state_133,state_134,state_135,state_136,state_137,state_138,state_139,state_140,state_141,state_142,state_143,state_144,state_145,state_146,state_147,state_148,state_149,state_150,state_151,state_152,state_153,state_154,state_155,state_156,state_157,state_158,state_159,state_160,state_161,state_162,state_163,state_164,state_165,state_166,state_167,state_168,state_169,state_170,state_171,state_172,state_173,state_174,state_175,state_176,state_177,state_178,state_179,state_180,state_181,state_182,state_183,state_184,state_185,state_186,state_187,state_188,state_189,state_190,state_191,state_192,state_193,state_194,state_195,state_196,state_197,state_198,state_199,state_200,state_201,state_202,state_203,state_204,state_205,state_206,state_207,state_208,state_209,state_210,state_211,state_212,state_213,state_214,state_215,state_216,state_217,state_218,state_219,state_220,state_221,state_222,state_223,state_224,state_225,state_226,state_227,state_228,state_229,state_230,state_231,state_232,state_233,state_234,state_235,state_236,state_237,state_238,state_239,state_240,state_241,state_242,state_243,state_244,state_245,state_246,state_247,state_248,state_249,state_250,state_251,state_252,state_253,state_254,state_255,state_256,state_257,state_258,state_259,state_260,state_261,state_262,state_263,state_264,state_265,state_266,state_267,state_268,state_269,state_270,state_271,state_272,state_273,state_274,state_275,state_276,state_277,state_278,state_279,state_280,state_281,state_282,state_283,state_284,state_285,state_286,state_287
{'img': array([[[ 0.        , -0.95460571, -0.96685683, ..., -0.81852698,
         -0.78694647, -0.75163922],
        [ 0.95460571,  0.        , -0.04427079, ..., -0.79220706,
         -0.82342162, -0.85352609],
        [ 0.96685683,  0.04427079,  0.        , ..., -0.764414  ,
         -0.79749374, -0.82962197],
        ...,
        [ 0.81852698,  0.79220706,  0.764414  , ...,  0.        ,
         -0.05297293, -0.10808675],
        [ 0.78694647,  0.82342162,  0.79749374, ...,  0.05297293,
          0.        , -0.05527241],
        [ 0.75163922,  0.85352609,  0.82962197, ...,  0.10808675,
          0.05527241,  0.        ]],

       [[ 0.        ,  0.87476704,  0.1946458 , ...,  0.06192859,
         -0.24541131, -0.5299303 ],
        [-0.87476704,  0.        , -0.95235029, ..., -0.9030951 ,
         -0.72910331, -0.48506409],
        [-0.1946458 ,  0.95235029,  0.        , ..., -0.13352807,
         -0.42941082, -0.68486229],
        ...,
        [-0.06192859,  0.9030951 ,  0.13352807, ...,  0.        ,
         -0.30497502, -0.58143113],
        [ 0.24541131,  0.72910331,  0.42941082, ...,  0.30497502,
          0.        , -0.30560562],
        [ 0.5299303 ,  0.48506409,  0.68486229, ...,  0.58143113,
          0.30560562,  0.        ]],

       [[ 0.        , -0.53975812, -0.78567861, ..., -0.87610326,
         -0.78907164, -0.6843602 ],
        [ 0.53975812,  0.        , -0.32748688, ..., -0.99775146,
         -0.99583046, -0.96966966],
        [ 0.78567861,  0.32748688,  0.        , ..., -0.92078217,
         -0.97079055, -0.99624202],
        ...,
        [ 0.87610326,  0.99775146,  0.92078217, ...,  0.        ,
         -0.15776129, -0.30885937],
        [ 0.78907164,  0.99583046,  0.97079055, ...,  0.15776129,
          0.        , -0.15494364],
        [ 0.6843602 ,  0.96966966,  0.99624202, ...,  0.30885937,
          0.15494364,  0.        ]],

       ...,

       [[ 0.        , -0.10366989, -0.25637523, ..., -0.21485076,
         -0.51482362, -0.56732375],
        [ 0.10366989,  0.        , -0.15478886, ..., -0.11244422,
         -0.42317384, -0.47889526],
        [ 0.25637523,  0.15478886,  0.        , ...,  0.0427182 ,
         -0.27782735, -0.33723859],
        ...,
        [ 0.21485076,  0.11244422, -0.0427182 , ...,  0.        ,
         -0.31861017, -0.37714649],
        [ 0.51482362,  0.42317384,  0.27782735, ...,  0.31861017,
          0.        , -0.06240985],
        [ 0.56732375,  0.47889526,  0.33723859, ...,  0.37714649,
          0.06240985,  0.        ]],

       [[ 0.        ,  0.04333423,  0.27510851, ..., -0.99171632,
         -0.99796343, -0.99984953],
        [-0.04333423,  0.        ,  0.23318798, ..., -0.98521857,
         -0.99426174, -0.99815858],
        [-0.27510851, -0.23318798,  0.        , ..., -0.91811217,
         -0.9419064 , -0.95649619],
        ...,
        [ 0.99171632,  0.98521857,  0.91811217, ...,  0.        ,
          0.06492556,  0.11122471],
        [ 0.99796343,  0.99426174,  0.9419064 , ..., -0.06492556,
          0.        ,  0.04646732],
        [ 0.99984953,  0.99815858,  0.95649619, ..., -0.11122471,
         -0.04646732,  0.        ]],

       [[ 0.        , -0.26260327, -0.65445781, ..., -0.98045156,
         -0.9522461 , -0.89124591],
        [ 0.26260327,  0.        , -0.43293495, ..., -0.99771151,
         -0.99900704, -0.97906258],
        [ 0.65445781,  0.43293495,  0.        , ..., -0.87008949,
         -0.91981849, -0.97067966],
        ...,
        [ 0.98045156,  0.99771151,  0.87008949, ...,  0.        ,
         -0.11199828, -0.26929267],
        [ 0.9522461 ,  0.99900704,  0.91981849, ...,  0.11199828,
          0.        , -0.15973751],
        [ 0.89124591,  0.97906258,  0.97067966, ...,  0.26929267,
          0.15973751,  0.        ]]]), 'num': array([7.07035506e-01, 7.07035506e-01, 0.00000000e+00, 0.00000000e+00,
       4.74179501e-03, 4.82223617e-03, 4.63595137e-03, 4.24335615e-03,
       1.39713603e-04, 4.66558759e-03, 4.87050087e-03, 4.82153055e-03,
       1.51862612e-06, 5.14530194e-03, 4.59569980e-03])}
{'img': array([[[ 0.        , -0.08165262, -0.04171315, ..., -0.97450594,
         -0.98728574, -0.78877753],
        [ 0.08165262,  0.        ,  0.04000769, ..., -0.9529322 ,
         -0.97100991, -0.73595355],
        [ 0.04171315, -0.04000769,  0.        , ..., -0.96429893,
         -0.9797959 , -0.76245081],
        ...,
        [ 0.97450594,  0.9529322 ,  0.96429893, ...,  0.        ,
         -0.06660597,  0.42203666],
        [ 0.98728574,  0.97100991,  0.9797959 , ...,  0.06660597,
          0.        ,  0.48148303],
        [ 0.78877753,  0.73595355,  0.76245081, ..., -0.42203666,
         -0.48148303,  0.        ]],

       [[ 0.        , -0.95235029, -0.81659706, ..., -0.72910331,
         -0.48506409, -0.95498838],
        [ 0.95235029,  0.        , -0.300637  , ..., -0.42941082,
         -0.68486229,  0.00876934],
        [ 0.81659706,  0.300637  ,  0.        , ..., -0.13803763,
         -0.43411371,  0.3089891 ],
        ...,
        [ 0.72910331,  0.42941082,  0.13803763, ...,  0.        ,
         -0.30560562,  0.43731398],
        [ 0.48506409,  0.68486229,  0.43411371, ...,  0.30560562,
          0.        ,  0.69122594],
        [ 0.95498838, -0.00876934, -0.3089891 , ..., -0.43731398,
         -0.69122594,  0.        ]],

       [[ 0.        , -0.65266449, -0.8570134 , ..., -0.81377756,
         -0.70832909, -0.64716149],
        [ 0.65266449,  0.        , -0.31299951, ..., -0.99586942,
         -0.9973678 , -0.98788069],
        [ 0.8570134 ,  0.31299951,  0.        , ..., -0.91741081,
         -0.96994845, -0.9868252 ],
        ...,
        [ 0.81377756,  0.99586942,  0.91741081, ...,  0.        ,
         -0.16276701, -0.24427068],
        [ 0.70832909,  0.9973678 ,  0.96994845, ...,  0.16276701,
          0.        , -0.08317689],
        [ 0.64716149,  0.98788069,  0.9868252 , ...,  0.24427068,
          0.08317689,  0.        ]],

       ...,

       [[ 0.        , -0.15478886, -0.04579072, ..., -0.42317384,
         -0.47889526,  0.09911795],
        [ 0.15478886,  0.        ,  0.10938766, ..., -0.27782735,
         -0.33723859,  0.25194997],
        [ 0.04579072, -0.10938766,  0.        , ..., -0.38124134,
         -0.43819453,  0.14457921],
        ...,
        [ 0.42317384,  0.27782735,  0.38124134, ...,  0.        ,
         -0.06240985,  0.51089567],
        [ 0.47889526,  0.33723859,  0.43819453, ...,  0.06240985,
          0.        ,  0.56354991],
        [-0.09911795, -0.25194997, -0.14457921, ..., -0.51089567,
         -0.56354991,  0.        ]],

       [[ 0.        ,  0.23318798,  0.44746426, ..., -0.99426174,
         -0.99815858, -0.99530481],
        [-0.23318798,  0.        ,  0.22658799, ..., -0.9419064 ,
         -0.95649619, -0.94529564],
        [-0.44746426, -0.22658799,  0.        , ..., -0.84130272,
         -0.86551253, -0.84679278],
        ...,
        [ 0.99426174,  0.9419064 ,  0.84130272, ...,  0.        ,
          0.04646732,  0.01023773],
        [ 0.99815858,  0.95649619,  0.86551253, ..., -0.04646732,
          0.        , -0.03623821],
        [ 0.99530481,  0.94529564,  0.84679278, ..., -0.01023773,
          0.03623821,  0.        ]],

       [[ 0.        , -0.6163593 , -0.79595265, ..., -0.95613581,
         -0.89614595, -0.87315043],
        [ 0.6163593 ,  0.        , -0.25366632, ..., -0.93346981,
         -0.97919887, -0.98802031],
        [ 0.79595265,  0.25366632,  0.        , ..., -0.81195873,
         -0.89570141, -0.91655716],
        ...,
        [ 0.95613581,  0.93346981,  0.81195873, ...,  0.        ,
         -0.16179186, -0.21030272],
        [ 0.89614595,  0.97919887,  0.89570141, ...,  0.16179186,
          0.        , -0.04935837],
        [ 0.87315043,  0.98802031,  0.91655716, ...,  0.21030272,
          0.04935837,  0.        ]]]), 'num': array([ 7.07040031e-01,  7.07040031e-01,  0.00000000e+00,  0.00000000e+00,
        4.73335781e-03,  4.75876045e-03,  4.70795517e-03,  2.37573918e-03,
       -8.46754528e-06,  4.66646420e-03,  4.85783073e-03,  4.81739820e-03,
        1.29705173e-06,  5.13333712e-03,  4.58232433e-03])}
{'img': array([[[ 0.        ,  0.04000769, -0.42220868, ..., -0.97100991,
         -0.73595355, -0.75506418],
        [-0.04000769,  0.        , -0.45813756, ..., -0.9797959 ,
         -0.76245081, -0.78069073],
        [ 0.42220868,  0.45813756,  0.        , ..., -0.77929474,
         -0.38129211, -0.40764318],
        ...,
        [ 0.97100991,  0.9797959 ,  0.77929474, ...,  0.        ,
          0.48148303,  0.45615353],
        [ 0.73595355,  0.76245081,  0.38129211, ..., -0.48148303,
          0.        , -0.02867404],
        [ 0.75506418,  0.78069073,  0.40764318, ..., -0.45615353,
          0.02867404,  0.        ]],

       [[ 0.        , -0.30508884, -0.47735464, ..., -0.69237064,
          0.00891822, -0.52939001],
        [ 0.30508884,  0.        , -0.1865114 , ..., -0.43922669,
          0.31356974, -0.24531993],
        [ 0.47735464,  0.1865114 ,  0.        , ..., -0.26396207,
          0.4851722 , -0.06020323],
        ...,
        [ 0.69237064,  0.43922669,  0.26396207, ...,  0.        ,
          0.69877798,  0.20541528],
        [-0.00891822, -0.31356974, -0.4851722 , ..., -0.69877798,
          0.        , -0.53693499],
        [ 0.52939001,  0.24531993,  0.06020323, ..., -0.20541528,
          0.53693499,  0.        ]],

       [[ 0.        , -0.68955822, -0.93496031, ..., -0.74655119,
         -0.68389014, -0.68673524],
        [ 0.68955822,  0.        , -0.43250415, ..., -0.99945734,
         -0.99838527, -0.99859957],
        [ 0.93496031,  0.43250415,  0.        , ..., -0.88689603,
         -0.92474465, -0.92325072],
        ...,
        [ 0.74655119,  0.99945734,  0.88689603, ...,  0.        ,
         -0.08966131, -0.08576959],
        [ 0.68389014,  0.99838527,  0.92474465, ...,  0.08966131,
          0.        ,  0.00390678],
        [ 0.68673524,  0.99859957,  0.92325072, ...,  0.08576959,
         -0.00390678,  0.        ]],

       ...,

       [[ 0.        ,  0.10938766,  0.04711345, ..., -0.33723859,
          0.25194997,  0.08589118],
        [-0.10938766,  0.        , -0.06243546, ..., -0.43819453,
          0.14457921, -0.02360766],
        [-0.04711345,  0.06243546,  0.        , ..., -0.38121762,
          0.2060766 ,  0.03885646],
        ...,
        [ 0.33723859,  0.43819453,  0.38121762, ...,  0.        ,
          0.56354991,  0.41685195],
        [-0.25194997, -0.14457921, -0.2060766 , ..., -0.56354991,
          0.        , -0.16789854],
        [-0.08589118,  0.02360766, -0.03885646, ..., -0.41685195,
          0.16789854,  0.        ]],

       [[ 0.        ,  0.22658799, -0.16462579, ..., -0.95649619,
         -0.94529564, -0.93229366],
        [-0.22658799,  0.        , -0.38384043, ..., -0.86551253,
         -0.84679278, -0.82608797],
        [ 0.16462579,  0.38384043,  0.        , ..., -0.99147457,
         -0.9861015 , -0.97911906],
        ...,
        [ 0.95649619,  0.86551253,  0.99147457, ...,  0.        ,
         -0.03623821, -0.073975  ],
        [ 0.94529564,  0.84679278,  0.9861015 , ...,  0.03623821,
          0.        , -0.03778749],
        [ 0.93229366,  0.82608797,  0.97911906, ...,  0.073975  ,
          0.03778749,  0.        ]],

       [[ 0.        , -0.60497975, -0.80015267, ..., -0.92596034,
         -0.90448416, -0.88098125],
        [ 0.60497975,  0.        , -0.27424958, ..., -0.96574037,
         -0.97821547, -0.98772015],
        [ 0.80015267,  0.27424958,  0.        , ..., -0.85754193,
         -0.88377722, -0.90700255],
        ...,
        [ 0.92596034,  0.96574037,  0.85754193, ...,  0.        ,
         -0.05337677, -0.10544242],
        [ 0.90448416,  0.97821547,  0.88377722, ...,  0.05337677,
          0.        , -0.05221288],
        [ 0.88098125,  0.98772015,  0.90700255, ...,  0.10544242,
          0.05221288,  0.        ]]]), 'num': array([7.06874474e-01, 7.06874474e-01, 0.00000000e+00, 0.00000000e+00,
       5.04547529e-03, 5.10896701e-03, 4.93542297e-03, 2.15443488e-02,
       3.13225815e-04, 4.74748749e-03, 4.86050275e-03, 4.81761056e-03,
       2.27781027e-06, 5.14405613e-03, 4.57694936e-03])}
{'img': array([[[ 0.00000000e+00, -4.58137563e-01, -5.10304204e-01, ...,
         -7.62450813e-01, -7.80690733e-01,  4.62991736e-01],
        [ 4.58137563e-01,  0.00000000e+00, -5.96043269e-02, ...,
         -3.81292114e-01, -4.07643182e-01,  8.17620698e-01],
        [ 5.10304204e-01,  5.96043269e-02,  0.00000000e+00, ...,
         -3.25512713e-01, -3.52491253e-01,  8.50484658e-01],
        ...,
        [ 7.62450813e-01,  3.81292114e-01,  3.25512713e-01, ...,
          0.00000000e+00, -2.86740405e-02,  9.75384916e-01],
        [ 7.80690733e-01,  4.07643182e-01,  3.52491253e-01, ...,
          2.86740405e-02,  0.00000000e+00,  9.81306740e-01],
        [-4.62991736e-01, -8.17620698e-01, -8.50484658e-01, ...,
         -9.75384916e-01, -9.81306740e-01,  0.00000000e+00]],

       [[ 0.00000000e+00, -1.10314159e-01,  1.66275729e-01, ...,
          1.78338580e-01, -1.46132553e-01,  5.57634767e-01],
        [ 1.10314159e-01,  0.00000000e+00,  2.74039419e-01, ...,
          2.85795871e-01, -3.61107333e-02,  4.62661108e-01],
        [-1.66275729e-01, -2.74039419e-01,  0.00000000e+00, ...,
          1.22457883e-02, -3.08589047e-01,  6.87895325e-01],
        ...,
        [-1.78338580e-01, -2.85795871e-01, -1.22457883e-02, ...,
          0.00000000e+00, -3.20214047e-01,  6.96731859e-01],
        [ 1.46132553e-01,  3.61107333e-02,  3.08589047e-01, ...,
          3.20214047e-01,  0.00000000e+00,  4.30345921e-01],
        [-5.57634767e-01, -4.62661108e-01, -6.87895325e-01, ...,
         -6.96731859e-01, -4.30345921e-01,  0.00000000e+00]],

       [[ 0.00000000e+00, -8.20651807e-01, -9.65374057e-01, ...,
         -7.27285167e-01, -7.30203411e-01, -9.24167458e-01],
        [ 8.20651807e-01,  0.00000000e+00, -3.37559238e-01, ...,
         -9.78833913e-01, -9.77952873e-01, -8.41574486e-01],
        [ 9.65374057e-01,  3.37559238e-01,  0.00000000e+00, ...,
         -8.52296958e-01, -8.50060183e-01, -6.09848061e-01],
        ...,
        [ 7.27285167e-01,  9.78833913e-01,  8.52296958e-01, ...,
          0.00000000e+00,  4.26154415e-03,  3.56474946e-01],
        [ 7.30203411e-01,  9.77952873e-01,  8.50060183e-01, ...,
         -4.26154415e-03,  0.00000000e+00,  3.52490128e-01],
        [ 9.24167458e-01,  8.41574486e-01,  6.09848061e-01, ...,
         -3.56474946e-01, -3.52490128e-01,  0.00000000e+00]],

       ...,

       [[ 0.00000000e+00, -6.24354627e-02, -1.32211948e-01, ...,
          1.44579209e-01, -2.36076602e-02,  6.43875723e-01],
        [ 6.24354627e-02,  0.00000000e+00, -7.00666316e-02, ...,
          2.06076603e-01,  3.88564602e-02,  6.90390774e-01],
        [ 1.32211948e-01,  7.00666316e-02,  0.00000000e+00, ...,
          2.74132844e-01,  1.08774681e-01,  7.39382779e-01],
        ...,
        [-1.44579209e-01, -2.06076603e-01, -2.74132844e-01, ...,
          0.00000000e+00, -1.67898535e-01,  5.26488765e-01],
        [ 2.36076602e-02, -3.88564602e-02, -1.08774681e-01, ...,
          1.67898535e-01,  0.00000000e+00,  6.61759206e-01],
        [-6.43875723e-01, -6.90390774e-01, -7.39382779e-01, ...,
         -5.26488765e-01, -6.61759206e-01,  0.00000000e+00]],

       [[ 0.00000000e+00, -3.83840428e-01, -5.29248021e-01, ...,
         -8.46792784e-01, -8.26087969e-01, -8.46670321e-01],
        [ 3.83840428e-01,  0.00000000e+00, -1.63031325e-01, ...,
         -9.86101500e-01, -9.79119058e-01, -9.86063230e-01],
        [ 5.29248021e-01,  1.63031325e-01,  0.00000000e+00, ...,
         -9.99995021e-01, -9.99161575e-01, -9.99994268e-01],
        ...,
        [ 8.46792784e-01,  9.86101500e-01,  9.99995021e-01, ...,
          0.00000000e+00, -3.77874941e-02, -2.30185040e-04],
        [ 8.26087969e-01,  9.79119058e-01,  9.99161575e-01, ...,
          3.77874941e-02,  0.00000000e+00,  3.75574724e-02],
        [ 8.46670321e-01,  9.86063230e-01,  9.99994268e-01, ...,
          2.30185040e-04, -3.75574724e-02,  0.00000000e+00]],

       [[ 0.00000000e+00, -6.24191267e-01, -8.15941903e-01, ...,
         -9.32390621e-01, -9.10555276e-01, -9.02800947e-01],
        [ 6.24191267e-01,  0.00000000e+00, -2.76606076e-01, ...,
         -9.54065621e-01, -9.69423713e-01, -9.73771570e-01],
        [ 8.15941903e-01,  2.76606076e-01,  0.00000000e+00, ...,
         -8.33970668e-01, -8.63722926e-01, -8.72842716e-01],
        ...,
        [ 9.32390621e-01,  9.54065621e-01,  8.33970668e-01, ...,
          0.00000000e+00, -5.63162199e-02, -7.46632247e-02],
        [ 9.10555276e-01,  9.69423713e-01,  8.63722926e-01, ...,
          5.63162199e-02,  0.00000000e+00, -1.83857024e-02],
        [ 9.02800947e-01,  9.73771570e-01,  8.72842716e-01, ...,
          7.46632247e-02,  1.83857024e-02,  0.00000000e+00]]]), 'num': array([ 7.07017146e-01,  7.07017146e-01,  0.00000000e+00,  0.00000000e+00,
        5.02955910e-03,  5.22853997e-03,  4.97452183e-03,  7.64158525e-03,
       -1.69345424e-05,  4.83057822e-03,  4.86508235e-03,  4.81950021e-03,
        2.27827001e-06,  5.15523036e-03,  4.57493434e-03])}
{'img': array([[[ 0.        , -0.05960433, -0.04481212, ..., -0.40764318,
          0.8176207 ,  0.71740163],
        [ 0.05960433,  0.        ,  0.014812  , ..., -0.35249125,
          0.85048466,  0.75765009],
        [ 0.04481212, -0.014812  ,  0.        , ..., -0.36631388,
          0.84260025,  0.74789976],
        ...,
        [ 0.40764318,  0.35249125,  0.36631388, ...,  0.        ,
          0.98130674,  0.93907768],
        [-0.8176207 , -0.85048466, -0.84260025, ..., -0.98130674,
          0.        , -0.15655431],
        [-0.71740163, -0.75765009, -0.74789976, ..., -0.93907768,
          0.15655431,  0.        ]],

       [[ 0.        ,  0.27403942,  0.09997695, ..., -0.03611073,
          0.46266111,  0.64414538],
        [-0.27403942,  0.        , -0.17651673, ..., -0.30858905,
          0.68789532,  0.4098729 ],
        [-0.09997695,  0.17651673,  0.        , ..., -0.13584156,
          0.54897615,  0.56444537],
        ...,
        [ 0.03611073,  0.30858905,  0.13584156, ...,  0.        ,
          0.43034592,  0.67134647],
        [-0.46266111, -0.68789532, -0.54897615, ..., -0.43034592,
          0.        , -0.92494848],
        [-0.64414538, -0.4098729 , -0.56444537, ..., -0.67134647,
          0.92494848,  0.        ]],

       [[ 0.        , -0.79642062, -0.88035881, ..., -0.80236181,
         -0.97695645, -0.98545088],
        [ 0.79642062,  0.        , -0.15464199, ..., -0.9605568 ,
         -0.76079467, -0.46058458],
        [ 0.88035881,  0.15464199,  0.        , ..., -0.90599841,
         -0.65128122, -0.31778133],
        ...,
        [ 0.80236181,  0.9605568 ,  0.90599841, ...,  0.        ,
          0.41182959,  0.72452427],
        [ 0.97695645,  0.76079467,  0.65128122, ..., -0.41182959,
          0.        ,  0.37637737],
        [ 0.98545088,  0.46058458,  0.31778133, ..., -0.72452427,
         -0.37637737,  0.        ]],

       ...,

       [[ 0.        , -0.07006663,  0.00414034, ...,  0.03885646,
          0.69039077,  0.69039077],
        [ 0.07006663,  0.        ,  0.0741962 , ...,  0.10877468,
          0.73938278,  0.73938278],
        [-0.00414034, -0.0741962 ,  0.        , ...,  0.03471891,
          0.68738958,  0.68738958],
        ...,
        [-0.03885646, -0.10877468, -0.03471891, ...,  0.        ,
          0.66175921,  0.66175921],
        [-0.69039077, -0.73938278, -0.68738958, ..., -0.66175921,
          0.        ,  0.        ],
        [-0.69039077, -0.73938278, -0.68738958, ..., -0.66175921,
          0.        ,  0.        ]],

       [[ 0.        , -0.38699097, -0.52864604, ..., -0.83768157,
         -0.8580991 , -0.87412138],
        [ 0.38699097,  0.        , -0.15896146, ..., -0.98377093,
         -0.98995274, -0.99397734],
        [ 0.52864604,  0.15896146,  0.        , ..., -0.99978437,
         -0.99984221, -0.99875863],
        ...,
        [ 0.83768157,  0.98377093,  0.99978437, ...,  0.        ,
          0.03852232,  0.07054095],
        [ 0.8580991 ,  0.98995274,  0.99984221, ..., -0.03852232,
          0.        ,  0.03206224],
        [ 0.87412138,  0.99397734,  0.99875863, ..., -0.07054095,
         -0.03206224,  0.        ]],

       [[ 0.        , -0.63572166, -0.82066636, ..., -0.93993439,
         -0.9329239 , -0.92788839],
        [ 0.63572166,  0.        , -0.27023121, ..., -0.94255949,
         -0.94904769, -0.95328804],
        [ 0.82066636,  0.27023121,  0.        , ..., -0.81722441,
         -0.82858017, -0.83619462],
        ...,
        [ 0.93993439,  0.94255949,  0.81722441, ...,  0.        ,
         -0.01998718, -0.03372264],
        [ 0.9329239 ,  0.94904769,  0.82858017, ...,  0.01998718,
          0.        , -0.01374009],
        [ 0.92788839,  0.95328804,  0.83619462, ...,  0.03372264,
          0.01374009,  0.        ]]]), 'num': array([ 8.19164596e-01,  5.73301580e-01,  2.12684270e-06, -2.14727887e-10,
        5.71774457e-03,  5.86118280e-03,  5.67322926e-03,  5.85015289e-03,
       -1.58276666e-04,  5.71180919e-03,  5.67545502e-03,  5.63135189e-03,
        2.33413623e-06,  6.00208757e-03,  5.34882247e-03])}
{'img': array([[[ 0.        ,  0.014812  ,  0.30864769, ...,  0.85048466,
          0.75765009,  0.19741309],
        [-0.014812  ,  0.        ,  0.294525  , ...,  0.84260025,
          0.74789976,  0.18287092],
        [-0.30864769, -0.294525  ,  0.        , ...,  0.64661232,
          0.51921661, -0.11479895],
        ...,
        [-0.85048466, -0.84260025, -0.64661232, ...,  0.        ,
         -0.15655431, -0.7299082 ],
        [-0.75765009, -0.74789976, -0.51921661, ...,  0.15655431,
          0.        , -0.61389602],
        [-0.19741309, -0.18287092,  0.11479895, ...,  0.7299082 ,
          0.61389602,  0.        ]],

       [[ 0.        , -0.17651673, -0.2302264 , ...,  0.68789532,
          0.4098729 ,  0.11550321],
        [ 0.17651673,  0.        , -0.05483632, ...,  0.54897615,
          0.56444537,  0.28902487],
        [ 0.2302264 ,  0.05483632,  0.        , ...,  0.50231586,
          0.60886184,  0.34108598],
        ...,
        [-0.68789532, -0.54897615, -0.50231586, ...,  0.        ,
         -0.92494848, -0.76712469],
        [-0.4098729 , -0.56444537, -0.60886184, ...,  0.92494848,
          0.        , -0.30177426],
        [-0.11550321, -0.28902487, -0.34108598, ...,  0.76712469,
          0.30177426,  0.        ]],

       [[ 0.        , -0.15598828, -0.19997709, ..., -0.76391817,
         -0.46351752, -0.19128864],
        [ 0.15598828,  0.        , -0.04469174, ..., -0.6539057 ,
         -0.31962426, -0.03583928],
        [ 0.19997709,  0.04469174,  0.        , ..., -0.61943963,
         -0.27695749,  0.00885956],
        ...,
        [ 0.76391817,  0.6539057 ,  0.61943963, ...,  0.        ,
          0.3777846 ,  0.62637046],
        [ 0.46351752,  0.31962426,  0.27695749, ..., -0.3777846 ,
          0.        ,  0.28545961],
        [ 0.19128864,  0.03583928, -0.00885956, ..., -0.62637046,
         -0.28545961,  0.        ]],

       ...,

       [[ 0.        ,  0.0741962 ,  0.29219599, ...,  0.73938278,
          0.73938278,  0.58543715],
        [-0.0741962 ,  0.        ,  0.22043244, ...,  0.68738958,
          0.68738958,  0.52367131],
        [-0.29219599, -0.22043244,  0.        , ...,  0.51038371,
          0.51038371,  0.32299928],
        ...,
        [-0.73938278, -0.68738958, -0.51038371, ...,  0.        ,
          0.        , -0.20526454],
        [-0.73938278, -0.68738958, -0.51038371, ...,  0.        ,
          0.        , -0.20526454],
        [-0.58543715, -0.52367131, -0.32299928, ...,  0.20526454,
          0.20526454,  0.        ]],

       [[ 0.        , -0.38289987, -0.47052119, ..., -0.8695971 ,
         -0.88538451, -0.85687956],
        [ 0.38289987,  0.        , -0.09679618, ..., -0.99238637,
         -0.99590383, -0.9889679 ],
        [ 0.47052119,  0.09679618,  0.        , ..., -0.99964812,
         -0.99997948, -0.99866235],
        ...,
        [ 0.8695971 ,  0.99238637,  0.99964812, ...,  0.        ,
          0.03292881, -0.02519724],
        [ 0.88538451,  0.99590383,  0.99997948, ..., -0.03292881,
          0.        , -0.05810193],
        [ 0.85687956,  0.9889679 ,  0.99866235, ...,  0.02519724,
          0.05810193,  0.        ]],

       [[ 0.        , -0.63357714, -0.79234936, ..., -0.96066722,
         -0.95637793, -0.96127797],
        [ 0.63357714,  0.        , -0.22649959, ..., -0.91919431,
         -0.92501835, -0.91832265],
        [ 0.79234936,  0.22649959,  0.        , ..., -0.8061091 ,
         -0.81492601, -0.80480067],
        ...,
        [ 0.96066722,  0.91919431,  0.8061091 , ...,  0.        ,
         -0.01505365,  0.00220773],
        [ 0.95637793,  0.92501835,  0.81492601, ...,  0.01505365,
          0.        ,  0.0172611 ],
        [ 0.96127797,  0.91832265,  0.80480067, ..., -0.00220773,
         -0.0172611 ,  0.        ]]]), 'num': array([ 7.07035425e-01,  7.07035425e-01,  0.00000000e+00, -3.74654215e-08,
        4.93324811e-03,  5.02721474e-03,  4.89907842e-03,  2.81998130e-03,
       -4.27121048e-06,  4.96229234e-03,  4.89309873e-03,  4.86376975e-03,
        2.29988257e-06,  5.16193945e-03,  4.62425800e-03])}
{'img': array([[[ 0.        ,  0.294525  ,  0.16724439, ...,  0.74789976,
          0.18287092,  0.16724439],
        [-0.294525  ,  0.        , -0.1305507 , ...,  0.51921661,
         -0.11479895, -0.1305507 ],
        [-0.16724439,  0.1305507 ,  0.        , ...,  0.62634716,
          0.01587113,  0.        ],
        ...,
        [-0.74789976, -0.51921661, -0.62634716, ...,  0.        ,
         -0.61389602, -0.62634716],
        [-0.18287092,  0.11479895, -0.01587113, ...,  0.61389602,
          0.        , -0.01587113],
        [-0.16724439,  0.1305507 ,  0.        , ...,  0.62634716,
          0.01587113,  0.        ]],

       [[ 0.        , -0.05483632,  0.10028522, ...,  0.56444537,
          0.28902487, -0.04762245],
        [ 0.05483632,  0.        ,  0.1546942 , ...,  0.60886184,
          0.34108598,  0.0072233 ],
        [-0.10028522, -0.1546942 ,  0.        , ...,  0.47881737,
          0.19156261, -0.14755381],
        ...,
        [-0.56444537, -0.60886184, -0.47881737, ...,  0.        ,
         -0.30177426, -0.60311588],
        [-0.28902487, -0.34108598, -0.19156261, ...,  0.30177426,
          0.        , -0.33428694],
        [ 0.04762245, -0.0072233 ,  0.14755381, ...,  0.60311588,
          0.33428694,  0.        ]],

       [[ 0.        , -0.04469174, -0.13099893, ..., -0.31962426,
         -0.03583928,  0.12654496],
        [ 0.04469174,  0.        , -0.08656143, ..., -0.27695749,
          0.00885956,  0.17075098],
        [ 0.13099893,  0.08656143,  0.        , ..., -0.1927426 ,
          0.09538433,  0.25540028],
        ...,
        [ 0.31962426,  0.27695749,  0.1927426 , ...,  0.        ,
          0.28545961,  0.43696173],
        [ 0.03583928, -0.00885956, -0.09538433, ..., -0.28545961,
          0.        ,  0.16201483],
        [-0.12654496, -0.17075098, -0.25540028, ..., -0.43696173,
         -0.16201483,  0.        ]],

       ...,

       [[ 0.        ,  0.22043244, -0.15772806, ...,  0.68738958,
          0.52367131,  0.6881476 ],
        [-0.22043244,  0.        , -0.3715215 , ...,  0.51038371,
          0.32299928,  0.51128139],
        [ 0.15772806,  0.3715215 ,  0.        , ...,  0.79334138,
          0.65148805,  0.79397663],
        ...,
        [-0.68738958, -0.51038371, -0.79334138, ...,  0.        ,
         -0.20526454,  0.0010442 ],
        [-0.52367131, -0.32299928, -0.65148805, ...,  0.20526454,
          0.        ,  0.2062864 ],
        [-0.6881476 , -0.51128139, -0.79397663, ..., -0.0010442 ,
         -0.2062864 ,  0.        ]],

       [[ 0.        , -0.29022395, -0.49716083, ..., -0.89619517,
         -0.86813734, -0.82957919],
        [ 0.29022395,  0.        , -0.22394716, ..., -0.98638258,
         -0.97481675, -0.95593095],
        [ 0.49716083,  0.22394716,  0.        , ..., -0.99816166,
         -0.99999954, -0.99740054],
        ...,
        [ 0.89619517,  0.98638258,  0.99816166, ...,  0.        ,
         -0.05964537, -0.13237447],
        [ 0.86813734,  0.97481675,  0.99999954, ...,  0.05964537,
          0.        , -0.07301832],
        [ 0.82957919,  0.95593095,  0.99740054, ...,  0.13237447,
          0.07301832,  0.        ]],

       [[ 0.        , -0.57874115, -0.75230049, ..., -0.97942495,
         -0.98308589, -0.98807783],
        [ 0.57874115,  0.        , -0.23222322, ..., -0.91552714,
         -0.90771127, -0.89488884],
        [ 0.75230049,  0.23222322,  0.        , ..., -0.7970857 ,
         -0.78545694, -0.76678614],
        ...,
        [ 0.97942495,  0.91552714,  0.7970857 , ...,  0.        ,
          0.01901844,  0.0486152 ],
        [ 0.98308589,  0.90771127,  0.78545694, ..., -0.01901844,
          0.        ,  0.02961046],
        [ 0.98807783,  0.89488884,  0.76678614, ..., -0.0486152 ,
         -0.02961046,  0.        ]]]), 'num': array([ 8.03162976e-01,  5.95542419e-01,  1.79447327e-06, -4.27176991e-08,
        5.61136643e-03,  5.66471563e-03,  5.56286715e-03,  2.92911388e-03,
        9.69985554e-06,  5.67247552e-03,  5.55243981e-03,  5.52382523e-03,
        2.52196244e-06,  5.85321784e-03,  5.25166177e-03])}
{'img': array([[[ 0.        , -0.1305507 , -0.74055772, ..., -0.11479895,
         -0.1305507 , -0.09889347],
        [ 0.1305507 ,  0.        , -0.64649063, ...,  0.01587113,
          0.        ,  0.03186364],
        [ 0.74055772,  0.64649063,  0.        , ...,  0.65851764,
          0.64649063,  0.67047183],
        ...,
        [ 0.11479895, -0.01587113, -0.65851764, ...,  0.        ,
         -0.01587113,  0.01599655],
        [ 0.1305507 ,  0.        , -0.64649063, ...,  0.01587113,
          0.        ,  0.03186364],
        [ 0.09889347, -0.03186364, -0.67047183, ..., -0.01599655,
         -0.03186364,  0.        ]],

       [[ 0.        ,  0.1546942 ,  0.47820454, ...,  0.34108598,
          0.0072233 , -0.04127031],
        [-0.1546942 ,  0.        ,  0.33658815, ...,  0.19156261,
         -0.14755381, -0.19533592],
        [-0.47820454, -0.33658815,  0.        , ..., -0.14996937,
         -0.4718482 , -0.5140427 ],
        ...,
        [-0.34108598, -0.19156261,  0.14996937, ...,  0.        ,
         -0.33428694, -0.37959079],
        [-0.0072233 ,  0.14755381,  0.4718482 , ...,  0.33428694,
          0.        , -0.04848638],
        [ 0.04127031,  0.19533592,  0.5140427 , ...,  0.37959079,
          0.04848638,  0.        ]],

       [[ 0.        , -0.08656143, -0.24967097, ...,  0.00885956,
          0.17075098,  0.37093388],
        [ 0.08656143,  0.        , -0.16491374, ...,  0.09538433,
          0.25540028,  0.44992766],
        [ 0.24967097,  0.16491374,  0.        , ...,  0.25824015,
          0.41134778,  0.59104593],
        ...,
        [-0.00885956, -0.09538433, -0.25824015, ...,  0.        ,
          0.16201483,  0.36269181],
        [-0.17075098, -0.25540028, -0.41134778, ..., -0.16201483,
          0.        ,  0.20691694],
        [-0.37093388, -0.44992766, -0.59104593, ..., -0.36269181,
         -0.20691694,  0.        ]],

       ...,

       [[ 0.        , -0.3715215 , -0.47715909, ...,  0.32299928,
          0.51128139,  0.46004291],
        [ 0.3715215 ,  0.        , -0.11650673, ...,  0.65148805,
          0.79397663,  0.75698775],
        [ 0.47715909,  0.11650673,  0.        , ...,  0.73544022,
          0.85939964,  0.82796147],
        ...,
        [-0.32299928, -0.65148805, -0.73544022, ...,  0.        ,
          0.2062864 ,  0.14859426],
        [-0.51128139, -0.79397663, -0.85939964, ..., -0.2062864 ,
          0.        , -0.05859802],
        [-0.46004291, -0.75698775, -0.82796147, ..., -0.14859426,
          0.05859802,  0.        ]],

       [[ 0.        , -0.4173723 , -0.40840326, ..., -0.87437755,
         -0.83603487, -0.82152885],
        [ 0.4173723 ,  0.        ,  0.00984754, ..., -0.99710633,
         -0.98873693, -0.98452439],
        [ 0.40840326, -0.00984754,  0.        , ..., -0.99630938,
         -0.98721517, -0.9827509 ],
        ...,
        [ 0.87437755,  0.99710633,  0.99630938, ...,  0.        ,
         -0.0740675 , -0.09989741],
        [ 0.83603487,  0.98873693,  0.98721517, ...,  0.0740675 ,
          0.        , -0.02592601],
        [ 0.82152885,  0.98452439,  0.9827509 , ...,  0.09989741,
          0.02592601,  0.        ]],

       [[ 0.        , -0.39381693, -0.81011094, ..., -0.99254896,
         -0.98816309, -0.98746537],
        [ 0.39381693,  0.        , -0.51375933, ..., -0.8643548 ,
         -0.84789427, -0.84550878],
        [ 0.81011094,  0.51375933,  0.        , ..., -0.48319911,
         -0.45506022, -0.45106331],
        ...,
        [ 0.99254896,  0.8643548 ,  0.48319911, ...,  0.        ,
          0.0318598 ,  0.03634066],
        [ 0.98816309,  0.84789427,  0.45506022, ..., -0.0318598 ,
          0.        ,  0.00448345],
        [ 0.98746537,  0.84550878,  0.45106331, ..., -0.03634066,
         -0.00448345,  0.        ]]]), 'num': array([ 7.92154353e-01,  6.10116931e-01,  1.58018595e-06, -4.02719465e-08,
        5.51628551e-03,  5.58332370e-03,  5.48755485e-03,  2.52226409e-03,
       -2.39422114e-05,  5.56225455e-03,  5.47414721e-03,  5.45291845e-03,
        2.39422114e-06,  5.75836617e-03,  5.18992826e-03])}
{'img': array([[[ 0.        , -0.64649063, -0.67988346, ...,  0.        ,
          0.03186364, -0.04691193],
        [ 0.64649063,  0.        , -0.04461337, ...,  0.64649063,
          0.67047183,  0.60998873],
        [ 0.67988346,  0.04461337,  0.        , ...,  0.67988346,
          0.70290448,  0.64473346],
        ...,
        [ 0.        , -0.64649063, -0.67988346, ...,  0.        ,
          0.03186364, -0.04691193],
        [-0.03186364, -0.67047183, -0.70290448, ..., -0.03186364,
          0.        , -0.07871666],
        [ 0.04691193, -0.60998873, -0.64473346, ...,  0.04691193,
          0.07871666,  0.        ]],

       [[ 0.        ,  0.33658815, -0.08517363, ..., -0.14755381,
         -0.19533592, -0.26825597],
        [-0.33658815,  0.        , -0.41556895, ..., -0.4718482 ,
         -0.5140427 , -0.57685517],
        [ 0.08517363,  0.41556895,  0.        , ..., -0.0627763 ,
         -0.11109321, -0.18522934],
        ...,
        [ 0.14755381,  0.4718482 ,  0.0627763 , ...,  0.        ,
         -0.04848638, -0.12317402],
        [ 0.19533592,  0.5140427 ,  0.11109321, ...,  0.04848638,
          0.        , -0.07491199],
        [ 0.26825597,  0.57685517,  0.18522934, ...,  0.12317402,
          0.07491199,  0.        ]],

       [[ 0.        , -0.16491374, -0.31629561, ...,  0.25540028,
          0.44992766,  0.25066532],
        [ 0.16491374,  0.        , -0.1555177 , ...,  0.41134778,
          0.59104593,  0.40688188],
        [ 0.31629561,  0.1555177 ,  0.        , ...,  0.54809399,
          0.70930122,  0.54399383],
        ...,
        [-0.25540028, -0.41134778, -0.54809399, ...,  0.        ,
          0.20691694, -0.00489421],
        [-0.44992766, -0.59104593, -0.70930122, ..., -0.20691694,
          0.        , -0.21170275],
        [-0.25066532, -0.40688188, -0.54399383, ...,  0.00489421,
          0.21170275,  0.        ]],

       ...,

       [[ 0.        , -0.11650673, -0.12337777, ...,  0.79397663,
          0.75698775,  0.71467543],
        [ 0.11650673,  0.        , -0.00692096, ...,  0.85939964,
          0.82796147,  0.79129978],
        [ 0.12337777,  0.00692096,  0.        , ...,  0.86291778,
          0.83182281,  0.7955125 ],
        ...,
        [-0.79397663, -0.85939964, -0.86291778, ...,  0.        ,
         -0.05859802, -0.12086622],
        [-0.75698775, -0.82796147, -0.83182281, ...,  0.05859802,
          0.        , -0.0624901 ],
        [-0.71467543, -0.79129978, -0.7955125 , ...,  0.12086622,
          0.0624901 ,  0.        ]],

       [[ 0.        ,  0.01586738, -0.00143634, ..., -0.95793239,
         -0.9500237 , -0.92577061],
        [-0.01586738,  0.        , -0.01730353, ..., -0.95325795,
         -0.94495065, -0.91965483],
        [ 0.00143634,  0.01730353,  0.        , ..., -0.95834363,
         -0.95047112, -0.92631272],
        ...,
        [ 0.95793239,  0.95325795,  0.95834363, ...,  0.        ,
         -0.02639415, -0.09648995],
        [ 0.9500237 ,  0.94495065,  0.95047112, ...,  0.02639415,
          0.        , -0.07018534],
        [ 0.92577061,  0.91965483,  0.92631272, ...,  0.09648995,
          0.07018534,  0.        ]],

       [[ 0.        , -0.51375933, -0.80181315, ..., -0.84789427,
         -0.84550878, -0.83144078],
        [ 0.51375933,  0.        , -0.38089341, ..., -0.45506022,
         -0.45106331, -0.42787005],
        [ 0.80181315,  0.38089341,  0.        , ..., -0.08158671,
         -0.07711739, -0.05134997],
        ...,
        [ 0.84789427,  0.45506022,  0.08158671, ...,  0.        ,
          0.00448345,  0.0303003 ],
        [ 0.84550878,  0.45106331,  0.07711739, ..., -0.00448345,
          0.        ,  0.0258186 ],
        [ 0.83144078,  0.42787005,  0.05134997, ..., -0.0303003 ,
