state_0,state_1,state_2,state_3,state_4,state_5,state_6,state_7,state_8,state_9,state_10,state_11,state_12,state_13,state_14,state_15,state_16,state_17,state_18,state_19,state_20,state_21,state_22,state_23,state_24,state_25,state_26,state_27,state_28,state_29,state_30,state_31,state_32,state_33,state_34,state_35,state_36,state_37,state_38,state_39,state_40,state_41,state_42,state_43,state_44,state_45,state_46,state_47,state_48,state_49,state_50,state_51,state_52,state_53,state_54,state_55,state_56,state_57,state_58,state_59,state_60,state_61,state_62,state_63,state_64,state_65,state_66,state_67,state_68,state_69,state_70,state_71,state_72,state_73,state_74,state_75,state_76,state_77,state_78,state_79,state_80,state_81,state_82,state_83,state_84,state_85,state_86,state_87,state_88,state_89,state_90,state_91,state_92,state_93,state_94,state_95,state_96,state_97,state_98,state_99,state_100,state_101,state_102,state_103,state_104,state_105,state_106,state_107,state_108,state_109,state_110,state_111,state_112,state_113,state_114,state_115,state_116,state_117,state_118,state_119,state_120,state_121,state_122,state_123,state_124,state_125,state_126,state_127,state_128,state_129,state_130,state_131,state_132,state_133,state_134,state_135,state_136,state_137,state_138,state_139,state_140,state_141,state_142,state_143,state_144,state_145,state_146,state_147,state_148,state_149,state_150,state_151,state_152,state_153,state_154,state_155,state_156,state_157,state_158,state_159,state_160,state_161,state_162,state_163,state_164,state_165,state_166,state_167,state_168,state_169,state_170,state_171,state_172,state_173,state_174,state_175,state_176,state_177,state_178,state_179,state_180,state_181,state_182,state_183,state_184,state_185,state_186,state_187,state_188,state_189,state_190,state_191,state_192,state_193,state_194,state_195,state_196,state_197,state_198,state_199,state_200,state_201,state_202,state_203,state_204,state_205,state_206,state_207,state_208,state_209,state_210,state_211,state_212,state_213,state_214,state_215,state_216,state_217,state_218,state_219,state_220,state_221,state_222,state_223,state_224,state_225,state_226,state_227,state_228,state_229,state_230,state_231,state_232,state_233,state_234,state_235,state_236,state_237,state_238,state_239,state_240,state_241,state_242,state_243,state_244,state_245,state_246,state_247,state_248,state_249,state_250,state_251,state_252,state_253,state_254,state_255,state_256,state_257,state_258,state_259,state_260,state_261,state_262,state_263,state_264,state_265,state_266,state_267,state_268,state_269,state_270,state_271,state_272,state_273,state_274,state_275,state_276,state_277,state_278,state_279,state_280,state_281,state_282,state_283,state_284,state_285,state_286,state_287
{'img': array([[[ 0.00000000e+00, -2.56086613e-01, -2.14692155e-01, ...,
          7.67539967e-01, -1.30385191e-01,  2.76942287e-01],
        [ 2.56086613e-01,  0.00000000e+00,  4.25821294e-02, ...,
          9.06097255e-01,  1.27863161e-01,  5.13777508e-01],
        [ 2.14692155e-01, -4.25821294e-02,  0.00000000e+00, ...,
          8.87260199e-01,  8.55145780e-02,  4.76779288e-01],
        ...,
        [-7.67539967e-01, -9.06097255e-01, -8.87260199e-01, ...,
          0.00000000e+00, -8.44564846e-01, -5.59998525e-01],
        [ 1.30385191e-01, -1.27863161e-01, -8.55145780e-02, ...,
          8.44564846e-01,  0.00000000e+00,  3.99863523e-01],
        [-2.76942287e-01, -5.13777508e-01, -4.76779288e-01, ...,
          5.59998525e-01, -3.99863523e-01,  0.00000000e+00]],

       [[ 0.00000000e+00,  5.04249929e-02, -1.23935500e-01, ...,
          2.50833691e-01,  5.30088474e-01,  2.41368792e-01],
        [-5.04249929e-02,  0.00000000e+00, -1.73814066e-01, ...,
          2.01701678e-01,  4.86656637e-01,  1.92127635e-01],
        [ 1.23935500e-01,  1.73814066e-01,  0.00000000e+00, ...,
          3.68873139e-01,  6.31091796e-01,  3.59779062e-01],
        ...,
        [-2.50833691e-01, -2.01701678e-01, -3.68873139e-01, ...,
          0.00000000e+00,  3.00449143e-01, -9.76512835e-03],
        [-5.30088474e-01, -4.86656637e-01, -6.31091796e-01, ...,
         -3.00449143e-01,  0.00000000e+00, -3.09748776e-01],
        [-2.41368792e-01, -1.92127635e-01, -3.59779062e-01, ...,
          9.76512835e-03,  3.09748776e-01,  0.00000000e+00]],

       [[ 0.00000000e+00, -4.31232790e-01, -6.53696931e-01, ...,
         -8.79226227e-01, -9.36753587e-01, -5.76242295e-01],
        [ 4.31232790e-01,  0.00000000e+00, -2.63453782e-01, ...,
         -5.87832448e-01, -6.94250222e-01, -1.67471788e-01],
        [ 6.53696931e-01,  2.63453782e-01,  0.00000000e+00, ...,
         -3.53935961e-01, -4.80107193e-01,  9.81776424e-02],
        ...,
        [ 8.79226227e-01,  5.87832448e-01,  3.53935961e-01, ...,
          0.00000000e+00, -1.38553587e-01,  4.44048633e-01],
        [ 9.36753587e-01,  6.94250222e-01,  4.80107193e-01, ...,
          1.38553587e-01,  0.00000000e+00,  5.63910142e-01],
        [ 5.76242295e-01,  1.67471788e-01, -9.81776424e-02, ...,
         -4.44048633e-01, -5.63910142e-01,  0.00000000e+00]],

       ...,

       [[ 0.00000000e+00, -7.35597121e-02, -4.22877780e-01, ...,
          3.13489216e-01,  7.62353533e-02,  2.48558972e-01],
        [ 7.35597121e-02,  0.00000000e+00, -3.55073291e-01, ...,
          3.82491612e-01,  1.49374460e-01,  3.19136750e-01],
        [ 4.22877780e-01,  3.55073291e-01,  0.00000000e+00, ...,
          6.85641022e-01,  4.90730608e-01,  6.34847349e-01],
        ...,
        [-3.13489216e-01, -3.82491612e-01, -6.85641022e-01, ...,
          0.00000000e+00, -2.40184452e-01, -6.76213581e-02],
        [-7.62353533e-02, -1.49374460e-01, -4.90730608e-01, ...,
          2.40184452e-01,  0.00000000e+00,  1.73992787e-01],
        [-2.48558972e-01, -3.19136750e-01, -6.34847349e-01, ...,
          6.76213581e-02, -1.73992787e-01,  0.00000000e+00]],

       [[ 0.00000000e+00,  1.54968565e-01,  2.53186964e-01, ...,
         -4.99451589e-02, -4.97136138e-02, -7.24281802e-02],
        [-1.54968565e-01,  0.00000000e+00,  1.00209033e-01, ...,
         -2.04116950e-01, -2.03889992e-01, -2.26114765e-01],
        [-2.53186964e-01, -1.00209033e-01,  0.00000000e+00, ...,
         -3.01188791e-01, -3.00967715e-01, -3.22590280e-01],
        ...,
        [ 4.99451589e-02,  2.04116950e-01,  3.01188791e-01, ...,
          0.00000000e+00,  2.31833083e-04, -2.25238026e-02],
        [ 4.97136138e-02,  2.03889992e-01,  3.00967715e-01, ...,
         -2.31833083e-04,  0.00000000e+00, -2.27555763e-02],
        [ 7.24281802e-02,  2.26114765e-01,  3.22590280e-01, ...,
          2.25238026e-02,  2.27555763e-02,  0.00000000e+00]],

       [[ 0.00000000e+00, -6.04383537e-01, -8.14487999e-01, ...,
         -8.58345826e-01, -8.51612015e-01, -8.49352539e-01],
        [ 6.04383537e-01,  0.00000000e+00, -2.98245815e-01, ...,
         -9.93930559e-01, -9.95275086e-01, -9.95682983e-01],
        [ 8.14487999e-01,  2.98245815e-01,  0.00000000e+00, ...,
         -9.15886069e-01, -9.21020941e-01, -9.22685624e-01],
        ...,
        [ 8.58345826e-01,  9.93930559e-01,  9.15886069e-01, ...,
          0.00000000e+00, -1.29834926e-02, -1.72785798e-02],
        [ 8.51612015e-01,  9.95275086e-01,  9.21020941e-01, ...,
          1.29834926e-02,  0.00000000e+00, -4.29556905e-03],
        [ 8.49352539e-01,  9.95682983e-01,  9.22685624e-01, ...,
          1.72785798e-02,  4.29556905e-03,  0.00000000e+00]]]), 'num': array([7.07091275e-01, 7.07091275e-01, 0.00000000e+00, 0.00000000e+00,
       8.68755305e-05, 8.76309699e-05, 8.64222669e-05, 6.61805705e-03,
       1.51087879e-07, 8.66942251e-05, 8.62485158e-05, 8.53898331e-05,
       8.24115705e-07, 8.95783158e-05, 8.29187159e-05])}
{'img': array([[[ 0.        ,  0.04258213,  0.08520304, ...,  0.12786316,
          0.51377751,  0.55692257],
        [-0.04258213,  0.        ,  0.04269847, ...,  0.08551458,
          0.47677929,  0.52105023],
        [-0.08520304, -0.04269847,  0.        , ...,  0.04289452,
          0.43881152,  0.48413077],
        ...,
        [-0.12786316, -0.08551458, -0.04289452, ...,  0.        ,
          0.39986352,  0.44615266],
        [-0.51377751, -0.47677929, -0.43881152, ..., -0.39986352,
          0.        ,  0.05107163],
        [-0.55692257, -0.52105023, -0.48413077, ..., -0.44615266,
         -0.05107163,  0.        ]],

       [[ 0.        , -0.17381407, -0.37673785, ...,  0.48665664,
          0.19212763, -0.10264406],
        [ 0.17381407,  0.        , -0.2099959 , ...,  0.6310918 ,
          0.35977906,  0.07181434],
        [ 0.37673785,  0.2099959 ,  0.        , ...,  0.77991541,
          0.54769086,  0.27966674],
        ...,
        [-0.48665664, -0.6310918 , -0.77991541, ...,  0.        ,
         -0.30974878, -0.57375536],
        [-0.19212763, -0.35977906, -0.54769086, ...,  0.30974878,
          0.        , -0.29184464],
        [ 0.10264406, -0.07181434, -0.27966674, ...,  0.57375536,
          0.29184464,  0.        ]],

       [[ 0.        , -0.26345378, -0.43111282, ..., -0.69425022,
         -0.16747179,  0.29127434],
        [ 0.26345378,  0.        , -0.17816865, ..., -0.48010719,
          0.09817764,  0.53301452],
        [ 0.43111282,  0.17816865,  0.        , ..., -0.31613417,
          0.2739147 ,  0.67523584],
        ...,
        [ 0.69425022,  0.48010719,  0.31613417, ...,  0.        ,
          0.56391014,  0.87378719],
        [ 0.16747179, -0.09817764, -0.2739147 , ..., -0.56391014,
          0.        ,  0.44737077],
        [-0.29127434, -0.53301452, -0.67523584, ..., -0.87378719,
         -0.44737077,  0.        ]],

       ...,

       [[ 0.        , -0.35507329, -0.14316475, ...,  0.14937446,
          0.31913675,  0.42285182],
        [ 0.35507329,  0.        ,  0.21757972, ...,  0.49073061,
          0.63484735,  0.71706515],
        [ 0.14316475, -0.21757972,  0.        , ...,  0.28939428,
          0.45152776,  0.54823169],
        ...,
        [-0.14937446, -0.49073061, -0.28939428, ...,  0.        ,
          0.17399279,  0.28274475],
        [-0.31913675, -0.63484735, -0.45152776, ..., -0.17399279,
          0.        ,  0.11153898],
        [-0.42285182, -0.71706515, -0.54823169, ..., -0.28274475,
         -0.11153898,  0.        ]],

       [[ 0.        ,  0.10020903,  0.10409403, ..., -0.20388999,
         -0.22611476, -0.32379568],
        [-0.10020903,  0.        ,  0.00390542, ..., -0.30096771,
         -0.32259028, -0.4169763 ],
        [-0.10409403, -0.00390542,  0.        , ..., -0.30468976,
         -0.32628445, -0.42052283],
        ...,
        [ 0.20388999,  0.30096771,  0.30468976, ...,  0.        ,
         -0.02275558, -0.12408813],
        [ 0.22611476,  0.32259028,  0.32628445, ...,  0.02275558,
          0.        , -0.1014763 ],
        [ 0.32379568,  0.4169763 ,  0.42052283, ...,  0.12408813,
          0.1014763 ,  0.        ]],

       [[ 0.        , -0.65110559, -0.82642912, ..., -0.88249063,
         -0.88031118, -0.88800657],
        [ 0.65110559,  0.        , -0.2606501 , ..., -0.97603354,
         -0.97702722, -0.97338397],
        [ 0.82642912,  0.2606501 ,  0.        , ..., -0.88557259,
         -0.88770633, -0.88000144],
        ...,
        [ 0.88249063,  0.97603354,  0.88557259, ...,  0.        ,
         -0.0046139 ,  0.01185977],
        [ 0.88031118,  0.97702722,  0.88770633, ...,  0.0046139 ,
          0.        ,  0.01647322],
        [ 0.88800657,  0.97338397,  0.88000144, ..., -0.01185977,
         -0.01647322,  0.        ]]]), 'num': array([ 9.91140311e-01,  1.31221515e-01,  1.45996400e-04, -2.54779095e-10,
        1.22182267e-04,  1.22389707e-04,  1.19070664e-04,  2.05343999e-02,
        2.90416255e-06,  1.19734473e-04,  1.18531320e-04,  1.17331624e-04,
        1.14278424e-06,  1.23352508e-04,  1.13710132e-04])}
{'img': array([[[ 0.        ,  0.03920815,  0.11753375, ...,  0.42955398,
          0.46839435,  0.99980775],
        [-0.03920815,  0.        ,  0.07850698, ...,  0.39381711,
          0.43339303,  0.99980775],
        [-0.11753375, -0.07850698,  0.        , ...,  0.32043887,
          0.3613045 ,  0.99518255],
        ...,
        [-0.42955398, -0.39381711, -0.32043887, ...,  0.        ,
          0.04346007,  0.9112902 ],
        [-0.46839435, -0.43339303, -0.3613045 , ..., -0.04346007,
          0.        ,  0.89253386],
        [-0.99980775, -0.99980775, -0.99518255, ..., -0.9112902 ,
         -0.89253386,  0.        ]],

       [[ 0.        , -0.2099959 , -0.26127981, ...,  0.35977906,
          0.07181434,  0.59818262],
        [ 0.2099959 ,  0.        , -0.05275257, ...,  0.54769086,
          0.27966674,  0.75312678],
        [ 0.26127981,  0.05275257,  0.        , ...,  0.59106532,
          0.32992493,  0.78678275],
        ...,
        [-0.35977906, -0.54769086, -0.59106532, ...,  0.        ,
         -0.29184464,  0.26981435],
        [-0.07181434, -0.27966674, -0.32992493, ...,  0.29184464,
          0.        ,  0.53908899],
        [-0.59818262, -0.75312678, -0.78678275, ..., -0.26981435,
         -0.53908899,  0.        ]],

       [[ 0.        , -0.17816865, -0.22634995, ...,  0.09817764,
          0.53301452,  0.83149937],
        [ 0.17816865,  0.        , -0.04918388, ...,  0.2739147 ,
          0.67523584,  0.91717261],
        [ 0.22634995,  0.04918388,  0.        , ...,  0.32088598,
          0.71069676,  0.93566189],
        ...,
        [-0.09817764, -0.2739147 , -0.32088598, ...,  0.        ,
          0.44737077,  0.77294212],
        [-0.53301452, -0.67523584, -0.71069676, ..., -0.44737077,
          0.        ,  0.40743343],
        [-0.83149937, -0.91717261, -0.93566189, ..., -0.77294212,
         -0.40743343,  0.        ]],

       ...,

       [[ 0.        ,  0.21757972,  0.34076545, ...,  0.63484735,
          0.71706515,  0.73666435],
        [-0.21757972,  0.        ,  0.12804437, ...,  0.45152776,
          0.54823169,  0.57187561],
        [-0.34076545, -0.12804437,  0.        , ...,  0.33356249,
          0.436632  ,  0.46212822],
        ...,
        [-0.63484735, -0.45152776, -0.33356249, ...,  0.        ,
          0.11153898,  0.13985362],
        [-0.71706515, -0.54823169, -0.436632  , ..., -0.11153898,
          0.        ,  0.02853815],
        [-0.73666435, -0.57187561, -0.46212822, ..., -0.13985362,
         -0.02853815,  0.        ]],

       [[ 0.        ,  0.00390542, -0.21855961, ..., -0.32259028,
         -0.4169763 , -0.18535664],
        [-0.00390542,  0.        , -0.22236895, ..., -0.32628445,
         -0.42052283, -0.18919297],
        [ 0.21855961,  0.22236895,  0.        , ..., -0.10791608,
         -0.20824269,  0.03389688],
        ...,
        [ 0.32259028,  0.32628445,  0.10791608, ...,  0.        ,
         -0.1014763 ,  0.14155299],
        [ 0.4169763 ,  0.42052283,  0.20824269, ...,  0.1014763 ,
          0.        ,  0.24127678],
        [ 0.18535664,  0.18919297, -0.03389688, ..., -0.14155299,
         -0.24127678,  0.        ]],

       [[ 0.        , -0.62924694, -0.76557939, ..., -0.91547291,
         -0.92257497, -0.87944658],
        [ 0.62924694,  0.        , -0.19019183, ..., -0.96470666,
         -0.95980499, -0.98303069],
        [ 0.76557939,  0.19019183,  0.        , ..., -0.89701518,
         -0.88890491, -0.93019837],
        ...,
        [ 0.91547291,  0.96470666,  0.89701518, ...,  0.        ,
          0.01801953, -0.08189154],
        [ 0.92257497,  0.95980499,  0.88890491, ..., -0.01801953,
          0.        , -0.09983726],
        [ 0.87944658,  0.98303069,  0.93019837, ...,  0.08189154,
          0.09983726,  0.        ]]]), 'num': array([9.91707379e-01, 1.20394234e-01, 1.42604449e-04, 4.20679389e-08,
       1.22806651e-04, 1.25218565e-04, 1.17982821e-04, 4.49618865e-02,
       4.42184339e-06, 1.17138651e-04, 1.15189020e-04, 1.13845718e-04,
       1.19947365e-06, 1.21000322e-04, 1.09377719e-04])}
{'img': array([[[ 0.00000000e+00,  5.67292440e-02,  0.00000000e+00, ...,
          3.00763819e-01,  6.44465385e-01,  9.57729222e-01],
        [-5.67292440e-02,  0.00000000e+00, -5.67292440e-02, ...,
          2.46176865e-01,  6.00050458e-01,  9.72506266e-01],
        [ 0.00000000e+00,  5.67292440e-02,  0.00000000e+00, ...,
          3.00763819e-01,  6.44465385e-01,  9.57729222e-01],
        ...,
        [-3.00763819e-01, -2.46176865e-01, -3.00763819e-01, ...,
          0.00000000e+00,  3.84651684e-01,  9.99906169e-01],
        [-6.44465385e-01, -6.00050458e-01, -6.44465385e-01, ...,
         -3.84651684e-01,  0.00000000e+00,  9.17705985e-01],
        [-9.57729222e-01, -9.72506266e-01, -9.57729222e-01, ...,
         -9.99906169e-01, -9.17705985e-01,  0.00000000e+00]],

       [[ 0.00000000e+00, -5.27525738e-02,  3.66033515e-01, ...,
          2.79666738e-01,  7.53126776e-01,  8.67746186e-01],
        [ 5.27525738e-02,  0.00000000e+00,  4.14615488e-01, ...,
          3.29924929e-01,  7.86782754e-01,  8.40319518e-01],
        [-3.66033515e-01, -4.14615488e-01,  0.00000000e+00, ...,
         -9.11693977e-02,  4.60056585e-01,  9.89447488e-01],
        ...,
        [-2.79666738e-01, -3.29924929e-01,  9.11693977e-02, ...,
          0.00000000e+00,  5.39088993e-01,  9.72117125e-01],
        [-7.53126776e-01, -7.86782754e-01, -4.60056585e-01, ...,
         -5.39088993e-01,  0.00000000e+00,  9.45178613e-01],
        [-8.67746186e-01, -8.40319518e-01, -9.89447488e-01, ...,
         -9.72117125e-01, -9.45178613e-01,  0.00000000e+00]],

       [[ 0.00000000e+00, -4.33448685e-02, -1.01851301e-01, ...,
          5.74959575e-01,  7.75117208e-01,  9.73008511e-01],
        [ 4.33448685e-02,  0.00000000e+00, -5.86361183e-02, ...,
          6.09883193e-01,  8.01774774e-01,  9.62091386e-01],
        [ 1.01851301e-01,  5.86361183e-02,  0.00000000e+00, ...,
          6.55302457e-01,  8.35437746e-01,  9.44444365e-01],
        ...,
        [-5.74959575e-01, -6.09883193e-01, -6.55302457e-01, ...,
          0.00000000e+00,  2.70917303e-01,  9.28780851e-01],
        [-7.75117208e-01, -8.01774774e-01, -8.35437746e-01, ...,
         -2.70917303e-01,  0.00000000e+00,  7.93636977e-01],
        [-9.73008511e-01, -9.62091386e-01, -9.44444365e-01, ...,
         -9.28780851e-01, -7.93636977e-01,  0.00000000e+00]],

       ...,

       [[ 0.00000000e+00,  1.28044367e-01, -2.47496254e-01, ...,
          5.48231695e-01,  5.71875611e-01,  7.64072376e-01],
        [-1.28044367e-01,  0.00000000e+00, -3.69519733e-01, ...,
          4.36631997e-01,  4.62128223e-01,  6.75177538e-01],
        [ 2.47496254e-01,  3.69519733e-01,  0.00000000e+00, ...,
          7.38163252e-01,  7.57115066e-01,  8.99968596e-01],
        ...,
        [-5.48231695e-01, -4.36631997e-01, -7.38163252e-01, ...,
          0.00000000e+00,  2.85381471e-02,  2.85332967e-01],
        [-5.71875611e-01, -4.62128223e-01, -7.57115066e-01, ...,
         -2.85381471e-02,  0.00000000e+00,  2.57864980e-01],
        [-7.64072376e-01, -6.75177538e-01, -8.99968596e-01, ...,
         -2.85332967e-01, -2.57864980e-01,  0.00000000e+00]],

       [[ 0.00000000e+00, -7.36577303e-02, -5.95834523e-02, ...,
         -1.77355441e-01, -5.97556779e-02,  7.81032124e-01],
        [ 7.36577303e-02,  0.00000000e+00,  1.41052660e-02, ...,
         -1.04383645e-01,  1.39327499e-02,  8.24909091e-01],
        [ 5.95834523e-02, -1.41052660e-02,  0.00000000e+00, ...,
         -1.18401471e-01, -1.72533053e-04,  8.16853806e-01],
        ...,
        [ 1.77355441e-01,  1.04383645e-01,  1.18401471e-01, ...,
          0.00000000e+00,  1.18230150e-01,  8.79407164e-01],
        [ 5.97556779e-02, -1.39327499e-02,  1.72533053e-04, ...,
         -1.18230150e-01,  0.00000000e+00,  8.16953319e-01],
        [-7.81032124e-01, -8.24909091e-01, -8.16853806e-01, ...,
         -8.79407164e-01, -8.16953319e-01,  0.00000000e+00]],

       [[ 0.00000000e+00, -5.24459653e-01, -6.68385287e-01, ...,
         -9.56800766e-01, -9.20463951e-01, -0.00000000e+00],
        [ 5.24459653e-01,  0.00000000e+00, -1.78985746e-01, ...,
         -9.67137645e-01, -9.88688743e-01, -5.24459653e-01],
        [ 6.68385287e-01,  1.78985746e-01,  0.00000000e+00, ...,
         -9.06012255e-01, -9.45878446e-01, -6.68385287e-01],
        ...,
        [ 9.56800766e-01,  9.67137645e-01,  9.06012255e-01, ...,
          0.00000000e+00, -1.06324305e-01, -9.56800766e-01],
        [ 9.20463951e-01,  9.88688743e-01,  9.45878446e-01, ...,
          1.06324305e-01,  0.00000000e+00, -9.20463951e-01],
        [ 0.00000000e+00,  5.24459653e-01,  6.68385287e-01, ...,
          9.56800766e-01,  9.20463951e-01,  0.00000000e+00]]]), 'num': array([9.99046571e-01, 3.66359579e-02, 1.54728394e-04, 1.08015307e-07,
       1.23798638e-04, 1.25191870e-04, 1.20614107e-04, 2.37406976e-02,
       2.18936498e-06, 1.18265516e-04, 1.14563499e-04, 1.12928109e-04,
       1.20051760e-06, 1.21709206e-04, 1.07417792e-04])}
{'img': array([[[ 0.00000000e+00, -5.09671295e-02, -1.02891717e-01, ...,
          5.27620850e-01,  9.20781710e-01,  9.42809042e-01],
        [ 5.09671295e-02,  0.00000000e+00, -5.20613670e-02, ...,
          5.70230674e-01,  9.39466168e-01,  9.24594659e-01],
        [ 1.02891717e-01,  5.20613670e-02,  0.00000000e+00, ...,
          6.12224989e-01,  9.56030540e-01,  9.03507903e-01],
        ...,
        [-5.27620850e-01, -5.70230674e-01, -6.12224989e-01, ...,
          0.00000000e+00,  5.76372212e-01,  9.76771024e-01],
        [-9.20781710e-01, -9.39466168e-01, -9.56030540e-01, ...,
         -5.76372212e-01,  0.00000000e+00,  6.74696539e-01],
        [-9.42809042e-01, -9.24594659e-01, -9.03507903e-01, ...,
         -9.76771024e-01, -6.74696539e-01,  0.00000000e+00]],

       [[ 0.00000000e+00,  4.14615488e-01,  9.19398917e-02, ...,
          7.86782754e-01,  8.40319518e-01,  8.84355900e-01],
        [-4.14615488e-01,  0.00000000e+00, -3.29194410e-01, ...,
          4.60056585e-01,  9.89447488e-01,  6.11212934e-01],
        [-9.19398917e-02,  3.29194410e-01,  0.00000000e+00, ...,
          7.26702321e-01,  8.86600221e-01,  8.37691500e-01],
        ...,
        [-7.86782754e-01, -4.60056585e-01, -7.26702321e-01, ...,
          0.00000000e+00,  9.45178613e-01,  1.78570369e-01],
        [-8.40319518e-01, -9.89447488e-01, -8.86600221e-01, ...,
         -9.45178613e-01,  0.00000000e+00, -8.71674059e-01],
        [-8.84355900e-01, -6.11212934e-01, -8.37691500e-01, ...,
         -1.78570369e-01,  8.71674059e-01,  0.00000000e+00]],

       [[ 0.00000000e+00, -4.61798089e-02, -4.61798089e-02, ...,
          6.06159552e-01,  8.10583316e-01,  8.77268488e-01],
        [ 4.61798089e-02,  0.00000000e+00,  0.00000000e+00, ...,
          6.42241657e-01,  8.36762513e-01,  8.54166260e-01],
        [ 4.61798089e-02,  0.00000000e+00,  0.00000000e+00, ...,
          6.42241657e-01,  8.36762513e-01,  8.54166260e-01],
        ...,
        [-6.06159552e-01, -6.42241657e-01, -6.42241657e-01, ...,
          0.00000000e+00,  2.89710645e-01,  9.88685997e-01],
        [-8.10583316e-01, -8.36762513e-01, -8.36762513e-01, ...,
         -2.89710645e-01,  0.00000000e+00,  9.02828887e-01],
        [-8.77268488e-01, -8.54166260e-01, -8.54166260e-01, ...,
         -9.88685997e-01, -9.02828887e-01,  0.00000000e+00]],

       ...,

       [[ 0.00000000e+00, -3.69519733e-01, -5.58642656e-01, ...,
          4.62128223e-01,  6.75177538e-01,  7.04581408e-01],
        [ 3.69519733e-01,  0.00000000e+00, -2.12620749e-01, ...,
          7.57115066e-01,  8.99968596e-01,  9.16932931e-01],
        [ 5.58642656e-01,  2.12620749e-01,  0.00000000e+00, ...,
          8.78704690e-01,  9.72083655e-01,  9.80811547e-01],
        ...,
        [-4.62128223e-01, -7.57115066e-01, -8.78704690e-01, ...,
          0.00000000e+00,  2.57864980e-01,  2.96895142e-01],
        [-6.75177538e-01, -8.99968596e-01, -9.72083655e-01, ...,
         -2.57864980e-01,  0.00000000e+00,  4.06165634e-02],
        [-7.04581408e-01, -9.16932931e-01, -9.80811547e-01, ...,
         -2.96895142e-01, -4.06165634e-02,  0.00000000e+00]],

       [[ 0.00000000e+00,  9.36140638e-03,  2.13626087e-02, ...,
          9.24733504e-03,  3.67636090e-01,  9.73160939e-01],
        [-9.36140638e-03,  0.00000000e+00,  1.20024026e-02, ...,
         -1.14076276e-04,  3.58914156e-01,  9.70963996e-01],
        [-2.13626087e-02, -1.20024026e-02,  0.00000000e+00, ...,
         -1.21164706e-02,  3.47685614e-01,  9.68022774e-01],
        ...,
        [-9.24733504e-03,  1.14076276e-04,  1.21164706e-02, ...,
          0.00000000e+00,  3.59020629e-01,  9.70991280e-01],
        [-3.67636090e-01, -3.58914156e-01, -3.47685614e-01, ...,
         -3.59020629e-01,  0.00000000e+00,  8.20407746e-01],
        [-9.73160939e-01, -9.70963996e-01, -9.68022774e-01, ...,
         -9.70991280e-01, -8.20407746e-01,  0.00000000e+00]],

       [[ 0.00000000e+00, -4.02865629e-01, -6.59999937e-01, ...,
         -9.99761637e-01, -8.89037504e-01, -0.00000000e+00],
        [ 4.02865629e-01,  0.00000000e+00, -3.01411861e-01, ...,
         -9.06245308e-01, -9.98145431e-01, -4.02865629e-01],
        [ 6.59999937e-01,  3.01411861e-01,  0.00000000e+00, ...,
         -7.36676968e-01, -9.70074002e-01, -6.59999937e-01],
        ...,
        [ 9.99761637e-01,  9.06245308e-01,  7.36676968e-01, ...,
          0.00000000e+00, -4.77135379e-01, -9.99761637e-01],
        [ 8.89037504e-01,  9.98145431e-01,  9.70074002e-01, ...,
          4.77135379e-01,  0.00000000e+00, -8.89037504e-01],
        [ 0.00000000e+00,  4.02865629e-01,  6.59999937e-01, ...,
          9.99761637e-01,  8.89037504e-01,  0.00000000e+00]]]), 'num': array([ 9.77881881e-01,  2.08719676e-01,  1.24058420e-04,  1.41116933e-07,
        1.21127906e-04,  1.22104744e-04,  1.18978863e-04,  1.35277599e-02,
       -3.90735181e-07,  1.17884804e-04,  1.12951773e-04,  1.11024146e-04,
        1.19741427e-06,  1.20884058e-04,  1.05019487e-04])}
{'img': array([[[ 0.        , -0.05206137, -0.24423991, ...,  0.93946617,
          0.92459466,  0.99672279],
        [ 0.05206137,  0.        , -0.19342402, ...,  0.95603054,
          0.9035079 ,  0.99115972],
        [ 0.24423991,  0.19342402,  0.        , ...,  0.99470106,
          0.80354938,  0.94677958],
        ...,
        [-0.93946617, -0.95603054, -0.99470106, ...,  0.        ,
          0.67469654,  0.41751501],
        [-0.92459466, -0.9035079 , -0.80354938, ..., -0.67469654,
          0.        , -0.30491068],
        [-0.99672279, -0.99115972, -0.94677958, ..., -0.41751501,
          0.30491068,  0.        ]],

       [[ 0.        , -0.32919441, -0.0108294 , ...,  0.98944749,
          0.61121293,  0.19454767],
        [ 0.32919441,  0.        ,  0.31894931, ...,  0.88660022,
          0.8376915 ,  0.50660852],
        [ 0.0108294 , -0.31894931,  0.        , ...,  0.98782037,
          0.6197482 ,  0.20515875],
        ...,
        [-0.98944749, -0.88660022, -0.98782037, ...,  0.        ,
         -0.87167406, -0.99873056],
        [-0.61121293, -0.8376915 , -0.6197482 , ...,  0.87167406,
          0.        , -0.44555662],
        [-0.19454767, -0.50660852, -0.20515875, ...,  0.99873056,
          0.44555662,  0.        ]],

       [[ 0.        ,  0.        , -0.08483435, ...,  0.73051762,
          0.97166758,  0.79258911],
        [ 0.        ,  0.        , -0.08483435, ...,  0.73051762,
          0.97166758,  0.79258911],
        [ 0.08483435,  0.08483435,  0.        , ...,  0.78581701,
          0.98821552,  0.73800362],
        ...,
        [-0.73051762, -0.73051762, -0.78581701, ...,  0.        ,
          0.49088674,  0.9866918 ],
        [-0.97166758, -0.97166758, -0.98821552, ..., -0.49088674,
          0.        ,  0.77981   ],
        [-0.79258911, -0.79258911, -0.73800362, ..., -0.9866918 ,
         -0.77981   ,  0.        ]],

       ...,

       [[ 0.        , -0.21262075, -0.37990581, ...,  0.8999686 ,
          0.91693293,  0.94085886],
        [ 0.21262075,  0.        , -0.17453964, ...,  0.97208366,
          0.98081155,  0.99138158],
        [ 0.37990581,  0.17453964,  0.        , ...,  0.99811534,
          0.99978417,  0.99902975],
        ...,
        [-0.8999686 , -0.97208366, -0.99811534, ...,  0.        ,
          0.04061656,  0.10526362],
        [-0.91693293, -0.98081155, -0.99978417, ..., -0.04061656,
          0.        ,  0.06478584],
        [-0.94085886, -0.99138158, -0.99902975, ..., -0.10526362,
         -0.06478584,  0.        ]],

       [[ 0.        ,  0.0100252 ,  0.04521507, ...,  0.28919076,
          0.6721161 ,  0.99788466],
        [-0.0100252 ,  0.        ,  0.03519785, ...,  0.27957939,
          0.6646592 ,  0.99718279],
        [-0.04521507, -0.03519785,  0.        , ...,  0.2456119 ,
          0.6379494 ,  0.99392471],
        ...,
        [-0.28919076, -0.27957939, -0.2456119 , ...,  0.        ,
          0.4292675 ,  0.93644648],
        [-0.6721161 , -0.6646592 , -0.6379494 , ..., -0.4292675 ,
          0.        ,  0.69518575],
        [-0.99788466, -0.99718279, -0.99392471, ..., -0.93644648,
         -0.69518575,  0.        ]],

       [[ 0.        , -0.35892726, -0.67431759, ..., -0.99918456,
         -0.8054672 , -0.23383148],
        [ 0.35892726,  0.        , -0.36433803, ..., -0.94709645,
         -0.96451011, -0.56722701],
        [ 0.67431759,  0.36433803,  0.        , ..., -0.7650655 ,
         -0.99441819, -0.82829444],
        ...,
        [ 0.99918456,  0.94709645,  0.7650655 , ...,  0.        ,
         -0.55963559, -0.96204314],
        [ 0.8054672 ,  0.96451011,  0.99441819, ...,  0.55963559,
          0.        , -0.64455938],
        [ 0.23383148,  0.56722701,  0.82829444, ...,  0.96204314,
          0.64455938,  0.        ]]]), 'num': array([ 9.65095195e-01,  2.61769621e-01,  1.13806727e-04,  1.34173938e-07,
        1.19450675e-04,  1.20223818e-04,  1.18484246e-04,  8.23467439e-03,
       -3.86571764e-07,  1.18290960e-04,  1.12250776e-04,  1.10015102e-04,
        1.20407599e-06,  1.20697059e-04,  1.03804492e-04])}
{'img': array([[[ 0.00000000e+00, -1.93424016e-01, -2.52546755e-01, ...,
          9.03507903e-01,  9.91159722e-01,  9.99995693e-01],
        [ 1.93424016e-01,  0.00000000e+00, -6.06233575e-02, ...,
          8.03549382e-01,  9.46779577e-01,  9.80543316e-01],
        [ 2.52546755e-01,  6.06233575e-02,  0.00000000e+00, ...,
          7.65986092e-01,  9.25524572e-01,  9.66839278e-01],
        ...,
        [-9.03507903e-01, -8.03549382e-01, -7.65986092e-01, ...,
          0.00000000e+00, -3.04910678e-01, -4.25917710e-01],
        [-9.91159722e-01, -9.46779577e-01, -9.25524572e-01, ...,
          3.04910678e-01,  0.00000000e+00, -1.29764349e-01],
        [-9.99995693e-01, -9.80543316e-01, -9.66839278e-01, ...,
          4.25917710e-01,  1.29764349e-01,  0.00000000e+00]],

       [[ 0.00000000e+00,  3.18949312e-01,  2.02281198e-02, ...,
          8.37691500e-01,  5.06608518e-01,  2.26586140e-01],
        [-3.18949312e-01,  0.00000000e+00, -2.99712411e-01, ...,
          6.19748199e-01,  2.05158746e-01, -9.59018525e-02],
        [-2.02281198e-02,  2.99712411e-01,  0.00000000e+00, ...,
          8.26472640e-01,  4.89064658e-01,  2.06837770e-01],
        ...,
        [-8.37691500e-01, -6.19748199e-01, -8.26472640e-01, ...,
          0.00000000e+00, -4.45556623e-01, -6.92155495e-01],
        [-5.06608518e-01, -2.05158746e-01, -4.89064658e-01, ...,
          4.45556623e-01,  0.00000000e+00, -2.98075024e-01],
        [-2.26586140e-01,  9.59018525e-02, -2.06837770e-01, ...,
          6.92155495e-01,  2.98075024e-01,  0.00000000e+00]],

       [[ 0.00000000e+00, -7.70478770e-02, -1.93635583e-01, ...,
          9.02479050e-01,  9.98156785e-01,  7.44322749e-01],
        [ 7.70478770e-02,  0.00000000e+00, -1.17470348e-01, ...,
          9.32983457e-01,  9.99865539e-01,  6.90656053e-01],
        [ 1.93635583e-01,  1.17470348e-01,  0.00000000e+00, ...,
          9.68803684e-01,  9.91016550e-01,  6.00921615e-01],
        ...,
        [-9.02479050e-01, -9.32983457e-01, -9.68803684e-01, ...,
          0.00000000e+00,  3.75170176e-01,  9.23298551e-01],
        [-9.98156785e-01, -9.99865539e-01, -9.91016550e-01, ...,
         -3.75170176e-01,  0.00000000e+00,  7.11760585e-01],
        [-7.44322749e-01, -6.90656053e-01, -6.00921615e-01, ...,
         -9.23298551e-01, -7.11760585e-01,  0.00000000e+00]],

       ...,

       [[ 0.00000000e+00, -1.74539639e-01, -3.01640545e-01, ...,
          9.80811547e-01,  9.91381582e-01,  9.98230718e-01],
        [ 1.74539639e-01,  0.00000000e+00, -1.30600524e-01, ...,
          9.99784173e-01,  9.99029753e-01,  9.93286066e-01],
        [ 3.01640545e-01,  1.30600524e-01,  0.00000000e+00, ...,
          9.93934340e-01,  9.84721442e-01,  9.69670249e-01],
        ...,
        [-9.80811547e-01, -9.99784173e-01, -9.93934340e-01, ...,
          0.00000000e+00,  6.47858422e-02,  1.36294718e-01],
        [-9.91381582e-01, -9.99029753e-01, -9.84721442e-01, ...,
         -6.47858422e-02,  0.00000000e+00,  7.18271061e-02],
        [-9.98230718e-01, -9.93286066e-01, -9.69670249e-01, ...,
         -1.36294718e-01, -7.18271061e-02,  0.00000000e+00]],

       [[ 0.00000000e+00,  3.15655087e-02,  3.06360557e-02, ...,
          5.74277848e-01,  8.19750438e-01,  9.99490150e-01],
        [-3.15655087e-02,  0.00000000e+00, -9.29902814e-04, ...,
          5.48150242e-01,  8.01263718e-01,  9.99999934e-01],
        [-3.06360557e-02,  9.29902814e-04,  0.00000000e+00, ...,
          5.48927757e-01,  8.01819743e-01,  9.99999164e-01],
        ...,
        [-5.74277848e-01, -5.48150242e-01, -5.48927757e-01, ...,
          0.00000000e+00,  3.42196353e-01,  8.36579005e-01],
        [-8.19750438e-01, -8.01263718e-01, -8.01819743e-01, ...,
         -3.42196353e-01,  0.00000000e+00,  5.98602442e-01],
        [-9.99490150e-01, -9.99999934e-01, -9.99999164e-01, ...,
         -8.36579005e-01, -5.98602442e-01,  0.00000000e+00]],

       [[ 0.00000000e+00, -3.58896430e-01, -6.49673380e-01, ...,
         -9.78887845e-01, -7.96634589e-01, -5.60385173e-01],
        [ 3.58896430e-01,  0.00000000e+00, -3.33552548e-01, ...,
         -9.87029533e-01, -9.60499677e-01, -8.20300404e-01],
        [ 6.49673380e-01,  3.33552548e-01,  0.00000000e+00, ...,
         -8.76955722e-01, -9.98314680e-01, -9.64092715e-01],
        ...,
        [ 9.78887845e-01,  9.87029533e-01,  8.76955722e-01, ...,
          0.00000000e+00, -4.28869110e-01, -6.96204694e-01],
        [ 7.96634589e-01,  9.60499677e-01,  9.98314680e-01, ...,
          4.28869110e-01,  0.00000000e+00, -3.21067272e-01],
        [ 5.60385173e-01,  8.20300404e-01,  9.64092715e-01, ...,
          6.96204694e-01,  3.21067272e-01,  0.00000000e+00]]]), 'num': array([9.53742640e-01, 2.97481105e-01, 1.00192595e-04, 1.22661424e-07,
       1.20260491e-04, 1.20444095e-04, 1.14017961e-04, 4.33573220e-02,
       6.79334070e-06, 1.14789097e-04, 1.07500026e-04, 1.04788810e-04,
       1.22696772e-06, 1.17277338e-04, 9.77227145e-05])}
{'img': array([[[ 0.00000000e+00, -4.97536849e-02,  2.57185412e-01, ...,
          9.32773360e-01,  9.18784955e-01,  7.04804380e-01],
        [ 4.97536849e-02,  0.00000000e+00,  3.04946967e-01, ...,
          9.49552520e-01,  9.37287743e-01,  6.68636144e-01],
        [-2.57185412e-01, -3.04946967e-01,  0.00000000e+00, ...,
          8.08690875e-01,  7.86352832e-01,  8.63543996e-01],
        ...,
        [-9.32773360e-01, -9.49552520e-01, -8.08690875e-01, ...,
          0.00000000e+00, -3.70317883e-02,  9.15767196e-01],
        [-9.18784955e-01, -9.37287743e-01, -7.86352832e-01, ...,
          3.70317883e-02,  0.00000000e+00,  9.30015078e-01],
        [-7.04804380e-01, -6.68636144e-01, -8.63543996e-01, ...,
         -9.15767196e-01, -9.30015078e-01,  0.00000000e+00]],

       [[ 0.00000000e+00, -2.99712411e-01, -2.90396098e-01, ...,
          2.05158746e-01, -9.59018525e-02,  9.22971654e-01],
        [ 2.99712411e-01,  0.00000000e+00,  9.75029072e-03, ...,
          4.89064658e-01,  2.06837770e-01,  7.65192578e-01],
        [ 2.90396098e-01, -9.75029072e-03,  0.00000000e+00, ...,
          4.80536743e-01,  1.97288494e-01,  7.71433456e-01],
        ...,
        [-2.05158746e-01, -4.89064658e-01, -4.80536743e-01, ...,
          0.00000000e+00, -2.98075024e-01,  9.82297879e-01],
        [ 9.59018525e-02, -2.06837770e-01, -1.97288494e-01, ...,
          2.98075024e-01,  0.00000000e+00,  8.81807941e-01],
        [-9.22971654e-01, -7.65192578e-01, -7.71433456e-01, ...,
         -9.82297879e-01, -8.81807941e-01,  0.00000000e+00]],

       [[ 0.00000000e+00, -1.04732470e-01, -9.45779582e-02, ...,
          9.58689298e-01,  9.99985201e-01,  6.32392798e-01],
        [ 1.04732470e-01,  0.00000000e+00,  1.02051817e-02, ...,
          9.83208629e-01,  9.95055505e-01,  5.47784124e-01],
        [ 9.45779582e-02, -1.02051817e-02,  0.00000000e+00, ...,
          9.81295137e-01,  9.96017271e-01,  5.56293455e-01],
        ...,
        [-9.58689298e-01, -9.83208629e-01, -9.81295137e-01, ...,
          0.00000000e+00,  2.79235422e-01,  9.22534136e-01],
        [-9.99985201e-01, -9.95055505e-01, -9.96017271e-01, ...,
         -2.79235422e-01,  0.00000000e+00,  7.78076918e-01],
        [-6.32392798e-01, -5.47784124e-01, -5.56293455e-01, ...,
         -9.22534136e-01, -7.78076918e-01,  0.00000000e+00]],

       ...,

       [[ 0.00000000e+00, -1.30600524e-01, -6.87730819e-01, ...,
          9.99029753e-01,  9.93286066e-01,  8.06508663e-01],
        [ 1.30600524e-01,  0.00000000e+00, -5.87028942e-01, ...,
          9.84721442e-01,  9.69670249e-01,  7.22387036e-01],
        [ 6.87730819e-01,  5.87028942e-01,  0.00000000e+00, ...,
          6.94973511e-01,  6.41532234e-01,  1.78895917e-01],
        ...,
        [-9.99029753e-01, -9.84721442e-01, -6.94973511e-01, ...,
          0.00000000e+00,  7.18271061e-02,  5.55129715e-01],
        [-9.93286066e-01, -9.69670249e-01, -6.41532234e-01, ...,
         -7.18271061e-02,  0.00000000e+00,  4.93952683e-01],
        [-8.06508663e-01, -7.22387036e-01, -1.78895917e-01, ...,
         -5.55129715e-01, -4.93952683e-01,  0.00000000e+00]],

       [[ 0.00000000e+00, -7.59477173e-04, -9.94213929e-03, ...,
          6.11790957e-01,  7.48211000e-01,  9.79764919e-01],
        [ 7.59477173e-04,  0.00000000e+00, -9.18269679e-03, ...,
          6.12391541e-01,  7.48714668e-01,  9.79612626e-01],
        [ 9.94213929e-03,  9.18269679e-03,  0.00000000e+00, ...,
          6.19625145e-01,  7.54770241e-01,  9.77726559e-01],
        ...,
        [-6.11790957e-01, -6.12391541e-01, -6.19625145e-01, ...,
          0.00000000e+00,  1.85950132e-01,  8.97464142e-01],
        [-7.48211000e-01, -7.48714668e-01, -7.54770241e-01, ...,
         -1.85950132e-01,  0.00000000e+00,  7.99791370e-01],
        [-9.79764919e-01, -9.79612626e-01, -9.77726559e-01, ...,
         -8.97464142e-01, -7.99791370e-01,  0.00000000e+00]],

       [[ 0.00000000e+00, -2.87377652e-01, -3.29427316e-01, ...,
         -9.64152064e-01, -9.76503683e-01, -7.51959715e-01],
        [ 2.87377652e-01,  0.00000000e+00, -4.41946996e-02, ...,
         -8.47225826e-01, -8.73382086e-01, -9.09682017e-01],
        [ 3.29427316e-01,  4.41946996e-02,  0.00000000e+00, ...,
         -8.22920354e-01, -8.51004343e-01, -9.27147501e-01],
        ...,
        [ 9.64152064e-01,  8.47225826e-01,  8.22920354e-01, ...,
          0.00000000e+00, -5.13401172e-02, -8.35110535e-01],
        [ 9.76503683e-01,  8.73382086e-01,  8.51004343e-01, ...,
          5.13401172e-02,  0.00000000e+00, -8.05767931e-01],
        [ 7.51959715e-01,  9.09682017e-01,  9.27147501e-01, ...,
          8.35110535e-01,  8.05767931e-01,  0.00000000e+00]]]), 'num': array([8.80416643e-01, 4.72966978e-01, 6.00073144e-05, 1.82662763e-07,
       1.13243375e-04, 1.13910494e-04, 1.06738969e-04, 3.41859902e-02,
       4.00271135e-06, 1.06538834e-04, 9.85417502e-05, 9.55313777e-05,
       1.23568551e-06, 1.09646457e-04, 8.74370437e-05])}
{'img': array([[[ 0.        ,  0.27339404,  0.22135521, ...,  0.86314925,
          0.99844544,  0.61665433],
        [-0.27339404,  0.        , -0.05368997, ...,  0.69221509,
          0.97564519,  0.8083862 ],
        [-0.22135521,  0.05368997,  0.        , ...,  0.72996425,
          0.98601512,  0.7756155 ],
        ...,
