state_0,state_1,state_2,state_3,state_4,state_5,state_6,state_7,state_8,state_9,state_10,state_11,state_12,state_13,state_14,state_15,state_16,state_17,state_18,state_19,state_20,state_21,state_22,state_23,state_24,state_25,state_26,state_27,state_28,state_29,state_30,state_31,state_32,state_33,state_34,state_35,state_36,state_37,state_38,state_39,state_40,state_41,state_42,state_43,state_44,state_45,state_46,state_47,state_48,state_49,state_50,state_51,state_52,state_53,state_54,state_55,state_56,state_57,state_58,state_59,state_60,state_61,state_62,state_63,state_64,state_65,state_66,state_67,state_68,state_69,state_70,state_71,state_72,state_73,state_74,state_75,state_76,state_77,state_78,state_79,state_80,state_81,state_82,state_83,state_84,state_85,state_86,state_87,state_88,state_89,state_90,state_91,state_92,state_93,state_94,state_95,state_96,state_97,state_98,state_99,state_100,state_101,state_102,state_103,state_104,state_105,state_106,state_107,state_108,state_109,state_110,state_111,state_112,state_113,state_114,state_115,state_116,state_117,state_118,state_119,state_120,state_121,state_122,state_123,state_124,state_125,state_126,state_127,state_128,state_129,state_130,state_131,state_132,state_133,state_134,state_135,state_136,state_137,state_138,state_139,state_140,state_141,state_142,state_143,state_144,state_145,state_146,state_147,state_148,state_149,state_150,state_151,state_152,state_153,state_154,state_155,state_156,state_157,state_158,state_159,state_160,state_161,state_162,state_163,state_164,state_165,state_166,state_167,state_168,state_169,state_170,state_171,state_172,state_173,state_174,state_175,state_176,state_177,state_178,state_179,state_180,state_181,state_182,state_183,state_184,state_185,state_186,state_187,state_188,state_189,state_190,state_191,state_192,state_193,state_194,state_195,state_196,state_197,state_198,state_199,state_200,state_201,state_202,state_203,state_204,state_205,state_206,state_207,state_208,state_209,state_210,state_211,state_212,state_213,state_214,state_215,state_216,state_217,state_218,state_219,state_220,state_221,state_222,state_223,state_224,state_225,state_226,state_227,state_228,state_229,state_230,state_231,state_232,state_233,state_234,state_235,state_236,state_237,state_238,state_239,state_240,state_241,state_242,state_243,state_244,state_245,state_246,state_247,state_248,state_249,state_250,state_251,state_252,state_253,state_254,state_255,state_256,state_257,state_258,state_259,state_260,state_261,state_262,state_263,state_264,state_265,state_266,state_267,state_268,state_269,state_270,state_271,state_272,state_273,state_274,state_275,state_276,state_277,state_278,state_279,state_280,state_281,state_282,state_283,state_284,state_285,state_286,state_287
{'img': array([[[ 0.00000000e+00, -3.27571689e-01, -3.27571689e-01, ...,
         -9.78501132e-01, -9.89795560e-01, -9.99145601e-01],
        [ 3.27571689e-01,  0.00000000e+00,  0.00000000e+00, ...,
         -9.92072490e-01, -9.81862144e-01, -9.57557206e-01],
        [ 3.27571689e-01,  0.00000000e+00,  0.00000000e+00, ...,
         -9.92072490e-01, -9.81862144e-01, -9.57557206e-01],
        ...,
        [ 9.78501132e-01,  9.92072490e-01,  9.92072490e-01, ...,
          0.00000000e+00,  6.47056087e-02,  1.65624978e-01],
        [ 9.89795560e-01,  9.81862144e-01,  9.81862144e-01, ...,
         -6.47056087e-02,  0.00000000e+00,  1.01465947e-01],
        [ 9.99145601e-01,  9.57557206e-01,  9.57557206e-01, ...,
         -1.65624978e-01, -1.01465947e-01,  0.00000000e+00]],

       [[ 0.00000000e+00, -6.15209697e-01, -9.86417472e-01, ...,
         -7.60530203e-01, -5.66646870e-01,  1.36077530e-01],
        [ 6.15209697e-01,  0.00000000e+00, -6.76602655e-01, ...,
         -2.00117033e-01,  6.01849289e-02,  7.16765693e-01],
        [ 9.86417472e-01,  6.76602655e-01,  0.00000000e+00, ...,
          5.15560495e-01,  7.19693210e-01,  9.99593779e-01],
        ...,
        [ 7.60530203e-01,  2.00117033e-01, -5.15560495e-01, ...,
          0.00000000e+00,  2.58721778e-01,  8.41811384e-01],
        [ 5.66646870e-01, -6.01849289e-02, -7.19693210e-01, ...,
         -2.58721778e-01,  0.00000000e+00,  6.73498573e-01],
        [-1.36077530e-01, -7.16765693e-01, -9.99593779e-01, ...,
         -8.41811384e-01, -6.73498573e-01,  0.00000000e+00]],

       [[ 0.00000000e+00,  2.25388156e-02,  3.02471700e-02, ...,
         -9.60997383e-01, -9.73525136e-01, -9.90495977e-01],
        [-2.25388156e-02,  0.00000000e+00,  7.71098327e-03, ...,
         -9.54519982e-01, -9.68125908e-01, -9.87144332e-01],
        [-3.02471700e-02, -7.71098327e-03,  0.00000000e+00, ...,
         -9.52192598e-01, -9.66165802e-01, -9.85882527e-01],
        ...,
        [ 9.60997383e-01,  9.54519982e-01,  9.52192598e-01, ...,
          0.00000000e+00,  4.95708748e-02,  1.41751835e-01],
        [ 9.73525136e-01,  9.68125908e-01,  9.66165802e-01, ...,
         -4.95708748e-02,  0.00000000e+00,  9.25072476e-02],
        [ 9.90495977e-01,  9.87144332e-01,  9.85882527e-01, ...,
         -1.41751835e-01, -9.25072476e-02,  0.00000000e+00]],

       ...,

       [[ 0.00000000e+00, -8.11731826e-01, -8.67637553e-01, ...,
         -9.28098678e-01, -9.55012930e-01, -8.56424258e-01],
        [ 8.11731826e-01,  0.00000000e+00, -1.03135852e-01, ...,
         -2.39802174e-01, -3.17025961e-01, -8.11027820e-02],
        [ 8.67637553e-01,  1.03135852e-01,  0.00000000e+00, ...,
         -1.38396845e-01, -2.17519569e-01,  2.21258123e-02],
        ...,
        [ 9.28098678e-01,  2.39802174e-01,  1.38396845e-01, ...,
          0.00000000e+00, -8.03432808e-02,  1.60275857e-01],
        [ 9.55012930e-01,  3.17025961e-01,  2.17519569e-01, ...,
          8.03432808e-02,  0.00000000e+00,  2.39062350e-01],
        [ 8.56424258e-01,  8.11027820e-02, -2.21258123e-02, ...,
         -1.60275857e-01, -2.39062350e-01,  0.00000000e+00]],

       [[ 0.00000000e+00,  1.30146479e-02,  4.92537350e-02, ...,
         -7.92817852e-01, -8.21946818e-01, -8.80713542e-01],
        [-1.30146479e-02,  0.00000000e+00,  3.62507115e-02, ...,
         -7.84818815e-01, -8.14464526e-01, -8.74474571e-01],
        [-4.92537350e-02, -3.62507115e-02,  0.00000000e+00, ...,
         -7.61837492e-01, -7.92896053e-01, -8.56315621e-01],
        ...,
        [ 7.92817852e-01,  7.84818815e-01,  7.61837492e-01, ...,
          0.00000000e+00,  4.93819032e-02,  1.61240873e-01],
        [ 8.21946818e-01,  8.14464526e-01,  7.92896053e-01, ...,
         -4.93819032e-02,  0.00000000e+00,  1.12308409e-01],
        [ 8.80713542e-01,  8.74474571e-01,  8.56315621e-01, ...,
         -1.61240873e-01, -1.12308409e-01,  0.00000000e+00]],

       [[ 0.00000000e+00, -2.25383643e-03, -2.99205785e-03, ...,
         -8.92257708e-01, -8.74272493e-01, -8.62678467e-01],
        [ 2.25383643e-03,  0.00000000e+00, -7.38223912e-04, ...,
         -8.91237775e-01, -8.73176180e-01, -8.61536392e-01],
        [ 2.99205785e-03,  7.38223912e-04,  0.00000000e+00, ...,
         -8.90902720e-01, -8.72816128e-01, -8.61161364e-01],
        ...,
        [ 8.92257708e-01,  8.91237775e-01,  8.90902720e-01, ...,
          0.00000000e+00,  3.83763502e-02,  6.17396146e-02],
        [ 8.74272493e-01,  8.73176180e-01,  8.72816128e-01, ...,
         -3.83763502e-02,  0.00000000e+00,  2.33909953e-02],
        [ 8.62678467e-01,  8.61536392e-01,  8.61161364e-01, ...,
         -6.17396146e-02, -2.33909953e-02,  0.00000000e+00]]]), 'num': array([ 7.07106526e-01,  7.07106526e-01,  0.00000000e+00,  0.00000000e+00,
        2.28528631e-04,  2.32627799e-04,  2.27503839e-04,  5.49073341e-04,
       -1.02479207e-06,  2.27503839e-04,  2.23635249e-04,  2.45044863e-04,
        5.90031796e-07,  2.31483276e-04,  2.15787221e-04])}
{'img': array([[[ 0.00000000e+00,  0.00000000e+00, -4.51728164e-02, ...,
         -9.81862144e-01, -9.57557206e-01, -9.68279603e-01],
        [ 0.00000000e+00,  0.00000000e+00, -4.51728164e-02, ...,
         -9.81862144e-01, -9.57557206e-01, -9.68279603e-01],
        [ 4.51728164e-02,  4.51728164e-02,  0.00000000e+00, ...,
         -9.72295252e-01, -9.43558958e-01, -9.56003876e-01],
        ...,
        [ 9.81862144e-01,  9.81862144e-01,  9.72295252e-01, ...,
          0.00000000e+00,  1.01465947e-01,  6.17549369e-02],
        [ 9.57557206e-01,  9.57557206e-01,  9.43558958e-01, ...,
         -1.01465947e-01,  0.00000000e+00, -3.98360627e-02],
        [ 9.68279603e-01,  9.68279603e-01,  9.56003876e-01, ...,
         -6.17549369e-02,  3.98360627e-02,  0.00000000e+00]],

       [[ 0.00000000e+00, -6.76602655e-01, -5.84734315e-01, ...,
          6.01849289e-02,  7.16765693e-01, -3.06319054e-03],
        [ 6.76602655e-01,  0.00000000e+00,  1.18308767e-01, ...,
          7.19693210e-01,  9.99593779e-01,  6.74343905e-01],
        [ 5.84734315e-01, -1.18308767e-01,  0.00000000e+00, ...,
          6.32497845e-01,  9.89201630e-01,  5.82246635e-01],
        ...,
        [-6.01849289e-02, -7.19693210e-01, -6.32497845e-01, ...,
          0.00000000e+00,  6.73498573e-01, -6.32422842e-02],
        [-7.16765693e-01, -9.99593779e-01, -9.89201630e-01, ...,
         -6.73498573e-01,  0.00000000e+00, -7.18898337e-01],
        [ 3.06319054e-03, -6.74343905e-01, -5.82246635e-01, ...,
          6.32422842e-02,  7.18898337e-01,  0.00000000e+00]],

       [[ 0.00000000e+00,  7.71098327e-03, -1.51211256e-02, ...,
         -9.68125908e-01, -9.87144332e-01, -9.91406033e-01],
        [-7.71098327e-03,  0.00000000e+00, -2.28307777e-02, ...,
         -9.66165802e-01, -9.85882527e-01, -9.90367802e-01],
        [ 1.51211256e-02,  2.28307777e-02,  0.00000000e+00, ...,
         -9.71802520e-01, -9.89448302e-01, -9.93270842e-01],
        ...,
        [ 9.68125908e-01,  9.66165802e-01,  9.71802520e-01, ...,
          0.00000000e+00,  9.25072476e-02,  1.21660552e-01],
        [ 9.87144332e-01,  9.85882527e-01,  9.89448302e-01, ...,
         -9.25072476e-02,  0.00000000e+00,  2.93187904e-02],
        [ 9.91406033e-01,  9.90367802e-01,  9.93270842e-01, ...,
         -1.21660552e-01, -2.93187904e-02,  0.00000000e+00]],

       ...,

       [[ 0.00000000e+00, -1.12789752e-01, -7.50121162e-02, ...,
         -3.40662029e-01, -8.88768163e-02, -3.67350155e-01],
        [ 1.12789752e-01,  0.00000000e+00,  3.79385265e-02, ...,
         -2.32444896e-01,  2.40337187e-02, -2.60102249e-01],
        [ 7.50121162e-02, -3.79385265e-02,  0.00000000e+00, ...,
         -2.69176927e-01, -1.39111516e-02, -2.96547718e-01],
        ...,
        [ 3.40662029e-01,  2.32444896e-01,  2.69176927e-01, ...,
          0.00000000e+00,  2.55753179e-01, -2.85335422e-02],
        [ 8.88768163e-02, -2.40337187e-02,  1.39111516e-02, ...,
         -2.55753179e-01,  0.00000000e+00, -2.83233622e-01],
        [ 3.67350155e-01,  2.60102249e-01,  2.96547718e-01, ...,
          2.85335422e-02,  2.83233622e-01,  0.00000000e+00]],

       [[ 0.00000000e+00,  3.62507115e-02,  6.87129910e-02, ...,
         -8.14464526e-01, -8.74474571e-01, -9.03236394e-01],
        [-3.62507115e-02,  0.00000000e+00,  3.25027959e-02, ...,
         -7.92896053e-01, -8.56315621e-01, -8.87085969e-01],
        [-6.87129910e-02, -3.25027959e-02,  0.00000000e+00, ...,
         -7.72671319e-01, -8.39077020e-01, -8.71613843e-01],
        ...,
        [ 8.14464526e-01,  7.92896053e-01,  7.72671319e-01, ...,
          0.00000000e+00,  1.12308409e-01,  1.74547780e-01],
        [ 8.74474571e-01,  8.56315621e-01,  8.39077020e-01, ...,
         -1.12308409e-01,  0.00000000e+00,  6.28591557e-02],
        [ 9.03236394e-01,  8.87085969e-01,  8.71613843e-01, ...,
         -1.74547780e-01, -6.28591557e-02,  0.00000000e+00]],

       [[ 0.00000000e+00, -7.38223912e-04,  7.11827264e-03, ...,
         -8.73176180e-01, -8.61536392e-01, -8.51989293e-01],
        [ 7.38223912e-04,  0.00000000e+00,  7.85647591e-03, ...,
         -8.72816128e-01, -8.61161364e-01, -8.51602557e-01],
        [-7.11827264e-03, -7.85647591e-03,  0.00000000e+00, ...,
         -8.76623537e-01, -8.65128482e-01, -8.55694545e-01],
        ...,
        [ 8.73176180e-01,  8.72816128e-01,  8.76623537e-01, ...,
          0.00000000e+00,  2.33909953e-02,  4.18958282e-02],
        [ 8.61536392e-01,  8.61161364e-01,  8.65128482e-01, ...,
         -2.33909953e-02,  0.00000000e+00,  1.85139076e-02],
        [ 8.51989293e-01,  8.51602557e-01,  8.55694545e-01, ...,
         -4.18958282e-02, -1.85139076e-02,  0.00000000e+00]]]), 'num': array([ 7.07106516e-01,  7.07106516e-01,  0.00000000e+00,  0.00000000e+00,
        2.28016232e-04,  2.32115400e-04,  2.27503836e-04,  5.74826358e-04,
       -5.12396026e-07,  2.27708794e-04,  2.24045162e-04,  2.44421444e-04,
        5.74504635e-07,  2.31909231e-04,  2.16181094e-04])}
{'img': array([[[ 0.        , -0.04517282,  0.20381686, ..., -0.95755721,
         -0.9682796 , -0.97315412],
        [ 0.04517282,  0.        ,  0.2478334 , ..., -0.94355896,
         -0.95600388, -0.96176398],
        [-0.20381686, -0.2478334 ,  0.        , ..., -0.996206  ,
         -0.99888203, -0.99963603],
        ...,
        [ 0.95755721,  0.94355896,  0.996206  , ...,  0.        ,
         -0.03983606, -0.06011911],
        [ 0.9682796 ,  0.95600388,  0.99888203, ...,  0.03983606,
          0.        , -0.02030738],
        [ 0.97315412,  0.96176398,  0.99963603, ...,  0.06011911,
          0.02030738,  0.        ]],

       [[ 0.        ,  0.11830877,  0.62107816, ...,  0.99959378,
          0.67434391,  0.70550491],
        [-0.11830877,  0.        ,  0.5239919 , ...,  0.98920163,
          0.58224664,  0.61670403],
        [-0.62107816, -0.5239919 ,  0.        , ...,  0.76572923,
          0.06990118,  0.11277729],
        ...,
        [-0.99959378, -0.98920163, -0.76572923, ...,  0.        ,
         -0.71889834, -0.68830991],
        [-0.67434391, -0.58224664, -0.06990118, ...,  0.71889834,
          0.        ,  0.0430462 ],
        [-0.70550491, -0.61670403, -0.11277729, ...,  0.68830991,
         -0.0430462 ,  0.        ]],

       [[ 0.        , -0.02283078,  0.01574521, ..., -0.98588253,
         -0.9903678 , -0.99165491],
        [ 0.02283078,  0.        ,  0.03856906, ..., -0.9894483 ,
         -0.99327084, -0.99433979],
        [-0.01574521, -0.03856906,  0.        , ..., -0.98312396,
         -0.98806492, -0.9895021 ],
        ...,
        [ 0.98588253,  0.9894483 ,  0.98312396, ...,  0.        ,
          0.02931879,  0.03894054],
        [ 0.9903678 ,  0.99327084,  0.98806492, ..., -0.02931879,
          0.        ,  0.00962725],
        [ 0.99165491,  0.99433979,  0.9895021 , ..., -0.03894054,
         -0.00962725,  0.        ]],

       ...,

       [[ 0.        ,  0.03793853,  0.54275672, ...,  0.02403372,
         -0.26010225, -0.30737186],
        [-0.03793853,  0.        ,  0.51050179, ..., -0.01391115,
         -0.29654772, -0.34325248],
        [-0.54275672, -0.51050179,  0.        , ..., -0.52241427,
         -0.74253289, -0.77464013],
        ...,
        [-0.02403372,  0.01391115,  0.52241427, ...,  0.        ,
         -0.28323362, -0.33015331],
        [ 0.26010225,  0.29654772,  0.74253289, ...,  0.28323362,
          0.        , -0.04928189],
        [ 0.30737186,  0.34325248,  0.77464013, ...,  0.33015331,
          0.04928189,  0.        ]],

       [[ 0.        ,  0.0325028 ,  0.11566233, ..., -0.85631562,
         -0.88708597, -0.90695258],
        [-0.0325028 ,  0.        ,  0.08331656, ..., -0.83907702,
         -0.87161384, -0.89278214],
        [-0.11566233, -0.08331656,  0.        , ..., -0.7908344 ,
         -0.82774215, -0.85214489],
        ...,
        [ 0.85631562,  0.83907702,  0.7908344 , ...,  0.        ,
          0.06285916,  0.10769008],
        [ 0.88708597,  0.87161384,  0.82774215, ..., -0.06285916,
          0.        ,  0.04498351],
        [ 0.90695258,  0.89278214,  0.85214489, ..., -0.10769008,
         -0.04498351,  0.        ]],

       [[ 0.        ,  0.00785648,  0.0184487 , ..., -0.86116136,
         -0.85160256, -0.8440253 ],
        [-0.00785648,  0.        ,  0.01059299, ..., -0.86512848,
         -0.85569455, -0.8482127 ],
        [-0.0184487 , -0.01059299,  0.        , ..., -0.87039286,
         -0.86112821, -0.85377575],
        ...,
        [ 0.86116136,  0.86512848,  0.87039286, ...,  0.        ,
          0.01851391,  0.03279893],
        [ 0.85160256,  0.85569455,  0.86112821, ..., -0.01851391,
          0.        ,  0.01428936],
        [ 0.8440253 ,  0.8482127 ,  0.85377575, ..., -0.03279893,
         -0.01428936,  0.        ]]]), 'num': array([7.07106474e-01, 7.07106474e-01, 0.00000000e+00, 0.00000000e+00,
       2.32627782e-04, 2.34164970e-04, 2.28528614e-04, 6.66309505e-04,
       4.61156396e-06, 2.29143489e-04, 2.24634405e-04, 2.43874874e-04,
       5.81225309e-07, 2.33186354e-04, 2.16082455e-04])}
{'img': array([[[ 0.        ,  0.2478334 ,  0.2478334 , ..., -0.95600388,
         -0.96176398, -0.89954647],
        [-0.2478334 ,  0.        ,  0.        , ..., -0.99888203,
         -0.99963603, -0.97974286],
        [-0.2478334 ,  0.        ,  0.        , ..., -0.99888203,
         -0.99963603, -0.97974286],
        ...,
        [ 0.95600388,  0.99888203,  0.99888203, ...,  0.        ,
         -0.02030738,  0.15372089],
        [ 0.96176398,  0.99963603,  0.99963603, ...,  0.02030738,
          0.        ,  0.1737552 ],
        [ 0.89954647,  0.97974286,  0.97974286, ..., -0.15372089,
         -0.1737552 ,  0.        ]],

       [[ 0.        ,  0.61306243,  0.45155993, ...,  0.66757393,
          0.69940414,  0.7933189 ],
        [-0.61306243,  0.        , -0.1902514 , ...,  0.07095476,
          0.11438146,  0.253513  ],
        [-0.45155993,  0.1902514 ,  0.        , ...,  0.25943067,
          0.30129509,  0.43291895],
        ...,
        [-0.66757393, -0.07095476, -0.25943067, ...,  0.        ,
          0.04360409,  0.18423723],
        [-0.69940414, -0.11438146, -0.30129509, ..., -0.04360409,
          0.        ,  0.14120433],
        [-0.7933189 , -0.253513  , -0.43291895, ..., -0.18423723,
         -0.14120433,  0.        ]],

       [[ 0.        ,  0.03856906,  0.00751216, ..., -0.99327084,
         -0.99433979, -0.99916483],
        [-0.03856906,  0.        , -0.0310614 , ..., -0.98806492,
         -0.9895021 , -0.99684541],
        [-0.00751216,  0.0310614 ,  0.        , ..., -0.9923728 ,
         -0.99351359, -0.99882968],
        ...,
        [ 0.99327084,  0.98806492,  0.9923728 , ...,  0.        ,
          0.00962725,  0.07513159],
        [ 0.99433979,  0.9895021 ,  0.99351359, ..., -0.00962725,
          0.        ,  0.06552807],
        [ 0.99916483,  0.99684541,  0.99882968, ..., -0.07513159,
         -0.06552807,  0.        ]],

       ...,

       [[ 0.        ,  0.51050179,  0.59400997, ..., -0.29654772,
         -0.34325248, -0.32322014],
        [-0.51050179,  0.        ,  0.10009824, ..., -0.74253289,
         -0.77464013, -0.76102946],
        [-0.59400997, -0.10009824,  0.        , ..., -0.80585032,
         -0.8340519 , -0.82214269],
        ...,
        [ 0.29654772,  0.74253289,  0.80585032, ...,  0.        ,
         -0.04928189, -0.02805089],
        [ 0.34325248,  0.77464013,  0.8340519 , ...,  0.04928189,
          0.        ,  0.02124569],
        [ 0.32322014,  0.76102946,  0.82214269, ...,  0.02805089,
         -0.02124569,  0.        ]],

       [[ 0.        ,  0.08331656,  0.16316258, ..., -0.87161384,
         -0.89278214, -0.93825094],
        [-0.08331656,  0.        ,  0.08039523, ..., -0.82774215,
         -0.85214489, -0.90616495],
        [-0.16316258, -0.08039523,  0.        , ..., -0.77995234,
         -0.80731525, -0.86923064],
        ...,
        [ 0.87161384,  0.82774215,  0.77995234, ...,  0.        ,
          0.04498351,  0.15838461],
        [ 0.89278214,  0.85214489,  0.80731525, ..., -0.04498351,
          0.        ,  0.11380857],
        [ 0.93825094,  0.90616495,  0.86923064, ..., -0.15838461,
         -0.11380857,  0.        ]],

       [[ 0.        ,  0.01059299,  0.02773206, ..., -0.85569455,
         -0.8482127 , -0.85009698],
        [-0.01059299,  0.        ,  0.01714159, ..., -0.86112821,
         -0.85377575, -0.85562783],
        [-0.02773206, -0.01714159,  0.        , ..., -0.86971626,
         -0.86257492, -0.86437445],
        ...,
        [ 0.85569455,  0.86112821,  0.86971626, ...,  0.        ,
          0.01428936,  0.0107219 ],
        [ 0.8482127 ,  0.85377575,  0.86257492, ..., -0.01428936,
          0.        , -0.00356773],
        [ 0.85009698,  0.85562783,  0.86437445, ..., -0.0107219 ,
          0.00356773,  0.        ]]]), 'num': array([7.07106069e-01, 7.07106069e-01, 0.00000000e+00, 0.00000000e+00,
       2.36726815e-04, 2.40825980e-04, 2.33652440e-04, 1.25655823e-03,
       4.09916562e-06, 2.31090462e-04, 2.25659067e-04, 2.43413578e-04,
       6.00234966e-07, 2.34827372e-04, 2.16490763e-04])}
{'img': array([[[ 0.        ,  0.        ,  0.58148193, ..., -0.99963603,
         -0.97974286, -0.9407627 ],
        [ 0.        ,  0.        ,  0.58148193, ..., -0.99963603,
         -0.97974286, -0.9407627 ],
        [-0.58148193, -0.58148193,  0.        , ..., -0.82895046,
         -0.9135263 , -0.96252684],
        ...,
        [ 0.99963603,  0.99963603,  0.82895046, ...,  0.        ,
          0.1737552 ,  0.31356234],
        [ 0.97974286,  0.97974286,  0.9135263 , ..., -0.1737552 ,
          0.        ,  0.14380039],
        [ 0.9407627 ,  0.9407627 ,  0.96252684, ..., -0.31356234,
         -0.14380039,  0.        ]],

       [[ 0.        , -0.21804848,  0.93969464, ...,  0.12383502,
          0.27074183,  0.85427501],
        [ 0.21804848,  0.        ,  0.99165941, ...,  0.33722542,
          0.47413203,  0.94706565],
        [-0.93969464, -0.99165941,  0.        , ..., -0.89010826,
         -0.81200126, -0.19629879],
        ...,
        [-0.12383502, -0.33722542,  0.89010826, ...,  0.        ,
          0.14944785,  0.78332742],
        [-0.27074183, -0.47413203,  0.81200126, ..., -0.14944785,
          0.        ,  0.68163217],
        [-0.85427501, -0.94706565,  0.19629879, ..., -0.78332742,
         -0.68163217,  0.        ]],

       [[ 0.        , -0.0310614 ,  0.13704401, ..., -0.9895021 ,
         -0.99684541, -0.99998585],
        [ 0.0310614 ,  0.        ,  0.16774622, ..., -0.99351359,
         -0.99882968, -0.99933813],
        [-0.13704401, -0.16774622,  0.        , ..., -0.96036071,
         -0.97656326, -0.99127988],
        ...,
        [ 0.9895021 ,  0.99351359,  0.96036071, ...,  0.        ,
          0.06552807,  0.14977956],
        [ 0.99684541,  0.99882968,  0.97656326, ..., -0.06552807,
          0.        ,  0.08466876],
        [ 0.99998585,  0.99933813,  0.99127988, ..., -0.14977956,
         -0.08466876,  0.        ]],

       ...,

       [[ 0.        ,  0.10009824,  0.39666526, ..., -0.77464013,
         -0.76102946, -0.7201375 ],
        [-0.10009824,  0.        ,  0.30278652, ..., -0.8340519 ,
         -0.82214269, -0.78597195],
        [-0.39666526, -0.30278652,  0.        , ..., -0.96194325,
         -0.95592076, -0.93627862],
        ...,
        [ 0.77464013,  0.8340519 ,  0.96194325, ...,  0.        ,
          0.02124569,  0.08205301],
        [ 0.76102946,  0.82214269,  0.95592076, ..., -0.02124569,
          0.        ,  0.06086045],
        [ 0.7201375 ,  0.78597195,  0.93627862, ..., -0.08205301,
         -0.06086045,  0.        ]],

       [[ 0.        ,  0.08039523,  0.24905604, ..., -0.85214489,
         -0.90616495, -0.95042146],
        [-0.08039523,  0.        ,  0.17038796, ..., -0.80731525,
         -0.86923064, -0.92234492],
        [-0.24905604, -0.17038796,  0.        , ..., -0.69496051,
         -0.77227896, -0.84302515],
        ...,
        [ 0.85214489,  0.80731525,  0.69496051, ...,  0.        ,
          0.11380857,  0.23237418],
        [ 0.90616495,  0.86923064,  0.77227896, ..., -0.11380857,
          0.        ,  0.12017115],
        [ 0.95042146,  0.92234492,  0.84302515, ..., -0.23237418,
         -0.12017115,  0.        ]],

       [[ 0.        ,  0.01714159,  0.04112215, ..., -0.85377575,
         -0.85562783, -0.8479106 ],
        [-0.01714159,  0.        ,  0.02398902, ..., -0.86257492,
         -0.86437445, -0.85687345],
        [-0.04112215, -0.02398902,  0.        , ..., -0.87446344,
         -0.87618855, -0.86899384],
        ...,
        [ 0.85377575,  0.86257492,  0.87446344, ...,  0.        ,
         -0.00356773,  0.01116307],
        [ 0.85562783,  0.86437445,  0.87618855, ...,  0.00356773,
          0.        ,  0.01473051],
        [ 0.8479106 ,  0.85687345,  0.86899384, ..., -0.01116307,
         -0.01473051,  0.        ]]]), 'num': array([7.07105555e-01, 7.07105555e-01, 0.00000000e+00, 0.00000000e+00,
       2.39801014e-04, 2.45949758e-04, 2.37239038e-04, 1.73974611e-03,
       3.07437198e-06, 2.33139875e-04, 2.26632454e-04, 2.42918086e-04,
       7.64526365e-07, 2.37336980e-04, 2.15927928e-04])}
{'img': array([[[ 0.        ,  0.58148193,  0.        , ..., -0.97974286,
         -0.9407627 , -0.90034472],
        [-0.58148193,  0.        , -0.58148193, ..., -0.9135263 ,
         -0.96252684, -0.98553164],
        [ 0.        ,  0.58148193,  0.        , ..., -0.97974286,
         -0.9407627 , -0.90034472],
        ...,
        [ 0.97974286,  0.9135263 ,  0.97974286, ...,  0.        ,
          0.14380039,  0.24605926],
        [ 0.9407627 ,  0.96252684,  0.9407627 , ..., -0.14380039,
          0.        ,  0.10412268],
        [ 0.90034472,  0.98553164,  0.90034472, ..., -0.24605926,
         -0.10412268,  0.        ]],

       [[ 0.        ,  0.99165941,  0.36401377, ...,  0.47413203,
          0.94706565,  0.9571955 ],
        [-0.99165941,  0.        , -0.87670891, ..., -0.81200126,
         -0.19629879,  0.41039719],
        [-0.36401377,  0.87670891,  0.        , ...,  0.12110624,
          0.76522788,  0.99688667],
        ...,
        [-0.47413203,  0.81200126, -0.12110624, ...,  0.        ,
          0.68163217,  0.98000018],
        [-0.94706565,  0.19629879, -0.76522788, ..., -0.68163217,
          0.        ,  0.58141877],
        [-0.9571955 , -0.41039719, -0.99688667, ..., -0.98000018,
         -0.58141877,  0.        ]],

       [[ 0.        ,  0.16774622,  0.26488516, ..., -0.99882968,
         -0.99933813, -0.99261425],
        [-0.16774622,  0.        ,  0.09937747, ..., -0.97656326,
         -0.99127988, -0.99889899],
        [-0.26488516, -0.09937747,  0.        , ..., -0.95034001,
         -0.97327755, -0.98929216],
        ...,
        [ 0.99882968,  0.97656326,  0.95034001, ...,  0.        ,
          0.08466876,  0.16918023],
        [ 0.99933813,  0.99127988,  0.97327755, ..., -0.08466876,
          0.        ,  0.08512446],
        [ 0.99261425,  0.99889899,  0.98929216, ..., -0.16918023,
         -0.08512446,  0.        ]],

       ...,

       [[ 0.        ,  0.30278652, -0.76912013, ..., -0.82214269,
         -0.78597195, -0.24588157],
        [-0.30278652,  0.        , -0.92652855, ..., -0.95592076,
         -0.93627862, -0.52783043],
        [ 0.76912013,  0.92652855,  0.        , ..., -0.08758904,
         -0.02680013,  0.5883641 ],
        ...,
        [ 0.82214269,  0.95592076,  0.08758904, ...,  0.        ,
          0.06086045,  0.65692699],
        [ 0.78597195,  0.93627862,  0.02680013, ..., -0.06086045,
          0.        ,  0.60982325],
        [ 0.24588157,  0.52783043, -0.5883641 , ..., -0.65692699,
         -0.60982325,  0.        ]],

       [[ 0.        ,  0.17038796,  0.22014818, ..., -0.86923064,
         -0.92234492, -0.97086168],
        [-0.17038796,  0.        ,  0.05072123, ..., -0.77227896,
         -0.84302515, -0.91583297],
        [-0.22014818, -0.05072123,  0.        , ..., -0.73906256,
         -0.81465842, -0.89428656],
        ...,
        [ 0.86923064,  0.77227896,  0.73906256, ...,  0.        ,
          0.12017115,  0.27169773],
        [ 0.92234492,  0.84302515,  0.81465842, ..., -0.12017115,
          0.        ,  0.15407816],
        [ 0.97086168,  0.91583297,  0.89428656, ..., -0.27169773,
         -0.15407816,  0.        ]],

       [[ 0.        ,  0.02398902,  0.07633242, ..., -0.86437445,
         -0.85687345, -0.86717368],
        [-0.02398902,  0.        ,  0.05239143, ..., -0.87618855,
         -0.86899384, -0.8788708 ],
        [-0.07633242, -0.05239143,  0.        , ..., -0.90023623,
         -0.89372487, -0.90265763],
        ...,
        [ 0.86437445,  0.87618855,  0.90023623, ...,  0.        ,
          0.01473051, -0.00559363],
        [ 0.85687345,  0.86899384,  0.89372487, ..., -0.01473051,
          0.        , -0.0203233 ],
        [ 0.86717368,  0.8788708 ,  0.90265763, ...,  0.00559363,
          0.0203233 ,  0.        ]]]), 'num': array([ 7.07106568e-01,  7.07106568e-01,  0.00000000e+00,  0.00000000e+00,
        2.38264170e-04,  2.40826150e-04,  2.37239378e-04,  4.01933720e-04,
       -1.53718819e-06,  2.35087314e-04,  2.27683191e-04,  2.42397498e-04,
        7.76858549e-07,  2.38621497e-04,  2.16744885e-04])}
{'img': array([[[ 0.        , -0.58148193, -0.60449337, ..., -0.96252684,
         -0.98553164, -0.97542336],
        [ 0.58148193,  0.        , -0.0285768 , ..., -0.9407627 ,
         -0.90034472, -0.9216879 ],
        [ 0.60449337,  0.0285768 ,  0.        , ..., -0.93068907,
         -0.88754103, -0.91022562],
        ...,
        [ 0.96252684,  0.9407627 ,  0.93068907, ...,  0.        ,
          0.10412268,  0.0524394 ],
        [ 0.98553164,  0.90034472,  0.88754103, ..., -0.10412268,
          0.        , -0.05182505],
        [ 0.97542336,  0.9216879 ,  0.91022562, ..., -0.0524394 ,
          0.05182505,  0.        ]],

       [[ 0.        , -0.87670891, -0.93715869, ..., -0.19629879,
          0.41039719, -0.99807319],
        [ 0.87670891,  0.        , -0.14490654, ...,  0.76522788,
          0.99688667, -0.42569674],
        [ 0.93715869,  0.14490654,  0.        , ...,  0.85043613,
          0.99779043, -0.29008267],
        ...,
        [ 0.19629879, -0.76522788, -0.85043613, ...,  0.        ,
          0.58141877, -0.96647493],
        [-0.41039719, -0.99688667, -0.99779043, ..., -0.58141877,
          0.        , -0.93561398],
        [ 0.99807319,  0.42569674,  0.29008267, ...,  0.96647493,
          0.93561398,  0.        ]],

       [[ 0.        ,  0.09937747,  0.35500105, ..., -0.99127988,
         -0.99889899, -0.99951349],
        [-0.09937747,  0.        ,  0.26033912, ..., -0.97327755,
         -0.98929216, -0.99766523],
        [-0.35500105, -0.26033912,  0.        , ..., -0.87993409,
         -0.91718248, -0.94548333],
        ...,
        [ 0.99127988,  0.97327755,  0.87993409, ...,  0.        ,
          0.08512446,  0.16262657],
        [ 0.99889899,  0.98929216,  0.91718248, ..., -0.08512446,
          0.        ,  0.07804504],
        [ 0.99951349,  0.99766523,  0.94548333, ..., -0.16262657,
         -0.07804504,  0.        ]],

       ...,

       [[ 0.        , -0.92652855, -0.92652855, ..., -0.93627862,
         -0.52783043, -0.4622791 ],
        [ 0.92652855,  0.        ,  0.        , ..., -0.02680013,
          0.5883641 ,  0.64766411],
        [ 0.92652855,  0.        ,  0.        , ..., -0.02680013,
          0.5883641 ,  0.64766411],
        ...,
        [ 0.93627862,  0.02680013,  0.02680013, ...,  0.        ,
          0.60982325,  0.66785119],
        [ 0.52783043, -0.5883641 , -0.5883641 , ..., -0.60982325,
          0.        ,  0.07540879],
        [ 0.4622791 , -0.64766411, -0.64766411, ..., -0.66785119,
         -0.07540879,  0.        ]],

       [[ 0.        ,  0.05072123,  0.11371606, ..., -0.84302515,
         -0.91583297, -0.94193353],
        [-0.05072123,  0.        ,  0.06317748, ..., -0.81465842,
         -0.89428656, -0.92368897],
        [-0.11371606, -0.06317748,  0.        , ..., -0.77639176,
         -0.86422846, -0.8976377 ],
        ...,
        [ 0.84302515,  0.81465842,  0.77639176, ...,  0.        ,
          0.15407816,  0.22355437],
        [ 0.91583297,  0.89428656,  0.86422846, ..., -0.15407816,
          0.        ,  0.07070616],
        [ 0.94193353,  0.92368897,  0.8976377 , ..., -0.22355437,
         -0.07070616,  0.        ]],

       [[ 0.        ,  0.05239143,  0.09172214, ..., -0.86899384,
         -0.8788708 , -0.86445351],
        [-0.05239143,  0.        ,  0.03942559, ..., -0.89372487,
         -0.90265763, -0.88960413],
        [-0.09172214, -0.03942559,  0.        , ..., -0.91071694,
         -0.91892299, -0.90691942],
        ...,
        [ 0.86899384,  0.89372487,  0.91071694, ...,  0.        ,
         -0.0203233 ,  0.0091029 ],
        [ 0.8788708 ,  0.90265763,  0.91892299, ...,  0.0203233 ,
          0.        ,  0.02942348],
        [ 0.86445351,  0.88960413,  0.90691942, ..., -0.0091029 ,
         -0.02942348,  0.        ]]]), 'num': array([ 7.22362500e-01,  6.91513548e-01,  1.32969621e-06, -6.35789924e-12,
        2.42905134e-04,  2.45522646e-04,  2.38717114e-04,  9.86163432e-04,
       -5.23502443e-07,  2.42172230e-04,  2.33351214e-04,  2.47014628e-04,
        8.06708683e-07,  2.45186885e-04,  2.21515543e-04])}
{'img': array([[[ 0.        , -0.0457323 , -0.28411163, ..., -0.96519857,
         -0.97803863, -0.98169225],
        [ 0.0457323 ,  0.        , -0.23996665, ..., -0.95222888,
         -0.96748364, -0.97195433],
        [ 0.28411163,  0.23996665,  0.        , ..., -0.85112356,
         -0.87851924, -0.88712204],
        ...,
        [ 0.96519857,  0.95222888,  0.85112356, ...,  0.        ,
         -0.05460457, -0.07288515],
        [ 0.97803863,  0.96748364,  0.87851924, ...,  0.05460457,
          0.        , -0.01831707],
        [ 0.98169225,  0.97195433,  0.88712204, ...,  0.07288515,
          0.01831707,  0.        ]],

       [[ 0.        , -0.14490654, -0.33657834, ...,  0.99688667,
         -0.42569674,  0.50020085],
        [ 0.14490654,  0.        , -0.19657384, ...,  0.99779043,
         -0.29008267,  0.62039734],
        [ 0.33657834,  0.19657384,  0.        , ...,  0.96526223,
         -0.0963014 ,  0.76246322],
        ...,
        [-0.99688667, -0.99779043, -0.96526223, ...,  0.        ,
         -0.93561398, -0.82377384],
        [ 0.42569674,  0.29008267,  0.0963014 , ...,  0.93561398,
          0.        ,  0.8212295 ],
        [-0.50020085, -0.62039734, -0.76246322, ...,  0.82377384,
         -0.8212295 ,  0.        ]],

       [[ 0.        ,  0.26033912,  0.01514223, ..., -0.98929216,
         -0.99766523, -0.99997017],
        [-0.26033912,  0.        , -0.24568919, ..., -0.91718248,
         -0.94548333, -0.96749933],
        [-0.01514223,  0.24568919,  0.        , ..., -0.98696875,
         -0.99651672, -0.99997248],
        ...,
        [ 0.98929216,  0.91718248,  0.98696875, ...,  0.        ,
          0.07804504,  0.15358577],
        [ 0.99766523,  0.94548333,  0.99651672, ..., -0.07804504,
          0.        ,  0.07599825],
        [ 0.99997017,  0.96749933,  0.99997248, ..., -0.15358577,
         -0.07599825,  0.        ]],

       ...,

       [[ 0.        ,  0.        , -0.22116516, ...,  0.66444667,
          0.74636436,  0.90302526],
        [ 0.        ,  0.        , -0.22116516, ...,  0.66444667,
          0.74636436,  0.90302526],
        [ 0.22116516,  0.22116516,  0.        , ...,  0.81327717,
          0.87507538,  0.97567285],
        ...,
        [-0.66444667, -0.66444667, -0.81327717, ...,  0.        ,
          0.1155705 ,  0.38942505],
        [-0.74636436, -0.74636436, -0.87507538, ..., -0.1155705 ,
          0.        ,  0.28036848],
        [-0.90302526, -0.90302526, -0.97567285, ..., -0.38942505,
         -0.28036848,  0.        ]],

       [[ 0.        ,  0.06317748,  0.0214953 , ..., -0.89428656,
         -0.92368897, -0.94851302],
        [-0.06317748,  0.        , -0.04171053, ..., -0.86422846,
         -0.8976377 , -0.92660746],
        [-0.0214953 ,  0.04171053,  0.        , ..., -0.88446091,
         -0.91523977, -0.94148548],
        ...,
        [ 0.89428656,  0.86422846,  0.88446091, ...,  0.        ,
          0.07070616,  0.14119991],
        [ 0.92368897,  0.8976377 ,  0.91523977, ..., -0.07070616,
          0.        ,  0.07084875],
        [ 0.94851302,  0.92660746,  0.94148548, ..., -0.14119991,
         -0.07084875,  0.        ]],

       [[ 0.        ,  0.03942559,  0.09848872, ..., -0.90265763,
         -0.88960413, -0.88844095],
        [-0.03942559,  0.        ,  0.05917824, ..., -0.91892299,
         -0.90691942, -0.90584619],
        [-0.09848872, -0.05917824,  0.        , ..., -0.9406546 ,
         -0.93026202, -0.92932693],
        ...,
        [ 0.90265763,  0.91892299,  0.9406546 , ...,  0.        ,
          0.02942348,  0.03196275],
        [ 0.88960413,  0.90691942,  0.93026202, ..., -0.02942348,
          0.        ,  0.00254046],
        [ 0.88844095,  0.90584619,  0.92932693, ..., -0.03196275,
         -0.00254046,  0.        ]]]), 'num': array([ 7.12453946e-01,  7.01718433e-01,  4.64740813e-07, -1.48058490e-10,
        2.38566951e-04,  2.39083329e-04,  2.36501436e-04,  4.12297394e-04,
       -1.03275736e-06,  2.39702984e-04,  2.30821270e-04,  2.43102477e-04,
        7.57355399e-07,  2.42847463e-04,  2.18795078e-04])}
{'img': array([[[ 0.        , -0.23996665,  0.        , ..., -0.96748364,
         -0.97195433, -0.9799561 ],
        [ 0.23996665,  0.        ,  0.23996665, ..., -0.87851924,
         -0.88712204, -0.90351829],
        [ 0.        , -0.23996665,  0.        , ..., -0.96748364,
         -0.97195433, -0.9799561 ],
        ...,
        [ 0.96748364,  0.87851924,  0.96748364, ...,  0.        ,
         -0.01831707, -0.05512797],
        [ 0.97195433,  0.88712204,  0.97195433, ...,  0.01831707,
          0.        , -0.03682951],
        [ 0.9799561 ,  0.90351829,  0.9799561 , ...,  0.05512797,
          0.03682951,  0.        ]],

       [[ 0.        , -0.19657384, -0.06336762, ..., -0.29008267,
          0.62039734, -0.26499576],
        [ 0.19657384,  0.        ,  0.13404752, ..., -0.0963014 ,
          0.76246322, -0.07027919],
        [ 0.06336762, -0.13404752,  0.        , ..., -0.22885676,
          0.66884894, -0.20336098],
        ...,
        [ 0.29008267,  0.0963014 ,  0.22885676, ...,  0.        ,
          0.8212295 ,  0.02611073],
        [-0.62039734, -0.76246322, -0.66884894, ..., -0.8212295 ,
          0.        , -0.80605078],
        [ 0.26499576,  0.07027919,  0.20336098, ..., -0.02611073,
          0.80605078,  0.        ]],

       [[ 0.        , -0.24568919, -0.26033912, ..., -0.94548333,
         -0.96749933, -0.97499604],
        [ 0.24568919,  0.        , -0.01514223, ..., -0.99651672,
         -0.99997248, -0.9997087 ],
        [ 0.26033912,  0.01514223,  0.        , ..., -0.99766523,
         -0.99997017, -0.99922863],
        ...,
        [ 0.94548333,  0.99651672,  0.99766523, ...,  0.        ,
          0.07599825,  0.10742004],
        [ 0.96749933,  0.99997248,  0.99997017, ..., -0.07599825,
          0.        ,  0.03155087],
        [ 0.97499604,  0.9997087 ,  0.99922863, ..., -0.10742004,
         -0.03155087,  0.        ]],

       ...,

       [[ 0.        , -0.22116516, -0.09765602, ...,  0.74636436,
          0.90302526,  0.59074792],
        [ 0.22116516,  0.        ,  0.12487034, ...,  0.87507538,
          0.97567285,  0.75456733],
        [ 0.09765602, -0.12487034,  0.        , ...,  0.80779065,
          0.94066081,  0.66671864],
        ...,
        [-0.74636436, -0.87507538, -0.80779065, ...,  0.        ,
          0.28036848, -0.20904376],
        [-0.90302526, -0.97567285, -0.94066081, ..., -0.28036848,
          0.        , -0.47483362],
        [-0.59074792, -0.75456733, -0.66671864, ...,  0.20904376,
          0.47483362,  0.        ]],

       [[ 0.        , -0.04171053, -0.13181545, ..., -0.8976377 ,
         -0.92660746, -0.94400531],
        [ 0.04171053,  0.        , -0.09035416, ..., -0.91523977,
         -0.94148548, -0.95694535],
        [ 0.13181545,  0.09035416,  0.        , ..., -0.94790072,
         -0.96808871, -0.97925809],
        ...,
        [ 0.8976377 ,  0.91523977,  0.94790072, ...,  0.        ,
