state_0,state_1,state_2,state_3,state_4,state_5,state_6,state_7,state_8,state_9,state_10,state_11,state_12,state_13,state_14,state_15,state_16,state_17,state_18,state_19,state_20,state_21,state_22,state_23,state_24,state_25,state_26,state_27,state_28,state_29,state_30,state_31,state_32,state_33,state_34,state_35,state_36,state_37,state_38,state_39,state_40,state_41,state_42,state_43,state_44,state_45,state_46,state_47,state_48,state_49,state_50,state_51,state_52,state_53,state_54,state_55,state_56,state_57,state_58,state_59,state_60,state_61,state_62,state_63,state_64,state_65,state_66,state_67,state_68,state_69,state_70,state_71,state_72,state_73,state_74,state_75,state_76,state_77,state_78,state_79,state_80,state_81,state_82,state_83,state_84,state_85,state_86,state_87,state_88,state_89,state_90,state_91,state_92,state_93,state_94,state_95,state_96,state_97,state_98,state_99,state_100,state_101,state_102,state_103,state_104,state_105,state_106,state_107,state_108,state_109,state_110,state_111,state_112,state_113,state_114,state_115,state_116,state_117,state_118,state_119,state_120,state_121,state_122,state_123,state_124,state_125,state_126,state_127,state_128,state_129,state_130,state_131,state_132,state_133,state_134,state_135,state_136,state_137,state_138,state_139,state_140,state_141,state_142,state_143,state_144,state_145,state_146,state_147,state_148,state_149,state_150,state_151,state_152,state_153,state_154,state_155,state_156,state_157,state_158,state_159,state_160,state_161,state_162,state_163,state_164,state_165,state_166,state_167,state_168,state_169,state_170,state_171,state_172,state_173,state_174,state_175,state_176,state_177,state_178,state_179,state_180,state_181,state_182,state_183,state_184,state_185,state_186,state_187,state_188,state_189,state_190,state_191,state_192,state_193,state_194,state_195,state_196,state_197,state_198,state_199,state_200,state_201,state_202,state_203,state_204,state_205,state_206,state_207,state_208,state_209,state_210,state_211,state_212,state_213,state_214,state_215,state_216,state_217,state_218,state_219,state_220,state_221,state_222,state_223,state_224,state_225,state_226,state_227,state_228,state_229,state_230,state_231,state_232,state_233,state_234,state_235,state_236,state_237,state_238,state_239,state_240,state_241,state_242,state_243,state_244,state_245,state_246,state_247,state_248,state_249,state_250,state_251,state_252,state_253,state_254,state_255,state_256,state_257,state_258,state_259,state_260,state_261,state_262,state_263,state_264,state_265,state_266,state_267,state_268,state_269,state_270,state_271,state_272,state_273,state_274,state_275,state_276,state_277,state_278,state_279,state_280,state_281,state_282,state_283,state_284,state_285,state_286,state_287
{'img': array([[[ 0.        ,  0.65887522,  0.92928266, ...,  0.82332682,
          0.58530832,  0.60949125],
        [-0.65887522,  0.        ,  0.45568665, ...,  0.99330566,
          0.97452265,  0.98084269],
        [-0.92928266, -0.45568665,  0.        , ...,  0.83154241,
          0.96966739,  0.961856  ],
        ...,
        [-0.82332682, -0.99330566, -0.83154241, ...,  0.        ,
          0.33536027,  0.3068001 ],
        [-0.58530832, -0.97452265, -0.96966739, ..., -0.33536027,
          0.        , -0.03015388],
        [-0.60949125, -0.98084269, -0.961856  , ..., -0.3068001 ,
          0.03015388,  0.        ]],

       [[ 0.        ,  0.29883578,  0.91320893, ..., -0.67206731,
         -0.37245262, -0.70449471],
        [-0.29883578,  0.        ,  0.99325252, ..., -0.86264181,
         -0.63276814, -0.88438902],
        [-0.91320893, -0.99325252,  0.        , ..., -0.40236032,
         -0.69573331, -0.3610371 ],
        ...,
        [ 0.67206731,  0.86264181,  0.40236032, ...,  0.        ,
          0.34791541, -0.04469896],
        [ 0.37245262,  0.63276814,  0.69573331, ..., -0.34791541,
          0.        , -0.3894741 ],
        [ 0.70449471,  0.88438902,  0.3610371 , ...,  0.04469896,
          0.3894741 ,  0.        ]],

       [[ 0.        ,  0.40069548,  0.63964518, ...,  0.83630166,
          0.7573532 ,  0.68299939],
        [-0.40069548,  0.        ,  0.27804742, ...,  0.98591817,
          0.95555189,  0.91844732],
        [-0.63964518, -0.27804742,  0.        , ...,  0.99353825,
          0.99984671,  0.99221031],
        ...,
        [-0.83630166, -0.98591817, -0.99353825, ...,  0.        ,
          0.13087583,  0.23638279],
        [-0.7573532 , -0.95555189, -0.99984671, ..., -0.13087583,
          0.        ,  0.10718279],
        [-0.68299939, -0.91844732, -0.99221031, ..., -0.23638279,
         -0.10718279,  0.        ]],

       ...,

       [[ 0.        ,  0.583767  ,  0.77236033, ...,  0.96260648,
          0.87105724,  0.81043397],
        [-0.583767  ,  0.        ,  0.25629593, ...,  0.93970523,
          0.99396543,  0.99999677],
        [-0.77236033, -0.25629593,  0.        , ...,  0.82066804,
          0.93265129,  0.96724705],
        ...,
        [-0.96260648, -0.93970523, -0.82066804, ...,  0.        ,
          0.23684196,  0.34437426],
        [-0.87105724, -0.99396543, -0.93265129, ..., -0.23684196,
          0.        ,  0.11222127],
        [-0.81043397, -0.99999677, -0.96724705, ..., -0.34437426,
         -0.11222127,  0.        ]],

       [[ 0.        , -0.29218196, -0.47009225, ..., -0.87955906,
         -0.90660494, -0.92444922],
        [ 0.29218196,  0.        , -0.19169387, ..., -0.98019469,
         -0.99033826, -0.99551929],
        [ 0.47009225,  0.19169387,  0.        , ..., -0.99997909,
         -0.99855492, -0.99518347],
        ...,
        [ 0.87955906,  0.98019469,  0.99997909, ...,  0.        ,
          0.0601966 ,  0.10446301],
        [ 0.90660494,  0.99033826,  0.99855492, ..., -0.0601966 ,
          0.        ,  0.04440632],
        [ 0.92444922,  0.99551929,  0.99518347, ..., -0.10446301,
         -0.04440632,  0.        ]],

       [[ 0.        , -0.19288244, -0.30305059, ...,  0.90857857,
          0.97328875,  0.98844924],
        [ 0.19288244,  0.        , -0.11354783, ...,  0.81094747,
          0.9107294 ,  0.94065624],
        [ 0.30305059,  0.11354783,  0.        , ...,  0.73926371,
          0.85794362,  0.89603888],
        ...,
        [-0.90857857, -0.81094747, -0.73926371, ...,  0.        ,
         -0.19796082, -0.27519191],
        [-0.97328875, -0.9107294 , -0.85794362, ...,  0.19796082,
          0.        , -0.07942843],
        [-0.98844924, -0.94065624, -0.89603888, ...,  0.27519191,
          0.07942843,  0.        ]]]), 'num': array([7.07016983e-01, 7.07016983e-01, 0.00000000e+00, 0.00000000e+00,
       1.40339070e-03, 1.40643163e-03, 1.36385857e-03, 1.55016743e-02,
       2.73683993e-05, 1.34987027e-03, 1.25446099e-03, 1.13302639e-03,
       1.10070590e-06, 1.38430021e-03, 1.12462178e-03])}
{'img': array([[[ 0.        ,  0.82646915,  0.87115812, ...,  0.62068289,
          0.64581239,  0.51690771],
        [-0.82646915,  0.        ,  0.08464787, ...,  0.99743611,
          0.99458676,  0.99850133],
        [-0.87115812, -0.08464787,  0.        , ...,  0.98779861,
          0.98222141,  0.9995502 ],
        ...,
        [-0.62068289, -0.99743611, -0.98779861, ...,  0.        ,
         -0.03246776,  0.12604255],
        [-0.64581239, -0.99458676, -0.98222141, ...,  0.03246776,
          0.        ,  0.15818492],
        [-0.51690771, -0.99850133, -0.9995502 , ..., -0.12604255,
         -0.15818492,  0.        ]],

       [[ 0.        ,  0.99325252, -0.18793068, ..., -0.63276814,
         -0.88438902, -0.91512572],
        [-0.99325252,  0.        , -0.95376041, ..., -0.69573331,
         -0.3610371 , -0.29431959],
        [ 0.18793068,  0.95376041,  0.        , ..., -0.47597117,
         -0.78091449, -0.82305253],
        ...,
        [ 0.63276814,  0.69573331,  0.47597117, ...,  0.        ,
         -0.3894741 , -0.45350742],
        [ 0.88438902,  0.3610371 ,  0.78091449, ...,  0.3894741 ,
          0.        , -0.07057754],
        [ 0.91512572,  0.29431959,  0.82305253, ...,  0.45350742,
          0.07057754,  0.        ]],

       [[ 0.        ,  0.53317083,  0.72730745, ...,  0.77017495,
          0.69539142,  0.58527273],
        [-0.53317083,  0.        ,  0.24938621, ...,  0.99164765,
          0.97145961,  0.92745955],
        [-0.72730745, -0.24938621,  0.        , ...,  0.99248062,
          0.99992114,  0.991407  ],
        ...,
        [-0.77017495, -0.99164765, -0.99248062, ...,  0.        ,
          0.10992834,  0.25117987],
        [-0.69539142, -0.97145961, -0.99992114, ..., -0.10992834,
          0.        ,  0.14325352],
        [-0.58527273, -0.92745955, -0.991407  , ..., -0.25117987,
         -0.14325352,  0.        ]],

       ...,

       [[ 0.        ,  0.29223309,  0.24458791, ...,  0.99976264,
          0.99567983,  0.99117161],
        [-0.29223309,  0.        , -0.04944619, ...,  0.94975328,
          0.97935025,  0.98664991],
        [-0.24458791,  0.04944619,  0.        , ...,  0.96406816,
          0.98814888,  0.99349562],
        ...,
        [-0.99976264, -0.94975328, -0.96406816, ...,  0.        ,
          0.11452367,  0.15414828],
        [-0.99567983, -0.97935025, -0.98814888, ..., -0.11452367,
          0.        ,  0.03997921],
        [-0.99117161, -0.98664991, -0.99349562, ..., -0.15414828,
         -0.03997921,  0.        ]],

       [[ 0.        , -0.38091605, -0.55099908, ..., -0.91249515,
         -0.93002155, -0.94903402],
        [ 0.38091605,  0.        , -0.19158239, ..., -0.9995298 ,
         -0.99989543, -0.99754069],
        [ 0.55099908,  0.19158239,  0.        , ..., -0.98688939,
         -0.97860334, -0.96563483],
        ...,
        [ 0.91249515,  0.9995298 ,  0.98688939, ...,  0.        ,
          0.04511369,  0.10064355],
        [ 0.93002155,  0.99989543,  0.97860334, ..., -0.04511369,
          0.        ,  0.05565646],
        [ 0.94903402,  0.99754069,  0.96563483, ..., -0.10064355,
         -0.05565646,  0.        ]],

       [[ 0.        , -0.11354783, -0.19952128, ...,  0.9107294 ,
          0.94065624,  0.96106225],
        [ 0.11354783,  0.        , -0.0869661 , ...,  0.85794362,
          0.89603888,  0.92346972],
        [ 0.19952128,  0.0869661 ,  0.        , ...,  0.81001481,
          0.8540332 ,  0.88660454],
        ...,
        [-0.9107294 , -0.85794362, -0.81001481, ...,  0.        ,
         -0.07942843, -0.14525853],
        [-0.94065624, -0.89603888, -0.8540332 , ...,  0.07942843,
          0.        , -0.06621361],
        [-0.96106225, -0.92346972, -0.88660454, ...,  0.14525853,
          0.06621361,  0.        ]]]), 'num': array([ 7.47786869e-01,  6.60976615e-01,  1.04213990e-06, -2.93452029e-11,
        1.35641022e-03,  1.49319108e-03,  1.33687010e-03,  6.25284919e-02,
       -1.46550924e-04,  1.44108409e-03,  1.34370914e-03,  1.22076920e-03,
        8.67040098e-07,  1.48283335e-03,  1.20458492e-03])}
{'img': array([[[ 0.00000000e+00,  9.02151180e-02, -2.34784494e-01, ...,
          9.98286319e-01,  9.94716621e-01,  8.62017206e-01],
        [-9.02151180e-02,  0.00000000e+00, -3.21520489e-01, ...,
          9.88936349e-01,  9.99921850e-01,  8.12774010e-01],
        [ 2.34784494e-01,  3.21520489e-01,  0.00000000e+00, ...,
          9.84120925e-01,  9.42809042e-01,  9.56928958e-01],
        ...,
        [-9.98286319e-01, -9.88936349e-01, -9.84120925e-01, ...,
          0.00000000e+00,  1.60692353e-01, -4.55566363e-01],
        [-9.94716621e-01, -9.99921850e-01, -9.42809042e-01, ...,
         -1.60692353e-01,  0.00000000e+00, -5.92694696e-01],
        [-8.62017206e-01, -8.12774010e-01, -9.56928958e-01, ...,
          4.55566363e-01,  5.92694696e-01,  0.00000000e+00]],

       [[ 0.00000000e+00, -9.53760413e-01, -8.78548700e-01, ...,
         -3.61037100e-01, -2.94319590e-01, -7.82850396e-01],
        [ 9.53760413e-01,  0.00000000e+00, -1.91502761e-01, ...,
         -7.80914489e-01, -8.23052531e-01, -3.58139531e-01],
        [ 8.78548700e-01,  1.91502761e-01,  0.00000000e+00, ...,
         -6.46841491e-01, -6.99052621e-01, -1.72711097e-01],
        ...,
        [ 3.61037100e-01,  7.80914489e-01,  6.46841491e-01, ...,
          0.00000000e+00, -7.05775434e-02,  5.05407388e-01],
        [ 2.94319590e-01,  8.23052531e-01,  6.99052621e-01, ...,
          7.05775434e-02,  0.00000000e+00,  5.65047062e-01],
        [ 7.82850396e-01,  3.58139531e-01,  1.72711097e-01, ...,
         -5.05407388e-01, -5.65047062e-01,  0.00000000e+00]],

       [[ 0.00000000e+00,  5.62227674e-01,  7.18855403e-01, ...,
          7.18855403e-01,  6.06535189e-01,  6.24982804e-01],
        [-5.62227674e-01,  0.00000000e+00,  2.03642851e-01, ...,
          9.85318814e-01,  9.48596829e-01,  9.55746415e-01],
        [-7.18855403e-01, -2.03642851e-01,  0.00000000e+00, ...,
          9.99438510e-01,  9.93169540e-01,  9.95629030e-01],
        ...,
        [-7.18855403e-01, -9.85318814e-01, -9.99438510e-01, ...,
          0.00000000e+00,  1.49891986e-01,  1.26703401e-01],
        [-6.06535189e-01, -9.48596829e-01, -9.93169540e-01, ...,
         -1.49891986e-01,  0.00000000e+00, -2.34120000e-02],
        [-6.24982804e-01, -9.55746415e-01, -9.95629030e-01, ...,
         -1.26703401e-01,  2.34120000e-02,  0.00000000e+00]],

       ...,

       [[ 0.00000000e+00, -4.94461860e-02, -8.98150527e-02, ...,
          9.79350250e-01,  9.86649906e-01,  7.33117945e-01],
        [ 4.94461860e-02,  0.00000000e+00, -4.04588427e-02, ...,
          9.88148880e-01,  9.93495616e-01,  7.65849614e-01],
        [ 8.98150527e-02,  4.04588427e-02,  0.00000000e+00, ...,
          9.93550161e-01,  9.97289211e-01,  7.91238375e-01],
        ...,
        [-9.79350250e-01, -9.88148880e-01, -9.93550161e-01, ...,
          0.00000000e+00,  3.99792133e-02, -5.17842454e-01],
        [-9.86649906e-01, -9.93495616e-01, -9.97289211e-01, ...,
         -3.99792133e-02,  0.00000000e+00, -5.51629702e-01],
        [-7.33117945e-01, -7.65849614e-01, -7.91238375e-01, ...,
          5.17842454e-01,  5.51629702e-01,  0.00000000e+00]],

       [[ 0.00000000e+00, -4.22491908e-01, -5.92050510e-01, ...,
         -9.39434298e-01, -9.57525746e-01, -9.57700613e-01],
        [ 4.22491908e-01,  0.00000000e+00, -1.96128273e-01, ...,
         -9.96272210e-01, -9.89694053e-01, -9.89606941e-01],
        [ 5.92050510e-01,  1.96128273e-01,  0.00000000e+00, ...,
         -9.60003815e-01, -9.42387274e-01, -9.42184026e-01],
        ...,
        [ 9.39434298e-01,  9.96272210e-01,  9.60003815e-01, ...,
          0.00000000e+00,  5.72880877e-02,  5.78941362e-02],
        [ 9.57525746e-01,  9.89694053e-01,  9.42387274e-01, ...,
         -5.72880877e-02,  0.00000000e+00,  6.07056042e-04],
        [ 9.57700613e-01,  9.89606941e-01,  9.42184026e-01, ...,
         -5.78941362e-02, -6.07056042e-04,  0.00000000e+00]],

       [[ 0.00000000e+00, -8.69661028e-02, -2.00033645e-01, ...,
          8.96038877e-01,  9.23469720e-01,  9.23121530e-01],
        [ 8.69661028e-02,  0.00000000e+00, -1.14067338e-01, ...,
          8.54033202e-01,  8.86604545e-01,  8.86184884e-01],
        [ 2.00033645e-01,  1.14067338e-01,  0.00000000e+00, ...,
          7.89119005e-01,  8.28058329e-01,  8.27549749e-01],
        ...,
        [-8.96038877e-01, -8.54033202e-01, -7.89119005e-01, ...,
          0.00000000e+00, -6.62136077e-02, -6.53090372e-02],
        [-9.23469720e-01, -8.86604545e-01, -8.28058329e-01, ...,
          6.62136077e-02,  0.00000000e+00,  9.06532677e-04],
        [-9.23121530e-01, -8.86184884e-01, -8.27549749e-01, ...,
          6.53090372e-02, -9.06532677e-04,  0.00000000e+00]]]), 'num': array([ 7.24939542e-01,  6.88494352e-01,  4.42295991e-07, -1.97627157e-08,
        1.30161392e-03,  1.33794537e-03,  1.28107875e-03,  2.06052749e-02,
       -1.42166569e-05,  1.38817756e-03,  1.30493114e-03,  1.18890742e-03,
        7.81367058e-07,  1.43918246e-03,  1.17067981e-03])}
{'img': array([[[ 0.00000000e+00, -3.21520489e-01, -3.45713371e-01, ...,
          9.99921850e-01,  8.12774010e-01,  7.82093456e-01],
        [ 3.21520489e-01,  0.00000000e+00, -2.56613085e-02, ...,
          9.42809042e-01,  9.56928958e-01,  9.40925424e-01],
        [ 3.45713371e-01,  2.56613085e-02,  0.00000000e+00, ...,
          9.33944800e-01,  9.64063883e-01,  9.49304846e-01],
        ...,
        [-9.99921850e-01, -9.42809042e-01, -9.33944800e-01, ...,
          0.00000000e+00, -5.92694696e-01, -6.32890018e-01],
        [-8.12774010e-01, -9.56928958e-01, -9.64063883e-01, ...,
          5.92694696e-01,  0.00000000e+00, -5.08578888e-02],
        [-7.82093456e-01, -9.40925424e-01, -9.49304846e-01, ...,
          6.32890018e-01,  5.08578888e-02,  0.00000000e+00]],

       [[ 0.00000000e+00, -2.55721546e-01, -1.37655085e-01, ...,
         -9.39921978e-01, -4.63855579e-01, -8.92460542e-01],
        [ 2.55721546e-01,  0.00000000e+00,  1.20209015e-01, ...,
         -8.21369416e-01, -2.21886116e-01, -7.47424158e-01],
        [ 1.37655085e-01, -1.20209015e-01,  0.00000000e+00, ...,
         -8.83980156e-01, -3.37489647e-01, -8.21864806e-01],
        ...,
        [ 9.39921978e-01,  8.21369416e-01,  8.83980156e-01, ...,
          0.00000000e+00,  6.74331716e-01,  1.19346227e-01],
        [ 4.63855579e-01,  2.21886116e-01,  3.37489647e-01, ...,
         -6.74331716e-01,  0.00000000e+00, -5.81383400e-01],
        [ 8.92460542e-01,  7.47424158e-01,  8.21864806e-01, ...,
         -1.19346227e-01,  5.81383400e-01,  0.00000000e+00]],

       [[ 0.00000000e+00,  5.17483230e-01,  6.75547141e-01, ...,
          6.31165421e-01,  6.50081240e-01,  6.88837860e-01],
        [-5.17483230e-01,  0.00000000e+00,  1.96512116e-01, ...,
          9.41469015e-01,  9.49487439e-01,  9.64565561e-01],
        [-6.75547141e-01, -1.96512116e-01,  0.00000000e+00, ...,
          9.89355826e-01,  9.92640252e-01,  9.97606282e-01],
        ...,
        [-6.31165421e-01, -9.41469015e-01, -9.89355826e-01, ...,
          0.00000000e+00, -2.46340469e-02, -7.67543202e-02],
        [-6.50081240e-01, -9.49487439e-01, -9.92640252e-01, ...,
          2.46340469e-02,  0.00000000e+00, -5.21696507e-02],
        [-6.88837860e-01, -9.64565561e-01, -9.97606282e-01, ...,
          7.67543202e-02,  5.21696507e-02,  0.00000000e+00]],

       ...,

       [[ 0.00000000e+00, -4.04588427e-02,  1.25514093e-02, ...,
          9.93495616e-01,  7.65849614e-01,  6.93061490e-01],
        [ 4.04588427e-02,  0.00000000e+00,  5.29967880e-02, ...,
          9.97289211e-01,  7.91238375e-01,  7.21659924e-01],
        [-1.25514093e-02, -5.29967880e-02,  0.00000000e+00, ...,
          9.91988123e-01,  7.57718483e-01,  6.83958856e-01],
        ...,
        [-9.93495616e-01, -9.97289211e-01, -9.91988123e-01, ...,
          0.00000000e+00, -5.51629702e-01, -6.37270434e-01],
        [-7.65849614e-01, -7.91238375e-01, -7.57718483e-01, ...,
          5.51629702e-01,  0.00000000e+00, -1.06432289e-01],
        [-6.93061490e-01, -7.21659924e-01, -6.83958856e-01, ...,
          6.37270434e-01,  1.06432289e-01,  0.00000000e+00]],

       [[ 0.00000000e+00, -4.46868467e-01, -6.46835372e-01, ...,
         -9.67363106e-01, -9.67522654e-01, -9.67889747e-01],
        [ 4.46868467e-01,  0.00000000e+00, -2.37863564e-01, ...,
         -9.78636596e-01, -9.78506792e-01, -9.78205453e-01],
        [ 6.46835372e-01,  2.37863564e-01,  0.00000000e+00, ...,
         -9.01644131e-01, -9.01371317e-01, -9.00739734e-01],
        ...,
        [ 9.67363106e-01,  9.78636596e-01,  9.01644131e-01, ...,
          0.00000000e+00,  6.30401326e-04,  2.08665697e-03],
        [ 9.67522654e-01,  9.78506792e-01,  9.01371317e-01, ...,
         -6.30401326e-04,  0.00000000e+00,  1.45625660e-03],
        [ 9.67889747e-01,  9.78205453e-01,  9.00739734e-01, ...,
         -2.08665697e-03, -1.45625660e-03,  0.00000000e+00]],

       [[ 0.00000000e+00, -1.14067338e-01, -1.88551726e-01, ...,
          8.86604545e-01,  8.86184884e-01,  8.80670881e-01],
        [ 1.14067338e-01,  0.00000000e+00, -7.52997108e-02, ...,
          8.28058329e-01,  8.27549749e-01,  8.20885799e-01],
        [ 1.88551726e-01,  7.52997108e-02,  0.00000000e+00, ...,
          7.83491250e-01,  7.82927606e-01,  7.75552169e-01],
        ...,
        [-8.86604545e-01, -8.28058329e-01, -7.83491250e-01, ...,
          0.00000000e+00,  9.06532677e-04,  1.26747807e-02],
        [-8.86184884e-01, -8.27549749e-01, -7.82927606e-01, ...,
         -9.06532677e-04,  0.00000000e+00,  1.17683156e-02],
        [-8.80670881e-01, -8.20885799e-01, -7.75552169e-01, ...,
         -1.26747807e-02, -1.17683156e-02,  0.00000000e+00]]]), 'num': array([ 7.20285788e-01,  6.93392586e-01,  3.13440577e-07, -2.04930146e-08,
        1.34466008e-03,  1.34622728e-03,  1.26629993e-03,  1.95325981e-02,
        5.32848981e-05,  1.36127243e-03,  1.29921119e-03,  1.18470090e-03,
        8.80044697e-07,  1.43271627e-03,  1.16570611e-03])}
{'img': array([[[ 0.        , -0.02566131, -0.62853936, ...,  0.95692896,
          0.94092542,  0.9892316 ],
        [ 0.02566131,  0.        , -0.60837358, ...,  0.96406388,
          0.94930485,  0.99266159],
        [ 0.62853936,  0.60837358,  0.        , ...,  0.926757  ,
          0.94466303,  0.86139451],
        ...,
        [-0.95692896, -0.96406388, -0.926757  , ...,  0.        ,
         -0.05085789,  0.14714107],
        [-0.94092542, -0.94930485, -0.94466303, ...,  0.05085789,
          0.        ,  0.19725498],
        [-0.9892316 , -0.99266159, -0.86139451, ..., -0.14714107,
         -0.19725498,  0.        ]],

       [[ 0.        ,  0.12020902, -0.24052277, ..., -0.22188612,
         -0.74742416, -0.76185991],
        [-0.12020902,  0.        , -0.35545874, ..., -0.33748965,
         -0.82186481, -0.83419977],
        [ 0.24052277,  0.35545874,  0.        , ...,  0.01915484,
         -0.56569179, -0.58369771],
        ...,
        [ 0.22188612,  0.33748965, -0.01915484, ...,  0.        ,
         -0.5813834 , -0.5991438 ],
        [ 0.74742416,  0.82186481,  0.56569179, ...,  0.5813834 ,
          0.        , -0.02200156],
        [ 0.76185991,  0.83419977,  0.58369771, ...,  0.5991438 ,
          0.02200156,  0.        ]],

       [[ 0.        ,  0.25621466,  0.27712142, ...,  0.88705512,
          0.91044631,  0.9413126 ],
        [-0.25621466,  0.        ,  0.02169109, ...,  0.9757301 ,
          0.9860329 ,  0.99637318],
        [-0.27712142, -0.02169109,  0.        , ...,  0.98025038,
          0.98941357,  0.99798447],
        ...,
        [-0.88705512, -0.9757301 , -0.98025038, ...,  0.        ,
         -0.05340967, -0.1351566 ],
        [-0.91044631, -0.9860329 , -0.98941357, ...,  0.05340967,
          0.        , -0.08204409],
        [-0.9413126 , -0.99637318, -0.99798447, ...,  0.1351566 ,
          0.08204409,  0.        ]],

       ...,

       [[ 0.        ,  0.05299679,  0.04170656, ...,  0.79123837,
          0.72165992,  0.83889773],
        [-0.05299679,  0.        , -0.01130273, ...,  0.75771848,
          0.68395886,  0.80887324],
        [-0.04170656,  0.01130273,  0.        , ...,  0.76504603,
          0.69216074,  0.81546739],
        ...,
        [-0.79123837, -0.75771848, -0.76504603, ...,  0.        ,
         -0.10643229,  0.08233014],
        [-0.72165992, -0.68395886, -0.69216074, ...,  0.10643229,
          0.        ,  0.18793346],
        [-0.83889773, -0.80887324, -0.81546739, ..., -0.08233014,
         -0.18793346,  0.        ]],

       [[ 0.        , -0.50913236, -0.67849197, ..., -0.97743958,
         -0.97775985, -0.97990009],
        [ 0.50913236,  0.        , -0.20995744, ..., -0.94880726,
         -0.94832552, -0.94495473],
        [ 0.67849197,  0.20995744,  0.        , ..., -0.8613426 ,
         -0.86056853, -0.85519388],
        ...,
        [ 0.97743958,  0.94880726,  0.8613426 , ...,  0.        ,
          0.00152171,  0.0119815 ],
        [ 0.97775985,  0.94832552,  0.86056853, ..., -0.00152171,
          0.        ,  0.01045988],
        [ 0.97990009,  0.94495473,  0.85519388, ..., -0.0119815 ,
         -0.01045988,  0.        ]],

       [[ 0.        , -0.07529971, -0.21184465, ...,  0.82754975,
          0.8208858 ,  0.80671381],
        [ 0.07529971,  0.        , -0.13765255, ...,  0.78292761,
          0.77555217,  0.75992572],
        [ 0.21184465,  0.13765255,  0.        , ...,  0.68983917,
          0.68127158,  0.66321615],
        ...,
        [-0.82754975, -0.78292761, -0.68983917, ...,  0.        ,
          0.01176832,  0.03615118],
        [-0.8208858 , -0.77555217, -0.68127158, ..., -0.01176832,
          0.        ,  0.02438805],
        [-0.80671381, -0.75992572, -0.66321615, ..., -0.03615118,
         -0.02438805,  0.        ]]]), 'num': array([ 9.14521651e-01,  4.04273842e-01,  5.95388342e-06, -2.32717255e-08,
        1.70651441e-03,  1.72841833e-03,  1.68461049e-03,  1.38044272e-02,
       -1.99126536e-06,  1.71049694e-03,  1.65723059e-03,  1.51329530e-03,
        1.23537426e-06,  1.82498864e-03,  1.48947254e-03])}
{'img': array([[[ 0.        , -0.60837358, -0.41093343, ...,  0.94930485,
          0.99266159,  0.9919015 ],
        [ 0.60837358,  0.        ,  0.22849548, ...,  0.94466303,
          0.86139451,  0.86449262],
        [ 0.41093343, -0.22849548,  0.        , ...,  0.99462813,
          0.95466749,  0.95647468],
        ...,
        [-0.94930485, -0.94466303, -0.99462813, ...,  0.        ,
          0.19725498,  0.19124045],
        [-0.99266159, -0.86139451, -0.95466749, ..., -0.19725498,
          0.        , -0.00613129],
        [-0.9919015 , -0.86449262, -0.95647468, ..., -0.19124045,
          0.00613129,  0.        ]],

       [[ 0.        , -0.35545874, -0.14704342, ..., -0.82186481,
         -0.83419977, -0.96759841],
        [ 0.35545874,  0.        ,  0.21415461, ..., -0.56569179,
         -0.58369771, -0.8146552 ],
        [ 0.14704342, -0.21415461,  0.        , ..., -0.72916309,
         -0.74404314, -0.91995304],
        ...,
        [ 0.82186481,  0.56569179,  0.72916309, ...,  0.        ,
         -0.02200156, -0.34370787],
        [ 0.83419977,  0.58369771,  0.74404314, ...,  0.02200156,
          0.        , -0.32296352],
        [ 0.96759841,  0.8146552 ,  0.91995304, ...,  0.34370787,
          0.32296352,  0.        ]],

       [[ 0.        ,  0.02169109, -0.12731261, ...,  0.9860329 ,
          0.99637318,  0.99991669],
        [-0.02169109,  0.        , -0.14879723, ...,  0.98941357,
          0.99798447,  0.99996141],
        [ 0.12731261,  0.14879723,  0.        , ...,  0.9568052 ,
          0.97743218,  0.99013672],
        ...,
        [-0.9860329 , -0.98941357, -0.9568052 , ...,  0.        ,
         -0.08204409, -0.15380952],
        [-0.99637318, -0.99798447, -0.97743218, ...,  0.08204409,
          0.        , -0.07222317],
        [-0.99991669, -0.99996141, -0.99013672, ...,  0.15380952,
          0.07222317,  0.        ]],

       ...,

       [[ 0.        , -0.01130273,  0.04987854, ...,  0.68395886,
          0.80887324,  0.89700172],
        [ 0.01130273,  0.        ,  0.06116401, ...,  0.69216074,
          0.81546739,  0.90194054],
        [-0.04987854, -0.06116401,  0.        , ...,  0.64672011,
          0.7785387 ,  0.87383755],
        ...,
        [-0.68395886, -0.69216074, -0.64672011, ...,  0.        ,
          0.18793346,  0.35205291],
        [-0.80887324, -0.81546739, -0.7785387 , ..., -0.18793346,
          0.        ,  0.16987796],
        [-0.89700172, -0.90194054, -0.87383755, ..., -0.35205291,
         -0.16987796,  0.        ]],

       [[ 0.        , -0.50266755, -0.67651389, ..., -0.98860102,
         -0.9902145 , -0.99133652],
        [ 0.50266755,  0.        , -0.21465319, ..., -0.93030676,
         -0.92616957, -0.92301402],
        [ 0.67651389,  0.21465319,  0.        , ..., -0.82989061,
         -0.82363358, -0.81890756],
        ...,
        [ 0.98860102,  0.93030676,  0.82989061, ...,  0.        ,
          0.01112278,  0.01940541],
        [ 0.9902145 ,  0.92616957,  0.82363358, ..., -0.01112278,
          0.        ,  0.00828352],
        [ 0.99133652,  0.92301402,  0.81890756, ..., -0.01940541,
         -0.00828352,  0.        ]],

       [[ 0.        , -0.13765255, -0.39290418, ...,  0.77555217,
          0.75992572,  0.73304816],
        [ 0.13765255,  0.        , -0.26258151, ...,  0.68127158,
          0.66321615,  0.63244191],
        [ 0.39290418,  0.26258151,  0.        , ...,  0.46514789,
          0.44342044,  0.40685172],
        ...,
        [-0.77555217, -0.68127158, -0.46514789, ...,  0.        ,
          0.02438805,  0.06475135],
        [-0.75992572, -0.66321615, -0.44342044, ..., -0.02438805,
          0.        ,  0.04039522],
        [-0.73304816, -0.63244191, -0.40685172, ..., -0.06475135,
         -0.04039522,  0.        ]]]), 'num': array([ 9.99865076e-01,  1.66593767e-03,  1.19975858e-05, -2.77887766e-08,
        1.86579278e-03,  1.90840103e-03,  1.85458008e-03,  1.54729388e-02,
       -5.60634850e-05,  1.88552713e-03,  1.87308103e-03,  1.71247784e-03,
        1.21497812e-06,  2.05157858e-03,  1.69458349e-03])}
{'img': array([[[ 0.        ,  0.22849548,  0.4780973 , ...,  0.86139451,
          0.86449262,  0.92888416],
        [-0.22849548,  0.        ,  0.26476007, ...,  0.95466749,
          0.95647468,  0.98893846],
        [-0.4780973 , -0.26476007,  0.        , ...,  0.9994118 ,
          0.99960328,  0.99291842],
        ...,
        [-0.86139451, -0.95466749, -0.9994118 , ...,  0.        ,
         -0.00613129, -0.15277917],
        [-0.86449262, -0.95647468, -0.99960328, ...,  0.00613129,
          0.        , -0.14671699],
        [-0.92888416, -0.98893846, -0.99291842, ...,  0.15277917,
          0.14671699,  0.        ]],

       [[ 0.        ,  0.21415461, -0.18790072, ..., -0.58369771,
         -0.8146552 , -0.81722327],
        [-0.21415461,  0.        , -0.39388147, ..., -0.74404314,
         -0.91995304, -0.92168535],
        [ 0.18790072,  0.39388147,  0.        , ..., -0.42073096,
         -0.69117239, -0.69437575],
        ...,
        [ 0.58369771,  0.74404314,  0.42073096, ...,  0.        ,
         -0.32296352, -0.32716428],
        [ 0.8146552 ,  0.91995304,  0.69117239, ...,  0.32296352,
          0.        , -0.00444199],
        [ 0.81722327,  0.92168535,  0.69437575, ...,  0.32716428,
          0.00444199,  0.        ]],

       [[ 0.        , -0.14879723, -0.33814041, ...,  0.99798447,
          0.99996141,  0.99072272],
        [ 0.14879723,  0.        , -0.19434371, ...,  0.97743218,
          0.99013672,  0.99991509],
        [ 0.33814041,  0.19434371,  0.        , ...,  0.91774097,
          0.94402984,  0.97831775],
        ...,
        [-0.99798447, -0.97743218, -0.91774097, ...,  0.        ,
         -0.07222317, -0.19849473],
        [-0.99996141, -0.99013672, -0.94402984, ...,  0.07222317,
          0.        , -0.12719029],
        [-0.99072272, -0.99991509, -0.97831775, ...,  0.19849473,
          0.12719029,  0.        ]],

       ...,

       [[ 0.        ,  0.06116401,  0.08187485, ...,  0.81546739,
          0.90194054,  0.7817453 ],
        [-0.06116401,  0.        ,  0.0207629 , ...,  0.7785387 ,
          0.87383755,  0.74213991],
        [-0.08187485, -0.0207629 ,  0.        , ...,  0.76534014,
          0.86355389,  0.7280637 ],
        ...,
        [-0.81546739, -0.7785387 , -0.76534014, ...,  0.        ,
          0.16987796, -0.05604718],
        [-0.90194054, -0.87383755, -0.86355389, ..., -0.16987796,
          0.        , -0.22484347],
        [-0.7817453 , -0.74213991, -0.7280637 , ...,  0.05604718,
          0.22484347,  0.        ]],

       [[ 0.        , -0.50581372, -0.72200258, ..., -0.99703017,
         -0.99767111, -0.99722106],
        [ 0.50581372,  0.        , -0.27286263, ..., -0.89903454,
         -0.89513437, -0.89792829],
        [ 0.72200258,  0.27286263,  0.        , ..., -0.74543842,
         -0.73952551, -0.74375636],
        ...,
        [ 0.99703017,  0.89903454,  0.74543842, ...,  0.        ,
          0.00882701,  0.00251988],
        [ 0.99767111,  0.89513437,  0.73952551, ..., -0.00882701,
          0.        , -0.0063072 ],
        [ 0.99722106,  0.89792829,  0.74375636, ..., -0.00251988,
          0.0063072 ,  0.        ]],

       [[ 0.        , -0.26258151, -0.21399456, ...,  0.66321615,
          0.63244191,  0.5640712 ],
        [ 0.26258151,  0.        ,  0.05001332, ...,  0.44342044,
          0.40685172,  0.32745741],
        [ 0.21399456, -0.05001332,  0.        , ...,  0.48769315,
          0.45202944,  0.3743035 ],
        ...,
        [-0.66321615, -0.44342044, -0.48769315, ...,  0.        ,
          0.04039522,  0.12546829],
        [-0.63244191, -0.40685172, -0.45202944, ..., -0.04039522,
          0.        ,  0.08528988],
        [-0.5640712 , -0.32745741, -0.3743035 , ..., -0.12546829,
         -0.08528988,  0.        ]]]), 'num': array([ 9.99739179e-01,  1.66173999e-03,  1.19673554e-05, -9.20593773e-08,
        1.86556531e-03,  1.92372442e-03,  1.84543331e-03,  2.21615961e-02,
        4.47377771e-06,  1.88122353e-03,  1.87473655e-03,  1.71789336e-03,
        1.15254334e-06,  2.04249964e-03,  1.70697346e-03])}
{'img': array([[[ 0.        ,  0.42861917,  0.42861917, ...,  0.86833477,
          0.93220516,  0.9279703 ],
        [-0.42861917,  0.        ,  0.        , ...,  0.99711358,
          0.99736388,  0.9981342 ],
        [-0.42861917,  0.        ,  0.        , ...,  0.99711358,
          0.99736388,  0.9981342 ],
        ...,
        [-0.86833477, -0.99711358, -0.99711358, ...,  0.        ,
         -0.14807711, -0.13666481],
        [-0.93220516, -0.99736388, -0.99736388, ...,  0.14807711,
          0.        ,  0.01152956],
        [-0.9279703 , -0.9981342 , -0.9981342 , ...,  0.13666481,
         -0.01152956,  0.        ]],

       [[ 0.        , -0.39388147, -0.42626314, ..., -0.91995304,
         -0.92168535, -0.81398821],
        [ 0.39388147,  0.        , -0.03549969, ..., -0.69117239,
         -0.69437575, -0.51938799],
        [ 0.42626314,  0.03549969,  0.        , ..., -0.66508147,
         -0.66839205, -0.48872477],
        ...,
        [ 0.91995304,  0.69117239,  0.66508147, ...,  0.        ,
         -0.00444199,  0.21527697],
        [ 0.92168535,  0.69437575,  0.66839205, ...,  0.00444199,
          0.        ,  0.21961268],
        [ 0.81398821,  0.51938799,  0.48872477, ..., -0.21527697,
         -0.21961268,  0.        ]],

       [[ 0.        , -0.19434371, -0.27851713, ...,  0.99013672,
          0.99991509,  0.99989662],
        [ 0.19434371,  0.        , -0.086553  , ...,  0.94402984,
          0.97831775,  0.97803767],
        [ 0.27851713,  0.086553  ,  0.        , ...,  0.91193676,
          0.9567204 ,  0.95632726],
        ...,
        [-0.99013672, -0.94402984, -0.91193676, ...,  0.        ,
         -0.12719029, -0.12585313],
        [-0.99991509, -0.97831775, -0.9567204 , ...,  0.12719029,
          0.        ,  0.001348  ],
        [-0.99989662, -0.97803767, -0.95632726, ...,  0.12585313,
         -0.001348  ,  0.        ]],

       ...,

       [[ 0.        ,  0.0207629 ,  0.48907266, ...,  0.87383755,
          0.74213991,  0.68987952],
        [-0.0207629 ,  0.        ,  0.47085694, ...,  0.86355389,
          0.7280637 ,  0.67470004],
        [-0.48907266, -0.47085694,  0.        , ...,  0.52440281,
          0.31952788,  0.24769108],
        ...,
        [-0.87383755, -0.86355389, -0.52440281, ...,  0.        ,
         -0.22484347, -0.29716032],
        [-0.74213991, -0.7280637 , -0.31952788, ...,  0.22484347,
          0.        , -0.07486475],
        [-0.68987952, -0.67470004, -0.24769108, ...,  0.29716032,
          0.07486475,  0.        ]],

       [[ 0.        , -0.57712503, -0.8153117 , ..., -0.99999987,
         -0.99998047, -0.99991019],
        [ 0.57712503,  0.        , -0.33166077, ..., -0.81636417,
         -0.82024685, -0.82431701],
        [ 0.8153117 ,  0.33166077,  0.        , ..., -0.57861038,
         -0.58410665, -0.589897  ],
        ...,
        [ 0.99999987,  0.81636417,  0.57861038, ...,  0.        ,
         -0.00675507, -0.01390695],
        [ 0.99998047,  0.82024685,  0.58410665, ...,  0.00675507,
          0.        , -0.00715222],
        [ 0.99991019,  0.82431701,  0.589897  , ...,  0.01390695,
          0.00715222,  0.        ]],

       [[ 0.        ,  0.05001332,  0.29796344, ...,  0.40685172,
          0.32745741,  0.22041944],
        [-0.05001332,  0.        ,  0.24984897, ...,  0.45202944,
          0.3743035 ,  0.26892685],
        [-0.29796344, -0.24984897,  0.        , ...,  0.66055928,
          0.59411891,  0.50104248],
        ...,
        [-0.40685172, -0.45202944, -0.66055928, ...,  0.        ,
          0.08528988,  0.19549338],
        [-0.32745741, -0.3743035 , -0.59411891, ..., -0.08528988,
          0.        ,  0.11113683],
        [-0.22041944, -0.26892685, -0.50104248, ..., -0.19549338,
         -0.11113683,  0.        ]]]), 'num': array([ 9.99736494e-01,  1.62859395e-03,  1.17286475e-05, -8.51785273e-08,
        1.86562224e-03,  1.88973722e-03,  1.81739229e-03,  2.23022753e-02,
        3.72685994e-05,  1.85553780e-03,  1.84205533e-03,  1.69360208e-03,
        1.29448357e-06,  2.00402170e-03,  1.68008897e-03])}
{'img': array([[[ 0.        ,  0.        , -0.07094595, ...,  0.99996134,
          0.9997902 ,  0.99253549],
        [ 0.        ,  0.        , -0.07094595, ...,  0.99996134,
          0.9997902 ,  0.99253549],
        [ 0.07094595,  0.07094595,  0.        , ...,  0.99681776,
          0.99581769,  0.98138217],
        ...,
        [-0.99996134, -0.99996134, -0.99681776, ...,  0.        ,
          0.01169114,  0.11322395],
        [-0.9997902 , -0.9997902 , -0.99581769, ..., -0.01169114,
          0.        ,  0.10160026],
        [-0.99253549, -0.99253549, -0.98138217, ..., -0.11322395,
         -0.10160026,  0.        ]],

       [[ 0.        , -0.03549969, -0.40101237, ..., -0.69437575,
         -0.51938799, -0.50808372],
        [ 0.03549969,  0.        , -0.36823931, ..., -0.66839205,
         -0.48872477, -0.47718732],
        [ 0.40101237,  0.36823931,  0.        , ..., -0.34752506,
         -0.13311661, -0.12004656],
        ...,
        [ 0.69437575,  0.66839205,  0.34752506, ...,  0.        ,
          0.21961268,  0.23244771],
        [ 0.51938799,  0.48872477,  0.13311661, ..., -0.21961268,
          0.        ,  0.01317575],
        [ 0.50808372,  0.47718732,  0.12004656, ..., -0.23244771,
         -0.01317575,  0.        ]],

       [[ 0.        , -0.086553  , -0.29917432, ...,  0.97831775,
          0.97803767,  0.96970703],
        [ 0.086553  ,  0.        , -0.21546285, ...,  0.9567204 ,
          0.95632726,  0.94492558],
        [ 0.29917432,  0.21546285,  0.        , ...,  0.87154742,
          0.87088569,  0.85221339],
        ...,
        [-0.97831775, -0.9567204 , -0.87154742, ...,  0.        ,
          0.001348  ,  0.03813892],
        [-0.97803767, -0.95632726, -0.87088569, ..., -0.001348  ,
          0.        ,  0.03679187],
        [-0.96970703, -0.94492558, -0.85221339, ..., -0.03813892,
         -0.03679187,  0.        ]],

       ...,

       [[ 0.        ,  0.47085694,  0.95335111, ...,  0.7280637 ,
          0.67470004,  0.81610291],
        [-0.47085694,  0.        ,  0.69892088, ...,  0.31952788,
          0.24769108,  0.44786247],
        [-0.95335111, -0.69892088,  0.        , ..., -0.43375525,
         -0.49999344, -0.30459609],
        ...,
        [-0.7280637 , -0.31952788,  0.43375525, ...,  0.        ,
         -0.07486475,  0.13869347],
        [-0.67470004, -0.24769108,  0.49999344, ...,  0.07486475,
          0.        ,  0.21244545],
        [-0.81610291, -0.44786247,  0.30459609, ..., -0.13869347,
         -0.21244545,  0.        ]],

       [[ 0.        , -0.67438098, -0.89370613, ..., -0.99556811,
         -0.99628048, -0.99586734],
        [ 0.67438098,  0.        , -0.35733501, ..., -0.67169012,
         -0.67752602, -0.67408489],
        [ 0.89370613,  0.35733501,  0.        , ..., -0.36261735,
         -0.36997375, -0.36563241],
        ...,
