state_0,state_1,state_2,state_3,state_4,state_5,state_6,state_7,state_8,state_9,state_10,state_11,state_12,state_13,state_14,state_15,state_16,state_17,state_18,state_19,state_20,state_21,state_22,state_23,state_24,state_25,state_26,state_27,state_28,state_29,state_30,state_31,state_32,state_33,state_34,state_35,state_36,state_37,state_38,state_39,state_40,state_41,state_42,state_43,state_44,state_45,state_46,state_47,state_48,state_49,state_50,state_51,state_52,state_53,state_54,state_55,state_56,state_57,state_58,state_59,state_60,state_61,state_62,state_63,state_64,state_65,state_66,state_67,state_68,state_69,state_70,state_71,state_72,state_73,state_74,state_75,state_76,state_77,state_78,state_79,state_80,state_81,state_82,state_83,state_84,state_85,state_86,state_87,state_88,state_89,state_90,state_91,state_92,state_93,state_94,state_95,state_96,state_97,state_98,state_99,state_100,state_101,state_102,state_103,state_104,state_105,state_106,state_107,state_108,state_109,state_110,state_111,state_112,state_113,state_114,state_115,state_116,state_117,state_118,state_119,state_120,state_121,state_122,state_123,state_124,state_125,state_126,state_127,state_128,state_129,state_130,state_131,state_132,state_133,state_134,state_135,state_136,state_137,state_138,state_139,state_140,state_141,state_142,state_143,state_144,state_145,state_146,state_147,state_148,state_149,state_150,state_151,state_152,state_153,state_154,state_155,state_156,state_157,state_158,state_159,state_160,state_161,state_162,state_163,state_164,state_165,state_166,state_167,state_168,state_169,state_170,state_171,state_172,state_173,state_174,state_175,state_176,state_177,state_178,state_179,state_180,state_181,state_182,state_183,state_184,state_185,state_186,state_187,state_188,state_189,state_190,state_191,state_192,state_193,state_194,state_195,state_196,state_197,state_198,state_199,state_200,state_201,state_202,state_203,state_204,state_205,state_206,state_207,state_208,state_209,state_210,state_211,state_212,state_213,state_214,state_215,state_216,state_217,state_218,state_219,state_220,state_221,state_222,state_223,state_224,state_225,state_226,state_227,state_228,state_229,state_230,state_231,state_232,state_233,state_234,state_235,state_236,state_237,state_238,state_239,state_240,state_241,state_242,state_243,state_244,state_245,state_246,state_247,state_248,state_249,state_250,state_251,state_252,state_253,state_254,state_255,state_256,state_257,state_258,state_259,state_260,state_261,state_262,state_263,state_264,state_265,state_266,state_267,state_268,state_269,state_270,state_271,state_272,state_273,state_274,state_275,state_276,state_277,state_278,state_279,state_280,state_281,state_282,state_283,state_284,state_285,state_286,state_287
{'img': array([[[ 0.        , -0.05884503, -0.55017171, ...,  0.37588786,
          0.22382758,  0.07111074],
        [ 0.05884503,  0.        , -0.5000797 , ...,  0.42976613,
          0.28079177,  0.12968358],
        [ 0.55017171,  0.5000797 ,  0.        , ...,  0.8237107 ,
          0.72312074,  0.60816005],
        ...,
        [-0.37588786, -0.42976613, -0.8237107 , ...,  0.        ,
         -0.1589379 , -0.30904042],
        [-0.22382758, -0.28079177, -0.72312074, ...,  0.1589379 ,
          0.        , -0.15395437],
        [-0.07111074, -0.12968358, -0.60816005, ...,  0.30904042,
          0.15395437,  0.        ]],

       [[ 0.        , -0.18104602,  0.04867639, ...,  0.0703848 ,
          0.10615257,  0.03974983],
        [ 0.18104602,  0.        ,  0.2287034 , ...,  0.24981867,
          0.28442144,  0.21999588],
        [-0.04867639, -0.2287034 ,  0.        , ...,  0.02174569,
          0.05762538, -0.00893521],
        ...,
        [-0.0703848 , -0.24981867, -0.02174569, ...,  0.        ,
          0.03590219, -0.03067792],
        [-0.10615257, -0.28442144, -0.05762538, ..., -0.03590219,
          0.        , -0.06654344],
        [-0.03974983, -0.21999588,  0.00893521, ...,  0.03067792,
          0.06654344,  0.        ]],

       [[ 0.        , -0.11525792, -0.33100942, ...,  0.61849448,
          0.56589151,  0.47103484],
        [ 0.11525792,  0.        , -0.2200429 , ...,  0.70494101,
          0.657148  ,  0.56956637],
        [ 0.33100942,  0.2200429 ,  0.        , ...,  0.84373198,
          0.80690131,  0.73646965],
        ...,
        [-0.61849448, -0.70494101, -0.84373198, ...,  0.        ,
         -0.06526475, -0.17544895],
        [-0.56589151, -0.657148  , -0.80690131, ...,  0.06526475,
          0.        , -0.11082249],
        [-0.47103484, -0.56956637, -0.73646965, ...,  0.17544895,
          0.11082249,  0.        ]],

       ...,

       [[ 0.        , -0.15691663, -0.179542  , ..., -0.51978793,
         -0.75188493, -0.99695217],
        [ 0.15691663,  0.        , -0.02295102, ..., -0.37929557,
         -0.63911622, -0.99684366],
        [ 0.179542  ,  0.02295102,  0.        , ..., -0.35795965,
         -0.62129601, -0.99475901],
        ...,
        [ 0.51978793,  0.37929557,  0.35795965, ...,  0.        ,
         -0.29963854, -0.89224292],
        [ 0.75188493,  0.63911622,  0.62129601, ...,  0.29963854,
          0.        , -0.71594336],
        [ 0.99695217,  0.99684366,  0.99475901, ...,  0.89224292,
          0.71594336,  0.        ]],

       [[ 0.        ,  0.        ,  0.10596665, ...,  0.59664042,
          0.63254821,  0.65194007],
        [ 0.        ,  0.        ,  0.10596665, ...,  0.59664042,
          0.63254821,  0.65194007],
        [-0.10596665, -0.10596665,  0.        , ...,  0.6783203 ,
          0.71106015,  0.72862082],
        ...,
        [-0.59664042, -0.59664042, -0.6783203 , ...,  0.        ,
         -0.04551491, -0.07077274],
        [-0.63254821, -0.63254821, -0.71106015, ...,  0.04551491,
          0.        , -0.02529862],
        [-0.65194007, -0.65194007, -0.72862082, ...,  0.07077274,
          0.02529862,  0.        ]],

       [[ 0.        ,  0.        , -0.0197192 , ...,  0.47007625,
          0.34687346,  0.20379362],
        [ 0.        ,  0.        , -0.0197192 , ...,  0.47007625,
          0.34687346,  0.20379362],
        [ 0.0197192 ,  0.0197192 ,  0.        , ...,  0.48738952,
          0.36530089,  0.22305937],
        ...,
        [-0.47007625, -0.47007625, -0.48738952, ...,  0.        ,
         -0.13473066, -0.28033765],
        [-0.34687346, -0.34687346, -0.36530089, ...,  0.13473066,
          0.        , -0.14845345],
        [-0.20379362, -0.20379362, -0.22305937, ...,  0.28033765,
          0.14845345,  0.        ]]]), 'num': array([7.07081574e-01, 7.07081574e-01, 0.00000000e+00, 0.00000000e+00,
       4.19829685e-05, 4.39558523e-05, 4.12727303e-05, 8.44268026e-03,
       2.36746063e-07, 4.25669421e-05, 4.75188806e-05, 4.87631126e-05,
       1.00146389e-07, 5.57920217e-05, 3.92457394e-05])}
{'img': array([[[ 0.        , -0.5000797 ,  0.28079177, ...,  0.28079177,
          0.12968358,  0.17837955],
        [ 0.5000797 ,  0.        ,  0.72312074, ...,  0.72312074,
          0.60816005,  0.64653232],
        [-0.28079177, -0.72312074,  0.        , ...,  0.        ,
         -0.15395437, -0.10508525],
        ...,
        [-0.28079177, -0.72312074,  0.        , ...,  0.        ,
         -0.15395437, -0.10508525],
        [-0.12968358, -0.60816005,  0.15395437, ...,  0.15395437,
          0.        ,  0.04926953],
        [-0.17837955, -0.64653232,  0.10508525, ...,  0.10508525,
         -0.04926953,  0.        ]],

       [[ 0.        ,  0.2287034 ,  0.29666364, ...,  0.28442144,
          0.21999588,  0.44473771],
        [-0.2287034 ,  0.        ,  0.07039328, ...,  0.05762538,
         -0.00893521,  0.22810976],
        [-0.29666364, -0.07039328,  0.        , ..., -0.01279387,
         -0.07930351,  0.15900651],
        ...,
        [-0.28442144, -0.05762538,  0.01279387, ...,  0.        ,
         -0.06654344,  0.1716246 ],
        [-0.21999588,  0.00893521,  0.07930351, ...,  0.06654344,
          0.        ,  0.23680029],
        [-0.44473771, -0.22810976, -0.15900651, ..., -0.1716246 ,
         -0.23680029,  0.        ]],

       [[ 0.        , -0.2200429 ,  0.09241501, ...,  0.657148  ,
          0.56956637,  0.52082408],
        [ 0.2200429 ,  0.        ,  0.30925118, ...,  0.80690131,
          0.73646965,  0.69590149],
        [-0.09241501, -0.30925118,  0.        , ...,  0.5846769 ,
          0.49116887,  0.43970388],
        ...,
        [-0.657148  , -0.80690131, -0.5846769 , ...,  0.        ,
         -0.11082249, -0.16840643],
        [-0.56956637, -0.73646965, -0.49116887, ...,  0.11082249,
          0.        , -0.0581294 ],
        [-0.52082408, -0.69590149, -0.43970388, ...,  0.16840643,
          0.0581294 ,  0.        ]],

       ...,

       [[ 0.        , -0.02295102,  0.23680603, ..., -0.63911622,
         -0.99684366, -0.93339659],
        [ 0.02295102,  0.        ,  0.25904187, ..., -0.62129601,
         -0.99475901, -0.92491483],
        [-0.23680603, -0.25904187,  0.        , ..., -0.80306773,
         -0.98729034, -0.99182496],
        ...,
        [ 0.63911622,  0.62129601,  0.80306773, ...,  0.        ,
         -0.71594336, -0.48854019],
        [ 0.99684366,  0.99475901,  0.98729034, ...,  0.71594336,
          0.        ,  0.2836118 ],
        [ 0.93339659,  0.92491483,  0.99182496, ...,  0.48854019,
         -0.2836118 ,  0.        ]],

       [[ 0.        ,  0.10596665,  0.07250476, ...,  0.63254821,
          0.65194007,  0.70639883],
        [-0.10596665,  0.        , -0.03359122, ...,  0.71106015,
          0.72862082,  0.77742626],
        [-0.07250476,  0.03359122,  0.        , ...,  0.68703984,
          0.70520242,  0.75585952],
        ...,
        [-0.63254821, -0.71106015, -0.68703984, ...,  0.        ,
         -0.02529862, -0.09939423],
        [-0.65194007, -0.72862082, -0.70520242, ...,  0.02529862,
          0.        , -0.07418907],
        [-0.70639883, -0.77742626, -0.75585952, ...,  0.09939423,
          0.07418907,  0.        ]],

       [[ 0.        , -0.0197192 ,  0.0308638 , ...,  0.34687346,
          0.20379362,  0.08355028],
        [ 0.0197192 ,  0.        ,  0.0505676 , ...,  0.36530089,
          0.22305937,  0.10318429],
        [-0.0308638 , -0.0505676 ,  0.        , ...,  0.31776068,
          0.17348045,  0.0527546 ],
        ...,
        [-0.34687346, -0.36530089, -0.31776068, ...,  0.        ,
         -0.14845345, -0.26729783],
        [-0.20379362, -0.22305937, -0.17348045, ...,  0.14845345,
          0.        , -0.12128418],
        [-0.08355028, -0.10318429, -0.0527546 , ...,  0.26729783,
          0.12128418,  0.        ]]]), 'num': array([ 9.54033191e-01,  2.99504502e-01,  1.30905738e-04, -1.10369138e-10,
        5.55815803e-05,  5.94722909e-05,  5.49701829e-05,  1.08477792e-02,
       -3.55722114e-06,  5.89387077e-05,  6.60364755e-05,  6.86488098e-05,
        1.36900444e-07,  7.82637107e-05,  5.38092403e-05])}
{'img': array([[[ 0.        ,  0.46456981,  0.68707275, ...,  0.34374353,
          0.38228839, -0.4116765 ],
        [-0.46456981,  0.        ,  0.27087686, ..., -0.13186314,
         -0.09075219, -0.787931  ],
        [-0.68707275, -0.27087686,  0.        , ..., -0.39544485,
         -0.35711841, -0.92526951],
        ...,
        [-0.34374353,  0.13186314,  0.39544485, ...,  0.        ,
          0.04135928, -0.69985421],
        [-0.38228839,  0.09075219,  0.35711841, ..., -0.04135928,
          0.        , -0.72879771],
        [ 0.4116765 ,  0.787931  ,  0.92526951, ...,  0.69985421,
          0.72879771,  0.        ]],

       [[ 0.        ,  0.08768312,  0.36347065, ..., -0.01236983,
          0.26100622,  0.23455216],
        [-0.08768312,  0.        ,  0.28038462, ..., -0.0999986 ,
          0.17535716,  0.14841169],
        [-0.36347065, -0.28038462,  0.        , ..., -0.37496664,
         -0.10771684, -0.13482099],
        ...,
        [ 0.01236983,  0.0999986 ,  0.37496664, ...,  0.        ,
          0.27292731,  0.24655897],
        [-0.26100622, -0.17535716,  0.10771684, ..., -0.27292731,
          0.        , -0.02730316],
        [-0.23455216, -0.14841169,  0.13482099, ..., -0.24655897,
          0.02730316,  0.        ]],

       [[ 0.        ,  0.30925118,  0.58124937, ...,  0.73646965,
          0.69590149,  0.55644812],
        [-0.30925118,  0.        ,  0.30111118, ...,  0.49116887,
          0.43970388,  0.27221991],
        [-0.58124937, -0.30111118,  0.        , ...,  0.20608602,
          0.14885596, -0.03015382],
        ...,
        [-0.73646965, -0.49116887, -0.20608602, ...,  0.        ,
         -0.0581294 , -0.23549884],
        [-0.69590149, -0.43970388, -0.14885596, ...,  0.0581294 ,
          0.        , -0.17860614],
        [-0.55644812, -0.27221991,  0.03015382, ...,  0.23549884,
          0.17860614,  0.        ]],

       ...,

       [[ 0.        ,  0.25904187,  0.44846614, ..., -0.99475901,
         -0.92491483, -0.93988443],
        [-0.25904187,  0.        ,  0.20162666, ..., -0.98729034,
         -0.99182496, -0.99626341],
        [-0.44846614, -0.20162666,  0.        , ..., -0.93496989,
         -0.99718405, -0.99321645],
        ...,
        [ 0.99475901,  0.98729034,  0.93496989, ...,  0.        ,
          0.2836118 ,  0.24360225],
        [ 0.92491483,  0.99182496,  0.99718405, ..., -0.2836118 ,
          0.        , -0.04146832],
        [ 0.93988443,  0.99626341,  0.99321645, ..., -0.24360225,
          0.04146832,  0.        ]],

       [[ 0.        , -0.0774316 ,  0.19847059, ...,  0.70904134,
          0.75943976,  0.79344444],
        [ 0.0774316 ,  0.        ,  0.27376595, ...,  0.65231036,
          0.7067844 ,  0.74393409],
        [-0.19847059, -0.27376595,  0.        , ...,  0.83489116,
          0.87345263,  0.898458  ],
        ...,
        [-0.70904134, -0.65231036, -0.83489116, ...,  0.        ,
         -0.07424536, -0.12795795],
        [-0.75943976, -0.7067844 , -0.87345263, ...,  0.07424536,
          0.        , -0.05396975],
        [-0.79344444, -0.74393409, -0.898458  , ...,  0.12795795,
          0.05396975,  0.        ]],

       [[ 0.        ,  0.0505676 ,  0.07555141, ...,  0.22305937,
          0.10318429, -0.09506281],
        [-0.0505676 ,  0.        ,  0.02503167, ...,  0.17348045,
          0.0527546 , -0.14527979],
        [-0.07555141, -0.02503167,  0.        , ...,  0.14877397,
          0.02774125, -0.17000037],
        ...,
        [-0.22305937, -0.17348045, -0.14877397, ...,  0.        ,
         -0.12128418, -0.31471689],
        [-0.10318429, -0.0527546 , -0.02774125, ...,  0.12128418,
          0.        , -0.19727239],
        [ 0.09506281,  0.14527979,  0.17000037, ...,  0.31471689,
          0.19727239,  0.        ]]]), 'num': array([ 9.33891706e-01,  3.57527660e-01,  1.11267190e-04, -4.50245569e-08,
        5.51650121e-05,  5.58039891e-05,  5.32480812e-05,  4.49590589e-03,
        1.91693092e-06,  5.57613906e-05,  6.25771450e-05,  6.57826795e-05,
        1.83272465e-07,  7.44971820e-05,  5.06571080e-05])}
{'img': array([[[ 0.        ,  0.27087686,  0.25022488, ..., -0.09075219,
         -0.787931  , -0.29811717],
        [-0.27087686,  0.        , -0.02138968, ..., -0.35711841,
         -0.92526951, -0.54553166],
        [-0.25022488,  0.02138968,  0.        , ..., -0.33705749,
         -0.91694449, -0.52748037],
        ...,
        [ 0.09075219,  0.35711841,  0.33705749, ...,  0.        ,
         -0.72879771, -0.21026138],
        [ 0.787931  ,  0.92526951,  0.91694449, ...,  0.72879771,
          0.        ,  0.56853352],
        [ 0.29811717,  0.54553166,  0.52748037, ...,  0.21026138,
         -0.56853352,  0.        ]],

       [[ 0.        ,  0.28038462, -0.05556959, ...,  0.17535716,
          0.14841169, -0.07890139],
        [-0.28038462,  0.        , -0.33329194, ..., -0.10771684,
         -0.13482099, -0.35524697],
        [ 0.05556959,  0.33329194,  0.        , ...,  0.22979473,
          0.20313655, -0.02338313],
        ...,
        [-0.17535716,  0.10771684, -0.22979473, ...,  0.        ,
         -0.02730316, -0.25248927],
        [-0.14841169,  0.13482099, -0.20313655, ...,  0.02730316,
          0.        , -0.22597661],
        [ 0.07890139,  0.35524697,  0.02338313, ...,  0.25248927,
          0.22597661,  0.        ]],

       [[ 0.        ,  0.51147782,  0.63943613, ...,  0.64839214,
          0.48070127,  0.28068824],
        [-0.51147782,  0.        ,  0.15621845, ...,  0.16776968,
         -0.03544202, -0.24972147],
        [-0.63943613, -0.15621845,  0.        , ...,  0.01170564,
         -0.19112719, -0.39792462],
        ...,
        [-0.64839214, -0.16776968, -0.01170564, ...,  0.        ,
         -0.20260395, -0.40863633],
        [-0.48070127,  0.03544202,  0.19112719, ...,  0.20260395,
          0.        , -0.21524545],
        [-0.28068824,  0.24972147,  0.39792462, ...,  0.40863633,
          0.21524545,  0.        ]],

       ...,

       [[ 0.        ,  0.20162666, -0.0629386 , ..., -0.99182496,
         -0.99626341, -0.90597662],
        [-0.20162666,  0.        , -0.26287291, ..., -0.99718405,
         -0.99321645, -0.97272424],
        [ 0.0629386 ,  0.26287291,  0.        , ..., -0.98182723,
         -0.98885241, -0.87753678],
        ...,
        [ 0.99182496,  0.99718405,  0.98182723, ...,  0.        ,
         -0.04146832,  0.30425906],
        [ 0.99626341,  0.99321645,  0.98885241, ...,  0.04146832,
          0.        ,  0.34349962],
        [ 0.90597662,  0.97272424,  0.87753678, ..., -0.30425906,
         -0.34349962,  0.        ]],

       [[ 0.        ,  0.27376595,  0.35233046, ...,  0.7067844 ,
          0.74393409,  0.79382935],
        [-0.27376595,  0.        ,  0.08265925, ...,  0.87345263,
          0.898458  ,  0.92999035],
        [-0.35233046, -0.08265925,  0.        , ...,  0.91071111,
          0.93167569,  0.95719202],
        ...,
        [-0.7067844 , -0.87345263, -0.91071111, ...,  0.        ,
         -0.05396975, -0.13175364],
        [-0.74393409, -0.898458  , -0.93167569, ...,  0.05396975,
          0.        , -0.07806235],
        [-0.79382935, -0.92999035, -0.95719202, ...,  0.13175364,
          0.07806235,  0.        ]],

       [[ 0.        ,  0.02503167,  0.06276265, ...,  0.0527546 ,
         -0.14527979, -0.28397101],
        [-0.02503167,  0.        ,  0.03776067, ...,  0.02774125,
         -0.17000037, -0.30788322],
        [-0.06276265, -0.03776067,  0.        , ..., -0.01002467,
         -0.20709015, -0.34359005],
        ...,
        [-0.0527546 , -0.02774125,  0.01002467, ...,  0.        ,
         -0.19727239, -0.33415842],
        [ 0.14527979,  0.17000037,  0.20709015, ...,  0.19727239,
          0.        , -0.14165922],
        [ 0.28397101,  0.30788322,  0.34359005, ...,  0.33415842,
          0.14165922,  0.        ]]]), 'num': array([ 9.66026343e-01,  2.58414784e-01,  1.31039178e-04, -2.27682780e-08,
        5.77123856e-05,  5.77123856e-05,  5.48267663e-05,  3.85447130e-03,
        2.35124534e-06,  5.59810140e-05,  6.22812828e-05,  6.60183379e-05,
        3.28417318e-07,  7.41819476e-05,  5.03806179e-05])}
{'img': array([[[ 0.        , -0.02138968, -0.27087686, ..., -0.92526951,
         -0.54553166, -0.25887769],
        [ 0.02138968,  0.        , -0.25022488, ..., -0.91694449,
         -0.52748037, -0.23815796],
        [ 0.27087686,  0.25022488,  0.        , ..., -0.787931  ,
         -0.29811717,  0.0124434 ],
        ...,
        [ 0.92526951,  0.91694449,  0.787931  , ...,  0.        ,
          0.56853352,  0.79553219],
        [ 0.54553166,  0.52748037,  0.29811717, ..., -0.56853352,
          0.        ,  0.30997169],
        [ 0.25887769,  0.23815796, -0.0124434 , ..., -0.79553219,
         -0.30997169,  0.        ]],

       [[ 0.        , -0.33329194, -0.34554091, ..., -0.13482099,
         -0.35524697, -0.39894325],
        [ 0.33329194,  0.        , -0.01302177, ...,  0.20313655,
         -0.02338313, -0.07051256],
        [ 0.34554091,  0.01302177,  0.        , ...,  0.2158696 ,
         -0.01036294, -0.05751723],
        ...,
        [ 0.13482099, -0.20313655, -0.2158696 , ...,  0.        ,
         -0.22597661, -0.27167333],
        [ 0.35524697,  0.02338313,  0.01036294, ...,  0.22597661,
          0.        , -0.04716836],
        [ 0.39894325,  0.07051256,  0.05751723, ...,  0.27167333,
          0.04716836,  0.        ]],

       [[ 0.        ,  0.17709177,  0.24569711, ..., -0.04252711,
         -0.44114489, -0.37578824],
        [-0.17709177,  0.        ,  0.07015039, ..., -0.2187865 ,
         -0.59310081, -0.53396058],
        [-0.24569711, -0.07015039,  0.        , ..., -0.28669834,
         -0.64811972, -0.59195794],
        ...,
        [ 0.04252711,  0.2187865 ,  0.28669834, ...,  0.        ,
         -0.40258043, -0.33603816],
        [ 0.44114489,  0.59310081,  0.64811972, ...,  0.40258043,
          0.        ,  0.07156557],
        [ 0.37578824,  0.53396058,  0.59195794, ...,  0.33603816,
         -0.07156557,  0.        ]],

       ...,

       [[ 0.        , -0.26287291, -0.48608127, ..., -0.99321645,
         -0.97272424, -0.72458745],
        [ 0.26287291,  0.        , -0.2392578 , ..., -0.98885241,
         -0.87753678, -0.51793654],
        [ 0.48608127,  0.2392578 ,  0.        , ..., -0.92450701,
         -0.73732332, -0.29822795],
        ...,
        [ 0.99321645,  0.98885241,  0.92450701, ...,  0.        ,
          0.34349962,  0.76876296],
        [ 0.97272424,  0.87753678,  0.73732332, ..., -0.34349962,
          0.        ,  0.50230627],
        [ 0.72458745,  0.51793654,  0.29822795, ..., -0.76876296,
         -0.50230627,  0.        ]],

       [[ 0.        ,  0.22836946,  0.23826957, ...,  0.74968695,
          0.79961757,  0.84997314],
        [-0.22836946,  0.        ,  0.01018098, ...,  0.88100935,
          0.91562535,  0.94782319],
        [-0.23826957, -0.01018098,  0.        , ...,  0.88578031,
          0.91967099,  0.95101973],
        ...,
        [-0.74968695, -0.88100935, -0.88578031, ...,  0.        ,
         -0.07898681, -0.16755137],
        [-0.79961757, -0.91562535, -0.91967099, ...,  0.07898681,
          0.        , -0.08915767],
        [-0.84997314, -0.94782319, -0.95101973, ...,  0.16755137,
          0.08915767,  0.        ]],

       [[ 0.        ,  0.03776067,  0.04655149, ..., -0.17000037,
         -0.30788322, -0.38353106],
        [-0.03776067,  0.        ,  0.00879856, ..., -0.20709015,
         -0.34359005, -0.41813056],
        [-0.04655149, -0.00879856,  0.        , ..., -0.21568995,
         -0.35183965, -0.42610687],
        ...,
        [ 0.17000037,  0.20709015,  0.21568995, ...,  0.        ,
         -0.14165922, -0.22094829],
        [ 0.30788322,  0.34359005,  0.35183965, ...,  0.14165922,
          0.        , -0.08056195],
        [ 0.38353106,  0.41813056,  0.42610687, ...,  0.22094829,
          0.08056195,  0.        ]]]), 'num': array([ 9.94242224e-01,  1.07106762e-01,  1.65819721e-04,  9.73670940e-09,
        5.93401677e-05,  6.02274973e-05,  5.83419218e-05,  3.23766610e-03,
       -5.54581006e-07,  5.82310056e-05,  6.39598274e-05,  6.84630252e-05,
        3.03560130e-07,  7.59077781e-05,  5.20118768e-05])}
{'img': array([[[ 0.        , -0.25022488, -0.26237099, ..., -0.52748037,
         -0.23815796, -0.2993093 ],
        [ 0.25022488,  0.        , -0.01256561, ..., -0.29811717,
          0.0124434 , -0.05103398],
        [ 0.26237099,  0.01256561,  0.        , ..., -0.2860994 ,
          0.02500706, -0.03848072],
        ...,
        [ 0.52748037,  0.29811717,  0.2860994 , ...,  0.        ,
          0.30997169,  0.24901527],
        [ 0.23815796, -0.0124434 , -0.02500706, ..., -0.30997169,
          0.        , -0.06345722],
        [ 0.2993093 ,  0.05103398,  0.03848072, ..., -0.24901527,
          0.06345722,  0.        ]],

       [[ 0.        , -0.01302177, -0.20078935, ..., -0.02338313,
         -0.07051256, -0.16986422],
        [ 0.01302177,  0.        , -0.18801576, ..., -0.01036294,
         -0.05751723, -0.15701728],
        [ 0.20078935,  0.18801576,  0.        , ...,  0.17782754,
          0.13121303,  0.03146654],
        ...,
        [ 0.02338313,  0.01036294, -0.17782754, ...,  0.        ,
         -0.04716836, -0.14677446],
        [ 0.07051256,  0.05751723, -0.13121303, ...,  0.04716836,
          0.        , -0.09995357],
        [ 0.16986422,  0.15701728, -0.03146654, ...,  0.14677446,
          0.09995357,  0.        ]],

       [[ 0.        ,  0.07015039,  0.17734901, ..., -0.59310081,
         -0.53396058, -0.43059688],
        [-0.07015039,  0.        ,  0.10787373, ..., -0.64811972,
         -0.59195794, -0.49284991],
        [-0.17734901, -0.10787373,  0.        , ..., -0.72648768,
         -0.6754465 , -0.58383642],
        ...,
        [ 0.59310081,  0.64811972,  0.72648768, ...,  0.        ,
          0.07156557,  0.1886141 ],
        [ 0.53396058,  0.59195794,  0.6754465 , ..., -0.07156557,
          0.        ,  0.11784942],
        [ 0.43059688,  0.49284991,  0.58383642, ..., -0.1886141 ,
         -0.11784942,  0.        ]],

       ...,

       [[ 0.        , -0.2392578 , -0.29978401, ..., -0.87753678,
         -0.51793654, -0.61025531],
        [ 0.2392578 ,  0.        , -0.06282346, ..., -0.73732332,
         -0.29822795, -0.40298992],
        [ 0.29978401,  0.06282346,  0.        , ..., -0.69342709,
         -0.23767419, -0.34469757],
        ...,
        [ 0.87753678,  0.73732332,  0.69342709, ...,  0.        ,
          0.50230627,  0.40256574],
        [ 0.51793654,  0.29822795,  0.23767419, ..., -0.50230627,
          0.        , -0.1117122 ],
        [ 0.61025531,  0.40298992,  0.34469757, ..., -0.40256574,
          0.1117122 ,  0.        ]],

       [[ 0.        ,  0.02787867, -0.07233021, ...,  0.8441965 ,
          0.88894152,  0.94750907],
        [-0.02787867,  0.        , -0.10010775, ...,  0.85881229,
          0.90136501,  0.95605441],
        [ 0.07233021,  0.10010775,  0.        , ...,  0.80321389,
          0.85348442,  0.92190124],
        ...,
        [-0.8441965 , -0.85881229, -0.80321389, ...,  0.        ,
         -0.08984324, -0.23798292],
        [-0.88894152, -0.90136501, -0.85348442, ...,  0.08984324,
          0.        , -0.14975851],
        [-0.94750907, -0.95605441, -0.92190124, ...,  0.23798292,
          0.14975851,  0.        ]],

       [[ 0.        ,  0.00879856,  0.00409598, ..., -0.34359005,
         -0.41813056, -0.46325374],
        [-0.00879856,  0.        , -0.00470266, ..., -0.35183965,
         -0.42610687, -0.47103332],
        [-0.00409598,  0.00470266,  0.        , ..., -0.34743378,
         -0.42184779, -0.46687982],
        ...,
        [ 0.34359005,  0.35183965,  0.34743378, ...,  0.        ,
         -0.08056195, -0.13055241],
        [ 0.41813056,  0.42610687,  0.42184779, ...,  0.08056195,
          0.        , -0.0502556 ],
        [ 0.46325374,  0.47103332,  0.46687982, ...,  0.13055241,
          0.0502556 ,  0.        ]]]), 'num': array([ 9.99558615e-01,  2.80665932e-02,  1.87185352e-04,  4.87453308e-10,
        5.96080486e-05,  6.17902315e-05,  5.80001243e-05,  9.73523473e-03,
       -1.83762770e-06,  5.99985444e-05,  6.53046944e-05,  7.08118350e-05,
        3.59776508e-07,  7.67166806e-05,  5.38927083e-05])}
{'img': array([[[ 0.        , -0.01256561,  0.33105101, ...,  0.0124434 ,
         -0.05103398, -0.28173465],
        [ 0.01256561,  0.        ,  0.34288195, ...,  0.02500706,
         -0.03848072, -0.2696558 ],
        [-0.33105101, -0.34288195,  0.        , ..., -0.31928363,
         -0.37877595, -0.58348936],
        ...,
        [-0.0124434 , -0.02500706,  0.31928363, ...,  0.        ,
         -0.06345722, -0.29365219],
        [ 0.05103398,  0.03848072,  0.37877595, ...,  0.06345722,
          0.        , -0.23240081],
        [ 0.28173465,  0.2696558 ,  0.58348936, ...,  0.29365219,
          0.23240081,  0.        ]],

       [[ 0.        , -0.18801576,  0.22719473, ..., -0.05751723,
         -0.15701728,  0.17633696],
        [ 0.18801576,  0.        ,  0.40624197, ...,  0.13121303,
          0.03146654,  0.3582617 ],
        [-0.22719473, -0.40624197,  0.        , ..., -0.28283173,
         -0.37728776, -0.05190892],
        ...,
        [ 0.05751723, -0.13121303,  0.28283173, ...,  0.        ,
         -0.09995357,  0.23266096],
        [ 0.15701728, -0.03146654,  0.37728776, ...,  0.09995357,
          0.        ,  0.32870645],
        [-0.17633696, -0.3582617 ,  0.05190892, ..., -0.23266096,
         -0.32870645,  0.        ]],

       [[ 0.        ,  0.1049711 ,  0.20280593, ..., -0.51120981,
         -0.45082458, -0.66359547],
        [-0.1049711 ,  0.        ,  0.09889579, ..., -0.59860355,
         -0.54203242, -0.73845729],
        [-0.20280593, -0.09889579,  0.        , ..., -0.6748891 ,
         -0.6224831 , -0.80152268],
        ...,
        [ 0.51120981,  0.59860355,  0.6748891 , ...,  0.        ,
          0.06884843, -0.18789932],
        [ 0.45082458,  0.54203242,  0.6224831 , ..., -0.06884843,
          0.        , -0.25507557],
        [ 0.66359547,  0.73845729,  0.80152268, ...,  0.18789932,
          0.25507557,  0.        ]],

       ...,

       [[ 0.        , -0.06282346,  0.2846418 , ..., -0.29822795,
         -0.40298992, -0.27985258],
        [ 0.06282346,  0.        ,  0.34430424, ..., -0.23767419,
         -0.34469757, -0.21898655],
        [-0.2846418 , -0.34430424,  0.        , ..., -0.55758052,
         -0.64682525, -0.54154455],
        ...,
        [ 0.29822795,  0.23767419,  0.55758052, ...,  0.        ,
         -0.1117122 ,  0.01919385],
        [ 0.40298992,  0.34469757,  0.64682525, ...,  0.1117122 ,
          0.        ,  0.13076533],
        [ 0.27985258,  0.21898655,  0.54154455, ..., -0.01919385,
         -0.13076533,  0.        ]],

       [[ 0.        , -0.10010775,  0.20134808, ...,  0.90136501,
          0.95605441,  0.99805122],
        [ 0.10010775,  0.        ,  0.29839415, ...,  0.85348442,
          0.92190124,  0.9867909 ],
        [-0.20134808, -0.29839415,  0.        , ...,  0.97010067,
          0.99550728,  0.990175  ],
        ...,
        [-0.90136501, -0.85348442, -0.97010067, ...,  0.        ,
         -0.14975851, -0.37597111],
        [-0.95605441, -0.92190124, -0.99550728, ...,  0.14975851,
          0.        , -0.2329602 ],
        [-0.99805122, -0.9867909 , -0.990175  , ...,  0.37597111,
          0.2329602 ,  0.        ]],

       [[ 0.        , -0.00470266, -0.00351908, ..., -0.42610687,
         -0.47103332, -0.46534071],
        [ 0.00470266,  0.        ,  0.00118359, ..., -0.42184779,
         -0.46687982, -0.46117309],
        [ 0.00351908, -0.00118359,  0.        , ..., -0.42292062,
         -0.46792617, -0.46222298],
        ...,
        [ 0.42610687,  0.42184779,  0.42292062, ...,  0.        ,
         -0.0502556 , -0.04382042],
        [ 0.47103332,  0.46687982,  0.46792617, ...,  0.0502556 ,
          0.        ,  0.00644228],
        [ 0.46534071,  0.46117309,  0.46222298, ...,  0.04382042,
         -0.00644228,  0.        ]]]), 'num': array([ 8.68214107e-01,  4.96178506e-01,  7.28054052e-05, -2.96935660e-08,
        5.13648517e-05,  5.28726262e-05,  5.09627785e-05,  3.33544851e-03,
       -8.04146406e-07,  5.27319005e-05,  5.63103521e-05,  6.19276498e-05,
        2.96325626e-07,  6.51973523e-05,  4.74233518e-05])}
{'img': array([[[ 0.        ,  0.34288195,  0.81358173, ..., -0.03848072,
         -0.2696558 , -0.41232291],
        [-0.34288195,  0.        ,  0.56489228, ..., -0.37877595,
         -0.58348936, -0.69970568],
        [-0.81358173, -0.56489228,  0.        , ..., -0.83535378,
         -0.94023556, -0.98094908],
        ...,
        [ 0.03848072,  0.37877595,  0.83535378, ...,  0.        ,
         -0.23240081, -0.37696013],
        [ 0.2696558 ,  0.58348936,  0.94023556, ...,  0.23240081,
          0.        , -0.15138252],
        [ 0.41232291,  0.69970568,  0.98094908, ...,  0.37696013,
          0.15138252,  0.        ]],

       [[ 0.        ,  0.40624197,  0.9458536 , ...,  0.03146654,
          0.3582617 ,  0.10212251],
        [-0.40624197,  0.        ,  0.99615195, ..., -0.37728776,
         -0.05190892, -0.31080204],
        [-0.9458536 , -0.99615195,  0.        , ..., -0.95559905,
         -0.99935841, -0.97405682],
        ...,
        [-0.03146654,  0.37728776,  0.95559905, ...,  0.        ,
          0.32870645,  0.07076991],
        [-0.3582617 ,  0.05190892,  0.99935841, ..., -0.32870645,
          0.        , -0.2610449 ],
        [-0.10212251,  0.31080204,  0.97405682, ..., -0.07076991,
          0.2610449 ,  0.        ]],

       [[ 0.        ,  0.09889579,  0.29121415, ..., -0.54203242,
         -0.73845729, -0.55936875],
        [-0.09889579,  0.        ,  0.19517712, ..., -0.6224831 ,
         -0.80152268, -0.6386032 ],
        [-0.29121415, -0.19517712,  0.        , ..., -0.76326361,
         -0.90281677, -0.77651745],
        ...,
        [ 0.54203242,  0.6224831 ,  0.76326361, ...,  0.        ,
         -0.25507557, -0.02076882],
        [ 0.73845729,  0.80152268,  0.90281677, ...,  0.25507557,
          0.        ,  0.23493874],
        [ 0.55936875,  0.6386032 ,  0.77651745, ...,  0.02076882,
         -0.23493874,  0.        ]],

       ...,

       [[ 0.        ,  0.34430424,  0.72898494, ..., -0.34469757,
         -0.21898655, -0.27711946],
        [-0.34430424,  0.        ,  0.44872695, ..., -0.64682525,
         -0.54154455, -0.59099558],
        [-0.72898494, -0.44872695,  0.        , ..., -0.92026395,
         -0.86119373, -0.8901311 ],
        ...,
        [ 0.34469757,  0.64682525,  0.92026395, ...,  0.        ,
          0.13076533,  0.07106179],
        [ 0.21898655,  0.54154455,  0.86119373, ..., -0.13076533,
          0.        , -0.05998313],
        [ 0.27711946,  0.59099558,  0.8901311 , ..., -0.07106179,
          0.05998313,  0.        ]],

       [[ 0.        ,  0.29839415,  0.71223473, ...,  0.92190124,
          0.9867909 ,  0.99459151],
        [-0.29839415,  0.        ,  0.47033206, ...,  0.99550728,
          0.990175  ,  0.91828822],
        [-0.71223473, -0.47033206,  0.        , ...,  0.92305814,
          0.80805078,  0.62416937],
        ...,
        [-0.92190124, -0.99550728, -0.92305814, ...,  0.        ,
         -0.2329602 , -0.48108194],
        [-0.9867909 , -0.990175  , -0.80805078, ...,  0.2329602 ,
          0.        , -0.26361505],
        [-0.99459151, -0.91828822, -0.62416937, ...,  0.48108194,
          0.26361505,  0.        ]],

       [[ 0.        ,  0.00118359, -0.12907224, ..., -0.46687982,
         -0.46117309, -0.41488759],
        [-0.00118359,  0.        , -0.13024584, ..., -0.46792617,
         -0.46222298, -0.41596422],
        [ 0.12907224,  0.13024584,  0.        , ..., -0.3488332 ,
         -0.34278835, -0.29397783],
        ...,
        [ 0.46687982,  0.46792617,  0.3488332 , ...,  0.        ,
          0.00644228,  0.05790748],
        [ 0.46117309,  0.46222298,  0.34278835, ..., -0.00644228,
          0.        ,  0.0514748 ],
        [ 0.41488759,  0.41596422,  0.29397783, ..., -0.05790748,
         -0.0514748 ,  0.        ]]]), 'num': array([ 8.80137971e-01,  4.74676611e-01,  7.95022274e-05, -3.67289950e-08,
        5.20155689e-05,  5.26275168e-05,  5.01797253e-05,  6.26387800e-03,
       -1.01991312e-07,  5.33414560e-05,  5.64062949e-05,  6.27875513e-05,
        3.39971039e-07,  6.45616403e-05,  4.82509495e-05])}
{'img': array([[[ 0.        ,  0.56489228,  0.58171335, ..., -0.58348936,
         -0.69970568, -0.71542652],
        [-0.56489228,  0.        ,  0.02052939, ..., -0.94023556,
         -0.98094908, -0.98502813],
        [-0.58171335, -0.02052939,  0.        , ..., -0.94702817,
         -0.98473048, -0.98835967],
        ...,
        [ 0.58348936,  0.94023556,  0.94702817, ...,  0.        ,
         -0.15138252, -0.17333575],
        [ 0.69970568,  0.98094908,  0.98473048, ...,  0.15138252,
          0.        , -0.02224709],
        [ 0.71542652,  0.98502813,  0.98835967, ...,  0.17333575,
          0.02224709,  0.        ]],

       [[ 0.        ,  0.99623835,  0.9195079 , ..., -0.05207947,
         -0.31440117, -0.13937091],
        [-0.99623835,  0.        , -0.3119126 , ..., -0.99939936,
         -0.97296387, -0.99859255],
        [-0.9195079 ,  0.3119126 ,  0.        , ..., -0.93873103,
         -0.99646199, -0.96531646],
        ...,
        [ 0.05207947,  0.99939936,  0.93873103, ...,  0.        ,
         -0.26453598, -0.08761059],
        [ 0.31440117,  0.97296387,  0.99646199, ...,  0.26453598,
          0.        ,  0.17902925],
        [ 0.13937091,  0.99859255,  0.96531646, ...,  0.08761059,
         -0.17902925,  0.        ]],

       [[ 0.        ,  0.19517712,  0.37677038, ..., -0.80152268,
         -0.6386032 , -0.7216606 ],
        [-0.19517712,  0.        ,  0.18873047, ..., -0.90281677,
         -0.77651745, -0.84289241],
        [-0.37677038, -0.18873047,  0.        , ..., -0.96775108,
         -0.88148086, -0.92929722],
        ...,
        [ 0.80152268,  0.90281677,  0.96775108, ...,  0.        ,
          0.23493874,  0.12332438],
        [ 0.6386032 ,  0.77651745,  0.88148086, ..., -0.23493874,
          0.        , -0.11327276],
        [ 0.7216606 ,  0.84289241,  0.92929722, ..., -0.12332438,
          0.11327276,  0.        ]],

       ...,

       [[ 0.        ,  0.44872695,  0.62114915, ..., -0.54154455,
         -0.59099558, -0.48711382],
        [-0.44872695,  0.        ,  0.20343781, ..., -0.86119373,
         -0.8901311 , -0.82720899],
        [-0.62114915, -0.20343781,  0.        , ..., -0.94658706,
         -0.96422409, -0.92422085],
        ...,
        [ 0.54154455,  0.86119373,  0.94658706, ...,  0.        ,
         -0.05998313,  0.06344872],
        [ 0.59099558,  0.8901311 ,  0.96422409, ...,  0.05998313,
          0.        ,  0.12319675],
        [ 0.48711382,  0.82720899,  0.92422085, ..., -0.06344872,
         -0.12319675,  0.        ]],

       [[ 0.        ,  0.67082804,  0.84698916, ...,  0.98979974,
          0.99156706,  0.93714993],
        [-0.67082804,  0.        ,  0.27151911, ...,  0.82961827,
          0.64842324,  0.46093254],
        [-0.84698916, -0.27151911,  0.        , ...,  0.64685451,
          0.41736188,  0.2026611 ],
        ...,
        [-0.98979974, -0.82961827, -0.64685451, ...,  0.        ,
         -0.26953703, -0.47887951],
        [-0.99156706, -0.64842324, -0.41736188, ...,  0.26953703,
          0.        , -0.22453485],
        [-0.93714993, -0.46093254, -0.2026611 , ...,  0.47887951,
          0.22453485,  0.        ]],

       [[ 0.        , -0.13024584, -0.2040473 , ..., -0.46222298,
         -0.41596422, -0.39301148],
        [ 0.13024584,  0.        , -0.07480357, ..., -0.34278835,
         -0.29397783, -0.26989828],
        [ 0.2040473 ,  0.07480357,  0.        , ..., -0.27155654,
         -0.22165603, -0.19711458],
        ...,
        [ 0.46222298,  0.34278835,  0.27155654, ...,  0.        ,
          0.0514748 ,  0.07652121],
        [ 0.41596422,  0.29397783,  0.22165603, ..., -0.0514748 ,
          0.        ,  0.02509589],
        [ 0.39301148,  0.26989828,  0.19711458, ..., -0.07652121,
         -0.02509589,  0.        ]]]), 'num': array([ 9.00157761e-01,  4.35536820e-01,  8.76643285e-05, -3.77292119e-08,
        5.42084869e-05,  5.43107671e-05,  5.24697241e-05,  4.86330929e-03,
        2.04560328e-06,  5.32879654e-05,  5.59063376e-05,  6.28988915e-05,
        4.09120656e-07,  6.24463204e-05,  4.93663549e-05])}
{'img': array([[[ 0.        ,  0.02052939, -0.22799282, ..., -0.98094908,
         -0.98502813, -0.87038805],
        [-0.02052939,  0.        , -0.24793347, ..., -0.98473048,
         -0.98835967, -0.8803126 ],
        [ 0.22799282,  0.24793347,  0.        , ..., -0.9108226 ,
         -0.91978073, -0.73520848],
        ...,
        [ 0.98094908,  0.98473048,  0.9108226 , ...,  0.        ,
         -0.02224709,  0.31390035],
        [ 0.98502813,  0.98835967,  0.91978073, ...,  0.02224709,
          0.        ,  0.3349453 ],
