state_0,state_1,state_2,state_3,state_4,state_5,state_6,state_7,state_8,state_9,state_10,state_11,state_12,state_13,state_14,state_15,state_16,state_17,state_18,state_19,state_20,state_21,state_22,state_23,state_24,state_25,state_26,state_27,state_28,state_29,state_30,state_31,state_32,state_33,state_34,state_35,state_36,state_37,state_38,state_39,state_40,state_41,state_42,state_43,state_44,state_45,state_46,state_47,state_48,state_49,state_50,state_51,state_52,state_53,state_54,state_55,state_56,state_57,state_58,state_59,state_60,state_61,state_62,state_63,state_64,state_65,state_66,state_67,state_68,state_69,state_70,state_71,state_72,state_73,state_74,state_75,state_76,state_77,state_78,state_79,state_80,state_81,state_82,state_83,state_84,state_85,state_86,state_87,state_88,state_89,state_90,state_91,state_92,state_93,state_94,state_95,state_96,state_97,state_98,state_99,state_100,state_101,state_102,state_103,state_104,state_105,state_106,state_107,state_108,state_109,state_110,state_111,state_112,state_113,state_114,state_115,state_116,state_117,state_118,state_119,state_120,state_121,state_122,state_123,state_124,state_125,state_126,state_127,state_128,state_129,state_130,state_131,state_132,state_133,state_134,state_135,state_136,state_137,state_138,state_139,state_140,state_141,state_142,state_143,state_144,state_145,state_146,state_147,state_148,state_149,state_150,state_151,state_152,state_153,state_154,state_155,state_156,state_157,state_158,state_159,state_160,state_161,state_162,state_163,state_164,state_165,state_166,state_167,state_168,state_169,state_170,state_171,state_172,state_173,state_174,state_175,state_176,state_177,state_178,state_179,state_180,state_181,state_182,state_183,state_184,state_185,state_186,state_187,state_188,state_189,state_190,state_191,state_192,state_193,state_194,state_195,state_196,state_197,state_198,state_199,state_200,state_201,state_202,state_203,state_204,state_205,state_206,state_207,state_208,state_209,state_210,state_211,state_212,state_213,state_214,state_215,state_216,state_217,state_218,state_219,state_220,state_221,state_222,state_223,state_224,state_225,state_226,state_227,state_228,state_229,state_230,state_231,state_232,state_233,state_234,state_235,state_236,state_237,state_238,state_239,state_240,state_241,state_242,state_243,state_244,state_245,state_246,state_247,state_248,state_249,state_250,state_251,state_252,state_253,state_254,state_255,state_256,state_257,state_258,state_259,state_260,state_261,state_262,state_263,state_264,state_265,state_266,state_267,state_268,state_269,state_270,state_271,state_272,state_273,state_274,state_275,state_276,state_277,state_278,state_279,state_280,state_281,state_282,state_283,state_284,state_285,state_286,state_287
{'img': array([[[ 0.        , -0.14725335, -0.38068643, ..., -0.12899513,
         -0.33637725, -0.17456133],
        [ 0.14725335,  0.        , -0.2403707 , ...,  0.01843416,
         -0.19403783, -0.02766593],
        [ 0.38068643,  0.2403707 ,  0.        , ...,  0.25822355,
          0.04745336,  0.21342389],
        ...,
        [ 0.12899513, -0.01843416, -0.25822355, ...,  0.        ,
         -0.21208866, -0.04608834],
        [ 0.33637725,  0.19403783, -0.04745336, ...,  0.21208866,
          0.        ,  0.16682344],
        [ 0.17456133,  0.02766593, -0.21342389, ...,  0.04608834,
         -0.16682344,  0.        ]],

       [[ 0.        , -0.14879353, -0.06480828, ...,  0.36753685,
         -0.02943182, -0.09646789],
        [ 0.14879353,  0.        ,  0.08439387, ...,  0.50182485,
          0.11962487,  0.05270554],
        [ 0.06480828, -0.08439387,  0.        , ...,  0.42703647,
          0.03541025, -0.03175907],
        ...,
        [-0.36753685, -0.50182485, -0.42703647, ...,  0.        ,
         -0.39474949, -0.45553869],
        [ 0.02943182, -0.11962487, -0.03541025, ...,  0.39474949,
          0.        , -0.06713154],
        [ 0.09646789, -0.05270554,  0.03175907, ...,  0.45553869,
          0.06713154,  0.        ]],

       [[ 0.        , -0.00717355, -0.05244125, ...,  0.66422563,
          0.41694742,  0.21126838],
        [ 0.00717355,  0.        , -0.04527623, ...,  0.669571  ,
          0.42345694,  0.21827457],
        [ 0.05244125,  0.04527623,  0.        , ...,  0.70251319,
          0.46403916,  0.26223523],
        ...,
        [-0.66422563, -0.669571  , -0.70251319, ...,  0.        ,
         -0.29205341, -0.49130289],
        [-0.41694742, -0.42345694, -0.46403916, ...,  0.29205341,
          0.        , -0.21550782],
        [-0.21126838, -0.21827457, -0.26223523, ...,  0.49130289,
          0.21550782,  0.        ]],

       ...,

       [[ 0.        , -0.29666957, -0.72084425, ...,  0.54626057,
          0.47289046,  0.31760403],
        [ 0.29666957,  0.        , -0.48277117, ...,  0.770163  ,
          0.71300288,  0.5846146 ],
        [ 0.72084425,  0.48277117,  0.        , ...,  0.98240178,
          0.96291017,  0.90365184],
        ...,
        [-0.54626057, -0.770163  , -0.98240178, ...,  0.        ,
         -0.0852215 , -0.25194708],
        [-0.47289046, -0.71300288, -0.96291017, ...,  0.0852215 ,
          0.        , -0.16855817],
        [-0.31760403, -0.5846146 , -0.90365184, ...,  0.25194708,
          0.16855817,  0.        ]],

       [[ 0.        , -0.40844702, -0.47316321, ..., -0.71455096,
         -0.73497083, -0.76196526],
        [ 0.40844702,  0.        , -0.07206335, ..., -0.36648653,
         -0.39390077, -0.4309906 ],
        [ 0.47316321,  0.07206335,  0.        , ..., -0.29848426,
         -0.32663941, -0.36484323],
        ...,
        [ 0.71455096,  0.36648653,  0.29848426, ...,  0.        ,
         -0.0296373 , -0.07030225],
        [ 0.73497083,  0.39390077,  0.32663941, ...,  0.0296373 ,
          0.        , -0.0407074 ],
        [ 0.76196526,  0.4309906 ,  0.36484323, ...,  0.07030225,
          0.0407074 ,  0.        ]],

       [[ 0.        , -0.23706418, -0.51263913, ..., -0.89729158,
         -0.85490966, -0.77215882],
        [ 0.23706418,  0.        , -0.29448155, ..., -0.76706416,
         -0.70755618, -0.59951007],
        [ 0.51263913,  0.29448155,  0.        , ..., -0.54411972,
         -0.46808365, -0.33723271],
        ...,
        [ 0.89729158,  0.76706416,  0.54411972, ...,  0.        ,
          0.08810424,  0.2293051 ],
        [ 0.85490966,  0.70755618,  0.46808365, ..., -0.08810424,
          0.        ,  0.14265672],
        [ 0.77215882,  0.59951007,  0.33723271, ..., -0.2293051 ,
         -0.14265672,  0.        ]]]), 'num': array([7.07106320e-01, 7.07106320e-01, 0.00000000e+00, 0.00000000e+00,
       1.10590468e-04, 1.10910788e-04, 1.08428308e-04, 1.09744823e-03,
       6.40639928e-07, 1.11086963e-04, 1.12624499e-04, 1.09686898e-04,
       3.70740699e-07, 1.20332239e-04, 1.04916760e-04])}
{'img': array([[[ 0.        , -0.2403707 , -0.51962191, ..., -0.19403783,
         -0.02766593,  0.04607071],
        [ 0.2403707 ,  0.        , -0.29901536, ...,  0.04745336,
          0.21342389,  0.28483545],
        [ 0.51962191,  0.29901536,  0.        , ...,  0.3439608 ,
          0.49578534,  0.55843281],
        ...,
        [ 0.19403783, -0.04745336, -0.3439608 , ...,  0.        ,
          0.16682344,  0.23902689],
        [ 0.02766593, -0.21342389, -0.49578534, ..., -0.16682344,
          0.        ,  0.07368964],
        [-0.04607071, -0.28483545, -0.55843281, ..., -0.23902689,
         -0.07368964,  0.        ]],

       [[ 0.        ,  0.08439387,  0.05482896, ...,  0.11962487,
          0.05270554, -0.11801434],
        [-0.08439387,  0.        , -0.02963357, ...,  0.03541025,
         -0.03175907, -0.20139744],
        [-0.05482896,  0.02963357,  0.        , ...,  0.06500969,
         -0.0021265 , -0.17228262],
        ...,
        [-0.11962487, -0.03541025, -0.06500969, ...,  0.        ,
         -0.06713154, -0.23595582],
        [-0.05270554,  0.03175907,  0.0021265 , ...,  0.06713154,
          0.        , -0.17018753],
        [ 0.11801434,  0.20139744,  0.17228262, ...,  0.23595582,
          0.17018753,  0.        ]],

       [[ 0.        , -0.04527623, -0.15847252, ...,  0.42345694,
          0.21827457,  0.08170131],
        [ 0.04527623,  0.        , -0.11360592, ...,  0.46403916,
          0.26223523,  0.12674239],
        [ 0.15847252,  0.11360592,  0.        , ...,  0.56166871,
          0.37016765,  0.23861161],
        ...,
        [-0.42345694, -0.46403916, -0.56166871, ...,  0.        ,
         -0.21550782, -0.34802672],
        [-0.21827457, -0.26223523, -0.37016765, ...,  0.21550782,
          0.        , -0.13781356],
        [-0.08170131, -0.12674239, -0.23861161, ...,  0.34802672,
          0.13781356,  0.        ]],

       ...,

       [[ 0.        , -0.48277117, -0.74138485, ...,  0.71300288,
          0.5846146 ,  0.59301452],
        [ 0.48277117,  0.        , -0.32528709, ...,  0.96291017,
          0.90365184,  0.90805378],
        [ 0.74138485,  0.32528709,  0.        , ...,  0.99831227,
          0.99381701,  0.99491722],
        ...,
        [-0.71300288, -0.96291017, -0.99831227, ...,  0.        ,
         -0.16855817, -0.15830533],
        [-0.5846146 , -0.90365184, -0.99381701, ...,  0.16855817,
          0.        ,  0.01039243],
        [-0.59301452, -0.90805378, -0.99491722, ...,  0.15830533,
         -0.01039243,  0.        ]],

       [[ 0.        , -0.25575197, -0.59941583, ..., -0.65616697,
         -0.69111474, -0.70190513],
        [ 0.25575197,  0.        , -0.37476717, ..., -0.44134999,
         -0.48328646, -0.49639689],
        [ 0.59941583,  0.37476717,  0.        , ..., -0.07289223,
         -0.11996953, -0.13488521],
        ...,
        [ 0.65616697,  0.44134999,  0.07289223, ...,  0.        ,
         -0.04728461, -0.0623003 ],
        [ 0.69111474,  0.48328646,  0.11996953, ...,  0.04728461,
          0.        , -0.01503786],
        [ 0.70190513,  0.49639689,  0.13488521, ...,  0.0623003 ,
          0.01503786,  0.        ]],

       [[ 0.        , -0.29448155, -0.46547087, ..., -0.70755618,
         -0.59951007, -0.53579483],
        [ 0.29448155,  0.        , -0.18419579, ..., -0.46808365,
         -0.33723271, -0.2633912 ],
        [ 0.46547087,  0.18419579,  0.        , ..., -0.29730364,
         -0.15805667, -0.08119279],
        ...,
        [ 0.70755618,  0.46808365,  0.29730364, ...,  0.        ,
          0.14265672,  0.21880057],
        [ 0.59951007,  0.33723271,  0.15805667, ..., -0.14265672,
          0.        ,  0.07736263],
        [ 0.53579483,  0.2633912 ,  0.08119279, ..., -0.21880057,
         -0.07736263,  0.        ]]]), 'num': array([ 8.01971858e-01,  5.97358738e-01,  1.45943737e-05, -3.24005407e-11,
        1.26852523e-04,  1.27033483e-04,  1.24771490e-04,  1.88426666e-03,
        1.90007346e-06,  1.24662915e-04,  1.27494929e-04,  1.23970745e-04,
        3.50937050e-07,  1.35864550e-04,  1.19125308e-04])}
{'img': array([[[ 0.        , -0.29901536, -0.58668741, ...,  0.21342389,
          0.28483545,  0.46542197],
        [ 0.29901536,  0.        , -0.31769879, ...,  0.49578534,
          0.55843281,  0.7087833 ],
        [ 0.58668741,  0.31769879,  0.        , ...,  0.7460035 ,
          0.79304831,  0.89617551],
        ...,
        [-0.21342389, -0.49578534, -0.7460035 , ...,  0.        ,
          0.07368964,  0.26579938],
        [-0.28483545, -0.55843281, -0.79304831, ..., -0.07368964,
          0.        ,  0.19403783],
        [-0.46542197, -0.7087833 , -0.89617551, ..., -0.26579938,
         -0.19403783,  0.        ]],

       [[ 0.        , -0.02963357,  0.03092746, ..., -0.03175907,
         -0.20139744, -0.08720887],
        [ 0.02963357,  0.        ,  0.06053327, ..., -0.0021265 ,
         -0.17228262, -0.0576499 ],
        [-0.03092746, -0.06053327,  0.        , ..., -0.06265573,
         -0.23159484, -0.11797678],
        ...,
        [ 0.03175907,  0.0021265 ,  0.06265573, ...,  0.        ,
         -0.17018753, -0.05552681],
        [ 0.20139744,  0.17228262,  0.23159484, ...,  0.17018753,
          0.        ,  0.1152082 ],
        [ 0.08720887,  0.0576499 ,  0.11797678, ...,  0.05552681,
         -0.1152082 ,  0.        ]],

       [[ 0.        , -0.11360592, -0.35359779, ...,  0.26223523,
          0.12674239,  0.01427876],
        [ 0.11360592,  0.        , -0.24504186, ...,  0.37016765,
          0.23861161,  0.12778065],
        [ 0.35359779,  0.24504186,  0.        , ...,  0.58651747,
          0.46930079,  0.36691806],
        ...,
        [-0.26223523, -0.37016765, -0.58651747, ...,  0.        ,
         -0.13781356, -0.24842944],
        [-0.12674239, -0.23861161, -0.46930079, ...,  0.13781356,
          0.        , -0.11256586],
        [-0.01427876, -0.12778065, -0.36691806, ...,  0.24842944,
          0.11256586,  0.        ]],

       ...,

       [[ 0.        , -0.32528709, -0.10103872, ...,  0.90365184,
          0.90805378,  0.79986578],
        [ 0.32528709,  0.        ,  0.22807867, ...,  0.99381701,
          0.99491722,  0.95159578],
        [ 0.10103872, -0.22807867,  0.        , ...,  0.94229903,
          0.94572724,  0.85641377],
        ...,
        [-0.90365184, -0.99381701, -0.94229903, ...,  0.        ,
          0.01039243, -0.19979598],
        [-0.90805378, -0.99491722, -0.94572724, ..., -0.01039243,
          0.        , -0.20996808],
        [-0.79986578, -0.95159578, -0.85641377, ...,  0.19979598,
          0.20996808,  0.        ]],

       [[ 0.        , -0.55644693, -0.75829632, ..., -0.65930381,
         -0.67125676, -0.68588311],
        [ 0.55644693,  0.        , -0.26730231, ..., -0.12942499,
         -0.14528362, -0.16495577],
        [ 0.75829632,  0.26730231,  0.        , ...,  0.14033852,
          0.1244691 ,  0.10468704],
        ...,
        [ 0.65930381,  0.12942499, -0.14033852, ...,  0.        ,
         -0.01600987, -0.03591637],
        [ 0.67125676,  0.14528362, -0.1244691 , ...,  0.01600987,
          0.        , -0.01991223],
        [ 0.68588311,  0.16495577, -0.10468704, ...,  0.03591637,
          0.01991223,  0.        ]],

       [[ 0.        , -0.18419579, -0.37892702, ..., -0.33723271,
         -0.2633912 , -0.11963333],
        [ 0.18419579,  0.        , -0.20198374, ..., -0.15805667,
         -0.08119279,  0.06528658],
        [ 0.37892702,  0.20198374,  0.        , ...,  0.04464587,
          0.12179756,  0.26549377],
        ...,
        [ 0.33723271,  0.15805667, -0.04464587, ...,  0.        ,
          0.07736263,  0.22218539],
        [ 0.2633912 ,  0.08119279, -0.12179756, ..., -0.07736263,
          0.        ,  0.1460906 ],
        [ 0.11963333, -0.06528658, -0.26549377, ..., -0.22218539,
         -0.1460906 ,  0.        ]]]), 'num': array([8.47622891e-01, 5.30583161e-01, 2.18346921e-05, 3.57260246e-09,
       1.37068625e-04, 1.38862223e-04, 1.33670229e-04, 4.09883333e-03,
       4.71999398e-06, 1.31461272e-04, 1.33575830e-04, 1.29502475e-04,
       4.98573091e-07, 1.41836547e-04, 1.25315112e-04])}
{'img': array([[[ 0.        , -0.31769879, -0.21146023, ...,  0.55843281,
          0.7087833 ,  0.96713253],
        [ 0.31769879,  0.        ,  0.11000971, ...,  0.79304831,
          0.89617551,  0.9978092 ],
        [ 0.21146023, -0.11000971,  0.        , ...,  0.72122153,
          0.8419249 ,  0.99903097],
        ...,
        [-0.55843281, -0.79304831, -0.72122153, ...,  0.        ,
          0.19403783,  0.66029027],
        [-0.7087833 , -0.89617551, -0.8419249 , ..., -0.19403783,
          0.        ,  0.50201638],
        [-0.96713253, -0.9978092 , -0.99903097, ..., -0.66029027,
         -0.50201638,  0.        ]],

       [[ 0.        ,  0.06053327, -0.05665161, ..., -0.17228262,
         -0.0576499 ,  0.19102034],
        [-0.06053327,  0.        , -0.11698378, ..., -0.23159484,
         -0.11797678,  0.13125143],
        [ 0.05665161,  0.11698378,  0.        , ..., -0.11620141,
         -0.00099993,  0.24632199],
        ...,
        [ 0.17228262,  0.23159484,  0.11620141, ...,  0.        ,
          0.1152082 ,  0.35727434],
        [ 0.0576499 ,  0.11797678,  0.00099993, ..., -0.1152082 ,
          0.        ,  0.24729099],
        [-0.19102034, -0.13125143, -0.24632199, ..., -0.35727434,
         -0.24729099,  0.        ]],

       [[ 0.        , -0.24504186, -0.46073019, ...,  0.23861161,
          0.12778065,  0.30211097],
        [ 0.24504186,  0.        , -0.22919916, ...,  0.46930079,
          0.36691806,  0.52649209],
        [ 0.46073019,  0.22919916,  0.        , ...,  0.65919945,
          0.57036381,  0.70733719],
        ...,
        [-0.23861161, -0.46930079, -0.65919945, ...,  0.        ,
         -0.11256586,  0.06592257],
        [-0.12778065, -0.36691806, -0.57036381, ...,  0.11256586,
          0.        ,  0.17782458],
        [-0.30211097, -0.52649209, -0.70733719, ..., -0.06592257,
         -0.17782458,  0.        ]],

       ...,

       [[ 0.        ,  0.22807867,  0.54880623, ...,  0.99491722,
          0.95159578,  0.99689977],
        [-0.22807867,  0.        ,  0.3436789 , ...,  0.94572724,
          0.85641377,  0.98856987],
        [-0.54880623, -0.3436789 ,  0.        , ...,  0.77643795,
          0.62680922,  0.87653912],
        ...,
        [-0.99491722, -0.94572724, -0.77643795, ...,  0.        ,
         -0.20996808,  0.17866607],
        [-0.95159578, -0.85641377, -0.62680922, ...,  0.20996808,
          0.        ,  0.38127294],
        [-0.99689977, -0.98856987, -0.87653912, ..., -0.17866607,
         -0.38127294,  0.        ]],

       [[ 0.        , -0.593959  , -0.62089832, ..., -0.43161043,
         -0.46119515, -0.43579005],
        [ 0.593959  ,  0.        , -0.03391061, ...,  0.18855815,
          0.15598974,  0.18400078],
        [ 0.62089832,  0.03391061,  0.        , ...,  0.22175203,
          0.18939552,  0.21722657],
        ...,
        [ 0.43161043, -0.18855815, -0.22175203, ...,  0.        ,
         -0.03305835, -0.00463856],
        [ 0.46119515, -0.15598974, -0.18939552, ...,  0.03305835,
          0.        ,  0.02842198],
        [ 0.43579005, -0.18400078, -0.21722657, ...,  0.00463856,
         -0.02842198,  0.        ]],

       [[ 0.        , -0.20198374, -0.45269713, ..., -0.08119279,
          0.06528658,  0.3541582 ],
        [ 0.20198374,  0.        , -0.26326483, ...,  0.12179756,
          0.26549377,  0.53575087],
        [ 0.45269713,  0.26326483,  0.        , ...,  0.3788058 ,
          0.50994504,  0.73914604],
        ...,
        [ 0.08119279, -0.12179756, -0.3788058 , ...,  0.        ,
          0.1460906 ,  0.42891924],
        [-0.06528658, -0.26549377, -0.50994504, ..., -0.1460906 ,
          0.        ,  0.29234756],
        [-0.3541582 , -0.53575087, -0.73914604, ..., -0.42891924,
         -0.29234756,  0.        ]]]), 'num': array([ 9.18185808e-01,  3.96140068e-01,  3.69197836e-05,  1.74973630e-08,
        1.46807013e-04,  1.51375266e-04,  1.46184070e-04,  2.77392578e-03,
       -3.94530870e-06,  1.45810304e-04,  1.47346898e-04,  1.42593493e-04,
        4.71445320e-07,  1.55483832e-04,  1.39209964e-04])}
{'img': array([[[ 0.        ,  0.11000971,  0.48836933, ...,  0.89617551,
          0.9978092 ,  0.94117158],
        [-0.11000971,  0.        ,  0.38940663, ...,  0.8419249 ,
          0.99903097,  0.89828367],
        [-0.48836933, -0.38940663,  0.        , ...,  0.5653466 ,
          0.90303453,  0.65626698],
        ...,
        [-0.89617551, -0.8419249 , -0.5653466 , ...,  0.        ,
          0.50201638,  0.11475383],
        [-0.9978092 , -0.99903097, -0.90303453, ..., -0.50201638,
          0.        , -0.39945426],
        [-0.94117158, -0.89828367, -0.65626698, ..., -0.11475383,
          0.39945426,  0.        ]],

       [[ 0.        , -0.11698378, -0.12210411, ..., -0.11797678,
          0.13125143, -0.04191825],
        [ 0.11698378,  0.        , -0.0051573 , ..., -0.00099993,
          0.24632199,  0.07525052],
        [ 0.12210411,  0.0051573 ,  0.        , ...,  0.00415739,
          0.25131711,  0.0803922 ],
        ...,
        [ 0.11797678,  0.00099993, -0.00415739, ...,  0.        ,
          0.24729099,  0.07624757],
        [-0.13125143, -0.24632199, -0.25131711, ..., -0.24729099,
          0.        , -0.17269168],
        [ 0.04191825, -0.07525052, -0.0803922 , ..., -0.07624757,
          0.17269168,  0.        ]],

       [[ 0.        , -0.22919916, -0.33123816, ...,  0.36691806,
          0.52649209,  0.64697225],
        [ 0.22919916,  0.        , -0.10616022, ...,  0.57036381,
          0.70733719,  0.80451702],
        [ 0.33123816,  0.10616022,  0.        , ...,  0.65433988,
          0.7783822 ,  0.86302242],
        ...,
        [-0.36691806, -0.57036381, -0.65433988, ...,  0.        ,
          0.17782458,  0.32206805],
        [-0.52649209, -0.70733719, -0.7783822 , ..., -0.17782458,
          0.        ,  0.14858553],
        [-0.64697225, -0.80451702, -0.86302242, ..., -0.32206805,
         -0.14858553,  0.        ]],

       ...,

       [[ 0.        ,  0.50950441,  0.86972368, ...,  0.94577875,
          0.99779454,  0.99012871],
        [-0.50950441,  0.        ,  0.49690916, ...,  0.64831946,
          0.89239026,  0.78056143],
        [-0.86972368, -0.49690916,  0.        , ...,  0.18428234,
          0.55018111,  0.36676569],
        ...,
        [-0.94577875, -0.64831946, -0.18428234, ...,  0.        ,
          0.38687423,  0.1890439 ],
        [-0.99779454, -0.89239026, -0.55018111, ..., -0.38687423,
          0.        , -0.20557484],
        [-0.99012871, -0.78056143, -0.36676569, ..., -0.1890439 ,
          0.20557484,  0.        ]],

       [[ 0.        , -0.03443052, -0.15867859, ...,  0.15930379,
          0.18814627,  0.04597927],
        [ 0.03443052,  0.        , -0.12459021, ...,  0.19320016,
          0.22185034,  0.08034611],
        [ 0.15867859,  0.12459021,  0.        , ...,  0.31393765,
          0.34160726,  0.20390749],
        ...,
        [-0.15930379, -0.19320016, -0.31393765, ...,  0.        ,
          0.02928478, -0.11374321],
        [-0.18814627, -0.22185034, -0.34160726, ..., -0.02928478,
          0.        , -0.14278916],
        [-0.04597927, -0.08034611, -0.20390749, ...,  0.11374321,
          0.14278916,  0.        ]],

       [[ 0.        , -0.25389411, -0.34224591, ...,  0.25180697,
          0.50103049,  0.94780567],
        [ 0.25389411,  0.        , -0.09246965, ...,  0.48926877,
          0.70434022,  0.99770177],
        [ 0.34224591,  0.09246965,  0.        , ...,  0.56781834,
          0.76696322,  0.9996927 ],
        ...,
        [-0.25180697, -0.48926877, -0.56781834, ...,  0.        ,
          0.26696481,  0.83697669],
        [-0.50103049, -0.70434022, -0.76696322, ..., -0.26696481,
          0.        ,  0.66050626],
        [-0.94780567, -0.99770177, -0.9996927 , ..., -0.83697669,
         -0.66050626,  0.        ]]]), 'num': array([9.95739358e-01, 9.21070381e-02, 6.32352886e-05, 1.67464685e-09,
       1.59370772e-04, 1.66285389e-04, 1.58143985e-04, 4.38395646e-03,
       1.67289123e-06, 1.57876322e-04, 1.58801989e-04, 1.53422714e-04,
       5.70942543e-07, 1.66411272e-04, 1.51192705e-04])}
{'img': array([[[ 0.        ,  0.38940663,  0.5738314 , ...,  0.99903097,
          0.89828367,  0.9541029 ],
        [-0.38940663,  0.        ,  0.20962286, ...,  0.90303453,
          0.65626698,  0.76217258],
        [-0.5738314 , -0.20962286,  0.        , ...,  0.79292393,
          0.48351977,  0.6095345 ],
        ...,
        [-0.99903097, -0.90303453, -0.79292393, ...,  0.        ,
         -0.39945426, -0.25719606],
        [-0.89828367, -0.65626698, -0.48351977, ...,  0.39945426,
          0.        ,  0.15023102],
        [-0.9541029 , -0.76217258, -0.6095345 , ...,  0.25719606,
         -0.15023102,  0.        ]],

       [[ 0.        , -0.0051573 ,  0.01691973, ...,  0.24632199,
          0.07525052,  0.20857927],
        [ 0.0051573 ,  0.        ,  0.02207607, ...,  0.25131711,
          0.0803922 ,  0.21362036],
        [-0.01691973, -0.02207607,  0.        , ...,  0.22988833,
          0.05836799,  0.19200182],
        ...,
        [-0.24632199, -0.25131711, -0.22988833, ...,  0.        ,
         -0.17269168, -0.03875172],
        [-0.07525052, -0.0803922 , -0.05836799, ...,  0.17269168,
          0.        ,  0.13439246],
        [-0.20857927, -0.21362036, -0.19200182, ...,  0.03875172,
         -0.13439246,  0.        ]],

       [[ 0.        , -0.10616022, -0.07758439, ...,  0.70733719,
          0.80451702,  0.88500461],
        [ 0.10616022,  0.        ,  0.02869428, ...,  0.7783822 ,
          0.86302242,  0.9294298 ],
        [ 0.07758439, -0.02869428,  0.        , ...,  0.76004769,
          0.8481717 ,  0.91845894],
        ...,
        [-0.70733719, -0.7783822 , -0.76004769, ...,  0.        ,
          0.14858553,  0.29626515],
        [-0.80451702, -0.86302242, -0.8481717 , ..., -0.14858553,
          0.        ,  0.15106158],
        [-0.88500461, -0.9294298 , -0.91845894, ..., -0.29626515,
         -0.15106158,  0.        ]],

       ...,

       [[ 0.        ,  0.79580585,  0.92280897, ...,  0.99999337,
          0.97420352,  0.99863431],
        [-0.79580585,  0.        ,  0.25221826, ...,  0.60264956,
          0.41034026,  0.56314818],
        [-0.92280897, -0.25221826,  0.        , ...,  0.38189446,
          0.16706809,  0.33651976],
        ...,
        [-0.99999337, -0.60264956, -0.38189446, ...,  0.        ,
         -0.22212174, -0.04860744],
        [-0.97420352, -0.41034026, -0.16706809, ...,  0.22212174,
          0.        ,  0.17446601],
        [-0.99863431, -0.56314818, -0.33651976, ...,  0.04860744,
         -0.17446601,  0.        ]],

       [[ 0.        , -0.12459021, -0.31303861, ...,  0.22185034,
          0.08034611, -0.04767118],
        [ 0.12459021,  0.        , -0.19227115, ...,  0.34160726,
          0.20390749,  0.07714882],
        [ 0.31303861,  0.19227115,  0.        , ...,  0.51593815,
          0.38833452,  0.26740746],
        ...,
        [-0.22185034, -0.34160726, -0.51593815, ...,  0.        ,
         -0.14278916, -0.26808137],
        [-0.08034611, -0.20390749, -0.38833452, ...,  0.14278916,
          0.        , -0.12777183],
        [ 0.04767118, -0.07714882, -0.26740746, ...,  0.26808137,
          0.12777183,  0.        ]],

       [[ 0.        , -0.08164232, -0.07572716, ...,  0.58906077,
          0.79568763,  0.99805831],
        [ 0.08164232,  0.        ,  0.00593353, ...,  0.65306855,
          0.84248272,  0.98964126],
        [ 0.07572716, -0.00593353,  0.        , ...,  0.6485636 ,
          0.83927136,  0.99047567],
        ...,
        [-0.58906077, -0.65306855, -0.6485636 , ...,  0.        ,
          0.28618787,  0.84321025],
        [-0.79568763, -0.84248272, -0.83927136, ..., -0.28618787,
          0.        ,  0.65409174],
        [-0.99805831, -0.98964126, -0.99047567, ..., -0.84321025,
         -0.65409174,  0.        ]]]), 'num': array([ 9.32758654e-01,  3.60493683e-01,  4.04713558e-05,  1.12031242e-08,
        1.48756166e-04,  1.52227845e-04,  1.48335356e-04,  2.32777099e-03,
       -1.57803571e-06,  1.49618825e-04,  1.49829230e-04,  1.44919786e-04,
        5.23300501e-07,  1.56982868e-04,  1.42675592e-04])}
{'img': array([[[ 0.00000000e+00,  2.09622862e-01,  3.34473761e-01, ...,
          6.56266984e-01,  7.62172580e-01,  6.56266984e-01],
        [-2.09622862e-01,  0.00000000e+00,  1.29492881e-01, ...,
          4.83519773e-01,  6.09534501e-01,  4.83519773e-01],
        [-3.34473761e-01, -1.29492881e-01,  0.00000000e+00, ...,
          3.66099258e-01,  5.01745717e-01,  3.66099258e-01],
        ...,
        [-6.56266984e-01, -4.83519773e-01, -3.66099258e-01, ...,
          0.00000000e+00,  1.50231016e-01,  0.00000000e+00],
        [-7.62172580e-01, -6.09534501e-01, -5.01745717e-01, ...,
         -1.50231016e-01,  0.00000000e+00, -1.50231016e-01],
        [-6.56266984e-01, -4.83519773e-01, -3.66099258e-01, ...,
          0.00000000e+00,  1.50231016e-01,  0.00000000e+00]],

       [[ 0.00000000e+00,  2.20760679e-02, -8.58903545e-02, ...,
          8.03921992e-02,  2.13620364e-01,  2.20882267e-02],
        [-2.20760679e-02,  0.00000000e+00, -1.07863910e-01, ...,
          5.83679926e-02,  1.92001823e-01,  1.21617417e-05],
        [ 8.58903545e-02,  1.07863910e-01,  0.00000000e+00, ...,
          1.65707471e-01,  2.96738677e-01,  1.07876001e-01],
        ...,
        [-8.03921992e-02, -5.83679926e-02, -1.65707471e-01, ...,
          0.00000000e+00,  1.34392455e-01, -5.83558516e-02],
        [-2.13620364e-01, -1.92001823e-01, -2.96738677e-01, ...,
         -1.34392455e-01,  0.00000000e+00, -1.91989888e-01],
        [-2.20882267e-02, -1.21617417e-05, -1.07876001e-01, ...,
          5.83558516e-02,  1.91989888e-01,  0.00000000e+00]],

       [[ 0.00000000e+00,  2.86942757e-02,  1.74671771e-01, ...,
          8.63022424e-01,  9.29429801e-01,  9.60698855e-01],
        [-2.86942757e-02,  0.00000000e+00,  1.46346696e-01, ...,
          8.48171700e-01,  9.18458936e-01,  9.52337950e-01],
        [-1.74671771e-01, -1.46346696e-01,  0.00000000e+00, ...,
          7.61516765e-01,  8.50687710e-01,  8.97442150e-01],
        ...,
        [-8.63022424e-01, -8.48171700e-01, -7.61516765e-01, ...,
          0.00000000e+00,  1.51061583e-01,  2.45743294e-01],
        [-9.29429801e-01, -9.18458936e-01, -8.50687710e-01, ...,
         -1.51061583e-01,  0.00000000e+00,  9.64939595e-02],
        [-9.60698855e-01, -9.52337950e-01, -8.97442150e-01, ...,
         -2.45743294e-01, -9.64939595e-02,  0.00000000e+00]],

       ...,

       [[ 0.00000000e+00,  4.06572623e-01,  6.35842657e-01, ...,
          5.99829780e-01,  7.58915151e-01,  7.23185590e-01],
        [-4.06572623e-01,  0.00000000e+00,  2.67117237e-01, ...,
          2.22705572e-01,  4.28603064e-01,  3.79914803e-01],
        [-6.35842657e-01, -2.67117237e-01,  0.00000000e+00, ...,
         -4.57954369e-02,  1.71690834e-01,  1.19021052e-01],
        ...,
        [-5.99829780e-01, -2.22705572e-01,  4.57954369e-02, ...,
          0.00000000e+00,  2.16626118e-01,  1.64366090e-01],
        [-7.58915151e-01, -4.28603064e-01, -1.71690834e-01, ...,
         -2.16626118e-01,  0.00000000e+00, -5.32167156e-02],
        [-7.23185590e-01, -3.79914803e-01, -1.19021052e-01, ...,
         -1.64366090e-01,  5.32167156e-02,  0.00000000e+00]],

       [[ 0.00000000e+00, -1.92271151e-01, -4.30961970e-01, ...,
          2.03907491e-01,  7.71488158e-02,  7.86675504e-02],
        [ 1.92271151e-01,  0.00000000e+00, -2.49421276e-01, ...,
          3.88334517e-01,  2.67407465e-01,  2.68875043e-01],
        [ 4.30961970e-01,  2.49421276e-01,  0.00000000e+00, ...,
          6.05907549e-01,  4.99294310e-01,  5.00613623e-01],
        ...,
        [-2.03907491e-01, -3.88334517e-01, -6.05907549e-01, ...,
          0.00000000e+00, -1.27771831e-01, -1.26260804e-01],
        [-7.71488158e-02, -2.67407465e-01, -4.99294310e-01, ...,
          1.27771831e-01,  0.00000000e+00,  1.52336439e-03],
        [-7.86675504e-02, -2.68875043e-01, -5.00613623e-01, ...,
          1.26260804e-01, -1.52336439e-03,  0.00000000e+00]],

       [[ 0.00000000e+00,  5.91104285e-03,  9.60482106e-02, ...,
          8.38254831e-01,  9.99870058e-01,  9.89096327e-01],
        [-5.91104285e-03,  0.00000000e+00,  9.01628183e-02, ...,
          8.35017020e-01,  9.99947878e-01,  9.89949566e-01],
        [-9.60482106e-02, -9.01628183e-02,  0.00000000e+00, ...,
          7.82006271e-01,  9.96795675e-01,  9.98668442e-01],
        ...,
        [-8.38254831e-01, -8.35017020e-01, -7.82006271e-01, ...,
          0.00000000e+00,  5.58720809e-01,  6.62782938e-01],
        [-9.99870058e-01, -9.99947878e-01, -9.96795675e-01, ...,
         -5.58720809e-01,  0.00000000e+00,  1.31306270e-01],
        [-9.89096327e-01, -9.89949566e-01, -9.98668442e-01, ...,
         -6.62782938e-01, -1.31306270e-01,  0.00000000e+00]]]), 'num': array([9.71885489e-01, 2.35160962e-01, 4.89843435e-05, 4.28524404e-09,
       1.57386141e-04, 1.59060462e-04, 1.49642408e-04, 1.17359622e-02,
       9.41805366e-06, 1.50960936e-04, 1.49511602e-04, 1.44441550e-04,
       5.54744794e-07, 1.57473948e-04, 1.41549256e-04])}
{'img': array([[[ 0.00000000e+00,  1.21228249e-01,  3.37452362e-01, ...,
          5.64672973e-01,  4.49080851e-01,  9.73008511e-01],
        [-1.21228249e-01,  0.00000000e+00,  2.20846220e-01, ...,
          4.60456855e-01,  3.37452362e-01,  9.93807990e-01],
        [-3.37452362e-01, -2.20846220e-01,  0.00000000e+00, ...,
          2.53046317e-01,  1.21228249e-01,  9.93807990e-01],
        ...,
        [-5.64672973e-01, -4.60456855e-01, -2.53046317e-01, ...,
          0.00000000e+00, -1.33897240e-01,  9.33347422e-01],
        [-4.49080851e-01, -3.37452362e-01, -1.21228249e-01, ...,
          1.33897240e-01,  0.00000000e+00,  9.73008511e-01],
        [-9.73008511e-01, -9.93807990e-01, -9.93807990e-01, ...,
         -9.33347422e-01, -9.73008511e-01,  0.00000000e+00]],

       [[ 0.00000000e+00, -1.07863910e-01,  1.52583116e-01, ...,
          1.92001823e-01,  1.21617417e-05,  6.66562024e-01],
        [ 1.07863910e-01,  0.00000000e+00,  2.58293789e-01, ...,
          2.96738677e-01,  1.07876001e-01,  7.43080186e-01],
        [-1.52583116e-01, -2.58293789e-01,  0.00000000e+00, ...,
          4.00093641e-02, -1.52571096e-01,  5.45013992e-01],
        ...,
        [-1.92001823e-01, -2.96738677e-01, -4.00093641e-02, ...,
          0.00000000e+00, -1.91989888e-01,  5.11032672e-01],
        [-1.21617417e-05, -1.07876001e-01,  1.52571096e-01, ...,
          1.91989888e-01,  0.00000000e+00,  6.66552958e-01],
        [-6.66562024e-01, -7.43080186e-01, -5.45013992e-01, ...,
         -5.11032672e-01, -6.66552958e-01,  0.00000000e+00]],

       [[ 0.00000000e+00,  1.46346696e-01,  3.99580950e-01, ...,
          9.18458936e-01,  9.52337950e-01,  9.97960798e-01],
        [-1.46346696e-01,  0.00000000e+00,  2.61123095e-01, ...,
          8.50687710e-01,  8.97442150e-01,  9.96557398e-01],
        [-3.99580950e-01, -2.61123095e-01,  0.00000000e+00, ...,
          6.83908591e-01,  7.51116056e-01,  9.40333759e-01],
        ...,
        [-9.18458936e-01, -8.50687710e-01, -6.83908591e-01, ...,
          0.00000000e+00,  9.64939595e-02,  4.53334876e-01],
        [-9.52337950e-01, -8.97442150e-01, -7.51116056e-01, ...,
         -9.64939595e-02,  0.00000000e+00,  3.65210468e-01],
        [-9.97960798e-01, -9.96557398e-01, -9.40333759e-01, ...,
         -4.53334876e-01, -3.65210468e-01,  0.00000000e+00]],

       ...,

       [[ 0.00000000e+00,  2.67117237e-01,  5.17622609e-01, ...,
          4.28603064e-01,  3.79914803e-01,  4.87034871e-01],
        [-2.67117237e-01,  0.00000000e+00,  2.70266371e-01, ...,
          1.71690834e-01,  1.19021052e-01,  2.36042465e-01],
        [-5.17622609e-01, -2.70266371e-01,  0.00000000e+00, ...,
         -1.00951693e-01, -1.53753492e-01, -3.53711007e-02],
        ...,
        [-4.28603064e-01, -1.71690834e-01,  1.00951693e-01, ...,
          0.00000000e+00, -5.32167156e-02,  6.56981209e-02],
        [-3.79914803e-01, -1.19021052e-01,  1.53753492e-01, ...,
          5.32167156e-02,  0.00000000e+00,  1.18706769e-01],
        [-4.87034871e-01, -2.36042465e-01,  3.53711007e-02, ...,
         -6.56981209e-02, -1.18706769e-01,  0.00000000e+00]],

       [[ 0.00000000e+00, -2.49421276e-01, -4.60592511e-01, ...,
          2.67407465e-01,  2.68875043e-01,  5.87432087e-01],
        [ 2.49421276e-01,  0.00000000e+00, -2.24646277e-01, ...,
          4.99294310e-01,  5.00613623e-01,  7.70716362e-01],
        [ 4.60592511e-01,  2.24646277e-01,  0.00000000e+00, ...,
          6.81173360e-01,  6.82287859e-01,  8.94156894e-01],
        ...,
        [-2.67407465e-01, -4.99294310e-01, -6.81173360e-01, ...,
          0.00000000e+00,  1.52336439e-03,  3.49634127e-01],
        [-2.68875043e-01, -5.00613623e-01, -6.82287859e-01, ...,
         -1.52336439e-03,  0.00000000e+00,  3.48206502e-01],
        [-5.87432087e-01, -7.70716362e-01, -8.94156894e-01, ...,
         -3.49634127e-01, -3.48206502e-01,  0.00000000e+00]],

       [[ 0.00000000e+00,  9.01628183e-02,  2.20768618e-01, ...,
          9.99947878e-01,  9.89949566e-01,  9.80087501e-01],
        [-9.01628183e-02,  0.00000000e+00,  1.31931276e-01, ...,
          9.96795675e-01,  9.98668442e-01,  9.58192365e-01],
        [-2.20768618e-01, -1.31931276e-01,  0.00000000e+00, ...,
          9.77529383e-01,  9.96745044e-01,  9.12067869e-01],
        ...,
        [-9.99947878e-01, -9.96795675e-01, -9.77529383e-01, ...,
          0.00000000e+00,  1.31306270e-01, -2.08562251e-01],
        [-9.89949566e-01, -9.98668442e-01, -9.96745044e-01, ...,
         -1.31306270e-01,  0.00000000e+00, -3.35175214e-01],
        [-9.80087501e-01, -9.58192365e-01, -9.12067869e-01, ...,
          2.08562251e-01,  3.35175214e-01,  0.00000000e+00]]]), 'num': array([9.94357869e-01, 1.05964240e-01, 5.90687254e-05, 5.54456133e-08,
       1.61028390e-04, 1.64347460e-04, 1.58351722e-04, 4.87947072e-03,
       0.00000000e+00, 1.55567986e-04, 1.53062624e-04, 1.48041194e-04,
       6.11809994e-07, 1.61520599e-04, 1.44604649e-04])}
{'img': array([[[ 0.        ,  0.22084622,  0.22084622, ...,  0.33745236,
          0.99380799,  0.99380799],
        [-0.22084622,  0.        ,  0.        , ...,  0.12122825,
          0.99380799,  0.99380799],
        [-0.22084622,  0.        ,  0.        , ...,  0.12122825,
          0.99380799,  0.99380799],
        ...,
        [-0.33745236, -0.12122825, -0.12122825, ...,  0.        ,
          0.97300851,  0.97300851],
        [-0.99380799, -0.99380799, -0.99380799, ..., -0.97300851,
          0.        ,  0.        ],
        [-0.99380799, -0.99380799, -0.99380799, ..., -0.97300851,
          0.        ,  0.        ]],

       [[ 0.        ,  0.25829379, -0.02931097, ...,  0.107876  ,
          0.74308019,  0.3518988 ],
        [-0.25829379,  0.        , -0.28649915, ..., -0.1525711 ,
          0.54501399,  0.0981848 ],
        [ 0.02931097,  0.28649915,  0.        , ...,  0.13696957,
          0.76237589,  0.37918379],
        ...,
        [-0.107876  ,  0.1525711 , -0.13696957, ...,  0.        ,
          0.66655296,  0.2488692 ],
        [-0.74308019, -0.54501399, -0.76237589, ..., -0.66655296,
          0.        , -0.46005981],
        [-0.3518988 , -0.0981848 , -0.37918379, ..., -0.2488692 ,
          0.46005981,  0.        ]],

       [[ 0.        ,  0.2611231 ,  0.47707387, ...,  0.89744215,
          0.9965574 ,  0.95526223],
        [-0.2611231 ,  0.        ,  0.23103056, ...,  0.75111606,
          0.94033376,  0.9993497 ],
        [-0.47707387, -0.23103056,  0.        , ...,  0.57827625,
          0.83628549,  0.98064426],
        ...,
        [-0.89744215, -0.75111606, -0.57827625, ...,  0.        ,
          0.36521047,  0.68682452],
        [-0.9965574 , -0.94033376, -0.83628549, ..., -0.36521047,
          0.        ,  0.37393863],
        [-0.95526223, -0.9993497 , -0.98064426, ..., -0.68682452,
         -0.37393863,  0.        ]],

       ...,

       [[ 0.        ,  0.27026637,  0.27771065, ...,  0.11902105,
          0.23604247,  0.37578883],
        [-0.27026637,  0.        ,  0.00774043, ..., -0.15375349,
         -0.0353711 ,  0.11134678],
        [-0.27771065, -0.00774043,  0.        , ..., -0.16139728,
         -0.04310563,  0.10365114],
        ...,
        [-0.11902105,  0.15375349,  0.16139728, ...,  0.        ,
          0.11870677,  0.26282017],
        [-0.23604247,  0.0353711 ,  0.04310563, ..., -0.11870677,
          0.        ,  0.14642825],
        [-0.37578883, -0.11134678, -0.10365114, ..., -0.26282017,
         -0.14642825,  0.        ]],

       [[ 0.        , -0.22464628, -0.30940827, ...,  0.50061362,
          0.77071636,  0.8933271 ],
        [ 0.22464628,  0.        , -0.08787719, ...,  0.68228786,
          0.89415689,  0.97145162],
        [ 0.30940827,  0.08787719,  0.        , ...,  0.74389388,
          0.93004503,  0.98854117],
        ...,
        [-0.50061362, -0.68228786, -0.74389388, ...,  0.        ,
          0.3482065 ,  0.54834793],
