state_0,state_1,state_2,state_3,state_4,state_5,state_6,state_7,state_8,state_9,state_10,state_11,state_12,state_13,state_14,state_15,state_16,state_17,state_18,state_19,state_20,state_21,state_22,state_23,state_24,state_25,state_26,state_27,state_28,state_29,state_30,state_31,state_32,state_33,state_34,state_35,state_36,state_37,state_38,state_39,state_40,state_41,state_42,state_43,state_44,state_45,state_46,state_47,state_48,state_49,state_50,state_51,state_52,state_53,state_54,state_55,state_56,state_57,state_58,state_59,state_60,state_61,state_62,state_63,state_64,state_65,state_66,state_67,state_68,state_69,state_70,state_71,state_72,state_73,state_74,state_75,state_76,state_77,state_78,state_79,state_80,state_81,state_82,state_83,state_84,state_85,state_86,state_87,state_88,state_89,state_90,state_91,state_92,state_93,state_94,state_95,state_96,state_97,state_98,state_99,state_100,state_101,state_102,state_103,state_104,state_105,state_106,state_107,state_108,state_109,state_110,state_111,state_112,state_113,state_114,state_115,state_116,state_117,state_118,state_119,state_120,state_121,state_122,state_123,state_124,state_125,state_126,state_127,state_128,state_129,state_130,state_131,state_132,state_133,state_134,state_135,state_136,state_137,state_138,state_139,state_140,state_141,state_142,state_143,state_144,state_145,state_146,state_147,state_148,state_149,state_150,state_151,state_152,state_153,state_154,state_155,state_156,state_157,state_158,state_159,state_160,state_161,state_162,state_163,state_164,state_165,state_166,state_167,state_168,state_169,state_170,state_171,state_172,state_173,state_174,state_175,state_176,state_177,state_178,state_179,state_180,state_181,state_182,state_183,state_184,state_185,state_186,state_187,state_188,state_189,state_190,state_191,state_192,state_193,state_194,state_195,state_196,state_197,state_198,state_199,state_200,state_201,state_202,state_203,state_204,state_205,state_206,state_207,state_208,state_209,state_210,state_211,state_212,state_213,state_214,state_215,state_216,state_217,state_218,state_219,state_220,state_221,state_222,state_223,state_224,state_225,state_226,state_227,state_228,state_229,state_230,state_231,state_232,state_233,state_234,state_235,state_236,state_237,state_238,state_239,state_240,state_241,state_242,state_243,state_244,state_245,state_246,state_247,state_248,state_249,state_250,state_251,state_252,state_253,state_254,state_255,state_256,state_257,state_258,state_259,state_260,state_261,state_262,state_263,state_264,state_265,state_266,state_267,state_268,state_269,state_270,state_271,state_272,state_273,state_274,state_275,state_276,state_277,state_278,state_279,state_280,state_281,state_282,state_283,state_284,state_285,state_286,state_287
{'img': array([[[ 0.        ,  0.        , -0.08989978, ..., -0.13818149,
          0.12202461,  0.08281428],
        [ 0.        ,  0.        , -0.08989978, ..., -0.13818149,
          0.12202461,  0.08281428],
        [ 0.08989978,  0.08989978,  0.        , ..., -0.04858461,
          0.21075847,  0.17206992],
        ...,
        [ 0.13818149,  0.13818149,  0.04858461, ...,  0.        ,
          0.25800289,  0.21972667],
        [-0.12202461, -0.12202461, -0.21075847, ..., -0.25800289,
          0.        , -0.03941004],
        [-0.08281428, -0.08281428, -0.17206992, ..., -0.21972667,
          0.03941004,  0.        ]],

       [[ 0.        ,  0.38257881,  0.00722133, ...,  0.52493269,
          0.35063982,  0.21975188],
        [-0.38257881,  0.        , -0.37589688, ...,  0.15936775,
         -0.03432489, -0.17019319],
        [-0.00722133,  0.37589688,  0.        , ...,  0.51877261,
          0.34386782,  0.21270134],
        ...,
        [-0.52493269, -0.15936775, -0.51877261, ...,  0.        ,
         -0.19316003, -0.32506069],
        [-0.35063982,  0.03432489, -0.34386782, ...,  0.19316003,
          0.        , -0.13626879],
        [-0.21975188,  0.17019319, -0.21270134, ...,  0.32506069,
          0.13626879,  0.        ]],

       [[ 0.        , -0.01136275, -0.05828353, ...,  0.23091455,
          0.09664832, -0.01136275],
        [ 0.01136275,  0.        , -0.04693633, ...,  0.24195531,
          0.10795164,  0.        ],
        [ 0.05828353,  0.04693633,  0.        , ...,  0.28723037,
          0.1544947 ,  0.04693633],
        ...,
        [-0.23091455, -0.24195531, -0.28723037, ...,  0.        ,
         -0.13579724, -0.24195531],
        [-0.09664832, -0.10795164, -0.1544947 , ...,  0.13579724,
          0.        , -0.10795164],
        [ 0.01136275,  0.        , -0.04693633, ...,  0.24195531,
          0.10795164,  0.        ]],

       ...,

       [[ 0.        ,  0.10709991, -0.1754158 , ..., -0.9604481 ,
         -0.67902337, -0.66112794],
        [-0.10709991,  0.        , -0.27984612, ..., -0.9847468 ,
         -0.75374163, -0.73767949],
        [ 0.1754158 ,  0.27984612,  0.        , ..., -0.8967097 ,
         -0.53971907, -0.519267  ],
        ...,
        [ 0.9604481 ,  0.9847468 ,  0.8967097 , ...,  0.        ,
          0.51600075,  0.5365014 ],
        [ 0.67902337,  0.75374163,  0.53971907, ..., -0.51600075,
          0.        ,  0.024108  ],
        [ 0.66112794,  0.73767949,  0.519267  , ..., -0.5365014 ,
         -0.024108  ,  0.        ]],

       [[ 0.        ,  0.00503189,  0.00775558, ...,  0.59848998,
          0.60008851,  0.61301629],
        [-0.00503189,  0.        ,  0.00272374, ...,  0.5944512 ,
          0.59605573,  0.60903299],
        [-0.00775558, -0.00272374,  0.        , ...,  0.59225875,
          0.59386652,  0.60687041],
        ...,
        [-0.59848998, -0.5944512 , -0.59225875, ...,  0.        ,
          0.00199684,  0.01825679],
        [-0.60008851, -0.59605573, -0.59386652, ..., -0.00199684,
          0.        ,  0.01626025],
        [-0.61301629, -0.60903299, -0.60687041, ..., -0.01825679,
         -0.01626025,  0.        ]],

       [[ 0.        , -0.03537379, -0.09494505, ...,  0.25488273,
          0.13541278,  0.03308954],
        [ 0.03537379,  0.        , -0.05967164, ...,  0.28892868,
          0.170376  ,  0.06842325],
        [ 0.09494505,  0.05967164,  0.        , ...,  0.3455405 ,
          0.22887159,  0.12783311],
        ...,
        [-0.25488273, -0.28892868, -0.3455405 , ...,  0.        ,
         -0.12159472, -0.2227465 ],
        [-0.13541278, -0.170376  , -0.22887159, ...,  0.12159472,
          0.        , -0.10255387],
        [-0.03308954, -0.06842325, -0.12783311, ...,  0.2227465 ,
          0.10255387,  0.        ]]]), 'num': array([7.07086738e-01, 7.07086738e-01, 0.00000000e+00, 0.00000000e+00,
       2.63539816e-03, 2.68834143e-03, 2.62363299e-03, 6.65567452e-04,
       4.70606814e-05, 2.58833748e-03, 2.67069367e-03, 2.65775198e-03,
       4.15241307e-07, 2.78686542e-03, 2.55452192e-03])}
{'img': array([[[ 0.        , -0.08989978, -0.18923899, ...,  0.12202461,
          0.08281428,  0.36501042],
        [ 0.08989978,  0.        , -0.10019734, ...,  0.21075847,
          0.17206992,  0.44722942],
        [ 0.18923899,  0.10019734,  0.        , ...,  0.30764457,
          0.26990686,  0.53459721],
        ...,
        [-0.12202461, -0.21075847, -0.30764457, ...,  0.        ,
         -0.03941004,  0.24867739],
        [-0.08281428, -0.17206992, -0.26990686, ...,  0.03941004,
          0.        ,  0.28665623],
        [-0.36501042, -0.44722942, -0.53459721, ..., -0.24867739,
         -0.28665623,  0.        ]],

       [[ 0.        , -0.37589688, -0.11828983, ..., -0.03432489,
         -0.17019319,  0.36278812],
        [ 0.37589688,  0.        ,  0.26364312, ...,  0.34386782,
          0.21270134,  0.68646943],
        [ 0.11828983, -0.26364312,  0.        , ...,  0.08413623,
         -0.05243421,  0.47047197],
        ...,
        [ 0.03432489, -0.34386782, -0.08413623, ...,  0.        ,
         -0.13626879,  0.39456073],
        [ 0.17019319, -0.21270134,  0.05243421, ...,  0.13626879,
          0.        ,  0.51609351],
        [-0.36278812, -0.68646943, -0.47047197, ..., -0.39456073,
         -0.51609351,  0.        ]],

       [[ 0.        , -0.04693633, -0.14946365, ...,  0.10795164,
          0.        ,  0.03368025],
        [ 0.04693633,  0.        , -0.10288982, ...,  0.1544947 ,
          0.04693633,  0.08055283],
        [ 0.14946365,  0.10288982,  0.        , ...,  0.25532925,
          0.14946365,  0.18268078],
        ...,
        [-0.10795164, -0.1544947 , -0.25532925, ...,  0.        ,
         -0.10795164, -0.07440696],
        [ 0.        , -0.04693633, -0.14946365, ...,  0.10795164,
          0.        ,  0.03368025],
        [-0.03368025, -0.08055283, -0.18268078, ...,  0.07440696,
         -0.03368025,  0.        ]],

       ...,

       [[ 0.        , -0.27984612, -0.52748666, ..., -0.75374163,
         -0.73767949, -0.3422962 ],
        [ 0.27984612,  0.        , -0.26866386, ..., -0.53971907,
         -0.519267  , -0.0656785 ],
        [ 0.52748666,  0.26866386,  0.        , ..., -0.29370238,
         -0.27057225,  0.20482001],
        ...,
        [ 0.75374163,  0.53971907,  0.29370238, ...,  0.        ,
          0.024108  ,  0.4832626 ],
        [ 0.73767949,  0.519267  ,  0.27057225, ..., -0.024108  ,
          0.        ,  0.46201618],
        [ 0.3422962 ,  0.0656785 , -0.20482001, ..., -0.4832626 ,
         -0.46201618,  0.        ]],

       [[ 0.        ,  0.00272374, -0.04425913, ...,  0.59605573,
          0.60903299,  0.59145472],
        [-0.00272374,  0.        , -0.04698003, ...,  0.59386652,
          0.60687041,  0.58925627],
        [ 0.04425913,  0.04698003,  0.        , ...,  0.63100921,
          0.64354009,  0.62656297],
        ...,
        [-0.59605573, -0.59386652, -0.63100921, ...,  0.        ,
          0.01626025, -0.00571805],
        [-0.60903299, -0.60687041, -0.64354009, ..., -0.01626025,
          0.        , -0.02197728],
        [-0.59145472, -0.58925627, -0.62656297, ...,  0.00571805,
          0.02197728,  0.        ]],

       [[ 0.        , -0.05967164, -0.10317066, ...,  0.170376  ,
          0.06842325,  0.03316452],
        [ 0.05967164,  0.        , -0.0436336 , ...,  0.22887159,
          0.12783311,  0.09274423],
        [ 0.10317066,  0.0436336 ,  0.        , ...,  0.27112903,
          0.17098698,  0.13610144],
        ...,
        [-0.170376  , -0.22887159, -0.27112903, ...,  0.        ,
         -0.10255387, -0.13760266],
        [-0.06842325, -0.12783311, -0.17098698, ...,  0.10255387,
          0.        , -0.03529882],
        [-0.03316452, -0.09274423, -0.13610144, ...,  0.13760266,
          0.03529882,  0.        ]]]), 'num': array([ 7.41308901e-01,  6.71117596e-01,  3.07856599e-07, -1.62892510e-11,
        2.80765218e-03,  2.80765218e-03,  2.75839513e-03,  4.41195449e-04,
        4.92570559e-05,  2.73376660e-03,  2.79656935e-03,  2.78363937e-03,
        5.42662480e-07,  2.91813802e-03,  2.67500068e-03])}
{'img': array([[[ 0.        , -0.10019734, -0.66143783, ...,  0.17206992,
          0.44722942,  0.66143783],
        [ 0.10019734,  0.        , -0.58296119, ...,  0.26990686,
          0.53459721,  0.7332572 ],
        [ 0.66143783,  0.58296119,  0.        , ...,  0.78062475,
          0.92702481,  0.99215674],
        ...,
        [-0.17206992, -0.26990686, -0.78062475, ...,  0.        ,
          0.28665623,  0.52251987],
        [-0.44722942, -0.53459721, -0.92702481, ..., -0.28665623,
          0.        ,  0.25618068],
        [-0.66143783, -0.7332572 , -0.99215674, ..., -0.52251987,
         -0.25618068,  0.        ]],

       [[ 0.        ,  0.26364312,  0.52876468, ...,  0.21270134,
          0.68646943,  0.3185221 ],
        [-0.26364312,  0.        ,  0.28628517, ..., -0.05243421,
          0.47047197,  0.0573415 ],
        [-0.52876468, -0.28628517,  0.        , ..., -0.3361309 ,
          0.19815779, -0.23087269],
        ...,
        [-0.21270134,  0.05243421,  0.3361309 , ...,  0.        ,
          0.51609351,  0.10961056],
        [-0.68646943, -0.47047197, -0.19815779, ..., -0.51609351,
          0.        , -0.41909887],
        [-0.3185221 , -0.0573415 ,  0.23087269, ..., -0.10961056,
          0.41909887,  0.        ]],

       [[ 0.        , -0.10288982, -0.27578698, ...,  0.04693633,
          0.08055283,  0.27831923],
        [ 0.10288982,  0.        , -0.17542368, ...,  0.14946365,
          0.18268078,  0.37566663],
        [ 0.27578698,  0.17542368,  0.        , ...,  0.32059911,
          0.35231966,  0.53241593],
        ...,
        [-0.04693633, -0.14946365, -0.32059911, ...,  0.        ,
          0.03368025,  0.23293068],
        [-0.08055283, -0.18268078, -0.35231966, ..., -0.03368025,
          0.        ,  0.20004471],
        [-0.27831923, -0.37566663, -0.53241593, ..., -0.23293068,
         -0.20004471,  0.        ]],

       ...,

       [[ 0.        , -0.26866386, -0.34239238, ..., -0.519267  ,
         -0.0656785 ,  0.18395455],
        [ 0.26866386,  0.        , -0.07737895, ..., -0.27057225,
          0.20482001,  0.44127032],
        [ 0.34239238,  0.07737895,  0.        , ..., -0.19526832,
          0.2799444 ,  0.50938516],
        ...,
        [ 0.519267  ,  0.27057225,  0.19526832, ...,  0.        ,
          0.46201618,  0.66761536],
        [ 0.0656785 , -0.20482001, -0.2799444 , ..., -0.46201618,
          0.        ,  0.24811504],
        [-0.18395455, -0.44127032, -0.50938516, ..., -0.66761536,
         -0.24811504,  0.        ]],

       [[ 0.        , -0.04698003, -0.12631708, ...,  0.60687041,
          0.58925627,  0.59441068],
        [ 0.04698003,  0.        , -0.07957389, ...,  0.64354009,
          0.62656297,  0.63153389],
        [ 0.12631708,  0.07957389,  0.        , ...,  0.70240624,
          0.68659368,  0.69122876],
        ...,
        [-0.60687041, -0.64354009, -0.70240624, ...,  0.        ,
         -0.02197728, -0.01558382],
        [-0.58925627, -0.62656297, -0.68659368, ...,  0.02197728,
          0.        ,  0.00639456],
        [-0.59441068, -0.63153389, -0.69122876, ...,  0.01558382,
         -0.00639456,  0.        ]],

       [[ 0.        , -0.0436336 , -0.10068515, ...,  0.12783311,
          0.09274423,  0.10415589],
        [ 0.0436336 ,  0.        , -0.05717739, ...,  0.17098698,
          0.13610144,  0.14745297],
        [ 0.10068515,  0.05717739,  0.        , ...,  0.22704261,
          0.19252413,  0.20376413],
        ...,
        [-0.12783311, -0.17098698, -0.22704261, ...,  0.        ,
         -0.03529882, -0.02383646],
        [-0.09274423, -0.13610144, -0.19252413, ...,  0.03529882,
          0.        ,  0.01146718],
        [-0.10415589, -0.14745297, -0.20376413, ...,  0.02383646,
         -0.01146718,  0.        ]]]), 'num': array([ 7.39646235e-01,  6.72949880e-01,  2.95116615e-07,  2.02209305e-09,
        2.77901479e-03,  2.79745958e-03,  2.76057000e-03,  2.40089663e-04,
       -2.45930512e-05,  2.75073278e-03,  2.78977425e-03,  2.78126915e-03,
        5.41880790e-07,  2.90974417e-03,  2.66980433e-03])}
{'img': array([[[ 0.00000000e+00, -5.82961191e-01,  1.00197342e-01, ...,
          5.34597212e-01,  7.33257204e-01,  6.40959444e-01],
        [ 5.82961191e-01,  0.00000000e+00,  6.61437828e-01, ...,
          9.27024811e-01,  9.92156742e-01,  9.68245837e-01],
        [-1.00197342e-01, -6.61437828e-01,  0.00000000e+00, ...,
          4.47229423e-01,  6.61437828e-01,  5.60824920e-01],
        ...,
        [-5.34597212e-01, -9.27024811e-01, -4.47229423e-01, ...,
          0.00000000e+00,  2.56180677e-01,  1.31335986e-01],
        [-7.33257204e-01, -9.92156742e-01, -6.61437828e-01, ...,
         -2.56180677e-01,  0.00000000e+00, -1.27008456e-01],
        [-6.40959444e-01, -9.68245837e-01, -5.60824920e-01, ...,
         -1.31335986e-01,  1.27008456e-01,  0.00000000e+00]],

       [[ 0.00000000e+00,  2.86285175e-01,  2.71211738e-01, ...,
          4.70471967e-01,  5.73415015e-02, -4.35018436e-01],
        [-2.86285175e-01,  0.00000000e+00, -1.56951000e-02, ...,
          1.98157792e-01, -2.30872686e-01, -6.74587842e-01],
        [-2.71211738e-01,  1.56951000e-02,  0.00000000e+00, ...,
          2.13517252e-01, -2.15573167e-01, -6.62918712e-01],
        ...,
        [-4.70471967e-01, -1.98157792e-01, -2.13517252e-01, ...,
          0.00000000e+00, -4.19098866e-01, -8.07489863e-01],
        [-5.73415015e-02,  2.30872686e-01,  2.15573167e-01, ...,
          4.19098866e-01,  0.00000000e+00, -4.85934189e-01],
        [ 4.35018436e-01,  6.74587842e-01,  6.62918712e-01, ...,
          8.07489863e-01,  4.85934189e-01,  0.00000000e+00]],

       [[ 0.00000000e+00, -1.75423682e-01, -2.14778863e-01, ...,
          1.82680784e-01,  3.75666629e-01,  5.11048647e-01],
        [ 1.75423682e-01,  0.00000000e+00, -4.01185266e-02, ...,
          3.52319660e-01,  5.32415929e-01,  6.53909572e-01],
        [ 2.14778863e-01,  4.01185266e-02,  0.00000000e+00, ...,
          3.89582133e-01,  5.65946942e-01,  6.83735710e-01],
        ...,
        [-1.82680784e-01, -3.52319660e-01, -3.89582133e-01, ...,
          0.00000000e+00,  2.00044710e-01,  3.45425268e-01],
        [-3.75666629e-01, -5.32415929e-01, -5.65946942e-01, ...,
         -2.00044710e-01,  0.00000000e+00,  1.50711898e-01],
        [-5.11048647e-01, -6.53909572e-01, -6.83735710e-01, ...,
         -3.45425268e-01, -1.50711898e-01,  0.00000000e+00]],

       ...,

       [[ 0.00000000e+00, -7.73789518e-02,  3.48578625e-01, ...,
          2.04820006e-01,  4.41270322e-01,  4.41270322e-01],
        [ 7.73789518e-02,  0.00000000e+00,  4.20059210e-01, ...,
          2.79944397e-01,  5.09385162e-01,  5.09385162e-01],
        [-3.48578625e-01, -4.20059210e-01,  0.00000000e+00, ...,
         -1.49215037e-01,  1.00788171e-01,  1.00788171e-01],
        ...,
        [-2.04820006e-01, -2.79944397e-01,  1.49215037e-01, ...,
          0.00000000e+00,  2.48115044e-01,  2.48115044e-01],
        [-4.41270322e-01, -5.09385162e-01, -1.00788171e-01, ...,
         -2.48115044e-01,  0.00000000e+00,  0.00000000e+00],
        [-4.41270322e-01, -5.09385162e-01, -1.00788171e-01, ...,
         -2.48115044e-01,  0.00000000e+00,  0.00000000e+00]],

       [[ 0.00000000e+00, -7.95738882e-02, -1.21978932e-01, ...,
          6.26562969e-01,  6.31533892e-01,  6.14144778e-01],
        [ 7.95738882e-02,  0.00000000e+00, -4.26124476e-02, ...,
          6.86593684e-01,  6.91228756e-01,  6.74996493e-01],
        [ 1.21978932e-01,  4.26124476e-02,  0.00000000e+00, ...,
          7.16951046e-01,  7.21394187e-01,  7.05823734e-01],
        ...,
        [-6.26562969e-01, -6.86593684e-01, -7.16951046e-01, ...,
          0.00000000e+00,  6.39456083e-03, -1.58328389e-02],
        [-6.31533892e-01, -6.91228756e-01, -7.21394187e-01, ...,
         -6.39456083e-03,  0.00000000e+00, -2.22262745e-02],
        [-6.14144778e-01, -6.74996493e-01, -7.05823734e-01, ...,
          1.58328389e-02,  2.22262745e-02,  0.00000000e+00]],

       [[ 0.00000000e+00, -5.71773869e-02, -7.35630731e-02, ...,
          1.36101441e-01,  1.47452971e-01,  1.35300511e-01],
        [ 5.71773869e-02,  0.00000000e+00, -1.64202579e-02, ...,
          1.92524130e-01,  2.03764128e-01,  1.91730783e-01],
        [ 7.35630731e-02,  1.64202579e-02,  0.00000000e+00, ...,
          2.08611245e-01,  2.19812417e-01,  2.07820555e-01],
        ...,
        [-1.36101441e-01, -1.92524130e-01, -2.08611245e-01, ...,
          0.00000000e+00,  1.14671817e-02, -8.08408018e-04],
        [-1.47452971e-01, -2.03764128e-01, -2.19812417e-01, ...,
         -1.14671817e-02,  0.00000000e+00, -1.22755328e-02],
        [-1.35300511e-01, -1.91730783e-01, -2.07820555e-01, ...,
          8.08408018e-04,  1.22755328e-02,  0.00000000e+00]]]), 'num': array([7.52265099e-01, 6.58811853e-01, 4.12597113e-07, 1.05147461e-09,
       2.83191655e-03, 2.84441949e-03, 2.81941361e-03, 2.83179152e-04,
       6.25147142e-06, 2.81191184e-03, 2.83316685e-03, 2.82993692e-03,
       5.26439698e-07, 2.95155592e-03, 2.71477777e-03])}
{'img': array([[[ 0.        ,  0.66143783,  0.72618438, ...,  0.99215674,
          0.96824584,  0.97578094],
        [-0.66143783,  0.        ,  0.08989978, ...,  0.66143783,
          0.56082492,  0.58714618],
        [-0.72618438, -0.08989978,  0.        , ...,  0.59133471,
          0.48412292,  0.51199656],
        ...,
        [-0.99215674, -0.66143783, -0.59133471, ...,  0.        ,
         -0.12700846, -0.09506167],
        [-0.96824584, -0.56082492, -0.48412292, ...,  0.12700846,
          0.        ,  0.03214146],
        [-0.97578094, -0.58714618, -0.51199656, ...,  0.09506167,
         -0.03214146,  0.        ]],

       [[ 0.        , -0.0156951 , -0.34022077, ..., -0.23087269,
         -0.67458784, -0.57249011],
        [ 0.0156951 ,  0.        , -0.32542004, ..., -0.21557317,
         -0.66291871, -0.559551  ],
        [ 0.34022077,  0.32542004,  0.        , ...,  0.11392924,
         -0.38319658, -0.25938759],
        ...,
        [ 0.23087269,  0.21557317, -0.11392924, ...,  0.        ,
         -0.48593419, -0.3677285 ],
        [ 0.67458784,  0.66291871,  0.38319658, ...,  0.48593419,
          0.        ,  0.13049332],
        [ 0.57249011,  0.559551  ,  0.25938759, ...,  0.3677285 ,
         -0.13049332,  0.        ]],

       [[ 0.        , -0.04011853, -0.04011853, ...,  0.53241593,
          0.65390957,  0.72640953],
        [ 0.04011853,  0.        ,  0.        , ...,  0.56594694,
          0.68373571,  0.75339666],
        [ 0.04011853,  0.        ,  0.        , ...,  0.56594694,
          0.68373571,  0.75339666],
        ...,
        [-0.53241593, -0.56594694, -0.56594694, ...,  0.        ,
          0.1507119 ,  0.24898395],
        [-0.65390957, -0.68373571, -0.68373571, ..., -0.1507119 ,
          0.        ,  0.10017437],
        [-0.72640953, -0.75339666, -0.75339666, ..., -0.24898395,
         -0.10017437,  0.        ]],

       ...,

       [[ 0.        ,  0.42005921,  0.56854161, ...,  0.50938516,
          0.50938516,  0.46222108],
        [-0.42005921,  0.        ,  0.17038603, ...,  0.10078817,
          0.10078817,  0.04697042],
        [-0.56854161, -0.17038603,  0.        , ..., -0.07020403,
         -0.07020403, -0.12391439],
        ...,
        [-0.50938516, -0.10078817,  0.07020403, ...,  0.        ,
          0.        , -0.05394569],
        [-0.50938516, -0.10078817,  0.07020403, ...,  0.        ,
          0.        , -0.05394569],
        [-0.46222108, -0.04697042,  0.12391439, ...,  0.05394569,
          0.05394569,  0.        ]],

       [[ 0.        , -0.04261245, -0.05768073, ...,  0.69122876,
          0.67499649,  0.64752577],
        [ 0.04261245,  0.        , -0.01508683, ...,  0.72139419,
          0.70582373,  0.67941015],
        [ 0.05768073,  0.01508683,  0.        , ...,  0.73176009,
          0.71643073,  0.69040292],
        ...,
        [-0.69122876, -0.72139419, -0.73176009, ...,  0.        ,
         -0.02222627, -0.05882097],
        [-0.67499649, -0.70582373, -0.71643073, ...,  0.02222627,
          0.        , -0.03661865],
        [-0.64752577, -0.67941015, -0.69040292, ...,  0.05882097,
          0.03661865,  0.        ]],

       [[ 0.        , -0.01642026, -0.030498  , ...,  0.20376413,
          0.19173078,  0.19310952],
        [ 0.01642026,  0.        , -0.01408127, ...,  0.21981242,
          0.20782056,  0.20919467],
        [ 0.030498  ,  0.01408127,  0.        , ...,  0.23352749,
          0.22157378,  0.22294363],
        ...,
        [-0.20376413, -0.21981242, -0.23352749, ...,  0.        ,
         -0.01227553, -0.01087063],
        [-0.19173078, -0.20782056, -0.22157378, ...,  0.01227553,
          0.        ,  0.001405  ],
        [-0.19310952, -0.20919467, -0.22294363, ...,  0.01087063,
         -0.001405  ,  0.        ]]]), 'num': array([7.44028252e-01, 6.68101090e-01, 3.33745767e-07, 1.33302917e-09,
       2.81211711e-03, 2.81829759e-03, 2.76885377e-03, 4.50569146e-04,
       1.23609543e-05, 2.79852006e-03, 2.79728397e-03, 2.80058022e-03,
       5.63833005e-07, 2.90780223e-03, 2.68676570e-03])}
{'img': array([[[ 0.        ,  0.09537437,  0.13943469, ...,  0.57932011,
          0.60575807,  0.65608528],
        [-0.09537437,  0.        ,  0.0443564 , ...,  0.49893961,
          0.5271122 ,  0.58111672],
        [-0.13943469, -0.0443564 ,  0.        , ...,  0.46000765,
          0.48889952,  0.54444664],
        ...,
        [-0.57932011, -0.49893961, -0.46000765, ...,  0.        ,
          0.03281807,  0.09756997],
        [-0.60575807, -0.5271122 , -0.48889952, ..., -0.03281807,
          0.        ,  0.06485593],
        [-0.65608528, -0.58111672, -0.54444664, ..., -0.09756997,
         -0.06485593,  0.        ]],

       [[ 0.        , -0.32542004, -0.90008345, ..., -0.66291871,
         -0.559551  , -0.20121091],
        [ 0.32542004,  0.        , -0.7093003 , ..., -0.38319658,
         -0.25938759,  0.12850562],
        [ 0.90008345,  0.7093003 ,  0.        , ...,  0.38503941,
          0.50217931,  0.79400377],
        ...,
        [ 0.66291871,  0.38319658, -0.38503941, ...,  0.        ,
          0.13049332,  0.49871579],
        [ 0.559551  ,  0.25938759, -0.50217931, ..., -0.13049332,
          0.        ,  0.38134425],
        [ 0.20121091, -0.12850562, -0.79400377, ..., -0.49871579,
         -0.38134425,  0.        ]],

       [[ 0.        ,  0.        ,  0.05884364, ...,  0.68373571,
          0.75339666,  0.82707688],
        [ 0.        ,  0.        ,  0.05884364, ...,  0.68373571,
          0.75339666,  0.82707688],
        [-0.05884364, -0.05884364,  0.        , ...,  0.63961099,
          0.71339759,  0.79256838],
        ...,
        [-0.68373571, -0.68373571, -0.63961099, ...,  0.        ,
          0.10017437,  0.2192224 ],
        [-0.75339666, -0.75339666, -0.71339759, ..., -0.10017437,
          0.        ,  0.12038207],
        [-0.82707688, -0.82707688, -0.79256838, ..., -0.2192224 ,
         -0.12038207,  0.        ]],

       ...,

       [[ 0.        ,  0.17038603,  0.20084485, ...,  0.10078817,
          0.04697042,  0.14242003],
        [-0.17038603,  0.        ,  0.03099389, ..., -0.07020403,
         -0.12391439, -0.02831169],
        [-0.20084485, -0.03099389,  0.        , ..., -0.10108771,
         -0.15460987, -0.05927955],
        ...,
        [-0.10078817,  0.07020403,  0.10108771, ...,  0.        ,
         -0.05394569,  0.04193405],
        [-0.04697042,  0.12391439,  0.15460987, ...,  0.05394569,
          0.        ,  0.09577122],
        [-0.14242003,  0.02831169,  0.05927955, ..., -0.04193405,
         -0.09577122,  0.        ]],

       [[ 0.        , -0.01508683, -0.01648578, ...,  0.70582373,
          0.67941015,  0.63892555],
        [ 0.01508683,  0.        , -0.00139912, ...,  0.71643073,
          0.69040292,  0.65045866],
        [ 0.01648578,  0.00139912,  0.        , ...,  0.71740613,
          0.6914144 ,  0.65152071],
        ...,
        [-0.70582373, -0.71643073, -0.71740613, ...,  0.        ,
         -0.03661865, -0.09036114],
        [-0.67941015, -0.69040292, -0.6914144 , ...,  0.03661865,
          0.        , -0.05383169],
        [-0.63892555, -0.65045866, -0.65152071, ...,  0.09036114,
          0.05383169,  0.        ]],

       [[ 0.        , -0.01408127, -0.01786945, ...,  0.20782056,
          0.20919467,  0.23421236],
        [ 0.01408127,  0.        , -0.00378866, ...,  0.22157378,
          0.22294363,  0.24787875],
        [ 0.01786945,  0.00378866,  0.        , ...,  0.22526667,
          0.22663533,  0.25154738],
        ...,
        [-0.20782056, -0.22157378, -0.22526667, ...,  0.        ,
          0.001405  ,  0.02705868],
        [-0.20919467, -0.22294363, -0.22663533, ..., -0.001405  ,
          0.        ,  0.02565417],
        [-0.23421236, -0.24787875, -0.25154738, ..., -0.02705868,
         -0.02565417,  0.        ]]]), 'num': array([ 8.27907212e-01,  5.60795430e-01,  1.18716347e-06,  2.06507553e-09,
        3.10595095e-03,  3.14046152e-03,  3.10595095e-03,  4.40962210e-04,
       -3.45105661e-05,  3.12803771e-03,  3.11871986e-03,  3.12918807e-03,
        5.78886916e-07,  3.23587497e-03,  3.00156475e-03])}
{'img': array([[[ 0.        ,  0.0443564 , -0.20261236, ...,  0.5271122 ,
          0.58111672,  0.44015029],
        [-0.0443564 ,  0.        , -0.24584934, ...,  0.48889952,
          0.54444664,  0.39988841],
        [ 0.20261236,  0.24584934,  0.        , ...,  0.68835848,
          0.73395383,  0.61295167],
        ...,
        [-0.5271122 , -0.48889952, -0.68835848, ...,  0.        ,
          0.06485593, -0.09926893],
        [-0.58111672, -0.54444664, -0.73395383, ..., -0.06485593,
          0.        , -0.16359551],
        [-0.44015029, -0.39988841, -0.61295167, ...,  0.09926893,
          0.16359551,  0.        ]],

       [[ 0.        , -0.7093003 , -0.24602876, ..., -0.25938759,
          0.12850562,  0.01832988],
        [ 0.7093003 ,  0.        ,  0.51407094, ...,  0.50217931,
          0.79400377,  0.72210198],
        [ 0.24602876, -0.51407094,  0.        , ..., -0.01380666,
          0.36854456,  0.26375389],
        ...,
        [ 0.25938759, -0.50217931,  0.01380666, ...,  0.        ,
          0.38134425,  0.27704652],
        [-0.12850562, -0.79400377, -0.36854456, ..., -0.38134425,
          0.        , -0.11030613],
        [-0.01832988, -0.72210198, -0.26375389, ..., -0.27704652,
          0.11030613,  0.        ]],

       [[ 0.        ,  0.05884364,  0.05884364, ...,  0.75339666,
          0.82707688,  0.83585684],
        [-0.05884364,  0.        ,  0.        , ...,  0.71339759,
          0.79256838,  0.80210641],
        [-0.05884364,  0.        ,  0.        , ...,  0.71339759,
          0.79256838,  0.80210641],
        ...,
        [-0.75339666, -0.71339759, -0.71339759, ...,  0.        ,
          0.12038207,  0.13605611],
        [-0.82707688, -0.79256838, -0.79256838, ..., -0.12038207,
          0.        ,  0.01580401],
        [-0.83585684, -0.80210641, -0.80210641, ..., -0.13605611,
         -0.01580401,  0.        ]],

       ...,

       [[ 0.        ,  0.03099389, -0.12681278, ..., -0.12391439,
         -0.02831169, -0.12859011],
        [-0.03099389,  0.        , -0.15749551, ..., -0.15460987,
         -0.05927955, -0.1592649 ],
        [ 0.12681278,  0.15749551,  0.        , ...,  0.00292143,
          0.09867882, -0.001792  ],
        ...,
        [ 0.12391439,  0.15460987, -0.00292143, ...,  0.        ,
          0.09577122, -0.00471342],
        [ 0.02831169,  0.05927955, -0.09867882, ..., -0.09577122,
          0.        , -0.10046192],
        [ 0.12859011,  0.1592649 ,  0.001792  , ...,  0.00471342,
          0.10046192,  0.        ]],

       [[ 0.        , -0.00139912, -0.02697911, ...,  0.69040292,
          0.65045866,  0.60851498],
        [ 0.00139912,  0.        , -0.02558047, ...,  0.6914144 ,
          0.65152071,  0.60962465],
        [ 0.02697911,  0.02558047,  0.        , ...,  0.70966897,
          0.67071365,  0.62970255],
        ...,
        [-0.69040292, -0.6914144 , -0.70966897, ...,  0.        ,
         -0.05383169, -0.107649  ],
        [-0.65045866, -0.65152071, -0.67071365, ...,  0.05383169,
          0.        , -0.05397404],
        [-0.60851498, -0.60962465, -0.62970255, ...,  0.107649  ,
          0.05397404,  0.        ]],

       [[ 0.        , -0.00378866, -0.03853272, ...,  0.22294363,
          0.24787875,  0.25650972],
        [ 0.00378866,  0.        , -0.0347466 , ...,  0.22663533,
          0.25154738,  0.26016977],
        [ 0.03853272,  0.0347466 ,  0.        , ...,  0.26034096,
          0.28502481,  0.2935627 ],
        ...,
        [-0.22294363, -0.22663533, -0.26034096, ...,  0.        ,
          0.02565417,  0.03456941],
        [-0.24787875, -0.25154738, -0.28502481, ..., -0.02565417,
          0.        ,  0.00891919],
        [-0.25650972, -0.26016977, -0.2935627 , ..., -0.03456941,
         -0.00891919,  0.        ]]]), 'num': array([ 9.61246382e-01,  2.75498055e-01,  3.09592924e-06, -3.46420649e-09,
        3.59030538e-03,  3.64703706e-03,  3.59030538e-03,  4.45554466e-04,
       -5.67316877e-05,  3.65189978e-03,  3.65392591e-03,  3.67499768e-03,
        6.68945070e-07,  3.78830229e-03,  3.51954953e-03])}
{'img': array([[[ 0.        , -0.24584934, -0.44511538, ...,  0.54444664,
          0.39988841,  0.16149073],
        [ 0.24584934,  0.        , -0.21130242, ...,  0.73395383,
          0.61295167,  0.39915665],
        [ 0.44511538,  0.21130242,  0.        , ...,  0.86089816,
          0.76606602,  0.58388353],
        ...,
        [-0.54444664, -0.73395383, -0.86089816, ...,  0.        ,
         -0.16359551, -0.40184266],
        [-0.39988841, -0.61295167, -0.76606602, ...,  0.16359551,
          0.        , -0.24662299],
        [-0.16149073, -0.39915665, -0.58388353, ...,  0.40184266,
          0.24662299,  0.        ]],

       [[ 0.        ,  0.51407094,  0.67266358, ...,  0.79400377,
          0.72210198,  0.63231509],
        [-0.51407094,  0.        ,  0.19658962, ...,  0.36854456,
          0.26375389,  0.14411022],
        [-0.67266358, -0.19658962,  0.        , ...,  0.17860104,
          0.06897858, -0.05323951],
        ...,
        [-0.79400377, -0.36854456, -0.17860104, ...,  0.        ,
         -0.11030613, -0.23073125],
        [-0.72210198, -0.26375389, -0.06897858, ...,  0.11030613,
          0.        , -0.12199346],
        [-0.63231509, -0.14411022,  0.05323951, ...,  0.23073125,
          0.12199346,  0.        ]],

       [[ 0.        ,  0.        ,  0.05216536, ...,  0.79256838,
          0.80210641,  0.7358658 ],
        [ 0.        ,  0.        ,  0.05216536, ...,  0.79256838,
          0.80210641,  0.7358658 ],
        [-0.05216536, -0.05216536,  0.        , ...,  0.75967972,
          0.76986215,  0.6995413 ],
        ...,
        [-0.79256838, -0.79256838, -0.75967972, ...,  0.        ,
          0.01580401, -0.08795128],
        [-0.80210641, -0.80210641, -0.76986215, ..., -0.01580401,
          0.        , -0.10368306],
        [-0.7358658 , -0.7358658 , -0.6995413 , ...,  0.08795128,
          0.10368306,  0.        ]],

       ...,

       [[ 0.        , -0.15749551, -0.48553758, ..., -0.05927955,
         -0.1592649 , -0.17755468],
        [ 0.15749551,  0.        , -0.34179286, ...,  0.09867882,
         -0.001792  , -0.02034569],
        [ 0.48553758,  0.34179286,  0.        , ...,  0.43286061,
          0.34010824,  0.32260174],
        ...,
        [ 0.05927955, -0.09867882, -0.43286061, ...,  0.        ,
         -0.10046192, -0.11890478],
        [ 0.1592649 ,  0.001792  , -0.34010824, ...,  0.10046192,
          0.        , -0.01855402],
        [ 0.17755468,  0.02034569, -0.32260174, ...,  0.11890478,
          0.01855402,  0.        ]],

       [[ 0.        , -0.02558047, -0.09011252, ...,  0.65152071,
          0.60962465,  0.57289297],
        [ 0.02558047,  0.        , -0.06460663, ...,  0.67071365,
          0.62970255,  0.59367203],
        [ 0.09011252,  0.06460663,  0.        , ...,  0.7172322 ,
          0.67857576,  0.64442115],
        ...,
        [-0.65152071, -0.67071365, -0.7172322 , ...,  0.        ,
         -0.05397404, -0.09939176],
        [-0.60962465, -0.62970255, -0.67857576, ...,  0.05397404,
          0.        , -0.04554011],
        [-0.57289297, -0.59367203, -0.64442115, ...,  0.09939176,
          0.04554011,  0.        ]],

       [[ 0.        , -0.0347466 , -0.06299282, ...,  0.25154738,
          0.26016977,  0.22703911],
        [ 0.0347466 ,  0.        , -0.02827719, ...,  0.28502481,
          0.2935627 ,  0.26074123],
        [ 0.06299282,  0.02827719,  0.        , ...,  0.31201509,
          0.3204766 ,  0.28793601],
        ...,
        [-0.25154738, -0.28502481, -0.31201509, ...,  0.        ,
          0.00891919, -0.02523972],
        [-0.26016977, -0.2935627 , -0.3204766 , ..., -0.00891919,
          0.        , -0.03415507],
        [-0.22703911, -0.26074123, -0.28793601, ...,  0.02523972,
          0.03415507,  0.        ]]]), 'num': array([ 9.95670698e-01,  9.23358237e-02,  4.09675680e-06, -2.24015676e-08,
        3.71742747e-03,  3.75957517e-03,  3.70899793e-03,  4.35554370e-04,
       -1.68590815e-05,  3.77980607e-03,  3.79118595e-03,  3.82265623e-03,
        6.58557871e-07,  3.92709514e-03,  3.65527676e-03])}
{'img': array([[[ 0.        , -0.21130242,  0.        , ...,  0.61295167,
          0.39915665,  0.32602747],
        [ 0.21130242,  0.        ,  0.21130242, ...,  0.76606602,
          0.58388353,  0.51842293],
        [ 0.        , -0.21130242,  0.        , ...,  0.61295167,
          0.39915665,  0.32602747],
        ...,
        [-0.61295167, -0.76606602, -0.61295167, ...,  0.        ,
         -0.24662299, -0.32185921],
        [-0.39915665, -0.58388353, -0.39915665, ...,  0.24662299,
          0.        , -0.07841788],
        [-0.32602747, -0.51842293, -0.32602747, ...,  0.32185921,
          0.07841788,  0.        ]],

       [[ 0.        ,  0.20065172,  0.32635152, ...,  0.26868686,
          0.14733873,  0.09654709],
        [-0.20065172,  0.        ,  0.13004866, ...,  0.06994921,
         -0.05411958, -0.10513079],
        [-0.32635152, -0.13004866,  0.        , ..., -0.06037494,
         -0.18351804, -0.23356596],
        ...,
        [-0.26868686, -0.06994921,  0.06037494, ...,  0.        ,
         -0.12383371, -0.17443485],
        [-0.14733873,  0.05411958,  0.18351804, ...,  0.12383371,
          0.        , -0.05115704],
        [-0.09654709,  0.10513079,  0.23356596, ...,  0.17443485,
          0.05115704,  0.        ]],

       [[ 0.        ,  0.05216536,  0.01801761, ...,  0.80210641,
          0.7358658 ,  0.67156095],
        [-0.05216536,  0.        , -0.03416381, ...,  0.76986215,
          0.6995413 ,  0.63199471],
        [-0.01801761,  0.03416381,  0.        , ...,  0.79121643,
          0.72354613,  0.6581018 ],
        ...,
        [-0.80210641, -0.76986215, -0.79121643, ...,  0.        ,
         -0.10368306, -0.19327667],
        [-0.7358658 , -0.6995413 , -0.72354613, ...,  0.10368306,
          0.        , -0.09050694],
        [-0.67156095, -0.63199471, -0.6581018 , ...,  0.19327667,
          0.09050694,  0.        ]],

       ...,

       [[ 0.        , -0.34179286,  0.04381387, ..., -0.001792  ,
         -0.02034569, -0.08274316],
        [ 0.34179286,  0.        ,  0.38263984, ...,  0.34010824,
          0.32260174,  0.26286084],
        [-0.04381387, -0.38263984,  0.        , ..., -0.04560408,
         -0.06413095, -0.12632733],
        ...,
        [ 0.001792  , -0.34010824,  0.04560408, ...,  0.        ,
         -0.01855402, -0.08095717],
        [ 0.02034569, -0.32260174,  0.06413095, ...,  0.01855402,
          0.        , -0.06245011],
        [ 0.08274316, -0.26286084,  0.12632733, ...,  0.08095717,
          0.06245011,  0.        ]],

       [[ 0.        , -0.06460663, -0.12319017, ...,  0.62970255,
          0.59367203,  0.55168135],
        [ 0.06460663,  0.        , -0.05881827, ...,  0.67857576,
          0.64442115,  0.60441427],
        [ 0.12319017,  0.05881827,  0.        , ...,  0.72060475,
          0.68828208,  0.65022661],
        ...,
        [-0.62970255, -0.67857576, -0.72060475, ...,  0.        ,
         -0.04554011, -0.09664041],
        [-0.59367203, -0.64442115, -0.68828208, ...,  0.04554011,
          0.        , -0.0512132 ],
        [-0.55168135, -0.60441427, -0.65022661, ...,  0.09664041,
          0.0512132 ,  0.        ]],

       [[ 0.        , -0.02827719, -0.03458741, ...,  0.2935627 ,
          0.26074123,  0.22583297],
        [ 0.02827719,  0.        , -0.00631331, ...,  0.3204766 ,
          0.28793601,  0.25328935],
        [ 0.03458741,  0.00631331,  0.        , ...,  0.32645054,
          0.29397621,  0.25939173],
        ...,
        [-0.2935627 , -0.3204766 , -0.32645054, ...,  0.        ,
         -0.03415507, -0.07009608],
        [-0.26074123, -0.28793601, -0.29397621, ...,  0.03415507,
          0.        , -0.03598412],
        [-0.22583297, -0.25328935, -0.25939173, ...,  0.07009608,
