state_0,state_1,state_2,state_3,state_4,state_5,state_6,state_7,state_8,state_9,state_10,state_11,state_12,state_13,state_14,state_15,state_16,state_17,state_18,state_19,state_20,state_21,state_22,state_23,state_24,state_25,state_26,state_27,state_28,state_29,state_30,state_31,state_32,state_33,state_34,state_35,state_36,state_37,state_38,state_39,state_40,state_41,state_42,state_43,state_44,state_45,state_46,state_47,state_48,state_49,state_50,state_51,state_52,state_53,state_54,state_55,state_56,state_57,state_58,state_59,state_60,state_61,state_62,state_63,state_64,state_65,state_66,state_67,state_68,state_69,state_70,state_71,state_72,state_73,state_74,state_75,state_76,state_77,state_78,state_79,state_80,state_81,state_82,state_83,state_84,state_85,state_86,state_87,state_88,state_89,state_90,state_91,state_92,state_93,state_94,state_95,state_96,state_97,state_98,state_99,state_100,state_101,state_102,state_103,state_104,state_105,state_106,state_107,state_108,state_109,state_110,state_111,state_112,state_113,state_114,state_115,state_116,state_117,state_118,state_119,state_120,state_121,state_122,state_123,state_124,state_125,state_126,state_127,state_128,state_129,state_130,state_131,state_132,state_133,state_134,state_135,state_136,state_137,state_138,state_139,state_140,state_141,state_142,state_143,state_144,state_145,state_146,state_147,state_148,state_149,state_150,state_151,state_152,state_153,state_154,state_155,state_156,state_157,state_158,state_159,state_160,state_161,state_162,state_163,state_164,state_165,state_166,state_167,state_168,state_169,state_170,state_171,state_172,state_173,state_174,state_175,state_176,state_177,state_178,state_179,state_180,state_181,state_182,state_183,state_184,state_185,state_186,state_187,state_188,state_189,state_190,state_191,state_192,state_193,state_194,state_195,state_196,state_197,state_198,state_199,state_200,state_201,state_202,state_203,state_204,state_205,state_206,state_207,state_208,state_209,state_210,state_211,state_212,state_213,state_214,state_215,state_216,state_217,state_218,state_219,state_220,state_221,state_222,state_223,state_224,state_225,state_226,state_227,state_228,state_229,state_230,state_231,state_232,state_233,state_234,state_235,state_236,state_237,state_238,state_239,state_240,state_241,state_242,state_243,state_244,state_245,state_246,state_247,state_248,state_249,state_250,state_251,state_252,state_253,state_254,state_255,state_256,state_257,state_258,state_259,state_260,state_261,state_262,state_263,state_264,state_265,state_266,state_267,state_268,state_269,state_270,state_271,state_272,state_273,state_274,state_275,state_276,state_277,state_278,state_279,state_280,state_281,state_282,state_283,state_284,state_285,state_286,state_287
{'img': array([[[ 0.        , -0.04610298,  0.26593215, ...,  0.        ,
         -0.9696633 , -0.9696633 ],
        [ 0.04610298,  0.        ,  0.31009227, ...,  0.04610298,
         -0.95736263, -0.95736263],
        [-0.26593215, -0.31009227,  0.        , ..., -0.26593215,
         -0.99975306, -0.99975306],
        ...,
        [ 0.        , -0.04610298,  0.26593215, ...,  0.        ,
         -0.9696633 , -0.9696633 ],
        [ 0.9696633 ,  0.95736263,  0.99975306, ...,  0.9696633 ,
          0.        ,  0.        ],
        [ 0.9696633 ,  0.95736263,  0.99975306, ...,  0.9696633 ,
          0.        ,  0.        ]],

       [[ 0.        , -0.28990809, -0.08331093, ...,  0.19384253,
          0.68269159,  0.44984723],
        [ 0.28990809,  0.        ,  0.20916715, ...,  0.46992717,
          0.86521082,  0.68944683],
        [ 0.08331093, -0.20916715,  0.        , ...,  0.2748994 ,
          0.74119414,  0.52268884],
        ...,
        [-0.19384253, -0.46992717, -0.2748994 , ...,  0.        ,
          0.52810073,  0.26819299],
        [-0.68269159, -0.86521082, -0.74119414, ..., -0.52810073,
          0.        , -0.28100927],
        [-0.44984723, -0.68944683, -0.52268884, ..., -0.26819299,
          0.28100927,  0.        ]],

       [[ 0.        , -0.34496413, -0.48486857, ..., -0.68574738,
         -0.83363314, -0.97527741],
        [ 0.34496413,  0.        , -0.15340419, ..., -0.39257481,
         -0.5919312 , -0.83917926],
        [ 0.48486857,  0.15340419,  0.        , ..., -0.2468392 ,
         -0.46128281, -0.74581672],
        ...,
        [ 0.68574738,  0.39257481,  0.2468392 , ...,  0.        ,
         -0.22800023, -0.55830627],
        [ 0.83363314,  0.5919312 ,  0.46128281, ...,  0.22800023,
          0.        , -0.35444414],
        [ 0.97527741,  0.83917926,  0.74581672, ...,  0.55830627,
          0.35444414,  0.        ]],

       ...,

       [[ 0.        , -0.1769858 ,  0.52729932, ..., -0.06332785,
         -0.72651013, -0.6760161 ],
        [ 0.1769858 ,  0.        ,  0.66935628, ...,  0.11430243,
         -0.59342419, -0.5349256 ],
        [-0.52729932, -0.66935628,  0.        , ..., -0.58004929,
         -0.9796376 , -0.96295703],
        ...,
        [ 0.06332785, -0.11430243,  0.58004929, ...,  0.        ,
         -0.68153576, -0.62799373],
        [ 0.72651013,  0.59342419,  0.9796376 , ...,  0.68153576,
          0.        ,  0.0708274 ],
        [ 0.6760161 ,  0.5349256 ,  0.96295703, ...,  0.62799373,
         -0.0708274 ,  0.        ]],

       [[ 0.        , -0.47128752, -0.7555024 , ..., -0.35217371,
         -0.        , -0.23041815],
        [ 0.47128752,  0.        , -0.35757566, ..., -0.75170436,
         -0.47128752, -0.66183009],
        [ 0.7555024 ,  0.35757566,  0.        , ..., -0.93782603,
         -0.7555024 , -0.88613063],
        ...,
        [ 0.35217371,  0.75170436,  0.93782603, ...,  0.        ,
         -0.35217371, -0.12704099],
        [ 0.        ,  0.47128752,  0.7555024 , ...,  0.35217371,
          0.        ,  0.23041815],
        [ 0.23041815,  0.66183009,  0.88613063, ...,  0.12704099,
         -0.23041815,  0.        ]],

       [[ 0.        , -0.20150364, -0.15801574, ...,  0.08819124,
         -0.19977793, -0.66939333],
        [ 0.20150364,  0.        ,  0.04419758, ...,  0.28710074,
          0.00176153, -0.50596388],
        [ 0.15801574, -0.04419758,  0.        , ...,  0.24448331,
         -0.0424377 , -0.54359228],
        ...,
        [-0.08819124, -0.28710074, -0.24448331, ...,  0.        ,
         -0.28541292, -0.73230308],
        [ 0.19977793, -0.00176153,  0.0424377 , ...,  0.28541292,
          0.        , -0.50748251],
        [ 0.66939333,  0.50596388,  0.54359228, ...,  0.73230308,
          0.50748251,  0.        ]]]), 'num': array([ 7.07106254e-01,  7.07106254e-01,  0.00000000e+00,  0.00000000e+00,
        3.59244123e-05,  3.62800995e-05,  3.51419003e-05,  1.21714043e-03,
       -1.42274900e-07,  3.66215593e-05,  3.71052940e-05,  3.76613517e-05,
        2.48981075e-07,  3.82942900e-05,  3.59162979e-05])}
{'img': array([[[ 0.        ,  0.29562229,  0.64378041, ..., -0.79500187,
         -0.79500187, -0.97222635],
        [-0.29562229,  0.        ,  0.38879336, ..., -0.93879573,
         -0.93879573, -0.9979608 ],
        [-0.64378041, -0.38879336,  0.        , ..., -0.9988653 ,
         -0.9988653 , -0.89462962],
        ...,
        [ 0.79500187,  0.93879573,  0.9988653 , ...,  0.        ,
          0.        , -0.40369502],
        [ 0.79500187,  0.93879573,  0.9988653 , ...,  0.        ,
          0.        , -0.40369502],
        [ 0.97222635,  0.9979608 ,  0.89462962, ...,  0.40369502,
          0.40369502,  0.        ]],

       [[ 0.        ,  0.20916715,  0.05792124, ...,  0.86521082,
          0.68944683,  0.35251727],
        [-0.20916715,  0.        , -0.15217598, ...,  0.74119414,
          0.52268884,  0.14897982],
        [-0.05792124,  0.15217598,  0.        , ...,  0.83471608,
          0.6463349 ,  0.29772244],
        ...,
        [-0.86521082, -0.74119414, -0.83471608, ...,  0.        ,
         -0.28100927, -0.63291381],
        [-0.68944683, -0.52268884, -0.6463349 , ...,  0.28100927,
          0.        , -0.38984695],
        [-0.35251727, -0.14897982, -0.29772244, ...,  0.63291381,
          0.38984695,  0.        ]],

       [[ 0.        , -0.13804418, -0.13804418, ..., -0.5208528 ,
         -0.7256453 , -0.99839672],
        [ 0.13804418,  0.        ,  0.        , ..., -0.39802526,
         -0.62371411, -0.99665196],
        [ 0.13804418,  0.        ,  0.        , ..., -0.39802526,
         -0.62371411, -0.99665196],
        ...,
        [ 0.5208528 ,  0.39802526,  0.39802526, ...,  0.        ,
         -0.26106193, -0.88176011],
        [ 0.7256453 ,  0.62371411,  0.62371411, ...,  0.26106193,
          0.        , -0.72804006],
        [ 0.99839672,  0.99665196,  0.99665196, ...,  0.88176011,
          0.72804006,  0.        ]],

       ...,

       [[ 0.        ,  0.66935628,  0.78959402, ..., -0.59342419,
         -0.5349256 , -0.3572621 ],
        [-0.66935628,  0.        ,  0.1758854 , ..., -0.9796376 ,
         -0.96295703, -0.89060642],
        [-0.78959402, -0.1758854 ,  0.        , ..., -0.99967889,
         -0.99537351, -0.95671071],
        ...,
        [ 0.59342419,  0.9796376 ,  0.99967889, ...,  0.        ,
          0.0708274 ,  0.26670403],
        [ 0.5349256 ,  0.96295703,  0.99537351, ..., -0.0708274 ,
          0.        ,  0.1977723 ],
        [ 0.3572621 ,  0.89060642,  0.95671071, ..., -0.26670403,
         -0.1977723 ,  0.        ]],

       [[ 0.        , -0.65115902, -0.8423803 , ..., -0.        ,
         -0.23743155, -0.29423763],
        [ 0.65115902,  0.        , -0.28841838, ..., -0.65115902,
         -0.81273527, -0.8456428 ],
        [ 0.8423803 ,  0.28841838,  0.        , ..., -0.8423803 ,
         -0.94623977, -0.96364986],
        ...,
        [ 0.        ,  0.65115902,  0.8423803 , ...,  0.        ,
          0.23743155,  0.29423763],
        [ 0.23743155,  0.81273527,  0.94623977, ..., -0.23743155,
          0.        ,  0.05890269],
        [ 0.29423763,  0.8456428 ,  0.96364986, ..., -0.29423763,
         -0.05890269,  0.        ]],

       [[ 0.        ,  0.03390668,  0.14687242, ...,  0.00133798,
         -0.31834225, -0.86772072],
        [-0.03390668,  0.        ,  0.11324899, ..., -0.03256944,
         -0.35030192, -0.88407517],
        [-0.14687242, -0.11324899,  0.        , ..., -0.14554881,
         -0.45412147, -0.93131391],
        ...,
        [-0.00133798,  0.03256944,  0.14554881, ...,  0.        ,
         -0.31961034, -0.86838499],
        [ 0.31834225,  0.35030192,  0.45412147, ...,  0.31961034,
          0.        , -0.66434562],
        [ 0.86772072,  0.88407517,  0.93131391, ...,  0.86838499,
          0.66434562,  0.        ]]]), 'num': array([ 8.65461127e-01,  5.00975297e-01,  7.21754154e-05, -5.20690398e-11,
        4.39722340e-05,  4.42334552e-05,  4.34062548e-05,  8.76754102e-04,
        0.00000000e+00,  4.43727732e-05,  4.53305842e-05,  4.60721622e-05,
        3.26526490e-07,  4.69079411e-05,  4.37532273e-05])}
{'img': array([[[ 0.        ,  0.38879336, -0.08504855, ..., -0.93879573,
         -0.9979608 , -0.9979608 ],
        [-0.38879336,  0.        , -0.46574204, ..., -0.9988653 ,
         -0.89462962, -0.89462962],
        [ 0.08504855,  0.46574204,  0.        , ..., -0.90609725,
         -0.99977363, -0.99977363],
        ...,
        [ 0.93879573,  0.9988653 ,  0.90609725, ...,  0.        ,
         -0.40369502, -0.40369502],
        [ 0.9979608 ,  0.89462962,  0.99977363, ...,  0.40369502,
          0.        ,  0.        ],
        [ 0.9979608 ,  0.89462962,  0.99977363, ...,  0.40369502,
          0.        ,  0.        ]],

       [[ 0.        , -0.15217598, -0.09999487, ...,  0.52268884,
          0.14897982, -0.17152042],
        [ 0.15217598,  0.        ,  0.05258299, ...,  0.6463349 ,
          0.29772244, -0.01960198],
        [ 0.09999487, -0.05258299,  0.        , ...,  0.60531708,
          0.24711208, -0.07214775],
        ...,
        [-0.52268884, -0.6463349 , -0.60531708, ...,  0.        ,
         -0.38984695, -0.66116808],
        [-0.14897982, -0.29772244, -0.24711208, ...,  0.38984695,
          0.        , -0.31637832],
        [ 0.17152042,  0.01960198,  0.07214775, ...,  0.66116808,
          0.31637832,  0.        ]],

       [[ 0.        ,  0.        , -0.03247565, ..., -0.5103407 ,
         -0.76598618, -0.99752799],
        [ 0.        ,  0.        , -0.03247565, ..., -0.5103407 ,
         -0.76598618, -0.99752799],
        [ 0.03247565,  0.03247565,  0.        , ..., -0.48214335,
         -0.74470495, -0.99928389],
        ...,
        [ 0.5103407 ,  0.5103407 ,  0.48214335, ...,  0.        ,
         -0.33065079, -0.89370822],
        [ 0.76598618,  0.76598618,  0.74470495, ...,  0.33065079,
          0.        , -0.69509394],
        [ 0.99752799,  0.99752799,  0.99928389, ...,  0.89370822,
          0.69509394,  0.        ]],

       ...,

       [[ 0.        ,  0.1758854 , -0.51867616, ..., -0.96295703,
         -0.89060642, -0.83569081],
        [-0.1758854 ,  0.        , -0.66096721, ..., -0.99537351,
         -0.95671071, -0.91925923],
        [ 0.51867616,  0.66096721,  0.        , ..., -0.68343656,
         -0.52556157, -0.42963417],
        ...,
        [ 0.96295703,  0.99537351,  0.68343656, ...,  0.        ,
          0.1977723 ,  0.30350809],
        [ 0.89060642,  0.95671071,  0.52556157, ..., -0.1977723 ,
          0.        ,  0.10907004],
        [ 0.83569081,  0.91925923,  0.42963417, ..., -0.30350809,
         -0.10907004,  0.        ]],

       [[ 0.        , -0.66168292, -0.91188361, ..., -0.25292727,
         -0.31326573, -0.39556118],
        [ 0.66168292,  0.        , -0.41212853, ..., -0.82980926,
         -0.86325901, -0.90430117],
        [ 0.91188361,  0.41212853,  0.        , ..., -0.9860477 ,
         -0.99456398, -0.99986769],
        ...,
        [ 0.25292727,  0.82980926,  0.9860477 , ...,  0.        ,
          0.06288369,  0.15040119],
        [ 0.31326573,  0.86325901,  0.99456398, ..., -0.06288369,
          0.        ,  0.08793514],
        [ 0.39556118,  0.90430117,  0.99986769, ..., -0.15040119,
         -0.08793514,  0.        ]],

       [[ 0.        ,  0.09640955,  0.18525909, ..., -0.2796197 ,
         -0.56539459, -0.94721398],
        [-0.09640955,  0.        ,  0.08965544, ..., -0.37088102,
         -0.64228142, -0.97371072],
        [-0.18525909, -0.08965544,  0.        , ..., -0.45264867,
         -0.70841296, -0.99021188],
        ...,
        [ 0.2796197 ,  0.37088102,  0.45264867, ...,  0.        ,
         -0.31220539, -0.81978376],
        [ 0.56539459,  0.64228142,  0.70841296, ...,  0.31220539,
          0.        , -0.6000149 ],
        [ 0.94721398,  0.97371072,  0.99021188, ...,  0.81978376,
          0.6000149 ,  0.        ]]]), 'num': array([ 8.94745143e-01,  4.46574176e-01,  8.83966440e-05, -6.37307672e-11,
        4.55504609e-05,  4.58199903e-05,  4.49215591e-05,  1.61513669e-03,
        1.79686236e-07,  4.54785864e-05,  4.66959607e-05,  4.75030514e-05,
        3.82665133e-07,  4.84004956e-05,  4.49914257e-05])}
{'img': array([[[ 0.        , -0.46574204, -0.53944634, ..., -0.89462962,
         -0.89462962, -0.9988653 ],
        [ 0.46574204,  0.        , -0.08520304, ..., -0.99977363,
         -0.99977363, -0.90609725],
        [ 0.53944634,  0.08520304,  0.        , ..., -0.99432523,
         -0.99432523, -0.86675553],
        ...,
        [ 0.89462962,  0.99977363,  0.99432523, ...,  0.        ,
          0.        ,  0.40369502],
        [ 0.89462962,  0.99977363,  0.99432523, ...,  0.        ,
          0.        ,  0.40369502],
        [ 0.9988653 ,  0.90609725,  0.86675553, ..., -0.40369502,
         -0.40369502,  0.        ]],

       [[ 0.        ,  0.05258299, -0.22383357, ...,  0.29772244,
         -0.01960198,  0.32621282],
        [-0.05258299,  0.        , -0.27477273, ...,  0.24711208,
         -0.07214775,  0.27605501],
        [ 0.22383357,  0.27477273,  0.        , ...,  0.50385172,
          0.20468594,  0.52952501],
        ...,
        [-0.29772244, -0.24711208, -0.50385172, ...,  0.        ,
         -0.31637832,  0.02998394],
        [ 0.01960198,  0.07214775, -0.20468594, ...,  0.31637832,
          0.        ,  0.34467982],
        [-0.32621282, -0.27605501, -0.52952501, ..., -0.02998394,
         -0.34467982,  0.        ]],

       [[ 0.        , -0.02996861, -0.01000451, ..., -0.68947438,
         -0.90492289, -0.98891018],
        [ 0.02996861,  0.        ,  0.0199671 , ..., -0.66745813,
         -0.89176253, -0.99291678],
        [ 0.01000451, -0.0199671 ,  0.        , ..., -0.68219351,
         -0.90061993, -0.9903465 ],
        ...,
        [ 0.68947438,  0.66745813,  0.68219351, ...,  0.        ,
         -0.36202132, -0.81867479],
        [ 0.90492289,  0.89176253,  0.90061993, ...,  0.36202132,
          0.        , -0.55525049],
        [ 0.98891018,  0.99291678,  0.9903465 , ...,  0.81867479,
          0.55525049,  0.        ]],

       ...,

       [[ 0.        , -0.66096721, -0.89630607, ..., -0.95671071,
         -0.91925923, -0.81826939],
        [ 0.66096721,  0.        , -0.37950471, ..., -0.52556157,
         -0.42963417, -0.23409441],
        [ 0.89630607,  0.37950471,  0.        , ..., -0.16337847,
         -0.05479924,  0.15237798],
        ...,
        [ 0.95671071,  0.52556157,  0.16337847, ...,  0.        ,
          0.10907004,  0.31180113],
        [ 0.91925923,  0.42963417,  0.05479924, ..., -0.10907004,
          0.        ,  0.20630833],
        [ 0.81826939,  0.23409441, -0.15237798, ..., -0.31180113,
         -0.20630833,  0.        ]],

       [[ 0.        , -0.79074882, -0.85728764, ..., -0.33429706,
         -0.42161136, -0.42297912],
        [ 0.79074882,  0.        , -0.11767337, ..., -0.94989212,
         -0.97511805, -0.97545144],
        [ 0.85728764,  0.11767337,  0.        , ..., -0.9800747 ,
         -0.99442984, -0.99458775],
        ...,
        [ 0.33429706,  0.94989212,  0.9800747 , ...,  0.        ,
          0.09422236,  0.09572444],
        [ 0.42161136,  0.97511805,  0.99442984, ..., -0.09422236,
          0.        ,  0.0015089 ],
        [ 0.42297912,  0.97545144,  0.99458775, ..., -0.09572444,
         -0.0015089 ,  0.        ]],

       [[ 0.        ,  0.08274829,  0.02766171, ..., -0.56599106,
         -0.78507083, -0.98924257],
        [-0.08274829,  0.        , -0.05514977, ..., -0.63226861,
         -0.8336332 , -0.99795473],
        [-0.02766171,  0.05514977,  0.        , ..., -0.58857911,
         -0.80190425, -0.9929105 ],
        ...,
        [ 0.56599106,  0.63226861,  0.58857911, ...,  0.        ,
         -0.29664307, -0.73274713],
        [ 0.78507083,  0.8336332 ,  0.80190425, ...,  0.29664307,
          0.        , -0.49789911],
        [ 0.98924257,  0.99795473,  0.9929105 , ...,  0.73274713,
          0.49789911,  0.        ]]]), 'num': array([9.80443898e-01, 1.81874568e-01, 1.45724330e-04, 1.72504730e-09,
       5.06642133e-05, 5.43623310e-05, 4.80755308e-05, 7.51755504e-02,
       3.79057070e-06, 4.75577944e-05, 4.81448706e-05, 4.88968212e-05,
       6.16352960e-07, 5.02162086e-05, 4.60735325e-05])}
{'img': array([[[ 0.        , -0.08520304, -0.42767269, ..., -0.99977363,
         -0.90609725,  0.84147343],
        [ 0.08520304,  0.        , -0.34909961, ..., -0.99432523,
         -0.86675553,  0.88444858],
        [ 0.42767269,  0.34909961,  0.        , ..., -0.89462962,
         -0.63811656,  0.99170707],
        ...,
        [ 0.99977363,  0.99432523,  0.89462962, ...,  0.        ,
          0.40369502,  0.55807987],
        [ 0.90609725,  0.86675553,  0.63811656, ..., -0.40369502,
          0.        ,  0.84556469],
        [-0.84147343, -0.88444858, -0.99170707, ..., -0.55807987,
         -0.84556469,  0.        ]],

       [[ 0.        , -0.09435173,  0.01109148, ..., -0.02435399,
          0.09247681,  0.13423723],
        [ 0.09435173,  0.        ,  0.10538793, ...,  0.0700784 ,
          0.18601169,  0.04014061],
        [-0.01109148, -0.10538793,  0.        , ..., -0.03544068,
          0.08142718,  0.14522006],
        ...,
        [ 0.02435399, -0.0700784 ,  0.03544068, ...,  0.        ,
          0.11669902,  0.11006384],
        [-0.09247681, -0.18601169, -0.08142718, ..., -0.11669902,
          0.        ,  0.22530183],
        [-0.13423723, -0.04014061, -0.14522006, ..., -0.11006384,
         -0.22530183,  0.        ]],

       [[ 0.        ,  0.0199671 , -0.0298615 , ..., -0.89176253,
         -0.99291678, -0.68542635],
        [-0.0199671 ,  0.        , -0.04981374, ..., -0.90061993,
         -0.9903465 , -0.69982858],
        [ 0.0298615 ,  0.04981374,  0.        , ..., -0.87785241,
         -0.99602189, -0.66337727],
        ...,
        [ 0.89176253,  0.90061993,  0.87785241, ...,  0.        ,
         -0.55525049,  0.33917177],
        [ 0.99291678,  0.9903465 ,  0.99602189, ...,  0.55525049,
          0.        ,  0.80442117],
        [ 0.68542635,  0.69982858,  0.66337727, ..., -0.33917177,
         -0.80442117,  0.        ]],

       ...,

       [[ 0.        , -0.37950471, -0.5722104 , ..., -0.42963417,
         -0.23409441,  0.69232571],
        [ 0.37950471,  0.        , -0.21816881, ..., -0.05479924,
          0.15237798,  0.91437765],
        [ 0.5722104 ,  0.21816881,  0.        , ...,  0.1643618 ,
          0.36432846,  0.98067958],
        ...,
        [ 0.42963417,  0.05479924, -0.1643618 , ...,  0.        ,
          0.20630833,  0.93518985],
        [ 0.23409441, -0.15237798, -0.36432846, ..., -0.20630833,
          0.        ,  0.8420077 ],
        [-0.69232571, -0.91437765, -0.98067958, ..., -0.93518985,
         -0.8420077 ,  0.        ]],

       [[ 0.        , -0.27068482, -0.18165074, ..., -0.7094404 ,
         -0.71061588, -0.99372317],
        [ 0.27068482,  0.        ,  0.09131211, ..., -0.8737249 ,
         -0.87453566, -0.98690627],
        [ 0.18165074, -0.09131211,  0.        , ..., -0.82565868,
         -0.8265993 , -0.99751146],
        ...,
        [ 0.7094404 ,  0.8737249 ,  0.82565868, ...,  0.        ,
          0.0016693 ,  0.62097863],
        [ 0.71061588,  0.87453566,  0.8265993 , ..., -0.0016693 ,
          0.        ,  0.61966932],
        [ 0.99372317,  0.98690627,  0.99751146, ..., -0.62097863,
         -0.61966932,  0.        ]],

       [[ 0.        , -0.05017764, -0.14474294, ..., -0.72546728,
         -0.84261658, -0.99960815],
        [ 0.05017764,  0.        , -0.09491138, ..., -0.69001832,
         -0.81453378, -0.99975352],
        [ 0.14474294,  0.09491138,  0.        , ..., -0.6182073 ,
         -0.75579713, -0.99313319],
        ...,
        [ 0.72546728,  0.69001832,  0.6182073 , ...,  0.        ,
         -0.1892622 , -0.70829413],
        [ 0.84261658,  0.81453378,  0.75579713, ...,  0.1892622 ,
          0.        , -0.56188935],
        [ 0.99960815,  0.99975352,  0.99313319, ...,  0.70829413,
          0.56188935,  0.        ]]]), 'num': array([9.14384666e-01, 4.04634812e-01, 9.07028210e-05, 5.64976935e-08,
       4.78054819e-05, 4.79756082e-05, 4.59340930e-05, 1.30892260e-02,
       1.19088389e-06, 4.46921712e-05, 4.44072097e-05, 4.50366769e-05,
       6.15695073e-07, 4.67965452e-05, 4.20178742e-05])}
{'img': array([[[ 0.        , -0.30385427, -0.38468713, ..., -0.80020791,
          0.71739212,  0.96475278],
        [ 0.30385427,  0.        , -0.08602677, ..., -0.5801446 ,
          0.89515879,  0.83917619],
        [ 0.38468713,  0.08602677,  0.        , ..., -0.50792393,
          0.93018649,  0.78927873],
        ...,
        [ 0.80020791,  0.5801446 ,  0.50792393, ...,  0.        ,
          0.98771686,  0.3680031 ],
        [-0.71739212, -0.89515879, -0.93018649, ..., -0.98771686,
          0.        ,  0.86090134],
        [-0.96475278, -0.83917619, -0.78927873, ..., -0.3680031 ,
         -0.86090134,  0.        ]],

       [[ 0.        ,  0.10538793,  0.10741562, ...,  0.18601169,
          0.04014061,  0.7447936 ],
        [-0.10538793,  0.        ,  0.00203927, ...,  0.08142718,
          0.14522006,  0.67032116],
        [-0.10741562, -0.00203927,  0.        , ...,  0.07939451,
          0.14723741,  0.66880648],
        ...,
        [-0.18601169, -0.08142718, -0.07939451, ...,  0.        ,
          0.22530183,  0.60767046],
        [-0.04014061, -0.14522006, -0.14723741, ..., -0.22530183,
          0.        , -0.77097895],
        [-0.7447936 , -0.67032116, -0.66880648, ..., -0.60767046,
          0.77097895,  0.        ]],

       [[ 0.        , -0.04981374, -0.18747096, ..., -0.9903465 ,
         -0.69982858, -0.18747096],
        [ 0.04981374,  0.        , -0.13830767, ..., -0.99602189,
         -0.66337727, -0.13830767],
        [ 0.18747096,  0.13830767,  0.        , ..., -0.99877388,
         -0.55350819,  0.        ],
        ...,
        [ 0.9903465 ,  0.99602189,  0.99877388, ...,  0.        ,
          0.80442117,  0.99877388],
        [ 0.69982858,  0.66337727,  0.55350819, ..., -0.80442117,
          0.        ,  0.55350819],
        [ 0.18747096,  0.13830767,  0.        , ..., -0.99877388,
         -0.55350819,  0.        ]],

       ...,

       [[ 0.        , -0.21816881, -0.23882859, ...,  0.15237798,
          0.91437765,  0.99953038],
        [ 0.21816881,  0.        , -0.02122007, ...,  0.36432846,
          0.98067958,  0.98213816],
        [ 0.23882859,  0.02122007,  0.        , ...,  0.38400805,
          0.98460985,  0.97792421],
        ...,
        [-0.15237798, -0.36432846, -0.38400805, ...,  0.        ,
          0.8420077 ,  0.98318879],
        [-0.91437765, -0.98067958, -0.98460985, ..., -0.8420077 ,
          0.        ,  0.37665265],
        [-0.99953038, -0.98213816, -0.97792421, ..., -0.98318879,
         -0.37665265,  0.        ]],

       [[ 0.        ,  0.09131211,  0.16061432, ..., -0.87453566,
         -0.98690627, -0.59440217],
        [-0.09131211,  0.        ,  0.0698167 , ..., -0.8265993 ,
         -0.99751146, -0.66534922],
        [-0.16061432, -0.0698167 ,  0.        , ..., -0.78529006,
         -0.99999976, -0.71584608],
        ...,
        [ 0.87453566,  0.8265993 ,  0.78529006, ...,  0.        ,
          0.61966932,  0.99153553],
        [ 0.98690627,  0.99751146,  0.99999976, ..., -0.61966932,
          0.        ,  0.69776439],
        [ 0.59440217,  0.66534922,  0.71584608, ..., -0.99153553,
         -0.69776439,  0.        ]],

       [[ 0.        , -0.08217247, -0.20908415, ..., -0.67112086,
         -0.80448329, -0.99329982],
        [ 0.08217247,  0.        , -0.12802079, ..., -0.60793282,
         -0.75295421, -0.99943693],
        [ 0.20908415,  0.12802079,  0.        , ..., -0.50128341,
         -0.66251151, -0.99550855],
        ...,
        [ 0.67112086,  0.60793282,  0.50128341, ...,  0.        ,
         -0.19777285, -0.81393947],
        [ 0.80448329,  0.75295421,  0.66251151, ...,  0.19777285,
          0.        , -0.68296636],
        [ 0.99329982,  0.99943693,  0.99550855, ...,  0.81393947,
          0.68296636,  0.        ]]]), 'num': array([ 8.74575961e-01,  4.84816361e-01,  7.11240147e-05,  6.68684542e-08,
        4.51006249e-05,  4.69935344e-05,  4.51006249e-05,  8.36442938e-03,
       -1.15220575e-06,  4.39484192e-05,  4.30266546e-05,  4.36041291e-05,
        5.01284318e-07,  4.54921529e-05,  4.05611563e-05])}
{'img': array([[[ 0.        , -0.08602677,  0.08146983, ...,  0.89515879,
          0.83917619,  0.89515879],
        [ 0.08602677,  0.        ,  0.16690862, ...,  0.93018649,
          0.78927873,  0.93018649],
        [-0.08146983, -0.16690862,  0.        , ...,  0.85586815,
          0.88069476,  0.85586815],
        ...,
        [-0.89515879, -0.93018649, -0.85586815, ...,  0.        ,
          0.86090134,  0.        ],
        [-0.83917619, -0.78927873, -0.88069476, ..., -0.86090134,
          0.        , -0.86090134],
        [-0.89515879, -0.93018649, -0.85586815, ...,  0.        ,
          0.86090134,  0.        ]],

       [[ 0.        ,  0.00203927, -0.1228845 , ...,  0.14522006,
          0.67032116,  0.52402143],
        [-0.00203927,  0.        , -0.12490805, ...,  0.14723741,
          0.66880648,  0.52228348],
        [ 0.1228845 ,  0.12490805,  0.        , ...,  0.02253759,
          0.75642982,  0.62471121],
        ...,
        [-0.14522006, -0.14723741, -0.02253759, ...,  0.        ,
         -0.77097895, -0.64215114],
        [-0.67032116, -0.66880648, -0.75642982, ...,  0.77097895,
          0.        , -0.18205477],
        [-0.52402143, -0.52228348, -0.62471121, ...,  0.64215114,
          0.18205477,  0.        ]],

       [[ 0.        , -0.13830767, -0.32323506, ..., -0.66337727,
         -0.13830767,  0.29217943],
        [ 0.13830767,  0.        , -0.18924541, ..., -0.55350819,
          0.        ,  0.4216438 ],
        [ 0.32323506,  0.18924541,  0.        , ..., -0.38589434,
          0.18924541,  0.58562508],
        ...,
        [ 0.66337727,  0.55350819,  0.38589434, ...,  0.        ,
          0.55350819,  0.85306334],
        [ 0.13830767,  0.        , -0.18924541, ..., -0.55350819,
          0.        ,  0.4216438 ],
        [-0.29217943, -0.4216438 , -0.58562508, ..., -0.85306334,
         -0.4216438 ,  0.        ]],

       ...,

       [[ 0.        , -0.02122007, -0.2693303 , ...,  0.98067958,
          0.98213816,  0.89072937],
        [ 0.02122007,  0.        , -0.24883371, ...,  0.98460985,
          0.97792421,  0.90017405],
        [ 0.2693303 ,  0.24883371,  0.        , ...,  0.99712803,
          0.89516854,  0.98023481],
        ...,
        [-0.98067958, -0.98460985, -0.99712803, ...,  0.        ,
          0.37665265, -0.27150693],
        [-0.98213816, -0.97792421, -0.89516854, ..., -0.37665265,
          0.        , -0.61401594],
        [-0.89072937, -0.90017405, -0.98023481, ...,  0.27150693,
          0.61401594,  0.        ]],

       [[ 0.        ,  0.0698167 , -0.09536652, ..., -0.99751146,
         -0.66534922, -0.39168588],
        [-0.0698167 ,  0.        , -0.1646323 , ..., -0.99999976,
         -0.71584608, -0.45496837],
        [ 0.09536652,  0.1646323 ,  0.        , ..., -0.98624127,
         -0.59112253, -0.30215402],
        ...,
        [ 0.99751146,  0.99999976,  0.98624127, ...,  0.        ,
          0.69776439,  0.8901937 ],
        [ 0.66534922,  0.71584608,  0.59112253, ..., -0.69776439,
          0.        ,  0.31978101],
        [ 0.39168588,  0.45496837,  0.30215402, ..., -0.8901937 ,
         -0.31978101,  0.        ]],

       [[ 0.        , -0.12372607, -0.03242864, ..., -0.72006627,
         -0.95506194, -0.99784136],
        [ 0.12372607,  0.        ,  0.09148152, ..., -0.6286794 ,
         -0.91105045, -0.99829951],
        [ 0.03242864, -0.09148152,  0.        , ..., -0.69718515,
         -0.94494757, -0.99944616],
        ...,
        [ 0.72006627,  0.6286794 ,  0.69718515, ...,  0.        ,
         -0.44929036, -0.73969454],
        [ 0.95506194,  0.91105045,  0.94494757, ...,  0.44929036,
          0.        , -0.35848589],
        [ 0.99784136,  0.99829951,  0.99944616, ...,  0.73969454,
          0.35848589,  0.        ]]]), 'num': array([9.08119769e-01, 4.18575007e-01, 8.60359863e-05, 5.78470123e-08,
       4.76581739e-05, 4.83282361e-05, 4.63180495e-05, 1.06500775e-02,
       1.75891327e-06, 4.57987513e-05, 4.39812076e-05, 4.44474592e-05,
       5.62647648e-07, 4.70048052e-05, 4.09576099e-05])}
{'img': array([[[ 0.        ,  0.15513366,  0.25999929, ...,  0.99913037,
          0.87563325,  0.75454353],
        [-0.15513366,  0.        ,  0.10705317, ...,  0.99350275,
          0.79010646,  0.84721511],
        [-0.25999929, -0.10705317,  0.        , ...,  0.97560987,
          0.7199456 ,  0.89921841],
        ...,
        [-0.99913037, -0.99350275, -0.97560987, ...,  0.        ,
         -0.51906654,  0.62421826],
        [-0.87563325, -0.79010646, -0.7199456 , ...,  0.51906654,
          0.        ,  0.9390612 ],
        [-0.75454353, -0.84721511, -0.89921841, ..., -0.62421826,
         -0.9390612 ,  0.        ]],

       [[ 0.        , -0.12490805, -0.03540813, ...,  0.66880648,
          0.52228348,  0.59969148],
        [ 0.12490805,  0.        ,  0.0896989 , ...,  0.75642982,
          0.62471121,  0.69495023],
        [ 0.03540813, -0.0896989 ,  0.        , ...,  0.6947108 ,
          0.55215104,  0.62765013],
        ...,
        [-0.66880648, -0.75642982, -0.6947108 , ...,  0.        ,
         -0.18205477, -0.08936731],
        [-0.52228348, -0.62471121, -0.55215104, ...,  0.18205477,
          0.        ,  0.09345247],
        [-0.59969148, -0.69495023, -0.62765013, ...,  0.08936731,
         -0.09345247,  0.        ]],

       [[ 0.        , -0.18843975, -0.23836532, ...,  0.        ,
          0.41926862,  0.99853079],
        [ 0.18843975,  0.        , -0.05108687, ...,  0.18843975,
          0.58283466,  0.97043085],
        [ 0.23836532,  0.05108687,  0.        , ...,  0.23836532,
          0.62358632,  0.95683236],
        ...,
        [ 0.        , -0.18843975, -0.23836532, ...,  0.        ,
          0.41926862,  0.99853079],
        [-0.41926862, -0.58283466, -0.62358632, ..., -0.41926862,
          0.        ,  0.92924738],
        [-0.99853079, -0.97043085, -0.95683236, ..., -0.99853079,
         -0.92924738,  0.        ]],

       ...,

       [[ 0.        , -0.24883371, -0.06758775, ...,  0.97792421,
          0.90017405,  0.98905447],
        [ 0.24883371,  0.        ,  0.18280285, ...,  0.89516854,
          0.98023481,  0.99466059],
        [ 0.06758775, -0.18280285,  0.        , ...,  0.9615649 ,
          0.92755217,  0.99676547],
        ...,
        [-0.97792421, -0.89516854, -0.9615649 , ...,  0.        ,
         -0.61401594, -0.35096624],
        [-0.90017405, -0.98023481, -0.92755217, ...,  0.61401594,
          0.        ,  0.29794181],
        [-0.98905447, -0.99466059, -0.99676547, ...,  0.35096624,
         -0.29794181,  0.        ]],

       [[ 0.        , -0.07158554, -0.15163331, ..., -0.45557915,
         -0.244131  ,  0.86127329],
        [ 0.07158554,  0.        , -0.08048651, ..., -0.39068523,
         -0.17408514,  0.89543929],
        [ 0.15163331,  0.08048651,  0.        , ..., -0.31532794,
         -0.09426283,  0.92836549],
        ...,
        [ 0.45557915,  0.39068523,  0.31532794, ...,  0.        ,
          0.22447009,  0.99820033],
        [ 0.244131  ,  0.17408514,  0.09426283, ..., -0.22447009,
          0.        ,  0.95926633],
        [-0.86127329, -0.89543929, -0.92836549, ..., -0.99820033,
         -0.95926633,  0.        ]],

       [[ 0.        ,  0.08246175,  0.18274275, ..., -0.76846372,
         -0.82447738, -0.99874169],
        [-0.08246175,  0.        ,  0.10104722, ..., -0.81861324,
         -0.86833409, -0.99120474],
        [-0.18274275, -0.10104722,  0.        , ..., -0.87245926,
         -0.91400701, -0.97275907],
        ...,
        [ 0.76846372,  0.81861324,  0.87245926, ...,  0.        ,
         -0.09270789, -0.67762672],
        [ 0.82447738,  0.86833409,  0.91400701, ...,  0.09270789,
          0.        , -0.60653047],
        [ 0.99874169,  0.99120474,  0.97275907, ...,  0.67762672,
          0.60653047,  0.        ]]]), 'num': array([ 9.95843587e-01,  9.09692656e-02,  1.60723674e-04,  8.41259538e-08,
        5.22143269e-05,  5.32345002e-05,  5.12868966e-05,  4.48282718e-03,
       -5.56458190e-07,  5.17506117e-05,  4.89034006e-05,  4.92882842e-05,
        6.09058716e-07,  5.25707280e-05,  4.52360733e-05])}
{'img': array([[[ 0.00000000e+00,  1.07053171e-01, -2.84022484e-01, ...,
          7.90106456e-01,  8.47215107e-01,  9.98060407e-01],
        [-1.07053171e-01,  0.00000000e+00, -3.85034758e-01, ...,
          7.19945604e-01,  8.99218411e-01,  9.85660480e-01],
        [ 2.84022484e-01,  3.85034758e-01,  0.00000000e+00, ...,
          9.31665153e-01,  6.61437828e-01,  9.74639128e-01],
        ...,
        [-7.90106456e-01, -7.19945604e-01, -9.31665153e-01, ...,
          0.00000000e+00,  9.39061200e-01,  5.62594316e-01],
        [-8.47215107e-01, -8.99218411e-01, -6.61437828e-01, ...,
         -9.39061200e-01,  0.00000000e+00, -5.82961191e-01],
        [-9.98060407e-01, -9.85660480e-01, -9.74639128e-01, ...,
         -5.62594316e-01,  5.82961191e-01,  0.00000000e+00]],

       [[ 0.00000000e+00,  8.96989014e-02,  1.98609707e-02, ...,
          6.24711210e-01,  6.94950225e-01,  4.17761733e-01],
        [-8.96989014e-02,  0.00000000e+00, -6.99002987e-02, ...,
          5.52151040e-01,  6.27650133e-01,  3.34581175e-01],
        [-1.98609707e-02,  6.99002987e-02,  0.00000000e+00, ...,
          6.09079431e-01,  6.80531961e-01,  3.99634514e-01],
        ...,
        [-6.24711210e-01, -5.52151040e-01, -6.09079431e-01, ...,
          0.00000000e+00,  9.34524727e-02, -2.41373801e-01],
        [-6.94950225e-01, -6.27650133e-01, -6.80531961e-01, ...,
         -9.34524727e-02,  0.00000000e+00, -3.31006777e-01],
        [-4.17761733e-01, -3.34581175e-01, -3.99634514e-01, ...,
          2.41373801e-01,  3.31006777e-01,  0.00000000e+00]],

       [[ 0.00000000e+00, -4.26399470e-02, -1.57593508e-01, ...,
          4.71373322e-01,  8.52615658e-01,  9.14137001e-01],
        [ 4.26399470e-02,  0.00000000e+00, -1.15343056e-01, ...,
          5.08550219e-01,  8.74121224e-01,  8.96019132e-01],
        [ 1.57593508e-01,  1.15343056e-01,  0.00000000e+00, ...,
          6.04470111e-01,  9.24310116e-01,  8.38824748e-01],
        ...,
        [-4.71373322e-01, -5.08550219e-01, -6.04470111e-01, ...,
          0.00000000e+00,  5.05639817e-01,  9.97305593e-01],
        [-8.52615658e-01, -8.74121224e-01, -9.24310116e-01, ...,
         -5.05639817e-01,  0.00000000e+00,  8.23326822e-01],
        [-9.14137001e-01, -8.96019132e-01, -8.38824748e-01, ...,
         -9.97305593e-01, -8.23326822e-01,  0.00000000e+00]],

       ...,

       [[ 0.00000000e+00,  1.82802850e-01, -1.06894155e-02, ...,
          9.80234807e-01,  9.94660595e-01,  9.99714628e-01],
        [-1.82802850e-01,  0.00000000e+00, -1.93301700e-01, ...,
          9.27552169e-01,  9.96765465e-01,  9.87235925e-01],
        [ 1.06894155e-02,  1.93301700e-01,  0.00000000e+00, ...,
          9.82293571e-01,  9.93500615e-01,  9.99402156e-01],
        ...,
        [-9.80234807e-01, -9.27552169e-01, -9.82293571e-01, ...,
          0.00000000e+00,  2.97941806e-01,  2.21197563e-01],
        [-9.94660595e-01, -9.96765465e-01, -9.93500615e-01, ...,
         -2.97941806e-01,  0.00000000e+00, -7.94098328e-02],
        [-9.99714628e-01, -9.87235925e-01, -9.99402156e-01, ...,
         -2.21197563e-01,  7.94098328e-02,  0.00000000e+00]],

       [[ 0.00000000e+00, -5.98242708e-02,  7.58264137e-04, ...,
         -1.31589376e-01,  4.73811496e-01,  9.86187496e-01],
        [ 5.98242708e-02,  0.00000000e+00,  6.05811596e-02, ...,
         -7.20496324e-02,  5.25645689e-01,  9.94330021e-01],
        [-7.58264137e-04, -6.05811596e-02,  0.00000000e+00, ...,
         -1.32341009e-01,  4.73143612e-01,  9.86061619e-01],
        ...,
        [ 1.31589376e-01,  7.20496324e-02,  1.32341009e-01, ...,
          0.00000000e+00,  5.85572443e-01,  9.99407432e-01],
        [-4.73811496e-01, -5.25645689e-01, -4.73143612e-01, ...,
         -5.85572443e-01,  0.00000000e+00,  7.89983916e-01],
        [-9.86187496e-01, -9.94330021e-01, -9.86061619e-01, ...,
         -9.99407432e-01, -7.89983916e-01,  0.00000000e+00]],

       [[ 0.00000000e+00,  9.83337760e-02, -3.70724289e-02, ...,
         -8.36107194e-01, -9.80184553e-01, -9.87085936e-01],
        [-9.83337760e-02,  0.00000000e+00, -1.35158937e-01, ...,
         -8.85997567e-01, -9.94912667e-01, -9.66549767e-01],
        [ 3.70724289e-02,  1.35158937e-01,  0.00000000e+00, ...,
         -8.15195760e-01, -9.72167210e-01, -9.92346087e-01],
        ...,
        [ 8.36107194e-01,  8.85997567e-01,  8.15195760e-01, ...,
          0.00000000e+00, -3.72074506e-01, -6.75419243e-01],
        [ 9.80184553e-01,  9.94912667e-01,  9.72167210e-01, ...,
          3.72074506e-01,  0.00000000e+00, -3.52545701e-01],
        [ 9.87085936e-01,  9.66549767e-01,  9.92346087e-01, ...,
