state_0,state_1,state_2,state_3,state_4,state_5,state_6,state_7,state_8,state_9,state_10,state_11,state_12,state_13,state_14,state_15,state_16,state_17,state_18,state_19,state_20,state_21,state_22,state_23,state_24,state_25,state_26,state_27,state_28,state_29,state_30,state_31,state_32,state_33,state_34,state_35,state_36,state_37,state_38,state_39,state_40,state_41,state_42,state_43,state_44,state_45,state_46,state_47,state_48,state_49,state_50,state_51,state_52,state_53,state_54,state_55,state_56,state_57,state_58,state_59,state_60,state_61,state_62,state_63,state_64,state_65,state_66,state_67,state_68,state_69,state_70,state_71,state_72,state_73,state_74,state_75,state_76,state_77,state_78,state_79,state_80,state_81,state_82,state_83,state_84,state_85,state_86,state_87,state_88,state_89,state_90,state_91,state_92,state_93,state_94,state_95,state_96,state_97,state_98,state_99,state_100,state_101,state_102,state_103,state_104,state_105,state_106,state_107,state_108,state_109,state_110,state_111,state_112,state_113,state_114,state_115,state_116,state_117,state_118,state_119,state_120,state_121,state_122,state_123,state_124,state_125,state_126,state_127,state_128,state_129,state_130,state_131,state_132,state_133,state_134,state_135,state_136,state_137,state_138,state_139,state_140,state_141,state_142,state_143,state_144,state_145,state_146,state_147,state_148,state_149,state_150,state_151,state_152,state_153,state_154,state_155,state_156,state_157,state_158,state_159,state_160,state_161,state_162,state_163,state_164,state_165,state_166,state_167,state_168,state_169,state_170,state_171,state_172,state_173,state_174,state_175,state_176,state_177,state_178,state_179,state_180,state_181,state_182,state_183,state_184,state_185,state_186,state_187,state_188,state_189,state_190,state_191,state_192,state_193,state_194,state_195,state_196,state_197,state_198,state_199,state_200,state_201,state_202,state_203,state_204,state_205,state_206,state_207,state_208,state_209,state_210,state_211,state_212,state_213,state_214,state_215,state_216,state_217,state_218,state_219,state_220,state_221,state_222,state_223,state_224,state_225,state_226,state_227,state_228,state_229,state_230,state_231,state_232,state_233,state_234,state_235,state_236,state_237,state_238,state_239,state_240,state_241,state_242,state_243,state_244,state_245,state_246,state_247,state_248,state_249,state_250,state_251,state_252,state_253,state_254,state_255,state_256,state_257,state_258,state_259,state_260,state_261,state_262,state_263,state_264,state_265,state_266,state_267,state_268,state_269,state_270,state_271,state_272,state_273,state_274,state_275,state_276,state_277,state_278,state_279,state_280,state_281,state_282,state_283,state_284,state_285,state_286,state_287
{'img': array([[[ 0.        , -0.18695163, -0.13440148, ..., -0.98427025,
         -0.98708122, -0.67886216],
        [ 0.18695163,  0.        ,  0.05322355, ..., -0.93388806,
         -0.9397246 , -0.8041654 ],
        [ 0.13440148, -0.05322355,  0.        , ..., -0.9515953 ,
         -0.9565915 , -0.77138922],
        ...,
        [ 0.98427025,  0.93388806,  0.9515953 , ...,  0.        ,
         -0.01668662, -0.84265009],
        [ 0.98708122,  0.9397246 ,  0.9565915 , ...,  0.01668662,
          0.        , -0.83354766],
        [ 0.67886216,  0.8041654 ,  0.77138922, ...,  0.84265009,
          0.83354766,  0.        ]],

       [[ 0.        ,  0.05752865,  0.09268912, ...,  0.39613523,
          0.3072786 ,  0.47657216],
        [-0.05752865,  0.        ,  0.03525462, ...,  0.34265681,
          0.25202431,  0.42520742],
        [-0.09268912, -0.03525462,  0.        , ...,  0.30932347,
          0.21775101,  0.39303428],
        ...,
        [-0.39613523, -0.34265681, -0.30932347, ...,  0.        ,
         -0.09482923,  0.08932835],
        [-0.3072786 , -0.25202431, -0.21775101, ...,  0.09482923,
          0.        ,  0.18337593],
        [-0.47657216, -0.42520742, -0.39303428, ..., -0.08932835,
         -0.18337593,  0.        ]],

       [[ 0.        , -0.32912386, -0.43294694, ..., -0.97265902,
         -0.91176433, -0.39229449],
        [ 0.32912386,  0.        , -0.11214744, ..., -0.99490406,
         -0.99614269, -0.67317967],
        [ 0.43294694,  0.11214744,  0.        , ..., -0.97732039,
         -0.99969933, -0.75186364],
        ...,
        [ 0.97265902,  0.99490406,  0.97732039, ...,  0.        ,
         -0.18773824, -0.80358473],
        [ 0.91176433,  0.99614269,  0.99969933, ...,  0.18773824,
          0.        , -0.67755627],
        [ 0.39229449,  0.67317967,  0.75186364, ...,  0.80358473,
          0.67755627,  0.        ]],

       ...,

       [[ 0.        , -0.54116633, -0.33942979, ..., -0.82733499,
         -0.86842055, -0.99817136],
        [ 0.54116633,  0.        ,  0.22360624, ..., -0.39174096,
         -0.46194276, -0.87209019],
        [ 0.33942979, -0.22360624,  0.        , ..., -0.58755654,
         -0.64856472, -0.95942912],
        ...,
        [ 0.82733499,  0.39174096,  0.58755654, ...,  0.        ,
         -0.07758336, -0.61069231],
        [ 0.86842055,  0.46194276,  0.64856472, ...,  0.07758336,
          0.        , -0.54741582],
        [ 0.99817136,  0.87209019,  0.95942912, ...,  0.61069231,
          0.54741582,  0.        ]],

       [[ 0.        ,  0.13677493,  0.29281373, ..., -0.80637581,
         -0.81680805, -0.9463379 ],
        [-0.13677493,  0.        ,  0.1592819 , ..., -0.71790845,
         -0.73022505, -0.8932416 ],
        [-0.29281373, -0.1592819 ,  0.        , ..., -0.59786091,
         -0.61207991, -0.81022824],
        ...,
        [ 0.80637581,  0.71790845,  0.59786091, ...,  0.        ,
          0.0178572 ,  0.2990639 ],
        [ 0.81680805,  0.73022505,  0.61207991, ..., -0.0178572 ,
          0.        ,  0.28197627],
        [ 0.9463379 ,  0.8932416 ,  0.81022824, ..., -0.2990639 ,
         -0.28197627,  0.        ]],

       [[ 0.        , -0.44281026, -0.54233174, ..., -0.86911104,
         -0.75679972, -0.        ],
        [ 0.44281026,  0.        , -0.11422952, ..., -0.99827979,
         -0.96799976, -0.44281026],
        [ 0.54233174,  0.11422952,  0.        , ..., -0.9984427 ,
         -0.99032964, -0.54233174],
        ...,
        [ 0.86911104,  0.99827979,  0.9984427 , ...,  0.        ,
         -0.19376566, -0.86911104],
        [ 0.75679972,  0.96799976,  0.99032964, ...,  0.19376566,
          0.        , -0.75679972],
        [ 0.        ,  0.44281026,  0.54233174, ...,  0.86911104,
          0.75679972,  0.        ]]]), 'num': array([7.07092641e-01, 7.07092641e-01, 0.00000000e+00, 0.00000000e+00,
       2.53533217e-04, 2.55033414e-04, 2.42031710e-04, 6.27936270e-03,
       1.25016379e-05, 2.55133427e-04, 2.74735995e-04, 2.89412918e-04,
       3.27203363e-07, 3.00440335e-04, 2.49031654e-04])}
{'img': array([[[ 0.        ,  0.05322355,  0.36366589, ..., -0.9397246 ,
         -0.8041654 , -0.97451998],
        [-0.05322355,  0.        ,  0.31357114, ..., -0.9565915 ,
         -0.77138922, -0.9850768 ],
        [-0.36366589, -0.31357114,  0.        , ..., -0.99973024,
         -0.53293871, -0.98936458],
        ...,
        [ 0.9397246 ,  0.9565915 ,  0.99973024, ...,  0.        ,
         -0.83354766, -0.12243893],
        [ 0.8041654 ,  0.77138922,  0.53293871, ...,  0.83354766,
          0.        ,  0.759635  ],
        [ 0.97451998,  0.9850768 ,  0.98936458, ...,  0.12243893,
         -0.759635  ,  0.        ]],

       [[ 0.        ,  0.03525462,  0.1145375 , ...,  0.25202431,
          0.42520742,  0.22488184],
        [-0.03525462,  0.        ,  0.07944369, ...,  0.21775101,
          0.39303428,  0.19039043],
        [-0.1145375 , -0.07944369,  0.        , ...,  0.13952539,
          0.31874167,  0.11179813],
        ...,
        [-0.25202431, -0.21775101, -0.13952539, ...,  0.        ,
          0.18337593, -0.02794612],
        [-0.42520742, -0.39303428, -0.31874167, ..., -0.18337593,
          0.        , -0.21077653],
        [-0.22488184, -0.19039043, -0.11179813, ...,  0.02794612,
          0.21077653,  0.        ]],

       [[ 0.        , -0.10620437, -0.08593678, ..., -0.9964642 ,
         -0.96632574, -0.64666548],
        [ 0.10620437,  0.        ,  0.02036072, ..., -0.9819054 ,
         -0.98818923, -0.72401805],
        [ 0.08593678, -0.02036072,  0.        , ..., -0.9855576 ,
         -0.98486433, -0.70982352],
        ...,
        [ 0.9964642 ,  0.9819054 ,  0.9855576 , ...,  0.        ,
         -0.33760121, -0.81440851],
        [ 0.96632574,  0.98818923,  0.98486433, ...,  0.33760121,
          0.        , -0.5706867 ],
        [ 0.64666548,  0.72401805,  0.70982352, ...,  0.81440851,
          0.5706867 ,  0.        ]],

       ...,

       [[ 0.        ,  0.22360624,  0.3882667 , ..., -0.46194276,
         -0.87209019,  0.18915012],
        [-0.22360624,  0.        ,  0.17237195, ..., -0.64856472,
         -0.95942912, -0.03520899],
        [-0.3882667 , -0.17237195,  0.        , ..., -0.77005951,
         -0.99366858, -0.20694705],
        ...,
        [ 0.46194276,  0.64856472,  0.77005951, ...,  0.        ,
         -0.54741582,  0.62136293],
        [ 0.87209019,  0.95942912,  0.99366858, ...,  0.54741582,
          0.        ,  0.94890707],
        [-0.18915012,  0.03520899,  0.20694705, ..., -0.62136293,
         -0.94890707,  0.        ]],

       [[ 0.        ,  0.1592819 ,  0.16904788, ..., -0.73022505,
         -0.8932416 , -0.88492945],
        [-0.1592819 ,  0.        ,  0.00990018, ..., -0.61207991,
         -0.81022824, -0.7994501 ],
        [-0.16904788, -0.00990018,  0.        , ..., -0.60422089,
         -0.80438589, -0.79346356],
        ...,
        [ 0.73022505,  0.61207991,  0.60422089, ...,  0.        ,
          0.28197627,  0.26450559],
        [ 0.8932416 ,  0.81022824,  0.80438589, ..., -0.28197627,
          0.        , -0.01816114],
        [ 0.88492945,  0.7994501 ,  0.79346356, ..., -0.26450559,
          0.01816114,  0.        ]],

       [[ 0.        , -0.18150361, -0.19361194, ..., -0.9400989 ,
         -0.66534741, -0.21370977],
        [ 0.18150361,  0.        , -0.01232687, ..., -0.98635903,
         -0.78979477, -0.38747048],
        [ 0.19361194,  0.01232687,  0.        , ..., -0.98831319,
         -0.79729571, -0.39880495],
        ...,
        [ 0.9400989 ,  0.98635903,  0.98831319, ...,  0.        ,
         -0.47499753, -0.84552593],
        [ 0.66534741,  0.78979477,  0.79729571, ...,  0.47499753,
          0.        , -0.49043444],
        [ 0.21370977,  0.38747048,  0.39880495, ...,  0.84552593,
          0.49043444,  0.        ]]]), 'num': array([7.07103216e-01, 7.07103216e-01, 0.00000000e+00, 0.00000000e+00,
       2.54537155e-04, 2.55537301e-04, 2.51536717e-04, 3.08498032e-03,
       1.00014599e-06, 2.52736892e-04, 2.73289892e-04, 2.88692141e-04,
       3.31336709e-07, 3.00093991e-04, 2.46485793e-04])}
{'img': array([[[ 0.        ,  0.31357114,  0.77138922, ..., -0.77138922,
         -0.9850768 , -0.9781881 ],
        [-0.31357114,  0.        ,  0.53293871, ..., -0.53293871,
         -0.98936458, -0.99398823],
        [-0.77138922, -0.53293871,  0.        , ..., -0.        ,
         -0.759635  , -0.78271712],
        ...,
        [ 0.77138922,  0.53293871,  0.        , ...,  0.        ,
          0.759635  ,  0.78271712],
        [ 0.9850768 ,  0.98936458,  0.759635  , ..., -0.759635  ,
          0.        ,  0.03625998],
        [ 0.9781881 ,  0.99398823,  0.78271712, ..., -0.78271712,
         -0.03625998,  0.        ]],

       [[ 0.        ,  0.07944369, -0.0202543 , ...,  0.39303428,
          0.19039043, -0.01758185],
        [-0.07944369,  0.        , -0.09961767, ...,  0.31874167,
          0.11179813, -0.09695769],
        [ 0.0202543 ,  0.09961767,  0.        , ...,  0.41157796,
          0.21023519,  0.00267293],
        ...,
        [-0.39303428, -0.31874167, -0.41157796, ...,  0.        ,
         -0.21077653, -0.40914045],
        [-0.19039043, -0.11179813, -0.21023519, ...,  0.21077653,
          0.        , -0.20762125],
        [ 0.01758185,  0.09695769, -0.00267293, ...,  0.40914045,
          0.20762125,  0.        ]],

       [[ 0.        ,  0.01985486,  0.13712256, ..., -0.9988147 ,
         -0.93350543, -0.71139025],
        [-0.01985486,  0.        ,  0.11742821, ..., -0.99765138,
         -0.92620219, -0.69729608],
        [-0.13712256, -0.11742821,  0.        , ..., -0.98270563,
         -0.87552052, -0.60830117],
        ...,
        [ 0.9988147 ,  0.99765138,  0.98270563, ...,  0.        ,
         -0.31270047, -0.66733771],
        [ 0.93350543,  0.92620219,  0.87552052, ...,  0.31270047,
          0.        , -0.40098661],
        [ 0.71139025,  0.69729608,  0.60830117, ...,  0.66733771,
          0.40098661,  0.        ]],

       ...,

       [[ 0.        ,  0.17237195,  0.13986216, ..., -0.95942912,
         -0.03520899, -0.01162382],
        [-0.17237195,  0.        , -0.03290901, ..., -0.99366858,
         -0.20694705, -0.18381013],
        [-0.13986216,  0.03290901,  0.        , ..., -0.989433  ,
         -0.17463836, -0.15136228],
        ...,
        [ 0.95942912,  0.99366858,  0.989433  , ...,  0.        ,
          0.94890707,  0.95608697],
        [ 0.03520899,  0.20694705,  0.17463836, ..., -0.94890707,
          0.        ,  0.02359   ],
        [ 0.01162382,  0.18381013,  0.15136228, ..., -0.95608697,
         -0.02359   ,  0.        ]],

       [[ 0.        ,  0.00990018,  0.04746857, ..., -0.81022824,
         -0.7994501 , -0.78403711],
        [-0.00990018,  0.        ,  0.03757722, ..., -0.80438589,
         -0.79346356, -0.77785351],
        [-0.04746857, -0.03757722,  0.        , ..., -0.78149288,
         -0.770033  , -0.75368889],
        ...,
        [ 0.81022824,  0.80438589,  0.78149288, ...,  0.        ,
         -0.01816114, -0.04338445],
        [ 0.7994501 ,  0.79346356,  0.770033  , ...,  0.01816114,
          0.        , -0.02523326],
        [ 0.78403711,  0.77785351,  0.75368889, ...,  0.04338445,
          0.02523326,  0.        ]],

       [[ 0.        , -0.01200016,  0.03687955, ..., -0.87624071,
         -0.74467747, -0.37798434],
        [ 0.01200016,  0.        ,  0.04886889, ..., -0.88196018,
         -0.75263305, -0.38906702],
        [-0.03687955, -0.04886889,  0.        , ..., -0.85787334,
         -0.71955656, -0.34358368],
        ...,
        [ 0.87624071,  0.88196018,  0.85787334, ...,  0.        ,
         -0.22598408, -0.62909346],
        [ 0.74467747,  0.75263305,  0.71955656, ...,  0.22598408,
          0.        , -0.43715531],
        [ 0.37798434,  0.38906702,  0.34358368, ...,  0.62909346,
          0.43715531,  0.        ]]]), 'num': array([ 7.85797810e-01,  6.18412500e-01,  6.53848866e-06, -3.34129092e-11,
        2.84185585e-04,  2.86960835e-04,  2.81410336e-04,  9.33185535e-03,
        1.66514991e-06,  2.80189226e-04,  3.01558650e-04,  3.19625526e-04,
        3.72289615e-07,  3.31428590e-04,  2.71688709e-04])}
{'img': array([[[ 0.        ,  0.53293871,  0.31929931, ..., -0.98936458,
         -0.99398823, -0.99836601],
        [-0.53293871,  0.        , -0.23486511, ..., -0.759635  ,
         -0.78271712, -0.81431757],
        [-0.31929931,  0.23486511,  0.        , ..., -0.89113091,
         -0.90699773, -0.92785977],
        ...,
        [ 0.98936458,  0.759635  ,  0.89113091, ...,  0.        ,
          0.03625998,  0.08868412],
        [ 0.99398823,  0.78271712,  0.90699773, ..., -0.03625998,
          0.        ,  0.05250869],
        [ 0.99836601,  0.81431757,  0.92785977, ..., -0.08868412,
         -0.05250869,  0.        ]],

       [[ 0.        , -0.09961767, -0.05681345, ...,  0.11179813,
         -0.09695769,  0.21160681],
        [ 0.09961767,  0.        ,  0.04292592, ...,  0.21023519,
          0.00267293,  0.30791606],
        [ 0.05681345, -0.04292592,  0.        , ...,  0.16807484,
         -0.04025531,  0.26679193],
        ...,
        [-0.11179813, -0.21023519, -0.16807484, ...,  0.        ,
         -0.20762125,  0.10101379],
        [ 0.09695769, -0.00267293,  0.04025531, ...,  0.20762125,
          0.        ,  0.3053719 ],
        [-0.21160681, -0.30791606, -0.26679193, ..., -0.10101379,
         -0.3053719 ,  0.        ]],

       [[ 0.        ,  0.11708062,  0.22033617, ..., -0.93432173,
         -0.79200475, -0.6957739 ],
        [-0.11708062,  0.        ,  0.10461754, ..., -0.88616472,
         -0.7150782 , -0.60689423],
        [-0.22033617, -0.10461754,  0.        , ..., -0.83282525,
         -0.63802192, -0.52041571],
        ...,
        [ 0.93432173,  0.88616472,  0.83282525, ...,  0.        ,
         -0.2881225 , -0.42309151],
        [ 0.79200475,  0.7150782 ,  0.63802192, ...,  0.2881225 ,
          0.        , -0.14408567],
        [ 0.6957739 ,  0.60689423,  0.52041571, ...,  0.42309151,
          0.14408567,  0.        ]],

       ...,

       [[ 0.        , -0.03290901, -0.17237195, ..., -0.20694705,
         -0.18381013, -0.16101913],
        [ 0.03290901,  0.        , -0.13986216, ..., -0.17463836,
         -0.15136228, -0.12845233],
        [ 0.17237195,  0.13986216,  0.        , ..., -0.03520899,
         -0.01162382,  0.01151373],
        ...,
        [ 0.20694705,  0.17463836,  0.03520899, ...,  0.        ,
          0.02359   ,  0.04671324],
        [ 0.18381013,  0.15136228,  0.01162382, ..., -0.02359   ,
          0.        ,  0.023136  ],
        [ 0.16101913,  0.12845233, -0.01151373, ..., -0.04671324,
         -0.023136  ,  0.        ]],

       [[ 0.        ,  0.03757722,  0.08335972, ..., -0.79346356,
         -0.77785351, -0.70040674],
        [-0.03757722,  0.        ,  0.04585441, ..., -0.770033  ,
         -0.75368889, -0.67309155],
        [-0.08335972, -0.04585441,  0.        , ..., -0.73996772,
         -0.72275915, -0.6384715 ],
        ...,
        [ 0.79346356,  0.770033  ,  0.73996772, ...,  0.        ,
         -0.02523326, -0.14004982],
        [ 0.77785351,  0.75368889,  0.72275915, ...,  0.02523326,
          0.        , -0.11502065],
        [ 0.70040674,  0.67309155,  0.6384715 , ...,  0.14004982,
          0.11502065,  0.        ]],

       [[ 0.        ,  0.0480383 ,  0.08112441, ..., -0.82551193,
         -0.68603724, -0.38292969],
        [-0.0480383 ,  0.        ,  0.0331508 , ..., -0.79744679,
         -0.65029416, -0.3381109 ],
        [-0.08112441, -0.0331508 ,  0.        , ..., -0.77700565,
         -0.62475265, -0.30672664],
        ...,
        [ 0.82551193,  0.79744679,  0.77700565, ...,  0.        ,
         -0.21342586, -0.5464697 ],
        [ 0.68603724,  0.65029416,  0.62475265, ...,  0.21342586,
          0.        , -0.35513898],
        [ 0.38292969,  0.3381109 ,  0.30672664, ...,  0.5464697 ,
          0.35513898,  0.        ]]]), 'num': array([8.76686511e-01, 4.81037499e-01, 1.51011073e-05, 1.45433006e-09,
       3.21143678e-04, 3.21143678e-04, 3.12563503e-04, 4.77805409e-03,
       7.35443538e-06, 3.10602321e-04, 3.31317314e-04, 3.52001663e-04,
       5.19775496e-07, 3.63166255e-04, 2.99468372e-04])}
{'img': array([[[ 0.        , -0.23486511, -0.40098661, ..., -0.78271712,
         -0.81431757, -0.91091801],
        [ 0.23486511,  0.        , -0.17461405, ..., -0.90699773,
         -0.92785977, -0.98234018],
        [ 0.40098661,  0.17461405,  0.        , ..., -0.96659966,
         -0.97872371, -0.99991937],
        ...,
        [ 0.78271712,  0.90699773,  0.96659966, ...,  0.        ,
          0.05250869,  0.24399575],
        [ 0.81431757,  0.92785977,  0.97872371, ..., -0.05250869,
          0.        ,  0.19273747],
        [ 0.91091801,  0.98234018,  0.99991937, ..., -0.24399575,
         -0.19273747,  0.        ]],

       [[ 0.        ,  0.04292592,  0.12874427, ...,  0.00267293,
          0.30791606,  0.06770423],
        [-0.04292592,  0.        ,  0.08605691, ..., -0.04025531,
          0.26679193,  0.0248144 ],
        [-0.12874427, -0.08605691,  0.        , ..., -0.12609313,
          0.18286449, -0.06130807],
        ...,
        [-0.00267293,  0.04025531,  0.12609313, ...,  0.        ,
          0.3053719 ,  0.06503719],
        [-0.30791606, -0.26679193, -0.18286449, ..., -0.3053719 ,
          0.        , -0.2427948 ],
        [-0.06770423, -0.0248144 ,  0.06130807, ..., -0.06503719,
          0.2427948 ,  0.        ]],

       [[ 0.        ,  0.10461754,  0.28265146, ..., -0.7150782 ,
         -0.60689423, -0.79357969],
        [-0.10461754,  0.        ,  0.1807489 , ..., -0.63802192,
         -0.52041571, -0.72556869],
        [-0.28265146, -0.1807489 ,  0.        , ..., -0.4883333 ,
         -0.35750025, -0.58923574],
        ...,
        [ 0.7150782 ,  0.63802192,  0.4883333 , ...,  0.        ,
         -0.14408567,  0.11964648],
        [ 0.60689423,  0.52041571,  0.35750025, ...,  0.14408567,
          0.        ,  0.26144863],
        [ 0.79357969,  0.72556869,  0.58923574, ..., -0.11964648,
         -0.26144863,  0.        ]],

       ...,

       [[ 0.        , -0.13986216,  0.05442302, ..., -0.15136228,
         -0.12845233,  0.3513844 ],
        [ 0.13986216,  0.        ,  0.19354297, ..., -0.01162382,
          0.01151373,  0.47887397],
        [-0.05442302, -0.19354297,  0.        , ..., -0.20493393,
         -0.18223412,  0.29991111],
        ...,
        [ 0.15136228,  0.01162382,  0.20493393, ...,  0.        ,
          0.023136  ,  0.48904597],
        [ 0.12845233, -0.01151373,  0.18223412, ..., -0.023136  ,
          0.        ,  0.46873451],
        [-0.3513844 , -0.47887397, -0.29991111, ..., -0.48904597,
         -0.46873451,  0.        ]],

       [[ 0.        ,  0.04585441, -0.06565471, ..., -0.75368889,
         -0.67309155, -0.49762664],
        [-0.04585441,  0.        , -0.11134113, ..., -0.72275915,
         -0.6384715 , -0.45732949],
        [ 0.06565471,  0.11134113,  0.        , ..., -0.79521307,
         -0.72019484, -0.55350129],
        ...,
        [ 0.75368889,  0.72275915,  0.79521307, ...,  0.        ,
         -0.11502065, -0.32668738],
        [ 0.67309155,  0.6384715 ,  0.72019484, ...,  0.11502065,
          0.        , -0.21580943],
        [ 0.49762664,  0.45732949,  0.55350129, ...,  0.32668738,
          0.21580943,  0.        ]],

       [[ 0.        ,  0.03301319, -0.00578114, ..., -0.68035174,
         -0.49981325, -0.33678547],
        [-0.03301319,  0.        , -0.03879063, ..., -0.655786  ,
         -0.47094699, -0.30551728],
        [ 0.00578114,  0.03879063,  0.        , ..., -0.68457729,
         -0.50481214, -0.34222325],
        ...,
        [ 0.68035174,  0.655786  ,  0.68457729, ...,  0.        ,
         -0.22296922, -0.39378129],
        [ 0.49981325,  0.47094699,  0.50481214, ...,  0.22296922,
          0.        , -0.17891379],
        [ 0.33678547,  0.30551728,  0.34222325, ...,  0.39378129,
          0.17891379,  0.        ]]]), 'num': array([ 9.05021642e-01,  4.25348773e-01,  1.85560104e-05,  1.48220665e-08,
        3.29445652e-04,  3.37092360e-04,  3.29445652e-04,  3.65009215e-03,
       -4.46057943e-06,  3.27406530e-04,  3.42508778e-04,  3.64843536e-04,
        5.17504453e-07,  3.74233400e-04,  3.10784155e-04])}
{'img': array([[[ 0.        , -0.20796841, -0.43203164, ..., -0.90149445,
         -0.96823535, -0.93458137],
        [ 0.20796841,  0.        , -0.23502744, ..., -0.97179055,
         -0.99906596, -0.9881319 ],
        [ 0.43203164,  0.23502744,  0.        , ..., -0.99999965,
         -0.98123668, -0.99655512],
        ...,
        [ 0.90149445,  0.97179055,  0.99999965, ...,  0.        ,
          0.19363301,  0.08377194],
        [ 0.96823535,  0.99906596,  0.98123668, ..., -0.19363301,
          0.        , -0.1107659 ],
        [ 0.93458137,  0.9881319 ,  0.99655512, ..., -0.08377194,
          0.1107659 ,  0.        ]],

       [[ 0.        ,  0.08605691, -0.02611303, ...,  0.26679193,
          0.0248144 , -0.06062256],
        [-0.08605691,  0.        , -0.11204373, ...,  0.18286449,
         -0.06130807, -0.1462963 ],
        [ 0.02611303,  0.11204373,  0.        , ...,  0.2918675 ,
          0.05091093, -0.03453688],
        ...,
        [-0.26679193, -0.18286449, -0.2918675 , ...,  0.        ,
         -0.2427948 , -0.32472649],
        [-0.0248144 ,  0.06130807, -0.05091093, ...,  0.2427948 ,
          0.        , -0.08537265],
        [ 0.06062256,  0.1462963 ,  0.03453688, ...,  0.32472649,
          0.08537265,  0.        ]],

       [[ 0.        ,  0.1807489 ,  0.32046145, ..., -0.52041571,
         -0.72556869, -0.8976501 ],
        [-0.1807489 ,  0.        ,  0.14396674, ..., -0.35750025,
         -0.58923574, -0.80320751],
        [-0.32046145, -0.14396674,  0.        , ..., -0.21932359,
         -0.46677787, -0.70907923],
        ...,
        [ 0.52041571,  0.35750025,  0.21932359, ...,  0.        ,
          0.26144863,  0.53716331],
        [ 0.72556869,  0.58923574,  0.46677787, ..., -0.26144863,
          0.        ,  0.29795313],
        [ 0.8976501 ,  0.80320751,  0.70907923, ..., -0.53716331,
         -0.29795313,  0.        ]],

       ...,

       [[ 0.        ,  0.19354297,  0.07410082, ...,  0.01151373,
          0.47887397,  0.38947417],
        [-0.19354297,  0.        , -0.12031117, ..., -0.18223412,
          0.29991111,  0.2038496 ],
        [-0.07410082,  0.12031117,  0.        , ..., -0.06261384,
          0.41250552,  0.32015378],
        ...,
        [-0.01151373,  0.18223412,  0.06261384, ...,  0.        ,
          0.46873451,  0.37884378],
        [-0.47887397, -0.29991111, -0.41250552, ..., -0.46873451,
          0.        , -0.09914781],
        [-0.38947417, -0.2038496 , -0.32015378, ..., -0.37884378,
          0.09914781,  0.        ]],

       [[ 0.        , -0.11056556, -0.26198109, ..., -0.66706222,
         -0.50522503, -0.        ],
        [ 0.11056556,  0.        , -0.153671  , ..., -0.74534392,
         -0.59754413, -0.11056556],
        [ 0.26198109,  0.153671  ,  0.        , ..., -0.83894018,
         -0.71366548, -0.26198109],
        ...,
        [ 0.66706222,  0.74534392,  0.83894018, ...,  0.        ,
         -0.19927279, -0.66706222],
        [ 0.50522503,  0.59754413,  0.71366548, ...,  0.19927279,
          0.        , -0.50522503],
        [ 0.        ,  0.11056556,  0.26198109, ...,  0.66706222,
          0.50522503,  0.        ]],

       [[ 0.        , -0.03861848, -0.12189487, ..., -0.53768985,
         -0.47513559, -0.30422931],
        [ 0.03861848,  0.        , -0.08347343, ..., -0.56984964,
         -0.50876204, -0.34079028],
        [ 0.12189487,  0.08347343,  0.        , ..., -0.63645507,
         -0.57884934, -0.41807758],
        ...,
        [ 0.53768985,  0.56984964,  0.63645507, ...,  0.        ,
         -0.07251296, -0.255694  ],
        [ 0.47513559,  0.50876204,  0.57884934, ...,  0.07251296,
          0.        , -0.1849184 ],
        [ 0.30422931,  0.34079028,  0.41807758, ...,  0.255694  ,
          0.1849184 ,  0.        ]]]), 'num': array([ 9.26883932e-01,  3.75318267e-01,  2.13785141e-05,  5.76657922e-09,
        3.37142827e-04,  3.41063092e-04,  3.37142827e-04,  4.62710235e-03,
       -6.53377571e-07,  3.36881476e-04,  3.49589670e-04,  3.72926139e-04,
        4.38508437e-07,  3.81570416e-04,  3.17608923e-04])}
{'img': array([[[ 0.        , -0.23502744,  0.08569176, ..., -0.99906596,
         -0.9881319 , -0.98547642],
        [ 0.23502744,  0.        ,  0.31745436, ..., -0.98123668,
         -0.99655512, -0.99778254],
        [-0.08569176, -0.31745436,  0.        , ..., -0.99168824,
         -0.97133433, -0.96730002],
        ...,
        [ 0.99906596,  0.98123668,  0.99168824, ...,  0.        ,
         -0.1107659 , -0.12707007],
        [ 0.9881319 ,  0.99655512,  0.97133433, ...,  0.1107659 ,
          0.        , -0.01642014],
        [ 0.98547642,  0.99778254,  0.96730002, ...,  0.12707007,
          0.01642014,  0.        ]],

       [[ 0.        , -0.11204373, -0.16346549, ..., -0.06130807,
         -0.1462963 , -0.08819073],
        [ 0.11204373,  0.        , -0.05189955, ...,  0.05091093,
         -0.03453688,  0.02397175],
        [ 0.16346549,  0.05189955,  0.        , ...,  0.10267457,
          0.01737825,  0.07582408],
        ...,
        [ 0.06130807, -0.05091093, -0.10267457, ...,  0.        ,
         -0.08537265, -0.02695564],
        [ 0.1462963 ,  0.03453688, -0.01737825, ...,  0.08537265,
          0.        ,  0.0584844 ],
        [ 0.08819073, -0.02397175, -0.07582408, ...,  0.02695564,
         -0.0584844 ,  0.        ]],

       [[ 0.        ,  0.14396674,  0.35750025, ..., -0.58923574,
         -0.80320751, -0.83521163],
        [-0.14396674,  0.        ,  0.21932359, ..., -0.46677787,
         -0.70907923, -0.7473394 ],
        [-0.35750025, -0.21932359,  0.        , ..., -0.26144863,
         -0.53716331, -0.58341541],
        ...,
        [ 0.58923574,  0.46677787,  0.26144863, ...,  0.        ,
          0.29795313,  0.35078094],
        [ 0.80320751,  0.70907923,  0.53716331, ..., -0.29795313,
          0.        ,  0.05582818],
        [ 0.83521163,  0.7473394 ,  0.58341541, ..., -0.35078094,
         -0.05582818,  0.        ]],

       ...,

       [[ 0.        , -0.12031117,  0.24017767, ...,  0.29991111,
          0.2038496 , -0.18109634],
        [ 0.12031117,  0.        ,  0.3552226 , ...,  0.41250552,
          0.32015378, -0.06145903],
        [-0.24017767, -0.3552226 ,  0.        , ...,  0.06201079,
         -0.03725176, -0.41200187],
        ...,
        [-0.29991111, -0.41250552, -0.06201079, ...,  0.        ,
         -0.09914781, -0.46771214],
        [-0.2038496 , -0.32015378,  0.03725176, ...,  0.09914781,
          0.        , -0.37777274],
        [ 0.18109634,  0.06145903,  0.41200187, ...,  0.46771214,
          0.37777274,  0.        ]],

       [[ 0.        , -0.23373275, -0.29486868, ..., -0.61805219,
         -0.39673952, -0.        ],
        [ 0.23373275,  0.        , -0.0633606 , ..., -0.78467867,
         -0.60030078, -0.23373275],
        [ 0.29486868,  0.0633606 ,  0.        , ..., -0.82237942,
         -0.64976878, -0.29486868],
        ...,
        [ 0.61805219,  0.78467867,  0.82237942, ...,  0.        ,
         -0.25543777, -0.61805219],
        [ 0.39673952,  0.60030078,  0.64976878, ...,  0.25543777,
          0.        , -0.39673952],
        [ 0.        ,  0.23373275,  0.29486868, ...,  0.61805219,
          0.39673952,  0.        ]],

       [[ 0.        , -0.08282662, -0.10568375, ..., -0.6069668 ,
         -0.55625107, -0.3383197 ],
        [ 0.08282662,  0.        , -0.02295784, ..., -0.67070581,
         -0.62316988, -0.41509966],
        [ 0.10568375,  0.02295784,  0.        , ..., -0.6875574 ,
         -0.64096065, -0.43587674],
        ...,
        [ 0.6069668 ,  0.67070581,  0.6875574 , ...,  0.        ,
         -0.06233024, -0.30230285],
        [ 0.55625107,  0.62316988,  0.64096065, ...,  0.06233024,
          0.        , -0.24230112],
        [ 0.3383197 ,  0.41509966,  0.43587674, ...,  0.30230285,
          0.24230112,  0.        ]]]), 'num': array([9.14457538e-01, 4.04665041e-01, 1.95697695e-05, 4.09092823e-09,
       3.34071099e-04, 3.35994733e-04, 3.28941408e-04, 3.56185195e-03,
       3.20605661e-06, 3.32147465e-04, 3.41733574e-04, 3.64934737e-04,
       4.58008087e-07, 3.72225785e-04, 3.11241363e-04])}
{'img': array([[[ 0.        ,  0.31745436,  0.02485693, ..., -0.99655512,
         -0.99778254, -0.98918209],
        [-0.31745436,  0.        , -0.2937851 , ..., -0.97133433,
         -0.96730002, -0.9845835 ],
        [-0.02485693,  0.2937851 ,  0.        , ..., -0.99830866,
         -0.99912868, -0.99252279],
        ...,
        [ 0.99655512,  0.97133433,  0.99830866, ...,  0.        ,
         -0.01642014,  0.06415158],
        [ 0.99778254,  0.96730002,  0.99912868, ...,  0.01642014,
          0.        ,  0.08052925],
        [ 0.98918209,  0.9845835 ,  0.99252279, ..., -0.06415158,
         -0.08052925,  0.        ]],

       [[ 0.        , -0.05189955, -0.04601505, ..., -0.03453688,
          0.02397175, -0.04299192],
        [ 0.05189955,  0.        ,  0.00589154, ...,  0.01737825,
          0.07582408,  0.00891759],
        [ 0.04601505, -0.00589154,  0.        , ...,  0.0114873 ,
          0.06994818,  0.00302613],
        ...,
        [ 0.03453688, -0.01737825, -0.0114873 , ...,  0.        ,
          0.0584844 , -0.00846132],
        [-0.02397175, -0.07582408, -0.06994818, ..., -0.0584844 ,
          0.        , -0.06692914],
        [ 0.04299192, -0.00891759, -0.00302613, ...,  0.00846132,
          0.06692914,  0.        ]],

       [[ 0.        ,  0.21932359, -0.08065977, ..., -0.70907923,
         -0.7473394 , -0.79097114],
        [-0.21932359,  0.        , -0.29730484, ..., -0.53716331,
         -0.58341541, -0.63751882],
        [ 0.08065977,  0.29730484,  0.        , ..., -0.76364436,
         -0.79849812, -0.83774587],
        ...,
        [ 0.70907923,  0.53716331,  0.76364436, ...,  0.        ,
          0.05582818,  0.12388397],
        [ 0.7473394 ,  0.58341541,  0.79849812, ..., -0.05582818,
          0.        ,  0.06829263],
        [ 0.79097114,  0.63751882,  0.83774587, ..., -0.12388397,
         -0.06829263,  0.        ]],

       ...,

       [[ 0.        ,  0.3552226 ,  0.10289229, ...,  0.32015378,
         -0.06145903,  0.05870008],
        [-0.3552226 ,  0.        , -0.25715542, ..., -0.03725176,
         -0.41200187, -0.29973831],
        [-0.10289229,  0.25715542,  0.        , ...,  0.22097795,
         -0.16383062, -0.04432634],
        ...,
        [-0.32015378,  0.03725176, -0.22097795, ...,  0.        ,
         -0.37777274, -0.26399129],
        [ 0.06145903,  0.41200187,  0.16383062, ...,  0.37777274,
          0.        ,  0.11994217],
        [-0.05870008,  0.29973831,  0.04432634, ...,  0.26399129,
         -0.11994217,  0.        ]],

       [[ 0.        , -0.17970313, -0.35423412, ..., -0.54925067,
         -0.40264336, -0.        ],
        [ 0.17970313,  0.        , -0.18041691, ..., -0.69047965,
         -0.5605812 , -0.17970313],
        [ 0.35423412,  0.18041691,  0.        , ..., -0.80965394,
         -0.70078533, -0.35423412],
        ...,
        [ 0.54925067,  0.69047965,  0.80965394, ...,  0.        ,
         -0.1662884 , -0.54925067],
        [ 0.40264336,  0.5605812 ,  0.70078533, ...,  0.1662884 ,
          0.        , -0.40264336],
        [ 0.        ,  0.17970313,  0.35423412, ...,  0.54925067,
          0.40264336,  0.        ]],

       [[ 0.        , -0.02287944, -0.06715485, ..., -0.65906612,
         -0.55472187, -0.41381238],
        [ 0.02287944,  0.        , -0.04430948, ..., -0.67610088,
         -0.57361317, -0.43453263],
        [ 0.06715485,  0.04430948,  0.        , ..., -0.70808448,
         -0.60934486, -0.47401346],
        ...,
        [ 0.65906612,  0.67610088,  0.70808448, ...,  0.        ,
         -0.13116864, -0.28876679],
        [ 0.55472187,  0.57361317,  0.60934486, ...,  0.13116864,
          0.        , -0.16069108],
        [ 0.41381238,  0.43453263,  0.47401346, ...,  0.28876679,
          0.16069108,  0.        ]]]), 'num': array([ 9.69979718e-01,  2.43162715e-01,  2.81167109e-05,  1.17096889e-08,
        3.53682227e-04,  3.56418646e-04,  3.48209388e-04,  3.19245755e-03,
       -2.73641955e-06,  3.55050436e-04,  3.62986053e-04,  3.88275130e-04,
        5.29940406e-07,  3.94315966e-04,  3.31656141e-04])}
{'img': array([[[ 0.        , -0.2937851 ,  0.28761377, ..., -0.96730002,
         -0.9845835 , -0.97133433],
        [ 0.2937851 ,  0.        ,  0.55629346, ..., -0.99912868,
         -0.99252279, -0.99830866],
        [-0.28761377, -0.55629346,  0.        , ..., -0.85347929,
         -0.89267335, -0.8619212 ],
        ...,
        [ 0.96730002,  0.99912868,  0.85347929, ...,  0.        ,
          0.08052925,  0.01642014],
        [ 0.9845835 ,  0.99252279,  0.89267335, ..., -0.08052925,
          0.        , -0.06415158],
        [ 0.97133433,  0.99830866,  0.8619212 , ..., -0.01642014,
          0.06415158,  0.        ]],

       [[ 0.        ,  0.00589154, -0.02985807, ...,  0.07582408,
          0.00891759, -0.03995807],
        [-0.00589154,  0.        , -0.03574647, ...,  0.06994818,
          0.00302613, -0.04584421],
        [ 0.02985807,  0.03574647,  0.        , ...,  0.10556239,
          0.0387705 , -0.01010603],
        ...,
        [-0.07582408, -0.06994818, -0.10556239, ...,  0.        ,
         -0.06692914, -0.11560656],
        [-0.00891759, -0.00302613, -0.0387705 , ...,  0.06692914,
          0.        , -0.04886695],
        [ 0.03995807,  0.04584421,  0.01010603, ...,  0.11560656,
          0.04886695,  0.        ]],

       [[ 0.        , -0.29730484, -0.28589527, ..., -0.58341541,
         -0.63751882, -0.65797076],
        [ 0.29730484,  0.        ,  0.01192777, ..., -0.79849812,
         -0.83774587, -0.85210251],
        [ 0.28589527, -0.01192777,  0.        , ..., -0.79126083,
         -0.831173  , -0.8457992 ],
        ...,
        [ 0.58341541,  0.79849812,  0.79126083, ...,  0.        ,
          0.06829263,  0.09504952],
        [ 0.63751882,  0.83774587,  0.831173  , ..., -0.06829263,
          0.        ,  0.02684417],
        [ 0.65797076,  0.85210251,  0.8457992 , ..., -0.09504952,
         -0.02684417,  0.        ]],

       ...,

       [[ 0.        , -0.25715542,  0.10636174, ..., -0.41200187,
         -0.29973831, -0.13906098],
        [ 0.25715542,  0.        ,  0.35848151, ..., -0.16383062,
         -0.04432634,  0.12027249],
        [-0.10636174, -0.35848151,  0.        , ..., -0.5065798 ,
         -0.39950943, -0.24360046],
        ...,
        [ 0.41200187,  0.16383062,  0.5065798 , ...,  0.        ,
          0.11994217,  0.28128879],
        [ 0.29973831,  0.04432634,  0.39950943, ..., -0.11994217,
          0.        ,  0.16415885],
        [ 0.13906098, -0.12027249,  0.24360046, ..., -0.28128879,
         -0.16415885,  0.        ]],

       [[ 0.        , -0.30178295, -0.52648247, ..., -0.56777361,
         -0.4265898 , -0.        ],
        [ 0.30178295,  0.        , -0.24536446, ..., -0.78972523,
         -0.6796469 , -0.30178295],
        [ 0.52648247,  0.24536446,  0.        , ..., -0.9161055 ,
         -0.83885522, -0.52648247],
        ...,
        [ 0.56777361,  0.78972523,  0.9161055 , ...,  0.        ,
         -0.1623579 , -0.56777361],
        [ 0.4265898 ,  0.6796469 ,  0.83885522, ...,  0.1623579 ,
          0.        , -0.4265898 ],
        [ 0.        ,  0.30178295,  0.52648247, ...,  0.56777361,
          0.4265898 ,  0.        ]],

       [[ 0.        , -0.04418247,  0.01019783, ..., -0.61839607,
         -0.56101799, -0.43341541],
        [ 0.04418247,  0.        ,  0.05436804, ..., -0.65251371,
         -0.59704455, -0.47280916],
        [-0.01019783, -0.05436804,  0.        , ..., -0.61034978,
         -0.55254702, -0.42420265],
        ...,
        [ 0.61839607,  0.65251371,  0.61034978, ...,  0.        ,
         -0.0710252 , -0.21668828],
        [ 0.56101799,  0.59704455,  0.55254702, ...,  0.0710252 ,
          0.        , -0.14680334],
        [ 0.43341541,  0.47280916,  0.42420265, ...,  0.21668828,
          0.14680334,  0.        ]]]), 'num': array([ 9.76096215e-01,  2.17258657e-01,  2.94123085e-05,  3.77961849e-09,
        3.55760693e-04,  3.61965822e-04,  3.52313400e-04,  5.81319867e-03,
       -6.89458708e-07,  3.56725935e-04,  3.64103144e-04,  3.90107228e-04,
        5.34087731e-07,  3.93872754e-04,  3.34333533e-04])}
{'img': array([[[ 0.        ,  0.55629346,  0.08084511, ..., -0.99252279,
         -0.99830866, -0.99912868],
        [-0.55629346,  0.        , -0.48729138, ..., -0.89267335,
         -0.8619212 , -0.85347929],
        [-0.08084511,  0.48729138,  0.        , ..., -0.99914185,
         -0.9997409 , -0.99923235],
        ...,
        [ 0.99252279,  0.89267335,  0.99914185, ...,  0.        ,
         -0.06415158, -0.08052925],
        [ 0.99830866,  0.8619212 ,  0.9997409 , ...,  0.06415158,
          0.        , -0.01642014],
        [ 0.99912868,  0.85347929,  0.99923235, ...,  0.08052925,
