state_0,state_1,state_2,state_3,state_4,state_5,state_6,state_7,state_8,state_9,state_10,state_11,state_12,state_13,state_14,state_15,state_16,state_17,state_18,state_19,state_20,state_21,state_22,state_23,state_24,state_25,state_26,state_27,state_28,state_29,state_30,state_31,state_32,state_33,state_34,state_35,state_36,state_37,state_38,state_39,state_40,state_41,state_42,state_43,state_44,state_45,state_46,state_47,state_48,state_49,state_50,state_51,state_52,state_53,state_54,state_55,state_56,state_57,state_58,state_59,state_60,state_61,state_62,state_63,state_64,state_65,state_66,state_67,state_68,state_69,state_70,state_71,state_72,state_73,state_74,state_75,state_76,state_77,state_78,state_79,state_80,state_81,state_82,state_83,state_84,state_85,state_86,state_87,state_88,state_89,state_90,state_91,state_92,state_93,state_94,state_95,state_96,state_97,state_98,state_99,state_100,state_101,state_102,state_103,state_104,state_105,state_106,state_107,state_108,state_109,state_110,state_111,state_112,state_113,state_114,state_115,state_116,state_117,state_118,state_119,state_120,state_121,state_122,state_123,state_124,state_125,state_126,state_127,state_128,state_129,state_130,state_131,state_132,state_133,state_134,state_135,state_136,state_137,state_138,state_139,state_140,state_141,state_142,state_143,state_144,state_145,state_146,state_147,state_148,state_149,state_150,state_151,state_152,state_153,state_154,state_155,state_156,state_157,state_158,state_159,state_160,state_161,state_162,state_163,state_164,state_165,state_166,state_167,state_168,state_169,state_170,state_171,state_172,state_173,state_174,state_175,state_176,state_177,state_178,state_179,state_180,state_181,state_182,state_183,state_184,state_185,state_186,state_187,state_188,state_189,state_190,state_191,state_192,state_193,state_194,state_195,state_196,state_197,state_198,state_199,state_200,state_201,state_202,state_203,state_204,state_205,state_206,state_207,state_208,state_209,state_210,state_211,state_212,state_213,state_214,state_215,state_216,state_217,state_218,state_219,state_220,state_221,state_222,state_223,state_224,state_225,state_226,state_227,state_228,state_229,state_230,state_231,state_232,state_233,state_234,state_235,state_236,state_237,state_238,state_239,state_240,state_241,state_242,state_243,state_244,state_245,state_246,state_247,state_248,state_249,state_250,state_251,state_252,state_253,state_254,state_255,state_256,state_257,state_258,state_259,state_260,state_261,state_262,state_263,state_264,state_265,state_266,state_267,state_268,state_269,state_270,state_271,state_272,state_273,state_274,state_275,state_276,state_277,state_278,state_279,state_280,state_281,state_282,state_283,state_284,state_285,state_286,state_287
{'img': array([[[ 0.00000000e+00, -1.34571291e-01, -2.42288516e-01, ...,
          3.04722531e-01,  1.79301328e-01,  5.38057043e-02],
        [ 1.34571291e-01,  0.00000000e+00, -1.09523001e-01, ...,
          4.30121986e-01,  3.10060844e-01,  1.87692637e-01],
        [ 2.42288516e-01,  1.09523001e-01,  0.00000000e+00, ...,
          5.26408650e-01,  4.12320947e-01,  2.94140065e-01],
        ...,
        [-3.04722531e-01, -4.30121986e-01, -5.26408650e-01, ...,
          0.00000000e+00, -1.29010293e-01, -2.53034349e-01],
        [-1.79301328e-01, -3.10060844e-01, -4.12320947e-01, ...,
          1.29010293e-01,  0.00000000e+00, -1.26107857e-01],
        [-5.38057043e-02, -1.87692637e-01, -2.94140065e-01, ...,
          2.53034349e-01,  1.26107857e-01,  0.00000000e+00]],

       [[ 0.00000000e+00,  2.70119902e-02, -9.27345117e-02, ...,
         -2.81327987e-01, -4.09944337e-01, -1.59319351e-02],
        [-2.70119902e-02,  0.00000000e+00, -1.19596266e-01, ...,
         -3.07146354e-01, -4.34432673e-01, -4.29346834e-02],
        [ 9.27345117e-02,  1.19596266e-01,  0.00000000e+00, ...,
         -1.91126588e-01, -3.23593708e-01,  7.68594594e-02],
        ...,
        [ 2.81327987e-01,  3.07146354e-01,  1.91126588e-01, ...,
          0.00000000e+00, -1.36785148e-01,  2.66003810e-01],
        [ 4.09944337e-01,  4.34432673e-01,  3.23593708e-01, ...,
          1.36785148e-01,  0.00000000e+00,  3.95360620e-01],
        [ 1.59319351e-02,  4.29346834e-02, -7.68594594e-02, ...,
         -2.66003810e-01, -3.95360620e-01,  0.00000000e+00]],

       [[ 0.00000000e+00, -1.63409888e-01, -3.14965348e-01, ...,
          2.25010693e-01,  2.22086011e-01,  1.84071233e-01],
        [ 1.63409888e-01,  0.00000000e+00, -1.55638824e-01, ...,
          3.81205611e-01,  3.78429855e-01,  3.42214684e-01],
        [ 3.14965348e-01,  1.55638824e-01,  0.00000000e+00, ...,
          5.20446832e-01,  5.17882280e-01,  4.84286096e-01],
        ...,
        [-2.25010693e-01, -3.81205611e-01, -5.20446832e-01, ...,
          0.00000000e+00, -3.00061613e-03, -4.18149498e-02],
        [-2.22086011e-01, -3.78429855e-01, -5.17882280e-01, ...,
          3.00061613e-03,  0.00000000e+00, -3.88167698e-02],
        [-1.84071233e-01, -3.42214684e-01, -4.84286096e-01, ...,
          4.18149498e-02,  3.88167698e-02,  0.00000000e+00]],

       ...,

       [[ 0.00000000e+00, -7.63533506e-02, -1.60723828e-01, ...,
         -1.76549425e-01,  4.74718325e-02, -5.13544250e-02],
        [ 7.63533506e-02,  0.00000000e+00, -8.48939342e-02, ...,
         -1.00880071e-01,  1.23600522e-01,  2.50480894e-02],
        [ 1.60723828e-01,  8.48939342e-02,  0.00000000e+00, ...,
         -1.60550372e-02,  2.07397296e-01,  1.09824964e-01],
        ...,
        [ 1.76549425e-01,  1.00880071e-01,  1.60550372e-02, ...,
          0.00000000e+00,  2.23076513e-01,  1.25768728e-01],
        [-4.74718325e-02, -1.23600522e-01, -2.07397296e-01, ...,
         -2.23076513e-01,  0.00000000e+00, -9.87057198e-02],
        [ 5.13544250e-02, -2.50480894e-02, -1.09824964e-01, ...,
         -1.25768728e-01,  9.87057198e-02,  0.00000000e+00]],

       [[ 0.00000000e+00,  1.08146381e-01,  2.94902493e-01, ...,
         -9.85305003e-01, -9.85396393e-01, -9.84848502e-01],
        [-1.08146381e-01,  0.00000000e+00,  1.89836058e-01, ...,
         -9.97998019e-01, -9.98031768e-01, -9.97826759e-01],
        [-2.94902493e-01, -1.89836058e-01,  0.00000000e+00, ...,
         -9.91856444e-01, -9.91788051e-01, -9.92190763e-01],
        ...,
        [ 9.85305003e-01,  9.97998019e-01,  9.91856444e-01, ...,
          0.00000000e+00, -5.35885215e-04,  2.65237067e-03],
        [ 9.85396393e-01,  9.98031768e-01,  9.91788051e-01, ...,
          5.35885215e-04,  0.00000000e+00,  3.18825362e-03],
        [ 9.84848502e-01,  9.97826759e-01,  9.92190763e-01, ...,
         -2.65237067e-03, -3.18825362e-03,  0.00000000e+00]],

       [[ 0.00000000e+00, -5.34511859e-01, -8.11159920e-01, ...,
          2.27148857e-01,  3.42446139e-01, -2.67741382e-03],
        [ 5.34511859e-01,  0.00000000e+00, -3.72965129e-01, ...,
          7.12517095e-01,  7.91616028e-01,  5.32247098e-01],
        [ 8.11159920e-01,  3.72965129e-01,  0.00000000e+00, ...,
          9.22798435e-01,  9.62385992e-01,  8.09591196e-01],
        ...,
        [-2.27148857e-01, -7.12517095e-01, -9.22798435e-01, ...,
          0.00000000e+00,  1.20079753e-01, -2.29755469e-01],
        [-3.42446139e-01, -7.91616028e-01, -9.62385992e-01, ...,
         -1.20079753e-01,  0.00000000e+00, -3.44960442e-01],
        [ 2.67741382e-03, -5.32247098e-01, -8.09591196e-01, ...,
          2.29755469e-01,  3.44960442e-01,  0.00000000e+00]]]), 'num': array([ 7.07089909e-01,  7.07089909e-01,  0.00000000e+00,  0.00000000e+00,
        2.70357907e-04,  2.78830661e-04,  2.67276905e-04,  6.86151421e-03,
       -3.85125223e-06,  2.81757613e-04,  2.96199809e-04,  2.66172879e-04,
        7.45403657e-07,  3.39974098e-04,  2.52425520e-04])}
{'img': array([[[ 0.        , -0.109523  ,  0.02711801, ...,  0.31006084,
          0.18769264,  0.14345282],
        [ 0.109523  ,  0.        ,  0.1364376 , ...,  0.41232095,
          0.29414007,  0.25098007],
        [-0.02711801, -0.1364376 ,  0.        , ...,  0.28416527,
          0.16098755,  0.11656253],
        ...,
        [-0.31006084, -0.41232095, -0.28416527, ...,  0.        ,
         -0.12610786, -0.17047094],
        [-0.18769264, -0.29414007, -0.16098755, ...,  0.12610786,
          0.        , -0.04484801],
        [-0.14345282, -0.25098007, -0.11656253, ...,  0.17047094,
          0.04484801,  0.        ]],

       [[ 0.        , -0.11959627,  0.01718258, ..., -0.43443267,
         -0.04293468, -0.30073169],
        [ 0.11959627,  0.        ,  0.13663787, ..., -0.32359371,
          0.07685946, -0.18451321],
        [-0.01718258, -0.13663787,  0.        , ..., -0.44984496,
         -0.06009508, -0.31707447],
        ...,
        [ 0.43443267,  0.32359371,  0.44984496, ...,  0.        ,
          0.39536062,  0.14345193],
        [ 0.04293468, -0.07685946,  0.06009508, ..., -0.39536062,
          0.        , -0.25950719],
        [ 0.30073169,  0.18451321,  0.31707447, ..., -0.14345193,
          0.25950719,  0.        ]],

       [[ 0.        , -0.15563882, -0.15867113, ...,  0.37842985,
          0.34221468,  0.26624328],
        [ 0.15563882,  0.        , -0.00307046, ...,  0.51788228,
          0.4842861 ,  0.41302002],
        [ 0.15867113,  0.00307046,  0.        , ...,  0.52050647,
          0.48697018,  0.4158144 ],
        ...,
        [-0.37842985, -0.51788228, -0.52050647, ...,  0.        ,
         -0.03881677, -0.118328  ],
        [-0.34221468, -0.4842861 , -0.48697018, ...,  0.03881677,
          0.        , -0.07969476],
        [-0.26624328, -0.41302002, -0.4158144 , ...,  0.118328  ,
          0.07969476,  0.        ]],

       ...,

       [[ 0.        , -0.08489393, -0.21768148, ...,  0.12360052,
          0.02504809,  0.39408603],
        [ 0.08489393,  0.        , -0.13403749, ...,  0.2073973 ,
          0.10982496,  0.47068715],
        [ 0.21768148,  0.13403749,  0.        , ...,  0.33664888,
          0.24206062,  0.58470109],
        ...,
        [-0.12360052, -0.2073973 , -0.33664888, ...,  0.        ,
         -0.09870572,  0.27746623],
        [-0.02504809, -0.10982496, -0.24206062, ...,  0.09870572,
          0.        ,  0.37094135],
        [-0.39408603, -0.47068715, -0.58470109, ..., -0.27746623,
         -0.37094135,  0.        ]],

       [[ 0.        ,  0.18983606,  0.25716223, ..., -0.99803177,
         -0.99782676, -0.9974476 ],
        [-0.18983606,  0.        ,  0.0690344 , ..., -0.99178805,
         -0.99219076, -0.99286454],
        [-0.25716223, -0.0690344 ,  0.        , ..., -0.98059295,
         -0.98121304, -0.98226366],
        ...,
        [ 0.99803177,  0.99178805,  0.98059295, ...,  0.        ,
          0.00318825,  0.00871144],
        [ 0.99782676,  0.99219076,  0.98121304, ..., -0.00318825,
          0.        ,  0.00552327],
        [ 0.9974476 ,  0.99286454,  0.98226366, ..., -0.00871144,
         -0.00552327,  0.        ]],

       [[ 0.        , -0.37296513, -0.59043872, ...,  0.79161603,
          0.5322471 ,  0.38720938],
        [ 0.37296513,  0.        , -0.24682221, ...,  0.96238599,
          0.8095912 ,  0.70314122],
        [ 0.59043872,  0.24682221,  0.        , ...,  0.99966862,
          0.92942626,  0.85688957],
        ...,
        [-0.79161603, -0.96238599, -0.99966862, ...,  0.        ,
         -0.34496044, -0.49327125],
        [-0.5322471 , -0.8095912 , -0.92942626, ...,  0.34496044,
          0.        , -0.16292024],
        [-0.38720938, -0.70314122, -0.85688957, ...,  0.49327125,
          0.16292024,  0.        ]]]), 'num': array([7.07081623e-01, 7.07081623e-01, 0.00000000e+00, 0.00000000e+00,
       2.79597635e-04, 2.88840532e-04, 2.74976187e-04, 8.39678683e-03,
       9.24289703e-06, 2.80984070e-04, 2.94578831e-04, 2.66529206e-04,
       6.83170650e-07, 3.38295647e-04, 2.50862015e-04])}
{'img': array([[[ 0.        ,  0.1364376 ,  0.18972224, ...,  0.29414007,
          0.25098007,  0.35372638],
        [-0.1364376 ,  0.        ,  0.0539885 , ...,  0.16098755,
          0.11656253,  0.22280181],
        [-0.18972224, -0.0539885 ,  0.        , ...,  0.10746846,
          0.06277206,  0.16984544],
        ...,
        [-0.29414007, -0.16098755, -0.10746846, ...,  0.        ,
         -0.04484801,  0.06295475],
        [-0.25098007, -0.11656253, -0.06277206, ...,  0.04484801,
          0.        ,  0.10765046],
        [-0.35372638, -0.22280181, -0.16984544, ..., -0.06295475,
         -0.10765046,  0.        ]],

       [[ 0.        ,  0.13663787, -0.13880643, ...,  0.07685946,
         -0.18451321, -0.10353462],
        [-0.13663787,  0.        , -0.27281972, ..., -0.06009508,
         -0.31707447, -0.23846713],
        [ 0.13880643,  0.27281972,  0.        , ...,  0.21451126,
         -0.0463039 ,  0.03552811],
        ...,
        [-0.07685946,  0.06009508, -0.21451126, ...,  0.        ,
         -0.25950719, -0.17967476],
        [ 0.18451321,  0.31707447,  0.0463039 , ...,  0.25950719,
          0.        ,  0.08176467],
        [ 0.10353462,  0.23846713, -0.03552811, ...,  0.17967476,
         -0.08176467,  0.        ]],

       [[ 0.        , -0.00307046,  0.01530671, ...,  0.4842861 ,
          0.41302002,  0.39960661],
        [ 0.00307046,  0.        ,  0.01837674, ...,  0.48697018,
          0.4158144 ,  0.40241937],
        [-0.01530671, -0.01837674,  0.        , ...,  0.47083737,
          0.39903147,  0.38552833],
        ...,
        [-0.4842861 , -0.48697018, -0.47083737, ...,  0.        ,
         -0.07969476, -0.09431894],
        [-0.41302002, -0.4158144 , -0.39903147, ...,  0.07969476,
          0.        , -0.01467947],
        [-0.39960661, -0.40241937, -0.38552833, ...,  0.09431894,
          0.01467947,  0.        ]],

       ...,

       [[ 0.        , -0.13403749, -0.04980088, ...,  0.10982496,
          0.47068715,  0.37169326],
        [ 0.13403749,  0.        ,  0.08451968, ...,  0.24206062,
          0.58470109,  0.49277365],
        [ 0.04980088, -0.08451968,  0.        , ...,  0.15918832,
          0.51404243,  0.41746498],
        ...,
        [-0.10982496, -0.24206062, -0.15918832, ...,  0.        ,
          0.37094135,  0.26748824],
        [-0.47068715, -0.58470109, -0.51404243, ..., -0.37094135,
          0.        , -0.10902003],
        [-0.37169326, -0.49277365, -0.41746498, ..., -0.26748824,
          0.10902003,  0.        ]],

       [[ 0.        ,  0.0690344 , -0.05855164, ..., -0.99219076,
         -0.99286454, -0.99041511],
        [-0.0690344 ,  0.        , -0.12732791, ..., -0.98121304,
         -0.98226366, -0.97851704],
        [ 0.05855164,  0.12732791,  0.        , ..., -0.99779167,
         -0.99814331, -0.99680325],
        ...,
        [ 0.99219076,  0.98121304,  0.99779167, ...,  0.        ,
          0.00552327, -0.01351001],
        [ 0.99286454,  0.98226366,  0.99814331, ..., -0.00552327,
          0.        , -0.01903257],
        [ 0.99041511,  0.97851704,  0.99680325, ...,  0.01351001,
          0.01903257,  0.        ]],

       [[ 0.        , -0.24682221, -0.436468  , ...,  0.8095912 ,
          0.70314122,  0.64627533],
        [ 0.24682221,  0.        , -0.2008932 , ...,  0.92942626,
          0.85688957,  0.81463117],
        [ 0.436468  ,  0.2008932 ,  0.        , ...,  0.98460936,
          0.94298074,  0.91453732],
        ...,
        [-0.8095912 , -0.92942626, -0.98460936, ...,  0.        ,
         -0.16292024, -0.23844271],
        [-0.70314122, -0.85688957, -0.94298074, ...,  0.16292024,
          0.        , -0.07703588],
        [-0.64627533, -0.81463117, -0.91453732, ...,  0.23844271,
          0.07703588,  0.        ]]]), 'num': array([ 7.06827921e-01,  7.06827921e-01,  0.00000000e+00,  0.00000000e+00,
        2.56398363e-04,  2.63328049e-04,  2.34839342e-04,  2.80711396e-02,
       -2.30989517e-05,  2.73029609e-04,  2.90007338e-04,  2.66561902e-04,
        5.05977036e-07,  3.29942554e-04,  2.50072122e-04])}
{'img': array([[[ 0.        ,  0.0539885 ,  0.        , ...,  0.11656253,
          0.22280181, -0.04524306],
        [-0.0539885 ,  0.        , -0.0539885 , ...,  0.06277206,
          0.16984544, -0.09911028],
        [ 0.        ,  0.0539885 ,  0.        , ...,  0.11656253,
          0.22280181, -0.04524306],
        ...,
        [-0.11656253, -0.06277206, -0.11656253, ...,  0.        ,
          0.10765046, -0.16137782],
        [-0.22280181, -0.16984544, -0.22280181, ..., -0.10765046,
          0.        , -0.26667948],
        [ 0.04524306,  0.09911028,  0.04524306, ...,  0.16137782,
          0.26667948,  0.        ]],

       [[ 0.        , -0.27281972, -0.31863429, ..., -0.31707447,
         -0.23846713,  0.38001871],
        [ 0.27281972,  0.        , -0.04794721, ..., -0.0463039 ,
          0.03552811,  0.61795523],
        [ 0.31863429,  0.04794721,  0.        , ...,  0.00164514,
          0.08340419,  0.65494123],
        ...,
        [ 0.31707447,  0.0463039 , -0.00164514, ...,  0.        ,
          0.08176467,  0.65369715],
        [ 0.23846713, -0.03552811, -0.08340419, ..., -0.08176467,
          0.        ,  0.58963242],
        [-0.38001871, -0.61795523, -0.65494123, ..., -0.65369715,
         -0.58963242,  0.        ]],

       [[ 0.        ,  0.01837674, -0.0184879 , ...,  0.4158144 ,
          0.40241937,  0.2619808 ],
        [-0.01837674,  0.        , -0.03685838, ...,  0.39903147,
          0.38552833,  0.24420167],
        [ 0.0184879 ,  0.03685838,  0.        , ...,  0.43255715,
          0.41927544,  0.2797782 ],
        ...,
        [-0.4158144 , -0.39903147, -0.43255715, ...,  0.        ,
         -0.01467947, -0.16303298],
        [-0.40241937, -0.38552833, -0.41927544, ...,  0.01467947,
          0.        , -0.14853235],
        [-0.2619808 , -0.24420167, -0.2797782 , ...,  0.16303298,
          0.14853235,  0.        ]],

       ...,

       [[ 0.        ,  0.08451968,  0.13456128, ...,  0.58470109,
          0.49277365,  0.18928038],
        [-0.08451968,  0.        ,  0.05032881, ...,  0.51404243,
          0.41746498,  0.10561128],
        [-0.13456128, -0.05032881,  0.        , ...,  0.47022071,
          0.37120249,  0.0554301 ],
        ...,
        [-0.58470109, -0.51404243, -0.47022071, ...,  0.        ,
         -0.10902003, -0.42057801],
        [-0.49277365, -0.41746498, -0.37120249, ...,  0.10902003,
          0.        , -0.31916206],
        [-0.18928038, -0.10561128, -0.0554301 , ...,  0.42057801,
          0.31916206,  0.        ]],

       [[ 0.        , -0.12732791, -0.24233934, ..., -0.98226366,
         -0.97851704, -0.95458557],
        [ 0.12732791,  0.        , -0.1168344 , ..., -0.99814331,
         -0.99680325, -0.98475157],
        [ 0.24233934,  0.1168344 ,  0.        , ..., -0.99842373,
         -0.99931109, -0.99833268],
        ...,
        [ 0.98226366,  0.99814331,  0.99842373, ...,  0.        ,
         -0.01903257, -0.11366308],
        [ 0.97851704,  0.99680325,  0.99931109, ...,  0.01903257,
          0.        , -0.09473326],
        [ 0.95458557,  0.98475157,  0.99833268, ...,  0.11366308,
          0.09473326,  0.        ]],

       [[ 0.        , -0.2008932 , -0.40115094, ...,  0.85688957,
          0.81463117,  0.79575684],
        [ 0.2008932 ,  0.        , -0.20895216, ...,  0.94298074,
          0.91453732,  0.90119805],
        [ 0.40115094,  0.20895216,  0.        , ...,  0.99171441,
          0.97887116,  0.97186632],
        ...,
        [-0.85688957, -0.94298074, -0.99171441, ...,  0.        ,
         -0.07703588, -0.10873359],
        [-0.81463117, -0.91453732, -0.97887116, ...,  0.07703588,
          0.        , -0.03183134],
        [-0.79575684, -0.90119805, -0.97186632, ...,  0.10873359,
          0.03183134,  0.        ]]]), 'num': array([ 7.82290333e-01,  6.22852707e-01,  9.32383779e-06, -4.80134249e-11,
        2.89886593e-04,  2.92429458e-04,  2.81410377e-04,  8.69590274e-03,
        7.62859455e-06,  2.95819944e-04,  3.14170952e-04,  2.93503112e-04,
        6.25760925e-07,  3.45074986e-04,  2.83266919e-04])}
{'img': array([[[ 0.        , -0.0539885 , -0.06300323, ...,  0.16984544,
         -0.09911028, -0.01797721],
        [ 0.0539885 ,  0.        , -0.00903011, ...,  0.22280181,
         -0.04524306,  0.03602878],
        [ 0.06300323,  0.00903011,  0.        , ...,  0.23159585,
         -0.03622035,  0.04505155],
        ...,
        [-0.16984544, -0.22280181, -0.23159585, ...,  0.        ,
         -0.26667948, -0.18753401],
        [ 0.09911028,  0.04524306,  0.03622035, ...,  0.26667948,
          0.        ,  0.08120557],
        [ 0.01797721, -0.03602878, -0.04505155, ...,  0.18753401,
         -0.08120557,  0.        ]],

       [[ 0.        , -0.04794721, -0.16716866, ...,  0.03552811,
          0.61795523,  0.01068721],
        [ 0.04794721,  0.        , -0.11970388, ...,  0.08340419,
          0.65494123,  0.0586194 ],
        [ 0.16716866,  0.11970388,  0.        , ...,  0.2020913 ,
          0.74068978,  0.17769594],
        ...,
        [-0.03552811, -0.08340419, -0.2020913 , ...,  0.        ,
          0.58963242, -0.02484562],
        [-0.61795523, -0.65494123, -0.74068978, ..., -0.58963242,
          0.        , -0.60951751],
        [-0.01068721, -0.0586194 , -0.17769594, ...,  0.02484562,
          0.60951751,  0.        ]],

       [[ 0.        , -0.03685838, -0.03068605, ...,  0.38552833,
          0.24420167,  0.16383101],
        [ 0.03685838,  0.        ,  0.00617581, ...,  0.41927544,
          0.2797782 ,  0.20008005],
        [ 0.03068605, -0.00617581,  0.        , ...,  0.41366067,
          0.27384368,  0.1940253 ],
        ...,
        [-0.38552833, -0.41927544, -0.41366067, ...,  0.        ,
         -0.14853235, -0.22915301],
        [-0.24420167, -0.2797782 , -0.27384368, ...,  0.14853235,
          0.        , -0.08203118],
        [-0.16383101, -0.20008005, -0.1940253 , ...,  0.22915301,
          0.08203118,  0.        ]],

       ...,

       [[ 0.        ,  0.05032881, -0.84710468, ...,  0.41746498,
          0.10561128,  0.22244817],
        [-0.05032881,  0.        , -0.87277719, ...,  0.37120249,
          0.0554301 ,  0.17309847],
        [ 0.84710468,  0.87277719,  0.        , ...,  0.99160987,
          0.89849183,  0.94409482],
        ...,
        [-0.41746498, -0.37120249, -0.99160987, ...,  0.        ,
         -0.31916206, -0.20486809],
        [-0.10561128, -0.0554301 , -0.89849183, ...,  0.31916206,
          0.        ,  0.11823898],
        [-0.22244817, -0.17309847, -0.94409482, ...,  0.20486809,
         -0.11823898,  0.        ]],

       [[ 0.        , -0.20746554, -0.2998048 , ..., -0.97919488,
         -0.95547624, -0.87750291],
        [ 0.20746554,  0.        , -0.0953595 , ..., -0.99998923,
         -0.99590375, -0.95790501],
        [ 0.2998048 ,  0.0953595 ,  0.        , ..., -0.9949895 ,
         -0.99998769, -0.98091606],
        ...,
        [ 0.97919488,  0.99998923,  0.9949895 , ...,  0.        ,
         -0.09504185, -0.291529  ],
        [ 0.95547624,  0.99590375,  0.99998769, ...,  0.09504185,
          0.        , -0.1992959 ],
        [ 0.87750291,  0.95790501,  0.98091606, ...,  0.291529  ,
          0.1992959 ,  0.        ]],

       [[ 0.        , -0.20895216, -0.40743343, ...,  0.91453732,
          0.90119805,  0.98947685],
        [ 0.20895216,  0.        , -0.20761728, ...,  0.97887116,
          0.97186632,  0.93740144],
        [ 0.40743343,  0.20761728,  0.        , ...,  0.99999485,
          0.99959023,  0.84467273],
        ...,
        [-0.91453732, -0.97887116, -0.99999485, ...,  0.        ,
         -0.03183134,  0.5325705 ],
        [-0.90119805, -0.97186632, -0.99959023, ...,  0.03183134,
          0.        ,  0.55924221],
        [-0.98947685, -0.93740144, -0.84467273, ..., -0.5325705 ,
         -0.55924221,  0.        ]]]), 'num': array([9.35746370e-01, 3.52580703e-01, 3.39049807e-05, 1.07173709e-08,
       3.47536155e-04, 3.53597832e-04, 3.43495037e-04, 8.03447014e-03,
       2.02055904e-06, 3.50162882e-04, 3.71227210e-04, 3.49826122e-04,
       7.83482076e-07, 4.05508154e-04, 3.36946265e-04])}
{'img': array([[[ 0.        , -0.00903011,  0.03602878, ..., -0.04524306,
          0.03602878,  0.0539885 ],
        [ 0.00903011,  0.        ,  0.04505155, ..., -0.03622035,
          0.04505155,  0.06300323],
        [-0.03602878, -0.04505155,  0.        , ..., -0.08120557,
          0.        ,  0.01797721],
        ...,
        [ 0.04524306,  0.03622035,  0.08120557, ...,  0.        ,
          0.08120557,  0.09911028],
        [-0.03602878, -0.04505155,  0.        , ..., -0.08120557,
          0.        ,  0.01797721],
        [-0.0539885 , -0.06300323, -0.01797721, ..., -0.09911028,
         -0.01797721,  0.        ]],

       [[ 0.        , -0.11970388, -0.05084368, ...,  0.65494123,
          0.0586194 , -0.0439433 ],
        [ 0.11970388,  0.        ,  0.06907097, ...,  0.74068978,
          0.17769594,  0.07596092],
        [ 0.05084368, -0.06907097,  0.        , ...,  0.69251569,
          0.10929983,  0.0069081 ],
        ...,
        [-0.65494123, -0.74068978, -0.69251569, ...,  0.        ,
         -0.60951751, -0.68751564],
        [-0.0586194 , -0.17769594, -0.10929983, ...,  0.60951751,
          0.        , -0.1024305 ],
        [ 0.0439433 , -0.07596092, -0.0069081 , ...,  0.68751564,
          0.1024305 ,  0.        ]],

       [[ 0.        ,  0.00617581,  0.06419831, ...,  0.2797782 ,
          0.20008005,  0.16523691],
        [-0.00617581,  0.        ,  0.05803401, ...,  0.27384368,
          0.1940253 ,  0.15914283],
        [-0.06419831, -0.05803401,  0.        , ...,  0.21756653,
          0.13676712,  0.10158021],
        ...,
        [-0.2797782 , -0.27384368, -0.21756653, ...,  0.        ,
         -0.08203118, -0.11729423],
        [-0.20008005, -0.1940253 , -0.13676712, ...,  0.08203118,
          0.        , -0.03543399],
        [-0.16523691, -0.15914283, -0.10158021, ...,  0.11729423,
          0.03543399,  0.        ]],

       ...,

       [[ 0.        , -0.87277719, -0.64332159, ...,  0.0554301 ,
          0.17309847,  0.22475985],
        [ 0.87277719,  0.        ,  0.35417741, ...,  0.89849183,
          0.94409482,  0.96015599],
        [ 0.64332159, -0.35417741,  0.        , ...,  0.68476959,
          0.76613385,  0.79893694],
        ...,
        [-0.0554301 , -0.89849183, -0.68476959, ...,  0.        ,
          0.11823898,  0.17040242],
        [-0.17309847, -0.94409482, -0.76613385, ..., -0.11823898,
          0.        ,  0.05269739],
        [-0.22475985, -0.96015599, -0.79893694, ..., -0.17040242,
         -0.05269739,  0.        ]],

       [[ 0.        , -0.2200366 , -0.35976729, ..., -0.95783619,
         -0.88060698, -0.85186819],
        [ 0.2200366 ,  0.        , -0.14564658, ..., -0.99758096,
         -0.9632885 , -0.94623582],
        [ 0.35976729,  0.14564658,  0.        , ..., -0.99706795,
         -0.99211815, -0.98325922],
        ...,
        [ 0.95783619,  0.99758096,  0.99706795, ...,  0.        ,
         -0.20085668, -0.25691826],
        [ 0.88060698,  0.9632885 ,  0.99211815, ...,  0.20085668,
          0.        , -0.05756789],
        [ 0.85186819,  0.94623582,  0.98325922, ...,  0.25691826,
          0.05756789,  0.        ]],

       [[ 0.        , -0.20761728, -0.39205432, ...,  0.97186632,
          0.93740144,  0.97595451],
        [ 0.20761728,  0.        , -0.19251564, ...,  0.99959023,
          0.84467273,  0.90943336],
        [ 0.39205432,  0.19251564,  0.        , ...,  0.9864025 ,
          0.72582183,  0.81236385],
        ...,
        [-0.97186632, -0.99959023, -0.9864025 , ...,  0.        ,
          0.55924221,  0.4417115 ],
        [-0.93740144, -0.84467273, -0.72582183, ..., -0.55924221,
          0.        , -0.13554742],
        [-0.97595451, -0.90943336, -0.81236385, ..., -0.4417115 ,
          0.13554742,  0.        ]]]), 'num': array([ 9.76550022e-01,  2.15176945e-01,  4.53198260e-05,  1.91953087e-08,
        3.60840321e-04,  3.71579616e-04,  3.58692462e-04,  6.91400125e-03,
       -8.59143622e-06,  3.69002185e-04,  3.90695562e-04,  3.71830200e-04,
        7.81039656e-07,  4.23807441e-04,  3.57583683e-04])}
{'img': array([[[ 0.        ,  0.04505155,  0.03606098, ...,  0.04505155,
          0.06300323, -0.00904006],
        [-0.04505155,  0.        , -0.00899788, ...,  0.        ,
          0.01797721, -0.05408059],
        [-0.03606098,  0.00899788,  0.        , ...,  0.00899788,
          0.02697291, -0.04509369],
        ...,
        [-0.04505155,  0.        , -0.00899788, ...,  0.        ,
          0.01797721, -0.05408059],
        [-0.06300323, -0.01797721, -0.02697291, ..., -0.01797721,
          0.        , -0.07202276],
        [ 0.00904006,  0.05408059,  0.04509369, ...,  0.05408059,
          0.07202276,  0.        ]],

       [[ 0.        ,  0.06907097, -0.02861063, ...,  0.17769594,
          0.07596092, -0.01152196],
        [-0.06907097,  0.        , -0.09758499, ...,  0.10929983,
          0.0069081 , -0.08056082],
        [ 0.02861063,  0.09758499,  0.        , ...,  0.2057785 ,
          0.10445779,  0.01709149],
        ...,
        [-0.17769594, -0.10929983, -0.2057785 , ...,  0.        ,
         -0.1024305 , -0.18902274],
        [-0.07596092, -0.0069081 , -0.10445779, ...,  0.1024305 ,
          0.        , -0.08744455],
        [ 0.01152196,  0.08056082, -0.01709149, ...,  0.18902274,
          0.08744455,  0.        ]],

       [[ 0.        ,  0.05803401,  0.06709439, ...,  0.1940253 ,
          0.15914283,  0.11495726],
        [-0.05803401,  0.        ,  0.00907807, ...,  0.13676712,
          0.10158021,  0.05711424],
        [-0.06709439, -0.00907807,  0.        , ...,  0.12776872,
          0.09254492,  0.04804863],
        ...,
        [-0.1940253 , -0.13676712, -0.12776872, ...,  0.        ,
         -0.03543399, -0.07996632],
        [-0.15914283, -0.10158021, -0.09254492, ...,  0.03543399,
          0.        , -0.04459559],
        [-0.11495726, -0.05711424, -0.04804863, ...,  0.07996632,
          0.04459559,  0.        ]],

       ...,

       [[ 0.        ,  0.35417741,  0.39242312, ...,  0.94409482,
          0.96015599,  0.93879547],
        [-0.35417741,  0.        ,  0.04121857, ...,  0.76613385,
          0.79893694,  0.75593582],
        [-0.39242312, -0.04121857,  0.        , ...,  0.73899236,
          0.7734685 ,  0.72830982],
        ...,
        [-0.94409482, -0.76613385, -0.73899236, ...,  0.        ,
          0.05269739, -0.01572064],
        [-0.96015599, -0.79893694, -0.7734685 , ..., -0.05269739,
          0.        , -0.06838967],
        [-0.93879547, -0.75593582, -0.72830982, ...,  0.01572064,
          0.06838967,  0.        ]],

       [[ 0.        , -0.29000936, -0.45057734, ..., -0.88408834,
         -0.85547274, -0.81646641],
        [ 0.29000936,  0.        , -0.17231103, ..., -0.98162071,
         -0.9688885 , -0.94882715],
        [ 0.45057734,  0.17231103,  0.        , ..., -0.99982244,
         -0.99704301, -0.98905027],
        ...,
        [ 0.88408834,  0.98162071,  0.99982244, ...,  0.        ,
         -0.05804388, -0.12891543],
        [ 0.85547274,  0.9688885 ,  0.99704301, ...,  0.05804388,
          0.        , -0.07113855],
        [ 0.81646641,  0.94882715,  0.98905027, ...,  0.12891543,
          0.07113855,  0.        ]],

       [[ 0.        , -0.19251564, -0.38155182, ...,  0.84467273,
          0.90943336,  0.93154259],
        [ 0.19251564,  0.        , -0.19646314, ...,  0.72582183,
          0.81236385,  0.84411217],
        [ 0.38155182,  0.19646314,  0.        , ...,  0.57653284,
          0.68196421,  0.72232447],
        ...,
        [-0.84467273, -0.72582183, -0.57653284, ...,  0.        ,
         -0.13554742, -0.19148876],
        [-0.90943336, -0.81236385, -0.68196421, ...,  0.13554742,
          0.        , -0.0566824 ],
        [-0.93154259, -0.84411217, -0.72232447, ...,  0.19148876,
          0.0566824 ,  0.        ]]]), 'num': array([ 9.85221745e-01,  1.71072870e-01,  4.99477837e-05, -2.10145467e-08,
        3.62165870e-04,  3.71053376e-04,  3.59943993e-04,  8.42664438e-03,
       -1.11093825e-05,  3.73497440e-04,  4.02548475e-04,  3.84440182e-04,
        8.35067678e-07,  4.41232583e-04,  3.63864367e-04])}
{'img': array([[[ 0.        , -0.00899788, -0.10838784, ...,  0.01797721,
         -0.05408059, -0.14472144],
        [ 0.00899788,  0.        , -0.09943858, ...,  0.02697291,
         -0.04509369, -0.13581243],
        [ 0.10838784,  0.09943858,  0.        , ...,  0.12624163,
          0.05446723, -0.03662207],
        ...,
        [-0.01797721, -0.02697291, -0.12624163, ...,  0.        ,
         -0.07202276, -0.16248601],
        [ 0.05408059,  0.04509369, -0.05446723, ...,  0.07202276,
          0.        , -0.0909984 ],
        [ 0.14472144,  0.13581243,  0.03662207, ...,  0.16248601,
          0.0909984 ,  0.        ]],

       [[ 0.        , -0.09758499,  0.10553265, ...,  0.0069081 ,
         -0.08056082, -0.01224588],
        [ 0.09758499,  0.        ,  0.20206902, ...,  0.10445779,
          0.01709149,  0.08539024],
        [-0.10553265, -0.20206902,  0.        , ..., -0.0986606 ,
         -0.18530059, -0.11770223],
        ...,
        [-0.0069081 , -0.10445779,  0.0986606 , ...,  0.        ,
         -0.08744455, -0.01915317],
        [ 0.08056082, -0.01709149,  0.18530059, ...,  0.08744455,
          0.        ,  0.0683487 ],
        [ 0.01224588, -0.08539024,  0.11770223, ...,  0.01915317,
         -0.0683487 ,  0.        ]],

       [[ 0.        ,  0.00907807, -0.03348358, ...,  0.10158021,
          0.05711424, -0.0549559 ],
        [-0.00907807,  0.        , -0.04255518, ...,  0.09254492,
          0.04804863, -0.06401798],
        [ 0.03348358,  0.04255518,  0.        , ...,  0.13483364,
          0.09051114, -0.0214921 ],
        ...,
        [-0.10158021, -0.09254492, -0.13483364, ...,  0.        ,
         -0.04459559, -0.15609833],
        [-0.05711424, -0.04804863, -0.09051114, ...,  0.04459559,
          0.        , -0.11189411],
        [ 0.0549559 ,  0.06401798,  0.0214921 , ...,  0.15609833,
          0.11189411,  0.        ]],

       ...,

       [[ 0.        ,  0.17766554,  0.37307104, ...,  0.94663   ,
          0.9210221 ,  0.93466967],
        [-0.17766554,  0.        ,  0.20229725, ...,  0.87430444,
          0.83716694,  0.85663675],
        [-0.37307104, -0.20229725,  0.        , ...,  0.75803685,
          0.70921185,  0.73455587],
        ...,
        [-0.94663   , -0.87430444, -0.75803685, ...,  0.        ,
         -0.07185623, -0.03527859],
        [-0.9210221 , -0.83716694, -0.70921185, ...,  0.07185623,
          0.        ,  0.0366241 ],
        [-0.93466967, -0.85663675, -0.73455587, ...,  0.03527859,
         -0.0366241 ,  0.        ]],

       [[ 0.        , -0.35648286, -0.60122884, ..., -0.86179319,
         -0.8229509 , -0.83828985],
        [ 0.35648286,  0.        , -0.27687201, ..., -0.9860044 ,
         -0.97140693, -0.97757908],
        [ 0.60122884,  0.27687201,  0.        , ..., -0.99361824,
         -0.99916667, -0.99766295],
        ...,
        [ 0.86179319,  0.9860044 ,  0.99361824, ...,  0.        ,
         -0.07214557, -0.04464031],
        [ 0.8229509 ,  0.97140693,  0.99916667, ...,  0.07214557,
          0.        ,  0.02754967],
        [ 0.83828985,  0.97757908,  0.99766295, ...,  0.04464031,
         -0.02754967,  0.        ]],

       [[ 0.        , -0.19646314, -0.3301645 , ...,  0.81236385,
          0.84411217,  0.96472842],
        [ 0.19646314,  0.        , -0.13828384, ...,  0.68196421,
          0.72232447,  0.89420866],
        [ 0.3301645 ,  0.13828384,  0.        , ...,  0.57427353,
          0.61975406,  0.82371486],
        ...,
        [-0.81236385, -0.68196421, -0.57427353, ...,  0.        ,
         -0.0566824 , -0.34872975],
        [-0.84411217, -0.72232447, -0.61975406, ...,  0.0566824 ,
          0.        , -0.29504501],
        [-0.96472842, -0.89420866, -0.82371486, ...,  0.34872975,
          0.29504501,  0.        ]]]), 'num': array([ 9.10944783e-01,  4.12491499e-01,  3.07687212e-05, -7.09141504e-08,
        3.34083971e-04,  3.42332958e-04,  3.30990601e-04,  5.41890387e-03,
       -2.06224673e-06,  3.44807654e-04,  3.70946631e-04,  3.56510904e-04,
        6.92222679e-07,  4.10106926e-04,  3.31786336e-04])}
{'img': array([[[ 0.        , -0.09943858, -0.00900481, ..., -0.04509369,
         -0.13581243, -0.15404348],
        [ 0.09943858,  0.        ,  0.09047437, ...,  0.05446723,
         -0.03662207, -0.0550283 ],
        [ 0.00900481, -0.09047437,  0.        , ..., -0.03609622,
         -0.12688555, -0.1451399 ],
        ...,
        [ 0.04509369, -0.05446723,  0.03609622, ...,  0.        ,
         -0.0909984 , -0.10933132],
        [ 0.13581243,  0.03662207,  0.12688555, ...,  0.0909984 ,
          0.        , -0.01842481],
        [ 0.15404348,  0.0550283 ,  0.1451399 , ...,  0.10933132,
          0.01842481,  0.        ]],

       [[ 0.        ,  0.20206902,  0.19367732, ...,  0.01709149,
          0.08539024, -0.08057066],
        [-0.20206902,  0.        , -0.0085609 , ..., -0.18530059,
         -0.11770223, -0.28032067],
        [-0.19367732,  0.0085609 ,  0.        , ..., -0.17688116,
         -0.10919653, -0.27209273],
        ...,
        [-0.01709149,  0.18530059,  0.17688116, ...,  0.        ,
          0.0683487 , -0.09759482],
        [-0.08539024,  0.11770223,  0.10919653, ..., -0.0683487 ,
          0.        , -0.16538901],
        [ 0.08057066,  0.28032067,  0.27209273, ...,  0.09759482,
          0.16538901,  0.        ]],

       [[ 0.        , -0.04255518, -0.03644588, ...,  0.04804863,
         -0.06401798, -0.09179988],
        [ 0.04255518,  0.        ,  0.00611404, ...,  0.09051114,
         -0.0214921 , -0.04934123],
        [ 0.03644588, -0.00611404,  0.        , ...,  0.0844205 ,
         -0.02760432, -0.0554469 ],
        ...,
        [-0.04804863, -0.09051114, -0.0844205 , ...,  0.        ,
         -0.11189411, -0.1395396 ],
        [ 0.06401798,  0.0214921 ,  0.02760432, ...,  0.11189411,
          0.        , -0.02786391],
        [ 0.09179988,  0.04934123,  0.0554469 , ...,  0.1395396 ,
          0.02786391,  0.        ]],

       ...,

       [[ 0.        ,  0.33205361,  0.86320889, ...,  0.91623037,
          0.93046281,  0.87770634],
        [-0.33205361,  0.        ,  0.64659462, ...,  0.73120604,
          0.75600891,  0.668786  ],
        [-0.86320889, -0.64659462,  0.        , ...,  0.11670984,
          0.15347332,  0.02945859],
        ...,
        [-0.91623037, -0.73120604, -0.11670984, ...,  0.        ,
          0.03709734, -0.08740192],
        [-0.93046281, -0.75600891, -0.15347332, ..., -0.03709734,
          0.        , -0.12429713],
        [-0.87770634, -0.668786  , -0.02945859, ...,  0.08740192,
          0.12429713,  0.        ]],

       [[ 0.        , -0.50998694, -0.6802236 , ..., -0.8328867 ,
         -0.84813604, -0.85135829],
        [ 0.50998694,  0.        , -0.21129338, ..., -0.99868324,
         -0.99973159, -0.99985452],
        [ 0.6802236 ,  0.21129338,  0.        , ..., -0.9869752 ,
         -0.98205552, -0.98088447],
        ...,
        [ 0.8328867 ,  0.99868324,  0.9869752 , ...,  0.        ,
          0.02814994,  0.03425916],
        [ 0.84813604,  0.99973159,  0.98205552, ..., -0.02814994,
          0.        ,  0.00611217],
        [ 0.85135829,  0.99985452,  0.98088447, ..., -0.03425916,
         -0.00611217,  0.        ]],

       [[ 0.        , -0.13828384, -0.23299382, ...,  0.72232447,
          0.89420866,  0.96481993],
        [ 0.13828384,  0.        , -0.09627734, ...,  0.61975406,
          0.82371486,  0.91919413],
        [ 0.23299382,  0.09627734,  0.        , ...,  0.54131694,
          0.76529867,  0.87700958],
        ...,
        [-0.72232447, -0.61975406, -0.54131694, ...,  0.        ,
         -0.29504501, -0.47731789],
        [-0.89420866, -0.82371486, -0.76529867, ...,  0.29504501,
          0.        , -0.19680419],
        [-0.96481993, -0.91919413, -0.87700958, ...,  0.47731789,
