state_0,state_1,state_2,state_3,state_4,state_5,state_6,state_7,state_8,state_9,state_10,state_11,state_12,state_13,state_14,state_15,state_16,state_17,state_18,state_19,state_20,state_21,state_22,state_23,state_24,state_25,state_26,state_27,state_28,state_29,state_30,state_31,state_32,state_33,state_34,state_35,state_36,state_37,state_38,state_39,state_40,state_41,state_42,state_43,state_44,state_45,state_46,state_47,state_48,state_49,state_50,state_51,state_52,state_53,state_54,state_55,state_56,state_57,state_58,state_59,state_60,state_61,state_62,state_63,state_64,state_65,state_66,state_67,state_68,state_69,state_70,state_71,state_72,state_73,state_74,state_75,state_76,state_77,state_78,state_79,state_80,state_81,state_82,state_83,state_84,state_85,state_86,state_87,state_88,state_89,state_90,state_91,state_92,state_93,state_94,state_95,state_96,state_97,state_98,state_99,state_100,state_101,state_102,state_103,state_104,state_105,state_106,state_107,state_108,state_109,state_110,state_111,state_112,state_113,state_114,state_115,state_116,state_117,state_118,state_119,state_120,state_121,state_122,state_123,state_124,state_125,state_126,state_127,state_128,state_129,state_130,state_131,state_132,state_133,state_134,state_135,state_136,state_137,state_138,state_139,state_140,state_141,state_142,state_143,state_144,state_145,state_146,state_147,state_148,state_149,state_150,state_151,state_152,state_153,state_154,state_155,state_156,state_157,state_158,state_159,state_160,state_161,state_162,state_163,state_164,state_165,state_166,state_167,state_168,state_169,state_170,state_171,state_172,state_173,state_174,state_175,state_176,state_177,state_178,state_179,state_180,state_181,state_182,state_183,state_184,state_185,state_186,state_187,state_188,state_189,state_190,state_191,state_192,state_193,state_194,state_195,state_196,state_197,state_198,state_199,state_200,state_201,state_202,state_203,state_204,state_205,state_206,state_207,state_208,state_209,state_210,state_211,state_212,state_213,state_214,state_215,state_216,state_217,state_218,state_219,state_220,state_221,state_222,state_223,state_224,state_225,state_226,state_227,state_228,state_229,state_230,state_231,state_232,state_233,state_234,state_235,state_236,state_237,state_238,state_239,state_240,state_241,state_242,state_243,state_244,state_245,state_246,state_247,state_248,state_249,state_250,state_251,state_252,state_253,state_254,state_255,state_256,state_257,state_258,state_259,state_260,state_261,state_262,state_263,state_264,state_265,state_266,state_267,state_268,state_269,state_270,state_271,state_272,state_273,state_274,state_275,state_276,state_277,state_278,state_279,state_280,state_281,state_282,state_283,state_284,state_285,state_286,state_287
{'img': array([[[ 0.        ,  0.08560895, -0.07666245, ...,  0.66832522,
          0.99775696,  0.99788263],
        [-0.08560895,  0.        , -0.16173803, ...,  0.72955354,
          0.99982473,  0.98865119],
        [ 0.07666245,  0.16173803,  0.        , ...,  0.60933157,
          0.98968882,  0.99993212],
        ...,
        [-0.66832522, -0.72955354, -0.60933157, ...,  0.        ,
         -0.69746253, -0.78576228],
        [-0.99775696, -0.99982473, -0.98968882, ...,  0.69746253,
          0.        , -0.13169342],
        [-0.99788263, -0.98865119, -0.99993212, ...,  0.78576228,
          0.13169342,  0.        ]],

       [[ 0.        ,  0.00678461,  0.18646672, ...,  0.99698095,
          0.65825877,  0.31874531],
        [-0.00678461,  0.        ,  0.17979681, ...,  0.9974848 ,
          0.65313622,  0.31230724],
        [-0.18646672, -0.17979681,  0.        , ...,  0.99397368,
          0.50634315,  0.13641423],
        ...,
        [-0.99698095, -0.9974848 , -0.99397368, ...,  0.        ,
         -0.80163057, -0.96972831],
        [-0.65825877, -0.65313622, -0.50634315, ...,  0.80163057,
          0.        , -0.38397543],
        [-0.31874531, -0.31230724, -0.13641423, ...,  0.96972831,
          0.38397543,  0.        ]],

       [[ 0.        ,  0.00587512, -0.05058959, ...,  0.9652228 ,
          0.90061886,  0.65793988],
        [-0.00587512,  0.        , -0.05645631, ...,  0.96674207,
          0.9031567 ,  0.6623529 ],
        [ 0.05058959,  0.05645631,  0.        , ...,  0.95076129,
          0.87747891,  0.61899988],
        ...,
        [-0.9652228 , -0.96674207, -0.95076129, ...,  0.        ,
          0.18404771,  0.55487644],
        [-0.90061886, -0.9031567 , -0.87747891, ..., -0.18404771,
          0.        ,  0.39228234],
        [-0.65793988, -0.6623529 , -0.61899988, ..., -0.55487644,
         -0.39228234,  0.        ]],

       ...,

       [[ 0.        ,  0.43088351,  0.12409652, ...,  0.83494656,
          0.60859152,  0.66165326],
        [-0.43088351,  0.        , -0.31556722, ...,  0.51633352,
          0.20729854,  0.27400015],
        [-0.12409652,  0.31556722,  0.        , ...,  0.76019839,
          0.50541864,  0.56348998],
        ...,
        [-0.83494656, -0.51633352, -0.76019839, ...,  0.        ,
         -0.32758968, -0.26192293],
        [-0.60859152, -0.20729854, -0.50541864, ...,  0.32758968,
          0.        ,  0.06868309],
        [-0.66165326, -0.27400015, -0.56348998, ...,  0.26192293,
         -0.06868309,  0.        ]],

       [[ 0.        , -0.02391126, -0.03393905, ...,  0.75726198,
          0.62020699,  0.57995528],
        [ 0.02391126,  0.        , -0.01003186, ...,  0.74142876,
          0.60127275,  0.56031019],
        [ 0.03393905,  0.01003186,  0.        , ...,  0.73465975,
          0.5932266 ,  0.55197278],
        ...,
        [-0.75726198, -0.74142876, -0.73465975, ...,  0.        ,
          0.18896108,  0.23812689],
        [-0.62020699, -0.60127275, -0.5932266 , ..., -0.18896108,
          0.        ,  0.0503115 ],
        [-0.57995528, -0.56031019, -0.55197278, ..., -0.23812689,
         -0.0503115 ,  0.        ]],

       [[ 0.        , -0.00789141, -0.0492414 , ...,  0.95382009,
          0.89465085,  0.89308618],
        [ 0.00789141,  0.        , -0.04135803, ...,  0.95141998,
          0.89109738,  0.88950814],
        [ 0.0492414 ,  0.04135803,  0.        , ...,  0.93787196,
          0.87156618,  0.86984979],
        ...,
        [-0.95382009, -0.95141998, -0.93787196, ...,  0.        ,
          0.1574005 ,  0.16084606],
        [-0.89465085, -0.89109738, -0.87156618, ..., -0.1574005 ,
          0.        ,  0.00349002],
        [-0.89308618, -0.88950814, -0.86984979, ..., -0.16084606,
         -0.00349002,  0.        ]]]), 'num': array([7.07093590e-01, 7.07093590e-01, 0.00000000e+00, 0.00000000e+00,
       9.79646028e-04, 9.96359149e-04, 9.51362284e-04, 5.50674203e-03,
       3.85687413e-05, 9.84788527e-04, 9.19478791e-04, 7.76345907e-04,
       1.59345034e-06, 1.01674750e-03, 8.22210088e-04])}
{'img': array([[[ 0.        , -0.16173803, -0.25511178, ...,  0.99982473,
          0.98865119,  0.99678366],
        [ 0.16173803,  0.        , -0.09536654, ...,  0.98968882,
          0.99993212,  0.97069813],
        [ 0.25511178,  0.09536654,  0.        , ...,  0.9715183 ,
          0.99426352,  0.94335712],
        ...,
        [-0.99982473, -0.98968882, -0.9715183 , ...,  0.        ,
         -0.13169342,  0.09878723],
        [-0.98865119, -0.99993212, -0.99426352, ...,  0.13169342,
          0.        ,  0.2289761 ],
        [-0.99678366, -0.97069813, -0.94335712, ..., -0.09878723,
         -0.2289761 ,  0.        ]],

       [[ 0.        ,  0.17979681,  0.25696617, ...,  0.65313622,
          0.31230724,  0.27901878],
        [-0.17979681,  0.        ,  0.07901929, ...,  0.50634315,
          0.13641423,  0.10181553],
        [-0.25696617, -0.07901929,  0.        , ...,  0.43661899,
          0.05770707,  0.02288852],
        ...,
        [-0.65313622, -0.50634315, -0.43661899, ...,  0.        ,
         -0.38397543, -0.41591303],
        [-0.31230724, -0.13641423, -0.05770707, ...,  0.38397543,
          0.        , -0.03484157],
        [-0.27901878, -0.10181553, -0.02288852, ...,  0.41591303,
          0.03484157,  0.        ]],

       [[ 0.        , -0.05594762, -0.12277269, ...,  0.92943109,
          0.825339  ,  0.65781372],
        [ 0.05594762,  0.        , -0.06705603, ...,  0.90733089,
          0.79245615,  0.61464472],
        [ 0.12277269,  0.06705603,  0.        , ...,  0.87709717,
          0.74977309,  0.56036722],
        ...,
        [-0.92943109, -0.90733089, -0.87709717, ...,  0.        ,
          0.2202451 ,  0.45729906],
        [-0.825339  , -0.79245615, -0.74977309, ..., -0.2202451 ,
          0.        ,  0.25020306],
        [-0.65781372, -0.61464472, -0.56036722, ..., -0.45729906,
         -0.25020306,  0.        ]],

       ...,

       [[ 0.        , -0.31556722, -0.45909704, ...,  0.20729854,
          0.27400015,  0.37963126],
        [ 0.31556722,  0.        , -0.15529312, ...,  0.50541864,
          0.56348998,  0.65217651],
        [ 0.45909704,  0.15529312,  0.        , ...,  0.63328556,
          0.68494517,  0.76198721],
        ...,
        [-0.20729854, -0.50541864, -0.63328556, ...,  0.        ,
          0.06868309,  0.17960507],
        [-0.27400015, -0.56348998, -0.68494517, ..., -0.06868309,
          0.        ,  0.11161472],
        [-0.37963126, -0.65217651, -0.76198721, ..., -0.17960507,
         -0.11161472,  0.        ]],

       [[ 0.        , -0.01003186, -0.00625478, ...,  0.60127275,
          0.56031019,  0.67288912],
        [ 0.01003186,  0.        ,  0.0037772 , ...,  0.5932266 ,
          0.55197278,  0.66543426],
        [ 0.00625478, -0.0037772 ,  0.        , ...,  0.59626315,
          0.5551185 ,  0.66824903],
        ...,
        [-0.60127275, -0.5932266 , -0.59626315, ...,  0.        ,
          0.0503115 , -0.0928804 ],
        [-0.56031019, -0.55197278, -0.5551185 , ..., -0.0503115 ,
          0.        , -0.14285679],
        [-0.67288912, -0.66543426, -0.66824903, ...,  0.0928804 ,
          0.14285679,  0.        ]],

       [[ 0.        , -0.04129251, -0.10344658, ...,  0.91572823,
          0.91508658,  0.86552077],
        [ 0.04129251,  0.        , -0.06228738, ...,  0.89835595,
          0.89765459,  0.84410026],
        [ 0.10344658,  0.06228738,  0.        , ...,  0.86925071,
          0.86846155,  0.80906366],
        ...,
        [-0.91572823, -0.89835595, -0.86925071, ...,  0.        ,
          0.00159406,  0.11089888],
        [-0.91508658, -0.89765459, -0.86846155, ..., -0.00159406,
          0.        ,  0.10931451],
        [-0.86552077, -0.84410026, -0.80906366, ..., -0.11089888,
         -0.10931451,  0.        ]]]), 'num': array([7.06981535e-01, 7.06981535e-01, 0.00000000e+00, 0.00000000e+00,
       1.04119099e-03, 1.08618072e-03, 9.82061623e-04, 1.86226649e-02,
       6.17002067e-05, 9.91316654e-04, 9.24217679e-04, 7.83014185e-04,
       1.81090753e-06, 1.03474296e-03, 8.13692403e-04])}
{'img': array([[[ 0.        , -0.09424819,  0.07573651, ...,  0.99970514,
          0.98179504,  0.60353919],
        [ 0.09424819,  0.        ,  0.16937688, ...,  0.99754376,
          0.95952298,  0.52570545],
        [-0.07573651, -0.16937688,  0.        , ...,  0.99499478,
          0.99336084,  0.66219299],
        ...,
        [-0.99970514, -0.99754376, -0.99499478, ...,  0.        ,
          0.21372782,  0.81175366],
        [-0.98179504, -0.95952298, -0.99336084, ..., -0.21372782,
          0.        ,  0.66817962],
        [-0.60353919, -0.52570545, -0.66219299, ..., -0.81175366,
         -0.66817962,  0.        ]],

       [[ 0.        ,  0.07901929, -0.03427071, ...,  0.13641423,
          0.10181553,  0.90322696],
        [-0.07901929,  0.        , -0.11313642, ...,  0.05770707,
          0.02288852,  0.86649048],
        [ 0.03427071,  0.11313642,  0.        , ...,  0.17028444,
          0.13584834,  0.91740412],
        ...,
        [-0.13641423, -0.05770707, -0.17028444, ...,  0.        ,
         -0.03484157,  0.83623952],
        [-0.10181553, -0.02288852, -0.13584834, ...,  0.03484157,
          0.        ,  0.85483768],
        [-0.90322696, -0.86649048, -0.91740412, ..., -0.83623952,
         -0.85483768,  0.        ]],

       [[ 0.        , -0.06645204, -0.06645204, ...,  0.84976945,
          0.79081047,  0.61020923],
        [ 0.06645204,  0.        ,  0.        , ...,  0.81286064,
          0.74838977,  0.55621445],
        [ 0.06645204,  0.        ,  0.        , ...,  0.81286064,
          0.74838977,  0.55621445],
        ...,
        [-0.84976945, -0.81286064, -0.81286064, ...,  0.        ,
          0.10323152,  0.35154706],
        [-0.79081047, -0.74838977, -0.74838977, ..., -0.10323152,
          0.        ,  0.25302659],
        [-0.61020923, -0.55621445, -0.55621445, ..., -0.35154706,
         -0.25302659,  0.        ]],

       ...,

       [[ 0.        , -0.15529312,  0.17429663, ...,  0.56348998,
          0.65217651,  0.80276009],
        [ 0.15529312,  0.        ,  0.32509822, ...,  0.68494517,
          0.76198721,  0.88562297],
        [-0.17429663, -0.32509822,  0.        , ...,  0.4108743 ,
          0.51006522,  0.68653894],
        ...,
        [-0.56348998, -0.68494517, -0.4108743 , ...,  0.        ,
          0.11161472,  0.32716822],
        [-0.65217651, -0.76198721, -0.51006522, ..., -0.11161472,
          0.        ,  0.2196518 ],
        [-0.80276009, -0.88562297, -0.68653894, ..., -0.32716822,
         -0.2196518 ,  0.        ]],

       [[ 0.        ,  0.0036889 , -0.07312358, ...,  0.83445746,
          0.84728425,  0.54115207],
        [-0.0036889 ,  0.        , -0.07680211, ...,  0.83648463,
          0.84923781,  0.54425047],
        [ 0.07312358,  0.07680211,  0.        , ...,  0.79192713,
          0.80617714,  0.47821191],
        ...,
        [-0.83445746, -0.83648463, -0.79192713, ...,  0.        ,
         -0.02370144,  0.40350198],
        [-0.84728425, -0.84923781, -0.80617714, ...,  0.02370144,
          0.        ,  0.42507495],
        [-0.54115207, -0.54425047, -0.47821191, ..., -0.40350198,
         -0.42507495,  0.        ]],

       [[ 0.        , -0.06228738, -0.05276413, ...,  0.89765459,
          0.84410026,  0.975756  ],
        [ 0.06228738,  0.        ,  0.00953893, ...,  0.86846155,
          0.80906366,  0.96022905],
        [ 0.05276413, -0.00953893,  0.        , ...,  0.87315102,
          0.81463308,  0.96284876],
        ...,
        [-0.89765459, -0.86846155, -0.87315102, ...,  0.        ,
          0.10931451, -0.23355364],
        [-0.84410026, -0.80906366, -0.81463308, ..., -0.10931451,
          0.        , -0.3384453 ],
        [-0.975756  , -0.96022905, -0.96284876, ...,  0.23355364,
          0.3384453 ,  0.        ]]]), 'num': array([7.07093210e-01, 7.07093210e-01, 0.00000000e+00, 0.00000000e+00,
       1.06321106e-03, 1.07092481e-03, 1.01564297e-03, 5.55196732e-03,
       2.18556083e-05, 9.97901363e-04, 9.30534665e-04, 7.90723053e-04,
       1.87779023e-06, 1.05653264e-03, 8.04536689e-04])}
{'img': array([[[ 0.        ,  0.16530733,  0.16530733, ...,  0.98183156,
          0.81957381,  0.51507875],
        [-0.16530733,  0.        ,  0.        , ...,  0.99969144,
          0.90301493,  0.64968435],
        [-0.16530733,  0.        ,  0.        , ...,  0.99969144,
          0.90301493,  0.64968435],
        ...,
        [-0.98183156, -0.99969144, -0.99969144, ...,  0.        ,
          0.40704571,  0.74383136],
        [-0.81957381, -0.90301493, -0.90301493, ..., -0.40704571,
          0.        ,  0.40736529],
        [-0.51507875, -0.64968435, -0.64968435, ..., -0.74383136,
         -0.40736529,  0.        ]],

       [[ 0.        , -0.11313642, -0.28239094, ...,  0.02288852,
          0.86649048,  0.02735631],
        [ 0.11313642,  0.        , -0.17204614, ...,  0.13584834,
          0.91740412,  0.14027475],
        [ 0.28239094,  0.17204614,  0.        , ...,  0.3042739 ,
          0.97219155,  0.30852815],
        ...,
        [-0.02288852, -0.13584834, -0.3042739 , ...,  0.        ,
          0.85483768,  0.00446919],
        [-0.86649048, -0.91740412, -0.97219155, ..., -0.85483768,
          0.        , -0.8525101 ],
        [-0.02735631, -0.14027475, -0.30852815, ..., -0.00446919,
          0.8525101 ,  0.        ]],

       [[ 0.        ,  0.        ,  0.        , ...,  0.80846766,
          0.74061956,  0.55230608],
        [ 0.        ,  0.        ,  0.        , ...,  0.80846766,
          0.74061956,  0.55230608],
        [ 0.        ,  0.        ,  0.        , ...,  0.80846766,
          0.74061956,  0.55230608],
        ...,
        [-0.80846766, -0.80846766, -0.80846766, ...,  0.        ,
          0.10734462,  0.34891757],
        [-0.74061956, -0.74061956, -0.74061956, ..., -0.10734462,
          0.        ,  0.24630309],
        [-0.55230608, -0.55230608, -0.55230608, ..., -0.34891757,
         -0.24630309,  0.        ]],

       ...,

       [[ 0.        ,  0.32509822,  0.38206659, ...,  0.76198721,
          0.88562297,  0.91688634],
        [-0.32509822,  0.        ,  0.06087825, ...,  0.51006522,
          0.68653894,  0.73731887],
        [-0.38206659, -0.06087825,  0.        , ...,  0.45675559,
          0.64100139,  0.6948253 ],
        ...,
        [-0.76198721, -0.51006522, -0.45675559, ...,  0.        ,
          0.2196518 ,  0.28962235],
        [-0.88562297, -0.68653894, -0.64100139, ..., -0.2196518 ,
          0.        ,  0.07231155],
        [-0.91688634, -0.73731887, -0.6948253 , ..., -0.28962235,
         -0.07231155,  0.        ]],

       [[ 0.        , -0.07457431, -0.13481922, ...,  0.93110378,
          0.85528759,  0.53074241],
        [ 0.07457431,  0.        , -0.06055035, ...,  0.90130978,
          0.81426506,  0.46606034],
        [ 0.13481922,  0.06055035,  0.        , ...,  0.8734271 ,
          0.77762193,  0.41163308],
        ...,
        [-0.93110378, -0.90130978, -0.8734271 , ...,  0.        ,
          0.17048488,  0.59555074],
        [-0.85528759, -0.81426506, -0.77762193, ..., -0.17048488,
          0.        ,  0.44987853],
        [-0.53074241, -0.46606034, -0.41163308, ..., -0.59555074,
         -0.44987853,  0.        ]],

       [[ 0.        ,  0.00953893,  0.01158913, ...,  0.80906366,
          0.96022905,  0.99228857],
        [-0.00953893,  0.        ,  0.00205032, ...,  0.81463308,
          0.96284876,  0.99342577],
        [-0.01158913, -0.00205032,  0.        , ...,  0.8158205 ,
          0.9634004 ,  0.9936584 ],
        ...,
        [-0.80906366, -0.81463308, -0.8158205 , ...,  0.        ,
         -0.3384453 , -0.48290612],
        [-0.96022905, -0.96284876, -0.9634004 , ...,  0.3384453 ,
          0.        , -0.15804081],
        [-0.99228857, -0.99342577, -0.9936584 , ...,  0.48290612,
          0.15804081,  0.        ]]]), 'num': array([ 7.20737873e-01,  6.93171917e-01,  6.54773288e-07, -1.39050036e-11,
        1.10263822e-03,  1.10525731e-03,  1.06335182e-03,  6.44341440e-03,
        1.96431986e-05,  1.04056571e-03,  9.55510659e-04,  8.13708591e-04,
        1.92945028e-06,  1.10052253e-03,  8.10498789e-04])}
{'img': array([[[ 0.00000000e+00,  0.00000000e+00, -9.80504952e-02, ...,
          9.52662665e-01,  8.81867007e-01,  6.39198527e-01],
        [ 0.00000000e+00,  0.00000000e+00, -9.80504952e-02, ...,
          9.52662665e-01,  8.81867007e-01,  6.39198527e-01],
        [ 9.80504952e-02,  9.80504952e-02,  0.00000000e+00, ...,
          9.18261975e-01,  8.31387043e-01,  5.60713585e-01],
        ...,
        [-9.52662665e-01, -9.52662665e-01, -9.18261975e-01, ...,
          0.00000000e+00,  1.81065308e-01,  5.38302268e-01],
        [-8.81867007e-01, -8.81867007e-01, -8.31387043e-01, ...,
         -1.81065308e-01,  0.00000000e+00,  3.76811587e-01],
        [-6.39198527e-01, -6.39198527e-01, -5.60713585e-01, ...,
         -5.38302268e-01, -3.76811587e-01,  0.00000000e+00]],

       [[ 0.00000000e+00, -1.72046139e-01, -2.61728899e-01, ...,
          9.17404122e-01,  1.40274746e-01,  2.12967165e-01],
        [ 1.72046139e-01,  0.00000000e+00, -9.17773741e-02, ...,
          9.72191555e-01,  3.08528147e-01,  3.77890878e-01],
        [ 2.61728899e-01,  9.17773741e-02,  0.00000000e+00, ...,
          9.89581543e-01,  3.94526054e-01,  4.61268104e-01],
        ...,
        [-9.17404122e-01, -9.72191555e-01, -9.89581543e-01, ...,
          0.00000000e+00, -8.52510096e-01, -8.11606533e-01],
        [-1.40274746e-01, -3.08528147e-01, -3.94526054e-01, ...,
          8.52510096e-01,  0.00000000e+00,  7.38047236e-02],
        [-2.12967165e-01, -3.77890878e-01, -4.61268104e-01, ...,
          8.11606533e-01, -7.38047236e-02,  0.00000000e+00]],

       [[ 0.00000000e+00,  0.00000000e+00, -5.19094568e-02, ...,
          8.89971269e-01,  8.60493165e-01,  5.38593737e-01],
        [ 0.00000000e+00,  0.00000000e+00, -5.19094568e-02, ...,
          8.89971269e-01,  8.60493165e-01,  5.38593737e-01],
        [ 5.19094568e-02,  5.19094568e-02,  0.00000000e+00, ...,
          8.65099832e-01,  8.32887149e-01,  4.94130480e-01],
        ...,
        [-8.89971269e-01, -8.89971269e-01, -8.65099832e-01, ...,
          0.00000000e+00,  6.10073603e-02,  5.04251489e-01],
        [-8.60493165e-01, -8.60493165e-01, -8.32887149e-01, ...,
         -6.10073603e-02,  0.00000000e+00,  4.50628904e-01],
        [-5.38593737e-01, -5.38593737e-01, -4.94130480e-01, ...,
         -5.04251489e-01, -4.50628904e-01,  0.00000000e+00]],

       ...,

       [[ 0.00000000e+00,  6.08782521e-02, -5.23783751e-02, ...,
          6.86538941e-01,  7.37318867e-01,  7.49565962e-01],
        [-6.08782521e-02,  0.00000000e+00, -1.13075909e-01, ...,
          6.41001394e-01,  6.94825296e-01,  7.07878545e-01],
        [ 5.23783751e-02,  1.13075909e-01,  0.00000000e+00, ...,
          7.23680488e-01,  7.71690701e-01,  7.83207840e-01],
        ...,
        [-6.86538941e-01, -6.41001394e-01, -7.23680488e-01, ...,
          0.00000000e+00,  7.23115462e-02,  9.05637059e-02],
        [-7.37318867e-01, -6.94825296e-01, -7.71690701e-01, ...,
         -7.23115462e-02,  0.00000000e+00,  1.83122248e-02],
        [-7.49565962e-01, -7.07878545e-01, -7.83207840e-01, ...,
         -9.05637059e-02, -1.83122248e-02,  0.00000000e+00]],

       [[ 0.00000000e+00, -5.87527815e-02, -1.49831418e-01, ...,
          9.06462663e-01,  8.12009094e-01,  4.53654172e-01],
        [ 5.87527815e-02,  0.00000000e+00, -9.14830400e-02, ...,
          8.80086331e-01,  7.76315645e-01,  4.00511337e-01],
        [ 1.49831418e-01,  9.14830400e-02,  0.00000000e+00, ...,
          8.32958406e-01,  7.15394451e-01,  3.15006687e-01],
        ...,
        [-9.06462663e-01, -8.80086331e-01, -8.32958406e-01, ...,
          0.00000000e+00,  1.86152155e-01,  6.16247620e-01],
        [-8.12009094e-01, -7.76315645e-01, -7.15394451e-01, ...,
         -1.86152155e-01,  0.00000000e+00,  4.58871598e-01],
        [-4.53654172e-01, -4.00511337e-01, -3.15006687e-01, ...,
         -6.16247620e-01, -4.58871598e-01,  0.00000000e+00]],

       [[ 0.00000000e+00,  2.05031520e-03,  5.54655451e-04, ...,
          9.62848757e-01,  9.93425770e-01,  9.99997945e-01],
        [-2.05031520e-03,  0.00000000e+00, -1.49566060e-03, ...,
          9.63400403e-01,  9.93658398e-01,  9.99991687e-01],
        [-5.54655451e-04,  1.49566060e-03,  0.00000000e+00, ...,
          9.62998389e-01,  9.93489113e-01,  9.99996667e-01],
        ...,
        [-9.62848757e-01, -9.63400403e-01, -9.62998389e-01, ...,
          0.00000000e+00, -1.58040814e-01, -2.71992567e-01],
        [-9.93425770e-01, -9.93658398e-01, -9.93489113e-01, ...,
          1.58040814e-01,  0.00000000e+00, -1.16491749e-01],
        [-9.99997945e-01, -9.99991687e-01, -9.99996667e-01, ...,
          2.71992567e-01,  1.16491749e-01,  0.00000000e+00]]]), 'num': array([ 8.04860357e-01,  5.93324613e-01,  5.07279962e-06,  1.88943792e-09,
        1.22274997e-03,  1.27992892e-03,  1.19635968e-03,  1.24629010e-02,
       -1.17290165e-05,  1.19489355e-03,  1.07775000e-03,  9.19603762e-04,
        2.10301607e-06,  1.25317601e-03,  9.02323992e-04])}
{'img': array([[[ 0.        , -0.0980505 , -0.21180232, ...,  0.88186701,
          0.63919853,  0.82757971],
        [ 0.0980505 ,  0.        , -0.11495576, ...,  0.83138704,
          0.56071359,  0.7685515 ],
        [ 0.21180232,  0.11495576,  0.        , ...,  0.76199525,
          0.4618119 ,  0.68990916],
        ...,
        [-0.88186701, -0.83138704, -0.76199525, ...,  0.        ,
          0.37681159,  0.10483211],
        [-0.63919853, -0.56071359, -0.4618119 , ..., -0.37681159,
          0.        , -0.27763041],
        [-0.82757971, -0.7685515 , -0.68990916, ..., -0.10483211,
          0.27763041,  0.        ]],

       [[ 0.        , -0.09177737,  0.12079188, ...,  0.30852815,
          0.37789088,  0.69385725],
        [ 0.09177737,  0.        ,  0.21138745, ...,  0.39452605,
          0.4612681 ,  0.7570189 ],
        [-0.12079188, -0.21138745,  0.        , ...,  0.19136999,
          0.26328873,  0.60179298],
        ...,
        [-0.30852815, -0.39452605, -0.19136999, ...,  0.        ,
          0.07380472,  0.43783258],
        [-0.37789088, -0.4612681 , -0.26328873, ..., -0.07380472,
          0.        ,  0.37028386],
        [-0.69385725, -0.7570189 , -0.60179298, ..., -0.43783258,
         -0.37028386,  0.        ]],

       [[ 0.        , -0.05032341, -0.08571968, ...,  0.93836842,
          0.85758373,  0.52451142],
        [ 0.05032341,  0.        , -0.03547289, ...,  0.91978586,
          0.83061359,  0.48100132],
        [ 0.08571968,  0.03547289,  0.        , ...,  0.90528669,
          0.81033778,  0.44959882],
        ...,
        [-0.93836842, -0.91978586, -0.90528669, ...,  0.        ,
          0.18623213,  0.61763969],
        [-0.85758373, -0.83061359, -0.81033778, ..., -0.18623213,
          0.        ,  0.46037021],
        [-0.52451142, -0.48100132, -0.44959882, ..., -0.61763969,
         -0.46037021,  0.        ]],

       ...,

       [[ 0.        , -0.11307591, -0.1850776 , ...,  0.6948253 ,
          0.70787855,  0.66776543],
        [ 0.11307591,  0.        , -0.07276818, ...,  0.7716907 ,
          0.78320784,  0.74765313],
        [ 0.1850776 ,  0.07276818,  0.        , ...,  0.81592528,
          0.82637581,  0.7939956 ],
        ...,
        [-0.6948253 , -0.7716907 , -0.81592528, ...,  0.        ,
          0.01831222, -0.03696575],
        [-0.70787855, -0.78320784, -0.82637581, ..., -0.01831222,
          0.        , -0.05525926],
        [-0.66776543, -0.74765313, -0.7939956 , ...,  0.03696575,
          0.05525926,  0.        ]],

       [[ 0.        , -0.08951407, -0.07002792, ...,  0.85690206,
          0.72621978,  0.39250095],
        [ 0.08951407,  0.        ,  0.01954752, ...,  0.80731943,
          0.66176684,  0.30859457],
        [ 0.07002792, -0.01954752,  0.        , ...,  0.81870045,
          0.67629536,  0.32712909],
        ...,
        [-0.85690206, -0.80731943, -0.81870045, ...,  0.        ,
          0.21473689,  0.58581094],
        [-0.72621978, -0.66176684, -0.67629536, ..., -0.21473689,
          0.        ,  0.39811208],
        [-0.39250095, -0.30859457, -0.32712909, ..., -0.58581094,
         -0.39811208,  0.        ]],

       [[ 0.        , -0.00149566, -0.06136654, ...,  0.9936584 ,
          0.99999169,  0.99842471],
        [ 0.00149566,  0.        , -0.05987363, ...,  0.99348911,
          0.99999667,  0.99850752],
        [ 0.06136654,  0.05987363,  0.        , ...,  0.98488553,
          0.99835722,  0.99998613],
        ...,
        [-0.9936584 , -0.99348911, -0.98488553, ...,  0.        ,
         -0.11649175, -0.16801595],
        [-0.99999169, -0.99999667, -0.99835722, ...,  0.11649175,
          0.        , -0.0520363 ],
        [-0.99842471, -0.99850752, -0.99998613, ...,  0.16801595,
          0.0520363 ,  0.        ]]]), 'num': array([ 9.83567788e-01,  1.80409783e-01,  1.95653594e-05, -7.08128073e-09,
        1.49008906e-03,  1.53364830e-03,  1.46286454e-03,  5.55866744e-03,
       -2.35945893e-05,  1.50061588e-03,  1.34570832e-03,  1.14866325e-03,
        2.55863741e-06,  1.57015902e-03,  1.12125763e-03])}
{'img': array([[[ 0.        , -0.11495576, -0.56071359, ...,  0.56071359,
          0.7685515 ,  0.86918285],
        [ 0.11495576,  0.        , -0.4618119 , ...,  0.4618119 ,
          0.68990916,  0.80657613],
        [ 0.56071359,  0.4618119 ,  0.        , ...,  0.        ,
          0.27763041,  0.44242421],
        ...,
        [-0.56071359, -0.4618119 , -0.        , ...,  0.        ,
         -0.27763041, -0.44242421],
        [-0.7685515 , -0.68990916, -0.27763041, ...,  0.27763041,
          0.        , -0.17605103],
        [-0.86918285, -0.80657613, -0.44242421, ...,  0.44242421,
          0.17605103,  0.        ]],

       [[ 0.        ,  0.21138745,  0.3682394 , ...,  0.4612681 ,
          0.7570189 ,  0.22960241],
        [-0.21138745,  0.        ,  0.16338459, ...,  0.26328873,
          0.60179298,  0.0186738 ],
        [-0.3682394 , -0.16338459,  0.        , ...,  0.10213088,
          0.46321891, -0.14493322],
        ...,
        [-0.4612681 , -0.26328873, -0.10213088, ...,  0.        ,
          0.37028386, -0.24522788],
        [-0.7570189 , -0.60179298, -0.46321891, ..., -0.37028386,
          0.        , -0.58677417],
        [-0.22960241, -0.0186738 ,  0.14493322, ...,  0.24522788,
          0.58677417,  0.        ]],

       [[ 0.        , -0.03487744, -0.1075122 , ...,  0.88584009,
          0.75144142,  0.47386591],
        [ 0.03487744,  0.        , -0.0727715 , ...,  0.86911834,
          0.72797212,  0.44286464],
        [ 0.1075122 ,  0.0727715 ,  0.        , ...,  0.8308209 ,
          0.67614937,  0.37644435],
        ...,
        [-0.88584009, -0.86911834, -0.8308209 , ...,  0.        ,
          0.23581532,  0.56019878],
        [-0.75144142, -0.72797212, -0.67614937, ..., -0.23581532,
          0.        ,  0.34906044],
        [-0.47386591, -0.44286464, -0.37644435, ..., -0.56019878,
         -0.34906044,  0.        ]],

       ...,

       [[ 0.        , -0.07276818, -0.16691996, ...,  0.78320784,
          0.74765313,  0.72456634],
        [ 0.07276818,  0.        , -0.09473015, ...,  0.82637581,
          0.7939956 ,  0.77279763],
        [ 0.16691996,  0.09473015,  0.        , ...,  0.87600394,
          0.84801368,  0.82944308],
        ...,
        [-0.78320784, -0.82637581, -0.87600394, ...,  0.        ,
         -0.05525926, -0.08928445],
        [-0.74765313, -0.7939956 , -0.84801368, ...,  0.05525926,
          0.        , -0.03410947],
        [-0.72456634, -0.77279763, -0.82944308, ...,  0.08928445,
          0.03410947,  0.        ]],

       [[ 0.        ,  0.01925512,  0.07240633, ...,  0.74533094,
          0.60602793,  0.30420504],
        [-0.01925512,  0.        ,  0.05318833, ...,  0.75803004,
          0.62123193,  0.3224912 ],
        [-0.07240633, -0.05318833,  0.        , ...,  0.79164752,
          0.66203237,  0.37238132],
        ...,
        [-0.74533094, -0.75803004, -0.79164752, ...,  0.        ,
          0.18883296,  0.50719527],
        [-0.60602793, -0.62123193, -0.66203237, ..., -0.18883296,
          0.        ,  0.33532831],
        [-0.30420504, -0.3224912 , -0.37238132, ..., -0.50719527,
         -0.33532831,  0.        ]],

       [[ 0.        , -0.05987363, -0.18790522, ...,  0.99999667,
          0.99850752,  0.99980052],
        [ 0.05987363,  0.        , -0.128761  , ...,  0.99835722,
          0.99998613,  0.9992027 ],
        [ 0.18790522,  0.128761  ,  0.        , ...,  0.98266904,
          0.99098361,  0.98574426],
        ...,
        [-0.99999667, -0.99835722, -0.98266904, ...,  0.        ,
         -0.0520363 , -0.01739154],
        [-0.99850752, -0.99998613, -0.99098361, ...,  0.0520363 ,
          0.        ,  0.03466045],
        [-0.99980052, -0.9992027 , -0.98574426, ...,  0.01739154,
         -0.03466045,  0.        ]]]), 'num': array([ 9.89056057e-01,  1.46668539e-01,  2.17671193e-05, -5.64207083e-08,
        1.48569227e-03,  1.55479424e-03,  1.47609478e-03,  1.54730819e-02,
       -9.02164558e-05,  1.57322143e-03,  1.43089057e-03,  1.22454442e-03,
        2.36999374e-06,  1.66590962e-03,  1.19587153e-03])}
