state_0,state_1,state_2,state_3,state_4,state_5,state_6,state_7,state_8,state_9,state_10,state_11,state_12,state_13,state_14,state_15,state_16,state_17,state_18,state_19,state_20,state_21,state_22,state_23,state_24,state_25,state_26,state_27,state_28,state_29,state_30,state_31,state_32,state_33,state_34,state_35,state_36,state_37,state_38,state_39,state_40,state_41,state_42,state_43,state_44,state_45,state_46,state_47,state_48,state_49,state_50,state_51,state_52,state_53,state_54,state_55,state_56,state_57,state_58,state_59,state_60,state_61,state_62,state_63,state_64,state_65,state_66,state_67,state_68,state_69,state_70,state_71,state_72,state_73,state_74,state_75,state_76,state_77,state_78,state_79,state_80,state_81,state_82,state_83,state_84,state_85,state_86,state_87,state_88,state_89,state_90,state_91,state_92,state_93,state_94,state_95,state_96,state_97,state_98,state_99,state_100,state_101,state_102,state_103,state_104,state_105,state_106,state_107,state_108,state_109,state_110,state_111,state_112,state_113,state_114,state_115,state_116,state_117,state_118,state_119,state_120,state_121,state_122,state_123,state_124,state_125,state_126,state_127,state_128,state_129,state_130,state_131,state_132,state_133,state_134,state_135,state_136,state_137,state_138,state_139,state_140,state_141,state_142,state_143,state_144,state_145,state_146,state_147,state_148,state_149,state_150,state_151,state_152,state_153,state_154,state_155,state_156,state_157,state_158,state_159,state_160,state_161,state_162,state_163,state_164,state_165,state_166,state_167,state_168,state_169,state_170,state_171,state_172,state_173,state_174,state_175,state_176,state_177,state_178,state_179,state_180,state_181,state_182,state_183,state_184,state_185,state_186,state_187,state_188,state_189,state_190,state_191,state_192,state_193,state_194,state_195,state_196,state_197,state_198,state_199,state_200,state_201,state_202,state_203,state_204,state_205,state_206,state_207,state_208,state_209,state_210,state_211,state_212,state_213,state_214,state_215,state_216,state_217,state_218,state_219,state_220,state_221,state_222,state_223,state_224,state_225,state_226,state_227,state_228,state_229,state_230,state_231,state_232,state_233,state_234,state_235,state_236,state_237,state_238,state_239,state_240,state_241,state_242,state_243,state_244,state_245,state_246,state_247,state_248,state_249,state_250,state_251,state_252,state_253,state_254,state_255,state_256,state_257,state_258,state_259,state_260,state_261,state_262,state_263,state_264,state_265,state_266,state_267,state_268,state_269,state_270,state_271,state_272,state_273,state_274,state_275,state_276,state_277,state_278,state_279,state_280,state_281,state_282,state_283,state_284,state_285,state_286,state_287
{'img': array([[[ 0.        , -0.05255744, -0.09513791, ..., -0.18181895,
         -0.70129728, -0.9675903 ],
        [ 0.05255744,  0.        , -0.04268738, ..., -0.12988625,
         -0.66286146, -0.95298092],
        [ 0.09513791,  0.04268738,  0.        , ..., -0.08744209,
         -0.63029541, -0.93917669],
        ...,
        [ 0.18181895,  0.12988625,  0.08744209, ...,  0.        ,
         -0.55999499, -0.90554865],
        [ 0.70129728,  0.66286146,  0.63029541, ...,  0.55999499,
          0.        , -0.5126698 ],
        [ 0.9675903 ,  0.95298092,  0.93917669, ...,  0.90554865,
          0.5126698 ,  0.        ]],

       [[ 0.        , -0.40411047, -0.1589889 , ...,  0.82157337,
          0.40411047,  0.82944213],
        [ 0.40411047,  0.        ,  0.25354157, ...,  0.98188604,
          0.        ,  0.98443231],
        [ 0.1589889 , -0.25354157,  0.        , ...,  0.90176328,
          0.25354157,  0.90770197],
        ...,
        [-0.82157337, -0.98188604, -0.90176328, ...,  0.        ,
          0.98188604,  0.01394243],
        [-0.40411047, -0.        , -0.25354157, ..., -0.98188604,
          0.        , -0.98443231],
        [-0.82944213, -0.98443231, -0.90770197, ..., -0.01394243,
          0.98443231,  0.        ]],

       [[ 0.        ,  0.03881178,  0.05563199, ...,  0.41904408,
         -0.03118755, -0.73118149],
        [-0.03881178,  0.        ,  0.01683839, ...,  0.38348857,
         -0.06995695, -0.75710731],
        [-0.05563199, -0.01683839,  0.        , ...,  0.36788318,
         -0.08674417, -0.76800034],
        ...,
        [-0.41904408, -0.38348857, -0.36788318, ...,  0.        ,
         -0.44715747, -0.9497526 ],
        [ 0.03118755,  0.06995695,  0.08674417, ...,  0.44715747,
          0.        , -0.70955019],
        [ 0.73118149,  0.75710731,  0.76800034, ...,  0.9497526 ,
          0.70955019,  0.        ]],

       ...,

       [[ 0.        , -0.02450775, -0.68138369, ...,  0.49537601,
          0.44398312,  0.31468388],
        [ 0.02450775,  0.        , -0.66324116, ...,  0.51651658,
          0.46580957,  0.33785204],
        [ 0.68138369,  0.66324116,  0.        , ...,  0.95448225,
          0.93550671,  0.87709248],
        ...,
        [-0.49537601, -0.51651658, -0.95448225, ...,  0.        ,
         -0.05819566, -0.19685001],
        [-0.44398312, -0.46580957, -0.93550671, ...,  0.05819566,
          0.        , -0.13945942],
        [-0.31468388, -0.33785204, -0.87709248, ...,  0.19685001,
          0.13945942,  0.        ]],

       [[ 0.        , -0.09179072, -0.16327844, ...,  0.80344404,
          0.75585769,  0.55410526],
        [ 0.09179072,  0.        , -0.07203024, ...,  0.85470254,
          0.81276539,  0.62817688],
        [ 0.16327844,  0.07203024,  0.        , ...,  0.8898746 ,
          0.85261837,  0.68258977],
        ...,
        [-0.80344404, -0.85470254, -0.8898746 , ...,  0.        ,
         -0.07602092, -0.33892091],
        [-0.75585769, -0.81276539, -0.85261837, ...,  0.07602092,
          0.        , -0.26641854],
        [-0.55410526, -0.62817688, -0.68258977, ...,  0.33892091,
          0.26641854,  0.        ]],

       [[ 0.        , -0.04847162, -0.11067336, ..., -0.57184456,
         -0.84324371, -0.99947024],
        [ 0.04847162,  0.        , -0.06236942, ..., -0.53140812,
         -0.81619751, -0.99987298],
        [ 0.11067336,  0.06236942,  0.        , ..., -0.47753941,
         -0.77857312, -0.9969323 ],
        ...,
        [ 0.57184456,  0.53140812,  0.47753941, ...,  0.        ,
         -0.38438067, -0.83853864],
        [ 0.84324371,  0.81619751,  0.77857312, ...,  0.38438067,
          0.        , -0.56469087],
        [ 0.99947024,  0.99987298,  0.9969323 , ...,  0.83853864,
          0.56469087,  0.        ]]]), 'num': array([7.07050733e-01, 7.07050733e-01, 0.00000000e+00, 0.00000000e+00,
       2.28819007e-05, 2.31107198e-05, 2.13945772e-05, 1.25903540e-02,
       7.62730025e-08, 2.40336231e-05, 2.58698956e-05, 2.70877212e-05,
       2.74017824e-07, 2.90164020e-05, 2.27233893e-05])}
{'img': array([[[ 0.        , -0.04268738,  0.22503074, ..., -0.66286146,
         -0.95298092, -0.87312581],
        [ 0.04268738,  0.        ,  0.26641814, ..., -0.63029541,
         -0.93917669, -0.85152006],
        [-0.22503074, -0.26641814,  0.        , ..., -0.81435015,
         -0.99672968, -0.96043293],
        ...,
        [ 0.66286146,  0.63029541,  0.81435015, ...,  0.        ,
         -0.5126698 , -0.33060442],
        [ 0.95298092,  0.93917669,  0.99672968, ...,  0.5126698 ,
          0.        ,  0.1999898 ],
        [ 0.87312581,  0.85152006,  0.96043293, ...,  0.33060442,
         -0.1999898 ,  0.        ]],

       [[ 0.        ,  0.25354157,  0.49214544, ...,  0.        ,
          0.98443231,  0.96405527],
        [-0.25354157,  0.        ,  0.2553531 , ...,  0.25354157,
          0.90770197,  0.86518782],
        [-0.49214544, -0.2553531 ,  0.        , ...,  0.49214544,
          0.77045959,  0.70845871],
        ...,
        [-0.        , -0.25354157, -0.49214544, ...,  0.        ,
         -0.98443231, -0.96405527],
        [-0.98443231, -0.90770197, -0.77045959, ...,  0.98443231,
          0.        , -0.09211909],
        [-0.96405527, -0.86518782, -0.70845871, ...,  0.96405527,
          0.09211909,  0.        ]],

       [[ 0.        ,  0.01261441,  0.05921919, ..., -0.05128749,
         -0.37970903, -0.89163732],
        [-0.01261441,  0.        ,  0.04662221, ..., -0.06388122,
         -0.39134848, -0.89727756],
        [-0.05921919, -0.04662221,  0.        , ..., -0.11033874,
         -0.43382667, -0.91688401],
        ...,
        [ 0.05128749,  0.06388122,  0.11033874, ...,  0.        ,
         -0.33176294, -0.86724344],
        [ 0.37970903,  0.39134848,  0.43382667, ...,  0.33176294,
          0.        , -0.65294561],
        [ 0.89163732,  0.89727756,  0.91688401, ...,  0.86724344,
          0.65294561,  0.        ]],

       ...,

       [[ 0.        , -0.66324116,  0.42303615, ...,  0.46580957,
          0.33785204,  0.36527111],
        [ 0.66324116,  0.        ,  0.917574  , ...,  0.93550671,
          0.87709248,  0.89078298],
        [-0.42303615, -0.917574  ,  0.        , ...,  0.04773768,
         -0.09202924, -0.06282802],
        ...,
        [-0.46580957, -0.93550671, -0.04773768, ...,  0.        ,
         -0.13945942, -0.11039976],
        [-0.33785204, -0.87709248,  0.09202924, ...,  0.13945942,
          0.        ,  0.02928603],
        [-0.36527111, -0.89078298,  0.06282802, ...,  0.11039976,
         -0.02928603,  0.        ]],

       [[ 0.        , -0.07203024, -0.13742334, ...,  0.81276539,
          0.62817688,  0.45376211],
        [ 0.07203024,  0.        , -0.06571953, ...,  0.85261837,
          0.68258977,  0.51677123],
        [ 0.13742334,  0.06571953,  0.        , ...,  0.88511582,
          0.72914205,  0.57191808],
        ...,
        [-0.81276539, -0.85261837, -0.88511582, ...,  0.        ,
         -0.26641854, -0.45991603],
        [-0.62817688, -0.68258977, -0.72914205, ...,  0.26641854,
          0.        , -0.20672384],
        [-0.45376211, -0.51677123, -0.57191808, ...,  0.45991603,
          0.20672384,  0.        ]],

       [[ 0.        , -0.05752354, -0.05463723, ..., -0.72854862,
         -0.87722042, -0.99804126],
        [ 0.05752354,  0.        ,  0.00289086, ..., -0.68793897,
         -0.84815152, -0.99998728],
        [ 0.05463723, -0.00289086,  0.        , ..., -0.69003419,
         -0.84967942, -0.99996851],
        ...,
        [ 0.72854862,  0.68793897,  0.69003419, ...,  0.        ,
         -0.25112347, -0.72922973],
        [ 0.87722042,  0.84815152,  0.84967942, ...,  0.25112347,
          0.        , -0.53402561],
        [ 0.99804126,  0.99998728,  0.99996851, ...,  0.72922973,
          0.53402561,  0.        ]]]), 'num': array([ 7.07052950e-01,  7.07052950e-01,  0.00000000e+00,  0.00000000e+00,
        2.15471908e-05,  2.36065683e-05,  2.15471908e-05,  1.23388138e-02,
       -1.33478173e-06,  2.31107922e-05,  2.55324676e-05,  2.70229739e-05,
        2.49107894e-07,  2.89971120e-05,  2.20678233e-05])}
{'img': array([[[ 0.        ,  0.22384773,  0.06970028, ..., -0.60000072,
         -0.58027153, -0.98845494],
        [-0.22384773,  0.        , -0.15537176, ..., -0.76385325,
         -0.7478534 , -0.99728835],
        [-0.06970028,  0.15537176,  0.        , ..., -0.65430169,
         -0.63562581, -0.99661164],
        ...,
        [ 0.60000072,  0.76385325,  0.65430169, ...,  0.        ,
          0.02443752, -0.69985421],
        [ 0.58027153,  0.7478534 ,  0.63562581, ..., -0.02443752,
          0.        , -0.71710058],
        [ 0.98845494,  0.99728835,  0.99661164, ...,  0.69985421,
          0.71710058,  0.        ]],

       [[ 0.        ,  0.28509592,  0.26628466, ...,  0.92686824,
          0.88799445,  0.87912877],
        [-0.28509592,  0.        , -0.01956879, ...,  0.78138102,
          0.72003923,  0.70677179],
        [-0.26628466,  0.01956879,  0.        , ...,  0.79344338,
          0.73348079,  0.72048024],
        ...,
        [-0.92686824, -0.78138102, -0.79344338, ...,  0.        ,
         -0.09288281, -0.1117175 ],
        [-0.88799445, -0.72003923, -0.73348079, ...,  0.09288281,
          0.        , -0.01893319],
        [-0.87912877, -0.70677179, -0.72048024, ...,  0.1117175 ,
          0.01893319,  0.        ]],

       [[ 0.        ,  0.03698956,  0.03207629, ..., -0.28743795,
         -0.52595435, -0.97287646],
        [-0.03698956,  0.        , -0.00491619, ..., -0.32266982,
         -0.55705451, -0.98076729],
        [-0.03207629,  0.00491619,  0.        , ..., -0.31801269,
         -0.552965  , -0.9797959 ],
        ...,
        [ 0.28743795,  0.32266982,  0.31801269, ...,  0.        ,
         -0.25928903, -0.86532868],
        [ 0.52595435,  0.55705451,  0.552965  , ...,  0.25928903,
          0.        , -0.70577733],
        [ 0.97287646,  0.98076729,  0.9797959 , ...,  0.86532868,
          0.70577733,  0.        ]],

       ...,

       [[ 0.        ,  0.917574  ,  0.85196026, ...,  0.87709248,
          0.89078298,  0.83413135],
        [-0.917574  ,  0.        , -0.14173804, ..., -0.09202924,
         -0.06282802, -0.17448102],
        [-0.85196026,  0.14173804,  0.        , ...,  0.05003642,
          0.0792643 , -0.03315563],
        ...,
        [-0.87709248,  0.09202924, -0.05003642, ...,  0.        ,
          0.02928603, -0.08312301],
        [-0.89078298,  0.06282802, -0.0792643 , ..., -0.02928603,
          0.        , -0.11227203],
        [-0.83413135,  0.17448102,  0.03315563, ...,  0.08312301,
          0.11227203,  0.        ]],

       [[ 0.        , -0.06571953, -0.13575916, ...,  0.68258977,
          0.51677123,  0.50772081],
        [ 0.06571953,  0.        , -0.07035459, ...,  0.72914205,
          0.57191808,  0.56324198],
        [ 0.13575916,  0.07035459,  0.        , ...,  0.7754833 ,
          0.62821351,  0.61997972],
        ...,
        [-0.68258977, -0.72914205, -0.7754833 , ...,  0.        ,
         -0.20672384, -0.21702262],
        [-0.51677123, -0.57191808, -0.62821351, ...,  0.20672384,
          0.        , -0.01053789],
        [-0.50772081, -0.56324198, -0.61997972, ...,  0.21702262,
          0.01053789,  0.        ]],

       [[ 0.        ,  0.00247358, -0.02156814, ..., -0.68386036,
         -0.79595486, -0.98715835],
        [-0.00247358,  0.        , -0.02404108, ..., -0.68566303,
         -0.79744982, -0.98676019],
        [ 0.02156814,  0.02404108,  0.        , ..., -0.66796489,
         -0.78271331, -0.99037411],
        ...,
        [ 0.68386036,  0.68566303,  0.66796489, ...,  0.        ,
         -0.16675999, -0.82948661],
        [ 0.79595486,  0.79744982,  0.78271331, ...,  0.16675999,
          0.        , -0.72473185],
        [ 0.98715835,  0.98676019,  0.99037411, ...,  0.82948661,
          0.72473185,  0.        ]]]), 'num': array([ 7.06766866e-01,  7.06766866e-01,  0.00000000e+00,  0.00000000e+00,
        1.77263534e-05,  2.20340479e-05,  1.71545356e-05,  3.10030491e-02,
       -3.81211902e-06,  2.16528360e-05,  2.50265614e-05,  2.68862401e-05,
        1.94618708e-07,  2.97458046e-05,  2.03073181e-05])}
{'img': array([[[ 0.        , -0.11381178, -0.1507069 , ..., -0.51981302,
         -0.69483409, -0.93544423],
        [ 0.11381178,  0.        , -0.03721578, ..., -0.41920832,
         -0.60846927, -0.96959556],
        [ 0.1507069 ,  0.03721578,  0.        , ..., -0.38513008,
         -0.57851415, -0.97803106],
        ...,
        [ 0.51981302,  0.41920832,  0.38513008, ...,  0.        ,
         -0.21974894, -0.98287191],
        [ 0.69483409,  0.60846927,  0.57851415, ...,  0.21974894,
          0.        , -0.9183495 ],
        [ 0.93544423,  0.96959556,  0.97803106, ...,  0.98287191,
          0.9183495 ,  0.        ]],

       [[ 0.        , -0.01928385, -0.46415582, ...,  0.71037763,
          0.69721259,  0.46415582],
        [ 0.01928385,  0.        , -0.44698877, ...,  0.7238179 ,
          0.71090685,  0.44698877],
        [ 0.46415582,  0.44698877,  0.        , ...,  0.955902  ,
          0.95029533,  0.        ],
        ...,
        [-0.71037763, -0.7238179 , -0.955902  , ...,  0.        ,
         -0.01853177,  0.955902  ],
        [-0.69721259, -0.71090685, -0.95029533, ...,  0.01853177,
          0.        ,  0.95029533],
        [-0.46415582, -0.44698877, -0.        , ..., -0.955902  ,
         -0.95029533,  0.        ]],

       [[ 0.        , -0.00392284, -0.01764943, ..., -0.41532402,
         -0.6485894 , -0.99962315],
        [ 0.00392284,  0.        , -0.01372707, ..., -0.41175233,
         -0.64559859, -0.99972315],
        [ 0.01764943,  0.01372707,  0.        , ..., -0.39920411,
         -0.63505471, -0.99995194],
        ...,
        [ 0.41532402,  0.41175233,  0.39920411, ...,  0.        ,
         -0.27388552, -0.92073179],
        [ 0.6485894 ,  0.64559859,  0.63505471, ...,  0.27388552,
          0.        , -0.77865606],
        [ 0.99962315,  0.99972315,  0.99995194, ...,  0.92073179,
          0.77865606,  0.        ]],

       ...,

       [[ 0.        , -0.14921369, -0.06692652, ..., -0.06592763,
         -0.18395106, -0.47608581],
        [ 0.14921369,  0.        ,  0.08270186, ...,  0.08369949,
         -0.03522431, -0.33953767],
        [ 0.06692652, -0.08270186,  0.        , ...,  0.0010011 ,
         -0.11775418, -0.41616327],
        ...,
        [ 0.06592763, -0.08369949, -0.0010011 , ...,  0.        ,
         -0.11874826, -0.41707336],
        [ 0.18395106,  0.03522431,  0.11775418, ...,  0.11874826,
          0.        , -0.30619524],
        [ 0.47608581,  0.33953767,  0.41616327, ...,  0.41707336,
          0.30619524,  0.        ]],

       [[ 0.        , -0.07035459, -0.22455333, ...,  0.57191808,
          0.56324198,  0.85335174],
        [ 0.07035459,  0.        , -0.15543904, ...,  0.62821351,
          0.61997972,  0.88791553],
        [ 0.22455333,  0.15543904,  0.        , ...,  0.74151583,
          0.73440441,  0.94862632],
        ...,
        [-0.57191808, -0.62821351, -0.74151583, ...,  0.        ,
         -0.01053789,  0.40185235],
        [-0.56324198, -0.61997972, -0.73440441, ...,  0.01053789,
          0.        ,  0.41147963],
        [-0.85335174, -0.88791553, -0.94862632, ..., -0.40185235,
         -0.41147963,  0.        ]],

       [[ 0.        , -0.01831843, -0.02399605, ..., -0.57681886,
         -0.7486476 , -0.9129205 ],
        [ 0.01831843,  0.        , -0.00567887, ..., -0.56175825,
         -0.73637744, -0.92024375],
        [ 0.02399605,  0.00567887,  0.        , ..., -0.55705106,
         -0.73252341, -0.92245131],
        ...,
        [ 0.57681886,  0.56175825,  0.55705106, ...,  0.        ,
         -0.22913679, -0.98116064],
        [ 0.7486476 ,  0.73637744,  0.73252341, ...,  0.22913679,
          0.        , -0.91078833],
        [ 0.9129205 ,  0.92024375,  0.92245131, ...,  0.98116064,
          0.91078833,  0.        ]]]), 'num': array([7.06804144e-01, 7.06804144e-01, 0.00000000e+00, 0.00000000e+00,
       1.84897524e-05, 1.90616004e-05, 1.71173172e-05, 2.92540593e-02,
       7.62464017e-07, 2.06856488e-05, 2.46180570e-05, 2.67580393e-05,
       2.04899891e-07, 3.00587533e-05, 1.91773606e-05])}
{'img': array([[[ 0.        , -0.03721578, -0.03103725, ..., -0.60846927,
         -0.96959556, -0.96903884],
        [ 0.03721578,  0.        ,  0.00618209, ..., -0.57851415,
         -0.97803106, -0.95917865],
        [ 0.03103725, -0.00618209,  0.        , ..., -0.58354566,
         -0.97672366, -0.96090863],
        ...,
        [ 0.60846927,  0.57851415,  0.58354566, ...,  0.        ,
         -0.9183495 , -0.61877122],
        [ 0.96959556,  0.97803106,  0.97672366, ...,  0.9183495 ,
          0.        ,  0.47653762],
        [ 0.96903884,  0.95917865,  0.96090863, ...,  0.61877122,
         -0.47653762,  0.        ]],

       [[ 0.        , -0.44698877, -0.25809738, ...,  0.71090685,
          0.44698877,  0.8217789 ],
        [ 0.44698877,  0.        ,  0.20096599, ...,  0.95029533,
          0.        ,  0.48041664],
        [ 0.25809738, -0.20096599,  0.        , ...,  0.86833687,
          0.20096599,  0.64687058],
        ...,
        [-0.71090685, -0.95029533, -0.86833687, ...,  0.        ,
          0.95029533,  0.98302508],
        [-0.44698877, -0.        , -0.20096599, ..., -0.95029533,
          0.        , -0.48041664],
        [-0.8217789 , -0.48041664, -0.64687058, ..., -0.98302508,
          0.48041664,  0.        ]],

       [[ 0.        , -0.01230287, -0.01405878, ..., -0.56110777,
         -0.85439606, -0.99129656],
        [ 0.01230287,  0.        , -0.00175607, ..., -0.55088169,
         -0.84793855, -0.99284118],
        [ 0.01405878,  0.00175607,  0.        , ..., -0.54941526,
         -0.84700636, -0.99304939],
        ...,
        [ 0.56110777,  0.55088169,  0.54941526, ...,  0.        ,
         -0.41565602, -0.89440713],
        [ 0.85439606,  0.84793855,  0.84700636, ...,  0.41565602,
          0.        , -0.62757918],
        [ 0.99129656,  0.99284118,  0.99304939, ...,  0.89440713,
          0.62757918,  0.        ]],

       ...,

       [[ 0.        ,  0.08270186,  0.27518064, ..., -0.03522431,
         -0.33953767, -0.27549558],
        [-0.08270186,  0.        ,  0.19472902, ..., -0.11775418,
         -0.41616327, -0.35405331],
        [-0.27518064, -0.19472902,  0.        , ..., -0.30887427,
         -0.58526182, -0.52939119],
        ...,
        [ 0.03522431,  0.11775418,  0.30887427, ...,  0.        ,
         -0.30619524, -0.2414634 ],
        [ 0.33953767,  0.41616327,  0.58526182, ...,  0.30619524,
          0.        ,  0.06726929],
        [ 0.27549558,  0.35405331,  0.52939119, ...,  0.2414634 ,
         -0.06726929,  0.        ]],

       [[ 0.        , -0.15543904, -0.31400993, ...,  0.61997972,
          0.88791553,  0.95960297],
        [ 0.15543904,  0.        , -0.1626164 , ...,  0.73440441,
          0.94862632,  0.99167343],
        [ 0.31400993,  0.1626164 ,  0.        , ...,  0.83499875,
          0.98745111,  0.99941507],
        ...,
        [-0.61997972, -0.73440441, -0.83499875, ...,  0.        ,
          0.41147963,  0.57848554],
        [-0.88791553, -0.94862632, -0.98745111, ..., -0.41147963,
          0.        ,  0.19160178],
        [-0.95960297, -0.99167343, -0.99941507, ..., -0.57848554,
         -0.19160178,  0.        ]],

       [[ 0.        , -0.00503328, -0.00875369, ..., -0.64348036,
         -0.95200655, -0.87265782],
        [ 0.00503328,  0.        , -0.00372049, ..., -0.63961942,
         -0.95045392, -0.87510468],
        [ 0.00875369,  0.00372049,  0.        , ..., -0.63675509,
         -0.94929077, -0.87689909],
        ...,
        [ 0.64348036,  0.63961942,  0.63675509, ...,  0.        ,
         -0.53177047, -0.98221912],
        [ 0.95200655,  0.95045392,  0.94929077, ...,  0.53177047,
          0.        , -0.7319965 ],
        [ 0.87265782,  0.87510468,  0.87689909, ...,  0.98221912,
          0.7319965 ,  0.        ]]]), 'num': array([ 7.06984487e-01,  7.06984487e-01,  0.00000000e+00,  0.00000000e+00,
        1.67022225e-05,  1.74267481e-05,  1.61683615e-05,  1.85974748e-02,
       -1.79224762e-06,  1.94706731e-05,  2.41839030e-05,  2.66167838e-05,
        1.59115815e-07,  3.06053613e-05,  1.77624447e-05])}
{'img': array([[[ 0.        ,  0.00580367,  0.11192969, ..., -0.95968389,
         -0.89154119, -0.96337538],
        [-0.00580367,  0.        ,  0.10616061, ..., -0.96129903,
         -0.89415489, -0.96180287],
        [-0.11192969, -0.10616061,  0.        , ..., -0.98511473,
         -0.93663625, -0.92730699],
        ...,
        [ 0.95968389,  0.96129903,  0.98511473, ...,  0.        ,
          0.18408308, -0.52813244],
        [ 0.89154119,  0.89415489,  0.93663625, ..., -0.18408308,
          0.        , -0.67542338],
        [ 0.96337538,  0.96180287,  0.92730699, ...,  0.52813244,
          0.67542338,  0.        ]],

       [[ 0.        ,  0.20096599,  0.48705284, ...,  0.        ,
          0.48041664,  0.99174642],
        [-0.20096599,  0.        ,  0.30159792, ...,  0.20096599,
          0.64687058,  0.99727984],
        [-0.48705284, -0.30159792,  0.        , ...,  0.48705284,
          0.8467477 ,  0.92861145],
        ...,
        [-0.        , -0.20096599, -0.48705284, ...,  0.        ,
         -0.48041664, -0.99174642],
        [-0.48041664, -0.64687058, -0.8467477 , ...,  0.48041664,
          0.        , -0.80820513],
        [-0.99174642, -0.99727984, -0.92861145, ...,  0.99174642,
          0.80820513,  0.        ]],

       [[ 0.        , -0.00157104,  0.03154269, ..., -0.7342926 ,
         -0.88437135, -0.97383927],
        [ 0.00157104,  0.        ,  0.03311291, ..., -0.73322522,
         -0.88363692, -0.97419506],
        [-0.03154269, -0.03311291,  0.        , ..., -0.75533944,
         -0.89865491, -0.96618699],
        ...,
        [ 0.7342926 ,  0.73322522,  0.75533944, ...,  0.        ,
         -0.2575845 , -0.82793347],
        [ 0.88437135,  0.88363692,  0.89865491, ...,  0.2575845 ,
          0.        , -0.65553534],
        [ 0.97383927,  0.97419506,  0.96618699, ...,  0.82793347,
          0.65553534,  0.        ]],

       ...,

       [[ 0.        ,  0.19472902,  0.4841152 , ..., -0.41616327,
         -0.35405331, -0.68060212],
        [-0.19472902,  0.        ,  0.3044591 , ..., -0.58526182,
         -0.52939119, -0.81024225],
        [-0.4841152 , -0.3044591 ,  0.        , ..., -0.8043457 ,
         -0.76255492, -0.95021833],
        ...,
        [ 0.41616327,  0.58526182,  0.8043457 , ...,  0.        ,
          0.06726929, -0.31396128],
        [ 0.35405331,  0.52939119,  0.76255492, ..., -0.06726929,
          0.        , -0.37711798],
        [ 0.68060212,  0.81024225,  0.95021833, ...,  0.31396128,
          0.37711798,  0.        ]],

       [[ 0.        , -0.1626164 , -0.35417939, ...,  0.94862632,
          0.99167343,  0.95627269],
        [ 0.1626164 ,  0.        , -0.19738984, ...,  0.98745111,
          0.99941507,  0.89598261],
        [ 0.35417939,  0.19738984,  0.        , ...,  0.99919587,
          0.97300125,  0.79069554],
        ...,
        [-0.94862632, -0.98745111, -0.99919587, ...,  0.        ,
          0.19160178,  0.58001435],
        [-0.99167343, -0.99941507, -0.97300125, ..., -0.19160178,
          0.        ,  0.41318826],
        [-0.95627269, -0.89598261, -0.79069554, ..., -0.58001435,
         -0.41318826,  0.        ]],

       [[ 0.        , -0.00330163,  0.01127796, ..., -0.8516693 ,
         -0.9726071 , -0.82168805],
        [ 0.00330163,  0.        ,  0.01457932, ..., -0.84993434,
         -0.97183432, -0.82356529],
        [-0.01127796, -0.01457932,  0.        , ..., -0.85752568,
         -0.97516687, -0.81520806],
        ...,
        [ 0.8516693 ,  0.84993434,  0.85752568, ...,  0.        ,
         -0.31174855, -0.91602819],
        [ 0.9726071 ,  0.97183432,  0.97516687, ...,  0.31174855,
          0.        , -0.74533093],
        [ 0.82168805,  0.82356529,  0.81520806, ...,  0.91602819,
          0.74533093,  0.        ]]]), 'num': array([ 8.03882714e-01,  5.94602585e-01,  8.94359528e-05, -2.99886783e-11,
        1.99542458e-05,  2.01247949e-05,  1.88456766e-05,  1.48437076e-02,
        1.27911832e-06,  2.06449697e-05,  2.65907380e-05,  2.96208271e-05,
        1.87483063e-07,  3.43403267e-05,  1.88411492e-05])}
{'img': array([[[ 0.        ,  0.10616061,  0.26581115, ..., -0.89415489,
         -0.96180287, -0.95230755],
        [-0.10616061,  0.        ,  0.16196755, ..., -0.93663625,
         -0.92730699, -0.97931989],
        [-0.26581115, -0.16196755,  0.        , ..., -0.98100679,
         -0.85443818, -0.99915798],
        ...,
        [ 0.89415489,  0.93663625,  0.98100679, ...,  0.        ,
         -0.67542338, -0.15356084],
        [ 0.96180287,  0.92730699,  0.85443818, ...,  0.67542338,
          0.        ,  0.55417192],
        [ 0.95230755,  0.97931989,  0.99915798, ...,  0.15356084,
         -0.55417192,  0.        ]],

       [[ 0.        ,  0.45069199,  0.93397708, ...,  0.48272286,
          0.99286664,  0.96605845],
        [-0.45069199,  0.        ,  0.67269513, ...,  0.82562076,
          0.94004781,  0.74595622],
        [-0.93397708, -0.67269513,  0.        , ...,  0.99044483,
          0.4661422 ,  0.10393617],
        ...,
        [-0.48272286, -0.82562076, -0.99044483, ...,  0.        ,
         -0.81197083, -0.97074677],
        [-0.99286664, -0.94004781, -0.4661422 , ...,  0.81197083,
          0.        , -0.37166421],
        [-0.96605845, -0.74595622, -0.10393617, ...,  0.97074677,
          0.37166421,  0.        ]],

       [[ 0.        ,  0.03071007,  0.06171941, ..., -0.80607803,
         -0.95106397, -0.95496022],
        [-0.03071007,  0.        ,  0.03103878, ..., -0.82387233,
         -0.96010461, -0.94539708],
        [-0.06171941, -0.03103878,  0.        , ..., -0.84106739,
         -0.96832173, -0.93482539],
        ...,
        [ 0.80607803,  0.82387233,  0.84106739, ...,  0.        ,
         -0.31377515, -0.80434494],
        [ 0.95106397,  0.96010461,  0.96832173, ...,  0.31377515,
          0.        , -0.5772899 ],
        [ 0.95496022,  0.94539708,  0.93482539, ...,  0.80434494,
          0.5772899 ,  0.        ]],

       ...,

       [[ 0.        ,  0.3044591 ,  0.6869126 , ..., -0.52939119,
         -0.81024225, -0.74841197],
        [-0.3044591 ,  0.        ,  0.4330391 , ..., -0.76255492,
         -0.95021833, -0.91480909],
        [-0.6869126 , -0.4330391 ,  0.        , ..., -0.96749121,
         -0.99143161, -0.99948483],
        ...,
        [ 0.52939119,  0.76255492,  0.96749121, ...,  0.        ,
         -0.37711798, -0.28382583],
        [ 0.81024225,  0.95021833,  0.99143161, ...,  0.37711798,
          0.        ,  0.09873972],
        [ 0.74841197,  0.91480909,  0.99948483, ...,  0.28382583,
         -0.09873972,  0.        ]],

       [[ 0.        , -0.19738984, -0.52932634, ...,  0.99941507,
          0.89598261,  0.83439489],
        [ 0.19738984,  0.        , -0.35144274, ...,  0.97300125,
          0.79069554,  0.70918345],
        [ 0.52932634,  0.35144274,  0.        , ...,  0.82981996,
          0.52509997,  0.41616864],
        ...,
        [-0.99941507, -0.97300125, -0.82981996, ...,  0.        ,
          0.41318826,  0.52230979],
        [-0.89598261, -0.79069554, -0.52509997, ..., -0.41318826,
          0.        ,  0.12329043],
        [-0.83439489, -0.70918345, -0.41616864, ..., -0.52230979,
         -0.12329043,  0.        ]],

       [[ 0.        ,  0.01367856,  0.03316552, ..., -0.9264686 ,
         -0.99974575, -0.79312502],
        [-0.01367856,  0.        ,  0.01949139, ..., -0.93153015,
         -0.99934378, -0.78471978],
        [-0.03316552, -0.01949139,  0.        , ..., -0.9384415 ,
         -0.99844792, -0.77248895],
        ...,
        [ 0.9264686 ,  0.93153015,  0.9384415 , ...,  0.        ,
         -0.39716703, -0.86278401],
        [ 0.99974575,  0.99934378,  0.99844792, ...,  0.39716703,
          0.        , -0.59102006],
        [ 0.79312502,  0.78471978,  0.77248895, ...,  0.86278401,
          0.59102006,  0.        ]]]), 'num': array([9.97861041e-01, 6.01368471e-02, 3.60663152e-04, 1.61504402e-08,
       2.49374836e-05, 2.59445742e-05, 2.37865228e-05, 2.56274366e-02,
       2.49374836e-06, 2.27890234e-05, 2.95341332e-05, 3.31996235e-05,
       2.29838558e-07, 3.84278074e-05, 2.06404589e-05])}
{'img': array([[[ 0.        ,  0.16196755,  0.4384947 , ..., -0.92730699,
         -0.97931989, -0.81708649],
        [-0.16196755,  0.        ,  0.28713914, ..., -0.85443818,
         -0.99915798, -0.89967449],
        [-0.4384947 , -0.28713914,  0.        , ..., -0.66927281,
         -0.96886321, -0.98714204],
        ...,
        [ 0.92730699,  0.85443818,  0.66927281, ...,  0.        ,
          0.55417192,  0.84044333],
        [ 0.97931989,  0.99915798,  0.96886321, ..., -0.55417192,
          0.        ,  0.39928145],
        [ 0.81708649,  0.89967449,  0.98714204, ..., -0.84044333,
         -0.39928145,  0.        ]],

       [[ 0.        ,  0.68789381,  0.78154127, ...,  0.94822887,
          0.76031829,  0.98127005],
        [-0.68789381,  0.        ,  0.13810652, ...,  0.46976858,
          0.10502573,  0.579703  ],
        [-0.78154127, -0.13810652,  0.        , ...,  0.34334797,
         -0.03332341,  0.46161489],
        ...,
        [-0.94822887, -0.46976858, -0.34334797, ...,  0.        ,
         -0.3744549 ,  0.12897526],
        [-0.76031829, -0.10502573,  0.03332341, ...,  0.3744549 ,
          0.        ,  0.49091907],
        [-0.98127005, -0.579703  , -0.46161489, ..., -0.12897526,
         -0.49091907,  0.        ]],

       [[ 0.        ,  0.0303393 ,  0.14771371, ..., -0.93883963,
         -0.9999934 , -0.93810124],
        [-0.0303393 ,  0.        ,  0.11763923, ..., -0.94885492,
         -0.99942287, -0.92716103],
        [-0.14771371, -0.11763923,  0.        , ..., -0.97940662,
         -0.98848711, -0.87664812],
        ...,
        [ 0.93883963,  0.94885492,  0.97940662, ...,  0.        ,
         -0.34776246, -0.64821716],
        [ 0.9999934 ,  0.99942287,  0.98848711, ...,  0.34776246,
          0.        , -0.34295153],
        [ 0.93810124,  0.92716103,  0.87664812, ...,  0.64821716,
          0.34295153,  0.        ]],

       ...,

       [[ 0.        ,  0.4330391 ,  0.69951393, ..., -0.95021833,
         -0.91480909, -0.85297402],
        [-0.4330391 ,  0.        ,  0.32106651, ..., -0.99143161,
         -0.99948483, -0.99487579],
        [-0.69951393, -0.32106651,  0.        , ..., -0.89700199,
         -0.93626418, -0.97466506],
        ...,
        [ 0.95021833,  0.99143161,  0.89700199, ...,  0.        ,
          0.09873972,  0.23019586],
        [ 0.91480909,  0.99948483,  0.93626418, ..., -0.09873972,
          0.        ,  0.13298297],
        [ 0.85297402,  0.99487579,  0.97466506, ..., -0.23019586,
         -0.13298297,  0.        ]],

       [[ 0.        , -0.35144274,  0.32265595, ...,  0.79069554,
          0.70918345,  0.81983039],
        [ 0.35144274,  0.        ,  0.63471981, ...,  0.52509997,
          0.41616864,  0.56629453],
        [-0.32265595, -0.63471981,  0.        , ...,  0.94593929,
          0.8987339 ,  0.96073772],
        ...,
        [-0.79069554, -0.52509997, -0.94593929, ...,  0.        ,
          0.12329043, -0.04915066],
        [-0.70918345, -0.41616864, -0.8987339 , ..., -0.12329043,
          0.        , -0.17191709],
        [-0.81983039, -0.56629453, -0.96073772, ...,  0.04915066,
          0.17191709,  0.        ]],

       [[ 0.        ,  0.01895753, -0.05568742, ..., -0.99772592,
         -0.96494334, -0.77108225],
        [-0.01895753,  0.        , -0.07460553, ..., -0.99882439,
         -0.95979437, -0.75887275],
        [ 0.05568742,  0.07460553,  0.        , ..., -0.99242427,
         -0.97806162, -0.80534389],
        ...,
        [ 0.99772592,  0.99882439,  0.99242427, ...,  0.        ,
         -0.32690028, -0.68725984],
        [ 0.96494334,  0.95979437,  0.97806162, ...,  0.32690028,
          0.        , -0.41203681],
        [ 0.77108225,  0.75887275,  0.80534389, ...,  0.68725984,
          0.41203681,  0.        ]]]), 'num': array([9.98415109e-01, 5.37574578e-02, 3.55134469e-04, 1.14866765e-07,
       2.49823523e-05, 2.60154571e-05, 2.35735731e-05, 1.66515549e-02,
       5.63511707e-07, 2.29443183e-05, 2.86005671e-05, 3.23901833e-05,
       2.51026720e-07, 3.73946039e-05, 1.98065303e-05])}
{'img': array([[[ 0.        ,  0.28713914,  0.3278276 , ..., -0.99915798,
         -0.89967449, -0.86297729],
        [-0.28713914,  0.        ,  0.04275128, ..., -0.96886321,
         -0.98714204, -0.97171131],
        [-0.3278276 , -0.04275128,  0.        , ..., -0.95739235,
         -0.99307314, -0.98091957],
        ...,
        [ 0.99915798,  0.96886321,  0.95739235, ...,  0.        ,
          0.39928145,  0.46941062],
        [ 0.89967449,  0.98714204,  0.99307314, ..., -0.39928145,
          0.        ,  0.07781145],
        [ 0.86297729,  0.97171131,  0.98091957, ..., -0.46941062,
         -0.07781145,  0.        ]],

       [[ 0.        ,  0.13810652,  0.005483  , ...,  0.10502573,
          0.579703  ,  0.12311799],
        [-0.13810652,  0.        , -0.13267398, ..., -0.03332341,
          0.46161489, -0.01511761],
        [-0.005483  ,  0.13267398,  0.        , ...,  0.09957148,
          0.57522659,  0.11767486],
        ...,
        [-0.10502573,  0.03332341, -0.09957148, ...,  0.        ,
          0.49091907,  0.01821039],
        [-0.579703  , -0.46161489, -0.57522659, ..., -0.49091907,
          0.        , -0.47497267],
        [-0.12311799,  0.01511761, -0.11767486, ..., -0.01821039,
          0.47497267,  0.        ]],

       [[ 0.        ,  0.11763923,  0.25949916, ..., -0.99942287,
         -0.92716103, -0.99902363],
        [-0.11763923,  0.        ,  0.144088  , ..., -0.98848711,
         -0.87664812, -0.997284  ],
        [-0.25949916, -0.144088  ,  0.        , ..., -0.95637088,
         -0.79817483, -0.97626484],
        ...,
        [ 0.99942287,  0.98848711,  0.95637088, ...,  0.        ,
         -0.34295153,  0.07809005],
        [ 0.92716103,  0.87664812,  0.79817483, ...,  0.34295153,
          0.        ,  0.4152584 ],
        [ 0.99902363,  0.997284  ,  0.97626484, ..., -0.07809005,
         -0.4152584 ,  0.        ]],

       ...,

       [[ 0.        ,  0.32106651,  0.50672605, ..., -0.99948483,
         -0.99487579, -0.96923514],
        [-0.32106651,  0.        ,  0.20310455, ..., -0.93626418,
         -0.97466506, -0.99694682],
        [-0.50672605, -0.20310455,  0.        , ..., -0.84539972,
         -0.9089219 , -0.96030838],
        ...,
        [ 0.99948483,  0.93626418,  0.84539972, ...,  0.        ,
          0.13298297,  0.27711728],
        [ 0.99487579,  0.97466506,  0.9089219 , ..., -0.13298297,
          0.        ,  0.14688118],
        [ 0.96923514,  0.99694682,  0.96030838, ..., -0.27711728,
         -0.14688118,  0.        ]],

       [[ 0.        ,  0.63471981,  0.84366697, ...,  0.41616864,
          0.56629453,  0.6930416 ],
        [-0.63471981,  0.        ,  0.31117716, ...,  0.8987339 ,
          0.96073772,  0.99311059],
        [-0.84366697, -0.31117716,  0.        , ...,  0.99056294,
          0.99937758,  0.98026857],
        ...,
        [-0.41616864, -0.8987339 , -0.99056294, ...,  0.        ,
         -0.17191709, -0.33015906],
        [-0.56629453, -0.96073772, -0.99937758, ...,  0.17191709,
          0.        , -0.16296656],
        [-0.6930416 , -0.99311059, -0.98026857, ...,  0.33015906,
          0.16296656,  0.        ]],

       [[ 0.        , -0.07312256, -0.13771816, ..., -0.98583289,
         -0.93477874, -0.7490829 ],
        [ 0.07312256,  0.        , -0.06492367, ..., -0.99545866,
         -0.95825166, -0.79551953],
        [ 0.13771816,  0.06492367,  0.        , ..., -0.99953887,
         -0.97479335, -0.83318024],
        ...,
        [ 0.98583289,  0.99545866,  0.99953887, ...,  0.        ,
         -0.19340706, -0.52744689],
        [ 0.93477874,  0.95825166,  0.97479335, ...,  0.19340706,
          0.        , -0.35317164],
        [ 0.7490829 ,  0.79551953,  0.83318024, ...,  0.52744689,
          0.35317164,  0.        ]]]), 'num': array([9.99452458e-01, 2.83495949e-02, 3.64391308e-04, 1.37741052e-07,
       2.50097307e-05, 2.67458659e-05, 2.45874276e-05, 1.70571431e-02,
       4.69225717e-08, 2.33768252e-05, 2.83013491e-05, 3.22264223e-05,
       2.80815391e-07, 3.71714914e-05, 1.94312069e-05])}
{'img': array([[[ 0.        ,  0.04275128,  0.15538826, ..., -0.98714204,
         -0.97171131, -0.97019515],
        [-0.04275128,  0.        ,  0.1130142 , ..., -0.99307314,
         -0.98091957, -0.97966784],
        [-0.15538826, -0.1130142 ,  0.        , ..., -0.99998981,
         -0.99660672, -0.9960651 ],
        ...,
        [ 0.98714204,  0.99307314,  0.99998981, ...,  0.        ,
          0.07781145,  0.0841278 ],
        [ 0.97171131,  0.98091957,  0.99660672, ..., -0.07781145,
          0.        ,  0.00633712],
        [ 0.97019515,  0.97966784,  0.9960651 , ..., -0.0841278 ,
