state_0,state_1,state_2,state_3,state_4,state_5,state_6,state_7,state_8,state_9,state_10,state_11,state_12,state_13,state_14,state_15,state_16,state_17,state_18,state_19,state_20,state_21,state_22,state_23,state_24,state_25,state_26,state_27,state_28,state_29,state_30,state_31,state_32,state_33,state_34,state_35,state_36,state_37,state_38,state_39,state_40,state_41,state_42,state_43,state_44,state_45,state_46,state_47,state_48,state_49,state_50,state_51,state_52,state_53,state_54,state_55,state_56,state_57,state_58,state_59,state_60,state_61,state_62,state_63,state_64,state_65,state_66,state_67,state_68,state_69,state_70,state_71,state_72,state_73,state_74,state_75,state_76,state_77,state_78,state_79,state_80,state_81,state_82,state_83,state_84,state_85,state_86,state_87,state_88,state_89,state_90,state_91,state_92,state_93,state_94,state_95,state_96,state_97,state_98,state_99,state_100,state_101,state_102,state_103,state_104,state_105,state_106,state_107,state_108,state_109,state_110,state_111,state_112,state_113,state_114,state_115,state_116,state_117,state_118,state_119,state_120,state_121,state_122,state_123,state_124,state_125,state_126,state_127,state_128,state_129,state_130,state_131,state_132,state_133,state_134,state_135,state_136,state_137,state_138,state_139,state_140,state_141,state_142,state_143,state_144,state_145,state_146,state_147,state_148,state_149,state_150,state_151,state_152,state_153,state_154,state_155,state_156,state_157,state_158,state_159,state_160,state_161,state_162,state_163,state_164,state_165,state_166,state_167,state_168,state_169,state_170,state_171,state_172,state_173,state_174,state_175,state_176,state_177,state_178,state_179,state_180,state_181,state_182,state_183,state_184,state_185,state_186,state_187,state_188,state_189,state_190,state_191,state_192,state_193,state_194,state_195,state_196,state_197,state_198,state_199,state_200,state_201,state_202,state_203,state_204,state_205,state_206,state_207,state_208,state_209,state_210,state_211,state_212,state_213,state_214,state_215,state_216,state_217,state_218,state_219,state_220,state_221,state_222,state_223,state_224,state_225,state_226,state_227,state_228,state_229,state_230,state_231,state_232,state_233,state_234,state_235,state_236,state_237,state_238,state_239,state_240,state_241,state_242,state_243,state_244,state_245,state_246,state_247,state_248,state_249,state_250,state_251,state_252,state_253,state_254,state_255,state_256,state_257,state_258,state_259,state_260,state_261,state_262,state_263,state_264,state_265,state_266,state_267,state_268,state_269,state_270,state_271,state_272,state_273,state_274,state_275,state_276,state_277,state_278,state_279,state_280,state_281,state_282,state_283,state_284,state_285,state_286,state_287
{'img': array([[[ 0.        , -0.12120628, -0.29724244, ...,  0.99075006,
          0.69606577,  0.95692885],
        [ 0.12120628,  0.        , -0.17932297, ...,  0.99989321,
          0.77795736,  0.98506266],
        [ 0.29724244,  0.17932297,  0.        , ...,  0.98630579,
          0.87801856,  0.9999738 ],
        ...,
        [-0.99075006, -0.99989321, -0.98630579, ...,  0.        ,
         -0.61688109, -0.15778241],
        [-0.69606577, -0.77795736, -0.87801856, ...,  0.61688109,
          0.        ,  0.48497032],
        [-0.95692885, -0.98506266, -0.9999738 , ...,  0.15778241,
         -0.48497032,  0.        ]],

       [[ 0.        , -0.06815985,  0.11154369, ...,  0.45367558,
          0.64043953,  0.24048411],
        [ 0.06815985,  0.        ,  0.17901879, ...,  0.39187872,
          0.69129748,  0.30608441],
        [-0.11154369, -0.17901879,  0.        , ...,  0.55024848,
          0.55077637,  0.13071315],
        ...,
        [-0.45367558, -0.39187872, -0.55024848, ...,  0.        ,
         -0.91916527, -0.65467308],
        [-0.64043953, -0.69129748, -0.55077637, ...,  0.91916527,
          0.        , -0.43695073],
        [-0.24048411, -0.30608441, -0.13071315, ...,  0.65467308,
          0.43695073,  0.        ]],

       [[ 0.        , -0.09961306, -0.24494996, ...,  0.27865087,
          0.51195885,  0.94078208],
        [ 0.09961306,  0.        , -0.14715322, ...,  0.37293256,
          0.5949811 ,  0.96987288],
        [ 0.24494996,  0.14715322,  0.        , ...,  0.50541007,
          0.70677685,  0.99516279],
        ...,
        [-0.27865087, -0.37293256, -0.50541007, ...,  0.        ,
          0.25231754,  0.80905405],
        [-0.51195885, -0.5949811 , -0.70677685, ..., -0.25231754,
          0.        ,  0.63458104],
        [-0.94078208, -0.96987288, -0.99516279, ..., -0.80905405,
         -0.63458104,  0.        ]],

       ...,

       [[ 0.        , -0.05071109, -0.2022746 , ...,  0.62383113,
          0.97581234,  0.85687688],
        [ 0.05071109,  0.        , -0.15235151, ...,  0.58339477,
          0.96347088,  0.82963176],
        [ 0.2022746 ,  0.15235151,  0.        , ...,  0.45284625,
          0.91142195,  0.73488743],
        ...,
        [-0.62383113, -0.58339477, -0.45284625, ...,  0.        ,
         -0.62627943, -0.34810187],
        [-0.97581234, -0.96347088, -0.91142195, ...,  0.62627943,
          0.        ,  0.31573011],
        [-0.85687688, -0.82963176, -0.73488743, ...,  0.34810187,
         -0.31573011,  0.        ]],

       [[ 0.        ,  0.0698647 ,  0.03644873, ..., -0.31847969,
         -0.05722519,  0.63177529],
        [-0.0698647 ,  0.        , -0.03345862, ..., -0.3839283 ,
         -0.12683557,  0.57607579],
        [-0.03644873,  0.03345862,  0.        , ..., -0.3528189 ,
         -0.09357616,  0.6031022 ],
        ...,
        [ 0.31847969,  0.3839283 ,  0.3528189 , ...,  0.        ,
          0.26371234,  0.84574859],
        [ 0.05722519,  0.12683557,  0.09357616, ..., -0.26371234,
          0.        ,  0.67509819],
        [-0.63177529, -0.57607579, -0.6031022 , ..., -0.84574859,
         -0.67509819,  0.        ]],

       [[ 0.        , -0.44945212, -0.67076408, ..., -0.99790149,
         -0.99999958, -0.99628186],
        [ 0.44945212,  0.        , -0.26585102, ..., -0.86232758,
         -0.89289116, -0.92870494],
        [ 0.67076408,  0.26585102,  0.        , ..., -0.69668208,
         -0.74105428, -0.79670193],
        ...,
        [ 0.99790149,  0.86232758,  0.69668208, ...,  0.        ,
         -0.06383374, -0.15048259],
        [ 0.99999958,  0.89289116,  0.74105428, ...,  0.06383374,
          0.        , -0.08706885],
        [ 0.99628186,  0.92870494,  0.79670193, ...,  0.15048259,
          0.08706885,  0.        ]]]), 'num': array([ 7.07103423e-01,  7.07103423e-01,  0.00000000e+00,  0.00000000e+00,
        1.08389560e-03,  1.13136548e-03,  1.06906126e-03,  1.13807060e-03,
       -3.65913659e-05,  1.08389560e-03,  9.40348657e-04,  8.44255115e-04,
        7.34535662e-07,  1.11966495e-03,  7.61032364e-04])}
{'img': array([[[ 0.        , -0.17932297, -0.32076517, ...,  0.77795736,
          0.98506266,  0.8248107 ],
        [ 0.17932297,  0.        , -0.14571833, ...,  0.87801856,
          0.9999738 ,  0.91283155],
        [ 0.32076517,  0.14571833,  0.        , ...,  0.93839136,
          0.98824529,  0.96259018],
        ...,
        [-0.77795736, -0.87801856, -0.93839136, ...,  0.        ,
          0.48497032,  0.07837858],
        [-0.98506266, -0.9999738 , -0.98824529, ..., -0.48497032,
          0.        , -0.41493392],
        [-0.8248107 , -0.91283155, -0.96259018, ..., -0.07837858,
          0.41493392,  0.        ]],

       [[ 0.        ,  0.17901879,  0.21115158, ...,  0.69129748,
          0.30608441,  0.16232202],
        [-0.17901879,  0.        ,  0.03275806, ...,  0.55077637,
          0.13071315, -0.0169448 ],
        [-0.21115158, -0.03275806,  0.        , ...,  0.52313917,
          0.098166  , -0.04968906],
        ...,
        [-0.69129748, -0.55077637, -0.52313917, ...,  0.        ,
         -0.43695073, -0.56484032],
        [-0.30608441, -0.13071315, -0.098166  , ...,  0.43695073,
          0.        , -0.1474938 ],
        [-0.16232202,  0.0169448 ,  0.04968906, ...,  0.56484032,
          0.1474938 ,  0.        ]],

       [[ 0.        , -0.13673614, -0.28168806, ...,  0.5292121 ,
          0.78382023,  0.98599828],
        [ 0.13673614,  0.        , -0.14784315, ...,  0.64026067,
          0.86136968,  0.9995388 ],
        [ 0.28168806,  0.14784315,  0.        , ...,  0.74679159,
          0.92700509,  0.99304433],
        ...,
        [-0.5292121 , -0.64026067, -0.74679159, ...,  0.        ,
          0.33642904,  0.74836026],
        [-0.78382023, -0.86136968, -0.92700509, ..., -0.33642904,
          0.        ,  0.4815866 ],
        [-0.98599828, -0.9995388 , -0.99304433, ..., -0.74836026,
         -0.4815866 ,  0.        ]],

       ...,

       [[ 0.        , -0.15235151, -0.1860341 , ...,  0.96347088,
          0.82963176,  0.9727062 ],
        [ 0.15235151,  0.        , -0.03417046, ...,  0.91142195,
          0.73488743,  0.92599952],
        [ 0.1860341 ,  0.03417046,  0.        , ...,  0.89682948,
          0.71128423,  0.91255856],
        ...,
        [-0.96347088, -0.91142195, -0.89682948, ...,  0.        ,
          0.31573011, -0.0369395 ],
        [-0.82963176, -0.73488743, -0.71128423, ..., -0.31573011,
          0.        , -0.35056463],
        [-0.9727062 , -0.92599952, -0.91255856, ...,  0.0369395 ,
          0.35056463,  0.        ]],

       [[ 0.        , -0.02481408,  0.04038983, ..., -0.09692879,
          0.26622391,  0.72870438],
        [ 0.02481408,  0.        ,  0.06517123, ..., -0.0722017 ,
          0.29006051,  0.74547339],
        [-0.04038983, -0.06517123,  0.        , ..., -0.13704935,
          0.22707445,  0.70044965],
        ...,
        [ 0.09692879,  0.0722017 ,  0.13704935, ...,  0.        ,
          0.35840109,  0.79165273],
        [-0.26622391, -0.29006051, -0.22707445, ..., -0.35840109,
          0.        ,  0.52008863],
        [-0.72870438, -0.74547339, -0.70044965, ..., -0.79165273,
         -0.52008863,  0.        ]],

       [[ 0.        , -0.54286315, -0.79428821, ..., -0.9983556 ,
         -0.99939935, -0.99840082],
        [ 0.54286315,  0.        , -0.33724835, ..., -0.80732077,
         -0.85812945, -0.86916701],
        [ 0.79428821,  0.33724835,  0.        , ..., -0.56100988,
         -0.63470199, -0.65147188],
        ...,
        [ 0.9983556 ,  0.80732077,  0.56100988, ...,  0.        ,
         -0.09188777, -0.11367143],
        [ 0.99939935,  0.85812945,  0.63470199, ...,  0.09188777,
          0.        , -0.02189834],
        [ 0.99840082,  0.86916701,  0.65147188, ...,  0.11367143,
          0.02189834,  0.        ]]]), 'num': array([ 9.56394564e-01,  2.92046499e-01,  6.32712442e-06, -1.37730173e-10,
        1.44738140e-03,  1.52733200e-03,  1.44600295e-03,  1.63942824e-03,
       -6.34090901e-05,  1.51630433e-03,  1.32311337e-03,  1.18021318e-03,
        9.01191797e-07,  1.57432324e-03,  1.07190351e-03])}
{'img': array([[[ 0.        , -0.14571833, -0.24203884, ...,  0.9999738 ,
          0.91283155,  0.75874108],
        [ 0.14571833,  0.        , -0.09806972, ...,  0.98824529,
          0.96259018,  0.84556217],
        [ 0.24203884,  0.09806972,  0.        , ...,  0.96848894,
          0.98452318,  0.89384334],
        ...,
        [-0.9999738 , -0.98824529, -0.96848894, ...,  0.        ,
         -0.41493392, -0.65686805],
        [-0.91283155, -0.96259018, -0.98452318, ...,  0.41493392,
          0.        , -0.28478993],
        [-0.75874108, -0.84556217, -0.89384334, ...,  0.65686805,
          0.28478993,  0.        ]],

       [[ 0.        ,  0.03275806, -0.29654261, ...,  0.13071315,
         -0.0169448 , -0.00148852],
        [-0.03275806,  0.        , -0.32766804, ...,  0.098166  ,
         -0.04968906, -0.03424574],
        [ 0.29654261,  0.32766804,  0.        , ...,  0.41883196,
          0.28031741,  0.29512071],
        ...,
        [-0.13071315, -0.098166  , -0.41883196, ...,  0.        ,
         -0.1474938 , -0.13218875],
        [ 0.0169448 ,  0.04968906, -0.28031741, ...,  0.1474938 ,
          0.        ,  0.01545647],
        [ 0.00148852,  0.03424574, -0.29512071, ...,  0.13218875,
         -0.01545647,  0.        ]],

       [[ 0.        , -0.14636497, -0.27342579, ...,  0.84638932,
          0.97474363,  0.99980977],
        [ 0.14636497,  0.        , -0.12969371, ...,  0.91522308,
          0.9969335 ,  0.99189725],
        [ 0.27342579,  0.12969371,  0.        , ...,  0.95975296,
          0.99866248,  0.96704315],
        ...,
        [-0.84638932, -0.91522308, -0.95975296, ...,  0.        ,
          0.33009259,  0.51595497],
        [-0.97474363, -0.9969335 , -0.99866248, ..., -0.33009259,
          0.        ,  0.20427245],
        [-0.99980977, -0.99189725, -0.96704315, ..., -0.51595497,
         -0.20427245,  0.        ]],

       ...,

       [[ 0.        , -0.03417046, -0.11491545, ...,  0.73488743,
          0.92599952,  0.99812042],
        [ 0.03417046,  0.        , -0.08090425, ...,  0.71128423,
          0.91255856,  0.99544346],
        [ 0.11491545,  0.08090425,  0.        , ...,  0.6520846 ,
          0.87648161,  0.98446576],
        ...,
        [-0.73488743, -0.71128423, -0.6520846 , ...,  0.        ,
         -0.35056463, -0.63187813],
        [-0.92599952, -0.91255856, -0.87648161, ...,  0.35056463,
          0.        , -0.32006687],
        [-0.99812042, -0.99544346, -0.98446576, ...,  0.63187813,
          0.32006687,  0.        ]],

       [[ 0.        ,  0.05903162,  0.07218116, ...,  0.25497007,
          0.52122333,  0.79090483],
        [-0.05903162,  0.        ,  0.01317765, ...,  0.19744487,
          0.46993559,  0.75340182],
        [-0.07218116, -0.01317765,  0.        , ...,  0.18450949,
          0.45826286,  0.74467131],
        ...,
        [-0.25497007, -0.19744487, -0.18450949, ...,  0.        ,
          0.28639971,  0.60873842],
        [-0.52122333, -0.46993559, -0.45826286, ..., -0.28639971,
          0.        ,  0.35601729],
        [-0.79090483, -0.75340182, -0.74467131, ..., -0.60873842,
         -0.35601729,  0.        ]],

       [[ 0.        , -0.66426499, -0.86211789, ..., -0.99877955,
         -0.99967204, -0.99521849],
        [ 0.66426499,  0.        , -0.30784246, ..., -0.71377655,
         -0.73024092, -0.67904178],
        [ 0.86211789,  0.30784246,  0.        , ..., -0.46350896,
         -0.48446367, -0.42007867],
        ...,
        [ 0.99877955,  0.71377655,  0.46350896, ...,  0.        ,
         -0.02379659,  0.04840023],
        [ 0.99967204,  0.73024092,  0.48446367, ...,  0.02379659,
          0.        ,  0.07215522],
        [ 0.99521849,  0.67904178,  0.42007867, ..., -0.04840023,
         -0.07215522,  0.        ]]]), 'num': array([ 9.87378196e-01,  1.58322378e-01,  8.00246928e-06, -4.26753405e-08,
        1.49110759e-03,  1.52996850e-03,  1.48966829e-03,  1.28039509e-03,
       -2.01501025e-05,  1.55443648e-03,  1.39265994e-03,  1.23659260e-03,
        9.07506051e-07,  1.65367390e-03,  1.13164599e-03])}
{'img': array([[[ 0.        , -0.09806972, -0.21836025, ...,  0.96259018,
          0.84556217,  0.80381393],
        [ 0.09806972,  0.        , -0.12160453, ...,  0.98452318,
          0.89384334,  0.85827897],
        [ 0.21836025,  0.12160453,  0.        , ...,  0.9985284 ,
          0.94173477,  0.9143148 ],
        ...,
        [-0.96259018, -0.98452318, -0.9985284 , ...,  0.        ,
         -0.28478993, -0.35482379],
        [-0.84556217, -0.89384334, -0.94173477, ...,  0.28478993,
          0.        , -0.07387096],
        [-0.80381393, -0.85827897, -0.9143148 , ...,  0.35482379,
          0.07387096,  0.        ]],

       [[ 0.        , -0.32766804, -0.0418263 , ..., -0.04968906,
         -0.03424574, -0.16600602],
        [ 0.32766804,  0.        ,  0.28786411, ...,  0.28031741,
          0.29512071,  0.16628025],
        [ 0.0418263 , -0.28786411,  0.        , ..., -0.00787095,
          0.00758599, -0.1246148 ],
        ...,
        [ 0.04968906, -0.28031741,  0.00787095, ...,  0.        ,
          0.01545647, -0.11680135],
        [ 0.03424574, -0.29512071, -0.00758599, ..., -0.01545647,
          0.        , -0.13213808],
        [ 0.16600602, -0.16628025,  0.1246148 , ...,  0.11680135,
          0.13213808,  0.        ]],

       [[ 0.        , -0.12969371, -0.29812409, ...,  0.9969335 ,
          0.99189725,  0.94410072],
        [ 0.12969371,  0.        , -0.17181   , ...,  0.99866248,
          0.96704315,  0.9788814 ],
        [ 0.29812409,  0.17181   ,  0.        , ...,  0.97492929,
          0.90891834,  0.99944848],
        ...,
        [-0.9969335 , -0.99866248, -0.97492929, ...,  0.        ,
          0.20427245, -0.25476716],
        [-0.99189725, -0.96704315, -0.90891834, ..., -0.20427245,
          0.        , -0.44692711],
        [-0.94410072, -0.9788814 , -0.99944848, ...,  0.25476716,
          0.44692711,  0.        ]],

       ...,

       [[ 0.        , -0.08090425, -0.04971622, ...,  0.91255856,
          0.99544346,  0.99976907],
        [ 0.08090425,  0.        ,  0.03125096, ...,  0.87648161,
          0.98446576,  0.9947531 ],
        [ 0.04971622, -0.03125096,  0.        , ...,  0.89109882,
          0.98947185,  0.99746436],
        ...,
        [-0.91255856, -0.87648161, -0.89109882, ...,  0.        ,
         -0.32006687, -0.38924108],
        [-0.99544346, -0.98446576, -0.98947185, ...,  0.32006687,
          0.        , -0.07393994],
        [-0.99976907, -0.9947531 , -0.99746436, ...,  0.38924108,
          0.07393994,  0.        ]],

       [[ 0.        ,  0.01237339,  0.0571507 , ...,  0.41788666,
          0.56647169,  0.78393022],
        [-0.01237339,  0.        ,  0.04479316, ...,  0.40661345,
          0.55623164,  0.7761882 ],
        [-0.0571507 , -0.04479316,  0.        , ...,  0.36528229,
          0.51844901,  0.74716698],
        ...,
        [-0.41788666, -0.40661345, -0.36528229, ...,  0.        ,
          0.17026652,  0.45275546],
        [-0.56647169, -0.55623164, -0.51844901, ..., -0.17026652,
          0.        ,  0.29432881],
        [-0.78393022, -0.7761882 , -0.74716698, ..., -0.45275546,
         -0.29432881,  0.        ]],

       [[ 0.        , -0.68936102, -0.91017795, ..., -0.9847804 ,
         -0.96660233, -0.93878823],
        [ 0.68936102,  0.        , -0.37380388, ..., -0.59357944,
         -0.52355398, -0.44259379],
        [ 0.91017795,  0.37380388,  0.        , ..., -0.24972136,
         -0.16712228, -0.07531092],
        ...,
        [ 0.9847804 ,  0.59357944,  0.24972136, ...,  0.        ,
          0.08438186,  0.17608728],
        [ 0.96660233,  0.52355398,  0.16712228, ..., -0.08438186,
          0.        ,  0.0923959 ],
        [ 0.93878823,  0.44259379,  0.07531092, ..., -0.17608728,
         -0.0923959 ,  0.        ]]]), 'num': array([ 9.90753998e-01,  1.35599834e-01,  8.30246760e-06, -5.88433179e-08,
        1.49502476e-03,  1.51534549e-03,  1.46889811e-03,  1.54739417e-03,
       -8.70888210e-06,  1.55163249e-03,  1.41504819e-03,  1.25207114e-03,
        9.39721299e-07,  1.67492058e-03,  1.15517581e-03])}
{'img': array([[[ 0.        , -0.12160453, -0.32394364, ...,  0.89384334,
          0.85827897,  0.84223467],
        [ 0.12160453,  0.        , -0.20649236, ...,  0.94173477,
          0.9143148 ,  0.90154249],
        [ 0.32394364,  0.20649236,  0.        , ...,  0.99089373,
          0.97823996,  0.97145994],
        ...,
        [-0.89384334, -0.94173477, -0.99089373, ...,  0.        ,
         -0.07387096, -0.10424017],
        [-0.85827897, -0.9143148 , -0.97823996, ...,  0.07387096,
          0.        , -0.03048685],
        [-0.84223467, -0.90154249, -0.97145994, ...,  0.10424017,
          0.03048685,  0.        ]],

       [[ 0.        ,  0.28786411,  0.18630119, ...,  0.29512071,
          0.16628025,  0.24619225],
        [-0.28786411,  0.        , -0.10440909, ...,  0.00758599,
         -0.1246148 , -0.0432327 ],
        [-0.18630119,  0.10440909,  0.        , ...,  0.11195061,
         -0.02033847,  0.06131506],
        ...,
        [-0.29512071, -0.00758599, -0.11195061, ...,  0.        ,
         -0.13213808, -0.05081036],
        [-0.16628025,  0.1246148 ,  0.02033847, ...,  0.13213808,
          0.        ,  0.08160258],
        [-0.24619225,  0.0432327 , -0.06131506, ...,  0.05081036,
         -0.08160258,  0.        ]],

       [[ 0.        , -0.17181   , -0.36605657, ...,  0.96704315,
          0.9788814 ,  0.94849947],
        [ 0.17181   ,  0.        , -0.20072823, ...,  0.90891834,
          0.99944848,  0.98882113],
        [ 0.36605657,  0.20072823,  0.        , ...,  0.8067206 ,
          0.98577235,  0.99862552],
        ...,
        [-0.96704315, -0.90891834, -0.8067206 , ...,  0.        ,
         -0.44692711, -0.54783855],
        [-0.9788814 , -0.99944848, -0.98577235, ...,  0.44692711,
          0.        , -0.11618803],
        [-0.94849947, -0.98882113, -0.99862552, ...,  0.54783855,
          0.11618803,  0.        ]],

       ...,

       [[ 0.        ,  0.03125096, -0.08771672, ...,  0.98446576,
          0.9947531 ,  0.98785792],
        [-0.03125096,  0.        , -0.11880437, ...,  0.98947185,
          0.99746436,  0.99223056],
        [ 0.08771672,  0.11880437,  0.        , ...,  0.96527008,
          0.98194495,  0.9704225 ],
        ...,
        [-0.98446576, -0.98947185, -0.96527008, ...,  0.        ,
         -0.07393994, -0.0204982 ],
        [-0.9947531 , -0.99746436, -0.98194495, ...,  0.07393994,
          0.        ,  0.05348232],
        [-0.98785792, -0.99223056, -0.9704225 , ...,  0.0204982 ,
         -0.05348232,  0.        ]],

       [[ 0.        ,  0.04287483,  0.05425767, ...,  0.5063068 ,
          0.62015308,  0.79649755],
        [-0.04287483,  0.        ,  0.01139611, ...,  0.46886797,
          0.58594834,  0.76984122],
        [-0.05425767, -0.01139611,  0.        , ...,  0.4587717 ,
          0.57667547,  0.76251783],
        ...,
        [-0.5063068 , -0.46886797, -0.4587717 , ...,  0.        ,
          0.13760316,  0.38072816],
        [-0.62015308, -0.58594834, -0.57667547, ..., -0.13760316,
          0.        ,  0.2498666 ],
        [-0.79649755, -0.76984122, -0.76251783, ..., -0.38072816,
         -0.2498666 ,  0.        ]],

       [[ 0.        , -0.76818674, -0.96860037, ..., -0.88944138,
         -0.82892438, -0.73951892],
        [ 0.76818674,  0.        , -0.42913421, ..., -0.21834417,
         -0.10100537,  0.04363484],
        [ 0.96860037,  0.42913421,  0.        , ...,  0.22156263,
          0.3357074 ,  0.46813824],
        ...,
        [ 0.88944138,  0.21834417, -0.22156263, ...,  0.        ,
          0.11865924,  0.26071822],
        [ 0.82892438,  0.10100537, -0.3357074 , ..., -0.11865924,
          0.        ,  0.14432085],
        [ 0.73951892, -0.04363484, -0.46813824, ..., -0.26071822,
         -0.14432085,  0.        ]]]), 'num': array([ 9.98442122e-01,  5.56156690e-02,  9.48517559e-06, -6.86070988e-08,
        1.50371045e-03,  1.52791505e-03,  1.48253143e-03,  1.57767062e-03,
       -5.44603383e-05,  1.57511401e-03,  1.48396858e-03,  1.30982156e-03,
        8.76309644e-07,  1.74557576e-03,  1.22236140e-03])}
