state_0,state_1,state_2,state_3,state_4,state_5,state_6,state_7,state_8,state_9,state_10,state_11,state_12,state_13,state_14,state_15,state_16,state_17,state_18,state_19,state_20,state_21,state_22,state_23,state_24,state_25,state_26,state_27,state_28,state_29,state_30,state_31,state_32,state_33,state_34,state_35,state_36,state_37,state_38,state_39,state_40,state_41,state_42,state_43,state_44,state_45,state_46,state_47,state_48,state_49,state_50,state_51,state_52,state_53,state_54,state_55,state_56,state_57,state_58,state_59,state_60,state_61,state_62,state_63,state_64,state_65,state_66,state_67,state_68,state_69,state_70,state_71,state_72,state_73,state_74,state_75,state_76,state_77,state_78,state_79,state_80,state_81,state_82,state_83,state_84,state_85,state_86,state_87,state_88,state_89,state_90,state_91,state_92,state_93,state_94,state_95,state_96,state_97,state_98,state_99,state_100,state_101,state_102,state_103,state_104,state_105,state_106,state_107,state_108,state_109,state_110,state_111,state_112,state_113,state_114,state_115,state_116,state_117,state_118,state_119,state_120,state_121,state_122,state_123,state_124,state_125,state_126,state_127,state_128,state_129,state_130,state_131,state_132,state_133,state_134,state_135,state_136,state_137,state_138,state_139,state_140,state_141,state_142,state_143,state_144,state_145,state_146,state_147,state_148,state_149,state_150,state_151,state_152,state_153,state_154,state_155,state_156,state_157,state_158,state_159,state_160,state_161,state_162,state_163,state_164,state_165,state_166,state_167,state_168,state_169,state_170,state_171,state_172,state_173,state_174,state_175,state_176,state_177,state_178,state_179,state_180,state_181,state_182,state_183,state_184,state_185,state_186,state_187,state_188,state_189,state_190,state_191,state_192,state_193,state_194,state_195,state_196,state_197,state_198,state_199,state_200,state_201,state_202,state_203,state_204,state_205,state_206,state_207,state_208,state_209,state_210,state_211,state_212,state_213,state_214,state_215,state_216,state_217,state_218,state_219,state_220,state_221,state_222,state_223,state_224,state_225,state_226,state_227,state_228,state_229,state_230,state_231,state_232,state_233,state_234,state_235,state_236,state_237,state_238,state_239,state_240,state_241,state_242,state_243,state_244,state_245,state_246,state_247,state_248,state_249,state_250,state_251,state_252,state_253,state_254,state_255,state_256,state_257,state_258,state_259,state_260,state_261,state_262,state_263,state_264,state_265,state_266,state_267,state_268,state_269,state_270,state_271,state_272,state_273,state_274,state_275,state_276,state_277,state_278,state_279,state_280,state_281,state_282,state_283,state_284,state_285,state_286,state_287
{'img': array([[[ 0.        , -0.23891037, -0.49797692, ..., -0.97430338,
         -0.93817404, -0.82874642],
        [ 0.23891037,  0.        , -0.27637557, ..., -0.99990124,
         -0.9937082 , -0.93844732],
        [ 0.49797692,  0.27637557,  0.        , ..., -0.9570706 ,
         -0.98595706, -0.99736083],
        ...,
        [ 0.97430338,  0.99990124,  0.9570706 , ...,  0.        ,
         -0.12595463, -0.35857725],
        [ 0.93817404,  0.9937082 ,  0.98595706, ...,  0.12595463,
          0.        , -0.23814289],
        [ 0.82874642,  0.93844732,  0.99736083, ...,  0.35857725,
          0.23814289,  0.        ]],

       [[ 0.        ,  0.04944837,  0.28086727, ..., -0.90161803,
         -0.83439829, -0.62840849],
        [-0.04944837,  0.        ,  0.23306578, ..., -0.92190312,
         -0.86063161, -0.66610481],
        [-0.28086727, -0.23306578,  0.        , ..., -0.98680926,
         -0.95561429, -0.82159494],
        ...,
        [ 0.90161803,  0.92190312,  0.98680926, ...,  0.        ,
          0.13603263,  0.4295463 ],
        [ 0.83439829,  0.86063161,  0.95561429, ..., -0.13603263,
          0.        ,  0.30270983],
        [ 0.62840849,  0.66610481,  0.82159494, ..., -0.4295463 ,
         -0.30270983,  0.        ]],

       [[ 0.        , -0.29785883, -0.47863461, ..., -0.61301545,
         -0.63778703, -0.6273674 ],
        [ 0.29785883,  0.        , -0.19538507, ..., -0.82052023,
         -0.83825251, -0.8308408 ],
        [ 0.47863461,  0.19538507,  0.        , ..., -0.91639155,
         -0.92863655, -0.92356145],
        ...,
        [ 0.61301545,  0.82052023,  0.91639155, ...,  0.        ,
          0.03174466,  0.01829527],
        [ 0.63778703,  0.83825251,  0.92863655, ..., -0.03174466,
          0.        , -0.0134533 ],
        [ 0.6273674 ,  0.8308408 ,  0.92356145, ..., -0.01829527,
          0.0134533 ,  0.        ]],

       ...,

       [[ 0.        ,  0.05430692,  0.1725016 , ...,  0.98407147,
          0.68748776,  0.38490505],
        [-0.05430692,  0.        ,  0.11875422, ...,  0.99227358,
          0.64703576,  0.33421413],
        [-0.1725016 , -0.11875422,  0.        , ...,  0.99998566,
          0.55191183,  0.21992361],
        ...,
        [-0.98407147, -0.99227358, -0.99998566, ...,  0.        ,
         -0.8368457 , -0.97668068],
        [-0.68748776, -0.64703576, -0.55191183, ...,  0.8368457 ,
          0.        , -0.35500459],
        [-0.38490505, -0.33421413, -0.21992361, ...,  0.97668068,
          0.35500459,  0.        ]],

       [[ 0.        , -0.47204576, -0.67038889, ..., -0.26277631,
         -0.04109149, -0.        ],
        [ 0.47204576,  0.        , -0.2407348 , ..., -0.68711333,
         -0.50787226, -0.47204576],
        [ 0.67038889,  0.2407348 ,  0.        , ..., -0.8418119 ,
         -0.70031296, -0.67038889],
        ...,
        [ 0.26277631,  0.68711333,  0.8418119 , ...,  0.        ,
         -0.22290697, -0.26277631],
        [ 0.04109149,  0.50787226,  0.70031296, ...,  0.22290697,
          0.        , -0.04109149],
        [ 0.        ,  0.47204576,  0.67038889, ...,  0.26277631,
          0.04109149,  0.        ]],

       [[ 0.        ,  0.04656817,  0.10538935, ..., -0.77123554,
         -0.78077384, -0.74545517],
        [-0.04656817,  0.        ,  0.05896618, ..., -0.74075588,
         -0.75083035, -0.71360616],
        [-0.10538935, -0.05896618,  0.        , ..., -0.69985498,
         -0.71057702, -0.67105588],
        ...,
        [ 0.77123554,  0.74075588,  0.69985498, ...,  0.        ,
          0.01512291, -0.0395521 ],
        [ 0.78077384,  0.75083035,  0.71057702, ..., -0.01512291,
          0.        , -0.05465866],
        [ 0.74545517,  0.71360616,  0.67105588, ...,  0.0395521 ,
          0.05465866,  0.        ]]]), 'num': array([7.07104132e-01, 7.07104132e-01, 0.00000000e+00, 0.00000000e+00,
       6.65219915e-05, 6.77538802e-05, 6.60292360e-05, 2.73072775e-03,
       6.15944366e-07, 6.74089514e-05, 6.75013430e-05, 7.21845734e-05,
       6.71028821e-07, 7.10181426e-05, 6.39845434e-05])}
{'img': array([[[ 0.        , -0.27637557,  0.16706298, ..., -0.9937082 ,
         -0.93844732, -0.96817147],
        [ 0.27637557,  0.        ,  0.43304728, ..., -0.98595706,
         -0.99736083, -0.99963436],
        [-0.16706298, -0.43304728,  0.        , ..., -0.96103178,
         -0.8675513 , -0.91275117],
        ...,
        [ 0.9937082 ,  0.98595706,  0.96103178, ...,  0.        ,
         -0.23814289, -0.14027782],
        [ 0.93844732,  0.99736083,  0.8675513 , ...,  0.23814289,
          0.        ,  0.09954613],
        [ 0.96817147,  0.99963436,  0.91275117, ...,  0.14027782,
         -0.09954613,  0.        ]],

       [[ 0.        ,  0.23283079,  0.32587279, ..., -0.85886904,
         -0.66498275, -0.99649264],
        [-0.23283079,  0.        ,  0.09679551, ..., -0.95451979,
         -0.82059891, -0.98858967],
        [-0.32587279, -0.09679551,  0.        , ..., -0.97889699,
         -0.87206469, -0.9693669 ],
        ...,
        [ 0.85886904,  0.95451979,  0.97889699, ...,  0.        ,
          0.30085282, -0.43852827],
        [ 0.66498275,  0.82059891,  0.87206469, ..., -0.30085282,
          0.        , -0.68859318],
        [ 0.99649264,  0.98858967,  0.9693669 , ...,  0.43852827,
          0.68859318,  0.        ]],

       [[ 0.        , -0.38808035, -0.44506005, ..., -0.64417679,
         -0.63369267, -0.58460126],
        [ 0.38808035,  0.        , -0.06265248, ..., -0.89052337,
         -0.88424045, -0.85364109],
        [ 0.44506005,  0.06265248,  0.        , ..., -0.91727682,
         -0.91176398, -0.88459731],
        ...,
        [ 0.64417679,  0.89052337,  0.91727682, ...,  0.        ,
         -0.01362873, -0.07548616],
        [ 0.63369267,  0.88424045,  0.91176398, ...,  0.01362873,
          0.        , -0.0618893 ],
        [ 0.58460126,  0.85364109,  0.88459731, ...,  0.07548616,
          0.0618893 ,  0.        ]],

       ...,

       [[ 0.        ,  0.11875422,  0.25050622, ...,  0.64703576,
          0.33421413,  0.71986851],
        [-0.11875422,  0.        ,  0.13376582, ...,  0.55191183,
          0.21992361,  0.63234594],
        [-0.25050622, -0.13376582,  0.        , ...,  0.43540414,
          0.0874563 ,  0.5230365 ],
        ...,
        [-0.64703576, -0.55191183, -0.43540414, ...,  0.        ,
         -0.35500459,  0.0997564 ],
        [-0.33421413, -0.21992361, -0.0874563 , ...,  0.35500459,
          0.        ,  0.44649251],
        [-0.71986851, -0.63234594, -0.5230365 , ..., -0.0997564 ,
         -0.44649251,  0.        ]],

       [[ 0.        , -0.52355994, -0.6959475 , ..., -0.10416946,
         -0.09523002, -0.        ],
        [ 0.52355994,  0.        , -0.21697495, ..., -0.60946276,
         -0.60231543, -0.52355994],
        [ 0.6959475 ,  0.21697495,  0.        , ..., -0.76696456,
         -0.7611686 , -0.6959475 ],
        ...,
        [ 0.10416946,  0.60946276,  0.76696456, ...,  0.        ,
         -0.00898411, -0.10416946],
        [ 0.09523002,  0.60231543,  0.7611686 , ...,  0.00898411,
          0.        , -0.09523002],
        [ 0.        ,  0.52355994,  0.6959475 , ...,  0.10416946,
          0.09523002,  0.        ]],

       [[ 0.        ,  0.05896618,  0.30836209, ..., -0.75083035,
         -0.71360616, -0.69051144],
        [-0.05896618,  0.        ,  0.25173283, ..., -0.71057702,
         -0.67105588, -0.64665843],
        [-0.30836209, -0.25173283,  0.        , ..., -0.51057003,
         -0.46280928, -0.43381724],
        ...,
        [ 0.75083035,  0.71057702,  0.51057003, ...,  0.        ,
         -0.05465866, -0.0870123 ],
        [ 0.71360616,  0.67105588,  0.46280928, ...,  0.05465866,
          0.        , -0.03243087],
        [ 0.69051144,  0.64665843,  0.43381724, ...,  0.0870123 ,
          0.03243087,  0.        ]]]), 'num': array([ 7.13607873e-01,  7.00528862e-01,  2.37368605e-06, -3.16104642e-12,
        6.84764928e-05,  7.03406441e-05,  6.72337252e-05,  4.80406715e-03,
        1.36704432e-06,  6.78551090e-05,  6.82155116e-05,  7.25921247e-05,
        5.67088112e-07,  7.16469006e-05,  6.47841225e-05])}
{'img': array([[[ 0.        ,  0.43304728,  0.74727392, ..., -0.99736083,
         -0.99963436, -0.97665905],
        [-0.43304728,  0.        ,  0.38580429, ..., -0.8675513 ,
         -0.91275117, -0.97334895],
        [-0.74727392, -0.38580429,  0.        , ..., -0.60850715,
         -0.68447934, -0.80951676],
        ...,
        [ 0.99736083,  0.8675513 ,  0.60850715, ...,  0.        ,
          0.09954613,  0.28513813],
        [ 0.99963436,  0.91275117,  0.68447934, ..., -0.09954613,
          0.        ,  0.18830822],
        [ 0.97665905,  0.97334895,  0.80951676, ..., -0.28513813,
         -0.18830822,  0.        ]],

       [[ 0.        ,  0.09679551, -0.94348159, ..., -0.82059891,
         -0.98858967, -0.66881882],
        [-0.09679551,  0.        , -0.97113172, ..., -0.87206469,
         -0.9693669 , -0.73763848],
        [ 0.94348159,  0.97113172,  0.        , ...,  0.26723707,
         -0.46976322,  0.47974498],
        ...,
        [ 0.82059891,  0.87206469, -0.26723707, ...,  0.        ,
         -0.68859318,  0.22782112],
        [ 0.98858967,  0.9693669 ,  0.46976322, ...,  0.68859318,
          0.        ,  0.83568924],
        [ 0.66881882,  0.73763848, -0.47974498, ..., -0.22782112,
         -0.83568924,  0.        ]],

       [[ 0.        , -0.23160602, -0.25565768, ..., -0.64480104,
         -0.59513549, -0.5698449 ],
        [ 0.23160602,  0.        , -0.02479712, ..., -0.80429686,
         -0.76507804, -0.74467341],
        [ 0.25565768,  0.02479712,  0.        , ..., -0.81878467,
         -0.78081057, -0.76099474],
        ...,
        [ 0.64480104,  0.80429686,  0.81878467, ...,  0.        ,
         -0.0632864 , -0.09430551],
        [ 0.59513549,  0.76507804,  0.78081057, ...,  0.0632864 ,
          0.        , -0.03111211],
        [ 0.5698449 ,  0.74467341,  0.76099474, ...,  0.09430551,
          0.03111211,  0.        ]],

       ...,

       [[ 0.        ,  0.13376582,  0.43240102, ...,  0.21992361,
          0.63234594,  0.23675424],
        [-0.13376582,  0.        ,  0.30790086, ...,  0.0874563 ,
          0.5230365 ,  0.10466372],
        [-0.43240102, -0.30790086,  0.        , ..., -0.22351356,
          0.23519951, -0.20663078],
        ...,
        [-0.21992361, -0.0874563 ,  0.22351356, ...,  0.        ,
          0.44649251,  0.01728672],
        [-0.63234594, -0.5230365 , -0.23519951, ..., -0.44649251,
          0.        , -0.43095785],
        [-0.23675424, -0.10466372,  0.20663078, ..., -0.01728672,
          0.43095785,  0.        ]],

       [[ 0.        , -0.51796332, -0.55923674, ..., -0.09895328,
         -0.        , -0.01927275],
        [ 0.51796332,  0.        , -0.04897695, ..., -0.60006611,
         -0.51796332, -0.53435308],
        [ 0.55923674,  0.04897695,  0.        , ..., -0.63852511,
         -0.55923674, -0.57511013],
        ...,
        [ 0.09895328,  0.60006611,  0.63852511, ...,  0.        ,
         -0.09895328, -0.07975674],
        [ 0.        ,  0.51796332,  0.55923674, ...,  0.09895328,
          0.        ,  0.01927275],
        [ 0.01927275,  0.53435308,  0.57511013, ...,  0.07975674,
         -0.01927275,  0.        ]],

       [[ 0.        ,  0.25173283,  0.24251075, ..., -0.67105588,
         -0.64665843, -0.70270415],
        [-0.25173283,  0.        , -0.00951716, ..., -0.46280928,
         -0.43381724, -0.50097139],
        [-0.24251075,  0.00951716,  0.        , ..., -0.47122489,
         -0.44237256, -0.50918545],
        ...,
        [ 0.67105588,  0.46280928,  0.47122489, ...,  0.        ,
         -0.03243087,  0.04354533],
        [ 0.64665843,  0.43381724,  0.44237256, ...,  0.03243087,
          0.        ,  0.07592252],
        [ 0.70270415,  0.50097139,  0.50918545, ..., -0.04354533,
         -0.07592252,  0.        ]]]), 'num': array([ 7.58100401e-01,  6.52120750e-01,  1.96988197e-05,  4.58118528e-10,
        7.12707802e-05,  7.36553045e-05,  7.00785181e-05,  4.71877477e-03,
       -1.72215640e-06,  7.18536639e-05,  7.27412368e-05,  7.71371514e-05,
        4.45824512e-07,  7.63487040e-05,  6.91337697e-05])}
{'img': array([[[ 0.        ,  0.38580429,  0.16760844, ..., -0.91275117,
         -0.97334895, -0.8963503 ],
        [-0.38580429,  0.        , -0.22571427, ..., -0.68447934,
         -0.80951676, -0.65591045],
        [-0.16760844,  0.22571427,  0.        , ..., -0.83136834,
         -0.92114212, -0.8093616 ],
        ...,
        [ 0.91275117,  0.68447934,  0.83136834, ...,  0.        ,
          0.18830822, -0.03849162],
        [ 0.97334895,  0.80951676,  0.92114212, ..., -0.18830822,
          0.        , -0.22597167],
        [ 0.8963503 ,  0.65591045,  0.8093616 , ...,  0.03849162,
          0.22597167,  0.        ]],

       [[ 0.        , -0.97113172, -0.77799671, ..., -0.9693669 ,
         -0.73763848, -0.80313576],
        [ 0.97113172,  0.        ,  0.42454497, ..., -0.46976322,
          0.47974498,  0.38701334],
        [ 0.77799671, -0.42454497,  0.        , ..., -0.80011193,
          0.06186526, -0.0410574 ],
        ...,
        [ 0.9693669 ,  0.46976322,  0.80011193, ...,  0.        ,
          0.83568924,  0.77480896],
        [ 0.73763848, -0.47974498, -0.06186526, ..., -0.83568924,
          0.        , -0.10279184],
        [ 0.80313576, -0.38701334,  0.0410574 , ..., -0.77480896,
          0.10279184,  0.        ]],

       [[ 0.        , -0.11051527,  0.        , ..., -0.59877293,
         -0.57337142, -0.4851594 ],
        [ 0.11051527,  0.        ,  0.11051527, ..., -0.68361886,
         -0.66040387, -0.57882492],
        [ 0.        , -0.11051527,  0.        , ..., -0.59877293,
         -0.57337142, -0.4851594 ],
        ...,
        [ 0.59877293,  0.68361886,  0.59877293, ...,  0.        ,
         -0.03134803, -0.13500915],
        [ 0.57337142,  0.66040387,  0.57337142, ...,  0.03134803,
          0.        , -0.10388178],
        [ 0.4851594 ,  0.57882492,  0.4851594 , ...,  0.13500915,
          0.10388178,  0.        ]],

       ...,

       [[ 0.        ,  0.30790086,  0.37090192, ...,  0.5230365 ,
          0.10466372, -0.4255951 ],
        [-0.30790086,  0.        ,  0.06694401, ...,  0.23519951,
         -0.20663078, -0.68354274],
        [-0.37090192, -0.06694401,  0.        , ...,  0.16960586,
         -0.27166654, -0.7308725 ],
        ...,
        [-0.5230365 , -0.23519951, -0.16960586, ...,  0.        ,
         -0.43095785, -0.83604198],
        [-0.10466372,  0.20663078,  0.27166654, ...,  0.43095785,
          0.        , -0.51796922],
        [ 0.4255951 ,  0.68354274,  0.7308725 , ...,  0.83604198,
          0.51796922,  0.        ]],

       [[ 0.        , -0.0546216 , -0.13727419, ..., -0.52672345,
         -0.52897199, -0.46605744],
        [ 0.0546216 ,  0.        , -0.08296476, ..., -0.57236748,
         -0.57453634, -0.51368837],
        [ 0.13727419,  0.08296476,  0.        , ..., -0.6384251 ,
         -0.64046053, -0.58309926],
        ...,
        [ 0.52672345,  0.57236748,  0.6384251 , ...,  0.        ,
          0.00264741, -0.06985499],
        [ 0.52897199,  0.57453634,  0.64046053, ..., -0.00264741,
          0.        , -0.07249568],
        [ 0.46605744,  0.51368837,  0.58309926, ...,  0.06985499,
          0.07249568,  0.        ]],

       [[ 0.        , -0.00951716,  0.11225141, ..., -0.43381724,
         -0.50097139, -0.51885144],
        [ 0.00951716,  0.        ,  0.12170334, ..., -0.44237256,
         -0.50918545, -0.52696383],
        [-0.11225141, -0.12170334,  0.        , ..., -0.32993682,
         -0.40065563, -0.41961248],
        ...,
        [ 0.43381724,  0.44237256,  0.32993682, ...,  0.        ,
          0.07592252,  0.09663068],
        [ 0.50097139,  0.50918545,  0.40065563, ..., -0.07592252,
          0.        ,  0.02078455],
        [ 0.51885144,  0.52696383,  0.41961248, ..., -0.09663068,
         -0.02078455,  0.        ]]]), 'num': array([ 8.47846333e-01,  5.30214063e-01,  5.77513219e-05, -4.48852668e-09,
        8.08224606e-05,  8.25858598e-05,  7.90590615e-05,  5.43929282e-03,
        1.76339914e-06,  7.97644211e-05,  8.09179781e-05,  8.52774926e-05,
        6.11207667e-07,  8.43671092e-05,  7.74688469e-05])}
{'img': array([[[ 0.        , -0.22571427, -0.65591045, ..., -0.80951676,
         -0.65591045, -0.8       ],
        [ 0.22571427,  0.        , -0.46860587, ..., -0.92114212,
         -0.8093616 , -0.9147834 ],
        [ 0.65591045,  0.46860587,  0.        , ..., -0.99613749,
         -0.9902132 , -0.99741724],
        ...,
        [ 0.80951676,  0.92114212,  0.99613749, ...,  0.        ,
         -0.22597167, -0.01603263],
        [ 0.65591045,  0.8093616 ,  0.9902132 , ...,  0.22597167,
          0.        ,  0.2103247 ],
        [ 0.8       ,  0.9147834 ,  0.99741724, ...,  0.01603263,
         -0.2103247 ,  0.        ]],

       [[ 0.        ,  0.42454497,  0.93935727, ...,  0.47974498,
          0.38701334,  0.4310441 ],
        [-0.42454497,  0.        ,  0.70490702, ...,  0.06186526,
         -0.0410574 ,  0.00719026],
        [-0.93935727, -0.70490702,  0.        , ..., -0.65967577,
         -0.73343463, -0.69978875],
        ...,
        [-0.47974498, -0.06186526,  0.65967577, ...,  0.        ,
         -0.10279184, -0.05468717],
        [-0.38701334,  0.0410574 ,  0.73343463, ...,  0.10279184,
          0.        ,  0.04824053],
        [-0.4310441 , -0.00719026,  0.69978875, ...,  0.05468717,
         -0.04824053,  0.        ]],

       [[ 0.        ,  0.11051527, -0.09655212, ..., -0.66040387,
         -0.57882492, -0.58896106],
        [-0.11051527,  0.        , -0.20595963, ..., -0.57337142,
         -0.4851594 , -0.49603916],
        [ 0.09655212,  0.20595963,  0.        , ..., -0.72982043,
         -0.65485422, -0.66423909],
        ...,
        [ 0.66040387,  0.57337142,  0.72982043, ...,  0.        ,
         -0.10388178, -0.09145582],
        [ 0.57882492,  0.4851594 ,  0.65485422, ...,  0.10388178,
          0.        ,  0.01248541],
        [ 0.58896106,  0.49603916,  0.66423909, ...,  0.09145582,
         -0.01248541,  0.        ]],

       ...,

       [[ 0.        ,  0.06694401, -0.10016638, ..., -0.20663078,
         -0.68354274, -0.38148899],
        [-0.06694401,  0.        , -0.16654901, ..., -0.27166654,
         -0.7308725 , -0.44251446],
        [ 0.10016638,  0.16654901,  0.        , ..., -0.10758688,
         -0.6069925 , -0.28697923],
        ...,
        [ 0.20663078,  0.27166654,  0.10758688, ...,  0.        ,
         -0.51796922, -0.18225208],
        [ 0.68354274,  0.7308725 ,  0.6069925 , ...,  0.51796922,
          0.        ,  0.3533959 ],
        [ 0.38148899,  0.44251446,  0.28697923, ...,  0.18225208,
         -0.3533959 ,  0.        ]],

       [[ 0.        , -0.08224286, -0.18823564, ..., -0.71633293,
         -0.70922647, -0.50988313],
        [ 0.08224286,  0.        , -0.10682528, ..., -0.77129189,
         -0.76480347, -0.57890471],
        [ 0.18823564,  0.10682528,  0.        , ..., -0.83487073,
         -0.82925076, -0.66269693],
        ...,
        [ 0.71633293,  0.77129189,  0.83487073, ...,  0.        ,
         -0.010132  , -0.26044551],
        [ 0.70922647,  0.76480347,  0.82925076, ...,  0.010132  ,
          0.        , -0.25064981],
        [ 0.50988313,  0.57890471,  0.66269693, ...,  0.26044551,
          0.25064981,  0.        ]],

       [[ 0.        ,  0.12170334,  0.02872642, ..., -0.50918545,
         -0.52696383, -0.65523819],
        [-0.12170334,  0.        , -0.09314023, ..., -0.40065563,
         -0.41961248, -0.55843007],
        [-0.02872642,  0.09314023,  0.        , ..., -0.48425173,
         -0.50233212, -0.6332672 ],
        ...,
        [ 0.50918545,  0.40065563,  0.48425173, ...,  0.        ,
          0.02078455,  0.17928515],
        [ 0.52696383,  0.41961248,  0.50233212, ..., -0.02078455,
          0.        ,  0.15879864],
        [ 0.65523819,  0.55843007,  0.6332672 , ..., -0.17928515,
         -0.15879864,  0.        ]]]), 'num': array([8.05375025e-01, 5.92749716e-01, 3.86591472e-05, 6.95127467e-09,
       7.67877607e-05, 7.83235159e-05, 7.59500760e-05, 4.33522755e-03,
       0.00000000e+00, 7.62013814e-05, 7.69413362e-05, 8.07318593e-05,
       6.02005797e-07, 8.01602212e-05, 7.37224512e-05])}
{'img': array([[[ 0.        , -0.62853936, -0.85638376, ..., -0.65958043,
         -0.803895  , -0.803895  ],
        [ 0.62853936,  0.        , -0.34153632, ..., -0.98543855,
         -0.9990888 , -0.9990888 ],
        [ 0.85638376,  0.34153632,  0.        , ..., -0.98425481,
         -0.92443547, -0.92443547],
        ...,
        [ 0.65958043,  0.98543855,  0.98425481, ...,  0.        ,
          0.21193533,  0.21193533],
        [ 0.803895  ,  0.9990888 ,  0.92443547, ..., -0.21193533,
          0.        ,  0.        ],
        [ 0.803895  ,  0.9990888 ,  0.92443547, ..., -0.21193533,
          0.        ,  0.        ]],

       [[ 0.        ,  0.70490702,  0.83593254, ..., -0.0410574 ,
          0.00719026, -0.21389348],
        [-0.70490702,  0.        ,  0.20605105, ..., -0.73343463,
         -0.69978875, -0.84030793],
        [-0.83593254, -0.20605105,  0.        , ..., -0.85776129,
         -0.83196469, -0.93397818],
        ...,
        [ 0.0410574 ,  0.73343463,  0.85776129, ...,  0.        ,
          0.04824053, -0.17360592],
        [-0.00719026,  0.69978875,  0.83196469, ..., -0.04824053,
          0.        , -0.2209118 ],
        [ 0.21389348,  0.84030793,  0.93397818, ...,  0.17360592,
          0.2209118 ,  0.        ]],

       [[ 0.        , -0.20595963, -0.3446146 , ..., -0.4851594 ,
         -0.49603916, -0.5689699 ],
        [ 0.20595963,  0.        , -0.14388281, ..., -0.65485422,
         -0.66423909, -0.72614408],
        [ 0.3446146 ,  0.14388281,  0.        , ..., -0.75678047,
         -0.76488281, -0.81751392],
        ...,
        [ 0.4851594 ,  0.65485422,  0.75678047, ...,  0.        ,
          0.01248541,  0.09854704],
        [ 0.49603916,  0.66423909,  0.76488281, ..., -0.01248541,
          0.        ,  0.08611471],
        [ 0.5689699 ,  0.72614408,  0.81751392, ..., -0.09854704,
         -0.08611471,  0.        ]],

       ...,

       [[ 0.        , -0.16654901, -0.84954503, ..., -0.7308725 ,
         -0.44251446, -0.37987279],
        [ 0.16654901,  0.        , -0.7498223 , ..., -0.6069925 ,
         -0.28697923, -0.22050289],
        [ 0.84954503,  0.7498223 ,  0.        , ...,  0.19427938,
          0.52840566,  0.58547305],
        ...,
        [ 0.7308725 ,  0.6069925 , -0.19427938, ...,  0.        ,
          0.3533959 ,  0.41681687],
        [ 0.44251446,  0.28697923, -0.52840566, ..., -0.3533959 ,
          0.        ,  0.06868778],
        [ 0.37987279,  0.22050289, -0.58547305, ..., -0.41681687,
         -0.06868778,  0.        ]],

       [[ 0.        , -0.10682528, -0.082958  , ..., -0.76480347,
         -0.57890471, -0.60421282],
        [ 0.10682528,  0.        ,  0.02397375, ..., -0.82925076,
         -0.66269693, -0.68587623],
        [ 0.082958  , -0.02397375,  0.        , ..., -0.81561405,
         -0.64455281, -0.66823297],
        ...,
        [ 0.76480347,  0.82925076,  0.81561405, ...,  0.        ,
         -0.25064981, -0.22014063],
        [ 0.57890471,  0.66269693,  0.64455281, ...,  0.25064981,
          0.        ,  0.03138765],
        [ 0.60421282,  0.68587623,  0.66823297, ...,  0.22014063,
         -0.03138765,  0.        ]],

       [[ 0.        , -0.09314023, -0.44446944, ..., -0.41961248,
         -0.55843007, -0.57690972],
        [ 0.09314023,  0.        , -0.35910287, ..., -0.50233212,
         -0.6332672 , -0.65047958],
        [ 0.44446944,  0.35910287,  0.        , ..., -0.77933274,
         -0.86894865, -0.87983843],
        ...,
        [ 0.41961248,  0.50233212,  0.77933274, ...,  0.        ,
          0.15879864,  0.18092009],
        [ 0.55843007,  0.6332672 ,  0.86894865, ..., -0.15879864,
          0.        ,  0.02244628],
        [ 0.57690972,  0.65047958,  0.87983843, ..., -0.18092009,
         -0.02244628,  0.        ]]]), 'num': array([7.77872903e-01, 6.28414831e-01, 2.71248769e-05, 6.55179802e-09,
       7.42833359e-05, 7.46877824e-05, 7.22611035e-05, 2.91574901e-03,
       1.34815492e-07, 7.38788894e-05, 7.43170398e-05, 7.76851801e-05,
       5.88285782e-07, 7.74194076e-05, 7.12146720e-05])}
{'img': array([[[ 0.        , -0.70832909, -0.49718063, ..., -0.83900893,
         -0.83900893, -0.84836501],
        [ 0.70832909,  0.        ,  0.26362862, ..., -0.97765596,
         -0.97765596, -0.97384364],
        [ 0.49718063, -0.26362862,  0.        , ..., -0.99848839,
         -0.99848839, -0.99929468],
        ...,
        [ 0.83900893,  0.97765596,  0.99848839, ...,  0.        ,
          0.        ,  0.01742917],
        [ 0.83900893,  0.97765596,  0.99848839, ...,  0.        ,
          0.        ,  0.01742917],
        [ 0.84836501,  0.97384364,  0.99929468, ..., -0.01742917,
         -0.01742917,  0.        ]],

       [[ 0.        ,  0.20485154, -0.38114493, ..., -0.69401044,
         -0.83313668, -0.98945585],
        [-0.20485154,  0.        , -0.5624504 , ..., -0.82677853,
         -0.92876505, -0.93880289],
        [ 0.38114493,  0.5624504 ,  0.        , ..., -0.36721228,
         -0.55944886, -0.96997012],
        ...,
        [ 0.69401044,  0.82677853,  0.36721228, ...,  0.        ,
         -0.21599481, -0.81289038],
        [ 0.83313668,  0.92876505,  0.55944886, ...,  0.21599481,
          0.        , -0.66790271],
        [ 0.98945585,  0.93880289,  0.96997012, ...,  0.81289038,
          0.66790271,  0.        ]],

       [[ 0.        , -0.28084779, -0.45274338, ..., -0.49852893,
         -0.57174205, -0.61774598],
        [ 0.28084779,  0.        , -0.18410614, ..., -0.72192368,
         -0.77914768, -0.81373558],
        [ 0.45274338,  0.18410614,  0.        , ..., -0.8369798 ,
         -0.88123438, -0.90683486],
        ...,
        [ 0.49852893,  0.72192368,  0.8369798 , ...,  0.        ,
          0.08661799,  0.14347532],
        [ 0.57174205,  0.77914768,  0.88123438, ..., -0.08661799,
          0.        ,  0.05721425],
        [ 0.61774598,  0.81373558,  0.90683486, ..., -0.14347532,
         -0.05721425,  0.        ]],

       ...,

       [[ 0.        , -0.7498223 , -0.66901472, ..., -0.28697923,
         -0.22050289, -0.19761975],
        [ 0.7498223 ,  0.        ,  0.11465839, ...,  0.52840566,
          0.58547305,  0.60428188],
        [ 0.66901472, -0.11465839,  0.        , ...,  0.42757676,
          0.48865922,  0.5089402 ],
        ...,
        [ 0.28697923, -0.52840566, -0.42757676, ...,  0.        ,
          0.06868778,  0.0920124 ],
        [ 0.22050289, -0.58547305, -0.48865922, ..., -0.06868778,
          0.        ,  0.02339869],
        [ 0.19761975, -0.60428188, -0.5089402 , ..., -0.0920124 ,
         -0.02339869,  0.        ]],

       [[ 0.        ,  0.02397375,  0.04414873, ..., -0.66269693,
         -0.68587623, -0.70903469],
        [-0.02397375,  0.        ,  0.02018566, ..., -0.64455281,
         -0.66823297, -0.69192525],
        [-0.04414873, -0.02018566,  0.        , ..., -0.62898834,
         -0.65307965, -0.67721085],
        ...,
        [ 0.66269693,  0.64455281,  0.62898834, ...,  0.        ,
          0.03138765,  0.06367098],
        [ 0.68587623,  0.66823297,  0.65307965, ..., -0.03138765,
          0.        ,  0.03231565],
        [ 0.70903469,  0.69192525,  0.67721085, ..., -0.06367098,
         -0.03231565,  0.        ]],

       [[ 0.        , -0.43604781, -0.52452129, ..., -0.55898121,
         -0.57747428, -0.58149091],
        [ 0.43604781,  0.        , -0.10077909, ..., -0.86460259,
         -0.87567598, -0.8780453 ],
        [ 0.52452129,  0.10077909,  0.        , ..., -0.91083784,
         -0.9198839 , -0.92180562],
        ...,
        [ 0.55898121,  0.86460259,  0.91083784, ...,  0.        ,
          0.02247309,  0.02740004],
        [ 0.57747428,  0.87567598,  0.9198839 , ..., -0.02247309,
          0.        ,  0.00492847],
        [ 0.58149091,  0.8780453 ,  0.92180562, ..., -0.02740004,
         -0.00492847,  0.        ]]]), 'num': array([ 8.13490337e-01,  5.81559273e-01,  4.24782168e-05,  7.34615775e-09,
        7.71817184e-05,  7.98675292e-05,  7.61922092e-05,  4.71526584e-03,
       -7.06792293e-07,  7.73230769e-05,  7.80440050e-05,  8.11986547e-05,
        6.34131404e-07,  8.09860274e-05,  7.51019827e-05])}
{'img': array([[[ 0.        ,  0.43078352,  0.58296119, ..., -0.99675104,
         -0.99512624, -0.99998236],
        [-0.43078352,  0.        ,  0.17608481, ..., -0.93422037,
         -0.94053616, -0.90499805],
        [-0.58296119, -0.17608481,  0.        , ..., -0.85681437,
         -0.8660254 , -0.81594821],
        ...,
        [ 0.99675104,  0.93422037,  0.85681437, ...,  0.        ,
          0.01813717, -0.07462251],
        [ 0.99512624,  0.94053616,  0.8660254 , ..., -0.01813717,
          0.        , -0.09269683],
        [ 0.99998236,  0.90499805,  0.81594821, ...,  0.07462251,
          0.09269683,  0.        ]],

       [[ 0.        , -0.5624504 , -0.23462851, ..., -0.92876505,
         -0.93880289, -0.89198698],
        [ 0.5624504 ,  0.        ,  0.35275153, ..., -0.55944886,
         -0.96997012, -0.48326058],
        [ 0.23462851, -0.35275153,  0.        , ..., -0.81586918,
         -0.99341523, -0.76102085],
        ...,
        [ 0.92876505,  0.55944886,  0.81586918, ...,  0.        ,
         -0.66790271,  0.08922665],
        [ 0.93880289,  0.96997012,  0.99341523, ...,  0.66790271,
          0.        ,  0.73164549],
        [ 0.89198698,  0.48326058,  0.76102085, ..., -0.08922665,
         -0.73164549,  0.        ]],

       [[ 0.        , -0.36631798, -0.53447913, ..., -0.57699786,
         -0.62329032, -0.60293765],
        [ 0.36631798,  0.        , -0.1877221 , ..., -0.8360792 ,
         -0.86642243, -0.85327149],
        [ 0.53447913,  0.1877221 ,  0.        , ..., -0.92420152,
         -0.94475117, -0.93599305],
        ...,
        [ 0.57699786,  0.8360792 ,  0.92420152, ...,  0.        ,
          0.0578628 ,  0.03212456],
        [ 0.62329032,  0.86642243,  0.94475117, ..., -0.0578628 ,
          0.        , -0.0257622 ],
        [ 0.60293765,  0.85327149,  0.93599305, ..., -0.03212456,
          0.0257622 ,  0.        ]],

       ...,

       [[ 0.        ,  0.11465839,  0.17940486, ...,  0.58547305,
          0.60428188,  0.64770612],
        [-0.11465839,  0.        ,  0.06542358, ...,  0.48865922,
          0.5089402 ,  0.55607738],
        [-0.17940486, -0.06542358,  0.        , ...,  0.43053188,
          0.45153309,  0.50051049],
        ...,
        [-0.58547305, -0.48865922, -0.43053188, ...,  0.        ,
          0.02339869,  0.07902387],
        [-0.60428188, -0.5089402 , -0.45153309, ..., -0.02339869,
          0.        ,  0.05567672],
        [-0.64770612, -0.55607738, -0.50051049, ..., -0.07902387,
         -0.05567672,  0.        ]],

       [[ 0.        ,  0.02008689, -0.00554731, ..., -0.77469168,
         -0.77969021, -0.64212778],
        [-0.02008689,  0.        , -0.02563277, ..., -0.76183365,
         -0.76695518, -0.62659966],
        [ 0.00554731,  0.02563277,  0.        , ..., -0.77818754,
         -0.78315175, -0.64637046],
        ...,
        [ 0.77469168,  0.76183365,  0.77818754, ...,  0.        ,
          0.00794347, -0.18783427],
        [ 0.77969021,  0.76695518,  0.78315175, ..., -0.00794347,
          0.        , -0.19563042],
        [ 0.64212778,  0.62659966,  0.64637046, ...,  0.18783427,
          0.19563042,  0.        ]],

       [[ 0.        , -0.31552349, -0.41643843, ..., -0.59090874,
         -0.5949915 , -0.65412704],
        [ 0.31552349,  0.        , -0.10830326, ..., -0.81526872,
         -0.81819432, -0.85936991],
        [ 0.41643843,  0.10830326,  0.        , ..., -0.87318978,
         -0.87564969, -0.90969636],
        ...,
        [ 0.59090874,  0.81526872,  0.87318978, ...,  0.        ,
          0.00507023,  0.08075508],
        [ 0.5949915 ,  0.81819432,  0.87564969, ..., -0.00507023,
          0.        ,  0.07570036],
        [ 0.65412704,  0.85936991,  0.90969636, ..., -0.08075508,
         -0.07570036,  0.        ]]]), 'num': array([ 8.88108745e-01,  4.59615464e-01,  7.96455913e-05,  3.96460206e-09,
        8.36247621e-05,  8.47128166e-05,  8.25367076e-05,  4.05185288e-03,
       -1.24349089e-06,  8.50236893e-05,  8.56454348e-05,  8.90339474e-05,
        7.53630840e-07,  8.89631910e-05,  8.23276785e-05])}
{'img': array([[[ 0.        ,  0.17608481, -0.35203322, ..., -0.94053616,
         -0.90499805, -0.82376549],
        [-0.17608481,  0.        , -0.51134588, ..., -0.8660254 ,
         -0.81594821, -0.71106627],
        [ 0.35203322,  0.51134588,  0.        , ..., -0.99991352,
         -0.99682733, -0.97061264],
        ...,
        [ 0.94053616,  0.8660254 ,  0.99991352, ...,  0.        ,
         -0.09269683, -0.25339098],
        [ 0.90499805,  0.81594821,  0.99682733, ...,  0.09269683,
          0.        , -0.1626284 ],
        [ 0.82376549,  0.71106627,  0.97061264, ...,  0.25339098,
          0.1626284 ,  0.        ]],

       [[ 0.        ,  0.35275153,  0.19851536, ..., -0.96997012,
         -0.48326058, -0.73734726],
        [-0.35275153,  0.        , -0.15997678, ..., -0.99341523,
         -0.76102085, -0.92823695],
        [-0.19851536,  0.15997678,  0.        , ..., -0.99894928,
         -0.64743817, -0.8567723 ],
        ...,
        [ 0.96997012,  0.99341523,  0.99894928, ...,  0.        ,
          0.73164549,  0.47588766],
        [ 0.48326058,  0.76102085,  0.64743817, ..., -0.73164549,
          0.        , -0.31908101],
        [ 0.73734726,  0.92823695,  0.8567723 , ..., -0.47588766,
          0.31908101,  0.        ]],

       [[ 0.        , -0.41103338, -0.59956331, ..., -0.6330135 ,
         -0.61245253, -0.61245253],
        [ 0.41103338,  0.        , -0.21761283, ..., -0.89526565,
         -0.88324907, -0.88324907],
        [ 0.59956331,  0.21761283,  0.        , ..., -0.9707644 ,
         -0.96412171, -0.96412171],
        ...,
        [ 0.6330135 ,  0.89526565,  0.9707644 , ...,  0.        ,
         -0.02627737, -0.02627737],
        [ 0.61245253,  0.88324907,  0.96412171, ...,  0.02627737,
          0.        ,  0.        ],
        [ 0.61245253,  0.88324907,  0.96412171, ...,  0.02627737,
          0.        ,  0.        ]],

       ...,

       [[ 0.        ,  0.06542358,  0.06542358, ...,  0.5089402 ,
          0.55607738,  0.68837276],
        [-0.06542358,  0.        ,  0.        , ...,  0.45153309,
          0.50051049,  0.63944251],
        [-0.06542358,  0.        ,  0.        , ...,  0.45153309,
          0.50051049,  0.63944251],
        ...,
        [-0.5089402 , -0.45153309, -0.45153309, ...,  0.        ,
          0.05567672,  0.22338917],
        [-0.55607738, -0.50051049, -0.50051049, ..., -0.05567672,
          0.        ,  0.16877292],
        [-0.68837276, -0.63944251, -0.63944251, ..., -0.22338917,
         -0.16877292,  0.        ]],

       [[ 0.        , -0.02557417, -0.01003094, ..., -0.78958296,
         -0.71950436, -0.62548709],
        [ 0.02557417,  0.        ,  0.01554522, ..., -0.80501814,
         -0.73702998, -0.64523636],
        [ 0.01003094, -0.01554522,  0.        , ..., -0.79569866,
         -0.72643453, -0.63328211],
        ...,
        [ 0.78958296,  0.80501814,  0.79569866, ...,  0.        ,
         -0.10683642, -0.23223357],
        [ 0.71950436,  0.73702998,  0.72643453, ...,  0.10683642,
          0.        , -0.1269889 ],
        [ 0.62548709,  0.64523636,  0.63328211, ...,  0.23223357,
          0.1269889 ,  0.        ]],

       [[ 0.        , -0.28271423, -0.45451305, ..., -0.60187847,
         -0.6614385 , -0.63072379],
        [ 0.28271423,  0.        , -0.18414592, ..., -0.80309645,
         -0.84649008, -0.82438124],
        [ 0.45451305,  0.18414592,  0.        , ..., -0.8990858 ,
         -0.9300543 , -0.91451645],
        ...,
        [ 0.60187847,  0.80309645,  0.8990858 , ...,  0.        ,
          0.07680816,  0.03662611],
        [ 0.6614385 ,  0.84649008,  0.9300543 , ..., -0.07680816,
          0.        , -0.04023871],
        [ 0.63072379,  0.82438124,  0.91451645, ..., -0.03662611,
          0.04023871,  0.        ]]]), 'num': array([ 7.60210516e-01,  6.49646061e-01,  2.11809302e-05, -6.86728093e-09,
        6.98007928e-05,  7.16728447e-05,  6.91322028e-05,  6.31854962e-03,
       -2.13948790e-06,  7.23949219e-05,  7.33443196e-05,  7.63173163e-05,
        5.73077116e-07,  7.63658729e-05,  7.03227663e-05])}
{'img': array([[[ 0.        , -0.51134588, -0.87486048, ..., -0.81594821,
         -0.71106627, -0.30257682],
        [ 0.51134588,  0.        , -0.50415006, ..., -0.99682733,
         -0.97061264, -0.7474035 ],
        [ 0.87486048,  0.50415006,  0.        , ..., -0.90100363,
         -0.959559  , -0.98041204],
        ...,
        [ 0.81594821,  0.99682733,  0.90100363, ...,  0.        ,
         -0.1626284 , -0.60277341],
        [ 0.71106627,  0.97061264,  0.959559  , ...,  0.1626284 ,
          0.        , -0.46498571],
