state_0,state_1,state_2,state_3,state_4,state_5,state_6,state_7,state_8,state_9,state_10,state_11,state_12,state_13,state_14,state_15,state_16,state_17,state_18,state_19,state_20,state_21,state_22,state_23,state_24,state_25,state_26,state_27,state_28,state_29,state_30,state_31,state_32,state_33,state_34,state_35,state_36,state_37,state_38,state_39,state_40,state_41,state_42,state_43,state_44,state_45,state_46,state_47,state_48,state_49,state_50,state_51,state_52,state_53,state_54,state_55,state_56,state_57,state_58,state_59,state_60,state_61,state_62,state_63,state_64,state_65,state_66,state_67,state_68,state_69,state_70,state_71,state_72,state_73,state_74,state_75,state_76,state_77,state_78,state_79,state_80,state_81,state_82,state_83,state_84,state_85,state_86,state_87,state_88,state_89,state_90,state_91,state_92,state_93,state_94,state_95,state_96,state_97,state_98,state_99,state_100,state_101,state_102,state_103,state_104,state_105,state_106,state_107,state_108,state_109,state_110,state_111,state_112,state_113,state_114,state_115,state_116,state_117,state_118,state_119,state_120,state_121,state_122,state_123,state_124,state_125,state_126,state_127,state_128,state_129,state_130,state_131,state_132,state_133,state_134,state_135,state_136,state_137,state_138,state_139,state_140,state_141,state_142,state_143,state_144,state_145,state_146,state_147,state_148,state_149,state_150,state_151,state_152,state_153,state_154,state_155,state_156,state_157,state_158,state_159,state_160,state_161,state_162,state_163,state_164,state_165,state_166,state_167,state_168,state_169,state_170,state_171,state_172,state_173,state_174,state_175,state_176,state_177,state_178,state_179,state_180,state_181,state_182,state_183,state_184,state_185,state_186,state_187,state_188,state_189,state_190,state_191,state_192,state_193,state_194,state_195,state_196,state_197,state_198,state_199,state_200,state_201,state_202,state_203,state_204,state_205,state_206,state_207,state_208,state_209,state_210,state_211,state_212,state_213,state_214,state_215,state_216,state_217,state_218,state_219,state_220,state_221,state_222,state_223,state_224,state_225,state_226,state_227,state_228,state_229,state_230,state_231,state_232,state_233,state_234,state_235,state_236,state_237,state_238,state_239,state_240,state_241,state_242,state_243,state_244,state_245,state_246,state_247,state_248,state_249,state_250,state_251,state_252,state_253,state_254,state_255,state_256,state_257,state_258,state_259,state_260,state_261,state_262,state_263,state_264,state_265,state_266,state_267,state_268,state_269,state_270,state_271,state_272,state_273,state_274,state_275,state_276,state_277,state_278,state_279,state_280,state_281,state_282,state_283,state_284,state_285,state_286,state_287
{'img': array([[[ 0.        , -0.66500889, -0.52983417, ..., -0.86964881,
         -0.74156043, -0.821908  ],
        [ 0.66500889,  0.        ,  0.16829595, ..., -0.97778008,
         -0.99996882, -0.99263256],
        [ 0.52983417, -0.16829595,  0.        , ..., -0.99911396,
         -0.9843767 , -0.99886549],
        ...,
        [ 0.86964881,  0.97778008,  0.99911396, ...,  0.        ,
         -0.21734848, -0.08961752],
        [ 0.74156043,  0.99996882,  0.9843767 , ...,  0.21734848,
          0.        ,  0.1289988 ],
        [ 0.821908  ,  0.99263256,  0.99886549, ...,  0.08961752,
         -0.1289988 ,  0.        ]],

       [[ 0.        ,  0.17243026,  0.096169  , ..., -0.73375163,
         -0.27952984, -0.23718767],
        [-0.17243026,  0.        , -0.07690249, ..., -0.83991349,
         -0.44089964, -0.40114478],
        [-0.096169  ,  0.07690249,  0.        , ..., -0.79568964,
         -0.37056964, -0.32951302],
        ...,
        [ 0.73375163,  0.83991349,  0.79568964, ...,  0.        ,
          0.51458455,  0.55166366],
        [ 0.27952984,  0.44089964,  0.37056964, ..., -0.51458455,
          0.        ,  0.04382047],
        [ 0.23718767,  0.40114478,  0.32951302, ..., -0.55166366,
         -0.04382047,  0.        ]],

       [[ 0.        , -0.43954856, -0.65488887, ..., -0.67766695,
         -0.62431777, -0.58406786],
        [ 0.43954856,  0.        , -0.2560556 , ..., -0.93192358,
         -0.90413633, -0.88140444],
        [ 0.65488887,  0.2560556 ,  0.        , ..., -0.99371493,
         -0.98339252, -0.97297126],
        ...,
        [ 0.67766695,  0.93192358,  0.99371493, ...,  0.        ,
         -0.07026951, -0.12056017],
        [ 0.62431777,  0.90413633,  0.98339252, ...,  0.07026951,
          0.        , -0.05050518],
        [ 0.58406786,  0.88140444,  0.97297126, ...,  0.12056017,
          0.05050518,  0.        ]],

       ...,

       [[ 0.        , -0.2595413 , -0.24039203, ..., -0.60725826,
         -0.42854033, -0.08625547],
        [ 0.2595413 ,  0.        ,  0.0197762 , ..., -0.38024202,
         -0.17935368,  0.17527433],
        [ 0.24039203, -0.0197762 ,  0.        , ..., -0.3984584 ,
         -0.19877412,  0.15577   ],
        ...,
        [ 0.60725826,  0.38024202,  0.3984584 , ...,  0.        ,
          0.20819437,  0.53646469],
        [ 0.42854033,  0.17935368,  0.19877412, ..., -0.20819437,
          0.        ,  0.34900942],
        [ 0.08625547, -0.17527433, -0.15577   , ..., -0.53646469,
         -0.34900942,  0.        ]],

       [[ 0.        , -0.3886215 , -0.62089113, ..., -0.62264678,
         -0.4058522 , -0.        ],
        [ 0.3886215 ,  0.        , -0.26744837, ..., -0.87780268,
         -0.72912743, -0.3886215 ],
        [ 0.62089113,  0.26744837,  0.        , ..., -0.97394001,
         -0.88560269, -0.62089113],
        ...,
        [ 0.62264678,  0.87780268,  0.97394001, ...,  0.        ,
         -0.25148043, -0.62264678],
        [ 0.4058522 ,  0.72912743,  0.88560269, ...,  0.25148043,
          0.        , -0.4058522 ],
        [ 0.        ,  0.3886215 ,  0.62089113, ...,  0.62264678,
          0.4058522 ,  0.        ]],

       [[ 0.        , -0.03816138,  0.13826964, ..., -0.90954649,
         -0.93902048, -0.95521102],
        [ 0.03816138,  0.        ,  0.17596375, ..., -0.92474392,
         -0.95145871, -0.96580816],
        [-0.13826964, -0.17596375,  0.        , ..., -0.84334479,
         -0.88245527, -0.90511834],
        ...,
        [ 0.90954649,  0.92474392,  0.84334479, ...,  0.        ,
          0.07750121,  0.12782977],
        [ 0.93902048,  0.95145871,  0.88245527, ..., -0.07750121,
          0.        ,  0.0505799 ],
        [ 0.95521102,  0.96580816,  0.90511834, ..., -0.12782977,
         -0.0505799 ,  0.        ]]]), 'num': array([ 7.07085616e-01,  7.07085616e-01,  0.00000000e+00,  0.00000000e+00,
        4.10948975e-04,  4.15699830e-04,  4.08573547e-04,  7.64682609e-03,
       -5.54266440e-06,  4.15699830e-04,  4.18510753e-04,  4.28434761e-04,
        4.18314294e-07,  4.30345321e-04,  4.06676185e-04])}
{'img': array([[[ 0.        ,  0.45515747, -0.24254884, ..., -0.97435686,
         -0.99585625, -0.94276194],
        [-0.45515747,  0.        , -0.65753425, ..., -0.76516384,
         -0.84532869, -0.68766578],
        [ 0.24254884,  0.65753425,  0.        , ..., -0.99983727,
         -0.9881769 , -0.99549223],
        ...,
        [ 0.97435686,  0.76516384,  0.99983727, ...,  0.        ,
          0.13546656, -0.11278619],
        [ 0.99585625,  0.84532869,  0.9881769 , ..., -0.13546656,
          0.        , -0.2463487 ],
        [ 0.94276194,  0.68766578,  0.99549223, ...,  0.11278619,
          0.2463487 ,  0.        ]],

       [[ 0.        , -0.07690249, -0.34182032, ..., -0.44089964,
         -0.40114478,  0.03019009],
        [ 0.07690249,  0.        , -0.26853776, ..., -0.37056964,
         -0.32951302,  0.10696812],
        [ 0.34182032,  0.26853776,  0.        , ..., -0.10753917,
         -0.06386952,  0.37003611],
        ...,
        [ 0.44089964,  0.37056964,  0.10753917, ...,  0.        ,
          0.04382047,  0.46779597],
        [ 0.40114478,  0.32951302,  0.06386952, ..., -0.04382047,
          0.        ,  0.42861649],
        [-0.03019009, -0.10696812, -0.37003611, ..., -0.46779597,
         -0.42861649,  0.        ]],

       [[ 0.        , -0.52699892, -0.6576184 , ..., -0.63872272,
         -0.59784922, -0.50929871],
        [ 0.52699892,  0.        , -0.16187221, ..., -0.94832116,
         -0.93053855, -0.88636554],
        [ 0.6576184 ,  0.16187221,  0.        , ..., -0.98717846,
         -0.97754298, -0.94962049],
        ...,
        [ 0.63872272,  0.94832116,  0.98717846, ...,  0.        ,
         -0.0519983 , -0.15780499],
        [ 0.59784922,  0.93053855,  0.97754298, ...,  0.0519983 ,
          0.        , -0.10624473],
        [ 0.50929871,  0.88636554,  0.94962049, ...,  0.15780499,
          0.10624473,  0.        ]],

       ...,

       [[ 0.        ,  0.0197762 , -0.17167014, ..., -0.17935368,
          0.17527433, -0.10044859],
        [-0.0197762 ,  0.        , -0.19111918, ..., -0.19877412,
          0.15577   , -0.12010512],
        [ 0.17167014,  0.19111918,  0.        , ..., -0.00780463,
          0.34168492,  0.0718445 ],
        ...,
        [ 0.17935368,  0.19877412,  0.00780463, ...,  0.        ,
          0.34900942,  0.07962677],
        [-0.17527433, -0.15577   , -0.34168492, ..., -0.34900942,
          0.        , -0.27328144],
        [ 0.10044859,  0.12010512, -0.0718445 , ..., -0.07962677,
          0.27328144,  0.        ]],

       [[ 0.        , -0.51434194, -0.69099665, ..., -0.4339663 ,
         -0.14060259, -0.        ],
        [ 0.51434194,  0.        , -0.22079234, ..., -0.83554869,
         -0.62981122, -0.51434194],
        [ 0.69099665,  0.22079234,  0.        , ..., -0.93623499,
         -0.78576807, -0.69099665],
        ...,
        [ 0.4339663 ,  0.83554869,  0.93623499, ...,  0.        ,
         -0.30298236, -0.4339663 ],
        [ 0.14060259,  0.62981122,  0.78576807, ...,  0.30298236,
          0.        , -0.14060259],
        [ 0.        ,  0.51434194,  0.69099665, ...,  0.4339663 ,
          0.14060259,  0.        ]],

       [[ 0.        ,  0.17596375,  0.40548372, ..., -0.95145871,
         -0.96580816, -0.94928642],
        [-0.17596375,  0.        ,  0.23830795, ..., -0.88245527,
         -0.90511834, -0.87914915],
        [-0.40548372, -0.23830795,  0.        , ..., -0.74493223,
         -0.77772261, -0.74025567],
        ...,
        [ 0.95145871,  0.88245527,  0.74493223, ...,  0.        ,
          0.0505799 , -0.00698264],
        [ 0.96580816,  0.90511834,  0.77772261, ..., -0.0505799 ,
          0.        , -0.05755236],
        [ 0.94928642,  0.87914915,  0.74025567, ...,  0.00698264,
          0.05755236,  0.        ]]]), 'num': array([7.07094498e-01, 7.07094498e-01, 0.00000000e+00, 0.00000000e+00,
       4.10954137e-04, 4.12537775e-04, 4.09370499e-04, 5.77563971e-03,
       0.00000000e+00, 4.14121414e-04, 4.17407463e-04, 4.27661521e-04,
       3.51919621e-07, 4.27600424e-04, 4.07214502e-04])}
{'img': array([[[ 0.        , -0.65753425, -0.84532869, ..., -0.84532869,
         -0.68766578, -0.68766578],
        [ 0.65753425,  0.        , -0.28560606, ..., -0.9881769 ,
         -0.99549223, -0.99549223],
        [ 0.84532869,  0.28560606,  0.        , ..., -0.90322792,
         -0.98111488, -0.98111488],
        ...,
        [ 0.84532869,  0.9881769 ,  0.90322792, ...,  0.        ,
         -0.2463487 , -0.2463487 ],
        [ 0.68766578,  0.99549223,  0.98111488, ...,  0.2463487 ,
          0.        ,  0.        ],
        [ 0.68766578,  0.99549223,  0.98111488, ...,  0.2463487 ,
          0.        ,  0.        ]],

       [[ 0.        , -0.26853776, -0.26496658, ..., -0.32951302,
          0.10696812, -0.20723655],
        [ 0.26853776,  0.        ,  0.00370544, ..., -0.06386952,
          0.37003611,  0.06308347],
        [ 0.26496658, -0.00370544,  0.        , ..., -0.06756696,
          0.36659115,  0.05938497],
        ...,
        [ 0.32951302,  0.06386952,  0.06756696, ...,  0.        ,
          0.42861649,  0.12669698],
        [-0.10696812, -0.37003611, -0.36659115, ..., -0.42861649,
          0.        , -0.31069345],
        [ 0.20723655, -0.06308347, -0.05938497, ..., -0.12669698,
          0.31069345,  0.        ]],

       [[ 0.        , -0.44475519, -0.74793843, ..., -0.61885246,
         -0.52795015, -0.42059959],
        [ 0.44475519,  0.        , -0.37467836, ..., -0.90363498,
         -0.85057933, -0.78021347],
        [ 0.74793843,  0.37467836,  0.        , ..., -0.99828558,
         -0.98564215, -0.95774502],
        ...,
        [ 0.61885246,  0.90363498,  0.99828558, ...,  0.        ,
         -0.11086748, -0.23106763],
        [ 0.52795015,  0.85057933,  0.98564215, ...,  0.11086748,
          0.        , -0.12177599],
        [ 0.42059959,  0.78021347,  0.95774502, ...,  0.23106763,
          0.12177599,  0.        ]],

       ...,

       [[ 0.        , -0.19111918, -0.4554174 , ...,  0.15577   ,
         -0.12010512, -0.46212039],
        [ 0.19111918,  0.        , -0.2768734 , ...,  0.34168492,
          0.0718445 , -0.28411428],
        [ 0.4554174 ,  0.2768734 ,  0.        , ...,  0.58853688,
          0.34519376, -0.00754366],
        ...,
        [-0.15577   , -0.34168492, -0.58853688, ...,  0.        ,
         -0.27328144, -0.59461897],
        [ 0.12010512, -0.0718445 , -0.34519376, ...,  0.27328144,
          0.        , -0.3522639 ],
        [ 0.46212039,  0.28411428,  0.00754366, ...,  0.59461897,
          0.3522639 ,  0.        ]],

       [[ 0.        , -0.5073101 , -0.53873277, ..., -0.4445051 ,
         -0.42334414, -0.        ],
        [ 0.5073101 ,  0.        , -0.03686333, ..., -0.83749468,
         -0.82442976, -0.5073101 ],
        [ 0.53873277,  0.03686333,  0.        , ..., -0.85706925,
         -0.84473274, -0.53873277],
        ...,
        [ 0.4445051 ,  0.83749468,  0.85706925, ...,  0.        ,
         -0.02348616, -0.4445051 ],
        [ 0.42334414,  0.82442976,  0.84473274, ...,  0.02348616,
          0.        , -0.42334414],
        [ 0.        ,  0.5073101 ,  0.53873277, ...,  0.4445051 ,
          0.42334414,  0.        ]],

       [[ 0.        ,  0.23830795, -0.17453991, ..., -0.90511834,
         -0.87914915, -0.89396563],
        [-0.23830795,  0.        , -0.4041613 , ..., -0.77772261,
         -0.74025567, -0.7614159 ],
        [ 0.17453991,  0.4041613 ,  0.        , ..., -0.9654322 ,
         -0.94883072, -0.95846088],
        ...,
        [ 0.90511834,  0.77772261,  0.9654322 , ...,  0.        ,
         -0.05755236, -0.0255375 ],
        [ 0.87914915,  0.74025567,  0.94883072, ...,  0.05755236,
          0.        ,  0.03203842],
        [ 0.89396563,  0.7614159 ,  0.95846088, ...,  0.0255375 ,
         -0.03203842,  0.        ]]]), 'num': array([ 7.07072658e-01,  7.07072658e-01,  0.00000000e+00,  0.00000000e+00,
        4.06190676e-04,  4.13316828e-04,  4.06190676e-04,  9.75391292e-03,
       -4.75076814e-06,  4.11574880e-04,  4.16325648e-04,  4.26737748e-04,
        2.90863356e-07,  4.26509987e-04,  4.06141309e-04])}
{'img': array([[[ 0.        , -0.66143783, -0.69526861, ..., -0.72618438,
         -0.72618438, -0.48412292],
        [ 0.66143783,  0.        , -0.04604302, ..., -0.99937679,
         -0.99937679, -0.94185029],
        [ 0.69526861,  0.04604302,  0.        , ..., -0.99994219,
         -0.99994219, -0.95632338],
        ...,
        [ 0.72618438,  0.99937679,  0.99994219, ...,  0.        ,
          0.        , -0.30257682],
        [ 0.72618438,  0.99937679,  0.99994219, ...,  0.        ,
          0.        , -0.30257682],
        [ 0.48412292,  0.94185029,  0.95632338, ...,  0.30257682,
          0.30257682,  0.        ]],

       [[ 0.        ,  0.00370544, -0.10136524, ...,  0.37003611,
          0.06308347,  0.66676346],
        [-0.00370544,  0.        , -0.1050509 , ...,  0.36659115,
          0.05938497,  0.66399733],
        [ 0.10136524,  0.1050509 ,  0.        , ...,  0.46230023,
          0.16392189,  0.73887356],
        ...,
        [-0.37003611, -0.36659115, -0.46230023, ...,  0.        ,
         -0.31069345,  0.34365825],
        [-0.06308347, -0.05938497, -0.16392189, ...,  0.31069345,
          0.        ,  0.61842126],
        [-0.66676346, -0.66399733, -0.73887356, ..., -0.34365825,
         -0.61842126,  0.        ]],

       [[ 0.        , -0.65531964, -0.7935058 , ..., -0.54106839,
         -0.43144201, -0.        ],
        [ 0.65531964,  0.        , -0.20057285, ..., -0.95980671,
         -0.91708095, -0.65531964],
        [ 0.7935058 ,  0.20057285,  0.        , ..., -0.99659543,
         -0.97841336, -0.7935058 ],
        ...,
        [ 0.54106839,  0.95980671,  0.99659543, ...,  0.        ,
         -0.12528631, -0.54106839],
        [ 0.43144201,  0.91708095,  0.97841336, ...,  0.12528631,
          0.        , -0.43144201],
        [ 0.        ,  0.65531964,  0.7935058 , ...,  0.54106839,
          0.43144201,  0.        ]],

       ...,

       [[ 0.        , -0.2768734 , -0.36421285, ...,  0.0718445 ,
         -0.28411428, -0.56767479],
        [ 0.2768734 ,  0.        , -0.09211791, ...,  0.34519376,
         -0.00754366, -0.31754551],
        [ 0.36421285,  0.09211791,  0.        , ...,  0.43018159,
          0.0846037 , -0.22884518],
        ...,
        [-0.0718445 , -0.34519376, -0.43018159, ...,  0.        ,
         -0.3522639 , -0.62535403],
        [ 0.28411428,  0.00754366, -0.0846037 , ...,  0.3522639 ,
          0.        , -0.31038325],
        [ 0.56767479,  0.31754551,  0.22884518, ...,  0.62535403,
          0.31038325,  0.        ]],

       [[ 0.        , -0.20055226, -0.22691731, ..., -0.50665554,
         -0.27584579, -0.        ],
        [ 0.20055226,  0.        , -0.02698637, ..., -0.66926767,
         -0.46301265, -0.20055226],
        [ 0.22691731,  0.02698637,  0.        , ..., -0.68907537,
         -0.48676344, -0.22691731],
        ...,
        [ 0.50665554,  0.66926767,  0.68907537, ...,  0.        ,
         -0.24917821, -0.50665554],
        [ 0.27584579,  0.46301265,  0.48676344, ...,  0.24917821,
          0.        , -0.27584579],
        [ 0.        ,  0.20055226,  0.22691731, ...,  0.50665554,
          0.27584579,  0.        ]],

       [[ 0.        , -0.4041613 , -0.55922912, ..., -0.74025567,
         -0.7614159 , -0.71791876],
        [ 0.4041613 ,  0.        , -0.17646498, ..., -0.94883072,
         -0.95846088, -0.93801903],
        [ 0.55922912,  0.17646498,  0.        , ..., -0.98966566,
         -0.99375173, -0.98445852],
        ...,
        [ 0.74025567,  0.94883072,  0.98966566, ...,  0.        ,
          0.03203842, -0.03263681],
        [ 0.7614159 ,  0.95846088,  0.99375173, ..., -0.03203842,
          0.        , -0.06464141],
        [ 0.71791876,  0.93801903,  0.98445852, ...,  0.03263681,
          0.06464141,  0.        ]]]), 'num': array([ 7.07094928e-01,  7.07094928e-01,  0.00000000e+00,  0.00000000e+00,
        4.05411650e-04,  4.09370748e-04,  4.03828010e-04,  5.67124972e-03,
       -7.91819628e-07,  4.10004203e-04,  4.15507350e-04,  4.25946172e-04,
        2.63939876e-07,  4.26385868e-04,  4.04628832e-04])}
{'img': array([[[ 0.        , -0.04901998,  0.31590714, ..., -0.99744081,
         -0.92804068, -0.8999478 ],
        [ 0.04901998,  0.        ,  0.36203702, ..., -0.99974647,
         -0.94518389, -0.92023848],
        [-0.31590714, -0.36203702,  0.        , ..., -0.92377552,
         -0.76284709, -0.7161268 ],
        ...,
        [ 0.99744081,  0.99974647,  0.92377552, ...,  0.        ,
         -0.30517337, -0.37053817],
        [ 0.92804068,  0.94518389,  0.76284709, ...,  0.30517337,
          0.        , -0.06941203],
        [ 0.8999478 ,  0.92023848,  0.7161268 , ...,  0.37053817,
          0.06941203,  0.        ]],

       [[ 0.        , -0.1050509 , -0.12342301, ...,  0.05938497,
          0.66399733,  0.04094044],
        [ 0.1050509 ,  0.        , -0.01849239, ...,  0.16392189,
          0.73887356,  0.14567674],
        [ 0.12342301,  0.01849239,  0.        , ...,  0.18213611,
          0.7512082 ,  0.16394695],
        ...,
        [-0.05938497, -0.16392189, -0.18213611, ...,  0.        ,
          0.61842126, -0.018467  ],
        [-0.66399733, -0.73887356, -0.7512082 , ..., -0.61842126,
          0.        , -0.63282803],
        [-0.04094044, -0.14567674, -0.16394695, ...,  0.018467  ,
          0.63282803,  0.        ]],

       [[ 0.        , -0.54508031, -0.62011391, ..., -0.56525559,
         -0.36075677, -0.        ],
        [ 0.54508031,  0.        , -0.09227156, ..., -0.92354652,
         -0.81082721, -0.54508031],
        [ 0.62011391,  0.09227156,  0.        , ..., -0.95499145,
         -0.86137334, -0.62011391],
        ...,
        [ 0.56525559,  0.92354652,  0.95499145, ...,  0.        ,
         -0.22959727, -0.56525559],
        [ 0.36075677,  0.81082721,  0.86137334, ...,  0.22959727,
          0.        , -0.36075677],
        [ 0.        ,  0.54508031,  0.62011391, ...,  0.56525559,
          0.36075677,  0.        ]],

       ...,

       [[ 0.        , -0.09211791,  0.08424619, ..., -0.00754366,
         -0.31754551, -0.45002843],
        [ 0.09211791,  0.        ,  0.17567841, ...,  0.0846037 ,
         -0.22884518, -0.36585235],
        [-0.08424619, -0.17567841,  0.        , ..., -0.09176063,
         -0.39630249, -0.52366161],
        ...,
        [ 0.00754366, -0.0846037 ,  0.09176063, ...,  0.        ,
         -0.31038325, -0.44327903],
        [ 0.31754551,  0.22884518,  0.39630249, ...,  0.31038325,
          0.        , -0.14316366],
        [ 0.45002843,  0.36585235,  0.52366161, ...,  0.44327903,
          0.14316366,  0.        ]],

       [[ 0.        , -0.03004052, -0.04297272, ..., -0.45735205,
         -0.27416208, -0.17720906],
        [ 0.03004052,  0.        , -0.01294055, ..., -0.48386025,
         -0.30292782, -0.20669416],
        [ 0.04297272,  0.01294055,  0.        , ..., -0.4951446 ,
         -0.31523498, -0.21933796],
        ...,
        [ 0.45735205,  0.48386025,  0.4951446 , ...,  0.        ,
         -0.1960195 , -0.29252416],
        [ 0.27416208,  0.30292782,  0.31523498, ...,  0.1960195 ,
          0.        , -0.09940395],
        [ 0.17720906,  0.20669416,  0.21933796, ...,  0.29252416,
          0.09940395,  0.        ]],

       [[ 0.        , -0.41349138, -0.3881847 , ..., -0.77448565,
         -0.73080407, -0.65631855],
        [ 0.41349138,  0.        ,  0.02762076, ..., -0.96674653,
         -0.94764694, -0.9095559 ],
        [ 0.3881847 , -0.02762076,  0.        , ..., -0.95931406,
         -0.93846552, -0.8977302 ],
        ...,
        [ 0.77448565,  0.96674653,  0.95931406, ...,  0.        ,
         -0.06635364, -0.16915545],
        [ 0.73080407,  0.94764694,  0.93846552, ...,  0.06635364,
          0.        , -0.10338521],
        [ 0.65631855,  0.9095559 ,  0.8977302 , ...,  0.16915545,
          0.10338521,  0.        ]]]), 'num': array([ 7.76302173e-01,  6.30327610e-01,  2.86224633e-06, -2.33034824e-11,
        4.43691680e-04,  4.46301631e-04,  4.41081729e-04,  6.35659671e-03,
       -1.73996737e-06,  4.47693605e-04,  4.56045449e-04,  4.67195740e-04,
        1.65711178e-07,  4.69188826e-04,  4.42902071e-04])}
{'img': array([[[ 0.        ,  0.36203702,  0.66591038, ..., -0.94518389,
         -0.92023848, -0.83125481],
        [-0.36203702,  0.        ,  0.35064638, ..., -0.76284709,
         -0.7161268 , -0.57361224],
        [-0.66591038, -0.35064638,  0.        , ..., -0.48769179,
         -0.42591771, -0.2499685 ],
        ...,
        [ 0.94518389,  0.76284709,  0.48769179, ...,  0.        ,
         -0.06941203, -0.25398304],
        [ 0.92023848,  0.7161268 ,  0.42591771, ...,  0.06941203,
          0.        , -0.18623453],
        [ 0.83125481,  0.57361224,  0.2499685 , ...,  0.25398304,
          0.18623453,  0.        ]],

       [[ 0.        , -0.01849239, -0.17131366, ...,  0.73887356,
          0.14567674,  0.16563247],
        [ 0.01849239,  0.        , -0.15306536, ...,  0.7512082 ,
          0.16394695,  0.18384111],
        [ 0.17131366,  0.15306536,  0.        , ...,  0.84338915,
          0.31300926,  0.33213125],
        ...,
        [-0.73887356, -0.7512082 , -0.84338915, ...,  0.        ,
         -0.63282803, -0.61705745],
        [-0.14567674, -0.16394695, -0.31300926, ...,  0.63282803,
          0.        ,  0.02020096],
        [-0.16563247, -0.18384111, -0.33213125, ...,  0.61705745,
         -0.02020096,  0.        ]],

       [[ 0.        , -0.32811819, -0.48334035, ..., -0.57226436,
         -0.4573761 , -0.        ],
        [ 0.32811819,  0.        , -0.16933569, ..., -0.80966153,
         -0.723841  , -0.32811819],
        [ 0.48334035,  0.16933569,  0.        , ..., -0.89735137,
         -0.83022361, -0.48334035],
        ...,
        [ 0.57226436,  0.80966153,  0.89735137, ...,  0.        ,
         -0.1338194 , -0.57226436],
        [ 0.4573761 ,  0.723841  ,  0.83022361, ...,  0.1338194 ,
          0.        , -0.4573761 ],
        [ 0.        ,  0.32811819,  0.48334035, ...,  0.57226436,
          0.4573761 ,  0.        ]],

       ...,

       [[ 0.        ,  0.17567841,  0.15728329, ..., -0.22884518,
         -0.36585235, -0.92660135],
        [-0.17567841,  0.        , -0.01865468, ..., -0.39630249,
         -0.52366161, -0.97825349],
        [-0.15728329,  0.01865468,  0.        , ..., -0.3791063 ,
         -0.50767807, -0.97421404],
        ...,
        [ 0.22884518,  0.39630249,  0.3791063 , ...,  0.        ,
         -0.14316366, -0.81595586],
        [ 0.36585235,  0.52366161,  0.50767807, ...,  0.14316366,
          0.        , -0.72478577],
        [ 0.92660135,  0.97825349,  0.97421404, ...,  0.81595586,
          0.72478577,  0.        ]],

       [[ 0.        , -0.01294055, -0.04171457, ..., -0.30292782,
         -0.20669416, -0.41206538],
        [ 0.01294055,  0.        , -0.02878178, ..., -0.31523498,
         -0.21933796, -0.42382172],
        [ 0.04171457,  0.02878178,  0.        , ..., -0.34241869,
         -0.24732801, -0.44971511],
        ...,
        [ 0.30292782,  0.31523498,  0.34241869, ...,  0.        ,
         -0.09940395,  0.11668989],
        [ 0.20669416,  0.21933796,  0.24732801, ...,  0.09940395,
          0.        ,  0.21483681],
        [ 0.41206538,  0.42382172,  0.44971511, ..., -0.11668989,
         -0.21483681,  0.        ]],

       [[ 0.        ,  0.03838674,  0.16998455, ..., -0.91128597,
         -0.86320702, -0.79738229],
        [-0.03838674,  0.        ,  0.13203117, ..., -0.89480765,
         -0.84319125, -0.77362917],
        [-0.16998455, -0.13203117,  0.        , ..., -0.82802855,
         -0.76482781, -0.68319643],
        ...,
        [ 0.91128597,  0.89480765,  0.82802855, ...,  0.        ,
         -0.10461658, -0.22159651],
        [ 0.86320702,  0.84319125,  0.76482781, ...,  0.10461658,
          0.        , -0.11836489],
        [ 0.79738229,  0.77362917,  0.68319643, ...,  0.22159651,
          0.11836489,  0.        ]]]), 'num': array([ 8.90846889e-01,  4.54267334e-01,  8.49376565e-06, -8.01839134e-10,
        5.11217277e-04,  5.12211863e-04,  5.04255174e-04,  5.55620575e-03,
        3.97834457e-06,  5.10819442e-04,  5.21163138e-04,  5.33280513e-04,
        2.59457254e-07,  5.36609673e-04,  5.05716604e-04])}
{'img': array([[[ 0.        ,  0.35064638,  0.10541726, ..., -0.7161268 ,
         -0.57361224, -0.80127888],
        [-0.35064638,  0.        , -0.2499685 , ..., -0.42591771,
         -0.2499685 , -0.54061544],
        [-0.10541726,  0.2499685 ,  0.        , ..., -0.63855849,
         -0.48406599, -0.73374401],
        ...,
        [ 0.7161268 ,  0.42591771,  0.63855849, ...,  0.        ,
         -0.18623453,  0.13081653],
        [ 0.57361224,  0.2499685 ,  0.48406599, ...,  0.18623453,
          0.        ,  0.31316208],
        [ 0.80127888,  0.54061544,  0.73374401, ..., -0.13081653,
         -0.31316208,  0.        ]],

       [[ 0.        , -0.15306536, -0.15903502, ...,  0.16394695,
          0.18384111, -0.07018802],
        [ 0.15306536,  0.        , -0.00604368, ...,  0.31300926,
          0.33213125,  0.08332693],
        [ 0.15903502,  0.00604368,  0.        , ...,  0.31874353,
          0.33782578,  0.08934807],
        ...,
        [-0.16394695, -0.31300926, -0.31874353, ...,  0.        ,
          0.02020096, -0.23278094],
        [-0.18384111, -0.33213125, -0.33782578, ..., -0.02020096,
          0.        , -0.25237945],
        [ 0.07018802, -0.08332693, -0.08934807, ...,  0.23278094,
          0.25237945,  0.        ]],

       [[ 0.        , -0.36738253, -0.40098661, ..., -0.52167082,
         -0.26212119, -0.        ],
        [ 0.36738253,  0.        , -0.03639236, ..., -0.7986216 ,
         -0.59832802, -0.36738253],
        [ 0.40098661,  0.03639236,  0.        , ..., -0.81999471,
         -0.6270911 , -0.40098661],
        ...,
        [ 0.52167082,  0.7986216 ,  0.81999471, ...,  0.        ,
         -0.27980272, -0.52167082],
        [ 0.26212119,  0.59832802,  0.6270911 , ...,  0.27980272,
          0.        , -0.26212119],
        [ 0.        ,  0.36738253,  0.40098661, ...,  0.52167082,
          0.26212119,  0.        ]],

       ...,

       [[ 0.        , -0.01865468, -0.23405195, ..., -0.52366161,
         -0.97825349, -0.77712008],
        [ 0.01865468,  0.        , -0.2158747 , ..., -0.50767807,
         -0.97421404, -0.76524449],
        [ 0.23405195,  0.2158747 ,  0.        , ..., -0.3097214 ,
         -0.90253622, -0.60823372],
        ...,
        [ 0.52366161,  0.50767807,  0.3097214 , ...,  0.        ,
         -0.72478577, -0.33248142],
        [ 0.97825349,  0.97421404,  0.90253622, ...,  0.72478577,
          0.        ,  0.45448142],
        [ 0.77712008,  0.76524449,  0.60823372, ...,  0.33248142,
         -0.45448142,  0.        ]],

       [[ 0.        , -0.02878178, -0.03352288, ..., -0.21933796,
         -0.42382172, -0.4488674 ],
        [ 0.02878178,  0.        , -0.00474338, ..., -0.24732801,
         -0.44971511, -0.4744008 ],
        [ 0.03352288,  0.00474338,  0.        , ..., -0.25192124,
         -0.45394671, -0.4785711 ],
        ...,
        [ 0.21933796,  0.24732801,  0.25192124, ...,  0.        ,
          0.21483681,  0.24193696],
        [ 0.42382172,  0.44971511,  0.45394671, ..., -0.21483681,
          0.        ,  0.02783329],
        [ 0.4488674 ,  0.4744008 ,  0.4785711 , ..., -0.24193696,
         -0.02783329,  0.        ]],

       [[ 0.        ,  0.13203117,  0.17453868, ..., -0.84319125,
         -0.77362917, -0.74562038],
        [-0.13203117,  0.        ,  0.04300616, ..., -0.76482781,
         -0.68319643, -0.65111116],
        [-0.17453868, -0.04300616,  0.        , ..., -0.73641414,
         -0.65115975, -0.61786784],
        ...,
        [ 0.84319125,  0.76482781,  0.73641414, ...,  0.        ,
         -0.11836489, -0.1610224 ],
        [ 0.77362917,  0.68319643,  0.65115975, ...,  0.11836489,
          0.        , -0.04307013],
        [ 0.74562038,  0.65111116,  0.61786784, ...,  0.1610224 ,
          0.04307013,  0.        ]]]), 'num': array([ 8.18156248e-01,  5.74939308e-01,  4.75962700e-06,  2.47450175e-09,
        4.67724884e-04,  4.74132074e-04,  4.67724884e-04,  7.95820619e-03,
       -2.74593866e-06,  4.68640197e-04,  4.79395124e-04,  4.89875456e-04,
        2.67896454e-07,  4.94209343e-04,  4.64580904e-04])}
{'img': array([[[ 0.        , -0.2499685 , -0.2499685 , ..., -0.2499685 ,
         -0.54061544, -0.35064638],
        [ 0.2499685 ,  0.        ,  0.        , ..., -0.48406599,
         -0.73374401, -0.57361224],
        [ 0.2499685 ,  0.        ,  0.        , ..., -0.48406599,
         -0.73374401, -0.57361224],
        ...,
        [ 0.2499685 ,  0.48406599,  0.48406599, ...,  0.        ,
          0.31316208,  0.10541726],
        [ 0.54061544,  0.73374401,  0.73374401, ..., -0.31316208,
          0.        , -0.21130242],
        [ 0.35064638,  0.57361224,  0.57361224, ..., -0.10541726,
          0.21130242,  0.        ]],

       [[ 0.        , -0.00604368,  0.98750418, ...,  0.33213125,
          0.08332693,  0.50249057],
        [ 0.00604368,  0.        ,  0.98653371, ...,  0.33782578,
          0.08934807,  0.50770665],
        [-0.98750418, -0.98653371,  0.        , ..., -0.9837882 ,
         -0.99720163, -0.93296792],
        ...,
        [-0.33213125, -0.33782578,  0.9837882 , ...,  0.        ,
         -0.25237945,  0.18681085],
        [-0.08332693, -0.08934807,  0.99720163, ...,  0.25237945,
          0.        ,  0.42870001],
        [-0.50249057, -0.50770665,  0.93296792, ..., -0.18681085,
         -0.42870001,  0.        ]],

       [[ 0.        , -0.05341026,  0.23405972, ..., -0.6166129 ,
         -0.54059774, -0.23405972],
        [ 0.05341026,  0.        ,  0.28565228, ..., -0.65778088,
         -0.58475917, -0.28565228],
        [-0.23405972, -0.28565228,  0.        , ..., -0.41521739,
         -0.3286711 , -0.        ],
        ...,
        [ 0.6166129 ,  0.65778088,  0.41521739, ...,  0.        ,
         -0.09315035, -0.41521739],
        [ 0.54059774,  0.58475917,  0.3286711 , ...,  0.09315035,
          0.        , -0.3286711 ],
        [ 0.23405972,  0.28565228,  0.        , ...,  0.41521739,
          0.3286711 ,  0.        ]],

       ...,

       [[ 0.        , -0.2158747 , -0.32654095, ..., -0.97421404,
         -0.76524449, -0.6553533 ],
        [ 0.2158747 ,  0.        , -0.11480036, ..., -0.90253622,
         -0.60823372, -0.47684576],
        [ 0.32654095,  0.11480036,  0.        , ..., -0.84713455,
         -0.51308873, -0.37278512],
        ...,
        [ 0.97421404,  0.90253622,  0.84713455, ...,  0.        ,
          0.45448142,  0.58798116],
        [ 0.76524449,  0.60823372,  0.51308873, ..., -0.45448142,
          0.        ,  0.15612939],
        [ 0.6553533 ,  0.47684576,  0.37278512, ..., -0.58798116,
         -0.15612939,  0.        ]],

       [[ 0.        , -0.00474338, -0.00948262, ..., -0.44971511,
         -0.4744008 , -0.51249614],
        [ 0.00474338,  0.        , -0.00473935, ..., -0.45394671,
         -0.4785711 , -0.51656347],
        [ 0.00948262,  0.00473935,  0.        , ..., -0.45816451,
         -0.48272711, -0.52061573],
        ...,
        [ 0.44971511,  0.45394671,  0.45816451, ...,  0.        ,
          0.02783329,  0.07158157],
        [ 0.4744008 ,  0.4785711 ,  0.48272711, ..., -0.02783329,
          0.        ,  0.04379195],
        [ 0.51249614,  0.51656347,  0.52061573, ..., -0.07158157,
         -0.04379195,  0.        ]],

       [[ 0.        ,  0.04300616,  0.14664162, ..., -0.68319643,
         -0.65111116, -0.59769569],
        [-0.04300616,  0.        ,  0.1039647 , ..., -0.65115975,
         -0.61786784, -0.56266368],
        [-0.14664162, -0.1039647 ,  0.        , ..., -0.56872807,
         -0.53277404, -0.47366845],
        ...,
        [ 0.68319643,  0.65115975,  0.56872807, ...,  0.        ,
         -0.04307013, -0.11127622],
        [ 0.65111116,  0.61786784,  0.53277404, ...,  0.04307013,
          0.        , -0.06837033],
        [ 0.59769569,  0.56266368,  0.47366845, ...,  0.11127622,
          0.06837033,  0.        ]]]), 'num': array([7.79705787e-01, 6.26103704e-01, 3.00004069e-06, 6.89978498e-10,
       4.46517684e-04, 4.50006103e-04, 4.45645579e-04, 7.16905072e-03,
       8.72104852e-07, 4.46343263e-04, 4.56241653e-04, 4.65878412e-04,
       2.23616629e-07, 4.71044589e-04, 4.41438717e-04])}
{'img': array([[[ 0.        ,  0.        , -0.70452676, ..., -0.54457881,
         -0.35336939, -0.42916564],
        [ 0.        ,  0.        , -0.70452676, ..., -0.54457881,
         -0.35336939, -0.42916564],
        [ 0.70452676,  0.70452676,  0.        , ..., -0.9773687 ,
         -0.9098517 , -0.94091591],
        ...,
        [ 0.54457881,  0.54457881,  0.9773687 , ...,  0.        ,
         -0.21307036, -0.13193226],
        [ 0.35336939,  0.35336939,  0.9098517 , ...,  0.21307036,
          0.        ,  0.08230518],
        [ 0.42916564,  0.42916564,  0.94091591, ...,  0.13193226,
         -0.08230518,  0.        ]],

       [[ 0.        ,  0.98653371,  0.51872225, ...,  0.08934807,
          0.50770665,  0.45234656],
        [-0.98653371,  0.        , -0.92827112, ..., -0.99720163,
         -0.93296792, -0.95381737],
        [-0.51872225,  0.92827112,  0.        , ..., -0.44026011,
         -0.01283463, -0.07588797],
        ...,
        [-0.08934807,  0.99720163,  0.44026011, ...,  0.        ,
          0.42870001,  0.370853  ],
        [-0.50770665,  0.93296792,  0.01283463, ..., -0.42870001,
          0.        , -0.0630841 ],
        [-0.45234656,  0.95381737,  0.07588797, ..., -0.370853  ,
          0.0630841 ,  0.        ]],

       [[ 0.        ,  0.28516814,  0.12230429, ..., -0.60038389,
         -0.39576145, -0.28516814],
        [-0.28516814,  0.        , -0.16580136, ..., -0.34740209,
         -0.11744334, -0.        ],
        [-0.12230429,  0.16580136,  0.        , ..., -0.49806839,
         -0.28047178, -0.16580136],
        ...,
        [ 0.60038389,  0.34740209,  0.49806839, ...,  0.        ,
         -0.23486939, -0.34740209],
        [ 0.39576145,  0.11744334,  0.28047178, ...,  0.23486939,
          0.        , -0.11744334],
        [ 0.28516814,  0.        ,  0.16580136, ...,  0.34740209,
          0.11744334,  0.        ]],

       ...,

       [[ 0.        , -0.11480036, -0.28530934, ..., -0.60823372,
         -0.47684576, -0.62670286],
        [ 0.11480036,  0.        , -0.17339431, ..., -0.51308873,
         -0.37278512, -0.53310034],
        [ 0.28530934,  0.17339431,  0.        , ..., -0.35648621,
         -0.2062427 , -0.37832459],
        ...,
        [ 0.60823372,  0.51308873,  0.35648621, ...,  0.        ,
          0.15612939, -0.02347922],
        [ 0.47684576,  0.37278512,  0.2062427 , ..., -0.15612939,
          0.        , -0.17927763],
        [ 0.62670286,  0.53310034,  0.37832459, ...,  0.02347922,
          0.17927763,  0.        ]],

       [[ 0.        , -0.00473935,  0.08206296, ..., -0.4785711 ,
         -0.51656347, -0.53221748],
        [ 0.00473935,  0.        ,  0.08678541, ..., -0.48272711,
         -0.52061573, -0.53622388],
        [-0.08206296, -0.08678541,  0.        , ..., -0.40490167,
         -0.44455485, -0.46094726],
        ...,
        [ 0.4785711 ,  0.48272711,  0.40490167, ...,  0.        ,
          0.04379195,  0.06215096],
        [ 0.51656347,  0.52061573,  0.44455485, ..., -0.04379195,
          0.        ,  0.01838405],
        [ 0.53221748,  0.53622388,  0.46094726, ..., -0.06215096,
         -0.01838405,  0.        ]],

       [[ 0.        ,  0.1039647 , -0.30806632, ..., -0.61786784,
         -0.56266368, -0.45340732],
        [-0.1039647 ,  0.        , -0.40530527, ..., -0.53277404,
         -0.47366845, -0.35828622],
        [ 0.30806632,  0.40530527,  0.        , ..., -0.83004476,
         -0.78997255, -0.70593637],
        ...,
        [ 0.61786784,  0.53277404,  0.83004476, ...,  0.        ,
         -0.06837033, -0.19420171],
        [ 0.56266368,  0.47366845,  0.78997255, ...,  0.06837033,
          0.        , -0.12667862],
        [ 0.45340732,  0.35828622,  0.70593637, ...,  0.19420171,
          0.12667862,  0.        ]]]), 'num': array([7.63617052e-01, 6.45617708e-01, 2.25620160e-06, 9.38252657e-10,
       4.45280543e-04, 4.46131940e-04, 4.35915178e-04, 8.07412820e-03,
       9.36536515e-06, 4.37617972e-04, 4.45280543e-04, 4.54135070e-04,
       3.47508911e-07, 4.59689035e-04, 4.30872051e-04])}
{'img': array([[[ 0.        , -0.70452676, -0.54457881, ..., -0.35336939,
         -0.42916564, -0.83622461],
        [ 0.70452676,  0.        ,  0.20441813, ..., -0.9098517 ,
         -0.94091591, -0.97980311],
        [ 0.54457881, -0.20441813,  0.        , ..., -0.80581902,
         -0.851823  , -0.99998966],
        ...,
        [ 0.35336939,  0.9098517 ,  0.80581902, ...,  0.        ,
          0.08230518,  0.58849142],
        [ 0.42916564,  0.94091591,  0.851823  , ..., -0.08230518,
          0.        ,  0.51995075],
