state_0,state_1,state_2,state_3,state_4,state_5,state_6,state_7,state_8,state_9,state_10,state_11,state_12,state_13,state_14,state_15,state_16,state_17,state_18,state_19,state_20,state_21,state_22,state_23,state_24,state_25,state_26,state_27,state_28,state_29,state_30,state_31,state_32,state_33,state_34,state_35,state_36,state_37,state_38,state_39,state_40,state_41,state_42,state_43,state_44,state_45,state_46,state_47,state_48,state_49,state_50,state_51,state_52,state_53,state_54,state_55,state_56,state_57,state_58,state_59,state_60,state_61,state_62,state_63,state_64,state_65,state_66,state_67,state_68,state_69,state_70,state_71,state_72,state_73,state_74,state_75,state_76,state_77,state_78,state_79,state_80,state_81,state_82,state_83,state_84,state_85,state_86,state_87,state_88,state_89,state_90,state_91,state_92,state_93,state_94,state_95,state_96,state_97,state_98,state_99,state_100,state_101,state_102,state_103,state_104,state_105,state_106,state_107,state_108,state_109,state_110,state_111,state_112,state_113,state_114,state_115,state_116,state_117,state_118,state_119,state_120,state_121,state_122,state_123,state_124,state_125,state_126,state_127,state_128,state_129,state_130,state_131,state_132,state_133,state_134,state_135,state_136,state_137,state_138,state_139,state_140,state_141,state_142,state_143,state_144,state_145,state_146,state_147,state_148,state_149,state_150,state_151,state_152,state_153,state_154,state_155,state_156,state_157,state_158,state_159,state_160,state_161,state_162,state_163,state_164,state_165,state_166,state_167,state_168,state_169,state_170,state_171,state_172,state_173,state_174,state_175,state_176,state_177,state_178,state_179,state_180,state_181,state_182,state_183,state_184,state_185,state_186,state_187,state_188,state_189,state_190,state_191,state_192,state_193,state_194,state_195,state_196,state_197,state_198,state_199,state_200,state_201,state_202,state_203,state_204,state_205,state_206,state_207,state_208,state_209,state_210,state_211,state_212,state_213,state_214,state_215,state_216,state_217,state_218,state_219,state_220,state_221,state_222,state_223,state_224,state_225,state_226,state_227,state_228,state_229,state_230,state_231,state_232,state_233,state_234,state_235,state_236,state_237,state_238,state_239,state_240,state_241,state_242,state_243,state_244,state_245,state_246,state_247,state_248,state_249,state_250,state_251,state_252,state_253,state_254,state_255,state_256,state_257,state_258,state_259,state_260,state_261,state_262,state_263,state_264,state_265,state_266,state_267,state_268,state_269,state_270,state_271,state_272,state_273,state_274,state_275,state_276,state_277,state_278,state_279,state_280,state_281,state_282,state_283,state_284,state_285,state_286,state_287
{'img': array([[[ 0.        ,  0.40548303,  0.5776978 , ...,  0.60983147,
          0.7435046 ,  0.96998917],
        [-0.40548303,  0.        ,  0.19709922, ...,  0.87880644,
          0.95079847,  0.98526203],
        [-0.5776978 , -0.19709922,  0.        , ...,  0.95561887,
          0.99321049,  0.9322205 ],
        ...,
        [-0.60983147, -0.87880644, -0.95561887, ...,  0.        ,
         -0.18143744, -0.62046724],
        [-0.7435046 , -0.95079847, -0.99321049, ...,  0.18143744,
          0.        , -0.46787992],
        [-0.96998917, -0.98526203, -0.9322205 , ...,  0.62046724,
          0.46787992,  0.        ]],

       [[ 0.        , -0.33470733, -0.43439721, ..., -0.2928184 ,
         -0.37744359, -0.83146597],
        [ 0.33470733,  0.        , -0.10786405, ...,  0.0441072 ,
         -0.04572356, -0.59755353],
        [ 0.43439721,  0.10786405,  0.        , ...,  0.15160894,
          0.06229444, -0.50757868],
        ...,
        [ 0.2928184 , -0.0441072 , -0.15160894, ...,  0.        ,
         -0.08974013, -0.63233843],
        [ 0.37744359,  0.04572356, -0.06229444, ...,  0.08974013,
          0.        , -0.5602661 ],
        [ 0.83146597,  0.59755353,  0.50757868, ...,  0.63233843,
          0.5602661 ,  0.        ]],

       [[ 0.        , -0.09371484, -0.06580286, ...,  0.965878  ,
          0.77440473,  0.90389763],
        [ 0.09371484,  0.        ,  0.02799847, ...,  0.93735535,
          0.71170414,  0.85983323],
        [ 0.06580286, -0.02799847,  0.        , ...,  0.94674183,
          0.73109347,  0.87379147],
        ...,
        [-0.965878  , -0.93735535, -0.94674183, ...,  0.        ,
          0.41053303,  0.17904601],
        [-0.77440473, -0.71170414, -0.73109347, ..., -0.41053303,
          0.        , -0.24063676],
        [-0.90389763, -0.85983323, -0.87379147, ..., -0.17904601,
          0.24063676,  0.        ]],

       ...,

       [[ 0.        ,  0.38032248,  0.54949278, ...,  0.92519985,
          0.9196256 ,  0.86200486],
        [-0.38032248,  0.        ,  0.19044172, ...,  0.71134986,
          0.70113018,  0.60444312],
        [-0.54949278, -0.19044172,  0.        , ...,  0.56448141,
          0.55250717,  0.44166583],
        ...,
        [-0.92519985, -0.71134986, -0.56448141, ...,  0.        ,
         -0.01443513, -0.14187002],
        [-0.9196256 , -0.70113018, -0.55250717, ...,  0.01443513,
          0.        , -0.12756611],
        [-0.86200486, -0.60444312, -0.44166583, ...,  0.14187002,
          0.12756611,  0.        ]],

       [[ 0.        , -0.08534337, -0.14892079, ...,  0.69019074,
          0.62706473,  0.46474056],
        [ 0.08534337,  0.        , -0.06398574, ...,  0.74942946,
          0.69125663,  0.53861202],
        [ 0.14892079,  0.06398574,  0.        , ...,  0.79025768,
          0.73607681,  0.59141974],
        ...,
        [-0.69019074, -0.74942946, -0.79025768, ...,  0.        ,
         -0.08387464, -0.27482821],
        [-0.62706473, -0.69125663, -0.73607681, ...,  0.08387464,
          0.        , -0.19321489],
        [-0.46474056, -0.53861202, -0.59141974, ...,  0.27482821,
          0.19321489,  0.        ]],

       [[ 0.        , -0.06941668, -0.10381491, ...,  0.47273051,
          0.74568932,  0.99577944],
        [ 0.06941668,  0.        , -0.03452289, ...,  0.53276064,
          0.79014244,  0.98700641],
        [ 0.10381491,  0.03452289,  0.        , ...,  0.56165861,
          0.81083132,  0.9808709 ],
        ...,
        [-0.47273051, -0.53276064, -0.56165861, ...,  0.        ,
          0.34212927,  0.92087439],
        [-0.74568932, -0.79014244, -0.81083132, ..., -0.34212927,
          0.        ,  0.73191997],
        [-0.99577944, -0.98700641, -0.9808709 , ..., -0.92087439,
         -0.73191997,  0.        ]]]), 'num': array([ 7.07106387e-01,  7.07106387e-01,  0.00000000e+00,  0.00000000e+00,
        3.70143281e-04,  3.77516653e-04,  3.68668606e-04,  2.29990223e-04,
       -2.21201164e-06,  3.73682499e-04,  3.64004948e-04,  3.29933825e-04,
        4.00882368e-07,  3.90316912e-04,  3.37692984e-04])}
{'img': array([[[ 0.        ,  0.19709922,  0.29663069, ...,  0.95079847,
          0.98526203,  0.96927895],
        [-0.19709922,  0.        ,  0.10258361, ...,  0.99321049,
          0.9322205 ,  0.90178581],
        [-0.29663069, -0.10258361,  0.        , ...,  0.99990436,
          0.8901784 ,  0.85269341],
        ...,
        [-0.95079847, -0.99321049, -0.99990436, ...,  0.        ,
         -0.46787992, -0.53415463],
        [-0.98526203, -0.9322205 , -0.8901784 , ...,  0.46787992,
          0.        , -0.0765421 ],
        [-0.96927895, -0.90178581, -0.85269341, ...,  0.53415463,
          0.0765421 ,  0.        ]],

       [[ 0.        , -0.10786405, -0.3792239 , ..., -0.04572356,
         -0.59755353, -0.60650058],
        [ 0.10786405,  0.        , -0.27720424, ...,  0.06229444,
         -0.50757868, -0.51720117],
        [ 0.3792239 ,  0.27720424,  0.        , ...,  0.33651905,
         -0.24884651, -0.25968349],
        ...,
        [ 0.04572356, -0.06229444, -0.33651905, ...,  0.        ,
         -0.5602661 , -0.56951224],
        [ 0.59755353,  0.50757868,  0.24884651, ...,  0.5602661 ,
          0.        , -0.01120508],
        [ 0.60650058,  0.51720117,  0.25968349, ...,  0.56951224,
          0.01120508,  0.        ]],

       [[ 0.        ,  0.02799847,  0.12628357, ...,  0.71170414,
          0.85983323,  0.9341685 ],
        [-0.02799847,  0.        ,  0.09845975, ...,  0.73109347,
          0.87379147,  0.94379303],
        [-0.12628357, -0.09845975,  0.        , ...,  0.79471796,
          0.9174268 ,  0.97175176],
        ...,
        [-0.71170414, -0.73109347, -0.79471796, ...,  0.        ,
         -0.24063676, -0.40227513],
        [-0.85983323, -0.87379147, -0.9174268 , ...,  0.24063676,
          0.        , -0.17014689],
        [-0.9341685 , -0.94379303, -0.97175176, ...,  0.40227513,
          0.17014689,  0.        ]],

       ...,

       [[ 0.        ,  0.19044172,  0.30518294, ...,  0.70113018,
          0.60444312,  0.54947889],
        [-0.19044172,  0.        ,  0.11824118, ...,  0.55250717,
          0.44166583,  0.38030711],
        [-0.30518294, -0.11824118,  0.        , ...,  0.45007629,
          0.33248393,  0.26828265],
        ...,
        [-0.70113018, -0.55250717, -0.45007629, ...,  0.        ,
         -0.12756611, -0.19400286],
        [-0.60444312, -0.44166583, -0.33248393, ...,  0.12756611,
          0.        , -0.06727539],
        [-0.54947889, -0.38030711, -0.26828265, ...,  0.19400286,
          0.06727539,  0.        ]],

       [[ 0.        , -0.06398574, -0.18589416, ...,  0.69125663,
          0.53861202,  0.41841943],
        [ 0.06398574,  0.        , -0.12264277, ...,  0.73607681,
          0.59141974,  0.47567732],
        [ 0.18589416,  0.12264277,  0.        , ...,  0.81353673,
          0.68584975,  0.57996539],
        ...,
        [-0.69125663, -0.73607681, -0.81353673, ...,  0.        ,
         -0.19321489, -0.32548274],
        [-0.53861202, -0.59141974, -0.68584975, ...,  0.19321489,
          0.        , -0.13665555],
        [-0.41841943, -0.47567732, -0.57996539, ...,  0.32548274,
          0.13665555,  0.        ]],

       [[ 0.        , -0.03111306, -0.00671255, ...,  0.6924219 ,
          0.90359414,  0.96526186],
        [ 0.03111306,  0.        ,  0.02440306, ...,  0.71453452,
          0.91648519,  0.95666519],
        [ 0.00671255, -0.02440306,  0.        , ...,  0.69724935,
          0.90644937,  0.96348623],
        ...,
        [-0.6924219 , -0.71453452, -0.69724935, ...,  0.        ,
          0.35531038,  0.87734857],
        [-0.90359414, -0.91648519, -0.90644937, ..., -0.35531038,
          0.        ,  0.64960319],
        [-0.96526186, -0.95666519, -0.96348623, ..., -0.87734857,
         -0.64960319,  0.        ]]]), 'num': array([7.07106376e-01, 7.07106376e-01, 0.00000000e+00, 0.00000000e+00,
       3.72355287e-04, 3.78991321e-04, 3.68668601e-04, 2.72564070e-04,
       2.21201160e-06, 3.75599570e-04, 3.66087920e-04, 3.30867780e-04,
       4.00882362e-07, 3.87698317e-04, 3.44477524e-04])}
{'img': array([[[ 0.        ,  0.10258361, -0.01741509, ...,  0.9322205 ,
          0.90178581,  0.9322205 ],
        [-0.10258361,  0.        , -0.11989127, ...,  0.8901784 ,
          0.85269341,  0.8901784 ],
        [ 0.01741509,  0.11989127,  0.        , ...,  0.93838148,
          0.90917556,  0.93838148],
        ...,
        [-0.9322205 , -0.8901784 , -0.93838148, ...,  0.        ,
         -0.0765421 ,  0.        ],
        [-0.90178581, -0.85269341, -0.90917556, ...,  0.0765421 ,
          0.        ,  0.0765421 ],
        [-0.9322205 , -0.8901784 , -0.93838148, ...,  0.        ,
         -0.0765421 ,  0.        ]],

       [[ 0.        , -0.27720424, -0.43626974, ..., -0.50757868,
         -0.51720117, -0.44226185],
        [ 0.27720424,  0.        , -0.16973998, ..., -0.24884651,
         -0.25968349, -0.17630946],
        [ 0.43626974,  0.16973998,  0.        , ..., -0.08083501,
         -0.09199835, -0.00667005],
        ...,
        [ 0.50757868,  0.24884651,  0.08083501, ...,  0.        ,
         -0.01120508,  0.07418499],
        [ 0.51720117,  0.25968349,  0.09199835, ...,  0.01120508,
          0.        ,  0.08535455],
        [ 0.44226185,  0.17630946,  0.00667005, ..., -0.07418499,
         -0.08535455,  0.        ]],

       [[ 0.        ,  0.09845975,  0.28723975, ...,  0.87379147,
          0.94379303,  0.88745719],
        [-0.09845975,  0.        ,  0.19153354, ...,  0.9174268 ,
          0.97175176,  0.9285242 ],
        [-0.28723975, -0.19153354,  0.        , ...,  0.9766537 ,
          0.99896375,  0.98244458],
        ...,
        [-0.87379147, -0.9174268 , -0.9766537 , ...,  0.        ,
         -0.17014689, -0.02884926],
        [-0.94379303, -0.97175176, -0.99896375, ...,  0.17014689,
          0.        ,  0.14164747],
        [-0.88745719, -0.9285242 , -0.98244458, ...,  0.02884926,
         -0.14164747,  0.        ]],

       ...,

       [[ 0.        ,  0.11824118,  0.07714603, ...,  0.44166583,
          0.38030711,  0.38030711],
        [-0.11824118,  0.        , -0.04128396, ...,  0.33248393,
          0.26828265,  0.26828265],
        [-0.07714603,  0.04128396,  0.        , ...,  0.37113574,
          0.30782442,  0.30782442],
        ...,
        [-0.44166583, -0.33248393, -0.37113574, ...,  0.        ,
         -0.06727539, -0.06727539],
        [-0.38030711, -0.26828265, -0.30782442, ...,  0.06727539,
          0.        ,  0.        ],
        [-0.38030711, -0.26828265, -0.30782442, ...,  0.06727539,
          0.        ,  0.        ]],

       [[ 0.        , -0.12264277, -0.2120762 , ...,  0.59141974,
          0.47567732,  0.38260976],
        [ 0.12264277,  0.        , -0.09062217, ...,  0.68584975,
          0.57996539,  0.49303229],
        [ 0.2120762 ,  0.09062217,  0.        , ...,  0.74897738,
          0.65140358,  0.56984592],
        ...,
        [-0.59141974, -0.68584975, -0.74897738, ...,  0.        ,
         -0.13665555, -0.23789595],
        [-0.47567732, -0.57996539, -0.65140358, ...,  0.13665555,
          0.        , -0.1029319 ],
        [-0.38260976, -0.49303229, -0.56984592, ...,  0.23789595,
          0.1029319 ,  0.        ]],

       [[ 0.        ,  0.02260077,  0.02057537, ...,  0.84157428,
          0.96576128,  0.93326369],
        [-0.02260077,  0.        , -0.00202587, ...,  0.82915171,
          0.95965123,  0.94114332],
        [-0.02057537,  0.00202587,  0.        , ...,  0.83028251,
          0.96021892,  0.94045663],
        ...,
        [-0.84157428, -0.82915171, -0.83028251, ...,  0.        ,
          0.30331606,  0.8063811 ],
        [-0.96576128, -0.95965123, -0.96021892, ..., -0.30331606,
          0.        ,  0.58901252],
        [-0.93326369, -0.94114332, -0.94045663, ..., -0.8063811 ,
         -0.58901252,  0.        ]]]), 'num': array([ 7.84624473e-01,  6.19967253e-01,  3.14231336e-06, -2.35038703e-11,
        4.25470853e-04,  4.44958068e-04,  4.14915278e-04,  1.92056244e-03,
        1.54273783e-05,  4.14590491e-04,  4.05821245e-04,  3.65493537e-04,
        4.66083935e-07,  4.26842261e-04,  3.84800229e-04])}
{'img': array([[[ 0.        , -0.11541237, -0.07381775, ...,  0.81097542,
          0.84694507,  0.97242842],
        [ 0.11541237,  0.        ,  0.04177302, ...,  0.87308171,
          0.902648  ,  0.93901598],
        [ 0.07381775, -0.04177302,  0.        , ...,  0.85195218,
          0.88388184,  0.95256097],
        ...,
        [-0.81097542, -0.87308171, -0.85195218, ...,  0.        ,
          0.06435107,  0.75806938],
        [-0.84694507, -0.902648  , -0.88388184, ..., -0.06435107,
          0.        ,  0.71453006],
        [-0.97242842, -0.93901598, -0.95256097, ..., -0.75806938,
         -0.71453006,  0.        ]],

       [[ 0.        , -0.16973998, -0.36362484, ..., -0.25968349,
         -0.17630946,  0.96934765],
        [ 0.16973998,  0.        , -0.20022773, ..., -0.09199835,
         -0.00667005,  0.99698529],
        [ 0.36362484,  0.20022773,  0.        , ...,  0.10924327,
          0.1936883 ,  0.99233156],
        ...,
        [ 0.25968349,  0.09199835, -0.10924327, ...,  0.        ,
          0.08535455,  0.99989546],
        [ 0.17630946,  0.00667005, -0.1936883 , ..., -0.08535455,
          0.        ,  0.99748064],
        [-0.96934765, -0.99698529, -0.99233156, ..., -0.99989546,
         -0.99748064,  0.        ]],

       [[ 0.        ,  0.19153354,  0.3129092 , ...,  0.97175176,
          0.9285242 ,  0.886707  ],
        [-0.19153354,  0.        ,  0.12520071, ...,  0.99896375,
          0.98244458,  0.95884261],
        [-0.3129092 , -0.12520071,  0.        , ...,  0.99680158,
          0.99807093,  0.98684715],
        ...,
        [-0.97175176, -0.99896375, -0.99680158, ...,  0.        ,
          0.14164747,  0.24000419],
        [-0.9285242 , -0.98244458, -0.99807093, ..., -0.14164747,
          0.        ,  0.10007689],
        [-0.886707  , -0.95884261, -0.98684715, ..., -0.24000419,
         -0.10007689,  0.        ]],

       ...,

       [[ 0.        , -0.04128396,  0.01274383, ...,  0.26828265,
          0.26828265,  0.34199596],
        [ 0.04128396,  0.        ,  0.05401358, ...,  0.30782442,
          0.30782442,  0.38049899],
        [-0.01274383, -0.05401358,  0.        , ...,  0.25598421,
          0.25598421,  0.32999279],
        ...,
        [-0.26828265, -0.30782442, -0.25598421, ...,  0.        ,
          0.        ,  0.07735288],
        [-0.26828265, -0.30782442, -0.25598421, ...,  0.        ,
          0.        ,  0.07735288],
        [-0.34199596, -0.38049899, -0.32999279, ..., -0.07735288,
         -0.07735288,  0.        ]],

       [[ 0.        , -0.09062217, -0.20481403, ...,  0.57996539,
          0.49303229,  0.49018812],
        [ 0.09062217,  0.        , -0.11527022, ...,  0.65140358,
          0.56984592,  0.56715897],
        [ 0.20481403,  0.11527022,  0.        , ...,  0.73452058,
          0.66077091,  0.6583159 ],
        ...,
        [-0.57996539, -0.65140358, -0.73452058, ...,  0.        ,
         -0.1029319 , -0.10618009],
        [-0.49303229, -0.56984592, -0.66077091, ...,  0.1029319 ,
          0.        , -0.00326609],
        [-0.49018812, -0.56715897, -0.6583159 , ...,  0.10618009,
          0.00326609,  0.        ]],

       [[ 0.        , -0.00192752,  0.0242931 , ...,  0.9137349 ,
          0.99203974,  0.92442994],
        [ 0.00192752,  0.        ,  0.02622001, ...,  0.91451637,
          0.99228062,  0.92369316],
        [-0.0242931 , -0.02622001,  0.        , ...,  0.90359468,
          0.98868785,  0.93342135],
        ...,
        [-0.9137349 , -0.91451637, -0.90359468, ...,  0.        ,
          0.28801427,  0.7240605 ],
        [-0.99203974, -0.99228062, -0.98868785, ..., -0.28801427,
          0.        ,  0.4947253 ],
        [-0.92442994, -0.92369316, -0.93342135, ..., -0.7240605 ,
         -0.4947253 ,  0.        ]]]), 'num': array([ 8.81763002e-01,  4.71690642e-01,  7.90120155e-06,  6.96769029e-09,
        4.75721996e-04,  4.86721349e-04,  4.70222320e-04,  4.85722241e-04,
       -4.58306355e-06,  4.68389094e-04,  4.59841681e-04,  4.13713146e-04,
        5.24567514e-07,  4.83442055e-04,  4.36241306e-04])}
{'img': array([[[ 0.        ,  0.04177302,  0.07474248, ...,  0.902648  ,
          0.93901598,  0.99878748],
        [-0.04177302,  0.        ,  0.03302107, ...,  0.88388184,
          0.95256097,  0.9958592 ],
        [-0.07474248, -0.03302107,  0.        , ...,  0.86795553,
          0.96209139,  0.99231419],
        ...,
        [-0.902648  , -0.88388184, -0.86795553, ...,  0.        ,
          0.71453006,  0.38542067],
        [-0.93901598, -0.95256097, -0.96209139, ..., -0.71453006,
          0.        , -0.38968403],
        [-0.99878748, -0.9958592 , -0.99231419, ..., -0.38542067,
          0.38968403,  0.        ]],

       [[ 0.        , -0.20022773,  0.13843806, ..., -0.00667005,
          0.99698529,  0.17933612],
        [ 0.20022773,  0.        ,  0.33393436, ...,  0.1936883 ,
          0.99233156,  0.37268607],
        [-0.13843806, -0.33393436,  0.        , ..., -0.1450408 ,
          0.97664389,  0.04141563],
        ...,
        [ 0.00667005, -0.1936883 ,  0.1450408 , ...,  0.        ,
          0.99748064,  0.18589405],
        [-0.99698529, -0.99233156, -0.97664389, ..., -0.99748064,
          0.        , -0.96690718],
        [-0.17933612, -0.37268607, -0.04141563, ..., -0.18589405,
          0.96690718,  0.        ]],

       [[ 0.        ,  0.12520071,  0.1804    , ...,  0.98244458,
          0.95884261,  0.94333924],
        [-0.12520071,  0.        ,  0.05583393, ...,  0.99807093,
          0.98684715,  0.97746185],
        [-0.1804    , -0.05583393,  0.        , ...,  0.9999804 ,
          0.99433363,  0.9877243 ],
        ...,
        [-0.98244458, -0.99807093, -0.9999804 , ...,  0.        ,
          0.10007689,  0.15002015],
        [-0.95884261, -0.98684715, -0.99433363, ..., -0.10007689,
          0.        ,  0.05032269],
        [-0.94333924, -0.97746185, -0.9877243 , ..., -0.15002015,
         -0.05032269,  0.        ]],

       ...,

       [[ 0.        ,  0.05401358,  0.11141414, ...,  0.30782442,
          0.38049899,  0.37640931],
        [-0.05401358,  0.        ,  0.05757421, ...,  0.25598421,
          0.32999279,  0.32581877],
        [-0.11141414, -0.05757421,  0.        , ...,  0.1999037 ,
          0.27509631,  0.2708458 ],
        ...,
        [-0.30782442, -0.25598421, -0.1999037 , ...,  0.        ,
          0.07735288,  0.07294707],
        [-0.38049899, -0.32999279, -0.27509631, ..., -0.07735288,
          0.        , -0.0044183 ],
        [-0.37640931, -0.32581877, -0.2708458 , ..., -0.07294707,
          0.0044183 ,  0.        ]],

       [[ 0.        , -0.11527022, -0.21535682, ...,  0.56984592,
          0.56715897,  0.60643548],
        [ 0.11527022,  0.        , -0.10135583, ...,  0.66077091,
          0.6583159 ,  0.69404821],
        [ 0.21535682,  0.10135583,  0.        , ...,  0.73344453,
          0.7312205 ,  0.76344298],
        ...,
        [-0.56984592, -0.66077091, -0.73344453, ...,  0.        ,
         -0.00326609,  0.04523618],
        [-0.56715897, -0.6583159 , -0.7312205 , ...,  0.00326609,
          0.        ,  0.04849869],
        [-0.60643548, -0.69404821, -0.76344298, ..., -0.04523618,
         -0.04849869,  0.        ]],

       [[ 0.        ,  0.02585217,  0.053846  , ...,  0.98381838,
          0.99187624,  0.91867228],
        [-0.02585217,  0.        ,  0.02801333, ...,  0.97885766,
          0.9948333 ,  0.92857738],
        [-0.053846  , -0.02801333,  0.        , ...,  0.97274359,
          0.99728684,  0.93860979],
        ...,
        [-0.98381838, -0.97885766, -0.97274359, ...,  0.        ,
          0.30286136,  0.55322575],
        [-0.99187624, -0.9948333 , -0.99728684, ..., -0.30286136,
          0.        ,  0.27495028],
        [-0.91867228, -0.92857738, -0.93860979, ..., -0.55322575,
         -0.27495028,  0.        ]]]), 'num': array([ 9.96995160e-01,  7.74438497e-02,  1.80658411e-05,  3.21004377e-09,
        5.37121092e-04,  5.42397331e-04,  5.22875248e-04,  9.37524289e-04,
       -1.05524773e-05,  5.40075786e-04,  5.30815987e-04,  4.77517183e-04,
        5.27623863e-07,  5.56424993e-04,  5.05206981e-04])}
{'img': array([[[ 0.        ,  0.03302107, -0.15314799, ...,  0.95256097,
          0.9958592 ,  0.92344252],
        [-0.03302107,  0.        , -0.185696  , ...,  0.96209139,
          0.99231419,  0.91026753],
        [ 0.15314799,  0.185696  ,  0.        , ...,  0.8947136 ,
          0.99803385,  0.97131743],
        ...,
        [-0.95256097, -0.96209139, -0.8947136 , ...,  0.        ,
         -0.38968403, -0.6465804 ],
        [-0.9958592 , -0.99231419, -0.99803385, ...,  0.38968403,
          0.        , -0.29819847],
        [-0.92344252, -0.91026753, -0.97131743, ...,  0.6465804 ,
          0.29819847,  0.        ]],

       [[ 0.        ,  0.33393436,  0.47081571, ...,  0.99233156,
          0.37268607,  0.64043661],
        [-0.33393436,  0.        ,  0.14918173, ...,  0.97664389,
          0.04141563,  0.34720793],
        [-0.47081571, -0.14918173,  0.        , ...,  0.93366119,
         -0.10810155,  0.20342174],
        ...,
        [-0.99233156, -0.97664389, -0.93366119, ...,  0.        ,
         -0.96690718, -0.84128245],
        [-0.37268607, -0.04141563,  0.10810155, ...,  0.96690718,
          0.        ,  0.30807094],
        [-0.64043661, -0.34720793, -0.20342174, ...,  0.84128245,
         -0.30807094,  0.        ]],

       [[ 0.        ,  0.05567714,  0.02701296, ...,  0.99198964,
          0.98637089,  0.94388173],
        [-0.05567714,  0.        , -0.02868576, ...,  0.99748398,
          0.99400181,  0.96080685],
        [-0.02701296,  0.02868576,  0.        , ...,  0.9950399 ,
          0.99045558,  0.95245923],
        ...,
        [-0.99198964, -0.99748398, -0.9950399 , ...,  0.        ,
          0.03862151,  0.20840748],
        [-0.98637089, -0.99400181, -0.99045558, ..., -0.03862151,
          0.        ,  0.17047853],
        [-0.94388173, -0.96080685, -0.95245923, ..., -0.20840748,
         -0.17047853,  0.        ]],

       ...,

       [[ 0.        ,  0.05757421,  0.00374853, ...,  0.32999279,
          0.32581877,  0.14642078],
        [-0.05757421,  0.        , -0.05383149, ...,  0.27509631,
          0.2708458 ,  0.08922421],
        [-0.00374853,  0.05383149,  0.        , ...,  0.32645191,
          0.32227249,  0.14271162],
        ...,
        [-0.32999279, -0.27509631, -0.32645191, ...,  0.        ,
         -0.0044183 , -0.18821746],
        [-0.32581877, -0.2708458 , -0.32227249, ...,  0.0044183 ,
          0.        , -0.1838763 ],
        [-0.14642078, -0.08922421, -0.14271162, ...,  0.18821746,
          0.1838763 ,  0.        ]],

       [[ 0.        , -0.10135583, -0.19621128, ...,  0.6583159 ,
          0.69404821,  0.69137188],
        [ 0.10135583,  0.        , -0.0958152 , ...,  0.7312205 ,
          0.76344298,  0.76104097],
        [ 0.19621128,  0.0958152 ,  0.        , ...,  0.79321575,
          0.82181515,  0.81969522],
        ...,
        [-0.6583159 , -0.7312205 , -0.79321575, ...,  0.        ,
          0.04849869,  0.04479186],
        [-0.69404821, -0.76344298, -0.82181515, ..., -0.04849869,
          0.        , -0.00371086],
        [-0.69137188, -0.76104097, -0.81969522, ..., -0.04479186,
          0.00371086,  0.        ]],

       [[ 0.        ,  0.02747191,  0.03688849, ...,  0.99955587,
          0.99739503,  0.92178866],
        [-0.02747191,  0.        ,  0.00942135, ...,  0.99835993,
          0.99900022,  0.93209142],
        [-0.03688849, -0.00942135,  0.        , ...,  0.99777626,
          0.99937706,  0.93546268],
        ...,
        [-0.99955587, -0.99835993, -0.99777626, ...,  0.        ,
          0.10182374,  0.4149903 ],
        [-0.99739503, -0.99900022, -0.99937706, ..., -0.10182374,
          0.        ,  0.3201915 ],
        [-0.92178866, -0.93209142, -0.93546268, ..., -0.4149903 ,
         -0.3201915 ,  0.        ]]]), 'num': array([ 9.98147235e-01,  6.08162317e-02,  1.93065088e-05, -1.63604538e-08,
        5.36230551e-04,  5.59977115e-04,  5.34573814e-04,  1.04980798e-03,
       -2.59555467e-05,  5.61633852e-04,  5.55724823e-04,  5.00610705e-04,
        5.18630721e-07,  5.82096737e-04,  5.29352909e-04])}
