state_0,state_1,state_2,state_3,state_4,state_5,state_6,state_7,state_8,state_9,state_10,state_11,state_12,state_13,state_14,state_15,state_16,state_17,state_18,state_19,state_20,state_21,state_22,state_23,state_24,state_25,state_26,state_27,state_28,state_29,state_30,state_31,state_32,state_33,state_34,state_35,state_36,state_37,state_38,state_39,state_40,state_41,state_42,state_43,state_44,state_45,state_46,state_47,state_48,state_49,state_50,state_51,state_52,state_53,state_54,state_55,state_56,state_57,state_58,state_59,state_60,state_61,state_62,state_63,state_64,state_65,state_66,state_67,state_68,state_69,state_70,state_71,state_72,state_73,state_74,state_75,state_76,state_77,state_78,state_79,state_80,state_81,state_82,state_83,state_84,state_85,state_86,state_87,state_88,state_89,state_90,state_91,state_92,state_93,state_94,state_95,state_96,state_97,state_98,state_99,state_100,state_101,state_102,state_103,state_104,state_105,state_106,state_107,state_108,state_109,state_110,state_111,state_112,state_113,state_114,state_115,state_116,state_117,state_118,state_119,state_120,state_121,state_122,state_123,state_124,state_125,state_126,state_127,state_128,state_129,state_130,state_131,state_132,state_133,state_134,state_135,state_136,state_137,state_138,state_139,state_140,state_141,state_142,state_143,state_144,state_145,state_146,state_147,state_148,state_149,state_150,state_151,state_152,state_153,state_154,state_155,state_156,state_157,state_158,state_159,state_160,state_161,state_162,state_163,state_164,state_165,state_166,state_167,state_168,state_169,state_170,state_171,state_172,state_173,state_174,state_175,state_176,state_177,state_178,state_179,state_180,state_181,state_182,state_183,state_184,state_185,state_186,state_187,state_188,state_189,state_190,state_191,state_192,state_193,state_194,state_195,state_196,state_197,state_198,state_199,state_200,state_201,state_202,state_203,state_204,state_205,state_206,state_207,state_208,state_209,state_210,state_211,state_212,state_213,state_214,state_215,state_216,state_217,state_218,state_219,state_220,state_221,state_222,state_223,state_224,state_225,state_226,state_227,state_228,state_229,state_230,state_231,state_232,state_233,state_234,state_235,state_236,state_237,state_238,state_239,state_240,state_241,state_242,state_243,state_244,state_245,state_246,state_247,state_248,state_249,state_250,state_251,state_252,state_253,state_254,state_255,state_256,state_257,state_258,state_259,state_260,state_261,state_262,state_263,state_264,state_265,state_266,state_267,state_268,state_269,state_270,state_271,state_272,state_273,state_274,state_275,state_276,state_277,state_278,state_279,state_280,state_281,state_282,state_283,state_284,state_285,state_286,state_287
{'img': array([[[ 0.        ,  0.15351269, -0.24611594, ..., -0.4509817 ,
         -0.3954457 , -0.43249969],
        [-0.15351269,  0.        , -0.39198935, ..., -0.58265124,
         -0.53175813, -0.56578541],
        [ 0.24611594,  0.39198935,  0.        , ..., -0.21744304,
         -0.15722708, -0.19728965],
        ...,
        [ 0.4509817 ,  0.58265124,  0.21744304, ...,  0.        ,
          0.06127347,  0.02060014],
        [ 0.3954457 ,  0.53175813,  0.15722708, ..., -0.06127347,
          0.        , -0.04069904],
        [ 0.43249969,  0.56578541,  0.19728965, ..., -0.02060014,
          0.04069904,  0.        ]],

       [[ 0.        ,  0.21271878,  0.15030079, ..., -0.08051906,
         -0.15153077, -0.04463085],
        [-0.21271878,  0.        , -0.06344143, ..., -0.29070435,
         -0.35832517, -0.25611621],
        [-0.15030079,  0.06344143,  0.        , ..., -0.22941716,
         -0.29837463, -0.19427488],
        ...,
        [ 0.08051906,  0.29070435,  0.22941716, ...,  0.        ,
         -0.0714495 ,  0.03595289],
        [ 0.15153077,  0.35832517,  0.29837463, ...,  0.0714495 ,
          0.        ,  0.1072643 ],
        [ 0.04463085,  0.25611621,  0.19427488, ..., -0.03595289,
         -0.1072643 ,  0.        ]],

       [[ 0.        ,  0.10689768,  0.17331912, ..., -0.15114786,
         -0.20830599, -0.16663713],
        [-0.10689768,  0.        ,  0.06704615, ..., -0.25595134,
         -0.31166514, -0.27108537],
        [-0.17331912, -0.06704615,  0.        , ..., -0.32018823,
         -0.37467057, -0.33501102],
        ...,
        [ 0.15114786,  0.25595134,  0.32018823, ...,  0.        ,
         -0.05808056, -0.01568811],
        [ 0.20830599,  0.31166514,  0.37467057, ...,  0.05808056,
          0.        ,  0.04241179],
        [ 0.16663713,  0.27108537,  0.33501102, ...,  0.01568811,
         -0.04241179,  0.        ]],

       ...,

       [[ 0.        , -0.07043926, -0.20561797, ..., -0.70347019,
         -0.62799916, -0.78456641],
        [ 0.07043926,  0.        , -0.13617309, ..., -0.65165989,
         -0.57162243, -0.73894211],
        [ 0.20561797,  0.13617309,  0.        , ..., -0.54230089,
         -0.4545655 , -0.64030971],
        ...,
        [ 0.70347019,  0.65165989,  0.54230089, ...,  0.        ,
          0.10111581, -0.12142776],
        [ 0.62799916,  0.57162243,  0.4545655 , ..., -0.10111581,
          0.        , -0.22117298],
        [ 0.78456641,  0.73894211,  0.64030971, ...,  0.12142776,
          0.22117298,  0.        ]],

       [[ 0.        , -0.02887981, -0.19573146, ...,  0.80861576,
          0.74137388,  0.75307919],
        [ 0.02887981,  0.        , -0.16732862, ...,  0.82526954,
          0.76044566,  0.77176596],
        [ 0.19573146,  0.16732862,  0.        , ...,  0.90813122,
          0.85838774,  0.86729036],
        ...,
        [-0.80861576, -0.82526954, -0.90813122, ...,  0.        ,
         -0.10647798, -0.08894804],
        [-0.74137388, -0.76044566, -0.85838774, ...,  0.10647798,
          0.        ,  0.01761355],
        [-0.75307919, -0.77176596, -0.86729036, ...,  0.08894804,
         -0.01761355,  0.        ]],

       [[ 0.        ,  0.20881137,  0.35115546, ...,  0.32781333,
          0.2677727 ,  0.1902408 ],
        [-0.20881137,  0.        ,  0.1479009 , ...,  0.12331402,
          0.06068389, -0.01895082],
        [-0.35115546, -0.1479009 ,  0.        , ..., -0.02481424,
         -0.08761183, -0.16661674],
        ...,
        [-0.32781333, -0.12331402,  0.02481424, ...,  0.        ,
         -0.06286602, -0.14209805],
        [-0.2677727 , -0.06068389,  0.08761183, ...,  0.06286602,
          0.        , -0.07958889],
        [-0.1902408 ,  0.01895082,  0.16661674, ...,  0.14209805,
          0.07958889,  0.        ]]]), 'num': array([7.07077408e-01, 7.07077408e-01, 0.00000000e+00, 0.00000000e+00,
       3.18378024e-03, 3.19923549e-03, 3.17605262e-03, 7.58427456e-04,
       2.31828658e-05, 3.17296157e-03, 3.23400978e-03, 3.25081736e-03,
       1.68324438e-06, 3.35935458e-03, 3.10866499e-03])}
{'img': array([[[ 0.        , -0.39198935, -0.77604334, ..., -0.53175813,
         -0.56578541, -0.46257972],
        [ 0.39198935,  0.        , -0.46671672, ..., -0.15722708,
         -0.19728965, -0.07803034],
        [ 0.77604334,  0.46671672,  0.        , ...,  0.32185921,
          0.28305919,  0.39628312],
        ...,
        [ 0.53175813,  0.15722708, -0.32185921, ...,  0.        ,
         -0.04069904,  0.07968786],
        [ 0.56578541,  0.19728965, -0.28305919, ...,  0.04069904,
          0.        ,  0.12019144],
        [ 0.46257972,  0.07803034, -0.39628312, ..., -0.07968786,
         -0.12019144,  0.        ]],

       [[ 0.        , -0.06344143,  0.12976722, ..., -0.35832517,
         -0.25611621, -0.55336535],
        [ 0.06344143,  0.        ,  0.19241081, ..., -0.29837463,
         -0.19427488, -0.49940781],
        [-0.12976722, -0.19241081,  0.        , ..., -0.47644561,
         -0.37938958, -0.65677449],
        ...,
        [ 0.35832517,  0.29837463,  0.47644561, ...,  0.        ,
          0.1072643 , -0.21815726],
        [ 0.25611621,  0.19427488,  0.37938958, ..., -0.1072643 ,
          0.        , -0.32157931],
        [ 0.55336535,  0.49940781,  0.65677449, ...,  0.21815726,
          0.32157931,  0.        ]],

       [[ 0.        ,  0.06704615, -0.00481764, ..., -0.31166514,
         -0.27108537, -0.2913341 ],
        [-0.06704615,  0.        , -0.07185217, ..., -0.37467057,
         -0.33501102, -0.35481634],
        [ 0.00481764,  0.07185217,  0.        , ..., -0.30708384,
         -0.26644498, -0.28672206],
        ...,
        [ 0.31166514,  0.37467057,  0.30708384, ...,  0.        ,
          0.04241179,  0.0213222 ],
        [ 0.27108537,  0.33501102,  0.26644498, ..., -0.04241179,
          0.        , -0.02109913],
        [ 0.2913341 ,  0.35481634,  0.28672206, ..., -0.0213222 ,
          0.02109913,  0.        ]],

       ...,

       [[ 0.        , -0.13617309, -0.19889555, ..., -0.57162243,
         -0.73894211, -0.26042044],
        [ 0.13617309,  0.        , -0.06359041, ..., -0.4545655 ,
         -0.64030971, -0.12652017],
        [ 0.19889555,  0.06359041,  0.        , ..., -0.39700467,
         -0.59016892, -0.0631847 ],
        ...,
        [ 0.57162243,  0.4545655 ,  0.39700467, ...,  0.        ,
         -0.22117298,  0.33821943],
        [ 0.73894211,  0.64030971,  0.59016892, ...,  0.22117298,
          0.        ,  0.53798194],
        [ 0.26042044,  0.12652017,  0.0631847 , ..., -0.33821943,
         -0.53798194,  0.        ]],

       [[ 0.        , -0.16732862, -0.02300195, ...,  0.76044566,
          0.77176596,  0.70476338],
        [ 0.16732862,  0.        ,  0.1446067 , ...,  0.85838774,
          0.86729036,  0.81353707],
        [ 0.02300195, -0.1446067 ,  0.        , ...,  0.77518197,
          0.78618886,  0.72089548],
        ...,
        [-0.76044566, -0.85838774, -0.77518197, ...,  0.        ,
          0.01761355, -0.08181798],
        [-0.77176596, -0.86729036, -0.78618886, ..., -0.01761355,
          0.        , -0.09935979],
        [-0.70476338, -0.81353707, -0.72089548, ...,  0.08181798,
          0.09935979,  0.        ]],

       [[ 0.        ,  0.1479009 ,  0.04814044, ...,  0.06068389,
         -0.01895082, -0.05539308],
        [-0.1479009 ,  0.        , -0.10011842, ..., -0.08761183,
         -0.16661674, -0.20245769],
        [-0.04814044,  0.10011842,  0.        , ...,  0.01256181,
         -0.06706065, -0.10339538],
        ...,
        [-0.06068389,  0.08761183, -0.01256181, ...,  0.        ,
         -0.07958889, -0.1158817 ],
        [ 0.01895082,  0.16661674,  0.06706065, ...,  0.07958889,
          0.        , -0.0364614 ],
        [ 0.05539308,  0.20245769,  0.10339538, ...,  0.1158817 ,
          0.0364614 ,  0.        ]]]), 'num': array([7.07076086e-01, 7.07076086e-01, 0.00000000e+00, 0.00000000e+00,
       3.25332276e-03, 3.28423319e-03, 3.21082091e-03, 1.76939029e-03,
       6.95484675e-05, 3.18454705e-03, 3.22859441e-03, 3.25036051e-03,
       1.94870102e-06, 3.34002748e-03, 3.11716135e-03])}
{'img': array([[[ 0.        , -0.46671672, -0.98349186, ..., -0.19728965,
         -0.07803034,  0.26458573],
        [ 0.46671672,  0.        , -0.78535345, ...,  0.28305919,
          0.39628312,  0.68408538],
        [ 0.98349186,  0.78535345,  0.        , ...,  0.92846153,
          0.9663734 ,  0.99631976],
        ...,
        [ 0.19728965, -0.28305919, -0.92846153, ...,  0.        ,
          0.12019144,  0.44964404],
        [ 0.07803034, -0.39628312, -0.9663734 , ..., -0.12019144,
          0.        ,  0.33902852],
        [-0.26458573, -0.68408538, -0.99631976, ..., -0.44964404,
         -0.33902852,  0.        ]],

       [[ 0.        ,  0.19241081,  0.27922983, ..., -0.19427488,
         -0.49940781,  0.13031896],
        [-0.19241081,  0.        ,  0.08925474, ..., -0.37938958,
         -0.65677449, -0.06288607],
        [-0.27922983, -0.08925474,  0.        , ..., -0.46045716,
         -0.72145904, -0.15171316],
        ...,
        [ 0.19427488,  0.37938958,  0.46045716, ...,  0.        ,
         -0.32157931,  0.32045414],
        [ 0.49940781,  0.65677449,  0.72145904, ...,  0.32157931,
          0.        ,  0.60805298],
        [-0.13031896,  0.06288607,  0.15171316, ..., -0.32045414,
         -0.60805298,  0.        ]],

       [[ 0.        , -0.07185217, -0.34490766, ..., -0.33501102,
         -0.35481634, -0.28078702],
        [ 0.07185217,  0.        , -0.2765731 , ..., -0.26644498,
         -0.28672206, -0.2110997 ],
        [ 0.34490766,  0.2765731 ,  0.        , ...,  0.01052329,
         -0.01057701,  0.06747508],
        ...,
        [ 0.33501102,  0.26644498, -0.01052329, ...,  0.        ,
         -0.02109913,  0.05697204],
        [ 0.35481634,  0.28672206,  0.01057701, ...,  0.02109913,
          0.        ,  0.07802422],
        [ 0.28078702,  0.2110997 , -0.06747508, ..., -0.05697204,
         -0.07802422,  0.        ]],

       ...,

       [[ 0.        , -0.06359041, -0.30635636, ..., -0.64030971,
         -0.12652017,  0.17226409],
        [ 0.06359041,  0.        , -0.24520354, ..., -0.59016892,
         -0.0631847 ,  0.23455522],
        [ 0.30635636,  0.24520354,  0.        , ..., -0.37420416,
          0.18345781,  0.46575767],
        ...,
        [ 0.64030971,  0.59016892,  0.37420416, ...,  0.        ,
          0.53798194,  0.76305654],
        [ 0.12652017,  0.0631847 , -0.18345781, ..., -0.53798194,
          0.        ,  0.29550857],
        [-0.17226409, -0.23455522, -0.46575767, ..., -0.76305654,
         -0.29550857,  0.        ]],

       [[ 0.        ,  0.1446067 ,  0.43291079, ...,  0.86729036,
          0.81353707,  0.6672952 ],
        [-0.1446067 ,  0.        ,  0.29800677, ...,  0.78618886,
          0.72089548,  0.5525793 ],
        [-0.43291079, -0.29800677,  0.        , ...,  0.5663033 ,
          0.48160895,  0.27909535],
        ...,
        [-0.86729036, -0.78618886, -0.5663033 , ...,  0.        ,
         -0.09935979, -0.31377079],
        [-0.81353707, -0.72089548, -0.48160895, ...,  0.09935979,
          0.        , -0.21787613],
        [-0.6672952 , -0.5525793 , -0.27909535, ...,  0.31377079,
          0.21787613,  0.        ]],

       [[ 0.        , -0.10011842, -0.43768624, ..., -0.16661674,
         -0.20245769, -0.12722166],
        [ 0.10011842,  0.        , -0.34546784, ..., -0.06706065,
         -0.10339538, -0.02727756],
        [ 0.43768624,  0.34546784,  0.        , ...,  0.2817584 ,
          0.24658686,  0.3197412 ],
        ...,
        [ 0.16661674,  0.06706065, -0.2817584 , ...,  0.        ,
         -0.0364614 ,  0.03981954],
        [ 0.20245769,  0.10339538, -0.24658686, ...,  0.0364614 ,
          0.        ,  0.07622555],
        [ 0.12722166,  0.02727756, -0.3197412 , ..., -0.03981954,
         -0.07622555,  0.        ]]]), 'num': array([ 9.89929702e-01,  1.40922689e-01,  9.94153411e-06, -6.49275232e-10,
        4.56455383e-03,  4.59127839e-03,  4.49506999e-03,  4.25401452e-03,
        6.41389298e-05,  4.44482783e-03,  4.46193155e-03,  4.49863327e-03,
        2.86800092e-06,  4.59926976e-03,  4.32459334e-03])}
{'img': array([[[ 0.        , -0.78535345, -0.07497953, ...,  0.39628312,
          0.68408538,  0.83450488],
        [ 0.78535345,  0.        ,  0.73672684, ...,  0.9663734 ,
          0.99631976,  0.94932844],
        [ 0.07497953, -0.73672684,  0.        , ...,  0.46400845,
          0.73684995,  0.87346957],
        ...,
        [-0.39628312, -0.9663734 , -0.46400845, ...,  0.        ,
          0.33902852,  0.54783038],
        [-0.68408538, -0.99631976, -0.73684995, ..., -0.33902852,
          0.        ,  0.23175806],
        [-0.83450488, -0.94932844, -0.87346957, ..., -0.54783038,
         -0.23175806,  0.        ]],

       [[ 0.        ,  0.08925474,  0.2581909 , ..., -0.65677449,
         -0.06288607,  0.49223704],
        [-0.08925474,  0.        ,  0.17093196, ..., -0.72145904,
         -0.15171316,  0.41257965],
        [-0.2581909 , -0.17093196,  0.        , ..., -0.82920426,
         -0.31843372,  0.25080204],
        ...,
        [ 0.65677449,  0.72145904,  0.82920426, ...,  0.        ,
          0.60805298,  0.94288628],
        [ 0.06288607,  0.15171316,  0.31843372, ..., -0.60805298,
          0.        ,  0.54600264],
        [-0.49223704, -0.41257965, -0.25080204, ..., -0.94288628,
         -0.54600264,  0.        ]],

       [[ 0.        , -0.2765731 , -0.47874636, ..., -0.28672206,
         -0.2110997 , -0.02898967],
        [ 0.2765731 ,  0.        , -0.21725359, ..., -0.01057701,
          0.06747508,  0.24859799],
        [ 0.47874636,  0.21725359,  0.        , ...,  0.20691705,
          0.28262192,  0.45309357],
        ...,
        [ 0.28672206,  0.01057701, -0.20691705, ...,  0.        ,
          0.07802422,  0.25882905],
        [ 0.2110997 , -0.06747508, -0.28262192, ..., -0.07802422,
          0.        ,  0.1826746 ],
        [ 0.02898967, -0.24859799, -0.45309357, ..., -0.25882905,
         -0.1826746 ,  0.        ]],

       ...,

       [[ 0.        , -0.24520354, -0.11311544, ..., -0.0631847 ,
          0.23455522,  0.36386898],
        [ 0.24520354,  0.        ,  0.13396758, ...,  0.18345781,
          0.46575767,  0.58115552],
        [ 0.11311544, -0.13396758,  0.        , ...,  0.05011024,
          0.34300964,  0.466895  ],
        ...,
        [ 0.0631847 , -0.18345781, -0.05011024, ...,  0.        ,
          0.29550857,  0.42199531],
        [-0.23455522, -0.46575767, -0.34300964, ..., -0.29550857,
          0.        ,  0.13524156],
        [-0.36386898, -0.58115552, -0.466895  , ..., -0.42199531,
         -0.13524156,  0.        ]],

       [[ 0.        ,  0.29800677,  0.29227903, ...,  0.72089548,
          0.5525793 ,  0.3859956 ],
        [-0.29800677,  0.        , -0.00599476, ...,  0.48160895,
          0.27909535,  0.09354599],
        [-0.29227903,  0.00599476,  0.        , ...,  0.48685402,
          0.28484689,  0.09951278],
        ...,
        [-0.72089548, -0.48160895, -0.48685402, ...,  0.        ,
         -0.21787613, -0.39751466],
        [-0.5525793 , -0.27909535, -0.28484689, ...,  0.21787613,
          0.        , -0.18804272],
        [-0.3859956 , -0.09354599, -0.09951278, ...,  0.39751466,
          0.18804272,  0.        ]],

       [[ 0.        , -0.34546784, -0.47599438, ..., -0.10339538,
         -0.02727756,  0.05263062],
        [ 0.34546784,  0.        , -0.14286657, ...,  0.24658686,
          0.3197412 ,  0.39437922],
        [ 0.47599438,  0.14286657,  0.        , ...,  0.38251231,
          0.45182806,  0.52162058],
        ...,
        [ 0.10339538, -0.24658686, -0.38251231, ...,  0.        ,
          0.07622555,  0.15560062],
        [ 0.02727756, -0.3197412 , -0.45182806, ..., -0.07622555,
          0.        ,  0.07985079],
        [-0.05263062, -0.39437922, -0.52162058, ..., -0.15560062,
         -0.07985079,  0.        ]]]), 'num': array([ 9.94186410e-01,  1.06865432e-01,  1.06138873e-05,  6.60355875e-08,
        4.57381948e-03,  4.66682777e-03,  4.56287732e-03,  2.24478245e-03,
       -9.84793667e-05,  4.56725418e-03,  4.56315088e-03,  4.60764896e-03,
        2.82102353e-06,  4.69780938e-03,  4.42849237e-03])}
{'img': array([[[ 0.        ,  0.73672684,  0.85183542, ...,  0.99631976,
          0.94932844,  0.99959175],
        [-0.73672684,  0.        ,  0.19009846, ...,  0.73684995,
          0.87346957,  0.65486509],
        [-0.85183542, -0.19009846,  0.        , ...,  0.59489624,
          0.76498698,  0.49925753],
        ...,
        [-0.99631976, -0.73684995, -0.59489624, ...,  0.        ,
          0.23175806, -0.11414557],
        [-0.94932844, -0.87346957, -0.76498698, ..., -0.23175806,
          0.        , -0.34128108],
        [-0.99959175, -0.65486509, -0.49925753, ...,  0.11414557,
          0.34128108,  0.        ]],

       [[ 0.        ,  0.17093196, -0.05263221, ..., -0.15171316,
          0.41257965, -0.24212088],
        [-0.17093196,  0.        , -0.22255265, ..., -0.31843372,
          0.25080204, -0.40440362],
        [ 0.05263221,  0.22255265,  0.        , ..., -0.09947991,
          0.45995161, -0.1907191 ],
        ...,
        [ 0.15171316,  0.31843372,  0.09947991, ...,  0.        ,
          0.54600264, -0.09211913],
        [-0.41257965, -0.25080204, -0.45995161, ..., -0.54600264,
          0.        , -0.62085692],
        [ 0.24212088,  0.40440362,  0.1907191 , ...,  0.09211913,
          0.62085692,  0.        ]],

       [[ 0.        , -0.21725359, -0.46742323, ...,  0.06747508,
          0.24859799,  0.32238107],
        [ 0.21725359,  0.        , -0.26419943, ...,  0.28262192,
          0.45309357,  0.52033548],
        [ 0.46742323,  0.26419943,  0.        , ...,  0.5260082 ,
          0.67251829,  0.72746321],
        ...,
        [-0.06747508, -0.28262192, -0.5260082 , ...,  0.        ,
          0.1826746 ,  0.25777376],
        [-0.24859799, -0.45309357, -0.67251829, ..., -0.1826746 ,
          0.        ,  0.07693514],
        [-0.32238107, -0.52033548, -0.72746321, ..., -0.25777376,
         -0.07693514,  0.        ]],

       ...,

       [[ 0.        ,  0.13396758,  0.0795048 , ...,  0.46575767,
          0.58115552,  0.50730469],
        [-0.13396758,  0.        , -0.05475539, ...,  0.34300964,
          0.466895  ,  0.38728289],
        [-0.0795048 ,  0.05475539,  0.        , ...,  0.39392854,
          0.51461545,  0.43718422],
        ...,
        [-0.46575767, -0.34300964, -0.39392854, ...,  0.        ,
          0.13524156,  0.04754568],
        [-0.58115552, -0.466895  , -0.51461545, ..., -0.13524156,
          0.        , -0.08797975],
        [-0.50730469, -0.38728289, -0.43718422, ..., -0.04754568,
          0.08797975,  0.        ]],

       [[ 0.        , -0.00599476, -0.06769346, ...,  0.27909535,
          0.09354599, -0.00270048],
        [ 0.00599476,  0.        , -0.06171123, ...,  0.28484689,
          0.09951278,  0.00329431],
        [ 0.06769346,  0.06171123,  0.        , ...,  0.3434587 ,
          0.16072803,  0.06499892],
        ...,
        [-0.27909535, -0.28484689, -0.3434587 , ...,  0.        ,
         -0.18804272, -0.28168751],
        [-0.09354599, -0.09951278, -0.16072803, ...,  0.18804272,
          0.        , -0.09623428],
        [ 0.00270048, -0.00329431, -0.06499892, ...,  0.28168751,
          0.09623428,  0.        ]],

       [[ 0.        , -0.14286657, -0.21786315, ...,  0.3197412 ,
          0.39437922,  0.40468782],
        [ 0.14286657,  0.        , -0.07619348, ...,  0.45182806,
          0.52162058,  0.53118155],
        [ 0.21786315,  0.07619348,  0.        , ...,  0.51848721,
          0.58511083,  0.59419298],
        ...,
        [-0.3197412 , -0.45182806, -0.51848721, ...,  0.        ,
          0.07985079,  0.09105479],
        [-0.39437922, -0.52162058, -0.58511083, ..., -0.07985079,
          0.        ,  0.01124496],
        [-0.40468782, -0.53118155, -0.59419298, ..., -0.09105479,
         -0.01124496,  0.        ]]]), 'num': array([ 9.98101446e-01,  6.02127233e-02,  1.09951785e-05, -3.78281027e-08,
        4.59749374e-03,  4.61366312e-03,  4.52203663e-03,  1.76957696e-03,
        9.16264871e-05,  4.53712805e-03,  4.49589613e-03,  4.54530257e-03,
        2.93268168e-06,  4.63011281e-03,  4.36167945e-03])}
{'img': array([[[ 0.        ,  0.23337665, -0.07071084, ...,  0.9280134 ,
          0.72998793,  0.91994394],
        [-0.23337665,  0.        , -0.30155074, ...,  0.81544389,
          0.55032673,  0.80304569],
        [ 0.07071084,  0.30155074,  0.        , ...,  0.95203354,
          0.7764887 ,  0.94536337],
        ...,
        [-0.9280134 , -0.81544389, -0.95203354, ...,  0.        ,
         -0.36230539, -0.0211054 ],
        [-0.72998793, -0.55032673, -0.7764887 , ...,  0.36230539,
          0.        ,  0.3425532 ],
        [-0.91994394, -0.80304569, -0.94536337, ...,  0.0211054 ,
         -0.3425532 ,  0.        ]],

       [[ 0.        , -0.22255265, -0.47778669, ...,  0.25080204,
         -0.40440362, -0.55739284],
        [ 0.22255265,  0.        , -0.27029698, ...,  0.45995161,
         -0.1907191 , -0.35863971],
        [ 0.47778669,  0.27029698,  0.        , ...,  0.6828394 ,
          0.08171562, -0.0929743 ],
        ...,
        [-0.25080204, -0.45995161, -0.6828394 , ...,  0.        ,
         -0.62085692, -0.74780579],
        [ 0.40440362,  0.1907191 , -0.08171562, ...,  0.62085692,
          0.        , -0.17402504],
        [ 0.55739284,  0.35863971,  0.0929743 , ...,  0.74780579,
          0.17402504,  0.        ]],

       [[ 0.        , -0.26419943, -0.52169131, ...,  0.45309357,
          0.52033548,  0.6547321 ],
        [ 0.26419943,  0.        , -0.27775701, ...,  0.67251829,
          0.72746321,  0.83116625],
        [ 0.52169131,  0.27775701,  0.        , ...,  0.85161816,
          0.88942058,  0.95290055],
        ...,
        [-0.45309357, -0.67251829, -0.85161816, ...,  0.        ,
          0.07693514,  0.24119365],
        [-0.52033548, -0.72746321, -0.88942058, ..., -0.07693514,
          0.        ,  0.16581498],
        [-0.6547321 , -0.83116625, -0.95290055, ..., -0.24119365,
         -0.16581498,  0.        ]],

       ...,

       [[ 0.        , -0.05475539, -0.22442524, ...,  0.466895  ,
          0.38728289,  0.49465776],
        [ 0.05475539,  0.        , -0.17072991, ...,  0.51461545,
          0.43718422,  0.54150291],
        [ 0.22442524,  0.17072991,  0.        , ...,  0.65344723,
          0.58431512,  0.67708494],
        ...,
        [-0.466895  , -0.51461545, -0.65344723, ...,  0.        ,
         -0.08797975,  0.03165939],
        [-0.38728289, -0.43718422, -0.58431512, ...,  0.08797975,
          0.        ,  0.11947227],
        [-0.49465776, -0.54150291, -0.67708494, ..., -0.03165939,
         -0.11947227,  0.        ]],

       [[ 0.        , -0.06171123, -0.24281549, ...,  0.09951278,
          0.00329431,  0.02437667],
        [ 0.06171123,  0.        , -0.18248833, ...,  0.16072803,
          0.06499892,  0.0860231 ],
        [ 0.24281549,  0.18248833,  0.        , ...,  0.33814483,
          0.24600989,  0.26639047],
        ...,
        [-0.09951278, -0.16072803, -0.33814483, ...,  0.        ,
         -0.09623428, -0.07522754],
        [-0.00329431, -0.06499892, -0.24600989, ...,  0.09623428,
          0.        ,  0.02108321],
        [-0.02437667, -0.0860231 , -0.26639047, ...,  0.07522754,
         -0.02108321,  0.        ]],

       [[ 0.        , -0.07619348, -0.17929158, ...,  0.52162058,
          0.53118155,  0.52574815],
        [ 0.07619348,  0.        , -0.10381155, ...,  0.58511083,
          0.59419298,  0.58903307],
        [ 0.17929158,  0.10381155,  0.        , ...,  0.66613579,
          0.67448051,  0.66974156],
        ...,
        [-0.52162058, -0.58511083, -0.66613579, ...,  0.        ,
          0.01124496,  0.00484505],
        [-0.53118155, -0.59419298, -0.67448051, ..., -0.01124496,
          0.        , -0.00640009],
        [-0.52574815, -0.58903307, -0.66974156, ..., -0.00484505,
          0.00640009,  0.        ]]]), 'num': array([ 9.68677865e-01,  2.47997651e-01,  8.55914743e-06,  6.13457534e-08,
        4.44864329e-03,  4.50147754e-03,  4.43807645e-03,  1.60299094e-03,
       -5.81176677e-05,  4.46660694e-03,  4.40347002e-03,  4.45912209e-03,
        2.67790001e-06,  4.52567483e-03,  4.28126520e-03])}
{'img': array([[[ 0.        , -0.30155074, -0.77443535, ...,  0.55032673,
          0.80304569,  0.6483261 ],
        [ 0.30155074,  0.        , -0.54760848, ...,  0.7764887 ,
          0.94536337,  0.84773611],
        [ 0.77443535,  0.54760848,  0.        , ...,  0.99478021,
          0.96954886,  0.99979173],
        ...,
        [-0.55032673, -0.7764887 , -0.99478021, ...,  0.        ,
          0.3425532 ,  0.1223212 ],
        [-0.80304569, -0.94536337, -0.96954886, ..., -0.3425532 ,
          0.        , -0.22506024],
        [-0.6483261 , -0.84773611, -0.99979173, ..., -0.1223212 ,
          0.22506024,  0.        ]],

       [[ 0.        , -0.27029698, -0.48361815, ..., -0.1907191 ,
         -0.35863971, -0.41325462],
        [ 0.27029698,  0.        , -0.22903114, ...,  0.08171562,
         -0.0929743 , -0.15173542],
        [ 0.48361815,  0.22903114,  0.        , ...,  0.30780873,
          0.13753613,  0.07867706],
        ...,
        [ 0.1907191 , -0.08171562, -0.30780873, ...,  0.        ,
         -0.17402504, -0.23199742],
        [ 0.35863971,  0.0929743 , -0.13753613, ...,  0.17402504,
          0.        , -0.05918041],
        [ 0.41325462,  0.15173542, -0.07867706, ...,  0.23199742,
          0.05918041,  0.        ]],

       [[ 0.        , -0.27775701, -0.5929685 , ...,  0.72746321,
          0.83116625,  0.87579082],
        [ 0.27775701,  0.        , -0.34597894, ...,  0.88942058,
          0.95290055,  0.97540041],
        [ 0.5929685 ,  0.34597894,  0.        , ...,  0.99263541,
          0.99898109,  0.9914297 ],
        ...,
        [-0.72746321, -0.88942058, -0.99263541, ...,  0.        ,
          0.16581498,  0.24978115],
        [-0.83116625, -0.95290055, -0.99898109, ..., -0.16581498,
          0.        ,  0.08576436],
        [-0.87579082, -0.97540041, -0.9914297 , ..., -0.24978115,
         -0.08576436,  0.        ]],

       ...,

       [[ 0.        , -0.17072991, -0.19640935, ...,  0.43718422,
          0.54150291,  0.4036206 ],
        [ 0.17072991,  0.        , -0.02612121, ...,  0.58431512,
          0.67708494,  0.5538999 ],
        [ 0.19640935,  0.02612121,  0.        , ...,  0.6053138 ,
          0.69607663,  0.57545898],
        ...,
        [-0.43718422, -0.58431512, -0.6053138 , ...,  0.        ,
          0.11947227, -0.03698634],
        [-0.54150291, -0.67708494, -0.69607663, ..., -0.11947227,
          0.        , -0.15611195],
        [-0.4036206 , -0.5538999 , -0.57545898, ...,  0.03698634,
          0.15611195,  0.        ]],

       [[ 0.        , -0.18248833, -0.2084842 , ...,  0.06499892,
          0.0860231 , -0.0551155 ],
        [ 0.18248833,  0.        , -0.02650506, ...,  0.24600989,
          0.26639047,  0.12802094],
        [ 0.2084842 ,  0.02650506,  0.        , ...,  0.27161395,
          0.29184419,  0.15426293],
        ...,
        [-0.06499892, -0.24600989, -0.27161395, ...,  0.        ,
          0.02108321, -0.11989907],
        [-0.0860231 , -0.26639047, -0.29184419, ..., -0.02108321,
          0.        , -0.14080354],
        [ 0.0551155 , -0.12802094, -0.15426293, ...,  0.11989907,
          0.14080354,  0.        ]],

       [[ 0.        , -0.10381155, -0.35120671, ...,  0.59419298,
          0.58903307,  0.61789678],
        [ 0.10381155,  0.        , -0.25211059, ...,  0.67448051,
          0.66974156,  0.69618106],
        [ 0.35120671,  0.25211059,  0.        , ...,  0.83882513,
          0.83532373,  0.854675  ],
        ...,
        [-0.59419298, -0.67448051, -0.83882513, ...,  0.        ,
         -0.00640009,  0.02979858],
        [-0.58903307, -0.66974156, -0.83532373, ...,  0.00640009,
          0.        ,  0.03619522],
        [-0.61789678, -0.69618106, -0.854675  , ..., -0.02979858,
         -0.03619522,  0.        ]]]), 'num': array([ 9.87401597e-01,  1.57710026e-01,  9.86553592e-06,  1.00249093e-08,
        4.53383372e-03,  4.58774375e-03,  4.51766071e-03,  1.22817836e-03,
       -5.39100323e-06,  4.55647593e-03,  4.49420985e-03,  4.55270223e-03,
        2.89082782e-06,  4.61991505e-03,  4.36850464e-03])}
{'img': array([[[ 0.00000000e+00, -5.47608484e-01,  4.18660843e-01, ...,
          9.45363368e-01,  8.47736112e-01,  8.36734694e-01],
        [ 5.47608484e-01,  0.00000000e+00,  8.47614680e-01, ...,
          9.69548859e-01,  9.99791732e-01,  1.00000000e+00],
        [-4.18660843e-01, -8.47614680e-01,  0.00000000e+00, ...,
          7.22033602e-01,  5.47799994e-01,  5.30612245e-01],
        ...,
        [-9.45363368e-01, -9.69548859e-01, -7.22033602e-01, ...,
          0.00000000e+00, -2.25060243e-01, -2.44897959e-01],
        [-8.47736112e-01, -9.99791732e-01, -5.47799994e-01, ...,
          2.25060243e-01,  0.00000000e+00, -2.04081633e-02],
        [-8.36734694e-01, -1.00000000e+00, -5.30612245e-01, ...,
          2.44897959e-01,  2.04081633e-02,  0.00000000e+00]],

       [[ 0.00000000e+00, -2.29031136e-01,  1.40557691e-01, ...,
         -9.29743047e-02, -1.51735421e-01, -3.55976139e-01],
        [ 2.29031136e-01,  0.00000000e+00,  3.63578968e-01, ...,
          1.37536126e-01,  7.86770617e-02, -1.32485510e-01],
        [-1.40557691e-01, -3.63578968e-01,  0.00000000e+00, ...,
         -2.32000168e-01, -2.89159260e-01, -4.83792648e-01],
        ...,
        [ 9.29743047e-02, -1.37536126e-01,  2.32000168e-01, ...,
          0.00000000e+00, -5.91804117e-02, -2.67550205e-01],
        [ 1.51735421e-01, -7.86770617e-02,  2.89159260e-01, ...,
          5.91804117e-02,  0.00000000e+00, -2.10058344e-01],
        [ 3.55976139e-01,  1.32485510e-01,  4.83792648e-01, ...,
          2.67550205e-01,  2.10058344e-01,  0.00000000e+00]],

       [[ 0.00000000e+00, -3.45978935e-01,  1.86067692e-01, ...,
          9.52900550e-01,  9.75400407e-01,  9.74333274e-01],
        [ 3.45978935e-01,  0.00000000e+00,  5.14513656e-01, ...,
          9.98981094e-01,  9.91429696e-01,  9.92044113e-01],
        [-1.86067692e-01, -5.14513656e-01,  0.00000000e+00, ...,
          8.79828822e-01,  9.17350051e-01,  9.15432657e-01],
        ...,
        [-9.52900550e-01, -9.98981094e-01, -8.79828822e-01, ...,
          0.00000000e+00,  8.57643608e-02,  8.09908784e-02],
        [-9.75400407e-01, -9.91429696e-01, -9.17350051e-01, ...,
         -8.57643608e-02,  0.00000000e+00, -4.79014802e-03],
        [-9.74333274e-01, -9.92044113e-01, -9.15432657e-01, ...,
         -8.09908784e-02,  4.79014802e-03,  0.00000000e+00]],

       ...,

       [[ 0.00000000e+00, -2.61212076e-02,  3.91236240e-01, ...,
          6.77084936e-01,  5.53899904e-01,  6.52322266e-01],
        [ 2.61212076e-02,  0.00000000e+00,  4.15141837e-01, ...,
          6.96076627e-01,  5.75458984e-01,  6.71898036e-01],
        [-3.91236240e-01, -4.15141837e-01,  0.00000000e+00, ...,
          3.35202029e-01,  1.84011952e-01,  3.03791571e-01],
        ...,
        [-6.77084936e-01, -6.96076627e-01, -3.35202029e-01, ...,
          0.00000000e+00, -1.56111947e-01, -3.31437880e-02],
        [-5.53899904e-01, -5.75458984e-01, -1.84011952e-01, ...,
          1.56111947e-01,  0.00000000e+00,  1.23288754e-01],
        [-6.52322266e-01, -6.71898036e-01, -3.03791571e-01, ...,
          3.31437880e-02, -1.23288754e-01,  0.00000000e+00]],

       [[ 0.00000000e+00, -2.65050617e-02, -3.28059464e-02, ...,
          2.66390473e-01,  1.28020942e-01,  1.51254411e-01],
        [ 2.65050617e-02,  0.00000000e+00, -6.30362591e-03, ...,
          2.91844191e-01,  1.54262929e-01,  1.77401390e-01],
        [ 3.28059464e-02,  6.30362591e-03,  0.00000000e+00, ...,
          2.97867595e-01,  1.60488035e-01,  1.83601506e-01],
        ...,
        [-2.66390473e-01, -2.91844191e-01, -2.97867595e-01, ...,
          0.00000000e+00, -1.40803539e-01, -1.17536752e-01],
        [-1.28020942e-01, -1.54262929e-01, -1.60488035e-01, ...,
          1.40803539e-01,  0.00000000e+00,  2.34617650e-02],
        [-1.51254411e-01, -1.77401390e-01, -1.83601506e-01, ...,
          1.17536752e-01, -2.34617650e-02,  0.00000000e+00]],

       [[ 0.00000000e+00, -2.52110593e-01, -2.68455835e-01, ...,
          6.69741555e-01,  6.96181062e-01,  6.96477619e-01],
        [ 2.52110593e-01,  0.00000000e+00, -1.69281739e-02, ...,
          8.35323732e-01,  8.54675002e-01,  8.54889443e-01],
        [ 2.68455835e-01,  1.69281739e-02,  0.00000000e+00, ...,
          8.44510442e-01,  8.63341022e-01,  8.63549454e-01],
        ...,
        [-6.69741555e-01, -8.35323732e-01, -8.44510442e-01, ...,
          0.00000000e+00,  3.61952196e-02,  3.66081376e-02],
        [-6.96181062e-01, -8.54675002e-01, -8.63341022e-01, ...,
         -3.61952196e-02,  0.00000000e+00,  4.13191857e-04],
        [-6.96477619e-01, -8.54889443e-01, -8.63549454e-01, ...,
         -3.66081376e-02, -4.13191857e-04,  0.00000000e+00]]]), 'num': array([ 9.03222722e-01,  4.29001778e-01,  5.71350534e-06,  1.72124609e-09,
        4.12366038e-03,  4.21308916e-03,  4.10378732e-03,  2.84785948e-03,
       -5.46509207e-05,  4.17533034e-03,  4.13906200e-03,  4.19818436e-03,
        2.46746073e-06,  4.25390956e-03,  4.02421444e-03])}
{'img': array([[[ 0.00000000e+00,  8.47614680e-01,  7.74435345e-01, ...,
          9.99791732e-01,  1.00000000e+00,  9.74476440e-01],
        [-8.47614680e-01,  0.00000000e+00, -1.25321145e-01, ...,
          5.47799994e-01,  5.30612245e-01,  3.26788285e-01],
        [-7.74435345e-01,  1.25321145e-01,  0.00000000e+00, ...,
          6.48326103e-01,  6.32653061e-01,  4.42652670e-01],
        ...,
        [-9.99791732e-01, -5.47799994e-01, -6.48326103e-01, ...,
          0.00000000e+00, -2.04081633e-02, -2.44330316e-01],
        [-1.00000000e+00, -5.30612245e-01, -6.32653061e-01, ...,
          2.04081633e-02,  0.00000000e+00, -2.24489796e-01],
        [-9.74476440e-01, -3.26788285e-01, -4.42652670e-01, ...,
          2.44330316e-01,  2.24489796e-01,  0.00000000e+00]],

       [[ 0.00000000e+00,  3.63578968e-01,  4.80773008e-01, ...,
          7.86770617e-02, -1.32485510e-01,  5.74387360e-01],
        [-3.63578968e-01,  0.00000000e+00,  1.29068095e-01, ...,
         -2.89159260e-01, -4.83792648e-01,  2.37458440e-01],
        [-4.80773008e-01, -1.29068095e-01,  0.00000000e+00, ...,
         -4.10295091e-01, -5.92704235e-01,  1.10095823e-01],
        ...,
        [-7.86770617e-02,  2.89159260e-01,  4.10295091e-01, ...,
          0.00000000e+00, -2.10058344e-01,  5.08203094e-01],
        [ 1.32485510e-01,  4.83792648e-01,  5.92704235e-01, ...,
          2.10058344e-01,  0.00000000e+00,  6.77774572e-01],
        [-5.74387360e-01, -2.37458440e-01, -1.10095823e-01, ...,
         -5.08203094e-01, -6.77774572e-01,  0.00000000e+00]],

       [[ 0.00000000e+00,  5.14513656e-01,  5.73111450e-01, ...,
          9.91429696e-01,  9.92044113e-01,  9.99929472e-01],
        [-5.14513656e-01,  0.00000000e+00,  6.98005278e-02, ...,
          9.17350051e-01,  9.15432657e-01,  8.63532322e-01],
        [-5.73111450e-01, -6.98005278e-02,  0.00000000e+00, ...,
          8.87326306e-01,  8.85107187e-01,  8.26226188e-01],
        ...,
        [-9.91429696e-01, -9.17350051e-01, -8.87326306e-01, ...,
          0.00000000e+00, -4.79014802e-03, -1.18857417e-01],
        [-9.92044113e-01, -9.15432657e-01, -8.85107187e-01, ...,
          4.79014802e-03,  0.00000000e+00, -1.14099861e-01],
        [-9.99929472e-01, -8.63532322e-01, -8.26226188e-01, ...,
          1.18857417e-01,  1.14099861e-01,  0.00000000e+00]],

       ...,

       [[ 0.00000000e+00,  4.15141837e-01,  3.74070279e-01, ...,
          5.75458984e-01,  6.71898036e-01,  5.39601603e-01],
        [-4.15141837e-01,  0.00000000e+00, -4.46897464e-02, ...,
          1.84011952e-01,  3.03791571e-01,  1.41389755e-01],
        [-3.74070279e-01,  4.46897464e-02,  0.00000000e+00, ...,
          2.27754732e-01,  3.46065700e-01,  1.85489288e-01],
        ...,
        [-5.75458984e-01, -1.84011952e-01, -2.27754732e-01, ...,
          0.00000000e+00,  1.23288754e-01, -4.31879847e-02],
        [-6.71898036e-01, -3.03791571e-01, -3.46065700e-01, ...,
         -1.23288754e-01,  0.00000000e+00, -1.66032218e-01],
        [-5.39601603e-01, -1.41389755e-01, -1.85489288e-01, ...,
          4.31879847e-02,  1.66032218e-01,  0.00000000e+00]],

       [[ 0.00000000e+00, -6.30362591e-03, -8.53402649e-03, ...,
          1.54262929e-01,  1.77401390e-01,  1.31942641e-01],
        [ 6.30362591e-03,  0.00000000e+00, -2.23046058e-03, ...,
          1.60488035e-01,  1.83601506e-01,  1.38188535e-01],
        [ 8.53402649e-03,  2.23046058e-03,  0.00000000e+00, ...,
          1.62689184e-01,  1.85793594e-01,  1.40397253e-01],
        ...,
        [-1.54262929e-01, -1.60488035e-01, -1.62689184e-01, ...,
          0.00000000e+00,  2.34617650e-02, -2.25509971e-02],
        [-1.77401390e-01, -1.83601506e-01, -1.85793594e-01, ...,
         -2.34617650e-02,  0.00000000e+00, -4.60005881e-02],
