state_0,state_1,state_2,state_3,state_4,state_5,state_6,state_7,state_8,state_9,state_10,state_11,state_12,state_13,state_14,state_15,state_16,state_17,state_18,state_19,state_20,state_21,state_22,state_23,state_24,state_25,state_26,state_27,state_28,state_29,state_30,state_31,state_32,state_33,state_34,state_35,state_36,state_37,state_38,state_39,state_40,state_41,state_42,state_43,state_44,state_45,state_46,state_47,state_48,state_49,state_50,state_51,state_52,state_53,state_54,state_55,state_56,state_57,state_58,state_59,state_60,state_61,state_62,state_63,state_64,state_65,state_66,state_67,state_68,state_69,state_70,state_71,state_72,state_73,state_74,state_75,state_76,state_77,state_78,state_79,state_80,state_81,state_82,state_83,state_84,state_85,state_86,state_87,state_88,state_89,state_90,state_91,state_92,state_93,state_94,state_95,state_96,state_97,state_98,state_99,state_100,state_101,state_102,state_103,state_104,state_105,state_106,state_107,state_108,state_109,state_110,state_111,state_112,state_113,state_114,state_115,state_116,state_117,state_118,state_119,state_120,state_121,state_122,state_123,state_124,state_125,state_126,state_127,state_128,state_129,state_130,state_131,state_132,state_133,state_134,state_135,state_136,state_137,state_138,state_139,state_140,state_141,state_142,state_143,state_144,state_145,state_146,state_147,state_148,state_149,state_150,state_151,state_152,state_153,state_154,state_155,state_156,state_157,state_158,state_159,state_160,state_161,state_162,state_163,state_164,state_165,state_166,state_167,state_168,state_169,state_170,state_171,state_172,state_173,state_174,state_175,state_176,state_177,state_178,state_179,state_180,state_181,state_182,state_183,state_184,state_185,state_186,state_187,state_188,state_189,state_190,state_191,state_192,state_193,state_194,state_195,state_196,state_197,state_198,state_199,state_200,state_201,state_202,state_203,state_204,state_205,state_206,state_207,state_208,state_209,state_210,state_211,state_212,state_213,state_214,state_215,state_216,state_217,state_218,state_219,state_220,state_221,state_222,state_223,state_224,state_225,state_226,state_227,state_228,state_229,state_230,state_231,state_232,state_233,state_234,state_235,state_236,state_237,state_238,state_239,state_240,state_241,state_242,state_243,state_244,state_245,state_246,state_247,state_248,state_249,state_250,state_251,state_252,state_253,state_254,state_255,state_256,state_257,state_258,state_259,state_260,state_261,state_262,state_263,state_264,state_265,state_266,state_267,state_268,state_269,state_270,state_271,state_272,state_273,state_274,state_275,state_276,state_277,state_278,state_279,state_280,state_281,state_282,state_283,state_284,state_285,state_286,state_287
{'img': array([[[ 0.        , -0.71049356, -0.8550664 , ..., -0.97499604,
         -0.92888416, -0.74535599],
        [ 0.71049356,  0.        , -0.23330932, ..., -0.84399578,
         -0.91680499, -0.99817215],
        [ 0.8550664 ,  0.23330932,  0.        , ..., -0.69556826,
         -0.7983349 , -0.95652515],
        ...,
        [ 0.97499604,  0.84399578,  0.69556826, ...,  0.        ,
         -0.15469094, -0.4843627 ],
        [ 0.92888416,  0.91680499,  0.7983349 , ...,  0.15469094,
          0.        , -0.34319833],
        [ 0.74535599,  0.99817215,  0.95652515, ...,  0.4843627 ,
          0.34319833,  0.        ]],

       [[ 0.        , -0.25883849, -0.06942419, ...,  0.15685264,
         -0.13063037, -0.1516215 ],
        [ 0.25883849,  0.        ,  0.19115571, ...,  0.4071418 ,
          0.13044197,  0.10939163],
        [ 0.06942419, -0.19115571,  0.        , ...,  0.22503906,
         -0.06148588, -0.08263412],
        ...,
        [-0.15685264, -0.4071418 , -0.22503906, ...,  0.        ,
         -0.28452203, -0.30478395],
        [ 0.13063037, -0.13044197,  0.06148588, ...,  0.28452203,
          0.        , -0.02120217],
        [ 0.1516215 , -0.10939163,  0.08263412, ...,  0.30478395,
          0.02120217,  0.        ]],

       [[ 0.        ,  0.16742569,  0.38540677, ..., -0.99668261,
         -0.99943108, -0.99806338],
        [-0.16742569,  0.        ,  0.22547512, ..., -0.96898792,
         -0.97967704, -0.97356065],
        [-0.38540677, -0.22547512,  0.        , ..., -0.88831871,
         -0.90922319, -0.89698544],
        ...,
        [ 0.99668261,  0.96898792,  0.88831871, ...,  0.        ,
          0.04772518,  0.01923011],
        [ 0.99943108,  0.97967704,  0.90922319, ..., -0.04772518,
          0.        , -0.02850816],
        [ 0.99806338,  0.97356065,  0.89698544, ..., -0.01923011,
          0.02850816,  0.        ]],

       ...,

       [[ 0.        ,  0.04544849, -0.3739905 , ...,  0.71826015,
          0.27113032, -0.4992865 ],
        [-0.04544849,  0.        , -0.41575445, ...,  0.68589605,
          0.22710405, -0.53814883],
        [ 0.3739905 ,  0.41575445,  0.        , ...,  0.92635094,
          0.61143689, -0.13901536],
        ...,
        [-0.71826015, -0.68589605, -0.92635094, ...,  0.        ,
         -0.50271042, -0.96971802],
        [-0.27113032, -0.22710405, -0.61143689, ...,  0.50271042,
          0.        , -0.71550188],
        [ 0.4992865 ,  0.53814883,  0.13901536, ...,  0.96971802,
          0.71550188,  0.        ]],

       [[ 0.        , -0.46585439, -0.53319828, ..., -0.44173612,
         -0.51127542, -0.50287271],
        [ 0.46585439,  0.        , -0.07769828, ..., -0.80881419,
         -0.85277103, -0.84763877],
        [ 0.53319828,  0.07769828,  0.        , ..., -0.85206066,
         -0.89077367, -0.88630096],
        ...,
        [ 0.44173612,  0.80881419,  0.85206066, ...,  0.        ,
          0.07905271,  0.06933051],
        [ 0.51127542,  0.85277103,  0.89077367, ..., -0.07905271,
          0.        , -0.00974895],
        [ 0.50287271,  0.84763877,  0.88630096, ..., -0.06933051,
          0.00974895,  0.        ]],

       [[ 0.        ,  0.21710766,  0.22126008, ..., -0.8681603 ,
         -0.84688919, -0.83639816],
        [-0.21710766,  0.        ,  0.0042559 , ..., -0.73970561,
         -0.7112377 , -0.69744654],
        [-0.22126008, -0.0042559 ,  0.        , ..., -0.73683499,
         -0.70823957, -0.69439029],
        ...,
        [ 0.8681603 ,  0.73970561,  0.73683499, ...,  0.        ,
         -0.04136361, -0.06076714],
        [ 0.84688919,  0.7112377 ,  0.70823957, ...,  0.04136361,
          0.        , -0.01942796],
        [ 0.83639816,  0.69744654,  0.69439029, ...,  0.06076714,
          0.01942796,  0.        ]]]), 'num': array([7.07106575e-01, 7.07106575e-01, 0.00000000e+00, 0.00000000e+00,
       2.36588290e-04, 2.38107316e-04, 2.30132430e-04, 3.85468023e-04,
       6.45586025e-06, 2.33626190e-04, 2.30569150e-04, 2.33290738e-04,
       4.67392597e-07, 2.35481238e-04, 2.25657062e-04])}
{'img': array([[[ 0.        , -0.62251396, -0.56354267, ..., -0.96537406,
         -0.79340381, -0.99145689],
        [ 0.62251396,  0.        ,  0.07321727, ..., -0.91790508,
         -0.99984626, -0.69472531],
        [ 0.56354267, -0.07321727,  0.        , ..., -0.94449405,
         -0.99844651, -0.74552404],
        ...,
        [ 0.96537406,  0.91790508,  0.94449405, ...,  0.        ,
         -0.38064408,  0.38455928],
        [ 0.79340381,  0.99984626,  0.99844651, ...,  0.38064408,
          0.        ,  0.70698295],
        [ 0.99145689,  0.69472531,  0.74552404, ..., -0.38455928,
         -0.70698295,  0.        ]],

       [[ 0.        ,  0.19115571,  0.08827481, ...,  0.13044197,
          0.10939163,  0.52039801],
        [-0.19115571,  0.        , -0.10376248, ..., -0.06148588,
         -0.08263412,  0.3475693 ],
        [-0.08827481,  0.10376248,  0.        , ...,  0.04241216,
          0.02121954,  0.4429865 ],
        ...,
        [-0.13044197,  0.06148588, -0.04241216, ...,  0.        ,
         -0.02120217,  0.40456419],
        [-0.10939163,  0.08263412, -0.02121954, ...,  0.02120217,
          0.        ,  0.42386284],
        [-0.52039801, -0.3475693 , -0.4429865 , ..., -0.40456419,
         -0.42386284,  0.        ]],

       [[ 0.        ,  0.22547512, -0.22840605, ..., -0.97967704,
         -0.97356065, -0.99402473],
        [-0.22547512,  0.        , -0.44203925, ..., -0.90922319,
         -0.89698544, -0.94381576],
        [ 0.22840605,  0.44203925,  0.        , ..., -0.99959422,
         -1.        , -0.99268033],
        ...,
        [ 0.97967704,  0.90922319,  0.99959422, ...,  0.        ,
         -0.02850816,  0.09244611],
        [ 0.97356065,  0.89698544,  1.        , ...,  0.02850816,
          0.        ,  0.12079461],
        [ 0.99402473,  0.94381576,  0.99268033, ..., -0.09244611,
         -0.12079461,  0.        ]],

       ...,

       [[ 0.        , -0.41575445, -0.13739529, ...,  0.22710405,
         -0.53814883,  0.16772101],
        [ 0.41575445,  0.        ,  0.28685372, ...,  0.61143689,
         -0.13901536,  0.56240347],
        [ 0.13739529, -0.28685372,  0.        , ...,  0.35875549,
         -0.41724159,  0.30157941],
        ...,
        [-0.22710405, -0.61143689, -0.35875549, ...,  0.        ,
         -0.71550188, -0.06054847],
        [ 0.53814883,  0.13901536,  0.41724159, ...,  0.71550188,
          0.        ,  0.67188931],
        [-0.16772101, -0.56240347, -0.30157941, ...,  0.06054847,
         -0.67188931,  0.        ]],

       [[ 0.        , -0.28423572, -0.51457917, ..., -0.52544225,
         -0.51685194, -0.68176481],
        [ 0.28423572,  0.        , -0.24963917, ..., -0.74560615,
         -0.73886113, -0.86158375],
        [ 0.51457917,  0.24963917,  0.        , ..., -0.88835573,
         -0.88368927, -0.96102579],
        ...,
        [ 0.52544225,  0.74560615,  0.88835573, ...,  0.        ,
         -0.01006511,  0.19566691],
        [ 0.51685194,  0.73886113,  0.88368927, ...,  0.01006511,
          0.        ,  0.20552756],
        [ 0.68176481,  0.86158375,  0.96102579, ..., -0.19566691,
         -0.20552756,  0.        ]],

       [[ 0.        ,  0.0041936 ,  0.36373737, ..., -0.78584823,
         -0.77659639, -0.36373737],
        [-0.0041936 ,  0.        ,  0.35982782, ..., -0.78324792,
         -0.7739476 , -0.35982782],
        [-0.36373737, -0.35982782,  0.        , ..., -0.5070766 ,
         -0.49424676, -0.        ],
        ...,
        [ 0.78584823,  0.78324792,  0.5070766 , ...,  0.        ,
         -0.01482089, -0.5070766 ],
        [ 0.77659639,  0.7739476 ,  0.49424676, ...,  0.01482089,
          0.        , -0.49424676],
        [ 0.36373737,  0.35982782,  0.        , ...,  0.5070766 ,
          0.49424676,  0.        ]]]), 'num': array([ 8.13895322e-01,  5.81010689e-01,  7.24368998e-06, -3.43982112e-11,
        2.78570135e-04,  2.78570135e-04,  2.69905434e-04,  6.36058366e-04,
        8.66470093e-06,  2.68952317e-04,  2.63796820e-04,  2.66143510e-04,
        6.18907209e-07,  2.72590104e-04,  2.55003536e-04])}
{'img': array([[[ 0.        ,  0.07321727, -0.62856312, ..., -0.99984626,
         -0.69472531,  0.62251396],
        [-0.07321727,  0.        , -0.68382143, ..., -0.99844651,
         -0.74552404,  0.56354267],
        [ 0.62856312,  0.68382143,  0.        , ..., -0.7666175 ,
         -0.08821873,  0.97608454],
        ...,
        [ 0.99984626,  0.99844651,  0.7666175 , ...,  0.        ,
          0.70698295,  0.79340381],
        [ 0.69472531,  0.74552404,  0.08821873, ..., -0.70698295,
          0.        ,  0.99145689],
        [-0.62251396, -0.56354267, -0.97608454, ..., -0.79340381,
         -0.99145689,  0.        ]],

       [[ 0.        , -0.10376248,  0.09413898, ..., -0.08263412,
          0.3475693 ,  0.60795818],
        [ 0.10376248,  0.        ,  0.19693251, ...,  0.02121954,
          0.4429865 ,  0.68706068],
        [-0.09413898, -0.19693251,  0.        , ..., -0.17608417,
          0.25775595,  0.53051484],
        ...,
        [ 0.08263412, -0.02121954,  0.17608417, ...,  0.        ,
          0.42386284,  0.67148787],
        [-0.3475693 , -0.4429865 , -0.25775595, ..., -0.42386284,
          0.        ,  0.29409533],
        [-0.60795818, -0.68706068, -0.53051484, ..., -0.67148787,
         -0.29409533,  0.        ]],

       [[ 0.        , -0.44203925, -0.71456328, ..., -0.89698544,
         -0.94381576, -0.99593012],
        [ 0.44203925,  0.        , -0.33172243, ..., -1.        ,
         -0.99268033, -0.93318549],
        [ 0.71456328,  0.33172243,  0.        , ..., -0.94338474,
         -0.89640919, -0.76112635],
        ...,
        [ 0.89698544,  1.        ,  0.94338474, ...,  0.        ,
          0.12079461,  0.35941677],
        [ 0.94381576,  0.99268033,  0.89640919, ..., -0.12079461,
          0.        ,  0.24406218],
        [ 0.99593012,  0.93318549,  0.76112635, ..., -0.35941677,
         -0.24406218,  0.        ]],

       ...,

       [[ 0.        ,  0.22751092, -0.0976734 , ..., -0.11636067,
          0.4244441 ,  0.97992421],
        [-0.22751092,  0.        , -0.32153505, ..., -0.33927463,
          0.20731257,  0.90886729],
        [ 0.0976734 ,  0.32153505,  0.        , ..., -0.01879439,
          0.51085341,  0.99471191],
        ...,
        [ 0.11636067,  0.33927463,  0.01879439, ...,  0.        ,
          0.52692012,  0.99646648],
        [-0.4244441 , -0.20731257, -0.51085341, ..., -0.52692012,
          0.        ,  0.80265487],
        [-0.97992421, -0.90886729, -0.99471191, ..., -0.99646648,
         -0.80265487,  0.        ]],

       [[ 0.        , -0.44293218, -0.5805902 , ..., -0.52183872,
         -0.68778008, -0.95155951],
        [ 0.44293218,  0.        , -0.15989754, ..., -0.84569789,
         -0.93816569, -0.98931153],
        [ 0.5805902 ,  0.15989754,  0.        , ..., -0.92014805,
         -0.98144927, -0.95326684],
        ...,
        [ 0.52183872,  0.84569789,  0.92014805, ...,  0.        ,
          0.20789408,  0.65127533],
        [ 0.68778008,  0.93816569,  0.98144927, ..., -0.20789408,
          0.        ,  0.47928718],
        [ 0.95155951,  0.98931153,  0.95326684, ..., -0.65127533,
         -0.47928718,  0.        ]],

       [[ 0.        ,  0.32298429,  0.01028375, ..., -0.98203775,
         -0.95079089, -0.32298429],
        [-0.32298429,  0.        , -0.31323463, ..., -0.86846262,
         -0.79976131, -0.        ],
        [-0.01028375,  0.31323463,  0.        , ..., -0.98004543,
         -0.94755436, -0.31323463],
        ...,
        [ 0.98203775,  0.86846262,  0.98004543, ...,  0.        ,
         -0.12486845, -0.86846262],
        [ 0.95079089,  0.79976131,  0.94755436, ...,  0.12486845,
          0.        , -0.79976131],
        [ 0.32298429,  0.        ,  0.31323463, ...,  0.86846262,
          0.79976131,  0.        ]]]), 'num': array([ 9.19638585e-01,  3.92764595e-01,  1.66468882e-05,  8.79103112e-09,
        3.12684873e-04,  3.17130629e-04,  3.10708981e-04,  3.00790004e-04,
       -4.93972942e-06,  3.08140322e-04,  3.01521084e-04,  3.03414647e-04,
        6.73599467e-07,  3.12700162e-04,  2.90342006e-04])}
{'img': array([[[ 0.        , -0.68382143, -0.57849048, ..., -0.74552404,
          0.56354267, -0.36294971],
        [ 0.68382143,  0.        ,  0.13569048, ..., -0.08821873,
          0.97608454,  0.37236474],
        [ 0.57849048, -0.13569048,  0.        , ..., -0.22256426,
          0.93755907,  0.24298835],
        ...,
        [ 0.74552404,  0.08821873,  0.22256426, ...,  0.        ,
          0.99145689,  0.45278755],
        [-0.56354267, -0.97608454, -0.93755907, ..., -0.99145689,
          0.        , -0.824942  ],
        [ 0.36294971, -0.37236474, -0.24298835, ..., -0.45278755,
          0.824942  ,  0.        ]],

       [[ 0.        ,  0.19693251,  0.20990665, ...,  0.4429865 ,
          0.68706068,  0.13866723],
        [-0.19693251,  0.        ,  0.01325093, ...,  0.25775595,
          0.53051484, -0.05907823],
        [-0.20990665, -0.01325093,  0.        , ...,  0.24493014,
          0.51923577, -0.07230083],
        ...,
        [-0.4429865 , -0.25775595, -0.24493014, ...,  0.        ,
          0.29409533, -0.31438772],
        [-0.68706068, -0.53051484, -0.51923577, ..., -0.29409533,
          0.        , -0.5796674 ],
        [-0.13866723,  0.05907823,  0.07230083, ...,  0.31438772,
          0.5796674 ,  0.        ]],

       [[ 0.        , -0.61070888, -0.81196192, ..., -0.95576922,
         -0.99917043, -0.99547511],
        [ 0.61070888,  0.        , -0.28647914, ..., -0.93645109,
         -0.81606881, -0.73024099],
        [ 0.81196192,  0.28647914,  0.        , ..., -0.79670477,
         -0.6162925 , -0.50391443],
        ...,
        [ 0.95576922,  0.93645109,  0.79670477, ...,  0.        ,
          0.25495093,  0.3836065 ],
        [ 0.99917043,  0.81606881,  0.6162925 , ..., -0.25495093,
          0.        ,  0.13548351],
        [ 0.99547511,  0.73024099,  0.50391443, ..., -0.3836065 ,
         -0.13548351,  0.        ]],

       ...,

       [[ 0.        , -0.32153505, -0.45884056, ...,  0.20731257,
          0.90886729,  0.58100034],
        [ 0.32153505,  0.        , -0.14878518, ...,  0.51085341,
          0.99471191,  0.81184632],
        [ 0.45884056,  0.14878518,  0.        , ...,  0.63307321,
          0.99892122,  0.88968147],
        ...,
        [-0.20731257, -0.51085341, -0.63307321, ...,  0.        ,
          0.80265487,  0.39964558],
        [-0.90886729, -0.99471191, -0.99892122, ..., -0.80265487,
          0.        , -0.49740332],
        [-0.58100034, -0.81184632, -0.88968147, ..., -0.39964558,
          0.49740332,  0.        ]],

       [[ 0.        , -0.40762673, -0.56395124, ..., -0.70322258,
         -0.96294684, -0.996465  ],
        [ 0.40762673,  0.        , -0.17834986, ..., -0.93195702,
         -0.98924698, -0.94416497],
        [ 0.56395124,  0.17834986,  0.        , ..., -0.98167917,
         -0.94730202, -0.87026583],
        ...,
        [ 0.70322258,  0.93195702,  0.98167917, ...,  0.        ,
          0.49497308,  0.64937946],
        [ 0.96294684,  0.98924698,  0.94730202, ..., -0.49497308,
          0.        ,  0.18784173],
        [ 0.996465  ,  0.94416497,  0.87026583, ..., -0.64937946,
         -0.18784173,  0.        ]],

       [[ 0.        , -0.3087985 , -0.34788767, ..., -0.83241456,
         -0.33475395, -0.        ],
        [ 0.3087985 ,  0.        , -0.04137575, ..., -0.96285411,
         -0.60937622, -0.3087985 ],
        [ 0.34788767,  0.04137575,  0.        , ..., -0.97320194,
         -0.64166044, -0.34788767],
        ...,
        [ 0.83241456,  0.96285411,  0.97320194, ...,  0.        ,
         -0.59888384, -0.83241456],
        [ 0.33475395,  0.60937622,  0.64166044, ...,  0.59888384,
          0.        , -0.33475395],
        [ 0.        ,  0.3087985 ,  0.34788767, ...,  0.83241456,
          0.33475395,  0.        ]]]), 'num': array([ 9.34272700e-01,  3.56557952e-01,  1.80535859e-05, -1.56706883e-10,
        3.19003174e-04,  3.22492271e-04,  3.12024979e-04,  4.16458644e-04,
        3.48909721e-06,  3.13520307e-04,  3.05121551e-04,  3.06168281e-04,
        7.33970215e-07,  3.18016769e-04,  2.92226333e-04])}
{'img': array([[[ 0.        ,  0.13569048,  0.18188931, ...,  0.97608454,
          0.37236474,  0.7414174 ],
        [-0.13569048,  0.        ,  0.04678005, ...,  0.93755907,
          0.24298835,  0.64350593],
        [-0.18188931, -0.04678005,  0.        , ...,  0.92026133,
          0.19734432,  0.60699406],
        ...,
        [-0.97608454, -0.93755907, -0.92026133, ...,  0.        ,
         -0.824942  , -0.49381812],
        [-0.37236474, -0.24298835, -0.19734432, ...,  0.824942  ,
          0.        ,  0.43822628],
        [-0.7414174 , -0.64350593, -0.60699406, ...,  0.49381812,
         -0.43822628,  0.        ]],

       [[ 0.        ,  0.01325093, -0.22706859, ...,  0.53051484,
         -0.05907823,  0.12873019],
        [-0.01325093,  0.        , -0.23995345, ...,  0.51923577,
         -0.07230083,  0.11557822],
        [ 0.22706859,  0.23995345,  0.        , ...,  0.70913765,
          0.16913695,  0.35054691],
        ...,
        [-0.53051484, -0.51923577, -0.70913765, ...,  0.        ,
         -0.5796674 , -0.41697932],
        [ 0.05907823,  0.07230083, -0.16913695, ...,  0.5796674 ,
          0.        ,  0.18709203],
        [-0.12873019, -0.11557822, -0.35054691, ...,  0.41697932,
         -0.18709203,  0.        ]],

       [[ 0.        , -0.64083725, -0.77961216, ..., -0.99749712,
         -0.97499604, -0.87459816],
        [ 0.64083725,  0.        , -0.19715773, ..., -0.72044364,
         -0.60607353, -0.36069972],
        [ 0.77961216,  0.19715773,  0.        , ..., -0.56957108,
         -0.43735644, -0.16973437],
        ...,
        [ 0.99749712,  0.72044364,  0.56957108, ...,  0.        ,
          0.15272691,  0.42179469],
        [ 0.97499604,  0.60607353,  0.43735644, ..., -0.15272691,
          0.        ,  0.27837021],
        [ 0.87459816,  0.36069972,  0.16973437, ..., -0.42179469,
         -0.27837021,  0.        ]],

       ...,

       [[ 0.        , -0.14239528,  0.18591109, ...,  0.89031845,
          0.75202446,  0.99846526],
        [ 0.14239528,  0.        ,  0.32392947, ...,  0.94608403,
          0.83821898,  0.99617686],
        [-0.18591109, -0.32392947,  0.        , ...,  0.7901447 ,
          0.61637355,  0.97076252],
        ...,
        [-0.89031845, -0.94608403, -0.7901447 , ...,  0.        ,
         -0.24441463,  0.40533225],
        [-0.75202446, -0.83821898, -0.61637355, ...,  0.24441463,
          0.        ,  0.61647523],
        [-0.99846526, -0.99617686, -0.97076252, ..., -0.40533225,
         -0.61647523,  0.        ]],

       [[ 0.        , -0.41746188, -0.44528318, ..., -0.97162238,
         -0.99909963, -0.97765695],
        [ 0.41746188,  0.        , -0.03083524, ..., -0.9816532 ,
         -0.92558738, -0.80063811],
        [ 0.44528318,  0.03083524,  0.        , ..., -0.9753069 ,
         -0.91347505, -0.78178251],
        ...,
        [ 0.97162238,  0.9816532 ,  0.9753069 , ...,  0.        ,
          0.1951027 ,  0.43549406],
        [ 0.99909963,  0.92558738,  0.91347505, ..., -0.1951027 ,
          0.        ,  0.25149528],
        [ 0.97765695,  0.80063811,  0.78178251, ..., -0.43549406,
         -0.25149528,  0.        ]],

       [[ 0.        , -0.162143  , -0.289011  , ..., -0.53715266,
         -0.43659634, -0.        ],
        [ 0.162143  ,  0.        , -0.12996292, ..., -0.66680986,
         -0.57669214, -0.162143  ],
        [ 0.289011  ,  0.12996292,  0.        , ..., -0.75800654,
         -0.67797584, -0.289011  ],
        ...,
        [ 0.53715266,  0.66680986,  0.75800654, ...,  0.        ,
         -0.11499095, -0.53715266],
        [ 0.43659634,  0.57669214,  0.67797584, ...,  0.11499095,
          0.        , -0.43659634],
        [ 0.        ,  0.162143  ,  0.289011  , ...,  0.53715266,
          0.43659634,  0.        ]]]), 'num': array([ 9.56565542e-01,  2.91515849e-01,  2.09794856e-05,  6.82170800e-09,
        3.25685452e-04,  3.28767649e-04,  3.22603255e-04,  2.23346247e-04,
       -3.08219671e-06,  3.25993672e-04,  3.15257353e-04,  3.15616943e-04,
        7.06336745e-07,  3.29216752e-04,  3.01297954e-04])}
{'img': array([[[ 0.        ,  0.04678005,  0.09440466, ...,  0.24298835,
          0.64350593,  0.29472159],
        [-0.04678005,  0.        ,  0.04773019, ...,  0.19734432,
          0.60699406,  0.24969671],
        [-0.09440466, -0.04773019,  0.        , ...,  0.15032786,
          0.56837077,  0.20319383],
        ...,
        [-0.24298835, -0.19734432, -0.15032786, ...,  0.        ,
          0.43822628,  0.05369298],
        [-0.64350593, -0.60699406, -0.56837077, ..., -0.43822628,
          0.        , -0.38933141],
        [-0.29472159, -0.24969671, -0.20319383, ..., -0.05369298,
          0.38933141,  0.        ]],

       [[ 0.        , -0.23995345, -0.29753152, ..., -0.07230083,
          0.11557822, -0.24648496],
        [ 0.23995345,  0.        , -0.05975251, ...,  0.16913695,
          0.35054691, -0.00673367],
        [ 0.29753152,  0.05975251,  0.        , ...,  0.22772637,
          0.40588148,  0.05302951],
        ...,
        [ 0.07230083, -0.16913695, -0.22772637, ...,  0.        ,
          0.18709203, -0.17576977],
        [-0.11557822, -0.35054691, -0.40588148, ..., -0.18709203,
          0.        , -0.35684535],
        [ 0.24648496,  0.00673367, -0.05302951, ...,  0.17576977,
          0.35684535,  0.        ]],

       [[ 0.        , -0.5425864 , -0.66305416, ..., -0.92380756,
         -0.73321211,  0.        ],
        [ 0.5425864 ,  0.        , -0.15080082, ..., -0.56826527,
         -0.24693942,  0.5425864 ],
        [ 0.66305416,  0.15080082,  0.        , ..., -0.43768092,
         -0.09798481,  0.66305416],
        ...,
        [ 0.92380756,  0.56826527,  0.43768092, ...,  0.        ,
          0.34747365,  0.92380756],
        [ 0.73321211,  0.24693942,  0.09798481, ..., -0.34747365,
          0.        ,  0.73321211],
        [ 0.        , -0.5425864 , -0.66305416, ..., -0.92380756,
         -0.73321211,  0.        ]],

       ...,

       [[ 0.        ,  0.32392947,  0.37664802, ...,  0.83821898,
          0.99617686,  0.85775118],
        [-0.32392947,  0.        ,  0.05626547, ...,  0.61637355,
          0.97076252,  0.64498147],
        [-0.37664802, -0.05626547,  0.        , ...,  0.57109066,
          0.95571861,  0.60096175],
        ...,
        [-0.83821898, -0.61637355, -0.57109066, ...,  0.        ,
          0.61647523,  0.0368616 ],
        [-0.99617686, -0.97076252, -0.95571861, ..., -0.61647523,
          0.        , -0.58703239],
        [-0.85775118, -0.64498147, -0.60096175, ..., -0.0368616 ,
          0.58703239,  0.        ]],

       [[ 0.        , -0.10402103, -0.10888151, ..., -0.99650664,
         -0.9389864 , -0.87169711],
        [ 0.10402103,  0.        , -0.00488824, ..., -0.98241352,
         -0.89811401, -0.81599326],
        [ 0.10888151,  0.00488824,  0.        , ..., -0.98148906,
         -0.89595361, -0.8131578 ],
        ...,
        [ 0.99650664,  0.98241352,  0.98148906, ...,  0.        ,
          0.2643346 ,  0.41553458],
        [ 0.9389864 ,  0.89811401,  0.89595361, ..., -0.2643346 ,
          0.        ,  0.16032168],
        [ 0.87169711,  0.81599326,  0.8131578 , ..., -0.41553458,
         -0.16032168,  0.        ]],

       [[ 0.        , -0.24165427, -0.12723947, ..., -0.43797082,
         -0.        , -0.18214639],
        [ 0.24165427,  0.        ,  0.11622171, ..., -0.64223501,
         -0.24165427, -0.41435975],
        [ 0.12723947, -0.11622171,  0.        , ..., -0.54879792,
         -0.12723947, -0.30577685],
        ...,
        [ 0.43797082,  0.64223501,  0.54879792, ...,  0.        ,
         -0.43797082, -0.26689656],
        [ 0.        ,  0.24165427,  0.12723947, ...,  0.43797082,
          0.        ,  0.18214639],
        [ 0.18214639,  0.41435975,  0.30577685, ...,  0.26689656,
         -0.18214639,  0.        ]]]), 'num': array([ 8.21392441e-01,  5.70362883e-01,  7.95656284e-06, -5.11597780e-10,
        2.78921731e-04,  2.80247824e-04,  2.73175324e-04,  1.85962555e-04,
       -1.32609381e-06,  2.81220293e-04,  2.71805027e-04,  2.71606113e-04,
        5.76967130e-07,  2.84178429e-04,  2.59431625e-04])}
{'img': array([[[ 0.        ,  0.04773019, -0.18188931, ...,  0.60699406,
          0.24969671,  0.09647453],
        [-0.04773019,  0.        , -0.22861601, ...,  0.56837077,
          0.20319383,  0.04885703],
        [ 0.18188931,  0.22861601,  0.        , ...,  0.7414174 ,
          0.42165932,  0.27590612],
        ...,
        [-0.60699406, -0.56837077, -0.7414174 , ...,  0.        ,
         -0.38933141, -0.52749379],
        [-0.24969671, -0.20319383, -0.42165932, ...,  0.38933141,
          0.        , -0.15511337],
        [-0.09647453, -0.04885703, -0.27590612, ...,  0.52749379,
          0.15511337,  0.        ]],

       [[ 0.        , -0.05975251,  0.00623493, ...,  0.35054691,
         -0.00673367, -0.02315692],
        [ 0.05975251,  0.        ,  0.06597514, ...,  0.40588148,
          0.05302951,  0.03662094],
        [-0.00623493, -0.06597514,  0.        , ...,  0.3447008 ,
         -0.01296833, -0.02938973],
        ...,
        [-0.35054691, -0.40588148, -0.3447008 , ...,  0.        ,
         -0.35684535, -0.37214041],
        [ 0.00673367, -0.05302951,  0.01296833, ...,  0.35684535,
          0.        , -0.01642453],
        [ 0.02315692, -0.03662094,  0.02938973, ...,  0.37214041,
          0.01642453,  0.        ]],

       [[ 0.        , -0.12522782, -0.31153982, ..., -0.20935713,
          0.28296168,  0.65043392],
        [ 0.12522782,  0.        , -0.19009176, ..., -0.08525639,
          0.40084412,  0.74043212],
        [ 0.31153982,  0.19009176,  0.        , ...,  0.10569779,
          0.56768712,  0.85469791],
        ...,
        [ 0.20935713,  0.08525639, -0.10569779, ...,  0.        ,
          0.47749199,  0.79503971],
        [-0.28296168, -0.40084412, -0.56768712, ..., -0.47749199,
          0.        ,  0.4089243 ],
        [-0.65043392, -0.74043212, -0.85469791, ..., -0.79503971,
         -0.4089243 ,  0.        ]],

       ...,

       [[ 0.        ,  0.05626547, -0.13842147, ...,  0.97076252,
          0.64498147,  0.47624434],
        [-0.05626547,  0.        , -0.19392602, ...,  0.95571861,
          0.60096175,  0.42601493],
        [ 0.13842147,  0.19392602,  0.        , ...,  0.99464435,
          0.74455394,  0.59337553],
        ...,
        [-0.97076252, -0.95571861, -0.99464435, ...,  0.        ,
         -0.58703239, -0.73928549],
        [-0.64498147, -0.60096175, -0.74455394, ...,  0.58703239,
          0.        , -0.20319551],
        [-0.47624434, -0.42601493, -0.59337553, ...,  0.73928549,
          0.20319551,  0.        ]],

       [[ 0.        , -0.00488824, -0.03833716, ..., -0.89811401,
         -0.81599326, -0.74008515],
        [ 0.00488824,  0.        , -0.03345205, ..., -0.89595361,
         -0.8131578 , -0.7367889 ],
        [ 0.03833716,  0.03345205,  0.        , ..., -0.88059452,
         -0.79323215, -0.71375884],
        ...,
        [ 0.89811401,  0.89595361,  0.88059452, ...,  0.        ,
          0.16032168,  0.27853167],
        [ 0.81599326,  0.8131578 ,  0.79323215, ..., -0.16032168,
          0.        ,  0.12095154],
        [ 0.74008515,  0.7367889 ,  0.71375884, ..., -0.27853167,
         -0.12095154,  0.        ]],

       [[ 0.        ,  0.2067083 , -0.13716203, ..., -0.2067083 ,
         -0.38180892, -0.48105425],
        [-0.2067083 ,  0.        , -0.33895431, ..., -0.        ,
         -0.1825145 , -0.28944546],
        [ 0.13716203,  0.33895431,  0.        , ..., -0.33895431,
         -0.50497111, -0.59675631],
        ...,
        [ 0.2067083 ,  0.        ,  0.33895431, ...,  0.        ,
          0.1825145 ,  0.28944546],
        [ 0.38180892,  0.1825145 ,  0.50497111, ..., -0.1825145 ,
          0.        ,  0.10988181],
        [ 0.48105425,  0.28944546,  0.59675631, ..., -0.28944546,
         -0.10988181,  0.        ]]]), 'num': array([ 7.73061884e-01,  6.34328518e-01,  4.17243204e-06, -1.85366533e-09,
        2.74176611e-04,  2.74176611e-04,  2.53974124e-04,  1.45272374e-03,
        1.40180523e-05,  2.64116597e-04,  2.54695642e-04,  2.53582443e-04,
        6.23313118e-07,  2.69234837e-04,  2.40156446e-04])}
{'img': array([[[ 0.        , -0.14744407, -0.11790321, ...,  0.11749417,
          0.02941176,  0.99956738],
        [ 0.14744407,  0.        ,  0.02980109, ...,  0.26263281,
          0.17647059,  0.98430591],
        [ 0.11790321, -0.02980109,  0.        , ...,  0.23376122,
          0.14705882,  0.98912775],
        ...,
        [-0.11749417, -0.26263281, -0.23376122, ...,  0.        ,
         -0.08823529,  0.99609966],
        [-0.02941176, -0.17647059, -0.14705882, ...,  0.08823529,
          0.        ,  1.        ],
        [-0.99956738, -0.98430591, -0.98912775, ..., -0.99609966,
         -1.        ,  0.        ]],

       [[ 0.        ,  0.0651221 ,  0.22767303, ...,  0.05234475,
          0.03614888,  0.48184686],
        [-0.0651221 ,  0.        ,  0.1637779 , ..., -0.01279919,
         -0.02900739,  0.53788765],
        [-0.22767303, -0.1637779 ,  0.        , ..., -0.17639085,
         -0.19232469,  0.66869216],
        ...,
        [-0.05234475,  0.01279919,  0.17639085, ...,  0.        ,
         -0.01621121,  0.52705366],
        [-0.03614888,  0.02900739,  0.19232469, ...,  0.01621121,
          0.        ,  0.51320759],
        [-0.48184686, -0.53788765, -0.66869216, ..., -0.52705366,
         -0.51320759,  0.        ]],

       [[ 0.        , -0.15050769, -0.14015729, ...,  0.26723781,
          0.37844592,  0.8702089 ],
        [ 0.15050769,  0.        ,  0.01046134, ...,  0.40922748,
          0.51344842,  0.93444878],
        [ 0.14015729, -0.01046134,  0.        , ...,  0.39965983,
          0.50444324,  0.93067239],
        ...,
        [-0.26723781, -0.40922748, -0.39965983, ...,  0.        ,
          0.11732049,  0.70689643],
        [-0.37844592, -0.51344842, -0.50444324, ..., -0.11732049,
          0.        ,  0.61903189],
        [-0.8702089 , -0.93444878, -0.93067239, ..., -0.70689643,
         -0.61903189,  0.        ]],

       ...,

       [[ 0.        , -0.18532104, -0.18532104, ...,  0.55477086,
          0.39770788,  0.96914903],
        [ 0.18532104,  0.        ,  0.        , ...,  0.69934883,
          0.5608531 ,  0.99803855],
        [ 0.18532104,  0.        ,  0.        , ...,  0.69934883,
          0.5608531 ,  0.99803855],
        ...,
        [-0.55477086, -0.69934883, -0.69934883, ...,  0.        ,
         -0.17811475,  0.66959766],
        [-0.39770788, -0.5608531 , -0.5608531 , ...,  0.17811475,
          0.        ,  0.79118071],
        [-0.96914903, -0.99803855, -0.99803855, ..., -0.66959766,
         -0.79118071,  0.        ]],

       [[ 0.        , -0.01717315, -0.01305691, ..., -0.7127306 ,
         -0.62762279,  0.3821731 ],
        [ 0.01717315,  0.        ,  0.0041167 , ..., -0.7005796 ,
         -0.61416063,  0.3979863 ],
        [ 0.01305691, -0.0041167 ,  0.        , ..., -0.70351124,
         -0.61740425,  0.3942063 ],
        ...,
        [ 0.7127306 ,  0.7005796 ,  0.70351124, ...,  0.        ,
          0.11463492,  0.92669845],
        [ 0.62762279,  0.61416063,  0.61740425, ..., -0.11463492,
          0.        ,  0.8775089 ],
        [-0.3821731 , -0.3979863 , -0.3942063 , ..., -0.92669845,
         -0.8775089 ,  0.        ]],

       [[ 0.        , -0.31954614, -0.35831142, ..., -0.65403086,
         -0.67976205, -0.        ],
        [ 0.31954614,  0.        , -0.04119645, ..., -0.86146688,
         -0.87848821, -0.31954614],
        [ 0.35831142,  0.04119645,  0.        , ..., -0.88165568,
         -0.89742461, -0.35831142],
        ...,
        [ 0.65403086,  0.86146688,  0.88165568, ...,  0.        ,
          0.03453051, -0.65403086],
        [ 0.67976205,  0.87848821,  0.89742461, ..., -0.03453051,
          0.        , -0.67976205],
        [ 0.        ,  0.31954614,  0.35831142, ...,  0.65403086,
          0.67976205,  0.        ]]]), 'num': array([ 9.26995881e-01,  3.75069724e-01,  1.69043227e-05,  6.92915514e-09,
        3.26390383e-04,  3.35887193e-04,  3.21891894e-04,  7.26356056e-04,
       -5.99798560e-06,  3.22191793e-04,  3.09920914e-04,  3.07613356e-04,
        6.69006086e-07,  3.28939445e-04,  2.90902383e-04])}
{'img': array([[[ 0.        ,  0.02980109,  0.26263281, ...,  0.17647059,
          0.98430591,  0.77145208],
        [-0.02980109,  0.        ,  0.23376122, ...,  0.14705882,
          0.98912775,  0.75214738],
        [-0.26263281, -0.23376122,  0.        , ..., -0.08823529,
          0.99609966,  0.57726095],
        ...,
        [-0.17647059, -0.14705882,  0.08823529, ...,  0.        ,
          1.        ,  0.64705882],
        [-0.98430591, -0.98912775, -0.99609966, ..., -1.        ,
          0.        , -0.76244008],
        [-0.77145208, -0.75214738, -0.57726095, ..., -0.64705882,
          0.76244008,  0.        ]],

       [[ 0.        ,  0.1637779 ,  0.76980608, ..., -0.02900739,
          0.53788765,  0.68935839],
        [-0.1637779 ,  0.        ,  0.86394738, ..., -0.19232469,
          0.66869216,  0.56140609],
        [-0.76980608, -0.86394738,  0.        , ..., -0.75096737,
          0.30563749, -0.99766546],
        ...,
        [ 0.02900739,  0.19232469,  0.75096737, ...,  0.        ,
          0.51320759,  0.71008186],
        [-0.53788765, -0.66869216, -0.30563749, ..., -0.51320759,
          0.        , -0.97079734],
        [-0.68935839, -0.56140609,  0.99766546, ..., -0.71008186,
          0.97079734,  0.        ]],

       [[ 0.        ,  0.00915642,  0.06452895, ...,  0.42546734,
          0.66501526,  0.97186089],
        [-0.00915642,  0.        ,  0.05538891, ...,  0.41716319,
          0.6581491 ,  0.9696633 ],
        [-0.06452895, -0.05538891,  0.        , ...,  0.36618359,
          0.61543712,  0.95463522],
        ...,
        [-0.42546734, -0.41716319, -0.36618359, ...,  0.        ,
          0.2840697 ,  0.77928742],
        [-0.66501526, -0.6581491 , -0.61543712, ..., -0.2840697 ,
          0.        ,  0.5691666 ],
        [-0.97186089, -0.9696633 , -0.95463522, ..., -0.77928742,
         -0.5691666 ,  0.        ]],

       ...,

       [[ 0.        ,  0.        , -0.10439494, ...,  0.5608531 ,
          0.99803855,  0.62644506],
        [ 0.        ,  0.        , -0.10439494, ...,  0.5608531 ,
          0.99803855,  0.62644506],
        [ 0.10439494,  0.10439494,  0.        , ...,  0.64421872,
          0.99912055,  0.70439438],
        ...,
        [-0.5608531 , -0.5608531 , -0.64421872, ...,  0.        ,
          0.79118071,  0.0814778 ],
        [-0.99803855, -0.99803855, -0.99912055, ..., -0.79118071,
          0.        , -0.73871977],
        [-0.62644506, -0.62644506, -0.70439438, ..., -0.0814778 ,
          0.73871977,  0.        ]],

       [[ 0.        ,  0.00200942,  0.00966178, ..., -0.44015921,
          0.10729041,  0.71835088],
        [-0.00200942,  0.        ,  0.00765243, ..., -0.44196263,
          0.10529237,  0.71695151],
        [-0.00966178, -0.00765243,  0.        , ..., -0.44881417,
          0.09767939,  0.71159584],
        ...,
        [ 0.44015921,  0.44196263,  0.44881417, ...,  0.        ,
          0.53395667,  0.95123183],
        [-0.10729041, -0.10529237, -0.09767939, ..., -0.53395667,
          0.        ,  0.63956447],
        [-0.71835088, -0.71695151, -0.71159584, ..., -0.95123183,
         -0.63956447,  0.        ]],

       [[ 0.        , -0.05423836,  0.2306359 , ..., -0.8528943 ,
         -0.45744007, -0.2306359 ],
        [ 0.05423836,  0.        ,  0.2830725 , ..., -0.87995582,
         -0.50499767, -0.2830725 ],
        [-0.2306359 , -0.2830725 ,  0.        , ..., -0.70948915,
         -0.24001677, -0.        ],
        ...,
        [ 0.8528943 ,  0.87995582,  0.70948915, ...,  0.        ,
         -0.51960614, -0.70948915],
        [ 0.45744007,  0.50499767,  0.24001677, ...,  0.51960614,
          0.        , -0.24001677],
        [ 0.2306359 ,  0.2830725 ,  0.        , ...,  0.70948915,
          0.24001677,  0.        ]]]), 'num': array([ 9.77801357e-01,  2.09530151e-01,  2.30712074e-05, -4.14584962e-09,
        3.45756618e-04,  3.46275772e-04,  3.36411845e-04,  8.58950811e-04,
        6.74900306e-06,  3.37346322e-04,  3.23588739e-04,  3.19859482e-04,
        7.26089624e-07,  3.45339003e-04,  3.01838475e-04])}
{'img': array([[[ 0.        ,  0.2305382 ,  0.05844597, ...,  0.99670073,
          0.73989643,  0.9872108 ],
        [-0.2305382 ,  0.        , -0.17327248, ...,  0.95114141,
          0.56487821,  0.99737105],
        [-0.05844597,  0.17327248,  0.        , ...,  0.99025322,
          0.69931381,  0.99484071],
        ...,
        [-0.99670073, -0.95114141, -0.99025322, ...,  0.        ,
         -0.61044812,  0.23902062],
        [-0.73989643, -0.56487821, -0.69931381, ...,  0.61044812,
          0.        ,  0.78207174],
