state_0,state_1,state_2,state_3,state_4,state_5,state_6,state_7,state_8,state_9,state_10,state_11,state_12,state_13,state_14,state_15,state_16,state_17,state_18,state_19,state_20,state_21,state_22,state_23,state_24,state_25,state_26,state_27,state_28,state_29,state_30,state_31,state_32,state_33,state_34,state_35,state_36,state_37,state_38,state_39,state_40,state_41,state_42,state_43,state_44,state_45,state_46,state_47,state_48,state_49,state_50,state_51,state_52,state_53,state_54,state_55,state_56,state_57,state_58,state_59,state_60,state_61,state_62,state_63,state_64,state_65,state_66,state_67,state_68,state_69,state_70,state_71,state_72,state_73,state_74,state_75,state_76,state_77,state_78,state_79,state_80,state_81,state_82,state_83,state_84,state_85,state_86,state_87,state_88,state_89,state_90,state_91,state_92,state_93,state_94,state_95,state_96,state_97,state_98,state_99,state_100,state_101,state_102,state_103,state_104,state_105,state_106,state_107,state_108,state_109,state_110,state_111,state_112,state_113,state_114,state_115,state_116,state_117,state_118,state_119,state_120,state_121,state_122,state_123,state_124,state_125,state_126,state_127,state_128,state_129,state_130,state_131,state_132,state_133,state_134,state_135,state_136,state_137,state_138,state_139,state_140,state_141,state_142,state_143,state_144,state_145,state_146,state_147,state_148,state_149,state_150,state_151,state_152,state_153,state_154,state_155,state_156,state_157,state_158,state_159,state_160,state_161,state_162,state_163,state_164,state_165,state_166,state_167,state_168,state_169,state_170,state_171,state_172,state_173,state_174,state_175,state_176,state_177,state_178,state_179,state_180,state_181,state_182,state_183,state_184,state_185,state_186,state_187,state_188,state_189,state_190,state_191,state_192,state_193,state_194,state_195,state_196,state_197,state_198,state_199,state_200,state_201,state_202,state_203,state_204,state_205,state_206,state_207,state_208,state_209,state_210,state_211,state_212,state_213,state_214,state_215,state_216,state_217,state_218,state_219,state_220,state_221,state_222,state_223,state_224,state_225,state_226,state_227,state_228,state_229,state_230,state_231,state_232,state_233,state_234,state_235,state_236,state_237,state_238,state_239,state_240,state_241,state_242,state_243,state_244,state_245,state_246,state_247,state_248,state_249,state_250,state_251,state_252,state_253,state_254,state_255,state_256,state_257,state_258,state_259,state_260,state_261,state_262,state_263,state_264,state_265,state_266,state_267,state_268,state_269,state_270,state_271,state_272,state_273,state_274,state_275,state_276,state_277,state_278,state_279,state_280,state_281,state_282,state_283,state_284,state_285,state_286,state_287
{'img': array([[[ 0.        ,  0.        ,  0.11184741, ...,  0.93542231,
          0.58409626,  0.8660254 ],
        [ 0.        ,  0.        ,  0.11184741, ...,  0.93542231,
          0.58409626,  0.8660254 ],
        [-0.11184741, -0.11184741,  0.        , ...,  0.89001124,
          0.48964649,  0.91651514],
        ...,
        [-0.93542231, -0.93542231, -0.89001124, ...,  0.        ,
         -0.5527708 ,  0.77387912],
        [-0.58409626, -0.58409626, -0.48964649, ...,  0.5527708 ,
          0.        ,  0.99498744],
        [-0.8660254 , -0.8660254 , -0.91651514, ..., -0.77387912,
         -0.99498744,  0.        ]],

       [[ 0.        ,  0.37068474,  0.02200287, ..., -0.41110641,
          0.27133785,  0.99938439],
        [-0.37068474,  0.        , -0.35015964, ..., -0.7197302 ,
         -0.10477079,  0.91518217],
        [-0.02200287,  0.35015964,  0.        , ..., -0.43106443,
          0.25009474,  0.99837052],
        ...,
        [ 0.41110641,  0.7197302 ,  0.43106443, ...,  0.        ,
          0.64303157,  0.92544914],
        [-0.27133785,  0.10477079, -0.25009474, ..., -0.64303157,
          0.        ,  0.95237223],
        [-0.99938439, -0.91518217, -0.99837052, ..., -0.92544914,
         -0.95237223,  0.        ]],

       [[ 0.        ,  0.42296542,  0.62081329, ...,  0.47366648,
          0.72106784,  0.34368144],
        [-0.42296542,  0.        ,  0.23096004, ...,  0.80171837,
          0.94645032,  0.70862653],
        [-0.62081329, -0.23096004,  0.        , ...,  0.91808778,
          0.9954267 ,  0.85242922],
        ...,
        [-0.47366648, -0.80171837, -0.91808778, ...,  0.        ,
         -0.30686087,  0.14213198],
        [-0.72106784, -0.94645032, -0.9954267 , ...,  0.30686087,
          0.        ,  0.43902027],
        [-0.34368144, -0.70862653, -0.85242922, ..., -0.14213198,
         -0.43902027,  0.        ]],

       ...,

       [[ 0.        , -0.13525327,  0.10221294, ...,  0.27910976,
         -0.20100184,  0.29205166],
        [ 0.13525327,  0.        ,  0.2358186 , ...,  0.40642324,
         -0.06666197,  0.41872459],
        [-0.10221294, -0.2358186 ,  0.        , ...,  0.17949702,
         -0.30007596,  0.19276534],
        ...,
        [-0.27910976, -0.40642324, -0.17949702, ...,  0.        ,
         -0.46642724,  0.01350401],
        [ 0.20100184,  0.06666197,  0.30007596, ...,  0.46642724,
          0.        ,  0.47832981],
        [-0.29205166, -0.41872459, -0.19276534, ..., -0.01350401,
         -0.47832981,  0.        ]],

       [[ 0.        ,  0.        ,  0.46274527, ...,  0.78254983,
          0.7625838 ,  0.51019122],
        [ 0.        ,  0.        ,  0.46274527, ...,  0.78254983,
          0.7625838 ,  0.51019122],
        [-0.46274527, -0.46274527,  0.        , ...,  0.98182324,
          0.97536893,  0.85026923],
        ...,
        [-0.78254983, -0.78254983, -0.98182324, ...,  0.        ,
          0.03144773,  0.35540168],
        [-0.7625838 , -0.7625838 , -0.97536893, ..., -0.03144773,
          0.        ,  0.32583127],
        [-0.51019122, -0.51019122, -0.85026923, ..., -0.35540168,
         -0.32583127,  0.        ]],

       [[ 0.        ,  0.        , -0.04031944, ...,  0.91466481,
          0.93514382,  0.9496127 ],
        [ 0.        ,  0.        , -0.04031944, ...,  0.91466481,
          0.93514382,  0.9496127 ],
        [ 0.04031944,  0.04031944,  0.        , ...,  0.93021869,
          0.9486673 ,  0.96147766],
        ...,
        [-0.91466481, -0.91466481, -0.93021869, ...,  0.        ,
          0.05396068,  0.09716642],
        [-0.93514382, -0.93514382, -0.9486673 , ..., -0.05396068,
          0.        ,  0.0433195 ],
        [-0.9496127 , -0.9496127 , -0.96147766, ..., -0.09716642,
         -0.0433195 ,  0.        ]]]), 'num': array([6.86725502e-01, 6.86725502e-01, 0.00000000e+00, 0.00000000e+00,
       8.33971636e-04, 8.41587815e-04, 8.21278003e-04, 2.38350439e-01,
       8.88554254e-06, 8.13661824e-04, 7.90432477e-04, 7.86687856e-04,
       9.06688014e-07, 8.35211323e-04, 7.45653632e-04])}
{'img': array([[[ 0.        ,  0.10383651,  0.20127779, ...,  0.53973422,
          0.99731958,  0.83368597],
        [-0.10383651,  0.        ,  0.09847834, ...,  0.44940336,
          0.98433087,  0.88652193],
        [-0.20127779, -0.09847834,  0.        , ...,  0.35924534,
          0.96218142,  0.92777733],
        ...,
        [-0.53973422, -0.44940336, -0.35924534, ...,  0.        ,
          0.80008738,  0.99988861],
        [-0.99731958, -0.98433087, -0.96218142, ..., -0.80008738,
          0.        ,  0.61175825],
        [-0.83368597, -0.88652193, -0.92777733, ..., -0.99988861,
         -0.61175825,  0.        ]],

       [[ 0.        , -0.35015964, -0.61666298, ..., -0.10477079,
          0.91518217,  0.24205952],
        [ 0.35015964,  0.        , -0.30196686, ...,  0.25009474,
          0.99837052,  0.56648112],
        [ 0.61666298,  0.30196686,  0.        , ...,  0.53079069,
          0.96899648,  0.78888014],
        ...,
        [ 0.10477079, -0.25009474, -0.53079069, ...,  0.        ,
          0.95237223,  0.34238237],
        [-0.91518217, -0.99837052, -0.96899648, ..., -0.95237223,
          0.        , -0.79040616],
        [-0.24205952, -0.56648112, -0.78888014, ..., -0.34238237,
          0.79040616,  0.        ]],

       [[ 0.        ,  0.21440119,  0.25650711, ...,  0.99998202,
          0.99076533,  0.67270553],
        [-0.21440119,  0.        ,  0.04331438, ...,  0.9780137 ,
          0.99679595,  0.81569987],
        [-0.25650711, -0.04331438,  0.        , ...,  0.96806302,
          0.99239589,  0.83999063],
        ...,
        [-0.99998202, -0.9780137 , -0.96806302, ...,  0.        ,
          0.12964461,  0.73586337],
        [-0.99076533, -0.99679595, -0.99239589, ..., -0.12964461,
          0.        ,  0.64186681],
        [-0.67270553, -0.81569987, -0.83999063, ..., -0.73586337,
         -0.64186681,  0.        ]],

       ...,

       [[ 0.        ,  0.2358186 ,  0.31374579, ..., -0.06666197,
          0.41872459,  0.46341932],
        [-0.2358186 ,  0.        ,  0.08098582, ..., -0.30007596,
          0.19276534,  0.24138145],
        [-0.31374579, -0.08098582,  0.        , ..., -0.37634391,
          0.11266523,  0.16199748],
        ...,
        [ 0.06666197,  0.30007596,  0.37634391, ...,  0.        ,
          0.47832981,  0.52146028],
        [-0.41872459, -0.19276534, -0.11266523, ..., -0.47832981,
          0.        ,  0.04978899],
        [-0.46341932, -0.24138145, -0.16199748, ..., -0.52146028,
         -0.04978899,  0.        ]],

       [[ 0.        ,  0.44900527,  0.63121801, ...,  0.8385801 ,
          0.66736284,  0.        ],
        [-0.44900527,  0.        ,  0.21576073, ...,  0.99390406,
          0.93069704,  0.44900527],
        [-0.63121801, -0.21576073,  0.        , ...,  0.99428119,
          0.98769897,  0.63121801],
        ...,
        [-0.8385801 , -0.99390406, -0.99428119, ...,  0.        ,
          0.26095324,  0.8385801 ],
        [-0.66736284, -0.93069704, -0.98769897, ..., -0.26095324,
          0.        ,  0.66736284],
        [-0.        , -0.44900527, -0.63121801, ..., -0.8385801 ,
         -0.66736284,  0.        ]],

       [[ 0.        , -0.04031944, -0.09233075, ...,  0.93514382,
          0.9496127 ,  0.9538284 ],
        [ 0.04031944,  0.        , -0.05210846, ...,  0.9486673 ,
          0.96147766,  0.96516281],
        [ 0.09233075,  0.05210846,  0.        , ...,  0.96385911,
          0.97449516,  0.97748575],
        ...,
        [-0.93514382, -0.9486673 , -0.96385911, ...,  0.        ,
          0.0433195 ,  0.05703876],
        [-0.9496127 , -0.96147766, -0.97449516, ..., -0.0433195 ,
          0.        ,  0.01373624],
        [-0.9538284 , -0.96516281, -0.97748575, ..., -0.05703876,
         -0.01373624,  0.        ]]]), 'num': array([ 8.95749153e-01,  3.53320888e-01,  8.23108141e-06, -1.41941534e-10,
        1.08921338e-03,  1.09417187e-03,  1.08094925e-03,  2.69794072e-01,
        3.30565518e-06,  1.06706549e-03,  1.03491800e-03,  1.02582744e-03,
        1.15697931e-06,  1.09327264e-03,  9.76563351e-04])}
{'img': array([[[ 0.        ,  0.09647453,  0.06486304, ...,  0.97125602,
          0.98777823,  0.87821782],
        [-0.09647453,  0.        , -0.03171088, ...,  0.94376102,
          0.99820778,  0.92026133],
        [-0.06486304,  0.03171088,  0.        , ...,  0.9537709 ,
          0.99580808,  0.9073899 ],
        ...,
        [-0.97125602, -0.94376102, -0.9537709 , ...,  0.        ,
          0.38651368,  0.67356232],
        [-0.98777823, -0.99820778, -0.99580808, ..., -0.38651368,
          0.        ,  0.3355315 ],
        [-0.87821782, -0.92026133, -0.9073899 , ..., -0.67356232,
         -0.3355315 ,  0.        ]],

       [[ 0.        , -0.30196686, -0.33146129, ...,  0.99837052,
          0.56648112,  0.3692985 ],
        [ 0.30196686,  0.        , -0.03109184, ...,  0.96899648,
          0.78888014,  0.63268013],
        [ 0.33146129,  0.03109184,  0.        , ...,  0.96084599,
          0.80760614,  0.65645219],
        ...,
        [-0.99837052, -0.96899648, -0.96084599, ...,  0.        ,
         -0.79040616, -0.90672284],
        [-0.56648112, -0.78888014, -0.80760614, ...,  0.79040616,
          0.        , -0.22210748],
        [-0.3692985 , -0.63268013, -0.65645219, ...,  0.90672284,
          0.22210748,  0.        ]],

       [[ 0.        ,  0.04070895,  0.09950114, ...,  0.96659284,
          0.99900759,  0.78626756],
        [-0.04070895,  0.        ,  0.05891173, ...,  0.9553572 ,
          0.99999265,  0.81076928],
        [-0.09950114, -0.05891173,  0.        , ...,  0.93629227,
          0.99848178,  0.84384604],
        ...,
        [-0.96659284, -0.9553572 , -0.93629227, ...,  0.        ,
          0.29911478,  0.7987779 ],
        [-0.99900759, -0.99999265, -0.99848178, ..., -0.29911478,
          0.        ,  0.58225233],
        [-0.78626756, -0.81076928, -0.84384604, ..., -0.7987779 ,
         -0.58225233,  0.        ]],

       ...,

       [[ 0.        ,  0.08098582,  0.03457065, ...,  0.19276534,
          0.24138145,  0.19276534],
        [-0.08098582,  0.        , -0.04648032, ...,  0.11266523,
          0.16199748,  0.11266523],
        [-0.03457065,  0.04648032,  0.        , ...,  0.15872784,
          0.20768876,  0.15872784],
        ...,
        [-0.19276534, -0.11266523, -0.15872784, ...,  0.        ,
          0.04978899,  0.        ],
        [-0.24138145, -0.16199748, -0.20768876, ..., -0.04978899,
          0.        , -0.04978899],
        [-0.19276534, -0.11266523, -0.15872784, ...,  0.        ,
          0.04978899,  0.        ]],

       [[ 0.        ,  0.46439246,  0.61785203, ...,  0.80820646,
          0.54800503,  0.        ],
        [-0.46439246,  0.        ,  0.1820388 , ...,  0.98925187,
          0.87378213,  0.46439246],
        [-0.61785203, -0.1820388 ,  0.        , ...,  0.9993408 ,
          0.94771108,  0.61785203],
        ...,
        [-0.80820646, -0.98925187, -0.9993408 , ...,  0.        ,
          0.35332478,  0.80820646],
        [-0.54800503, -0.87378213, -0.94771108, ..., -0.35332478,
          0.        ,  0.54800503],
        [-0.        , -0.46439246, -0.61785203, ..., -0.80820646,
         -0.54800503,  0.        ]],

       [[ 0.        , -0.05210846, -0.09392124, ...,  0.96147766,
          0.96516281,  0.98818272],
        [ 0.05210846,  0.        , -0.04191552, ...,  0.97449516,
          0.97748575,  0.99482742],
        [ 0.09392124,  0.04191552,  0.        , ...,  0.98304494,
          0.98547093,  0.99821088],
        ...,
        [-0.96147766, -0.97449516, -0.98304494, ...,  0.        ,
          0.01373624,  0.12425892],
        [-0.96516281, -0.97748575, -0.98547093, ..., -0.01373624,
          0.        ,  0.11061741],
        [-0.98818272, -0.99482742, -0.99821088, ..., -0.12425892,
         -0.11061741,  0.        ]]]), 'num': array([9.46184071e-01, 1.90027352e-01, 1.14569200e-05, 3.01275315e-09,
       1.15092347e-03, 1.15441112e-03, 1.13871671e-03, 2.61945177e-01,
       1.74382344e-06, 1.13313647e-03, 1.09730090e-03, 1.08381533e-03,
       1.16788175e-06, 1.15965935e-03, 1.03494245e-03])}
{'img': array([[[ 0.        , -0.03138904, -0.22990908, ...,  0.99998466,
          0.98526184,  0.91651514],
        [ 0.03138904,  0.        , -0.1992476 , ...,  0.99966576,
          0.97940715,  0.9035079 ],
        [ 0.22990908,  0.1992476 ,  0.        , ...,  0.97447052,
          0.91954212,  0.8       ],
        ...,
        [-0.99998466, -0.99966576, -0.97447052, ...,  0.        ,
          0.17650713,  0.40506991],
        [-0.98526184, -0.97940715, -0.91954212, ..., -0.17650713,
          0.        ,  0.23733211],
        [-0.91651514, -0.9035079 , -0.8       , ..., -0.40506991,
         -0.23733211,  0.        ]],

       [[ 0.        , -0.03109184,  0.20008604, ...,  0.78888014,
          0.63268013,  0.53311592],
        [ 0.03109184,  0.        ,  0.23045241, ...,  0.80760614,
          0.65645219,  0.55916319],
        [-0.20008604, -0.23045241,  0.        , ...,  0.64996538,
          0.46493701,  0.3530542 ],
        ...,
        [-0.78888014, -0.80760614, -0.64996538, ...,  0.        ,
         -0.22210748, -0.33980106],
        [-0.63268013, -0.65645219, -0.46493701, ...,  0.22210748,
          0.        , -0.12242208],
        [-0.53311592, -0.55916319, -0.3530542 , ...,  0.33980106,
          0.12242208,  0.        ]],

       [[ 0.        ,  0.05593556,  0.04677803, ...,  0.98560763,
          0.99523664,  0.78619576],
        [-0.05593556,  0.        , -0.00916954, ...,  0.97460868,
          0.99913156,  0.8195318 ],
        [-0.04677803,  0.00916954,  0.        , ...,  0.97662091,
          0.99870749,  0.81424289],
        ...,
        [-0.98560763, -0.97460868, -0.97662091, ...,  0.        ,
          0.26432945,  0.74198906],
        [-0.99523664, -0.99913156, -0.99870749, ..., -0.26432945,
          0.        ,  0.5383887 ],
        [-0.78619576, -0.8195318 , -0.81424289, ..., -0.74198906,
         -0.5383887 ,  0.        ]],

       ...,

       [[ 0.        , -0.04648032,  0.18517258, ...,  0.16199748,
          0.11266523,  0.01020079],
        [ 0.04648032,  0.        ,  0.23064894, ...,  0.20768876,
          0.15872784,  0.05666767],
        [-0.18517258, -0.23064894,  0.        , ..., -0.02353077,
         -0.0732768 , -0.17513857],
        ...,
        [-0.16199748, -0.20768876,  0.02353077, ...,  0.        ,
         -0.04978899, -0.151923  ],
        [-0.11266523, -0.15872784,  0.0732768 , ...,  0.04978899,
          0.        , -0.10252352],
        [-0.01020079, -0.05666767,  0.17513857, ...,  0.151923  ,
          0.10252352,  0.        ]],

       [[ 0.        ,  0.19008626,  0.30684465, ...,  0.93873077,
          0.82911229,  0.40001071],
        [-0.19008626,  0.        ,  0.12033365, ...,  0.98712875,
          0.92026924,  0.56693352],
        [-0.30684465, -0.12033365,  0.        , ...,  0.99920045,
          0.96066695,  0.66194038],
        ...,
        [-0.93873077, -0.98712875, -0.99920045, ...,  0.        ,
          0.23907293,  0.72249236],
        [-0.82911229, -0.92026924, -0.96066695, ..., -0.23907293,
          0.        ,  0.53625126],
        [-0.40001071, -0.56693352, -0.66194038, ..., -0.72249236,
         -0.53625126,  0.        ]],

       [[ 0.        , -0.04191552, -0.0342135 , ...,  0.97748575,
          0.99482742,  0.9999215 ],
        [ 0.04191552,  0.        ,  0.00770755, ...,  0.98547093,
          0.99821088,  0.99956793],
        [ 0.0342135 , -0.00770755,  0.        , ...,  0.98413258,
          0.99772038,  0.99976479],
        ...,
        [-0.97748575, -0.98547093, -0.98413258, ...,  0.        ,
          0.11061741,  0.19873692],
        [-0.99482742, -0.99821088, -0.99772038, ..., -0.11061741,
          0.        ,  0.08910637],
        [-0.9999215 , -0.99956793, -0.99976479, ..., -0.19873692,
         -0.08910637,  0.        ]]]), 'num': array([9.57967981e-01, 1.07175283e-01, 1.28712965e-05, 5.16517277e-09,
       1.16546945e-03, 1.16546945e-03, 1.15312711e-03, 2.66083587e-01,
       1.76319130e-06, 1.15912196e-03, 1.11495402e-03, 1.09732210e-03,
       1.14693026e-06, 1.17751402e-03, 1.05239401e-03])}
{'img': array([[[ 0.        , -0.19741883,  0.15099184, ...,  0.99344414,
          0.97720607,  0.89964616],
        [ 0.19741883,  0.        ,  0.34317563, ...,  0.95132375,
          0.91606327,  0.79574349],
        [-0.15099184, -0.34317563,  0.        , ...,  0.99931549,
          0.99805691,  0.95525774],
        ...,
        [-0.99344414, -0.95132375, -0.99931549, ...,  0.        ,
          0.09918836,  0.33091099],
        [-0.97720607, -0.91606327, -0.99805691, ..., -0.09918836,
          0.        ,  0.23567888],
        [-0.89964616, -0.79574349, -0.95525774, ..., -0.33091099,
         -0.23567888,  0.        ]],

       [[ 0.        ,  0.23045241,  0.36173745, ...,  0.65645219,
          0.55916319,  0.56469689],
        [-0.23045241,  0.        ,  0.1371546 , ...,  0.46493701,
          0.3530542 ,  0.35930528],
        [-0.36173745, -0.1371546 ,  0.        , ...,  0.33911423,
          0.22139547,  0.2279143 ],
        ...,
        [-0.65645219, -0.46493701, -0.33911423, ...,  0.        ,
         -0.12242208, -0.11577987],
        [-0.55916319, -0.3530542 , -0.22139547, ...,  0.12242208,
          0.        ,  0.00668979],
        [-0.56469689, -0.35930528, -0.2279143 , ...,  0.11577987,
         -0.00668979,  0.        ]],

       [[ 0.        , -0.00843939,  0.07352316, ...,  0.9727255 ,
          0.99899725,  0.77963876],
        [ 0.00843939,  0.        ,  0.0819371 , ...,  0.97464845,
          0.99933952,  0.774326  ],
        [-0.07352316, -0.0819371 ,  0.        , ...,  0.95303844,
          0.99300172,  0.82357105],
        ...,
        [-0.9727255 , -0.97464845, -0.95303844, ...,  0.        ,
          0.18817619,  0.78999386],
        [-0.99899725, -0.99933952, -0.99300172, ..., -0.18817619,
          0.        ,  0.66050724],
        [-0.77963876, -0.774326  , -0.82357105, ..., -0.78999386,
         -0.66050724,  0.        ]],

       ...,

       [[ 0.        ,  0.23064894,  0.79386898, ...,  0.15872784,
          0.05666767, -0.00706831],
        [-0.23064894,  0.        ,  0.63220888, ..., -0.0732768 ,
         -0.17513857, -0.2375209 ],
        [-0.79386898, -0.63220888,  0.        , ..., -0.68728399,
         -0.75813434, -0.79814731],
        ...,
        [-0.15872784,  0.0732768 ,  0.68728399, ...,  0.        ,
         -0.10252352, -0.16570257],
        [-0.05666767,  0.17513857,  0.75813434, ...,  0.10252352,
          0.        , -0.0637232 ],
        [ 0.00706831,  0.2375209 ,  0.79814731, ...,  0.16570257,
          0.0637232 ,  0.        ]],

       [[ 0.        ,  0.11638888,  0.31044214, ...,  0.97048759,
          0.87821989,  0.55170745],
        [-0.11638888,  0.        ,  0.19769392, ...,  0.99195919,
          0.92791506,  0.6450306 ],
        [-0.31044214, -0.19769392,  0.        , ...,  0.99740146,
          0.98330019,  0.78336929],
        ...,
        [-0.97048759, -0.99195919, -0.99740146, ...,  0.        ,
          0.25235891,  0.67637841],
        [-0.87821989, -0.92791506, -0.98330019, ..., -0.25235891,
          0.        ,  0.46861051],
        [-0.55170745, -0.6450306 , -0.78336929, ..., -0.67637841,
         -0.46861051,  0.        ]],

       [[ 0.        ,  0.00770755,  0.01114793, ...,  0.99821088,
          0.99956793,  0.98880728],
        [-0.00770755,  0.        ,  0.00344053, ...,  0.99772038,
          0.99976479,  0.98992786],
        [-0.01114793, -0.00344053,  0.        , ...,  0.9974823 ,
          0.99983349,  0.99040909],
        ...,
        [-0.99821088, -0.99772038, -0.9974823 , ...,  0.        ,
          0.08910637,  0.20805385],
        [-0.99956793, -0.99976479, -0.99983349, ..., -0.08910637,
          0.        ,  0.12006974],
        [-0.98880728, -0.98992786, -0.99040909, ..., -0.20805385,
         -0.12006974,  0.        ]]]), 'num': array([ 9.56353616e-01,  4.36234936e-02,  1.40204320e-05,  7.62508004e-09,
        1.16271353e-03,  1.18950417e-03,  1.16092749e-03,  2.88918953e-01,
       -1.78604229e-05,  1.17450141e-03,  1.13279732e-03,  1.11276388e-03,
        1.15062340e-06,  1.19566880e-03,  1.06992584e-03])}
{'img': array([[[ 0.        ,  0.34317563,  0.42384877, ...,  0.91606327,
          0.79574349,  0.99294396],
        [-0.34317563,  0.        ,  0.08728348, ...,  0.99805691,
          0.95525774,  0.89194838],
        [-0.42384877, -0.08728348,  0.        , ...,  0.99968638,
          0.97742826,  0.84908016],
        ...,
        [-0.91606327, -0.99805691, -0.99968638, ...,  0.        ,
          0.23567888, -0.50683502],
        [-0.79574349, -0.95525774, -0.97742826, ..., -0.23567888,
          0.        , -0.69572333],
        [-0.99294396, -0.89194838, -0.84908016, ...,  0.50683502,
          0.69572333,  0.        ]],

       [[ 0.        ,  0.1371546 , -0.2583263 , ...,  0.3530542 ,
          0.35930528,  0.45282876],
        [-0.1371546 ,  0.        , -0.38838428, ...,  0.22139547,
          0.2279143 ,  0.32626268],
        [ 0.2583263 ,  0.38838428,  0.        , ...,  0.58276156,
          0.58818493,  0.66778181],
        ...,
        [-0.3530542 , -0.22139547, -0.58276156, ...,  0.        ,
          0.00668979,  0.10888565],
        [-0.35930528, -0.2279143 , -0.58818493, ..., -0.00668979,
          0.        ,  0.10223321],
        [-0.45282876, -0.32626268, -0.66778181, ..., -0.10888565,
         -0.10223321,  0.        ]],

       [[ 0.        ,  0.0817701 ,  0.15864823, ...,  0.99905764,
          0.84065593,  0.77334376],
        [-0.0817701 ,  0.        ,  0.07738246, ...,  0.99216295,
          0.88212495,  0.82259518],
        [-0.15864823, -0.07738246,  0.        , ...,  0.97951893,
          0.91592822,  0.8641304 ],
        ...,
        [-0.99905764, -0.99216295, -0.97951893, ...,  0.        ,
          0.57754624,  0.66695495],
        [-0.84065593, -0.88212495, -0.91592822, ..., -0.57754624,
          0.        ,  0.11414542],
        [-0.77334376, -0.82259518, -0.8641304 , ..., -0.66695495,
         -0.11414542,  0.        ]],

       ...,

       [[ 0.        ,  0.63220888,  0.64111732, ..., -0.17513857,
         -0.2375209 , -0.25742631],
        [-0.63220888,  0.        ,  0.01155221, ..., -0.75813434,
         -0.79814731, -0.81035552],
        [-0.64111732, -0.01155221,  0.        , ..., -0.76561693,
         -0.80505383, -0.81707033],
        ...,
        [ 0.17513857,  0.75813434,  0.76561693, ...,  0.        ,
         -0.0637232 , -0.08421144],
        [ 0.2375209 ,  0.79814731,  0.80505383, ...,  0.0637232 ,
          0.        , -0.02054344],
        [ 0.25742631,  0.81035552,  0.81707033, ...,  0.08421144,
          0.02054344,  0.        ]],

       [[ 0.        ,  0.19394791,  0.34961127, ...,  0.96202666,
          0.86796373,  0.63586869],
        [-0.19394791,  0.        ,  0.161264  , ...,  0.99669868,
          0.94780257,  0.77348317],
        [-0.34961127, -0.161264  ,  0.        , ...,  0.99674614,
          0.98681735,  0.86557112],
        ...,
        [-0.96202666, -0.99669868, -0.99674614, ...,  0.        ,
          0.24085349,  0.56892568],
        [-0.86796373, -0.94780257, -0.98681735, ..., -0.24085349,
          0.        ,  0.35410211],
        [-0.63586869, -0.77348317, -0.86557112, ..., -0.56892568,
         -0.35410211,  0.        ]],

       [[ 0.        ,  0.00344053, -0.04241204, ...,  0.99976479,
          0.98992786,  0.97477535],
        [-0.00344053,  0.        , -0.04584923, ...,  0.99983349,
          0.99040909,  0.97553746],
        [ 0.04241204,  0.04584923,  0.        , ...,  0.99794537,
          0.98303274,  0.96443237],
        ...,
        [-0.99976479, -0.99983349, -0.99794537, ...,  0.        ,
          0.12006974,  0.2019948 ],
        [-0.98992786, -0.99040909, -0.98303274, ..., -0.12006974,
          0.        ,  0.08293877],
        [-0.97477535, -0.97553746, -0.96443237, ..., -0.2019948 ,
         -0.08293877,  0.        ]]]), 'num': array([ 9.69409295e-01,  3.11601573e-02,  1.43682869e-05, -1.84888312e-08,
        1.17870495e-03,  1.18412013e-03,  1.16787458e-03,  2.43441705e-01,
        3.61012235e-06,  1.18556418e-03,  1.14946296e-03,  1.12608741e-03,
        1.12355849e-06,  1.20865795e-03,  1.09026796e-03])}
{'img': array([[[ 0.        ,  0.08728348,  0.51589484, ...,  0.95525774,
          0.89194838,  0.92703415],
        [-0.08728348,  0.        ,  0.43915437, ...,  0.97742826,
          0.84908016,  0.89076685],
        [-0.51589484, -0.43915437,  0.        , ...,  0.970912  ,
          0.53083402,  0.60069693],
        ...,
        [-0.95525774, -0.97742826, -0.970912  , ...,  0.        ,
         -0.69572333, -0.6323928 ],
        [-0.89194838, -0.84908016, -0.53083402, ...,  0.69572333,
          0.        ,  0.08468662],
        [-0.92703415, -0.89076685, -0.60069693, ...,  0.6323928 ,
         -0.08468662,  0.        ]],

       [[ 0.        , -0.38838428,  0.38212245, ...,  0.2279143 ,
          0.32626268,  0.07105546],
        [ 0.38838428,  0.        ,  0.71103534, ...,  0.58818493,
          0.66778181,  0.45288002],
        [-0.38212245, -0.71103534,  0.        , ..., -0.16144718,
         -0.05970922, -0.3154934 ],
        ...,
        [-0.2279143 , -0.58818493,  0.16144718, ...,  0.        ,
          0.10223321, -0.15815285],
        [-0.32626268, -0.66778181,  0.05970922, ..., -0.10223321,
          0.        , -0.25827076],
        [-0.07105546, -0.45288002,  0.3154934 , ...,  0.15815285,
          0.25827076,  0.        ]],

       [[ 0.        ,  0.07738246,  0.24170601, ...,  0.88212495,
          0.82259518,  0.93026186],
        [-0.07738246,  0.        ,  0.16589322, ...,  0.91592822,
          0.8641304 ,  0.95586379],
        [-0.24170601, -0.16589322,  0.        , ...,  0.9698168 ,
          0.93564551,  0.99136019],
        ...,
        [-0.88212495, -0.91592822, -0.9698168 , ...,  0.        ,
          0.11414542, -0.11451936],
        [-0.82259518, -0.8641304 , -0.93564551, ..., -0.11414542,
          0.        , -0.22716532],
        [-0.93026186, -0.95586379, -0.99136019, ...,  0.11451936,
          0.22716532,  0.        ]],

       ...,

       [[ 0.        ,  0.01155221,  0.43573502, ..., -0.79814731,
         -0.81035552, -0.84989406],
        [-0.01155221,  0.        ,  0.42530809, ..., -0.80505383,
         -0.81707033, -0.85592482],
        [-0.43573502, -0.42530809,  0.        , ..., -0.98090638,
         -0.98469467, -0.99458052],
        ...,
        [ 0.79814731,  0.80505383,  0.98090638, ...,  0.        ,
         -0.02054344, -0.09144256],
        [ 0.81035552,  0.81707033,  0.98469467, ...,  0.02054344,
          0.        , -0.07096589],
        [ 0.84989406,  0.85592482,  0.99458052, ...,  0.09144256,
          0.07096589,  0.        ]],

       [[ 0.        ,  0.1609746 ,  0.42856119, ...,  0.95213053,
          0.83578654,  0.77263053],
        [-0.1609746 ,  0.        ,  0.27752953, ...,  0.98892198,
          0.9132705 ,  0.86474998],
        [-0.42856119, -0.27752953,  0.        , ...,  0.99126971,
          0.99044726,  0.97015616],
        ...,
        [-0.95213053, -0.98892198, -0.99126971, ...,  0.        ,
          0.26727851,  0.36827894],
        [-0.83578654, -0.9132705 , -0.99044726, ..., -0.26727851,
          0.        ,  0.10638777],
        [-0.77263053, -0.86474998, -0.97015616, ..., -0.36827894,
         -0.10638777,  0.        ]],

       [[ 0.        , -0.04584923, -0.15205966, ...,  0.99040909,
          0.97553746,  0.90611898],
        [ 0.04584923,  0.        , -0.10658368, ...,  0.98303274,
          0.96443237,  0.88577081],
        [ 0.15205966,  0.10658368,  0.        , ...,  0.95788247,
          0.93076548,  0.8312573 ],
        ...,
        [-0.99040909, -0.98303274, -0.95788247, ...,  0.        ,
          0.08293877,  0.29377093],
        [-0.97553746, -0.96443237, -0.93076548, ..., -0.08293877,
          0.        ,  0.21347961],
        [-0.90611898, -0.88577081, -0.8312573 , ..., -0.29377093,
         -0.21347961,  0.        ]]]), 'num': array([ 9.64076587e-01,  2.38476195e-02,  1.43327586e-05, -1.30479762e-08,
        1.17235532e-03,  1.17950383e-03,  1.15805830e-03,  2.64531613e-01,
        5.36138104e-06,  1.17271275e-03,  1.14277837e-03,  1.11612039e-03,
        1.15531443e-06,  1.19617101e-03,  1.08938572e-03])}
{'img': array([[[ 0.        ,  0.43915437,  0.56709329, ...,  0.84908016,
          0.89076685,  0.94787123],
        [-0.43915437,  0.        ,  0.14777214, ...,  0.53083402,
          0.60069693,  0.71164039],
        [-0.56709329, -0.14777214,  0.        , ...,  0.39977291,
          0.47596174,  0.60001118],
        ...,
        [-0.84908016, -0.53083402, -0.39977291, ...,  0.        ,
          0.08468662,  0.2301638 ],
        [-0.89076685, -0.60069693, -0.47596174, ..., -0.08468662,
          0.        ,  0.14692402],
        [-0.94787123, -0.71164039, -0.60001118, ..., -0.2301638 ,
         -0.14692402,  0.        ]],

       [[ 0.        ,  0.71103534,  0.43357212, ...,  0.66778181,
          0.45288002,  0.56544776],
        [-0.71103534,  0.        , -0.33585841, ..., -0.05970922,
         -0.3154934 , -0.18885251],
        [-0.43357212,  0.33585841,  0.        , ...,  0.27901831,
          0.0215382 ,  0.15193225],
        ...,
        [-0.66778181,  0.05970922, -0.27901831, ...,  0.        ,
         -0.25827076, -0.12988078],
        [-0.45288002,  0.3154934 , -0.0215382 , ...,  0.25827076,
          0.        ,  0.13060885],
        [-0.56544776,  0.18885251, -0.15193225, ...,  0.12988078,
         -0.13060885,  0.        ]],

       [[ 0.        ,  0.16589322,  0.35530633, ...,  0.8641304 ,
          0.95586379,  0.97507977],
        [-0.16589322,  0.        ,  0.19531444, ...,  0.93564551,
          0.99136019,  0.99837296],
        [-0.35530633, -0.19531444,  0.        , ...,  0.98656012,
          0.99788621,  0.99028206],
        ...,
        [-0.8641304 , -0.93564551, -0.98656012, ...,  0.        ,
         -0.22716532, -0.29901514],
        [-0.95586379, -0.99136019, -0.99788621, ...,  0.22716532,
          0.        , -0.07442562],
        [-0.97507977, -0.99837296, -0.99028206, ...,  0.29901514,
          0.07442562,  0.        ]],

       ...,

       [[ 0.        ,  0.42530809,  0.04761557, ..., -0.81707033,
         -0.85592482, -0.81282319],
        [-0.42530809,  0.        , -0.38173127, ..., -0.98469467,
         -0.99458052, -0.98339094],
        [-0.04761557,  0.38173127,  0.        , ..., -0.84359574,
         -0.879576  , -0.8396378 ],
        ...,
        [ 0.81707033,  0.98469467,  0.84359574, ...,  0.        ,
         -0.07096589,  0.00732858],
        [ 0.85592482,  0.99458052,  0.879576  , ...,  0.07096589,
          0.        ,  0.07827409],
        [ 0.81282319,  0.98339094,  0.8396378 , ..., -0.00732858,
         -0.07827409,  0.        ]],

       [[ 0.        ,  0.27752953,  0.52300829, ...,  0.9132705 ,
          0.86474998,  0.92869479],
        [-0.27752953,  0.        ,  0.26591693, ...,  0.99044726,
          0.97015616,  0.9951334 ],
        [-0.52300829, -0.26591693,  0.        , ...,  0.99145498,
          0.9997064 ,  0.98550719],
        ...,
        [-0.9132705 , -0.99044726, -0.99145498, ...,  0.        ,
          0.10638777, -0.03962546],
        [-0.86474998, -0.97015616, -0.9997064 , ..., -0.10638777,
          0.        , -0.14570478],
        [-0.92869479, -0.9951334 , -0.98550719, ...,  0.03962546,
          0.14570478,  0.        ]],

       [[ 0.        , -0.10658368, -0.18729868, ...,  0.96443237,
          0.88577081,  0.66689069],
        [ 0.10658368,  0.        , -0.0815343 , ...,  0.93076548,
          0.8312573 ,  0.58367048],
        [ 0.18729868,  0.0815343 ,  0.        , ...,  0.89785622,
          0.78316573,  0.51552208],
        ...,
        [-0.96443237, -0.93076548, -0.89785622, ...,  0.        ,
          0.21347961,  0.54237312],
        [-0.88577081, -0.8312573 , -0.78316573, ..., -0.21347961,
          0.        ,  0.3505178 ],
        [-0.66689069, -0.58367048, -0.51552208, ..., -0.54237312,
         -0.3505178 ,  0.        ]]]), 'num': array([ 9.82201854e-01,  1.71543019e-02,  1.47335504e-05, -5.20558843e-09,
        1.19436578e-03,  1.19983616e-03,  1.19071886e-03,  1.87013703e-01,
       -1.82345921e-06,  1.19473047e-03,  1.17002260e-03,  1.13993552e-03,
        1.13246414e-06,  1.22028231e-03,  1.11976289e-03])}
{'img': array([[[ 0.        ,  0.14777214,  0.3651877 , ...,  0.60069693,
          0.71164039,  0.67361717],
        [-0.14777214,  0.        ,  0.22361237, ...,  0.47596174,
          0.60001118,  0.55700632],
        [-0.3651877 , -0.22361237,  0.        , ...,  0.26725004,
          0.40592977,  0.35718998],
        ...,
        [-0.60069693, -0.47596174, -0.26725004, ...,  0.        ,
          0.14692402,  0.09457796],
        [-0.71164039, -0.60001118, -0.40592977, ..., -0.14692402,
          0.        , -0.05271385],
        [-0.67361717, -0.55700632, -0.35718998, ..., -0.09457796,
          0.05271385,  0.        ]],

       [[ 0.        , -0.33585841,  0.17540814, ..., -0.3154934 ,
         -0.18885251, -0.64433492],
        [ 0.33585841,  0.        ,  0.49587031, ...,  0.0215382 ,
          0.15193225, -0.35006159],
        [-0.17540814, -0.49587031,  0.        , ..., -0.47705158,
         -0.35817626, -0.76848724],
        ...,
        [ 0.3154934 , -0.0215382 ,  0.47705158, ...,  0.        ,
          0.13060885, -0.37015579],
        [ 0.18885251, -0.15193225,  0.35817626, ..., -0.13060885,
          0.        , -0.48831669],
        [ 0.64433492,  0.35006159,  0.76848724, ...,  0.37015579,
          0.48831669,  0.        ]],

       [[ 0.        ,  0.19531444,  0.45471637, ...,  0.99136019,
          0.99837296,  0.99927878],
        [-0.19531444,  0.        ,  0.27200472, ...,  0.99788621,
          0.99028206,  0.97261676],
        [-0.45471637, -0.27200472,  0.        , ...,  0.94258549,
          0.91511575,  0.87272721],
        ...,
        [-0.99136019, -0.99788621, -0.94258549, ...,  0.        ,
         -0.07442562, -0.16871763],
        [-0.99837296, -0.99028206, -0.91511575, ...,  0.07442562,
          0.        , -0.09489102],
        [-0.99927878, -0.97261676, -0.87272721, ...,  0.16871763,
          0.09489102,  0.        ]],

       ...,

       [[ 0.        , -0.38173127, -0.34525834, ..., -0.99458052,
         -0.98339094, -0.99504144],
        [ 0.38173127,  0.        ,  0.03914465, ..., -0.879576  ,
         -0.8396378 , -0.88172282],
        [ 0.34525834, -0.03914465,  0.        , ..., -0.89752525,
         -0.86025555, -0.89951421],
        ...,
        [ 0.99458052,  0.879576  ,  0.89752525, ...,  0.        ,
          0.07827409, -0.00453139],
        [ 0.98339094,  0.8396378 ,  0.86025555, ..., -0.07827409,
          0.        , -0.08279077],
        [ 0.99504144,  0.88172282,  0.89951421, ...,  0.00453139,
          0.08279077,  0.        ]],

       [[ 0.        ,  0.26591693,  0.53578315, ...,  0.97015616,
          0.9951334 ,  0.99752424],
        [-0.26591693,  0.        ,  0.29196433, ...,  0.9997064 ,
          0.98550719,  0.98030953],
        [-0.53578315, -0.29196433,  0.        , ...,  0.94907403,
          0.89304087,  0.87994333],
        ...,
        [-0.97015616, -0.9997064 , -0.94907403, ...,  0.        ,
         -0.14570478, -0.1736559 ],
        [-0.9951334 , -0.98550719, -0.89304087, ...,  0.14570478,
          0.        , -0.02831167],
        [-0.99752424, -0.98030953, -0.87994333, ...,  0.1736559 ,
          0.02831167,  0.        ]],

       [[ 0.        , -0.07978359, -0.29193042, ...,  0.88481973,
          0.72908437,  0.29193042],
        [ 0.07978359,  0.        , -0.21469162, ...,  0.84482526,
          0.67215442,  0.21469162],
        [ 0.29193042,  0.21469162,  0.        , ...,  0.71025642,
          0.497521  ,  0.        ],
        ...,
        [-0.88481973, -0.84482526, -0.71025642, ...,  0.        ,
          0.26588685,  0.71025642],
        [-0.72908437, -0.67215442, -0.497521  , ..., -0.26588685,
          0.        ,  0.497521  ],
        [-0.29193042, -0.21469162, -0.        , ..., -0.71025642,
         -0.497521  ,  0.        ]]]), 'num': array([ 9.58255182e-01,  2.30244478e-01,  1.11487091e-05, -8.40542600e-09,
        1.16481713e-03,  1.16481713e-03,  1.15233057e-03,  1.69481231e-01,
       -3.56758691e-06,  1.16588740e-03,  1.14724676e-03,  1.11570335e-03,
        1.02217378e-06,  1.19467387e-03,  1.09981965e-03])}
{'img': array([[[ 0.        ,  0.22361237, -0.17630285, ...,  0.60001118,
          0.55700632,  0.47596174],
        [-0.22361237,  0.        , -0.39194824, ...,  0.40592977,
          0.35718998,  0.26725004],
        [ 0.17630285,  0.39194824,  0.        , ...,  0.73165339,
          0.69470233,  0.62355862],
        ...,
        [-0.60001118, -0.40592977, -0.73165339, ...,  0.        ,
         -0.05271385, -0.14692402],
        [-0.55700632, -0.35718998, -0.69470233, ...,  0.05271385,
          0.        , -0.09457796],
