state_0,state_1,state_2,state_3,state_4,state_5,state_6,state_7,state_8,state_9,state_10,state_11,state_12,state_13,state_14,state_15,state_16,state_17,state_18,state_19,state_20,state_21,state_22,state_23,state_24,state_25,state_26,state_27,state_28,state_29,state_30,state_31,state_32,state_33,state_34,state_35,state_36,state_37,state_38,state_39,state_40,state_41,state_42,state_43,state_44,state_45,state_46,state_47,state_48,state_49,state_50,state_51,state_52,state_53,state_54,state_55,state_56,state_57,state_58,state_59,state_60,state_61,state_62,state_63,state_64,state_65,state_66,state_67,state_68,state_69,state_70,state_71,state_72,state_73,state_74,state_75,state_76,state_77,state_78,state_79,state_80,state_81,state_82,state_83,state_84,state_85,state_86,state_87,state_88,state_89,state_90,state_91,state_92,state_93,state_94,state_95,state_96,state_97,state_98,state_99,state_100,state_101,state_102,state_103,state_104,state_105,state_106,state_107,state_108,state_109,state_110,state_111,state_112,state_113,state_114,state_115,state_116,state_117,state_118,state_119,state_120,state_121,state_122,state_123,state_124,state_125,state_126,state_127,state_128,state_129,state_130,state_131,state_132,state_133,state_134,state_135,state_136,state_137,state_138,state_139,state_140,state_141,state_142,state_143,state_144,state_145,state_146,state_147,state_148,state_149,state_150,state_151,state_152,state_153,state_154,state_155,state_156,state_157,state_158,state_159,state_160,state_161,state_162,state_163,state_164,state_165,state_166,state_167,state_168,state_169,state_170,state_171,state_172,state_173,state_174,state_175,state_176,state_177,state_178,state_179,state_180,state_181,state_182,state_183,state_184,state_185,state_186,state_187,state_188,state_189,state_190,state_191,state_192,state_193,state_194,state_195,state_196,state_197,state_198,state_199,state_200,state_201,state_202,state_203,state_204,state_205,state_206,state_207,state_208,state_209,state_210,state_211,state_212,state_213,state_214,state_215,state_216,state_217,state_218,state_219,state_220,state_221,state_222,state_223,state_224,state_225,state_226,state_227,state_228,state_229,state_230,state_231,state_232,state_233,state_234,state_235,state_236,state_237,state_238,state_239,state_240,state_241,state_242,state_243,state_244,state_245,state_246,state_247,state_248,state_249,state_250,state_251,state_252,state_253,state_254,state_255,state_256,state_257,state_258,state_259,state_260,state_261,state_262,state_263,state_264,state_265,state_266,state_267,state_268,state_269,state_270,state_271,state_272,state_273,state_274,state_275,state_276,state_277,state_278,state_279,state_280,state_281,state_282,state_283,state_284,state_285,state_286,state_287
{'img': array([[[ 0.        ,  0.04845846, -0.16776236, ..., -0.36076996,
         -0.41159054, -0.60274675],
        [-0.04845846,  0.        , -0.21533695, ..., -0.40554114,
         -0.45527053, -0.64070522],
        [ 0.16776236,  0.21533695,  0.        , ..., -0.19919256,
         -0.25286386, -0.46034125],
        ...,
        [ 0.36076996,  0.40554114,  0.19919256, ...,  0.        ,
         -0.05507739, -0.27428457],
        [ 0.41159054,  0.45527053,  0.25286386, ...,  0.05507739,
          0.        , -0.22090314],
        [ 0.60274675,  0.64070522,  0.46034125, ...,  0.27428457,
          0.22090314,  0.        ]],

       [[ 0.        ,  0.02540558,  0.01559749, ..., -0.1786627 ,
         -0.2879091 , -0.25078954],
        [-0.02540558,  0.        , -0.00981004, ..., -0.20360185,
         -0.31214602, -0.27530225],
        [-0.01559749,  0.00981004,  0.        , ..., -0.1939875 ,
         -0.30281113, -0.26585804],
        ...,
        [ 0.1786627 ,  0.20360185,  0.1939875 , ...,  0.        ,
         -0.11217904, -0.07380149],
        [ 0.2879091 ,  0.31214602,  0.30281113, ...,  0.11217904,
          0.        ,  0.03853746],
        [ 0.25078954,  0.27530225,  0.26585804, ...,  0.07380149,
         -0.03853746,  0.        ]],

       [[ 0.        ,  0.28918052,  0.4595472 , ..., -0.54876081,
         -0.54737932, -0.50927461],
        [-0.28918052,  0.        ,  0.1830762 , ..., -0.76706373,
         -0.76600305, -0.73638558],
        [-0.4595472 , -0.1830762 ,  0.        , ..., -0.87155575,
         -0.87074476, -0.84780214],
        ...,
        [ 0.54876081,  0.76706373,  0.87155575, ...,  0.        ,
          0.00165164,  0.04652269],
        [ 0.54737932,  0.76600305,  0.87074476, ..., -0.00165164,
          0.        ,  0.04487278],
        [ 0.50927461,  0.73638558,  0.84780214, ..., -0.04652269,
         -0.04487278,  0.        ]],

       ...,

       [[ 0.        ,  0.0210407 ,  0.04424654, ..., -0.62214511,
         -0.5563802 , -0.51683919],
        [-0.0210407 ,  0.        ,  0.02321665, ..., -0.63848018,
         -0.57374033, -0.53473734],
        [-0.04424654, -0.02321665,  0.        , ..., -0.65617651,
         -0.59260099, -0.5542117 ],
        ...,
        [ 0.62214511,  0.63848018,  0.65617651, ...,  0.        ,
          0.08136655,  0.12797314],
        [ 0.5563802 ,  0.57374033,  0.59260099, ..., -0.08136655,
          0.        ,  0.04685129],
        [ 0.51683919,  0.53473734,  0.5542117 , ..., -0.12797314,
         -0.04685129,  0.        ]],

       [[ 0.        ,  0.14752201,  0.23081299, ..., -0.05968567,
         -0.05192908, -0.0572568 ],
        [-0.14752201,  0.        ,  0.08474897, ..., -0.20629165,
         -0.19868388, -0.20391034],
        [-0.23081299, -0.08474897,  0.        , ..., -0.28847555,
         -0.28102847, -0.2861451 ],
        ...,
        [ 0.05968567,  0.20629165,  0.28847555, ...,  0.        ,
          0.00776864,  0.00243303],
        [ 0.05192908,  0.19868388,  0.28102847, ..., -0.00776864,
          0.        , -0.00533566],
        [ 0.0572568 ,  0.20391034,  0.2861451 , ..., -0.00243303,
          0.00533566,  0.        ]],

       [[ 0.        ,  0.50539654,  0.6959807 , ...,  0.92034853,
          0.90364294,  0.89085563],
        [-0.50539654,  0.        ,  0.23764755, ...,  0.99181716,
          0.99619652,  0.99830277],
        [-0.6959807 , -0.23764755,  0.        , ...,  0.93306341,
          0.94694952,  0.95586288],
        ...,
        [-0.92034853, -0.99181716, -0.93306341, ...,  0.        ,
          0.04075894,  0.06968901],
        [-0.90364294, -0.99619652, -0.94694952, ..., -0.04075894,
          0.        ,  0.02897126],
        [-0.89085563, -0.99830277, -0.95586288, ..., -0.06968901,
         -0.02897126,  0.        ]]]), 'num': array([7.07103338e-01, 7.07103338e-01, 0.00000000e+00, 0.00000000e+00,
       1.17475833e-04, 1.18037918e-04, 1.14665406e-04, 3.10244119e-03,
       0.00000000e+00, 1.20308743e-04, 1.21629643e-04, 1.16799457e-04,
       5.14830363e-07, 1.35690403e-04, 1.07568884e-04])}
{'img': array([[[ 0.        , -0.21533695,  0.1998212 , ..., -0.45527053,
         -0.64070522, -0.64070522],
        [ 0.21533695,  0.        ,  0.40612748, ..., -0.25286386,
         -0.46034125, -0.46034125],
        [-0.1998212 , -0.40612748,  0.        , ..., -0.62400024,
         -0.78120384, -0.78120384],
        ...,
        [ 0.45527053,  0.25286386,  0.62400024, ...,  0.        ,
         -0.22090314, -0.22090314],
        [ 0.64070522,  0.46034125,  0.78120384, ...,  0.22090314,
          0.        ,  0.        ],
        [ 0.64070522,  0.46034125,  0.78120384, ...,  0.22090314,
          0.        ,  0.        ]],

       [[ 0.        , -0.00981004,  0.03561017, ..., -0.31214602,
         -0.27530225, -0.3342981 ],
        [ 0.00981004,  0.        ,  0.04541227, ..., -0.30281113,
         -0.26585804, -0.32503637],
        [-0.03561017, -0.04541227,  0.        , ..., -0.34577892,
         -0.30936175, -0.36764749],
        ...,
        [ 0.31214602,  0.30281113,  0.34577892, ...,  0.        ,
          0.03853746, -0.02340715],
        [ 0.27530225,  0.26585804,  0.30936175, ..., -0.03853746,
          0.        , -0.06191667],
        [ 0.3342981 ,  0.32503637,  0.36764749, ...,  0.02340715,
          0.06191667,  0.        ]],

       [[ 0.        ,  0.1830762 ,  0.37181422, ..., -0.76600305,
         -0.73638558, -0.7744172 ],
        [-0.1830762 ,  0.        ,  0.19557913, ..., -0.87074476,
         -0.84780214, -0.87715635],
        [-0.37181422, -0.19557913,  0.        , ..., -0.95010203,
         -0.93514741, -0.95413469],
        ...,
        [ 0.76600305,  0.87074476,  0.95010203, ...,  0.        ,
          0.04487278, -0.01319279],
        [ 0.73638558,  0.84780214,  0.93514741, ..., -0.04487278,
          0.        , -0.05804838],
        [ 0.7744172 ,  0.87715635,  0.95413469, ...,  0.01319279,
          0.05804838,  0.        ]],

       ...,

       [[ 0.        ,  0.02321665,  0.128446  , ..., -0.57374033,
         -0.53473734, -0.51511943],
        [-0.02321665,  0.        ,  0.10538704, ..., -0.59260099,
         -0.5542117 , -0.53488001],
        [-0.128446  , -0.10538704,  0.        , ..., -0.67418981,
         -0.63884707, -0.62094587],
        ...,
        [ 0.57374033,  0.59260099,  0.67418981, ...,  0.        ,
          0.04685129,  0.06986139],
        [ 0.53473734,  0.5542117 ,  0.63884707, ..., -0.04685129,
          0.        ,  0.02304786],
        [ 0.51511943,  0.53488001,  0.62094587, ..., -0.06986139,
         -0.02304786,  0.        ]],

       [[ 0.        ,  0.08474897,  0.29617389, ..., -0.19868388,
         -0.20391034, -0.20532049],
        [-0.08474897,  0.        ,  0.21416172, ..., -0.28102847,
         -0.2861451 , -0.2875252 ],
        [-0.29617389, -0.21416172,  0.        , ..., -0.48003899,
         -0.48471285, -0.48597243],
        ...,
        [ 0.19868388,  0.28102847,  0.48003899, ...,  0.        ,
         -0.00533566, -0.00677627],
        [ 0.20391034,  0.2861451 ,  0.48471285, ...,  0.00533566,
          0.        , -0.00144064],
        [ 0.20532049,  0.2875252 ,  0.48597243, ...,  0.00677627,
          0.00144064,  0.        ]],

       [[ 0.        ,  0.38932765,  0.55534699, ...,  0.97906776,
          0.97246435,  0.97735042],
        [-0.38932765,  0.        ,  0.18775757, ...,  0.98106029,
          0.98646973,  0.98262922],
        [-0.55534699, -0.18775757,  0.        , ...,  0.9272434 ,
          0.93814412,  0.93030956],
        ...,
        [-0.97906776, -0.98106029, -0.9272434 , ...,  0.        ,
          0.03024328,  0.00827299],
        [-0.97246435, -0.98646973, -0.93814412, ..., -0.03024328,
          0.        , -0.02197304],
        [-0.97735042, -0.98262922, -0.93030956, ..., -0.00827299,
          0.02197304,  0.        ]]]), 'num': array([ 7.07105682e-01,  7.07105682e-01,  0.00000000e+00,  0.00000000e+00,
        1.16914135e-04,  1.18150727e-04,  1.15565126e-04,  1.73095874e-03,
       -5.62087187e-07,  1.19387319e-04,  1.21433316e-04,  1.16560020e-04,
        5.51431506e-07,  1.35641670e-04,  1.07224961e-04])}
{'img': array([[[ 0.        ,  0.40612748,  0.20338626, ..., -0.46034125,
         -0.46034125, -0.48543332],
        [-0.40612748,  0.        , -0.21178113, ..., -0.78120384,
         -0.78120384, -0.79866352],
        [-0.20338626,  0.21178113,  0.        , ..., -0.631274  ,
         -0.631274  , -0.65310233],
        ...,
        [ 0.46034125,  0.78120384,  0.631274  , ...,  0.        ,
          0.        , -0.02847532],
        [ 0.46034125,  0.78120384,  0.631274  , ...,  0.        ,
          0.        , -0.02847532],
        [ 0.48543332,  0.79866352,  0.65310233, ...,  0.02847532,
          0.02847532,  0.        ]],

       [[ 0.        ,  0.04541227, -0.11856272, ..., -0.26585804,
         -0.32503637, -0.50254039],
        [-0.04541227,  0.        , -0.16353235, ..., -0.30936175,
         -0.36764749, -0.54128328],
        [ 0.11856272,  0.16353235,  0.        , ..., -0.14968693,
         -0.21061881, -0.39649192],
        ...,
        [ 0.26585804,  0.30936175,  0.14968693, ...,  0.        ,
         -0.06191667, -0.2546065 ],
        [ 0.32503637,  0.36764749,  0.21061881, ...,  0.06191667,
          0.        , -0.1942418 ],
        [ 0.50254039,  0.54128328,  0.39649192, ...,  0.2546065 ,
          0.1942418 ,  0.        ]],

       [[ 0.        ,  0.19557913,  0.25065447, ..., -0.84780214,
         -0.87715635, -0.90733111],
        [-0.19557913,  0.        ,  0.05647823, ..., -0.93514741,
         -0.95413469, -0.97203341],
        [-0.25065447, -0.05647823,  0.        , ..., -0.95366267,
         -0.96952005, -0.98374537],
        ...,
        [ 0.84780214,  0.93514741,  0.95366267, ...,  0.        ,
         -0.05804838, -0.12473895],
        [ 0.87715635,  0.95413469,  0.96952005, ...,  0.05804838,
          0.        , -0.06693361],
        [ 0.90733111,  0.97203341,  0.98374537, ...,  0.12473895,
          0.06693361,  0.        ]],

       ...,

       [[ 0.        ,  0.10538704, -0.03841167, ..., -0.5542117 ,
         -0.53488001, -0.45408839],
        [-0.10538704,  0.        , -0.14350703, ..., -0.63884707,
         -0.62094587, -0.54545498],
        [ 0.03841167,  0.14350703,  0.        , ..., -0.52182975,
         -0.50203017, -0.41953014],
        ...,
        [ 0.5542117 ,  0.63884707,  0.52182975, ...,  0.        ,
          0.02304786,  0.11580643],
        [ 0.53488001,  0.62094587,  0.50203017, ..., -0.02304786,
          0.        ,  0.09288288],
        [ 0.45408839,  0.54545498,  0.41953014, ..., -0.11580643,
         -0.09288288,  0.        ]],

       [[ 0.        ,  0.21416172,  0.39102026, ..., -0.2861451 ,
         -0.2875252 , -0.29119251],
        [-0.21416172,  0.        ,  0.18483728, ..., -0.48471285,
         -0.48597243, -0.48931723],
        [-0.39102026, -0.18483728,  0.        , ..., -0.63803307,
         -0.63914171, -0.64208355],
        ...,
        [ 0.2861451 ,  0.48471285,  0.63803307, ...,  0.        ,
         -0.00144064, -0.00527182],
        [ 0.2875252 ,  0.48597243,  0.63914171, ...,  0.00144064,
          0.        , -0.0038312 ],
        [ 0.29119251,  0.48931723,  0.64208355, ...,  0.00527182,
          0.0038312 ,  0.        ]],

       [[ 0.        ,  0.18775757,  0.33318127, ...,  0.98646973,
          0.98262922,  0.97604298],
        [-0.18775757,  0.        ,  0.15022616, ...,  0.93814412,
          0.93030956,  0.91783257],
        [-0.33318127, -0.15022616,  0.        , ...,  0.87548269,
          0.86465285,  0.84778175],
        ...,
        [-0.98646973, -0.93814412, -0.87548269, ...,  0.        ,
         -0.02197304, -0.054618  ],
        [-0.98262922, -0.93030956, -0.86465285, ...,  0.02197304,
          0.        , -0.03266457],
        [-0.97604298, -0.91783257, -0.84778175, ...,  0.054618  ,
          0.03266457,  0.        ]]]), 'num': array([ 9.80483966e-01,  1.96542410e-01,  7.80041349e-05, -1.83115235e-10,
        1.61039761e-04,  1.67769781e-04,  1.59757852e-04,  4.69518233e-03,
       -5.60834988e-06,  1.67289065e-04,  1.70966540e-04,  1.65806858e-04,
        8.68308470e-07,  1.86334572e-04,  1.55598509e-04])}
{'img': array([[[ 0.        , -0.21178113, -0.42668255, ..., -0.78120384,
         -0.79866352, -0.90552854],
        [ 0.21178113,  0.        , -0.225469  , ..., -0.631274  ,
         -0.65310233, -0.79513291],
        [ 0.42668255,  0.225469  ,  0.        , ..., -0.4401542 ,
         -0.46554434, -0.63792617],
        ...,
        [ 0.78120384,  0.631274  ,  0.4401542 , ...,  0.        ,
         -0.02847532, -0.23384642],
        [ 0.79866352,  0.65310233,  0.46554434, ...,  0.02847532,
          0.        , -0.20606579],
        [ 0.90552854,  0.79513291,  0.63792617, ...,  0.23384642,
          0.20606579,  0.        ]],

       [[ 0.        , -0.16353235, -0.21500845, ..., -0.36764749,
         -0.54128328, -0.35114061],
        [ 0.16353235,  0.        , -0.05240631, ..., -0.21061881,
         -0.39649192, -0.19329448],
        [ 0.21500845,  0.05240631,  0.        , ..., -0.15909864,
         -0.34783609, -0.1416109 ],
        ...,
        [ 0.36764749,  0.21061881,  0.15909864, ...,  0.        ,
         -0.1942418 ,  0.01768815],
        [ 0.54128328,  0.39649192,  0.34783609, ...,  0.1942418 ,
          0.        ,  0.21156267],
        [ 0.35114061,  0.19329448,  0.1416109 , ..., -0.01768815,
         -0.21156267,  0.        ]],

       [[ 0.        ,  0.05647823, -0.26625514, ..., -0.95413469,
         -0.97203341, -0.9957314 ],
        [-0.05647823,  0.        , -0.32026967, ..., -0.96952005,
         -0.98374537, -0.99935489],
        [ 0.26625514,  0.32026967,  0.        , ..., -0.83998206,
         -0.87441747, -0.93521318],
        ...,
        [ 0.95413469,  0.96952005,  0.83998206, ...,  0.        ,
         -0.06693361, -0.21003476],
        [ 0.97203341,  0.98374537,  0.87441747, ...,  0.06693361,
          0.        , -0.14412315],
        [ 0.9957314 ,  0.99935489,  0.93521318, ...,  0.21003476,
          0.14412315,  0.        ]],

       ...,

       [[ 0.        , -0.14350703, -0.25758206, ..., -0.62094587,
         -0.54545498, -0.41910716],
        [ 0.14350703,  0.        , -0.11625132, ..., -0.50203017,
         -0.41953014, -0.2844738 ],
        [ 0.25758206,  0.11625132,  0.        , ..., -0.39808635,
         -0.31115952, -0.17109676],
        ...,
        [ 0.62094587,  0.50203017,  0.39808635, ...,  0.        ,
          0.09288288,  0.235261  ],
        [ 0.54545498,  0.41953014,  0.31115952, ..., -0.09288288,
          0.        ,  0.14396811],
        [ 0.41910716,  0.2844738 ,  0.17109676, ..., -0.235261  ,
         -0.14396811,  0.        ]],

       [[ 0.        ,  0.18483728,  0.25876126, ..., -0.48597243,
         -0.48931723, -0.76248131],
        [-0.18483728,  0.        ,  0.07576061, ..., -0.63914171,
         -0.64208355, -0.86893472],
        [-0.25876126, -0.07576061,  0.        , ..., -0.6955715 ,
         -0.69831894, -0.90393338],
        ...,
        [ 0.48597243,  0.63914171,  0.6955715 , ...,  0.        ,
         -0.0038312 , -0.35195981],
        [ 0.48931723,  0.64208355,  0.69831894, ...,  0.0038312 ,
          0.        , -0.34837117],
        [ 0.76248131,  0.86893472,  0.90393338, ...,  0.35195981,
          0.34837117,  0.        ]],

       [[ 0.        ,  0.15022616,  0.32495395, ...,  0.93030956,
          0.91783257,  0.97650132],
        [-0.15022616,  0.        ,  0.1791929 , ...,  0.86465285,
          0.84778175,  0.9330442 ],
        [-0.32495395, -0.1791929 ,  0.        , ...,  0.76063644,
          0.73902542,  0.85347516],
        ...,
        [-0.93030956, -0.86465285, -0.76063644, ...,  0.        ,
         -0.03266457,  0.15766423],
        [-0.91783257, -0.84778175, -0.73902542, ...,  0.03266457,
          0.        ,  0.18983612],
        [-0.97650132, -0.9330442 , -0.85347516, ..., -0.15766423,
         -0.18983612,  0.        ]]]), 'num': array([ 9.99996643e-01,  4.72031631e-05,  1.00095039e-04, -4.47688476e-08,
        1.64249251e-04,  1.66386629e-04,  1.62769528e-04,  2.54420281e-03,
       -9.86481987e-07,  1.68819951e-04,  1.73851009e-04,  1.69578994e-04,
        8.03490508e-07,  1.87337500e-04,  1.60364518e-04])}
{'img': array([[[ 0.        , -0.225469  , -0.15286871, ..., -0.65310233,
         -0.79513291, -0.81737161],
        [ 0.225469  ,  0.        ,  0.07388655, ..., -0.46554434,
         -0.63792617, -0.66642945],
        [ 0.15286871, -0.07388655,  0.        , ..., -0.52966326,
         -0.69308235, -0.71969532],
        ...,
        [ 0.65310233,  0.46554434,  0.52966326, ...,  0.        ,
         -0.20606579, -0.24271142],
        [ 0.79513291,  0.63792617,  0.69308235, ...,  0.20606579,
          0.        , -0.03759827],
        [ 0.81737161,  0.66642945,  0.71969532, ...,  0.24271142,
          0.03759827,  0.        ]],

       [[ 0.        , -0.05240631, -0.2021016 , ..., -0.39649192,
         -0.19329448, -0.39423666],
        [ 0.05240631,  0.        , -0.150499  , ..., -0.34783609,
         -0.1416109 , -0.34553305],
        [ 0.2021016 ,  0.150499  ,  0.        , ..., -0.20277315,
          0.00898435, -0.20036824],
        ...,
        [ 0.39649192,  0.34783609,  0.20277315, ...,  0.        ,
          0.21156267,  0.00245531],
        [ 0.19329448,  0.1416109 , -0.00898435, ..., -0.21156267,
          0.        , -0.2091623 ],
        [ 0.39423666,  0.34553305,  0.20036824, ..., -0.00245531,
          0.2091623 ,  0.        ]],

       [[ 0.        , -0.32026967, -0.43040962, ..., -0.98374537,
         -0.99935489, -0.99485014],
        [ 0.32026967,  0.        , -0.11865221, ..., -0.87441747,
         -0.93521318, -0.97490931],
        [ 0.43040962,  0.11865221,  0.        , ..., -0.81067347,
         -0.88659373, -0.94161016],
        ...,
        [ 0.98374537,  0.87441747,  0.81067347, ...,  0.        ,
         -0.14412315, -0.27835351],
        [ 0.99935489,  0.93521318,  0.88659373, ...,  0.14412315,
          0.        , -0.13702021],
        [ 0.99485014,  0.97490931,  0.94161016, ...,  0.27835351,
          0.13702021,  0.        ]],

       ...,

       [[ 0.        , -0.11625132, -0.11625132, ..., -0.41953014,
         -0.2844738 , -0.42420895],
        [ 0.11625132,  0.        ,  0.        , ..., -0.31115952,
         -0.17109676, -0.31605969],
        [ 0.11625132,  0.        ,  0.        , ..., -0.31115952,
         -0.17109676, -0.31605969],
        ...,
        [ 0.41953014,  0.31115952,  0.31115952, ...,  0.        ,
          0.14396811, -0.0051605 ],
        [ 0.2844738 ,  0.17109676,  0.17109676, ..., -0.14396811,
          0.        , -0.14907293],
        [ 0.42420895,  0.31605969,  0.31605969, ...,  0.0051605 ,
          0.14907293,  0.        ]],

       [[ 0.        ,  0.07576061,  0.28811197, ..., -0.64208355,
         -0.86893472, -0.94363689],
        [-0.07576061,  0.        ,  0.21473583, ..., -0.69831894,
         -0.90393338, -0.96600035],
        [-0.28811197, -0.21473583,  0.        , ..., -0.83573373,
         -0.97468335, -0.99898362],
        ...,
        [ 0.64208355,  0.69831894,  0.83573373, ...,  0.        ,
         -0.34837117, -0.51090633],
        [ 0.86893472,  0.90393338,  0.97468335, ...,  0.34837117,
          0.        , -0.17942892],
        [ 0.94363689,  0.96600035,  0.99898362, ...,  0.51090633,
          0.17942892,  0.        ]],

       [[ 0.        ,  0.1791929 ,  0.2970585 , ...,  0.84778175,
          0.9330442 ,  0.95032424],
        [-0.1791929 ,  0.        ,  0.1211463 , ...,  0.73902542,
          0.85347516,  0.87916637],
        [-0.2970585 , -0.1211463 ,  0.        , ...,  0.65196871,
          0.78405563,  0.81496299],
        ...,
        [-0.84778175, -0.73902542, -0.65196871, ...,  0.        ,
          0.18983612,  0.24011798],
        [-0.9330442 , -0.85347516, -0.78405563, ..., -0.18983612,
          0.        ,  0.0514694 ],
        [-0.95032424, -0.87916637, -0.81496299, ..., -0.24011798,
         -0.0514694 ,  0.        ]]]), 'num': array([ 9.84404679e-01,  1.75882506e-01,  8.17514836e-05, -5.43894622e-08,
        1.61446121e-04,  1.64221231e-04,  1.60956395e-04,  3.54167734e-03,
       -1.63241780e-06,  1.65788352e-04,  1.71314086e-04,  1.67888730e-04,
        6.13490351e-07,  1.83713791e-04,  1.58914382e-04])}
{'img': array([[[ 0.        ,  0.07388655, -0.12789024, ..., -0.63792617,
         -0.66642945, -0.71313966],
        [-0.07388655,  0.        , -0.2008205 , ..., -0.69308235,
         -0.71969532, -0.7629865 ],
        [ 0.12789024,  0.2008205 ,  0.        , ..., -0.53419977,
         -0.56560606, -0.61762972],
        ...,
        [ 0.63792617,  0.69308235,  0.53419977, ...,  0.        ,
         -0.03759827, -0.10198682],
        [ 0.66642945,  0.71969532,  0.56560606, ...,  0.03759827,
          0.        , -0.06451248],
        [ 0.71313966,  0.7629865 ,  0.61762972, ...,  0.10198682,
          0.06451248,  0.        ]],

       [[ 0.        , -0.150499  , -0.06734299, ..., -0.1416109 ,
         -0.34553305, -0.22949639],
        [ 0.150499  ,  0.        ,  0.08358138, ...,  0.00898435,
         -0.20036824, -0.08040036],
        [ 0.06734299, -0.08358138,  0.        , ..., -0.0746251 ,
         -0.28155355, -0.16342983],
        ...,
        [ 0.1416109 , -0.00898435,  0.0746251 , ...,  0.        ,
         -0.2091623 , -0.08935238],
        [ 0.34553305,  0.20036824,  0.28155355, ...,  0.2091623 ,
          0.        ,  0.12094969],
        [ 0.22949639,  0.08040036,  0.16342983, ...,  0.08935238,
         -0.12094969,  0.        ]],

       [[ 0.        , -0.29949344, -0.41496787, ..., -0.9979541 ,
         -0.99702729, -0.98564134],
        [ 0.29949344,  0.        , -0.12343024, ..., -0.93299843,
         -0.97433783, -0.99096899],
        [ 0.41496787,  0.12343024,  0.        , ..., -0.8814439 ,
         -0.93910432, -0.96684038],
        ...,
        [ 0.9979541 ,  0.93299843,  0.8814439 , ...,  0.        ,
         -0.14063591, -0.23152342],
        [ 0.99702729,  0.97433783,  0.93910432, ...,  0.14063591,
          0.        , -0.09240765],
        [ 0.98564134,  0.99096899,  0.96684038, ...,  0.23152342,
          0.09240765,  0.        ]],

       ...,

       [[ 0.        ,  0.        , -0.10839518, ..., -0.17109676,
         -0.31605969, -0.61029893],
        [ 0.        ,  0.        , -0.10839518, ..., -0.17109676,
         -0.31605969, -0.61029893],
        [ 0.10839518,  0.10839518,  0.        , ..., -0.06329183,
         -0.21135866, -0.52083544],
        ...,
        [ 0.17109676,  0.17109676,  0.06329183, ...,  0.        ,
         -0.14907293, -0.46576167],
        [ 0.31605969,  0.31605969,  0.21135866, ...,  0.14907293,
          0.        , -0.3286412 ],
        [ 0.61029893,  0.61029893,  0.52083544, ...,  0.46576167,
          0.3286412 ,  0.        ]],

       [[ 0.        ,  0.21473583,  0.29370287, ..., -0.90393338,
         -0.96600035, -0.98826147],
        [-0.21473583,  0.        ,  0.08158613, ..., -0.97468335,
         -0.99898362, -0.99801308],
        [-0.29370287, -0.08158613,  0.        , ..., -0.98967587,
         -0.99933077, -0.9895455 ],
        ...,
        [ 0.90393338,  0.97468335,  0.98967587, ...,  0.        ,
         -0.17942892, -0.28455739],
        [ 0.96600035,  0.99898362,  0.99933077, ...,  0.17942892,
          0.        , -0.10792815],
        [ 0.98826147,  0.99801308,  0.9895455 , ...,  0.28455739,
          0.10792815,  0.        ]],

       [[ 0.        ,  0.1211463 ,  0.2511173 , ...,  0.85347516,
          0.87916637,  0.86817485],
        [-0.1211463 ,  0.        ,  0.13200338, ...,  0.78405563,
          0.81496299,  0.80166058],
        [-0.2511173 , -0.13200338,  0.        , ...,  0.69526132,
          0.73133379,  0.71573655],
        ...,
        [-0.85347516, -0.78405563, -0.69526132, ...,  0.        ,
          0.0514694 ,  0.02889078],
        [-0.87916637, -0.81496299, -0.73133379, ..., -0.0514694 ,
          0.        , -0.02259543],
        [-0.86817485, -0.80166058, -0.71573655, ..., -0.02889078,
          0.02259543,  0.        ]]]), 'num': array([ 8.05105967e-01,  5.93123642e-01,  2.18538480e-05, -5.66200026e-08,
        1.30290304e-04,  1.34722861e-04,  1.29887345e-04,  2.92876486e-03,
       -2.55207813e-06,  1.34400493e-04,  1.40149385e-04,  1.37792071e-04,
        4.84225350e-07,  1.51012336e-04,  1.29286434e-04])}
{'img': array([[[ 0.        , -0.2008205 , -0.39023628, ..., -0.71969532,
         -0.7629865 , -0.84098221],
        [ 0.2008205 ,  0.        , -0.19738801, ..., -0.56560606,
         -0.61762972, -0.71519327],
        [ 0.39023628,  0.19738801,  0.        , ..., -0.39169694,
         -0.45023857, -0.5631624 ],
        ...,
        [ 0.71969532,  0.56560606,  0.39169694, ...,  0.        ,
         -0.06451248, -0.19448521],
        [ 0.7629865 ,  0.61762972,  0.45023857, ...,  0.06451248,
          0.        , -0.13079943],
        [ 0.84098221,  0.71519327,  0.5631624 , ...,  0.19448521,
          0.13079943,  0.        ]],

       [[ 0.        ,  0.08358138,  0.14175642, ..., -0.20036824,
         -0.08040036, -0.07887843],
        [-0.08358138,  0.        ,  0.05852306, ..., -0.28155355,
         -0.16342983, -0.16192339],
        [-0.14175642, -0.05852306,  0.        , ..., -0.33722652,
         -0.22088594, -0.21939662],
        ...,
        [ 0.20036824,  0.28155355,  0.33722652, ...,  0.        ,
          0.12094969,  0.12246511],
        [ 0.08040036,  0.16342983,  0.22088594, ..., -0.12094969,
          0.        ,  0.00152678],
        [ 0.07887843,  0.16192339,  0.21939662, ..., -0.12246511,
         -0.00152678,  0.        ]],

       [[ 0.        , -0.14066306, -0.50847466, ..., -0.9836772 ,
         -0.99615036, -0.99922242],
        [ 0.14066306,  0.        , -0.38229744, ..., -0.9485858 ,
         -0.9739155 , -0.99483373],
        [ 0.50847466,  0.38229744,  0.        , ..., -0.75552575,
         -0.81318872, -0.88045551],
        ...,
        [ 0.9836772 ,  0.9485858 ,  0.75552575, ...,  0.        ,
         -0.09301929, -0.2185866 ],
        [ 0.99615036,  0.9739155 ,  0.81318872, ...,  0.09301929,
          0.        , -0.12686902],
        [ 0.99922242,  0.99483373,  0.88045551, ...,  0.2185866 ,
          0.12686902,  0.        ]],

       ...,

       [[ 0.        , -0.10839518, -0.17358437, ..., -0.31605969,
         -0.61029893, -0.64855926],
        [ 0.10839518,  0.        , -0.06581196, ..., -0.21135866,
         -0.52083544, -0.56223135],
        [ 0.17358437,  0.06581196,  0.        , ..., -0.14657527,
         -0.46352544, -0.50658728],
        ...,
        [ 0.31605969,  0.21135866,  0.14657527, ...,  0.        ,
         -0.3286412 , -0.37474035],
        [ 0.61029893,  0.52083544,  0.46352544, ...,  0.3286412 ,
          0.        , -0.0492323 ],
        [ 0.64855926,  0.56223135,  0.50658728, ...,  0.37474035,
          0.0492323 ,  0.        ]],

       [[ 0.        ,  0.08158613, -0.25371424, ..., -0.99898362,
         -0.99801308, -0.99741883],
        [-0.08158613,  0.        , -0.331785  , ..., -0.99933077,
         -0.9895455 , -0.98823559],
        [ 0.25371424,  0.331785  ,  0.        , ..., -0.95486   ,
         -0.9813431 , -0.98299997],
        ...,
        [ 0.99898362,  0.99933077,  0.95486   , ...,  0.        ,
         -0.10792815, -0.11668843],
        [ 0.99801308,  0.9895455 ,  0.9813431 , ...,  0.10792815,
          0.        , -0.00881597],
        [ 0.99741883,  0.98823559,  0.98299997, ...,  0.11668843,
          0.00881597,  0.        ]],

       [[ 0.        ,  0.13200338,  0.34020898, ...,  0.81496299,
          0.80166058,  0.72044152],
        [-0.13200338,  0.        ,  0.21310254, ...,  0.73133379,
          0.71573655,  0.62259071],
        [-0.34020898, -0.21310254,  0.        , ...,  0.56919481,
          0.55047146,  0.44152681],
        ...,
        [-0.81496299, -0.73133379, -0.56919481, ...,  0.        ,
         -0.02259543, -0.1476844 ],
        [-0.80166058, -0.71573655, -0.55047146, ...,  0.02259543,
          0.        , -0.12529903],
        [-0.72044152, -0.62259071, -0.44152681, ...,  0.1476844 ,
          0.12529903,  0.        ]]]), 'num': array([ 8.58388364e-01,  5.12976029e-01,  3.36987644e-05, -6.59749696e-08,
        1.43622593e-04,  1.47826181e-04,  1.37317210e-04,  4.98425043e-03,
        7.70657814e-06,  1.39783315e-04,  1.45794446e-04,  1.43473132e-04,
        5.50469867e-07,  1.56881617e-04,  1.34707275e-04])}
{'img': array([[[ 0.        , -0.19738801, -0.26242839, ..., -0.61762972,
         -0.71519327, -0.42858644],
        [ 0.19738801,  0.        , -0.06679538, ..., -0.45023857,
         -0.5631624 , -0.24181397],
        [ 0.26242839,  0.06679538,  0.        , ..., -0.3895909 ,
         -0.50670858, -0.17646086],
        ...,
        [ 0.61762972,  0.45023857,  0.3895909 , ...,  0.        ,
         -0.13079943,  0.22095897],
        [ 0.71519327,  0.5631624 ,  0.50670858, ...,  0.13079943,
          0.        ,  0.34662715],
        [ 0.42858644,  0.24181397,  0.17646086, ..., -0.22095897,
         -0.34662715,  0.        ]],

       [[ 0.        ,  0.05852306, -0.11787636, ..., -0.16342983,
         -0.16192339, -0.01666652],
        [-0.05852306,  0.        , -0.17578938, ..., -0.22088594,
         -0.21939662, -0.07515289],
        [ 0.11787636,  0.17578938,  0.        , ..., -0.04599894,
         -0.04447372,  0.10130966],
        ...,
        [ 0.16342983,  0.22088594,  0.04599894, ...,  0.        ,
          0.00152678,  0.14696469],
        [ 0.16192339,  0.21939662,  0.04447372, ..., -0.00152678,
          0.        ,  0.14545433],
        [ 0.01666652,  0.07515289, -0.10130966, ..., -0.14696469,
         -0.14545433,  0.        ]],

       [[ 0.        , -0.38229744, -0.58476135, ..., -0.9739155 ,
         -0.99483373, -0.9971337 ],
        [ 0.38229744,  0.        , -0.23022074, ..., -0.81318872,
         -0.88045551, -0.89246623],
        [ 0.58476135,  0.23022074,  0.        , ..., -0.65735671,
         -0.74765082, -0.76463735],
        ...,
        [ 0.9739155 ,  0.81318872,  0.65735671, ...,  0.        ,
         -0.12686902, -0.15257445],
        [ 0.99483373,  0.88045551,  0.74765082, ...,  0.12686902,
          0.        , -0.02595793],
        [ 0.9971337 ,  0.89246623,  0.76463735, ...,  0.15257445,
          0.02595793,  0.        ]],

       ...,

       [[ 0.        , -0.06581196, -0.59191212, ..., -0.52083544,
         -0.56223135, -0.47459022],
        [ 0.06581196,  0.        , -0.53758428, ..., -0.46352544,
         -0.50658728, -0.41563319],
        [ 0.59191212,  0.53758428,  0.        , ...,  0.08549532,
          0.03633961,  0.13848421],
        ...,
        [ 0.52083544,  0.46352544, -0.08549532, ...,  0.        ,
         -0.0492323 ,  0.05330562],
        [ 0.56223135,  0.50658728, -0.03633961, ...,  0.0492323 ,
          0.        ,  0.10240328],
        [ 0.47459022,  0.41563319, -0.13848421, ..., -0.05330562,
         -0.10240328,  0.        ]],

       [[ 0.        , -0.331785  , -0.50625134, ..., -0.9895455 ,
         -0.98823559, -0.98204955],
        [ 0.331785  ,  0.        , -0.19144801, ..., -0.9813431 ,
         -0.98299997, -0.9890037 ],
        [ 0.50625134,  0.19144801,  0.        , ..., -0.92638226,
         -0.92966622, -0.94239647],
        ...,
        [ 0.9895455 ,  0.9813431 ,  0.92638226, ...,  0.        ,
         -0.00881597, -0.04501894],
        [ 0.98823559,  0.98299997,  0.92966622, ...,  0.00881597,
          0.        , -0.03621015],
        [ 0.98204955,  0.9890037 ,  0.94239647, ...,  0.04501894,
          0.03621015,  0.        ]],

       [[ 0.        ,  0.21310254,  0.43787863, ...,  0.71573655,
          0.62259071,  0.61259584],
        [-0.21310254,  0.        ,  0.23623404, ...,  0.55047146,
          0.44152681,  0.43008895],
        [-0.43787863, -0.23623404,  0.        , ...,  0.33767009,
          0.21706939,  0.20464689],
        ...,
        [-0.71573655, -0.55047146, -0.33767009, ...,  0.        ,
         -0.12529903, -0.13789674],
        [-0.62259071, -0.44152681, -0.21706939, ...,  0.12529903,
          0.        , -0.01270798],
        [-0.61259584, -0.43008895, -0.20464689, ...,  0.13789674,
          0.01270798,  0.        ]]]), 'num': array([ 8.53953298e-01,  5.20334370e-01,  3.37329553e-05, -3.68438709e-08,
        1.39823524e-04,  1.44630399e-04,  1.38268358e-04,  3.96749603e-03,
       -5.08963282e-06,  1.40586969e-04,  1.46687459e-04,  1.44491377e-04,
        5.19832507e-07,  1.58298937e-04,  1.35075982e-04])}
{'img': array([[[ 0.00000000e+00, -6.67953767e-02, -7.79778871e-02, ...,
         -5.63162399e-01, -2.41813973e-01, -4.50238569e-01],
        [ 6.67953767e-02,  0.00000000e+00, -1.12117479e-02, ...,
         -5.06708577e-01, -1.76460863e-01, -3.89590902e-01],
        [ 7.79778871e-02,  1.12117479e-02,  0.00000000e+00, ...,
         -4.97010886e-01, -1.65413962e-01, -3.79240530e-01],
        ...,
        [ 5.63162399e-01,  5.06708577e-01,  4.97010886e-01, ...,
          0.00000000e+00,  3.46627152e-01,  1.30799431e-01],
        [ 2.41813973e-01,  1.76460863e-01,  1.65413962e-01, ...,
         -3.46627152e-01,  0.00000000e+00, -2.20958968e-01],
        [ 4.50238569e-01,  3.89590902e-01,  3.79240530e-01, ...,
         -1.30799431e-01,  2.20958968e-01,  0.00000000e+00]],

       [[ 0.00000000e+00, -1.75789381e-01, -1.75526790e-01, ...,
         -2.19396617e-01, -7.51528869e-02, -1.45488380e-01],
        [ 1.75789381e-01,  0.00000000e+00,  2.66739191e-04, ...,
         -4.44737235e-02,  1.01309662e-01,  3.06961693e-02],
        [ 1.75526790e-01, -2.66739191e-04,  0.00000000e+00, ...,
         -4.47401971e-02,  1.01044292e-01,  3.04295547e-02],
        ...,
        [ 2.19396617e-01,  4.44737235e-02,  4.47401971e-02, ...,
          0.00000000e+00,  1.45454325e-01,  7.51185629e-02],
        [ 7.51528869e-02, -1.01309662e-01, -1.01044292e-01, ...,
         -1.45454325e-01,  0.00000000e+00, -7.07236853e-02],
        [ 1.45488380e-01, -3.06961693e-02, -3.04295547e-02, ...,
         -7.51185629e-02,  7.07236853e-02,  0.00000000e+00]],

       [[ 0.00000000e+00, -2.30220736e-01, -3.60438067e-01, ...,
         -8.80455512e-01, -8.92466232e-01, -9.04719406e-01],
        [ 2.30220736e-01,  0.00000000e+00, -1.36010113e-01, ...,
         -7.47650825e-01, -7.64637348e-01, -7.82341357e-01],
        [ 3.60438067e-01,  1.36010113e-01,  0.00000000e+00, ...,
         -6.50380007e-01, -6.69878729e-01, -6.90357523e-01],
        ...,
        [ 8.80455512e-01,  7.47650825e-01,  6.50380007e-01, ...,
          0.00000000e+00, -2.59579296e-02, -5.38724278e-02],
        [ 8.92466232e-01,  7.64637348e-01,  6.69878729e-01, ...,
          2.59579296e-02,  0.00000000e+00, -2.79340406e-02],
        [ 9.04719406e-01,  7.82341357e-01,  6.90357523e-01, ...,
          5.38724278e-02,  2.79340406e-02,  0.00000000e+00]],

       ...,

       [[ 0.00000000e+00, -5.37584280e-01, -1.58602790e-01, ...,
         -5.06587283e-01, -4.15633188e-01, -4.86379288e-01],
        [ 5.37584280e-01,  0.00000000e+00,  3.97044329e-01, ...,
          3.63396077e-02,  1.38484211e-01,  5.95931817e-02],
        [ 1.58602790e-01, -3.97044329e-01,  0.00000000e+00, ...,
         -3.63429609e-01, -2.66117934e-01, -3.41644092e-01],
        ...,
        [ 5.06587283e-01, -3.63396077e-02,  3.63429609e-01, ...,
          0.00000000e+00,  1.02403279e-01,  2.32787973e-02],
        [ 4.15633188e-01, -1.38484211e-01,  2.66117934e-01, ...,
         -1.02403279e-01,  0.00000000e+00, -7.92191095e-02],
        [ 4.86379288e-01, -5.95931817e-02,  3.41644092e-01, ...,
         -2.32787973e-02,  7.92191095e-02,  0.00000000e+00]],

       [[ 0.00000000e+00, -3.99643002e-01, -5.08372699e-01, ...,
         -9.91741988e-01, -9.86298071e-01, -9.86369144e-01],
        [ 3.99643002e-01,  0.00000000e+00, -1.21863003e-01, ...,
         -9.60354836e-01, -9.70041038e-01, -9.69936150e-01],
        [ 5.08372699e-01,  1.21863003e-01,  0.00000000e+00, ...,
         -9.19224211e-01, -9.33205721e-01, -9.33050623e-01],
        ...,
        [ 9.91741988e-01,  9.60354836e-01,  9.19224211e-01, ...,
          0.00000000e+00, -3.71188905e-02, -3.66878111e-02],
        [ 9.86298071e-01,  9.70041038e-01,  9.33205721e-01, ...,
          3.71188905e-02,  0.00000000e+00,  4.31373219e-04],
        [ 9.86369144e-01,  9.69936150e-01,  9.33050623e-01, ...,
          3.66878111e-02, -4.31373219e-04,  0.00000000e+00]],

       [[ 0.00000000e+00,  2.36234039e-01,  3.98853556e-01, ...,
          4.41526815e-01,  4.30088950e-01,  3.71056984e-01],
        [-2.36234039e-01,  0.00000000e+00,  1.70934409e-01, ...,
          2.17069390e-01,  2.04646887e-01,  1.41185342e-01],
        [-3.98853556e-01, -1.70934409e-01,  0.00000000e+00, ...,
          4.70159734e-02,  3.43182482e-02, -3.01147552e-02],
        ...,
        [-4.41526815e-01, -2.17069390e-01, -4.70159734e-02, ...,
          0.00000000e+00, -1.27079820e-02, -7.70761017e-02],
        [-4.30088950e-01, -2.04646887e-01, -3.43182482e-02, ...,
          1.27079820e-02,  0.00000000e+00, -6.43996993e-02],
        [-3.71056984e-01, -1.41185342e-01,  3.01147552e-02, ...,
