state_0,state_1,state_2,state_3,state_4,state_5,state_6,state_7,state_8,state_9,state_10,state_11,state_12,state_13,state_14,state_15,state_16,state_17,state_18,state_19,state_20,state_21,state_22,state_23,state_24,state_25,state_26,state_27,state_28,state_29,state_30,state_31,state_32,state_33,state_34,state_35,state_36,state_37,state_38,state_39,state_40,state_41,state_42,state_43,state_44,state_45,state_46,state_47,state_48,state_49,state_50,state_51,state_52,state_53,state_54,state_55,state_56,state_57,state_58,state_59,state_60,state_61,state_62,state_63,state_64,state_65,state_66,state_67,state_68,state_69,state_70,state_71,state_72,state_73,state_74,state_75,state_76,state_77,state_78,state_79,state_80,state_81,state_82,state_83,state_84,state_85,state_86,state_87,state_88,state_89,state_90,state_91,state_92,state_93,state_94,state_95,state_96,state_97,state_98,state_99,state_100,state_101,state_102,state_103,state_104,state_105,state_106,state_107,state_108,state_109,state_110,state_111,state_112,state_113,state_114,state_115,state_116,state_117,state_118,state_119,state_120,state_121,state_122,state_123,state_124,state_125,state_126,state_127,state_128,state_129,state_130,state_131,state_132,state_133,state_134,state_135,state_136,state_137,state_138,state_139,state_140,state_141,state_142,state_143,state_144,state_145,state_146,state_147,state_148,state_149,state_150,state_151,state_152,state_153,state_154,state_155,state_156,state_157,state_158,state_159,state_160,state_161,state_162,state_163,state_164,state_165,state_166,state_167,state_168,state_169,state_170,state_171,state_172,state_173,state_174,state_175,state_176,state_177,state_178,state_179,state_180,state_181,state_182,state_183,state_184,state_185,state_186,state_187,state_188,state_189,state_190,state_191,state_192,state_193,state_194,state_195,state_196,state_197,state_198,state_199,state_200,state_201,state_202,state_203,state_204,state_205,state_206,state_207,state_208,state_209,state_210,state_211,state_212,state_213,state_214,state_215,state_216,state_217,state_218,state_219,state_220,state_221,state_222,state_223,state_224,state_225,state_226,state_227,state_228,state_229,state_230,state_231,state_232,state_233,state_234,state_235,state_236,state_237,state_238,state_239,state_240,state_241,state_242,state_243,state_244,state_245,state_246,state_247,state_248,state_249,state_250,state_251,state_252,state_253,state_254,state_255,state_256,state_257,state_258,state_259,state_260,state_261,state_262,state_263,state_264,state_265,state_266,state_267,state_268,state_269,state_270,state_271,state_272,state_273,state_274,state_275,state_276,state_277,state_278,state_279,state_280,state_281,state_282,state_283,state_284,state_285,state_286,state_287
{'img': array([[[ 0.        , -0.08587092, -0.26140053, ...,  0.84290021,
          0.99889575,  0.82573556],
        [ 0.08587092,  0.        , -0.17754977, ...,  0.88599132,
          0.99924047,  0.87112164],
        [ 0.26140053,  0.17754977,  0.        , ...,  0.95424469,
          0.97644563,  0.94446999],
        ...,
        [-0.84290021, -0.88599132, -0.95424469, ...,  0.        ,
          0.49787478, -0.03114067],
        [-0.99889575, -0.99924047, -0.97644563, ..., -0.49787478,
          0.        , -0.52464003],
        [-0.82573556, -0.87112164, -0.94446999, ...,  0.03114067,
          0.52464003,  0.        ]],

       [[ 0.        ,  0.20051166,  0.54634291, ...,  0.8629467 ,
          0.11249863,  0.63265968],
        [-0.20051166,  0.        ,  0.36730654, ...,  0.74410386,
          0.30945272,  0.46452897],
        [-0.54634291, -0.36730654,  0.        , ...,  0.4467067 ,
          0.63709919,  0.10678715],
        ...,
        [-0.8629467 , -0.74410386, -0.4467067 , ...,  0.        ,
          0.9143136 , -0.34861201],
        [-0.11249863, -0.30945272, -0.63709919, ..., -0.9143136 ,
          0.        , -0.71576579],
        [-0.63265968, -0.46452897, -0.10678715, ...,  0.34861201,
          0.71576579,  0.        ]],

       [[ 0.        , -0.10749242, -0.22545427, ...,  0.95758044,
          0.9986938 ,  0.96172845],
        [ 0.10749242,  0.        , -0.11942308, ...,  0.9830078 ,
          0.98741496,  0.98560949],
        [ 0.22545427,  0.11942308,  0.        , ...,  0.99789461,
          0.96146162,  0.998743  ],
        ...,
        [-0.95758044, -0.9830078 , -0.99789461, ...,  0.        ,
          0.33671716,  0.01475631],
        [-0.9986938 , -0.98741496, -0.96146162, ..., -0.33671716,
          0.        , -0.32278587],
        [-0.96172845, -0.98560949, -0.998743  , ..., -0.01475631,
          0.32278587,  0.        ]],

       ...,

       [[ 0.        , -0.13642522, -0.1150452 , ..., -0.01810628,
         -0.09226513, -0.2333123 ],
        [ 0.13642522,  0.        ,  0.02154983, ...,  0.11846587,
          0.04444081, -0.09847078],
        [ 0.1150452 , -0.02154983,  0.        , ...,  0.09704028,
          0.02290195, -0.119893  ],
        ...,
        [ 0.01810628, -0.11846587, -0.09704028, ...,  0.        ,
         -0.07422097, -0.21566748],
        [ 0.09226513, -0.04444081, -0.02290195, ...,  0.07422097,
          0.        , -0.14259831],
        [ 0.2333123 ,  0.09847078,  0.119893  , ...,  0.21566748,
          0.14259831,  0.        ]],

       [[ 0.        ,  0.01508874,  0.00629658, ...,  0.99358051,
          0.87679294,  0.96300837],
        [-0.01508874,  0.        , -0.00879258, ...,  0.99517435,
          0.88394882,  0.96696472],
        [-0.00629658,  0.00879258,  0.        , ...,  0.99427313,
          0.87980339,  0.96468602],
        ...,
        [-0.99358051, -0.99517435, -0.99427313, ...,  0.        ,
          0.37859201,  0.15879914],
        [-0.87679294, -0.88394882, -0.87980339, ..., -0.37859201,
          0.        , -0.22680931],
        [-0.96300837, -0.96696472, -0.96468602, ..., -0.15879914,
          0.22680931,  0.        ]],

       [[ 0.        ,  0.10466444,  0.18984162, ...,  0.99227017,
          0.9982415 ,  0.74977142],
        [-0.10466444,  0.        ,  0.08603785, ...,  0.97383174,
          0.99896308,  0.81490951],
        [-0.18984162, -0.08603785,  0.        , ...,  0.9506668 ,
          0.99134168,  0.86175424],
        ...,
        [-0.99227017, -0.97383174, -0.9506668 , ...,  0.        ,
          0.18269822,  0.74962605],
        [-0.9982415 , -0.99896308, -0.99134168, ..., -0.18269822,
          0.        ,  0.61608819],
        [-0.74977142, -0.81490951, -0.86175424, ..., -0.74962605,
         -0.61608819,  0.        ]]]), 'num': array([7.07030837e-01, 7.07030837e-01, 0.00000000e+00, 0.00000000e+00,
       4.62142798e-03, 4.66907156e-03, 4.53566952e-03, 7.05864522e-03,
       9.52871748e-06, 4.65191987e-03, 4.52947585e-03, 4.22757432e-03,
       9.69300571e-07, 4.82620171e-03, 4.23275000e-03])}
{'img': array([[[ 0.        , -0.17754977, -0.48729163, ...,  0.99924047,
          0.87112164,  0.88599132],
        [ 0.17754977,  0.        , -0.32450601, ...,  0.97644563,
          0.94446999,  0.95424469],
        [ 0.48729163,  0.32450601,  0.        , ...,  0.85358734,
          0.99999063,  0.99964045],
        ...,
        [-0.99924047, -0.97644563, -0.85358734, ...,  0.        ,
         -0.52464003, -0.49787478],
        [-0.87112164, -0.94446999, -0.99999063, ...,  0.52464003,
          0.        ,  0.03114067],
        [-0.88599132, -0.95424469, -0.99964045, ...,  0.49787478,
         -0.03114067,  0.        ]],

       [[ 0.        ,  0.36730654,  0.38252359, ...,  0.30945272,
          0.46452897,  0.24812936],
        [-0.36730654,  0.        ,  0.01641387, ...,  0.63709919,
          0.10678715, -0.12503463],
        [-0.38252359, -0.01641387,  0.        , ...,  0.64966488,
          0.09045275, -0.14130284],
        ...,
        [-0.30945272, -0.63709919, -0.64966488, ...,  0.        ,
         -0.71576579, -0.53572506],
        [-0.46452897, -0.10678715, -0.09045275, ...,  0.71576579,
          0.        , -0.23026879],
        [-0.24812936,  0.12503463,  0.14130284, ...,  0.53572506,
          0.23026879,  0.        ]],

       [[ 0.        , -0.11942308, -0.27216927, ...,  0.98741496,
          0.98560949,  0.94960222],
        [ 0.11942308,  0.        , -0.1553067 , ...,  0.96146162,
          0.998743  ,  0.98024041],
        [ 0.27216927,  0.1553067 ,  0.        , ...,  0.90709564,
          0.99440915,  0.99906766],
        ...,
        [-0.98741496, -0.96146162, -0.90709564, ...,  0.        ,
         -0.32278587, -0.45969307],
        [-0.98560949, -0.998743  , -0.99440915, ...,  0.32278587,
          0.        , -0.14842764],
        [-0.94960222, -0.98024041, -0.99906766, ...,  0.45969307,
          0.14842764,  0.        ]],

       ...,

       [[ 0.        ,  0.02154983, -0.32963821, ...,  0.04444081,
         -0.09847078, -0.19116198],
        [-0.02154983,  0.        , -0.34990701, ...,  0.02290195,
         -0.119893  , -0.21227   ],
        [ 0.32963821,  0.34990701,  0.        , ...,  0.37126943,
          0.23506916,  0.14308177],
        ...,
        [-0.04444081, -0.02290195, -0.37126943, ...,  0.        ,
         -0.14259831, -0.23459436],
        [ 0.09847078,  0.119893  , -0.23506916, ...,  0.14259831,
          0.        , -0.09357809],
        [ 0.19116198,  0.21227   , -0.14308177, ...,  0.23459436,
          0.09357809,  0.        ]],

       [[ 0.        , -0.00879258, -0.03819834, ...,  0.88394882,
          0.96696472,  0.95305762],
        [ 0.00879258,  0.        , -0.0294107 , ...,  0.87980339,
          0.96468602,  0.95035848],
        [ 0.03819834,  0.0294107 ,  0.        , ...,  0.86544277,
          0.95652186,  0.94079602],
        ...,
        [-0.88394882, -0.87980339, -0.86544277, ...,  0.        ,
         -0.22680931, -0.17798419],
        [-0.96696472, -0.96468602, -0.95652186, ...,  0.22680931,
          0.        ,  0.04984214],
        [-0.95305762, -0.95035848, -0.94079602, ...,  0.17798419,
         -0.04984214,  0.        ]],

       [[ 0.        ,  0.08285078,  0.15493498, ...,  0.98599542,
          0.98641017,  0.79726092],
        [-0.08285078,  0.        ,  0.07255198, ...,  0.9687883 ,
          0.99663136,  0.84453153],
        [-0.15493498, -0.07255198,  0.        , ...,  0.94825031,
          0.99995499,  0.88115789],
        ...,
        [-0.98599542, -0.9687883 , -0.94825031, ...,  0.        ,
          0.32650654,  0.72814232],
        [-0.98641017, -0.99663136, -0.99995499, ..., -0.32650654,
          0.        ,  0.46444037],
        [-0.79726092, -0.84453153, -0.88115789, ..., -0.72814232,
         -0.46444037,  0.        ]]]), 'num': array([ 7.07030965e-01,  7.07030965e-01,  0.00000000e+00,  0.00000000e+00,
        4.59284266e-03,  4.62142881e-03,  4.55472778e-03,  7.05315796e-03,
       -2.85861576e-05,  4.63476902e-03,  4.54281688e-03,  4.23456281e-03,
        9.36721549e-07,  4.82541209e-03,  4.26022167e-03])}
{'img': array([[[ 0.00000000e+00, -3.24506014e-01, -9.11848751e-01, ...,
          9.44469993e-01,  9.54244687e-01,  9.23287013e-01],
        [ 3.24506014e-01,  0.00000000e+00, -7.29284551e-01, ...,
          9.99990630e-01,  9.99640453e-01,  9.97968332e-01],
        [ 9.11848751e-01,  7.29284551e-01,  0.00000000e+00, ...,
          6.87361167e-01,  6.64409846e-01,  7.29284551e-01],
        ...,
        [-9.44469993e-01, -9.99990630e-01, -6.87361167e-01, ...,
          0.00000000e+00,  3.11406684e-02, -5.93911382e-02],
        [-9.54244687e-01, -9.99640453e-01, -6.64409846e-01, ...,
         -3.11406684e-02,  0.00000000e+00, -9.04480328e-02],
        [-9.23287013e-01, -9.97968332e-01, -7.29284551e-01, ...,
          5.93911382e-02,  9.04480328e-02,  0.00000000e+00]],

       [[ 0.00000000e+00,  1.64138675e-02, -4.18858306e-02, ...,
          1.06787149e-01, -1.25034626e-01, -1.25527800e-01],
        [-1.64138675e-02,  0.00000000e+00, -5.82796506e-02, ...,
          9.04527514e-02, -1.41302839e-01, -1.41794925e-01],
        [ 4.18858306e-02,  5.82796506e-02,  0.00000000e+00, ...,
          1.48339756e-01, -8.33677695e-02, -8.38631194e-02],
        ...,
        [-1.06787149e-01, -9.04527514e-02, -1.48339756e-01, ...,
          0.00000000e+00, -2.30268790e-01, -2.30752494e-01],
        [ 1.25034626e-01,  1.41302839e-01,  8.33677695e-02, ...,
          2.30268790e-01,  0.00000000e+00, -4.97090630e-04],
        [ 1.25527800e-01,  1.41794925e-01,  8.38631194e-02, ...,
          2.30752494e-01,  4.97090630e-04,  0.00000000e+00]],

       [[ 0.00000000e+00, -1.55306699e-01, -3.92406147e-01, ...,
          9.98743003e-01,  9.80240411e-01,  9.59084538e-01],
        [ 1.55306699e-01,  0.00000000e+00, -2.44794942e-01, ...,
          9.94409148e-01,  9.99067664e-01,  9.91417704e-01],
        [ 3.92406147e-01,  2.44794942e-01,  0.00000000e+00, ...,
          9.38304836e-01,  9.79239139e-01,  9.93256303e-01],
        ...,
        [-9.98743003e-01, -9.94409148e-01, -9.38304836e-01, ...,
          0.00000000e+00, -1.48427644e-01, -2.34690825e-01],
        [-9.80240411e-01, -9.99067664e-01, -9.79239139e-01, ...,
          1.48427644e-01,  0.00000000e+00, -8.78091484e-02],
        [-9.59084538e-01, -9.91417704e-01, -9.93256303e-01, ...,
          2.34690825e-01,  8.78091484e-02,  0.00000000e+00]],

       ...,

       [[ 0.00000000e+00, -3.49907008e-01, -5.30842067e-01, ...,
         -1.19893004e-01, -2.12269999e-01, -2.61082097e-01],
        [ 3.49907008e-01,  0.00000000e+00, -2.00748628e-01, ...,
          2.35069165e-01,  1.43081765e-01,  9.31933974e-02],
        [ 5.30842067e-01,  2.00748628e-01,  0.00000000e+00, ...,
          4.25407191e-01,  3.38852118e-01,  2.91171215e-01],
        ...,
        [ 1.19893004e-01, -2.35069165e-01, -4.25407191e-01, ...,
          0.00000000e+00, -9.35780878e-02, -1.43464158e-01],
        [ 2.12269999e-01, -1.43081765e-01, -3.38852118e-01, ...,
          9.35780878e-02,  0.00000000e+00, -5.02245583e-02],
        [ 2.61082097e-01, -9.31933974e-02, -2.91171215e-01, ...,
          1.43464158e-01,  5.02245583e-02,  0.00000000e+00]],

       [[ 0.00000000e+00, -2.94107034e-02,  1.34198965e-02, ...,
          9.64686025e-01,  9.50358481e-01,  9.54775765e-01],
        [ 2.94107034e-02,  0.00000000e+00,  4.28221462e-02, ...,
          9.56521860e-01,  9.40796017e-01,  9.45618149e-01],
        [-1.34198965e-02, -4.28221462e-02,  0.00000000e+00, ...,
          9.68133988e-01,  9.54448597e-01,  9.58679882e-01],
        ...,
        [-9.64686025e-01, -9.56521860e-01, -9.68133988e-01, ...,
          0.00000000e+00,  4.98421378e-02,  3.53367121e-02],
        [-9.50358481e-01, -9.40796017e-01, -9.54448597e-01, ...,
         -4.98421378e-02,  0.00000000e+00, -1.45182172e-02],
        [-9.54775765e-01, -9.45618149e-01, -9.58679882e-01, ...,
         -3.53367121e-02,  1.45182172e-02,  0.00000000e+00]],

       [[ 0.00000000e+00,  7.01102432e-02, -1.55929619e-02, ...,
          9.97776444e-01,  9.90344804e-01,  8.29134455e-01],
        [-7.01102432e-02,  0.00000000e+00, -8.56563108e-02, ...,
          9.90648346e-01,  9.97626915e-01,  8.66289240e-01],
        [ 1.55929619e-02,  8.56563108e-02,  0.00000000e+00, ...,
          9.98694401e-01,  9.88062810e-01,  8.20316417e-01],
        ...,
        [-9.97776444e-01, -9.90648346e-01, -9.98694401e-01, ...,
          0.00000000e+00,  2.04323840e-01,  6.13067639e-01],
        [-9.90344804e-01, -9.97626915e-01, -9.88062810e-01, ...,
         -2.04323840e-01,  0.00000000e+00,  4.38711916e-01],
        [-8.29134455e-01, -8.66289240e-01, -8.20316417e-01, ...,
         -6.13067639e-01, -4.38711916e-01,  0.00000000e+00]]]), 'num': array([ 7.07018869e-01,  7.07018869e-01,  0.00000000e+00,  0.00000000e+00,
        4.52606419e-03,  4.53559274e-03,  4.48794996e-03,  9.25619193e-03,
       -6.66998933e-05,  4.61563261e-03,  4.55893771e-03,  4.24163678e-03,
        9.61141319e-07,  4.79485175e-03,  4.32302366e-03])}
{'img': array([[[ 0.00000000e+00, -7.29284551e-01,  2.84867659e-02, ...,
          9.99640453e-01,  9.97968332e-01,  9.68767260e-01],
        [ 7.29284551e-01,  0.00000000e+00,  7.48479530e-01, ...,
          6.64409846e-01,  7.29284551e-01,  8.43682733e-01],
        [-2.84867659e-02, -7.48479530e-01,  0.00000000e+00, ...,
          9.99998599e-01,  9.95748380e-01,  9.61310192e-01],
        ...,
        [-9.99640453e-01, -6.64409846e-01, -9.99998599e-01, ...,
          0.00000000e+00, -9.04480328e-02, -2.73858652e-01],
        [-9.97968332e-01, -7.29284551e-01, -9.95748380e-01, ...,
          9.04480328e-02,  0.00000000e+00, -1.85745953e-01],
        [-9.68767260e-01, -8.43682733e-01, -9.61310192e-01, ...,
          2.73858652e-01,  1.85745953e-01,  0.00000000e+00]],

       [[ 0.00000000e+00, -5.82796506e-02, -1.74337540e-01, ...,
         -1.41302839e-01, -1.41794925e-01,  3.38384165e-02],
        [ 5.82796506e-02,  0.00000000e+00, -1.16654064e-01, ...,
         -8.33677695e-02, -8.38631194e-02,  9.20271761e-02],
        [ 1.74337540e-01,  1.16654064e-01,  0.00000000e+00, ...,
          3.34493886e-02,  3.29525720e-02,  2.07557913e-01],
        ...,
        [ 1.41302839e-01,  8.33677695e-02, -3.34493886e-02, ...,
          0.00000000e+00, -4.97090630e-04,  1.74720814e-01],
        [ 1.41794925e-01,  8.38631194e-02, -3.29525720e-02, ...,
          4.97090630e-04,  0.00000000e+00,  1.75210236e-01],
        [-3.38384165e-02, -9.20271761e-02, -2.07557913e-01, ...,
         -1.74720814e-01, -1.75210236e-01,  0.00000000e+00]],

       [[ 0.00000000e+00, -2.44794942e-01, -3.97702588e-01, ...,
          9.99067664e-01,  9.91417704e-01,  9.76698020e-01],
        [ 2.44794942e-01,  0.00000000e+00, -1.60999555e-01, ...,
          9.79239139e-01,  9.93256303e-01,  9.99519313e-01],
        [ 3.97702588e-01,  1.60999555e-01,  0.00000000e+00, ...,
          9.33828486e-01,  9.61632584e-01,  9.81488704e-01],
        ...,
        [-9.99067664e-01, -9.79239139e-01, -9.33828486e-01, ...,
          0.00000000e+00, -8.78091484e-02, -1.72252320e-01],
        [-9.91417704e-01, -9.93256303e-01, -9.61632584e-01, ...,
          8.78091484e-02,  0.00000000e+00, -8.50903110e-02],
        [-9.76698020e-01, -9.99519313e-01, -9.81488704e-01, ...,
          1.72252320e-01,  8.50903110e-02,  0.00000000e+00]],

       ...,

       [[ 0.00000000e+00, -2.00748628e-01,  9.23238984e-02, ...,
          1.43081765e-01,  9.31933974e-02,  1.30630968e-01],
        [ 2.00748628e-01,  0.00000000e+00,  2.90335677e-01, ...,
          3.38852118e-01,  2.91171215e-01,  3.27000111e-01],
        [-9.23238984e-02, -2.90335677e-01,  0.00000000e+00, ...,
          5.10967010e-02,  8.73263956e-04,  3.85402667e-02],
        ...,
        [-1.43081765e-01, -3.38852118e-01, -5.10967010e-02, ...,
          0.00000000e+00, -5.02245583e-02, -1.25688167e-02],
        [-9.31933974e-02, -2.91171215e-01, -8.73263956e-04, ...,
          5.02245583e-02,  0.00000000e+00,  3.76676368e-02],
        [-1.30630968e-01, -3.27000111e-01, -3.85402667e-02, ...,
          1.25688167e-02, -3.76676368e-02,  0.00000000e+00]],

       [[ 0.00000000e+00,  4.28221462e-02,  4.28221462e-02, ...,
          9.40796017e-01,  9.45618149e-01,  9.99686422e-01],
        [-4.28221462e-02,  0.00000000e+00,  0.00000000e+00, ...,
          9.54448597e-01,  9.58679882e-01,  9.99841735e-01],
        [-4.28221462e-02,  0.00000000e+00,  0.00000000e+00, ...,
          9.54448597e-01,  9.58679882e-01,  9.99841735e-01],
        ...,
        [-9.40796017e-01, -9.54448597e-01, -9.54448597e-01, ...,
          0.00000000e+00, -1.45182172e-02, -3.15308363e-01],
        [-9.45618149e-01, -9.58679882e-01, -9.58679882e-01, ...,
          1.45182172e-02,  0.00000000e+00, -3.01497499e-01],
        [-9.99686422e-01, -9.99841735e-01, -9.99841735e-01, ...,
          3.15308363e-01,  3.01497499e-01,  0.00000000e+00]],

       [[ 0.00000000e+00, -7.98504213e-02, -7.98504213e-02, ...,
          9.78158002e-01,  9.97386065e-01,  8.34131135e-01],
        [ 7.98504213e-02,  0.00000000e+00,  0.00000000e+00, ...,
          9.91632532e-01,  9.99971000e-01,  7.87424844e-01],
        [ 7.98504213e-02,  0.00000000e+00,  0.00000000e+00, ...,
          9.91632532e-01,  9.99971000e-01,  7.87424844e-01],
        ...,
        [-9.78158002e-01, -9.91632532e-01, -9.91632532e-01, ...,
          0.00000000e+00,  1.36640895e-01,  7.12903663e-01],
        [-9.97386065e-01, -9.99971000e-01, -9.99971000e-01, ...,
         -1.36640895e-01,  0.00000000e+00,  6.10396022e-01],
        [-8.34131135e-01, -7.87424844e-01, -7.87424844e-01, ...,
         -7.12903663e-01, -6.10396022e-01,  0.00000000e+00]]]), 'num': array([7.07031004e-01, 7.07031004e-01, 0.00000000e+00, 0.00000000e+00,
       4.64048651e-03, 4.65001523e-03, 4.49755571e-03, 6.98986859e-03,
       1.14344637e-04, 4.59856014e-03, 4.57283260e-03, 4.25282643e-03,
       1.20182051e-06, 4.79334784e-03, 4.35231735e-03])}
{'img': array([[[ 0.00000000e+00,  7.48479530e-01,  6.64409846e-01, ...,
          7.29284551e-01,  8.43682733e-01,  6.13784410e-01],
        [-7.48479530e-01,  0.00000000e+00, -1.18781330e-01, ...,
          9.95748380e-01,  9.61310192e-01,  9.97940869e-01],
        [-6.64409846e-01,  1.18781330e-01,  0.00000000e+00, ...,
          9.99640453e-01,  9.87225012e-01,  9.83257174e-01],
        ...,
        [-7.29284551e-01, -9.95748380e-01, -9.99640453e-01, ...,
          0.00000000e+00, -1.85745953e-01,  1.55793207e-01],
        [-8.43682733e-01, -9.61310192e-01, -9.87225012e-01, ...,
          1.85745953e-01,  0.00000000e+00,  3.36560001e-01],
        [-6.13784410e-01, -9.97940869e-01, -9.83257174e-01, ...,
         -1.55793207e-01, -3.36560001e-01,  0.00000000e+00]],

       [[ 0.00000000e+00, -1.16654064e-01, -1.32436850e-01, ...,
         -8.38631194e-02,  9.20271761e-02, -8.96019400e-02],
        [ 1.16654064e-01,  0.00000000e+00, -1.59061409e-02, ...,
          3.29525720e-02,  2.07557913e-01,  2.71946491e-02],
        [ 1.32436850e-01,  1.59061409e-02,  0.00000000e+00, ...,
          4.88459058e-02,  2.23091403e-01,  4.30914668e-02],
        ...,
        [ 8.38631194e-02, -3.29525720e-02, -4.88459058e-02, ...,
          0.00000000e+00,  1.75210236e-01, -5.76050463e-03],
        [-9.20271761e-02, -2.07557913e-01, -2.23091403e-01, ...,
         -1.75210236e-01,  0.00000000e+00, -1.80878725e-01],
        [ 8.96019400e-02, -2.71946491e-02, -4.30914668e-02, ...,
          5.76050463e-03,  1.80878725e-01,  0.00000000e+00]],

       [[ 0.00000000e+00, -1.60999555e-01, -3.53103248e-01, ...,
          9.93256303e-01,  9.99519313e-01,  9.99270526e-01],
        [ 1.60999555e-01,  0.00000000e+00, -1.97868166e-01, ...,
          9.61632584e-01,  9.81488704e-01,  9.92382968e-01],
        [ 3.53103248e-01,  1.97868166e-01,  0.00000000e+00, ...,
          8.88336526e-01,  9.24187621e-01,  9.48386613e-01],
        ...,
        [-9.93256303e-01, -9.61632584e-01, -8.88336526e-01, ...,
          0.00000000e+00, -8.50903110e-02, -1.53786389e-01],
        [-9.99519313e-01, -9.81488704e-01, -9.24187621e-01, ...,
          8.50903110e-02,  0.00000000e+00, -6.91505569e-02],
        [-9.99270526e-01, -9.92382968e-01, -9.48386613e-01, ...,
          1.53786389e-01,  6.91505569e-02,  0.00000000e+00]],

       ...,

       [[ 0.00000000e+00,  2.90335677e-01,  1.90259019e-01, ...,
          2.91171215e-01,  3.27000111e-01,  6.57686720e-01],
        [-2.90335677e-01,  0.00000000e+00, -1.02968799e-01, ...,
          8.73263956e-04,  3.85402667e-02,  4.10649359e-01],
        [-1.90259019e-01,  1.02968799e-01,  0.00000000e+00, ...,
          1.03837382e-01,  1.41227707e-01,  5.02352853e-01],
        ...,
        [-2.91171215e-01, -8.73263956e-04, -1.03837382e-01, ...,
          0.00000000e+00,  3.76676368e-02,  4.09852966e-01],
        [-3.27000111e-01, -3.85402667e-02, -1.41227707e-01, ...,
         -3.76676368e-02,  0.00000000e+00,  3.75203507e-01],
        [-6.57686720e-01, -4.10649359e-01, -5.02352853e-01, ...,
         -4.09852966e-01, -3.75203507e-01,  0.00000000e+00]],

       [[ 0.00000000e+00,  0.00000000e+00,  1.27377099e-02, ...,
          9.58679882e-01,  9.99841735e-01,  9.99581466e-01],
        [ 0.00000000e+00,  0.00000000e+00,  1.27377099e-02, ...,
          9.58679882e-01,  9.99841735e-01,  9.99581466e-01],
        [-1.27377099e-02, -1.27377099e-02,  0.00000000e+00, ...,
          9.62225820e-01,  9.99534009e-01,  9.99131881e-01],
        ...,
        [-9.58679882e-01, -9.58679882e-01, -9.62225820e-01, ...,
          0.00000000e+00, -3.01497499e-01, -3.12101749e-01],
        [-9.99841735e-01, -9.99841735e-01, -9.99534009e-01, ...,
          3.01497499e-01,  0.00000000e+00, -1.11414067e-02],
        [-9.99581466e-01, -9.99581466e-01, -9.99131881e-01, ...,
          3.12101749e-01,  1.11414067e-02,  0.00000000e+00]],

       [[ 0.00000000e+00,  0.00000000e+00, -4.95759614e-02, ...,
          9.95475527e-01,  9.67883511e-01,  7.73261527e-01],
        [ 0.00000000e+00,  0.00000000e+00, -4.95759614e-02, ...,
          9.95475527e-01,  9.67883511e-01,  7.73261527e-01],
        [ 4.95759614e-02,  4.95759614e-02,  0.00000000e+00, ...,
          9.98962070e-01,  9.54230007e-01,  7.40875207e-01],
        ...,
        [-9.95475527e-01, -9.95475527e-01, -9.98962070e-01, ...,
          0.00000000e+00,  3.42228288e-01,  7.04692301e-01],
        [-9.67883511e-01, -9.67883511e-01, -9.54230007e-01, ...,
         -3.42228288e-01,  0.00000000e+00,  4.19325317e-01],
        [-7.73261527e-01, -7.73261527e-01, -7.40875207e-01, ...,
         -7.04692301e-01, -4.19325317e-01,  0.00000000e+00]]]), 'num': array([ 7.61816301e-01,  6.47615420e-01,  4.72881494e-07, -4.40572820e-11,
        4.96525568e-03,  5.03721591e-03,  4.93441559e-03,  6.06690508e-03,
       -4.11201299e-05,  4.95908766e-03,  4.93698559e-03,  4.60202787e-03,
        1.22249035e-06,  5.17452999e-03,  4.69944120e-03])}
{'img': array([[[ 0.        , -0.14074421, -0.26678341, ...,  0.97996218,
          0.98850758,  0.99977064],
        [ 0.14074421,  0.        , -0.1284847 , ...,  0.99824157,
          0.95739148,  0.98680466],
        [ 0.26678341,  0.1284847 ,  0.        , ...,  0.99758382,
          0.91235062,  0.95782189],
        ...,
        [-0.97996218, -0.99824157, -0.99758382, ...,  0.        ,
          0.34503669,  0.22012533],
        [-0.98850758, -0.95739148, -0.91235062, ..., -0.34503669,
          0.        , -0.12996624],
        [-0.99977064, -0.98680466, -0.95782189, ..., -0.22012533,
          0.12996624,  0.        ]],

       [[ 0.        , -0.01590614, -0.20092035, ...,  0.20755791,
          0.02719465, -0.11389815],
        [ 0.01590614,  0.        , -0.18531315, ...,  0.2230914 ,
          0.04309147, -0.09808111],
        [ 0.20092035,  0.18531315,  0.        , ...,  0.39987016,
          0.22748612,  0.08803736],
        ...,
        [-0.20755791, -0.2230914 , -0.39987016, ...,  0.        ,
         -0.18087872, -0.31762497],
        [-0.02719465, -0.04309147, -0.22748612, ...,  0.18087872,
          0.        , -0.1408737 ],
        [ 0.11389815,  0.09808111, -0.08803736, ...,  0.31762497,
          0.1408737 ,  0.        ]],

       [[ 0.        , -0.19786817, -0.41711743, ...,  0.9814887 ,
          0.99238297,  0.99326154],
        [ 0.19786817,  0.        , -0.22903746, ...,  0.92418762,
          0.94838661,  0.95069159],
        [ 0.41711743,  0.22903746,  0.        , ...,  0.81214221,
          0.85054469,  0.85438675],
        ...,
        [-0.9814887 , -0.92418762, -0.81214221, ...,  0.        ,
         -0.06915056, -0.07648043],
        [-0.99238297, -0.94838661, -0.85054469, ...,  0.06915056,
          0.        , -0.00734933],
        [-0.99326154, -0.95069159, -0.85438675, ...,  0.07648043,
          0.00734933,  0.        ]],

       ...,

       [[ 0.        , -0.1029688 , -0.25666147, ...,  0.03854027,
          0.41064936,  0.30423872],
        [ 0.1029688 ,  0.        , -0.15577772, ...,  0.14122771,
          0.50235285,  0.40070921],
        [ 0.25666147,  0.15577772,  0.        , ...,  0.29372   ,
          0.63091538,  0.53854178],
        ...,
        [-0.03854027, -0.14122771, -0.29372   , ...,  0.        ,
          0.37520351,  0.26729939],
        [-0.41064936, -0.50235285, -0.63091538, ..., -0.37520351,
          0.        , -0.11378002],
        [-0.30423872, -0.40070921, -0.53854178, ..., -0.26729939,
          0.11378002,  0.        ]],

       [[ 0.        ,  0.01273771,  0.03013898, ...,  0.99984174,
          0.99958147,  0.9999708 ],
        [-0.01273771,  0.        ,  0.01740461, ...,  0.99953401,
          0.99913188,  0.99979234],
        [-0.03013898, -0.01740461,  0.        , ...,  0.99885133,
          0.99825548,  0.99928623],
        ...,
        [-0.99984174, -0.99953401, -0.99885133, ...,  0.        ,
         -0.01114141,  0.01014986],
        [-0.99958147, -0.99913188, -0.99825548, ...,  0.01114141,
          0.        ,  0.02129006],
        [-0.9999708 , -0.99979234, -0.99928623, ..., -0.01014986,
         -0.02129006,  0.        ]],

       [[ 0.        , -0.04940356, -0.13239281, ...,  0.97334882,
          0.85886148,  0.77153154],
        [ 0.04940356,  0.        , -0.08326246, ...,  0.96083056,
          0.83250783,  0.73915932],
        [ 0.13239281,  0.08326246,  0.        , ...,  0.93441915,
          0.78348856,  0.68051288],
        ...,
        [-0.97334882, -0.96083056, -0.93441915, ...,  0.        ,
          0.30159459,  0.44230079],
        [-0.85886148, -0.83250783, -0.78348856, ..., -0.30159459,
          0.        ,  0.15121544],
        [-0.77153154, -0.73915932, -0.68051288, ..., -0.44230079,
         -0.15121544,  0.        ]]]), 'num': array([ 7.51472586e-01,  6.59593497e-01,  3.86046592e-07, -2.64964111e-09,
        4.83574152e-03,  4.87637800e-03,  4.76462767e-03,  6.27199739e-03,
       -7.11138459e-05,  4.88247348e-03,  4.87993369e-03,  4.55772025e-03,
        1.20811167e-06,  5.11375023e-03,  4.64611716e-03])}
{'img': array([[[ 0.00000000e+00, -1.28484698e-01, -8.25864341e-02, ...,
          9.57391484e-01,  9.86804665e-01,  9.99440913e-01],
        [ 1.28484698e-01,  0.00000000e+00,  4.61438665e-02, ...,
          9.12350622e-01,  9.57821891e-01,  9.95452850e-01],
        [ 8.25864341e-02, -4.61438665e-02,  0.00000000e+00, ...,
          9.30270539e-01,  9.70061642e-01,  9.98787959e-01],
        ...,
        [-9.57391484e-01, -9.12350622e-01, -9.30270539e-01, ...,
          0.00000000e+00, -1.29966236e-01, -3.20641628e-01],
        [-9.86804665e-01, -9.57821891e-01, -9.70061642e-01, ...,
          1.29966236e-01,  0.00000000e+00, -1.94817986e-01],
        [-9.99440913e-01, -9.95452850e-01, -9.98787959e-01, ...,
          3.20641628e-01,  1.94817986e-01,  0.00000000e+00]],

       [[ 0.00000000e+00, -1.85313154e-01, -2.36940597e-01, ...,
          4.30914668e-02, -9.80811085e-02, -6.81974226e-02],
        [ 1.85313154e-01,  0.00000000e+00, -5.28004691e-02, ...,
          2.27486124e-01,  8.80373559e-02,  1.17865506e-01],
        [ 2.36940597e-01,  5.28004691e-02,  0.00000000e+00, ...,
          2.78584910e-01,  1.40510005e-01,  1.70133520e-01],
        ...,
        [-4.30914668e-02, -2.27486124e-01, -2.78584910e-01, ...,
          0.00000000e+00, -1.40873702e-01, -1.11125219e-01],
        [ 9.80811085e-02, -8.80373559e-02, -1.40510005e-01, ...,
          1.40873702e-01,  0.00000000e+00,  2.99841569e-02],
        [ 6.81974226e-02, -1.17865506e-01, -1.70133520e-01, ...,
          1.11125219e-01, -2.99841569e-02,  0.00000000e+00]],

       [[ 0.00000000e+00, -2.29037458e-01, -3.24526355e-01, ...,
          9.48386613e-01,  9.50691594e-01,  9.68490824e-01],
        [ 2.29037458e-01,  0.00000000e+00, -9.92584841e-02, ...,
          8.50544688e-01,  8.54386751e-01,  8.85704418e-01],
        [ 3.24526355e-01,  9.92584841e-02,  0.00000000e+00, ...,
          7.94144117e-01,  7.98589074e-01,  8.35249818e-01],
        ...,
        [-9.48386613e-01, -8.50544688e-01, -7.94144117e-01, ...,
          0.00000000e+00, -7.34933023e-03, -7.09293897e-02],
        [-9.50691594e-01, -8.54386751e-01, -7.98589074e-01, ...,
          7.34933023e-03,  0.00000000e+00, -6.35966544e-02],
        [-9.68490824e-01, -8.85704418e-01, -8.35249818e-01, ...,
          7.09293897e-02,  6.35966544e-02,  0.00000000e+00]],

       ...,

       [[ 0.00000000e+00, -1.55777718e-01, -4.67490692e-01, ...,
          5.02352853e-01,  4.00709212e-01,  4.00709212e-01],
        [ 1.55777718e-01,  0.00000000e+00, -3.24076439e-01, ...,
          6.30915382e-01,  5.38541777e-01,  5.38541777e-01],
        [ 4.67490692e-01,  3.24076439e-01,  0.00000000e+00, ...,
          8.48300685e-01,  7.82543583e-01,  7.82543583e-01],
        ...,
        [-5.02352853e-01, -6.30915382e-01, -8.48300685e-01, ...,
          0.00000000e+00, -1.13780024e-01, -1.13780024e-01],
        [-4.00709212e-01, -5.38541777e-01, -7.82543583e-01, ...,
          1.13780024e-01,  0.00000000e+00,  0.00000000e+00],
        [-4.00709212e-01, -5.38541777e-01, -7.82543583e-01, ...,
          1.13780024e-01,  0.00000000e+00,  0.00000000e+00]],

       [[ 0.00000000e+00,  1.74046149e-02,  2.66958678e-02, ...,
          9.99131881e-01,  9.99792344e-01,  9.99803528e-01],
        [-1.74046149e-02,  0.00000000e+00,  9.29341211e-03, ...,
          9.98255479e-01,  9.99286231e-01,  9.99307094e-01],
        [-2.66958678e-02, -9.29341211e-03,  0.00000000e+00, ...,
          9.97663665e-01,  9.98892008e-01,  9.98918038e-01],
        ...,
        [-9.99131881e-01, -9.98255479e-01, -9.97663665e-01, ...,
          0.00000000e+00,  2.12900587e-02,  2.18463169e-02],
        [-9.99792344e-01, -9.99286231e-01, -9.98892008e-01, ...,
         -2.12900587e-02,  0.00000000e+00,  5.56387522e-04],
        [-9.99803528e-01, -9.99307094e-01, -9.98918038e-01, ...,
         -2.18463169e-02, -5.56387522e-04,  0.00000000e+00]],

       [[ 0.00000000e+00, -8.31229658e-02, -1.16836307e-01, ...,
          8.50121943e-01,  8.06114602e-01,  7.38307595e-01],
        [ 8.31229658e-02,  0.00000000e+00, -3.38782989e-02, ...,
          8.03408544e-01,  7.54136079e-01,  6.79689071e-01],
        [ 1.16836307e-01,  3.38782989e-02,  0.00000000e+00, ...,
          7.82775267e-01,  7.31454684e-01,  6.54449162e-01],
        ...,
        [-8.50121943e-01, -8.03408544e-01, -7.82775267e-01, ...,
          0.00000000e+00,  7.85791318e-02,  1.84594427e-01],
        [-8.06114602e-01, -7.54136079e-01, -7.31454684e-01, ...,
         -7.85791318e-02,  0.00000000e+00,  1.06794907e-01],
        [-7.38307595e-01, -6.79689071e-01, -6.54449162e-01, ...,
         -1.84594427e-01, -1.06794907e-01,  0.00000000e+00]]]), 'num': array([ 7.13949636e-01,  7.00050877e-01,  5.79114941e-08, -6.30277899e-09,
        4.63291953e-03,  4.67152719e-03,  4.60396378e-03,  5.94415158e-03,
        3.86076628e-05,  4.63484991e-03,  4.63484991e-03,  4.34078822e-03,
        1.05293626e-06,  4.85668445e-03,  4.41301538e-03])}
{'img': array([[[ 0.00000000e+00,  4.61438665e-02,  8.87428165e-02, ...,
          9.57821891e-01,  9.95452850e-01,  9.79328368e-01],
        [-4.61438665e-02,  0.00000000e+00,  4.26864788e-02, ...,
          9.70061642e-01,  9.98787959e-01,  9.87619031e-01],
        [-8.87428165e-02, -4.26864788e-02,  0.00000000e+00, ...,
          9.79544235e-01,  9.99978611e-01,  9.93415122e-01],
        ...,
        [-9.57821891e-01, -9.70061642e-01, -9.79544235e-01, ...,
          0.00000000e+00, -1.94817986e-01, -8.76770296e-02],
        [-9.95452850e-01, -9.98787959e-01, -9.99978611e-01, ...,
          1.94817986e-01,  0.00000000e+00,  1.08070647e-01],
        [-9.79328368e-01, -9.87619031e-01, -9.93415122e-01, ...,
          8.76770296e-02, -1.08070647e-01,  0.00000000e+00]],

       [[ 0.00000000e+00, -5.28004691e-02, -7.02016454e-02, ...,
          8.80373559e-02,  1.17865506e-01,  1.16247119e-01],
        [ 5.28004691e-02,  0.00000000e+00, -1.74335190e-02, ...,
          1.40510005e-01,  1.70133520e-01,  1.68527463e-01],
        [ 7.02016454e-02,  1.74335190e-02,  0.00000000e+00, ...,
          1.57749217e-01,  1.87287020e-01,  1.85686018e-01],
        ...,
        [-8.80373559e-02, -1.40510005e-01, -1.57749217e-01, ...,
          0.00000000e+00,  2.99841569e-02,  2.83552608e-02],
        [-1.17865506e-01, -1.70133520e-01, -1.87287020e-01, ...,
         -2.99841569e-02,  0.00000000e+00, -1.62958899e-03],
        [-1.16247119e-01, -1.68527463e-01, -1.85686018e-01, ...,
         -2.83552608e-02,  1.62958899e-03,  0.00000000e+00]],

       [[ 0.00000000e+00, -9.92584841e-02,  8.72831641e-02, ...,
          8.54386751e-01,  8.85704418e-01,  8.91934629e-01],
        [ 9.92584841e-02,  0.00000000e+00,  1.85731800e-01, ...,
          7.98589074e-01,  8.35249818e-01,  8.42648823e-01],
        [-8.72831641e-02, -1.85731800e-01,  0.00000000e+00, ...,
          8.96481638e-01,  9.22845338e-01,  9.27996934e-01],
        ...,
        [-8.54386751e-01, -7.98589074e-01, -8.96481638e-01, ...,
          0.00000000e+00, -6.35966544e-02, -7.71595594e-02],
        [-8.85704418e-01, -8.35249818e-01, -9.22845338e-01, ...,
          6.35966544e-02,  0.00000000e+00, -1.35963067e-02],
        [-8.91934629e-01, -8.42648823e-01, -9.27996934e-01, ...,
          7.71595594e-02,  1.35963067e-02,  0.00000000e+00]],

       ...,

       [[ 0.00000000e+00, -3.24076439e-01, -3.24076439e-01, ...,
          5.38541777e-01,  5.38541777e-01,  4.07470458e-01],
        [ 3.24076439e-01,  0.00000000e+00,  0.00000000e+00, ...,
          7.82543583e-01,  7.82543583e-01,  6.81432207e-01],
        [ 3.24076439e-01,  0.00000000e+00,  0.00000000e+00, ...,
          7.82543583e-01,  7.82543583e-01,  6.81432207e-01],
        ...,
        [-5.38541777e-01, -7.82543583e-01, -7.82543583e-01, ...,
          0.00000000e+00,  0.00000000e+00, -1.48472132e-01],
        [-5.38541777e-01, -7.82543583e-01, -7.82543583e-01, ...,
          0.00000000e+00,  0.00000000e+00, -1.48472132e-01],
        [-4.07470458e-01, -6.81432207e-01, -6.81432207e-01, ...,
          1.48472132e-01,  1.48472132e-01,  0.00000000e+00]],

       [[ 0.00000000e+00,  9.29341211e-03,  1.82412746e-02, ...,
          9.99286231e-01,  9.99307094e-01,  9.98768500e-01],
        [-9.29341211e-03,  0.00000000e+00,  8.94862100e-03, ...,
          9.98892008e-01,  9.98918038e-01,  9.98264291e-01],
        [-1.82412746e-02, -8.94862100e-03,  0.00000000e+00, ...,
          9.98430880e-01,  9.98461882e-01,  9.97697308e-01],
        ...,
        [-9.99286231e-01, -9.98892008e-01, -9.98430880e-01, ...,
          0.00000000e+00,  5.56387522e-04, -1.18484045e-02],
        [-9.99307094e-01, -9.98918038e-01, -9.98461882e-01, ...,
         -5.56387522e-04,  0.00000000e+00, -1.24047512e-02],
        [-9.98768500e-01, -9.98264291e-01, -9.97697308e-01, ...,
          1.18484045e-02,  1.24047512e-02,  0.00000000e+00]],

       [[ 0.00000000e+00, -3.38782989e-02, -9.76001754e-02, ...,
          7.54136079e-01,  6.79689071e-01,  7.38765128e-01],
        [ 3.38782989e-02,  0.00000000e+00, -6.38275956e-02, ...,
          7.31454684e-01,  6.54449162e-01,  7.15508333e-01],
        [ 9.76001754e-02,  6.38275956e-02,  0.00000000e+00, ...,
          6.86439802e-01,  6.04854273e-01,  6.69459142e-01],
        ...,
        [-7.54136079e-01, -7.31454684e-01, -6.86439802e-01, ...,
          0.00000000e+00,  1.06794907e-01,  2.30992981e-02],
        [-6.79689071e-01, -6.54449162e-01, -6.04854273e-01, ...,
         -1.06794907e-01,  0.00000000e+00, -8.37992162e-02],
        [-7.38765128e-01, -7.15508333e-01, -6.69459142e-01, ...,
         -2.30992981e-02,  8.37992162e-02,  0.00000000e+00]]]), 'num': array([ 7.14038347e-01,  6.99967530e-01,  5.79045992e-08, -5.98987441e-09,
        4.69027254e-03,  4.70957407e-03,  4.65166947e-03,  4.86859940e-03,
        5.79045992e-05,  4.65552978e-03,  4.63526317e-03,  4.35233486e-03,
        9.86056581e-07,  4.85786767e-03,  4.41265866e-03])}
{'img': array([[[ 0.00000000e+00,  4.26864788e-02, -4.61438665e-02, ...,
          9.98787959e-01,  9.87619031e-01,  9.42339841e-01],
        [-4.26864788e-02,  0.00000000e+00, -8.87428165e-02, ...,
          9.99978611e-01,  9.93415122e-01,  9.55766264e-01],
        [ 4.61438665e-02,  8.87428165e-02,  0.00000000e+00, ...,
