state_0,state_1,state_2,state_3,state_4,state_5,state_6,state_7,state_8,state_9,state_10,state_11,state_12,state_13,state_14,state_15,state_16,state_17,state_18,state_19,state_20,state_21,state_22,state_23,state_24,state_25,state_26,state_27,state_28,state_29,state_30,state_31,state_32,state_33,state_34,state_35,state_36,state_37,state_38,state_39,state_40,state_41,state_42,state_43,state_44,state_45,state_46,state_47,state_48,state_49,state_50,state_51,state_52,state_53,state_54,state_55,state_56,state_57,state_58,state_59,state_60,state_61,state_62,state_63,state_64,state_65,state_66,state_67,state_68,state_69,state_70,state_71,state_72,state_73,state_74,state_75,state_76,state_77,state_78,state_79,state_80,state_81,state_82,state_83,state_84,state_85,state_86,state_87,state_88,state_89,state_90,state_91,state_92,state_93,state_94,state_95,state_96,state_97,state_98,state_99,state_100,state_101,state_102,state_103,state_104,state_105,state_106,state_107,state_108,state_109,state_110,state_111,state_112,state_113,state_114,state_115,state_116,state_117,state_118,state_119,state_120,state_121,state_122,state_123,state_124,state_125,state_126,state_127,state_128,state_129,state_130,state_131,state_132,state_133,state_134,state_135,state_136,state_137,state_138,state_139,state_140,state_141,state_142,state_143,state_144,state_145,state_146,state_147,state_148,state_149,state_150,state_151,state_152,state_153,state_154,state_155,state_156,state_157,state_158,state_159,state_160,state_161,state_162,state_163,state_164,state_165,state_166,state_167,state_168,state_169,state_170,state_171,state_172,state_173,state_174,state_175,state_176,state_177,state_178,state_179,state_180,state_181,state_182,state_183,state_184,state_185,state_186,state_187,state_188,state_189,state_190,state_191,state_192,state_193,state_194,state_195,state_196,state_197,state_198,state_199,state_200,state_201,state_202,state_203,state_204,state_205,state_206,state_207,state_208,state_209,state_210,state_211,state_212,state_213,state_214,state_215,state_216,state_217,state_218,state_219,state_220,state_221,state_222,state_223,state_224,state_225,state_226,state_227,state_228,state_229,state_230,state_231,state_232,state_233,state_234,state_235,state_236,state_237,state_238,state_239,state_240,state_241,state_242,state_243,state_244,state_245,state_246,state_247,state_248,state_249,state_250,state_251,state_252,state_253,state_254,state_255,state_256,state_257,state_258,state_259,state_260,state_261,state_262,state_263,state_264,state_265,state_266,state_267,state_268,state_269,state_270,state_271,state_272,state_273,state_274,state_275,state_276,state_277,state_278,state_279,state_280,state_281,state_282,state_283,state_284,state_285,state_286,state_287
{'img': array([[[ 0.        ,  0.43756461,  0.53518116, ..., -0.77364115,
         -0.68976382, -0.59424157],
        [-0.43756461,  0.        ,  0.11160077, ..., -0.97289948,
         -0.93703849, -0.88626164],
        [-0.53518116, -0.11160077,  0.        , ..., -0.99262717,
         -0.97015883, -0.93241707],
        ...,
        [ 0.77364115,  0.97289948,  0.99262717, ...,  0.        ,
          0.12309193,  0.2457035 ],
        [ 0.68976382,  0.93703849,  0.97015883, ..., -0.12309193,
          0.        ,  0.12451644],
        [ 0.59424157,  0.88626164,  0.93241707, ..., -0.2457035 ,
         -0.12451644,  0.        ]],

       [[ 0.        ,  0.68125188,  0.17645025, ..., -0.17318759,
         -0.12429444, -0.21145842],
        [-0.68125188,  0.        , -0.54139249, ..., -0.7977392 ,
         -0.76695866, -0.82064467],
        [-0.17645025,  0.54139249,  0.        , ..., -0.34425409,
         -0.29742615, -0.38060072],
        ...,
        [ 0.17318759,  0.7977392 ,  0.34425409, ...,  0.        ,
          0.04942838, -0.03899174],
        [ 0.12429444,  0.76695866,  0.29742615, ..., -0.04942838,
          0.        , -0.08833487],
        [ 0.21145842,  0.82064467,  0.38060072, ...,  0.03899174,
          0.08833487,  0.        ]],

       [[ 0.        ,  0.10292008,  0.22314204, ..., -0.68883792,
         -0.77852669, -0.88479189],
        [-0.10292008,  0.        ,  0.12163202, ..., -0.75978829,
         -0.83898625, -0.92805267],
        [-0.22314204, -0.12163202,  0.        , ..., -0.83322862,
         -0.89894338, -0.96646384],
        ...,
        [ 0.68883792,  0.75978829,  0.83322862, ...,  0.        ,
         -0.13204337, -0.32041015],
        [ 0.77852669,  0.83898625,  0.89894338, ...,  0.13204337,
          0.        , -0.19252272],
        [ 0.88479189,  0.92805267,  0.96646384, ...,  0.32041015,
          0.19252272,  0.        ]],

       ...,

       [[ 0.        ,  0.25147684,  0.26414193, ..., -0.61212839,
         -0.77554312, -0.59541191],
        [-0.25147684,  0.        ,  0.01310794, ..., -0.79131403,
         -0.90937571, -0.77831902],
        [-0.26414193, -0.01310794,  0.        , ..., -0.79926037,
         -0.91475017, -0.78648222],
        ...,
        [ 0.61212839,  0.79131403,  0.79926037, ...,  0.        ,
         -0.22683389,  0.02096959],
        [ 0.77554312,  0.90937571,  0.91475017, ...,  0.22683389,
          0.        ,  0.247207  ],
        [ 0.59541191,  0.77831902,  0.78648222, ..., -0.02096959,
         -0.247207  ,  0.        ]],

       [[ 0.        ,  0.08338936,  0.21060793, ..., -0.41528853,
         -0.58197311, -0.84176536],
        [-0.08338936,  0.        ,  0.1283554 , ..., -0.48970054,
         -0.64775902, -0.88385074],
        [-0.21060793, -0.1283554 ,  0.        , ..., -0.59756174,
         -0.74018787, -0.93658041],
        ...,
        [ 0.41528853,  0.48970054,  0.59756174, ...,  0.        ,
         -0.19169901, -0.54155448],
        [ 0.58197311,  0.64775902,  0.74018787, ...,  0.19169901,
          0.        , -0.37035591],
        [ 0.84176536,  0.88385074,  0.93658041, ...,  0.54155448,
          0.37035591,  0.        ]],

       [[ 0.        ,  0.05709709,  0.01692187, ..., -0.71100746,
         -0.66970068, -0.62560919],
        [-0.05709709,  0.        , -0.04019465, ..., -0.74999732,
         -0.71101022, -0.66913211],
        [-0.01692187,  0.04019465,  0.        , ..., -0.72280484,
         -0.68217149, -0.63872097],
        ...,
        [ 0.71100746,  0.74999732,  0.72280484, ...,  0.        ,
          0.05709316,  0.11476429],
        [ 0.66970068,  0.71101022,  0.68217149, ..., -0.05709316,
          0.        ,  0.05786116],
        [ 0.62560919,  0.66913211,  0.63872097, ..., -0.11476429,
         -0.05786116,  0.        ]]]), 'num': array([7.07106603e-01, 7.07106603e-01, 0.00000000e+00, 0.00000000e+00,
       6.59748424e-05, 6.65464067e-05, 6.55665823e-05, 6.83011089e-04,
       8.16520327e-08, 6.55829127e-05, 6.70199885e-05, 7.35793684e-05,
       2.72173442e-07, 6.99291852e-05, 6.41107917e-05])}
{'img': array([[[ 0.        ,  0.11160077,  0.05950302, ..., -0.93703849,
         -0.88626164, -0.87897876],
        [-0.11160077,  0.        , -0.05227172, ..., -0.97015883,
         -0.93241707, -0.92670594],
        [-0.05950302,  0.05227172,  0.        , ..., -0.95615818,
         -0.9122522 , -0.90579599],
        ...,
        [ 0.93703849,  0.97015883,  0.95615818, ...,  0.        ,
          0.12451644,  0.13987471],
        [ 0.88626164,  0.93241707,  0.9122522 , ..., -0.12451644,
          0.        ,  0.0154938 ],
        [ 0.87897876,  0.92670594,  0.90579599, ..., -0.13987471,
         -0.0154938 ,  0.        ]],

       [[ 0.        , -0.53981523, -0.72745475, ..., -0.7630341 ,
         -0.81481826, -0.90154275],
        [ 0.53981523,  0.        , -0.24196215, ..., -0.29339553,
         -0.3729608 , -0.52533117],
        [ 0.72745475,  0.24196215,  0.        , ..., -0.05336381,
         -0.13737465, -0.30383624],
        ...,
        [ 0.7630341 ,  0.29339553,  0.05336381, ...,  0.        ,
         -0.08432103, -0.25256232],
        [ 0.81481826,  0.3729608 ,  0.13737465, ...,  0.08432103,
          0.        , -0.17007546],
        [ 0.90154275,  0.52533117,  0.30383624, ...,  0.25256232,
          0.17007546,  0.        ]],

       [[ 0.        ,  0.12163202,  0.27744837, ..., -0.83898625,
         -0.92805267, -0.81231018],
        [-0.12163202,  0.        ,  0.15853157, ..., -0.89894338,
         -0.96646384, -0.87721791],
        [-0.27744837, -0.15853157,  0.        , ..., -0.95702237,
         -0.99495319, -0.94223434],
        ...,
        [ 0.83898625,  0.89894338,  0.95702237, ...,  0.        ,
         -0.19252272,  0.04729759],
        [ 0.92805267,  0.96646384,  0.99495319, ...,  0.19252272,
          0.        ,  0.23872003],
        [ 0.81231018,  0.87721791,  0.94223434, ..., -0.04729759,
         -0.23872003,  0.        ]],

       ...,

       [[ 0.        ,  0.01310794, -0.02910396, ..., -0.90937571,
         -0.77831902, -0.85117764],
        [-0.01310794,  0.        , -0.04220385, ..., -0.91475017,
         -0.78648222, -0.85798458],
        [ 0.02910396,  0.04220385,  0.        , ..., -0.89688395,
         -0.75971584, -0.83554106],
        ...,
        [ 0.90937571,  0.91475017,  0.89688395, ...,  0.        ,
          0.247207  ,  0.12324179],
        [ 0.77831902,  0.78648222,  0.75971584, ..., -0.247207  ,
          0.        , -0.12590576],
        [ 0.85117764,  0.85798458,  0.83554106, ..., -0.12324179,
          0.12590576,  0.        ]],

       [[ 0.        ,  0.1283554 ,  0.20626036, ..., -0.64775902,
         -0.88385074, -0.87872723],
        [-0.1283554 ,  0.        ,  0.07895883, ..., -0.74018787,
         -0.93658041, -0.93272575],
        [-0.20626036, -0.07895883,  0.        , ..., -0.79096884,
         -0.96132763, -0.95828516],
        ...,
        [ 0.64775902,  0.74018787,  0.79096884, ...,  0.        ,
         -0.37035591, -0.3602631 ],
        [ 0.88385074,  0.93658041,  0.96132763, ...,  0.37035591,
          0.        ,  0.01084202],
        [ 0.87872723,  0.93272575,  0.95828516, ...,  0.3602631 ,
         -0.01084202,  0.        ]],

       [[ 0.        , -0.04019465, -0.01334317, ..., -0.71101022,
         -0.66913211, -0.68824306],
        [ 0.04019465,  0.        ,  0.02685868, ..., -0.68217149,
         -0.63872097, -0.65852645],
        [ 0.01334317, -0.02685868,  0.        , ..., -0.70156425,
         -0.65915665, -0.67850159],
        ...,
        [ 0.71101022,  0.68217149,  0.70156425, ...,  0.        ,
          0.05786116,  0.03186391],
        [ 0.66913211,  0.63872097,  0.65915665, ..., -0.05786116,
          0.        , -0.02602125],
        [ 0.68824306,  0.65852645,  0.67850159, ..., -0.03186391,
          0.02602125,  0.        ]]]), 'num': array([ 9.99997446e-01,  2.83454659e-05,  1.25309411e-04, -1.66033968e-10,
        9.33155189e-05,  9.48356965e-05,  9.31985821e-05,  2.24008697e-03,
       -1.16936740e-06,  9.37364911e-05,  9.59758297e-05,  1.05124181e-04,
        3.80044406e-07,  1.00156788e-04,  9.17948711e-05])}
{'img': array([[[ 0.        , -0.05227172,  0.82546576, ..., -0.93241707,
         -0.92670594, -0.97985581],
        [ 0.05227172,  0.        ,  0.85384215, ..., -0.9122522 ,
         -0.90579599, -0.96807726],
        [-0.82546576, -0.85384215,  0.        , ..., -0.82461499,
         -0.83328076, -0.71793243],
        ...,
        [ 0.93241707,  0.9122522 ,  0.82461499, ...,  0.        ,
          0.0154938 , -0.16789471],
        [ 0.92670594,  0.90579599,  0.83328076, ..., -0.0154938 ,
          0.        , -0.18314842],
        [ 0.97985581,  0.96807726,  0.71793243, ...,  0.16789471,
          0.18314842,  0.        ]],

       [[ 0.        , -0.24196215,  0.52533117, ..., -0.3729608 ,
         -0.52533117, -0.29069858],
        [ 0.24196215,  0.        ,  0.30383624, ..., -0.13737465,
         -0.30383624, -0.05054773],
        [-0.52533117, -0.30383624,  0.        , ..., -0.17007546,
         -0.        , -0.25528978],
        ...,
        [ 0.3729608 ,  0.13737465,  0.17007546, ...,  0.        ,
         -0.17007546,  0.08713054],
        [ 0.52533117,  0.30383624,  0.        , ...,  0.17007546,
          0.        ,  0.25528978],
        [ 0.29069858,  0.05054773,  0.25528978, ..., -0.08713054,
         -0.25528978,  0.        ]],

       [[ 0.        ,  0.15853157,  0.4641218 , ..., -0.96646384,
         -0.87721791, -0.90691217],
        [-0.15853157,  0.        ,  0.31782974, ..., -0.99495319,
         -0.94223434, -0.96223576],
        [-0.4641218 , -0.31782974,  0.        , ..., -0.97525376,
         -0.99983589, -0.99886052],
        ...,
        [ 0.96646384,  0.99495319,  0.97525376, ...,  0.        ,
          0.23872003,  0.17429276],
        [ 0.87721791,  0.94223434,  0.99983589, ..., -0.23872003,
          0.        , -0.06581246],
        [ 0.90691217,  0.96223576,  0.99886052, ..., -0.17429276,
          0.06581246,  0.        ]],

       ...,

       [[ 0.        , -0.04220385,  0.47068941, ..., -0.78648222,
         -0.85798458, -0.87494069],
        [ 0.04220385,  0.        ,  0.50750645, ..., -0.75971584,
         -0.83554106, -0.85372476],
        [-0.47068941, -0.50750645,  0.        , ..., -0.98461632,
         -0.99878051, -0.99988125],
        ...,
        [ 0.78648222,  0.75971584,  0.98461632, ...,  0.        ,
         -0.12590576, -0.15953632],
        [ 0.85798458,  0.83554106,  0.99878051, ...,  0.12590576,
          0.        , -0.03397359],
        [ 0.87494069,  0.85372476,  0.99988125, ...,  0.15953632,
          0.03397359,  0.        ]],

       [[ 0.        ,  0.07895883,  0.45437572, ..., -0.93658041,
         -0.93272575, -0.92243523],
        [-0.07895883,  0.        ,  0.38261978, ..., -0.96132763,
         -0.95828516, -0.95004537],
        [-0.45437572, -0.38261978,  0.        , ..., -0.99355255,
         -0.99472334, -0.99717268],
        ...,
        [ 0.93658041,  0.96132763,  0.99355255, ...,  0.        ,
          0.01084202,  0.0383923 ],
        [ 0.93272575,  0.95828516,  0.99472334, ..., -0.01084202,
          0.        ,  0.02755601],
        [ 0.92243523,  0.95004537,  0.99717268, ..., -0.0383923 ,
         -0.02755601,  0.        ]],

       [[ 0.        ,  0.02685868, -0.37400281, ..., -0.63872097,
         -0.65852645, -0.66288774],
        [-0.02685868,  0.        , -0.39877737, ..., -0.65915665,
         -0.67850159, -0.6827582 ],
        [ 0.37400281,  0.39877737,  0.        , ..., -0.3045953 ,
         -0.32927694, -0.33475743],
        ...,
        [ 0.63872097,  0.65915665,  0.3045953 , ...,  0.        ,
         -0.02602125, -0.03182891],
        [ 0.65852645,  0.67850159,  0.32927694, ...,  0.02602125,
          0.        , -0.00581006],
        [ 0.66288774,  0.6827582 ,  0.33475743, ...,  0.03182891,
          0.00581006,  0.        ]]]), 'num': array([ 8.88579406e-01,  4.58720909e-01,  5.35315712e-05, -1.38482395e-08,
        8.32575086e-05,  8.37759240e-05,  8.19096287e-05,  1.30624084e-03,
        5.18415371e-07,  8.32782453e-05,  8.50615941e-05,  9.29691566e-05,
        3.70898802e-07,  8.88253897e-05,  8.12977986e-05])}
{'img': array([[[ 0.        ,  0.85384215,  0.99750244, ..., -0.90579599,
         -0.96807726, -0.93766921],
        [-0.85384215,  0.        ,  0.4589234 , ..., -0.83328076,
         -0.71793243, -0.7848218 ],
        [-0.99750244, -0.4589234 ,  0.        , ..., -0.486634  ,
         -0.31840317, -0.41289051],
        ...,
        [ 0.90579599,  0.83328076,  0.486634  , ...,  0.        ,
         -0.18314842, -0.08251323],
        [ 0.96807726,  0.71793243,  0.31840317, ...,  0.18314842,
          0.        ,  0.10140633],
        [ 0.93766921,  0.7848218 ,  0.41289051, ...,  0.08251323,
         -0.10140633,  0.        ]],

       [[ 0.        ,  0.30383624,  0.7308541 , ..., -0.30383624,
         -0.05054773, -0.1467704 ],
        [-0.30383624,  0.        , -0.90368092, ..., -0.        ,
         -0.25528978, -0.16071415],
        [-0.7308541 ,  0.90368092,  0.        , ..., -0.90368092,
         -0.76442035, -0.82311513],
        ...,
        [ 0.30383624,  0.        ,  0.90368092, ...,  0.        ,
          0.25528978,  0.16071415],
        [ 0.05054773,  0.25528978,  0.76442035, ..., -0.25528978,
          0.        , -0.09658245],
        [ 0.1467704 ,  0.16071415,  0.82311513, ..., -0.16071415,
          0.09658245,  0.        ]],

       [[ 0.        ,  0.31782974,  0.6288127 , ..., -0.94223434,
         -0.96223576, -0.94223434],
        [-0.31782974,  0.        ,  0.3490767 , ..., -0.99983589,
         -0.99886052, -0.99983589],
        [-0.6288127 , -0.3490767 ,  0.        , ..., -0.9432643 ,
         -0.91936676, -0.9432643 ],
        ...,
        [ 0.94223434,  0.99983589,  0.9432643 , ...,  0.        ,
         -0.06581246,  0.        ],
        [ 0.96223576,  0.99886052,  0.91936676, ...,  0.06581246,
          0.        ,  0.06581246],
        [ 0.94223434,  0.99983589,  0.9432643 , ...,  0.        ,
         -0.06581246,  0.        ]],

       ...,

       [[ 0.        ,  0.50750645,  0.61639822, ..., -0.83554106,
         -0.85372476, -0.7793448 ],
        [-0.50750645,  0.        ,  0.13149014, ..., -0.99878051,
         -0.99988125, -0.98952202],
        [-0.61639822, -0.13149014,  0.        , ..., -0.99660038,
         -0.99322608, -0.99991529],
        ...,
        [ 0.83554106,  0.99878051,  0.99660038, ...,  0.        ,
         -0.03397359,  0.09535223],
        [ 0.85372476,  0.99988125,  0.99322608, ...,  0.03397359,
          0.        ,  0.12911598],
        [ 0.7793448 ,  0.98952202,  0.99991529, ..., -0.09535223,
         -0.12911598,  0.        ]],

       [[ 0.        ,  0.38261978,  0.66003395, ..., -0.95828516,
         -0.95004537, -0.93935002],
        [-0.38261978,  0.        ,  0.32237159, ..., -0.99472334,
         -0.99717268, -0.99909429],
        [-0.66003395, -0.32237159,  0.        , ..., -0.90854493,
         -0.91971247, -0.93203856],
        ...,
        [ 0.95828516,  0.99472334,  0.90854493, ...,  0.        ,
          0.02755601,  0.06017419],
        [ 0.95004537,  0.99717268,  0.91971247, ..., -0.02755601,
          0.        ,  0.03264526],
        [ 0.93935002,  0.99909429,  0.93203856, ..., -0.06017419,
         -0.03264526,  0.        ]],

       [[ 0.        , -0.39877737, -0.65513176, ..., -0.67850159,
         -0.6827582 , -0.70499679],
        [ 0.39877737,  0.        , -0.29950498, ..., -0.32927694,
         -0.33475743, -0.36369865],
        [ 0.65513176,  0.29950498,  0.        , ..., -0.03135879,
         -0.03716546, -0.06800908],
        ...,
        [ 0.67850159,  0.32927694,  0.03135879, ...,  0.        ,
         -0.00581006, -0.03668945],
        [ 0.6827582 ,  0.33475743,  0.03716546, ...,  0.00581006,
          0.        , -0.03088268],
        [ 0.70499679,  0.36369865,  0.06800908, ...,  0.03668945,
          0.03088268,  0.        ]]]), 'num': array([ 9.93953748e-01,  1.09791646e-01,  1.09561599e-04, -1.20465905e-08,
        9.31874054e-05,  9.35338270e-05,  9.23790884e-05,  1.28724486e-03,
        4.61895442e-07,  9.29102681e-05,  9.45846391e-05,  1.03295217e-04,
        4.43419624e-07,  9.87723142e-05,  9.03969640e-05])}
{'img': array([[[ 0.        ,  0.4589234 ,  0.        , ..., -0.71793243,
         -0.7848218 , -0.82461499],
        [-0.4589234 ,  0.        , -0.4589234 , ..., -0.31840317,
         -0.41289051, -0.47304011],
        [ 0.        ,  0.4589234 ,  0.        , ..., -0.71793243,
         -0.7848218 , -0.82461499],
        ...,
        [ 0.71793243,  0.31840317,  0.71793243, ...,  0.        ,
          0.10140633,  0.16789471],
        [ 0.7848218 ,  0.41289051,  0.7848218 , ..., -0.10140633,
          0.        ,  0.06706237],
        [ 0.82461499,  0.47304011,  0.82461499, ..., -0.16789471,
         -0.06706237,  0.        ]],

       [[ 0.        , -0.90368092, -0.68033706, ..., -0.25528978,
         -0.16071415, -0.13044158],
        [ 0.90368092,  0.        , -0.37098244, ..., -0.76442035,
         -0.82311513, -0.84010395],
        [ 0.68033706,  0.37098244,  0.        , ..., -0.47069209,
         -0.55370606, -0.57892371],
        ...,
        [ 0.25528978,  0.76442035,  0.47069209, ...,  0.        ,
         -0.09658245, -0.12698924],
        [ 0.16071415,  0.82311513,  0.55370606, ...,  0.09658245,
          0.        , -0.03059504],
        [ 0.13044158,  0.84010395,  0.57892371, ...,  0.12698924,
          0.03059504,  0.        ]],

       [[ 0.        ,  0.3490767 ,  0.58312023, ..., -0.99886052,
         -0.99983589, -0.99796772],
        [-0.3490767 ,  0.        ,  0.26285358, ..., -0.91936676,
         -0.9432643 , -0.95743342],
        [-0.58312023, -0.26285358,  0.        , ..., -0.7836309 ,
         -0.82281646, -0.8478922 ],
        ...,
        [ 0.99886052,  0.91936676,  0.7836309 , ...,  0.        ,
          0.06581246,  0.11127671],
        [ 0.99983589,  0.9432643 ,  0.82281646, ..., -0.06581246,
          0.        ,  0.04563173],
        [ 0.99796772,  0.95743342,  0.8478922 , ..., -0.11127671,
         -0.04563173,  0.        ]],

       ...,

       [[ 0.        ,  0.13149014,  0.58779105, ..., -0.99988125,
         -0.98952202, -0.97069628],
        [-0.13149014,  0.        ,  0.47631033, ..., -0.99322608,
         -0.99991529, -0.99386654],
        [-0.58779105, -0.47631033,  0.        , ..., -0.81797481,
         -0.88540244, -0.92655757],
        ...,
        [ 0.99988125,  0.99322608,  0.81797481, ...,  0.        ,
          0.12911598,  0.2253223 ],
        [ 0.98952202,  0.99991529,  0.88540244, ..., -0.12911598,
          0.        ,  0.09764057],
        [ 0.97069628,  0.99386654,  0.92655757, ..., -0.2253223 ,
         -0.09764057,  0.        ]],

       [[ 0.        ,  0.32120153,  0.54803169, ..., -0.99967175,
         -0.99929474, -0.99306059],
        [-0.32120153,  0.        ,  0.25032051, ..., -0.95492926,
         -0.95840417, -0.90266464],
        [-0.54803169, -0.25032051,  0.        , ..., -0.85022369,
         -0.85644638, -0.76620243],
        ...,
        [ 0.99967175,  0.95492926,  0.85022369, ...,  0.        ,
          0.01193578, -0.14300765],
        [ 0.99929474,  0.95840417,  0.85644638, ..., -0.01193578,
          0.        , -0.15481056],
        [ 0.99306059,  0.90266464,  0.76620243, ...,  0.14300765,
          0.15481056,  0.        ]],

       [[ 0.        , -0.29950498, -0.43337156, ..., -0.33475743,
         -0.36369865, -0.40726098],
        [ 0.29950498,  0.        , -0.14355905, ..., -0.03716546,
         -0.06800908, -0.11502411],
        [ 0.43337156,  0.14355905,  0.        , ...,  0.10667937,
          0.07592204,  0.02877354],
        ...,
        [ 0.33475743,  0.03716546, -0.10667937, ...,  0.        ,
         -0.03088268, -0.07802586],
        [ 0.36369865,  0.06800908, -0.07592204, ...,  0.03088268,
          0.        , -0.04720011],
        [ 0.40726098,  0.11502411, -0.02877354, ...,  0.07802586,
          0.04720011,  0.        ]]]), 'num': array([ 9.96480197e-01,  8.38202543e-02,  1.13514918e-04, -7.03208692e-09,
        9.33954096e-05,  9.43247171e-05,  9.31630827e-05,  1.13886641e-03,
       -3.48490334e-07,  9.33954096e-05,  9.48881098e-05,  1.03445484e-04,
        4.35612918e-07,  9.88474093e-05,  9.09288104e-05])}
{'img': array([[[ 0.        , -0.4589234 , -0.67285218, ..., -0.41289051,
         -0.47304011, -0.42891316],
        [ 0.4589234 ,  0.        , -0.25831195, ..., -0.7848218 ,
         -0.82461499, -0.79564547],
        [ 0.67285218,  0.25831195,  0.        , ..., -0.91826764,
         -0.94275446, -0.92511822],
        ...,
        [ 0.41289051,  0.7848218 ,  0.91826764, ...,  0.        ,
          0.06706237,  0.01766294],
        [ 0.47304011,  0.82461499,  0.94275446, ..., -0.06706237,
          0.        , -0.04942873],
        [ 0.42891316,  0.79564547,  0.92511822, ..., -0.01766294,
          0.04942873,  0.        ]],

       [[ 0.        , -0.99783649, -0.82706207, ..., -0.29810681,
         -0.24264529, -0.17513645],
        [ 0.99783649,  0.        , -0.50651973, ..., -0.93286851,
         -0.95206364, -0.97089985],
        [ 0.82706207,  0.50651973,  0.        , ..., -0.62188863,
         -0.66595189, -0.71583308],
        ...,
        [ 0.29810681,  0.93286851,  0.62188863, ...,  0.        ,
         -0.0575851 , -0.12632589],
        [ 0.24264529,  0.95206364,  0.66595189, ...,  0.0575851 ,
          0.        , -0.06899249],
        [ 0.17513645,  0.97089985,  0.71583308, ...,  0.12632589,
          0.06899249,  0.        ]],

       [[ 0.        ,  0.26285358,  0.49395883, ..., -0.9432643 ,
         -0.95743342, -0.95188934],
        [-0.26285358,  0.        ,  0.24804181, ..., -0.82281646,
         -0.8478922 , -0.83786749],
        [-0.49395883, -0.24804181,  0.        , ..., -0.65613895,
         -0.689891  , -0.67628407],
        ...,
        [ 0.9432643 ,  0.82281646,  0.65613895, ...,  0.        ,
          0.04563173,  0.02701228],
        [ 0.95743342,  0.8478922 ,  0.689891  , ..., -0.04563173,
          0.        , -0.01863094],
        [ 0.95188934,  0.83786749,  0.67628407, ..., -0.02701228,
          0.01863094,  0.        ]],

       ...,

       [[ 0.        ,  0.47631033, -0.10718722, ..., -0.99991529,
         -0.99386654, -0.99697456],
        [-0.47631033,  0.        , -0.56781352, ..., -0.88540244,
         -0.92655757, -0.91363995],
        [ 0.10718722,  0.56781352,  0.        , ..., -0.99275947,
         -0.97628731, -0.98289934],
        ...,
        [ 0.99991529,  0.88540244,  0.99275947, ...,  0.        ,
          0.09764057,  0.06474528],
        [ 0.99386654,  0.92655757,  0.97628731, ..., -0.09764057,
          0.        , -0.0329998 ],
        [ 0.99697456,  0.91363995,  0.98289934, ..., -0.06474528,
          0.0329998 ,  0.        ]],

       [[ 0.        ,  0.24719314,  0.43738931, ..., -0.99070535,
         -0.98449385, -0.89725523],
        [-0.24719314,  0.        ,  0.20152153, ..., -0.92633547,
         -0.9105789 , -0.76027122],
        [-0.43738931, -0.20152153,  0.        , ..., -0.83141776,
         -0.80860158, -0.61376401],
        ...,
        [ 0.99070535,  0.92633547,  0.83141776, ...,  0.        ,
         -0.03987242, -0.31535899],
        [ 0.98449385,  0.9105789 ,  0.80860158, ...,  0.03987242,
          0.        , -0.27727038],
        [ 0.89725523,  0.76027122,  0.61376401, ...,  0.31535899,
          0.27727038,  0.        ]],

       [[ 0.        , -0.14355905, -0.17891288, ..., -0.06800908,
         -0.11502411, -0.11772166],
        [ 0.14355905,  0.        , -0.03581695, ...,  0.07592204,
          0.02877354,  0.02605856],
        [ 0.17891288,  0.03581695,  0.        , ...,  0.11158689,
          0.06455719,  0.06184663],
        ...,
        [ 0.06800908, -0.07592204, -0.11158689, ...,  0.        ,
         -0.04720011, -0.0499129 ],
        [ 0.11502411, -0.02877354, -0.06455719, ...,  0.04720011,
          0.        , -0.00271599],
        [ 0.11772166, -0.02605856, -0.06184663, ...,  0.0499129 ,
          0.00271599,  0.        ]]]), 'num': array([ 9.46364947e-01,  3.23095588e-01,  7.91956013e-05, -1.10257799e-08,
        8.80946123e-05,  9.01094828e-05,  8.79826751e-05,  1.59840790e-03,
       -1.90293318e-06,  8.95274091e-05,  9.11393054e-05,  9.91726684e-05,
        4.29839023e-07,  9.50244149e-05,  8.72541960e-05])}
{'img': array([[[ 0.        , -0.53482754, -0.75893809, ..., -0.53482754,
         -0.49618459, -0.        ],
        [ 0.53482754,  0.        , -0.29301347, ..., -0.90381709,
         -0.88360314, -0.53482754],
        [ 0.75893809,  0.29301347,  0.        , ..., -0.98953306,
         -0.98201993, -0.75893809],
        ...,
        [ 0.53482754,  0.90381709,  0.98953306, ...,  0.        ,
         -0.04508965, -0.53482754],
        [ 0.49618459,  0.88360314,  0.98201993, ...,  0.04508965,
          0.        , -0.49618459],
        [ 0.        ,  0.53482754,  0.75893809, ...,  0.53482754,
          0.49618459,  0.        ]],

       [[ 0.        , -0.99803921, -0.99876004, ..., -0.35193592,
         -0.25510613, -0.50346608],
        [ 0.99803921,  0.        ,  0.01282852, ..., -0.91216044,
         -0.94904959, -0.83080798],
        [ 0.99876004, -0.01282852,  0.        , ..., -0.91734293,
         -0.9530141 , -0.83787944],
        ...,
        [ 0.35193592,  0.91216044,  0.91734293, ...,  0.        ,
         -0.10150595,  0.16717847],
        [ 0.25510613,  0.94904959,  0.9530141 , ...,  0.10150595,
          0.        ,  0.26639241],
        [ 0.50346608,  0.83080798,  0.83787944, ..., -0.16717847,
         -0.26639241,  0.        ]],

       [[ 0.        ,  0.24804181,  0.66336123, ..., -0.8478922 ,
         -0.83786749, -0.66336123],
        [-0.24804181,  0.        ,  0.45702124, ..., -0.689891  ,
         -0.67628407, -0.45702124],
        [-0.66336123, -0.45702124,  0.        , ..., -0.28278381,
         -0.26486423, -0.        ],
        ...,
        [ 0.8478922 ,  0.689891  ,  0.28278381, ...,  0.        ,
         -0.01863094, -0.28278381],
        [ 0.83786749,  0.67628407,  0.26486423, ...,  0.01863094,
          0.        , -0.26486423],
        [ 0.66336123,  0.45702124,  0.        , ...,  0.28278381,
          0.26486423,  0.        ]],

       ...,

       [[ 0.        , -0.56781352, -0.80661022, ..., -0.92655757,
         -0.91363995, -0.92655757],
        [ 0.56781352,  0.        , -0.32834169, ..., -0.97628731,
         -0.98289934, -0.97628731],
        [ 0.80661022,  0.32834169,  0.        , ..., -0.85108194,
         -0.86794438, -0.85108194],
        ...,
        [ 0.92655757,  0.97628731,  0.85108194, ...,  0.        ,
         -0.0329998 ,  0.        ],
        [ 0.91363995,  0.98289934,  0.86794438, ...,  0.0329998 ,
          0.        ,  0.0329998 ],
        [ 0.92655757,  0.97628731,  0.85108194, ...,  0.        ,
         -0.0329998 ,  0.        ]],

       [[ 0.        ,  0.20049442,  0.346112  , ..., -0.93122789,
         -0.86663145, -0.75760061],
        [-0.20049442,  0.        ,  0.15098163, ..., -0.83925149,
         -0.74899791, -0.61135102],
        [-0.346112  , -0.15098163,  0.        , ..., -0.74753551,
         -0.64037557, -0.48486208],
        ...,
        [ 0.93122789,  0.83925149,  0.74753551, ...,  0.        ,
         -0.14880213, -0.33173157],
        [ 0.86663145,  0.74899791,  0.64037557, ...,  0.14880213,
          0.        , -0.18766236],
        [ 0.75760061,  0.61135102,  0.48486208, ...,  0.33173157,
          0.18766236,  0.        ]],

       [[ 0.        , -0.03581695,  0.03632233, ...,  0.02877354,
          0.02605856, -0.13426174],
        [ 0.03581695,  0.        ,  0.07209234, ...,  0.06455719,
          0.06184663, -0.09868294],
        [-0.03632233, -0.07209234,  0.        , ..., -0.00755274,
         -0.01026863, -0.17016661],
        ...,
        [-0.02877354, -0.06455719,  0.00755274, ...,  0.        ,
         -0.00271599, -0.16271917],
        [-0.02605856, -0.06184663,  0.01026863, ...,  0.00271599,
          0.        , -0.16003877],
        [ 0.13426174,  0.09868294,  0.17016661, ...,  0.16271917,
          0.16003877,  0.        ]]]), 'num': array([ 9.36457390e-01,  3.50776418e-01,  7.67602847e-05, -2.68594923e-08,
        8.61802490e-05,  8.86651317e-05,  8.56155030e-05,  1.84093662e-03,
       -2.71078110e-06,  8.95461356e-05,  9.14888620e-05,  9.95383759e-05,
        3.02834845e-07,  9.57797430e-05,  8.71979810e-05])}
{'img': array([[[ 0.        , -0.58758795, -0.58758795, ..., -0.72663576,
         -0.57692958, -0.        ],
        [ 0.58758795,  0.        ,  0.        , ..., -0.9916512 ,
         -0.94676676, -0.58758795],
        [ 0.58758795,  0.        ,  0.        , ..., -0.9916512 ,
         -0.94676676, -0.58758795],
        ...,
        [ 0.72663576,  0.9916512 ,  0.9916512 , ...,  0.        ,
         -0.19714782, -0.72663576],
        [ 0.57692958,  0.94676676,  0.94676676, ...,  0.19714782,
          0.        , -0.57692958],
        [ 0.        ,  0.58758795,  0.58758795, ...,  0.72663576,
          0.57692958,  0.        ]],

       [[ 0.        ,  0.02233081, -0.14714477, ..., -0.98933974,
         -0.98140012, -0.9545196 ],
        [-0.02233081,  0.        , -0.16919582, ..., -0.98584109,
         -0.98544231, -0.96093947],
        [ 0.14714477,  0.16919582,  0.        , ..., -0.99999882,
         -0.94246965, -0.90025868],
        ...,
        [ 0.98933974,  0.98584109,  0.99999882, ...,  0.        ,
          0.33284416,  0.43397251],
        [ 0.98140012,  0.98544231,  0.94246965, ..., -0.33284416,
          0.        ,  0.10936021],
        [ 0.9545196 ,  0.96093947,  0.90025868, ..., -0.43397251,
         -0.10936021,  0.        ]],

       [[ 0.        ,  0.45074907,  0.07955628, ..., -0.78399321,
         -0.72378641, -0.45074907],
        [-0.45074907,  0.        , -0.37830439, ..., -0.42002086,
         -0.33506073, -0.        ],
        [-0.07955628,  0.37830439,  0.        , ..., -0.73212214,
         -0.66659653, -0.37830439],
        ...,
        [ 0.78399321,  0.42002086,  0.73212214, ...,  0.        ,
         -0.09166974, -0.42002086],
        [ 0.72378641,  0.33506073,  0.66659653, ...,  0.09166974,
          0.        , -0.33506073],
        [ 0.45074907,  0.        ,  0.37830439, ...,  0.42002086,
          0.33506073,  0.        ]],

       ...,

       [[ 0.        , -0.66659978, -0.65824418, ..., -0.93713824,
         -0.94887868, -0.667472  ],
        [ 0.66659978,  0.        ,  0.01115369, ..., -0.93117321,
         -0.91771541, -0.99391764],
        [ 0.65824418, -0.01115369,  0.        , ..., -0.93518167,
         -0.92208899, -0.99262751],
        ...,
        [ 0.93713824,  0.93117321,  0.93518167, ...,  0.        ,
          0.03531985, -0.46490592],
        [ 0.94887868,  0.91771541,  0.92208899, ..., -0.03531985,
          0.        , -0.49588663],
        [ 0.667472  ,  0.99391764,  0.99262751, ...,  0.46490592,
          0.49588663,  0.        ]],

       [[ 0.        ,  0.15065376,  0.32993325, ..., -0.77307634,
         -0.70551277, -0.61026621],
        [-0.15065376,  0.        ,  0.18394979, ..., -0.66869126,
         -0.59069256, -0.48395363],
        [-0.32993325, -0.18394979,  0.        , ..., -0.52050641,
         -0.43218429, -0.31472197],
        ...,
        [ 0.77307634,  0.66869126,  0.52050641, ...,  0.        ,
         -0.10036112, -0.22532851],
        [ 0.70551277,  0.59069256,  0.43218429, ...,  0.10036112,
          0.        , -0.12641072],
        [ 0.61026621,  0.48395363,  0.31472197, ...,  0.22532851,
          0.12641072,  0.        ]],

       [[ 0.        ,  0.04813281,  0.12520541, ...,  0.04098808,
         -0.05625046, -0.5079472 ],
        [-0.04813281,  0.        ,  0.07730625, ..., -0.00715179,
         -0.10424186, -0.5488195 ],
        [-0.12520541, -0.07730625,  0.        , ..., -0.08443465,
         -0.18081498, -0.61180055],
        ...,
        [-0.04098808,  0.00715179,  0.08443465, ...,  0.        ,
         -0.09712637, -0.54282699],
        [ 0.05625046,  0.10424186,  0.18081498, ...,  0.09712637,
          0.        , -0.45868949],
        [ 0.5079472 ,  0.5488195 ,  0.61180055, ...,  0.54282699,
          0.45868949,  0.        ]]]), 'num': array([ 9.35255567e-01,  3.53969790e-01,  7.48115514e-05, -4.75474615e-08,
        8.66685186e-05,  8.66685186e-05,  8.44376687e-05,  1.53040765e-03,
        1.56159493e-06,  8.78508691e-05,  8.99980621e-05,  9.78376405e-05,
        3.92321879e-07,  9.42327271e-05,  8.57633972e-05])}
{'img': array([[[ 0.        ,  0.        , -0.63543799, ..., -0.60336077,
         -0.        , -0.47151781],
        [ 0.        ,  0.        , -0.63543799, ..., -0.60336077,
         -0.        , -0.47151781],
        [ 0.63543799,  0.63543799,  0.        , ..., -0.97262786,
         -0.63543799, -0.92444852],
        ...,
        [ 0.60336077,  0.60336077,  0.97262786, ...,  0.        ,
         -0.60336077, -0.15605711],
        [ 0.        ,  0.        ,  0.63543799, ...,  0.60336077,
          0.        ,  0.47151781],
        [ 0.47151781,  0.47151781,  0.92444852, ...,  0.15605711,
         -0.47151781,  0.        ]],

       [[ 0.        , -0.16919582,  0.003976  , ..., -0.98544231,
         -0.96093947, -0.99053269],
        [ 0.16919582,  0.        ,  0.17311316, ..., -0.94246965,
         -0.90025868, -0.95302494],
        [-0.003976  , -0.17311316,  0.        , ..., -0.98611049,
         -0.96203227, -0.99107067],
        ...,
        [ 0.98544231,  0.94246965,  0.98611049, ...,  0.        ,
          0.10936021, -0.03312198],
        [ 0.96093947,  0.90025868,  0.96203227, ..., -0.10936021,
          0.        , -0.14222352],
        [ 0.99053269,  0.95302494,  0.99107067, ...,  0.03312198,
          0.14222352,  0.        ]],

       [[ 0.        , -0.37445935, -0.61748783, ..., -0.43304086,
         -0.2868924 , -0.        ],
        [ 0.37445935,  0.        , -0.27801907, ..., -0.73906228,
         -0.6247372 , -0.37445935],
        [ 0.61748783,  0.27801907,  0.        , ..., -0.89720912,
         -0.81719432, -0.61748783],
        ...,
        [ 0.43304086,  0.73906228,  0.89720912, ...,  0.        ,
         -0.15623961, -0.43304086],
        [ 0.2868924 ,  0.6247372 ,  0.81719432, ...,  0.15623961,
          0.        , -0.2868924 ],
        [ 0.        ,  0.37445935,  0.61748783, ...,  0.43304086,
          0.2868924 ,  0.        ]],

       ...,

       [[ 0.        ,  0.12957741, -0.35971752, ..., -0.99586447,
         -0.79146188, -0.97287096],
        [-0.12957741,  0.        , -0.47758852, ..., -0.97569638,
         -0.70558919, -0.93469146],
        [ 0.35971752,  0.47758852,  0.        , ..., -0.96188334,
         -0.95834843, -0.99096828],
        ...,
        [ 0.99586447,  0.97569638,  0.96188334, ...,  0.        ,
         -0.53678552, -0.14200513],
        [ 0.79146188,  0.70558919,  0.95834843, ...,  0.53678552,
          0.        ,  0.4115333 ],
        [ 0.97287096,  0.93469146,  0.99096828, ...,  0.14200513,
         -0.4115333 ,  0.        ]],

       [[ 0.        ,  0.18264681,  0.33191404, ..., -0.69468474,
         -0.67136379, -0.48085194],
        [-0.18264681,  0.        ,  0.15403828, ..., -0.55161869,
         -0.52470584, -0.31261828],
        [-0.33191404, -0.15403828,  0.        , ..., -0.41655228,
         -0.38731316, -0.16256944],
        ...,
        [ 0.69468474,  0.55161869,  0.41655228, ...,  0.        ,
         -0.03192869, -0.26321714],
        [ 0.67136379,  0.52470584,  0.38731316, ...,  0.03192869,
          0.        , -0.23228016],
        [ 0.48085194,  0.31261828,  0.16256944, ...,  0.26321714,
          0.23228016,  0.        ]],

       [[ 0.        ,  0.06912925,  0.14523517, ..., -0.08998473,
         -0.34325157, -0.60766287],
        [-0.06912925,  0.        ,  0.07649145, ..., -0.15861827,
         -0.40735961, -0.66111128],
        [-0.14523517, -0.07649145,  0.        , ..., -0.23367662,
         -0.47602332, -0.71656498],
        ...,
        [ 0.08998473,  0.15861827,  0.23367662, ...,  0.        ,
         -0.25734147, -0.53373224],
        [ 0.34325157,  0.40735961,  0.47602332, ...,  0.25734147,
          0.        , -0.2981347 ],
        [ 0.60766287,  0.66111128,  0.71656498, ...,  0.53373224,
          0.2981347 ,  0.        ]]]), 'num': array([ 9.31327969e-01,  3.64175622e-01,  7.56203129e-05, -3.60860377e-08,
        8.51324447e-05,  8.79701929e-05,  8.50189348e-05,  2.06422341e-03,
       -3.06476801e-06,  8.81064048e-05,  9.10860403e-05,  9.90903820e-05,
        3.40529779e-07,  9.59234680e-05,  8.62486127e-05])}
