state_0,state_1,state_2,state_3,state_4,state_5,state_6,state_7,state_8,state_9,state_10,state_11,state_12,state_13,state_14,state_15,state_16,state_17,state_18,state_19,state_20,state_21,state_22,state_23,state_24,state_25,state_26,state_27,state_28,state_29,state_30,state_31,state_32,state_33,state_34,state_35,state_36,state_37,state_38,state_39,state_40,state_41,state_42,state_43,state_44,state_45,state_46,state_47,state_48,state_49,state_50,state_51,state_52,state_53,state_54,state_55,state_56,state_57,state_58,state_59,state_60,state_61,state_62,state_63,state_64,state_65,state_66,state_67,state_68,state_69,state_70,state_71,state_72,state_73,state_74,state_75,state_76,state_77,state_78,state_79,state_80,state_81,state_82,state_83,state_84,state_85,state_86,state_87,state_88,state_89,state_90,state_91,state_92,state_93,state_94,state_95,state_96,state_97,state_98,state_99,state_100,state_101,state_102,state_103,state_104,state_105,state_106,state_107,state_108,state_109,state_110,state_111,state_112,state_113,state_114,state_115,state_116,state_117,state_118,state_119,state_120,state_121,state_122,state_123,state_124,state_125,state_126,state_127,state_128,state_129,state_130,state_131,state_132,state_133,state_134,state_135,state_136,state_137,state_138,state_139,state_140,state_141,state_142,state_143,state_144,state_145,state_146,state_147,state_148,state_149,state_150,state_151,state_152,state_153,state_154,state_155,state_156,state_157,state_158,state_159,state_160,state_161,state_162,state_163,state_164,state_165,state_166,state_167,state_168,state_169,state_170,state_171,state_172,state_173,state_174,state_175,state_176,state_177,state_178,state_179,state_180,state_181,state_182,state_183,state_184,state_185,state_186,state_187,state_188,state_189,state_190,state_191,state_192,state_193,state_194,state_195,state_196,state_197,state_198,state_199,state_200,state_201,state_202,state_203,state_204,state_205,state_206,state_207,state_208,state_209,state_210,state_211,state_212,state_213,state_214,state_215,state_216,state_217,state_218,state_219,state_220,state_221,state_222,state_223,state_224,state_225,state_226,state_227,state_228,state_229,state_230,state_231,state_232,state_233,state_234,state_235,state_236,state_237,state_238,state_239,state_240,state_241,state_242,state_243,state_244,state_245,state_246,state_247,state_248,state_249,state_250,state_251,state_252,state_253,state_254,state_255,state_256,state_257,state_258,state_259,state_260,state_261,state_262,state_263,state_264,state_265,state_266,state_267,state_268,state_269,state_270,state_271,state_272,state_273,state_274,state_275,state_276,state_277,state_278,state_279,state_280,state_281,state_282,state_283,state_284,state_285,state_286,state_287
{'img': array([[[ 0.        , -0.05500108, -0.49617574, ..., -0.11994631,
          0.96505916, -0.28774212],
        [ 0.05500108,  0.        , -0.44767153, ..., -0.06516075,
          0.97801039, -0.2346316 ],
        [ 0.49617574,  0.44767153,  0.        , ...,  0.3884535 ,
          0.96789967,  0.22536737],
        ...,
        [ 0.11994631,  0.06516075, -0.3884535 , ...,  0.        ,
          0.98952158, -0.1707912 ],
        [-0.96505916, -0.97801039, -0.96789967, ..., -0.98952158,
          0.        , -0.99964248],
        [ 0.28774212,  0.2346316 , -0.22536737, ...,  0.1707912 ,
          0.99964248,  0.        ]],

       [[ 0.        ,  0.03609128,  0.18000154, ..., -0.02032847,
          0.44316894,  0.3759383 ],
        [-0.03609128,  0.        ,  0.1443825 , ..., -0.05639904,
          0.41052662,  0.34224958],
        [-0.18000154, -0.1443825 ,  0.        , ..., -0.19996078,
          0.27457012,  0.20300037],
        ...,
        [ 0.02032847,  0.05639904,  0.19996078, ...,  0.        ,
          0.46130058,  0.39469788],
        [-0.44316894, -0.41052662, -0.27457012, ..., -0.46130058,
          0.        , -0.07365473],
        [-0.3759383 , -0.34224958, -0.20300037, ..., -0.39469788,
          0.07365473,  0.        ]],

       [[ 0.        , -0.53166216, -0.86043204, ..., -0.98318567,
         -0.91422036, -0.95689479],
        [ 0.53166216,  0.        , -0.45783198, ..., -0.73562938,
         -0.55886614, -0.6560351 ],
        [ 0.86043204,  0.45783198,  0.        , ..., -0.34387485,
         -0.11719287, -0.23770091],
        ...,
        [ 0.98318567,  0.73562938,  0.34387485, ...,  0.        ,
          0.23145935,  0.11081401],
        [ 0.91422036,  0.55886614,  0.11719287, ..., -0.23145935,
          0.        , -0.12222902],
        [ 0.95689479,  0.6560351 ,  0.23770091, ..., -0.11081401,
          0.12222902,  0.        ]],

       ...,

       [[ 0.        , -0.03288451, -0.38308672, ...,  0.87606136,
          0.38308672,  0.99932294],
        [ 0.03288451,  0.        , -0.3525037 , ...,  0.85973065,
          0.3525037 ,  0.99999236],
        [ 0.38308672,  0.3525037 ,  0.        , ...,  0.62450444,
          0.        ,  0.93718157],
        ...,
        [-0.87606136, -0.85973065, -0.62450444, ...,  0.        ,
          0.62450444, -0.51410538],
        [-0.38308672, -0.3525037 , -0.        , ..., -0.62450444,
          0.        , -0.93718157],
        [-0.99932294, -0.99999236, -0.93718157, ...,  0.51410538,
          0.93718157,  0.        ]],

       [[ 0.        , -0.37228118, -0.31020943, ..., -0.46822847,
         -0.72514514, -0.73304507],
        [ 0.37228118,  0.        ,  0.06600432, ..., -0.76352262,
         -0.92937305, -0.93357202],
        [ 0.31020943, -0.06600432,  0.        , ..., -0.71923329,
         -0.90298145, -0.90788094],
        ...,
        [ 0.46822847,  0.76352262,  0.71923329, ...,  0.        ,
          0.31832336,  0.3292444 ],
        [ 0.72514514,  0.92937305,  0.90298145, ..., -0.31832336,
          0.        ,  0.01154267],
        [ 0.73304507,  0.93357202,  0.90788094, ..., -0.3292444 ,
         -0.01154267,  0.        ]],

       [[ 0.        , -0.55567377, -0.85992351, ..., -0.66548393,
         -0.72341468, -0.75227961],
        [ 0.55567377,  0.        , -0.43131215, ..., -0.96804529,
         -0.9850921 , -0.9915479 ],
        [ 0.85992351,  0.43131215,  0.        , ..., -0.98153563,
         -0.96295048, -0.95053618],
        ...,
        [ 0.66548393,  0.96804529,  0.98153563, ...,  0.        ,
          0.08050625,  0.12306059],
        [ 0.72341468,  0.9850921 ,  0.96295048, ..., -0.08050625,
          0.        ,  0.04276681],
        [ 0.75227961,  0.9915479 ,  0.95053618, ..., -0.12306059,
         -0.04276681,  0.        ]]]), 'num': array([ 7.07106736e-01,  7.07106736e-01,  0.00000000e+00,  0.00000000e+00,
        1.12879673e-04,  1.14242405e-04,  1.12274014e-04,  1.56123716e-04,
       -6.81366234e-07,  1.15150894e-04,  1.13390697e-04,  1.13855036e-04,
        3.62568743e-07,  1.19161143e-04,  1.07620252e-04])}
{'img': array([[[ 0.00000000e+00, -4.47671527e-01, -1.61244447e-01, ...,
          9.78010395e-01, -2.34631597e-01, -3.27262701e-01],
        [ 4.47671527e-01,  0.00000000e+00,  2.97629046e-01, ...,
          9.67899666e-01,  2.25367369e-01,  1.30382098e-01],
        [ 1.61244447e-01, -2.97629046e-01,  0.00000000e+00, ...,
          9.98841160e-01, -7.48181181e-02, -1.70615041e-01],
        ...,
        [-9.78010395e-01, -9.67899666e-01, -9.98841160e-01, ...,
          0.00000000e+00, -9.99642477e-01, -9.92407333e-01],
        [ 2.34631597e-01, -2.25367369e-01,  7.48181181e-02, ...,
          9.99642477e-01,  0.00000000e+00, -9.64157235e-02],
        [ 3.27262701e-01, -1.30382098e-01,  1.70615041e-01, ...,
          9.92407333e-01,  9.64157235e-02,  0.00000000e+00]],

       [[ 0.00000000e+00,  1.44382497e-01,  3.80673582e-03, ...,
          4.10526621e-01,  3.42249582e-01,  1.13773600e-04],
        [-1.44382497e-01,  0.00000000e+00, -1.40614602e-01, ...,
          2.74570124e-01,  2.03000370e-01, -1.44269915e-01],
        [-3.80673582e-03,  1.40614602e-01,  0.00000000e+00, ...,
          4.07052480e-01,  3.38670259e-01, -3.69296302e-03],
        ...,
        [-4.10526621e-01, -2.74570124e-01, -4.07052480e-01, ...,
          0.00000000e+00, -7.36547339e-02, -4.10422874e-01],
        [-3.42249582e-01, -2.03000370e-01, -3.38670259e-01, ...,
          7.36547339e-02,  0.00000000e+00, -3.42142677e-01],
        [-1.13773600e-04,  1.44269915e-01,  3.69296302e-03, ...,
          4.10422874e-01,  3.42142677e-01,  0.00000000e+00]],

       [[ 0.00000000e+00, -5.76549922e-01, -7.75101609e-01, ...,
         -6.78172163e-01, -7.70111607e-01, -7.36112525e-01],
        [ 5.76549922e-01,  0.00000000e+00, -2.69020667e-01, ...,
         -1.30400347e-01, -2.61442388e-01, -2.11206408e-01],
        [ 7.75101609e-01,  2.69020667e-01,  0.00000000e+00, ...,
          1.41130553e-01,  7.85972314e-03,  5.95318019e-02],
        ...,
        [ 6.78172163e-01,  1.30400347e-01, -1.41130553e-01, ...,
          0.00000000e+00, -1.33345138e-01, -8.19442973e-02],
        [ 7.70111607e-01,  2.61442388e-01, -7.85972314e-03, ...,
          1.33345138e-01,  0.00000000e+00,  5.16841799e-02],
        [ 7.36112525e-01,  2.11206408e-01, -5.95318019e-02, ...,
          8.19442973e-02, -5.16841799e-02,  0.00000000e+00]],

       ...,

       [[ 0.00000000e+00, -3.52503704e-01,  5.63403649e-01, ...,
          3.52503704e-01,  9.99992356e-01,  9.86617182e-01],
        [ 3.52503704e-01,  0.00000000e+00,  8.18471141e-01, ...,
          0.00000000e+00,  9.37181570e-01,  9.80763700e-01],
        [-5.63403649e-01, -8.18471141e-01,  0.00000000e+00, ...,
          8.18471141e-01,  8.23972528e-01,  7.23260042e-01],
        ...,
        [-3.52503704e-01, -0.00000000e+00, -8.18471141e-01, ...,
          0.00000000e+00, -9.37181570e-01, -9.80763700e-01],
        [-9.99992356e-01, -9.37181570e-01, -8.23972528e-01, ...,
          9.37181570e-01,  0.00000000e+00, -1.59194817e-01],
        [-9.86617182e-01, -9.80763700e-01, -7.23260042e-01, ...,
          9.80763700e-01,  1.59194817e-01,  0.00000000e+00]],

       [[ 0.00000000e+00,  2.13781452e-01, -1.00907982e-01, ...,
         -8.61133191e-01, -8.67030009e-01, -8.68887268e-01],
        [-2.13781452e-01,  0.00000000e+00, -3.11265403e-01, ...,
         -7.32543005e-01, -7.40467713e-01, -7.42975948e-01],
        [ 1.00907982e-01,  3.11265403e-01,  0.00000000e+00, ...,
         -9.08037303e-01, -9.12882482e-01, -9.14402723e-01],
        ...,
        [ 8.61133191e-01,  7.32543005e-01,  9.08037303e-01, ...,
          0.00000000e+00,  1.17154959e-02,  1.54548445e-02],
        [ 8.67030009e-01,  7.40467713e-01,  9.12882482e-01, ...,
         -1.17154959e-02,  0.00000000e+00,  3.73968716e-03],
        [ 8.68887268e-01,  7.42975948e-01,  9.14402723e-01, ...,
         -1.54548445e-02, -3.73968716e-03,  0.00000000e+00]],

       [[ 0.00000000e+00, -7.60384526e-01, -8.86971331e-01, ...,
         -7.49580548e-01, -7.78667334e-01, -7.91808387e-01],
        [ 7.60384526e-01,  0.00000000e+00, -2.24899869e-01, ...,
         -9.90140947e-01, -9.82816908e-01, -9.78678024e-01],
        [ 8.86971331e-01,  2.24899869e-01,  0.00000000e+00, ...,
         -9.33272630e-01, -9.16126270e-01, -9.07411609e-01],
        ...,
        [ 7.49580548e-01,  9.90140947e-01,  9.33272630e-01, ...,
          0.00000000e+00,  4.50955727e-02,  6.62873794e-02],
        [ 7.78667334e-01,  9.82816908e-01,  9.16126270e-01, ...,
         -4.50955727e-02,  0.00000000e+00,  2.12235554e-02],
        [ 7.91808387e-01,  9.78678024e-01,  9.07411609e-01, ...,
         -6.62873794e-02, -2.12235554e-02,  0.00000000e+00]]]), 'num': array([ 8.37160154e-01,  5.46957663e-01,  1.95818145e-05, -4.43930888e-11,
        1.33120409e-04,  1.34827081e-04,  1.32311985e-04,  2.14681361e-04,
       -8.08423536e-07,  1.36264278e-04,  1.34813607e-04,  1.35026193e-04,
        4.00232187e-07,  1.40913573e-04,  1.28713641e-04])}
{'img': array([[[ 0.        ,  0.29762905,  0.40831324, ...,  0.22536737,
          0.1303821 ,  0.03300818],
        [-0.29762905,  0.        ,  0.11812088, ..., -0.07481812,
         -0.17061504, -0.26595456],
        [-0.40831324, -0.11812088,  0.        , ..., -0.19208414,
         -0.28580956, -0.3779595 ],
        ...,
        [-0.22536737,  0.07481812,  0.19208414, ...,  0.        ,
         -0.09641572, -0.19308556],
        [-0.1303821 ,  0.17061504,  0.28580956, ...,  0.09641572,
          0.        , -0.09758464],
        [-0.03300818,  0.26595456,  0.3779595 , ...,  0.19308556,
          0.09758464,  0.        ]],

       [[ 0.        , -0.1406146 ,  0.08821598, ...,  0.20300037,
         -0.14426991, -0.1096387 ],
        [ 0.1406146 ,  0.        ,  0.2274059 , ...,  0.33867026,
         -0.00369296,  0.03121753],
        [-0.08821598, -0.2274059 ,  0.        , ...,  0.11582974,
         -0.23100055, -0.19689543],
        ...,
        [-0.20300037, -0.33867026, -0.11582974, ...,  0.        ,
         -0.34214268, -0.30913246],
        [ 0.14426991,  0.00369296,  0.23100055, ...,  0.34214268,
          0.        ,  0.03490848],
        [ 0.1096387 , -0.03121753,  0.19689543, ...,  0.30913246,
         -0.03490848,  0.        ]],

       [[ 0.        , -0.26902067, -0.40249073, ..., -0.26144239,
         -0.21120641, -0.28779634],
        [ 0.26902067,  0.        , -0.14138468, ...,  0.00785972,
          0.0595318 , -0.01954771],
        [ 0.40249073,  0.14138468,  0.        , ...,  0.14916108,
          0.20006771,  0.12200632],
        ...,
        [ 0.26144239, -0.00785972, -0.14916108, ...,  0.        ,
          0.05168418, -0.02740533],
        [ 0.21120641, -0.0595318 , -0.20006771, ..., -0.05168418,
          0.        , -0.07903347],
        [ 0.28779634,  0.01954771, -0.12200632, ...,  0.02740533,
          0.07903347,  0.        ]],

       ...,

       [[ 0.        ,  0.81847114,  0.86670683, ...,  0.93718157,
          0.9807637 ,  0.99744719],
        [-0.81847114,  0.        ,  0.08969632, ...,  0.82397253,
          0.72326004,  0.63152627],
        [-0.86670683, -0.08969632,  0.        , ...,  0.76982662,
          0.65840259,  0.55943425],
        ...,
        [-0.93718157, -0.82397253, -0.76982662, ...,  0.        ,
         -0.15919482, -0.28102922],
        [-0.9807637 , -0.72326004, -0.65840259, ...,  0.15919482,
          0.        , -0.12466616],
        [-0.99744719, -0.63152627, -0.55943425, ...,  0.28102922,
          0.12466616,  0.        ]],

       [[ 0.        , -0.3112654 , -0.51959919, ..., -0.74046771,
         -0.74297595, -0.67427376],
        [ 0.3112654 ,  0.        , -0.22783875, ..., -0.91288248,
         -0.91440272, -0.87064162],
        [ 0.51959919,  0.22783875,  0.        , ..., -0.98188154,
         -0.98258333, -0.95982071],
        ...,
        [ 0.74046771,  0.91288248,  0.98188154, ...,  0.        ,
          0.00373969, -0.09364774],
        [ 0.74297595,  0.91440272,  0.98258333, ..., -0.00373969,
          0.        , -0.09737033],
        [ 0.67427376,  0.87064162,  0.95982071, ...,  0.09364774,
          0.09737033,  0.        ]],

       [[ 0.        , -0.63504587, -0.77305525, ..., -0.83630516,
         -0.84921026, -0.95538636],
        [ 0.63504587,  0.        , -0.19433125, ..., -0.99419729,
         -0.99133227, -0.925578  ],
        [ 0.77305525,  0.19433125,  0.        , ..., -0.95433927,
         -0.94690251, -0.83436731],
        ...,
        [ 0.83630516,  0.99419729,  0.95433927, ...,  0.        ,
          0.02397661,  0.27679398],
        [ 0.84921026,  0.99133227,  0.94690251, ..., -0.02397661,
          0.        ,  0.25367457],
        [ 0.95538636,  0.925578  ,  0.83436731, ..., -0.27679398,
         -0.25367457,  0.        ]]]), 'num': array([ 8.31966214e-01,  5.54826139e-01,  1.86626313e-05, -1.93851138e-09,
        1.32476135e-04,  1.34527954e-04,  1.32208507e-04,  1.72156529e-04,
        2.67628556e-07,  1.34777741e-04,  1.34090828e-04,  1.34110156e-04,
        4.18023661e-07,  1.39662789e-04,  1.28518867e-04])}
{'img': array([[[ 0.        ,  0.11812088, -0.17061504, ..., -0.17061504,
         -0.26595456, -0.23422671],
        [-0.11812088,  0.        , -0.28580956, ..., -0.28580956,
         -0.3779595 , -0.34742194],
        [ 0.17061504,  0.28580956,  0.        , ...,  0.        ,
         -0.09758464, -0.06492356],
        ...,
        [ 0.17061504,  0.28580956,  0.        , ...,  0.        ,
         -0.09758464, -0.06492356],
        [ 0.26595456,  0.3779595 ,  0.09758464, ...,  0.09758464,
          0.        ,  0.03276507],
        [ 0.23422671,  0.34742194,  0.06492356, ...,  0.06492356,
         -0.03276507,  0.        ]],

       [[ 0.        ,  0.2274059 , -0.04565313, ..., -0.00369296,
          0.03121753, -0.01922332],
        [-0.2274059 ,  0.        , -0.27162581, ..., -0.23100055,
         -0.19689543, -0.24608355],
        [ 0.04565313,  0.27162581,  0.        , ...,  0.04196371,
          0.07681586,  0.02644142],
        ...,
        [ 0.00369296,  0.23100055, -0.04196371, ...,  0.        ,
          0.03490848, -0.01553091],
        [-0.03121753,  0.19689543, -0.07681586, ..., -0.03490848,
          0.        , -0.05042572],
        [ 0.01922332,  0.24608355, -0.02644142, ...,  0.01553091,
          0.05042572,  0.        ]],

       [[ 0.        , -0.14138468, -0.27215914, ...,  0.0595318 ,
         -0.01954771, -0.13765943],
        [ 0.14138468,  0.        , -0.1333775 , ...,  0.20006771,
          0.12200632,  0.00376204],
        [ 0.27215914,  0.1333775 ,  0.        , ...,  0.32896105,
          0.25329731,  0.13710499],
        ...,
        [-0.0595318 , -0.20006771, -0.32896105, ...,  0.        ,
         -0.07903347, -0.19638031],
        [ 0.01954771, -0.12200632, -0.25329731, ...,  0.07903347,
          0.        , -0.11827151],
        [ 0.13765943, -0.00376204, -0.13710499, ...,  0.19638031,
          0.11827151,  0.        ]],

       ...,

       [[ 0.        ,  0.18170713,  0.13635986, ...,  0.91718122,
          0.84720983,  0.89770409],
        [-0.18170713,  0.        , -0.04592004, ...,  0.82950773,
          0.73657263,  0.80269978],
        [-0.13635986,  0.04592004,  0.        , ...,  0.85427882,
          0.76685404,  0.82923897],
        ...,
        [-0.91718122, -0.82950773, -0.85427882, ...,  0.        ,
         -0.14967225, -0.04640056],
        [-0.84720983, -0.73657263, -0.76685404, ...,  0.14967225,
          0.        ,  0.10363315],
        [-0.89770409, -0.80269978, -0.82923897, ...,  0.04640056,
         -0.10363315,  0.        ]],

       [[ 0.        , -0.4324788 , -0.57580667, ..., -0.75047815,
         -0.68149765, -0.63149505],
        [ 0.4324788 ,  0.        , -0.16558413, ..., -0.96248739,
         -0.9309651 , -0.90471916],
        [ 0.57580667,  0.16558413,  0.        , ..., -0.99412824,
         -0.97856987, -0.96277036],
        ...,
        [ 0.75047815,  0.96248739,  0.99412824, ...,  0.        ,
         -0.09881657, -0.16455358],
        [ 0.68149765,  0.9309651 ,  0.97856987, ...,  0.09881657,
          0.        , -0.06627868],
        [ 0.63149505,  0.90471916,  0.96277036, ...,  0.16455358,
          0.06627868,  0.        ]],

       [[ 0.        , -0.53613489, -0.79327076, ..., -0.88400729,
         -0.97878146, -0.9996157 ],
        [ 0.53613489,  0.        , -0.34318955, ..., -0.99684777,
         -0.93607882, -0.85867007],
        [ 0.79327076,  0.34318955,  0.        , ..., -0.90907742,
         -0.7584964 , -0.63062524],
        ...,
        [ 0.88400729,  0.99684777,  0.90907742, ...,  0.        ,
          0.2764148 ,  0.44278798],
        [ 0.97878146,  0.93607882,  0.7584964 , ..., -0.2764148 ,
          0.        ,  0.17769547],
        [ 0.9996157 ,  0.85867007,  0.63062524, ..., -0.44278798,
         -0.17769547,  0.        ]]]), 'num': array([ 8.77119539e-01,  4.80271922e-01,  2.65805516e-05, -1.42405678e-09,
        1.40080352e-04,  1.40643300e-04,  1.37922382e-04,  1.91008426e-04,
        7.50597999e-07,  1.39817642e-04,  1.41290691e-04,  1.41026418e-04,
        4.43535181e-07,  1.46443677e-04,  1.36137704e-04])}
{'img': array([[[ 0.00000000e+00, -2.85809565e-01, -2.85809565e-01, ...,
         -3.77959496e-01, -3.47421938e-01, -2.65115930e-01],
        [ 2.85809565e-01,  0.00000000e+00,  0.00000000e+00, ...,
         -9.75846373e-02, -6.49235550e-02,  2.15253114e-02],
        [ 2.85809565e-01,  0.00000000e+00,  0.00000000e+00, ...,
         -9.75846373e-02, -6.49235550e-02,  2.15253114e-02],
        ...,
        [ 3.77959496e-01,  9.75846373e-02,  9.75846373e-02, ...,
          0.00000000e+00,  3.27650674e-02,  1.18984603e-01],
        [ 3.47421938e-01,  6.49235550e-02,  6.49235550e-02, ...,
         -3.27650674e-02,  0.00000000e+00,  8.63884107e-02],
        [ 2.65115930e-01, -2.15253114e-02, -2.15253114e-02, ...,
         -1.18984603e-01, -8.63884107e-02,  0.00000000e+00]],

       [[ 0.00000000e+00, -2.71625814e-01, -2.33558335e-01, ...,
         -1.96895427e-01, -2.46083547e-01, -2.33938558e-01],
        [ 2.71625814e-01,  0.00000000e+00,  3.93361750e-02, ...,
          7.68158642e-02,  2.64414171e-02,  3.89454177e-02],
        [ 2.33558335e-01, -3.93361750e-02,  0.00000000e+00, ...,
          3.75364630e-02, -1.29014694e-02, -3.91056972e-04],
        ...,
        [ 1.96895427e-01, -7.68158642e-02, -3.75364630e-02, ...,
          0.00000000e+00, -5.04257162e-02, -3.79272416e-02],
        [ 2.46083547e-01, -2.64414171e-02,  1.29014694e-02, ...,
          5.04257162e-02,  0.00000000e+00,  1.25104440e-02],
        [ 2.33938558e-01, -3.89454177e-02,  3.91056972e-04, ...,
          3.79272416e-02, -1.25104440e-02,  0.00000000e+00]],

       [[ 0.00000000e+00, -1.33377502e-01, -2.45124738e-01, ...,
          1.22006316e-01,  3.76204494e-03, -3.67876697e-01],
        [ 1.33377502e-01,  0.00000000e+00, -1.13626262e-01, ...,
          2.53297308e-01,  1.37104990e-01, -2.40565483e-01],
        [ 2.45124738e-01,  1.13626262e-01,  0.00000000e+00, ...,
          3.61577582e-01,  2.48770274e-01, -1.28718086e-01],
        ...,
        [-1.22006316e-01, -2.53297308e-01, -3.61577582e-01, ...,
          0.00000000e+00, -1.18271512e-01, -4.78578981e-01],
        [-3.76204494e-03, -1.37104990e-01, -2.48770274e-01, ...,
          1.18271512e-01,  0.00000000e+00, -3.71372324e-01],
        [ 3.67876697e-01,  2.40565483e-01,  1.28718086e-01, ...,
          4.78578981e-01,  3.71372324e-01,  0.00000000e+00]],

       ...,

       [[ 0.00000000e+00, -4.59200367e-02, -1.20657689e-01, ...,
          7.36572632e-01,  8.02699782e-01,  8.13665481e-01],
        [ 4.59200367e-02,  0.00000000e+00, -7.49458563e-02, ...,
          7.66854040e-01,  8.29238973e-01,  8.39502011e-01],
        [ 1.20657689e-01,  7.49458563e-02,  0.00000000e+00, ...,
          8.12799208e-01,  8.68793629e-01,  8.77863323e-01],
        ...,
        [-7.36572632e-01, -7.66854040e-01, -8.12799208e-01, ...,
          0.00000000e+00,  1.03633155e-01,  1.22135278e-01],
        [-8.02699782e-01, -8.29238973e-01, -8.68793629e-01, ...,
         -1.03633155e-01,  0.00000000e+00,  1.86203503e-02],
        [-8.13665481e-01, -8.39502011e-01, -8.77863323e-01, ...,
         -1.22135278e-01, -1.86203503e-02,  0.00000000e+00]],

       [[ 0.00000000e+00, -4.11091333e-01, -6.56151833e-01, ...,
         -6.96095045e-01, -6.45497699e-01, -5.55397362e-01],
        [ 4.11091333e-01,  0.00000000e+00, -2.87922781e-01, ...,
         -9.29699055e-01, -9.02407961e-01, -8.48154418e-01],
        [ 6.56151833e-01,  2.87922781e-01,  0.00000000e+00, ...,
         -9.96377410e-01, -9.88255194e-01, -9.64764983e-01],
        ...,
        [ 6.96095045e-01,  9.29699055e-01,  9.96377410e-01, ...,
          0.00000000e+00, -6.82162511e-02, -1.80114927e-01],
        [ 6.45497699e-01,  9.02407961e-01,  9.88255194e-01, ...,
          6.82162511e-02,  0.00000000e+00, -1.12594747e-01],
        [ 5.55397362e-01,  8.48154418e-01,  9.64764983e-01, ...,
          1.80114927e-01,  1.12594747e-01,  0.00000000e+00]],

       [[ 0.00000000e+00, -6.67229658e-01, -8.11561495e-01, ...,
         -9.90473292e-01, -9.98516118e-01, -9.49937640e-01],
        [ 6.67229658e-01,  0.00000000e+00, -2.14652970e-01, ...,
         -8.29636904e-01, -7.07411478e-01, -4.99094061e-01],
        [ 8.11561495e-01,  2.14652970e-01,  0.00000000e+00, ...,
         -6.90456917e-01, -5.39204848e-01, -3.01453307e-01],
        ...,
        [ 9.90473292e-01,  8.29636904e-01,  6.90456917e-01, ...,
          0.00000000e+00,  1.91438801e-01,  4.40274171e-01],
        [ 9.98516118e-01,  7.07411478e-01,  5.39204848e-01, ...,
         -1.91438801e-01,  0.00000000e+00,  2.60245214e-01],
        [ 9.49937640e-01,  4.99094061e-01,  3.01453307e-01, ...,
         -4.40274171e-01, -2.60245214e-01,  0.00000000e+00]]]), 'num': array([ 8.92023631e-01,  4.51988564e-01,  2.95523899e-05,  8.62655930e-10,
        1.42268052e-04,  1.43414605e-04,  1.41408138e-04,  1.24821346e-04,
       -3.82184157e-07,  1.42172506e-04,  1.44016545e-04,  1.43567478e-04,
        4.63716777e-07,  1.48946609e-04,  1.39086480e-04])}
{'img': array([[[ 0.00000000e+00,  0.00000000e+00, -1.19434266e-01, ...,
         -6.49235550e-02,  2.15253114e-02, -2.15828962e-02],
        [ 0.00000000e+00,  0.00000000e+00, -1.19434266e-01, ...,
         -6.49235550e-02,  2.15253114e-02, -2.15828962e-02],
        [ 1.19434266e-01,  1.19434266e-01,  0.00000000e+00, ...,
          5.47234485e-02,  1.40777829e-01,  9.79780366e-02],
        ...,
        [ 6.49235550e-02,  6.49235550e-02, -5.47234485e-02, ...,
          0.00000000e+00,  8.63884107e-02,  4.33710704e-02],
        [-2.15253114e-02, -2.15253114e-02, -1.40777829e-01, ...,
         -8.63884107e-02,  0.00000000e+00, -4.30981929e-02],
        [ 2.15828962e-02,  2.15828962e-02, -9.79780366e-02, ...,
         -4.33710704e-02,  4.30981929e-02,  0.00000000e+00]],

       [[ 0.00000000e+00,  3.93361750e-02,  1.41528346e-01, ...,
          2.64414171e-02,  3.89454177e-02, -6.75770723e-02],
        [-3.93361750e-02,  0.00000000e+00,  1.02478583e-01, ...,
         -1.29014694e-02, -3.91056972e-04, -1.06771025e-01],
        [-1.41528346e-01, -1.02478583e-01,  0.00000000e+00, ...,
         -1.15303600e-01, -1.02867573e-01, -2.08101676e-01],
        ...,
        [-2.64414171e-02,  1.29014694e-02,  1.15303600e-01, ...,
          0.00000000e+00,  1.25104440e-02, -9.39344184e-02],
        [-3.89454177e-02,  3.91056972e-04,  1.02867573e-01, ...,
         -1.25104440e-02,  0.00000000e+00, -1.06382195e-01],
        [ 6.75770723e-02,  1.06771025e-01,  2.08101676e-01, ...,
          9.39344184e-02,  1.06382195e-01,  0.00000000e+00]],

       [[ 0.00000000e+00, -1.13626262e-01, -1.09978341e-01, ...,
          1.37104990e-01, -2.40565483e-01, -2.80158993e-01],
        [ 1.13626262e-01,  0.00000000e+00,  3.67092997e-03, ...,
          2.48770274e-01, -1.28718086e-01, -1.69268620e-01],
        [ 1.09978341e-01, -3.67092997e-03,  0.00000000e+00, ...,
          2.45213072e-01, -1.32357611e-01, -1.72885438e-01],
        ...,
        [-1.37104990e-01, -2.48770274e-01, -2.45213072e-01, ...,
          0.00000000e+00, -3.71372324e-01, -4.09127748e-01],
        [ 2.40565483e-01,  1.28718086e-01,  1.32357611e-01, ...,
          3.71372324e-01,  0.00000000e+00, -4.09998348e-02],
        [ 2.80158993e-01,  1.69268620e-01,  1.72885438e-01, ...,
          4.09127748e-01,  4.09998348e-02,  0.00000000e+00]],

       ...,

       [[ 0.00000000e+00, -7.49458563e-02, -1.62120134e-01, ...,
          8.29238973e-01,  8.39502011e-01,  8.68950191e-01],
        [ 7.49458563e-02,  0.00000000e+00, -8.77097879e-02, ...,
          8.68793629e-01,  8.77863323e-01,  9.03597030e-01],
        [ 1.62120134e-01,  8.77097879e-02,  0.00000000e+00, ...,
          9.08876996e-01,  9.16485304e-01,  9.37688055e-01],
        ...,
        [-8.29238973e-01, -8.68793629e-01, -9.08876996e-01, ...,
          0.00000000e+00,  1.86203503e-02,  7.52612259e-02],
        [-8.39502011e-01, -8.77863323e-01, -9.16485304e-01, ...,
         -1.86203503e-02,  0.00000000e+00,  5.66806374e-02],
        [-8.68950191e-01, -9.03597030e-01, -9.37688055e-01, ...,
         -7.52612259e-02, -5.66806374e-02,  0.00000000e+00]],

       [[ 0.00000000e+00, -5.49071267e-01, -7.63895059e-01, ...,
         -6.58207131e-01, -5.66885811e-01, -5.22579177e-01],
        [ 5.49071267e-01,  0.00000000e+00, -2.84106884e-01, ...,
         -9.63474518e-01, -9.26112214e-01, -9.04891980e-01],
        [ 7.63895059e-01,  2.84106884e-01,  0.00000000e+00, ...,
         -9.99856083e-01, -9.95128348e-01, -9.88531367e-01],
        ...,
        [ 6.58207131e-01,  9.63474518e-01,  9.99856083e-01, ...,
          0.00000000e+00, -1.15456105e-01, -1.67764438e-01],
        [ 5.66885811e-01,  9.26112214e-01,  9.95128348e-01, ...,
          1.15456105e-01,  0.00000000e+00, -5.28227693e-02],
        [ 5.22579177e-01,  9.04891980e-01,  9.88531367e-01, ...,
          1.67764438e-01,  5.28227693e-02,  0.00000000e+00]],

       [[ 0.00000000e+00, -5.78146797e-01, -7.57081869e-01, ...,
         -9.77990560e-01, -8.63495661e-01, -7.68839623e-01],
        [ 5.78146797e-01,  0.00000000e+00, -2.40013029e-01, ...,
         -6.77344712e-01, -4.12962444e-01, -2.57630295e-01],
        [ 7.57081869e-01,  2.40013029e-01,  0.00000000e+00, ...,
         -4.80976327e-01, -1.82300015e-01, -1.81886297e-02],
        ...,
        [ 9.77990560e-01,  6.77344712e-01,  4.80976327e-01, ...,
          0.00000000e+00,  3.13088040e-01,  4.64950179e-01],
        [ 8.63495661e-01,  4.12962444e-01,  1.82300015e-01, ...,
         -3.13088040e-01,  0.00000000e+00,  1.64386015e-01],
        [ 7.68839623e-01,  2.57630295e-01,  1.81886297e-02, ...,
         -4.64950179e-01, -1.64386015e-01,  0.00000000e+00]]]), 'num': array([ 7.50738545e-01,  6.60599353e-01,  6.12358642e-06, -8.31891251e-10,
        1.18604200e-04,  1.21101979e-04,  1.18604200e-04,  1.21448445e-04,
       -1.36974959e-06,  1.19587197e-04,  1.21404129e-04,  1.21044234e-04,
        3.56917120e-07,  1.25661850e-04,  1.17146409e-04])}
{'img': array([[[ 0.00000000e+00, -1.19434266e-01,  1.70615041e-01, ...,
          2.15253114e-02, -2.15828962e-02, -2.07459652e-01],
        [ 1.19434266e-01,  0.00000000e+00,  2.87076889e-01, ...,
          1.40777829e-01,  9.79780366e-02, -8.91388758e-02],
        [-1.70615041e-01, -2.87076889e-01,  0.00000000e+00, ...,
         -1.49365808e-01, -1.91841741e-01, -3.71320897e-01],
        ...,
        [-2.15253114e-02, -1.40777829e-01,  1.49365808e-01, ...,
          0.00000000e+00, -4.30981929e-02, -2.28468582e-01],
        [ 2.15828962e-02, -9.79780366e-02,  1.91841741e-01, ...,
          4.30981929e-02,  0.00000000e+00, -1.86297997e-01],
        [ 2.07459652e-01,  8.91388758e-02,  3.71320897e-01, ...,
          2.28468582e-01,  1.86297997e-01,  0.00000000e+00]],

       [[ 0.00000000e+00,  1.02478583e-01, -1.29537998e-01, ...,
         -3.91056972e-04, -1.06771025e-01, -7.11202696e-02],
        [-1.02478583e-01,  0.00000000e+00, -2.30471154e-01, ...,
         -1.02867573e-01, -2.08101676e-01, -1.72964918e-01],
        [ 1.29537998e-01,  2.30471154e-01,  0.00000000e+00, ...,
          1.29150226e-01,  2.29260912e-02,  5.86889328e-02],
        ...,
        [ 3.91056972e-04,  1.02867573e-01, -1.29150226e-01, ...,
          0.00000000e+00, -1.06382195e-01, -7.07301974e-02],
        [ 1.06771025e-01,  2.08101676e-01, -2.29260912e-02, ...,
          1.06382195e-01,  0.00000000e+00,  3.57869332e-02],
        [ 7.11202696e-02,  1.72964918e-01, -5.86889328e-02, ...,
          7.07301974e-02, -3.57869332e-02,  0.00000000e+00]],

       [[ 0.00000000e+00,  3.67092997e-03,  3.67092997e-03, ...,
         -1.28718086e-01, -1.69268620e-01, -2.39423307e-01],
        [-3.67092997e-03,  0.00000000e+00,  0.00000000e+00, ...,
         -1.32357611e-01, -1.72885438e-01, -2.42985856e-01],
        [-3.67092997e-03,  0.00000000e+00,  0.00000000e+00, ...,
         -1.32357611e-01, -1.72885438e-01, -2.42985856e-01],
        ...,
        [ 1.28718086e-01,  1.32357611e-01,  1.32357611e-01, ...,
          0.00000000e+00, -4.09998348e-02, -1.12457242e-01],
        [ 1.69268620e-01,  1.72885438e-01,  1.72885438e-01, ...,
          4.09998348e-02,  0.00000000e+00, -7.16229280e-02],
        [ 2.39423307e-01,  2.42985856e-01,  2.42985856e-01, ...,
          1.12457242e-01,  7.16229280e-02,  0.00000000e+00]],

       ...,

       [[ 0.00000000e+00, -8.77097879e-02,  5.34241336e-01, ...,
          8.77863323e-01,  9.03597030e-01,  8.05876820e-01],
        [ 8.77097879e-02,  0.00000000e+00,  6.06326298e-01, ...,
          9.16485304e-01,  9.37688055e-01,  8.54702522e-01],
        [-5.34241336e-01, -6.06326298e-01,  0.00000000e+00, ...,
          4.86231775e-01,  5.34979324e-01,  3.64918131e-01],
        ...,
        [-8.77863323e-01, -9.16485304e-01, -4.86231775e-01, ...,
          0.00000000e+00,  5.66806374e-02, -1.33824676e-01],
        [-9.03597030e-01, -9.37688055e-01, -5.34979324e-01, ...,
         -5.66806374e-02,  0.00000000e+00, -1.89780330e-01],
        [-8.05876820e-01, -8.54702522e-01, -3.64918131e-01, ...,
          1.33824676e-01,  1.89780330e-01,  0.00000000e+00]],

       [[ 0.00000000e+00, -6.09834168e-01, -8.14901562e-01, ...,
         -5.89136416e-01, -5.43508210e-01, -5.60606552e-01],
        [ 6.09834168e-01,  0.00000000e+00, -2.92373649e-01, ...,
         -9.59674214e-01, -9.42643192e-01, -9.49289855e-01],
        [ 8.14901562e-01,  2.92373649e-01,  0.00000000e+00, ...,
         -9.99930938e-01, -9.99048533e-01, -9.99732770e-01],
        ...,
        [ 5.89136416e-01,  9.59674214e-01,  9.99930938e-01, ...,
          0.00000000e+00, -5.53504862e-02, -3.48645127e-02],
        [ 5.43508210e-01,  9.42643192e-01,  9.99048533e-01, ...,
          5.53504862e-02,  0.00000000e+00,  2.05057708e-02],
        [ 5.60606552e-01,  9.49289855e-01,  9.99732770e-01, ...,
          3.48645127e-02, -2.05057708e-02,  0.00000000e+00]],

       [[ 0.00000000e+00, -2.42075509e-01, -2.69326366e-01, ...,
         -4.15784075e-01, -2.59792964e-01, -3.22347118e-01],
        [ 2.42075509e-01,  0.00000000e+00, -2.81853344e-02, ...,
         -1.83258775e-01, -1.83023624e-02, -8.36057896e-02],
        [ 2.69326366e-01,  2.81853344e-02,  0.00000000e+00, ...,
         -1.55477961e-01,  9.88552209e-03, -5.54859193e-02],
        ...,
        [ 4.15784075e-01,  1.83258775e-01,  1.55477961e-01, ...,
          0.00000000e+00,  1.65235672e-01,  1.00427268e-01],
        [ 2.59792964e-01,  1.83023624e-02, -9.88552209e-03, ...,
         -1.65235672e-01,  0.00000000e+00, -6.53535013e-02],
        [ 3.22347118e-01,  8.36057896e-02,  5.54859193e-02, ...,
         -1.00427268e-01,  6.53535013e-02,  0.00000000e+00]]]), 'num': array([ 8.46199829e-01,  5.32865524e-01,  2.16092624e-05, -2.23919054e-09,
        1.32432082e-04,  1.33802069e-04,  1.30788097e-04,  1.90227269e-04,
       -2.00931434e-06,  1.34971124e-04,  1.37350335e-04,  1.37144837e-04,
        4.02441227e-07,  1.42677853e-04,  1.32022817e-04])}
{'img': array([[[ 0.        ,  0.28707689,  0.3278829 , ...,  0.09797804,
         -0.08913888, -0.34587132],
        [-0.28707689,  0.        ,  0.04287469, ..., -0.19184174,
         -0.3713209 , -0.60067181],
        [-0.3278829 , -0.04287469,  0.        , ..., -0.23374366,
         -0.4107888 , -0.6343976 ],
        ...,
        [-0.09797804,  0.19184174,  0.23374366, ...,  0.        ,
         -0.186298  , -0.43613821],
        [ 0.08913888,  0.3713209 ,  0.4107888 , ...,  0.186298  ,
          0.        , -0.26085708],
        [ 0.34587132,  0.60067181,  0.6343976 , ...,  0.43613821,
          0.26085708,  0.        ]],

       [[ 0.        , -0.23047115, -0.22664596, ..., -0.20810168,
         -0.17296492, -0.09754116],
        [ 0.23047115,  0.        ,  0.0039292 , ...,  0.02292609,
          0.05868893,  0.13445688],
        [ 0.22664596, -0.0039292 ,  0.        , ...,  0.01899775,
          0.05476606,  0.13056233],
        ...,
        [ 0.20810168, -0.02292609, -0.01899775, ...,  0.        ,
          0.03578693,  0.11170363],
        [ 0.17296492, -0.05868893, -0.05476606, ..., -0.03578693,
          0.        ,  0.07606912],
        [ 0.09754116, -0.13445688, -0.13056233, ..., -0.11170363,
         -0.07606912,  0.        ]],

       [[ 0.        ,  0.        , -0.02570327, ..., -0.17288544,
         -0.24298586, -0.36134757],
        [ 0.        ,  0.        , -0.02570327, ..., -0.17288544,
         -0.24298586, -0.36134757],
        [ 0.02570327,  0.02570327,  0.        , ..., -0.14751209,
         -0.21797264, -0.33726166],
        ...,
        [ 0.17288544,  0.17288544,  0.14751209, ...,  0.        ,
         -0.07162293, -0.19470261],
        [ 0.24298586,  0.24298586,  0.21797264, ...,  0.07162293,
          0.        , -0.12395033],
        [ 0.36134757,  0.36134757,  0.33726166, ...,  0.19470261,
          0.12395033,  0.        ]],

       ...,

       [[ 0.        ,  0.6063263 ,  0.39790302, ...,  0.93768805,
          0.85470252,  0.84914247],
        [-0.6063263 ,  0.        , -0.23984158, ...,  0.53497932,
          0.36491813,  0.355012  ],
        [-0.39790302,  0.23984158,  0.        , ...,  0.72199816,
          0.57756893,  0.56886864],
        ...,
        [-0.93768805, -0.53497932, -0.72199816, ...,  0.        ,
         -0.18978033, -0.20019443],
        [-0.85470252, -0.36491813, -0.57756893, ...,  0.18978033,
          0.        , -0.01061776],
        [-0.84914247, -0.355012  , -0.56886864, ...,  0.20019443,
          0.01061776,  0.        ]],

       [[ 0.        , -0.64707609, -0.80295752, ..., -0.57119251,
         -0.5889298 , -0.64867898],
        [ 0.64707609,  0.        , -0.22651441, ..., -0.96662219,
         -0.97197172, -0.98703446],
        [ 0.80295752,  0.22651441,  0.        , ..., -0.99953193,
         -0.99996109, -0.99773676],
        ...,
        [ 0.57119251,  0.96662219,  0.99953193, ...,  0.        ,
          0.02177432,  0.09773318],
        [ 0.5889298 ,  0.97197172,  0.99996109, ..., -0.02177432,
          0.        ,  0.07603993],
        [ 0.64867898,  0.98703446,  0.99773676, ..., -0.09773318,
         -0.07603993,  0.        ]],

       [[ 0.        , -0.02818533, -0.08473251, ..., -0.01830236,
         -0.08360579, -0.35037338],
        [ 0.02818533,  0.        , -0.05661487, ...,  0.00988552,
         -0.05548592, -0.32383551],
        [ 0.08473251,  0.05661487,  0.        , ...,  0.06648177,
          0.00113073, -0.26975202],
        ...,
        [ 0.01830236, -0.00988552, -0.06648177, ...,  0.        ,
         -0.0653535 , -0.33317252],
        [ 0.08360579,  0.05548592, -0.00113073, ...,  0.0653535 ,
          0.        , -0.27084066],
        [ 0.35037338,  0.32383551,  0.26975202, ...,  0.33317252,
          0.27084066,  0.        ]]]), 'num': array([ 9.93314824e-01,  1.15435896e-01,  6.02938824e-05, -8.64985398e-09,
        1.55541979e-04,  1.56823918e-04,  1.53298585e-04,  1.03025195e-04,
        6.40969693e-07,  1.57251231e-04,  1.60285154e-04,  1.60370617e-04,
        4.17489838e-07,  1.66803746e-04,  1.53766563e-04])}
{'img': array([[[ 0.        ,  0.04287469,  0.05360726, ..., -0.3713209 ,
         -0.60067181, -0.53850428],
        [-0.04287469,  0.        ,  0.01074493, ..., -0.4107888 ,
         -0.6343976 , -0.57413629],
        [-0.05360726, -0.01074493,  0.        , ..., -0.42056156,
         -0.64266688, -0.58290066],
        ...,
        [ 0.3713209 ,  0.4107888 ,  0.42056156, ...,  0.        ,
         -0.26085708, -0.18712026],
        [ 0.60067181,  0.6343976 ,  0.64266688, ...,  0.26085708,
          0.        ,  0.07560789],
        [ 0.53850428,  0.57413629,  0.58290066, ...,  0.18712026,
         -0.07560789,  0.        ]],

       [[ 0.        ,  0.0039292 , -0.07807349, ...,  0.05868893,
          0.13445688, -0.09351119],
        [-0.0039292 ,  0.        , -0.08199009, ...,  0.05476606,
          0.13056233, -0.09742245],
        [ 0.07807349,  0.08199009,  0.        , ...,  0.13644871,
          0.21141101, -0.01549437],
        ...,
        [-0.05868893, -0.05476606, -0.13644871, ...,  0.        ,
          0.07606912, -0.15178178],
        [-0.13445688, -0.13056233, -0.21141101, ..., -0.07606912,
          0.        , -0.22652978],
