state_0,state_1,state_2,state_3,state_4,state_5,state_6,state_7,state_8,state_9,state_10,state_11,state_12,state_13,state_14,state_15,state_16,state_17,state_18,state_19,state_20,state_21,state_22,state_23,state_24,state_25,state_26,state_27,state_28,state_29,state_30,state_31,state_32,state_33,state_34,state_35,state_36,state_37,state_38,state_39,state_40,state_41,state_42,state_43,state_44,state_45,state_46,state_47,state_48,state_49,state_50,state_51,state_52,state_53,state_54,state_55,state_56,state_57,state_58,state_59,state_60,state_61,state_62,state_63,state_64,state_65,state_66,state_67,state_68,state_69,state_70,state_71,state_72,state_73,state_74,state_75,state_76,state_77,state_78,state_79,state_80,state_81,state_82,state_83,state_84,state_85,state_86,state_87,state_88,state_89,state_90,state_91,state_92,state_93,state_94,state_95,state_96,state_97,state_98,state_99,state_100,state_101,state_102,state_103,state_104,state_105,state_106,state_107,state_108,state_109,state_110,state_111,state_112,state_113,state_114,state_115,state_116,state_117,state_118,state_119,state_120,state_121,state_122,state_123,state_124,state_125,state_126,state_127,state_128,state_129,state_130,state_131,state_132,state_133,state_134,state_135,state_136,state_137,state_138,state_139,state_140,state_141,state_142,state_143,state_144,state_145,state_146,state_147,state_148,state_149,state_150,state_151,state_152,state_153,state_154,state_155,state_156,state_157,state_158,state_159,state_160,state_161,state_162,state_163,state_164,state_165,state_166,state_167,state_168,state_169,state_170,state_171,state_172,state_173,state_174,state_175,state_176,state_177,state_178,state_179,state_180,state_181,state_182,state_183,state_184,state_185,state_186,state_187,state_188,state_189,state_190,state_191,state_192,state_193,state_194,state_195,state_196,state_197,state_198,state_199,state_200,state_201,state_202,state_203,state_204,state_205,state_206,state_207,state_208,state_209,state_210,state_211,state_212,state_213,state_214,state_215,state_216,state_217,state_218,state_219,state_220,state_221,state_222,state_223,state_224,state_225,state_226,state_227,state_228,state_229,state_230,state_231,state_232,state_233,state_234,state_235,state_236,state_237,state_238,state_239,state_240,state_241,state_242,state_243,state_244,state_245,state_246,state_247,state_248,state_249,state_250,state_251,state_252,state_253,state_254,state_255,state_256,state_257,state_258,state_259,state_260,state_261,state_262,state_263,state_264,state_265,state_266,state_267,state_268,state_269,state_270,state_271,state_272,state_273,state_274,state_275,state_276,state_277,state_278,state_279,state_280,state_281,state_282,state_283,state_284,state_285,state_286,state_287
{'img': array([[[ 0.        ,  0.18800869,  0.24712647, ..., -0.74449019,
         -0.73747095, -0.69646392],
        [-0.18800869,  0.        ,  0.06054228, ..., -0.85673485,
         -0.851297  , -0.81895763],
        [-0.24712647, -0.06054228,  0.        , ..., -0.8863884 ,
         -0.88150098, -0.85219779],
        ...,
        [ 0.74449019,  0.85673485,  0.8863884 , ...,  0.        ,
          0.01045269,  0.06925749],
        [ 0.73747095,  0.851297  ,  0.88150098, ..., -0.01045269,
          0.        ,  0.05882612],
        [ 0.69646392,  0.81895763,  0.85219779, ..., -0.06925749,
         -0.05882612,  0.        ]],

       [[ 0.        ,  0.48596047,  0.50617933, ...,  0.22459007,
          0.01039819,  0.26474598],
        [-0.48596047,  0.        ,  0.02328496, ..., -0.27725839,
         -0.47684639, -0.23723762],
        [-0.50617933, -0.02328496,  0.        , ..., -0.29955531,
         -0.49718427, -0.25979351],
        ...,
        [-0.22459007,  0.27725839,  0.29955531, ...,  0.        ,
         -0.21444539,  0.04140631],
        [-0.01039819,  0.47684639,  0.49718427, ...,  0.21444539,
          0.        ,  0.25470451],
        [-0.26474598,  0.23723762,  0.25979351, ..., -0.04140631,
         -0.25470451,  0.        ]],

       [[ 0.        ,  0.00574194,  0.07110874, ..., -0.86150441,
         -0.96140471, -0.95172891],
        [-0.00574194,  0.        ,  0.06538017, ..., -0.86440568,
         -0.96296869, -0.95347565],
        [-0.07110874, -0.06538017,  0.        , ..., -0.89542904,
         -0.97853571, -0.97114578],
        ...,
        [ 0.86150441,  0.86440568,  0.89542904, ...,  0.        ,
         -0.25112062, -0.21881039],
        [ 0.96140471,  0.96296869,  0.97853571, ...,  0.25112062,
          0.        ,  0.03323653],
        [ 0.95172891,  0.95347565,  0.97114578, ...,  0.21881039,
         -0.03323653,  0.        ]],

       ...,

       [[ 0.        ,  0.24992766,  0.33505526, ..., -0.6371267 ,
         -0.95353722, -0.99997786],
        [-0.24992766,  0.        ,  0.08894066, ..., -0.80954119,
         -0.99857327, -0.96658003],
        [-0.33505526, -0.08894066,  0.        , ..., -0.8585467 ,
         -0.99936517, -0.93994813],
        ...,
        [ 0.6371267 ,  0.80954119,  0.8585467 , ...,  0.        ,
         -0.54299697, -0.77498153],
        [ 0.95353722,  0.99857327,  0.99936517, ...,  0.54299697,
          0.        , -0.30761351],
        [ 0.99997786,  0.96658003,  0.93994813, ...,  0.77498153,
          0.30761351,  0.        ]],

       [[ 0.        , -0.17030931, -0.12343191, ...,  0.8211797 ,
          0.8040219 ,  0.74459654],
        [ 0.17030931,  0.        ,  0.04737831, ...,  0.90637316,
          0.89354152,  0.84740245],
        [ 0.12343191, -0.04737831,  0.        , ...,  0.88533903,
          0.87126615,  0.82129527],
        ...,
        [-0.8211797 , -0.90637316, -0.88533903, ...,  0.        ,
         -0.02944227, -0.12323091],
        [-0.8040219 , -0.89354152, -0.87126615, ...,  0.02944227,
          0.        , -0.09395963],
        [-0.74459654, -0.84740245, -0.82129527, ...,  0.12323091,
          0.09395963,  0.        ]],

       [[ 0.        ,  0.12079809,  0.15989586, ..., -0.98494353,
         -0.99977352, -0.93041904],
        [-0.12079809,  0.        ,  0.03948108, ..., -0.99861402,
         -0.98988148, -0.87933347],
        [-0.15989586, -0.03948108,  0.        , ..., -0.99991335,
         -0.98350745, -0.85984673],
        ...,
        [ 0.98494353,  0.99861402,  0.99991335, ...,  0.        ,
         -0.19379854, -0.5218268 ],
        [ 0.99977352,  0.98988148,  0.98350745, ...,  0.19379854,
          0.        , -0.34661353],
        [ 0.93041904,  0.87933347,  0.85984673, ...,  0.5218268 ,
          0.34661353,  0.        ]]]), 'num': array([7.07096800e-01, 7.07096800e-01, 0.00000000e+00, 0.00000000e+00,
       2.49680273e-04, 2.53647950e-04, 2.43870459e-04, 5.26126781e-03,
       5.38470509e-06, 2.42935221e-04, 2.66542902e-04, 2.92332805e-04,
       2.81881845e-07, 3.22247267e-04, 2.10838537e-04])}
{'img': array([[[ 0.        ,  0.06054228, -0.03644099, ..., -0.851297  ,
         -0.81895763, -0.71879951],
        [-0.06054228,  0.        , -0.09687621, ..., -0.88150098,
         -0.85219779, -0.75957102],
        [ 0.03644099,  0.09687621,  0.        , ..., -0.83161156,
         -0.79750187, -0.69298768],
        ...,
        [ 0.851297  ,  0.88150098,  0.83161156, ...,  0.        ,
          0.05882612,  0.21469382],
        [ 0.81895763,  0.85219779,  0.79750187, ..., -0.05882612,
          0.        ,  0.15686765],
        [ 0.71879951,  0.75957102,  0.69298768, ..., -0.21469382,
         -0.15686765,  0.        ]],

       [[ 0.        ,  0.02328496, -0.46848655, ..., -0.47684639,
         -0.23723762, -0.38445223],
        [-0.02328496,  0.        , -0.48893111, ..., -0.49718427,
         -0.25979351, -0.40584338],
        [ 0.46848655,  0.48893111,  0.        , ..., -0.00948636,
          0.24551956,  0.09282871],
        ...,
        [ 0.47684639,  0.49718427,  0.00948636, ...,  0.        ,
          0.25470451,  0.10226993],
        [ 0.23723762,  0.25979351, -0.24551956, ..., -0.25470451,
          0.        , -0.15447206],
        [ 0.38445223,  0.40584338, -0.09282871, ..., -0.10226993,
          0.15447206,  0.        ]],

       [[ 0.        ,  0.06538017,  0.11628928, ..., -0.96296869,
         -0.95347565, -0.86551449],
        [-0.06538017,  0.        ,  0.05110388, ..., -0.97853571,
         -0.97114578, -0.89641053],
        [-0.11628928, -0.05110388,  0.        , ..., -0.98778845,
         -0.98206442, -0.91788973],
        ...,
        [ 0.96296869,  0.97853571,  0.98778845, ...,  0.        ,
          0.03323653,  0.24898132],
        [ 0.95347565,  0.97114578,  0.98206442, ..., -0.03323653,
          0.        ,  0.2166539 ],
        [ 0.86551449,  0.89641053,  0.91788973, ..., -0.24898132,
         -0.2166539 ,  0.        ]],

       ...,

       [[ 0.        ,  0.08894066,  0.15575742, ..., -0.99857327,
         -0.96658003, -0.93212159],
        [-0.08894066,  0.        ,  0.06728498, ..., -0.99936517,
         -0.93994813, -0.96063698],
        [-0.15575742, -0.06728498,  0.        , ..., -0.99470327,
         -0.91485248, -0.9771522 ],
        ...,
        [ 0.99857327,  0.99936517,  0.99470327, ...,  0.        ,
         -0.30761351,  0.31185461],
        [ 0.96658003,  0.93994813,  0.91485248, ...,  0.30761351,
          0.        ,  0.58900599],
        [ 0.93212159,  0.96063698,  0.9771522 , ..., -0.31185461,
         -0.58900599,  0.        ]],

       [[ 0.        ,  0.04737831,  0.04737831, ...,  0.89354152,
          0.84740245,  0.82032488],
        [-0.04737831,  0.        ,  0.        , ...,  0.87126615,
          0.82129527,  0.79230812],
        [-0.04737831,  0.        ,  0.        , ...,  0.87126615,
          0.82129527,  0.79230812],
        ...,
        [-0.89354152, -0.87126615, -0.87126615, ...,  0.        ,
         -0.09395963, -0.14270449],
        [-0.84740245, -0.82129527, -0.82129527, ...,  0.09395963,
          0.        , -0.04907519],
        [-0.82032488, -0.79230812, -0.79230812, ...,  0.14270449,
          0.04907519,  0.        ]],

       [[ 0.        ,  0.03889442,  0.03889442, ..., -0.99888641,
         -0.97792978, -0.87293525],
        [-0.03889442,  0.        ,  0.        , ..., -0.99629554,
         -0.96906345, -0.85330063],
        [-0.03889442,  0.        ,  0.        , ..., -0.99629554,
         -0.96906345, -0.85330063],
        ...,
        [ 0.99888641,  0.99629554,  0.99629554, ...,  0.        ,
         -0.16256246, -0.44610778],
        [ 0.97792978,  0.96906345,  0.96906345, ...,  0.16256246,
          0.        , -0.29468375],
        [ 0.87293525,  0.85330063,  0.85330063, ...,  0.44610778,
          0.29468375,  0.        ]]]), 'num': array([7.07101364e-01, 7.07101364e-01, 0.00000000e+00, 0.00000000e+00,
       2.50106995e-04, 2.54924920e-04, 2.45855885e-04, 3.84358479e-03,
       4.25111040e-07, 2.45799203e-04, 2.64844178e-04, 2.91661600e-04,
       4.96456049e-07, 3.20375607e-04, 2.09312750e-04])}
{'img': array([[[ 0.        , -0.09687621, -0.08476418, ..., -0.85219779,
         -0.75957102, -0.75226616],
        [ 0.09687621,  0.        ,  0.01216207, ..., -0.79750187,
         -0.69298768, -0.68490003],
        [ 0.08476418, -0.01216207,  0.        , ..., -0.80478047,
         -0.70170466, -0.69371111],
        ...,
        [ 0.85219779,  0.79750187,  0.80478047, ...,  0.        ,
          0.15686765,  0.16787794],
        [ 0.75957102,  0.69298768,  0.70170466, ..., -0.15686765,
          0.        ,  0.01115821],
        [ 0.75226616,  0.68490003,  0.69371111, ..., -0.16787794,
         -0.01115821,  0.        ]],

       [[ 0.        , -0.48893111, -0.34980837, ..., -0.25979351,
         -0.40584338, -0.56231553],
        [ 0.48893111,  0.        ,  0.15289539, ...,  0.24551956,
          0.09282871, -0.08621217],
        [ 0.34980837, -0.15289539,  0.        , ...,  0.09441733,
         -0.06049793, -0.23752465],
        ...,
        [ 0.25979351, -0.24551956, -0.09441733, ...,  0.        ,
         -0.15447206, -0.3281788 ],
        [ 0.40584338, -0.09282871,  0.06049793, ...,  0.15447206,
          0.        , -0.17832301],
        [ 0.56231553,  0.08621217,  0.23752465, ...,  0.3281788 ,
          0.17832301,  0.        ]],

       [[ 0.        ,  0.05110388,  0.12317403, ..., -0.97114578,
         -0.89641053, -0.80891043],
        [-0.05110388,  0.        ,  0.07229836, ..., -0.98206442,
         -0.91788973, -0.83789906],
        [-0.12317403, -0.07229836,  0.        , ..., -0.99312595,
         -0.94417822, -0.87516858],
        ...,
        [ 0.97114578,  0.98206442,  0.99312595, ...,  0.        ,
          0.2166539 ,  0.37805327],
        [ 0.89641053,  0.91788973,  0.94417822, ..., -0.2166539 ,
          0.        ,  0.16849924],
        [ 0.80891043,  0.83789906,  0.87516858, ..., -0.37805327,
         -0.16849924,  0.        ]],

       ...,

       [[ 0.        ,  0.06728498, -0.23276638, ..., -0.93994813,
         -0.96063698, -0.60060883],
        [-0.06728498,  0.        , -0.29767573, ..., -0.91485248,
         -0.9771522 , -0.65304496],
        [ 0.23276638,  0.29767573,  0.        , ..., -0.99357747,
         -0.86958678, -0.39800498],
        ...,
        [ 0.93994813,  0.91485248,  0.99357747, ...,  0.        ,
          0.58900599,  0.95652716],
        [ 0.96063698,  0.9771522 ,  0.86958678, ..., -0.58900599,
          0.        ,  0.60121739],
        [ 0.60060883,  0.65304496,  0.39800498, ..., -0.95652716,
         -0.60121739,  0.        ]],

       [[ 0.        ,  0.        ,  0.01614731, ...,  0.82129527,
          0.79230812,  0.74940605],
        [ 0.        ,  0.        ,  0.01614731, ...,  0.82129527,
          0.79230812,  0.74940605],
        [-0.01614731, -0.01614731,  0.        , ...,  0.8119761 ,
          0.78235301,  0.73861704],
        ...,
        [-0.82129527, -0.82129527, -0.8119761 , ...,  0.        ,
         -0.04907519, -0.11624971],
        [-0.79230812, -0.79230812, -0.78235301, ...,  0.04907519,
          0.        , -0.06736718],
        [-0.74940605, -0.74940605, -0.73861704, ...,  0.11624971,
          0.06736718,  0.        ]],

       [[ 0.        ,  0.        ,  0.00827065, ..., -0.98810757,
         -0.95951713, -0.84780363],
        [ 0.        ,  0.        ,  0.00827065, ..., -0.98810757,
         -0.95951713, -0.84780363],
        [-0.00827065, -0.00827065,  0.        , ..., -0.98680204,
         -0.95715488, -0.84338862],
        ...,
        [ 0.98810757,  0.98810757,  0.98680204, ...,  0.        ,
         -0.13076135, -0.39364174],
        [ 0.95951713,  0.95951713,  0.95715488, ...,  0.13076135,
          0.        , -0.27005769],
        [ 0.84780363,  0.84780363,  0.84338862, ...,  0.39364174,
          0.27005769,  0.        ]]]), 'num': array([ 7.69829154e-01,  6.38237639e-01,  7.56273075e-06, -3.79669161e-11,
        2.69103303e-04,  2.77609442e-04,  2.69103303e-04,  3.89117190e-03,
       -3.86642676e-06,  2.69196097e-04,  2.86463559e-04,  3.17459414e-04,
        7.03410170e-07,  3.45818829e-04,  2.27108289e-04])}
{'img': array([[[ 0.        ,  0.01216207,  0.        , ..., -0.69298768,
         -0.68490003, -0.75296257],
        [-0.01216207,  0.        , -0.01216207, ..., -0.70170466,
         -0.69371111, -0.76091029],
        [ 0.        ,  0.01216207,  0.        , ..., -0.69298768,
         -0.68490003, -0.75296257],
        ...,
        [ 0.69298768,  0.70170466,  0.69298768, ...,  0.        ,
          0.01115821, -0.08681814],
        [ 0.68490003,  0.69371111,  0.68490003, ..., -0.01115821,
          0.        , -0.09792881],
        [ 0.75296257,  0.76091029,  0.75296257, ...,  0.08681814,
          0.09792881,  0.        ]],

       [[ 0.        ,  0.15289539, -0.25368171, ...,  0.09282871,
         -0.08621217, -0.15179345],
        [-0.15289539,  0.        , -0.39859285, ..., -0.06049793,
         -0.23752465, -0.30113239],
        [ 0.25368171,  0.39859285,  0.        , ...,  0.34237841,
          0.16934523,  0.10391417],
        ...,
        [-0.09282871,  0.06049793, -0.34237841, ...,  0.        ,
         -0.17832301, -0.24289105],
        [ 0.08621217,  0.23752465, -0.16934523, ...,  0.17832301,
          0.        , -0.06601513],
        [ 0.15179345,  0.30113239, -0.10391417, ...,  0.24289105,
          0.06601513,  0.        ]],

       [[ 0.        ,  0.07229836,  0.10649183, ..., -0.91788973,
         -0.83789906, -0.81604701],
        [-0.07229836,  0.        ,  0.03432591, ..., -0.94417822,
         -0.87516858, -0.85569886],
        [-0.10649183, -0.03432591,  0.        , ..., -0.95492996,
         -0.89126034, -0.87295736],
        ...,
        [ 0.91788973,  0.94417822,  0.95492996, ...,  0.        ,
          0.16849924,  0.20669053],
        [ 0.83789906,  0.87516858,  0.89126034, ..., -0.16849924,
          0.        ,  0.03887449],
        [ 0.81604701,  0.85569886,  0.87295736, ..., -0.20669053,
         -0.03887449,  0.        ]],

       ...,

       [[ 0.        , -0.29767573, -0.35773387, ..., -0.9771522 ,
         -0.65304496, -0.34375617],
        [ 0.29767573,  0.        , -0.06354012, ..., -0.86958678,
         -0.39800498, -0.04863764],
        [ 0.35773387,  0.06354012,  0.        , ..., -0.83645474,
         -0.33891008,  0.01492557],
        ...,
        [ 0.9771522 ,  0.86958678,  0.83645474, ...,  0.        ,
          0.60121739,  0.84454131],
        [ 0.65304496,  0.39800498,  0.33891008, ..., -0.60121739,
          0.        ,  0.35291458],
        [ 0.34375617,  0.04863764, -0.01492557, ..., -0.84454131,
         -0.35291458,  0.        ]],

       [[ 0.        ,  0.01614731, -0.14145292, ...,  0.79230812,
          0.74940605,  0.65477068],
        [-0.01614731,  0.        , -0.15741943, ...,  0.78235301,
          0.73861704,  0.64248073],
        [ 0.14145292,  0.15741943,  0.        , ...,  0.87064487,
          0.83552825,  0.75510097],
        ...,
        [-0.79230812, -0.78235301, -0.87064487, ...,  0.        ,
         -0.06736718, -0.19935889],
        [-0.74940605, -0.73861704, -0.83552825, ...,  0.06736718,
          0.        , -0.1328911 ],
        [-0.65477068, -0.64248073, -0.75510097, ...,  0.19935889,
          0.1328911 ,  0.        ]],

       [[ 0.        ,  0.00819138,  0.01092375, ..., -0.97971167,
         -0.94794441, -0.84344677],
        [-0.00819138,  0.        ,  0.00273249, ..., -0.97803715,
         -0.94530418, -0.83901796],
        [-0.01092375, -0.00273249,  0.        , ..., -0.97746396,
         -0.94440934, -0.83752807],
        ...,
        [ 0.97971167,  0.97803715,  0.97746396, ...,  0.        ,
         -0.1219957 , -0.35727658],
        [ 0.94794441,  0.94530418,  0.94440934, ...,  0.1219957 ,
          0.        , -0.24066413],
        [ 0.84344677,  0.83901796,  0.83752807, ...,  0.35727658,
          0.24066413,  0.        ]]]), 'num': array([ 7.27986256e-01,  6.85578178e-01,  2.38113857e-06, -3.88736527e-09,
        2.60172258e-04,  2.61779161e-04,  2.55643712e-04,  4.24206411e-03,
        5.98936697e-06,  2.56286473e-04,  2.67885394e-04,  2.99239486e-04,
        7.01026271e-07,  3.20396713e-04,  2.15374075e-04])}
{'img': array([[[ 0.00000000e+00, -1.21620687e-02, -1.21620687e-02, ...,
         -6.93711110e-01, -7.60910289e-01, -6.51348414e-01],
        [ 1.21620687e-02,  0.00000000e+00,  0.00000000e+00, ...,
         -6.84900032e-01, -7.52962567e-01, -6.42071920e-01],
        [ 1.21620687e-02,  0.00000000e+00,  0.00000000e+00, ...,
         -6.84900032e-01, -7.52962567e-01, -6.42071920e-01],
        ...,
        [ 6.93711110e-01,  6.84900032e-01,  6.84900032e-01, ...,
          0.00000000e+00, -9.79288116e-02,  5.72373927e-02],
        [ 7.60910289e-01,  7.52962567e-01,  7.52962567e-01, ...,
          9.79288116e-02,  0.00000000e+00,  1.54730544e-01],
        [ 6.51348414e-01,  6.42071920e-01,  6.42071920e-01, ...,
         -5.72373927e-02, -1.54730544e-01,  0.00000000e+00]],

       [[ 0.00000000e+00, -3.98592855e-01, -1.64054399e-01, ...,
         -2.37524647e-01, -3.01132389e-01, -1.92728418e-01],
        [ 3.98592855e-01,  0.00000000e+00,  2.42733557e-01, ...,
          1.69345230e-01,  1.03914168e-01,  2.14363465e-01],
        [ 1.64054399e-01, -2.42733557e-01,  0.00000000e+00, ...,
         -7.49470852e-02, -1.40613056e-01, -2.91384677e-02],
        ...,
        [ 2.37524647e-01, -1.69345230e-01,  7.49470852e-02, ...,
          0.00000000e+00, -6.60151257e-02,  4.58587454e-02],
        [ 3.01132389e-01, -1.03914168e-01,  1.40613056e-01, ...,
          6.60151257e-02,  0.00000000e+00,  1.11704384e-01],
        [ 1.92728418e-01, -2.14363465e-01,  2.91384677e-02, ...,
         -4.58587454e-02, -1.11704384e-01,  0.00000000e+00]],

       [[ 0.00000000e+00,  3.43259071e-02,  2.60303443e-02, ...,
         -8.75168585e-01, -8.55698863e-01, -8.11846554e-01],
        [-3.43259071e-02,  0.00000000e+00, -8.29927141e-03, ...,
         -8.91260336e-01, -8.72957362e-01, -8.31410023e-01],
        [-2.60303443e-02,  8.29927141e-03,  0.00000000e+00, ...,
         -8.87465988e-01, -8.68878942e-01, -8.26769822e-01],
        ...,
        [ 8.75168585e-01,  8.91260336e-01,  8.87465988e-01, ...,
          0.00000000e+00,  3.88744927e-02,  1.18199376e-01],
        [ 8.55698863e-01,  8.72957362e-01,  8.68878942e-01, ...,
         -3.88744927e-02,  0.00000000e+00,  7.95080510e-02],
        [ 8.11846554e-01,  8.31410023e-01,  8.26769822e-01, ...,
         -1.18199376e-01, -7.95080510e-02,  0.00000000e+00]],

       ...,

       [[ 0.00000000e+00, -6.35401209e-02, -1.69917556e-01, ...,
         -3.98004976e-01, -4.86376358e-02,  3.73558762e-02],
        [ 6.35401209e-02,  0.00000000e+00, -1.06958062e-01, ...,
         -3.38910079e-01,  1.49255675e-02,  1.00776162e-01],
        [ 1.69917556e-01,  1.06958062e-01,  0.00000000e+00, ...,
         -2.36337780e-01,  1.21786096e-01,  2.06611615e-01],
        ...,
        [ 3.98004976e-01,  3.38910079e-01,  2.36337780e-01, ...,
          0.00000000e+00,  3.52914581e-01,  4.31996835e-01],
        [ 4.86376358e-02, -1.49255675e-02, -1.21786096e-01, ...,
         -3.52914581e-01,  0.00000000e+00,  8.59153531e-02],
        [-3.73558762e-02, -1.00776162e-01, -2.06611615e-01, ...,
         -4.31996835e-01, -8.59153531e-02,  0.00000000e+00]],

       [[ 0.00000000e+00, -1.57419430e-01, -1.99612549e-01, ...,
          7.38617039e-01,  6.42480731e-01,  4.19650641e-01],
        [ 1.57419430e-01,  0.00000000e+00, -4.28723979e-02, ...,
          8.35528253e-01,  7.55100973e-01,  5.57305733e-01],
        [ 1.99612549e-01,  4.28723979e-02,  0.00000000e+00, ...,
          8.58316163e-01,  7.82514209e-01,  5.92390590e-01],
        ...,
        [-7.38617039e-01, -8.35528253e-01, -8.58316163e-01, ...,
          0.00000000e+00, -1.32891105e-01, -3.87535029e-01],
        [-6.42480731e-01, -7.55100973e-01, -7.82514209e-01, ...,
          1.32891105e-01,  0.00000000e+00, -2.61591516e-01],
        [-4.19650641e-01, -5.57305733e-01, -5.92390590e-01, ...,
          3.87535029e-01,  2.61591516e-01,  0.00000000e+00]],

       [[ 0.00000000e+00,  2.73249318e-03,  8.59475348e-04, ...,
         -9.45304178e-01, -8.39017963e-01, -9.30415450e-01],
        [-2.73249318e-03,  0.00000000e+00, -1.87302003e-03, ...,
         -9.44409337e-01, -8.37528071e-01, -9.29410500e-01],
        [-8.59475348e-04,  1.87302003e-03,  0.00000000e+00, ...,
         -9.45023477e-01, -8.38550010e-01, -9.30100103e-01],
        ...,
        [ 9.45304178e-01,  9.44409337e-01,  9.45023477e-01, ...,
          0.00000000e+00, -2.40664129e-01, -4.29678737e-02],
        [ 8.39017963e-01,  8.37528071e-01,  8.38550010e-01, ...,
          2.40664129e-01,  0.00000000e+00,  1.98736883e-01],
        [ 9.30415450e-01,  9.29410500e-01,  9.30100103e-01, ...,
          4.29678737e-02, -1.98736883e-01,  0.00000000e+00]]]), 'num': array([ 7.96905402e-01,  6.04088737e-01,  1.08263147e-05, -2.15540519e-09,
        2.84810435e-04,  2.90087664e-04,  2.83850939e-04,  4.22961886e-03,
        0.00000000e+00,  2.82379711e-04,  2.89503970e-04,  3.26887005e-04,
        7.67413093e-07,  3.38252950e-04,  2.40754990e-04])}
{'img': array([[[ 0.00000000e+00,  0.00000000e+00,  7.27469244e-02, ...,
         -7.52962567e-01, -6.42071920e-01, -6.42071920e-01],
        [ 0.00000000e+00,  0.00000000e+00,  7.27469244e-02, ...,
         -7.52962567e-01, -6.42071920e-01, -6.42071920e-01],
        [-7.27469244e-02, -7.27469244e-02,  0.00000000e+00, ...,
         -7.98839627e-01, -6.96141730e-01, -6.96141730e-01],
        ...,
        [ 7.52962567e-01,  7.52962567e-01,  7.98839627e-01, ...,
          0.00000000e+00,  1.54730544e-01,  1.54730544e-01],
        [ 6.42071920e-01,  6.42071920e-01,  6.96141730e-01, ...,
         -1.54730544e-01,  0.00000000e+00,  0.00000000e+00],
        [ 6.42071920e-01,  6.42071920e-01,  6.96141730e-01, ...,
         -1.54730544e-01,  0.00000000e+00,  0.00000000e+00]],

       [[ 0.00000000e+00,  2.42733557e-01,  2.08612198e-01, ...,
          1.03914168e-01,  2.14363465e-01,  1.50168600e-01],
        [-2.42733557e-01,  0.00000000e+00, -3.50198082e-02, ...,
         -1.40613056e-01, -2.91384677e-02, -9.43035497e-02],
        [-2.08612198e-01,  3.50198082e-02,  0.00000000e+00, ...,
         -1.05854933e-01,  5.88434354e-03, -5.93819635e-02],
        ...,
        [-1.03914168e-01,  1.40613056e-01,  1.05854933e-01, ...,
          0.00000000e+00,  1.11704384e-01,  4.66198039e-02],
        [-2.14363465e-01,  2.91384677e-02, -5.88434354e-03, ...,
         -1.11704384e-01,  0.00000000e+00, -6.52548951e-02],
        [-1.50168600e-01,  9.43035497e-02,  5.93819635e-02, ...,
         -4.66198039e-02,  6.52548951e-02,  0.00000000e+00]],

       [[ 0.00000000e+00, -8.29927141e-03, -1.38340256e-02, ...,
         -8.72957362e-01, -8.31410023e-01, -7.97507023e-01],
        [ 8.29927141e-03,  0.00000000e+00, -5.53507192e-03, ...,
         -8.68878942e-01, -8.26769822e-01, -7.92472527e-01],
        [ 1.38340256e-02,  5.53507192e-03,  0.00000000e+00, ...,
         -8.66125635e-01, -8.23643455e-01, -7.89084505e-01],
        ...,
        [ 8.72957362e-01,  8.68878942e-01,  8.66125635e-01, ...,
          0.00000000e+00,  7.95080510e-02,  1.37642460e-01],
        [ 8.31410023e-01,  8.26769822e-01,  8.23643455e-01, ...,
         -7.95080510e-02,  0.00000000e+00,  5.84554231e-02],
        [ 7.97507023e-01,  7.92472527e-01,  7.89084505e-01, ...,
         -1.37642460e-01, -5.84554231e-02,  0.00000000e+00]],

       ...,

       [[ 0.00000000e+00, -1.06958062e-01,  2.05125224e-01, ...,
          1.49255675e-02,  1.00776162e-01,  1.00776162e-01],
        [ 1.06958062e-01,  0.00000000e+00,  3.08632208e-01, ...,
          1.21786096e-01,  2.06611615e-01,  2.06611615e-01],
        [-2.05125224e-01, -3.08632208e-01,  0.00000000e+00, ...,
         -1.90494188e-01, -1.05447725e-01, -1.05447725e-01],
        ...,
        [-1.49255675e-02, -1.21786096e-01,  1.90494188e-01, ...,
          0.00000000e+00,  8.59153531e-02,  8.59153531e-02],
        [-1.00776162e-01, -2.06611615e-01,  1.05447725e-01, ...,
         -8.59153531e-02,  0.00000000e+00,  0.00000000e+00],
        [-1.00776162e-01, -2.06611615e-01,  1.05447725e-01, ...,
         -8.59153531e-02,  0.00000000e+00,  0.00000000e+00]],

       [[ 0.00000000e+00, -9.94626527e-03,  1.33891010e-02, ...,
          5.66144748e-01,  3.63818477e-01, -4.65633060e-01],
        [ 9.94626527e-03,  0.00000000e+00,  2.33338124e-02, ...,
          5.74315508e-01,  3.73065127e-01, -4.56807803e-01],
        [-1.33891010e-02, -2.33338124e-02,  0.00000000e+00, ...,
          5.55057286e-01,  3.51314321e-01, -4.77440380e-01],
        ...,
        [-5.66144748e-01, -5.74315508e-01, -5.55057286e-01, ...,
          0.00000000e+00, -2.27449077e-01, -8.84849633e-01],
        [-3.63818477e-01, -3.73065127e-01, -3.51314321e-01, ...,
          2.27449077e-01,  0.00000000e+00, -7.55694471e-01],
        [ 4.65633060e-01,  4.56807803e-01,  4.77440380e-01, ...,
          8.84849633e-01,  7.55694471e-01,  0.00000000e+00]],

       [[ 0.00000000e+00, -1.87302003e-03,  2.90110268e-04, ...,
         -8.37528071e-01, -9.29410500e-01, -9.97483847e-01],
        [ 1.87302003e-03,  0.00000000e+00,  2.16312971e-03, ...,
         -8.38550010e-01, -9.30100103e-01, -9.97614884e-01],
        [-2.90110268e-04, -2.16312971e-03,  0.00000000e+00, ...,
         -8.37369521e-01, -9.29303396e-01, -9.97463238e-01],
        ...,
        [ 8.37528071e-01,  8.38550010e-01,  8.37369521e-01, ...,
          0.00000000e+00,  1.98736883e-01,  4.85643684e-01],
        [ 9.29410500e-01,  9.30100103e-01,  9.29303396e-01, ...,
         -1.98736883e-01,  0.00000000e+00,  3.02229283e-01],
        [ 9.97483847e-01,  9.97614884e-01,  9.97463238e-01, ...,
         -4.85643684e-01, -3.02229283e-01,  0.00000000e+00]]]), 'num': array([ 8.95406564e-01,  4.45224306e-01,  2.55785374e-05, -2.50404022e-09,
        3.18150006e-04,  3.23934551e-04,  3.15980801e-04,  4.64141090e-03,
       -3.79610802e-06,  3.19126148e-04,  3.22596875e-04,  3.68680421e-04,
        7.76174898e-07,  3.62036815e-04,  2.83156935e-04])}
{'img': array([[[ 0.        ,  0.07274692, -0.28913554, ..., -0.64207192,
         -0.64207192, -0.69839041],
        [-0.07274692,  0.        , -0.35800922, ..., -0.69614173,
         -0.69614173, -0.74860619],
        [ 0.28913554,  0.35800922,  0.        , ..., -0.39298371,
         -0.39298371, -0.46162166],
        ...,
        [ 0.64207192,  0.69614173,  0.39298371, ...,  0.        ,
          0.        , -0.07587531],
        [ 0.64207192,  0.69614173,  0.39298371, ...,  0.        ,
          0.        , -0.07587531],
        [ 0.69839041,  0.74860619,  0.46162166, ...,  0.07587531,
          0.07587531,  0.        ]],

       [[ 0.        , -0.03943248,  0.65743197, ..., -0.0326897 ,
         -0.11277753, -0.15248824],
        [ 0.03943248,  0.        ,  0.68663356, ...,  0.00674712,
         -0.07350891, -0.11339832],
        [-0.65743197, -0.68663356,  0.        , ..., -0.68171275,
         -0.73821716, -0.7646455 ],
        ...,
        [ 0.0326897 , -0.00674712,  0.68171275, ...,  0.        ,
         -0.0802361 , -0.12009934],
        [ 0.11277753,  0.07350891,  0.73821716, ...,  0.0802361 ,
          0.        , -0.04005678],
        [ 0.15248824,  0.11339832,  0.7646455 , ...,  0.12009934,
          0.04005678,  0.        ]],

       [[ 0.        , -0.00553507, -0.0704284 , ..., -0.82676982,
         -0.79247253, -0.79366996],
        [ 0.00553507,  0.        , -0.064906  , ..., -0.82364346,
         -0.7890845 , -0.79029055],
        [ 0.0704284 ,  0.064906  ,  0.        , ..., -0.785098  ,
         -0.74754987, -0.74885413],
        ...,
        [ 0.82676982,  0.82364346,  0.785098  , ...,  0.        ,
          0.05845542,  0.05649286],
        [ 0.79247253,  0.7890845 ,  0.74754987, ..., -0.05845542,
          0.        , -0.00196581],
        [ 0.79366996,  0.79029055,  0.74885413, ..., -0.05649286,
          0.00196581,  0.        ]],

       ...,

       [[ 0.        ,  0.30863221, -0.14145315, ...,  0.20661162,
          0.20661162,  0.03525974],
        [-0.30863221,  0.        , -0.44007651, ..., -0.10544773,
         -0.10544773, -0.27490188],
        [ 0.14145315,  0.44007651,  0.        , ...,  0.34293515,
          0.34293515,  0.17627039],
        ...,
        [-0.20661162,  0.10544773, -0.34293515, ...,  0.        ,
          0.        , -0.1719842 ],
        [-0.20661162,  0.10544773, -0.34293515, ...,  0.        ,
          0.        , -0.1719842 ],
        [-0.03525974,  0.27490188, -0.17627039, ...,  0.1719842 ,
          0.1719842 ,  0.        ]],

       [[ 0.        ,  0.01014581,  0.03311814, ...,  0.20618316,
         -0.10649731, -0.85805075],
        [-0.01014581,  0.        ,  0.02297619, ...,  0.19624475,
         -0.11657993, -0.86321711],
        [-0.03311814, -0.02297619,  0.        , ...,  0.17366352,
         -0.13936868, -0.87458837],
        ...,
        [-0.20618316, -0.19624475, -0.17366352, ...,  0.        ,
         -0.30921964, -0.9455026 ],
        [ 0.10649731,  0.11657993,  0.13936868, ...,  0.30921964,
          0.        , -0.79847772],
        [ 0.85805075,  0.86321711,  0.87458837, ...,  0.9455026 ,
          0.79847772,  0.        ]],

       [[ 0.        ,  0.00216313, -0.06275097, ..., -0.9301001 ,
         -0.99761488, -0.96532433],
        [-0.00216313,  0.        , -0.06490969, ..., -0.9293034 ,
         -0.99746324, -0.96588676],
        [ 0.06275097,  0.06490969,  0.        , ..., -0.95131589,
         -0.99998023, -0.94704052],
        ...,
        [ 0.9301001 ,  0.9293034 ,  0.95131589, ...,  0.        ,
          0.30222928,  0.59737545],
        [ 0.99761488,  0.99746324,  0.99998023, ..., -0.30222928,
          0.        ,  0.32706304],
        [ 0.96532433,  0.96588676,  0.94704052, ..., -0.59737545,
         -0.32706304,  0.        ]]]), 'num': array([ 9.06368173e-01,  4.22420896e-01,  2.81037908e-05, -1.35988478e-08,
        3.18805848e-04,  3.30469476e-04,  3.17509889e-04,  7.51285790e-03,
       -7.03520454e-06,  3.25248614e-04,  3.25878080e-04,  3.76627207e-04,
        6.88205459e-07,  3.44217146e-04,  3.07539014e-04])}
{'img': array([[[ 0.        , -0.35800922, -0.33841904, ..., -0.69614173,
         -0.74860619, -0.84435299],
        [ 0.35800922,  0.        ,  0.02089711, ..., -0.39298371,
         -0.46162166, -0.59657082],
        [ 0.33841904, -0.02089711,  0.        , ..., -0.41211373,
         -0.48005819, -0.61321174],
        ...,
        [ 0.69614173,  0.39298371,  0.41211373, ...,  0.        ,
         -0.07587531, -0.2331808 ],
        [ 0.74860619,  0.46162166,  0.48005819, ...,  0.07587531,
          0.        , -0.15872493],
        [ 0.84435299,  0.59657082,  0.61321174, ...,  0.2331808 ,
          0.15872493,  0.        ]],

       [[ 0.        ,  0.68663356,  0.21548335, ..., -0.07350891,
         -0.11339832,  0.19540861],
        [-0.68663356,  0.        , -0.51384564, ..., -0.73821716,
         -0.7646455 , -0.5313338 ],
        [-0.21548335,  0.51384564,  0.        , ..., -0.28668238,
         -0.32482771, -0.02051126],
        ...,
        [ 0.07350891,  0.73821716,  0.28668238, ...,  0.        ,
         -0.04005678,  0.26697175],
        [ 0.11339832,  0.7646455 ,  0.32482771, ...,  0.04005678,
          0.        ,  0.30536037],
        [-0.19540861,  0.5313338 ,  0.02051126, ..., -0.26697175,
         -0.30536037,  0.        ]],

       [[ 0.        , -0.064906  , -0.12840976, ..., -0.7890845 ,
         -0.79029055, -0.81633344],
        [ 0.064906  ,  0.        , -0.06377034, ..., -0.74754987,
         -0.74885413, -0.77712365],
        [ 0.12840976,  0.06377034,  0.        , ..., -0.70367169,
         -0.70506708, -0.73540816],
        ...,
        [ 0.7890845 ,  0.74754987,  0.70367169, ...,  0.        ,
         -0.00196581, -0.04570097],
        [ 0.79029055,  0.74885413,  0.70506708, ...,  0.00196581,
          0.        , -0.04373713],
        [ 0.81633344,  0.77712365,  0.73540816, ...,  0.04570097,
          0.04373713,  0.        ]],

       ...,

       [[ 0.        , -0.44007651, -0.52702002, ..., -0.10544773,
         -0.27490188, -0.45903419],
        [ 0.44007651,  0.        , -0.09924277, ...,  0.34293515,
          0.17627039, -0.02122231],
        [ 0.52702002,  0.09924277,  0.        , ...,  0.43446675,
          0.27308899,  0.07810287],
        ...,
        [ 0.10544773, -0.34293515, -0.43446675, ...,  0.        ,
         -0.1719842 , -0.36279328],
        [ 0.27490188, -0.17627039, -0.27308899, ...,  0.1719842 ,
          0.        , -0.1971207 ],
        [ 0.45903419,  0.02122231, -0.07810287, ...,  0.36279328,
          0.1971207 ,  0.        ]],

       [[ 0.        ,  0.01622291,  0.02500569, ..., -0.07974863,
         -0.42205603, -0.97980344],
        [-0.01622291,  0.        ,  0.00878456, ..., -0.09590938,
         -0.43670769, -0.98291848],
        [-0.02500569, -0.00878456,  0.        , ..., -0.10464974,
         -0.44459346, -0.98449728],
        ...,
        [ 0.07974863,  0.09590938,  0.10464974, ...,  0.        ,
         -0.34841409, -0.96073599],
        [ 0.42205603,  0.43670769,  0.44459346, ...,  0.34841409,
          0.        , -0.80386454],
        [ 0.97980344,  0.98291848,  0.98449728, ...,  0.96073599,
          0.80386454,  0.        ]],

       [[ 0.        , -0.06490969, -0.09062245, ..., -0.99746324,
         -0.96588676, -0.80226326],
        [ 0.06490969,  0.        , -0.02578872, ..., -0.99998023,
         -0.94704052, -0.76182224],
        [ 0.09062245,  0.02578872,  0.        , ..., -0.99980982,
         -0.93844443, -0.74486329],
        ...,
        [ 0.99746324,  0.99998023,  0.99980982, ...,  0.        ,
          0.32706304,  0.65256392],
        [ 0.96588676,  0.94704052,  0.93844443, ..., -0.32706304,
          0.        ,  0.36884787],
        [ 0.80226326,  0.76182224,  0.74486329, ..., -0.65256392,
         -0.36884787,  0.        ]]]), 'num': array([ 9.27587818e-01,  3.73514869e-01,  3.21201710e-05, -3.57996396e-08,
        3.26501443e-04,  3.36722358e-04,  3.24608681e-04,  8.15897769e-03,
        5.67828597e-07,  3.31952598e-04,  3.31564582e-04,  3.83975161e-04,
        8.19255190e-07,  3.46460931e-04,  3.16668232e-04])}
{'img': array([[[ 0.00000000e+00,  2.08971059e-02,  4.67670165e-02, ...,
         -4.61621656e-01, -5.96570825e-01, -5.85237303e-01],
        [-2.08971059e-02,  0.00000000e+00,  2.58825633e-02, ...,
         -4.80058193e-01, -6.13211743e-01, -6.02054176e-01],
        [-4.67670165e-02, -2.58825633e-02,  0.00000000e+00, ...,
         -5.02602502e-01, -6.33451428e-01, -6.22518550e-01],
        ...,
        [ 4.61621656e-01,  4.80058193e-01,  5.02602502e-01, ...,
          0.00000000e+00, -1.58724927e-01, -1.44839007e-01],
        [ 5.96570825e-01,  6.13211743e-01,  6.33451428e-01, ...,
          1.58724927e-01,  0.00000000e+00,  1.40483506e-02],
        [ 5.85237303e-01,  6.02054176e-01,  6.22518550e-01, ...,
          1.44839007e-01, -1.40483506e-02,  0.00000000e+00]],

       [[ 0.00000000e+00, -5.13845644e-01, -5.54979279e-01, ...,
         -7.64645499e-01, -5.31333799e-01, -5.05423104e-01],
        [ 5.13845644e-01,  0.00000000e+00, -4.86573179e-02, ...,
         -3.24827706e-01, -2.05112637e-02,  9.78912334e-03],
        [ 5.54979279e-01,  4.86573179e-02,  0.00000000e+00, ...,
         -2.78424170e-01,  2.81601127e-02,  5.84325149e-02],
        ...,
        [ 7.64645499e-01,  3.24827706e-01,  2.78424170e-01, ...,
          0.00000000e+00,  3.05360366e-01,  3.34070433e-01],
        [ 5.31333799e-01,  2.05112637e-02, -2.81601127e-02, ...,
         -3.05360366e-01,  0.00000000e+00,  3.02973448e-02],
        [ 5.05423104e-01, -9.78912334e-03, -5.84325149e-02, ...,
         -3.34070433e-01, -3.02973448e-02,  0.00000000e+00]],

       [[ 0.00000000e+00, -6.37703366e-02, -1.19585795e-01, ...,
         -7.48854126e-01, -7.77123645e-01, -7.87097981e-01],
        [ 6.37703366e-02,  0.00000000e+00, -5.60296773e-02, ...,
         -7.05067083e-01, -7.35408158e-01, -7.46160594e-01],
        [ 1.19585795e-01,  5.60296773e-02,  0.00000000e+00, ...,
         -6.64226576e-01, -6.96285831e-01, -7.07685799e-01],
        ...,
        [ 7.48854126e-01,  7.05067083e-01,  6.64226576e-01, ...,
          0.00000000e+00, -4.37371250e-02, -5.97230885e-02],
        [ 7.77123645e-01,  7.35408158e-01,  6.96285831e-01, ...,
          4.37371250e-02,  0.00000000e+00, -1.60068845e-02],
        [ 7.87097981e-01,  7.46160594e-01,  7.07685799e-01, ...,
          5.97230885e-02,  1.60068845e-02,  0.00000000e+00]],

       ...,

       [[ 0.00000000e+00, -9.92427651e-02,  8.92844822e-02, ...,
          1.76270393e-01, -2.12223132e-02,  1.87867177e-01],
        [ 9.92427651e-02,  0.00000000e+00,  1.87690113e-01, ...,
          2.73088991e-01,  7.81028698e-02,  2.84415416e-01],
        [-8.92844822e-02, -1.87690113e-01,  0.00000000e+00, ...,
          8.76799521e-02, -1.10401929e-01,  9.94221440e-02],
        ...,
        [-1.76270393e-01, -2.73088991e-01, -8.76799521e-02, ...,
          0.00000000e+00, -1.97120704e-01,  1.17937111e-02],
        [ 2.12223132e-02, -7.81028698e-02,  1.10401929e-01, ...,
