state_0,state_1,state_2,state_3,state_4,state_5,state_6,state_7,state_8,state_9,state_10,state_11,state_12,state_13,state_14,state_15,state_16,state_17,state_18,state_19,state_20,state_21,state_22,state_23,state_24,state_25,state_26,state_27,state_28,state_29,state_30,state_31,state_32,state_33,state_34,state_35,state_36,state_37,state_38,state_39,state_40,state_41,state_42,state_43,state_44,state_45,state_46,state_47,state_48,state_49,state_50,state_51,state_52,state_53,state_54,state_55,state_56,state_57,state_58,state_59,state_60,state_61,state_62,state_63,state_64,state_65,state_66,state_67,state_68,state_69,state_70,state_71,state_72,state_73,state_74,state_75,state_76,state_77,state_78,state_79,state_80,state_81,state_82,state_83,state_84,state_85,state_86,state_87,state_88,state_89,state_90,state_91,state_92,state_93,state_94,state_95,state_96,state_97,state_98,state_99,state_100,state_101,state_102,state_103,state_104,state_105,state_106,state_107,state_108,state_109,state_110,state_111,state_112,state_113,state_114,state_115,state_116,state_117,state_118,state_119,state_120,state_121,state_122,state_123,state_124,state_125,state_126,state_127,state_128,state_129,state_130,state_131,state_132,state_133,state_134,state_135,state_136,state_137,state_138,state_139,state_140,state_141,state_142,state_143,state_144,state_145,state_146,state_147,state_148,state_149,state_150,state_151,state_152,state_153,state_154,state_155,state_156,state_157,state_158,state_159,state_160,state_161,state_162,state_163,state_164,state_165,state_166,state_167,state_168,state_169,state_170,state_171,state_172,state_173,state_174,state_175,state_176,state_177,state_178,state_179,state_180,state_181,state_182,state_183,state_184,state_185,state_186,state_187,state_188,state_189,state_190,state_191,state_192,state_193,state_194,state_195,state_196,state_197,state_198,state_199,state_200,state_201,state_202,state_203,state_204,state_205,state_206,state_207,state_208,state_209,state_210,state_211,state_212,state_213,state_214,state_215,state_216,state_217,state_218,state_219,state_220,state_221,state_222,state_223,state_224,state_225,state_226,state_227,state_228,state_229,state_230,state_231,state_232,state_233,state_234,state_235,state_236,state_237,state_238,state_239,state_240,state_241,state_242,state_243,state_244,state_245,state_246,state_247,state_248,state_249,state_250,state_251,state_252,state_253,state_254,state_255,state_256,state_257,state_258,state_259,state_260,state_261,state_262,state_263,state_264,state_265,state_266,state_267,state_268,state_269,state_270,state_271,state_272,state_273,state_274,state_275,state_276,state_277,state_278,state_279,state_280,state_281,state_282,state_283,state_284,state_285,state_286,state_287
{'img': array([[[ 0.        , -0.46874537, -0.57710966, ..., -0.9367497 ,
         -0.9367497 , -0.90905934],
        [ 0.46874537,  0.        , -0.12697148, ..., -0.66340136,
         -0.66340136, -0.60769185],
        [ 0.57710966,  0.12697148,  0.        , ..., -0.56302388,
         -0.56302388, -0.50193611],
        ...,
        [ 0.9367497 ,  0.66340136,  0.56302388, ...,  0.        ,
          0.        ,  0.0721416 ],
        [ 0.9367497 ,  0.66340136,  0.56302388, ...,  0.        ,
          0.        ,  0.0721416 ],
        [ 0.90905934,  0.60769185,  0.50193611, ..., -0.0721416 ,
         -0.0721416 ,  0.        ]],

       [[ 0.        , -0.9213677 , -0.65577471, ..., -0.63475654,
         -0.49081841, -0.67490375],
        [ 0.9213677 ,  0.        , -0.44069821, ..., -0.4652272 ,
         -0.61197533, -0.41755279],
        [ 0.65577471,  0.44069821,  0.        , ..., -0.02751145,
         -0.2008049 ,  0.02562312],
        ...,
        [ 0.63475654,  0.4652272 ,  0.02751145, ...,  0.        ,
         -0.17377781,  0.05311584],
        [ 0.49081841,  0.61197533,  0.2008049 , ...,  0.17377781,
          0.        ,  0.22584018],
        [ 0.67490375,  0.41755279, -0.02562312, ..., -0.05311584,
         -0.22584018,  0.        ]],

       [[ 0.        ,  0.1909737 ,  0.4036406 , ..., -0.06081057,
          0.03566495,  0.09052268],
        [-0.1909737 ,  0.        ,  0.22148645, ..., -0.25031163,
         -0.15584366, -0.10133301],
        [-0.4036406 , -0.22148645,  0.        , ..., -0.45853025,
         -0.37075331, -0.31916262],
        ...,
        [ 0.06081057,  0.25031163,  0.45853025, ...,  0.        ,
          0.09637083,  0.15091606],
        [-0.03566495,  0.15584366,  0.37075331, ..., -0.09637083,
          0.        ,  0.05494656],
        [-0.09052268,  0.10133301,  0.31916262, ..., -0.15091606,
         -0.05494656,  0.        ]],

       ...,

       [[ 0.        , -0.26502564, -0.36533124, ..., -0.8352809 ,
         -0.71181512, -0.70288162],
        [ 0.26502564,  0.        , -0.10556106, ..., -0.65969509,
         -0.50021635, -0.48923298],
        [ 0.36533124,  0.10556106,  0.        , ..., -0.5766766 ,
         -0.40601619, -0.39443414],
        ...,
        [ 0.8352809 ,  0.65969509,  0.5766766 , ...,  0.        ,
          0.195301  ,  0.20768023],
        [ 0.71181512,  0.50021635,  0.40601619, ..., -0.195301  ,
          0.        ,  0.0126382 ],
        [ 0.70288162,  0.48923298,  0.39443414, ..., -0.20768023,
         -0.0126382 ,  0.        ]],

       [[ 0.        ,  0.19725503,  0.3167713 , ..., -0.17872622,
         -0.14641302, -0.10174063],
        [-0.19725503,  0.        ,  0.12345067, ..., -0.36929364,
         -0.33866565, -0.29597311],
        [-0.3167713 , -0.12345067,  0.        , ..., -0.48119308,
         -0.45223067, -0.41162875],
        ...,
        [ 0.17872622,  0.36929364,  0.48119308, ...,  0.        ,
          0.03274458,  0.07769631],
        [ 0.14641302,  0.33866565,  0.45223067, ..., -0.03274458,
          0.        ,  0.04500905],
        [ 0.10174063,  0.29597311,  0.41162875, ..., -0.07769631,
         -0.04500905,  0.        ]],

       [[ 0.        , -0.01617179,  0.06348556, ...,  0.72477331,
          0.74014606,  0.78834616],
        [ 0.01617179,  0.        ,  0.07961642, ...,  0.73582069,
          0.75092393,  0.79819247],
        [-0.06348556, -0.07961642,  0.        , ...,  0.67957052,
          0.69596238,  0.74769753],
        ...,
        [-0.72477331, -0.73582069, -0.67957052, ...,  0.        ,
          0.02258029,  0.09725688],
        [-0.74014606, -0.75092393, -0.69596238, ..., -0.02258029,
          0.        ,  0.07475884],
        [-0.78834616, -0.79819247, -0.74769753, ..., -0.09725688,
         -0.07475884,  0.        ]]]), 'num': array([7.07070142e-01, 7.07070142e-01, 0.00000000e+00, 0.00000000e+00,
       5.82785499e-04, 5.86005309e-04, 5.77633804e-04, 1.00501842e-02,
       7.72754253e-06, 5.76474673e-04, 5.66718651e-04, 5.56458191e-04,
       7.12260865e-07, 5.84380002e-04, 5.49057299e-04])}
{'img': array([[[ 0.        , -0.36956837, -0.80526111, ..., -0.90109183,
         -0.86345564, -0.69726427],
        [ 0.36956837,  0.        , -0.52912686, ..., -0.6770424 ,
         -0.61590659, -0.38298859],
        [ 0.80526111,  0.52912686,  0.        , ..., -0.18509166,
         -0.10576677,  0.16380039],
        ...,
        [ 0.90109183,  0.6770424 ,  0.18509166, ...,  0.        ,
          0.08011423,  0.34356185],
        [ 0.86345564,  0.61590659,  0.10576677, ..., -0.08011423,
          0.        ,  0.26721985],
        [ 0.69726427,  0.38298859, -0.16380039, ..., -0.34356185,
         -0.26721985,  0.        ]],

       [[ 0.        , -0.66092421, -0.38154749, ..., -0.84861651,
         -0.63214887, -0.78839656],
        [ 0.66092421,  0.        ,  0.32459146, ..., -0.28721198,
          0.03771731, -0.1850753 ],
        [ 0.38154749, -0.32459146,  0.        , ..., -0.58257615,
         -0.28868541, -0.4940382 ],
        ...,
        [ 0.84861651,  0.28721198,  0.58257615, ...,  0.        ,
          0.32313578,  0.10497266],
        [ 0.63214887, -0.03771731,  0.28868541, ..., -0.32313578,
          0.        , -0.22200934],
        [ 0.78839656,  0.1850753 ,  0.4940382 , ..., -0.10497266,
          0.22200934,  0.        ]],

       [[ 0.        ,  0.22148645,  0.40850184, ..., -0.15584366,
         -0.10133301, -0.0050165 ],
        [-0.22148645,  0.        ,  0.19619265, ..., -0.37075331,
         -0.31916262, -0.22637557],
        [-0.40850184, -0.19619265,  0.        , ..., -0.54575812,
         -0.49889157, -0.41307555],
        ...,
        [ 0.15584366,  0.37075331,  0.54575812, ...,  0.        ,
          0.05494656,  0.15088649],
        [ 0.10133301,  0.31916262,  0.49889157, ..., -0.05494656,
          0.        ,  0.09634106],
        [ 0.0050165 ,  0.22637557,  0.41307555, ..., -0.15088649,
         -0.09634106,  0.        ]],

       ...,

       [[ 0.        , -0.10556106, -0.35182696, ..., -0.50021635,
         -0.48923298, -0.45663924],
        [ 0.10556106,  0.        , -0.25104922, ..., -0.40601619,
         -0.39443414, -0.36017532],
        [ 0.35182696,  0.25104922,  0.        , ..., -0.16358793,
         -0.15110691, -0.1144405 ],
        ...,
        [ 0.50021635,  0.40601619,  0.16358793, ...,  0.        ,
          0.0126382 ,  0.04961433],
        [ 0.48923298,  0.39443414,  0.15110691, ..., -0.0126382 ,
          0.        ,  0.03698773],
        [ 0.45663924,  0.36017532,  0.1144405 , ..., -0.04961433,
         -0.03698773,  0.        ]],

       [[ 0.        ,  0.12345067,  0.09914596, ..., -0.33866565,
         -0.29597311, -0.20120167],
        [-0.12345067,  0.        , -0.02445484, ..., -0.45223067,
         -0.41162875, -0.3205887 ],
        [-0.09914596,  0.02445484,  0.        , ..., -0.43028412,
         -0.38921868, -0.29732875],
        ...,
        [ 0.33866565,  0.45223067,  0.43028412, ...,  0.        ,
          0.04500905,  0.14242786],
        [ 0.29597311,  0.41162875,  0.38921868, ..., -0.04500905,
          0.        ,  0.09773333],
        [ 0.20120167,  0.3205887 ,  0.29732875, ..., -0.14242786,
         -0.09773333,  0.        ]],

       [[ 0.        ,  0.07961642,  0.31274231, ...,  0.75092393,
          0.79819247,  0.71645302],
        [-0.07961642,  0.        ,  0.23612683, ...,  0.69596238,
          0.74769753,  0.65863546],
        [-0.31274231, -0.23612683,  0.        , ...,  0.50672459,
          0.56975679,  0.46233422],
        ...,
        [-0.75092393, -0.69596238, -0.50672459, ...,  0.        ,
          0.07475884, -0.05073357],
        [-0.79819247, -0.74769753, -0.56975679, ..., -0.07475884,
          0.        , -0.12525417],
        [-0.71645302, -0.65863546, -0.46233422, ...,  0.05073357,
          0.12525417,  0.        ]]]), 'num': array([ 9.15794218e-01,  4.01455378e-01,  1.15064618e-05, -1.34688005e-10,
        7.50859621e-04,  7.59258498e-04,  7.43300631e-04,  1.22516773e-02,
       -9.23876491e-06,  7.50859621e-04,  7.39983075e-04,  7.25383027e-04,
        1.04806502e-06,  7.63436704e-04,  7.16529445e-04])}
{'img': array([[[ 0.00000000e+00, -7.58754977e-01, -5.77325971e-01, ...,
         -8.28740535e-01, -6.26008151e-01, -8.16049760e-01],
        [ 7.58754977e-01,  0.00000000e+00,  2.43477514e-01, ...,
         -1.15197471e-01,  1.83922884e-01, -9.30088935e-02],
        [ 5.77325971e-01, -2.43477514e-01,  0.00000000e+00, ...,
         -3.53587370e-01, -6.09359435e-02, -3.32632041e-01],
        ...,
        [ 8.28740535e-01,  1.15197471e-01,  3.53587370e-01, ...,
          0.00000000e+00,  2.95930718e-01,  2.23084253e-02],
        [ 6.26008151e-01, -1.83922884e-01,  6.09359435e-02, ...,
         -2.95930718e-01,  0.00000000e+00, -2.74547854e-01],
        [ 8.16049760e-01,  9.30088935e-02,  3.32632041e-01, ...,
         -2.23084253e-02,  2.74547854e-01,  0.00000000e+00]],

       [[ 0.00000000e+00,  3.24591459e-01, -2.99404655e-01, ...,
          3.77173139e-02, -1.85075303e-01, -2.99654996e-01],
        [-3.24591459e-01,  0.00000000e+00, -5.92894408e-01, ...,
         -2.88685411e-01, -4.94038202e-01, -5.93105683e-01],
        [ 2.99404655e-01,  5.92894408e-01,  0.00000000e+00, ...,
          3.35178692e-01,  1.17647042e-01, -2.62387794e-04],
        ...,
        [-3.77173139e-02,  2.88685411e-01, -3.35178692e-01, ...,
          0.00000000e+00, -2.22009335e-01, -3.35425890e-01],
        [ 1.85075303e-01,  4.94038202e-01, -1.17647042e-01, ...,
          2.22009335e-01,  0.00000000e+00, -1.17907604e-01],
        [ 2.99654996e-01,  5.93105683e-01,  2.62387794e-04, ...,
          3.35425890e-01,  1.17907604e-01,  0.00000000e+00]],

       [[ 0.00000000e+00,  1.96192646e-01,  6.12731361e-01, ...,
         -3.19162615e-01, -2.26375572e-01, -2.55184575e-01],
        [-1.96192646e-01,  0.00000000e+00,  4.45773821e-01, ...,
         -4.98891572e-01, -4.13075549e-01, -4.39922327e-01],
        [-6.12731361e-01, -4.45773821e-01,  0.00000000e+00, ...,
         -8.32916916e-01, -7.75727548e-01, -7.94115411e-01],
        ...,
        [ 3.19162615e-01,  4.98891572e-01,  8.32916916e-01, ...,
          0.00000000e+00,  9.63410614e-02,  6.67574809e-02],
        [ 2.26375572e-01,  4.13075549e-01,  7.75727548e-01, ...,
         -9.63410614e-02,  0.00000000e+00, -2.96791962e-02],
        [ 2.55184575e-01,  4.39922327e-01,  7.94115411e-01, ...,
         -6.67574809e-02,  2.96791962e-02,  0.00000000e+00]],

       ...,

       [[ 0.00000000e+00, -2.51049222e-01, -9.38685285e-02, ...,
         -3.94434144e-01, -3.60175316e-01, -1.01557705e-01],
        [ 2.51049222e-01,  0.00000000e+00,  1.59078415e-01, ...,
         -1.51106915e-01, -1.14440495e-01,  1.51445959e-01],
        [ 9.38685285e-02, -1.59078415e-01,  0.00000000e+00, ...,
         -3.06434497e-01, -2.71016490e-01, -7.72609233e-03],
        ...,
        [ 3.94434144e-01,  1.51106915e-01,  3.06434497e-01, ...,
          0.00000000e+00,  3.69877345e-02,  2.99070947e-01],
        [ 3.60175316e-01,  1.14440495e-01,  2.71016490e-01, ...,
         -3.69877345e-02,  0.00000000e+00,  2.63571460e-01],
        [ 1.01557705e-01, -1.51445959e-01,  7.72609233e-03, ...,
         -2.99070947e-01, -2.63571460e-01,  0.00000000e+00]],

       [[ 0.00000000e+00, -2.44548436e-02,  3.56826285e-02, ...,
         -4.11628745e-01, -3.20588703e-01, -2.85222307e-01],
        [ 2.44548436e-02,  0.00000000e+00,  6.01112272e-02, ...,
         -3.89218681e-01, -2.97328746e-01, -2.61697983e-01],
        [-3.56826285e-02, -6.01112272e-02,  0.00000000e+00, ...,
         -4.43886030e-01, -3.54183789e-01, -3.19241091e-01],
        ...,
        [ 4.11628745e-01,  3.89218681e-01,  4.43886030e-01, ...,
          0.00000000e+00,  9.77333282e-02,  1.34592448e-01],
        [ 3.20588703e-01,  2.97328746e-01,  3.54183789e-01, ...,
         -9.77333282e-02,  0.00000000e+00,  3.71040489e-02],
        [ 2.85222307e-01,  2.61697983e-01,  3.19241091e-01, ...,
         -1.34592448e-01, -3.71040489e-02,  0.00000000e+00]],

       [[ 0.00000000e+00,  2.36126830e-01,  3.39780409e-01, ...,
          7.47697531e-01,  6.58635465e-01,  6.99858801e-01],
        [-2.36126830e-01,  0.00000000e+00,  1.08093765e-01, ...,
          5.69756790e-01,  4.62334224e-01,  5.11407405e-01],
        [-3.39780409e-01, -1.08093765e-01,  0.00000000e+00, ...,
          4.77585516e-01,  3.63777909e-01,  4.15521796e-01],
        ...,
        [-7.47697531e-01, -5.69756790e-01, -4.77585516e-01, ...,
          0.00000000e+00, -1.25254173e-01, -6.93324432e-02],
        [-6.58635465e-01, -4.62334224e-01, -3.63777909e-01, ...,
          1.25254173e-01,  0.00000000e+00,  5.61663339e-02],
        [-6.99858801e-01, -5.11407405e-01, -4.15521796e-01, ...,
          6.93324432e-02, -5.61663339e-02,  0.00000000e+00]]]), 'num': array([ 9.71767722e-01,  2.35548118e-01,  1.64702372e-05, -1.24244971e-08,
        7.96774464e-04,  8.02121944e-04,  7.90535738e-04,  1.34012474e-02,
        0.00000000e+00,  7.97665711e-04,  7.85678444e-04,  7.69398339e-04,
        1.23925718e-06,  8.11053003e-04,  7.60303884e-04])}
{'img': array([[[ 0.00000000e+00,  3.04322438e-01,  6.82624590e-01, ...,
          2.24538336e-01, -1.06588649e-01, -1.06588649e-01],
        [-3.04322438e-01,  0.00000000e+00,  4.27857605e-01, ...,
         -8.26633658e-02, -4.04121826e-01, -4.04121826e-01],
        [-6.82624590e-01, -4.27857605e-01,  0.00000000e+00, ...,
         -5.01108239e-01, -7.56627522e-01, -7.56627522e-01],
        ...,
        [-2.24538336e-01,  8.26633658e-02,  5.01108239e-01, ...,
          0.00000000e+00, -3.27126122e-01, -3.27126122e-01],
        [ 1.06588649e-01,  4.04121826e-01,  7.56627522e-01, ...,
          3.27126122e-01,  0.00000000e+00,  0.00000000e+00],
        [ 1.06588649e-01,  4.04121826e-01,  7.56627522e-01, ...,
          3.27126122e-01,  0.00000000e+00,  0.00000000e+00]],

       [[ 0.00000000e+00, -5.92894408e-01, -4.98325293e-01, ...,
         -4.94038202e-01, -5.93105683e-01, -5.48862003e-01],
        [ 5.92894408e-01,  0.00000000e+00,  1.12742108e-01, ...,
          1.17647042e-01, -2.62387794e-04,  5.36204179e-02],
        [ 4.98325293e-01, -1.12742108e-01,  0.00000000e+00, ...,
          4.93779075e-03, -1.13002819e-01, -5.93013666e-02],
        ...,
        [ 4.94038202e-01, -1.17647042e-01, -4.93779075e-03, ...,
          0.00000000e+00, -1.17907604e-01, -6.42297445e-02],
        [ 5.93105683e-01,  2.62387794e-04,  1.13002819e-01, ...,
          1.17907604e-01,  0.00000000e+00,  5.38824264e-02],
        [ 5.48862003e-01, -5.36204179e-02,  5.93013666e-02, ...,
          6.42297445e-02, -5.38824264e-02,  0.00000000e+00]],

       [[ 0.00000000e+00,  4.45773821e-01,  1.07457176e-01, ...,
         -4.13075549e-01, -4.39922327e-01, -4.17620334e-01],
        [-4.45773821e-01,  0.00000000e+00, -3.47002841e-01, ...,
         -7.75727548e-01, -7.94115411e-01, -7.78870750e-01],
        [-1.07457176e-01,  3.47002841e-01,  0.00000000e+00, ...,
         -5.08544626e-01, -5.33875445e-01, -5.12840106e-01],
        ...,
        [ 4.13075549e-01,  7.75727548e-01,  5.08544626e-01, ...,
          0.00000000e+00, -2.96791962e-02, -4.99610853e-03],
        [ 4.39922327e-01,  7.94115411e-01,  5.33875445e-01, ...,
          2.96791962e-02,  0.00000000e+00,  2.46849181e-02],
        [ 4.17620334e-01,  7.78870750e-01,  5.12840106e-01, ...,
          4.99610853e-03, -2.46849181e-02,  0.00000000e+00]],

       ...,

       [[ 0.00000000e+00,  1.59078415e-01,  1.79183345e-01, ...,
         -1.14440495e-01,  1.51445959e-01,  4.57538360e-01],
        [-1.59078415e-01,  0.00000000e+00,  2.03977741e-02, ...,
         -2.71016490e-01, -7.72609233e-03,  3.10261128e-01],
        [-1.79183345e-01, -2.03977741e-02,  0.00000000e+00, ...,
         -2.90594485e-01, -2.81216501e-02,  2.90805404e-01],
        ...,
        [ 1.14440495e-01,  2.71016490e-01,  2.90594485e-01, ...,
          0.00000000e+00,  2.63571460e-01,  5.56291712e-01],
        [-1.51445959e-01,  7.72609233e-03,  2.81216501e-02, ...,
         -2.63571460e-01,  0.00000000e+00,  3.17596688e-01],
        [-4.57538360e-01, -3.10261128e-01, -2.90805404e-01, ...,
         -5.56291712e-01, -3.17596688e-01,  0.00000000e+00]],

       [[ 0.00000000e+00,  6.01112272e-02,  1.50520599e-01, ...,
         -2.97328746e-01, -2.61697983e-01, -2.36573975e-01],
        [-6.01112272e-02,  0.00000000e+00,  9.08220379e-02, ...,
         -3.54183789e-01, -3.19241091e-01, -2.94551054e-01],
        [-1.50520599e-01, -9.08220379e-02,  0.00000000e+00, ...,
         -4.37654572e-01, -4.03991353e-01, -3.80126501e-01],
        ...,
        [ 2.97328746e-01,  3.54183789e-01,  4.37654572e-01, ...,
          0.00000000e+00,  3.71040489e-02,  6.30136611e-02],
        [ 2.61697983e-01,  3.19241091e-01,  4.03991353e-01, ...,
         -3.71040489e-02,  0.00000000e+00,  2.59399596e-02],
        [ 2.36573975e-01,  2.94551054e-01,  3.80126501e-01, ...,
         -6.30136611e-02, -2.59399596e-02,  0.00000000e+00]],

       [[ 0.00000000e+00,  1.08093765e-01,  1.49377263e-01, ...,
          4.62334224e-01,  5.11407405e-01,  5.06406697e-01],
        [-1.08093765e-01,  0.00000000e+00,  4.16210354e-02, ...,
          3.63777909e-01,  4.15521796e-01,  4.10230823e-01],
        [-1.49377263e-01, -4.16210354e-02,  0.00000000e+00, ...,
          3.24693284e-01,  3.77303938e-01,  3.71917722e-01],
        ...,
        [-4.62334224e-01, -3.63777909e-01, -3.24693284e-01, ...,
          0.00000000e+00,  5.61663339e-02,  5.03653447e-02],
        [-5.11407405e-01, -4.15521796e-01, -3.77303938e-01, ...,
         -5.61663339e-02,  0.00000000e+00, -5.80921180e-03],
        [-5.06406697e-01, -4.10230823e-01, -3.71917722e-01, ...,
         -5.03653447e-02,  5.80921180e-03,  0.00000000e+00]]]), 'num': array([ 9.84146102e-01,  1.77052805e-01,  1.80356044e-05, -1.25871764e-08,
        8.07093297e-04,  8.14307539e-04,  8.04387956e-04,  1.01801608e-02,
        9.01780220e-07,  8.08175433e-04,  7.95009442e-04,  7.78446745e-04,
        1.22059141e-06,  8.20765649e-04,  7.69253235e-04])}
{'img': array([[[ 0.00000000e+00,  4.27857605e-01, -2.18592098e-01, ...,
         -4.04121826e-01, -4.04121826e-01, -3.80478663e-01],
        [-4.27857605e-01,  0.00000000e+00, -6.15084061e-01, ...,
         -7.56627522e-01, -7.56627522e-01, -7.39572482e-01],
        [ 2.18592098e-01,  6.15084061e-01,  0.00000000e+00, ...,
         -1.94401352e-01, -1.94401352e-01, -1.69125569e-01],
        ...,
        [ 4.04121826e-01,  7.56627522e-01,  1.94401352e-01, ...,
          0.00000000e+00,  0.00000000e+00,  2.57019018e-02],
        [ 4.04121826e-01,  7.56627522e-01,  1.94401352e-01, ...,
          0.00000000e+00,  0.00000000e+00,  2.57019018e-02],
        [ 3.80478663e-01,  7.39572482e-01,  1.69125569e-01, ...,
         -2.57019018e-02, -2.57019018e-02,  0.00000000e+00]],

       [[ 0.00000000e+00,  1.07328163e-01,  1.92439896e-01, ...,
         -2.47938421e-04,  5.08576519e-02, -6.71814329e-01],
        [-1.07328163e-01,  0.00000000e+00,  8.60062298e-02, ...,
         -1.07574666e-01, -5.66253903e-02, -7.47433766e-01],
        [-1.92439896e-01, -8.60062298e-02,  0.00000000e+00, ...,
         -1.92683195e-01, -1.42283803e-01, -8.01801288e-01],
        ...,
        [ 2.47938421e-04,  1.07574666e-01,  1.92683195e-01, ...,
          0.00000000e+00,  5.11052679e-02, -6.71630655e-01],
        [-5.08576519e-02,  5.66253903e-02,  1.42283803e-01, ...,
         -5.11052679e-02,  0.00000000e+00, -7.08616201e-01],
        [ 6.71814329e-01,  7.47433766e-01,  8.01801288e-01, ...,
          6.71630655e-01,  7.08616201e-01,  0.00000000e+00]],

       [[ 0.00000000e+00, -3.47002841e-01, -5.09966648e-01, ...,
         -7.94115411e-01, -7.78870750e-01, -7.59518727e-01],
        [ 3.47002841e-01,  0.00000000e+00, -1.79789577e-01, ...,
         -5.33875445e-01, -5.12840106e-01, -4.86605035e-01],
        [ 5.09966648e-01,  1.79789577e-01,  0.00000000e+00, ...,
         -3.73152556e-01, -3.50136923e-01, -3.21607707e-01],
        ...,
        [ 7.94115411e-01,  5.33875445e-01,  3.73152556e-01, ...,
          0.00000000e+00,  2.46849181e-02,  5.49500992e-02],
        [ 7.78870750e-01,  5.12840106e-01,  3.50136923e-01, ...,
         -2.46849181e-02,  0.00000000e+00,  3.02857331e-02],
        [ 7.59518727e-01,  4.86605035e-01,  3.21607707e-01, ...,
         -5.49500992e-02, -3.02857331e-02,  0.00000000e+00]],

       ...,

       [[ 0.00000000e+00,  2.03977741e-02,  2.03977741e-02, ...,
         -7.72609233e-03,  3.10261128e-01,  2.20586428e-01],
        [-2.03977741e-02,  0.00000000e+00,  0.00000000e+00, ...,
         -2.81216501e-02,  2.90805404e-01,  2.00645210e-01],
        [-2.03977741e-02,  0.00000000e+00,  0.00000000e+00, ...,
         -2.81216501e-02,  2.90805404e-01,  2.00645210e-01],
        ...,
        [ 7.72609233e-03,  2.81216501e-02,  2.81216501e-02, ...,
          0.00000000e+00,  3.17596688e-01,  2.28115624e-01],
        [-3.10261128e-01, -2.90805404e-01, -2.90805404e-01, ...,
         -3.17596688e-01,  0.00000000e+00, -9.29178083e-02],
        [-2.20586428e-01, -2.00645210e-01, -2.00645210e-01, ...,
         -2.28115624e-01,  9.29178083e-02,  0.00000000e+00]],

       [[ 0.00000000e+00,  9.08220379e-02,  1.30742496e-01, ...,
         -3.19241091e-01, -2.94551054e-01, -2.91212820e-01],
        [-9.08220379e-02,  0.00000000e+00,  4.01597007e-02, ...,
         -4.03991353e-01, -3.80126501e-01, -3.76894934e-01],
        [-1.30742496e-01, -4.01597007e-02,  0.00000000e+00, ...,
         -4.40402043e-01, -4.16964936e-01, -4.13789047e-01],
        ...,
        [ 3.19241091e-01,  4.03991353e-01,  4.40402043e-01, ...,
          0.00000000e+00,  2.59399596e-02,  2.94299555e-02],
        [ 2.94551054e-01,  3.80126501e-01,  4.16964936e-01, ...,
         -2.59399596e-02,  0.00000000e+00,  3.49132881e-03],
        [ 2.91212820e-01,  3.76894934e-01,  4.13789047e-01, ...,
         -2.94299555e-02, -3.49132881e-03,  0.00000000e+00]],

       [[ 0.00000000e+00,  4.16210354e-02,  1.01725300e-01, ...,
          4.15521796e-01,  4.10230823e-01,  4.05678820e-01],
        [-4.16210354e-02,  0.00000000e+00,  6.02320242e-02, ...,
          3.77303938e-01,  3.71917722e-01,  3.67285007e-01],
        [-1.01725300e-01, -6.02320242e-02,  0.00000000e+00, ...,
          3.20838662e-01,  3.15331147e-01,  3.10595851e-01],
        ...,
        [-4.15521796e-01, -3.77303938e-01, -3.20838662e-01, ...,
          0.00000000e+00, -5.80921180e-03, -1.07947964e-02],
        [-4.10230823e-01, -3.71917722e-01, -3.15331147e-01, ...,
          5.80921180e-03,  0.00000000e+00, -4.98574092e-03],
        [-4.05678820e-01, -3.67285007e-01, -3.10595851e-01, ...,
          1.07947964e-02,  4.98574092e-03,  0.00000000e+00]]]), 'num': array([ 9.93105091e-01,  1.16874585e-01,  1.96024722e-05, -1.10712136e-08,
        8.14340619e-04,  8.17984202e-04,  8.05231664e-04,  8.79797573e-03,
       -9.10895547e-07,  8.16526769e-04,  8.03728686e-04,  7.86118039e-04,
        1.23292933e-06,  8.30174637e-04,  7.77282736e-04])}
{'img': array([[[ 0.        , -0.61508406, -0.8660254 , ..., -0.75662752,
         -0.73957248, -0.75662752],
        [ 0.61508406,  0.        , -0.37528569, ..., -0.19440135,
         -0.16912557, -0.19440135],
        [ 0.8660254 ,  0.37528569,  0.        , ...,  0.18793362,
          0.21311547,  0.18793362],
        ...,
        [ 0.75662752,  0.19440135, -0.18793362, ...,  0.        ,
          0.0257019 ,  0.        ],
        [ 0.73957248,  0.16912557, -0.21311547, ..., -0.0257019 ,
          0.        , -0.0257019 ],
        [ 0.75662752,  0.19440135, -0.18793362, ...,  0.        ,
          0.0257019 ,  0.        ]],

       [[ 0.        ,  0.0740954 ,  0.01018357, ..., -0.04774112,
         -0.45792232, -0.82566066],
        [-0.0740954 ,  0.        , -0.06393598, ..., -0.1216208 ,
         -0.5225338 , -0.86519323],
        [-0.01018357,  0.06393598,  0.        , ..., -0.0579106 ,
         -0.46695169, -0.83136308],
        ...,
        [ 0.04774112,  0.1216208 ,  0.0579106 , ...,  0.        ,
         -0.41495869, -0.79778523],
        [ 0.45792232,  0.5225338 ,  0.46695169, ...,  0.41495869,
          0.        , -0.4756612 ],
        [ 0.82566066,  0.86519323,  0.83136308, ...,  0.79778523,
          0.4756612 ,  0.        ]],

       [[ 0.        , -0.39229449, -0.60583386, ..., -0.73380633,
         -0.71078749, -0.7067986 ],
        [ 0.39229449,  0.        , -0.24516399, ..., -0.4084755 ,
         -0.37786792, -0.37262646],
        [ 0.60583386,  0.24516399,  0.        , ..., -0.17223133,
         -0.13934859, -0.13374687],
        ...,
        [ 0.73380633,  0.4084755 ,  0.17223133, ...,  0.        ,
          0.0332847 ,  0.03893569],
        [ 0.71078749,  0.37786792,  0.13934859, ..., -0.0332847 ,
          0.        ,  0.00565466],
        [ 0.7067986 ,  0.37262646,  0.13374687, ..., -0.03893569,
         -0.00565466,  0.        ]],

       ...,

       [[ 0.        ,  0.        , -0.23889286, ...,  0.2908054 ,
          0.20064521,  0.20064521],
        [ 0.        ,  0.        , -0.23889286, ...,  0.2908054 ,
          0.20064521,  0.20064521],
        [ 0.23889286,  0.23889286,  0.        , ...,  0.51095385,
          0.42887044,  0.42887044],
        ...,
        [-0.2908054 , -0.2908054 , -0.51095385, ...,  0.        ,
         -0.09291781, -0.09291781],
        [-0.20064521, -0.20064521, -0.42887044, ...,  0.09291781,
          0.        ,  0.        ],
        [-0.20064521, -0.20064521, -0.42887044, ...,  0.09291781,
          0.        ,  0.        ]],

       [[ 0.        ,  0.0401597 ,  0.04477924, ..., -0.3801265 ,
         -0.37689493, -0.3486017 ],
        [-0.0401597 ,  0.        ,  0.0046237 , ..., -0.41696494,
         -0.41378905, -0.385961  ],
        [-0.04477924, -0.0046237 ,  0.        , ..., -0.42116307,
         -0.41799392, -0.39022231],
        ...,
        [ 0.3801265 ,  0.41696494,  0.42116307, ...,  0.        ,
          0.00349133,  0.03384779],
        [ 0.37689493,  0.41378905,  0.41799392, ..., -0.00349133,
          0.        ,  0.03035825],
        [ 0.3486017 ,  0.385961  ,  0.39022231, ..., -0.03384779,
         -0.03035825,  0.        ]],

       [[ 0.        ,  0.06023202,  0.09300547, ...,  0.37191772,
          0.36728501,  0.40144739],
        [-0.06023202,  0.        ,  0.03286565, ...,  0.31533115,
          0.31059585,  0.34555309],
        [-0.09300547, -0.03286565,  0.        , ...,  0.2839719 ,
          0.27918788,  0.31452532],
        ...,
        [-0.37191772, -0.31533115, -0.2839719 , ...,  0.        ,
         -0.00498574,  0.03201707],
        [-0.36728501, -0.31059585, -0.27918788, ...,  0.00498574,
          0.        ,  0.03699985],
        [-0.40144739, -0.34555309, -0.31452532, ..., -0.03201707,
         -0.03699985,  0.        ]]]), 'num': array([ 9.97384910e-01,  7.17947562e-02,  2.05230633e-05, -1.28172508e-08,
        8.18382099e-04,  8.20196693e-04,  8.12031018e-04,  7.97806413e-03,
        7.25837782e-06,  8.12756856e-04,  8.01461006e-04,  7.82861413e-04,
        1.17649531e-06,  8.28922451e-04,  7.73999560e-04])}
{'img': array([[[ 0.        , -0.48639818, -0.92938611, ..., -0.24232132,
         -0.27438313,  0.05538958],
        [ 0.48639818,  0.        , -0.63250534, ...,  0.26017643,
          0.22799167,  0.53404741],
        [ 0.92938611,  0.63250534,  0.        , ...,  0.81224376,
          0.79243942,  0.94840413],
        ...,
        [ 0.24232132, -0.26017643, -0.81224376, ...,  0.        ,
         -0.0331843 ,  0.29568806],
        [ 0.27438313, -0.22799167, -0.79243942, ...,  0.0331843 ,
          0.        ,  0.32722566],
        [-0.05538958, -0.53404741, -0.94840413, ..., -0.29568806,
         -0.32722566,  0.        ]],

       [[ 0.        , -0.05999913,  0.43724914, ..., -0.47204342,
         -0.67777845, -0.89051266],
        [ 0.05999913,  0.        ,  0.49042104, ..., -0.41829925,
         -0.63244206, -0.86161123],
        [-0.43724914, -0.49042104,  0.        , ..., -0.80999576,
         -0.93104806, -0.99980423],
        ...,
        [ 0.47204342,  0.41829925,  0.80999576, ...,  0.        ,
         -0.25043518, -0.57029382],
        [ 0.67777845,  0.63244206,  0.93104806, ...,  0.25043518,
          0.        , -0.3464028 ],
        [ 0.89051266,  0.86161123,  0.99980423, ...,  0.57029382,
          0.3464028 ,  0.        ]],

       [[ 0.        , -0.49205578, -0.7228328 , ..., -0.63253684,
         -0.62738946, -0.64262657],
        [ 0.49205578,  0.        , -0.28925014, ..., -0.1695515 ,
         -0.16301586, -0.18244428],
        [ 0.7228328 ,  0.28925014,  0.        , ...,  0.1227584 ,
          0.12933346,  0.10974999],
        ...,
        [ 0.63253684,  0.1695515 , -0.1227584 , ...,  0.        ,
          0.00662788, -0.01309695],
        [ 0.62738946,  0.16301586, -0.12933346, ..., -0.00662788,
          0.        , -0.01972397],
        [ 0.64262657,  0.18244428, -0.10974999, ...,  0.01309695,
          0.01972397,  0.        ]],

       ...,

       [[ 0.        , -0.23889286, -0.67972373, ...,  0.20064521,
          0.20064521,  0.07317297],
        [ 0.23889286,  0.        , -0.48482264, ...,  0.42887044,
          0.42887044,  0.30930677],
        [ 0.67972373,  0.48482264,  0.        , ...,  0.81306774,
          0.81306774,  0.73157162],
        ...,
        [-0.20064521, -0.42887044, -0.81306774, ...,  0.        ,
          0.        , -0.12842241],
        [-0.20064521, -0.42887044, -0.81306774, ...,  0.        ,
          0.        , -0.12842241],
        [-0.07317297, -0.30930677, -0.73157162, ...,  0.12842241,
          0.12842241,  0.        ]],

       [[ 0.        ,  0.0046237 ,  0.04019291, ..., -0.41378905,
         -0.385961  , -0.33388732],
        [-0.0046237 ,  0.        ,  0.03557251, ..., -0.41799392,
         -0.39022231, -0.33824211],
        [-0.04019291, -0.03557251,  0.        , ..., -0.45004521,
         -0.42272768, -0.37150387],
        ...,
        [ 0.41378905,  0.41799392,  0.45004521, ...,  0.        ,
          0.03035825,  0.086081  ],
        [ 0.385961  ,  0.39022231,  0.42272768, ..., -0.03035825,
          0.        ,  0.05579576],
        [ 0.33388732,  0.33824211,  0.37150387, ..., -0.086081  ,
         -0.05579576,  0.        ]],

       [[ 0.        ,  0.03286565, -0.13498028, ...,  0.31059585,
          0.34555309,  0.31575012],
        [-0.03286565,  0.        , -0.16747224, ...,  0.27918788,
          0.31452532,  0.28439522],
        [ 0.13498028,  0.16747224,  0.        , ...,  0.4360578 ,
          0.46905608,  0.44093547],
        ...,
        [-0.31059585, -0.27918788, -0.4360578 , ...,  0.        ,
          0.03699985,  0.00542726],
        [-0.34555309, -0.31452532, -0.46905608, ..., -0.03699985,
          0.        , -0.03157576],
        [-0.31575012, -0.28439522, -0.44093547, ..., -0.00542726,
          0.03157576,  0.        ]]]), 'num': array([ 9.99825104e-01,  1.06075015e-02,  2.23047937e-05,  2.16069752e-09,
        8.20246768e-04,  8.30418938e-04,  8.13773570e-04,  1.52280523e-02,
       -1.38711404e-05,  8.27089864e-04,  8.16686509e-04,  7.97698459e-04,
        1.02162050e-06,  8.44535086e-04,  7.88837932e-04])}
{'img': array([[[ 0.        , -0.63250534, -0.60003214, ...,  0.22799167,
          0.53404741,  0.02624008],
        [ 0.63250534,  0.        ,  0.04123054, ...,  0.79243942,
          0.94840413,  0.65261196],
        [ 0.60003214, -0.04123054,  0.        , ...,  0.76661698,
          0.93452494,  0.62081695],
        ...,
        [-0.22799167, -0.79243942, -0.76661698, ...,  0.        ,
          0.32722566, -0.20236417],
        [-0.53404741, -0.94840413, -0.93452494, ..., -0.32722566,
          0.        , -0.51167873],
        [-0.02624008, -0.65261196, -0.62081695, ...,  0.20236417,
          0.51167873,  0.        ]],

       [[ 0.        ,  0.49042104, -0.11429994, ..., -0.63244206,
         -0.86161123,  0.06448602],
        [-0.49042104,  0.        , -0.58681771, ..., -0.93104806,
         -0.99980423, -0.43320164],
        [ 0.11429994,  0.58681771,  0.        , ..., -0.53975961,
         -0.79794939,  0.17812543],
        ...,
        [ 0.63244206,  0.93104806,  0.53975961, ...,  0.        ,
         -0.3464028 ,  0.68107706],
        [ 0.86161123,  0.99980423,  0.79794939, ...,  0.3464028 ,
          0.        ,  0.89254897],
        [-0.06448602,  0.43320164, -0.17812543, ..., -0.68107706,
         -0.89254897,  0.        ]],

       [[ 0.        , -0.5891335 , -0.81116207, ..., -0.43218344,
         -0.45908401, -0.51507875],
        [ 0.5891335 ,  0.        , -0.31091002, ...,  0.18205252,
          0.15242572,  0.08876955],
        [ 0.81116207,  0.31091002,  0.        , ...,  0.47874423,
          0.45214842,  0.39405268],
        ...,
        [ 0.43218344, -0.18205252, -0.47874423, ...,  0.        ,
         -0.03004672, -0.09404771],
        [ 0.45908401, -0.15242572, -0.45214842, ...,  0.03004672,
          0.        , -0.0640917 ],
        [ 0.51507875, -0.08876955, -0.39405268, ...,  0.09404771,
          0.0640917 ,  0.        ]],

       ...,

       [[ 0.        , -0.48482264, -0.42596825, ...,  0.42887044,
          0.30930677, -0.05591526],
        [ 0.48482264,  0.        ,  0.06608037, ...,  0.81306774,
          0.73157162,  0.43515996],
        [ 0.42596825, -0.06608037,  0.        , ...,  0.77282067,
          0.68492137,  0.37471316],
        ...,
        [-0.42887044, -0.81306774, -0.77282067, ...,  0.        ,
         -0.12842241, -0.47871143],
        [-0.30930677, -0.73157162, -0.68492137, ...,  0.12842241,
          0.        , -0.36199617],
        [ 0.05591526, -0.43515996, -0.37471316, ...,  0.47871143,
          0.36199617,  0.        ]],

       [[ 0.        ,  0.03557251,  0.05984824, ..., -0.39022231,
         -0.33824211, -0.3465413 ],
        [-0.03557251,  0.        ,  0.02430162, ..., -0.42272768,
         -0.37150387, -0.37969022],
        [-0.05984824, -0.02430162,  0.        , ..., -0.44462634,
         -0.39395654, -0.40205985],
        ...,
        [ 0.39022231,  0.42272768,  0.44462634, ...,  0.        ,
          0.05579576,  0.04697433],
        [ 0.33824211,  0.37150387,  0.39395654, ..., -0.05579576,
          0.        , -0.00883301],
        [ 0.3465413 ,  0.37969022,  0.40205985, ..., -0.04697433,
          0.00883301,  0.        ]],

       [[ 0.        , -0.16747224, -0.2629624 , ...,  0.31452532,
          0.28439522,  0.27878858],
        [ 0.16747224,  0.        , -0.0976703 , ...,  0.46905608,
          0.44093547,  0.43568358],
        [ 0.2629624 ,  0.0976703 ,  0.        , ...,  0.55307276,
          0.52649017,  0.52151352],
        ...,
        [-0.31452532, -0.46905608, -0.55307276, ...,  0.        ,
         -0.03157576, -0.03741537],
        [-0.28439522, -0.44093547, -0.52649017, ...,  0.03157576,
          0.        , -0.00584306],
        [-0.27878858, -0.43568358, -0.52151352, ...,  0.03741537,
          0.00584306,  0.        ]]]), 'num': array([ 9.99925701e-01,  7.64091774e-04,  2.25544381e-05, -2.83476814e-08,
        8.20329728e-04,  8.32366169e-04,  8.14774448e-04,  1.19434268e-02,
       -9.25880055e-07,  8.26625713e-04,  8.18663144e-04,  7.98679566e-04,
        1.10723800e-06,  8.45469571e-04,  7.91856718e-04])}
{'img': array([[[ 0.        ,  0.04123054,  0.40985027, ...,  0.94840413,
          0.65261196,  0.63250534],
        [-0.04123054,  0.        ,  0.37189321, ...,  0.93452494,
          0.62081695,  0.60003214],
        [-0.40985027, -0.37189321,  0.        , ...,  0.73514071,
          0.28474143,  0.25948954],
        ...,
        [-0.94840413, -0.93452494, -0.73514071, ...,  0.        ,
         -0.51167873, -0.53404741],
        [-0.65261196, -0.62081695, -0.28474143, ...,  0.51167873,
          0.        , -0.02624008],
        [-0.63250534, -0.60003214, -0.25948954, ...,  0.53404741,
          0.02624008,  0.        ]],

       [[ 0.        , -0.58681771, -0.19714441, ..., -0.99980423,
         -0.43320164, -0.69206364],
        [ 0.58681771,  0.        ,  0.41566951, ..., -0.79794939,
          0.17812543, -0.13679068],
        [ 0.19714441, -0.41566951,  0.        , ..., -0.9762817 ,
         -0.24701416, -0.53617549],
        ...,
        [ 0.99980423,  0.79794939,  0.9762817 , ...,  0.        ,
          0.89254897,  0.70800156],
        [ 0.43320164, -0.17812543,  0.24701416, ..., -0.89254897,
          0.        , -0.31105414],
        [ 0.69206364,  0.13679068,  0.53617549, ..., -0.70800156,
          0.31105414,  0.        ]],

       [[ 0.        , -0.38322369, -0.57083756, ...,  0.2761162 ,
          0.13968902,  0.03371349],
        [ 0.38322369,  0.        , -0.21260649, ...,  0.62336185,
          0.50849088,  0.4141455 ],
        [ 0.57083756,  0.21260649,  0.        , ...,  0.77535463,
          0.67993423,  0.59819396],
        ...,
        [-0.2761162 , -0.62336185, -0.77535463, ...,  0.        ,
         -0.13915049, -0.24355638],
        [-0.13968902, -0.50849088, -0.67993423, ...,  0.13915049,
          0.        , -0.10622667],
        [-0.03371349, -0.4141455 , -0.59819396, ...,  0.24355638,
          0.10622667,  0.        ]],

       ...,

       [[ 0.        ,  0.06608037,  0.21872725, ...,  0.73157162,
          0.43515996,  0.57920796],
