state_0,state_1,state_2,state_3,state_4,state_5,state_6,state_7,state_8,state_9,state_10,state_11,state_12,state_13,state_14,state_15,state_16,state_17,state_18,state_19,state_20,state_21,state_22,state_23,state_24,state_25,state_26,state_27,state_28,state_29,state_30,state_31,state_32,state_33,state_34,state_35,state_36,state_37,state_38,state_39,state_40,state_41,state_42,state_43,state_44,state_45,state_46,state_47,state_48,state_49,state_50,state_51,state_52,state_53,state_54,state_55,state_56,state_57,state_58,state_59,state_60,state_61,state_62,state_63,state_64,state_65,state_66,state_67,state_68,state_69,state_70,state_71,state_72,state_73,state_74,state_75,state_76,state_77,state_78,state_79,state_80,state_81,state_82,state_83,state_84,state_85,state_86,state_87,state_88,state_89,state_90,state_91,state_92,state_93,state_94,state_95,state_96,state_97,state_98,state_99,state_100,state_101,state_102,state_103,state_104,state_105,state_106,state_107,state_108,state_109,state_110,state_111,state_112,state_113,state_114,state_115,state_116,state_117,state_118,state_119,state_120,state_121,state_122,state_123,state_124,state_125,state_126,state_127,state_128,state_129,state_130,state_131,state_132,state_133,state_134,state_135,state_136,state_137,state_138,state_139,state_140,state_141,state_142,state_143,state_144,state_145,state_146,state_147,state_148,state_149,state_150,state_151,state_152,state_153,state_154,state_155,state_156,state_157,state_158,state_159,state_160,state_161,state_162,state_163,state_164,state_165,state_166,state_167,state_168,state_169,state_170,state_171,state_172,state_173,state_174,state_175,state_176,state_177,state_178,state_179,state_180,state_181,state_182,state_183,state_184,state_185,state_186,state_187,state_188,state_189,state_190,state_191,state_192,state_193,state_194,state_195,state_196,state_197,state_198,state_199,state_200,state_201,state_202,state_203,state_204,state_205,state_206,state_207,state_208,state_209,state_210,state_211,state_212,state_213,state_214,state_215,state_216,state_217,state_218,state_219,state_220,state_221,state_222,state_223,state_224,state_225,state_226,state_227,state_228,state_229,state_230,state_231,state_232,state_233,state_234,state_235,state_236,state_237,state_238,state_239,state_240,state_241,state_242,state_243,state_244,state_245,state_246,state_247,state_248,state_249,state_250,state_251,state_252,state_253,state_254,state_255,state_256,state_257,state_258,state_259,state_260,state_261,state_262,state_263,state_264,state_265,state_266,state_267,state_268,state_269,state_270,state_271,state_272,state_273,state_274,state_275,state_276,state_277,state_278,state_279,state_280,state_281,state_282,state_283,state_284,state_285,state_286,state_287
{'img': array([[[ 0.        ,  0.96629808,  0.49619272, ..., -0.90327166,
         -0.8409173 , -0.8481322 ],
        [-0.96629808,  0.        , -0.71121921, ..., -0.64713405,
         -0.73939915, -0.73026095],
        [-0.49619272,  0.71121921,  0.        , ..., -0.99713264,
         -0.9986163 , -0.99923418],
        ...,
        [ 0.90327166,  0.64713405,  0.99713264, ...,  0.        ,
          0.12800614,  0.11463212],
        [ 0.8409173 ,  0.73939915,  0.9986163 , ..., -0.12800614,
          0.        , -0.01347324],
        [ 0.8481322 ,  0.73026095,  0.99923418, ..., -0.11463212,
          0.01347324,  0.        ]],

       [[ 0.        ,  0.71991841,  0.37186909, ..., -0.67056581,
         -0.65064197, -0.71991841],
        [-0.71991841,  0.        , -0.92638857, ..., -0.06865946,
         -0.09511125, -0.        ],
        [-0.37186909,  0.92638857,  0.        , ..., -0.89834741,
         -0.88637297, -0.92638857],
        ...,
        [ 0.67056581,  0.06865946,  0.89834741, ...,  0.        ,
          0.0265386 , -0.06865946],
        [ 0.65064197,  0.09511125,  0.88637297, ..., -0.0265386 ,
          0.        , -0.09511125],
        [ 0.71991841,  0.        ,  0.92638857, ...,  0.06865946,
          0.09511125,  0.        ]],

       [[ 0.        ,  0.26085471,  0.52519394, ..., -0.98182854,
         -0.99997759, -0.98332843],
        [-0.26085471,  0.        ,  0.2850279 , ..., -0.8983333 ,
         -0.96710267, -0.9967171 ],
        [-0.52519394, -0.2850279 ,  0.        , ..., -0.73585283,
         -0.85447929, -0.93229577],
        ...,
        [ 0.98182854,  0.8983333 ,  0.73585283, ...,  0.        ,
          0.19633853,  0.36514052],
        [ 0.99997759,  0.96710267,  0.85447929, ..., -0.19633853,
          0.        ,  0.17525166],
        [ 0.98332843,  0.9967171 ,  0.93229577, ..., -0.36514052,
         -0.17525166,  0.        ]],

       ...,

       [[ 0.        ,  0.75907197,  0.24733242, ..., -0.88266891,
         -0.77211202, -0.75177301],
        [-0.75907197,  0.        , -0.57447306, ..., -0.93138366,
         -0.98503006, -0.98995801],
        [-0.24733242,  0.57447306,  0.        , ..., -0.97149007,
         -0.90529943, -0.89151238],
        ...,
        [ 0.88266891,  0.93138366,  0.97149007, ...,  0.        ,
          0.1980351 ,  0.22872148],
        [ 0.77211202,  0.98503006,  0.90529943, ..., -0.1980351 ,
          0.        ,  0.03140607],
        [ 0.75177301,  0.98995801,  0.89151238, ..., -0.22872148,
         -0.03140607,  0.        ]],

       [[ 0.        ,  0.580212  ,  0.83450583, ..., -0.87495968,
         -0.96547095, -0.99859789],
        [-0.580212  ,  0.        ,  0.3599799 , ..., -0.99356067,
         -0.93749423, -0.84403779],
        [-0.83450583, -0.3599799 ,  0.        , ..., -0.88616621,
         -0.74937138, -0.59440219],
        ...,
        [ 0.87495968,  0.99356067,  0.88616621, ...,  0.        ,
         -0.23954056, -0.43719978],
        [ 0.96547095,  0.93749423,  0.74937138, ...,  0.23954056,
          0.        , -0.20903705],
        [ 0.99859789,  0.84403779,  0.59440219, ...,  0.43719978,
          0.20903705,  0.        ]],

       [[ 0.        , -0.47018928, -0.56221359, ..., -0.99949446,
         -0.99960476, -0.98108455],
        [ 0.47018928,  0.        , -0.10734757, ..., -0.86717043,
         -0.86899854, -0.95689058],
        [ 0.56221359,  0.10734757,  0.        , ..., -0.80869921,
         -0.81085993, -0.92018228],
        ...,
        [ 0.99949446,  0.86717043,  0.80869921, ...,  0.        ,
         -0.00368262, -0.22467403],
        [ 0.99960476,  0.86899854,  0.81085993, ...,  0.00368262,
          0.        , -0.22108403],
        [ 0.98108455,  0.95689058,  0.92018228, ...,  0.22467403,
          0.22108403,  0.        ]]]), 'num': array([ 7.07077859e-01,  7.07077859e-01,  0.00000000e+00,  0.00000000e+00,
        6.21564832e-05,  6.25393774e-05,  6.08801694e-05,  9.04278555e-03,
       -1.27631382e-07,  6.18118785e-05,  6.30307582e-05,  6.75382732e-05,
        4.63566813e-07,  6.85324111e-05,  5.75291054e-05])}
{'img': array([[[ 0.        , -0.71121921, -0.94848178, ..., -0.73939915,
         -0.73026095, -0.72087096],
        [ 0.71121921,  0.        , -0.44141774, ..., -0.9986163 ,
         -0.99923418, -0.99967507],
        [ 0.94848178,  0.44141774,  0.        , ..., -0.87284687,
         -0.87934251, -0.88575837],
        ...,
        [ 0.73939915,  0.9986163 ,  0.87284687, ...,  0.        ,
         -0.01347324, -0.027116  ],
        [ 0.73026095,  0.99923418,  0.87934251, ...,  0.01347324,
          0.        , -0.01364525],
        [ 0.72087096,  0.99967507,  0.88575837, ...,  0.027116  ,
          0.01364525,  0.        ]],

       [[ 0.        , -0.92638857, -0.63664757, ..., -0.09511125,
         -0.        , -0.07919623],
        [ 0.92638857,  0.        , -0.47464733, ..., -0.88637297,
         -0.92638857, -0.89365598],
        [ 0.63664757,  0.47464733,  0.        , ..., -0.56041592,
         -0.63664757, -0.57357533],
        ...,
        [ 0.09511125,  0.88637297,  0.56041592, ...,  0.        ,
         -0.09511125, -0.01597531],
        [ 0.        ,  0.92638857,  0.63664757, ...,  0.09511125,
          0.        ,  0.07919623],
        [ 0.07919623,  0.89365598,  0.57357533, ...,  0.01597531,
         -0.07919623,  0.        ]],

       [[ 0.        ,  0.2850279 ,  0.76244008, ..., -0.96710267,
         -0.9967171 , -0.99898321],
        [-0.2850279 ,  0.        ,  0.54638366, ..., -0.85447929,
         -0.93229577, -0.97039474],
        [-0.76244008, -0.54638366,  0.        , ..., -0.43181795,
         -0.58320512, -0.68077457],
        ...,
        [ 0.96710267,  0.85447929,  0.43181795, ...,  0.        ,
          0.17525166,  0.29772834],
        [ 0.9967171 ,  0.93229577,  0.58320512, ..., -0.17525166,
          0.        ,  0.12581649],
        [ 0.99898321,  0.97039474,  0.68077457, ..., -0.29772834,
         -0.12581649,  0.        ]],

       ...,

       [[ 0.        , -0.57447306, -0.79108544, ..., -0.98503006,
         -0.98995801, -0.98546204],
        [ 0.57447306,  0.        , -0.29611359, ..., -0.90529943,
         -0.89151238, -0.90422436],
        [ 0.79108544,  0.29611359,  0.        , ..., -0.73891788,
         -0.71739211, -0.73721476],
        ...,
        [ 0.98503006,  0.90529943,  0.73891788, ...,  0.        ,
          0.03140607,  0.00252415],
        [ 0.98995801,  0.89151238,  0.71739211, ..., -0.03140607,
          0.        , -0.02888306],
        [ 0.98546204,  0.90422436,  0.73721476, ..., -0.00252415,
          0.02888306,  0.        ]],

       [[ 0.        ,  0.35455374,  0.49744233, ..., -0.98144559,
         -0.96778318, -0.83615143],
        [-0.35455374,  0.        ,  0.15755198, ..., -0.84970418,
         -0.81564043, -0.58735913],
        [-0.49744233, -0.15755198,  0.        , ..., -0.75602115,
         -0.7143005 , -0.45251244],
        ...,
        [ 0.98144559,  0.84970418,  0.75602115, ...,  0.        ,
         -0.06154979, -0.37799723],
        [ 0.96778318,  0.81564043,  0.7143005 , ...,  0.06154979,
          0.        , -0.32029735],
        [ 0.83615143,  0.58735913,  0.45251244, ...,  0.37799723,
          0.32029735,  0.        ]],

       [[ 0.        , -0.10629127, -0.06010722, ..., -0.8465843 ,
         -0.90136096, -0.9594148 ],
        [ 0.10629127,  0.        ,  0.04633238, ..., -0.7852144 ,
         -0.85022337, -0.92400575],
        [ 0.06010722, -0.04633238,  0.        , ..., -0.81306126,
         -0.87370068, -0.94072995],
        ...,
        [ 0.8465843 ,  0.7852144 ,  0.81306126, ...,  0.        ,
         -0.11312448, -0.27191735],
        [ 0.90136096,  0.85022337,  0.87370068, ...,  0.11312448,
          0.        , -0.16130984],
        [ 0.9594148 ,  0.92400575,  0.94072995, ...,  0.27191735,
          0.16130984,  0.        ]]]), 'num': array([ 9.97281483e-01,  7.27062975e-02,  1.87160969e-04, -2.33605005e-10,
        8.77705701e-05,  8.77705701e-05,  8.62603478e-05,  1.19724743e-02,
        1.24371253e-06,  8.66334615e-05,  8.75129440e-05,  9.35331049e-05,
        7.34921042e-07,  9.48699670e-05,  8.01559210e-05])}
{'img': array([[[ 0.        , -0.83745152, -0.91853105, ..., -0.7782884 ,
         -0.76876208, -0.82974711],
        [ 0.83745152,  0.        , -0.17090242, ..., -0.95118531,
         -0.95571687, -0.92088124],
        [ 0.91853105,  0.17090242,  0.        , ..., -0.88444747,
         -0.89136184, -0.84070805],
        ...,
        [ 0.7782884 ,  0.95118531,  0.88444747, ...,  0.        ,
         -0.01503151,  0.08661047],
        [ 0.76876208,  0.95571687,  0.89136184, ...,  0.01503151,
          0.        ,  0.10157571],
        [ 0.82974711,  0.92088124,  0.84070805, ..., -0.08661047,
         -0.10157571,  0.        ]],

       [[ 0.        , -0.96401368, -0.85057746, ..., -0.        ,
         -0.14160213, -0.12324777],
        [ 0.96401368,  0.        , -0.28079811, ..., -0.96401368,
         -0.91665464, -0.92389823],
        [ 0.85057746,  0.28079811,  0.        , ..., -0.85057746,
         -0.7675453 , -0.77928279],
        ...,
        [ 0.        ,  0.96401368,  0.85057746, ...,  0.        ,
          0.14160213,  0.12324777],
        [ 0.14160213,  0.91665464,  0.7675453 , ..., -0.14160213,
          0.        , -0.01851667],
        [ 0.12324777,  0.92389823,  0.77928279, ..., -0.12324777,
          0.01851667,  0.        ]],

       [[ 0.        ,  0.54638366,  0.38429386, ..., -0.93229577,
         -0.97039474, -0.98414409],
        [-0.54638366,  0.        , -0.18256774, ..., -0.58320512,
         -0.68077457, -0.72734263],
        [-0.38429386,  0.18256774,  0.        , ..., -0.72170768,
         -0.80306257, -0.84040997],
        ...,
        [ 0.93229577,  0.58320512,  0.72170768, ...,  0.        ,
          0.12581649,  0.19059974],
        [ 0.97039474,  0.68077457,  0.80306257, ..., -0.12581649,
          0.        ,  0.06557515],
        [ 0.98414409,  0.72734263,  0.84040997, ..., -0.19059974,
         -0.06557515,  0.        ]],

       ...,

       [[ 0.        , -0.30382716, -0.4495364 , ..., -0.89876212,
         -0.91112201, -0.83694064],
        [ 0.30382716,  0.        , -0.15688828, ..., -0.72306613,
         -0.74283236, -0.6310934 ],
        [ 0.4495364 ,  0.15688828,  0.        , ..., -0.60573684,
         -0.62860023, -0.50157885],
        ...,
        [ 0.89876212,  0.72306613,  0.60573684, ...,  0.        ,
         -0.02905638,  0.1249414 ],
        [ 0.91112201,  0.74283236,  0.62860023, ...,  0.02905638,
          0.        ,  0.15371735],
        [ 0.83694064,  0.6310934 ,  0.50157885, ..., -0.1249414 ,
         -0.15371735,  0.        ]],

       [[ 0.        ,  0.15511282,  0.25916615, ..., -0.88612437,
         -0.81870541, -0.57973088],
        [-0.15511282,  0.        ,  0.10621636, ..., -0.80351275,
         -0.7197285 , -0.44632709],
        [-0.25916615, -0.10621636,  0.        , ..., -0.73573803,
         -0.64191572, -0.34875241],
        ...,
        [ 0.88612437,  0.80351275,  0.73573803, ...,  0.        ,
         -0.12939783, -0.45334641],
        [ 0.81870541,  0.7197285 ,  0.64191572, ...,  0.12939783,
          0.        , -0.33419828],
        [ 0.57973088,  0.44632709,  0.34875241, ...,  0.45334641,
          0.33419828,  0.        ]],

       [[ 0.        ,  0.04633238,  0.1221834 , ..., -0.85022337,
         -0.92400575, -0.85360136],
        [-0.04633238,  0.        ,  0.07606695, ..., -0.87370068,
         -0.94072995, -0.87682043],
        [-0.1221834 , -0.07606695,  0.        , ..., -0.90817314,
         -0.96380299, -0.91085439],
        ...,
        [ 0.85022337,  0.87370068,  0.90817314, ...,  0.        ,
         -0.16130984, -0.00645049],
        [ 0.92400575,  0.94072995,  0.96380299, ...,  0.16130984,
          0.        ,  0.15494048],
        [ 0.85360136,  0.87682043,  0.91085439, ...,  0.00645049,
         -0.15494048,  0.        ]]]), 'num': array([9.88783454e-01, 1.48104459e-01, 1.66801388e-04, 2.25974857e-08,
       8.72979227e-05, 8.78175531e-05, 8.40069295e-05, 1.92940880e-02,
       1.73210164e-06, 8.52886848e-05, 8.51587771e-05, 9.08256363e-05,
       8.58318223e-07, 9.20090366e-05, 7.83085177e-05])}
{'img': array([[[ 0.        , -0.59393737, -0.65062579, ..., -0.84558893,
         -0.9035079 , -0.96052448],
        [ 0.59393737,  0.        , -0.07240064, ..., -0.99735014,
         -0.98142689, -0.93798347],
        [ 0.65062579,  0.07240064,  0.        , ..., -0.98946551,
         -0.96496217, -0.910422  ],
        ...,
        [ 0.84558893,  0.99735014,  0.98946551, ...,  0.        ,
          0.11992851,  0.27752216],
        [ 0.9035079 ,  0.98142689,  0.96496217, ..., -0.11992851,
          0.        ,  0.16030152],
        [ 0.96052448,  0.93798347,  0.910422  , ..., -0.27752216,
         -0.16030152,  0.        ]],

       [[ 0.        , -0.66583734, -0.97626551, ..., -0.79783218,
         -0.78015122, -0.90784537],
        [ 0.66583734,  0.        , -0.58418357, ..., -0.99667989,
         -0.99861027, -0.95652965],
        [ 0.97626551,  0.58418357,  0.        , ..., -0.76136276,
         -0.7797058 , -0.60597167],
        ...,
        [ 0.79783218,  0.99667989,  0.76136276, ...,  0.        ,
         -0.02877936,  0.21278633],
        [ 0.78015122,  0.99861027,  0.7797058 , ...,  0.02877936,
          0.        ,  0.24081847],
        [ 0.90784537,  0.95652965,  0.60597167, ..., -0.21278633,
         -0.24081847,  0.        ]],

       [[ 0.        , -0.18256774, -0.29601893, ..., -0.68077457,
         -0.72734263, -0.78535345],
        [ 0.18256774,  0.        , -0.11665839, ..., -0.80306257,
         -0.84040997, -0.88517236],
        [ 0.29601893,  0.11665839,  0.        , ..., -0.86709545,
         -0.89789489, -0.93340535],
        ...,
        [ 0.68077457,  0.80306257,  0.86709545, ...,  0.        ,
          0.06557515,  0.15383403],
        [ 0.72734263,  0.84040997,  0.89789489, ..., -0.06557515,
          0.        ,  0.08870833],
        [ 0.78535345,  0.88517236,  0.93340535, ..., -0.15383403,
         -0.08870833,  0.        ]],

       ...,

       [[ 0.        , -0.15688828, -0.15079506, ..., -0.74283236,
         -0.6310934 , -0.41796304],
        [ 0.15688828,  0.        ,  0.0061666 , ..., -0.62860023,
         -0.50157885, -0.27025978],
        [ 0.15079506, -0.0061666 ,  0.        , ..., -0.63338422,
         -0.50690412, -0.27619176],
        ...,
        [ 0.74283236,  0.62860023,  0.63338422, ...,  0.        ,
          0.15371735,  0.39501965],
        [ 0.6310934 ,  0.50157885,  0.50690412, ..., -0.15371735,
          0.        ,  0.24910886],
        [ 0.41796304,  0.27025978,  0.27619176, ..., -0.39501965,
         -0.24910886,  0.        ]],

       [[ 0.        ,  0.10478552,  0.19483612, ..., -0.79838949,
         -0.70257713, -0.44085319],
        [-0.10478552,  0.        ,  0.09098613, ..., -0.73089854,
         -0.62414316, -0.34437292],
        [-0.19483612, -0.09098613,  0.        , ..., -0.66577011,
         -0.55046594, -0.25752374],
        ...,
        [ 0.79838949,  0.73089854,  0.66577011, ...,  0.        ,
         -0.14508928, -0.45116188],
        [ 0.70257713,  0.62414316,  0.55046594, ...,  0.14508928,
          0.        , -0.31690416],
        [ 0.44085319,  0.34437292,  0.25752374, ...,  0.45116188,
          0.31690416,  0.        ]],

       [[ 0.        ,  0.07606695,  0.18474984, ..., -0.94072995,
         -0.87682043, -0.80572045],
        [-0.07606695,  0.        ,  0.10945707, ..., -0.96380299,
         -0.91085439, -0.8484402 ],
        [-0.18474984, -0.10945707,  0.        , ..., -0.98719495,
         -0.95055752, -0.90127703],
        ...,
        [ 0.94072995,  0.96380299,  0.98719495, ...,  0.        ,
          0.15494048,  0.28392521],
        [ 0.87682043,  0.91085439,  0.95055752, ..., -0.15494048,
          0.        ,  0.13193235],
        [ 0.80572045,  0.8484402 ,  0.90127703, ..., -0.28392521,
         -0.13193235,  0.        ]]]), 'num': array([ 9.85993420e-01,  1.66221939e-01,  1.64118418e-04,  5.29008110e-08,
        8.69230727e-05,  8.78801836e-05,  8.63140021e-05,  1.36804561e-02,
       -7.83090745e-07,  8.60529719e-05,  8.53699427e-05,  9.09907941e-05,
        8.50935611e-07,  9.18800822e-05,  7.88598032e-05])}
{'img': array([[[ 0.        , -0.3122499 , -0.46874537, ..., -0.93035238,
         -0.9797959 , -0.96144423],
        [ 0.3122499 ,  0.        , -0.16948736, ..., -0.99832639,
         -0.99325608, -0.99924074],
        [ 0.46874537,  0.16948736,  0.        , ..., -0.99368457,
         -0.95923545, -0.97818071],
        ...,
        [ 0.93035238,  0.99832639,  0.99368457, ...,  0.        ,
          0.17318802,  0.09668264],
        [ 0.9797959 ,  0.99325608,  0.95923545, ..., -0.17318802,
          0.        , -0.07715503],
        [ 0.96144423,  0.99924074,  0.97818071, ..., -0.09668264,
          0.07715503,  0.        ]],

       [[ 0.        , -0.58418357, -0.69799992, ..., -0.99861027,
         -0.95652965, -0.99084978],
        [ 0.58418357,  0.        , -0.1481792 , ..., -0.7797058 ,
         -0.60597167, -0.72534819],
        [ 0.69799992,  0.1481792 ,  0.        , ..., -0.67831645,
         -0.48140755, -0.61533681],
        ...,
        [ 0.99861027,  0.7797058 ,  0.67831645, ...,  0.        ,
          0.24081847,  0.08256167],
        [ 0.95652965,  0.60597167,  0.48140755, ..., -0.24081847,
          0.        , -0.15986441],
        [ 0.99084978,  0.72534819,  0.61533681, ..., -0.08256167,
          0.15986441,  0.        ]],

       [[ 0.        , -0.23600676, -0.6936222 , ..., -0.72984205,
         -0.78788749, -0.81019663],
        [ 0.23600676,  0.        , -0.50402348, ..., -0.870563  ,
         -0.91096828, -0.92564701],
        [ 0.6936222 ,  0.50402348,  0.        , ..., -0.99990478,
         -0.99469195, -0.99018855],
        ...,
        [ 0.72984205,  0.870563  ,  0.99990478, ...,  0.        ,
          0.0891616 ,  0.12606034],
        [ 0.78788749,  0.91096828,  0.99469195, ..., -0.0891616 ,
          0.        ,  0.03710794],
        [ 0.81019663,  0.92564701,  0.99018855, ..., -0.12606034,
         -0.03710794,  0.        ]],

       ...,

       [[ 0.        ,  0.0061666 ,  0.01239267, ..., -0.50157885,
         -0.27025978, -0.28992861],
        [-0.0061666 ,  0.        ,  0.00622631, ..., -0.50690412,
         -0.27619176, -0.29582483],
        [-0.01239267, -0.00622631,  0.        , ..., -0.51226138,
         -0.28217053, -0.30176673],
        ...,
        [ 0.50157885,  0.50690412,  0.51226138, ...,  0.        ,
          0.24910886,  0.22921448],
        [ 0.27025978,  0.27619176,  0.28217053, ..., -0.24910886,
          0.        , -0.02048797],
        [ 0.28992861,  0.29582483,  0.30176673, ..., -0.22921448,
          0.02048797,  0.        ]],

       [[ 0.        ,  0.08962284,  0.17177674, ..., -0.72850149,
         -0.6361318 , -0.33947343],
        [-0.08962284,  0.        ,  0.08279479, ..., -0.66417422,
         -0.56442063, -0.25380667],
        [-0.17177674, -0.08279479,  0.        , ..., -0.59999831,
         -0.49413671, -0.17285158],
        ...,
        [ 0.72850149,  0.66417422,  0.59999831, ...,  0.        ,
         -0.12631907, -0.45268558],
        [ 0.6361318 ,  0.56442063,  0.49413671, ...,  0.12631907,
          0.        , -0.33642447],
        [ 0.33947343,  0.25380667,  0.17285158, ...,  0.45268558,
          0.33642447,  0.        ]],

       [[ 0.        ,  0.10945707,  0.20661618, ..., -0.91085439,
         -0.8484402 , -0.79278478],
        [-0.10945707,  0.        ,  0.09827952, ..., -0.95055752,
         -0.90127703, -0.85473562],
        [-0.20661618, -0.09827952,  0.        , ..., -0.97647629,
         -0.93949276, -0.90161104],
        ...,
        [ 0.91085439,  0.95055752,  0.97647629, ...,  0.        ,
          0.13193235,  0.22796291],
        [ 0.8484402 ,  0.90127703,  0.93949276, ..., -0.13193235,
          0.        ,  0.09751168],
        [ 0.79278478,  0.85473562,  0.90161104, ..., -0.22796291,
         -0.09751168,  0.        ]]]), 'num': array([ 9.90061454e-01,  1.40275560e-01,  1.70983070e-04,  3.98978194e-08,
        8.72201436e-05,  8.75711301e-05,  8.65181706e-05,  1.00495681e-02,
       -4.38733117e-07,  8.70972983e-05,  8.58995569e-05,  9.15299652e-05,
        8.81436669e-07,  9.20826686e-05,  7.97164452e-05])}
{'img': array([[[ 0.        , -0.19174275,  0.25709342, ..., -0.99785486,
         -0.99992503, -0.99842388],
        [ 0.19174275,  0.        ,  0.43762072, ..., -0.96678742,
         -0.98371953, -0.99065945],
        [-0.25709342, -0.43762072,  0.        , ..., -0.98114417,
         -0.96316599, -0.95043466],
        ...,
        [ 0.99785486,  0.96678742,  0.98114417, ...,  0.        ,
         -0.07767896, -0.12136418],
        [ 0.99992503,  0.98371953,  0.96316599, ...,  0.07767896,
          0.        , -0.04389271],
        [ 0.99842388,  0.99065945,  0.95043466, ...,  0.12136418,
          0.04389271,  0.        ]],

       [[ 0.        , -0.1481792 ,  0.88469095, ..., -0.60597167,
         -0.72534819, -0.86170996],
        [ 0.1481792 ,  0.        ,  0.80584654, ..., -0.48140755,
         -0.61533681, -0.77701084],
        [-0.88469095, -0.80584654,  0.        , ..., -0.42126881,
         -0.2708641 , -0.04718299],
        ...,
        [ 0.60597167,  0.48140755,  0.42126881, ...,  0.        ,
         -0.15986441, -0.37800768],
        [ 0.72534819,  0.61533681,  0.2708641 , ...,  0.15986441,
          0.        , -0.22514325],
        [ 0.86170996,  0.77701084,  0.04718299, ...,  0.37800768,
          0.22514325,  0.        ]],

       [[ 0.        , -0.66708046, -0.80511171, ..., -0.79215868,
         -0.81445322, -0.83222286],
        [ 0.66708046,  0.        , -0.20413578, ..., -0.99727621,
         -0.99381556, -0.98985104],
        [ 0.80511171,  0.20413578,  0.        , ..., -0.9612196 ,
         -0.95022045, -0.93999784],
        ...,
        [ 0.79215868,  0.99727621,  0.9612196 , ...,  0.        ,
          0.03743955,  0.06871279],
        [ 0.81445322,  0.99381556,  0.95022045, ..., -0.03743955,
          0.        ,  0.03131356],
        [ 0.83222286,  0.98985104,  0.93999784, ..., -0.06871279,
         -0.03131356,  0.        ]],

       ...,

       [[ 0.        ,  0.00622631, -0.04879799, ..., -0.27619176,
         -0.29582483, -0.25580047],
        [-0.00622631,  0.        , -0.05501594, ..., -0.28217053,
         -0.30176673, -0.26181467],
        [ 0.04879799,  0.05501594,  0.        , ..., -0.22896285,
         -0.2488585 , -0.20832126],
        ...,
        [ 0.27619176,  0.28217053,  0.22896285, ...,  0.        ,
         -0.02048797,  0.02115227],
        [ 0.29582483,  0.30176673,  0.2488585 , ...,  0.02048797,
          0.        ,  0.04163121],
        [ 0.25580047,  0.26181467,  0.20832126, ..., -0.02115227,
         -0.04163121,  0.        ]],

       [[ 0.        ,  0.08157986,  0.25017667, ..., -0.67113993,
         -0.55994715, -0.25017667],
        [-0.08157986,  0.        ,  0.17035715, ..., -0.60842524,
         -0.49048951, -0.17035715],
        [-0.25017667, -0.17035715,  0.        , ..., -0.46433417,
         -0.33486248, -0.        ],
        ...,
        [ 0.67113993,  0.60842524,  0.46433417, ...,  0.        ,
         -0.14095244, -0.46433417],
        [ 0.55994715,  0.49048951,  0.33486248, ...,  0.14095244,
          0.        , -0.33486248],
        [ 0.25017667,  0.17035715,  0.        , ...,  0.46433417,
          0.33486248,  0.        ]],

       [[ 0.        ,  0.09827952,  0.23789446, ..., -0.90127703,
         -0.85473562, -0.81096381],
        [-0.09827952,  0.        ,  0.14128476, ..., -0.93949276,
         -0.90161104, -0.8645408 ],
        [-0.23789446, -0.14128476,  0.        , ..., -0.97846845,
         -0.95367938, -0.92687303],
        ...,
        [ 0.90127703,  0.93949276,  0.97846845, ...,  0.        ,
          0.09751168,  0.17598928],
        [ 0.85473562,  0.90161104,  0.95367938, ..., -0.09751168,
          0.        ,  0.07916086],
        [ 0.81096381,  0.8645408 ,  0.92687303, ..., -0.17598928,
         -0.07916086,  0.        ]]]), 'num': array([9.97490261e-01, 6.95706571e-02, 1.86329238e-04, 3.23449299e-08,
       8.78878201e-05, 8.80643016e-05, 8.58582821e-05, 1.31531711e-02,
       1.76481566e-07, 8.79760609e-05, 8.62333054e-05, 9.18248297e-05,
       1.16622322e-06, 9.21465901e-05, 8.03200206e-05])}
{'img': array([[[ 0.        ,  0.43762072, -0.03699803, ..., -0.98371953,
         -0.99065945, -0.98810111],
        [-0.43762072,  0.        , -0.47058824, ..., -0.96316599,
         -0.95043466, -0.95576922],
        [ 0.03699803,  0.47058824,  0.        , ..., -0.97639708,
         -0.98493617, -0.98173409],
        ...,
        [ 0.98371953,  0.96316599,  0.97639708, ...,  0.        ,
         -0.04389271, -0.02627054],
        [ 0.99065945,  0.95043466,  0.98493617, ...,  0.04389271,
          0.        ,  0.01763234],
        [ 0.98810111,  0.95576922,  0.98173409, ...,  0.02627054,
         -0.01763234,  0.        ]],

       [[ 0.        ,  0.80584654,  0.25393172, ..., -0.61533681,
         -0.77701084, -0.6363196 ],
        [-0.80584654,  0.        , -0.9297918 , ..., -0.2708641 ,
         -0.04718299, -0.24487023],
        [-0.25393172,  0.9297918 ,  0.        , ..., -0.7953327 ,
         -0.91138887, -0.81135182],
        ...,
        [ 0.61533681,  0.2708641 ,  0.7953327 , ...,  0.        ,
         -0.22514325, -0.02690148],
        [ 0.77701084,  0.04718299,  0.91138887, ...,  0.22514325,
          0.        ,  0.19885096],
        [ 0.6363196 ,  0.24487023,  0.81135182, ...,  0.02690148,
         -0.19885096,  0.        ]],

       [[ 0.        , -0.56375192, -0.65343961, ..., -0.85484502,
         -0.87210052, -0.89140786],
        [ 0.56375192,  0.        , -0.11295646, ..., -0.99857578,
         -0.99616524, -0.99174661],
        [ 0.65343961,  0.11295646,  0.        , ..., -0.9861584 ,
         -0.97990697, -0.97091684],
        ...,
        [ 0.85484502,  0.99857578,  0.9861584 , ...,  0.        ,
          0.03421995,  0.07511931],
        [ 0.87210052,  0.99616524,  0.97990697, ..., -0.03421995,
          0.        ,  0.04095205],
        [ 0.89140786,  0.99174661,  0.97091684, ..., -0.07511931,
         -0.04095205,  0.        ]],

       ...,

       [[ 0.        , -0.05501594, -0.17722892, ..., -0.30176673,
         -0.26181467,  0.30425364],
        [ 0.05501594,  0.        , -0.12281549, ..., -0.2488585 ,
         -0.20832126,  0.35620053],
        [ 0.17722892,  0.12281549,  0.        , ..., -0.12802283,
         -0.0866232 ,  0.46826389],
        ...,
        [ 0.30176673,  0.2488585 ,  0.12802283, ...,  0.        ,
          0.04163121,  0.57753017],
        [ 0.26181467,  0.20832126,  0.0866232 , ..., -0.04163121,
          0.        ,  0.54304303],
        [-0.30425364, -0.35620053, -0.46826389, ..., -0.57753017,
         -0.54304303,  0.        ]],

       [[ 0.        ,  0.16847047,  0.02631592, ..., -0.58281995,
         -0.45136505, -0.16847047],
        [-0.16847047,  0.        , -0.14247235, ..., -0.4375902 ,
         -0.29458071, -0.        ],
        [-0.02631592,  0.14247235,  0.        , ..., -0.56123376,
         -0.427726  , -0.14247235],
        ...,
        [ 0.58281995,  0.4375902 ,  0.56123376, ...,  0.        ,
         -0.15329337, -0.4375902 ],
        [ 0.45136505,  0.29458071,  0.427726  , ...,  0.15329337,
          0.        , -0.29458071],
        [ 0.16847047,  0.        ,  0.14247235, ...,  0.4375902 ,
          0.29458071,  0.        ]],

       [[ 0.        ,  0.14128476,  0.32071616, ..., -0.90161104,
         -0.8645408 , -0.83496348],
        [-0.14128476,  0.        ,  0.18367761, ..., -0.95367938,
         -0.92687303, -0.90433772],
        [-0.32071616, -0.18367761,  0.        , ..., -0.9927088 ,
         -0.98005169, -0.96734865],
        ...,
        [ 0.90161104,  0.95367938,  0.9927088 , ...,  0.        ,
          0.07916086,  0.13499983],
        [ 0.8645408 ,  0.92687303,  0.98005169, ..., -0.07916086,
          0.        ,  0.05613998],
        [ 0.83496348,  0.90433772,  0.96734865, ..., -0.13499983,
         -0.05613998,  0.        ]]]), 'num': array([ 7.89848974e-01,  6.13177895e-01,  3.63147130e-05,  2.68016833e-08,
        6.84241203e-05,  7.00415456e-05,  6.82131518e-05,  1.23056104e-02,
       -1.61742525e-06,  6.99008999e-05,  6.85155400e-05,  7.29857283e-05,
        7.83926707e-07,  7.28846430e-05,  6.41464370e-05])}
{'img': array([[[ 0.        , -0.47058824, -0.81473611, ..., -0.95043466,
         -0.95576922, -0.87318163],
        [ 0.47058824,  0.        , -0.44602272, ..., -0.98493617,
         -0.98173409, -0.99981671],
        [ 0.81473611,  0.44602272,  0.        , ..., -0.80441368,
         -0.79381378, -0.90339686],
        ...,
        [ 0.95043466,  0.98493617,  0.80441368, ...,  0.        ,
          0.01763234, -0.19174361],
        [ 0.95576922,  0.98173409,  0.79381378, ..., -0.01763234,
          0.        , -0.20901898],
        [ 0.87318163,  0.99981671,  0.90339686, ...,  0.19174361,
          0.20901898,  0.        ]],

       [[ 0.        , -0.9297918 , -0.79284601, ..., -0.04718299,
         -0.24487023, -0.31965782],
        [ 0.9297918 ,  0.        , -0.27480018, ..., -0.91138887,
         -0.81135182, -0.76334693],
        [ 0.79284601,  0.27480018,  0.        , ..., -0.76320864,
         -0.61947919, -0.55644129],
        ...,
        [ 0.04718299,  0.91138887,  0.76320864, ...,  0.        ,
          0.19885096,  0.27459436],
        [ 0.24487023,  0.81135182,  0.61947919, ..., -0.19885096,
          0.        ,  0.07790348],
        [ 0.31965782,  0.76334693,  0.55644129, ..., -0.27459436,
         -0.07790348,  0.        ]],

       [[ 0.        , -0.381278  , -0.55636913, ..., -0.89768023,
         -0.91604341, -0.90375148],
        [ 0.381278  ,  0.        , -0.19752392, ..., -0.99787904,
         -0.99976853, -0.99869141],
        [ 0.55636913,  0.19752392,  0.        , ..., -0.9910768 ,
         -0.98432081, -0.98911697],
        ...,
        [ 0.89768023,  0.99787904,  0.9910768 , ...,  0.        ,
          0.04361141,  0.01397701],
        [ 0.91604341,  0.99976853,  0.98432081, ..., -0.04361141,
          0.        , -0.02964344],
        [ 0.90375148,  0.99869141,  0.98911697, ..., -0.01397701,
          0.02964344,  0.        ]],

       ...,

       [[ 0.        , -0.12281549, -0.36092743, ..., -0.20832126,
          0.35620053, -0.03080458],
        [ 0.12281549,  0.        , -0.24365806, ..., -0.0866232 ,
          0.46826389,  0.09218583],
        [ 0.36092743,  0.24365806,  0.        , ...,  0.1587297 ,
          0.66944447,  0.33202797],
        ...,
        [ 0.20832126,  0.0866232 , -0.1587297 , ...,  0.        ,
          0.54304303,  0.17809366],
        [-0.35620053, -0.46826389, -0.66944447, ..., -0.54304303,
          0.        , -0.38481558],
        [ 0.03080458, -0.09218583, -0.33202797, ..., -0.17809366,
          0.38481558,  0.        ]],

       [[ 0.        , -0.14014021, -0.30761199, ..., -0.45240902,
         -0.35534304, -0.        ],
        [ 0.14014021,  0.        , -0.1712313 , ..., -0.57292302,
         -0.48283049, -0.14014021],
        [ 0.30761199,  0.1712313 ,  0.        , ..., -0.70480418,
         -0.62564912, -0.30761199],
        ...,
        [ 0.45240902,  0.57292302,  0.70480418, ...,  0.        ,
         -0.10598431, -0.45240902],
        [ 0.35534304,  0.48283049,  0.62564912, ...,  0.10598431,
          0.        , -0.35534304],
        [ 0.        ,  0.14014021,  0.30761199, ...,  0.45240902,
          0.35534304,  0.        ]],

       [[ 0.        ,  0.18367761,  0.38685937, ..., -0.92687303,
         -0.90433772, -0.87893724],
        [-0.18367761,  0.        ,  0.21090132, ..., -0.98005169,
         -0.96734865, -0.9515862 ],
        [-0.38685937, -0.21090132,  0.        , ..., -0.99992285,
         -0.99904323, -0.99500979],
        ...,
        [ 0.92687303,  0.98005169,  0.99992285, ...,  0.        ,
          0.05613998,  0.1121294 ],
        [ 0.90433772,  0.96734865,  0.99904323, ..., -0.05613998,
          0.        ,  0.05616662],
        [ 0.87893724,  0.9515862 ,  0.99500979, ..., -0.1121294 ,
         -0.05616662,  0.        ]]]), 'num': array([ 9.46275216e-01,  3.22861349e-01,  1.32359632e-04,  2.34706989e-08,
        8.10892127e-05,  8.36716717e-05,  8.02283931e-05,  1.79914065e-02,
       -2.66854097e-06,  8.44291930e-05,  8.35081160e-05,  8.90431865e-05,
        9.14620897e-07,  8.85742134e-05,  7.84420186e-05])}
{'img': array([[[ 0.        , -0.73453442, -0.71762612, ..., -0.96824584,
         -0.89030886, -0.68115111],
        [ 0.73453442,  0.        ,  0.02459018, ..., -0.84065757,
         -0.93861365, -0.99999381],
        [ 0.71762612, -0.02459018,  0.        , ..., -0.85372059,
         -0.94681271, -0.99977793],
        ...,
        [ 0.96824584,  0.84065757,  0.85372059, ...,  0.        ,
         -0.21832044, -0.5386065 ],
        [ 0.89030886,  0.93861365,  0.94681271, ...,  0.21832044,
          0.        , -0.34166625],
        [ 0.68115111,  0.99999381,  0.99977793, ...,  0.5386065 ,
          0.34166625,  0.        ]],

       [[ 0.        , -0.70238867, -0.98800142, ..., -0.89880728,
         -0.94893231, -0.98355425],
        [ 0.70238867,  0.        , -0.59477284, ..., -0.94765315,
         -0.89703337, -0.82694813],
        [ 0.98800142,  0.59477284,  0.        , ..., -0.57190061,
         -0.45825211, -0.33035069],
        ...,
        [ 0.89880728,  0.94765315,  0.57190061, ...,  0.        ,
          0.13240328,  0.26879888],
        [ 0.94893231,  0.89703337,  0.45825211, ..., -0.13240328,
          0.        ,  0.13890199],
        [ 0.98355425,  0.82694813,  0.33035069, ..., -0.26879888,
         -0.13890199,  0.        ]],

       [[ 0.        , -0.4300528 , -0.57155932, ..., -0.92598101,
         -0.91404736, -0.8486393 ],
        [ 0.4300528 ,  0.        , -0.16312145, ..., -0.99835419,
         -0.999638  , -0.99364061],
        [ 0.57155932,  0.16312145,  0.        , ..., -0.97562737,
         -0.98186012, -0.99869896],
        ...,
        [ 0.92598101,  0.99835419,  0.97562737, ...,  0.        ,
         -0.03046787, -0.16939717],
        [ 0.91404736,  0.999638  ,  0.98186012, ...,  0.03046787,
          0.        , -0.13929098],
        [ 0.8486393 ,  0.99364061,  0.99869896, ...,  0.16939717,
          0.13929098,  0.        ]],

       ...,

       [[ 0.        , -0.24365806, -0.2381434 , ...,  0.46826389,
          0.09218583,  0.00596422],
        [ 0.24365806,  0.        ,  0.00568197, ...,  0.66944447,
          0.33202797,  0.24943819],
        [ 0.2381434 , -0.00568197,  0.        , ...,  0.66521275,
          0.32666299,  0.2439318 ],
        ...,
        [-0.46826389, -0.66944447, -0.66521275, ...,  0.        ,
         -0.38481558, -0.46298564],
        [-0.09218583, -0.33202797, -0.32666299, ...,  0.38481558,
          0.        , -0.08624536],
        [-0.00596422, -0.24943819, -0.2439318 , ...,  0.46298564,
          0.08624536,  0.        ]],

       [[ 0.        , -0.27175429, -0.32799858, ..., -0.48285335,
         -0.34310175, -0.        ],
        [ 0.27175429,  0.        , -0.05893454, ..., -0.70265753,
         -0.58544801, -0.27175429],
        [ 0.32799858,  0.05893454,  0.        , ..., -0.7433698 ,
         -0.63220924, -0.32799858],
        ...,
        [ 0.48285335,  0.70265753,  0.7433698 , ...,  0.        ,
         -0.15308868, -0.48285335],
        [ 0.34310175,  0.58544801,  0.63220924, ...,  0.15308868,
          0.        , -0.34310175],
        [ 0.        ,  0.27175429,  0.32799858, ...,  0.48285335,
          0.34310175,  0.        ]],

       [[ 0.        ,  0.21090132,  0.34002821, ..., -0.96734865,
         -0.9515862 , -0.95930476],
        [-0.21090132,  0.        ,  0.13404527, ..., -0.99904323,
         -0.99500979, -0.99728025],
        [-0.34002821, -0.13404527,  0.        , ..., -0.99588935,
         -0.99940472, -0.99815952],
        ...,
        [ 0.96734865,  0.99904323,  0.99588935, ...,  0.        ,
          0.05616662,  0.03001771],
        [ 0.9515862 ,  0.99500979,  0.99940472, ..., -0.05616662,
          0.        , -0.02617099],
        [ 0.95930476,  0.99728025,  0.99815952, ..., -0.03001771,
          0.02617099,  0.        ]]]), 'num': array([ 9.49553752e-01,  3.12750179e-01,  1.38888453e-04, -1.38616000e-08,
        8.06590950e-05,  8.26821694e-05,  8.02192963e-05,  2.31283842e-02,
       -2.19899387e-06,  8.48283874e-05,  8.49207452e-05,  9.06645171e-05,
        9.01697988e-07,  9.02148630e-05,  7.96266273e-05])}
{'img': array([[[ 0.        ,  0.03033643,  0.34125003, ..., -0.96943559,
         -0.99360598, -0.83858756],
        [-0.03033643,  0.        ,  0.31257756, ..., -0.97643232,
         -0.98972358, -0.82167531],
        [-0.34125003, -0.31257756,  0.        , ..., -0.99496717,
         -0.89543409, -0.60234759],
        ...,
        [ 0.96943559,  0.97643232,  0.99496717, ...,  0.        ,
         -0.35322971, -0.73386042],
        [ 0.99360598,  0.98972358,  0.89543409, ...,  0.35322971,
          0.        , -0.44660426],
