state_0,state_1,state_2,state_3,state_4,state_5,state_6,state_7,state_8,state_9,state_10,state_11,state_12,state_13,state_14,state_15,state_16,state_17,state_18,state_19,state_20,state_21,state_22,state_23,state_24,state_25,state_26,state_27,state_28,state_29,state_30,state_31,state_32,state_33,state_34,state_35,state_36,state_37,state_38,state_39,state_40,state_41,state_42,state_43,state_44,state_45,state_46,state_47,state_48,state_49,state_50,state_51,state_52,state_53,state_54,state_55,state_56,state_57,state_58,state_59,state_60,state_61,state_62,state_63,state_64,state_65,state_66,state_67,state_68,state_69,state_70,state_71,state_72,state_73,state_74,state_75,state_76,state_77,state_78,state_79,state_80,state_81,state_82,state_83,state_84,state_85,state_86,state_87,state_88,state_89,state_90,state_91,state_92,state_93,state_94,state_95,state_96,state_97,state_98,state_99,state_100,state_101,state_102,state_103,state_104,state_105,state_106,state_107,state_108,state_109,state_110,state_111,state_112,state_113,state_114,state_115,state_116,state_117,state_118,state_119,state_120,state_121,state_122,state_123,state_124,state_125,state_126,state_127,state_128,state_129,state_130,state_131,state_132,state_133,state_134,state_135,state_136,state_137,state_138,state_139,state_140,state_141,state_142,state_143,state_144,state_145,state_146,state_147,state_148,state_149,state_150,state_151,state_152,state_153,state_154,state_155,state_156,state_157,state_158,state_159,state_160,state_161,state_162,state_163,state_164,state_165,state_166,state_167,state_168,state_169,state_170,state_171,state_172,state_173,state_174,state_175,state_176,state_177,state_178,state_179,state_180,state_181,state_182,state_183,state_184,state_185,state_186,state_187,state_188,state_189,state_190,state_191,state_192,state_193,state_194,state_195,state_196,state_197,state_198,state_199,state_200,state_201,state_202,state_203,state_204,state_205,state_206,state_207,state_208,state_209,state_210,state_211,state_212,state_213,state_214,state_215,state_216,state_217,state_218,state_219,state_220,state_221,state_222,state_223,state_224,state_225,state_226,state_227,state_228,state_229,state_230,state_231,state_232,state_233,state_234,state_235,state_236,state_237,state_238,state_239,state_240,state_241,state_242,state_243,state_244,state_245,state_246,state_247,state_248,state_249,state_250,state_251,state_252,state_253,state_254,state_255,state_256,state_257,state_258,state_259,state_260,state_261,state_262,state_263,state_264,state_265,state_266,state_267,state_268,state_269,state_270,state_271,state_272,state_273,state_274,state_275,state_276,state_277,state_278,state_279,state_280,state_281,state_282,state_283,state_284,state_285,state_286,state_287
{'img': array([[[ 0.        ,  0.55639508,  0.42883751, ...,  0.99433622,
          0.99802601,  0.99858707],
        [-0.55639508,  0.        , -0.14630835, ...,  0.88534552,
          0.86422034,  0.85931073],
        [-0.42883751,  0.14630835,  0.        , ...,  0.94384202,
          0.9285302 ,  0.92489369],
        ...,
        [-0.99433622, -0.88534552, -0.94384202, ...,  0.        ,
         -0.04362416, -0.0532909 ],
        [-0.99802601, -0.86422034, -0.9285302 , ...,  0.04362416,
          0.        , -0.009678  ],
        [-0.99858707, -0.85931073, -0.92489369, ...,  0.0532909 ,
          0.009678  ,  0.        ]],

       [[ 0.        ,  0.25984699, -0.09230121, ...,  0.41869724,
          0.23463833,  0.16737921],
        [-0.25984699,  0.        , -0.34786838, ...,  0.16834113,
         -0.02601432, -0.09455152],
        [ 0.09230121,  0.34786838,  0.        , ...,  0.50073099,
          0.3233611 ,  0.25766376],
        ...,
        [-0.41869724, -0.16834113, -0.50073099, ...,  0.        ,
         -0.19392722, -0.26078911],
        [-0.23463833,  0.02601432, -0.3233611 , ...,  0.19392722,
          0.        , -0.06862175],
        [-0.16737921,  0.09455152, -0.25766376, ...,  0.26078911,
          0.06862175,  0.        ]],

       [[ 0.        ,  0.27632502,  0.35436529, ...,  0.94387425,
          0.95621439,  0.95379623],
        [-0.27632502,  0.        ,  0.08217433, ...,  0.99839533,
          0.99985471,  0.99968248],
        [-0.35436529, -0.08217433,  0.        , ...,  0.99967212,
          0.99787391,  0.99837216],
        ...,
        [-0.94387425, -0.99839533, -0.99967212, ...,  0.        ,
         -0.03960145, -0.03145263],
        [-0.95621439, -0.99985471, -0.99787391, ...,  0.03960145,
          0.        ,  0.0081539 ],
        [-0.95379623, -0.99968248, -0.99837216, ...,  0.03145263,
         -0.0081539 ,  0.        ]],

       ...,

       [[ 0.        ,  0.39678812,  0.60647593, ...,  0.40672672,
          0.08101191, -0.04479981],
        [-0.39678812,  0.        ,  0.24120349, ...,  0.01085287,
         -0.32112227, -0.43751194],
        [-0.60647593, -0.24120349,  0.        , ..., -0.23065685,
         -0.54006981, -0.64148743],
        ...,
        [-0.40672672, -0.01085287,  0.23065685, ...,  0.        ,
         -0.33138144, -0.44724522],
        [-0.08101191,  0.32112227,  0.54006981, ...,  0.33138144,
          0.        , -0.12558313],
        [ 0.04479981,  0.43751194,  0.64148743, ...,  0.44724522,
          0.12558313,  0.        ]],

       [[ 0.        ,  0.27538741,  0.3486507 , ...,  0.15524026,
          0.27579148,  0.44233973],
        [-0.27538741,  0.        ,  0.07706193, ...,  0.42128646,
          0.52983474,  0.67221646],
        [-0.3486507 , -0.07706193,  0.        , ...,  0.48992328,
          0.59361547,  0.72727066],
        ...,
        [-0.15524026, -0.42128646, -0.48992328, ...,  0.        ,
         -0.12322833, -0.29775028],
        [-0.27579148, -0.52983474, -0.59361547, ...,  0.12322833,
          0.        , -0.17784177],
        [-0.44233973, -0.67221646, -0.72727066, ...,  0.29775028,
          0.17784177,  0.        ]],

       [[ 0.        , -0.03021863, -0.04022177, ...,  0.78441936,
          0.89493358,  0.98610464],
        [ 0.03021863,  0.        , -0.01000923, ...,  0.80280364,
          0.90800841,  0.99067438],
        [ 0.04022177,  0.01000923,  0.        , ...,  0.80873137,
          0.91215631,  0.99198852],
        ...,
        [-0.78441936, -0.80280364, -0.80873137, ...,  0.        ,
          0.20505797,  0.48130055],
        [-0.89493358, -0.90800841, -0.91215631, ..., -0.20505797,
          0.        ,  0.29132811],
        [-0.98610464, -0.99067438, -0.99198852, ..., -0.48130055,
         -0.29132811,  0.        ]]]), 'num': array([ 7.07099004e-01,  7.07099004e-01,  0.00000000e+00,  0.00000000e+00,
        3.24122328e-04,  3.32590580e-04,  3.23910622e-04,  4.59849347e-03,
       -3.59900691e-06,  3.25604272e-04,  3.27806017e-04,  3.14006296e-04,
        1.02450722e-06,  3.62004651e-04,  2.93607384e-04])}
{'img': array([[[ 0.        , -0.15213261, -0.04637304, ...,  0.87000422,
          0.86516948,  0.82087322],
        [ 0.15213261,  0.        ,  0.10613568, ...,  0.93488556,
          0.93139038,  0.89820285],
        [ 0.04637304, -0.10613568,  0.        , ...,  0.89193222,
          0.88749385,  0.84647424],
        ...,
        [-0.87000422, -0.93488556, -0.89193222, ...,  0.        ,
         -0.00972249, -0.09214167],
        [-0.86516948, -0.93139038, -0.88749385, ...,  0.00972249,
          0.        , -0.08245618],
        [-0.82087322, -0.89820285, -0.84647424, ...,  0.09214167,
          0.08245618,  0.        ]],

       [[ 0.        , -0.34786838, -0.29407085, ..., -0.02601432,
         -0.09455152,  0.0216867 ],
        [ 0.34786838,  0.        ,  0.05678272, ...,  0.3233611 ,
          0.25766376,  0.36811878],
        [ 0.29407085, -0.05678272,  0.        , ...,  0.26910727,
          0.2023826 ,  0.31472948],
        ...,
        [ 0.02601432, -0.3233611 , -0.26910727, ...,  0.        ,
         -0.06862175,  0.04768756],
        [ 0.09455152, -0.25766376, -0.2023826 , ...,  0.06862175,
          0.        ,  0.11611883],
        [-0.0216867 , -0.36811878, -0.31472948, ..., -0.04768756,
         -0.11611883,  0.        ]],

       [[ 0.        ,  0.22857006,  0.25512026, ...,  0.96040043,
          0.95806075,  0.96266891],
        [-0.22857006,  0.        ,  0.02736005, ...,  0.99866117,
          0.99819867,  0.99905435],
        [-0.25512026, -0.02736005,  0.        , ...,  0.99970262,
          0.99946646,  0.99986993],
        ...,
        [-0.96040043, -0.99866117, -0.99970262, ...,  0.        ,
          0.00827916, -0.00825932],
        [-0.95806075, -0.99819867, -0.99946646, ..., -0.00827916,
          0.        , -0.01653792],
        [-0.96266891, -0.99905435, -0.99986993, ...,  0.00825932,
          0.01653792,  0.        ]],

       ...,

       [[ 0.        ,  0.24120349,  0.53320365, ..., -0.32112227,
         -0.43751194, -0.48079947],
        [-0.24120349,  0.        ,  0.31340558, ..., -0.54006981,
         -0.64148743, -0.67809825],
        [-0.53320365, -0.31340558,  0.        , ..., -0.77662922,
         -0.84959282, -0.87427933],
        ...,
        [ 0.32112227,  0.54006981,  0.77662922, ...,  0.        ,
         -0.12558313, -0.17376541],
        [ 0.43751194,  0.64148743,  0.84959282, ...,  0.12558313,
          0.        , -0.04871709],
        [ 0.48079947,  0.67809825,  0.87427933, ...,  0.17376541,
          0.04871709,  0.        ]],

       [[ 0.        ,  0.22024463,  0.31001011, ...,  0.27844246,
          0.4464392 ,  0.52139723],
        [-0.22024463,  0.        ,  0.09300381, ...,  0.48313982,
          0.63255471,  0.696532  ],
        [-0.31001011, -0.09300381,  0.        , ...,  0.56247463,
          0.70184597,  0.76024568],
        ...,
        [-0.27844246, -0.48313982, -0.56247463, ...,  0.        ,
         -0.17962962, -0.26317861],
        [-0.4464392 , -0.63255471, -0.70184597, ...,  0.17962962,
          0.        , -0.08560067],
        [-0.52139723, -0.696532  , -0.76024568, ...,  0.26317861,
          0.08560067,  0.        ]],

       [[ 0.        , -0.01000923, -0.02733308, ...,  0.90800841,
          0.99067438,  0.99633754],
        [ 0.01000923,  0.        , -0.01732622, ...,  0.91215631,
          0.99198852,  0.99543177],
        [ 0.02733308,  0.01732622,  0.        , ...,  0.91912041,
          0.9940284 ,  0.99362811],
        ...,
        [-0.90800841, -0.91215631, -0.91912041, ...,  0.        ,
          0.29132811,  0.49505892],
        [-0.99067438, -0.99198852, -0.9940284 , ..., -0.29132811,
          0.        ,  0.22046168],
        [-0.99633754, -0.99543177, -0.99362811, ..., -0.49505892,
         -0.22046168,  0.        ]]]), 'num': array([7.07099517e-01, 7.07099517e-01, 0.00000000e+00, 0.00000000e+00,
       3.28780105e-04, 3.28780105e-04, 3.18829902e-04, 4.43776927e-03,
       4.65754173e-06, 3.27763914e-04, 3.29415224e-04, 3.14669870e-04,
       1.09982247e-06, 3.60473649e-04, 2.98356800e-04])}
{'img': array([[[ 0.        ,  0.10613568,  0.44434954, ...,  0.93139038,
          0.89820285,  0.93996616],
        [-0.10613568,  0.        ,  0.34675768, ...,  0.88749385,
          0.84647424,  0.89843623],
        [-0.44434954, -0.34675768,  0.        , ...,  0.67263636,
          0.60933046,  0.69042984],
        ...,
        [-0.93139038, -0.88749385, -0.67263636, ...,  0.        ,
         -0.08245618,  0.02431486],
        [-0.89820285, -0.84647424, -0.60933046, ...,  0.08245618,
          0.        ,  0.10666386],
        [-0.93996616, -0.89843623, -0.69042984, ..., -0.02431486,
         -0.10666386,  0.        ]],

       [[ 0.        ,  0.05678272,  0.22999854, ...,  0.25766376,
          0.36811878,  0.35900742],
        [-0.05678272,  0.        ,  0.17436702, ...,  0.2023826 ,
          0.31472948,  0.30543089],
        [-0.22999854, -0.17436702,  0.        , ...,  0.02852349,
          0.14440211,  0.13471715],
        ...,
        [-0.25766376, -0.2023826 , -0.02852349, ...,  0.        ,
          0.11611883,  0.10639887],
        [-0.36811878, -0.31472948, -0.14440211, ..., -0.11611883,
          0.        , -0.00978057],
        [-0.35900742, -0.30543089, -0.13471715, ..., -0.10639887,
          0.00978057,  0.        ]],

       [[ 0.        ,  0.11562367,  0.39926782, ...,  0.96087127,
          0.96536618,  0.94422214],
        [-0.11562367,  0.        ,  0.29058222, ...,  0.98645401,
          0.98905762,  0.97596527],
        [-0.39926782, -0.29058222,  0.        , ...,  0.99155509,
          0.98924933,  0.99717785],
        ...,
        [-0.96087127, -0.98645401, -0.99155509, ...,  0.        ,
         -0.01671181,  0.05487864],
        [-0.96536618, -0.98905762, -0.98924933, ...,  0.01671181,
          0.        ,  0.0715576 ],
        [-0.94422214, -0.97596527, -0.99717785, ..., -0.05487864,
         -0.0715576 ,  0.        ]],

       ...,

       [[ 0.        ,  0.31340558,  0.39423931, ..., -0.64148743,
         -0.67809825, -0.56198902],
        [-0.31340558,  0.        ,  0.08635511, ..., -0.84959282,
         -0.87427933, -0.79290742],
        [-0.39423931, -0.08635511,  0.        , ..., -0.89196616,
         -0.91293216, -0.84256525],
        ...,
        [ 0.64148743,  0.84959282,  0.89196616, ...,  0.        ,
         -0.04871709,  0.0994823 ],
        [ 0.67809825,  0.87427933,  0.91293216, ...,  0.04871709,
          0.        ,  0.14783959],
        [ 0.56198902,  0.79290742,  0.84256525, ..., -0.0994823 ,
         -0.14783959,  0.        ]],

       [[ 0.        ,  0.22228637,  0.47239714, ...,  0.4490503 ,
          0.52436964,  0.58753446],
        [-0.22228637,  0.        ,  0.26465838, ...,  0.63643001,
          0.70052544,  0.75270912],
        [-0.47239714, -0.26465838,  0.        , ...,  0.81787647,
          0.86441375,  0.9001079 ],
        ...,
        [-0.4490503 , -0.63643001, -0.81787647, ...,  0.        ,
         -0.0861655 , -0.16159473],
        [-0.52436964, -0.70052544, -0.86441375, ...,  0.0861655 ,
          0.        , -0.07596069],
        [-0.58753446, -0.75270912, -0.9001079 , ...,  0.16159473,
          0.07596069,  0.        ]],

       [[ 0.        , -0.01732622, -0.06407031, ...,  0.99198852,
          0.99543177,  0.92117468],
        [ 0.01732622,  0.        , -0.04677007, ...,  0.9940284 ,
          0.99362811,  0.91429391],
        [ 0.06407031,  0.04677007,  0.        , ...,  0.99804424,
          0.98726939,  0.8943491 ],
        ...,
        [-0.99198852, -0.9940284 , -0.99804424, ...,  0.        ,
          0.22046168,  0.50240188],
        [-0.99543177, -0.99362811, -0.98726939, ..., -0.22046168,
          0.        ,  0.29942189],
        [-0.92117468, -0.91429391, -0.8943491 , ..., -0.50240188,
         -0.29942189,  0.        ]]]), 'num': array([7.07073700e-01, 7.07073700e-01, 0.00000000e+00, 0.00000000e+00,
       3.37236049e-04, 3.40834927e-04, 3.24322427e-04, 9.62771872e-03,
       8.46794850e-06, 3.29191498e-04, 3.31340240e-04, 3.15515761e-04,
       6.49714718e-07, 3.59102740e-04, 3.03577739e-04])}
{'img': array([[[ 0.        ,  0.34675768,  0.29807882, ...,  0.84647424,
          0.89843623,  0.96710281],
        [-0.34675768,  0.        , -0.05141007, ...,  0.60933046,
          0.69042984,  0.81888843],
        [-0.29807882,  0.05141007,  0.        , ...,  0.64928859,
          0.72670684,  0.8473125 ],
        ...,
        [-0.84647424, -0.60933046, -0.64928859, ...,  0.        ,
          0.10666386,  0.29958316],
        [-0.89843623, -0.69042984, -0.72670684, ..., -0.10666386,
          0.        ,  0.19610927],
        [-0.96710281, -0.81888843, -0.8473125 , ..., -0.29958316,
         -0.19610927,  0.        ]],

       [[ 0.        ,  0.17436702,  0.08935451, ...,  0.31472948,
          0.30543089,  0.52871557],
        [-0.17436702,  0.        , -0.08568387, ...,  0.14440211,
          0.13471715,  0.37261347],
        [-0.08935451,  0.08568387,  0.        , ...,  0.22865688,
          0.2191245 ,  0.45075662],
        ...,
        [-0.31472948, -0.14440211, -0.22865688, ...,  0.        ,
         -0.00978057,  0.2347049 ],
        [-0.30543089, -0.13471715, -0.2191245 , ...,  0.00978057,
          0.        ,  0.24420104],
        [-0.52871557, -0.37261347, -0.45075662, ..., -0.2347049 ,
         -0.24420104,  0.        ]],

       [[ 0.        ,  0.38411806,  0.55714202, ...,  0.96603484,
          0.94500617,  0.92790653],
        [-0.38411806,  0.        ,  0.19542205, ...,  0.99118516,
          0.99813583,  0.99992541],
        [-0.55714202, -0.19542205,  0.        , ...,  0.94618407,
          0.96696409,  0.97825931],
        ...,
        [-0.96603484, -0.99118516, -0.94618407, ...,  0.        ,
          0.07174331,  0.12036823],
        [-0.94500617, -0.99813583, -0.96696409, ..., -0.07174331,
          0.        ,  0.04883637],
        [-0.92790653, -0.99992541, -0.97825931, ..., -0.12036823,
         -0.04883637,  0.        ]],

       ...,

       [[ 0.        ,  0.0846419 , -0.19433419, ..., -0.85812152,
         -0.77703268, -0.75972346],
        [-0.0846419 ,  0.        , -0.27666505, ..., -0.89850119,
         -0.82752296, -0.70195906],
        [ 0.19433419,  0.27666505,  0.        , ..., -0.74198151,
         -0.63989319, -0.87160472],
        ...,
        [ 0.85812152,  0.89850119,  0.74198151, ...,  0.        ,
          0.14118857, -0.94806781],
        [ 0.77703268,  0.82752296,  0.63989319, ..., -0.14118857,
          0.        , -0.98347836],
        [ 0.75972346,  0.70195906,  0.87160472, ...,  0.94806781,
          0.98347836,  0.        ]],

       [[ 0.        ,  0.42494591,  0.55274958, ...,  0.52741233,
          0.59084905,  0.63948155],
        [-0.42494591,  0.        ,  0.1462317 , ...,  0.83846159,
          0.8776864 ,  0.90557184],
        [-0.55274958, -0.1462317 ,  0.        , ...,  0.90913897,
          0.93833101,  0.95786773],
        ...,
        [-0.52741233, -0.83846159, -0.90913897, ...,  0.        ,
         -0.0764841 , -0.13783158],
        [-0.59084905, -0.8776864 , -0.93833101, ...,  0.0764841 ,
          0.        , -0.06167373],
        [-0.63948155, -0.90557184, -0.95786773, ...,  0.13783158,
          0.06167373,  0.        ]],

       [[ 0.        , -0.04578715, -0.05642752, ...,  0.99916515,
          0.95571783,  0.59274225],
        [ 0.04578715,  0.        , -0.01065415, ...,  0.99624669,
          0.94124103,  0.55524398],
        [ 0.05642752,  0.01065415,  0.        , ...,  0.99526793,
          0.93758933,  0.54635155],
        ...,
        [-0.99916515, -0.99624669, -0.99526793, ...,  0.        ,
          0.25499466,  0.78050433],
        [-0.95571783, -0.94124103, -0.93758933, ..., -0.25499466,
          0.        ,  0.59529277],
        [-0.59274225, -0.55524398, -0.54635155, ..., -0.78050433,
         -0.59529277,  0.        ]]]), 'num': array([ 7.07097580e-01,  7.07097580e-01,  0.00000000e+00,  0.00000000e+00,
        3.34706968e-04,  3.40634732e-04,  3.32589910e-04,  5.01431686e-03,
       -2.54047035e-06,  3.30515192e-04,  3.33172101e-04,  3.16306200e-04,
        7.98890046e-07,  3.56436591e-04,  3.09907611e-04])}
{'img': array([[[ 0.        , -0.05141007,  0.48264698, ...,  0.69042984,
          0.81888843,  0.78300808],
        [ 0.05141007,  0.        ,  0.52703445, ...,  0.72670684,
          0.8473125 ,  0.81395031],
        [-0.48264698, -0.52703445,  0.        , ...,  0.25554228,
          0.4401782 ,  0.38555822],
        ...,
        [-0.69042984, -0.72670684, -0.25554228, ...,  0.        ,
          0.19610927,  0.13697223],
        [-0.81888843, -0.8473125 , -0.4401782 , ..., -0.19610927,
          0.        , -0.05994841],
        [-0.78300808, -0.81395031, -0.38555822, ..., -0.13697223,
          0.05994841,  0.        ]],

       [[ 0.        , -0.08568387,  0.24380389, ...,  0.13471715,
          0.37261347,  0.16839388],
        [ 0.08568387,  0.        ,  0.15980895, ...,  0.2191245 ,
          0.45075662,  0.25223488],
        [-0.24380389, -0.15980895,  0.        , ..., -0.3722334 ,
         -0.58761644, -0.40363484],
        ...,
        [-0.13471715, -0.2191245 ,  0.3722334 , ...,  0.        ,
          0.24420104,  0.03406546],
        [-0.37261347, -0.45075662,  0.58761644, ..., -0.24420104,
          0.        , -0.21102519],
        [-0.16839388, -0.25223488,  0.40363484, ..., -0.03406546,
          0.21102519,  0.        ]],

       [[ 0.        ,  0.42873779,  0.69965009, ...,  0.95387315,
          0.93757036,  0.92031307],
        [-0.42873779,  0.        ,  0.32575716, ...,  0.99046799,
          0.99614137,  0.99915227],
        [-0.69965009, -0.32575716,  0.        , ...,  0.89157059,
          0.91321584,  0.93124146],
        ...,
        [-0.95387315, -0.99046799, -0.89157059, ...,  0.        ,
          0.05028501,  0.0968515 ],
        [-0.93757036, -0.99614137, -0.91321584, ..., -0.05028501,
          0.        ,  0.04668036],
        [-0.92031307, -0.99915227, -0.93124146, ..., -0.0968515 ,
         -0.04668036,  0.        ]],

       ...,

       [[ 0.        , -0.27666505,  0.70195906, ..., -0.82752296,
         -0.70195906, -0.99927313],
        [ 0.27666505,  0.        ,  0.87160472, ..., -0.63989319,
         -0.87160472, -0.97081468],
        [-0.70195906, -0.87160472,  0.        , ..., -0.98347836,
         -0.        , -0.68494017],
        ...,
        [ 0.82752296,  0.63989319,  0.98347836, ...,  0.        ,
         -0.98347836, -0.59256985],
        [ 0.70195906,  0.87160472,  0.        , ...,  0.98347836,
          0.        ,  0.68494017],
        [ 0.99927313,  0.97081468,  0.68494017, ...,  0.59256985,
         -0.68494017,  0.        ]],

       [[ 0.        ,  0.381053  ,  0.70787925, ...,  0.60375507,
          0.65306139,  0.73444285],
        [-0.381053  ,  0.        ,  0.38532153, ...,  0.86196765,
          0.89236333,  0.93764093],
        [-0.70787925, -0.38532153,  0.        , ...,  0.99075243,
          0.99735959,  0.99917836],
        ...,
        [-0.60375507, -0.86196765, -0.99075243, ...,  0.        ,
         -0.06337415, -0.17572495],
        [-0.65306139, -0.89236333, -0.99735959, ...,  0.06337415,
          0.        , -0.11298371],
        [-0.73444285, -0.93764093, -0.99917836, ...,  0.17572495,
          0.11298371,  0.        ]],

       [[ 0.        , -0.01002542, -0.34759571, ...,  0.99468467,
          0.93881804,  0.5275208 ],
        [ 0.01002542,  0.        , -0.33817796, ...,  0.99360238,
          0.93531797,  0.51897728],
        [ 0.34759571,  0.33817796,  0.        , ...,  0.89686937,
          0.76056092,  0.19932979],
        ...,
        [-0.99468467, -0.99360238, -0.89686937, ...,  0.        ,
          0.24591463,  0.79070874],
        [-0.93881804, -0.93531797, -0.76056092, ..., -0.24591463,
          0.        ,  0.61588016],
        [-0.5275208 , -0.51897728, -0.19932979, ..., -0.79070874,
         -0.61588016,  0.        ]]]), 'num': array([ 7.07083822e-01,  7.07083822e-01,  0.00000000e+00,  0.00000000e+00,
        3.13530281e-04,  3.34065350e-04,  3.12471773e-04,  8.00558609e-03,
       -2.11701743e-05,  3.27671958e-04,  3.32752800e-04,  3.16561145e-04,
        6.19614858e-07,  3.57078647e-04,  3.08426952e-04])}
{'img': array([[[ 0.        ,  0.52703445,  0.38857271, ...,  0.8473125 ,
          0.81395031,  0.44419761],
        [-0.52703445,  0.        , -0.15539291, ...,  0.4401782 ,
          0.38555822, -0.09468672],
        [-0.38857271,  0.15539291,  0.        , ...,  0.57436016,
          0.52425322,  0.06115821],
        ...,
        [-0.8473125 , -0.4401782 , -0.57436016, ...,  0.        ,
         -0.05994841, -0.52322073],
        [-0.81395031, -0.38555822, -0.52425322, ...,  0.05994841,
          0.        , -0.47119183],
        [-0.44419761,  0.09468672, -0.06115821, ...,  0.52322073,
          0.47119183,  0.        ]],

       [[ 0.        ,  0.15980895,  0.43283338, ...,  0.45075662,
          0.25223488,  0.39055393],
        [-0.15980895,  0.        , -0.57133419, ..., -0.58761644,
         -0.40363484, -0.53265144],
        [-0.43283338,  0.57133419,  0.        , ...,  0.01997798,
         -0.19145499, -0.04638359],
        ...,
        [-0.45075662,  0.58761644, -0.01997798, ...,  0.        ,
         -0.21102519, -0.0663308 ],
        [-0.25223488,  0.40363484,  0.19145499, ...,  0.21102519,
          0.        ,  0.14572337],
        [-0.39055393,  0.53265144,  0.04638359, ...,  0.0663308 ,
         -0.14572337,  0.        ]],

       [[ 0.        ,  0.32575716,  0.52081615, ...,  0.99614137,
          0.99915227,  0.9900597 ],
        [-0.32575716,  0.        ,  0.2143187 , ...,  0.91321584,
          0.93124146,  0.89023838],
        [-0.52081615, -0.2143187 ,  0.        , ...,  0.8046664 ,
          0.83150461,  0.77193154],
        ...,
        [-0.99614137, -0.91321584, -0.8046664 , ...,  0.        ,
          0.04668036, -0.05321425],
        [-0.99915227, -0.93124146, -0.83150461, ..., -0.04668036,
          0.        , -0.09977046],
        [-0.9900597 , -0.89023838, -0.77193154, ...,  0.05321425,
          0.09977046,  0.        ]],

       ...,

       [[ 0.        ,  0.86381905,  0.20142369, ..., -0.98007726,
         -0.95778169, -0.86381905],
        [-0.86381905,  0.        , -0.74463671, ..., -0.32219623,
         -0.73087745, -0.        ],
        [-0.20142369,  0.74463671,  0.        , ..., -0.91998371,
         -0.9960598 , -0.74463671],
        ...,
        [ 0.98007726,  0.32219623,  0.91998371, ...,  0.        ,
          0.47200014, -0.32219623],
        [ 0.95778169,  0.73087745,  0.9960598 , ..., -0.47200014,
          0.        , -0.73087745],
        [ 0.86381905,  0.        ,  0.74463671, ...,  0.32219623,
          0.73087745,  0.        ]],

       [[ 0.        ,  0.63413107,  0.77422911, ...,  0.66393444,
          0.74588594,  0.72771889],
        [-0.63413107,  0.        ,  0.19730875, ...,  0.98756846,
          0.99911611,  0.99762583],
        [-0.77422911, -0.19730875,  0.        , ...,  0.99916911,
          0.98776891,  0.99160202],
        ...,
        [-0.66393444, -0.98756846, -0.99916911, ...,  0.        ,
         -0.11553736, -0.0888051 ],
        [-0.74588594, -0.99911611, -0.98776891, ...,  0.11553736,
          0.        ,  0.02687049],
        [-0.72771889, -0.99762583, -0.99160202, ...,  0.0888051 ,
         -0.02687049,  0.        ]],

       [[ 0.        , -0.33817796, -0.51897728, ...,  0.93531797,
          0.51897728,  0.7589056 ],
        [ 0.33817796,  0.        , -0.19932979, ...,  0.76056092,
          0.19932979,  0.49397082],
        [ 0.51897728,  0.19932979,  0.        , ...,  0.61588016,
          0.        ,  0.31074509],
        ...,
        [-0.93531797, -0.76056092, -0.61588016, ...,  0.        ,
          0.61588016,  0.3405726 ],
        [-0.51897728, -0.19932979, -0.        , ..., -0.61588016,
          0.        , -0.31074509],
        [-0.7589056 , -0.49397082, -0.31074509, ..., -0.3405726 ,
          0.31074509,  0.        ]]]), 'num': array([ 8.57940507e-01,  5.13729466e-01,  2.36408683e-05, -1.48841536e-10,
        3.76598514e-04,  3.82806182e-04,  3.74787944e-04,  4.34635035e-03,
       -6.46632064e-06,  3.96463051e-04,  4.05296045e-04,  3.87013601e-04,
        7.93819414e-07,  4.37726396e-04,  3.72865694e-04])}
{'img': array([[[ 0.        , -0.15539291, -0.37419168, ...,  0.38555822,
         -0.09468672, -0.22200536],
        [ 0.15539291,  0.        , -0.22554245, ...,  0.52425322,
          0.06115821, -0.06779346],
        [ 0.37419168,  0.22554245,  0.        , ...,  0.70280844,
          0.28470262,  0.15897691],
        ...,
        [-0.38555822, -0.52425322, -0.70280844, ...,  0.        ,
         -0.47119183, -0.58077747],
        [ 0.09468672, -0.06115821, -0.28470262, ...,  0.47119183,
          0.        , -0.12868406],
        [ 0.22200536,  0.06779346, -0.15897691, ...,  0.58077747,
          0.12868406,  0.        ]],

       [[ 0.        , -0.57133419, -0.45759024, ..., -0.40363484,
         -0.53265144, -0.31730968],
        [ 0.57133419,  0.        , -0.132457  , ..., -0.19145499,
         -0.04638359, -0.28138715],
        [ 0.45759024,  0.132457  ,  0.        , ..., -0.0597613 ,
          0.08633955, -0.15180279],
        ...,
        [ 0.40363484,  0.19145499,  0.0597613 , ...,  0.        ,
          0.14572337, -0.09246276],
        [ 0.53265144,  0.04638359, -0.08633955, ..., -0.14572337,
          0.        , -0.23657487],
        [ 0.31730968,  0.28138715,  0.15180279, ...,  0.09246276,
          0.23657487,  0.        ]],

       [[ 0.        ,  0.2143187 ,  0.31879258, ...,  0.93124146,
          0.89023838,  0.83577295],
        [-0.2143187 ,  0.        ,  0.10824854, ...,  0.83150461,
          0.77193154,  0.69867567],
        [-0.31879258, -0.10824854,  0.        , ...,  0.76648458,
          0.69858135,  0.61712498],
        ...,
        [-0.93124146, -0.83150461, -0.76648458, ...,  0.        ,
         -0.09977046, -0.20676364],
        [-0.89023838, -0.77193154, -0.69858135, ...,  0.09977046,
          0.        , -0.10811748],
        [-0.83577295, -0.69867567, -0.61712498, ...,  0.20676364,
          0.10811748,  0.        ]],

       ...,

       [[ 0.        , -0.74463671, -0.96135354, ..., -0.73087745,
         -0.        , -0.32219623],
        [ 0.74463671,  0.        , -0.4366636 , ..., -0.9960598 ,
         -0.74463671, -0.91998371],
        [ 0.96135354,  0.4366636 ,  0.        , ..., -0.85735505,
         -0.96135354, -0.9987934 ],
        ...,
        [ 0.73087745,  0.9960598 ,  0.85735505, ...,  0.        ,
         -0.73087745, -0.47200014],
        [ 0.        ,  0.74463671,  0.96135354, ...,  0.73087745,
          0.        ,  0.32219623],
        [ 0.32219623,  0.91998371,  0.9987934 , ...,  0.47200014,
         -0.32219623,  0.        ]],

       [[ 0.        ,  0.53989156,  0.61671942, ...,  0.7819282 ,
          0.76358888,  0.72695282],
        [-0.53989156,  0.        ,  0.09412057, ...,  0.9947274 ,
          0.99134862,  0.98263806],
        [-0.61671942, -0.09412057,  0.        , ...,  0.99996409,
          0.99930164,  0.9957384 ],
        ...,
        [-0.7819282 , -0.9947274 , -0.99996409, ...,  0.        ,
          0.02889592,  0.08378076],
        [-0.76358888, -0.99134862, -0.99930164, ..., -0.02889592,
          0.        ,  0.05495145],
        [-0.72695282, -0.98263806, -0.9957384 , ..., -0.08378076,
         -0.05495145,  0.        ]],

       [[ 0.        , -0.19932979,  0.21729742, ...,  0.19932979,
          0.49397082,  0.69705903],
        [ 0.19932979,  0.        ,  0.40750369, ...,  0.        ,
          0.31074509,  0.54014858],
        [-0.21729742, -0.40750369,  0.        , ...,  0.40750369,
          0.67110304,  0.83620835],
        ...,
        [-0.19932979, -0.        , -0.40750369, ...,  0.        ,
         -0.31074509, -0.54014858],
        [-0.49397082, -0.31074509, -0.67110304, ...,  0.31074509,
          0.        , -0.25189395],
        [-0.69705903, -0.54014858, -0.83620835, ...,  0.54014858,
          0.25189395,  0.        ]]]), 'num': array([ 9.65513621e-01,  2.60324955e-01,  4.91078458e-05, -2.04243315e-08,
        4.22268662e-04,  4.30502313e-04,  4.20798367e-04,  3.57734484e-03,
       -5.88117914e-06,  4.43852590e-04,  4.59114250e-04,  4.39676953e-04,
        9.18934241e-07,  4.99602698e-04,  4.18625802e-04])}
{'img': array([[[ 0.        , -0.22554245,  0.05105608, ...,  0.06115821,
         -0.06779346, -0.17553456],
        [ 0.22554245,  0.        ,  0.27498882, ...,  0.28470262,
          0.15897691,  0.05102889],
        [-0.05105608, -0.27498882,  0.        , ...,  0.01011794,
         -0.11864365, -0.22556897],
        ...,
        [-0.06115821, -0.28470262, -0.01011794, ...,  0.        ,
         -0.12868406, -0.2354146 ],
        [ 0.06779346, -0.15897691,  0.11864365, ...,  0.12868406,
          0.        , -0.10838988],
        [ 0.17553456, -0.05102889,  0.22556897, ...,  0.2354146 ,
          0.10838988,  0.        ]],

       [[ 0.        , -0.1466143 ,  0.0061551 , ..., -0.05144227,
         -0.31010083, -0.39332778],
        [ 0.1466143 ,  0.        ,  0.1527001 , ...,  0.0955338 ,
         -0.16736305, -0.25428043],
        [-0.0061551 , -0.1527001 ,  0.        , ..., -0.05758825,
         -0.31594663, -0.39897931],
        ...,
        [ 0.05144227, -0.0955338 ,  0.05758825, ...,  0.        ,
         -0.26078389, -0.34551106],
        [ 0.31010083,  0.16736305,  0.31594663, ...,  0.26078389,
          0.        , -0.08883198],
        [ 0.39332778,  0.25428043,  0.39897931, ...,  0.34551106,
          0.08883198,  0.        ]],

       [[ 0.        ,  0.10824854,  0.21695853, ...,  0.77193154,
          0.69867567,  0.57171098],
        [-0.10824854,  0.        ,  0.11001351, ...,  0.69858135,
          0.61712498,  0.47953846],
        [-0.21695853, -0.11001351,  0.        , ...,  0.61562299,
          0.5268133 ,  0.38008856],
        ...,
        [-0.77193154, -0.69858135, -0.61562299, ...,  0.        ,
         -0.10811748, -0.26989524],
        [-0.69867567, -0.61712498, -0.5268133 , ...,  0.10811748,
          0.        , -0.16420794],
        [-0.57171098, -0.47953846, -0.38008856, ...,  0.26989524,
          0.16420794,  0.        ]],

       ...,

       [[ 0.        , -0.64530623, -0.31132679, ..., -0.36314901,
         -0.66312579, -0.7100734 ],
        [ 0.64530623,  0.        ,  0.37540638, ..., -0.87867011,
         -0.98959456, -0.99682008],
        [ 0.31132679, -0.37540638,  0.        , ..., -0.63517441,
         -0.86320096, -0.89399863],
        ...,
        [ 0.36314901,  0.87867011,  0.63517441, ...,  0.        ,
          0.34603498,  0.40589418],
        [ 0.66312579,  0.98959456,  0.86320096, ..., -0.34603498,
          0.        ,  0.06457038],
        [ 0.7100734 ,  0.99682008,  0.89399863, ..., -0.40589418,
         -0.06457038,  0.        ]],

       [[ 0.        ,  0.33907122,  0.5100508 , ...,  0.78832662,
          0.75147323,  0.70174735],
        [-0.33907122,  0.        ,  0.18818558, ...,  0.95024264,
          0.93066333,  0.90173945],
        [-0.5100508 , -0.18818558,  0.        , ...,  0.99188694,
          0.98288834,  0.96697737],
        ...,
        [-0.78832662, -0.95024264, -0.99188694, ...,  0.        ,
          0.05776004,  0.12986934],
        [-0.75147323, -0.93066333, -0.98288834, ..., -0.05776004,
          0.        ,  0.07238165],
        [-0.70174735, -0.90173945, -0.96697737, ..., -0.12986934,
         -0.07238165,  0.        ]],

       [[ 0.        ,  0.40750369,  0.61653015, ...,  0.31074509,
          0.54014858,  0.70019909],
        [-0.40750369,  0.        ,  0.24217712, ...,  0.67110304,
          0.83620835,  0.9303606 ],
        [-0.61653015, -0.24217712,  0.        , ...,  0.8306671 ,
          0.94412896,  0.9914589 ],
        ...,
        [-0.31074509, -0.67110304, -0.8306671 , ...,  0.        ,
         -0.25189395, -0.44367881],
        [-0.54014858, -0.83620835, -0.94412896, ...,  0.25189395,
          0.        , -0.20362851],
        [-0.70019909, -0.9303606 , -0.9914589 , ...,  0.44367881,
          0.20362851,  0.        ]]]), 'num': array([ 9.96454878e-01,  8.40176956e-02,  6.40306795e-05, -5.18712284e-08,
        4.35530875e-04,  4.46228124e-04,  4.30029432e-04,  4.12681550e-03,
       -3.36199272e-06,  4.51057168e-04,  4.75569151e-04,  4.56762368e-04,
        9.30870157e-07,  5.21289637e-04,  4.29848666e-04])}
{'img': array([[[ 0.        ,  0.27498882,  0.33242239, ...,  0.15897691,
          0.05102889, -0.01156773],
        [-0.27498882,  0.        ,  0.06025627, ..., -0.11864365,
         -0.22556897, -0.28609219],
        [-0.33242239, -0.06025627,  0.        , ..., -0.17825875,
         -0.2838624 , -0.34331003],
        ...,
        [-0.15897691,  0.11864365,  0.17825875, ...,  0.        ,
         -0.10838988, -0.1703869 ],
        [-0.05102889,  0.22556897,  0.2838624 , ...,  0.10838988,
          0.        , -0.06257814],
        [ 0.01156773,  0.28609219,  0.34331003, ...,  0.1703869 ,
          0.06257814,  0.        ]],

       [[ 0.        ,  0.1527001 ,  0.06069378, ..., -0.16736305,
         -0.25428043, -0.22679423],
        [-0.1527001 ,  0.        , -0.09243659, ..., -0.31594663,
         -0.39897931, -0.37285566],
        [-0.06069378,  0.09243659,  0.        , ..., -0.22689221,
         -0.31251046, -0.28548838],
        ...,
        [ 0.16736305,  0.31594663,  0.22689221, ...,  0.        ,
         -0.08883198, -0.06059335],
        [ 0.25428043,  0.39897931,  0.31251046, ...,  0.08883198,
          0.        ,  0.02831495],
        [ 0.22679423,  0.37285566,  0.28548838, ...,  0.06059335,
         -0.02831495,  0.        ]],

       [[ 0.        ,  0.11001351,  0.24242764, ...,  0.61712498,
          0.47953846,  0.26046148],
        [-0.11001351,  0.        ,  0.13422438, ...,  0.5268133 ,
          0.38008856,  0.15266419],
        [-0.24242764, -0.13422438,  0.        , ...,  0.40795797,
          0.25249827,  0.01863171],
        ...,
        [-0.61712498, -0.5268133 , -0.40795797, ...,  0.        ,
         -0.16420794, -0.39087639],
        [-0.47953846, -0.38008856, -0.25249827, ...,  0.16420794,
          0.        , -0.23442645],
        [-0.26046148, -0.15266419, -0.01863171, ...,  0.39087639,
          0.23442645,  0.        ]],

       ...,

       [[ 0.        ,  0.37540638,  0.31644636, ..., -0.98959456,
         -0.99682008, -0.98472758],
        [-0.37540638,  0.        , -0.06281283, ..., -0.86320096,
         -0.89399863, -0.84734584],
        [-0.31644636,  0.06281283,  0.        , ..., -0.89320813,
         -0.92037779, -0.87902882],
        ...,
        [ 0.98959456,  0.86320096,  0.89320813, ...,  0.        ,
          0.06457038, -0.03060407],
        [ 0.99682008,  0.89399863,  0.92037779, ..., -0.06457038,
          0.        , -0.09508034],
        [ 0.98472758,  0.84734584,  0.87902882, ...,  0.03060407,
          0.09508034,  0.        ]],

       [[ 0.        ,  0.3990645 ,  0.56731284, ...,  0.76046554,
          0.71054867,  0.65285341],
        [-0.3990645 ,  0.        ,  0.19155156, ...,  0.95643206,
          0.93231928,  0.9009013 ],
        [-0.56731284, -0.19155156,  0.        , ...,  0.99464581,
          0.98432709,  0.96735688],
        ...,
        [-0.76046554, -0.95643206, -0.99464581, ...,  0.        ,
          0.07368522,  0.15209186],
        [-0.71054867, -0.93231928, -0.98432709, ..., -0.07368522,
          0.        ,  0.07885041],
        [-0.65285341, -0.9009013 , -0.96735688, ..., -0.15209186,
         -0.07885041,  0.        ]],

       [[ 0.        ,  0.49583407,  0.65466508, ...,  0.55118638,
          0.71319048,  0.81944744],
        [-0.49583407,  0.        ,  0.19371204, ...,  0.89237487,
          0.96691188,  0.99581176],
        [-0.65466508, -0.19371204,  0.        , ...,  0.96289315,
          0.99801505,  0.99466007],
        ...,
        [-0.55118638, -0.89237487, -0.96289315, ...,  0.        ,
         -0.20870813, -0.36781745],
        [-0.71319048, -0.96691188, -0.99801505, ...,  0.20870813,
          0.        , -0.16564009],
        [-0.81944744, -0.99581176, -0.99466007, ...,  0.36781745,
          0.16564009,  0.        ]]]), 'num': array([ 9.99972248e-01,  6.50515026e-03,  6.97169893e-05, -7.32505821e-08,
        4.37073074e-04,  4.43820869e-04,  4.31245433e-04,  3.39542901e-03,
        0.00000000e+00,  4.43084746e-04,  4.72360974e-04,  4.58369524e-04,
        1.03098469e-06,  5.13194096e-04,  4.31527852e-04])}
{'img': array([[[ 0.        ,  0.06025627,  0.09983884, ..., -0.22556897,
         -0.28609219, -0.28609219],
        [-0.06025627,  0.        ,  0.03970222, ..., -0.2838624 ,
         -0.34331003, -0.34331003],
        [-0.09983884, -0.03970222,  0.        , ..., -0.32170766,
         -0.38032856, -0.38032856],
        ...,
        [ 0.22556897,  0.2838624 ,  0.32170766, ...,  0.        ,
         -0.06257814, -0.06257814],
        [ 0.28609219,  0.34331003,  0.38032856, ...,  0.06257814,
          0.        ,  0.        ],
