state_0,state_1,state_2,state_3,state_4,state_5,state_6,state_7,state_8,state_9,state_10,state_11,state_12,state_13,state_14,state_15,state_16,state_17,state_18,state_19,state_20,state_21,state_22,state_23,state_24,state_25,state_26,state_27,state_28,state_29,state_30,state_31,state_32,state_33,state_34,state_35,state_36,state_37,state_38,state_39,state_40,state_41,state_42,state_43,state_44,state_45,state_46,state_47,state_48,state_49,state_50,state_51,state_52,state_53,state_54,state_55,state_56,state_57,state_58,state_59,state_60,state_61,state_62,state_63,state_64,state_65,state_66,state_67,state_68,state_69,state_70,state_71,state_72,state_73,state_74,state_75,state_76,state_77,state_78,state_79,state_80,state_81,state_82,state_83,state_84,state_85,state_86,state_87,state_88,state_89,state_90,state_91,state_92,state_93,state_94,state_95,state_96,state_97,state_98,state_99,state_100,state_101,state_102,state_103,state_104,state_105,state_106,state_107,state_108,state_109,state_110,state_111,state_112,state_113,state_114,state_115,state_116,state_117,state_118,state_119,state_120,state_121,state_122,state_123,state_124,state_125,state_126,state_127,state_128,state_129,state_130,state_131,state_132,state_133,state_134,state_135,state_136,state_137,state_138,state_139,state_140,state_141,state_142,state_143,state_144,state_145,state_146,state_147,state_148,state_149,state_150,state_151,state_152,state_153,state_154,state_155,state_156,state_157,state_158,state_159,state_160,state_161,state_162,state_163,state_164,state_165,state_166,state_167,state_168,state_169,state_170,state_171,state_172,state_173,state_174,state_175,state_176,state_177,state_178,state_179,state_180,state_181,state_182,state_183,state_184,state_185,state_186,state_187,state_188,state_189,state_190,state_191,state_192,state_193,state_194,state_195,state_196,state_197,state_198,state_199,state_200,state_201,state_202,state_203,state_204,state_205,state_206,state_207,state_208,state_209,state_210,state_211,state_212,state_213,state_214,state_215,state_216,state_217,state_218,state_219,state_220,state_221,state_222,state_223,state_224,state_225,state_226,state_227,state_228,state_229,state_230,state_231,state_232,state_233,state_234,state_235,state_236,state_237,state_238,state_239,state_240,state_241,state_242,state_243,state_244,state_245,state_246,state_247,state_248,state_249,state_250,state_251,state_252,state_253,state_254,state_255,state_256,state_257,state_258,state_259,state_260,state_261,state_262,state_263,state_264,state_265,state_266,state_267,state_268,state_269,state_270,state_271,state_272,state_273,state_274,state_275,state_276,state_277,state_278,state_279,state_280,state_281,state_282,state_283,state_284,state_285,state_286,state_287
{'img': array([[[ 0.        ,  0.08642812,  0.01877826, ..., -0.97753065,
         -0.99231829, -0.98197278],
        [-0.08642812,  0.        , -0.06770489, ..., -0.99209129,
         -0.97791301, -0.99463517],
        [-0.01877826,  0.06770489,  0.        , ..., -0.98131662,
         -0.98982024, -0.98534914],
        ...,
        [ 0.97753065,  0.99209129,  0.98131662, ...,  0.        ,
         -0.33010541, -0.02221814],
        [ 0.99231829,  0.97791301,  0.98982024, ...,  0.33010541,
          0.        ,  0.30905124],
        [ 0.98197278,  0.99463517,  0.98534914, ...,  0.02221814,
         -0.30905124,  0.        ]],

       [[ 0.        ,  0.44353382, -0.10112261, ..., -0.21125121,
         -0.05252253,  0.06437939],
        [-0.44353382,  0.        , -0.53189217, ..., -0.62285957,
         -0.48999535, -0.38491319],
        [ 0.10112261,  0.53189217,  0.        , ..., -0.11132787,
          0.04872973,  0.1649622 ],
        ...,
        [ 0.21125121,  0.62285957,  0.11132787, ...,  0.        ,
          0.15962243,  0.27373942],
        [ 0.05252253,  0.48999535, -0.04872973, ..., -0.15962243,
          0.        ,  0.1167041 ],
        [-0.06437939,  0.38491319, -0.1649622 , ..., -0.27373942,
         -0.1167041 ,  0.        ]],

       [[ 0.        ,  0.05729029,  0.08890233, ..., -0.92125713,
         -0.94481735, -0.88469501],
        [-0.05729029,  0.        ,  0.03169287, ..., -0.89746073,
         -0.92449738, -0.85653493],
        [-0.08890233, -0.03169287,  0.        , ..., -0.88303034,
         -0.91195201, -0.83974831],
        ...,
        [ 0.92125713,  0.89746073,  0.88303034, ...,  0.        ,
          0.06568898, -0.08535693],
        [ 0.94481735,  0.92449738,  0.91195201, ..., -0.06568898,
          0.        , -0.15062182],
        [ 0.88469501,  0.85653493,  0.83974831, ...,  0.08535693,
          0.15062182,  0.        ]],

       ...,

       [[ 0.        ,  0.18692947,  0.14798144, ...,  0.17094777,
         -0.04260663,  0.34005686],
        [-0.18692947,  0.        , -0.03949838, ..., -0.01624335,
         -0.22861534,  0.1582734 ],
        [-0.14798144,  0.03949838,  0.        , ...,  0.02326249,
         -0.1899846 ,  0.19715041],
        ...,
        [-0.17094777,  0.01624335, -0.02326249, ...,  0.        ,
         -0.21277201,  0.17429113],
        [ 0.04260663,  0.22861534,  0.1899846 , ...,  0.21277201,
          0.        ,  0.37981554],
        [-0.34005686, -0.1582734 , -0.19715041, ..., -0.17429113,
         -0.37981554,  0.        ]],

       [[ 0.        , -0.142151  , -0.22492446, ..., -0.5867526 ,
         -0.44966987, -0.        ],
        [ 0.142151  ,  0.        , -0.08413181, ..., -0.69590319,
         -0.572072  , -0.142151  ],
        [ 0.22492446,  0.08413181,  0.        , ..., -0.75385401,
         -0.63904899, -0.22492446],
        ...,
        [ 0.5867526 ,  0.69590319,  0.75385401, ...,  0.        ,
         -0.1599569 , -0.5867526 ],
        [ 0.44966987,  0.572072  ,  0.63904899, ...,  0.1599569 ,
          0.        , -0.44966987],
        [ 0.        ,  0.142151  ,  0.22492446, ...,  0.5867526 ,
          0.44966987,  0.        ]],

       [[ 0.        , -0.01064976, -0.02982   , ..., -0.78844809,
         -0.59697179, -0.73716452],
        [ 0.01064976,  0.        , -0.01917328, ..., -0.79495406,
         -0.60548184, -0.7443189 ],
        [ 0.02982   ,  0.01917328,  0.        , ..., -0.80643977,
         -0.62062977, -0.75698646],
        ...,
        [ 0.78844809,  0.79495406,  0.80643977, ...,  0.        ,
         -0.265344  , -0.07933401],
        [ 0.59697179,  0.60548184,  0.62062977, ...,  0.265344  ,
          0.        ,  0.18801747],
        [ 0.73716452,  0.7443189 ,  0.75698646, ...,  0.07933401,
         -0.18801747,  0.        ]]]), 'num': array([7.07100883e-01, 7.07100883e-01, 0.00000000e+00, 0.00000000e+00,
       8.86641540e-04, 9.08765034e-04, 8.78983408e-04, 3.20113334e-03,
       5.10542154e-06, 8.78983408e-04, 8.91066239e-04, 9.44531348e-04,
       4.06542826e-07, 9.36395048e-04, 8.45737430e-04])}
{'img': array([[[ 0.        , -0.06770489,  0.78681611, ..., -0.97791301,
         -0.99463517, -0.98577098],
        [ 0.06770489,  0.        ,  0.82679728, ..., -0.98982024,
         -0.98534914, -0.97212824],
        [-0.78681611, -0.82679728,  0.        , ..., -0.43910142,
         -0.69526861, -0.74066456],
        ...,
        [ 0.97791301,  0.98982024,  0.43910142, ...,  0.        ,
          0.30905124,  0.37041954],
        [ 0.99463517,  0.98534914,  0.69526861, ..., -0.30905124,
          0.        ,  0.06521905],
        [ 0.98577098,  0.97212824,  0.74066456, ..., -0.37041954,
         -0.06521905,  0.        ]],

       [[ 0.        , -0.53189217,  0.2030045 , ..., -0.48999535,
         -0.38491319, -0.50598677],
        [ 0.53189217,  0.        ,  0.69272367, ...,  0.04872973,
          0.1649622 ,  0.03030321],
        [-0.2030045 , -0.69272367,  0.        , ..., -0.65675668,
         -0.56426202, -0.67055077],
        ...,
        [ 0.48999535, -0.04872973,  0.65675668, ...,  0.        ,
          0.1167041 , -0.01844014],
        [ 0.38491319, -0.1649622 ,  0.56426202, ..., -0.1167041 ,
          0.        , -0.1349984 ],
        [ 0.50598677, -0.03030321,  0.67055077, ...,  0.01844014,
          0.1349984 ,  0.        ]],

       [[ 0.        ,  0.03169287,  0.30142008, ..., -0.92449738,
         -0.85653493, -0.85289586],
        [-0.03169287,  0.        ,  0.27104978, ..., -0.91195201,
         -0.83974831, -0.83592117],
        [-0.30142008, -0.27104978,  0.        , ..., -0.76660251,
         -0.66113912, -0.65586319],
        ...,
        [ 0.92449738,  0.91195201,  0.76660251, ...,  0.        ,
         -0.15062182, -0.15754859],
        [ 0.85653493,  0.83974831,  0.66113912, ...,  0.15062182,
          0.        , -0.00701045],
        [ 0.85289586,  0.83592117,  0.65586319, ...,  0.15754859,
          0.00701045,  0.        ]],

       ...,

       [[ 0.        , -0.03949838,  0.79699533, ..., -0.22861534,
          0.1582734 ,  0.23330388],
        [ 0.03949838,  0.        ,  0.82022983, ..., -0.1899846 ,
          0.19715041,  0.27153019],
        [-0.79699533, -0.82022983,  0.        , ..., -0.91396871,
         -0.69135463, -0.6340892 ],
        ...,
        [ 0.22861534,  0.1899846 ,  0.91396871, ...,  0.        ,
          0.37981554,  0.4494317 ],
        [-0.1582734 , -0.19715041,  0.69135463, ..., -0.37981554,
          0.        ,  0.07645749],
        [-0.23330388, -0.27153019,  0.6340892 , ..., -0.4494317 ,
         -0.07645749,  0.        ]],

       [[ 0.        , -0.10002721, -0.23371748, ..., -0.68283828,
         -0.53114041, -0.09699007],
        [ 0.10002721,  0.        , -0.1352884 , ..., -0.75249048,
         -0.61322802, -0.19605926],
        [ 0.23371748,  0.1352884 ,  0.        , ..., -0.83467364,
         -0.71445528, -0.32691947],
        ...,
        [ 0.68283828,  0.75249048,  0.83467364, ...,  0.        ,
         -0.19052281, -0.60876094],
        [ 0.53114041,  0.61322802,  0.71445528, ...,  0.19052281,
          0.        , -0.44645815],
        [ 0.09699007,  0.19605926,  0.32691947, ...,  0.60876094,
          0.44645815,  0.        ]],

       [[ 0.        , -0.01917328,  0.01398485, ..., -0.60548184,
         -0.7443189 , -0.82665215],
        [ 0.01917328,  0.        ,  0.03315368, ..., -0.62062977,
         -0.75698646, -0.83728925],
        [-0.01398485, -0.03315368,  0.        , ..., -0.59429266,
         -0.73490669, -0.81870185],
        ...,
        [ 0.60548184,  0.62062977,  0.59429266, ...,  0.        ,
          0.18801747,  0.317186  ],
        [ 0.7443189 ,  0.75698646,  0.73490669, ..., -0.18801747,
          0.        ,  0.13322032],
        [ 0.82665215,  0.83728925,  0.81870185, ..., -0.317186  ,
         -0.13322032,  0.        ]]]), 'num': array([7.07097468e-01, 7.07097468e-01, 0.00000000e+00, 0.00000000e+00,
       8.94295354e-04, 9.05357047e-04, 8.74724666e-04, 4.46302734e-03,
       7.65809532e-06, 8.81531861e-04, 8.88807052e-04, 9.42314448e-04,
       4.39790743e-07, 9.28420878e-04, 8.49193226e-04])}
{'img': array([[[ 0.        ,  0.82679728,  0.63881994, ..., -0.98534914,
         -0.97212824, -0.94670972],
        [-0.82679728,  0.        , -0.27676546, ..., -0.69526861,
         -0.74066456, -0.79882574],
        [-0.63881994,  0.27676546,  0.        , ..., -0.86703485,
         -0.89768414, -0.93411333],
        ...,
        [ 0.98534914,  0.69526861,  0.86703485, ...,  0.        ,
          0.06521905,  0.15590848],
        [ 0.97212824,  0.74066456,  0.89768414, ..., -0.06521905,
          0.        ,  0.09115502],
        [ 0.94670972,  0.79882574,  0.93411333, ..., -0.15590848,
         -0.09115502,  0.        ]],

       [[ 0.        ,  0.69272367,  0.49045978, ...,  0.1649622 ,
          0.03030321,  0.32170629],
        [-0.69272367,  0.        , -0.2499625 , ..., -0.56426202,
         -0.67055077, -0.42388256],
        [-0.49045978,  0.2499625 ,  0.        , ..., -0.33998183,
         -0.46382639, -0.1840313 ],
        ...,
        [-0.1649622 ,  0.56426202,  0.33998183, ...,  0.        ,
         -0.1349984 ,  0.16110615],
        [-0.03030321,  0.67055077,  0.46382639, ...,  0.1349984 ,
          0.        ,  0.29286628],
        [-0.32170629,  0.42388256,  0.1840313 , ..., -0.16110615,
         -0.29286628,  0.        ]],

       [[ 0.        ,  0.27104978,  0.63973562, ..., -0.83974831,
         -0.83592117, -0.88303034],
        [-0.27104978,  0.        ,  0.40745981, ..., -0.66113912,
         -0.65586319, -0.72276642],
        [-0.63973562, -0.40745981,  0.        , ..., -0.29806539,
         -0.29136627, -0.37845465],
        ...,
        [ 0.83974831,  0.66113912,  0.29806539, ...,  0.        ,
         -0.00701045,  0.08535693],
        [ 0.83592117,  0.65586319,  0.29136627, ...,  0.00701045,
          0.        ,  0.0923397 ],
        [ 0.88303034,  0.72276642,  0.37845465, ..., -0.08535693,
         -0.0923397 ,  0.        ]],

       ...,

       [[ 0.        ,  0.82022983,  0.99747028, ...,  0.19715041,
          0.27153019,  0.43980027],
        [-0.82022983,  0.        ,  0.6288928 , ..., -0.69135463,
         -0.6340892 , -0.48506405],
        [-0.99747028, -0.6288928 ,  0.        , ..., -0.99190756,
         -0.97929688, -0.92708674],
        ...,
        [-0.19715041,  0.69135463,  0.99190756, ...,  0.        ,
          0.07645749,  0.25410851],
        [-0.27153019,  0.6340892 ,  0.97929688, ..., -0.07645749,
          0.        ,  0.17941686],
        [-0.43980027,  0.48506405,  0.92708674, ..., -0.25410851,
         -0.17941686,  0.        ]],

       [[ 0.        , -0.13184722, -0.35972245, ..., -0.74108421,
         -0.59866302, -0.19117546],
        [ 0.13184722,  0.        , -0.23356081, ..., -0.8231384 ,
         -0.69904647, -0.31892192],
        [ 0.35972245,  0.23356081,  0.        , ..., -0.93299756,
         -0.84672617, -0.53146574],
        ...,
        [ 0.74108421,  0.8231384 ,  0.93299756, ...,  0.        ,
         -0.1916596 , -0.59905805],
        [ 0.59866302,  0.69904647,  0.84672617, ...,  0.1916596 ,
          0.        , -0.43448947],
        [ 0.19117546,  0.31892192,  0.53146574, ...,  0.59905805,
          0.43448947,  0.        ]],

       [[ 0.        ,  0.03315368,  0.158073  , ..., -0.75698646,
         -0.83728925, -0.90059968],
        [-0.03315368,  0.        ,  0.12524925, ..., -0.73490669,
         -0.81870185, -0.88569436],
        [-0.158073  , -0.12524925,  0.        , ..., -0.64417946,
         -0.74033435, -0.82057047],
        ...,
        [ 0.75698646,  0.73490669,  0.64417946, ...,  0.        ,
          0.13322032,  0.25945554],
        [ 0.83728925,  0.81870185,  0.74033435, ..., -0.13322032,
          0.        ,  0.12848467],
        [ 0.90059968,  0.88569436,  0.82057047, ..., -0.25945554,
         -0.12848467,  0.        ]]]), 'num': array([ 9.61948363e-01,  2.73019630e-01,  6.15664641e-06, -1.10544500e-10,
        1.23908046e-03,  1.25458280e-03,  1.15603217e-03,  1.02122819e-02,
        7.52971144e-05,  1.16511211e-03,  1.15785923e-03,  1.22477769e-03,
        7.35825691e-07,  1.21561914e-03,  1.10009932e-03])}
{'img': array([[[ 0.        , -0.27676546, -0.84226577, ..., -0.74066456,
         -0.79882574, -0.99752501],
        [ 0.27676546,  0.        , -0.66017088, ..., -0.89768414,
         -0.93411333, -0.97801926],
        [ 0.84226577,  0.66017088,  0.        , ..., -0.9651618 ,
         -0.9372925 , -0.59695014],
        ...,
        [ 0.74066456,  0.89768414,  0.9651618 , ...,  0.        ,
          0.09115502,  0.61813414],
        [ 0.79882574,  0.93411333,  0.9372925 , ..., -0.09115502,
          0.        ,  0.54390621],
        [ 0.99752501,  0.97801926,  0.59695014, ..., -0.61813414,
         -0.54390621,  0.        ]],

       [[ 0.        , -0.2499625 , -0.0275219 , ..., -0.67055077,
         -0.42388256,  0.25910908],
        [ 0.2499625 ,  0.        ,  0.22321959, ..., -0.46382639,
         -0.1840313 ,  0.49230959],
        [ 0.0275219 , -0.22321959,  0.        , ..., -0.64987927,
         -0.39879494,  0.2855929 ],
        ...,
        [ 0.67055077,  0.46382639,  0.64987927, ...,  0.        ,
          0.29286628,  0.83987377],
        [ 0.42388256,  0.1840313 ,  0.39879494, ..., -0.29286628,
          0.        ,  0.64408569],
        [-0.25910908, -0.49230959, -0.2855929 , ..., -0.83987377,
         -0.64408569,  0.        ]],

       [[ 0.        ,  0.40745981,  0.34794407, ..., -0.65586319,
         -0.72276642, -0.90433546],
        [-0.40745981,  0.        , -0.06424922, ..., -0.29136627,
         -0.37845465, -0.65194709],
        [-0.34794407,  0.06424922,  0.        , ..., -0.35222582,
         -0.43714307, -0.69931799],
        ...,
        [ 0.65586319,  0.29136627,  0.35222582, ...,  0.        ,
          0.0923397 ,  0.40272744],
        [ 0.72276642,  0.37845465,  0.43714307, ..., -0.0923397 ,
          0.        ,  0.31648644],
        [ 0.90433546,  0.65194709,  0.69931799, ..., -0.40272744,
         -0.31648644,  0.        ]],

       ...,

       [[ 0.        ,  0.46835216, -0.52952212, ..., -0.61846264,
         -0.47033025,  0.65647382],
        [-0.46835216,  0.        , -0.8651563 , ..., -0.91447543,
         -0.8288728 ,  0.22672122],
        [ 0.52952212,  0.8651563 ,  0.        , ..., -0.10853347,
          0.06831891,  0.95632858],
        ...,
        [ 0.61846264,  0.91447543,  0.10853347, ...,  0.        ,
          0.17619521,  0.98240301],
        [ 0.47033025,  0.8288728 , -0.06831891, ..., -0.17619521,
          0.        ,  0.93412496],
        [-0.65647382, -0.22672122, -0.95632858, ..., -0.98240301,
         -0.93412496,  0.        ]],

       [[ 0.        , -0.23356081, -0.37858968, ..., -0.69904647,
         -0.31892192, -0.64729115],
        [ 0.23356081,  0.        , -0.1519431 , ..., -0.84672617,
         -0.53146574, -0.80741855],
        [ 0.37858968,  0.1519431 ,  0.        , ..., -0.91773316,
         -0.65400295, -0.88768706],
        ...,
        [ 0.69904647,  0.84672617,  0.91773316, ...,  0.        ,
         -0.43448947, -0.06998066],
        [ 0.31892192,  0.53146574,  0.65400295, ...,  0.43448947,
          0.        ,  0.37039429],
        [ 0.64729115,  0.80741855,  0.88768706, ...,  0.06998066,
         -0.37039429,  0.        ]],

       [[ 0.        ,  0.12524925,  0.18240916, ..., -0.81870185,
         -0.88569436, -0.80878871],
        [-0.12524925,  0.        ,  0.05782483, ..., -0.74033435,
         -0.82057047, -0.72876075],
        [-0.18240916, -0.05782483,  0.        , ..., -0.70022348,
         -0.78614793, -0.68794473],
        ...,
        [ 0.81870185,  0.74033435,  0.70022348, ...,  0.        ,
          0.12848467, -0.01705629],
        [ 0.88569436,  0.82057047,  0.78614793, ..., -0.12848467,
          0.        , -0.1453809 ],
        [ 0.80878871,  0.72876075,  0.68794473, ...,  0.01705629,
          0.1453809 ,  0.        ]]]), 'num': array([ 9.84635005e-01,  1.74366376e-01,  7.44732195e-06,  5.26424996e-08,
        1.26210067e-03,  1.33170181e-03,  1.25166050e-03,  8.81721159e-03,
       -3.59605889e-05,  1.23797227e-03,  1.21361187e-03,  1.27982962e-03,
        6.49912923e-07,  1.27588491e-03,  1.15133884e-03])}
{'img': array([[[ 0.        , -0.82183809, -0.80474143, ..., -0.80474143,
         -0.99865785, -0.95431426],
        [ 0.82183809,  0.        ,  0.02938586, ..., -0.94634223,
         -0.61152178, -0.78926213],
        [ 0.80474143, -0.02938586,  0.        , ..., -0.95543006,
         -0.6345086 , -0.80696586],
        ...,
        [ 0.80474143,  0.94634223,  0.95543006, ...,  0.        ,
          0.55114893,  0.32604469],
        [ 0.99865785,  0.61152178,  0.6345086 , ..., -0.55114893,
          0.        , -0.24897711],
        [ 0.95431426,  0.78926213,  0.80696586, ..., -0.32604469,
          0.24897711,  0.        ]],

       [[ 0.        ,  0.22321959, -0.31948326, ..., -0.1840313 ,
          0.49230959,  0.22796536],
        [-0.22321959,  0.        , -0.5229432 , ..., -0.39879494,
          0.2855929 ,  0.00487134],
        [ 0.31948326,  0.5229432 ,  0.        , ...,  0.13964003,
          0.74459327,  0.52708916],
        ...,
        [ 0.1840313 ,  0.39879494, -0.13964003, ...,  0.        ,
          0.64408569,  0.40325742],
        [-0.49230959, -0.2855929 , -0.74459327, ..., -0.64408569,
          0.        , -0.28092106],
        [-0.22796536, -0.00487134, -0.52708916, ..., -0.40325742,
          0.28092106,  0.        ]],

       [[ 0.        , -0.06424922, -0.18106531, ..., -0.37845465,
         -0.65194709, -0.79750996],
        [ 0.06424922,  0.        , -0.11750395, ..., -0.43714307,
         -0.69931799, -0.83462414],
        [ 0.18106531,  0.11750395,  0.        , ..., -0.53979684,
         -0.77846649, -0.89356572],
        ...,
        [ 0.37845465,  0.43714307,  0.53979684, ...,  0.        ,
          0.31648644,  0.50986715],
        [ 0.65194709,  0.69931799,  0.77846649, ..., -0.31648644,
          0.        ,  0.21140001],
        [ 0.79750996,  0.83462414,  0.89356572, ..., -0.50986715,
         -0.21140001,  0.        ]],

       ...,

       [[ 0.        , -0.8651563 , -0.67842499, ..., -0.8288728 ,
          0.22672122, -0.69219841],
        [ 0.8651563 ,  0.        ,  0.29537238, ...,  0.06831891,
          0.95632858,  0.27725047],
        [ 0.67842499, -0.29537238,  0.        , ..., -0.22941159,
          0.8273238 , -0.01891294],
        ...,
        [ 0.8288728 , -0.06831891,  0.22941159, ...,  0.        ,
          0.93412496,  0.21096203],
        [-0.22672122, -0.95632858, -0.8273238 , ..., -0.93412496,
          0.        , -0.8377997 ],
        [ 0.69219841, -0.27725047,  0.01891294, ..., -0.21096203,
          0.8377997 ,  0.        ]],

       [[ 0.        , -0.1519431 , -0.22811923, ..., -0.53146574,
         -0.80741855, -0.83887561],
        [ 0.1519431 ,  0.        , -0.07753374, ..., -0.65400295,
         -0.88768706, -0.91184178],
        [ 0.22811923,  0.07753374,  0.        , ..., -0.71068788,
         -0.92071508, -0.94092773],
        ...,
        [ 0.53146574,  0.65400295,  0.71068788, ...,  0.        ,
          0.37039429,  0.42130545],
        [ 0.80741855,  0.88768706,  0.92071508, ..., -0.37039429,
          0.        ,  0.0554224 ],
        [ 0.83887561,  0.91184178,  0.94092773, ..., -0.42130545,
         -0.0554224 ,  0.        ]],

       [[ 0.        ,  0.05782483,  0.08290444, ..., -0.82057047,
         -0.72876075, -0.69989604],
        [-0.05782483,  0.        ,  0.02513995, ..., -0.78614793,
         -0.68794473, -0.65742385],
        [-0.08290444, -0.02513995,  0.        , ..., -0.77036201,
         -0.66948165, -0.63827259],
        ...,
        [ 0.82057047,  0.78614793,  0.77036201, ...,  0.        ,
         -0.1453809 , -0.18606579],
        [ 0.72876075,  0.68794473,  0.66948165, ...,  0.1453809 ,
          0.        , -0.04124683],
        [ 0.69989604,  0.65742385,  0.63827259, ...,  0.18606579,
          0.04124683,  0.        ]]]), 'num': array([ 9.63580910e-01,  2.67259143e-01,  6.75384837e-06,  2.51271287e-08,
        1.21734575e-03,  1.30117848e-03,  1.20908055e-03,  8.47970458e-03,
       -6.73023351e-05,  1.25890789e-03,  1.23234118e-03,  1.29836438e-03,
        5.59470380e-07,  1.29324782e-03,  1.17143454e-03])}
{'img': array([[[ 0.        ,  0.04823465,  0.04823465, ..., -0.74979821,
         -0.90590086, -0.98620226],
        [-0.04823465,  0.        ,  0.        , ..., -0.78084073,
         -0.92527331, -0.97706935],
        [-0.04823465,  0.        ,  0.        , ..., -0.78084073,
         -0.92527331, -0.97706935],
        ...,
        [ 0.74979821,  0.78084073,  0.78084073, ...,  0.        ,
         -0.2818724 , -0.77666231],
        [ 0.90590086,  0.92527331,  0.92527331, ...,  0.2818724 ,
          0.        , -0.56761386],
        [ 0.98620226,  0.97706935,  0.97706935, ...,  0.77666231,
          0.56761386,  0.        ]],

       [[ 0.        , -0.5229432 , -0.61609465, ...,  0.2855929 ,
          0.00487134, -0.06732689],
        [ 0.5229432 ,  0.        , -0.11323129, ...,  0.74459327,
          0.52708916,  0.46436937],
        [ 0.61609465,  0.11323129,  0.        , ...,  0.81538851,
          0.61992435,  0.5616652 ],
        ...,
        [-0.2855929 , -0.74459327, -0.81538851, ...,  0.        ,
         -0.28092106, -0.34946767],
        [-0.00487134, -0.52708916, -0.61992435, ...,  0.28092106,
          0.        , -0.07218637],
        [ 0.06732689, -0.46436937, -0.5616652 , ...,  0.34946767,
          0.07218637,  0.        ]],

       [[ 0.        , -0.16954624, -0.16954624, ..., -0.65223773,
         -0.79782013, -0.78989911],
        [ 0.16954624,  0.        ,  0.        , ..., -0.77131328,
         -0.88848814, -0.88243513],
        [ 0.16954624,  0.        ,  0.        , ..., -0.77131328,
         -0.88848814, -0.88243513],
        ...,
        [ 0.65223773,  0.77131328,  0.77131328, ...,  0.        ,
          0.21152798,  0.19877878],
        [ 0.79782013,  0.88848814,  0.88848814, ..., -0.21152798,
          0.        , -0.01302601],
        [ 0.78989911,  0.88243513,  0.88243513, ..., -0.19877878,
          0.01302601,  0.        ]],

       ...,

       [[ 0.        ,  0.29537238,  0.30795058, ...,  0.95632858,
          0.27725047, -0.1258883 ],
        [-0.29537238,  0.        ,  0.01319252, ...,  0.8273238 ,
         -0.01891294, -0.41329397],
        [-0.30795058, -0.01319252,  0.        , ...,  0.81984124,
         -0.03210145, -0.42527107],
        ...,
        [-0.95632858, -0.8273238 , -0.81984124, ...,  0.        ,
         -0.8377997 , -0.9855168 ],
        [-0.27725047,  0.01891294,  0.03210145, ...,  0.8377997 ,
          0.        , -0.39599796],
        [ 0.1258883 ,  0.41329397,  0.42527107, ...,  0.9855168 ,
          0.39599796,  0.        ]],

       [[ 0.        , -0.07753374, -0.13871588, ..., -0.88768706,
         -0.91184178, -0.84771011],
        [ 0.07753374,  0.        , -0.06151415, ..., -0.92071508,
         -0.94092773, -0.88628681],
        [ 0.13871588,  0.06151415,  0.        , ..., -0.94297644,
         -0.95997496, -0.91309783],
        ...,
        [ 0.88768706,  0.92071508,  0.94297644, ...,  0.        ,
          0.0554224 , -0.08055647],
        [ 0.91184178,  0.94092773,  0.95997496, ..., -0.0554224 ,
          0.        , -0.13567493],
        [ 0.84771011,  0.88628681,  0.91309783, ...,  0.08055647,
          0.13567493,  0.        ]],

       [[ 0.        ,  0.02513995,  0.04722291, ..., -0.68794473,
         -0.65742385, -0.64299728],
        [-0.02513995,  0.        ,  0.02209609, ..., -0.66948165,
         -0.63827259, -0.62354016],
        [-0.04722291, -0.02209609,  0.        , ..., -0.65290459,
         -0.62110696, -0.6061134 ],
        ...,
        [ 0.68794473,  0.66948165,  0.65290459, ...,  0.        ,
         -0.04124683, -0.06021148],
        [ 0.65742385,  0.63827259,  0.62110696, ...,  0.04124683,
          0.        , -0.01898825],
        [ 0.64299728,  0.62354016,  0.6061134 , ...,  0.06021148,
          0.01898825,  0.        ]]]), 'num': array([ 9.99981046e-01,  6.36246307e-04,  9.54484095e-06, -2.17111984e-08,
        1.26339425e-03,  1.26701429e-03,  1.23805396e-03,  4.95940765e-03,
        1.93068844e-05,  1.28776919e-03,  1.25880886e-03,  1.32386904e-03,
        6.48159689e-07,  1.32065214e-03,  1.19696558e-03])}
{'img': array([[[ 0.        ,  0.        ,  0.19612069, ..., -0.92527331,
         -0.97706935, -0.99975489],
        [ 0.        ,  0.        ,  0.19612069, ..., -0.92527331,
         -0.97706935, -0.99975489],
        [-0.19612069, -0.19612069,  0.        , ..., -0.98169307,
         -0.91633616, -0.97599737],
        ...,
        [ 0.92527331,  0.92527331,  0.98169307, ...,  0.        ,
         -0.56761386, -0.39969332],
        [ 0.97706935,  0.97706935,  0.91633616, ...,  0.56761386,
          0.        ,  0.19123716],
        [ 0.99975489,  0.99975489,  0.97599737, ...,  0.39969332,
         -0.19123716,  0.        ]],

       [[ 0.        , -0.11323129, -0.2333487 , ...,  0.52708916,
          0.46436937, -0.08221782],
        [ 0.11323129,  0.        , -0.12174263, ...,  0.61992435,
          0.5616652 ,  0.03115888],
        [ 0.2333487 ,  0.12174263,  0.        , ...,  0.71083993,
          0.65821291,  0.15261063],
        ...,
        [-0.52708916, -0.61992435, -0.71083993, ...,  0.        ,
         -0.07218637, -0.59517417],
        [-0.46436937, -0.5616652 , -0.65821291, ...,  0.07218637,
          0.        , -0.53561272],
        [ 0.08221782, -0.03115888, -0.15261063, ...,  0.59517417,
          0.53561272,  0.        ]],

       [[ 0.        ,  0.        , -0.42717987, ..., -0.8       ,
         -0.79208048, -0.8       ],
        [ 0.        ,  0.        , -0.42717987, ..., -0.8       ,
         -0.79208048, -0.8       ],
        [ 0.42717987,  0.42717987,  0.        , ..., -0.97964125,
         -0.97693048, -0.97964125],
        ...,
        [ 0.8       ,  0.8       ,  0.97964125, ...,  0.        ,
         -0.01308504,  0.        ],
        [ 0.79208048,  0.79208048,  0.97693048, ...,  0.01308504,
          0.        ,  0.01308504],
        [ 0.8       ,  0.8       ,  0.97964125, ...,  0.        ,
         -0.01308504,  0.        ]],

       ...,

       [[ 0.        ,  0.01319252,  0.07402784, ..., -0.01891294,
         -0.41329397, -0.13454852],
        [-0.01319252,  0.        ,  0.06086508, ..., -0.03210145,
         -0.42527107, -0.14760937],
        [-0.07402784, -0.06086508,  0.        , ..., -0.09287564,
         -0.47956954, -0.20753405],
        ...,
        [ 0.01891294,  0.03210145,  0.09287564, ...,  0.        ,
         -0.39599796, -0.11578349],
        [ 0.41329397,  0.42527107,  0.47956954, ...,  0.39599796,
          0.        ,  0.28701632],
        [ 0.13454852,  0.14760937,  0.20753405, ...,  0.11578349,
         -0.28701632,  0.        ]],

       [[ 0.        , -0.06151415, -0.10561402, ..., -0.94092773,
         -0.88628681, -0.87120087],
        [ 0.06151415,  0.        , -0.0442439 , ..., -0.95997496,
         -0.91309783, -0.89974994],
        [ 0.10561402,  0.0442439 ,  0.        , ..., -0.971427  ,
         -0.93024372, -0.91817716],
        ...,
        [ 0.94092773,  0.95997496,  0.971427  , ...,  0.        ,
         -0.13567493, -0.16693144],
        [ 0.88628681,  0.91309783,  0.93024372, ...,  0.13567493,
          0.        , -0.03161668],
        [ 0.87120087,  0.89974994,  0.91817716, ...,  0.16693144,
          0.03161668,  0.        ]],

       [[ 0.        ,  0.02209609,  0.05355016, ..., -0.63827259,
         -0.62354016, -0.61696873],
        [-0.02209609,  0.        ,  0.0314727 , ..., -0.62110696,
         -0.6061134 , -0.59942875],
        [-0.05355016, -0.0314727 ,  0.        , ..., -0.5961333 ,
         -0.58078043, -0.57394017],
        ...,
        [ 0.63827259,  0.62110696,  0.5961333 , ...,  0.        ,
         -0.01898825, -0.02736369],
        [ 0.62354016,  0.6061134 ,  0.58078043, ...,  0.01898825,
          0.        , -0.00837762],
        [ 0.61696873,  0.59942875,  0.57394017, ...,  0.02736369,
          0.00837762,  0.        ]]]), 'num': array([ 9.96043200e-01,  5.48416101e-04,  8.22722962e-06, -2.87345558e-09,
        1.25852691e-03,  1.31053215e-03,  1.17219820e-03,  8.88072543e-02,
        1.69537096e-04,  1.14307527e-03,  1.09315023e-03,  1.14128975e-03,
        7.11009197e-07,  1.18573943e-03,  1.00056103e-03])}
{'img': array([[[ 0.00000000e+00,  1.96120690e-01,  1.09043999e-01, ...,
         -9.77069351e-01, -9.99754888e-01,  1.96120690e-01],
        [-1.96120690e-01,  0.00000000e+00, -8.80248693e-02, ...,
         -9.16336161e-01, -9.75997373e-01,  0.00000000e+00],
        [-1.09043999e-01,  8.80248693e-02,  0.00000000e+00, ...,
         -9.48025222e-01, -9.91379080e-01,  8.80248693e-02],
        ...,
        [ 9.77069351e-01,  9.16336161e-01,  9.48025222e-01, ...,
          0.00000000e+00,  1.91237159e-01,  9.16336161e-01],
        [ 9.99754888e-01,  9.75997373e-01,  9.91379080e-01, ...,
         -1.91237159e-01,  0.00000000e+00,  9.75997373e-01],
        [-1.96120690e-01,  0.00000000e+00, -8.80248693e-02, ...,
         -9.16336161e-01, -9.75997373e-01,  0.00000000e+00]],

       [[ 0.00000000e+00, -4.16540457e-02, -2.56069411e-02, ...,
          1.83649290e-01,  1.04647879e-02,  3.31026166e-01],
        [ 4.16540457e-02,  0.00000000e+00,  1.60556702e-02, ...,
          2.24435487e-01,  5.21074704e-02,  2.91433210e-01],
        [ 2.56069411e-02, -1.60556702e-02,  0.00000000e+00, ...,
          2.08760484e-01,  3.60668954e-02,  3.06754357e-01],
        ...,
        [-1.83649290e-01, -2.24435487e-01, -2.08760484e-01, ...,
          0.00000000e+00, -1.73352433e-01,  4.98691450e-01],
        [-1.04647879e-02, -5.21074704e-02, -3.60668954e-02, ...,
          1.73352433e-01,  0.00000000e+00,  3.40882840e-01],
        [-3.31026166e-01, -2.91433210e-01, -3.06754357e-01, ...,
         -4.98691450e-01, -3.40882840e-01,  0.00000000e+00]],

       [[ 0.00000000e+00, -4.27179867e-01, -5.85853929e-01, ...,
         -7.92080484e-01, -8.00000000e-01, -9.63209965e-01],
        [ 4.27179867e-01,  0.00000000e+00, -1.83515910e-01, ...,
         -9.76930481e-01, -9.79641254e-01, -9.85706933e-01],
        [ 5.85853929e-01,  1.83515910e-01,  0.00000000e+00, ...,
         -9.99530228e-01, -9.99845691e-01, -9.38049653e-01],
        ...,
        [ 7.92080484e-01,  9.76930481e-01,  9.99530228e-01, ...,
          0.00000000e+00,  1.30850430e-02,  3.75087786e-01],
        [ 8.00000000e-01,  9.79641254e-01,  9.99845691e-01, ...,
         -1.30850430e-02,  0.00000000e+00,  3.62925979e-01],
        [ 9.63209965e-01,  9.85706933e-01,  9.38049653e-01, ...,
         -3.75087786e-01, -3.62925979e-01,  0.00000000e+00]],

       ...,

       [[ 0.00000000e+00,  5.54184862e-02,  2.38215077e-01, ...,
         -4.00251572e-01, -1.36516277e-01,  8.60251421e-01],
        [-5.54184862e-02,  0.00000000e+00,  1.84025869e-01, ...,
         -4.50422266e-01, -1.91206129e-01,  8.30673171e-01],
        [-2.38215077e-01, -1.84025869e-01,  0.00000000e+00, ...,
         -6.07030859e-01, -3.68571170e-01,  7.14028130e-01],
        ...,
        [ 4.00251572e-01,  4.50422266e-01,  6.07030859e-01, ...,
          0.00000000e+00,  2.71400108e-01,  9.92415263e-01],
        [ 1.36516277e-01,  1.91206129e-01,  3.68571170e-01, ...,
         -2.71400108e-01,  0.00000000e+00,  9.21803163e-01],
        [-8.60251421e-01, -8.30673171e-01, -7.14028130e-01, ...,
         -9.92415263e-01, -9.21803163e-01,  0.00000000e+00]],

       [[ 0.00000000e+00, -4.42438961e-02, -4.66875052e-02, ...,
         -9.13097831e-01, -8.99749942e-01, -9.39407607e-01],
        [ 4.42438961e-02,  0.00000000e+00, -2.44613687e-03, ...,
         -9.30243719e-01, -9.18177164e-01, -9.23320796e-01],
        [ 4.66875052e-02,  2.44613687e-03,  0.00000000e+00, ...,
         -9.31138527e-01, -9.19143504e-01, -9.22378644e-01],
        ...,
        [ 9.13097831e-01,  9.30243719e-01,  9.31138527e-01, ...,
          0.00000000e+00, -3.16166785e-02,  6.96046514e-01],
        [ 8.99749942e-01,  9.18177164e-01,  9.19143504e-01, ...,
          3.16166785e-02,  0.00000000e+00,  7.18399209e-01],
        [ 9.39407607e-01,  9.23320796e-01,  9.22378644e-01, ...,
         -6.96046514e-01, -7.18399209e-01,  0.00000000e+00]],

       [[ 0.00000000e+00,  2.90772541e-02,  2.84835934e-02, ...,
         -9.26017402e-01, -9.25116894e-01, -3.66724393e-01],
        [-2.90772541e-02,  0.00000000e+00, -5.93906688e-04, ...,
         -9.14649746e-01, -9.13685602e-01, -3.39517899e-01],
        [-2.84835934e-02,  5.93906688e-04,  0.00000000e+00, ...,
         -9.14889670e-01, -9.13926818e-01, -3.40076468e-01],
        ...,
        [ 9.26017402e-01,  9.14649746e-01,  9.14889670e-01, ...,
          0.00000000e+00, -2.37863344e-03, -7.23070001e-01],
        [ 9.25116894e-01,  9.13685602e-01,  9.13926818e-01, ...,
          2.37863344e-03,  0.00000000e+00, -7.21424856e-01],
        [ 3.66724393e-01,  3.39517899e-01,  3.40076468e-01, ...,
          7.23070001e-01,  7.21424856e-01,  0.00000000e+00]]]), 'num': array([ 9.67502342e-01,  2.50587216e-01,  6.28321721e-06,  1.60430920e-07,
        1.20489930e-03,  1.32105962e-03,  1.18694725e-03,  3.36779703e-02,
       -7.28641996e-05,  1.16519359e-03,  1.11508625e-03,  1.15769597e-03,
        6.61182491e-07,  1.21763381e-03,  1.01253869e-03])}
{'img': array([[[ 0.00000000e+00, -8.80248693e-02, -6.75621023e-02, ...,
         -9.75997373e-01,  0.00000000e+00, -7.75379187e-01],
        [ 8.80248693e-02,  0.00000000e+00,  2.05238938e-02, ...,
         -9.91379080e-01,  8.80248693e-02, -7.16782033e-01],
        [ 6.75621023e-02, -2.05238938e-02,  0.00000000e+00, ...,
         -9.88481117e-01,  6.75621023e-02, -7.30942308e-01],
        ...,
        [ 9.75997373e-01,  9.91379080e-01,  9.88481117e-01, ...,
          0.00000000e+00,  9.75997373e-01,  7.85202233e-01],
        [ 0.00000000e+00, -8.80248693e-02, -6.75621023e-02, ...,
         -9.75997373e-01,  0.00000000e+00, -7.75379187e-01],
        [ 7.75379187e-01,  7.16782033e-01,  7.30942308e-01, ...,
         -7.85202233e-01,  7.75379187e-01,  0.00000000e+00]],

       [[ 0.00000000e+00,  1.60556702e-02, -9.74882087e-02, ...,
          5.21074704e-02,  2.91433210e-01,  8.38483986e-01],
        [-1.60556702e-02,  0.00000000e+00, -1.13454834e-01, ...,
          3.60668954e-02,  3.06754357e-01,  8.29626749e-01],
        [ 9.74882087e-02,  1.13454834e-01,  0.00000000e+00, ...,
          1.49215035e-01,  1.96788660e-01,  8.87613901e-01],
        ...,
        [-5.21074704e-02, -3.60668954e-02, -1.49215035e-01, ...,
          0.00000000e+00,  3.40882840e-01,  8.08950164e-01],
        [-2.91433210e-01, -3.06754357e-01, -1.96788660e-01, ...,
         -3.40882840e-01,  0.00000000e+00, -9.60895988e-01],
        [-8.38483986e-01, -8.29626749e-01, -8.87613901e-01, ...,
         -8.08950164e-01,  9.60895988e-01,  0.00000000e+00]],

       [[ 0.00000000e+00, -4.32713002e-01, -3.83806442e-01, ...,
         -8.14709936e-01, -9.72728310e-01, -9.82962270e-01],
        [ 4.32713002e-01,  0.00000000e+00,  5.35593717e-02, ...,
         -9.85403587e-01, -9.77312127e-01, -9.65707544e-01],
        [ 3.83806442e-01, -5.35593717e-02,  0.00000000e+00, ...,
         -9.74871554e-01, -9.87253456e-01, -9.78227176e-01],
        ...,
        [ 8.14709936e-01,  9.85403587e-01,  9.74871554e-01, ...,
          0.00000000e+00,  3.75084790e-01,  4.20239315e-01],
        [ 9.72728310e-01,  9.77312127e-01,  9.87253456e-01, ...,
         -3.75084790e-01,  0.00000000e+00,  4.92009248e-02],
        [ 9.82962270e-01,  9.65707544e-01,  9.78227176e-01, ...,
         -4.20239315e-01, -4.92009248e-02,  0.00000000e+00]],

       ...,

       [[ 0.00000000e+00,  1.84025869e-01, -1.31687062e-01, ...,
         -1.91206129e-01,  8.30673171e-01,  2.68989397e-01],
        [-1.84025869e-01,  0.00000000e+00, -3.11861281e-01, ...,
         -3.68571170e-01,  7.14028130e-01,  8.71521825e-02],
        [ 1.31687062e-01,  3.11861281e-01,  0.00000000e+00, ...,
         -6.02835570e-02,  8.96757254e-01,  3.93480350e-01],
        ...,
        [ 1.91206129e-01,  3.68571170e-01,  6.02835570e-02, ...,
          0.00000000e+00,  9.21803163e-01,  4.48185389e-01],
        [-8.30673171e-01, -7.14028130e-01, -8.96757254e-01, ...,
         -9.21803163e-01,  0.00000000e+00, -6.50294535e-01],
        [-2.68989397e-01, -8.71521825e-02, -3.93480350e-01, ...,
         -4.48185389e-01,  6.50294535e-01,  0.00000000e+00]],

       [[ 0.00000000e+00, -2.44613687e-03,  9.85167978e-03, ...,
         -9.18177164e-01, -9.23320796e-01, -8.54521961e-01],
        [ 2.44613687e-03,  0.00000000e+00,  1.22976685e-02, ...,
         -9.19143504e-01, -9.22378644e-01, -8.53248844e-01],
        [-9.85167978e-03, -1.22976685e-02,  0.00000000e+00, ...,
         -9.14229666e-01, -9.27059324e-01, -8.59597605e-01],
        ...,
        [ 9.18177164e-01,  9.19143504e-01,  9.14229666e-01, ...,
          0.00000000e+00,  7.18399209e-01,  8.15451228e-01],
        [ 9.23320796e-01,  9.22378644e-01,  9.27059324e-01, ...,
         -7.18399209e-01,  0.00000000e+00,  1.51425217e-01],
