state_0,state_1,state_2,state_3,state_4,state_5,state_6,state_7,state_8,state_9,state_10,state_11,state_12,state_13,state_14,state_15,state_16,state_17,state_18,state_19,state_20,state_21,state_22,state_23,state_24,state_25,state_26,state_27,state_28,state_29,state_30,state_31,state_32,state_33,state_34,state_35,state_36,state_37,state_38,state_39,state_40,state_41,state_42,state_43,state_44,state_45,state_46,state_47,state_48,state_49,state_50,state_51,state_52,state_53,state_54,state_55,state_56,state_57,state_58,state_59,state_60,state_61,state_62,state_63,state_64,state_65,state_66,state_67,state_68,state_69,state_70,state_71,state_72,state_73,state_74,state_75,state_76,state_77,state_78,state_79,state_80,state_81,state_82,state_83,state_84,state_85,state_86,state_87,state_88,state_89,state_90,state_91,state_92,state_93,state_94,state_95,state_96,state_97,state_98,state_99,state_100,state_101,state_102,state_103,state_104,state_105,state_106,state_107,state_108,state_109,state_110,state_111,state_112,state_113,state_114,state_115,state_116,state_117,state_118,state_119,state_120,state_121,state_122,state_123,state_124,state_125,state_126,state_127,state_128,state_129,state_130,state_131,state_132,state_133,state_134,state_135,state_136,state_137,state_138,state_139,state_140,state_141,state_142,state_143,state_144,state_145,state_146,state_147,state_148,state_149,state_150,state_151,state_152,state_153,state_154,state_155,state_156,state_157,state_158,state_159,state_160,state_161,state_162,state_163,state_164,state_165,state_166,state_167,state_168,state_169,state_170,state_171,state_172,state_173,state_174,state_175,state_176,state_177,state_178,state_179,state_180,state_181,state_182,state_183,state_184,state_185,state_186,state_187,state_188,state_189,state_190,state_191,state_192,state_193,state_194,state_195,state_196,state_197,state_198,state_199,state_200,state_201,state_202,state_203,state_204,state_205,state_206,state_207,state_208,state_209,state_210,state_211,state_212,state_213,state_214,state_215,state_216,state_217,state_218,state_219,state_220,state_221,state_222,state_223,state_224,state_225,state_226,state_227,state_228,state_229,state_230,state_231,state_232,state_233,state_234,state_235,state_236,state_237,state_238,state_239,state_240,state_241,state_242,state_243,state_244,state_245,state_246,state_247,state_248,state_249,state_250,state_251,state_252,state_253,state_254,state_255,state_256,state_257,state_258,state_259,state_260,state_261,state_262,state_263,state_264,state_265,state_266,state_267,state_268,state_269,state_270,state_271,state_272,state_273,state_274,state_275,state_276,state_277,state_278,state_279,state_280,state_281,state_282,state_283,state_284,state_285,state_286,state_287
{'img': array([[[ 0.        ,  0.76516384, -0.13546656, ..., -0.76516384,
         -0.99983727, -0.99969535],
        [-0.76516384,  0.        , -0.84532869, ..., -0.        ,
         -0.65753425, -0.62475366],
        [ 0.13546656,  0.84532869,  0.        , ..., -0.84532869,
         -0.9881769 , -0.99382367],
        ...,
        [ 0.76516384,  0.        ,  0.84532869, ...,  0.        ,
          0.65753425,  0.62475366],
        [ 0.99983727,  0.65753425,  0.9881769 , ..., -0.65753425,
          0.        , -0.04271234],
        [ 0.99969535,  0.62475366,  0.99382367, ..., -0.62475366,
          0.04271234,  0.        ]],

       [[ 0.        , -0.36348992,  0.78644381, ..., -0.51001183,
         -0.24411618,  0.12276997],
        [ 0.36348992,  0.        ,  0.50813574, ..., -0.1624639 ,
          0.12507471,  0.47511245],
        [-0.78644381, -0.50813574,  0.        , ..., -0.36145848,
         -0.61186949, -0.85632481],
        ...,
        [ 0.51001183,  0.1624639 ,  0.36145848, ...,  0.        ,
          0.28460115,  0.61175639],
        [ 0.24411618, -0.12507471,  0.61186949, ..., -0.28460115,
          0.        ,  0.36132517],
        [-0.12276997, -0.47511245,  0.85632481, ..., -0.61175639,
         -0.36132517,  0.        ]],

       [[ 0.        ,  0.3201454 , -0.19746518, ..., -0.46087087,
         -0.3201454 , -0.42057894],
        [-0.3201454 ,  0.        , -0.50091398, ..., -0.15249596,
         -0.        , -0.10798939],
        [ 0.19746518,  0.50091398,  0.        , ..., -0.62704014,
         -0.50091398, -0.59144915],
        ...,
        [ 0.46087087,  0.15249596,  0.62704014, ...,  0.        ,
         -0.15249596, -0.04487782],
        [ 0.3201454 ,  0.        ,  0.50091398, ...,  0.15249596,
          0.        ,  0.10798939],
        [ 0.42057894,  0.10798939,  0.59144915, ...,  0.04487782,
         -0.10798939,  0.        ]],

       ...,

       [[ 0.        ,  0.36301429,  0.06638445, ..., -0.63864825,
         -0.79860057, -0.89398658],
        [-0.36301429,  0.        , -0.30035758, ..., -0.87442101,
         -0.96260718, -0.99566644],
        [-0.06638445,  0.30035758,  0.        , ..., -0.68832223,
         -0.83679319, -0.92176101],
        ...,
        [ 0.63864825,  0.87442101,  0.68832223, ...,  0.        ,
         -0.23014446, -0.40174733],
        [ 0.79860057,  0.96260718,  0.83679319, ...,  0.23014446,
          0.        , -0.1802081 ],
        [ 0.89398658,  0.99566644,  0.92176101, ...,  0.40174733,
          0.1802081 ,  0.        ]],

       [[ 0.        , -0.59162196, -0.87647548, ..., -0.87563073,
         -0.64023376, -0.        ],
        [ 0.59162196,  0.        , -0.4217938 , ..., -0.99168935,
         -0.97063863, -0.59162196],
        [ 0.87647548,  0.4217938 ,  0.        , ..., -0.84489052,
         -0.98152936, -0.87647548],
        ...,
        [ 0.87563073,  0.99168935,  0.84489052, ...,  0.        ,
         -0.36342128, -0.87563073],
        [ 0.64023376,  0.97063863,  0.98152936, ...,  0.36342128,
          0.        , -0.64023376],
        [ 0.        ,  0.59162196,  0.87647548, ...,  0.87563073,
          0.64023376,  0.        ]],

       [[ 0.        ,  0.12362506,  0.4289431 , ..., -0.61281878,
         -0.58272523, -0.4289431 ],
        [-0.12362506,  0.        ,  0.31397827, ..., -0.51042642,
         -0.47778886, -0.31397827],
        [-0.4289431 , -0.31397827,  0.        , ..., -0.2146176 ,
         -0.17780519, -0.        ],
        ...,
        [ 0.61281878,  0.51042642,  0.2146176 , ...,  0.        ,
         -0.03753582, -0.2146176 ],
        [ 0.58272523,  0.47778886,  0.17780519, ...,  0.03753582,
          0.        , -0.17780519],
        [ 0.4289431 ,  0.31397827,  0.        , ...,  0.2146176 ,
          0.17780519,  0.        ]]]), 'num': array([7.07103507e-01, 7.07103507e-01, 0.00000000e+00, 0.00000000e+00,
       2.85251983e-04, 2.85251983e-04, 2.80732145e-04, 2.93210915e-03,
       1.50661259e-06, 2.82540080e-04, 2.89545829e-04, 3.01414588e-04,
       2.84832230e-07, 3.05980955e-04, 2.73110702e-04])}
{'img': array([[[ 0.        , -0.84532869, -0.89199017, ..., -0.65753425,
         -0.62475366, -0.71548301],
        [ 0.84532869,  0.        , -0.09440781, ..., -0.9881769 ,
         -0.99382367, -0.97281645],
        [ 0.89199017,  0.09440781,  0.        , ..., -0.9692889 ,
         -0.97890836, -0.94660874],
        ...,
        [ 0.65753425,  0.9881769 ,  0.9692889 , ...,  0.        ,
         -0.04271234,  0.0796893 ],
        [ 0.62475366,  0.99382367,  0.97890836, ...,  0.04271234,
          0.        ,  0.12219308],
        [ 0.71548301,  0.97281645,  0.94660874, ..., -0.0796893 ,
         -0.12219308,  0.        ]],

       [[ 0.        ,  0.50813574,  0.3358582 , ...,  0.12507471,
          0.47511245,  0.32456327],
        [-0.50813574,  0.        , -0.76788638, ..., -0.61186949,
         -0.85632481, -0.76016618],
        [-0.3358582 ,  0.76788638,  0.        , ..., -0.21541137,
          0.15198432, -0.01196596],
        ...,
        [-0.12507471,  0.61186949,  0.21541137, ...,  0.        ,
          0.36132517,  0.20371092],
        [-0.47511245,  0.85632481, -0.15198432, ..., -0.36132517,
          0.        , -0.16380039],
        [-0.32456327,  0.76016618,  0.01196596, ..., -0.20371092,
          0.16380039,  0.        ]],

       [[ 0.        , -0.50091398, -0.71813246, ..., -0.        ,
         -0.10798939, -0.2831883 ],
        [ 0.50091398,  0.        , -0.27295229, ..., -0.50091398,
         -0.59144915, -0.72550737],
        [ 0.71813246,  0.27295229,  0.        , ..., -0.71813246,
         -0.78908337, -0.88580779],
        ...,
        [ 0.        ,  0.50091398,  0.71813246, ...,  0.        ,
          0.10798939,  0.2831883 ],
        [ 0.10798939,  0.59144915,  0.78908337, ..., -0.10798939,
          0.        ,  0.17796346],
        [ 0.2831883 ,  0.72550737,  0.88580779, ..., -0.2831883 ,
         -0.17796346,  0.        ]],

       ...,

       [[ 0.        , -0.30035758, -0.3400965 , ..., -0.96260718,
         -0.99566644, -0.98494217],
        [ 0.30035758,  0.        , -0.04193969, ..., -0.83679319,
         -0.92176101, -0.88753704],
        [ 0.3400965 ,  0.04193969,  0.        , ..., -0.81309415,
         -0.90468753, -0.867433  ],
        ...,
        [ 0.96260718,  0.83679319,  0.81309415, ...,  0.        ,
         -0.1802081 , -0.10040243],
        [ 0.99566644,  0.92176101,  0.90468753, ...,  0.1802081 ,
          0.        ,  0.0805388 ],
        [ 0.98494217,  0.88753704,  0.867433  , ...,  0.10040243,
         -0.0805388 ,  0.        ]],

       [[ 0.        , -0.72611705, -0.78768263, ..., -0.85744598,
         -0.67525376, -0.        ],
        [ 0.72611705,  0.        , -0.09424074, ..., -0.96319603,
         -0.99985838, -0.72611705],
        [ 0.78768263,  0.09424074,  0.        , ..., -0.93357736,
         -0.99699444, -0.78768263],
        ...,
        [ 0.85744598,  0.96319603,  0.93357736, ...,  0.        ,
         -0.28497169, -0.85744598],
        [ 0.67525376,  0.99985838,  0.99699444, ...,  0.28497169,
          0.        , -0.67525376],
        [ 0.        ,  0.72611705,  0.78768263, ...,  0.85744598,
          0.67525376,  0.        ]],

       [[ 0.        ,  0.31397827,  0.04593899, ..., -0.47778886,
         -0.31397827, -0.47045958],
        [-0.31397827,  0.        , -0.27003092, ..., -0.17780519,
         -0.        , -0.16960733],
        [-0.04593899,  0.27003092,  0.        , ..., -0.43692819,
         -0.27003092, -0.42942533],
        ...,
        [ 0.47778886,  0.17780519,  0.43692819, ...,  0.        ,
         -0.17780519, -0.00832434],
        [ 0.31397827,  0.        ,  0.27003092, ...,  0.17780519,
          0.        ,  0.16960733],
        [ 0.47045958,  0.16960733,  0.42942533, ...,  0.00832434,
         -0.16960733,  0.        ]]]), 'num': array([ 8.83393526e-01,  4.68615738e-01,  1.46564589e-05, -8.39538218e-11,
        3.55727091e-04,  3.56355584e-04,  3.52584625e-04,  3.75911775e-03,
       -1.25698619e-06,  3.54721502e-04,  3.60692186e-04,  3.76540687e-04,
        3.79091072e-07,  3.77376991e-04,  3.44007381e-04])}
{'img': array([[[ 0.        , -0.10664328,  0.1582968 , ..., -0.99975603,
         -0.98897366, -0.99780926],
        [ 0.10664328,  0.        ,  0.26269276, ..., -0.99169923,
         -0.96754092, -0.98506394],
        [-0.1582968 , -0.26269276,  0.        , ..., -0.99064714,
         -0.99994667, -0.99570082],
        ...,
        [ 0.99975603,  0.99169923,  0.99064714, ...,  0.        ,
          0.12621094,  0.04410077],
        [ 0.98897366,  0.96754092,  0.99994667, ..., -0.12621094,
          0.        , -0.08234003],
        [ 0.99780926,  0.98506394,  0.99570082, ..., -0.04410077,
          0.08234003,  0.        ]],

       [[ 0.        , -0.76788638, -0.95144495, ..., -0.85632481,
         -0.76016618, -0.77432189],
        [ 0.76788638,  0.        ,  0.3731124 , ...,  0.15198432,
         -0.01196596,  0.01010752],
        [ 0.95144495, -0.3731124 ,  0.        , ..., -0.22776896,
         -0.38418753, -0.36371572],
        ...,
        [ 0.85632481, -0.15198432,  0.22776896, ...,  0.        ,
         -0.16380039, -0.14198646],
        [ 0.76016618,  0.01196596,  0.38418753, ...,  0.16380039,
          0.        ,  0.02207214],
        [ 0.77432189, -0.01010752,  0.36371572, ...,  0.14198646,
         -0.02207214,  0.        ]],

       [[ 0.        , -0.57495957, -0.64786463, ..., -0.11180285,
         -0.29299866, -0.43653656],
        [ 0.57495957,  0.        , -0.09209245, ..., -0.66282987,
         -0.78945241, -0.87444965],
        [ 0.64786463,  0.09209245,  0.        , ..., -0.72896922,
         -0.84262503, -0.91540919],
        ...,
        [ 0.11180285,  0.66282987,  0.72896922, ...,  0.        ,
          0.18426553,  0.33321213],
        [ 0.29299866,  0.78945241,  0.84262503, ..., -0.18426553,
          0.        ,  0.15377127],
        [ 0.43653656,  0.87444965,  0.91540919, ..., -0.33321213,
         -0.15377127,  0.        ]],

       ...,

       [[ 0.        , -0.04193969,  0.12754616, ..., -0.92176101,
         -0.88753704, -0.82588903],
        [ 0.04193969,  0.        ,  0.16903109, ..., -0.90468753,
         -0.867433  , -0.8015154 ],
        [-0.12754616, -0.16903109,  0.        , ..., -0.96368976,
         -0.93905336, -0.89105839],
        ...,
        [ 0.92176101,  0.90468753,  0.96368976, ...,  0.        ,
          0.0805388 ,  0.19947353],
        [ 0.88753704,  0.867433  ,  0.93905336, ..., -0.0805388 ,
          0.        ,  0.11990531],
        [ 0.82588903,  0.8015154 ,  0.89105839, ..., -0.19947353,
         -0.11990531,  0.        ]],

       [[ 0.        , -0.35409498, -0.49603607, ..., -0.956539  ,
         -0.84835492, -0.        ],
        [ 0.35409498,  0.        , -0.15643629, ..., -0.99781999,
         -0.98085732, -0.35409498],
        [ 0.49603607,  0.15643629,  0.        , ..., -0.97521096,
         -0.99924355, -0.49603607],
        ...,
        [ 0.956539  ,  0.99781999,  0.97521096, ...,  0.        ,
         -0.25903441, -0.956539  ],
        [ 0.84835492,  0.98085732,  0.99924355, ...,  0.25903441,
          0.        , -0.84835492],
        [ 0.        ,  0.35409498,  0.49603607, ...,  0.956539  ,
          0.84835492,  0.        ]],

       [[ 0.        , -0.27003092, -0.28572055, ..., -0.        ,
         -0.16960733, -0.48441418],
        [ 0.27003092,  0.        , -0.01633236, ..., -0.27003092,
         -0.42942533, -0.70265252],
        [ 0.28572055,  0.01633236,  0.        , ..., -0.28572055,
         -0.44411785, -0.71417981],
        ...,
        [ 0.        ,  0.27003092,  0.28572055, ...,  0.        ,
          0.16960733,  0.48441418],
        [ 0.16960733,  0.42942533,  0.44411785, ..., -0.16960733,
          0.        ,  0.32901679],
        [ 0.48441418,  0.70265252,  0.71417981, ..., -0.48441418,
         -0.32901679,  0.        ]]]), 'num': array([ 9.49706316e-01,  3.13080339e-01,  2.21050687e-05, -2.33866512e-09,
        3.84668265e-04,  3.84668265e-04,  3.75318689e-04,  6.11829567e-03,
        6.67826848e-06,  3.79459215e-04,  3.82531219e-04,  3.99694369e-04,
        6.34982905e-07,  3.98678824e-04,  3.66383613e-04])}
{'img': array([[[ 0.        ,  0.26269276,  0.07024982, ..., -0.96754092,
         -0.98506394, -0.85828617],
        [-0.26269276,  0.        , -0.19426115, ..., -0.99994667,
         -0.99570082, -0.96294916],
        [-0.07024982,  0.19426115,  0.        , ..., -0.98290368,
         -0.99472652, -0.8922159 ],
        ...,
        [ 0.96754092,  0.99994667,  0.98290368, ...,  0.        ,
         -0.08234003,  0.27961301],
        [ 0.98506394,  0.99570082,  0.99472652, ...,  0.08234003,
          0.        ,  0.35771925],
        [ 0.85828617,  0.96294916,  0.8922159 , ..., -0.27961301,
         -0.35771925,  0.        ]],

       [[ 0.        ,  0.48918803, -0.2922688 , ..., -0.01536536,
          0.01300086,  0.55555679],
        [-0.48918803,  0.        , -0.72273875, ..., -0.50253162,
         -0.47780761,  0.07779522],
        [ 0.2922688 ,  0.72273875,  0.        , ...,  0.27753984,
          0.3046773 ,  0.77431432],
        ...,
        [ 0.01536536,  0.50253162, -0.27753984, ...,  0.        ,
          0.02836339,  0.56826717],
        [-0.01300086,  0.47780761, -0.3046773 , ..., -0.02836339,
          0.        ,  0.54469989],
        [-0.55555679, -0.07779522, -0.77431432, ..., -0.56826717,
         -0.54469989,  0.        ]],

       [[ 0.        , -0.13629862, -0.19865077, ..., -0.63722632,
         -0.7512807 , -0.88226723],
        [ 0.13629862,  0.        , -0.06321468, ..., -0.73632177,
         -0.83422434, -0.93819616],
        [ 0.19865077,  0.06321468,  0.        , ..., -0.77762214,
         -0.86741402, -0.95819858],
        ...,
        [ 0.63722632,  0.73632177,  0.77762214, ...,  0.        ,
          0.15843613,  0.37996923],
        [ 0.7512807 ,  0.83422434,  0.86741402, ..., -0.15843613,
          0.        ,  0.22861665],
        [ 0.88226723,  0.93819616,  0.95819858, ..., -0.37996923,
         -0.22861665,  0.        ]],

       ...,

       [[ 0.        ,  0.16903109, -0.14432199, ..., -0.867433  ,
         -0.8015154 , -0.03606898],
        [-0.16903109,  0.        , -0.30950677, ..., -0.93905336,
         -0.89105839, -0.20447107],
        [ 0.14432199,  0.30950677,  0.        , ..., -0.78654367,
         -0.70682334,  0.10853672],
        ...,
        [ 0.867433  ,  0.93905336,  0.78654367, ...,  0.        ,
          0.11990531,  0.8489223 ],
        [ 0.8015154 ,  0.89105839,  0.70682334, ..., -0.11990531,
          0.        ,  0.77942554],
        [ 0.03606898,  0.20447107, -0.10853672, ..., -0.8489223 ,
         -0.77942554,  0.        ]],

       [[ 0.        , -0.34964759, -0.3341904 , ..., -0.92428722,
         -0.5642234 , -0.        ],
        [ 0.34964759,  0.        ,  0.01644807, ..., -0.99940709,
         -0.81728715, -0.34964759],
        [ 0.3341904 , -0.01644807,  0.        , ..., -0.99870557,
         -0.80769871, -0.3341904 ],
        ...,
        [ 0.92428722,  0.99940709,  0.99870557, ...,  0.        ,
         -0.54774923, -0.92428722],
        [ 0.5642234 ,  0.81728715,  0.80769871, ...,  0.54774923,
          0.        , -0.5642234 ],
        [ 0.        ,  0.34964759,  0.3341904 , ...,  0.92428722,
          0.5642234 ,  0.        ]],

       [[ 0.        , -0.04695174, -0.18289928, ..., -0.24442274,
         -0.5523663 , -0.61529942],
        [ 0.04695174,  0.        , -0.13653782, ..., -0.28968082,
         -0.59089617, -0.6516326 ],
        [ 0.18289928,  0.13653782,  0.        , ..., -0.41765145,
         -0.69551391, -0.74909865],
        ...,
        [ 0.24442274,  0.28968082,  0.41765145, ...,  0.        ,
          0.33186118,  0.40395978],
        [ 0.5523663 ,  0.59089617,  0.69551391, ..., -0.33186118,
          0.        ,  0.07748777],
        [ 0.61529942,  0.6516326 ,  0.74909865, ..., -0.40395978,
         -0.07748777,  0.        ]]]), 'num': array([9.95210391e-01, 9.74245965e-02, 3.10115991e-05, 1.38899393e-08,
       4.03317967e-04, 4.08890581e-04, 3.97745352e-04, 7.96414366e-03,
       2.08973040e-06, 3.97606037e-04, 3.98964362e-04, 4.16541316e-04,
       8.57325292e-07, 4.15768330e-04, 3.82160394e-04])}
{'img': array([[[ 0.00000000e+00, -1.94261148e-01, -1.58296798e-01, ...,
         -9.95700822e-01, -9.62949159e-01, -9.32953956e-01],
        [ 1.94261148e-01,  0.00000000e+00,  3.65306009e-02, ...,
         -9.94726515e-01, -8.92215904e-01, -8.45247861e-01],
        [ 1.58296798e-01, -3.65306009e-02,  0.00000000e+00, ...,
         -9.97809256e-01, -9.08117933e-01, -8.64204707e-01],
        ...,
        [ 9.95700822e-01,  9.94726515e-01,  9.97809256e-01, ...,
          0.00000000e+00,  3.57719247e-01,  4.44865317e-01],
        [ 9.62949159e-01,  8.92215904e-01,  9.08117933e-01, ...,
         -3.57719247e-01,  0.00000000e+00,  9.50557578e-02],
        [ 9.32953956e-01,  8.45247861e-01,  8.64204707e-01, ...,
         -4.44865317e-01, -9.50557578e-02,  0.00000000e+00]],

       [[ 0.00000000e+00, -7.22738747e-01, -9.99260538e-01, ...,
         -4.77807615e-01,  7.77952227e-02,  4.79470846e-01],
        [ 7.22738747e-01,  0.00000000e+00, -6.62821205e-01, ...,
          3.04677296e-01,  7.74314324e-01,  9.65617564e-01],
        [ 9.99260538e-01,  6.62821205e-01,  0.00000000e+00, ...,
          8.59443361e-01,  9.99223339e-01,  8.95344389e-01],
        ...,
        [ 4.77807615e-01, -3.04677296e-01, -8.59443361e-01, ...,
          0.00000000e+00,  5.44699893e-01,  8.40501922e-01],
        [-7.77952227e-02, -7.74314324e-01, -9.99223339e-01, ...,
         -5.44699893e-01,  0.00000000e+00,  4.09747937e-01],
        [-4.79470846e-01, -9.65617564e-01, -8.95344389e-01, ...,
         -8.40501922e-01, -4.09747937e-01,  0.00000000e+00]],

       [[ 0.00000000e+00, -6.32146844e-02, -2.41805760e-01, ...,
         -8.34224343e-01, -9.38196165e-01, -9.74168448e-01],
        [ 6.32146844e-02,  0.00000000e+00, -1.79983369e-01, ...,
         -8.67414024e-01, -9.58198580e-01, -9.86495367e-01],
        [ 2.41805760e-01,  1.79983369e-01,  0.00000000e+00, ...,
         -9.42806253e-01, -9.94044821e-01, -9.99864882e-01],
        ...,
        [ 8.34224343e-01,  8.67414024e-01,  9.42806253e-01, ...,
          0.00000000e+00,  2.28616648e-01,  3.48794338e-01],
        [ 9.38196165e-01,  9.58198580e-01,  9.94044821e-01, ...,
         -2.28616648e-01,  0.00000000e+00,  1.25297692e-01],
        [ 9.74168448e-01,  9.86495367e-01,  9.99864882e-01, ...,
         -3.48794338e-01, -1.25297692e-01,  0.00000000e+00]],

       ...,

       [[ 0.00000000e+00, -3.09506769e-01, -1.92634055e-01, ...,
         -8.91058388e-01, -2.04471072e-01,  5.97136529e-01],
        [ 3.09506769e-01,  0.00000000e+00,  1.20534722e-01, ...,
         -7.06823337e-01,  1.08536720e-01,  8.16083118e-01],
        [ 1.92634055e-01, -1.20534722e-01,  0.00000000e+00, ...,
         -7.86935037e-01, -1.20772655e-02,  7.40471967e-01],
        ...,
        [ 8.91058388e-01,  7.06823337e-01,  7.86935037e-01, ...,
          0.00000000e+00,  7.79425538e-01,  9.85786756e-01],
        [ 2.04471072e-01, -1.08536720e-01,  1.20772655e-02, ...,
         -7.79425538e-01,  0.00000000e+00,  7.48534939e-01],
        [-5.97136529e-01, -8.16083118e-01, -7.40471967e-01, ...,
         -9.85786756e-01, -7.48534939e-01,  0.00000000e+00]],

       [[ 0.00000000e+00,  1.74270057e-02,  4.96368415e-03, ...,
         -8.11448960e-01, -4.26605005e-01, -3.31184098e-01],
        [-1.74270057e-02,  0.00000000e+00, -1.24638606e-02, ...,
         -8.01140983e-01, -4.10778573e-01, -3.14690271e-01],
        [-4.96368415e-03,  1.24638606e-02,  0.00000000e+00, ...,
         -8.08538071e-01, -4.22110405e-01, -3.26496454e-01],
        ...,
        [ 8.11448960e-01,  8.01140983e-01,  8.08538071e-01, ...,
          0.00000000e+00, -4.84587405e-01, -5.72104075e-01],
        [ 4.26605005e-01,  4.10778573e-01,  4.22110405e-01, ...,
          4.84587405e-01,  0.00000000e+00, -1.02994548e-01],
        [ 3.31184098e-01,  3.14690271e-01,  3.26496454e-01, ...,
          5.72104075e-01,  1.02994548e-01,  0.00000000e+00]],

       [[ 0.00000000e+00, -1.36537823e-01, -2.13622623e-01, ...,
         -5.90896168e-01, -6.51632599e-01, -6.51880908e-01],
        [ 1.36537823e-01,  0.00000000e+00, -7.82359969e-02, ...,
         -6.95513906e-01, -7.49098650e-01, -7.49315499e-01],
        [ 2.13622623e-01,  7.82359969e-02,  0.00000000e+00, ...,
         -7.49595616e-01, -7.98630661e-01, -7.98827655e-01],
        ...,
        [ 5.90896168e-01,  6.95513906e-01,  7.49595616e-01, ...,
          0.00000000e+00,  7.74877732e-02,  7.78141852e-02],
        [ 6.51632599e-01,  7.49098650e-01,  7.98630661e-01, ...,
         -7.74877732e-02,  0.00000000e+00,  3.27400481e-04],
        [ 6.51880908e-01,  7.49315499e-01,  7.98827655e-01, ...,
         -7.78141852e-02, -3.27400481e-04,  0.00000000e+00]]]), 'num': array([9.99438423e-01, 3.32630832e-02, 3.32018998e-05, 2.04693438e-08,
       4.05104941e-04, 4.06497054e-04, 3.99536488e-04, 3.88665476e-03,
       2.08816980e-06, 3.99675700e-04, 3.98283586e-04, 4.15824213e-04,
       8.66787464e-07, 4.14092501e-04, 3.82474671e-04])}
{'img': array([[[ 0.00000000e+00,  3.65306009e-02,  1.52828515e-01, ...,
         -8.92215904e-01, -8.45247861e-01, -7.92709417e-01],
        [-3.65306009e-02,  0.00000000e+00,  1.16625041e-01, ...,
         -9.08117933e-01, -8.64204707e-01, -8.14449354e-01],
        [-1.52828515e-01, -1.16625041e-01,  0.00000000e+00, ...,
         -9.50753545e-01, -9.16986154e-01, -8.76561455e-01],
        ...,
        [ 8.92215904e-01,  9.08117933e-01,  9.50753545e-01, ...,
          0.00000000e+00,  9.50557578e-02,  1.85899750e-01],
        [ 8.45247861e-01,  8.64204707e-01,  9.16986154e-01, ...,
         -9.50557578e-02,  0.00000000e+00,  9.16591726e-02],
        [ 7.92709417e-01,  8.14449354e-01,  8.76561455e-01, ...,
         -1.85899750e-01, -9.16591726e-02,  0.00000000e+00]],

       [[ 0.00000000e+00, -6.62821205e-01,  6.01873815e-02, ...,
          7.74314324e-01,  9.65617564e-01,  2.27444725e-01],
        [ 6.62821205e-01,  0.00000000e+00,  7.06686543e-01, ...,
          9.99223339e-01,  8.95344389e-01,  8.15754858e-01],
        [-6.01873815e-02, -7.06686543e-01,  0.00000000e+00, ...,
          7.34823921e-01,  9.48220273e-01,  1.68422460e-01],
        ...,
        [-7.74314324e-01, -9.99223339e-01, -7.34823921e-01, ...,
          0.00000000e+00,  4.09747937e-01, -6.10093024e-01],
        [-9.65617564e-01, -8.95344389e-01, -9.48220273e-01, ...,
         -4.09747937e-01,  0.00000000e+00, -8.81181616e-01],
        [-2.27444725e-01, -8.15754858e-01, -1.68422460e-01, ...,
          6.10093024e-01,  8.81181616e-01,  0.00000000e+00]],

       [[ 0.00000000e+00, -1.79983369e-01, -1.51175898e-01, ...,
         -9.58198580e-01, -9.86495367e-01, -9.99809494e-01],
        [ 1.79983369e-01,  0.00000000e+00,  2.92076554e-02, ...,
         -9.94044821e-01, -9.99864882e-01, -9.86995284e-01],
        [ 1.51175898e-01, -2.92076554e-02,  0.00000000e+00, ...,
         -9.90437911e-01, -9.99918430e-01, -9.91269305e-01],
        ...,
        [ 9.58198580e-01,  9.94044821e-01,  9.90437911e-01, ...,
          0.00000000e+00,  1.25297692e-01,  2.67346756e-01],
        [ 9.86495367e-01,  9.99864882e-01,  9.99918430e-01, ...,
         -1.25297692e-01,  0.00000000e+00,  1.44502942e-01],
        [ 9.99809494e-01,  9.86995284e-01,  9.91269305e-01, ...,
         -2.67346756e-01, -1.44502942e-01,  0.00000000e+00]],

       ...,

       [[ 0.00000000e+00,  1.20534722e-01,  2.76242187e-02, ...,
          1.08536720e-01,  8.16083118e-01,  8.55847137e-01],
        [-1.20534722e-01,  0.00000000e+00, -9.30659100e-02, ...,
         -1.20772655e-02,  7.40471967e-01,  7.87263216e-01],
        [-2.76242187e-02,  9.30659100e-02,  0.00000000e+00, ...,
          8.10342729e-02,  7.99806693e-01,  8.41232484e-01],
        ...,
        [-1.08536720e-01,  1.20772655e-02, -8.10342729e-02, ...,
          0.00000000e+00,  7.48534939e-01,  7.94652846e-01],
        [-8.16083118e-01, -7.40471967e-01, -7.99806693e-01, ...,
         -7.48534939e-01,  0.00000000e+00,  7.25219002e-02],
        [-8.55847137e-01, -7.87263216e-01, -8.41232484e-01, ...,
         -7.94652846e-01, -7.25219002e-02,  0.00000000e+00]],

       [[ 0.00000000e+00, -1.21595164e-02, -2.80420365e-02, ...,
         -6.89983003e-01, -6.81379040e-01, -3.07389624e-01],
        [ 1.21595164e-02,  0.00000000e+00, -1.58852288e-02, ...,
         -6.98733361e-01, -6.90228590e-01, -3.18937696e-01],
        [ 2.80420365e-02,  1.58852288e-02,  0.00000000e+00, ...,
         -7.10009206e-01, -7.01635913e-01, -3.33953087e-01],
        ...,
        [ 6.89983003e-01,  6.98733361e-01,  7.10009206e-01, ...,
          0.00000000e+00, -1.18201954e-02, -4.34080139e-01],
        [ 6.81379040e-01,  6.90228590e-01,  7.01635913e-01, ...,
          1.18201954e-02,  0.00000000e+00, -4.23401304e-01],
        [ 3.07389624e-01,  3.18937696e-01,  3.33953087e-01, ...,
          4.34080139e-01,  4.23401304e-01,  0.00000000e+00]],

       [[ 0.00000000e+00, -7.82359969e-02, -1.05223400e-01, ...,
         -7.49098650e-01, -7.49315499e-01, -7.80138594e-01],
        [ 7.82359969e-02,  0.00000000e+00, -2.70991978e-02, ...,
         -7.98630661e-01, -7.98827655e-01, -8.26692331e-01],
        [ 1.05223400e-01,  2.70991978e-02,  0.00000000e+00, ...,
         -8.14646242e-01, -8.14836077e-01, -8.41636206e-01],
        ...,
        [ 7.49098650e-01,  7.98630661e-01,  8.14646242e-01, ...,
          0.00000000e+00,  3.27400481e-04,  4.81682593e-02],
        [ 7.49315499e-01,  7.98827655e-01,  8.14836077e-01, ...,
         -3.27400481e-04,  0.00000000e+00,  4.78412363e-02],
        [ 7.80138594e-01,  8.26692331e-01,  8.41636206e-01, ...,
         -4.81682593e-02, -4.78412363e-02,  0.00000000e+00]]]), 'num': array([9.98570890e-01, 5.33536755e-02, 3.24259774e-05, 2.74287150e-08,
       4.04803958e-04, 4.06886997e-04, 4.02026572e-04, 2.87509407e-03,
       6.94346412e-07, 4.00776749e-04, 3.96888409e-04, 4.14466946e-04,
       8.54580199e-07, 4.11349496e-04, 3.82427322e-04])}
{'img': array([[[ 0.        ,  0.11662504,  0.45989049, ..., -0.86420471,
         -0.81444935, -0.79666241],
        [-0.11662504,  0.        ,  0.353192  , ..., -0.91698615,
         -0.87656146, -0.86171704],
        [-0.45989049, -0.353192  ,  0.        , ..., -0.9987822 ,
         -0.99005558, -0.9853859 ],
        ...,
        [ 0.86420471,  0.91698615,  0.9987822 , ...,  0.        ,
          0.09165917,  0.1215135 ],
        [ 0.81444935,  0.87656146,  0.99005558, ..., -0.09165917,
          0.        ,  0.03002202],
        [ 0.79666241,  0.86171704,  0.9853859 , ..., -0.1215135 ,
         -0.03002202,  0.        ]],

       [[ 0.        ,  0.70668654,  0.25663289, ...,  0.89534439,
          0.81575486,  0.57618343],
        [-0.70668654,  0.        , -0.50144423, ...,  0.94822027,
          0.16842246, -0.16992413],
        [-0.25663289,  0.50144423,  0.        , ...,  0.97965611,
          0.63999848,  0.34713515],
        ...,
        [-0.89534439, -0.94822027, -0.97965611, ...,  0.        ,
         -0.88118162, -0.98840064],
        [-0.81575486, -0.16842246, -0.63999848, ...,  0.88118162,
          0.        , -0.33346987],
        [-0.57618343,  0.16992413, -0.34713515, ...,  0.98840064,
          0.33346987,  0.        ]],

       [[ 0.        ,  0.02920766,  0.16823435, ..., -0.99986488,
         -0.98699528, -0.96157053],
        [-0.02920766,  0.        ,  0.13937122, ..., -0.99991843,
         -0.99126931, -0.96917949],
        [-0.16823435, -0.13937122,  0.        , ..., -0.98837933,
         -0.99997121, -0.99405538],
        ...,
        [ 0.99986488,  0.99991843,  0.98837933, ...,  0.        ,
          0.14450294,  0.25871433],
        [ 0.98699528,  0.99126931,  0.99997121, ..., -0.14450294,
          0.        ,  0.11641579],
        [ 0.96157053,  0.96917949,  0.99405538, ..., -0.25871433,
         -0.11641579,  0.        ]],

       ...,

       [[ 0.        , -0.09306591,  0.32991492, ...,  0.74047197,
          0.78726322,  0.74047197],
        [ 0.09306591,  0.        ,  0.41633829, ...,  0.79980669,
          0.84123248,  0.79980669],
        [-0.32991492, -0.41633829,  0.        , ...,  0.47728183,
          0.5397537 ,  0.47728183],
        ...,
        [-0.74047197, -0.79980669, -0.47728183, ...,  0.        ,
          0.0725219 ,  0.        ],
        [-0.78726322, -0.84123248, -0.5397537 , ..., -0.0725219 ,
          0.        , -0.0725219 ],
        [-0.74047197, -0.79980669, -0.47728183, ...,  0.        ,
          0.0725219 ,  0.        ]],

       [[ 0.        , -0.01541995,  0.03062813, ..., -0.81966676,
         -0.7132367 , -0.31007392],
        [ 0.01541995,  0.        ,  0.04603721, ..., -0.82840248,
         -0.72396011, -0.32469699],
        [-0.03062813, -0.04603721,  0.        , ..., -0.80173718,
         -0.69143412, -0.2808099 ],
        ...,
        [ 0.81966676,  0.82840248,  0.80173718, ...,  0.        ,
         -0.16595252, -0.60164445],
        [ 0.7132367 ,  0.72396011,  0.69143412, ...,  0.16595252,
          0.        , -0.46074499],
        [ 0.31007392,  0.32469699,  0.2808099 , ...,  0.60164445,
          0.46074499,  0.        ]],

       [[ 0.        , -0.0270992 ,  0.01985035, ..., -0.79882765,
         -0.82669233, -0.86207217],
        [ 0.0270992 ,  0.        ,  0.04693692, ..., -0.81483608,
         -0.84163621, -0.87548905],
        [-0.01985035, -0.04693692,  0.        , ..., -0.78672908,
         -0.81536056, -0.85184244],
        ...,
        [ 0.79882765,  0.81483608,  0.78672908, ...,  0.        ,
          0.04784124,  0.1137538 ],
        [ 0.82669233,  0.84163621,  0.81536056, ..., -0.04784124,
          0.        ,  0.06609285],
        [ 0.86207217,  0.87548905,  0.85184244, ..., -0.1137538 ,
         -0.06609285,  0.        ]]]), 'num': array([9.99320404e-01, 3.63768758e-02, 3.30340823e-05, 2.97507858e-08,
       4.05108751e-04, 4.09277966e-04, 4.04413881e-04, 5.84380838e-03,
       0.00000000e+00, 4.03441065e-04, 3.96700833e-04, 4.14431579e-04,
       9.66774556e-07, 4.09300021e-04, 3.84101645e-04])}
{'img': array([[[ 0.        ,  0.353192  ,  0.42496472, ..., -0.87656146,
         -0.86171704, -0.86171704],
        [-0.353192  ,  0.        ,  0.0778632 , ..., -0.99005558,
         -0.9853859 , -0.9853859 ],
        [-0.42496472, -0.0778632 ,  0.        , ..., -0.99800337,
         -0.99565729, -0.99565729],
        ...,
        [ 0.87656146,  0.99005558,  0.99800337, ...,  0.        ,
          0.03002202,  0.03002202],
        [ 0.86171704,  0.9853859 ,  0.99565729, ..., -0.03002202,
          0.        ,  0.        ],
        [ 0.86171704,  0.9853859 ,  0.99565729, ..., -0.03002202,
          0.        ,  0.        ]],

       [[ 0.        , -0.50144423, -0.47596444, ...,  0.16842246,
         -0.16992413,  0.63908595],
        [ 0.50144423,  0.        ,  0.02920276, ...,  0.63999848,
          0.34713515,  0.93860923],
        [ 0.47596444, -0.02920276,  0.        , ...,  0.61728682,
          0.31960031,  0.92813449],
        ...,
        [-0.16842246, -0.63999848, -0.61728682, ...,  0.        ,
         -0.33346987,  0.50041689],
        [ 0.16992413, -0.34713515, -0.31960031, ...,  0.33346987,
          0.        ,  0.76048647],
        [-0.63908595, -0.93860923, -0.92813449, ..., -0.50041689,
         -0.76048647,  0.        ]],

       [[ 0.        ,  0.13937122,  0.22652929, ..., -0.99126931,
         -0.96917949, -0.93123415],
        [-0.13937122,  0.        ,  0.08857024, ..., -0.99997121,
         -0.99405538, -0.97293535],
        [-0.22652929, -0.08857024,  0.        , ..., -0.99536914,
         -0.99979182, -0.98957824],
        ...,
        [ 0.99126931,  0.99997121,  0.99536914, ...,  0.        ,
          0.11641579,  0.23845392],
        [ 0.96917949,  0.99405538,  0.99979182, ..., -0.11641579,
          0.        ,  0.12377493],
        [ 0.93123415,  0.97293535,  0.98957824, ..., -0.23845392,
         -0.12377493,  0.        ]],

       ...,

       [[ 0.        ,  0.35935354,  0.22013586, ...,  0.69786395,
          0.66720387,  0.99989426],
        [-0.35935354,  0.        , -0.14510721, ...,  0.39386778,
          0.35496212,  0.93832863],
        [-0.22013586,  0.14510721,  0.        , ...,  0.52307683,
          0.48686311,  0.97856735],
        ...,
        [-0.69786395, -0.39386778, -0.52307683, ...,  0.        ,
         -0.04194987,  0.72630313],
        [-0.66720387, -0.35496212, -0.48686311, ...,  0.04194987,
          0.        ,  0.75449904],
        [-0.99989426, -0.93832863, -0.97856735, ..., -0.72630313,
         -0.75449904,  0.        ]],

       [[ 0.        ,  0.04432767,  0.10047507, ..., -0.86085926,
         -0.75741115, -0.31321093],
        [-0.04432767,  0.        ,  0.05627295, ..., -0.83745724,
         -0.72772341, -0.27080579],
        [-0.10047507, -0.05627295,  0.        , ..., -0.8053769 ,
         -0.68797431, -0.21620642],
        ...,
        [ 0.86085926,  0.83745724,  0.8053769 , ...,  0.        ,
         -0.17668447, -0.65816868],
        [ 0.75741115,  0.72772341,  0.68797431, ...,  0.17668447,
          0.        , -0.51479354],
        [ 0.31321093,  0.27080579,  0.21620642, ...,  0.65816868,
          0.51479354,  0.        ]],

       [[ 0.        ,  0.04693692,  0.12491588, ..., -0.84163621,
         -0.87548905, -0.9168045 ],
        [-0.04693692,  0.        ,  0.07820893, ..., -0.81536056,
         -0.85184244, -0.89705043],
        [-0.12491588, -0.07820893,  0.        , ..., -0.76758377,
         -0.80826755, -0.85974003],
        ...,
        [ 0.84163621,  0.81536056,  0.76758377, ...,  0.        ,
          0.06609285,  0.15901968],
        [ 0.87548905,  0.85184244,  0.80826755, ..., -0.06609285,
          0.        ,  0.09342014],
        [ 0.9168045 ,  0.89705043,  0.85974003, ..., -0.15901968,
         -0.09342014,  0.        ]]]), 'num': array([9.99582124e-01, 2.78630360e-02, 3.28283476e-05, 2.93172165e-08,
       4.05389690e-04, 4.09498370e-04, 4.01965791e-04, 7.61241035e-03,
       6.16301894e-06, 3.99774495e-04, 3.90975074e-04, 4.08140223e-04,
       1.00083214e-06, 4.03545775e-04, 3.78404373e-04])}
{'img': array([[[ 0.        ,  0.0778632 ,  0.40786224, ..., -0.9853859 ,
         -0.9853859 , -0.90703654],
        [-0.0778632 ,  0.        ,  0.3355315 , ..., -0.99565729,
         -0.99565729, -0.93706727],
        [-0.40786224, -0.3355315 ,  0.        , ..., -0.96917412,
         -0.96917412, -0.99989497],
        ...,
        [ 0.9853859 ,  0.99565729,  0.96917412, ...,  0.        ,
          0.        ,  0.26039694],
        [ 0.9853859 ,  0.99565729,  0.96917412, ...,  0.        ,
          0.        ,  0.26039694],
        [ 0.90703654,  0.93706727,  0.99989497, ..., -0.26039694,
         -0.26039694,  0.        ]],

       [[ 0.        ,  0.02920276,  0.36133007, ...,  0.34713515,
          0.93860923,  0.99035813],
        [-0.02920276,  0.        ,  0.33394621, ...,  0.31960031,
          0.92813449,  0.99398123],
        [-0.36133007, -0.33394621,  0.        , ..., -0.0151788 ,
          0.75054245,  0.97350287],
        ...,
        [-0.34713515, -0.31960031,  0.0151788 , ...,  0.        ,
          0.76048647,  0.97686172],
        [-0.93860923, -0.92813449, -0.75054245, ..., -0.76048647,
          0.        ,  0.47168219],
        [-0.99035813, -0.99398123, -0.97350287, ..., -0.97686172,
         -0.47168219,  0.        ]],

       [[ 0.        ,  0.08857024,  0.33171955, ..., -0.99405538,
         -0.97293535, -0.94114582],
        [-0.08857024,  0.        ,  0.24686065, ..., -0.99979182,
         -0.98957824, -0.96738387],
        [-0.33171955, -0.24686065,  0.        , ..., -0.97388619,
         -0.99449877, -0.99997778],
        ...,
        [ 0.99405538,  0.99979182,  0.97388619, ...,  0.        ,
          0.12377493,  0.23352372],
        [ 0.97293535,  0.98957824,  0.99449877, ..., -0.12377493,
          0.        ,  0.11137531],
        [ 0.94114582,  0.96738387,  0.99997778, ..., -0.23352372,
         -0.11137531,  0.        ]],

       ...,

       [[ 0.        , -0.13208627, -0.07177089, ...,  0.31136927,
          0.70411871,  0.96782061],
        [ 0.13208627,  0.        ,  0.06060359, ...,  0.43416125,
          0.7917415 ,  0.99257912],
        [ 0.07177089, -0.06060359,  0.        , ...,  0.37876938,
          0.75326613,  0.98338525],
        ...,
        [-0.31136927, -0.43416125, -0.37876938, ...,  0.        ,
          0.44801846,  0.84135596],
        [-0.70411871, -0.7917415 , -0.75326613, ..., -0.44801846,
          0.        ,  0.51004703],
        [-0.96782061, -0.99257912, -0.98338525, ..., -0.84135596,
         -0.51004703,  0.        ]],

       [[ 0.        ,  0.05627295,  0.15957688, ..., -0.72772341,
         -0.27080579, -0.4137439 ],
        [-0.05627295,  0.        ,  0.10377218, ..., -0.68797431,
         -0.21620642, -0.36185778],
        [-0.15957688, -0.10377218,  0.        , ..., -0.6089489 ,
         -0.11372142, -0.26316426],
        ...,
        [ 0.72772341,  0.68797431,  0.6089489 , ...,  0.        ,
         -0.51479354, -0.3787397 ],
