state_0,state_1,state_2,state_3,state_4,state_5,state_6,state_7,state_8,state_9,state_10,state_11,state_12,state_13,state_14,state_15,state_16,state_17,state_18,state_19,state_20,state_21,state_22,state_23,state_24,state_25,state_26,state_27,state_28,state_29,state_30,state_31,state_32,state_33,state_34,state_35,state_36,state_37,state_38,state_39,state_40,state_41,state_42,state_43,state_44,state_45,state_46,state_47,state_48,state_49,state_50,state_51,state_52,state_53,state_54,state_55,state_56,state_57,state_58,state_59,state_60,state_61,state_62,state_63,state_64,state_65,state_66,state_67,state_68,state_69,state_70,state_71,state_72,state_73,state_74,state_75,state_76,state_77,state_78,state_79,state_80,state_81,state_82,state_83,state_84,state_85,state_86,state_87,state_88,state_89,state_90,state_91,state_92,state_93,state_94,state_95,state_96,state_97,state_98,state_99,state_100,state_101,state_102,state_103,state_104,state_105,state_106,state_107,state_108,state_109,state_110,state_111,state_112,state_113,state_114,state_115,state_116,state_117,state_118,state_119,state_120,state_121,state_122,state_123,state_124,state_125,state_126,state_127,state_128,state_129,state_130,state_131,state_132,state_133,state_134,state_135,state_136,state_137,state_138,state_139,state_140,state_141,state_142,state_143,state_144,state_145,state_146,state_147,state_148,state_149,state_150,state_151,state_152,state_153,state_154,state_155,state_156,state_157,state_158,state_159,state_160,state_161,state_162,state_163,state_164,state_165,state_166,state_167,state_168,state_169,state_170,state_171,state_172,state_173,state_174,state_175,state_176,state_177,state_178,state_179,state_180,state_181,state_182,state_183,state_184,state_185,state_186,state_187,state_188,state_189,state_190,state_191,state_192,state_193,state_194,state_195,state_196,state_197,state_198,state_199,state_200,state_201,state_202,state_203,state_204,state_205,state_206,state_207,state_208,state_209,state_210,state_211,state_212,state_213,state_214,state_215,state_216,state_217,state_218,state_219,state_220,state_221,state_222,state_223,state_224,state_225,state_226,state_227,state_228,state_229,state_230,state_231,state_232,state_233,state_234,state_235,state_236,state_237,state_238,state_239,state_240,state_241,state_242,state_243,state_244,state_245,state_246,state_247,state_248,state_249,state_250,state_251,state_252,state_253,state_254,state_255,state_256,state_257,state_258,state_259,state_260,state_261,state_262,state_263,state_264,state_265,state_266,state_267,state_268,state_269,state_270,state_271,state_272,state_273,state_274,state_275,state_276,state_277,state_278,state_279,state_280,state_281,state_282,state_283,state_284,state_285,state_286,state_287
{'img': array([[[ 0.        , -0.63279537, -0.79171167, ..., -0.73234492,
         -0.75337814, -0.58194301],
        [ 0.63279537,  0.        , -0.22646595, ..., -0.99796043,
         -0.99947341, -0.96521748],
        [ 0.79171167,  0.22646595,  0.        , ..., -0.98648909,
         -0.98085463, -0.99934938],
        ...,
        [ 0.73234492,  0.99796043,  0.98648909, ...,  0.        ,
          0.03141977, -0.19929986],
        [ 0.75337814,  0.99947341,  0.98085463, ..., -0.03141977,
          0.        , -0.2299909 ],
        [ 0.58194301,  0.96521748,  0.99934938, ...,  0.19929986,
          0.2299909 ,  0.        ]],

       [[ 0.        , -0.84848936, -0.86487593, ..., -0.90095224,
         -0.79330867, -0.85401491],
        [ 0.84848936,  0.        , -0.03177359, ..., -0.84497016,
         -0.9364058 , -0.89338065],
        [ 0.86487593,  0.03177359,  0.        , ..., -0.82755058,
         -0.92478304, -0.87865368],
        ...,
        [ 0.90095224,  0.84497016,  0.82755058, ...,  0.        ,
         -0.2042863 , -0.09814641],
        [ 0.79330867,  0.9364058 ,  0.92478304, ...,  0.2042863 ,
          0.        ,  0.10722338],
        [ 0.85401491,  0.89338065,  0.87865368, ...,  0.09814641,
         -0.10722338,  0.        ]],

       [[ 0.        ,  0.27467032,  0.11057629, ..., -0.92526199,
         -0.91651061, -0.881724  ],
        [-0.27467032,  0.        , -0.16666259, ..., -0.78548467,
         -0.77138922, -0.71823152],
        [-0.11057629,  0.16666259,  0.        , ..., -0.8776432 ,
         -0.86665857, -0.82415086],
        ...,
        [ 0.92526199,  0.78548467,  0.8776432 , ...,  0.        ,
         -0.02245566, -0.1020436 ],
        [ 0.91651061,  0.77138922,  0.86665857, ...,  0.02245566,
          0.        , -0.07967943],
        [ 0.881724  ,  0.71823152,  0.82415086, ...,  0.1020436 ,
          0.07967943,  0.        ]],

       ...,

       [[ 0.        ,  0.12062972,  0.10114763, ...,  0.47678999,
          0.36874331,  0.09964229],
        [-0.12062972,  0.        , -0.01960205, ...,  0.36727267,
          0.2539215 , -0.02111472],
        [-0.10114763,  0.01960205,  0.        , ...,  0.38543423,
          0.2728323 , -0.00151299],
        ...,
        [-0.47678999, -0.36727267, -0.38543423, ...,  0.        ,
         -0.11905948, -0.38682987],
        [-0.36874331, -0.2539215 , -0.2728323 , ...,  0.11905948,
          0.        , -0.27428757],
        [-0.09964229,  0.02111472,  0.00151299, ...,  0.38682987,
          0.27428757,  0.        ]],

       [[ 0.        , -0.13587751, -0.28076782, ..., -0.25079813,
         -0.        , -0.10487529],
        [ 0.13587751,  0.        , -0.14775195, ..., -0.38000692,
         -0.13587751, -0.23903084],
        [ 0.28076782,  0.14775195,  0.        , ..., -0.51250427,
         -0.28076782, -0.37987626],
        ...,
        [ 0.25079813,  0.38000692,  0.51250427, ...,  0.        ,
         -0.25079813, -0.14789165],
        [ 0.        ,  0.13587751,  0.28076782, ...,  0.25079813,
          0.        ,  0.10487529],
        [ 0.10487529,  0.23903084,  0.37987626, ...,  0.14789165,
         -0.10487529,  0.        ]],

       [[ 0.        , -0.12851918, -0.25168425, ..., -0.96167365,
         -0.96376377, -0.94822182],
        [ 0.12851918,  0.        , -0.12521497, ..., -0.98893804,
         -0.99005471, -0.98117707],
        [ 0.25168425,  0.12521497,  0.        , ..., -0.99972777,
         -0.99987822, -0.99763514],
        ...,
        [ 0.96167365,  0.98893804,  0.99972777, ...,  0.        ,
          0.00772741, -0.04543685],
        [ 0.96376377,  0.99005471,  0.99987822, ..., -0.00772741,
          0.        , -0.05315492],
        [ 0.94822182,  0.98117707,  0.99763514, ...,  0.04543685,
          0.05315492,  0.        ]]]), 'num': array([ 7.07105997e-01,  7.07105997e-01,  0.00000000e+00,  0.00000000e+00,
        2.86489701e-04,  2.94725544e-04,  2.85901426e-04,  1.22352868e-03,
       -5.88274540e-06,  2.99784705e-04,  3.05961588e-04,  3.16530921e-04,
        4.55212441e-07,  3.21283401e-04,  2.90639775e-04])}
{'img': array([[[ 0.        , -0.57834897, -0.80906491, ..., -0.78927873,
         -0.61378441, -0.48013797],
        [ 0.57834897,  0.        , -0.32011978, ..., -0.99901184,
         -0.95731016, -0.89901516],
        [ 0.80906491,  0.32011978,  0.        , ..., -0.96066858,
         -0.9994684 , -0.99189241],
        ...,
        [ 0.78927873,  0.99901184,  0.96066858, ...,  0.        ,
         -0.24622962, -0.3975282 ],
        [ 0.61378441,  0.95731016,  0.9994684 , ...,  0.24622962,
          0.        , -0.15935108],
        [ 0.48013797,  0.89901516,  0.99189241, ...,  0.3975282 ,
          0.15935108,  0.        ]],

       [[ 0.        , -0.03177359, -0.05601694, ..., -0.9364058 ,
         -0.89338065, -0.98923846],
        [ 0.03177359,  0.        , -0.02426496, ..., -0.92478304,
         -0.87865368, -0.98409012],
        [ 0.05601694,  0.02426496,  0.        , ..., -0.91527806,
         -0.86680944, -0.97948921],
        ...,
        [ 0.9364058 ,  0.92478304,  0.91527806, ...,  0.        ,
          0.10722338, -0.21013499],
        [ 0.89338065,  0.87865368,  0.86680944, ..., -0.10722338,
          0.        , -0.31375289],
        [ 0.98923846,  0.98409012,  0.97948921, ...,  0.21013499,
          0.31375289,  0.        ]],

       [[ 0.        , -0.16666259, -0.44232842, ..., -0.77138922,
         -0.71823152, -0.6712194 ],
        [ 0.16666259,  0.        , -0.28667014, ..., -0.86665857,
         -0.82415086, -0.78537182],
        [ 0.44232842,  0.28667014,  0.        , ..., -0.97330457,
         -0.95192217, -0.92986504],
        ...,
        [ 0.77138922,  0.86665857,  0.97330457, ...,  0.        ,
         -0.07967943, -0.14465938],
        [ 0.71823152,  0.82415086,  0.95192217, ...,  0.07967943,
          0.        , -0.06535812],
        [ 0.6712194 ,  0.78537182,  0.92986504, ...,  0.14465938,
          0.06535812,  0.        ]],

       ...,

       [[ 0.        , -0.01960205,  0.07504281, ...,  0.2539215 ,
         -0.02111472, -0.17528184],
        [ 0.01960205,  0.        ,  0.09457517, ...,  0.2728323 ,
         -0.00151299, -0.15594959],
        [-0.07504281, -0.09457517,  0.        , ...,  0.18062224,
         -0.09608127, -0.24866862],
        ...,
        [-0.2539215 , -0.2728323 , -0.18062224, ...,  0.        ,
         -0.27428757, -0.41952731],
        [ 0.02111472,  0.00151299,  0.09608127, ...,  0.27428757,
          0.        , -0.15445493],
        [ 0.17528184,  0.15594959,  0.24866862, ...,  0.41952731,
          0.15445493,  0.        ]],

       [[ 0.        , -0.24742956, -0.31817738, ..., -0.        ,
         -0.10511863, -0.07904443],
        [ 0.24742956,  0.        , -0.07371299, ..., -0.24742956,
         -0.34790878, -0.32324199],
        [ 0.31817738,  0.07371299,  0.        , ..., -0.31817738,
         -0.41607031, -0.39211841],
        ...,
        [ 0.        ,  0.24742956,  0.31817738, ...,  0.        ,
          0.10511863,  0.07904443],
        [ 0.10511863,  0.34790878,  0.41607031, ..., -0.10511863,
          0.        , -0.02618322],
        [ 0.07904443,  0.32324199,  0.39211841, ..., -0.07904443,
          0.02618322,  0.        ]],

       [[ 0.        , -0.21775764, -0.39684574, ..., -0.96460361,
         -0.94916879, -0.92660362],
        [ 0.21775764,  0.        , -0.18744604, ..., -0.99887949,
         -0.9949345 , -0.98625328],
        [ 0.39684574,  0.18744604,  0.        , ..., -0.99004536,
         -0.99614226, -0.99974555],
        ...,
        [ 0.96460361,  0.99887949,  0.99004536, ...,  0.        ,
         -0.05332617, -0.11837986],
        [ 0.94916879,  0.9949345 ,  0.99614226, ...,  0.05332617,
          0.        , -0.06526023],
        [ 0.92660362,  0.98625328,  0.99974555, ...,  0.11837986,
          0.06526023,  0.        ]]]), 'num': array([ 9.09414234e-01,  4.15877824e-01,  2.11364629e-05, -1.21557882e-10,
        3.61565135e-04,  3.79372412e-04,  3.55371300e-04,  3.19131170e-03,
       -1.54845882e-05,  3.84327480e-04,  4.00276606e-04,  4.13567544e-04,
        5.38234350e-07,  4.26962262e-04,  3.73590950e-04])}
{'img': array([[[ 0.        , -0.65472341, -0.66540912, ..., -0.69572333,
         -0.58336994, -0.        ],
        [ 0.65472341,  0.        , -0.01422463, ..., -0.99616966,
         -0.97272164, -0.65472341],
        [ 0.66540912,  0.01422463,  0.        , ..., -0.99731269,
         -0.97592299, -0.66540912],
        ...,
        [ 0.69572333,  0.99616966,  0.99731269, ...,  0.        ,
         -0.14603068, -0.69572333],
        [ 0.58336994,  0.97272164,  0.97592299, ...,  0.14603068,
          0.        , -0.58336994],
        [ 0.        ,  0.65472341,  0.66540912, ...,  0.69572333,
          0.58336994,  0.        ]],

       [[ 0.        , -0.02426496, -0.41340086, ..., -0.87865368,
         -0.98409012, -0.85660872],
        [ 0.02426496,  0.        , -0.39118471, ..., -0.86680944,
         -0.97948921, -0.8438366 ],
        [ 0.41340086,  0.39118471,  0.        , ..., -0.60267513,
         -0.82261347, -0.5666833 ],
        ...,
        [ 0.87865368,  0.86680944,  0.60267513, ...,  0.        ,
         -0.31375289,  0.04435984],
        [ 0.98409012,  0.97948921,  0.82261347, ...,  0.31375289,
          0.        ,  0.35556391],
        [ 0.85660872,  0.8438366 ,  0.5666833 , ..., -0.04435984,
         -0.35556391,  0.        ]],

       [[ 0.        , -0.41414424, -0.61019207, ..., -0.72030068,
         -0.67322618, -0.51758168],
        [ 0.41414424,  0.        , -0.22729647, ..., -0.9429019 ,
         -0.91901147, -0.82546448],
        [ 0.61019207,  0.22729647,  0.        , ..., -0.99392778,
         -0.98456417, -0.93215687],
        ...,
        [ 0.72030068,  0.9429019 ,  0.99392778, ...,  0.        ,
         -0.0656253 , -0.25728688],
        [ 0.67322618,  0.91901147,  0.98456417, ...,  0.0656253 ,
          0.        , -0.19331623],
        [ 0.51758168,  0.82546448,  0.93215687, ...,  0.25728688,
          0.19331623,  0.        ]],

       ...,

       [[ 0.        ,  0.09457517,  0.1821232 , ..., -0.00151299,
         -0.15594959, -0.30800152],
        [-0.09457517,  0.        ,  0.0883134 , ..., -0.09608127,
         -0.24866862, -0.39659845],
        [-0.1821232 , -0.0883134 ,  0.        , ..., -0.18361067,
         -0.33323637, -0.47611985],
        ...,
        [ 0.00151299,  0.09608127,  0.18361067, ...,  0.        ,
         -0.15445493, -0.30656173],
        [ 0.15594959,  0.24866862,  0.33323637, ...,  0.15445493,
          0.        , -0.15586489],
        [ 0.30800152,  0.39659845,  0.47611985, ...,  0.30656173,
          0.15586489,  0.        ]],

       [[ 0.        , -0.07411347, -0.05915691, ..., -0.34629397,
         -0.32160939, -0.52555436],
        [ 0.07411347,  0.        ,  0.01498946, ..., -0.41486938,
         -0.39090091, -0.58716177],
        [ 0.05915691, -0.01498946,  0.        , ..., -0.40118415,
         -0.3770602 , -0.5749623 ],
        ...,
        [ 0.34629397,  0.41486938,  0.40118415, ...,  0.        ,
         -0.02618607,  0.19842317],
        [ 0.32160939,  0.39090091,  0.3770602 , ...,  0.02618607,
          0.        ,  0.22402053],
        [ 0.52555436,  0.58716177,  0.5749623 , ..., -0.19842317,
         -0.22402053,  0.        ]],

       [[ 0.        , -0.33791495, -0.41233186, ..., -0.95188808,
         -0.92964282, -0.86698286],
        [ 0.33791495,  0.        , -0.0802252 , ..., -0.99944748,
         -0.99946693, -0.98437987],
        [ 0.41233186,  0.0802252 ,  0.        , ..., -0.99355954,
         -0.99886457, -0.99533124],
        ...,
        [ 0.95188808,  0.99944748,  0.99355954, ...,  0.        ,
         -0.06584933, -0.20867862],
        [ 0.92964282,  0.99946693,  0.99886457, ...,  0.06584933,
          0.        , -0.14382609],
        [ 0.86698286,  0.98437987,  0.99533124, ...,  0.20867862,
          0.14382609,  0.        ]]]), 'num': array([ 9.01540209e-01,  4.32691203e-01,  1.96995381e-05, -3.47092519e-08,
        3.61766208e-04,  3.68606326e-04,  3.52646052e-04,  1.55678032e-03,
        6.84011738e-06,  3.71494375e-04,  3.90532702e-04,  4.03389589e-04,
        4.95478116e-07,  4.18844692e-04,  3.62220711e-04])}
{'img': array([[[ 0.        , -0.14586291, -0.92511823, ..., -0.6181041 ,
         -0.        , -0.42807478],
        [ 0.14586291,  0.        , -0.85984282, ..., -0.72615564,
         -0.14586291, -0.55531907],
        [ 0.92511823,  0.85984282,  0.        , ..., -0.96191322,
         -0.92511823, -0.99860049],
        ...,
        [ 0.6181041 ,  0.72615564,  0.96191322, ...,  0.        ,
         -0.6181041 , -0.22209946],
        [ 0.        ,  0.14586291,  0.92511823, ...,  0.6181041 ,
          0.        ,  0.42807478],
        [ 0.42807478,  0.55531907,  0.99860049, ...,  0.22209946,
         -0.42807478,  0.        ]],

       [[ 0.        , -0.39118471,  0.16106431, ..., -0.97948921,
         -0.8438366 , -0.98191469],
        [ 0.39118471,  0.        ,  0.53430681, ..., -0.82261347,
         -0.5666833 , -0.82960743],
        [-0.16106431, -0.53430681,  0.        , ..., -0.99915483,
         -0.91924654, -0.99958805],
        ...,
        [ 0.97948921,  0.82261347,  0.99915483, ...,  0.        ,
          0.35556391, -0.01241174],
        [ 0.8438366 ,  0.5666833 ,  0.91924654, ..., -0.35556391,
          0.        , -0.36713718],
        [ 0.98191469,  0.82960743,  0.99958805, ...,  0.01241174,
          0.36713718,  0.        ]],

       [[ 0.        , -0.48140605, -0.77700608, ..., -0.68643736,
         -0.52863711, -0.3945045 ],
        [ 0.48140605,  0.        , -0.37800226, ..., -0.95173392,
         -0.87198974, -0.78814342],
        [ 0.77700608,  0.37800226,  0.        , ..., -0.9971378 ,
         -0.99233341, -0.96232409],
        ...,
        [ 0.68643736,  0.95173392,  0.9971378 , ...,  0.        ,
         -0.19826186, -0.34388387],
        [ 0.52863711,  0.87198974,  0.99233341, ...,  0.19826186,
          0.        , -0.15088715],
        [ 0.3945045 ,  0.78814342,  0.96232409, ...,  0.34388387,
          0.15088715,  0.        ]],

       ...,

       [[ 0.        ,  0.0883134 , -0.32644594, ..., -0.24866862,
         -0.39659845, -0.47542925],
        [-0.0883134 ,  0.        , -0.40864566, ..., -0.33323637,
         -0.47611985, -0.55126569],
        [ 0.32644594,  0.40864566,  0.        , ...,  0.08114629,
         -0.07519633, -0.16219117],
        ...,
        [ 0.24866862,  0.33323637, -0.08114629, ...,  0.        ,
         -0.15586489, -0.24172815],
        [ 0.39659845,  0.47611985,  0.07519633, ...,  0.15586489,
          0.        , -0.08753128],
        [ 0.47542925,  0.55126569,  0.16219117, ...,  0.24172815,
          0.08753128,  0.        ]],

       [[ 0.        ,  0.01498946,  0.31691458, ..., -0.39090091,
         -0.58716177, -0.57903927],
        [-0.01498946,  0.        ,  0.30266217, ..., -0.3770602 ,
         -0.5749623 , -0.56675331],
        [-0.31691458, -0.30266217,  0.        , ..., -0.079053  ,
         -0.30036326, -0.2908118 ],
        ...,
        [ 0.39090091,  0.3770602 ,  0.079053  , ...,  0.        ,
          0.22402053,  0.21426534],
        [ 0.58716177,  0.5749623 ,  0.30036326, ..., -0.22402053,
          0.        , -0.0099981 ],
        [ 0.57903927,  0.56675331,  0.2908118 , ..., -0.21426534,
          0.0099981 ,  0.        ]],

       [[ 0.        , -0.24728162, -0.60234223, ..., -0.9370018 ,
         -0.87554525, -0.83380577],
        [ 0.24728162,  0.        , -0.38624611, ..., -0.99428348,
         -0.9678247 , -0.94442458],
        [ 0.60234223,  0.38624611,  0.        , ..., -0.95836331,
         -0.98990674, -0.99810321],
        ...,
        [ 0.9370018 ,  0.99428348,  0.95836331, ...,  0.        ,
         -0.14685   , -0.22601046],
        [ 0.87554525,  0.9678247 ,  0.98990674, ...,  0.14685   ,
          0.        , -0.08050999],
        [ 0.83380577,  0.94442458,  0.99810321, ...,  0.22601046,
          0.08050999,  0.        ]]]), 'num': array([ 8.26426645e-01,  5.63042412e-01,  1.12317370e-05, -1.88390868e-08,
        3.28409269e-04,  3.36812064e-04,  3.24908104e-04,  1.13079224e-03,
       -4.90163088e-06,  3.35551645e-04,  3.58449264e-04,  3.69501274e-04,
        4.59041622e-07,  3.87892041e-04,  3.29006486e-04])}
{'img': array([[[ 0.        , -0.92203909, -0.76404641, ..., -0.        ,
         -0.42916564, -0.20627232],
        [ 0.92203909,  0.        ,  0.29910403, ..., -0.92203909,
         -0.99893814, -0.98205765],
        [ 0.76404641, -0.29910403,  0.        , ..., -0.76404641,
         -0.96698749, -0.88069422],
        ...,
        [ 0.        ,  0.92203909,  0.76404641, ...,  0.        ,
          0.42916564,  0.20627232],
        [ 0.42916564,  0.99893814,  0.96698749, ..., -0.42916564,
          0.        , -0.23362578],
        [ 0.20627232,  0.98205765,  0.88069422, ..., -0.20627232,
          0.23362578,  0.        ]],

       [[ 0.        ,  0.52986761,  0.05651258, ..., -0.55363574,
         -0.78851489, -0.90583111],
        [-0.52986761,  0.        , -0.48109362, ..., -0.9107796 ,
         -0.99460088, -0.99269017],
        [-0.05651258,  0.48109362,  0.        , ..., -0.59981232,
         -0.82201087, -0.92832442],
        ...,
        [ 0.55363574,  0.9107796 ,  0.59981232, ...,  0.        ,
         -0.31614818, -0.51979728],
        [ 0.78851489,  0.99460088,  0.82201087, ...,  0.31614818,
          0.        , -0.22305467],
        [ 0.90583111,  0.99269017,  0.92832442, ...,  0.51979728,
          0.22305467,  0.        ]],

       [[ 0.        , -0.67505317, -0.81514543, ..., -0.55522147,
         -0.42313524, -0.        ],
        [ 0.67505317,  0.        , -0.21036025, ..., -0.97106867,
         -0.92381919, -0.67505317],
        [ 0.81514543,  0.21036025,  0.        , ..., -0.99957409,
         -0.98367977, -0.81514543],
        ...,
        [ 0.55522147,  0.97106867,  0.99957409, ...,  0.        ,
         -0.15114494, -0.55522147],
        [ 0.42313524,  0.92381919,  0.98367977, ...,  0.15114494,
          0.        , -0.42313524],
        [ 0.        ,  0.67505317,  0.81514543, ...,  0.55522147,
          0.42313524,  0.        ]],

       ...,

       [[ 0.        , -0.40864566,  0.12324464, ..., -0.47611985,
         -0.55126569, -0.54507145],
        [ 0.40864566,  0.        ,  0.51801481, ..., -0.07519633,
         -0.16219117, -0.15487869],
        [-0.12324464, -0.51801481,  0.        , ..., -0.58086899,
         -0.64988969, -0.64424303],
        ...,
        [ 0.47611985,  0.07519633,  0.58086899, ...,  0.        ,
         -0.08753128, -0.08015122],
        [ 0.55126569,  0.16219117,  0.64988969, ...,  0.08753128,
          0.        ,  0.00740609],
        [ 0.54507145,  0.15487869,  0.64424303, ...,  0.08015122,
         -0.00740609,  0.        ]],

       [[ 0.        ,  0.30266217, -0.33158387, ..., -0.5749623 ,
         -0.56675331, -0.62370923],
        [-0.30266217,  0.        , -0.60157117, ..., -0.30036326,
         -0.2908118 , -0.35787812],
        [ 0.33158387,  0.60157117,  0.        , ..., -0.81372949,
         -0.80787749, -0.84760801],
        ...,
        [ 0.5749623 ,  0.30036326,  0.81372949, ...,  0.        ,
         -0.0099981 ,  0.06088337],
        [ 0.56675331,  0.2908118 ,  0.80787749, ...,  0.0099981 ,
          0.        ,  0.07085988],
        [ 0.62370923,  0.35787812,  0.84760801, ..., -0.06088337,
         -0.07085988,  0.        ]],

       [[ 0.        , -0.56278731, -0.47394701, ..., -0.87999466,
         -0.83844094, -0.78097443],
        [ 0.56278731,  0.        ,  0.10379883, ..., -0.99471985,
         -0.99977159, -0.99705096],
        [ 0.47394701, -0.10379883,  0.        , ..., -0.99999931,
         -0.99658954, -0.98369943],
        ...,
        [ 0.87999466,  0.99471985,  0.99999931, ...,  0.        ,
         -0.08134479, -0.17866207],
        [ 0.83844094,  0.99977159,  0.99658954, ...,  0.08134479,
          0.        , -0.098034  ],
        [ 0.78097443,  0.99705096,  0.98369943, ...,  0.17866207,
          0.098034  ,  0.        ]]]), 'num': array([ 8.75177083e-01,  4.83800817e-01,  1.68696666e-05, -2.70344335e-08,
        3.45738750e-04,  3.56170523e-04,  3.45738750e-04,  8.75374750e-04,
       -3.72563309e-06,  3.52146839e-04,  3.79381217e-04,  3.90843748e-04,
        5.02428233e-07,  4.14223436e-04,  3.44538998e-04])}
{'img': array([[[ 0.        ,  0.72160242,  0.15350474, ..., -0.97954424,
         -0.91922689, -0.72160242],
        [-0.72160242,  0.        , -0.60677741, ..., -0.53293871,
         -0.35227261, -0.        ],
        [-0.15350474,  0.60677741,  0.        , ..., -0.93704499,
         -0.84789298, -0.60677741],
        ...,
        [ 0.97954424,  0.53293871,  0.93704499, ...,  0.        ,
         -0.20069915, -0.53293871],
        [ 0.91922689,  0.35227261,  0.84789298, ...,  0.20069915,
          0.        , -0.35227261],
        [ 0.72160242,  0.        ,  0.60677741, ...,  0.53293871,
          0.35227261,  0.        ]],

       [[ 0.        , -0.47459478, -0.12249303, ..., -0.9827888 ,
         -0.9956749 , -0.99127713],
        [ 0.47459478,  0.        ,  0.36320188, ..., -0.77738183,
         -0.8323048 , -0.93507524],
        [ 0.12249303, -0.36320188,  0.        , ..., -0.95275931,
         -0.97679652, -0.99995604],
        ...,
        [ 0.9827888 ,  0.77738183,  0.95275931, ...,  0.        ,
         -0.09262691, -0.312647  ],
        [ 0.9956749 ,  0.8323048 ,  0.97679652, ...,  0.09262691,
          0.        , -0.22331942],
        [ 0.99127713,  0.93507524,  0.99995604, ...,  0.312647  ,
          0.22331942,  0.        ]],

       [[ 0.        , -0.56643818, -0.7520849 , ..., -0.56643818,
         -0.37173531, -0.        ],
        [ 0.56643818,  0.        , -0.24647608, ..., -0.9336082 ,
         -0.83219516, -0.56643818],
        [ 0.7520849 ,  0.24647608,  0.        , ..., -0.99311663,
         -0.94318776, -0.7520849 ],
        ...,
        [ 0.56643818,  0.9336082 ,  0.99311663, ...,  0.        ,
         -0.21949787, -0.56643818],
        [ 0.37173531,  0.83219516,  0.94318776, ...,  0.21949787,
          0.        , -0.37173531],
        [ 0.        ,  0.56643818,  0.7520849 , ...,  0.56643818,
          0.37173531,  0.        ]],

       ...,

       [[ 0.        ,  0.51801481,  0.26852674, ..., -0.16219117,
         -0.15487869, -0.11714493],
        [-0.51801481,  0.        , -0.26929913, ..., -0.64988969,
         -0.64424303, -0.61465064],
        [-0.26852674,  0.26929913,  0.        , ..., -0.42120552,
         -0.4144769 , -0.37952034],
        ...,
        [ 0.16219117,  0.64988969,  0.42120552, ...,  0.        ,
          0.00740609,  0.0454806 ],
        [ 0.15487869,  0.64424303,  0.4144769 , ..., -0.00740609,
          0.        ,  0.03808093],
        [ 0.11714493,  0.61465064,  0.37952034, ..., -0.0454806 ,
         -0.03808093,  0.        ]],

       [[ 0.        , -0.60157117, -0.68932102, ..., -0.2908118 ,
         -0.35787812, -0.39683241],
        [ 0.60157117,  0.        , -0.11483102, ..., -0.80787749,
         -0.84760801, -0.86917416],
        [ 0.68932102,  0.11483102,  0.        , ..., -0.87020912,
         -0.90293309, -0.92020925],
        ...,
        [ 0.2908118 ,  0.80787749,  0.87020912, ...,  0.        ,
          0.07085988,  0.11274786],
        [ 0.35787812,  0.84760801,  0.90293309, ..., -0.07085988,
          0.        ,  0.04205639],
        [ 0.39683241,  0.86917416,  0.92020925, ..., -0.11274786,
         -0.04205639,  0.        ]],

       [[ 0.        ,  0.33386317, -0.06639084, ..., -0.97969075,
         -0.95414736, -0.91016507],
        [-0.33386317,  0.        , -0.39570801, ..., -0.85653323,
         -0.79946215, -0.71963981],
        [ 0.06639084,  0.39570801,  0.        , ..., -0.99084158,
         -0.97191547, -0.93565909],
        ...,
        [ 0.97969075,  0.85653323,  0.99084158, ...,  0.        ,
         -0.10193769, -0.22333151],
        [ 0.95414736,  0.79946215,  0.97191547, ...,  0.10193769,
          0.        , -0.12280513],
        [ 0.91016507,  0.71963981,  0.93565909, ...,  0.22333151,
          0.12280513,  0.        ]]]), 'num': array([ 8.02290819e-01,  5.96928298e-01,  9.20908168e-06, -3.19547900e-08,
        3.07889837e-04,  3.22386892e-04,  3.05818829e-04,  2.27057019e-03,
       -1.24260472e-05,  3.20592019e-04,  3.48895793e-04,  3.60378381e-04,
        4.17077975e-07,  3.86069984e-04,  3.11721602e-04])}
{'img': array([[[ 0.        , -0.57792207, -0.62376844, ..., -0.6773812 ,
         -0.60908696, -0.        ],
        [ 0.57792207,  0.        , -0.0573432 , ..., -0.97794342,
         -0.95542295, -0.57792207],
        [ 0.62376844,  0.0573432 ,  0.        , ..., -0.98831151,
         -0.97078087, -0.62376844],
        ...,
        [ 0.6773812 ,  0.97794342,  0.98831151, ...,  0.        ,
         -0.0891694 , -0.6773812 ],
        [ 0.60908696,  0.95542295,  0.97078087, ...,  0.0891694 ,
          0.        , -0.60908696],
        [ 0.        ,  0.57792207,  0.62376844, ...,  0.6773812 ,
          0.60908696,  0.        ]],

       [[ 0.        ,  0.36320188, -0.32017974, ..., -0.8323048 ,
         -0.93507524, -0.65239594],
        [-0.36320188,  0.        , -0.64239659, ..., -0.97679652,
         -0.99995604, -0.88310696],
        [ 0.32017974,  0.64239659,  0.        , ..., -0.61100815,
         -0.77236242, -0.37539446],
        ...,
        [ 0.8323048 ,  0.97679652,  0.61100815, ...,  0.        ,
         -0.22331942,  0.26915077],
        [ 0.93507524,  0.99995604,  0.77236242, ...,  0.22331942,
          0.        ,  0.47743196],
        [ 0.65239594,  0.88310696,  0.37539446, ..., -0.26915077,
         -0.47743196,  0.        ]],

       [[ 0.        , -0.56151172, -0.70706259, ..., -0.55476201,
         -0.42129437, -0.        ],
        [ 0.56151172,  0.        , -0.18799867, ..., -0.9262311 ,
         -0.85785637, -0.56151172],
        [ 0.70706259,  0.18799867,  0.        , ..., -0.98058299,
         -0.93917072, -0.70706259],
        ...,
        [ 0.55476201,  0.9262311 ,  0.98058299, ...,  0.        ,
         -0.15260621, -0.55476201],
        [ 0.42129437,  0.85785637,  0.93917072, ...,  0.15260621,
          0.        , -0.42129437],
        [ 0.        ,  0.56151172,  0.70706259, ...,  0.55476201,
          0.42129437,  0.        ]],

       ...,

       [[ 0.        , -0.26929913, -0.29008624, ..., -0.64424303,
         -0.61465064, -0.72197564],
        [ 0.26929913,  0.        , -0.02165006, ..., -0.4144769 ,
         -0.37952034, -0.50897036],
        [ 0.29008624,  0.02165006,  0.        , ..., -0.3946769 ,
         -0.35940111, -0.49021503],
        ...,
        [ 0.64424303,  0.4144769 ,  0.3946769 , ...,  0.        ,
          0.03808093, -0.10641837],
        [ 0.61465064,  0.37952034,  0.35940111, ..., -0.03808093,
          0.        , -0.14420587],
        [ 0.72197564,  0.50897036,  0.49021503, ...,  0.10641837,
          0.14420587,  0.        ]],

       [[ 0.        , -0.39815075, -0.53084573, ..., -0.37663702,
         -0.41743239, -0.47741384],
        [ 0.39815075,  0.        , -0.1495352 , ..., -0.71432796,
         -0.74472184, -0.78778779],
        [ 0.53084573,  0.1495352 ,  0.        , ..., -0.81094274,
         -0.83614455, -0.87103595],
        ...,
        [ 0.37663702,  0.71432796,  0.81094274, ...,  0.        ,
          0.04443999,  0.11131465],
        [ 0.41743239,  0.74472184,  0.83614455, ..., -0.04443999,
          0.        ,  0.06704087],
        [ 0.47741384,  0.78778779,  0.87103595, ..., -0.11131465,
         -0.06704087,  0.        ]],

       [[ 0.        , -0.39570801, -0.54999906, ..., -0.79946215,
         -0.71963981, -0.55726094],
        [ 0.39570801,  0.        , -0.17462455, ..., -0.97191547,
         -0.93565909, -0.84034645],
        [ 0.54999906,  0.17462455,  0.        , ..., -0.99807652,
         -0.98290869, -0.92208979],
        ...,
        [ 0.79946215,  0.97191547,  0.99807652, ...,  0.        ,
         -0.12280513, -0.32906753],
        [ 0.71963981,  0.93565909,  0.98290869, ...,  0.12280513,
          0.        , -0.21061109],
        [ 0.55726094,  0.84034645,  0.92208979, ...,  0.32906753,
          0.21061109,  0.        ]]]), 'num': array([ 8.36481588e-01,  5.47992398e-01,  1.29658063e-05, -4.77501713e-08,
        3.20543544e-04,  3.20543544e-04,  3.12619996e-04,  1.39180727e-03,
       -7.20322572e-07,  3.31348383e-04,  3.61169737e-04,  3.73931452e-04,
        4.74758059e-07,  4.03714894e-04,  3.18624581e-04])}
{'img': array([[[ 0.        , -0.27211708, -0.79235299, ..., -0.6487445 ,
         -0.15811076, -0.        ],
        [ 0.27211708,  0.        , -0.59644435, ..., -0.83134638,
         -0.42083853, -0.27211708],
        [ 0.79235299,  0.59644435,  0.        , ..., -0.99876056,
         -0.87884379, -0.79235299],
        ...,
        [ 0.6487445 ,  0.83134638,  0.99876056, ...,  0.        ,
         -0.52026091, -0.6487445 ],
        [ 0.15811076,  0.42083853,  0.87884379, ...,  0.52026091,
          0.        , -0.15811076],
        [ 0.        ,  0.27211708,  0.79235299, ...,  0.6487445 ,
          0.15811076,  0.        ]],

       [[ 0.        , -0.64239659, -0.37894897, ..., -0.99995604,
         -0.88310696, -0.95922783],
        [ 0.64239659,  0.        ,  0.30406906, ..., -0.77236242,
         -0.37539446, -0.55356261],
        [ 0.37894897, -0.30406906,  0.        , ..., -0.92893027,
         -0.63945055, -0.78058243],
        ...,
        [ 0.99995604,  0.77236242,  0.92893027, ...,  0.        ,
          0.47743196,  0.2916162 ],
        [ 0.88310696,  0.37539446,  0.63945055, ..., -0.47743196,
          0.        , -0.20044654],
        [ 0.95922783,  0.55356261,  0.78058243, ..., -0.2916162 ,
          0.20044654,  0.        ]],

       [[ 0.        , -0.48981593, -0.73473384, ..., -0.53056847,
         -0.32183537, -0.        ],
        [ 0.48981593,  0.        , -0.30829064, ..., -0.87775191,
         -0.74433999, -0.48981593],
        [ 0.73473384,  0.30829064,  0.        , ..., -0.98270536,
         -0.91396159, -0.73473384],
        ...,
        [ 0.53056847,  0.87775191,  0.98270536, ...,  0.        ,
         -0.22953872, -0.53056847],
        [ 0.32183537,  0.74433999,  0.91396159, ...,  0.22953872,
          0.        , -0.32183537],
        [ 0.        ,  0.48981593,  0.73473384, ...,  0.53056847,
          0.32183537,  0.        ]],

       ...,

       [[ 0.        , -0.02165006, -0.6960534 , ..., -0.37952034,
         -0.50897036, -0.40789924],
        [ 0.02165006,  0.        , -0.68034572, ..., -0.35940111,
         -0.49021503, -0.38803655],
        [ 0.6960534 ,  0.68034572,  0.        , ...,  0.37148523,
          0.23371603,  0.34264793],
        ...,
        [ 0.37952034,  0.35940111, -0.37148523, ...,  0.        ,
         -0.14420587, -0.03086931],
        [ 0.50897036,  0.49021503, -0.23371603, ...,  0.14420587,
          0.        ,  0.11359049],
        [ 0.40789924,  0.38803655, -0.34264793, ...,  0.03086931,
         -0.11359049,  0.        ]],

       [[ 0.        , -0.16683418, -0.12315131, ..., -0.70666837,
         -0.75277344, -0.76742629],
        [ 0.16683418,  0.        ,  0.04413888, ..., -0.81480707,
         -0.85204684, -0.86363438],
        [ 0.12315131, -0.04413888,  0.        , ..., -0.78842423,
         -0.82811126, -0.84054145],
        ...,
        [ 0.70666837,  0.81480707,  0.78842423, ...,  0.        ,
          0.06743558,  0.0899172 ],
        [ 0.75277344,  0.85204684,  0.82811126, ..., -0.06743558,
          0.        ,  0.02255011],
        [ 0.76742629,  0.86363438,  0.84054145, ..., -0.0899172 ,
         -0.02255011,  0.        ]],

       [[ 0.        , -0.40740317, -0.69181597, ..., -0.73196467,
         -0.56786953, -0.33096189],
        [ 0.40740317,  0.        , -0.33762465, ..., -0.9460467 ,
         -0.85394707, -0.68669402],
        [ 0.69181597,  0.33762465,  0.        , ..., -0.99989624,
         -0.97949032, -0.891807  ],
        ...,
        [ 0.73196467,  0.9460467 ,  0.99989624, ...,  0.        ,
         -0.21558003, -0.46521573],
        [ 0.56786953,  0.85394707,  0.97949032, ...,  0.21558003,
          0.        , -0.26344587],
        [ 0.33096189,  0.68669402,  0.891807  , ...,  0.46521573,
          0.26344587,  0.        ]]]), 'num': array([ 7.99294265e-01,  6.00937745e-01,  8.79629798e-06, -4.67276658e-08,
        3.09448548e-04,  3.14937658e-04,  3.03959439e-04,  1.28067786e-03,
        4.11683213e-06,  3.12193103e-04,  3.41525532e-04,  3.54436375e-04,
        3.60222811e-07,  3.84050357e-04,  2.99000706e-04])}
{'img': array([[[ 0.        , -0.76751946, -0.79807049, ..., -0.1596141 ,
         -0.        , -0.38461538],
        [ 0.76751946,  0.        , -0.04910397, ..., -0.8599962 ,
         -0.76751946, -0.95502783],
        [ 0.79807049,  0.04910397,  0.        , ..., -0.88401654,
         -0.79807049, -0.96843587],
        ...,
        [ 0.1596141 ,  0.8599962 ,  0.88401654, ...,  0.        ,
         -0.1596141 ,  0.23234833],
        [ 0.        ,  0.76751946,  0.79807049, ...,  0.1596141 ,
          0.        ,  0.38461538],
        [ 0.38461538,  0.95502783,  0.96843587, ..., -0.23234833,
         -0.38461538,  0.        ]],

       [[ 0.        ,  0.30406906,  0.06489012, ..., -0.37539446,
         -0.55356261, -0.56452017],
        [-0.30406906,  0.        , -0.24161064, ..., -0.63945055,
         -0.78058243, -0.7887746 ],
        [-0.06489012,  0.24161064,  0.        , ..., -0.43474768,
         -0.60643692, -0.61689195],
        ...,
        [ 0.37539446,  0.63945055,  0.43474768, ...,  0.        ,
         -0.20044654, -0.21337624],
        [ 0.55356261,  0.78058243,  0.60643692, ...,  0.20044654,
          0.        , -0.01321542],
        [ 0.56452017,  0.7887746 ,  0.61689195, ...,  0.21337624,
          0.01321542,  0.        ]],

       [[ 0.        , -0.60033361, -0.67842644, ..., -0.47058824,
         -0.34819594, -0.        ],
        [ 0.60033361,  0.        , -0.10152524, ..., -0.90605892,
         -0.84123539, -0.60033361],
        [ 0.67842644,  0.10152524,  0.        , ..., -0.94433784,
         -0.89178025, -0.67842644],
        ...,
        [ 0.47058824,  0.90605892,  0.94433784, ...,  0.        ,
         -0.13390795, -0.47058824],
        [ 0.34819594,  0.84123539,  0.89178025, ...,  0.13390795,
          0.        , -0.34819594],
        [ 0.        ,  0.60033361,  0.67842644, ...,  0.47058824,
          0.34819594,  0.        ]],

       ...,

       [[ 0.        , -0.68034572, -0.53601942, ..., -0.49021503,
         -0.38803655, -0.63340133],
        [ 0.68034572,  0.        ,  0.18150772, ...,  0.23371603,
          0.34264793,  0.06225314],
        [ 0.53601942, -0.18150772,  0.        , ...,  0.05335305,
          0.16643643, -0.11993658],
        ...,
        [ 0.49021503, -0.23371603, -0.05335305, ...,  0.        ,
          0.11359049, -0.17273367],
        [ 0.38803655, -0.34264793, -0.16643643, ..., -0.11359049,
          0.        , -0.28349875],
        [ 0.63340133, -0.06225314,  0.11993658, ...,  0.17273367,
          0.28349875,  0.        ]],

       [[ 0.        ,  0.04413888,  0.09966504, ..., -0.85204684,
         -0.86363438, -0.85671113],
        [-0.04413888,  0.        ,  0.05564878, ..., -0.82811126,
         -0.84054145, -0.8331095 ],
        [-0.09966504, -0.05564878,  0.        , ..., -0.79563333,
         -0.80909138, -0.80103872],
        ...,
        [ 0.85204684,  0.82811126,  0.79563333, ...,  0.        ,
          0.02255011,  0.00897596],
        [ 0.86363438,  0.84054145,  0.80909138, ..., -0.02255011,
          0.        , -0.01357552],
        [ 0.85671113,  0.8331095 ,  0.80103872, ..., -0.00897596,
          0.01357552,  0.        ]],

       [[ 0.        , -0.59572251, -0.78078649, ..., -0.61625224,
         -0.41101841, -0.        ],
        [ 0.59572251,  0.        , -0.25491395, ..., -0.96412841,
         -0.87320276, -0.59572251],
        [ 0.78078649,  0.25491395,  0.        , ..., -0.99994062,
         -0.96858953, -0.78078649],
        ...,
        [ 0.61625224,  0.96412841,  0.99994062, ...,  0.        ,
         -0.23809514, -0.61625224],
        [ 0.41101841,  0.87320276,  0.96858953, ...,  0.23809514,
          0.        , -0.41101841],
        [ 0.        ,  0.59572251,  0.78078649, ...,  0.61625224,
          0.41101841,  0.        ]]]), 'num': array([ 7.43073085e-01,  6.69207891e-01,  3.36515694e-06, -3.97733094e-08,
        2.80856254e-04,  2.87893654e-04,  2.75738144e-04,  1.56808636e-03,
       -7.67716411e-06,  2.87253890e-04,  3.15243551e-04,  3.28753228e-04,
        2.89416901e-07,  3.56164178e-04,  2.74322924e-04])}
{'img': array([[[ 0.        , -0.29588399, -0.72706639, ..., -0.41362407,
         -0.5710784 , -0.        ],
        [ 0.29588399,  0.        , -0.49136694, ..., -0.66449051,
         -0.78839757, -0.29588399],
        [ 0.72706639,  0.49136694,  0.        , ..., -0.94593667,
         -0.98892922, -0.72706639],
        ...,
        [ 0.41362407,  0.66449051,  0.94593667, ...,  0.        ,
          0.1803949 , -0.41362407],
        [ 0.5710784 ,  0.78839757,  0.98892922, ..., -0.1803949 ,
          0.        , -0.5710784 ],
