state_0,state_1,state_2,state_3,state_4,state_5,state_6,state_7,state_8,state_9,state_10,state_11,state_12,state_13,state_14,state_15,state_16,state_17,state_18,state_19,state_20,state_21,state_22,state_23,state_24,state_25,state_26,state_27,state_28,state_29,state_30,state_31,state_32,state_33,state_34,state_35,state_36,state_37,state_38,state_39,state_40,state_41,state_42,state_43,state_44,state_45,state_46,state_47,state_48,state_49,state_50,state_51,state_52,state_53,state_54,state_55,state_56,state_57,state_58,state_59,state_60,state_61,state_62,state_63,state_64,state_65,state_66,state_67,state_68,state_69,state_70,state_71,state_72,state_73,state_74,state_75,state_76,state_77,state_78,state_79,state_80,state_81,state_82,state_83,state_84,state_85,state_86,state_87,state_88,state_89,state_90,state_91,state_92,state_93,state_94,state_95,state_96,state_97,state_98,state_99,state_100,state_101,state_102,state_103,state_104,state_105,state_106,state_107,state_108,state_109,state_110,state_111,state_112,state_113,state_114,state_115,state_116,state_117,state_118,state_119,state_120,state_121,state_122,state_123,state_124,state_125,state_126,state_127,state_128,state_129,state_130,state_131,state_132,state_133,state_134,state_135,state_136,state_137,state_138,state_139,state_140,state_141,state_142,state_143,state_144,state_145,state_146,state_147,state_148,state_149,state_150,state_151,state_152,state_153,state_154,state_155,state_156,state_157,state_158,state_159,state_160,state_161,state_162,state_163,state_164,state_165,state_166,state_167,state_168,state_169,state_170,state_171,state_172,state_173,state_174,state_175,state_176,state_177,state_178,state_179,state_180,state_181,state_182,state_183,state_184,state_185,state_186,state_187,state_188,state_189,state_190,state_191,state_192,state_193,state_194,state_195,state_196,state_197,state_198,state_199,state_200,state_201,state_202,state_203,state_204,state_205,state_206,state_207,state_208,state_209,state_210,state_211,state_212,state_213,state_214,state_215,state_216,state_217,state_218,state_219,state_220,state_221,state_222,state_223,state_224,state_225,state_226,state_227,state_228,state_229,state_230,state_231,state_232,state_233,state_234,state_235,state_236,state_237,state_238,state_239,state_240,state_241,state_242,state_243,state_244,state_245,state_246,state_247,state_248,state_249,state_250,state_251,state_252,state_253,state_254,state_255,state_256,state_257,state_258,state_259,state_260,state_261,state_262,state_263,state_264,state_265,state_266,state_267,state_268,state_269,state_270,state_271,state_272,state_273,state_274,state_275,state_276,state_277,state_278,state_279,state_280,state_281,state_282,state_283,state_284,state_285,state_286,state_287
{'img': array([[[ 0.        , -0.17100371,  0.2301534 , ..., -0.56520984,
         -0.74712629, -0.92753374],
        [ 0.17100371,  0.        ,  0.39317634, ..., -0.69795354,
         -0.84978452, -0.97778235],
        [-0.2301534 , -0.39317634,  0.        , ..., -0.36017202,
         -0.57409037, -0.8166161 ],
        ...,
        [ 0.56520984,  0.69795354,  0.36017202, ...,  0.        ,
          0.24065486,  0.55392513],
        [ 0.74712629,  0.84978452,  0.57409037, ..., -0.24065486,
          0.        ,  0.33728451],
        [ 0.92753374,  0.97778235,  0.8166161 , ..., -0.55392513,
         -0.33728451,  0.        ]],

       [[ 0.        , -0.19616697, -0.14785542, ..., -0.33887669,
         -0.10502511,  0.5219053 ],
        [ 0.19616697,  0.        ,  0.04902822, ..., -0.14773257,
          0.09209755,  0.67909604],
        [ 0.14785542, -0.04902822,  0.        , ..., -0.19604516,
          0.04316694,  0.64229022],
        ...,
        [ 0.33887669,  0.14773257,  0.19604516, ...,  0.        ,
          0.2381917 ,  0.78008756],
        [ 0.10502511, -0.09209755, -0.04316694, ..., -0.2381917 ,
          0.        ,  0.60860572],
        [-0.5219053 , -0.67909604, -0.64229022, ..., -0.78008756,
         -0.60860572,  0.        ]],

       [[ 0.        , -0.36876849, -0.48651861, ..., -0.22336863,
         -0.        , -0.31785809],
        [ 0.36876849,  0.        , -0.13004736, ..., -0.56707709,
         -0.36876849, -0.64509939],
        [ 0.48651861,  0.13004736,  0.        , ..., -0.66937677,
         -0.48651861, -0.73899008],
        ...,
        [ 0.22336863,  0.56707709,  0.66937677, ...,  0.        ,
         -0.22336863,  0.09804275],
        [ 0.        ,  0.36876849,  0.48651861, ...,  0.22336863,
          0.        ,  0.31785809],
        [ 0.31785809,  0.64509939,  0.73899008, ..., -0.09804275,
         -0.31785809,  0.        ]],

       ...,

       [[ 0.        ,  0.11999921, -0.22060931, ..., -0.04966006,
          0.0795745 ,  0.15821521],
        [-0.11999921,  0.        , -0.33605788, ..., -0.16915236,
         -0.04061919,  0.03858417],
        [ 0.22060931,  0.33605788,  0.        , ...,  0.17190057,
          0.2975237 ,  0.3721478 ],
        ...,
        [ 0.04966006,  0.16915236, -0.17190057, ...,  0.        ,
          0.1289789 ,  0.20705457],
        [-0.0795745 ,  0.04061919, -0.2975237 , ..., -0.1289789 ,
          0.        ,  0.07914127],
        [-0.15821521, -0.03858417, -0.3721478 , ..., -0.20705457,
         -0.07914127,  0.        ]],

       [[ 0.        , -0.39041613, -0.54093411, ..., -0.6437719 ,
         -0.63189095, -0.61669314],
        [ 0.39041613,  0.        , -0.16963944, ..., -0.89143443,
         -0.88433801, -0.87508844],
        [ 0.54093411,  0.16963944,  0.        , ..., -0.95538621,
         -0.95071628, -0.9445043 ],
        ...,
        [ 0.6437719 ,  0.89143443,  0.95538621, ...,  0.        ,
         -0.01542613, -0.03487523],
        [ 0.63189095,  0.88433801,  0.95071628, ...,  0.01542613,
          0.        , -0.01945434],
        [ 0.61669314,  0.87508844,  0.9445043 , ...,  0.03487523,
          0.01945434,  0.        ]],

       [[ 0.        , -0.42478371, -0.54372564, ..., -0.42081265,
         -0.22392542, -0.        ],
        [ 0.42478371,  0.        , -0.13572677, ..., -0.76630104,
         -0.6167154 , -0.42478371],
        [ 0.54372564,  0.13572677,  0.        , ..., -0.84641189,
         -0.71785075, -0.54372564],
        ...,
        [ 0.42081265,  0.76630104,  0.84641189, ...,  0.        ,
         -0.20699325, -0.42081265],
        [ 0.22392542,  0.6167154 ,  0.71785075, ...,  0.20699325,
          0.        , -0.22392542],
        [ 0.        ,  0.42478371,  0.54372564, ...,  0.42081265,
          0.22392542,  0.        ]]]), 'num': array([ 7.07102976e-01,  7.07102976e-01,  0.00000000e+00,  0.00000000e+00,
        2.58270045e-04,  2.70282605e-04,  2.57724019e-04,  3.18966235e-03,
       -1.06474966e-05,  2.58488455e-04,  2.76247933e-04,  2.90071478e-04,
        5.79117917e-07,  3.09679800e-04,  2.42816066e-04])}
{'img': array([[[ 0.        ,  0.39317634, -0.03287536, ..., -0.84978452,
         -0.97778235, -0.83025932],
        [-0.39317634,  0.        , -0.42319148, ..., -0.57409037,
         -0.8166161 , -0.54424523],
        [ 0.03287536,  0.42319148,  0.        , ..., -0.86665477,
         -0.98414524, -0.84813451],
        ...,
        [ 0.84978452,  0.57409037,  0.86665477, ...,  0.        ,
          0.33728451, -0.03599582],
        [ 0.97778235,  0.8166161 ,  0.98414524, ..., -0.33728451,
          0.        , -0.3709525 ],
        [ 0.83025932,  0.54424523,  0.84813451, ...,  0.03599582,
          0.3709525 ,  0.        ]],

       [[ 0.        ,  0.04902822, -0.03006597, ...,  0.09209755,
          0.67909604,  0.04578247],
        [-0.04902822,  0.        , -0.07903587, ...,  0.04316694,
          0.64229022, -0.00324941],
        [ 0.03006597,  0.07903587,  0.        , ...,  0.12199411,
          0.70085894,  0.07579621],
        ...,
        [-0.09209755, -0.04316694, -0.12199411, ...,  0.        ,
          0.60860572, -0.04641309],
        [-0.67909604, -0.64229022, -0.70085894, ..., -0.60860572,
          0.        , -0.64477737],
        [-0.04578247,  0.00324941, -0.07579621, ...,  0.04641309,
          0.64477737,  0.        ]],

       [[ 0.        , -0.33530708, -0.40759382, ..., -0.        ,
         -0.32345378, -0.34295408],
        [ 0.33530708,  0.        , -0.07780763, ..., -0.33530708,
         -0.62201099, -0.63807152],
        [ 0.40759382,  0.07780763,  0.        , ..., -0.40759382,
         -0.68104933, -0.69604723],
        ...,
        [ 0.        ,  0.33530708,  0.40759382, ...,  0.        ,
          0.32345378,  0.34295408],
        [ 0.32345378,  0.62201099,  0.68104933, ..., -0.32345378,
          0.        ,  0.02068121],
        [ 0.34295408,  0.63807152,  0.69604723, ..., -0.34295408,
         -0.02068121,  0.        ]],

       ...,

       [[ 0.        , -0.33605788, -0.40963737, ..., -0.04061919,
          0.03858417, -0.36242209],
        [ 0.33605788,  0.        , -0.07924512, ...,  0.2975237 ,
          0.3721478 , -0.02813343],
        [ 0.40963737,  0.07924512,  0.        , ...,  0.3722445 ,
          0.44453068,  0.0511688 ],
        ...,
        [ 0.04061919, -0.2975237 , -0.3722445 , ...,  0.        ,
          0.07914127, -0.32426533],
        [-0.03858417, -0.3721478 , -0.44453068, ..., -0.07914127,
          0.        , -0.3981132 ],
        [ 0.36242209,  0.02813343, -0.0511688 , ...,  0.32426533,
          0.3981132 ,  0.        ]],

       [[ 0.        , -0.39856874, -0.51275076, ..., -0.64312336,
         -0.62775521, -0.61028238],
        [ 0.39856874,  0.        , -0.12807723, ..., -0.8950422 ,
         -0.88598866, -0.8754532 ],
        [ 0.51275076,  0.12807723,  0.        , ..., -0.94479088,
         -0.93808213, -0.93014324],
        ...,
        [ 0.64312336,  0.8950422 ,  0.94479088, ...,  0.        ,
         -0.01990273, -0.04214059],
        [ 0.62775521,  0.88598866,  0.93808213, ...,  0.01990273,
          0.        , -0.02224719],
        [ 0.61028238,  0.8754532 ,  0.93014324, ...,  0.04214059,
          0.02224719,  0.        ]],

       [[ 0.        , -0.3604577 , -0.53634959, ..., -0.40604308,
         -0.3419826 , -0.        ],
        [ 0.3604577 ,  0.        , -0.19606896, ..., -0.70815275,
         -0.65771737, -0.3604577 ],
        [ 0.53634959,  0.19606896,  0.        , ..., -0.83284389,
         -0.792643  , -0.53634959],
        ...,
        [ 0.40604308,  0.70815275,  0.83284389, ...,  0.        ,
         -0.0690391 , -0.40604308],
        [ 0.3419826 ,  0.65771737,  0.792643  , ...,  0.0690391 ,
          0.        , -0.3419826 ],
        [ 0.        ,  0.3604577 ,  0.53634959, ...,  0.40604308,
          0.3419826 ,  0.        ]]]), 'num': array([ 9.52514640e-01,  3.04468222e-01,  6.76457638e-05, -3.50868973e-10,
        3.49351169e-04,  3.63208522e-04,  3.35858482e-04,  3.73003483e-03,
        4.37600629e-06,  3.47892500e-04,  3.66782260e-04,  3.85933366e-04,
        9.59650501e-07,  4.10734930e-04,  3.22829591e-04])}
{'img': array([[[ 0.        , -0.42319148, -0.79183255, ..., -0.8166161 ,
         -0.54424523, -0.65180191],
        [ 0.42319148,  0.        , -0.45897295, ..., -0.98414524,
         -0.84813451, -0.91150265],
        [ 0.79183255,  0.45897295,  0.        , ..., -0.95576956,
         -0.99668043, -0.99859766],
        ...,
        [ 0.8166161 ,  0.98414524,  0.95576956, ...,  0.        ,
         -0.3709525 , -0.24310507],
        [ 0.54424523,  0.84813451,  0.99668043, ...,  0.3709525 ,
          0.        ,  0.13406394],
        [ 0.65180191,  0.91150265,  0.99859766, ...,  0.24310507,
         -0.13406394,  0.        ]],

       [[ 0.        , -0.07903587,  0.11173132, ...,  0.64229022,
         -0.00324941, -0.03594103],
        [ 0.07903587,  0.        ,  0.18992279, ...,  0.70085894,
          0.07579621,  0.04315621],
        [-0.11173132, -0.18992279,  0.        , ...,  0.55263073,
         -0.11495979, -0.14737512],
        ...,
        [-0.64229022, -0.70085894, -0.55263073, ...,  0.        ,
         -0.64477737, -0.66942266],
        [ 0.00324941, -0.07579621,  0.11495979, ...,  0.64477737,
          0.        , -0.03269354],
        [ 0.03594103, -0.04315621,  0.14737512, ...,  0.66942266,
          0.03269354,  0.        ]],

       [[ 0.        , -0.24233904, -0.481387  , ..., -0.32810405,
         -0.34786575, -0.46283531],
        [ 0.24233904,  0.        , -0.25462549, ..., -0.54724734,
         -0.56470003, -0.663859  ],
        [ 0.481387  ,  0.25462549,  0.        , ..., -0.74232406,
         -0.75622883, -0.83240168],
        ...,
        [ 0.32810405,  0.54724734,  0.74232406, ...,  0.        ,
          0.02099635,  0.14636753],
        [ 0.34786575,  0.56470003,  0.75622883, ..., -0.02099635,
          0.        ,  0.12556503],
        [ 0.46283531,  0.663859  ,  0.83240168, ..., -0.14636753,
         -0.12556503,  0.        ]],

       ...,

       [[ 0.        , -0.07924512, -0.89156849, ...,  0.3721478 ,
         -0.02813343,  0.14251364],
        [ 0.07924512,  0.        , -0.85287566, ...,  0.44453068,
          0.0511688 ,  0.22050171],
        [ 0.89156849,  0.85287566,  0.        , ...,  0.99607072,
          0.87847436,  0.94701052],
        ...,
        [-0.3721478 , -0.44453068, -0.99607072, ...,  0.        ,
         -0.3981132 , -0.23607185],
        [ 0.02813343, -0.0511688 , -0.87847436, ...,  0.3981132 ,
          0.        ,  0.1703035 ],
        [-0.14251364, -0.22050171, -0.94701052, ...,  0.23607185,
         -0.1703035 ,  0.        ]],

       [[ 0.        , -0.34428216, -0.52829909, ..., -0.63944913,
         -0.62176755, -0.57290208],
        [ 0.34428216,  0.        , -0.20368654, ..., -0.86505282,
         -0.85339897, -0.82006027],
        [ 0.52829909,  0.20368654,  0.        , ..., -0.94910361,
         -0.94168174, -0.91943381],
        ...,
        [ 0.63944913,  0.86505282,  0.94910361, ...,  0.        ,
         -0.02278207, -0.08364149],
        [ 0.62176755,  0.85339897,  0.94168174, ...,  0.02278207,
          0.        , -0.06091754],
        [ 0.57290208,  0.82006027,  0.91943381, ...,  0.08364149,
          0.06091754,  0.        ]],

       [[ 0.        , -0.41549711, -0.58460752, ..., -0.42161806,
         -0.25028804, -0.        ],
        [ 0.41549711,  0.        , -0.19465622, ..., -0.76026325,
         -0.62993306, -0.41549711],
        [ 0.58460752,  0.19465622,  0.        , ..., -0.8721722 ,
         -0.76906305, -0.58460752],
        ...,
        [ 0.42161806,  0.76026325,  0.8721722 , ...,  0.        ,
         -0.18124399, -0.42161806],
        [ 0.25028804,  0.62993306,  0.76906305, ...,  0.18124399,
          0.        , -0.25028804],
        [ 0.        ,  0.41549711,  0.58460752, ...,  0.42161806,
          0.25028804,  0.        ]]]), 'num': array([8.66559818e-01, 4.97773223e-01, 3.70267666e-05, 2.63188495e-08,
       3.25208638e-04, 3.53941931e-04, 3.12801080e-04, 3.59864908e-02,
       1.24075585e-05, 3.15674409e-04, 3.27118749e-04, 3.44336957e-04,
       1.19019873e-06, 3.65092998e-04, 2.89144500e-04])}
{'img': array([[[ 0.        , -0.72367507, -0.623667  , ..., -0.55629346,
         -0.66540912, -0.87788406],
        [ 0.72367507,  0.        ,  0.1352716 , ..., -0.98528463,
         -0.99943416, -0.95241227],
        [ 0.623667  , -0.1352716 ,  0.        , ..., -0.9531076 ,
         -0.98569798, -0.98489075],
        ...,
        [ 0.55629346,  0.98528463,  0.9531076 , ...,  0.        ,
          0.13768429,  0.46311524],
        [ 0.66540912,  0.99943416,  0.98569798, ..., -0.13768429,
          0.        ,  0.33667528],
        [ 0.87788406,  0.95241227,  0.98489075, ..., -0.46311524,
         -0.33667528,  0.        ]],

       [[ 0.        ,  0.18992279,  0.07733103, ...,  0.07579621,
          0.04315621,  0.86075345],
        [-0.18992279,  0.        , -0.11343053, ..., -0.11495979,
         -0.14737512,  0.748412  ],
        [-0.07733103,  0.11343053,  0.        , ..., -0.00153933,
         -0.034232  ,  0.81881269],
        ...,
        [-0.07579621,  0.11495979,  0.00153933, ...,  0.        ,
         -0.03269354,  0.81969539],
        [-0.04315621,  0.14737512,  0.034232  , ...,  0.03269354,
          0.        ,  0.83798405],
        [-0.86075345, -0.748412  , -0.81881269, ..., -0.81969539,
         -0.83798405,  0.        ]],

       [[ 0.        , -0.42562607, -0.53346629, ..., -0.35040194,
         -0.46611105, -0.60986255],
        [ 0.42562607,  0.        , -0.12272958, ..., -0.71571955,
         -0.79834603, -0.88917582],
        [ 0.53346629,  0.12272958,  0.        , ..., -0.79602166,
         -0.86621828, -0.93861063],
        ...,
        [ 0.35040194,  0.71571955,  0.79602166, ...,  0.        ,
          0.12654955,  0.29350085],
        [ 0.46611105,  0.79834603,  0.86621828, ..., -0.12654955,
          0.        ,  0.17016503],
        [ 0.60986255,  0.88917582,  0.93861063, ..., -0.29350085,
         -0.17016503,  0.        ]],

       ...,

       [[ 0.        , -0.85287566, -0.50629699, ...,  0.0511688 ,
          0.22050171,  0.5133681 ],
        [ 0.85287566,  0.        ,  0.47114037, ...,  0.87847436,
          0.94701052,  0.99994775],
        [ 0.50629699, -0.47114037,  0.        , ...,  0.54975963,
          0.68398697,  0.87719583],
        ...,
        [-0.0511688 , -0.87847436, -0.54975963, ...,  0.        ,
          0.1703035 ,  0.46878414],
        [-0.22050171, -0.94701052, -0.68398697, ..., -0.1703035 ,
          0.        ,  0.31150473],
        [-0.5133681 , -0.99994775, -0.87719583, ..., -0.46878414,
         -0.31150473,  0.        ]],

       [[ 0.        , -0.42035353, -0.52001183, ..., -0.63028229,
         -0.58095393, -0.5228169 ],
        [ 0.42035353,  0.        , -0.11278937, ..., -0.8982414 ,
         -0.86927565, -0.83271162],
        [ 0.52001183,  0.11278937,  0.        , ..., -0.94208085,
         -0.91948364, -0.88985028],
        ...,
        [ 0.63028229,  0.8982414 ,  0.94208085, ...,  0.        ,
         -0.06197682, -0.1313837 ],
        [ 0.58095393,  0.86927565,  0.91948364, ...,  0.06197682,
          0.        , -0.06969155],
        [ 0.5228169 ,  0.83271162,  0.88985028, ...,  0.1313837 ,
          0.06969155,  0.        ]],

       [[ 0.        , -0.44189053, -0.61061907, ..., -0.25604613,
         -0.        , -0.06681427],
        [ 0.44189053,  0.        , -0.19782351, ..., -0.65685095,
         -0.44189053, -0.50084011],
        [ 0.61061907,  0.19782351,  0.        , ..., -0.79303301,
         -0.61061907, -0.66216645],
        ...,
        [ 0.25604613,  0.65685095,  0.79303301, ...,  0.        ,
         -0.25604613, -0.19088698],
        [ 0.        ,  0.44189053,  0.61061907, ...,  0.25604613,
          0.        ,  0.06681427],
        [ 0.06681427,  0.50084011,  0.66216645, ...,  0.19088698,
         -0.06681427,  0.        ]]]), 'num': array([ 9.01319420e-01,  4.33135852e-01,  4.82166393e-05,  8.49515318e-08,
        3.34178135e-04,  3.44158738e-04,  3.32801500e-04,  3.96168007e-03,
       -8.60396846e-06,  3.34246967e-04,  3.43367173e-04,  3.61596115e-04,
        1.37420274e-06,  3.82763414e-04,  3.03970933e-04])}
{'img': array([[[ 0.        ,  0.441557  , -0.28915745, ..., -0.94279313,
         -0.99956877, -0.9796525 ],
        [-0.441557  ,  0.        , -0.68213603, ..., -0.69869976,
         -0.9098124 , -0.79035572],
        [ 0.28915745,  0.68213603,  0.        , ..., -0.9989173 ,
         -0.94837777, -0.99583752],
        ...,
        [ 0.94279313,  0.69869976,  0.9989173 , ...,  0.        ,
          0.36091925,  0.13737519],
        [ 0.99956877,  0.9098124 ,  0.94837777, ..., -0.36091925,
          0.        , -0.2293817 ],
        [ 0.9796525 ,  0.79035572,  0.99583752, ..., -0.13737519,
          0.2293817 ,  0.        ]],

       [[ 0.        , -0.11343053, -0.05927241, ..., -0.14737512,
          0.748412  , -0.11863066],
        [ 0.11343053,  0.        ,  0.05434124, ..., -0.034232  ,
          0.81881269, -0.00523547],
        [ 0.05927241, -0.05434124,  0.        , ..., -0.08849082,
          0.78640766, -0.05956823],
        ...,
        [ 0.14737512,  0.034232  ,  0.08849082, ...,  0.        ,
          0.83798405,  0.02899913],
        [-0.748412  , -0.81881269, -0.78640766, ..., -0.83798405,
          0.        , -0.82180695],
        [ 0.11863066,  0.00523547,  0.05956823, ..., -0.02899913,
          0.82180695,  0.        ]],

       [[ 0.        , -0.34670893, -0.54779714, ..., -0.47687475,
         -0.62309237, -0.66272217],
        [ 0.34670893,  0.        , -0.22375822, ..., -0.75204272,
         -0.85562146, -0.88125366],
        [ 0.54779714,  0.22375822,  0.        , ..., -0.8804567 ,
         -0.94974463, -0.96466709],
        ...,
        [ 0.47687475,  0.75204272,  0.8804567 , ...,  0.        ,
          0.17469352,  0.22539876],
        [ 0.62309237,  0.85562146,  0.94974463, ..., -0.17469352,
          0.        ,  0.05173471],
        [ 0.66272217,  0.88125366,  0.96466709, ..., -0.22539876,
         -0.05173471,  0.        ]],

       ...,

       [[ 0.        ,  0.47114037,  0.56489462, ...,  0.94701052,
          0.99994775,  0.99533512],
        [-0.47114037,  0.        ,  0.10950233, ...,  0.68398697,
          0.87719583,  0.92339823],
        [-0.56489462, -0.10950233,  0.        , ...,  0.59999252,
          0.81934519,  0.87581366],
        ...,
        [-0.94701052, -0.68398697, -0.59999252, ...,  0.        ,
          0.31150473,  0.41106983],
        [-0.99994775, -0.87719583, -0.81934519, ..., -0.31150473,
          0.        ,  0.10664797],
        [-0.99533512, -0.92339823, -0.87581366, ..., -0.41106983,
         -0.10664797,  0.        ]],

       [[ 0.        , -0.32933057, -0.43532442, ..., -0.59341126,
         -0.53432626, -0.48445924],
        [ 0.32933057,  0.        , -0.11455207, ..., -0.82538561,
         -0.78289469, -0.74553647],
        [ 0.43532442,  0.11455207,  0.        , ..., -0.88462489,
         -0.84901015, -0.81697371],
        ...,
        [ 0.59341126,  0.82538561,  0.88462489, ...,  0.        ,
         -0.07151878, -0.12918342],
        [ 0.53432626,  0.78289469,  0.84901015, ...,  0.07151878,
          0.        , -0.0579331 ],
        [ 0.48445924,  0.74553647,  0.81697371, ...,  0.12918342,
          0.0579331 ,  0.        ]],

       [[ 0.        , -0.45575076, -0.66830123, ..., -0.18501566,
         -0.19701688, -0.        ],
        [ 0.45575076,  0.        , -0.25583111, ..., -0.6125663 ,
         -0.62218428, -0.45575076],
        [ 0.66830123,  0.25583111,  0.        , ..., -0.79439483,
         -0.80176163, -0.66830123],
        ...,
        [ 0.18501566,  0.6125663 ,  0.79439483, ...,  0.        ,
          0.01222613, -0.18501566],
        [ 0.19701688,  0.62218428,  0.80176163, ..., -0.01222613,
          0.        , -0.19701688],
        [ 0.        ,  0.45575076,  0.66830123, ...,  0.18501566,
          0.19701688,  0.        ]]]), 'num': array([ 9.78242457e-01,  2.07419460e-01,  8.24409623e-05,  4.28032380e-08,
        3.59861343e-04,  3.76026238e-04,  3.59861343e-04,  4.20903064e-03,
       -1.38556239e-05,  3.69945158e-04,  3.81683951e-04,  4.02922826e-04,
        1.47428013e-06,  4.25717207e-04,  3.37650695e-04])}
{'img': array([[[ 0.        , -0.68213603, -0.6371365 , ..., -0.9098124 ,
         -0.79035572, -0.441557  ],
        [ 0.68213603,  0.        ,  0.0598667 , ..., -0.94837777,
         -0.99583752, -0.93491274],
        [ 0.6371365 , -0.0598667 ,  0.        , ..., -0.96566304,
         -0.99950799, -0.91199051],
        ...,
        [ 0.9098124 ,  0.94837777,  0.96566304, ...,  0.        ,
         -0.2293817 , -0.63305901],
        [ 0.79035572,  0.99583752,  0.99950799, ...,  0.2293817 ,
          0.        , -0.43861428],
        [ 0.441557  ,  0.93491274,  0.91199051, ...,  0.63305901,
          0.43861428,  0.        ]],

       [[ 0.        ,  0.05434124,  0.00390175, ...,  0.81881269,
         -0.00523547, -0.01790996],
        [-0.05434124,  0.        , -0.05044485, ...,  0.78640766,
         -0.05956823, -0.07221603],
        [-0.00390175,  0.05044485,  0.        , ...,  0.81656662,
         -0.00913713, -0.02181095],
        ...,
        [-0.81881269, -0.78640766, -0.81656662, ...,  0.        ,
         -0.82180695, -0.82896277],
        [ 0.00523547,  0.05956823,  0.00913713, ...,  0.82180695,
          0.        , -0.01267508],
        [ 0.01790996,  0.07221603,  0.02181095, ...,  0.82896277,
          0.01267508,  0.        ]],

       [[ 0.        , -0.44527428, -0.62595462, ..., -0.63174577,
         -0.67169535, -0.57394837],
        [ 0.44527428,  0.        , -0.21322478, ..., -0.91082729,
         -0.93130356, -0.87854137],
        [ 0.62595462,  0.21322478,  0.        , ..., -0.97789771,
         -0.98755237, -0.96018799],
        ...,
        [ 0.63174577,  0.91082729,  0.97789771, ...,  0.        ,
          0.05266725, -0.07242044],
        [ 0.67169535,  0.93130356,  0.98755237, ..., -0.05266725,
          0.        , -0.12484889],
        [ 0.57394837,  0.87854137,  0.96018799, ...,  0.07242044,
          0.12484889,  0.        ]],

       ...,

       [[ 0.        ,  0.11578596,  0.28304918, ...,  0.88837991,
          0.93256134,  0.91322011],
        [-0.11578596,  0.        ,  0.17009451, ...,  0.82924645,
          0.88448904,  0.85989906],
        [-0.28304918, -0.17009451,  0.        , ...,  0.72209951,
          0.79224059,  0.76054125],
        ...,
        [-0.88837991, -0.82924645, -0.72209951, ...,  0.        ,
          0.10743197,  0.05728251],
        [-0.93256134, -0.88448904, -0.79224059, ..., -0.10743197,
          0.        , -0.05030458],
        [-0.91322011, -0.85989906, -0.76054125, ..., -0.05728251,
          0.05030458,  0.        ]],

       [[ 0.        , -0.29725487, -0.34961248, ..., -0.54128545,
         -0.49088945, -0.43168873],
        [ 0.29725487,  0.        , -0.05531293, ..., -0.76676182,
         -0.7276753 , -0.68030623],
        [ 0.34961248,  0.05531293,  0.        , ..., -0.80109508,
         -0.76450162, -0.71980513],
        ...,
        [ 0.54128545,  0.76676182,  0.80109508, ...,  0.        ,
         -0.05882077, -0.12527105],
        [ 0.49088945,  0.7276753 ,  0.76450162, ...,  0.05882077,
          0.        , -0.06669674],
        [ 0.43168873,  0.68030623,  0.71980513, ...,  0.12527105,
          0.06669674,  0.        ]],

       [[ 0.        , -0.52793801, -0.70583215, ..., -0.37238061,
         -0.31742531, -0.        ],
        [ 0.52793801,  0.        , -0.22547092, ..., -0.80622525,
         -0.77021868, -0.52793801],
        [ 0.70583215,  0.22547092,  0.        , ..., -0.91885543,
         -0.89418629, -0.70583215],
        ...,
        [ 0.37238061,  0.80622525,  0.91885543, ...,  0.        ,
         -0.05852619, -0.37238061],
        [ 0.31742531,  0.77021868,  0.89418629, ...,  0.05852619,
          0.        , -0.31742531],
        [ 0.        ,  0.52793801,  0.70583215, ...,  0.37238061,
          0.31742531,  0.        ]]]), 'num': array([ 9.68277706e-01,  2.49850558e-01,  7.85166282e-05, -7.24740474e-08,
        3.54254018e-04,  3.62384438e-04,  3.54254018e-04,  3.44327162e-03,
       -7.74325722e-06,  3.69740532e-04,  3.80755316e-04,  4.03636641e-04,
        1.42971906e-06,  4.23927343e-04,  3.37583289e-04])}
{'img': array([[[ 0.        ,  0.1444907 ,  0.05027818, ..., -0.98446209,
         -0.82222681, -0.36342379],
        [-0.1444907 ,  0.        , -0.09455738, ..., -0.94875914,
         -0.73136018, -0.22499909],
        [-0.05027818,  0.09455738,  0.        , ..., -0.97438829,
         -0.79257058, -0.3161238 ],
        ...,
        [ 0.98446209,  0.94875914,  0.97438829, ...,  0.        ,
         -0.41593567, -0.85333224],
        [ 0.82222681,  0.73136018,  0.79257058, ...,  0.41593567,
          0.        , -0.55915991],
        [ 0.36342379,  0.22499909,  0.3161238 , ...,  0.85333224,
          0.55915991,  0.        ]],

       [[ 0.        , -0.05044485, -0.15600628, ..., -0.05956823,
         -0.07221603, -0.12187204],
        [ 0.05044485,  0.        , -0.10598046, ..., -0.00913713,
         -0.02181095, -0.07164806],
        [ 0.15600628,  0.10598046,  0.        , ...,  0.09689037,
          0.08426714,  0.03446354],
        ...,
        [ 0.05956823,  0.00913713, -0.09689037, ...,  0.        ,
         -0.01267508, -0.06253142],
        [ 0.07221603,  0.02181095, -0.08426714, ...,  0.01267508,
          0.        , -0.04987612],
        [ 0.12187204,  0.07164806, -0.03446354, ...,  0.06253142,
          0.04987612,  0.        ]],

       [[ 0.        , -0.47849741, -0.6328189 , ..., -0.68714121,
         -0.58795146, -0.51034956],
        [ 0.47849741,  0.        , -0.18517083, ..., -0.95101091,
         -0.90332843, -0.85962432],
        [ 0.6328189 ,  0.18517083,  0.        , ..., -0.99181137,
         -0.96713553, -0.93936699],
        ...,
        [ 0.68714121,  0.95101091,  0.99181137, ...,  0.        ,
         -0.12866514, -0.22013765],
        [ 0.58795146,  0.90332843,  0.96713553, ...,  0.12866514,
          0.        , -0.09279906],
        [ 0.51034956,  0.85962432,  0.93936699, ...,  0.22013765,
          0.09279906,  0.        ]],

       ...,

       [[ 0.        ,  0.17009451,  0.31607468, ...,  0.88448904,
          0.85989906,  0.83738984],
        [-0.17009451,  0.        ,  0.15009426, ...,  0.79224059,
          0.76054125,  0.73221249],
        [-0.31607468, -0.15009426,  0.        , ...,  0.691677  ,
          0.65447096,  0.62169212],
        ...,
        [-0.88448904, -0.79224059, -0.691677  , ...,  0.        ,
         -0.05030458, -0.09277371],
        [-0.85989906, -0.76054125, -0.65447096, ...,  0.05030458,
          0.        , -0.04256862],
        [-0.83738984, -0.73221249, -0.62169212, ...,  0.09277371,
          0.04256862,  0.        ]],

       [[ 0.        , -0.19052558, -0.44241766, ..., -0.49613733,
         -0.43639116, -0.28774024],
        [ 0.19052558,  0.        , -0.26344847, ..., -0.6524719 ,
         -0.59982418, -0.46493745],
        [ 0.44241766,  0.26344847,  0.        , ..., -0.82906699,
         -0.78942798, -0.68175522],
        ...,
        [ 0.49613733,  0.6524719 ,  0.82906699, ...,  0.        ,
         -0.06750903, -0.22532617],
        [ 0.43639116,  0.59982418,  0.78942798, ...,  0.06750903,
          0.        , -0.1590392 ],
        [ 0.28774024,  0.46493745,  0.68175522, ...,  0.22532617,
          0.1590392 ,  0.        ]],

       [[ 0.        , -0.33026686, -0.46230651, ..., -0.67174738,
         -0.55921425, -0.27799103],
        [ 0.33026686,  0.        , -0.14351109, ..., -0.87870921,
         -0.80163427, -0.57964123],
        [ 0.46230651,  0.14351109,  0.        , ..., -0.93811952,
         -0.87912937, -0.69058434],
        ...,
        [ 0.67174738,  0.87870921,  0.93811952, ...,  0.        ,
         -0.14263925, -0.43933929],
        [ 0.55921425,  0.80163427,  0.87912937, ...,  0.14263925,
          0.        , -0.30671107],
        [ 0.27799103,  0.57964123,  0.69058434, ...,  0.43933929,
          0.30671107,  0.        ]]]), 'num': array([ 9.71212619e-01,  2.38182958e-01,  8.25483852e-05, -1.36582100e-07,
        3.52757296e-04,  3.63483025e-04,  3.52757296e-04,  3.71209522e-03,
       -1.07257286e-05,  3.73811504e-04,  3.86126229e-04,  4.12477093e-04,
        1.37696811e-06,  4.26177146e-04,  3.46075313e-04])}
