state_0,state_1,state_2,state_3,state_4,state_5,state_6,state_7,state_8,state_9,state_10,state_11,state_12,state_13,state_14,state_15,state_16,state_17,state_18,state_19,state_20,state_21,state_22,state_23,state_24,state_25,state_26,state_27,state_28,state_29,state_30,state_31,state_32,state_33,state_34,state_35,state_36,state_37,state_38,state_39,state_40,state_41,state_42,state_43,state_44,state_45,state_46,state_47,state_48,state_49,state_50,state_51,state_52,state_53,state_54,state_55,state_56,state_57,state_58,state_59,state_60,state_61,state_62,state_63,state_64,state_65,state_66,state_67,state_68,state_69,state_70,state_71,state_72,state_73,state_74,state_75,state_76,state_77,state_78,state_79,state_80,state_81,state_82,state_83,state_84,state_85,state_86,state_87,state_88,state_89,state_90,state_91,state_92,state_93,state_94,state_95,state_96,state_97,state_98,state_99,state_100,state_101,state_102,state_103,state_104,state_105,state_106,state_107,state_108,state_109,state_110,state_111,state_112,state_113,state_114,state_115,state_116,state_117,state_118,state_119,state_120,state_121,state_122,state_123,state_124,state_125,state_126,state_127,state_128,state_129,state_130,state_131,state_132,state_133,state_134,state_135,state_136,state_137,state_138,state_139,state_140,state_141,state_142,state_143,state_144,state_145,state_146,state_147,state_148,state_149,state_150,state_151,state_152,state_153,state_154,state_155,state_156,state_157,state_158,state_159,state_160,state_161,state_162,state_163,state_164,state_165,state_166,state_167,state_168,state_169,state_170,state_171,state_172,state_173,state_174,state_175,state_176,state_177,state_178,state_179,state_180,state_181,state_182,state_183,state_184,state_185,state_186,state_187,state_188,state_189,state_190,state_191,state_192,state_193,state_194,state_195,state_196,state_197,state_198,state_199,state_200,state_201,state_202,state_203,state_204,state_205,state_206,state_207,state_208,state_209,state_210,state_211,state_212,state_213,state_214,state_215,state_216,state_217,state_218,state_219,state_220,state_221,state_222,state_223,state_224,state_225,state_226,state_227,state_228,state_229,state_230,state_231,state_232,state_233,state_234,state_235,state_236,state_237,state_238,state_239,state_240,state_241,state_242,state_243,state_244,state_245,state_246,state_247,state_248,state_249,state_250,state_251,state_252,state_253,state_254,state_255,state_256,state_257,state_258,state_259,state_260,state_261,state_262,state_263,state_264,state_265,state_266,state_267,state_268,state_269,state_270,state_271,state_272,state_273,state_274,state_275,state_276,state_277,state_278,state_279,state_280,state_281,state_282,state_283,state_284,state_285,state_286,state_287
{'img': array([[[ 0.        ,  0.47872281,  0.55700599, ...,  0.92650958,
          0.92088662,  0.95340452],
        [-0.47872281,  0.        ,  0.09144903, ...,  0.9935736 ,
          0.99512799,  0.98148509],
        [-0.55700599, -0.09144903,  0.        , ...,  0.97905936,
          0.98194207,  0.95985641],
        ...,
        [-0.92650958, -0.9935736 , -0.97905936, ...,  0.        ,
          0.0146786 , -0.07921542],
        [-0.92088662, -0.99512799, -0.98194207, ..., -0.0146786 ,
          0.        , -0.09383936],
        [-0.95340452, -0.98148509, -0.95985641, ...,  0.07921542,
          0.09383936,  0.        ]],

       [[ 0.        , -0.16920908, -0.20725592, ...,  0.35045461,
          0.34630235,  0.27323917],
        [ 0.16920908,  0.        , -0.03873232, ...,  0.50387891,
          0.50004766,  0.43206913],
        [ 0.20725592,  0.03873232,  0.        , ...,  0.53695679,
          0.53321454,  0.46667528],
        ...,
        [-0.35045461, -0.50387891, -0.53695679, ...,  0.        ,
         -0.00442976, -0.08120819],
        [-0.34630235, -0.50004766, -0.53321454, ...,  0.00442976,
          0.        , -0.07679227],
        [-0.27323917, -0.43206913, -0.46667528, ...,  0.08120819,
          0.07679227,  0.        ]],

       [[ 0.        ,  0.21580747,  0.28420719, ...,  0.79374749,
          0.85243839,  0.88893853],
        [-0.21580747,  0.        ,  0.07060192, ...,  0.90630791,
          0.9451816 ,  0.96683707],
        [-0.28420719, -0.07060192,  0.        , ...,  0.93388392,
          0.96587768,  0.9824557 ],
        ...,
        [-0.79374749, -0.90630791, -0.93388392, ...,  0.        ,
         -0.10350029, -0.17713718],
        [-0.85243839, -0.9451816 , -0.96587768, ...,  0.10350029,
          0.        , -0.0743223 ],
        [-0.88893853, -0.96683707, -0.9824557 , ...,  0.17713718,
          0.0743223 ,  0.        ]],

       ...,

       [[ 0.        ,  0.7122329 ,  0.92531835, ...,  0.48034658,
          0.41354424,  0.68303574],
        [-0.7122329 ,  0.        ,  0.37944852, ..., -0.28750833,
         -0.3581921 , -0.04075187],
        [-0.92531835, -0.37944852,  0.        , ..., -0.62943389,
         -0.68567525, -0.41683747],
        ...,
        [-0.48034658,  0.28750833,  0.62943389, ...,  0.        ,
         -0.07463701,  0.24823824],
        [-0.41354424,  0.3581921 ,  0.68567525, ...,  0.07463701,
          0.        ,  0.31984664],
        [-0.68303574,  0.04075187,  0.41683747, ..., -0.24823824,
         -0.31984664,  0.        ]],

       [[ 0.        , -0.09046734, -0.24735935, ...,  0.98487146,
          0.9961041 ,  0.9999694 ],
        [ 0.09046734,  0.        , -0.15868908, ...,  0.96515615,
          0.98404162,  0.99516117],
        [ 0.24735935,  0.15868908,  0.        , ...,  0.91140138,
          0.94333556,  0.96695893],
        ...,
        [-0.98487146, -0.96515615, -0.91140138, ...,  0.        ,
         -0.08576033, -0.165576  ],
        [-0.9961041 , -0.98404162, -0.94333556, ...,  0.08576033,
          0.        , -0.0803894 ],
        [-0.9999694 , -0.99516117, -0.96695893, ...,  0.165576  ,
          0.0803894 ,  0.        ]],

       [[ 0.        ,  0.1983045 ,  0.43538181, ...,  0.65270823,
          0.46785057,  0.        ],
        [-0.1983045 ,  0.        ,  0.24821252, ...,  0.7899831 ,
          0.63382229,  0.1983045 ],
        [-0.43538181, -0.24821252,  0.        , ...,  0.91744725,
          0.8059743 ,  0.43538181],
        ...,
        [-0.65270823, -0.7899831 , -0.91744725, ...,  0.        ,
          0.22242051,  0.65270823],
        [-0.46785057, -0.63382229, -0.8059743 , ..., -0.22242051,
          0.        ,  0.46785057],
        [-0.        , -0.1983045 , -0.43538181, ..., -0.65270823,
         -0.46785057,  0.        ]]]), 'num': array([ 7.21207132e-01,  6.92709464e-01,  3.99686795e-06,  1.58320380e-04,
        1.63205441e-04,  1.56988091e-04,  3.69585938e-03, -1.33228932e-06,
        1.61562284e-04,  1.70199960e-04,  1.49823335e-04,  6.79544120e-07,
        1.85407589e-04,  1.54992332e-04])}
{'img': array([[[ 0.        ,  0.13210019,  0.11567699, ...,  0.99822315,
          0.99931284,  0.9967408 ],
        [-0.13210019,  0.        , -0.01655015, ...,  0.99734647,
          0.9856589 ,  0.9773491 ],
        [-0.11567699,  0.01655015,  0.        , ...,  0.99841474,
          0.98831674,  0.9807178 ],
        ...,
        [-0.99822315, -0.99734647, -0.99841474, ...,  0.        ,
         -0.09654493, -0.13991968],
        [-0.99931284, -0.9856589 , -0.98831674, ...,  0.09654493,
          0.        , -0.04367087],
        [-0.9967408 , -0.9773491 , -0.9807178 , ...,  0.13991968,
          0.04367087,  0.        ]],

       [[ 0.        , -0.03873232, -0.19137976, ...,  0.50004766,
          0.43206913,  0.22701429],
        [ 0.03873232,  0.        , -0.15321976, ...,  0.53321454,
          0.46667528,  0.26456501],
        [ 0.19137976,  0.15321976,  0.        , ...,  0.65653928,
          0.59667681,  0.40920128],
        ...,
        [-0.50004766, -0.53321454, -0.65653928, ...,  0.        ,
         -0.07679227, -0.29039824],
        [-0.43206913, -0.46667528, -0.59667681, ...,  0.07679227,
          0.        , -0.21605774],
        [-0.22701429, -0.26456501, -0.40920128, ...,  0.29039824,
          0.21605774,  0.        ]],

       [[ 0.        ,  0.18827555,  0.34823611, ...,  0.85590167,
          0.89223831,  0.89890089],
        [-0.18827555,  0.        ,  0.16551755, ...,  0.93795949,
          0.96130036,  0.96531848],
        [-0.34823611, -0.16551755,  0.        , ...,  0.98241443,
          0.99364149,  0.99521621],
        ...,
        [-0.85590167, -0.93795949, -0.98241443, ...,  0.        ,
         -0.07491578, -0.08984131],
        [-0.89223831, -0.96130036, -0.99364149, ...,  0.07491578,
          0.        , -0.01497602],
        [-0.89890089, -0.96531848, -0.99521621, ...,  0.08984131,
          0.01497602,  0.        ]],

       ...,

       [[ 0.        ,  0.32235286,  0.02867333, ..., -0.25417088,
         -0.03196061, -0.82634069],
        [-0.32235286,  0.        , -0.29507758, ..., -0.55236971,
         -0.35244272, -0.96376991],
        [-0.02867333,  0.29507758,  0.        , ..., -0.28179805,
         -0.06060615, -0.8421489 ],
        ...,
        [ 0.25417088,  0.55236971,  0.28179805, ...,  0.        ,
          0.22313003, -0.65606155],
        [ 0.03196061,  0.35244272,  0.06060615, ..., -0.22313003,
          0.        , -0.80791926],
        [ 0.82634069,  0.96376991,  0.8421489 , ...,  0.65606155,
          0.80791926,  0.        ]],

       [[ 0.        , -0.15868908, -0.24950772, ...,  0.98404162,
          0.99516117,  0.99952913],
        [ 0.15868908,  0.        , -0.09267591, ...,  0.94333556,
          0.96695893,  0.99173295],
        [ 0.24950772,  0.09267591,  0.        , ...,  0.90852214,
          0.93917138,  0.97557279],
        ...,
        [-0.98404162, -0.94333556, -0.90852214, ...,  0.        ,
         -0.0803894 , -0.20804922],
        [-0.99516117, -0.96695893, -0.93917138, ...,  0.0803894 ,
          0.        , -0.12874553],
        [-0.99952913, -0.99173295, -0.97557279, ...,  0.20804922,
          0.12874553,  0.        ]],

       [[ 0.        ,  0.37729785,  0.43754082, ...,  0.68950426,
          0.55512386,  0.        ],
        [-0.37729785,  0.        ,  0.06593737, ...,  0.91181426,
          0.82791991,  0.37729785],
        [-0.43754082, -0.06593737,  0.        , ...,  0.93690401,
          0.86309889,  0.43754082],
        ...,
        [-0.68950426, -0.91181426, -0.93690401, ...,  0.        ,
          0.17144136,  0.68950426],
        [-0.55512386, -0.82791991, -0.86309889, ..., -0.17144136,
          0.        ,  0.55512386],
        [-0.        , -0.37729785, -0.43754082, ..., -0.68950426,
         -0.55512386,  0.        ]]]), 'num': array([ 7.07095632e-01,  7.07095632e-01,  0.00000000e+00,  1.22764593e-04,
        1.29160433e-04,  1.22053944e-04,  5.60378618e-03, -3.90856882e-06,
        1.27383811e-04,  1.35805000e-04,  1.20306933e-04,  3.93124910e-07,
        1.49086436e-04,  1.22523564e-04])}
{'img': array([[[ 0.        , -0.01655015, -0.43296975, ...,  0.9856589 ,
          0.9773491 ,  0.93223971],
        [ 0.01655015,  0.        , -0.41799201, ...,  0.98831674,
          0.9807178 ,  0.93810055],
        [ 0.43296975,  0.41799201,  0.        , ...,  0.96154487,
          0.97262164,  0.99699509],
        ...,
        [-0.9856589 , -0.98831674, -0.96154487, ...,  0.        ,
         -0.04367087, -0.19933672],
        [-0.9773491 , -0.9807178 , -0.97262164, ...,  0.04367087,
          0.        , -0.15635211],
        [-0.93223971, -0.93810055, -0.99699509, ...,  0.19933672,
          0.15635211,  0.        ]],

       [[ 0.        , -0.15321976, -0.17046446, ...,  0.46667528,
          0.26456501,  0.4558026 ],
        [ 0.15321976,  0.        , -0.01747443, ...,  0.59667681,
          0.40920128,  0.58679853],
        [ 0.17046446,  0.01747443,  0.        , ...,  0.61060861,
          0.42508324,  0.60085855],
        ...,
        [-0.46667528, -0.59667681, -0.61060861, ...,  0.        ,
         -0.21605774, -0.01225384],
        [-0.26456501, -0.40920128, -0.42508324, ...,  0.21605774,
          0.        ,  0.20407711],
        [-0.4558026 , -0.58679853, -0.60085855, ...,  0.01225384,
         -0.20407711,  0.        ]],

       [[ 0.        ,  0.29696869,  0.28711961, ...,  0.89472547,
          0.90135419,  0.93547856],
        [-0.29696869,  0.        , -0.01029789, ...,  0.98699304,
          0.98930359,  0.99822034],
        [-0.28711961,  0.01029789,  0.        , ...,  0.98528519,
          0.98774897,  0.99755331],
        ...,
        [-0.89472547, -0.98699304, -0.98528519, ...,  0.        ,
         -0.01506956, -0.10161902],
        [-0.90135419, -0.98930359, -0.98774897, ...,  0.01506956,
          0.        , -0.08661593],
        [-0.93547856, -0.99822034, -0.99755331, ...,  0.10161902,
          0.08661593,  0.        ]],

       ...,

       [[ 0.        , -0.23951356, -0.08171606, ..., -0.28415009,
         -0.66088039, -0.99544146],
        [ 0.23951356,  0.        ,  0.15937499, ..., -0.04623858,
         -0.46189133, -0.94362366],
        [ 0.08171606, -0.15937499,  0.        , ..., -0.20485209,
         -0.59734299, -0.98431872],
        ...,
        [ 0.28415009,  0.04623858,  0.20485209, ...,  0.        ,
         -0.42038662, -0.92730848],
        [ 0.66088039,  0.46189133,  0.59734299, ...,  0.42038662,
          0.        , -0.68403892],
        [ 0.99544146,  0.94362366,  0.98431872, ...,  0.92730848,
          0.68403892,  0.        ]],

       [[ 0.        , -0.09267591, -0.22107791, ...,  0.96695893,
          0.99173295,  0.98474395],
        [ 0.09267591,  0.        , -0.12974371, ...,  0.93917138,
          0.97557279,  0.96437943],
        [ 0.22107791,  0.12974371,  0.        , ...,  0.88667277,
          0.93882518,  0.92190791],
        ...,
        [-0.96695893, -0.93917138, -0.88667277, ...,  0.        ,
         -0.12874553, -0.08278278],
        [-0.99173295, -0.97557279, -0.93882518, ...,  0.12874553,
          0.        ,  0.04620979],
        [-0.98474395, -0.96437943, -0.92190791, ...,  0.08278278,
         -0.04620979,  0.        ]],

       [[ 0.        ,  0.10326795,  0.1948782 , ...,  0.72755522,
          0.21666243,  0.58806564],
        [-0.10326795,  0.        ,  0.09254826, ...,  0.79451228,
          0.31631904,  0.66844607],
        [-0.1948782 , -0.09254826,  0.        , ...,  0.84730215,
          0.40275764,  0.73441099],
        ...,
        [-0.72755522, -0.79451228, -0.84730215, ...,  0.        ,
          0.56163222,  0.18501435],
        [-0.21666243, -0.31631904, -0.40275764, ..., -0.56163222,
          0.        , -0.39885764],
        [-0.58806564, -0.66844607, -0.73441099, ..., -0.18501435,
          0.39885764,  0.        ]]]), 'num': array([7.07101579e-01, 7.07101579e-01, 0.00000000e+00, 1.28273201e-04,
       1.29339183e-04, 1.23653944e-04, 3.81838406e-03, 5.50757511e-06,
       1.27100620e-04, 1.35592946e-04, 1.20811325e-04, 5.60687764e-07,
       1.49210194e-04, 1.21975697e-04])}
{'img': array([[[ 0.        , -0.41799201,  0.17039146, ...,  0.9807178 ,
          0.93810055,  0.99143601],
        [ 0.41799201,  0.        ,  0.56667172, ...,  0.97262164,
          0.99699509,  0.95525774],
        [-0.17039146, -0.56667172,  0.        , ...,  0.93307675,
          0.86536489,  0.95468569],
        ...,
        [-0.9807178 , -0.97262164, -0.93307675, ...,  0.        ,
         -0.15635211,  0.06568031],
        [-0.93810055, -0.99699509, -0.86536489, ...,  0.15635211,
          0.        ,  0.22088703],
        [-0.99143601, -0.95525774, -0.95468569, ..., -0.06568031,
         -0.22088703,  0.        ]],

       [[ 0.        , -0.01747443,  0.31039608, ...,  0.40920128,
          0.58679853,  0.47647798],
        [ 0.01747443,  0.        ,  0.32696   , ...,  0.42508324,
          0.60085855,  0.49176851],
        [-0.31039608, -0.32696   ,  0.        , ...,  0.10577065,
          0.30647704,  0.18004745],
        ...,
        [-0.40920128, -0.42508324, -0.10577065, ...,  0.        ,
          0.20407711,  0.07499534],
        [-0.58679853, -0.60085855, -0.30647704, ..., -0.20407711,
          0.        , -0.13008536],
        [-0.47647798, -0.49176851, -0.18004745, ..., -0.07499534,
          0.13008536,  0.        ]],

       [[ 0.        , -0.07832595,  0.25293246, ...,  0.93729111,
          0.96431426,  0.96768323],
        [ 0.07832595,  0.        ,  0.3279345 , ...,  0.90711125,
          0.94061409,  0.94495894],
        [-0.25293246, -0.3279345 ,  0.        , ...,  0.99497308,
          0.99992503,  0.99999969],
        ...,
        [-0.93729111, -0.90711125, -0.99497308, ...,  0.        ,
         -0.08795188, -0.10092789],
        [-0.96431426, -0.94061409, -0.99992503, ...,  0.08795188,
          0.        , -0.01303398],
        [-0.96768323, -0.94495894, -0.99999969, ...,  0.10092789,
          0.01303398,  0.        ]],

       ...,

       [[ 0.        ,  0.15937499,  0.56573162, ..., -0.46189133,
         -0.94362366, -0.4228042 ],
        [-0.15937499,  0.        ,  0.42708157, ..., -0.59734299,
         -0.98431872, -0.56182894],
        [-0.56573162, -0.42708157,  0.        , ..., -0.88263875,
         -0.96537071, -0.86131778],
        ...,
        [ 0.46189133,  0.59734299,  0.88263875, ...,  0.        ,
         -0.68403892,  0.04357517],
        [ 0.94362366,  0.98431872,  0.96537071, ...,  0.68403892,
          0.        ,  0.71517489],
        [ 0.4228042 ,  0.56182894,  0.86131778, ..., -0.04357517,
         -0.71517489,  0.        ]],

       [[ 0.        , -0.12974371, -0.2669555 , ...,  0.97557279,
          0.96437943,  0.96225319],
        [ 0.12974371,  0.        , -0.13966392, ...,  0.93882518,
          0.92190791,  0.9188093 ],
        [ 0.2669555 ,  0.13966392,  0.        , ...,  0.8815243 ,
          0.85876518,  0.85467843],
        ...,
        [-0.97557279, -0.93882518, -0.8815243 , ...,  0.        ,
          0.04620979,  0.05412345],
        [-0.96437943, -0.92190791, -0.85876518, ..., -0.04620979,
          0.        ,  0.00792358],
        [-0.96225319, -0.9188093 , -0.85467843, ..., -0.05412345,
         -0.00792358,  0.        ]],

       [[ 0.        ,  0.09254826,  0.20094739, ...,  0.31631904,
          0.66844607,  0.71957169],
        [-0.09254826,  0.        ,  0.1094245 , ...,  0.40275764,
          0.73441099,  0.78075062],
        [-0.20094739, -0.1094245 ,  0.        , ...,  0.5004961 ,
          0.80426789,  0.84443541],
        ...,
        [-0.31631904, -0.40275764, -0.5004961 , ...,  0.        ,
         -0.39885764, -0.46296605],
        [-0.66844607, -0.73441099, -0.80426789, ...,  0.39885764,
          0.        , -0.07100798],
        [-0.71957169, -0.78075062, -0.84443541, ...,  0.46296605,
          0.07100798,  0.        ]]]), 'num': array([ 7.07100005e-01,  7.07100005e-01,  0.00000000e+00,  1.27206936e-04,
        1.28983569e-04,  1.24897312e-04,  4.36262937e-03, -1.06597991e-06,
        1.26531815e-04,  1.34828692e-04,  1.21299630e-04,  6.49605964e-07,
        1.48527398e-04,  1.21129986e-04])}
{'img': array([[[ 0.        ,  0.56667172,  0.56667172, ...,  0.99699509,
          0.95525774,  0.96732985],
        [-0.56667172,  0.        ,  0.        , ...,  0.86536489,
          0.95468569,  0.94068855],
        [-0.56667172,  0.        ,  0.        , ...,  0.86536489,
          0.95468569,  0.94068855],
        ...,
        [-0.99699509, -0.86536489, -0.86536489, ...,  0.        ,
          0.22088703,  0.17782532],
        [-0.95525774, -0.95468569, -0.95468569, ..., -0.22088703,
          0.        , -0.04393363],
        [-0.96732985, -0.94068855, -0.94068855, ..., -0.17782532,
          0.04393363,  0.        ]],

       [[ 0.        ,  0.32696   ,  0.41970361, ...,  0.60085855,
          0.49176851,  0.5284407 ],
        [-0.32696   ,  0.        ,  0.09986703, ...,  0.30647704,
          0.18004745,  0.22181733],
        [-0.41970361, -0.09986703,  0.        , ...,  0.20988367,
          0.08091236,  0.12332926],
        ...,
        [-0.60085855, -0.30647704, -0.20988367, ...,  0.        ,
         -0.13008536, -0.08769911],
        [-0.49176851, -0.18004745, -0.08091236, ...,  0.13008536,
          0.        ,  0.04263023],
        [-0.5284407 , -0.22181733, -0.12332926, ...,  0.08769911,
         -0.04263023,  0.        ]],

       [[ 0.        ,  0.3279345 ,  0.39877065, ...,  0.94061409,
          0.94495894,  0.95311403],
        [-0.3279345 ,  0.        ,  0.07598625, ...,  0.99992503,
          0.99999969,  0.99964398],
        [-0.39877065, -0.07598625,  0.        , ...,  0.99796456,
          0.99704859,  0.99472641],
        ...,
        [-0.94061409, -0.99992503, -0.99796456, ...,  0.        ,
         -0.01303398, -0.03892047],
        [-0.94495894, -0.99999969, -0.99704859, ...,  0.01303398,
          0.        , -0.02589305],
        [-0.95311403, -0.99964398, -0.99472641, ...,  0.03892047,
          0.02589305,  0.        ]],

       ...,

       [[ 0.        ,  0.42708157,  0.29953815, ..., -0.98431872,
         -0.56182894, -0.38216711],
        [-0.42708157,  0.        , -0.13662551, ..., -0.96537071,
         -0.86131778, -0.74022369],
        [-0.29953815,  0.13662551,  0.        , ..., -0.99196133,
         -0.78382615, -0.64142083],
        ...,
        [ 0.98431872,  0.96537071,  0.99196133, ...,  0.        ,
          0.71517489,  0.84218831],
        [ 0.56182894,  0.86131778,  0.78382615, ..., -0.71517489,
          0.        ,  0.20303326],
        [ 0.38216711,  0.74022369,  0.64142083, ..., -0.84218831,
         -0.20303326,  0.        ]],

       [[ 0.        , -0.13966392, -0.33490499, ...,  0.92190791,
          0.9188093 ,  0.9349702 ],
        [ 0.13966392,  0.        , -0.20002398, ...,  0.85876518,
          0.85467843,  0.87626406],
        [ 0.33490499,  0.20002398,  0.        , ...,  0.73892424,
          0.73356223,  0.76217785],
        ...,
        [-0.92190791, -0.85876518, -0.73892424, ...,  0.        ,
          0.00792358, -0.035191  ],
        [-0.9188093 , -0.85467843, -0.73356223, ..., -0.00792358,
          0.        , -0.04310856],
        [-0.9349702 , -0.87626406, -0.76217785, ...,  0.035191  ,
          0.04310856,  0.        ]],

       [[ 0.        ,  0.1094245 ,  0.20074523, ...,  0.73441099,
          0.78075062,  0.83577164],
        [-0.1094245 ,  0.        ,  0.09234277, ...,  0.80426789,
          0.84443541,  0.89083542],
        [-0.20074523, -0.09234277,  0.        , ...,  0.85570773,
          0.89029146,  0.92898286],
        ...,
        [-0.73441099, -0.80426789, -0.85570773, ...,  0.        ,
         -0.07100798, -0.16399408],
        [-0.78075062, -0.84443541, -0.89029146, ...,  0.07100798,
          0.        , -0.09353348],
        [-0.83577164, -0.89083542, -0.92898286, ...,  0.16399408,
          0.09353348,  0.        ]]]), 'num': array([ 8.35362606e-01,  5.49669936e-01,  4.20136280e-05,  1.45316719e-04,
        1.49590740e-04,  1.44461915e-04,  5.66468079e-03, -7.69323808e-06,
        1.50531025e-04,  1.60810046e-04,  1.46410156e-04,  6.98314480e-07,
        1.78097656e-04,  1.43522436e-04])}
{'img': array([[[ 0.        ,  0.        ,  0.32432432, ...,  0.97370812,
          0.983397  ,  0.99533055],
        [ 0.        ,  0.        ,  0.32432432, ...,  0.97370812,
          0.983397  ,  0.99533055],
        [-0.32432432, -0.32432432,  0.        , ...,  0.99495608,
          0.98909463,  0.91022346],
        ...,
        [-0.97370812, -0.97370812, -0.99495608, ...,  0.        ,
         -0.04732101, -0.3207228 ],
        [-0.983397  , -0.983397  , -0.98909463, ...,  0.04732101,
          0.        , -0.27554232],
        [-0.99533055, -0.99533055, -0.91022346, ...,  0.3207228 ,
          0.27554232,  0.        ]],

       [[ 0.        ,  0.10580452,  0.02858353, ...,  0.18891217,
          0.23180936,  0.25737035],
        [-0.10580452,  0.        , -0.07733821, ...,  0.08395239,
          0.12758567,  0.15368545],
        [-0.02858353,  0.07733821,  0.        , ...,  0.16076613,
          0.2039097 ,  0.22964456],
        ...,
        [-0.18891217, -0.08395239, -0.16076613, ...,  0.        ,
          0.04386897,  0.07018788],
        [-0.23180936, -0.12758567, -0.2039097 , ..., -0.04386897,
          0.        ,  0.02635953],
        [-0.25737035, -0.15368545, -0.22964456, ..., -0.07018788,
         -0.02635953,  0.        ]],

       [[ 0.        ,  0.23677718,  0.33242991, ...,  0.95136794,
          0.95918467,  0.97523549],
        [-0.23677718,  0.        ,  0.09966575, ...,  0.99725566,
          0.99886523,  0.99987145],
        [-0.33242991, -0.09966575,  0.        , ...,  0.99966903,
          0.99863855,  0.99329506],
        ...,
        [-0.95136794, -0.99725566, -0.99966903, ...,  0.        ,
         -0.02645521, -0.09001486],
        [-0.95918467, -0.99886523, -0.99863855, ...,  0.02645521,
          0.        , -0.06363554],
        [-0.97523549, -0.99987145, -0.99329506, ...,  0.09001486,
          0.06363554,  0.        ]],

       ...,

       [[ 0.        , -0.13662551, -0.14542924, ..., -0.86131778,
         -0.74022369, -0.83552613],
        [ 0.13662551,  0.        , -0.00889253, ..., -0.78382615,
         -0.64142083, -0.75262223],
        [ 0.14542924,  0.00889253,  0.        , ..., -0.77827307,
         -0.63457322, -0.74673717],
        ...,
        [ 0.86131778,  0.78382615,  0.77827307, ...,  0.        ,
          0.20303326,  0.04874873],
        [ 0.74022369,  0.64142083,  0.63457322, ..., -0.20303326,
          0.        , -0.15505848],
        [ 0.83552613,  0.75262223,  0.74673717, ..., -0.04874873,
          0.15505848,  0.        ]],

       [[ 0.        , -0.20002398, -0.38400599, ...,  0.85467843,
          0.87626406,  0.88940888],
        [ 0.20002398,  0.        , -0.19155735, ...,  0.73356223,
          0.76217785,  0.78000136],
        [ 0.38400599,  0.19155735,  0.        , ...,  0.58979105,
          0.62405535,  0.6456845 ],
        ...,
        [-0.85467843, -0.73356223, -0.58979105, ...,  0.        ,
         -0.04310856, -0.07105933],
        [-0.87626406, -0.76217785, -0.62405535, ...,  0.04310856,
          0.        , -0.02799369],
        [-0.88940888, -0.78000136, -0.6456845 , ...,  0.07105933,
          0.02799369,  0.        ]],

       [[ 0.        ,  0.09234277,  0.11940785, ...,  0.84443541,
          0.89083542,  0.9535109 ],
        [-0.09234277,  0.        ,  0.02721557, ...,  0.89029146,
          0.92898286,  0.97726509],
        [-0.11940785, -0.02721557,  0.        , ...,  0.90235541,
          0.93871186,  0.98267338],
        ...,
        [-0.84443541, -0.89029146, -0.90235541, ...,  0.        ,
         -0.09353348, -0.25627735],
        [-0.89083542, -0.92898286, -0.93871186, ...,  0.09353348,
          0.        , -0.16474409],
        [-0.9535109 , -0.97726509, -0.98267338, ...,  0.25627735,
          0.16474409,  0.        ]]]), 'num': array([8.41870945e-01, 5.39569792e-01, 4.12416307e-05, 1.53764574e-04,
       1.54184123e-04, 1.43275858e-04, 1.08426261e-02, 1.11180388e-05,
       1.48604126e-04, 1.57540512e-04, 1.44314241e-04, 8.34665416e-07,
       1.74568709e-04, 1.40512315e-04])}
{'img': array([[[ 0.        ,  0.32432432,  0.55759099, ...,  0.983397  ,
          0.99533055,  0.94983834],
        [-0.32432432,  0.        ,  0.25822418, ...,  0.98909463,
          0.91022346,  0.99992534],
        [-0.55759099, -0.25822418,  0.        , ...,  0.91751788,
          0.77241812,  0.96285758],
        ...,
        [-0.983397  , -0.98909463, -0.91751788, ...,  0.        ,
         -0.27554232,  0.13518438],
        [-0.99533055, -0.91022346, -0.77241812, ...,  0.27554232,
          0.        ,  0.40296422],
        [-0.94983834, -0.99992534, -0.96285758, ..., -0.13518438,
         -0.40296422,  0.        ]],

       [[ 0.        , -0.07733821, -0.05829661, ...,  0.12758567,
          0.15368545,  0.41804934],
        [ 0.07733821,  0.        ,  0.01908467, ...,  0.2039097 ,
          0.22964456,  0.48705315],
        [ 0.05829661, -0.01908467,  0.        , ...,  0.18518887,
          0.21102811,  0.47029642],
        ...,
        [-0.12758567, -0.2039097 , -0.18518887, ...,  0.        ,
          0.02635953,  0.29873093],
        [-0.15368545, -0.22964456, -0.21102811, ..., -0.02635953,
          0.        ,  0.27347124],
        [-0.41804934, -0.48705315, -0.47029642, ..., -0.29873093,
         -0.27347124,  0.        ]],

       [[ 0.        ,  0.23845378,  0.39965263, ...,  0.96217394,
          0.97771515,  0.97027945],
        [-0.23845378,  0.        ,  0.16954155, ...,  0.99938229,
          0.99957184,  0.99999338],
        [-0.39965263, -0.16954155,  0.        , ...,  0.9908725 ,
          0.98014032,  0.98613364],
        ...,
        [-0.96217394, -0.99938229, -0.9908725 , ...,  0.        ,
         -0.06436986, -0.0315052 ],
        [-0.97771515, -0.99957184, -0.98014032, ...,  0.06436986,
          0.        ,  0.03289805],
        [-0.97027945, -0.99999338, -0.98613364, ...,  0.0315052 ,
         -0.03289805,  0.        ]],

       ...,

       [[ 0.        , -0.00889253,  0.10675841, ..., -0.64142083,
         -0.75262223, -0.54660205],
        [ 0.00889253,  0.        ,  0.1155959 , ..., -0.63457322,
         -0.74673717, -0.5391339 ],
        [-0.10675841, -0.1155959 ,  0.        , ..., -0.71965901,
         -0.81861634, -0.63287691],
        ...,
        [ 0.64142083,  0.63457322,  0.71965901, ...,  0.        ,
         -0.15505848,  0.11777378],
        [ 0.75262223,  0.74673717,  0.81861634, ...,  0.15505848,
          0.        ,  0.27032869],
        [ 0.54660205,  0.5391339 ,  0.63287691, ..., -0.11777378,
         -0.27032869,  0.        ]],

       [[ 0.        , -0.19155735,  0.10465453, ...,  0.76217785,
          0.78000136,  0.7879493 ],
        [ 0.19155735,  0.        ,  0.29322192, ...,  0.62405535,
          0.6456845 ,  0.65540805],
        [-0.10465453, -0.29322192,  0.        , ...,  0.82574241,
          0.84120857,  0.84806237],
        ...,
        [-0.76217785, -0.62405535, -0.82574241, ...,  0.        ,
         -0.02799369, -0.04078943],
        [-0.78000136, -0.6456845 , -0.84120857, ...,  0.02799369,
          0.        , -0.01280306],
        [-0.7879493 , -0.65540805, -0.84806237, ...,  0.04078943,
          0.01280306,  0.        ]],

       [[ 0.        ,  0.02721557, -0.02323706, ...,  0.92898286,
          0.97726509,  0.98240343],
        [-0.02721557,  0.        , -0.05043667, ...,  0.93871186,
          0.98267338,  0.98712263],
        [ 0.02323706,  0.05043667,  0.        , ...,  0.92013146,
          0.97207447,  0.97779816],
        ...,
        [-0.92898286, -0.93871186, -0.92013146, ...,  0.        ,
         -0.16474409, -0.19010258],
        [-0.97726509, -0.98267338, -0.97207447, ...,  0.16474409,
          0.        , -0.02576523],
        [-0.98240343, -0.98712263, -0.97779816, ...,  0.19010258,
          0.02576523,  0.        ]]]), 'num': array([7.60131673e-01, 6.49718914e-01, 1.50631322e-05, 1.38883974e-04,
       1.41536601e-04, 1.36420820e-04, 8.06332308e-03, 0.00000000e+00,
       1.35814505e-04, 1.41631337e-04, 1.30885040e-04, 7.70161503e-07,
       1.56386191e-04, 1.26876483e-04])}
{'img': array([[[ 0.        ,  0.47320493,  0.56455299, ...,  0.99190475,
          0.95591276,  0.95591276],
        [-0.47320493,  0.        ,  0.10676246, ...,  0.81373134,
          0.98107063,  0.98107063],
        [-0.56455299, -0.10676246,  0.        , ...,  0.74702576,
          0.95478879,  0.95478879],
        ...,
        [-0.99190475, -0.81373134, -0.74702576, ...,  0.        ,
          0.41265936,  0.41265936],
        [-0.95591276, -0.98107063, -0.95478879, ..., -0.41265936,
          0.        ,  0.        ],
        [-0.95591276, -0.98107063, -0.95478879, ..., -0.41265936,
          0.        ,  0.        ]],

       [[ 0.        ,  0.01908467,  0.13183408, ...,  0.22964456,
          0.48705315,  0.40595081],
        [-0.01908467,  0.        ,  0.11289197, ...,  0.21102811,
          0.47029642,  0.38843549],
        [-0.13183408, -0.11289197,  0.        , ...,  0.09932942,
          0.36766182,  0.28192509],
        ...,
        [-0.22964456, -0.21102811, -0.09932942, ...,  0.        ,
          0.27347124,  0.1852306 ],
        [-0.48705315, -0.47029642, -0.36766182, ..., -0.27347124,
          0.        , -0.0905692 ],
        [-0.40595081, -0.38843549, -0.28192509, ..., -0.1852306 ,
          0.0905692 ,  0.        ]],

       [[ 0.        ,  0.32789133,  0.51546511, ...,  0.9801264 ,
          0.97297884,  0.9541945 ],
        [-0.32789133,  0.        ,  0.2059943 , ...,  0.99098566,
          0.99489638,  0.9995431 ],
        [-0.51546511, -0.2059943 ,  0.        , ...,  0.94213554,
          0.95277381,  0.97187981],
        ...,
        [-0.9801264 , -0.99098566, -0.94213554, ...,  0.        ,
          0.03329192,  0.10395371],
        [-0.97297884, -0.99489638, -0.95277381, ..., -0.03329192,
          0.        ,  0.07078453],
        [-0.9541945 , -0.9995431 , -0.97187981, ..., -0.10395371,
         -0.07078453,  0.        ]],

       ...,

       [[ 0.        ,  0.1155959 ,  0.27855498, ..., -0.74673717,
         -0.5391339 , -0.51341701],
        [-0.1155959 ,  0.        ,  0.16566699, ..., -0.81861634,
         -0.63287691, -0.6091726 ],
        [-0.27855498, -0.16566699,  0.        , ..., -0.9024538 ,
         -0.75239973, -0.73213507],
        ...,
        [ 0.74673717,  0.81861634,  0.9024538 , ...,  0.        ,
          0.27032869,  0.29932094],
        [ 0.5391339 ,  0.63287691,  0.75239973, ..., -0.27032869,
          0.        ,  0.03024186],
        [ 0.51341701,  0.6091726 ,  0.73213507, ..., -0.29932094,
         -0.03024186,  0.        ]],

       [[ 0.        ,  0.29322192,  0.3685506 , ...,  0.6456845 ,
          0.65540805,  0.70527686],
        [-0.29322192,  0.        ,  0.07976938, ...,  0.84120857,
          0.84806237,  0.88215039],
        [-0.3685506 , -0.07976938,  0.        , ...,  0.8816601 ,
          0.8876294 ,  0.9169081 ],
        ...,
        [-0.6456845 , -0.84120857, -0.8816601 , ...,  0.        ,
         -0.01280306, -0.08080605],
        [-0.65540805, -0.84806237, -0.8876294 , ...,  0.01280306,
          0.        , -0.06803824],
        [-0.70527686, -0.88215039, -0.9169081 , ...,  0.08080605,
          0.06803824,  0.        ]],

       [[ 0.        , -0.05043667, -0.09394275, ...,  0.98267338,
          0.98712263,  0.98757337],
        [ 0.05043667,  0.        , -0.04360957, ...,  0.97207447,
          0.97779816,  0.97838989],
        [ 0.09394275,  0.04360957,  0.        , ...,  0.96091572,
          0.96772959,  0.96844202],
        ...,
        [-0.98267338, -0.97207447, -0.96091572, ...,  0.        ,
         -0.02576523, -0.02860689],
        [-0.98712263, -0.97779816, -0.96772959, ...,  0.02576523,
          0.        , -0.00284271],
        [-0.98757337, -0.97838989, -0.96844202, ...,  0.02860689,
          0.00284271,  0.        ]]]), 'num': array([ 8.30901024e-01,  5.56403979e-01,  3.84449642e-05,  1.49183176e-04,
        1.56078197e-04,  1.49183176e-04,  4.23253983e-03, -3.96986043e-06,
        1.49433904e-04,  1.55054391e-04,  1.44833741e-04,  7.72791865e-07,
        1.69919941e-04,  1.40188841e-04])}
{'img': array([[[ 0.        ,  0.33860595,  0.64555583, ...,  0.96851759,
          0.96851759,  0.99606661],
        [-0.33860595,  0.        ,  0.34882394, ...,  0.99559988,
          0.99559988,  0.96723029],
        [-0.64555583, -0.34882394,  0.        , ...,  0.90037754,
          0.90037754,  0.81791025],
        ...,
        [-0.96851759, -0.99559988, -0.90037754, ...,  0.        ,
          0.        , -0.16214794],
        [-0.96851759, -0.99559988, -0.90037754, ...,  0.        ,
          0.        , -0.16214794],
        [-0.99606661, -0.96723029, -0.81791025, ...,  0.16214794,
          0.16214794,  0.        ]],

       [[ 0.        ,  0.11289197,  0.06848816, ...,  0.47029642,
          0.38843549,  0.12334585],
        [-0.11289197,  0.        , -0.04457656, ...,  0.36766182,
          0.28192509,  0.01052743],
        [-0.06848816,  0.04457656,  0.        , ...,  0.40875075,
          0.32441323,  0.05509106],
        ...,
        [-0.47029642, -0.36766182, -0.40875075, ...,  0.        ,
         -0.0905692 , -0.35785136],
        [-0.38843549, -0.28192509, -0.32441323, ...,  0.0905692 ,
          0.        , -0.27180907],
        [-0.12334585, -0.01052743, -0.05509106, ...,  0.35785136,
          0.27180907,  0.        ]],

       [[ 0.        ,  0.41526827,  0.56354267, ...,  0.97790921,
          0.9602143 ,  0.9640044 ],
        [-0.41526827,  0.        ,  0.1696065 , ...,  0.97640659,
          0.98947555,  0.98736797],
        [-0.56354267, -0.1696065 ,  0.        , ...,  0.92563542,
          0.95059781,  0.94618973],
        ...,
        [-0.97790921, -0.97640659, -0.92563542, ...,  0.        ,
          0.07238135,  0.05850671],
        [-0.9602143 , -0.98947555, -0.95059781, ..., -0.07238135,
          0.        , -0.01390412],
        [-0.9640044 , -0.98736797, -0.94618973, ..., -0.05850671,
          0.01390412,  0.        ]],

       ...,

       [[ 0.        ,  0.16566699,  0.45792484, ..., -0.63287691,
         -0.6091726 , -0.70850731],
        [-0.16566699,  0.        ,  0.30432067, ..., -0.75239973,
         -0.73213507, -0.81562875],
        [-0.45792484, -0.30432067,  0.        , ..., -0.91717124,
         -0.90470055, -0.95301571],
        ...,
        [ 0.63287691,  0.75239973,  0.91717124, ...,  0.        ,
          0.03024186, -0.10194007],
        [ 0.6091726 ,  0.73213507,  0.90470055, ..., -0.03024186,
          0.        , -0.13197776],
        [ 0.70850731,  0.81562875,  0.95301571, ...,  0.10194007,
          0.13197776,  0.        ]],

       [[ 0.        ,  0.23093489,  0.46989848, ...,  0.66169219,
          0.71179113,  0.78625013],
        [-0.23093489,  0.        ,  0.2533458 , ...,  0.81695547,
          0.85475748,  0.90769376],
        [-0.46989848, -0.2533458 ,  0.        , ...,  0.93640765,
          0.95836515,  0.98439328],
        ...,
        [-0.66169219, -0.81695547, -0.93640765, ...,  0.        ,
         -0.06891685, -0.18064603],
        [-0.71179113, -0.85475748, -0.95836515, ...,  0.06891685,
          0.        , -0.11243349],
        [-0.78625013, -0.90769376, -0.98439328, ...,  0.18064603,
          0.11243349,  0.        ]],

       [[ 0.        , -0.04360957, -0.17390548, ...,  0.97779816,
          0.97838989,  0.974265  ],
        [ 0.04360957,  0.        , -0.13079497, ...,  0.96772959,
          0.96844202,  0.9635083 ],
        [ 0.17390548,  0.13079497,  0.        , ...,  0.9264571 ,
          0.92752335,  0.92022022],
        ...,
        [-0.97779816, -0.96772959, -0.9264571 , ...,  0.        ,
         -0.00284271,  0.016245  ],
        [-0.97838989, -0.96844202, -0.92752335, ...,  0.00284271,
          0.        ,  0.01908727],
        [-0.974265  , -0.9635083 , -0.92022022, ..., -0.016245  ,
         -0.01908727,  0.        ]]]), 'num': array([9.88883738e-01, 1.48562660e-01, 1.12042810e-04, 1.78905914e-04,
       1.80575703e-04, 1.67455936e-04, 6.15083303e-03, 8.58748387e-06,
       1.72226760e-04, 1.76198471e-04, 1.66008785e-04, 1.14119387e-06,
       1.90988238e-04, 1.61408704e-04])}
{'img': array([[[ 0.        ,  0.57608285,  0.74275327, ...,  0.97410712,
          0.99814573,  0.92746377],
        [-0.57608285,  0.        ,  0.22139502, ...,  0.92647151,
          0.85094155,  0.97350571],
        [-0.74275327, -0.22139502,  0.        , ...,  0.82015507,
          0.71353473,  0.89872261],
        ...,
        [-0.97410712, -0.92647151, -0.82015507, ...,  0.        ,
         -0.16637425,  0.1545439 ],
        [-0.99814573, -0.85094155, -0.71353473, ...,  0.16637425,
          0.        ,  0.31676539],
        [-0.92746377, -0.97350571, -0.89872261, ..., -0.1545439 ,
         -0.31676539,  0.        ]],

       [[ 0.        , -0.04457656,  0.16338421, ...,  0.28192509,
          0.01052743,  0.0897466 ],
