state_0,state_1,state_2,state_3,state_4,state_5,state_6,state_7,state_8,state_9,state_10,state_11,state_12,state_13,state_14,state_15,state_16,state_17,state_18,state_19,state_20,state_21,state_22,state_23,state_24,state_25,state_26,state_27,state_28,state_29,state_30,state_31,state_32,state_33,state_34,state_35,state_36,state_37,state_38,state_39,state_40,state_41,state_42,state_43,state_44,state_45,state_46,state_47,state_48,state_49,state_50,state_51,state_52,state_53,state_54,state_55,state_56,state_57,state_58,state_59,state_60,state_61,state_62,state_63,state_64,state_65,state_66,state_67,state_68,state_69,state_70,state_71,state_72,state_73,state_74,state_75,state_76,state_77,state_78,state_79,state_80,state_81,state_82,state_83,state_84,state_85,state_86,state_87,state_88,state_89,state_90,state_91,state_92,state_93,state_94,state_95,state_96,state_97,state_98,state_99,state_100,state_101,state_102,state_103,state_104,state_105,state_106,state_107,state_108,state_109,state_110,state_111,state_112,state_113,state_114,state_115,state_116,state_117,state_118,state_119,state_120,state_121,state_122,state_123,state_124,state_125,state_126,state_127,state_128,state_129,state_130,state_131,state_132,state_133,state_134,state_135,state_136,state_137,state_138,state_139,state_140,state_141,state_142,state_143,state_144,state_145,state_146,state_147,state_148,state_149,state_150,state_151,state_152,state_153,state_154,state_155,state_156,state_157,state_158,state_159,state_160,state_161,state_162,state_163,state_164,state_165,state_166,state_167,state_168,state_169,state_170,state_171,state_172,state_173,state_174,state_175,state_176,state_177,state_178,state_179,state_180,state_181,state_182,state_183,state_184,state_185,state_186,state_187,state_188,state_189,state_190,state_191,state_192,state_193,state_194,state_195,state_196,state_197,state_198,state_199,state_200,state_201,state_202,state_203,state_204,state_205,state_206,state_207,state_208,state_209,state_210,state_211,state_212,state_213,state_214,state_215,state_216,state_217,state_218,state_219,state_220,state_221,state_222,state_223,state_224,state_225,state_226,state_227,state_228,state_229,state_230,state_231,state_232,state_233,state_234,state_235,state_236,state_237,state_238,state_239,state_240,state_241,state_242,state_243,state_244,state_245,state_246,state_247,state_248,state_249,state_250,state_251,state_252,state_253,state_254,state_255,state_256,state_257,state_258,state_259,state_260,state_261,state_262,state_263,state_264,state_265,state_266,state_267,state_268,state_269,state_270,state_271,state_272,state_273,state_274,state_275,state_276,state_277,state_278,state_279,state_280,state_281,state_282,state_283,state_284,state_285,state_286,state_287
{'img': array([[[ 0.        , -0.1509535 ,  0.07072309, ...,  0.60433155,
          0.67733353,  0.62917524],
        [ 0.1509535 ,  0.        ,  0.22048818, ...,  0.71767606,
          0.78062475,  0.73929608],
        [-0.07072309, -0.22048818,  0.        , ...,  0.54647088,
          0.62360819,  0.5726293 ],
        ...,
        [-0.60433155, -0.71767606, -0.54647088, ...,  0.        ,
          0.09506167,  0.0315598 ],
        [-0.67733353, -0.78062475, -0.62360819, ..., -0.09506167,
          0.        , -0.06359744],
        [-0.62917524, -0.73929608, -0.5726293 , ..., -0.0315598 ,
          0.06359744,  0.        ]],

       [[ 0.        ,  0.00832435,  0.00989224, ...,  0.07761165,
          0.04012136,  0.05036017],
        [-0.00832435,  0.        ,  0.00156795, ...,  0.06930972,
          0.03180232,  0.04204464],
        [-0.00989224, -0.00156795,  0.        , ...,  0.06774545,
          0.03023513,  0.04047802],
        ...,
        [-0.07761165, -0.06930972, -0.06774545, ...,  0.        ,
         -0.03754881, -0.0273049 ],
        [-0.04012136, -0.03180232, -0.03023513, ...,  0.03754881,
          0.        ,  0.01024917],
        [-0.05036017, -0.04204464, -0.04047802, ...,  0.0273049 ,
         -0.01024917,  0.        ]],

       [[ 0.        , -0.04932336, -0.11642783, ...,  0.30946969,
          0.41040139,  0.43854494],
        [ 0.04932336,  0.        , -0.06729819, ...,  0.35599507,
          0.45488009,  0.48233853],
        [ 0.11642783,  0.06729819,  0.        , ...,  0.41807734,
          0.51378142,  0.54019723],
        ...,
        [-0.30946969, -0.35599507, -0.41807734, ...,  0.        ,
          0.10804755,  0.13889319],
        [-0.41040139, -0.45488009, -0.51378142, ..., -0.10804755,
          0.        ,  0.03107979],
        [-0.43854494, -0.48233853, -0.54019723, ..., -0.13889319,
         -0.03107979,  0.        ]],

       ...,

       [[ 0.        ,  0.0489232 ,  0.02791438, ...,  0.08890404,
          0.0692409 , -0.12382042],
        [-0.0489232 ,  0.        , -0.02102319, ...,  0.0400681 ,
          0.0203522 , -0.17221887],
        [-0.02791438,  0.02102319,  0.        , ...,  0.06106555,
          0.04136653, -0.15147174],
        ...,
        [-0.08890404, -0.0400681 , -0.06106555, ...,  0.        ,
         -0.01972395, -0.21155001],
        [-0.0692409 , -0.0203522 , -0.04136653, ...,  0.01972395,
          0.        , -0.19223131],
        [ 0.12382042,  0.17221887,  0.15147174, ...,  0.21155001,
          0.19223131,  0.        ]],

       [[ 0.        , -0.00759855, -0.06033055, ...,  0.78331639,
          0.76700078,  0.76042915],
        [ 0.00759855,  0.        , -0.0527441 , ...,  0.78801722,
          0.77185422,  0.76534185],
        [ 0.06033055,  0.0527441 ,  0.        , ...,  0.81939242,
          0.80431452,  0.79822391],
        ...,
        [-0.78331639, -0.78801722, -0.81939242, ...,  0.        ,
         -0.02582647, -0.03600163],
        [-0.76700078, -0.77185422, -0.80431452, ...,  0.02582647,
          0.        , -0.01017989],
        [-0.76042915, -0.76534185, -0.79822391, ...,  0.03600163,
          0.01017989,  0.        ]],

       [[ 0.        , -0.10879154, -0.11552328, ...,  0.5591434 ,
          0.876803  ,  0.74656881],
        [ 0.10879154,  0.        , -0.00677445, ...,  0.64602056,
          0.9239112 ,  0.81451752],
        [ 0.11552328,  0.00677445,  0.        , ...,  0.6511768 ,
          0.92648194,  0.81842895],
        ...,
        [-0.5591434 , -0.64602056, -0.6511768 , ...,  0.        ,
          0.45806793,  0.24695583],
        [-0.876803  , -0.9239112 , -0.92648194, ..., -0.45806793,
          0.        , -0.22435679],
        [-0.74656881, -0.81451752, -0.81842895, ..., -0.24695583,
          0.22435679,  0.        ]]]), 'num': array([ 7.15143096e-01,  6.97100524e-01,  7.79376757e-08,  1.80425719e-02,
        1.82763849e-02,  1.78087589e-02,  2.06947910e-03, -7.79376757e-05,
        1.80815408e-02,  1.82978178e-02,  1.75353275e-02,  2.80938133e-06,
        1.91191178e-02,  1.74765178e-02])}
{'img': array([[[ 0.        ,  0.22048818,  0.34975337, ...,  0.78062475,
          0.73929608,  0.69543093],
        [-0.22048818,  0.        ,  0.13458327, ...,  0.62360819,
          0.5726293 ,  0.51987488],
        [-0.34975337, -0.13458327,  0.        , ...,  0.51272605,
          0.45708638,  0.40017847],
        ...,
        [-0.78062475, -0.62360819, -0.51272605, ...,  0.        ,
         -0.06359744, -0.12630711],
        [-0.73929608, -0.5726293 , -0.45708638, ...,  0.06359744,
          0.        , -0.06296332],
        [-0.69543093, -0.51987488, -0.40017847, ...,  0.12630711,
          0.06296332,  0.        ]],

       [[ 0.        ,  0.00156795,  0.29243505, ...,  0.03180232,
          0.04204464,  0.00716772],
        [-0.00156795,  0.        ,  0.29093528, ...,  0.03023513,
          0.04047802,  0.0055998 ],
        [-0.29243505, -0.29093528,  0.        , ..., -0.26187504,
         -0.25196979, -0.28557315],
        ...,
        [-0.03180232, -0.03023513,  0.26187504, ...,  0.        ,
          0.01024917, -0.02463741],
        [-0.04204464, -0.04047802,  0.25196979, ..., -0.01024917,
          0.        , -0.03488217],
        [-0.00716772, -0.0055998 ,  0.28557315, ...,  0.02463741,
          0.03488217,  0.        ]],

       [[ 0.        , -0.06729819, -0.13649901, ...,  0.45488009,
          0.48233853,  0.5559841 ],
        [ 0.06729819,  0.        , -0.06952125, ...,  0.51378142,
          0.54019723,  0.61066142],
        [ 0.13649901,  0.06952125,  0.        , ...,  0.57218207,
          0.59739501,  0.66423721],
        ...,
        [-0.45488009, -0.51378142, -0.57218207, ...,  0.        ,
          0.03107979,  0.11704003],
        [-0.48233853, -0.54019723, -0.59739501, ..., -0.03107979,
          0.        ,  0.0861173 ],
        [-0.5559841 , -0.61066142, -0.66423721, ..., -0.11704003,
         -0.0861173 ,  0.        ]],

       ...,

       [[ 0.        , -0.02102319,  0.0203522 , ...,  0.0203522 ,
         -0.17221887, -0.31948465],
        [ 0.02102319,  0.        ,  0.04136653, ...,  0.04136653,
         -0.15147174, -0.29949265],
        [-0.0203522 , -0.04136653,  0.        , ...,  0.        ,
         -0.19223131, -0.33870404],
        ...,
        [-0.0203522 , -0.04136653,  0.        , ...,  0.        ,
         -0.19223131, -0.33870404],
        [ 0.17221887,  0.15147174,  0.19223131, ...,  0.19223131,
          0.        , -0.151518  ],
        [ 0.31948465,  0.29949265,  0.33870404, ...,  0.33870404,
          0.151518  ,  0.        ]],

       [[ 0.        , -0.0527441 , -0.06129957, ...,  0.77185422,
          0.76534185,  0.76017872],
        [ 0.0527441 ,  0.        , -0.00856933, ...,  0.80431452,
          0.79822391,  0.79338918],
        [ 0.06129957,  0.00856933,  0.        , ...,  0.80937692,
          0.80335643,  0.79857633],
        ...,
        [-0.77185422, -0.80431452, -0.80937692, ...,  0.        ,
         -0.01017989, -0.01816323],
        [-0.76534185, -0.79822391, -0.80335643, ...,  0.01017989,
          0.        , -0.00798407],
        [-0.76017872, -0.79338918, -0.79857633, ...,  0.01816323,
          0.00798407,  0.        ]],

       [[ 0.        , -0.00677445, -0.01538758, ...,  0.9239112 ,
          0.81451752,  0.7392507 ],
        [ 0.00677445,  0.        , -0.00861358, ...,  0.92648194,
          0.81842895,  0.74379585],
        [ 0.01538758,  0.00861358,  0.        , ...,  0.9296892 ,
          0.82334802,  0.74952563],
        ...,
        [-0.9239112 , -0.92648194, -0.9296892 , ...,  0.        ,
         -0.22435679, -0.33934734],
        [-0.81451752, -0.81842895, -0.82334802, ...,  0.22435679,
          0.        , -0.11965267],
        [-0.7392507 , -0.74379585, -0.74952563, ...,  0.33934734,
          0.11965267,  0.        ]]]), 'num': array([7.06993539e-01, 7.06993539e-01, 0.00000000e+00, 6.31926657e-03,
       6.31926657e-03, 6.22372690e-03, 6.99295771e-04, 0.00000000e+00,
       6.33837450e-03, 6.40456985e-03, 6.14684022e-03, 1.01952829e-06,
       6.69485377e-03, 6.11428592e-03])}
{'img': array([[[ 0.        ,  0.13458327,  0.03446338, ...,  0.5726293 ,
          0.51987488,  0.51987488],
        [-0.13458327,  0.        , -0.10035347, ...,  0.45708638,
          0.40017847,  0.40017847],
        [-0.03446338,  0.10035347,  0.        , ...,  0.54403556,
          0.49012597,  0.49012597],
        ...,
        [-0.5726293 , -0.45708638, -0.54403556, ...,  0.        ,
         -0.06296332, -0.06296332],
        [-0.51987488, -0.40017847, -0.49012597, ...,  0.06296332,
          0.        ,  0.        ],
        [-0.51987488, -0.40017847, -0.49012597, ...,  0.06296332,
          0.        ,  0.        ]],

       [[ 0.        ,  0.29093528,  0.11206203, ...,  0.04047802,
          0.0055998 , -0.02345705],
        [-0.29093528,  0.        , -0.18188821, ..., -0.25196979,
         -0.28557315, -0.3132976 ],
        [-0.11206203,  0.18188821,  0.        , ..., -0.07174713,
         -0.10649575, -0.1353405 ],
        ...,
        [-0.04047802,  0.25196979,  0.07174713, ...,  0.        ,
         -0.03488217, -0.06390471],
        [-0.0055998 ,  0.28557315,  0.10649575, ...,  0.03488217,
          0.        , -0.02905495],
        [ 0.02345705,  0.3132976 ,  0.1353405 , ...,  0.06390471,
          0.02905495,  0.        ]],

       [[ 0.        , -0.06952125, -0.08727701, ...,  0.54019723,
          0.61066142,  0.62312188],
        [ 0.06952125,  0.        , -0.01780988, ...,  0.59739501,
          0.66423721,  0.67598852],
        [ 0.08727701,  0.01780988,  0.        , ...,  0.61158284,
          0.67744513,  0.68900561],
        ...,
        [-0.54019723, -0.59739501, -0.61158284, ...,  0.        ,
          0.0861173 ,  0.10187941],
        [-0.61066142, -0.66423721, -0.67744513, ..., -0.0861173 ,
          0.        ,  0.01583171],
        [-0.62312188, -0.67598852, -0.68900561, ..., -0.10187941,
         -0.01583171,  0.        ]],

       ...,

       [[ 0.        ,  0.04136653,  0.23665287, ..., -0.15147174,
         -0.29949265, -0.24602315],
        [-0.04136653,  0.        ,  0.19625882, ..., -0.19223131,
         -0.33870404, -0.28590765],
        [-0.23665287, -0.19625882,  0.        , ..., -0.38109135,
         -0.51677552, -0.46841378],
        ...,
        [ 0.15147174,  0.19223131,  0.38109135, ...,  0.        ,
         -0.151518  , -0.09636834],
        [ 0.29949265,  0.33870404,  0.51677552, ...,  0.151518  ,
          0.        ,  0.05555708],
        [ 0.24602315,  0.28590765,  0.46841378, ...,  0.09636834,
         -0.05555708,  0.        ]],

       [[ 0.        , -0.00856933, -0.06559737, ...,  0.79822391,
          0.79338918,  0.79065322],
        [ 0.00856933,  0.        , -0.05704409, ...,  0.80335643,
          0.79857633,  0.79587088],
        [ 0.06559737,  0.05704409,  0.        , ...,  0.83601796,
          0.83161044,  0.82911321],
        ...,
        [-0.79822391, -0.80335643, -0.83601796, ...,  0.        ,
         -0.00798407, -0.01246541],
        [-0.79338918, -0.79857633, -0.83161044, ...,  0.00798407,
          0.        , -0.00448156],
        [-0.79065322, -0.79587088, -0.82911321, ...,  0.01246541,
          0.00448156,  0.        ]],

       [[ 0.        , -0.00861358,  0.00275306, ...,  0.81842895,
          0.74379585,  0.69290421],
        [ 0.00861358,  0.        ,  0.01136651, ...,  0.82334802,
          0.74952563,  0.69908916],
        [-0.00275306, -0.01136651,  0.        , ...,  0.81684392,
          0.74195287,  0.69091655],
        ...,
        [-0.81842895, -0.82334802, -0.81684392, ...,  0.        ,
         -0.11965267, -0.19196341],
        [-0.74379585, -0.74952563, -0.74195287, ...,  0.11965267,
          0.        , -0.07315693],
        [-0.69290421, -0.69908916, -0.69091655, ...,  0.19196341,
          0.07315693,  0.        ]]]), 'num': array([ 7.35732221e-01,  6.77016812e-01,  2.55840564e-07,  6.52393437e-03,
        6.58078783e-03,  6.50972101e-03,  6.46167983e-04, -5.68534586e-05,
        6.58647317e-03,  6.66038267e-03,  6.40430522e-03,  8.27613637e-07,
        6.96857352e-03,  6.35219182e-03])}
{'img': array([[[ 0.        , -0.10035347, -0.16923305, ...,  0.40017847,
          0.40017847,  0.28266244],
        [ 0.10035347,  0.        , -0.06947275, ...,  0.49012597,
          0.49012597,  0.37749653],
        [ 0.16923305,  0.06947275,  0.        , ...,  0.54949779,
          0.54949779,  0.44091697],
        ...,
        [-0.40017847, -0.49012597, -0.54949779, ...,  0.        ,
          0.        , -0.12481658],
        [-0.40017847, -0.49012597, -0.54949779, ...,  0.        ,
          0.        , -0.12481658],
        [-0.28266244, -0.37749653, -0.44091697, ...,  0.12481658,
          0.12481658,  0.        ]],

       [[ 0.        , -0.18188821, -0.2260579 , ..., -0.28557315,
         -0.3132976 , -0.40501248],
        [ 0.18188821,  0.        , -0.04510725, ..., -0.10649575,
         -0.1353405 , -0.23195413],
        [ 0.2260579 ,  0.04510725,  0.        , ..., -0.06153662,
         -0.09051052, -0.18784101],
        ...,
        [ 0.28557315,  0.10649575,  0.06153662, ...,  0.        ,
         -0.02905495, -0.12704379],
        [ 0.3132976 ,  0.1353405 ,  0.09051052, ...,  0.02905495,
          0.        , -0.09817064],
        [ 0.40501248,  0.23195413,  0.18784101, ...,  0.12704379,
          0.09817064,  0.        ]],

       [[ 0.        , -0.01780988, -0.00888252, ...,  0.66423721,
          0.67598852,  0.64637563],
        [ 0.01780988,  0.        ,  0.00892807, ...,  0.67744513,
          0.68900561,  0.65986239],
        [ 0.00888252, -0.00892807,  0.        , ...,  0.67085088,
          0.68250748,  0.65312766],
        ...,
        [-0.66423721, -0.67744513, -0.67085088, ...,  0.        ,
          0.01583171, -0.02364595],
        [-0.67598852, -0.68900561, -0.68250748, ..., -0.01583171,
          0.        , -0.03947027],
        [-0.64637563, -0.65986239, -0.65312766, ...,  0.02364595,
          0.03947027,  0.        ]],

       ...,

       [[ 0.        ,  0.19625882,  0.23549671, ..., -0.33870404,
         -0.28590765, -0.67322942],
        [-0.19625882,  0.        ,  0.04017772, ..., -0.51677552,
         -0.46841378, -0.80525692],
        [-0.23549671, -0.04017772,  0.        , ..., -0.55075524,
         -0.50353295, -0.82842913],
        ...,
        [ 0.33870404,  0.51677552,  0.55075524, ...,  0.        ,
          0.05555708, -0.38298765],
        [ 0.28590765,  0.46841378,  0.50353295, ..., -0.05555708,
          0.        , -0.43371718],
        [ 0.67322942,  0.80525692,  0.82842913, ...,  0.38298765,
          0.43371718,  0.        ]],

       [[ 0.        , -0.05704409, -0.06967221, ...,  0.79857633,
          0.79587088,  0.78991489],
        [ 0.05704409,  0.        , -0.0126533 , ...,  0.83161044,
          0.82911321,  0.82360902],
        [ 0.06967221,  0.0126533 ,  0.        , ...,  0.83857099,
          0.83612105,  0.8307195 ],
        ...,
        [-0.79857633, -0.83161044, -0.83857099, ...,  0.        ,
         -0.00448156, -0.01425549],
        [-0.79587088, -0.82911321, -0.83612105, ...,  0.00448156,
          0.        , -0.00977424],
        [-0.78991489, -0.82360902, -0.8307195 , ...,  0.01425549,
          0.00977424,  0.        ]],

       [[ 0.        ,  0.01136651, -0.02016941, ...,  0.74952563,
          0.69908916,  0.60265941],
        [-0.01136651,  0.        , -0.0315323 , ...,  0.74195287,
          0.69091655,  0.59355002],
        [ 0.02016941,  0.0315323 ,  0.        , ...,  0.76272481,
          0.71336877,  0.61863197],
        ...,
        [-0.74952563, -0.74195287, -0.76272481, ...,  0.        ,
         -0.07315693, -0.19917469],
        [-0.69908916, -0.69091655, -0.71336877, ...,  0.07315693,
          0.        , -0.12694983],
        [-0.60265941, -0.59355002, -0.61863197, ...,  0.19917469,
          0.12694983,  0.        ]]]), 'num': array([7.26157606e-01, 6.87282716e-01, 1.68289571e-07, 6.47914848e-03,
       6.53524501e-03, 6.38097957e-03, 8.37465002e-04, 4.20723928e-05,
       6.48475814e-03, 6.56469568e-03, 6.32184448e-03, 1.15754731e-06,
       6.87052465e-03, 6.25886672e-03])}
{'img': array([[[ 0.        , -0.06947275, -0.21565728, ...,  0.49012597,
          0.37749653,  0.46256589],
        [ 0.06947275,  0.        , -0.14729822, ...,  0.54949779,
          0.44091697,  0.52304176],
        [ 0.21565728,  0.14729822,  0.        , ...,  0.66657089,
          0.56831471,  0.6428798 ],
        ...,
        [-0.49012597, -0.54949779, -0.66657089, ...,  0.        ,
         -0.12481658, -0.03134198],
        [-0.37749653, -0.44091697, -0.56831471, ...,  0.12481658,
          0.        ,  0.09365838],
        [-0.46256589, -0.52304176, -0.6428798 , ...,  0.03134198,
         -0.09365838,  0.        ]],

       [[ 0.        , -0.04510725,  0.0363787 , ..., -0.1353405 ,
         -0.23195413, -0.01164706],
        [ 0.04510725,  0.        ,  0.08141906, ..., -0.09051052,
         -0.18784101,  0.03346898],
        [-0.0363787 , -0.08141906,  0.        , ..., -0.1712949 ,
         -0.26718713, -0.04801558],
        ...,
        [ 0.1353405 ,  0.09051052,  0.1712949 , ...,  0.        ,
         -0.09817064,  0.12379142],
        [ 0.23195413,  0.18784101,  0.26718713, ...,  0.09817064,
          0.        ,  0.22060899],
        [ 0.01164706, -0.03346898,  0.04801558, ..., -0.12379142,
         -0.22060899,  0.        ]],

       [[ 0.        ,  0.00892807,  0.01780988, ...,  0.68900561,
          0.65986239,  0.62992242],
        [-0.00892807,  0.        ,  0.00888252, ...,  0.68250748,
          0.65312766,  0.62296326],
        [-0.01780988, -0.00888252,  0.        , ...,  0.67598852,
          0.64637563,  0.61599032],
        ...,
        [-0.68900561, -0.68250748, -0.67598852, ...,  0.        ,
         -0.03947027, -0.07858171],
        [-0.65986239, -0.65312766, -0.64637563, ...,  0.03947027,
          0.        , -0.03917226],
        [-0.62992242, -0.62296326, -0.61599032, ...,  0.07858171,
          0.03917226,  0.        ]],

       ...,

       [[ 0.        ,  0.04017772, -0.46973426, ..., -0.46841378,
         -0.80525692, -0.32857832],
        [-0.04017772,  0.        , -0.50482418, ..., -0.50353295,
         -0.82842913, -0.36625993],
        [ 0.46973426,  0.50482418,  0.        , ...,  0.00149517,
         -0.43236947,  0.15358155],
        ...,
        [ 0.46841378,  0.50353295, -0.00149517, ...,  0.        ,
         -0.43371718,  0.15210395],
        [ 0.80525692,  0.82842913,  0.43236947, ...,  0.43371718,
          0.        ,  0.56572378],
        [ 0.32857832,  0.36625993, -0.15358155, ..., -0.15210395,
         -0.56572378,  0.        ]],

       [[ 0.        , -0.0126533 , -0.03645481, ...,  0.82911321,
          0.82360902,  0.81474529],
        [ 0.0126533 ,  0.        , -0.023807  , ...,  0.83612105,
          0.8307195 ,  0.82201669],
        [ 0.03645481,  0.023807  ,  0.        , ...,  0.84894328,
          0.8437372 ,  0.83534093],
        ...,
        [-0.82911321, -0.83612105, -0.84894328, ...,  0.        ,
         -0.00977424, -0.0252272 ],
        [-0.82360902, -0.8307195 , -0.8437372 , ...,  0.00977424,
          0.        , -0.01545487],
        [-0.81474529, -0.82201669, -0.83534093, ...,  0.0252272 ,
          0.01545487,  0.        ]],

       [[ 0.        , -0.0315323 , -0.08462729, ...,  0.69091655,
          0.59355002,  0.54138759],
        [ 0.0315323 ,  0.        , -0.05316602, ...,  0.71336877,
          0.61863197,  0.56762989],
        [ 0.08462729,  0.05316602,  0.        , ...,  0.749618  ,
          0.65952856,  0.61059781],
        ...,
        [-0.69091655, -0.71336877, -0.749618  , ...,  0.        ,
         -0.12694983, -0.1895163 ],
        [-0.59355002, -0.61863197, -0.65952856, ...,  0.12694983,
          0.        , -0.06333375],
        [-0.54138759, -0.56762989, -0.61059781, ...,  0.1895163 ,
          0.06333375,  0.        ]]]), 'num': array([ 7.16475189e-01,  6.97376889e-01,  8.30360871e-08,  6.36610001e-03,
        6.50449349e-03,  6.33842131e-03,  6.18867957e-04, -2.76786957e-05,
        6.38547509e-03,  6.46712725e-03,  6.24154588e-03,  1.10714783e-06,
        6.76831674e-03,  6.16593776e-03])}
{'img': array([[[ 0.        , -0.14729822, -0.14729822, ...,  0.44091697,
          0.52304176,  0.46875   ],
        [ 0.14729822,  0.        ,  0.        , ...,  0.56831471,
          0.6428798 ,  0.59375   ],
        [ 0.14729822,  0.        ,  0.        , ...,  0.56831471,
          0.6428798 ,  0.59375   ],
        ...,
        [-0.44091697, -0.56831471, -0.56831471, ...,  0.        ,
          0.09365838,  0.03125   ],
        [-0.52304176, -0.6428798 , -0.6428798 , ..., -0.09365838,
          0.        , -0.0625    ],
        [-0.46875   , -0.59375   , -0.59375   , ..., -0.03125   ,
          0.0625    ,  0.        ]],

       [[ 0.        ,  0.08141906, -0.17653371, ..., -0.18784101,
          0.03346898, -0.20145457],
        [-0.08141906,  0.        , -0.25608794, ..., -0.26718713,
         -0.04801558, -0.28053553],
        [ 0.17653371,  0.25608794,  0.        , ..., -0.01149959,
          0.20937814, -0.02537626],
        ...,
        [ 0.18784101,  0.26718713,  0.01149959, ...,  0.        ,
          0.22060899, -0.0138787 ],
        [-0.03346898,  0.04801558, -0.20937814, ..., -0.22060899,
          0.        , -0.2341245 ],
        [ 0.20145457,  0.28053553,  0.02537626, ...,  0.0138787 ,
          0.2341245 ,  0.        ]],

       [[ 0.        ,  0.00888252, -0.03599287, ...,  0.65312766,
          0.62296326,  0.59203005],
        [-0.00888252,  0.        , -0.04486821, ...,  0.64637563,
          0.61599032,  0.58484814],
        [ 0.03599287,  0.04486821,  0.        , ...,  0.67995999,
          0.65071507,  0.62065367],
        ...,
        [-0.65312766, -0.64637563, -0.67995999, ...,  0.        ,
         -0.03917226, -0.07805249],
        [-0.62296326, -0.61599032, -0.65071507, ...,  0.03917226,
          0.        , -0.03893983],
        [-0.59203005, -0.58484814, -0.62065367, ...,  0.07805249,
          0.03893983,  0.        ]],

       ...,

       [[ 0.        , -0.50482418, -0.46391778, ..., -0.82842913,
         -0.36625993, -0.41003054],
        [ 0.50482418,  0.        ,  0.04674864, ..., -0.43236947,
          0.15358155,  0.10648844],
        [ 0.46391778, -0.04674864,  0.        , ..., -0.47404984,
          0.10721962,  0.05988919],
        ...,
        [ 0.82842913,  0.43236947,  0.47404984, ...,  0.        ,
          0.56572378,  0.52593125],
        [ 0.36625993, -0.15358155, -0.10721962, ..., -0.56572378,
          0.        , -0.04748322],
        [ 0.41003054, -0.10648844, -0.05988919, ..., -0.52593125,
          0.04748322,  0.        ]],

       [[ 0.        , -0.023807  , -0.02282845, ...,  0.8307195 ,
          0.82201669,  0.80214211],
        [ 0.023807  ,  0.        ,  0.00097881, ...,  0.8437372 ,
          0.83534093,  0.81613071],
        [ 0.02282845, -0.00097881,  0.        , ...,  0.84321141,
          0.83480244,  0.8155647 ],
        ...,
        [-0.8307195 , -0.8437372 , -0.84321141, ...,  0.        ,
         -0.01545487, -0.04950471],
        [-0.82201669, -0.83534093, -0.83480244, ...,  0.01545487,
          0.        , -0.03406287],
        [-0.80214211, -0.81613071, -0.8155647 , ...,  0.04950471,
          0.03406287,  0.        ]],

       [[ 0.        , -0.05316602, -0.10656628, ...,  0.61863197,
          0.56762989,  0.5088293 ],
        [ 0.05316602,  0.        , -0.05355228, ...,  0.65952856,
          0.61059781,  0.55387855],
        [ 0.10656628,  0.05355228,  0.        , ...,  0.69883633,
          0.65213187,  0.59767126],
        ...,
        [-0.61863197, -0.65952856, -0.69883633, ...,  0.        ,
         -0.06333375, -0.13278266],
        [-0.56762989, -0.61059781, -0.65213187, ...,  0.06333375,
          0.        , -0.06974314],
        [-0.5088293 , -0.55387855, -0.59767126, ...,  0.13278266,
          0.06974314,  0.        ]]]), 'num': array([7.16475894e-01, 6.97377575e-01, 8.30361688e-08, 6.36610628e-03,
       6.42146372e-03, 6.32458819e-03, 5.99493460e-04, 0.00000000e+00,
       6.37717777e-03, 6.45121835e-03, 6.24501186e-03, 1.30844872e-06,
       6.73810067e-03, 6.16433603e-03])}
{'img': array([[[ 0.        ,  0.        ,  0.0382955 , ...,  0.6428798 ,
          0.59375   ,  0.59375   ],
        [ 0.        ,  0.        ,  0.0382955 , ...,  0.6428798 ,
          0.59375   ,  0.59375   ],
        [-0.0382955 , -0.0382955 ,  0.        , ...,  0.61307512,
          0.5625    ,  0.5625    ],
        ...,
        [-0.6428798 , -0.6428798 , -0.61307512, ...,  0.        ,
         -0.0625    , -0.0625    ],
        [-0.59375   , -0.59375   , -0.5625    , ...,  0.0625    ,
          0.        ,  0.        ],
        [-0.59375   , -0.59375   , -0.5625    , ...,  0.0625    ,
          0.        ,  0.        ]],

       [[ 0.        , -0.25608794, -0.12355474, ..., -0.04801558,
         -0.28053553, -0.30642868],
        [ 0.25608794,  0.        ,  0.13469112, ...,  0.20937814,
         -0.02537626, -0.05244187],
        [ 0.12355474, -0.13469112,  0.        , ...,  0.07576455,
         -0.15979277, -0.18646978],
        ...,
        [ 0.04801558, -0.20937814, -0.07576455, ...,  0.        ,
         -0.2341245 , -0.26036951],
        [ 0.28053553,  0.02537626,  0.15979277, ...,  0.2341245 ,
          0.        , -0.02708364],
        [ 0.30642868,  0.05244187,  0.18646978, ...,  0.26036951,
          0.02708364,  0.        ]],

       [[ 0.        , -0.04486821, -0.11919524, ...,  0.61599032,
          0.58484814,  0.56580452],
        [ 0.04486821,  0.        , -0.07452686, ...,  0.65071507,
          0.62065367,  0.60223031],
        [ 0.11919524,  0.07452686,  0.        , ...,  0.70549532,
          0.67736302,  0.66005197],
        ...,
        [-0.61599032, -0.65071507, -0.70549532, ...,  0.        ,
         -0.03893983, -0.06219369],
        [-0.58484814, -0.62065367, -0.67736302, ...,  0.03893983,
          0.        , -0.02328208],
        [-0.56580452, -0.60223031, -0.66005197, ...,  0.06219369,
          0.02328208,  0.        ]],

       ...,

       [[ 0.        ,  0.04674864,  0.20179083, ...,  0.15358155,
          0.10648844,  0.35416031],
        [-0.04674864,  0.        ,  0.15578325, ...,  0.10721962,
          0.05988919,  0.31005449],
        [-0.20179083, -0.15578325,  0.        , ..., -0.04897461,
         -0.09634561,  0.15816305],
        ...,
        [-0.15358155, -0.10721962,  0.04897461, ...,  0.        ,
         -0.04748322,  0.20633142],
        [-0.10648844, -0.05988919,  0.09634561, ...,  0.04748322,
          0.        ,  0.25256018],
        [-0.35416031, -0.31005449, -0.15816305, ..., -0.20633142,
         -0.25256018,  0.        ]],

       [[ 0.        ,  0.00097881, -0.03614918, ...,  0.83534093,
          0.81613071,  0.76436473],
        [-0.00097881,  0.        , -0.03712733, ...,  0.83480244,
          0.8155647 ,  0.76373325],
        [ 0.03614918,  0.03712733,  0.        , ...,  0.85466732,
          0.83648672,  0.78717356],
        ...,
        [-0.83534093, -0.83480244, -0.85466732, ...,  0.        ,
         -0.03406287, -0.11841862],
        [-0.81613071, -0.8155647 , -0.83648672, ...,  0.03406287,
          0.        , -0.0845267 ],
        [-0.76436473, -0.76373325, -0.78717356, ...,  0.11841862,
          0.0845267 ,  0.        ]],

       [[ 0.        , -0.05355228, -0.07802691, ...,  0.61059781,
          0.55387855,  0.54536445],
        [ 0.05355228,  0.        , -0.02452593, ...,  0.65213187,
          0.59767126,  0.58946935],
        [ 0.07802691,  0.02452593,  0.        , ...,  0.67052895,
          0.61715492,  0.60910385],
        ...,
        [-0.61059781, -0.65213187, -0.67052895, ...,  0.        ,
         -0.06974314, -0.07990611],
        [-0.55387855, -0.59767126, -0.61715492, ...,  0.06974314,
          0.        , -0.01019141],
        [-0.54536445, -0.58946935, -0.60910385, ...,  0.07990611,
          0.01019141,  0.        ]]]), 'num': array([ 7.16355945e-01,  6.97503335e-01,  8.30511429e-08,  6.28420315e-03,
        6.33957058e-03,  6.28420315e-03,  7.10945467e-04, -8.30511429e-05,
        6.35341243e-03,  6.42954265e-03,  6.24913711e-03,  1.21996029e-06,
        6.69268360e-03,  6.16640170e-03])}
{'img': array([[[ 0.        ,  0.0382955 ,  0.2809693 , ...,  0.59375   ,
          0.59375   ,  0.43234781],
        [-0.0382955 ,  0.        ,  0.24401036, ...,  0.5625    ,
          0.5625    ,  0.39749935],
        [-0.2809693 , -0.24401036,  0.        , ...,  0.34375   ,
          0.34375   ,  0.16157948],
        ...,
        [-0.59375   , -0.5625    , -0.34375   , ...,  0.        ,
          0.        , -0.1875    ],
        [-0.59375   , -0.5625    , -0.34375   , ...,  0.        ,
          0.        , -0.1875    ],
        [-0.43234781, -0.39749935, -0.16157948, ...,  0.1875    ,
          0.1875    ,  0.        ]],

       [[ 0.        ,  0.13469112,  0.62001275, ..., -0.02537626,
         -0.05244187,  0.08870662],
        [-0.13469112,  0.        ,  0.50868543, ..., -0.15979277,
         -0.18646978, -0.04626185],
        [-0.62001275, -0.50868543,  0.        , ..., -0.63972309,
         -0.66030505, -0.54797006],
        ...,
        [ 0.02537626,  0.15979277,  0.63972309, ...,  0.        ,
         -0.02708364,  0.11395427],
        [ 0.05244187,  0.18646978,  0.66030505, ...,  0.02708364,
          0.        ,  0.14081969],
        [-0.08870662,  0.04626185,  0.54797006, ..., -0.11395427,
         -0.14081969,  0.        ]],

       [[ 0.        , -0.07452686, -0.0555578 , ...,  0.62065367,
          0.60223031,  0.54524212],
        [ 0.07452686,  0.        ,  0.01900845, ...,  0.67736302,
          0.66005197,  0.60620008],
        [ 0.0555578 , -0.01900845,  0.        , ...,  0.66325709,
          0.64565319,  0.5909729 ],
        ...,
        [-0.62065367, -0.67736302, -0.66325709, ...,  0.        ,
         -0.02328208, -0.09276462],
        [-0.60223031, -0.66005197, -0.64565319, ...,  0.02328208,
          0.        , -0.06955779],
        [-0.54524212, -0.60620008, -0.5909729 , ...,  0.09276462,
          0.06955779,  0.        ]],

       ...,

       [[ 0.        ,  0.15578325,  0.53111266, ...,  0.05988919,
          0.31005449,  0.20570035],
        [-0.15578325,  0.        ,  0.39263311, ..., -0.09634561,
          0.15816305,  0.05073718],
        [-0.53111266, -0.39263311,  0.        , ..., -0.47941515,
         -0.24222924, -0.34546468],
        ...,
        [-0.05988919,  0.09634561,  0.47941515, ...,  0.        ,
          0.25256018,  0.14672267],
        [-0.31005449, -0.15816305,  0.24222924, ..., -0.25256018,
          0.        , -0.10786079],
        [-0.20570035, -0.05073718,  0.34546468, ..., -0.14672267,
          0.10786079,  0.        ]],

       [[ 0.        , -0.03712733, -0.09367842, ...,  0.8155647 ,
          0.76373325,  0.67875895],
        [ 0.03712733,  0.        , -0.05664977, ...,  0.83648672,
          0.78717356,  0.70555584],
        [ 0.09367842,  0.05664977,  0.        , ...,  0.86618677,
          0.82084715,  0.74456791],
        ...,
        [-0.8155647 , -0.83648672, -0.86618677, ...,  0.        ,
         -0.0845267 , -0.20614437],
        [-0.76373325, -0.78717356, -0.82084715, ...,  0.0845267 ,
          0.        , -0.12269542],
        [-0.67875895, -0.70555584, -0.74456791, ...,  0.20614437,
          0.12269542,  0.        ]],

       [[ 0.        , -0.02452593,  0.00998782, ...,  0.59767126,
          0.58946935,  0.59433043],
        [ 0.02452593,  0.        ,  0.03450952, ...,  0.61715492,
          0.60910385,  0.61387591],
        [-0.00998782, -0.03450952,  0.        , ...,  0.5896338 ,
          0.58137188,  0.58626837],
        ...,
        [-0.59767126, -0.61715492, -0.5896338 , ...,  0.        ,
         -0.01019141, -0.00416052],
        [-0.58946935, -0.60910385, -0.58137188, ...,  0.01019141,
          0.        ,  0.00603102],
        [-0.59433043, -0.61387591, -0.58626837, ...,  0.00416052,
         -0.00603102,  0.        ]]]), 'num': array([7.16375697e-01, 6.97482136e-01, 8.30486188e-08, 6.29785359e-03,
       6.43626796e-03, 6.18712210e-03, 1.58069204e-03, 1.38414365e-05,
       6.34214619e-03, 6.40927716e-03, 6.25217685e-03, 1.43737994e-06,
       6.64700761e-03, 6.17154671e-03])}
{'img': array([[[ 0.        ,  0.24401036, -0.11815498, ...,  0.5625    ,
          0.39749935,  0.42640404],
        [-0.24401036,  0.        , -0.35688457, ...,  0.34375   ,
          0.16157948,  0.19279959],
        [ 0.11815498,  0.35688457,  0.        , ...,  0.65625   ,
          0.50313423,  0.53029221],
        ...,
        [-0.5625    , -0.34375   , -0.65625   , ...,  0.        ,
         -0.1875    , -0.15625   ],
        [-0.39749935, -0.16157948, -0.50313423, ...,  0.1875    ,
          0.        ,  0.03171819],
        [-0.42640404, -0.19279959, -0.53029221, ...,  0.15625   ,
         -0.03171819,  0.        ]],

       [[ 0.        ,  0.50868543,  0.98298146, ..., -0.18646978,
         -0.04626185,  0.62059213],
        [-0.50868543,  0.        ,  0.75285236, ..., -0.66030505,
         -0.54797006,  0.13542301],
        [-0.98298146, -0.75285236,  0.        , ..., -0.99999604,
         -0.99042755, -0.65678299],
        ...,
        [ 0.18646978,  0.66030505,  0.99999604, ...,  0.        ,
          0.14081969,  0.75592458],
        [ 0.04626185,  0.54797006,  0.99042755, ..., -0.14081969,
          0.        ,  0.65620316],
        [-0.62059213, -0.13542301,  0.65678299, ..., -0.75592458,
         -0.65620316,  0.        ]],

       [[ 0.        ,  0.01900845, -0.03883371, ...,  0.66005197,
          0.60620008,  0.58134802],
        [-0.01900845,  0.        , -0.05782081, ...,  0.64565319,
          0.5909729 ,  0.56577666],
        [ 0.03883371,  0.05782081,  0.        , ...,  0.68872675,
          0.63662774,  0.61250674],
        ...,
        [-0.66005197, -0.64565319, -0.68872675, ...,  0.        ,
         -0.06955779, -0.10033438],
        [-0.60620008, -0.5909729 , -0.63662774, ...,  0.06955779,
          0.        , -0.03088458],
        [-0.58134802, -0.56577666, -0.61250674, ...,  0.10033438,
          0.03088458,  0.        ]],

       ...,

       [[ 0.        ,  0.39263311,  0.07506381, ...,  0.15816305,
          0.05073718,  0.30309038],
        [-0.39263311,  0.        , -0.32248956, ..., -0.24222924,
         -0.34546468, -0.0954136 ],
        [-0.07506381,  0.32248956,  0.        , ...,  0.08359785,
         -0.0243731 ,  0.23070233],
        ...,
        [-0.15816305,  0.24222924, -0.08359785, ...,  0.        ,
         -0.10786079,  0.14855203],
        [-0.05073718,  0.34546468,  0.0243731 , ...,  0.10786079,
          0.        ,  0.25434942],
        [-0.30309038,  0.0954136 , -0.23070233, ..., -0.14855203,
         -0.25434942,  0.        ]],

       [[ 0.        , -0.05664977, -0.04802837, ...,  0.78717356,
          0.70555584,  0.62045199],
        [ 0.05664977,  0.        ,  0.00863316, ...,  0.82084715,
          0.74456791,  0.66388288],
        [ 0.04802837, -0.00863316,  0.        , ...,  0.81588575,
          0.73877712,  0.65740195],
        ...,
        [-0.78717356, -0.82084715, -0.81588575, ...,  0.        ,
         -0.12269542, -0.23468418],
        [-0.70555584, -0.74456791, -0.73877712, ...,  0.12269542,
          0.        , -0.11364225],
        [-0.62045199, -0.66388288, -0.65740195, ...,  0.23468418,
          0.11364225,  0.        ]],

       [[ 0.        ,  0.03450952, -0.01353953, ...,  0.60910385,
          0.61387591,  0.64079695],
        [-0.03450952,  0.        , -0.04803782, ...,  0.58137188,
          0.58626837,  0.61392196],
        [ 0.01353953,  0.04803782,  0.        , ...,  0.61978609,
          0.62450779,  0.65113266],
        ...,
        [-0.60910385, -0.58137188, -0.61978609, ...,  0.        ,
          0.00603102,  0.0405946 ],
        [-0.61387591, -0.58626837, -0.62450779, ..., -0.00603102,
          0.        ,  0.03456781],
        [-0.64079695, -0.61392196, -0.65113266, ..., -0.0405946 ,
         -0.03456781,  0.        ]]]), 'num': array([ 7.13169664e-01,  7.00765546e-01,  5.51294111e-08,  6.20205875e-03,
        6.32609992e-03,  6.17449404e-03,  8.29091214e-04, -6.89117639e-05,
        6.28199640e-03,  6.35297551e-03,  6.22732640e-03,  1.06883552e-06,
        6.51824311e-03,  6.18770792e-03])}
{'img': array([[[ 0.        , -0.35688457, -0.31857349, ...,  0.16157948,
          0.19279959,  0.0330776 ],
        [ 0.35688457,  0.        ,  0.04069529, ...,  0.50313423,
          0.53029221,  0.38758868],
        [ 0.31857349, -0.04069529,  0.        , ...,  0.46754824,
          0.49535084,  0.34975337],
        ...,
        [-0.16157948, -0.50313423, -0.46754824, ...,  0.        ,
          0.03171819, -0.12884811],
        [-0.19279959, -0.53029221, -0.49535084, ..., -0.03171819,
          0.        , -0.16023708],
        [-0.0330776 , -0.38758868, -0.34975337, ...,  0.12884811,
          0.16023708,  0.        ]],

       [[ 0.        ,  0.75285236, -0.32117239, ..., -0.54797006,
          0.13542301, -0.43662429],
