state_0,state_1,state_2,state_3,state_4,state_5,state_6,state_7,state_8,state_9,state_10,state_11,state_12,state_13,state_14,state_15,state_16,state_17,state_18,state_19,state_20,state_21,state_22,state_23,state_24,state_25,state_26,state_27,state_28,state_29,state_30,state_31,state_32,state_33,state_34,state_35,state_36,state_37,state_38,state_39,state_40,state_41,state_42,state_43,state_44,state_45,state_46,state_47,state_48,state_49,state_50,state_51,state_52,state_53,state_54,state_55,state_56,state_57,state_58,state_59,state_60,state_61,state_62,state_63,state_64,state_65,state_66,state_67,state_68,state_69,state_70,state_71,state_72,state_73,state_74,state_75,state_76,state_77,state_78,state_79,state_80,state_81,state_82,state_83,state_84,state_85,state_86,state_87,state_88,state_89,state_90,state_91,state_92,state_93,state_94,state_95,state_96,state_97,state_98,state_99,state_100,state_101,state_102,state_103,state_104,state_105,state_106,state_107,state_108,state_109,state_110,state_111,state_112,state_113,state_114,state_115,state_116,state_117,state_118,state_119,state_120,state_121,state_122,state_123,state_124,state_125,state_126,state_127,state_128,state_129,state_130,state_131,state_132,state_133,state_134,state_135,state_136,state_137,state_138,state_139,state_140,state_141,state_142,state_143,state_144,state_145,state_146,state_147,state_148,state_149,state_150,state_151,state_152,state_153,state_154,state_155,state_156,state_157,state_158,state_159,state_160,state_161,state_162,state_163,state_164,state_165,state_166,state_167,state_168,state_169,state_170,state_171,state_172,state_173,state_174,state_175,state_176,state_177,state_178,state_179,state_180,state_181,state_182,state_183,state_184,state_185,state_186,state_187,state_188,state_189,state_190,state_191,state_192,state_193,state_194,state_195,state_196,state_197,state_198,state_199,state_200,state_201,state_202,state_203,state_204,state_205,state_206,state_207,state_208,state_209,state_210,state_211,state_212,state_213,state_214,state_215,state_216,state_217,state_218,state_219,state_220,state_221,state_222,state_223,state_224,state_225,state_226,state_227,state_228,state_229,state_230,state_231,state_232,state_233,state_234,state_235,state_236,state_237,state_238,state_239,state_240,state_241,state_242,state_243,state_244,state_245,state_246,state_247,state_248,state_249,state_250,state_251,state_252,state_253,state_254,state_255,state_256,state_257,state_258,state_259,state_260,state_261,state_262,state_263,state_264,state_265,state_266,state_267,state_268,state_269,state_270,state_271,state_272,state_273,state_274,state_275,state_276,state_277,state_278,state_279,state_280,state_281,state_282,state_283,state_284,state_285,state_286,state_287
{'img': array([[[ 0.        , -0.30442367, -0.35756806, ...,  0.53422427,
          0.44461074,  0.29590349],
        [ 0.30442367,  0.        , -0.05629938, ...,  0.7662106 ,
          0.69618762,  0.57264987],
        [ 0.35756806,  0.05629938,  0.        , ...,  0.80117273,
          0.73549848,  0.61789584],
        ...,
        [-0.53422427, -0.7662106 , -0.80117273, ...,  0.        ,
         -0.10266896, -0.26016067],
        [-0.44461074, -0.69618762, -0.73549848, ...,  0.10266896,
          0.        , -0.15965229],
        [-0.29590349, -0.57264987, -0.61789584, ...,  0.26016067,
          0.15965229,  0.        ]],

       [[ 0.        ,  0.0495479 , -0.05775121, ...,  0.10833928,
          0.19695213,  0.08678871],
        [-0.0495479 ,  0.        , -0.10714548, ...,  0.05894995,
          0.14813281,  0.03732117],
        [ 0.05775121,  0.10714548,  0.        , ...,  0.16556974,
          0.25324345,  0.14417716],
        ...,
        [-0.10833928, -0.05894995, -0.16556974, ...,  0.        ,
          0.08957562, -0.02165261],
        [-0.19695213, -0.14813281, -0.25324345, ..., -0.08957562,
          0.        , -0.11112019],
        [-0.08678871, -0.03732117, -0.14417716, ...,  0.02165261,
          0.11112019,  0.        ]],

       [[ 0.        , -0.06925493, -0.11916248, ...,  0.69665354,
          0.63538848,  0.52461868],
        [ 0.06925493,  0.        , -0.0501149 , ...,  0.74466489,
          0.68734106,  0.58231838],
        [ 0.11916248,  0.0501149 ,  0.        , ...,  0.77717781,
          0.72287758,  0.62232812],
        ...,
        [-0.69665354, -0.74466489, -0.77717781, ...,  0.        ,
         -0.08211813, -0.21672166],
        [-0.63538848, -0.68734106, -0.72287758, ...,  0.08211813,
          0.        , -0.13582324],
        [-0.52461868, -0.58231838, -0.62232812, ...,  0.21672166,
          0.13582324,  0.        ]],

       ...,

       [[ 0.        , -0.09530032,  0.15449357, ...,  0.18115959,
         -0.23049177, -0.5342147 ],
        [ 0.09530032,  0.        ,  0.24794653, ...,  0.27405851,
         -0.13670841, -0.45122124],
        [-0.15449357, -0.24794653,  0.        , ...,  0.02704728,
         -0.37805816, -0.65840177],
        ...,
        [-0.18115959, -0.27405851, -0.02704728, ...,  0.        ,
         -0.40295973, -0.67851848],
        [ 0.23049177,  0.13670841,  0.37805816, ...,  0.40295973,
          0.        , -0.32498463],
        [ 0.5342147 ,  0.45122124,  0.65840177, ...,  0.67851848,
          0.32498463,  0.        ]],

       [[ 0.        , -0.35276504, -0.60940253, ..., -0.57951103,
         -0.63640975, -0.67662977],
        [ 0.35276504,  0.        , -0.29053158, ..., -0.25476444,
         -0.32339047, -0.37338139],
        [ 0.60940253,  0.29053158,  0.        , ...,  0.03716967,
         -0.03452111, -0.087756  ],
        ...,
        [ 0.57951103,  0.25476444, -0.03716967, ...,  0.        ,
         -0.07164477, -0.12472163],
        [ 0.63640975,  0.32339047,  0.03452111, ...,  0.07164477,
          0.        , -0.05331577],
        [ 0.67662977,  0.37338139,  0.087756  , ...,  0.12472163,
          0.05331577,  0.        ]],

       [[ 0.        , -0.21823929, -0.39826503, ...,  0.97039806,
          0.9274347 ,  0.85339277],
        [ 0.21823929,  0.        , -0.18848053, ...,  0.9997141 ,
          0.9866974 ,  0.94658323],
        [ 0.39826503,  0.18848053,  0.        , ...,  0.98630283,
          0.99965359,  0.99039491],
        ...,
        [-0.97039806, -0.9997141 , -0.98630283, ...,  0.        ,
         -0.13892866, -0.29973405],
        [-0.9274347 , -0.9866974 , -0.99965359, ...,  0.13892866,
          0.        , -0.16428624],
        [-0.85339277, -0.94658323, -0.99039491, ...,  0.29973405,
          0.16428624,  0.        ]]]), 'num': array([ 7.07466597e-01,  7.06742525e-01,  1.07111123e-07,  4.82714128e-05,
        4.94139314e-05,  4.78429683e-05,  2.44882448e-03, -3.57037077e-07,
        4.97852500e-05,  5.27593688e-05,  5.10432106e-05,  1.74055575e-07,
        5.84462466e-05,  4.70724910e-05])}
{'img': array([[[ 0.        , -0.05629938, -0.68454355, ...,  0.69618762,
          0.57264987,  0.53264682],
        [ 0.05629938,  0.        , -0.64241715, ...,  0.73549848,
          0.61789584,  0.57945029],
        [ 0.68454355,  0.64241715,  0.        , ...,  0.9989076 ,
          0.97863454,  0.96763956],
        ...,
        [-0.69618762, -0.73549848, -0.9989076 , ...,  0.        ,
         -0.15965229, -0.206844  ],
        [-0.57264987, -0.61789584, -0.97863454, ...,  0.15965229,
          0.        , -0.04799124],
        [-0.53264682, -0.57945029, -0.96763956, ...,  0.206844  ,
          0.04799124,  0.        ]],

       [[ 0.        , -0.10714548,  0.08747233, ...,  0.14813281,
          0.03732117, -0.0953424 ],
        [ 0.10714548,  0.        ,  0.19370356, ...,  0.25324345,
          0.14417716,  0.01186384],
        [-0.08747233, -0.19370356,  0.        , ...,  0.06105772,
         -0.05023327, -0.18205079],
        ...,
        [-0.14813281, -0.25324345, -0.06105772, ...,  0.        ,
         -0.11112019, -0.24174853],
        [-0.03732117, -0.14417716,  0.05023327, ...,  0.11112019,
          0.        , -0.13242713],
        [ 0.0953424 , -0.01186384,  0.18205079, ...,  0.24174853,
          0.13242713,  0.        ]],

       [[ 0.        , -0.0501149 , -0.30260735, ...,  0.68734106,
          0.58231838,  0.49148534],
        [ 0.0501149 ,  0.        , -0.25446183, ...,  0.72287758,
          0.62232812,  0.53451213],
        [ 0.30260735,  0.25446183,  0.        , ...,  0.87490954,
          0.80102448,  0.73197866],
        ...,
        [-0.68734106, -0.72287758, -0.87490954, ...,  0.        ,
         -0.13582324, -0.24161268],
        [-0.58231838, -0.62232812, -0.80102448, ...,  0.13582324,
          0.        , -0.1075745 ],
        [-0.49148534, -0.53451213, -0.73197866, ...,  0.24161268,
          0.1075745 ,  0.        ]],

       ...,

       [[ 0.        ,  0.24794653, -0.05464447, ..., -0.13670841,
         -0.45122124,  0.13767594],
        [-0.24794653,  0.        , -0.3005142 , ..., -0.37805816,
         -0.65840177, -0.11220859],
        [ 0.05464447,  0.3005142 ,  0.        , ..., -0.08237272,
         -0.40178167,  0.19159434],
        ...,
        [ 0.13670841,  0.37805816,  0.08237272, ...,  0.        ,
         -0.32498463,  0.27178992],
        [ 0.45122124,  0.65840177,  0.40178167, ...,  0.32498463,
          0.        ,  0.56978808],
        [-0.13767594,  0.11220859, -0.19159434, ..., -0.27178992,
         -0.56978808,  0.        ]],

       [[ 0.        , -0.52288253, -0.7217474 , ..., -0.55749461,
         -0.60793152, -0.6181635 ],
        [ 0.52288253,  0.        , -0.25330434, ..., -0.04112415,
         -0.1030405 , -0.11591393],
        [ 0.7217474 ,  0.25330434,  0.        , ...,  0.2133071 ,
          0.15227604,  0.13946329],
        ...,
        [ 0.55749461,  0.04112415, -0.2133071 , ...,  0.        ,
         -0.06204808, -0.07496894],
        [ 0.60793152,  0.1030405 , -0.15227604, ...,  0.06204808,
          0.        , -0.01295101],
        [ 0.6181635 ,  0.11591393, -0.13946329, ...,  0.07496894,
          0.01295101,  0.        ]],

       [[ 0.        , -0.18848053, -0.50175836, ...,  0.9866974 ,
          0.94658323,  0.88388825],
        [ 0.18848053,  0.        , -0.32972817, ...,  0.99965359,
          0.99039491,  0.95619825],
        [ 0.50175836,  0.32972817,  0.        , ...,  0.93507065,
          0.9805987 ,  0.99924172],
        ...,
        [-0.9866974 , -0.99965359, -0.93507065, ...,  0.        ,
         -0.16428624, -0.31778493],
        [-0.94658323, -0.99039491, -0.9805987 , ...,  0.16428624,
          0.        , -0.15769698],
        [-0.88388825, -0.95619825, -0.99924172, ...,  0.31778493,
          0.15769698,  0.        ]]]), 'num': array([7.07104226e-01, 7.07104226e-01, 0.00000000e+00, 6.12226950e-05,
       6.19387499e-05, 6.03276264e-05, 2.68235960e-03, 7.16054912e-07,
       6.17239334e-05, 6.56801368e-05, 6.40690133e-05, 3.09325192e-07,
       7.28497652e-05, 5.85105085e-05])}
{'img': array([[[ 0.        , -0.64241715, -0.06036704, ...,  0.61789584,
          0.57945029,  0.64010227],
        [ 0.64241715,  0.        ,  0.59498295, ...,  0.97863454,
          0.96763956,  0.98410816],
        [ 0.06036704, -0.59498295,  0.        , ...,  0.66423314,
          0.62759311,  0.68531425],
        ...,
        [-0.61789584, -0.97863454, -0.66423314, ...,  0.        ,
         -0.04799124,  0.02856377],
        [-0.57945029, -0.96763956, -0.62759311, ...,  0.04799124,
          0.        ,  0.07650251],
        [-0.64010227, -0.98410816, -0.68531425, ..., -0.02856377,
         -0.07650251,  0.        ]],

       [[ 0.        ,  0.19370356,  0.21159027, ...,  0.14417716,
          0.01186384, -0.0451138 ],
        [-0.19370356,  0.        ,  0.01826496, ..., -0.05023327,
         -0.18205079, -0.2377657 ],
        [-0.21159027, -0.01826496,  0.        , ..., -0.06846679,
         -0.19998016, -0.2554672 ],
        ...,
        [-0.14417716,  0.05023327,  0.06846679, ...,  0.        ,
         -0.13242713, -0.18867281],
        [-0.01186384,  0.18205079,  0.19998016, ...,  0.13242713,
          0.        , -0.05696239],
        [ 0.0451138 ,  0.2377657 ,  0.2554672 , ...,  0.18867281,
          0.05696239,  0.        ]],

       [[ 0.        , -0.25446183, -0.53336699, ...,  0.62232812,
          0.53451213,  0.46123592],
        [ 0.25446183,  0.        , -0.30056487, ...,  0.80102448,
          0.73197866,  0.6718316 ],
        [ 0.53336699,  0.30056487,  0.        , ...,  0.94391384,
          0.9029161 ,  0.86339661],
        ...,
        [-0.62232812, -0.80102448, -0.94391384, ...,  0.        ,
         -0.1075745 , -0.19114236],
        [-0.53451213, -0.73197866, -0.9029161 , ...,  0.1075745 ,
          0.        , -0.08444209],
        [-0.46123592, -0.6718316 , -0.86339661, ...,  0.19114236,
          0.08444209,  0.        ]],

       ...,

       [[ 0.        , -0.3005142 ,  0.16958546, ..., -0.65840177,
         -0.11220859,  0.32930293],
        [ 0.3005142 ,  0.        ,  0.45790817, ..., -0.40178167,
          0.19159434,  0.59783449],
        [-0.16958546, -0.45790817,  0.        , ..., -0.77650646,
         -0.27909778,  0.16440642],
        ...,
        [ 0.65840177,  0.40178167,  0.77650646, ...,  0.        ,
          0.56978808,  0.8695343 ],
        [ 0.11220859, -0.19159434,  0.27909778, ..., -0.56978808,
          0.        ,  0.43317335],
        [-0.32930293, -0.59783449, -0.16440642, ..., -0.8695343 ,
         -0.43317335,  0.        ]],

       [[ 0.        , -0.28754434, -0.55109577, ..., -0.12122464,
         -0.1358691 , -0.25085728],
        [ 0.28754434,  0.        , -0.28788245, ...,  0.16931873,
          0.15474691,  0.03808694],
        [ 0.55109577,  0.28788245,  0.        , ...,  0.44587656,
          0.43261047,  0.32414813],
        ...,
        [ 0.12122464, -0.16931873, -0.44587656, ...,  0.        ,
         -0.01476657, -0.13165886],
        [ 0.1358691 , -0.15474691, -0.43261047, ...,  0.01476657,
          0.        , -0.11700648],
        [ 0.25085728, -0.03808694, -0.32414813, ...,  0.13165886,
          0.11700648,  0.        ]],

       [[ 0.        , -0.32972817, -0.61801093, ...,  0.99039491,
          0.95619825,  0.92550293],
        [ 0.32972817,  0.        , -0.324227  , ...,  0.9805987 ,
          0.99924172,  0.99862642],
        [ 0.61801093,  0.324227  ,  0.        , ...,  0.86406916,
          0.93263796,  0.96166791],
        ...,
        [-0.99039491, -0.9805987 , -0.86406916, ...,  0.        ,
         -0.15769698, -0.24713553],
        [-0.95619825, -0.99924172, -0.93263796, ...,  0.15769698,
          0.        , -0.09123789],
        [-0.92550293, -0.99862642, -0.96166791, ...,  0.24713553,
          0.09123789,  0.        ]]]), 'num': array([7.07099857e-01, 7.07099857e-01, 0.00000000e+00, 6.31914556e-05,
       6.32809619e-05, 5.97007094e-05, 4.42179973e-03, 1.96913884e-06,
       6.16698483e-05, 6.52724773e-05, 6.41954180e-05, 4.34925032e-07,
       7.20236210e-05, 5.85213336e-05])}
{'img': array([[[ 0.        ,  0.59498295,  0.71322557, ...,  0.96763956,
          0.98410816,  0.99960688],
        [-0.59498295,  0.        ,  0.15620259, ...,  0.62759311,
          0.68531425,  0.82010411],
        [-0.71322557, -0.15620259,  0.        , ...,  0.49827922,
          0.5631479 ,  0.720656  ],
        ...,
        [-0.96763956, -0.62759311, -0.49827922, ...,  0.        ,
          0.07650251,  0.27936733],
        [-0.98410816, -0.68531425, -0.5631479 , ..., -0.07650251,
          0.        ,  0.2050921 ],
        [-0.99960688, -0.82010411, -0.720656  , ..., -0.27936733,
         -0.2050921 ,  0.        ]],

       [[ 0.        ,  0.01826496, -0.24637678, ..., -0.18205079,
         -0.2377657 , -0.05235352],
        [-0.01826496,  0.        , -0.26403761, ..., -0.19998016,
         -0.2554672 , -0.0705847 ],
        [ 0.24637678,  0.26403761,  0.        , ...,  0.06582069,
          0.00887496,  0.19529923],
        ...,
        [ 0.18205079,  0.19998016, -0.06582069, ...,  0.        ,
         -0.05696239,  0.13032248],
        [ 0.2377657 ,  0.2554672 , -0.00887496, ...,  0.05696239,
          0.        ,  0.18658748],
        [ 0.05235352,  0.0705847 , -0.19529923, ..., -0.13032248,
         -0.18658748,  0.        ]],

       [[ 0.        , -0.30056487, -0.5844864 , ...,  0.73197866,
          0.6718316 ,  0.66683043],
        [ 0.30056487,  0.        , -0.31358116, ...,  0.9029161 ,
          0.86339661,  0.8599809 ],
        [ 0.5844864 ,  0.31358116,  0.        , ...,  0.99215674,
          0.97805788,  0.97663336],
        ...,
        [-0.73197866, -0.9029161 , -0.99215674, ...,  0.        ,
         -0.08444209, -0.0911475 ],
        [-0.6718316 , -0.86339661, -0.97805788, ...,  0.08444209,
          0.        , -0.00673137],
        [-0.66683043, -0.8599809 , -0.97663336, ...,  0.0911475 ,
          0.00673137,  0.        ]],

       ...,

       [[ 0.        ,  0.45790817,  0.69490058, ...,  0.19159434,
          0.59783449,  0.89804436],
        [-0.45790817,  0.        ,  0.28848185, ..., -0.27909778,
          0.16440642,  0.59692494],
        [-0.69490058, -0.28848185,  0.        , ..., -0.54425039,
         -0.12713964,  0.34009875],
        ...,
        [-0.19159434,  0.27909778,  0.54425039, ...,  0.        ,
          0.43317335,  0.79712408],
        [-0.59783449, -0.16440642,  0.12713964, ..., -0.43317335,
          0.        ,  0.4568996 ],
        [-0.89804436, -0.59692494, -0.34009875, ..., -0.79712408,
         -0.4568996 ,  0.        ]],

       [[ 0.        , -0.28788245, -0.57514058, ...,  0.15474691,
          0.03808694, -0.15889356],
        [ 0.28788245,  0.        , -0.31528888, ...,  0.43261047,
          0.32414813,  0.13205818],
        [ 0.57514058,  0.31528888,  0.        , ...,  0.69480394,
          0.60588047,  0.43785022],
        ...,
        [-0.15474691, -0.43261047, -0.69480394, ...,  0.        ,
         -0.11700648, -0.30976051],
        [-0.03808694, -0.32414813, -0.60588047, ...,  0.11700648,
          0.        , -0.19638135],
        [ 0.15889356, -0.13205818, -0.43785022, ...,  0.30976051,
          0.19638135,  0.        ]],

       [[ 0.        , -0.324227  , -0.07522414, ...,  0.99924172,
          0.99862642,  0.99873136],
        [ 0.324227  ,  0.        ,  0.25214788, ...,  0.93263796,
          0.96166791,  0.9611058 ],
        [ 0.07522414, -0.25214788,  0.        , ...,  0.99348161,
          0.99973836,  0.99968955],
        ...,
        [-0.99924172, -0.93263796, -0.99348161, ...,  0.        ,
         -0.09123789, -0.08920366],
        [-0.99862642, -0.96166791, -0.99973836, ...,  0.09123789,
          0.        ,  0.00204256],
        [-0.99873136, -0.9611058 , -0.99968955, ...,  0.08920366,
         -0.00204256,  0.        ]]]), 'num': array([ 7.07105611e-01,  7.07105611e-01,  0.00000000e+00,  6.20283783e-05,
        6.31919698e-05,  6.16703501e-05,  1.81041413e-03, -1.16359151e-06,
        6.15808431e-05,  6.48075719e-05,  6.43406435e-05,  3.56776311e-07,
        7.10895314e-05,  5.85256123e-05])}
{'img': array([[[ 0.00000000e+00,  4.63665437e-01,  8.58416474e-01, ...,
          9.52128052e-01,  9.96975210e-01,  9.77175149e-01],
        [-4.63665437e-01,  0.00000000e+00,  5.22727144e-01, ...,
          7.01853037e-01,  8.47294194e-01,  7.67288433e-01],
        [-8.58416474e-01, -5.22727144e-01,  0.00000000e+00, ...,
          2.25979820e-01,  4.44685485e-01,  3.18887380e-01],
        ...,
        [-9.52128052e-01, -7.01853037e-01, -2.25979820e-01, ...,
          0.00000000e+00,  2.30775216e-01,  9.64563921e-02],
        [-9.96975210e-01, -8.47294194e-01, -4.44685485e-01, ...,
         -2.30775216e-01,  0.00000000e+00, -1.35846406e-01],
        [-9.77175149e-01, -7.67288433e-01, -3.18887380e-01, ...,
         -9.64563921e-02,  1.35846406e-01,  0.00000000e+00]],

       [[ 0.00000000e+00, -2.25217631e-01, -1.27249775e-01, ...,
         -2.19311042e-01, -6.51780739e-02, -4.19221484e-01],
        [ 2.25217631e-01,  0.00000000e+00,  9.94062354e-02, ...,
          6.05809793e-03,  1.61235189e-01, -2.03979566e-01],
        [ 1.27249775e-01, -9.94062354e-02,  0.00000000e+00, ...,
         -9.33763195e-02,  6.23309749e-02, -3.00285475e-01],
        ...,
        [ 2.19311042e-01, -6.05809793e-03,  9.33763195e-02, ...,
          0.00000000e+00,  1.55253396e-01, -2.09906550e-01],
        [ 6.51780739e-02, -1.61235189e-01, -6.23309749e-02, ...,
         -1.55253396e-01,  0.00000000e+00, -3.59155942e-01],
        [ 4.19221484e-01,  2.03979566e-01,  3.00285475e-01, ...,
          2.09906550e-01,  3.59155942e-01,  0.00000000e+00]],

       [[ 0.00000000e+00, -3.13581155e-01,  9.74739174e-02, ...,
          8.63396609e-01,  8.59980899e-01,  8.54189903e-01],
        [ 3.13581155e-01,  0.00000000e+00,  4.04645377e-01, ...,
          9.78057883e-01,  9.76633356e-01,  9.74155785e-01],
        [-9.74739174e-02, -4.04645377e-01,  0.00000000e+00, ...,
          8.10107075e-01,  8.06142242e-01,  7.99439668e-01],
        ...,
        [-8.63396609e-01, -9.78057883e-01, -8.10107075e-01, ...,
          0.00000000e+00, -6.73136781e-03, -1.79718473e-02],
        [-8.59980899e-01, -9.76633356e-01, -8.06142242e-01, ...,
          6.73136781e-03,  0.00000000e+00, -1.12411594e-02],
        [-8.54189903e-01, -9.74155785e-01, -7.99439668e-01, ...,
          1.79718473e-02,  1.12411594e-02,  0.00000000e+00]],

       ...,

       [[ 0.00000000e+00,  2.88481846e-01,  4.74956698e-01, ...,
          1.64406417e-01,  5.96924937e-01,  3.45354455e-01],
        [-2.88481846e-01,  0.00000000e+00,  2.00897419e-01, ...,
         -1.27139644e-01,  3.40098746e-01,  5.99396088e-02],
        [-4.74956698e-01, -2.00897419e-01,  0.00000000e+00, ...,
         -3.23814658e-01,  1.44243040e-01, -1.41818629e-01],
        ...,
        [-1.64406417e-01,  1.27139644e-01,  3.23814658e-01, ...,
          0.00000000e+00,  4.56899601e-01,  1.86364236e-01],
        [-5.96924937e-01, -3.40098746e-01, -1.44243040e-01, ...,
         -4.56899601e-01,  0.00000000e+00, -2.83120658e-01],
        [-3.45354455e-01, -5.99396088e-02,  1.41818629e-01, ...,
         -1.86364236e-01,  2.83120658e-01,  0.00000000e+00]],

       [[ 0.00000000e+00, -3.15288877e-01, -5.85594705e-01, ...,
          3.24148127e-01,  1.32058184e-01, -5.93359275e-02],
        [ 3.15288877e-01,  0.00000000e+00, -3.00152459e-01, ...,
          6.05880469e-01,  4.37850222e-01,  2.58423818e-01],
        [ 5.85594705e-01,  3.00152459e-01,  0.00000000e+00, ...,
          8.16732070e-01,  6.87512939e-01,  5.36464989e-01],
        ...,
        [-3.24148127e-01, -6.05880469e-01, -8.16732070e-01, ...,
          0.00000000e+00, -1.96381347e-01, -3.79709164e-01],
        [-1.32058184e-01, -4.37850222e-01, -6.87512939e-01, ...,
          1.96381347e-01,  0.00000000e+00, -1.90641769e-01],
        [ 5.93359275e-02, -2.58423818e-01, -5.36464989e-01, ...,
          3.79709164e-01,  1.90641769e-01,  0.00000000e+00]],

       [[ 0.00000000e+00,  2.52147878e-01,  5.22415706e-01, ...,
          9.61667914e-01,  9.61105804e-01,  9.60913752e-01],
        [-2.52147878e-01,  0.00000000e+00,  2.90531573e-01, ...,
          9.99738358e-01,  9.99689551e-01,  9.99672004e-01],
        [-5.22415706e-01, -2.90531573e-01,  0.00000000e+00, ...,
          9.63260647e-01,  9.63807204e-01,  9.63992138e-01],
        ...,
        [-9.61667914e-01, -9.99738358e-01, -9.63260647e-01, ...,
          0.00000000e+00,  2.04255820e-03,  2.73710338e-03],
        [-9.61105804e-01, -9.99689551e-01, -9.63807204e-01, ...,
         -2.04255820e-03,  0.00000000e+00,  6.94547120e-04],
        [-9.60913752e-01, -9.99672004e-01, -9.63992138e-01, ...,
         -2.73710338e-03, -6.94547120e-04,  0.00000000e+00]]]), 'num': array([7.78007521e-01, 6.28251345e-01, 2.14243456e-05, 6.87270196e-05,
       6.98085607e-05, 6.82354100e-05, 2.12277018e-03, 5.89931499e-07,
       6.79994374e-05, 7.06442970e-05, 7.08114442e-05, 4.04062670e-07,
       7.64199041e-05, 6.48686898e-05])}
{'img': array([[[ 0.00000000e+00,  5.22727144e-01,  5.62721787e-01, ...,
          8.47294194e-01,  7.67288433e-01,  8.06281247e-01],
        [-5.22727144e-01,  0.00000000e+00,  4.76098644e-02, ...,
          4.44685485e-01,  3.18887380e-01,  3.78144774e-01],
        [-5.62721787e-01, -4.76098644e-02,  0.00000000e+00, ...,
          4.01537689e-01,  2.73401486e-01,  3.33641296e-01],
        ...,
        [-8.47294194e-01, -4.44685485e-01, -4.01537689e-01, ...,
          0.00000000e+00, -1.35846406e-01, -7.29667421e-02],
        [-7.67288433e-01, -3.18887380e-01, -2.73401486e-01, ...,
          1.35846406e-01,  0.00000000e+00,  6.31939566e-02],
        [-8.06281247e-01, -3.78144774e-01, -3.33641296e-01, ...,
          7.29667421e-02, -6.31939566e-02,  0.00000000e+00]],

       [[ 0.00000000e+00,  9.94062354e-02,  5.59094947e-01, ...,
          1.61235189e-01, -2.03979566e-01, -1.26092982e-01],
        [-9.94062354e-02,  0.00000000e+00,  4.73907642e-01, ...,
          6.23309749e-02, -3.00285475e-01, -2.24081252e-01],
        [-5.59094947e-01, -4.73907642e-01,  0.00000000e+00, ...,
         -4.18099074e-01, -7.16460258e-01, -6.59176640e-01],
        ...,
        [-1.61235189e-01, -6.23309749e-02,  4.18099074e-01, ...,
          0.00000000e+00, -3.59155942e-01, -2.84391461e-01],
        [ 2.03979566e-01,  3.00285475e-01,  7.16460258e-01, ...,
          3.59155942e-01,  0.00000000e+00,  7.89095925e-02],
        [ 1.26092982e-01,  2.24081252e-01,  6.59176640e-01, ...,
          2.84391461e-01, -7.89095925e-02,  0.00000000e+00]],

       [[ 0.00000000e+00,  4.04645377e-01,  5.84486395e-01, ...,
          9.76633356e-01,  9.74155785e-01,  9.82473273e-01],
        [-4.04645377e-01,  0.00000000e+00,  2.06166749e-01, ...,
          8.06142242e-01,  7.99439668e-01,  8.23018635e-01],
        [-5.84486395e-01, -2.06166749e-01,  0.00000000e+00, ...,
          6.66830427e-01,  6.58411276e-01,  6.88231946e-01],
        ...,
        [-9.76633356e-01, -8.06142242e-01, -6.66830427e-01, ...,
          0.00000000e+00, -1.12411594e-02,  2.90976875e-02],
        [-9.74155785e-01, -7.99439668e-01, -6.58411276e-01, ...,
          1.12411594e-02,  0.00000000e+00,  4.03322486e-02],
        [-9.82473273e-01, -8.23018635e-01, -6.88231946e-01, ...,
         -2.90976875e-02, -4.03322486e-02,  0.00000000e+00]],

       ...,

       [[ 0.00000000e+00,  2.00897419e-01,  2.35024682e-01, ...,
          3.40098746e-01,  5.99396088e-02,  1.01561928e-01],
        [-2.00897419e-01,  0.00000000e+00,  3.49629028e-02, ...,
          1.44243040e-01, -1.41818629e-01, -1.00367310e-01],
        [-2.35024682e-01, -3.49629028e-02,  0.00000000e+00, ...,
          1.09557580e-01, -1.76341444e-01, -1.35092302e-01],
        ...,
        [-3.40098746e-01, -1.44243040e-01, -1.09557580e-01, ...,
          0.00000000e+00, -2.83120658e-01, -2.42832376e-01],
        [-5.99396088e-02,  1.41818629e-01,  1.76341444e-01, ...,
          2.83120658e-01,  0.00000000e+00,  4.17496464e-02],
        [-1.01561928e-01,  1.00367310e-01,  1.35092302e-01, ...,
          2.42832376e-01, -4.17496464e-02,  0.00000000e+00]],

       [[ 0.00000000e+00, -3.00152459e-01, -5.93350523e-01, ...,
          4.37850222e-01,  2.58423818e-01, -1.73864905e-02],
        [ 3.00152459e-01,  0.00000000e+00, -3.24385887e-01, ...,
          6.87512939e-01,  5.36464989e-01,  2.83522268e-01],
        [ 5.93350523e-01,  3.24385887e-01,  0.00000000e+00, ...,
          8.85895555e-01,  7.81212131e-01,  5.79265680e-01],
        ...,
        [-4.37850222e-01, -6.87512939e-01, -8.85895555e-01, ...,
          0.00000000e+00, -1.90641769e-01, -4.53415326e-01],
        [-2.58423818e-01, -5.36464989e-01, -7.81212131e-01, ...,
          1.90641769e-01,  0.00000000e+00, -2.75180655e-01],
        [ 1.73864905e-02, -2.83522268e-01, -5.79265680e-01, ...,
          4.53415326e-01,  2.75180655e-01,  0.00000000e+00]],

       [[ 0.00000000e+00,  4.69158746e-01,  6.83272140e-01, ...,
          9.64441984e-01,  9.64255812e-01,  9.33310586e-01],
        [-4.69158746e-01,  0.00000000e+00,  2.60844355e-01, ...,
          9.75708217e-01,  9.75862096e-01,  9.92680391e-01],
        [-6.83272140e-01, -2.60844355e-01,  0.00000000e+00, ...,
          8.84785796e-01,  8.85113410e-01,  9.26812217e-01],
        ...,
        [-9.64441984e-01, -9.75708217e-01, -8.84785796e-01, ...,
          0.00000000e+00,  7.03507825e-04,  9.96333082e-02],
        [-9.64255812e-01, -9.75862096e-01, -8.85113410e-01, ...,
         -7.03507825e-04,  0.00000000e+00,  9.89332762e-02],
        [-9.33310586e-01, -9.92680391e-01, -9.26812217e-01, ...,
         -9.96333082e-02, -9.89332762e-02,  0.00000000e+00]]]), 'num': array([8.11443191e-01, 5.84427906e-01, 3.22923592e-05, 7.19769453e-05,
       7.24888724e-05, 7.01340079e-05, 1.98171062e-03, 4.09541652e-07,
       7.13626328e-05, 7.30161572e-05, 7.38659562e-05, 4.55046280e-07,
       7.72496548e-05, 6.87826597e-05])}
{'img': array([[[ 0.        ,  0.04760986,  0.22597982, ...,  0.31888738,
          0.37814477,  0.41650501],
        [-0.04760986,  0.        ,  0.17934527, ...,  0.27340149,
          0.3336413 ,  0.37274898],
        [-0.22597982, -0.17934527,  0.        , ...,  0.09645639,
          0.1591629 ,  0.20028504],
        ...,
        [-0.31888738, -0.27340149, -0.09645639, ...,  0.        ,
          0.06319396,  0.1048492 ],
        [-0.37814477, -0.3336413 , -0.1591629 , ..., -0.06319396,
          0.        ,  0.04179399],
        [-0.41650501, -0.37274898, -0.20028504, ..., -0.1048492 ,
         -0.04179399,  0.        ]],

       [[ 0.        ,  0.47033363,  0.30639289, ..., -0.24575754,
         -0.20876406, -0.30639289],
        [-0.47033363,  0.        ,  0.71810126, ..., -0.67278737,
         -0.64420223, -0.71810126],
        [-0.30639289, -0.71810126,  0.        , ..., -0.06305836,
         -0.10091826, -0.        ],
        ...,
        [ 0.24575754,  0.67278737,  0.06305836, ...,  0.        ,
          0.03798099, -0.06305836],
        [ 0.20876406,  0.64420223,  0.10091826, ..., -0.03798099,
          0.        , -0.10091826],
        [ 0.30639289,  0.71810126,  0.        , ...,  0.06305836,
          0.10091826,  0.        ]],

       [[ 0.        ,  0.45139288,  0.72312074, ...,  0.95981267,
          0.97091995,  0.98411202],
        [-0.45139288,  0.        ,  0.33347211, ...,  0.72978559,
          0.75831103,  0.79800386],
        [-0.72312074, -0.33347211,  0.        , ...,  0.46002573,
          0.49751718,  0.55135834],
        ...,
        [-0.95981267, -0.72978559, -0.46002573, ...,  0.        ,
          0.04269707,  0.10576916],
        [-0.97091995, -0.75831103, -0.49751718, ..., -0.04269707,
          0.        ,  0.06321514],
        [-0.98411202, -0.79800386, -0.55135834, ..., -0.10576916,
         -0.06321514,  0.        ]],

       ...,

       [[ 0.        ,  0.0349629 ,  0.24579921, ..., -0.14181863,
         -0.10036731,  0.01030888],
        [-0.0349629 ,  0.        ,  0.21175866, ..., -0.17634144,
         -0.1350923 , -0.02465847],
        [-0.24579921, -0.21175866,  0.        , ..., -0.38078258,
         -0.34184615, -0.23579354],
        ...,
        [ 0.14181863,  0.17634144,  0.38078258, ...,  0.        ,
          0.04174965,  0.15201578],
        [ 0.10036731,  0.1350923 ,  0.34184615, ..., -0.04174965,
          0.        ,  0.1106188 ],
        [-0.01030888,  0.02465847,  0.23579354, ..., -0.15201578,
         -0.1106188 ,  0.        ]],

       [[ 0.        , -0.32438589, -0.4488496 , ...,  0.53646499,
          0.28352227, -0.06578686],
        [ 0.32438589,  0.        , -0.13470438, ...,  0.78121213,
          0.57926568,  0.26145375],
        [ 0.4488496 ,  0.13470438,  0.        , ...,  0.85818335,
          0.68378892,  0.38908964],
        ...,
        [-0.53646499, -0.78121213, -0.85818335, ...,  0.        ,
         -0.27518066, -0.59082186],
        [-0.28352227, -0.57926568, -0.68378892, ...,  0.27518066,
          0.        , -0.34599541],
        [ 0.06578686, -0.26145375, -0.38908964, ...,  0.59082186,
          0.34599541,  0.        ]],

       [[ 0.        ,  0.54635111,  0.62178017, ...,  0.97564636,
          0.94765801,  0.85199323],
        [-0.54635111,  0.        ,  0.09287815, ...,  0.93700052,
          0.96815978,  0.99963591],
        [-0.62178017, -0.09287815,  0.        , ...,  0.90050538,
          0.94072443,  0.99280887],
        ...,
        [-0.97564636, -0.93700052, -0.90050538, ...,  0.        ,
          0.1036431 ,  0.32391813],
        [-0.94765801, -0.96815978, -0.94072443, ..., -0.1036431 ,
          0.        ,  0.2241185 ],
        [-0.85199323, -0.99963591, -0.99280887, ..., -0.32391813,
         -0.2241185 ,  0.        ]]]), 'num': array([8.82377109e-01, 4.70531416e-01, 5.80064356e-05, 7.86866055e-05,
       8.00165199e-05, 7.80216482e-05, 3.28207373e-03, 7.75783434e-07,
       7.78221611e-05, 7.87697251e-05, 8.00405323e-05, 4.79460886e-07,
       8.27445869e-05, 7.47948633e-05])}
{'img': array([[[ 0.        ,  0.17934527,  0.2321603 , ...,  0.3336413 ,
          0.37274898,  0.43920764],
        [-0.17934527,  0.        ,  0.05395098, ...,  0.1591629 ,
          0.20028504,  0.2709652 ],
        [-0.2321603 , -0.05395098,  0.        , ...,  0.10566785,
          0.14713553,  0.21863793],
        ...,
        [-0.3336413 , -0.1591629 , -0.10566785, ...,  0.        ,
          0.04179399,  0.11430255],
        [-0.37274898, -0.20028504, -0.14713553, ..., -0.04179399,
          0.        ,  0.07268261],
        [-0.43920764, -0.2709652 , -0.21863793, ..., -0.11430255,
         -0.07268261,  0.        ]],

       [[ 0.        ,  0.71810126, -0.24946423, ..., -0.64420223,
         -0.71810126, -0.5514765 ],
        [-0.71810126,  0.        , -0.52178598, ..., -0.10091826,
         -0.        , -0.21523939],
        [ 0.24946423,  0.52178598,  0.        , ..., -0.43303113,
         -0.52178598, -0.32594036],
        ...,
        [ 0.64420223,  0.10091826,  0.43303113, ...,  0.        ,
         -0.10091826,  0.11558767],
        [ 0.71810126,  0.        ,  0.52178598, ...,  0.10091826,
          0.        ,  0.21523939],
        [ 0.5514765 ,  0.21523939,  0.32594036, ..., -0.11558767,
         -0.21523939,  0.        ]],

       [[ 0.        ,  0.61704873,  0.79040022, ...,  0.95076024,
          0.96963616,  0.98337284],
        [-0.61704873,  0.        ,  0.24398727, ...,  0.55693666,
          0.61213034,  0.66178576],
        [-0.79040022, -0.24398727,  0.        , ...,  0.33746032,
          0.40069619,  0.45887   ],
        ...,
        [-0.95076024, -0.55693666, -0.33746032, ...,  0.        ,
          0.0680064 ,  0.13211793],
        [-0.96963616, -0.61213034, -0.40069619, ..., -0.0680064 ,
          0.        ,  0.0644018 ],
        [-0.98337284, -0.66178576, -0.45887   , ..., -0.13211793,
         -0.0644018 ,  0.        ]],

       ...,

       [[ 0.        ,  0.21175866,  0.33740576, ..., -0.1350923 ,
         -0.02465847, -0.06342426],
        [-0.21175866,  0.        ,  0.13041308, ..., -0.34184615,
         -0.23579354, -0.27331825],
        [-0.33740576, -0.13041308,  0.        , ..., -0.46148317,
         -0.36051565, -0.39643147],
        ...,
        [ 0.1350923 ,  0.34184615,  0.46148317, ...,  0.        ,
          0.1106188 ,  0.07197746],
        [ 0.02465847,  0.23579354,  0.36051565, ..., -0.1106188 ,
          0.        , -0.03879616],
        [ 0.06342426,  0.27331825,  0.39643147, ..., -0.07197746,
          0.03879616,  0.        ]],

       [[ 0.        , -0.13470438, -0.32735909, ...,  0.57926568,
          0.26145375,  0.13914311],
        [ 0.13470438,  0.        , -0.19709332, ...,  0.68378892,
          0.38908964,  0.27126895],
        [ 0.32735909,  0.19709332,  0.        , ...,  0.81419124,
          0.56301988,  0.45565096],
        ...,
        [-0.57926568, -0.68378892, -0.81419124, ...,  0.        ,
         -0.34599541, -0.4602098 ],
        [-0.26145375, -0.38908964, -0.56301988, ...,  0.34599541,
          0.        , -0.12460724],
        [-0.13914311, -0.27126895, -0.45565096, ...,  0.4602098 ,
          0.12460724,  0.        ]],

       [[ 0.        ,  0.11254454,  0.26344088, ...,  0.98705691,
          0.99755839,  0.99106752],
        [-0.11254454,  0.        ,  0.15319819, ...,  0.96273702,
          0.9990804 ,  0.99978001],
        [-0.26344088, -0.15319819,  0.        , ...,  0.90994155,
          0.98071821,  0.99119135],
        ...,
        [-0.98705691, -0.96273702, -0.90994155, ...,  0.        ,
          0.22891231,  0.29057279],
        [-0.99755839, -0.9990804 , -0.98071821, ..., -0.22891231,
          0.        ,  0.06382182],
        [-0.99106752, -0.99978001, -0.99119135, ..., -0.29057279,
         -0.06382182,  0.        ]]]), 'num': array([9.12183293e-01, 4.09764139e-01, 7.01702730e-05, 8.16543401e-05,
       8.29088062e-05, 8.10841282e-05, 3.86422322e-03, 6.84254246e-07,
       8.03086401e-05, 8.09985964e-05, 8.24545374e-05, 4.93374811e-07,
       8.50214806e-05, 7.69757123e-05])}
{'img': array([[[ 0.        ,  0.05395098, -0.27344608, ...,  0.20028504,
          0.2709652 ,  0.33026341],
        [-0.05395098,  0.        , -0.3249426 , ...,  0.14713553,
          0.21863793,  0.27885868],
        [ 0.27344608,  0.3249426 ,  0.        , ...,  0.46055707,
          0.52385423,  0.57577889],
        ...,
        [-0.20028504, -0.14713553, -0.46055707, ...,  0.        ,
          0.07268261,  0.13452469],
        [-0.2709652 , -0.21863793, -0.52385423, ..., -0.07268261,
          0.        ,  0.06214695],
        [-0.33026341, -0.27885868, -0.57577889, ..., -0.13452469,
         -0.06214695,  0.        ]],

       [[ 0.        , -0.52178598, -0.57449373, ..., -0.        ,
         -0.21523939, -0.25550777],
        [ 0.52178598,  0.        ,  0.06300055, ..., -0.52178598,
         -0.32594036, -0.28649869],
        [ 0.57449373, -0.06300055,  0.        , ..., -0.57449373,
         -0.38485298, -0.34628916],
        ...,
        [ 0.        ,  0.52178598,  0.57449373, ...,  0.        ,
          0.21523939,  0.25550777],
        [ 0.21523939,  0.32594036,  0.38485298, ..., -0.21523939,
          0.        ,  0.04142405],
        [ 0.25550777,  0.28649869,  0.34628916, ..., -0.25550777,
         -0.04142405,  0.        ]],

       [[ 0.        ,  0.32743036,  0.43223931, ...,  0.72136004,
          0.76832167,  0.78514813],
        [-0.32743036,  0.        ,  0.11314899, ...,  0.45483004,
          0.51639182,  0.53908684],
        [-0.43223931, -0.11314899,  0.        , ...,  0.35114111,
          0.41618015,  0.44032508],
        ...,
        [-0.72136004, -0.45483004, -0.35114111, ...,  0.        ,
          0.07039251,  0.09701833],
        [-0.76832167, -0.51639182, -0.41618015, ..., -0.07039251,
          0.        ,  0.02671722],
        [-0.78514813, -0.53908684, -0.44032508, ..., -0.09701833,
         -0.02671722,  0.        ]],

       ...,

       [[ 0.        ,  0.13041308, -0.00225093, ..., -0.23579354,
         -0.27331825, -0.27331825],
        [-0.13041308,  0.        , -0.13264446, ..., -0.36051565,
         -0.39643147, -0.39643147],
        [ 0.00225093,  0.13264446,  0.        , ..., -0.23360547,
         -0.27115233, -0.27115233],
        ...,
        [ 0.23579354,  0.36051565,  0.23360547, ...,  0.        ,
         -0.03879616, -0.03879616],
        [ 0.27331825,  0.39643147,  0.27115233, ...,  0.03879616,
          0.        ,  0.        ],
        [ 0.27331825,  0.39643147,  0.27115233, ...,  0.03879616,
          0.        ,  0.        ]],

       [[ 0.        , -0.19709332, -0.37025005, ...,  0.38908964,
          0.27126895,  0.25429108],
        [ 0.19709332,  0.        , -0.17990118, ...,  0.56301988,
          0.45565096,  0.4399175 ],
        [ 0.37025005,  0.17990118,  0.        , ...,  0.70251217,
          0.60835744,  0.59429824],
        ...,
        [-0.38908964, -0.56301988, -0.70251217, ...,  0.        ,
         -0.12460724, -0.14204646],
        [-0.27126895, -0.45565096, -0.60835744, ...,  0.12460724,
          0.        , -0.01759565],
