state_0,state_1,state_2,state_3,state_4,state_5,state_6,state_7,state_8,state_9,state_10,state_11,state_12,state_13,state_14,state_15,state_16,state_17,state_18,state_19,state_20,state_21,state_22,state_23,state_24,state_25,state_26,state_27,state_28,state_29,state_30,state_31,state_32,state_33,state_34,state_35,state_36,state_37,state_38,state_39,state_40,state_41,state_42,state_43,state_44,state_45,state_46,state_47,state_48,state_49,state_50,state_51,state_52,state_53,state_54,state_55,state_56,state_57,state_58,state_59,state_60,state_61,state_62,state_63,state_64,state_65,state_66,state_67,state_68,state_69,state_70,state_71,state_72,state_73,state_74,state_75,state_76,state_77,state_78,state_79,state_80,state_81,state_82,state_83,state_84,state_85,state_86,state_87,state_88,state_89,state_90,state_91,state_92,state_93,state_94,state_95,state_96,state_97,state_98,state_99,state_100,state_101,state_102,state_103,state_104,state_105,state_106,state_107,state_108,state_109,state_110,state_111,state_112,state_113,state_114,state_115,state_116,state_117,state_118,state_119,state_120,state_121,state_122,state_123,state_124,state_125,state_126,state_127,state_128,state_129,state_130,state_131,state_132,state_133,state_134,state_135,state_136,state_137,state_138,state_139,state_140,state_141,state_142,state_143,state_144,state_145,state_146,state_147,state_148,state_149,state_150,state_151,state_152,state_153,state_154,state_155,state_156,state_157,state_158,state_159,state_160,state_161,state_162,state_163,state_164,state_165,state_166,state_167,state_168,state_169,state_170,state_171,state_172,state_173,state_174,state_175,state_176,state_177,state_178,state_179,state_180,state_181,state_182,state_183,state_184,state_185,state_186,state_187,state_188,state_189,state_190,state_191,state_192,state_193,state_194,state_195,state_196,state_197,state_198,state_199,state_200,state_201,state_202,state_203,state_204,state_205,state_206,state_207,state_208,state_209,state_210,state_211,state_212,state_213,state_214,state_215,state_216,state_217,state_218,state_219,state_220,state_221,state_222,state_223,state_224,state_225,state_226,state_227,state_228,state_229,state_230,state_231,state_232,state_233,state_234,state_235,state_236,state_237,state_238,state_239,state_240,state_241,state_242,state_243,state_244,state_245,state_246,state_247,state_248,state_249,state_250,state_251,state_252,state_253,state_254,state_255,state_256,state_257,state_258,state_259,state_260,state_261,state_262,state_263,state_264,state_265,state_266,state_267,state_268,state_269,state_270,state_271,state_272,state_273,state_274,state_275,state_276,state_277,state_278,state_279,state_280,state_281,state_282,state_283,state_284,state_285,state_286,state_287
{'img': array([[[ 0.        ,  0.21573008,  0.        , ..., -0.85036316,
         -0.88128024, -0.97781243],
        [-0.21573008,  0.        , -0.21573008, ..., -0.94385605,
         -0.96248152, -0.99997956],
        [ 0.        ,  0.21573008,  0.        , ..., -0.85036316,
         -0.88128024, -0.97781243],
        ...,
        [ 0.85036316,  0.94385605,  0.85036316, ...,  0.        ,
         -0.0618498 , -0.33638518],
        [ 0.88128024,  0.96248152,  0.88128024, ...,  0.0618498 ,
          0.        , -0.27749568],
        [ 0.97781243,  0.99997956,  0.97781243, ...,  0.33638518,
          0.27749568,  0.        ]],

       [[ 0.        ,  0.25124673,  0.07624173, ..., -0.07347074,
         -0.30455881, -0.07815424],
        [-0.25124673,  0.        , -0.17671932, ..., -0.32168173,
         -0.53410039, -0.32612554],
        [-0.07624173,  0.17671932,  0.        , ..., -0.14929257,
         -0.37629211, -0.15393529],
        ...,
        [ 0.07347074,  0.32168173,  0.14929257, ...,  0.        ,
         -0.2337553 , -0.00469701],
        [ 0.30455881,  0.53410039,  0.37629211, ...,  0.2337553 ,
          0.        ,  0.22918584],
        [ 0.07815424,  0.32612554,  0.15393529, ...,  0.00469701,
         -0.22918584,  0.        ]],

       [[ 0.        ,  0.11071247,  0.24021728, ..., -0.39026014,
         -0.54489682, -0.70846875],
        [-0.11071247,  0.        ,  0.13126982, ..., -0.48979449,
         -0.6343798 , -0.78224788],
        [-0.24021728, -0.13126982,  0.        , ..., -0.60000215,
         -0.73036471, -0.85725564],
        ...,
        [ 0.39026014,  0.48979449,  0.60000215, ...,  0.        ,
         -0.17445469, -0.37686741],
        [ 0.54489682,  0.6343798 ,  0.73036471, ...,  0.17445469,
          0.        , -0.20949657],
        [ 0.70846875,  0.78224788,  0.85725564, ...,  0.37686741,
          0.20949657,  0.        ]],

       ...,

       [[ 0.        ,  0.44483056,  0.4832837 , ..., -0.65010663,
         -0.74116695, -0.8007243 ],
        [-0.44483056,  0.        ,  0.04340295, ..., -0.92024647,
         -0.96242403, -0.45067229],
        [-0.4832837 , -0.04340295,  0.        , ..., -0.93636455,
         -0.97330321, -0.41150223],
        ...,
        [ 0.65010663,  0.92024647,  0.93636455, ...,  0.        ,
         -0.12674043, -0.9978601 ],
        [ 0.74116695,  0.96242403,  0.97330321, ...,  0.12674043,
          0.        , -0.98152634],
        [ 0.8007243 ,  0.45067229,  0.41150223, ...,  0.9978601 ,
          0.98152634,  0.        ]],

       [[ 0.        ,  0.17724574,  0.27531861, ..., -0.04848749,
         -0.04489551, -0.0195965 ],
        [-0.17724574,  0.        ,  0.10056366, ..., -0.22475704,
         -0.22125169, -0.19649793],
        [-0.27531861, -0.10056366,  0.        , ..., -0.32160838,
         -0.31820144, -0.2941049 ],
        ...,
        [ 0.04848749,  0.22475704,  0.32160838, ...,  0.        ,
          0.0035959 ,  0.02890473],
        [ 0.04489551,  0.22125169,  0.31820144, ..., -0.0035959 ,
          0.        ,  0.02531015],
        [ 0.0195965 ,  0.19649793,  0.2941049 , ..., -0.02890473,
         -0.02531015,  0.        ]],

       [[ 0.        ,  0.18911492,  0.48546689, ...,  0.99943296,
          0.99977669,  0.99868475],
        [-0.18911492,  0.        ,  0.31137195, ...,  0.98776593,
          0.98573208,  0.97096723],
        [-0.48546689, -0.31137195,  0.        , ...,  0.8901057 ,
          0.88431876,  0.84821454],
        ...,
        [-0.99943296, -0.98776593, -0.8901057 , ...,  0.        ,
         -0.01254383, -0.08486968],
        [-0.99977669, -0.98573208, -0.88431876, ...,  0.01254383,
          0.        , -0.07236443],
        [-0.99868475, -0.97096723, -0.84821454, ...,  0.08486968,
          0.07236443,  0.        ]]]), 'num': array([ 7.21455665e-01,  6.85559929e-01,  1.07795003e-05,  7.97683021e-04,
        8.13253411e-04,  7.95287577e-04,  9.74878842e-02, -2.39544451e-06,
        8.13253411e-04,  8.39902731e-04,  8.40162237e-04,  4.83695526e-06,
        8.89966232e-04,  7.89839230e-04])}
{'img': array([[[ 0.        , -0.21573008,  0.        , ..., -0.96248152,
         -0.99997956, -0.99808467],
        [ 0.21573008,  0.        ,  0.21573008, ..., -0.88128024,
         -0.97781243, -0.98792845],
        [ 0.        , -0.21573008,  0.        , ..., -0.96248152,
         -0.99997956, -0.99808467],
        ...,
        [ 0.96248152,  0.88128024,  0.96248152, ...,  0.        ,
         -0.27749568, -0.33036921],
        [ 0.99997956,  0.97781243,  0.99997956, ...,  0.27749568,
          0.        , -0.05547978],
        [ 0.99808467,  0.98792845,  0.99808467, ...,  0.33036921,
          0.05547978,  0.        ]],

       [[ 0.        , -0.17671932, -0.01277999, ..., -0.53410039,
         -0.32612554, -0.38840328],
        [ 0.17671932,  0.        ,  0.16412603, ..., -0.37629211,
         -0.15393529, -0.21944532],
        [ 0.01277999, -0.16412603,  0.        , ..., -0.5232523 ,
         -0.31401763, -0.37659493],
        ...,
        [ 0.53410039,  0.37629211,  0.5232523 , ...,  0.        ,
          0.22918584,  0.16380359],
        [ 0.32612554,  0.15393529,  0.31401763, ..., -0.22918584,
          0.        , -0.06664664],
        [ 0.38840328,  0.21944532,  0.37659493, ..., -0.16380359,
          0.06664664,  0.        ]],

       [[ 0.        ,  0.13126982,  0.2826043 , ..., -0.6343798 ,
         -0.78224788, -0.90187782],
        [-0.13126982,  0.        ,  0.15424002, ..., -0.73036471,
         -0.85725564, -0.95078099],
        [-0.2826043 , -0.15424002,  0.        , ..., -0.82697952,
         -0.92641402, -0.98719677],
        ...,
        [ 0.6343798 ,  0.73036471,  0.82697952, ...,  0.        ,
         -0.20949657, -0.42312447],
        [ 0.78224788,  0.85725564,  0.92641402, ...,  0.20949657,
          0.        , -0.2239162 ],
        [ 0.90187782,  0.95078099,  0.98719677, ...,  0.42312447,
          0.2239162 ,  0.        ]],

       ...,

       [[ 0.        ,  0.04340295,  0.21082419, ..., -0.96242403,
         -0.45067229, -0.54499661],
        [-0.04340295,  0.        ,  0.16819809, ..., -0.97330321,
         -0.41150223, -0.50809233],
        [-0.21082419, -0.16819809,  0.        , ..., -0.99804212,
         -0.25234244, -0.3559842 ],
        ...,
        [ 0.96242403,  0.97330321,  0.99804212, ...,  0.        ,
         -0.98152634, -0.95492753],
        [ 0.45067229,  0.41150223,  0.25234244, ...,  0.98152634,
          0.        ,  0.10865185],
        [ 0.54499661,  0.50809233,  0.3559842 , ...,  0.95492753,
         -0.10865185,  0.        ]],

       [[ 0.        ,  0.10056366,  0.24060331, ..., -0.22125169,
         -0.19649793, -0.17607327],
        [-0.10056366,  0.        ,  0.14177415, ..., -0.31820144,
         -0.2941049 , -0.27417325],
        [-0.24060331, -0.14177415,  0.        , ..., -0.44939247,
         -0.42663808, -0.40774524],
        ...,
        [ 0.22125169,  0.31820144,  0.44939247, ...,  0.        ,
          0.02531015,  0.04608548],
        [ 0.19649793,  0.2941049 ,  0.42663808, ..., -0.02531015,
          0.        ,  0.02078746],
        [ 0.17607327,  0.27417325,  0.40774524, ..., -0.04608548,
         -0.02078746,  0.        ]],

       [[ 0.        ,  0.45337569,  0.54870519, ...,  0.99992533,
          0.99814735,  0.9930873 ],
        [-0.45337569,  0.        ,  0.11004236, ...,  0.89679315,
          0.86208346,  0.83194171],
        [-0.54870519, -0.11004236,  0.        , ...,  0.84265859,
          0.80108218,  0.76583081],
        ...,
        [-0.99992533, -0.89679315, -0.84265859, ...,  0.        ,
         -0.0730357 , -0.12950472],
        [-0.99814735, -0.86208346, -0.80108218, ...,  0.0730357 ,
          0.        , -0.05673821],
        [-0.9930873 , -0.83194171, -0.76583081, ...,  0.12950472,
          0.05673821,  0.        ]]]), 'num': array([ 8.12978335e-01,  5.82257836e-01,  7.01278112e-05,  2.96251283e-05,
        3.02104272e-05,  2.94450363e-05,  6.48285151e-03, -3.60183930e-07,
        3.02104272e-05,  3.15250985e-05,  3.15145931e-05,  1.81823619e-07,
        3.35475481e-05,  2.95026489e-05])}
{'img': array([[[ 0.        ,  0.21573008,  0.21573008, ..., -0.97781243,
         -0.98792845, -0.9915887 ],
        [-0.21573008,  0.        ,  0.        , ..., -0.99997956,
         -0.99808467, -0.94031808],
        [-0.21573008,  0.        ,  0.        , ..., -0.99997956,
         -0.99808467, -0.94031808],
        ...,
        [ 0.97781243,  0.99997956,  0.99997956, ...,  0.        ,
         -0.05547978, -0.33427756],
        [ 0.98792845,  0.99808467,  0.99808467, ...,  0.05547978,
          0.        , -0.28147442],
        [ 0.9915887 ,  0.94031808,  0.94031808, ...,  0.33427756,
          0.28147442,  0.        ]],

       [[ 0.        ,  0.16412603, -0.39372206, ..., -0.15393529,
         -0.21944532,  0.24923904],
        [-0.16412603,  0.        , -0.53925243, ..., -0.31401763,
         -0.37659493,  0.08691267],
        [ 0.39372206,  0.53925243,  0.        , ...,  0.24752739,
          0.18240439,  0.61040486],
        ...,
        [ 0.15393529,  0.31401763, -0.24752739, ...,  0.        ,
         -0.06664664,  0.39534575],
        [ 0.21944532,  0.37659493, -0.18240439, ...,  0.06664664,
          0.        ,  0.45568385],
        [-0.24923904, -0.08691267, -0.61040486, ..., -0.39534575,
         -0.45568385,  0.        ]],

       [[ 0.        ,  0.15424002,  0.20966778, ..., -0.85725564,
         -0.95078099, -0.99704636],
        [-0.15424002,  0.        ,  0.05634709, ..., -0.92641402,
         -0.98719677, -0.99696107],
        [-0.20966778, -0.05634709,  0.        , ..., -0.94615721,
         -0.99461611, -0.99098761],
        ...,
        [ 0.85725564,  0.92641402,  0.94615721, ...,  0.        ,
         -0.2239162 , -0.4475312 ],
        [ 0.95078099,  0.98719677,  0.99461611, ...,  0.2239162 ,
          0.        , -0.23592651],
        [ 0.99704636,  0.99696107,  0.99098761, ...,  0.4475312 ,
          0.23592651,  0.        ]],

       ...,

       [[ 0.        ,  0.16819809,  0.08220899, ..., -0.41150223,
         -0.50809233, -0.50809233],
        [-0.16819809,  0.        , -0.08659098, ..., -0.25234244,
         -0.3559842 , -0.3559842 ],
        [-0.08220899,  0.08659098,  0.        , ..., -0.33518335,
         -0.43556568, -0.43556568],
        ...,
        [ 0.41150223,  0.25234244,  0.33518335, ...,  0.        ,
          0.10865185,  0.10865185],
        [ 0.50809233,  0.3559842 ,  0.43556568, ..., -0.10865185,
          0.        ,  0.        ],
        [ 0.50809233,  0.3559842 ,  0.43556568, ..., -0.10865185,
          0.        ,  0.        ]],

       [[ 0.        ,  0.14177415,  0.2779893 , ..., -0.2941049 ,
         -0.27417325, -0.23486764],
        [-0.14177415,  0.        ,  0.13899533, ..., -0.42663808,
         -0.40774524, -0.37030361],
        [-0.2779893 , -0.13899533,  0.        , ..., -0.54820722,
         -0.53070332, -0.49582335],
        ...,
        [ 0.2941049 ,  0.42663808,  0.54820722, ...,  0.        ,
          0.02078746,  0.06139782],
        [ 0.27417325,  0.40774524,  0.53070332, ..., -0.02078746,
          0.        ,  0.04063631],
        [ 0.23486764,  0.37030361,  0.49582335, ..., -0.06139782,
         -0.04063631,  0.        ]],

       [[ 0.        ,  0.3369613 ,  0.44157865, ...,  0.99255441,
          0.98337511,  0.95488714],
        [-0.3369613 ,  0.        ,  0.11342519, ...,  0.89346577,
          0.86467848,  0.79897687],
        [-0.44157865, -0.11342519,  0.        , ...,  0.83675702,
          0.80212192,  0.72561113],
        ...,
        [-0.99255441, -0.89346577, -0.83675702, ...,  0.        ,
         -0.06045667, -0.17845063],
        [-0.98337511, -0.86467848, -0.80212192, ...,  0.06045667,
          0.        , -0.11863794],
        [-0.95488714, -0.79897687, -0.72561113, ...,  0.17845063,
          0.11863794,  0.        ]]]), 'num': array([8.05856336e-01, 5.92094029e-01, 6.48747544e-05, 2.93993007e-05,
       2.97115847e-05, 2.93100767e-05, 4.49608547e-03, 4.46119890e-08,
       2.97205070e-05, 3.12060863e-05, 3.11681661e-05, 1.98275507e-07,
       3.33020903e-05, 2.91100823e-05])}
{'img': array([[[ 0.        ,  0.        ,  0.74798395, ..., -0.99808467,
         -0.94031808, -0.95477095],
        [ 0.        ,  0.        ,  0.74798395, ..., -0.99808467,
         -0.94031808, -0.95477095],
        [-0.74798395, -0.74798395,  0.        , ..., -0.61617328,
         -0.36956837, -0.41129027],
        ...,
        [ 0.99808467,  0.99808467,  0.61617328, ...,  0.        ,
         -0.28147442, -0.23770809],
        [ 0.94031808,  0.94031808,  0.36956837, ...,  0.28147442,
          0.        ,  0.04530917],
        [ 0.95477095,  0.95477095,  0.41129027, ...,  0.23770809,
         -0.04530917,  0.        ]],

       [[ 0.        , -0.53925243,  0.40229335, ..., -0.37659493,
          0.08691267, -0.21873305],
        [ 0.53925243,  0.        ,  0.83248044, ...,  0.18240439,
          0.61040486,  0.34198953],
        [-0.40229335, -0.83248044,  0.        , ..., -0.71745245,
         -0.32120156, -0.59280419],
        ...,
        [ 0.37659493, -0.18240439,  0.71745245, ...,  0.        ,
          0.45568385,  0.16484609],
        [-0.08691267, -0.61040486,  0.32120156, ..., -0.45568385,
          0.        , -0.3027134 ],
        [ 0.21873305, -0.34198953,  0.59280419, ..., -0.16484609,
          0.3027134 ,  0.        ]],

       [[ 0.        ,  0.05634709,  0.24016124, ..., -0.98719677,
         -0.99696107, -0.96466458],
        [-0.05634709,  0.        ,  0.1850817 , ..., -0.99461611,
         -0.99098761, -0.94828556],
        [-0.24016124, -0.1850817 ,  0.        , ..., -0.99661194,
         -0.94907411, -0.87315381],
        ...,
        [ 0.98719677,  0.99461611,  0.99661194, ...,  0.        ,
         -0.23592651, -0.41397857],
        [ 0.99696107,  0.99098761,  0.94907411, ...,  0.23592651,
          0.        , -0.18753158],
        [ 0.96466458,  0.94828556,  0.87315381, ...,  0.41397857,
          0.18753158,  0.        ]],

       ...,

       [[ 0.        , -0.08659098,  0.25234244, ..., -0.3559842 ,
         -0.3559842 , -0.58682755],
        [ 0.08659098,  0.        ,  0.33518335, ..., -0.43556568,
         -0.43556568, -0.65473714],
        [-0.25234244, -0.33518335,  0.        , ..., -0.10865185,
         -0.10865185, -0.36351194],
        ...,
        [ 0.3559842 ,  0.43556568,  0.10865185, ...,  0.        ,
          0.        ,  0.26014098],
        [ 0.3559842 ,  0.43556568,  0.10865185, ...,  0.        ,
          0.        ,  0.26014098],
        [ 0.58682755,  0.65473714,  0.36351194, ..., -0.26014098,
         -0.26014098,  0.        ]],

       [[ 0.        ,  0.13899533,  0.37197623, ..., -0.40774524,
         -0.37030361, -0.3452617 ],
        [-0.13899533,  0.        ,  0.23934413, ..., -0.53070332,
         -0.49582335, -0.47235828],
        [-0.37197623, -0.23934413,  0.        , ..., -0.71813627,
         -0.68926419, -0.66958859],
        ...,
        [ 0.40774524,  0.53070332,  0.71813627, ...,  0.        ,
          0.04063631,  0.06741455],
        [ 0.37030361,  0.49582335,  0.68926419, ..., -0.04063631,
          0.        ,  0.02681501],
        [ 0.3452617 ,  0.47235828,  0.66958859, ..., -0.06741455,
         -0.02681501,  0.        ]],

       [[ 0.        ,  0.29862738,  0.27408189, ...,  0.97613225,
          0.94184928,  0.90993475],
        [-0.29862738,  0.        , -0.02561637, ...,  0.86673615,
          0.79852306,  0.7445581 ],
        [-0.27408189,  0.02561637,  0.        , ...,  0.87922833,
          0.81368116,  0.76141417],
        ...,
        [-0.97613225, -0.86673615, -0.87922833, ...,  0.        ,
         -0.12346726, -0.20723542],
        [-0.94184928, -0.79852306, -0.81368116, ...,  0.12346726,
          0.        , -0.08486286],
        [-0.90993475, -0.7445581 , -0.76141417, ...,  0.20723542,
          0.08486286,  0.        ]]]), 'num': array([7.32165239e-01, 6.81114409e-01, 1.51486143e-05, 2.72853181e-05,
       2.73662834e-05, 2.68400088e-05, 4.14953013e-03, 6.07240017e-07,
       2.69209741e-05, 2.83014331e-05, 2.82332872e-05, 2.69884452e-07,
       3.02325709e-05, 2.63702952e-05])}
{'img': array([[[ 0.        ,  0.74798395,  0.4948695 , ..., -0.94031808,
         -0.95477095, -0.9898408 ],
        [-0.74798395,  0.        , -0.32152039, ..., -0.36956837,
         -0.41129027, -0.76332243],
        [-0.4948695 ,  0.32152039,  0.        , ..., -0.64870316,
         -0.68251911, -0.9304999 ],
        ...,
        [ 0.94031808,  0.36956837,  0.64870316, ...,  0.        ,
          0.04530917,  0.47053419],
        [ 0.95477095,  0.41129027,  0.68251911, ..., -0.04530917,
          0.        ,  0.43007098],
        [ 0.9898408 ,  0.76332243,  0.9304999 , ..., -0.47053419,
         -0.43007098,  0.        ]],

       [[ 0.        ,  0.83248044,  0.47961283, ...,  0.61040486,
          0.34198953,  0.35467187],
        [-0.83248044,  0.        , -0.4647535 , ..., -0.32120156,
         -0.59280419, -0.58185407],
        [-0.47961283,  0.4647535 ,  0.        , ...,  0.15572187,
         -0.15060493, -0.13721606],
        ...,
        [-0.61040486,  0.32120156, -0.15572187, ...,  0.        ,
         -0.3027134 , -0.28979107],
        [-0.34198953,  0.59280419,  0.15060493, ...,  0.3027134 ,
          0.        ,  0.01352941],
        [-0.35467187,  0.58185407,  0.13721606, ...,  0.28979107,
         -0.01352941,  0.        ]],

       [[ 0.        ,  0.1850817 ,  0.30916709, ..., -0.99098761,
         -0.94828556, -0.92772451],
        [-0.1850817 ,  0.        ,  0.12781152, ..., -0.94907411,
         -0.87315381, -0.8426117 ],
        [-0.30916709, -0.12781152,  0.        , ..., -0.90102287,
         -0.80369156, -0.76687173],
        ...,
        [ 0.99098761,  0.94907411,  0.90102287, ...,  0.        ,
         -0.18753158, -0.24562966],
        [ 0.94828556,  0.87315381,  0.80369156, ...,  0.18753158,
          0.        , -0.05948552],
        [ 0.92772451,  0.8426117 ,  0.76687173, ...,  0.24562966,
          0.05948552,  0.        ]],

       ...,

       [[ 0.        ,  0.33518335, -0.15556233, ..., -0.43556568,
         -0.65473714, -0.9586188 ],
        [-0.33518335,  0.        , -0.47766636, ..., -0.10865185,
         -0.36351194, -0.80774121],
        [ 0.15556233,  0.47766636,  0.        , ..., -0.57029365,
         -0.76434924, -0.99123613],
        ...,
        [ 0.43556568,  0.10865185,  0.57029365, ...,  0.        ,
          0.26014098,  0.73890496],
        [ 0.65473714,  0.36351194,  0.76434924, ..., -0.26014098,
          0.        ,  0.53817944],
        [ 0.9586188 ,  0.80774121,  0.99123613, ..., -0.73890496,
         -0.53817944,  0.        ]],

       [[ 0.        ,  0.23934413,  0.47615019, ..., -0.49582335,
         -0.47235828, -0.46678978],
        [-0.23934413,  0.        ,  0.25184018, ..., -0.68926419,
         -0.66958859, -0.6648908 ],
        [-0.47615019, -0.25184018,  0.        , ..., -0.84950915,
         -0.83505679, -0.83157025],
        ...,
        [ 0.49582335,  0.68926419,  0.84950915, ...,  0.        ,
          0.02681501,  0.03311929],
        [ 0.47235828,  0.66958859,  0.83505679, ..., -0.02681501,
          0.        ,  0.00630708],
        [ 0.46678978,  0.6648908 ,  0.83157025, ..., -0.03311929,
         -0.00630708,  0.        ]],

       [[ 0.        , -0.1220804 ,  0.171428  , ...,  0.88095372,
          0.83612092,  0.81548161],
        [ 0.1220804 ,  0.        ,  0.29041896, ...,  0.93213312,
          0.89683353,  0.88004004],
        [-0.171428  , -0.29041896,  0.        , ...,  0.78679251,
          0.72970752,  0.70419013],
        ...,
        [-0.88095372, -0.93213312, -0.78679251, ...,  0.        ,
         -0.08758846, -0.12399315],
        [-0.83612092, -0.89683353, -0.72970752, ...,  0.08758846,
          0.        , -0.03660406],
        [-0.81548161, -0.88004004, -0.70419013, ...,  0.12399315,
          0.03660406,  0.        ]]]), 'num': array([ 7.24478643e-01,  6.89293643e-01,  1.04561665e-05,  2.69616860e-05,
        2.71619957e-05,  2.68815621e-05,  2.22773234e-03, -4.00619406e-08,
        2.66812524e-05,  2.79732500e-05,  2.78897876e-05,  2.00309703e-07,
        2.99327458e-05,  2.60137542e-05])}
{'img': array([[[ 0.        , -0.32152039, -0.26371087, ..., -0.41129027,
         -0.76332243, -0.74798395],
        [ 0.32152039,  0.        ,  0.06043061, ..., -0.68251911,
         -0.9304999 , -0.92166648],
        [ 0.26371087, -0.06043061,  0.        , ..., -0.63710495,
         -0.90666406, -0.89653598],
        ...,
        [ 0.41129027,  0.68251911,  0.63710495, ...,  0.        ,
          0.43007098,  0.40881042],
        [ 0.76332243,  0.9304999 ,  0.90666406, ..., -0.43007098,
          0.        , -0.02341906],
        [ 0.74798395,  0.92166648,  0.89653598, ..., -0.40881042,
          0.02341906,  0.        ]],

       [[ 0.        , -0.4647535 , -0.52552473, ..., -0.59280419,
         -0.58185407, -0.88903571],
        [ 0.4647535 ,  0.        , -0.06991847, ..., -0.15060493,
         -0.13721606, -0.57440612],
        [ 0.52552473,  0.06991847,  0.        , ..., -0.08111538,
         -0.06762313, -0.51576719],
        ...,
        [ 0.59280419,  0.15060493,  0.08111538, ...,  0.        ,
          0.01352941, -0.44457371],
        [ 0.58185407,  0.13721606,  0.06762313, ..., -0.01352941,
          0.        , -0.45665189],
        [ 0.88903571,  0.57440612,  0.51576719, ...,  0.44457371,
          0.45665189,  0.        ]],

       [[ 0.        ,  0.12781152,  0.56797578, ..., -0.87315381,
         -0.8426117 , -0.86853091],
        [-0.12781152,  0.        ,  0.45812285, ..., -0.80369156,
         -0.76687173, -0.79805977],
        [-0.56797578, -0.45812285,  0.        , ..., -0.44178828,
         -0.38764034, -0.43333157],
        ...,
        [ 0.87315381,  0.80369156,  0.44178828, ...,  0.        ,
         -0.05948552, -0.00940474],
        [ 0.8426117 ,  0.76687173,  0.38764034, ...,  0.05948552,
          0.        ,  0.05009481],
        [ 0.86853091,  0.79805977,  0.43333157, ...,  0.00940474,
         -0.05009481,  0.        ]],

       ...,

       [[ 0.        , -0.47766636, -0.57622537, ..., -0.36351194,
         -0.80774121, -0.53306156],
        [ 0.47766636,  0.        , -0.11584546, ..., -0.76434924,
         -0.99123613, -0.87245887],
        [ 0.57622537,  0.11584546,  0.        , ..., -0.83390051,
         -0.9998658 , -0.92319705],
        ...,
        [ 0.36351194,  0.76434924,  0.83390051, ...,  0.        ,
          0.53817944,  0.18903567],
        [ 0.80774121,  0.99123613,  0.9998658 , ..., -0.53817944,
          0.        , -0.36915119],
        [ 0.53306156,  0.87245887,  0.92319705, ..., -0.18903567,
          0.36915119,  0.        ]],

       [[ 0.        ,  0.25184018,  0.65720639, ..., -0.66958859,
         -0.6648908 , -0.65958464],
        [-0.25184018,  0.        ,  0.44620923, ..., -0.83505679,
         -0.83157025, -0.82761617],
        [-0.65720639, -0.44620923,  0.        , ..., -0.99280441,
         -0.9920294 , -0.99111221],
        ...,
        [ 0.66958859,  0.83505679,  0.99280441, ...,  0.        ,
          0.00630708,  0.01338833],
        [ 0.6648908 ,  0.83157025,  0.9920294 , ..., -0.00630708,
          0.        ,  0.00708154],
        [ 0.65958464,  0.82761617,  0.99111221, ..., -0.01338833,
         -0.00708154,  0.        ]],

       [[ 0.        ,  0.29041896,  0.57725076, ...,  0.89683353,
          0.88004004,  0.84503722],
        [-0.29041896,  0.        ,  0.3152245 , ...,  0.72970752,
          0.70419013,  0.65332658],
        [-0.57725076, -0.3152245 ,  0.        , ...,  0.47696723,
          0.4444755 ,  0.38136915],
        ...,
        [-0.89683353, -0.72970752, -0.47696723, ...,  0.        ,
         -0.03660406, -0.10572601],
        [-0.88004004, -0.70419013, -0.4444755 , ...,  0.03660406,
          0.        , -0.06925625],
        [-0.84503722, -0.65332658, -0.38136915, ...,  0.10572601,
          0.06925625,  0.        ]]]), 'num': array([ 7.59885432e-01,  6.50045296e-01,  3.26905169e-05,  2.82437996e-05,
        2.83698880e-05,  2.79916228e-05,  3.90323426e-03, -4.20294637e-08,
        2.80420582e-05,  2.92230861e-05,  2.91929650e-05,  2.23560977e-07,
        3.12303351e-05,  2.72158371e-05])}
{'img': array([[[ 0.        ,  0.18897457, -0.71655688, ..., -0.87570054,
         -0.86402423, -0.85160166],
        [-0.18897457,  0.        , -0.83546113, ..., -0.76867492,
         -0.75331694, -0.73719901],
        [ 0.71655688,  0.83546113,  0.        , ..., -0.95681901,
         -0.96343239, -0.96962814],
        ...,
        [ 0.87570054,  0.76867492,  0.95681901, ...,  0.        ,
         -0.02367357, -0.04783324],
        [ 0.86402423,  0.75331694,  0.96343239, ...,  0.02367357,
          0.        , -0.02417335],
        [ 0.85160166,  0.73719901,  0.96962814, ...,  0.04783324,
          0.02417335,  0.        ]],

       [[ 0.        , -0.06991847,  0.19833328, ..., -0.13721606,
         -0.57440612, -0.21390701],
        [ 0.06991847,  0.        ,  0.26637741, ..., -0.06762313,
         -0.51576719, -0.14508338],
        [-0.19833328, -0.26637741,  0.        , ..., -0.33094748,
         -0.7253451 , -0.40340033],
        ...,
        [ 0.13721606,  0.06762313,  0.33094748, ...,  0.        ,
         -0.45665189, -0.07784363],
        [ 0.57440612,  0.51576719,  0.7253451 , ...,  0.45665189,
          0.        ,  0.38601298],
        [ 0.21390701,  0.14508338,  0.40340033, ...,  0.07784363,
         -0.38601298,  0.        ]],

       [[ 0.        ,  0.45812285,  0.21683668, ..., -0.76687173,
         -0.79805977, -0.8294073 ],
        [-0.45812285,  0.        , -0.25447942, ..., -0.38764034,
         -0.43333157, -0.48132318],
        [-0.21683668,  0.25447942,  0.        , ..., -0.60946037,
         -0.64841117, -0.68853936],
        ...,
        [ 0.76687173,  0.38764034,  0.60946037, ...,  0.        ,
          0.05009481,  0.10390535],
        [ 0.79805977,  0.43333157,  0.64841117, ..., -0.05009481,
          0.        ,  0.05395124],
        [ 0.8294073 ,  0.48132318,  0.68853936, ..., -0.10390535,
         -0.05395124,  0.        ]],

       ...,

       [[ 0.        , -0.35520266, -0.91956301, ..., -0.82645798,
         -0.54853987, -0.62098345],
        [ 0.35520266,  0.        , -0.72002343, ..., -0.97254262,
         -0.80976282, -0.85890495],
        [ 0.91956301,  0.72002343,  0.        , ..., -0.84246304,
         -0.98441374, -0.9647861 ],
        ...,
        [ 0.82645798,  0.97254262,  0.84246304, ...,  0.        ,
         -0.38219462, -0.29818465],
        [ 0.54853987,  0.80976282,  0.98441374, ...,  0.38219462,
          0.        ,  0.08926088],
        [ 0.62098345,  0.85890495,  0.9647861 , ...,  0.29818465,
         -0.08926088,  0.        ]],

       [[ 0.        ,  0.44620923,  0.27914464, ..., -0.83157025,
         -0.82761617, -0.87015713],
        [-0.44620923,  0.        , -0.17865746, ..., -0.9920294 ,
         -0.99111221, -0.99860903],
        [-0.27914464,  0.17865746,  0.        , ..., -0.95355696,
         -0.9514    , -0.97312289],
        ...,
        [ 0.83157025,  0.9920294 ,  0.95355696, ...,  0.        ,
          0.00708154, -0.07352581],
        [ 0.82761617,  0.99111221,  0.9514    , ..., -0.00708154,
          0.        , -0.08058635],
        [ 0.87015713,  0.99860903,  0.97312289, ...,  0.07352581,
          0.08058635,  0.        ]],

       [[ 0.        ,  0.51601999,  0.82101883, ...,  0.86172011,
          0.82267692,  0.78313975],
        [-0.51601999,  0.        ,  0.40866908, ...,  0.47630898,
          0.41132364,  0.34993431],
        [-0.82101883, -0.40866908,  0.        , ...,  0.07538521,
          0.00291042, -0.0634517 ],
        ...,
        [-0.86172011, -0.47630898, -0.07538521, ...,  0.        ,
         -0.07248275, -0.13850445],
        [-0.82267692, -0.41132364, -0.00291042, ...,  0.07248275,
          0.        , -0.06635599],
        [-0.78313975, -0.34993431,  0.0634517 , ...,  0.13850445,
          0.06635599,  0.        ]]]), 'num': array([ 8.53288230e-01,  5.21431349e-01,  9.95073135e-05,  3.15723423e-05,
        3.18563514e-05,  3.14776727e-05,  2.91999199e-03, -2.36674230e-07,
        3.16670120e-05,  3.27675472e-05,  3.28014705e-05,  2.46535657e-07,
        3.49826713e-05,  3.05524231e-05])}
{'img': array([[[ 0.        , -0.83546113, -0.59759005, ..., -0.75331694,
         -0.73719901, -0.64311958],
        [ 0.83546113,  0.        ,  0.34146889, ..., -0.96343239,
         -0.96962814, -0.9931936 ],
        [ 0.59759005, -0.34146889,  0.        , ..., -0.99702055,
         -0.99486456, -0.97326844],
        ...,
        [ 0.75331694,  0.96343239,  0.99702055, ...,  0.        ,
         -0.02417335, -0.1539118 ],
        [ 0.73719901,  0.96962814,  0.99486456, ...,  0.02417335,
          0.        , -0.12998151],
        [ 0.64311958,  0.9931936 ,  0.97326844, ...,  0.1539118 ,
          0.12998151,  0.        ]],

       [[ 0.        ,  0.26637741,  0.09207855, ..., -0.51576719,
         -0.14508338, -0.4421838 ],
        [-0.26637741,  0.        , -0.17649413, ..., -0.7253451 ,
         -0.40340033, -0.66512758],
        [-0.09207855,  0.17649413,  0.        , ..., -0.59246242,
         -0.23557133, -0.52289279],
        ...,
        [ 0.51576719,  0.7253451 ,  0.59246242, ...,  0.        ,
          0.38601298,  0.08377263],
        [ 0.14508338,  0.40340033,  0.23557133, ..., -0.38601298,
          0.        , -0.30737641],
        [ 0.4421838 ,  0.66512758,  0.52289279, ..., -0.08377263,
          0.30737641,  0.        ]],

       [[ 0.        , -0.25447942, -0.1280358 , ..., -0.43333157,
         -0.48132318, -0.54335015],
        [ 0.25447942,  0.        ,  0.12856431, ..., -0.64841117,
         -0.68853936, -0.73909912],
        [ 0.1280358 , -0.12856431,  0.        , ..., -0.54515534,
         -0.58959058, -0.64636497],
        ...,
        [ 0.43333157,  0.64841117,  0.54515534, ...,  0.        ,
          0.05395124,  0.12590141],
        [ 0.48132318,  0.68853936,  0.58959058, ..., -0.05395124,
          0.        ,  0.07219611],
        [ 0.54335015,  0.73909912,  0.64636497, ..., -0.12590141,
         -0.07219611,  0.        ]],

       ...,

       [[ 0.        , -0.89805131, -0.83467752, ..., -0.55686787,
         -0.6300709 , -0.60620339],
        [ 0.89805131,  0.        ,  0.12742498, ..., -0.99088341,
         -0.97453296, -0.98089212],
        [ 0.83467752, -0.12742498,  0.        , ..., -0.99997291,
         -0.9951631 , -0.99768694],
        ...,
        [ 0.55686787,  0.99088341,  0.99997291, ...,  0.        ,
          0.09090873,  0.06063081],
        [ 0.6300709 ,  0.97453296,  0.9951631 , ..., -0.09090873,
          0.        , -0.03036173],
        [ 0.60620339,  0.98089212,  0.99768694, ..., -0.06063081,
          0.03036173,  0.        ]],

       [[ 0.        , -0.17865746, -0.26095267, ..., -0.99111221,
         -0.99860903, -0.99966787],
        [ 0.17865746,  0.        , -0.08428703, ..., -0.9514    ,
         -0.97312289, -0.98818877],
        [ 0.26095267,  0.08428703,  0.        , ..., -0.9220576 ,
         -0.95024989, -0.97175605],
        ...,
        [ 0.99111221,  0.9514    ,  0.9220576 , ...,  0.        ,
         -0.08058635, -0.15852655],
        [ 0.99860903,  0.97312289,  0.95024989, ...,  0.08058635,
          0.        , -0.07844365],
        [ 0.99966787,  0.98818877,  0.97175605, ...,  0.15852655,
          0.07844365,  0.        ]],

       [[ 0.        ,  0.6009712 ,  0.87380127, ...,  0.60374408,
          0.53778152,  0.44794202],
        [-0.6009712 ,  0.        ,  0.40616155, ...,  0.0034738 ,
         -0.07683634, -0.17927895],
        [-0.87380127, -0.40616155,  0.        , ..., -0.40298474,
         -0.47517397, -0.56340637],
        ...,
        [-0.60374408, -0.0034738 ,  0.40298474, ...,  0.        ,
         -0.08029941, -0.18269539],
        [-0.53778152,  0.07683634,  0.47517397, ...,  0.08029941,
          0.        , -0.10315749],
        [-0.44794202,  0.17927895,  0.56340637, ...,  0.18269539,
          0.10315749,  0.        ]]]), 'num': array([ 7.85551871e-01,  6.18787459e-01,  5.03060095e-05,  2.89370851e-05,
        2.92862505e-05,  2.88934394e-05,  3.21379719e-03, -1.74582715e-07,
        2.92338757e-05,  3.00893310e-05,  3.01708029e-05,  1.53479310e-07,
        3.21246241e-05,  2.80540380e-05])}
{'img': array([[[ 0.        ,  0.69397406, -0.15961556, ..., -0.99737333,
         -0.99781775, -0.98116047],
        [-0.69397406,  0.        , -0.8       , ..., -0.76837491,
         -0.67260687, -0.57236352],
        [ 0.15961556,  0.8       ,  0.        , ..., -0.97302495,
         -0.99556412, -0.99941811],
        ...,
        [ 0.99737333,  0.76837491,  0.97302495, ...,  0.        ,
         -0.13812904, -0.26375477],
        [ 0.99781775,  0.67260687,  0.99556412, ...,  0.13812904,
          0.        , -0.12798863],
        [ 0.98116047,  0.57236352,  0.99941811, ...,  0.26375477,
          0.12798863,  0.        ]],

       [[ 0.        , -0.17649413, -0.27370085, ..., -0.40340033,
         -0.66512758, -0.55820694],
        [ 0.17649413,  0.        , -0.09964953, ..., -0.23557133,
         -0.52289279, -0.40300654],
        [ 0.27370085,  0.09964953,  0.        , ..., -0.1375537 ,
         -0.43534903, -0.30980165],
        ...,
        [ 0.40340033,  0.23557133,  0.1375537 , ...,  0.        ,
         -0.30737641, -0.17607056],
        [ 0.66512758,  0.52289279,  0.43534903, ...,  0.30737641,
          0.        ,  0.1350278 ],
        [ 0.55820694,  0.40300654,  0.30980165, ...,  0.17607056,
         -0.1350278 ,  0.        ]],

       [[ 0.        ,  0.22129633, -0.30049701, ..., -0.66415732,
         -0.71650947, -0.73690072],
        [-0.22129633,  0.        , -0.5041153 , ..., -0.48225106,
         -0.54437346, -0.56903392],
        [ 0.30049701,  0.5041153 ,  0.        , ..., -0.85811121,
         -0.89301429, -0.90597948],
        ...,
        [ 0.66415732,  0.48225106,  0.85811121, ...,  0.        ,
          0.07235623,  0.10193071],
        [ 0.71650947,  0.54437346,  0.89301429, ..., -0.07235623,
          0.        ,  0.02968416],
        [ 0.73690072,  0.56903392,  0.90597948, ..., -0.10193071,
         -0.02968416,  0.        ]],

       ...,

       [[ 0.        ,  0.12554721, -0.30488126, ..., -0.95565504,
         -0.96296281, -0.88258634],
        [-0.12554721,  0.        , -0.42203888, ..., -0.98506576,
         -0.98919533, -0.81657694],
        [ 0.30488126,  0.42203888,  0.        , ..., -0.82037264,
         -0.83491007, -0.98390676],
        ...,
        [ 0.95565504,  0.98506576,  0.82037264, ...,  0.        ,
         -0.02590409, -0.70921304],
        [ 0.96296281,  0.98919533,  0.83491007, ...,  0.02590409,
          0.        , -0.69071282],
        [ 0.88258634,  0.81657694,  0.98390676, ...,  0.70921304,
          0.69071282,  0.        ]],

       [[ 0.        , -0.19253681, -0.4293338 , ..., -0.99812166,
         -0.99984031, -0.99700439],
        [ 0.19253681,  0.        , -0.24741203, ..., -0.96765119,
         -0.98457381, -0.99324195],
        [ 0.4293338 ,  0.24741203,  0.        , ..., -0.87514723,
         -0.91067414, -0.93364725],
        ...,
        [ 0.99812166,  0.96765119,  0.87514723, ...,  0.        ,
         -0.07909024, -0.13827916],
        [ 0.99984031,  0.98457381,  0.91067414, ...,  0.07909024,
          0.        , -0.05951555],
        [ 0.99700439,  0.99324195,  0.93364725, ...,  0.13827916,
          0.05951555,  0.        ]],

       [[ 0.        ,  0.40616155,  0.71095051, ..., -0.07683634,
         -0.17927895, -0.33300331],
        [-0.40616155,  0.        ,  0.36403762, ..., -0.47517397,
         -0.56340637, -0.687279  ],
        [-0.71095051, -0.36403762,  0.        , ..., -0.76288329,
         -0.82550839, -0.90455541],
        ...,
        [ 0.07683634,  0.47517397,  0.76288329, ...,  0.        ,
         -0.10315749, -0.2595679 ],
        [ 0.17927895,  0.56340637,  0.82550839, ...,  0.10315749,
          0.        , -0.15856136],
        [ 0.33300331,  0.687279  ,  0.90455541, ...,  0.2595679 ,
          0.15856136,  0.        ]]]), 'num': array([8.66135059e-01, 4.99783335e-01, 1.06343026e-04, 3.26284044e-05,
       3.26284044e-05, 3.13024315e-05, 5.16310166e-03, 1.23126054e-06,
       3.18612344e-05, 3.25881516e-05, 3.26954923e-05, 3.58371052e-07,
       3.47308864e-05, 3.04454169e-05])}
{'img': array([[[ 0.        , -0.8       , -0.9075241 , ..., -0.67260687,
         -0.57236352, -0.9539392 ],
        [ 0.8       ,  0.        , -0.20851446, ..., -0.99556412,
         -0.99941811, -0.81236352],
        [ 0.9075241 ,  0.20851446,  0.        , ..., -0.95406272,
         -0.98456244, -0.6729117 ],
        ...,
        [ 0.67260687,  0.99556412,  0.95406272, ...,  0.        ,
         -0.12798863,  0.50413295],
        [ 0.57236352,  0.99941811,  0.98456244, ...,  0.12798863,
          0.        ,  0.61052109],
        [ 0.9539392 ,  0.81236352,  0.6729117 , ..., -0.50413295,
         -0.61052109,  0.        ]],

       [[ 0.        , -0.09964953, -0.33877026, ..., -0.52289279,
         -0.40300654, -0.10959531],
