state_0,state_1,state_2,state_3,state_4,state_5,state_6,state_7,state_8,state_9,state_10,state_11,state_12,state_13,state_14,state_15,state_16,state_17,state_18,state_19,state_20,state_21,state_22,state_23,state_24,state_25,state_26,state_27,state_28,state_29,state_30,state_31,state_32,state_33,state_34,state_35,state_36,state_37,state_38,state_39,state_40,state_41,state_42,state_43,state_44,state_45,state_46,state_47,state_48,state_49,state_50,state_51,state_52,state_53,state_54,state_55,state_56,state_57,state_58,state_59,state_60,state_61,state_62,state_63,state_64,state_65,state_66,state_67,state_68,state_69,state_70,state_71,state_72,state_73,state_74,state_75,state_76,state_77,state_78,state_79,state_80,state_81,state_82,state_83,state_84,state_85,state_86,state_87,state_88,state_89,state_90,state_91,state_92,state_93,state_94,state_95,state_96,state_97,state_98,state_99,state_100,state_101,state_102,state_103,state_104,state_105,state_106,state_107,state_108,state_109,state_110,state_111,state_112,state_113,state_114,state_115,state_116,state_117,state_118,state_119,state_120,state_121,state_122,state_123,state_124,state_125,state_126,state_127,state_128,state_129,state_130,state_131,state_132,state_133,state_134,state_135,state_136,state_137,state_138,state_139,state_140,state_141,state_142,state_143,state_144,state_145,state_146,state_147,state_148,state_149,state_150,state_151,state_152,state_153,state_154,state_155,state_156,state_157,state_158,state_159,state_160,state_161,state_162,state_163,state_164,state_165,state_166,state_167,state_168,state_169,state_170,state_171,state_172,state_173,state_174,state_175,state_176,state_177,state_178,state_179,state_180,state_181,state_182,state_183,state_184,state_185,state_186,state_187,state_188,state_189,state_190,state_191,state_192,state_193,state_194,state_195,state_196,state_197,state_198,state_199,state_200,state_201,state_202,state_203,state_204,state_205,state_206,state_207,state_208,state_209,state_210,state_211,state_212,state_213,state_214,state_215,state_216,state_217,state_218,state_219,state_220,state_221,state_222,state_223,state_224,state_225,state_226,state_227,state_228,state_229,state_230,state_231,state_232,state_233,state_234,state_235,state_236,state_237,state_238,state_239,state_240,state_241,state_242,state_243,state_244,state_245,state_246,state_247,state_248,state_249,state_250,state_251,state_252,state_253,state_254,state_255,state_256,state_257,state_258,state_259,state_260,state_261,state_262,state_263,state_264,state_265,state_266,state_267,state_268,state_269,state_270,state_271,state_272,state_273,state_274,state_275,state_276,state_277,state_278,state_279,state_280,state_281,state_282,state_283,state_284,state_285,state_286,state_287
{'img': array([[[ 0.        ,  0.1750672 ,  0.21455351, ...,  0.99839056,
          0.99974679,  0.97161838],
        [-0.1750672 ,  0.        ,  0.04024977, ...,  0.99290038,
          0.98824663,  0.998026  ],
        [-0.21455351, -0.04024977,  0.        , ...,  0.98730812,
          0.98129291,  0.99974502],
        ...,
        [-0.99839056, -0.99290038, -0.98730812, ...,  0.        ,
         -0.03423176,  0.18107033],
        [-0.99974679, -0.98824663, -0.98129291, ...,  0.03423176,
          0.        ,  0.21463013],
        [-0.97161838, -0.998026  , -0.99974502, ..., -0.18107033,
         -0.21463013,  0.        ]],

       [[ 0.        ,  0.31019808,  0.44778319, ...,  0.76745131,
          0.58433266,  0.88029497],
        [-0.31019808,  0.        ,  0.14833373, ...,  0.5307242 ,
          0.30377851,  0.68970545],
        [-0.44778319, -0.14833373,  0.        , ...,  0.39913354,
          0.15909404,  0.57466851],
        ...,
        [-0.76745131, -0.5307242 , -0.39913354, ...,  0.        ,
         -0.24817776,  0.20026401],
        [-0.58433266, -0.30377851, -0.15909404, ...,  0.24817776,
          0.        ,  0.43714882],
        [-0.88029497, -0.68970545, -0.57466851, ..., -0.20026401,
         -0.43714882,  0.        ]],

       [[ 0.        ,  0.10932171,  0.19570342, ...,  0.78000379,
          0.83138976,  0.83983905],
        [-0.10932171,  0.        ,  0.08732269, ...,  0.84373954,
          0.88715571,  0.89414911],
        [-0.19570342, -0.08732269,  0.        , ...,  0.88738722,
          0.92406366,  0.92983395],
        ...,
        [-0.78000379, -0.84373954, -0.88738722, ...,  0.        ,
         -0.08682267, -0.10213636],
        [-0.83138976, -0.88715571, -0.92406366, ...,  0.08682267,
          0.        , -0.01538205],
        [-0.83983905, -0.89414911, -0.92983395, ...,  0.10213636,
          0.01538205,  0.        ]],

       ...,

       [[ 0.        ,  0.12882637, -0.12884756, ...,  0.0739915 ,
         -0.16462474, -0.15959203],
        [-0.12882637,  0.        , -0.25552642, ..., -0.0550983 ,
         -0.29032164, -0.28543738],
        [ 0.12884756,  0.25552642,  0.        , ...,  0.20186911,
         -0.03616289, -0.0310656 ],
        ...,
        [-0.0739915 ,  0.0550983 , -0.20186911, ...,  0.        ,
         -0.23715546, -0.23219772],
        [ 0.16462474,  0.29032164,  0.03616289, ...,  0.23715546,
          0.        ,  0.00510015],
        [ 0.15959203,  0.28543738,  0.0310656 , ...,  0.23219772,
         -0.00510015,  0.        ]],

       [[ 0.        , -0.22228005, -0.10143784, ...,  0.33609828,
          0.22228005,  0.35523011],
        [ 0.22228005,  0.        ,  0.12223335, ...,  0.11834072,
          0.        ,  0.13856057],
        [ 0.10143784, -0.12223335,  0.        , ...,  0.23882775,
          0.12223335,  0.25857584],
        ...,
        [-0.33609828, -0.11834072, -0.23882775, ...,  0.        ,
          0.11834072, -0.02038771],
        [-0.22228005, -0.        , -0.12223335, ..., -0.11834072,
          0.        , -0.13856057],
        [-0.35523011, -0.13856057, -0.25857584, ...,  0.02038771,
          0.13856057,  0.        ]],

       [[ 0.        ,  0.03416984,  0.025934  , ...,  0.92267852,
          0.96493508,  0.96038473],
        [-0.03416984,  0.        , -0.00823949, ...,  0.90896484,
          0.9554024 ,  0.96934627],
        [-0.025934  ,  0.00823949,  0.        , ...,  0.91236881,
          0.95780315,  0.96728893],
        ...,
        [-0.92267852, -0.90896484, -0.91236881, ...,  0.        ,
          0.12985754,  0.62742547],
        [-0.96493508, -0.9554024 , -0.95780315, ..., -0.12985754,
          0.        ,  0.52099582],
        [-0.96038473, -0.96934627, -0.96728893, ..., -0.62742547,
         -0.52099582,  0.        ]]]), 'num': array([9.82638324e-01, 1.74169820e-01, 2.49142836e-05, 1.57904005e-03,
       1.60580344e-03, 1.54741058e-03, 6.37826585e-02, 1.21651775e-05,
       1.54643737e-03, 1.51079340e-03, 1.32296306e-03, 3.00994084e-06,
       1.75034289e-03, 1.27124391e-03])}
{'img': array([[[ 0.        ,  0.04024977,  0.16034493, ...,  0.98824663,
          0.998026  ,  0.99370926],
        [-0.04024977,  0.        ,  0.12048601, ...,  0.98129291,
          0.99974502,  0.99741161],
        [-0.16034493, -0.12048601,  0.        , ...,  0.95094816,
          0.99518259,  0.99880883],
        ...,
        [-0.98824663, -0.98129291, -0.95094816, ...,  0.        ,
          0.21463013,  0.26258063],
        [-0.998026  , -0.99974502, -0.99518259, ..., -0.21463013,
          0.        ,  0.04936252],
        [-0.99370926, -0.99741161, -0.99880883, ..., -0.26258063,
         -0.04936252,  0.        ]],

       [[ 0.        ,  0.33549858,  0.38496376, ...,  0.51477836,
          0.85915724,  0.65018398],
        [-0.33549858,  0.        ,  0.05300926, ...,  0.19731143,
          0.63768255,  0.35759573],
        [-0.38496376, -0.05300926,  0.        , ...,  0.14506686,
          0.59595299,  0.30758886],
        ...,
        [-0.51477836, -0.19731143, -0.14506686, ...,  0.        ,
          0.47315742,  0.16630121],
        [-0.85915724, -0.63768255, -0.59595299, ..., -0.47315742,
          0.        , -0.32006101],
        [-0.65018398, -0.35759573, -0.30758886, ..., -0.16630121,
          0.32006101,  0.        ]],

       [[ 0.        ,  0.08732269,  0.16009601, ...,  0.88715571,
          0.89414911,  0.91027298],
        [-0.08732269,  0.        ,  0.0732881 , ...,  0.92406366,
          0.92983395,  0.94294815],
        [-0.16009601, -0.0732881 ,  0.        , ...,  0.94959222,
          0.95430196,  0.9648129 ],
        ...,
        [-0.88715571, -0.92406366, -0.94959222, ...,  0.        ,
         -0.01538205, -0.05277379],
        [-0.89414911, -0.92983395, -0.95430196, ...,  0.01538205,
          0.        , -0.03740693],
        [-0.91027298, -0.94294815, -0.9648129 , ...,  0.05277379,
          0.03740693,  0.        ]],

       ...,

       [[ 0.        , -0.25552642,  0.05417532, ..., -0.29032164,
         -0.28543738, -0.16588179],
        [ 0.25552642,  0.        ,  0.30752797, ..., -0.03616289,
         -0.0310656 ,  0.09161141],
        [-0.05417532, -0.30752797,  0.        , ..., -0.34173723,
         -0.33693968, -0.21906294],
        ...,
        [ 0.29032164,  0.03616289,  0.34173723, ...,  0.        ,
          0.00510015,  0.12756231],
        [ 0.28543738,  0.0310656 ,  0.33693968, ..., -0.00510015,
          0.        ,  0.12250216],
        [ 0.16588179, -0.09161141,  0.21906294, ..., -0.12756231,
         -0.12250216,  0.        ]],

       [[ 0.        ,  0.12223335,  0.23265313, ...,  0.        ,
          0.13856057,  0.09904503],
        [-0.12223335,  0.        ,  0.11202931, ...,  0.12223335,
          0.25857584,  0.21993465],
        [-0.23265313, -0.11202931,  0.        , ...,  0.23265313,
          0.36516739,  0.32783637],
        ...,
        [-0.        , -0.12223335, -0.23265313, ...,  0.        ,
         -0.13856057, -0.09904503],
        [-0.13856057, -0.25857584, -0.36516739, ...,  0.13856057,
          0.        ,  0.03978963],
        [-0.09904503, -0.21993465, -0.32783637, ...,  0.09904503,
         -0.03978963,  0.        ]],

       [[ 0.        , -0.00783116, -0.03440408, ...,  0.9105889 ,
          0.99450232,  0.90014356],
        [ 0.00783116,  0.        , -0.0265765 , ...,  0.9137977 ,
          0.99529186,  0.89670476],
        [ 0.03440408,  0.0265765 ,  0.        , ...,  0.9242695 ,
          0.99751618,  0.88462449],
        ...,
        [-0.9105889 , -0.9137977 , -0.9242695 , ...,  0.        ,
          0.31568906,  0.76868774],
        [-0.99450232, -0.99529186, -0.99751618, ..., -0.31568906,
          0.        ,  0.52745675],
        [-0.90014356, -0.89670476, -0.88462449, ..., -0.76868774,
         -0.52745675,  0.        ]]]), 'num': array([7.06375004e-01, 7.06375004e-01, 0.00000000e+00, 1.22300566e-03,
       1.24554954e-03, 1.21173372e-03, 4.53594952e-02, 3.75731385e-06,
       1.19783166e-03, 1.17735430e-03, 1.02759403e-03, 2.33389461e-06,
       1.34849613e-03, 1.00621246e-03])}
{'img': array([[[ 0.        ,  0.12048601,  0.02564267, ...,  0.99974502,
          0.99741161,  0.99574341],
        [-0.12048601,  0.        , -0.09499053, ...,  0.99518259,
          0.99880883,  0.99959448],
        [-0.02564267,  0.09499053,  0.        , ...,  0.99999531,
          0.99892742,  0.99777943],
        ...,
        [-0.99974502, -0.99518259, -0.99999531, ...,  0.        ,
          0.04936252,  0.0696604 ],
        [-0.99741161, -0.99880883, -0.99892742, ..., -0.04936252,
          0.        ,  0.02033288],
        [-0.99574341, -0.99959448, -0.99777943, ..., -0.0696604 ,
         -0.02033288,  0.        ]],

       [[ 0.        ,  0.05430924, -0.16852639, ...,  0.64267801,
          0.36225468,  0.31535239],
        [-0.05430924,  0.        , -0.22181014, ...,  0.60012124,
          0.31109954,  0.26334889],
        [ 0.16852639,  0.22181014,  0.        , ...,  0.76260008,
          0.51415334,  0.47076923],
        ...,
        [-0.64267801, -0.60012124, -0.76260008, ...,  0.        ,
         -0.32149028, -0.36828219],
        [-0.36225468, -0.31109954, -0.51415334, ...,  0.32149028,
          0.        , -0.04983712],
        [-0.31535239, -0.26334889, -0.47076923, ...,  0.36828219,
          0.04983712,  0.        ]],

       [[ 0.        ,  0.0732881 ,  0.12469465, ...,  0.92983395,
          0.94294815,  0.93440758],
        [-0.0732881 ,  0.        ,  0.05164322, ...,  0.95430196,
          0.9648129 ,  0.95800042],
        [-0.12469465, -0.05164322,  0.        , ...,  0.96846181,
          0.97710439,  0.97153162],
        ...,
        [-0.92983395, -0.95430196, -0.96846181, ...,  0.        ,
         -0.03740693, -0.0126306 ],
        [-0.94294815, -0.9648129 , -0.97710439, ...,  0.03740693,
          0.        ,  0.02478218],
        [-0.93440758, -0.95800042, -0.97153162, ...,  0.0126306 ,
         -0.02478218,  0.        ]],

       ...,

       [[ 0.        ,  0.30752797,  0.05102144, ..., -0.0310656 ,
          0.09161141,  0.10127817],
        [-0.30752797,  0.        , -0.25857854, ..., -0.33693968,
         -0.21906294, -0.20957658],
        [-0.05102144,  0.25857854,  0.        , ..., -0.08202196,
          0.0406852 ,  0.05038716],
        ...,
        [ 0.0310656 ,  0.33693968,  0.08202196, ...,  0.        ,
          0.12250216,  0.13213516],
        [-0.09161141,  0.21906294, -0.0406852 , ..., -0.12250216,
          0.        ,  0.00971192],
        [-0.10127817,  0.20957658, -0.05038716, ..., -0.13213516,
         -0.00971192,  0.        ]],

       [[ 0.        ,  0.19907952,  0.20691315, ...,  0.13881979,
          0.09923077,  0.18603279],
        [-0.19907952,  0.        ,  0.00800015, ...,  0.33319304,
          0.29534145,  0.37791332],
        [-0.20691315, -0.00800015,  0.        , ...,  0.34072539,
          0.30297527,  0.38530809],
        ...,
        [-0.13881979, -0.33319304, -0.34072539, ...,  0.        ,
          0.03986466, -0.04783507],
        [-0.09923077, -0.29534145, -0.30297527, ..., -0.03986466,
          0.        , -0.08761607],
        [-0.18603279, -0.37791332, -0.38530809, ...,  0.04783507,
          0.08761607,  0.        ]],

       [[ 0.        , -0.02493852, -0.02667586, ...,  0.95440231,
          0.99562344,  0.87020176],
        [ 0.02493852,  0.        , -0.00173792, ...,  0.9615502 ,
          0.99764443,  0.85764402],
        [ 0.02667586,  0.00173792,  0.        , ...,  0.96202604,
          0.99776214,  0.85674901],
        ...,
        [-0.95440231, -0.9615502 , -0.96202604, ...,  0.        ,
          0.2080226 ,  0.73000538],
        [-0.99562344, -0.99764443, -0.99776214, ..., -0.2080226 ,
          0.        ,  0.57186454],
        [-0.87020176, -0.85764402, -0.85674901, ..., -0.73000538,
         -0.57186454,  0.        ]]]), 'num': array([ 7.38349679e-01,  6.71051760e-01,  2.12631655e-06,  1.24625775e-03,
        1.30925973e-03,  1.22656964e-03,  6.72091647e-02, -3.54386091e-05,
        1.25885815e-03,  1.24251701e-03,  1.08258388e-03,  1.68005258e-06,
        1.40599194e-03,  1.07904209e-03])}
{'img': array([[[ 0.        , -0.09499053, -0.21710142, ...,  0.99880883,
          0.99959448,  0.97988917],
        [ 0.09499053,  0.        , -0.12339481, ...,  0.99892742,
          0.99777943,  0.99441293],
        [ 0.21710142,  0.12339481,  0.        , ...,  0.98557968,
          0.98193536,  0.99983885],
        ...,
        [-0.99880883, -0.99892742, -0.98557968, ...,  0.        ,
          0.02033288, -0.15149147],
        [-0.99959448, -0.99777943, -0.98193536, ..., -0.02033288,
          0.        , -0.17155836],
        [-0.97988917, -0.99441293, -0.99983885, ...,  0.15149147,
          0.17155836,  0.        ]],

       [[ 0.        , -0.22181014, -0.0593379 , ...,  0.31109954,
          0.26334889,  0.46656996],
        [ 0.22181014,  0.        ,  0.16355951, ...,  0.51415334,
          0.47076923,  0.65113523],
        [ 0.0593379 , -0.16355951,  0.        , ...,  0.36694477,
          0.32012817,  0.51823128],
        ...,
        [-0.31109954, -0.51415334, -0.36694477, ...,  0.        ,
         -0.04983712,  0.16825485],
        [-0.26334889, -0.47076923, -0.32012817, ...,  0.04983712,
          0.        ,  0.21717238],
        [-0.46656996, -0.65113523, -0.51823128, ..., -0.16825485,
         -0.21717238,  0.        ]],

       [[ 0.        ,  0.05164322,  0.07429353, ...,  0.9648129 ,
          0.95800042,  0.95119586],
        [-0.05164322,  0.        ,  0.02269389, ...,  0.97710439,
          0.97153162,  0.96586305],
        [-0.07429353, -0.02269389,  0.        , ...,  0.98168111,
          0.97665782,  0.97149323],
        ...,
        [-0.9648129 , -0.97710439, -0.98168111, ...,  0.        ,
          0.02478218,  0.04762453],
        [-0.95800042, -0.97153162, -0.97665782, ..., -0.02478218,
          0.        ,  0.02285585],
        [-0.95119586, -0.96586305, -0.97149323, ..., -0.04762453,
         -0.02285585,  0.        ]],

       ...,

       [[ 0.        , -0.25857854, -0.31157217, ..., -0.21906294,
         -0.20957658, -0.81253096],
        [ 0.25857854,  0.        , -0.05526853, ...,  0.0406852 ,
          0.05038716, -0.63416688],
        [ 0.31157217,  0.05526853,  0.        , ...,  0.09584578,
          0.10550847, -0.59046416],
        ...,
        [ 0.21906294, -0.0406852 , -0.09584578, ...,  0.        ,
          0.00971192, -0.66509944],
        [ 0.20957658, -0.05038716, -0.10550847, ..., -0.00971192,
          0.        , -0.6723205 ],
        [ 0.81253096,  0.63416688,  0.59046416, ...,  0.66509944,
          0.6723205 ,  0.        ]],

       [[ 0.        ,  0.04080718,  0.10418293, ...,  0.11939468,
          0.20635577,  0.32001628],
        [-0.04080718,  0.        ,  0.06351104, ...,  0.15981051,
          0.24611277,  0.35841093],
        [-0.10418293, -0.06351104,  0.        , ...,  0.22218265,
          0.30717341,  0.41697896],
        ...,
        [-0.11939468, -0.15981051, -0.22218265, ...,  0.        ,
         -0.08805472, -0.2046112 ],
        [-0.20635577, -0.24611277, -0.30717341, ...,  0.08805472,
          0.        , -0.11762464],
        [-0.32001628, -0.35841093, -0.41697896, ...,  0.2046112 ,
          0.11762464,  0.        ]],

       [[ 0.        , -0.00164752,  0.00371294, ...,  0.97094133,
          0.99986157,  0.83353238],
        [ 0.00164752,  0.        ,  0.00536044, ...,  0.9713343 ,
          0.9998328 ,  0.83262104],
        [-0.00371294, -0.00536044,  0.        , ...,  0.97004607,
          0.99991646,  0.83557792],
        ...,
        [-0.97094133, -0.9713343 , -0.97004607, ...,  0.        ,
          0.25543945,  0.73589554],
        [-0.99986157, -0.9998328 , -0.99991646, ..., -0.25543945,
          0.        ,  0.53852545],
        [-0.83353238, -0.83262104, -0.83557792, ..., -0.73589554,
         -0.53852545,  0.        ]]]), 'num': array([7.10810478e-01, 6.98234030e-01, 3.78808684e-07, 1.25764483e-03,
       1.25764483e-03, 1.20082353e-03, 8.48886016e-02, 5.87153459e-05,
       1.22771894e-03, 1.20868381e-03, 1.04759541e-03, 1.97166815e-06,
       1.33679327e-03, 1.08057434e-03])}
{'img': array([[[ 0.        , -0.12339481, -0.17025306, ...,  0.99777943,
          0.99441293,  0.9781414 ],
        [ 0.12339481,  0.        , -0.04735863, ...,  0.98193536,
          0.99983885,  0.94500729],
        [ 0.17025306,  0.04735863,  0.        , ...,  0.97187254,
          0.99786679,  0.92845834],
        ...,
        [-0.99777943, -0.98193536, -0.97187254, ...,  0.        ,
         -0.17155836,  0.14233013],
        [-0.99441293, -0.99983885, -0.99786679, ...,  0.17155836,
          0.        ,  0.3100317 ],
        [-0.9781414 , -0.94500729, -0.92845834, ..., -0.14233013,
         -0.3100317 ,  0.        ]],

       [[ 0.        ,  0.16355951, -0.09129537, ...,  0.47076923,
          0.65113523,  0.78643663],
        [-0.16355951,  0.        , -0.2529424 , ...,  0.32012817,
          0.51823128,  0.6748201 ],
        [ 0.09129537,  0.2529424 ,  0.        , ...,  0.54934915,
          0.71770569,  0.83954286],
        ...,
        [-0.47076923, -0.32012817, -0.54934915, ...,  0.        ,
          0.21717238,  0.40305826],
        [-0.65113523, -0.51823128, -0.71770569, ..., -0.21717238,
          0.        ,  0.19468798],
        [-0.78643663, -0.6748201 , -0.83954286, ..., -0.40305826,
         -0.19468798,  0.        ]],

       [[ 0.        ,  0.02269389,  0.        , ...,  0.97153162,
          0.96586305,  0.92741774],
        [-0.02269389,  0.        , -0.02269389, ...,  0.97665782,
          0.97149323,  0.93566703],
        [ 0.        ,  0.02269389,  0.        , ...,  0.97153162,
          0.96586305,  0.92741774],
        ...,
        [-0.97153162, -0.97665782, -0.97153162, ...,  0.        ,
          0.02285585,  0.14366478],
        [-0.96586305, -0.97149323, -0.96586305, ..., -0.02285585,
          0.        ,  0.1210085 ],
        [-0.92741774, -0.93566703, -0.92741774, ..., -0.14366478,
         -0.1210085 ,  0.        ]],

       ...,

       [[ 0.        , -0.05526853, -0.25081524, ...,  0.05038716,
         -0.63416688, -0.31438858],
        [ 0.05526853,  0.        , -0.19693   , ...,  0.10550847,
         -0.59046416, -0.26144194],
        [ 0.25081524,  0.19693   ,  0.        , ...,  0.29927317,
         -0.41996634, -0.06624164],
        ...,
        [-0.05038716, -0.10550847, -0.29927317, ...,  0.        ,
         -0.6723205 , -0.36182147],
        [ 0.63416688,  0.59046416,  0.41996634, ...,  0.6723205 ,
          0.        ,  0.35892701],
        [ 0.31438858,  0.26144194,  0.06624164, ...,  0.36182147,
         -0.35892701,  0.        ]],

       [[ 0.        ,  0.06351104,  0.01964478, ...,  0.24611277,
          0.35841093,  0.51282459],
        [-0.06351104,  0.        , -0.04389366, ...,  0.30717341,
          0.41697896,  0.56631307],
        [-0.01964478,  0.04389366,  0.        , ...,  0.2651058 ,
          0.37668142,  0.52959054],
        ...,
        [-0.24611277, -0.30717341, -0.2651058 , ...,  0.        ,
         -0.11762464, -0.28576453],
        [-0.35841093, -0.41697896, -0.37668142, ...,  0.11762464,
          0.        , -0.17106112],
        [-0.51282459, -0.56631307, -0.52959054, ...,  0.28576453,
          0.17106112,  0.        ]],

       [[ 0.        ,  0.00492919,  0.04286147, ...,  0.96774007,
          0.99789113,  0.79300632],
        [-0.00492919,  0.        ,  0.03793629, ...,  0.9664864 ,
          0.99755906,  0.79599961],
        [-0.04286147, -0.03793629,  0.        , ...,  0.95605176,
          0.99419196,  0.81838935],
        ...,
        [-0.96774007, -0.9664864 , -0.95605176, ...,  0.        ,
          0.18860351,  0.78935873],
        [-0.99789113, -0.99755906, -0.99419196, ..., -0.18860351,
          0.        ,  0.65940258],
        [-0.79300632, -0.79599961, -0.81838935, ..., -0.78935873,
         -0.65940258,  0.        ]]]), 'num': array([ 7.12249513e-01,  6.99908703e-01,  3.79717234e-07,  1.23408101e-03,
        1.26825556e-03,  1.20939939e-03,  5.30728120e-02, -2.65802064e-05,
        1.23294186e-03,  1.21917711e-03,  1.05605691e-03,  1.94451971e-06,
        1.33325212e-03,  1.10510209e-03])}
{'img': array([[[ 0.        , -0.04735863, -0.03112522, ...,  0.99983885,
          0.94500729,  0.98381637],
        [ 0.04735863,  0.        ,  0.01624538, ...,  0.99786679,
          0.92845834,  0.97422678],
        [ 0.03112522, -0.01624538,  0.        , ...,  0.99879566,
          0.93436994,  0.9777627 ],
        ...,
        [-0.99983885, -0.99786679, -0.99879566, ...,  0.        ,
          0.3100317 ,  0.16148918],
        [-0.94500729, -0.92845834, -0.93436994, ..., -0.3100317 ,
          0.        , -0.15243037],
        [-0.98381637, -0.97422678, -0.9777627 , ..., -0.16148918,
          0.15243037,  0.        ]],

       [[ 0.        , -0.2529424 , -0.0720249 , ...,  0.51823128,
          0.6748201 ,  0.40357441],
        [ 0.2529424 ,  0.        ,  0.18260273, ...,  0.71770569,
          0.83954286,  0.62187956],
        [ 0.0720249 , -0.18260273,  0.        , ...,  0.57848396,
          0.72622057,  0.46842521],
        ...,
        [-0.51823128, -0.71770569, -0.57848396, ...,  0.        ,
          0.19468798, -0.12900088],
        [-0.6748201 , -0.83954286, -0.72622057, ..., -0.19468798,
          0.        , -0.31959374],
        [-0.40357441, -0.62187956, -0.46842521, ...,  0.12900088,
          0.31959374,  0.        ]],

       [[ 0.        , -0.02269389, -0.05312307, ...,  0.97149323,
          0.93566703,  0.92912412],
        [ 0.02269389,  0.        , -0.03044754, ...,  0.96586305,
          0.92741774,  0.92049336],
        [ 0.05312307,  0.03044754,  0.        , ...,  0.95752771,
          0.91559955,  0.90816896],
        ...,
        [-0.97149323, -0.96586305, -0.95752771, ...,  0.        ,
          0.1210085 ,  0.13896216],
        [-0.93566703, -0.92741774, -0.91559955, ..., -0.1210085 ,
          0.        ,  0.01810655],
        [-0.92912412, -0.92049336, -0.90816896, ..., -0.13896216,
         -0.01810655,  0.        ]],

       ...,

       [[ 0.        , -0.19693   , -0.0422037 , ..., -0.59046416,
         -0.26144194, -0.29142902],
        [ 0.19693   ,  0.        ,  0.15537729, ..., -0.41996634,
         -0.06624164, -0.09734037],
        [ 0.0422037 , -0.15537729,  0.        , ..., -0.55587699,
         -0.22047318, -0.25079762],
        ...,
        [ 0.59046416,  0.41996634,  0.55587699, ...,  0.        ,
          0.35892701,  0.32963173],
        [ 0.26144194,  0.06624164,  0.22047318, ..., -0.35892701,
          0.        , -0.0311995 ],
        [ 0.29142902,  0.09734037,  0.25079762, ..., -0.32963173,
          0.0311995 ,  0.        ]],

       [[ 0.        , -0.04389366, -0.0827741 , ...,  0.41697896,
          0.56631307,  0.61279601],
        [ 0.04389366,  0.        , -0.03895128, ...,  0.37668142,
          0.52959054,  0.57751883],
        [ 0.0827741 ,  0.03895128,  0.        , ...,  0.34031332,
          0.49614808,  0.54528161],
        ...,
        [-0.41697896, -0.37668142, -0.34031332, ...,  0.        ,
         -0.17106112, -0.22746626],
        [-0.56631307, -0.52959054, -0.49614808, ...,  0.17106112,
          0.        , -0.05753659],
        [-0.61279601, -0.57751883, -0.54528161, ...,  0.22746626,
          0.05753659,  0.        ]],

       [[ 0.        ,  0.03649877,  0.06476994, ...,  0.98248819,
          0.98291455,  0.77740587],
        [-0.03649877,  0.        ,  0.02830466, ...,  0.97503293,
          0.98897769,  0.79984558],
        [-0.06476994, -0.02830466,  0.        , ...,  0.96835694,
          0.99277236,  0.81651374],
        ...,
        [-0.98248819, -0.97503293, -0.96835694, ...,  0.        ,
          0.36398059,  0.76283442],
        [-0.98291455, -0.98897769, -0.99277236, ..., -0.36398059,
          0.        ,  0.47516134],
        [-0.77740587, -0.79984558, -0.81651374, ..., -0.76283442,
         -0.47516134,  0.        ]]]), 'num': array([7.09848162e-01, 7.02378686e-01, 2.27035739e-07, 1.24491263e-03,
       1.24680460e-03, 1.19761352e-03, 5.26126945e-02, 1.51357159e-05,
       1.23204727e-03, 1.22107388e-03, 1.05883793e-03, 1.55048797e-06,
       1.32700632e-03, 1.11514144e-03])}
{'img': array([[[ 0.        ,  0.01624538, -0.17915264, ...,  0.92845834,
          0.97422678,  0.95170723],
        [-0.01624538,  0.        , -0.19511155, ...,  0.93436994,
          0.9777627 ,  0.95656908],
        [ 0.17915264,  0.19511155,  0.        , ...,  0.84689324,
          0.91805345,  0.8813087 ],
        ...,
        [-0.92845834, -0.93436994, -0.84689324, ...,  0.        ,
         -0.15243037, -0.06845557],
        [-0.97422678, -0.9777627 , -0.91805345, ...,  0.15243037,
          0.        ,  0.08441719],
        [-0.95170723, -0.95656908, -0.8813087 , ...,  0.06845557,
         -0.08441719,  0.        ]],

       [[ 0.        ,  0.18260273,  0.28168705, ...,  0.83954286,
          0.62187956,  0.61932941],
        [-0.18260273,  0.        ,  0.10174251, ...,  0.72622057,
          0.46842521,  0.46554938],
        [-0.28168705, -0.10174251,  0.        , ...,  0.65250796,
          0.37610462,  0.37308919],
        ...,
        [-0.83954286, -0.72622057, -0.65250796, ...,  0.        ,
         -0.31959374, -0.32267371],
        [-0.62187956, -0.46842521, -0.37610462, ...,  0.31959374,
          0.        , -0.00325223],
        [-0.61932941, -0.46554938, -0.37308919, ...,  0.32267371,
          0.00325223,  0.        ]],

       [[ 0.        , -0.03044754, -0.14150423, ...,  0.92741774,
          0.92049336,  0.90915975],
        [ 0.03044754,  0.        , -0.11129746, ...,  0.91559955,
          0.90816896,  0.89605843],
        [ 0.14150423,  0.11129746,  0.        , ...,  0.86515931,
          0.8559371 ,  0.84108238],
        ...,
        [-0.92741774, -0.91559955, -0.86515931, ...,  0.        ,
          0.01810655,  0.04617037],
        [-0.92049336, -0.90816896, -0.8559371 , ..., -0.01810655,
          0.        ,  0.02807556],
        [-0.90915975, -0.89605843, -0.84108238, ..., -0.04617037,
         -0.02807556,  0.        ]],

       ...,

       [[ 0.        ,  0.15537729, -0.11989781, ..., -0.06624164,
         -0.09734037, -0.48541391],
        [-0.15537729,  0.        , -0.27269812, ..., -0.22047318,
         -0.25079762, -0.61536261],
        [ 0.11989781,  0.27269812,  0.        , ...,  0.05387068,
          0.02269026, -0.37708745],
        ...,
        [ 0.06624164,  0.22047318, -0.05387068, ...,  0.        ,
         -0.0311995 , -0.42643371],
        [ 0.09734037,  0.25079762, -0.02269026, ...,  0.0311995 ,
          0.        , -0.39800558],
        [ 0.48541391,  0.61536261,  0.37708745, ...,  0.42643371,
          0.39800558,  0.        ]],

       [[ 0.        , -0.03895128, -0.06252887, ...,  0.52959054,
          0.57751883,  0.58796456],
        [ 0.03895128,  0.        , -0.02360635, ...,  0.49614808,
          0.54528161,  0.55601119],
        [ 0.06252887,  0.02360635,  0.        , ...,  0.47551389,
          0.52534156,  0.53623524],
        ...,
        [-0.52959054, -0.49614808, -0.47551389, ...,  0.        ,
         -0.05753659, -0.07036421],
        [-0.57751883, -0.54528161, -0.52534156, ...,  0.05753659,
          0.        , -0.01285367],
        [-0.58796456, -0.55601119, -0.53623524, ...,  0.07036421,
          0.01285367,  0.        ]],

       [[ 0.        ,  0.02764842,  0.02002686, ...,  0.99931701,
          0.96204537,  0.78860204],
        [-0.02764842,  0.        , -0.00762368, ...,  0.99995667,
          0.96922255,  0.80530169],
        [-0.02002686,  0.00762368,  0.        , ...,  0.99985664,
          0.96731754,  0.80075847],
        ...,
        [-0.99931701, -0.99995667, -0.99985664, ...,  0.        ,
          0.23715283,  0.58534282],
        [-0.96204537, -0.96922255, -0.96731754, ..., -0.23715283,
          0.        ,  0.3763642 ],
        [-0.78860204, -0.80530169, -0.80075847, ..., -0.58534282,
         -0.3763642 ,  0.        ]]]), 'num': array([ 9.10192267e-01,  4.08424043e-01,  1.56557948e-05,  1.57788750e-03,
        1.60250353e-03,  1.54834826e-03,  6.87039786e-02, -4.18472503e-05,
        1.59807264e-03,  1.59622644e-03,  1.38547220e-03,  1.91458008e-06,
        1.71289162e-03,  1.47956126e-03])}
{'img': array([[[ 0.00000000e+00, -1.95111552e-01, -1.48178484e-01, ...,
          9.77762702e-01,  9.56569083e-01,  9.92441098e-01],
        [ 1.95111552e-01,  0.00000000e+00,  4.76269938e-02, ...,
          9.18053448e-01,  8.81308701e-01,  9.49422967e-01],
        [ 1.48178484e-01, -4.76269938e-02,  0.00000000e+00, ...,
          9.35893671e-01,  9.02814290e-01,  9.63300431e-01],
        ...,
        [-9.77762702e-01, -9.18053448e-01, -9.35893671e-01, ...,
          0.00000000e+00,  8.44171860e-02, -8.81362104e-02],
        [-9.56569083e-01, -8.81308701e-01, -9.02814290e-01, ...,
         -8.44171860e-02,  0.00000000e+00, -1.71910279e-01],
        [-9.92441098e-01, -9.49422967e-01, -9.63300431e-01, ...,
          8.81362104e-02,  1.71910279e-01,  0.00000000e+00]],

       [[ 0.00000000e+00,  1.01742506e-01, -1.11313952e-01, ...,
          4.68425213e-01,  4.65549382e-01,  4.67564212e-01],
        [-1.01742506e-01,  0.00000000e+00, -2.11846524e-01, ...,
          3.76104622e-01,  3.73089191e-01,  3.75201697e-01],
        [ 1.11313952e-01,  2.11846524e-01,  0.00000000e+00, ...,
          5.63860315e-01,  5.61171414e-01,  5.63055418e-01],
        ...,
        [-4.68425213e-01, -3.76104622e-01, -5.63860315e-01, ...,
          0.00000000e+00, -3.25222897e-03, -9.74280097e-04],
        [-4.65549382e-01, -3.73089191e-01, -5.61171414e-01, ...,
          3.25222897e-03,  0.00000000e+00,  2.27795248e-03],
        [-4.67564212e-01, -3.75201697e-01, -5.63055418e-01, ...,
          9.74280097e-04, -2.27795248e-03,  0.00000000e+00]],

       [[ 0.00000000e+00, -1.11297456e-01, -2.01839667e-01, ...,
          9.08168964e-01,  8.96058433e-01,  9.09441561e-01],
        [ 1.11297456e-01,  0.00000000e+00, -9.15788686e-02, ...,
          8.55937099e-01,  8.41082384e-01,  8.57510310e-01],
        [ 2.01839667e-01,  9.15788686e-02,  0.00000000e+00, ...,
          8.04986705e-01,  7.88012355e-01,  8.06792617e-01],
        ...,
        [-9.08168964e-01, -8.55937099e-01, -8.04986705e-01, ...,
          0.00000000e+00,  2.80755560e-02, -3.05019143e-03],
        [-8.96058433e-01, -8.41082384e-01, -7.88012355e-01, ...,
         -2.80755560e-02,  0.00000000e+00, -3.11244144e-02],
        [-9.09441561e-01, -8.57510310e-01, -8.06792617e-01, ...,
          3.05019143e-03,  3.11244144e-02,  0.00000000e+00]],

       ...,

       [[ 0.00000000e+00, -2.72698117e-01, -8.80995463e-02, ...,
         -2.50797620e-01, -6.15362607e-01, -6.88219155e-01],
        [ 2.72698117e-01,  0.00000000e+00,  1.86877236e-01, ...,
          2.26902576e-02, -3.77087449e-01, -4.64292146e-01],
        [ 8.80995463e-02, -1.86877236e-01,  0.00000000e+00, ...,
         -1.64538593e-01, -5.43525924e-01, -6.21626663e-01],
        ...,
        [ 2.50797620e-01, -2.26902576e-02,  1.64538593e-01, ...,
          0.00000000e+00, -3.98005575e-01, -4.84268966e-01],
        [ 6.15362607e-01,  3.77087449e-01,  5.43525924e-01, ...,
          3.98005575e-01,  0.00000000e+00, -9.60374040e-02],
        [ 6.88219155e-01,  4.64292146e-01,  6.21626663e-01, ...,
          4.84268966e-01,  9.60374040e-02,  0.00000000e+00]],

       [[ 0.00000000e+00, -2.36063525e-02, -4.12808469e-02, ...,
          5.45281608e-01,  5.56011187e-01,  6.19601138e-01],
        [ 2.36063525e-02,  0.00000000e+00, -1.76831132e-02, ...,
          5.25341561e-01,  5.36235238e-01,  6.00899451e-01],
        [ 4.12808469e-02,  1.76831132e-02,  0.00000000e+00, ...,
          5.10213010e-01,  5.21225633e-01,  5.86670948e-01],
        ...,
        [-5.45281608e-01, -5.25341561e-01, -5.10213010e-01, ...,
          0.00000000e+00, -1.28536685e-02, -9.13817559e-02],
        [-5.56011187e-01, -5.36235238e-01, -5.21225633e-01, ...,
          1.28536685e-02,  0.00000000e+00, -7.85743188e-02],
        [-6.19601138e-01, -6.00899451e-01, -5.86670948e-01, ...,
          9.13817559e-02,  7.85743188e-02,  0.00000000e+00]],

       [[ 0.00000000e+00, -7.35953943e-03, -9.53549866e-03, ...,
          9.98544644e-01,  9.82212665e-01,  7.88295825e-01],
        [ 7.35953943e-03,  0.00000000e+00, -2.17603559e-03, ...,
          9.98120691e-01,  9.80804150e-01,  7.83746178e-01],
        [ 9.53549866e-03,  2.17603559e-03,  0.00000000e+00, ...,
          9.97984983e-01,  9.80377511e-01,  7.82392828e-01],
        ...,
        [-9.98544644e-01, -9.98120691e-01, -9.97984983e-01, ...,
          0.00000000e+00,  1.34526517e-01,  5.71887060e-01],
        [-9.82212665e-01, -9.80804150e-01, -9.80377511e-01, ...,
         -1.34526517e-01,  0.00000000e+00,  4.56332148e-01],
        [-7.88295825e-01, -7.83746178e-01, -7.82392828e-01, ...,
         -5.71887060e-01, -4.56332148e-01,  0.00000000e+00]]]), 'num': array([ 9.01010687e-01,  4.30270956e-01,  1.50636714e-05,  1.54340895e-03,
        1.58538968e-03,  1.53600059e-03,  5.50192449e-02, -3.95112692e-05,
        1.59921862e-03,  1.60687393e-03,  1.39705263e-03,  2.12752988e-06,
        1.69923416e-03,  1.51451370e-03])}
{'img': array([[[ 0.        ,  0.04762699, -0.30029571, ...,  0.8813087 ,
          0.94942297,  0.98477421],
        [-0.04762699,  0.        , -0.34538376, ...,  0.90281429,
          0.96330043,  0.99193608],
        [ 0.30029571,  0.34538376,  0.        , ...,  0.69873089,
          0.81131058,  0.8871202 ],
        ...,
        [-0.8813087 , -0.90281429, -0.69873089, ...,  0.        ,
         -0.17191028, -0.31214096],
        [-0.94942297, -0.96330043, -0.81131058, ...,  0.17191028,
          0.        , -0.14417308],
        [-0.98477421, -0.99193608, -0.8871202 , ...,  0.31214096,
          0.14417308,  0.        ]],

       [[ 0.        , -0.21184652,  0.18401129, ...,  0.37308919,
          0.3752017 ,  0.24563833],
        [ 0.21184652,  0.        ,  0.38806383, ...,  0.56117141,
          0.56305542,  0.44541894],
        [-0.18401129, -0.38806383,  0.        , ...,  0.19599353,
          0.19822679,  0.06307038],
        ...,
        [-0.37308919, -0.56117141, -0.19599353, ...,  0.        ,
          0.00227795, -0.13375619],
        [-0.3752017 , -0.56305542, -0.19822679, ..., -0.00227795,
          0.        , -0.13601332],
        [-0.24563833, -0.44541894, -0.06307038, ...,  0.13375619,
          0.13601332,  0.        ]],

       [[ 0.        , -0.09157887, -0.21034282, ...,  0.84108238,
          0.85751031,  0.86958149],
        [ 0.09157887,  0.        , -0.11992889, ...,  0.78801236,
          0.80679262,  0.82070667],
        [ 0.21034282,  0.11992889,  0.        , ...,  0.70848951,
          0.73011143,  0.74626187],
        ...,
        [-0.84108238, -0.78801236, -0.70848951, ...,  0.        ,
         -0.03112441, -0.05504512],
        [-0.85751031, -0.80679262, -0.73011143, ...,  0.03112441,
          0.        , -0.02394123],
        [-0.86958149, -0.82070667, -0.74626187, ...,  0.05504512,
          0.02394123,  0.        ]],

       ...,

       [[ 0.        ,  0.18687724, -0.11542107, ..., -0.37708745,
         -0.46429215, -0.29159745],
        [-0.18687724,  0.        , -0.29901599, ..., -0.54352592,
         -0.62162666, -0.46521622],
        [ 0.11542107,  0.29901599,  0.        , ..., -0.26766683,
         -0.35896275, -0.17924361],
        ...,
        [ 0.37708745,  0.54352592,  0.26766683, ...,  0.        ,
         -0.0960374 ,  0.09062861],
        [ 0.46429215,  0.62162666,  0.35896275, ...,  0.0960374 ,
          0.        ,  0.18585188],
        [ 0.29159745,  0.46521622,  0.17924361, ..., -0.09062861,
         -0.18585188,  0.        ]],

       [[ 0.        , -0.01768311,  0.0501635 , ...,  0.53623524,
          0.60089945,  0.67574293],
        [ 0.01768311,  0.        ,  0.06781651, ...,  0.52122563,
          0.58667095,  0.66260239],
        [-0.0501635 , -0.06781651,  0.        , ...,  0.57790156,
          0.64023985,  0.71186957],
        ...,
        [-0.53623524, -0.52122563, -0.57790156, ...,  0.        ,
         -0.07857432, -0.17509434],
        [-0.60089945, -0.58667095, -0.64023985, ...,  0.07857432,
          0.        , -0.09719252],
        [-0.67574293, -0.66260239, -0.71186957, ...,  0.17509434,
          0.09719252,  0.        ]],

       [[ 0.        , -0.00210226, -0.017304  , ...,  0.99952074,
          0.97489558,  0.76685101],
        [ 0.00210226,  0.        , -0.01520201, ...,  0.99945346,
          0.97442533,  0.76550003],
        [ 0.017304  ,  0.01520201,  0.        , ...,  0.99883542,
          0.97089666,  0.75563006],
        ...,
        [-0.99952074, -0.99945346, -0.99883542, ...,  0.        ,
          0.19237675,  0.61777875],
        [-0.97489558, -0.97442533, -0.97089666, ..., -0.19237675,
          0.        ,  0.45496351],
        [-0.76685101, -0.76550003, -0.75563006, ..., -0.61777875,
         -0.45496351,  0.        ]]]), 'num': array([ 8.36231863e-01,  5.47400531e-01,  9.27227388e-06,  1.42985808e-03,
        1.45510437e-03,  1.42297272e-03,  3.24379944e-02, -4.59023459e-06,
