state_0,state_1,state_2,state_3,state_4,state_5,state_6,state_7,state_8,state_9,state_10,state_11,state_12,state_13,state_14,state_15,state_16,state_17,state_18,state_19,state_20,state_21,state_22,state_23,state_24,state_25,state_26,state_27,state_28,state_29,state_30,state_31,state_32,state_33,state_34,state_35,state_36,state_37,state_38,state_39,state_40,state_41,state_42,state_43,state_44,state_45,state_46,state_47,state_48,state_49,state_50,state_51,state_52,state_53,state_54,state_55,state_56,state_57,state_58,state_59,state_60,state_61,state_62,state_63,state_64,state_65,state_66,state_67,state_68,state_69,state_70,state_71,state_72,state_73,state_74,state_75,state_76,state_77,state_78,state_79,state_80,state_81,state_82,state_83,state_84,state_85,state_86,state_87,state_88,state_89,state_90,state_91,state_92,state_93,state_94,state_95,state_96,state_97,state_98,state_99,state_100,state_101,state_102,state_103,state_104,state_105,state_106,state_107,state_108,state_109,state_110,state_111,state_112,state_113,state_114,state_115,state_116,state_117,state_118,state_119,state_120,state_121,state_122,state_123,state_124,state_125,state_126,state_127,state_128,state_129,state_130,state_131,state_132,state_133,state_134,state_135,state_136,state_137,state_138,state_139,state_140,state_141,state_142,state_143,state_144,state_145,state_146,state_147,state_148,state_149,state_150,state_151,state_152,state_153,state_154,state_155,state_156,state_157,state_158,state_159,state_160,state_161,state_162,state_163,state_164,state_165,state_166,state_167,state_168,state_169,state_170,state_171,state_172,state_173,state_174,state_175,state_176,state_177,state_178,state_179,state_180,state_181,state_182,state_183,state_184,state_185,state_186,state_187,state_188,state_189,state_190,state_191,state_192,state_193,state_194,state_195,state_196,state_197,state_198,state_199,state_200,state_201,state_202,state_203,state_204,state_205,state_206,state_207,state_208,state_209,state_210,state_211,state_212,state_213,state_214,state_215,state_216,state_217,state_218,state_219,state_220,state_221,state_222,state_223,state_224,state_225,state_226,state_227,state_228,state_229,state_230,state_231,state_232,state_233,state_234,state_235,state_236,state_237,state_238,state_239,state_240,state_241,state_242,state_243,state_244,state_245,state_246,state_247,state_248,state_249,state_250,state_251,state_252,state_253,state_254,state_255,state_256,state_257,state_258,state_259,state_260,state_261,state_262,state_263,state_264,state_265,state_266,state_267,state_268,state_269,state_270,state_271,state_272,state_273,state_274,state_275,state_276,state_277,state_278,state_279,state_280,state_281,state_282,state_283,state_284,state_285,state_286,state_287
{'img': array([[[ 0.        , -0.01013963,  0.27344246, ..., -0.2936096 ,
         -0.24615683, -0.08041381],
        [ 0.01013963,  0.        ,  0.28318159, ..., -0.28390178,
         -0.23631654, -0.07030289],
        [-0.27344246, -0.28318159,  0.        , ..., -0.54381025,
         -0.50180403, -0.34990604],
        ...,
        [ 0.2936096 ,  0.28390178,  0.54381025, ...,  0.        ,
          0.04926766,  0.21578916],
        [ 0.24615683,  0.23631654,  0.50180403, ..., -0.04926766,
          0.        ,  0.16742019],
        [ 0.08041381,  0.07030289,  0.34990604, ..., -0.21578916,
         -0.16742019,  0.        ]],

       [[ 0.        , -0.99870288, -0.33856243, ..., -0.99498739,
         -0.99874702, -0.98490195],
        [ 0.99870288,  0.        ,  0.95696203, ..., -0.04920893,
          0.1008323 ,  0.22303693],
        [ 0.33856243, -0.95696203,  0.        , ..., -0.97008376,
         -0.92282196, -0.86812791],
        ...,
        [ 0.99498739,  0.04920893,  0.97008376, ...,  0.        ,
          0.14966827,  0.27073608],
        [ 0.99874702, -0.1008323 ,  0.92282196, ..., -0.14966827,
          0.        ,  0.12360788],
        [ 0.98490195, -0.22303693,  0.86812791, ..., -0.27073608,
         -0.12360788,  0.        ]],

       [[ 0.        ,  0.01095386,  0.23964184, ...,  0.19544365,
          0.19282852,  0.17972741],
        [-0.01095386,  0.        ,  0.22899278, ...,  0.18468931,
          0.18206867,  0.16894114],
        [-0.23964184, -0.22899278,  0.        , ..., -0.04527164,
         -0.0479346 , -0.06124922],
        ...,
        [-0.19544365, -0.18468931,  0.04527164, ...,  0.        ,
         -0.00266585, -0.01599977],
        [-0.19282852, -0.18206867,  0.0479346 , ...,  0.00266585,
          0.        , -0.01333421],
        [-0.17972741, -0.16894114,  0.06124922, ...,  0.01599977,
          0.01333421,  0.        ]],

       ...,

       [[ 0.        , -0.10521779,  0.34187212, ...,  0.22838781,
          0.26155571,  0.29337138],
        [ 0.10521779,  0.        ,  0.43885251, ...,  0.32955699,
          0.36165885,  0.39233099],
        [-0.34187212, -0.43885251,  0.        , ..., -0.11820988,
         -0.08417494, -0.05113453],
        ...,
        [-0.22838781, -0.32955699,  0.11820988, ...,  0.        ,
          0.03420559,  0.06727923],
        [-0.26155571, -0.36165885,  0.08417494, ..., -0.03420559,
          0.        ,  0.03311177],
        [-0.29337138, -0.39233099,  0.05113453, ..., -0.06727923,
         -0.03311177,  0.        ]],

       [[ 0.        , -0.00164309,  0.03580002, ..., -0.28681383,
         -0.37393113, -0.38378381],
        [ 0.00164309,  0.        ,  0.03744201, ..., -0.28523938,
         -0.37240673, -0.38226603],
        [-0.03580002, -0.03744201,  0.        , ..., -0.3209259 ,
         -0.40689439, -0.41659636],
        ...,
        [ 0.28681383,  0.28523938,  0.3209259 , ...,  0.        ,
         -0.09221357, -0.10280917],
        [ 0.37393113,  0.37240673,  0.40689439, ...,  0.09221357,
          0.        , -0.01064619],
        [ 0.38378381,  0.38226603,  0.41659636, ...,  0.10280917,
          0.01064619,  0.        ]],

       [[ 0.        , -0.00142739,  0.05046877, ..., -0.70429528,
         -0.67397705, -0.67051122],
        [ 0.00142739,  0.        ,  0.05189429, ..., -0.70328125,
         -0.67292188, -0.66945156],
        [-0.05046877, -0.05189429,  0.        , ..., -0.73922589,
         -0.71040208, -0.70709949],
        ...,
        [ 0.70429528,  0.70328125,  0.73922589, ...,  0.        ,
          0.04183862,  0.04651553],
        [ 0.67397705,  0.67292188,  0.71040208, ..., -0.04183862,
          0.        ,  0.00468147],
        [ 0.67051122,  0.66945156,  0.70709949, ..., -0.04651553,
         -0.00468147,  0.        ]]]), 'num': array([ 8.91673393e-01,  4.52436571e-01,  1.16973854e-05,  1.40781033e-03,
        1.45092569e-03,  1.37031871e-03,  1.42895185e-02, -1.31220669e-05,
        1.40368625e-03,  1.36488242e-03,  1.40181167e-03,  2.06139491e-06,
        1.48800058e-03,  1.24176426e-03])}
{'img': array([[[ 0.        ,  0.28318159, -0.37737156, ..., -0.23631654,
         -0.07030289, -0.13945784],
        [-0.28318159,  0.        , -0.62416804, ..., -0.50180403,
         -0.34990604, -0.41416366],
        [ 0.37737156,  0.62416804,  0.        , ...,  0.14783918,
          0.311333  ,  0.24453729],
        ...,
        [ 0.23631654,  0.50180403, -0.14783918, ...,  0.        ,
          0.16742019,  0.09849941],
        [ 0.07030289,  0.34990604, -0.311333  , ..., -0.16742019,
          0.        , -0.06949689],
        [ 0.13945784,  0.41416366, -0.24453729, ..., -0.09849941,
          0.06949689,  0.        ]],

       [[ 0.        ,  0.95696203,  0.67004158, ...,  0.1008323 ,
          0.22303693, -0.14050607],
        [-0.95696203,  0.        , -0.5159206 , ..., -0.92282196,
         -0.86812791, -0.9882455 ],
        [-0.67004158,  0.5159206 ,  0.        , ..., -0.59177649,
         -0.48759766, -0.76769561],
        ...,
        [-0.1008323 ,  0.92282196,  0.59177649, ...,  0.        ,
          0.12360788, -0.23962199],
        [-0.22303693,  0.86812791,  0.48759766, ..., -0.12360788,
          0.        , -0.35779108],
        [ 0.14050607,  0.9882455 ,  0.76769561, ...,  0.23962199,
          0.35779108,  0.        ]],

       [[ 0.        ,  0.22899278,  0.27539338, ...,  0.18206867,
          0.16894114,  0.15313452],
        [-0.22899278,  0.        ,  0.04793766, ..., -0.0479346 ,
         -0.06124922, -0.07722645],
        [-0.27539338, -0.04793766,  0.        , ..., -0.09576204,
         -0.10902646, -0.12493216],
        ...,
        [-0.18206867,  0.0479346 ,  0.09576204, ...,  0.        ,
         -0.01333421, -0.02934623],
        [-0.16894114,  0.06124922,  0.10902646, ...,  0.01333421,
          0.        , -0.01601516],
        [-0.15313452,  0.07722645,  0.12493216, ...,  0.02934623,
          0.01601516,  0.        ]],

       ...,

       [[ 0.        ,  0.43885251,  0.14878685, ...,  0.36165885,
          0.39233099,  0.49848175],
        [-0.43885251,  0.        , -0.30027399, ..., -0.08417494,
         -0.05113453,  0.067474  ],
        [-0.14878685,  0.30027399,  0.        , ...,  0.21891779,
          0.25110634,  0.36394995],
        ...,
        [-0.36165885,  0.08417494, -0.21891779, ...,  0.        ,
          0.03311177,  0.15121764],
        [-0.39233099,  0.05113453, -0.25110634, ..., -0.03311177,
          0.        ,  0.11840372],
        [-0.49848175, -0.067474  , -0.36394995, ..., -0.15121764,
         -0.11840372,  0.        ]],

       [[ 0.        ,  0.03744201, -0.01015583, ..., -0.37240673,
         -0.38226603, -0.3762244 ],
        [-0.03744201,  0.        , -0.04758879, ..., -0.40689439,
         -0.41659636, -0.41065169],
        [ 0.01015583,  0.04758879,  0.        , ..., -0.36296221,
         -0.37286179, -0.36679533],
        ...,
        [ 0.37240673,  0.40689439,  0.36296221, ...,  0.        ,
         -0.01064619, -0.00411696],
        [ 0.38226603,  0.41659636,  0.37286179, ...,  0.01064619,
          0.        ,  0.00652937],
        [ 0.3762244 ,  0.41065169,  0.36679533, ...,  0.00411696,
         -0.00652937,  0.        ]],

       [[ 0.        ,  0.05189429, -0.01898843, ..., -0.67292188,
         -0.66945156, -0.67025112],
        [-0.05189429,  0.        , -0.07084778, ..., -0.71040208,
         -0.70709949, -0.70786054],
        [ 0.01898843,  0.07084778,  0.        , ..., -0.65875455,
         -0.65522519, -0.6560383 ],
        ...,
        [ 0.67292188,  0.71040208,  0.65875455, ...,  0.        ,
          0.00468147,  0.00360463],
        [ 0.66945156,  0.70709949,  0.65522519, ..., -0.00468147,
          0.        , -0.00107685],
        [ 0.67025112,  0.70786054,  0.6560383 , ..., -0.00360463,
          0.00107685,  0.        ]]]), 'num': array([ 7.07094759e-01,  7.07094759e-01,  0.00000000e+00,  3.55463625e-04,
        3.75584208e-04,  3.54505502e-04,  5.74365024e-03, -4.31155341e-06,
        3.57188247e-04,  3.48541187e-04,  3.58058542e-04,  4.93980359e-07,
        3.79687516e-04,  3.17394857e-04])}
{'img': array([[[ 0.        , -0.62416804, -0.72817336, ..., -0.34990604,
         -0.41416366, -0.49325779],
        [ 0.62416804,  0.        , -0.14111426, ...,  0.311333  ,
          0.24453729,  0.15757584],
        [ 0.72817336,  0.14111426,  0.        , ...,  0.44231859,
          0.37892029,  0.29535033],
        ...,
        [ 0.34990604, -0.311333  , -0.44231859, ...,  0.        ,
         -0.06949689, -0.15769902],
        [ 0.41416366, -0.24453729, -0.37892029, ...,  0.06949689,
          0.        , -0.08869044],
        [ 0.49325779, -0.15757584, -0.29535033, ...,  0.15769902,
          0.08869044,  0.        ]],

       [[ 0.        , -0.5159206 , -0.96594247, ..., -0.86812791,
         -0.9882455 , -0.8652066 ],
        [ 0.5159206 ,  0.        , -0.69396346, ..., -0.48759766,
         -0.76769561, -0.48247686],
        [ 0.96594247,  0.69396346,  0.        , ...,  0.2548023 ,
         -0.10804672,  0.26046037],
        ...,
        [ 0.86812791,  0.48759766, -0.2548023 , ...,  0.        ,
         -0.35779108,  0.00585571],
        [ 0.9882455 ,  0.76769561,  0.10804672, ...,  0.35779108,
          0.        ,  0.36325302],
        [ 0.8652066 ,  0.48247686, -0.26046037, ..., -0.00585571,
         -0.36325302,  0.        ]],

       [[ 0.        ,  0.04793766, -0.03195674, ..., -0.06124922,
         -0.07722645, -0.11983072],
        [-0.04793766,  0.        , -0.07983317, ..., -0.10902646,
         -0.12493216, -0.16728519],
        [ 0.03195674,  0.07983317,  0.        , ..., -0.0293212 ,
         -0.04532571, -0.08804305],
        ...,
        [ 0.06124922,  0.10902646,  0.0293212 , ...,  0.        ,
         -0.01601516, -0.05879787],
        [ 0.07722645,  0.12493216,  0.04532571, ...,  0.01601516,
          0.        , -0.04280288],
        [ 0.11983072,  0.16728519,  0.08804305, ...,  0.05879787,
          0.04280288,  0.        ]],

       ...,

       [[ 0.        , -0.30027399, -0.51991922, ..., -0.05113453,
          0.067474  , -0.05307217],
        [ 0.30027399,  0.        , -0.23942783, ...,  0.25110634,
          0.36394995,  0.24922776],
        [ 0.51991922,  0.23942783,  0.        , ...,  0.47555915,
          0.57637167,  0.47385142],
        ...,
        [ 0.05113453, -0.25110634, -0.47555915, ...,  0.        ,
          0.11840372, -0.00194028],
        [-0.067474  , -0.36394995, -0.57637167, ..., -0.11840372,
          0.        , -0.12033013],
        [ 0.05307217, -0.24922776, -0.47385142, ...,  0.00194028,
          0.12033013,  0.        ]],

       [[ 0.        , -0.04758879, -0.06496448, ..., -0.41659636,
         -0.41065169, -0.42643764],
        [ 0.04758879,  0.        , -0.01740261, ..., -0.37286179,
         -0.36679533, -0.38290963],
        [ 0.06496448,  0.01740261,  0.        , ..., -0.35665767,
         -0.35055011, -0.36677535],
        ...,
        [ 0.41659636,  0.37286179,  0.35665767, ...,  0.        ,
          0.00652937, -0.01085239],
        [ 0.41065169,  0.36679533,  0.35055011, ..., -0.00652937,
          0.        , -0.01738114],
        [ 0.42643764,  0.38290963,  0.36677535, ...,  0.01085239,
          0.01738114,  0.        ]],

       [[ 0.        , -0.07084778, -0.18220122, ..., -0.70709949,
         -0.70786054, -0.70634068],
        [ 0.07084778,  0.        , -0.11208149, ..., -0.65522519,
         -0.6560383 , -0.65441458],
        [ 0.18220122,  0.11208149,  0.        , ..., -0.5664265 ,
         -0.56731362, -0.56554228],
        ...,
        [ 0.70709949,  0.65522519,  0.5664265 , ...,  0.        ,
         -0.00107685,  0.00107254],
        [ 0.70786054,  0.6560383 ,  0.56731362, ...,  0.00107685,
          0.        ,  0.00214939],
        [ 0.70634068,  0.65441458,  0.56554228, ..., -0.00107254,
         -0.00214939,  0.        ]]]), 'num': array([8.91585330e-01, 4.52797367e-01, 1.15470517e-05, 4.53762113e-04,
       4.65703221e-04, 4.35850450e-04, 6.96849641e-03, 1.07469974e-05,
       4.48030381e-04, 4.35342953e-04, 4.45930736e-04, 7.02170801e-07,
       4.75069847e-04, 3.95616060e-04])}
{'img': array([[[ 0.        , -0.14111426, -0.22322003, ...,  0.24453729,
          0.15757584,  0.3302796 ],
        [ 0.14111426,  0.        , -0.08343267, ...,  0.37892029,
          0.29535033,  0.46016997],
        [ 0.22322003,  0.08343267,  0.        , ...,  0.45481019,
          0.37403122,  0.53263964],
        ...,
        [-0.24453729, -0.37892029, -0.45481019, ...,  0.        ,
         -0.08869044,  0.08943765],
        [-0.15757584, -0.29535033, -0.37403122, ...,  0.08869044,
          0.        ,  0.17742021],
        [-0.3302796 , -0.46016997, -0.53263964, ..., -0.08943765,
         -0.17742021,  0.        ]],

       [[ 0.        , -0.69396346, -0.6925569 , ..., -0.76769561,
         -0.48247686, -0.50318294],
        [ 0.69396346,  0.        ,  0.0019517 , ..., -0.10804672,
          0.26046037,  0.23741242],
        [ 0.6925569 , -0.0019517 ,  0.        , ..., -0.10998678,
          0.25857554,  0.23551607],
        ...,
        [ 0.76769561,  0.10804672,  0.10998678, ...,  0.        ,
          0.36325302,  0.34098012],
        [ 0.48247686, -0.26046037, -0.25857554, ..., -0.36325302,
          0.        , -0.02379551],
        [ 0.50318294, -0.23741242, -0.23551607, ..., -0.34098012,
          0.02379551,  0.        ]],

       [[ 0.        , -0.07983317, -0.24381592, ..., -0.12493216,
         -0.16728519, -0.10372174],
        [ 0.07983317,  0.        , -0.16561379, ..., -0.04532571,
         -0.08804305, -0.02398811],
        [ 0.24381592,  0.16561379,  0.        , ...,  0.12074379,
          0.07814342,  0.14190929],
        ...,
        [ 0.12493216,  0.04532571, -0.12074379, ...,  0.        ,
         -0.04280288,  0.02134921],
        [ 0.16728519,  0.08804305, -0.07814342, ...,  0.04280288,
          0.        ,  0.06412276],
        [ 0.10372174,  0.02398811, -0.14190929, ..., -0.02134921,
         -0.06412276,  0.        ]],

       ...,

       [[ 0.        , -0.23942783, -0.23504938, ...,  0.36394995,
          0.24922776,  0.49035955],
        [ 0.23942783,  0.        ,  0.00450712, ...,  0.57637167,
          0.47385142,  0.68476323],
        [ 0.23504938, -0.00450712,  0.        , ...,  0.57268266,
          0.46987762,  0.68147165],
        ...,
        [-0.36394995, -0.57637167, -0.57268266, ...,  0.        ,
         -0.12033013,  0.13954022],
        [-0.24922776, -0.47385142, -0.46987762, ...,  0.12033013,
          0.        ,  0.25767918],
        [-0.49035955, -0.68476323, -0.68147165, ..., -0.13954022,
         -0.25767918,  0.        ]],

       [[ 0.        , -0.01740261, -0.00887874, ..., -0.36679533,
         -0.38290963, -0.34137537],
        [ 0.01740261,  0.        ,  0.00852453, ..., -0.35055011,
         -0.36677535, -0.32496649],
        [ 0.00887874, -0.00852453,  0.        , ..., -0.35852097,
         -0.37469248, -0.33301655],
        ...,
        [ 0.36679533,  0.35055011,  0.35852097, ...,  0.        ,
         -0.01738114,  0.02717878],
        [ 0.38290963,  0.36677535,  0.37469248, ...,  0.01738114,
          0.        ,  0.04454939],
        [ 0.34137537,  0.32496649,  0.33301655, ..., -0.02717878,
         -0.04454939,  0.        ]],

       [[ 0.        , -0.11208149, -0.2378821 , ..., -0.6560383 ,
         -0.65441458, -0.65329743],
        [ 0.11208149,  0.        , -0.12751913, ..., -0.56731362,
         -0.56554228, -0.56432396],
        [ 0.2378821 ,  0.12751913,  0.        , ..., -0.4576699 ,
         -0.45575777, -0.45444303],
        ...,
        [ 0.6560383 ,  0.56731362,  0.4576699 , ...,  0.        ,
          0.00214939,  0.00362589],
        [ 0.65441458,  0.56554228,  0.45575777, ..., -0.00214939,
          0.        ,  0.00147651],
        [ 0.65329743,  0.56432396,  0.45444303, ..., -0.00362589,
         -0.00147651,  0.        ]]]), 'num': array([8.50164665e-01, 5.26198378e-01, 8.17065035e-06, 4.44398198e-04,
       4.66814248e-04, 4.25904957e-04, 1.82714795e-02, 1.84932415e-05,
       4.26353278e-04, 4.10157681e-04, 4.19180141e-04, 7.07130926e-07,
       4.50556199e-04, 3.69759163e-04])}
{'img': array([[[ 0.        , -0.08343267, -0.01031285, ...,  0.29535033,
          0.46016997,  0.73593615],
        [ 0.08343267,  0.        ,  0.07315133, ...,  0.37403122,
          0.53263964,  0.78985841],
        [ 0.01031285, -0.07315133,  0.        , ...,  0.30518741,
          0.46930157,  0.74287934],
        ...,
        [-0.29535033, -0.37403122, -0.30518741, ...,  0.        ,
          0.17742021,  0.50313809],
        [-0.46016997, -0.53263964, -0.46930157, ..., -0.17742021,
          0.        ,  0.34182829],
        [-0.73593615, -0.78985841, -0.74287934, ..., -0.50313809,
         -0.34182829,  0.        ]],

       [[ 0.        ,  0.0019517 , -0.27456616, ...,  0.26046037,
          0.23741242,  0.9785514 ],
        [-0.0019517 ,  0.        , -0.27644233, ...,  0.25857554,
          0.23551607,  0.97895159],
        [ 0.27456616,  0.27644233,  0.        , ...,  0.5155398 ,
          0.49500426,  0.88438252],
        ...,
        [-0.26046037, -0.25857554, -0.5155398 , ...,  0.        ,
         -0.02379551,  0.99843182],
        [-0.23741242, -0.23551607, -0.49500426, ...,  0.02379551,
          0.        ,  0.99948121],
        [-0.9785514 , -0.97895159, -0.88438252, ..., -0.99843182,
         -0.99948121,  0.        ]],

       [[ 0.        , -0.16561379, -0.31058167, ..., -0.08804305,
         -0.02398811,  0.11436668],
        [ 0.16561379,  0.        , -0.14886911, ...,  0.07814342,
          0.14190929,  0.27731449],
        [ 0.31058167,  0.14886911,  0.        , ...,  0.22568655,
          0.28769049,  0.4172547 ],
        ...,
        [ 0.08804305, -0.07814342, -0.22568655, ...,  0.        ,
          0.06412276,  0.20138792],
        [ 0.02398811, -0.14190929, -0.28769049, ..., -0.06412276,
          0.        ,  0.13816448],
        [-0.11436668, -0.27731449, -0.4172547 , ..., -0.20138792,
         -0.13816448,  0.        ]],

       ...,

       [[ 0.        ,  0.00450712,  0.16573732, ...,  0.47385142,
          0.68476323,  0.79763122],
        [-0.00450712,  0.        ,  0.16129085, ...,  0.46987762,
          0.68147165,  0.79490467],
        [-0.16573732, -0.16129085,  0.        , ...,  0.32134895,
          0.55450926,  0.68663621],
        ...,
        [-0.47385142, -0.46987762, -0.32134895, ...,  0.        ,
          0.25767918,  0.41659655],
        [-0.68476323, -0.68147165, -0.55450926, ..., -0.25767918,
          0.        ,  0.16827437],
        [-0.79763122, -0.79490467, -0.68663621, ..., -0.41659655,
         -0.16827437,  0.        ]],

       [[ 0.        ,  0.00852453, -0.08299116, ..., -0.36677535,
         -0.32496649, -0.21356191],
        [-0.00852453,  0.        , -0.09148327, ..., -0.37469248,
         -0.33301655, -0.22188202],
        [ 0.08299116,  0.09148327,  0.        , ..., -0.28830261,
         -0.24535859, -0.13174867],
        ...,
        [ 0.36677535,  0.37469248,  0.28830261, ...,  0.        ,
          0.04454939,  0.15963499],
        [ 0.32496649,  0.33301655,  0.24535859, ..., -0.04454939,
          0.        ,  0.1154984 ],
        [ 0.21356191,  0.22188202,  0.13174867, ..., -0.15963499,
         -0.1154984 ,  0.        ]],

       [[ 0.        , -0.12751913, -0.17597893, ..., -0.56554228,
         -0.56432396, -0.60821768],
        [ 0.12751913,  0.        , -0.0490132 , ..., -0.45575777,
         -0.45444303, -0.50203137],
        [ 0.17597893,  0.0490132 ,  0.        , ..., -0.41158317,
         -0.41023708, -0.45903895],
        ...,
        [ 0.56554228,  0.45575777,  0.41158317, ...,  0.        ,
          0.00147651, -0.05269821],
        [ 0.56432396,  0.45444303,  0.41023708, ..., -0.00147651,
          0.        , -0.05417261],
        [ 0.60821768,  0.50203137,  0.45903895, ...,  0.05269821,
          0.05417261,  0.        ]]]), 'num': array([ 8.22599735e-01,  5.68530573e-01,  6.48963377e-06,  4.26290540e-04,
        4.40445782e-04,  4.14857461e-04,  1.00644420e-02, -5.44432363e-06,
        4.16926304e-04,  3.99722241e-04,  4.07879653e-04,  7.66806145e-07,
        4.40799437e-04,  3.58645045e-04])}
{'img': array([[[ 0.        ,  0.07315133,  0.20371028, ...,  0.53263964,
          0.78985841,  0.71710385],
        [-0.07315133,  0.        ,  0.13154708, ...,  0.46930157,
          0.74287934,  0.66419861],
        [-0.20371028, -0.13154708,  0.        , ...,  0.34906224,
          0.64836271,  0.56008784],
        ...,
        [-0.53263964, -0.46930157, -0.34906224, ...,  0.        ,
          0.34182829,  0.23568331],
        [-0.78985841, -0.74287934, -0.64836271, ..., -0.34182829,
          0.        , -0.11071265],
        [-0.71710385, -0.66419861, -0.56008784, ..., -0.23568331,
          0.11071265,  0.        ]],

       [[ 0.        , -0.27644233, -0.41968068, ...,  0.23551607,
          0.97895159,  0.64748891],
        [ 0.27644233,  0.        , -0.15240703, ...,  0.49500426,
          0.88438252,  0.83292635],
        [ 0.41968068,  0.15240703,  0.        , ...,  0.62164656,
          0.80291306,  0.90753554],
        ...,
        [-0.23551607, -0.49500426, -0.62164656, ...,  0.        ,
          0.99948121,  0.44979445],
        [-0.97895159, -0.88438252, -0.80291306, ..., -0.99948121,
          0.        , -0.87818209],
        [-0.64748891, -0.83292635, -0.90753554, ..., -0.44979445,
          0.87818209,  0.        ]],

       [[ 0.        , -0.14886911, -0.34345048, ...,  0.14190929,
          0.27731449,  0.34106599],
        [ 0.14886911,  0.        , -0.19980986, ...,  0.28769049,
          0.4172547 ,  0.47720829],
        [ 0.34345048,  0.19980986,  0.        , ...,  0.4732517 ,
          0.59042575,  0.64317619],
        ...,
        [-0.14190929, -0.28769049, -0.4732517 , ...,  0.        ,
          0.13816448,  0.20421398],
        [-0.27731449, -0.4172547 , -0.59042575, ..., -0.13816448,
          0.        ,  0.06700258],
        [-0.34106599, -0.47720829, -0.64317619, ..., -0.20421398,
         -0.06700258,  0.        ]],

       ...,

       [[ 0.        ,  0.16129085,  0.34171069, ...,  0.68147165,
          0.79490467,  0.95599585],
        [-0.16129085,  0.        ,  0.18565467, ...,  0.55450926,
          0.68663621,  0.89615937],
        [-0.34171069, -0.18565467,  0.        , ...,  0.3903715 ,
          0.53972792,  0.79819871],
        ...,
        [-0.68147165, -0.55450926, -0.3903715 , ...,  0.        ,
          0.16827437,  0.49971002],
        [-0.79490467, -0.68663621, -0.53972792, ..., -0.16827437,
          0.        ,  0.34682622],
        [-0.95599585, -0.89615937, -0.79819871, ..., -0.49971002,
         -0.34682622,  0.        ]],

       [[ 0.        , -0.09148327, -0.26580334, ..., -0.33301655,
         -0.22188202, -0.14580734],
        [ 0.09148327,  0.        , -0.17649635, ..., -0.24535859,
         -0.13174867, -0.05469033],
        [ 0.26580334,  0.17649635,  0.        , ..., -0.07040549,
          0.04527747,  0.12240044],
        ...,
        [ 0.33301655,  0.24535859,  0.07040549, ...,  0.        ,
          0.1154984 ,  0.1919728 ],
        [ 0.22188202,  0.13174867, -0.04527747, ..., -0.1154984 ,
          0.        ,  0.07733789],
        [ 0.14580734,  0.05469033, -0.12240044, ..., -0.1919728 ,
         -0.07733789,  0.        ]],

       [[ 0.        , -0.0490132 ,  0.00767878, ..., -0.45444303,
         -0.50203137, -0.52002693],
        [ 0.0490132 ,  0.        ,  0.0566813 , ..., -0.41023708,
         -0.45903895, -0.47753731],
        [-0.00767878, -0.0566813 ,  0.        , ..., -0.4612697 ,
         -0.50865755, -0.52657043],
        ...,
        [ 0.45444303,  0.41023708,  0.4612697 , ...,  0.        ,
         -0.05417261, -0.07506496],
        [ 0.50203137,  0.45903895,  0.50865755, ...,  0.05417261,
          0.        , -0.02093497],
        [ 0.52002693,  0.47753731,  0.52657043, ...,  0.07506496,
          0.02093497,  0.        ]]]), 'num': array([8.95266655e-01, 4.42593365e-01, 9.84072370e-06, 5.04090524e-04,
       5.04090524e-04, 4.33408265e-04, 5.10603811e-02, 7.50656540e-05,
       4.38120416e-04, 4.06998305e-04, 4.12468418e-04, 8.75630512e-07,
       4.67674701e-04, 3.46321909e-04])}
{'img': array([[[ 0.        ,  0.10366694, -0.14559076, ...,  0.57152368,
          0.51138919,  0.87011024],
        [-0.10366694,  0.        , -0.24736868, ...,  0.48337675,
          0.41954776,  0.91651514],
        [ 0.14559076,  0.24736868,  0.        , ...,  0.68490371,
          0.6310536 ,  0.78908368],
        ...,
        [-0.57152368, -0.48337675, -0.68490371, ...,  0.        ,
         -0.07149983,  0.99567944],
        [-0.51138919, -0.41954776, -0.6310536 , ...,  0.07149983,
          0.        ,  0.99977038],
        [-0.87011024, -0.91651514, -0.78908368, ..., -0.99567944,
         -0.99977038,  0.        ]],

       [[ 0.        , -0.08859353,  0.2348205 , ...,  0.78386934,
          0.5013008 ,  0.29631618],
        [ 0.08859353,  0.        ,  0.3200135 , ...,  0.83579707,
          0.57598721,  0.21053624],
        [-0.2348205 , -0.3200135 ,  0.        , ...,  0.61614527,
          0.28409994,  0.5123055 ],
        ...,
        [-0.78386934, -0.83579707, -0.61614527, ...,  0.        ,
         -0.36699045,  0.93265606],
        [-0.5013008 , -0.57598721, -0.28409994, ...,  0.36699045,
          0.        ,  0.73518175],
        [-0.29631618, -0.21053624, -0.5123055 , ..., -0.93265606,
         -0.73518175,  0.        ]],

       [[ 0.        , -0.19980986, -0.29972982, ...,  0.4172547 ,
          0.47720829,  0.83635646],
        [ 0.19980986,  0.        , -0.10306225, ...,  0.59042575,
          0.64317619,  0.92902404],
        [ 0.29972982,  0.10306225,  0.        , ...,  0.67046238,
          0.71866785,  0.96221193],
        ...,
        [-0.4172547 , -0.59042575, -0.67046238, ...,  0.        ,
          0.06700258,  0.53133887],
        [-0.47720829, -0.64317619, -0.71866785, ..., -0.06700258,
          0.        ,  0.47338298],
        [-0.83635646, -0.92902404, -0.96221193, ..., -0.53133887,
         -0.47338298,  0.        ]],

       ...,

       [[ 0.        ,  0.17455468,  0.03548076, ...,  0.63903629,
          0.83252235,  0.97739013],
        [-0.17455468,  0.        , -0.13950873, ...,  0.4949621 ,
          0.72303923,  0.99929326],
        [-0.03548076,  0.13950873,  0.        , ...,  0.61134296,
          0.81234212,  0.98427692],
        ...,
        [-0.63903629, -0.4949621 , -0.61134296, ...,  0.        ,
          0.28633605,  0.88690595],
        [-0.83252235, -0.72303923, -0.81234212, ..., -0.28633605,
          0.        ,  0.71749759],
        [-0.97739013, -0.99929326, -0.98427692, ..., -0.88690595,
         -0.71749759,  0.        ]],

       [[ 0.        , -0.17649635, -0.20078638, ..., -0.13174867,
         -0.05469033,  0.53127334],
        [ 0.17649635,  0.        , -0.02473228, ...,  0.04527747,
          0.12240044,  0.67246083],
        [ 0.20078638,  0.02473228,  0.        , ...,  0.06997054,
          0.14690931,  0.6905603 ],
        ...,
        [ 0.13174867, -0.04527747, -0.06997054, ...,  0.        ,
          0.07733789,  0.63825985],
        [ 0.05469033, -0.12240044, -0.14690931, ..., -0.07733789,
          0.        ,  0.57681189],
        [-0.53127334, -0.67246083, -0.6905603 , ..., -0.63825985,
         -0.57681189,  0.        ]],

       [[ 0.        ,  0.0566813 , -0.05473826, ..., -0.45903895,
         -0.47753731, -0.94595491],
        [-0.0566813 ,  0.        , -0.11124658, ..., -0.50865755,
         -0.52657043, -0.96281576],
        [ 0.05473826,  0.11124658,  0.        , ..., -0.40972038,
         -0.4287277 , -0.92678516],
        ...,
        [ 0.45903895,  0.50865755,  0.40972038, ...,  0.        ,
         -0.02093497, -0.69153612],
        [ 0.47753731,  0.52657043,  0.4287277 , ...,  0.02093497,
          0.        , -0.67626236],
        [ 0.94595491,  0.96281576,  0.92678516, ...,  0.69153612,
          0.67626236,  0.        ]]]), 'num': array([7.54331094e-01, 6.55438186e-01, 2.02649402e-06, 4.47479223e-04,
       4.53439499e-04, 4.05757287e-04, 3.72044679e-02, 2.56750374e-05,
       3.88059851e-04, 3.46383763e-04, 3.47163184e-04, 8.05442775e-07,
       4.15015133e-04, 2.77752393e-04])}
{'img': array([[[ 0.        , -0.22039288, -0.18912284, ...,  0.36556011,
          0.95002827,  0.8660254 ],
        [ 0.22039288,  0.        ,  0.03194301, ...,  0.56171041,
          0.99546689,  0.73453442],
        [ 0.18912284, -0.03194301,  0.        , ...,  0.53499623,
          0.99192084,  0.7558352 ],
        ...,
        [-0.36556011, -0.56171041, -0.53499623, ...,  0.        ,
          0.77015999,  0.98886588],
        [-0.95002827, -0.99546689, -0.99192084, ..., -0.77015999,
          0.        ,  0.74535599],
        [-0.8660254 , -0.73453442, -0.7558352 , ..., -0.98886588,
         -0.74535599,  0.        ]],

       [[ 0.        ,  0.3200135 ,  0.06164914, ...,  0.57598721,
          0.21053624,  0.82220869],
        [-0.3200135 ,  0.        , -0.2609976 , ...,  0.28409994,
          0.5123055 ,  0.96111844],
        [-0.06164914,  0.2609976 ,  0.        , ...,  0.52449599,
          0.27040312,  0.85573459],
        ...,
        [-0.57598721, -0.28409994, -0.52449599, ...,  0.        ,
          0.73518175,  0.99996559],
        [-0.21053624, -0.5123055 , -0.27040312, ..., -0.73518175,
          0.        , -0.68394543],
        [-0.82220869, -0.96111844, -0.85573459, ..., -0.99996559,
          0.68394543,  0.        ]],

       [[ 0.        , -0.09641767, -0.14086483, ...,  0.59708262,
          0.87244694,  0.8224328 ],
        [ 0.09641767,  0.        , -0.04475226, ...,  0.6716451 ,
          0.91550235,  0.76375268],
        [ 0.14086483,  0.04475226,  0.        , ...,  0.70412793,
          0.93258952,  0.7340995 ],
        ...,
        [-0.59708262, -0.6716451 , -0.70412793, ...,  0.        ,
          0.40805971,  0.99939671],
        [-0.87244694, -0.91550235, -0.93258952, ..., -0.40805971,
          0.        ,  0.89823233],
        [-0.8224328 , -0.76375268, -0.7340995 , ..., -0.99939671,
         -0.89823233,  0.        ]],

       ...,

       [[ 0.        , -0.12589052, -0.18233379, ...,  0.62601218,
          0.85872609,  0.9892844 ],
        [ 0.12589052,  0.        , -0.05710299, ...,  0.71920281,
          0.91640488,  0.96303361],
        [ 0.18233379,  0.05710299,  0.        , ...,  0.75770445,
          0.93776519,  0.94607974],
        ...,
        [-0.62601218, -0.71920281, -0.75770445, ...,  0.        ,
          0.34885554,  0.86285571],
        [-0.85872609, -0.91640488, -0.93776519, ..., -0.34885554,
          0.        ,  0.63231896],
        [-0.9892844 , -0.96303361, -0.94607974, ..., -0.86285571,
         -0.63231896,  0.        ]],

       [[ 0.        , -0.02309776, -0.03827529, ...,  0.11389413,
          0.61890739,  0.95556935],
        [ 0.02309776,  0.        , -0.01518424, ...,  0.1368112 ,
          0.63688473,  0.94850597],
        [ 0.03827529,  0.01518424,  0.        , ...,  0.1518369 ,
          0.64851774,  0.94358687],
        ...,
        [-0.11389413, -0.1368112 , -0.1518369 , ...,  0.        ,
          0.52542036,  0.98292352],
        [-0.61890739, -0.63688473, -0.64851774, ..., -0.52542036,
          0.        ,  0.93299838],
        [-0.95556935, -0.94850597, -0.94358687, ..., -0.98292352,
         -0.93299838,  0.        ]],

       [[ 0.        , -0.09379303, -0.16894711, ..., -0.43235013,
         -0.77003432, -0.97835201],
        [ 0.09379303,  0.        , -0.07575758, ..., -0.34587049,
         -0.70679961, -0.99344941],
        [ 0.16894711,  0.07575758,  0.        , ..., -0.27379455,
         -0.65117649, -0.99925153],
        ...,
        [ 0.43235013,  0.34587049,  0.27379455, ...,  0.        ,
         -0.41850397, -0.97165955],
        [ 0.77003432,  0.70679961,  0.65117649, ...,  0.41850397,
          0.        , -0.78354781],
        [ 0.97835201,  0.99344941,  0.99925153, ...,  0.97165955,
          0.78354781,  0.        ]]]), 'num': array([7.31494495e-01, 6.81589633e-01, 9.94120757e-07, 4.45579125e-04,
       4.68656929e-04, 4.38922067e-04, 1.87117669e-02, 1.24265095e-05,
       3.97293260e-04, 3.41307397e-04, 3.38119405e-04, 7.58065056e-07,
       4.23047583e-04, 2.59567210e-04])}
{'img': array([[[ 0.        ,  0.03045696,  0.15096955, ...,  0.97542342,
          0.97634179,  0.71089644],
        [-0.03045696,  0.        ,  0.12079164, ...,  0.96826005,
          0.98247465,  0.73198692],
        [-0.15096955, -0.12079164,  0.        , ...,  0.93097908,
          0.99779596,  0.80892483],
        ...,
        [-0.97542342, -0.96826005, -0.93097908, ...,  0.        ,
          0.42604462,  0.84265009],
        [-0.97634179, -0.98247465, -0.99779596, ..., -0.42604462,
          0.        ,  0.53293871],
        [-0.71089644, -0.73198692, -0.80892483, ..., -0.84265009,
         -0.53293871,  0.        ]],

       [[ 0.        , -0.2609976 , -0.24348274, ...,  0.5123055 ,
          0.96111844,  0.77474759],
        [ 0.2609976 ,  0.        ,  0.01809945, ...,  0.27040312,
          0.85573459,  0.91291553],
        [ 0.24348274, -0.01809945,  0.        , ...,  0.28778401,
          0.86495934,  0.90537873],
        ...,
        [-0.5123055 , -0.27040312, -0.28778401, ...,  0.        ,
         -0.68394543, -0.9892715 ],
        [-0.96111844, -0.85573459, -0.86495934, ...,  0.68394543,
          0.        , -0.82162304],
        [-0.77474759, -0.91291553, -0.90537873, ...,  0.9892715 ,
          0.82162304,  0.        ]],

       [[ 0.        , -0.03849756, -0.00811668, ...,  0.79937438,
          0.98399766,  0.68804089],
        [ 0.03849756,  0.        ,  0.03038563, ...,  0.82191242,
          0.99012776,  0.65959424],
        [ 0.00811668, -0.03038563,  0.        , ...,  0.80422482,
          0.98541148,  0.68212818],
        ...,
        [-0.79937438, -0.82191242, -0.80422482, ...,  0.        ,
          0.44878486,  0.99348139],
        [-0.98399766, -0.99012776, -0.98541148, ..., -0.44878486,
          0.        ,  0.83665556],
        [-0.68804089, -0.65959424, -0.68212818, ..., -0.99348139,
         -0.83665556,  0.        ]],

       ...,

       [[ 0.        , -0.05710299, -0.02227788, ...,  0.91640488,
          0.96303361,  0.99489296],
        [ 0.05710299,  0.        ,  0.03484729, ...,  0.93776519,
          0.94607974,  0.99903331],
        [ 0.02227788, -0.03484729,  0.        , ...,  0.92509422,
          0.95679336,  0.99689468],
        ...,
        [-0.91640488, -0.93776519, -0.92509422, ...,  0.        ,
          0.63231896,  0.30571054],
        [-0.96303361, -0.94607974, -0.95679336, ..., -0.63231896,
          0.        , -0.36520992],
        [-0.99489296, -0.99903331, -0.99689468, ..., -0.30571054,
          0.36520992,  0.        ]],

       [[ 0.        , -0.01261147, -0.09703268, ...,  0.51517122,
          0.87486037,  0.88080351],
        [ 0.01261147,  0.        , -0.084473  , ...,  0.52593938,
          0.88089948,  0.87476215],
        [ 0.09703268,  0.084473  ,  0.        , ...,  0.5959057 ,
          0.9177323 ,  0.83070394],
        ...,
        [-0.51517122, -0.52593938, -0.5959057 , ...,  0.        ,
          0.50029553,  0.99884977],
        [-0.87486037, -0.88089948, -0.9177323 , ..., -0.50029553,
          0.        ,  0.84087   ],
        [-0.88080351, -0.87476215, -0.83070394, ..., -0.99884977,
         -0.84087   ,  0.        ]],

       [[ 0.        , -0.06695831, -0.06370813, ..., -0.60797827,
         -0.8733785 , -0.97307868],
        [ 0.06695831,  0.        ,  0.00325714, ..., -0.55345203,
         -0.83880693, -0.98632696],
        [ 0.06370813, -0.00325714,  0.        , ..., -0.5561619 ,
         -0.84057576, -0.98578496],
        ...,
        [ 0.60797827,  0.55345203,  0.5561619 , ...,  0.        ,
         -0.39731107, -0.91270207],
        [ 0.8733785 ,  0.83880693,  0.84057576, ...,  0.39731107,
          0.        , -0.67522059],
        [ 0.97307868,  0.98632696,  0.98578496, ...,  0.91270207,
          0.67522059,  0.        ]]]), 'num': array([7.18686024e-01, 6.95258894e-01, 4.62073554e-07, 4.42021305e-04,
       4.44636816e-04, 4.22840894e-04, 1.02103085e-02, 4.35918447e-06,
       4.09501789e-04, 3.41869042e-04, 3.34436633e-04, 7.40697083e-07,
       4.33620452e-04, 2.50117632e-04])}
{'img': array([[[ 0.        ,  0.11882117,  0.0504906 , ...,  0.99368555,
          0.90781287,  0.72396227],
        [-0.11882117,  0.        , -0.06853671, ...,  0.99997779,
          0.95121231,  0.80080102],
        [-0.0504906 ,  0.06853671,  0.        , ...,  0.99808323,
          0.92782951,  0.75786929],
        ...,
        [-0.99368555, -0.99997779, -0.99808323, ...,  0.        ,
          0.31486995,  0.60425441],
        [-0.90781287, -0.95121231, -0.92782951, ..., -0.31486995,
          0.        ,  0.32263322],
        [-0.72396227, -0.80080102, -0.75786929, ..., -0.60425441,
         -0.32263322,  0.        ]],

       [[ 0.        ,  0.01809945, -0.08816027, ...,  0.85573459,
          0.91291553,  0.63971788],
