state_0,state_1,state_2,state_3,state_4,state_5,state_6,state_7,state_8,state_9,state_10,state_11,state_12,state_13,state_14,state_15,state_16,state_17,state_18,state_19,state_20,state_21,state_22,state_23,state_24,state_25,state_26,state_27,state_28,state_29,state_30,state_31,state_32,state_33,state_34,state_35,state_36,state_37,state_38,state_39,state_40,state_41,state_42,state_43,state_44,state_45,state_46,state_47,state_48,state_49,state_50,state_51,state_52,state_53,state_54,state_55,state_56,state_57,state_58,state_59,state_60,state_61,state_62,state_63,state_64,state_65,state_66,state_67,state_68,state_69,state_70,state_71,state_72,state_73,state_74,state_75,state_76,state_77,state_78,state_79,state_80,state_81,state_82,state_83,state_84,state_85,state_86,state_87,state_88,state_89,state_90,state_91,state_92,state_93,state_94,state_95,state_96,state_97,state_98,state_99,state_100,state_101,state_102,state_103,state_104,state_105,state_106,state_107,state_108,state_109,state_110,state_111,state_112,state_113,state_114,state_115,state_116,state_117,state_118,state_119,state_120,state_121,state_122,state_123,state_124,state_125,state_126,state_127,state_128,state_129,state_130,state_131,state_132,state_133,state_134,state_135,state_136,state_137,state_138,state_139,state_140,state_141,state_142,state_143,state_144,state_145,state_146,state_147,state_148,state_149,state_150,state_151,state_152,state_153,state_154,state_155,state_156,state_157,state_158,state_159,state_160,state_161,state_162,state_163,state_164,state_165,state_166,state_167,state_168,state_169,state_170,state_171,state_172,state_173,state_174,state_175,state_176,state_177,state_178,state_179,state_180,state_181,state_182,state_183,state_184,state_185,state_186,state_187,state_188,state_189,state_190,state_191,state_192,state_193,state_194,state_195,state_196,state_197,state_198,state_199,state_200,state_201,state_202,state_203,state_204,state_205,state_206,state_207,state_208,state_209,state_210,state_211,state_212,state_213,state_214,state_215,state_216,state_217,state_218,state_219,state_220,state_221,state_222,state_223,state_224,state_225,state_226,state_227,state_228,state_229,state_230,state_231,state_232,state_233,state_234,state_235,state_236,state_237,state_238,state_239,state_240,state_241,state_242,state_243,state_244,state_245,state_246,state_247,state_248,state_249,state_250,state_251,state_252,state_253,state_254,state_255,state_256,state_257,state_258,state_259,state_260,state_261,state_262,state_263,state_264,state_265,state_266,state_267,state_268,state_269,state_270,state_271,state_272,state_273,state_274,state_275,state_276,state_277,state_278,state_279,state_280,state_281,state_282,state_283,state_284,state_285,state_286,state_287
{'img': array([[[ 0.        ,  0.04319567,  0.04319567, ...,  0.91980317,
          0.85967862,  0.65286852],
        [-0.04319567,  0.        ,  0.        , ...,  0.90199554,
          0.83681035,  0.61953968],
        [-0.04319567,  0.        ,  0.        , ...,  0.90199554,
          0.83681035,  0.61953968],
        ...,
        [-0.91980317, -0.90199554, -0.90199554, ...,  0.        ,
         -0.13254713, -0.44055186],
        [-0.85967862, -0.83681035, -0.83681035, ...,  0.13254713,
          0.        , -0.31767358],
        [-0.65286852, -0.61953968, -0.61953968, ...,  0.44055186,
          0.31767358,  0.        ]],

       [[ 0.        ,  0.11279038,  0.22803574, ...,  0.21879084,
          0.16084197,  0.46388791],
        [-0.11279038,  0.        ,  0.11676193, ...,  0.10733702,
          0.04849374,  0.36100744],
        [-0.22803574, -0.11676193,  0.        , ..., -0.00948453,
         -0.06846252,  0.24965027],
        ...,
        [-0.21879084, -0.10733702,  0.00948453, ...,  0.        ,
         -0.05899717,  0.25882326],
        [-0.16084197, -0.04849374,  0.06846252, ...,  0.05899717,
          0.        ,  0.31535925],
        [-0.46388791, -0.36100744, -0.24965027, ..., -0.25882326,
         -0.31535925,  0.        ]],

       [[ 0.        , -0.02150551, -0.04909714, ...,  0.87608344,
          0.87608344,  0.83660551],
        [ 0.02150551,  0.        , -0.0276062 , ...,  0.88624992,
          0.88624992,  0.84819288],
        [ 0.04909714,  0.0276062 ,  0.        , ...,  0.89869954,
          0.89869954,  0.86249227],
        ...,
        [-0.87608344, -0.88624992, -0.89869954, ...,  0.        ,
          0.        , -0.0765463 ],
        [-0.87608344, -0.88624992, -0.89869954, ...,  0.        ,
          0.        , -0.0765463 ],
        [-0.83660551, -0.84819288, -0.86249227, ...,  0.0765463 ,
          0.0765463 ,  0.        ]],

       ...,

       [[ 0.        , -0.10698083,  0.0484515 , ...,  0.56495942,
          0.50825334,  0.25324841],
        [ 0.10698083,  0.        ,  0.15502863, ...,  0.64998905,
          0.59746922,  0.35528843],
        [-0.0484515 , -0.15502863,  0.        , ...,  0.52431765,
          0.46592961,  0.20607893],
        ...,
        [-0.56495942, -0.64998905, -0.52431765, ...,  0.        ,
         -0.06717802, -0.33758247],
        [-0.50825334, -0.59746922, -0.46592961, ...,  0.06717802,
          0.        , -0.27358548],
        [-0.25324841, -0.35528843, -0.20607893, ...,  0.33758247,
          0.27358548,  0.        ]],

       [[ 0.        , -0.0968537 , -0.26616104, ...,  0.94051584,
          0.98561228,  0.9943777 ],
        [ 0.0968537 ,  0.        , -0.17154967, ...,  0.9031881 ,
          0.96460814,  0.99995874],
        [ 0.26616104,  0.17154967,  0.        , ...,  0.81616192,
          0.90507277,  0.98669324],
        ...,
        [-0.94051584, -0.9031881 , -0.81616192, ...,  0.        ,
         -0.17589375, -0.43743217],
        [-0.98561228, -0.96460814, -0.90507277, ...,  0.17589375,
          0.        , -0.27243954],
        [-0.9943777 , -0.99995874, -0.98669324, ...,  0.43743217,
          0.27243954,  0.        ]],

       [[ 0.        ,  0.00601518,  0.03992076, ...,  0.62992175,
          0.71500349,  0.92458145],
        [-0.00601518,  0.        ,  0.03390965, ...,  0.62523861,
          0.71078522,  0.92227303],
        [-0.03992076, -0.03390965,  0.        , ...,  0.59841481,
          0.68652409,  0.90863523],
        ...,
        [-0.62992175, -0.62523861, -0.59841481, ...,  0.        ,
          0.11492217,  0.47809375],
        [-0.71500349, -0.71078522, -0.68652409, ..., -0.11492217,
          0.        ,  0.37398899],
        [-0.92458145, -0.92227303, -0.90863523, ..., -0.47809375,
         -0.37398899,  0.        ]]]), 'num': array([8.12885620e-01, 5.82420343e-01, 1.81468722e-05, 7.90076371e-05,
       8.02518518e-05, 7.68302612e-05, 1.86096579e-03, 2.48842951e-06,
       7.96919552e-05, 7.97075079e-05, 6.60678036e-05, 3.31790602e-07,
       8.43122583e-05, 7.51027575e-05])}
{'img': array([[[ 0.        ,  0.        , -0.05756738, ...,  0.83681035,
          0.61953968,  0.74234816],
        [ 0.        ,  0.        , -0.05756738, ...,  0.83681035,
          0.61953968,  0.74234816],
        [ 0.05756738,  0.05756738,  0.        , ...,  0.86694034,
          0.66370064,  0.77968803],
        ...,
        [-0.83681035, -0.83681035, -0.86694034, ...,  0.        ,
         -0.31767358, -0.15424462],
        [-0.61953968, -0.61953968, -0.66370064, ...,  0.31767358,
          0.        ,  0.16761711],
        [-0.74234816, -0.74234816, -0.77968803, ...,  0.15424462,
         -0.16761711,  0.        ]],

       [[ 0.        ,  0.11676193,  0.0114497 , ...,  0.04849374,
          0.36100744,  0.07268268],
        [-0.11676193,  0.        , -0.10538289, ..., -0.06846252,
          0.24965027, -0.04426758],
        [-0.0114497 ,  0.10538289,  0.        , ...,  0.03705433,
          0.35030621,  0.0612585 ],
        ...,
        [-0.04849374,  0.06846252, -0.03705433, ...,  0.        ,
          0.31535925,  0.0242317 ],
        [-0.36100744, -0.24965027, -0.35030621, ..., -0.31535925,
          0.        , -0.29227144],
        [-0.07268268,  0.04426758, -0.0612585 , ..., -0.0242317 ,
          0.29227144,  0.        ]],

       [[ 0.        , -0.0276062 , -0.03985988, ...,  0.88624992,
          0.84819288,  0.82774704],
        [ 0.0276062 ,  0.        , -0.01226043, ...,  0.89869954,
          0.86249227,  0.84292145],
        [ 0.03985988,  0.01226043,  0.        , ...,  0.90400899,
          0.86863208,  0.84945465],
        ...,
        [-0.88624992, -0.89869954, -0.90400899, ...,  0.        ,
         -0.0765463 , -0.11385756],
        [-0.84819288, -0.86249227, -0.86863208, ...,  0.0765463 ,
          0.        , -0.03747499],
        [-0.82774704, -0.84292145, -0.84945465, ...,  0.11385756,
          0.03747499,  0.        ]],

       ...,

       [[ 0.        ,  0.15502863,  0.15502863, ...,  0.59746922,
          0.35528843,  0.50394631],
        [-0.15502863,  0.        ,  0.        , ...,  0.46592961,
          0.20607893,  0.36394994],
        [-0.15502863,  0.        ,  0.        , ...,  0.46592961,
          0.20607893,  0.36394994],
        ...,
        [-0.59746922, -0.46592961, -0.46592961, ...,  0.        ,
         -0.27358548, -0.11194463],
        [-0.35528843, -0.20607893, -0.20607893, ...,  0.27358548,
          0.        ,  0.16419216],
        [-0.50394631, -0.36394994, -0.36394994, ...,  0.11194463,
         -0.16419216,  0.        ]],

       [[ 0.        , -0.17154967, -0.24048925, ...,  0.96460814,
          0.99995874,  0.9948112 ],
        [ 0.17154967,  0.        , -0.07040912, ...,  0.90507277,
          0.98669324,  0.99751676],
        [ 0.24048925,  0.07040912,  0.        , ...,  0.87288461,
          0.97279644,  0.99008224],
        ...,
        [-0.96460814, -0.90507277, -0.87288461, ...,  0.        ,
         -0.27243954, -0.36045689],
        [-0.99995874, -0.98669324, -0.97279644, ...,  0.27243954,
          0.        , -0.09269683],
        [-0.9948112 , -0.99751676, -0.99008224, ...,  0.36045689,
          0.09269683,  0.        ]],

       [[ 0.        ,  0.03260041,  0.02679805, ...,  0.65751318,
          0.78276285,  0.93547839],
        [-0.03260041,  0.        , -0.0058049 , ...,  0.63260114,
          0.76205889,  0.92346069],
        [-0.02679805,  0.0058049 ,  0.        , ...,  0.63708625,
          0.76580477,  0.92567243],
        ...,
        [-0.65751318, -0.63260114, -0.63708625, ...,  0.        ,
          0.18058355,  0.47247511],
        [-0.78276285, -0.76205889, -0.76580477, ..., -0.18058355,
          0.        ,  0.30555122],
        [-0.93547839, -0.92346069, -0.92567243, ..., -0.47247511,
         -0.30555122,  0.        ]]]), 'num': array([7.07083470e-01, 7.07083470e-01, 0.00000000e+00, 5.10450707e-04,
       5.16409276e-04, 5.04492139e-04, 7.99568399e-03, 5.95856857e-06,
       5.08861756e-04, 5.10053469e-04, 4.23621122e-04, 2.15890165e-06,
       5.37933798e-04, 4.82173141e-04])}
{'img': array([[[ 0.        , -0.05756738, -0.01441201, ...,  0.61953968,
          0.74234816,  0.78923273],
        [ 0.05756738,  0.        ,  0.04317329, ...,  0.66370064,
          0.77968803,  0.82327568],
        [ 0.01441201, -0.04317329,  0.        , ...,  0.63078826,
          0.75192731,  0.79800109],
        ...,
        [-0.61953968, -0.66370064, -0.63078826, ...,  0.        ,
          0.16761711,  0.23906462],
        [-0.74234816, -0.77968803, -0.75192731, ..., -0.16761711,
          0.        ,  0.07292555],
        [-0.78923273, -0.82327568, -0.79800109, ..., -0.23906462,
         -0.07292555,  0.        ]],

       [[ 0.        , -0.10538289, -0.20352081, ...,  0.24965027,
         -0.04426758, -0.1426356 ],
        [ 0.10538289,  0.        , -0.09921025, ...,  0.35030621,
          0.0612585 , -0.03753599],
        [ 0.20352081,  0.09921025,  0.        , ...,  0.44150179,
          0.15998021,  0.06178953],
        ...,
        [-0.24965027, -0.35030621, -0.44150179, ...,  0.        ,
         -0.29227144, -0.38521687],
        [ 0.04426758, -0.0612585 , -0.15998021, ...,  0.29227144,
          0.        , -0.09868082],
        [ 0.1426356 ,  0.03753599, -0.06178953, ...,  0.38521687,
          0.09868082,  0.        ]],

       [[ 0.        , -0.01226043,  0.00122635, ...,  0.86249227,
          0.84292145,  0.84292145],
        [ 0.01226043,  0.        ,  0.01348667, ...,  0.86863208,
          0.84945465,  0.84945465],
        [-0.00122635, -0.01348667,  0.        , ...,  0.861871  ,
          0.842261  ,  0.842261  ],
        ...,
        [-0.86249227, -0.86863208, -0.861871  , ...,  0.        ,
         -0.03747499, -0.03747499],
        [-0.84292145, -0.84945465, -0.842261  , ...,  0.03747499,
          0.        ,  0.        ],
        [-0.84292145, -0.84945465, -0.842261  , ...,  0.03747499,
          0.        ,  0.        ]],

       ...,

       [[ 0.        ,  0.        , -0.04043807, ...,  0.20607893,
          0.36394994,  0.3888571 ],
        [ 0.        ,  0.        , -0.04043807, ...,  0.20607893,
          0.36394994,  0.3888571 ],
        [ 0.04043807,  0.04043807,  0.        , ...,  0.24548045,
          0.40131701,  0.42579454],
        ...,
        [-0.20607893, -0.20607893, -0.24548045, ...,  0.        ,
          0.16419216,  0.1906503 ],
        [-0.36394994, -0.36394994, -0.40131701, ..., -0.16419216,
          0.        ,  0.02688232],
        [-0.3888571 , -0.3888571 , -0.42579454, ..., -0.1906503 ,
         -0.02688232,  0.        ]],

       [[ 0.        , -0.07040912, -0.09539817, ...,  0.98669324,
          0.99751676,  0.99829137],
        [ 0.07040912,  0.        , -0.02507341, ...,  0.97279644,
          0.99008224,  0.99169964],
        [ 0.09539817,  0.02507341,  0.        , ...,  0.96668206,
          0.98624843,  0.98816402],
        ...,
        [-0.98669324, -0.97279644, -0.96668206, ...,  0.        ,
         -0.09269683, -0.10466032],
        [-0.99751676, -0.99008224, -0.98624843, ...,  0.09269683,
          0.        , -0.01202195],
        [-0.99829137, -0.99169964, -0.98816402, ...,  0.10466032,
          0.01202195,  0.        ]],

       [[ 0.        , -0.00571815, -0.01396491, ...,  0.73476422,
          0.83988628,  0.92874335],
        [ 0.00571815,  0.        , -0.00824709, ...,  0.73863096,
          0.84297615,  0.93084802],
        [ 0.01396491,  0.00824709,  0.        , ...,  0.74416529,
          0.84738401,  0.9338299 ],
        ...,
        [-0.73476422, -0.73863096, -0.74416529, ...,  0.        ,
          0.17091144,  0.35759335],
        [-0.83988628, -0.84297615, -0.84738401, ..., -0.17091144,
          0.        ,  0.19272153],
        [-0.92874335, -0.93084802, -0.9338299 , ..., -0.35759335,
         -0.19272153,  0.        ]]]), 'num': array([ 7.07062862e-01,  7.07062862e-01,  0.00000000e+00,  5.02491304e-04,
        5.14408094e-04,  4.92560646e-04,  1.10561990e-02, -7.94452654e-06,
        5.04477435e-04,  5.10535137e-04,  4.25230783e-04,  1.59922288e-06,
        5.37490243e-04,  4.83580030e-04])}
{'img': array([[[ 0.        ,  0.04317329,  0.04317329, ...,  0.77968803,
          0.82327568,  0.76517213],
        [-0.04317329,  0.        ,  0.        , ...,  0.75192731,
          0.79800109,  0.73666261],
        [-0.04317329,  0.        ,  0.        , ...,  0.75192731,
          0.79800109,  0.73666261],
        ...,
        [-0.77968803, -0.75192731, -0.75192731, ...,  0.        ,
          0.07292555, -0.02285681],
        [-0.82327568, -0.79800109, -0.79800109, ..., -0.07292555,
          0.        , -0.09570244],
        [-0.76517213, -0.73666261, -0.73666261, ...,  0.02285681,
          0.09570244,  0.        ]],

       [[ 0.        , -0.09921025, -0.05319567, ...,  0.0612585 ,
         -0.03753599,  0.04266431],
        [ 0.09921025,  0.        ,  0.04613655, ...,  0.15998021,
          0.06178953,  0.14157375],
        [ 0.05319567, -0.04613655,  0.        , ...,  0.11426753,
          0.01567534,  0.09575114],
        ...,
        [-0.0612585 , -0.15998021, -0.11426753, ...,  0.        ,
         -0.09868082, -0.01861854],
        [ 0.03753599, -0.06178953, -0.01567534, ...,  0.09868082,
          0.        ,  0.08013606],
        [-0.04266431, -0.14157375, -0.09575114, ...,  0.01861854,
         -0.08013606,  0.        ]],

       [[ 0.        ,  0.01348667,  0.01961845, ...,  0.84945465,
          0.84945465,  0.81445479],
        [-0.01348667,  0.        ,  0.00613259, ...,  0.842261  ,
          0.842261  ,  0.80655539],
        [-0.01961845, -0.00613259,  0.        , ...,  0.83893926,
          0.83893926,  0.80291489],
        ...,
        [-0.84945465, -0.842261  , -0.83893926, ...,  0.        ,
          0.        , -0.06312   ],
        [-0.84945465, -0.842261  , -0.83893926, ...,  0.        ,
          0.        , -0.06312   ],
        [-0.81445479, -0.80655539, -0.80291489, ...,  0.06312   ,
          0.06312   ,  0.        ]],

       ...,

       [[ 0.        , -0.04043807,  0.01230783, ...,  0.36394994,
          0.3888571 ,  0.02760488],
        [ 0.04043807,  0.        ,  0.05273277, ...,  0.40131701,
          0.42579454,  0.06800496],
        [-0.01230783, -0.05273277,  0.        , ...,  0.35245863,
          0.37748846,  0.01529965],
        ...,
        [-0.36394994, -0.40131701, -0.35245863, ...,  0.        ,
          0.02688232, -0.33809955],
        [-0.3888571 , -0.42579454, -0.37748846, ..., -0.02688232,
          0.        , -0.36327659],
        [-0.02760488, -0.06800496, -0.01529965, ...,  0.33809955,
          0.36327659,  0.        ]],

       [[ 0.        , -0.02507341, -0.04312483, ...,  0.99008224,
          0.99169964,  0.99313965],
        [ 0.02507341,  0.        , -0.01806118, ...,  0.98624843,
          0.98816402,  0.98989548],
        [ 0.04312483,  0.01806118,  0.        , ...,  0.9831026 ,
          0.98523224,  0.98717296],
        ...,
        [-0.99008224, -0.98624843, -0.9831026 , ...,  0.        ,
         -0.01202195, -0.0237506 ],
        [-0.99169964, -0.98816402, -0.98523224, ...,  0.01202195,
          0.        , -0.01173033],
        [-0.99313965, -0.98989548, -0.98717296, ...,  0.0237506 ,
          0.01173033,  0.        ]],

       [[ 0.        , -0.00818207, -0.01623784, ...,  0.82126593,
          0.87316402,  0.93353456],
        [ 0.00818207,  0.        , -0.0080563 , ...,  0.82590668,
          0.87712295,  0.93643648],
        [ 0.01623784,  0.0080563 ,  0.        , ...,  0.83042208,
          0.88096365,  0.93923254],
        ...,
        [-0.82126593, -0.82590668, -0.83042208, ...,  0.        ,
          0.09787311,  0.23821052],
        [-0.87316402, -0.87712295, -0.88096365, ..., -0.09787311,
          0.        ,  0.14201116],
        [-0.93353456, -0.93643648, -0.93923254, ..., -0.23821052,
         -0.14201116,  0.        ]]]), 'num': array([ 7.14328548e-01,  6.99663509e-01,  1.16389191e-06,  5.05690969e-04,
        5.17731230e-04,  4.91643998e-04,  1.42720440e-02, -2.00671019e-06,
        5.06493653e-04,  5.16025526e-04,  4.31375801e-04,  1.70432921e-06,
        5.42896717e-04,  4.89154336e-04])}
{'img': array([[[ 0.        ,  0.        ,  0.08663018, ...,  0.79800109,
          0.73666261,  0.72143804],
        [ 0.        ,  0.        ,  0.08663018, ...,  0.79800109,
          0.73666261,  0.72143804],
        [-0.08663018, -0.08663018,  0.        , ...,  0.74279284,
          0.67530859,  0.65873624],
        ...,
        [-0.79800109, -0.79800109, -0.74279284, ...,  0.        ,
         -0.09570244, -0.11782003],
        [-0.73666261, -0.73666261, -0.67530859, ...,  0.09570244,
          0.        , -0.02224336],
        [-0.72143804, -0.72143804, -0.65873624, ...,  0.11782003,
          0.02224336,  0.        ]],

       [[ 0.        ,  0.04613655, -0.01509   , ...,  0.06178953,
          0.14157375,  0.20553223],
        [-0.04613655,  0.        , -0.06120523, ...,  0.01567534,
          0.09575114,  0.16016182],
        [ 0.01509   ,  0.06120523,  0.        , ...,  0.07684367,
          0.15649564,  0.22027667],
        ...,
        [-0.06178953, -0.01567534, -0.07684367, ...,  0.        ,
          0.08013606,  0.14466915],
        [-0.14157375, -0.09575114, -0.15649564, ..., -0.08013606,
          0.        ,  0.06491086],
        [-0.20553223, -0.16016182, -0.22027667, ..., -0.14466915,
         -0.06491086,  0.        ]],

       [[ 0.        ,  0.00613259,  0.02147033, ...,  0.842261  ,
          0.80655539,  0.78074712],
        [-0.00613259,  0.        ,  0.01533875, ...,  0.83893926,
          0.80291489,  0.7769005 ],
        [-0.02147033, -0.01533875,  0.        , ...,  0.83049283,
          0.79367709,  0.76715146],
        ...,
        [-0.842261  , -0.83893926, -0.83049283, ...,  0.        ,
         -0.06312   , -0.10540706],
        [-0.80655539, -0.80291489, -0.79367709, ...,  0.06312   ,
          0.        , -0.0424285 ],
        [-0.78074712, -0.7769005 , -0.76715146, ...,  0.10540706,
          0.0424285 ,  0.        ]],

       ...,

       [[ 0.        ,  0.05273277,  0.31947385, ...,  0.42579454,
          0.06800496,  0.12658926],
        [-0.05273277,  0.        ,  0.26906004, ...,  0.37748846,
          0.01529965,  0.07410459],
        [-0.31947385, -0.26906004,  0.        , ...,  0.11441453,
         -0.2542931 , -0.19694839],
        ...,
        [-0.42579454, -0.37748846, -0.11441453, ...,  0.        ,
         -0.36327659, -0.30782864],
        [-0.06800496, -0.01529965,  0.2542931 , ...,  0.36327659,
          0.        ,  0.05883834],
        [-0.12658926, -0.07410459,  0.19694839, ...,  0.30782864,
         -0.05883834,  0.        ]],

       [[ 0.        , -0.01806118, -0.04160923, ...,  0.98816402,
          0.98989548,  0.99050361],
        [ 0.01806118,  0.        , -0.0235569 , ...,  0.98523224,
          0.98717296,  0.98785887],
        [ 0.04160923,  0.0235569 ,  0.        , ...,  0.98092534,
          0.98313805,  0.98392508],
        ...,
        [-0.98816402, -0.98523224, -0.98092534, ...,  0.        ,
         -0.01173033, -0.01608479],
        [-0.98989548, -0.98717296, -0.98313805, ...,  0.01173033,
          0.        , -0.00435487],
        [-0.99050361, -0.98785887, -0.98392508, ...,  0.01608479,
          0.00435487,  0.        ]],

       [[ 0.        , -0.00803185, -0.00656687, ...,  0.86599831,
          0.90271069,  0.93743737],
        [ 0.00803185,  0.        ,  0.00146503, ...,  0.86998668,
          0.90613726,  0.94020346],
        [ 0.00656687, -0.00146503,  0.        , ...,  0.86926338,
          0.9055166 ,  0.93970344],
        ...,
        [-0.86599831, -0.86998668, -0.86926338, ...,  0.        ,
          0.07880358,  0.16726195],
        [-0.90271069, -0.90613726, -0.9055166 , ..., -0.07880358,
          0.        ,  0.08904836],
        [-0.93743737, -0.94020346, -0.93970344, ..., -0.16726195,
         -0.08904836,  0.        ]]]), 'num': array([ 7.09143090e-01,  7.04838655e-01,  3.58702906e-07,  4.78270541e-04,
        5.04176862e-04,  4.78270541e-04,  1.77936569e-02, -2.39135270e-05,
        5.00589833e-04,  5.11550199e-04,  4.29613156e-04,  1.52534843e-06,
        5.41378271e-04,  4.81722128e-04])}
{'img': array([[[ 0.        ,  0.08663018,  0.08663018, ...,  0.73666261,
          0.72143804,  0.54106893],
        [-0.08663018,  0.        ,  0.        , ...,  0.67530859,
          0.65873624,  0.4661807 ],
        [-0.08663018,  0.        ,  0.        , ...,  0.67530859,
          0.65873624,  0.4661807 ],
        ...,
        [-0.73666261, -0.67530859, -0.67530859, ...,  0.        ,
         -0.02224336, -0.25361371],
        [-0.72143804, -0.65873624, -0.65873624, ...,  0.02224336,
          0.        , -0.23203483],
        [-0.54106893, -0.4661807 , -0.4661807 , ...,  0.25361371,
          0.23203483,  0.        ]],

       [[ 0.        , -0.06120523, -0.23426551, ...,  0.09575114,
          0.16016182,  0.22428952],
        [ 0.06120523,  0.        , -0.17432425, ...,  0.15649564,
          0.22027667,  0.2835149 ],
        [ 0.23426551,  0.17432425,  0.        , ...,  0.32627577,
          0.38694626,  0.44634516],
        ...,
        [-0.09575114, -0.15649564, -0.32627577, ...,  0.        ,
          0.06491086,  0.12994733],
        [-0.16016182, -0.22027667, -0.38694626, ..., -0.06491086,
          0.        ,  0.06531281],
        [-0.22428952, -0.2835149 , -0.44634516, ..., -0.12994733,
         -0.06531281,  0.        ]],

       [[ 0.        ,  0.01533875,  0.03068791, ...,  0.80291489,
          0.7769005 ,  0.75747385],
        [-0.01533875,  0.        ,  0.01535277, ...,  0.79367709,
          0.76715146,  0.74737059],
        [-0.03068791, -0.01535277,  0.        , ...,  0.78424385,
          0.75721276,  0.73708201],
        ...,
        [-0.80291489, -0.79367709, -0.78424385, ...,  0.        ,
         -0.0424285 , -0.07267006],
        [-0.7769005 , -0.76715146, -0.75721276, ...,  0.0424285 ,
          0.        , -0.03028829],
        [-0.75747385, -0.74737059, -0.73708201, ...,  0.07267006,
          0.03028829,  0.        ]],

       ...,

       [[ 0.        ,  0.26906004,  0.26906004, ...,  0.01529965,
          0.07410459, -0.0383978 ],
        [-0.26906004,  0.        ,  0.        , ..., -0.2542931 ,
         -0.19694839, -0.30584344],
        [-0.26906004,  0.        ,  0.        , ..., -0.2542931 ,
         -0.19694839, -0.30584344],
        ...,
        [-0.01529965,  0.2542931 ,  0.2542931 , ...,  0.        ,
          0.05883834, -0.05368167],
        [-0.07410459,  0.19694839,  0.19694839, ..., -0.05883834,
          0.        , -0.11234216],
        [ 0.0383978 ,  0.30584344,  0.30584344, ...,  0.05368167,
          0.11234216,  0.        ]],

       [[ 0.        , -0.0235569 , -0.11364616, ...,  0.98717296,
          0.98785887,  0.97599251],
        [ 0.0235569 ,  0.        , -0.09021034, ...,  0.98313805,
          0.98392508,  0.97059088],
        [ 0.11364616,  0.09021034,  0.        , ...,  0.96263323,
          0.96380343,  0.94491674],
        ...,
        [-0.98717296, -0.98313805, -0.96263323, ...,  0.        ,
         -0.00435487,  0.0591887 ],
        [-0.98785887, -0.98392508, -0.96380343, ...,  0.00435487,
          0.        ,  0.06353538],
        [-0.97599251, -0.97059088, -0.94491674, ..., -0.0591887 ,
         -0.06353538,  0.        ]],

       [[ 0.        ,  0.00146503,  0.01756285, ...,  0.90613726,
          0.94020346,  0.83229063],
        [-0.00146503,  0.        ,  0.01609803, ...,  0.9055166 ,
          0.93970344,  0.83147762],
        [-0.01756285, -0.01609803,  0.        , ...,  0.8985687 ,
          0.9340763 ,  0.82242648],
        ...,
        [-0.90613726, -0.9055166 , -0.8985687 , ...,  0.        ,
          0.08904836, -0.15026226],
        [-0.94020346, -0.93970344, -0.9340763 , ..., -0.08904836,
          0.        , -0.23770263],
        [-0.83229063, -0.83147762, -0.82242648, ...,  0.15026226,
          0.23770263,  0.        ]]]), 'num': array([7.09033652e-01, 7.05081265e-01, 3.18740836e-07, 4.94048296e-04,
       5.00024687e-04, 4.82095515e-04, 1.13905225e-02, 1.59370418e-05,
       4.98032557e-04, 5.11081010e-04, 4.30964173e-04, 1.52484042e-06,
       5.41462792e-04, 4.80699228e-04])}
{'img': array([[[ 0.00000000e+00,  0.00000000e+00, -4.34441885e-02, ...,
          6.58736242e-01,  4.66180702e-01,  5.93386683e-01],
        [ 0.00000000e+00,  0.00000000e+00, -4.34441885e-02, ...,
          6.58736242e-01,  4.66180702e-01,  5.93386683e-01],
        [ 4.34441885e-02,  4.34441885e-02,  0.00000000e+00, ...,
          6.90800576e-01,  5.04175179e-01,  6.27795430e-01],
        ...,
        [-6.58736242e-01, -6.58736242e-01, -6.90800576e-01, ...,
          0.00000000e+00, -2.32034835e-01, -8.37796709e-02],
        [-4.66180702e-01, -4.66180702e-01, -5.04175179e-01, ...,
          2.32034835e-01,  0.00000000e+00,  1.49725958e-01],
        [-5.93386683e-01, -5.93386683e-01, -6.27795430e-01, ...,
          8.37796709e-02, -1.49725958e-01,  0.00000000e+00]],

       [[ 0.00000000e+00, -1.74324255e-01, -7.81885990e-02, ...,
          2.20276668e-01,  2.83514905e-01,  1.63280696e-01],
        [ 1.74324255e-01,  0.00000000e+00,  9.67991771e-02, ...,
          3.86946262e-01,  4.46345163e-01,  3.32765354e-01],
        [ 7.81885990e-02, -9.67991771e-02,  0.00000000e+00, ...,
          2.95870396e-01,  3.57627299e-01,  2.39920107e-01],
        ...,
        [-2.20276668e-01, -3.86946262e-01, -2.95870396e-01, ...,
          0.00000000e+00,  6.53128135e-02, -5.80503759e-02],
        [-2.83514905e-01, -4.46345163e-01, -3.57627299e-01, ...,
         -6.53128135e-02,  0.00000000e+00, -1.23129102e-01],
        [-1.63280696e-01, -3.32765354e-01, -2.39920107e-01, ...,
          5.80503759e-02,  1.23129102e-01,  0.00000000e+00]],

       [[ 0.00000000e+00,  1.53527748e-02,  3.37946761e-02, ...,
          7.67151465e-01,  7.47370590e-01,  7.27674642e-01],
        [-1.53527748e-02,  0.00000000e+00,  1.84466878e-02, ...,
          7.57212765e-01,  7.37082007e-01,  7.17058065e-01],
        [-3.37946761e-02, -1.84466878e-02,  0.00000000e+00, ...,
          7.45035130e-01,  7.24490256e-01,  7.04078465e-01],
        ...,
        [-7.67151465e-01, -7.57212765e-01, -7.45035130e-01, ...,
          0.00000000e+00, -3.02882920e-02, -5.94278746e-02],
        [-7.47370590e-01, -7.37082007e-01, -7.24490256e-01, ...,
          3.02882920e-02,  0.00000000e+00, -2.91658488e-02],
        [-7.27674642e-01, -7.17058065e-01, -7.04078465e-01, ...,
          5.94278746e-02,  2.91658488e-02,  0.00000000e+00]],

       ...,

       [[ 0.00000000e+00,  0.00000000e+00, -1.49357443e-01, ...,
         -1.96948388e-01, -3.05843437e-01, -3.05843437e-01],
        [ 0.00000000e+00,  0.00000000e+00, -1.49357443e-01, ...,
         -1.96948388e-01, -3.05843437e-01, -3.05843437e-01],
        [ 1.49357443e-01,  1.49357443e-01,  0.00000000e+00, ...,
         -4.83071641e-02, -1.60212368e-01, -1.60212368e-01],
        ...,
        [ 1.96948388e-01,  1.96948388e-01,  4.83071641e-02, ...,
          0.00000000e+00, -1.12342165e-01, -1.12342165e-01],
        [ 3.05843437e-01,  3.05843437e-01,  1.60212368e-01, ...,
          1.12342165e-01,  0.00000000e+00,  0.00000000e+00],
        [ 3.05843437e-01,  3.05843437e-01,  1.60212368e-01, ...,
          1.12342165e-01,  0.00000000e+00,  0.00000000e+00]],

       [[ 0.00000000e+00, -9.02103444e-02, -1.24022248e-01, ...,
          9.83925078e-01,  9.70590884e-01,  9.68640144e-01],
        [ 9.02103444e-02,  0.00000000e+00, -3.40027066e-02, ...,
          9.63803434e-01,  9.44916741e-01,  9.42276371e-01],
        [ 1.24022248e-01,  3.40027066e-02,  0.00000000e+00, ...,
          9.54180513e-01,  9.33240882e-01,  9.30346156e-01],
        ...,
        [-9.83925078e-01, -9.63803434e-01, -9.54180513e-01, ...,
          0.00000000e+00,  6.35353783e-02,  7.14922971e-02],
        [-9.70590884e-01, -9.44916741e-01, -9.33240882e-01, ...,
         -6.35353783e-02,  0.00000000e+00,  7.97505213e-03],
        [-9.68640144e-01, -9.42276371e-01, -9.30346156e-01, ...,
         -7.14922971e-02, -7.97505213e-03,  0.00000000e+00]],

       [[ 0.00000000e+00,  1.60980274e-02,  1.70427560e-02, ...,
          9.39703442e-01,  8.31477618e-01,  8.17604554e-01],
        [-1.60980274e-02,  0.00000000e+00,  9.44858260e-04, ...,
          9.34076303e-01,  8.22426481e-01,  8.08229682e-01],
        [-1.70427560e-02, -9.44858260e-04,  0.00000000e+00, ...,
          9.33738502e-01,  8.21888612e-01,  8.07672925e-01],
        ...,
        [-9.39703442e-01, -9.34076303e-01, -9.33738502e-01, ...,
          0.00000000e+00, -2.37702631e-01, -2.61449683e-01],
        [-8.31477618e-01, -8.22426481e-01, -8.21888612e-01, ...,
          2.37702631e-01,  0.00000000e+00, -2.45213599e-02],
        [-8.17604554e-01, -8.08229682e-01, -8.07672925e-01, ...,
          2.61449683e-01,  2.45213599e-02,  0.00000000e+00]]]), 'num': array([7.08528227e-01, 7.05470902e-01, 2.38853544e-07, 5.09554228e-04,
       5.15525566e-04, 4.93630658e-04, 1.72211813e-02, 1.59235696e-05,
       4.97213461e-04, 5.11445152e-04, 4.32159045e-04, 1.69302321e-06,
       5.40792592e-04, 4.82097711e-04])}
{'img': array([[[ 0.00000000e+00, -4.34441885e-02, -1.86404232e-01, ...,
          4.66180702e-01,  5.93386683e-01,  7.25719508e-01],
        [ 4.34441885e-02,  0.00000000e+00, -1.43545491e-01, ...,
          5.04175179e-01,  6.27795430e-01,  7.54923521e-01],
        [ 1.86404232e-01,  1.43545491e-01,  0.00000000e+00, ...,
          6.22919888e-01,  7.33026511e-01,  8.41244297e-01],
        ...,
        [-4.66180702e-01, -5.04175179e-01, -6.22919888e-01, ...,
          0.00000000e+00,  1.49725958e-01,  3.21308460e-01],
        [-5.93386683e-01, -6.27795430e-01, -7.33026511e-01, ...,
         -1.49725958e-01,  0.00000000e+00,  1.75899843e-01],
        [-7.25719508e-01, -7.54923521e-01, -8.41244297e-01, ...,
         -3.21308460e-01, -1.75899843e-01,  0.00000000e+00]],

       [[ 0.00000000e+00,  9.67991771e-02,  3.00573244e-01, ...,
          4.46345163e-01,  3.32765354e-01,  4.37917074e-01],
        [-9.67991771e-02,  0.00000000e+00,  2.06838671e-01, ...,
          3.57627299e-01,  2.39920107e-01,  3.48836638e-01],
        [-3.00573244e-01, -2.06838671e-01,  0.00000000e+00, ...,
          1.56734360e-01,  3.39343908e-02,  1.47447269e-01],
        ...,
        [-4.46345163e-01, -3.57627299e-01, -1.56734360e-01, ...,
          0.00000000e+00, -1.23129102e-01, -9.39630333e-03],
        [-3.32765354e-01, -2.39920107e-01, -3.39343908e-02, ...,
          1.23129102e-01,  0.00000000e+00,  1.13798863e-01],
        [-4.37917074e-01, -3.48836638e-01, -1.47447269e-01, ...,
          9.39630333e-03, -1.13798863e-01,  0.00000000e+00]],

       [[ 0.00000000e+00,  1.84466878e-02, -3.07196832e-03, ...,
          7.37082007e-01,  7.17058065e-01,  7.13730326e-01],
        [-1.84466878e-02,  0.00000000e+00, -2.15180464e-02, ...,
          7.24490256e-01,  7.04078465e-01,  7.00688441e-01],
        [ 3.07196832e-03,  2.15180464e-02,  0.00000000e+00, ...,
          7.39154575e-01,  7.19195884e-01,  7.15878628e-01],
        ...,
        [-7.37082007e-01, -7.24490256e-01, -7.39154575e-01, ...,
          0.00000000e+00, -2.91658488e-02, -3.39261070e-02],
        [-7.17058065e-01, -7.04078465e-01, -7.19195884e-01, ...,
          2.91658488e-02,  0.00000000e+00, -4.76261511e-03],
        [-7.13730326e-01, -7.00688441e-01, -7.15878628e-01, ...,
          3.39261070e-02,  4.76261511e-03,  0.00000000e+00]],

       ...,

       [[ 0.00000000e+00, -1.49357443e-01, -3.07983158e-01, ...,
         -3.05843437e-01, -3.05843437e-01, -1.95308993e-01],
        [ 1.49357443e-01,  0.00000000e+00, -1.62431146e-01, ...,
         -1.60212368e-01, -1.60212368e-01, -4.66371838e-02],
        [ 3.07983158e-01,  1.62431146e-01,  0.00000000e+00, ...,
          2.24822463e-03,  2.24822463e-03,  1.16236568e-01],
        ...,
        [ 3.05843437e-01,  1.60212368e-01, -2.24822463e-03, ...,
          0.00000000e+00,  0.00000000e+00,  1.14003289e-01],
        [ 3.05843437e-01,  1.60212368e-01, -2.24822463e-03, ...,
          0.00000000e+00,  0.00000000e+00,  1.14003289e-01],
        [ 1.95308993e-01,  4.66371838e-02, -1.16236568e-01, ...,
         -1.14003289e-01, -1.14003289e-01,  0.00000000e+00]],

       [[ 0.00000000e+00, -3.40027066e-02, -1.19082636e-02, ...,
          9.44916741e-01,  9.42276371e-01,  9.44404361e-01],
        [ 3.40027066e-02,  0.00000000e+00,  2.20989182e-02, ...,
          9.33240882e-01,  9.30346156e-01,  9.32678628e-01],
        [ 1.19082636e-02, -2.20989182e-02,  0.00000000e+00, ...,
          9.40952038e-01,  9.38222241e-01,  9.40422124e-01],
        ...,
        [-9.44916741e-01, -9.33240882e-01, -9.40952038e-01, ...,
          0.00000000e+00,  7.97505213e-03,  1.56190319e-03],
        [-9.42276371e-01, -9.30346156e-01, -9.38222241e-01, ...,
         -7.97505213e-03,  0.00000000e+00, -6.41318888e-03],
        [-9.44404361e-01, -9.32678628e-01, -9.40422124e-01, ...,
         -1.56190319e-03,  6.41318888e-03,  0.00000000e+00]],

       [[ 0.00000000e+00,  9.44858260e-04, -2.60494204e-02, ...,
          8.22426481e-01,  8.08229682e-01,  8.39135319e-01],
        [-9.44858260e-04,  0.00000000e+00, -2.69939464e-02, ...,
          8.21888612e-01,  8.07672925e-01,  8.38621014e-01],
        [ 2.60494204e-02,  2.69939464e-02,  0.00000000e+00, ...,
          8.36966167e-01,  8.23295068e-01,  8.53019435e-01],
        ...,
        [-8.22426481e-01, -8.21888612e-01, -8.36966167e-01, ...,
          0.00000000e+00, -2.45213599e-02,  3.00236505e-02],
        [-8.08229682e-01, -8.07672925e-01, -8.23295068e-01, ...,
          2.45213599e-02,  0.00000000e+00,  5.45249279e-02],
        [-8.39135319e-01, -8.38621014e-01, -8.53019435e-01, ...,
         -3.00236505e-02, -5.45249279e-02,  0.00000000e+00]]]), 'num': array([ 7.49217784e-01,  6.62029212e-01,  7.05980335e-06,  5.22087254e-04,
        5.47451817e-04,  5.19973540e-04,  1.96930889e-02, -1.90234222e-05,
        5.25469195e-04,  5.42907332e-04,  4.60261132e-04,  1.79787132e-06,
        5.74578493e-04,  5.11236172e-04])}
{'img': array([[[ 0.        , -0.14354549, -0.17770757, ...,  0.62779543,
          0.75492352,  0.61218476],
        [ 0.14354549,  0.        , -0.03460645, ...,  0.73302651,
          0.8412443 ,  0.71934834],
        [ 0.17770757,  0.03460645,  0.        , ...,  0.75612675,
          0.85945056,  0.74295681],
        ...,
        [-0.62779543, -0.73302651, -0.75612675, ...,  0.        ,
          0.17589984, -0.01989573],
        [-0.75492352, -0.8412443 , -0.85945056, ..., -0.17589984,
          0.        , -0.19545055],
        [-0.61218476, -0.71934834, -0.74295681, ...,  0.01989573,
          0.19545055,  0.        ]],

       [[ 0.        ,  0.28557279,  0.22844607, ...,  0.31951076,
          0.4286201 ,  0.4490792 ],
        [-0.28557279,  0.        , -0.05908837, ...,  0.03560156,
          0.1527604 ,  0.17522121],
        [-0.22844607,  0.05908837,  0.        , ...,  0.09459027,
          0.21088836,  0.23308928],
        ...,
        [-0.31951076, -0.03560156, -0.09459027, ...,  0.        ,
          0.11747985,  0.14005936],
        [-0.4286201 , -0.1527604 , -0.21088836, ..., -0.11747985,
          0.        ,  0.02276763],
        [-0.4490792 , -0.17522121, -0.23308928, ..., -0.14005936,
         -0.02276763,  0.        ]],

       [[ 0.        , -0.02151805, -0.05034582, ...,  0.70407846,
          0.70068844,  0.68041485],
        [ 0.02151805,  0.        , -0.02884341, ...,  0.71919588,
          0.71587863,  0.69602631],
        [ 0.05034582,  0.02884341,  0.        , ...,  0.73893727,
          0.73571996,  0.71644676],
        ...,
        [-0.70407846, -0.71919588, -0.73893727, ...,  0.        ,
         -0.00476262, -0.03279014],
        [-0.70068844, -0.71587863, -0.73571996, ...,  0.00476262,
          0.        , -0.02802971],
        [-0.68041485, -0.69602631, -0.71644676, ...,  0.03279014,
          0.02802971,  0.        ]],

       ...,

       [[ 0.        , -0.16243115, -0.31198455, ..., -0.16021237,
         -0.04663718, -0.04663718],
        [ 0.16243115,  0.        , -0.15351761, ...,  0.00224822,
          0.11623657,  0.11623657],
        [ 0.31198455,  0.15351761,  0.        , ...,  0.15573879,
          0.26733569,  0.26733569],
        ...,
        [ 0.16021237, -0.00224822, -0.15573879, ...,  0.        ,
          0.11400329,  0.11400329],
        [ 0.04663718, -0.11623657, -0.26733569, ..., -0.11400329,
          0.        ,  0.        ],
        [ 0.04663718, -0.11623657, -0.26733569, ..., -0.11400329,
          0.        ,  0.        ]],

       [[ 0.        ,  0.02209892,  0.01931231, ...,  0.93034616,
          0.93267863,  0.92961721],
        [-0.02209892,  0.        , -0.0027872 , ...,  0.93822224,
          0.94042212,  0.93753423],
        [-0.01931231,  0.0027872 ,  0.        , ...,  0.93725413,
          0.9394708 ,  0.93656094],
        ...,
        [-0.93034616, -0.93822224, -0.93725413, ...,  0.        ,
         -0.00641319,  0.00198295],
        [-0.93267863, -0.94042212, -0.9394708 , ...,  0.00641319,
          0.        ,  0.00839609],
